,x1,y1,x2,y2,left_eye_x,left_eye_y,right_eye_x,right_eye_y,confidence,frame_num,face_num,encoding,detection_backend,recognition_model,img_width,img_height,filepath,title,year,imdb_id,season,episode,predicted_name,predicted_tmdb_id,predicted_confidence
0,612,156,714,300,672,216,630,216,0.903,264,0,"[-0.35966917872428894, -0.2566247582435608, 0.23554207384586334, -1.2729665040969849, 1.2768571376800537, 0.2115548700094223, 0.2748931646347046, 1.2467862367630005, 1.0317132472991943, 0.36791157722473145, 0.08258844166994095, -0.9695252180099487, -1.4996155500411987, 0.02358172833919525, 0.4941481649875641, 0.458315372467041, -3.4715099334716797, -0.5132783651351929, -0.6697118282318115, 1.4397552013397217, 0.46135756373405457, 0.2405620664358139, 1.0374016761779785, 1.171691656112671, -0.49804258346557617, -0.2854246199131012, 0.8067965507507324, -1.838762879371643, -2.1509668827056885, 0.055798083543777466, -1.3433146476745605, -0.38618770241737366, -1.4617873430252075, 1.5825203657150269, -0.5421574711799622, 1.2678859233856201, -0.5724616050720215, -0.7574390769004822, 1.9974033832550049, -1.2950714826583862, -0.3842035233974457, -1.2580175399780273, -1.827168583869934, -0.6672616600990295, -0.667137622833252, -0.24165192246437073, -0.6120596528053284, -0.5259451866149902, -0.3473474383354187, -0.023249641060829163, -1.6738698482513428, 0.375211238861084, 1.5065500736236572, -1.0095127820968628, -0.5844150185585022, -2.782628297805786, -0.5529268980026245, 0.7574842572212219, -1.5477516651153564, 0.08241481333971024, -0.598004162311554, 0.4989667534828186, -1.4725621938705444, -0.44352129101753235, 0.47868260741233826, 0.23850080370903015, 0.6998616456985474, -0.7069775462150574, 1.4100425243377686, 1.5788475275039673, 2.004087448120117, -0.7421820163726807, -1.3006843328475952, 1.0057270526885986, -0.4098894000053406, -0.5241258144378662, -1.1382373571395874, 0.8811712265014648, 0.30260711908340454, 1.2859145402908325, 0.15954086184501648, -2.28361439704895, 1.3796212673187256, 1.0993857383728027, 1.4904149770736694, 1.112262487411499, 0.28697332739830017, 0.3135552406311035, -0.26928573846817017, -1.1054978370666504, 1.6749345064163208, -0.6809726357460022, -1.4788941144943237, 1.7456614971160889, -0.558775007724762, 1.320994257926941, -1.933434247970581, -0.10401836037635803, -0.7456012964248657, 0.366629421710968, -1.5792070627212524, -0.39222288131713867, -1.199550747871399, -0.7617955207824707, -1.1707285642623901, -0.8208387494087219, 0.6804546117782593, -1.2758841514587402, -1.5464394092559814, 1.5824182033538818, 0.4453848600387573, -0.5410276651382446, 0.6652932167053223, -0.8500808477401733, 0.7215657830238342, 1.5843133926391602, -0.5876317024230957, -0.14305555820465088, -1.123488426208496, 0.7152019143104553, 0.16868489980697632, -0.25719138979911804, -1.203269124031067, -0.8919179439544678, -1.3179653882980347, -1.6864819526672363, 0.40680456161499023, 0.04838256910443306]",yunet,Facenet,1920,1080,/home/amos/media/tv/modern_family/Modern.Family.S09.1080p.DSNP.WEB-DL.DDP5.1.H.264-CRFW/Modern.Family.S09E17.Royal.Visit.1080p.DSNP.WEB-DL.DDP5.1.H.264-CRFW.mkv,Modern Family,2009,1442437,9,17,Steve Valentine,78311.0,0.777
1,654,180,774,336,750,246,714,246,0.903,384,0,"[-0.1276097446680069, -0.5503045916557312, 0.8512714505195618, -1.37325918674469, 1.3272780179977417, 0.6019908785820007, 0.6097505688667297, 1.8336856365203857, 1.1587647199630737, -0.5416484475135803, 0.3805912137031555, -1.104915976524353, -1.9320372343063354, 0.3159286677837372, -0.3723664879798889, -0.07404117286205292, -2.941072702407837, -0.5428727865219116, 0.01902778074145317, 1.4154555797576904, -0.32108718156814575, 0.5565229058265686, 1.0051448345184326, 0.4076785147190094, -0.568168044090271, -0.44927048683166504, 0.4093862473964691, -1.7548381090164185, -1.8321130275726318, 0.3464401066303253, -2.2572481632232666, 0.048187121748924255, -2.0343680381774902, 0.6772993803024292, -0.766581118106842, 1.6063508987426758, -0.057229019701480865, -0.15182021260261536, 1.9520540237426758, -1.138528823852539, -0.5523927211761475, -0.8291886448860168, -2.5903115272521973, -0.7759429812431335, -0.3270002007484436, 0.4213728904724121, -0.8941997289657593, 0.008491165935993195, -0.6367931365966797, 0.5317585468292236, -0.9486518502235413, 1.1732558012008667, 1.6729449033737183, -1.02383291721344, -1.3951783180236816, -2.5525546073913574, -0.9268816709518433, 0.6270937323570251, -1.5204046964645386, 0.9162884950637817, 0.07578029483556747, 0.4062246084213257, -1.0447860956192017, -0.0030995458364486694, 0.9882568120956421, 0.6927478313446045, 1.3185611963272095, 0.06949926167726517, 1.9058185815811157, 0.9319757223129272, 1.1763540506362915, -0.3780851662158966, -2.0148167610168457, 0.9692663550376892, 0.1617596298456192, 0.05908486992120743, -1.5893664360046387, 1.1762516498565674, -0.2121603786945343, 1.5409271717071533, -0.40273576974868774, -1.4982116222381592, 0.48416343331336975, 0.6610516309738159, 0.676487386226654, 0.615370512008667, 0.673106849193573, -0.26403048634529114, -0.7799651622772217, -1.121911644935608, 1.8458523750305176, 0.07623302191495895, -1.1624598503112793, 1.510819673538208, -1.0005438327789307, 1.9359157085418701, -1.53506600856781, -0.6054632067680359, -0.6878687143325806, 0.7640696167945862, -1.5182151794433594, -0.28633418679237366, -0.86042320728302, -1.452549695968628, -1.7872899770736694, -0.4247838854789734, -0.05380980670452118, -1.5962883234024048, -0.9335945248603821, 0.7478836178779602, 0.36543548107147217, -0.9510543942451477, 0.7754433155059814, -1.0899484157562256, 1.0890705585479736, 2.248279571533203, -1.0013798475265503, 0.43801140785217285, -1.5440359115600586, 1.3961015939712524, -0.9909309148788452, -0.08579831570386887, -1.2026824951171875, -0.9450430870056152, -1.1782927513122559, -1.1177318096160889, -0.3008085787296295, -0.4862208068370819]",yunet,Facenet,1920,1080,/home/amos/media/tv/modern_family/Modern.Family.S09.1080p.DSNP.WEB-DL.DDP5.1.H.264-CRFW/Modern.Family.S09E17.Royal.Visit.1080p.DSNP.WEB-DL.DDP5.1.H.264-CRFW.mkv,Modern Family,2009,1442437,9,17,Steve Valentine,78311.0,0.765
2,540,234,708,450,630,312,576,312,0.915,432,0,"[-0.10850502550601959, -0.3531452417373657, 0.3395259380340576, -0.6582961082458496, 2.9028825759887695, -0.31260064244270325, 2.4105823040008545, -0.0644216239452362, 0.8246335983276367, -0.12872488796710968, -0.590851902961731, -0.18316198885440826, -1.2044817209243774, 0.9668405055999756, 0.16903182864189148, 0.9600133299827576, -0.6341100931167603, -0.8199893832206726, 0.09314820170402527, 0.0954849049448967, -1.045300006866455, 1.5406537055969238, -0.6968804597854614, 0.608858585357666, 1.2400343418121338, 2.018730401992798, 0.5880488157272339, -0.4866049289703369, 0.10195805877447128, -0.9207693338394165, 0.7736901044845581, 1.330714464187622, -1.6924868822097778, 0.9334614276885986, -0.6283166408538818, -0.3504938781261444, 1.4618464708328247, -2.8037703037261963, 0.5092982053756714, -2.1510977745056152, -1.6361247301101685, -0.5919542908668518, -0.9899425506591797, -0.5132688283920288, 0.043827954679727554, -0.3436606228351593, -2.245157480239868, -0.3664422631263733, -0.8652416467666626, 3.3016884326934814, -0.03674391657114029, 0.035923801362514496, -0.9462110996246338, 0.36859774589538574, -1.1648207902908325, -2.221540927886963, -0.4615527391433716, -0.8803139925003052, -0.29300323128700256, 0.2793218493461609, -1.531076431274414, -0.7825250625610352, 1.530239462852478, 0.9151555299758911, -0.9105441570281982, 0.636928915977478, -0.39687979221343994, -0.03464394062757492, 1.448402762413025, 0.20786134898662567, 0.5260776281356812, -2.0875351428985596, 0.10872167348861694, 0.10479855537414551, 0.5876542329788208, -0.8655849099159241, 0.08510372042655945, -0.24856127798557281, 0.4438098073005676, 1.1820924282073975, -1.711532473564148, 1.6640599966049194, -1.1499077081680298, -1.2049568891525269, -0.676136314868927, 0.3543418347835541, 0.1736675202846527, -0.051897354423999786, 0.8983942270278931, 1.3251830339431763, -0.04167301207780838, -0.6626477241516113, -1.3483823537826538, -1.4483532905578613, 0.8019117712974548, 0.5152919292449951, -1.2176897525787354, 0.13530327379703522, -0.2541162669658661, 0.5803506970405579, -0.3938971757888794, 0.8218509554862976, 0.040952734649181366, -1.652337908744812, -0.8932037949562073, 0.17781774699687958, 0.05795539543032646, -0.7248923778533936, -0.6221674680709839, -1.2856166362762451, -0.3469606637954712, 0.21576187014579773, 2.0437779426574707, -1.2900731563568115, 3.2574567794799805, 0.8110338449478149, 0.9190801382064819, 0.20406170189380646, -0.798422634601593, 0.5146998763084412, 0.06770967692136765, -0.728069543838501, 1.7488954067230225, -0.009729546494781971, -0.42860734462738037, -0.6406479477882385, 0.9436372518539429, 0.9596880674362183]",yunet,Facenet,1920,1080,/home/amos/media/tv/modern_family/Modern.Family.S09.1080p.DSNP.WEB-DL.DDP5.1.H.264-CRFW/Modern.Family.S09E17.Royal.Visit.1080p.DSNP.WEB-DL.DDP5.1.H.264-CRFW.mkv,Modern Family,2009,1442437,9,17,Eric Stonestreet,156962.0,0.532
3,1170,312,1332,516,1242,390,1200,390,0.904,432,1,"[-1.155138611793518, -1.1366705894470215, -0.24163378775119781, -0.9032518267631531, 0.17749661207199097, -0.11974173039197922, -0.229281947016716, 0.15548840165138245, 2.8683767318725586, -1.0388566255569458, 1.0387195348739624, -2.0050554275512695, -0.7650867700576782, -0.3023056387901306, -1.0447607040405273, 0.7462005019187927, -0.520991325378418, -0.7541739344596863, -0.9722843170166016, -0.28089192509651184, 1.6380009651184082, 0.6212071776390076, 0.6043707132339478, 0.5956346988677979, -0.19876284897327423, 1.225929856300354, 1.01820707321167, -2.657212257385254, 2.2534115314483643, -0.31517523527145386, -1.1204042434692383, 1.0339632034301758, -0.21209390461444855, 0.23796561360359192, 0.879393994808197, 0.8211572170257568, 0.8311539888381958, -0.7476823329925537, -0.481569766998291, -1.3042328357696533, 0.23156015574932098, -0.31700581312179565, -1.1162059307098389, -0.8506264686584473, -0.4407707154750824, -0.4187171161174774, -0.6514576077461243, -0.1257874220609665, -0.7988517880439758, 0.37800419330596924, 0.05489198863506317, 0.013001035898923874, -1.3367016315460205, 0.21963198482990265, -0.6828925609588623, -0.8374857902526855, 1.4685337543487549, 0.38723084330558777, -0.26850515604019165, -1.2445770502090454, -0.7939316034317017, -0.42809122800827026, -0.35673612356185913, 1.5850281715393066, -0.4514325261116028, 2.1236143112182617, 1.6877325773239136, 0.34047532081604004, 0.2090456485748291, -1.9365168809890747, -0.1747247278690338, -0.7346762418746948, -0.6476328372955322, 0.1550116389989853, 0.29710152745246887, -0.2722814083099365, -0.9159893989562988, -0.07061268389225006, -1.658905029296875, -1.9957249164581299, -2.1104488372802734, 0.6532407999038696, -0.8696662187576294, -0.9023247957229614, -0.38663262128829956, -1.0453530550003052, -0.6515281200408936, 0.22618092596530914, -0.6440771818161011, -0.5204007029533386, 0.24881133437156677, -0.17409223318099976, 0.914851188659668, 0.026161272078752518, -0.4938938021659851, 2.184049367904663, -0.630833625793457, 0.8868611454963684, -0.730898380279541, -1.1518539190292358, -0.6150364279747009, -1.283441185951233, 0.1526418924331665, 0.1096247062087059, 0.3227050006389618, 1.132581353187561, 0.2774151861667633, 0.5535550117492676, 0.7942572832107544, 0.28052231669425964, 0.923993706703186, -1.4003411531448364, 2.2592787742614746, -0.4266504943370819, -0.0844382643699646, 0.8601644039154053, 1.0423119068145752, -1.8065050840377808, -1.407701849937439, 0.6306557059288025, -0.47632908821105957, 0.007439188659191132, 0.328998863697052, -1.300269365310669, 0.46486884355545044, 0.44724389910697937, 0.16909122467041016, -0.7343192100524902]",yunet,Facenet,1920,1080,/home/amos/media/tv/modern_family/Modern.Family.S09.1080p.DSNP.WEB-DL.DDP5.1.H.264-CRFW/Modern.Family.S09E17.Royal.Visit.1080p.DSNP.WEB-DL.DDP5.1.H.264-CRFW.mkv,Modern Family,2009,1442437,9,17,Jesse Tyler Ferguson,204815.0,0.838
4,618,198,834,486,804,306,696,306,0.92,480,0,"[0.9525594711303711, 0.5146058797836304, -0.5987396240234375, 0.28024807572364807, 1.0213373899459839, -0.7658408284187317, 1.9174340963363647, -0.6378148794174194, 0.5156603455543518, 0.18308289349079132, -0.8309533596038818, -0.9367303848266602, -0.6721698641777039, 0.9462839365005493, 0.6769990921020508, 0.5041571855545044, -0.6401453018188477, -1.9444730281829834, -1.0743627548217773, -0.07520663738250732, -0.40360507369041443, 1.7799322605133057, -0.59894198179245, 1.328613042831421, 1.2638463973999023, 1.5006746053695679, 1.3009397983551025, 0.0457821749150753, 1.0806400775909424, -1.3143759965896606, 0.1525886058807373, 1.8301082849502563, -2.053973436355591, 1.8787823915481567, -0.8247029781341553, -1.109444499015808, 0.47539323568344116, -2.321525812149048, 0.8106327056884766, -1.0887432098388672, -0.8275319933891296, -0.5945161581039429, -0.8606300354003906, -1.4222683906555176, -0.37760233879089355, 0.2778991162776947, -1.1963621377944946, -1.014798879623413, -0.6811392903327942, 2.258934497833252, -0.19829954206943512, -0.2121109813451767, -1.1709092855453491, 0.22520194947719574, 0.06618890166282654, -1.6921324729919434, 0.30879470705986023, -0.6506615877151489, -0.7511329054832458, -0.5429418683052063, -1.6649073362350464, -1.241335153579712, 0.9253057837486267, 0.23336629569530487, -1.3198776245117188, 0.5760045647621155, -0.2946549355983734, -0.2678140103816986, -0.08828084170818329, -1.358044981956482, 0.009393144398927689, -1.1766695976257324, 1.7765321731567383, -0.2216455489397049, 0.5455977320671082, -0.16629116237163544, -0.07033291459083557, 0.10403713583946228, 0.6467161178588867, 0.5013124346733093, -1.563589334487915, 2.2061140537261963, -0.40213194489479065, -1.667699933052063, -0.6837238669395447, 0.6824332475662231, -0.5941202640533447, 0.47993844747543335, 1.77711021900177, 0.9138354659080505, 0.6356859803199768, -0.3535382151603699, -0.04506903141736984, -0.6334322690963745, 2.678922176361084, -0.08600745350122452, -0.7063111662864685, 1.4531893730163574, 0.06707976758480072, -0.42333224415779114, 0.32893162965774536, 0.27118054032325745, -0.5816954970359802, -0.25643154978752136, 0.37703824043273926, -0.47458797693252563, 0.9602053165435791, 1.1695036888122559, -0.8550121188163757, -1.2004467248916626, 0.06623154133558273, -0.06644782423973083, 1.6559152603149414, -1.3741681575775146, 1.507540225982666, 0.4773012697696686, 0.6482070684432983, 0.3970443606376648, 0.03181067481637001, 0.31962448358535767, -0.1756611168384552, 0.33795347809791565, 1.062290906906128, -0.9429622888565063, -0.5873916149139404, 0.5820351243019104, 0.03407243639230728, 0.43565765023231506]",yunet,Facenet,1920,1080,/home/amos/media/tv/modern_family/Modern.Family.S09.1080p.DSNP.WEB-DL.DDP5.1.H.264-CRFW/Modern.Family.S09E17.Royal.Visit.1080p.DSNP.WEB-DL.DDP5.1.H.264-CRFW.mkv,Modern Family,2009,1442437,9,17,Eric Stonestreet,156962.0,0.602
5,1200,342,1416,600,1350,450,1248,444,0.911,480,1,"[-1.0857362747192383, -1.7761286497116089, -0.11292693018913269, -0.9332423210144043, 0.20193612575531006, 0.1055346354842186, -0.27159765362739563, 0.26461440324783325, 3.5387585163116455, -1.2035753726959229, 1.576444387435913, -2.1276698112487793, -1.0732861757278442, 0.11086124181747437, -1.6096315383911133, 1.5093728303909302, -0.8926582336425781, -0.11824191361665726, -0.2479461431503296, 0.45599159598350525, 2.049962043762207, 0.2453276664018631, 1.6118817329406738, 0.051966045051813126, 0.6131853461265564, 0.9709046483039856, 0.9005649089813232, -2.7456307411193848, 1.895093321800232, -0.306802898645401, -1.180144190788269, 0.568621039390564, 0.6517361402511597, 1.2362457513809204, 0.15931813418865204, 1.004683017730713, -0.37376493215560913, -0.4438607096672058, -0.7964405417442322, -1.3844083547592163, 0.029295247048139572, -0.03626132011413574, -0.8344763517379761, -0.4724229872226715, -0.38082921504974365, -0.031636811792850494, -1.8874809741973877, 0.19379010796546936, -1.1983774900436401, 0.8991330862045288, 0.28696349263191223, -0.1944548338651657, -1.455572485923767, 0.25224512815475464, -0.631173849105835, -1.0805495977401733, 2.0730807781219482, 0.2336508333683014, -1.320934534072876, -0.869447648525238, 0.3226599097251892, 1.1338716745376587, -0.5815613269805908, 2.0742485523223877, -0.41328567266464233, 1.4028183221817017, 1.1796480417251587, -0.44115957617759705, 0.5490670800209045, -2.034055233001709, -0.326520711183548, -1.514371395111084, -1.0818898677825928, -0.2108372449874878, 1.262078046798706, -0.17930185794830322, -0.7378107309341431, -0.5158931612968445, -0.8764611482620239, -1.5693498849868774, -1.5271333456039429, 0.9047530889511108, -0.08754154294729233, -1.3310743570327759, 0.31569018959999084, -0.9017571210861206, -0.46219533681869507, 1.500675916671753, -0.08332942426204681, -0.4455391764640808, -0.013893894851207733, 0.5118770599365234, 1.5902756452560425, 1.380332112312317, -0.10372300446033478, 1.8175033330917358, -1.3399869203567505, 0.6175987720489502, -2.185316562652588, -1.119773268699646, 0.37137651443481445, -1.840298056602478, 0.03110058605670929, 0.13817444443702698, 0.9797270894050598, 0.40680426359176636, 0.4257921278476715, 0.7853033542633057, 0.0054830461740493774, -0.49120843410491943, 1.5026683807373047, -1.3637909889221191, 1.3286795616149902, 0.011449558660387993, -0.4190332889556885, 0.47945699095726013, 1.2214555740356445, -1.1482534408569336, -0.9934549331665039, 0.14255391061306, -0.07241013646125793, 0.7849926948547363, -0.03619230538606644, -1.0739184617996216, 1.273804783821106, -0.8039664030075073, -0.45606744289398193, -0.12988172471523285]",yunet,Facenet,1920,1080,/home/amos/media/tv/modern_family/Modern.Family.S09.1080p.DSNP.WEB-DL.DDP5.1.H.264-CRFW/Modern.Family.S09E17.Royal.Visit.1080p.DSNP.WEB-DL.DDP5.1.H.264-CRFW.mkv,Modern Family,2009,1442437,9,17,Jesse Tyler Ferguson,204815.0,0.784
6,660,114,810,300,768,186,702,186,0.921,528,0,"[0.9497547149658203, -0.2573157250881195, -1.185283899307251, 1.5161857604980469, 2.435987949371338, -0.7142452001571655, 1.4835823774337769, 0.3289855420589447, 0.9451848268508911, 0.34465256333351135, -1.104081630706787, -0.8416332602500916, -0.5901927351951599, 1.1848182678222656, 0.15709859132766724, -0.5245622992515564, 0.47975844144821167, -1.9778621196746826, -1.2417373657226562, -0.8414773941040039, -1.4199167490005493, 1.2396577596664429, -0.018397748470306396, 2.0774569511413574, 2.038414478302002, 1.1860295534133911, 1.299638271331787, 0.06309283524751663, 1.2250205278396606, -1.7970069646835327, 0.2696397006511688, 0.6434940099716187, -2.018132448196411, 1.2070338726043701, 0.16173377633094788, 0.1202191561460495, -0.33391132950782776, -1.7704416513442993, 0.22488366067409515, -0.6075093746185303, -0.674431324005127, -0.11745797842741013, -0.4651230275630951, -0.9089730978012085, 0.3809235095977783, -0.10247068107128143, -1.057011365890503, 0.01882370188832283, -1.0725141763687134, 1.998762845993042, -0.7489949464797974, 0.549056351184845, -1.0121667385101318, 0.49502938985824585, -0.29069748520851135, -0.5506014227867126, 0.6766597628593445, -1.6208763122558594, -0.6691165566444397, -0.5505069494247437, -1.5779969692230225, -1.1951603889465332, 1.8616408109664917, -0.23685362935066223, -1.6047260761260986, 1.028218150138855, -1.3461217880249023, 0.6119793057441711, -0.3087036907672882, -1.2223204374313354, 0.29596951603889465, -0.8125122785568237, 0.7572162747383118, 0.240810826420784, 0.6736643314361572, -0.9924642443656921, 0.4429164230823517, 0.3928360044956207, 0.519975483417511, 0.5075698494911194, -1.1805307865142822, 1.6842864751815796, -0.5940461158752441, -1.7262109518051147, -0.19923639297485352, 0.76399827003479, 0.017483489587903023, -0.31617459654808044, 2.221727132797241, 1.0527074337005615, 0.3208433985710144, 0.5152370929718018, 0.10216869413852692, -0.25619637966156006, 1.7674705982208252, 0.617814838886261, -0.5954300165176392, 0.8785120248794556, -0.7226764559745789, 0.6836223006248474, -0.10083779692649841, 1.105161190032959, -0.016391217708587646, -1.0080550909042358, 0.7249215245246887, -0.33852189779281616, 0.3911522924900055, 0.042657721787691116, -0.6782150268554688, -1.5536725521087646, 0.06412104517221451, 0.9365850687026978, 1.8434816598892212, -1.469750165939331, 1.348268985748291, 0.4712064564228058, -0.05446304380893707, 0.8792091012001038, 0.6726595163345337, -0.27785348892211914, -0.5225155353546143, -0.03422858938574791, 1.2962157726287842, -1.0091636180877686, -0.1812046468257904, 1.1276111602783203, 0.6790319085121155, 0.010385051369667053]",yunet,Facenet,1920,1080,/home/amos/media/tv/modern_family/Modern.Family.S09.1080p.DSNP.WEB-DL.DDP5.1.H.264-CRFW/Modern.Family.S09E17.Royal.Visit.1080p.DSNP.WEB-DL.DDP5.1.H.264-CRFW.mkv,Modern Family,2009,1442437,9,17,Eric Stonestreet,156962.0,0.599
7,648,132,840,390,786,222,690,228,0.935,552,0,"[1.133726716041565, 0.3185407519340515, -0.47145920991897583, 0.7632650136947632, 1.7922996282577515, -0.9479645490646362, 2.1820030212402344, -0.15481668710708618, 0.24222302436828613, 0.6132527589797974, -0.39257511496543884, -1.1506091356277466, -0.06554955244064331, 0.8235764503479004, 0.6824295520782471, 0.6967675089836121, -0.6463673114776611, -2.3706581592559814, -0.9584661722183228, -0.06035226956009865, -1.0109394788742065, 1.5896281003952026, -0.5428311228752136, 1.7226749658584595, 1.3406429290771484, 1.4303193092346191, 1.80692458152771, 0.521853506565094, 0.8226928114891052, -0.9097585082054138, 0.08193445205688477, 1.5816174745559692, -2.172905683517456, 1.9435722827911377, -0.7740882039070129, -1.3344275951385498, 0.5669509768486023, -2.591134548187256, 0.8049565553665161, -1.0235183238983154, -0.898514986038208, -0.5977563261985779, -0.2568094730377197, -1.0091214179992676, -0.47746941447257996, -0.32808762788772583, -1.0531532764434814, -0.7935181856155396, -0.5518067479133606, 2.276038408279419, -0.2641894221305847, 0.4328095316886902, -0.9590122699737549, 0.450469970703125, -0.6225278973579407, -1.2534836530685425, 1.2532687187194824, -0.7509597539901733, -0.4503859877586365, -0.12494750320911407, -2.107210159301758, -1.1933865547180176, 1.9435396194458008, 0.757670521736145, -1.1269912719726562, 0.13222108781337738, -0.4097694754600525, -0.6114268898963928, -0.4032716155052185, -1.0624631643295288, -0.008264978416264057, -1.5187194347381592, 1.3559601306915283, 0.7932631373405457, 0.06272253394126892, -0.21641770005226135, -0.06064849719405174, 0.3226965367794037, 0.514123797416687, 0.272705078125, -0.9748554825782776, 2.2879436016082764, -0.18623992800712585, -1.4308063983917236, -0.17480844259262085, -0.12033677101135254, -0.20160284638404846, 0.290338397026062, 1.23024320602417, 0.9989027380943298, -0.07117331773042679, -0.37543395161628723, -0.20396724343299866, -0.6388868093490601, 2.2820866107940674, -0.015026869252324104, -1.062390685081482, 0.597781777381897, -0.1913142204284668, -0.5033770203590393, -0.35108286142349243, -0.2617364823818207, -0.4237489104270935, -0.27001458406448364, 0.33062395453453064, -0.033195264637470245, 0.41625362634658813, 0.9717062711715698, -0.7657943964004517, -1.3505581617355347, 0.6333692669868469, -0.08425629138946533, 1.8896903991699219, -0.7778729796409607, 2.055305242538452, 0.18385499715805054, 0.9874447584152222, 0.038027651607990265, 0.23503053188323975, 0.45479902625083923, 0.5092467665672302, -0.4528200328350067, 0.7118135690689087, -0.5727694630622864, -0.7835165858268738, 0.7648155093193054, 0.4147181808948517, -0.08525674045085907]",yunet,Facenet,1920,1080,/home/amos/media/tv/modern_family/Modern.Family.S09.1080p.DSNP.WEB-DL.DDP5.1.H.264-CRFW/Modern.Family.S09E17.Royal.Visit.1080p.DSNP.WEB-DL.DDP5.1.H.264-CRFW.mkv,Modern Family,2009,1442437,9,17,Eric Stonestreet,156962.0,0.56
8,1266,294,1446,534,1362,396,1284,396,0.913,552,1,"[-1.4595308303833008, -1.1380319595336914, -0.06442678719758987, -0.2214471697807312, -0.013476565480232239, -0.1290474832057953, 1.0919755697250366, 0.5410981178283691, 1.9769564867019653, -0.4061630368232727, 1.9285296201705933, -2.1341354846954346, -0.515180766582489, 0.10124655067920685, -1.932159662246704, 0.9685183167457581, -0.34115180373191833, -1.6086891889572144, -1.2391242980957031, -0.9611680507659912, 1.1837140321731567, 0.9353585243225098, 0.7057086229324341, 0.15954259037971497, 0.3163202404975891, 1.7045708894729614, 0.5642035007476807, -1.8364057540893555, 2.396996021270752, 0.14652131497859955, -0.4537462890148163, 1.1029120683670044, -0.28648465871810913, 1.3159456253051758, 1.5049588680267334, -0.013037329539656639, 0.9714275598526001, -0.5624591708183289, 0.4588088393211365, -1.2093137502670288, -0.07861437648534775, 0.6678054928779602, -1.1331405639648438, -1.159199595451355, -0.9805924296379089, -0.5729244351387024, -0.0034132692962884903, -0.0964544415473938, -0.7079797387123108, 1.0862780809402466, -0.07877066731452942, 0.9843602180480957, -1.5480554103851318, 0.16562379896640778, -1.2025425434112549, -0.13322411477565765, 1.7657679319381714, 0.1599932610988617, -0.10426267981529236, -0.6767237782478333, -0.5462818741798401, -0.7348338961601257, -0.14445140957832336, 1.2861887216567993, 0.3562116026878357, 1.5808148384094238, 0.6140590906143188, 2.329258918762207, -0.061489544808864594, -1.4938260316848755, -0.2953275144100189, -0.17373162508010864, -0.4843962788581848, 0.22728045284748077, 0.6945432424545288, 0.6446151733398438, 0.10271695256233215, 0.1104532927274704, -1.4558223485946655, -1.4742780923843384, -2.1713309288024902, 0.7516137361526489, -1.078819751739502, -1.5572301149368286, -0.35609170794487, -1.061457633972168, -0.5646986961364746, 0.29771703481674194, -1.22272527217865, 0.4817585051059723, -0.13021576404571533, 0.40856537222862244, 1.133109450340271, -0.22576981782913208, 0.2752895951271057, 2.269814968109131, -0.8747803568840027, 1.9578733444213867, -0.753826379776001, -1.7582168579101562, -0.09957093000411987, -1.451937198638916, -0.46260911226272583, -0.34518441557884216, 0.28972259163856506, 2.215033769607544, 0.2617948055267334, 0.08214441686868668, 0.09102673828601837, -0.6826889514923096, 1.3307268619537354, -0.6466735005378723, 2.4058873653411865, -0.9544858932495117, 1.181378722190857, 1.0708210468292236, 1.167871117591858, -2.20304012298584, -0.4555042088031769, 1.2634309530258179, -0.021062031388282776, -0.44715744256973267, 0.28659558296203613, -0.41571301221847534, 0.7663723826408386, -0.03161638230085373, -0.09861268848180771, 0.11547304689884186]",yunet,Facenet,1920,1080,/home/amos/media/tv/modern_family/Modern.Family.S09.1080p.DSNP.WEB-DL.DDP5.1.H.264-CRFW/Modern.Family.S09E17.Royal.Visit.1080p.DSNP.WEB-DL.DDP5.1.H.264-CRFW.mkv,Modern Family,2009,1442437,9,17,Jesse Tyler Ferguson,204815.0,0.825
9,432,126,624,384,588,222,480,216,0.924,576,0,"[0.8276115655899048, 0.6608070135116577, -0.7192373871803284, 1.0821478366851807, 1.0201668739318848, -1.0116915702819824, 1.932145118713379, -0.09452180564403534, 0.7485706210136414, 0.6453632712364197, -0.11484851688146591, -1.3389397859573364, -0.24801260232925415, 1.0279759168624878, 0.08321026712656021, -0.03719625249505043, -0.3466143012046814, -2.189474105834961, -1.9165070056915283, -0.08329752087593079, -0.7415964603424072, 1.3152967691421509, -0.04242793843150139, 1.8950148820877075, 1.6073757410049438, 1.6118031740188599, 1.498800277709961, 0.2604018449783325, 0.8086865544319153, -1.6802151203155518, -0.6106297969818115, 1.380330204963684, -2.830115795135498, 1.9834980964660645, -0.2566835880279541, -0.932622492313385, 0.23170313239097595, -2.0918002128601074, 1.145895004272461, -0.689791202545166, -0.8642774820327759, -0.3959598243236542, -0.3798303008079529, -1.2106174230575562, -0.1852383017539978, 0.2730158865451813, -1.1351052522659302, -0.4423173666000366, -0.3480362892150879, 1.8751957416534424, -0.18255923688411713, 0.44251134991645813, -0.9627877473831177, 0.1041996031999588, -0.5797080993652344, -1.0700829029083252, 1.0845683813095093, -0.8004888892173767, -0.4876541495323181, -0.9736523032188416, -1.8389742374420166, -0.9153258204460144, 1.50910222530365, 0.4770144522190094, -1.077265739440918, 0.6436309814453125, -0.9223846197128296, -0.3898509740829468, -0.10725406557321548, -1.7564852237701416, -0.19065016508102417, -0.8593215942382812, 1.6165398359298706, 0.11326231062412262, 0.27266964316368103, -0.8613814115524292, 0.17798137664794922, 0.4688361585140228, 0.37586885690689087, 0.10499143600463867, -1.0333322286605835, 1.4355639219284058, -0.5993019342422485, -1.5398708581924438, -0.6162975430488586, 0.7329858541488647, -0.6201553344726562, 0.06857514381408691, 1.1927413940429688, 0.9405338764190674, 0.9022234082221985, -0.014333766885101795, 0.3769225478172302, 0.008968368172645569, 2.515263557434082, 0.6222450137138367, 0.0868060439825058, 1.0292128324508667, -0.5896746516227722, -0.5924405455589294, -0.11440963298082352, 0.31624120473861694, -0.10965873301029205, -0.18162333965301514, 0.0438774898648262, 0.08569374680519104, 0.5395939350128174, 0.5968979597091675, -1.210372805595398, -1.1627016067504883, 1.057679533958435, 0.1765017807483673, 2.0273358821868896, -0.8136042356491089, 1.7256590127944946, 0.969833254814148, 0.2639860212802887, 0.3392733931541443, 0.3969589173793793, 0.4871196448802948, -0.7822813391685486, -0.2522638738155365, 0.7917840480804443, -1.2936491966247559, -1.3575119972229004, 0.9221838116645813, 0.7586896419525146, -0.3232406973838806]",yunet,Facenet,1920,1080,/home/amos/media/tv/modern_family/Modern.Family.S09.1080p.DSNP.WEB-DL.DDP5.1.H.264-CRFW/Modern.Family.S09E17.Royal.Visit.1080p.DSNP.WEB-DL.DDP5.1.H.264-CRFW.mkv,Modern Family,2009,1442437,9,17,Eric Stonestreet,156962.0,0.522
10,1314,318,1512,564,1476,426,1380,420,0.917,576,1,"[-1.4741460084915161, -1.4752203226089478, -0.6944634318351746, -0.10604867339134216, 0.5554937720298767, -1.1605867147445679, -0.24862626194953918, 0.7784772515296936, 2.224573850631714, -0.5271437764167786, 1.602921962738037, -1.9352648258209229, -0.6910805106163025, -0.22610928118228912, -1.2648704051971436, 0.2861573100090027, -0.35564175248146057, -1.3129823207855225, -1.3795218467712402, -0.13532063364982605, 0.9238578081130981, 0.21028845012187958, 0.7567211985588074, -0.05705560743808746, -0.42154914140701294, 1.6281794309616089, 0.9301574230194092, -1.2621432542800903, 1.9622480869293213, -0.5785645246505737, -1.2793911695480347, 1.1289669275283813, -0.03326248750090599, 0.7146215438842773, 0.6680911183357239, 0.5113651752471924, 0.2077726125717163, -0.635079026222229, -0.38160496950149536, -2.11199688911438, -0.5637805461883545, 0.28072258830070496, -1.1236070394515991, -0.4074190855026245, -0.19229239225387573, -1.3531272411346436, -1.0824990272521973, 0.411116361618042, -0.3291615843772888, 0.508051872253418, 1.065696120262146, 0.8316521048545837, -1.9817653894424438, -0.897209107875824, -0.48742935061454773, 0.020910724997520447, 1.6731590032577515, 0.2713320851325989, -0.18228110671043396, -0.5501176714897156, -0.6491814255714417, 0.2629745602607727, -0.5547087788581848, 1.820206880569458, -0.625606119632721, 2.1554672718048096, 0.3072289824485779, 0.4186139404773712, 0.20969969034194946, -1.66390860080719, -0.45416998863220215, -1.5798531770706177, -0.38842278718948364, 0.31313467025756836, 1.0784022808074951, 0.5251457691192627, -0.875588059425354, -0.4258657991886139, -1.5140479803085327, -2.219353437423706, -1.6120065450668335, 1.3815007209777832, -1.295198678970337, -0.7976096868515015, -0.33841589093208313, -1.7998872995376587, -0.7989162802696228, 0.534163773059845, -0.5926859378814697, -0.5445820093154907, -0.7294948101043701, 0.5054385662078857, 0.8818743228912354, 0.6001380681991577, -0.05676481872797012, 1.557167887687683, -0.9481265544891357, 0.9540866017341614, -1.5687901973724365, -1.532046914100647, -0.10787593573331833, -2.3567380905151367, -0.6395906805992126, -0.32203447818756104, 1.291469931602478, 1.0917322635650635, 1.7307459115982056, -0.4087211787700653, 0.403087854385376, 0.2769390046596527, 1.6080318689346313, -0.8084156513214111, 1.4318857192993164, 0.14587262272834778, 0.6486285328865051, 1.3509957790374756, 0.9875099658966064, -2.0726306438446045, -1.2566070556640625, 1.3127473592758179, 0.215841606259346, -0.2589392066001892, -0.3714609146118164, -0.21886125206947327, 0.4992179274559021, -0.14402636885643005, 0.31067955493927, -0.5570201873779297]",yunet,Facenet,1920,1080,/home/amos/media/tv/modern_family/Modern.Family.S09.1080p.DSNP.WEB-DL.DDP5.1.H.264-CRFW/Modern.Family.S09E17.Royal.Visit.1080p.DSNP.WEB-DL.DDP5.1.H.264-CRFW.mkv,Modern Family,2009,1442437,9,17,Jesse Tyler Ferguson,204815.0,0.85
11,600,156,804,426,792,252,726,252,0.913,600,0,"[0.19784462451934814, -0.761154055595398, -1.228825330734253, 1.0206328630447388, 1.1186864376068115, -1.0013707876205444, 1.1500650644302368, 0.5048763155937195, 0.011127039790153503, 0.5253792405128479, -0.5013907551765442, -0.7873290777206421, -0.6115946173667908, 0.9820816516876221, 0.1393786370754242, 0.014378607273101807, -0.9475885629653931, -1.8783564567565918, -0.35497087240219116, -0.03410174697637558, -1.5042705535888672, 0.9274131059646606, -0.7670932412147522, 1.4146490097045898, 2.0551598072052, 1.5187759399414062, 1.8088058233261108, 0.2881357669830322, 1.2838376760482788, -1.7626516819000244, 0.4336383640766144, 1.6236531734466553, -1.1653306484222412, 1.4256222248077393, -1.0637210607528687, -0.6836948394775391, 0.8634856939315796, -3.1616878509521484, 0.6508044600486755, -1.0059458017349243, -0.35390719771385193, -0.17932969331741333, -0.2810971140861511, -0.9092143774032593, 0.6984291076660156, -0.4887883961200714, -1.702459692955017, 0.2804819643497467, -0.21123148500919342, 1.4996578693389893, -0.19347496330738068, 0.41676580905914307, -1.5898584127426147, 1.3971184492111206, -1.0605381727218628, -1.3262884616851807, 0.6831796765327454, -0.34777864813804626, -0.8377909660339355, -0.07583111524581909, -0.8408271074295044, -1.344984769821167, 1.4463121891021729, 0.4288095533847809, -1.1708909273147583, 1.158939242362976, -0.4713495373725891, -0.24948959052562714, -0.39120587706565857, -1.263956904411316, 0.24678809940814972, -1.7461005449295044, 1.0741026401519775, 1.2733798027038574, 1.2183009386062622, -1.3197240829467773, 1.2173594236373901, 1.2328768968582153, 1.2277058362960815, 1.7193877696990967, -1.7110103368759155, 2.329136610031128, -0.21557140350341797, -2.2882986068725586, -0.9906789064407349, 0.45379868149757385, -1.0301830768585205, 0.3343358635902405, 1.4541621208190918, 1.0718650817871094, -0.16755178570747375, -0.27543067932128906, -0.43039608001708984, -0.27528202533721924, 1.90888512134552, -0.020803768187761307, -1.3101658821105957, 0.9784502983093262, -0.9425098299980164, 0.21466206014156342, -0.4890521168708801, -0.02509653940796852, 0.5334291458129883, 0.2313351184129715, 0.24488049745559692, 0.17752094566822052, 0.9431820511817932, 0.36414703726768494, -1.2422192096710205, -1.0096136331558228, 0.20395347476005554, -0.010207653045654297, 1.8084441423416138, -1.8801486492156982, 1.9972020387649536, 0.6078392267227173, 0.9007222652435303, 0.11224529892206192, 0.17386865615844727, -0.009740618057549, -0.3920068144798279, -0.4517706632614136, 1.1916362047195435, 0.059105828404426575, -0.2779780626296997, 0.8691986203193665, 0.6290093064308167, 1.2079918384552002]",yunet,Facenet,1920,1080,/home/amos/media/tv/modern_family/Modern.Family.S09.1080p.DSNP.WEB-DL.DDP5.1.H.264-CRFW/Modern.Family.S09E17.Royal.Visit.1080p.DSNP.WEB-DL.DDP5.1.H.264-CRFW.mkv,Modern Family,2009,1442437,9,17,Eric Stonestreet,156962.0,0.541
12,1308,258,1500,522,1464,360,1380,360,0.908,600,1,"[-0.8209911584854126, -1.5591248273849487, -1.206594705581665, -1.229504108428955, 0.4500150978565216, -0.7971228957176208, -0.6133691668510437, 0.37726733088493347, 2.6584370136260986, -0.7714213132858276, 1.4762979745864868, -1.961290955543518, -0.0990883931517601, 0.0049483999609947205, -1.2151981592178345, 0.41502827405929565, -0.9952793121337891, -0.6723848581314087, -0.40912559628486633, -0.13594895601272583, 1.1431199312210083, 0.7291176915168762, -0.25233548879623413, -0.6080321669578552, 0.01355024240911007, 1.0199002027511597, 0.3197680711746216, -2.089935302734375, 1.6854280233383179, -0.7668671011924744, -1.0721381902694702, 0.9875705242156982, 0.6358706951141357, 0.5704222321510315, 0.03159449249505997, 1.0723493099212646, 0.5685495138168335, -0.4701181650161743, -0.91206294298172, -2.5822112560272217, 0.29883962869644165, 0.9354051947593689, -1.0986542701721191, -0.39390286803245544, -0.8666730523109436, -1.6571300029754639, -1.730635643005371, 0.7886334657669067, -0.07516057789325714, 0.34596043825149536, 0.9688283205032349, 0.010169032961130142, -2.781660318374634, -0.36888062953948975, -0.544625997543335, -1.1014292240142822, 1.6190931797027588, -0.03718973323702812, -0.6581454277038574, -1.3939989805221558, -0.5183990597724915, 0.6172725558280945, -0.553260862827301, 2.2191829681396484, -0.5186880826950073, 2.2404255867004395, 0.3302918076515198, -0.5536590218544006, 0.7646844983100891, -2.056865930557251, -0.21374213695526123, -2.030383348464966, -1.3574386835098267, -0.5841613411903381, 1.2196518182754517, -0.011216145008802414, -1.1595474481582642, -0.5026766657829285, -0.9723016023635864, -1.7320958375930786, -1.3846853971481323, 1.186630129814148, -0.9444652199745178, -0.3589673936367035, -0.12453485280275345, -0.9766485691070557, -1.084661841392517, 1.6968196630477905, -0.14660152792930603, -0.10849541425704956, 0.12183232605457306, 0.42078226804733276, 1.4785308837890625, 1.049680471420288, -0.4135300815105438, 2.2585220336914062, -0.7147091627120972, 0.17390000820159912, -1.348480463027954, -0.994682252407074, -0.26344287395477295, -1.8412225246429443, -0.008010685443878174, -0.7333680391311646, 0.8784612417221069, 1.0570911169052124, 1.2842971086502075, 0.2875753343105316, 0.4367412030696869, 0.31298667192459106, 1.2908893823623657, -1.7095487117767334, 0.5156471729278564, 0.43560799956321716, 0.41877421736717224, 0.7676835060119629, 1.0292069911956787, -1.9919514656066895, -1.1936073303222656, 0.8077957630157471, -0.5395808815956116, 0.6795499324798584, -0.20802970230579376, -0.3542848527431488, 1.045727014541626, -0.468190997838974, -0.3376607298851013, -0.7646620869636536]",yunet,Facenet,1920,1080,/home/amos/media/tv/modern_family/Modern.Family.S09.1080p.DSNP.WEB-DL.DDP5.1.H.264-CRFW/Modern.Family.S09E17.Royal.Visit.1080p.DSNP.WEB-DL.DDP5.1.H.264-CRFW.mkv,Modern Family,2009,1442437,9,17,Jesse Tyler Ferguson,204815.0,0.807
13,1290,210,1506,492,1482,312,1368,312,0.92,624,0,"[-1.4770151376724243, -2.4131369590759277, -0.603947639465332, -0.11055967211723328, -0.1628352254629135, -0.48924094438552856, -0.4484546482563019, -0.4133547842502594, 2.5850749015808105, 0.44225385785102844, 1.2016737461090088, -1.8746567964553833, -0.5362673401832581, -0.5441731810569763, -1.3443547487258911, 0.49615681171417236, 0.1657537817955017, -1.0816030502319336, -0.5466935038566589, -0.4474473297595978, 1.365102767944336, -0.5278658866882324, 1.3185940980911255, 0.7606397867202759, -0.011702843010425568, 1.3040337562561035, 2.1147549152374268, -2.165219783782959, 1.9275635480880737, -0.9080393314361572, -0.5956497192382812, 0.9400891065597534, 0.6915152072906494, 0.1448928713798523, 0.5418183207511902, 1.1126618385314941, 0.17021748423576355, 0.5135936737060547, -0.4076293706893921, -1.6032836437225342, 0.04441189020872116, 0.3643020689487457, -0.8141988515853882, -0.7171899080276489, -0.1293143928050995, -0.4040965437889099, -1.0242291688919067, 0.4159230589866638, -0.3802756071090698, 0.2780105769634247, 0.2296803593635559, -0.00965878739953041, -1.7265084981918335, 0.07034467160701752, -0.2033131718635559, 0.23903921246528625, 1.1425420045852661, 1.0234179496765137, -1.0640676021575928, -1.3527069091796875, -0.5573428273200989, 0.3446548581123352, -1.0536612272262573, 1.6892277002334595, -0.7660259008407593, 2.2897045612335205, 0.8031929731369019, 0.4196343719959259, 0.6352578997612, -1.5377404689788818, -0.28867000341415405, -1.039384126663208, -0.4589754641056061, 0.19808675348758698, 0.7165430188179016, -0.32948043942451477, -1.2599235773086548, -0.762725830078125, -1.6329834461212158, -2.0734634399414062, -1.8888403177261353, 0.5126692652702332, 0.04124077409505844, -0.771729588508606, -0.5286585092544556, -0.5450303554534912, -0.05076441168785095, 1.0520521402359009, -0.4917219579219818, -0.8064916133880615, -0.4190092384815216, 0.1226121112704277, 1.8945738077163696, 1.4484443664550781, 0.5666346549987793, 2.003117799758911, -1.1618732213974, 1.373043417930603, -1.4055664539337158, -0.951386570930481, -0.21297921240329742, -0.8863897323608398, 0.31528979539871216, -0.5471444725990295, 1.110841155052185, 0.5129309296607971, 1.080110788345337, 0.5869073867797852, 0.5867418646812439, -0.8443480730056763, 0.9462407231330872, -0.8406555652618408, 1.1155740022659302, -0.05854421854019165, -0.991045355796814, 1.7479455471038818, 0.775680422782898, -1.164495587348938, -1.5534396171569824, 0.512294590473175, -0.34550487995147705, -0.06065651774406433, 0.3603871464729309, -0.9321140050888062, 0.901566207408905, 0.16248619556427002, 0.6642997860908508, -0.2781962752342224]",yunet,Facenet,1920,1080,/home/amos/media/tv/modern_family/Modern.Family.S09.1080p.DSNP.WEB-DL.DDP5.1.H.264-CRFW/Modern.Family.S09E17.Royal.Visit.1080p.DSNP.WEB-DL.DDP5.1.H.264-CRFW.mkv,Modern Family,2009,1442437,9,17,Jesse Tyler Ferguson,204815.0,0.841
14,414,138,660,456,642,246,540,252,0.909,624,1,"[0.687323808670044, -0.23948121070861816, -0.9539320468902588, 0.21984362602233887, 0.9473023414611816, -0.33895593881607056, 1.7838103771209717, 0.33005592226982117, 0.01907368376851082, 0.9859126806259155, -0.7997099161148071, -0.8528346419334412, -1.086138129234314, 1.0528643131256104, 0.22783604264259338, 0.7324361801147461, -1.2339987754821777, -2.239408493041992, -0.2588511109352112, -0.3629925549030304, -1.533599853515625, 2.1790108680725098, -0.32686272263526917, 1.5010170936584473, 1.7182908058166504, 1.8958241939544678, 2.1115622520446777, -0.6102616786956787, 1.398011326789856, -1.132201910018921, -0.07395613193511963, 1.9801522493362427, -1.0506232976913452, 1.1480391025543213, 0.07905038446187973, -1.076611042022705, 0.8310927748680115, -2.044156789779663, 0.9866014719009399, -1.124815583229065, -1.1921905279159546, -0.6077495217323303, -1.0506134033203125, -1.1803076267242432, 0.5669826865196228, -0.5191373229026794, -1.9656600952148438, -0.2585483193397522, 0.13482023775577545, 2.071070671081543, 0.37846261262893677, -0.42052051424980164, -0.6696087121963501, 0.35338783264160156, -1.0082159042358398, -1.8413009643554688, 0.22389134764671326, -0.5768064856529236, -0.852306604385376, -0.7506473660469055, -1.793264627456665, -1.2048259973526, 0.6219986081123352, -0.24579089879989624, -1.4233397245407104, 0.7100089192390442, -0.15408247709274292, 0.09458747506141663, 0.5009269714355469, -1.1467974185943604, 0.022906504571437836, -1.7005500793457031, 0.77000892162323, 0.9205541014671326, 0.5967336893081665, -1.2136108875274658, 0.3986031711101532, 0.7288631200790405, 1.025865077972412, 0.9764602184295654, -1.326672077178955, 2.0832109451293945, -0.854713499546051, -1.5720289945602417, -0.6167252659797668, 0.23686352372169495, 0.07946407794952393, 0.46409982442855835, 1.017386555671692, 1.147606372833252, -0.06130894273519516, -0.023949842900037766, -0.28946033120155334, -0.571442723274231, 1.7152200937271118, 0.3338874280452728, -0.6493272185325623, 1.2850302457809448, -0.24976003170013428, 0.02213929407298565, -0.9027826189994812, -0.6510703563690186, 0.07594169676303864, -0.10526193678379059, -0.15549646317958832, -0.19440335035324097, 0.909205436706543, 0.6844016313552856, -0.9294671416282654, -0.8556544780731201, 0.5657532215118408, -0.6833112835884094, 1.6477757692337036, -1.4877490997314453, 1.9567142724990845, 0.8904269933700562, 1.1250494718551636, 0.12841220200061798, 0.1383977085351944, 0.305711567401886, -0.08968165516853333, -0.6429480314254761, 0.3582006096839905, 0.5105934739112854, -0.19478629529476166, 0.8375251293182373, -0.21837779879570007, 0.700252890586853]",yunet,Facenet,1920,1080,/home/amos/media/tv/modern_family/Modern.Family.S09.1080p.DSNP.WEB-DL.DDP5.1.H.264-CRFW/Modern.Family.S09E17.Royal.Visit.1080p.DSNP.WEB-DL.DDP5.1.H.264-CRFW.mkv,Modern Family,2009,1442437,9,17,,,
15,1314,234,1524,510,1416,336,1338,330,0.92,648,0,"[-1.2403099536895752, -0.9217650890350342, -1.0020289421081543, -0.46244117617607117, 1.1551285982131958, -1.2896227836608887, -0.04657920077443123, -0.20260904729366302, 2.6016225814819336, -1.524979591369629, 1.8334107398986816, -1.755388617515564, 0.5152032375335693, -0.6008440256118774, -0.7003720998764038, 0.26306694746017456, -0.9150859117507935, -0.6154283285140991, -1.376452088356018, -1.330216884613037, 0.19567149877548218, 0.732271671295166, 0.01951562613248825, 0.911588728427887, 0.22006839513778687, 1.7485935688018799, 0.6771435737609863, -2.2747836112976074, 2.4306187629699707, 0.380493700504303, 0.06305647641420364, 0.7393259406089783, 0.6483282446861267, 1.0489965677261353, 0.846013069152832, 1.87873113155365, 0.3393799066543579, -0.4453313946723938, -0.44291508197784424, -0.56569504737854, 1.458751916885376, 0.6043703556060791, -0.7262835502624512, -0.27891701459884644, -0.7520946860313416, -0.5241352319717407, -0.011922134086489677, 0.15660519897937775, -0.7325222492218018, -0.25223881006240845, 0.626695990562439, 0.22204186022281647, -1.9167662858963013, 0.6731666922569275, -0.24498671293258667, -0.5816667079925537, 0.8225257396697998, -0.5965651273727417, 0.4546937644481659, -0.8551092743873596, -0.30827808380126953, -1.277189016342163, -1.2791972160339355, 0.24855701625347137, 0.8444162607192993, 1.4562652111053467, -0.3549576699733734, 1.4137433767318726, -0.19457250833511353, -2.1651928424835205, -0.343873530626297, -0.11886361241340637, -1.386916995048523, 0.3995799422264099, -0.21756838262081146, 0.5506236553192139, -0.2362832874059677, 0.11455485224723816, -1.2018332481384277, -2.046797275543213, -1.8066184520721436, 1.376466155052185, -1.032170057296753, -0.487543523311615, 0.14536163210868835, -1.3377883434295654, -0.4595086872577667, 1.2384777069091797, -0.8553516864776611, 0.19990193843841553, -0.1423303782939911, 1.2119040489196777, 1.549472451210022, -0.4268827736377716, -0.8062214851379395, 2.3584558963775635, -0.6696082949638367, 1.2526928186416626, -0.5749139189720154, -1.3707449436187744, -0.49505841732025146, -2.08760666847229, -0.33807820081710815, -0.7699828147888184, -0.3234325647354126, 2.2631783485412598, 0.45721906423568726, 0.6753002405166626, 0.5119720697402954, -0.729050874710083, 0.8349146246910095, -0.9465556740760803, 1.6278457641601562, -1.7542402744293213, 1.4607064723968506, 1.4925968647003174, 1.279992699623108, -2.63089919090271, 0.4925745725631714, 1.4321588277816772, -0.2779707908630371, 0.10205373913049698, 0.7161457538604736, -1.026951551437378, 1.0943797826766968, 0.15389060974121094, -0.25994977355003357, -0.27184244990348816]",yunet,Facenet,1920,1080,/home/amos/media/tv/modern_family/Modern.Family.S09.1080p.DSNP.WEB-DL.DDP5.1.H.264-CRFW/Modern.Family.S09E17.Royal.Visit.1080p.DSNP.WEB-DL.DDP5.1.H.264-CRFW.mkv,Modern Family,2009,1442437,9,17,Jesse Tyler Ferguson,204815.0,0.757
16,324,150,564,510,528,276,468,282,0.905,648,1,"[0.39254137873649597, -1.1721218824386597, -1.153957486152649, 0.7620287537574768, 1.7876030206680298, -1.3371223211288452, 1.2232246398925781, 0.17276795208454132, -0.20319750905036926, 1.5623812675476074, -0.3598890006542206, -1.1583223342895508, -1.6335407495498657, -0.31760069727897644, 0.8136001825332642, 0.01998421922326088, -1.9425358772277832, -1.2702487707138062, -0.41661328077316284, 0.6889548301696777, -0.9206395149230957, 0.8899739384651184, -0.0454908087849617, 1.433410882949829, 1.145462989807129, 1.2599421739578247, 1.5830986499786377, -0.011990778148174286, 0.48618030548095703, -0.55745929479599, 0.5586809515953064, 1.1863510608673096, -1.071471095085144, 1.6317194700241089, -1.0835424661636353, -1.025776743888855, 0.758213996887207, -1.9830212593078613, 0.7738144397735596, -2.072291374206543, -1.112454891204834, -0.8331384658813477, -1.2336747646331787, -1.1802242994308472, 0.23575903475284576, -1.1346474885940552, -1.3766387701034546, 0.9447113275527954, -0.8408293128013611, 1.7012134790420532, 0.7752689719200134, 0.2247564196586609, -0.7864789366722107, 0.42321568727493286, -0.7296640872955322, -1.1670269966125488, 1.0310046672821045, -0.12647868692874908, -0.8295429348945618, 0.49302664399147034, -0.7648447155952454, -1.0478801727294922, 0.1425178349018097, 0.4472733438014984, -0.4025571644306183, 0.3458704948425293, -0.3053797483444214, -0.5364164710044861, -0.5542364716529846, -0.6524773836135864, 0.22034406661987305, -3.254700183868408, 0.4767049252986908, 1.228981614112854, 1.1500914096832275, -0.5201460123062134, 0.1237090528011322, 0.6101092100143433, 0.0485553964972496, 1.099958896636963, -1.6964846849441528, 2.0688536167144775, 0.1641765832901001, -0.9909352660179138, -0.6821042895317078, 0.4237338602542877, -0.10130683332681656, 1.2943474054336548, 1.6534827947616577, 0.3541661202907562, -1.0521421432495117, -0.397761732339859, -0.47244852781295776, 0.39178037643432617, 2.3630340099334717, -1.2995949983596802, -1.2942274808883667, -0.2203758805990219, -0.2198338359594345, 0.17629441618919373, -0.44677072763442993, -0.9249271750450134, -0.6172981858253479, -0.35883405804634094, 0.5070763230323792, -0.6135044097900391, 1.6653553247451782, 0.12945091724395752, 0.33159956336021423, -0.7928776741027832, -0.13160689175128937, -0.824135422706604, 0.6743495464324951, -1.3121376037597656, 1.897733449935913, 0.4709748327732086, 0.5706907510757446, 0.29302170872688293, -0.5105882287025452, 0.8995097875595093, 0.45031023025512695, -0.22163230180740356, -0.5253371000289917, 0.21411184966564178, -0.5792568922042847, 0.7073054313659668, -0.03508064150810242, 0.8581821322441101]",yunet,Facenet,1920,1080,/home/amos/media/tv/modern_family/Modern.Family.S09.1080p.DSNP.WEB-DL.DDP5.1.H.264-CRFW/Modern.Family.S09E17.Royal.Visit.1080p.DSNP.WEB-DL.DDP5.1.H.264-CRFW.mkv,Modern Family,2009,1442437,9,17,,,
17,1398,138,1620,438,1518,252,1422,252,0.918,672,0,"[-1.0730541944503784, -1.2113666534423828, -0.7273308634757996, -0.35076674818992615, 0.5620048642158508, -0.06572763621807098, -0.19229386746883392, 0.12217095494270325, 2.6089980602264404, 0.25144416093826294, 0.9618178009986877, -2.1834747791290283, -0.6378492712974548, -0.2658189535140991, -0.9788870811462402, 0.25620120763778687, -0.6683199405670166, -1.5892517566680908, -1.416682243347168, -0.30267536640167236, 1.6000173091888428, 0.49336355924606323, 1.1457469463348389, 0.999549925327301, 0.28689634799957275, 1.5451613664627075, 1.3468921184539795, -2.5385475158691406, 2.721034049987793, -0.6500611305236816, -0.04587152600288391, 0.5701295137405396, 0.38692644238471985, -0.17271600663661957, 0.3534347116947174, 0.5724687576293945, 0.12696725130081177, 0.29671230912208557, 0.32898473739624023, -1.4719346761703491, -0.0955171063542366, 0.30991142988204956, -1.0803849697113037, -1.1773264408111572, -0.4823276698589325, 0.2993638813495636, -0.5332927703857422, -0.01199357956647873, -0.9162757992744446, 0.3620665669441223, -0.4550797939300537, 0.45593416690826416, -1.827123761177063, 0.289425790309906, -0.589424729347229, -0.8782981038093567, 1.5170356035232544, 0.13815781474113464, -0.36350664496421814, -1.2574007511138916, -0.3986803889274597, -0.4107658267021179, -0.658037543296814, 1.0517888069152832, -0.630377471446991, 1.928427815437317, 0.5015375018119812, 1.314176082611084, 0.46551209688186646, -1.7745455503463745, -1.186965823173523, -0.39725372195243835, -1.1270301342010498, 0.008495248854160309, 0.2753228545188904, 0.3276364207267761, -0.9203206300735474, -0.4747474193572998, -1.3989231586456299, -1.3803346157073975, -2.1301770210266113, 0.6162965297698975, -0.20766544342041016, -0.5097426176071167, -0.2193969488143921, -0.2910655736923218, -0.3575912117958069, 1.0013014078140259, -0.9114460945129395, -0.5980836749076843, 0.7186664342880249, 0.14424744248390198, 2.0808629989624023, 0.5879111886024475, 0.1529027372598648, 2.0353126525878906, -1.066295862197876, 1.7587782144546509, -1.0401520729064941, -1.9016021490097046, -0.8712053894996643, -1.3598438501358032, 0.0002957656979560852, -0.1377253532409668, 0.4915652275085449, 0.782981812953949, 0.2122398018836975, 0.9210242033004761, 0.7863745093345642, 0.29090970754623413, 0.720790684223175, -1.627177119255066, 1.425460696220398, -0.6772233843803406, -0.16649971902370453, 1.6575706005096436, 0.17762570083141327, -1.5942394733428955, -0.6897313594818115, 0.5673314929008484, -0.19089601933956146, 0.6255851984024048, -0.13684596121311188, -0.8826249837875366, 0.8935484290122986, -0.7655166983604431, -0.0448046550154686, -0.288296639919281]",yunet,Facenet,1920,1080,/home/amos/media/tv/modern_family/Modern.Family.S09.1080p.DSNP.WEB-DL.DDP5.1.H.264-CRFW/Modern.Family.S09E17.Royal.Visit.1080p.DSNP.WEB-DL.DDP5.1.H.264-CRFW.mkv,Modern Family,2009,1442437,9,17,Jesse Tyler Ferguson,204815.0,0.814
18,444,114,672,510,636,258,642,258,0.91,672,1,"[-0.6421716213226318, -0.6729463338851929, 0.23789159953594208, -0.6665624380111694, 0.2615495026111603, -0.21652238070964813, -0.15301501750946045, 0.28149449825286865, -0.005067553371191025, 0.05931917950510979, 0.3591403067111969, 0.2540738880634308, 0.32720714807510376, -0.32666003704071045, -0.025765009224414825, -0.18658792972564697, -0.003145769238471985, -0.2088334709405899, 0.4130610525608063, -0.44361552596092224, -0.4292202889919281, -0.0010865493677556515, -0.3833412826061249, 0.4081766605377197, 0.19229255616664886, 0.26908567547798157, 0.7804405689239502, 0.3402933180332184, -0.2054014652967453, -0.43903669714927673, -0.5191347599029541, 0.23128947615623474, -0.2193768322467804, 0.017210662364959717, 0.3721410930156708, 0.19712138175964355, 0.10989613085985184, -0.12270250171422958, -0.03427639603614807, -0.24859631061553955, 0.40738198161125183, 0.15882056951522827, 0.0940428078174591, 0.34049874544143677, -0.39293012022972107, -0.8822129368782043, 0.19908282160758972, -0.3787313997745514, 0.18530796468257904, 0.14223341643810272, -0.6571364998817444, 0.6040904521942139, 0.5397500395774841, -0.43736088275909424, 0.022765621542930603, 0.07318451255559921, 0.4358536899089813, 0.051162395626306534, -0.17378534376621246, -0.6539191603660583, -0.1379561722278595, 0.08565653860569, -0.3174889385700226, 0.5471736788749695, 0.023205479606986046, 0.7946138381958008, 0.038905613124370575, 0.3150108754634857, -0.034724630415439606, -0.07946903258562088, -0.021020740270614624, -0.36378800868988037, 0.05775550752878189, -0.33828848600387573, 0.008797482587397099, -0.22270381450653076, -0.3891008198261261, 0.12146894633769989, -0.09862793982028961, -0.35745763778686523, -0.2722873389720917, -0.22005847096443176, -0.33789172768592834, 0.04642067849636078, 0.598148763179779, 0.20575782656669617, 0.42440709471702576, 0.403469979763031, -0.3441327214241028, 0.7050012946128845, -0.047469787299633026, 0.08777116984128952, -0.22502359747886658, -0.16461166739463806, 0.7816422581672668, 0.4155621826648712, -0.137474924325943, -0.3226640820503235, -0.10240477323532104, 0.09801794588565826, 0.17698271572589874, 0.325212299823761, 0.33103466033935547, -0.6285285949707031, 0.12310095876455307, 0.46519482135772705, 0.11071859300136566, -0.12896521389484406, -0.049580466002225876, -0.757414698600769, 0.38996291160583496, 0.13010144233703613, 0.532020092010498, 0.4090821444988251, 0.022928399965167046, 0.36016708612442017, -0.14581941068172455, 0.39409682154655457, 0.8911725878715515, 0.5344634056091309, -0.28430962562561035, -0.20033541321754456, -0.03297615051269531, 0.11317826062440872, 0.7181488275527954, -0.2991162836551666, 0.9939048886299133, 0.27957865595817566]",yunet,Facenet,1920,1080,/home/amos/media/tv/modern_family/Modern.Family.S09.1080p.DSNP.WEB-DL.DDP5.1.H.264-CRFW/Modern.Family.S09E17.Royal.Visit.1080p.DSNP.WEB-DL.DDP5.1.H.264-CRFW.mkv,Modern Family,2009,1442437,9,17,,,
19,1134,168,1356,480,1284,312,1188,312,0.918,696,0,"[-1.0918045043945312, -1.9884748458862305, -0.03756537660956383, -0.6645212173461914, 1.6955909729003906, -0.6003023982048035, -0.1351417899131775, 0.3886929154396057, 3.186269521713257, 0.013767588883638382, 2.7324864864349365, -3.091167688369751, -1.3039793968200684, -0.600966215133667, -0.8333989381790161, 0.20125937461853027, -0.5530680418014526, 0.4741327166557312, -0.6292680501937866, -0.13053660094738007, 1.1462881565093994, 0.70766681432724, 0.46436595916748047, 0.2166059911251068, 1.020211100578308, 1.3986320495605469, 1.1918139457702637, -2.412482261657715, 1.2259043455123901, -0.37832096219062805, -0.2555004954338074, 1.0288100242614746, -0.09533362835645676, 0.08344737440347672, 0.418766051530838, 1.1272040605545044, 0.994083046913147, 0.3243240416049957, -0.3269572854042053, -1.5621377229690552, -0.017803354188799858, -1.1036845445632935, -0.517985463142395, -0.6192449331283569, -0.8881261944770813, -0.5972060561180115, -1.4899612665176392, 0.28009459376335144, -0.48028212785720825, 0.6466351747512817, 0.7638430595397949, 0.8115826845169067, -1.3302042484283447, 0.9653888940811157, -0.5844557285308838, -1.892695426940918, 1.4171295166015625, -0.26703956723213196, -1.1708530187606812, -1.3307691812515259, 0.22446951270103455, -0.2116367220878601, 0.020684313029050827, 1.0883160829544067, 0.3689819276332855, 1.5522592067718506, 0.7193580865859985, -0.29351750016212463, -0.6824927926063538, -1.057785987854004, -0.46194222569465637, -2.4321506023406982, -0.8416177034378052, -0.8782946467399597, 0.3846547305583954, -0.4463135302066803, -0.4572620391845703, -0.26360994577407837, -1.7421486377716064, -0.08973929286003113, -1.617796778678894, 1.0267293453216553, -0.1568663865327835, -0.15241363644599915, -1.1218491792678833, 0.7586966753005981, -1.5637969970703125, 1.1148755550384521, 0.8708095550537109, -0.8218182921409607, 0.3886142373085022, 0.3824922442436218, 0.9097800850868225, 0.938361406326294, 0.33752748370170593, 1.5863656997680664, -1.028004765510559, 0.08115396648645401, -1.3889546394348145, -1.4960479736328125, 0.1488276720046997, -1.3572494983673096, 0.18640989065170288, -1.0140491724014282, 0.4949374794960022, 1.9141939878463745, 0.45245781540870667, 0.282653272151947, 1.838687777519226, -0.016959574073553085, 0.030298128724098206, -1.7301081418991089, 1.4609363079071045, -0.5034645199775696, 0.684893012046814, -0.35180267691612244, 0.03542809560894966, -2.1586387157440186, -0.8677696585655212, 0.5237863063812256, -1.6473802328109741, 0.24673309922218323, -0.02445460855960846, -1.0883259773254395, 0.8667894601821899, 0.7385009527206421, 0.7522891163825989, -0.05402113124728203]",yunet,Facenet,1920,1080,/home/amos/media/tv/modern_family/Modern.Family.S09.1080p.DSNP.WEB-DL.DDP5.1.H.264-CRFW/Modern.Family.S09E17.Royal.Visit.1080p.DSNP.WEB-DL.DDP5.1.H.264-CRFW.mkv,Modern Family,2009,1442437,9,17,Jesse Tyler Ferguson,204815.0,0.661
20,1260,162,1476,462,1350,276,1278,270,0.916,720,0,"[-0.8418236970901489, -1.3863333463668823, -0.4235190153121948, -0.9211419224739075, 0.7222830057144165, -0.24893081188201904, -0.34251683950424194, -0.4227787256240845, 2.8752994537353516, -0.446628600358963, 1.6715153455734253, -1.9859559535980225, -0.5092804431915283, -1.24562668800354, -1.321931004524231, 0.9650270938873291, -0.6376810073852539, -0.30639010667800903, -1.4882676601409912, -0.43916329741477966, 2.2329816818237305, 0.5127103328704834, 0.8716749548912048, -0.6108070015907288, 0.44675925374031067, 1.271418809890747, 0.7522886991500854, -2.1225171089172363, 1.6693334579467773, -0.2780473828315735, -0.12295204401016235, 1.1873480081558228, 0.11755289882421494, 0.25646132230758667, 0.2281266450881958, 1.070881962776184, 0.5089941024780273, 0.04508300498127937, 0.4477834403514862, -1.1958293914794922, 0.4643884301185608, 0.5712279081344604, -1.2571885585784912, -1.359413981437683, -0.4947497546672821, 0.461717814207077, -1.6913245916366577, 0.6723177433013916, -1.012894630432129, 0.578992486000061, -0.13084113597869873, -0.08367601037025452, -1.9571067094802856, 1.971869707107544, -0.1447923332452774, -1.3495330810546875, 1.3453853130340576, -0.46324342489242554, -1.1633062362670898, -2.3451151847839355, -0.33314239978790283, -0.7893005013465881, -0.22087976336479187, 1.5593572854995728, 0.10203969478607178, 1.1034239530563354, 0.36942511796951294, 0.10436910390853882, -0.4129275679588318, -2.2714102268218994, -1.3872504234313965, -0.03453310579061508, -1.5980254411697388, -0.8530719876289368, 0.9243884086608887, -0.6501501798629761, -1.3902597427368164, 0.17837269604206085, -1.094623327255249, -1.152721643447876, -2.008415937423706, 0.23485639691352844, -0.3847247064113617, -0.807959794998169, -0.8855694532394409, 0.05002790689468384, -1.1704610586166382, 1.3460290431976318, -0.8465272188186646, -0.4601553976535797, 1.0031644105911255, 0.13867829740047455, 1.9270466566085815, 0.5408344864845276, 0.760556697845459, 1.917675495147705, -0.26812928915023804, 0.40680888295173645, -0.7000893354415894, -2.0300652980804443, 0.09357938170433044, -0.5002833008766174, -0.5035009980201721, -0.4309936463832855, 0.25899556279182434, 1.866977572441101, -0.48256781697273254, 0.500969648361206, 0.7146232724189758, -0.022449903190135956, 0.6446587443351746, -1.6185156106948853, 1.2743844985961914, -0.8892170190811157, 0.43630486726760864, 1.687121033668518, -0.1347186416387558, -1.7329362630844116, -1.1277661323547363, -0.1454981118440628, -1.5336817502975464, 0.520969033241272, 1.4741809368133545, -1.673120141029358, 0.7629255056381226, -0.7260022163391113, -0.3502595126628876, 0.06620389223098755]",yunet,Facenet,1920,1080,/home/amos/media/tv/modern_family/Modern.Family.S09.1080p.DSNP.WEB-DL.DDP5.1.H.264-CRFW/Modern.Family.S09E17.Royal.Visit.1080p.DSNP.WEB-DL.DDP5.1.H.264-CRFW.mkv,Modern Family,2009,1442437,9,17,Jesse Tyler Ferguson,204815.0,0.736
21,414,54,666,468,606,204,606,216,0.908,720,1,"[-0.4647810757160187, -0.49141255021095276, -0.22392477095127106, -0.23335406184196472, 0.19210943579673767, 0.28279218077659607, 0.06223301216959953, 0.12231941521167755, 0.3348870575428009, 0.12468284368515015, 0.850200355052948, -0.12918110191822052, 0.3466348648071289, -0.5539547801017761, -0.23837527632713318, 0.1315203458070755, 0.4735756814479828, -0.7132620811462402, 0.08580134809017181, -0.10970612615346909, -0.22351418435573578, -0.08153598010540009, -0.3846109211444855, -0.03498494625091553, 0.0748748630285263, -0.0026967450976371765, 0.9164623022079468, 0.34324902296066284, -0.2423049956560135, 0.024949366226792336, -0.37616628408432007, 0.364505410194397, -0.14213138818740845, -0.18982915580272675, 0.2786494493484497, 0.38716551661491394, 0.05142149329185486, 0.18352296948432922, 0.027832217514514923, -0.009840331971645355, 0.4290350675582886, 0.2142399549484253, -0.4847905933856964, -0.13050740957260132, -0.6078867316246033, -0.8833839297294617, 0.4331625998020172, -0.14065544307231903, 0.22678466141223907, 0.43944036960601807, -0.9011279940605164, 0.2907623052597046, 0.36866775155067444, 0.27911829948425293, -0.25049087405204773, 0.06949847936630249, 0.2043817639350891, 0.24409645795822144, -0.46828851103782654, -0.5563623905181885, -0.5624622702598572, -0.22424010932445526, 0.09617302566766739, 0.6790000796318054, 0.4641978144645691, 0.3145773112773895, -0.024117283523082733, 0.5764591693878174, 0.32745060324668884, -0.2068842351436615, -0.09711790084838867, -0.08493182808160782, -0.17406922578811646, 0.0524878054857254, -0.056428443640470505, -0.04476719722151756, -0.04138194024562836, 0.08648063242435455, -0.022956714034080505, -0.04795066639780998, -0.48056653141975403, -0.5967200994491577, 0.11359561234712601, -0.2169872373342514, 0.5420550107955933, 0.3223269581794739, 0.6937983632087708, 0.10254250466823578, -0.7012224197387695, 0.5491746068000793, 0.12145569175481796, -0.1794779896736145, 0.07671552896499634, -0.18258297443389893, 0.5689904093742371, 0.7297206521034241, -0.48513057827949524, -0.035496532917022705, -0.4950267970561981, 0.06100085377693176, 0.005404390394687653, 0.9008584022521973, 0.2808394134044647, -0.3956739008426666, 0.11133290082216263, 0.5387824177742004, 0.026032622903585434, -0.33086031675338745, 0.08723901212215424, -0.9583007097244263, 0.4812801480293274, 0.03970424830913544, 0.26852864027023315, 0.4395398795604706, -0.24120134115219116, 0.33984309434890747, -0.24719589948654175, 0.23708245158195496, 0.6828789114952087, 0.6030617356300354, -0.2474733144044876, -0.06541378051042557, 0.18522396683692932, -0.17312121391296387, 0.3166728615760803, -0.011824481189250946, 0.7032086253166199, 0.676213800907135]",yunet,Facenet,1920,1080,/home/amos/media/tv/modern_family/Modern.Family.S09.1080p.DSNP.WEB-DL.DDP5.1.H.264-CRFW/Modern.Family.S09E17.Royal.Visit.1080p.DSNP.WEB-DL.DDP5.1.H.264-CRFW.mkv,Modern Family,2009,1442437,9,17,,,
22,1200,186,1416,474,1284,288,1224,282,0.915,744,0,"[-0.7971926927566528, -1.8275680541992188, -0.830806314945221, -0.8320251107215881, -0.43230706453323364, -0.451423317193985, -1.0315237045288086, 0.5102223753929138, 2.5650506019592285, -0.2747240960597992, 0.8333645462989807, -1.7741645574569702, -0.4624001383781433, -0.23647907376289368, -0.8090997934341431, 0.7907395362854004, -0.8611327409744263, -0.6656010150909424, -0.8015530109405518, 0.1166573315858841, 1.5280627012252808, 0.6368390321731567, 1.0582432746887207, 0.2238871455192566, 0.47137486934661865, 0.6685866117477417, 0.6549756526947021, -2.2086896896362305, 2.585597038269043, -0.49244925379753113, -0.02455780655145645, 0.8672084808349609, 0.2985813319683075, 0.5259497165679932, -0.16169723868370056, 0.5894286036491394, 0.7530749440193176, 0.16283634305000305, -0.13697126507759094, -1.0470141172409058, 0.15406371653079987, 1.009717583656311, -0.821387529373169, -1.3249232769012451, -0.041112616658210754, 0.4572235643863678, -1.447283148765564, 0.6670677661895752, -0.7191509008407593, 0.6321796178817749, -0.6498498320579529, 0.32528477907180786, -2.033447265625, 1.6524577140808105, -1.3219043016433716, -1.0012842416763306, 1.312246561050415, 0.9976685047149658, -2.192544937133789, -1.7402745485305786, -0.12984424829483032, 0.11051216721534729, -0.9840489625930786, 2.2060182094573975, -0.5197737216949463, 1.5914684534072876, 1.4089462757110596, 0.20989269018173218, 0.15867739915847778, -2.817594528198242, -0.3597939610481262, -0.06134951114654541, -1.2805014848709106, 0.05215013027191162, 0.7570278644561768, -1.007240653038025, -1.2179242372512817, -0.5120466351509094, -1.4819958209991455, -1.173588752746582, -2.091470956802368, 0.19915851950645447, 0.30944859981536865, -0.9251259565353394, -0.8902391791343689, -0.9025555849075317, -1.00686776638031, 1.2205798625946045, -0.7814633846282959, -1.127487301826477, 0.23229993879795074, -0.5240949988365173, 1.6954076290130615, 1.3208270072937012, 0.5783553123474121, 1.9046016931533813, -1.097415566444397, 1.3537427186965942, -0.7077318429946899, -1.7206286191940308, 0.18478941917419434, -0.3014933466911316, -0.0071923211216926575, -0.039937861263751984, 0.2813718616962433, 1.6070517301559448, -0.06038326770067215, 0.07125406712293625, 0.39555656909942627, -0.253429114818573, 0.587651789188385, -1.2987701892852783, 1.3547663688659668, -1.10823392868042, -0.11970547586679459, 1.6426525115966797, 0.4604575037956238, -1.820017695426941, -1.8981214761734009, -0.0641007050871849, -1.028083086013794, 0.7648313045501709, 0.6880902051925659, -1.3941941261291504, 0.7339069247245789, -0.4226439595222473, -0.6872156858444214, 0.18774855136871338]",yunet,Facenet,1920,1080,/home/amos/media/tv/modern_family/Modern.Family.S09.1080p.DSNP.WEB-DL.DDP5.1.H.264-CRFW/Modern.Family.S09E17.Royal.Visit.1080p.DSNP.WEB-DL.DDP5.1.H.264-CRFW.mkv,Modern Family,2009,1442437,9,17,Jesse Tyler Ferguson,204815.0,0.736
23,1236,216,1488,540,1350,324,1260,324,0.916,768,0,"[-0.9070097208023071, -2.0615296363830566, -0.8262820243835449, -0.6468870043754578, 0.4043162167072296, -0.026970423758029938, -0.8220349550247192, 1.1652377843856812, 2.2848336696624756, -0.5878216028213501, 1.5785322189331055, -1.8710243701934814, -1.1348698139190674, -0.8859509229660034, -0.8131660223007202, 0.710492730140686, -0.1870225965976715, -0.7775751352310181, -0.9885169267654419, -0.3382594585418701, 0.908867359161377, -0.03221261501312256, 1.1495336294174194, -0.18748658895492554, -0.4325979948043823, 0.2680884003639221, 0.2663883864879608, -1.3584989309310913, 1.673195719718933, 0.018541274592280388, -0.010476857423782349, 0.6051907539367676, -0.12782742083072662, 0.17413866519927979, -0.27106502652168274, 1.3288942575454712, -0.20416539907455444, 0.05583425611257553, -1.0063667297363281, -0.8314725160598755, 0.06585405021905899, 0.32721981406211853, -0.7955597639083862, -0.9396295547485352, 1.2643362283706665, -0.1288955807685852, -0.5716351866722107, 1.5433062314987183, -0.8050802946090698, 0.7588576078414917, -0.7132078409194946, 0.632416844367981, -1.6619619131088257, 1.824783444404602, -1.723828911781311, -0.5110321044921875, 1.370667576789856, 0.9585551023483276, -2.287722110748291, -1.1755549907684326, -0.7103257179260254, 0.2107386440038681, -0.10697846114635468, 2.60986328125, -0.007189072668552399, 0.9718302488327026, 1.1484572887420654, 0.08759526163339615, -0.04659688472747803, -2.88248872756958, -0.49368494749069214, -0.5474024415016174, -1.5213391780853271, 0.37191712856292725, 0.9326052665710449, -0.7453517317771912, -1.8714286088943481, -0.3129037022590637, -1.534361720085144, -0.8877593874931335, -1.7470850944519043, 0.2859577536582947, -0.0441194623708725, -2.044461965560913, -1.0114251375198364, -1.1946691274642944, -1.0744236707687378, 1.5143941640853882, -0.01466914638876915, -1.0464584827423096, -0.06865871697664261, -0.16420581936836243, 1.7796440124511719, 1.4999300241470337, 0.7749837636947632, 2.028362274169922, -1.7029967308044434, 0.5470677614212036, -1.0801582336425781, -0.45521482825279236, 0.6698921918869019, -0.6606032848358154, -0.1776965856552124, -0.140781432390213, 0.40846240520477295, 1.3337068557739258, -0.01944504678249359, -0.09056778252124786, 1.0557163953781128, -0.554419219493866, -0.05360914766788483, -0.6659628748893738, 1.072957158088684, -0.4585639238357544, -0.3408603072166443, 0.9631937742233276, 0.5203008651733398, -1.8070604801177979, -1.9394949674606323, -0.22894679009914398, -1.2887580394744873, 0.6868020296096802, 0.7501155734062195, -1.3057167530059814, 0.6832388639450073, -0.09141390025615692, -0.34620240330696106, -0.28219518065452576]",yunet,Facenet,1920,1080,/home/amos/media/tv/modern_family/Modern.Family.S09.1080p.DSNP.WEB-DL.DDP5.1.H.264-CRFW/Modern.Family.S09E17.Royal.Visit.1080p.DSNP.WEB-DL.DDP5.1.H.264-CRFW.mkv,Modern Family,2009,1442437,9,17,Jesse Tyler Ferguson,204815.0,0.682
24,1236,228,1488,576,1332,348,1254,354,0.924,792,0,"[-0.22168955206871033, -1.0750240087509155, -0.6274222731590271, -1.3842520713806152, -0.11866971850395203, 0.7853437066078186, -1.1934893131256104, 0.6277689337730408, 3.2398900985717773, -0.9302438497543335, 1.0303584337234497, -1.6881673336029053, -0.7637425661087036, -0.12254078686237335, -0.7475087642669678, 0.6685115694999695, -0.2571637034416199, -1.632439136505127, -0.5561820864677429, 0.26325035095214844, 1.484683632850647, 0.9394004344940186, 2.1061971187591553, 0.4793381989002228, 0.45881229639053345, 1.6331912279129028, 0.8682645559310913, -3.0399646759033203, 3.041320562362671, -0.6070466637611389, -0.7817248106002808, 0.8582253456115723, 0.22427035868167877, 0.386800616979599, 0.6264435052871704, 0.9365230798721313, 0.7303774356842041, 0.6291928887367249, 0.0395236611366272, -0.9613548517227173, -0.24935221672058105, 0.26532217860221863, -1.845669150352478, -1.4876219034194946, -0.381089985370636, 0.3008366823196411, -1.1782491207122803, 0.02211906388401985, -0.6522533893585205, 1.1082899570465088, 0.3208560347557068, -0.05397941544651985, -1.230485200881958, 0.3186779022216797, -0.47919759154319763, -1.562172532081604, 1.463037371635437, 0.5707123279571533, -1.0257925987243652, -1.6784263849258423, -0.3759218454360962, -1.074962854385376, -0.16313841938972473, 0.8675632476806641, -1.2738800048828125, 0.954163134098053, 1.161391019821167, -0.006155697628855705, 0.32824626564979553, -2.9894161224365234, -0.9804360270500183, -0.7488951683044434, -1.689720869064331, 0.17168845236301422, 0.5325779318809509, -0.3505968451499939, -1.6861966848373413, -0.44127124547958374, -1.1254342794418335, -2.1681368350982666, -1.9640734195709229, 0.6935513019561768, -0.3389345407485962, -0.7544995546340942, -0.9486819505691528, -0.5848184823989868, -0.2142695039510727, 0.9986976385116577, -0.5909645557403564, -0.9982510805130005, -0.06681137531995773, -0.4053812026977539, 1.642793893814087, 0.18764179944992065, 0.36413589119911194, 2.5781142711639404, -0.9756107330322266, 1.0789246559143066, -1.1902613639831543, -1.7433326244354248, -0.17642052471637726, -1.4256523847579956, -0.4273301362991333, 0.39943647384643555, -0.016298644244670868, 1.1120200157165527, -0.021013613790273666, 0.7319689989089966, 1.089201807975769, -0.20832782983779907, 0.6541500687599182, -1.8473929166793823, 1.8673462867736816, -1.1363983154296875, 0.17569029331207275, 1.059264063835144, 0.14079715311527252, -2.4562273025512695, -0.8544377088546753, -0.22605760395526886, -1.10025954246521, 0.002084234729409218, -0.16165471076965332, -1.3640161752700806, 0.8089292645454407, 0.25288888812065125, -0.5027442574501038, -0.5165853500366211]",yunet,Facenet,1920,1080,/home/amos/media/tv/modern_family/Modern.Family.S09.1080p.DSNP.WEB-DL.DDP5.1.H.264-CRFW/Modern.Family.S09E17.Royal.Visit.1080p.DSNP.WEB-DL.DDP5.1.H.264-CRFW.mkv,Modern Family,2009,1442437,9,17,Jesse Tyler Ferguson,204815.0,0.764
25,414,90,702,516,654,246,636,252,0.909,792,1,"[0.009233854711055756, -0.22226327657699585, -1.7715294361114502, 1.1140962839126587, 0.8359735012054443, -0.8958085179328918, 0.6349000930786133, 1.2630925178527832, -0.9189161658287048, 0.5667152404785156, -0.9131297469139099, -1.11006760597229, -0.5152824521064758, 1.3304436206817627, 1.3444112539291382, -0.2003830075263977, -1.1234560012817383, -1.9720466136932373, -0.6063292026519775, 0.9186979532241821, -1.4260995388031006, 1.0476820468902588, -0.7282496690750122, 1.859100103378296, 1.9390147924423218, 0.1604713797569275, 1.4564836025238037, 0.242425337433815, 0.603919506072998, -1.137827754020691, 0.245160311460495, 1.1512839794158936, -1.3495529890060425, 2.192014217376709, -1.6439120769500732, -0.4460504949092865, -0.07862114906311035, -1.8728693723678589, -0.05431993305683136, -0.28056177496910095, -0.9260835647583008, 0.3262025713920593, -0.10124889016151428, -0.00770549476146698, 0.3217513859272003, -0.4968983232975006, -0.9900151491165161, 0.8923070430755615, 0.19370193779468536, 0.683347225189209, -0.3600962162017822, 0.8532888293266296, -0.6528172492980957, 0.9421855211257935, -1.123585820198059, -1.6582748889923096, 0.15410099923610687, -0.17692959308624268, -1.077215552330017, 0.645638644695282, -0.6730382442474365, 0.5725609064102173, -1.0378628969192505, 0.7277488708496094, -0.1200881227850914, -0.17851115763187408, -0.6429828405380249, -0.5143933892250061, -0.6394742131233215, -1.3740227222442627, 0.5111489295959473, -1.30715012550354, 1.3056435585021973, 1.6349245309829712, 0.7938168048858643, -0.09654882550239563, 1.1686307191848755, 0.948384702205658, 0.817095160484314, 1.9455338716506958, -1.193581461906433, 2.2931764125823975, -0.6041899919509888, -1.0721529722213745, 0.1240159124135971, 0.4957418739795685, -0.002538038417696953, 0.007891297340393066, 0.7117584943771362, 0.44109290838241577, 0.40977349877357483, 0.9699930548667908, -0.745539665222168, 0.2737150192260742, 1.6980901956558228, 0.22056320309638977, -1.2401927709579468, 0.7312865257263184, -0.4037310481071472, 0.37627822160720825, -0.14557862281799316, -0.9640548229217529, -0.8283251523971558, -0.0508507676422596, 0.3168680667877197, -1.453683614730835, 0.9934610724449158, 0.028256841003894806, -0.2712436616420746, -1.4700630903244019, -0.2490808665752411, -1.4258325099945068, 1.1058456897735596, -1.1461420059204102, 1.0198335647583008, 0.6533108949661255, 0.6686797142028809, 0.7548137903213501, 0.2219437062740326, 1.6072934865951538, 0.571876585483551, -0.19914467632770538, -1.110896110534668, 0.027205731719732285, -0.503068208694458, 0.5378261804580688, 0.4087953269481659, 0.4282342791557312]",yunet,Facenet,1920,1080,/home/amos/media/tv/modern_family/Modern.Family.S09.1080p.DSNP.WEB-DL.DDP5.1.H.264-CRFW/Modern.Family.S09E17.Royal.Visit.1080p.DSNP.WEB-DL.DDP5.1.H.264-CRFW.mkv,Modern Family,2009,1442437,9,17,,,
26,564,126,870,528,750,276,618,282,0.918,816,0,"[1.149187445640564, -0.5651383399963379, -0.915625274181366, 0.3874861001968384, 2.17409086227417, -0.5620751976966858, 1.6604739427566528, -0.5396772623062134, 0.7371165156364441, 0.4247278571128845, -0.6433778405189514, -0.6603665947914124, -0.9847960472106934, 1.3924102783203125, -0.31753700971603394, 0.8513810038566589, 0.4585706293582916, -1.95189368724823, -1.3337597846984863, -0.010903733782470226, -0.22208622097969055, 1.534102201461792, 0.1692846715450287, 1.2997686862945557, 1.5752702951431274, 1.2298403978347778, 1.5699158906936646, -0.7004273533821106, 1.7400542497634888, -0.9237597584724426, 1.0286200046539307, 1.4178727865219116, -1.3078408241271973, 1.5814149379730225, -1.1903048753738403, -0.4368933439254761, 0.3099137842655182, -1.592208981513977, 0.9280917644500732, -1.6320093870162964, -1.035704255104065, -0.10625406354665756, -1.0331549644470215, -1.5069583654403687, 0.07325568050146103, -0.4361003041267395, -1.5633049011230469, -0.6976175308227539, -0.6586302518844604, 2.708353281021118, -0.7000328302383423, -0.22266443073749542, -0.9189394116401672, 0.36073869466781616, -0.3265528380870819, -1.0361051559448242, 0.4963364899158478, -1.0545467138290405, -0.2843812108039856, 0.05172174423933029, -1.9195133447647095, -1.1692359447479248, 1.7269679307937622, 0.7511281967163086, -1.2134226560592651, 0.5146021842956543, -0.24399709701538086, 0.09184867888689041, -0.3436710834503174, -0.5167983770370483, -0.40135887265205383, -0.3451673984527588, 0.747230052947998, -0.08676859736442566, 1.047309398651123, -1.3147255182266235, -0.06310345232486725, -0.510027289390564, 0.5629259347915649, 0.030317768454551697, -2.224177837371826, 1.8834975957870483, -0.09371812641620636, -1.3892589807510376, -0.9892356395721436, 1.5561680793762207, -0.5974550247192383, -0.34057027101516724, 1.874548077583313, 0.33117905259132385, 0.7051578164100647, 0.42397892475128174, -0.4557381868362427, -0.8795799612998962, 2.676971197128296, -0.11679837107658386, -1.0044655799865723, 0.3020872473716736, -0.3348202705383301, -0.4152648448944092, 0.13845939934253693, 1.0521221160888672, -0.7402961850166321, -0.8239999413490295, 0.9777347445487976, -0.13017353415489197, 0.4018632471561432, -0.12642119824886322, -0.7924599647521973, -1.4566911458969116, -0.11245782673358917, 0.6756030917167664, 1.834570288658142, -0.954326331615448, 1.8255012035369873, 0.13420528173446655, 0.06919171661138535, 0.7423276305198669, -0.6081521511077881, -0.08575969934463501, -0.06394264101982117, 0.15681685507297516, 2.039334297180176, -1.2745678424835205, -0.7072547078132629, 0.11836250871419907, 0.6652127504348755, 0.020803283900022507]",yunet,Facenet,1920,1080,/home/amos/media/tv/modern_family/Modern.Family.S09.1080p.DSNP.WEB-DL.DDP5.1.H.264-CRFW/Modern.Family.S09E17.Royal.Visit.1080p.DSNP.WEB-DL.DDP5.1.H.264-CRFW.mkv,Modern Family,2009,1442437,9,17,Eric Stonestreet,156962.0,0.656
27,1212,228,1428,528,1296,330,1224,330,0.908,840,0,"[-1.22028386592865, -1.500596046447754, -0.8554502129554749, -0.024458684027194977, 0.7880301475524902, -0.1018855944275856, -0.6495963931083679, 0.8493562936782837, 3.4457104206085205, -0.7731888294219971, 0.7668820023536682, -1.404164433479309, -1.0949921607971191, 0.16453126072883606, -0.5199317932128906, 0.6447350382804871, -0.2263363003730774, 0.25836390256881714, -0.5337932109832764, 0.10575847327709198, 0.32732558250427246, 1.1143524646759033, 0.876512885093689, 0.175035297870636, 0.13640105724334717, 1.1484140157699585, 0.12334282696247101, -2.456406593322754, 1.7079106569290161, -0.7910144329071045, -0.2483605146408081, -0.12138292193412781, -0.252523273229599, 0.024631641805171967, 0.17080537974834442, 1.4251190423965454, -0.07229816913604736, 0.6935057640075684, -0.7504962682723999, -0.7913552522659302, 0.12925757467746735, -0.1249421238899231, -0.6322740316390991, -0.9896811842918396, 0.9774569272994995, 0.759236752986908, -0.9176051020622253, 0.7895402908325195, -0.6921356916427612, 1.384208083152771, -0.6070911884307861, 1.187865972518921, -1.9563041925430298, 0.6743150353431702, -1.436030626296997, -0.8452306389808655, 1.5907844305038452, 0.9386036992073059, -1.7946662902832031, -0.965253472328186, 0.20840385556221008, 0.5401172041893005, -0.7723526358604431, 2.3888142108917236, 0.6219755411148071, 0.8797081708908081, 1.1225311756134033, 0.32862091064453125, 0.3032948076725006, -2.8316891193389893, -0.0751212015748024, -1.219809889793396, -1.5079984664916992, -0.029085062444210052, 1.3275725841522217, -1.431614637374878, -1.2824125289916992, -1.1902477741241455, -2.078660011291504, -0.8377927541732788, -1.6119688749313354, 0.1312488615512848, 0.4691879451274872, -1.1266353130340576, -1.3361824750900269, -0.4448480010032654, -0.8355459570884705, 2.1721432209014893, -0.6122181415557861, -1.4991199970245361, -0.1681557297706604, -0.16280220448970795, 2.4081389904022217, 0.567444920539856, 0.26226526498794556, 1.2048803567886353, -1.1016204357147217, 1.5891488790512085, -1.0858469009399414, -0.1047353744506836, 0.16167736053466797, -0.08169624954462051, -0.3975237011909485, -0.21138930320739746, 0.18378788232803345, 0.8016431927680969, 0.31755760312080383, 0.0236535482108593, 0.9244465827941895, -0.9523059129714966, -0.07055600732564926, -0.3981657028198242, 1.4896209239959717, -0.457568883895874, -0.07612863183021545, 0.41510072350502014, 0.6407766342163086, -0.5756695866584778, -0.7483949661254883, 0.5068313479423523, -1.3818105459213257, 0.9964755773544312, 0.5659975409507751, -1.4664561748504639, 0.7602706551551819, -0.25344687700271606, -0.3378950357437134, 0.8330496549606323]",yunet,Facenet,1920,1080,/home/amos/media/tv/modern_family/Modern.Family.S09.1080p.DSNP.WEB-DL.DDP5.1.H.264-CRFW/Modern.Family.S09E17.Royal.Visit.1080p.DSNP.WEB-DL.DDP5.1.H.264-CRFW.mkv,Modern Family,2009,1442437,9,17,Jesse Tyler Ferguson,204815.0,0.695
28,294,54,588,522,534,228,516,246,0.904,840,1,"[0.24110203981399536, -0.50434410572052, -1.0421479940414429, -0.28277769684791565, 0.34732896089553833, 0.5121800303459167, -0.48739421367645264, 1.1082029342651367, -0.057488441467285156, 0.5015109777450562, 0.09805180877447128, -0.38784652948379517, -0.7185823321342468, 0.5472575426101685, 0.25361496210098267, -0.38888102769851685, 0.46902570128440857, -1.8089592456817627, -0.05681172013282776, 0.06326277554035187, -1.1742172241210938, 0.4458615779876709, 0.04946712404489517, 1.0694693326950073, 0.6573971509933472, 0.21042367815971375, 0.7985174655914307, 0.5486925840377808, -0.09743408858776093, -0.9616219997406006, -0.07732555270195007, 0.7195131182670593, -1.0254875421524048, 1.5302056074142456, -0.2807976007461548, 1.1925464868545532, -0.20427027344703674, -0.5516761541366577, 0.21189579367637634, -0.8764501810073853, -0.45826151967048645, 0.34615132212638855, -1.8608043193817139, -0.8609258532524109, -0.29271644353866577, -1.2922358512878418, -0.13589364290237427, 0.4099867641925812, 0.21140830218791962, 0.7488794326782227, -0.8440582156181335, 0.29447969794273376, 0.11984354257583618, 0.5417978763580322, -0.5580514073371887, -0.020091988146305084, 0.854714572429657, -0.3933506906032562, -1.2822686433792114, -0.5250699520111084, -1.5731656551361084, -0.17719458043575287, 0.7914320826530457, 1.404687762260437, 0.7230933904647827, -0.15193277597427368, 0.057993125170469284, 0.5148535966873169, 0.36112478375434875, -0.012911505065858364, 0.16585618257522583, -0.013915516436100006, -0.6851128935813904, 0.6535471081733704, 0.6015177369117737, -0.557317852973938, -1.0704376697540283, -0.43527984619140625, 0.030866630375385284, 0.5940757989883423, -0.44386789202690125, -0.057378485798835754, 0.35498905181884766, -0.6590694785118103, 0.34037163853645325, 0.704134464263916, 0.309784859418869, 0.9170535802841187, -0.1402285099029541, 0.3088466227054596, 0.514946460723877, -0.7463862299919128, -0.6912308931350708, 0.015950709581375122, 1.7496126890182495, 0.7171720266342163, -0.7309252023696899, 0.09536326676607132, 0.5233900547027588, 1.0256038904190063, -0.3375677466392517, 0.9187899827957153, -1.047098994255066, -0.0008270423859357834, 0.20850902795791626, 0.4194294214248657, -0.06287992000579834, -0.5709747076034546, 0.2689792513847351, -2.0166029930114746, -0.43042707443237305, -0.173166885972023, 0.02334272488951683, 0.08293867111206055, 0.7712865471839905, 0.42824703454971313, 0.06948075443506241, -0.02845771610736847, 0.9583508968353271, 0.4249042570590973, 0.021133534610271454, -0.119325190782547, 0.07258300483226776, -1.1236014366149902, 0.22337299585342407, -0.26327815651893616, 0.894810676574707, 0.46653464436531067]",yunet,Facenet,1920,1080,/home/amos/media/tv/modern_family/Modern.Family.S09.1080p.DSNP.WEB-DL.DDP5.1.H.264-CRFW/Modern.Family.S09E17.Royal.Visit.1080p.DSNP.WEB-DL.DDP5.1.H.264-CRFW.mkv,Modern Family,2009,1442437,9,17,,,
29,1212,258,1434,564,1308,378,1230,378,0.911,864,0,"[-1.2343415021896362, -1.0137304067611694, -0.8417193293571472, -0.08557696640491486, 0.6104320883750916, -0.10715179145336151, -0.7583784461021423, 0.8057682514190674, 3.6138744354248047, 0.3022368252277374, 1.0131571292877197, -1.8081697225570679, -1.420753002166748, -0.08643225580453873, -0.5123794078826904, 0.44996583461761475, -0.4367150366306305, -0.2727851867675781, -0.7833957672119141, 0.2173643708229065, 1.612485408782959, 0.9021296501159668, 1.1329466104507446, 0.28161484003067017, 0.30061987042427063, 0.9509999752044678, 0.5284363031387329, -2.397554874420166, 1.4088853597640991, -0.6199746131896973, -0.33843326568603516, 0.515844464302063, -0.5726628303527832, 0.032609641551971436, 0.46705079078674316, 0.6446834802627563, 1.1727550029754639, 0.4356643557548523, -0.4234526753425598, -1.0419198274612427, -0.6258904337882996, 0.5375859141349792, -0.9531886577606201, -1.3716709613800049, -0.49524161219596863, 0.629119336605072, -0.9864065051078796, 0.5194631814956665, -1.0124400854110718, 1.6066001653671265, -0.28496772050857544, 0.9566726088523865, -1.781935214996338, 0.8709871172904968, -0.9929389953613281, -1.4849636554718018, 1.8018866777420044, 1.098610758781433, -1.7538846731185913, -2.319589853286743, -0.07245434820652008, 0.2384972721338272, -0.7139812707901001, 1.7987189292907715, 0.06076166033744812, 1.3299018144607544, 1.06247079372406, 1.202239990234375, -0.4065451920032501, -2.4990086555480957, -0.2566360533237457, -0.9791872501373291, -0.8334255218505859, -0.257573664188385, 0.32370251417160034, -0.43825045228004456, -0.655457615852356, -0.6332892775535583, -2.865966796875, -1.0435296297073364, -2.6699678897857666, -0.007678736001253128, 0.12751957774162292, -0.4228822588920593, -1.6436524391174316, -0.21938762068748474, -0.5660728812217712, 1.3898487091064453, -0.6869509220123291, -1.2720741033554077, 0.22190093994140625, -0.8959105014801025, 2.0043933391571045, 1.0259424448013306, 0.459869921207428, 1.2497638463974, -0.7706936001777649, 1.7212464809417725, -1.0181517601013184, -1.1558289527893066, 0.10985933244228363, 0.07293003052473068, -0.4723260998725891, -1.118123173713684, 0.28711944818496704, 0.8081658482551575, -0.19505709409713745, 0.2592083215713501, 1.7584854364395142, 0.22414515912532806, 0.16815787553787231, -1.5096632242202759, 1.848623275756836, -0.4006454348564148, -0.20253711938858032, 1.3202687501907349, 0.052869491279125214, -1.8729180097579956, -1.2277956008911133, 0.6579519510269165, -1.8635749816894531, 0.6520180702209473, -0.1443861424922943, -1.6226900815963745, 1.2396578788757324, -0.5252625942230225, -0.000699085183441639, 0.5255211591720581]",yunet,Facenet,1920,1080,/home/amos/media/tv/modern_family/Modern.Family.S09.1080p.DSNP.WEB-DL.DDP5.1.H.264-CRFW/Modern.Family.S09E17.Royal.Visit.1080p.DSNP.WEB-DL.DDP5.1.H.264-CRFW.mkv,Modern Family,2009,1442437,9,17,Jesse Tyler Ferguson,204815.0,0.724
30,378,84,660,546,612,252,594,258,0.909,864,1,"[0.7942235469818115, -0.41216209530830383, -1.528666377067566, -0.3239390552043915, 1.608544111251831, 0.4848025143146515, 0.7107300758361816, 0.6704690456390381, -0.060975074768066406, 1.353554129600525, -1.025787353515625, -0.5889437198638916, -0.5593143105506897, 0.4639471471309662, 0.5691821575164795, -0.006604289636015892, -1.2407360076904297, -2.1916942596435547, 0.2553183436393738, -0.5352013111114502, -1.6575826406478882, 1.220815658569336, -0.2525707185268402, 1.2604398727416992, 1.1370240449905396, 0.4698752760887146, 1.7214707136154175, 0.28992992639541626, -0.9831125736236572, -1.4200955629348755, -0.29462870955467224, 1.126773715019226, -1.3142884969711304, 1.3027981519699097, -0.7284917831420898, 0.42010703682899475, 0.15452012419700623, -1.3148313760757446, 0.35232171416282654, -1.3070427179336548, -0.24658101797103882, -0.23330815136432648, -1.3468881845474243, -0.5419673323631287, 0.4914335608482361, -1.3090285062789917, -1.488459587097168, 0.9849978685379028, -0.12134584784507751, 0.6066213846206665, -0.30599427223205566, 0.5461446046829224, -0.8996657133102417, 0.6375387907028198, -0.7652510404586792, -1.0670220851898193, 0.29062578082084656, -1.2801170349121094, -1.555023193359375, -0.9355987310409546, -0.9778602719306946, 0.2730622887611389, -0.1720365583896637, 0.8867471218109131, -0.3343518078327179, 0.06172176077961922, -0.5584539175033569, -0.18993178009986877, -0.21876469254493713, -0.7972577810287476, 0.14778798818588257, -0.8616963624954224, 0.20679551362991333, 0.6525235772132874, 1.274548053741455, -0.524035632610321, -0.7968549728393555, 0.8168202042579651, 0.5796318054199219, 1.0391559600830078, -1.0413329601287842, 1.9013532400131226, -0.49136507511138916, -0.7418902516365051, -0.023059405386447906, 0.12780997157096863, 0.6650230288505554, 0.9299907684326172, 1.2686896324157715, 0.5180712938308716, -0.14703571796417236, -0.45338404178619385, 0.09932281076908112, 0.36316031217575073, 2.599203109741211, 0.3780839443206787, -0.5924855470657349, 0.20886245369911194, 0.08420135080814362, 1.396560788154602, 0.09079916775226593, -0.0485963299870491, -1.4939724206924438, -1.0291732549667358, -0.040589530020952225, -0.45863115787506104, 0.44170719385147095, 0.16639071702957153, 0.37523478269577026, -1.366334319114685, -0.6256169080734253, -0.5613038539886475, 0.41434282064437866, -0.8253042697906494, 0.7079364061355591, 1.677873134613037, -0.08818375319242477, 0.6143326759338379, -0.27328523993492126, 0.5697606205940247, -0.19954948127269745, 0.21298034489154816, 0.2729470133781433, 0.1623496115207672, 0.7259907126426697, -0.16706512868404388, 0.6679650545120239, 0.13491247594356537]",yunet,Facenet,1920,1080,/home/amos/media/tv/modern_family/Modern.Family.S09.1080p.DSNP.WEB-DL.DDP5.1.H.264-CRFW/Modern.Family.S09E17.Royal.Visit.1080p.DSNP.WEB-DL.DDP5.1.H.264-CRFW.mkv,Modern Family,2009,1442437,9,17,,,
31,618,174,888,552,846,300,726,306,0.924,888,0,"[0.8167005777359009, -0.23697642982006073, -1.0907766819000244, 0.90264892578125, 2.2353432178497314, -0.8266938924789429, 1.122132420539856, -0.32788944244384766, 0.42767372727394104, 0.6676426529884338, -1.1882368326187134, -1.4215209484100342, -0.5840832591056824, 1.3457069396972656, 1.5760260820388794, 0.6698369979858398, -0.8214824199676514, -2.4665889739990234, -1.7310435771942139, -0.8510165214538574, -1.1748313903808594, 1.7510298490524292, 0.2679709196090698, 1.971863865852356, 1.7006405591964722, 1.110334038734436, 1.149717926979065, -0.14384619891643524, 0.9553349018096924, -0.6707540154457092, 0.81475830078125, 0.8022295236587524, -2.5058743953704834, 2.3996996879577637, -0.14532719552516937, -0.03282297030091286, 0.6143063902854919, -1.6492549180984497, 0.10655958950519562, -0.3877253234386444, -0.5902262926101685, 0.1367388367652893, -0.17450419068336487, -0.9663858413696289, -0.3149797320365906, -0.7450017333030701, -0.4235897660255432, -0.3738129138946533, -0.69722980260849, 1.7766977548599243, -0.4018148183822632, -0.16045019030570984, -0.9924511909484863, 0.5004348158836365, -0.7659110426902771, -1.7877711057662964, 1.2910385131835938, -0.610940158367157, -0.9273326396942139, -0.4428398311138153, -1.8290808200836182, -1.333541989326477, 0.3967636823654175, 0.2978975474834442, -1.4246233701705933, -0.3100939393043518, -0.5337096452713013, 0.5037543773651123, -0.8303533792495728, -1.44371497631073, 0.41584908962249756, -0.45930609107017517, 0.6947481632232666, 0.5503039360046387, 0.02024257555603981, 0.21245405077934265, 0.15096575021743774, 0.5174346566200256, -0.43036365509033203, -0.06923030316829681, -1.9952900409698486, 2.1773478984832764, -0.32519710063934326, -0.6510929465293884, -1.0208925008773804, -0.36932480335235596, 0.5325437188148499, 0.12688152492046356, 1.4820647239685059, 0.2995213568210602, 0.2767084538936615, -0.7117960453033447, 0.013471763581037521, -0.532734215259552, 2.1529414653778076, 0.5088760256767273, -1.4189622402191162, 1.267447590827942, 0.6037589311599731, 0.1414794921875, 0.2841640114784241, -0.0672658234834671, -1.9584590196609497, -1.3671268224716187, 0.8249825835227966, -0.6849636435508728, -0.22645707428455353, 0.1481553167104721, 0.10959669947624207, -1.3958001136779785, -0.22182396054267883, -0.08000537753105164, 2.24253249168396, -1.6398749351501465, 1.8529717922210693, 0.6022002696990967, 0.64029860496521, -0.45780736207962036, -0.529324471950531, 0.8461927175521851, 0.4344661235809326, -0.7372618913650513, 0.5488648414611816, -0.9388595819473267, -0.06487803161144257, 0.368916392326355, 0.28606685996055603, -0.1556575745344162]",yunet,Facenet,1920,1080,/home/amos/media/tv/modern_family/Modern.Family.S09.1080p.DSNP.WEB-DL.DDP5.1.H.264-CRFW/Modern.Family.S09E17.Royal.Visit.1080p.DSNP.WEB-DL.DDP5.1.H.264-CRFW.mkv,Modern Family,2009,1442437,9,17,Eric Stonestreet,156962.0,0.58
32,1026,222,1230,498,1128,324,1050,324,0.9,936,0,"[-0.6596094369888306, -0.7803163528442383, -0.8252711892127991, -0.5398368835449219, 1.5391002893447876, -0.05072520673274994, 0.5546067953109741, 0.7351689338684082, 3.2707533836364746, -0.5830050706863403, 0.9795231223106384, -2.356480360031128, -0.5638734698295593, 0.429769366979599, -0.8117176294326782, 0.6655545830726624, -0.05941861867904663, -0.8576040267944336, -0.36613020300865173, -0.49722135066986084, 1.0109025239944458, 1.1329913139343262, 1.5995886325836182, 0.2801080644130707, 0.4240477681159973, 0.9841979146003723, 0.5999805927276611, -2.9706459045410156, 1.3308193683624268, 0.2919059097766876, -0.9399610757827759, 0.29101648926734924, -0.27004724740982056, -0.32576486468315125, 1.3984946012496948, 1.1375293731689453, 0.3584587275981903, 1.1755439043045044, -0.679813802242279, -0.5861778259277344, -0.10456442087888718, 0.5865276455879211, -1.1406304836273193, -0.9190096259117126, -0.5041550397872925, -0.006534868851304054, -0.6613156199455261, 0.8012799024581909, -1.2695796489715576, 1.8648794889450073, -0.058916062116622925, 1.0262261629104614, -0.9302562475204468, 0.4489220976829529, -1.2328650951385498, -1.9296863079071045, 2.1137917041778564, 0.661198079586029, -1.3501107692718506, -1.7657173871994019, -0.49880164861679077, -0.34932273626327515, -0.6119658946990967, 1.179794430732727, -0.021566517651081085, 0.246737539768219, 0.8887646794319153, 0.716796338558197, 0.3866923451423645, -2.3344836235046387, -0.40729957818984985, -0.6364835500717163, -1.8818196058273315, -0.34384098649024963, -0.5591832995414734, -0.45503923296928406, -0.74819016456604, -0.5393814444541931, -1.8925806283950806, -2.283870220184326, -1.7033092975616455, 1.043019413948059, 0.19132989645004272, -1.0174022912979126, -1.1105033159255981, 0.2364511489868164, 0.8083432912826538, 0.7023311853408813, -0.6297626495361328, -0.3524921238422394, 0.16376616060733795, 0.6495231986045837, 2.005624771118164, 0.6822314262390137, -0.2883559763431549, 2.611684799194336, -0.5399734973907471, 0.5273371934890747, -1.4928536415100098, -0.3337230980396271, -0.3663937449455261, -0.3449808955192566, -0.2181316316127777, -1.334677815437317, -0.25350114703178406, 0.38442462682724, -0.5079562067985535, 0.8704626560211182, 2.071518659591675, -0.40369781851768494, -0.3948560357093811, -1.6013296842575073, 2.0817291736602783, 0.267288476228714, -0.3980748951435089, 0.2962318956851959, 0.5725090503692627, -1.8145010471343994, -0.40325692296028137, 0.22211399674415588, -1.3963656425476074, 0.8627443313598633, -0.7223931550979614, -1.857222080230713, 1.3394114971160889, 0.3188458979129791, -0.4644266664981842, -1.0397889614105225]",yunet,Facenet,1920,1080,/home/amos/media/tv/modern_family/Modern.Family.S09.1080p.DSNP.WEB-DL.DDP5.1.H.264-CRFW/Modern.Family.S09E17.Royal.Visit.1080p.DSNP.WEB-DL.DDP5.1.H.264-CRFW.mkv,Modern Family,2009,1442437,9,17,Jesse Tyler Ferguson,204815.0,0.773
33,714,102,954,438,912,222,816,222,0.914,960,0,"[1.3650673627853394, 0.19757726788520813, -0.5699708461761475, 0.056719981133937836, 2.0508391857147217, -0.646746814250946, 1.8440592288970947, -1.0043658018112183, 0.2087947130203247, 0.29158979654312134, -1.7082252502441406, -0.934057354927063, -0.7411361336708069, 1.4086663722991943, 0.967282772064209, 0.3009883761405945, -0.8785817623138428, -2.4606399536132812, -1.1847046613693237, -1.0172123908996582, -1.3958992958068848, 1.7500633001327515, 0.0035669878125190735, 0.7961418628692627, 1.0515398979187012, 1.1661375761032104, 1.7337018251419067, -0.3904268443584442, 0.007857799530029297, 0.0322660356760025, 0.3458188474178314, 1.354233741760254, -2.7020952701568604, 1.7124571800231934, -1.423906922340393, -0.23848269879817963, 0.3434840738773346, -1.1695340871810913, 0.5110019445419312, -0.30325207114219666, -0.3004035949707031, -0.9850432872772217, -1.073129415512085, -0.914557695388794, 0.4184342324733734, -0.04025360941886902, -0.48680001497268677, -0.587970495223999, -0.6690031886100769, 1.7954682111740112, -1.1209336519241333, -0.02388066053390503, -0.9705896377563477, -0.020700111985206604, -0.1818232387304306, -2.874586820602417, 0.27525001764297485, -0.1414058655500412, -0.903505802154541, -0.30714717507362366, -1.7928528785705566, -1.7628960609436035, -0.20782867074012756, 0.047681257128715515, -1.2387948036193848, -0.11517643928527832, -0.7626819014549255, 0.27269646525382996, -0.6064627170562744, -1.2642022371292114, -0.0035159988328814507, -0.23341792821884155, 1.1960984468460083, 0.09966734051704407, 0.4067344069480896, 0.4488009214401245, -0.46023449301719666, 0.5416502952575684, 0.5662957429885864, 0.2196742445230484, -2.2020554542541504, 2.7020976543426514, -0.0870053619146347, -1.1517462730407715, -1.1827739477157593, 0.7386610507965088, 0.08156253397464752, 0.20387066900730133, 1.3596326112747192, 0.37342509627342224, 0.7626766562461853, -0.48728302121162415, 0.4172719419002533, -1.3992069959640503, 3.0244333744049072, 0.36643972992897034, -1.3022418022155762, 2.1040947437286377, 0.39484912157058716, -0.029108572751283646, 0.6199261546134949, 0.12059273570775986, -1.7468172311782837, -1.4941320419311523, -0.1405302733182907, -0.7723889946937561, 0.49913710355758667, 0.9994469881057739, -0.19527824223041534, -1.731130599975586, -1.1512585878372192, 0.07676719129085541, 1.7122044563293457, -1.8802297115325928, 1.5488464832305908, 1.086217999458313, 0.1322680562734604, 0.26290562748908997, -0.4617696702480316, 1.0976202487945557, 0.20977458357810974, 0.30403533577919006, 0.6426225304603577, -1.3750114440917969, -0.4305311441421509, 0.14231115579605103, -0.06931957602500916, 0.3275046944618225]",yunet,Facenet,1920,1080,/home/amos/media/tv/modern_family/Modern.Family.S09.1080p.DSNP.WEB-DL.DDP5.1.H.264-CRFW/Modern.Family.S09E17.Royal.Visit.1080p.DSNP.WEB-DL.DDP5.1.H.264-CRFW.mkv,Modern Family,2009,1442437,9,17,Eric Stonestreet,156962.0,0.63
34,648,78,882,402,858,198,750,198,0.915,984,0,"[1.3453054428100586, 0.5225138664245605, -1.0529059171676636, 0.2876003384590149, 2.542207717895508, -0.47753292322158813, 2.0589942932128906, -0.5255357623100281, 0.02503811940550804, 0.9648683667182922, -0.6100471019744873, -0.782558798789978, -0.24529072642326355, 0.6795668601989746, 1.0883123874664307, 0.9359421730041504, -0.540465235710144, -3.0279667377471924, -0.8969091176986694, -0.26925450563430786, -1.2215371131896973, 1.5404099225997925, -0.5217069387435913, 1.902036190032959, 1.1326255798339844, 1.5263856649398804, 1.8021541833877563, -0.36850443482398987, 0.12541630864143372, -1.207015037536621, 1.0507816076278687, 1.0128120183944702, -2.0755302906036377, 1.575042724609375, -1.0360161066055298, -0.3098078668117523, 0.647466242313385, -1.0850481986999512, 1.6173360347747803, -0.23529496788978577, -0.9051150679588318, 0.20178857445716858, -0.5507230758666992, -1.2429616451263428, -0.11044684052467346, -0.0008488167077302933, -1.1311784982681274, 0.12254491448402405, -0.0783410295844078, 1.635644555091858, -0.7336194515228271, 0.4881725013256073, -1.2388564348220825, 0.7725727558135986, -0.04076050594449043, -2.1927480697631836, 0.9348578453063965, -0.6508270502090454, -0.5303502082824707, -0.24773994088172913, -1.8578994274139404, -1.1824119091033936, 0.6283418536186218, -0.05164827033877373, -1.14374840259552, 0.05934590846300125, -0.8102496862411499, 0.1124316081404686, -0.5073848962783813, -0.6771724224090576, -0.35117489099502563, -0.6014337539672852, 0.2694135308265686, 0.6527057886123657, 0.10271424055099487, 0.09058806300163269, -0.9069890975952148, 0.5904370546340942, 0.3043069541454315, 0.5933234691619873, -1.6330832242965698, 2.0553030967712402, -0.12323468178510666, -1.152744174003601, -0.9644008874893188, 1.190632939338684, 0.11578766256570816, 0.824737012386322, 0.8931342363357544, 0.4740752577781677, 0.7686567306518555, -0.21606697142124176, 1.0197937488555908, -0.9397368431091309, 2.786602020263672, 0.38329166173934937, -1.142289638519287, 1.0093368291854858, 0.019674256443977356, 0.25773248076438904, -0.34631335735321045, -0.4762565493583679, -1.8210363388061523, -1.0856494903564453, 0.04815454035997391, -0.8784826993942261, 0.013108553364872932, 1.0112375020980835, -0.4053090512752533, -1.0747190713882446, -0.5946031212806702, -0.6649445295333862, 1.8637783527374268, -1.7584073543548584, 1.266625165939331, 1.1258162260055542, -0.3914741575717926, 0.269216388463974, 0.46056094765663147, 0.4819044768810272, -0.1916075497865677, -0.2927084267139435, 0.7767813205718994, -1.2093753814697266, 0.012094572186470032, -0.17021343111991882, 0.45229774713516235, -0.3369888663291931]",yunet,Facenet,1920,1080,/home/amos/media/tv/modern_family/Modern.Family.S09.1080p.DSNP.WEB-DL.DDP5.1.H.264-CRFW/Modern.Family.S09E17.Royal.Visit.1080p.DSNP.WEB-DL.DDP5.1.H.264-CRFW.mkv,Modern Family,2009,1442437,9,17,Eric Stonestreet,156962.0,0.633
35,1176,258,1398,558,1284,366,1206,366,0.909,1008,0,"[-1.4983686208724976, -1.1248801946640015, -0.7049614191055298, -1.0354920625686646, 0.559337317943573, -0.5682897567749023, 0.38588303327560425, 0.6093100309371948, 3.123765468597412, -1.265096664428711, 0.9866814017295837, -2.1941092014312744, -0.9056659936904907, -0.44444677233695984, -0.7593153715133667, 0.9895645976066589, -0.5733044147491455, 0.6334514021873474, -0.583441436290741, 0.10204081982374191, 1.5451914072036743, 1.4844882488250732, 1.0094646215438843, 0.13783986866474152, 0.3020014762878418, 2.0471384525299072, -0.1799149215221405, -3.2881336212158203, 2.4881765842437744, 0.691649854183197, -0.4576413333415985, 0.6206268668174744, 0.42628562450408936, -0.025833331048488617, 0.8848192095756531, 1.0603641271591187, 0.35781601071357727, 0.7413407564163208, -0.7713652849197388, -0.624699592590332, 0.249876007437706, 0.8314222693443298, -1.2683712244033813, -0.6965437531471252, 0.4643704295158386, 0.7947487831115723, -0.828697919845581, 0.5401630401611328, -1.0695236921310425, 0.7919729948043823, 0.5385687351226807, 0.6949448585510254, -2.301532506942749, 0.6235092878341675, -1.4778523445129395, -1.7420281171798706, 1.05359947681427, 0.7166873216629028, -1.4495970010757446, -1.205824851989746, 0.9441440105438232, -0.2575339674949646, -1.3249890804290771, 1.1699717044830322, 0.285442590713501, 1.1639184951782227, 1.2384108304977417, 1.2490136623382568, 1.1237713098526, -2.764444351196289, -0.26643696427345276, -0.5528453588485718, -1.3795737028121948, -0.9409440159797668, 0.869956910610199, -0.9301710724830627, -0.7123602628707886, -0.5004938244819641, -2.060478925704956, -1.3161767721176147, -2.5338523387908936, 0.8261985778808594, -0.7180678844451904, -0.9659773111343384, -1.8331878185272217, 0.3539780378341675, -0.37537193298339844, 0.7806146740913391, -0.8155930042266846, -0.6173621416091919, 0.6663935780525208, 0.9714639782905579, 2.185549736022949, 0.6321580410003662, -0.775198757648468, 1.9613783359527588, -0.006827222183346748, 1.032361626625061, -1.3630552291870117, -0.7377547025680542, 0.045690037310123444, -0.4742874205112457, 0.07360820472240448, -0.524497926235199, -0.44401153922080994, 0.7787740230560303, -0.5247083902359009, 0.091708242893219, 1.0279016494750977, 0.46214067935943604, -0.6398197412490845, -1.5358037948608398, 2.074986457824707, -0.8601183891296387, 0.4019205868244171, 0.8023363351821899, 0.15693025290966034, -1.9052577018737793, -0.6561293005943298, 0.29204317927360535, -1.4950001239776611, 1.7222704887390137, -0.107021763920784, -1.607145071029663, 0.7796618342399597, -0.38797155022621155, -1.2595783472061157, -0.04227149486541748]",yunet,Facenet,1920,1080,/home/amos/media/tv/modern_family/Modern.Family.S09.1080p.DSNP.WEB-DL.DDP5.1.H.264-CRFW/Modern.Family.S09E17.Royal.Visit.1080p.DSNP.WEB-DL.DDP5.1.H.264-CRFW.mkv,Modern Family,2009,1442437,9,17,Jesse Tyler Ferguson,204815.0,0.721
36,516,168,750,504,714,276,606,270,0.907,1032,0,"[-0.005589134991168976, -0.39123713970184326, -2.2952609062194824, -0.100995734333992, 2.461893320083618, -0.45532625913619995, 0.5041831731796265, -0.44878509640693665, 1.3912028074264526, 0.45225778222084045, 0.13069450855255127, -0.7179523706436157, -0.2791842818260193, 1.4389281272888184, 0.7892194986343384, 0.6608406901359558, -1.0510337352752686, -1.920493721961975, -1.4808353185653687, -0.6003367900848389, -2.036944627761841, 1.7103410959243774, 0.05821283161640167, 1.1974647045135498, 1.6201651096343994, 1.7263845205307007, 1.6749435663223267, -1.0585237741470337, 0.14760804176330566, -0.06493798643350601, 0.8322144746780396, 0.017926432192325592, -1.224594235420227, 1.6375198364257812, 0.28263282775878906, 1.1578998565673828, 0.6706686615943909, -1.5575069189071655, 0.9675902128219604, -0.7020726203918457, -0.08187711983919144, -1.0025997161865234, -0.21175488829612732, -0.8971133828163147, 0.017076293006539345, -2.0846192836761475, -1.0009498596191406, -0.5653400421142578, -0.6988731622695923, 1.2535210847854614, -0.43326854705810547, 0.3025253713130951, -1.062459945678711, 0.4767114520072937, -1.9064315557479858, -1.5423105955123901, 0.8305259943008423, -0.9974931478500366, -1.0208247900009155, -0.8111775517463684, -0.8332024216651917, -0.9947792887687683, 0.6156754493713379, -0.1630670428276062, -0.3484494388103485, -0.5110991597175598, -1.0649064779281616, 0.10064385831356049, -0.5114807486534119, -1.107525110244751, 1.382621169090271, -0.5947409868240356, -0.04749603942036629, 0.2950781583786011, 0.8648663759231567, -1.142321228981018, 1.731114149093628, -0.37895169854164124, 0.6461241841316223, -0.46654075384140015, -1.4297837018966675, 1.8177028894424438, -0.1426461637020111, 0.7003780603408813, -0.6792396903038025, 0.1690969616174698, 0.1417044997215271, 0.4255882501602173, 1.5105470418930054, 0.1266269087791443, -0.8155311942100525, -1.2360557317733765, 0.347455769777298, -0.405208557844162, 1.0028254985809326, 1.1118656396865845, -1.2260370254516602, 1.3598787784576416, -1.0040512084960938, 0.08905383199453354, 0.6892116069793701, 0.011123128235340118, -0.6735737919807434, -1.0855250358581543, 0.3327238857746124, 0.6274901032447815, 0.22590948641300201, -0.8949136734008789, -0.1614062488079071, -1.1265779733657837, 0.9768602252006531, 0.8947627544403076, 2.2859394550323486, -1.372814655303955, 2.851797103881836, 0.05035516619682312, 0.08031900227069855, 0.1983751356601715, 0.08329343050718307, 1.2914857864379883, 0.08391395956277847, -0.3338108956813812, 1.4708075523376465, 0.004246674012392759, -0.21824096143245697, 0.4605970084667206, 1.0520669221878052, 0.8257994055747986]",yunet,Facenet,1920,1080,/home/amos/media/tv/modern_family/Modern.Family.S09.1080p.DSNP.WEB-DL.DDP5.1.H.264-CRFW/Modern.Family.S09E17.Royal.Visit.1080p.DSNP.WEB-DL.DDP5.1.H.264-CRFW.mkv,Modern Family,2009,1442437,9,17,,,
37,1074,156,1218,342,1176,234,1110,234,0.906,1128,0,"[-1.0152173042297363, 0.2791493535041809, 0.4932679831981659, -1.1250109672546387, 1.2480837106704712, 0.9398879408836365, 1.425782561302185, 1.4864237308502197, 1.3713468313217163, 0.18827712535858154, 0.7919179797172546, -1.128182053565979, -0.5163001418113708, -0.39258211851119995, -0.5303504467010498, 0.2516331672668457, -3.4112982749938965, -0.7727988362312317, -1.2029445171356201, 1.0770552158355713, 1.1068382263183594, 0.390106737613678, 0.8250488042831421, -0.18057125806808472, -0.743090808391571, -0.38569268584251404, -0.07483404874801636, -1.3701521158218384, -2.1380298137664795, -0.43246158957481384, -1.3791104555130005, -0.30378755927085876, -1.3801462650299072, -0.33113837242126465, -0.3188305199146271, 0.10139764845371246, -0.5722020268440247, 0.24311292171478271, 2.2203125953674316, -2.104027509689331, 0.026513908058404922, -0.23469410836696625, -2.258453369140625, -1.3296430110931396, -0.6897373199462891, 0.6450997591018677, -0.20337599515914917, -0.746764063835144, -0.4397884011268616, 0.5280033946037292, -1.7103402614593506, 2.014402389526367, 1.200851321220398, -1.4596866369247437, -0.9232310056686401, -1.8286391496658325, -0.6963417530059814, 0.41789767146110535, -1.2234994173049927, 0.4337787330150604, 0.823110818862915, 0.6481248140335083, -0.5788586139678955, 0.14386196434497833, 0.7307868599891663, -0.5931032299995422, 0.6695753335952759, -0.17099705338478088, 2.4356937408447266, 0.4733358919620514, 0.38084664940834045, 0.227089524269104, -2.858262062072754, -0.3336033225059509, -0.23988819122314453, -0.4833913743495941, -1.949271321296692, 0.9399483799934387, 0.1477898359298706, 0.8071032762527466, 0.671106219291687, -2.2016754150390625, 1.2872087955474854, 0.5512022972106934, 0.23343554139137268, 1.134910225868225, 0.6495440602302551, 0.11102789640426636, -1.3809391260147095, -1.533109188079834, 1.3663506507873535, -0.9965057373046875, -0.19833295047283173, 2.2412796020507812, 0.12622904777526855, 1.7616071701049805, -1.381948471069336, -0.4382711946964264, 0.11169564723968506, 0.5045787692070007, -1.4817131757736206, 0.7048395276069641, -0.938508152961731, -0.7395303249359131, -1.4463906288146973, -0.27261173725128174, -0.19354020059108734, -0.8809006214141846, -1.7389872074127197, 1.6436543464660645, 0.29063230752944946, -0.4704185128211975, 0.5750430822372437, -0.18719252943992615, -0.24541330337524414, 2.60054874420166, -1.2584750652313232, 0.06508459150791168, -2.4344940185546875, 0.9414659142494202, -0.7725802659988403, 0.7155078649520874, -0.844028651714325, -0.3483840525150299, -1.6716324090957642, -1.5659096240997314, -0.5966463685035706, -0.45416098833084106]",yunet,Facenet,1920,1080,/home/amos/media/tv/modern_family/Modern.Family.S09.1080p.DSNP.WEB-DL.DDP5.1.H.264-CRFW/Modern.Family.S09E17.Royal.Visit.1080p.DSNP.WEB-DL.DDP5.1.H.264-CRFW.mkv,Modern Family,2009,1442437,9,17,Steve Valentine,78311.0,0.752
38,936,144,1086,342,1050,222,984,222,0.909,1176,0,"[-1.1328812837600708, 0.25042814016342163, 0.29436415433883667, -0.47665899991989136, 1.1850982904434204, 0.4266490936279297, 0.12662237882614136, 1.2137283086776733, 2.2844293117523193, 0.09203965961933136, 1.915547490119934, -1.2920862436294556, -0.012116409838199615, -0.3884434401988983, -0.13654513657093048, -0.18934018909931183, -2.269082546234131, -1.0881491899490356, -1.3523082733154297, 1.4673430919647217, 1.8552345037460327, 0.11197952181100845, 1.5051954984664917, 0.9407323002815247, -0.5205293893814087, -0.7064278721809387, 0.8074201345443726, -1.7092304229736328, -1.5001673698425293, -1.2425146102905273, -1.9692331552505493, -0.6326460242271423, -1.1678991317749023, -0.285295307636261, 0.6505221724510193, 0.6741310358047485, 0.05994497984647751, -0.10581310838460922, 1.9449479579925537, -1.177993893623352, -0.6526185870170593, -0.9869962334632874, -2.0610649585723877, -1.780684471130371, -1.5682910680770874, 0.6524690985679626, 0.25435128808021545, -1.6886436939239502, 0.5420838594436646, -0.3963843584060669, -1.5925366878509521, 1.355391263961792, 0.6713473796844482, -2.1449615955352783, -0.27598482370376587, -1.6155195236206055, 0.07526741921901703, 0.6683003306388855, -0.5706466436386108, -0.07356537878513336, 0.45926642417907715, 0.7672230005264282, -0.12224172055721283, -1.2976230382919312, 0.16177669167518616, 0.27333784103393555, 1.2268325090408325, 0.9250807166099548, 1.6342421770095825, 0.5827374458312988, 0.36963897943496704, 0.09636950492858887, -2.5693790912628174, 0.14685854315757751, -0.7318872809410095, 0.21014145016670227, -0.7991992235183716, 0.4377952218055725, -1.158785343170166, -0.08974003791809082, 0.20313826203346252, -2.4459402561187744, 0.893416166305542, 1.1229462623596191, 0.8586982488632202, 1.3856005668640137, -0.15747922658920288, 0.0735284686088562, -1.4083242416381836, -2.0409414768218994, 2.152824878692627, -0.7986645698547363, 0.5626944899559021, 2.0713484287261963, -1.0277892351150513, 2.0671472549438477, -1.2821546792984009, 0.8146228194236755, -0.22710826992988586, -0.06938181817531586, -1.693688154220581, -0.11240927875041962, 0.13130778074264526, -1.3279834985733032, -0.6518034338951111, -0.18904486298561096, 0.32560035586357117, -0.4615740478038788, -1.2708624601364136, 1.853053331375122, 0.8595062494277954, -0.7056383490562439, 1.0032538175582886, -0.9993714690208435, -0.1031576469540596, 2.198760747909546, -0.9788689613342285, -0.06543442606925964, -1.2209267616271973, 1.987331509590149, -1.3730450868606567, 0.3281354010105133, -1.0960183143615723, -0.9162159562110901, -0.39677780866622925, -1.0023475885391235, -0.2820661664009094, -0.3439570367336273]",yunet,Facenet,1920,1080,/home/amos/media/tv/modern_family/Modern.Family.S09.1080p.DSNP.WEB-DL.DDP5.1.H.264-CRFW/Modern.Family.S09E17.Royal.Visit.1080p.DSNP.WEB-DL.DDP5.1.H.264-CRFW.mkv,Modern Family,2009,1442437,9,17,Steve Valentine,78311.0,0.72
39,432,132,708,492,672,258,552,264,0.914,1224,0,"[1.1732559204101562, -0.06680078059434891, -1.007557988166809, -0.16045117378234863, 3.202651023864746, -1.3913366794586182, 1.542608618736267, -0.5961986780166626, 0.18751999735832214, 0.8182727694511414, -2.18253755569458, 0.286350816488266, 0.6455135345458984, 0.9048868417739868, 1.5074633359909058, 0.44555550813674927, -1.463972568511963, -2.1806845664978027, 0.3672582805156708, -1.4943355321884155, -1.217476725578308, 1.23514723777771, -1.1631094217300415, 2.096734046936035, 0.4426971673965454, 0.955502450466156, 0.5601726770401001, 0.1567007601261139, 0.4944491386413574, -0.41714784502983093, 1.1402556896209717, 0.8975383043289185, -1.55223548412323, 1.491878628730774, -1.9161187410354614, -0.5900695323944092, 0.7173641920089722, -1.7589852809906006, 0.3430561423301697, -1.2491161823272705, 0.6151432394981384, 0.3942449688911438, -1.0120937824249268, -0.92645663022995, -0.8287715911865234, 0.2961089611053467, -0.3713935315608978, -0.571438193321228, -0.6006609797477722, 1.7014211416244507, -0.8964282870292664, -0.15491177141666412, -2.092660903930664, 0.39010119438171387, -0.1550823450088501, -2.2072370052337646, -0.11772067844867706, -1.245947241783142, 0.3858947455883026, 0.27906733751296997, -1.7174876928329468, -1.928584098815918, 0.6378288269042969, -0.5769920945167542, -1.4422729015350342, -0.1727488785982132, -1.0896776914596558, 0.011223187670111656, -0.005054090172052383, -0.6345326900482178, 0.038404736667871475, -0.7337790727615356, 0.9210876822471619, 0.5513563752174377, -0.15720544755458832, -0.025874491780996323, -0.24667443335056305, 0.7806345224380493, 0.4781097173690796, 0.17624829709529877, -2.3230409622192383, 1.5831174850463867, -0.26913994550704956, -1.3509842157363892, -1.5482871532440186, 0.610087513923645, 0.4358921945095062, 0.9572023153305054, 1.7134543657302856, 1.6851896047592163, 1.0072064399719238, -0.33204591274261475, 0.08875143527984619, -1.607193946838379, 2.567688465118408, -0.33282265067100525, -0.524919331073761, 0.8725543022155762, 0.5994415283203125, 0.7150371670722961, -0.42744314670562744, 0.8179700970649719, -0.8777047395706177, -1.8080129623413086, 0.4101417362689972, -0.5674877166748047, 0.28502532839775085, 0.8853195905685425, -0.41311705112457275, -0.7766587734222412, -1.0440558195114136, -0.3456031084060669, 0.5021193027496338, -1.8899002075195312, 2.2231643199920654, 0.48808416724205017, 0.4849924147129059, -0.18706363439559937, 0.038881588727235794, -0.04989475756883621, -0.7241672277450562, 0.6178716421127319, 0.6733340620994568, -0.2406909465789795, 0.20046813786029816, -0.4854734241962433, -0.1444319784641266, 0.040290240198373795]",yunet,Facenet,1920,1080,/home/amos/media/tv/modern_family/Modern.Family.S09.1080p.DSNP.WEB-DL.DDP5.1.H.264-CRFW/Modern.Family.S09E17.Royal.Visit.1080p.DSNP.WEB-DL.DDP5.1.H.264-CRFW.mkv,Modern Family,2009,1442437,9,17,Eric Stonestreet,156962.0,0.739
40,1212,234,1434,522,1404,348,1302,342,0.913,1224,1,"[0.0801326259970665, -0.5088928937911987, -1.0351167917251587, -0.9917271733283997, 0.2756425738334656, 0.0187439676374197, -1.067211389541626, -0.41232192516326904, 3.0355470180511475, -0.9301544427871704, 0.7474904656410217, -1.2784583568572998, -0.2176494300365448, -0.7818759679794312, -1.2824771404266357, -0.2719249427318573, -0.3704228103160858, -1.0266599655151367, -0.7853493690490723, -0.5190712213516235, 0.4162597954273224, 0.6533898711204529, 1.1251450777053833, -0.08660713583230972, -0.06944449245929718, 1.7560800313949585, 0.27229389548301697, -1.926310420036316, 2.224020004272461, -0.0003011263906955719, -0.8073209524154663, -0.11716951429843903, -0.12216956913471222, -0.9149535298347473, 0.2910603880882263, 2.1642234325408936, 0.3660372793674469, 0.2408088743686676, -0.9006178975105286, -0.911266565322876, 0.4694502651691437, 0.5372315049171448, -0.8320820331573486, -0.21378353238105774, 0.529944658279419, 0.15920591354370117, -0.5552436113357544, -0.06037592142820358, -1.0271660089492798, -0.7319588661193848, 0.6331374049186707, -0.27692246437072754, -2.445561408996582, -0.10570201277732849, -0.9167624115943909, -0.9139827489852905, 0.6289393305778503, 0.16298070549964905, 0.2947939336299896, -1.7204028367996216, 0.44140055775642395, -0.39415645599365234, 0.07594047486782074, 0.49137216806411743, -0.9211052656173706, 2.734471321105957, 0.21619173884391785, 0.7559323906898499, 0.6599573493003845, -2.328019142150879, -0.5978829264640808, -0.4138185381889343, -0.9774875044822693, -0.8514718413352966, 0.7935469150543213, 0.7789593935012817, -1.342332124710083, 0.4812965989112854, -0.6144042015075684, -2.2743093967437744, -1.4732792377471924, 1.2827550172805786, -1.1851651668548584, 1.4681369066238403e-05, -1.530471682548523, -1.5010371208190918, -0.7436191439628601, 0.5270006060600281, -0.15238527953624725, -0.6336178779602051, 0.990254819393158, -0.3900727331638336, 2.1306533813476562, 0.024573588743805885, -1.0908015966415405, 2.8170089721679688, -0.31067657470703125, 0.8428525924682617, -1.2474884986877441, -0.7504173517227173, -0.4251886010169983, -1.1805708408355713, 0.537109911441803, -0.5883963108062744, -0.20211860537528992, 1.1101678609848022, -0.011169904842972755, 0.9026494026184082, 0.8138684034347534, 0.4759308993816376, 0.6902626156806946, -0.9890713095664978, 1.3822804689407349, -0.48585277795791626, 0.658737063407898, 2.041177988052368, -0.8641220331192017, -1.9514076709747314, -0.5205700397491455, 0.33237457275390625, -0.9176028966903687, 0.4426690936088562, 0.3135523796081543, -0.834429919719696, 1.4943528175354004, -0.8411194086074829, 0.2765290439128876, -1.5785406827926636]",yunet,Facenet,1920,1080,/home/amos/media/tv/modern_family/Modern.Family.S09.1080p.DSNP.WEB-DL.DDP5.1.H.264-CRFW/Modern.Family.S09E17.Royal.Visit.1080p.DSNP.WEB-DL.DDP5.1.H.264-CRFW.mkv,Modern Family,2009,1442437,9,17,Jesse Tyler Ferguson,204815.0,0.695
41,468,120,732,474,690,240,612,252,0.913,1248,0,"[0.8691442012786865, -0.15717163681983948, -1.6571980714797974, -0.32034221291542053, 2.473620891571045, -1.7587082386016846, 1.228671908378601, 0.2866954803466797, -0.007989129051566124, 0.27808961272239685, -2.5047457218170166, 0.5046752095222473, 0.5196569561958313, 0.6225473880767822, 1.770483374595642, -0.14349493384361267, -1.7298213243484497, -1.8354486227035522, 0.6920267939567566, -1.616494059562683, -1.1827555894851685, 1.0974942445755005, -1.3433434963226318, 1.8242149353027344, 0.5743678212165833, 0.05063363537192345, 0.02019430696964264, 0.20794977247714996, 0.4310420751571655, -1.2941449880599976, 0.541234016418457, 1.024060845375061, -0.832892894744873, 1.7601228952407837, -1.7870850563049316, -0.37475767731666565, 0.32985082268714905, -2.42244029045105, -0.2671179473400116, -1.9922797679901123, 0.6429611444473267, 1.1104849576950073, -1.6161779165267944, -0.823746919631958, -0.9626224637031555, -0.09419476985931396, -0.7806683778762817, 0.18375572562217712, -1.0949478149414062, 1.7690805196762085, -0.9179946184158325, 0.264339804649353, -2.296797752380371, 1.1202490329742432, 0.04639627784490585, -1.6935995817184448, -0.49177876114845276, -1.1388682126998901, -1.0737593173980713, -0.22146111726760864, -1.7692890167236328, -2.218329429626465, 0.49800020456314087, -0.44244611263275146, -0.8430797457695007, -0.10055239498615265, -1.1227985620498657, 0.12503209710121155, -0.1598658412694931, -0.9237096309661865, 0.5409407019615173, -0.5960626602172852, 0.07679180800914764, 0.20913191139698029, 0.028978846967220306, -0.9054365754127502, -0.48346370458602905, 0.49506470561027527, 0.47072190046310425, 0.46871984004974365, -1.766066074371338, 1.6267952919006348, -0.17581769824028015, -1.7696057558059692, -1.0472378730773926, 0.33506718277931213, 0.12850834429264069, 0.9285812377929688, 1.761016845703125, 1.530471682548523, 0.6403698325157166, -0.6016854047775269, -0.19145889580249786, -0.7152469158172607, 2.1328723430633545, -0.5072298049926758, -0.6430985927581787, 0.6514471173286438, 0.6879739165306091, 1.3543410301208496, -0.23797526955604553, 1.2517038583755493, -0.6057596802711487, -1.0436882972717285, 0.18384695053100586, -0.4809781312942505, 0.3394474685192108, 0.22524172067642212, -0.6276112794876099, -0.558958888053894, -1.6396459341049194, -0.16072514653205872, 0.3279014527797699, -1.8520700931549072, 1.752202033996582, 0.19160562753677368, 0.7019650936126709, -0.5687432289123535, 0.20217816531658173, -0.30572789907455444, -1.0831645727157593, 1.1496247053146362, 0.8334485292434692, -0.07535726577043533, 0.4323660731315613, 0.00847885012626648, -0.5446221828460693, 0.957432746887207]",yunet,Facenet,1920,1080,/home/amos/media/tv/modern_family/Modern.Family.S09.1080p.DSNP.WEB-DL.DDP5.1.H.264-CRFW/Modern.Family.S09E17.Royal.Visit.1080p.DSNP.WEB-DL.DDP5.1.H.264-CRFW.mkv,Modern Family,2009,1442437,9,17,Eric Stonestreet,156962.0,0.618
42,756,96,954,354,936,198,852,198,0.923,1296,0,"[0.38402900099754333, 0.12643258273601532, -1.0960208177566528, 0.4496554434299469, 1.5294711589813232, -0.7144538164138794, 1.087287187576294, 0.4815283417701721, 0.7346633076667786, 0.10750913619995117, -1.557985782623291, -1.0574612617492676, -0.9609184861183167, 1.1232759952545166, 0.8234471082687378, 0.4165862202644348, -1.8235929012298584, -2.069326400756836, -1.1170674562454224, -0.10280996561050415, -1.5576472282409668, 2.082913637161255, -1.218096137046814, 2.2384836673736572, 1.1493269205093384, 1.691695213317871, 0.5714554786682129, -0.06106622517108917, 1.7725540399551392, -1.0244096517562866, 0.9259071350097656, 1.0786734819412231, -1.7123981714248657, 1.5779385566711426, -1.3023560047149658, -1.2371478080749512, 0.5335819125175476, -1.8412286043167114, 1.1174349784851074, -0.47176894545555115, -1.0016230344772339, -0.16323170065879822, -0.6779531240463257, -1.219842553138733, -0.08939439058303833, 0.08964937925338745, -1.186328411102295, 0.13065965473651886, -0.3523251414299011, 1.5209096670150757, 0.09609561413526535, -0.02858811616897583, -1.4014043807983398, 1.0136520862579346, -0.7538023591041565, -2.4503870010375977, 0.6859945058822632, -0.8816171288490295, -0.8918670415878296, 0.36963754892349243, -1.541088581085205, -1.234130620956421, 0.16157737374305725, 0.07977625727653503, -1.2232446670532227, 1.0259181261062622, -0.5270571112632751, 0.1765080690383911, 0.18560871481895447, -1.8079383373260498, -0.2714677155017853, -1.401747226715088, 1.3705400228500366, 0.8180996179580688, -0.0385267473757267, -0.049574483186006546, -0.08767501264810562, 0.5822563171386719, 1.1508660316467285, 1.4239277839660645, -1.8090516328811646, 1.6456156969070435, -0.30100783705711365, -1.1526811122894287, -1.6937494277954102, 0.19623491168022156, 0.0911833718419075, 1.0536441802978516, 1.2420698404312134, 1.5111454725265503, 1.2933690547943115, -0.3805924952030182, -0.46621713042259216, -1.1257033348083496, 1.795540690422058, 0.29533353447914124, -1.070645809173584, 1.4261142015457153, -0.15810224413871765, -0.3624061644077301, -0.22585541009902954, -0.689181387424469, -1.1982028484344482, 0.4188492000102997, 0.42802149057388306, -0.9006143808364868, 0.15587253868579865, 0.08391658216714859, -0.5040882229804993, -0.7228901386260986, 0.4535015821456909, -1.762054681777954, 1.4521872997283936, -1.8525373935699463, 1.9267890453338623, 0.2694604694843292, 0.31131815910339355, 0.057392921298742294, 0.656348705291748, 0.182386115193367, -0.5318471193313599, 0.1037246584892273, -0.3765331506729126, 0.011121847666800022, -0.5529593825340271, 0.13742896914482117, -0.0011473940685391426, 0.059429313987493515]",yunet,Facenet,1920,1080,/home/amos/media/tv/modern_family/Modern.Family.S09.1080p.DSNP.WEB-DL.DDP5.1.H.264-CRFW/Modern.Family.S09E17.Royal.Visit.1080p.DSNP.WEB-DL.DDP5.1.H.264-CRFW.mkv,Modern Family,2009,1442437,9,17,Eric Stonestreet,156962.0,0.578
43,1194,186,1404,462,1380,288,1290,288,0.905,1416,0,"[-1.146752119064331, -0.8277950286865234, -0.5417907238006592, -1.1736505031585693, 0.8007520437240601, 0.36479300260543823, -0.43173447251319885, 0.6537002921104431, 2.389631986618042, -0.5190125107765198, 0.6010400056838989, -1.8542802333831787, -0.3684505224227905, -0.2931903004646301, -0.65203857421875, 1.5347034931182861, -0.5624289512634277, -0.1118396520614624, 0.22698481380939484, 1.2051587104797363, 1.502490520477295, 2.1387581825256348, 1.4678754806518555, -0.3547859191894531, 0.6180711388587952, 2.1914610862731934, 1.0629239082336426, -2.5000710487365723, 1.5760592222213745, -0.2080303430557251, -1.0025546550750732, 0.08378145098686218, 0.949134886264801, -1.017857313156128, 0.810903012752533, 1.2942793369293213, 1.5574871301651, 0.5299843549728394, -0.17557492852210999, -0.6652790307998657, -0.6917545199394226, 0.30369430780410767, -1.3820054531097412, -1.0194933414459229, 0.7185906171798706, 0.6120936274528503, -2.228943347930908, 0.12664100527763367, 0.022451870143413544, 0.47843998670578003, 0.15855494141578674, 1.1335123777389526, -2.1039412021636963, 0.2990380525588989, -1.583580732345581, -1.1822576522827148, 1.0110589265823364, 0.028862636536359787, -1.1482174396514893, -0.9373608231544495, 1.306450366973877, 1.1451566219329834, -0.781713604927063, 1.2278568744659424, -1.1105296611785889, 1.447257161140442, 1.8613702058792114, 0.6307297348976135, 1.059836745262146, -1.427303433418274, -0.29029375314712524, -0.5507462620735168, -1.173406720161438, -1.0675573348999023, 2.1083598136901855, -0.7660505175590515, -0.9633162021636963, -0.3186423182487488, -1.6387418508529663, -0.7132860422134399, -2.3339812755584717, 1.3134148120880127, -0.5804668664932251, 0.37429797649383545, -0.6952733397483826, 0.5753805637359619, -0.4737670421600342, 0.851405143737793, -0.5896898508071899, -1.3281188011169434, 0.4000213146209717, 0.5091692805290222, 2.4679617881774902, 0.5522767901420593, -0.9236050248146057, 1.6734912395477295, -0.13515067100524902, 0.6217449903488159, -1.4664161205291748, -0.6019746661186218, 0.3093324303627014, -0.6412792205810547, 0.06894347071647644, -0.8251345753669739, 0.18587279319763184, 0.050057701766490936, -0.35166817903518677, 0.3419599235057831, 0.9892299175262451, 1.1788322925567627, -0.223335862159729, -1.9035358428955078, 1.6405483484268188, -0.23941954970359802, 0.2996985912322998, 1.219864010810852, -0.6057913303375244, -0.5053858160972595, -0.893964409828186, 0.20396798849105835, -0.23698316514492035, 0.9106804132461548, -0.22347722947597504, -0.9773475527763367, 1.4481571912765503, -1.2666171789169312, -0.30989497900009155, 0.4474636912345886]",yunet,Facenet,1920,1080,/home/amos/media/tv/modern_family/Modern.Family.S09.1080p.DSNP.WEB-DL.DDP5.1.H.264-CRFW/Modern.Family.S09E17.Royal.Visit.1080p.DSNP.WEB-DL.DDP5.1.H.264-CRFW.mkv,Modern Family,2009,1442437,9,17,Jesse Tyler Ferguson,204815.0,0.621
44,204,132,462,468,420,258,318,264,0.901,1416,1,"[0.7516989707946777, 0.6000398397445679, -0.9962499737739563, 0.8904590010643005, 2.3828952312469482, -1.2856218814849854, 1.7784494161605835, -0.1318773627281189, 0.32950419187545776, 0.19148939847946167, -1.1199569702148438, -0.43213900923728943, 1.2657017707824707, 0.5391502380371094, 1.5948295593261719, 0.4945605397224426, -0.943657636642456, -2.3324272632598877, -0.6350208520889282, -0.5129705667495728, -1.458868384361267, 1.9854005575180054, -1.7825629711151123, 2.0228049755096436, 1.4394762516021729, 0.782921314239502, 1.0364818572998047, 0.44629281759262085, 0.798122763633728, -1.325736165046692, 0.39631369709968567, 0.35929587483406067, -2.3528802394866943, 1.7304744720458984, -1.1135936975479126, -0.826698362827301, 1.0695167779922485, -2.9020063877105713, 0.345742404460907, -1.3949708938598633, -0.45009538531303406, 0.8492836356163025, 0.03812354803085327, -0.06260527670383453, -0.6630654335021973, 0.23797878623008728, -0.8482831716537476, -0.5736410617828369, -0.06091495603322983, 1.6117631196975708, -0.5144949555397034, 0.7441775798797607, -2.388418436050415, 1.080277681350708, -0.898766040802002, -1.7095502614974976, 0.5858321189880371, -1.501461386680603, -0.6956365704536438, 0.0206030011177063, -1.7235417366027832, -0.5691437125205994, 1.6633970737457275, 0.22807034850120544, -1.0557305812835693, 0.9158104062080383, -1.2681243419647217, -0.36597657203674316, -0.6244416832923889, -1.1608150005340576, 0.6700025200843811, -0.8386149406433105, 0.583293080329895, 0.20867575705051422, 0.23363690078258514, -0.07002772390842438, -0.21765539050102234, 0.9752258062362671, 0.48612719774246216, 1.099717140197754, -1.4938886165618896, 2.0369632244110107, -0.5762330293655396, -0.6566704511642456, -0.28246745467185974, -0.18270006775856018, -0.15090319514274597, 0.4748324155807495, 0.8147822618484497, 0.6451231837272644, 1.196950912475586, -0.05853903293609619, 0.423835426568985, -0.7052793502807617, 1.5219836235046387, 0.7404904365539551, -0.6135382056236267, 0.667163074016571, 0.166959747672081, 0.12430671602487564, -0.1901501566171646, 0.4009746313095093, -0.2489069104194641, -0.8671181797981262, 0.20700737833976746, 0.013469856232404709, -0.6132149696350098, 0.5410003662109375, -1.1002031564712524, -0.900624692440033, -0.04236697405576706, -0.8457911014556885, 1.8511179685592651, -1.6969349384307861, 2.0830090045928955, 0.73173987865448, 0.30186644196510315, 0.3902474641799927, 0.27180662751197815, 0.4834592640399933, -0.15722031891345978, -0.28253722190856934, 1.2995902299880981, -0.19710470736026764, -0.06095170974731445, -0.21677738428115845, 0.14297091960906982, -0.3061353862285614]",yunet,Facenet,1920,1080,/home/amos/media/tv/modern_family/Modern.Family.S09.1080p.DSNP.WEB-DL.DDP5.1.H.264-CRFW/Modern.Family.S09E17.Royal.Visit.1080p.DSNP.WEB-DL.DDP5.1.H.264-CRFW.mkv,Modern Family,2009,1442437,9,17,Eric Stonestreet,156962.0,0.652
45,1260,186,1452,444,1434,288,1356,282,0.916,1440,0,"[-1.3270336389541626, -0.6274785995483398, -1.1296316385269165, -0.9270086884498596, 1.074644684791565, -0.06135377287864685, -0.5587934851646423, 0.9681640267372131, 2.388676643371582, -0.3436269462108612, 0.38209569454193115, -1.677597165107727, -0.8294956088066101, -0.7204742431640625, -0.6030378341674805, 1.8004982471466064, -0.6572139263153076, 0.25036823749542236, 0.20355728268623352, 0.8972132205963135, 1.292580246925354, 2.49942684173584, 0.8786949515342712, 0.46203017234802246, 0.7741914987564087, 1.6535667181015015, 1.0196185111999512, -2.1262216567993164, 1.8867714405059814, -0.07230503857135773, -0.10940544307231903, 0.033060796558856964, 1.11541748046875, -0.6984067559242249, 0.3164651691913605, 0.9175798892974854, 1.5605595111846924, -0.06964627653360367, -0.2270491123199463, -1.2025355100631714, -0.8477566242218018, 0.4835587739944458, -1.2560101747512817, -1.0229144096374512, 1.0999116897583008, 0.8495014309883118, -1.7861969470977783, 0.27863258123397827, -0.7632089853286743, 1.5381035804748535, -0.27459776401519775, 1.2771904468536377, -1.760739803314209, 1.6975806951522827, -2.055710554122925, -0.7915823459625244, 0.8027358055114746, -0.45814448595046997, -1.6918134689331055, -0.6746705174446106, 1.1963154077529907, 1.1457533836364746, -0.3834652900695801, 1.5614007711410522, -0.3773879110813141, 1.049519419670105, 1.6077560186386108, 0.5468316078186035, 0.4540887773036957, -2.1339704990386963, -0.3390808701515198, -0.6903378963470459, -1.416213035583496, -1.0072321891784668, 1.9332342147827148, -1.367163062095642, -0.9107677936553955, -0.35771819949150085, -1.0716115236282349, -0.4825265407562256, -2.4459381103515625, 1.3234448432922363, 0.022835247218608856, 0.00970260240137577, -0.7027080059051514, 0.9633111953735352, -0.3861563503742218, 1.5902117490768433, 0.027897484600543976, -1.2925400733947754, 0.06228362023830414, 0.6916391849517822, 2.1859121322631836, 0.745048463344574, 0.002163633704185486, 1.0137211084365845, -0.627081036567688, -0.30926650762557983, -0.9605068564414978, -0.24019941687583923, 0.4903789758682251, 0.5825930237770081, 0.4255354404449463, -0.8079618215560913, 0.14498889446258545, 0.10036841034889221, -1.0573023557662964, 0.9098755121231079, 0.9471010565757751, 0.39235877990722656, -0.5660037994384766, -2.172354221343994, 1.457194447517395, -0.039409223943948746, -0.07407769560813904, 0.9824477434158325, -0.27073848247528076, -0.11584419012069702, -1.1558420658111572, -0.06068618595600128, -0.6715002059936523, 1.351401925086975, 0.3810041546821594, -1.1054474115371704, 1.4516804218292236, -1.15236496925354, -0.23622609674930573, 0.26074156165122986]",yunet,Facenet,1920,1080,/home/amos/media/tv/modern_family/Modern.Family.S09.1080p.DSNP.WEB-DL.DDP5.1.H.264-CRFW/Modern.Family.S09E17.Royal.Visit.1080p.DSNP.WEB-DL.DDP5.1.H.264-CRFW.mkv,Modern Family,2009,1442437,9,17,Jesse Tyler Ferguson,204815.0,0.56
46,342,126,594,468,516,252,402,258,0.915,1440,1,"[1.052411675453186, 0.3495093584060669, -1.3737499713897705, 0.6101869940757751, 2.6007721424102783, -1.3553446531295776, 1.7952406406402588, -0.17068800330162048, 0.5721403360366821, 0.6807750463485718, -1.1183828115463257, -0.37394121289253235, 0.869918704032898, 0.7274811267852783, 1.4335395097732544, 0.6550934314727783, -1.175844669342041, -1.498010516166687, -0.45122361183166504, -0.32063478231430054, -1.1280759572982788, 2.057542324066162, -1.6055587530136108, 2.494701385498047, 1.7766947746276855, 1.3967808485031128, 0.8686872720718384, 0.013195596635341644, 0.9848139882087708, -1.477360725402832, 0.887608528137207, 0.9639737606048584, -1.3847801685333252, 1.1640011072158813, -1.1801164150238037, -1.0684659481048584, 0.9624438285827637, -2.315592050552368, 0.6598275303840637, -0.9370523691177368, -0.16668905317783356, 0.8881176710128784, 0.4189048409461975, -0.540571928024292, -1.1563403606414795, 0.3590742349624634, -1.5998424291610718, -0.6180273294448853, -0.735007643699646, 2.003591537475586, -0.4280228018760681, 0.3531501591205597, -2.0336084365844727, 1.3198213577270508, -0.22749274969100952, -1.9676244258880615, 0.7500036954879761, -1.4369008541107178, -1.137759804725647, -0.598763644695282, -1.1373674869537354, -1.0025227069854736, 1.3916752338409424, 0.03687673434615135, -1.2640880346298218, 0.5618178844451904, -1.1274003982543945, -0.29787948727607727, -0.6487434506416321, -0.9219387769699097, 0.6096718311309814, -0.7867527008056641, 1.043345332145691, -0.038651201874017715, 0.34590232372283936, -1.0943903923034668, 0.3079942464828491, 0.7157497406005859, 0.5738024115562439, 1.3885642290115356, -1.5489544868469238, 1.6674251556396484, -0.4605206549167633, -0.9189844727516174, -0.9192074537277222, 0.9761978387832642, -0.5712348818778992, 0.5531378388404846, 1.8726638555526733, 0.6704530715942383, 1.2509255409240723, -0.15195585787296295, 0.19611957669258118, -0.4805225431919098, 2.048189878463745, -0.14632505178451538, -0.3843400478363037, 0.5136221051216125, -0.8351358771324158, -0.7677889466285706, 0.06409108638763428, 0.8432425856590271, -0.38046446442604065, -1.2434964179992676, 0.3188912570476532, -0.7279280424118042, -0.19074860215187073, -0.25463876128196716, -0.48568642139434814, -0.031740639358758926, -0.40492409467697144, -0.2812579870223999, 1.8969488143920898, -1.4392414093017578, 1.6083049774169922, -0.11453864723443985, -0.274918794631958, 0.11539078503847122, 0.7002481818199158, 0.03193613886833191, -1.1868202686309814, 0.38909029960632324, 1.769138216972351, -0.5687479972839355, 0.19434431195259094, 0.03647518903017044, 0.634687066078186, 0.4279531240463257]",yunet,Facenet,1920,1080,/home/amos/media/tv/modern_family/Modern.Family.S09.1080p.DSNP.WEB-DL.DDP5.1.H.264-CRFW/Modern.Family.S09E17.Royal.Visit.1080p.DSNP.WEB-DL.DDP5.1.H.264-CRFW.mkv,Modern Family,2009,1442437,9,17,Eric Stonestreet,156962.0,0.705
47,1284,204,1506,492,1476,306,1368,306,0.924,1464,0,"[-1.6611065864562988, -0.7694696187973022, -0.4589711129665375, -1.2389867305755615, 1.4846372604370117, -0.7906395792961121, -0.35096415877342224, -0.40263694524765015, 2.9424784183502197, -0.0440177321434021, 0.4242156147956848, -1.3292053937911987, -0.6972874999046326, -1.3248772621154785, 0.3064556419849396, 0.9326708316802979, -0.16093970835208893, 0.05769137293100357, -0.3322623670101166, 0.06535482406616211, 1.9509097337722778, 1.0442306995391846, 2.066380023956299, 1.2429170608520508, 0.9556337594985962, 1.3854542970657349, 1.0789660215377808, -2.667954444885254, 1.7728034257888794, -0.5749076008796692, -0.49775657057762146, -0.6214498281478882, 0.7674933671951294, -0.5673214793205261, 1.1097959280014038, 0.9155418276786804, 1.1105989217758179, -0.3310064375400543, -1.3436565399169922, -1.7114017009735107, -1.412264347076416, -0.6510254144668579, -2.0103070735931396, 0.29168179631233215, 0.27887070178985596, 0.8769955635070801, -1.478510856628418, -0.6881476640701294, -0.4136987328529358, 0.0773986428976059, 0.6156253814697266, -0.08698132634162903, -2.2863407135009766, -0.2808758020401001, -0.9404354095458984, -1.1950950622558594, 0.2858664393424988, -0.17891481518745422, -1.329252004623413, -1.132098913192749, 0.7306690216064453, 0.32267308235168457, -0.6915329098701477, -0.5080815553665161, -1.327406883239746, 1.4885276556015015, 0.887417733669281, 0.7186511158943176, 1.3877676725387573, -1.7052133083343506, -0.2949652373790741, -1.0015829801559448, -1.5917463302612305, -1.860260009765625, 0.8938983678817749, -0.6948524713516235, -0.5602405071258545, -0.5817694067955017, -1.8750110864639282, -1.5870100259780884, -2.5988051891326904, 1.330886960029602, -0.8692120909690857, 0.4110047519207001, -1.1838371753692627, 0.6087497472763062, -0.38845494389533997, 0.11651842296123505, 0.14730031788349152, -1.1589218378067017, 0.8055181503295898, -0.3988649547100067, 1.9267656803131104, 0.7708345055580139, -0.5841025114059448, 1.4742722511291504, 0.05640653148293495, 0.7570911049842834, -0.5939127206802368, -0.020887605845928192, 0.30149614810943604, 0.07623458653688431, 1.1463446617126465, -0.8534557223320007, 0.0010506659746170044, 0.09979446232318878, -0.6057726740837097, 0.3748692572116852, 0.854249894618988, 0.5257631540298462, -1.3638999462127686, -1.357616662979126, 1.7771106958389282, -1.321760654449463, 0.4843011796474457, 1.5405666828155518, -0.10792484879493713, -1.0370417833328247, -1.4088488817214966, 0.5134851932525635, -0.45926356315612793, 0.8789174556732178, -0.13676351308822632, -1.0350122451782227, 1.4353715181350708, -0.9068565964698792, -0.3866463601589203, 0.012914050370454788]",yunet,Facenet,1920,1080,/home/amos/media/tv/modern_family/Modern.Family.S09.1080p.DSNP.WEB-DL.DDP5.1.H.264-CRFW/Modern.Family.S09E17.Royal.Visit.1080p.DSNP.WEB-DL.DDP5.1.H.264-CRFW.mkv,Modern Family,2009,1442437,9,17,Jesse Tyler Ferguson,204815.0,0.607
48,492,132,738,456,672,246,570,252,0.908,1464,1,"[0.7560760974884033, -0.24513685703277588, -0.700901985168457, 0.9889134168624878, 2.1215097904205322, -1.3384311199188232, 2.153411388397217, -0.8596152067184448, 0.19902995228767395, -0.07701834291219711, -0.3348480463027954, -0.3897784650325775, 0.2662776708602905, 0.8560514450073242, 0.4157009422779083, 0.7404987812042236, -0.1569809913635254, -1.8311002254486084, -1.425215482711792, -0.42509546875953674, -1.090041995048523, 1.5234885215759277, -0.793823778629303, 0.9334750175476074, 1.2668875455856323, 1.0266739130020142, 1.3503938913345337, 0.030033748596906662, 0.4739078879356384, -1.016230821609497, 0.5961674451828003, 1.078061819076538, -2.4928197860717773, 1.9782705307006836, -1.1276087760925293, -0.08604256808757782, 0.9483140707015991, -2.8184382915496826, 0.48126646876335144, -1.3554437160491943, -0.5599877238273621, 0.31422069668769836, -0.10009834170341492, -0.48608702421188354, 0.2129492461681366, -0.10677163302898407, -1.0254466533660889, -0.654090166091919, -0.5211943984031677, 2.3176493644714355, -1.062610387802124, -0.4065670371055603, -1.8340948820114136, 0.9337577819824219, -0.5141972899436951, -1.6401187181472778, 0.48186051845550537, -0.27473312616348267, -0.7120910882949829, -0.5392939448356628, -2.3343052864074707, -0.8489439487457275, 1.7193242311477661, 0.7002997398376465, -1.0199613571166992, 0.8386602401733398, -1.181822419166565, -0.07651382684707642, -0.7692364454269409, -0.9208242893218994, 0.6670759320259094, -0.4644455313682556, 0.5665572881698608, 0.20327527821063995, 0.6461520195007324, -0.672511637210846, -0.2599602937698364, 0.6482283473014832, 0.740077555179596, 0.7096884250640869, -1.6702696084976196, 1.6364665031433105, -0.6754502654075623, -1.591024398803711, -0.6336104273796082, 0.5976027250289917, -0.9248960018157959, 0.5227714776992798, 1.1610010862350464, 0.10248392820358276, 1.2295809984207153, 0.061310917139053345, 0.03896918520331383, -1.0374079942703247, 2.0759198665618896, 0.6889274716377258, -0.9533942937850952, 0.5889495611190796, 0.009038705378770828, -0.16639481484889984, -0.066992849111557, 0.9675350785255432, -0.41974014043807983, -1.6653673648834229, 0.15808480978012085, 0.04213208705186844, 0.5509882569313049, -0.3482116162776947, -1.2055214643478394, -1.536393165588379, -0.1604134440422058, 0.6397503018379211, 2.4815680980682373, -1.6318330764770508, 2.142893075942993, 0.8932461738586426, 0.45362111926078796, 0.6752773523330688, -0.3049478530883789, 0.7652393579483032, -0.6336320638656616, -0.3584061563014984, 2.876675605773926, -1.295287847518921, -0.400518000125885, 0.13061702251434326, 0.7651201486587524, 0.24229885637760162]",yunet,Facenet,1920,1080,/home/amos/media/tv/modern_family/Modern.Family.S09.1080p.DSNP.WEB-DL.DDP5.1.H.264-CRFW/Modern.Family.S09E17.Royal.Visit.1080p.DSNP.WEB-DL.DDP5.1.H.264-CRFW.mkv,Modern Family,2009,1442437,9,17,Eric Stonestreet,156962.0,0.655
49,1236,210,1452,486,1404,312,1308,312,0.913,1488,0,"[-1.3093401193618774, -0.8122121095657349, -0.624061644077301, -0.9960101842880249, 1.0000702142715454, -1.1976484060287476, -1.1811422109603882, 0.39760732650756836, 2.642855644226074, -0.9416825771331787, 1.2326921224594116, -1.7775009870529175, -0.8105478882789612, -1.1591309309005737, -0.42121073603630066, 0.43622493743896484, -0.4892862141132355, -0.09498006850481033, -0.31890562176704407, 0.44267791509628296, 1.493995189666748, 0.8699949383735657, 2.0162086486816406, 0.403400182723999, 0.2612196207046509, 0.5001347661018372, 0.49684175848960876, -2.2908763885498047, 2.083405017852783, 0.447771281003952, -1.0370419025421143, -0.4356337785720825, 0.16813351213932037, -0.2516566514968872, 0.211594820022583, 1.710054636001587, 0.9226255416870117, -0.3759046196937561, -1.4827592372894287, -2.338172674179077, -0.6771636605262756, -0.5397630333900452, -2.0993664264678955, 0.19060003757476807, 0.5968031287193298, 0.34720054268836975, -0.5872719883918762, -0.10009200870990753, -0.8741127252578735, 0.6517305374145508, 0.7259394526481628, 0.3616282641887665, -1.7520607709884644, 0.5148794651031494, -1.3845475912094116, -1.820915699005127, -0.4197957217693329, -0.13494311273097992, -0.34164851903915405, -0.4871523976325989, 0.6217612624168396, 0.32069897651672363, -0.3714907467365265, -0.3590308427810669, -0.45347514748573303, 1.8982915878295898, 0.6644454598426819, 0.4618811011314392, 0.15082654356956482, -1.492619276046753, -0.6627832651138306, -1.5225043296813965, -1.4581143856048584, -1.3147261142730713, 0.44781529903411865, 0.3148271143436432, -0.8637795448303223, 0.054389651864767075, -0.98035728931427, -1.982520580291748, -2.159233570098877, 1.634135127067566, -0.7901503443717957, 0.21716280281543732, -0.70298171043396, 0.0802508294582367, -0.921877384185791, 0.45056527853012085, 0.1699722409248352, -1.4313642978668213, 1.3752267360687256, 0.8582232594490051, 1.3871535062789917, 0.46698543429374695, -1.0613876581192017, 2.127162456512451, -0.24609161913394928, -0.07104340195655823, -0.9261682033538818, -0.28992319107055664, -0.17448386549949646, -0.47471684217453003, 1.2976351976394653, -0.8563368916511536, -0.1583375334739685, 1.107488989830017, 0.15843729674816132, 1.42349112033844, 0.9824497699737549, 0.6167817115783691, -0.9970504641532898, -2.0098917484283447, 1.4746308326721191, -1.232773780822754, 0.6608637571334839, 0.9704893827438354, -0.011519648134708405, -1.919520616531372, -1.6150368452072144, 0.24716930091381073, -0.6810040473937988, 0.7079916000366211, -0.4316507577896118, -1.150282859802246, 1.7342051267623901, -0.9708449840545654, -0.33257943391799927, -0.9083940982818604]",yunet,Facenet,1920,1080,/home/amos/media/tv/modern_family/Modern.Family.S09.1080p.DSNP.WEB-DL.DDP5.1.H.264-CRFW/Modern.Family.S09E17.Royal.Visit.1080p.DSNP.WEB-DL.DDP5.1.H.264-CRFW.mkv,Modern Family,2009,1442437,9,17,Jesse Tyler Ferguson,204815.0,0.633
50,426,108,660,438,636,228,582,228,0.903,1488,1,"[0.2843378782272339, 0.030426248908042908, -0.830068826675415, -0.5390672087669373, 2.2479424476623535, -0.4890332520008087, 0.7804449796676636, 1.510266661643982, -0.08692430704832077, 0.1735820472240448, -0.5801189541816711, -0.5814365148544312, 0.09752117097377777, 0.7134110927581787, 1.2980674505233765, 0.49758899211883545, -1.9195764064788818, -1.5840121507644653, 0.9542510509490967, -0.08249566704034805, -1.8198329210281372, 1.7640528678894043, -2.032134532928467, 0.7305263876914978, 0.7519648671150208, 1.2509584426879883, 1.312661051750183, 0.18215276300907135, -0.06199920177459717, -1.3747409582138062, -0.321897029876709, 1.1957454681396484, -1.325729250907898, 0.3785606920719147, -1.268137812614441, 0.453772634267807, 0.9166689515113831, -3.2067809104919434, 0.8371976017951965, -1.8375942707061768, -0.49674344062805176, 0.5092383027076721, -0.3434632420539856, -1.0186514854431152, 0.4546532928943634, -0.12127603590488434, -2.222186326980591, 1.0703363418579102, -0.24215783178806305, 1.523643136024475, -0.02151113748550415, 1.7430046796798706, -1.8486770391464233, 2.2059426307678223, -1.3157129287719727, -2.4822540283203125, -0.16984693706035614, -0.7749446034431458, -1.1750752925872803, 0.04870571196079254, -0.5747411847114563, -0.5262710452079773, 1.7493033409118652, 1.9415172338485718, 0.14373260736465454, 0.3999738097190857, -0.564003050327301, -1.11990225315094, 0.009625602513551712, -0.4743185043334961, 0.7221930623054504, -1.4925841093063354, -0.4294770658016205, 1.684628963470459, 1.0074577331542969, -1.032652735710144, -0.3728364408016205, 1.572268009185791, 1.1564148664474487, 2.241896867752075, -1.5041359663009644, 2.2749714851379395, -0.5596535205841064, -0.9758400321006775, -0.299111545085907, -0.620247483253479, -0.22400791943073273, 0.4813264012336731, -0.09798595309257507, -0.32524868845939636, 0.0697086751461029, 0.6486450433731079, 0.17245006561279297, -0.012458786368370056, 0.9419059753417969, 0.590221643447876, -1.4770610332489014, 0.20374588668346405, -0.5370668768882751, 0.5588362216949463, -1.0738115310668945, -0.10720166563987732, 0.05004829913377762, -0.22182296216487885, -0.7254453897476196, 0.201991468667984, -0.6256659626960754, 0.44482100009918213, -0.7715574502944946, -0.37111759185791016, -0.1027749627828598, -1.9067163467407227, 1.2846170663833618, -0.8696978688240051, 2.1377289295196533, 1.5936453342437744, 1.0688813924789429, 0.3766270577907562, -0.4476536810398102, 0.7630728483200073, -1.1699494123458862, 0.08963802456855774, 1.2020633220672607, 0.2950608432292938, -0.13273568451404572, 0.024273820221424103, 0.254940003156662, 0.26172569394111633]",yunet,Facenet,1920,1080,/home/amos/media/tv/modern_family/Modern.Family.S09.1080p.DSNP.WEB-DL.DDP5.1.H.264-CRFW/Modern.Family.S09E17.Royal.Visit.1080p.DSNP.WEB-DL.DDP5.1.H.264-CRFW.mkv,Modern Family,2009,1442437,9,17,,,
51,1002,138,1158,342,1104,222,1032,222,0.901,1512,0,"[-1.3204975128173828, 0.4695931375026703, -0.48952195048332214, -1.154663324356079, 1.3294988870620728, 0.09396117925643921, 0.5689008235931396, 1.531236171722412, 1.517927885055542, 0.5380111932754517, 1.5410590171813965, -1.5311402082443237, -1.4109832048416138, -0.484978586435318, -0.3007953464984894, 0.33864396810531616, -2.3609728813171387, -1.043375849723816, -1.2195507287979126, 0.7719190120697021, 1.6958423852920532, 0.20835000276565552, 0.5180500149726868, -0.03224167227745056, -0.7369412183761597, -0.3514879047870636, 0.2824043929576874, -1.9474586248397827, -0.9665932655334473, -0.5765812397003174, -1.5642726421356201, -0.18597623705863953, -1.0675336122512817, 0.05368240922689438, 0.4488016963005066, 0.47069722414016724, 0.007885310798883438, 0.5935213565826416, 2.024744987487793, -2.982161521911621, -1.2077608108520508, -0.22966738045215607, -3.0755131244659424, -1.1983665227890015, -1.6810945272445679, -0.2641969919204712, -0.33230018615722656, -0.8924987316131592, -0.46953320503234863, 0.5512064695358276, -1.5253039598464966, 1.8773406744003296, 0.6713710427284241, -1.2246137857437134, -0.527180552482605, -1.3783600330352783, 0.15142779052257538, 0.014192946255207062, -0.5401515364646912, -0.0237024687230587, -0.3704237937927246, 1.1909819841384888, -0.7709113359451294, 0.020329009741544724, 0.910431444644928, 0.23109039664268494, 0.40371519327163696, 0.6928725242614746, 1.5470796823501587, 0.6447280645370483, 0.34365975856781006, -0.8397310972213745, -3.4839048385620117, -0.7578384280204773, 0.5295547842979431, 0.6901599764823914, -1.8349595069885254, 0.32805076241493225, -1.0694407224655151, -0.37244075536727905, 0.41559484601020813, -1.9022216796875, 0.021751441061496735, 0.39933761954307556, 1.2103935480117798, 1.613006591796875, -0.6633777618408203, 0.9834942817687988, -1.744183897972107, -1.7700973749160767, 1.6324131488800049, -0.7261674404144287, 0.3457922041416168, 1.3603856563568115, -0.6058410406112671, 2.0446102619171143, -1.4631839990615845, -0.6647474765777588, 0.5595110654830933, 0.0614190474152565, -2.321138381958008, 0.5041723847389221, -0.6964725255966187, -1.7236605882644653, -0.36302265524864197, -0.14061611890792847, 0.4825294315814972, -0.3280806541442871, -0.5936384201049805, 1.8359434604644775, 0.3156430125236511, -1.23856520652771, -0.10103374719619751, -0.37549012899398804, -0.4653930366039276, 2.1622579097747803, -0.9963129758834839, -0.36686646938323975, -2.0863726139068604, 2.055741548538208, -0.3449733257293701, 0.47319331765174866, -0.8943842649459839, -1.050955057144165, -0.37619245052337646, -1.5080710649490356, -0.22803455591201782, -0.4233783483505249]",yunet,Facenet,1920,1080,/home/amos/media/tv/modern_family/Modern.Family.S09.1080p.DSNP.WEB-DL.DDP5.1.H.264-CRFW/Modern.Family.S09E17.Royal.Visit.1080p.DSNP.WEB-DL.DDP5.1.H.264-CRFW.mkv,Modern Family,2009,1442437,9,17,Steve Valentine,78311.0,0.746
52,1266,216,1494,516,1440,318,1338,324,0.921,1560,0,"[-0.903663158416748, -0.6906079053878784, -1.2039928436279297, -0.4978863000869751, 0.6974363327026367, -0.31691688299179077, -0.23899391293525696, -0.5205562114715576, 3.0045857429504395, -0.18654213845729828, 1.2630207538604736, -1.8831313848495483, -1.1799408197402954, -0.9553598165512085, -1.1286940574645996, -0.05285533517599106, -0.04004553705453873, -0.2559269666671753, -0.8685421943664551, -0.2949720025062561, 1.1451809406280518, 0.8814626336097717, 2.1020467281341553, 0.38578662276268005, 0.738934338092804, 1.6756056547164917, 1.2778687477111816, -2.6999783515930176, 1.441940426826477, -0.42377737164497375, -0.6289377212524414, -0.06221480295062065, 0.39104196429252625, -0.43684712052345276, 0.9041222929954529, 2.036550521850586, 0.8602534532546997, 0.0029803067445755005, -1.3246409893035889, -1.5773077011108398, -0.8387056589126587, -0.7375018000602722, -1.0899306535720825, -0.21734169125556946, 1.3340147733688354, 0.3330824673175812, -1.5277366638183594, 0.5677846670150757, -0.299039751291275, -0.09775634109973907, 1.197751760482788, -0.7531083226203918, -1.8286460638046265, 0.0207180455327034, -1.2049880027770996, -0.7919921278953552, 0.05845474451780319, 0.34407198429107666, -0.5568232536315918, -2.6153388023376465, -0.7005512118339539, 0.6800042986869812, -0.8327738046646118, 0.008771838620305061, -0.6404481530189514, 1.8981225490570068, 0.1266813725233078, 0.3834446668624878, 0.4348262846469879, -1.9504975080490112, 0.11534502357244492, -1.215948224067688, -0.8706201314926147, -1.040558099746704, -0.08637706935405731, -0.7853817343711853, -0.5777450203895569, -0.312034010887146, -1.2068371772766113, -1.8603874444961548, -1.7165721654891968, 1.3355982303619385, -0.945709228515625, -0.10651575773954391, -1.135316252708435, 0.15917135775089264, -0.5669578909873962, 0.9848724603652954, 0.5133630037307739, -1.0583773851394653, 0.825008749961853, 0.507339358329773, 2.135219097137451, 1.170212745666504, -0.7515639066696167, 2.1429173946380615, 0.4359736442565918, 0.6658159494400024, -1.0827984809875488, -0.009895195253193378, -0.021638264879584312, -1.0273241996765137, 1.3957327604293823, -1.0205211639404297, -0.8315802812576294, 0.7961799502372742, 0.736257791519165, 0.7127149105072021, 1.242235541343689, 0.0959710031747818, -0.5513303875923157, -1.2787871360778809, 1.6956242322921753, -0.40393635630607605, 0.7749930620193481, 1.7825007438659668, 0.245566725730896, -1.207637071609497, -0.7572420239448547, 0.4784654676914215, -1.1750959157943726, 0.5796750783920288, 0.4057496190071106, -0.8008363246917725, 1.3094611167907715, -0.047984302043914795, 0.8450801968574524, -0.6905854940414429]",yunet,Facenet,1920,1080,/home/amos/media/tv/modern_family/Modern.Family.S09.1080p.DSNP.WEB-DL.DDP5.1.H.264-CRFW/Modern.Family.S09E17.Royal.Visit.1080p.DSNP.WEB-DL.DDP5.1.H.264-CRFW.mkv,Modern Family,2009,1442437,9,17,Jesse Tyler Ferguson,204815.0,0.712
53,456,138,714,480,684,270,588,270,0.905,1560,1,"[1.3635878562927246, 0.571287989616394, -1.002455234527588, 0.3694789409637451, 1.3239812850952148, -0.5909090042114258, 2.158968210220337, 0.13370418548583984, -0.5805289149284363, 1.076141357421875, -1.495599389076233, -0.35187435150146484, 0.27199769020080566, 0.40607166290283203, 0.43407994508743286, 1.101332664489746, -1.1851983070373535, -2.618741273880005, -0.14573222398757935, 0.22529330849647522, -1.2068520784378052, 2.7133209705352783, -0.9399011135101318, 1.2292087078094482, 1.230039119720459, 1.5088911056518555, 1.9141422510147095, 0.5937158465385437, 0.7145765423774719, -0.9058992862701416, -0.1773834228515625, 1.8571761846542358, -1.7182117700576782, 1.4679118394851685, -2.0275511741638184, -1.6266274452209473, 0.7716022729873657, -2.6251888275146484, 1.032407522201538, -1.6193029880523682, -0.93813556432724, -0.162491112947464, -0.9143084287643433, -0.489976167678833, 0.367659330368042, 0.5216204524040222, -0.9789007306098938, -0.8750450611114502, -0.4114024043083191, 2.125946283340454, -0.7158625721931458, 0.4090311527252197, -1.8436821699142456, 0.8053095936775208, -1.0362448692321777, -2.2718465328216553, 0.37299850583076477, -0.5601301789283752, -1.4625390768051147, -0.37157145142555237, -2.165548324584961, -1.2998679876327515, 1.203479290008545, 0.036977626383304596, -1.1490861177444458, 0.1901548206806183, -0.3784743547439575, -0.6015702486038208, 0.027952276170253754, -1.563198447227478, -0.013303636573255062, -0.8952594995498657, 0.7302199602127075, 0.95944744348526, 0.8900436162948608, -0.3466024100780487, -0.6395827531814575, 0.6415330767631531, 1.874558448791504, 1.5209729671478271, -1.2092012166976929, 2.272733688354492, 0.04392825812101364, -1.3473732471466064, -0.44963130354881287, 0.8013350963592529, -0.2467910349369049, 0.9877177476882935, 1.0329301357269287, 1.0624785423278809, 0.6325161457061768, -0.36453044414520264, 0.44565144181251526, -0.5995587110519409, 2.7338879108428955, -0.28869783878326416, -0.8242800235748291, 0.9297815561294556, -0.31500405073165894, -0.5614473223686218, -0.06379864364862442, -0.12073641270399094, -0.6136162281036377, -0.4024454951286316, -0.8199248909950256, -0.5047804713249207, 0.030559487640857697, 0.9824705123901367, -1.225281000137329, -0.5747814178466797, -0.4151880741119385, -0.39895766973495483, 1.5613300800323486, -1.1578030586242676, 2.15983247756958, 0.688422679901123, 0.07798153907060623, 0.23716503381729126, 0.3195881247520447, 0.06326809525489807, 0.1508137583732605, 0.433644562959671, 0.4439994692802429, 0.40925532579421997, -0.2980475425720215, -0.27178695797920227, -0.036837682127952576, 0.5094972848892212]",yunet,Facenet,1920,1080,/home/amos/media/tv/modern_family/Modern.Family.S09.1080p.DSNP.WEB-DL.DDP5.1.H.264-CRFW/Modern.Family.S09E17.Royal.Visit.1080p.DSNP.WEB-DL.DDP5.1.H.264-CRFW.mkv,Modern Family,2009,1442437,9,17,Eric Stonestreet,156962.0,0.598
54,1062,150,1218,354,1164,234,1098,234,0.91,1608,0,"[-1.0220227241516113, -0.41264256834983826, 1.0460914373397827, -1.1737879514694214, 0.5243096947669983, 0.6316320300102234, 1.2792413234710693, 1.1944305896759033, 2.0022013187408447, 0.11438843607902527, 0.9178037643432617, -1.4946433305740356, -1.2912858724594116, -0.009605854749679565, -1.031607985496521, -0.34056782722473145, -3.028588056564331, -0.6721004843711853, -1.2393306493759155, 0.5058751106262207, 1.4159127473831177, -0.6199908256530762, 0.13317739963531494, -0.6851885914802551, -0.7603998780250549, -0.3282546103000641, 0.1220015287399292, -1.673905611038208, -1.9504170417785645, -0.8230022192001343, -1.2020785808563232, -0.2986927032470703, -1.3478971719741821, 0.15702831745147705, 0.23552647233009338, 0.5605959296226501, -1.2675381898880005, -0.8695083856582642, 2.381051778793335, -2.245333671569824, -0.8072605729103088, -0.9622104167938232, -2.170720338821411, -1.7252769470214844, -0.5820873379707336, -0.12385164201259613, -0.6765261888504028, -0.12931613624095917, -0.771434485912323, -0.05445697903633118, -2.2830045223236084, 1.4798997640609741, 0.7443246245384216, -0.9545314311981201, -0.691447377204895, -1.8556671142578125, 0.2754804491996765, 0.7973794937133789, -1.2185747623443604, 0.10693071037530899, -0.6395208835601807, 0.5115183591842651, 0.08969280868768692, 0.48699578642845154, 0.9846787452697754, 0.15110048651695251, 0.6395146250724792, -0.2921665906906128, 2.101637840270996, 0.7862166166305542, 0.9296724200248718, -0.91553795337677, -2.7119061946868896, -0.3369740843772888, -0.31273508071899414, -0.5849952697753906, -1.7824887037277222, 0.11610449850559235, 0.3722561001777649, 0.6159713268280029, 1.7630255222320557, -3.0834157466888428, 1.1432452201843262, -0.5836388468742371, 0.9736378192901611, 0.32762980461120605, -0.773510754108429, 0.638153076171875, -1.205045461654663, -0.945699155330658, 1.2007098197937012, -1.058334469795227, -0.6881567239761353, 1.8899627923965454, -1.016453742980957, 2.628406286239624, -2.621331214904785, 0.2809322774410248, 0.15589936077594757, 0.5725622177124023, -1.6035460233688354, 0.43954506516456604, -0.11540089547634125, -0.6760908365249634, -0.9723594188690186, 0.5271837711334229, 0.19365668296813965, -1.1135997772216797, -2.0724103450775146, 0.8401927947998047, 0.9541283249855042, -0.20203690230846405, -0.0025500357151031494, -0.5430877208709717, 0.3076837360858917, 2.026029109954834, -0.37327465415000916, 0.09398478269577026, -1.6097373962402344, 1.359129786491394, -0.575646162033081, 0.03522293269634247, -0.529167652130127, -0.30095186829566956, -1.192899227142334, -1.0025031566619873, 0.18735475838184357, 0.02751287817955017]",yunet,Facenet,1920,1080,/home/amos/media/tv/modern_family/Modern.Family.S09.1080p.DSNP.WEB-DL.DDP5.1.H.264-CRFW/Modern.Family.S09E17.Royal.Visit.1080p.DSNP.WEB-DL.DDP5.1.H.264-CRFW.mkv,Modern Family,2009,1442437,9,17,Steve Valentine,78311.0,0.821
55,852,114,1032,360,984,210,900,210,0.901,1704,0,"[0.7487448453903198, 0.513778805732727, -1.0049210786819458, -0.08664463460445404, 3.294173240661621, 0.1509634554386139, 1.4662840366363525, 0.021510416641831398, 0.8923770785331726, 0.9483506679534912, -0.6217954158782959, -0.76870197057724, -0.962806761264801, 0.6699599027633667, 1.6856753826141357, 0.7968140244483948, -0.2835980951786041, -2.2195334434509277, -0.8072797656059265, -1.3593286275863647, -0.9219248294830322, 1.240289568901062, -0.567090630531311, 2.06919002532959, 1.7055994272232056, 1.2701022624969482, 1.2490004301071167, -0.2057839035987854, 0.19502362608909607, -1.1101385354995728, 0.9181089401245117, 0.690852165222168, -2.3797380924224854, 1.1065388917922974, 0.41051992774009705, 0.18176095187664032, 0.8168375492095947, -2.600416421890259, -0.5093144774436951, -1.0594890117645264, -0.9770331978797913, -0.7133554816246033, -0.5240684747695923, -0.1969592571258545, 0.24883706867694855, -0.35403767228126526, -0.6265024542808533, 0.1574181169271469, -0.5559056997299194, 2.186405897140503, -0.03649912029504776, -0.39722520112991333, -1.1515785455703735, 0.9807752370834351, -1.0587477684020996, -1.3704090118408203, 0.4448443353176117, -1.9867315292358398, -0.45980972051620483, -0.33267515897750854, -1.9720790386199951, -0.5236406922340393, 1.2704161405563354, 0.2409304678440094, -1.0063730478286743, -0.33613961935043335, -1.4431517124176025, -0.19098976254463196, 0.19956877827644348, -1.2296379804611206, 0.3179517090320587, -1.1147480010986328, 0.24975861608982086, 0.4925699234008789, 0.06201277673244476, -0.44033974409103394, 0.5445780754089355, 0.7114408612251282, -0.23670694231987, 0.6289107203483582, -2.57747745513916, 1.926080584526062, -0.7211779356002808, -1.263588309288025, -0.059185855090618134, -0.42044034600257874, 1.1396604776382446, 0.001868516206741333, 2.3915066719055176, 0.9613910913467407, -0.392015665769577, -0.43769508600234985, 0.07181796431541443, -0.8699999451637268, 2.2010624408721924, 0.957133412361145, -0.4807495176792145, 0.35320723056793213, 0.42540356516838074, 1.3323397636413574, 0.05660220980644226, 0.6180864572525024, -0.55386883020401, -1.4546114206314087, 0.3018091320991516, -0.48286038637161255, -0.3238510191440582, 1.2150983810424805, 0.8959628343582153, -1.4726465940475464, -0.47721606492996216, -0.7431826591491699, 1.6965446472167969, -1.5561182498931885, 1.7472432851791382, 1.179216980934143, 1.4675852060317993, 0.854143500328064, -0.47554418444633484, -0.1690589040517807, 0.3043005168437958, -0.4548131227493286, 1.2412619590759277, -0.08504437655210495, -0.003355838358402252, 0.0499153807759285, -0.03370031714439392, -0.47051259875297546]",yunet,Facenet,1920,1080,/home/amos/media/tv/modern_family/Modern.Family.S09.1080p.DSNP.WEB-DL.DDP5.1.H.264-CRFW/Modern.Family.S09E17.Royal.Visit.1080p.DSNP.WEB-DL.DDP5.1.H.264-CRFW.mkv,Modern Family,2009,1442437,9,17,Eric Stonestreet,156962.0,0.57
56,846,126,1020,366,966,222,888,228,0.914,1728,0,"[0.8461862802505493, -0.10269258916378021, -0.3392460346221924, 0.08546305447816849, 3.365729331970215, 0.1086408719420433, 1.5146936178207397, -0.5065007209777832, 1.0054999589920044, 0.3667863607406616, -0.710783839225769, -0.4705844819545746, -0.18981030583381653, 0.8969895839691162, 0.4235054850578308, 1.0870037078857422, -0.2715805172920227, -1.6624342203140259, -0.5766164660453796, -0.7943425178527832, -0.6820952892303467, 1.647216558456421, -1.3282030820846558, 1.3965504169464111, 1.8645477294921875, 1.726181983947754, 0.986365795135498, 0.11316543072462082, 0.59210205078125, -1.1287094354629517, 1.2438169717788696, 0.9535276293754578, -2.120354652404785, 0.6938487887382507, -1.2472208738327026, 0.007918097078800201, 1.1188931465148926, -1.8922277688980103, 0.12015640735626221, -0.9391731023788452, 0.21637538075447083, -0.1318729966878891, -0.3512672781944275, -0.08959189802408218, -0.4178330898284912, 0.05141560360789299, -1.3405290842056274, -0.5264763832092285, -0.043809495866298676, 2.1564557552337646, -0.48663389682769775, 0.127943754196167, -1.4000413417816162, 0.5278423428535461, -0.33523833751678467, -1.2037417888641357, 0.7069058418273926, -2.4699273109436035, 0.05716225504875183, 0.43942317366600037, -1.466212272644043, -0.5477272272109985, 1.2932765483856201, 0.7399255037307739, -1.1668275594711304, 0.5171027183532715, -0.8876084089279175, -0.11516328901052475, -0.20041027665138245, -0.424701988697052, -0.27732136845588684, -0.1186925619840622, 0.6181989908218384, -0.13015034794807434, 0.8809123039245605, -0.37493959069252014, -0.1786481738090515, 0.702461838722229, -0.12660902738571167, 1.479781985282898, -2.9331672191619873, 1.7071208953857422, -0.19341245293617249, -1.0233122110366821, -0.32752105593681335, 0.5486643314361572, -0.1590130627155304, 0.5272616147994995, 2.2178142070770264, 1.0173765420913696, 0.8713138699531555, -0.30283454060554504, 0.03143714740872383, -1.3355011940002441, 2.5110669136047363, 0.12263832241296768, -0.3494803309440613, 0.26005107164382935, 0.1694014072418213, -0.07322632521390915, 0.851550281047821, 0.86700439453125, -1.1230961084365845, -1.9982426166534424, 0.4609295129776001, -0.1949271559715271, -0.19641321897506714, 0.5854464769363403, 0.2754600942134857, -1.112718939781189, -0.43134164810180664, 0.0016682147979736328, 1.7312545776367188, -1.5184516906738281, 2.0971949100494385, 0.5975009202957153, 0.6091574430465698, 1.0390889644622803, -0.29216036200523376, -0.3923485279083252, 0.5957129597663879, -0.12613925337791443, 2.11952805519104, -0.6001828908920288, 0.01720166951417923, -1.136623501777649, 0.5091575980186462, 0.12706780433654785]",yunet,Facenet,1920,1080,/home/amos/media/tv/modern_family/Modern.Family.S09.1080p.DSNP.WEB-DL.DDP5.1.H.264-CRFW/Modern.Family.S09E17.Royal.Visit.1080p.DSNP.WEB-DL.DDP5.1.H.264-CRFW.mkv,Modern Family,2009,1442437,9,17,Eric Stonestreet,156962.0,0.75
57,846,144,1026,396,966,234,882,240,0.906,1776,0,"[1.3858373165130615, 0.5698373317718506, -0.6322209239006042, 0.027744069695472717, 3.4733197689056396, 0.17841199040412903, 1.177606225013733, -0.375331848859787, 1.1922030448913574, 0.692007303237915, -1.0435349941253662, 0.307773619890213, 0.08632694184780121, 0.8154503107070923, 0.6528826951980591, 1.0116020441055298, -0.2555255591869354, -1.942732572555542, -0.6350609660148621, -0.6531887054443359, -0.6472281217575073, 1.5114777088165283, -0.9975712299346924, 1.4970115423202515, 1.9385851621627808, 1.2484943866729736, 0.5570932626724243, 0.023233070969581604, 0.20245017111301422, -1.2812711000442505, 0.8795753717422485, 0.3114001452922821, -2.7451670169830322, 0.9507803916931152, -1.057532787322998, 0.11473484337329865, 0.8877595663070679, -1.9506821632385254, -0.13615968823432922, -1.2188835144042969, 0.026187248528003693, 0.2954934239387512, -0.3754095733165741, -0.025096110999584198, -0.46761515736579895, -0.1612650603055954, -0.7223585247993469, 0.011229799129068851, -0.7561091780662537, 2.443021774291992, -0.4815971255302429, 0.3698379397392273, -1.5160415172576904, 0.6175135374069214, -0.2135363072156906, -1.7964072227478027, 0.7973060011863708, -2.521653413772583, 0.7771097421646118, 0.408123254776001, -1.0062739849090576, -0.6857507228851318, 1.659956455230713, 0.45868587493896484, -0.6788389086723328, -0.08027337491512299, -1.666485071182251, -0.09981384873390198, -0.7316667437553406, -0.9322313070297241, -0.649228036403656, -0.4413090646266937, 0.0018290989100933075, 0.000889703631401062, 1.0339714288711548, -0.24428102374076843, -0.10985418409109116, 1.0287455320358276, 0.2268275022506714, 0.44753164052963257, -2.6870718002319336, 1.588414192199707, -0.5381451845169067, -0.8471977710723877, -0.5435181856155396, 0.3801843225955963, 0.33850976824760437, 0.2503269910812378, 2.0488781929016113, 0.8065692782402039, 0.5014665126800537, -0.37336546182632446, 0.5634785890579224, -1.8876770734786987, 2.795854091644287, 0.458711713552475, -0.08488667011260986, -0.23687401413917542, 0.4007560908794403, 0.5503621101379395, 0.5204592347145081, 1.155673861503601, -1.5082759857177734, -2.112119197845459, 0.12450031191110611, -0.2537853717803955, -0.7253771424293518, 1.0948315858840942, 0.4094875454902649, -1.2070837020874023, -0.3961051106452942, -0.1307753026485443, 1.9050440788269043, -1.5865178108215332, 1.9562042951583862, 0.915573000907898, 0.05196075886487961, 1.084803819656372, -0.1409035325050354, -0.2603597939014435, 0.2228076308965683, -0.45575085282325745, 1.7310564517974854, -0.702176570892334, 0.4108095169067383, -1.1495648622512817, 0.4825013279914856, -0.554660975933075]",yunet,Facenet,1920,1080,/home/amos/media/tv/modern_family/Modern.Family.S09.1080p.DSNP.WEB-DL.DDP5.1.H.264-CRFW/Modern.Family.S09E17.Royal.Visit.1080p.DSNP.WEB-DL.DDP5.1.H.264-CRFW.mkv,Modern Family,2009,1442437,9,17,Eric Stonestreet,156962.0,0.705
58,846,138,1032,390,984,240,888,240,0.908,1800,0,"[0.5809986591339111, 0.20824319124221802, -0.6948269009590149, 0.14368602633476257, 3.821963310241699, 0.41306278109550476, 1.662184476852417, -0.015286929905414581, 1.4834630489349365, 0.3453536331653595, -0.7527768611907959, -0.04554150253534317, -1.0510503053665161, 0.9785901308059692, -0.09958279132843018, 1.0972152948379517, -0.3624918758869171, -1.6543971300125122, -1.0848749876022339, -0.8929247856140137, -0.9219521284103394, 1.59585440158844, -1.0939536094665527, 1.105252981185913, 1.8261421918869019, 1.5946376323699951, 1.2056351900100708, -0.6168416142463684, 0.0689375102519989, -0.9658902287483215, 1.064527153968811, 0.6057420969009399, -2.3399314880371094, 0.5004972815513611, -0.875044047832489, 0.28441423177719116, 0.8844076991081238, -2.2163736820220947, 0.11842462420463562, -1.5680596828460693, -0.23140987753868103, -0.26389452815055847, -0.662351131439209, 0.056736916303634644, 0.12019801139831543, -0.3491787612438202, -0.9708301424980164, -0.308612585067749, -0.729521632194519, 2.9048917293548584, -0.7030957937240601, 0.1653287261724472, -0.5012181997299194, 0.7069223523139954, -0.37196871638298035, -1.8760799169540405, 0.31741929054260254, -2.864114761352539, 0.595828115940094, 0.547191858291626, -1.4296859502792358, -0.45492100715637207, 1.6005369424819946, 0.3167560398578644, -0.4659034311771393, 0.5023200511932373, -1.5747745037078857, 0.27862492203712463, -0.29458460211753845, -0.3645232319831848, -0.4830932021141052, -0.25510096549987793, -0.1309082955121994, -0.16215333342552185, 0.7922054529190063, -0.6285649538040161, -0.021602854132652283, 0.8292032480239868, 0.8715319633483887, 0.9780259132385254, -2.8212265968322754, 1.4906729459762573, -0.4912136197090149, -1.0329631567001343, -0.2850280702114105, 0.7553383111953735, 0.2011149376630783, 0.2475011795759201, 2.3285155296325684, 1.182759404182434, 0.5409228801727295, 0.04677543044090271, -0.35471808910369873, -1.7003791332244873, 2.2018632888793945, 0.6918919086456299, -0.3856281340122223, -0.1274322271347046, 0.03388817608356476, 0.7231489419937134, 0.5971853733062744, 0.9169005155563354, -1.2233458757400513, -1.9742058515548706, 0.3194498121738434, -0.16528873145580292, -0.6586360335350037, 0.7412446737289429, -0.03557895869016647, -1.0229911804199219, -0.12734508514404297, -0.037641674280166626, 2.215378761291504, -1.3897593021392822, 1.8755865097045898, 0.7771389484405518, -0.04802549630403519, 1.2901054620742798, -0.0557001456618309, -0.4290066063404083, 0.43562793731689453, -0.6887351274490356, 1.805385947227478, -0.27521413564682007, 0.02270561456680298, -1.2700624465942383, 0.8827084898948669, -0.33188387751579285]",yunet,Facenet,1920,1080,/home/amos/media/tv/modern_family/Modern.Family.S09.1080p.DSNP.WEB-DL.DDP5.1.H.264-CRFW/Modern.Family.S09E17.Royal.Visit.1080p.DSNP.WEB-DL.DDP5.1.H.264-CRFW.mkv,Modern Family,2009,1442437,9,17,Eric Stonestreet,156962.0,0.688
59,822,126,1002,360,954,210,870,210,0.904,1896,0,"[1.1992632150650024, -0.901444673538208, -0.3410172164440155, -0.307052344083786, 3.0762407779693604, 0.06401027739048004, 1.4955705404281616, 0.11292499303817749, 1.2858637571334839, -0.5029073357582092, -0.9687685966491699, -0.3025582730770111, -0.9866655468940735, 0.5752052068710327, 0.2334514558315277, 0.4519055485725403, -1.2453330755233765, -1.2066646814346313, -0.24436986446380615, -0.5882583856582642, -0.5663740634918213, 1.8577229976654053, -0.32017359137535095, 1.1130714416503906, 1.793699860572815, 1.3128867149353027, -0.11413024365901947, -1.0149707794189453, 1.421091079711914, -0.9163414835929871, 1.336951494216919, 0.5237305164337158, -2.2879512310028076, 1.3063032627105713, -1.3462193012237549, 0.2617294192314148, 0.547697901725769, -2.243359088897705, -0.3288193941116333, -1.7210619449615479, -0.2025202363729477, 0.33989301323890686, -1.176038384437561, -0.8011550307273865, 0.2726114094257355, 0.01423439010977745, -1.484329104423523, -0.5958828926086426, -0.41716593503952026, 2.160432815551758, -1.0332229137420654, -0.7724499106407166, -1.712501049041748, 0.7473786473274231, -0.9493105411529541, -2.1285347938537598, 0.459421306848526, -1.73914635181427, -0.8295676708221436, 0.46241286396980286, -1.286300539970398, -1.0932588577270508, 2.1582272052764893, -0.04052631929516792, -1.7102200984954834, 0.8332358002662659, -0.5797706842422485, 0.1516137272119522, 0.1620086431503296, -0.4704757630825043, 0.17845518887043, -0.515961766242981, -0.35946810245513916, -0.11432619392871857, 1.013877034187317, -1.2659441232681274, -1.0600676536560059, 0.7050296068191528, 0.645325779914856, 1.654751181602478, -2.1354970932006836, 1.1260604858398438, -0.5906111598014832, -1.8726693391799927, -1.4391859769821167, 0.5644228458404541, -0.5238056182861328, 0.794422447681427, 2.427844285964966, 1.0238763093948364, 1.6029014587402344, -0.29433754086494446, -0.8068352341651917, -1.1225043535232544, 1.7044897079467773, 0.6128771901130676, -1.1353263854980469, 0.20703618228435516, 0.788570761680603, 0.5886991620063782, 0.4048205018043518, 0.5332680940628052, -0.5165002942085266, -1.2849410772323608, 1.124782919883728, -0.07924775779247284, -0.19370205700397491, -0.28441184759140015, -0.672755777835846, -1.32835853099823, -0.49103403091430664, -0.46262216567993164, 1.86871337890625, -2.1667284965515137, 2.8558218479156494, 0.16001377999782562, 0.040996454656124115, 0.4197346866130829, -0.08221177011728287, -0.47235798835754395, -0.5335052013397217, 0.08694543689489365, 1.4577381610870361, -0.22602970898151398, -0.04324421286582947, -0.8631202578544617, -0.5777122974395752, 0.005058653652667999]",yunet,Facenet,1920,1080,/home/amos/media/tv/modern_family/Modern.Family.S09.1080p.DSNP.WEB-DL.DDP5.1.H.264-CRFW/Modern.Family.S09E17.Royal.Visit.1080p.DSNP.WEB-DL.DDP5.1.H.264-CRFW.mkv,Modern Family,2009,1442437,9,17,Eric Stonestreet,156962.0,0.679
60,840,108,1020,348,972,198,888,204,0.905,1920,0,"[1.066131353378296, 0.23508337140083313, -0.8536523580551147, 0.36011648178100586, 2.1424920558929443, -0.5172007083892822, 1.1961852312088013, -0.46810808777809143, 1.0743423700332642, 0.0719698816537857, -1.2021366357803345, -0.5525555610656738, -0.7075409889221191, 0.5974321365356445, 0.8971285820007324, 0.4032629132270813, -0.2087700366973877, -1.8539390563964844, -0.9009954333305359, -1.3242740631103516, -1.310953140258789, 1.9089821577072144, -0.7024054527282715, 2.168867349624634, 1.42722749710083, 1.7345646619796753, 0.6965813636779785, -1.0280019044876099, 1.4641767740249634, -0.5089486241340637, 0.48493891954421997, 0.6436973214149475, -3.4572319984436035, 1.9441051483154297, 0.10072001814842224, 0.4687516689300537, 0.9116230010986328, -1.493530035018921, -0.47767436504364014, -0.6936529874801636, -0.27048078179359436, 0.19101718068122864, -0.2810281813144684, -0.05925077944993973, 0.07216478884220123, 0.49529099464416504, -0.0738934725522995, -0.2525917589664459, -1.0876469612121582, 2.040174722671509, -0.482618510723114, -0.47769641876220703, -1.1364151239395142, 1.1378957033157349, -0.9958122968673706, -1.9379686117172241, 0.089100182056427, -1.3060628175735474, -0.4210140109062195, -0.4712821841239929, -1.812974214553833, -1.071459174156189, 0.6720006465911865, 0.11164964735507965, -1.1539597511291504, 0.9733591079711914, -1.2010682821273804, 0.09311450272798538, -0.28771212697029114, -1.6344032287597656, 1.0283459424972534, -0.6474379301071167, 0.605567991733551, 0.4022611379623413, 0.29516279697418213, -0.24684864282608032, -0.13200534880161285, 1.0772628784179688, 0.023107923567295074, 0.08127106726169586, -2.2750942707061768, 1.3131868839263916, -1.2813388109207153, -1.1597813367843628, -0.9786754846572876, -0.323864221572876, 0.554386556148529, 0.04084393382072449, 1.7778576612472534, 0.5445576906204224, 0.5200282335281372, -0.3023369610309601, 0.19786860048770905, -1.5229427814483643, 2.138214111328125, 1.4179445505142212, 0.0009043477475643158, 1.0188881158828735, 0.7068189978599548, 0.44064539670944214, 0.2214951068162918, 0.6946634650230408, -0.7524963021278381, -1.1856189966201782, 0.13649532198905945, 0.2216009944677353, -0.21262581646442413, 0.6404538154602051, 0.13903754949569702, -1.8738466501235962, 0.05378985404968262, -0.6372979283332825, 2.3337953090667725, -2.002863883972168, 1.6252508163452148, 1.0041104555130005, 0.04297098517417908, 0.21739107370376587, -0.3437138497829437, 0.20744143426418304, -0.5180083513259888, -0.725759744644165, 1.164743423461914, -1.1012969017028809, -0.36523866653442383, 0.6782598495483398, 0.3388310968875885, -0.835064172744751]",yunet,Facenet,1920,1080,/home/amos/media/tv/modern_family/Modern.Family.S09.1080p.DSNP.WEB-DL.DDP5.1.H.264-CRFW/Modern.Family.S09E17.Royal.Visit.1080p.DSNP.WEB-DL.DDP5.1.H.264-CRFW.mkv,Modern Family,2009,1442437,9,17,Eric Stonestreet,156962.0,0.564
61,864,108,1044,342,1008,198,924,192,0.906,1944,0,"[0.8691425323486328, -0.2653003931045532, -1.1322060823440552, 1.0456504821777344, 3.1652305126190186, -0.27182918787002563, 1.4136139154434204, 0.2353389412164688, 0.6381894946098328, 0.5389403700828552, -1.5782729387283325, -0.748507022857666, 0.3142569065093994, 0.8217270374298096, 1.5983176231384277, 0.061871595680713654, -0.9753841161727905, -2.5653626918792725, -0.698881208896637, -1.2522852420806885, -1.4226096868515015, 1.3780909776687622, -0.7995800375938416, 2.768028736114502, 1.9894695281982422, 1.5623475313186646, 0.6578309535980225, -0.8762683868408203, 1.3114211559295654, -1.1688801050186157, 1.36317777633667, -0.17755945026874542, -2.465474843978882, 0.8665155172348022, -0.61041659116745, -0.052842024713754654, 0.551581859588623, -1.4069764614105225, 0.06609518826007843, -0.7765434980392456, 0.35283222794532776, 1.1342084407806396, 0.014293193817138672, -0.39117684960365295, -0.20875096321105957, 0.6433259844779968, -0.3326948285102844, 0.331368088722229, -0.684252142906189, 1.460799217224121, -0.4412543773651123, 0.37959596514701843, -1.7410603761672974, 1.0756733417510986, -1.0212610960006714, -1.5662755966186523, 0.9859448075294495, -2.2924187183380127, -0.27283769845962524, 0.3868817985057831, -0.9383237361907959, -1.1546961069107056, 1.3831775188446045, -0.41565796732902527, -1.7099299430847168, 0.18779698014259338, -1.644529104232788, 0.13195398449897766, -0.5238293409347534, -0.9059735536575317, 0.34056907892227173, -0.09018386900424957, -0.14138160645961761, 0.6550288796424866, 0.07319511473178864, -0.5468562841415405, -0.09406542032957077, 1.6349889039993286, -0.16931721568107605, 1.1519595384597778, -2.481977701187134, 1.2180677652359009, -0.7111144065856934, -0.8880597949028015, -0.7587605118751526, -0.11017265915870667, 1.1687235832214355, 0.033203281462192535, 1.5821665525436401, 0.591766357421875, 1.0234739780426025, -0.043325506150722504, 0.8068060874938965, -0.6220659613609314, 1.6885961294174194, 1.0209213495254517, 0.10266917943954468, 1.0297490358352661, 0.1975100338459015, 0.4151042699813843, -0.15386857092380524, 0.08687565475702286, -0.42430830001831055, -1.0310887098312378, 0.9819652438163757, -0.6697095036506653, -1.0959150791168213, 0.5310133099555969, -0.0012859664857387543, -0.5803530812263489, -0.4423820972442627, -1.1400588750839233, 2.1630053520202637, -2.2735249996185303, 1.4704996347427368, 0.6005582809448242, -0.27817302942276, 0.6129138469696045, 0.10391277819871902, -0.5583510398864746, -0.25282472372055054, -0.4889200031757355, 0.6343260407447815, 0.21484440565109253, -0.029933437705039978, -0.2783721685409546, -0.648983895778656, -0.637187659740448]",yunet,Facenet,1920,1080,/home/amos/media/tv/modern_family/Modern.Family.S09.1080p.DSNP.WEB-DL.DDP5.1.H.264-CRFW/Modern.Family.S09E17.Royal.Visit.1080p.DSNP.WEB-DL.DDP5.1.H.264-CRFW.mkv,Modern Family,2009,1442437,9,17,Eric Stonestreet,156962.0,0.648
62,846,120,1026,360,972,216,888,216,0.91,1992,0,"[1.3265254497528076, -0.00034186989068984985, -0.8212509155273438, 0.12190131098031998, 3.025859832763672, 0.39349791407585144, 1.595479130744934, -0.06922647356987, 0.7049971222877502, 0.11781403422355652, -0.9853978753089905, -0.9976009130477905, 0.08271713554859161, 0.9425535202026367, 0.886621356010437, 0.9180124402046204, -0.6931651830673218, -2.0541906356811523, -0.38920217752456665, -0.8884843587875366, -0.5215632915496826, 2.369617462158203, -1.0128597021102905, 2.1410470008850098, 1.8742839097976685, 1.5267341136932373, 0.7012877464294434, -0.6268333792686462, 1.5363413095474243, -1.0327823162078857, 1.6139960289001465, 0.634111225605011, -1.689616322517395, 0.9069369435310364, -0.8012562394142151, -0.2294328808784485, 0.85850590467453, -1.6086527109146118, -0.07654467225074768, -0.3257945775985718, -0.10746335983276367, 0.09916583448648453, 0.2523998022079468, -0.7682044506072998, 0.24252600967884064, 1.064050555229187, -1.3089487552642822, -0.3872583210468292, -0.045060768723487854, 1.0136619806289673, -0.9014797210693359, -0.3162611722946167, -2.1893413066864014, 0.9178968071937561, -0.9172648787498474, -1.0097042322158813, 0.09828700125217438, -2.114243745803833, -0.03685218095779419, 0.24355676770210266, -0.9555075168609619, 0.14019955694675446, 1.0743796825408936, 0.4198704957962036, -2.032395601272583, 0.2997865080833435, -0.9042655229568481, 0.060278911143541336, -0.16726985573768616, -1.1390539407730103, 0.37187811732292175, 0.20957112312316895, 0.6460421085357666, 0.641499400138855, 0.46284019947052, -0.43764474987983704, 0.07556626200675964, 1.0758957862854004, 0.11503685265779495, 1.6531518697738647, -2.474339723587036, 1.6574853658676147, -1.2026422023773193, -1.2218356132507324, -0.4122543931007385, -0.49467167258262634, 0.2699560225009918, -0.06250973045825958, 2.000046968460083, 0.024640172719955444, 1.0376436710357666, 0.4457935392856598, 0.5369750261306763, -0.9455727934837341, 2.074197769165039, 0.3074108362197876, -0.309537410736084, 1.1833243370056152, 0.47426217794418335, -0.0693931058049202, 0.4022018313407898, -0.1615922749042511, -0.6371654868125916, -1.1258243322372437, 0.7509478330612183, -0.49542367458343506, -0.07416680455207825, 0.09393785148859024, -0.3530207872390747, -1.0908112525939941, -0.07514385879039764, -1.201759934425354, 1.9157366752624512, -1.9890034198760986, 1.5585309267044067, 1.0175580978393555, 0.6449296474456787, 1.2961329221725464, -0.533475935459137, 0.31821733713150024, -0.10604618489742279, 0.7918306589126587, 1.6442233324050903, 0.15416491031646729, -0.1376047432422638, -0.05360360071063042, -0.44711941480636597, -0.3559691309928894]",yunet,Facenet,1920,1080,/home/amos/media/tv/modern_family/Modern.Family.S09.1080p.DSNP.WEB-DL.DDP5.1.H.264-CRFW/Modern.Family.S09E17.Royal.Visit.1080p.DSNP.WEB-DL.DDP5.1.H.264-CRFW.mkv,Modern Family,2009,1442437,9,17,Eric Stonestreet,156962.0,0.664
63,840,120,1020,366,978,210,888,210,0.909,2016,0,"[1.1309763193130493, 0.40623077750205994, -0.9138688445091248, 0.5250003933906555, 2.2309443950653076, -0.3969326615333557, 1.36940336227417, -0.10598887503147125, 0.5467817783355713, 0.4229927361011505, -0.6729257106781006, -0.4655534029006958, -0.1130240187048912, 0.583735466003418, 1.4455589056015015, 0.7947595119476318, -0.036835670471191406, -2.142209768295288, -1.0334150791168213, -0.672784686088562, -1.4490370750427246, 1.2595882415771484, -0.41797491908073425, 2.6684024333953857, 1.4832892417907715, 1.5024123191833496, 0.7066315412521362, 0.4754391312599182, 0.9761608839035034, -1.0330010652542114, 1.0191789865493774, 0.6870125532150269, -2.6408259868621826, 1.724623441696167, -0.44933587312698364, -0.4122150242328644, 0.8761348128318787, -2.3441638946533203, -0.25738248229026794, -0.23259368538856506, -0.5393531322479248, -0.29418322443962097, -0.0517728328704834, -0.4342953860759735, 0.3367340564727783, -0.03550240024924278, -0.06086157634854317, -0.1426294893026352, -0.4745023250579834, 2.004744291305542, 0.34148603677749634, -0.910595715045929, -1.4679454565048218, 0.8382743000984192, -0.9960349798202515, -1.1657943725585938, 0.6788471341133118, -1.4431166648864746, -0.09686118364334106, 0.12433701008558273, -1.7084015607833862, -0.8422424793243408, 1.3515493869781494, 0.011859106831252575, -1.38397216796875, -0.27458125352859497, -1.3154972791671753, -0.23363547027111053, -0.20785033702850342, -2.009864568710327, -0.12503889203071594, -0.8673181533813477, 1.3551658391952515, 0.8292809128761292, 0.22326476871967316, -0.10537168383598328, 0.2659870386123657, 0.9295574426651001, 0.29787731170654297, 0.27112215757369995, -2.460665702819824, 1.7430297136306763, -1.0380218029022217, -1.8435138463974, -0.7916594743728638, -0.3383588194847107, 0.8736794590950012, 0.4222438931465149, 2.4435009956359863, 1.3473289012908936, 0.15947000682353973, -0.2435183972120285, 0.11727386713027954, -1.2447938919067383, 2.545149326324463, 0.5345907807350159, -0.164982408285141, 0.4455932676792145, 0.2971789538860321, 0.5537717938423157, 0.5311576128005981, 0.5857309103012085, -0.5170271396636963, -1.2273313999176025, 0.48354411125183105, -0.546822726726532, -0.05083150789141655, 0.9027701616287231, 0.3095662295818329, -1.7446539402008057, -0.0868486687541008, -0.16270634531974792, 1.8452122211456299, -2.0772793292999268, 1.8288005590438843, 0.7486295700073242, 0.980634331703186, 0.5841777920722961, 0.04108219966292381, -0.14348098635673523, -0.37096524238586426, -0.519668698310852, 1.2136515378952026, -0.3219055235385895, -0.2805074453353882, 0.347782701253891, -0.0680399239063263, -0.782548189163208]",yunet,Facenet,1920,1080,/home/amos/media/tv/modern_family/Modern.Family.S09.1080p.DSNP.WEB-DL.DDP5.1.H.264-CRFW/Modern.Family.S09E17.Royal.Visit.1080p.DSNP.WEB-DL.DDP5.1.H.264-CRFW.mkv,Modern Family,2009,1442437,9,17,Eric Stonestreet,156962.0,0.614
64,846,126,1014,354,972,216,888,216,0.903,2040,0,"[1.1433004140853882, 0.5166151523590088, -0.927531898021698, 0.4564917981624603, 2.7343597412109375, -0.2973930835723877, 1.0329493284225464, -0.09894309937953949, 0.5643096566200256, 0.43706220388412476, -0.7697785496711731, -0.09811142832040787, 0.4802783727645874, 0.5426870584487915, 1.5090887546539307, 0.3606547713279724, -0.5661607980728149, -2.1691226959228516, -0.8413630723953247, -1.0050798654556274, -1.276011347770691, 1.2648800611495972, -1.0312223434448242, 2.9417366981506348, 1.6334567070007324, 1.471968412399292, 0.8350731134414673, 0.636410653591156, 0.7834164500236511, -1.4100143909454346, 1.30056631565094, 0.39750006794929504, -2.019299030303955, 0.8963522911071777, -1.1301554441452026, -0.19065269827842712, 0.6711838245391846, -2.787222146987915, -0.4109359383583069, -0.13520203530788422, 0.16856898367404938, -0.5410517454147339, -0.04962308704853058, -0.4221213757991791, 0.37193429470062256, 0.6627191305160522, -0.21016331017017365, -0.2049291878938675, -0.2953363358974457, 0.8972492218017578, -0.22053693234920502, -0.5148358941078186, -2.033052682876587, 0.7398005723953247, -0.7391089200973511, -0.6368159055709839, 0.6895168423652649, -2.064330816268921, -0.09189624339342117, 0.08502223342657089, -1.2516663074493408, -0.7364130020141602, 1.7468619346618652, -0.29421985149383545, -1.6535073518753052, -0.16322632133960724, -1.4095642566680908, -0.44644343852996826, -0.346023291349411, -1.6801635026931763, 0.23458190262317657, -0.15004202723503113, 1.230686902999878, 1.1028696298599243, 0.14752422273159027, -0.6572186946868896, 0.49875107407569885, 1.3167804479599, 0.40966641902923584, 1.1574318408966064, -2.587552785873413, 1.1974738836288452, -0.9102593660354614, -1.464073896408081, -0.3619769811630249, -0.218936026096344, 0.35762855410575867, 0.322055459022522, 2.956470012664795, 0.93231201171875, 0.6140365600585938, -0.31049689650535583, 0.8238025307655334, -0.8193491101264954, 2.608407735824585, 0.24094046652317047, 0.30013367533683777, 1.0242481231689453, 0.013256154954433441, 0.2116689383983612, 0.6418633460998535, 0.46734410524368286, 0.09790642559528351, -1.2221753597259521, 0.5900858640670776, -0.5675039291381836, -0.23564758896827698, 0.705351710319519, 0.052941568195819855, -0.8694502711296082, -0.48971426486968994, 0.03419829159975052, 1.7414617538452148, -2.289804220199585, 1.8981810808181763, 0.9598485231399536, 0.7138193845748901, 1.0874226093292236, 0.27892550826072693, -0.2870742082595825, -0.7482030391693115, 0.3072827160358429, 1.5436598062515259, 0.16578996181488037, 0.011955894529819489, 0.20714625716209412, -0.1779572069644928, -0.2946576178073883]",yunet,Facenet,1920,1080,/home/amos/media/tv/modern_family/Modern.Family.S09.1080p.DSNP.WEB-DL.DDP5.1.H.264-CRFW/Modern.Family.S09E17.Royal.Visit.1080p.DSNP.WEB-DL.DDP5.1.H.264-CRFW.mkv,Modern Family,2009,1442437,9,17,Eric Stonestreet,156962.0,0.684
65,852,180,1020,414,972,282,888,282,0.904,2088,0,"[-0.40595436096191406, -0.4054192304611206, -0.09098052233457565, 1.0211164951324463, 3.1357645988464355, -1.095660924911499, 1.9745991230010986, -0.6314389705657959, 1.410339593887329, 0.649219274520874, -0.028431084007024765, -0.26754090189933777, 0.5451154112815857, 0.1830379068851471, -0.1501109004020691, 0.2507035732269287, 0.21646203100681305, -1.3960415124893188, -0.9618847370147705, -1.0164092779159546, -1.36771559715271, 1.232107162475586, -1.1223351955413818, 1.2984915971755981, 0.7176135182380676, 1.3951640129089355, 2.3677611351013184, 0.20983579754829407, 0.27502208948135376, -0.9618579149246216, -0.3175373375415802, 0.7966058850288391, -1.7040919065475464, 0.37608736753463745, -0.03339240700006485, -0.8492400646209717, 0.7338883280754089, -2.531176805496216, 0.2705351710319519, -1.558438777923584, -0.2192537635564804, -0.9474356770515442, -0.22241026163101196, 0.5894419550895691, -0.07753407955169678, -0.5096526145935059, -0.9308947324752808, -0.9411804676055908, -0.25058650970458984, 2.0985264778137207, 0.05570792779326439, 0.6996514797210693, -1.5161712169647217, -0.19346323609352112, -0.48372653126716614, -1.0333150625228882, 0.8272024393081665, -1.6361935138702393, -0.5066848993301392, -0.492198646068573, -1.2888675928115845, -0.9947352409362793, 1.7600041627883911, 0.5685251355171204, -0.9557881951332092, 1.6476078033447266, -1.294204831123352, 0.052231304347515106, -0.12309570610523224, -1.0978949069976807, -0.2499922811985016, -1.5047610998153687, 0.8995961546897888, -0.11184845119714737, 1.0268524885177612, -0.5369637608528137, 0.6074026823043823, 0.6669073104858398, 0.14707767963409424, 0.3230331540107727, -2.2632951736450195, 2.145521879196167, -0.6685888171195984, -0.820071280002594, -0.41289249062538147, 0.3403744101524353, 0.013156117871403694, 0.04882441461086273, 0.9189683198928833, 0.9767124652862549, -0.32245635986328125, 0.2777825593948364, 0.4059179425239563, -0.78148353099823, 2.116567850112915, 0.11655949801206589, -0.2229403704404831, 0.6474032998085022, -1.241476058959961, -0.3496048152446747, 0.07935468852519989, 0.886522114276886, 0.3292571008205414, -1.1967518329620361, 0.3040592074394226, 0.8113300800323486, 0.2146899700164795, 0.13428455591201782, -0.6050965189933777, -1.3272103071212769, 0.5890267491340637, 0.7685410380363464, 1.8409385681152344, -0.7714784741401672, 1.53910231590271, 1.1676596403121948, 0.3870397210121155, 0.6325840353965759, -0.15839266777038574, 0.5301163196563721, -0.7234571576118469, -0.4148201048374176, 1.9071314334869385, -0.35515880584716797, -0.1584174484014511, 0.24250614643096924, 0.9072573184967041, 0.40325063467025757]",yunet,Facenet,1920,1080,/home/amos/media/tv/modern_family/Modern.Family.S09.1080p.DSNP.WEB-DL.DDP5.1.H.264-CRFW/Modern.Family.S09E17.Royal.Visit.1080p.DSNP.WEB-DL.DDP5.1.H.264-CRFW.mkv,Modern Family,2009,1442437,9,17,Eric Stonestreet,156962.0,0.572
66,1266,198,1506,492,1440,300,1332,294,0.925,2112,0,"[-0.6442217826843262, -1.6848955154418945, -0.7662773728370667, -0.7746894359588623, 1.7650260925292969, -0.8271831274032593, -0.7134290337562561, 0.03697465732693672, 1.1943411827087402, 0.5008627772331238, 0.6257979869842529, -2.787612199783325, -0.1292647272348404, -0.6561400890350342, -0.5318795442581177, 0.9226081967353821, -0.6029436588287354, -0.6567139625549316, 0.17001453042030334, -0.22931432723999023, 1.006359338760376, 2.125308036804199, 1.6124016046524048, 0.048394061625003815, 1.6794594526290894, 0.7164344191551208, 1.4603499174118042, -0.6360697746276855, 1.5214871168136597, 0.5748484134674072, 0.4492590129375458, 0.24416427314281464, 0.9800732135772705, -0.4089926481246948, 0.2619469165802002, 1.5567747354507446, 0.8460693359375, -0.7309181690216064, -1.1525874137878418, -2.416496992111206, -1.7311441898345947, -0.17025266587734222, -1.2480021715164185, -0.7936424016952515, 0.6444414258003235, -0.8268294930458069, -1.3764599561691284, 0.11219318211078644, -0.17392420768737793, 1.3084362745285034, -0.595689594745636, 0.650579035282135, -1.305158019065857, 1.487409234046936, -2.1562137603759766, -1.3287471532821655, 0.6131749153137207, -0.4967220425605774, -1.694205403327942, -0.48332956433296204, -0.7724012732505798, 0.06403017044067383, 0.5323711633682251, 0.9396920800209045, -0.6224480271339417, 0.6358006596565247, 1.363578200340271, 0.11202368885278702, 0.22354340553283691, -0.11231203377246857, 0.1991727650165558, -1.1836541891098022, -1.8967796564102173, -0.8973315954208374, 0.39001139998435974, -0.5272979736328125, -0.773067831993103, -0.6872538924217224, -0.3332701325416565, -0.4203175902366638, -0.9221587777137756, 2.31278657913208, 1.026969313621521, 0.7794050574302673, 0.16689452528953552, 0.6661180257797241, -0.7676706314086914, 0.6012496948242188, 0.4308943748474121, -1.0071197748184204, 0.907128095626831, 0.5180758833885193, 0.3937268555164337, 1.1897300481796265, -0.3250035047531128, 2.166914701461792, -2.70512056350708, -0.28130465745925903, -0.3770362436771393, -0.580199658870697, 0.30631184577941895, -0.16918373107910156, 1.2163211107254028, -1.9540343284606934, -0.2291942834854126, 1.059908390045166, -0.9757243394851685, 1.2309802770614624, 1.248987078666687, -0.9384075999259949, -1.5387159585952759, -1.8503897190093994, 0.4268876314163208, 0.684278130531311, 2.0647737979888916, 0.2277553379535675, 1.1248327493667603, -1.8265081644058228, -1.7471370697021484, 0.531190037727356, 1.501632809638977, 0.09422250837087631, -0.14007501304149628, -0.6636362075805664, 2.0032639503479004, -1.1989957094192505, 0.7383216023445129, -0.4108074903488159]",yunet,Facenet,1920,1080,/home/amos/media/tv/modern_family/Modern.Family.S09.1080p.DSNP.WEB-DL.DDP5.1.H.264-CRFW/Modern.Family.S09E17.Royal.Visit.1080p.DSNP.WEB-DL.DDP5.1.H.264-CRFW.mkv,Modern Family,2009,1442437,9,17,,,
67,498,138,768,516,744,270,636,270,0.911,2112,1,"[0.8982076644897461, 0.11629261076450348, -1.3329616785049438, 0.8742923736572266, 2.15346622467041, -0.6810388565063477, 1.9919326305389404, 0.43112269043922424, 0.25163617730140686, 1.190799355506897, -1.1862049102783203, -0.785888671875, 0.2196117788553238, 1.0669846534729004, 0.6901063919067383, 1.0303807258605957, -1.1521044969558716, -2.832669973373413, -0.9213188886642456, -0.51264488697052, -1.5950030088424683, 1.9246245622634888, -0.7730101346969604, 1.8942844867706299, 1.4645453691482544, 1.2007750272750854, 1.8203952312469482, 0.3203422427177429, 0.49220699071884155, -1.4029449224472046, 0.3014335632324219, 0.927490234375, -1.8192051649093628, 1.7892051935195923, -1.4551714658737183, -0.8930539488792419, 0.5947597026824951, -2.397141218185425, 1.6069798469543457, -1.2060555219650269, -0.7217898368835449, 0.2990177273750305, -0.17966842651367188, -0.6852152347564697, -0.2354401797056198, 0.08850245177745819, -1.1923547983169556, -0.4818459451198578, -0.44470977783203125, 1.6719331741333008, -0.7466225624084473, 0.6651632785797119, -2.0866270065307617, 1.15509831905365, -0.6646710634231567, -1.9787378311157227, 0.7048172950744629, -0.726981520652771, -1.2139520645141602, -0.25688108801841736, -2.0632364749908447, -1.229446530342102, 1.1767101287841797, 0.2014939785003662, -0.589451789855957, 0.35352379083633423, -1.4239195585250854, 0.42510563135147095, -0.596381425857544, -1.2785552740097046, -0.02588193491101265, -0.05494239181280136, 0.3984636664390564, 0.980978786945343, 0.4241142272949219, -0.16066597402095795, -0.269551545381546, 0.8417832255363464, 1.340860366821289, 1.4309791326522827, -1.7798992395401, 2.0481739044189453, 0.2905852496623993, -1.224083423614502, -0.8658531904220581, 0.14347203075885773, -0.06311163306236267, 0.6301570534706116, 0.5277433395385742, 0.6534638404846191, 1.0094481706619263, -0.23918183147907257, 0.3202345073223114, -0.4287615120410919, 2.2263998985290527, -0.0327049158513546, -1.4129127264022827, 1.3387069702148438, -0.5149384140968323, -0.2574632167816162, -0.28669273853302, -0.01494242250919342, -1.3833192586898804, -0.5075936913490295, -0.3489949107170105, -0.43054795265197754, -0.3742225766181946, -0.17077237367630005, -1.5161792039871216, -0.7672830820083618, 0.2960825562477112, -0.3449801206588745, 2.1369564533233643, -1.732027292251587, 2.0544705390930176, 1.035191297531128, 0.40946829319000244, 0.37655505537986755, 0.5459831357002258, 0.5049065351486206, -0.16785332560539246, 0.09603346884250641, 1.1923956871032715, 0.07522165030241013, -0.48358631134033203, -0.3656589090824127, 0.49149274826049805, 0.38581719994544983]",yunet,Facenet,1920,1080,/home/amos/media/tv/modern_family/Modern.Family.S09.1080p.DSNP.WEB-DL.DDP5.1.H.264-CRFW/Modern.Family.S09E17.Royal.Visit.1080p.DSNP.WEB-DL.DDP5.1.H.264-CRFW.mkv,Modern Family,2009,1442437,9,17,Eric Stonestreet,156962.0,0.657
68,1320,228,1536,516,1398,336,1332,336,0.91,2136,0,"[-0.45353975892066956, -0.5680442452430725, -1.7343851327896118, -0.9920541644096375, 1.0093075037002563, -0.428481787443161, -0.3071519434452057, -0.19904600083827972, 1.478128433227539, -0.34270817041397095, 0.9491520524024963, -1.8374552726745605, -0.4337388873100281, -0.34660831093788147, -0.39802733063697815, 0.4547753930091858, -0.7439669370651245, -0.48303163051605225, -0.8879510760307312, 0.5448516607284546, 0.8547537326812744, 1.8275279998779297, 2.0250134468078613, 0.3953738212585449, 0.6963521242141724, 1.4125189781188965, 0.8726935386657715, -2.393327236175537, 2.5661468505859375, 0.27053913474082947, 0.8680897951126099, 0.08679959177970886, 2.0130016803741455, -0.21922075748443604, -0.884867250919342, 0.6950365304946899, 1.0027427673339844, 0.4753463566303253, -0.4877849221229553, -1.8432925939559937, -0.8923083543777466, 0.7839215397834778, -1.3296629190444946, -1.2104014158248901, 1.0280591249465942, -0.2730002701282501, -1.3517366647720337, 0.11009722203016281, -0.236161470413208, 0.7543321847915649, 0.2279386967420578, -0.31200942397117615, -1.888601541519165, 0.1845158189535141, -1.8371652364730835, -0.08057267963886261, 1.6620970964431763, -0.2025490701198578, -0.6951473951339722, -0.9272078275680542, 0.20949149131774902, 0.4431421756744385, -0.36320313811302185, 1.2070932388305664, -0.951276421546936, 0.5239776372909546, 1.0578023195266724, 0.33727243542671204, 0.5358349084854126, -2.1419026851654053, -1.3136250972747803, 0.13252082467079163, -1.9100710153579712, -0.32342585921287537, 0.6096705198287964, -0.5909894108772278, -1.4012418985366821, -1.644477128982544, -1.0729410648345947, -1.7051091194152832, -2.0782978534698486, 2.3324849605560303, -0.6254794597625732, 0.7651315331459045, -0.140827476978302, 0.5844926834106445, -0.11381569504737854, 1.7358859777450562, 0.02367277443408966, -0.793655276298523, 0.004326999187469482, 0.9160597324371338, 2.485610246658325, 1.3495279550552368, -0.25199267268180847, 0.888834536075592, -0.966707170009613, 0.1599377691745758, -0.6551674008369446, -1.7046904563903809, 0.20893044769763947, -1.9308717250823975, 0.6513773202896118, -1.0066519975662231, 0.7076433300971985, 0.12793321907520294, -0.9006345272064209, 0.8381327390670776, 1.1583172082901, 0.14565914869308472, -0.5147725939750671, -1.667510747909546, 0.5242548584938049, 0.7216348648071289, 0.8675432205200195, 1.1362944841384888, -0.16088756918907166, -1.6352617740631104, -0.8408893346786499, 1.4604899883270264, 0.017306029796600342, 1.6275615692138672, -0.603970468044281, -0.34980350732803345, 0.8677276372909546, -1.0580718517303467, -0.6292687058448792, -0.9279707074165344]",yunet,Facenet,1920,1080,/home/amos/media/tv/modern_family/Modern.Family.S09.1080p.DSNP.WEB-DL.DDP5.1.H.264-CRFW/Modern.Family.S09E17.Royal.Visit.1080p.DSNP.WEB-DL.DDP5.1.H.264-CRFW.mkv,Modern Family,2009,1442437,9,17,Jesse Tyler Ferguson,204815.0,0.607
69,390,132,642,486,498,264,432,258,0.905,2136,1,"[0.1914607286453247, -0.6241439580917358, -1.2529536485671997, 1.036234974861145, 2.4422340393066406, -0.05212896317243576, 1.6702555418014526, 0.6853973269462585, 0.8121566772460938, 1.0927423238754272, -1.0510356426239014, -0.8197306394577026, 0.13004568219184875, 1.2271971702575684, -0.6445982456207275, 0.9424842596054077, -1.1533185243606567, -2.2225780487060547, -0.9365825057029724, 0.015536409802734852, -0.44637739658355713, 2.371598243713379, -1.1980414390563965, 1.5080831050872803, 1.4481091499328613, 1.8701413869857788, 1.6661479473114014, -0.4561384916305542, 1.3076590299606323, -1.0227760076522827, 0.9869356155395508, 1.341719388961792, -1.1398404836654663, 0.36959928274154663, -1.5309189558029175, -1.0670679807662964, 0.634662389755249, -1.87080717086792, 1.174405813217163, -1.8453176021575928, -0.15805959701538086, 0.8473164439201355, -0.427181214094162, -1.1695917844772339, -0.28502991795539856, 0.31584417819976807, -0.8566737174987793, -0.9491572380065918, -0.6661188006401062, 2.028103828430176, -0.9559240937232971, 1.1997650861740112, -2.085601329803467, 0.01939256489276886, -0.7610229253768921, -1.1905938386917114, 1.0726091861724854, -1.442142367362976, -0.3542686104774475, 0.44442930817604065, -0.35528212785720825, -0.38135969638824463, 1.0793308019638062, 1.2245404720306396, -0.73431396484375, 0.7447603344917297, -0.5772386789321899, 0.9401916861534119, -0.08490972965955734, -0.8155876398086548, -0.05632948875427246, 0.029793813824653625, 0.40498942136764526, 1.0528684854507446, 1.898417592048645, -0.47773489356040955, 0.15258148312568665, 0.8521297574043274, 0.7072085738182068, 1.5908488035202026, -2.6396992206573486, 1.6626626253128052, 0.09496722370386124, -0.8488175868988037, -0.682783305644989, 0.8272997140884399, 0.022752374410629272, 0.306105375289917, 0.40574508905410767, 0.25151339173316956, 0.6131182312965393, 0.370431125164032, 0.3164348602294922, -0.294779509305954, 2.431838035583496, -0.08551691472530365, -1.0212433338165283, 1.525771975517273, -0.6323059797286987, -1.0805779695510864, -0.3493083119392395, 0.40846166014671326, -1.149466872215271, -1.3374184370040894, 0.761069655418396, -0.8454503417015076, -0.04280434921383858, 0.19685481488704681, -0.921643078327179, -0.4162640869617462, 0.4265769124031067, -0.43824344873428345, 2.124411106109619, -0.9742231965065002, 1.3656833171844482, 1.4222588539123535, 0.12410031259059906, 1.023510456085205, -0.599031925201416, 0.6964887976646423, 0.29709357023239136, 0.4762173891067505, 1.0204334259033203, 0.36823543906211853, -0.2858704924583435, -1.2568916082382202, -0.19433964788913727, 0.36197468638420105]",yunet,Facenet,1920,1080,/home/amos/media/tv/modern_family/Modern.Family.S09.1080p.DSNP.WEB-DL.DDP5.1.H.264-CRFW/Modern.Family.S09E17.Royal.Visit.1080p.DSNP.WEB-DL.DDP5.1.H.264-CRFW.mkv,Modern Family,2009,1442437,9,17,Eric Stonestreet,156962.0,0.636
70,1374,222,1596,504,1536,330,1428,324,0.924,2160,0,"[-1.8905751705169678, -1.6349540948867798, -0.30617108941078186, -0.7491892576217651, 0.9438850283622742, -0.6502857208251953, -0.5413089394569397, -0.1705867052078247, 2.509615659713745, -0.9698558449745178, 0.9335304498672485, -1.860715389251709, -0.7634752988815308, -1.2838070392608643, -0.6808633804321289, 0.22755981981754303, -0.8104915618896484, -0.22612877190113068, -1.5283777713775635, -0.15449263155460358, 1.4452892541885376, 0.5372130274772644, 2.0825326442718506, 0.56913822889328, 0.9317417740821838, 1.3900128602981567, 1.4328749179840088, -2.160386085510254, 1.9256913661956787, -0.6348759531974792, -0.4009133577346802, 0.048794686794281006, 1.1623966693878174, -0.6141738891601562, 0.7236645817756653, 1.9401564598083496, -0.08728791773319244, -0.9605031609535217, -1.4217438697814941, -1.598231315612793, -0.5947681069374084, -0.5433099269866943, -1.898973822593689, -0.2895154058933258, 1.263695478439331, -0.2024182826280594, -1.8296890258789062, 0.3958633840084076, -0.5401369333267212, -0.45969951152801514, 1.094933032989502, -0.5545466542243958, -1.6051039695739746, 0.18597771227359772, -0.794557511806488, -0.5533162355422974, 0.2396772801876068, -0.5785709023475647, -1.393083930015564, -1.4970239400863647, 0.11589226871728897, -0.23209311068058014, -0.379372775554657, -0.13528293371200562, -1.3163224458694458, 1.6056898832321167, 0.599238932132721, 0.4666302502155304, 0.9551972150802612, -1.64606511592865, -0.6366592645645142, -0.49566519260406494, -1.6467506885528564, -0.926947832107544, 0.48665663599967957, -1.0589241981506348, -1.0273061990737915, -0.06913378834724426, -0.9276466369628906, -1.2670507431030273, -1.8847559690475464, 1.4696677923202515, -1.0129843950271606, 0.14327767491340637, -0.27977457642555237, -0.13007183372974396, -0.18872138857841492, 0.29279136657714844, 0.25965774059295654, -0.7470372319221497, 0.6364155411720276, 0.4073162376880646, 1.6157187223434448, 1.6269140243530273, -1.1008347272872925, 2.1051321029663086, -0.33506524562835693, 0.5884079337120056, -0.569682240486145, -0.3546161651611328, 0.19775165617465973, -1.0448113679885864, 1.3143845796585083, -0.3611643612384796, 0.20298025012016296, 0.44672250747680664, -0.4293862581253052, 0.4218734800815582, 0.42316561937332153, 0.3347690999507904, -0.44833987951278687, -1.1919515132904053, 1.7478525638580322, -1.112870216369629, 0.8861507773399353, 2.168637752532959, 0.5118812322616577, -1.3370665311813354, -1.5285820960998535, 0.07390183210372925, -0.20474816858768463, 0.4358047544956207, 0.2090485394001007, -0.6197306513786316, 1.0839157104492188, -0.4018566906452179, -0.5184028148651123, -0.19890281558036804]",yunet,Facenet,1920,1080,/home/amos/media/tv/modern_family/Modern.Family.S09.1080p.DSNP.WEB-DL.DDP5.1.H.264-CRFW/Modern.Family.S09E17.Royal.Visit.1080p.DSNP.WEB-DL.DDP5.1.H.264-CRFW.mkv,Modern Family,2009,1442437,9,17,Jesse Tyler Ferguson,204815.0,0.708
71,1368,234,1596,540,1554,354,1464,360,0.917,2184,0,"[-0.41413500905036926, -1.238423228263855, -0.5444352626800537, -1.231221079826355, 0.5116691589355469, -0.010548061691224575, -0.09095188230276108, -0.6412823796272278, 2.9752378463745117, -0.5414671897888184, 1.3730324506759644, -1.6249912977218628, 0.04790199548006058, -1.7174173593521118, -0.9655297994613647, 0.254145085811615, -0.33552315831184387, -0.3230413794517517, -0.479689359664917, -0.026385635137557983, 1.5567127466201782, 0.44735556840896606, 1.4832550287246704, -0.19523176550865173, 0.6486785411834717, 1.9306970834732056, 1.2953054904937744, -2.7679929733276367, 2.0588507652282715, -0.015107041224837303, -0.4613976776599884, 0.5306390523910522, 0.5739378929138184, -0.7163510322570801, 0.8127556443214417, 1.16255521774292, 0.8003281354904175, 0.00688566267490387, -0.36734792590141296, -1.2486108541488647, 0.06134481728076935, 0.2727302610874176, -1.1031275987625122, -0.3295707106590271, 0.3219791054725647, 0.20686787366867065, -1.4468114376068115, -0.2423137128353119, -0.8309099674224854, -0.35746750235557556, 0.6390095949172974, -0.48083579540252686, -2.362999677658081, 0.8505523204803467, -0.8763257265090942, -1.1875252723693848, 0.7369656562805176, -0.13068810105323792, -0.5497991442680359, -2.108368396759033, 0.6220359206199646, -0.5976310968399048, 0.4377356767654419, -0.026158973574638367, -1.0331507921218872, 1.6618160009384155, 0.3935312330722809, 0.15854230523109436, 0.3897692561149597, -2.172574758529663, -0.8973883986473083, -0.8578695058822632, -1.7010924816131592, -1.25919771194458, 1.036299467086792, -0.5040175914764404, -1.250576376914978, 0.15576449036598206, -0.9311819672584534, -1.8945424556732178, -1.374875783920288, 1.0912449359893799, -1.2759370803833008, -0.24116896092891693, -1.1331971883773804, -0.3963472843170166, -0.7289686799049377, 0.39823073148727417, -0.4348183870315552, -0.7132134437561035, 0.24756473302841187, -0.22324655950069427, 1.8694311380386353, 0.3779912292957306, -0.9577755928039551, 2.5119831562042236, -0.22627799212932587, 0.004825030453503132, -0.962155282497406, -1.1774574518203735, -0.2816256582736969, -0.7608774900436401, 1.1955103874206543, -0.6188614368438721, -0.1746893674135208, 1.6231133937835693, -0.680666983127594, 0.6894687414169312, 0.7502865791320801, 0.30870625376701355, 0.35422319173812866, -1.4914697408676147, 1.4999642372131348, -1.2192401885986328, 0.6791196465492249, 1.8965632915496826, -1.0032390356063843, -1.9230647087097168, -0.898947536945343, 0.08332124352455139, -1.1155792474746704, 0.2901541292667389, 0.8099714517593384, -0.6467828154563904, 1.152023196220398, -0.2589740753173828, -0.26979538798332214, -0.6839829683303833]",yunet,Facenet,1920,1080,/home/amos/media/tv/modern_family/Modern.Family.S09.1080p.DSNP.WEB-DL.DDP5.1.H.264-CRFW/Modern.Family.S09E17.Royal.Visit.1080p.DSNP.WEB-DL.DDP5.1.H.264-CRFW.mkv,Modern Family,2009,1442437,9,17,Jesse Tyler Ferguson,204815.0,0.707
72,456,126,720,480,582,252,486,252,0.917,2184,1,"[0.3798407316207886, -0.9400697946548462, -1.486079216003418, 0.6239928007125854, 2.1422910690307617, -0.6186268925666809, 0.9759691953659058, 0.5822915434837341, -0.1269102692604065, 0.5021448731422424, -1.0790603160858154, -0.8248200416564941, 1.2816318273544312, 0.3502870798110962, 0.1744152307510376, 0.8228106498718262, -1.7214151620864868, -2.3575522899627686, -0.6837477087974548, -0.1821625679731369, -0.4473443925380707, 1.9162737131118774, -1.4571892023086548, 1.8634215593338013, 1.2362422943115234, 2.197171211242676, 1.1845598220825195, 0.41707655787467957, 1.7071731090545654, -1.031262755393982, 0.8744860887527466, 1.198891282081604, -0.6964059472084045, 0.1415683925151825, -1.6516751050949097, -0.44111067056655884, 0.4295922815799713, -2.3198764324188232, 1.0854332447052002, -1.2935001850128174, 0.3655347526073456, 1.3769493103027344, -0.46541211009025574, -1.3158811330795288, 0.02124461904168129, -0.12322764098644257, -0.5348396897315979, -0.2395668625831604, 0.181504026055336, 0.29118552803993225, -0.4767759442329407, 0.41769567131996155, -3.180227041244507, 0.7323838472366333, -0.3442782759666443, -1.0941201448440552, 0.9836215972900391, -1.0703010559082031, 0.42420634627342224, 0.9933406114578247, -0.3726098835468292, -1.6299675703048706, 1.8768211603164673, 0.290093332529068, -1.1090065240859985, 0.7848210334777832, -0.7861852645874023, 0.6857787370681763, -0.21639466285705566, -0.5226765871047974, -0.43612173199653625, 0.6185125112533569, -0.059276897460222244, 1.6044633388519287, 1.1570273637771606, -0.7528740167617798, -0.3535661995410919, 1.8334206342697144, 1.0969884395599365, 1.8553544282913208, -2.7442069053649902, 1.3134839534759521, -0.045684564858675, -0.6340863108634949, -1.3525725603103638, 0.46230098605155945, -0.20332829654216766, -0.019550904631614685, 0.38123947381973267, -0.05864318087697029, 1.9090685844421387, 0.3136557340621948, 0.19283753633499146, -0.7585973143577576, 1.475045084953308, 0.1427469700574875, -0.9306403398513794, 0.6561642289161682, -0.10880474746227264, -0.9594624638557434, -0.9687899351119995, -0.337263286113739, -0.6042792797088623, -0.3638392984867096, 0.717055082321167, -0.9193580150604248, -0.3924713432788849, -0.1331516057252884, -0.9349913597106934, 0.584480345249176, 0.3834596276283264, -1.7676292657852173, 1.8549165725708008, -1.1535396575927734, 2.25069522857666, 1.1506835222244263, 0.5326690673828125, 0.4951639473438263, -0.04195200651884079, 0.26795491576194763, 0.08541175723075867, 0.9032185077667236, 0.9905917644500732, 0.40540191531181335, -0.6258754730224609, -0.7732825875282288, -0.48000568151474, -0.5739174485206604]",yunet,Facenet,1920,1080,/home/amos/media/tv/modern_family/Modern.Family.S09.1080p.DSNP.WEB-DL.DDP5.1.H.264-CRFW/Modern.Family.S09E17.Royal.Visit.1080p.DSNP.WEB-DL.DDP5.1.H.264-CRFW.mkv,Modern Family,2009,1442437,9,17,Eric Stonestreet,156962.0,0.684
73,1314,246,1530,522,1494,354,1386,354,0.916,2232,0,"[-1.2743710279464722, -1.0887444019317627, -0.7717918753623962, -0.8276470303535461, 0.5458524227142334, -0.5139586925506592, -0.58082115650177, -0.7826833724975586, 2.3996076583862305, -0.3192315995693207, 0.8536921739578247, -1.7732059955596924, -0.7717130780220032, -1.0602872371673584, -0.5236706733703613, 0.1692183017730713, -0.14845407009124756, -0.43275338411331177, -1.0663542747497559, 0.1617116928100586, 1.567552089691162, 0.37898173928260803, 2.43587327003479, 0.38311532139778137, 0.7182639837265015, 1.7846980094909668, 1.2756125926971436, -2.320568561553955, 2.1132442951202393, -0.04719959571957588, -0.12946288287639618, -0.49384450912475586, 0.8098296523094177, -0.8475402593612671, 0.9561079740524292, 1.7740209102630615, 0.8210776448249817, -0.28562384843826294, -1.1639769077301025, -1.2478996515274048, -1.251607894897461, -0.21522189676761627, -1.349618911743164, -0.54725182056427, 1.605001449584961, -0.06542381644248962, -1.636753797531128, 0.3919667899608612, -0.04293825104832649, -0.7587950229644775, 0.9609119296073914, -0.6853777766227722, -2.1491575241088867, -0.04573320597410202, -1.454876184463501, -0.47640469670295715, 0.4573075473308563, 0.3965221643447876, 0.06731288880109787, -1.534339427947998, 0.3939182460308075, 0.5489479899406433, -0.4432365894317627, 0.005388027057051659, -1.5932639837265015, 2.194633960723877, 0.8314194083213806, 0.6005317568778992, 0.7244230508804321, -1.2770788669586182, -0.48892632126808167, -0.6797276735305786, -0.589634895324707, -1.2570544481277466, 0.5016329288482666, -0.6037572622299194, -0.45937269926071167, -0.2689802050590515, -1.520628571510315, -1.9906619787216187, -2.426384925842285, 1.6805752515792847, -1.2687408924102783, 0.33427712321281433, -1.349685549736023, -0.17887887358665466, -0.46167632937431335, -0.13487109541893005, 0.14609147608280182, -1.105315089225769, 0.8604332804679871, 0.2435905933380127, 1.6783632040023804, 0.8735454082489014, -1.3360313177108765, 2.1533868312835693, -0.10456956923007965, 0.5429027676582336, -0.8197073936462402, -0.2286343276500702, 0.03712950646877289, -1.0617917776107788, 1.5899077653884888, -0.5230664014816284, 0.4237760901451111, 0.593499481678009, -0.024782396852970123, 0.6259180307388306, 1.1353155374526978, 0.6482954025268555, -0.28143012523651123, -1.6335422992706299, 1.5212267637252808, -0.4726463854312897, 1.004108190536499, 2.1795825958251953, -0.06406523287296295, -1.2735050916671753, -1.4729427099227905, 0.4684563875198364, -0.009274564683437347, 0.3946326971054077, -0.017567791044712067, -0.9209038019180298, 1.1537649631500244, -0.7792330384254456, 0.4032594859600067, -1.1212825775146484]",yunet,Facenet,1920,1080,/home/amos/media/tv/modern_family/Modern.Family.S09.1080p.DSNP.WEB-DL.DDP5.1.H.264-CRFW/Modern.Family.S09E17.Royal.Visit.1080p.DSNP.WEB-DL.DDP5.1.H.264-CRFW.mkv,Modern Family,2009,1442437,9,17,Jesse Tyler Ferguson,204815.0,0.667
74,438,132,690,480,654,246,546,252,0.91,2232,1,"[1.0274957418441772, -1.157476544380188, -1.7049980163574219, 0.20693784952163696, 2.251943826675415, -0.012954643927514553, 1.2181293964385986, 0.9947109222412109, 0.46284374594688416, 1.2620776891708374, -1.2880746126174927, -0.7026752233505249, -0.45044124126434326, -0.03631481155753136, 0.5744854807853699, 1.0502952337265015, -1.433490514755249, -2.14982008934021, 0.47936898469924927, 0.06894730031490326, -1.1839847564697266, 1.501959204673767, 0.2583000063896179, 1.3751139640808105, 0.4698185622692108, 1.28224515914917, 1.3090226650238037, -0.06054605543613434, 0.11380061507225037, -0.1932801753282547, 0.24519377946853638, 0.7575328350067139, -1.9816783666610718, 2.245378017425537, -1.4255974292755127, -0.5915172696113586, 0.558254063129425, -1.731081485748291, 1.1710994243621826, -2.2854208946228027, -0.43731144070625305, 0.23324215412139893, -0.48411908745765686, -0.8271627426147461, 0.8520522117614746, -0.18981246650218964, 0.1859964281320572, 0.020799020305275917, -1.015636920928955, 2.314159870147705, -0.7000796794891357, 0.2985425293445587, -1.8114057779312134, 0.9459786415100098, -1.452103614807129, -2.110647201538086, 0.1343430131673813, -0.06131337583065033, -1.299306869506836, 0.6553640365600586, -1.21983802318573, -0.7505586743354797, 0.6812136769294739, 0.3412582576274872, -0.5702415108680725, -0.156571164727211, -1.0855737924575806, -0.061955489218235016, 0.09112568944692612, -1.571899652481079, 0.5156309604644775, -1.202643871307373, -0.6598101854324341, 1.8818365335464478, 0.8005020022392273, 0.15745994448661804, -0.9505821466445923, 0.31178998947143555, 1.5051565170288086, 0.7507062554359436, -2.1529147624969482, 1.5114471912384033, 1.0918911695480347, -1.2130237817764282, -0.6951589584350586, -0.5750312805175781, 1.4690500497817993, 1.6156182289123535, 1.171279788017273, 0.20677921175956726, -0.9259169697761536, -0.2758420407772064, -0.10344932973384857, 0.4717386066913605, 2.5815999507904053, -0.4643731117248535, -2.094355344772339, 0.37816163897514343, -0.5393904447555542, 0.8536086678504944, 0.6068032383918762, -0.269891619682312, -1.5307360887527466, -0.7361195087432861, -0.4581715762615204, -0.20010094344615936, 0.18686482310295105, 0.04230952262878418, -1.0703113079071045, -1.2951123714447021, 0.4405556917190552, -0.8217131495475769, 1.0573457479476929, -1.55564546585083, 1.7121891975402832, 0.947412371635437, 0.2191406786441803, 0.35984063148498535, -0.5714735388755798, 0.034368667751550674, 0.13816474378108978, 0.8660647869110107, 0.15262508392333984, 1.0385206937789917, -0.7494208216667175, -0.7221674919128418, -0.09453602880239487, -0.32402652502059937]",yunet,Facenet,1920,1080,/home/amos/media/tv/modern_family/Modern.Family.S09.1080p.DSNP.WEB-DL.DDP5.1.H.264-CRFW/Modern.Family.S09E17.Royal.Visit.1080p.DSNP.WEB-DL.DDP5.1.H.264-CRFW.mkv,Modern Family,2009,1442437,9,17,,,
75,1236,234,1464,528,1344,342,1272,342,0.912,2256,0,"[-0.5118395090103149, -1.3598190546035767, -1.3614041805267334, -1.5624297857284546, 0.44157466292381287, 0.7381874322891235, -0.6415456533432007, 0.658347487449646, 1.6275537014007568, -0.67418372631073, 1.1822295188903809, -2.516202926635742, -0.12321937829256058, -0.5554337501525879, 0.19059185683727264, 1.2597031593322754, -0.05166175961494446, 0.017304450273513794, -0.22927019000053406, 0.2979241609573364, 0.8941329717636108, 1.5611522197723389, 2.3899459838867188, 0.38311752676963806, 1.061868667602539, 0.5926395654678345, 0.4842265546321869, -1.8367879390716553, 2.2839395999908447, 0.9216128587722778, -0.14004847407341003, -0.5641798377037048, 1.141347050666809, -0.2145889401435852, -0.02067292109131813, 1.6194117069244385, 0.5053900480270386, 1.275987982749939, -0.9788395762443542, -0.20497822761535645, -0.21965250372886658, 0.12182862311601639, -0.6069329977035522, -0.9249656200408936, 2.0647997856140137, -0.3023189604282379, -0.48123255372047424, 0.189330592751503, 0.7937678694725037, -0.27662205696105957, -0.15892761945724487, 0.19576109945774078, -2.3334434032440186, 0.8430078625679016, -2.4647154808044434, -0.8951123952865601, 0.4187319576740265, 0.37561875581741333, -0.6233047246932983, -0.4497852325439453, 1.3057876825332642, 0.7313384413719177, -0.2372753620147705, 0.5982470512390137, -0.5216769576072693, 0.8365300297737122, 1.3059372901916504, 0.9510549902915955, 0.14795726537704468, -2.298665761947632, -1.3315218687057495, 0.32883694767951965, -0.912997841835022, -1.2555879354476929, 1.292114496231079, -0.5231784582138062, -1.0968269109725952, -0.6125691533088684, -1.311344027519226, -0.3434898555278778, -2.8074605464935303, 2.44791316986084, -0.4034619629383087, 0.3073405623435974, -1.2267931699752808, 0.9650048017501831, -0.21147450804710388, 0.7845569252967834, 0.244635671377182, -1.02316415309906, 1.5379186868667603, 1.3659428358078003, 2.259826898574829, 1.0555585622787476, -0.7028635740280151, 1.7733228206634521, -1.2431219816207886, -0.20225323736667633, -1.0350642204284668, 0.21407897770404816, 0.8327623009681702, -1.1758241653442383, 0.7666195631027222, -0.18485498428344727, 0.058937765657901764, 0.4425569772720337, -1.4043092727661133, 1.0215133428573608, 1.4263086318969727, 0.4023762047290802, -0.7765080332756042, -2.329206705093384, 0.8608280420303345, -0.050283536314964294, 0.5966708660125732, 0.04002678394317627, 0.018002215772867203, -1.1896880865097046, -1.0186538696289062, 0.11186471581459045, -0.219291552901268, 2.239129066467285, -0.32591646909713745, -1.0659806728363037, 0.5920926928520203, -0.760979950428009, -0.6440859436988831, -1.5033646821975708]",yunet,Facenet,1920,1080,/home/amos/media/tv/modern_family/Modern.Family.S09.1080p.DSNP.WEB-DL.DDP5.1.H.264-CRFW/Modern.Family.S09E17.Royal.Visit.1080p.DSNP.WEB-DL.DDP5.1.H.264-CRFW.mkv,Modern Family,2009,1442437,9,17,,,
76,1248,240,1470,534,1350,342,1278,342,0.912,2280,0,"[-0.2811371386051178, -0.45581188797950745, -1.5338952541351318, -1.4368629455566406, 0.28011584281921387, 0.31291183829307556, -1.0171394348144531, 0.20694507658481598, 1.9687024354934692, -0.6963397860527039, 0.9852883219718933, -2.3665966987609863, -0.887812614440918, 0.13635997474193573, -0.1814781129360199, 0.4951711893081665, -0.4238617420196533, -0.8393754363059998, -0.659676730632782, -0.07678072899580002, 0.6145727634429932, 1.982134461402893, 2.453615427017212, 0.26165226101875305, 1.1302216053009033, 0.7765884399414062, 1.0014231204986572, -2.3675050735473633, 2.3732476234436035, 0.5642799735069275, -0.535642147064209, -0.260841429233551, 1.2889517545700073, 0.03721889853477478, -0.05502021312713623, 1.5829378366470337, 0.6050447225570679, 1.0747900009155273, -0.5697612762451172, -0.615119457244873, -0.4822997450828552, -0.0806284248828888, -1.8737581968307495, -1.1377618312835693, 1.3214260339736938, -0.31324058771133423, -0.8079317808151245, 0.210434228181839, 0.35804659128189087, 0.6717010736465454, 0.11276103556156158, 0.08034354448318481, -1.4951417446136475, 0.054247304797172546, -2.133925199508667, -0.7725751399993896, 1.4449617862701416, -0.21527157723903656, -1.339498519897461, -0.9881284832954407, 0.6667442321777344, -0.07319659739732742, -0.8369337916374207, 0.3460223972797394, -0.6971153616905212, 0.7149748206138611, 1.2004680633544922, 0.5054091215133667, -0.024140900000929832, -2.6414079666137695, -1.1717166900634766, 0.08769853413105011, -1.11521577835083, -1.281905174255371, 1.536617636680603, -0.5273812413215637, -0.6743520498275757, -0.7911491394042969, -1.2322447299957275, -1.0529264211654663, -2.8503806591033936, 2.532353401184082, 0.013378404080867767, 0.5464457273483276, -0.3961634337902069, 1.5121713876724243, -0.19372281432151794, 1.288359522819519, 0.8308364152908325, -0.6689320802688599, 0.8489536643028259, 1.303694725036621, 2.7906785011291504, 1.209928035736084, 0.19236494600772858, 1.9254333972930908, -1.1033096313476562, 0.5132094621658325, -1.4484477043151855, -0.8618022799491882, 0.9933422207832336, -1.388129472732544, 0.5882341861724854, -0.634384274482727, 0.5183532238006592, 0.14730671048164368, -0.9268537759780884, 1.8269400596618652, 1.6964792013168335, -0.014424735680222511, -0.6811867952346802, -2.0364396572113037, 0.39345425367355347, 0.38203755021095276, 0.501002311706543, 0.4287269115447998, 0.04965265840291977, -1.234676480293274, -0.624315619468689, 0.5870321393013, -0.34419137239456177, 1.6258776187896729, -0.9523825645446777, -1.2606230974197388, 1.0220966339111328, -0.5942893028259277, -1.0465117692947388, -0.8508385419845581]",yunet,Facenet,1920,1080,/home/amos/media/tv/modern_family/Modern.Family.S09.1080p.DSNP.WEB-DL.DDP5.1.H.264-CRFW/Modern.Family.S09E17.Royal.Visit.1080p.DSNP.WEB-DL.DDP5.1.H.264-CRFW.mkv,Modern Family,2009,1442437,9,17,Jesse Tyler Ferguson,204815.0,0.58
77,594,174,828,486,786,294,684,300,0.913,2304,0,"[0.29751110076904297, -0.39866045117378235, -0.7124805450439453, 0.7793726921081543, 3.351869583129883, -0.8446606993675232, 2.1439154148101807, 0.03800439089536667, 0.28612765669822693, 0.6906086802482605, -1.2353461980819702, -0.6683960556983948, -0.25467929244041443, 1.3417472839355469, 1.0598833560943604, 0.7238670587539673, -0.7695666551589966, -2.2488114833831787, -0.7419440150260925, -1.375190019607544, -1.951928973197937, 1.5487780570983887, -1.1322247982025146, 1.7977768182754517, 1.2850793600082397, 1.3295397758483887, 1.1191991567611694, -0.13624821603298187, 0.4197345972061157, -0.9354737401008606, 1.713669776916504, 0.5591521859169006, -1.744478464126587, 1.2520411014556885, -0.7813921570777893, 0.06428802013397217, 0.9052780866622925, -2.032703161239624, 0.4507581293582916, -1.062370777130127, -0.4663798213005066, 0.5041709542274475, -0.5638163089752197, -0.8760213255882263, 0.31461194157600403, -0.45773056149482727, -0.8593724370002747, 0.28797826170921326, -0.25981390476226807, 2.228720188140869, -0.39665013551712036, 0.5025174021720886, -1.6778581142425537, 0.8301779627799988, -0.8936761021614075, -1.4985696077346802, 0.5125715136528015, -1.4987043142318726, 0.11560482531785965, 0.4804092347621918, -1.7704216241836548, -1.1260175704956055, 1.136831521987915, 0.20281478762626648, -0.7868044972419739, 0.05434126779437065, -1.2738502025604248, 0.9374536275863647, -0.2944590449333191, -0.46354973316192627, -0.16344712674617767, -0.7551872730255127, 0.1843520849943161, 0.4081376791000366, 0.12600742280483246, -0.3196670711040497, -0.2931787967681885, 0.5616936683654785, -0.07243499159812927, 0.9062201976776123, -2.3352231979370117, 2.092134475708008, -0.4642467498779297, -1.235907793045044, -1.1260443925857544, 0.26986831426620483, 0.6133210062980652, 0.8293823599815369, 1.2124717235565186, 1.2298399209976196, 0.33415862917900085, 0.26322224736213684, 0.17870557308197021, -1.2749700546264648, 1.773878812789917, 0.41694876551628113, -1.1277457475662231, 0.721838653087616, 0.8862836956977844, 1.4027785062789917, -0.42969512939453125, 0.6337287425994873, -1.1730149984359741, -1.96895432472229, 0.4698294401168823, -0.39838749170303345, -0.5859909057617188, 0.6927046775817871, -0.2824498116970062, -1.5708093643188477, -0.720879077911377, -0.42269760370254517, 1.6868667602539062, -1.9236705303192139, 2.321769952774048, 1.0336906909942627, 0.9975684881210327, 0.37662941217422485, -0.15347722172737122, 0.3341104984283447, 0.06306977570056915, -0.5789234638214111, 1.1300619840621948, -0.2363576889038086, 0.18015629053115845, -0.41643786430358887, 0.08271721005439758, -0.045498356223106384]",yunet,Facenet,1920,1080,/home/amos/media/tv/modern_family/Modern.Family.S09.1080p.DSNP.WEB-DL.DDP5.1.H.264-CRFW/Modern.Family.S09E17.Royal.Visit.1080p.DSNP.WEB-DL.DDP5.1.H.264-CRFW.mkv,Modern Family,2009,1442437,9,17,Eric Stonestreet,156962.0,0.651
78,1308,234,1518,516,1488,336,1410,336,0.908,2304,1,"[-1.1427557468414307, -1.5376272201538086, -0.43756556510925293, -0.3655916154384613, 0.7723615765571594, -0.43083128333091736, -0.13510268926620483, -0.24064576625823975, 2.681933879852295, -1.0812357664108276, 1.1964085102081299, -1.653525948524475, -0.7417104244232178, -1.286565899848938, -1.2289947271347046, -0.09994766861200333, -0.2739769220352173, 0.32530975341796875, -0.759958028793335, 0.16712409257888794, 1.6326663494110107, 0.31897857785224915, 2.205043077468872, -0.2671195864677429, 0.6887826323509216, 1.8687959909439087, 0.9068442583084106, -2.680957794189453, 1.9592947959899902, -0.0223728958517313, -0.6167112588882446, 0.21870803833007812, 0.08996806293725967, -0.8301478028297424, 1.065617561340332, 2.510449171066284, -0.06346708536148071, 0.1678924858570099, -1.0812697410583496, -1.3146699666976929, -0.0552414134144783, 0.9838472008705139, -1.3425112962722778, -0.7180181741714478, 1.5405246019363403, 0.604425311088562, -1.3838822841644287, 0.792770504951477, -0.8822782039642334, 0.6484426259994507, 0.7399802803993225, -0.23887856304645538, -1.0621273517608643, 0.44560378789901733, -1.003984808921814, -0.7522227764129639, 0.502453625202179, 0.2162197232246399, -0.5827465653419495, -1.6783447265625, 0.5479443669319153, -0.0047590285539627075, -0.254818320274353, 0.3355870842933655, -0.719577431678772, 1.5818520784378052, 0.7206600308418274, 0.22719420492649078, 0.8206707239151001, -1.686344861984253, -0.31671932339668274, -0.42916634678840637, -1.9209744930267334, -0.5973620414733887, 0.5476531386375427, -1.196279764175415, -1.3968548774719238, 0.2282632440328598, -1.288254737854004, -1.7094074487686157, -1.730594515800476, 0.9814746379852295, -0.7114130854606628, -0.6568328738212585, -0.756906270980835, 0.2988799512386322, 0.08259377628564835, 0.7198178172111511, -0.12437745183706284, -0.8572993874549866, 0.3995414078235626, 1.5271668434143066, 1.7739849090576172, 1.6753536462783813, -1.183010458946228, 2.6292266845703125, -0.11369886994361877, -0.2585659325122833, -0.7055564522743225, -0.09101005643606186, -0.2226203829050064, -0.42915013432502747, 1.3960386514663696, -1.3790839910507202, -0.031189721077680588, 0.6467815041542053, -0.23363438248634338, 1.250278353691101, 1.0267770290374756, -0.18086130917072296, -0.15111970901489258, -1.3553340435028076, 1.625175952911377, -0.39430588483810425, 0.6618973612785339, 2.4429538249969482, 0.027498777955770493, -1.047252893447876, -1.1543837785720825, -0.1294293850660324, -0.9386963844299316, 0.34147536754608154, 0.3967342972755432, -1.5994176864624023, 0.9095829725265503, -0.34200814366340637, -0.4045895040035248, -1.3886827230453491]",yunet,Facenet,1920,1080,/home/amos/media/tv/modern_family/Modern.Family.S09.1080p.DSNP.WEB-DL.DDP5.1.H.264-CRFW/Modern.Family.S09E17.Royal.Visit.1080p.DSNP.WEB-DL.DDP5.1.H.264-CRFW.mkv,Modern Family,2009,1442437,9,17,Jesse Tyler Ferguson,204815.0,0.747
79,0,246,144,450,102,324,36,324,0.903,2304,2,"[0.7827714681625366, -0.019444428384304047, 0.02235211618244648, 0.23643288016319275, -0.64882493019104, -0.533850371837616, 1.4807347059249878, 0.6767406463623047, -0.09372494369745255, -0.5472894310951233, 0.6792692542076111, 1.4767194986343384, 0.8307033777236938, 0.2117156982421875, -1.643489956855774, -0.7764551639556885, -0.02624056488275528, -0.9778772592544556, -1.217319369316101, -0.3380278944969177, -0.6078881025314331, 0.23561246693134308, -0.5580828189849854, -1.0277210474014282, 0.18462948501110077, -0.43744170665740967, -1.8754407167434692, 0.9973708987236023, -0.40990597009658813, -0.23606641590595245, -0.299140989780426, 0.8337344527244568, -1.7927528619766235, 0.5998843908309937, -0.002189571037888527, -0.8014645576477051, -0.4419662356376648, -0.7936033010482788, -1.313115119934082, 0.5727086067199707, -0.38253000378608704, 1.7585268020629883, -0.33957892656326294, 1.5627635717391968, -0.7791404724121094, -0.13790138065814972, 0.5462040901184082, 0.9147905111312866, -0.6003866791725159, 1.3113481998443604, -1.055525302886963, -0.876584529876709, -0.5324764847755432, -0.6853858232498169, -0.0020396392792463303, -0.4384732246398926, 0.5202565789222717, 0.09501925110816956, -1.438212275505066, -0.4392380118370056, -1.3912309408187866, 0.7220504879951477, -1.5976439714431763, -0.4775947034358978, 0.42715489864349365, 1.2764300107955933, -1.473229169845581, 1.9794046878814697, 0.3402610421180725, -0.8701926469802856, 0.33365023136138916, 2.1062369346618652, 0.026450619101524353, 0.23020745813846588, 0.031280383467674255, 0.8439341187477112, 0.3887084424495697, -0.012041348963975906, 0.26538506150245667, 0.6530224680900574, -0.5204034447669983, -1.4112173318862915, -1.5023685693740845, -2.4474613666534424, 1.3060544729232788, -1.8995327949523926, -0.8371200561523438, -0.44521594047546387, 1.2938084602355957, 1.7801393270492554, 0.7872881293296814, -0.3989545404911041, -0.7716689705848694, -0.2659098505973816, 1.1980382204055786, 1.8023860454559326, 0.8864385485649109, 2.3157875537872314, -0.4198188781738281, -2.0998375415802, 2.7469980716705322, -0.7141650319099426, -0.8856523036956787, -2.207515001296997, -0.6652796268463135, 1.1573996543884277, 2.066256523132324, -2.2846717834472656, 0.21616438031196594, -1.067145824432373, 0.8662404417991638, 2.1358578205108643, 0.7772855758666992, -1.2405650615692139, 0.9081270098686218, 1.3880207538604736, -0.22844822704792023, -0.6210829615592957, 1.1104063987731934, 0.8102161884307861, 0.22400979697704315, 0.02814212627708912, -0.1445605456829071, 0.07705683261156082, 0.9435420632362366, -1.2750709056854248, -1.192191243171692, 0.34590983390808105]",yunet,Facenet,1920,1080,/home/amos/media/tv/modern_family/Modern.Family.S09.1080p.DSNP.WEB-DL.DDP5.1.H.264-CRFW/Modern.Family.S09E17.Royal.Visit.1080p.DSNP.WEB-DL.DDP5.1.H.264-CRFW.mkv,Modern Family,2009,1442437,9,17,,,
80,630,174,852,474,810,294,708,294,0.917,2328,0,"[0.599779486656189, -0.6577472686767578, -1.380297064781189, 1.2521122694015503, 3.965581178665161, 0.11329828947782516, 1.6658953428268433, 0.9104501008987427, 0.6911170482635498, 0.36367788910865784, -1.4517847299575806, -0.6319274306297302, 0.06591495871543884, 1.9710615873336792, 0.7602654695510864, 0.7859921455383301, -0.7713807821273804, -2.359320640563965, -0.6379257440567017, -0.9194291830062866, -2.0836052894592285, 2.1702208518981934, -0.34858420491218567, 1.9226051568984985, 2.0534422397613525, 0.5412134528160095, 0.8586992025375366, -0.4885827302932739, 0.9973509907722473, -1.1721564531326294, 2.013209342956543, -0.11803993582725525, -1.2413932085037231, 1.0293697118759155, -1.542711853981018, -0.09792497754096985, 0.826734185218811, -1.3006396293640137, 0.10034298896789551, -0.9123934507369995, -0.336042582988739, 0.6718704700469971, 0.016428396105766296, -0.5623130798339844, 0.1890416145324707, -0.10481934249401093, -1.0737203359603882, -0.20641553401947021, -0.15324369072914124, 2.2320902347564697, -1.155745029449463, 0.9170944690704346, -1.726486086845398, 0.8517541289329529, -1.0282574892044067, -1.3551186323165894, 0.050014618784189224, -1.7149162292480469, 0.4679853320121765, 0.8273641467094421, -1.1612211465835571, -0.5328185558319092, 1.3499072790145874, 0.08799804747104645, -1.1420620679855347, -0.2360900491476059, -1.6731646060943604, 1.4053677320480347, -0.9187261462211609, -0.8786526918411255, -0.7107937932014465, 0.04032047092914581, -0.37296730279922485, 0.553119421005249, 0.12957797944545746, -0.16921815276145935, -0.0676407516002655, 0.6015503406524658, 0.18928679823875427, 1.4555717706680298, -2.368661880493164, 2.382169246673584, -0.4448090195655823, -0.6535345315933228, -1.1496503353118896, -0.07573030889034271, 0.6783512830734253, 0.4049658179283142, 0.9837377071380615, 0.3573024868965149, 0.834007203578949, 0.2170577049255371, -0.12305724620819092, -1.479844093322754, 1.4524869918823242, -0.022211777046322823, -1.5734895467758179, 0.528901219367981, 0.5587573051452637, 1.0537989139556885, -0.413716197013855, 0.3020371198654175, -1.4756922721862793, -1.5274642705917358, 0.5139641761779785, -0.600590169429779, -0.6412320733070374, -0.31144067645072937, -0.5129332542419434, -1.5437129735946655, -0.2941005825996399, -0.5769413709640503, 2.1658577919006348, -1.8794269561767578, 2.141709566116333, 0.5107576847076416, 0.5492947101593018, 0.5534212589263916, -0.18502271175384521, 0.5282324552536011, 0.2597969174385071, -0.0401892364025116, 1.0646330118179321, 0.32399529218673706, 0.14259453117847443, -0.7579030394554138, 0.15433356165885925, 0.1782532036304474]",yunet,Facenet,1920,1080,/home/amos/media/tv/modern_family/Modern.Family.S09.1080p.DSNP.WEB-DL.DDP5.1.H.264-CRFW/Modern.Family.S09E17.Royal.Visit.1080p.DSNP.WEB-DL.DDP5.1.H.264-CRFW.mkv,Modern Family,2009,1442437,9,17,Eric Stonestreet,156962.0,0.657
81,0,240,120,426,84,312,18,312,0.904,2328,1,"[1.0416183471679688, 0.0860312432050705, -0.21718677878379822, 0.403457373380661, -0.5784837603569031, 0.4519420266151428, 1.525543451309204, 1.1148293018341064, -0.32025349140167236, -0.0524640716612339, 0.9402454495429993, 0.7612373232841492, 0.33545202016830444, 0.7031018733978271, -2.3981900215148926, -1.5342921018600464, 0.7069704532623291, -1.2451319694519043, -1.2959372997283936, -1.0459903478622437, -0.640466570854187, 0.028521085157990456, -0.05669095739722252, -2.006402015686035, 0.09898228943347931, -1.9739539623260498, -1.5737717151641846, 0.4409925639629364, -1.3539139032363892, -0.14354108273983002, -0.9312151670455933, 0.40972885489463806, -1.9174891710281372, 0.0657418742775917, 0.30338436365127563, -0.829018235206604, -0.32884612679481506, 0.43556201457977295, -1.1428759098052979, 0.5688859224319458, -0.12857721745967865, 1.5366003513336182, -0.2704000174999237, 1.9657249450683594, -0.515921413898468, -0.5879163146018982, 0.6426477432250977, 1.0051474571228027, 0.576746940612793, 0.7710548639297485, -1.6673870086669922, -0.02829696610569954, -0.2407958209514618, -1.488664150238037, -0.17780211567878723, -0.027814269065856934, 0.47184425592422485, -0.04529544711112976, -1.3988860845565796, -0.6942340135574341, -1.1005882024765015, 1.4636657238006592, -1.6998740434646606, 0.20032788813114166, 0.8780840635299683, 1.7009680271148682, -1.7449222803115845, 2.538844347000122, -0.06732680648565292, -0.5859055519104004, -0.30211177468299866, 2.7567923069000244, -0.12204496562480927, -0.7150515913963318, 0.8018316030502319, 1.055153727531433, 0.25026723742485046, 0.30913248658180237, -0.2695617377758026, 0.9024876356124878, -0.4416535198688507, -0.5822328329086304, -1.2128877639770508, -2.152306079864502, 1.1340190172195435, -1.2336002588272095, -1.2490612268447876, -1.094413161277771, 0.31274890899658203, 1.4270254373550415, 1.3175309896469116, 0.2756660580635071, -0.626441240310669, 0.08519932627677917, 1.416395664215088, 1.9618182182312012, 1.0097606182098389, 2.14550518989563, -0.47963598370552063, -1.3199076652526855, 2.221421003341675, -0.7686780095100403, -1.2279467582702637, -1.9180291891098022, -0.49088844656944275, 1.0562243461608887, 2.1917552947998047, -2.0453765392303467, 0.188712939620018, -1.3512234687805176, 0.5687278509140015, 1.874802827835083, 0.46826475858688354, -0.26608091592788696, -0.4056432247161865, 1.3565033674240112, -0.5809472799301147, -0.06137074530124664, 0.7421338558197021, 1.2876304388046265, 0.15458476543426514, 0.0008944962173700333, -0.4155111312866211, -0.06905986368656158, 0.4274017810821533, -1.5082708597183228, -1.3351006507873535, -0.05917619168758392]",yunet,Facenet,1920,1080,/home/amos/media/tv/modern_family/Modern.Family.S09.1080p.DSNP.WEB-DL.DDP5.1.H.264-CRFW/Modern.Family.S09E17.Royal.Visit.1080p.DSNP.WEB-DL.DDP5.1.H.264-CRFW.mkv,Modern Family,2009,1442437,9,17,,,
82,534,174,774,492,732,294,624,294,0.92,2352,0,"[0.18690647184848785, -1.5973591804504395, -1.7048180103302002, 0.13917005062103271, 3.247626543045044, -0.888191819190979, 1.085463523864746, 0.4902220368385315, -0.04263584315776825, 0.7182343006134033, -1.6779829263687134, -0.495115727186203, -0.26432913541793823, 1.4883686304092407, 2.3255221843719482, 0.6119069457054138, -0.13790597021579742, -2.1116867065429688, -0.2023133635520935, -1.6125915050506592, -1.6248940229415894, 0.7969022393226624, -0.2360798418521881, 1.5663264989852905, 1.4447976350784302, 0.303068071603775, 1.4605607986450195, -0.3880603611469269, -0.11327086389064789, -1.0972563028335571, 1.4780064821243286, 0.8737098574638367, -1.221044898033142, 2.264463424682617, -0.9427127242088318, 0.8857247233390808, 0.21384572982788086, -1.4936977624893188, 0.08332578837871552, -1.2278796434402466, -0.7228193879127502, 0.6418762803077698, -0.5519505739212036, -1.0759592056274414, -0.08301744610071182, -0.5243746638298035, -0.7502704858779907, 0.07069344818592072, -0.1926010549068451, 2.4713990688323975, -1.4989303350448608, 0.7817364931106567, -1.6606149673461914, 1.2749398946762085, 0.17494402825832367, -2.0440146923065186, -1.1705050468444824, -0.6327827572822571, -0.24580219388008118, -0.028997141867876053, -2.0143659114837646, -1.5280112028121948, 1.1054108142852783, 0.28117990493774414, -0.2955635190010071, -0.6902960538864136, -1.9051308631896973, 1.152750015258789, -0.5317891836166382, -0.3601042926311493, 0.025141436606645584, -0.9391329288482666, -0.2309403121471405, -0.2971341013908386, 0.17148536443710327, -0.6240633726119995, -0.7144637107849121, -0.5477502346038818, -0.3952246904373169, 0.7303439378738403, -2.0979092121124268, 2.302670955657959, -0.22777998447418213, -0.35435569286346436, -1.008222222328186, 0.6169692277908325, 0.18253269791603088, 0.7222906351089478, 0.6475176811218262, 0.4942106008529663, 0.6937113404273987, -0.2245081663131714, -0.4200408160686493, -1.2108707427978516, 1.721422553062439, 0.5398487448692322, -1.9685423374176025, 0.8500456213951111, 0.8953599333763123, 2.4560739994049072, -0.4414260983467102, 0.9613698124885559, -1.3103606700897217, -1.255096197128296, 0.10354811698198318, -0.6647757887840271, -0.4184306263923645, 0.3185155987739563, -0.4562930464744568, -2.136934757232666, -1.1338039636611938, -0.652080237865448, 1.3222577571868896, -1.8671939373016357, 2.423065185546875, -0.00659431517124176, 0.8850113153457642, 0.17489288747310638, 0.06970001012086868, 0.18182887136936188, 0.21547985076904297, -0.2245844602584839, 1.2587158679962158, -0.787355363368988, -0.34365200996398926, -0.38579997420310974, 0.5529800057411194, 0.8593698740005493]",yunet,Facenet,1920,1080,/home/amos/media/tv/modern_family/Modern.Family.S09.1080p.DSNP.WEB-DL.DDP5.1.H.264-CRFW/Modern.Family.S09E17.Royal.Visit.1080p.DSNP.WEB-DL.DDP5.1.H.264-CRFW.mkv,Modern Family,2009,1442437,9,17,Eric Stonestreet,156962.0,0.546
83,1176,216,1380,486,1362,306,1266,300,0.911,2352,1,"[-1.3314615488052368, -1.2543797492980957, -0.4012015163898468, -0.7407194375991821, 0.5085809826850891, -0.0815603956580162, -0.8901534676551819, -0.5253350138664246, 2.431849479675293, -0.7785640358924866, 1.2829182147979736, -1.4793736934661865, -0.7121534943580627, -1.4132229089736938, -0.5967609882354736, -0.011379880830645561, -0.4054437279701233, 0.31343209743499756, -0.33618706464767456, 0.11624276638031006, 1.5537164211273193, 0.5446986556053162, 2.4826669692993164, -0.5339103937149048, 0.6193348169326782, 1.1968657970428467, 1.1261682510375977, -2.5626296997070312, 1.543117880821228, -0.012394178658723831, -0.6974004507064819, -0.24362631142139435, 0.464383602142334, -0.8347310423851013, 0.43876487016677856, 2.2407984733581543, 0.42572763562202454, 0.3109716475009918, -1.2303617000579834, -1.7659083604812622, -0.26670703291893005, -0.037025969475507736, -1.6993783712387085, -0.7162306308746338, 1.2756377458572388, 0.446853369474411, -0.9137800931930542, 0.06525871157646179, -0.3372933268547058, 0.7973166704177856, -0.2162219136953354, -0.40741220116615295, -0.84938645362854, 0.6323645710945129, -1.2822186946868896, -1.006885290145874, 0.5885332822799683, 0.32328104972839355, -0.7437213063240051, -1.4884921312332153, 0.2832707464694977, -0.15865455567836761, 0.057750336825847626, 0.25960642099380493, -0.533657968044281, 0.9063965678215027, 1.0664198398590088, -0.07890990376472473, 0.38485026359558105, -1.4712473154067993, -0.6420883536338806, -0.650362491607666, -2.324399948120117, -0.9417120814323425, 0.6863080859184265, -1.0577222108840942, -1.5029796361923218, -0.25766313076019287, -1.2220734357833862, -1.4510236978530884, -1.4750499725341797, 0.7369104623794556, -0.36801624298095703, -0.03094428963959217, -0.39389559626579285, 0.8888027667999268, -0.5034301280975342, 1.43683922290802, -0.3206029236316681, -1.3390552997589111, 0.7647368907928467, 0.5019477605819702, 2.1212854385375977, 1.1114370822906494, -0.9176151752471924, 2.307260513305664, -0.8683155179023743, 0.02969498373568058, -0.3386422097682953, -0.4169332683086395, -0.08774667978286743, -0.535489022731781, 1.8374607563018799, -1.0475578308105469, 0.0669531598687172, 0.8697333931922913, -0.6079485416412354, 1.5105152130126953, 1.1875156164169312, -0.26277706027030945, -0.6764311194419861, -1.5183607339859009, 0.8092896938323975, 0.18376566469669342, 0.5366068482398987, 1.3497523069381714, -0.14294464886188507, -1.2749885320663452, -1.0694365501403809, 0.608974277973175, -0.7627273201942444, 0.1593472957611084, 0.0833108201622963, -1.2563375234603882, 1.1426082849502563, -0.4738005995750427, 0.00766821950674057, -0.31200408935546875]",yunet,Facenet,1920,1080,/home/amos/media/tv/modern_family/Modern.Family.S09.1080p.DSNP.WEB-DL.DDP5.1.H.264-CRFW/Modern.Family.S09E17.Royal.Visit.1080p.DSNP.WEB-DL.DDP5.1.H.264-CRFW.mkv,Modern Family,2009,1442437,9,17,Jesse Tyler Ferguson,204815.0,0.647
84,1020,150,1164,330,1116,222,1050,222,0.906,2376,0,"[-0.9530600309371948, -0.1925516128540039, 0.6755368113517761, -0.8222147822380066, 2.162700653076172, 0.18925699591636658, 1.669206976890564, 0.5716114044189453, 1.672590732574463, 0.34078720211982727, 0.08618370443582535, -0.8149922490119934, -1.0347931385040283, -0.46026334166526794, 0.10429933667182922, -0.08625335991382599, -3.008013963699341, -0.28016528487205505, -0.8860030174255371, 1.067894458770752, 0.3260203003883362, 0.4532928466796875, -0.06579123437404633, 0.43074148893356323, -0.8672571182250977, 0.4906367361545563, 0.7584960460662842, -2.228415012359619, -1.4699798822402954, -0.2611173987388611, -1.8185861110687256, -0.6298533082008362, -2.9720637798309326, 0.6153638362884521, 0.0137865599244833, 0.5821815729141235, -1.1865313053131104, -0.7817448377609253, 2.137234687805176, -2.2265539169311523, -0.16539634764194489, -1.0911827087402344, -1.8228561878204346, 0.07103048264980316, -0.04485686123371124, 0.23186680674552917, -0.03788535296916962, -0.8025021553039551, -0.6518906354904175, 0.11029236763715744, -1.956619381904602, 1.9887843132019043, -0.09147553890943527, -1.3821005821228027, -1.4272534847259521, -2.6692123413085938, -0.20304325222969055, 0.20210058987140656, -1.1102802753448486, 0.8982422947883606, 0.6510288715362549, 0.2762283682823181, -0.5545485019683838, 0.10829152166843414, 0.7313677072525024, 1.380950689315796, 0.4045582115650177, -0.22498072683811188, 2.2872633934020996, 0.6704134941101074, 1.0115195512771606, -1.05209219455719, -2.141862630844116, 0.21013964712619781, 1.146112084388733, -0.31339284777641296, -1.2278462648391724, 0.695117175579071, -0.4745718538761139, 1.2814189195632935, -0.36337387561798096, -1.5201611518859863, 0.5695223212242126, 0.7925405502319336, 0.6175764799118042, 0.7793115377426147, 0.2476741075515747, -0.19927459955215454, -1.2142785787582397, -1.2674479484558105, 1.0112038850784302, -0.5309440493583679, -0.10636676847934723, 1.1532573699951172, -0.3459913432598114, 1.5203479528427124, -1.6126749515533447, 0.09181006997823715, -0.2944198250770569, 0.6483034491539001, -1.8161317110061646, 0.24393758177757263, -0.7677236795425415, -0.4065503776073456, -0.8791782259941101, 0.1931995451450348, 0.041837092489004135, -0.7903492450714111, -1.812918782234192, 0.8185218572616577, 1.1402570009231567, -0.33416748046875, 0.8370956182479858, -0.8451026678085327, 0.7523161768913269, 2.7270965576171875, -1.334086298942566, 0.9749739170074463, -1.8322101831436157, 1.572684407234192, -0.11688151955604553, 0.6013734340667725, -0.7268503904342651, -0.8005246520042419, -2.0126419067382812, -1.5738871097564697, -0.401547372341156, -0.48497718572616577]",yunet,Facenet,1920,1080,/home/amos/media/tv/modern_family/Modern.Family.S09.1080p.DSNP.WEB-DL.DDP5.1.H.264-CRFW/Modern.Family.S09E17.Royal.Visit.1080p.DSNP.WEB-DL.DDP5.1.H.264-CRFW.mkv,Modern Family,2009,1442437,9,17,Steve Valentine,78311.0,0.724
85,1056,150,1212,348,1176,228,1098,228,0.915,2400,0,"[-1.9211010932922363, 0.3668709099292755, -0.15731103718280792, -0.5174880623817444, 2.071781873703003, 0.27730846405029297, 0.7741832137107849, 0.822239100933075, 2.5190608501434326, 0.08743764460086823, 1.448007345199585, -1.115742564201355, -1.1881263256072998, -0.4358009397983551, 0.05644707754254341, -0.05807201564311981, -2.6090424060821533, -0.20149080455303192, -1.7704353332519531, 1.9691208600997925, 1.5231034755706787, 0.4749601185321808, 1.7255321741104126, 0.4580460786819458, -0.5328237414360046, 0.6730501055717468, 0.5671699047088623, -2.4757585525512695, -1.323601245880127, -0.9620581269264221, -1.253782868385315, -0.852430522441864, -0.6035313010215759, -0.447467178106308, 0.5128397941589355, 0.3945296108722687, 0.12217734009027481, 0.30215293169021606, 2.287200927734375, -1.58481764793396, -1.3188554048538208, -0.8116663098335266, -2.202590227127075, -1.4098860025405884, -1.0623005628585815, 0.5557812452316284, -1.179465889930725, -1.0734206438064575, -0.26713502407073975, 0.7238434553146362, -0.8861292004585266, 1.1862047910690308, 0.781127393245697, -2.2392733097076416, -0.42241352796554565, -1.7940704822540283, 0.13777150213718414, 0.6091115474700928, -0.9667935967445374, -0.6025956273078918, 0.5630870461463928, 0.6698076128959656, -1.0621188879013062, -0.7868035435676575, -0.3731563091278076, 0.14043612778186798, 0.37756654620170593, 0.5398229360580444, 2.264206886291504, -0.13850753009319305, 0.15944768488407135, -0.7697402238845825, -2.4136364459991455, -0.42061489820480347, -0.2998269498348236, -0.23379287123680115, -0.7417973279953003, -0.18719810247421265, -1.3015235662460327, 0.02688758075237274, -0.49240657687187195, -1.940678596496582, 0.08302155137062073, 1.490539312362671, 0.46765822172164917, 1.7569607496261597, 0.5272594690322876, 0.8917652368545532, -1.3356400728225708, -1.5192265510559082, 1.134721040725708, -0.7095462679862976, 0.722419023513794, 2.139683485031128, -1.0887017250061035, 1.0856847763061523, -1.0570660829544067, 0.33931612968444824, -1.1047117710113525, -0.5821254849433899, -1.273310899734497, -0.2550305128097534, -0.20215272903442383, -1.3587369918823242, -0.4710807502269745, -1.1137210130691528, 0.6570776700973511, -1.6422677040100098, -0.85663241147995, 2.040679693222046, 1.0895379781723022, -0.5941375494003296, 1.068929672241211, -0.3288092613220215, 0.3022162616252899, 2.486023187637329, -1.4709640741348267, 0.1649719774723053, -1.0003715753555298, 2.3104472160339355, -1.4647988080978394, 0.6064525842666626, -1.1703232526779175, -0.6590445637702942, -1.1166599988937378, -1.4590303897857666, 0.007066519930958748, 0.6652422547340393]",yunet,Facenet,1920,1080,/home/amos/media/tv/modern_family/Modern.Family.S09.1080p.DSNP.WEB-DL.DDP5.1.H.264-CRFW/Modern.Family.S09E17.Royal.Visit.1080p.DSNP.WEB-DL.DDP5.1.H.264-CRFW.mkv,Modern Family,2009,1442437,9,17,Steve Valentine,78311.0,0.723
86,522,210,792,564,732,342,606,354,0.917,2448,0,"[0.9581589698791504, -0.2270854413509369, -0.5925315618515015, -0.3698197901248932, 2.7965569496154785, -0.1240590289235115, 1.9041860103607178, 0.8454374074935913, 0.7271184325218201, 0.8349767327308655, -1.8928481340408325, -1.2894550561904907, 0.8757262825965881, 1.6889628171920776, 0.1375698447227478, 1.2441338300704956, -2.036442756652832, -2.5719664096832275, -0.1428276151418686, -0.9716540575027466, -0.9298528432846069, 2.711880683898926, -1.4296842813491821, 1.6052578687667847, 1.0051970481872559, 1.2010414600372314, 0.8349295854568481, 0.36645907163619995, 0.1797703504562378, -1.3480967283248901, 0.7482211589813232, 0.5633806586265564, -0.4852006733417511, 0.5877322554588318, -1.5648432970046997, 0.08264650404453278, 0.23541760444641113, -2.2928097248077393, 0.5674425363540649, -1.0660738945007324, 0.10281126946210861, -0.24809964001178741, -0.4117569625377655, -1.1361764669418335, -0.5239347219467163, 0.14831122756004333, -1.6103461980819702, -0.8334732055664062, -0.29112356901168823, 0.27883338928222656, -1.2339379787445068, 0.6142159104347229, -2.7365598678588867, 0.004460714757442474, -1.1604310274124146, -1.5933183431625366, 0.6205213069915771, -1.2608121633529663, -0.1609647423028946, -0.412497341632843, -1.9640361070632935, -0.4837806820869446, 0.9471724629402161, 0.668329119682312, -1.1786391735076904, -0.10768091678619385, -0.058944471180438995, -0.30050456523895264, 0.6940531730651855, -0.4208826720714569, 0.4196312725543976, -0.14586423337459564, 0.5972508788108826, 0.3155629634857178, 0.05452264845371246, -0.3633913993835449, -0.48924487829208374, 0.6874956488609314, 1.1524302959442139, 1.612849235534668, -0.9028191566467285, 1.4309673309326172, 0.534172534942627, -0.9533279538154602, -0.7416634559631348, -0.34905099868774414, -0.1047305315732956, 0.7540498971939087, 1.3511329889297485, 1.4885096549987793, 1.5962693691253662, -0.5033372640609741, -0.21671320497989655, -0.41355353593826294, 0.9380597472190857, 0.3407535254955292, -1.334885835647583, 0.840227484703064, 0.44709300994873047, 0.7333611845970154, -0.7709304690361023, 0.12924304604530334, -1.123124361038208, -1.0684561729431152, -0.20025533437728882, -0.5598942041397095, -0.02739069238305092, 0.22676487267017365, -0.9743191003799438, 0.10367600619792938, -0.0441301167011261, -0.5260648727416992, 1.2441085577011108, -0.44858434796333313, 2.6107633113861084, 0.4823358356952667, 1.5679676532745361, 0.15587422251701355, -0.028512269258499146, -0.3658927083015442, 0.6382425427436829, 1.069229245185852, 0.16786396503448486, 0.6776381731033325, 0.1168336570262909, -1.0971314907073975, 0.2702566683292389, -0.25417256355285645]",yunet,Facenet,1920,1080,/home/amos/media/tv/modern_family/Modern.Family.S09.1080p.DSNP.WEB-DL.DDP5.1.H.264-CRFW/Modern.Family.S09E17.Royal.Visit.1080p.DSNP.WEB-DL.DDP5.1.H.264-CRFW.mkv,Modern Family,2009,1442437,9,17,Eric Stonestreet,156962.0,0.665
87,1182,228,1392,498,1332,342,1230,342,0.911,2448,1,"[-0.8447360992431641, -0.9115465879440308, -0.4130839407444, -0.8718238472938538, 1.9172909259796143, -0.178553506731987, -0.14433161914348602, -0.14832259714603424, 3.6449530124664307, -0.8498642444610596, 0.9574727416038513, -1.8384538888931274, -0.9549790024757385, -1.0457631349563599, -1.0084574222564697, 0.05023907870054245, -0.13173870742321014, -0.3674887418746948, -1.7816139459609985, -0.06173540651798248, 1.5097419023513794, 0.5704137086868286, 1.71724271774292, -0.3799220621585846, 0.4835079610347748, 1.5826969146728516, 0.6152278184890747, -1.969748854637146, 1.143387794494629, -0.4295527935028076, -0.41932713985443115, -0.6121055483818054, -0.0620163157582283, -0.4286841154098511, 0.5838103294372559, 1.86653733253479, 0.528228223323822, -1.2080992460250854, -1.3710460662841797, -1.0992082357406616, -0.6304188966751099, -0.4733406901359558, -1.370699405670166, -0.2487507164478302, 1.0401537418365479, -0.14945091307163239, -1.904480218887329, 0.7695949077606201, -1.1540707349777222, 0.0007321685552597046, 0.6110521554946899, -0.6216902732849121, -2.4552056789398193, 0.2843775749206543, -1.6909172534942627, -0.9560118913650513, 1.675405740737915, -1.0600630044937134, -1.4796727895736694, -2.211176633834839, -0.47161492705345154, 0.2851731777191162, 0.06569477170705795, 0.7886523604393005, -1.6243937015533447, 1.7993378639221191, 0.16758719086647034, 0.019251354038715363, 0.8078517913818359, -2.556490421295166, -0.5405559539794922, -0.5867164134979248, -0.9508048295974731, -1.5622633695602417, 1.117258906364441, -0.39938050508499146, -0.505157470703125, -0.4087294340133667, -1.2348476648330688, -1.4323128461837769, -2.6437790393829346, 1.284773826599121, -1.0992993116378784, -0.7388054728507996, -0.5039933323860168, -0.7228990793228149, -0.2960543930530548, 0.8025150895118713, 1.4107227325439453, 0.6134473085403442, 0.027560822665691376, -0.08670506626367569, 2.0397250652313232, 1.3736293315887451, -0.7183220386505127, 1.9208053350448608, 0.03675011545419693, 0.4869846999645233, -1.5036170482635498, -0.30037611722946167, 1.7873711585998535, -0.6760975122451782, 0.7033321857452393, -1.0727293491363525, 0.6874904632568359, 1.1150953769683838, -0.4671992063522339, -0.16400544345378876, 1.082181692123413, 0.47184988856315613, 0.35406070947647095, -0.4934750199317932, 1.3919167518615723, -0.6747026443481445, 1.2490627765655518, 1.8965388536453247, -0.5442904233932495, -1.1363911628723145, -0.8095024824142456, -0.3816736042499542, -0.7636294364929199, 0.776769757270813, 0.12331085652112961, -0.6794567704200745, 1.0556163787841797, -1.1633048057556152, -0.11339746415615082, -0.29591622948646545]",yunet,Facenet,1920,1080,/home/amos/media/tv/modern_family/Modern.Family.S09.1080p.DSNP.WEB-DL.DDP5.1.H.264-CRFW/Modern.Family.S09E17.Royal.Visit.1080p.DSNP.WEB-DL.DDP5.1.H.264-CRFW.mkv,Modern Family,2009,1442437,9,17,Jesse Tyler Ferguson,204815.0,0.723
88,1212,228,1428,528,1314,336,1230,336,0.925,2472,0,"[-1.0245662927627563, -1.1280580759048462, -0.8154867887496948, -0.3763609528541565, 1.49265456199646, -0.10102279484272003, 0.010606560856103897, 0.14233936369419098, 2.127791404724121, -0.22967475652694702, 2.013298749923706, -2.4881107807159424, -0.30542266368865967, -1.8674403429031372, -0.5766055583953857, 0.728577733039856, -0.6133489608764648, 0.30823761224746704, -0.5290858149528503, 0.5652858018875122, 1.6391290426254272, 1.5567805767059326, 1.5131239891052246, 0.17327091097831726, 0.5948327779769897, 2.557748556137085, 0.7362858057022095, -2.6287193298339844, 2.5900516510009766, -0.06469026207923889, 0.15632221102714539, 0.423921138048172, 1.156182885169983, -1.1899874210357666, 0.6991435289382935, 1.2954806089401245, 0.5193592309951782, 1.3184788227081299, -0.36117473244667053, -1.8404622077941895, -0.09553775936365128, 0.7211836576461792, -1.3464884757995605, -1.3437228202819824, 1.1614556312561035, 0.3849821090698242, -0.8592379689216614, 0.7705250978469849, 0.21564342081546783, 0.8247332572937012, 0.919567883014679, 0.7923355102539062, -1.7604868412017822, 0.7462944388389587, -0.7338663935661316, -0.8872902989387512, 0.6571054458618164, -0.7653212547302246, -0.13841894268989563, -0.3426644802093506, 1.1182986497879028, -0.019337356090545654, -0.25824159383773804, 0.20584283769130707, -0.45363447070121765, 1.0953798294067383, 0.711065948009491, 0.7115283012390137, 0.5254270434379578, -1.2425071001052856, -1.5377185344696045, -1.2292768955230713, -2.262510299682617, -0.759482741355896, 0.9881411790847778, -0.749375581741333, -2.0086231231689453, -0.2635365426540375, -1.5533275604248047, -0.8746663331985474, -1.9411532878875732, 1.0899734497070312, -0.6507615447044373, 0.0024332180619239807, -0.6338895559310913, 1.3383734226226807, -0.33285361528396606, 1.732439398765564, -0.022892314940690994, -1.6017309427261353, 0.3848598897457123, 2.124847412109375, 2.9353713989257812, 0.9958004355430603, -0.1165652871131897, 1.4917112588882446, -0.45348069071769714, -0.13899073004722595, -0.9859800934791565, -1.1672954559326172, -0.06735719740390778, -1.5393056869506836, 0.3075258731842041, -1.0432116985321045, 0.4769096374511719, 0.8263841867446899, -0.2300400584936142, 1.4311089515686035, 1.331423282623291, 0.875937283039093, -0.8925179839134216, -2.229550361633301, 0.6647847890853882, -0.4319693446159363, 0.24316199123859406, 1.088706374168396, -0.8563004732131958, -1.8113337755203247, -0.7531319856643677, 0.3297618329524994, -0.853263795375824, 0.9176162481307983, -0.14019256830215454, -0.6710954308509827, 1.3169447183609009, -0.6818326711654663, -0.5013245940208435, -0.5149732232093811]",yunet,Facenet,1920,1080,/home/amos/media/tv/modern_family/Modern.Family.S09.1080p.DSNP.WEB-DL.DDP5.1.H.264-CRFW/Modern.Family.S09E17.Royal.Visit.1080p.DSNP.WEB-DL.DDP5.1.H.264-CRFW.mkv,Modern Family,2009,1442437,9,17,Jesse Tyler Ferguson,204815.0,0.634
89,378,144,654,510,606,282,486,282,0.914,2472,1,"[1.2305070161819458, 0.4182994067668915, -0.618472695350647, 0.8766288161277771, 2.486691474914551, -1.0167301893234253, 2.300877571105957, 0.5252442359924316, 0.010229270905256271, 0.6308315396308899, -2.087069272994995, -0.9185141324996948, 0.6541774868965149, 1.280914068222046, 1.2237285375595093, 0.09248299896717072, -1.4615802764892578, -2.430166482925415, -0.2772243320941925, -0.6357129812240601, -1.5133014917373657, 2.315866470336914, -1.4708552360534668, 1.9824925661087036, 1.43113374710083, 1.0904558897018433, 1.243978500366211, 0.29669344425201416, 0.4767919182777405, -1.1772236824035645, 0.8262548446655273, 0.8223350644111633, -1.7630090713500977, 1.016309380531311, -1.6482844352722168, -0.6274670958518982, 0.5082653164863586, -2.645747423171997, -0.04572974145412445, -0.8949673175811768, -0.29683324694633484, 0.3223388195037842, -0.043716490268707275, -0.5050930380821228, -0.3107670247554779, 1.2947317361831665, -0.9407426714897156, -1.009331226348877, -0.5912067890167236, 0.971787691116333, -0.7143641114234924, 0.6709869503974915, -2.1859374046325684, 0.266234815120697, -0.6283705830574036, -2.26613187789917, -0.17469029128551483, -0.9069665670394897, -0.8958813548088074, -0.39019322395324707, -1.5800471305847168, -0.76933354139328, 0.9668130874633789, -0.1851321905851364, -1.5659536123275757, 0.5628129243850708, -0.8844532370567322, -0.037421781569719315, 0.31035172939300537, -0.5630003213882446, 1.1723846197128296, -0.6357170343399048, 1.0914064645767212, 0.5456584095954895, -0.2376769781112671, 0.287950724363327, -0.1199309304356575, 1.284260630607605, 0.9704661965370178, 2.033700942993164, -1.197967290878296, 2.362809181213379, 0.12446808069944382, -1.1927120685577393, -0.5699012279510498, -0.009985208511352539, 0.07225048542022705, 0.1392398625612259, 1.2979538440704346, 1.0445823669433594, 1.2215267419815063, -0.13326935470104218, -0.05989498645067215, -0.028406649827957153, 1.4529060125350952, 0.11652222275733948, -0.7758327722549438, 1.8095948696136475, 0.501242995262146, 0.6506620049476624, -0.682704746723175, 0.2704193592071533, -0.32333627343177795, -0.9550909996032715, -0.39121565222740173, -0.7964661121368408, 0.027450013905763626, 1.114607810974121, -1.3537126779556274, -0.4180273115634918, -0.9676563143730164, -0.4675583839416504, 1.7004462480545044, -1.7925469875335693, 2.0043342113494873, 1.1703801155090332, 0.6669868230819702, 0.08083012700080872, 0.19737516343593597, -0.24793300032615662, 0.3501587510108948, 0.5455033779144287, 0.030959995463490486, 0.07707928121089935, -0.09156787395477295, -0.3975446820259094, -0.5505170226097107, 0.056440453976392746]",yunet,Facenet,1920,1080,/home/amos/media/tv/modern_family/Modern.Family.S09.1080p.DSNP.WEB-DL.DDP5.1.H.264-CRFW/Modern.Family.S09E17.Royal.Visit.1080p.DSNP.WEB-DL.DDP5.1.H.264-CRFW.mkv,Modern Family,2009,1442437,9,17,Eric Stonestreet,156962.0,0.669
90,744,180,1098,672,990,366,828,366,0.921,2496,0,"[0.9093673229217529, 0.3712194263935089, -0.8152090907096863, 0.711050271987915, 2.5531110763549805, -0.0800320953130722, 2.0400373935699463, 0.3394032120704651, 0.40047281980514526, 0.5624129772186279, -0.379688024520874, -1.011666178703308, 0.3166598081588745, 1.1307928562164307, 0.2451186627149582, 1.1870644092559814, -0.35224518179893494, -2.173253059387207, -0.6096259951591492, -0.08137287199497223, -1.2645313739776611, 2.358090877532959, -1.6918935775756836, 1.7893701791763306, 1.3583651781082153, 2.2581429481506348, 1.1921260356903076, 0.07820416986942291, 0.8177545666694641, -1.3820043802261353, 0.6589274406433105, 1.3233391046524048, -2.3809802532196045, 1.1183966398239136, -0.4464297592639923, -0.3621499836444855, 1.0297420024871826, -2.02239990234375, 0.8858189582824707, -0.9202530384063721, -0.3501227796077728, 0.5773314237594604, 0.07767821848392487, -0.626284122467041, -0.29154396057128906, -0.07973353564739227, -1.090935230255127, -0.5043383836746216, 0.02986433357000351, 2.1126949787139893, -0.20868338644504547, 0.5878504514694214, -1.4629552364349365, 0.6073969006538391, -0.9276280403137207, -1.2730740308761597, 1.2100225687026978, -1.996465802192688, -0.2815488278865814, 0.021723635494709015, -1.8567866086959839, -0.07807789742946625, 1.72275710105896, 0.9945356249809265, -1.193650484085083, 0.6257015466690063, -0.47871243953704834, -0.18052826821804047, 0.3699517548084259, -0.730949878692627, 0.3077615201473236, -0.5519182682037354, 0.40837281942367554, 0.8679080605506897, 0.6651778817176819, -0.23076587915420532, -0.5374727249145508, 0.7374894022941589, 0.3506050407886505, 1.1924294233322144, -1.5390527248382568, 1.5571777820587158, -0.5963795185089111, -1.2285932302474976, 0.1046781837940216, 0.2708779573440552, 0.06419825553894043, 0.8656074404716492, 1.2474696636199951, 1.0512681007385254, 0.5236105918884277, 0.24746859073638916, 0.3224927484989166, -0.5773070454597473, 1.8353819847106934, 0.7499399781227112, -0.26536673307418823, 0.46392422914505005, 0.09942503273487091, -0.053323350846767426, -0.29342395067214966, 0.21548810601234436, -0.9918866157531738, -1.5279544591903687, 0.29543814063072205, -0.2694792151451111, -0.2074558436870575, 0.8466627597808838, -0.6362037062644958, -0.8951295018196106, 0.50977623462677, -0.3166579008102417, 1.9515563249588013, -1.0544476509094238, 1.7585108280181885, 0.8276417255401611, 0.5048319101333618, 0.6243044137954712, 0.16813896596431732, -0.06820423156023026, 0.187969371676445, -0.3762563467025757, 1.3238472938537598, -0.39389219880104065, -0.22318671643733978, -0.42796653509140015, 0.3014582395553589, -0.7100571393966675]",yunet,Facenet,1920,1080,/home/amos/media/tv/modern_family/Modern.Family.S09.1080p.DSNP.WEB-DL.DDP5.1.H.264-CRFW/Modern.Family.S09E17.Royal.Visit.1080p.DSNP.WEB-DL.DDP5.1.H.264-CRFW.mkv,Modern Family,2009,1442437,9,17,Eric Stonestreet,156962.0,0.613
91,750,180,1098,672,996,372,828,372,0.922,2520,0,"[0.9769295454025269, 0.3995726406574249, -0.7108750939369202, 0.47829869389533997, 2.7429168224334717, 0.3343579173088074, 2.1602606773376465, 0.2090396285057068, 0.7376901507377625, 0.2620081901550293, -0.24646160006523132, -1.1188514232635498, 0.07713784277439117, 0.8100699186325073, 0.13070520758628845, 1.1951011419296265, -1.1922179460525513, -1.751417636871338, -0.3174022436141968, -0.08989021182060242, -1.405397653579712, 2.6220030784606934, -1.4617592096328735, 1.9361302852630615, 1.5766266584396362, 2.090709924697876, 0.5913658142089844, -0.3838423192501068, 0.7072705030441284, -0.9491147398948669, 0.7819240093231201, 0.5610408186912537, -2.704174280166626, 1.0845013856887817, -0.18888777494430542, -0.1859726905822754, 1.3033826351165771, -2.0354108810424805, 1.2001478672027588, -1.1269158124923706, -0.16746236383914948, 0.17697419226169586, -0.2715620994567871, -0.7248229384422302, -0.21133899688720703, 0.35102880001068115, -1.0158904790878296, -0.6395294666290283, -0.15878795087337494, 1.977424144744873, -0.14894068241119385, 0.2990783452987671, -1.1595839262008667, 0.6909255385398865, -1.4228826761245728, -1.6691632270812988, 0.7366697788238525, -2.1973354816436768, -0.11314193904399872, 0.1521286964416504, -1.1385681629180908, -0.1196676716208458, 1.9313589334487915, 0.17485962808132172, -1.1429184675216675, 0.8072131276130676, -0.4690791368484497, -0.3699692487716675, 0.5554115176200867, -0.5805491209030151, 0.7404516339302063, -0.8585087060928345, 0.03668325021862984, 0.6784572601318359, 0.3671882450580597, -0.2888524532318115, -0.38671591877937317, 1.4802201986312866, 0.855255663394928, 1.7197338342666626, -1.473931908607483, 1.1292240619659424, -0.4731907844543457, -0.8510798811912537, -0.1331719160079956, 0.3029915392398834, 0.35114285349845886, 0.9942536354064941, 1.4955692291259766, 1.0384958982467651, 1.0788509845733643, 0.03805505484342575, -0.06766420602798462, -0.3869183659553528, 1.3524982929229736, 1.025057077407837, -0.03288049250841141, 0.06878955662250519, 0.2701221704483032, 0.35026034712791443, -0.5353615880012512, 0.3657400906085968, -0.4470348358154297, -1.2900022268295288, -0.05720388516783714, 0.06012339144945145, -0.3846992254257202, 0.9619929790496826, -0.8445578217506409, -0.8558393120765686, 0.6481558680534363, -0.7986913919448853, 2.094475507736206, -1.6631689071655273, 2.1502106189727783, 0.8110862970352173, 0.38796916604042053, 0.8167929649353027, -0.10971150547266006, -0.2942822575569153, -0.25326186418533325, -0.216620534658432, 1.2763745784759521, -0.15029092133045197, -0.36965179443359375, -0.5261834859848022, -0.11678661406040192, -1.2093778848648071]",yunet,Facenet,1920,1080,/home/amos/media/tv/modern_family/Modern.Family.S09.1080p.DSNP.WEB-DL.DDP5.1.H.264-CRFW/Modern.Family.S09E17.Royal.Visit.1080p.DSNP.WEB-DL.DDP5.1.H.264-CRFW.mkv,Modern Family,2009,1442437,9,17,Eric Stonestreet,156962.0,0.623
92,756,198,1104,666,1026,390,870,384,0.929,2544,0,"[1.036067247390747, 0.07219238579273224, -0.6077382564544678, 0.8419553637504578, 2.4197850227355957, 0.22412121295928955, 2.1580400466918945, -0.35046231746673584, 0.7160102128982544, 0.5498278737068176, -0.23703214526176453, -1.1160770654678345, 0.11660103499889374, 0.35186767578125, -0.20327475666999817, 0.8273841142654419, -1.0908764600753784, -1.7111382484436035, -0.329000860452652, 0.156636580824852, -0.8551963567733765, 1.9501675367355347, -1.0401766300201416, 1.9269143342971802, 1.530664324760437, 2.039212703704834, 1.227745532989502, -0.5647352337837219, 0.7000764608383179, -0.6827016472816467, 0.7580913305282593, 0.504310667514801, -2.6973628997802734, 1.0370547771453857, -0.6288375854492188, -0.5076860785484314, 1.3872063159942627, -1.7236484289169312, 1.3241462707519531, -1.1179965734481812, -0.18663763999938965, 0.08447970449924469, 0.13603727519512177, -0.5653259754180908, -0.13003948330879211, 0.6907060146331787, -1.0040754079818726, -0.7498782873153687, 0.09301711618900299, 1.3292546272277832, -0.31236088275909424, -0.21233274042606354, -1.0533905029296875, 0.6143289804458618, -1.2172337770462036, -1.4821851253509521, 0.47783634066581726, -1.9125880002975464, 0.020061856135725975, 0.4296605587005615, -1.1555588245391846, 0.4069724678993225, 1.2957032918930054, -0.030884236097335815, -1.3086812496185303, 1.4363551139831543, -0.6032953858375549, -0.1574132740497589, 0.20858272910118103, 0.08030100166797638, 0.9307688474655151, -0.39512908458709717, 0.46173977851867676, 0.7819660305976868, 0.3122278153896332, -0.007340375334024429, -0.10097026079893112, 1.626258134841919, 0.8325931429862976, 1.7142666578292847, -1.8431675434112549, 0.9183976650238037, -0.23602509498596191, -0.8997657299041748, 0.003749638795852661, 0.43806716799736023, 0.25010570883750916, 0.5255854725837708, 1.3165470361709595, 0.4878837466239929, 1.4513283967971802, 0.24335598945617676, -0.15109433233737946, -0.25268927216529846, 1.4946998357772827, 0.7105403542518616, 0.014049982652068138, 0.5021539330482483, -0.037481799721717834, -0.29095786809921265, -0.18068736791610718, -0.03624943643808365, -0.05357843637466431, -1.2796052694320679, 0.029597878456115723, 0.1191662847995758, 0.13247431814670563, 0.4690875709056854, -1.0986607074737549, -0.7082844972610474, 0.7974429130554199, -0.9144289493560791, 1.8533564805984497, -1.849954605102539, 1.7284772396087646, 1.2238786220550537, -0.20653700828552246, 1.314273715019226, -0.218102365732193, 0.05092308297753334, 0.16471615433692932, -0.24057632684707642, 1.4155431985855103, -0.026553621515631676, -0.5333022475242615, -0.7217708826065063, 0.29107412695884705, -0.9501646757125854]",yunet,Facenet,1920,1080,/home/amos/media/tv/modern_family/Modern.Family.S09.1080p.DSNP.WEB-DL.DDP5.1.H.264-CRFW/Modern.Family.S09E17.Royal.Visit.1080p.DSNP.WEB-DL.DDP5.1.H.264-CRFW.mkv,Modern Family,2009,1442437,9,17,Eric Stonestreet,156962.0,0.655
93,1236,174,1350,318,1314,234,1266,234,0.913,2568,0,"[1.4279593229293823, 0.9690994024276733, 0.5236578583717346, -0.6195557713508606, -0.08844229578971863, -0.4131733477115631, -1.5517909526824951, -0.0593799464404583, -0.4306454062461853, 0.47554948925971985, -0.24826738238334656, 0.7318593263626099, 1.1651811599731445, -1.2304273843765259, -0.7913529872894287, 0.8298171162605286, -0.416160523891449, -0.686040461063385, 0.7403942942619324, 0.7623436450958252, -1.108921766281128, 2.316918134689331, -0.5516172647476196, -0.17066726088523865, -0.00012677069753408432, 1.27480149269104, -2.0550334453582764, 2.620103359222412, 1.00164794921875, -1.113354206085205, -0.3615376651287079, -0.8260313868522644, -0.2090192288160324, -1.324975609779358, 0.754435658454895, 0.6232557892799377, 1.5683448314666748, 0.8415387868881226, 0.49116790294647217, 0.44696009159088135, -0.03176789730787277, 0.9446731209754944, -0.02901136875152588, 0.37554213404655457, 0.003852125257253647, 0.12128521502017975, -0.15004989504814148, 0.45298513770103455, -0.1810745745897293, -0.8976439237594604, -0.005235210061073303, 0.41430187225341797, -1.3460693359375, 0.31758052110671997, -0.875690758228302, 0.3835299611091614, 0.30874529480934143, 0.7246909141540527, 0.19423268735408783, 0.5942323803901672, 1.5515681505203247, -0.7980756759643555, -0.7168629169464111, -0.276273250579834, -1.0335943698883057, 1.8206452131271362, 1.187455177307129, 0.3862096071243286, 0.934822678565979, 0.26417097449302673, -0.035872410982847214, 0.5331897735595703, -1.5378892421722412, 0.8573862910270691, 0.3024998903274536, 0.9004176259040833, -0.17258784174919128, 1.2679245471954346, 0.8213533163070679, 0.4575574994087219, 0.2219335436820984, -1.1472928524017334, 0.7905057668685913, 0.9611464142799377, -1.1208873987197876, -2.364657163619995, 0.20306618511676788, -0.8918637633323669, 0.22849825024604797, -1.537908911705017, -0.5329586267471313, -2.373549222946167, 0.17122001945972443, -1.2672264575958252, 0.4010889530181885, -1.0842691659927368, -0.5754955410957336, -0.41378873586654663, 0.16064657270908356, -1.2741270065307617, 0.280701220035553, 0.6012077927589417, -1.9781428575515747, -0.26190680265426636, -1.2482398748397827, 2.089211940765381, 0.473463773727417, -2.0974678993225098, 0.07797455787658691, 1.3244448900222778, 0.44892746210098267, 0.7782514095306396, 0.07914190739393234, 0.09552644938230515, 0.8481066226959229, 1.602204442024231, -1.1255419254302979, -1.7688744068145752, -0.9491759538650513, -0.019241949543356895, 0.41953015327453613, 0.38604918122291565, 0.024230342358350754, 0.13530422747135162, 1.8159970045089722, -0.8758613467216492, 1.2571169137954712, -0.3376556634902954]",yunet,Facenet,1920,1080,/home/amos/media/tv/modern_family/Modern.Family.S09.1080p.DSNP.WEB-DL.DDP5.1.H.264-CRFW/Modern.Family.S09E17.Royal.Visit.1080p.DSNP.WEB-DL.DDP5.1.H.264-CRFW.mkv,Modern Family,2009,1442437,9,17,Ty Burrell,15232.0,0.769
94,630,228,732,372,714,294,666,288,0.906,2592,0,"[-1.9857414960861206, 1.2605082988739014, -0.8711798787117004, -0.4375939965248108, 0.016488302499055862, 0.9748443961143494, -1.253930926322937, -1.5984110832214355, -0.08378712832927704, -1.6259464025497437, 0.1164347305893898, 1.015071988105774, -0.29375654458999634, -0.7195377349853516, 1.052077054977417, -0.003832278773188591, -1.1466387510299683, -1.020544171333313, -0.7318806648254395, 0.2640090882778168, -0.9023079872131348, -0.6036479473114014, -0.8018624186515808, -0.9814416170120239, -0.27963972091674805, 0.3886454999446869, 1.5044208765029907, 0.2455129772424698, -0.4399043917655945, 1.1833857297897339, 0.8721085786819458, 0.27327901124954224, 0.644160270690918, 0.13058608770370483, -0.617196798324585, 1.0745484828948975, -0.009932104498147964, -1.7567377090454102, 0.1740119755268097, 0.6635396480560303, 1.0686277151107788, -0.2582743465900421, -2.757906198501587, -0.023084767162799835, 0.6376537084579468, -2.9370031356811523, 0.8981663584709167, 0.9529014825820923, 0.18394745886325836, -0.8960102796554565, -0.7536759376525879, 0.2221366912126541, 0.8036108613014221, 2.3194050788879395, -0.38727226853370667, -0.7840355038642883, 1.4604759216308594, -0.37530550360679626, 0.5174760818481445, -0.3803439438343048, 0.2630924582481384, -1.9176925420761108, 0.3801520764827728, 0.07925117015838623, 1.1908318996429443, -0.18391914665699005, 1.261327862739563, 1.0494657754898071, -1.4554985761642456, 0.06965228915214539, -1.3993836641311646, 0.28660115599632263, -0.6365028619766235, 0.962975800037384, -0.5272882580757141, 0.528257429599762, 0.7761150598526001, 1.2949271202087402, -0.0924757719039917, -0.4919704794883728, -1.5938292741775513, 0.41173577308654785, -0.5456739068031311, 1.3655897378921509, 0.47872912883758545, 0.4720349609851837, 0.6009200215339661, -0.04002115875482559, -1.6054481267929077, 0.15778279304504395, 0.2608005106449127, -1.9492748975753784, 0.39659377932548523, -2.7082221508026123, -0.8476141691207886, 1.428344964981079, -1.1813794374465942, -0.39743655920028687, 0.45894360542297363, -0.008780544623732567, -1.5355067253112793, 0.16671419143676758, -0.47510862350463867, 0.843286395072937, 0.5311907529830933, 0.9886365532875061, -2.4129886627197266, 1.4507232904434204, 1.5548714399337769, 0.03136621415615082, -1.4655671119689941, -0.6487870812416077, 0.047845348715782166, -0.3511281907558441, 0.4684164822101593, 1.5385897159576416, -1.2077827453613281, -1.383191704750061, 0.8373452425003052, 0.7377011179924011, 0.6606173515319824, -0.8342390060424805, 0.8325932025909424, -0.8051753044128418, 2.4373397827148438, -1.2283192873001099, 0.9363849759101868, 1.252989411354065]",yunet,Facenet,1920,1080,/home/amos/media/tv/modern_family/Modern.Family.S09.1080p.DSNP.WEB-DL.DDP5.1.H.264-CRFW/Modern.Family.S09E17.Royal.Visit.1080p.DSNP.WEB-DL.DDP5.1.H.264-CRFW.mkv,Modern Family,2009,1442437,9,17,Nolan Gould,147710.0,0.893
95,1224,162,1332,312,1296,222,1242,228,0.906,2592,1,"[1.1861381530761719, 1.144349217414856, 1.090999960899353, 0.25052571296691895, -0.02325734682381153, -0.7971199750900269, -1.5649358034133911, -0.5033760666847229, -0.6582659482955933, 0.06120019778609276, -0.05646602436900139, 1.351043939590454, 1.099570631980896, -0.7992552518844604, -0.7489473819732666, 0.539817750453949, -0.7602496147155762, -0.32214099168777466, -0.01304280012845993, 0.6983100175857544, -1.5153566598892212, 1.4750523567199707, 0.018789149820804596, 0.11388089507818222, 0.07201441377401352, 1.255538821220398, -2.520768404006958, 3.169247627258301, 0.5744661092758179, -1.1158242225646973, -0.31663137674331665, -1.314242959022522, -1.1363459825515747, -0.6087757349014282, 0.41320425271987915, 0.6513739824295044, 1.138067364692688, -0.006783284246921539, 0.3964644968509674, 0.4453345239162445, 0.8211126923561096, 0.5286678671836853, 0.04336196929216385, 0.3705936074256897, 0.34212198853492737, 0.47160494327545166, 0.45021355152130127, 0.21424227952957153, 0.2571835517883301, -0.8435908555984497, 0.06001824513077736, -0.19184792041778564, -0.37907108664512634, -0.4863763451576233, -0.8779470920562744, 0.7802311182022095, 1.1249278783798218, 0.3917568027973175, 0.8713088631629944, 1.4409178495407104, 1.5962114334106445, -0.4023885726928711, -0.6874158382415771, 0.03085227683186531, -0.4627682864665985, 1.456778883934021, 1.210457682609558, 0.29672399163246155, 1.0058162212371826, 1.2986640930175781, 0.2153828889131546, 1.2125616073608398, -1.3909646272659302, 1.32624351978302, 0.30089321732521057, 0.5510952472686768, 0.42177584767341614, 1.682387351989746, 0.8174160718917847, 0.45202863216400146, 0.015605811029672623, -1.8665074110031128, 1.3395153284072876, 0.18679478764533997, -0.6110342741012573, -2.321444272994995, -0.09286578744649887, -0.6386520862579346, 0.13935904204845428, -1.5252708196640015, 0.10403268784284592, -2.328357458114624, -0.21930718421936035, -1.3310574293136597, 1.0120410919189453, -1.7050511837005615, 0.1748293787240982, 0.14229707419872284, 0.1685650795698166, -1.2751131057739258, 0.3668440580368042, 0.6163608431816101, -1.99919593334198, -0.1010100245475769, -1.0036343336105347, 2.4827680587768555, 0.8448781967163086, -2.2386884689331055, -0.7987368702888489, 1.173742651939392, 0.19820086658000946, 2.3847556114196777, -0.00914713740348816, -0.33007383346557617, 1.3702973127365112, 1.632454752922058, -0.6231330633163452, -1.250767469406128, -0.6004644632339478, -0.09050054848194122, 1.0064725875854492, -0.22670261561870575, 0.8033943176269531, -0.3265732526779175, 1.6791046857833862, -2.009636402130127, 1.2446162700653076, 0.1830112785100937]",yunet,Facenet,1920,1080,/home/amos/media/tv/modern_family/Modern.Family.S09.1080p.DSNP.WEB-DL.DDP5.1.H.264-CRFW/Modern.Family.S09E17.Royal.Visit.1080p.DSNP.WEB-DL.DDP5.1.H.264-CRFW.mkv,Modern Family,2009,1442437,9,17,Ty Burrell,15232.0,0.763
96,564,228,702,414,678,294,618,294,0.909,3048,0,"[-1.5149855613708496, 0.25849539041519165, 1.4096055030822754, -0.34886088967323303, 0.38165366649627686, 0.305675745010376, -0.30090010166168213, 0.008081382140517235, 1.4087225198745728, -0.055284831672906876, 0.5809194445610046, 0.8727732300758362, -0.5253493189811707, -1.7272032499313354, 0.007658831775188446, 0.2303818017244339, -1.1335285902023315, -0.7505543828010559, -2.547288656234741, 0.4381134510040283, 1.8988443613052368, -0.18518255650997162, 0.41064226627349854, -0.5222963094711304, -0.9798757433891296, -1.0875691175460815, -0.933955192565918, -0.5624029636383057, 3.1516849994659424, -0.5863056182861328, 0.23025719821453094, -2.208245038986206, 1.9216034412384033, -1.2085081338882446, 1.3343433141708374, 0.11249889433383942, -1.5094064474105835, -0.2595555782318115, 0.0896170437335968, -1.5606756210327148, -0.546216607093811, 0.09369060397148132, -1.3734413385391235, 0.11276380717754364, -2.102024555206299, 0.8247404098510742, -0.6014061570167542, -0.4150151312351227, -2.5802953243255615, 0.09388111531734467, -0.5791682004928589, 0.04599509388208389, 0.8267791867256165, 0.879630982875824, 0.5751336812973022, 0.7330828905105591, 0.3521062731742859, -0.5505282878875732, -0.9926542043685913, 0.17300733923912048, -0.4307592511177063, -0.7564053535461426, -1.1266591548919678, -0.31755974888801575, 0.37117087841033936, 1.5059505701065063, -0.06086163967847824, -0.27880099415779114, 1.544235348701477, -0.8282161951065063, -0.7733041644096375, -0.1917729377746582, -1.948026418685913, 0.010648347437381744, 0.10892118513584137, 1.1572902202606201, -0.5299897193908691, -0.9144508242607117, 1.3001065254211426, 0.15838466584682465, 0.8384689688682556, -0.8040432929992676, 1.0292983055114746, -0.486453652381897, 1.407170295715332, -1.6454514265060425, 0.8331457376480103, 0.8759493827819824, -0.3581797778606415, 1.2410632371902466, -1.4170341491699219, 0.40804511308670044, 0.3565792143344879, 0.5157217383384705, -0.8094804883003235, 1.1428725719451904, -1.3517117500305176, -0.08333933353424072, 0.24599167704582214, -1.6134041547775269, -0.9163932800292969, -1.3532946109771729, -1.2239184379577637, 3.3070452213287354, 1.655544400215149, 0.7572397589683533, 0.7953464388847351, -0.8674678802490234, 0.7460964918136597, 0.5256680846214294, 2.1114792823791504, -0.4026337265968323, -0.2118065059185028, -0.18619275093078613, -0.51212477684021, 0.5324420928955078, 0.15479189157485962, 0.2885097563266754, 1.1921666860580444, -1.3731679916381836, 1.548193097114563, -0.6412450075149536, -1.1468839645385742, 0.45575064420700073, 0.03132585808634758, 0.6479740738868713, -0.8812065720558167, 0.8702938556671143]",yunet,Facenet,1920,1080,/home/amos/media/tv/modern_family/Modern.Family.S09.1080p.DSNP.WEB-DL.DDP5.1.H.264-CRFW/Modern.Family.S09E17.Royal.Visit.1080p.DSNP.WEB-DL.DDP5.1.H.264-CRFW.mkv,Modern Family,2009,1442437,9,17,Sofía Vergara,63522.0,0.757
97,726,162,888,402,864,264,804,264,0.901,3240,0,"[-0.9410444498062134, -0.2748088836669922, 1.069734811782837, -1.2363779544830322, -0.1512986719608307, 0.060587599873542786, -0.1622951775789261, -0.5053136944770813, 1.474408745765686, 0.11559650301933289, 0.7007107734680176, 0.9937882423400879, -0.562047004699707, -3.2129733562469482, 0.5387793183326721, 0.6727888584136963, 0.5148895978927612, 0.8453347086906433, -1.0553005933761597, -0.8202663660049438, 1.5653656721115112, -0.47959232330322266, -0.014688018709421158, -1.0864473581314087, -0.29190221428871155, -1.1621944904327393, -0.7014973163604736, 0.08705474436283112, 1.7843914031982422, -0.6997972726821899, 0.5348109006881714, -0.8717834949493408, 1.8982362747192383, -1.6642614603042603, 0.9843316674232483, -0.5712602138519287, 0.7539517283439636, 0.6615949273109436, 0.028168514370918274, -0.8178093433380127, -0.5586196184158325, -1.060416579246521, -1.4228070974349976, 0.1587914526462555, -0.5961942672729492, 2.212198495864868, -0.0726175606250763, -0.38884279131889343, -1.1715524196624756, 0.24501968920230865, -1.773459792137146, 0.20535583794116974, -0.670822024345398, 2.043513536453247, 0.7852100133895874, 1.7176228761672974, -0.8084425330162048, 0.24772661924362183, -1.0955692529678345, -0.12266457080841064, 0.13073167204856873, -0.7819199562072754, -1.2423532009124756, -0.4082614779472351, 1.3730990886688232, 2.34140944480896, 0.6714493632316589, -0.7226511836051941, 1.0856436491012573, -1.8320165872573853, -0.5831734538078308, -0.24476692080497742, -0.9211410880088806, -0.13717341423034668, 0.046729281544685364, -0.1501036137342453, -1.6143767833709717, -2.0632011890411377, 0.48310357332229614, 0.8293226361274719, 0.10040224343538284, -0.9227633476257324, 1.323125958442688, -0.09461449086666107, 0.6457526087760925, -1.3360217809677124, -0.32820531725883484, 0.6016551852226257, 0.41431549191474915, 1.8485339879989624, -1.8668001890182495, -0.5545429587364197, 0.48510608077049255, -0.4384506940841675, -0.5787474513053894, 1.2032195329666138, -0.8872388005256653, 0.48997995257377625, 0.11125777661800385, -1.0115245580673218, 0.03381410241127014, -0.5920490026473999, -0.5629954934120178, 2.073951005935669, 0.5144897699356079, 2.2042529582977295, 0.08788461983203888, -0.08100906014442444, 1.9074205160140991, -0.0186297707259655, 0.0987439975142479, -0.15504999458789825, -0.09478044509887695, -1.3821439743041992, -0.280261367559433, 0.004403628408908844, -0.14277395606040955, 0.11849086731672287, 0.7627725601196289, -1.9015954732894897, 0.9809447526931763, -0.1842789202928543, -0.12659910321235657, 0.8976735472679138, -0.5630306601524353, 1.5426301956176758, -0.5054543018341064, 0.39209309220314026]",yunet,Facenet,1920,1080,/home/amos/media/tv/modern_family/Modern.Family.S09.1080p.DSNP.WEB-DL.DDP5.1.H.264-CRFW/Modern.Family.S09E17.Royal.Visit.1080p.DSNP.WEB-DL.DDP5.1.H.264-CRFW.mkv,Modern Family,2009,1442437,9,17,Sofía Vergara,63522.0,0.598
98,1044,156,1254,432,1170,246,1086,246,0.923,3288,0,"[0.8718913793563843, -0.9983512163162231, 0.8340851068496704, -0.582233726978302, 1.2932994365692139, -0.2250669151544571, -0.17395298182964325, 1.4952998161315918, 0.1380288004875183, 1.0244699716567993, -0.6444723606109619, 1.1742533445358276, -1.3539553880691528, -0.6249396800994873, 0.28675907850265503, -1.103114366531372, 0.9072771072387695, 0.23285476863384247, 1.3158595561981201, -2.4707584381103516, -1.019595742225647, -1.7998673915863037, -1.1291297674179077, 0.43862879276275635, 1.6436045169830322, -2.5157010555267334, -0.4300512969493866, 2.8039116859436035, -0.0028868764638900757, -0.35665491223335266, -1.1231337785720825, 1.088604211807251, -1.3088213205337524, -0.7202770113945007, -0.35012495517730713, -0.3811427652835846, -0.7852823734283447, -0.13038527965545654, -1.7819795608520508, -0.8856929540634155, -0.003427283838391304, -0.39437660574913025, -0.8765090703964233, 2.341479539871216, -0.17529502511024475, -0.6529262661933899, -0.05427151173353195, -0.6661602258682251, -0.16766753792762756, -0.5944583415985107, -0.07010428607463837, 0.31000399589538574, -0.7058750987052917, 0.04908350855112076, 0.1720898598432541, 0.7935088872909546, -1.2444959878921509, -1.664891242980957, -1.5000791549682617, 1.5808244943618774, -0.43271180987358093, 0.1723354309797287, 1.015225887298584, -1.4099595546722412, 0.6286637187004089, 2.0014164447784424, -0.9927645921707153, 2.0623443126678467, 1.2042326927185059, 0.13899780809879303, -0.4664955139160156, 0.2554760277271271, -1.0339709520339966, 0.49408209323883057, 0.5292676687240601, 0.9232103824615479, -0.45424070954322815, 0.16637510061264038, -0.15411533415317535, 2.1784543991088867, 0.4140208959579468, 0.9352566003799438, -0.16365107893943787, -1.5098997354507446, -0.18021750450134277, -1.2015937566757202, 0.30439701676368713, -1.5255475044250488, 0.9952002763748169, 2.0413014888763428, 0.43473702669143677, -0.6822067499160767, -1.359771728515625, -0.2052680253982544, -0.13555416464805603, 0.372188538312912, -0.8710328936576843, -0.39611467719078064, 1.031829833984375, 2.3817386627197266, -0.9260532855987549, 1.1429214477539062, 0.28059709072113037, -2.094891309738159, -0.34753546118736267, 0.1512073129415512, -0.8793286085128784, -0.8932546377182007, 0.5214112401008606, -0.5922123789787292, -1.3591245412826538, 0.656728982925415, -1.058533787727356, -2.5101540088653564, 0.6147956252098083, 0.5878376960754395, 0.5551867485046387, 0.9325133562088013, -0.04374895244836807, -0.7075333595275879, 0.5518296360969543, 0.6856694221496582, 0.6013537049293518, 1.3733301162719727, 0.8502708077430725, 0.6228684186935425, -1.2746731042861938, -0.29769811034202576]",yunet,Facenet,1920,1080,/home/amos/media/tv/modern_family/Modern.Family.S09.1080p.DSNP.WEB-DL.DDP5.1.H.264-CRFW/Modern.Family.S09E17.Royal.Visit.1080p.DSNP.WEB-DL.DDP5.1.H.264-CRFW.mkv,Modern Family,2009,1442437,9,17,Ed O'Neill,18977.0,0.752
99,1092,174,1332,468,1236,276,1134,276,0.901,3312,0,"[0.6261581182479858, -1.0526673793792725, 0.33554381132125854, 0.38793081045150757, 0.9967346787452698, -1.6745628118515015, 0.014577914029359818, -0.4565381407737732, 0.3515862822532654, -0.021779950708150864, -1.3695670366287231, 1.159456729888916, -1.8250408172607422, -0.03904980048537254, 1.358428955078125, -1.0331522226333618, 0.452329158782959, 1.802465558052063, 0.7507421970367432, -1.4047547578811646, -1.7034417390823364, -1.940314531326294, -0.29294753074645996, -0.4106147885322571, 1.1709202527999878, -1.7151068449020386, -0.3697572946548462, 2.2838430404663086, 0.1584359109401703, 0.4647258520126343, -1.581755518913269, 1.6142966747283936, -1.8728107213974, 0.5167002081871033, -1.4975584745407104, -0.061164986342191696, -0.8833528161048889, 0.5867865681648254, -1.2899434566497803, -0.7414208650588989, 0.7262896299362183, -0.47412270307540894, -0.5350308418273926, 1.6834999322891235, -0.48948267102241516, -1.2294758558273315, -1.6692382097244263, -0.5189793109893799, -1.3645130395889282, 0.2012224942445755, 1.8393359184265137, -0.9024254679679871, -0.4783776104450226, 0.6875912547111511, 1.1451514959335327, -0.5140832662582397, -1.3738845586776733, -0.9938304424285889, -1.493104338645935, 0.18112730979919434, -0.7161760330200195, -0.6948580741882324, -0.7062050700187683, -1.280683994293213, 0.6542159914970398, 1.9862219095230103, -0.922977089881897, 1.4313592910766602, -0.8032727241516113, 0.18494340777397156, -0.6544510722160339, -0.05976715683937073, 1.4067654609680176, 0.15544195473194122, 0.14628151059150696, 1.5689747333526611, -0.2424725890159607, -0.13768640160560608, -0.83074951171875, 0.9469708204269409, -0.5988150835037231, 2.7442240715026855, -1.1952154636383057, -0.8709210157394409, -1.308886170387268, -1.0704352855682373, 0.6255128979682922, -0.9986430406570435, 0.5232447385787964, 1.9907673597335815, 1.040872573852539, -0.28136515617370605, -1.3002251386642456, -0.8401327133178711, -0.823059618473053, -1.603034257888794, 0.17866398394107819, 0.17955133318901062, 0.21213209629058838, 0.8407987356185913, -0.6359066367149353, 0.3792281448841095, -0.620634138584137, -2.069913148880005, 0.5388416647911072, -0.4169391989707947, 0.191205233335495, -1.4467542171478271, 1.2751964330673218, -0.001210831105709076, -1.1266783475875854, 1.2560625076293945, -0.6441919803619385, -2.6479547023773193, 1.1426812410354614, -0.06437786668539047, -0.03849866986274719, 0.3920934498310089, 0.27289021015167236, -0.11475564539432526, -0.19473882019519806, 0.9038747549057007, 1.429139256477356, 0.2943316698074341, 0.7951393723487854, 0.9697044491767883, -0.8329363465309143, 0.9255385398864746]",yunet,Facenet,1920,1080,/home/amos/media/tv/modern_family/Modern.Family.S09.1080p.DSNP.WEB-DL.DDP5.1.H.264-CRFW/Modern.Family.S09E17.Royal.Visit.1080p.DSNP.WEB-DL.DDP5.1.H.264-CRFW.mkv,Modern Family,2009,1442437,9,17,Ed O'Neill,18977.0,0.628
100,546,156,738,420,702,264,624,276,0.9,3336,0,"[-1.5487935543060303, 1.0860674381256104, 0.835969090461731, -0.5698133707046509, 1.3362057209014893, -0.5536952614784241, -0.03605693578720093, 0.19103054702281952, 0.7804953455924988, -0.08847212791442871, 1.487004280090332, 1.4865342378616333, 0.2736460566520691, -2.063678741455078, 0.4832240641117096, 1.0267651081085205, -0.18793019652366638, -0.7723768353462219, -1.4472674131393433, 0.5644034147262573, 1.3045939207077026, 0.19485482573509216, -0.13093715906143188, 0.7659801244735718, -0.9294888377189636, -0.06700088828802109, -1.8470851182937622, 0.4480915069580078, 3.2015326023101807, -1.0683858394622803, 0.8962630033493042, -2.27805757522583, 1.0989651679992676, 0.15581649541854858, 1.8548469543457031, 0.429713636636734, -1.4770698547363281, 0.1090308353304863, 0.5470762252807617, -0.5709096193313599, -0.8023690581321716, 1.6758371591567993, -0.16753706336021423, 0.9850358963012695, -2.6344363689422607, 1.1621932983398438, -1.0096375942230225, -0.31601405143737793, -1.8564549684524536, 0.3348711431026459, -0.22252501547336578, 0.9435075521469116, 0.3299550414085388, 1.7391343116760254, 0.4087740480899811, 0.7576416730880737, 0.1495940238237381, -0.42466872930526733, -2.126183032989502, 0.41215282678604126, -0.25493139028549194, -0.5153236389160156, -0.8476572036743164, -0.2559736371040344, 0.3400985300540924, 1.1282050609588623, -0.598713755607605, -0.15404653549194336, 1.9572967290878296, -0.3596619665622711, 0.31404566764831543, 0.3533829152584076, -2.3910021781921387, 0.4706122875213623, -0.13198626041412354, 0.9695433378219604, -0.25544679164886475, -0.5424543023109436, 0.9663910269737244, 0.48072564601898193, 1.0232419967651367, -0.5384970903396606, 1.1738600730895996, -1.1649824380874634, 0.28396961092948914, -0.859866738319397, 0.6292144656181335, 0.9314157962799072, -0.6412649154663086, 0.7768429517745972, -1.1966160535812378, 0.43550196290016174, 0.5249569416046143, 0.7816331386566162, 0.4353610873222351, 0.6010685563087463, -1.412947654724121, -0.5314587950706482, 0.03954983502626419, -1.3373548984527588, -0.4639204740524292, -0.5952892899513245, -1.8334656953811646, 3.1245343685150146, 0.825797438621521, 0.8853676319122314, 0.655116617679596, -1.7790080308914185, -0.13265922665596008, -0.43777886033058167, 1.6614103317260742, -0.015927918255329132, 0.3940087854862213, -0.15695935487747192, 0.053345806896686554, 0.6613483428955078, 0.19505666196346283, -0.2781105637550354, 1.9205459356307983, -1.3879907131195068, 0.5419439077377319, -0.16933953762054443, 0.10169525444507599, -0.8982695937156677, 0.14623944461345673, 0.423350065946579, -0.039032578468322754, 0.4940985143184662]",yunet,Facenet,1920,1080,/home/amos/media/tv/modern_family/Modern.Family.S09.1080p.DSNP.WEB-DL.DDP5.1.H.264-CRFW/Modern.Family.S09E17.Royal.Visit.1080p.DSNP.WEB-DL.DDP5.1.H.264-CRFW.mkv,Modern Family,2009,1442437,9,17,Sofía Vergara,63522.0,0.716
101,570,186,780,462,726,300,636,300,0.922,3360,0,"[-0.2388632893562317, 1.2840702533721924, -0.5829399824142456, 0.37164434790611267, 2.0005223751068115, -0.12507843971252441, 0.5887442827224731, -1.2194366455078125, -0.5355919599533081, 0.9078148603439331, 1.2593175172805786, 1.8027857542037964, 0.9385818839073181, -2.6316919326782227, 1.3870301246643066, 1.8375600576400757, -0.0585927814245224, -0.9586033821105957, -1.3913260698318481, 1.3817189931869507, 1.1484438180923462, 1.261551856994629, 0.304683119058609, 0.5276871919631958, -0.7599074840545654, 0.7360431551933289, -0.05365545302629471, 0.3644596040248871, 2.6173014640808105, -0.053055137395858765, 0.8802423477172852, -0.48478174209594727, 0.20120272040367126, 0.3843875825405121, 2.1388654708862305, -0.1452568918466568, 0.38144218921661377, 0.07546498626470566, 1.3493633270263672, 0.24034975469112396, -0.7380022406578064, 1.2291227579116821, 0.3239089846611023, 0.11669358611106873, -2.2817270755767822, 1.19273042678833, -0.109421506524086, -1.1034785509109497, -1.089653730392456, 0.987565279006958, -1.2504360675811768, 0.20813888311386108, 0.6829432845115662, 2.9811058044433594, 0.1216142326593399, 0.9518085718154907, -0.4951592981815338, -0.512807309627533, -1.2694177627563477, 0.5084343552589417, -0.8355005383491516, -0.6890443563461304, -0.824934720993042, -1.2803077697753906, 0.2941477596759796, 0.8039701581001282, 0.5229280591011047, 0.06972406804561615, 1.2142640352249146, 0.11057823896408081, 0.7145871520042419, 1.3181358575820923, -1.4058209657669067, 2.4154086112976074, -0.28492483496665955, 0.6498600244522095, 0.3633017838001251, -1.1824262142181396, 0.6443254947662354, 0.25694531202316284, 0.4183899760246277, -0.2421940565109253, 0.9810729026794434, 0.5316985845565796, 0.7739774584770203, -0.6451371908187866, 1.1790574789047241, 0.14195987582206726, 0.13916757702827454, 0.5029749274253845, -2.213777542114258, 0.2682564854621887, 0.36380481719970703, -0.6397853493690491, 0.5951221585273743, 0.5029175281524658, -0.6423757076263428, -0.48338451981544495, 0.2963198721408844, -2.074645757675171, -0.6040900945663452, -1.6621966361999512, -2.7485547065734863, 2.1081671714782715, 1.2589292526245117, 0.9355100393295288, 0.96335768699646, -1.4507381916046143, 1.2425869703292847, -0.3183737099170685, 2.1510534286499023, -0.029270581901073456, 0.9274858236312866, -0.4892612099647522, 0.9660488963127136, 0.44640812277793884, -1.200272798538208, 0.5617796182632446, 2.1846790313720703, -0.8703498244285583, 1.495126724243164, -1.0416486263275146, 0.6802952289581299, -0.3081018030643463, -0.4407272934913635, 1.4820951223373413, 0.558113694190979, 0.4043945074081421]",yunet,Facenet,1920,1080,/home/amos/media/tv/modern_family/Modern.Family.S09.1080p.DSNP.WEB-DL.DDP5.1.H.264-CRFW/Modern.Family.S09E17.Royal.Visit.1080p.DSNP.WEB-DL.DDP5.1.H.264-CRFW.mkv,Modern Family,2009,1442437,9,17,Sofía Vergara,63522.0,0.675
102,438,186,666,516,630,312,528,312,0.922,3384,0,"[-0.9523264169692993, 0.7960985898971558, -0.02300075627863407, -0.42277806997299194, 1.7996870279312134, 0.2644581198692322, -0.3063235282897949, -1.7356818914413452, -0.5290438532829285, 1.4864649772644043, 0.11084458976984024, 1.9805881977081299, 0.7744016647338867, -1.1497313976287842, 0.4552132189273834, 1.2190721035003662, -1.026515245437622, -1.2628520727157593, -0.5864490866661072, 0.36045652627944946, 1.3399930000305176, 0.33137181401252747, 0.38580021262168884, 0.7342252731323242, -0.6844785213470459, -0.24297931790351868, -1.6283525228500366, 0.1677548885345459, 2.85180926322937, -0.3206493854522705, 1.2963100671768188, -1.2986092567443848, 1.0503122806549072, -0.10403504222631454, 1.4842009544372559, 0.8381592035293579, -1.5924973487854004, -0.08487788587808609, 0.5005030035972595, -0.5240898132324219, 0.2737370431423187, 1.0486172437667847, 0.09447132050991058, -0.1423226147890091, -2.5018088817596436, 1.0288463830947876, -1.5724443197250366, 0.759087085723877, -2.4508211612701416, 0.22788429260253906, -0.40422379970550537, 0.7976899743080139, 0.6095806956291199, 2.5430805683135986, -0.1543034315109253, 0.25539830327033997, -1.2621442079544067, -1.8439222574234009, -1.2634063959121704, 0.22499412298202515, -0.14045017957687378, -1.1469920873641968, -1.2326409816741943, -0.6870031952857971, 0.15048527717590332, 0.0015465617179870605, 0.47866368293762207, -0.02700452134013176, 2.1425821781158447, 0.287949800491333, 0.4859999716281891, 1.039090633392334, -1.764262080192566, 2.0512523651123047, -0.041406553238630295, 0.6805538535118103, 1.3633675575256348, -0.6545893549919128, 1.2064366340637207, -0.13923026621341705, 0.9976339936256409, 0.4760602116584778, 0.12676376104354858, -0.1934959441423416, 0.4702174663543701, -1.0498746633529663, 1.009694218635559, -0.08243772387504578, -0.45187506079673767, 1.2334544658660889, -1.4948292970657349, 0.5281057953834534, 1.6903096437454224, 1.0303938388824463, 0.9150051474571228, 0.8118993639945984, -0.16185490787029266, 1.170182466506958, 0.017115451395511627, -1.3133265972137451, -0.6185432076454163, -1.7096798419952393, -1.8056002855300903, 2.4028799533843994, 0.0027359649538993835, 0.4566298723220825, 0.5250171422958374, -0.8529539108276367, 0.1746557056903839, -0.9273126721382141, 1.3103710412979126, 0.9000484347343445, 0.15771454572677612, -0.5682499408721924, 0.952116847038269, 0.6771525144577026, 0.33115771412849426, 0.1813199520111084, 0.6707192659378052, -0.48187217116355896, 0.9047183394432068, -0.6616194248199463, 0.7062936425209045, -0.214059978723526, 0.7558246850967407, 1.0868784189224243, 0.37865546345710754, 1.3477954864501953]",yunet,Facenet,1920,1080,/home/amos/media/tv/modern_family/Modern.Family.S09.1080p.DSNP.WEB-DL.DDP5.1.H.264-CRFW/Modern.Family.S09E17.Royal.Visit.1080p.DSNP.WEB-DL.DDP5.1.H.264-CRFW.mkv,Modern Family,2009,1442437,9,17,Sofía Vergara,63522.0,0.803
103,828,198,1050,498,1014,306,966,312,0.907,3408,0,"[0.4603450298309326, -0.515631914138794, -0.15966255962848663, -0.022372931241989136, 0.26107004284858704, -1.170546293258667, 0.3864510953426361, -0.7235565185546875, -1.360655426979065, 1.522343635559082, 1.107823133468628, 2.1369142532348633, 0.050541073083877563, -0.5401353240013123, -0.6951566934585571, 0.2857263684272766, -0.13844794034957886, -0.9216806292533875, -0.5861188173294067, 1.0240446329116821, 0.04983776807785034, 0.06749910116195679, -0.1527312844991684, -0.921277642250061, -0.7219976782798767, -0.40712451934814453, 0.08024011552333832, -1.6297647953033447, 0.9452545642852783, -1.3214091062545776, 2.8032610416412354, -0.8474484086036682, 1.7365609407424927, -0.5281620025634766, -0.638157069683075, 1.3499618768692017, -0.6240437030792236, -0.3824937045574188, 0.2670291066169739, -2.221712827682495, -0.8778671026229858, 2.0320863723754883, 0.34433284401893616, 0.0907384604215622, -0.5453268885612488, -0.4662148356437683, -0.43118637800216675, 0.5850741863250732, -2.1758406162261963, 0.49002060294151306, -0.27665942907333374, -0.4590288996696472, -0.3451862931251526, 1.656449794769287, -0.2973312437534332, 0.28194668889045715, 0.08335161209106445, 0.4227888286113739, -1.4035441875457764, -0.6530855298042297, -0.41870632767677307, -0.3789830207824707, -0.5703428983688354, -0.663277268409729, 1.114936113357544, 0.2620702087879181, 0.2389100193977356, -0.724563717842102, -0.7376853823661804, 2.481856107711792, 0.6407632827758789, 0.5937581062316895, -2.4608302116394043, 1.0353144407272339, 0.2834404706954956, -0.6987478137016296, -0.46198025345802307, -1.4365483522415161, 1.0959596633911133, -0.2675565779209137, 1.2335959672927856, -0.1275545209646225, 1.4268810749053955, 0.22767218947410583, 0.4490363597869873, 0.007601745426654816, -0.14009502530097961, 0.4463058114051819, 0.8095061779022217, -0.21840201318264008, -2.3279850482940674, -0.1502947211265564, 0.5255224108695984, 0.7794188261032104, 0.5193375945091248, -0.1918119192123413, -0.5209971070289612, 0.24749572575092316, 1.4966330528259277, -0.8584330677986145, -0.757118284702301, -1.2037404775619507, -0.7512364983558655, 0.6210996508598328, 1.6420389413833618, 1.0458606481552124, 0.9290926456451416, 0.8270925283432007, 0.27283135056495667, -0.24003954231739044, 0.14330697059631348, 1.3504167795181274, 0.5973078012466431, 0.013608010485768318, 0.26520588994026184, 0.6876797676086426, -0.8493503332138062, -0.24572822451591492, 0.15341037511825562, -1.6446878910064697, 0.9393748044967651, -1.247542142868042, -0.24451132118701935, 1.34385085105896, 1.7655524015426636, -0.8079873919487, -1.1694750785827637, 0.1830286681652069]",yunet,Facenet,1920,1080,/home/amos/media/tv/modern_family/Modern.Family.S09.1080p.DSNP.WEB-DL.DDP5.1.H.264-CRFW/Modern.Family.S09E17.Royal.Visit.1080p.DSNP.WEB-DL.DDP5.1.H.264-CRFW.mkv,Modern Family,2009,1442437,9,17,Sofía Vergara,63522.0,0.535
104,1044,90,1248,372,1134,204,1074,210,0.931,3456,0,"[-0.5095545053482056, 0.8105679750442505, 1.081387996673584, -1.854706048965454, -0.34668704867362976, 0.5479938983917236, 0.11094936728477478, -0.427154541015625, 0.5517065525054932, 1.5018372535705566, 0.540069043636322, 1.87885582447052, 0.9504016041755676, -1.8001396656036377, 0.17825423181056976, 1.8397819995880127, -1.3283028602600098, -1.143564224243164, -0.6275284290313721, 0.26796257495880127, 2.4954192638397217, 0.643916130065918, 0.13074639439582825, 0.18975603580474854, 0.4087331295013428, -1.1031274795532227, -1.6430295705795288, -0.05851268768310547, 3.064192771911621, -1.2507001161575317, 0.4397295415401459, -2.112276554107666, 0.8629279136657715, -0.9770408868789673, 2.7383649349212646, -0.8192217350006104, -1.270296573638916, -0.3615185618400574, 0.5473105907440186, -1.3556627035140991, -1.5731068849563599, 1.6426745653152466, -0.5033794641494751, 0.516137957572937, -2.7021100521087646, 0.15446969866752625, -0.8863871097564697, -0.8788248300552368, -2.3589048385620117, 0.19292666018009186, -1.0156116485595703, -0.057048771530389786, 0.2285122573375702, 1.4391590356826782, -0.47659388184547424, -0.9230143427848816, 0.8908021450042725, 0.05142529681324959, -2.256598949432373, -1.046951413154602, 0.5261325836181641, -0.24554398655891418, -0.9112221598625183, -1.4712111949920654, -0.5886195302009583, 0.9605506062507629, 0.9023217558860779, -1.0462688207626343, 1.3559478521347046, -0.7053776979446411, 0.25672033429145813, 0.017696917057037354, -1.9996747970581055, -0.30129802227020264, 0.4757588803768158, 0.5339409112930298, 0.5201840400695801, 0.6240920424461365, 2.146169662475586, 0.06884077191352844, 1.3716198205947876, -1.0352046489715576, 0.590478241443634, -1.1120645999908447, 0.35304245352745056, -0.7481917142868042, 0.8005757927894592, -0.2510867714881897, 0.4956090748310089, 1.5037212371826172, -0.6345596313476562, -0.48445260524749756, -0.01677638664841652, 0.8814462423324585, 0.3376336991786957, 2.604029893875122, -1.6231882572174072, -0.6898748278617859, 0.7327508926391602, -1.8383994102478027, -0.5730652809143066, 0.23984241485595703, -0.48617255687713623, 1.46292245388031, 1.261354923248291, 0.7316293716430664, -0.01855543442070484, 0.22263707220554352, 0.9607827663421631, 0.3659631013870239, 1.5854641199111938, -0.21406979858875275, 0.49975523352622986, -0.4148244559764862, -0.44440263509750366, 1.0596468448638916, 0.15511296689510345, -0.09964624047279358, -0.03863611817359924, -1.8495657444000244, 0.5227103233337402, -0.6831581592559814, -0.6130087375640869, 0.6246852278709412, 2.110666036605835, 0.023891769349575043, -0.9954546093940735, -1.4003198146820068]",yunet,Facenet,1920,1080,/home/amos/media/tv/modern_family/Modern.Family.S09.1080p.DSNP.WEB-DL.DDP5.1.H.264-CRFW/Modern.Family.S09E17.Royal.Visit.1080p.DSNP.WEB-DL.DDP5.1.H.264-CRFW.mkv,Modern Family,2009,1442437,9,17,Sofía Vergara,63522.0,0.675
105,1140,108,1344,384,1254,216,1176,216,0.933,3480,0,"[-0.9049153327941895, 0.8666160106658936, 0.4321795403957367, -0.5717830657958984, 0.3768446743488312, 1.3072503805160522, 0.6085081100463867, 0.10343113541603088, 0.6509579420089722, 1.4855753183364868, 0.765196681022644, 1.9227840900421143, 0.13320592045783997, -2.0727295875549316, -0.7200927734375, 0.8140714764595032, -0.1256672441959381, -1.4692827463150024, -1.36226487159729, 0.2351190447807312, 2.2833285331726074, 0.7616461515426636, 0.1477295160293579, -0.17942160367965698, -0.7364934086799622, -1.046891689300537, -1.4804619550704956, -0.3474622070789337, 2.5464725494384766, -1.1100671291351318, 0.4913187623023987, -1.1975319385528564, 1.5956400632858276, -1.8128100633621216, 2.079324245452881, -0.2827772796154022, -1.528804898262024, 0.1071079820394516, -0.08165769279003143, -1.7805075645446777, -0.9217182397842407, 1.1809985637664795, -0.797360897064209, -0.05693884193897247, -1.979684591293335, 1.0573118925094604, -0.27446916699409485, -0.9910159111022949, -2.4907028675079346, 0.22395166754722595, -0.3797385096549988, -0.23795272409915924, 0.9339203238487244, 0.44711071252822876, -0.17303642630577087, 0.13065345585346222, -0.14687861502170563, -1.1473720073699951, -1.313718557357788, -1.2082269191741943, -0.7930594086647034, -0.29060107469558716, -0.7397677898406982, -1.626474380493164, 0.5221267938613892, 0.26849696040153503, 1.1112160682678223, 0.5219919681549072, 2.098336935043335, -0.6172895431518555, -0.30007049441337585, 0.8418368101119995, -3.0168044567108154, 0.16185958683490753, -0.14139054715633392, 0.8997927904129028, 0.1078917384147644, -0.5733564496040344, 1.5283699035644531, 0.03842628002166748, 1.8843930959701538, -0.6834577322006226, -0.1435391902923584, -1.6039859056472778, 0.22252759337425232, -0.7032269239425659, 0.954237163066864, 0.39414048194885254, -0.3737099766731262, 1.8120739459991455, -0.9092809557914734, 0.015465689823031425, 0.7414840459823608, 1.3391129970550537, 0.022945910692214966, 1.2012110948562622, -0.022541824728250504, 0.5240240693092346, 0.9664075970649719, -0.47352224588394165, -0.7960684895515442, -1.4761159420013428, -0.9846639633178711, 1.8444517850875854, 0.07101473957300186, 0.6874445080757141, 0.25004884600639343, -0.5675607919692993, 0.7174515724182129, 0.9693941473960876, 0.8512943983078003, 0.6933109164237976, 0.3609146773815155, 0.04015562683343887, -0.5577877759933472, 0.4077637493610382, -0.6497173309326172, -0.251901775598526, 1.0388997793197632, -1.292927622795105, 0.3278440833091736, -0.433150976896286, -0.8396797180175781, 1.3751689195632935, 1.7004116773605347, 0.5918498635292053, -0.6873913407325745, 0.024608425796031952]",yunet,Facenet,1920,1080,/home/amos/media/tv/modern_family/Modern.Family.S09.1080p.DSNP.WEB-DL.DDP5.1.H.264-CRFW/Modern.Family.S09E17.Royal.Visit.1080p.DSNP.WEB-DL.DDP5.1.H.264-CRFW.mkv,Modern Family,2009,1442437,9,17,Sofía Vergara,63522.0,0.711
106,1020,96,1212,378,1092,192,1044,192,0.919,3504,0,"[-0.45564112067222595, 1.1592247486114502, 1.349734902381897, -2.331637382507324, -0.9173493385314941, 0.9873777627944946, -0.5967443585395813, -0.3453282117843628, 1.2130500078201294, 0.6716382503509521, 0.9900669455528259, 2.790325403213501, 0.2136700302362442, -2.50685977935791, 0.6674771308898926, 1.9691667556762695, -0.8429267406463623, 0.39867228269577026, -0.8053451180458069, 0.13302956521511078, 1.860987901687622, 0.08654379099607468, 0.37763944268226624, 0.28395363688468933, 0.6384082436561584, -2.0245418548583984, -2.3782875537872314, 0.39692893624305725, 2.277770519256592, -1.0810900926589966, 1.037559151649475, -2.8403968811035156, 1.2733778953552246, -0.9316545724868774, 1.7556090354919434, -1.109886884689331, -0.8988752961158752, 0.5142232179641724, -0.5034140944480896, 0.13557754456996918, -1.9696251153945923, 0.6361243724822998, -0.17837834358215332, 0.6736270189285278, -2.0521833896636963, 0.6517594456672668, -0.8618163466453552, 0.035816438496112823, -2.160254955291748, -0.26867198944091797, -0.68402498960495, 0.29001253843307495, 0.2468746304512024, 1.6749238967895508, 0.23053817451000214, 0.3045205771923065, 0.6608371138572693, 0.8027660846710205, -2.592681407928467, -1.1229616403579712, 1.5172457695007324, 0.2515542507171631, -1.0074208974838257, -0.33840635418891907, 0.7565167546272278, 1.1739565134048462, 0.8376375436782837, -0.9044056534767151, 0.447113037109375, -1.9456206560134888, 0.25015926361083984, -0.22213134169578552, -1.1811397075653076, -0.016171887516975403, 0.45623812079429626, 0.2506598234176636, -0.267053484916687, 0.3486495912075043, 0.9427654147148132, 0.4001997113227844, 0.8254871368408203, -1.0324963331222534, 0.2532573342323303, -0.15806087851524353, 0.03357478231191635, -1.1577636003494263, 0.471809446811676, -0.2962197959423065, 0.4323381781578064, 1.2410930395126343, -0.959812581539154, -1.5956419706344604, 1.042292594909668, 0.5573651790618896, 0.40795233845710754, 2.2521274089813232, -1.4818881750106812, -0.30803462862968445, 0.6082816123962402, -1.7020410299301147, -0.03476162254810333, 0.0729372426867485, -0.3331928849220276, 1.966827630996704, 0.4689297080039978, 0.6477494239807129, -1.1836589574813843, 0.0807982087135315, 1.78333580493927, -0.1831861436367035, 0.6812108159065247, 0.3507639169692993, 0.8201904296875, -0.8685728311538696, -0.727754533290863, 1.0941662788391113, -0.0708162784576416, 0.1217939481139183, 0.04726187512278557, -1.6800721883773804, -0.01312398910522461, -0.5564591884613037, -0.36366701126098633, 0.26369062066078186, 1.6301262378692627, 0.5599443316459656, -1.3142268657684326, -1.2661644220352173]",yunet,Facenet,1920,1080,/home/amos/media/tv/modern_family/Modern.Family.S09.1080p.DSNP.WEB-DL.DDP5.1.H.264-CRFW/Modern.Family.S09E17.Royal.Visit.1080p.DSNP.WEB-DL.DDP5.1.H.264-CRFW.mkv,Modern Family,2009,1442437,9,17,Sofía Vergara,63522.0,0.636
107,942,96,1140,378,1026,198,978,198,0.908,3528,0,"[-0.7393946647644043, 0.324629545211792, 1.1514610052108765, -2.4973978996276855, -0.38992059230804443, 0.2529714107513428, -0.9164459109306335, 0.745713472366333, 2.0042243003845215, -0.38743945956230164, 0.41650187969207764, 1.5977476835250854, 0.08799095451831818, -2.443338394165039, 0.14447566866874695, 1.0430392026901245, -1.0460699796676636, 0.08078347146511078, -1.2540476322174072, -0.2271941751241684, 2.031841516494751, -0.001257395837455988, -0.4989055395126343, 0.10945358872413635, -0.3133452236652374, -2.0068535804748535, -2.1381351947784424, -0.11119204759597778, 1.9891098737716675, -1.344139814376831, 1.3192534446716309, -2.344613790512085, 2.6359362602233887, -1.059313416481018, 1.4298598766326904, -0.09457634389400482, -1.236294150352478, 0.37597033381462097, -0.08394914865493774, 0.34347042441368103, -0.9843217730522156, 0.9743365049362183, -0.10436657071113586, -0.24754884839057922, -1.7576642036437988, 0.2615387737751007, -1.0757578611373901, 0.3671914041042328, -2.3080410957336426, -0.8450493812561035, -0.6635416150093079, 0.6148085594177246, 0.1342543363571167, 1.1414984464645386, -0.008455369621515274, 0.7562496066093445, 0.5280051827430725, 0.04327862337231636, -2.741567611694336, -0.7006458640098572, 1.1845921277999878, -0.1676049530506134, -2.384571075439453, 0.13136349618434906, 0.5926119685173035, 1.0295941829681396, 1.2811168432235718, -1.259012222290039, 0.5266863107681274, -1.979066014289856, 0.6014528870582581, -0.6616289615631104, -1.1798466444015503, -1.2527254819869995, 1.2362644672393799, -0.1608140617609024, -0.3565053343772888, 0.2605563998222351, 0.47973543405532837, -0.003029830753803253, 1.163950800895691, -0.8922655582427979, 1.1960928440093994, -1.0590319633483887, 0.06410254538059235, -0.8932193517684937, 0.3960837125778198, 0.1431466042995453, 0.8523797988891602, 1.8230674266815186, -1.7500462532043457, -0.7322291731834412, 0.047533731907606125, 0.6865286231040955, 0.021142657846212387, 2.0352237224578857, -2.438296318054199, -0.9277026653289795, 0.3046139180660248, -0.42071226239204407, 0.34246790409088135, 0.08595413714647293, -0.6701444983482361, 1.7249325513839722, 0.9149486422538757, 0.6742270588874817, -0.11674122512340546, -0.32476237416267395, 1.3304386138916016, 0.38816672563552856, 0.572280764579773, 0.22239376604557037, -0.28750598430633545, -0.552475094795227, -1.1105105876922607, 0.6719645261764526, -0.1073513850569725, -0.078263059258461, -0.03640837222337723, -2.4904093742370605, 0.21864905953407288, -0.7447378635406494, -0.7061958312988281, 0.4477025866508484, 1.5362340211868286, 0.19219157099723816, -1.4462708234786987, -0.352967232465744]",yunet,Facenet,1920,1080,/home/amos/media/tv/modern_family/Modern.Family.S09.1080p.DSNP.WEB-DL.DDP5.1.H.264-CRFW/Modern.Family.S09E17.Royal.Visit.1080p.DSNP.WEB-DL.DDP5.1.H.264-CRFW.mkv,Modern Family,2009,1442437,9,17,Sofía Vergara,63522.0,0.657
108,648,90,846,360,828,192,738,192,0.914,3552,0,"[-0.06473873555660248, -1.4069597721099854, 0.41001424193382263, 0.4094298779964447, -0.636914074420929, -0.5668913125991821, -0.5547266602516174, 0.9213852882385254, -1.4825376272201538, 0.7284847497940063, -1.44724702835083, 0.5589118003845215, -0.47319495677948, -0.11331208050251007, 0.5490002632141113, -0.681620717048645, 0.9881457090377808, 0.3577849864959717, 1.900150179862976, -1.4784584045410156, -1.8598462343215942, -0.6215994358062744, -0.08975633978843689, -0.6618642210960388, 1.133762001991272, -1.8491841554641724, 0.3380865752696991, 3.725306510925293, 0.8937364220619202, -0.19067595899105072, -1.375515341758728, 2.0387613773345947, -1.201637864112854, 0.23146933317184448, -1.0081586837768555, -1.1736371517181396, 0.41796210408210754, 0.5199222564697266, -1.7810583114624023, -0.9317120313644409, -0.15518522262573242, 0.3196249306201935, -0.17243605852127075, 1.5896832942962646, 0.7231522798538208, -0.8959845304489136, -0.4268226623535156, -1.4945367574691772, 0.8187360763549805, -0.23090824484825134, 0.6342996954917908, -0.14782170951366425, -0.6530365943908691, 0.37772542238235474, -0.6415565609931946, 0.3628731667995453, -1.3985059261322021, 0.556847333908081, -1.7504435777664185, -0.14522269368171692, -0.7398289442062378, 0.5427400469779968, -0.30115631222724915, 0.04029104858636856, -0.9055134057998657, 1.6434659957885742, 0.45368438959121704, 0.9574347734451294, 0.5176439881324768, -1.2182910442352295, -0.7195092439651489, -0.4370940625667572, 1.1533957719802856, 1.0365463495254517, 0.4378722310066223, 1.9711458683013916, -1.0233807563781738, 0.373898983001709, 0.38944077491760254, 1.263729453086853, 0.532455563545227, 3.0989320278167725, -0.7684805393218994, -1.279475450515747, -1.6465840339660645, -1.3430674076080322, 1.102461576461792, -0.2071632444858551, -0.9090529680252075, 2.237459182739258, 0.07317997515201569, -0.4925074279308319, -1.6872317790985107, -0.2041727602481842, 0.137295663356781, -0.6280998587608337, -1.2366548776626587, -0.19586238265037537, 1.9102325439453125, 1.6575629711151123, -1.1438319683074951, 0.8159535527229309, 0.05550730600953102, -1.5076415538787842, 0.3625926971435547, 0.016078252345323563, -0.21856951713562012, 0.045500773936510086, 0.45208343863487244, -1.7037944793701172, -1.1828372478485107, 0.05841660872101784, -1.1532057523727417, -1.1275572776794434, 0.5736760497093201, 1.0838650465011597, 1.0119736194610596, -0.3736552298069, -1.0292028188705444, -0.006030351854860783, 0.20928683876991272, 0.22720971703529358, -0.154434472322464, 1.7012015581130981, 1.0269670486450195, 0.998079240322113, -0.37532007694244385, -0.2650403082370758]",yunet,Facenet,1920,1080,/home/amos/media/tv/modern_family/Modern.Family.S09.1080p.DSNP.WEB-DL.DDP5.1.H.264-CRFW/Modern.Family.S09E17.Royal.Visit.1080p.DSNP.WEB-DL.DDP5.1.H.264-CRFW.mkv,Modern Family,2009,1442437,9,17,Ed O'Neill,18977.0,0.671
109,1032,84,1260,396,1134,204,1062,204,0.919,3600,0,"[-1.3951092958450317, 0.08122240006923676, 0.8536229133605957, -1.8718541860580444, -0.8986256122589111, 0.753852367401123, -0.6335647702217102, -0.17799542844295502, 1.2144197225570679, 0.8327433466911316, -1.0343233346939087, 2.0354931354522705, 0.5023918151855469, -1.9960956573486328, -0.1154070496559143, 1.2888799905776978, -0.8169827461242676, -0.8834896087646484, -0.26602694392204285, -0.9588401317596436, 2.9204423427581787, 0.0679822713136673, 0.11201503127813339, -0.28151190280914307, -0.21036747097969055, -1.4424402713775635, -1.5998674631118774, 0.10650881379842758, 2.6900928020477295, -1.0215991735458374, 0.25854629278182983, -2.1783971786499023, 2.2446768283843994, -1.588033676147461, 2.3897578716278076, -0.7097437977790833, -1.0920873880386353, 0.2902184724807739, 0.07395927608013153, -0.32235458493232727, -1.2486343383789062, 1.3851561546325684, -1.3766300678253174, -0.47697243094444275, -1.6975626945495605, 1.2313648462295532, -1.281518578529358, 0.27588143944740295, -2.213254451751709, -0.4498184323310852, -0.9252409934997559, 0.9502333998680115, 0.03912955895066261, 0.3778601884841919, 0.5700582265853882, 0.7743849158287048, 0.5843554735183716, 0.06219374015927315, -1.3598053455352783, -1.6491143703460693, 0.6059842109680176, -0.5842377543449402, -1.6514596939086914, -1.1026381254196167, -0.7834484577178955, 1.1910712718963623, 1.4324588775634766, -0.45546233654022217, 0.9598363041877747, -2.579425811767578, 0.16341286897659302, -0.022702768445014954, -1.3333425521850586, -1.0347529649734497, 0.7932782173156738, 0.5001118183135986, -0.26855945587158203, 0.3301028609275818, 0.7980445623397827, -0.7118659019470215, 0.4260098338127136, -0.6023433208465576, 0.04617900401353836, -1.1021243333816528, -0.03166099637746811, -0.992118239402771, 0.40285539627075195, 0.5326544046401978, 0.15914958715438843, 2.39058518409729, -1.222090244293213, -0.2709124982357025, 1.2427783012390137, 1.5482527017593384, -0.09141232073307037, 2.253403425216675, -0.9048750996589661, 0.06682384759187698, 0.7669959664344788, -0.2756682336330414, 0.4125910997390747, 0.00520189106464386, -0.11844691634178162, 1.3280266523361206, 0.4640082120895386, 0.08933338522911072, -0.5514231324195862, 0.7839338779449463, 1.281343698501587, 0.5393869280815125, 0.9524686932563782, -0.2704277038574219, 0.01677141711115837, -0.4804439842700958, -0.7812779545783997, 1.2088390588760376, 0.6077104806900024, 0.31747809052467346, -0.2487790286540985, -1.9272831678390503, 0.40454238653182983, -0.18615755438804626, -1.2459949254989624, 0.24554675817489624, 1.7563467025756836, 0.9159010052680969, -1.0569778680801392, -1.1513272523880005]",yunet,Facenet,1920,1080,/home/amos/media/tv/modern_family/Modern.Family.S09.1080p.DSNP.WEB-DL.DDP5.1.H.264-CRFW/Modern.Family.S09E17.Royal.Visit.1080p.DSNP.WEB-DL.DDP5.1.H.264-CRFW.mkv,Modern Family,2009,1442437,9,17,Sofía Vergara,63522.0,0.729
110,1038,84,1278,396,1134,198,1068,198,0.921,3624,0,"[-0.7551299333572388, 0.9669002294540405, 0.7959994673728943, -1.976435661315918, -0.6313695311546326, 0.11298435181379318, -0.7575200200080872, 0.18372899293899536, 1.2193185091018677, 0.8536218404769897, -0.29352548718452454, 2.177525043487549, 0.45520514249801636, -2.275458812713623, 0.3613101541996002, 1.4979791641235352, -0.4861467778682709, -0.7027806639671326, -1.0322915315628052, -0.018253915011882782, 2.6793413162231445, 0.4622960090637207, -0.10016544908285141, -0.2086259126663208, -0.2782202363014221, -0.8153811097145081, -1.2804689407348633, -0.08358240127563477, 3.0769708156585693, -1.3418655395507812, 0.5392452478408813, -2.5490810871124268, 2.0704073905944824, -1.7756221294403076, 2.171165943145752, -0.4252936542034149, -1.2399375438690186, 0.6089051961898804, -0.12531590461730957, 0.032809626311063766, -1.8059736490249634, 1.3487588167190552, -0.46117159724235535, -0.3000842332839966, -1.6254642009735107, 1.4507049322128296, -0.9086212515830994, -0.373932421207428, -2.656397581100464, -0.6790733337402344, -1.2217742204666138, 0.9374944567680359, -0.3257412612438202, 1.1865254640579224, 0.16411754488945007, 0.25926339626312256, 0.7246124148368835, 0.6665727496147156, -1.8892935514450073, -1.3747409582138062, 1.096881628036499, -0.13580331206321716, -1.48640775680542, -0.5393092036247253, -0.48980435729026794, 0.9605101346969604, 0.8642745614051819, -0.7146636843681335, 1.0313940048217773, -2.162637710571289, 0.32063984870910645, -0.4042476415634155, -1.7402377128601074, -1.3041203022003174, 1.7913981676101685, 0.3016771376132965, -0.05640794709324837, 0.28256237506866455, 1.0292093753814697, -0.646209716796875, 0.901263415813446, -0.7427124977111816, 0.5451940894126892, -1.2812304496765137, -0.36620306968688965, -0.22957256436347961, 0.052227552980184555, 0.34382039308547974, 0.2652055621147156, 1.0593407154083252, -1.625449538230896, -0.8391683101654053, 1.7714732885360718, 0.44613897800445557, 0.429441899061203, 1.7658418416976929, -1.4485329389572144, -0.3771193027496338, 0.9406673908233643, -0.5819575786590576, -0.0656580924987793, 0.8718519806861877, -0.2392883002758026, 2.0368127822875977, 1.0164929628372192, 0.1545000970363617, -0.36166056990623474, 0.6434670686721802, 1.1424956321716309, 0.9262343049049377, 0.9842233061790466, -0.20213152468204498, -0.13348807394504547, -0.2309616506099701, -1.317160725593567, 1.3183104991912842, -0.7426964044570923, 0.6321097612380981, 0.18916109204292297, -2.2369425296783447, 0.328643798828125, 0.07958434522151947, -1.0954372882843018, -0.3202948272228241, 1.658321738243103, 0.6308780908584595, -1.1218645572662354, -0.48409053683280945]",yunet,Facenet,1920,1080,/home/amos/media/tv/modern_family/Modern.Family.S09.1080p.DSNP.WEB-DL.DDP5.1.H.264-CRFW/Modern.Family.S09E17.Royal.Visit.1080p.DSNP.WEB-DL.DDP5.1.H.264-CRFW.mkv,Modern Family,2009,1442437,9,17,Sofía Vergara,63522.0,0.675
111,1008,96,1236,408,1182,210,1080,210,0.921,3648,0,"[-0.8673738241195679, 0.6082437038421631, 1.097816824913025, -1.8022527694702148, 0.4328770339488983, 0.30598506331443787, 0.10056936740875244, 0.4495919346809387, -0.058114513754844666, 1.7771923542022705, 0.21562433242797852, 1.9796775579452515, -0.06769872456789017, -1.5762711763381958, 0.22162985801696777, 1.6119059324264526, -0.798730731010437, -1.3191770315170288, -0.8503209352493286, 0.4428745210170746, 2.3719875812530518, 0.5137943625450134, -0.2311227023601532, -0.18381530046463013, -0.5464725494384766, 0.14487549662590027, -0.9488961696624756, -0.3754631280899048, 2.6813182830810547, -1.2757633924484253, 0.17314067482948303, -1.2759815454483032, 1.806121826171875, -1.005637288093567, 2.0151901245117188, 0.17108982801437378, -1.7045706510543823, 0.13547948002815247, 0.41058242321014404, -1.3228687047958374, -1.8938679695129395, 1.6875286102294922, -0.7700575590133667, -0.009389452636241913, -2.4601337909698486, 0.18488579988479614, -1.6153182983398438, 0.22964413464069366, -2.2821266651153564, 0.0912514179944992, -0.4390968680381775, 0.3213472068309784, 0.6724001169204712, 1.178782343864441, 0.33997777104377747, -0.7709276676177979, 0.004626214504241943, -0.28810012340545654, -1.6594644784927368, -0.969727098941803, -1.1035059690475464, -0.733414351940155, -1.2910043001174927, -0.7925614714622498, -0.24307197332382202, 0.2653137743473053, 0.25958552956581116, -0.4573742747306824, 2.0844483375549316, 0.27058109641075134, 0.21627166867256165, -0.06093510985374451, -2.390002727508545, 0.45870447158813477, 0.4663826525211334, 0.29940593242645264, 0.060871630907058716, -0.39570555090904236, 1.558161973953247, 0.2762221693992615, 1.2145967483520508, -1.3730521202087402, -0.35957884788513184, -0.9567887187004089, 0.8088018298149109, -0.32711535692214966, 0.9036856293678284, -0.04040227830410004, -0.1350121647119522, 1.570250391960144, -1.3467450141906738, 0.41979432106018066, 0.7277007699012756, 0.7539600133895874, -0.052917301654815674, 1.3382407426834106, -1.1001973152160645, -0.2941325902938843, 0.4263475239276886, -1.3555399179458618, -0.6487268805503845, -0.9329211115837097, -1.3574868440628052, 1.729537010192871, 0.6521793007850647, 0.18813349306583405, 0.078270822763443, -1.3698651790618896, 0.5275243520736694, 1.520297884941101, 1.5470030307769775, -0.130552276968956, -0.15206509828567505, 0.40314897894859314, 0.21681758761405945, 0.9289743900299072, -0.5682199001312256, -0.326035737991333, 0.9972483515739441, -1.4461473226547241, 0.6883003115653992, -0.867194414138794, -1.453937292098999, 0.854331910610199, 1.1189751625061035, 0.43777886033058167, 0.04101528972387314, 0.4761805236339569]",yunet,Facenet,1920,1080,/home/amos/media/tv/modern_family/Modern.Family.S09.1080p.DSNP.WEB-DL.DDP5.1.H.264-CRFW/Modern.Family.S09E17.Royal.Visit.1080p.DSNP.WEB-DL.DDP5.1.H.264-CRFW.mkv,Modern Family,2009,1442437,9,17,Sofía Vergara,63522.0,0.777
112,942,126,1176,450,1038,234,978,228,0.909,3672,0,"[-0.10583892464637756, 0.7829908132553101, 0.728278398513794, -2.087315559387207, -0.48077696561813354, 0.06790127605199814, -0.5048661231994629, 0.2881244122982025, 0.5034435391426086, 1.6776554584503174, -0.5204906463623047, 2.2925024032592773, -0.11937479674816132, -1.329392433166504, 0.4573511779308319, 1.2626590728759766, -0.7413549423217773, -1.2258672714233398, -0.6406800150871277, 0.6565757989883423, 3.264134168624878, -0.8624455332756042, 0.04364233464002609, -0.633476734161377, -0.7766292691230774, -0.6113602519035339, -0.8751999139785767, -0.18459060788154602, 2.4159300327301025, -1.1839344501495361, 0.23742955923080444, -1.8450238704681396, 1.999407410621643, -1.3107047080993652, 2.4189982414245605, -0.31623321771621704, -1.3523386716842651, -0.026480108499526978, 0.5625516176223755, 0.25035423040390015, -2.3118553161621094, 2.1277506351470947, -0.5373759269714355, -0.6244832277297974, -2.160301923751831, 0.3532693088054657, -1.8432095050811768, 0.8159337043762207, -2.449852466583252, -1.180779218673706, -0.2744155526161194, 1.0409094095230103, -0.286833256483078, 0.7635228037834167, 0.6832022070884705, 0.5332539081573486, 1.0069084167480469, 1.2061767578125, -1.4205209016799927, -0.9864165186882019, 0.49053341150283813, 0.2622847557067871, -1.4909719228744507, -0.21738378703594208, -0.6347004175186157, 0.7235180735588074, 0.6714447140693665, -0.25463342666625977, 1.5498285293579102, -1.115523338317871, 0.28540799021720886, -0.42530712485313416, -1.3796772956848145, -0.5908852219581604, 1.6519598960876465, 0.5453197360038757, 0.3500874638557434, -0.08038510382175446, 0.3161257207393646, -1.459771990776062, 0.6667495369911194, -0.8486528396606445, 0.5037160515785217, -1.3499410152435303, -0.35170769691467285, -0.962035059928894, 0.2928966283798218, -0.3150927722454071, 0.3949013352394104, 1.0727792978286743, -2.4967854022979736, -0.2908132076263428, 1.2519639730453491, 0.8242082595825195, 0.03151398524641991, 1.6548892259597778, -1.2304034233093262, -1.252628207206726, 0.9090691208839417, 0.004438214004039764, -0.5876207947731018, 0.5464693903923035, -1.1467324495315552, 1.4998292922973633, 1.5047491788864136, -0.8964892029762268, 0.4371722638607025, -0.06108801066875458, 1.2498594522476196, 1.1431585550308228, 1.7299097776412964, -0.31888461112976074, -0.5660390853881836, -0.23134435713291168, -0.781216025352478, 2.2064249515533447, -0.3643612861633301, 1.4494283199310303, 0.4491828382015228, -2.025895833969116, 0.6963062286376953, -0.2390340268611908, -1.2559171915054321, -0.3120613694190979, 1.4710255861282349, 0.4525131285190582, -1.0638595819473267, -0.5835409164428711]",yunet,Facenet,1920,1080,/home/amos/media/tv/modern_family/Modern.Family.S09.1080p.DSNP.WEB-DL.DDP5.1.H.264-CRFW/Modern.Family.S09E17.Royal.Visit.1080p.DSNP.WEB-DL.DDP5.1.H.264-CRFW.mkv,Modern Family,2009,1442437,9,17,Sofía Vergara,63522.0,0.678
113,630,138,882,486,840,264,750,270,0.9,3696,0,"[-0.724655032157898, -1.1054123640060425, 0.6560792326927185, 1.4311503171920776, 0.657696545124054, -0.6053576469421387, 0.1395397037267685, 0.12237401306629181, 0.1441749930381775, 0.6619385480880737, -0.8757896423339844, 1.4010101556777954, -2.1541574001312256, -0.015380091965198517, -0.48917528986930847, -0.750097930431366, 0.8128968477249146, 0.7463176846504211, 0.7581096887588501, -1.0260207653045654, -0.7964720726013184, -1.4596115350723267, -0.4722985625267029, -1.1028906106948853, 1.3839483261108398, -1.277863621711731, 0.4368494153022766, 2.737461566925049, 0.726362407207489, -0.10474336892366409, -1.7687325477600098, 1.8005701303482056, -2.553379535675049, -0.1985212117433548, -0.7809522151947021, -1.2053033113479614, -0.15824726223945618, 0.021451734006404877, -1.702488660812378, -1.4732903242111206, -0.894304096698761, -0.33174794912338257, -0.503625750541687, 1.7711658477783203, 0.3531080484390259, -0.9658248424530029, -0.679882287979126, -0.35976558923721313, -0.6829442977905273, 1.5200520753860474, 0.7463261485099792, 0.36413607001304626, -0.20357730984687805, 0.5166748762130737, 0.1880611926317215, -0.008710498921573162, -0.58050137758255, 0.025645624846220016, -0.5744654536247253, 0.30756697058677673, -1.412728190422058, 0.15304160118103027, 0.8983728289604187, -0.5617994666099548, -0.071538046002388, 2.562185525894165, -0.8661845922470093, 2.2121996879577637, -0.1492508053779602, -0.7975140810012817, -1.273079752922058, -1.670390009880066, 0.3043747544288635, 1.0351444482803345, 0.16178740561008453, 1.530005931854248, -0.16926780343055725, 0.004119295626878738, -0.6336243748664856, 1.0067131519317627, -0.227004736661911, 1.9173420667648315, -0.9660974740982056, -1.0982905626296997, -1.5735654830932617, -0.4412762224674225, 0.9130088090896606, 0.12278079986572266, -0.6007652282714844, 1.9423508644104004, 0.26620280742645264, -0.9654874801635742, -0.3949030339717865, -1.336294412612915, -0.08906708657741547, -0.4613461196422577, -0.3502345085144043, -0.5292547345161438, 1.1362674236297607, 1.6365950107574463, -1.7864422798156738, 0.8175395727157593, 0.4053378403186798, -1.7712841033935547, 0.18862423300743103, -0.7764777541160583, -0.04434022679924965, 0.13238167762756348, 1.185613989830017, -1.069154977798462, 0.09383802860975266, -0.3261130452156067, -0.008275754749774933, -1.1871154308319092, 0.9921016693115234, 0.6549450159072876, 0.6258620023727417, 1.4855643510818481, -0.13070166110992432, -0.025797870010137558, 0.019957393407821655, 0.12623262405395508, 0.5784860849380493, 0.8270332217216492, 0.9169557690620422, 1.1711066961288452, -0.04408030956983566, 0.6808440685272217]",yunet,Facenet,1920,1080,/home/amos/media/tv/modern_family/Modern.Family.S09.1080p.DSNP.WEB-DL.DDP5.1.H.264-CRFW/Modern.Family.S09E17.Royal.Visit.1080p.DSNP.WEB-DL.DDP5.1.H.264-CRFW.mkv,Modern Family,2009,1442437,9,17,Ed O'Neill,18977.0,0.676
114,834,132,1056,408,990,234,888,240,0.913,3768,0,"[-0.8247524499893188, -1.3731223344802856, 0.1988299936056137, 0.972226619720459, 0.35469597578048706, -0.6619739532470703, -1.341025710105896, 1.000394344329834, -0.7603611946105957, 0.4241012632846832, -0.5814005136489868, 1.0020725727081299, -1.5140154361724854, 0.05371689796447754, 0.7703803777694702, -0.20527218282222748, 1.3606535196304321, 1.0844590663909912, 1.0480639934539795, -1.025206208229065, -1.6168696880340576, -0.2810719609260559, -0.7063432335853577, 0.49094638228416443, 1.6631795167922974, -0.762869656085968, 0.13997364044189453, 3.2310705184936523, 1.9114902019500732, -0.44833633303642273, -0.6504368782043457, 1.90702486038208, -1.3989914655685425, 0.07121700793504715, -0.04697514325380325, -0.3828331232070923, 0.2158089280128479, -0.5284618139266968, -2.0608456134796143, -0.8130223751068115, -0.6782352924346924, -0.30134281516075134, -0.13832604885101318, 1.557456374168396, 0.48810556530952454, -1.2139487266540527, 0.6848421692848206, -1.319919466972351, -0.13070428371429443, 0.9716824293136597, 0.5176998972892761, 0.31126636266708374, -0.227068692445755, 1.0046204328536987, 0.08653029799461365, 0.2404203861951828, -1.0006401538848877, 0.15123142302036285, -1.7024205923080444, 0.6367993950843811, -0.7771340012550354, -0.29567545652389526, 1.2207820415496826, -0.5022149682044983, -0.27567946910858154, 2.3249170780181885, 0.3274523913860321, 2.4236624240875244, 0.5436614155769348, -1.0286558866500854, -0.29266878962516785, -1.3142973184585571, 0.40545251965522766, 1.8048940896987915, 0.11640873551368713, 1.3381067514419556, -0.19170206785202026, -0.14014647901058197, -0.03466807305812836, 1.5702319145202637, -0.17272308468818665, 1.6858679056167603, -0.7079360485076904, -0.3915579915046692, -0.836809515953064, -0.3526444435119629, 0.5061596632003784, 0.16224689781665802, 0.4509411156177521, 1.4260194301605225, 0.1474047601222992, -0.5145121812820435, -1.015069842338562, -0.9889017939567566, -0.24191182851791382, 0.15378326177597046, -1.402742624282837, -0.06827310472726822, 1.2237548828125, 1.212380051612854, -1.5913012027740479, 1.4688091278076172, 0.4203817546367645, -1.9412264823913574, 0.4252397418022156, -0.5036950707435608, -0.550258994102478, -0.02941252291202545, 1.1918396949768066, -1.4002920389175415, -1.4690899848937988, 0.768473744392395, 0.3037378191947937, -1.9904212951660156, 1.1515932083129883, -0.06017441675066948, 0.9637618064880371, 0.2718321681022644, 0.2601945698261261, -0.3197546899318695, -0.32534992694854736, -0.02601182460784912, 1.0572829246520996, 0.9140817523002625, 1.8531533479690552, 1.352125644683838, 0.20064379274845123, 0.5401508212089539]",yunet,Facenet,1920,1080,/home/amos/media/tv/modern_family/Modern.Family.S09.1080p.DSNP.WEB-DL.DDP5.1.H.264-CRFW/Modern.Family.S09E17.Royal.Visit.1080p.DSNP.WEB-DL.DDP5.1.H.264-CRFW.mkv,Modern Family,2009,1442437,9,17,Ed O'Neill,18977.0,0.782
115,834,126,1062,414,1002,228,894,234,0.912,3792,0,"[-0.2552076280117035, -0.7457481622695923, 0.614588737487793, 0.4087584316730499, 1.3127931356430054, -0.5632656216621399, -0.8570576906204224, 1.3978646993637085, -0.588879406452179, 0.47068309783935547, -0.22310054302215576, 1.0042729377746582, -1.4082316160202026, -0.27898722887039185, 1.4278321266174316, -0.1349099576473236, 1.6380499601364136, 0.6776089668273926, 1.1954907178878784, -1.3900604248046875, -1.631615161895752, -0.38162562251091003, -0.15816572308540344, 0.26607728004455566, 1.1509896516799927, -0.9631733298301697, 0.06554905325174332, 3.3150644302368164, 1.1902012825012207, -0.5468783974647522, -1.2247637510299683, 1.7142603397369385, -1.8729513883590698, 0.15147548913955688, 0.06161276251077652, -0.00296759232878685, 0.39396825432777405, -0.4943320155143738, -2.171919107437134, -0.9419411420822144, -0.5968896150588989, -0.6609005928039551, -0.7095546722412109, 1.1180163621902466, 0.286060094833374, -0.7650657892227173, 0.34362441301345825, -1.5118463039398193, 0.28498733043670654, 1.3663138151168823, 0.4189450740814209, 0.7003698348999023, -0.14497864246368408, 0.7495570182800293, -0.030526991933584213, 0.4100123345851898, -1.2333978414535522, -0.4953675866127014, -0.92292720079422, 0.5526949763298035, -1.2822539806365967, -0.39771103858947754, 1.8243954181671143, -0.1548137664794922, 0.0034876782447099686, 1.451964020729065, 0.17694851756095886, 1.933449625968933, 0.796183168888092, -0.7696378231048584, -0.9283950328826904, -1.2438548803329468, 0.27364277839660645, 1.3946415185928345, 0.1728149950504303, 1.3316407203674316, -0.9815919399261475, -0.32841479778289795, -0.820395827293396, 1.0282522439956665, -0.1859024465084076, 2.116405963897705, -1.0629053115844727, -0.9357166886329651, -0.6720018982887268, -0.8692653179168701, 0.5431925058364868, 0.2651243209838867, 0.15241073071956635, 1.934062123298645, -0.19629237055778503, -0.3651304244995117, -0.79000324010849, -1.319554328918457, -0.059044428169727325, -0.19500944018363953, -0.9588556289672852, -0.4014238715171814, 1.747385025024414, 2.0689830780029297, -1.6822532415390015, 1.2692899703979492, 0.10446218401193619, -1.7525912523269653, 0.4884278178215027, 0.24735955893993378, -0.5564258694648743, 0.567128598690033, 1.22797691822052, -1.4789952039718628, -1.4003275632858276, 0.8258994221687317, -0.10589209198951721, -1.6727283000946045, 1.7818117141723633, 0.04770420491695404, 1.203566551208496, -0.06900523602962494, 0.5097637176513672, -0.3884679079055786, -0.1510949432849884, -0.38938820362091064, 0.7278558015823364, 0.6335641741752625, 1.2455991506576538, 1.1114648580551147, -0.05028533190488815, 0.46140962839126587]",yunet,Facenet,1920,1080,/home/amos/media/tv/modern_family/Modern.Family.S09.1080p.DSNP.WEB-DL.DDP5.1.H.264-CRFW/Modern.Family.S09E17.Royal.Visit.1080p.DSNP.WEB-DL.DDP5.1.H.264-CRFW.mkv,Modern Family,2009,1442437,9,17,Ed O'Neill,18977.0,0.749
116,846,120,1068,384,1002,204,888,204,0.914,3816,0,"[-0.1963266134262085, -1.3890457153320312, -0.12738493084907532, 0.28895440697669983, 2.2922892570495605, -0.64037024974823, -0.9364069700241089, 1.2990515232086182, -0.33674272894859314, 0.46907657384872437, -1.0668755769729614, -0.062397949397563934, -1.9286489486694336, 0.5294421911239624, 1.6324491500854492, -0.10663868486881256, 1.3431646823883057, 0.5354363322257996, 0.0912700667977333, -1.2013331651687622, -1.488251805305481, -1.0380291938781738, -0.3914977014064789, 0.47466233372688293, 0.8509641885757446, -1.0342206954956055, -0.12668004631996155, 2.7017712593078613, 1.407431960105896, 0.19054211676120758, -0.36968377232551575, 1.5497779846191406, -1.5048658847808838, 0.2515617907047272, -1.023011565208435, 0.5953576564788818, -0.4259876310825348, 0.42174074053764343, -1.9764392375946045, -0.7666705846786499, 0.11604220420122147, -0.6126930713653564, -0.5525949001312256, 0.9454433917999268, 0.038546327501535416, -1.6616690158843994, 0.19504307210445404, -0.41708245873451233, -1.0623371601104736, 0.7179403305053711, 0.6975661516189575, 0.8086897134780884, -0.7653000950813293, 1.2856112718582153, 0.125283345580101, -0.08628516644239426, -1.0775419473648071, -1.2984592914581299, -0.3779788315296173, 1.0016834735870361, -0.9661684036254883, -0.4174104332923889, 0.985105037689209, 0.4213832914829254, -0.08043943345546722, 1.385706901550293, -0.3878428637981415, 2.0291168689727783, 0.4016759991645813, -0.6771440505981445, -1.4741278886795044, -1.2091140747070312, 0.6654552221298218, 1.0037919282913208, 0.7082260251045227, 2.1926915645599365, -0.8837456703186035, -0.6299844980239868, -1.0716744661331177, 0.8428732752799988, -1.0996285676956177, 2.8937366008758545, -1.1796395778656006, -0.3995000123977661, -0.8245589733123779, -0.338515967130661, 0.8860806822776794, -0.1243671253323555, 0.8811252117156982, 2.054931879043579, 0.16309404373168945, -0.0504530593752861, -0.5465596318244934, -1.2681151628494263, -0.3713071644306183, -0.19317875802516937, -1.093318223953247, -1.0602251291275024, 1.1598587036132812, 2.1028733253479004, -1.7429472208023071, 1.2166125774383545, -1.2053828239440918, -1.9480646848678589, 1.0991246700286865, -0.8456596732139587, -0.8900690078735352, 0.24359098076820374, 2.2244880199432373, -0.4279908537864685, -1.5725936889648438, 0.37497979402542114, -0.5639960765838623, -1.8144798278808594, 1.0413099527359009, -0.37159186601638794, 0.3941628634929657, -0.07337583601474762, -0.49125590920448303, -1.0708074569702148, 0.4872450828552246, 0.7021797895431519, 0.5314725041389465, -0.13105632364749908, 0.7319560050964355, 0.8399524092674255, -0.03958556801080704, -0.18821467459201813]",yunet,Facenet,1920,1080,/home/amos/media/tv/modern_family/Modern.Family.S09.1080p.DSNP.WEB-DL.DDP5.1.H.264-CRFW/Modern.Family.S09E17.Royal.Visit.1080p.DSNP.WEB-DL.DDP5.1.H.264-CRFW.mkv,Modern Family,2009,1442437,9,17,Ed O'Neill,18977.0,0.697
117,840,126,1062,402,996,228,888,234,0.91,3840,0,"[-0.5170968770980835, -0.4785858690738678, -0.08517798036336899, 0.18770548701286316, 1.3182278871536255, -0.6488794684410095, -0.919104814529419, 0.7380894422531128, -0.31669333577156067, 0.3433576226234436, -0.11716634035110474, 0.6190410852432251, -2.1743249893188477, 0.43783894181251526, 0.840739369392395, -0.6119860410690308, 1.0380319356918335, 0.653521716594696, 0.3995209038257599, -1.6435240507125854, -1.5725369453430176, -1.0453892946243286, -0.599899411201477, 0.24607214331626892, 0.7326921820640564, -1.7463200092315674, -0.23899921774864197, 2.858067512512207, 0.28610122203826904, -0.10050926357507706, -0.7030849456787109, 1.7893171310424805, -2.084019660949707, 0.5753275156021118, -0.5877861380577087, 0.5917443633079529, -0.1479964256286621, -0.8437860012054443, -1.865053653717041, -0.7670291662216187, 0.3551384210586548, -1.5219502449035645, -0.2343936264514923, 1.5730040073394775, 0.6495614647865295, -1.2172739505767822, 0.579889714717865, -0.8536167144775391, -0.8528974652290344, 0.9258581399917603, -0.10296204686164856, 0.39465928077697754, -0.24768999218940735, 0.9569681882858276, -0.4792831838130951, 0.18169280886650085, -1.3336915969848633, -0.19566744565963745, -0.7518725991249084, -0.6034638285636902, -1.6157541275024414, -0.24934755265712738, 0.9356852173805237, 0.036853134632110596, 0.3647933900356293, 1.4329499006271362, -0.3267586827278137, 1.4789127111434937, 0.2571486830711365, -1.5050190687179565, -0.7479286193847656, -1.5330971479415894, 0.8034605383872986, 1.2071764469146729, -0.6705830693244934, 1.2637988328933716, -0.100871741771698, -0.352762907743454, -0.6379454135894775, 0.6883951425552368, 0.12068647891283035, 1.8903577327728271, -0.8475670218467712, -0.7441378831863403, -0.706142008304596, -0.6836345195770264, 0.387921541929245, 0.681817889213562, 0.5360792875289917, 2.129971504211426, 0.15668487548828125, -0.8823701739311218, -0.7318993806838989, -1.0390101671218872, 0.1695776730775833, -0.03914768621325493, -0.6277727484703064, -0.7159506678581238, 1.1780579090118408, 2.440311908721924, -2.255581855773926, 1.472351312637329, 0.12749892473220825, -1.8852977752685547, -0.24773213267326355, -0.214993417263031, 0.27045679092407227, 0.8688068389892578, 1.4372202157974243, -1.3985553979873657, -1.2592620849609375, 0.9614275097846985, 0.24288733303546906, -1.3840632438659668, 1.2147376537322998, 0.051134489476680756, 1.7598369121551514, 0.22755864262580872, -0.037791840732097626, -0.39469075202941895, -0.8676465749740601, 0.643646240234375, 1.4465596675872803, 0.18241949379444122, 1.117642879486084, 1.0129389762878418, 0.4212167263031006, 0.40832284092903137]",yunet,Facenet,1920,1080,/home/amos/media/tv/modern_family/Modern.Family.S09.1080p.DSNP.WEB-DL.DDP5.1.H.264-CRFW/Modern.Family.S09E17.Royal.Visit.1080p.DSNP.WEB-DL.DDP5.1.H.264-CRFW.mkv,Modern Family,2009,1442437,9,17,Ed O'Neill,18977.0,0.679
118,810,120,1038,384,972,204,864,204,0.91,3864,0,"[-0.18495216965675354, -1.256762146949768, 0.5402599573135376, -0.20830723643302917, 0.8315735459327698, -0.30845698714256287, -1.4279637336730957, 0.40026381611824036, -0.06722122430801392, -0.43567532300949097, -1.0667701959609985, 0.15940262377262115, -2.080703020095825, 0.31048083305358887, 0.8743133544921875, -1.0007380247116089, 1.4376178979873657, 1.548557162284851, 0.4546350836753845, -0.7633534669876099, -1.4927682876586914, -1.231758952140808, -0.3280714750289917, -0.1502176821231842, 0.6848767399787903, -0.6744922995567322, -0.19598865509033203, 2.7570676803588867, 0.7001305222511292, -0.29054707288742065, -0.6570732593536377, 2.141218423843384, -1.6505566835403442, 0.10626953095197678, -0.8490700721740723, 1.3803890943527222, -0.17287513613700867, 0.2338133156299591, -1.845757007598877, 0.3326648771762848, 0.916172981262207, -1.5253000259399414, -0.1253211498260498, 0.9642492532730103, 0.8272050619125366, -1.0802702903747559, -0.08868516981601715, -1.0326141119003296, -0.7840703725814819, -0.7143727540969849, 0.4094942808151245, -0.13272298872470856, -0.17886927723884583, 0.6698082685470581, 0.037910785526037216, 0.16764162480831146, -1.2111293077468872, 0.22952470183372498, -0.461824506521225, -0.5405327081680298, -0.7050449252128601, -0.40568822622299194, -0.0006062760949134827, 0.7773249745368958, -0.26388415694236755, 1.8645402193069458, 1.2012728452682495, 0.6397922039031982, 1.1352249383926392, -1.2015103101730347, -0.7522347569465637, -1.2869633436203003, 1.573399543762207, 1.1791067123413086, -0.07794547080993652, 1.4498471021652222, -0.876541018486023, -0.6954361796379089, -0.6689022183418274, 0.6904451251029968, 0.3700892925262451, 2.261615753173828, -0.690597414970398, -0.3969522714614868, -1.4768874645233154, -0.732441782951355, 0.7120035886764526, 0.0550815612077713, 0.44058486819267273, 2.517986297607422, -0.14799076318740845, -1.1609185934066772, -1.7024531364440918, -1.3590420484542847, -0.8846917748451233, -0.24680128693580627, -0.7262206077575684, -1.0528364181518555, 1.52740478515625, 2.5178260803222656, -2.161724090576172, 1.302194356918335, -0.7570786476135254, -1.3553475141525269, 0.16269755363464355, -0.2626786231994629, 0.1426204890012741, 0.1633884161710739, 2.09330415725708, -1.1508883237838745, -1.5268734693527222, 1.1147565841674805, -0.19370368123054504, -1.3794214725494385, 1.1631561517715454, 0.21209269762039185, 0.6081904172897339, -0.11495834589004517, -0.07044758647680283, -1.078266978263855, -0.17978458106517792, 0.5662176609039307, 0.7632181644439697, -0.3579641282558441, 0.6002758145332336, 1.3051486015319824, 1.0297441482543945, -0.08542197942733765]",yunet,Facenet,1920,1080,/home/amos/media/tv/modern_family/Modern.Family.S09.1080p.DSNP.WEB-DL.DDP5.1.H.264-CRFW/Modern.Family.S09E17.Royal.Visit.1080p.DSNP.WEB-DL.DDP5.1.H.264-CRFW.mkv,Modern Family,2009,1442437,9,17,Ed O'Neill,18977.0,0.591
119,828,126,1056,408,1002,234,894,240,0.905,3888,0,"[-1.0204493999481201, -0.830436110496521, 0.4512900710105896, 0.00298193097114563, 1.3327749967575073, -0.9952908754348755, -1.4327380657196045, 1.1626471281051636, -0.29218512773513794, -0.20393693447113037, -0.008139368146657944, 0.5685632824897766, -2.438241958618164, -0.388433575630188, 0.706413984298706, -0.46417832374572754, 0.6728417873382568, 1.0678147077560425, 0.5310686826705933, -1.4129477739334106, -1.439670205116272, -0.8441111445426941, -0.5732811093330383, 0.10725456476211548, 1.5034960508346558, -0.9187923073768616, -0.33249279856681824, 3.2011308670043945, 1.6106778383255005, -0.31485995650291443, -0.7808072566986084, 1.7478569746017456, -1.5402705669403076, 0.23303821682929993, -1.2042838335037231, 0.3547365963459015, 0.12840810418128967, -0.904967188835144, -2.322139024734497, -1.5382722616195679, 0.18797670304775238, -1.5005269050598145, -1.004395842552185, 2.3603157997131348, 0.5774708390235901, -1.1789600849151611, 0.463133841753006, -1.3991330862045288, -0.7405872344970703, 0.7927737236022949, 0.12434150278568268, 0.44357290863990784, -0.3959665298461914, 1.2423561811447144, -0.4087039530277252, 0.3481229543685913, -1.116218090057373, -0.6582384705543518, -0.9008902907371521, 0.8576071858406067, -0.9742534160614014, -0.8003100156784058, 1.0312716960906982, -0.43227845430374146, 0.007878080010414124, 1.9945513010025024, -0.2471255660057068, 1.2999507188796997, 0.4335956275463104, -1.3251781463623047, -1.221307396888733, -1.5978059768676758, -0.06183306500315666, 1.334984302520752, 0.10297523438930511, 1.4933866262435913, -0.5658341646194458, 0.05228733271360397, -0.04159159958362579, 1.548783779144287, -0.28181350231170654, 1.949638843536377, -0.8345460891723633, -0.8519596457481384, -0.5099936127662659, -0.6457114219665527, -0.047033727169036865, 0.5716581344604492, 0.9085681438446045, 2.0453262329101562, 0.12500004470348358, -1.0659233331680298, -1.2036348581314087, -1.5593247413635254, -0.23147279024124146, -0.2518059015274048, -1.5559660196304321, -1.1572037935256958, 1.2705531120300293, 1.2668355703353882, -1.8439117670059204, 1.0664522647857666, 0.28902527689933777, -1.6459424495697021, 0.33623024821281433, 0.1943928748369217, -0.14079803228378296, 0.3806423246860504, 1.344861388206482, -0.8998017907142639, -1.5738288164138794, 0.6549897193908691, 0.026467151939868927, -1.8686244487762451, 1.747333288192749, -0.08300513029098511, 1.3514865636825562, -0.47513705492019653, -0.05414072424173355, -0.4466265141963959, 0.12009425461292267, 0.3368060886859894, 0.8979301452636719, 0.9726940989494324, 1.1664390563964844, 0.7289928197860718, 0.34634554386138916, 0.8524728417396545]",yunet,Facenet,1920,1080,/home/amos/media/tv/modern_family/Modern.Family.S09.1080p.DSNP.WEB-DL.DDP5.1.H.264-CRFW/Modern.Family.S09E17.Royal.Visit.1080p.DSNP.WEB-DL.DDP5.1.H.264-CRFW.mkv,Modern Family,2009,1442437,9,17,Ed O'Neill,18977.0,0.797
120,828,90,1050,360,990,186,894,186,0.907,3912,0,"[-0.0470631867647171, -0.9491816759109497, -0.1659819781780243, 0.060499317944049835, 1.2568470239639282, -0.17654961347579956, -0.46405255794525146, 1.2993649244308472, -0.10445704311132431, 0.5717923641204834, -1.3848687410354614, -0.011488862335681915, -0.9742991924285889, 0.37878477573394775, 0.9233942031860352, -1.357145071029663, 1.1993428468704224, -0.4509744644165039, 0.9357417225837708, -1.1239994764328003, -1.194838523864746, -0.5719726085662842, 0.016817450523376465, 1.0503718852996826, 0.5005223751068115, -1.4611915349960327, 0.17706181108951569, 1.8712372779846191, 0.8150659203529358, -1.2270939350128174, -0.44665077328681946, 0.5532287955284119, -1.0392134189605713, 0.20524486899375916, -0.491954505443573, -0.019008543342351913, 0.13755014538764954, -0.73638916015625, -1.862391471862793, -1.2645180225372314, -0.7094327807426453, -1.1064839363098145, -1.382501482963562, -0.013836309313774109, -0.1938241571187973, -0.9465591311454773, 0.46772995591163635, -1.2439332008361816, 0.144627645611763, -0.7444947957992554, -0.09409022331237793, 0.954369306564331, -1.0581213235855103, -0.6031680703163147, -0.4794999659061432, 0.5318604707717896, -0.9904885292053223, -0.47414857149124146, -0.7521728873252869, 0.4306086599826813, -1.0145982503890991, 0.06460683047771454, 1.4659804105758667, 0.20832465589046478, -0.6089597344398499, 1.436714768409729, 0.8427206873893738, 1.9473133087158203, 1.7866743803024292, -0.7400428056716919, -0.19127987325191498, -1.3545804023742676, 0.3251098692417145, 0.5468108057975769, 0.4470314085483551, 1.7370237112045288, -0.8589614629745483, -0.8971649408340454, -0.5703468322753906, 0.07684476673603058, 0.16688477993011475, 2.4143154621124268, -0.7969074249267578, -0.874574601650238, -0.8264297842979431, -0.35819095373153687, 0.10923131555318832, -0.16516613960266113, 0.3713590204715729, 2.201040267944336, 0.15032503008842468, -0.9481344819068909, -0.7087998390197754, -0.11862797290086746, -0.5617666840553284, 0.3297291696071625, -1.1510604619979858, 0.3317890763282776, 2.277665138244629, 3.305654525756836, -1.632944107055664, 1.5216611623764038, 0.5411919355392456, -1.090319275856018, 0.4402976632118225, -0.24088822305202484, -0.4811824560165405, 0.4992481470108032, 0.4304339587688446, -1.8124693632125854, -2.041515588760376, 1.0188014507293701, -0.6159543991088867, -1.872023105621338, 1.1059203147888184, 0.39881354570388794, 0.4733419120311737, 0.13633984327316284, -0.23947551846504211, 0.2548213601112366, 0.011181842535734177, 0.5152552127838135, -0.6516610980033875, 0.5650489926338196, 0.8318995237350464, 1.095048189163208, 0.07205457240343094, -0.3713167905807495]",yunet,Facenet,1920,1080,/home/amos/media/tv/modern_family/Modern.Family.S09.1080p.DSNP.WEB-DL.DDP5.1.H.264-CRFW/Modern.Family.S09E17.Royal.Visit.1080p.DSNP.WEB-DL.DDP5.1.H.264-CRFW.mkv,Modern Family,2009,1442437,9,17,Ed O'Neill,18977.0,0.625
121,828,96,1050,372,996,186,888,186,0.911,3936,0,"[-0.4620887339115143, -1.1687846183776855, 0.32747629284858704, 0.27439624071121216, 1.551805019378662, -0.7351481318473816, -0.6296641826629639, 0.6646692156791687, -1.2144438028335571, 0.3515006899833679, -1.3863170146942139, -0.4050390124320984, -0.6432170867919922, -0.5414746999740601, 1.238906741142273, -0.664179801940918, 0.88857102394104, 0.5037716031074524, 0.21749430894851685, -1.1425557136535645, -0.8926540613174438, 0.3189404606819153, 0.2580811381340027, -0.0797550156712532, 0.46707844734191895, -1.3188858032226562, -0.23136356472969055, 3.0488038063049316, 0.9427077770233154, -0.8259479999542236, -0.30384066700935364, 1.3800249099731445, -0.7606287002563477, 0.12408370524644852, -0.5946500301361084, -0.4069826900959015, 0.3538818061351776, -0.24705785512924194, -2.4586856365203857, -1.0544066429138184, -0.3243996500968933, -0.9061720371246338, -0.6551401615142822, 0.25699877738952637, -0.25027981400489807, -1.2419031858444214, 0.5351637005805969, -1.570184588432312, 0.11954587697982788, -0.23910871148109436, -0.40441906452178955, 0.37232068181037903, -0.3281673192977905, 0.24806465208530426, 0.22145240008831024, -0.28547343611717224, -1.2319358587265015, -0.28436413407325745, -1.0866596698760986, 0.2918166220188141, -0.9459784030914307, -0.5122930407524109, 0.1009855642914772, 0.8457807898521423, -0.9462790489196777, 0.9773129224777222, 1.252871036529541, 1.6995445489883423, 1.2071011066436768, -0.8499743938446045, -1.0837146043777466, -1.1132652759552002, 0.5903340578079224, 0.17383627593517303, 0.6016419529914856, 2.431999683380127, -1.2032181024551392, -0.2525784969329834, -0.12354286015033722, 0.4284384250640869, 0.27857664227485657, 3.0507709980010986, -1.195888876914978, -0.9641222357749939, -1.02315354347229, -0.2381661832332611, -0.05366605520248413, 0.06368689239025116, 0.20974159240722656, 2.031447649002075, 0.34096983075141907, -0.5953948497772217, -1.3275971412658691, -0.9200417399406433, 0.3668133020401001, -0.5602117776870728, -1.9701342582702637, -0.13291458785533905, 2.648285150527954, 1.7646851539611816, -0.8399313688278198, 1.023451805114746, -0.8782556056976318, -1.4976671934127808, 0.8695236444473267, -0.14886140823364258, -0.042312826961278915, -0.2011685073375702, 0.9571449756622314, -1.649524450302124, -2.789245367050171, 1.293967366218567, -0.9572840929031372, -1.0451948642730713, 0.7751312851905823, 0.02052547037601471, 0.10106021910905838, -1.1517854928970337, -0.6701540946960449, 0.7941439151763916, 0.3465043902397156, 0.036793626844882965, -0.40351980924606323, 0.4141908288002014, 1.3648868799209595, 0.8193565607070923, 0.8502641320228577, 0.5982005596160889]",yunet,Facenet,1920,1080,/home/amos/media/tv/modern_family/Modern.Family.S09.1080p.DSNP.WEB-DL.DDP5.1.H.264-CRFW/Modern.Family.S09E17.Royal.Visit.1080p.DSNP.WEB-DL.DDP5.1.H.264-CRFW.mkv,Modern Family,2009,1442437,9,17,Ed O'Neill,18977.0,0.649
122,828,120,1056,390,978,210,870,216,0.905,3960,0,"[0.46177488565444946, -1.3345692157745361, 0.5796734094619751, -0.2608562409877777, 0.29762423038482666, 0.27043402194976807, -1.572541356086731, 1.1374828815460205, -0.8118337988853455, -0.28186747431755066, -0.9912151098251343, 0.3668091297149658, -1.958840012550354, 0.023422621190547943, 0.8594417572021484, -0.5806178450584412, 1.888423204421997, 0.5355654358863831, 1.6798394918441772, -1.4936903715133667, -1.5150103569030762, -0.5885626673698425, -0.291866660118103, 0.07237841933965683, 0.9080984592437744, -0.9200959205627441, -0.467306524515152, 3.2953271865844727, 1.1355009078979492, -0.27958858013153076, -0.7423592805862427, 1.8382316827774048, -1.220446228981018, 0.21529841423034668, -0.8418645858764648, 0.7193350195884705, -0.1264391839504242, 0.3384433686733246, -2.1241443157196045, -0.338801771402359, -0.25349560379981995, -1.0743491649627686, -0.9321646690368652, 0.33873385190963745, 0.3617429733276367, -0.5581691861152649, 0.5700616836547852, -0.8631831407546997, -0.7186341285705566, 0.3053802251815796, 0.5712708234786987, 0.4323441982269287, -0.04466914385557175, 0.7443473935127258, 0.38444793224334717, 0.797478437423706, -1.2231460809707642, -0.2707885503768921, -1.5993276834487915, 0.41081875562667847, -1.3593525886535645, -0.8095343708992004, 1.8457419872283936, 0.20954562723636627, -0.49007734656333923, 1.0903338193893433, 0.8348488211631775, 1.3004759550094604, 0.8633683919906616, -1.062203288078308, -0.21154484152793884, -1.6407755613327026, 0.4377805292606354, 0.6982807517051697, 0.5704860091209412, 1.8155373334884644, -1.8202811479568481, -0.44059693813323975, -0.25541922450065613, 1.0266305208206177, 0.679905116558075, 1.81002676486969, -0.634853720664978, -0.937055230140686, -0.9262651205062866, -0.12224632501602173, 0.3718462288379669, 0.804749608039856, 1.2511361837387085, 1.8429898023605347, 0.28971225023269653, -1.0531407594680786, -0.4593619704246521, -0.9156312942504883, 0.2531893253326416, 0.31716257333755493, -1.131803035736084, -0.7947664260864258, 1.6304447650909424, 2.591318130493164, -1.069284200668335, 1.5186164379119873, 0.20556007325649261, -1.4710602760314941, 0.1262224018573761, -0.7644388675689697, -0.7491124868392944, 0.5679036974906921, 1.6392287015914917, -1.7417168617248535, -2.4794135093688965, 0.9106964468955994, -0.8827205896377563, -1.5565571784973145, 1.0112336874008179, -1.1576550006866455, 0.4163736402988434, 0.3538895845413208, 0.33040493726730347, -1.396891474723816, -0.5939455032348633, 0.39484819769859314, 0.7538977265357971, 0.30992093682289124, 1.5579464435577393, 1.7253773212432861, 0.10308614373207092, 0.41358426213264465]",yunet,Facenet,1920,1080,/home/amos/media/tv/modern_family/Modern.Family.S09.1080p.DSNP.WEB-DL.DDP5.1.H.264-CRFW/Modern.Family.S09E17.Royal.Visit.1080p.DSNP.WEB-DL.DDP5.1.H.264-CRFW.mkv,Modern Family,2009,1442437,9,17,Ed O'Neill,18977.0,0.752
123,822,120,1038,384,978,204,882,204,0.912,3984,0,"[-0.052104756236076355, -1.3725537061691284, 0.539686918258667, 0.15852835774421692, 1.021992802619934, 0.004625007510185242, -1.0593866109848022, 0.7993528842926025, -0.2800930142402649, -0.8775661587715149, -0.8762487173080444, -0.5445452332496643, -2.3810746669769287, 0.21933749318122864, 0.8394132852554321, -0.4896218776702881, 1.560556173324585, 1.001909852027893, 1.1720855236053467, -0.889134407043457, -1.2767835855484009, -0.44701194763183594, -0.01844187080860138, -0.13836324214935303, 1.2605304718017578, -1.1647716760635376, -0.39603301882743835, 2.289362907409668, 1.801666021347046, -0.17766708135604858, -1.1134960651397705, 1.5009673833847046, -1.5546973943710327, 0.879489004611969, -0.3413349390029907, 1.0984054803848267, -0.35928136110305786, 0.6603478789329529, -1.8841609954833984, -0.8267797231674194, 0.023581819608807564, -1.1059819459915161, -0.7803399562835693, 0.8404819369316101, -0.05850418657064438, -1.0778117179870605, -0.13858693838119507, -0.7727683782577515, -1.4360765218734741, 0.6177840232849121, 0.4813888669013977, 0.7083441019058228, 0.20703542232513428, 1.44203519821167, 0.2984157204627991, 0.028579238802194595, -1.4966645240783691, -0.7286248207092285, -1.5085134506225586, 0.6663926839828491, -0.9665547013282776, -0.40661972761154175, 0.770301103591919, 0.2107023000717163, -0.42084425687789917, 1.9016249179840088, 0.552883505821228, 1.544776439666748, 0.595107913017273, -0.8091661930084229, -0.3968554437160492, -2.018603563308716, 0.19114892184734344, 0.6192909479141235, 0.4613986611366272, 2.562760353088379, -1.3834747076034546, -0.6794654726982117, -0.13731667399406433, 0.9590511322021484, 0.7397774457931519, 2.87589693069458, -0.8610759377479553, -0.6774188280105591, -0.14854463934898376, -0.3376174867153168, 0.8769479393959045, 0.5590724945068359, 0.6678450107574463, 1.72120201587677, 0.10259705781936646, -0.02057328075170517, -0.7660593390464783, -1.0118598937988281, -0.8365340232849121, 0.23578980565071106, -1.6310700178146362, -1.1201502084732056, 1.3309640884399414, 2.381868839263916, -1.4990978240966797, 1.088552474975586, -0.6443974375724792, -1.1838862895965576, 0.4815278649330139, -0.5417208075523376, -0.26545199751853943, 0.25439441204071045, 1.5805586576461792, -1.867883324623108, -1.8365814685821533, 0.31964951753616333, -0.3675645589828491, -2.038123846054077, 0.5551859140396118, -1.0904154777526855, 0.3139621317386627, 0.29307830333709717, 0.11953279376029968, -0.7981930375099182, 0.11767027527093887, 0.6318871974945068, 0.8094260692596436, -0.1726706176996231, 1.5077229738235474, 1.9261826276779175, 0.46424609422683716, 0.5204068422317505]",yunet,Facenet,1920,1080,/home/amos/media/tv/modern_family/Modern.Family.S09.1080p.DSNP.WEB-DL.DDP5.1.H.264-CRFW/Modern.Family.S09E17.Royal.Visit.1080p.DSNP.WEB-DL.DDP5.1.H.264-CRFW.mkv,Modern Family,2009,1442437,9,17,Ed O'Neill,18977.0,0.746
124,828,114,1050,384,984,204,882,204,0.915,4008,0,"[0.07756438851356506, -1.1689203977584839, 0.505372166633606, 0.035305239260196686, 1.3016563653945923, -0.16610929369926453, -1.3626928329467773, 1.5588494539260864, -0.4716847836971283, -0.848969042301178, -0.12479674071073532, 0.31844770908355713, -2.0274078845977783, 0.23398837447166443, 0.9776849746704102, -0.0345923937857151, 1.9231841564178467, 0.802741289138794, 1.2212210893630981, -0.7152612209320068, -1.7158955335617065, -0.39443087577819824, -0.03632412478327751, 0.06791280955076218, 1.3825619220733643, -0.8366042375564575, -0.3725508153438568, 2.8015174865722656, 1.5991859436035156, -0.6535218954086304, -1.0111476182937622, 2.061109781265259, -1.5086387395858765, 0.4720701575279236, -0.46754059195518494, 1.1187174320220947, 0.21426382660865784, 0.46762123703956604, -2.125338554382324, -0.6162824630737305, -0.12636233866214752, -0.6603514552116394, -0.7652167081832886, 0.7649007439613342, 0.17415925860404968, -0.8051360845565796, -0.35626786947250366, -0.9438170194625854, -0.46692126989364624, 1.5874394178390503, 0.36905938386917114, 1.0845853090286255, 0.66736900806427, 1.0503438711166382, 0.484885573387146, 0.6837674379348755, -1.7516390085220337, -0.7490883469581604, -0.9765138626098633, 1.1880247592926025, -1.0535292625427246, -0.10689318180084229, 1.3812601566314697, 0.6506986021995544, -0.23047581315040588, 1.35999596118927, 0.5139323472976685, 1.4559283256530762, 1.0586180686950684, -0.86728835105896, -0.7300561666488647, -1.5996843576431274, -0.27585887908935547, 1.2335588932037354, 0.41520383954048157, 1.545412540435791, -1.9411752223968506, -0.8802101612091064, -0.5135529637336731, 0.7115671634674072, 0.7148686647415161, 2.3212931156158447, -1.076450228691101, -0.8634421229362488, -0.027758367359638214, -0.7621579170227051, 0.4366881847381592, 0.6375812292098999, 0.4763771593570709, 1.3895515203475952, -0.48565223813056946, -0.1478266566991806, -0.86777663230896, -1.386404037475586, -0.2762478291988373, 0.23508711159229279, -1.387181282043457, -1.171404480934143, 1.3870303630828857, 2.3244340419769287, -1.4746092557907104, 1.0998138189315796, -0.7027544379234314, -1.7330695390701294, 0.25112244486808777, -0.28486084938049316, -0.046037811785936356, 0.09425672143697739, 1.2432864904403687, -2.0286102294921875, -1.65928053855896, 0.951690137386322, 0.08793861418962479, -1.9601280689239502, 1.1383405923843384, -0.7103941440582275, 0.7415728569030762, 0.10929708927869797, 0.24836280941963196, -0.5846912860870361, 0.16581031680107117, -0.30548837780952454, 1.2365086078643799, -0.20492707192897797, 1.2328897714614868, 1.6029261350631714, 0.5358881950378418, 0.7249358892440796]",yunet,Facenet,1920,1080,/home/amos/media/tv/modern_family/Modern.Family.S09.1080p.DSNP.WEB-DL.DDP5.1.H.264-CRFW/Modern.Family.S09E17.Royal.Visit.1080p.DSNP.WEB-DL.DDP5.1.H.264-CRFW.mkv,Modern Family,2009,1442437,9,17,Ed O'Neill,18977.0,0.761
125,1104,336,1284,558,1218,414,1146,414,0.913,4176,0,"[-0.5812172889709473, -1.4567207098007202, 0.9784401059150696, -0.1463758647441864, 0.3340986371040344, 0.6143369078636169, 0.06360352039337158, 1.9539721012115479, -1.0999873876571655, 0.200948566198349, -0.15218418836593628, 0.30612391233444214, -0.09679266810417175, 0.871717095375061, 0.5345291495323181, -0.7764368057250977, 1.4272680282592773, 1.0654003620147705, 0.8876214623451233, -0.11624282598495483, -1.7738158702850342, -0.44801509380340576, -1.4431540966033936, 0.9938480257987976, 1.255490779876709, -1.1817692518234253, -0.831713080406189, 2.191291332244873, -0.10870008170604706, -1.712648868560791, 0.8132772445678711, 0.8192394375801086, -1.4483767747879028, 0.307950496673584, -0.5390521287918091, 0.4261102080345154, 0.8066167831420898, -0.8930835723876953, -0.8703024983406067, 0.075961172580719, 0.26768454909324646, -0.1331232786178589, 0.4181225597858429, 0.5180211067199707, -0.08730581402778625, -1.1537379026412964, 0.3175666034221649, -0.2869422137737274, 1.3775136470794678, -0.29750654101371765, 0.6650402545928955, 0.9012075662612915, -0.21384114027023315, 0.5369973182678223, -0.9013985991477966, 0.47544318437576294, -1.7184886932373047, -0.8844819068908691, -1.585882544517517, 1.3450812101364136, -0.34207236766815186, 0.6955556869506836, 0.5535646080970764, 0.9223193526268005, 1.488195776939392, 0.8602390289306641, 0.7328099012374878, 2.050095796585083, 1.5036660432815552, 0.5267496109008789, 0.016391757875680923, 0.5013895034790039, 0.6704563498497009, 0.3556783199310303, 0.5479218363761902, 0.23599858582019806, -0.30231142044067383, -0.5580035448074341, -0.5581443309783936, 2.92547869682312, -0.5522015690803528, 1.2937031984329224, 0.2922908663749695, -1.0091283321380615, -0.4614478647708893, 0.7017511129379272, 0.1046520322561264, -0.20880815386772156, 0.31805336475372314, 2.3855559825897217, 0.7113685607910156, 0.05289868265390396, -2.2311646938323975, -0.1354961097240448, -0.017778992652893066, 0.4159567654132843, -0.22341419756412506, -0.2979734241962433, 2.7757961750030518, 2.9368319511413574, -0.2016242891550064, 2.5791163444519043, 0.040725745260715485, -1.2865135669708252, -1.1844218969345093, 0.505694568157196, -0.7581859230995178, -0.6457118988037109, 0.49750417470932007, -2.626877546310425, -2.1896722316741943, 1.3385637998580933, 0.2739948332309723, -2.7580928802490234, 1.7017762660980225, 0.09797997772693634, 1.289682149887085, 1.4454624652862549, 0.2942204773426056, -0.8248798847198486, -0.17336396872997284, -0.2293895035982132, 1.265062928199768, 0.35874125361442566, -0.09117363393306732, 0.16549214720726013, -0.07150888442993164, 0.4347939193248749]",yunet,Facenet,1920,1080,/home/amos/media/tv/modern_family/Modern.Family.S09.1080p.DSNP.WEB-DL.DDP5.1.H.264-CRFW/Modern.Family.S09E17.Royal.Visit.1080p.DSNP.WEB-DL.DDP5.1.H.264-CRFW.mkv,Modern Family,2009,1442437,9,17,Ed O'Neill,18977.0,0.572
126,1170,342,1350,558,1272,414,1206,414,0.909,4224,0,"[-1.1372084617614746, -1.6693342924118042, 0.8205999135971069, 0.5682401061058044, 0.5108230113983154, -0.3582218885421753, 0.46069544553756714, 1.094139814376831, -1.0452423095703125, 0.9975346326828003, 0.08225242048501968, 0.03450384736061096, -0.27232158184051514, -0.13873852789402008, 0.9782882928848267, -1.6853796243667603, 2.469248056411743, 0.1348431408405304, 0.16975541412830353, -0.46073484420776367, -0.6634092330932617, -1.8603966236114502, -0.5237080454826355, 1.4055020809173584, 1.0926575660705566, -1.953057050704956, 0.17069847881793976, 1.9585015773773193, 0.13575471937656403, -1.8051398992538452, 0.40408360958099365, 0.9847811460494995, -1.187135934829712, 0.017274945974349976, 0.15312844514846802, -0.3679669499397278, 0.5368725657463074, -0.7007222175598145, -0.8474374413490295, -0.14714041352272034, -0.6564561724662781, -0.2194594442844391, -0.2116076648235321, 0.7403495907783508, -0.5178994536399841, -0.8766499757766724, 1.1092712879180908, -0.7956757545471191, 1.1800020933151245, -0.8062736988067627, 0.551853358745575, 0.38531962037086487, -0.7702517509460449, -0.4338889718055725, 0.0848122388124466, 0.12043657153844833, -1.2326470613479614, 0.2452944815158844, -1.4581589698791504, 0.8564413785934448, -0.22616490721702576, -0.4700721502304077, 0.31212955713272095, -0.6047579050064087, 0.8174273371696472, 1.6704367399215698, 0.4504111707210541, 2.765836715698242, 1.5423657894134521, 0.3449207842350006, -0.376579612493515, -0.10720435529947281, 0.48568305373191833, 0.8163447976112366, 0.14504946768283844, 1.312483549118042, 0.49043282866477966, -0.5575165748596191, -1.0405497550964355, 2.3657519817352295, -1.0094858407974243, 2.1393332481384277, 0.11860504001379013, -1.245108723640442, -1.0230753421783447, 1.4526563882827759, 0.5356259346008301, -1.441028356552124, -0.6900531053543091, 2.638946771621704, 0.6763622164726257, 0.07460955530405045, -1.830579400062561, 0.42065516114234924, -0.20046895742416382, 0.37325340509414673, -0.7797964215278625, 0.8896585702896118, 1.991062879562378, 2.735199213027954, -1.243984580039978, 1.739763855934143, 0.44686615467071533, -1.1676822900772095, -0.7059826254844666, -0.2991219758987427, -0.5163216590881348, -0.22701600193977356, 0.8728466629981995, -2.1646625995635986, -2.718961238861084, 0.7604882717132568, 0.5218033790588379, -3.098787784576416, 0.6713768243789673, 0.6947879791259766, 1.0136483907699585, 0.516097903251648, 0.11877599358558655, 0.1181538850069046, -0.31826484203338623, -0.19198256731033325, 0.029985278844833374, -0.018385136500000954, -0.1837843507528305, 1.1818907260894775, -0.34221717715263367, -0.14602243900299072]",yunet,Facenet,1920,1080,/home/amos/media/tv/modern_family/Modern.Family.S09.1080p.DSNP.WEB-DL.DDP5.1.H.264-CRFW/Modern.Family.S09E17.Royal.Visit.1080p.DSNP.WEB-DL.DDP5.1.H.264-CRFW.mkv,Modern Family,2009,1442437,9,17,Ed O'Neill,18977.0,0.594
127,1062,366,1248,606,1176,462,1098,462,0.92,4248,0,"[-0.1213357150554657, -1.495768666267395, 0.6832238435745239, 0.28339311480522156, 0.43330904841423035, 0.13877440989017487, 0.19960550963878632, 1.4839551448822021, -0.5652481913566589, 0.3912269175052643, 0.17637324333190918, 0.06551413983106613, -0.3817378878593445, -0.13453879952430725, 1.0489150285720825, -1.7195569276809692, 2.6019320487976074, 0.29953503608703613, 0.3772548735141754, 0.14722156524658203, -0.8199806213378906, -1.006714105606079, -0.36553671956062317, 1.1772493124008179, 1.8273056745529175, -1.4600403308868408, -0.13662263751029968, 1.7321436405181885, 0.5557499527931213, -1.8854063749313354, 0.19916893541812897, 1.2865591049194336, -1.4307692050933838, 0.21479308605194092, 0.05099886655807495, -0.2589097321033478, 0.9997109174728394, 0.37685829401016235, -1.1495602130889893, 0.3162650167942047, -0.8673153519630432, 0.0057798828929662704, -0.43637940287590027, 0.8501777648925781, -0.6530585885047913, -0.49791795015335083, 0.6474723815917969, -0.7978731393814087, 1.5716581344604492, -0.3630872070789337, 0.9980000853538513, 0.06848092377185822, -0.5445802211761475, -0.5887769460678101, 0.3268146812915802, 0.007952340878546238, -1.724575400352478, -0.14420270919799805, -1.810634732246399, 1.2016428709030151, -0.013683609664440155, -0.027984146028757095, -0.37670719623565674, -1.16868257522583, 0.46087053418159485, 1.6761155128479004, 0.22835037112236023, 2.7399044036865234, 1.4593675136566162, 0.08498784899711609, -0.13276533782482147, 0.09260901808738708, 0.01732518896460533, 0.4405200481414795, 0.6643030643463135, 1.3347736597061157, 0.18639865517616272, -0.6865264177322388, -1.4482289552688599, 2.928861618041992, -1.3502185344696045, 1.9359312057495117, 0.11463671177625656, -1.0636751651763916, -0.713399350643158, 1.6301839351654053, 0.5218192338943481, -1.4724668264389038, 0.3820936381816864, 1.7385410070419312, 0.5373459458351135, -0.06271078437566757, -1.9046125411987305, 0.109653040766716, 0.20404449105262756, 0.4119616746902466, -0.6338748931884766, 0.6536659598350525, 2.0299248695373535, 2.184974431991577, -0.06231246143579483, 1.6111594438552856, -0.12000621855258942, -1.7412701845169067, -1.1253198385238647, -0.001720275729894638, -0.04553486779332161, -0.9050633907318115, 1.3621867895126343, -2.1307473182678223, -2.6931378841400146, 0.5248292684555054, 0.09573695063591003, -3.740685224533081, 0.8035012483596802, 0.7349529266357422, 0.1869811862707138, 0.5770832896232605, 0.09608658403158188, -0.18241024017333984, -0.035233765840530396, 0.1107550859451294, 0.04894920065999031, -0.3180379271507263, -0.2520749568939209, 1.3277093172073364, -0.838047444820404, 0.1439056098461151]",yunet,Facenet,1920,1080,/home/amos/media/tv/modern_family/Modern.Family.S09.1080p.DSNP.WEB-DL.DDP5.1.H.264-CRFW/Modern.Family.S09E17.Royal.Visit.1080p.DSNP.WEB-DL.DDP5.1.H.264-CRFW.mkv,Modern Family,2009,1442437,9,17,Ed O'Neill,18977.0,0.658
128,1122,324,1320,576,1230,420,1158,420,0.922,4272,0,"[1.0028918981552124, -1.2091937065124512, -0.09064362943172455, -0.4073501527309418, 0.5638282299041748, 0.9543933272361755, -0.6927333474159241, 2.8072941303253174, 0.6254289746284485, 0.42170098423957825, -0.7353072762489319, -0.32155993580818176, -1.030860185623169, 0.7552218437194824, -0.45364364981651306, -2.279958724975586, 1.2218314409255981, -0.7480520606040955, 0.49998101592063904, -0.6969588994979858, -1.4043751955032349, -0.39179250597953796, -0.4477943480014801, 1.4992986917495728, 1.066773533821106, -2.6088662147521973, 0.07984665781259537, 1.1516259908676147, -0.10768905282020569, -2.503094434738159, -0.5237853527069092, 0.33568987250328064, -0.36512070894241333, 0.005908191204071045, -0.5054675936698914, 1.3969122171401978, -0.21376845240592957, -0.40118408203125, -0.8025136590003967, -0.4412667751312256, -0.39380356669425964, -0.31862905621528625, -1.6618268489837646, -0.26766932010650635, 0.5524884462356567, -1.0278754234313965, 0.15915296971797943, 0.6647486686706543, 1.079353928565979, -1.0362498760223389, 0.054993730038404465, 0.1525673270225525, -0.6078130602836609, -0.4778900146484375, -0.4253564178943634, 0.8514008522033691, -0.9611191749572754, -1.4154331684112549, -1.1647677421569824, 0.9360649585723877, -0.911284863948822, 0.6071995496749878, 0.006393354386091232, -0.479557603597641, 1.3059536218643188, 1.7433159351348877, 0.2351534068584442, 2.496558427810669, 1.3486392498016357, -0.44079896807670593, -1.0588682889938354, 0.7460687160491943, -1.3204288482666016, 0.2917136549949646, 0.6039897203445435, 0.24659030139446259, -1.0459190607070923, -1.011896014213562, -0.23077073693275452, 2.201655626296997, -0.5978891253471375, 1.2119609117507935, 1.212913990020752, -1.4401885271072388, 0.3202691674232483, 0.5833208560943604, 0.5788736343383789, 0.13619346916675568, 1.290041208267212, 1.9567248821258545, 0.5698584318161011, 0.7795363068580627, -1.5118335485458374, 0.8356203436851501, 0.09410256892442703, 0.5621919631958008, -0.9902032017707825, -0.439002126455307, 2.2528414726257324, 4.095117568969727, -0.4313209652900696, 1.352842926979065, -0.4357832074165344, -1.0724713802337646, -1.0519994497299194, 0.3374103307723999, -0.31762704253196716, -0.0369093120098114, 0.6494482159614563, -2.194706916809082, -1.3670772314071655, -0.3644857406616211, -1.4531184434890747, -2.2245702743530273, 0.29804039001464844, 1.2389041185379028, 0.8903099298477173, 1.4594571590423584, 0.7167706489562988, -0.5966724753379822, -0.2912009358406067, 1.2337555885314941, -0.8056003451347351, -0.09281889349222183, 0.3408104181289673, 0.6081279516220093, -0.795886218547821, -0.9780147075653076]",yunet,Facenet,1920,1080,/home/amos/media/tv/modern_family/Modern.Family.S09.1080p.DSNP.WEB-DL.DDP5.1.H.264-CRFW/Modern.Family.S09E17.Royal.Visit.1080p.DSNP.WEB-DL.DDP5.1.H.264-CRFW.mkv,Modern Family,2009,1442437,9,17,Ed O'Neill,18977.0,0.573
129,1152,354,1350,618,1272,456,1194,456,0.919,4296,0,"[0.22896409034729004, -1.2396676540374756, 0.4274072051048279, -0.09068179130554199, 0.43538981676101685, -0.05382207781076431, -0.04775892570614815, 1.5994638204574585, -0.6891980171203613, 0.835810124874115, -0.011882506310939789, 0.7622723579406738, -0.28045302629470825, -0.5913084745407104, 1.268243432044983, -0.8967415690422058, 2.370753288269043, 0.45706605911254883, 1.0921924114227295, -0.2036658674478531, -1.290391445159912, -1.2786325216293335, -1.3677520751953125, 1.4923921823501587, 1.26799476146698, -2.2837753295898438, -0.07379083335399628, 2.3681907653808594, 0.10604429244995117, -2.028822183609009, 0.037553928792476654, 0.8860326409339905, -1.0481213331222534, 0.3390924036502838, -0.1827109009027481, -0.32142695784568787, 0.3253858685493469, -0.3900164067745209, -1.3119163513183594, 0.13261952996253967, -0.9135376214981079, 0.42049911618232727, -0.09552957117557526, 1.3591042757034302, 0.051705069839954376, -1.4394116401672363, -0.03431249409914017, 0.4478279650211334, 1.9729129076004028, -0.5697246789932251, 0.9574888944625854, -0.0035606101155281067, -0.8604559898376465, 0.5824711918830872, 0.3611063063144684, 0.22235478460788727, -1.428993821144104, -0.24347332119941711, -2.201643466949463, 1.538111925125122, -0.49055853486061096, 0.6937113404273987, 0.10660270601511002, -0.07071433961391449, 1.07635498046875, 1.7886778116226196, -0.06581183522939682, 1.934192419052124, 1.1712582111358643, -0.22810648381710052, -0.5779176950454712, -0.1603979766368866, 0.02425355650484562, 0.7732003331184387, 0.6802475452423096, 0.4285167157649994, -0.5788800716400146, -0.48641282320022583, -0.606667160987854, 2.748004913330078, -0.95632404088974, 1.6864515542984009, 0.13427242636680603, -1.7706079483032227, -0.8380314707756042, 0.6527458429336548, 0.3775608539581299, -0.9237808585166931, 0.4624495208263397, 1.6871603727340698, 0.32364365458488464, 0.6141401529312134, -1.7497671842575073, 0.15688416361808777, 0.7057153582572937, -0.07301196455955505, -1.129351258277893, -0.5481953620910645, 1.776062250137329, 3.0992772579193115, -0.015193110331892967, 1.8617762327194214, -0.43664318323135376, -1.1050573587417603, -0.6259317398071289, -0.2103072851896286, -0.5261158347129822, -1.1563465595245361, 0.67759770154953, -2.5272159576416016, -2.284993886947632, 0.17672230303287506, -0.5575429201126099, -2.8998591899871826, -0.0039560552686452866, 0.7592500448226929, 0.7318699359893799, 1.162992000579834, 0.37044456601142883, -0.09221555292606354, -0.6326305270195007, 0.17985177040100098, 0.6512500047683716, -0.17266055941581726, 0.174530029296875, 1.265964150428772, -0.3316156566143036, -0.43669477105140686]",yunet,Facenet,1920,1080,/home/amos/media/tv/modern_family/Modern.Family.S09.1080p.DSNP.WEB-DL.DDP5.1.H.264-CRFW/Modern.Family.S09E17.Royal.Visit.1080p.DSNP.WEB-DL.DDP5.1.H.264-CRFW.mkv,Modern Family,2009,1442437,9,17,Ed O'Neill,18977.0,0.672
130,720,48,936,348,912,150,822,156,0.902,4344,0,"[0.07681378722190857, -1.8442611694335938, 0.8879818916320801, 0.5940921306610107, -0.46511930227279663, -0.6145386695861816, -0.12085848301649094, 0.2930048406124115, -0.36856138706207275, -0.19731126725673676, -1.2836651802062988, 0.6247843503952026, -1.8499748706817627, -0.6761995553970337, 0.3293647766113281, -0.24114903807640076, 1.0767046213150024, 0.7075671553611755, 2.1197805404663086, -1.0347317457199097, -1.2382128238677979, -0.7842901945114136, 0.41766443848609924, -0.8794931769371033, 1.755200743675232, -1.1254405975341797, 1.0068211555480957, 2.5361104011535645, 1.7463492155075073, 0.23286263644695282, -2.4734368324279785, 2.3091468811035156, -2.215852737426758, 0.47667717933654785, -0.428639680147171, -1.4956856966018677, 0.059849612414836884, 1.1579413414001465, -1.461132287979126, -1.435507893562317, -0.9116384387016296, -0.4624682664871216, -0.8285187482833862, 1.6746487617492676, 0.7610639333724976, -0.6774981021881104, -1.058790922164917, -1.150598406791687, 0.26111477613449097, 1.322330355644226, 1.0487762689590454, -0.3874065577983856, 0.3115852177143097, 0.821661651134491, 0.2492779791355133, -0.4614270329475403, -1.2578980922698975, 0.56939697265625, -2.346336841583252, 1.058938980102539, -1.3545777797698975, 0.10182401537895203, -0.11234402656555176, -0.8093962073326111, -0.817081868648529, 2.607757568359375, 0.22544842958450317, 1.2297382354736328, 0.17153221368789673, -0.6682411432266235, -0.5586116909980774, -1.3589766025543213, 0.03641526401042938, 1.0631072521209717, 0.23739400506019592, 1.4998406171798706, -1.588675618171692, -0.04447201266884804, 0.21619439125061035, 1.0367777347564697, 0.19751900434494019, 2.8488402366638184, -0.14815393090248108, -1.6086753606796265, -1.297549843788147, -0.8507513999938965, 1.40501070022583, -0.14113867282867432, -0.7975407838821411, 1.018856406211853, 0.2842855155467987, -0.4040561318397522, -1.331646203994751, -1.129727840423584, 0.08660233020782471, -0.3727920353412628, -1.2756768465042114, -0.20611101388931274, 1.1900503635406494, 1.2310171127319336, -0.9996784329414368, 0.1468721330165863, 0.2999255657196045, -0.8315964937210083, 0.14665687084197998, -0.2723337411880493, 0.24356919527053833, -0.17409144341945648, 0.6425954103469849, -1.8361117839813232, -0.8247678875923157, -0.9853809475898743, -0.32178017497062683, -2.0992166996002197, 0.36062341928482056, -0.020749513059854507, 0.7235403060913086, 1.0664808750152588, -0.37615853548049927, -0.5005530714988708, 0.8116070628166199, 0.2225233018398285, 0.5368956923484802, 0.9790662527084351, 0.8460812568664551, 1.8928431272506714, -0.824861466884613, 0.39874327182769775]",yunet,Facenet,1920,1080,/home/amos/media/tv/modern_family/Modern.Family.S09.1080p.DSNP.WEB-DL.DDP5.1.H.264-CRFW/Modern.Family.S09E17.Royal.Visit.1080p.DSNP.WEB-DL.DDP5.1.H.264-CRFW.mkv,Modern Family,2009,1442437,9,17,Ed O'Neill,18977.0,0.73
131,558,42,798,366,762,150,678,156,0.911,4368,0,"[-0.32326287031173706, -0.7019331455230713, 0.878045916557312, 0.021407119929790497, 0.16311460733413696, 0.5384370684623718, -0.08276505768299103, 1.134187936782837, -0.27192625403404236, 0.45688164234161377, -0.7037985920906067, 1.7327631711959839, -2.2835428714752197, 0.4204416573047638, 0.5770410895347595, 0.025418080389499664, 1.1830929517745972, 0.8062065839767456, 1.952128291130066, -1.5309600830078125, -1.3120856285095215, -1.0009732246398926, -0.06222132220864296, -1.4087343215942383, 1.57118558883667, -1.2635859251022339, -0.1305755078792572, 2.228199005126953, 0.21229512989521027, -0.5504617094993591, -2.5229620933532715, 2.044745445251465, -2.856873035430908, -0.2831408381462097, 0.7406339645385742, -1.404213309288025, -0.1924421489238739, 1.1963880062103271, -1.1809039115905762, -1.1838186979293823, -1.3778772354125977, -0.0014967592433094978, -0.24483630061149597, 1.9400696754455566, 0.6775752902030945, -0.7921346426010132, -0.997622549533844, -0.7698351144790649, 0.9807174801826477, 2.5356249809265137, 0.577716588973999, 0.6000243425369263, 0.9038057923316956, -0.056687600910663605, 0.46523815393447876, -0.9842745065689087, -1.4553325176239014, 0.1540469080209732, -1.5181621313095093, 0.7018596529960632, -1.089007019996643, 0.7921590805053711, 0.6929680109024048, -0.526562511920929, -0.10557983070611954, 1.6571391820907593, -0.8319288492202759, 1.9118461608886719, 1.0231246948242188, -0.4956410527229309, -1.0994352102279663, -1.3346556425094604, -0.7744686603546143, 0.47286075353622437, 0.2914442718029022, 0.730247974395752, -1.2669011354446411, -0.3031228184700012, -0.449187695980072, 1.1846299171447754, 0.7006211876869202, 1.51335871219635, -1.0576307773590088, -1.2467633485794067, -1.3544901609420776, -0.6223238706588745, 1.036680817604065, -0.05595555528998375, -1.3537689447402954, 1.0748767852783203, 0.35644400119781494, -0.6306047439575195, -0.8080762028694153, -1.4844478368759155, 0.14547231793403625, 0.5164080262184143, -0.7018311619758606, -0.08242787420749664, 1.0224041938781738, 2.165018320083618, -1.523542046546936, 0.5740033984184265, -0.18530386686325073, -1.5466023683547974, -0.4672721028327942, -0.9535667896270752, -0.2830020785331726, -0.0844905823469162, 0.49930310249328613, -1.2932301759719849, -0.39416444301605225, -0.530353844165802, -0.00040333718061447144, -1.2432022094726562, 0.3608771562576294, 0.08903902769088745, 0.8708691596984863, 1.4903185367584229, 0.009652644395828247, -0.1747996062040329, -0.21161039173603058, -0.5671265125274658, 0.9076931476593018, 1.1275980472564697, 0.8052905201911926, 0.7650630474090576, -0.6144813895225525, 0.5214342474937439]",yunet,Facenet,1920,1080,/home/amos/media/tv/modern_family/Modern.Family.S09.1080p.DSNP.WEB-DL.DDP5.1.H.264-CRFW/Modern.Family.S09E17.Royal.Visit.1080p.DSNP.WEB-DL.DDP5.1.H.264-CRFW.mkv,Modern Family,2009,1442437,9,17,Ed O'Neill,18977.0,0.634
132,984,126,1230,450,1152,246,1032,240,0.918,4440,0,"[-0.12861518561840057, 0.24707558751106262, 0.7245047092437744, -2.0683486461639404, -0.24102912843227386, 0.5348623394966125, -0.9464021325111389, 0.0367797315120697, 0.6927599310874939, 1.6488666534423828, -0.010047845542430878, 1.84049654006958, -0.34614282846450806, -1.4884440898895264, -0.24919453263282776, 0.8745547533035278, -0.7304939031600952, -0.8126692175865173, -0.025832392275333405, -0.033378083258867264, 2.8463966846466064, 0.5106691718101501, -0.00015367567539215088, -0.38603413105010986, -0.02381208911538124, 0.1747473031282425, -0.6378636360168457, -0.20025566220283508, 2.5867726802825928, -1.6312966346740723, -0.4566468894481659, -0.6359474658966064, 2.063572883605957, -0.35639145970344543, 2.2729272842407227, 0.7315474152565002, -1.6377017498016357, -0.0247926265001297, 0.639302670955658, -1.5140101909637451, -1.4479002952575684, 1.6422089338302612, -0.6819560527801514, -0.4848155975341797, -3.1351537704467773, -0.20134663581848145, -1.3466023206710815, -0.5371963977813721, -2.5664618015289307, 0.13335058093070984, -0.4965283274650574, -0.2498864382505417, 0.8014456033706665, 0.9308741092681885, 0.9889344573020935, 0.08993320167064667, -0.0971192866563797, -0.8879877924919128, -1.3500583171844482, -1.0889209508895874, -0.7121699452400208, -1.1863514184951782, -1.2447012662887573, -1.225762128829956, 0.1552872657775879, 0.6825090646743774, 0.4128692150115967, -0.019935905933380127, 1.2112983465194702, 0.48441800475120544, 0.304502010345459, 0.056614190340042114, -1.7230632305145264, -0.3390617370605469, 0.8641021251678467, 0.4904426336288452, 0.6046692132949829, -0.7799749374389648, 1.3797558546066284, -0.21822434663772583, 1.1781402826309204, -1.272356390953064, 0.35657280683517456, -0.23675431311130524, 1.2694315910339355, -0.5487836599349976, 0.7194910049438477, 0.012044541537761688, 1.0624624490737915, 1.7344030141830444, -1.547789216041565, 0.2441728711128235, -0.128936305642128, 0.4366748332977295, 0.024682853370904922, 0.9815064072608948, -1.569053053855896, -0.5096177458763123, 0.40101292729377747, -1.4749466180801392, 0.06879197061061859, -0.7418074011802673, -1.1346596479415894, 1.1948710680007935, 1.1148585081100464, 0.579512894153595, 0.5058327317237854, -0.8707239627838135, 0.911608099937439, 0.9048493504524231, 2.3279688358306885, -0.1591581255197525, -1.0486072301864624, 0.9199678301811218, 0.6422688364982605, 0.4056943655014038, -0.6362212896347046, 0.1424112766981125, 1.854891061782837, -1.3829745054244995, 0.889955997467041, -0.7346541881561279, -1.1303268671035767, 1.2981736660003662, 1.7701148986816406, 0.3409329354763031, 0.5569117069244385, 0.8060889840126038]",yunet,Facenet,1920,1080,/home/amos/media/tv/modern_family/Modern.Family.S09.1080p.DSNP.WEB-DL.DDP5.1.H.264-CRFW/Modern.Family.S09E17.Royal.Visit.1080p.DSNP.WEB-DL.DDP5.1.H.264-CRFW.mkv,Modern Family,2009,1442437,9,17,Sofía Vergara,63522.0,0.798
133,798,138,1044,480,1008,270,942,270,0.902,4464,0,"[-0.7572031021118164, -0.47283995151519775, 0.4481767416000366, 0.41239169239997864, 0.06942909955978394, -0.2893189489841461, -0.2059769630432129, 0.7379768490791321, -0.5444419384002686, 0.13360391557216644, 0.32364052534103394, 1.4343230724334717, -1.6651101112365723, 0.9579129219055176, -0.31757527589797974, -0.5072336196899414, 0.3674355745315552, 0.47926533222198486, 1.4575709104537964, -1.2107264995574951, -1.5658410787582397, -0.9848027229309082, -1.4179470539093018, -0.902900218963623, 1.4488415718078613, -2.8343544006347656, 0.08431822061538696, 2.217604637145996, 0.024953223764896393, -0.09657954424619675, -1.5822269916534424, 1.6990652084350586, -1.506630778312683, 0.03131260722875595, -0.6731090545654297, -0.45788469910621643, 0.1862146556377411, 0.12015673518180847, -1.2329537868499756, -1.1315120458602905, 0.1704980880022049, -0.2873024046421051, -0.6148989200592041, 2.43591570854187, 0.16229243576526642, -1.3594964742660522, -1.1355751752853394, -0.733711838722229, 0.5369046330451965, 1.1674964427947998, 0.2319910079240799, 0.7535452246665955, 0.2438349723815918, 0.09847266972064972, -0.45005062222480774, 0.5906540155410767, -1.2040847539901733, -0.5725092887878418, -1.4325014352798462, 0.14612260460853577, -1.123719573020935, 1.3692272901535034, 0.33360037207603455, -1.0287792682647705, 0.25538700819015503, 2.166826009750366, -0.5684484243392944, 1.6341947317123413, 0.016471590846776962, -0.5662539005279541, -0.5297284126281738, -1.0112180709838867, -0.35306107997894287, 0.7770775556564331, -0.1714254468679428, 0.8009090423583984, -0.21762335300445557, -0.22795803844928741, -0.44756197929382324, 1.7313772439956665, 1.1563987731933594, 1.5096747875213623, -0.7567974328994751, -0.4658636748790741, 0.05857052654027939, -0.2664104700088501, 0.36138737201690674, 0.9120365381240845, -0.6775534152984619, 1.7221451997756958, 0.4088476598262787, -0.29435744881629944, -0.2645114064216614, -0.31696945428848267, -0.4913281202316284, 0.34576159715652466, -0.06768685579299927, -0.6136097311973572, 1.091498851776123, 2.0906457901000977, -2.193899393081665, 0.588507890701294, 0.6277613043785095, -2.2213621139526367, -0.16027763485908508, -0.6550012230873108, 0.48149949312210083, 0.5349343419075012, 0.3303244709968567, -1.1040292978286743, -0.11584798991680145, -0.24561481177806854, 0.004626825451850891, -1.5110089778900146, 0.32158711552619934, 0.2243499755859375, 1.80430269241333, 1.5995979309082031, -0.15478947758674622, 0.18042223155498505, -0.36140453815460205, 0.27074629068374634, 1.2151341438293457, 1.0474159717559814, 1.448490023612976, 1.0469574928283691, -1.0647400617599487, 0.9187236428260803]",yunet,Facenet,1920,1080,/home/amos/media/tv/modern_family/Modern.Family.S09.1080p.DSNP.WEB-DL.DDP5.1.H.264-CRFW/Modern.Family.S09E17.Royal.Visit.1080p.DSNP.WEB-DL.DDP5.1.H.264-CRFW.mkv,Modern Family,2009,1442437,9,17,Ed O'Neill,18977.0,0.658
134,834,72,1068,384,1038,186,954,192,0.904,4584,0,"[-0.11582915484905243, -0.5836007595062256, 0.9271236062049866, 0.18851381540298462, -0.7849699258804321, 0.3321099281311035, -0.46325552463531494, 0.3515344560146332, 0.32666873931884766, -0.5218104720115662, -0.8121084570884705, 1.20035982131958, -1.927108645439148, 0.8499448299407959, -0.20279139280319214, -0.8891022801399231, 0.06760387867689133, 1.609760046005249, 1.7414276599884033, -0.4403349757194519, -0.8815715312957764, -0.8587836027145386, -0.11335406452417374, -1.7058279514312744, 2.9741241931915283, -1.4609193801879883, -0.4448687732219696, 2.204794406890869, 0.34879130125045776, -0.5967082977294922, -2.109015941619873, 1.8992279767990112, -1.9569250345230103, 0.3033188283443451, 0.17780998349189758, -0.7759912610054016, -0.029139192774891853, -0.007627233862876892, -1.7064590454101562, -0.7342180013656616, -0.35362398624420166, 0.2085660994052887, 0.19213023781776428, 2.4207828044891357, 0.2565039098262787, -1.6552612781524658, -2.0282979011535645, -0.8324710130691528, 0.21584905683994293, 0.8887993097305298, 1.5436128377914429, -0.3370246887207031, 0.5394120216369629, -0.31019139289855957, 0.2943175137042999, -0.9084261059761047, -0.9471607208251953, -0.18598954379558563, -1.7055600881576538, 0.10769859701395035, 0.5500336289405823, 1.1155803203582764, -0.6037695407867432, -1.260527491569519, -0.4919721782207489, 2.403413772583008, -0.2360982596874237, 1.3245519399642944, -0.18572726845741272, -0.25123709440231323, -0.11223814636468887, -1.128651738166809, 0.6258339881896973, 0.15308216214179993, 0.3987119197845459, 1.0812608003616333, 0.6899913549423218, 0.5351688861846924, 0.14955532550811768, 1.8451284170150757, 0.7940542697906494, 2.567844867706299, -0.6996886134147644, -0.6678828001022339, -0.8631953001022339, -0.9365912675857544, 0.8790413737297058, -0.9324671626091003, 0.0031124576926231384, 1.5134564638137817, 0.19981877505779266, -0.6839602589607239, -2.0827670097351074, -0.6016467213630676, -0.9821498394012451, 0.17671987414360046, -0.8731919527053833, -0.20730870962142944, 0.4296254515647888, 1.2535728216171265, -0.616786539554596, 0.027559861540794373, 0.01597817987203598, -1.940861701965332, -0.301965594291687, -0.7113268971443176, 0.3706960678100586, -0.3179740905761719, 0.7068281769752502, -0.8243446946144104, -0.3725356459617615, -0.17090418934822083, 0.3267313241958618, -1.705747127532959, 0.8270791172981262, 0.506868839263916, 0.9767200946807861, 0.7739160060882568, 0.005440041422843933, -0.1677713394165039, 0.6443942189216614, -0.29096534848213196, 0.774495005607605, 1.425349473953247, 1.950522541999817, 0.4804287850856781, -0.4841792583465576, 0.8059541583061218]",yunet,Facenet,1920,1080,/home/amos/media/tv/modern_family/Modern.Family.S09.1080p.DSNP.WEB-DL.DDP5.1.H.264-CRFW/Modern.Family.S09E17.Royal.Visit.1080p.DSNP.WEB-DL.DDP5.1.H.264-CRFW.mkv,Modern Family,2009,1442437,9,17,Ed O'Neill,18977.0,0.588
135,924,156,1080,366,1020,240,960,240,0.914,4704,0,"[0.24697555601596832, 0.9393932819366455, 1.3153690099716187, 0.026434607803821564, -0.8432702422142029, 0.38408225774765015, -0.3314136862754822, 0.2752659022808075, -0.9016953110694885, -0.4305132031440735, -0.019753068685531616, 1.0221819877624512, 0.8713544011116028, -0.49598562717437744, -1.9357059001922607, 0.645740807056427, -0.27979955077171326, -0.14650964736938477, -0.49518322944641113, 1.1061068773269653, -1.366254210472107, 2.9016363620758057, -1.1426899433135986, -0.06235872209072113, -0.9907738566398621, 1.8018262386322021, -2.382380485534668, 2.457797050476074, 1.5068867206573486, -1.9371466636657715, -0.39999592304229736, -0.4755059480667114, -0.14967572689056396, -1.2648675441741943, 0.9865885376930237, 0.2202129065990448, 0.7979824542999268, -0.7443111538887024, -0.030665874481201172, 0.12218537926673889, 0.044316232204437256, 0.21189285814762115, -0.8921447992324829, 0.3421339988708496, 0.3531891405582428, 0.39014413952827454, 0.9023594260215759, -0.4928787648677826, 0.23682890832424164, -1.3001701831817627, 0.7747240662574768, -1.0699145793914795, -1.0889058113098145, -1.3777393102645874, -0.6341793537139893, 0.887088418006897, 0.5787614583969116, 0.7258573174476624, 0.38766950368881226, 0.13636764883995056, 0.7576065063476562, -0.3166294991970062, -0.4087078273296356, 0.3294568657875061, -0.8887965679168701, 2.4951343536376953, 1.9337315559387207, 0.9339797496795654, 3.2370784282684326, -0.08820349723100662, -0.21098218858242035, 0.86488938331604, -1.0338258743286133, 1.4532439708709717, 0.6830957531929016, 1.1711219549179077, -0.20514610409736633, 1.2526260614395142, 1.632596731185913, 1.4686119556427002, -0.1809282898902893, -1.7782890796661377, -0.12871994078159332, -0.23702694475650787, -0.2810198664665222, -1.6645708084106445, 0.38340339064598083, 0.09450693428516388, 0.27577289938926697, 0.24257980287075043, 0.2647802233695984, -1.5215163230895996, -0.23833976686000824, -0.788976788520813, 0.1759559065103531, -0.9324067234992981, 0.8478610515594482, 0.2770633399486542, 1.2450916767120361, -0.9556530714035034, -0.5038392543792725, 0.683197021484375, -1.4255033731460571, 0.7778711915016174, -0.8889572620391846, 1.579075574874878, 1.0388249158859253, -1.7323871850967407, -0.8719969391822815, 0.7585812211036682, 0.8606815934181213, 2.0362040996551514, 0.15787552297115326, 0.21828708052635193, 0.8068724870681763, 2.2786495685577393, 0.062049925327301025, -0.8105800151824951, -0.27485108375549316, -0.3488999307155609, -0.14830726385116577, 1.0281237363815308, -0.3196050524711609, 0.3839344382286072, 1.0840106010437012, -1.0543979406356812, 0.014319246634840965, -0.6770235896110535]",yunet,Facenet,1920,1080,/home/amos/media/tv/modern_family/Modern.Family.S09.1080p.DSNP.WEB-DL.DDP5.1.H.264-CRFW/Modern.Family.S09E17.Royal.Visit.1080p.DSNP.WEB-DL.DDP5.1.H.264-CRFW.mkv,Modern Family,2009,1442437,9,17,Ty Burrell,15232.0,0.707
136,1026,162,1182,372,1122,252,1050,252,0.918,4728,0,"[-0.27253827452659607, -0.05047061666846275, 1.039786458015442, 0.5276578664779663, -0.30807915329933167, 0.3834962546825409, -0.9630088806152344, 0.23523394763469696, -0.11776883900165558, -0.42163515090942383, 0.4643842577934265, 0.9147904515266418, 0.7085605263710022, -0.29740333557128906, -1.8998724222183228, 0.03202011436223984, -0.3120855391025543, 0.0967492014169693, -1.114813208580017, 1.3813928365707397, -1.2963060140609741, 2.3139305114746094, -0.5210615396499634, 0.10928915441036224, -0.6401552557945251, 1.585573434829712, -1.9784457683563232, 2.254150390625, 1.8350789546966553, -1.7885181903839111, 0.3763050138950348, -0.5616396069526672, -0.016742713749408722, -1.9023810625076294, 0.752381443977356, 0.4483546316623688, 0.4311368465423584, -0.4782260060310364, -0.00010158121585845947, 0.09791436046361923, 0.41103988885879517, 0.22637039422988892, -0.7890468835830688, -0.6134628057479858, 1.479640007019043, 0.27341243624687195, 0.21965086460113525, -0.22141389548778534, 1.3849815130233765, -0.654790997505188, 0.549009382724762, -1.0744775533676147, -0.44148650765419006, -1.7826305627822876, -1.2037519216537476, 1.2922353744506836, 0.6038733124732971, 0.3261493444442749, 1.075939416885376, 0.3147294819355011, 1.198835849761963, 0.3055902123451233, -0.00995858758687973, 0.9226604700088501, -1.2027720212936401, 2.5214345455169678, 2.183786630630493, 0.7398633360862732, 3.266026020050049, -0.0701545998454094, -1.0396901369094849, 0.7778300046920776, -0.739957332611084, 1.1536673307418823, 0.4044061005115509, -0.43494150042533875, -0.04550551623106003, 0.7002758979797363, 0.7313024997711182, 1.3785067796707153, -0.767786979675293, -1.9695552587509155, 0.24626678228378296, 0.0013172309845685959, -0.6939176917076111, -1.4535797834396362, 0.23611392080783844, 0.43656355142593384, 0.13879621028900146, -0.11205549538135529, 0.5269954204559326, -0.9547954201698303, -0.5724212527275085, -0.17193642258644104, 0.39833152294158936, -1.0733431577682495, 0.945103108882904, 0.2801550328731537, 0.8526824712753296, -0.6739845275878906, -0.4515450596809387, 0.8359503746032715, -0.5461791753768921, 0.7586367726325989, -0.07859215885400772, 2.031026601791382, 1.4028910398483276, -1.6628787517547607, -0.8701823949813843, 0.5006818771362305, 1.383151650428772, 1.8728479146957397, -0.10481050610542297, 0.5266003608703613, 1.2224721908569336, 2.4476869106292725, 0.3004094660282135, -0.31492194533348083, -0.753044068813324, -0.5056295990943909, -0.2243175059556961, 0.8190349340438843, 0.16209730505943298, 0.0010405685752630234, 0.5811002850532532, -1.662158727645874, 0.037282705307006836, -0.6231796145439148]",yunet,Facenet,1920,1080,/home/amos/media/tv/modern_family/Modern.Family.S09.1080p.DSNP.WEB-DL.DDP5.1.H.264-CRFW/Modern.Family.S09E17.Royal.Visit.1080p.DSNP.WEB-DL.DDP5.1.H.264-CRFW.mkv,Modern Family,2009,1442437,9,17,Ty Burrell,15232.0,0.611
137,1200,138,1350,336,1284,216,1224,216,0.926,4752,0,"[0.30763524770736694, -0.16591843962669373, 0.28647470474243164, 0.2850576341152191, -0.6270725131034851, 0.299407035112381, -1.0492095947265625, -0.38000452518463135, 0.19944652915000916, -0.4417110085487366, 0.7533964514732361, 1.3206548690795898, 0.6815899610519409, -0.12702971696853638, -1.0721757411956787, 0.35148346424102783, -0.4710167348384857, 0.08743467926979065, -1.0264005661010742, 1.5715467929840088, -1.4795472621917725, 2.0194802284240723, -0.7341801524162292, 0.09854310005903244, -0.566077709197998, 1.4350017309188843, -1.9282091856002808, 2.139829158782959, 1.48755943775177, -1.0507780313491821, 0.7592196464538574, -0.21868504583835602, -0.49075549840927124, -1.358758807182312, 0.6903568506240845, 0.8310665488243103, 0.5303958058357239, -0.4912670850753784, 0.30995190143585205, 0.9962465763092041, 0.5316128730773926, 0.24044740200042725, -0.6530393362045288, -1.3795287609100342, 1.6413638591766357, -0.3860947787761688, 0.2751442492008209, -0.2996066212654114, 1.3799649477005005, -1.1347280740737915, 0.6714249849319458, -1.8743689060211182, -1.067830204963684, -1.480022668838501, -1.198113203048706, 0.36154302954673767, 1.0063366889953613, 1.7420352697372437, 0.8179622888565063, -0.5207076668739319, 1.0352861881256104, 0.02186001092195511, 0.10965896397829056, 0.30342766642570496, -0.8977633714675903, 2.0788373947143555, 2.4554545879364014, 1.0752995014190674, 2.483015298843384, -0.5273408889770508, -0.3016403615474701, 0.5470576286315918, -0.513451337814331, 1.5456410646438599, 0.0765322744846344, -0.5708449482917786, 0.40901729464530945, 0.7850362062454224, 0.3909054398536682, 1.1772146224975586, -0.9118019342422485, -2.046466112136841, 0.3053853511810303, -0.1859629899263382, -2.0364317893981934, -1.2187273502349854, 0.006124572828412056, 0.8500661253929138, 0.19518938660621643, -0.5965600609779358, 0.9578453898429871, -1.7893248796463013, -0.37873315811157227, -0.544121503829956, 0.21367257833480835, -0.8593854904174805, 0.6354683637619019, 0.5535376071929932, 0.9341015815734863, -0.07569122314453125, -0.876172661781311, 1.0981725454330444, -0.76331627368927, 0.00834549032151699, -0.3281201422214508, 1.6932153701782227, 1.633911371231079, -1.9114964008331299, -0.25800490379333496, 0.7287721037864685, 1.0979814529418945, 1.9061325788497925, 0.376634806394577, -0.6526122093200684, 1.7528693675994873, 2.2944934368133545, 0.3413642346858978, -0.25942185521125793, -0.5012283325195312, -0.162580206990242, -1.2178640365600586, 1.3573275804519653, 1.135160207748413, -0.7390515804290771, 1.1013555526733398, -0.9929611086845398, -0.2527104318141937, -0.6753582954406738]",yunet,Facenet,1920,1080,/home/amos/media/tv/modern_family/Modern.Family.S09.1080p.DSNP.WEB-DL.DDP5.1.H.264-CRFW/Modern.Family.S09E17.Royal.Visit.1080p.DSNP.WEB-DL.DDP5.1.H.264-CRFW.mkv,Modern Family,2009,1442437,9,17,Ty Burrell,15232.0,0.622
138,1278,126,1416,306,1356,204,1296,204,0.917,4776,0,"[-0.2513611316680908, 0.8848749399185181, 0.5306733250617981, 0.5145795345306396, -0.8437958359718323, 0.8612518310546875, -1.0073896646499634, 0.644403874874115, -0.5435353517532349, 0.08196960389614105, 0.22196584939956665, 1.2764825820922852, -0.020828254520893097, 0.08083896338939667, -2.0858500003814697, 0.00408988818526268, 0.14892524480819702, 0.0017409436404705048, -0.1941831409931183, 1.1292866468429565, -1.035145878791809, 2.265458106994629, -0.1584470123052597, 0.3606022298336029, -0.35410138964653015, 1.543401837348938, -1.5838614702224731, 1.8977971076965332, 1.4297237396240234, -2.8696749210357666, -0.02697058767080307, -0.4405401349067688, 0.5422860383987427, -1.317913293838501, 1.2088805437088013, 0.06274457275867462, 0.8273552060127258, -0.800225555896759, 0.5346624255180359, 0.5875086784362793, -0.27334702014923096, -0.12779949605464935, -0.8144172430038452, -0.05743881314992905, 0.8087659478187561, 0.7974839806556702, 0.059214260429143906, -0.4538972079753876, 0.6076986789703369, -1.0765914916992188, -0.06202663481235504, -0.631740391254425, -0.7355039715766907, -1.2317287921905518, -0.46161696314811707, 1.9198311567306519, 0.8255894780158997, 0.6823033094406128, 0.4674893021583557, -0.7452496886253357, 1.2027539014816284, 0.09079208970069885, -0.3400684893131256, 0.3035244345664978, -1.0784202814102173, 2.501220703125, 1.7774295806884766, 1.6251682043075562, 2.3589134216308594, -0.2676701247692108, -0.78375244140625, 1.1398515701293945, -0.5885521769523621, 1.4075675010681152, 0.8440444469451904, 0.12465253472328186, 0.8101699352264404, 0.9282905459403992, 0.6701026558876038, 1.6479260921478271, -0.6961216330528259, -1.7678629159927368, -0.11782921850681305, -0.3737034499645233, -0.09261669963598251, -1.106823205947876, -0.28238728642463684, 0.21830083429813385, 0.014974720776081085, -0.0779137909412384, 0.04506806284189224, -1.6020365953445435, -0.27186399698257446, -0.6522703170776367, 0.5994958877563477, -1.8565078973770142, 1.0150552988052368, 0.8041180968284607, 0.5598310828208923, -0.9822354912757874, -0.8876204490661621, 0.859070360660553, -0.7332617044448853, 1.1662111282348633, -0.43167412281036377, 1.4019867181777954, 1.6443241834640503, -1.6841152906417847, -0.828301727771759, 0.46966490149497986, 1.111445665359497, 2.2059032917022705, 0.32183003425598145, 0.2996821701526642, 0.396375834941864, 2.574540615081787, 0.19618509709835052, -0.09621165692806244, 0.43414077162742615, -0.13643641769886017, -0.6956358551979065, 1.174728512763977, 0.2535037398338318, 0.21846505999565125, 1.38385808467865, -1.3566746711730957, 0.47390756011009216, 0.6758955717086792]",yunet,Facenet,1920,1080,/home/amos/media/tv/modern_family/Modern.Family.S09.1080p.DSNP.WEB-DL.DDP5.1.H.264-CRFW/Modern.Family.S09E17.Royal.Visit.1080p.DSNP.WEB-DL.DDP5.1.H.264-CRFW.mkv,Modern Family,2009,1442437,9,17,Ty Burrell,15232.0,0.592
139,1296,132,1428,300,1386,204,1320,204,0.904,4800,0,"[-0.3998120427131653, 0.2649925649166107, 0.24106328189373016, 0.6097508668899536, -0.14609625935554504, 0.47602444887161255, -1.0509072542190552, -0.014382544904947281, 0.5714604258537292, -0.38904035091400146, 0.6199741959571838, 1.000238060951233, 0.30982792377471924, -0.2543718218803406, -1.4821686744689941, 0.6025187969207764, -0.44077351689338684, -0.35620468854904175, -1.6485997438430786, 1.4269315004348755, -1.3480861186981201, 2.5108261108398438, -0.5193490386009216, -0.23095017671585083, -0.5530731678009033, 2.023085117340088, -1.4901949167251587, 2.3905892372131348, 1.7240350246429443, -1.418576717376709, 0.1224033460021019, -0.5899998545646667, -0.1217515766620636, -1.5569124221801758, 0.40927743911743164, 0.5474475622177124, 0.8164392709732056, -0.7740997672080994, 0.17071330547332764, 0.29881760478019714, -0.2648533582687378, 0.005880003795027733, -0.9206529855728149, -0.8590478897094727, 1.3802746534347534, -0.6124023795127869, 0.35860487818717957, -0.24866241216659546, 1.1045891046524048, -0.5595493316650391, 0.7402336597442627, -1.3642789125442505, -1.3482598066329956, -1.40242600440979, -1.3820172548294067, 1.0025088787078857, 0.9631568789482117, 0.7770617008209229, 1.396290898323059, 0.3046148121356964, 0.6965973973274231, -0.10043061524629593, -0.03956114500761032, 0.567782998085022, -0.7042518854141235, 2.208345413208008, 1.503675103187561, 1.8972262144088745, 1.9969844818115234, -0.7865636348724365, -1.3646633625030518, 0.7738449573516846, -0.3558284640312195, 1.0726276636123657, 0.8302996158599854, 0.33685219287872314, 0.7215546369552612, 0.7355117201805115, 0.24554380774497986, 1.102455973625183, -2.0845234394073486, -1.6825729608535767, -0.3951144814491272, 0.27470663189888, -1.4326488971710205, -1.7305837869644165, 0.22086642682552338, 0.49065643548965454, 0.24675577878952026, -0.5880245566368103, 0.735521137714386, -1.6484708786010742, 0.10434135794639587, -1.447359561920166, 0.06455544382333755, -1.2882161140441895, 0.11002756655216217, 0.5837216377258301, 0.41012629866600037, -1.0574651956558228, 0.08713516592979431, 0.5721514225006104, -1.0399142503738403, 0.11322160810232162, 0.12061483412981033, 1.6580991744995117, 1.1669968366622925, -2.548914909362793, -0.13276851177215576, 1.017647385597229, 1.9182274341583252, 1.5606634616851807, 0.21200719475746155, 0.3239762783050537, 2.0668694972991943, 2.4667305946350098, -0.051733020693063736, -0.10821273922920227, -0.2767959237098694, 0.8040019273757935, -0.3842119574546814, 0.915207028388977, 0.5899822115898132, 0.43418723344802856, 0.9956459403038025, -1.6888498067855835, 0.6202178597450256, 0.30272912979125977]",yunet,Facenet,1920,1080,/home/amos/media/tv/modern_family/Modern.Family.S09.1080p.DSNP.WEB-DL.DDP5.1.H.264-CRFW/Modern.Family.S09E17.Royal.Visit.1080p.DSNP.WEB-DL.DDP5.1.H.264-CRFW.mkv,Modern Family,2009,1442437,9,17,Ty Burrell,15232.0,0.619
140,1332,96,1476,282,1410,174,1350,174,0.922,4824,0,"[-0.41161996126174927, 0.5210195779800415, 1.2808140516281128, -0.29911524057388306, -1.0002782344818115, -0.41370463371276855, -1.020332932472229, -0.24511560797691345, -0.7359936833381653, -1.0517890453338623, 0.07764538377523422, 1.119309425354004, 0.27496546506881714, -0.5945994853973389, -1.4528038501739502, 0.994158923625946, 0.17627853155136108, -0.3645309805870056, -0.35723885893821716, 1.246470332145691, -1.073184609413147, 1.8279696702957153, -0.4980573058128357, 0.5275002121925354, -0.33374160528182983, 1.263337254524231, -2.8647332191467285, 2.41615629196167, 2.182363510131836, -1.3768870830535889, 0.28907307982444763, -0.6516301035881042, 0.2156972736120224, -1.2201673984527588, 1.0372365713119507, 0.30106261372566223, 1.0086127519607544, 1.195745587348938, 0.5680503845214844, 0.8658221960067749, -0.6590039730072021, 1.0932750701904297, -0.9129036664962769, -0.1752011775970459, 0.1272401660680771, 0.21648912131786346, 0.0017464421689510345, 0.9937167167663574, -0.5906247496604919, -0.05161166191101074, 0.9356765151023865, -0.3694484829902649, 0.3909513056278229, -0.22211845219135284, -0.8069004416465759, 1.2825801372528076, -0.20371823012828827, 1.3558893203735352, 0.3829776346683502, 1.196220874786377, 1.2243165969848633, -0.7165022492408752, -1.4675021171569824, 0.01451592706143856, -1.23762845993042, 1.4462711811065674, 1.7915222644805908, 0.8578316569328308, 2.3118443489074707, -0.3962039649486542, -0.5656141638755798, 0.30719301104545593, -1.2463170289993286, 0.7289552092552185, -0.4759148359298706, 0.47379249334335327, 0.16428589820861816, 0.8593465685844421, 0.839548647403717, -0.009400635957717896, 0.05861201882362366, -2.2987871170043945, -0.38764163851737976, 0.12446200847625732, -1.639067530632019, -1.2603626251220703, 1.4782123565673828, -0.8597628474235535, -0.11515895277261734, -0.9140740633010864, 0.04226923733949661, -1.666237235069275, -0.4091647267341614, -1.568185806274414, 0.4685390293598175, -0.5219606757164001, 0.22199660539627075, -1.1887571811676025, 0.5592384934425354, -0.8621993660926819, -0.011129043996334076, 1.7749898433685303, -1.3593109846115112, 0.14219318330287933, -0.996776819229126, 0.9400796294212341, 0.7308732271194458, -3.2823545932769775, 0.07078809291124344, 0.22161822021007538, 0.4387460947036743, 1.0982171297073364, 0.6414686441421509, -0.08896054327487946, 0.1975473314523697, 1.619819164276123, -0.6004658937454224, -0.5666670203208923, -1.43466317653656, 0.0812893658876419, -0.9521898031234741, 0.28221917152404785, 0.4545009732246399, -0.4223406910896301, 1.43472158908844, 0.14315494894981384, 1.2192814350128174, -0.2575538754463196]",yunet,Facenet,1920,1080,/home/amos/media/tv/modern_family/Modern.Family.S09.1080p.DSNP.WEB-DL.DDP5.1.H.264-CRFW/Modern.Family.S09E17.Royal.Visit.1080p.DSNP.WEB-DL.DDP5.1.H.264-CRFW.mkv,Modern Family,2009,1442437,9,17,Ty Burrell,15232.0,0.756
141,1308,138,1452,336,1392,216,1332,216,0.925,4872,0,"[-0.7280406951904297, 0.19582319259643555, 0.809815526008606, 0.1652309000492096, -0.003906560596078634, -0.43342941999435425, -1.2179698944091797, 0.476171612739563, 0.038302741944789886, -0.29262328147888184, 1.4412602186203003, -0.13368532061576843, 0.4832044839859009, -1.0204075574874878, -1.0005972385406494, 1.1712566614151, 0.027474720031023026, -0.9977467656135559, -1.8384718894958496, 1.8051481246948242, -0.5613842606544495, 1.327826976776123, 0.5059599280357361, 0.6020421385765076, -0.0560629777610302, 1.4938091039657593, -1.101816177368164, 1.8605974912643433, 1.044347882270813, -1.316645860671997, -0.4804958403110504, -0.20758144557476044, -0.3709185719490051, -1.5245321989059448, 1.1553497314453125, 1.001691460609436, 1.74390709400177, 0.3039282560348511, 0.5394502282142639, 1.5151416063308716, 0.06357897073030472, 0.7924359440803528, -0.3922060430049896, 0.15501047670841217, 0.35710540413856506, -0.029807306826114655, -0.19830164313316345, 0.7208009958267212, 0.1315440684556961, -0.2085682600736618, 0.6977058053016663, 0.42299139499664307, -0.11395428329706192, -0.090019091963768, -1.2529596090316772, 0.9227117300033569, 0.3165743052959442, 0.8884418606758118, 0.5368640422821045, 0.8177958726882935, 2.1439712047576904, -0.6376516819000244, -0.9922569394111633, 0.4408518373966217, -1.1021023988723755, 1.4271230697631836, 1.5150541067123413, 0.8970885872840881, 1.3642927408218384, -0.5827367305755615, -1.4548842906951904, 1.1583157777786255, -0.6098595261573792, 0.6714518666267395, 0.44894686341285706, -0.03221651539206505, 0.6033846139907837, 1.5995436906814575, -0.6566638946533203, 0.1904807835817337, -1.7225658893585205, -1.4178783893585205, -0.36173802614212036, 0.7521486282348633, -1.622193694114685, -1.764836311340332, 0.627025306224823, -1.9005870819091797, -0.14751297235488892, -1.6212974786758423, -0.3520439565181732, -1.8228470087051392, -0.14241965115070343, -0.7353400588035583, 0.5548399686813354, -0.3784244954586029, 0.3429811894893646, -0.8382188081741333, -0.766704261302948, -1.4136141538619995, 0.5435383319854736, 0.7717030048370361, -1.9919828176498413, 0.11042392998933792, -0.39226168394088745, 1.2369824647903442, 0.6072371006011963, -2.9064900875091553, 0.4369046092033386, 1.5207918882369995, 1.3897945880889893, 0.8052449822425842, 2.1918179988861084, -0.003268735483288765, 0.28079453110694885, 2.4435794353485107, -0.9842252731323242, -1.5136793851852417, -1.9988940954208374, 0.2920864224433899, -0.3522297739982605, -0.8142139911651611, 0.2872183322906494, -1.0514259338378906, 0.3177729845046997, -0.6742483973503113, 1.3808671236038208, -0.09896445274353027]",yunet,Facenet,1920,1080,/home/amos/media/tv/modern_family/Modern.Family.S09.1080p.DSNP.WEB-DL.DDP5.1.H.264-CRFW/Modern.Family.S09E17.Royal.Visit.1080p.DSNP.WEB-DL.DDP5.1.H.264-CRFW.mkv,Modern Family,2009,1442437,9,17,Ty Burrell,15232.0,0.684
142,1302,108,1452,312,1392,192,1332,192,0.909,4896,0,"[-0.11789615452289581, 0.6731529235839844, 0.12107335776090622, -0.4322425425052643, -0.2833962142467499, -0.3091677725315094, -1.4290859699249268, 0.25672268867492676, -0.8769902586936951, -0.4872305691242218, 0.6816183924674988, 0.18783195316791534, 0.5936956405639648, -0.7693060636520386, -0.5944569110870361, 1.5315511226654053, 0.029427461326122284, -0.8766124844551086, -0.9779973030090332, 1.2086292505264282, -1.0547815561294556, 2.124182939529419, -0.05611063539981842, 1.192246913909912, -0.3909453749656677, 2.1310195922851562, -2.213463068008423, 2.5274529457092285, 1.860243558883667, -1.3848071098327637, 0.03751666843891144, 0.0871199369430542, -0.4059564173221588, -0.9858977198600769, 1.4790232181549072, 0.7442961931228638, 1.7287089824676514, 0.07174023985862732, 0.43851763010025024, 1.1343252658843994, -0.09054107218980789, 1.2781708240509033, -0.16688254475593567, -0.23988330364227295, 0.6439986824989319, 0.35244235396385193, 0.3352976143360138, 0.37887173891067505, 0.3186725974082947, -0.07200547307729721, 0.6285306215286255, -0.23208759725093842, -0.691118061542511, 0.06061777472496033, -1.365431785583496, 1.5497897863388062, 0.02598675712943077, 0.4927229881286621, 0.13630995154380798, 1.4136602878570557, 1.859147071838379, -0.2589135766029358, -0.6148844957351685, 0.8910894989967346, -1.641933798789978, 1.9485673904418945, 1.9368332624435425, 0.9547921419143677, 3.112889051437378, -0.5822116136550903, -0.5089851021766663, 1.5719722509384155, -0.8757151961326599, 1.3730740547180176, 0.4710007309913635, 0.2171776443719864, -0.006214305758476257, 0.9073753952980042, 0.09359387308359146, 0.2068527191877365, -1.3401142358779907, -1.153882622718811, -0.2601860761642456, 0.5814129710197449, -1.1772041320800781, -2.246284246444702, 0.8801257610321045, -1.1534323692321777, 0.3989671766757965, -1.1978309154510498, -0.39149948954582214, -1.9438239336013794, -0.003764808177947998, -0.5621810555458069, 0.9068942666053772, -0.22391226887702942, 0.3873385488986969, -0.1487252116203308, -0.11315539479255676, -1.073553442955017, 0.40392571687698364, 0.49258577823638916, -1.864906668663025, 0.5499046444892883, -0.3217579424381256, 0.8965837955474854, 0.5838012099266052, -2.3125689029693604, -0.23231691122055054, 0.9410272836685181, 1.1991223096847534, 0.9005932211875916, 1.3072096109390259, 0.18604333698749542, 0.4038902223110199, 2.1635119915008545, -0.22978685796260834, -1.1952991485595703, -1.7827664613723755, -0.1143137663602829, 0.12785997986793518, 0.19774018228054047, 0.7246088981628418, -0.7691630721092224, 0.28049153089523315, -0.8428593873977661, 0.7010864019393921, -0.9504198431968689]",yunet,Facenet,1920,1080,/home/amos/media/tv/modern_family/Modern.Family.S09.1080p.DSNP.WEB-DL.DDP5.1.H.264-CRFW/Modern.Family.S09E17.Royal.Visit.1080p.DSNP.WEB-DL.DDP5.1.H.264-CRFW.mkv,Modern Family,2009,1442437,9,17,Ty Burrell,15232.0,0.744
143,1314,102,1452,288,1404,174,1344,174,0.923,4920,0,"[-0.09283588826656342, 0.5345818996429443, 0.8037641644477844, 0.003392420709133148, -0.5736756324768066, -0.3420238792896271, -1.6138864755630493, 0.10908855497837067, -0.40325188636779785, -0.4655189514160156, 0.5413368940353394, 0.8415197134017944, 0.3443607687950134, -0.7681252956390381, -0.8917227983474731, 1.0862046480178833, 0.30743324756622314, -0.8036368489265442, -0.7422877550125122, 1.312313437461853, -1.250425934791565, 1.3078396320343018, 0.004243012517690659, 0.7569486498832703, -0.6380074620246887, 1.4827924966812134, -2.2264158725738525, 2.8259968757629395, 1.4094055891036987, -2.07141375541687, 0.453286737203598, -0.8920303583145142, 0.0037233615294098854, -1.328675627708435, 0.8328758478164673, 0.6980653405189514, 1.6015362739562988, 0.04981548339128494, 0.6697146892547607, 1.1715915203094482, -1.1311594247817993, 0.9242772459983826, 0.059812892228364944, -0.1794241964817047, 0.26153722405433655, 0.6009764075279236, 0.1689736396074295, 0.7733200788497925, -0.5258415341377258, -0.4671032726764679, 1.0445544719696045, -0.630795419216156, -0.9419907331466675, 0.4420101046562195, -0.329424113035202, 1.0686894655227661, 0.10036370158195496, 1.6211495399475098, 0.2735019326210022, 0.9010372757911682, 1.5739386081695557, -0.5527364611625671, -0.3153854310512543, 0.15318287909030914, -1.3719910383224487, 2.1390552520751953, 1.100962519645691, 1.0487219095230103, 1.810434341430664, -0.3602806329727173, -0.7503740787506104, 0.7139862775802612, -0.8127988576889038, 1.438342571258545, -0.23480549454689026, 1.3549829721450806, -0.05445737764239311, 1.1169703006744385, 0.885070264339447, 0.42063719034194946, -0.9036322832107544, -1.4907885789871216, 0.08524402230978012, 0.4236091673374176, -1.8836349248886108, -2.32454252243042, 0.8082707524299622, -0.8147006034851074, 0.3889542818069458, -1.3124696016311646, -0.0653342679142952, -2.393965721130371, -0.03420836851000786, -0.9946048855781555, 0.34745702147483826, -0.5437294840812683, -0.460746169090271, -0.19464513659477234, 0.010805703699588776, -1.1246832609176636, 0.1675286740064621, 0.7353410720825195, -1.6709131002426147, 0.5418334007263184, -0.5068536400794983, 0.6520155072212219, 0.41889211535453796, -2.489337205886841, 0.0772923082113266, 0.692348062992096, 1.0765113830566406, 0.7417535185813904, 1.1742832660675049, -0.2941076159477234, 0.2201133817434311, 2.27329158782959, -0.4939548671245575, -1.0143523216247559, -1.2121235132217407, -0.28935176134109497, -0.8784259557723999, 0.03718641400337219, 0.5136502385139465, -0.38312944769859314, 1.2345601320266724, -0.5272295475006104, 1.2761712074279785, -0.9491309523582458]",yunet,Facenet,1920,1080,/home/amos/media/tv/modern_family/Modern.Family.S09.1080p.DSNP.WEB-DL.DDP5.1.H.264-CRFW/Modern.Family.S09E17.Royal.Visit.1080p.DSNP.WEB-DL.DDP5.1.H.264-CRFW.mkv,Modern Family,2009,1442437,9,17,Ty Burrell,15232.0,0.795
144,648,114,840,378,798,216,708,216,0.938,4992,0,"[1.4587329626083374, 1.884559988975525, 0.15929460525512695, -0.9809253811836243, -0.6267824769020081, -0.4646736681461334, -1.3939164876937866, -0.3752298951148987, -0.7766313552856445, -0.8800488710403442, -0.5590251684188843, 1.4218131303787231, 1.556429147720337, -0.2812260389328003, -0.3552713096141815, 0.263181209564209, -0.09175872802734375, -0.6368899941444397, 0.6035033464431763, 0.10982901602983475, -1.505820393562317, 2.0647189617156982, -0.5345419645309448, 0.668228030204773, -0.5951350331306458, 0.5457225441932678, -3.220893383026123, 3.0338892936706543, 0.5889113545417786, -1.7536602020263672, -0.7664545774459839, -0.8735858798027039, -0.3443068861961365, -0.10200163722038269, 1.1539294719696045, 0.9765426516532898, 0.5640860795974731, 0.21656018495559692, 0.7008962035179138, 1.5043838024139404, 0.5627450346946716, 1.4263468980789185, -0.9593719244003296, -0.13675186038017273, -0.5952765941619873, 0.4459518492221832, 0.070707306265831, 0.39854952692985535, -0.197926327586174, -1.3511323928833008, -0.031946949660778046, -0.38382580876350403, -1.0499095916748047, -0.6394110918045044, -0.0891873836517334, 1.3476266860961914, 1.907395601272583, 0.8893163800239563, 0.04973960667848587, -0.4582251310348511, 1.3166654109954834, -0.8993703126907349, -0.9253137111663818, 0.49088194966316223, -0.518831193447113, 1.0312004089355469, 1.8220326900482178, -0.44725868105888367, 1.4401572942733765, -0.8268541097640991, 0.020432066172361374, 1.579649567604065, -0.661939263343811, 1.04852294921875, 0.09798787534236908, 0.5086688995361328, -0.3657223880290985, 1.1782352924346924, 0.8635537028312683, -0.2114613652229309, 0.6102621555328369, -1.0422077178955078, 0.36554697155952454, -0.12965801358222961, -1.233662724494934, -1.8269404172897339, 0.6146772503852844, -0.05905045196413994, -0.02546754665672779, 0.1837179958820343, 0.445252925157547, -1.742676854133606, -0.2630976736545563, -1.152132272720337, 1.082179307937622, -0.9319142699241638, 0.7229396104812622, -0.645357608795166, 0.3946222960948944, -0.5447818636894226, -0.25661516189575195, 0.836218535900116, -2.491361618041992, 0.49472442269325256, -0.3914494216442108, 0.9386788010597229, 0.6780468821525574, -1.7549221515655518, 0.4705280661582947, -0.12242567539215088, 0.1256338357925415, 1.2457008361816406, -0.11840678751468658, 1.0010640621185303, 0.48412469029426575, 1.3809362649917603, 0.11678402125835419, -1.0796804428100586, 0.8391311168670654, 0.16752013564109802, -1.1575813293457031, 1.3228120803833008, 0.05017958581447601, -1.4174944162368774, 1.8033119440078735, -0.5730384588241577, 0.623646080493927, -1.6320875883102417]",yunet,Facenet,1920,1080,/home/amos/media/tv/modern_family/Modern.Family.S09.1080p.DSNP.WEB-DL.DDP5.1.H.264-CRFW/Modern.Family.S09E17.Royal.Visit.1080p.DSNP.WEB-DL.DDP5.1.H.264-CRFW.mkv,Modern Family,2009,1442437,9,17,Ty Burrell,15232.0,0.788
145,1206,192,1374,414,1332,282,1242,282,0.922,4992,1,"[-0.8874164819717407, -0.3768361806869507, 0.20616917312145233, -1.3956347703933716, 1.3028017282485962, -2.730269432067871, -2.9746100902557373, 0.7956176400184631, -0.4154805541038513, -0.8592303991317749, 0.5486333966255188, 0.22328227758407593, -0.043620381504297256, 0.21353095769882202, 0.3772916793823242, -0.3799624443054199, 0.28526705503463745, 0.04004067927598953, -1.2028353214263916, -0.03649258241057396, -1.2074000835418701, -0.5881794691085815, 0.9514179825782776, 0.16991809010505676, -0.7178331017494202, 0.11163647472858429, -1.9293205738067627, 1.2026549577713013, -0.7142688632011414, -2.46386456489563, 0.24883514642715454, -1.4882563352584839, 0.26994967460632324, -0.7841762900352478, -0.8272810578346252, 2.3045217990875244, -0.519845187664032, 1.1587469577789307, 1.0186069011688232, -1.09062922000885, -1.0778850317001343, -0.34267517924308777, 0.9571727514266968, -1.0926356315612793, -0.002292690798640251, -0.44900742173194885, -1.640425443649292, 0.5697606801986694, -0.9805991649627686, -0.22626858949661255, 1.483300805091858, -2.2259700298309326, -0.3897767961025238, 0.13158613443374634, -0.8323561549186707, -0.8971930742263794, 0.27035006880760193, -1.35393488407135, -0.5679482817649841, 0.9049116969108582, 0.09551053494215012, -0.6492289900779724, -1.6334116458892822, 0.9002951979637146, -0.18626189231872559, -1.5817095041275024, -0.960063099861145, -2.3390443325042725, 0.6865397095680237, 1.9047859907150269, -0.7988008260726929, 0.9758954048156738, -2.9963667392730713, 0.1519901156425476, 1.1876503229141235, -0.14245378971099854, 0.29639047384262085, 0.3466850221157074, 0.824932873249054, -0.7162879705429077, 0.2985175848007202, 0.5162672996520996, 0.31192028522491455, -0.2725308835506439, -0.46452149748802185, 0.21223178505897522, 1.1026593446731567, -0.26690202951431274, -1.9724195003509521, -0.639557421207428, 1.068813681602478, -1.2804734706878662, -0.5153750777244568, -0.681818425655365, 0.22588852047920227, -1.690556526184082, -0.28334301710128784, 0.8085548877716064, 0.7034486532211304, -0.7842270731925964, -0.5556960701942444, -1.1397126913070679, 0.6274772882461548, 0.7671296000480652, 0.7421777248382568, -0.039405837655067444, 0.7461509704589844, -1.4938403367996216, -1.0321407318115234, 0.6463869214057922, 0.8764427900314331, -0.5833350419998169, -1.5307217836380005, 1.2673046588897705, 0.5026273727416992, 0.052858054637908936, 1.0168877840042114, 0.17051251232624054, -1.529667615890503, 0.22622965276241302, -0.1751975417137146, -0.3289567232131958, -0.3805312514305115, 0.37753787636756897, -0.7636291980743408, -1.9299490451812744, -1.3373709917068481, 0.5240366458892822]",yunet,Facenet,1920,1080,/home/amos/media/tv/modern_family/Modern.Family.S09.1080p.DSNP.WEB-DL.DDP5.1.H.264-CRFW/Modern.Family.S09E17.Royal.Visit.1080p.DSNP.WEB-DL.DDP5.1.H.264-CRFW.mkv,Modern Family,2009,1442437,9,17,Julie Bowen,31171.0,0.677
146,660,156,852,408,810,264,720,258,0.93,5016,0,"[0.07411570101976395, 0.7588683366775513, 1.0823304653167725, -0.18133780360221863, -0.2729279100894928, -0.7263475656509399, -1.0587067604064941, 0.36222219467163086, 0.10777726024389267, 0.08898894488811493, 0.14911824464797974, 1.5933758020401, 1.1174111366271973, -0.864425539970398, -0.9913192987442017, 1.3913536071777344, -0.04255830496549606, 0.148634672164917, -0.23040422797203064, 0.16534005105495453, -1.060922384262085, 1.7043001651763916, -0.6878054141998291, 1.053133249282837, -0.8371742963790894, 0.6145570874214172, -2.2479145526885986, 2.9951443672180176, 0.2783827483654022, -1.7636563777923584, -0.7298828363418579, -1.3381255865097046, 0.32622501254081726, -0.3387617766857147, 1.5183193683624268, 0.895220935344696, 0.310049444437027, -0.6444053649902344, 0.5012818574905396, 1.387077808380127, 0.356746643781662, 0.3295075297355652, -0.5376098155975342, 0.34144484996795654, -0.3977121412754059, 0.4176231920719147, 0.8142316937446594, -0.5404942035675049, -0.1754177212715149, -1.972443699836731, 0.31753575801849365, -0.7451011538505554, -1.4602742195129395, -0.9479703903198242, -0.0004811044782400131, 1.3134071826934814, 1.9890806674957275, 0.9232413172721863, 0.2986210584640503, -0.22279557585716248, 1.2599245309829712, -0.5369450449943542, -0.6440316438674927, -0.3150782883167267, 0.515274703502655, 1.490100383758545, 1.760288953781128, 0.8616746068000793, 1.5748661756515503, -0.2844380736351013, -0.12468177080154419, 1.1558822393417358, -0.7383535504341125, 1.404511570930481, 0.5718307495117188, 0.5738481283187866, 0.269374817609787, 1.2379345893859863, 0.8682456612586975, 0.5580448508262634, 0.08296103775501251, -2.2051124572753906, 0.7902024388313293, -0.2822035551071167, -1.1818193197250366, -1.69266939163208, 0.38913047313690186, 0.3525048494338989, -0.12228105217218399, 0.8330463171005249, 0.3246978223323822, -1.6195687055587769, -0.1409066617488861, -0.8607392311096191, 0.114372618496418, -1.5489023923873901, 0.5276880264282227, -0.10602016001939774, 0.44405654072761536, 0.04687265306711197, -0.5775343179702759, 0.9008236527442932, -2.3359851837158203, 0.39015573263168335, -0.15191616117954254, 1.2049704790115356, 0.1471354067325592, -1.9407899379730225, -0.44856101274490356, 0.894692599773407, 0.931289553642273, 2.05765438079834, 0.44081681966781616, 0.11186514794826508, 0.827274739742279, 1.3715821504592896, 0.5523757934570312, -0.7677313685417175, 1.2029722929000854, -0.4623020887374878, -0.805682897567749, 0.7736897468566895, -0.2989862561225891, -0.35169199109077454, 1.955449104309082, -1.1641266345977783, 0.4220599830150604, -0.8482778668403625]",yunet,Facenet,1920,1080,/home/amos/media/tv/modern_family/Modern.Family.S09.1080p.DSNP.WEB-DL.DDP5.1.H.264-CRFW/Modern.Family.S09E17.Royal.Visit.1080p.DSNP.WEB-DL.DDP5.1.H.264-CRFW.mkv,Modern Family,2009,1442437,9,17,Ty Burrell,15232.0,0.708
147,1206,204,1386,426,1332,282,1254,282,0.918,5016,1,"[-0.9292408227920532, 0.1319185495376587, -0.24631577730178833, -1.6274746656417847, 1.2017513513565063, -2.847745418548584, -3.0079195499420166, 0.3038038909435272, -0.8810499310493469, -0.8536877036094666, 0.14739990234375, 0.6987693905830383, -0.22225873172283173, 0.19301342964172363, 0.7336986064910889, -0.30148446559906006, -0.06391297280788422, -0.29609060287475586, -1.0212079286575317, -1.0034385919570923, -1.047174096107483, -0.9374703764915466, 0.6061379313468933, 0.3538404703140259, -0.680954098701477, -0.29108014702796936, -1.6803587675094604, 1.0584893226623535, -0.7108684182167053, -2.1547229290008545, 0.13188955187797546, -1.384311556816101, 0.06262673437595367, -0.6618134379386902, -0.0405363067984581, 1.650523066520691, -0.3919355571269989, 0.9344058632850647, 1.1060808897018433, -0.4884689748287201, -0.9065603613853455, -0.12786215543746948, 1.4252816438674927, -0.6154834032058716, -0.16854983568191528, -0.8784393072128296, -1.3310718536376953, 0.8186982870101929, -0.8946919441223145, -0.2230684757232666, 0.9278385639190674, -2.2055859565734863, 0.8342888355255127, 0.6520164012908936, -0.5770249366760254, -1.0953611135482788, 0.9440877437591553, -1.25069260597229, -0.8351384401321411, 0.8721472024917603, -0.29799890518188477, -0.669201672077179, -2.2877941131591797, 0.4930482804775238, -0.4123222231864929, -1.5916727781295776, -0.6746408343315125, -2.7008206844329834, 0.03184156119823456, 1.4580522775650024, -0.4596332013607025, 1.330883264541626, -2.8600821495056152, 0.2685456871986389, 0.4230544865131378, -0.35695987939834595, 0.8321973085403442, 0.8990413546562195, 1.3152482509613037, -1.573548674583435, 0.5145115852355957, 0.653784990310669, 0.3594558835029602, -0.8837873935699463, -0.5613570809364319, 0.18068748712539673, 1.097623586654663, -0.24817511439323425, -1.3493998050689697, -0.23488569259643555, 0.6967635154724121, -1.1050536632537842, -0.7860766649246216, -0.9471543431282043, 0.8472706079483032, -1.0556254386901855, -0.3499695956707001, 0.4276457726955414, 0.7655870318412781, -0.6836615204811096, -0.15169745683670044, -1.5827511548995972, 0.5080152750015259, 0.8408975005149841, 1.2244300842285156, -0.5517786145210266, 0.8117773532867432, -1.0384348630905151, -0.5253448486328125, 0.46310126781463623, 0.6984083652496338, -0.9111376404762268, -1.2267245054244995, 1.420701503753662, -0.43848079442977905, -0.5266355276107788, 1.100701928138733, 0.6032538414001465, -0.962867259979248, 0.29530057311058044, -0.40279895067214966, -0.8566832542419434, -0.315014123916626, 0.3583529591560364, -0.15393052995204926, -1.1328445672988892, -0.7537254691123962, -0.1717330813407898]",yunet,Facenet,1920,1080,/home/amos/media/tv/modern_family/Modern.Family.S09.1080p.DSNP.WEB-DL.DDP5.1.H.264-CRFW/Modern.Family.S09E17.Royal.Visit.1080p.DSNP.WEB-DL.DDP5.1.H.264-CRFW.mkv,Modern Family,2009,1442437,9,17,Julie Bowen,31171.0,0.614
148,1206,204,1392,426,1338,288,1254,288,0.913,5040,0,"[-1.3106077909469604, 1.484307050704956, 0.011551080271601677, -1.2341245412826538, 1.5097726583480835, -2.2592360973358154, -2.748265027999878, 0.33604535460472107, 0.08098548650741577, -1.9874862432479858, 0.9477797150611877, -0.21806851029396057, -0.11005735397338867, -0.7629776000976562, 0.672298789024353, -0.2954363226890564, -0.24295011162757874, -0.03107088804244995, -1.7631809711456299, -0.37301966547966003, -1.040455937385559, -0.13140466809272766, 0.7478747963905334, 1.2793761491775513, -1.0041139125823975, 0.21836748719215393, -2.3722686767578125, 1.2696071863174438, -0.17939086258411407, -1.9167027473449707, -0.37608250975608826, -1.5375572443008423, -0.8911749124526978, -0.004906937479972839, -0.2292724847793579, 2.0023930072784424, -0.6269333362579346, 0.53435879945755, 0.7400630116462708, -0.03247547149658203, -0.29802560806274414, -0.5971388816833496, 1.2439651489257812, -0.005514509975910187, -0.6895290017127991, -0.11433212459087372, -0.7370312213897705, -0.3045041561126709, -0.9175980091094971, -0.5685509443283081, 1.4093796014785767, -2.5631518363952637, 0.6845122575759888, 0.8320260643959045, -1.3024578094482422, -1.1697994470596313, 0.6570529341697693, -2.19120192527771, -1.5106689929962158, 1.1599557399749756, -0.26523345708847046, -0.9135087728500366, -2.1380012035369873, 0.47582340240478516, -0.27206212282180786, -1.4999136924743652, -0.5222746729850769, -2.3561012744903564, 0.9562406539916992, 0.804417610168457, -0.3109895586967468, 1.820204257965088, -2.7261579036712646, 0.4421812891960144, 0.7634245753288269, 0.8663254976272583, 0.8720822334289551, 1.759871482849121, 0.980306088924408, -0.6991035342216492, 0.3744114935398102, 0.8058229684829712, -0.11702661961317062, -1.298086166381836, -0.27472883462905884, 0.27931493520736694, 1.2111752033233643, -0.36289530992507935, -1.8482246398925781, -0.19482421875, 1.844271183013916, -1.2334104776382446, -0.6487720012664795, -0.7739412188529968, 0.46499499678611755, -0.9180471301078796, -0.7118422389030457, 0.5889360308647156, 0.4280652701854706, -1.4656668901443481, -0.16064074635505676, -1.5813685655593872, 0.3692582845687866, 1.2874805927276611, 0.5031246542930603, -0.40776824951171875, 0.246871680021286, -1.4082533121109009, -1.0817592144012451, 0.29912590980529785, 0.8161357641220093, -0.7183748483657837, -1.1423850059509277, 1.3081996440887451, -0.30654293298721313, 0.06129033863544464, 0.8638486862182617, -0.5087057948112488, -0.9455883502960205, 1.1192257404327393, -0.6011406779289246, -0.7040418386459351, 0.035685013979673386, -0.5107768177986145, -0.8691267371177673, -1.4645036458969116, -0.7721371054649353, 0.1521340310573578]",yunet,Facenet,1920,1080,/home/amos/media/tv/modern_family/Modern.Family.S09.1080p.DSNP.WEB-DL.DDP5.1.H.264-CRFW/Modern.Family.S09E17.Royal.Visit.1080p.DSNP.WEB-DL.DDP5.1.H.264-CRFW.mkv,Modern Family,2009,1442437,9,17,Julie Bowen,31171.0,0.617
149,726,174,906,420,882,282,828,276,0.909,5040,1,"[0.649282693862915, 1.380236029624939, 0.9439579248428345, -0.9618750214576721, -0.6497538685798645, -0.12777701020240784, -1.9220134019851685, 0.07257348299026489, 0.37094414234161377, -0.2670993506908417, 0.5320422053337097, 2.1940460205078125, 1.0973451137542725, -0.8399100303649902, -0.5195566415786743, 0.7097045183181763, -0.35709148645401, -0.41833192110061646, 0.08153827488422394, 0.9611421823501587, -0.7166796922683716, 1.1573902368545532, 0.0475708469748497, 0.4424893260002136, -0.38534387946128845, 0.7078418135643005, -2.029057264328003, 3.0132713317871094, -0.329206645488739, -2.256287097930908, -1.9474166631698608, -0.6283398270606995, -0.5527721047401428, -0.22225496172904968, 1.2235362529754639, 0.975925624370575, 1.031072974205017, -1.1510077714920044, 0.7505495548248291, 1.168676733970642, 0.5592477321624756, 0.4764135479927063, -1.1511331796646118, 0.11826705932617188, -0.794327437877655, -0.2052912712097168, 0.7357248067855835, -0.7169151306152344, 0.5050443410873413, -0.9412784576416016, 0.3651600480079651, -0.979812502861023, -0.8799983263015747, -1.8802590370178223, 0.385986328125, 0.4793414771556854, 1.8222736120224, 1.0121524333953857, 0.3336612284183502, 0.12995707988739014, 1.8278101682662964, -1.2528537511825562, -0.6887838840484619, -0.7568297386169434, -0.08593537658452988, 1.7663229703903198, 1.6430792808532715, 0.6561217308044434, 1.7278668880462646, -0.25889256596565247, -0.3822992444038391, 1.2189850807189941, -0.6970357894897461, 1.5557307004928589, 1.019389033317566, 0.6469398140907288, 0.7244445085525513, 1.3525344133377075, 0.6807665824890137, 0.4251898527145386, -1.016669511795044, -1.8697692155838013, 0.9391927123069763, 0.178151935338974, -0.5826972126960754, -1.4188967943191528, 0.5862201452255249, -0.3082786798477173, 0.265779972076416, 0.634139895439148, -0.044975318014621735, -2.2465038299560547, -0.3064269721508026, -1.0678205490112305, 0.7590581178665161, -1.0833582878112793, 0.11676490306854248, 0.306721955537796, -0.7682684063911438, -0.6543164253234863, 0.24641261994838715, 0.3333667516708374, -2.330246925354004, -0.1186690703034401, -0.5420037508010864, 1.067971110343933, 0.7776926159858704, -1.6910189390182495, -0.20824456214904785, 1.2718102931976318, 1.2834035158157349, 2.012725591659546, 0.4718340337276459, -0.08758892118930817, 1.208442211151123, 1.9795317649841309, 0.015222374349832535, -0.9965075254440308, 1.2236791849136353, 0.08038854598999023, -0.5972301363945007, 0.07769627869129181, -0.2545982599258423, -0.47669604420661926, 1.7391718626022339, -1.6232722997665405, 0.52721107006073, -0.18558518588542938]",yunet,Facenet,1920,1080,/home/amos/media/tv/modern_family/Modern.Family.S09.1080p.DSNP.WEB-DL.DDP5.1.H.264-CRFW/Modern.Family.S09E17.Royal.Visit.1080p.DSNP.WEB-DL.DDP5.1.H.264-CRFW.mkv,Modern Family,2009,1442437,9,17,Ty Burrell,15232.0,0.746
150,684,174,870,420,840,294,756,288,0.92,5064,0,"[-0.39656147360801697, 0.8248312473297119, 0.7550512552261353, -0.6074622273445129, -0.4496917426586151, -1.0822709798812866, -1.6947367191314697, 0.6643885970115662, -0.011589603498578072, -0.24179618060588837, -0.06297744810581207, 1.6058310270309448, 1.6687003374099731, -0.6207126379013062, -0.3641059100627899, 1.570880651473999, -0.3034791350364685, 0.7306227684020996, -0.21144521236419678, 0.5955595970153809, -0.8128973245620728, 1.7908183336257935, -0.947663426399231, 1.0990411043167114, -1.1097735166549683, 0.8592262268066406, -2.4265923500061035, 3.4101600646972656, 0.18350303173065186, -2.2902588844299316, -0.8555216789245605, -0.6779745221138, 0.6838657259941101, -0.1415090560913086, 1.6136339902877808, 0.7047333717346191, 0.4292256236076355, -1.4014909267425537, 0.5890551209449768, 1.4051073789596558, 0.1755027323961258, 0.49279940128326416, -0.2678796350955963, -0.07757420092821121, -0.5149860978126526, -0.061635278165340424, 0.27793389558792114, -0.5656744241714478, 0.5715953707695007, -1.8011964559555054, 0.5738565325737, -0.7355566620826721, -1.6305407285690308, -0.8482822179794312, 0.6032259464263916, 1.0474191904067993, 1.6159268617630005, 0.7429081201553345, 0.28965193033218384, 0.0214858278632164, 1.3256292343139648, -0.3160572052001953, -0.9086136817932129, 0.26565513014793396, 0.4309958815574646, 1.3799926042556763, 2.044607400894165, 0.4357665479183197, 1.9850478172302246, -0.46006515622138977, -0.3373008072376251, 1.292505145072937, -0.08335039019584656, 1.531377911567688, 0.5521382093429565, 0.19070468842983246, 0.07732801139354706, 0.5676170587539673, 1.0158355236053467, 0.2948108911514282, 0.036089539527893066, -1.738616943359375, 0.6299341917037964, -0.008957486599683762, -0.9904253482818604, -1.9019688367843628, -0.06219402700662613, 0.44493764638900757, -0.22743158042430878, 1.04624342918396, 0.18401938676834106, -1.1989480257034302, -0.9441784024238586, -0.8344576358795166, -0.07097966969013214, -1.5601338148117065, 0.2881351113319397, 0.07348038256168365, 0.4252510964870453, -0.2744617164134979, -0.18313632905483246, 0.5522253513336182, -2.655726909637451, 0.6183030605316162, 0.054359070956707, 0.8898159861564636, 0.44200214743614197, -2.0022075176239014, -0.6356305480003357, 0.9258354306221008, 1.2259490489959717, 1.7278021574020386, 0.1975952684879303, 0.4001116454601288, 1.0995965003967285, 1.2749871015548706, 1.2999664545059204, -1.060185432434082, 1.3035862445831299, -0.14474867284297943, -0.6769868731498718, 0.694817066192627, -0.2649666666984558, -0.470359742641449, 1.5022209882736206, -1.2868850231170654, 0.7009143829345703, -0.8662888407707214]",yunet,Facenet,1920,1080,/home/amos/media/tv/modern_family/Modern.Family.S09.1080p.DSNP.WEB-DL.DDP5.1.H.264-CRFW/Modern.Family.S09E17.Royal.Visit.1080p.DSNP.WEB-DL.DDP5.1.H.264-CRFW.mkv,Modern Family,2009,1442437,9,17,Ty Burrell,15232.0,0.645
151,1218,204,1386,414,1338,282,1254,282,0.915,5064,1,"[-1.3352816104888916, 0.2464355230331421, 0.16621969640254974, -2.294010639190674, 1.8091164827346802, -2.4674389362335205, -2.4286935329437256, 0.3991791903972626, -0.11341091990470886, -0.6679965853691101, 1.2645543813705444, 0.9398697018623352, -0.07524026930332184, -0.23800139129161835, 0.6793917417526245, 0.3592560887336731, -0.7696585655212402, -0.5856693983078003, -1.064237356185913, -0.8980330228805542, -0.5168237686157227, -0.8286840915679932, 0.6828588247299194, 1.170474648475647, -0.42727774381637573, -0.23764526844024658, -2.034738063812256, 0.9860371947288513, -0.1518561840057373, -2.5582265853881836, 0.25554320216178894, -1.1046099662780762, 0.2569824159145355, -0.3414907455444336, -0.18301379680633545, 2.4826316833496094, -0.6447962522506714, -0.053490184247493744, 1.0430967807769775, -1.3904411792755127, -0.30152881145477295, -0.07871744781732559, 0.26168254017829895, -0.5265759229660034, -1.3143081665039062, -0.4671492278575897, -1.686112642288208, -0.1102069765329361, -0.9857437014579773, 0.4020291864871979, 0.6242523193359375, -2.396437644958496, 0.4286622703075409, 0.8665280938148499, -0.5033664107322693, -1.110658049583435, -0.11264663934707642, -2.006894111633301, -0.2743721902370453, 0.939407229423523, -0.3294964134693146, -1.344291090965271, -1.6813877820968628, -0.32377153635025024, 0.27213671803474426, -1.1103391647338867, -0.6997772455215454, -2.2694358825683594, 1.0781785249710083, 2.2197811603546143, -0.790886640548706, 1.7878340482711792, -2.980938673019409, 0.7884157299995422, -0.0336100235581398, -0.5133575201034546, 0.7529929876327515, 0.6460541486740112, 1.3009402751922607, -0.31156235933303833, -0.009570794180035591, 0.33364224433898926, 0.4007572531700134, -0.9988125562667847, -0.08428572863340378, 0.005930513143539429, 0.9236000776290894, -0.2535994052886963, -1.0922353267669678, 0.798601508140564, 1.3839826583862305, -1.1724951267242432, -1.3420356512069702, -0.6744362115859985, 0.5065979361534119, -0.6386402249336243, -0.6732855439186096, 0.7072371244430542, 0.5915845036506653, -0.9678512811660767, -0.8775153756141663, -1.8367934226989746, 0.26342785358428955, 1.062996506690979, 0.7828440070152283, 0.36619824171066284, 0.9567302465438843, -0.7504135370254517, -0.7042016386985779, 0.7033870220184326, 1.3374660015106201, -0.8402121067047119, -0.6586862802505493, 0.9160599112510681, 1.0236585140228271, 0.019201405346393585, 2.1831142902374268, -0.6923360228538513, -0.691463053226471, -0.09350331127643585, 0.09091994166374207, -0.8579717874526978, -0.0036463625729084015, 0.16368991136550903, -0.450577974319458, -1.7247542142868042, -0.7298522591590881, -0.016085870563983917]",yunet,Facenet,1920,1080,/home/amos/media/tv/modern_family/Modern.Family.S09.1080p.DSNP.WEB-DL.DDP5.1.H.264-CRFW/Modern.Family.S09E17.Royal.Visit.1080p.DSNP.WEB-DL.DDP5.1.H.264-CRFW.mkv,Modern Family,2009,1442437,9,17,Julie Bowen,31171.0,0.739
152,1212,198,1386,420,1332,288,1242,282,0.925,5088,0,"[-0.9559987783432007, -0.6415671110153198, 0.36217424273490906, -0.9386186003684998, 1.77338707447052, -2.2681097984313965, -3.028127908706665, 1.3090639114379883, -0.6037425994873047, -0.5946506261825562, 0.461750864982605, -0.4499814212322235, -0.716149628162384, -0.1539137363433838, 0.444002240896225, 0.10932688415050507, 0.041876595467329025, -0.28726065158843994, -1.3652758598327637, -0.11946667730808258, -0.34707874059677124, -0.7596392631530762, 1.5363050699234009, 0.8333700895309448, -0.28510668873786926, 0.6627771854400635, -1.7246428728103638, 1.5940921306610107, -0.037991397082805634, -2.4359982013702393, 0.2354944944381714, -1.1641803979873657, 0.10480939596891403, -0.7875843644142151, -0.23611171543598175, 2.637389659881592, -0.7760035395622253, 0.9957283735275269, -0.07052113115787506, -0.16272450983524323, -1.4681501388549805, 0.18088947236537933, 1.276075005531311, -0.9561709761619568, -0.37211301922798157, 0.17681542038917542, -1.7847446203231812, 0.8253257274627686, -0.9130076169967651, -0.7721518278121948, 2.213585138320923, -2.2782883644104004, 0.10733354091644287, 0.38449758291244507, -0.5040719509124756, -0.45226770639419556, 0.12516231834888458, -1.2756612300872803, -0.6107851266860962, 1.2253060340881348, 0.029922477900981903, -0.34569811820983887, -1.5497626066207886, 1.1545257568359375, -0.7868843674659729, -1.7156190872192383, -0.8168328404426575, -1.4510548114776611, 1.476995587348938, 1.9790358543395996, -0.5621609091758728, 1.0035308599472046, -3.150908946990967, 0.5275449156761169, 1.3762390613555908, 0.5740410685539246, 0.48258236050605774, 1.612542748451233, -0.034001726657152176, -0.2633792459964752, -0.2568790912628174, 0.7578078508377075, 0.2316327691078186, -0.9258998036384583, -0.8895636200904846, -0.08898687362670898, 1.3025822639465332, -0.7386268973350525, -1.5907460451126099, -1.0006344318389893, 1.3118722438812256, -1.3492374420166016, -0.49873843789100647, -0.0823618620634079, 0.3691900670528412, -1.4173202514648438, -0.606530487537384, 0.07038924098014832, 1.3557732105255127, -0.10140296071767807, -0.8197839856147766, -1.1997450590133667, 0.24958904087543488, 0.8374702334403992, 0.7358471751213074, -1.3260469436645508, 0.4928525686264038, -1.3043246269226074, -0.6477217078208923, 0.640336811542511, 0.8772397041320801, -1.2803688049316406, -1.405336856842041, 1.2952919006347656, 0.4397125244140625, 0.8714436292648315, 1.5583162307739258, 0.2602105140686035, -1.9610341787338257, -0.2622157037258148, 0.6085629463195801, -0.738996148109436, -0.7063867449760437, -0.3282521963119507, -0.7531593441963196, -1.857988953590393, -1.375291109085083, 0.24845774471759796]",yunet,Facenet,1920,1080,/home/amos/media/tv/modern_family/Modern.Family.S09.1080p.DSNP.WEB-DL.DDP5.1.H.264-CRFW/Modern.Family.S09E17.Royal.Visit.1080p.DSNP.WEB-DL.DDP5.1.H.264-CRFW.mkv,Modern Family,2009,1442437,9,17,Julie Bowen,31171.0,0.647
153,696,168,882,414,840,282,756,282,0.918,5088,1,"[0.20974037051200867, 1.1283098459243774, 0.7503411173820496, -0.8627429604530334, -0.786232590675354, -0.7082664966583252, -1.8343212604522705, 0.7016006112098694, 0.10097498446702957, -0.5801690220832825, -0.39918243885040283, 1.6175391674041748, 1.1494297981262207, -0.2126230001449585, -0.6758174896240234, 1.1760642528533936, -0.035872600972652435, 0.0863504558801651, 0.0026293694972991943, 0.37273964285850525, -1.1926941871643066, 2.010603189468384, -0.6414764523506165, 1.364627718925476, -0.5334519743919373, 1.2364829778671265, -2.384246587753296, 2.883230686187744, 0.8467116355895996, -2.1672801971435547, -1.1468794345855713, -0.7310116291046143, 0.3782387375831604, -0.0014440640807151794, 1.5696287155151367, 0.4847371578216553, 0.9933708906173706, -0.5295945405960083, 0.8912746906280518, 1.5323874950408936, 0.020866649225354195, 0.36659830808639526, -0.5913047790527344, 0.16176201403141022, -0.8146454095840454, 0.2594183683395386, 0.40714702010154724, -0.6546401977539062, 0.07708071172237396, -1.6260229349136353, 0.7146278023719788, -0.6649026274681091, -1.2271928787231445, -1.0971553325653076, 0.37440958619117737, 1.2309141159057617, 1.74178946018219, 0.5213750004768372, 0.19429896771907806, 0.46021589636802673, 1.5221937894821167, -0.6776681542396545, -1.140891194343567, -0.3044384717941284, -0.05498740077018738, 1.6385372877120972, 1.8505303859710693, 0.535545825958252, 1.7167878150939941, -0.5957973003387451, 0.02617388218641281, 1.564009189605713, -0.3120466470718384, 1.6643484830856323, 0.7585582137107849, 0.5444703698158264, 0.35939690470695496, 0.6944740414619446, 1.1246281862258911, 0.1491299867630005, -0.2633848786354065, -1.6026334762573242, 0.5105395913124084, 0.2015458643436432, -0.9295412302017212, -1.7979055643081665, 0.3673374056816101, -0.24841181933879852, 0.27544814348220825, 0.7078604102134705, -0.10614504665136337, -1.6746792793273926, -0.7753234505653381, -1.3288209438323975, 0.16980135440826416, -1.193526029586792, 0.4709734618663788, 0.2939401865005493, 0.1279822587966919, -0.9344646334648132, 0.18166512250900269, 0.2953071594238281, -2.6324729919433594, 0.6359279155731201, -0.22976770997047424, 0.9639745950698853, 0.2710656523704529, -2.3317599296569824, -0.23084169626235962, 0.9220790863037109, 1.1612238883972168, 1.5227934122085571, 0.494070440530777, -0.053654104471206665, 0.9009221196174622, 1.063307285308838, 0.5106101036071777, -0.9344382286071777, 1.2040398120880127, -0.22026748955249786, -0.5370540618896484, 0.6343331336975098, -0.4866046905517578, -0.31848475337028503, 1.3607964515686035, -0.6222947239875793, 0.6641638875007629, -1.0544551610946655]",yunet,Facenet,1920,1080,/home/amos/media/tv/modern_family/Modern.Family.S09.1080p.DSNP.WEB-DL.DDP5.1.H.264-CRFW/Modern.Family.S09E17.Royal.Visit.1080p.DSNP.WEB-DL.DDP5.1.H.264-CRFW.mkv,Modern Family,2009,1442437,9,17,Ty Burrell,15232.0,0.757
154,684,162,870,408,834,270,744,270,0.924,5112,0,"[0.3507881164550781, 1.0611900091171265, 0.5849499106407166, -0.5213286280632019, -1.206774353981018, -0.8634087443351746, -1.5975674390792847, -0.03998716548085213, -0.012582747265696526, -0.9625324010848999, -0.7430789470672607, 1.3408235311508179, 0.9505181908607483, -0.14202408492565155, -0.56828773021698, 0.7302809357643127, 0.22262167930603027, 0.25187361240386963, -0.3610483705997467, 0.3445385694503784, -1.1662039756774902, 1.9976125955581665, -0.5536717772483826, 1.473560094833374, -0.25816020369529724, 0.9785232543945312, -2.5075206756591797, 2.6957106590270996, 0.9141064286231995, -2.007174015045166, -0.8602633476257324, -0.7881358861923218, -0.20394068956375122, 0.6466750502586365, 1.4297733306884766, 0.376040518283844, 0.6868638396263123, -0.4486137628555298, 0.9291576147079468, 2.152357816696167, -0.13869959115982056, 0.3906576931476593, -0.36674565076828003, 0.1813385784626007, -0.2823728919029236, 0.7228054404258728, 0.08229629695415497, -0.2410077452659607, 0.496645450592041, -1.8901402950286865, 0.4111989140510559, -1.1611500978469849, -1.2900233268737793, -0.8237533569335938, 0.2632322311401367, 1.245686411857605, 1.6457260847091675, 0.81605064868927, -0.11973774433135986, 0.24393165111541748, 1.3243024349212646, -0.5063787698745728, -1.5494669675827026, 0.0038909651339054108, -0.07782836258411407, 1.8929482698440552, 1.7731804847717285, 0.3334091603755951, 1.370774507522583, -0.826358437538147, 0.17610949277877808, 1.8819348812103271, 0.45273786783218384, 1.0033197402954102, 0.6524394750595093, -0.030632469803094864, 0.5542778968811035, 0.6952235698699951, 0.8582313060760498, 0.5097785592079163, -0.45660653710365295, -1.5355443954467773, 0.49866434931755066, 0.04175620526075363, -1.5401747226715088, -1.5054517984390259, 0.017382033169269562, -0.559866726398468, 0.12024980783462524, 0.38844090700149536, 0.9037665724754333, -1.5300488471984863, -1.1596444845199585, -1.4397484064102173, 0.7042234539985657, -1.324529767036438, 0.8624323010444641, 0.49605315923690796, 0.19562987983226776, -0.8410208225250244, 0.5952558517456055, 0.4796886444091797, -2.515881061553955, 1.3839523792266846, -0.20704182982444763, 0.8629451990127563, 0.5243215560913086, -2.8211123943328857, -0.43962976336479187, 0.019295355305075645, 1.0634024143218994, 1.1122456789016724, 0.5664985179901123, 0.04878280311822891, 0.8590223789215088, 0.9577803611755371, 0.45780298113822937, -0.2580074965953827, 1.2767572402954102, 0.08542263507843018, -0.7476504445075989, 0.9150638580322266, -0.03047003597021103, -1.1960054636001587, 0.6953586935997009, -0.49979832768440247, 0.7760299444198608, -0.9911022186279297]",yunet,Facenet,1920,1080,/home/amos/media/tv/modern_family/Modern.Family.S09.1080p.DSNP.WEB-DL.DDP5.1.H.264-CRFW/Modern.Family.S09E17.Royal.Visit.1080p.DSNP.WEB-DL.DDP5.1.H.264-CRFW.mkv,Modern Family,2009,1442437,9,17,Ty Burrell,15232.0,0.735
155,1206,198,1380,426,1332,288,1242,282,0.922,5112,1,"[-1.42585289478302, -0.5570857524871826, 0.19005277752876282, -0.8747648596763611, 1.5947052240371704, -2.140594720840454, -2.9801299571990967, 0.8980882167816162, -0.46275490522384644, -1.1892337799072266, 0.8930935263633728, 0.0693831667304039, -0.4590645432472229, -0.2624223828315735, 0.04946344718337059, -0.24030545353889465, -0.016505174338817596, -0.4257884621620178, -1.4304304122924805, -0.2102889120578766, -0.6888303756713867, -0.49665719270706177, 0.5468738675117493, 0.5071957111358643, -0.8019233345985413, 0.4296497404575348, -1.932809829711914, 0.8508127331733704, 0.19369757175445557, -2.33400297164917, 0.4291604161262512, -0.9873351454734802, 0.3033982813358307, -1.264063835144043, -0.35609832406044006, 2.7457797527313232, -0.7680423855781555, 0.9346207976341248, 0.25215792655944824, -1.048529028892517, -0.5477156043052673, 0.3373066484928131, 0.44473955035209656, -0.6211909055709839, -0.39251908659935, -0.3288898766040802, -1.2283879518508911, 0.4269236624240875, -0.44322526454925537, 0.02095465548336506, 1.9748210906982422, -2.2234840393066406, 0.8025843501091003, -0.23712190985679626, -0.2317139208316803, -0.4150846302509308, -0.06556770205497742, -2.2015607357025146, -0.0061360858380794525, 2.0766282081604004, -0.010184712707996368, -0.8038334250450134, -1.724748969078064, 0.3355286121368408, -0.2260981798171997, -1.4398618936538696, -0.5021361112594604, -1.6067970991134644, 1.229076623916626, 2.107196092605591, -1.0631636381149292, 1.3229907751083374, -3.774325370788574, 0.1665833443403244, 1.2711397409439087, 0.2997865080833435, -0.058805860579013824, 1.1358131170272827, 0.3769802451133728, -0.3838863968849182, -0.014363110065460205, 0.5057072639465332, 0.10274595767259598, -0.9234062433242798, -0.4471248686313629, 0.10811981558799744, 0.7408227920532227, 0.018214792013168335, -1.469276785850525, -0.8417205214500427, 1.215195894241333, -0.7231128215789795, -0.9181946516036987, -0.4303433299064636, 0.3824352025985718, -1.1233171224594116, -0.4500255882740021, 0.2905447483062744, 1.4959228038787842, -0.37331879138946533, -0.368388831615448, -1.8228296041488647, 0.04825173318386078, 0.7174437046051025, 1.0630910396575928, -0.7785508632659912, 1.1088414192199707, -0.907501220703125, -0.7382696270942688, 0.41392654180526733, 0.8646359443664551, -1.0395147800445557, -1.3535372018814087, 1.1709794998168945, 0.11280499398708344, 0.09135472774505615, 1.4836057424545288, 0.020402655005455017, -1.6734484434127808, 0.37931910157203674, 0.6055358648300171, -1.3208286762237549, -0.5150617361068726, -0.02687387727200985, -0.5871680378913879, -1.8172130584716797, -1.4393800497055054, 0.22404520213603973]",yunet,Facenet,1920,1080,/home/amos/media/tv/modern_family/Modern.Family.S09.1080p.DSNP.WEB-DL.DDP5.1.H.264-CRFW/Modern.Family.S09E17.Royal.Visit.1080p.DSNP.WEB-DL.DDP5.1.H.264-CRFW.mkv,Modern Family,2009,1442437,9,17,Julie Bowen,31171.0,0.737
156,678,156,876,408,834,264,744,264,0.929,5136,0,"[0.33630701899528503, 0.691770076751709, 0.21654285490512848, 0.14048519730567932, -0.8113425970077515, -0.808059811592102, -1.4652676582336426, 0.2655668556690216, -0.09328903257846832, -0.9815291166305542, -1.300200343132019, 1.1562154293060303, 0.9702635407447815, 0.1757066249847412, -1.1049327850341797, 0.9454192519187927, -0.34815260767936707, -0.27177494764328003, -0.285976380109787, 0.22708569467067719, -0.8995790481567383, 1.7254832983016968, -0.1154036819934845, 1.260699987411499, -0.07931642234325409, 1.2904105186462402, -2.4279186725616455, 2.817558765411377, 1.3136712312698364, -2.281275749206543, -0.8674294948577881, -0.7218597531318665, 0.23795083165168762, -0.12871289253234863, 1.204648733139038, 0.1233854591846466, 0.4630420207977295, -0.4308529496192932, 0.887738049030304, 1.5855813026428223, -0.008960774168372154, 0.7932242751121521, -0.36561688780784607, -0.6104851365089417, -0.16436907649040222, 1.0120781660079956, -0.27527013421058655, 0.28754645586013794, -0.29519039392471313, -1.8066737651824951, 0.489307701587677, -0.6888181567192078, -1.0346418619155884, -0.6683510541915894, 0.48319345712661743, 1.4370455741882324, 2.107062339782715, 1.0875519514083862, 0.6231576800346375, 0.22819218039512634, 1.258327841758728, -0.4488673210144043, -1.1824040412902832, 0.46151289343833923, -0.6277009844779968, 1.542079210281372, 1.961115837097168, 0.2554630935192108, 1.348013997077942, -0.7798439264297485, 0.06905098259449005, 1.6030999422073364, -0.24440732598304749, 1.6541492938995361, 0.19473010301589966, 0.000850290060043335, 0.43346545100212097, 1.4203777313232422, 1.3674910068511963, -0.2014736384153366, -0.07560864090919495, -1.447352409362793, 0.602368175983429, -0.6429471969604492, -1.8106615543365479, -1.9933916330337524, 0.36804667115211487, -0.5298161506652832, -0.25161775946617126, -0.01276787742972374, 0.8695642352104187, -1.6347570419311523, -0.8598618507385254, -1.3311831951141357, 0.44092467427253723, -1.3909356594085693, 0.8728324770927429, 0.13053502142429352, -0.02565206028521061, -0.6547132134437561, -0.37600427865982056, 0.3400946855545044, -2.3539905548095703, 1.4422259330749512, -0.11727660894393921, 0.3467797040939331, 0.6766405701637268, -2.7067861557006836, -0.5282226204872131, 0.8206292986869812, 0.8435407280921936, 1.1713451147079468, 0.8371164798736572, 0.1812232881784439, 0.5078772902488708, 1.082072377204895, 0.5314074754714966, -0.16413098573684692, 0.7895464301109314, -0.476873517036438, -0.6165988445281982, 1.0236297845840454, 0.09644477069377899, -0.6954072117805481, 1.4020159244537354, -0.513907253742218, 1.0133529901504517, -1.138815999031067]",yunet,Facenet,1920,1080,/home/amos/media/tv/modern_family/Modern.Family.S09.1080p.DSNP.WEB-DL.DDP5.1.H.264-CRFW/Modern.Family.S09E17.Royal.Visit.1080p.DSNP.WEB-DL.DDP5.1.H.264-CRFW.mkv,Modern Family,2009,1442437,9,17,Ty Burrell,15232.0,0.738
157,1158,210,1332,438,1224,288,1182,288,0.904,5136,1,"[0.21833981573581696, 1.3191144466400146, -0.34398847818374634, -0.6499736905097961, 1.9146729707717896, -0.3767848014831543, -0.22069627046585083, 2.1385843753814697, -0.1066470667719841, -0.08393704891204834, 3.112884521484375, 0.5668002367019653, -1.1788742542266846, -1.3966195583343506, -0.6517045497894287, 0.1746968924999237, 0.9705703258514404, -1.20026433467865, -1.1998155117034912, 2.1145360469818115, -0.41472557187080383, 0.6096940636634827, -0.08075138181447983, 0.5947076082229614, -2.04573392868042, 1.8036348819732666, -0.48000743985176086, 0.1461467444896698, -0.34456807374954224, -2.1753923892974854, 1.062441349029541, -0.019351359456777573, -0.7923307418823242, -0.16272658109664917, 0.012516660615801811, 1.698817253112793, -0.2990869879722595, 0.029385369271039963, 1.787459135055542, -0.4832424819469452, -2.0885274410247803, 0.8840868473052979, 0.17608149349689484, -0.7676438689231873, 0.2647806704044342, -0.33311331272125244, 0.01535465195775032, -0.450139582157135, -0.3398037552833557, 0.8497898578643799, 0.9833569526672363, -1.6874157190322876, 0.027935288846492767, 0.08673352003097534, -1.154955506324768, 0.13215266168117523, 0.7826800346374512, -1.254772424697876, -0.11572352051734924, 0.058183006942272186, -1.2281221151351929, 0.17004771530628204, 0.6001895070075989, -0.3717947006225586, 0.09278730303049088, -0.5431965589523315, -0.4822443127632141, 0.028979238122701645, 0.9833732843399048, 1.7909774780273438, -1.0323877334594727, 0.8728903532028198, -3.3464584350585938, 1.6939823627471924, 0.686708927154541, 0.9327988624572754, -0.8844521045684814, 0.09032012522220612, -0.7227419018745422, 0.5883602499961853, -0.38370633125305176, -0.7714864015579224, -0.24874663352966309, -1.3039952516555786, 0.9378597736358643, 0.5681662559509277, 0.9476461410522461, 1.0673480033874512, -0.5594229698181152, -0.13488298654556274, -0.6894533038139343, -0.7922682762145996, -0.26417604088783264, -0.049774907529354095, 0.44803082942962646, -1.8453038930892944, -0.4665328562259674, -0.7538649439811707, 1.5067026615142822, -0.37746983766555786, -1.1225639581680298, -1.6487354040145874, -0.43918174505233765, 0.14218200743198395, 0.6627199053764343, 0.5363813042640686, 0.8311740756034851, 0.17140477895736694, -0.6152716875076294, 0.9594768285751343, 2.6111793518066406, -0.7424924373626709, -0.5728945732116699, 1.1960406303405762, 0.6501631140708923, 2.1699106693267822, -0.5394333600997925, -0.4498445391654968, 0.4313090145587921, -0.4185502827167511, -0.17939983308315277, 0.08827747404575348, -1.00999915599823, 0.02759520895779133, -0.7715015411376953, -2.331871509552002, -1.8350212574005127, -0.9777297973632812]",yunet,Facenet,1920,1080,/home/amos/media/tv/modern_family/Modern.Family.S09.1080p.DSNP.WEB-DL.DDP5.1.H.264-CRFW/Modern.Family.S09E17.Royal.Visit.1080p.DSNP.WEB-DL.DDP5.1.H.264-CRFW.mkv,Modern Family,2009,1442437,9,17,Julie Bowen,31171.0,0.577
158,702,186,888,438,846,282,762,288,0.913,5160,0,"[-0.022193677723407745, 0.6154056787490845, 0.5212393403053284, 0.18269020318984985, -0.6909142732620239, -0.7158088684082031, -1.3948187828063965, 0.1445026695728302, 0.11638710647821426, -0.47971269488334656, -0.8550849556922913, 1.1424624919891357, 1.560445785522461, 0.20326930284500122, -0.8419454097747803, 0.8222326636314392, 0.3555245101451874, -0.022233009338378906, -0.5954194664955139, 0.8244079351425171, -0.8369643688201904, 1.7364524602890015, 0.038019999861717224, 1.175614833831787, -0.3519074022769928, 1.2340459823608398, -2.5415008068084717, 2.8317408561706543, 1.1471104621887207, -2.2303450107574463, -0.845430850982666, -0.9848695397377014, -0.05971489101648331, -0.21183323860168457, 1.9946917295455933, 0.30989450216293335, 0.77425616979599, -0.3415246307849884, 0.747664749622345, 1.3916033506393433, 0.013158307410776615, 0.7008550763130188, -0.3166537880897522, -0.28592348098754883, -0.2530060410499573, 0.2641508877277374, 0.17890974879264832, -0.1299624741077423, 0.1579529494047165, -1.3123960494995117, 0.6485334038734436, -0.6468912959098816, -1.3469486236572266, -1.1962357759475708, -0.30241793394088745, 1.606752634048462, 1.9070513248443604, 0.8275083899497986, 0.8004770278930664, 0.22633710503578186, 1.4761654138565063, -0.2068931758403778, -1.0192441940307617, 0.31034600734710693, -0.7081295847892761, 1.4685312509536743, 2.063258409500122, 0.5180388689041138, 1.9392207860946655, -0.44484037160873413, -0.1882336586713791, 1.4896715879440308, -0.05806315317749977, 1.098486304283142, 0.5517263412475586, -0.10964131355285645, 0.9109679460525513, 0.38860923051834106, 0.3610406816005707, -0.40141016244888306, -0.3653004467487335, -1.6361746788024902, 0.6409508585929871, 0.058050669729709625, -1.4418110847473145, -1.8759287595748901, 0.7537832856178284, -0.7772036790847778, -0.12283247709274292, 0.11229699850082397, 0.09077595919370651, -1.8251816034317017, -1.00108003616333, -1.1301895380020142, 0.10877542197704315, -1.2789219617843628, 1.0475713014602661, -0.009909158572554588, 0.19596636295318604, -0.4648616909980774, 0.011810068041086197, 1.2864426374435425, -2.293576240539551, 0.858345091342926, 0.005137354135513306, 1.0311180353164673, 0.766867995262146, -2.7082138061523438, -0.09190385043621063, 0.6982294917106628, 1.2364561557769775, 1.799169659614563, 0.5648780465126038, 0.3837015628814697, 0.7656874060630798, 1.1683167219161987, 0.5925498008728027, -0.5196759104728699, 0.172067791223526, -0.494211882352829, -0.21115927398204803, 0.8299893140792847, 0.08932130038738251, -0.9089704155921936, 1.0005435943603516, -0.8365966081619263, 0.9940853714942932, -1.0904515981674194]",yunet,Facenet,1920,1080,/home/amos/media/tv/modern_family/Modern.Family.S09.1080p.DSNP.WEB-DL.DDP5.1.H.264-CRFW/Modern.Family.S09E17.Royal.Visit.1080p.DSNP.WEB-DL.DDP5.1.H.264-CRFW.mkv,Modern Family,2009,1442437,9,17,Ty Burrell,15232.0,0.75
159,1158,210,1332,438,1224,288,1182,288,0.905,5160,1,"[0.15604768693447113, 1.1626251935958862, -0.4127155840396881, -0.5950741767883301, 2.1020491123199463, -0.294107586145401, -0.17007990181446075, 2.1659696102142334, -0.10873143374919891, -0.18853358924388885, 2.7063655853271484, 0.6757006049156189, -1.5543959140777588, -1.1725021600723267, -0.7248493432998657, 0.040789686143398285, 0.7538963556289673, -0.7998495101928711, -1.0509802103042603, 2.2234408855438232, -0.34372541308403015, 0.7713803648948669, 0.17102143168449402, 0.3834507167339325, -1.6334770917892456, 1.7369805574417114, -0.4956039786338806, 0.36160460114479065, -0.32626277208328247, -2.4365298748016357, 0.7915636301040649, 0.39906877279281616, -0.40089577436447144, -0.11134492605924606, -0.18111081421375275, 1.6535379886627197, -0.39067190885543823, -0.1508452594280243, 1.6166119575500488, -0.5396877527236938, -2.423403739929199, 0.8490524888038635, 0.2109706997871399, -0.9055722951889038, 0.18328899145126343, -0.34250736236572266, -0.7170427441596985, 0.024083128198981285, -0.6398816108703613, 1.1256805658340454, 1.3505587577819824, -1.480872392654419, 0.23370328545570374, 0.2757716178894043, -1.076578140258789, 0.44172707200050354, 0.3812161684036255, -1.3280836343765259, -0.3210320472717285, -0.050249285995960236, -1.2612547874450684, 0.02449832856655121, 0.2588241398334503, -0.12112335860729218, 0.31616511940956116, -0.49832141399383545, -0.253524512052536, -0.02622026950120926, 1.0190520286560059, 1.652594804763794, -0.9930700659751892, 0.6942013502120972, -2.8841259479522705, 2.029402256011963, 0.5796350836753845, 0.623988151550293, -0.44103386998176575, -0.2139299362897873, -0.8568524122238159, 0.8709800243377686, -0.4814484119415283, -0.26469236612319946, -0.37758007645606995, -0.8290610909461975, 0.916879415512085, 0.40853896737098694, 1.3780386447906494, 0.5359950065612793, -0.28356438875198364, 0.2929695248603821, -0.9834420084953308, -0.5301477909088135, -0.5763854384422302, 0.03427138924598694, 0.148717001080513, -2.057283639907837, -0.5024109482765198, -0.9950610399246216, 1.074744701385498, -0.4477744698524475, -1.1280370950698853, -2.02921986579895, -0.5189008116722107, 0.1979711353778839, 0.46830201148986816, 0.21918553113937378, 0.7961487174034119, -0.3588927686214447, -0.136202871799469, 0.8690577149391174, 2.6580734252929688, -0.7229041457176208, -0.5479336977005005, 1.6306555271148682, 1.3279973268508911, 2.1343960762023926, -0.40459728240966797, -0.13461053371429443, 0.5910090208053589, -0.4124149978160858, -0.17326577007770538, 0.08085532486438751, -1.1229640245437622, 0.5714103579521179, -0.8267161250114441, -1.9609867334365845, -1.4848896265029907, -0.5696316957473755]",yunet,Facenet,1920,1080,/home/amos/media/tv/modern_family/Modern.Family.S09.1080p.DSNP.WEB-DL.DDP5.1.H.264-CRFW/Modern.Family.S09E17.Royal.Visit.1080p.DSNP.WEB-DL.DDP5.1.H.264-CRFW.mkv,Modern Family,2009,1442437,9,17,Julie Bowen,31171.0,0.6
160,1206,198,1374,420,1308,276,1242,276,0.919,5184,0,"[-0.3652499318122864, 0.4859478771686554, 0.1213512048125267, -1.354820966720581, 1.8584647178649902, -1.138207197189331, -2.447340726852417, 0.9565235376358032, 0.4774385392665863, -1.3711014986038208, 0.9903815388679504, 0.46554407477378845, -0.6631728410720825, -0.1958802342414856, -0.1083342432975769, -1.359531044960022, 0.24642129242420197, -0.6557597517967224, -0.668766438961029, -0.11532232910394669, -1.0115653276443481, -0.8879634141921997, 0.4731106162071228, -0.04213304817676544, -1.4796019792556763, 0.05074038729071617, -1.6987392902374268, 0.3616657555103302, -0.11375367641448975, -1.358583927154541, 0.4161546528339386, -1.1420375108718872, 0.39802518486976624, -2.6885530948638916, -1.1193420886993408, 1.9555023908615112, 0.08622411638498306, 0.5560052394866943, 0.11943218111991882, -1.2977434396743774, -0.6356687545776367, -0.2396313101053238, -0.014454811811447144, -0.5107998251914978, -0.1400631070137024, 0.20632874965667725, -1.2964357137680054, 0.015776190906763077, -0.36606884002685547, 0.42439207434654236, 1.6804585456848145, -2.243905782699585, 0.5277523994445801, -0.5624737739562988, -0.8703639507293701, -0.16827309131622314, 0.20623719692230225, -1.9321417808532715, 0.04931391403079033, 1.7134181261062622, -0.3099335730075836, -0.6615641117095947, 0.05317094177007675, 0.35923704504966736, -0.48357531428337097, -0.8350607752799988, -0.6108699440956116, -1.4006502628326416, 1.6872498989105225, 2.10969614982605, -0.8807803392410278, 1.73598313331604, -4.0840678215026855, 0.45662087202072144, 0.5751336812973022, 0.3355388343334198, -0.231435164809227, 0.1603395789861679, 0.0872151330113411, -0.24282772839069366, -0.39533987641334534, 0.7569091320037842, 0.5055638551712036, -1.0338330268859863, -0.19435051083564758, -0.4141046404838562, 0.47629401087760925, -0.2890476584434509, -1.3741995096206665, -1.0606226921081543, 0.6414119601249695, -1.5369693040847778, -0.6463361382484436, 0.05271676927804947, -0.4505131244659424, -1.2074062824249268, -0.44591179490089417, 0.5598453879356384, 0.6716368198394775, -0.7252300381660461, -0.41472750902175903, -1.5927656888961792, 1.3971580266952515, 0.6548224091529846, 0.12121691554784775, -0.19651097059249878, 0.36465927958488464, -0.7449698448181152, -0.29768112301826477, 1.018254041671753, 0.7410175204277039, -1.0366524457931519, -1.722045660018921, 1.4526069164276123, -0.007531387731432915, 0.40322303771972656, 1.1977487802505493, -0.32780763506889343, -1.6792082786560059, 0.45108717679977417, 0.3757615089416504, -0.17098872363567352, -0.16687467694282532, -0.15120887756347656, -1.2524933815002441, -1.622241497039795, -1.812710165977478, -0.18531885743141174]",yunet,Facenet,1920,1080,/home/amos/media/tv/modern_family/Modern.Family.S09.1080p.DSNP.WEB-DL.DDP5.1.H.264-CRFW/Modern.Family.S09E17.Royal.Visit.1080p.DSNP.WEB-DL.DDP5.1.H.264-CRFW.mkv,Modern Family,2009,1442437,9,17,Julie Bowen,31171.0,0.683
161,696,180,894,432,840,276,750,276,0.916,5184,1,"[0.2222554236650467, 0.7825318574905396, -0.12586171925067902, -0.2632162272930145, -0.6134098172187805, -0.513541042804718, -1.829020619392395, 0.8541993498802185, -0.1751362383365631, -0.1284819394350052, -1.1976114511489868, 0.8127588629722595, 1.5132784843444824, 0.11760939657688141, -0.32378479838371277, 0.3333616256713867, -0.6903811693191528, 0.3231927752494812, 0.07920155674219131, 0.6961249113082886, -1.0886800289154053, 2.128206729888916, -0.2709645628929138, 1.4198055267333984, 0.1422944962978363, 1.167354941368103, -2.6526033878326416, 2.790109634399414, 0.7850430011749268, -2.404585599899292, -0.6306992769241333, -0.6422240734100342, -0.11264161765575409, -0.20077365636825562, 1.1335992813110352, 0.6466528177261353, 1.192360281944275, -0.6818121075630188, 0.8607305288314819, 1.4450606107711792, 0.9785143136978149, 1.1857069730758667, 0.3300250172615051, -0.3789871335029602, -0.11652149260044098, 1.1750190258026123, -0.26152169704437256, 0.13896450400352478, -0.10944925993680954, -1.1907973289489746, -0.1579892486333847, 0.13205794990062714, -1.3331267833709717, -0.06998216360807419, -0.8107802271842957, 1.365598201751709, 1.300437092781067, 0.4795033931732178, 0.5136493444442749, -0.4219847321510315, 2.064366340637207, -0.34223800897598267, -1.3694233894348145, 1.0995184183120728, -0.18985646963119507, 1.3288424015045166, 1.9032846689224243, -0.11909224838018417, 1.591953158378601, -1.1786466836929321, -0.24358339607715607, 1.8583803176879883, 0.33660995960235596, 1.0994387865066528, 0.30634167790412903, -0.757477343082428, 0.6678376197814941, 0.8721407055854797, 0.41629642248153687, 0.7433500289916992, -0.5366159677505493, -1.0698249340057373, 0.966438889503479, 0.33204415440559387, -1.3801851272583008, -2.21352481842041, 0.5071642398834229, -0.09411860257387161, -0.23022165894508362, 0.5761914253234863, 0.09261341392993927, -1.8008710145950317, -1.2556440830230713, -0.5988495349884033, 0.5802552103996277, -1.7274305820465088, 1.250178337097168, -0.15966477990150452, 0.13164445757865906, -0.3784714937210083, -0.05446368083357811, 0.924314022064209, -2.102353096008301, 1.3853404521942139, -0.7299957275390625, 1.284087061882019, 0.6017416715621948, -2.0753588676452637, 0.07037153840065002, 0.6847483515739441, 1.2187670469284058, 0.8458220362663269, 0.6729748249053955, 0.7903431057929993, 1.1378676891326904, 1.2932854890823364, 0.6887426376342773, -0.6809630393981934, 0.8274292349815369, -0.6937540769577026, -0.47218894958496094, 1.1129428148269653, -0.17443755269050598, -0.633777379989624, 0.5129812359809875, -1.2910451889038086, 1.1833865642547607, -0.5797222852706909]",yunet,Facenet,1920,1080,/home/amos/media/tv/modern_family/Modern.Family.S09.1080p.DSNP.WEB-DL.DDP5.1.H.264-CRFW/Modern.Family.S09E17.Royal.Visit.1080p.DSNP.WEB-DL.DDP5.1.H.264-CRFW.mkv,Modern Family,2009,1442437,9,17,Ty Burrell,15232.0,0.744
162,696,180,894,438,834,282,750,282,0.916,5208,0,"[0.054372839629650116, 0.4997347891330719, 0.1687047779560089, 0.08191154152154922, -0.49350136518478394, -0.7161393761634827, -1.3378428220748901, 0.4313371181488037, -0.2948578894138336, -0.2937391400337219, -0.8426904678344727, 0.5955079793930054, 1.3574645519256592, -0.15634021162986755, -0.703353762626648, 0.5451944470405579, -0.2302306592464447, -0.01274050772190094, -0.3915223777294159, 0.6979449987411499, -0.830145001411438, 1.453770399093628, -0.06152937561273575, 1.30479097366333, -0.6483781337738037, 0.9778327941894531, -2.5739357471466064, 2.8925399780273438, 0.6715428829193115, -2.137291431427002, -0.7796684503555298, -0.9184321761131287, -0.09830381721258163, -0.00971696525812149, 1.5309264659881592, 0.7063430547714233, 0.5466884970664978, -0.5642367005348206, 1.0836127996444702, 1.4855214357376099, 0.5219399333000183, 0.9421905279159546, 0.06144280359148979, -0.345892995595932, -0.2660161256790161, 0.7063604593276978, 0.29149943590164185, 0.3765440583229065, -0.7522645592689514, -1.7028987407684326, -0.057937853038311005, 0.04857843369245529, -1.416706919670105, -0.16957570612430573, -0.47943535447120667, 1.5955690145492554, 1.8085795640945435, 1.1246483325958252, 0.007820557802915573, -0.2699407637119293, 1.5696977376937866, -0.4979287385940552, -1.0241966247558594, 0.871885359287262, -0.45491835474967957, 1.5912331342697144, 2.0134172439575195, 0.2083134949207306, 1.8003549575805664, -0.8164327144622803, 0.11669007688760757, 1.4433385133743286, 0.00419972836971283, 1.3024446964263916, 0.25134825706481934, 0.046688392758369446, 0.45968350768089294, 0.8166689872741699, 0.5744117498397827, 0.15460945665836334, 0.006613951176404953, -1.5079131126403809, 0.9913713932037354, 0.012758838012814522, -1.3831260204315186, -1.9683765172958374, 0.6948400735855103, -0.3008935749530792, -0.10824356973171234, 0.3249167203903198, 0.12579789757728577, -1.8426753282546997, -0.8149531483650208, -0.3638930320739746, 0.2896426320075989, -1.251651406288147, 0.7716183662414551, -0.4426368772983551, -0.2826227843761444, -0.2338356226682663, -0.33948415517807007, 1.0753836631774902, -2.352482318878174, 1.3157988786697388, -0.2862049639225006, 0.8022934794425964, 0.6485862135887146, -2.6598281860351562, -0.002704121172428131, 0.8111030459403992, 1.012370228767395, 1.497308611869812, 0.6679955720901489, 0.6339191794395447, 0.4470564126968384, 1.159446358680725, 0.18225771188735962, -0.6406370401382446, 0.5309766530990601, -0.8351578712463379, -0.7999050617218018, 1.2872066497802734, 0.040608786046504974, -0.9901924729347229, 0.8876377940177917, -0.7591001987457275, 1.336045503616333, -0.9949889779090881]",yunet,Facenet,1920,1080,/home/amos/media/tv/modern_family/Modern.Family.S09.1080p.DSNP.WEB-DL.DDP5.1.H.264-CRFW/Modern.Family.S09E17.Royal.Visit.1080p.DSNP.WEB-DL.DDP5.1.H.264-CRFW.mkv,Modern Family,2009,1442437,9,17,Ty Burrell,15232.0,0.753
163,1206,198,1368,420,1302,276,1236,276,0.915,5208,1,"[-0.28796690702438354, 0.8470996618270874, 0.6784247756004333, -1.695765495300293, 0.8714349269866943, -1.9212385416030884, -1.7797367572784424, 0.24540665745735168, 0.6911155581474304, -1.3769111633300781, 0.9286056160926819, -0.009213880635797977, -0.9061107039451599, -0.5450910329818726, 0.41046205163002014, -1.284524917602539, 0.6871285438537598, -0.056485582143068314, -0.44225162267684937, -0.2074344903230667, 0.01319342851638794, -0.7088475227355957, -0.7609821557998657, 0.5811138153076172, -1.8986173868179321, 1.177627682685852, -1.961769461631775, -0.0879892110824585, 0.28935331106185913, -1.030497431755066, -0.21955034136772156, 0.10928025841712952, -0.6816855669021606, -1.1432812213897705, -1.1019154787063599, 2.0991690158843994, -0.8898360133171082, -0.15784254670143127, 0.4183213710784912, -1.819531798362732, 0.10479757934808731, 0.4900912642478943, -0.43327757716178894, -0.13045871257781982, -0.9796134233474731, 0.3160880506038666, -0.06355316936969757, -0.9022560119628906, -1.687085509300232, 0.9272799491882324, 1.650152564048767, -2.711245059967041, -0.1315254271030426, -0.5398809313774109, -0.3090231120586395, -0.7809282541275024, 1.0060800313949585, -1.921237826347351, -0.9501111507415771, 1.5324947834014893, -0.4235934913158417, -2.199974536895752, 0.29655250906944275, 0.04949521645903587, 0.02169054001569748, -1.331281065940857, -0.32837504148483276, -2.1337225437164307, 1.154690146446228, 1.8918784856796265, -0.12075777351856232, 1.8020128011703491, -2.8394978046417236, -0.04786877706646919, 1.0963963270187378, 0.1440088450908661, -0.4276007115840912, -0.1287575364112854, -0.05609846115112305, -0.15729187428951263, -0.689730167388916, -0.2558928430080414, 0.07366718351840973, -1.796319603919983, -0.43658915162086487, 0.5797199010848999, 0.1998639702796936, -0.5552224516868591, -0.24135738611221313, -0.805796205997467, 0.8544158935546875, -0.7097150683403015, -0.8977062702178955, 0.3378056585788727, 0.5654487013816833, -1.6626331806182861, -0.5453703999519348, 0.7067289352416992, 0.11300691962242126, -1.8896057605743408, 0.776249349117279, -0.6195448040962219, 0.7389817237854004, -0.029319865629076958, 0.9522188305854797, -0.5829063057899475, -0.2831535041332245, -0.8684498071670532, -0.3311566710472107, 1.1262208223342896, 0.344351589679718, -0.712448000907898, -1.4084793329238892, 1.984992265701294, -0.35043013095855713, -0.5590645670890808, 0.7147305011749268, -1.2566590309143066, -1.2139935493469238, 1.059630036354065, -0.9400293827056885, 0.4534912109375, -0.07261797785758972, -0.909917414188385, -1.6213513612747192, -0.8535116910934448, -1.5243769884109497, -0.27137815952301025]",yunet,Facenet,1920,1080,/home/amos/media/tv/modern_family/Modern.Family.S09.1080p.DSNP.WEB-DL.DDP5.1.H.264-CRFW/Modern.Family.S09E17.Royal.Visit.1080p.DSNP.WEB-DL.DDP5.1.H.264-CRFW.mkv,Modern Family,2009,1442437,9,17,Julie Bowen,31171.0,0.582
164,696,198,906,468,846,318,762,312,0.919,5232,0,"[-0.11721350252628326, 0.7401727437973022, 0.6321690678596497, -0.25118356943130493, -0.30088719725608826, -0.5032185316085815, -1.3673367500305176, 0.8169904351234436, 0.4751354157924652, -0.22771774232387543, -0.3564942181110382, 0.9289923906326294, 1.0940648317337036, -0.17271731793880463, -1.0230082273483276, 1.0920659303665161, -0.15010805428028107, 0.06512531638145447, -0.4012773334980011, 0.5547537803649902, -0.6307047605514526, 1.77987539768219, 0.02432721108198166, 1.5835919380187988, -0.5858063101768494, 1.1749106645584106, -2.0221455097198486, 2.357269763946533, 0.8934565782546997, -2.213095188140869, -0.8202781677246094, -0.7480297684669495, 0.08212929219007492, -0.23563414812088013, 1.7437453269958496, 0.14019158482551575, 0.7500539422035217, -0.4256778955459595, 1.3871567249298096, 1.2900360822677612, 0.03467423468828201, 0.0779254212975502, -0.11242327094078064, -0.43154779076576233, -0.5538393259048462, 0.8482353687286377, 0.4477016031742096, -0.9353089332580566, -0.4030458331108093, -1.5375090837478638, -0.27515554428100586, 0.16005176305770874, -1.147442102432251, -0.734889805316925, 0.06578083336353302, 1.2096384763717651, 1.7198935747146606, 0.8305628895759583, 0.28088808059692383, 0.2218872606754303, 1.7027620077133179, -0.36576735973358154, -0.8191565275192261, 0.2418849766254425, -0.14468097686767578, 1.6469086408615112, 2.1470909118652344, 0.8713544607162476, 1.6648447513580322, -0.5002061128616333, -0.05934268981218338, 1.5727574825286865, -0.3705553114414215, 1.701023817062378, 0.40121564269065857, 0.2387208342552185, 0.235062837600708, 0.531252384185791, 0.8069193959236145, -0.10576072335243225, 0.1476917564868927, -1.656643033027649, 0.8852653503417969, -0.024484209716320038, -1.2050846815109253, -1.8094112873077393, 0.19329020380973816, -0.46659553050994873, -0.5510328412055969, 0.05658810958266258, -0.0004687383770942688, -1.8618568181991577, -0.8844778537750244, -1.064632773399353, 0.2079911231994629, -1.1851478815078735, 0.18012815713882446, 0.5932717323303223, -0.0459444634616375, -0.8856306672096252, -0.5709648728370667, 0.590957760810852, -2.514584541320801, 1.0052087306976318, -0.2961159646511078, 1.140213966369629, 0.3747676908969879, -2.391044855117798, -0.5760928392410278, 0.9094254970550537, 1.1632425785064697, 1.668485164642334, 1.1565849781036377, -0.16282100975513458, 0.4425469934940338, 1.2328015565872192, 0.2246219366788864, -0.8753248453140259, 0.6754474639892578, -0.24060077965259552, -0.5997287034988403, 0.8142036199569702, -0.021638885140419006, -0.5673224925994873, 1.1047321557998657, -0.7938260436058044, 1.1405537128448486, -0.883292019367218]",yunet,Facenet,1920,1080,/home/amos/media/tv/modern_family/Modern.Family.S09.1080p.DSNP.WEB-DL.DDP5.1.H.264-CRFW/Modern.Family.S09E17.Royal.Visit.1080p.DSNP.WEB-DL.DDP5.1.H.264-CRFW.mkv,Modern Family,2009,1442437,9,17,Ty Burrell,15232.0,0.742
165,1206,198,1368,420,1302,276,1236,276,0.917,5232,1,"[-0.019595377147197723, 0.7747913599014282, 0.46535077691078186, -1.7707674503326416, 0.3226419985294342, -1.4024468660354614, -2.355008840560913, 0.4857633709907532, 0.4691179692745209, -0.5137532353401184, 1.0481497049331665, 0.4346456229686737, -0.909878671169281, 0.8329014778137207, -0.2250748574733734, -0.896902322769165, 0.9022465944290161, 0.3020334243774414, -0.35413625836372375, -0.11440480500459671, -0.26864784955978394, -0.9487981200218201, -0.030477581545710564, 0.0970146581530571, -0.6479308605194092, 0.16054026782512665, -1.9725310802459717, 0.8397699594497681, -0.636458158493042, -1.9456360340118408, -0.31351956725120544, 0.5425042510032654, -0.022482678294181824, -1.0325531959533691, -0.9536033272743225, 1.5954318046569824, -0.588410496711731, 0.3575356602668762, -0.16458722949028015, -1.0773698091506958, -0.46243390440940857, -0.234841451048851, -0.0872342586517334, -0.4410949647426605, -1.2014739513397217, -1.1077539920806885, -1.2593132257461548, -0.39961907267570496, -0.4123547673225403, 0.14700272679328918, 2.2637195587158203, -3.4726808071136475, -0.014257870614528656, -0.9747539758682251, -0.278325617313385, -0.7183631658554077, 1.3477941751480103, -1.5387791395187378, -0.9020418524742126, 0.1902553141117096, -0.9804944396018982, -0.9362232089042664, -0.2985761761665344, 0.5986273288726807, 0.2262377142906189, -1.9983482360839844, -0.01452212780714035, -1.7391127347946167, 1.4883397817611694, 1.8522944450378418, -0.8059006333351135, 1.7150684595108032, -2.450982093811035, 0.6078295707702637, 0.5764726996421814, -0.32638511061668396, 0.7158185243606567, -0.5131289958953857, -0.039075542241334915, -0.5009359121322632, 0.10922951251268387, -0.23184773325920105, 0.003602162003517151, -1.4184728860855103, -0.5650895833969116, 0.6590852737426758, 0.4975411593914032, -0.8034408688545227, -0.863634467124939, 0.23116588592529297, 1.1205098628997803, -1.649460792541504, -1.0564510822296143, 0.007706116884946823, 0.31241708993911743, -1.7103512287139893, 0.17384456098079681, 0.9300614595413208, 0.7004309296607971, -1.3620173931121826, -0.2831858992576599, -0.4743504822254181, 0.6651101112365723, -0.5799033045768738, 0.5562577247619629, -0.6470634341239929, 0.028668466955423355, -1.1285440921783447, -0.11947354674339294, 0.7506524920463562, 0.3324529528617859, 0.09150367230176926, -1.8640769720077515, 2.0739662647247314, 0.10736854374408722, -0.2892759442329407, 1.7790242433547974, -1.024744987487793, -1.0950208902359009, 0.9658834338188171, -0.8980506658554077, 0.2271995097398758, -0.2695222496986389, -0.11884263902902603, -0.6043190956115723, -1.0956171751022339, -1.514581322669983, 0.27617454528808594]",yunet,Facenet,1920,1080,/home/amos/media/tv/modern_family/Modern.Family.S09.1080p.DSNP.WEB-DL.DDP5.1.H.264-CRFW/Modern.Family.S09E17.Royal.Visit.1080p.DSNP.WEB-DL.DDP5.1.H.264-CRFW.mkv,Modern Family,2009,1442437,9,17,Julie Bowen,31171.0,0.573
166,690,180,894,444,828,294,738,294,0.922,5256,0,"[0.15846391022205353, 0.7596155405044556, 0.33887776732444763, -0.24143844842910767, -0.7775343656539917, -0.7639256715774536, -1.6345897912979126, 0.35874563455581665, 0.08828665316104889, -0.20287580788135529, -1.166916847229004, 0.5858594179153442, 0.9871938824653625, 0.3358688950538635, -1.1741353273391724, 0.6205428242683411, -0.2673882246017456, -0.33035165071487427, -0.15010541677474976, 0.44551941752433777, -0.8015420436859131, 1.75299870967865, -0.2618274986743927, 1.6154648065567017, -0.31171485781669617, 1.3217405080795288, -1.9573546648025513, 2.492650032043457, 1.209313154220581, -2.353771924972534, -0.745070219039917, -0.5747886300086975, 0.30902954936027527, -0.3604007363319397, 1.6168513298034668, 0.3471757769584656, 0.7735918760299683, -0.2649502456188202, 1.3891425132751465, 1.8554209470748901, 0.13544568419456482, 0.45450109243392944, -0.08434648811817169, -0.5412811636924744, -0.3855251669883728, 0.6889459490776062, -0.25778234004974365, 0.15933546423912048, -0.3159499168395996, -2.097810745239258, 0.043222036212682724, 0.00926823727786541, -1.1526950597763062, -0.36778658628463745, -0.2452385425567627, 1.3641669750213623, 2.045297861099243, 1.1132357120513916, -0.03140407055616379, -0.04274292290210724, 1.4447169303894043, -0.6060227751731873, -1.6760624647140503, 0.5817406177520752, -0.6606553196907043, 1.9809072017669678, 2.5659236907958984, 0.3641713261604309, 1.7859748601913452, -0.5568594932556152, 0.16150031983852386, 1.7158994674682617, 0.07050126791000366, 1.6469764709472656, 0.08432815968990326, -0.13641852140426636, 0.8641912937164307, 0.7478063106536865, 0.8143301606178284, -0.07839454710483551, -0.07913202047348022, -1.283242106437683, 1.3754711151123047, -0.10816695541143417, -1.6781574487686157, -1.7590949535369873, 0.46153220534324646, -0.8867110013961792, -0.257856547832489, 0.21309947967529297, 0.049062274396419525, -1.9533915519714355, -1.002193570137024, -0.905610203742981, 0.4148121178150177, -1.2338463068008423, 0.4511541724205017, 0.4113265573978424, -0.21116037666797638, -0.7585103511810303, -0.47391772270202637, 0.7026951313018799, -2.4156761169433594, 1.453446388244629, -0.3814123570919037, 0.8610332608222961, 0.6696469783782959, -2.478936195373535, -0.1504887342453003, 0.7816219329833984, 1.003705620765686, 1.1531059741973877, 0.7622538805007935, 0.3767186999320984, 0.25016266107559204, 1.3517509698867798, 0.4659549593925476, -0.6579805016517639, 0.5289568305015564, -0.5670609474182129, -0.4483001232147217, 1.071710467338562, -0.28942275047302246, -0.9609063863754272, 1.1774629354476929, -0.3949752151966095, 1.4541088342666626, -0.924248456954956]",yunet,Facenet,1920,1080,/home/amos/media/tv/modern_family/Modern.Family.S09.1080p.DSNP.WEB-DL.DDP5.1.H.264-CRFW/Modern.Family.S09E17.Royal.Visit.1080p.DSNP.WEB-DL.DDP5.1.H.264-CRFW.mkv,Modern Family,2009,1442437,9,17,Ty Burrell,15232.0,0.757
167,1230,204,1404,432,1350,288,1260,288,0.918,5256,1,"[-0.4147355258464813, 1.6752891540527344, 0.37588298320770264, -2.019247531890869, 1.287603497505188, -2.282874345779419, -1.9338436126708984, 0.793431282043457, -0.12985220551490784, -1.3230416774749756, 0.9605736136436462, 1.4934582710266113, -0.08319227397441864, -1.101905345916748, 0.9194278717041016, 0.19857779145240784, -0.44737496972084045, -0.002969585359096527, -0.834650456905365, -0.5535984039306641, -0.5711836814880371, -0.593318521976471, 0.0879862979054451, 0.7457994818687439, -2.1024677753448486, 0.5736388564109802, -2.369438886642456, 0.9185889959335327, -0.9397801160812378, -0.8920163512229919, -0.30280593037605286, -1.7202410697937012, -1.0163894891738892, -1.0645787715911865, 0.0714196041226387, 1.784475326538086, -0.7362346053123474, -0.41523849964141846, 1.0488994121551514, -0.21200567483901978, -0.2117452472448349, -0.0194981899112463, 0.26390039920806885, -0.36714935302734375, 0.2224653959274292, 0.856497049331665, 0.3477790951728821, -0.6864773035049438, -0.8010827898979187, 0.46348994970321655, 0.13370990753173828, -2.2795655727386475, 0.36925384402275085, -0.35092103481292725, -0.9625977277755737, -0.622905969619751, 1.2035280466079712, -1.298551082611084, -0.35872766375541687, 1.520346999168396, 0.19972926378250122, -0.9165380597114563, -0.5541308522224426, -0.08971080183982849, 0.22572839260101318, -1.2626640796661377, -0.47685009241104126, -2.4085326194763184, 1.333418369293213, 1.594383716583252, 0.34519731998443604, 2.0902457237243652, -2.6972475051879883, 0.7288367748260498, 1.2078523635864258, -0.4702316224575043, -0.03581415116786957, 1.4921139478683472, 0.7754971385002136, -0.5823251008987427, -0.4031430780887604, -0.9968611001968384, 0.6328593492507935, -1.9233429431915283, 0.29120442271232605, 0.16726522147655487, 0.4123326539993286, 0.11768138408660889, -0.8773771524429321, 0.10002805292606354, 1.0408689975738525, -0.876329243183136, -0.41921254992485046, -0.5645030736923218, 0.5291273593902588, -0.9140719175338745, -0.019977305084466934, 0.6390814185142517, 0.33867326378822327, -0.8055499792098999, -0.2932364344596863, -0.8342446684837341, 1.0614802837371826, 0.6457154154777527, 0.8990499377250671, -0.4333276152610779, 0.4012490212917328, 0.31515979766845703, -1.1585506200790405, 1.5189008712768555, 1.137977123260498, -0.2146325260400772, -1.0514743328094482, 1.427659034729004, 0.08036164939403534, 0.371507853269577, 1.3884806632995605, 0.3954116702079773, -0.30680710077285767, -0.23577415943145752, -0.14187370240688324, -0.2373567521572113, -0.22813697159290314, -0.7234466671943665, -1.403917908668518, -2.382723093032837, -2.500195264816284, -1.0362799167633057]",yunet,Facenet,1920,1080,/home/amos/media/tv/modern_family/Modern.Family.S09.1080p.DSNP.WEB-DL.DDP5.1.H.264-CRFW/Modern.Family.S09E17.Royal.Visit.1080p.DSNP.WEB-DL.DDP5.1.H.264-CRFW.mkv,Modern Family,2009,1442437,9,17,Julie Bowen,31171.0,0.598
168,1206,222,1374,438,1320,306,1236,300,0.93,5280,0,"[-0.7121615409851074, 0.8847026824951172, 0.036053769290447235, -2.024630308151245, 2.01810622215271, -2.096727132797241, -2.740056037902832, 0.7063241600990295, 0.048201724886894226, -0.750649094581604, 1.7140941619873047, 1.221428394317627, -0.4005541205406189, -0.8897334337234497, 0.6590083837509155, 0.2852644920349121, 0.00497717410326004, -0.7000423669815063, -0.3264722228050232, -0.9485458135604858, -0.24789686501026154, -1.244019865989685, 0.06714873015880585, 0.7942647337913513, -1.0331826210021973, -0.25181183218955994, -2.4721438884735107, 1.3944315910339355, 0.09939698874950409, -1.4040285348892212, 0.2670574486255646, -1.2064992189407349, 0.016123101115226746, -1.0825417041778564, -0.11122936010360718, 2.27577805519104, -0.7231405973434448, 0.40859246253967285, 0.11259312182664871, -1.2338571548461914, -0.08130393177270889, 0.18342961370944977, -0.005873106420040131, -0.05053190141916275, -1.1040958166122437, 0.07837429642677307, -0.8821065425872803, -0.19131003320217133, -0.5580805540084839, 0.5577476024627686, 0.7016160488128662, -2.0995125770568848, 0.43004751205444336, 0.44439494609832764, -0.5218774676322937, -0.22073566913604736, 0.24659325182437897, -2.374439239501953, 0.09865535795688629, 1.953379511833191, -0.1787581741809845, -0.5585604310035706, -0.5584433078765869, -0.13700440526008606, 0.2894646227359772, -1.1593958139419556, -0.9032911062240601, -1.6450912952423096, 1.4715696573257446, 2.606194496154785, -0.3358958661556244, 1.5288457870483398, -3.9107179641723633, 0.9009173512458801, 0.6199219226837158, 0.15388545393943787, 0.5137381553649902, 0.7560449838638306, 0.44036900997161865, -0.3411961793899536, 0.04504335671663284, -0.17330047488212585, 0.586004912853241, -1.8067309856414795, 0.33461636304855347, -0.32060912251472473, 0.3099924325942993, 0.025095008313655853, -1.173312783241272, -0.2178523987531662, 1.0077491998672485, -1.3676261901855469, -0.45728054642677307, -0.544636607170105, 0.6127169728279114, -1.1009485721588135, -0.49263694882392883, 0.5636141300201416, 0.5740565657615662, -0.5139884948730469, -0.7419664263725281, -1.3563601970672607, 0.5771312117576599, 0.732815682888031, 0.791246771812439, 0.2744665741920471, 0.8512887358665466, -0.18556135892868042, -0.6833477020263672, 1.0743159055709839, 0.9041724801063538, -0.8224323391914368, -1.7112714052200317, 1.0543630123138428, 0.1796233206987381, -0.19454969465732574, 2.069514036178589, -0.6095640063285828, -0.9400027990341187, -0.1554422527551651, 0.7874308228492737, -0.2955220937728882, 0.2736683189868927, -0.46594345569610596, -0.2299751192331314, -2.047105312347412, -1.6061371564865112, -0.013449465855956078]",yunet,Facenet,1920,1080,/home/amos/media/tv/modern_family/Modern.Family.S09.1080p.DSNP.WEB-DL.DDP5.1.H.264-CRFW/Modern.Family.S09E17.Royal.Visit.1080p.DSNP.WEB-DL.DDP5.1.H.264-CRFW.mkv,Modern Family,2009,1442437,9,17,Julie Bowen,31171.0,0.682
169,702,198,906,480,846,318,756,312,0.929,5280,1,"[0.36395376920700073, 0.8682806491851807, 0.5633149743080139, -0.7047590613365173, -0.2766478359699249, -0.6125006079673767, -1.7256596088409424, 0.8125278949737549, -0.11259865015745163, -0.09499944746494293, -1.4281315803527832, 0.9640971422195435, 1.5607566833496094, 0.11554759740829468, -0.6848052740097046, 0.9182460308074951, -0.3667092025279999, -0.005044750869274139, 0.2211490422487259, 0.0956551730632782, -0.9882794618606567, 2.1708321571350098, -0.32769855856895447, 1.0516455173492432, -0.664198100566864, 1.0272282361984253, -2.103059768676758, 3.234215259552002, 0.40414220094680786, -2.2982795238494873, -0.8887313604354858, -0.6221181750297546, -0.051559776067733765, -0.5980205535888672, 1.609803557395935, 0.23739424347877502, 0.8582811951637268, -0.895901083946228, 1.2856369018554688, 1.4449127912521362, 0.09228423982858658, 0.17886561155319214, 0.5595851540565491, -0.5381622314453125, 0.17985117435455322, 1.0078115463256836, -0.2105248123407364, -0.4791501462459564, -0.22177143394947052, -1.586794376373291, -0.6347213983535767, 0.12012241780757904, -1.3934868574142456, -0.17962977290153503, -0.31401705741882324, 0.9647957682609558, 1.3352725505828857, 0.9070236086845398, 0.15286536514759064, -0.10735313594341278, 1.545006275177002, -0.3002326488494873, -1.0040104389190674, 1.0919536352157593, -0.5730666518211365, 1.4822463989257812, 2.1737539768218994, -0.269580602645874, 1.6789404153823853, -0.6736479997634888, 0.09263310581445694, 1.9582300186157227, 0.1880199909210205, 1.6878690719604492, 0.17897221446037292, -0.2056235671043396, 0.3070162236690521, 0.7843310832977295, 1.5335334539413452, 0.14804068207740784, 0.2120532989501953, -0.8683841228485107, 1.319745421409607, -0.06912986934185028, -1.4463279247283936, -2.7111172676086426, 0.4388952851295471, -0.7821008563041687, -0.46302664279937744, 0.19353125989437103, -0.27414849400520325, -1.7785862684249878, -1.5353668928146362, -1.072384238243103, 0.5965704321861267, -1.5022609233856201, 0.05809485539793968, 0.4795833230018616, 0.19145534932613373, -0.5568361878395081, -0.20104017853736877, 0.7210211753845215, -2.427420139312744, 1.3873622417449951, -0.5709190964698792, 1.2630634307861328, 0.516960859298706, -2.164128541946411, -0.5819000601768494, 0.584461510181427, 1.2935023307800293, 1.0981420278549194, 0.7055855989456177, 0.8219630718231201, 0.6851968169212341, 1.4899879693984985, 1.0281078815460205, -0.4708012342453003, 0.302500456571579, -0.5365451574325562, -0.31093329191207886, 1.1177303791046143, 0.04111438989639282, -0.3549770414829254, 0.7286843657493591, -0.8172628879547119, 1.3824882507324219, -1.2578082084655762]",yunet,Facenet,1920,1080,/home/amos/media/tv/modern_family/Modern.Family.S09.1080p.DSNP.WEB-DL.DDP5.1.H.264-CRFW/Modern.Family.S09E17.Royal.Visit.1080p.DSNP.WEB-DL.DDP5.1.H.264-CRFW.mkv,Modern Family,2009,1442437,9,17,Ty Burrell,15232.0,0.721
170,1224,174,1398,408,1338,258,1254,258,0.932,5304,0,"[-0.9124219417572021, 0.5643415451049805, 0.037024542689323425, -1.7097160816192627, 1.2582218647003174, -1.3594794273376465, -2.6406257152557373, 0.9199629426002502, -1.0047366619110107, -0.1084405779838562, 0.3648965358734131, 1.850278615951538, -0.07633742690086365, -0.7179100513458252, 0.9222902059555054, -0.25731146335601807, -0.2613838315010071, -0.6693945527076721, -0.6513915061950684, -0.03129827603697777, 0.5518529415130615, -0.4574401378631592, 1.1001801490783691, 0.04197762906551361, -1.2280642986297607, 0.444656640291214, -1.9976305961608887, 1.0037920475006104, 0.30462270975112915, -2.425410747528076, -0.17166028916835785, -1.0126487016677856, 0.11098157614469528, -1.4168535470962524, 0.3074261546134949, 1.2576731443405151, -0.764867901802063, 0.8815478086471558, 0.28956788778305054, -1.104272484779358, -1.6614831686019897, 1.0332472324371338, 0.4093104898929596, -0.8415222764015198, -1.1568950414657593, 0.8201989531517029, -0.9942366480827332, -0.057426512241363525, -1.2724156379699707, 0.19901882112026215, 1.2145808935165405, -0.8830475807189941, 0.4554026424884796, -0.4352656602859497, 0.1770157665014267, 0.09286123514175415, 0.132825568318367, -1.1813784837722778, -0.2968755066394806, 0.6995781064033508, 0.5227214097976685, -0.6379992365837097, -0.6914432048797607, 0.3271907567977905, -0.519327700138092, -1.751596212387085, -0.4528164863586426, -1.0620551109313965, 1.4490963220596313, 1.2054532766342163, -0.7725312113761902, 1.4234329462051392, -4.075895309448242, 0.40551239252090454, 1.5338313579559326, 0.5282699465751648, -0.2641466557979584, 0.5483341813087463, -0.5034579038619995, -1.0932267904281616, 0.19261205196380615, 0.45202139019966125, -0.5211541056632996, -0.23749427497386932, -0.44081148505210876, -0.12405826151371002, 0.7788498401641846, -0.10143965482711792, -1.7871592044830322, -1.1392147541046143, -0.009428538382053375, -1.8685020208358765, 0.7258450388908386, -0.07029040157794952, 1.0004783868789673, -1.0444626808166504, 0.233570396900177, 0.2905130684375763, 2.1322882175445557, -0.7009744644165039, -0.8122472167015076, -1.668208122253418, 0.28945738077163696, 1.182891607284546, 0.5263561606407166, -1.1271052360534668, 0.2528492510318756, -0.24249234795570374, 0.07301373034715652, 1.0106077194213867, 1.1347202062606812, -1.03946053981781, -1.256286859512329, 1.6839466094970703, 0.29586419463157654, 1.0991060733795166, 0.5404708385467529, 0.6389908194541931, -1.1496952772140503, 0.15084929764270782, 0.16006013751029968, -0.28754618763923645, -0.8878366947174072, 0.03052784688770771, -0.4932594895362854, -1.3155930042266846, -2.0013952255249023, -0.06087105721235275]",yunet,Facenet,1920,1080,/home/amos/media/tv/modern_family/Modern.Family.S09.1080p.DSNP.WEB-DL.DDP5.1.H.264-CRFW/Modern.Family.S09E17.Royal.Visit.1080p.DSNP.WEB-DL.DDP5.1.H.264-CRFW.mkv,Modern Family,2009,1442437,9,17,Julie Bowen,31171.0,0.656
171,702,216,906,486,852,324,762,324,0.924,5304,1,"[-0.1363515555858612, 0.5133056640625, 0.5367295742034912, -0.06897027045488358, -0.3283844292163849, -0.5239673852920532, -1.0371249914169312, 0.5855867862701416, 0.11140970140695572, -0.311384379863739, -0.6340684294700623, 0.7683464288711548, 1.3611822128295898, -0.1116303950548172, -1.1267579793930054, 0.9716362357139587, 0.11150911450386047, 0.022539108991622925, -0.2341752052307129, 0.5441583395004272, -1.1999467611312866, 1.7304067611694336, -0.0050828903913497925, 1.1350939273834229, -0.8588972687721252, 1.5845201015472412, -1.951758861541748, 2.73350191116333, 0.7438565492630005, -2.2197189331054688, -0.6915249824523926, -0.6602327823638916, 0.23805435001850128, -0.5758588314056396, 1.5523887872695923, 0.37929674983024597, 0.8806903958320618, -0.16036060452461243, 1.2351815700531006, 1.412043571472168, 0.0743536651134491, 0.35877150297164917, 0.22236783802509308, -0.3032976984977722, -0.07641913741827011, 0.8815745115280151, -0.06790250539779663, -0.28983214497566223, -0.4933164119720459, -1.5248035192489624, 0.26929768919944763, 0.0353190079331398, -1.4052335023880005, -0.41454583406448364, -0.2170596420764923, 1.423710823059082, 1.6455225944519043, 1.1347053050994873, 0.1331033706665039, -0.3288024663925171, 1.31358003616333, -0.1302163004875183, -1.0980478525161743, 0.879838228225708, -0.5088544487953186, 1.8049647808074951, 2.0968358516693115, 0.36456841230392456, 1.9886665344238281, -0.6930416822433472, -0.051993466913700104, 1.4325894117355347, -0.09503626823425293, 1.6790869235992432, 0.276539146900177, 0.4310777187347412, -0.09198642522096634, 0.5111828446388245, 0.8169240355491638, -0.09800662100315094, 0.14503201842308044, -1.01047682762146, 0.819564938545227, -0.22638332843780518, -1.390070915222168, -2.120650053024292, 0.633220911026001, -0.061236731708049774, -0.5769140720367432, 0.35021600127220154, -0.2753540277481079, -1.8358588218688965, -0.635415256023407, -0.7781854867935181, 0.03803207725286484, -1.1073112487792969, 0.4524781405925751, 0.276865690946579, -0.15344154834747314, -0.6883337497711182, -0.5221918821334839, 0.5436438918113708, -2.327552318572998, 0.968847930431366, -0.5762401223182678, 1.0968585014343262, 0.6200173497200012, -2.3051085472106934, -0.11435484886169434, 0.6893271207809448, 1.0431748628616333, 1.7199376821517944, 0.8526479005813599, 0.36187535524368286, 0.4120778441429138, 1.5645935535430908, 0.3839493691921234, -0.8643755912780762, 0.4837956726551056, -0.7704071402549744, -0.5409513711929321, 0.9787145853042603, 0.17200198769569397, -0.6025091409683228, 1.087013602256775, -0.7711248397827148, 1.3723984956741333, -1.1372030973434448]",yunet,Facenet,1920,1080,/home/amos/media/tv/modern_family/Modern.Family.S09.1080p.DSNP.WEB-DL.DDP5.1.H.264-CRFW/Modern.Family.S09E17.Royal.Visit.1080p.DSNP.WEB-DL.DDP5.1.H.264-CRFW.mkv,Modern Family,2009,1442437,9,17,Ty Burrell,15232.0,0.77
172,984,240,1128,432,1068,312,1008,318,0.906,5448,0,"[-1.8470045328140259, -0.09164193272590637, 1.1455022096633911, -1.6972604990005493, 0.6251727342605591, -1.2292958498001099, 0.3532518148422241, 0.5013794302940369, 0.14384949207305908, 0.3588572144508362, 0.674922525882721, 0.8945881128311157, -0.6428638696670532, -0.9841116666793823, -0.10815463960170746, 0.47866058349609375, -1.087393879890442, -1.1881533861160278, -2.007534980773926, -0.29424142837524414, 0.7683979272842407, -1.3843375444412231, -0.45151785016059875, 0.8951754570007324, -2.552457809448242, 0.12958979606628418, -0.4916266202926636, -0.456093430519104, 0.4639449119567871, -0.553450345993042, 0.812798023223877, -1.063784122467041, 0.9698740839958191, -0.9328668117523193, -1.0179256200790405, 0.8498345017433167, -1.7445534467697144, 0.45654943585395813, 0.939294695854187, -0.1636326164007187, -1.2848565578460693, 0.5515832901000977, -0.11001662909984589, -0.16014501452445984, -1.7430682182312012, -0.037327393889427185, -1.0770995616912842, -0.8700029850006104, -1.6243436336517334, -1.667104721069336, 1.4319419860839844, -2.477534055709839, -0.15236476063728333, -0.5467183589935303, -0.20536229014396667, -0.9336451292037964, 0.2259390652179718, -0.2827548086643219, -0.8525660634040833, 0.1693475842475891, -1.433287262916565, -0.7697009444236755, -1.8327343463897705, -0.9216020703315735, 0.0527099184691906, -1.3512154817581177, -0.8196590542793274, 0.11512410640716553, 1.2679996490478516, 0.8991818428039551, -0.6704182624816895, 1.5455472469329834, -2.0317535400390625, -0.18569466471672058, 1.49195396900177, 1.7210320234298706, -0.4037923514842987, 1.036865472793579, 0.04879800230264664, 0.13723787665367126, -0.33578020334243774, -0.2831219434738159, -1.19977867603302, -2.6533143520355225, -1.634122610092163, 1.117677927017212, 0.33204662799835205, 0.6886266469955444, -1.5963703393936157, 1.1127029657363892, 1.40103018283844, -0.8254050016403198, 0.2926686108112335, 0.5734922885894775, -0.14304427802562714, -0.4427848160266876, -1.367668628692627, 0.3371255099773407, 2.301851272583008, -0.5692157745361328, -0.6627436876296997, -1.1955054998397827, 0.025292418897151947, 0.23855836689472198, 0.6948986053466797, -2.070441484451294, -0.2867414653301239, -1.246403694152832, -0.6589363217353821, 1.2771497964859009, 1.716145634651184, -1.0688246488571167, -1.1989895105361938, 0.3180432915687561, -0.299495667219162, 1.86300528049469, 0.6620084047317505, 0.058522555977106094, -1.0681291818618774, 0.9855598211288452, -0.5971660614013672, -0.21682484447956085, -1.2286245822906494, -0.34086230397224426, -1.2999531030654907, -0.6154876351356506, -1.836472749710083, -0.1799284815788269]",yunet,Facenet,1920,1080,/home/amos/media/tv/modern_family/Modern.Family.S09.1080p.DSNP.WEB-DL.DDP5.1.H.264-CRFW/Modern.Family.S09E17.Royal.Visit.1080p.DSNP.WEB-DL.DDP5.1.H.264-CRFW.mkv,Modern Family,2009,1442437,9,17,Julie Bowen,31171.0,0.525
173,894,138,1110,438,1038,264,942,258,0.932,5472,0,"[0.8945209980010986, 0.9247325658798218, 1.0280778408050537, -0.28440970182418823, -1.5739187002182007, 0.06832762807607651, -0.6550753712654114, -0.11964549124240875, -1.0237287282943726, 0.18337738513946533, 0.5899207592010498, 0.850701630115509, 1.1915240287780762, 0.08725109696388245, -1.3768762350082397, 0.3883231282234192, 0.12464135140180588, -0.7369362115859985, -0.39027976989746094, 0.49253910779953003, -1.6255415678024292, 1.7700300216674805, -0.6023005843162537, 0.447658896446228, -0.3276884853839874, 0.42715707421302795, -2.584749460220337, 2.363708972930908, 0.9154850244522095, -1.653371810913086, -0.5338515043258667, -0.4572039842605591, -0.5990961194038391, -0.2664441466331482, 1.4852186441421509, 0.10925357043743134, 0.6472378373146057, 1.3927911520004272, 0.8527801036834717, 1.8231897354125977, 0.27985841035842896, 0.8619067072868347, -0.7512599229812622, 0.3852778971195221, -1.0770683288574219, -0.6594927310943604, 0.4802764356136322, -0.2319309115409851, 1.5199261903762817, -2.2656009197235107, 0.8336495757102966, -0.4121384620666504, -0.3335658311843872, -1.7513813972473145, -0.3981134295463562, 1.082375407218933, 1.5422074794769287, 1.0761867761611938, 0.038718823343515396, 0.2136143445968628, 1.0121159553527832, -0.38872671127319336, -1.689901351928711, -0.277445524930954, 0.020822856575250626, 1.5035263299942017, 2.305617332458496, 1.2724380493164062, 1.7735322713851929, 0.41498681902885437, -0.4869600236415863, 1.7195343971252441, -0.7357800006866455, 0.432908833026886, 0.6583839058876038, 1.0022902488708496, 0.08038081228733063, 1.1794012784957886, -0.1826917678117752, 0.5456784963607788, 0.6621001958847046, -1.7417787313461304, 0.24354565143585205, -0.12198095768690109, -1.734410285949707, -0.9758529663085938, -0.36093869805336, -0.8109721541404724, -0.6270922422409058, -0.04912327602505684, 1.0400962829589844, -2.2213265895843506, -0.6892979145050049, -1.1421540975570679, 0.9130566120147705, -0.4775879383087158, 0.7219204306602478, 0.17541322112083435, 1.4157459735870361, -0.8520956635475159, -0.31721031665802, 0.5869402885437012, -2.7814083099365234, 0.28298714756965637, -0.6055732369422913, 1.6981490850448608, 0.9351289868354797, -2.4530160427093506, -0.07357900589704514, 0.059877440333366394, 0.45159924030303955, 2.1313626766204834, -0.1335696130990982, -0.20056039094924927, 0.4431747794151306, 1.4283252954483032, -0.40619319677352905, -1.5858814716339111, -0.07935387641191483, 0.5696000456809998, -0.33255910873413086, -0.09265270829200745, -0.49364709854125977, -0.9870972633361816, 1.4247689247131348, -0.6627246737480164, 0.28677257895469666, -0.89532071352005]",yunet,Facenet,1920,1080,/home/amos/media/tv/modern_family/Modern.Family.S09.1080p.DSNP.WEB-DL.DDP5.1.H.264-CRFW/Modern.Family.S09E17.Royal.Visit.1080p.DSNP.WEB-DL.DDP5.1.H.264-CRFW.mkv,Modern Family,2009,1442437,9,17,Ty Burrell,15232.0,0.721
174,702,246,930,552,888,372,786,372,0.917,5496,0,"[0.5708873271942139, 0.7993475198745728, 0.4993760883808136, 0.39546999335289, -1.1822352409362793, 0.36865827441215515, -0.32109713554382324, 0.3115501403808594, -0.5559659004211426, -0.5007039308547974, 0.7313475608825684, 0.7976470589637756, 1.8421053886413574, 0.12388098239898682, -1.0792187452316284, 0.8900070786476135, -0.3174233138561249, -1.5242034196853638, -0.6775332689285278, 0.2711182236671448, -1.8600963354110718, 2.698316812515259, -0.6128697991371155, 0.6933860182762146, -0.4396125376224518, 1.7844783067703247, -1.4784116744995117, 1.8411945104599, 1.8733575344085693, -2.1077935695648193, -0.5985182523727417, 0.4768883287906647, -0.15892627835273743, -0.5690174698829651, 1.2228227853775024, 0.6510884165763855, 0.8970036506652832, -0.12545111775398254, 0.35136300325393677, 0.9988760948181152, 0.7608996033668518, 1.2805641889572144, -0.1358644962310791, -0.520024836063385, -0.5399598479270935, 0.7629032731056213, 0.6634223461151123, -0.9355258941650391, 1.1697207689285278, -0.7039084434509277, 0.2578926086425781, -0.5059497952461243, -0.8465704321861267, -0.838964581489563, -0.4662535786628723, 1.1388251781463623, 0.003785235807299614, 1.0749999284744263, 0.7916851043701172, -0.47336190938949585, -0.019908571615815163, -0.8097858428955078, -0.16079190373420715, 0.36008694767951965, -0.34064385294914246, 1.6418629884719849, 1.5891225337982178, 1.9797494411468506, 2.3150041103363037, -0.03214837610721588, -0.303878515958786, 1.847608208656311, -0.9833301901817322, 1.4525610208511353, -0.3589632213115692, 0.434223473072052, -0.3255978226661682, 1.003178358078003, 0.05704735964536667, 0.5640811920166016, 0.1657560169696808, -1.8942736387252808, -0.4116804599761963, 0.00779716856777668, -0.5692599415779114, -2.6038098335266113, -0.028755757957696915, -0.192085862159729, -1.2300115823745728, -0.9333664774894714, 0.9240772128105164, -1.9119834899902344, 0.35733669996261597, -1.3989598751068115, 0.11339098960161209, 0.07179233431816101, 0.5880452394485474, 1.5251587629318237, 0.7679726481437683, -1.3517388105392456, -1.1447956562042236, 0.03333728760480881, -1.576316475868225, 0.7896251082420349, -1.3258410692214966, 2.2328896522521973, 0.9234914183616638, -1.935300350189209, -1.220760464668274, 0.5465758442878723, 1.4630225896835327, 1.955441951751709, 1.107358455657959, -0.18994063138961792, 1.3249948024749756, 2.1039040088653564, 0.2591346204280853, -1.9005553722381592, 0.3779803216457367, 0.3760121464729309, -0.37631744146347046, -0.28164219856262207, 1.0478777885437012, -0.022020921111106873, 1.2905248403549194, -0.8678795099258423, 0.6185410022735596, 0.42188000679016113]",yunet,Facenet,1920,1080,/home/amos/media/tv/modern_family/Modern.Family.S09.1080p.DSNP.WEB-DL.DDP5.1.H.264-CRFW/Modern.Family.S09E17.Royal.Visit.1080p.DSNP.WEB-DL.DDP5.1.H.264-CRFW.mkv,Modern Family,2009,1442437,9,17,Ty Burrell,15232.0,0.736
175,762,222,990,516,954,354,864,348,0.907,5520,0,"[0.0849653035402298, 1.0836971998214722, 0.899477481842041, -0.25952574610710144, -0.34053143858909607, -0.1487952619791031, -0.22112233936786652, 0.39055687189102173, -0.8456741571426392, -0.2807319760322571, 0.3735499083995819, 1.3921713829040527, 0.7942305207252502, 0.170345276594162, -1.8595671653747559, 0.948952317237854, 0.10137303173542023, -0.38565170764923096, -0.2502675950527191, 0.9301080703735352, -1.3303427696228027, 1.790850281715393, -0.8518633246421814, 0.16077107191085815, -1.1678849458694458, 1.3798489570617676, -2.1847593784332275, 1.709153413772583, 0.17014636099338531, -2.244338035583496, 0.1974569857120514, -0.26800504326820374, 0.39272212982177734, -0.30151137709617615, 0.3377819061279297, 0.9230428338050842, 1.2761754989624023, -0.33660539984703064, 0.624394416809082, 1.3944804668426514, 0.48769885301589966, 0.5605766773223877, -0.22470536828041077, 0.5865465402603149, -0.4297313988208771, 0.11474764347076416, 0.1870327740907669, 0.3750404715538025, 0.1624639630317688, -1.6783920526504517, 0.551834762096405, -0.1735125482082367, -1.3412402868270874, -0.7949709892272949, 0.015021729283034801, 0.9553717374801636, 0.7394350171089172, 1.467764139175415, 0.557517945766449, -0.2914188802242279, 0.42999377846717834, -0.7003465294837952, -1.7854640483856201, 0.38185548782348633, 0.2734154164791107, 1.4351069927215576, 1.5792195796966553, 1.3608691692352295, 1.6795399188995361, 0.37107378244400024, -0.2613731324672699, 1.772320032119751, -0.7338339686393738, 1.8903520107269287, 0.10152240097522736, 0.8998075127601624, 0.25392910838127136, 0.7825887799263, 0.32232141494750977, 0.6690924763679504, -0.45581570267677307, -1.360482096672058, 0.20687615871429443, -0.5046069025993347, -1.037445306777954, -1.450411081314087, -0.09132787585258484, -0.11983563005924225, -0.5645406246185303, 0.35042455792427063, -0.41097477078437805, -1.88178551197052, -0.12524093687534332, -1.4184236526489258, 0.3607698380947113, -1.6322928667068481, 0.7472464442253113, 0.5972170829772949, 0.7665453553199768, -0.6455867290496826, -0.42688554525375366, 0.06961484998464584, -2.9497933387756348, 0.3324541449546814, -1.5114210844039917, 1.3642524480819702, 1.3875014781951904, -2.332566022872925, -0.4904000163078308, 0.6435908079147339, 0.28683316707611084, 2.5745768547058105, 1.2385163307189941, -0.32312119007110596, 0.8876446485519409, 2.0622715950012207, 0.43340423703193665, -1.6244218349456787, 0.48665308952331543, 0.10111211240291595, -0.4198078513145447, 0.43222346901893616, 0.09174741804599762, -0.29976320266723633, 1.3515576124191284, -1.2699768543243408, 0.997920572757721, 0.4126126766204834]",yunet,Facenet,1920,1080,/home/amos/media/tv/modern_family/Modern.Family.S09.1080p.DSNP.WEB-DL.DDP5.1.H.264-CRFW/Modern.Family.S09E17.Royal.Visit.1080p.DSNP.WEB-DL.DDP5.1.H.264-CRFW.mkv,Modern Family,2009,1442437,9,17,Ty Burrell,15232.0,0.722
176,936,234,1170,540,1116,354,1020,354,0.901,5544,0,"[0.7278169393539429, 1.0704326629638672, 0.5253368020057678, 0.4808294475078583, -1.580922245979309, -0.30778494477272034, -0.7060161232948303, -0.038260724395513535, -1.1153370141983032, -0.2854546308517456, 1.2748076915740967, 0.9374961853027344, 1.6680513620376587, -0.14558197557926178, -0.9982624053955078, 1.0857017040252686, 0.02119433507323265, -1.2363711595535278, -1.0923190116882324, 0.7338770627975464, -1.5789462327957153, 1.9040491580963135, -0.48308834433555603, 0.7468630075454712, -0.24809907376766205, 0.9482083320617676, -1.7412559986114502, 2.5674986839294434, 1.6465630531311035, -1.7242138385772705, -0.7393282651901245, 0.304782509803772, -0.832838237285614, 0.11883514374494553, 1.251115322113037, 0.6178283095359802, 0.9420539736747742, -0.37420952320098877, 0.08937305212020874, 1.4126473665237427, 0.7236879467964172, 1.1672234535217285, -0.12647715210914612, -0.012505315244197845, -0.6484957337379456, -0.04650513827800751, 1.13266122341156, -0.8031021356582642, 0.8050550818443298, -1.2623246908187866, 0.16743019223213196, -0.688213050365448, -0.5951810479164124, -0.4775986075401306, -0.8397724032402039, 1.3509188890457153, 0.9218353033065796, 1.294665813446045, 0.5125480890274048, -0.28488507866859436, 0.37107744812965393, -0.37589770555496216, -0.2562604546546936, 0.34855207800865173, -0.19907906651496887, 1.6619893312454224, 2.0724995136260986, 1.6216329336166382, 1.8115010261535645, -0.06900742650032043, -0.07658576965332031, 1.7872644662857056, -0.7763268351554871, 1.75266432762146, 0.15010912716388702, 0.8530328273773193, 0.36153820157051086, 1.342192530632019, 0.052243925631046295, 0.10184547305107117, 0.3900926411151886, -1.9168888330459595, -0.5042160749435425, -0.2670527696609497, -0.3123072385787964, -2.27675724029541, -0.4288357198238373, -0.6562277674674988, -0.755772590637207, -0.6639047265052795, 0.69090735912323, -2.236199378967285, 0.23439350724220276, -1.1895779371261597, 0.30936866998672485, 0.06521160900592804, 0.6353780627250671, 0.7099685072898865, 0.8940514326095581, -1.32490074634552, -1.0506618022918701, 0.5700494647026062, -1.7351760864257812, 0.2683187425136566, -0.7197099328041077, 2.258629322052002, 0.7966831922531128, -1.794305443763733, -0.898696780204773, 0.5810478925704956, 1.2614891529083252, 2.708650588989258, 1.0428431034088135, -0.5392462611198425, 0.9128550291061401, 2.075915575027466, -0.04988043010234833, -1.999211311340332, -0.21599441766738892, 0.4931884706020355, -0.16636033356189728, -0.4661983847618103, 0.9995362162590027, -0.8229154348373413, 1.6304113864898682, -0.6289423108100891, 0.6503573656082153, -0.23456691205501556]",yunet,Facenet,1920,1080,/home/amos/media/tv/modern_family/Modern.Family.S09.1080p.DSNP.WEB-DL.DDP5.1.H.264-CRFW/Modern.Family.S09E17.Royal.Visit.1080p.DSNP.WEB-DL.DDP5.1.H.264-CRFW.mkv,Modern Family,2009,1442437,9,17,Ty Burrell,15232.0,0.72
177,768,246,978,528,906,354,810,354,0.902,5568,0,"[-0.5687887668609619, 0.527292013168335, -0.8403149247169495, -1.1872848272323608, 1.466784954071045, -1.4660733938217163, -1.4128663539886475, 1.7978912591934204, -0.4020501971244812, -2.203753709793091, 1.4265097379684448, -0.5089857578277588, -0.06982874870300293, -0.06849757581949234, 0.19668513536453247, -0.004672233015298843, 0.7704833745956421, -0.5610851645469666, -2.2779669761657715, -0.0036549842916429043, -0.5344605445861816, -0.3105127811431885, 0.24528145790100098, 0.09866691380739212, -0.30748385190963745, 0.31538084149360657, 0.6630735397338867, 0.5727624893188477, -0.9124789237976074, -1.0643197298049927, 0.17617696523666382, 0.47739121317863464, 0.8895456194877625, -0.7283356785774231, -0.5568579435348511, -0.18997518718242645, 1.4044207334518433, 0.5201836228370667, 1.3874878883361816, 1.8060400485992432, -1.6035655736923218, -1.2978816032409668, 0.7246434688568115, -1.5216090679168701, -0.7426320314407349, -0.12067537009716034, 0.45142412185668945, -0.9550870656967163, 0.4292871356010437, -0.3863084018230438, -1.0969873666763306, -1.435356855392456, 0.31708264350891113, 0.07476295530796051, 0.2817387282848358, 0.23532727360725403, 0.6742764115333557, 0.4569090008735657, -0.10616977512836456, 0.9490013122558594, -0.6396741271018982, -1.0544198751449585, -0.8342908620834351, 1.264573097229004, -0.4141998887062073, -0.9227020144462585, -1.0359681844711304, -1.167008399963379, 0.9871959686279297, -0.5691958665847778, -0.10321027785539627, 1.0464353561401367, -1.3998775482177734, 2.0758745670318604, 0.7911310195922852, 0.13809555768966675, 0.9712285995483398, 0.7983896136283875, 0.8292102217674255, -0.2833552956581116, -0.8355454802513123, 0.07510164380073547, 0.28101322054862976, 0.02357739396393299, 1.0381498336791992, 1.5343599319458008, 1.0766133069992065, -1.6118948459625244, -2.0966203212738037, 0.7292904853820801, -0.03868294507265091, -1.2217700481414795, -1.101008415222168, -2.4939403533935547, -0.15715812146663666, 0.40449973940849304, -1.4585121870040894, 0.40066081285476685, -0.3325709104537964, -1.776842474937439, -1.8252182006835938, -1.335648536682129, 1.1427990198135376, 0.9700672626495361, 0.92233806848526, -1.2147862911224365, 0.5841977000236511, -1.0731980800628662, -0.6751794815063477, 0.17629489302635193, 1.7363262176513672, -1.5521180629730225, -0.03320779651403427, 0.956499457359314, -0.16588816046714783, 0.37058666348457336, 0.5587180852890015, 1.1654044389724731, 0.29625582695007324, 0.9213272929191589, 0.2756299376487732, -0.4777089059352875, -1.1036795377731323, 0.21499191224575043, -3.232053756713867, 0.3563389778137207, -1.8060064315795898, 0.2877773940563202]",yunet,Facenet,1920,1080,/home/amos/media/tv/modern_family/Modern.Family.S09.1080p.DSNP.WEB-DL.DDP5.1.H.264-CRFW/Modern.Family.S09E17.Royal.Visit.1080p.DSNP.WEB-DL.DDP5.1.H.264-CRFW.mkv,Modern Family,2009,1442437,9,17,Julie Bowen,31171.0,0.691
178,972,270,1218,582,1152,396,1032,390,0.905,5592,0,"[-0.6324666738510132, 0.9065699577331543, -0.7616719007492065, -0.6018214821815491, 1.292569875717163, -1.2137744426727295, -0.5552982687950134, 0.9548403024673462, -0.8986833095550537, -0.24693842232227325, 1.085613489151001, -0.3364563286304474, -1.0637791156768799, -1.1662566661834717, -0.02587890625, -0.903583288192749, 0.07582613080739975, -1.6715686321258545, -2.6163125038146973, 0.3027436137199402, -0.2607862949371338, 0.01547488197684288, 0.7992169260978699, -0.09389489144086838, -0.8776193857192993, -0.10831295698881149, 0.4136080741882324, 0.12597674131393433, -0.8527741432189941, -1.4746261835098267, 0.4303164780139923, 0.019435610622167587, -0.0915144607424736, -1.3222259283065796, 0.26772627234458923, 0.08379766345024109, 0.40530574321746826, 0.520793616771698, 2.0012571811676025, 0.28184837102890015, -2.8696136474609375, -0.9357637763023376, 0.7436587810516357, -1.2390462160110474, -0.06449243426322937, -0.4284258782863617, -0.08797410875558853, -0.39290282130241394, -0.6908693313598633, -0.0471557080745697, -0.004671789705753326, -1.3743764162063599, 1.3685352802276611, 0.34347009658813477, -1.2713996171951294, -0.5628381967544556, -1.0008751153945923, -0.5202260613441467, -0.9562259316444397, 0.607064962387085, -0.9981018304824829, -1.5085035562515259, -1.819718599319458, -1.348766565322876, -0.5785359740257263, -1.0840582847595215, -0.5506912469863892, -0.9231135845184326, 0.2249774932861328, 0.6357358694076538, -0.14450477063655853, 0.8561582565307617, -1.716854453086853, 0.6982264518737793, 0.5602443814277649, 0.591731071472168, 1.506805658340454, 1.009106159210205, 0.7179975509643555, -0.12054038792848587, 0.2979736924171448, 0.7650858163833618, -0.3031766712665558, -0.12697833776474, -0.36611780524253845, 1.1860804557800293, 1.2835453748703003, -2.5155370235443115, -0.8781359195709229, 0.2327084094285965, -0.4157792031764984, -1.3120510578155518, -1.5382070541381836, -0.9555327296257019, 0.14439763128757477, 0.1489812284708023, -1.7296985387802124, 0.4569067358970642, 0.6493309140205383, -1.0742026567459106, -0.6765308976173401, -2.1522903442382812, 0.8400068283081055, 0.7690420746803284, 0.45987510681152344, -0.8811877369880676, 0.9110119342803955, -1.100109577178955, -0.18561461567878723, 0.6997599005699158, 1.6817209720611572, -1.343960165977478, -0.19767186045646667, 0.9848014116287231, 0.09627602994441986, 1.0582160949707031, -0.9959111213684082, 0.559577465057373, -1.3138608932495117, 1.172810435295105, 0.11756249517202377, -1.8744580745697021, -1.7832558155059814, 1.5922859907150269, -2.318601131439209, 0.5627157092094421, -1.0132462978363037, 0.037635039538145065]",yunet,Facenet,1920,1080,/home/amos/media/tv/modern_family/Modern.Family.S09.1080p.DSNP.WEB-DL.DDP5.1.H.264-CRFW/Modern.Family.S09E17.Royal.Visit.1080p.DSNP.WEB-DL.DDP5.1.H.264-CRFW.mkv,Modern Family,2009,1442437,9,17,Julie Bowen,31171.0,0.681
179,852,180,1104,498,1062,312,960,312,0.908,5640,0,"[0.38756391406059265, 0.483868271112442, 1.5044978857040405, 0.07973175495862961, -0.7916955351829529, -0.6348183751106262, -0.6548359990119934, -0.5286057591438293, -0.48024871945381165, 0.43212392926216125, 0.7158666253089905, 0.37784621119499207, 0.23621533811092377, -0.37724214792251587, -2.183985471725464, 0.7405023574829102, -0.3960148096084595, -0.46812260150909424, -1.5681811571121216, 0.5607421398162842, -0.45504191517829895, 1.0240716934204102, -0.869780421257019, 0.3377861976623535, -1.0866742134094238, 1.0307238101959229, -1.7746201753616333, 1.6857666969299316, 0.20809021592140198, -1.356419324874878, 0.07352655380964279, -0.8593322038650513, -0.10508754104375839, 0.3748072385787964, 0.3887637257575989, 1.349013328552246, 0.188267320394516, -0.08486377447843552, 0.6092625856399536, 1.9099628925323486, 0.9894534349441528, -0.12884433567523956, 0.1991262584924698, 0.8392603397369385, -0.7493950724601746, 0.19588017463684082, 1.114519476890564, 0.5569106340408325, -0.8675511479377747, -2.9089558124542236, 0.16255462169647217, -0.7728629112243652, -1.2421374320983887, -0.8875370025634766, 0.19501003623008728, 0.6413257718086243, 1.6712161302566528, 1.4736932516098022, 1.0731704235076904, -0.9364043474197388, 0.7262445688247681, -0.7032254338264465, -2.0439157485961914, 0.2347252517938614, 0.2471974790096283, 1.9076380729675293, 0.942805290222168, 1.0267455577850342, 0.7084007859230042, 0.14787641167640686, -0.35757318139076233, 0.5043247938156128, 0.11935420334339142, 0.8876087069511414, 0.5491218566894531, 1.8442158699035645, 0.8240203857421875, 1.6742578744888306, 0.40428808331489563, 0.5586709380149841, -0.12223456054925919, -2.5154271125793457, 0.3048050105571747, -0.020028308033943176, -0.597546398639679, -1.2357323169708252, -0.6843599081039429, 0.31155508756637573, 0.33643338084220886, 0.37806108593940735, 0.4416298568248749, -1.7881267070770264, 0.5624997615814209, -0.9916571974754333, 0.8087069392204285, -1.2652641534805298, 0.7473543882369995, 0.0008597522974014282, 0.4053725600242615, -1.117429256439209, -0.3774834871292114, 0.21486032009124756, -2.9351439476013184, 0.26201948523521423, -0.7226881384849548, 1.4180575609207153, 1.4348692893981934, -1.6178961992263794, -0.2711729407310486, 1.0765798091888428, 1.211869716644287, 2.2325477600097656, 0.5562372207641602, -0.18321579694747925, 0.3252466320991516, 1.9543242454528809, -0.4165836274623871, -1.4116237163543701, 0.2835729718208313, -0.23543068766593933, -0.3421664237976074, 0.3850816786289215, -0.5574572682380676, -1.027325987815857, 1.6069056987762451, -1.4335455894470215, 1.2998262643814087, -0.11602877080440521]",yunet,Facenet,1920,1080,/home/amos/media/tv/modern_family/Modern.Family.S09.1080p.DSNP.WEB-DL.DDP5.1.H.264-CRFW/Modern.Family.S09E17.Royal.Visit.1080p.DSNP.WEB-DL.DDP5.1.H.264-CRFW.mkv,Modern Family,2009,1442437,9,17,Ty Burrell,15232.0,0.638
180,732,150,978,480,846,270,768,270,0.918,5664,0,"[0.06097570061683655, 0.1219889223575592, 0.21943363547325134, 0.9436719417572021, -1.5690319538116455, 0.4985916316509247, -0.2667694091796875, 0.5750049352645874, -0.32409176230430603, -0.7354533076286316, 1.8594319820404053, -0.16702355444431305, 0.8811537623405457, -0.04591988027095795, -0.4653983414173126, -0.08445790410041809, -0.2097976803779602, -0.22469937801361084, -1.3250287771224976, 1.4149249792099, -2.0506742000579834, 1.8285671472549438, 0.02000812441110611, 0.2769324779510498, 0.11572101712226868, 1.9503397941589355, -1.8061983585357666, 2.764747142791748, 2.497177839279175, -1.86671781539917, -0.352013498544693, 0.5992349982261658, -1.2957122325897217, -0.09572897851467133, 1.423120379447937, 0.650802493095398, -0.2194015085697174, -0.22627392411231995, 0.6342301368713379, 0.6237170696258545, 0.9570664763450623, 0.9181048274040222, -0.8593450784683228, -1.7237355709075928, 0.5887610912322998, -1.074916124343872, 0.5065219402313232, -0.6061761379241943, 1.530868411064148, -0.4994073212146759, 1.5585031509399414, -0.6486379504203796, -0.3390302062034607, -0.49518996477127075, -1.0192569494247437, 0.6840384602546692, 0.5906481742858887, 1.190860390663147, -0.7743778824806213, -0.3854788541793823, 0.9205693006515503, -1.0611990690231323, 0.5153294801712036, 0.2972302734851837, -0.4286046326160431, 1.6732934713363647, 1.9872651100158691, 1.6449211835861206, 2.182382106781006, -0.5119084119796753, -0.6047548055648804, 1.2425659894943237, 0.1728985458612442, 1.4187248945236206, 0.13990381360054016, 0.17952147126197815, 0.0835876315832138, 1.0158814191818237, 0.3261391222476959, 1.6814616918563843, -0.7374290227890015, -0.7960281372070312, 0.08866656571626663, -1.3153526782989502, -1.438284158706665, -1.1937141418457031, 0.13090217113494873, 0.1669733077287674, 0.22142860293388367, -0.28896141052246094, 0.7896291613578796, -0.916886031627655, -0.6467781066894531, 0.5398887395858765, 0.628322958946228, -0.5368780493736267, -0.15058423578739166, 1.14853835105896, 0.6243297457695007, -1.1111387014389038, -0.0527842715382576, 1.0965920686721802, -1.1173465251922607, 1.0422375202178955, 0.14371153712272644, 2.7325494289398193, 1.3730067014694214, -1.944965124130249, -0.6828598976135254, 0.006268149241805077, 1.0753145217895508, 2.6904690265655518, 0.38983994722366333, -1.0966088771820068, 1.6767933368682861, 2.1034412384033203, 0.163598895072937, -1.9225420951843262, 0.0828370600938797, -0.14247241616249084, -1.373680830001831, 0.9476070404052734, 1.2394312620162964, -0.7529950141906738, 0.4981827139854431, 0.16560009121894836, -0.1652396321296692, -0.027767786756157875]",yunet,Facenet,1920,1080,/home/amos/media/tv/modern_family/Modern.Family.S09.1080p.DSNP.WEB-DL.DDP5.1.H.264-CRFW/Modern.Family.S09E17.Royal.Visit.1080p.DSNP.WEB-DL.DDP5.1.H.264-CRFW.mkv,Modern Family,2009,1442437,9,17,Ty Burrell,15232.0,0.602
181,1104,198,1350,540,1230,336,1140,330,0.926,5688,0,"[0.31894028186798096, -0.45416387915611267, 0.8004826307296753, 1.1548223495483398, -0.09988584369421005, 0.43325507640838623, -1.1581175327301025, 0.22386163473129272, 0.5075583457946777, 0.26693838834762573, 1.3246674537658691, 0.8463186025619507, 0.9725088477134705, -0.5444715023040771, -1.3642311096191406, -0.2962173819541931, 0.030780818313360214, -0.6590253114700317, -1.9918291568756104, 1.0025113821029663, -1.2755823135375977, 1.111962914466858, 0.38650456070899963, -0.3400479555130005, -0.34599965810775757, 0.6749814748764038, -1.928565263748169, 2.3816747665405273, 1.4996036291122437, -1.7019762992858887, 0.39996910095214844, -0.630183756351471, -0.7898175120353699, -1.6901365518569946, 1.0912811756134033, 0.19505099952220917, -0.03484277427196503, 0.8431320190429688, 0.2895429730415344, 0.6678798198699951, 0.6945986747741699, 0.40545615553855896, -0.5795711278915405, -0.662817656993866, 0.3773556351661682, -0.68698650598526, 0.6569907665252686, -0.09178705513477325, 0.8522032499313354, -0.8712258338928223, 1.0064045190811157, -0.3938390910625458, -0.5772063732147217, -1.7245674133300781, -0.15550154447555542, 0.675291121006012, 1.4603904485702515, 0.8553254008293152, 0.5870129466056824, -0.39021143317222595, 1.395484447479248, -0.6052898168563843, -0.17316800355911255, -0.00015879981219768524, -0.7469204664230347, 1.4180104732513428, 1.0571885108947754, 1.6523489952087402, 0.9574866890907288, -0.7923828363418579, -1.9277528524398804, 0.5030944347381592, -1.1015831232070923, 0.5490323901176453, 0.7575746178627014, 0.7409100532531738, -0.23168788850307465, 1.2347545623779297, -0.31734320521354675, 0.34295570850372314, -0.3759753108024597, -1.6742823123931885, 0.2788497507572174, -0.49592551589012146, -2.016017436981201, -1.6389994621276855, -0.18249443173408508, 0.3041332960128784, -0.20105980336666107, -1.0299808979034424, 0.2662501335144043, -1.8491415977478027, 0.011958900839090347, -0.6296693086624146, 1.3450804948806763, -0.7766757607460022, 0.27304807305336, 0.4069942533969879, 0.7973724603652954, -1.192762017250061, -0.22768479585647583, 0.9394621849060059, -2.213231086730957, -0.2216707468032837, 0.27905699610710144, 2.285210371017456, 1.6943929195404053, -2.139247179031372, 0.39313825964927673, 0.38461950421333313, 0.8633072376251221, 2.7230193614959717, 0.27674436569213867, -1.1860768795013428, 0.7081173658370972, 2.398146390914917, -0.7402514219284058, -1.3634870052337646, -0.8185301423072815, -0.2734711170196533, -1.0257182121276855, -0.04207764193415642, 0.7425153255462646, -0.4802900552749634, 1.7181940078735352, -1.1561565399169922, -0.25738251209259033, -0.10225081443786621]",yunet,Facenet,1920,1080,/home/amos/media/tv/modern_family/Modern.Family.S09.1080p.DSNP.WEB-DL.DDP5.1.H.264-CRFW/Modern.Family.S09E17.Royal.Visit.1080p.DSNP.WEB-DL.DDP5.1.H.264-CRFW.mkv,Modern Family,2009,1442437,9,17,Ty Burrell,15232.0,0.66
182,1020,240,1266,582,1116,390,1044,390,0.921,5712,0,"[0.23125629127025604, -0.5003442764282227, 0.5925232172012329, 0.6217418313026428, -0.25822392106056213, 1.5475460290908813, -0.8993402719497681, 1.048338532447815, 0.6987331509590149, -0.3079373836517334, 1.6493407487869263, 0.27002549171447754, 0.10281853377819061, -0.5756665468215942, -1.2072237730026245, -0.1294407695531845, 0.26961809396743774, -0.06113123148679733, -1.052878737449646, 1.7908697128295898, -1.1358076333999634, 1.3652373552322388, 0.26655149459838867, -0.6586642265319824, -0.15703438222408295, 1.2315316200256348, -1.714089035987854, 2.2723588943481445, 1.6475646495819092, -1.5750305652618408, -0.062488853931427, -0.37003982067108154, -1.27369225025177, -1.4702626466751099, 0.9336906671524048, 0.5290418863296509, -0.0361715666949749, 0.2523578405380249, 0.5491670370101929, 0.9276907444000244, 0.1726384162902832, -0.06932546198368073, -0.9492424726486206, -1.16660737991333, 1.2505205869674683, -0.39219120144844055, 0.2485789656639099, -0.18889476358890533, 1.5108590126037598, -0.9588837623596191, 0.4988645911216736, -0.18304501473903656, -0.8672757744789124, -0.9550351500511169, -0.8022326231002808, 0.09589944779872894, 1.3417108058929443, 1.5762439966201782, 0.013474684208631516, -0.43605682253837585, 1.2147396802902222, -0.3770948052406311, 1.1057623624801636, 0.7008990049362183, -0.49418070912361145, 1.9751290082931519, 1.7390251159667969, 1.6698946952819824, 1.8587524890899658, -1.1285772323608398, -1.5883359909057617, 0.21795669198036194, -1.052835464477539, 1.052485466003418, 0.9606661796569824, 0.4295523762702942, -0.5272228717803955, 1.1711760759353638, -0.06964024901390076, 2.0709002017974854, -1.0223073959350586, -1.3562133312225342, 0.46543607115745544, -1.1824475526809692, -2.1203866004943848, -0.9692373275756836, -0.586021900177002, 0.7334645390510559, -0.48437342047691345, -0.722082793712616, 1.0384228229522705, -1.635493516921997, -0.32437703013420105, -0.2787172198295593, 0.5464311838150024, -0.678646445274353, -0.38619938492774963, 0.186334028840065, 0.5321594476699829, -0.2847408056259155, -0.5795578956604004, 1.0853939056396484, -1.335389494895935, 0.9121110439300537, -0.3327403962612152, 2.2513110637664795, 1.1483983993530273, -2.0468366146087646, 0.10828015208244324, 0.1475437879562378, 0.9509493708610535, 1.727184534072876, 0.37414851784706116, -1.0887055397033691, 1.4331310987472534, 2.1490638256073, -0.44661828875541687, -0.7200115323066711, 0.06613984704017639, -0.4550637900829315, -1.40346360206604, 1.2283927202224731, 0.7556865811347961, -1.0054354667663574, 0.6622186899185181, -0.8920359015464783, -0.19445984065532684, -0.1782558113336563]",yunet,Facenet,1920,1080,/home/amos/media/tv/modern_family/Modern.Family.S09.1080p.DSNP.WEB-DL.DDP5.1.H.264-CRFW/Modern.Family.S09E17.Royal.Visit.1080p.DSNP.WEB-DL.DDP5.1.H.264-CRFW.mkv,Modern Family,2009,1442437,9,17,Ty Burrell,15232.0,0.577
183,972,264,1218,588,1086,396,996,396,0.928,5736,0,"[0.39100682735443115, -1.0694544315338135, 1.6172977685928345, 0.8492393493652344, -0.9707295894622803, -0.026343518868088722, -1.4125083684921265, -0.06052626296877861, 0.6887900829315186, -0.251190721988678, 0.5574114918708801, -0.0035340487957000732, 1.0354281663894653, -0.03503478318452835, -1.0597244501113892, 0.5349756479263306, 0.32424241304397583, 0.18576645851135254, -1.3071213960647583, 1.9282727241516113, -0.7886595726013184, 1.1542471647262573, 0.631188690662384, 0.26011261343955994, -0.7794399261474609, 0.8867322206497192, -1.7454367876052856, 1.9770623445510864, 1.5494648218154907, -1.44550359249115, 0.3312709927558899, -1.4051681756973267, -0.08009607344865799, -0.6625640392303467, 0.9528591632843018, 1.6203961372375488, -0.34670552611351013, -0.07736719399690628, 0.6742715835571289, 1.2844977378845215, 0.23680159449577332, 0.003694707527756691, -0.4743833839893341, -1.505515456199646, 0.7622954249382019, -0.46747642755508423, 0.10988955199718475, -0.46327322721481323, 1.0833942890167236, -2.3934037685394287, 1.3097805976867676, -1.9531311988830566, -1.553001046180725, -1.4044326543807983, -0.27121424674987793, 0.07249142974615097, 1.576030969619751, 1.5112545490264893, 1.0811642408370972, -0.1895161271095276, 1.2451376914978027, -0.22484351694583893, -0.013715730980038643, -0.16135770082473755, -0.7572975754737854, 2.0094375610351562, 2.536374807357788, 0.8911392092704773, 1.1705836057662964, 0.9267772436141968, -0.9141690731048584, 0.636919379234314, 0.4053914248943329, 0.7387859225273132, 0.7240499258041382, 0.7673709988594055, -0.12436353415250778, 0.8115478754043579, 0.3169446289539337, 0.8373709917068481, -0.6161109209060669, -1.8495867252349854, 0.8823837041854858, -0.29485130310058594, -1.8676872253417969, -1.385819911956787, -0.316600501537323, -0.05644117668271065, -0.08016031980514526, -0.49504557251930237, 1.7243961095809937, -0.628451943397522, -1.0668678283691406, -0.19487813115119934, -0.9392068386077881, -1.0742937326431274, -0.24388647079467773, 0.6321049332618713, 0.6525341868400574, -0.44531741738319397, -0.4598534107208252, 0.8079007863998413, -1.825195074081421, 0.5669679641723633, 1.0463595390319824, 1.8779823780059814, 1.029839038848877, -1.8643633127212524, -0.5818768739700317, 0.8805959224700928, 1.243469476699829, 2.00262451171875, -0.011181928217411041, -0.9709565043449402, 1.3198102712631226, 1.560758352279663, 0.15333117544651031, -1.3014752864837646, -0.3396590054035187, -0.9135922789573669, -0.3888295292854309, 0.2833460867404938, -0.04518727958202362, -1.1537705659866333, 1.4392443895339966, -1.6024835109710693, 0.04588837921619415, -1.1489769220352173]",yunet,Facenet,1920,1080,/home/amos/media/tv/modern_family/Modern.Family.S09.1080p.DSNP.WEB-DL.DDP5.1.H.264-CRFW/Modern.Family.S09E17.Royal.Visit.1080p.DSNP.WEB-DL.DDP5.1.H.264-CRFW.mkv,Modern Family,2009,1442437,9,17,Ty Burrell,15232.0,0.573
184,984,246,1200,552,1080,378,1008,378,0.921,5760,0,"[0.7488569021224976, -0.3823651671409607, 1.1707967519760132, 0.06282419711351395, -1.2801053524017334, 0.4045880138874054, -1.0515048503875732, 0.32397931814193726, -0.20272445678710938, -0.34509462118148804, 0.6736474633216858, 0.16480614244937897, 0.49862736463546753, 0.04887935519218445, -1.0924052000045776, 0.5085135102272034, 0.38684946298599243, -0.21085946261882782, -1.1898168325424194, 1.4802807569503784, -1.1884716749191284, 1.3176295757293701, 0.7839785218238831, 0.1617734134197235, -1.1325522661209106, 0.1946823000907898, -2.1274569034576416, 1.7302101850509644, 1.178524136543274, -0.9606855511665344, -0.3938767910003662, -1.3007091283798218, -0.27759575843811035, -0.2861194908618927, 1.3272923231124878, 1.591220498085022, -0.33544471859931946, 0.3712264597415924, 0.7275221943855286, 1.4888163805007935, 0.5317137837409973, -0.2963021695613861, -1.2861378192901611, -0.9594815969467163, 0.7799874544143677, -1.112453579902649, 0.896300733089447, -0.14636963605880737, 0.8275368809700012, -2.4989969730377197, 1.1028130054473877, -1.2892481088638306, -1.160504698753357, -1.7036051750183105, -0.6783889532089233, 0.6537111401557922, 1.5154073238372803, 1.4190415143966675, 0.48468849062919617, 0.04349975287914276, 1.3796868324279785, -0.6212114691734314, -0.6135834455490112, -0.4405854344367981, -0.10099563747644424, 1.9538534879684448, 2.780221462249756, 1.473944902420044, 1.2298638820648193, 0.683639645576477, -0.7913406491279602, 1.3897650241851807, -0.02249550074338913, 0.7547639012336731, 1.2887670993804932, 0.9695218205451965, -0.09713748842477798, 0.8382624387741089, -0.05367597937583923, 0.6899237036705017, -0.868599534034729, -1.2570797204971313, 0.700264036655426, -0.3287288546562195, -1.3625906705856323, -1.1037867069244385, -0.11731959879398346, -0.6018970012664795, 0.22657790780067444, -0.22827748954296112, 1.1494083404541016, -0.8717546463012695, -0.7060056328773499, -0.23708266019821167, -0.4269556701183319, -0.9217926263809204, 0.2625856399536133, 0.4230520725250244, 0.7418496608734131, 0.051242388784885406, -0.3847944736480713, 0.5070411562919617, -2.423886299133301, 0.9577234983444214, 0.5349572896957397, 1.7785407304763794, 1.144801378250122, -1.6857062578201294, -0.047060392796993256, 0.9699036478996277, 0.6805612444877625, 2.4827537536621094, 0.12268339097499847, -0.9850894808769226, 0.769183874130249, 1.2759764194488525, 0.04663636535406113, -1.2575732469558716, -0.42197588086128235, -0.8593294024467468, -0.14431537687778473, 0.8719253540039062, -0.38590937852859497, -1.3782987594604492, 1.1244803667068481, -1.0907267332077026, -0.7905018925666809, -1.3564344644546509]",yunet,Facenet,1920,1080,/home/amos/media/tv/modern_family/Modern.Family.S09.1080p.DSNP.WEB-DL.DDP5.1.H.264-CRFW/Modern.Family.S09E17.Royal.Visit.1080p.DSNP.WEB-DL.DDP5.1.H.264-CRFW.mkv,Modern Family,2009,1442437,9,17,Ty Burrell,15232.0,0.597
185,684,96,840,318,828,180,774,180,0.91,5856,0,"[-0.022864878177642822, 1.4338221549987793, 1.584703803062439, -0.4671765863895416, -0.621974766254425, -0.5980567336082458, -1.2740634679794312, -0.3394261598587036, -0.788510799407959, -0.6595895886421204, 0.23306748270988464, 0.28460952639579773, -0.24800290167331696, -0.6520857810974121, -1.8399744033813477, 0.03253170847892761, 0.3186393976211548, -0.7114133238792419, -1.0612711906433105, 1.2600148916244507, -0.8691147565841675, 2.3561630249023438, -1.3801305294036865, 0.5707291960716248, -0.6448079347610474, 0.6321775317192078, -2.094404697418213, 2.222573757171631, 1.1467918157577515, -1.8534891605377197, 0.005452800542116165, -1.0795730352401733, -0.9424806833267212, -0.4500058889389038, 0.5525597929954529, 1.9166297912597656, 0.747276782989502, -0.512269139289856, 0.43858519196510315, 0.917543888092041, -0.6399259567260742, -0.48592397570610046, -1.8518867492675781, 0.5332380533218384, 0.12013275921344757, -0.04517851769924164, 0.8895533084869385, 0.5751698017120361, -0.7017894387245178, -2.1485331058502197, 0.35532277822494507, 0.25646767020225525, -1.1570589542388916, -0.49831652641296387, -0.5854666829109192, 0.46560215950012207, 0.5808514952659607, 0.721913754940033, 0.33073800802230835, 0.19536209106445312, 1.023951530456543, -1.3820422887802124, -0.9706806540489197, -0.4938327968120575, -0.2849788963794708, 2.9660520553588867, 2.0534379482269287, 0.8647010922431946, 1.3960230350494385, -0.05490849167108536, -0.5027320384979248, 0.2112470269203186, -0.702356219291687, 0.7528664469718933, 0.5010820031166077, 1.950930118560791, 0.02850523591041565, 1.4492543935775757, 0.8407729864120483, 1.2853351831436157, -0.34681177139282227, -0.8158808946609497, 0.26059624552726746, 0.8935959935188293, -0.8201994299888611, -0.10294972360134125, -0.20416097342967987, -0.5699417591094971, 0.46327564120292664, 0.1728924810886383, 0.8590022921562195, -1.6477817296981812, -0.015315689146518707, -1.2297340631484985, 0.3467004895210266, -0.3187946379184723, 0.1696094572544098, -0.576770007610321, 1.9784479141235352, -0.0779542401432991, -0.8240704536437988, 1.2970770597457886, -1.9356263875961304, 0.5039800405502319, -1.070688247680664, 1.278122901916504, 0.5530471205711365, -0.22120007872581482, 0.36833298206329346, -0.12857738137245178, -0.11913064867258072, 0.6435748934745789, 0.8615841865539551, -0.4434627890586853, 0.820552408695221, 2.4768168926239014, -0.20015183091163635, -0.8440359234809875, -0.7712963223457336, 0.07916750013828278, -0.27290815114974976, 0.8095089197158813, -1.076621651649475, -1.89279305934906, 1.3597910404205322, -0.33896440267562866, 0.6271203756332397, -1.557815432548523]",yunet,Facenet,1920,1080,/home/amos/media/tv/modern_family/Modern.Family.S09.1080p.DSNP.WEB-DL.DDP5.1.H.264-CRFW/Modern.Family.S09E17.Royal.Visit.1080p.DSNP.WEB-DL.DDP5.1.H.264-CRFW.mkv,Modern Family,2009,1442437,9,17,Ty Burrell,15232.0,0.653
186,852,114,1020,348,996,198,942,204,0.908,5880,0,"[0.077635757625103, 0.9530835151672363, 1.6910483837127686, -0.8245295882225037, -0.27297937870025635, -0.7379243969917297, -1.4232590198516846, -0.7598670721054077, -0.5834436416625977, -0.4539286196231842, 0.2536506950855255, 0.49697351455688477, 0.5478354096412659, -1.3677070140838623, -1.3482059240341187, 0.45582473278045654, -0.1062275618314743, -0.5834059119224548, -0.7287096977233887, 1.2119896411895752, 0.020904704928398132, 1.3523257970809937, -0.7119768261909485, 0.06739228218793869, -1.6060357093811035, 0.7777366042137146, -2.081946849822998, 2.516951084136963, -0.20429383218288422, -1.9328213930130005, -0.9312872886657715, -0.9555842280387878, -1.1809062957763672, -0.24867621064186096, 0.748591959476471, 1.6882508993148804, 0.7858030200004578, -0.7773520946502686, 0.9098650217056274, 0.5247275829315186, -0.21588674187660217, -0.26218318939208984, -0.9183335304260254, -0.06272465735673904, -0.3910798132419586, 0.014062978327274323, 0.7139612436294556, 1.046593189239502, -1.385869026184082, -1.804327368736267, 0.18613579869270325, 0.2847808301448822, -1.6024019718170166, -0.10017517954111099, 0.002083446830511093, 0.46633803844451904, 0.8574148416519165, 0.872551441192627, 0.08900518715381622, -0.03502604365348816, 1.2603766918182373, -1.2518656253814697, -0.8111400604248047, 0.4944378435611725, -0.48068514466285706, 2.5509204864501953, 1.673399806022644, 0.25086402893066406, 0.9562227725982666, 0.4655483663082123, -0.1423327624797821, 0.1282859444618225, -0.536198616027832, 0.8103390336036682, 0.9178738594055176, 1.8060531616210938, -0.3248429596424103, 1.3662892580032349, 0.38027873635292053, 0.20659886300563812, -0.42913690209388733, -1.333898663520813, 0.2963566780090332, 0.9808402061462402, -0.5277219414710999, -1.0414369106292725, 0.2155914157629013, -0.6950482130050659, 0.11843010783195496, -0.5995002388954163, 0.25727689266204834, -2.148327112197876, 0.6099200248718262, -1.001773476600647, 0.9025062322616577, -0.6565359234809875, 0.2873363494873047, -0.5041326284408569, 0.5797199010848999, -0.6499078273773193, -0.08689384162425995, 0.8372383713722229, -2.3158493041992188, 0.5044240355491638, -0.7826894521713257, 1.1549793481826782, 0.6949031949043274, -1.1253632307052612, 0.26535308361053467, 0.7742932438850403, 0.5688533186912537, 0.825651228427887, 0.7173398733139038, 0.15927429497241974, 0.2984204590320587, 2.328411340713501, -0.7615900039672852, -0.656360924243927, -1.1749730110168457, -0.11500941216945648, -0.6315611004829407, 0.6963155269622803, -0.07077017426490784, -1.5834006071090698, 1.370667576789856, -0.8291832208633423, 1.1759212017059326, -0.8510541319847107]",yunet,Facenet,1920,1080,/home/amos/media/tv/modern_family/Modern.Family.S09.1080p.DSNP.WEB-DL.DDP5.1.H.264-CRFW/Modern.Family.S09E17.Royal.Visit.1080p.DSNP.WEB-DL.DDP5.1.H.264-CRFW.mkv,Modern Family,2009,1442437,9,17,Ty Burrell,15232.0,0.683
187,840,114,1014,354,996,204,930,210,0.905,5904,0,"[0.513907790184021, 1.1844252347946167, 1.5600359439849854, -0.779502272605896, -0.8398395776748657, -0.5964012145996094, -1.456542730331421, -0.4576505124568939, -0.8762916922569275, -0.048331983387470245, -0.17486348748207092, 0.9490518569946289, 0.2876013517379761, -1.0504575967788696, -1.2719645500183105, 0.5922838449478149, 0.06510952860116959, 0.09099406003952026, -0.43416160345077515, 1.0502445697784424, -0.7719439268112183, 1.894391655921936, -0.25069475173950195, 0.4881732761859894, -0.6281400918960571, 1.0156399011611938, -2.401632070541382, 2.211538314819336, 0.25420647859573364, -1.996317982673645, -0.7390940189361572, -0.863114058971405, -1.087009310722351, -0.25002363324165344, 1.2900283336639404, 1.4765907526016235, 1.1629480123519897, 0.045925818383693695, 0.9888119101524353, 0.8955094814300537, -0.21356438100337982, 0.38042956590652466, -0.7548606395721436, 0.2339937686920166, -0.08704806119203568, -0.011153355240821838, 0.48335710167884827, 0.5189651846885681, -0.6027967929840088, -1.7097413539886475, 0.6362168788909912, -0.22144809365272522, -0.8219833970069885, -0.5592736601829529, 0.07287319004535675, 0.2734825313091278, 1.0420315265655518, 0.7879626750946045, -0.01829858124256134, 0.2788744568824768, 1.996529221534729, -0.9618191719055176, -1.8273980617523193, 0.053884219378232956, 0.10134889930486679, 2.481924057006836, 2.1220715045928955, 0.6643626093864441, 1.1039859056472778, 0.7043027877807617, -0.032824303954839706, 1.071915626525879, -0.607394278049469, 1.0742107629776, 1.4320776462554932, 1.2796679735183716, -0.3783528804779053, 1.561063289642334, 0.7461723685264587, 0.46666496992111206, -0.2692083418369293, -0.9031007289886475, 0.35941019654273987, 0.5996375679969788, -1.0589081048965454, -0.6618729829788208, 0.18087297677993774, -0.9471136927604675, -0.13348734378814697, -0.25922003388404846, 0.2190282642841339, -1.5058244466781616, -0.3253909647464752, -1.2142144441604614, 0.8849449753761292, -0.77064448595047, 0.33519247174263, -0.11573544889688492, 1.0301225185394287, -0.7398706674575806, -0.14616352319717407, 0.6783789396286011, -3.1225762367248535, -0.07243320345878601, -0.923006534576416, 1.0822278261184692, 0.44961798191070557, -1.3009672164916992, 0.33035480976104736, 0.42440342903137207, -0.22501283884048462, 1.4155299663543701, 0.9229202270507812, -0.3860671818256378, 0.319648414850235, 2.425123691558838, -0.7506862878799438, -1.053099274635315, -0.60660320520401, 0.22631721198558807, -0.2073938101530075, -0.2444133460521698, -0.28653889894485474, -1.5422053337097168, 1.6236903667449951, -1.0667321681976318, 1.051104187965393, -1.3271738290786743]",yunet,Facenet,1920,1080,/home/amos/media/tv/modern_family/Modern.Family.S09.1080p.DSNP.WEB-DL.DDP5.1.H.264-CRFW/Modern.Family.S09E17.Royal.Visit.1080p.DSNP.WEB-DL.DDP5.1.H.264-CRFW.mkv,Modern Family,2009,1442437,9,17,Ty Burrell,15232.0,0.727
188,852,120,1020,348,996,204,930,210,0.917,5952,0,"[-0.04239477962255478, 1.2760316133499146, 1.5115090608596802, -0.9082040190696716, -0.20961154997348785, -0.5091603398323059, -1.5983134508132935, 0.5209187269210815, -0.8372859358787537, -0.933544933795929, 0.31948745250701904, 0.19797886908054352, -0.21233069896697998, -0.6534208059310913, -1.420602798461914, 0.07601846754550934, 0.30304551124572754, -0.5645158290863037, -0.35944247245788574, 1.1983453035354614, -0.5668561458587646, 1.8802030086517334, -0.19522032141685486, 0.3613394796848297, -0.6530417799949646, 1.0417202711105347, -2.7740299701690674, 1.7854666709899902, 1.3276660442352295, -2.2482359409332275, -0.1399194449186325, -1.1685502529144287, -0.6432009339332581, -0.5134291648864746, 1.3552247285842896, 1.616528034210205, 1.5307835340499878, -0.25716379284858704, 0.6811845302581787, 0.6019765138626099, -0.6200491189956665, -0.007207098416984081, -1.6322509050369263, 0.3198411464691162, -0.2524911165237427, 0.14009283483028412, 0.6449790000915527, 0.5887765884399414, -1.031293511390686, -1.3983232975006104, 0.12493708729743958, 0.8897554278373718, -1.04740571975708, -0.07328545302152634, -0.43825021386146545, 0.6466785669326782, 0.44005048274993896, 0.552609384059906, 0.1501985788345337, 0.8322786688804626, 2.0122718811035156, -1.5322694778442383, -0.9141672849655151, -0.5266368985176086, -1.053612232208252, 2.704270839691162, 1.870821237564087, 0.9541170001029968, 1.4105013608932495, 0.5250719785690308, -0.3021441698074341, 0.4782622754573822, -1.2527220249176025, 0.8105573058128357, 0.8818488717079163, 1.8159605264663696, -0.02153683453798294, 1.3498992919921875, 0.6000842452049255, 0.6538081765174866, -0.5114822387695312, -0.6858260631561279, 0.12656274437904358, 0.42288970947265625, -0.5998836159706116, -0.7911627292633057, -0.16119271516799927, -1.3225438594818115, 0.5868250131607056, -0.3557256758213043, -0.33243682980537415, -1.8342310190200806, -0.5351788997650146, -1.405460238456726, 0.22798939049243927, -0.35453173518180847, -0.16626229882240295, -0.4488903284072876, 1.1643438339233398, -0.6411668658256531, -0.3378111720085144, 1.0106816291809082, -2.2734580039978027, 0.6505478620529175, -0.5845108032226562, 1.6315308809280396, 0.8492863774299622, -1.0230544805526733, 0.37306585907936096, 0.510369598865509, -0.31845664978027344, 0.9207118153572083, 1.1459195613861084, -0.9386003017425537, 0.4272763133049011, 2.0629537105560303, -0.6078531742095947, -1.8130922317504883, -1.1053425073623657, -0.38748857378959656, -0.14452408254146576, 0.34150463342666626, -0.8475716710090637, -1.413959264755249, 1.4461097717285156, -0.5176968574523926, 0.689990222454071, -0.9669719338417053]",yunet,Facenet,1920,1080,/home/amos/media/tv/modern_family/Modern.Family.S09.1080p.DSNP.WEB-DL.DDP5.1.H.264-CRFW/Modern.Family.S09E17.Royal.Visit.1080p.DSNP.WEB-DL.DDP5.1.H.264-CRFW.mkv,Modern Family,2009,1442437,9,17,Ty Burrell,15232.0,0.698
189,1104,156,1272,402,1254,252,1200,252,0.906,5976,0,"[0.03485707566142082, 0.5581557750701904, 1.7345731258392334, -1.0176210403442383, -0.5764106512069702, -0.3730488121509552, -1.5200268030166626, 0.12963776290416718, -1.3768173456192017, -1.0040749311447144, -0.16683238744735718, 0.7938259840011597, -0.17442400753498077, -0.693335771560669, -1.905226707458496, 0.0031069107353687286, 1.0358843803405762, -0.748382568359375, -0.6464653015136719, 0.9083738327026367, -0.7668200731277466, 1.52070152759552, -0.4541037678718567, 0.050306983292102814, -0.9335579872131348, 0.41478243470191956, -2.546461343765259, 2.0837817192077637, 0.9283105134963989, -1.8391839265823364, 0.04628583788871765, -0.9396035075187683, -0.8009600043296814, -0.9658069610595703, 0.7500407695770264, 1.3615771532058716, 1.4139217138290405, 0.13062573969364166, 0.36939388513565063, 0.9675990343093872, -0.6693023443222046, -0.021953871473670006, -1.8737058639526367, 0.45692527294158936, 0.5394412875175476, -0.06700582802295685, 0.8324119448661804, 1.1792361736297607, -0.5023434162139893, -1.3949817419052124, 0.5287634134292603, 0.008957251906394958, -0.7871916890144348, -0.5450478792190552, -0.34312015771865845, 0.8518920540809631, 0.18664446473121643, 0.39400532841682434, 0.1115155890583992, 1.1761940717697144, 1.6046451330184937, -1.510072112083435, -1.0622764825820923, -0.435517281293869, -1.1016850471496582, 2.6520495414733887, 1.8870452642440796, 0.887138307094574, 1.5194274187088013, 0.23464049398899078, -0.9114029407501221, 1.292521595954895, -1.1727485656738281, 0.6414887309074402, 1.179059624671936, 1.4778081178665161, -0.3986700773239136, 1.2743130922317505, 0.7451919913291931, 0.684687614440918, -1.3429290056228638, -0.5159459114074707, 0.032107189297676086, 0.2814716398715973, -1.0724443197250366, -0.2989200949668884, 0.3046085238456726, -1.5431478023529053, 0.7487303018569946, 0.13849882781505585, -0.025775320827960968, -1.6632698774337769, -0.4933982491493225, -1.321753978729248, 1.028853416442871, -0.3471740782260895, 0.7114738821983337, -0.5211726427078247, 1.8671715259552002, -0.05388250946998596, 0.5457794070243835, 1.1824942827224731, -2.0298075675964355, 0.5594224333763123, -0.6682562232017517, 1.100032925605774, 0.4634225070476532, -0.8738726377487183, 0.5221174955368042, -0.19855795800685883, -0.4333299994468689, 0.7431854009628296, 0.9051578044891357, -0.8710407018661499, 0.0653265118598938, 2.1715805530548096, -0.4913794696331024, -0.6123722195625305, -1.8129464387893677, -0.744409441947937, -0.16436105966567993, 0.4699583053588867, -0.9032679200172424, -1.5546562671661377, 0.6934629082679749, -0.2955719828605652, -0.19193409383296967, -1.7673707008361816]",yunet,Facenet,1920,1080,/home/amos/media/tv/modern_family/Modern.Family.S09.1080p.DSNP.WEB-DL.DDP5.1.H.264-CRFW/Modern.Family.S09E17.Royal.Visit.1080p.DSNP.WEB-DL.DDP5.1.H.264-CRFW.mkv,Modern Family,2009,1442437,9,17,Ty Burrell,15232.0,0.656
190,900,156,1086,426,1062,276,996,270,0.903,6024,0,"[0.692206621170044, 0.24659040570259094, 1.07163667678833, 0.08907995373010635, -0.1430094838142395, -0.4159901440143585, -0.9759179949760437, -0.4620683789253235, 0.3849053978919983, -0.12216724455356598, -0.39664584398269653, 1.4417365789413452, 1.1083652973175049, -0.5409954786300659, -2.2770543098449707, -0.11410831660032272, 0.32100749015808105, -0.5116685628890991, -0.6038292050361633, 0.6127997636795044, -1.2521562576293945, 0.9404389262199402, 0.014864638447761536, 0.08561986684799194, -0.6144824624061584, 0.5643593072891235, -1.2016210556030273, 1.8641085624694824, 0.15572872757911682, -1.854406476020813, -0.6506333351135254, -0.8820924162864685, -0.781363308429718, -1.2275595664978027, 0.016947194933891296, 0.6742019057273865, 0.7986107468605042, 0.6317610144615173, 0.861445426940918, 1.5068892240524292, 0.8028557300567627, 0.14628589153289795, -0.21046605706214905, 0.7213378548622131, -0.17424464225769043, 0.38845837116241455, 0.4795630872249603, -0.11889664828777313, -0.9356005191802979, -2.049642562866211, -0.20539720356464386, 0.11006636917591095, -1.2229883670806885, -1.016815423965454, 0.05941246449947357, 0.5421648621559143, 1.4935581684112549, 1.48585045337677, 0.44082745909690857, -0.42341095209121704, 1.843717098236084, -1.2032051086425781, -1.5732594728469849, 0.04525911808013916, -0.3144794702529907, 2.35595440864563, 1.3430464267730713, 1.0859934091567993, 0.4440514147281647, -0.5577419996261597, -1.064634919166565, 1.7065579891204834, -0.8013877868652344, 0.8659707307815552, 1.09101402759552, 1.2183758020401, 0.16856348514556885, 1.619674563407898, 0.48996883630752563, -0.24029119312763214, -0.6989333033561707, -0.8489711284637451, 0.7793927192687988, -0.05714879184961319, -2.0110621452331543, -1.2325453758239746, 0.2053767293691635, -1.0873651504516602, -0.757249116897583, -0.3276456892490387, -0.028442777693271637, -2.640017032623291, -0.05245276167988777, -1.7268507480621338, 1.1292444467544556, -1.3166401386260986, 0.4093778431415558, 0.07507914304733276, 0.27061447501182556, -1.0165610313415527, -0.18542566895484924, 1.2394176721572876, -2.389054298400879, -0.10943195968866348, -1.0715558528900146, 1.6026122570037842, 0.7901456952095032, -2.048034429550171, 0.11982016265392303, 0.15592356026172638, 0.672295093536377, 2.3946585655212402, 1.1748652458190918, -0.6389845609664917, -0.07545467466115952, 2.823328971862793, -1.4323841333389282, -0.6216434836387634, -0.49562111496925354, 0.12007506191730499, -0.7626790404319763, 0.6020967960357666, 0.2378232628107071, -1.1903194189071655, 1.5114415884017944, -1.132380723953247, 1.0375041961669922, -0.5730510950088501]",yunet,Facenet,1920,1080,/home/amos/media/tv/modern_family/Modern.Family.S09.1080p.DSNP.WEB-DL.DDP5.1.H.264-CRFW/Modern.Family.S09E17.Royal.Visit.1080p.DSNP.WEB-DL.DDP5.1.H.264-CRFW.mkv,Modern Family,2009,1442437,9,17,Ty Burrell,15232.0,0.738
191,906,156,1104,432,1080,270,1002,264,0.906,6048,0,"[-0.3797227740287781, 0.004785060882568359, 1.629544734954834, 0.41943612694740295, -0.4971320331096649, -0.21447618305683136, -1.314655065536499, 0.10106563568115234, 0.08230103552341461, -0.10984483361244202, -0.12090909481048584, 0.5645411610603333, 0.6920850872993469, -0.08679653704166412, -2.2058932781219482, 0.4807422161102295, -0.4332387149333954, 0.04163508117198944, -1.307638168334961, 1.3914741277694702, -1.0165692567825317, 1.7454776763916016, -0.2664722204208374, 0.634172260761261, -0.09250082075595856, 1.12285578250885, -1.7162710428237915, 2.101529598236084, 0.4812413454055786, -2.279911756515503, -0.03489524871110916, -1.0383330583572388, -0.23932890594005585, -1.001743197441101, 0.2610663175582886, 1.2207881212234497, 1.5532194375991821, -0.535003662109375, 0.6877303123474121, 0.9890204668045044, 0.8577858209609985, 0.5029399991035461, -0.03533357381820679, 0.5255027413368225, -0.2997697591781616, 0.38050058484077454, 0.3354579210281372, -0.1756191998720169, -0.7460932731628418, -1.707409381866455, 0.8294353485107422, -0.5922521948814392, -0.9796067476272583, -1.1853545904159546, -0.33109942078590393, 1.011470079421997, 1.866464614868164, 0.5206329226493835, 1.222636342048645, 0.3763777017593384, 2.586040735244751, -0.2520749270915985, -1.7048323154449463, 0.8202179074287415, 0.09077740460634232, 2.4094631671905518, 1.946289300918579, 0.946935772895813, 1.092827320098877, 0.019382530823349953, -1.2459769248962402, 1.7732806205749512, -0.3673912286758423, 1.200252890586853, 1.1937495470046997, 1.4052079916000366, 0.3756893277168274, 1.6923198699951172, 0.6015161871910095, 1.074618935585022, -1.3401665687561035, -0.8014554977416992, 0.8670576214790344, 0.721895694732666, -1.0564571619033813, -1.7371256351470947, 0.5975197553634644, -0.22645986080169678, -0.3243460953235626, 0.3201465308666229, 0.07593297958374023, -1.834667444229126, -0.8366169333457947, -0.8215651512145996, 0.29262351989746094, -1.4599131345748901, 0.6678435802459717, -0.1570005714893341, 1.0018181800842285, -1.0969924926757812, -0.1873166412115097, 0.3943788707256317, -2.7946724891662598, 0.004915883764624596, -0.39662086963653564, 1.0764901638031006, 0.49137818813323975, -1.4233272075653076, 0.34237393736839294, 0.5113644599914551, 1.2853833436965942, 1.3648130893707275, 1.5551077127456665, -0.054133400321006775, 0.4897715151309967, 2.723341941833496, 0.14025276899337769, -0.5578911900520325, -0.5466153025627136, -0.022665629163384438, 0.5455784201622009, -0.16494698822498322, -0.5922572612762451, -0.6475507616996765, 1.2335625886917114, -2.0581424236297607, 0.8278242349624634, -1.0795894861221313]",yunet,Facenet,1920,1080,/home/amos/media/tv/modern_family/Modern.Family.S09.1080p.DSNP.WEB-DL.DDP5.1.H.264-CRFW/Modern.Family.S09E17.Royal.Visit.1080p.DSNP.WEB-DL.DDP5.1.H.264-CRFW.mkv,Modern Family,2009,1442437,9,17,Ty Burrell,15232.0,0.661
192,1020,210,1212,480,1182,318,1128,318,0.906,6072,0,"[-0.2674633264541626, 0.4122801423072815, 1.340747594833374, -0.326886922121048, -0.5093641877174377, -0.4271228313446045, -1.4488680362701416, 0.6059642434120178, -0.9163349270820618, -0.7418257594108582, 0.6449734568595886, 1.796778917312622, 0.19718243181705475, -0.37619078159332275, -2.1077754497528076, 1.0825927257537842, -0.04640369862318039, -0.3183388113975525, -0.7794283032417297, 1.5540751218795776, -1.1168029308319092, 1.1008951663970947, -0.6398031711578369, 0.11212415993213654, -0.9842868447303772, 0.8971855640411377, -2.0062685012817383, 2.4146652221679688, 0.09442240744829178, -2.0689940452575684, -0.32012057304382324, -0.48479074239730835, -0.24286220967769623, -0.6364307999610901, 0.040228232741355896, 1.2684894800186157, 1.4706696271896362, -0.522920548915863, 0.8191656470298767, 1.1851258277893066, 0.3783276081085205, 0.9854867458343506, -0.7914966344833374, 0.45275944471359253, 0.022476429119706154, -0.07518135011196136, 0.34568870067596436, 0.8797205686569214, 0.027116239070892334, -0.7089371681213379, 0.3959256410598755, -0.16883330047130585, 0.08822543919086456, -0.9247864484786987, 0.041109614074230194, 1.3829553127288818, 1.3336929082870483, 1.2504597902297974, 1.1693652868270874, 1.1639947891235352, 1.5448514223098755, -0.46201688051223755, -1.2854784727096558, 1.1499286890029907, 0.26944461464881897, 2.065497875213623, 2.0032851696014404, 0.4111206531524658, 1.6026992797851562, 0.3287293314933777, -0.9371941685676575, 1.6483598947525024, -1.1274968385696411, 2.3033738136291504, 0.8332074880599976, 0.5248390436172485, -0.22467395663261414, 1.473954439163208, 0.652062177658081, 0.7172622084617615, -1.2868932485580444, -1.8185337781906128, 0.6426566243171692, 0.08620032668113708, -0.6069600582122803, -1.4118484258651733, 0.3002142608165741, -0.23045876622200012, -0.25413912534713745, 0.19319015741348267, -0.5195572972297668, -1.7073038816452026, -0.7896192669868469, -1.1079779863357544, 0.8323283195495605, -1.2657957077026367, 0.5070018768310547, -0.9909489154815674, 0.5990583300590515, -0.6112308502197266, -0.16183339059352875, 0.2617027759552002, -2.8203439712524414, 0.348556786775589, -0.5627540946006775, 0.9340276718139648, 0.9353694319725037, -1.806213617324829, -0.19429442286491394, 0.5838531255722046, 1.3197166919708252, 1.672504186630249, 1.3103855848312378, 0.3758500814437866, 0.4870263636112213, 2.4576830863952637, 0.19904568791389465, -0.5466898083686829, -0.5014946460723877, -0.2653464376926422, 0.11392731964588165, -0.45963308215141296, -0.3618807792663574, -1.0716315507888794, 0.5613740086555481, -1.603633165359497, 0.8896936178207397, -1.1115978956222534]",yunet,Facenet,1920,1080,/home/amos/media/tv/modern_family/Modern.Family.S09.1080p.DSNP.WEB-DL.DDP5.1.H.264-CRFW/Modern.Family.S09E17.Royal.Visit.1080p.DSNP.WEB-DL.DDP5.1.H.264-CRFW.mkv,Modern Family,2009,1442437,9,17,Ty Burrell,15232.0,0.701
193,948,192,1152,468,1134,312,1062,306,0.907,6096,0,"[-0.026225171983242035, 0.3924904763698578, 1.1511553525924683, -0.017011165618896484, -0.22067882120609283, -0.08800067752599716, -1.5426661968231201, 0.25652873516082764, -1.242981195449829, -0.92915278673172, -0.016083214432001114, 0.7847875356674194, 0.3609545826911926, -0.38984861969947815, -2.483874797821045, 0.2964572310447693, 0.40909239649772644, -0.826565682888031, -0.8438829183578491, 1.3625717163085938, -1.4392668008804321, 1.6463725566864014, -0.39270418882369995, -0.06578082591295242, -1.0478887557983398, 0.8650501370429993, -1.5781770944595337, 2.221205711364746, 0.18736295402050018, -1.9609473943710327, -0.09164321422576904, -0.3455319106578827, -0.36843496561050415, -1.0968751907348633, 0.18210984766483307, 1.6212668418884277, 1.2554044723510742, -0.5048244595527649, 0.617483377456665, 1.1250474452972412, 0.6757523417472839, 0.4125290513038635, -0.7877514362335205, 0.8409620523452759, 1.0251303911209106, -0.08452332019805908, 0.5960826277732849, 0.8797857761383057, 0.021053314208984375, -1.1024154424667358, -0.030541904270648956, 0.1374812126159668, -0.2693665623664856, -0.8832997679710388, -0.18438781797885895, 0.9866544008255005, 0.94574373960495, 1.0002912282943726, 0.6507600545883179, 0.8000596761703491, 1.7359447479248047, -0.9030944108963013, -1.2067415714263916, 1.2112327814102173, -0.7378501296043396, 2.6016409397125244, 2.0812923908233643, 0.059524379670619965, 1.6667042970657349, 0.157633975148201, -0.8614484071731567, 1.332221269607544, -0.9618731141090393, 1.9638429880142212, 1.1600732803344727, 0.8017923831939697, -0.5728409290313721, 1.794333815574646, 1.3532767295837402, 0.853059709072113, -0.713405966758728, -0.48211202025413513, 0.9910882711410522, 0.3106592297554016, -0.6838146448135376, -0.9680776596069336, 0.19761648774147034, -0.7693443298339844, -0.25635701417922974, -0.19252723455429077, -0.4514557421207428, -1.3463081121444702, -0.9946916699409485, -1.0475941896438599, 1.1209193468093872, -0.6906816959381104, 0.10788308084011078, -0.8722071647644043, 0.34563732147216797, -0.41437339782714844, -0.535508930683136, 0.40927815437316895, -2.921839714050293, 0.6773488521575928, -0.8969769477844238, 0.7670048475265503, 1.2260011434555054, -1.0105443000793457, -0.12532931566238403, -0.07844237983226776, 0.19380278885364532, 1.493239402770996, 1.4727908372879028, 0.5333837270736694, -0.2428438365459442, 2.630716562271118, -0.058867257088422775, -0.9523698091506958, -1.2252254486083984, -0.5908533930778503, 0.4367329478263855, -0.3602062463760376, -0.23375721275806427, -1.5458595752716064, 0.6527408957481384, -1.3987128734588623, 1.1052309274673462, -1.533124327659607]",yunet,Facenet,1920,1080,/home/amos/media/tv/modern_family/Modern.Family.S09.1080p.DSNP.WEB-DL.DDP5.1.H.264-CRFW/Modern.Family.S09E17.Royal.Visit.1080p.DSNP.WEB-DL.DDP5.1.H.264-CRFW.mkv,Modern Family,2009,1442437,9,17,Ty Burrell,15232.0,0.672
194,912,180,1122,480,1104,300,1032,300,0.916,6120,0,"[-0.6928451061248779, -0.3371388614177704, 1.2358691692352295, -0.0844494178891182, -0.35101452469825745, -0.8016257882118225, -1.1785352230072021, 0.4678812623023987, -0.8019012808799744, -0.168854758143425, -0.1210368424654007, 1.2358719110488892, 0.7360153794288635, -0.27259567379951477, -2.1236393451690674, 0.8238871097564697, -0.39571425318717957, 0.00955858826637268, -1.0304454565048218, 1.0415306091308594, -1.280839443206787, 1.662409782409668, -1.2852216958999634, -0.08004207164049149, -0.7506693005561829, 1.6395971775054932, -1.716774582862854, 2.608375072479248, 0.15831884741783142, -1.7099878787994385, -0.23361286520957947, 0.034161582589149475, -0.1496688723564148, -1.3847646713256836, 0.6627141833305359, 1.2264026403427124, 0.9757739305496216, -0.580132007598877, 0.5288638472557068, 1.096428394317627, 0.6766809821128845, 0.5059139728546143, -0.8093911409378052, 0.08080494403839111, 0.7879430651664734, -0.28932496905326843, 0.03982551023364067, 0.670989990234375, 0.3443552255630493, -1.5390269756317139, 0.6167058348655701, 0.24359354376792908, -0.8296083211898804, -1.4143425226211548, -0.5548872947692871, 1.1878353357315063, 1.044335126876831, 0.7070733308792114, 1.142417073249817, 0.5292363166809082, 1.70246160030365, -0.49207383394241333, -1.3720406293869019, 1.0557889938354492, -0.03204046189785004, 2.0940420627593994, 2.3233249187469482, 0.5742888450622559, 2.20540452003479, 0.22392290830612183, -0.5517599582672119, 0.9381941556930542, -0.5369681715965271, 1.3598194122314453, 1.5267159938812256, -0.34696993231773376, 0.07416670024394989, 1.4966102838516235, 0.30272752046585083, 0.8214250206947327, -0.7153948545455933, -1.6991852521896362, 0.23894259333610535, 0.3693455755710602, -1.38066828250885, -1.2508131265640259, -0.11099547147750854, -0.4294293522834778, -0.46495532989501953, 0.4618251323699951, -0.28848668932914734, -1.8262429237365723, -0.8171298503875732, -1.134028673171997, 0.4697350859642029, -0.9051240086555481, 1.193263053894043, -0.3477422297000885, 0.9689041972160339, 0.017987048253417015, -0.5680869817733765, 0.9311912655830383, -2.289426326751709, -0.05529839172959328, -0.6543157696723938, 1.279192328453064, 1.071884036064148, -1.7943229675292969, -0.2885954976081848, 0.9680597186088562, 0.9390859007835388, 1.992879033088684, 0.957715630531311, 0.13193687796592712, 1.3191536664962769, 2.554457902908325, 0.25385192036628723, -0.4866306185722351, -1.0336673259735107, -0.5133453607559204, 0.31824278831481934, -0.31270843744277954, -0.2594412565231323, -0.6539393663406372, 0.6906736493110657, -1.5950429439544678, 0.5799093246459961, -0.5092743635177612]",yunet,Facenet,1920,1080,/home/amos/media/tv/modern_family/Modern.Family.S09.1080p.DSNP.WEB-DL.DDP5.1.H.264-CRFW/Modern.Family.S09E17.Royal.Visit.1080p.DSNP.WEB-DL.DDP5.1.H.264-CRFW.mkv,Modern Family,2009,1442437,9,17,Ty Burrell,15232.0,0.669
195,924,174,1140,480,1122,306,1050,300,0.915,6144,0,"[0.03708827868103981, 0.65041184425354, 1.3428715467453003, -0.01765027642250061, 0.4635593891143799, -1.2728915214538574, -0.943923830986023, -0.20589497685432434, -0.7653090357780457, -0.486704021692276, -1.041753888130188, 1.4772073030471802, 0.8612271547317505, 0.15131783485412598, -1.8608835935592651, 0.26398754119873047, -0.7178694009780884, -0.7087074518203735, -0.8318448066711426, 0.9356160163879395, -1.3828279972076416, 1.7635964155197144, -0.5976437330245972, 0.07298712432384491, -1.3335243463516235, 1.3126908540725708, -1.1930841207504272, 1.903521180152893, -0.5507045388221741, -1.3612043857574463, -0.06829309463500977, -0.40166401863098145, 0.04212856665253639, -1.0360679626464844, -0.21154972910881042, 0.8863205313682556, 1.3789141178131104, -0.8375270366668701, 0.803374171257019, 1.1015349626541138, 0.7700085043907166, -0.2518838346004486, -0.6852585077285767, 0.2834521234035492, 0.26930198073387146, 0.31999272108078003, -0.3065645098686218, 0.713435173034668, -0.9800375699996948, -1.1934341192245483, 0.2913312613964081, 0.011310793459415436, -0.20583707094192505, -1.3637748956680298, -0.2809928059577942, 0.6682723164558411, 1.462524175643921, 1.0028008222579956, 0.886972963809967, -0.586106538772583, 0.6586629748344421, -1.2190767526626587, -2.0094316005706787, 0.7067988514900208, -0.9509326219558716, 1.1116223335266113, 1.936497688293457, -0.6973451375961304, 0.7367209196090698, 0.43511486053466797, 0.11952231079339981, 1.0736865997314453, -0.1962699294090271, 1.8119261264801025, -0.02104339376091957, -0.06394204497337341, 0.5319987535476685, 1.4837377071380615, 0.6557596325874329, -0.34842950105667114, -0.5469221472740173, -1.2908813953399658, 0.6963978409767151, 0.6192591190338135, -0.7949912548065186, -1.5209718942642212, 0.6331110000610352, -0.7418633699417114, -0.17883053421974182, -0.03204713761806488, -1.0602558851242065, -2.1563398838043213, -0.8238207697868347, -1.3631192445755005, 0.9594582915306091, -1.9881868362426758, 1.4557950496673584, -0.23073269426822662, 0.28426018357276917, -1.1063735485076904, -0.32469290494918823, 0.5398794412612915, -2.4656786918640137, -0.08315493911504745, -1.07671320438385, 1.1328856945037842, 1.5092180967330933, -1.9772493839263916, 0.03963538259267807, 1.2635788917541504, 0.3215923309326172, 2.2747206687927246, 1.399011254310608, 0.492642343044281, 0.8826518654823303, 2.3764734268188477, 0.027040641754865646, -0.9904733896255493, -1.029093623161316, -0.5103567242622375, 0.035145923495292664, -0.12861286103725433, -0.372249960899353, -0.7282673120498657, 1.0034726858139038, -1.2620513439178467, 1.1460250616073608, -0.024407364428043365]",yunet,Facenet,1920,1080,/home/amos/media/tv/modern_family/Modern.Family.S09.1080p.DSNP.WEB-DL.DDP5.1.H.264-CRFW/Modern.Family.S09E17.Royal.Visit.1080p.DSNP.WEB-DL.DDP5.1.H.264-CRFW.mkv,Modern Family,2009,1442437,9,17,Ty Burrell,15232.0,0.686
196,1194,204,1362,426,1296,288,1224,288,0.907,6192,0,"[-0.32821717858314514, 0.4897405803203583, -0.3694382607936859, -0.3590092957019806, 1.6111077070236206, -0.9662434458732605, -2.5338375568389893, 0.5384489893913269, -0.2745504081249237, -0.2264670878648758, 0.6216915249824524, 0.5172907710075378, -0.04574739560484886, -0.28794363141059875, 0.4996274411678314, -0.17677143216133118, -0.9043865203857422, -0.41618025302886963, -1.1761281490325928, -0.1877017319202423, 1.155529499053955, -0.5663520693778992, 1.1400882005691528, 0.643765389919281, -0.49133193492889404, 0.9272699356079102, -0.9800254106521606, 0.17285986244678497, 0.3784142732620239, -2.408742904663086, -0.3338896334171295, -0.28047123551368713, -0.9022486209869385, -0.4866134524345398, 1.1324946880340576, 1.862310528755188, -0.9645085334777832, -0.13034895062446594, 0.34502726793289185, 0.5642156600952148, -0.06804711371660233, 1.1842631101608276, 1.5323072671890259, -0.9069339036941528, -2.2609381675720215, 0.11981962621212006, 0.10373902320861816, -1.062840461730957, -0.8022816181182861, -0.9958919286727905, 0.5272074341773987, -2.3144829273223877, 0.5400711894035339, 0.48070085048675537, 0.7528889775276184, -0.9306663274765015, 1.3245919942855835, -1.0376631021499634, -0.0995868444442749, 0.1479681134223938, 0.14765161275863647, -1.524302363395691, -0.5952017903327942, -0.3481629490852356, -0.6791412830352783, -1.326338291168213, -0.22513386607170105, -0.18315869569778442, 0.8857821822166443, 1.5457408428192139, -0.5946728587150574, 2.381917715072632, -3.167064666748047, 1.6313955783843994, 1.0071755647659302, 1.0419553518295288, 1.3000761270523071, 2.3808517456054688, -0.3318287134170532, -0.7628215551376343, -0.3420213758945465, -0.2402239739894867, 0.34994441270828247, -0.9179958701133728, -0.3064485788345337, 0.07763004302978516, 0.8292109370231628, -0.712846040725708, -1.3978407382965088, -0.41391104459762573, 1.0803512334823608, -1.48802649974823, -0.43164971470832825, -0.6512694358825684, 0.2130301296710968, -0.5056493878364563, -0.6281464099884033, 0.39545372128486633, 2.2021243572235107, -1.2301443815231323, -1.989242672920227, -1.640874981880188, -0.23293843865394592, 0.8649700880050659, 2.0120890140533447, -1.5061239004135132, 0.5452947616577148, 0.5217105150222778, -0.36595970392227173, 0.7282101511955261, 2.3736114501953125, -1.1153514385223389, -0.6124358177185059, 1.2290701866149902, -0.00576726533472538, 1.2951124906539917, 0.936272382736206, 0.30700331926345825, 0.21078205108642578, 0.15273495018482208, 0.11129003018140793, -1.0950382947921753, -0.7350158095359802, -0.45982813835144043, -0.19992990791797638, -1.5003379583358765, -1.9986600875854492, -0.16919246315956116]",yunet,Facenet,1920,1080,/home/amos/media/tv/modern_family/Modern.Family.S09.1080p.DSNP.WEB-DL.DDP5.1.H.264-CRFW/Modern.Family.S09E17.Royal.Visit.1080p.DSNP.WEB-DL.DDP5.1.H.264-CRFW.mkv,Modern Family,2009,1442437,9,17,Julie Bowen,31171.0,0.646
197,912,168,1044,342,1014,240,960,240,0.918,6216,0,"[-2.08003830909729, -0.32920539379119873, -1.6831755638122559, -0.16736114025115967, 0.2437068074941635, -0.8057348728179932, -1.3622065782546997, -1.6497166156768799, -0.3552505671977997, -1.295811653137207, -0.9717659950256348, 0.1001167744398117, 0.06286846101284027, -1.2627507448196411, 2.2026803493499756, -0.7222248911857605, -2.466478109359741, -0.07347554713487625, -1.4723395109176636, -1.1527533531188965, -2.002108335494995, 0.9583796262741089, -0.19764885306358337, -0.17000135779380798, -0.3284641206264496, -0.2722226083278656, 1.2796887159347534, 1.069629192352295, -0.9586654901504517, 0.6751061081886292, 0.09737779945135117, -0.17634102702140808, 1.7700694799423218, -0.224042147397995, -0.5003752112388611, 0.9584915637969971, 0.49725186824798584, -1.6227984428405762, 0.2908119261264801, -1.0997626781463623, 0.7231310606002808, -0.03990209475159645, -2.9409422874450684, -1.928515911102295, 1.249611258506775, -2.641029119491577, 0.5507991909980774, 1.053334355354309, 0.38411378860473633, 0.042851146310567856, 0.47779738903045654, -0.8313915133476257, 0.338550865650177, 1.0059081315994263, -0.13375021517276764, 0.1602533906698227, 0.7809657454490662, 0.09189078211784363, -2.70820951461792, -0.2605818212032318, 0.4450032711029053, -2.8309526443481445, -0.4198157489299774, 0.347257137298584, 0.9560521841049194, 0.09173209965229034, 0.9099571704864502, 0.49989795684814453, -0.41594165563583374, -0.9525026082992554, 0.19966337084770203, 0.5506553649902344, -0.8651230335235596, -0.08811458945274353, -0.0376066118478775, -1.513603925704956, -0.4288690686225891, 0.7257645726203918, 0.56940758228302, 0.3505072593688965, -2.420546054840088, 1.1851692199707031, 1.2290234565734863, 2.635688543319702, -0.7321462631225586, 1.388336181640625, 2.0274910926818848, 1.1308385133743286, -0.0032813772559165955, -0.6836528778076172, 0.3680877089500427, -0.8482556939125061, 0.7376193404197693, 0.4650045335292816, 0.6786337494850159, 0.3071536123752594, -1.4737322330474854, 0.2597852051258087, -0.08397643268108368, 0.4168989062309265, 0.2775270342826843, 0.4949410557746887, 0.10545928031206131, 0.5112042427062988, 1.036954641342163, -0.7030315399169922, -1.9549407958984375, -0.661824107170105, 1.0530683994293213, -0.0704134851694107, -2.167910099029541, -0.8326176404953003, -0.7552062273025513, 0.6888788342475891, 0.4936572313308716, 0.8958252668380737, -0.4189947843551636, 0.2265516221523285, 0.01788371056318283, 1.4979652166366577, -1.211759328842163, 0.53851318359375, 0.9798473715782166, -0.052449651062488556, 0.6388102173805237, 0.5489591956138611, -0.32224008440971375, 1.523494005203247]",yunet,Facenet,1920,1080,/home/amos/media/tv/modern_family/Modern.Family.S09.1080p.DSNP.WEB-DL.DDP5.1.H.264-CRFW/Modern.Family.S09E17.Royal.Visit.1080p.DSNP.WEB-DL.DDP5.1.H.264-CRFW.mkv,Modern Family,2009,1442437,9,17,Nolan Gould,147710.0,0.596
198,846,168,996,384,960,258,894,258,0.921,6240,0,"[-1.7587147951126099, 0.8318854570388794, -0.7436462640762329, 0.16863194108009338, 0.7097246646881104, -0.5371890068054199, -0.3599962592124939, -1.2659257650375366, -0.9817466139793396, -0.8906548619270325, -0.2993689179420471, 0.0009388448670506477, -0.29604172706604004, -0.540772020816803, 1.9854044914245605, -0.9077569246292114, -1.7384024858474731, -1.1454901695251465, -2.559473991394043, -1.5067074298858643, -1.7968730926513672, 0.43072646856307983, 0.10177239030599594, -0.36759108304977417, -0.27644097805023193, -0.3669867217540741, 1.1879222393035889, 1.0573745965957642, -1.0618888139724731, 0.3837672173976898, 0.14770130813121796, -0.41295504570007324, 0.1272774040699005, -0.8417564034461975, -0.05731675773859024, 1.334768533706665, 0.3699685335159302, -1.4923551082611084, 0.556856095790863, 0.2868349850177765, 0.6727372407913208, -0.39182597398757935, -2.95754075050354, -1.7443366050720215, 0.8883328437805176, -1.6603450775146484, 0.9790412187576294, 0.6860285997390747, 0.24879173934459686, -0.2763711214065552, -0.6474815011024475, 0.5530396699905396, 0.7396550178527832, 0.9821958541870117, -0.4594367444515228, 0.6615086793899536, 0.7384418845176697, -0.20278140902519226, -0.9385671019554138, -0.38353821635246277, 0.23944726586341858, -3.279484987258911, 0.3253882825374603, -0.06369432806968689, 1.2354669570922852, -0.2427435666322708, 0.673491358757019, 1.7671215534210205, -0.9624479413032532, -0.10181014984846115, -0.9804767370223999, 2.207451820373535, -0.524247944355011, -0.3609805703163147, -0.30015307664871216, -0.7451124787330627, 0.05623118579387665, 1.3520787954330444, -0.9737551808357239, 0.43406009674072266, -2.751743793487549, 1.1141554117202759, 0.30935341119766235, 1.956404447555542, -0.6305320262908936, 0.9741791486740112, 0.95682692527771, -0.6037212610244751, -0.6884826421737671, -0.3926701247692108, 0.9772969484329224, -1.3951082229614258, 1.0673351287841797, -0.6357331275939941, 0.4429093897342682, 0.44830745458602905, -0.5547786355018616, 0.8161236047744751, 1.2540843486785889, 0.42698273062705994, -0.5307485461235046, 0.9256702661514282, -0.17420586943626404, 0.5899651050567627, 0.9002587795257568, 0.04323118180036545, -2.2954177856445312, 0.42931637167930603, 1.2084423303604126, 0.20682905614376068, -1.7117648124694824, -0.0249030739068985, 0.47554999589920044, 0.1614008992910385, 1.030556559562683, 1.880974531173706, -0.432332843542099, 0.10212639719247818, -0.06741485744714737, 1.5330886840820312, -0.47478383779525757, -0.1308029145002365, 0.768598735332489, -1.1516529321670532, -0.05828307569026947, 0.14539429545402527, -0.5600582957267761, 1.282918930053711]",yunet,Facenet,1920,1080,/home/amos/media/tv/modern_family/Modern.Family.S09.1080p.DSNP.WEB-DL.DDP5.1.H.264-CRFW/Modern.Family.S09E17.Royal.Visit.1080p.DSNP.WEB-DL.DDP5.1.H.264-CRFW.mkv,Modern Family,2009,1442437,9,17,Nolan Gould,147710.0,0.872
199,618,198,768,378,720,270,654,264,0.902,6264,0,"[-0.9171168804168701, 0.6514217853546143, 0.33688628673553467, -0.985418438911438, 0.9472835063934326, -1.1509426832199097, -0.9683818817138672, 0.619972288608551, 0.31396713852882385, -0.5282762050628662, 0.31109294295310974, 0.6318883895874023, -0.2988519072532654, -0.850458025932312, -0.5637921094894409, -0.055520229041576385, -1.2256102561950684, -0.10845449566841125, -0.8481167554855347, 0.17948633432388306, 2.2017438411712646, -0.7549449801445007, 0.4671950340270996, 0.14708483219146729, -1.0610305070877075, 1.2578225135803223, -1.8130838871002197, -0.2846376299858093, 0.24999913573265076, -2.194355010986328, 0.03088940680027008, -0.31671106815338135, -0.4118558466434479, -0.936497688293457, 1.120990514755249, 0.4103943109512329, -1.802442193031311, -0.4911488890647888, 0.6575940847396851, -0.4332744777202606, -1.5057681798934937, 1.9243098497390747, 0.8550329208374023, -0.7676605582237244, -1.296231746673584, 0.9825468063354492, -0.6005292534828186, 0.3087695837020874, -1.3993889093399048, -0.03788261115550995, 1.0230565071105957, -1.2669624090194702, -0.004372462630271912, -0.13749149441719055, 0.3620012402534485, -0.48323753476142883, 1.2412488460540771, -1.1672784090042114, -0.7005459666252136, 0.8502592444419861, 0.6646367907524109, -0.37927156686782837, -1.038905143737793, 0.18078464269638062, -0.541189968585968, -0.645679235458374, -0.21662262082099915, -1.0562371015548706, 2.011000871658325, 1.2182304859161377, -0.4419698715209961, 1.1766984462738037, -2.46181058883667, 0.4444330930709839, 0.8781222105026245, 0.14252102375030518, 0.3743131160736084, 1.3061131238937378, -0.10928507149219513, -1.0048565864562988, 0.10215499252080917, -0.6237550973892212, 0.37536510825157166, -1.2547188997268677, -0.3713321387767792, -0.15516360104084015, 1.2992488145828247, -0.8707439303398132, -1.137256383895874, 0.6017513871192932, 0.4614185392856598, -0.4823346734046936, -0.44532647728919983, 0.2223355770111084, 0.3528589606285095, 0.27165064215660095, -0.03015803173184395, 0.2425830364227295, 0.9605734944343567, -1.0492199659347534, -0.9723843932151794, -1.7643349170684814, 0.3966059386730194, 1.3035809993743896, 1.8127087354660034, -1.999693512916565, 0.34878554940223694, 0.9661767482757568, -0.6319544315338135, 0.7050731778144836, 2.348421096801758, -2.0134835243225098, -0.6787500381469727, 1.9033451080322266, -0.2656422555446625, 1.658576250076294, 0.8259949684143066, 1.0211503505706787, -0.19662538170814514, -0.801437497138977, 0.3088027238845825, -0.5133357048034668, -1.7877871990203857, 0.549218475818634, -0.4415284991264343, -2.420294761657715, -2.8506813049316406, -1.167259931564331]",yunet,Facenet,1920,1080,/home/amos/media/tv/modern_family/Modern.Family.S09.1080p.DSNP.WEB-DL.DDP5.1.H.264-CRFW/Modern.Family.S09E17.Royal.Visit.1080p.DSNP.WEB-DL.DDP5.1.H.264-CRFW.mkv,Modern Family,2009,1442437,9,17,Julie Bowen,31171.0,0.6
200,762,252,918,456,870,330,792,330,0.915,6288,0,"[0.3343532979488373, 0.5099822282791138, 0.4039376676082611, -0.6386657953262329, 0.0480065792798996, -1.0505613088607788, -2.0230367183685303, -1.0814918279647827, 0.34862083196640015, 0.023708496242761612, 0.27472245693206787, 0.9564577341079712, -0.5837643146514893, 0.025206923484802246, -0.28552520275115967, -0.5470539331436157, -0.6141612529754639, -0.19500327110290527, -0.4633414149284363, -0.2684358060359955, 1.8094874620437622, -0.5582995414733887, -0.7980607748031616, 0.03750131279230118, -0.7819056510925293, 0.297638863325119, -2.6483047008514404, -0.07951478660106659, 0.1731729507446289, -1.8688462972640991, 0.5693801641464233, 0.5942227244377136, -0.6171098351478577, 0.4509694576263428, 0.977208137512207, 1.7640289068222046, -1.9946550130844116, -0.5096511840820312, 0.5464558601379395, 0.13347268104553223, -0.15641140937805176, 2.529303789138794, 1.490278720855713, -0.7964862585067749, -2.677825689315796, 0.23918560147285461, -0.40765753388404846, 0.4464866518974304, -1.3837594985961914, -0.6908586025238037, 1.62247896194458, -2.4534006118774414, -0.2534196674823761, 0.09843704104423523, 0.7435426712036133, -0.45069319009780884, 1.5092554092407227, -1.2372355461120605, -1.6189348697662354, 0.8788400888442993, 0.10497956722974777, -1.4159579277038574, -1.5278867483139038, 0.31000232696533203, 1.3245762586593628, -1.2224680185317993, 0.7358174920082092, -0.3603137135505676, 1.2134997844696045, 1.9876110553741455, 0.6658744215965271, 1.890164852142334, -2.4382638931274414, 0.8217217922210693, 0.92267245054245, 0.2708587348461151, 1.5495492219924927, 0.4550807774066925, -0.8507019281387329, -0.5672739148139954, 0.9502776861190796, -1.1580029726028442, 1.2761656045913696, -0.7429305911064148, -1.4059942960739136, -0.9276647567749023, 0.6386323571205139, -1.1980324983596802, -1.0472824573516846, -0.21701425313949585, 0.6526128649711609, -0.9321781396865845, -0.6339566707611084, 0.035520169883966446, 0.9903563261032104, -0.27177929878234863, -0.47232526540756226, 1.577243447303772, 1.3063557147979736, -1.0495848655700684, -0.5499120354652405, -1.9549545049667358, -1.6984803676605225, 0.6126624941825867, 1.4916999340057373, -1.5162714719772339, 0.32993626594543457, -0.6407781839370728, -0.387888103723526, -0.6850747466087341, 1.5989211797714233, -0.7223543524742126, -1.068804144859314, 1.5593104362487793, 0.4058206379413605, 0.3757706582546234, 1.194905400276184, 0.6051054000854492, 0.4782172739505768, 0.7243725061416626, -0.1877245455980301, -1.4044854640960693, -0.10914695262908936, 0.11646154522895813, 0.8327628374099731, -1.5705348253250122, -2.1749589443206787, 0.5728879570960999]",yunet,Facenet,1920,1080,/home/amos/media/tv/modern_family/Modern.Family.S09.1080p.DSNP.WEB-DL.DDP5.1.H.264-CRFW/Modern.Family.S09E17.Royal.Visit.1080p.DSNP.WEB-DL.DDP5.1.H.264-CRFW.mkv,Modern Family,2009,1442437,9,17,,,
201,1332,102,1494,324,1470,192,1398,192,0.909,6288,1,"[0.14066047966480255, 0.2541768252849579, 0.40237489342689514, 1.2190568447113037, -1.1101795434951782, 0.08423765748739243, -0.36233219504356384, -0.024820398539304733, -0.557532787322998, 0.0568455271422863, 0.304599404335022, 0.0011399248614907265, 0.22102706134319305, -0.7225210666656494, -1.7405662536621094, -0.7606070637702942, -0.09164446592330933, -0.33614885807037354, -0.6064795255661011, 1.8350145816802979, -1.1307297945022583, 1.716748595237732, 0.45589131116867065, 0.8215488195419312, 0.33347582817077637, 1.7263765335083008, -1.7384369373321533, 1.05802583694458, 1.5756503343582153, -2.4069955348968506, 0.03336631879210472, -0.0015910081565380096, -0.7769403457641602, -0.5225330591201782, 0.6180589199066162, 0.5003502368927002, 0.7883520126342773, 1.2894070148468018, 1.3362147808074951, 0.5028907060623169, 0.36783331632614136, 1.5306227207183838, -1.4713712930679321, -0.28096699714660645, 0.0783424973487854, 0.8284910917282104, 0.278675377368927, 0.3389395475387573, 0.7191263437271118, -1.00667142868042, 0.7738548517227173, 0.09053260833024979, -0.2711661756038666, -1.3046146631240845, -0.12597481906414032, 0.633657693862915, 0.9072310328483582, 1.0998404026031494, -0.5641090869903564, -0.0003595203161239624, 1.7185521125793457, -0.8659117221832275, -2.1659958362579346, -0.3919506072998047, -0.3914196193218231, 2.6921424865722656, 2.1076273918151855, 1.7629767656326294, 1.9795031547546387, 0.2685471773147583, -0.4513666033744812, 1.0548028945922852, -1.140769600868225, 1.0987595319747925, 0.7518951892852783, 0.7150705456733704, -0.6598314046859741, 1.4884809255599976, -0.3333108723163605, 1.6280914545059204, -0.6019639372825623, -1.2790931463241577, 0.814430296421051, -0.21094675362110138, -1.2139955759048462, 0.5094488859176636, 0.1476268470287323, -0.08474482595920563, -0.9715642929077148, -0.589307427406311, 1.1096971035003662, -1.1536601781845093, -0.29384130239486694, 0.14680951833724976, 0.952396035194397, -0.7693003416061401, 0.5841374397277832, 0.9074288606643677, 0.3642250895500183, -1.279829502105713, -0.8676593899726868, 0.5960421562194824, -2.1851606369018555, -0.03044746071100235, -1.1225321292877197, 1.1713886260986328, 1.4480319023132324, -1.6997133493423462, -0.21310316026210785, 0.0806516706943512, -0.8087019920349121, 1.773970365524292, 0.6305290460586548, -1.2988603115081787, 0.16194891929626465, 2.959306001663208, -1.546209454536438, -1.6234166622161865, -0.10417952388525009, 0.22823122143745422, -0.5120499730110168, 0.057792872190475464, -0.3793914318084717, -1.3003888130187988, 1.2625919580459595, -1.4732120037078857, 0.3442358374595642, 0.05244358256459236]",yunet,Facenet,1920,1080,/home/amos/media/tv/modern_family/Modern.Family.S09.1080p.DSNP.WEB-DL.DDP5.1.H.264-CRFW/Modern.Family.S09E17.Royal.Visit.1080p.DSNP.WEB-DL.DDP5.1.H.264-CRFW.mkv,Modern Family,2009,1442437,9,17,Ty Burrell,15232.0,0.63
202,1272,96,1440,312,1398,186,1314,180,0.925,6312,0,"[0.811830997467041, 0.3544643223285675, 0.5288130044937134, 0.6112015843391418, -0.8749900460243225, 0.6566341519355774, -0.7245815396308899, -0.024908289313316345, 0.0016857646405696869, 0.09154736995697021, 0.04292117804288864, 0.41122937202453613, 0.4289419651031494, -0.8950023651123047, -1.3050317764282227, -0.22663147747516632, 0.06046866998076439, 0.15170247852802277, 0.1430138349533081, 0.5087519884109497, -0.950859546661377, 1.4093544483184814, 0.21969741582870483, 0.5892708897590637, 0.20203854143619537, 1.4598851203918457, -1.9668776988983154, 1.5678210258483887, 1.167716145515442, -2.32656192779541, -0.14709068834781647, -0.06492394208908081, -0.8006503582000732, -0.7891503572463989, 1.1237109899520874, 0.7689414620399475, 0.6298046112060547, 1.0826796293258667, 0.9602839946746826, 0.8144500255584717, 0.6977043747901917, 1.649912714958191, 0.2096126675605774, 0.001346498727798462, -0.6094648838043213, 0.9453832507133484, 0.7312884330749512, -0.6401309967041016, -0.5242358446121216, -1.3051939010620117, 0.13217830657958984, -0.41374221444129944, -0.7220182418823242, -0.34628766775131226, 0.5757449865341187, 0.8595763444900513, 1.4950897693634033, 1.0259650945663452, -0.22531357407569885, -0.09950554370880127, 2.2382967472076416, -0.6695531010627747, -1.4480825662612915, 0.07269062101840973, 0.2871149182319641, 2.255882978439331, 1.8603168725967407, 1.6366139650344849, 0.6980056762695312, 0.2588803470134735, -0.1267576664686203, 1.857601523399353, -1.0163626670837402, 1.6282849311828613, 1.130908727645874, 1.6673604249954224, -0.8335452079772949, 1.7298732995986938, 0.10506238788366318, 1.3281536102294922, 0.04183727502822876, -0.7674835920333862, 0.6627962589263916, -0.7477414608001709, -1.3705695867538452, -1.282545566558838, 0.13677561283111572, -0.328472375869751, -0.6893302202224731, -0.7435542941093445, 0.5165701508522034, -1.5621517896652222, -0.6583720445632935, -0.5992863774299622, 0.5228402614593506, -0.7113407850265503, -0.8121331930160522, 0.86173015832901, 0.7026475071907043, -1.596242070198059, -0.7372403144836426, -0.0029448680579662323, -2.823544502258301, -0.47795045375823975, -0.41245636343955994, 0.9276134967803955, 0.5440376400947571, -1.4622443914413452, 0.6955828666687012, -0.10874609649181366, -0.2463991791009903, 1.594571590423584, 0.7394682168960571, -0.5372626781463623, -0.48164039850234985, 2.3775715827941895, -0.9970443248748779, -1.5503979921340942, 0.33513346314430237, 0.5411551594734192, -0.3712262511253357, -0.04608090966939926, 0.4690268039703369, -0.7139004468917847, 1.9886174201965332, -1.0806772708892822, 0.8422117829322815, -0.981875479221344]",yunet,Facenet,1920,1080,/home/amos/media/tv/modern_family/Modern.Family.S09.1080p.DSNP.WEB-DL.DDP5.1.H.264-CRFW/Modern.Family.S09E17.Royal.Visit.1080p.DSNP.WEB-DL.DDP5.1.H.264-CRFW.mkv,Modern Family,2009,1442437,9,17,Ty Burrell,15232.0,0.692
203,690,354,882,606,810,444,726,438,0.908,6312,1,"[-0.6897610425949097, 0.009931929409503937, -0.016522090882062912, -0.5127554535865784, 0.11998257786035538, -1.127429723739624, -2.079461097717285, 1.701916217803955, -0.45715293288230896, -1.4602909088134766, 1.741176962852478, -0.28689339756965637, -2.1098532676696777, 1.3562735319137573, -0.6773338317871094, -0.42051053047180176, 0.8871581554412842, -0.888809859752655, -0.6193001866340637, -1.4162778854370117, -0.126093327999115, -1.2831467390060425, -0.2988315522670746, -0.8365276455879211, 0.6799216866493225, -0.758249044418335, -1.7885997295379639, 0.18214844167232513, -0.9947757720947266, -2.8587450981140137, 0.7423182725906372, -0.48349475860595703, -0.08492235839366913, 0.12060890346765518, -0.3858562707901001, 1.8014358282089233, -0.7799416780471802, 0.14279508590698242, 0.6377195715904236, -0.5754058361053467, -0.8068718314170837, 1.1263058185577393, 1.5706262588500977, -0.6486489772796631, -0.8057478666305542, -0.023992126807570457, -0.1955602467060089, 0.33186912536621094, -0.9166502356529236, 0.3856326937675476, 0.22988508641719818, -1.781380295753479, 1.0665558576583862, -0.22436685860157013, -0.05748621001839638, -0.03808949515223503, 2.1798789501190186, -0.27049723267555237, 0.016940608620643616, 0.49280717968940735, -0.3897911310195923, -0.6873611807823181, -0.5750157237052917, 1.4460126161575317, 0.9654032588005066, -2.030597448348999, -0.663399338722229, -2.1197640895843506, -0.7843860983848572, 1.3389151096343994, -0.11409298330545425, 1.0972965955734253, -3.3962037563323975, 0.8779317140579224, -0.05282672867178917, 0.40805038809776306, 1.4120153188705444, 1.8148534297943115, 0.4867565631866455, 0.3420156240463257, 0.48379042744636536, -0.331353098154068, 0.7393548488616943, -2.041839122772217, 0.20655563473701477, -0.711416482925415, 0.6781554818153381, -0.5219370722770691, -1.987998366355896, 0.1485540270805359, 0.6852052211761475, -1.1252248287200928, -1.399695634841919, -0.19742539525032043, 0.2677139937877655, -1.1041209697723389, -1.3630000352859497, 0.9731221199035645, 0.7573601007461548, -0.05438704043626785, -1.2026042938232422, -2.4270453453063965, 0.7653863430023193, 1.1549113988876343, 1.8207526206970215, -0.6365909576416016, 0.421347439289093, 0.4027561843395233, -1.4876207113265991, -0.20455585420131683, 1.3687174320220947, -1.045006275177002, 0.07134589552879333, 2.3486580848693848, -0.6683324575424194, -0.9524945020675659, 2.5562570095062256, 0.34669315814971924, -0.11097320169210434, 0.4643799960613251, 0.0562894232571125, -1.4244147539138794, -1.1385061740875244, 1.6118894815444946, -0.10255584120750427, -1.7421059608459473, -2.0344526767730713, -0.0224134661257267]",yunet,Facenet,1920,1080,/home/amos/media/tv/modern_family/Modern.Family.S09.1080p.DSNP.WEB-DL.DDP5.1.H.264-CRFW/Modern.Family.S09E17.Royal.Visit.1080p.DSNP.WEB-DL.DDP5.1.H.264-CRFW.mkv,Modern Family,2009,1442437,9,17,Julie Bowen,31171.0,0.58
204,516,198,648,384,618,270,570,270,0.903,6432,0,"[-2.5732524394989014, 0.1758309304714203, -0.878365695476532, -0.2392221987247467, -0.09583107382059097, 0.17517906427383423, -0.9389594793319702, -0.5154817700386047, -0.8721905946731567, -0.4681187868118286, -0.5844085812568665, 0.08536536991596222, -0.9949983954429626, -1.2970153093338013, 1.914186954498291, 0.34288692474365234, -1.4186160564422607, -0.877533495426178, -1.9995133876800537, -1.099110722541809, -0.9869318008422852, 0.35910364985466003, -0.5935178995132446, -0.37744054198265076, -0.1848912090063095, 1.4622118473052979, 1.6727924346923828, 0.9211864471435547, 0.17080259323120117, -0.03966941311955452, -0.08010333776473999, 0.5163815021514893, 0.3625541627407074, -0.9398819804191589, 0.104898601770401, 0.6568150520324707, -0.40587958693504333, -0.2760147452354431, 0.9627716541290283, -0.41545799374580383, -0.2914874255657196, -0.26789623498916626, -3.349778413772583, -1.641633152961731, 1.0705537796020508, -1.5092155933380127, 0.6597363948822021, 0.8099842071533203, 0.3338431715965271, -0.691095232963562, -0.720264732837677, 1.2423996925354004, 0.8811483383178711, 1.684809923171997, 0.20841412246227264, 0.6146920323371887, 0.8785150051116943, -0.05167100951075554, -0.9305150508880615, 0.16216391324996948, -0.08463700115680695, -2.302412986755371, -0.22450217604637146, 1.026252269744873, 1.4183472394943237, -0.366741418838501, 1.1675450801849365, 1.1096343994140625, -0.46493130922317505, -0.4471440315246582, -1.0569990873336792, 1.0945712327957153, -1.063230276107788, 0.2437465637922287, 0.7371635437011719, -0.7785003781318665, -1.3897548913955688, 1.23594331741333, -0.641666829586029, 0.4016612768173218, -2.0261752605438232, -0.36340799927711487, -0.6655312180519104, 1.4112486839294434, -0.5985203385353088, 0.8919254541397095, 0.48998209834098816, -0.06392070651054382, -1.6316843032836914, -1.2951843738555908, 0.8790788650512695, -1.6050375699996948, 1.0599968433380127, -1.5874557495117188, 0.5431883931159973, 0.9630684852600098, -1.0845987796783447, 0.4885922074317932, 1.36543869972229, -0.38799890875816345, -0.9473071098327637, 0.6895288228988647, -0.9009405374526978, 1.1385464668273926, 1.2828747034072876, -0.043329786509275436, -2.4860758781433105, -0.4107120633125305, 1.3825535774230957, 0.644479513168335, -1.7342109680175781, -0.668557345867157, -0.07029984891414642, 0.11466365307569504, 0.3286714553833008, 1.8454514741897583, -1.433744192123413, 0.23535586893558502, -0.24200767278671265, 1.4281470775604248, 0.024090055376291275, -0.5099998712539673, 0.6643248796463013, -0.3678998351097107, 0.2598877549171448, 0.07198471575975418, 0.5677275657653809, 1.4165078401565552]",yunet,Facenet,1920,1080,/home/amos/media/tv/modern_family/Modern.Family.S09.1080p.DSNP.WEB-DL.DDP5.1.H.264-CRFW/Modern.Family.S09E17.Royal.Visit.1080p.DSNP.WEB-DL.DDP5.1.H.264-CRFW.mkv,Modern Family,2009,1442437,9,17,Nolan Gould,147710.0,0.773
205,516,168,654,348,630,240,576,234,0.905,6456,0,"[-2.3051435947418213, 0.46021488308906555, -1.0497499704360962, -0.6435737609863281, -0.22286155819892883, -0.317006915807724, -0.14542873203754425, -1.2435998916625977, -0.7244734168052673, -0.9457905292510986, -0.6886172890663147, 0.0907028391957283, -0.7815163135528564, -1.7555980682373047, 1.4493589401245117, -0.1698746383190155, -1.3226737976074219, -0.8185318112373352, -1.982184648513794, -0.6175957918167114, 0.10700666904449463, -0.34213975071907043, -0.2869773507118225, -0.4437679350376129, -0.6014717817306519, 0.5302063226699829, 1.4342708587646484, 0.5184241533279419, -0.3961564302444458, 0.5134191513061523, 0.010242234915494919, 0.6784765720367432, 0.04424860700964928, 0.12934467196464539, -0.677120566368103, -0.03312939777970314, 0.13879668712615967, -1.533937931060791, 1.2511169910430908, -1.0311503410339355, -0.5972448587417603, -0.07891751080751419, -3.4947128295898438, -1.1097369194030762, 0.45103684067726135, -1.5475631952285767, 1.143337368965149, 0.5767463445663452, -0.9547998309135437, -0.556491494178772, -1.3474465608596802, 0.6667739152908325, 0.19181841611862183, 2.1217169761657715, -0.043977174907922745, 0.42454785108566284, 1.1489408016204834, 0.3800937831401825, -1.0933558940887451, -0.07294395565986633, -0.4897288680076599, -2.5615878105163574, 0.0005467869341373444, 0.7171697020530701, 1.604772686958313, -0.10520294308662415, 1.1629949808120728, 1.0658674240112305, -1.0118322372436523, -0.7998982667922974, -1.000446081161499, 1.5076489448547363, -0.9316903948783875, 0.022529281675815582, 0.06231066957116127, -0.1329977959394455, -1.156432867050171, 0.5714502930641174, -0.4567241966724396, -0.45606285333633423, -2.152188301086426, 0.09935697168111801, -0.5943905115127563, 1.2450072765350342, -0.37307894229888916, 0.924207329750061, 0.40084677934646606, -0.5420125722885132, -1.4981778860092163, -0.5864904522895813, 0.98820960521698, -2.016138792037964, 0.1560925990343094, -1.5066943168640137, 0.2214643806219101, 1.0820848941802979, -1.2300372123718262, -0.33789539337158203, 1.282524585723877, -0.768021821975708, -0.6374279260635376, 0.786796510219574, -0.49124062061309814, 0.799178957939148, 0.7223000526428223, 0.04350373148918152, -2.706554412841797, -0.5257754325866699, 1.5395820140838623, 0.2550348937511444, -1.8766257762908936, -0.9120699763298035, 0.393862247467041, 0.018054194748401642, 0.4681982398033142, 1.8186804056167603, -1.653169870376587, -0.07581956684589386, -0.34982457756996155, 1.8437867164611816, -0.07515078783035278, 0.23391488194465637, 0.8808519840240479, -0.7322297692298889, -0.042454831302165985, -0.11217271536588669, 0.7182967066764832, 0.5902319550514221]",yunet,Facenet,1920,1080,/home/amos/media/tv/modern_family/Modern.Family.S09.1080p.DSNP.WEB-DL.DDP5.1.H.264-CRFW/Modern.Family.S09E17.Royal.Visit.1080p.DSNP.WEB-DL.DDP5.1.H.264-CRFW.mkv,Modern Family,2009,1442437,9,17,Nolan Gould,147710.0,0.754
206,1308,150,1524,444,1458,264,1362,264,0.924,6504,0,"[0.5450296401977539, 0.02410884201526642, 1.0174684524536133, 1.149592399597168, -0.6588696241378784, -0.5897801518440247, -1.155643343925476, 0.12296426296234131, -0.9154081344604492, 0.37415486574172974, -0.03907068073749542, 0.6282845139503479, 0.4882622957229614, -1.1230287551879883, -1.5256826877593994, -0.2586766183376312, -0.15879158675670624, 0.37468600273132324, -0.6772304177284241, 0.6180881261825562, -0.9646196365356445, 1.350833535194397, 0.15570175647735596, 0.7483795285224915, 0.30567991733551025, 1.3017754554748535, -2.641430377960205, 2.7568511962890625, 1.669303297996521, -1.7874904870986938, -0.655998706817627, -0.5338839888572693, -0.7826147079467773, -0.8148656487464905, 1.1538808345794678, 0.6280403733253479, 0.004065956920385361, 0.7215345501899719, 0.21285346150398254, 0.7217315435409546, 0.6215770840644836, 1.2154933214187622, -0.8451040983200073, 0.41673165559768677, -0.39849668741226196, 0.5325019955635071, 1.237360954284668, -0.1329212188720703, -0.07613420486450195, -1.8967851400375366, 0.5243284106254578, -0.8891874551773071, -0.3103914260864258, -1.2514057159423828, 0.27722474932670593, 0.9952328205108643, 2.2251031398773193, 0.8641155958175659, 0.054999612271785736, 0.45500901341438293, 1.542604684829712, -1.0905382633209229, -1.3985012769699097, -0.4413991868495941, -0.08071376383304596, 2.210371494293213, 1.8645517826080322, 1.4004735946655273, 1.7881836891174316, 0.44577038288116455, -0.16955772042274475, 1.248475432395935, -1.4639469385147095, 1.8000209331512451, 1.153400182723999, 1.1813621520996094, -0.11639180779457092, 2.1759159564971924, 0.6966031789779663, 1.4900503158569336, 0.22212854027748108, -2.1744096279144287, 0.5947551727294922, -0.8006840944290161, -1.01046884059906, -0.5321002006530762, -0.04210037738084793, -0.3126334249973297, -0.2517920136451721, 0.11454916000366211, 1.2964881658554077, -1.0445114374160767, -0.808653712272644, -0.46434858441352844, 0.5217150449752808, -1.0871301889419556, 0.35424354672431946, 0.0009904103353619576, 0.5574864149093628, -1.535994529724121, -0.9612758159637451, 0.5897761583328247, -2.427920341491699, -0.4850214421749115, -0.14967498183250427, 0.9710887670516968, 0.8580383658409119, -2.5210394859313965, 0.25658750534057617, 0.7735533118247986, -0.40924447774887085, 2.390263319015503, -0.12604835629463196, -0.5242890119552612, 0.5135638117790222, 1.816153883934021, -0.8931235074996948, -1.489698886871338, 0.5415616631507874, 0.14932037889957428, -0.16696113348007202, -0.01079561747610569, -0.6551076173782349, -0.7775256037712097, 1.830592155456543, -1.0956097841262817, 0.5470622777938843, -0.6987413167953491]",yunet,Facenet,1920,1080,/home/amos/media/tv/modern_family/Modern.Family.S09.1080p.DSNP.WEB-DL.DDP5.1.H.264-CRFW/Modern.Family.S09E17.Royal.Visit.1080p.DSNP.WEB-DL.DDP5.1.H.264-CRFW.mkv,Modern Family,2009,1442437,9,17,Ty Burrell,15232.0,0.685
207,426,390,654,690,558,504,468,504,0.917,6504,1,"[-1.1359587907791138, 1.3011596202850342, -0.13042408227920532, -0.03753918036818504, 0.7795736193656921, -0.46705371141433716, -1.6151182651519775, 0.3082357943058014, 0.23913460969924927, -1.069674015045166, 0.2924824357032776, 0.5069682598114014, -0.7761825323104858, 0.182646244764328, 0.3912551701068878, 0.09399077296257019, -0.7683762311935425, -0.18339046835899353, -2.229530096054077, -0.4014975130558014, -0.09021621942520142, 0.5405846834182739, 0.3418942391872406, -0.07224629074335098, -0.5168003439903259, 0.9504988193511963, -1.945203185081482, 0.02265680581331253, 0.6504642367362976, -2.2851405143737793, -0.6599249839782715, -0.6668780446052551, -0.9576678276062012, -0.17964619398117065, 0.5022088289260864, 2.1593337059020996, -0.8152649402618408, 0.15560060739517212, -0.15980827808380127, -0.21404358744621277, 0.23168420791625977, 1.1505448818206787, 0.8945984840393066, -0.05424335226416588, -2.0594680309295654, 0.3569355607032776, -0.5187892317771912, -1.4054652452468872, -0.8756148219108582, -0.4630222022533417, 1.4934108257293701, -3.0693774223327637, 0.6545278429985046, -0.016617875546216965, -0.03582729771733284, -1.1095178127288818, 0.5398335456848145, -1.254684567451477, -1.0548678636550903, -0.3597354292869568, -0.972825288772583, -1.1858513355255127, -1.7904424667358398, 0.3122295141220093, 0.2733003795146942, -1.3074095249176025, -0.49925291538238525, -0.07547581940889359, 1.6816370487213135, 0.657844066619873, -0.1008821502327919, 2.7774624824523926, -3.007953405380249, 0.6390130519866943, 1.2512803077697754, 1.3501217365264893, 0.947822093963623, 2.09466290473938, 0.0669613853096962, 0.36353886127471924, -0.3444950580596924, -0.135493665933609, -0.5323591828346252, -1.3529435396194458, -0.7031802535057068, -0.3519250154495239, 1.0861425399780273, 0.08176681399345398, -2.143245220184326, -0.05251629278063774, 1.8480147123336792, -1.6562296152114868, -0.16803814470767975, -0.5266007781028748, -0.4332161545753479, -0.7352152466773987, -0.22250334918498993, 1.421152949333191, 2.2145864963531494, -1.1203831434249878, -1.2087090015411377, -1.3370107412338257, -1.0123624801635742, 1.1294379234313965, 0.9963602423667908, -1.2967339754104614, 0.26003339886665344, -1.3259739875793457, -0.9855871796607971, 0.7584561705589294, 1.7345056533813477, -0.011842302978038788, -0.37095874547958374, 1.2378215789794922, 0.15969574451446533, 1.1689541339874268, 1.020992398262024, -0.11679650843143463, 0.100001260638237, 1.0815281867980957, -0.16476841270923615, -1.2296615839004517, 0.06246334686875343, -0.02501748502254486, -0.6916162967681885, -1.6044049263000488, -1.5708136558532715, 1.3247584104537964]",yunet,Facenet,1920,1080,/home/amos/media/tv/modern_family/Modern.Family.S09.1080p.DSNP.WEB-DL.DDP5.1.H.264-CRFW/Modern.Family.S09E17.Royal.Visit.1080p.DSNP.WEB-DL.DDP5.1.H.264-CRFW.mkv,Modern Family,2009,1442437,9,17,Julie Bowen,31171.0,0.6
208,900,132,1080,354,1038,222,948,222,0.928,6624,0,"[0.3415581285953522, -0.6654433012008667, 1.0948961973190308, 0.17346477508544922, 1.173492431640625, 0.2593042850494385, 0.6718108057975769, -2.4259426593780518, 0.7090479731559753, 1.308834433555603, -1.249402403831482, -0.3073009252548218, 0.732049822807312, 1.461377739906311, 0.8805783987045288, 1.0529910326004028, -0.7308124303817749, -1.0939232110977173, -1.2721048593521118, -0.738250732421875, -0.39266443252563477, 0.018629658967256546, 0.5919075608253479, 2.189688205718994, 0.4654831290245056, -0.039965324103832245, 2.1124284267425537, -1.4979183673858643, 1.5311068296432495, 1.7132742404937744, 0.006044693291187286, -1.088296890258789, -0.7157028317451477, 0.890629768371582, 0.9996362328529358, 0.4995567202568054, -0.283431738615036, -0.1853642463684082, -0.7308651804924011, 0.5338550209999084, 1.3918403387069702, -1.9486194849014282, -0.259535014629364, 1.5212088823318481, -0.6868617534637451, -1.3511601686477661, 0.8350209593772888, -1.3662662506103516, -0.9298270344734192, -1.1573859453201294, -1.5580899715423584, -0.4430362284183502, -0.9952132701873779, 0.31233060359954834, -0.4145984351634979, -0.6096649169921875, 0.6231058239936829, -0.06471722573041916, 0.6058618426322937, -0.3146781623363495, -0.5723174214363098, 0.006628900766372681, 0.41977226734161377, -1.1925103664398193, -1.9999479055404663, 1.6690101623535156, -0.6448637843132019, 1.3099822998046875, 0.06062432378530502, 0.6896244287490845, 0.047988712787628174, -0.5995933413505554, 1.7387741804122925, -0.6634397506713867, -0.028065327554941177, -0.10615040361881256, 0.5018056631088257, -0.9121114015579224, -0.22094857692718506, -1.2217148542404175, -0.46854841709136963, -0.689628005027771, 0.030829764902591705, 1.928338885307312, 0.225722998380661, 0.22128045558929443, 1.0548441410064697, -0.48111629486083984, 1.5077100992202759, -0.590212345123291, 0.22858640551567078, -0.7752583026885986, 1.1303458213806152, -2.1131200790405273, 0.3703839182853699, 1.7943410873413086, 0.28325408697128296, -0.41449007391929626, -0.23886440694332123, 0.12607133388519287, -1.3902676105499268, 2.0483381748199463, -1.2904973030090332, -0.20989269018173218, 1.722615122795105, -0.33534061908721924, -0.29583439230918884, -0.2230040431022644, 0.8767377734184265, -0.149087592959404, 0.5931934714317322, 0.45314300060272217, 1.226222038269043, -1.6906704902648926, -0.6308667063713074, -0.21670666337013245, -0.6899687051773071, 0.7068544030189514, -0.2777530550956726, -0.9053162932395935, 1.0085387229919434, 0.05124741047620773, 1.3574573993682861, -1.7313594818115234, 1.0539377927780151, 0.6797285079956055, 1.4881845712661743, 0.48097798228263855]",yunet,Facenet,1920,1080,/home/amos/media/tv/modern_family/Modern.Family.S09.1080p.DSNP.WEB-DL.DDP5.1.H.264-CRFW/Modern.Family.S09E17.Royal.Visit.1080p.DSNP.WEB-DL.DDP5.1.H.264-CRFW.mkv,Modern Family,2009,1442437,9,17,Ariel Winter,42160.0,0.649
209,894,132,1080,366,1038,222,948,216,0.933,6648,0,"[0.6222360134124756, -0.37011778354644775, 0.6979731321334839, -0.05002012103796005, 1.7008775472640991, 1.3937922716140747, 0.7146385908126831, -1.8398864269256592, 0.8119897842407227, 1.2760618925094604, -1.0012104511260986, -0.8507935404777527, -0.31912535429000854, 1.390364646911621, -0.030819937586784363, 0.47708189487457275, -0.546231746673584, -1.3077772855758667, -1.3342187404632568, -1.5478100776672363, -0.5026973485946655, -0.045219097286462784, 0.8739381432533264, 1.7702407836914062, 0.9446992874145508, 0.37227505445480347, 1.7462793588638306, -1.2089731693267822, 1.9592186212539673, 1.0816479921340942, 1.0373172760009766, -0.884299635887146, -0.4277733862400055, 0.13355159759521484, 1.1124722957611084, 0.07875865697860718, -0.4701869487762451, 0.15012875199317932, -0.3658522963523865, 1.2578014135360718, 0.5986237525939941, -2.165045976638794, 0.29709556698799133, 1.8295973539352417, 0.013585636392235756, -0.9765279293060303, -0.04314890131354332, -0.7555818557739258, -0.1891249120235443, -1.478446125984192, -1.3997037410736084, -0.19791385531425476, -0.34316951036453247, 1.0181527137756348, -0.9456030130386353, 0.28154900670051575, 0.7388626337051392, -1.3981239795684814, 0.12821736931800842, -0.08353351801633835, -1.1992658376693726, 0.637467622756958, 0.08102671802043915, -1.1985414028167725, -2.3224611282348633, 1.797277808189392, -0.6158432364463806, 1.2997832298278809, 0.33680859208106995, 0.057904910296201706, -0.9797980785369873, 0.2127518653869629, 1.4865355491638184, -1.383020043373108, -0.11366850137710571, 0.17883868515491486, 0.3454585373401642, -0.903607189655304, -0.15623918175697327, -0.6395498514175415, -0.17942321300506592, 0.04478629678487778, 0.16337990760803223, 0.7413775324821472, 0.05044484883546829, -0.12804241478443146, 0.23413319885730743, -0.1045866459608078, 2.724565029144287, 0.449066162109375, 0.21708449721336365, -0.5686450600624084, 0.5052050948143005, -1.9626710414886475, 0.7645938396453857, 2.4208321571350098, -0.1908976286649704, -0.8999132513999939, -0.04509575292468071, -0.0833374559879303, -0.29691463708877563, 0.8540793657302856, -1.1480447053909302, -0.005448473617434502, 1.767655849456787, 0.02000749111175537, -0.2370672971010208, 0.020242910832166672, 1.553853988647461, -1.0162155628204346, 0.5914701223373413, 0.3254321813583374, 0.2973281741142273, -1.513890027999878, -0.2920927107334137, -0.08831776678562164, -0.7310022115707397, 1.0415706634521484, 0.39469677209854126, -1.711318850517273, 1.4112896919250488, -0.26266294717788696, 1.3628966808319092, -0.7574994564056396, 1.3241113424301147, -0.014827422797679901, 1.7250288724899292, -0.040233783423900604]",yunet,Facenet,1920,1080,/home/amos/media/tv/modern_family/Modern.Family.S09.1080p.DSNP.WEB-DL.DDP5.1.H.264-CRFW/Modern.Family.S09E17.Royal.Visit.1080p.DSNP.WEB-DL.DDP5.1.H.264-CRFW.mkv,Modern Family,2009,1442437,9,17,Ariel Winter,42160.0,0.777
210,900,144,1080,372,1032,234,942,234,0.933,6672,0,"[0.11397331953048706, -0.06706275790929794, 1.101881504058838, 0.38246235251426697, 1.776601791381836, 1.0207494497299194, 1.3702632188796997, -1.9912176132202148, 0.8646782636642456, 1.8433454036712646, -0.7616083025932312, -1.1236928701400757, 0.3093840479850769, 1.67487633228302, 0.256081223487854, 0.8520383834838867, -0.216790109872818, -2.1331968307495117, -1.5790854692459106, -1.403686285018921, 0.028801068663597107, -0.1756495088338852, 0.33451470732688904, 1.675756812095642, 0.22970612347126007, 0.7676247358322144, 2.150522232055664, -0.9277455806732178, 1.7234336137771606, 1.2793718576431274, 0.6908862590789795, -0.8541092872619629, -0.49014878273010254, -0.4528387784957886, 2.297083854675293, 0.48181962966918945, -1.7146207094192505, -0.10130120068788528, 0.0029184669256210327, 1.2368016242980957, 0.22481554746627808, -1.9271156787872314, 0.22037720680236816, 1.1215674877166748, 0.14610175788402557, -1.05268394947052, -0.2829738259315491, -0.4569210112094879, -0.9446848034858704, -1.8256491422653198, -0.7580359578132629, 0.17719554901123047, -0.6389188766479492, 0.5803741216659546, -1.1344577074050903, -0.2862387001514435, 1.8261220455169678, -0.77751225233078, -0.03713889420032501, -0.8431506752967834, -1.3601033687591553, 0.7598663568496704, 0.029267631471157074, -0.9870455265045166, -2.380361557006836, 0.840594470500946, -0.03906334191560745, 0.41304388642311096, 0.5069495439529419, 0.5566127300262451, -0.13217028975486755, -0.35620570182800293, 1.5522816181182861, -0.8004599809646606, -0.20556771755218506, 0.3143673539161682, 1.2024110555648804, -0.36640509963035583, -0.2706581652164459, -0.9710761904716492, 0.4174535572528839, 0.13208681344985962, 0.16235265135765076, -0.19919702410697937, -0.2433355450630188, -0.24323993921279907, 1.0460600852966309, -0.6521100401878357, 1.8883332014083862, -0.1118161678314209, -0.21882283687591553, 0.13441917300224304, 0.9929721355438232, -1.1955708265304565, 0.6707435846328735, 2.6589767932891846, -0.14613185822963715, -0.34672242403030396, -0.62916100025177, 0.15497148036956787, -1.2070316076278687, 1.0140081644058228, -1.2930599451065063, -0.14780813455581665, 2.0469586849212646, -0.38154590129852295, 0.18377535045146942, 0.32565492391586304, 1.9936046600341797, -0.15121342241764069, 0.4647327661514282, 0.34015703201293945, 0.39079391956329346, -0.8328158855438232, -0.8641424179077148, 0.48557576537132263, 0.052815452218055725, 0.9629402160644531, -0.27063196897506714, -1.7123438119888306, 1.1663755178451538, 0.03836631774902344, 1.2434463500976562, -1.336189866065979, 2.004241466522217, 0.587265133857727, 1.4590293169021606, -0.6238192915916443]",yunet,Facenet,1920,1080,/home/amos/media/tv/modern_family/Modern.Family.S09.1080p.DSNP.WEB-DL.DDP5.1.H.264-CRFW/Modern.Family.S09E17.Royal.Visit.1080p.DSNP.WEB-DL.DDP5.1.H.264-CRFW.mkv,Modern Family,2009,1442437,9,17,Ariel Winter,42160.0,0.721
211,912,168,1086,390,1050,258,960,258,0.932,6696,0,"[0.32696449756622314, -0.028445105999708176, 0.8310046195983887, 0.6099211573600769, 0.5284152626991272, 1.623452067375183, 0.40810897946357727, -2.091165781021118, 0.6945112347602844, 2.3662917613983154, -0.7221359610557556, -0.2783639430999756, -0.5337325930595398, 1.9106494188308716, -0.5528697967529297, 0.6943691372871399, -0.6218270063400269, -1.5597734451293945, -1.9649412631988525, -0.16507934033870697, -0.25857993960380554, 0.09389796108007431, 0.6079827547073364, 1.5264601707458496, 0.8879522681236267, 0.15564683079719543, 2.303760051727295, -0.777770459651947, 2.265193223953247, 0.8626806139945984, 0.6528960466384888, -0.5111359357833862, -0.1882365494966507, -0.6657441854476929, 1.2481038570404053, 0.176786869764328, -1.3767139911651611, 0.39120855927467346, 0.26611465215682983, 1.7103320360183716, 0.24481146037578583, -2.039659023284912, 0.09224171936511993, 0.7348377108573914, -0.2771940529346466, -1.6294958591461182, -0.9053544402122498, -0.4031105041503906, -0.5257163047790527, -1.818419337272644, 0.19935667514801025, -0.1598968803882599, 0.43907561898231506, 0.4459799528121948, -0.8328982591629028, -0.03980948403477669, 1.0778594017028809, -0.9337477087974548, 0.11475066095590591, -0.6651719212532043, -0.8187034726142883, 0.5278574824333191, -0.4943426251411438, -1.0094915628433228, -1.277367115020752, 1.1217241287231445, 0.4346044957637787, 1.7276577949523926, 0.3522031903266907, -0.09471842646598816, -1.635758638381958, 0.2386174201965332, 1.7787458896636963, -0.4952245354652405, 0.4712933301925659, 0.4425525963306427, 1.532633662223816, -0.44385796785354614, -0.22823265194892883, -0.6339132785797119, -0.09317262470722198, 0.5663812160491943, 0.16015714406967163, 0.7210894227027893, -0.6596770286560059, 0.2960466742515564, 0.5670728087425232, -0.3942127227783203, 1.4131371974945068, 0.3381666839122772, 0.11624738574028015, -0.26061543822288513, 1.2170746326446533, -1.2012557983398438, 0.8322609066963196, 1.7070447206497192, 0.19622844457626343, -0.2761736810207367, 0.443848192691803, -0.23806428909301758, -1.309354543685913, 0.9816460013389587, -1.4508318901062012, 0.1710578054189682, 1.3538906574249268, -0.8001816272735596, -0.025766685605049133, 0.5086959600448608, 1.7720474004745483, -0.8485926985740662, 1.341035008430481, 0.7131332755088806, 0.3365802764892578, -1.2970190048217773, -0.3510269224643707, 1.1002891063690186, -0.27660539746284485, 1.9433456659317017, 0.13093698024749756, -0.8191006183624268, 1.1011977195739746, -0.4758612811565399, 0.9981183409690857, -1.2421129941940308, 1.6515319347381592, 0.6418091654777527, 1.1081385612487793, 0.3080569803714752]",yunet,Facenet,1920,1080,/home/amos/media/tv/modern_family/Modern.Family.S09.1080p.DSNP.WEB-DL.DDP5.1.H.264-CRFW/Modern.Family.S09E17.Royal.Visit.1080p.DSNP.WEB-DL.DDP5.1.H.264-CRFW.mkv,Modern Family,2009,1442437,9,17,Ariel Winter,42160.0,0.761
212,894,138,1074,366,1032,228,942,228,0.927,6720,0,"[-0.24265217781066895, -0.9205060005187988, 0.7475549578666687, 1.103097915649414, -0.06285378336906433, 1.8009893894195557, 0.9773342609405518, -2.0487749576568604, 0.7451730370521545, 1.8825284242630005, -1.3791375160217285, -0.6647661328315735, 0.0026375725865364075, 1.2131741046905518, -0.6115978956222534, 0.6147164106369019, -0.6348632574081421, -1.0335512161254883, -1.5498133897781372, -0.8110814094543457, 0.06452439725399017, -0.10629332065582275, 0.9234387278556824, 1.2876157760620117, 1.4564802646636963, -0.12938740849494934, 2.2011055946350098, -1.0466591119766235, 2.53171968460083, 1.3686763048171997, 0.37738269567489624, -0.9672675728797913, 0.07624375820159912, -0.20298072695732117, 1.432358741760254, -0.5896362066268921, -1.2752437591552734, 0.7612998485565186, -0.23065969347953796, 1.5090960264205933, 0.7701923847198486, -1.6688801050186157, -0.32066670060157776, 1.6326645612716675, 0.07439561933279037, -1.2505840063095093, -0.45160266757011414, -0.27865296602249146, 0.03268364816904068, -2.0213258266448975, -0.525863766670227, 0.3219187259674072, 0.12270037829875946, 0.34183239936828613, -0.49650266766548157, 0.5167627930641174, 0.9674968123435974, -0.3979681134223938, 0.17476074397563934, -0.6615679264068604, -0.6907702088356018, 0.4024725556373596, -0.6420037150382996, -1.417056918144226, -1.49918794631958, 1.47181236743927, -0.033116020262241364, 1.9942963123321533, -0.20649287104606628, -0.9222346544265747, -1.368987798690796, 0.1882704496383667, 1.5404044389724731, -1.4344874620437622, 0.43724948167800903, 0.10261313617229462, 0.8015427589416504, -0.11968064308166504, -0.45600393414497375, -0.3260241150856018, -0.24097409844398499, 0.04970800131559372, 0.13829147815704346, 0.5084218382835388, -0.5400494337081909, 0.31358247995376587, 0.15458856523036957, -0.18428251147270203, 1.071596622467041, 0.11778710782527924, 0.5054751038551331, -0.14149609208106995, 0.9549983739852905, -0.9174970984458923, 0.44108590483665466, 1.9444963932037354, 0.12683860957622528, -0.8202996850013733, 0.36441096663475037, 0.005095666274428368, -0.6309801936149597, 1.4915426969528198, -1.0809065103530884, 0.4002155363559723, 0.8330776691436768, -0.35962992906570435, -0.3684474527835846, -0.17330051958560944, 1.3744821548461914, -1.0543853044509888, 0.7051770091056824, 0.6080749034881592, 0.5043727159500122, -1.741065263748169, -0.6764745116233826, 0.5885117053985596, -0.2800281345844269, 1.4843134880065918, -0.01882912963628769, -0.9142122864723206, 1.549216628074646, -0.19397519528865814, 1.1042524576187134, -1.32761812210083, 1.1953341960906982, 0.9170646071434021, 1.3160855770111084, 0.4258250594139099]",yunet,Facenet,1920,1080,/home/amos/media/tv/modern_family/Modern.Family.S09.1080p.DSNP.WEB-DL.DDP5.1.H.264-CRFW/Modern.Family.S09E17.Royal.Visit.1080p.DSNP.WEB-DL.DDP5.1.H.264-CRFW.mkv,Modern Family,2009,1442437,9,17,Ariel Winter,42160.0,0.708
213,864,126,1056,360,1014,222,918,222,0.925,6744,0,"[-0.3144013285636902, -0.739903450012207, 1.2441115379333496, -0.43048030138015747, -0.09295997768640518, 0.7705838680267334, 1.280798316001892, -0.4684106111526489, 0.2493676245212555, 1.1397396326065063, -1.2231537103652954, -0.053162798285484314, 0.35336095094680786, 1.6039280891418457, -0.7044031620025635, 1.7039825916290283, -0.007746994495391846, -1.2656946182250977, -1.0143626928329468, -0.9977371692657471, 0.23618310689926147, -0.05152777209877968, 0.4437559247016907, 1.8344371318817139, 1.2653833627700806, 0.25304678082466125, 2.2026216983795166, -0.586181640625, 2.471982717514038, 1.3843127489089966, 0.6730678081512451, -0.5327391028404236, 1.3432469367980957, -0.4624154269695282, 1.1027172803878784, -0.9567145705223083, -0.6410472989082336, 0.8902337551116943, 0.557354211807251, 2.3816752433776855, 0.2876338064670563, -0.4424477219581604, -0.41100987792015076, 1.1293435096740723, -0.44043827056884766, -0.10670718550682068, -0.2998950481414795, -0.46645307540893555, -0.9448459148406982, -1.1409627199172974, -0.9707139134407043, 0.9837353229522705, -0.02949676662683487, 0.7111047506332397, 0.3296600580215454, 0.5497731566429138, 1.209517240524292, 0.6224048733711243, -0.44667553901672363, -0.20083767175674438, 0.060158923268318176, -0.12811170518398285, -0.44136980175971985, -0.8926134705543518, -1.205178141593933, 1.0255666971206665, -0.3466417193412781, 2.4194626808166504, 0.26518937945365906, -0.8922786712646484, -1.3040997982025146, 1.7062435150146484, 1.002221941947937, -0.8113272786140442, -0.13194455206394196, -0.32892584800720215, 0.3807101249694824, -0.31515607237815857, 0.38997912406921387, -0.2881413698196411, -1.3643720149993896, 0.05152733623981476, 1.1459486484527588, -0.12695665657520294, -0.5487285852432251, 1.0303850173950195, 1.0211843252182007, -0.6137437224388123, 0.6796417236328125, 0.5759135484695435, -0.035405613481998444, 0.21697193384170532, 1.0174295902252197, -1.0203499794006348, 1.1288925409317017, 1.478386640548706, 0.12545162439346313, -0.7139179110527039, -0.06070645898580551, -0.33824434876441956, -0.3897317051887512, 2.3720591068267822, -1.0978277921676636, 0.5216894149780273, 0.24889147281646729, -0.9728501439094543, -1.462134599685669, -0.046336278319358826, 0.921299397945404, -0.4869645833969116, 0.3041037917137146, -0.15765389800071716, 1.6810740232467651, -1.7696003913879395, -1.2253739833831787, 0.7541621923446655, 0.32860225439071655, 1.6435492038726807, 0.7668785452842712, -2.210688591003418, 1.0207279920578003, 1.4025598764419556, 0.7895676493644714, -2.009567975997925, 0.7488147616386414, 0.8204311728477478, 0.1529553085565567, -0.21393808722496033]",yunet,Facenet,1920,1080,/home/amos/media/tv/modern_family/Modern.Family.S09.1080p.DSNP.WEB-DL.DDP5.1.H.264-CRFW/Modern.Family.S09E17.Royal.Visit.1080p.DSNP.WEB-DL.DDP5.1.H.264-CRFW.mkv,Modern Family,2009,1442437,9,17,,,
214,882,150,1068,372,1020,240,930,240,0.923,6768,0,"[0.03486296534538269, -0.5516469478607178, 1.205061435699463, 0.8578181862831116, 0.39100971817970276, 1.2796759605407715, 1.4045734405517578, -1.3468239307403564, 0.6860415935516357, 1.2100615501403809, -0.6057626605033875, -0.9086206555366516, -0.34985828399658203, 1.8237658739089966, -0.4685676395893097, 0.5065453052520752, -0.22566601634025574, -1.3423292636871338, -2.3547017574310303, -1.1536730527877808, -0.8304305076599121, -0.031790681183338165, 0.9072933197021484, 1.58160400390625, 1.34521484375, 0.41959747672080994, 2.310302734375, -0.8909465670585632, 2.5758113861083984, 0.829345703125, 0.6095688343048096, -0.560456395149231, 0.24232053756713867, -0.4140615463256836, 1.2598627805709839, -0.25309962034225464, -0.985603392124176, 0.14333440363407135, -0.0415104478597641, 1.470489263534546, 0.1602887213230133, -2.001661777496338, -0.6027697324752808, 1.3535435199737549, 0.33134737610816956, -1.05171799659729, -0.25987735390663147, -0.8533453941345215, 0.14338843524456024, -1.7252731323242188, -0.14831921458244324, -0.36229264736175537, -0.20635169744491577, 0.2046830803155899, -0.590373158454895, 0.6584690809249878, 1.2429343461990356, -0.4374317526817322, 0.06600340455770493, -0.43042171001434326, -1.3919124603271484, 0.19812904298305511, 0.1239086166024208, -1.3534765243530273, -1.4914076328277588, 1.5294121503829956, -0.44673043489456177, 2.0311942100524902, 0.5259838104248047, -0.4331747591495514, -1.7125930786132812, 0.506571888923645, 1.5462807416915894, -1.1537178754806519, 0.014988923445343971, -0.10079512000083923, 0.36690276861190796, -0.6103735566139221, -0.11898288130760193, -0.09265140444040298, -0.28664708137512207, -0.005236472934484482, 0.14263278245925903, 0.14852428436279297, -0.4104379415512085, 0.3231712281703949, 0.42085736989974976, -0.23639719188213348, 1.5030843019485474, 0.5735979080200195, 0.7139988541603088, 0.06569387763738632, 0.5930269956588745, -1.6601825952529907, 0.12276238203048706, 2.3071444034576416, 0.10979756712913513, -0.5928196907043457, 0.2028748095035553, -0.22619201242923737, -1.2719355821609497, 1.358822226524353, -0.9117671251296997, 0.2712770402431488, 1.485292911529541, -0.2840467095375061, -0.4329083263874054, -0.2576588988304138, 1.3428298234939575, -0.7987534999847412, 0.5058063268661499, 0.7640353441238403, 0.7219018936157227, -1.945880651473999, -0.05966585874557495, 0.7013664245605469, 0.03453319892287254, 1.2612608671188354, 0.7643690705299377, -1.4972645044326782, 1.0773195028305054, -0.3211069405078888, 1.2719846963882446, -0.8790403604507446, 1.063052773475647, 0.5250469446182251, 0.74782395362854, 0.24893750250339508]",yunet,Facenet,1920,1080,/home/amos/media/tv/modern_family/Modern.Family.S09.1080p.DSNP.WEB-DL.DDP5.1.H.264-CRFW/Modern.Family.S09E17.Royal.Visit.1080p.DSNP.WEB-DL.DDP5.1.H.264-CRFW.mkv,Modern Family,2009,1442437,9,17,Ariel Winter,42160.0,0.703
215,876,144,1062,372,1020,240,930,240,0.926,6792,0,"[0.5424505472183228, -0.7306786775588989, 0.905602216720581, 0.569521427154541, 0.23618456721305847, 1.4083174467086792, 0.2923157513141632, -2.00946307182312, 0.6620495915412903, 2.1884331703186035, -0.7850803136825562, -0.35970205068588257, 0.2737336754798889, 1.423418641090393, -0.6483854055404663, 0.8180691003799438, 0.09070992469787598, -1.477810025215149, -1.4786218404769897, 0.18291231989860535, 0.2789895534515381, -0.07756704837083817, 0.7895705699920654, 1.0671135187149048, 0.866284966468811, 0.13233202695846558, 2.803020477294922, -0.47501295804977417, 1.790653944015503, 1.2881219387054443, 0.13829106092453003, -0.18250733613967896, -0.029279373586177826, -0.013594932854175568, 1.182987093925476, -0.188465416431427, -1.1030476093292236, 0.03332178294658661, -0.20331960916519165, 1.5600767135620117, 0.1169506385922432, -1.943705677986145, 0.2003728449344635, 1.63224458694458, 0.06149892508983612, -1.8035262823104858, -0.49712422490119934, -0.4329323172569275, -0.04607080668210983, -2.077073574066162, 0.09754795581102371, -0.22862039506435394, -0.4298481047153473, 0.32193130254745483, -0.8357375264167786, 0.1581379771232605, 1.1262483596801758, -0.5486761927604675, -0.07426213473081589, -0.5815579295158386, -0.9430921077728271, 1.0086511373519897, -0.16456535458564758, -0.9701181650161743, -1.585672378540039, 1.0196346044540405, 0.1683570146560669, 1.4035831689834595, -0.12300556153059006, -0.16236916184425354, -1.4416496753692627, -0.09268175065517426, 1.8536794185638428, -1.1310558319091797, 0.820396363735199, 0.14044694602489471, 1.3557953834533691, -0.9083371162414551, -0.4434283673763275, -1.0183453559875488, -0.095375657081604, 0.11322064697742462, 0.40732720494270325, 1.0874146223068237, -0.47663232684135437, 0.05283038318157196, 0.3649144172668457, -0.7383325099945068, 1.636365294456482, -0.44713568687438965, -0.19139611721038818, -0.42219746112823486, 0.8192248940467834, -1.4238243103027344, 1.0279364585876465, 1.5877691507339478, 0.41204172372817993, -1.1488120555877686, -0.08906033635139465, -0.2002291977405548, -0.26659446954727173, 1.3409987688064575, -1.4474116563796997, 0.07748539000749588, 1.1831462383270264, -0.21296951174736023, -0.03163240849971771, -0.33265358209609985, 1.645565390586853, -0.8339334726333618, 1.1439300775527954, 0.5537393093109131, 0.17229576408863068, -1.1077938079833984, -0.2573877274990082, 0.6198111772537231, -0.7328270673751831, 1.7550452947616577, -0.009738758206367493, -1.3518450260162354, 1.4780646562576294, -0.21124745905399323, 1.2285654544830322, -1.0407241582870483, 1.7971211671829224, 0.224726140499115, 1.4345818758010864, 0.5212776064872742]",yunet,Facenet,1920,1080,/home/amos/media/tv/modern_family/Modern.Family.S09.1080p.DSNP.WEB-DL.DDP5.1.H.264-CRFW/Modern.Family.S09E17.Royal.Visit.1080p.DSNP.WEB-DL.DDP5.1.H.264-CRFW.mkv,Modern Family,2009,1442437,9,17,Ariel Winter,42160.0,0.843
216,882,144,1068,372,1026,234,942,234,0.927,6816,0,"[0.4776047468185425, -0.5734467506408691, 0.959507942199707, 0.8570763468742371, 0.03955265134572983, 1.3327314853668213, 0.9664520025253296, -2.0102105140686035, 0.14696118235588074, 2.195354461669922, -0.6513997912406921, -0.581910252571106, 0.21490781009197235, 1.8485347032546997, -0.3614822030067444, 0.46634507179260254, 0.035146500915288925, -1.7433725595474243, -1.980638027191162, 0.11977517604827881, -0.009359970688819885, -0.00030807824805378914, 0.6414691805839539, 1.4334533214569092, 1.0116498470306396, 0.25427526235580444, 2.858027219772339, -0.8599628806114197, 2.3779101371765137, 0.9374291300773621, 0.321298211812973, -0.15048867464065552, -0.2694384753704071, -0.5854073166847229, 1.1570172309875488, -0.27486857771873474, -1.3838151693344116, -0.03281950205564499, 0.19288039207458496, 0.9333291053771973, -0.14478695392608643, -1.8484553098678589, 0.16562844812870026, 1.3647427558898926, -0.19592350721359253, -1.6536636352539062, -0.3036267161369324, -0.6369776725769043, -0.8292831182479858, -1.7756508588790894, 0.51754230260849, -0.5989787578582764, -0.15536785125732422, 0.5732284784317017, -0.9092419147491455, 0.012865385040640831, 1.380867600440979, -0.45489731431007385, -0.3279494643211365, -0.6860917210578918, -1.271481990814209, 0.5637122392654419, -0.0014734826982021332, -1.214637279510498, -1.3233026266098022, 0.7200759053230286, 0.041239917278289795, 1.203919768333435, -0.35149693489074707, 0.19671612977981567, -1.4837812185287476, 0.5572134256362915, 1.6164544820785522, -0.7354125380516052, 0.31201764941215515, 0.22667761147022247, 1.3986526727676392, -0.783445417881012, -0.06828188896179199, -0.5630826354026794, -0.2011517882347107, 0.45154353976249695, 0.23084482550621033, 0.7394381165504456, -0.30290865898132324, 0.29914551973342896, 0.8985495567321777, -1.0404165983200073, 1.6320347785949707, -0.6782148480415344, 0.24904325604438782, -0.02172587439417839, 0.6508324146270752, -1.17566978931427, 0.8414590954780579, 1.7353233098983765, 0.6240105032920837, -0.8882061839103699, 0.33426544070243835, -1.0010647773742676, -0.846788227558136, 1.26309072971344, -0.945881724357605, 0.23691563308238983, 1.4829593896865845, -0.6556165218353271, -0.06351550668478012, -0.1435399204492569, 2.2945497035980225, -0.6776657104492188, 0.9357158541679382, 0.31145668029785156, 0.6761845350265503, -1.1724820137023926, -0.5482903122901917, 0.5838922262191772, -0.35017722845077515, 2.1896324157714844, -0.07762395590543747, -1.1720736026763916, 1.115294098854065, 0.06823369860649109, 1.3782230615615845, -0.804490864276886, 1.4944093227386475, 0.8911352753639221, 0.8567515015602112, -0.06458698213100433]",yunet,Facenet,1920,1080,/home/amos/media/tv/modern_family/Modern.Family.S09.1080p.DSNP.WEB-DL.DDP5.1.H.264-CRFW/Modern.Family.S09E17.Royal.Visit.1080p.DSNP.WEB-DL.DDP5.1.H.264-CRFW.mkv,Modern Family,2009,1442437,9,17,Ariel Winter,42160.0,0.805
217,870,144,1056,372,1002,246,918,240,0.93,6840,0,"[0.35230010747909546, -0.56324303150177, 0.8426839113235474, 0.6497353315353394, 0.4071192145347595, 1.5444415807724, 0.7385225892066956, -1.8188053369522095, 0.20729616284370422, 1.7642455101013184, -0.8232935667037964, -0.72271728515625, -0.3537468910217285, 1.7622959613800049, -0.5619876384735107, 0.08103681355714798, 0.015599802136421204, -1.7916383743286133, -2.222017288208008, -1.079627275466919, -0.29973161220550537, -0.0917958915233612, 1.0274085998535156, 0.9133850932121277, 1.1617445945739746, 0.4446905851364136, 2.26141619682312, -0.8369429707527161, 2.5722463130950928, 0.39384138584136963, 0.42357274889945984, -0.5033217072486877, 0.03774694725871086, -0.6659920811653137, 1.5559784173965454, -0.05695965886116028, -1.2590965032577515, -0.08025457710027695, -0.05249623954296112, 0.7004858255386353, -0.3639582693576813, -1.994259238243103, -0.4142793118953705, 1.397182583808899, 0.374578058719635, -1.2409166097640991, -0.14886964857578278, -0.47982385754585266, -0.3398401141166687, -1.9309444427490234, -0.25962120294570923, -0.3902260363101959, -0.5695157647132874, 0.34633320569992065, -0.7824500203132629, 0.7843844890594482, 1.5233080387115479, -0.864523708820343, -0.016822904348373413, -0.4441693127155304, -1.3906660079956055, 0.37315255403518677, 0.20246213674545288, -1.0732983350753784, -1.6689510345458984, 1.5561500787734985, -0.36377111077308655, 1.5829520225524902, 0.5976099967956543, -0.21953502297401428, -1.815864086151123, 0.42568281292915344, 0.876457691192627, -1.201052188873291, 0.6821642518043518, 0.25770679116249084, 0.6492757797241211, -1.098275899887085, 0.030212990939617157, -0.529086709022522, 0.05501048266887665, 0.38208770751953125, 0.12994712591171265, 0.6268744468688965, -0.032068558037281036, -0.12041067332029343, 0.3953458368778229, -0.41604459285736084, 1.7224602699279785, 0.14089998602867126, 0.13188593089580536, -0.28707030415534973, 0.9169645309448242, -1.6991983652114868, 0.5749799013137817, 2.465890645980835, 0.3027951717376709, -0.5445919632911682, 0.36772507429122925, -0.4269671142101288, -1.057791829109192, 0.6294913291931152, -0.996781587600708, 0.6836016774177551, 1.8610179424285889, -0.25047537684440613, -0.10065746307373047, 0.04087669029831886, 1.9806451797485352, -0.9749306440353394, 0.7964105010032654, 0.4452170729637146, 0.11350871622562408, -1.227247714996338, -0.0957101359963417, 0.6516039371490479, -0.3295714259147644, 1.904213786125183, 0.5273410677909851, -1.447834849357605, 1.6176643371582031, -0.2429971694946289, 1.0982275009155273, -0.3219921290874481, 1.5078338384628296, 0.29909762740135193, 0.813624918460846, 0.10147784650325775]",yunet,Facenet,1920,1080,/home/amos/media/tv/modern_family/Modern.Family.S09.1080p.DSNP.WEB-DL.DDP5.1.H.264-CRFW/Modern.Family.S09E17.Royal.Visit.1080p.DSNP.WEB-DL.DDP5.1.H.264-CRFW.mkv,Modern Family,2009,1442437,9,17,Ariel Winter,42160.0,0.761
218,1170,576,1338,786,1290,654,1212,654,0.904,7032,0,"[-0.546473503112793, -1.5510470867156982, 0.5968536138534546, 0.010494925081729889, 0.03114793263375759, 1.5700267553329468, 0.40591052174568176, 0.7154761552810669, 1.2713596820831299, 0.46379223465919495, 0.6100116968154907, -1.2587571144104004, 0.6054302453994751, 0.2928292453289032, -1.3886805772781372, 0.48661404848098755, 0.9422534704208374, -0.4535825252532959, -0.020137809216976166, 0.4780443608760834, 1.1090471744537354, 0.38878297805786133, 1.5944620370864868, 0.5804001688957214, 0.7049064040184021, -0.8442167043685913, 0.5379848480224609, -0.60196852684021, -0.20002059638500214, 0.0930413007736206, 0.2938843369483948, -0.4170430600643158, 0.2810989022254944, 0.3619539439678192, 0.6493209600448608, 0.38513144850730896, 0.4236716032028198, -0.10039038211107254, 0.7404033541679382, 0.14565366506576538, -0.2432975172996521, 0.15625369548797607, 0.051591500639915466, 0.12597408890724182, 0.24710094928741455, 0.2837883532047272, 0.6380372643470764, -0.7023659944534302, 0.59217768907547, 1.4305710792541504, -1.9636744260787964, 0.402104914188385, -0.8137685656547546, -0.6362943053245544, -0.4872582256793976, 0.42778611183166504, -0.03749743476510048, 0.299831748008728, -0.12059946358203888, 0.376159131526947, 0.2726268172264099, 0.4035533666610718, 0.2815871834754944, -0.12102153897285461, 0.23621198534965515, 0.9641891717910767, -0.14195480942726135, 1.989546537399292, 0.16226732730865479, -0.28403276205062866, -0.7855475544929504, 1.1598484516143799, 0.06507746875286102, -0.5887118577957153, 0.2569960355758667, -0.1306408792734146, -0.6367237567901611, -1.3581814765930176, -0.6111505031585693, 1.0979430675506592, -1.3800902366638184, -0.23262280225753784, 1.8349512815475464, 0.43723076581954956, 0.9722639918327332, 0.5196783542633057, 0.4259316325187683, 0.08617642521858215, -0.5607907772064209, 0.3616463541984558, 0.6399102210998535, 0.9767414331436157, -0.8306214213371277, 0.7642964124679565, 0.1726967692375183, 1.2893608808517456, -1.69239342212677, 0.5047910809516907, -1.1882832050323486, 0.03249169886112213, 0.8496626019477844, 0.4317573308944702, -0.4356868267059326, -0.8295909762382507, -1.017317295074463, 0.005221836268901825, -0.3371223509311676, 0.048777464777231216, -0.15647053718566895, -1.7962336540222168, 0.8546434044837952, -0.7481155395507812, 1.4470562934875488, 0.009253409691154957, 0.18047769367694855, 0.12742595374584198, 1.4301557540893555, 0.28650498390197754, 0.2540788948535919, -0.041579458862543106, 1.3011891841888428, 0.17437857389450073, 0.15508496761322021, -0.8509028553962708, -0.6024917960166931, -1.5353493690490723, 0.28822585940361023, -0.18975456058979034]",yunet,Facenet,1920,1080,/home/amos/media/tv/modern_family/Modern.Family.S09.1080p.DSNP.WEB-DL.DDP5.1.H.264-CRFW/Modern.Family.S09E17.Royal.Visit.1080p.DSNP.WEB-DL.DDP5.1.H.264-CRFW.mkv,Modern Family,2009,1442437,9,17,,,
219,954,300,1128,522,1092,378,1014,384,0.909,7080,0,"[-1.4693280458450317, -0.5918655395507812, -0.7703000903129578, -0.36724552512168884, 0.7210922241210938, 0.6813257932662964, -0.010987844318151474, -1.5047725439071655, 0.8151097893714905, 0.9891140460968018, -0.13227221369743347, 0.152352437376976, -0.8741686344146729, -0.5148033499717712, -0.3064057230949402, 1.3687816858291626, 0.4454188644886017, -1.7404873371124268, -0.23199981451034546, -0.9106138944625854, 0.2918628454208374, -0.6391947269439697, -0.13719066977500916, 1.3506455421447754, 1.6311452388763428, -0.8541892766952515, 2.6515839099884033, 0.5565413236618042, 0.23094643652439117, 0.36732661724090576, -0.056608155369758606, -0.007092084735631943, 0.44624072313308716, 0.3066716492176056, -0.4227984547615051, -0.5669204592704773, -0.5600221753120422, -0.3890702724456787, 0.6803142428398132, -0.29456546902656555, -0.1035294309258461, -1.0416553020477295, -0.709404468536377, 1.8379161357879639, 0.4637356698513031, -1.6676300764083862, -0.5305315256118774, -0.975936770439148, 0.06792764365673065, 0.11899237334728241, -1.4198641777038574, 0.30317389965057373, -0.20923998951911926, -0.17975494265556335, -0.07640837132930756, 0.21893517673015594, 0.7014575600624084, -0.6394280791282654, -1.155484676361084, 0.43938592076301575, 0.04051562398672104, 0.028352253139019012, -0.4500298500061035, -0.9109420776367188, -0.8255578279495239, 1.457853078842163, -0.6576850414276123, 1.2092413902282715, -0.765239417552948, -1.0927741527557373, -0.8140202164649963, -0.13666678965091705, 0.36164137721061707, -0.7651256918907166, 1.1727631092071533, 0.291873574256897, 0.9137645959854126, 0.20343711972236633, 0.7811580300331116, 0.6268944144248962, -1.6498541831970215, 1.651787281036377, 0.5229987502098083, 0.14357170462608337, -0.14696267247200012, 1.5156664848327637, 0.5725202560424805, -0.16173264384269714, -0.04893447458744049, 0.4274257719516754, 0.6231723427772522, -0.7208779454231262, 0.6218731999397278, -0.2220953404903412, 1.9924073219299316, 0.12354502081871033, -2.1134326457977295, 0.05982539802789688, -2.147711992263794, 0.48547351360321045, 0.6623142957687378, 0.38353675603866577, -0.40059417486190796, -0.3837266266345978, 0.27932003140449524, -1.7625058889389038, -0.6863049864768982, -0.15928661823272705, -0.32680296897888184, -0.8289780020713806, -0.017925236374139786, -0.4457464814186096, 1.388502597808838, -0.4805268347263336, -1.2430716753005981, 0.25542929768562317, 0.08555673807859421, 1.7475947141647339, -0.27949902415275574, 0.9894227981567383, 1.3211513757705688, 0.5533281564712524, 1.6136130094528198, -0.32007843255996704, 1.0539498329162598, -0.46844375133514404, 1.6517119407653809, 0.8827636241912842]",yunet,Facenet,1920,1080,/home/amos/media/tv/modern_family/Modern.Family.S09.1080p.DSNP.WEB-DL.DDP5.1.H.264-CRFW/Modern.Family.S09E17.Royal.Visit.1080p.DSNP.WEB-DL.DDP5.1.H.264-CRFW.mkv,Modern Family,2009,1442437,9,17,Rico Rodriguez,206737.0,0.519
220,816,168,1110,552,1050,324,912,324,0.929,7272,0,"[0.4920814037322998, -0.7079631090164185, 1.216903805732727, -0.06298447400331497, -0.27784666419029236, 0.56987464427948, 0.4066428542137146, -2.368434190750122, -0.23369717597961426, 2.18302583694458, -1.2975945472717285, -0.21769961714744568, 0.08510932326316833, 1.8964122533798218, 0.2446144074201584, 0.897499680519104, -0.22718864679336548, -1.7492866516113281, -0.5810442566871643, -0.6195157766342163, -0.10162907093763351, -0.26375725865364075, 0.639752209186554, 1.7998921871185303, 1.5096266269683838, 0.22837111353874207, 2.790647268295288, -0.4491633176803589, 1.5073658227920532, 1.386709451675415, -0.39904215931892395, -0.3465445041656494, -0.23134782910346985, 0.17964255809783936, 0.8488157987594604, 0.6778553128242493, 0.18955588340759277, -0.46288734674453735, -0.3519730865955353, 0.6974817514419556, 0.47212323546409607, -1.3566128015518188, -0.44268712401390076, 0.912473201751709, -1.0370055437088013, -1.2122489213943481, 0.28442272543907166, -1.5297118425369263, -1.3523781299591064, -1.4033671617507935, -1.196994662284851, -1.0124610662460327, -0.2315177321434021, 0.41537362337112427, -0.8357391357421875, -0.1765567660331726, 1.2328834533691406, 0.15675100684165955, 0.33060237765312195, -0.4547237753868103, -0.5103580355644226, 0.015824750065803528, 0.5963774919509888, -1.3292449712753296, -1.6421401500701904, 1.3200939893722534, 0.3328651487827301, 1.9662173986434937, 0.16966810822486877, 1.4688369035720825, 0.22181649506092072, 0.5894800424575806, 1.5198273658752441, -0.3033086657524109, 0.4057942032814026, 0.4502541124820709, 1.694502353668213, -0.6083678007125854, 0.28455302119255066, -0.40195393562316895, -0.6655169129371643, -0.24807941913604736, 0.11484751850366592, 1.2761904001235962, 0.3300710916519165, 0.6133754253387451, 0.9935390949249268, -1.0930231809616089, 1.4521006345748901, -0.06422410905361176, 0.49157392978668213, -1.264172077178955, 0.976083517074585, -1.2535758018493652, 0.1285315752029419, 1.5413503646850586, 0.043351687490940094, 0.16237236559391022, 0.07296693325042725, -0.11923029273748398, -0.864387571811676, 1.992049217224121, -0.2944220006465912, -0.9528956413269043, 1.2429746389389038, -0.7595389485359192, -1.2207828760147095, -0.10060928761959076, 1.2728040218353271, 0.04474904388189316, 0.4734151363372803, 0.3730695843696594, 0.9386274814605713, -1.1063039302825928, -0.2491093873977661, 0.13456641137599945, -0.5210851430892944, 1.2790471315383911, 0.012493953108787537, -0.2802671194076538, 1.5910248756408691, -0.09399569779634476, 0.9688462018966675, -1.304458737373352, 1.8280545473098755, 0.8094537854194641, 1.9082647562026978, 0.6970006227493286]",yunet,Facenet,1920,1080,/home/amos/media/tv/modern_family/Modern.Family.S09.1080p.DSNP.WEB-DL.DDP5.1.H.264-CRFW/Modern.Family.S09E17.Royal.Visit.1080p.DSNP.WEB-DL.DDP5.1.H.264-CRFW.mkv,Modern Family,2009,1442437,9,17,Ariel Winter,42160.0,0.654
221,810,192,1098,558,1038,336,906,330,0.927,7296,0,"[0.20794804394245148, -0.3618199825286865, 1.203757405281067, 0.28328806161880493, 1.1138710975646973, 1.856943964958191, 0.47473710775375366, -1.5609877109527588, 0.8956542015075684, 1.1391100883483887, -1.7267276048660278, -0.43391290307044983, 0.12127965688705444, 1.465990424156189, 0.3393495976924896, 0.9952675700187683, -0.5035446882247925, -1.2219212055206299, -0.6665785908699036, -1.675273060798645, -0.6528571844100952, 0.17741058766841888, 0.9436101913452148, 1.7223447561264038, 0.8632053732872009, 0.012084148824214935, 1.61984121799469, -0.7841899991035461, 1.4527517557144165, 1.3182944059371948, -0.21764010190963745, -1.1517623662948608, -0.9677621126174927, 0.18094941973686218, 1.2761311531066895, 0.1623377948999405, -0.07897794246673584, -0.34022057056427, -0.7375667095184326, 0.6568074226379395, 1.4742249250411987, -2.1624948978424072, -0.7941621541976929, 1.818102240562439, 0.8171047568321228, -0.9248385429382324, 0.6211977601051331, -1.0214625597000122, 0.12866736948490143, -0.7508766651153564, -1.9192450046539307, -0.3901804983615875, -0.27610981464385986, 0.23085753619670868, -1.2845354080200195, 0.46070969104766846, 1.6109459400177002, -1.3914825916290283, 0.8688728213310242, -0.03229217231273651, -1.0224679708480835, 0.6282058358192444, 0.4709574580192566, -1.13132643699646, -2.398026943206787, 1.5413988828659058, 0.1673223376274109, 0.8248871564865112, 0.05356283485889435, -0.16560609638690948, -0.802995502948761, 0.4662224352359772, 1.4841876029968262, -0.6589908003807068, 0.11090494692325592, -0.2748382091522217, -0.04788019135594368, -0.42119941115379333, -0.229156494140625, -0.4098629355430603, -0.8451886177062988, -0.705904483795166, -0.01990671642124653, 0.5211628079414368, 0.7749115824699402, -0.5949171781539917, 1.0268808603286743, 0.15675829350948334, 2.120657205581665, 0.5790085196495056, 0.1352819949388504, -0.39051082730293274, 0.45748576521873474, -1.9375094175338745, 0.4339316785335541, 1.998745322227478, 0.32654282450675964, -0.7436648011207581, -0.25583672523498535, 0.4964441657066345, -0.383578360080719, 1.3255031108856201, -1.2938908338546753, -0.4904181957244873, 1.8002080917358398, 0.1965332180261612, -0.8613983392715454, 0.2924051880836487, 1.5485115051269531, -0.21950213611125946, 0.3901691436767578, 0.5038415789604187, 0.5569177865982056, -1.2169322967529297, -0.6136971712112427, -0.2244165539741516, 0.08904314786195755, 0.7353717684745789, -0.2243025004863739, -1.6031438112258911, 1.7389898300170898, -0.4224388003349304, 1.1484332084655762, -0.8095723986625671, 1.4022471904754639, -0.09615833312273026, 1.594588279724121, -0.28480932116508484]",yunet,Facenet,1920,1080,/home/amos/media/tv/modern_family/Modern.Family.S09.1080p.DSNP.WEB-DL.DDP5.1.H.264-CRFW/Modern.Family.S09E17.Royal.Visit.1080p.DSNP.WEB-DL.DDP5.1.H.264-CRFW.mkv,Modern Family,2009,1442437,9,17,Ariel Winter,42160.0,0.712
222,864,222,1140,570,1080,360,954,360,0.921,7320,0,"[0.43973129987716675, -0.2082599401473999, 0.3464292883872986, 0.28011488914489746, 0.45008584856987, 2.082918167114258, 0.8028714656829834, -1.933706283569336, 0.18272778391838074, 2.0685877799987793, -1.3626424074172974, -0.6911880970001221, 0.18488363921642303, 2.4577596187591553, 0.0776689276099205, 0.4457131028175354, -1.0370615720748901, -1.4211539030075073, -1.1685791015625, -1.1566386222839355, -0.6881603002548218, 0.403684139251709, 0.8765217661857605, 1.9139196872711182, 1.4985015392303467, 0.6054352521896362, 2.097954034805298, -0.7574886083602905, 1.762353539466858, 0.29102960228919983, 0.6575554609298706, -0.6416491866111755, -0.5630851984024048, 0.07228495925664902, 1.5697760581970215, -0.5027971863746643, -0.0864977240562439, -0.20110929012298584, 0.3285054564476013, 1.307843804359436, 0.27512311935424805, -2.0269815921783447, 0.4382057189941406, 0.6010240912437439, -0.6825630068778992, -1.6046987771987915, -0.08537392318248749, -0.7585465908050537, -0.03789293393492699, -1.4828110933303833, -0.9034863114356995, -0.35087740421295166, -0.08472969383001328, 0.7117729783058167, -0.9592273235321045, 0.21064446866512299, 1.333871603012085, -0.5211231708526611, 0.12955453991889954, -0.9893345236778259, -1.13296377658844, 0.48750996589660645, -0.1004960685968399, -0.68412846326828, -1.8920392990112305, 1.418470859527588, 0.020569346845149994, 1.7427135705947876, 0.263847291469574, 0.08655738830566406, -0.742526650428772, 0.6704264879226685, 2.303614854812622, -0.5176563262939453, -0.2409292459487915, 0.2240656465291977, 1.5225571393966675, -0.4694777727127075, -0.18784138560295105, -0.1767122745513916, -0.8596055507659912, 0.30698975920677185, 0.32353848218917847, 1.1096975803375244, 0.12009738385677338, 0.11186599731445312, 0.9445238709449768, -0.26936936378479004, 2.081516742706299, 0.6232690811157227, 0.4558771848678589, -1.1832289695739746, 0.41034287214279175, -1.6263142824172974, 0.8420777916908264, 2.2554850578308105, 0.06119827553629875, -0.0026775235310196877, 0.5207435488700867, -0.5551900863647461, -0.8883353471755981, 1.2582134008407593, -0.6883090138435364, 0.13445663452148438, 1.3823641538619995, -0.4209286570549011, -0.15755894780158997, 0.34907078742980957, 2.058089256286621, -1.1521947383880615, 1.04427170753479, 0.4491404891014099, 0.4630366563796997, -1.0938560962677002, 3.265403211116791e-05, 0.5045332908630371, 0.19654665887355804, 1.7842764854431152, 0.5053087472915649, -1.0429322719573975, 1.2196255922317505, -0.0674915537238121, 1.2849873304367065, -0.5180508494377136, 1.313929557800293, 0.34187421202659607, 1.6799523830413818, 0.09578315913677216]",yunet,Facenet,1920,1080,/home/amos/media/tv/modern_family/Modern.Family.S09.1080p.DSNP.WEB-DL.DDP5.1.H.264-CRFW/Modern.Family.S09E17.Royal.Visit.1080p.DSNP.WEB-DL.DDP5.1.H.264-CRFW.mkv,Modern Family,2009,1442437,9,17,Ariel Winter,42160.0,0.705
223,798,210,1092,594,1020,354,882,360,0.929,7344,0,"[0.36164888739585876, -0.5365641713142395, 0.035505473613739014, 0.4788070023059845, 0.6675319075584412, 1.3290863037109375, 0.5757225155830383, -2.2961976528167725, -0.26062801480293274, 2.316653251647949, -1.335634708404541, -0.4067305624485016, 0.29211968183517456, 1.8716944456100464, 0.4996529221534729, 0.6325541138648987, -0.46404293179512024, -1.446399211883545, -1.2973302602767944, -1.3470934629440308, -0.89219069480896, 0.39923372864723206, 0.5284010767936707, 2.272130012512207, 1.4631291627883911, 0.41137972474098206, 2.36574649810791, -0.8825772404670715, 1.996660590171814, 0.6636009812355042, 0.6947072744369507, -0.42543458938598633, -0.3089577257633209, -0.24518567323684692, 1.6086688041687012, -0.19190379977226257, -0.020777249708771706, 0.293362021446228, -0.01475544273853302, 0.99653160572052, 0.14169229567050934, -1.8384891748428345, 0.2399349957704544, 0.963813304901123, -0.4506644606590271, -1.2920202016830444, -0.05100937932729721, -0.7908740043640137, 0.19528861343860626, -1.631590485572815, -0.8461542129516602, -0.8408867716789246, -0.16769111156463623, 0.9106054306030273, -0.820049524307251, 0.16116084158420563, 0.9066518545150757, -0.5782212018966675, 0.13439171016216278, -1.0533455610275269, -1.6068328619003296, 0.42037737369537354, 0.012651234865188599, -1.097652792930603, -1.779314398765564, 1.672890067100525, 0.023339882493019104, 1.631800651550293, 0.5999751687049866, 0.5357987880706787, -0.4100998044013977, 0.5576306581497192, 1.350324034690857, -0.3745197057723999, -0.4193851053714752, -0.34880271553993225, 1.1583442687988281, -0.7193132042884827, -0.27988097071647644, -0.14695224165916443, -0.40774568915367126, -0.05961017310619354, 0.02945498377084732, 1.6559759378433228, -0.039485931396484375, 0.5692598819732666, 0.8606089353561401, -0.36359918117523193, 1.4079383611679077, 0.036389634013175964, 0.9580917954444885, -1.190768837928772, 0.714171290397644, -1.701884388923645, 0.549464225769043, 2.303053140640259, 0.7872977256774902, -0.06456514447927475, 0.6131817698478699, -0.23568293452262878, -1.714207410812378, 1.1374731063842773, -0.43681901693344116, 0.17056716978549957, 1.1652847528457642, -0.44675469398498535, -0.3927929997444153, -0.07583323121070862, 1.99424409866333, -0.620296835899353, 0.5133117437362671, 0.09434276074171066, 0.4693397283554077, -1.1678180694580078, -0.16453850269317627, 0.0921272486448288, -0.16100622713565826, 1.6297988891601562, 0.2956547141075134, -1.0558750629425049, 1.2110567092895508, -0.24513763189315796, 1.5395959615707397, -0.8708117604255676, 1.245795726776123, 0.7789736986160278, 1.6246205568313599, 0.03795434907078743]",yunet,Facenet,1920,1080,/home/amos/media/tv/modern_family/Modern.Family.S09.1080p.DSNP.WEB-DL.DDP5.1.H.264-CRFW/Modern.Family.S09E17.Royal.Visit.1080p.DSNP.WEB-DL.DDP5.1.H.264-CRFW.mkv,Modern Family,2009,1442437,9,17,Ariel Winter,42160.0,0.668
224,864,222,1152,588,1098,384,966,384,0.923,7368,0,"[0.558545708656311, 0.5097043514251709, 0.8099400401115417, 0.26924607157707214, 0.9804096817970276, 0.998985767364502, 0.9925127029418945, -2.1964547634124756, 1.0178526639938354, 2.097848415374756, -1.02715265750885, -0.34999561309814453, -0.255651593208313, 1.720355749130249, 0.09314991533756256, 0.4353407621383667, -0.4054361581802368, -1.7410472631454468, -1.5378690958023071, -1.5814690589904785, -0.5976727604866028, 0.40360942482948303, 0.06744834780693054, 1.883399486541748, 1.25034499168396, 0.9620411992073059, 1.9631165266036987, -0.510593831539154, 2.121446132659912, 0.7774561047554016, 0.595687747001648, -1.2334071397781372, -0.6643971800804138, -0.5416873693466187, 2.1540958881378174, 0.6363582611083984, -1.3804570436477661, 0.033617351204156876, 0.03179307281970978, 1.3783310651779175, -0.1803886592388153, -1.5219297409057617, 0.27069827914237976, 1.1154636144638062, -0.873081624507904, -0.6139224171638489, -0.3777697682380676, -1.3087233304977417, -0.8791679739952087, -1.8779207468032837, -0.20918439328670502, -0.877711832523346, -0.016811393201351166, 0.3355589509010315, -0.8473280668258667, -0.4036300778388977, 1.6526684761047363, -0.6072583198547363, -0.4777545928955078, -1.3045380115509033, -1.4897468090057373, 0.24577249586582184, -0.3451949954032898, -1.4718551635742188, -1.3720717430114746, 1.5923234224319458, -0.35985398292541504, 1.4043148756027222, 1.0959709882736206, 0.7777684926986694, 0.2874201536178589, 0.6276702880859375, 1.1821625232696533, -0.9336981177330017, -0.3233471214771271, 0.6926102042198181, 1.9410301446914673, -0.11370059847831726, 0.2663697898387909, 0.06351637840270996, -0.14036324620246887, 0.2391642928123474, 1.0362560749053955, 0.19842272996902466, -0.4165424704551697, 0.17976224422454834, 1.1905535459518433, -0.35082900524139404, 1.669205904006958, 0.7263602018356323, 0.6811498403549194, -0.8520577549934387, 0.6916688680648804, -1.0305179357528687, 0.4762401580810547, 2.007939100265503, -0.008026938885450363, 0.5149884819984436, 0.33003339171409607, -0.03798050433397293, -1.1327210664749146, 1.4196791648864746, -0.6196049451828003, 0.21266727149486542, 1.2287684679031372, -0.32983827590942383, -0.25448766350746155, 0.4708998501300812, 1.6590451002120972, -0.6339006423950195, 1.0591647624969482, 0.4064825773239136, 0.14011624455451965, -0.8240755200386047, 0.1200297474861145, 0.9172229766845703, 0.2598845660686493, 1.6824415922164917, 1.2437429428100586, -1.3957641124725342, 1.5332233905792236, 0.21876101195812225, 0.8563792705535889, -1.3016667366027832, 1.74754798412323, 0.17111626267433167, 1.0853195190429688, -0.23711198568344116]",yunet,Facenet,1920,1080,/home/amos/media/tv/modern_family/Modern.Family.S09.1080p.DSNP.WEB-DL.DDP5.1.H.264-CRFW/Modern.Family.S09E17.Royal.Visit.1080p.DSNP.WEB-DL.DDP5.1.H.264-CRFW.mkv,Modern Family,2009,1442437,9,17,Ariel Winter,42160.0,0.658
225,840,222,1140,594,1074,366,924,366,0.922,7392,0,"[-0.0004181414842605591, 0.5848156213760376, 1.2029979228973389, 0.3625008165836334, 1.1485419273376465, 0.7074054479598999, 0.8927739262580872, -2.4101569652557373, 1.2235015630722046, 1.237204909324646, -0.9387522339820862, -0.6478716731071472, 0.16811425983905792, 1.193644404411316, 0.1975882351398468, 0.4040762782096863, 0.08784309029579163, -2.278272867202759, -1.473147988319397, -1.8209731578826904, -0.7465802431106567, 0.0710792988538742, 0.08350533992052078, 2.203620195388794, 1.3573640584945679, 0.8466131091117859, 2.2640204429626465, -0.09476988017559052, 1.8262128829956055, 1.089587926864624, 0.03232303261756897, -1.526161789894104, -0.5184047818183899, -0.5294573903083801, 2.2454683780670166, 0.8859175443649292, -1.304103970527649, -0.22351905703544617, -0.16542348265647888, 1.5733743906021118, 0.023649800568819046, -1.8344578742980957, -0.29656264185905457, 1.6410226821899414, -0.09396912157535553, -0.15456101298332214, -0.45007777214050293, -0.6899467706680298, -0.5220986008644104, -2.1130454540252686, -0.09672729671001434, -0.27126210927963257, 0.24172955751419067, 0.10076873004436493, -1.083972692489624, 0.04534576088190079, 2.250962972640991, -1.0378414392471313, 0.19230493903160095, -0.5117104649543762, -1.0012308359146118, 0.33556169271469116, -0.24072211980819702, -1.3280032873153687, -1.3005712032318115, 1.6200459003448486, 0.11613067984580994, 0.41916218400001526, 0.7832653522491455, 0.7072062492370605, 0.3097267150878906, 0.33807745575904846, 0.8355462551116943, -1.0556758642196655, -0.48114264011383057, 0.41930514574050903, 1.9317125082015991, 0.3307422399520874, 0.1506119966506958, -0.1264127492904663, -0.15105363726615906, 0.6675674915313721, 1.0380783081054688, 0.11164788901805878, -0.25083619356155396, -0.08876360952854156, 1.243378758430481, -0.8985101580619812, 1.2420058250427246, 0.2534322142601013, 0.6303973197937012, -0.5177609920501709, 0.7278403043746948, -1.0840272903442383, 0.47909054160118103, 2.315230369567871, 0.2575280964374542, 0.06152908504009247, -0.6201215386390686, 0.4846751093864441, -0.8039223551750183, 0.7205812931060791, -0.49814683198928833, 0.8123872876167297, 0.6637397408485413, 0.25870704650878906, -0.7960745692253113, 0.4996122121810913, 1.7998316287994385, -0.5157858729362488, 0.34722912311553955, -0.16970881819725037, 0.4169430434703827, -0.4937512278556824, -0.13016480207443237, 0.6207774877548218, 0.3998638093471527, 1.2718757390975952, 0.8654553890228271, -1.37306809425354, 2.15087890625, -0.1416991949081421, 0.7915896773338318, -2.0276646614074707, 1.821677565574646, 0.5002763867378235, 1.8246948719024658, -0.9112932682037354]",yunet,Facenet,1920,1080,/home/amos/media/tv/modern_family/Modern.Family.S09.1080p.DSNP.WEB-DL.DDP5.1.H.264-CRFW/Modern.Family.S09E17.Royal.Visit.1080p.DSNP.WEB-DL.DDP5.1.H.264-CRFW.mkv,Modern Family,2009,1442437,9,17,Ariel Winter,42160.0,0.625
226,846,198,1146,576,1080,348,936,342,0.924,7416,0,"[0.5948501825332642, 0.6054279804229736, 1.2585660219192505, 0.5932451486587524, 1.0152982473373413, 0.7862699031829834, 1.4453543424606323, -2.590118408203125, 0.45722541213035583, 1.377416968345642, -0.7857211232185364, -0.3794739842414856, 0.3925706148147583, 1.1083729267120361, 0.1990671008825302, 0.1260530948638916, -0.1662522405385971, -2.045604944229126, -0.6334865689277649, -0.5383625030517578, 0.032215237617492676, -0.15390479564666748, 0.2556256353855133, 1.9721840620040894, 1.0315717458724976, 1.1983317136764526, 2.299081563949585, -0.6934680938720703, 2.0019145011901855, 1.3393851518630981, -0.23422473669052124, -1.0325016975402832, -0.7921668887138367, -0.04795815050601959, 2.376819133758545, 1.1323007345199585, -1.258097529411316, -0.5552946329116821, -0.40547120571136475, 1.5858638286590576, 0.28496450185775757, -0.6707227826118469, -0.15338930487632751, 1.6204394102096558, -0.87835693359375, -0.6363900899887085, -0.6698430776596069, -0.6912733316421509, -0.9697047472000122, -1.988348126411438, -0.265957772731781, -0.2830226719379425, 0.5462875366210938, 0.1719706654548645, -0.9361183643341064, -0.07971017062664032, 2.007721185684204, -0.10905225574970245, -0.42785903811454773, -0.9560574293136597, -1.3218438625335693, 0.27610862255096436, 0.26192355155944824, -1.5317543745040894, -2.3173227310180664, 1.3794816732406616, 0.2682945430278778, 0.8656613826751709, 1.1578718423843384, 1.4014495611190796, 1.3931797742843628, 0.0019699931144714355, 0.699277937412262, -0.517955482006073, -0.34671738743782043, 0.42687031626701355, 1.937667727470398, 0.37222471833229065, -0.28237760066986084, -0.3544926643371582, 0.5397669672966003, -0.06068763881921768, 0.4536447525024414, -0.2878398895263672, 0.29218733310699463, 0.4788866937160492, 1.1689025163650513, -0.8730838894844055, 1.4890660047531128, -0.3191646635532379, 0.050417862832546234, -0.242300346493721, 0.8598470091819763, -0.381335586309433, 0.054181717336177826, 2.1783058643341064, 0.059030141681432724, -0.9525845050811768, -0.5679593086242676, 0.361787348985672, -1.072733759880066, 1.635223627090454, -0.31179288029670715, -0.278300404548645, 0.6844419240951538, -0.5754438042640686, -0.14553356170654297, -0.41923049092292786, 1.4707863330841064, -0.34897708892822266, 0.3197343349456787, 0.5816466808319092, 0.5284090042114258, -0.6189202666282654, -0.2511143088340759, 0.988919734954834, -0.42416706681251526, 1.0832040309906006, 0.9886077046394348, -0.8667446374893188, 1.4733221530914307, -0.13666145503520966, 1.2870092391967773, -2.6188600063323975, 2.1138243675231934, 1.0464545488357544, 2.1966047286987305, 0.019983798265457153]",yunet,Facenet,1920,1080,/home/amos/media/tv/modern_family/Modern.Family.S09.1080p.DSNP.WEB-DL.DDP5.1.H.264-CRFW/Modern.Family.S09E17.Royal.Visit.1080p.DSNP.WEB-DL.DDP5.1.H.264-CRFW.mkv,Modern Family,2009,1442437,9,17,Ariel Winter,42160.0,0.656
227,1200,324,1338,504,1296,396,1230,396,0.907,7536,0,"[0.9100239276885986, 0.3439536988735199, 1.6047295331954956, 0.723623514175415, 0.47118350863456726, 2.2905142307281494, 1.1234631538391113, -2.210472583770752, -0.4106498062610626, 2.1710190773010254, -1.3370187282562256, -0.13745132088661194, -0.8844428658485413, 1.1475707292556763, -0.15832296013832092, 0.6904408931732178, -1.48507821559906, -0.5969593524932861, -1.0826255083084106, -0.2452102154493332, -0.6369786262512207, 0.010079862549901009, 1.4264575242996216, 0.27946630120277405, 1.2924511432647705, -0.24516382813453674, 0.9990836381912231, -0.4612268805503845, 2.2166383266448975, 1.4332222938537598, 0.2615002393722534, -0.5891268849372864, -0.44668900966644287, -0.4924318492412567, 0.869933545589447, -0.35575997829437256, -0.9183914065361023, 0.23963165283203125, -0.4813805818557739, 1.2461888790130615, 0.6618565320968628, -2.1597402095794678, -0.705895185470581, 2.169076919555664, 0.47253912687301636, -1.405175805091858, -1.4758901596069336, 1.0437450408935547, 0.04344776272773743, -1.3249326944351196, 1.1849024295806885, -0.12420129776000977, 1.1608182191848755, 0.9975360631942749, -0.33161136507987976, -0.5893064737319946, -0.5051596760749817, -0.9389380812644958, -0.24286246299743652, 0.2479115128517151, -1.1350992918014526, -0.20871402323246002, -1.3458747863769531, -2.0213565826416016, -1.2047874927520752, 0.4111069440841675, -0.3581579327583313, 1.826374888420105, 0.32110536098480225, -0.6408203840255737, -2.116472005844116, 0.2850717306137085, 0.8215226531028748, -0.41032689809799194, 0.1655721664428711, 1.0018390417099, 0.4347344934940338, 0.3141303062438965, 0.3499368727207184, 0.2858061194419861, -0.08669234067201614, 0.959000825881958, -0.3708283305168152, -0.3248102068901062, -0.31745702028274536, -0.6381009817123413, 0.013801613822579384, -0.28102606534957886, 1.900763750076294, -0.04923223331570625, -0.3105565011501312, 0.7410778999328613, 0.8967515230178833, -0.91270911693573, 0.7442626357078552, 1.2227516174316406, -0.05854593962430954, -1.3043872117996216, 0.8340275287628174, -0.34481680393218994, 0.00341811403632164, 0.7662254571914673, -2.5302653312683105, -0.5319849252700806, -0.8663207292556763, -0.3813789486885071, -0.042626604437828064, -0.5967204570770264, 1.6179730892181396, -1.2660856246948242, -0.6579278111457825, 1.6613715887069702, -0.11740833520889282, -3.188823699951172, 0.3384673595428467, 1.622397541999817, 0.16819627583026886, 0.7379696369171143, -0.5752307176589966, -0.2874760031700134, 1.3874361515045166, -1.0451537370681763, 1.6857649087905884, -0.8953741192817688, 1.5752685070037842, 1.0258522033691406, 1.191633939743042, 1.2675158977508545]",yunet,Facenet,1920,1080,/home/amos/media/tv/modern_family/Modern.Family.S09.1080p.DSNP.WEB-DL.DDP5.1.H.264-CRFW/Modern.Family.S09E17.Royal.Visit.1080p.DSNP.WEB-DL.DDP5.1.H.264-CRFW.mkv,Modern Family,2009,1442437,9,17,Ariel Winter,42160.0,0.659
228,1302,402,1452,600,1410,480,1338,480,0.913,7560,0,"[0.5639339089393616, -0.23798544704914093, 2.4868268966674805, 0.33187857270240784, -0.773834764957428, 1.841083288192749, 0.9443442821502686, -2.7601189613342285, 0.521904468536377, 1.9930953979492188, -0.7790451645851135, -0.10237518697977066, -0.12089144438505173, 1.4066096544265747, -2.1023194789886475, 0.34825313091278076, -0.3819338083267212, -1.139223337173462, -1.0036299228668213, 0.9362850189208984, 0.6743713617324829, 0.2567325234413147, 0.23528242111206055, 0.09204579889774323, 0.2291961908340454, 0.0633949488401413, 2.5592877864837646, -0.8364723324775696, 1.8627665042877197, 1.348423719406128, -0.34613221883773804, 0.5495525002479553, 0.2960350215435028, -0.940950870513916, 0.11414327472448349, -0.1032879650592804, -1.2926100492477417, -0.2980844974517822, -0.3755261301994324, 0.5530035495758057, -0.010249145328998566, -1.8104349374771118, -0.5337530374526978, 2.097027063369751, -0.5068264007568359, -1.6530084609985352, -0.9748905897140503, 0.36611032485961914, -1.171272873878479, -1.451730728149414, 1.265487551689148, -0.6385907530784607, 0.2578558325767517, 0.3762223720550537, -0.6171354055404663, -0.16851375997066498, 1.1794781684875488, -0.40094929933547974, -1.400686502456665, -0.20589372515678406, -1.4971551895141602, 0.5868604183197021, -1.123816728591919, -0.5117005705833435, -0.3736015260219574, 1.1006354093551636, 1.0103715658187866, 1.3544212579727173, 0.1749359667301178, 0.4398694336414337, -1.5934040546417236, 0.5571624040603638, 1.3460854291915894, -0.26516979932785034, 0.5776289701461792, 0.8054083585739136, 0.7071161270141602, -1.365726113319397, 0.2449091672897339, -0.41631215810775757, 0.17455774545669556, 0.31443294882774353, 0.7927122712135315, 0.6669995188713074, 0.15241506695747375, 0.16985508799552917, 0.775608479976654, -0.7230796217918396, 1.4539637565612793, -0.5061546564102173, -0.37730109691619873, 0.6314528584480286, 1.1492546796798706, -0.7532187700271606, 1.048748254776001, 1.6980745792388916, 0.18084530532360077, -0.8608753681182861, 0.032990776002407074, -1.9330451488494873, 0.2730531692504883, 0.8382932543754578, -1.8018414974212646, -0.759566068649292, -0.10441111028194427, -0.7771683931350708, -0.27214881777763367, -0.3918989598751068, 2.5295841693878174, -1.578012228012085, 0.26289892196655273, 0.565946102142334, 0.0459810309112072, -0.5525583028793335, -0.6320025324821472, 1.414657473564148, -0.22646744549274445, 1.918408751487732, -0.26812416315078735, -0.18919438123703003, 1.2085387706756592, -0.25688979029655457, 1.1652590036392212, -0.8241493105888367, 2.440180778503418, 0.6799925565719604, 1.339314341545105, 0.9372982382774353]",yunet,Facenet,1920,1080,/home/amos/media/tv/modern_family/Modern.Family.S09.1080p.DSNP.WEB-DL.DDP5.1.H.264-CRFW/Modern.Family.S09E17.Royal.Visit.1080p.DSNP.WEB-DL.DDP5.1.H.264-CRFW.mkv,Modern Family,2009,1442437,9,17,Ariel Winter,42160.0,0.738
229,1098,204,1254,426,1236,300,1200,300,0.904,7560,1,"[-1.3497246503829956, 1.0004833936691284, -2.3898732662200928, 0.326168417930603, -0.0373850055038929, -0.5910049676895142, -0.8100237250328064, -1.6583119630813599, 0.29145264625549316, -0.3301007151603699, 1.3459609746932983, -1.0138494968414307, -0.2338082194328308, -0.6847167015075684, 1.1229122877120972, 0.9606723189353943, -1.0684149265289307, -0.28400349617004395, -1.9090100526809692, 0.09211650490760803, 0.18842598795890808, 0.6011174321174622, 0.2926621735095978, -0.024717099964618683, 0.282319575548172, 1.008650541305542, 0.9585299491882324, -0.07757136225700378, 0.441470742225647, 1.0078157186508179, 0.4685169756412506, 0.6366855502128601, 0.5804395079612732, 0.3425583839416504, 0.7711695432662964, 1.4045443534851074, -0.7510095834732056, -0.8318061828613281, -0.6365230083465576, -0.35194551944732666, 0.3341180682182312, 0.5134873390197754, -0.3935289680957794, -0.8203984498977661, 0.6323522329330444, -1.8672082424163818, 1.3740547895431519, -0.33258575201034546, 0.0653337836265564, 0.5572495460510254, 0.23080454766750336, -1.101603627204895, 0.5227431058883667, 0.6240121126174927, -0.6339890956878662, -0.6883488297462463, 1.3688833713531494, 0.8515885472297668, -1.0950337648391724, -0.6617317199707031, -0.3019430637359619, -0.4991886615753174, -0.527660071849823, 0.3895789682865143, 0.9494630098342896, -1.4762940406799316, 0.6115257143974304, 0.5910329222679138, 0.9803065061569214, -1.610056757926941, 0.31422001123428345, -0.03702104836702347, -2.188530683517456, 0.4888406991958618, -0.3089252710342407, 0.15192538499832153, 0.7029412984848022, -0.08635975420475006, 0.20356696844100952, -1.7940741777420044, -0.15696126222610474, 0.6559474468231201, 0.856986403465271, 0.4596399962902069, 0.48456430435180664, 1.051619529724121, 0.52564537525177, 1.9438714981079102, -0.5395268201828003, -1.3484865427017212, -0.21813690662384033, -0.262096643447876, 2.0319578647613525, 1.2574182748794556, 0.020756568759679794, 1.4184945821762085, -2.1340043544769287, 0.25074875354766846, 0.0846434086561203, -0.14003495872020721, -0.502406656742096, -0.060582082718610764, 0.14694736897945404, -1.1515774726867676, 0.15922409296035767, -1.154571771621704, -0.6514285802841187, 1.89610755443573, 0.31621167063713074, -0.49990785121917725, -0.6290890574455261, 0.12062402069568634, -0.16767945885658264, 1.1335396766662598, -0.2419281005859375, 0.9271156787872314, 1.195955514907837, -0.8364881277084351, -0.20748421549797058, 2.382167100906372, 0.6029187440872192, 0.3462907373905182, 1.0246003866195679, -1.361720085144043, 1.1959481239318848, -0.3211504817008972, 0.030194057151675224, 0.17024682462215424]",yunet,Facenet,1920,1080,/home/amos/media/tv/modern_family/Modern.Family.S09.1080p.DSNP.WEB-DL.DDP5.1.H.264-CRFW/Modern.Family.S09E17.Royal.Visit.1080p.DSNP.WEB-DL.DDP5.1.H.264-CRFW.mkv,Modern Family,2009,1442437,9,17,Jimmy Tatro,1304335.0,0.624
230,1338,396,1506,630,1416,480,1362,480,0.914,7584,0,"[0.5078308582305908, -0.7978343963623047, 2.3773653507232666, -1.405750036239624, 0.0010295957326889038, 1.275054931640625, 0.9289829134941101, 0.5685075521469116, 0.943683385848999, 0.8511418104171753, -1.1346503496170044, -0.3683317005634308, 0.04075542092323303, 3.1247200965881348, -1.780801773071289, 0.9425108432769775, 0.2332325428724289, -1.66298508644104, 0.13341036438941956, -0.7445875406265259, 0.33363640308380127, -0.07482262700796127, -0.3461562395095825, -0.034054018557071686, 0.6048160195350647, 1.078587532043457, 2.5564591884613037, -1.4732767343521118, 2.162227153778076, 0.9785314798355103, 0.02468244731426239, 1.2572972774505615, 1.6433746814727783, -1.5526195764541626, 0.3528314530849457, 0.05118109658360481, -0.811002254486084, -0.1316169798374176, 0.198557510972023, 1.3705929517745972, 0.5936165452003479, -1.2277461290359497, -1.2316980361938477, 1.5118542909622192, 0.369304895401001, -0.4675356149673462, -1.5842747688293457, 0.42164942622184753, -0.21705928444862366, -1.0913819074630737, 0.06020987033843994, 1.229828953742981, -0.46588417887687683, 0.44135773181915283, 0.034229785203933716, -0.28044742345809937, 0.7046132683753967, 0.06515099108219147, 0.22236381471157074, 0.5994867086410522, -1.1358497142791748, 0.004525788128376007, -0.4093019366264343, -0.12769074738025665, -0.3959408104419708, -0.6812114119529724, -0.1636422574520111, 1.3519338369369507, 0.48591160774230957, -0.31284037232398987, -2.35190486907959, 1.8383595943450928, -0.020281217992305756, -0.5838034152984619, -0.08050891757011414, -1.2578920125961304, -0.05106637626886368, -1.4770095348358154, 0.5771105289459229, -0.947231650352478, -0.7557734847068787, -0.23937907814979553, 1.1306260824203491, -1.5934697389602661, -0.6249517798423767, -0.7012654542922974, -0.2787593901157379, -1.2707128524780273, 0.8630220890045166, -0.7821248173713684, -1.3037021160125732, 1.4586361646652222, -0.053625982254743576, -2.093339204788208, 0.8976900577545166, 1.5074008703231812, 0.06851527094841003, -0.881223201751709, 0.23772287368774414, -0.6103870868682861, 0.2695980668067932, 2.171657085418701, -1.9917658567428589, -0.48321595788002014, -0.805881142616272, 0.5073450803756714, -0.58698970079422, -0.7560120820999146, 1.0701169967651367, -0.9775257706642151, -0.3040217161178589, -0.08149382472038269, 0.9270747900009155, -1.9184141159057617, -0.09850186854600906, 1.2424547672271729, 1.6499042510986328, 1.0697532892227173, 0.15388521552085876, -1.5078370571136475, 0.8200989365577698, 0.9927349090576172, 1.2836860418319702, -0.9749271869659424, 1.258051872253418, 0.6919444799423218, 0.5382810831069946, 0.8717516660690308]",yunet,Facenet,1920,1080,/home/amos/media/tv/modern_family/Modern.Family.S09.1080p.DSNP.WEB-DL.DDP5.1.H.264-CRFW/Modern.Family.S09E17.Royal.Visit.1080p.DSNP.WEB-DL.DDP5.1.H.264-CRFW.mkv,Modern Family,2009,1442437,9,17,,,
231,690,156,870,408,864,240,828,240,0.908,7584,1,"[-0.3509061932563782, 0.3719445466995239, -1.8717291355133057, -0.8017864227294922, 0.019896097481250763, -0.449868768453598, -0.9308372139930725, -0.8808895945549011, 0.49984994530677795, -0.6084457635879517, 0.27747371792793274, -0.7076660394668579, 0.9635050892829895, -1.0145586729049683, -0.06292398273944855, 0.39815986156463623, -1.801740288734436, -0.9173275828361511, -0.24080175161361694, 0.056306857615709305, -0.7197729349136353, 1.43667733669281, 0.5805562138557434, 0.23363226652145386, 0.180359348654747, 0.9543188214302063, 1.0925992727279663, 0.17815828323364258, -0.09117414057254791, 0.772803783416748, -0.38121145963668823, 0.01721777394413948, 1.2980364561080933, -0.6699222922325134, -1.031765103340149, 1.6201552152633667, 0.6356048583984375, -0.4301074147224426, -0.5851150155067444, -0.7655031681060791, 1.4429494142532349, 0.46775227785110474, -0.8184530735015869, -0.4298030734062195, 1.8244342803955078, -1.2470977306365967, 1.3724697828292847, -0.15403161942958832, -0.07983643561601639, -0.18954281508922577, -0.18559709191322327, -0.4675544202327728, -1.184059500694275, -0.318530797958374, -1.778416633605957, -0.08403253555297852, 0.38415613770484924, 0.8773539066314697, -0.19333522021770477, 0.3995994031429291, 1.6661875247955322, -0.532008171081543, -1.035407304763794, -0.15125714242458344, -0.11864423006772995, -0.46653348207473755, 0.4145742356777191, 0.2604677379131317, 0.6280195116996765, -1.9927841424942017, -0.3717341125011444, 0.48518624901771545, -1.547751545906067, 0.3752308487892151, 0.4321375787258148, -0.15975500643253326, -0.05559395253658295, 0.5268930792808533, 1.1837188005447388, -1.4464454650878906, -1.2664812803268433, 1.1864087581634521, 0.9984849691390991, 1.11311936378479, -0.3070003092288971, 0.2451857030391693, 1.6448895931243896, 1.3848849534988403, 0.5510128736495972, -1.3914515972137451, -0.7542837858200073, -0.17151358723640442, 2.2153635025024414, 0.7507537603378296, 0.4886932671070099, 0.5777767300605774, -1.8775391578674316, -0.4348229765892029, -0.7968138456344604, 0.21243807673454285, 0.7571917176246643, -0.08923965692520142, 0.40810030698776245, -1.724294900894165, -0.4976920485496521, -0.6467003226280212, -0.38467904925346375, 1.2645841836929321, 0.18090879917144775, 0.14371132850646973, -0.5846595764160156, -0.6646285653114319, 0.052609458565711975, 1.0944621562957764, -0.1349419802427292, 1.776088833808899, 0.08753504604101181, -0.5358952879905701, -0.9395689964294434, 2.1763460636138916, 0.03411482274532318, 1.5870230197906494, 0.050548452883958817, 0.43559038639068604, 1.2859798669815063, -0.7869398593902588, 0.25876492261886597, -0.45014041662216187]",yunet,Facenet,1920,1080,/home/amos/media/tv/modern_family/Modern.Family.S09.1080p.DSNP.WEB-DL.DDP5.1.H.264-CRFW/Modern.Family.S09E17.Royal.Visit.1080p.DSNP.WEB-DL.DDP5.1.H.264-CRFW.mkv,Modern Family,2009,1442437,9,17,,,
232,1176,84,1416,396,1380,204,1284,210,0.922,7608,0,"[0.09576383978128433, 0.2013489007949829, 0.393202543258667, -0.3351341187953949, -0.5096917152404785, -1.4440386295318604, -1.0905404090881348, -1.466228723526001, -1.0699414014816284, -0.3461749851703644, 0.12115425616502762, 1.112473487854004, 0.49018144607543945, -0.6305691003799438, -1.5694164037704468, -0.8578184843063354, -0.2969653308391571, -1.3070135116577148, -0.5836672186851501, 0.7679935693740845, -0.7027562856674194, -1.1665661334991455, 0.8997671008110046, 0.12171954661607742, -0.9488207101821899, 0.5739598870277405, -2.2912540435791016, 1.970285415649414, 0.261255145072937, -1.4376291036605835, 0.3174329400062561, -0.9289706945419312, 0.09680720418691635, -0.40842488408088684, -0.5027889013290405, 0.2928178012371063, 0.8629546165466309, 0.6743761301040649, 1.4357333183288574, 0.972832202911377, 0.03521603345870972, 1.9430394172668457, -0.6403744220733643, 0.02049870789051056, -0.7495678663253784, -0.08197073638439178, -0.3494691848754883, 2.003675699234009, -1.2193248271942139, -1.1756236553192139, 0.2181507796049118, -0.41069644689559937, -0.8658519387245178, -0.5561495423316956, 0.27025318145751953, 1.0488630533218384, 1.5414553880691528, 1.9075663089752197, 0.9373394846916199, 0.5100470781326294, 2.179856777191162, -1.4910733699798584, -1.393079400062561, 0.6411178708076477, -1.4523977041244507, 2.0202879905700684, 0.2218049019575119, 0.7109310626983643, 1.250654697418213, 0.025763235986232758, -1.4927730560302734, 0.8118546009063721, -0.7630249857902527, 0.8092963099479675, 0.23665107786655426, 1.5686620473861694, 0.3943733274936676, 1.3999254703521729, 0.43541985750198364, -1.2276201248168945, -0.7715435028076172, -0.7897682189941406, -0.3608923554420471, -0.06835121661424637, -1.9667762517929077, -1.1455832719802856, 0.47247785329818726, -1.0460689067840576, -0.9547789096832275, -0.04379849508404732, 0.26575303077697754, -2.2909433841705322, 0.27534219622612, -0.7583537697792053, 1.2135065793991089, -0.6672855615615845, -0.0006620772182941437, -0.4824083149433136, -1.0558836460113525, -1.6588674783706665, -0.3397374749183655, 0.05984855443239212, -1.4509990215301514, 0.17838937044143677, -0.12095370888710022, 0.10223796963691711, 1.1523021459579468, -2.572838068008423, -0.1126338467001915, 0.07666962593793869, 0.7357129454612732, 1.0395145416259766, 0.16997352242469788, 0.38312503695487976, -0.2651817500591278, 2.7969257831573486, -1.5737311840057373, -1.3183858394622803, -0.83979731798172, 1.1954437494277954, -1.0879238843917847, 0.1459004133939743, -0.11980167031288147, -1.4322067499160767, 0.9746776819229126, -1.2869758605957031, 1.4227569103240967, -0.7339270114898682]",yunet,Facenet,1920,1080,/home/amos/media/tv/modern_family/Modern.Family.S09.1080p.DSNP.WEB-DL.DDP5.1.H.264-CRFW/Modern.Family.S09E17.Royal.Visit.1080p.DSNP.WEB-DL.DDP5.1.H.264-CRFW.mkv,Modern Family,2009,1442437,9,17,Ty Burrell,15232.0,0.664
233,558,312,768,588,744,414,654,414,0.915,7608,1,"[-0.7200664281845093, 0.182897686958313, -0.3535909652709961, -0.4981271028518677, 1.1647642850875854, -1.3964544534683228, -2.4851839542388916, 1.415964961051941, -0.49116212129592896, -1.658831000328064, 1.5372623205184937, 0.6350359320640564, -0.5794686675071716, -0.5563167929649353, 0.9847507476806641, -0.49121522903442383, -0.07352866232395172, 0.11961199343204498, -1.4373478889465332, 0.9998451471328735, -0.1952863335609436, -0.2055029422044754, 0.7947591543197632, 0.16428974270820618, -1.0540771484375, 0.6463518142700195, -1.8496795892715454, 0.4946359395980835, 0.5971790552139282, -3.076195240020752, 0.6236662864685059, -0.8112592697143555, 0.07716912031173706, -0.902533769607544, 0.5834701061248779, 1.7630757093429565, -0.46743834018707275, -0.1663835346698761, 0.9976814985275269, 0.3824656009674072, -1.772359013557434, 1.817619800567627, 1.1874819993972778, -1.6193976402282715, -0.4893207848072052, -0.42348966002464294, -0.8221305012702942, 0.1120489314198494, -0.0802498608827591, 0.44892874360084534, 1.439380168914795, -2.0985000133514404, 0.584280252456665, 0.18922020494937897, 0.10201877355575562, 0.05966409295797348, 1.1642495393753052, -0.28363028168678284, -0.7776049971580505, 1.2062795162200928, 0.7391415238380432, -1.2169419527053833, -0.530026912689209, 0.5873116850852966, -0.6340662837028503, -0.8513407111167908, 0.1713201254606247, -1.1626845598220825, 0.6119890213012695, 0.8155578374862671, -0.9655395150184631, 1.274375081062317, -2.7804958820343018, 0.9727773070335388, 1.5863553285598755, 0.1302417516708374, 0.20600494742393494, 1.4521404504776, -0.6290290951728821, 0.07273201644420624, -0.8670203685760498, 0.3377688229084015, -0.10089245438575745, -0.9741230607032776, -0.72257000207901, -0.07466062903404236, 0.7899320721626282, -0.3052898645401001, -0.9312853813171387, -0.7205917835235596, 0.13132593035697937, -0.4515525698661804, -1.3153914213180542, -0.34462034702301025, -0.05029056966304779, -1.058421015739441, -1.7639200687408447, -0.47968870401382446, 1.2640349864959717, -1.0339232683181763, -0.7575052380561829, -1.8531054258346558, 0.16172514855861664, 1.1997963190078735, 2.755638837814331, -1.5191675424575806, 0.9098510146141052, -0.7500104904174805, -0.12424050271511078, 0.22978676855564117, 2.2491793632507324, -1.2177553176879883, -0.7392491102218628, 1.6822540760040283, 0.21630004048347473, 1.0172196626663208, 0.7866214513778687, 0.4717097878456116, -0.19010362029075623, 0.5732921361923218, -0.8719142079353333, -1.4069279432296753, -0.7336477637290955, -0.05442832410335541, -0.911568820476532, -1.3232539892196655, -2.3292884826660156, -0.49025559425354004]",yunet,Facenet,1920,1080,/home/amos/media/tv/modern_family/Modern.Family.S09.1080p.DSNP.WEB-DL.DDP5.1.H.264-CRFW/Modern.Family.S09E17.Royal.Visit.1080p.DSNP.WEB-DL.DDP5.1.H.264-CRFW.mkv,Modern Family,2009,1442437,9,17,Julie Bowen,31171.0,0.638
234,774,204,948,468,828,318,804,318,0.908,7632,0,"[-0.7557072639465332, 0.7032395601272583, -2.5107388496398926, 0.42333289980888367, 0.3358449637889862, 0.29429444670677185, -1.105857253074646, -0.5110765099525452, -0.30970025062561035, 0.3895004391670227, 0.9553923010826111, -1.2388039827346802, -0.6422779560089111, -0.40416282415390015, -0.2567608952522278, 0.41575026512145996, -0.059405118227005005, -1.448097586631775, -1.3052729368209839, -0.7981261014938354, -1.4874368906021118, 1.9283376932144165, 0.23034602403640747, -0.2676404118537903, 0.16294364631175995, 1.3900482654571533, 1.7873148918151855, 0.8737518787384033, 0.011998087167739868, 1.993821144104004, 0.38855797052383423, 1.23849356174469, -0.5589406490325928, 0.7607902884483337, -0.3114495575428009, 1.6727616786956787, 0.808887243270874, -1.1564997434616089, 0.5533844232559204, -1.9162676334381104, 0.2377246618270874, -1.0257649421691895, -2.4625024795532227, -1.0695774555206299, 1.0551420450210571, -1.5491433143615723, 1.6203663349151611, -0.5082167387008667, -0.7085281014442444, 2.0847887992858887, 0.03692980110645294, -0.629179060459137, 0.8327090740203857, 1.8860390186309814, -1.7278271913528442, -0.41917622089385986, 0.8785887956619263, -1.7142776250839233, -1.4041950702667236, -1.0104542970657349, -1.812628984451294, -1.0464390516281128, 0.3545283079147339, 0.5484377145767212, 1.7199206352233887, -1.452591061592102, -0.19241681694984436, -0.2436961531639099, -1.1496624946594238, -1.0998249053955078, 0.5912783145904541, 0.4589051306247711, -0.3789949417114258, 0.7724520564079285, 1.216115117073059, 0.5205233097076416, 0.17819705605506897, 0.5281808972358704, 2.03660249710083, -0.26728808879852295, -1.4181855916976929, 1.6009935140609741, 0.802729606628418, 0.14684943854808807, 1.0978041887283325, 1.9911614656448364, 0.41174080967903137, 2.491774320602417, 0.7817955017089844, 0.14488698542118073, 0.051357485353946686, 0.6027436852455139, 0.30223801732063293, -0.02292552962899208, 2.320119619369507, 1.5753976106643677, -0.6900681257247925, 0.3134341239929199, -0.2745613157749176, -1.2481030225753784, 0.7650718092918396, 0.7810510396957397, -0.34655433893203735, -1.687116026878357, 0.05955522507429123, 0.8659828305244446, -0.2892654538154602, 2.125506639480591, 1.970268726348877, -1.8196594715118408, -1.3413019180297852, -0.17018195986747742, -0.5357882976531982, 0.6219911575317383, 1.1858292818069458, 0.3231517970561981, 0.4773174822330475, -0.5571901202201843, 0.03030901402235031, 1.031175971031189, 0.3248347043991089, -0.38737842440605164, 1.3907989263534546, -0.6788681745529175, 0.8775507807731628, -0.345358669757843, 0.8933872580528259, 0.19897033274173737]",yunet,Facenet,1920,1080,/home/amos/media/tv/modern_family/Modern.Family.S09.1080p.DSNP.WEB-DL.DDP5.1.H.264-CRFW/Modern.Family.S09E17.Royal.Visit.1080p.DSNP.WEB-DL.DDP5.1.H.264-CRFW.mkv,Modern Family,2009,1442437,9,17,Jimmy Tatro,1304335.0,0.651
235,972,222,1194,504,1146,324,1044,324,0.92,7656,0,"[-1.5634902715682983, 0.3178039491176605, -0.35503968596458435, 0.4154374897480011, 0.7817906737327576, -0.9820265173912048, -0.9215773344039917, -1.934407114982605, 0.8522081971168518, 0.7344276905059814, 1.9694348573684692, -0.6363527774810791, 1.6291292905807495, -1.9466029405593872, 0.2831924259662628, 1.4173626899719238, -0.8815649747848511, -0.27704566717147827, -0.9520103931427002, 0.24083368480205536, -0.09864397346973419, 1.6924772262573242, -1.6665687561035156, 0.08935299515724182, 0.27267125248908997, 2.1734509468078613, 2.2801764011383057, 1.1112033128738403, -0.08213301002979279, 0.3522551953792572, 0.2758382558822632, 0.39261507987976074, 0.8616214990615845, -1.215399980545044, -0.48460155725479126, 1.0426950454711914, 1.3240541219711304, -0.6381638050079346, 0.5327776670455933, -0.9654266834259033, 0.34656649827957153, -0.7018420100212097, -1.2816859483718872, -0.9520407915115356, -0.5441616773605347, -0.7615628242492676, -0.326249361038208, -0.7258013486862183, 1.9831167459487915, -0.028392381966114044, 0.7790324091911316, -0.4494050145149231, -0.3001101016998291, 0.776005208492279, -0.013198547065258026, -0.4613167643547058, 2.3319153785705566, -1.4907755851745605, 0.34196001291275024, 0.028272271156311035, -0.9835339188575745, -0.09001211076974869, 0.17182430624961853, 0.3808954954147339, 1.6548906564712524, -0.2837104797363281, 1.2032225131988525, -1.0561586618423462, -0.5150619745254517, 0.321083128452301, -0.5683994889259338, -0.4952200949192047, -1.1934221982955933, -0.012618102133274078, 0.7412538528442383, -0.13906341791152954, -0.7646245956420898, 0.4471420347690582, 0.1558602750301361, 0.2701355814933777, -0.7559478282928467, -0.06284543871879578, 1.1252025365829468, 1.0526949167251587, 0.4267028272151947, 2.191180944442749, -1.4285248517990112, 3.457639217376709, -0.5771077871322632, -0.5416091084480286, 1.4218121767044067, 0.22792649269104004, 2.097783327102661, -0.327664315700531, 0.8177247047424316, 0.8475048542022705, -0.4917023181915283, 0.07734251022338867, 0.5260676741600037, -1.961172342300415, 0.2051154375076294, -0.8021401762962341, 0.24605435132980347, -1.7084795236587524, 0.36971479654312134, 1.1000628471374512, -0.7465307116508484, 1.9738129377365112, 1.3387774229049683, 0.015068525448441505, -0.45871853828430176, -1.2794346809387207, -1.0607120990753174, 1.0289690494537354, 1.489776849746704, 0.23092466592788696, 0.4907384216785431, -0.23625797033309937, 1.0232216119766235, 1.7767338752746582, 0.8342335224151611, -1.2599512338638306, 0.7157881855964661, -1.072355031967163, 1.6116288900375366, -0.7844349145889282, 1.3633748292922974, 0.46787646412849426]",yunet,Facenet,1920,1080,/home/amos/media/tv/modern_family/Modern.Family.S09.1080p.DSNP.WEB-DL.DDP5.1.H.264-CRFW/Modern.Family.S09E17.Royal.Visit.1080p.DSNP.WEB-DL.DDP5.1.H.264-CRFW.mkv,Modern Family,2009,1442437,9,17,Jimmy Tatro,1304335.0,0.695
236,942,162,1200,504,1152,306,1020,306,0.925,7680,0,"[-0.8201850652694702, 2.4420015811920166, -1.5556336641311646, 1.1864253282546997, 0.4447692930698395, -0.41144347190856934, 0.11178001761436462, -1.477982521057129, 0.6198504567146301, -0.10864295065402985, 2.1400811672210693, -1.3290284872055054, 0.39659613370895386, -1.6812649965286255, 0.5809186697006226, 1.5598028898239136, -0.7500649690628052, -0.6157110929489136, -2.0388786792755127, 0.6826580762863159, -0.6703395843505859, 2.343647003173828, -0.6327595114707947, -0.07767421752214432, 0.8449805974960327, 1.6235413551330566, 2.026505708694458, 0.6108294725418091, 0.7759757041931152, 0.7473869919776917, 0.7343623638153076, -0.23136590421199799, -0.10296110063791275, -1.0477943420410156, -0.0068387617357075214, 0.9161658883094788, 0.901189923286438, -0.46982520818710327, 0.887276291847229, -0.37301281094551086, -0.306927353143692, -0.25980186462402344, -1.2646658420562744, -0.9882509112358093, 0.7258585095405579, -0.17081831395626068, 0.1305970847606659, -1.1372202634811401, 0.7747752666473389, 0.723098874092102, -0.44210338592529297, 0.2986944615840912, 1.143879771232605, 2.333486557006836, -1.2328710556030273, -0.3372291922569275, 2.3709323406219482, -0.8181787729263306, -0.40543150901794434, -0.4500281810760498, -0.7255061864852905, 0.4938873052597046, 0.2047794759273529, 0.3465711772441864, 1.8915953636169434, -0.5467790961265564, 1.5207452774047852, -0.5875434279441833, -1.3250199556350708, -0.6419503688812256, -0.4882402718067169, 0.7187503576278687, -1.491516351699829, -0.40422433614730835, -0.05728936567902565, 0.3168972134590149, -0.7178274393081665, 1.0926311016082764, 0.7433220744132996, -0.031048044562339783, -0.14239127933979034, 1.0112155675888062, 1.3032488822937012, -0.06133148819208145, 0.5978060960769653, 1.9009538888931274, -1.4122490882873535, 2.6648142337799072, -0.5286191701889038, -1.5385472774505615, 1.4314442873001099, 0.25714707374572754, 1.7045120000839233, -0.30241063237190247, 0.4599718749523163, 1.0557485818862915, -1.3478012084960938, -0.5754503607749939, 0.776726245880127, -1.689655065536499, -0.3074764013290405, 0.2669697701931, -0.018653661012649536, -0.9421760439872742, 0.3983474671840668, 1.20101797580719, -1.2492611408233643, 2.7716944217681885, 1.3254749774932861, -0.12508580088615417, -1.185404658317566, -0.6219295263290405, 0.10484330356121063, 0.770935595035553, 0.2088765650987625, 0.9545876979827881, -0.4839918315410614, -0.4647523760795593, 0.8107845783233643, 1.6945303678512573, 1.0823689699172974, -0.6121442317962646, 1.39182448387146, -2.186830997467041, 1.8149665594100952, -0.8134479522705078, 1.2866604328155518, -0.5474745631217957]",yunet,Facenet,1920,1080,/home/amos/media/tv/modern_family/Modern.Family.S09.1080p.DSNP.WEB-DL.DDP5.1.H.264-CRFW/Modern.Family.S09E17.Royal.Visit.1080p.DSNP.WEB-DL.DDP5.1.H.264-CRFW.mkv,Modern Family,2009,1442437,9,17,Jimmy Tatro,1304335.0,0.775
237,1182,156,1374,420,1344,264,1272,270,0.915,7704,0,"[-0.24554917216300964, 0.7874388694763184, 0.9540508389472961, -0.08301722258329391, -0.4648773968219757, -0.1643531322479248, -1.7269320487976074, 0.038596950471401215, -0.893978476524353, -0.8812752962112427, 0.46896570920944214, 1.1933261156082153, -0.8382217884063721, -0.6248427629470825, -1.5269958972930908, -0.20850642025470734, -0.7777314186096191, 0.4588574767112732, -0.6945508122444153, 1.4422788619995117, -1.7844569683074951, 1.2547539472579956, -0.3534153997898102, 0.9900670051574707, -0.29703229665756226, 0.9416953921318054, -2.383244752883911, 1.7066261768341064, 0.8866152763366699, -2.1035823822021484, 0.6227990388870239, -0.3340962827205658, 0.2939859628677368, -0.836419403553009, -0.3179905414581299, 1.269504189491272, 1.5223993062973022, -0.4231131672859192, 0.1565512865781784, 1.417918086051941, 0.4782119393348694, 0.8625568151473999, -1.0407694578170776, 0.6504102945327759, -0.287871390581131, -0.042673930525779724, 0.2105049043893814, 0.8071482181549072, -0.44152694940567017, -1.1111618280410767, 1.0678287744522095, -1.0672575235366821, 0.7520608305931091, -0.5120324492454529, 0.39735883474349976, 0.6615960597991943, 1.2399464845657349, 0.84646075963974, 0.15102416276931763, 0.5061068534851074, 2.171745777130127, -1.2788406610488892, -1.7814078330993652, 0.3414461016654968, -0.14087525010108948, 2.5735089778900146, 2.1805059909820557, 1.0754601955413818, 1.7661253213882446, -0.22742174565792084, -1.1068415641784668, 0.9961732625961304, -0.9390944242477417, 2.128295660018921, 0.3396957814693451, 1.324731707572937, -0.11159037053585052, 2.0323381423950195, 0.8050610423088074, 1.5091475248336792, -1.1190648078918457, -0.878644585609436, -0.1924244463443756, 0.21705742180347443, -0.9087626934051514, -0.634857177734375, 0.20649901032447815, 0.2812854051589966, 0.35976970195770264, 0.749193012714386, 0.11509614437818527, -1.6472848653793335, -0.9416471123695374, -0.6540974378585815, 0.5100030899047852, -1.1677300930023193, 0.014388365671038628, -0.5659835338592529, 0.6117861270904541, -1.2238048315048218, -0.6200251579284668, -0.27250227332115173, -2.3483028411865234, -0.019041141495108604, -0.5136948227882385, 0.09350243210792542, 0.5313544869422913, -1.5072013139724731, 0.6481193900108337, 0.06446988135576248, -0.2302282750606537, 1.5145699977874756, 0.9235148429870605, -0.3620697557926178, 0.07544966787099838, 2.5660111904144287, -0.5856528282165527, -1.803146481513977, 0.19479531049728394, 0.754280686378479, -0.9957174062728882, -0.6329281330108643, -0.8207315802574158, -1.1664308309555054, 1.6493756771087646, -1.145418405532837, 0.9507343769073486, -0.5840583443641663]",yunet,Facenet,1920,1080,/home/amos/media/tv/modern_family/Modern.Family.S09.1080p.DSNP.WEB-DL.DDP5.1.H.264-CRFW/Modern.Family.S09E17.Royal.Visit.1080p.DSNP.WEB-DL.DDP5.1.H.264-CRFW.mkv,Modern Family,2009,1442437,9,17,Ty Burrell,15232.0,0.629
238,690,294,852,510,828,372,756,372,0.902,7704,1,"[-0.15296462178230286, -0.5903241634368896, -0.15005524456501007, -0.772774875164032, 1.5845108032226562, -0.5246171355247498, -1.223283052444458, 2.1139461994171143, -0.35366445779800415, -0.7200960516929626, 0.7912855744361877, 0.8786555528640747, -0.769017219543457, -1.1801992654800415, 0.5307621955871582, -0.3671570420265198, -0.18064093589782715, -0.5147518515586853, -1.0135881900787354, 0.3131263852119446, 0.39547857642173767, -0.39895710349082947, 0.6937191486358643, 0.0809476301074028, -0.8862810730934143, 0.3455451428890228, -0.6946221590042114, -0.5835519433021545, 0.7250476479530334, -2.7605581283569336, 0.24944916367530823, -0.6408255696296692, 0.4306483268737793, -1.875468373298645, 0.8326320648193359, 1.1018099784851074, 0.26283884048461914, 0.06861920654773712, 0.9048741459846497, -0.6514962911605835, -1.4150210618972778, 1.97836434841156, 0.3071580231189728, -1.2661150693893433, -0.6109869480133057, -0.25431695580482483, -0.7624350190162659, 0.05082032084465027, -0.13496938347816467, 0.18742741644382477, 1.1113409996032715, -1.9141442775726318, 0.9556469917297363, -0.09186013042926788, 0.37658804655075073, 0.3997843265533447, 0.9496705532073975, -0.5035519003868103, -0.07758493721485138, 1.0755444765090942, -0.09215056896209717, -1.1418689489364624, -0.5143309831619263, 0.03543844074010849, -0.35232990980148315, -0.19100771844387054, 0.28528958559036255, -0.42853257060050964, 0.5336657762527466, 1.2763457298278809, -0.9961833357810974, 1.985403060913086, -3.907885789871216, 1.0349678993225098, 1.2353476285934448, -0.2342645525932312, -0.7899855375289917, 1.7110627889633179, -0.8289011120796204, 0.23645244538784027, -1.6494932174682617, 0.06009027734398842, 0.16246962547302246, -1.5328532457351685, -0.31861940026283264, -0.5021715760231018, 1.1730022430419922, -0.8050298690795898, -0.8080374002456665, -0.5108431577682495, -0.40858617424964905, -0.35826101899147034, -1.7756544351577759, -0.24515420198440552, -0.44128620624542236, -0.9541690945625305, -1.0174044370651245, -1.311727523803711, 2.228145122528076, -0.14719568192958832, -1.2330007553100586, -1.8226999044418335, -0.029701247811317444, 0.9888961911201477, 2.0010762214660645, -0.812434196472168, 0.5609427094459534, -0.9406452178955078, 0.4310379922389984, 1.3257009983062744, 1.7948495149612427, -1.5540448427200317, -0.21556568145751953, 0.7522594928741455, -0.14611420035362244, 1.5103647708892822, 0.4683211147785187, 0.8508948087692261, -0.42920544743537903, -0.5694760680198669, 0.17746959626674652, -1.395361065864563, -0.924970269203186, 0.6671324968338013, -1.1611347198486328, -0.9281068444252014, -2.6194400787353516, -1.224297285079956]",yunet,Facenet,1920,1080,/home/amos/media/tv/modern_family/Modern.Family.S09.1080p.DSNP.WEB-DL.DDP5.1.H.264-CRFW/Modern.Family.S09E17.Royal.Visit.1080p.DSNP.WEB-DL.DDP5.1.H.264-CRFW.mkv,Modern Family,2009,1442437,9,17,Julie Bowen,31171.0,0.648
239,1506,390,1644,564,1602,456,1542,456,0.923,7728,0,"[0.3139200210571289, 0.030772626399993896, 1.3827524185180664, -0.08127126842737198, -0.18509423732757568, 1.5405389070510864, 0.09837229549884796, -0.5312842726707458, 0.27546513080596924, 1.9328477382659912, -0.3989006578922272, 0.17467601597309113, -1.7139558792114258, 2.3151674270629883, -0.8230901956558228, 0.2615583539009094, 0.03397098928689957, -1.4012176990509033, -1.9431352615356445, -0.7407103776931763, -0.7871220111846924, -0.5759212374687195, 0.4943459630012512, 1.5550953149795532, 0.7678690552711487, 0.09238225221633911, 2.006124258041382, -0.8757847547531128, 3.362574577331543, 1.3996148109436035, 0.5468647480010986, -0.026808839291334152, 0.6209429502487183, -1.2451711893081665, 0.7774327993392944, 0.03901848569512367, -1.8779971599578857, 0.3411710262298584, -0.4173213839530945, 1.5469380617141724, -0.1604088544845581, -2.0674116611480713, -0.46385422348976135, 2.1285533905029297, 0.25713247060775757, -1.0069431066513062, -0.7020517587661743, -0.3204021155834198, -0.34219110012054443, -1.3785229921340942, 1.070245385169983, -0.4063566327095032, 1.2167061567306519, 0.196600541472435, -0.6082870960235596, 0.7332616448402405, 0.26157689094543457, -0.9244899153709412, 0.5191671252250671, 0.8342958688735962, -1.1246896982192993, 0.2666044235229492, -0.33497846126556396, -0.8587750792503357, -0.006140492856502533, 0.5825054049491882, -0.6841274499893188, 2.349374294281006, 0.9220472574234009, -0.13792520761489868, -2.6801722049713135, 1.3183541297912598, 0.6605247259140015, -0.5560382008552551, 0.6088143587112427, 0.05289613455533981, 1.1869131326675415, -0.8871960043907166, -0.10595886409282684, -0.15815013647079468, -0.6385183334350586, 0.5055527687072754, 0.06386546790599823, -0.5149702429771423, -0.5357102751731873, -0.49617651104927063, -0.18899677693843842, -1.0002741813659668, 1.1592313051223755, -0.31766843795776367, -0.19270294904708862, 0.48166048526763916, 0.13199850916862488, -1.6349238157272339, 0.9402620792388916, 1.1651126146316528, 0.28084737062454224, -0.7576675415039062, 0.8195019364356995, -0.5498353242874146, -1.083511233329773, 0.9843022227287292, -1.1695964336395264, 1.1406450271606445, 0.31174400448799133, -0.5482040643692017, -0.23379158973693848, -0.18017390370368958, 1.6015067100524902, -1.1744197607040405, 1.1522104740142822, 0.43047845363616943, -0.09687235951423645, -1.3388900756835938, -0.2438790500164032, 1.079930067062378, 1.1039141416549683, 1.8104956150054932, 0.36517632007598877, -0.7396880388259888, 1.6664670705795288, -0.25360456109046936, 1.0021499395370483, -1.3015811443328857, 0.37647515535354614, 0.70294189453125, 0.27575016021728516, 0.5199581980705261]",yunet,Facenet,1920,1080,/home/amos/media/tv/modern_family/Modern.Family.S09.1080p.DSNP.WEB-DL.DDP5.1.H.264-CRFW/Modern.Family.S09E17.Royal.Visit.1080p.DSNP.WEB-DL.DDP5.1.H.264-CRFW.mkv,Modern Family,2009,1442437,9,17,Ariel Winter,42160.0,0.644
240,768,228,954,474,858,330,792,330,0.918,7728,1,"[-0.5049175024032593, 2.048884630203247, -1.8053967952728271, 1.4031555652618408, -0.516019344329834, -1.797453761100769, -0.20616808533668518, -0.4636949598789215, 0.7277693152427673, -0.32515814900398254, 2.248838424682617, -1.5198426246643066, 1.2944586277008057, -0.5124502182006836, -0.465267151594162, 1.325687289237976, -0.8886277675628662, -0.4706186056137085, -2.0963973999023438, 0.5593280792236328, -0.330214262008667, 2.6584396362304688, -1.0367106199264526, 0.5785754323005676, 1.467143177986145, 2.204676628112793, 1.4511122703552246, 1.1658308506011963, 1.8812134265899658, 0.4698522984981537, -0.4682740867137909, 1.6331034898757935, 0.00518911425024271, -0.14495068788528442, -0.08895293623209, 0.37267374992370605, 1.2543483972549438, -1.116076946258545, 0.4257551431655884, -0.11076445877552032, 1.009598970413208, 0.8856304287910461, 0.549151599407196, -1.0820599794387817, -0.07930261641740799, 0.48455190658569336, 0.12807507812976837, -1.100054144859314, 0.010218784213066101, 2.2769105434417725, -0.16104978322982788, 0.39598017930984497, 0.8761517405509949, 2.552947998046875, -2.116746664047241, 0.36595088243484497, 1.1467862129211426, -1.147708773612976, -0.1457408219575882, -0.6824520826339722, -0.7383334636688232, 0.18427766859531403, 0.1211673691868782, 0.7274681329727173, 1.2760721445083618, -0.9002889394760132, 0.5293567180633545, -0.6129801273345947, -0.7783092856407166, -1.855407476425171, -0.2331802099943161, 0.9946495294570923, -0.010706957429647446, -0.26107847690582275, -0.3966701924800873, -1.3876787424087524, 1.569437861442566, 0.45910853147506714, 0.9687815308570862, -0.8854601383209229, -0.04958580806851387, -0.16374936699867249, 0.7375592589378357, -0.40187713503837585, 0.9567617177963257, 0.930305004119873, -1.0728228092193604, 1.8157367706298828, 0.6544817686080933, -0.9132524728775024, 0.393978476524353, 1.066198468208313, 1.5276137590408325, 0.18593627214431763, 1.1380443572998047, 0.6868783235549927, 0.07068271934986115, -0.5876041650772095, -1.0333383083343506, -3.0474419593811035, 1.007552981376648, 1.073801875114441, 1.1545002460479736, -1.3421757221221924, -0.12042471766471863, 1.9409059286117554, -0.15796421468257904, 1.4396525621414185, -0.004660416394472122, 0.376558393239975, 1.2698990106582642, -0.004543296992778778, 0.48208728432655334, 1.6172184944152832, 0.8871840238571167, 0.1200641393661499, 0.2014649212360382, -0.8291493654251099, 0.7508488893508911, 1.3062695264816284, -0.2704653739929199, -0.23867499828338623, 1.9819051027297974, -1.1538362503051758, 0.7924131155014038, 0.11399174481630325, 1.8431024551391602, 0.8890751600265503]",yunet,Facenet,1920,1080,/home/amos/media/tv/modern_family/Modern.Family.S09.1080p.DSNP.WEB-DL.DDP5.1.H.264-CRFW/Modern.Family.S09E17.Royal.Visit.1080p.DSNP.WEB-DL.DDP5.1.H.264-CRFW.mkv,Modern Family,2009,1442437,9,17,Jimmy Tatro,1304335.0,0.778
241,1218,180,1458,492,1428,312,1344,312,0.927,7752,0,"[-0.25314757227897644, 0.15135614573955536, 1.082255482673645, -0.2333948016166687, -0.10247444361448288, 0.2835444211959839, -0.8059674501419067, -0.05816509947180748, -0.4955127537250519, -0.11170342564582825, 0.6901527047157288, 1.298948884010315, -0.47273463010787964, -0.31525635719299316, -2.29068922996521, -0.6131575107574463, 0.051937296986579895, 0.15352791547775269, -0.7564994692802429, 0.5944451093673706, -2.197535276412964, 0.6954380869865417, -0.13162508606910706, -0.12957295775413513, -1.0458298921585083, 1.6304610967636108, -1.7970786094665527, 1.7691051959991455, 0.3526092767715454, -1.2780604362487793, 0.0318019799888134, -0.21221821010112762, -0.39759373664855957, -1.3347526788711548, -0.51065593957901, 0.85577791929245, 1.1400474309921265, 0.6757490634918213, 0.27213793992996216, 1.0537467002868652, 0.7444747090339661, -0.032707348465919495, -1.0491396188735962, 1.122788667678833, 0.06220667064189911, -0.11012107133865356, 0.6162445545196533, 0.23435436189174652, 0.14530253410339355, -1.3924763202667236, 0.9606193900108337, -0.5745583772659302, -0.14111843705177307, -1.6526659727096558, -0.2472197413444519, 0.7682070136070251, 1.006378412246704, 0.9363749027252197, 0.6220905780792236, -0.1303286850452423, 1.257362723350525, -1.0388380289077759, -1.2708685398101807, 0.5651077032089233, -0.06860765069723129, 2.714512586593628, 1.2527073621749878, 1.6236684322357178, 2.423826217651367, -0.20035122334957123, -1.5214629173278809, 1.1755051612854004, -0.602884829044342, 1.267741322517395, 0.8511648774147034, 1.6125787496566772, -0.2775358557701111, 1.1963310241699219, 0.13433876633644104, 1.068199634552002, -1.4867355823516846, -1.008740782737732, -0.48506951332092285, 0.07158626616001129, -1.5114673376083374, -0.5455570220947266, -0.1383429318666458, 0.3375285863876343, -0.04474954307079315, 1.1797206401824951, 0.3153669834136963, -2.1846914291381836, -0.14416134357452393, -0.9491962194442749, 0.7825727462768555, -0.8532423973083496, 0.9553259015083313, 0.130747452378273, 0.30567678809165955, -1.2585748434066772, -0.31486624479293823, 0.06227759271860123, -1.7800742387771606, -0.3319984972476959, -1.0938503742218018, 1.361758828163147, 0.8476617932319641, -1.9383656978607178, 0.6445699334144592, 0.13450196385383606, 0.27381378412246704, 2.6177163124084473, 0.18667566776275635, -0.05608702450990677, 0.9477433562278748, 2.720759630203247, -1.1936277151107788, -1.5581474304199219, 0.1168096587061882, 0.34590861201286316, -0.9634547233581543, 0.15696707367897034, -0.5519583821296692, -0.695405125617981, 0.7238911986351013, -1.6170907020568848, 1.0107747316360474, -0.38582372665405273]",yunet,Facenet,1920,1080,/home/amos/media/tv/modern_family/Modern.Family.S09.1080p.DSNP.WEB-DL.DDP5.1.H.264-CRFW/Modern.Family.S09E17.Royal.Visit.1080p.DSNP.WEB-DL.DDP5.1.H.264-CRFW.mkv,Modern Family,2009,1442437,9,17,Ty Burrell,15232.0,0.689
242,1386,390,1518,570,1470,462,1410,456,0.921,7776,0,"[-0.9723495244979858, -1.0032473802566528, 1.419802188873291, -1.0368924140930176, 0.5589317679405212, 1.3843357563018799, 1.5403168201446533, -0.21421989798545837, 1.0317806005477905, 1.263927936553955, -0.3641899824142456, -0.1116359531879425, -1.8750689029693604, 1.065402626991272, -1.2625086307525635, 1.7931005954742432, 0.456138014793396, -0.5299485921859741, -0.5825305581092834, -2.572341203689575, 0.08095073699951172, -1.2298076152801514, 0.1318972408771515, 0.4917393922805786, 0.6977770328521729, 0.578005313873291, 2.977266311645508, -0.441875159740448, 1.015939712524414, 1.5131025314331055, 0.9132639169692993, 1.088881015777588, 1.1244860887527466, -1.056242823600769, 0.5357233285903931, -0.947718620300293, -0.7531049847602844, 0.4895966649055481, 0.06982559710741043, 2.4160983562469482, -0.0618373304605484, -3.0327961444854736, -0.6431258916854858, 1.107758641242981, 0.6684420108795166, 0.22495710849761963, -0.8030183911323547, -0.6050223112106323, -0.3673473596572876, -1.3119693994522095, -1.0779504776000977, 0.7288158535957336, 0.4015215039253235, 1.2884248495101929, 0.9349384903907776, 0.39693930745124817, -0.5746904015541077, 0.10971471667289734, 0.09534521400928497, -0.45008906722068787, -0.8574085831642151, 0.04218679666519165, -0.5054275393486023, -0.7041177749633789, -0.005040150135755539, 0.8731955289840698, -0.4622383713722229, 2.3998701572418213, 0.17511418461799622, -0.9569370746612549, -1.6406538486480713, 1.2073760032653809, 2.137958288192749, 0.03851284086704254, -0.4523151218891144, 0.13484974205493927, 0.3430854082107544, -0.35934412479400635, 0.5482929348945618, 0.08630071580410004, -1.6673840284347534, 0.5351531505584717, -0.22618839144706726, -1.6486326456069946, -0.9761531352996826, -0.12881949543952942, -0.5016732811927795, -1.0536234378814697, 1.0721651315689087, 1.8172175884246826, -0.49389204382896423, 0.036086566746234894, 0.31525641679763794, -1.647884726524353, 1.0059964656829834, 1.3303842544555664, -0.4623534679412842, 1.1707130670547485, 0.054055631160736084, 0.06426960229873657, 0.030060231685638428, 0.9907358288764954, -0.7677314281463623, 0.09117294102907181, -0.02107923850417137, -0.00972701981663704, -1.0720781087875366, 0.6791647672653198, 0.749606192111969, -1.2465300559997559, 0.03565455973148346, 0.598051905632019, 1.384145736694336, -2.5062692165374756, -0.5260552167892456, 1.269212245941162, 1.1071784496307373, 1.2221204042434692, 0.3140774965286255, -1.371261477470398, 0.7118327617645264, 0.753498911857605, 1.007215142250061, -0.41774982213974, 0.2516736388206482, 1.3612486124038696, 0.7862015962600708, 0.3630436956882477]",yunet,Facenet,1920,1080,/home/amos/media/tv/modern_family/Modern.Family.S09.1080p.DSNP.WEB-DL.DDP5.1.H.264-CRFW/Modern.Family.S09E17.Royal.Visit.1080p.DSNP.WEB-DL.DDP5.1.H.264-CRFW.mkv,Modern Family,2009,1442437,9,17,,,
243,732,192,918,438,834,282,768,282,0.919,7776,1,"[-0.258565753698349, 2.616424083709717, -1.6437788009643555, 1.1578049659729004, 0.7452098727226257, -1.1075224876403809, 0.1868530660867691, -1.5350533723831177, 1.8787928819656372, 0.2093086540699005, 1.5323652029037476, -1.7813522815704346, 0.8232077956199646, -0.46202635765075684, -0.06745631992816925, 1.114794135093689, -1.1185202598571777, -0.26157742738723755, -1.9625682830810547, 0.33637720346450806, 0.20124927163124084, 2.4846653938293457, -0.7258316874504089, 0.6900046467781067, 1.4978066682815552, 2.346892833709717, 2.1108157634735107, 0.37595173716545105, 1.0387386083602905, 0.18152014911174774, -0.12918442487716675, 1.0627529621124268, 0.5468491315841675, -0.17885848879814148, 0.6080420017242432, 0.9616278409957886, 0.044041708111763, -1.2013766765594482, 0.7791098952293396, -0.026295147836208344, 1.0201897621154785, 0.23542478680610657, 0.49099528789520264, -1.7075793743133545, 0.09555534273386002, 0.09245291352272034, -0.6079455018043518, -1.2026668787002563, 0.16848386824131012, 1.3890666961669922, -0.2747277617454529, -0.03505057469010353, 0.8086338043212891, 1.8634703159332275, -1.4477922916412354, -0.5320910215377808, 1.7694135904312134, -1.6559910774230957, -0.3066365420818329, -1.4919687509536743, -0.8151320815086365, 0.05910514295101166, 0.21532675623893738, 0.4484134018421173, 1.0492730140686035, -1.0563292503356934, 0.7741578221321106, -0.4857160449028015, 0.3079901933670044, -1.196744680404663, -0.11087678372859955, 0.4097498953342438, -0.6245414614677429, -0.3965992331504822, -0.8858954906463623, -1.380419135093689, 1.6623718738555908, -0.16196782886981964, 1.0782577991485596, -1.1748988628387451, 0.7323169708251953, 0.2879822552204132, 1.656341791152954, -0.030609728768467903, 1.1799489259719849, 1.706115484237671, -0.3171798288822174, 2.097978115081787, 0.27626925706863403, -0.3581957221031189, 0.2195841670036316, 1.405206561088562, 2.247424602508545, 0.8532710075378418, 0.4574079215526581, 0.5036605000495911, -0.8498227000236511, -0.05254799872636795, -1.1820144653320312, -1.689179539680481, -0.041883163154125214, 0.8246638178825378, 0.7114141583442688, -1.4053804874420166, -0.27379000186920166, 1.2884429693222046, -0.9732504487037659, 2.217238426208496, -0.6008985638618469, 0.3581571578979492, 0.7075838446617126, 0.19366151094436646, -0.2637215852737427, 1.8971219062805176, 0.7462937235832214, 0.7239031791687012, 0.16489876806735992, -0.6082946062088013, 1.6274205446243286, 1.3482857942581177, 0.1376366913318634, 0.22480154037475586, 1.7904939651489258, -1.526023030281067, 1.4265961647033691, -0.32979172468185425, 2.0310556888580322, 0.9067776799201965]",yunet,Facenet,1920,1080,/home/amos/media/tv/modern_family/Modern.Family.S09.1080p.DSNP.WEB-DL.DDP5.1.H.264-CRFW/Modern.Family.S09E17.Royal.Visit.1080p.DSNP.WEB-DL.DDP5.1.H.264-CRFW.mkv,Modern Family,2009,1442437,9,17,Jimmy Tatro,1304335.0,0.786
244,336,114,558,450,546,252,498,252,0.917,7848,0,"[-0.6465737819671631, 0.5540679693222046, -0.7171589136123657, 0.376941442489624, -1.0681848526000977, -0.8311645984649658, -0.41710323095321655, -0.5386870503425598, 0.17179203033447266, 0.07641042768955231, 1.9170775413513184, -1.6729909181594849, 0.4329979419708252, -2.8350210189819336, -0.21528807282447815, 1.1124085187911987, -0.8501801490783691, 0.19309411942958832, -1.8889000415802002, 0.49510884284973145, 0.6824129819869995, 1.6728168725967407, -1.3419662714004517, -0.6164587736129761, 0.36407384276390076, 1.0098776817321777, 1.3296048641204834, 2.168802261352539, 0.7233620882034302, 1.51579749584198, -0.17579922080039978, 1.2599543333053589, 0.6176756024360657, -0.6578136682510376, -0.3220118582248688, 0.9625096321105957, 0.494512677192688, -1.3854570388793945, 0.3007265031337738, 0.3912419378757477, 0.16415150463581085, -0.00866224430501461, -1.212701439857483, -1.320218801498413, 0.7145609259605408, 0.028851866722106934, 0.8773484826087952, 0.44706591963768005, -0.9755159616470337, 0.0373041145503521, 0.559305727481842, -0.19537469744682312, -0.23062071204185486, 3.437499523162842, -0.6650397181510925, -0.3632889688014984, 0.4815330505371094, -0.5702741146087646, -1.5796786546707153, -0.8402611017227173, -0.2908666133880615, -1.0206202268600464, 0.10566509515047073, -0.3859594464302063, 2.0223114490509033, -0.23522354662418365, 0.547241747379303, 0.530724048614502, -1.2473680973052979, -2.468459367752075, -0.93360435962677, 0.31433165073394775, -0.0776628851890564, -0.8434742093086243, 0.6040730476379395, 0.7739567160606384, -0.09147585183382034, 1.30503511428833, 1.4724783897399902, 1.0370430946350098, -1.091576099395752, 0.21394240856170654, 0.6645780801773071, -0.495872437953949, 0.33889397978782654, 1.3637101650238037, -1.0036920309066772, 2.479125738143921, 1.481909155845642, 0.03909488022327423, 0.8860509395599365, 1.2183246612548828, 1.8331670761108398, 0.9498273730278015, 0.9994780421257019, 0.8803364038467407, -0.7124593257904053, -1.1154242753982544, 0.1621624380350113, -1.5025070905685425, 2.0289769172668457, 1.0771845579147339, 0.4482291042804718, -1.2504204511642456, -0.6338400840759277, 1.1624082326889038, -1.271701693534851, 1.6710079908370972, 1.59425687789917, 0.29242441058158875, -0.377513587474823, -1.2800772190093994, -0.6970751285552979, -0.4000571072101593, 0.7130587697029114, 0.9043937921524048, -0.5773940086364746, -0.22501814365386963, 0.7448732852935791, 0.47548818588256836, -0.9236355423927307, 1.0641366243362427, 1.004325270652771, -1.2961167097091675, 1.3846691846847534, 0.7305030226707458, 0.3291894197463989, 0.3824767470359802]",yunet,Facenet,1920,1080,/home/amos/media/tv/modern_family/Modern.Family.S09.1080p.DSNP.WEB-DL.DDP5.1.H.264-CRFW/Modern.Family.S09E17.Royal.Visit.1080p.DSNP.WEB-DL.DDP5.1.H.264-CRFW.mkv,Modern Family,2009,1442437,9,17,Jimmy Tatro,1304335.0,0.658
245,360,132,588,462,558,264,528,270,0.906,7872,0,"[-0.9256913661956787, 0.6598081588745117, -1.4139950275421143, 0.21778753399848938, -0.08047596365213394, -0.39917129278182983, 0.5210638642311096, 0.2910367548465729, 1.0270689725875854, 0.2671242356300354, 1.8784308433532715, -1.9146625995635986, -0.5780187845230103, -1.1541553735733032, -0.7929693460464478, 0.708068311214447, -0.740772008895874, 0.08851492404937744, -2.43387770652771, 0.39633944630622864, 1.7786083221435547, 1.5274978876113892, -0.9248691201210022, -1.476127028465271, 0.7432993054389954, 1.200293779373169, 0.2954767048358917, 0.06500780582427979, 0.9537306427955627, 0.7855222225189209, -0.03187771886587143, 1.1770988702774048, 0.5322843790054321, -0.4206782281398773, -0.09997296333312988, 0.14991946518421173, 0.507088303565979, -0.9138755798339844, 0.5898594856262207, -1.2280559539794922, -0.45824286341667175, 0.37433552742004395, -1.937722086906433, -1.5103442668914795, -0.5422435402870178, -0.7305408120155334, 0.10853889584541321, 0.4540051817893982, -1.3830347061157227, 0.7296513319015503, 0.4612753987312317, 0.8835012912750244, -1.1823582649230957, 1.790012240409851, -0.537903368473053, -0.11176516115665436, 2.116105556488037, -0.7857472896575928, -0.4801156520843506, -0.9777187705039978, -0.5268387198448181, -1.07400381565094, 0.6591183543205261, 0.5002553462982178, 2.5371947288513184, -1.2787606716156006, 0.026604562997817993, 0.9650867581367493, -1.4152623414993286, -2.6409287452697754, -1.4206700325012207, 0.22209206223487854, -1.5508699417114258, -1.1848360300064087, 1.4367828369140625, 0.2283884882926941, -0.03788478672504425, 0.12282297015190125, -0.2624327540397644, 0.024437010288238525, -1.2335786819458008, 0.4453195035457611, -0.24084913730621338, -0.7400149703025818, -0.2689254581928253, 1.5986988544464111, -1.8855234384536743, 1.9807233810424805, 0.32141903042793274, -0.05695949122309685, 0.43770021200180054, 0.592738926410675, 1.8012419939041138, 0.45800092816352844, 0.32635170221328735, 0.6985089182853699, -0.3632148802280426, -1.0259989500045776, 0.7042399644851685, -1.7742364406585693, 0.7726660370826721, 0.4651358723640442, -0.43217694759368896, -1.380483865737915, -0.09327401220798492, 0.7012932300567627, -1.1069531440734863, 0.7550952434539795, 1.9664862155914307, 0.7256056070327759, -0.27590805292129517, -1.0966976881027222, 0.16994808614253998, 0.21169452369213104, 1.328341007232666, 0.17589028179645538, -0.005912773311138153, -0.531694769859314, 0.46822187304496765, 1.6357035636901855, -0.634972333908081, 1.281374216079712, 0.4269345998764038, -0.9747639298439026, 0.30477839708328247, 0.5283800363540649, -0.43747061491012573, 0.4736730754375458]",yunet,Facenet,1920,1080,/home/amos/media/tv/modern_family/Modern.Family.S09.1080p.DSNP.WEB-DL.DDP5.1.H.264-CRFW/Modern.Family.S09E17.Royal.Visit.1080p.DSNP.WEB-DL.DDP5.1.H.264-CRFW.mkv,Modern Family,2009,1442437,9,17,Jimmy Tatro,1304335.0,0.576
246,1062,210,1224,420,1158,294,1098,294,0.919,7920,0,"[0.0724351555109024, -1.9765734672546387, -0.4581415355205536, -0.3406100869178772, 0.5813319683074951, 1.0469454526901245, 1.0072855949401855, 0.7674126625061035, 1.390588402748108, -0.5842781662940979, 0.5482894778251648, -1.0120776891708374, -1.3657079935073853, 0.6231759786605835, -1.543581485748291, -0.43550026416778564, -1.0039513111114502, -0.6851016283035278, -0.39541998505592346, -1.4516361951828003, 0.338144451379776, -0.7028761506080627, -0.021511049941182137, -2.436537981033325, 0.5589812397956848, -0.09822624176740646, 2.0331976413726807, -1.8277360200881958, -0.8113290667533875, -0.3420180678367615, -1.1769185066223145, 2.122112274169922, -0.23689574003219604, -1.102770209312439, -0.4578709304332733, -0.07560208439826965, -0.8389811515808105, 0.004800461232662201, 1.006852388381958, -2.173929214477539, 0.7979623675346375, 0.12237908691167831, -1.811109185218811, -2.005283832550049, 0.994751513004303, -1.807011604309082, -0.9514635801315308, 1.133870244026184, 0.28621822595596313, 0.8074008226394653, -0.07727515697479248, 1.0623743534088135, -0.11764735728502274, -0.2340063601732254, 1.1838908195495605, -1.1938354969024658, 0.5532143115997314, 0.5945863723754883, -1.595839023590088, -0.2206592559814453, -0.045616183429956436, -1.6030462980270386, 1.391577124595642, 1.2224812507629395, 0.882378101348877, 0.3255116939544678, -0.170444518327713, 0.3689228296279907, -0.6155378222465515, -0.31346964836120605, -0.4530774652957916, 0.5281553268432617, -2.2599008083343506, 0.9698795676231384, 0.6986445784568787, -1.9523286819458008, -1.6026830673217773, 0.9650464653968811, 0.5615128874778748, 0.15818528831005096, -1.4673700332641602, 0.6730507612228394, 0.9598658084869385, -1.0087324380874634, -0.9707187414169312, 0.5473222732543945, 0.18204151093959808, -1.1831159591674805, -0.7650479078292847, -1.5619436502456665, -0.27096420526504517, 0.6874544620513916, 0.47800394892692566, 1.1797747611999512, 0.8618916273117065, 1.400360107421875, -1.6729665994644165, 0.9673271775245667, -0.7452318668365479, 0.04566319286823273, -0.7271407842636108, -0.26335063576698303, -0.2663843035697937, -0.43949562311172485, 0.4399365186691284, 0.11697649955749512, -0.5919992327690125, -0.03646080940961838, -0.9352666139602661, 0.049829497933387756, -0.41691625118255615, -0.3636845350265503, 1.1878652572631836, -0.6942055225372314, -0.6870065331459045, 1.5030174255371094, 0.10965850949287415, 0.6214177012443542, -1.9026737213134766, 0.41352200508117676, -1.6324459314346313, 0.7544664144515991, 1.4588136672973633, 0.7209194898605347, -0.9187588691711426, 1.2089262008666992, -1.7810947895050049, -0.20928002893924713]",yunet,Facenet,1920,1080,/home/amos/media/tv/modern_family/Modern.Family.S09.1080p.DSNP.WEB-DL.DDP5.1.H.264-CRFW/Modern.Family.S09E17.Royal.Visit.1080p.DSNP.WEB-DL.DDP5.1.H.264-CRFW.mkv,Modern Family,2009,1442437,9,17,Chris Geere,62879.0,0.725
247,570,102,810,462,786,228,744,228,0.909,7944,0,"[-0.6957566738128662, 0.267544686794281, -1.2422590255737305, 0.16161155700683594, 1.3859381675720215, -0.38923221826553345, -1.2582770586013794, -0.2509717345237732, -0.6188601851463318, 0.6939659118652344, 0.4634121060371399, -0.6603016257286072, -0.11814998090267181, 0.0031568482518196106, 1.1544482707977295, 0.795423150062561, -0.23255324363708496, -1.9802378416061401, -1.3188210725784302, 0.35397621989250183, -0.9346863031387329, 0.8124289512634277, 0.6006448864936829, 0.35532259941101074, 0.796195924282074, 0.4627295434474945, 1.2260324954986572, 1.33835768699646, -0.9950962066650391, 0.5740148425102234, 0.9806045293807983, -0.20986340939998627, -0.6150524020195007, 1.184661626815796, -0.15977104008197784, 2.636838436126709, -0.21257102489471436, -1.4818226099014282, 0.3094596862792969, -0.2582869529724121, -1.0139331817626953, 0.5259933471679688, -1.257280707359314, -0.4381120204925537, 1.036460041999817, -0.756753146648407, 0.5103393793106079, 0.9085491895675659, -0.8209366798400879, 1.3428174257278442, -0.1505318284034729, -0.1003512591123581, 0.05729880928993225, 1.1537694931030273, -1.4576961994171143, -1.4760196208953857, 0.8993929624557495, -0.03775383159518242, -1.391256332397461, -0.7700613737106323, -0.4556080996990204, -0.16601784527301788, -0.3603156507015228, 0.7030560970306396, 0.457792729139328, -2.199445962905884, -0.9944329261779785, -0.7372391223907471, 0.07231298089027405, -1.2238271236419678, 0.42916274070739746, -0.9661362171173096, -1.2352784872055054, 0.6829609274864197, 1.1604691743850708, 0.8067162036895752, 0.6378747224807739, 1.0069172382354736, 1.2335880994796753, 0.26098543405532837, -0.8905437588691711, 0.996030330657959, 0.9501752853393555, 0.635370135307312, 0.7632192969322205, 1.4332858324050903, 1.6014553308486938, 1.9368438720703125, 0.07537227869033813, -0.29363808035850525, -0.19052919745445251, 0.6023028492927551, 0.9191727042198181, 0.7508037686347961, 1.8358407020568848, 1.8109675645828247, -1.9214574098587036, -0.8903295397758484, -0.37767624855041504, 0.7940638661384583, 0.06471080332994461, 1.4341102838516235, -1.1088963747024536, -2.4275131225585938, -0.30641862750053406, -1.1569018363952637, -0.7417123913764954, 1.596845030784607, 1.2342833280563354, -2.051931142807007, -1.1385979652404785, -0.7372408509254456, -0.1876479685306549, 0.1200183853507042, 1.3556771278381348, 2.2671594619750977, 0.7795679569244385, 0.34260502457618713, -0.5221135020256042, 0.8375470042228699, 0.3306523561477661, -0.8021070957183838, 0.40378111600875854, -1.4913010597229004, 1.508420467376709, -1.740713119506836, 0.5484691262245178, -0.12454964220523834]",yunet,Facenet,1920,1080,/home/amos/media/tv/modern_family/Modern.Family.S09.1080p.DSNP.WEB-DL.DDP5.1.H.264-CRFW/Modern.Family.S09E17.Royal.Visit.1080p.DSNP.WEB-DL.DDP5.1.H.264-CRFW.mkv,Modern Family,2009,1442437,9,17,Jimmy Tatro,1304335.0,0.544
248,1104,450,1308,714,1236,546,1146,552,0.921,7968,0,"[1.4644027948379517, 0.038319170475006104, 1.6154119968414307, 0.38853561878204346, 0.5221627354621887, 1.1338874101638794, 2.109865665435791, -0.6463426947593689, 0.39721789956092834, 2.8677544593811035, -0.7295061349868774, -0.588151752948761, -0.634550929069519, 1.0465114116668701, -1.292967438697815, 0.23837296664714813, 0.12701290845870972, -2.381726026535034, -1.5257742404937744, -0.7652711868286133, 0.20005890727043152, 0.11673156917095184, 0.2733549475669861, 1.6375943422317505, 0.7253310084342957, 1.069933295249939, 3.3001163005828857, -0.9969059228897095, 2.7859628200531006, 0.8630189299583435, 0.6296124458312988, 0.706842303276062, 0.7598891854286194, -0.7566778063774109, 0.017743553966283798, -0.6336240768432617, -1.0935686826705933, 0.6578243374824524, 0.36908552050590515, 1.2500211000442505, -0.004448093473911285, -1.4021925926208496, -0.33747920393943787, 1.3641688823699951, -0.7066972255706787, 0.6435784697532654, -0.21688583493232727, -0.024168461561203003, -1.3470779657363892, -1.5853078365325928, -0.18646018207073212, 1.0583546161651611, 0.10419485718011856, 1.1740206480026245, 0.1063874214887619, 0.6508473753929138, 0.5734348297119141, 0.11950360238552094, -0.37937620282173157, -0.4854188561439514, -2.163494110107422, -0.3677917718887329, -0.7861714363098145, -0.7026072144508362, 0.18835031986236572, 0.6755967736244202, -0.7442599534988403, 2.0946872234344482, 0.04480886459350586, -0.21454262733459473, -1.6797035932540894, 1.0819722414016724, 1.2941373586654663, 0.14788499474525452, -0.6128547787666321, 0.29476332664489746, 0.04781331121921539, -1.1426103115081787, 0.3010140657424927, -0.09439846873283386, -0.30671462416648865, -0.06954535841941833, 1.415776014328003, -0.8323466181755066, -0.47714897990226746, 0.1607389599084854, 0.3588100075721741, -0.7558284401893616, 1.8288593292236328, 0.011740694753825665, -0.9794599413871765, 1.039750576019287, 1.2526464462280273, -1.2175583839416504, 2.123746156692505, 1.016775131225586, 0.10586501657962799, -0.6208493113517761, 0.16842418909072876, -1.4270888566970825, -0.5515483021736145, 1.1350841522216797, -2.331333637237549, 0.2791869044303894, -0.45309168100357056, 0.3210139870643616, -0.23358134925365448, -0.388217955827713, 2.0803110599517822, -0.9655241966247559, -0.2231777310371399, 0.5307729840278625, 0.6732856035232544, -1.6194727420806885, -0.24834668636322021, 1.605644702911377, -0.7982754707336426, 1.1740273237228394, 1.6295169591903687, -1.601395606994629, 0.9700198769569397, 0.39699503779411316, 0.531446099281311, -0.732687771320343, 0.9535124897956848, 1.4335267543792725, 1.7748279571533203, 0.655048668384552]",yunet,Facenet,1920,1080,/home/amos/media/tv/modern_family/Modern.Family.S09.1080p.DSNP.WEB-DL.DDP5.1.H.264-CRFW/Modern.Family.S09E17.Royal.Visit.1080p.DSNP.WEB-DL.DDP5.1.H.264-CRFW.mkv,Modern Family,2009,1442437,9,17,Ariel Winter,42160.0,0.632
249,1104,474,1356,792,1284,588,1170,594,0.922,8040,0,"[0.06280747056007385, -1.4617328643798828, 2.1486430168151855, -0.25021374225616455, 0.5839348435401917, 0.3266938626766205, 1.1484769582748413, -0.742049515247345, -0.5151271224021912, 2.7346649169921875, -0.8389177322387695, 0.4062287211418152, -1.3027501106262207, 1.2920567989349365, -1.676596760749817, 1.8802695274353027, 0.4219326972961426, -1.2565690279006958, -0.5980014801025391, -0.7686589956283569, 0.5465331077575684, -1.1747102737426758, 0.6769400835037231, 0.7912688851356506, 1.3048579692840576, 1.0813095569610596, 2.9800167083740234, -0.1765073835849762, 2.601762056350708, 0.8293031454086304, 0.7086292505264282, -0.06837078928947449, 1.2650113105773926, -0.78326815366745, -0.05521981418132782, -0.42609184980392456, -1.2295570373535156, 1.1970323324203491, 0.013651520013809204, 1.629052996635437, -1.1571578979492188, -0.4002155065536499, -0.2729884684085846, 1.9705426692962646, -0.5177953839302063, 0.3998466432094574, -1.5182474851608276, 0.6253678798675537, -0.6098377108573914, -1.3516823053359985, -0.5269434452056885, 1.0251708030700684, 0.3622908294200897, 0.997647762298584, 0.8927766680717468, 0.7175923585891724, 0.6461239457130432, 0.9679237604141235, 0.3076801598072052, 0.6795384287834167, -0.8077641725540161, 0.7164868712425232, -0.7533901929855347, 0.4577425420284271, -0.5442485213279724, 1.632857084274292, -0.9598970413208008, 2.0008695125579834, 1.3076839447021484, 0.5401753187179565, -2.166626214981079, 0.611366868019104, 0.9578373432159424, 0.15926091372966766, 0.5488950610160828, 0.39866966009140015, 0.008782856166362762, -0.5095142722129822, 0.7925276160240173, 0.003169916570186615, -1.2431223392486572, -0.2648458182811737, 0.8271220922470093, -0.46141287684440613, -0.6734915375709534, 0.5004948377609253, 0.17289802432060242, -0.7616532444953918, 0.7549532651901245, 0.9117682576179504, -0.3224698603153229, 1.130765438079834, 1.1624845266342163, -1.2576048374176025, 1.5757060050964355, 1.0678645372390747, -0.34250929951667786, -1.3010092973709106, 0.09158019721508026, -0.7562373876571655, -0.7845731973648071, 1.4304009675979614, -1.632538080215454, 0.23917697370052338, 0.9328832030296326, -1.0442137718200684, -0.795292854309082, -0.20455029606819153, 0.815149188041687, -1.5638432502746582, 0.9008410573005676, 0.009661734104156494, 0.4463701546192169, -0.823069155216217, -0.11991379410028458, 2.0484819412231445, -0.017798133194446564, 2.436777114868164, 0.974311888217926, -1.6842952966690063, 1.9659218788146973, -0.0916469395160675, -0.23487384617328644, -1.1442053318023682, 0.7834684252738953, -0.12647545337677002, 1.5817277431488037, -0.02043141797184944]",yunet,Facenet,1920,1080,/home/amos/media/tv/modern_family/Modern.Family.S09.1080p.DSNP.WEB-DL.DDP5.1.H.264-CRFW/Modern.Family.S09E17.Royal.Visit.1080p.DSNP.WEB-DL.DDP5.1.H.264-CRFW.mkv,Modern Family,2009,1442437,9,17,Ariel Winter,42160.0,0.541
250,1224,486,1446,798,1404,600,1314,600,0.916,8064,0,"[0.7356905937194824, -0.03979342803359032, 1.7212450504302979, 0.27443477511405945, -1.0430864095687866, 1.074741244316101, 1.7946579456329346, -0.6217198371887207, -0.782006025314331, 3.1552371978759766, -0.6542686223983765, -0.0998612493276596, -0.7091687321662903, 0.8445941209793091, -0.9409357309341431, 1.9619991779327393, 0.3093203604221344, -2.2894701957702637, -1.720271110534668, -0.52032470703125, 0.0012172386050224304, -0.48676809668540955, 0.6028639674186707, 1.1930903196334839, 0.9743639230728149, 0.39506345987319946, 2.4437758922576904, 0.4742409884929657, 1.9146764278411865, 0.8867384195327759, -0.18363970518112183, -0.682847261428833, -0.30450043082237244, -0.008585989475250244, 0.7860038876533508, -0.9956216216087341, -0.5562385320663452, -0.14123812317848206, 0.16087928414344788, 1.2499693632125854, -0.713327169418335, -1.7245450019836426, -0.7792335748672485, 1.3255106210708618, 1.0694652795791626, -0.21304701268672943, -0.255165696144104, 0.658446192741394, -0.5888566970825195, -2.0126073360443115, -1.136003851890564, 0.6009581685066223, -0.47164151072502136, 1.1367686986923218, -0.7201439738273621, 0.5700278282165527, 1.4090211391448975, 1.0759589672088623, -0.030991774052381516, -0.7589271664619446, -1.7791495323181152, 1.1226396560668945, 0.11490283161401749, -0.2631118893623352, -0.9535495638847351, 1.6513763666152954, -0.48204636573791504, 1.926745057106018, 0.3797655999660492, -0.4664313793182373, -1.1572222709655762, 0.5522124767303467, 1.558679223060608, 0.09429416060447693, 0.2678207457065582, 0.14928661286830902, -0.0782974362373352, -0.23391135036945343, 1.196303129196167, 0.1463851034641266, -0.42321258783340454, -1.113387107849121, 0.022112227976322174, -1.4779908657073975, 0.06316033005714417, -0.3856935203075409, -0.3603981137275696, -0.2964433431625366, 1.2199844121932983, 0.3907582759857178, -0.20209217071533203, -0.2039955109357834, 1.9888060092926025, -0.7541051506996155, 1.6648895740509033, 1.1313236951828003, 0.7869781851768494, -0.16226822137832642, -0.07079058885574341, 0.023733971640467644, -0.2341361790895462, 1.713027834892273, -1.678471326828003, 0.8249995708465576, -0.11100279539823532, 0.5597071051597595, -0.6585384011268616, -0.7127398252487183, 0.33152028918266296, 0.35493093729019165, 0.26891714334487915, 1.339539885520935, 1.2570194005966187, -2.267592191696167, -0.7239614129066467, 1.5875273942947388, -0.5217467546463013, 1.2434914112091064, 0.36471131443977356, -1.7763980627059937, 1.5338581800460815, 0.31024599075317383, 0.707819938659668, -1.1661098003387451, 1.0763663053512573, 0.801999568939209, 1.9193412065505981, 0.20144008100032806]",yunet,Facenet,1920,1080,/home/amos/media/tv/modern_family/Modern.Family.S09.1080p.DSNP.WEB-DL.DDP5.1.H.264-CRFW/Modern.Family.S09E17.Royal.Visit.1080p.DSNP.WEB-DL.DDP5.1.H.264-CRFW.mkv,Modern Family,2009,1442437,9,17,Ariel Winter,42160.0,0.607
251,1164,156,1350,408,1272,246,1194,240,0.908,8088,0,"[0.47149404883384705, -2.3420653343200684, -0.5277314782142639, -0.5375467538833618, -0.278651624917984, 1.223423719406128, 1.379919409751892, 0.3214450180530548, 1.2456798553466797, -0.9807164072990417, 0.8138052225112915, -0.8246724605560303, -0.7410586476325989, 1.2583969831466675, -1.3625659942626953, -0.9465919733047485, 0.3364790081977844, -0.9644163250923157, 0.27338945865631104, -0.7856096029281616, 0.4333961308002472, -1.3514618873596191, 1.0724848508834839, -1.8708120584487915, -0.7882086634635925, 0.18773433566093445, 0.6415512561798096, -2.4829111099243164, -0.49864596128463745, -0.5906474590301514, -1.2079428434371948, 1.5379397869110107, -0.5912292003631592, 0.5461445450782776, 0.4379987120628357, 0.7593579888343811, -0.20408114790916443, 0.6200467348098755, 1.6805472373962402, -1.6243396997451782, 0.8173347115516663, 0.753330647945404, -1.618234395980835, -2.686203956604004, 0.3335815370082855, -2.1419007778167725, 0.017481908202171326, 1.5428454875946045, 0.3428996205329895, 0.8371380567550659, 0.1256711184978485, -0.1958646923303604, -1.0391842126846313, -1.1677178144454956, 0.657643735408783, -0.30298683047294617, 1.4312400817871094, 2.811190605163574, 0.19573834538459778, -0.6944370269775391, -1.111495018005371, -2.031494617462158, 0.7231758832931519, 1.5009270906448364, 1.114187479019165, 0.030006878077983856, 0.3764503300189972, 0.567653238773346, -0.47397348284721375, -0.11773569136857986, -0.1702641099691391, 0.36965087056159973, -1.618746042251587, 1.507301926612854, 0.06273627281188965, -1.5562745332717896, -1.3189176321029663, -0.5064630508422852, -1.214520812034607, -1.2399135828018188, -1.8837356567382812, -0.07813789695501328, 0.9010784029960632, -1.8206651210784912, -1.6768687963485718, 0.16705846786499023, 1.0229692459106445, -0.4836200475692749, -1.378466248512268, -1.1289112567901611, -0.5412357449531555, 0.5077403783798218, -0.3116558790206909, 0.06432972848415375, 0.20848043262958527, 1.1724687814712524, -1.274997353553772, 0.25406190752983093, -0.5014378428459167, 0.7298409938812256, -1.3955018520355225, -0.45424485206604004, -0.7950707674026489, -0.11023557186126709, 0.08585407584905624, 0.5867029428482056, 1.2976710796356201, -1.1675947904586792, 0.5408196449279785, -0.9285746812820435, 0.3108270764350891, -0.21778486669063568, 1.0968207120895386, -0.00045945681631565094, 0.09445161372423172, 0.5960747003555298, 1.327466607093811, 0.09211371839046478, -0.8115511536598206, 0.7023889422416687, -2.090311288833618, 0.9786933660507202, 1.4126322269439697, -0.44032561779022217, -1.4831253290176392, 1.6412848234176636, -0.8644598126411438, -0.9405673146247864]",yunet,Facenet,1920,1080,/home/amos/media/tv/modern_family/Modern.Family.S09.1080p.DSNP.WEB-DL.DDP5.1.H.264-CRFW/Modern.Family.S09E17.Royal.Visit.1080p.DSNP.WEB-DL.DDP5.1.H.264-CRFW.mkv,Modern Family,2009,1442437,9,17,Chris Geere,62879.0,0.741
252,1416,402,1578,618,1506,480,1452,486,0.907,8088,1,"[-0.6824301481246948, -0.9684981107711792, -0.5124543905258179, 2.0953891277313232, 0.41936931014060974, 0.728198766708374, 0.6531884074211121, -1.6377995014190674, 0.7220735549926758, 1.185321569442749, -1.089198350906372, 1.5032693147659302, 1.4823747873306274, 0.31761664152145386, 0.8074139356613159, 1.2760674953460693, -0.08330656588077545, -0.5801177024841309, -0.6745153069496155, 1.2772318124771118, -0.448956161737442, -0.3597669303417206, 0.8196424841880798, -0.8188335299491882, 0.705345094203949, 0.22388753294944763, 0.8723580837249756, -0.6672640442848206, 1.3286454677581787, 0.9956003427505493, 0.48567822575569153, -1.7723443508148193, 0.7805607914924622, -1.3792709112167358, 0.6687836647033691, -0.8223990797996521, -1.2092820405960083, 1.5010292530059814, -0.09896226227283478, 0.5304646492004395, -0.4631887972354889, 0.4876311123371124, -1.1771923303604126, 1.3026164770126343, -0.07802508771419525, -1.0872647762298584, -1.7023907899856567, 1.8524625301361084, 0.9941019415855408, 0.19011221826076508, 1.1752033233642578, 0.7598932981491089, 0.3240552842617035, -0.22302688658237457, 1.593205213546753, -0.6921884417533875, 1.730411410331726, 1.3262956142425537, 0.6242685914039612, 0.6265755295753479, -0.21919456124305725, -0.16096627712249756, -0.8380181193351746, -1.430713415145874, 0.3000044822692871, -0.7751310467720032, -0.24656447768211365, -0.6255705952644348, -1.1577845811843872, -0.7961775064468384, -0.8428515791893005, 0.19399181008338928, -0.9131569266319275, 1.2226920127868652, -0.4241212010383606, -0.5115630626678467, -0.346649706363678, -0.619670033454895, 0.12639984488487244, -0.4973680377006531, -0.6810027956962585, 0.06898730248212814, 0.8018925786018372, 0.520282506942749, -1.3469853401184082, -0.6895186901092529, -0.07310999184846878, -0.0796402096748352, -0.4988623857498169, -1.5378361940383911, -0.7813577055931091, 0.56118243932724, 0.7233818769454956, 0.29544055461883545, -0.6386885643005371, 0.7618890404701233, -0.18807801604270935, -0.03155568242073059, -0.6433050632476807, -1.2654460668563843, 0.7028326392173767, -0.9327045679092407, -2.4944095611572266, 0.48542913794517517, 0.2503722012042999, -0.7117250561714172, 0.03408521041274071, -1.4888951778411865, 2.0708985328674316, -0.5084761381149292, 0.034654129296541214, 0.5895153880119324, 1.0314228534698486, -0.9089659452438354, 0.2253420501947403, -0.12968291342258453, 0.475593626499176, 0.18300224840641022, 0.1461319476366043, 0.35208120942115784, 1.952319622039795, -0.9946939945220947, -0.3978499174118042, -1.3035749197006226, 0.08404950797557831, 1.5978676080703735, 0.5516756772994995, -0.9828087687492371]",yunet,Facenet,1920,1080,/home/amos/media/tv/modern_family/Modern.Family.S09.1080p.DSNP.WEB-DL.DDP5.1.H.264-CRFW/Modern.Family.S09E17.Royal.Visit.1080p.DSNP.WEB-DL.DDP5.1.H.264-CRFW.mkv,Modern Family,2009,1442437,9,17,,,
253,1194,468,1386,714,1326,552,1224,552,0.916,8112,0,"[0.567809522151947, -0.3816051483154297, 1.716093897819519, 0.08433454483747482, -0.3396603763103485, 1.2493178844451904, 1.1815589666366577, -1.149917483329773, -0.056083180010318756, 3.063321828842163, -1.4365683794021606, 0.045088447630405426, -1.1525253057479858, 1.790489673614502, -1.4648507833480835, 1.257050633430481, -0.6152454614639282, -2.076155424118042, -1.1749905347824097, -0.3656453788280487, 0.6019229888916016, -0.03761068731546402, 0.5193998217582703, 1.563014030456543, 1.3794476985931396, 0.3257417678833008, 3.102829933166504, -1.0030300617218018, 3.0554606914520264, 1.5273972749710083, 0.22057609260082245, 0.31677761673927307, 0.5095611214637756, -0.4014005959033966, 0.19844727218151093, -1.0535277128219604, -1.3199894428253174, 0.06483271718025208, 0.2677748203277588, 0.8736733198165894, -0.3746449649333954, -1.4677740335464478, -0.7807914018630981, 2.0452303886413574, -0.3297160565853119, 0.30059000849723816, -1.0057874917984009, -0.10560475289821625, -1.2365294694900513, -0.915266752243042, -0.47954756021499634, 0.7993938326835632, 1.0201473236083984, 0.74379563331604, 0.5274778604507446, -0.5045831203460693, -0.1983264684677124, 0.00888470932841301, 0.36293256282806396, 0.2527428865432739, -0.9296355843544006, 0.2434004694223404, -0.6504731178283691, -1.209106683731079, -0.6832017302513123, 1.135422945022583, -0.878226101398468, 2.112480878829956, 0.24086111783981323, -0.43645596504211426, -2.047212600708008, 0.7267858982086182, 1.335076093673706, -0.29394933581352234, -0.05539090558886528, 0.2938622236251831, 0.5920754671096802, -0.46267008781433105, 1.6447209119796753, -0.07883094251155853, -0.6276760697364807, 0.010603092610836029, 0.4668526351451874, -0.2806527614593506, -0.4382329285144806, 0.1023523211479187, -0.3391891419887543, -0.9225261211395264, 1.4338263273239136, -0.35122615098953247, -0.17378267645835876, 1.1253306865692139, 0.7246369123458862, -0.8475250005722046, 2.258974552154541, 1.1488977670669556, 0.11404816806316376, -0.467151939868927, 0.03558707982301712, -1.2088544368743896, -0.16726598143577576, 1.3076362609863281, -2.059469223022461, 0.6012500524520874, -0.5083787441253662, -0.6743658185005188, -0.493574321269989, -0.06783424317836761, 0.5058485269546509, -1.1571815013885498, 0.7460542917251587, -0.06821487843990326, 1.229480266571045, -1.9354240894317627, -0.6270117163658142, 1.605733036994934, -0.06920798122882843, 1.6925318241119385, 0.2528616786003113, -0.713826060295105, 1.5200878381729126, 0.09360013157129288, 0.41586554050445557, -1.4024436473846436, 0.8642978668212891, 1.0672316551208496, 1.899476408958435, 0.3746996223926544]",yunet,Facenet,1920,1080,/home/amos/media/tv/modern_family/Modern.Family.S09.1080p.DSNP.WEB-DL.DDP5.1.H.264-CRFW/Modern.Family.S09E17.Royal.Visit.1080p.DSNP.WEB-DL.DDP5.1.H.264-CRFW.mkv,Modern Family,2009,1442437,9,17,Ariel Winter,42160.0,0.621
254,660,150,870,486,840,282,822,282,0.901,8112,1,"[-1.5741121768951416, -0.04546474292874336, -1.2338895797729492, 0.7398906350135803, 0.49969708919525146, 1.034137487411499, -0.5752521753311157, -0.986876904964447, 0.6570408344268799, 1.290990948677063, 0.05204504728317261, -1.4578309059143066, -0.1816032975912094, -0.7590082883834839, 0.28432658314704895, 1.4804810285568237, -0.546850323677063, -1.319108247756958, -0.41033804416656494, -0.5586693286895752, -0.485167920589447, 1.8459867238998413, 0.36801284551620483, 1.237376093864441, 0.7160243988037109, 1.0185319185256958, 1.4827827215194702, 1.3006194829940796, -0.32287538051605225, -0.8239080905914307, -0.16850769519805908, 0.447642982006073, 0.22449950873851776, 1.141095519065857, 0.5329695343971252, 0.3648530840873718, 0.22893470525741577, -1.6601189374923706, 0.8173847794532776, -2.2775068283081055, -0.1569824516773224, -1.2243398427963257, -1.1985031366348267, -1.0685818195343018, 0.0790538415312767, -0.8682934045791626, 1.4900810718536377, -1.0870708227157593, -0.6889197826385498, 1.016714334487915, -0.0926276296377182, 0.02207680605351925, -0.3134204149246216, 0.48841923475265503, -1.037719488143921, 0.04837144911289215, 1.6669808626174927, -0.8210635185241699, -0.662964940071106, -0.4862365126609802, -0.1772087812423706, -0.6234471201896667, 0.3253975808620453, 1.1042369604110718, 1.3027790784835815, -1.3124237060546875, 1.1573117971420288, 0.24919745326042175, 0.20316699147224426, -1.4085829257965088, -0.3515252470970154, -1.5674238204956055, -0.9565414786338806, 0.33729493618011475, 1.0448564291000366, 0.9284672737121582, 0.2841028869152069, 0.027379512786865234, 1.1474027633666992, -0.15562638640403748, -0.21606355905532837, 0.8212593793869019, 1.014958381652832, 0.7286478281021118, 0.18315818905830383, 0.4351830780506134, 1.4692288637161255, 2.2729291915893555, -0.5951892137527466, -0.21675780415534973, -0.23366478085517883, -1.0342066287994385, 0.8588359355926514, 0.19097396731376648, 1.9903919696807861, -0.020107779651880264, -2.108273506164551, 0.25581464171409607, -0.5222985744476318, 0.4528179466724396, -0.20371118187904358, 0.3670792281627655, -1.3511830568313599, -0.42724424600601196, -0.1380922794342041, -0.030889414250850677, -1.3642159700393677, 1.0372002124786377, 0.4168855547904968, -1.6496764421463013, -0.8096189498901367, 0.10037029534578323, -0.03310023248195648, 1.091905117034912, 0.2764887809753418, 0.10622622072696686, 0.7200580835342407, -0.2526901364326477, -0.22290641069412231, 1.943158507347107, 0.35758131742477417, -0.3918737471103668, 0.8635091185569763, 0.8882789611816406, 2.186920642852783, -0.9215344786643982, 2.334245443344116, 0.9914028644561768]",yunet,Facenet,1920,1080,/home/amos/media/tv/modern_family/Modern.Family.S09.1080p.DSNP.WEB-DL.DDP5.1.H.264-CRFW/Modern.Family.S09E17.Royal.Visit.1080p.DSNP.WEB-DL.DDP5.1.H.264-CRFW.mkv,Modern Family,2009,1442437,9,17,Jimmy Tatro,1304335.0,0.529
255,1242,474,1458,750,1398,582,1296,582,0.934,8136,0,"[0.6178083419799805, -0.09670784324407578, 1.4447790384292603, -0.42308732867240906, -0.7661788463592529, 2.1855502128601074, 1.3382904529571533, -0.46046164631843567, 0.1492706537246704, 2.5659539699554443, -0.9754499197006226, -0.06628433614969254, -1.6514703035354614, 1.4597597122192383, -1.4123436212539673, 1.2595666646957397, -0.276623010635376, -1.9451431035995483, -0.9252234101295471, -0.6052156686782837, 1.1676578521728516, -0.9008427262306213, 0.6104596853256226, 0.9556865692138672, 1.199973464012146, 0.4999888837337494, 2.6550323963165283, -1.051852822303772, 2.550323009490967, 1.4385435581207275, 0.4704260230064392, 0.8519914150238037, 0.47328245639801025, -0.7252000570297241, 0.4631504714488983, -1.3260390758514404, -1.2125904560089111, -0.4773213267326355, -0.08383575081825256, 1.4431591033935547, -0.7494482398033142, -1.1506099700927734, -0.32608839869499207, 1.953632116317749, 0.2835560142993927, 0.19595806300640106, -0.9041022658348083, 0.19495214521884918, -0.9146719574928284, -1.4011017084121704, -0.02166111022233963, 0.36341196298599243, 0.7414372563362122, 1.2964214086532593, -0.13580918312072754, 0.016460947692394257, 0.3704972565174103, -0.3631506860256195, -0.11430150270462036, 0.41377535462379456, -0.8728252053260803, 1.1002177000045776, -0.21579089760780334, -0.9169477820396423, -0.540576696395874, 0.6646851301193237, -0.17408129572868347, 1.9260988235473633, 0.4292543828487396, -0.6673024892807007, -2.009410858154297, 1.4531340599060059, 1.4619663953781128, -0.17773427069187164, 0.2159944474697113, 0.3993288278579712, 0.6301863193511963, -0.3209088146686554, 1.0710488557815552, -0.15913283824920654, -0.7269492745399475, 0.23925378918647766, -0.04791366681456566, -1.539177656173706, -0.5903400182723999, -0.7060619592666626, -0.5114414691925049, -1.3755241632461548, 2.055630922317505, 0.3693765103816986, -0.5344288945198059, 0.8054360747337341, 0.4134613275527954, -0.5745769739151001, 1.5012794733047485, 2.1326704025268555, 0.061222199350595474, -0.46825820207595825, 0.15465040504932404, -0.791808009147644, 0.4123044013977051, 0.30974113941192627, -1.5247522592544556, 0.5553572177886963, 0.11336218565702438, -0.866387665271759, -1.1171241998672485, 0.4933638870716095, 1.2644577026367188, -0.7586492896080017, 0.4920732378959656, -0.2578716278076172, 1.010624885559082, -1.8771753311157227, -0.8544987440109253, 1.5482723712921143, -0.0036480315029621124, 1.6323477029800415, 0.2450663447380066, -1.4568923711776733, 1.636415958404541, -0.2476598620414734, 0.4181395173072815, -0.3552279770374298, 1.073209285736084, 0.6403431296348572, 1.0362037420272827, -0.522311806678772]",yunet,Facenet,1920,1080,/home/amos/media/tv/modern_family/Modern.Family.S09.1080p.DSNP.WEB-DL.DDP5.1.H.264-CRFW/Modern.Family.S09E17.Royal.Visit.1080p.DSNP.WEB-DL.DDP5.1.H.264-CRFW.mkv,Modern Family,2009,1442437,9,17,Ariel Winter,42160.0,0.679
256,1230,528,1464,822,1422,648,1320,654,0.913,8160,0,"[-0.6331818103790283, -0.5495326519012451, 1.9488420486450195, 0.8981752991676331, -0.625238835811615, 0.6687237620353699, 1.8500398397445679, -0.701374351978302, -0.5567461848258972, 2.801361083984375, -0.2832748293876648, -0.7630090117454529, -0.36525458097457886, 1.7692581415176392, -1.192861795425415, 0.5029229521751404, 0.013324938714504242, -2.403104543685913, -1.685221552848816, -0.11583875119686127, 0.2753981649875641, -0.5991737842559814, 0.0565485954284668, 1.912097454071045, 0.7365955114364624, 0.7360299825668335, 2.70906400680542, -0.352112740278244, 2.511157274246216, 1.3163584470748901, 0.9037251472473145, -0.06350232660770416, 0.09808537364006042, -0.1880812644958496, 1.6058117151260376, -0.9360631108283997, -0.7974098324775696, -0.2406371831893921, 0.7142018675804138, 1.6789261102676392, -0.791914701461792, -0.44901204109191895, -0.3967583477497101, 1.418440580368042, -0.056061677634716034, -0.5902544260025024, -0.4628131687641144, 0.2117646187543869, 0.023312687873840332, -1.7128041982650757, 0.029840275645256042, 0.8968623280525208, 0.5839589834213257, 0.35901010036468506, -1.1846674680709839, 0.6064229011535645, 1.5017268657684326, 0.658776044845581, -0.43648526072502136, -0.17336013913154602, -1.5709408521652222, 0.7931233048439026, -0.1467602550983429, -1.0160820484161377, -1.2554073333740234, 1.1664875745773315, 0.13592389225959778, 2.6566946506500244, 0.9511224031448364, 0.5675395727157593, -0.8870360851287842, 0.8236193656921387, 1.012619137763977, -0.5598469972610474, -0.6000861525535583, -0.06507118046283722, 1.1882085800170898, -0.45041418075561523, -0.5193349123001099, 0.2228148728609085, -0.30431029200553894, -0.8948049545288086, 0.7759068608283997, -0.8995715379714966, -0.7213031649589539, 0.7518676519393921, 0.08987639844417572, -0.6361059546470642, 0.5626357793807983, -0.12163138389587402, -0.12489954382181168, 0.34710633754730225, 0.49614468216896057, 0.1793380081653595, 1.2969697713851929, 1.7944371700286865, 0.354968786239624, -0.6465964317321777, 0.6803248524665833, -0.12556689977645874, -0.6968323588371277, 1.9785194396972656, -0.8566735982894897, 0.21286235749721527, -0.05650785565376282, -0.03535336256027222, -0.6555702090263367, -0.7189600467681885, 0.6338908672332764, -0.7001625299453735, 0.600318193435669, 0.08319680392742157, 0.8901253938674927, -1.5425784587860107, -0.39368727803230286, 1.8114581108093262, 0.31480124592781067, 1.0421110391616821, 0.13791434466838837, -1.1790971755981445, 1.2544450759887695, -0.2569625675678253, 0.4317935109138489, -1.964516520500183, 0.8912221789360046, 0.8419342637062073, 1.4274482727050781, 0.2396557778120041]",yunet,Facenet,1920,1080,/home/amos/media/tv/modern_family/Modern.Family.S09.1080p.DSNP.WEB-DL.DDP5.1.H.264-CRFW/Modern.Family.S09E17.Royal.Visit.1080p.DSNP.WEB-DL.DDP5.1.H.264-CRFW.mkv,Modern Family,2009,1442437,9,17,Ariel Winter,42160.0,0.634
257,582,120,840,498,798,264,774,258,0.91,8160,1,"[-1.6179815530776978, 0.7464720010757446, -2.598428964614868, 0.9474458694458008, -0.3859369158744812, -0.37170520424842834, -0.3099495768547058, -0.28541675209999084, -0.2622476816177368, 0.8348771929740906, 1.4812891483306885, -1.9792872667312622, 0.1032479852437973, -0.5501415729522705, 0.7747561931610107, 1.0929824113845825, -0.3977200984954834, -2.005161762237549, -2.7121734619140625, 0.11823244392871857, -0.20898020267486572, 0.5450844168663025, 0.7292223572731018, 0.3580154478549957, 0.7157754302024841, 0.8342770338058472, 1.389140248298645, 0.5464966297149658, -0.29170024394989014, 0.9635881781578064, -0.23701420426368713, 0.111402228474617, -0.2658644914627075, 0.5654491186141968, 0.6798557639122009, 1.5680294036865234, -0.2767215669155121, 0.12092223763465881, 0.5271819829940796, 0.07381762564182281, 0.06722329556941986, 0.22664402425289154, -1.5125877857208252, -0.4001011848449707, 0.05084150284528732, -1.0768722295761108, 1.9328992366790771, 0.014205100014805794, -0.4610549211502075, 0.2196396142244339, 0.0437486506998539, 0.6266058087348938, -0.1176498755812645, 0.8622883558273315, -1.3960224390029907, -0.40361908078193665, 1.7235358953475952, 0.6560664772987366, -1.6141082048416138, -1.0243890285491943, -0.4298487603664398, -0.6299227476119995, -0.911859393119812, -0.24230462312698364, 1.6603261232376099, -2.1077656745910645, -0.4181744456291199, 0.6503133773803711, -0.1387214958667755, -1.9322961568832397, 0.24100536108016968, 0.1644444465637207, -1.3953531980514526, -0.41875535249710083, 1.1035250425338745, 0.7179533243179321, 0.6848522424697876, 0.8640039563179016, 0.1105613186955452, -0.5476943254470825, -0.5937670469284058, 0.45286688208580017, 1.3122477531433105, 0.3317146897315979, -0.10225171595811844, 2.5017848014831543, 0.3765718936920166, 1.7270487546920776, -0.571368932723999, -0.8164740800857544, 0.8487828373908997, -0.7208643555641174, 2.3100931644439697, 1.2204976081848145, 1.0718964338302612, 2.264253854751587, -0.9047626256942749, -0.08658762276172638, -0.581143319606781, 0.043564699590206146, -0.19158117473125458, 1.0915130376815796, -0.9010416269302368, -1.050849199295044, -0.3379250168800354, -1.3440901041030884, -0.6360578536987305, 1.609413981437683, 1.526106834411621, -0.0635690838098526, -1.205644130706787, -0.2974012494087219, 0.5380254983901978, 0.3271227478981018, -0.2689018249511719, 0.5888094902038574, 0.08410760760307312, -0.4881458878517151, -0.08782964199781418, 1.0251182317733765, 0.5383845567703247, 0.016129305586218834, 0.08983725309371948, -1.7924437522888184, 0.5424418449401855, -0.42714452743530273, 0.21451297402381897, 0.24664805829524994]",yunet,Facenet,1920,1080,/home/amos/media/tv/modern_family/Modern.Family.S09.1080p.DSNP.WEB-DL.DDP5.1.H.264-CRFW/Modern.Family.S09E17.Royal.Visit.1080p.DSNP.WEB-DL.DDP5.1.H.264-CRFW.mkv,Modern Family,2009,1442437,9,17,Jimmy Tatro,1304335.0,0.633
258,1320,498,1542,792,1512,624,1410,618,0.918,8184,0,"[0.36326098442077637, -0.457284152507782, 1.667325735092163, 0.4904005229473114, -0.34658193588256836, 1.4896050691604614, 1.3190375566482544, -0.38592368364334106, -0.6265221238136292, 2.6468799114227295, -0.6853287816047668, -0.44478359818458557, -0.4757225513458252, 1.5273176431655884, -0.9718257188796997, 0.8745314478874207, 0.05041716247797012, -2.3680942058563232, -1.3027682304382324, 0.2010517567396164, -0.10088358074426651, -0.18406373262405396, 0.5280540585517883, 1.004925012588501, 1.0048344135284424, 0.5454320311546326, 2.3261711597442627, 0.3225995898246765, 1.6615862846374512, 1.1969629526138306, 0.2743200957775116, -0.607368528842926, -0.06212153658270836, -0.6294522881507874, 1.3923240900039673, -0.45613372325897217, -0.7021881341934204, -0.42755818367004395, -0.35181835293769836, 1.442215919494629, -0.9613947868347168, -0.8448708653450012, -0.0922793596982956, 1.9436023235321045, 0.6690617203712463, -1.27333402633667, -0.6551042795181274, 0.7800940275192261, -0.5456531643867493, -1.6865928173065186, -0.10195063054561615, 0.6385026574134827, 0.3016706109046936, 0.6540402770042419, -1.2759393453598022, 0.3702889084815979, 1.7927258014678955, 0.41447749733924866, -0.4458487629890442, -0.36721912026405334, -1.2701611518859863, 1.534313678741455, 0.542908787727356, -0.5865231156349182, -1.5569695234298706, 0.9876881241798401, -0.1505281925201416, 2.339853286743164, 0.27845028042793274, 0.5366913080215454, -1.0715389251708984, 0.6354126930236816, 0.6816790103912354, -0.658301055431366, -0.20285119116306305, 0.2696596682071686, 0.6311930418014526, -0.5487651824951172, 0.21384263038635254, 0.22647173702716827, 0.04575531929731369, -0.46000581979751587, 0.3270089626312256, -0.4544486701488495, -0.22091862559318542, -0.6032100915908813, 0.1939009428024292, -0.5694280862808228, 1.6110379695892334, -0.6954470276832581, -0.5009108185768127, -0.49650582671165466, 0.7980508804321289, -0.10145220905542374, 0.9306362867355347, 1.345031976699829, 0.38770532608032227, -1.2705529928207397, 0.3131662905216217, 0.2468901425600052, 0.40455108880996704, 1.4163762331008911, -1.5139062404632568, 0.18616804480552673, -0.038015659898519516, -0.16006915271282196, -0.9173383712768555, -1.2430176734924316, 1.4398678541183472, 0.048103220760822296, 0.37735337018966675, 0.2928593158721924, 1.0764544010162354, -0.9772052764892578, -0.5201358795166016, 1.0922950506210327, -0.45300188660621643, 1.1320725679397583, 0.2392776608467102, -1.5648003816604614, 1.8748341798782349, 0.14199402928352356, 0.42060035467147827, -1.2114593982696533, 1.8895461559295654, 0.3559214770793915, 1.9870905876159668, 0.05423135682940483]",yunet,Facenet,1920,1080,/home/amos/media/tv/modern_family/Modern.Family.S09.1080p.DSNP.WEB-DL.DDP5.1.H.264-CRFW/Modern.Family.S09E17.Royal.Visit.1080p.DSNP.WEB-DL.DDP5.1.H.264-CRFW.mkv,Modern Family,2009,1442437,9,17,Ariel Winter,42160.0,0.739
259,1020,144,1188,360,1128,234,1062,228,0.908,8208,0,"[-0.2797147333621979, -1.526134967803955, -2.4568562507629395, -0.12455248087644577, 0.22877176105976105, 0.5195601582527161, 0.7040316462516785, 0.26712167263031006, 0.8477723002433777, -0.23234552145004272, 1.54420804977417, -0.4702222943305969, -1.802871823310852, 0.7562706470489502, -0.5398985147476196, -0.2711631655693054, -0.543455958366394, 0.2514328956604004, -0.5941736102104187, 0.051337581127882004, 0.00464610755443573, -1.1118733882904053, 0.36216944456100464, -2.128190040588379, 1.1002064943313599, 1.0480674505233765, 1.2175688743591309, -2.279751777648926, 0.12587375938892365, -0.2757037878036499, 0.6391732692718506, 2.2968809604644775, 0.8587784171104431, -0.16679689288139343, -0.8891149759292603, 0.28903064131736755, -0.2734343707561493, 0.6351773738861084, 0.39032500982284546, -1.2536518573760986, 0.4569067656993866, 2.3163273334503174, -1.2167346477508545, -1.9103138446807861, 0.9299647808074951, -2.62459659576416, -1.650494933128357, 1.6241143941879272, 1.351922869682312, 1.0104084014892578, 0.5407475233078003, -0.15993890166282654, -0.4478885233402252, 0.026358522474765778, 1.0147064924240112, -1.2116409540176392, 1.084963083267212, 2.1484010219573975, -1.1163249015808105, -0.9573184251785278, 0.43287819623947144, -0.9582583904266357, 0.6115623116493225, 1.9887744188308716, 0.9980108737945557, -0.027663275599479675, -0.3751704692840576, 0.9882699251174927, 0.42999520897865295, -0.9630664587020874, -0.6188900470733643, 0.22529751062393188, -2.0553739070892334, 1.3437814712524414, 0.6569863557815552, -2.2903859615325928, -0.7362775802612305, 0.019984964281320572, -0.35369476675987244, 0.019977249205112457, -2.142653465270996, 0.9587669372558594, -0.06098698824644089, -1.116024374961853, -2.1920273303985596, 1.6126669645309448, -0.5280308127403259, 0.030739285051822662, -1.1547346115112305, -1.047816276550293, -0.406817227602005, 0.6003396511077881, 0.6416985988616943, 1.4259066581726074, 0.3919280469417572, 0.7108452320098877, -1.847409725189209, 0.5120410919189453, -1.1373546123504639, -0.05424843728542328, -1.190126895904541, -0.5287871360778809, -0.5734214186668396, -0.8023590445518494, 0.7983411550521851, -0.7039728760719299, -0.1015743613243103, -0.9831368923187256, -0.4389159679412842, -0.09505849331617355, -0.6371070742607117, 0.03738069906830788, 0.8727755546569824, -0.014980502426624298, 0.002932686358690262, 1.765244483947754, -0.30028560757637024, -0.969249963760376, -0.5284355282783508, 1.6958798170089722, -1.8980872631072998, 0.7589315176010132, 1.2719627618789673, -0.4839741885662079, -0.9758188724517822, 0.5610299706459045, -0.8348892331123352, 0.22148917615413666]",yunet,Facenet,1920,1080,/home/amos/media/tv/modern_family/Modern.Family.S09.1080p.DSNP.WEB-DL.DDP5.1.H.264-CRFW/Modern.Family.S09E17.Royal.Visit.1080p.DSNP.WEB-DL.DDP5.1.H.264-CRFW.mkv,Modern Family,2009,1442437,9,17,Chris Geere,62879.0,0.633
260,1320,354,1476,546,1422,420,1356,420,0.904,8208,1,"[-0.28160107135772705, -0.8943686485290527, 0.4487331211566925, 2.255568027496338, 1.5762542486190796, 0.14399628341197968, 0.8687142729759216, -1.2883930206298828, 0.5505548119544983, 1.6646913290023804, -1.6337809562683105, -0.05552732199430466, 0.7654628753662109, 1.8210787773132324, -0.5446113348007202, -0.6192663908004761, -1.1757316589355469, -0.5860289931297302, -0.7976898550987244, 0.805628776550293, -0.9986683130264282, 0.581493616104126, 0.5138724446296692, -0.2275480031967163, 0.0002805180847644806, 0.4980173110961914, 0.5643455982208252, -0.9732904434204102, 2.4731173515319824, 1.402614712715149, 0.9321646690368652, -2.0019044876098633, -1.0934717655181885, -1.4760463237762451, 0.8516840934753418, -0.9059839844703674, -1.3264431953430176, 0.8361682295799255, -0.3110369145870209, -0.15229006111621857, 0.2050798237323761, 0.39250919222831726, 0.9170727729797363, 1.6228677034378052, 0.16882820427417755, -0.7341370582580566, -1.0307728052139282, 0.807517409324646, -0.35858970880508423, 1.273297905921936, -0.21869419515132904, 2.9017982482910156, 0.5664417147636414, -0.6160026788711548, -1.2662122249603271, -0.2176092565059662, 1.2899463176727295, 0.9325706958770752, 0.21349996328353882, 1.0034581422805786, 1.0234707593917847, 0.12289048731327057, 0.04870045930147171, 0.7035119533538818, -1.7368028163909912, 1.2743264436721802, -0.2961941361427307, -0.6603484749794006, 0.02919705957174301, -0.003991848789155483, -0.04097868502140045, -1.2793136835098267, 0.804458737373352, -0.5381126999855042, 0.7551453709602356, -0.7489485144615173, 0.8252308368682861, -0.49946099519729614, -0.5888757109642029, -0.38142913579940796, -0.17513608932495117, 1.185969591140747, 1.960168480873108, 1.0228126049041748, -1.9314700365066528, -0.4834679663181305, -0.12934955954551697, -0.7658169269561768, 0.8119354248046875, -1.7381914854049683, -1.9712392091751099, 0.4192845821380615, -0.24362990260124207, 0.6663663983345032, 1.1933536529541016, 0.6258768439292908, -1.0832644701004028, -1.3030461072921753, -0.7400727868080139, -1.0358608961105347, 0.010240811854600906, 1.3857935667037964, -1.2774332761764526, 0.948069155216217, 1.1780807971954346, -0.23784711956977844, 1.0866583585739136, -0.21362769603729248, 1.3193403482437134, -1.624316930770874, 1.6785944700241089, 0.6312320232391357, 0.5938867330551147, 1.4668505191802979, -0.06550281494855881, 0.3843736946582794, 0.1730090230703354, 0.612130343914032, -1.9545027017593384, -0.5175656676292419, 1.9239104986190796, -0.6179347038269043, -0.48637211322784424, -2.1287028789520264, -1.076958179473877, 0.795947790145874, 1.1744064092636108, -1.0177254676818848]",yunet,Facenet,1920,1080,/home/amos/media/tv/modern_family/Modern.Family.S09.1080p.DSNP.WEB-DL.DDP5.1.H.264-CRFW/Modern.Family.S09E17.Royal.Visit.1080p.DSNP.WEB-DL.DDP5.1.H.264-CRFW.mkv,Modern Family,2009,1442437,9,17,Sarah Hyland,91351.0,0.628
261,870,204,1044,444,984,300,906,300,0.929,8232,0,"[-0.48846694827079773, -0.9380977153778076, -1.7454363107681274, 0.5391937494277954, 0.3150923252105713, 0.38057172298431396, 1.618106722831726, -0.22052143514156342, 1.0654666423797607, -0.8900343179702759, 1.51689875125885, -1.1164593696594238, -1.3599722385406494, 0.7902170419692993, -0.8670446872711182, -0.8504518270492554, -1.74867844581604, -0.29185789823532104, -1.389829158782959, -0.9326090812683105, -0.601828396320343, -0.658235490322113, 0.09572138637304306, -1.4083998203277588, 0.3375059962272644, 0.7176849842071533, 1.5645432472229004, -2.203667163848877, -0.47915583848953247, -0.47414472699165344, -0.799156904220581, 1.6264294385910034, -0.9121306538581848, 0.030500613152980804, -0.3972958028316498, 0.3473677635192871, -0.5812548995018005, 0.3625118136405945, 1.7108473777770996, -1.2707897424697876, 0.9468829035758972, 1.3249224424362183, -0.9845907688140869, -2.471827745437622, 0.5887366533279419, -2.2551798820495605, -0.603792667388916, 1.6478793621063232, 0.9159530401229858, 0.6106655597686768, 0.08728930354118347, 0.4551289975643158, 0.31836795806884766, 0.13454855978488922, 0.5445690155029297, -0.5890350937843323, 1.3716977834701538, 1.7289047241210938, -0.7727490663528442, -0.592153787612915, -0.4182712435722351, -1.4801068305969238, 0.3232610523700714, 1.6590230464935303, 1.9824676513671875, 0.6063863635063171, -0.1967751383781433, 1.3817214965820312, -0.6632298231124878, -0.5733481645584106, -0.4973191022872925, 1.584905982017517, -1.8683210611343384, 1.9302977323532104, -0.8835240006446838, -1.7649434804916382, -0.9260624647140503, 0.7714292407035828, -0.6504085659980774, -0.23960335552692413, -2.1709909439086914, 0.42217499017715454, 0.25132516026496887, -0.5321553349494934, -1.3492562770843506, 0.5675718784332275, 0.4952274560928345, -0.32485076785087585, -1.7397449016571045, -1.528165340423584, 0.6315345168113708, 0.8892143964767456, 1.0096220970153809, 1.2420178651809692, 0.07251913100481033, 1.0560663938522339, -1.4792932271957397, 1.0788952112197876, -0.4228971600532532, -0.6384063363075256, -1.435443639755249, -1.2556341886520386, -0.3125397264957428, -0.2733466327190399, 0.5157592296600342, 0.037517040967941284, -0.40318408608436584, -0.8196936845779419, -0.6522268056869507, -0.37971532344818115, 0.8094709515571594, -0.5049332976341248, 1.511390209197998, 0.2571684718132019, 0.029315289109945297, 2.261011838912964, 0.14560888707637787, 0.4244190752506256, -0.3886354863643646, 2.8336355686187744, -2.3701748847961426, 0.8950809240341187, 1.4576246738433838, -0.2362252175807953, -1.6847418546676636, 1.379172921180725, -0.6663294434547424, -0.7092161774635315]",yunet,Facenet,1920,1080,/home/amos/media/tv/modern_family/Modern.Family.S09.1080p.DSNP.WEB-DL.DDP5.1.H.264-CRFW/Modern.Family.S09E17.Royal.Visit.1080p.DSNP.WEB-DL.DDP5.1.H.264-CRFW.mkv,Modern Family,2009,1442437,9,17,Chris Geere,62879.0,0.771
262,1278,372,1446,588,1398,444,1320,438,0.907,8232,1,"[-0.7567683458328247, -0.5139933824539185, -0.11758820712566376, 2.026397943496704, 0.15927883982658386, 1.2525286674499512, -0.21891376376152039, -1.4683520793914795, 0.5768337845802307, 1.7036010026931763, -2.3153610229492188, 0.6084091663360596, -0.0998036339879036, 0.05396077036857605, -1.5027858018875122, -0.7638190984725952, -0.040343932807445526, -1.1798994541168213, 0.27877479791641235, 1.7389851808547974, 0.823310375213623, 0.39278173446655273, 0.7703775763511658, -0.387920081615448, 0.14131690561771393, 1.1731443405151367, 0.9641534090042114, -1.2246378660202026, 2.422959804534912, 1.1608755588531494, -0.7300846576690674, -0.8831905126571655, -1.0791229009628296, -1.827240228652954, 1.2597736120224, -0.3528233468532562, -2.0986151695251465, 1.0898414850234985, 0.0521494522690773, 0.04736001789569855, 0.32190656661987305, 0.12839850783348083, -1.4856888055801392, 1.7278735637664795, 1.0475434064865112, -0.043369799852371216, -1.043544888496399, 1.626101016998291, -1.0220462083816528, 0.7985900640487671, -0.5767924785614014, 2.9442787170410156, 1.6598390340805054, -0.6712194681167603, -0.5659011602401733, -0.014270714484155178, 1.0409477949142456, -0.6472639441490173, 0.1132444441318512, 0.6705377101898193, 0.8264634013175964, -0.709204375743866, -0.5593219995498657, -1.4630056619644165, -1.8157914876937866, 0.6929460763931274, 1.064233422279358, -0.18291819095611572, -0.09016194194555283, -1.025138258934021, -0.6780967712402344, -0.32588884234428406, -0.4660313129425049, -0.12964655458927155, 1.0210249423980713, -0.7827619910240173, 0.5933328866958618, -0.4233821630477905, -0.09276066720485687, -1.000315546989441, 0.0760590210556984, -0.08976050466299057, 0.34666645526885986, 0.3776751160621643, -0.589606523513794, 0.06548859179019928, -0.32198888063430786, -0.9564207792282104, 0.5158754587173462, -1.3098156452178955, -1.8631603717803955, 0.6739101409912109, 0.7815862894058228, 1.2115809917449951, 1.0216457843780518, 0.2980237603187561, 0.7378370761871338, -0.46021804213523865, -1.2488806247711182, -0.8942207098007202, 1.634953260421753, 0.5467751026153564, -1.264887809753418, 0.7605664730072021, -0.2380816638469696, -0.5675567388534546, 0.5189632177352905, -0.3020378053188324, 1.250383734703064, -0.853958249092102, 0.9617469310760498, 0.6534141898155212, 0.9171615839004517, 0.6186911463737488, -0.7962251901626587, 0.31671857833862305, -1.5939573049545288, 0.8738632202148438, -1.0116726160049438, 0.2834811508655548, 1.8300206661224365, -0.34762853384017944, -1.3565555810928345, -1.8888132572174072, 0.06801541894674301, 1.4782543182373047, 1.8523478507995605, -0.08770129829645157]",yunet,Facenet,1920,1080,/home/amos/media/tv/modern_family/Modern.Family.S09.1080p.DSNP.WEB-DL.DDP5.1.H.264-CRFW/Modern.Family.S09E17.Royal.Visit.1080p.DSNP.WEB-DL.DDP5.1.H.264-CRFW.mkv,Modern Family,2009,1442437,9,17,Sarah Hyland,91351.0,0.7
263,924,156,1128,450,1050,276,960,276,0.927,8256,0,"[-0.12399600446224213, -2.5666329860687256, -1.0925347805023193, -1.27497136592865, 1.1167157888412476, 1.274517297744751, 0.4064563512802124, 1.0500590801239014, 0.27084147930145264, -0.5533930063247681, 1.9650675058364868, -0.34916362166404724, -1.1905226707458496, 0.5376784801483154, -0.326859712600708, -1.2435928583145142, -0.751620888710022, 0.0251636803150177, 0.8060070872306824, -0.7122372388839722, -1.8078211545944214, -1.5799986124038696, 0.020111575722694397, -1.2645149230957031, -1.4802881479263306, 0.0768997073173523, 0.8384087085723877, -1.6172322034835815, -0.9379583597183228, 0.3546581566333771, 0.542010486125946, 1.3049412965774536, -0.2399202287197113, -0.47765052318573, -1.0243852138519287, 1.8749629259109497, -0.5395253300666809, 0.6531872749328613, 0.7142228484153748, -0.20794740319252014, 1.8696260452270508, 0.1267118752002716, -0.9976154565811157, -1.7350997924804688, 1.6535367965698242, -2.681135892868042, -0.10761088132858276, 1.8770313262939453, 1.5749247074127197, -0.7910386323928833, 0.10914142429828644, 0.8190649747848511, -0.47294870018959045, 0.040598064661026, -0.41682854294776917, -0.5674103498458862, -0.42081311345100403, 1.9873178005218506, -0.4871474504470825, -0.09873248636722565, 0.6369467973709106, -1.2367913722991943, 0.5688477158546448, 1.790487289428711, 1.4998137950897217, 0.9382545351982117, 0.7870993614196777, 1.023071527481079, 0.24760305881500244, 0.30602678656578064, -0.4208888113498688, 0.6223005056381226, -0.9356213808059692, 2.287022829055786, 0.1931612491607666, -1.1219216585159302, -1.302557110786438, 0.4629836976528168, -1.4669756889343262, 0.9738750457763672, -2.8162992000579834, 1.1569678783416748, 0.09797165542840958, -1.055317997932434, -2.0177037715911865, -0.0021133944392204285, -0.1931198090314865, -0.08230697363615036, -0.3650282025337219, -0.7277300953865051, -0.5334547162055969, 0.46164488792419434, -0.1692345291376114, 1.148799180984497, 0.34891510009765625, 0.6903731822967529, -1.734665036201477, 0.48038026690483093, -0.1861901730298996, 1.442452073097229, -1.120113730430603, -1.0807292461395264, -0.20838019251823425, -0.009296003729104996, 0.09163499623537064, 1.3706351518630981, 0.7368599772453308, -0.5197291374206543, 0.5806515216827393, -0.9702005982398987, -0.3065672516822815, 0.3868640065193176, 0.16430072486400604, -0.7835549116134644, 0.6562430262565613, 1.9310569763183594, 0.36158156394958496, -0.761725902557373, -1.1723504066467285, 0.7930738925933838, -2.5343995094299316, 1.4943904876708984, 0.9984392523765564, -0.4539996087551117, -1.3712279796600342, 0.8953301310539246, -0.9887914061546326, -1.042529582977295]",yunet,Facenet,1920,1080,/home/amos/media/tv/modern_family/Modern.Family.S09.1080p.DSNP.WEB-DL.DDP5.1.H.264-CRFW/Modern.Family.S09E17.Royal.Visit.1080p.DSNP.WEB-DL.DDP5.1.H.264-CRFW.mkv,Modern Family,2009,1442437,9,17,Chris Geere,62879.0,0.61
264,1098,138,1350,462,1314,282,1206,276,0.912,8304,0,"[0.9924933910369873, 0.5226821899414062, 0.61468505859375, -0.9212591052055359, -0.49867984652519226, -0.19166606664657593, -1.3863892555236816, -0.2501782774925232, -0.8165031671524048, -0.6128667593002319, -0.4990062713623047, 0.9869071841239929, 0.324862539768219, 0.10145863890647888, -1.491646647453308, 0.6601227521896362, -0.5107929706573486, -1.603021264076233, -0.9725854396820068, 0.8810535669326782, -1.4746036529541016, 1.2693322896957397, 0.05529925227165222, 0.38810089230537415, -0.27045542001724243, 1.2257896661758423, -1.6877171993255615, 2.108139991760254, 0.6766643524169922, -1.0420953035354614, -0.37018853425979614, -0.2081780582666397, -0.5562562942504883, -0.4355849325656891, 0.22763146460056305, 1.0431863069534302, 1.3275601863861084, 0.3472883999347687, 0.9900631308555603, 1.7115579843521118, 0.407188355922699, 0.4121847450733185, -0.8384740352630615, -0.08589506894350052, 0.0005257390439510345, 0.08423072099685669, -0.7921518087387085, 1.1386874914169312, 0.05983251333236694, -1.472761631011963, 1.0490158796310425, -0.6306778192520142, 0.4135701060295105, -0.9422353506088257, -0.6798439621925354, 0.751096248626709, 0.044418223202228546, 0.4263835847377777, 0.7791299819946289, 0.5767802000045776, 0.7318100929260254, -0.564363420009613, -2.1613705158233643, 0.49893659353256226, -1.1567909717559814, 1.5510261058807373, 1.5501207113265991, 0.020625267177820206, 2.105647087097168, -0.0885559618473053, -0.28249391913414, 1.7153054475784302, -0.3225373327732086, 1.0853360891342163, 0.21955059468746185, 0.5394548177719116, 0.41274991631507874, 1.5712170600891113, 0.8839012980461121, -0.36354923248291016, -0.9419823884963989, -1.0588774681091309, 0.08680588752031326, 0.46997711062431335, -1.1543182134628296, -2.2393529415130615, 0.8121262192726135, -1.4644088745117188, 0.21717089414596558, -0.036608170717954636, 0.02797476202249527, -2.2622969150543213, -0.8137840628623962, -1.1674631834030151, 1.104684829711914, -0.39512330293655396, 1.4039533138275146, -0.27818015217781067, 0.16770535707473755, -0.6324260234832764, 0.6094673275947571, 0.06999845057725906, -2.4748196601867676, 0.6522443890571594, -1.3403795957565308, 1.3004751205444336, 1.2863749265670776, -2.6729023456573486, -0.36518624424934387, 0.6052433252334595, 1.2135080099105835, 1.5168262720108032, 0.8545876741409302, -0.6736707091331482, 1.2646702527999878, 2.502838611602783, -0.6071887016296387, -0.43718332052230835, -1.1921029090881348, -0.5670680999755859, 0.5654950141906738, -0.43281033635139465, 0.07080251723527908, -0.7368212938308716, 0.3595249056816101, -1.1152030229568481, 0.9465335011482239, -0.6737080812454224]",yunet,Facenet,1920,1080,/home/amos/media/tv/modern_family/Modern.Family.S09.1080p.DSNP.WEB-DL.DDP5.1.H.264-CRFW/Modern.Family.S09E17.Royal.Visit.1080p.DSNP.WEB-DL.DDP5.1.H.264-CRFW.mkv,Modern Family,2009,1442437,9,17,Ty Burrell,15232.0,0.755
265,510,306,708,570,684,390,630,396,0.902,8304,1,"[0.4320116341114044, 0.9105774164199829, -0.8158235549926758, 0.26358065009117126, 1.0166940689086914, -1.1320325136184692, -0.26719576120376587, 0.3710898756980896, -0.9334242939949036, 0.058206845074892044, 0.7677616477012634, -0.164692223072052, -0.06708551198244095, -0.11293679475784302, 0.3250226378440857, -1.2222706079483032, -0.28769418597221375, -0.3034895658493042, -0.7208640575408936, 0.1767875850200653, -0.0006421729922294617, -0.33554333448410034, 0.5913692116737366, -0.05192504823207855, -0.4769364595413208, 1.0896795988082886, -0.4964235723018646, -1.3548011779785156, 0.25528770685195923, -1.515489101409912, 0.9056096076965332, -0.6708932518959045, -0.5608552694320679, -0.5193257927894592, 0.77341228723526, 0.6587827801704407, 1.6028600931167603, 0.9055177569389343, 1.365354061126709, 0.7935924530029297, -1.1704609394073486, 1.925958514213562, 2.196568250656128, -0.4080687463283539, -1.2022666931152344, 0.4091193377971649, -0.24618564546108246, -0.24964573979377747, 1.704431414604187, -0.6377967596054077, -0.1782575100660324, -1.5584073066711426, 0.5196084380149841, 0.38475894927978516, -1.4648730754852295, 0.9166201949119568, 0.40733516216278076, 0.8227943181991577, 0.020625010132789612, 1.1306029558181763, -1.3330477476119995, -0.04479381814599037, -2.151672124862671, 0.2998201549053192, -0.1306249499320984, -0.34414106607437134, -0.41182464361190796, -0.8597713708877563, 1.1080238819122314, 1.8008794784545898, 1.1031275987625122, 1.8399409055709839, -1.4698272943496704, 0.814678430557251, 0.3297868072986603, -0.6385195851325989, 1.136154055595398, 0.9098073244094849, -1.4477676153182983, -0.31076204776763916, -0.12501740455627441, -0.9451768398284912, 1.2465813159942627, -0.6875495910644531, -0.8790432214736938, 0.5712331533432007, 0.48991915583610535, -1.2154229879379272, -1.2667633295059204, -0.32206448912620544, -0.07904482632875443, -0.16177064180374146, -1.8460835218429565, -1.4295676946640015, -0.6045823693275452, 0.47269052267074585, -0.985615074634552, -0.897368311882019, 1.5994079113006592, -0.9050809741020203, -1.7423912286758423, -1.126067876815796, 0.5858418941497803, 0.18945904076099396, 1.5914226770401, -0.6467823386192322, 1.8740290403366089, -1.4475693702697754, 0.010330330580472946, -0.5791428089141846, 1.889540195465088, -1.3773701190948486, -0.9544271230697632, 1.6929638385772705, 0.8644979596138, 1.1471360921859741, 0.20572429895401, 1.2274876832962036, 0.7782564759254456, 1.0553576946258545, 0.6104943156242371, -2.746232032775879, -0.8287433981895447, 0.7531318068504333, -2.3607988357543945, -0.8395950794219971, -0.5250726938247681, 0.08638592064380646]",yunet,Facenet,1920,1080,/home/amos/media/tv/modern_family/Modern.Family.S09.1080p.DSNP.WEB-DL.DDP5.1.H.264-CRFW/Modern.Family.S09E17.Royal.Visit.1080p.DSNP.WEB-DL.DDP5.1.H.264-CRFW.mkv,Modern Family,2009,1442437,9,17,,,
266,336,300,528,576,510,396,462,396,0.912,8328,0,"[-0.757807731628418, 0.1994355320930481, -0.060765236616134644, 1.0625967979431152, 0.48739179968833923, -1.4044075012207031, -0.38926374912261963, 0.7942058444023132, -1.536185622215271, -0.3547093868255615, 0.276980996131897, 0.1569232940673828, 0.20045344531536102, -0.31052935123443604, -0.07511775195598602, -1.9197241067886353, 0.24847108125686646, -1.7123297452926636, -1.6585493087768555, 0.5342674255371094, 1.1707462072372437, -0.30490902066230774, 0.22836646437644958, -1.0115503072738647, -1.4153026342391968, -0.6330397129058838, -0.567219614982605, -0.04095008969306946, 0.8825868368148804, -2.0668013095855713, 0.2576666474342346, -0.7912381291389465, 0.028024818748235703, -1.557551622390747, 0.9500697255134583, -0.17822466790676117, -0.09487628936767578, -0.07078395038843155, 1.1453213691711426, -0.9856579303741455, -1.894736409187317, 2.1252939701080322, 1.5389620065689087, -0.97965407371521, -1.198400616645813, 0.9158456921577454, -0.20256060361862183, -0.26716262102127075, -1.1422874927520752, 0.02042108215391636, 0.9673875570297241, -0.4701099395751953, 1.0743509531021118, -0.713823139667511, -0.6026203632354736, 1.0228235721588135, 0.22897471487522125, 0.4071178734302521, -0.8025749921798706, 0.4464608132839203, -0.8071309924125671, -0.6486031413078308, -1.0072801113128662, -0.009929154068231583, -1.1291834115982056, -1.2148914337158203, -0.2872646450996399, -0.7116812467575073, 0.14710810780525208, 0.5464682579040527, 0.3386794626712799, 1.101788878440857, -3.1653521060943604, -0.44756120443344116, 0.7024996876716614, 1.0162402391433716, 1.161568284034729, 1.2844946384429932, -0.6971410512924194, -0.7814550995826721, 0.7022303342819214, 0.6443475484848022, 0.5317441821098328, -1.3311831951141357, -0.6604124307632446, -0.23156540095806122, 1.0177240371704102, -1.1447499990463257, -1.8836896419525146, -1.7247015237808228, -0.8935359120368958, -0.1271085888147354, -0.8284716010093689, 0.8727852702140808, 0.40410348773002625, -0.9031052589416504, -0.5619661808013916, -0.7653915882110596, 2.4372243881225586, -0.35687071084976196, -0.9002622365951538, -0.8365185856819153, 1.1104706525802612, 1.282143235206604, 1.1777560710906982, -1.2686421871185303, 1.7594090700149536, -1.1064196825027466, -0.5578031539916992, 0.09365270286798477, 1.7204279899597168, -1.2696698904037476, -0.5237618684768677, 1.7104682922363281, -0.8088924884796143, 1.2709622383117676, 0.3425966501235962, 2.1060807704925537, -1.3507657051086426, 0.7835285067558289, -0.16250471770763397, -1.1015421152114868, -0.6848315000534058, 0.8329504132270813, -1.2691222429275513, 0.5210944414138794, -2.0881762504577637, 0.31901225447654724]",yunet,Facenet,1920,1080,/home/amos/media/tv/modern_family/Modern.Family.S09.1080p.DSNP.WEB-DL.DDP5.1.H.264-CRFW/Modern.Family.S09E17.Royal.Visit.1080p.DSNP.WEB-DL.DDP5.1.H.264-CRFW.mkv,Modern Family,2009,1442437,9,17,Julie Bowen,31171.0,0.573
267,972,126,1200,450,1188,246,1104,240,0.909,8328,1,"[0.24513831734657288, 1.0567095279693604, 0.39537790417671204, 0.0010456517338752747, -1.1905118227005005, -0.13642942905426025, -1.5216310024261475, 0.3609691262245178, -0.6528292894363403, -0.6635149717330933, -0.37094658613204956, 1.5777735710144043, 0.08846591413021088, 0.423119455575943, -1.5315066576004028, 0.44607919454574585, 0.34312036633491516, -1.0301564931869507, -0.7830511927604675, 0.9308381080627441, -2.1767184734344482, 1.6212304830551147, -0.19806459546089172, -0.06978795677423477, -0.6056577563285828, 0.6694906949996948, -2.5900282859802246, 2.2689170837402344, 0.5224417448043823, -2.2271206378936768, -0.19839027523994446, -1.3450639247894287, -0.9503793716430664, -0.6469612717628479, 0.7217034697532654, 1.1203603744506836, 1.4594985246658325, -0.03934667259454727, 1.098538875579834, 1.3861477375030518, -0.464676171541214, 1.5683226585388184, -0.6022183895111084, -0.053292471915483475, 0.27711689472198486, 0.031178999692201614, 0.3465399742126465, 0.5585857629776001, -0.45227277278900146, -0.07233603298664093, 0.13683456182479858, -0.2220987230539322, -0.6445661187171936, -0.45533615350723267, -0.7228479981422424, 0.47989481687545776, 1.0263292789459229, 1.2989743947982788, -0.07020757347345352, 0.1548803150653839, 1.641442894935608, -0.9239221811294556, -0.5544961094856262, 0.1682419776916504, -0.8843502402305603, 2.4043567180633545, 1.1752512454986572, 1.2211616039276123, 1.4937928915023804, -0.6147429943084717, -0.6140377521514893, 1.4713324308395386, -0.6786961555480957, 0.6694881319999695, 1.2864983081817627, 1.0934810638427734, 0.031444042921066284, 1.3702354431152344, 1.2226512432098389, 0.46833181381225586, -0.802074670791626, -1.0224452018737793, 0.25269362330436707, 0.036842383444309235, -1.8325973749160767, -1.166590929031372, 0.32841256260871887, -0.19229836761951447, -0.012502387166023254, 0.4431857466697693, 0.21114331483840942, -2.486503839492798, -0.09360723197460175, -1.0223972797393799, 0.5556367039680481, -0.2384423166513443, 0.032629046589136124, 0.3225286602973938, 0.38194599747657776, -0.06747578829526901, 0.2626752257347107, 1.3282291889190674, -2.145261287689209, 0.41818082332611084, -0.18187662959098816, 0.4880257248878479, 0.21876466274261475, -1.371659517288208, -0.5909988284111023, 0.10699611902236938, 1.2431646585464478, 1.709755778312683, 1.166387915611267, -0.022716514766216278, 0.16878452897071838, 2.0950264930725098, -0.8728023767471313, -0.6976345777511597, -0.3269847631454468, -0.4221262037754059, -0.9408786296844482, -0.43464550375938416, -0.22153998911380768, -1.0889650583267212, 1.1159439086914062, -1.4461115598678589, 0.5109730362892151, -1.0123463869094849]",yunet,Facenet,1920,1080,/home/amos/media/tv/modern_family/Modern.Family.S09.1080p.DSNP.WEB-DL.DDP5.1.H.264-CRFW/Modern.Family.S09E17.Royal.Visit.1080p.DSNP.WEB-DL.DDP5.1.H.264-CRFW.mkv,Modern Family,2009,1442437,9,17,Ty Burrell,15232.0,0.771
268,1128,108,1380,456,1344,240,1254,234,0.924,8352,0,"[0.5935176610946655, 1.3327564001083374, 1.0631518363952637, -0.8512996435165405, -0.6978889107704163, -0.180668443441391, -0.9572669863700867, -0.2107771784067154, -0.6639938950538635, -0.2518952488899231, 0.5289404988288879, 1.476454257965088, -0.4610973000526428, -1.0490431785583496, -1.8841018676757812, 0.2731848359107971, -0.18967324495315552, -0.9612904787063599, -0.3315819501876831, 1.0957889556884766, -0.6122658252716064, 0.4938046634197235, -0.18851494789123535, 0.2707141935825348, -1.0236822366714478, 0.38221365213394165, -2.230928659439087, 2.1043782234191895, 0.6728782057762146, -1.2243173122406006, -0.6702067852020264, -0.9975448250770569, -0.880544126033783, -0.26983046531677246, 0.10482777655124664, 0.7217095494270325, 0.7866303324699402, 0.42687302827835083, 1.4572815895080566, 0.7599248886108398, 0.14293557405471802, 0.8684784770011902, -1.8841826915740967, 0.21953165531158447, -0.3785765469074249, -0.16021113097667694, 0.8854324221611023, 1.1051920652389526, -1.3629213571548462, -1.5271217823028564, 0.3136228322982788, 0.27053752541542053, -0.32889509201049805, -0.42593973875045776, -0.8485210537910461, 1.4779202938079834, 1.9992533922195435, 1.0676637887954712, 0.37778225541114807, 0.5991612672805786, 1.7324192523956299, -1.0756157636642456, -1.2103720903396606, 0.09585347771644592, 0.11429300904273987, 2.125761032104492, 1.9637656211853027, 0.8258835077285767, 1.1066513061523438, -0.24088069796562195, -1.0342203378677368, 1.2263262271881104, -1.3388996124267578, 1.6956478357315063, 0.8052496314048767, 1.6718217134475708, 0.04610539972782135, 1.652923583984375, 0.260884553194046, -0.1665542721748352, -1.0506784915924072, -1.610404133796692, 0.3103174865245819, -0.17262668907642365, -0.9637942314147949, -0.973555326461792, 1.1036421060562134, -0.6731507182121277, -0.06141335517168045, 0.40966176986694336, -0.39780721068382263, -2.128735065460205, 0.49603918194770813, -0.9082880020141602, 1.111109972000122, -1.042073369026184, 0.5158942937850952, -1.3705390691757202, 0.4988930821418762, -0.6754546761512756, -0.5373967885971069, 0.8252525925636292, -2.281024932861328, 0.23412494361400604, -0.27045968174934387, 1.2806309461593628, 0.09201012551784515, -1.309510588645935, 0.5961337089538574, 0.692505955696106, 0.7125683426856995, 1.3725165128707886, 0.30629265308380127, -0.21454255282878876, 0.010154886171221733, 2.893864154815674, -1.405680537223816, -0.5370540022850037, -0.6203703880310059, -0.05817873403429985, -0.8179546594619751, 0.8872231245040894, -0.6883352994918823, -0.9582831859588623, 1.4840188026428223, -1.072526454925537, 0.24123825132846832, -1.5738352537155151]",yunet,Facenet,1920,1080,/home/amos/media/tv/modern_family/Modern.Family.S09.1080p.DSNP.WEB-DL.DDP5.1.H.264-CRFW/Modern.Family.S09E17.Royal.Visit.1080p.DSNP.WEB-DL.DDP5.1.H.264-CRFW.mkv,Modern Family,2009,1442437,9,17,Ty Burrell,15232.0,0.689
269,468,354,684,642,654,444,588,456,0.904,8352,1,"[0.6777075529098511, 0.5345901250839233, -1.0863244533538818, 0.422341912984848, 0.5074545741081238, -0.8909373879432678, -1.12196946144104, 1.7089358568191528, 0.018853317946195602, -0.6292076110839844, 1.3766800165176392, 0.4424261748790741, -0.893323540687561, -0.6029527187347412, -0.4152442514896393, -0.8007059097290039, 0.09480887651443481, 0.40564262866973877, -1.5679571628570557, 0.005028267856687307, 0.6593155860900879, 0.062345340847969055, 0.6527637839317322, -0.44223010540008545, 0.7051640152931213, 0.887205183506012, -1.5905274152755737, -0.06270211935043335, 0.6459004878997803, -3.546342134475708, 0.001052364706993103, -0.3269957900047302, -1.0781712532043457, -0.5408291816711426, 1.25655996799469, 0.37122952938079834, -0.34690365195274353, 0.8396561741828918, 0.5681803226470947, -0.15753313899040222, -1.5713850259780884, 1.7722296714782715, 2.6731479167938232, -1.1037384271621704, -1.2986055612564087, 0.5194278955459595, -0.2724878489971161, -0.7962348461151123, -0.1879366636276245, -0.06958355009555817, 0.9481860399246216, -2.0410828590393066, 0.7893420457839966, 0.10311377048492432, 0.6553509831428528, -0.009148401208221912, 0.48680493235588074, 0.052038293331861496, -0.9302220344543457, -0.038073036819696426, -0.2592843174934387, -0.4036271572113037, -0.6289892196655273, -0.13774293661117554, -0.012357071042060852, -0.4008808732032776, -1.1615878343582153, -0.6148456931114197, 0.16133135557174683, 0.8015931844711304, 0.726646900177002, 1.420824408531189, -3.0186727046966553, 0.5498042702674866, 1.0338470935821533, -0.2253623604774475, 0.9443473815917969, 2.1842658519744873, 0.14527952671051025, 0.30002522468566895, 0.5624220967292786, -0.6011275053024292, 0.7303627133369446, -1.863997459411621, -0.9726413488388062, 0.39182135462760925, -0.008617546409368515, -1.0333483219146729, -0.33382678031921387, -0.9717015027999878, 0.5994569063186646, -1.24591863155365, -1.3786530494689941, -0.2608018219470978, 0.37072548270225525, -0.7591461539268494, -0.7599006295204163, -0.02269323356449604, 1.9446401596069336, -0.9545096158981323, -1.0939334630966187, -1.3180124759674072, 0.7108458280563354, 1.2563270330429077, 1.3937604427337646, -0.6190077066421509, 1.737137794494629, -0.9883393049240112, -1.1085740327835083, 0.6726234555244446, 2.269832134246826, -0.37908047437667847, -0.12421752512454987, 1.0952367782592773, -0.07260823994874954, 0.5372240543365479, -0.1152932196855545, 1.2178945541381836, 0.5579238533973694, -0.5628167986869812, -0.5730223059654236, -1.1169453859329224, -0.23857329785823822, 1.1030166149139404, -1.3882471323013306, -0.37107065320014954, -2.0165863037109375, -0.33683907985687256]",yunet,Facenet,1920,1080,/home/amos/media/tv/modern_family/Modern.Family.S09.1080p.DSNP.WEB-DL.DDP5.1.H.264-CRFW/Modern.Family.S09E17.Royal.Visit.1080p.DSNP.WEB-DL.DDP5.1.H.264-CRFW.mkv,Modern Family,2009,1442437,9,17,Julie Bowen,31171.0,0.57
270,1290,168,1554,522,1524,306,1434,306,0.925,8376,0,"[-0.12802454829216003, 0.7912639379501343, 1.231888771057129, -0.34579241275787354, -0.8163982629776001, 0.03062056191265583, -1.1637787818908691, 1.0940971374511719, -0.7667992115020752, -0.4932590425014496, 0.3554581105709076, 0.908151388168335, -0.5194936394691467, 0.3781166672706604, -2.467712879180908, -0.05962835252285004, 0.31429237127304077, 0.16972710192203522, -1.1597530841827393, 1.419007420539856, -1.5912927389144897, 1.830814242362976, -0.7974769473075867, 0.5155097246170044, -0.5790466666221619, 0.8110078573226929, -2.250300407409668, 2.5156731605529785, 0.6269912123680115, -2.2821402549743652, 0.03593972325325012, -0.31235232949256897, 0.06885415315628052, -1.0348334312438965, 0.7896915674209595, 1.1023162603378296, 0.7368403077125549, -0.6038129925727844, 0.9171493053436279, 1.4778114557266235, -0.16806700825691223, -0.43199780583381653, -1.6511527299880981, -0.06103067845106125, 0.4297691881656647, -0.2112526297569275, 0.4512953758239746, 0.12504303455352783, 0.22709371149539948, -1.6420341730117798, 1.0465354919433594, -0.5755877494812012, 0.26070111989974976, -1.77792227268219, -0.1545659303665161, 1.0924781560897827, 1.3127944469451904, 0.49868297576904297, 0.7733144760131836, 0.22410404682159424, 1.3770073652267456, -0.6030850410461426, -1.1175713539123535, -0.0017646141350269318, 0.23234248161315918, 2.2850046157836914, 2.5872843265533447, 0.7506402730941772, 2.7680068016052246, -0.3676566779613495, -1.254178762435913, 1.153583288192749, -0.49526292085647583, 1.5107606649398804, 0.6905617117881775, 0.7903813719749451, 0.21541070938110352, 0.9242807030677795, 1.5411605834960938, 1.4372507333755493, -0.3427527844905853, -1.0474048852920532, 0.6860311031341553, -0.32199594378471375, -0.8139390349388123, -0.038771189749240875, -0.061911746859550476, 0.17866866290569305, 0.7207729816436768, 2.056710958480835, 0.09006965160369873, -1.0078680515289307, -1.6858458518981934, -0.41223782300949097, 0.35440465807914734, -0.9157806634902954, 1.0053473711013794, -0.6562026143074036, 1.5356619358062744, 0.2365751713514328, -0.7890849113464355, 0.7627670764923096, -2.1407527923583984, 0.5939763188362122, -0.7332925200462341, 0.9430640339851379, 1.0914684534072876, -0.6752530336380005, 0.11996029317378998, -0.06842911243438721, 0.6306477785110474, 1.9364665746688843, 0.4036507308483124, -0.07825787365436554, 0.8791766166687012, 2.1334638595581055, 0.6643764972686768, -0.454437255859375, 0.4740733504295349, -0.7828536629676819, -0.4028785824775696, 0.5959100723266602, -1.5589598417282104, -1.1729546785354614, 0.5534154772758484, -0.7761860489845276, 0.06281665712594986, -1.9296461343765259]",yunet,Facenet,1920,1080,/home/amos/media/tv/modern_family/Modern.Family.S09.1080p.DSNP.WEB-DL.DDP5.1.H.264-CRFW/Modern.Family.S09E17.Royal.Visit.1080p.DSNP.WEB-DL.DDP5.1.H.264-CRFW.mkv,Modern Family,2009,1442437,9,17,Ty Burrell,15232.0,0.618
271,450,330,654,612,636,432,564,438,0.905,8376,1,"[-0.01677689701318741, -0.5801045894622803, 0.05078999698162079, -0.42320263385772705, 1.403320550918579, -0.7958011031150818, -1.2926626205444336, 1.450208067893982, -0.7361431121826172, -0.4045599699020386, 0.8457610011100769, 0.38979262113571167, -0.11039386689662933, -0.42075979709625244, 0.9703423976898193, -0.34003716707229614, -0.04064284265041351, -0.3553730845451355, -0.8539707064628601, 0.27347052097320557, 0.8568707704544067, -0.03200480714440346, 0.2577207386493683, -1.0535134077072144, -0.8611878156661987, 0.8232071995735168, -0.2143039107322693, -0.13404272496700287, -0.23799030482769012, -3.3485333919525146, -0.0008155182003974915, -0.09049011766910553, -0.1664951741695404, -0.5558956265449524, 1.5954935550689697, 1.3298180103302002, 0.12047310918569565, -0.5215490460395813, 1.164905309677124, 0.014326147735118866, -2.0656893253326416, 1.8795562982559204, 2.0585174560546875, -1.2308142185211182, -1.2860960960388184, 0.01973770186305046, -0.6017966866493225, -0.24595382809638977, -0.06477388739585876, -0.3549874424934387, 0.6575831174850464, -1.5006963014602661, -0.1672104299068451, 0.34717124700546265, 0.985495388507843, -0.3845672011375427, 0.4379195272922516, 0.7577654123306274, -0.32837483286857605, -0.09922510385513306, -0.32669904828071594, -0.7714214324951172, -0.7058445811271667, 0.6451660394668579, -0.42120981216430664, -0.6181102991104126, -0.5989229679107666, -0.7403374910354614, -0.014048263430595398, 1.19781494140625, -0.17115409672260284, 0.6406124830245972, -2.6535022258758545, 0.4139578342437744, 1.3275730609893799, 0.5841315984725952, 0.28734090924263, 1.5893551111221313, -0.8421448469161987, 0.21611027419567108, -0.5547563433647156, -0.08180568367242813, 0.3091326653957367, -0.5104461908340454, -0.5309118032455444, -0.8396995067596436, 0.7808315753936768, -0.7227162718772888, -0.9794635772705078, -1.3168907165527344, -0.6302735805511475, -0.4407663941383362, -1.5788602828979492, -1.0993043184280396, -0.029442787170410156, -0.5640507936477661, -1.6491211652755737, -0.986585259437561, 2.2682316303253174, -0.2610107362270355, -1.308630347251892, -1.560367465019226, -0.5822563767433167, 0.9272992610931396, 2.1488728523254395, -0.8318890333175659, 1.4842588901519775, -0.9349315166473389, 0.1198279857635498, 0.22533832490444183, 2.587380886077881, -1.8932774066925049, -0.4185170829296112, 1.357534408569336, 0.5153324007987976, 1.6051445007324219, 0.5279607772827148, 1.534682273864746, 0.2820495665073395, -0.112036794424057, -0.41460204124450684, -1.58547842502594, -0.50953608751297, 1.0131992101669312, -0.6243521571159363, -0.887741208076477, -1.6098281145095825, -0.056539349257946014]",yunet,Facenet,1920,1080,/home/amos/media/tv/modern_family/Modern.Family.S09.1080p.DSNP.WEB-DL.DDP5.1.H.264-CRFW/Modern.Family.S09E17.Royal.Visit.1080p.DSNP.WEB-DL.DDP5.1.H.264-CRFW.mkv,Modern Family,2009,1442437,9,17,Julie Bowen,31171.0,0.663
272,1350,168,1632,546,1602,318,1518,318,0.926,8400,0,"[-0.6992650032043457, 0.6463577747344971, 1.2625676393508911, -0.2054578810930252, -0.43478602170944214, -0.16005352139472961, -1.1694506406784058, 0.9943427443504333, -0.8810038566589355, -0.1528993397951126, 0.5869760513305664, 1.3828173875808716, -0.17835429310798645, -0.5279022455215454, -1.8071355819702148, 0.3646537661552429, -0.33367064595222473, 0.31082940101623535, -0.9442746639251709, 1.7005800008773804, -1.8694372177124023, 1.295012354850769, 0.09008599072694778, 0.6619800329208374, -1.3848156929016113, 1.2741907835006714, -1.6667449474334717, 2.24440336227417, 0.14533045887947083, -2.0373480319976807, -0.043755561113357544, -0.11773015558719635, 0.18832933902740479, -1.3416292667388916, 0.279595285654068, 0.6661805510520935, 1.4688135385513306, -0.3511081039905548, 0.862892210483551, 1.216037392616272, 0.24141241610050201, -0.4882836639881134, -1.0229111909866333, 0.6290441155433655, 0.4005530774593353, 0.3516223430633545, 0.11854878067970276, -0.23321565985679626, 0.13560102880001068, -1.4082036018371582, 1.4453333616256714, -0.6437373161315918, 0.593018114566803, -1.3778952360153198, -0.16831403970718384, 0.8269608020782471, 0.5305907726287842, 0.9588358402252197, 0.4263903498649597, -0.1982896625995636, 1.4175764322280884, -0.263240247964859, -2.040135622024536, 0.17736734449863434, -0.1429292857646942, 2.0362868309020996, 2.3974733352661133, 0.5518598556518555, 2.5654008388519287, -0.12458803504705429, -1.2698806524276733, 1.237197995185852, -0.419548898935318, 1.9873610734939575, 0.3421962857246399, 1.0718544721603394, -0.35119718313217163, 1.3799858093261719, 0.8940557241439819, 0.8927658200263977, -0.6569621562957764, -1.0209780931472778, 0.1546260118484497, -0.16362497210502625, -0.9491071701049805, -1.0774630308151245, 0.22454635798931122, 0.3633936047554016, -0.20216503739356995, 1.0662658214569092, -0.4604659378528595, -1.8058043718338013, -1.4620327949523926, -0.429415225982666, 0.46255388855934143, -1.527513861656189, 1.270127534866333, -0.353864461183548, 0.9611225724220276, -0.7579236030578613, -0.8571840524673462, 0.053562723100185394, -2.325758457183838, 0.43176352977752686, -1.1456358432769775, 1.1273521184921265, 1.5431660413742065, -1.4110422134399414, 0.16429869830608368, 0.8165773153305054, 0.4399265646934509, 2.4305477142333984, 0.8356543779373169, -0.5189838409423828, 0.4705844819545746, 3.0255300998687744, 0.02217329666018486, -1.4629871845245361, -0.29175883531570435, -0.6354495882987976, -0.5253282785415649, -0.30203405022621155, -0.8808637261390686, -0.5638136267662048, 0.7794738411903381, -1.5643750429153442, 0.5755701661109924, -0.8076685070991516]",yunet,Facenet,1920,1080,/home/amos/media/tv/modern_family/Modern.Family.S09.1080p.DSNP.WEB-DL.DDP5.1.H.264-CRFW/Modern.Family.S09E17.Royal.Visit.1080p.DSNP.WEB-DL.DDP5.1.H.264-CRFW.mkv,Modern Family,2009,1442437,9,17,Ty Burrell,15232.0,0.648
273,618,138,852,456,744,264,654,264,0.943,8424,0,"[0.37340784072875977, -1.969338297843933, -0.3560420274734497, -1.726370930671692, -0.16113689541816711, 1.3235310316085815, 0.1522016078233719, 0.8433354496955872, 0.3692556917667389, -1.055433988571167, -0.40008896589279175, -0.20236000418663025, -0.290711909532547, 0.42138704657554626, 0.36798644065856934, -0.7307530641555786, -0.14176835119724274, -0.7682149410247803, 1.6000769138336182, -1.465099811553955, 0.14360612630844116, -2.2541651725769043, 0.45468461513519287, -1.0392180681228638, 0.17271368205547333, -0.6083605289459229, 1.1640260219573975, -1.8041207790374756, -0.24972094595432281, -0.21083573997020721, -0.6024588346481323, 1.1437047719955444, 0.49918392300605774, -0.5021931529045105, -1.0947004556655884, 0.7543797492980957, -0.18724313378334045, 0.977291464805603, 1.11406672000885, -0.7888177633285522, 1.805564045906067, 1.6500509977340698, -1.6754889488220215, -1.764997124671936, 0.273551881313324, -1.1087976694107056, -0.25654831528663635, 1.6959198713302612, 0.7422494292259216, -0.6869220733642578, -0.43821340799331665, 0.5602440237998962, -0.2688899040222168, 1.140352725982666, 1.0769327878952026, -1.1381916999816895, 0.33211633563041687, 1.9221521615982056, -0.6647623181343079, 0.12709304690361023, 0.1593424379825592, -2.204922676086426, 0.6401819586753845, 1.2687238454818726, 1.2169129848480225, -0.2034560889005661, 0.5067085027694702, 0.2721377909183502, -0.45609530806541443, 0.3113049268722534, -0.7393847703933716, 2.042895793914795, -2.239020824432373, 1.484167218208313, -0.6941967606544495, -1.5626392364501953, -1.9810446500778198, 0.89256352186203, -0.1458645462989807, 0.01818661391735077, -2.4526233673095703, 0.405475914478302, 1.3111463785171509, -1.5181835889816284, -1.6810083389282227, 0.551389217376709, 1.276118516921997, -1.4747672080993652, -1.9651738405227661, -1.0089211463928223, 0.6703798174858093, 0.5474941730499268, -0.2059510350227356, 0.25641363859176636, -0.013557292520999908, 1.2727514505386353, -1.5356767177581787, -0.17532257735729218, -0.15701162815093994, 1.111221194267273, -1.3315449953079224, 0.3157941997051239, -0.18823710083961487, 0.6751747131347656, -0.3233393728733063, 0.44528084993362427, -1.9132181406021118, -0.4815433919429779, 0.16683468222618103, -0.07442287355661392, -2.014449119567871, -1.4086359739303589, 0.5046188831329346, -1.1747021675109863, -0.912571907043457, 1.044517159461975, -0.01847814954817295, -0.2729513645172119, -0.4836265742778778, -0.5426701903343201, -1.954467535018921, 1.2309459447860718, 1.2703094482421875, -0.31201058626174927, -0.6900071501731873, 0.8359837532043457, -0.8753862380981445, -0.9892776608467102]",yunet,Facenet,1920,1080,/home/amos/media/tv/modern_family/Modern.Family.S09.1080p.DSNP.WEB-DL.DDP5.1.H.264-CRFW/Modern.Family.S09E17.Royal.Visit.1080p.DSNP.WEB-DL.DDP5.1.H.264-CRFW.mkv,Modern Family,2009,1442437,9,17,Chris Geere,62879.0,0.728
274,1062,306,1248,546,1176,402,1086,396,0.935,8424,1,"[-1.409045934677124, 1.7604831457138062, -0.8769586682319641, 2.459235668182373, 0.44582873582839966, -1.5254251956939697, 0.5354140996932983, -1.4405429363250732, 1.436691164970398, 0.1069323867559433, 2.064919948577881, -1.9840123653411865, 1.2761917114257812, -0.4649733304977417, 0.15908975899219513, 1.1541032791137695, -0.8169525861740112, -0.9737395644187927, -3.49985671043396, 0.46371644735336304, -0.3819572627544403, 1.7450734376907349, 0.1772020161151886, 0.8103377819061279, 1.5444543361663818, 2.620959758758545, 2.6655189990997314, 0.535621166229248, 0.6250348687171936, 0.09574420005083084, 0.1926950365304947, 0.5099986791610718, -1.0495514869689941, -0.8815921545028687, 0.9465897679328918, 0.7527527213096619, -0.24921685457229614, -1.2682979106903076, 0.47250279784202576, -0.5050692558288574, 0.29086607694625854, -0.8036689162254333, 0.20407241582870483, -1.8065333366394043, 1.3245513439178467, -0.10381655395030975, 0.7158332467079163, -1.2675824165344238, 0.6014891266822815, 1.2183376550674438, 1.0074318647384644, 0.14541208744049072, 1.162367582321167, 0.6806054711341858, -1.5811947584152222, -1.0683189630508423, 2.1660985946655273, -0.6675633192062378, -0.5297068953514099, -0.808372974395752, -0.7650550603866577, -0.10304118692874908, 0.4461157023906708, -0.1683425009250641, 0.9717298746109009, -1.8800867795944214, 0.8271816372871399, -1.0802111625671387, -0.39303988218307495, -0.6872032880783081, 0.4967641234397888, 0.16915249824523926, -0.9136351346969604, 0.5255218148231506, -1.0163898468017578, -1.355145812034607, 1.1114013195037842, 0.9969792366027832, 0.9557814002037048, -1.5038334131240845, 0.4313909411430359, 0.457609623670578, 2.007535696029663, -0.2674981653690338, 0.22244372963905334, 1.964941382408142, 0.09643762558698654, 1.0819451808929443, -0.4813789129257202, -1.8226503133773804, 0.5145902037620544, 0.7416730523109436, 2.1876749992370605, 1.1764758825302124, 0.7813217639923096, 1.6531496047973633, -0.554516613483429, 1.302341341972351, -0.21472671627998352, -1.6462494134902954, -0.29337650537490845, 0.7818401455879211, 1.1099623441696167, -1.5079069137573242, -0.2525995671749115, 1.005411982536316, -0.9949654340744019, 3.0950355529785156, -0.40947121381759644, 0.14497195184230804, -0.6316735744476318, 0.8520107865333557, 1.4803125858306885, 0.30650025606155396, 0.7306579947471619, 1.431859016418457, 0.8919239044189453, -0.546777069568634, -0.5594199299812317, 0.918072521686554, 0.6342366933822632, -1.322478175163269, 1.5960582494735718, -1.384958267211914, 0.9147412180900574, 0.020796380937099457, 0.7289590835571289, -0.29364943504333496]",yunet,Facenet,1920,1080,/home/amos/media/tv/modern_family/Modern.Family.S09.1080p.DSNP.WEB-DL.DDP5.1.H.264-CRFW/Modern.Family.S09E17.Royal.Visit.1080p.DSNP.WEB-DL.DDP5.1.H.264-CRFW.mkv,Modern Family,2009,1442437,9,17,Jimmy Tatro,1304335.0,0.761
275,1386,450,1578,708,1458,540,1404,540,0.908,8424,2,"[0.08026110380887985, -0.8769673109054565, -0.5495673418045044, 2.458740711212158, 0.0583735927939415, 0.7712585926055908, 0.421723335981369, -2.0123186111450195, -0.8762956261634827, 2.8824198246002197, -1.6803697347640991, -0.943912923336029, -0.7453322410583496, 0.5507227182388306, -0.6736440658569336, -1.4206267595291138, -0.6961356401443481, -1.5270919799804688, -0.5909792184829712, 1.3120888471603394, 1.2027919292449951, -0.38108915090560913, 1.3274651765823364, 0.045933958142995834, 0.9373212456703186, 1.043546438217163, 0.6029431819915771, -0.8011326789855957, 1.047890067100525, 0.22360903024673462, 0.6917721033096313, -0.13408103585243225, -1.9022972583770752, -0.34649109840393066, 1.0058778524398804, -0.8655241131782532, -0.9657124876976013, -0.1349649727344513, 1.7185237407684326, -1.098557710647583, 0.813376247882843, 0.3766712248325348, -1.716718077659607, 0.20822972059249878, 1.929579257965088, 0.07522965967655182, -0.3649809658527374, 2.2340757846832275, -0.5670012831687927, 0.7838352918624878, -2.0994467735290527, 2.404878616333008, 0.3254058063030243, -0.422055721282959, -0.03920142725110054, 0.7525858283042908, 1.5409713983535767, -0.4993551969528198, 0.8741348385810852, -0.15744352340698242, 0.8277613520622253, -0.41186004877090454, 0.536406397819519, -1.276863932609558, -2.5562078952789307, 1.107117772102356, 0.1333547681570053, 0.5914431810379028, -0.5221807360649109, -0.4747757911682129, -1.6955949068069458, 0.3104581832885742, 0.29425159096717834, 0.020902715623378754, -1.3238918781280518, -1.2661744356155396, -0.5584239959716797, -1.3990981578826904, -0.20785513520240784, -0.5754714608192444, -0.24503165483474731, -1.486820936203003, 0.4005938172340393, 1.3423314094543457, 0.5198073387145996, -0.9949196577072144, -0.5271255970001221, 0.02654223144054413, 1.2730841636657715, -1.45230233669281, -1.1218323707580566, 0.5947656631469727, 0.7631039619445801, 2.344759702682495, 1.9204294681549072, -0.6717092394828796, 1.765977382659912, 0.5192394852638245, -0.9960211515426636, -1.0838645696640015, 1.34663987159729, 0.34400615096092224, -1.9619237184524536, -0.08970106393098831, 0.9534575343132019, 0.017637532204389572, 1.019892692565918, -0.27942365407943726, 0.1223202794790268, -0.2813296616077423, 0.4052926301956177, 0.7016489505767822, 1.6623173952102661, -0.7921279668807983, -0.4977024793624878, 1.0563470125198364, -1.5728645324707031, 0.5979687571525574, -0.7822909355163574, 0.5776932835578918, 1.0851478576660156, 0.7576494216918945, -0.36764782667160034, -0.835425615310669, 0.05184019356966019, -0.035906560719013214, 1.8542910814285278, -0.17413048446178436]",yunet,Facenet,1920,1080,/home/amos/media/tv/modern_family/Modern.Family.S09.1080p.DSNP.WEB-DL.DDP5.1.H.264-CRFW/Modern.Family.S09E17.Royal.Visit.1080p.DSNP.WEB-DL.DDP5.1.H.264-CRFW.mkv,Modern Family,2009,1442437,9,17,Sarah Hyland,91351.0,0.6
276,780,96,1020,444,918,228,816,216,0.931,8448,0,"[-0.13073645532131195, -1.978008508682251, -0.789052426815033, -0.5619975328445435, -0.41600725054740906, 1.1963502168655396, 0.4558985233306885, 1.0287017822265625, 0.3483663499355316, -0.44461706280708313, 0.14862662553787231, -1.1228909492492676, -0.19103482365608215, 0.7428882122039795, -0.08140839636325836, -0.9511255025863647, -0.13413114845752716, -1.0658494234085083, 0.4863736629486084, -1.2323352098464966, 0.16388553380966187, -1.7743134498596191, 0.6013997793197632, -1.742335557937622, 0.41348692774772644, -0.36324477195739746, 2.2905519008636475, -1.4569379091262817, -1.0781174898147583, -0.2891421616077423, -1.3008387088775635, 1.6119310855865479, -0.593813955783844, -0.5181196928024292, -0.2989414632320404, 0.2817753255367279, 0.30164071917533875, 0.6660047173500061, 1.5889856815338135, -1.473151683807373, 1.1048766374588013, 1.3920685052871704, -2.055488348007202, -2.1069846153259277, 0.10347049683332443, -1.6793341636657715, 0.4735333025455475, 0.9694951772689819, 0.6915315389633179, 0.0036375708878040314, -0.7119153141975403, 1.380226492881775, -0.1597878336906433, 0.5168642997741699, 1.0574373006820679, -0.9732886552810669, 1.3468620777130127, 2.225498914718628, -0.9603087902069092, -0.6111151576042175, 0.21875113248825073, -1.8072236776351929, 1.2058019638061523, 1.7704678773880005, 1.4271156787872314, 0.006047509610652924, 0.3516101539134979, 0.5441999435424805, -1.090395450592041, 0.09432815760374069, -0.463549941778183, 1.6591898202896118, -2.0289926528930664, 1.2691171169281006, -0.03243569657206535, -1.0851892232894897, -1.9459823369979858, 1.2064460515975952, -0.4803140461444855, -0.10567563772201538, -2.4714572429656982, 0.6906102895736694, 1.6960270404815674, -0.6207170486450195, -1.1483373641967773, 1.1010726690292358, 1.0518320798873901, -1.3395309448242188, -2.3377251625061035, -1.6080445051193237, 0.39416131377220154, 0.006975360214710236, -0.24109500646591187, 0.6861951351165771, 0.35264572501182556, 1.9193445444107056, -1.5654590129852295, 0.08427122980356216, 0.1112021654844284, 0.5369166135787964, -1.7399924993515015, 1.0026148557662964, -0.24467283487319946, -0.14826221764087677, 0.2239779233932495, 0.39812523126602173, -1.6386483907699585, 0.4723106324672699, 0.643784761428833, -0.22387799620628357, -1.4577257633209229, -1.4339375495910645, 0.9851783514022827, -0.5801926255226135, -1.1387929916381836, 1.7901103496551514, -0.10311607271432877, 0.005338899791240692, -1.2133716344833374, 0.046515073627233505, -1.5037014484405518, 0.8559447526931763, 0.9701922535896301, -0.6943923830986023, -1.0310484170913696, 0.8767983913421631, -1.046278715133667, -1.429255723953247]",yunet,Facenet,1920,1080,/home/amos/media/tv/modern_family/Modern.Family.S09.1080p.DSNP.WEB-DL.DDP5.1.H.264-CRFW/Modern.Family.S09E17.Royal.Visit.1080p.DSNP.WEB-DL.DDP5.1.H.264-CRFW.mkv,Modern Family,2009,1442437,9,17,Chris Geere,62879.0,0.784
277,1044,300,1242,546,1194,402,1098,402,0.922,8448,1,"[-0.5587906837463379, 2.1813857555389404, -2.101752519607544, 1.592857837677002, 0.437826007604599, -1.4116401672363281, -0.18655279278755188, -1.6294559240341187, 0.7517023086547852, -0.09894505143165588, 0.7576667666435242, -1.5857434272766113, 1.3295292854309082, -0.5669445991516113, 1.2890608310699463, 1.4144095182418823, -0.7878488302230835, -0.7733786702156067, -3.047029972076416, -0.2711312770843506, -0.5508793592453003, 2.1341910362243652, -0.2760912775993347, 0.8990458846092224, 1.6106520891189575, 2.4857864379882812, 2.3638076782226562, 1.1418696641921997, 0.958347737789154, 0.625002920627594, 0.6953843832015991, 1.2169795036315918, 0.11171197146177292, -0.5249179601669312, 0.9349104166030884, -0.07310952246189117, 0.05425611138343811, -1.7439738512039185, 0.2524380087852478, -0.035032495856285095, 0.3598279058933258, -0.2544277012348175, 0.39192819595336914, -1.8677639961242676, 1.5743162631988525, -0.39495643973350525, 0.5393027067184448, -0.6780250072479248, 1.086916446685791, 1.1993366479873657, 1.3031741380691528, -0.5058281421661377, 0.6619247198104858, 1.6081221103668213, -0.7718909382820129, -0.8503099083900452, 1.7860203981399536, -1.2917536497116089, -1.2058919668197632, -0.38081657886505127, -0.5437525510787964, -0.5093994140625, 0.328094482421875, 0.4393055737018585, 0.9251278638839722, -1.8172447681427002, 0.593416154384613, -0.8935474157333374, -0.11566272377967834, -1.280499815940857, 0.5076369643211365, 0.9901092052459717, -0.5866158604621887, 0.480032742023468, -0.7057522535324097, -1.7622032165527344, 1.2594388723373413, 0.5806756615638733, 1.5336990356445312, -1.4466290473937988, -0.5097629427909851, 1.71957528591156, 2.3684182167053223, 0.12814275920391083, 0.15993833541870117, 1.5189298391342163, 0.18422210216522217, 0.5995992422103882, 0.2125154733657837, -1.7141399383544922, 0.04791565239429474, 0.9084289073944092, 1.7862528562545776, 0.7975144982337952, 1.614989995956421, 1.138573169708252, -0.5660425424575806, 1.3232852220535278, -0.6338140368461609, -1.645342230796814, 0.5062977075576782, 0.4690287709236145, 0.31567251682281494, -0.44631344079971313, -0.2832396328449249, 0.46395933628082275, -1.5999526977539062, 2.78670334815979, -0.21249917149543762, 0.16775275766849518, -1.4199281930923462, 0.21137180924415588, 0.6189725399017334, 0.4310217499732971, 0.48718035221099854, 0.8820990324020386, 1.112426519393921, -0.44948357343673706, -0.038129061460494995, 0.328241229057312, 1.1824922561645508, -0.4138401746749878, 2.3380143642425537, -1.3777358531951904, 0.6764934659004211, 0.04861397296190262, 0.22287499904632568, -0.2736493647098541]",yunet,Facenet,1920,1080,/home/amos/media/tv/modern_family/Modern.Family.S09.1080p.DSNP.WEB-DL.DDP5.1.H.264-CRFW/Modern.Family.S09E17.Royal.Visit.1080p.DSNP.WEB-DL.DDP5.1.H.264-CRFW.mkv,Modern Family,2009,1442437,9,17,Jimmy Tatro,1304335.0,0.788
278,696,168,930,510,852,306,732,306,0.936,8472,0,"[-0.2232341468334198, -1.563575267791748, -0.6702842116355896, -0.4429324269294739, -0.6497732400894165, 1.1128226518630981, 1.0022317171096802, 0.5509673357009888, -0.0540974922478199, -0.41829198598861694, 0.5670809149742126, -1.0769015550613403, -1.3099260330200195, 0.2677973508834839, -0.23741114139556885, -1.0319973230361938, -0.909683346748352, -0.5526522994041443, 0.063834547996521, -1.0335400104522705, 0.30276694893836975, -1.6647436618804932, 0.13072210550308228, -2.1913843154907227, -0.34169867634773254, 0.1197480708360672, 1.5349076986312866, -1.7842106819152832, -1.1658015251159668, -0.019828660413622856, -0.7093939781188965, 1.715821385383606, -0.5519390106201172, -0.1923806518316269, -0.968594491481781, 0.6930397152900696, -0.8101323246955872, 0.6132670044898987, 1.1322195529937744, -1.6032828092575073, 0.9002798795700073, 1.7036027908325195, -1.6448255777359009, -1.8850610256195068, 0.7305843234062195, -1.5563033819198608, 0.4800187647342682, 2.061506986618042, 0.29014384746551514, 0.02995387092232704, -0.18725396692752838, 1.094287395477295, -0.16631492972373962, 0.4746857285499573, 1.0377238988876343, -0.709297239780426, 0.714554488658905, 2.2559151649475098, -1.2826708555221558, -0.5467215776443481, -0.18768516182899475, -1.521459698677063, 0.39975401759147644, 1.9734179973602295, 1.9807674884796143, -0.010682888329029083, -0.07800047844648361, 0.9313511252403259, -0.8172637224197388, 0.13762840628623962, -0.3769543170928955, 1.370078444480896, -1.8361819982528687, 1.5108766555786133, -0.32876768708229065, -0.630336344242096, -2.3508758544921875, 0.7999153137207031, -0.8668107390403748, 0.3025074601173401, -2.209667682647705, 0.17163467407226562, 0.8050025701522827, -0.5219156742095947, -0.5988542437553406, 0.4409004747867584, 0.8771383762359619, -0.5208703875541687, -1.7643791437149048, -1.6682863235473633, 0.23235882818698883, 0.7859543561935425, 0.9491056799888611, 1.6182639598846436, 0.21265959739685059, 1.424247145652771, -1.6960628032684326, 0.6362540125846863, 0.18238914012908936, 0.10980380326509476, -1.0836973190307617, -0.36277076601982117, -0.5050738453865051, -0.40421128273010254, 0.16891765594482422, -0.2687889039516449, -1.2960716485977173, 0.4483972191810608, 0.2953266501426697, -0.16879774630069733, -1.1694480180740356, -1.0989283323287964, 0.5255128145217896, 0.0031154081225395203, -0.9018709063529968, 2.349029302597046, -0.16063404083251953, 0.04551810026168823, -1.0682426691055298, 1.0543925762176514, -1.5975874662399292, 1.082655906677246, 0.606577455997467, 0.0737331211566925, -1.0663881301879883, 0.43051496148109436, -1.339402675628662, -0.9100174903869629]",yunet,Facenet,1920,1080,/home/amos/media/tv/modern_family/Modern.Family.S09.1080p.DSNP.WEB-DL.DDP5.1.H.264-CRFW/Modern.Family.S09E17.Royal.Visit.1080p.DSNP.WEB-DL.DDP5.1.H.264-CRFW.mkv,Modern Family,2009,1442437,9,17,Chris Geere,62879.0,0.789
279,1122,300,1320,552,1242,402,1158,402,0.924,8472,1,"[-1.412233829498291, 1.2548542022705078, -1.5691580772399902, 2.229546308517456, 1.026391863822937, -1.3668450117111206, 0.24686305224895477, -1.1241159439086914, 1.6989327669143677, 0.06748712062835693, 0.9420917630195618, -1.9457956552505493, 0.9488109946250916, -0.0995093584060669, -0.01416708528995514, 0.5254915952682495, -0.4359520375728607, -0.6759413480758667, -2.684415102005005, -0.6421067714691162, -1.0427660942077637, 1.9269232749938965, 0.013034805655479431, 0.42846542596817017, 1.553063154220581, 2.648838520050049, 2.27901029586792, 2.170354127883911e-05, 0.3772622346878052, 0.7560223340988159, 0.1990225613117218, 0.31530413031578064, -1.0139776468276978, -1.4526203870773315, 1.0588642358779907, 0.36287280917167664, 0.12352573126554489, -0.6315656900405884, 0.8710418343544006, -0.5008108615875244, 0.3667120933532715, -1.0535811185836792, -0.2554183900356293, -1.4023375511169434, 1.6248352527618408, -0.1834648847579956, 0.5989837646484375, -0.6581581830978394, 0.1424228399991989, 1.8128128051757812, 0.31405705213546753, 0.7874132990837097, 0.8122568130493164, 1.2397596836090088, -1.9505939483642578, -1.1922415494918823, 2.8581533432006836, -0.9574561715126038, -1.036148190498352, -0.934913158416748, -0.8356411457061768, -1.2327038049697876, 0.9898871183395386, -0.1650657206773758, 0.9249284267425537, -2.2434945106506348, 0.37469199299812317, -1.4552159309387207, -1.0987416505813599, -1.5213953256607056, 0.40137386322021484, 0.18314442038536072, -1.2483373880386353, -0.17604774236679077, -0.5215407013893127, -2.439664125442505, 1.0644614696502686, 0.7952051162719727, 1.002364993095398, -1.5064408779144287, 0.22618693113327026, 0.43818166851997375, 2.0371100902557373, -0.23690645396709442, -0.9632949829101562, 2.488253593444824, -0.20960502326488495, 1.0730838775634766, -0.3333777189254761, -1.5647352933883667, 0.45976200699806213, 0.33502838015556335, 1.6581273078918457, 0.27381449937820435, 0.982510507106781, 1.7851144075393677, -0.2386562079191208, 0.7402860522270203, -0.939239501953125, -1.6654202938079834, 0.05268918722867966, 1.4751558303833008, 1.2856677770614624, -1.4328632354736328, -0.2619464099407196, 0.9297414422035217, -1.5092105865478516, 2.056478261947632, 0.6370822191238403, -0.1897989958524704, -1.2352304458618164, 0.3959670662879944, 1.4293726682662964, 0.8313320279121399, 0.7387224435806274, -0.19719843566417694, 0.4225338101387024, -0.35985061526298523, -0.16102591156959534, 0.7199652791023254, -0.39649689197540283, -0.9901566505432129, 1.6808139085769653, -1.3584351539611816, 0.431485652923584, 0.6833257675170898, 0.946535587310791, -0.13353680074214935]",yunet,Facenet,1920,1080,/home/amos/media/tv/modern_family/Modern.Family.S09.1080p.DSNP.WEB-DL.DDP5.1.H.264-CRFW/Modern.Family.S09E17.Royal.Visit.1080p.DSNP.WEB-DL.DDP5.1.H.264-CRFW.mkv,Modern Family,2009,1442437,9,17,Jimmy Tatro,1304335.0,0.707
280,1206,306,1404,570,1332,402,1248,396,0.926,8496,0,"[-1.4758880138397217, 1.3748517036437988, -1.7396996021270752, 2.260833501815796, 1.6270806789398193, -0.9309019446372986, 0.3511044383049011, -1.7035834789276123, 1.8435639142990112, 0.20683719217777252, 1.023275375366211, -1.806193232536316, 1.212485671043396, -0.39281579852104187, 0.06804685294628143, 0.7273555397987366, -0.2414637804031372, -0.7192677855491638, -2.5051016807556152, 0.018696269020438194, -0.8332000970840454, 2.2566616535186768, -0.5717316269874573, 1.3068610429763794, 1.4463964700698853, 2.400513172149658, 2.211411476135254, -0.49383699893951416, 0.6585466861724854, 0.1907307654619217, 1.5837434530258179, -0.11904704570770264, -0.5305451154708862, -0.872270405292511, 1.0595046281814575, 0.4571361243724823, 0.36128702759742737, -0.4546027183532715, 1.2543869018554688, -0.46970441937446594, 0.4588587284088135, -0.597523033618927, -0.10361161828041077, -1.2198179960250854, 1.1018047332763672, -0.01925254613161087, 0.31156012415885925, -0.9349933862686157, 0.2800544500350952, 1.5945093631744385, -0.3083146810531616, 0.5134340524673462, 0.7802013754844666, 1.4167715311050415, -1.8196109533309937, -0.741840124130249, 3.0335888862609863, -1.7066973447799683, -0.8301112055778503, -1.071510910987854, -0.8226774334907532, -0.18225230276584625, 0.4564279615879059, -0.00825463980436325, 0.516636848449707, -1.6401113271713257, 0.8297828435897827, -1.5590717792510986, -0.6111314296722412, -1.3617967367172241, 0.2921454608440399, -0.11983447521924973, -1.5843712091445923, -0.2609124183654785, -0.8225486874580383, -1.9400625228881836, 0.6169236898422241, 0.04671739041805267, 0.7834967374801636, -1.2283999919891357, 0.6685468554496765, 0.2841159999370575, 2.177443742752075, 0.24438971281051636, -0.04063495993614197, 2.6551191806793213, 0.14219926297664642, 2.35252046585083, -0.38417598605155945, -1.0384865999221802, 0.15702199935913086, 0.31748414039611816, 1.557875394821167, 0.3924289047718048, 1.1148006916046143, 1.5136996507644653, -0.3115091323852539, 0.23185914754867554, -0.2395552694797516, -1.2157673835754395, -0.33784615993499756, 1.3428444862365723, 0.59247887134552, -1.385507583618164, 0.1994307041168213, 0.9695798754692078, -1.2554923295974731, 2.4331915378570557, 0.613926112651825, -0.9925379753112793, -0.9820016622543335, 0.06380949169397354, 1.0546374320983887, 0.6293826699256897, 0.08903463929891586, 0.10227455198764801, 0.0871572494506836, -0.11085830628871918, 0.22063672542572021, 0.6002950668334961, 0.13748551905155182, -0.8425353765487671, 1.7247376441955566, -1.7447330951690674, 1.056674599647522, -0.062277235090732574, 1.2615214586257935, -0.4277185797691345]",yunet,Facenet,1920,1080,/home/amos/media/tv/modern_family/Modern.Family.S09.1080p.DSNP.WEB-DL.DDP5.1.H.264-CRFW/Modern.Family.S09E17.Royal.Visit.1080p.DSNP.WEB-DL.DDP5.1.H.264-CRFW.mkv,Modern Family,2009,1442437,9,17,Jimmy Tatro,1304335.0,0.743
281,636,180,900,552,804,324,684,324,0.923,8496,1,"[0.043578993529081345, -1.624740719795227, -1.0325578451156616, -0.3348647952079773, 1.330031394958496, 1.2202644348144531, 0.9751853942871094, 0.17432136833667755, 0.5839824676513672, -0.1054736077785492, 1.3394449949264526, -0.9835945963859558, -1.289872169494629, 0.3566264510154724, -0.8165479898452759, -1.5542443990707397, -1.3855955600738525, -0.30555975437164307, -0.4875260591506958, -0.6993829011917114, -0.53659987449646, -0.6240290403366089, -0.20667731761932373, -2.2779035568237305, 0.3347998857498169, 0.29489681124687195, 1.1327365636825562, -2.2536282539367676, -0.4112897515296936, 0.4825234115123749, 1.1427892446517944, 0.8553860187530518, -0.16482770442962646, -1.5428972244262695, -0.8798895478248596, -0.1495017111301422, -0.3344461917877197, 1.557798147201538, 1.1941826343536377, -0.4278413951396942, 0.7747600674629211, 0.7007172107696533, -1.9402450323104858, -2.065958023071289, 0.8869446516036987, -2.764511823654175, -0.7733760476112366, 1.9794015884399414, 1.8328208923339844, -0.4631848633289337, -0.45846933126449585, 0.9802862405776978, 0.09901189059019089, -0.06416033953428268, 0.2875407040119171, -1.7336695194244385, 2.140395164489746, 1.1607849597930908, -0.4614592492580414, -0.7339611649513245, 0.36052560806274414, -1.8785756826400757, 1.1372562646865845, 0.9397093057632446, 0.6496312618255615, 0.24027010798454285, 0.3123968243598938, 1.1197466850280762, -0.9346426129341125, -0.18084177374839783, -1.7939928770065308, 0.363396555185318, -2.4596681594848633, 0.6305269598960876, -0.1875101625919342, -1.356149673461914, -1.4349979162216187, 1.1242880821228027, -1.0834635496139526, 0.8812638521194458, -2.0525288581848145, 0.5820460319519043, 0.20743301510810852, -0.443264901638031, -2.2457401752471924, 2.0025155544281006, -0.8266547918319702, 0.20493803918361664, -1.1494446992874146, -0.7711600065231323, 0.8668479323387146, 0.07573559880256653, 0.6608551740646362, 0.4696812629699707, 0.4238273799419403, 1.0143327713012695, -1.4842256307601929, 0.02984178252518177, 0.6922003030776978, -0.24646256864070892, -1.443873643875122, -0.7601351737976074, -0.12441149353981018, -0.582535982131958, 0.8338199853897095, 0.7256539463996887, -0.9156290292739868, 0.0007707700133323669, 0.9174602627754211, -0.16995888948440552, -1.0362985134124756, -1.1060470342636108, 0.07393994927406311, -0.4336773753166199, 0.2626895308494568, 1.491612434387207, -1.249672293663025, -0.7133543491363525, -0.500188410282135, 1.356152057647705, -2.1650564670562744, 1.0414886474609375, -0.24003823101520538, -0.6012598276138306, -0.6343850493431091, 0.580105721950531, -1.6124013662338257, -0.9045600891113281]",yunet,Facenet,1920,1080,/home/amos/media/tv/modern_family/Modern.Family.S09.1080p.DSNP.WEB-DL.DDP5.1.H.264-CRFW/Modern.Family.S09E17.Royal.Visit.1080p.DSNP.WEB-DL.DDP5.1.H.264-CRFW.mkv,Modern Family,2009,1442437,9,17,Chris Geere,62879.0,0.608
282,678,282,942,624,828,414,714,420,0.928,8520,0,"[-0.61566162109375, -1.9688160419464111, -0.24426472187042236, -2.350512981414795, 1.0643794536590576, 0.9666404128074646, 0.6235648989677429, -0.21117925643920898, 0.8253278136253357, -0.678094208240509, 1.3430713415145874, -0.17509374022483826, -1.232255220413208, 0.05991141498088837, 0.41834384202957153, -0.3903948664665222, -1.9152108430862427, 0.5464674234390259, -0.33502617478370667, -1.5354989767074585, 0.6360305547714233, -1.7183691263198853, -0.39080867171287537, -2.0151562690734863, -0.4019078016281128, -0.07706698030233383, 1.530160903930664, -2.3430309295654297, -1.5803369283676147, 0.5090145468711853, 0.3109559416770935, 2.364469289779663, 0.0057267677038908005, -0.6202009916305542, -1.0608779191970825, -0.43178683519363403, -0.25654301047325134, 0.8113937973976135, 1.166780710220337, -0.19543755054473877, 1.5126036405563354, -0.1231599822640419, -1.4456381797790527, -2.352245330810547, 0.03465113043785095, -2.453916549682617, -0.6933282017707825, 0.5850111246109009, 2.1515917778015137, -0.5046074390411377, -1.418566107749939, 0.3592865467071533, 0.29311805963516235, -0.15931130945682526, 1.726716160774231, -2.2178852558135986, -0.16115354001522064, 1.6633716821670532, -1.2011593580245972, -0.5003710985183716, 0.326229989528656, -2.315908193588257, 0.558673620223999, 1.4769046306610107, 0.8202337026596069, -0.05090925097465515, 0.45515525341033936, 1.31280517578125, 0.13999706506729126, 0.21290923655033112, -1.0576493740081787, 1.3806121349334717, -1.7130484580993652, 0.8605272173881531, -0.5327942967414856, -2.193830966949463, -1.6328954696655273, 0.48815715312957764, -1.4877464771270752, 0.4379173517227173, -2.697911500930786, -0.47411295771598816, -0.20853307843208313, 0.03256598114967346, -1.800606608390808, 1.3330961465835571, -0.7826203107833862, -1.0713368654251099, -1.790321707725525, -1.2519904375076294, 0.7550935745239258, -0.9878519177436829, 0.28458371758461, 0.16262277960777283, 0.8708247542381287, 0.8921228051185608, -2.043013572692871, 1.6867700815200806, 0.45632386207580566, -0.5078309178352356, -0.8557928204536438, -0.5663809180259705, -0.22587421536445618, -0.3618853986263275, 0.33833426237106323, 0.5252233147621155, -1.1666945219039917, -1.1258165836334229, -0.9241477251052856, 0.3968086540699005, -0.7375802397727966, -0.3868037462234497, 0.5483896732330322, -1.1994404792785645, -0.03621824085712433, 1.8118548393249512, -0.6095267534255981, -0.7447789311408997, -1.5498135089874268, 1.9882797002792358, -2.629819393157959, 1.0899571180343628, 1.5109307765960693, -0.36397334933280945, -1.9648525714874268, 0.6180094480514526, -1.5392189025878906, 0.9174572825431824]",yunet,Facenet,1920,1080,/home/amos/media/tv/modern_family/Modern.Family.S09.1080p.DSNP.WEB-DL.DDP5.1.H.264-CRFW/Modern.Family.S09E17.Royal.Visit.1080p.DSNP.WEB-DL.DDP5.1.H.264-CRFW.mkv,Modern Family,2009,1442437,9,17,Chris Geere,62879.0,0.598
283,1194,276,1398,534,1368,372,1278,372,0.92,8520,1,"[-1.9710735082626343, 0.0429958775639534, -1.0219427347183228, 0.883379340171814, 0.8563892841339111, -0.7150613069534302, 0.13077525794506073, -0.7377480268478394, -0.1459318995475769, 0.26538917422294617, 1.7307878732681274, -2.4181599617004395, 0.774420440196991, -0.20832206308841705, 0.5344740152359009, 0.31136924028396606, -1.6810038089752197, -0.5147057175636292, -1.9731662273406982, -0.821821928024292, -0.5501059293746948, 1.3197388648986816, -1.338057518005371, -0.852758526802063, 0.4908018708229065, 2.6540746688842773, 1.7942010164260864, -0.010735467076301575, -0.09174638986587524, -0.018363390117883682, 1.786169409751892, 1.2650346755981445, 1.332643985748291, -2.3195056915283203, -0.015311224386096, 1.095291018486023, 0.681766152381897, -0.8906187415122986, 0.7204493284225464, -0.7373307943344116, 1.1613492965698242, -0.048913098871707916, -0.7905560731887817, -2.317166566848755, 0.05785225331783295, -0.5901750326156616, 0.013398878276348114, 0.3743247985839844, 0.5883526802062988, 1.4426180124282837, -0.04860818386077881, 1.0808714628219604, 0.27022019028663635, 1.6658570766448975, 0.281730592250824, -1.1738801002502441, 1.7342579364776611, -0.8083492517471313, 0.046130817383527756, -1.3098820447921753, -0.15329352021217346, -1.897241473197937, 0.6815878748893738, 1.2241151332855225, 1.0623278617858887, -1.2183283567428589, 0.3042246103286743, -0.3314262628555298, -0.9456289410591125, 0.4106057584285736, -0.7373018860816956, -0.4660608768463135, -0.7778357863426208, -0.8471576571464539, 0.09273484349250793, -0.8409494161605835, -0.3487122058868408, 1.2267935276031494, -0.08819235861301422, 0.9798979759216309, -1.0219727754592896, 0.8183493614196777, 1.1261838674545288, 0.06558521836996078, 0.43384891748428345, 2.528088331222534, -2.0393850803375244, 2.565640687942505, -0.19017575681209564, -0.8467492461204529, 1.0535392761230469, 0.2781778872013092, 1.7046070098876953, 0.5120372772216797, 0.834230363368988, 1.4918261766433716, -1.1666109561920166, 1.1085004806518555, -0.011196020990610123, -2.194326877593994, -0.5680005550384521, 0.22077101469039917, 0.7646505832672119, -1.2712198495864868, 0.27809566259384155, 0.5996152758598328, -0.444875568151474, 3.395879030227661, 1.5243310928344727, 0.7957116365432739, -1.8963067531585693, -0.557431161403656, -0.044472500681877136, 1.0347447395324707, 0.41594627499580383, 0.2503735423088074, 1.0109261274337769, -1.938253402709961, -0.14139032363891602, 0.42550021409988403, 0.16134685277938843, -0.8831064701080322, 1.2716913223266602, -1.5246243476867676, 1.0400944948196411, -0.7895342111587524, 0.46047377586364746, 1.325492262840271]",yunet,Facenet,1920,1080,/home/amos/media/tv/modern_family/Modern.Family.S09.1080p.DSNP.WEB-DL.DDP5.1.H.264-CRFW/Modern.Family.S09E17.Royal.Visit.1080p.DSNP.WEB-DL.DDP5.1.H.264-CRFW.mkv,Modern Family,2009,1442437,9,17,Jimmy Tatro,1304335.0,0.664
284,378,120,582,384,486,234,408,234,0.927,8544,0,"[0.11746083199977875, -1.2089089155197144, -0.6851175427436829, -1.802489995956421, -0.19726136326789856, 1.346142053604126, 0.9499235153198242, -0.297823965549469, 0.32631486654281616, -0.26634058356285095, 0.9848006367683411, 0.006131908856332302, -1.6704684495925903, 0.012834124267101288, -0.5448970794677734, -0.7320259213447571, -1.1111663579940796, -0.5689234733581543, -0.15645362436771393, -2.489215135574341, 0.4628635346889496, -2.1052608489990234, -0.163723424077034, -2.8357789516448975, -0.17434562742710114, -0.14017325639724731, 1.2779090404510498, -2.079155921936035, -0.8836445212364197, 0.6638215184211731, -0.760362982749939, 2.4777750968933105, -0.29841792583465576, -0.21916693449020386, -0.20670537650585175, -0.231887549161911, -0.34824448823928833, 1.316375732421875, 1.344376802444458, -1.346868872642517, 1.5599100589752197, 1.5306302309036255, -2.414379835128784, -1.6739728450775146, -0.4362134039402008, -2.4688613414764404, -0.08583498001098633, 1.384659767150879, 0.8695396184921265, 0.2719266712665558, -0.6802234649658203, 0.23007576167583466, 0.720211386680603, 0.04587075114250183, 1.6973193883895874, -0.8606597185134888, 0.5339428782463074, 1.1745668649673462, -0.8900181651115417, -0.9075319170951843, -0.35936254262924194, -2.1595656871795654, -0.25257450342178345, 1.58651602268219, 1.6967785358428955, 0.2233673632144928, -0.6010839343070984, 1.7654380798339844, -0.1822723150253296, -0.18500684201717377, -1.0830200910568237, 1.8235960006713867, -2.2799599170684814, 0.8596562147140503, 0.19227811694145203, -0.7338265180587769, -1.6922024488449097, 0.9117228388786316, -0.8682944774627686, -0.6886313557624817, -2.472569465637207, -0.2858578860759735, -0.4716908633708954, -1.002244234085083, -0.5100915431976318, 0.2703218162059784, 0.4747382700443268, -0.8156945109367371, -2.051124334335327, -0.4216367304325104, -0.271145761013031, 0.03038145788013935, 0.6828938126564026, 0.1181860864162445, 1.068522334098816, 1.6618657112121582, -1.3360358476638794, 0.9986271262168884, 0.26866358518600464, -0.7187475562095642, -0.8802022337913513, -0.23119130730628967, -1.012212872505188, -1.0360881090164185, 0.5005891919136047, 0.9205057621002197, -0.9606040120124817, -0.4234498143196106, 0.03139297664165497, -0.27833065390586853, -0.46657800674438477, -0.1837683469057083, -0.26400187611579895, -0.8879140019416809, -0.7997632026672363, 2.7774696350097656, -0.5968629121780396, -0.5964400172233582, -1.0725371837615967, 1.799839973449707, -1.7484041452407837, 0.4336712658405304, 1.5600082874298096, 0.1489393413066864, -0.7910803556442261, 0.34112635254859924, -1.555481195449829, 0.15712200105190277]",yunet,Facenet,1920,1080,/home/amos/media/tv/modern_family/Modern.Family.S09.1080p.DSNP.WEB-DL.DDP5.1.H.264-CRFW/Modern.Family.S09E17.Royal.Visit.1080p.DSNP.WEB-DL.DDP5.1.H.264-CRFW.mkv,Modern Family,2009,1442437,9,17,Chris Geere,62879.0,0.723
285,1572,438,1710,618,1668,510,1602,510,0.908,8544,1,"[0.2708019018173218, -0.4701889753341675, 1.1812493801116943, -0.40793532133102417, 0.5493193864822388, 1.6780520677566528, 1.1805343627929688, -0.4781639575958252, 0.14235791563987732, 2.8625917434692383, -1.6956936120986938, 0.5688227415084839, -0.3137890100479126, 2.3348538875579834, -0.9919301271438599, 2.3869547843933105, -0.055597081780433655, -1.4482641220092773, -0.12011858820915222, -0.43129393458366394, -0.3988787829875946, 0.8881407380104065, 0.6647564768791199, 1.405422568321228, 1.660047173500061, 1.1698787212371826, 2.5111982822418213, -0.09571537375450134, 2.8144047260284424, 1.3207101821899414, 0.038471244275569916, -0.7836275100708008, 0.8355200290679932, -0.9881287813186646, 1.038482427597046, -0.14431272447109222, -2.2640485763549805, 0.9816303253173828, -0.0415123850107193, 1.5287344455718994, -0.9297482967376709, -1.1612956523895264, 0.029917076230049133, 1.9367425441741943, -0.3810814321041107, -0.7025116086006165, -2.1374893188476562, -0.003488771617412567, -1.388909101486206, -1.1716018915176392, 0.8160616159439087, 0.5663819313049316, 0.81154865026474, 1.0639324188232422, -0.31789517402648926, -0.7454041242599487, 0.9795339107513428, -0.22689101099967957, -0.3753909766674042, -0.4902390241622925, -1.0919476747512817, 0.6185078620910645, -0.5620372295379639, -0.8584532737731934, -0.29420337080955505, -0.26439547538757324, -0.3017531633377075, 1.546319603919983, 0.31054675579071045, 0.19597160816192627, -1.46151864528656, 1.754170536994934, 0.49097055196762085, -0.1056770533323288, 0.15058444440364838, 0.1445693075656891, 1.372092604637146, -0.23875640332698822, 1.439917802810669, 0.25412046909332275, -0.988726019859314, 1.1780786514282227, 0.6454948782920837, -0.6134485602378845, -1.0093680620193481, 0.11755260825157166, 1.0349750518798828, -0.9705951809883118, 1.1627368927001953, 0.049876026809215546, 0.08412839472293854, 0.6489474773406982, 0.6657143235206604, -0.5821231007575989, 1.3011804819107056, 0.44301360845565796, 0.2697499096393585, -0.8494883179664612, 0.2923886179924011, -0.613229513168335, 0.19652259349822998, 1.3135113716125488, -1.7060405015945435, 0.8467339873313904, -0.5770753026008606, -0.7978849411010742, -1.385591745376587, -0.6079304218292236, 1.6092087030410767, -0.8678849339485168, 1.0515285730361938, 0.22776450216770172, 0.9134839773178101, -0.35950636863708496, 0.28938570618629456, 0.6902223825454712, 0.9679874181747437, 2.169610023498535, 0.899596631526947, -1.638102650642395, 1.9646267890930176, 1.4009307622909546, 0.23477205634117126, -1.3409428596496582, 1.4133198261260986, 0.777633011341095, 1.4143868684768677, -0.4761652648448944]",yunet,Facenet,1920,1080,/home/amos/media/tv/modern_family/Modern.Family.S09.1080p.DSNP.WEB-DL.DDP5.1.H.264-CRFW/Modern.Family.S09E17.Royal.Visit.1080p.DSNP.WEB-DL.DDP5.1.H.264-CRFW.mkv,Modern Family,2009,1442437,9,17,Ariel Winter,42160.0,0.583
286,660,180,822,378,768,258,690,258,0.905,8544,2,"[-1.7994718551635742, 1.0215692520141602, -1.3337289094924927, 1.9220857620239258, 0.6716062426567078, -0.9600828289985657, 0.6270466446876526, -1.030156135559082, 1.024653434753418, 0.2733931243419647, 2.262547254562378, -1.2430412769317627, 0.8816516995429993, -0.4279800355434418, 0.3213016986846924, 0.8073307275772095, -0.5653815269470215, -0.573367714881897, -3.6932671070098877, -0.5498343706130981, -0.054929204285144806, 0.14477719366550446, -0.41340458393096924, -0.8329823017120361, 0.7937134504318237, 2.3026857376098633, 1.8741182088851929, 0.11732378602027893, -0.00028248131275177, -0.11226963996887207, 0.7966873645782471, 0.5294898748397827, -0.741080105304718, -1.7846087217330933, 0.3153863549232483, 0.774986207485199, -1.1620243787765503, 0.373176246881485, 0.8487293124198914, 0.24478931725025177, 0.6625254154205322, -0.005717335734516382, -0.24749690294265747, -1.6897205114364624, 1.0550692081451416, -0.2969989478588104, 0.5997384190559387, -0.2013673037290573, 1.1589711904525757, 0.9438737630844116, -0.4577668309211731, 1.2630112171173096, 0.5001082420349121, 0.978345513343811, 0.4977591633796692, -0.8843166828155518, 2.2043354511260986, -0.5996413826942444, 0.9265798330307007, -0.48102331161499023, -0.39654573798179626, -0.3551214337348938, 0.239985853433609, 0.22273170948028564, 2.0059638023376465, -1.8923215866088867, -0.7460735440254211, 0.03322235494852066, -1.5871713161468506, -0.7665879726409912, -1.830452799797058, 0.8751699924468994, -0.837428092956543, -1.0417397022247314, 0.3303791880607605, -1.0802277326583862, -0.5773541331291199, 0.8146884441375732, -0.12041667103767395, -0.9259607195854187, -0.22471651434898376, 0.020641867071390152, 0.7351535558700562, -1.1518080234527588, -0.7527226209640503, 2.65615177154541, -2.1581146717071533, 2.089214324951172, -0.9251587390899658, -1.328050971031189, 1.6920329332351685, 0.9258213639259338, 2.612438917160034, -0.525398313999176, 1.297205924987793, 1.8804957866668701, -0.5298130512237549, 1.1606945991516113, 0.28839534521102905, -1.5924108028411865, -0.1311103254556656, 0.3848609924316406, -0.24306029081344604, -1.369127631187439, 1.0182675123214722, 0.2190968245267868, -0.37925124168395996, 2.9955124855041504, 0.7758790254592896, 0.27870115637779236, -0.6899372935295105, 0.35101646184921265, 0.5970228910446167, 0.30133146047592163, -0.007458416745066643, 0.8527003526687622, -0.08983136713504791, -0.06256827712059021, 0.7318681478500366, 1.171900749206543, 0.11705389618873596, -1.022337555885315, 1.567010760307312, -2.1104564666748047, 0.4051586389541626, -0.7316462397575378, 0.5813460350036621, 0.10928970575332642]",yunet,Facenet,1920,1080,/home/amos/media/tv/modern_family/Modern.Family.S09.1080p.DSNP.WEB-DL.DDP5.1.H.264-CRFW/Modern.Family.S09E17.Royal.Visit.1080p.DSNP.WEB-DL.DDP5.1.H.264-CRFW.mkv,Modern Family,2009,1442437,9,17,Jimmy Tatro,1304335.0,0.735
287,1140,168,1362,474,1338,288,1260,282,0.914,8568,0,"[0.05887582153081894, 1.5540294647216797, 0.04590332508087158, 0.33828485012054443, -0.3276141583919525, -0.18248188495635986, -0.4694283902645111, -0.5806233286857605, -0.33870425820350647, -0.4440189301967621, 0.5409722328186035, 0.8136458992958069, 0.21356825530529022, -0.7527824640274048, -1.5554767847061157, -0.09488123655319214, -0.03387690335512161, -1.8374958038330078, -1.1369274854660034, 1.659112572669983, -1.0358635187149048, 0.4631587564945221, 0.27116304636001587, 0.3644041121006012, 0.7694801688194275, 0.7425774931907654, -1.2871991395950317, 2.263627529144287, 0.34046489000320435, -1.0087405443191528, 0.24560566246509552, -0.7866116762161255, -1.4496570825576782, 0.2103816270828247, -0.43999183177948, -0.02663077786564827, 1.8828054666519165, -0.5371596217155457, 0.9126680493354797, 1.0817347764968872, -0.2103612720966339, 1.8531996011734009, -0.9441726207733154, 0.8541067242622375, -0.4825248122215271, 0.26668649911880493, 0.45414361357688904, 1.0438121557235718, -1.8246134519577026, 0.256190687417984, -0.047651104629039764, 0.5039892196655273, -0.05163780599832535, 0.7169661521911621, -1.7266693115234375, 0.39288976788520813, 1.4645752906799316, 0.8723998665809631, -1.0321401357650757, 0.03096713125705719, 2.069781541824341, -0.7754641771316528, -0.552132248878479, 0.3537391722202301, -1.2270896434783936, 1.384665846824646, 0.20129725337028503, 0.8641603589057922, 1.0125539302825928, -1.8217668533325195, -0.5195574164390564, 0.7575043439865112, -0.9141725897789001, 0.6932547688484192, 0.6830012798309326, 1.7411983013153076, 1.4946898221969604, 2.3405091762542725, 1.0247949361801147, 0.15297995507717133, -1.479191780090332, -0.5752561092376709, 0.07036224007606506, -0.14809143543243408, -1.04582679271698, -0.33861202001571655, 1.4492242336273193, -0.9300823211669922, 0.20563837885856628, 0.19604212045669556, -0.56180739402771, -2.8697509765625, 0.6553663611412048, -0.21750864386558533, 1.954458236694336, 0.3020021915435791, -0.046483494341373444, -1.1145426034927368, -0.9326791167259216, -1.1839803457260132, 0.9200259447097778, 2.2408993244171143, -1.0809378623962402, -0.7493031024932861, -1.1005167961120605, 0.7734071016311646, -0.6342097520828247, -1.6629639863967896, 0.03701845556497574, -0.5800644755363464, 0.2587360739707947, 1.367661952972412, 1.4380316734313965, -0.7771973013877869, -0.04386885464191437, 3.54538893699646, -2.511448860168457, -0.7553548216819763, -1.0573668479919434, 0.3437219262123108, -1.031816005706787, -0.07126767933368683, 0.4448968768119812, -1.279314398765564, 1.431700348854065, -1.3002445697784424, 1.2216860055923462, -0.1659543514251709]",yunet,Facenet,1920,1080,/home/amos/media/tv/modern_family/Modern.Family.S09.1080p.DSNP.WEB-DL.DDP5.1.H.264-CRFW/Modern.Family.S09E17.Royal.Visit.1080p.DSNP.WEB-DL.DDP5.1.H.264-CRFW.mkv,Modern Family,2009,1442437,9,17,Ty Burrell,15232.0,0.569
288,462,372,654,636,636,462,564,462,0.907,8568,1,"[-0.1691686362028122, 0.39524587988853455, -0.13553014397621155, 0.5684669017791748, 0.3153930604457855, -0.9800331592559814, 0.6364907622337341, 0.18836450576782227, -0.731796145439148, -0.21765656769275665, 0.8357047438621521, -0.23868675529956818, -0.5961534976959229, -1.0151562690734863, -0.8987710475921631, -1.4420334100723267, -0.545769214630127, -1.3875399827957153, -1.498198390007019, 0.5554772615432739, 1.8162188529968262, -0.18283626437187195, -0.1497945487499237, -0.46455374360084534, -1.3592151403427124, -0.4277845025062561, -0.6303308010101318, -1.091780662536621, 0.0764675959944725, -2.5332369804382324, 1.1562143564224243, 0.06343527138233185, -0.00262549240142107, -0.8058974742889404, -0.07189968228340149, -0.4055943489074707, 0.3727912902832031, -0.583682656288147, 2.24393367767334, -1.0850290060043335, -1.7347952127456665, 2.0476295948028564, 1.3906230926513672, -2.1245460510253906, -0.7494080066680908, 1.6951892375946045, -0.1684369146823883, 0.37970536947250366, -1.058087944984436, 0.0032888390123844147, -0.20191343128681183, -0.8134920597076416, 0.347448468208313, 0.42399871349334717, -1.1056809425354004, 1.387988805770874, 0.7179440855979919, 0.15633343160152435, -0.8337805271148682, 0.3965141475200653, -0.9521512985229492, -0.4598436951637268, -1.225976824760437, 0.5177092552185059, 0.258953332901001, -0.1664244681596756, 1.1664979457855225, -0.9757071733474731, 0.08679862320423126, 0.9530162811279297, 0.2631228268146515, 1.497032880783081, -2.3396832942962646, 0.5541853904724121, -0.40435507893562317, -0.18858806788921356, 0.3390328288078308, 0.509682297706604, -0.9987651705741882, -0.14352865517139435, 0.4684617817401886, -0.47148382663726807, 1.2038296461105347, -1.068510890007019, -0.5314114689826965, -0.2876521944999695, 0.9399979114532471, -0.881062924861908, -1.3929519653320312, -0.395065039396286, -0.36969703435897827, -0.24572843313217163, -0.7372246384620667, 0.7619930505752563, 0.39927831292152405, -0.5506378412246704, -0.47606930136680603, 0.05736367404460907, 1.811173677444458, -0.6588068604469299, -1.312937617301941, -2.39636492729187, 0.8345400094985962, 1.4981049299240112, 1.3444207906723022, -0.5375140905380249, 1.1128143072128296, -0.22695353627204895, -0.5817721486091614, 0.19072099030017853, 1.7628904581069946, -1.8349181413650513, 0.020058277994394302, 1.7190945148468018, -0.388878732919693, 1.3133593797683716, -0.18502680957317352, 1.917809009552002, -0.5844867825508118, 0.39959073066711426, -0.46983999013900757, -1.1298009157180786, -0.8716915845870972, 1.860276460647583, -1.2567827701568604, -0.4339902997016907, -1.9513989686965942, -0.33980414271354675]",yunet,Facenet,1920,1080,/home/amos/media/tv/modern_family/Modern.Family.S09.1080p.DSNP.WEB-DL.DDP5.1.H.264-CRFW/Modern.Family.S09E17.Royal.Visit.1080p.DSNP.WEB-DL.DDP5.1.H.264-CRFW.mkv,Modern Family,2009,1442437,9,17,Julie Bowen,31171.0,0.539
289,1290,156,1518,474,1500,282,1410,276,0.92,8592,0,"[-0.08541238307952881, -0.014233648777008057, 0.5493125319480896, 0.8488295078277588, 0.5620563626289368, 0.6266703605651855, 0.3747795820236206, -0.0635397881269455, 0.0018772780895233154, -0.08915802836418152, 1.822542428970337, 0.1876954585313797, 0.6898043751716614, -1.421618938446045, -1.3517214059829712, -0.9520972371101379, -0.010875344276428223, -1.3392341136932373, -1.4367655515670776, 0.9826329946517944, -1.557828426361084, -0.8763309717178345, 0.8300617933273315, -0.6716921329498291, 0.5497424602508545, 0.979363203048706, -0.23582638800144196, 2.5281424522399902, -0.5973666310310364, -1.5150970220565796, -0.5125930309295654, -0.611303985118866, -1.5291401147842407, -1.1666004657745361, 0.42691096663475037, 0.31099560856819153, -0.02292001247406006, 0.8142399191856384, 1.4456853866577148, 0.7763105630874634, 0.5778532028198242, 1.3435876369476318, -0.7648682594299316, 0.0638786107301712, 0.590711772441864, -1.3526448011398315, 1.1658483743667603, 1.5419609546661377, -0.32462531328201294, -0.2718632221221924, 0.5075181126594543, 1.3100277185440063, 0.1678127944469452, -0.36839616298675537, -0.4744642376899719, 0.48154938220977783, 2.000944137573242, 1.3772305250167847, -1.2356923818588257, 0.8710195422172546, 2.498992443084717, -1.493045687675476, 0.07914689928293228, 0.2089107483625412, -0.21117842197418213, 0.9231420755386353, -0.5851582288742065, 1.4145475625991821, 1.0935115814208984, -1.2795994281768799, -1.7901605367660522, 0.5324240922927856, -2.2543787956237793, 1.2499678134918213, 0.9076804518699646, 1.3327451944351196, -0.13757488131523132, 2.2576920986175537, 0.7306048274040222, 0.6783365607261658, -1.0807240009307861, -0.3152432143688202, 1.2995518445968628, -0.7653375864028931, -1.2341254949569702, 0.23735389113426208, 2.233222723007202, -0.47704988718032837, -0.30800148844718933, -0.4875324070453644, -1.258008360862732, -1.401502013206482, 1.2357350587844849, 0.5289319157600403, 2.023247718811035, 0.5967692136764526, -1.6207770109176636, -1.2165391445159912, -1.0434598922729492, -0.4491235315799713, 0.4749751091003418, 1.5119043588638306, -1.54189932346344, -1.0216310024261475, -0.6500957608222961, 0.8427266478538513, -0.34981274604797363, -1.6168270111083984, 0.45832860469818115, -0.9477319717407227, 0.026370815932750702, 1.8115848302841187, 0.5500965118408203, -0.9241705536842346, -0.42590951919555664, 3.92672061920166, -2.347299098968506, -0.06716088950634003, -0.42033013701438904, 0.47023868560791016, -1.3583658933639526, 0.2214164137840271, 0.6360611915588379, -0.6277648210525513, 0.7898152470588684, -0.4068787693977356, 0.47980523109436035, -0.5823766589164734]",yunet,Facenet,1920,1080,/home/amos/media/tv/modern_family/Modern.Family.S09.1080p.DSNP.WEB-DL.DDP5.1.H.264-CRFW/Modern.Family.S09E17.Royal.Visit.1080p.DSNP.WEB-DL.DDP5.1.H.264-CRFW.mkv,Modern Family,2009,1442437,9,17,Ty Burrell,15232.0,0.54
290,534,384,732,654,714,468,660,474,0.902,8592,1,"[-0.20191523432731628, 0.17741799354553223, -1.0982674360275269, 0.29896894097328186, 0.8752273321151733, -1.0853145122528076, -0.7041033506393433, 1.6920469999313354, -0.6209288835525513, -0.9751119613647461, 1.542007565498352, -0.14157769083976746, -0.6480970978736877, -1.3735450506210327, -0.10942858457565308, -0.5364605784416199, 0.09974268078804016, -0.5042696595191956, -1.409920573234558, 0.34170058369636536, 0.8202111721038818, 0.34193965792655945, 0.08684510737657547, -0.6346728801727295, -1.1296348571777344, 0.3674057424068451, -0.2996910512447357, -0.24195316433906555, 0.09609220921993256, -2.4494528770446777, -0.13453252613544464, 0.26608461141586304, 0.14341077208518982, -0.5895763635635376, 0.5251837968826294, -0.19188204407691956, 0.28013676404953003, 0.07473834604024887, 1.6148970127105713, -0.8421388864517212, -2.390064239501953, 1.1258798837661743, 1.1376391649246216, -1.8253977298736572, -0.9048790335655212, 0.45322272181510925, 0.6691678166389465, -1.15329110622406, 0.3470938801765442, 0.21887396275997162, 0.4808501601219177, -1.1946673393249512, 0.39820724725723267, -0.4805852770805359, 0.5266209840774536, 0.6887469291687012, -0.42188748717308044, -0.3025883436203003, 0.12958750128746033, 1.4860526323318481, -0.5821443796157837, -0.8027845621109009, -0.17875781655311584, -0.5995175838470459, 0.05500016734004021, -0.3619254231452942, -0.45921003818511963, -0.05080310255289078, 0.2638525664806366, 0.7685538530349731, -0.23105303943157196, 0.6667220592498779, -2.9093430042266846, 0.3939039707183838, 1.2173610925674438, 0.9088088870048523, 0.01760685443878174, 0.9857620000839233, -0.30635932087898254, -0.0946706086397171, 0.038756102323532104, -0.15148602426052094, -0.0481276735663414, -0.424091100692749, 0.04830276966094971, 0.2682287395000458, 0.15746735036373138, -0.6789721846580505, -1.1145113706588745, -0.8874719738960266, 0.008388683199882507, -0.24636486172676086, -1.1293585300445557, -0.5356535911560059, -0.3184315264225006, -0.8625556826591492, -1.525457739830017, -0.19810983538627625, 1.6403460502624512, -0.6109508872032166, -0.9767913222312927, -2.5851335525512695, 0.8259641528129578, 1.2227157354354858, 1.864399790763855, -0.8947387933731079, 1.2678654193878174, -0.44725415110588074, -1.5010331869125366, 0.8033457398414612, 2.7212629318237305, -1.7511910200119019, -0.8674076795578003, 1.377882957458496, 0.08222167938947678, 0.370675653219223, -0.4788294732570648, 1.2936187982559204, 0.015158094465732574, 1.0366653203964233, -0.13278084993362427, -1.1658991575241089, -1.369491696357727, 2.0403099060058594, -1.956113338470459, -0.3956977128982544, -2.3019299507141113, -0.2792447507381439]",yunet,Facenet,1920,1080,/home/amos/media/tv/modern_family/Modern.Family.S09.1080p.DSNP.WEB-DL.DDP5.1.H.264-CRFW/Modern.Family.S09E17.Royal.Visit.1080p.DSNP.WEB-DL.DDP5.1.H.264-CRFW.mkv,Modern Family,2009,1442437,9,17,Julie Bowen,31171.0,0.697
291,342,180,546,462,456,288,378,294,0.939,8616,0,"[-0.8873597383499146, -1.115731954574585, -1.5345197916030884, -1.6021645069122314, 0.3159377872943878, 1.029782772064209, 0.9667315483093262, 0.03171592205762863, 0.6165562272071838, -0.11579720675945282, 1.3057655096054077, -0.35094040632247925, -1.2568607330322266, -0.20423325896263123, 0.12805598974227905, -0.6355323791503906, -1.4573822021484375, 0.06081817299127579, -0.5519277453422546, -1.7384146451950073, 0.5189716815948486, -1.4777681827545166, -0.076978899538517, -2.2281665802001953, -0.8937722444534302, 0.1932218074798584, 1.4013696908950806, -1.8879749774932861, -1.3170865774154663, 0.07886699587106705, -0.8613206148147583, 2.5629844665527344, -0.06855084747076035, -0.32825028896331787, 0.32393601536750793, -0.5623488426208496, -0.4712367653846741, 1.6872286796569824, 1.7810931205749512, -1.52583646774292, 0.8968363404273987, 0.9391301274299622, -2.0409257411956787, -2.5309948921203613, -0.31294557452201843, -2.662046432495117, -0.23926006257534027, 1.021661400794983, 1.731635332107544, 0.44387614727020264, -0.833909273147583, 0.9988377690315247, 0.4889184832572937, -0.15520986914634705, 1.6340742111206055, -0.5271875262260437, -0.44043290615081787, 1.3018622398376465, -1.5388225317001343, -0.7339378595352173, -0.27000367641448975, -1.3576579093933105, -0.7194691300392151, 1.7240573167800903, 1.7482225894927979, 0.35480809211730957, -0.2542780041694641, 2.084259271621704, 0.6511816382408142, 0.04967115819454193, -0.7162439227104187, 1.6209529638290405, -1.854941964149475, 0.7912585139274597, -0.18711918592453003, -1.4611287117004395, -1.8470836877822876, -0.42859992384910583, -1.610059142112732, -0.627973198890686, -2.180689573287964, -0.3276825547218323, -0.08670780807733536, 0.10777647793292999, -0.7289865612983704, 0.9183928966522217, 0.5332480669021606, -0.554915726184845, -2.2352845668792725, -1.2650907039642334, -0.274553120136261, -0.1697678565979004, 0.7118833661079407, 0.7001964449882507, 1.029862403869629, 1.2143887281417847, -1.5046476125717163, 1.6209501028060913, 0.15504778921604156, -0.5627396106719971, -0.8748375773429871, -0.37199145555496216, -1.0225015878677368, -0.4194120168685913, 0.5948236584663391, 0.533185601234436, -0.0927891731262207, -1.139270544052124, -0.19229212403297424, 0.0826134905219078, -0.04304889589548111, -0.41739630699157715, -0.4850693643093109, -0.14397741854190826, -0.9178025126457214, 2.544623374938965, -0.6800109148025513, -0.20624259114265442, -1.2034615278244019, 2.330169200897217, -2.0060083866119385, 1.346664309501648, 1.4772608280181885, 0.11654777079820633, -1.781511664390564, 0.6839399337768555, -1.165162205696106, 0.6544920206069946]",yunet,Facenet,1920,1080,/home/amos/media/tv/modern_family/Modern.Family.S09.1080p.DSNP.WEB-DL.DDP5.1.H.264-CRFW/Modern.Family.S09E17.Royal.Visit.1080p.DSNP.WEB-DL.DDP5.1.H.264-CRFW.mkv,Modern Family,2009,1442437,9,17,Chris Geere,62879.0,0.674
292,1008,348,1170,576,1104,438,1038,438,0.916,8616,1,"[-1.3879834413528442, -1.8430978059768677, 0.23067466914653778, 1.5553476810455322, -1.4112751483917236, 1.1690274477005005, -0.547221302986145, -2.4570364952087402, -0.3974829316139221, 2.271244764328003, -1.840037226676941, -0.10785828530788422, -0.0004824697971343994, 0.2507321536540985, -0.9477568864822388, 0.25312870740890503, -0.4817832410335541, -1.4150938987731934, -0.2409394383430481, 2.1175718307495117, 0.9267489910125732, -0.17911159992218018, 0.677122950553894, -0.022422492504119873, 0.327812522649765, -0.20664387941360474, 1.075000286102295, 0.16464295983314514, 1.4283088445663452, 1.0877048969268799, -0.05079805105924606, -0.7981150150299072, -0.8836076855659485, 0.28263139724731445, 0.10422756522893906, -0.7352675199508667, -0.5295568704605103, 0.16457921266555786, 1.0020397901535034, -0.508966326713562, 0.38777095079421997, 0.1575806438922882, -1.6266483068466187, 1.3245673179626465, 1.5308305025100708, -1.171953558921814, -1.3453526496887207, 2.258436918258667, -0.02645740658044815, 0.03975894674658775, -1.1800422668457031, 1.7504216432571411, 0.32172635197639465, -0.25305354595184326, -1.1697852611541748, 1.0895088911056519, 2.0916333198547363, 0.33844417333602905, 0.24607980251312256, 0.4192758798599243, 0.6445377469062805, 1.0905519723892212, -0.9604992270469666, 0.3653644621372223, -1.7018390893936157, 1.5311120748519897, 1.9074108600616455, -0.39766043424606323, -0.8581621646881104, -1.47096586227417, -1.5048776865005493, -0.08236551284790039, 0.9333847761154175, -0.04406000301241875, 0.37341105937957764, -0.5305137038230896, -0.49050015211105347, -1.5410051345825195, -0.39905086159706116, -0.349966824054718, -0.8229900598526001, -0.592444896697998, 0.362326055765152, 1.6494736671447754, -0.2049335241317749, -1.1814972162246704, -0.24092286825180054, 0.7824071049690247, 0.23169508576393127, -1.1882299184799194, -1.0045512914657593, -0.06549303233623505, 0.5941044688224792, 2.0366880893707275, 1.6598237752914429, -0.11902730911970139, 0.609428882598877, -0.8469156622886658, -0.7144936323165894, -0.8037623167037964, 2.240572452545166, 0.00516895204782486, -2.3874740600585938, 0.5288092494010925, 0.5512638092041016, -0.1270235776901245, 0.21734729409217834, -1.2767138481140137, 1.2481414079666138, -1.2844901084899902, 1.3950481414794922, -0.2945033311843872, 1.0831446647644043, 0.44437679648399353, -0.6934493184089661, 0.6506565809249878, -0.4903145432472229, 1.1775665283203125, -2.045990467071533, 1.134674310684204, 2.1273016929626465, 0.12304776161909103, -0.43739354610443115, -1.734935998916626, 0.20579373836517334, 0.5143095850944519, 2.809549331665039, -0.6801308989524841]",yunet,Facenet,1920,1080,/home/amos/media/tv/modern_family/Modern.Family.S09.1080p.DSNP.WEB-DL.DDP5.1.H.264-CRFW/Modern.Family.S09E17.Royal.Visit.1080p.DSNP.WEB-DL.DDP5.1.H.264-CRFW.mkv,Modern Family,2009,1442437,9,17,Sarah Hyland,91351.0,0.593
293,804,198,972,420,900,288,828,294,0.913,8616,2,"[-1.427391529083252, 1.6679153442382812, -2.0403504371643066, 1.3991615772247314, 1.407104730606079, -0.5360965728759766, -0.16108271479606628, -1.2353285551071167, 2.888800621032715, -0.3363487720489502, 1.5772536993026733, -1.5240989923477173, -0.01216956228017807, 0.28774547576904297, 0.24280233681201935, 1.4661200046539307, -0.3608996272087097, -0.0768396258354187, -2.97709584236145, 0.13291572034358978, -0.029371604323387146, 1.794857382774353, -0.39151597023010254, -0.036238908767700195, 0.6334258317947388, 1.73377525806427, 2.0051050186157227, -0.9414032697677612, 0.15320658683776855, -0.3396184742450714, 1.008018136024475, 0.25172144174575806, -0.36423802375793457, -0.13737797737121582, 0.5346950888633728, 1.3353168964385986, 0.15760880708694458, -1.195011854171753, 1.3167760372161865, -0.9930983781814575, 0.4081900715827942, -0.5203723907470703, 0.2102401852607727, -2.137394905090332, -0.22191496193408966, -0.3184131681919098, 0.16822300851345062, -1.8586478233337402, -0.48105764389038086, 2.1446447372436523, -0.5755676627159119, 0.34410083293914795, 0.639055609703064, 1.6712993383407593, -0.5355159640312195, -1.1871662139892578, 2.1159400939941406, -1.119963526725769, -0.5383949279785156, -1.6774001121520996, -1.070801854133606, -0.08424688130617142, 0.504219651222229, 1.3574820756912231, 2.2470433712005615, -1.2812103033065796, 0.6680183410644531, -0.19670918583869934, -0.7962741255760193, -1.0480328798294067, -0.07867728918790817, 0.6793878078460693, -1.3122329711914062, -0.4741933345794678, -0.5973733067512512, -0.6446321606636047, 0.4537225067615509, -1.0731244087219238, 0.4016117453575134, -1.7544493675231934, -0.2246037721633911, 0.7914391756057739, 2.316408395767212, 0.5001162886619568, 0.44745275378227234, 1.3581116199493408, -0.5985310077667236, 2.5181238651275635, -1.0451693534851074, -0.918780505657196, 0.14109957218170166, -0.16894161701202393, 1.466541051864624, 0.24757885932922363, 0.14525406062602997, 0.7456415295600891, -1.4441637992858887, 1.3555545806884766, -0.047811079770326614, -1.1679117679595947, -0.27696022391319275, 1.0117533206939697, -0.5448250770568848, -0.8368232250213623, 0.5744759440422058, 1.1394261121749878, -1.2662394046783447, 2.7202634811401367, -0.06567028909921646, -0.5817274451255798, 0.41026628017425537, 0.7054581642150879, 1.283135175704956, 0.8236163258552551, 0.3865263760089874, 0.3604636490345001, 0.6428762674331665, -0.29488059878349304, 0.7099835872650146, 1.1088306903839111, 0.38523364067077637, -0.41861647367477417, 2.317622661590576, -1.7630804777145386, 0.8688778281211853, -1.2811931371688843, 1.2077120542526245, 0.5043956637382507]",yunet,Facenet,1920,1080,/home/amos/media/tv/modern_family/Modern.Family.S09.1080p.DSNP.WEB-DL.DDP5.1.H.264-CRFW/Modern.Family.S09E17.Royal.Visit.1080p.DSNP.WEB-DL.DDP5.1.H.264-CRFW.mkv,Modern Family,2009,1442437,9,17,Jimmy Tatro,1304335.0,0.711
294,702,198,876,420,786,288,732,288,0.912,8640,0,"[-1.1783082485198975, 2.1480512619018555, -1.498189091682434, 1.3948280811309814, 0.5141167044639587, -0.971651017665863, 0.31262385845184326, -1.1595375537872314, 1.7646936178207397, 0.7015392780303955, 2.644030809402466, -1.5363572835922241, 0.5598346590995789, -0.7043943405151367, 0.566861629486084, 1.3746525049209595, -0.9144822359085083, -0.10819315910339355, -2.6376492977142334, 0.40302392840385437, -0.22248037159442902, 1.0325818061828613, 0.1422288715839386, -0.430970698595047, 0.38884392380714417, 2.330399751663208, 2.3860738277435303, -0.06367644667625427, -0.2652893662452698, 0.2959122955799103, 0.531891405582428, 0.27334654331207275, -0.3892582058906555, -1.0440471172332764, 1.0330042839050293, 0.8993215560913086, 0.8765156269073486, -0.4823741912841797, 1.569709300994873, -0.24029630422592163, 0.07578671723604202, -0.2356427013874054, 0.2653569281101227, -2.012171745300293, 0.29095378518104553, 0.15861520171165466, -0.039759665727615356, -1.6790004968643188, 0.18574069440364838, 1.122714638710022, 0.0017166361212730408, 0.458509624004364, 0.7693873047828674, 1.9357104301452637, -1.1119611263275146, -0.8513528108596802, 2.4202957153320312, -0.12189853191375732, -0.9324268698692322, -1.7714869976043701, -0.32911166548728943, 0.7769547700881958, 0.09524670988321304, 0.5449931621551514, 1.7858831882476807, -1.3078324794769287, 0.7593950033187866, -0.5186664462089539, -0.6204013228416443, -0.45240598917007446, 0.293616384267807, 0.7111520767211914, -1.145020604133606, -0.2461346983909607, -0.1751282960176468, -0.34506750106811523, 0.2610633969306946, 0.1593906730413437, 0.2061377465724945, -1.4044374227523804, 0.3122453987598419, 0.4699329435825348, 2.1347384452819824, -0.3992331922054291, 0.10086105763912201, 1.6359761953353882, -1.0247740745544434, 2.680262327194214, -0.8639730215072632, -1.4997106790542603, -0.2831524610519409, -0.22707153856754303, 2.2404139041900635, 0.9919589161872864, 0.3153897225856781, 1.230793833732605, -1.1256844997406006, 1.01485276222229, -0.007893260568380356, -1.7492475509643555, -0.38004791736602783, 0.8461995720863342, 0.13075198233127594, -1.6428773403167725, 0.5324547290802002, 1.382219672203064, -0.7907545566558838, 3.018331527709961, 0.5508645176887512, 0.5420532822608948, 0.016458148136734962, 0.6132311224937439, 0.32437053322792053, 0.4299686551094055, -0.044555552303791046, 1.7095686197280884, -0.08064599335193634, -0.8469761610031128, 0.33299949765205383, 0.9943206310272217, 0.1423795521259308, -0.8310822248458862, 1.928046464920044, -1.9114552736282349, 1.1768600940704346, -0.8797279000282288, 0.9463357925415039, 0.1838618516921997]",yunet,Facenet,1920,1080,/home/amos/media/tv/modern_family/Modern.Family.S09.1080p.DSNP.WEB-DL.DDP5.1.H.264-CRFW/Modern.Family.S09E17.Royal.Visit.1080p.DSNP.WEB-DL.DDP5.1.H.264-CRFW.mkv,Modern Family,2009,1442437,9,17,Jimmy Tatro,1304335.0,0.765
295,966,348,1134,576,1062,432,1002,432,0.912,8640,1,"[-1.486452579498291, -0.7730399370193481, 0.14786958694458008, 1.8279473781585693, -0.5626353025436401, 0.6476394534111023, 0.12331579625606537, -1.8350437879562378, -0.018606510013341904, 1.7362890243530273, -2.51975154876709, 0.004180499352514744, 0.6908393502235413, 0.8208822011947632, -1.1390520334243774, 0.24855507910251617, -0.474854439496994, -1.5475671291351318, -0.5035266876220703, 1.4618253707885742, 0.7651374340057373, 0.6745468974113464, 0.37065255641937256, 0.10563686490058899, -0.049857836216688156, 0.9543672800064087, 0.946292519569397, -0.27704885601997375, 2.419313669204712, 0.9405319690704346, -0.0829249918460846, -0.8512078523635864, -0.7708993554115295, -0.06798933446407318, 0.7279603481292725, -1.5121665000915527, -0.8920983672142029, 0.811095118522644, 1.4383201599121094, -0.08655385673046112, 0.0707867443561554, 0.7789548635482788, -1.2854336500167847, 1.0561890602111816, 0.8000803589820862, -0.03258723393082619, -1.1596529483795166, 1.6011903285980225, 0.10025173425674438, 0.372021347284317, -0.6239354610443115, 3.3815369606018066, 0.10934415459632874, -0.7047382593154907, -0.6169902682304382, 1.0908037424087524, 1.5679570436477661, -0.09602721780538559, 0.33080118894577026, 1.2699027061462402, 0.9218544363975525, 0.4607653021812439, -1.3586814403533936, 0.3765285909175873, -1.5435596704483032, 1.2753301858901978, 1.124477505683899, 0.2238418310880661, -0.09172844886779785, -1.648357629776001, -1.2790335416793823, 0.26133719086647034, 0.8065531253814697, -0.5512142777442932, 1.131093144416809, -0.3488054573535919, -0.29406994581222534, -1.1665042638778687, -0.5729617476463318, -1.1892424821853638, -0.9204943776130676, 0.2653539776802063, 0.8755550980567932, 1.273932695388794, -1.0591381788253784, -0.4185808300971985, -0.14013250172138214, 0.00806889683008194, -0.6054236888885498, -1.2803409099578857, -1.3862800598144531, 0.7931845784187317, 1.0159687995910645, 0.9549270272254944, 2.132791757583618, 0.2746987044811249, 0.6000495553016663, -0.29175880551338196, -0.5023428797721863, -1.1137487888336182, 1.670598030090332, 0.6088448762893677, -2.7001423835754395, 1.135215163230896, 0.37602514028549194, -0.3990665674209595, 0.1658659428358078, -0.6237618923187256, 0.4332738518714905, -1.6566336154937744, 1.3919522762298584, -0.2352546900510788, 0.894197940826416, 0.394344687461853, -0.5150816440582275, 1.2021827697753906, -0.531234622001648, 1.523102045059204, -1.5418472290039062, 0.7107682824134827, 2.216252088546753, 0.03973490744829178, -0.5930378437042236, -2.032973527908325, -0.5252081751823425, 0.44048014283180237, 1.855340600013733, -0.5074746012687683]",yunet,Facenet,1920,1080,/home/amos/media/tv/modern_family/Modern.Family.S09.1080p.DSNP.WEB-DL.DDP5.1.H.264-CRFW/Modern.Family.S09E17.Royal.Visit.1080p.DSNP.WEB-DL.DDP5.1.H.264-CRFW.mkv,Modern Family,2009,1442437,9,17,Sarah Hyland,91351.0,0.641
296,1524,426,1662,606,1608,498,1548,498,0.909,8640,2,"[0.35356754064559937, -0.4411967992782593, 1.6850749254226685, -0.09978118538856506, -0.08073975145816803, 2.0097696781158447, 1.1441994905471802, -0.32087644934654236, 1.1499632596969604, 2.138280153274536, -1.637629747390747, -0.5383656024932861, -1.0183398723602295, 1.9258352518081665, -1.8347231149673462, 0.8899551630020142, -0.7384887933731079, -1.381903886795044, -0.4599188566207886, -0.24506762623786926, 0.6353449821472168, 0.23182116448879242, 0.6964298486709595, 1.373158574104309, 0.8237979412078857, 0.3859628140926361, 2.4666805267333984, -0.8845688700675964, 2.3376553058624268, 1.6164319515228271, 0.4002843499183655, 0.13597016036510468, 0.5700262188911438, -0.3295626938343048, 0.468123197555542, -0.9609148502349854, -0.8178924322128296, 0.21923691034317017, 0.44922807812690735, 1.3359968662261963, 0.2436918318271637, -1.2158746719360352, -0.3310748338699341, 1.427933931350708, 0.22114314138889313, -0.16148245334625244, -1.146281123161316, -0.1466890424489975, -0.9656253457069397, -0.6778590679168701, -0.10017147660255432, 0.9241310358047485, 0.9454532861709595, 0.457602858543396, -1.0639914274215698, 0.644633412361145, 0.763635516166687, -0.7610206604003906, -0.3376655578613281, 0.08127649873495102, -0.5997143387794495, 1.4155216217041016, -1.1281911134719849, -0.5704199075698853, -1.1416579484939575, 0.8881747722625732, 0.4559550881385803, 1.5114372968673706, 0.1109854057431221, -0.7164770364761353, -1.465681791305542, 0.9614216089248657, 2.2371742725372314, -0.84695965051651, 0.15881915390491486, -0.02610692009329796, 0.633071780204773, -0.7750646471977234, 0.32755041122436523, -0.3478119969367981, -0.8736634254455566, 0.17738354206085205, 1.3092492818832397, -0.6348692178726196, -0.3970233201980591, -0.11010006070137024, 0.8399885296821594, -0.22675980627536774, 2.4349756240844727, 0.6702731847763062, -1.0949530601501465, 1.216550588607788, -0.09782041609287262, -0.1500278115272522, 1.707969307899475, 1.1838853359222412, -0.010981310158967972, -1.4812908172607422, -0.14330001175403595, -0.4052087962627411, 0.8029450178146362, 1.6590664386749268, -1.8065649271011353, -0.3577520549297333, 0.29005271196365356, -0.4338753819465637, -0.47582295536994934, 0.21895766258239746, 1.5869449377059937, -1.0731817483901978, 0.9872332215309143, -0.10060352087020874, 0.412299245595932, -0.9724199175834656, -0.7490164041519165, 1.3230972290039062, 0.22090406715869904, 1.9058458805084229, -0.05966537445783615, -2.051558494567871, 1.4681470394134521, 0.4710012376308441, 0.3021216094493866, -0.7640087008476257, 1.1850301027297974, 0.25505703687667847, 1.3986252546310425, -0.2906380891799927]",yunet,Facenet,1920,1080,/home/amos/media/tv/modern_family/Modern.Family.S09.1080p.DSNP.WEB-DL.DDP5.1.H.264-CRFW/Modern.Family.S09E17.Royal.Visit.1080p.DSNP.WEB-DL.DDP5.1.H.264-CRFW.mkv,Modern Family,2009,1442437,9,17,Ariel Winter,42160.0,0.68
297,414,168,630,438,588,282,492,282,0.902,8640,3,"[-0.4993046224117279, -0.21407349407672882, -1.2480874061584473, -1.8754483461380005, 1.504243016242981, 1.8120888471603394, 0.4503859877586365, 0.9742443561553955, 0.4370276927947998, -0.9618816375732422, 1.9697884321212769, -1.3783541917800903, -2.4446587562561035, 0.16463294625282288, 0.09755133092403412, 0.18840105831623077, -1.9704151153564453, -0.983687162399292, -0.5652188062667847, -0.598147988319397, 0.289634644985199, 0.18642139434814453, 1.0887281894683838, -1.4265987873077393, -0.9920008778572083, 0.26553335785865784, 0.8058581352233887, -2.6215896606445312, -0.3720431923866272, 0.48234859108924866, -1.031087040901184, 1.2021311521530151, 0.06459295749664307, -0.2151656448841095, 0.11989624798297882, 1.1843329668045044, -0.2932946979999542, 1.3203725814819336, 1.3247272968292236, -0.5214805603027344, 0.6241199374198914, -0.31034165620803833, -2.374098062515259, -2.192909002304077, 0.5420345664024353, -1.7481869459152222, -0.6120953559875488, 1.2244324684143066, 1.6516705751419067, -0.4427725672721863, -0.3676840662956238, 1.1640812158584595, 0.5844422578811646, -0.5141939520835876, 0.2861385643482208, -1.369471788406372, -0.7928143739700317, 1.2185380458831787, -0.9749784469604492, -0.031105518341064453, 0.24591004848480225, -1.159422516822815, -1.1161243915557861, 1.1045118570327759, 0.8859186768531799, 0.5269800424575806, 0.6787694096565247, 2.005277395248413, 0.7751677632331848, 0.06321293115615845, -0.5282176733016968, 1.1413930654525757, -2.036059856414795, 1.536232590675354, 0.09867820143699646, -0.2227109670639038, -1.1224913597106934, 1.2624070644378662, -1.4577687978744507, 0.4805603623390198, -3.039371967315674, 0.7716137170791626, -0.62534099817276, -0.005144298076629639, -0.7328411340713501, 0.6265618801116943, 0.382746160030365, -0.876275360584259, -1.579736590385437, -2.1069886684417725, 0.731938898563385, 0.9178450703620911, 1.3320460319519043, 0.6341784596443176, 0.4014575779438019, 0.9642578363418579, -1.727252721786499, 1.353732943534851, -0.8069642186164856, -0.04264885187149048, -1.419792890548706, -2.3879153728485107, -1.6616641283035278, 0.6005997657775879, 0.0711384043097496, -0.117035411298275, 0.6168273091316223, -1.0351338386535645, -0.2140178233385086, 1.0809053182601929, -0.4249459505081177, -1.1432750225067139, 0.8159593343734741, -0.5302594900131226, -0.21214604377746582, 2.3355906009674072, -0.2780497074127197, -0.6068708896636963, -1.1699274778366089, 2.3022406101226807, -1.790876030921936, 1.4191957712173462, 0.3182777762413025, -0.259391725063324, -1.0564197301864624, 0.19454583525657654, -1.3446029424667358, 0.5591577887535095]",yunet,Facenet,1920,1080,/home/amos/media/tv/modern_family/Modern.Family.S09.1080p.DSNP.WEB-DL.DDP5.1.H.264-CRFW/Modern.Family.S09E17.Royal.Visit.1080p.DSNP.WEB-DL.DDP5.1.H.264-CRFW.mkv,Modern Family,2009,1442437,9,17,Chris Geere,62879.0,0.576
298,558,276,708,474,672,342,600,342,0.913,8664,0,"[-1.6607788801193237, -0.6002399921417236, -0.048959240317344666, -0.4680738151073456, 1.2606403827667236, -0.621149480342865, -2.08829402923584, 0.5670593976974487, -0.5668651461601257, -0.30598098039627075, 0.4737299084663391, 1.4043402671813965, -0.4966837763786316, -1.0544596910476685, -1.1459637880325317, -0.5009365081787109, -0.9744606018066406, -0.2281402051448822, -0.9100388288497925, 0.2512657940387726, 1.4397296905517578, -0.7914493083953857, 0.833031415939331, -1.393580675125122, -1.7627507448196411, 0.09095308929681778, -1.3556509017944336, 0.3160293996334076, 0.08937828242778778, -2.0898172855377197, -0.0784870982170105, -0.04770588502287865, 0.5112158060073853, -2.18296480178833, -0.017436247318983078, 1.0835164785385132, -1.0660754442214966, 0.217072993516922, -0.3041563928127289, -1.905914545059204, -0.9048281311988831, 1.4219844341278076, 0.7169114351272583, -0.8183313012123108, -0.81667160987854, -0.5815339088439941, -1.0228514671325684, 0.18535056710243225, -0.6823108792304993, 0.4568585753440857, 1.2327502965927124, -1.7462319135665894, 1.323943853378296, -0.5071877837181091, 0.448925644159317, -0.2912713885307312, -0.5474728941917419, -1.5228806734085083, 0.008984217420220375, 1.056309700012207, -0.22697263956069946, -0.34680068492889404, -1.2605736255645752, 0.26780253648757935, -0.7062039375305176, -0.5702058672904968, 0.18331989645957947, -0.31595948338508606, 1.3172667026519775, 1.964107632637024, -1.0694652795791626, 1.3786448240280151, -3.6248092651367188, 0.7398154139518738, 1.5220531225204468, 0.7776119112968445, -0.060529351234436035, 1.3087666034698486, 0.05100717395544052, -0.8589155077934265, 0.0867510735988617, 0.3683249056339264, -0.5556017756462097, -1.107155442237854, -0.3401370644569397, -0.08795201778411865, 0.5268663763999939, -0.2061363160610199, -1.5444904565811157, -0.41400864720344543, 0.29354098439216614, -0.7128641605377197, -0.5618427395820618, 0.37525075674057007, 0.18091751635074615, -0.5826447010040283, -0.7806169986724854, 0.18754631280899048, 1.9445629119873047, -0.7720415592193604, -0.6926045417785645, -2.561457633972168, 0.441842645406723, 0.40165627002716064, 1.3468623161315918, -1.4977738857269287, 1.3910396099090576, -0.20897620916366577, -0.5581446290016174, 1.018213152885437, 1.816874384880066, -0.8001767992973328, -1.4951233863830566, 2.2463228702545166, -0.4056781828403473, 1.3619657754898071, 0.5168464183807373, 0.4853818118572235, -1.8696767091751099, 0.4384831488132477, 0.574375331401825, -1.5695180892944336, -0.799003541469574, 1.2448772192001343, -0.03631076216697693, -1.8113577365875244, -1.5464380979537964, 0.33208349347114563]",yunet,Facenet,1920,1080,/home/amos/media/tv/modern_family/Modern.Family.S09.1080p.DSNP.WEB-DL.DDP5.1.H.264-CRFW/Modern.Family.S09E17.Royal.Visit.1080p.DSNP.WEB-DL.DDP5.1.H.264-CRFW.mkv,Modern Family,2009,1442437,9,17,Julie Bowen,31171.0,0.682
299,942,234,1104,450,1062,324,984,324,0.908,8664,1,"[-0.5202302932739258, 0.30212804675102234, 0.5078538060188293, 0.5877018570899963, -0.5087282061576843, -0.25989019870758057, -0.0036536678671836853, 0.9163371324539185, -0.7402268052101135, 0.4088296592235565, 0.6394320726394653, 0.6178826689720154, 0.7821111679077148, -0.6511850357055664, -1.018232822418213, 1.1804231405258179, -0.46605750918388367, 0.1669604629278183, -0.9734660387039185, 1.4280940294265747, -0.8472867012023926, 2.0030875205993652, -0.5127236247062683, 0.9445384740829468, 0.7121843099594116, 2.077061653137207, -2.56137752532959, 2.1380858421325684, 1.36515474319458, -2.53201961517334, 0.7204467058181763, -0.010425951331853867, -0.352228581905365, -0.6227670311927795, 1.1354262828826904, -0.5257997512817383, 1.5679435729980469, -0.16552427411079407, 0.258232980966568, 0.7917935848236084, -0.6205654740333557, 1.7822989225387573, 0.3589720129966736, 0.6359927654266357, -0.4149889349937439, 0.5775601267814636, -0.3173777163028717, -0.22420643270015717, 1.238918423652649, -0.696424126625061, 1.0634218454360962, -0.09642036259174347, -1.1161880493164062, -0.6162521243095398, -0.1760338395833969, 0.7935227751731873, 0.37674757838249207, 0.5183287858963013, 0.3985409736633301, 1.072760820388794, 1.734604835510254, 0.41969460248947144, -0.9662088751792908, 0.02485748752951622, -0.18347814679145813, 1.7961417436599731, 1.165332555770874, 2.015230894088745, 2.2774250507354736, 0.245536208152771, -0.7536954879760742, 1.3549463748931885, -0.875785768032074, 0.5667677521705627, 0.6947253346443176, 0.25959306955337524, -0.1804635226726532, 1.1719605922698975, -0.12242227047681808, 1.8685276508331299, -0.4764614999294281, -1.3319542407989502, -0.35638904571533203, -0.37505367398262024, -1.9959412813186646, -1.3749362230300903, -0.8738707304000854, -0.4018236994743347, -0.3595867156982422, -0.2957923412322998, 0.8251623511314392, -2.075024366378784, -1.1308655738830566, -0.7340977191925049, 0.4728284180164337, -0.8690348863601685, 0.5522544980049133, 0.41074293851852417, 1.3313770294189453, -0.9866577386856079, 0.10685667395591736, 0.022698797285556793, -2.397944927215576, 0.28824642300605774, -0.840934157371521, 0.8823516964912415, 0.7403389811515808, -2.724372625350952, -0.7421991229057312, 0.7580205202102661, 0.5234664678573608, 1.2494829893112183, 1.5666429996490479, -0.8690430521965027, 1.2918527126312256, 1.8452068567276, -0.147376149892807, -1.5673569440841675, -0.077459417283535, 0.242268368601799, 0.4860919117927551, -0.6362450122833252, -0.0003361031413078308, -0.028976229950785637, 0.5830478072166443, -1.7983465194702148, 0.6554372310638428, -0.05834125354886055]",yunet,Facenet,1920,1080,/home/amos/media/tv/modern_family/Modern.Family.S09.1080p.DSNP.WEB-DL.DDP5.1.H.264-CRFW/Modern.Family.S09E17.Royal.Visit.1080p.DSNP.WEB-DL.DDP5.1.H.264-CRFW.mkv,Modern Family,2009,1442437,9,17,Ty Burrell,15232.0,0.634
300,450,174,660,456,576,288,474,294,0.928,8688,0,"[-1.2268004417419434, -0.8418769836425781, -1.6686358451843262, -1.6137062311172485, 0.9578413963317871, 0.26101401448249817, 0.6279814839363098, -0.1871003955602646, 0.24005353450775146, -0.1547936052083969, 2.3799071311950684, -1.5681214332580566, -0.5193459391593933, -0.4010811746120453, 0.7833768129348755, -0.31467097997665405, -1.3966494798660278, -0.008119143545627594, -1.2798396348953247, -0.6793771982192993, -0.13584566116333008, -2.1871023178100586, 0.8256469964981079, -2.1468021869659424, -0.21394534409046173, 1.235535740852356, 1.780238389968872, -1.24643874168396, -1.020541787147522, 0.7154141068458557, -0.4519170820713043, 1.7034059762954712, -0.3486592173576355, -0.3277345895767212, -0.08709383755922318, 0.6645472049713135, -0.20748388767242432, 0.8277410268783569, 1.3939714431762695, -0.5176317691802979, 0.9056299328804016, 0.5579438805580139, -0.2363719344139099, -1.669863224029541, 0.6587264537811279, -3.1575889587402344, -0.39724990725517273, 1.2707258462905884, 1.7303493022918701, -0.9463293552398682, -0.20143704116344452, 1.439386010169983, -0.17052540183067322, 1.4272459745407104, -0.09121012687683105, -1.8986016511917114, -0.3624137341976166, 1.7406257390975952, -0.5234875679016113, -0.12429185211658478, 0.6893934011459351, -1.3725345134735107, 0.24875891208648682, 1.818909764289856, 1.5078142881393433, -0.06666021049022675, -0.5592987537384033, 1.2334678173065186, 0.9665697813034058, -0.10300473868846893, -1.4009371995925903, 1.2491662502288818, -1.8257665634155273, 0.942639172077179, -0.5777871012687683, -0.6274129748344421, -0.7388584613800049, -0.020421747118234634, -0.6028871536254883, -1.0408271551132202, -1.8737988471984863, 1.6418473720550537, -0.25538232922554016, 0.3619493544101715, -1.6941883563995361, 0.4959709942340851, -0.17522850632667542, -1.277494192123413, -2.442201852798462, -1.1856064796447754, -0.29288727045059204, -0.2117704153060913, 1.041182518005371, 0.7872306108474731, -0.4692898988723755, 2.013320207595825, -2.444319009780884, 0.6265179514884949, -0.6879678964614868, -0.31203797459602356, -0.8696399331092834, -1.345088243484497, -0.3207706809043884, 0.34987255930900574, -0.2660214304924011, 1.3337761163711548, -1.3879024982452393, -0.7052463293075562, -0.46950820088386536, 0.43410319089889526, 0.12498237192630768, -0.6346701383590698, 0.3559858798980713, -0.22398120164871216, 0.6969723701477051, 2.4819703102111816, -1.0988757610321045, -1.7989362478256226, -1.049649953842163, 2.403211832046509, -1.0898226499557495, 0.7137206792831421, 1.0659087896347046, -0.39946165680885315, -2.155435085296631, 0.47584429383277893, 0.6612694263458252, -0.34719526767730713]",yunet,Facenet,1920,1080,/home/amos/media/tv/modern_family/Modern.Family.S09.1080p.DSNP.WEB-DL.DDP5.1.H.264-CRFW/Modern.Family.S09E17.Royal.Visit.1080p.DSNP.WEB-DL.DDP5.1.H.264-CRFW.mkv,Modern Family,2009,1442437,9,17,Chris Geere,62879.0,0.619
301,1542,462,1680,642,1632,522,1572,528,0.923,8688,1,"[0.9246463775634766, -0.1479959934949875, 2.0676968097686768, 0.15751105546951294, -0.7663864493370056, 2.2642977237701416, 0.994900107383728, -0.5119320154190063, 0.27464643120765686, 2.629082202911377, -2.04449725151062, -0.784521222114563, -1.178810954093933, 2.0456106662750244, -0.891934871673584, 0.9037259817123413, -0.9489550590515137, -1.3655279874801636, -0.5091060400009155, -0.8046425580978394, 0.7280676364898682, 0.05317292362451553, 1.1496402025222778, 1.2484360933303833, 1.7158043384552002, 0.27168989181518555, 2.3305745124816895, -0.19743219017982483, 2.0114905834198, 1.535116195678711, -0.6327035427093506, 0.09142206609249115, 0.010329891927540302, 0.0043781474232673645, 0.9714674353599548, -0.8109296560287476, -0.9920024275779724, -0.29579654335975647, -0.7350995540618896, 1.8232316970825195, -0.012323101982474327, -1.6917282342910767, -0.7204680442810059, 1.4090135097503662, 0.04233541339635849, 0.030968844890594482, -0.6647427678108215, 0.16955509781837463, -0.8080719709396362, -1.6543949842453003, -0.01798029989004135, 0.5917642712593079, 0.9397571682929993, 0.12872937321662903, -0.45975396037101746, 0.5362427830696106, 0.8677902817726135, -0.19155901670455933, -0.07243669033050537, -0.09574239701032639, -0.8035341501235962, 0.9431871771812439, -0.7035175561904907, -0.595528244972229, -1.0131779909133911, 0.11631716042757034, 0.14893651008605957, 2.3333911895751953, 0.4127204120159149, -0.883642315864563, -1.2253271341323853, 0.8814024925231934, 1.9403045177459717, -0.7201827168464661, 0.30854853987693787, 0.567318856716156, 1.0340369939804077, 0.09873765707015991, -0.02922787144780159, 0.001966118812561035, -0.8265602588653564, -0.24939829111099243, 0.36374589800834656, -0.706227719783783, 0.1310572773218155, -0.8887015581130981, 0.44171997904777527, -0.8976958990097046, 2.2033746242523193, 0.06421120464801788, -0.5480726957321167, 0.5150360465049744, 0.7032895088195801, -0.2747269570827484, 1.477443814277649, 1.1158419847488403, 0.22038455307483673, -0.7812268733978271, 0.5525051355361938, 0.036065854132175446, 0.6823964715003967, 1.8399354219436646, -1.7187919616699219, -0.46061795949935913, -0.4154929518699646, -0.8000612258911133, -1.0993341207504272, -0.15388241410255432, 1.3785666227340698, -0.9166508913040161, 0.24190782010555267, 0.4739552140235901, 0.1904411017894745, -1.581669569015503, -0.2930966913700104, 1.6272844076156616, 0.5620661973953247, 1.7702531814575195, 0.01326114684343338, -0.8009541034698486, 1.8479328155517578, 0.25904667377471924, 0.05446772649884224, -0.9489411115646362, 1.4195728302001953, 0.8134744167327881, 1.343788504600525, 0.714296281337738]",yunet,Facenet,1920,1080,/home/amos/media/tv/modern_family/Modern.Family.S09.1080p.DSNP.WEB-DL.DDP5.1.H.264-CRFW/Modern.Family.S09E17.Royal.Visit.1080p.DSNP.WEB-DL.DDP5.1.H.264-CRFW.mkv,Modern Family,2009,1442437,9,17,Ariel Winter,42160.0,0.683
302,852,222,1020,432,966,294,894,294,0.923,8688,2,"[-1.4066725969314575, 1.4625897407531738, -1.614768624305725, 1.0568771362304688, 0.2355578988790512, -0.9383673071861267, -0.30550888180732727, -0.7317091822624207, 0.31089457869529724, -0.013817444443702698, 2.300955295562744, -1.3113212585449219, 0.584616482257843, -0.11356540769338608, 0.2568052411079407, 1.3577641248703003, -0.139786034822464, -0.7597947716712952, -2.4432222843170166, 0.6047552824020386, -0.21489539742469788, 1.3780410289764404, -0.10016191005706787, -0.4679233133792877, 1.2478060722351074, 2.1136534214019775, 1.7209579944610596, 0.19670400023460388, 0.816699743270874, 0.07488736510276794, 0.9900840520858765, 0.4397936463356018, -0.04658742994070053, -0.8859056234359741, 0.22272136807441711, 1.0150988101959229, 1.4786839485168457, -0.3017430603504181, 1.1435210704803467, -0.40255868434906006, -0.052129633724689484, 0.44562238454818726, -0.9961532354354858, -1.5339986085891724, 0.4169895350933075, -0.8656782507896423, -0.1579333245754242, -0.6638166904449463, 1.174212098121643, 1.5569961071014404, 0.43979698419570923, 0.3727787435054779, 0.5967586636543274, 1.3002355098724365, -0.6437773108482361, -0.5089125633239746, 2.5499267578125, -0.5242540836334229, 0.7863631248474121, -0.6711966395378113, -0.4360679090023041, -0.11587534844875336, 0.04479499161243439, 0.5025211572647095, 1.3789771795272827, -1.2813881635665894, 0.48871931433677673, -0.5823599696159363, -1.687435507774353, -0.5902116298675537, -1.1500165462493896, 0.7169722318649292, -0.9027566909790039, -0.5075187683105469, 0.5425331592559814, -0.4773983061313629, 0.01268739253282547, 0.8801504969596863, 0.10264646261930466, -0.7868909239768982, -1.3240571022033691, 1.38036048412323, 1.0922913551330566, -0.3399839401245117, -0.17397919297218323, 2.788360595703125, -1.4458017349243164, 2.3204946517944336, -0.7685990333557129, -0.85674649477005, 0.9754931926727295, 0.7083497047424316, 1.231477975845337, -0.6581564545631409, 0.8866750597953796, 1.2153079509735107, -0.3914280831813812, -0.43462035059928894, 0.6976175308227539, -1.7808443307876587, -0.43426138162612915, 0.5778107047080994, -0.15787047147750854, -1.5311942100524902, 0.7690500020980835, 0.6613456606864929, -0.26955142617225647, 3.1507766246795654, 1.639684796333313, 0.06656879931688309, -0.8187098503112793, -0.7446706891059875, 0.8639158010482788, 0.4891831874847412, 0.7823978662490845, 0.7650253772735596, 0.8329530954360962, -0.6400167346000671, 0.35315805673599243, 0.8506559729576111, 0.8446194529533386, -1.2287863492965698, 1.3104028701782227, -2.314983606338501, 0.91402268409729, -1.0038470029830933, 0.6340082287788391, -0.4764641225337982]",yunet,Facenet,1920,1080,/home/amos/media/tv/modern_family/Modern.Family.S09.1080p.DSNP.WEB-DL.DDP5.1.H.264-CRFW/Modern.Family.S09E17.Royal.Visit.1080p.DSNP.WEB-DL.DDP5.1.H.264-CRFW.mkv,Modern Family,2009,1442437,9,17,Jimmy Tatro,1304335.0,0.794
303,888,228,1050,432,996,312,924,312,0.923,8712,0,"[-1.8510279655456543, 1.358533501625061, -1.8566489219665527, 1.0398142337799072, 0.01767202466726303, -0.5365588665008545, -0.26042401790618896, -0.7577866315841675, 0.7468369007110596, 0.4782409369945526, 2.7393107414245605, -1.5214604139328003, 0.3325049877166748, -0.7505818605422974, 0.951501727104187, 1.4931799173355103, -0.3527621626853943, 0.11654779314994812, -2.206662178039551, 0.42384225130081177, -0.3957313001155853, 1.1384066343307495, -0.3179536461830139, 0.18604779243469238, 0.7400654554367065, 2.5827901363372803, 1.9207655191421509, -0.1447496861219406, 0.5089420676231384, 0.003904324024915695, 1.078665018081665, 0.5802662372589111, -0.22784356772899628, -0.7206323146820068, 0.7789958715438843, 0.901443362236023, 1.4567700624465942, -0.15193438529968262, 1.216496229171753, -0.19830891489982605, 0.17611004412174225, 0.0026616016402840614, -0.11473293602466583, -1.5879650115966797, 0.6115869283676147, -0.7711093425750732, 0.7578412890434265, -1.0572024583816528, 1.1217149496078491, 1.3827451467514038, 0.2781628370285034, 0.15150153636932373, 0.5850794911384583, 1.923893928527832, -0.8126795887947083, -0.6629403233528137, 2.52148699760437, -0.1112985908985138, 0.3903387486934662, -1.1527761220932007, -0.1745617389678955, 0.16032998263835907, 0.1535889208316803, 0.4736575186252594, 1.7996784448623657, -1.21907377243042, 0.7444948554039001, -0.519394040107727, -1.4174529314041138, -1.0123562812805176, -0.8054079413414001, 0.08331048488616943, -0.6284669637680054, -0.13416415452957153, 0.17961812019348145, -0.5269386172294617, -0.2120576798915863, 0.41500043869018555, -0.23436108231544495, -0.6159879565238953, -0.988826334476471, 0.6745955944061279, 0.9954349994659424, -0.18780331313610077, -0.3170541226863861, 2.7350454330444336, -1.2495824098587036, 3.2871251106262207, -0.4462548792362213, -0.8247848749160767, 0.4174842834472656, 0.24426555633544922, 1.6540225744247437, -0.16429343819618225, 0.6631728410720825, 1.2911138534545898, -0.8131744265556335, -0.17508649826049805, 0.6397190690040588, -1.5026320219039917, -0.48541325330734253, 0.40140822529792786, 0.07448998838663101, -1.413814663887024, 0.8533021211624146, 0.7197170257568359, -0.7902286052703857, 3.487318515777588, 1.9742579460144043, 0.193608820438385, -0.5112714171409607, -0.794681191444397, 0.6413347721099854, 0.603174090385437, 0.1158468946814537, 0.4410910904407501, 0.46595361828804016, -1.0311459302902222, 0.654451310634613, 0.9570704102516174, -0.0802784115076065, -1.0672649145126343, 1.2815544605255127, -1.9453524351119995, 0.8028290271759033, -0.4336501359939575, 1.2177029848098755, -0.6691190600395203]",yunet,Facenet,1920,1080,/home/amos/media/tv/modern_family/Modern.Family.S09.1080p.DSNP.WEB-DL.DDP5.1.H.264-CRFW/Modern.Family.S09E17.Royal.Visit.1080p.DSNP.WEB-DL.DDP5.1.H.264-CRFW.mkv,Modern Family,2009,1442437,9,17,Jimmy Tatro,1304335.0,0.781
304,1026,372,1212,618,1122,468,1074,462,0.916,8712,1,"[-0.4729492962360382, 0.025312386453151703, 0.5336032509803772, 2.062960147857666, -0.23552298545837402, 0.9395337104797363, 0.9181910157203674, -1.6353130340576172, -0.44345545768737793, 2.5793416500091553, -0.7960038185119629, 1.2085456848144531, 0.911100447177887, 0.506534218788147, -0.0367150604724884, -0.5319116115570068, -0.34353554248809814, -1.1635926961898804, -1.906197428703308, 1.1975680589675903, -0.8608947992324829, 1.5575114488601685, -0.11381346732378006, -0.46023473143577576, -0.7781473398208618, -0.25976482033729553, 0.869905948638916, -0.552060067653656, 1.764811396598816, 0.28145697712898254, -0.1632501631975174, -1.6910006999969482, -2.0662875175476074, -1.1735048294067383, 1.5370162725448608, -1.8194162845611572, -0.28489354252815247, 0.07662680000066757, 0.6452187895774841, -2.445187568664551, -0.8181981444358826, -0.1418953388929367, -0.5629472732543945, 1.8694475889205933, 0.598296046257019, -1.028384804725647, 1.019223928451538, 0.030010856688022614, -0.30150699615478516, 1.5629674196243286, -1.268944501876831, 1.2956140041351318, 0.4079258441925049, -0.7804098725318909, -1.1781715154647827, 0.1886848658323288, 2.5851011276245117, 1.0306094884872437, -0.30250829458236694, -0.6962311267852783, -0.7354594469070435, 1.0259970426559448, -0.15930213034152985, 0.43743011355400085, -0.3288351595401764, 2.3863754272460938, 0.3512616455554962, -0.4767901599407196, -0.6688019633293152, -0.353250652551651, -0.6097795367240906, -0.03674473613500595, -0.2540534436702728, 0.535186231136322, -0.1874495893716812, -0.3536301255226135, -0.8482754230499268, -2.1160409450531006, 0.1355488896369934, 0.10548441112041473, -0.0816786140203476, -0.807520866394043, 1.0695407390594482, 2.204306125640869, 0.5811370015144348, -1.1862884759902954, 0.6947560906410217, 0.6740112900733948, 0.027199499309062958, -1.8459120988845825, -1.7329567670822144, -0.13751520216464996, 0.1880328208208084, 0.3099004924297333, 1.693510890007019, 0.6075630187988281, 0.8122703433036804, -0.2031954824924469, 0.3884578049182892, -2.4692904949188232, -0.03758437559008598, 0.14603373408317566, -2.2822256088256836, 1.1452162265777588, 1.262147068977356, 1.3986637592315674, 0.8910399675369263, -0.7832381725311279, 2.585752010345459, -0.6356254816055298, 1.7265400886535645, 0.42960506677627563, 1.1766356229782104, 1.393162727355957, -0.8455666303634644, 0.8542811870574951, -0.7567086219787598, 1.1220269203186035, -0.8333355784416199, 0.3370172381401062, 1.548699975013733, -0.2530975639820099, -0.43471360206604004, -0.5707686543464661, -0.16639578342437744, 0.6110745668411255, 1.2393696308135986, -1.7431334257125854]",yunet,Facenet,1920,1080,/home/amos/media/tv/modern_family/Modern.Family.S09.1080p.DSNP.WEB-DL.DDP5.1.H.264-CRFW/Modern.Family.S09E17.Royal.Visit.1080p.DSNP.WEB-DL.DDP5.1.H.264-CRFW.mkv,Modern Family,2009,1442437,9,17,Sarah Hyland,91351.0,0.608
305,1590,456,1734,642,1686,522,1620,528,0.91,8712,2,"[-0.5700258016586304, -0.38266605138778687, 1.902811050415039, 0.6551159024238586, -0.6614683866500854, 1.0650156736373901, 1.2844600677490234, -1.5420798063278198, -0.32778653502464294, 2.5470619201660156, -1.624391794204712, -0.39495351910591125, -0.23560141026973724, 1.5119057893753052, -0.5471022129058838, 1.4285396337509155, -0.5275231599807739, -1.670306921005249, -1.1371071338653564, -0.20589664578437805, 0.5387586355209351, -0.10493670403957367, 0.1986369788646698, 1.5767593383789062, 1.1844896078109741, 0.691695511341095, 2.165276527404785, 0.18464922904968262, 2.269796848297119, 1.9326467514038086, 0.16373050212860107, -0.021298859268426895, -0.04223701357841492, 0.4948820471763611, 1.6716187000274658, -0.7269983291625977, -1.4004278182983398, -0.11202412098646164, 0.11113856732845306, 2.1444931030273438, -0.19479404389858246, -1.2136383056640625, -0.9243993759155273, 1.815742015838623, 0.46133801341056824, -0.6738499402999878, -0.5679063200950623, 0.6668037176132202, 0.08939185738563538, -2.0230190753936768, 0.5162955522537231, 0.882138192653656, 0.4287549555301666, 0.3927576541900635, -0.6947702169418335, 0.06298331916332245, 0.9266835451126099, -0.21508169174194336, -0.17841608822345734, 0.8890490531921387, -0.7550118565559387, 0.7606064081192017, -1.4249210357666016, -1.7324141263961792, -0.7692686915397644, 0.05433747172355652, 0.39823222160339355, 2.3735923767089844, 0.6487886905670166, -0.37114742398262024, -1.0471700429916382, 0.4523942768573761, 1.3626372814178467, -0.8357065916061401, 0.5215134024620056, 0.19857187569141388, 1.3700515031814575, -0.32769575715065, -0.06048388034105301, -0.07538294047117233, -0.24153122305870056, -0.3230263590812683, 0.5300015211105347, -0.6883242130279541, -1.0529680252075195, 0.5423195362091064, 0.1618114858865738, -0.5004825592041016, 1.2053595781326294, -0.13953906297683716, -0.26238054037094116, 0.807932436466217, 0.8843950629234314, -0.6598082184791565, 1.6313660144805908, 1.5719083547592163, 0.3528664708137512, -0.7715544104576111, 0.7842992544174194, 0.6420390605926514, 0.5835625529289246, 1.785855770111084, -2.4675750732421875, -0.1824491024017334, -0.5691139101982117, -0.7341234683990479, -0.9035177826881409, -0.619878888130188, 1.0258369445800781, -1.1645827293395996, -0.25233614444732666, 0.18994450569152832, 0.30026131868362427, -2.3885679244995117, -0.0010579358786344528, 1.2498921155929565, 0.514234185218811, 1.6218403577804565, -0.0630122646689415, -0.7040982246398926, 2.009979248046875, -0.18759261071681976, 0.5461610555648804, -1.973798155784607, 1.5357768535614014, 1.1057626008987427, 1.5777381658554077, 0.7308805584907532]",yunet,Facenet,1920,1080,/home/amos/media/tv/modern_family/Modern.Family.S09.1080p.DSNP.WEB-DL.DDP5.1.H.264-CRFW/Modern.Family.S09E17.Royal.Visit.1080p.DSNP.WEB-DL.DDP5.1.H.264-CRFW.mkv,Modern Family,2009,1442437,9,17,Ariel Winter,42160.0,0.672
306,468,198,690,486,648,330,546,324,0.905,8712,3,"[-0.25251832604408264, -0.5927402973175049, -1.4173663854599, -1.1818214654922485, 1.7793127298355103, 2.1046149730682373, 1.331419587135315, 0.9157800674438477, -0.15195651352405548, -0.41266554594039917, 1.4979846477508545, -1.8478280305862427, -2.193730115890503, 0.23822957277297974, -0.31295427680015564, 0.7242948412895203, -1.6817744970321655, -1.5641343593597412, -0.5970322489738464, -1.0038431882858276, 0.21887248754501343, 0.8479343056678772, 1.1607019901275635, -1.2187576293945312, -0.46105334162712097, 1.1013864278793335, 0.6812853813171387, -2.5531983375549316, 0.2710420489311218, 0.7393223643302917, -0.2518022954463959, 1.6689116954803467, 0.004097954370081425, -0.14187420904636383, -0.3030766248703003, 0.6066140532493591, 0.34048110246658325, 1.4066152572631836, 0.7210618853569031, -0.9664843082427979, 1.0335067510604858, 0.2754765748977661, -1.775699496269226, -1.8136851787567139, 0.8024569153785706, -1.054427146911621, -0.11267359554767609, 1.2209134101867676, 1.1991603374481201, -0.11822637915611267, -0.1058599054813385, 1.0821493864059448, -0.22133871912956238, -0.33452051877975464, -0.27636057138442993, -0.9705777168273926, -0.7366226315498352, 0.9139810800552368, 0.12121438980102539, -0.10505653917789459, 0.22085165977478027, -1.0687111616134644, -0.845549464225769, 1.6783443689346313, 0.6085763573646545, 0.0919903963804245, 0.42247191071510315, 2.256856679916382, 0.47863709926605225, -0.1986599564552307, -0.8339343070983887, 1.1346830129623413, -1.5908260345458984, 1.6707582473754883, 0.14928925037384033, 0.09435804188251495, -1.1265825033187866, 1.7421860694885254, -1.555704116821289, 0.5463558435440063, -3.523742198944092, 1.3054288625717163, -1.3333534002304077, -0.28141409158706665, -1.4287322759628296, -0.04192769154906273, 0.7542456388473511, -1.1156352758407593, -1.5460036993026733, -1.9578511714935303, 0.745140552520752, 0.8357908129692078, 1.5337692499160767, 0.04761501029133797, 1.0008352994918823, 0.6153371334075928, -0.8759284019470215, 1.2383393049240112, -0.6065583229064941, -0.19512714445590973, -1.5490853786468506, -2.681476354598999, -2.1198153495788574, 0.39860981702804565, -0.1358458399772644, -0.025997983291745186, 0.2970251441001892, -0.9271459579467773, 0.14926917850971222, 1.1503466367721558, -0.9975420832633972, -1.1870779991149902, 1.6721558570861816, -0.37740904092788696, 0.1342822164297104, 2.139536142349243, -0.3248802125453949, -1.1500965356826782, -1.6650601625442505, 1.8508061170578003, -1.2005890607833862, 1.2142455577850342, 0.4587114453315735, 0.6630229949951172, -0.8371371030807495, -0.23801350593566895, -1.0513455867767334, 0.30170661211013794]",yunet,Facenet,1920,1080,/home/amos/media/tv/modern_family/Modern.Family.S09.1080p.DSNP.WEB-DL.DDP5.1.H.264-CRFW/Modern.Family.S09E17.Royal.Visit.1080p.DSNP.WEB-DL.DDP5.1.H.264-CRFW.mkv,Modern Family,2009,1442437,9,17,Chris Geere,62879.0,0.544
307,1500,432,1650,624,1602,510,1536,510,0.924,8736,0,"[-0.16593244671821594, -0.13728925585746765, 1.561754584312439, -0.107429638504982, -0.00687237037345767, 1.4230455160140991, 0.7473347187042236, -1.5902047157287598, 0.8313876986503601, 2.344675302505493, -0.18021592497825623, 0.2800046503543854, -1.3476876020431519, 0.7806850671768188, -0.5524483919143677, 1.7125496864318848, 0.10322056710720062, -1.1339951753616333, -1.2021563053131104, -0.7518205642700195, 0.2382315695285797, 0.24142052233219147, -0.44188442826271057, 1.443442702293396, 1.1499985456466675, 0.3155550956726074, 2.211230993270874, -0.3980700373649597, 2.6265218257904053, 2.0471930503845215, 0.7227851152420044, -0.3387468755245209, -0.3576771914958954, -0.41228345036506653, 2.0219061374664307, -0.4068676829338074, -1.7315363883972168, 0.008968256413936615, -0.12535274028778076, 1.5525020360946655, -0.48663413524627686, -2.235426664352417, -0.2721891701221466, 2.3985652923583984, 0.35803043842315674, -0.32491058111190796, -0.20415528118610382, -0.9457671642303467, -0.5896146893501282, -1.0187190771102905, -0.3826308250427246, -0.3126899003982544, 0.9950615167617798, 0.8762051463127136, -0.6481026411056519, -0.5045782327651978, 0.5192893147468567, -0.7054747343063354, -0.2150697559118271, 0.04389201104640961, -0.73713618516922, 0.9887498021125793, -0.39455416798591614, -1.8479461669921875, -0.28006550669670105, 1.323030710220337, -0.014348462224006653, 1.6765246391296387, 0.42309439182281494, -0.14576292037963867, -0.9395943880081177, 0.10599017143249512, 1.0267555713653564, -0.8087253570556641, 0.028019187971949577, 0.2976187765598297, 1.6093298196792603, -0.4896150827407837, 0.7166897058486938, 0.636034369468689, -0.2747971713542938, -0.5202057361602783, 0.49679818749427795, -0.3093690872192383, -0.27854207158088684, -0.2575398087501526, -0.1446407288312912, -0.3608953356742859, 1.7819645404815674, 0.01874973066151142, 0.0055053383111953735, 0.1041548028588295, 0.23880216479301453, -1.09498131275177, 1.3731688261032104, 1.4727964401245117, 0.06076820567250252, -0.14197218418121338, 0.3749414384365082, -0.19964055716991425, 0.08442465960979462, 1.2163840532302856, -1.2244242429733276, 0.6649385690689087, 0.2896196246147156, 0.36759328842163086, -0.49779728055000305, 0.44184550642967224, 1.2719544172286987, -1.0848381519317627, 1.1848976612091064, -0.00962945818901062, 0.7302809953689575, -1.7759835720062256, -0.35918864607810974, 0.5274640321731567, 0.4882430136203766, 1.8810056447982788, 0.4502549171447754, -1.3252639770507812, 1.850020408630371, 0.18489567935466766, 0.9590974450111389, -1.3432602882385254, 1.5359283685684204, 0.6685066223144531, 0.9105430245399475, -0.13100972771644592]",yunet,Facenet,1920,1080,/home/amos/media/tv/modern_family/Modern.Family.S09.1080p.DSNP.WEB-DL.DDP5.1.H.264-CRFW/Modern.Family.S09E17.Royal.Visit.1080p.DSNP.WEB-DL.DDP5.1.H.264-CRFW.mkv,Modern Family,2009,1442437,9,17,Ariel Winter,42160.0,0.687
308,828,216,996,432,960,300,882,300,0.92,8736,1,"[-0.6928068399429321, 1.2534642219543457, -1.7391704320907593, 0.1528806984424591, 0.2956334948539734, -0.7042384147644043, -0.041897714138031006, -1.3505885601043701, 0.2364877462387085, -0.16398635506629944, 1.1595468521118164, -1.3792320489883423, 0.6698072552680969, -0.49183741211891174, 0.3930487036705017, 1.415848970413208, -0.5869190692901611, -0.35950225591659546, -1.4438624382019043, -0.6523468494415283, -0.8422647714614868, 2.127047061920166, -1.837506651878357, -0.5147259831428528, -0.06968080997467041, 1.8505120277404785, 1.5460984706878662, 0.9857614040374756, 0.32682543992996216, 0.6571366786956787, 1.4433962106704712, 1.0403434038162231, 0.4509553015232086, -0.9021726846694946, -0.06606113910675049, 0.2967376410961151, 1.0656791925430298, -1.5077797174453735, 1.8955543041229248, -0.7586387395858765, 0.3849077820777893, -0.4162743389606476, -0.8637955188751221, -2.54040789604187, 1.2807334661483765, -1.244614601135254, 0.0949859619140625, -0.7561002969741821, 0.9851908087730408, 1.4535259008407593, -0.3944637179374695, -0.29253554344177246, -0.14368167519569397, 2.0428481101989746, -0.7339150905609131, -0.7649958729743958, 2.3319685459136963, -0.9844416975975037, -0.3478183448314667, -0.5722489953041077, -0.7732327580451965, -0.8199690580368042, 1.115468978881836, 1.2477988004684448, 1.2166694402694702, -0.6720651388168335, 1.370318055152893, -1.296331524848938, -1.371298909187317, -0.7560666799545288, -0.25033414363861084, 0.2995331585407257, 0.11856836080551147, -0.5127271413803101, 0.8094065189361572, -0.9172549247741699, -0.4231119453907013, 0.6193188428878784, 1.708928108215332, -0.0032493621110916138, -0.9442641139030457, 1.5465497970581055, 1.5347083806991577, -0.9054720401763916, -0.3841860294342041, 2.474066734313965, -1.9147998094558716, 2.7711105346679688, 0.5514819622039795, -0.19846437871456146, 0.9468996524810791, 0.8856737613677979, 0.593222439289093, -0.4935537874698639, 1.6029858589172363, 0.792824387550354, -1.645078182220459, 0.04602528363466263, 0.20563769340515137, -1.4387010335922241, 0.2451319843530655, 0.9639434218406677, 0.1493447721004486, -1.1001652479171753, 0.9423087239265442, 1.0104070901870728, -0.7480112910270691, 3.0117573738098145, 0.9080473184585571, -0.21432168781757355, -1.231378436088562, -0.49001216888427734, -0.4628431499004364, 1.0238404273986816, 0.48072177171707153, -0.22135362029075623, 0.9974141120910645, -0.411953866481781, 0.0355716198682785, 0.6120778322219849, -0.2140294760465622, 0.11367818713188171, 2.4971866607666016, -1.8046969175338745, 0.8442050218582153, -0.2376755177974701, 0.7888448238372803, -0.9405612945556641]",yunet,Facenet,1920,1080,/home/amos/media/tv/modern_family/Modern.Family.S09.1080p.DSNP.WEB-DL.DDP5.1.H.264-CRFW/Modern.Family.S09E17.Royal.Visit.1080p.DSNP.WEB-DL.DDP5.1.H.264-CRFW.mkv,Modern Family,2009,1442437,9,17,Jimmy Tatro,1304335.0,0.739
309,774,204,948,420,900,288,828,288,0.924,8760,0,"[-0.6509567499160767, 1.4589511156082153, -1.8088321685791016, 0.8513336777687073, -0.11680760234594345, -0.5179531574249268, -0.035318031907081604, -1.485095500946045, 1.1288702487945557, 0.09559930860996246, 1.877882480621338, -1.440443754196167, 0.42529648542404175, -0.9092572927474976, 0.2184773087501526, 2.012808084487915, -0.20819684863090515, -0.19396737217903137, -2.172260046005249, 0.30474212765693665, -0.4517909288406372, 1.937732458114624, -1.0695550441741943, -0.1549331247806549, 0.10521538555622101, 2.6793594360351562, 2.2096307277679443, 0.36132246255874634, 0.9004049301147461, 0.9306549429893494, 1.0006964206695557, 1.2314610481262207, 0.16688285768032074, -1.0737316608428955, 0.28653231263160706, 0.1740313321352005, 0.8101473450660706, -0.5519409775733948, 1.3944556713104248, 0.2917754054069519, 0.12285778671503067, -0.5562342405319214, -0.08898311853408813, -2.4818999767303467, 1.2029691934585571, -1.2217234373092651, -0.022195965051651, -0.7892260551452637, 1.113203763961792, 0.8956822156906128, 0.7399964928627014, -0.5186743140220642, 0.30213233828544617, 2.0791068077087402, -0.6981991529464722, -0.9413586854934692, 2.616380214691162, -0.5372068881988525, -0.5528091192245483, -0.904839813709259, -0.9611790776252747, -0.4196011424064636, 0.7482448220252991, 0.9728143215179443, 1.4541118144989014, -0.89971923828125, 1.760704517364502, -0.4911605715751648, -1.497323751449585, -1.022323489189148, -0.35721057653427124, 0.5658217668533325, 0.11644896864891052, 0.14331954717636108, 0.4155553877353668, -0.8928415775299072, -0.20013895630836487, 0.4042293131351471, 0.7071896195411682, -1.0037013292312622, -0.9140023589134216, 1.1741893291473389, 1.1391545534133911, -0.8169539570808411, -1.0391981601715088, 2.1362414360046387, -1.7356194257736206, 2.163841724395752, -0.10614240169525146, -1.089752197265625, 0.7256692051887512, 0.40637433528900146, 1.7393532991409302, -0.3260510563850403, 1.0401580333709717, 0.6211839914321899, -1.0622637271881104, 0.7882049679756165, -0.12079684436321259, -2.0674073696136475, 0.4646666646003723, 0.18288257718086243, -0.1320495903491974, -0.8519719839096069, 0.6278296113014221, 0.9200445413589478, -1.256872534751892, 2.4237253665924072, 0.9435775876045227, 0.45643350481987, -0.6621167659759521, -0.02960539609193802, 0.4318259358406067, 0.6000862717628479, 0.1907452940940857, 0.012269556522369385, 0.07341323047876358, -0.851737380027771, 0.2940671741962433, 0.9166913628578186, -0.20477358996868134, -0.4446588158607483, 2.281697988510132, -1.9416334629058838, 0.9760334491729736, 0.22938424348831177, 1.0020486116409302, -0.49717459082603455]",yunet,Facenet,1920,1080,/home/amos/media/tv/modern_family/Modern.Family.S09.1080p.DSNP.WEB-DL.DDP5.1.H.264-CRFW/Modern.Family.S09E17.Royal.Visit.1080p.DSNP.WEB-DL.DDP5.1.H.264-CRFW.mkv,Modern Family,2009,1442437,9,17,Jimmy Tatro,1304335.0,0.779
310,1470,426,1620,606,1584,492,1506,492,0.911,8760,1,"[0.08193132281303406, 0.06891579926013947, 1.147393822669983, -0.02315015345811844, 0.4794427156448364, 1.5598026514053345, 0.7530527114868164, -0.7250016331672668, -0.3519926369190216, 2.2193846702575684, -0.030655521899461746, 0.2845875024795532, -1.8596891164779663, 1.3263670206069946, -0.0014267340302467346, 1.4507688283920288, 0.5817065238952637, -1.7057561874389648, -1.509217381477356, -0.7219405174255371, -0.3029269278049469, -0.12474707514047623, 0.05598288029432297, 1.0350377559661865, 1.1909973621368408, 0.7263544797897339, 1.97848379611969, -0.08423538506031036, 2.6817374229431152, 1.8817453384399414, 0.784516453742981, -0.384363055229187, -0.15140610933303833, -0.6641033291816711, 2.0264384746551514, 0.04465971514582634, -1.5315890312194824, 0.36133167147636414, -0.11904244124889374, 1.95860755443573, -0.4383944272994995, -1.5155401229858398, -0.6904400587081909, 2.18511700630188, 0.7563342452049255, -0.48162341117858887, -0.2647075355052948, -0.12119795382022858, -0.6073072552680969, -0.8866308927536011, -0.46495920419692993, 0.7879973649978638, 1.2013615369796753, 0.6193633675575256, -0.4418977200984955, 0.8367336392402649, 1.107957363128662, -0.4613126218318939, 0.8013278245925903, 0.505222499370575, -0.31635424494743347, 0.6115452647209167, 0.4602773189544678, -0.9245114922523499, -0.3365723490715027, 0.6580094695091248, -0.40146517753601074, 2.0855681896209717, 0.4890730381011963, -0.2701922357082367, -1.7737106084823608, 0.7150776386260986, 0.3463464677333832, -0.36652427911758423, 0.2627207040786743, 0.24692091345787048, 1.053468942642212, -0.5127007961273193, -0.1019534021615982, 0.43839317560195923, -0.7619685530662537, 0.03993970900774002, -0.11760736256837845, -0.23252014815807343, -0.17016693949699402, -0.837491512298584, -0.12912344932556152, -0.6225312948226929, 1.513000249862671, -0.3428138494491577, -0.9637063145637512, 0.115641750395298, 0.7313007712364197, -1.2852205038070679, 1.337073564529419, 0.8685048818588257, 0.4818594455718994, -0.9450723528862, 0.6263282299041748, 0.30953076481819153, -0.45651131868362427, 0.8577804565429688, -1.981916069984436, 1.1503314971923828, 0.7143985033035278, -0.06581041216850281, -0.6373510956764221, 0.09170172363519669, 1.7713534832000732, -0.7189057469367981, 1.0035184621810913, 0.22098758816719055, 1.1441298723220825, -1.2188584804534912, -0.13708707690238953, 0.6882522106170654, 0.4050884544849396, 1.9110676050186157, 0.8682126998901367, -1.1847798824310303, 2.3318843841552734, 0.3086671531200409, 0.6466524600982666, -1.7287001609802246, 0.7631478905677795, 0.9012704491615295, 0.770164430141449, -0.2533448338508606]",yunet,Facenet,1920,1080,/home/amos/media/tv/modern_family/Modern.Family.S09.1080p.DSNP.WEB-DL.DDP5.1.H.264-CRFW/Modern.Family.S09E17.Royal.Visit.1080p.DSNP.WEB-DL.DDP5.1.H.264-CRFW.mkv,Modern Family,2009,1442437,9,17,Ariel Winter,42160.0,0.676
311,828,234,990,450,948,312,870,312,0.928,8784,0,"[-0.7972104549407959, 1.3176358938217163, -1.2445930242538452, 1.079688310623169, 0.018829112872481346, -0.9867135882377625, 0.4735862612724304, -1.88491690158844, 1.1150022745132446, 0.4266819357872009, 1.8280038833618164, -2.263373374938965, 0.4514262080192566, -0.4519460201263428, 0.20155587792396545, 1.8803850412368774, -0.16423290967941284, -0.49569612741470337, -2.3545844554901123, -0.24751093983650208, -0.3961111903190613, 1.6373955011367798, -0.4416823983192444, -0.089070163667202, 1.0334936380386353, 2.4946913719177246, 2.300438642501831, 0.38865745067596436, 0.9606695175170898, 0.6587181687355042, 0.3951357901096344, 0.9446848630905151, -0.23947542905807495, -0.4435034990310669, 0.873479962348938, 0.8687267303466797, -0.1711145043373108, -0.34459444880485535, 1.3505258560180664, -0.6683751344680786, -0.03528815507888794, -0.6916022896766663, -0.49758556485176086, -2.1967523097991943, 0.9150815010070801, -1.2361057996749878, -0.4070833623409271, -0.8905328512191772, 0.7359216809272766, 0.6770774126052856, 1.1203213930130005, -0.29970937967300415, 0.5026164650917053, 1.7070189714431763, -0.9291947484016418, -1.1710339784622192, 2.425142765045166, -0.7838664054870605, -0.665248453617096, -0.904365062713623, -1.149358868598938, -0.3744075894355774, 0.37169089913368225, 0.6475095152854919, 1.613956332206726, -1.549796462059021, 1.2590385675430298, -1.240622639656067, -0.9271010160446167, -0.4732179641723633, -0.027895763516426086, 0.03714422881603241, -0.3104042708873749, -0.36823832988739014, 0.2399965524673462, -0.7813346982002258, 0.09953781962394714, 0.41123726963996887, 1.3447258472442627, -1.3372396230697632, 0.3132033050060272, 1.4381293058395386, 1.3565181493759155, -0.8928823471069336, -0.8295814990997314, 2.253986358642578, -1.0088645219802856, 1.5553603172302246, -0.4260149896144867, -0.999483585357666, 0.9293529391288757, 1.2104754447937012, 1.50031316280365, 0.2469528615474701, 0.8732940554618835, 1.312384843826294, -1.303741455078125, 0.5281108617782593, -0.11737947911024094, -1.5312498807907104, -0.04643486812710762, 0.6638036966323853, -0.22772914171218872, -1.159282922744751, 0.638958215713501, 1.094578742980957, -1.233416199684143, 2.4526772499084473, 0.45331305265426636, -0.32173264026641846, -0.9702116847038269, 0.21878795325756073, 0.2066463679075241, 0.5862898826599121, 0.585957944393158, 0.2582336962223053, 0.6242157220840454, -0.860054612159729, -0.19185829162597656, 1.2085939645767212, 0.2717130780220032, -0.8311740159988403, 2.0632433891296387, -1.8150280714035034, 1.12204909324646, 0.4509364068508148, 1.3980176448822021, -0.7531640529632568]",yunet,Facenet,1920,1080,/home/amos/media/tv/modern_family/Modern.Family.S09.1080p.DSNP.WEB-DL.DDP5.1.H.264-CRFW/Modern.Family.S09E17.Royal.Visit.1080p.DSNP.WEB-DL.DDP5.1.H.264-CRFW.mkv,Modern Family,2009,1442437,9,17,Jimmy Tatro,1304335.0,0.776
312,1542,432,1692,624,1644,510,1566,510,0.925,8784,1,"[0.3754778206348419, 0.4894382655620575, 1.495497465133667, 0.13988888263702393, 0.06016932427883148, 1.8350911140441895, 0.8692220449447632, -1.4281564950942993, 0.3413711190223694, 1.7433935403823853, -0.4346531629562378, 0.3642634153366089, -1.5489448308944702, 1.2441397905349731, -0.26488178968429565, 1.6943213939666748, 0.10255913436412811, -1.1426515579223633, -1.2160565853118896, -0.40675538778305054, -0.47996896505355835, 0.18773253262043, 0.4548526406288147, 1.3135555982589722, 1.1578071117401123, 0.4833270013332367, 1.7888292074203491, -0.14756716787815094, 2.927290916442871, 1.856454610824585, 0.0690653994679451, -0.801491379737854, -0.2678559124469757, -0.5219325423240662, 1.4677679538726807, 0.2228478491306305, -1.5321518182754517, 0.12139841914176941, -0.513874888420105, 1.7416657209396362, -0.2583557367324829, -2.0670931339263916, -0.7927905321121216, 2.22174072265625, 0.9881365299224854, -0.23628364503383636, -0.9799872040748596, -0.1131935864686966, -0.43061524629592896, -1.1213269233703613, 0.16851608455181122, 0.013508404605090618, 0.9002261757850647, 0.7880300283432007, -0.9477051496505737, 0.8688144683837891, 0.8217082619667053, -0.5966063737869263, 0.22702772915363312, 0.4022057354450226, -0.9576932191848755, 1.1537883281707764, 0.07543709129095078, -0.8876636028289795, -0.41053271293640137, 1.2262153625488281, 0.08680218458175659, 1.8066984415054321, 0.81839919090271, -0.2894110083580017, -1.3446135520935059, 0.7405133247375488, 0.8323222398757935, -0.3788749575614929, 0.3855746388435364, 0.08802540600299835, 0.7889084815979004, -0.5751886963844299, -0.026580866426229477, 0.45713984966278076, -0.6090805530548096, 0.06639273464679718, 0.02415008842945099, -0.43482980132102966, -0.001349039375782013, -0.8412814140319824, 0.06589923053979874, -0.27098315954208374, 1.5402746200561523, -0.4262380003929138, -0.10013114660978317, 0.25119781494140625, 1.2242276668548584, -1.1910511255264282, 0.7884847521781921, 1.000681757926941, 0.6138638854026794, -0.9181190729141235, 0.2009362429380417, 0.23081083595752716, -0.3902398943901062, 1.0924502611160278, -1.4967576265335083, 1.0401298999786377, 0.12632879614830017, -0.13617241382598877, -0.68008953332901, -0.18232020735740662, 1.5096075534820557, -0.7707265019416809, 0.8596028685569763, 0.6505033373832703, 0.6841177940368652, -1.4668769836425781, -0.00673847459256649, 0.8958489894866943, 0.6654137372970581, 2.1939587593078613, 0.6112878322601318, -1.1672842502593994, 2.157883882522583, 0.395699143409729, 1.537741780281067, -1.8905720710754395, 1.1312997341156006, 0.7278479933738708, 1.0033372640609741, 0.1973380446434021]",yunet,Facenet,1920,1080,/home/amos/media/tv/modern_family/Modern.Family.S09.1080p.DSNP.WEB-DL.DDP5.1.H.264-CRFW/Modern.Family.S09E17.Royal.Visit.1080p.DSNP.WEB-DL.DDP5.1.H.264-CRFW.mkv,Modern Family,2009,1442437,9,17,Ariel Winter,42160.0,0.709
313,402,96,618,378,582,210,486,210,0.92,8784,2,"[0.17368271946907043, -2.2580482959747314, -0.9300356507301331, -1.3929486274719238, 0.6918870806694031, 0.9099556803703308, 0.5011863112449646, 0.6514348387718201, 0.6343660950660706, -0.48070216178894043, 0.3618030250072479, -0.922590970993042, -0.9247408509254456, 0.5005296468734741, -0.24434444308280945, -0.7887739539146423, -0.8114972114562988, -0.6553972363471985, 0.6226162314414978, -1.283668041229248, -0.21899695694446564, -1.1914697885513306, 0.0781821683049202, -2.135565996170044, -1.0445756912231445, 0.22355934977531433, 0.9380091428756714, -2.4542646408081055, -1.0323457717895508, 0.2945959270000458, -0.9187102317810059, 1.8386708498001099, -0.6119985580444336, -0.5444708466529846, -0.9952092170715332, 1.1832983493804932, -0.1825505495071411, 1.583099603652954, 1.4296693801879883, -1.3344584703445435, 1.7974735498428345, 0.9836851358413696, -1.5662044286727905, -1.8325474262237549, 0.3589337170124054, -1.2767406702041626, -0.47873085737228394, 1.4620025157928467, 0.5707578063011169, -0.07291556149721146, -0.3356512784957886, 0.5931831002235413, -0.8862603306770325, 0.060621246695518494, 0.8852012157440186, -2.3507819175720215, -0.19349981844425201, 2.068366289138794, -1.1769514083862305, -1.0580586194992065, -0.4028110206127167, -2.115294933319092, -0.21806758642196655, 1.4965587854385376, 0.8358895182609558, 0.27782535552978516, -0.10960929840803146, 0.12537094950675964, 0.08434537053108215, -0.3606394827365875, -0.23674754798412323, 0.7182207107543945, -1.9304805994033813, 1.2141789197921753, 0.22726422548294067, -0.9581834673881531, -2.398926019668579, 0.8223381042480469, -0.47396427392959595, 0.1479150503873825, -2.115182638168335, 0.3153475224971771, 0.3393559455871582, -0.9638227820396423, -2.240811824798584, 0.7184633016586304, 0.3959976136684418, -0.12552261352539062, -1.9205093383789062, -1.1563514471054077, 0.6513403654098511, 0.47955435514450073, 0.521770715713501, 0.7024632692337036, 0.5004655122756958, 1.3973333835601807, -1.1560505628585815, 0.8982833027839661, -0.6611737012863159, 0.39265677332878113, -1.3552013635635376, -0.6620327234268188, -1.112900733947754, -0.4349129796028137, -0.24464711546897888, 0.17867106199264526, 0.1657366305589676, -0.896375298500061, 0.07676712423563004, 0.24777857959270477, -0.9354409575462341, -1.0315805673599243, 0.5722603797912598, -0.7698454856872559, -0.44409745931625366, 1.3950138092041016, -0.45945462584495544, -0.7409013509750366, -1.2638834714889526, 0.5981429219245911, -2.9242427349090576, 1.162039875984192, 0.8805346488952637, -0.29304414987564087, -1.4059181213378906, 0.7493898272514343, -1.1582000255584717, -0.36101967096328735]",yunet,Facenet,1920,1080,/home/amos/media/tv/modern_family/Modern.Family.S09.1080p.DSNP.WEB-DL.DDP5.1.H.264-CRFW/Modern.Family.S09E17.Royal.Visit.1080p.DSNP.WEB-DL.DDP5.1.H.264-CRFW.mkv,Modern Family,2009,1442437,9,17,Chris Geere,62879.0,0.772
314,1026,360,1194,600,1104,450,1056,444,0.907,8784,3,"[-0.11954233050346375, -0.5566958785057068, -0.3409816026687622, 1.4652339220046997, -0.7340672016143799, 0.47219201922416687, -0.1667061299085617, -2.5706284046173096, -0.318023145198822, 1.984126329421997, -1.5846476554870605, 1.431518793106079, 0.9094936847686768, 0.2739495635032654, -0.1480492502450943, -0.31382042169570923, -0.8384305238723755, -1.2854924201965332, -1.3261946439743042, 2.011237621307373, 0.5608047246932983, 0.6151060461997986, 0.4433618485927582, 0.39687520265579224, 0.32593920826911926, -0.08442328125238419, 0.5410816669464111, -0.8554298281669617, 2.555433511734009, 1.1211479902267456, 0.569008469581604, -1.4947469234466553, -1.4841190576553345, 0.3958998918533325, 1.2064286470413208, -1.8455256223678589, -1.0852384567260742, 0.16391626000404358, 1.0684475898742676, -0.14897702634334564, -0.450923889875412, 1.4873486757278442, -0.0612308531999588, 1.8604929447174072, -0.2522275745868683, -1.057486891746521, -0.4554128646850586, 1.1983572244644165, -0.3878333568572998, 0.5307949781417847, -0.4866563677787781, 1.4166159629821777, 1.02470862865448, -0.26148146390914917, 0.11776779592037201, -0.55816650390625, 1.584179401397705, 0.508554995059967, -1.0427281856536865, 0.4854050576686859, 0.8376944661140442, 0.39671874046325684, -0.9521673917770386, -0.7268438339233398, -1.2428890466690063, 1.7124950885772705, 0.061505746096372604, 0.4755789339542389, -0.8684231638908386, -1.428754210472107, -0.7730262279510498, 0.8019214868545532, 0.13759295642375946, -0.4347877502441406, 0.01720847748219967, -0.302543967962265, 0.2461598515510559, -1.2097175121307373, 0.600850522518158, -1.1870927810668945, -0.6244527101516724, -0.28102177381515503, 0.7639789581298828, 2.0354175567626953, -0.7500640749931335, -0.8928897380828857, -0.16146638989448547, -0.1802343875169754, 0.6274380683898926, -2.027693748474121, -1.0322253704071045, 0.41638538241386414, 0.30037742853164673, 1.3346437215805054, 2.518176794052124, 0.6742035150527954, 0.6143112182617188, -0.25207123160362244, -0.20093296468257904, -2.41949462890625, 2.5117642879486084, 0.06667076796293259, -2.580874443054199, 1.2857022285461426, 0.7582039833068848, -0.20103827118873596, 0.4175710678100586, -1.720079779624939, 0.6964744329452515, -1.9546047449111938, 1.8777458667755127, 0.12506677210330963, 1.6715227365493774, -0.4727177619934082, -0.5743287205696106, 0.893114447593689, -1.7731451988220215, 1.735284447669983, -0.15885654091835022, 1.0827231407165527, 1.0917209386825562, -0.20121923089027405, -0.0020570792257785797, -1.8139524459838867, 0.13449707627296448, 0.5868955254554749, 1.3651162385940552, -1.1359823942184448]",yunet,Facenet,1920,1080,/home/amos/media/tv/modern_family/Modern.Family.S09.1080p.DSNP.WEB-DL.DDP5.1.H.264-CRFW/Modern.Family.S09E17.Royal.Visit.1080p.DSNP.WEB-DL.DDP5.1.H.264-CRFW.mkv,Modern Family,2009,1442437,9,17,Sarah Hyland,91351.0,0.588
315,996,396,1176,630,1098,480,1026,480,0.927,8808,0,"[-1.3233673572540283, -0.5817011594772339, 1.1468825340270996, 1.9147858619689941, -0.12246943265199661, -0.3055352568626404, 0.7670846581459045, -0.9699180126190186, -0.47247251868247986, 2.140057325363159, -1.8409018516540527, 0.7900531888008118, 0.9829578995704651, 0.12192904949188232, -0.13844645023345947, -1.2500561475753784, 0.2454453408718109, -1.0245708227157593, -1.3087236881256104, 0.8111996650695801, -0.5226127505302429, 1.1840519905090332, -0.16113822162151337, 0.4278504550457001, -0.6825000047683716, 0.7625623941421509, 0.9452835321426392, -0.5749159455299377, 3.3214662075042725, 0.8484001755714417, 0.09447488188743591, -2.0393261909484863, -0.9776691198348999, -2.0023958683013916, 1.8259419202804565, -1.588363766670227, -2.5615875720977783, 0.5222176313400269, 0.4567006230354309, -1.227661371231079, -1.004382848739624, 0.23471719026565552, -0.12663571536540985, 1.9647548198699951, 1.1029917001724243, 0.2786218225955963, 0.34509333968162537, 0.5291558504104614, -1.43507719039917, 0.6544997692108154, 0.06280067563056946, 2.8297982215881348, 0.9682716131210327, -0.5829764008522034, -1.0320497751235962, -0.9448510408401489, 1.5321831703186035, 0.884977400302887, -1.3649965524673462, 0.006668590009212494, 0.6079451441764832, -0.835269033908844, -0.21787670254707336, -0.3432478904724121, -0.8079999089241028, 1.2415852546691895, 0.1901768296957016, -0.4665781557559967, -0.23791921138763428, -0.5283925533294678, -0.423496812582016, -0.5795433521270752, -0.4058031439781189, -1.2314239740371704, 0.6452694535255432, -0.8752620816230774, 0.40746358036994934, -0.6069740056991577, 0.6560502052307129, 0.023902900516986847, 0.13177403807640076, 0.4736567437648773, 1.164596676826477, 0.3135465681552887, -1.5672236680984497, 0.42539992928504944, 0.12787112593650818, -0.8008487224578857, -0.2836194634437561, -2.3727962970733643, -1.2947689294815063, 1.2173174619674683, 0.25614190101623535, 1.168123483657837, 2.299633026123047, 0.06393872946500778, 0.40620681643486023, -0.1807120144367218, -0.3140619099140167, -1.7567956447601318, 0.8779355883598328, 1.5294541120529175, -0.5735480189323425, 2.5916507244110107, 0.008293516933918, 0.8480594754219055, 0.06141253188252449, -0.912673830986023, 1.2930530309677124, -0.8417418599128723, 0.10389247536659241, 0.5217803716659546, 0.8672118186950684, 1.052140474319458, -1.027727484703064, 0.3473009169101715, -1.26640784740448, 0.8899994492530823, -0.778718113899231, -0.5258528590202332, 0.47483551502227783, 0.4533643424510956, -0.7796784043312073, -1.8402636051177979, -0.16897115111351013, 1.4135386943817139, 1.1052733659744263, -0.8950240015983582]",yunet,Facenet,1920,1080,/home/amos/media/tv/modern_family/Modern.Family.S09.1080p.DSNP.WEB-DL.DDP5.1.H.264-CRFW/Modern.Family.S09E17.Royal.Visit.1080p.DSNP.WEB-DL.DDP5.1.H.264-CRFW.mkv,Modern Family,2009,1442437,9,17,Sarah Hyland,91351.0,0.701
316,378,138,582,408,552,246,456,240,0.923,8808,1,"[0.15554794669151306, -1.649831771850586, -1.4834997653961182, -0.3496190309524536, 0.3238809406757355, 0.7636488676071167, 0.999895453453064, 0.9174551367759705, 0.4547812044620514, -0.32574784755706787, -0.10304553806781769, -1.0870310068130493, -0.889777660369873, 1.0118532180786133, -0.6424578428268433, -1.748819351196289, -1.111459732055664, -1.4550583362579346, 0.4257282614707947, -1.2658244371414185, -0.15816444158554077, -1.0612035989761353, -0.5371631383895874, -1.518385410308838, -0.5422855615615845, -0.3199702203273773, 1.310329794883728, -2.3035550117492676, -0.9800885915756226, -0.4631652235984802, -0.9568058252334595, 2.0555427074432373, -0.5703541040420532, -0.675498366355896, -1.5463306903839111, 0.7495487332344055, -0.825036346912384, 0.6573126912117004, 0.5729906558990479, -1.86826753616333, 1.6175886392593384, 1.3419740200042725, -1.4724458456039429, -1.5236543416976929, 0.6407216191291809, -1.1486947536468506, -0.1524394005537033, 1.9207696914672852, 0.0723193883895874, 0.12161073088645935, -0.7574179172515869, 1.3104130029678345, -1.0743848085403442, -0.2198418229818344, 0.4671601355075836, -1.1621253490447998, -0.1409461945295334, 1.5398187637329102, -1.084574818611145, -1.0530513525009155, -0.6663074493408203, -1.6007007360458374, 0.10371436923742294, 1.2666170597076416, 0.6110786199569702, 0.6009620428085327, -0.32794222235679626, 0.3595966696739197, -0.38754263520240784, -0.48042240738868713, 0.058575503528118134, 0.7170637845993042, -1.5680851936340332, 1.5287806987762451, -0.4154819846153259, -1.248470664024353, -1.7782833576202393, 0.6912814974784851, -0.8384403586387634, 0.44347453117370605, -1.7186986207962036, 0.46793341636657715, 0.18557998538017273, -0.819072961807251, -1.0990855693817139, 0.39248818159103394, 0.6068781614303589, -0.7272056937217712, -1.2092127799987793, -1.258925199508667, 0.40400370955467224, 0.46851393580436707, 1.0068527460098267, 1.6115044355392456, 0.469623863697052, 1.3318936824798584, -0.9476194977760315, 1.3533475399017334, -0.7482392191886902, 0.58757483959198, -1.5122301578521729, -0.9023623466491699, -0.05607050657272339, -0.4381355941295624, -0.16315904259681702, -0.522909939289093, 0.21847596764564514, 0.02228306233882904, -0.14904356002807617, 0.413769006729126, -0.7764763236045837, -1.1906399726867676, 0.7588577270507812, 0.12122765928506851, -1.082534670829773, 1.6734051704406738, -0.1650885045528412, -0.3274173140525818, -1.4872431755065918, 0.9245819449424744, -2.329167366027832, 1.6476166248321533, 0.17675545811653137, 0.4235091209411621, -1.2217142581939697, 1.0979106426239014, -1.3365422487258911, -0.38835427165031433]",yunet,Facenet,1920,1080,/home/amos/media/tv/modern_family/Modern.Family.S09.1080p.DSNP.WEB-DL.DDP5.1.H.264-CRFW/Modern.Family.S09E17.Royal.Visit.1080p.DSNP.WEB-DL.DDP5.1.H.264-CRFW.mkv,Modern Family,2009,1442437,9,17,Chris Geere,62879.0,0.783
317,1512,462,1668,648,1632,534,1548,534,0.922,8808,2,"[0.3908770680427551, 0.035613223910331726, 1.2451471090316772, 0.30744296312332153, 0.2913619577884674, 2.0786328315734863, 0.6770524978637695, -0.9401543140411377, 0.05518794804811478, 2.114349842071533, -0.754398763179779, -0.4616895914077759, -1.2923508882522583, 1.7591066360473633, -0.26429662108421326, 1.1884584426879883, -0.3619888722896576, -1.3986777067184448, -1.2121082544326782, -1.1674855947494507, -0.6373625993728638, -0.040445536375045776, 0.49983394145965576, 1.1329748630523682, 0.9009103775024414, 0.40332216024398804, 2.192959785461426, -0.06522075831890106, 2.7005960941314697, 1.8774821758270264, 0.2060985267162323, -0.23902122676372528, -0.013163178227841854, -0.7635563611984253, 1.5665751695632935, -0.21422041952610016, -1.9923146963119507, 0.14604921638965607, -0.4321932792663574, 1.961551547050476, -0.0330515131354332, -2.465745687484741, -0.34362682700157166, 2.097114324569702, 0.8223649859428406, -0.5921671986579895, -0.47307318449020386, -0.03332991153001785, -0.2971798777580261, -1.4723076820373535, 0.2884894013404846, 0.4028828740119934, 0.8515719771385193, 0.7234452366828918, -0.5349721312522888, 0.5331342220306396, 0.5621159076690674, -0.6309158205986023, 0.4038730263710022, 0.16080772876739502, -1.019086241722107, 0.6491743922233582, -0.1795060634613037, -0.8839039206504822, -0.8090115189552307, 0.6997790336608887, -0.4633793234825134, 1.752054214477539, 0.6043678522109985, -0.7156481742858887, -1.8859879970550537, 0.3186678886413574, 1.256833553314209, -0.4830184578895569, 0.4020478427410126, 0.7768880128860474, 1.0258371829986572, -0.015478607267141342, 0.028255343437194824, 0.311001718044281, -0.5590829253196716, 0.5773271322250366, 0.10826913267374039, -0.4782354533672333, 0.06943558901548386, -1.089420199394226, 0.09283291548490524, -0.4009416699409485, 1.7187494039535522, -0.28157520294189453, -0.42087772488594055, 0.4957050383090973, 0.7584063410758972, -1.1726019382476807, 1.1980317831039429, 1.38671875, -0.022557346150279045, -0.913126528263092, 0.19713465869426727, -0.035149622708559036, -0.6676286458969116, 0.9101560115814209, -1.4968445301055908, 0.9443919658660889, 0.33194980025291443, -0.3995683193206787, -0.21944014728069305, 0.6540284156799316, 1.7349668741226196, -1.0871129035949707, 1.0543410778045654, 0.39036375284194946, -0.14355969429016113, -1.342238187789917, -0.3592296838760376, 1.092963695526123, 1.200058937072754, 1.7814373970031738, 0.1316780000925064, -1.282213807106018, 2.074354410171509, 0.3339935541152954, 1.0127612352371216, -1.325382113456726, 1.046834945678711, 0.7508326172828674, 0.6483390927314758, 0.08775441348552704]",yunet,Facenet,1920,1080,/home/amos/media/tv/modern_family/Modern.Family.S09.1080p.DSNP.WEB-DL.DDP5.1.H.264-CRFW/Modern.Family.S09E17.Royal.Visit.1080p.DSNP.WEB-DL.DDP5.1.H.264-CRFW.mkv,Modern Family,2009,1442437,9,17,Ariel Winter,42160.0,0.7
318,810,258,972,468,924,354,858,348,0.912,8808,3,"[-1.5663795471191406, 2.1433303356170654, -1.4029548168182373, 1.10267174243927, -0.031516436487436295, -1.3572384119033813, -0.018461134284734726, -1.5653252601623535, 0.8940984010696411, 0.4937300980091095, 2.424147844314575, -1.5825599431991577, 0.27862197160720825, -1.4610514640808105, 0.9853063821792603, 2.0391428470611572, -0.782941460609436, -0.85377436876297, -2.772221565246582, -0.07585654407739639, -0.05314164608716965, 1.278365969657898, -0.39427125453948975, 0.5049002170562744, 1.1257251501083374, 2.8575284481048584, 2.0118868350982666, 0.5967055559158325, 0.6634175777435303, 0.2587150037288666, 0.7985439300537109, 0.47121790051460266, -0.06510914117097855, -0.42909884452819824, 0.6530358195304871, 0.5035300850868225, 0.8393438458442688, -1.0132817029953003, 1.0061572790145874, -0.5802301168441772, -0.35606300830841064, -0.2546488344669342, -0.46224555373191833, -1.22590970993042, 0.34832432866096497, -0.32295089960098267, 0.6917486190795898, -0.951467752456665, 0.6850927472114563, 1.0267633199691772, 1.3288761377334595, -0.08642339706420898, 0.5432223081588745, 1.7185370922088623, -0.5793294906616211, -0.9396894574165344, 2.8144960403442383, -0.5888393521308899, -0.3804701566696167, -0.3132488429546356, -0.6075067520141602, -0.5787216424942017, 0.02157885953783989, -0.12253294885158539, 2.101020097732544, -1.6982927322387695, 0.6138851642608643, -0.7041559219360352, -1.234024167060852, -0.6597169637680054, -0.2205572873353958, -0.015909306704998016, -1.251819372177124, -0.3290255069732666, 0.05707792565226555, -0.1650160402059555, 0.21180406212806702, 1.0329911708831787, 0.5190414190292358, -1.018363118171692, -0.5827279090881348, 0.9364559650421143, 1.7515097856521606, -0.5247861742973328, -0.512984037399292, 2.2502994537353516, -1.297680377960205, 2.403735637664795, -0.3456454873085022, -1.3957264423370361, 0.7236247062683105, -0.1894596964120865, 2.2618870735168457, 0.0582023449242115, 1.2688994407653809, 1.2259265184402466, -1.2011665105819702, 0.5985049605369568, 0.1216636449098587, -1.8963371515274048, 0.19460387527942657, -0.17558957636356354, -0.20521199703216553, -0.9823884963989258, 0.06916575878858566, 0.5955609679222107, -1.5092649459838867, 3.356572389602661, 0.969247579574585, 0.5972743630409241, -1.429363489151001, -0.4227064251899719, 0.7150652408599854, 0.22249506413936615, 0.5627439618110657, 0.5118772983551025, 0.6376879215240479, -1.3921536207199097, 0.467475950717926, 1.0260815620422363, 0.9518467783927917, -1.5924551486968994, 1.4657576084136963, -1.6202726364135742, 1.4617407321929932, -0.7501073479652405, 1.0563732385635376, -0.16590312123298645]",yunet,Facenet,1920,1080,/home/amos/media/tv/modern_family/Modern.Family.S09.1080p.DSNP.WEB-DL.DDP5.1.H.264-CRFW/Modern.Family.S09E17.Royal.Visit.1080p.DSNP.WEB-DL.DDP5.1.H.264-CRFW.mkv,Modern Family,2009,1442437,9,17,Jimmy Tatro,1304335.0,0.82
319,948,126,1110,330,1038,198,972,204,0.909,8976,0,"[-0.28630006313323975, -0.8657196760177612, 0.5756433010101318, 0.530672550201416, 0.547797679901123, 0.06685582548379898, 1.5215054750442505, 0.6831656694412231, -0.8291113972663879, 0.15050333738327026, -0.6443387269973755, -0.04884747415781021, -2.0563952922821045, 0.936018705368042, -0.11070048809051514, 0.11056812107563019, 0.912522554397583, -0.4652777314186096, 0.37373635172843933, -1.3077502250671387, -1.6106021404266357, -0.7889479398727417, -1.4681682586669922, 0.2635067105293274, 0.9817458987236023, -0.9371750950813293, 0.9124900102615356, 2.103361129760742, 0.8323110938072205, -0.010643626563251019, -0.3683290183544159, 2.1776034832000732, -2.770176887512207, 1.2704099416732788, -1.2251965999603271, -1.4615788459777832, -0.8430600762367249, -0.097207210958004, 0.025688648223876953, 0.17664222419261932, -0.6510199308395386, -1.1706466674804688, 0.6275043487548828, 1.5581028461456299, 2.211627721786499, -0.4012012481689453, -0.33290982246398926, -0.25231027603149414, 0.30026310682296753, -0.43524444103240967, -0.7477306127548218, 0.9821637272834778, -1.372268795967102, 1.3377952575683594, -1.2652068138122559, -0.03257376328110695, -1.124885082244873, 0.3998083174228668, -1.298221230506897, 1.1143162250518799, -1.2045893669128418, 1.0552818775177002, 0.05857861787080765, 0.28057175874710083, -0.25692853331565857, 2.418026924133301, -0.3070066273212433, 1.6352810859680176, -0.11464766412973404, -0.9319841861724854, -0.5098077654838562, -0.4439324736595154, 1.5238336324691772, 1.675743579864502, 0.2105119675397873, 1.0183918476104736, -0.06534439325332642, 0.23895984888076782, -0.06383439898490906, 2.55603289604187, -0.4598124921321869, 2.189667224884033, -0.9197056889533997, -2.0790839195251465, -1.7314428091049194, -0.542620062828064, 0.5366271138191223, -1.179931640625, -0.48409026861190796, 0.9591673612594604, 0.7492199540138245, -0.0948425829410553, -0.7749618291854858, -1.5690529346466064, 1.1691652536392212, -0.1688912808895111, -1.2382187843322754, 0.4849803149700165, 0.7115514874458313, 1.859113335609436, -1.6656866073608398, 0.09461180120706558, -0.6315940022468567, -0.03690723702311516, -0.13958904147148132, -0.16909852623939514, -0.02792922593653202, -0.6192659139633179, -0.49187758564949036, -1.5085946321487427, -0.26000314950942993, -0.565250813961029, 0.803320050239563, -2.255239725112915, 0.3095298111438751, 1.0882105827331543, 0.7950007915496826, 1.9505916833877563, -1.0648605823516846, -0.15599578619003296, -0.08234019577503204, 1.6215672492980957, 1.598512887954712, 0.6859837174415588, -0.44735604524612427, 1.3682256937026978, -0.20215865969657898, -0.18778423964977264]",yunet,Facenet,1920,1080,/home/amos/media/tv/modern_family/Modern.Family.S09.1080p.DSNP.WEB-DL.DDP5.1.H.264-CRFW/Modern.Family.S09E17.Royal.Visit.1080p.DSNP.WEB-DL.DDP5.1.H.264-CRFW.mkv,Modern Family,2009,1442437,9,17,Ed O'Neill,18977.0,0.544
320,990,84,1152,294,1104,162,1026,162,0.911,9000,0,"[0.46761202812194824, -0.420513391494751, 0.6185997128486633, 0.11058493703603745, 0.8914995193481445, -0.06864608824253082, 0.22089023888111115, 1.2194768190383911, -0.13475793600082397, -0.8033390045166016, -0.2675284445285797, 0.2558063566684723, -1.2364009618759155, 1.330569863319397, 0.7237151861190796, -0.20556095242500305, 2.1698696613311768, -0.5713182091712952, 0.9744001626968384, -0.8841824531555176, -2.258913278579712, -1.3243589401245117, -0.41015923023223877, 0.7521463632583618, 1.525031566619873, -0.8095347881317139, 0.24688205122947693, 2.99552583694458, 0.8100498914718628, -0.40587911009788513, -1.1073079109191895, 1.8122791051864624, -2.753612518310547, 1.0836217403411865, -1.0791209936141968, -0.5986345410346985, -0.17641952633857727, 0.3520488142967224, -0.5321605205535889, 0.6769031286239624, -1.0265417098999023, -0.9979998469352722, 0.09729307144880295, 1.3935272693634033, 1.090625286102295, -0.568442165851593, -0.29902198910713196, -0.1874217838048935, 0.4703012704849243, 0.6933543682098389, 0.6143472194671631, 0.698662281036377, -0.7536015510559082, 0.8706550598144531, -0.6819335222244263, 0.19208544492721558, -0.8462895750999451, -0.0671694427728653, -0.5980331897735596, 1.9335275888442993, -1.2149817943572998, 0.4600920081138611, 1.0047895908355713, -0.12416736781597137, -0.32343873381614685, 1.3101706504821777, -0.7024735808372498, 0.9887969493865967, 0.2837039828300476, -1.0700982809066772, -1.0380030870437622, -0.4338419735431671, 1.0638833045959473, 1.8856325149536133, -0.4492094814777374, 1.4584461450576782, -0.20405668020248413, -0.5205473303794861, -0.3024909496307373, 1.2703869342803955, -0.6208975911140442, 2.462286949157715, -0.6606079339981079, -1.5812515020370483, -1.2207778692245483, -0.8230773210525513, 1.4577322006225586, -1.4534928798675537, 0.09060628712177277, 1.3032997846603394, 0.381822794675827, -0.2098909169435501, -1.1420607566833496, -2.0549402236938477, 0.4177152216434479, 0.464530348777771, -1.0737855434417725, -0.36893925070762634, 0.03794226795434952, 1.7094022035598755, -0.9530778527259827, 0.44369834661483765, -0.2917998135089874, -0.8935693502426147, -0.43238964676856995, -0.17482350766658783, -0.5675179362297058, -0.5088995695114136, 0.8424144983291626, -2.0656285285949707, -0.4338269829750061, -0.47922152280807495, 0.35831978917121887, -2.1526613235473633, 1.1991125345230103, 0.1925467550754547, 1.1938773393630981, 1.2253834009170532, -0.1392991542816162, -0.5079663395881653, -0.02025221288204193, 0.9124504327774048, 1.1171746253967285, 0.05969768762588501, -0.28666675090789795, 1.630130410194397, 0.032200753688812256, -1.0090631246566772]",yunet,Facenet,1920,1080,/home/amos/media/tv/modern_family/Modern.Family.S09.1080p.DSNP.WEB-DL.DDP5.1.H.264-CRFW/Modern.Family.S09E17.Royal.Visit.1080p.DSNP.WEB-DL.DDP5.1.H.264-CRFW.mkv,Modern Family,2009,1442437,9,17,Ed O'Neill,18977.0,0.67
321,1116,156,1254,336,1200,228,1140,228,0.913,9120,0,"[-0.7985813617706299, 0.9308562278747559, -1.9568772315979004, 0.3379449248313904, 0.7984346151351929, -1.7916120290756226, -0.4995168447494507, 0.9512701034545898, 0.6794108748435974, -1.2238993644714355, 1.2543015480041504, 0.7741513252258301, 0.41252052783966064, -2.059756278991699, -0.028934180736541748, 0.20879727602005005, -1.6438196897506714, 0.9498671293258667, -1.6087430715560913, 2.3381190299987793, 0.40474173426628113, 0.5408433079719543, -0.0417906828224659, -0.7229014039039612, 1.3056472539901733, 2.748537063598633, -0.061448920518159866, 0.8927869200706482, 2.0412817001342773, 0.09332021325826645, -0.16883957386016846, 1.1578954458236694, -1.1003649234771729, -0.8642775416374207, -0.13850796222686768, -0.8051421642303467, 0.7672078609466553, -1.47366464138031, -0.32851526141166687, -1.5402024984359741, -0.5131220817565918, 1.4552305936813354, -0.27871906757354736, 0.49581003189086914, 0.9295324683189392, -1.0262545347213745, 0.8225921392440796, -0.8035242557525635, -0.4230981469154358, 1.4604517221450806, 0.21412159502506256, 1.0491411685943604, 0.2930610477924347, 1.0685101747512817, -0.5258172154426575, -0.9442859292030334, -0.6870127320289612, 0.6647039651870728, 0.9587750434875488, 1.8934459686279297, 1.380693793296814, -0.7504773736000061, 0.7796962261199951, -1.2031291723251343, 0.06375115364789963, 0.31058168411254883, -0.7977511882781982, 0.7799565196037292, 0.9170275926589966, -1.9549115896224976, -0.8072211146354675, 0.07801559567451477, -3.0451080799102783, 1.4621540307998657, -0.6319632530212402, -0.5152683258056641, 0.10554078221321106, 0.48283398151397705, 1.3349449634552002, -1.5163532495498657, -0.5694878697395325, -0.11649753153324127, -0.1986219584941864, 0.15520024299621582, -0.3399197459220886, -0.7977006435394287, -0.648806095123291, -0.567195475101471, 0.0804520845413208, -1.7442800998687744, -1.6263694763183594, -1.169583797454834, -0.8976667523384094, -0.71625816822052, -1.0686814785003662, 0.3446314334869385, -1.5085108280181885, -1.8352463245391846, 0.7055068016052246, -1.745330810546875, 0.17403873801231384, 0.5734793543815613, 0.7275187373161316, -0.9927300214767456, -1.1594212055206299, 1.4632207155227661, -0.05670962855219841, -0.6221688985824585, -0.9302759766578674, 1.2700296640396118, 1.0826997756958008, 0.20133821666240692, 1.5913515090942383, -1.3793444633483887, 2.316786527633667, 2.4078993797302246, -1.2956856489181519, -1.4560201168060303, -0.5266377925872803, 1.3253566026687622, 1.0281496047973633, 0.4225601851940155, 0.4539850950241089, 0.37795424461364746, -0.8956661820411682, -0.34503552317619324, 0.41863489151000977, -0.6456661820411682]",yunet,Facenet,1920,1080,/home/amos/media/tv/modern_family/Modern.Family.S09.1080p.DSNP.WEB-DL.DDP5.1.H.264-CRFW/Modern.Family.S09E17.Royal.Visit.1080p.DSNP.WEB-DL.DDP5.1.H.264-CRFW.mkv,Modern Family,2009,1442437,9,17,John Brotherton,222906.0,0.737
322,1182,210,1314,384,1260,282,1206,282,0.91,9168,0,"[-1.4535115957260132, 0.5544581413269043, -0.9492777585983276, 0.4476427137851715, 2.507962942123413, -0.48692673444747925, 0.5151313543319702, 0.824889600276947, 1.712589144706726, -0.6793540120124817, 2.0686044692993164, 0.445909321308136, -1.0248303413391113, -1.4583258628845215, -0.3977593779563904, -0.6090711951255798, -2.1628952026367188, 0.1882636547088623, -1.6266121864318848, 0.5823965072631836, -1.0622787475585938, -0.6544964909553528, 0.4501436948776245, 0.27104657888412476, 1.438289761543274, 2.189177989959717, -0.035920605063438416, -0.7448848485946655, 0.49987417459487915, -0.3234735429286957, 0.9462497234344482, -0.4321950376033783, -0.5517529249191284, -0.45813992619514465, -0.4329138994216919, -0.14245152473449707, 0.21989566087722778, -1.2749911546707153, 0.4425044059753418, -1.1002006530761719, 0.6753843426704407, 1.0578830242156982, -0.40119048953056335, 1.5620986223220825, 1.053467869758606, 0.12916918098926544, 0.1604074388742447, 0.41022956371307373, -0.16516518592834473, 1.8164761066436768, 0.12284636497497559, 1.1443252563476562, 0.5971904993057251, 0.28134071826934814, -1.067589521408081, -0.6618490815162659, 0.5112677216529846, -0.7891573309898376, 0.01030542142689228, 1.9387789964675903, 2.2654855251312256, -0.7352795004844666, 0.37343478202819824, -0.5548261404037476, 0.7542456388473511, 0.367839515209198, -2.4621071815490723, 0.9303556084632874, 1.6798282861709595, -1.6489537954330444, -1.405034065246582, -0.40976682305336, -3.549736976623535, 0.8018459677696228, 0.06903252005577087, -0.9430316090583801, 0.4855446517467499, 1.2410595417022705, 0.6894493699073792, 0.5825996398925781, -1.5329326391220093, -0.316808819770813, 0.5625500082969666, -0.5642217397689819, -0.11576328426599503, -0.2890266180038452, 0.3002341687679291, 0.958122730255127, -0.09975356608629227, -0.3292156755924225, -1.659926414489746, -0.4780542552471161, 0.41371750831604004, 0.38531631231307983, 0.5192698836326599, 0.5000561475753784, -1.4279999732971191, -0.8231143951416016, -1.51446533203125, -0.7335181832313538, 0.03065866231918335, -0.4551738500595093, 0.27873098850250244, -0.40567538142204285, -1.0259262323379517, 1.0694308280944824, -0.5289140343666077, -0.5643730163574219, -1.4260329008102417, -0.20166759192943573, 0.7519081234931946, 0.3628489375114441, 1.2799566984176636, -1.5459668636322021, 1.541929841041565, 2.889347553253174, -1.0132993459701538, -0.7999109625816345, 0.7173968553543091, 1.0263984203338623, -0.01202421635389328, -0.5459088087081909, 0.5562509298324585, 0.6778571605682373, -0.7995905876159668, -2.1339285373687744, -0.14820949733257294, 0.8740455508232117]",yunet,Facenet,1920,1080,/home/amos/media/tv/modern_family/Modern.Family.S09.1080p.DSNP.WEB-DL.DDP5.1.H.264-CRFW/Modern.Family.S09E17.Royal.Visit.1080p.DSNP.WEB-DL.DDP5.1.H.264-CRFW.mkv,Modern Family,2009,1442437,9,17,John Brotherton,222906.0,0.578
323,1140,174,1278,354,1218,246,1164,246,0.903,9192,0,"[-0.030497215688228607, 1.6222484111785889, -2.488353729248047, 0.5215897560119629, 1.6229826211929321, -1.4989731311798096, 0.7615604400634766, 0.1697772592306137, 1.6430202722549438, -0.8983274698257446, 1.2956396341323853, 0.9064736366271973, -0.0493868812918663, -1.1648029088974, -0.8228788375854492, -0.040657345205545425, -1.6165229082107544, 1.2136286497116089, -1.1983191967010498, 1.154315710067749, -1.1524449586868286, 1.2573875188827515, -1.7299646139144897, -0.2967507839202881, 1.4406852722167969, 2.9654715061187744, -0.39639797806739807, -0.20047086477279663, 1.8780264854431152, -0.01522742584347725, -0.41508758068084717, 0.3416406214237213, -2.181608200073242, -0.6082759499549866, 0.38664788007736206, -0.7446748614311218, 0.4975735545158386, -1.4187078475952148, 0.026157401502132416, -1.6064883470535278, 0.0808435007929802, 1.4353951215744019, 0.40371227264404297, 1.5144197940826416, 0.918729841709137, -1.120131015777588, -0.37460190057754517, -0.12511762976646423, -0.0018934085965156555, 1.2205896377563477, 0.7306420207023621, 0.3294691741466522, -0.24120360612869263, 0.9672166109085083, -1.379615068435669, -1.2763439416885376, 0.5774455070495605, -0.6949378848075867, 0.698697030544281, 1.2355626821517944, 1.015218734741211, 0.4500182271003723, 0.927224338054657, -0.4522070586681366, 0.7542056441307068, 1.686895489692688, -1.5540087223052979, 0.01152937300503254, 1.3035632371902466, -2.1512269973754883, 0.029587779194116592, 0.012983724474906921, -2.8385136127471924, 1.3111038208007812, -0.05636023357510567, -1.2188600301742554, 0.9913835525512695, 0.9733551144599915, 1.9500586986541748, -0.6784027218818665, -0.6939790844917297, 0.1180095300078392, -0.8387715220451355, -0.7460250854492188, -0.7570736408233643, -0.8216347694396973, -0.9857563972473145, 0.0462912917137146, 0.6813966035842896, -0.7141849994659424, -0.9182892441749573, -0.08581952005624771, -0.25264957547187805, -0.3394787609577179, -0.7361072897911072, 0.43745559453964233, -0.07581479102373123, -1.5514464378356934, -0.07578379660844803, -1.312968134880066, 0.13896381855010986, 0.22243010997772217, 0.8880411386489868, -0.7832034230232239, -0.8612158894538879, 1.9509999752044678, -0.05536557734012604, -1.0371073484420776, -1.3938349485397339, 0.3583011329174042, 2.2420263290405273, 0.2138708531856537, 1.3577048778533936, -0.6972953677177429, 2.064323663711548, 2.2138137817382812, -1.1148983240127563, -0.05207759141921997, 0.4461512565612793, 1.9060441255569458, -0.33513838052749634, 1.0479964017868042, 1.1251108646392822, 0.11968791484832764, -1.1723026037216187, 0.15377041697502136, 0.5069683194160461, -1.978487491607666]",yunet,Facenet,1920,1080,/home/amos/media/tv/modern_family/Modern.Family.S09.1080p.DSNP.WEB-DL.DDP5.1.H.264-CRFW/Modern.Family.S09E17.Royal.Visit.1080p.DSNP.WEB-DL.DDP5.1.H.264-CRFW.mkv,Modern Family,2009,1442437,9,17,John Brotherton,222906.0,0.654
324,1212,156,1356,342,1296,234,1236,234,0.926,9216,0,"[-1.078281044960022, 0.844510555267334, -1.9102365970611572, 0.4044147729873657, 1.9405014514923096, -1.6273223161697388, -0.4909478724002838, 0.8800100088119507, 1.4786550998687744, -1.2541056871414185, 0.6902886629104614, 0.8192604780197144, -0.16974258422851562, -1.5583512783050537, -0.08942194283008575, -0.49982374906539917, -2.139371633529663, 0.721466600894928, -1.7340699434280396, 0.5446398258209229, -1.1203532218933105, 0.04210175946354866, -1.2556499242782593, -0.567409336566925, 0.4353654384613037, 2.712907075881958, -0.015431293286383152, 0.3859705626964569, 1.4883073568344116, 0.3455677628517151, 0.1982821226119995, 0.5088473558425903, -1.4131613969802856, -1.6383594274520874, -0.04359886050224304, -0.705804169178009, 0.4105606973171234, -1.2651888132095337, 0.052266575396060944, -0.8956316709518433, 0.6727859377861023, 1.2206798791885376, 0.6200119256973267, 1.1030685901641846, 1.4264247417449951, -1.1136646270751953, 0.7175484299659729, 0.03709794208407402, -0.8003202676773071, 1.1460498571395874, -0.26482707262039185, 1.3799183368682861, 0.4203154742717743, 1.4390987157821655, -1.0692321062088013, -1.0911039113998413, 0.45807015895843506, 0.07702529430389404, 0.7307895421981812, 1.6437634229660034, 1.6174346208572388, -1.0330997705459595, 0.4991798996925354, -0.1802217662334442, -0.03746717423200607, 0.9586811661720276, -1.3498226404190063, 0.10467439889907837, 0.6058003306388855, -2.5098509788513184, -0.766859233379364, 0.017611518502235413, -2.8038923740386963, 1.7318310737609863, -0.6037209630012512, -0.8310024738311768, 0.4561934173107147, 1.318610429763794, 1.3838536739349365, -1.2533679008483887, -0.9103254675865173, -0.1859259158372879, -0.24620363116264343, -0.40363892912864685, -1.135999083518982, -1.8788905143737793, -0.2014528214931488, -0.33089011907577515, 0.11438088119029999, -1.1709238290786743, -2.3728880882263184, -1.270917534828186, -0.6584070920944214, -0.8877917528152466, -0.6544908881187439, 0.3788294196128845, -1.7310763597488403, -1.3914198875427246, -0.23912428319454193, -1.5312635898590088, 0.07824991643428802, 0.15381845831871033, 0.3850023150444031, -0.5272539854049683, -0.29324132204055786, 1.7033405303955078, -0.48312366008758545, -0.9676947593688965, -0.7257312536239624, 1.1607145071029663, 1.7894511222839355, 0.13442808389663696, 1.3532006740570068, -0.6979419589042664, 1.1810369491577148, 2.5478873252868652, -1.432716727256775, -1.2663472890853882, -0.5762112140655518, 1.289368987083435, -0.11832085251808167, 0.14360728859901428, 0.6488001346588135, 0.6752407550811768, -1.0668187141418457, -0.11217822879552841, 0.7278602123260498, -0.9865545630455017]",yunet,Facenet,1920,1080,/home/amos/media/tv/modern_family/Modern.Family.S09.1080p.DSNP.WEB-DL.DDP5.1.H.264-CRFW/Modern.Family.S09E17.Royal.Visit.1080p.DSNP.WEB-DL.DDP5.1.H.264-CRFW.mkv,Modern Family,2009,1442437,9,17,John Brotherton,222906.0,0.742
325,1170,168,1326,372,1248,252,1188,252,0.929,9240,0,"[-0.627832293510437, 1.3025569915771484, -2.327047109603882, 0.5774113535881042, 1.6306124925613403, -1.797634243965149, 0.7355970144271851, 0.9710267782211304, 0.4170147478580475, -0.9060148596763611, 1.3091192245483398, 0.614486575126648, 0.36713773012161255, -2.025827407836914, -0.18540021777153015, 0.24057789146900177, -1.3346657752990723, 0.6483821868896484, -1.6132837533950806, 1.2280253171920776, -0.2531166970729828, 0.48525622487068176, -0.6778289079666138, -0.5109761357307434, 1.2727980613708496, 2.1584174633026123, -0.6265134811401367, 0.9943752884864807, 1.4705551862716675, 0.4773198962211609, -0.08488057553768158, 0.8110156655311584, -1.8735517263412476, -0.9730154275894165, 0.35621461272239685, -1.4638508558273315, 0.9302132725715637, -1.0076475143432617, -0.2974242866039276, -0.7602672576904297, -0.4270714521408081, 1.7373145818710327, -0.032802000641822815, 1.5298360586166382, 1.506903052330017, -1.2426409721374512, 0.2930281162261963, 0.1114257350564003, 0.5876357555389404, 1.4061673879623413, -0.44556188583374023, 0.9302303791046143, 0.18649491667747498, 1.3874177932739258, -1.6554573774337769, -0.5106969475746155, 0.31571653485298157, 0.11764885485172272, 0.8486783504486084, 1.7723000049591064, 0.5096798539161682, 0.08255329728126526, 0.49271655082702637, -1.0151638984680176, -0.11290515214204788, 0.35034847259521484, -1.1217889785766602, 0.3706802427768707, 0.7025192975997925, -2.3504140377044678, -0.9094328880310059, 0.6723734140396118, -2.8447699546813965, 1.1131809949874878, -0.7458194494247437, -1.3836373090744019, 0.35621178150177, 1.153329849243164, 0.8005387187004089, -0.9766886830329895, -0.6187824606895447, -0.420888215303421, -0.997731626033783, -1.2974313497543335, -1.0197848081588745, -0.7794612646102905, -0.8882833123207092, -0.7248210906982422, 0.2882499694824219, -0.9086233973503113, -0.9452899098396301, -0.7308394312858582, -1.1984996795654297, -0.9405779838562012, -0.614454448223114, 0.5437955856323242, -0.7557846307754517, -2.625443935394287, 0.43266141414642334, -1.1957734823226929, 0.39965152740478516, 0.612910270690918, 0.5767698287963867, -1.447576642036438, -0.7321901321411133, 1.4744833707809448, 0.04026172682642937, -1.6745147705078125, -0.5218492150306702, 1.0453015565872192, 1.0668327808380127, -0.03709544986486435, 1.4290210008621216, -0.7402320504188538, 1.7899214029312134, 2.034687042236328, -1.0983916521072388, -1.1311167478561401, -0.5313698649406433, 1.6640695333480835, 0.3688943386077881, 0.40264931321144104, 0.7052211165428162, 0.11559690535068512, -1.3250832557678223, -0.09708493947982788, 0.6347976922988892, -1.5382503271102905]",yunet,Facenet,1920,1080,/home/amos/media/tv/modern_family/Modern.Family.S09.1080p.DSNP.WEB-DL.DDP5.1.H.264-CRFW/Modern.Family.S09E17.Royal.Visit.1080p.DSNP.WEB-DL.DDP5.1.H.264-CRFW.mkv,Modern Family,2009,1442437,9,17,John Brotherton,222906.0,0.72
326,1158,192,1314,390,1236,270,1188,270,0.925,9264,0,"[-0.039333753287792206, 0.7868548631668091, -1.9351892471313477, 0.28234952688217163, 1.7461986541748047, -1.2933779954910278, -0.023216165602207184, 0.7204933166503906, 2.371492624282837, -1.6858081817626953, 1.4382864236831665, 0.2806761562824249, 0.729430079460144, -0.34294673800468445, -0.8457587957382202, 0.6741235852241516, -2.377983570098877, 0.7964259386062622, -1.334045648574829, 1.9112335443496704, -1.1828200817108154, 1.3720874786376953, -1.5866786241531372, -0.0521785169839859, 1.1060855388641357, 2.1160383224487305, 0.7318178415298462, -0.5231666564941406, 0.6759811639785767, 0.5299928784370422, -0.05868916213512421, 1.0424381494522095, -0.9537637829780579, -0.3524915874004364, -0.8194978833198547, -1.0120645761489868, 0.8723286986351013, -0.9116910099983215, 1.197275161743164, -0.05936109274625778, 0.8393269181251526, 1.0031123161315918, 1.5232547521591187, 0.18156775832176208, 0.6110144257545471, -1.6970831155776978, -0.5378251075744629, -0.10978609323501587, 0.23199768364429474, 1.8335578441619873, 0.22715122997760773, 0.6848943829536438, 0.8890883922576904, 0.6824827194213867, -0.8706079125404358, -2.1533234119415283, 1.1381677389144897, -0.1971435248851776, 0.7068901658058167, 1.757116675376892, 1.3363826274871826, 0.22295330464839935, -0.10232290625572205, 0.20734521746635437, 0.7197734713554382, 0.10970194637775421, -0.6875221133232117, -0.6964983344078064, -0.2298620343208313, -2.549257755279541, -0.5266657471656799, -0.06120423972606659, -2.2850160598754883, 2.266899347305298, -0.9646568894386292, -1.3769809007644653, 0.8231924772262573, 0.5995439887046814, 2.0067687034606934, -1.3054335117340088, -0.4482508897781372, 0.013124508783221245, 0.4601915776729584, 0.2957296371459961, -0.1945388913154602, -0.9556419849395752, 0.07685241103172302, 0.4325892925262451, -0.11726148426532745, -1.1576287746429443, -1.8621948957443237, 0.3546541631221771, -0.631284773349762, -0.5046327710151672, -0.481905460357666, 0.21715182065963745, -1.8139487504959106, -1.3283058404922485, -1.371964693069458, -2.2357051372528076, 0.7053700685501099, -1.0623102188110352, -0.2895890474319458, -1.5039987564086914, -0.9849247336387634, 1.2297370433807373, -0.2824530005455017, -1.100561261177063, -1.5217314958572388, 0.41227003931999207, 2.9885060787200928, -0.5275974273681641, 1.9102493524551392, -0.4989624619483948, 1.281422734260559, 1.3694530725479126, -0.703832745552063, -0.4017254710197449, 0.14902642369270325, 2.435744524002075, -0.38260751962661743, 0.16556604206562042, 0.655362606048584, 0.3789807856082916, -1.0775357484817505, 0.1713116466999054, 0.6848656535148621, -1.3286468982696533]",yunet,Facenet,1920,1080,/home/amos/media/tv/modern_family/Modern.Family.S09.1080p.DSNP.WEB-DL.DDP5.1.H.264-CRFW/Modern.Family.S09E17.Royal.Visit.1080p.DSNP.WEB-DL.DDP5.1.H.264-CRFW.mkv,Modern Family,2009,1442437,9,17,John Brotherton,222906.0,0.675
327,402,240,612,492,582,330,486,330,0.904,9288,0,"[0.6394634246826172, 0.8506565093994141, 0.8855385184288025, -1.475191593170166, -0.22086545825004578, 1.457627773284912, -0.5091848373413086, -0.8008893132209778, -0.24009430408477783, 2.6020116806030273, -0.6801114678382874, 2.5912466049194336, -0.030528869479894638, -1.0345103740692139, 0.8935949802398682, 1.9133785963058472, -0.6464771032333374, -0.20859390497207642, -0.12165932357311249, -0.012196650728583336, 1.6239904165267944, 0.7946196794509888, 0.3136633038520813, -1.1481502056121826, -0.23480826616287231, -0.04467082768678665, -1.1874046325683594, 0.713011622428894, 2.301661252975464, -0.5152971744537354, -0.28307145833969116, -1.9014896154403687, 0.6604664325714111, -0.46199074387550354, 2.6937520503997803, 0.07279293239116669, -0.941680371761322, -0.214226633310318, 0.6445371508598328, -0.3013860881328583, -1.965311050415039, 0.3592648506164551, -0.11596837639808655, -0.14397364854812622, -2.007154941558838, 0.452970415353775, -1.3368297815322876, 0.19509489834308624, -1.3651068210601807, -0.2681972086429596, -0.684514582157135, -0.01333751529455185, -0.021342091262340546, 1.7142183780670166, 0.8831602334976196, -0.28345462679862976, -0.7968854308128357, 0.003692351281642914, -1.2963956594467163, -0.8348556160926819, -1.0440548658370972, -0.18307915329933167, -0.8035463690757751, -0.8528275489807129, 0.43049201369285583, 1.3154553174972534, -0.1583418846130371, 0.4463742971420288, 1.704242467880249, -0.4035033583641052, 0.7063945531845093, 0.3093205690383911, -0.3213484287261963, 0.7675699591636658, 1.142569661140442, 1.274800419807434, 0.27598586678504944, -0.8913704752922058, 1.9804778099060059, 0.5531446933746338, 0.5850366950035095, -1.1179438829421997, 0.03598197549581528, 0.11917571723461151, 1.0735007524490356, -1.8500920534133911, -0.16992372274398804, 0.32517009973526, 1.0932178497314453, 1.6932075023651123, -1.2956255674362183, 0.6685235500335693, 1.123761773109436, 0.044090636074543, -0.27022188901901245, 1.7347112894058228, -0.9629924297332764, 0.7417436242103577, 0.5735273361206055, -1.417318344116211, 0.35606640577316284, -0.585020899772644, -1.9604521989822388, 1.341774821281433, 0.3654669523239136, 0.7180481553077698, 0.24965471029281616, -1.1250402927398682, 0.9592679738998413, -0.09016686677932739, 2.101687431335449, 1.0709266662597656, -0.7785507440567017, -0.9153388142585754, 1.7577825784683228, 0.989310622215271, -0.05522100627422333, 1.5621848106384277, 2.1323294639587402, -1.1574960947036743, 1.2086725234985352, -0.998108983039856, -0.01670137047767639, 0.947092592716217, 1.04664146900177, 0.7461255788803101, 0.4889642596244812, 0.4771113097667694]",yunet,Facenet,1920,1080,/home/amos/media/tv/modern_family/Modern.Family.S09.1080p.DSNP.WEB-DL.DDP5.1.H.264-CRFW/Modern.Family.S09E17.Royal.Visit.1080p.DSNP.WEB-DL.DDP5.1.H.264-CRFW.mkv,Modern Family,2009,1442437,9,17,Sofía Vergara,63522.0,0.778
328,1104,120,1326,414,1224,240,1140,240,0.908,9312,0,"[1.1940721273422241, -0.1929817497730255, 1.119652271270752, -0.5517019629478455, 0.4746423363685608, -0.4962603747844696, 0.1559196412563324, 0.47149577736854553, 1.0973201990127563, -0.4197772741317749, 0.2790915071964264, 1.0615540742874146, -2.056513786315918, 0.5263971090316772, 0.5645002722740173, -0.69034743309021, 2.5736083984375, 0.09143616259098053, 0.953744649887085, -0.9848896265029907, -0.2269904911518097, -2.348236322402954, -0.7565297484397888, 0.380279004573822, 1.2027504444122314, -2.326195240020752, 0.6114280223846436, 1.6921741962432861, 0.8249308466911316, -0.12458784878253937, -1.8015435934066772, 2.155118227005005, -2.4338865280151367, 1.5665520429611206, -1.1430155038833618, -0.45610466599464417, -0.8415392637252808, 0.33236825466156006, -0.5360773205757141, 0.40635159611701965, -0.5712769031524658, -0.8801177740097046, -0.7411201000213623, 1.1239367723464966, 0.002559950575232506, 0.02134842425584793, -1.2981637716293335, -0.6102560758590698, 0.9146484136581421, 0.7442578077316284, -0.060176290571689606, -0.6616957187652588, 0.06306421011686325, 0.5701913833618164, 0.45250844955444336, 0.05340203642845154, -1.014478325843811, -0.7521390914916992, -0.4177604019641876, 1.1046569347381592, -2.458864450454712, 0.7202352285385132, 0.46412038803100586, -0.5153124928474426, 0.7545714974403381, 1.7790172100067139, -0.5500577092170715, 0.934029221534729, 0.2510281205177307, -0.5489245653152466, -1.4875959157943726, 0.14345362782478333, 0.8582068085670471, 0.765504777431488, -0.6248539090156555, 0.49760377407073975, -0.1116270199418068, -1.6176955699920654, -1.124403476715088, 0.8811834454536438, -0.6564112305641174, 1.1391130685806274, -0.4919493496417999, -2.576068639755249, -0.14511346817016602, -0.3885967433452606, 0.31159117817878723, -0.8907240629196167, -0.12410730868577957, 2.092404365539551, 0.9037961959838867, 0.9306924939155579, -1.2282671928405762, -1.5162394046783447, 0.507968544960022, -0.48076120018959045, -0.21696121990680695, -0.11378838121891022, 0.28569161891937256, 1.7901787757873535, -0.5727406144142151, 0.47227561473846436, 0.09026718139648438, -0.7608166933059692, 0.0776345357298851, 0.6718758940696716, 0.16838587820529938, -0.4451052248477936, 0.0807032585144043, -1.9057958126068115, 0.5068774819374084, -0.5753681063652039, -0.9523352384567261, -2.2487547397613525, 0.7724776864051819, 0.005026474595069885, 1.1624850034713745, 1.840480089187622, 1.1789171695709229, -0.06065463274717331, -0.34145647287368774, 1.0927727222442627, 1.2369110584259033, -0.9454629421234131, -0.6236246824264526, 1.4667959213256836, -0.4853568375110626, 0.04403138533234596]",yunet,Facenet,1920,1080,/home/amos/media/tv/modern_family/Modern.Family.S09.1080p.DSNP.WEB-DL.DDP5.1.H.264-CRFW/Modern.Family.S09E17.Royal.Visit.1080p.DSNP.WEB-DL.DDP5.1.H.264-CRFW.mkv,Modern Family,2009,1442437,9,17,Ed O'Neill,18977.0,0.62
329,846,120,1038,366,1002,228,918,228,0.902,9552,0,"[-1.120535969734192, -1.3206732273101807, -0.01896623894572258, 0.9931752681732178, 1.1035488843917847, -1.148306965827942, 0.6707167625427246, 0.4787236452102661, -0.7150242924690247, 0.5011706352233887, 0.2563657760620117, 0.7031475901603699, -1.5934035778045654, -0.08271049708127975, -0.344289630651474, -0.17696602642536163, 1.7093384265899658, 0.7283739447593689, 0.3902246654033661, -0.2728508412837982, 0.008017949759960175, -2.062000036239624, -0.3985663652420044, -0.1804148256778717, 0.8831765651702881, -1.3909220695495605, 0.5621544122695923, 2.5364151000976562, 0.9313963651657104, -0.16966259479522705, -0.3700381815433502, 1.733135461807251, -1.395326852798462, 0.4071442186832428, -0.9636192321777344, -0.7716540694236755, -0.37567955255508423, -0.8278127312660217, -0.8199843168258667, -1.3304903507232666, -1.0582952499389648, -0.5608639121055603, -0.36802446842193604, 1.8204714059829712, 0.9351515173912048, -0.9936606287956238, -0.3853987455368042, -1.086616039276123, -0.16266664862632751, 0.6454249620437622, -0.7797134518623352, 0.2739492356777191, -1.6103835105895996, 0.8422403335571289, -0.10723312199115753, 1.1732876300811768, -1.1725280284881592, -0.04113170877099037, -0.4186609089374542, 1.1237046718597412, -1.4515438079833984, 1.0776658058166504, 1.2651450634002686, -0.839256763458252, -0.3758189082145691, 2.856022834777832, -0.8303921222686768, 2.7884252071380615, 0.6307947039604187, 0.1623315066099167, -1.0180448293685913, -0.39584240317344666, 0.16310591995716095, 1.3508517742156982, 0.380299836397171, 1.4301707744598389, -0.09127665311098099, -1.2201505899429321, -0.6671618819236755, 1.5126441717147827, -0.4411041736602783, 1.8177305459976196, -0.8140577673912048, -1.6170138120651245, 0.2684088349342346, 0.2924050986766815, -0.43289145827293396, -0.07159161567687988, -0.37100669741630554, 1.6876739263534546, 0.6725894212722778, -0.055074311792850494, -0.8037645220756531, -0.5671300888061523, -0.8858397006988525, -0.5460963249206543, -1.1403398513793945, -0.34514719247817993, 0.8190990686416626, 1.4741992950439453, -2.0447583198547363, 1.0236799716949463, 0.9926563501358032, -1.9159632921218872, 0.45751291513442993, -0.7372081875801086, 0.7843030095100403, -0.13357023894786835, -0.12438169866800308, -0.7730491161346436, -0.1794179081916809, 0.48633646965026855, 0.05209057033061981, -2.064150094985962, 0.8806216716766357, 0.7891274690628052, 1.4441145658493042, 1.5161250829696655, -0.38169240951538086, 0.03747843578457832, 1.083524227142334, 1.6750359535217285, 1.805332899093628, 0.07785402983427048, 0.06379511952400208, 0.2232876718044281, -0.32195982336997986, 0.41241055727005005]",yunet,Facenet,1920,1080,/home/amos/media/tv/modern_family/Modern.Family.S09.1080p.DSNP.WEB-DL.DDP5.1.H.264-CRFW/Modern.Family.S09E17.Royal.Visit.1080p.DSNP.WEB-DL.DDP5.1.H.264-CRFW.mkv,Modern Family,2009,1442437,9,17,Ed O'Neill,18977.0,0.672
330,882,102,1074,348,1032,198,960,198,0.904,9576,0,"[-0.8850524425506592, -1.1129933595657349, 0.07294018566608429, 1.2411003112792969, 0.7668101191520691, -1.2437396049499512, 1.2714853286743164, -0.1204604059457779, -0.8862924575805664, 1.3584110736846924, -0.2705885171890259, 0.4626370966434479, -1.1201298236846924, -0.15249472856521606, -0.46209588646888733, -0.31317776441574097, 0.6511822938919067, 0.43056654930114746, -0.4667692184448242, -1.0359165668487549, 0.2741076648235321, -2.0322229862213135, -0.16011199355125427, -0.036834247410297394, 0.7585386633872986, -0.9226719737052917, 1.0241692066192627, 2.896979331970215, 0.2570606470108032, -0.510213315486908, -0.895749568939209, 2.497992992401123, -2.258923053741455, 0.5735383629798889, -0.9813641905784607, -1.1569243669509888, -1.039025068283081, -1.1460387706756592, -0.43350011110305786, -1.333725094795227, -0.22074367105960846, -0.5523097515106201, -0.3019771873950958, 0.8730347156524658, 0.5943143367767334, -1.4892923831939697, 0.043774839490652084, -1.2159359455108643, -0.5196709036827087, 0.4784279465675354, -1.3494194746017456, 0.35817691683769226, -1.2751463651657104, 1.0025427341461182, 0.05422890931367874, 0.7861007452011108, -0.4673088788986206, 0.08566556870937347, -0.6093312501907349, -0.4271678328514099, -2.243602991104126, -0.17211095988750458, 1.445650577545166, -0.49557438492774963, -0.37202879786491394, 2.1298723220825195, -0.5421498417854309, 2.7121050357818604, -0.05651805177330971, 0.10364533215761185, -1.387837290763855, 0.09402042627334595, 1.2716408967971802, 0.9854229092597961, 0.024548450484871864, 0.5801673531532288, -0.4278305768966675, -0.45614093542099, -0.8155607581138611, 0.8041850924491882, -0.041851915419101715, 1.0474706888198853, -0.8938711285591125, -1.8649277687072754, -0.45213446021080017, 0.8475192785263062, -0.5733532309532166, -0.22180712223052979, -0.290804386138916, 2.1653892993927, 1.4702950716018677, -0.8179268836975098, -0.6071518659591675, -0.7316821813583374, 0.231528177857399, -0.425764262676239, -0.8266746997833252, -0.23131237924098969, 1.1280937194824219, 0.8568281531333923, -2.3277385234832764, 1.8261040449142456, 0.680312991142273, -2.217383623123169, 0.6294103860855103, -0.6281197667121887, 0.34804147481918335, 0.12519341707229614, -0.10606193542480469, -0.21697519719600677, -0.32108885049819946, 1.4660661220550537, 0.21063865721225739, -1.2983133792877197, 0.9984487295150757, 1.148260474205017, 0.7437272071838379, 0.7845838665962219, -0.373879075050354, -0.13569818437099457, 0.14775395393371582, 1.1728650331497192, 2.134272336959839, -0.04261858016252518, 0.19474047422409058, 0.1394631266593933, 0.5490509867668152, 0.7286130785942078]",yunet,Facenet,1920,1080,/home/amos/media/tv/modern_family/Modern.Family.S09.1080p.DSNP.WEB-DL.DDP5.1.H.264-CRFW/Modern.Family.S09E17.Royal.Visit.1080p.DSNP.WEB-DL.DDP5.1.H.264-CRFW.mkv,Modern Family,2009,1442437,9,17,Ed O'Neill,18977.0,0.592
331,438,138,594,360,576,228,516,222,0.902,9576,1,"[-0.11741186678409576, 0.8257200717926025, 0.6895537972450256, -1.4879639148712158, 0.10683050751686096, -0.20445746183395386, -0.7829155325889587, -1.0783103704452515, -0.9385347366333008, 2.109631061553955, -1.0053694248199463, 1.553961157798767, -0.314765989780426, -0.7006384134292603, 0.8057554960250854, 0.5020514726638794, -0.283576101064682, -1.3126411437988281, -1.553468942642212, -0.3590545952320099, 1.368436336517334, 0.15916606783866882, -0.24600017070770264, -1.351701021194458, -0.9675131440162659, 0.19497618079185486, -0.6730855703353882, 0.7521921992301941, 2.883807897567749, -0.6516266465187073, 0.26615577936172485, -0.9970429539680481, 0.8525938987731934, -0.9593316316604614, 1.9460405111312866, 0.737622082233429, -1.1235517263412476, -0.712865948677063, 0.7190437912940979, -0.3811192810535431, -1.2462127208709717, 0.717144787311554, 0.44036850333213806, 0.6761707663536072, -1.1585243940353394, 0.23966526985168457, -1.4836053848266602, 0.3842216432094574, -1.9499729871749878, -0.5880736112594604, 0.0034276843070983887, 0.4921511113643646, -0.2872386872768402, 1.9160478115081787, -0.6472636461257935, 0.2806689739227295, -0.9329207539558411, -0.25224560499191284, -1.870835781097412, -0.3088066577911377, -0.8311895132064819, -1.2522931098937988, -2.0753140449523926, -0.009671613574028015, -0.2575756013393402, 0.8508856296539307, -0.12325898557901382, -1.0861382484436035, 1.7647621631622314, -0.764700174331665, 0.08375997096300125, 0.4974276125431061, 0.0402185320854187, -0.8408394455909729, 2.256923198699951, 0.5958350896835327, 1.2940020561218262, -0.7996869683265686, 1.4936553239822388, -0.13042603433132172, 0.34415683150291443, 0.9529025554656982, 0.8593713045120239, -0.5774296522140503, -0.7916989326477051, -1.2945290803909302, -0.18759000301361084, -0.8216946125030518, 1.3804208040237427, 1.3484140634536743, -2.514143228530884, 0.5659268498420715, 0.21201539039611816, -0.1273169219493866, 1.2128891944885254, 1.2808947563171387, -1.2107136249542236, -0.5441909432411194, 0.5685250163078308, -1.0213919878005981, 0.6501765251159668, 0.05595488101243973, -2.129082202911377, 2.2970335483551025, 1.0705904960632324, 0.3745397925376892, 1.2175602912902832, -0.922325611114502, 1.3892546892166138, -0.30768758058547974, 1.6427383422851562, 0.6390359997749329, -1.0642977952957153, 0.3846265375614166, 1.1371787786483765, 1.3056442737579346, 0.0342131070792675, 1.3895235061645508, 0.3103930652141571, -1.6682630777359009, 1.3883293867111206, -1.2880990505218506, 0.2997581660747528, 0.3397475481033325, -0.16037027537822723, 0.8543411493301392, 0.6928267478942871, 0.8873097896575928]",yunet,Facenet,1920,1080,/home/amos/media/tv/modern_family/Modern.Family.S09.1080p.DSNP.WEB-DL.DDP5.1.H.264-CRFW/Modern.Family.S09E17.Royal.Visit.1080p.DSNP.WEB-DL.DDP5.1.H.264-CRFW.mkv,Modern Family,2009,1442437,9,17,Sofía Vergara,63522.0,0.74
332,534,258,720,498,684,348,588,354,0.913,9600,0,"[-0.4090103805065155, 0.5856502056121826, -0.04001815617084503, -1.831642985343933, 0.24507524073123932, -0.005844783037900925, -1.6694772243499756, -0.08603785932064056, -0.2404472529888153, 2.179877281188965, 0.7826381325721741, 2.5335164070129395, -0.26320189237594604, -2.470017910003662, 0.39916202425956726, 1.6696207523345947, 0.3183053731918335, -1.3034135103225708, -1.2396317720413208, -0.21172361075878143, 2.5313661098480225, -0.9156895279884338, -0.47857311367988586, -0.9826021194458008, -1.2397173643112183, -1.5178344249725342, -0.7041317224502563, 0.7107351422309875, 1.942850112915039, -0.7139599919319153, 0.42865657806396484, -1.576615571975708, 1.1255831718444824, -1.0238927602767944, 1.1553577184677124, 0.07593828439712524, -0.9494239091873169, 0.04916330426931381, 0.17257818579673767, -1.135393738746643, -1.1534687280654907, 0.48598453402519226, 0.9456812143325806, 0.2284923791885376, -1.9197895526885986, 0.332798570394516, -0.23263633251190186, -0.7938177585601807, -1.7925851345062256, -0.7349303960800171, -1.9440032243728638, -0.250469833612442, 0.5465860962867737, 2.0537168979644775, 0.2322409301996231, -0.24807479977607727, -0.9812085628509521, -0.6209257245063782, -0.791999340057373, -0.05778777226805687, -0.8481043577194214, 0.2910003662109375, -1.1151783466339111, -0.18151557445526123, 0.5618939399719238, 1.07239830493927, 0.045245736837387085, -0.544415295124054, 1.0091986656188965, 0.06624650955200195, 0.2544211149215698, 0.6679351329803467, -2.0165398120880127, 0.4268398880958557, 1.4496718645095825, 1.4776206016540527, 0.7350620031356812, -0.2799827456474304, 2.1420793533325195, -0.45704859495162964, 0.9491949677467346, -0.6738070249557495, 0.26089978218078613, -1.3421119451522827, 0.8372941017150879, -1.271535038948059, -1.0401958227157593, -0.11770160496234894, -0.1568019539117813, 1.163117527961731, -1.4069346189498901, -0.6964009404182434, 0.7799065113067627, 0.14638203382492065, 0.7717484831809998, 0.7106907367706299, -1.523554801940918, 0.7552492618560791, 0.7758424282073975, -0.8159223198890686, 0.14147870242595673, -1.4745502471923828, -0.8760109543800354, 2.4811556339263916, 1.109742283821106, 1.310624361038208, 0.7582817673683167, -0.4304285943508148, -0.38115689158439636, 1.2637962102890015, 2.173158645629883, 0.5554021596908569, -0.877293586730957, -0.03517407551407814, -0.7099975347518921, 0.16352739930152893, -0.9261391162872314, 0.632781982421875, 0.3392435312271118, -1.2070070505142212, 1.7251430749893188, -1.1666679382324219, -0.24595092236995697, 1.0144600868225098, 0.521373987197876, 0.10067168623209, 0.4383721351623535, 0.4479560852050781]",yunet,Facenet,1920,1080,/home/amos/media/tv/modern_family/Modern.Family.S09.1080p.DSNP.WEB-DL.DDP5.1.H.264-CRFW/Modern.Family.S09E17.Royal.Visit.1080p.DSNP.WEB-DL.DDP5.1.H.264-CRFW.mkv,Modern Family,2009,1442437,9,17,Sofía Vergara,63522.0,0.714
333,1080,126,1296,408,1248,234,1140,234,0.905,9600,1,"[-0.1351843774318695, -1.3458770513534546, 0.8270753026008606, 0.8859776258468628, 0.9960957765579224, -1.2831779718399048, 0.35250669717788696, 0.7941269874572754, 0.03788609057664871, 0.09129299223423004, -0.8737285733222961, -0.2607909142971039, -1.5573720932006836, 0.20067256689071655, 0.4868817925453186, -0.16778498888015747, 1.7589406967163086, -0.11415308713912964, -0.060800835490226746, -0.8845134973526001, -0.544946551322937, -1.869486689567566, 0.11758308857679367, 0.499550998210907, 0.8847323656082153, -1.54878830909729, 1.189819097518921, 2.970686912536621, 1.7977930307388306, -0.21063558757305145, -1.064884901046753, 2.178191661834717, -1.702050805091858, 0.7854927778244019, -1.659087061882019, -0.8469201326370239, -0.7929913401603699, 0.08494912832975388, -1.3500149250030518, -0.21680521965026855, -0.21539829671382904, -1.1856019496917725, -0.5341356992721558, 0.9781848192214966, 0.9408238530158997, -0.6697977185249329, -0.4924962520599365, -0.9638803005218506, -0.02010180801153183, 0.13536494970321655, -0.3810957074165344, 0.15451151132583618, -0.32791730761528015, 1.1851344108581543, -0.25301840901374817, 0.49542421102523804, -0.8035176396369934, 0.41095080971717834, -0.37292492389678955, 1.0111252069473267, -2.445362091064453, 0.02373947948217392, 0.11316511780023575, 0.1385006308555603, -0.7085480690002441, 1.444380760192871, 0.44986042380332947, 1.0556800365447998, 0.08195624500513077, -1.2655394077301025, -2.001619338989258, -0.3566984236240387, 1.3811208009719849, 1.2876453399658203, -0.7793542146682739, 1.2337099313735962, -0.6939728260040283, -0.7229230403900146, -0.5774098634719849, 0.3014554977416992, -0.5578659772872925, 2.1636385917663574, -0.25263041257858276, -2.9026312828063965, -1.3555430173873901, -0.7396136522293091, 0.5311816930770874, -0.8199902772903442, 0.09892819821834564, 1.8205037117004395, 0.3577324450016022, 0.1441551148891449, -1.6301968097686768, -1.3749370574951172, 0.3692713975906372, -1.1379892826080322, -1.66132390499115, -0.9903100728988647, 1.2288248538970947, 1.668001413345337, -1.2982887029647827, 1.3230011463165283, -0.4136277437210083, -0.9031814932823181, 0.8188908100128174, 0.24488012492656708, 0.3368528485298157, -0.5341759920120239, 0.4926220774650574, -1.2535595893859863, -0.7543699145317078, 0.5222334265708923, -0.4155932664871216, -1.8304898738861084, 0.48016008734703064, 0.4343259036540985, 1.2017267942428589, 0.2517886757850647, -0.8082976937294006, -0.5476830005645752, 0.5228338837623596, 1.0790398120880127, 0.7763664126396179, -0.43461164832115173, -0.14571839570999146, 1.7035905122756958, 0.7397438883781433, -0.019131474196910858]",yunet,Facenet,1920,1080,/home/amos/media/tv/modern_family/Modern.Family.S09.1080p.DSNP.WEB-DL.DDP5.1.H.264-CRFW/Modern.Family.S09E17.Royal.Visit.1080p.DSNP.WEB-DL.DDP5.1.H.264-CRFW.mkv,Modern Family,2009,1442437,9,17,Ed O'Neill,18977.0,0.697
334,990,114,1194,372,1146,210,1044,210,0.901,9720,0,"[-0.2762472927570343, -1.3152819871902466, 0.737282395362854, 1.2650450468063354, 1.3934240341186523, -0.9842711091041565, 0.37858065962791443, 0.7522298693656921, 0.7571923136711121, -0.37434306740760803, -0.5354201793670654, -0.24286296963691711, -2.0490646362304688, 0.7171615362167358, -0.30362042784690857, 0.3031892776489258, 1.805253505706787, 0.08840121328830719, -0.5103957653045654, -0.9953476190567017, -0.9623109102249146, -1.415842056274414, -0.01683301478624344, 0.22794893383979797, 0.5043842792510986, -1.0200670957565308, 0.6238721609115601, 2.3997063636779785, 1.4758187532424927, 0.06498730182647705, -1.3302106857299805, 1.8745485544204712, -2.855926752090454, 1.007098913192749, -1.023190975189209, -0.13603462278842926, -0.675402820110321, 0.7501784563064575, -0.8373212218284607, 0.06691665947437286, 0.34409525990486145, -1.297812819480896, -0.20077186822891235, 0.7551060318946838, 0.8819483518600464, -0.7375096082687378, -0.20778900384902954, -1.1022049188613892, -0.09182747453451157, 0.7774646282196045, -0.45408129692077637, 0.5395260453224182, -0.018087871372699738, 0.6680963039398193, -0.38736578822135925, 0.6039116382598877, -0.4643230438232422, -0.08399620652198792, 0.1459335833787918, 1.4030861854553223, -2.392768383026123, 0.323918879032135, 0.09638359397649765, 0.485415518283844, -0.05447801202535629, 1.8549989461898804, 0.46899157762527466, 1.79023015499115, 0.0897078737616539, -0.975866436958313, -1.6560373306274414, -0.07421715557575226, 1.1025559902191162, 1.3418346643447876, -0.3297251760959625, 1.3351479768753052, -0.9654232263565063, -0.8416414856910706, -1.0996137857437134, -0.16982436180114746, -0.49273112416267395, 1.7055716514587402, -0.12905481457710266, -2.5789620876312256, -1.5262789726257324, -0.9363465309143066, 0.4371558725833893, -0.19110986590385437, -0.4027116894721985, 1.7513498067855835, 0.5100287795066833, -0.053803786635398865, -1.1769744157791138, -1.9503601789474487, 0.1078474223613739, -0.8432583808898926, -1.0785385370254517, -0.42213574051856995, 1.305793046951294, 2.012617349624634, -1.4285272359848022, 1.0150691270828247, -1.3331241607666016, -1.1243975162506104, 0.8879045844078064, 0.31190794706344604, 0.6519411206245422, -0.47717729210853577, 0.23383748531341553, -1.4474396705627441, 0.2652469873428345, 0.9430469870567322, 0.438312828540802, -1.8394262790679932, 0.6767737865447998, -0.02408568561077118, 1.2359721660614014, 0.9123398661613464, -0.5319096446037292, -0.47556376457214355, 0.7370620369911194, 0.5474987030029297, 1.2449759244918823, -0.8941555023193359, -0.43041229248046875, 1.2591125965118408, 0.619135320186615, -0.09537598490715027]",yunet,Facenet,1920,1080,/home/amos/media/tv/modern_family/Modern.Family.S09.1080p.DSNP.WEB-DL.DDP5.1.H.264-CRFW/Modern.Family.S09E17.Royal.Visit.1080p.DSNP.WEB-DL.DDP5.1.H.264-CRFW.mkv,Modern Family,2009,1442437,9,17,Ed O'Neill,18977.0,0.632
335,1020,156,1236,426,1176,270,1074,270,0.903,9744,0,"[-0.35599344968795776, -0.916126012802124, 0.7072835564613342, 0.7218014001846313, 2.310987710952759, -0.7052201628684998, 0.9805747270584106, 0.7380874752998352, 0.6212204694747925, -0.47833356261253357, -0.23214000463485718, -0.32959747314453125, -2.1341681480407715, 1.11211359500885, -0.6790406703948975, 0.41732358932495117, 1.1924538612365723, -0.18399551510810852, -0.6836773157119751, -1.0098224878311157, -1.3331718444824219, -0.9627094864845276, -0.4190126061439514, -0.07908966392278671, 0.6178788542747498, -0.43048691749572754, 0.227655291557312, 2.6734538078308105, 1.0953359603881836, -0.013008848764002323, -0.6615723371505737, 1.858169436454773, -2.5958874225616455, 0.9297990798950195, -1.0366816520690918, -0.052122633904218674, -1.0863956212997437, 0.38618502020835876, -0.5959088206291199, 0.049664631485939026, 0.02137616276741028, -1.6932355165481567, -0.4372001588344574, 0.875018835067749, 1.2739681005477905, -1.7263695001602173, -1.1109402179718018, -0.5036462545394897, 0.12534596025943756, 0.5311712026596069, -0.29140937328338623, 0.823738694190979, -0.6190523505210876, 0.5584147572517395, -0.9794801473617554, 0.6727232933044434, 0.010515308938920498, -1.0062949657440186, 0.28037041425704956, 1.3661527633666992, -2.4511704444885254, 0.6759944558143616, 0.2357206642627716, 0.567884624004364, -0.3366703987121582, 1.6627858877182007, 0.1333482414484024, 1.716395378112793, 0.2373391091823578, -0.41933977603912354, -1.9599601030349731, -0.481913685798645, 1.2180181741714478, 1.0697150230407715, -0.05700821056962013, 1.0676512718200684, -0.712261438369751, -0.9716973304748535, -1.0299792289733887, 0.3149645924568176, -0.11139874160289764, 2.127995491027832, -0.6180614233016968, -2.4797439575195312, -1.4181839227676392, -0.7198060750961304, 0.3293569087982178, 0.029277600347995758, 0.058878421783447266, 2.3360416889190674, 0.5386840105056763, -0.18721620738506317, -1.1873143911361694, -2.498181104660034, 0.15994971990585327, -0.7055860757827759, -1.0612095594406128, -0.8057830333709717, 1.1225862503051758, 2.0091795921325684, -1.555060863494873, 0.5010890364646912, -1.6770626306533813, -1.3016384840011597, 1.0612090826034546, 0.3264172673225403, 0.9420527815818787, -0.6655195951461792, 0.5570377111434937, -1.2678886651992798, 0.28776979446411133, 0.8599645495414734, 0.1957772672176361, -1.4549899101257324, 1.6338660717010498, 0.07993742823600769, 1.4580817222595215, 0.9205184578895569, -0.3147951662540436, -0.6191861033439636, 1.1472066640853882, 0.9207266569137573, 1.3541141748428345, -0.41696107387542725, 0.05987054854631424, 0.4420541822910309, 0.6142019629478455, 0.0818834900856018]",yunet,Facenet,1920,1080,/home/amos/media/tv/modern_family/Modern.Family.S09.1080p.DSNP.WEB-DL.DDP5.1.H.264-CRFW/Modern.Family.S09E17.Royal.Visit.1080p.DSNP.WEB-DL.DDP5.1.H.264-CRFW.mkv,Modern Family,2009,1442437,9,17,Ed O'Neill,18977.0,0.59
336,384,270,552,498,528,360,444,366,0.907,9792,0,"[-0.4837666451931, 1.246134877204895, -0.03695640712976456, -1.6183985471725464, 0.11430305242538452, 0.468218058347702, -0.439203143119812, -1.788427472114563, 0.1958373486995697, 1.3172353506088257, 1.7245362997055054, 3.117441177368164, -0.13620904088020325, -3.0297532081604004, 1.1833499670028687, 1.7643959522247314, 0.4584638178348541, -0.7138736248016357, -1.167606234550476, 0.31453195214271545, 0.8293309211730957, -1.5075796842575073, 0.1942484974861145, 0.025897089391946793, -0.7668555974960327, -1.3554067611694336, -1.9032752513885498, 0.8673344254493713, 1.794703483581543, -0.32820311188697815, 1.2880064249038696, -2.434370279312134, 0.7389598488807678, -0.390638142824173, 0.47081542015075684, 0.6562162041664124, -0.7493075132369995, 0.23955485224723816, 0.8017058372497559, 0.025635406374931335, -0.6456860303878784, 0.2702403962612152, -0.5792713165283203, 0.37365615367889404, -0.9509196281433105, 0.16673454642295837, -1.175691843032837, 0.7096537351608276, -0.6923009157180786, -0.3552248477935791, -1.2132108211517334, -0.2863312363624573, 0.1792658567428589, 2.3457305431365967, -0.014437012374401093, 0.9607656598091125, -0.732140839099884, -0.6699339747428894, -0.4008302390575409, 0.7425827383995056, -0.44900763034820557, -0.4931443929672241, -0.6194216012954712, -1.1704907417297363, 1.5277109146118164, 1.4597651958465576, 0.43807968497276306, -0.6186221241950989, 1.059898853302002, -0.7476438283920288, -0.5891324877738953, 1.3261069059371948, -0.791017472743988, 1.3295891284942627, 0.156858429312706, 0.6698437333106995, -0.4795682430267334, -1.32119882106781, 1.3371232748031616, 0.18806876242160797, 0.22629520297050476, -0.46067771315574646, -0.6033776998519897, -1.0309895277023315, 0.19109530746936798, -1.5302350521087646, -1.1253482103347778, 0.40649497509002686, 0.354026198387146, 2.5384721755981445, -0.7270907759666443, -0.2385210543870926, 1.5351569652557373, 0.43452560901641846, -0.17612503468990326, 1.3411413431167603, -1.0789151191711426, 1.0217479467391968, -0.4449061155319214, -0.8919516205787659, 0.8545764088630676, -2.446063756942749, -1.27378249168396, 2.1993463039398193, 0.45793068408966064, 1.6081408262252808, -0.1271318942308426, -1.0239630937576294, 0.509032666683197, -0.1430407017469406, 1.3339908123016357, 1.7523539066314697, 0.2106679081916809, -1.4371082782745361, 1.0759267807006836, 0.18952465057373047, -0.6300182342529297, -0.16291603446006775, 1.598206639289856, -0.08167789876461029, 1.0821242332458496, -1.5525974035263062, 0.6727584004402161, -0.07774142920970917, -0.19109274446964264, 0.8834476470947266, 1.041211485862732, -0.5405961275100708]",yunet,Facenet,1920,1080,/home/amos/media/tv/modern_family/Modern.Family.S09.1080p.DSNP.WEB-DL.DDP5.1.H.264-CRFW/Modern.Family.S09E17.Royal.Visit.1080p.DSNP.WEB-DL.DDP5.1.H.264-CRFW.mkv,Modern Family,2009,1442437,9,17,Sofía Vergara,63522.0,0.756
337,1080,198,1296,468,1224,312,1134,312,0.9,9792,1,"[-0.8169783353805542, -1.112300992012024, 0.5222278237342834, 0.6505699157714844, 1.5503637790679932, -1.2025823593139648, 0.6581968665122986, 0.4921906888484955, 0.1222936138510704, 0.03840452805161476, -0.23139333724975586, 0.24701175093650818, -1.9821281433105469, 0.4012153446674347, -0.06450001895427704, 0.5664483308792114, 1.2818468809127808, 0.4072195291519165, -0.421457439661026, -0.8653417825698853, -0.8818928003311157, -1.664670467376709, -0.30576902627944946, 0.27019432187080383, -0.0011802911758422852, -1.0729939937591553, 0.21633724868297577, 2.697101593017578, 1.1762151718139648, 0.3843451738357544, -1.3722922801971436, 2.025827407836914, -3.0570855140686035, 1.0644556283950806, -0.8126733899116516, -0.5015468597412109, -0.7931346297264099, 0.5378914475440979, -0.15070682764053345, -0.2359057366847992, 0.2668057084083557, -1.3838622570037842, -0.4358535706996918, 1.1634773015975952, 1.0234602689743042, -1.4703561067581177, -0.25561192631721497, -1.0216211080551147, -0.2464449256658554, 0.405385822057724, -0.4496987462043762, 0.663471519947052, -0.6546483039855957, 0.8682247400283813, -0.6451462507247925, 0.29160434007644653, -0.3395015299320221, 0.14736294746398926, -0.10531759262084961, 1.0022202730178833, -2.086977243423462, 0.26814210414886475, 0.006500650197267532, 0.0522642657160759, -0.04730674624443054, 2.264301300048828, 0.47536203265190125, 1.879071593284607, 0.19425639510154724, -0.8280818462371826, -1.7378588914871216, -0.1695137768983841, 1.1712944507598877, 1.6596890687942505, -0.205572709441185, 1.2650861740112305, -0.872776985168457, -0.722873866558075, -1.1199802160263062, 0.10946442186832428, -0.563561201095581, 1.7622793912887573, -0.6976209878921509, -2.2994606494903564, -1.8630198240280151, -0.37946489453315735, 0.4602462947368622, -0.09616980701684952, -0.7470372915267944, 2.064800500869751, 0.7843739986419678, -0.3276292383670807, -1.1381442546844482, -1.9716852903366089, 0.11931018531322479, -0.8370499610900879, -0.7480260729789734, -0.8243725895881653, 1.0922660827636719, 1.82840895652771, -2.2164692878723145, 0.963243305683136, -1.4359570741653442, -1.2334296703338623, 0.8009005188941956, 0.04473227262496948, 0.7420432567596436, -0.7088228464126587, 0.5904142260551453, -0.6379386186599731, 0.2167879343032837, 0.7723389863967896, 0.5753438472747803, -1.987381935119629, 0.8402637243270874, 0.29752013087272644, 1.2235257625579834, 0.7934350371360779, -0.7651495933532715, -0.408989816904068, 0.10590998083353043, 1.33396315574646, 1.6093347072601318, -0.9031856060028076, -0.3851338028907776, 1.0616401433944702, 0.45952990651130676, -0.4757472574710846]",yunet,Facenet,1920,1080,/home/amos/media/tv/modern_family/Modern.Family.S09.1080p.DSNP.WEB-DL.DDP5.1.H.264-CRFW/Modern.Family.S09E17.Royal.Visit.1080p.DSNP.WEB-DL.DDP5.1.H.264-CRFW.mkv,Modern Family,2009,1442437,9,17,Ed O'Neill,18977.0,0.6
338,906,192,1068,414,990,276,930,270,0.915,9840,0,"[1.1531082391738892, -1.3794183731079102, 1.7448296546936035, -0.40221062302589417, -0.4098146855831146, 0.9880881309509277, 0.5236126780509949, -0.6205579042434692, -0.5786610245704651, -4.007108509540558e-05, 0.05860443413257599, -0.10805550217628479, 0.4622141718864441, 1.3293761014938354, -0.40352663397789, -1.3973783254623413, 1.2226383686065674, -1.8204901218414307, -0.0007517002522945404, 0.20293474197387695, 0.14130350947380066, -1.6718567609786987, -0.12171733379364014, 0.18757054209709167, 0.7308985590934753, -1.9029136896133423, 1.9637130498886108, 0.38489601016044617, -0.7044360637664795, 1.170809268951416, 0.33887308835983276, 0.5001576542854309, 1.7515802383422852, -0.9100525975227356, -1.1742303371429443, -0.0710730105638504, 2.088010311126709, -1.1322098970413208, -2.375354528427124, 0.16917303204536438, 1.5725270509719849, 0.15182043612003326, -0.08915700018405914, -0.4776780903339386, -0.8114792108535767, -2.3467910289764404, 1.1127243041992188, 0.7868137359619141, -0.4707998037338257, -0.5772912502288818, -0.2823011875152588, -0.5449750423431396, 0.12421287596225739, -0.9470686912536621, 0.2660868465900421, 1.410435438156128, 0.9823171496391296, 1.1607240438461304, -0.03171020746231079, 0.5473881363868713, 0.24975994229316711, 0.43743759393692017, 2.288053274154663, 1.944441795349121, -0.8662331700325012, 1.1900649070739746, 0.3154464662075043, 2.455493211746216, 0.08004128187894821, 1.4834102392196655, 0.24463185667991638, 0.0959930568933487, 1.432656168937683, 0.6757020354270935, -1.3011003732681274, -0.20365291833877563, 0.4759511649608612, -1.2610219717025757, -0.013257056474685669, -0.5832093954086304, -1.1794562339782715, 0.40389224886894226, 0.8189877867698669, 0.7645063996315002, 0.7057398557662964, -0.005119331181049347, 2.345324993133545, -1.6652252674102783, 1.285297155380249, -0.08985593914985657, -1.4354087114334106, -0.1264101266860962, 1.0026435852050781, 0.16650798916816711, 0.5600326657295227, 0.8211086988449097, 0.29115381836891174, -0.11596322804689407, -0.8023397326469421, 1.2888368368148804, 0.25477027893066406, 1.2152193784713745, 0.6168443560600281, -1.019708514213562, 0.6726416945457458, -0.8790338635444641, -0.9860180616378784, -1.2987618446350098, 1.2542972564697266, -0.3819698393344879, -2.2565994262695312, 0.25108468532562256, 1.5586891174316406, -0.08644691109657288, -1.7927957773208618, -0.667855978012085, -0.6402416229248047, 1.206032395362854, 0.6998420357704163, -0.2150474637746811, 0.027063269168138504, 0.2827121615409851, 0.8744972348213196, 0.1834050714969635, 1.7016037702560425, 1.8026971817016602, 1.0124905109405518, 1.3545265197753906]",yunet,Facenet,1920,1080,/home/amos/media/tv/modern_family/Modern.Family.S09.1080p.DSNP.WEB-DL.DDP5.1.H.264-CRFW/Modern.Family.S09E17.Royal.Visit.1080p.DSNP.WEB-DL.DDP5.1.H.264-CRFW.mkv,Modern Family,2009,1442437,9,17,Jeremy Maguire,1676910.0,0.624
339,450,204,654,468,606,306,516,306,0.914,9864,0,"[-1.9703563451766968, 0.41192859411239624, 0.2174096554517746, -0.21395574510097504, 0.7107376456260681, 0.8278287649154663, -0.8780122995376587, -0.8571465015411377, 1.4526864290237427, 0.38327556848526, 0.17710080742835999, 1.9832388162612915, 0.9214949011802673, -3.013251781463623, 0.0993519052863121, 2.2445757389068604, -0.167652428150177, -0.5518546104431152, -1.5801903009414673, 0.3403196632862091, 2.3554842472076416, -0.04372168704867363, 0.8020617961883545, -0.894665002822876, -1.178739309310913, -1.0669409036636353, -0.5696225166320801, 0.8523470163345337, 2.0539095401763916, -0.5128205418586731, -0.7539937496185303, -2.5107533931732178, 1.221379041671753, -1.1260393857955933, 2.0859134197235107, 0.9141889214515686, -0.9620939493179321, 0.04852042347192764, -0.3031816780567169, 0.32302945852279663, -0.24831408262252808, 0.049398794770240784, 0.015524990856647491, 0.010369263589382172, -1.2348915338516235, 0.7314704060554504, -1.327326774597168, -0.7110140323638916, -1.158032774925232, -0.7453329563140869, -1.5681113004684448, 0.7901050448417664, 0.32362279295921326, 1.2149817943572998, 0.15669918060302734, 1.0595839023590088, -1.3722904920578003, -0.3091772496700287, -0.41801971197128296, -0.6503117680549622, -0.4211060106754303, -0.0023322105407714844, -1.4945327043533325, -0.5173972249031067, -0.4347400665283203, 1.5363564491271973, 0.8850621581077576, 0.14220336079597473, 1.2615869045257568, -1.7599531412124634, 0.5541942715644836, 0.2398936152458191, -0.897096574306488, 0.062210872769355774, 1.8574082851409912, 1.341739296913147, 0.3169884979724884, 0.5088054537773132, 0.5511722564697266, -0.6405645608901978, 0.564073920249939, -0.2087424397468567, -0.4494413435459137, -0.852984607219696, 0.5342773795127869, -1.482395887374878, -0.399284303188324, 0.24672691524028778, -1.1123952865600586, 1.2551140785217285, -1.0563420057296753, -0.30076372623443604, 1.6556369066238403, 0.3915853202342987, -1.191169261932373, 1.4080482721328735, -1.7615108489990234, 0.1833072453737259, -0.17502960562705994, 0.0816335454583168, 0.11261054873466492, -0.5690535306930542, -0.9834425449371338, 1.8996909856796265, 0.19956102967262268, 0.6401402354240417, 0.7296245098114014, -1.1934118270874023, -0.3325604796409607, 0.7082586884498596, 2.4926576614379883, 1.5631797313690186, 0.25589418411254883, -0.37685346603393555, 0.01604463718831539, 1.2971335649490356, -0.2644851803779602, 0.5664441585540771, -0.15092775225639343, -0.5347621440887451, 1.7299658060073853, -1.619612455368042, 0.8038652539253235, -0.5131406784057617, 0.3122674822807312, 0.8453518748283386, 1.3164424896240234, 1.232336163520813]",yunet,Facenet,1920,1080,/home/amos/media/tv/modern_family/Modern.Family.S09.1080p.DSNP.WEB-DL.DDP5.1.H.264-CRFW/Modern.Family.S09E17.Royal.Visit.1080p.DSNP.WEB-DL.DDP5.1.H.264-CRFW.mkv,Modern Family,2009,1442437,9,17,Sofía Vergara,63522.0,0.779
340,1074,132,1314,414,1248,228,1140,234,0.907,9888,0,"[-0.16567009687423706, -1.385391354560852, -0.18986962735652924, 1.3794251680374146, 0.8060733079910278, -1.6384259462356567, 0.4858127236366272, 0.9568129777908325, -0.537554919719696, 0.7880141735076904, -1.1657646894454956, -0.27459028363227844, -1.4268512725830078, 0.2760285437107086, -0.056339189410209656, 0.3920673727989197, 1.1416800022125244, 0.20605914294719696, -0.1469087302684784, -1.4011688232421875, -0.29919880628585815, -1.4133814573287964, -0.37437233328819275, -0.30962082743644714, 0.9066009521484375, -1.0317846536636353, 0.7759544849395752, 3.8862252235412598, 1.232640266418457, 0.14917002618312836, -2.0670218467712402, 2.816807746887207, -2.183020830154419, 0.6011795401573181, -1.063860535621643, -1.3684766292572021, -1.1634395122528076, -0.46177685260772705, -1.0705738067626953, -1.1740572452545166, -0.3728004992008209, -0.44550079107284546, -0.5411273241043091, 0.7177881002426147, 1.0444104671478271, -1.5206977128982544, -0.5171495676040649, -0.5295701026916504, 0.0785677582025528, 1.2651461362838745, -0.5880038738250732, 0.04770024120807648, -0.7133013606071472, 1.362256407737732, -0.05473386123776436, 0.4433456063270569, -0.03534969687461853, -0.273645281791687, -0.9431987404823303, 0.877803385257721, -3.3254804611206055, 0.2420693188905716, 1.06355619430542, 0.42118942737579346, -0.5108331441879272, 1.654451847076416, -0.24631080031394958, 1.391863226890564, 0.29719552397727966, -1.0755133628845215, -1.647971272468567, -0.12139267474412918, 1.369795560836792, 1.303085446357727, -0.16862037777900696, 0.5292059183120728, -0.9641356468200684, -0.5934337377548218, 0.2700548768043518, 0.41260313987731934, -0.13074052333831787, 1.4495900869369507, -0.33672863245010376, -2.948230028152466, -0.7723146080970764, -0.3354276716709137, -0.05190449208021164, 0.07295870780944824, 0.4011620581150055, 2.381432056427002, 1.368799090385437, 0.6837698817253113, -1.2532711029052734, -0.8718971610069275, 0.32907336950302124, -0.5805595517158508, -1.080398440361023, -0.8729233741760254, 0.3806663453578949, 1.0582021474838257, -1.1701544523239136, 1.3363244533538818, -0.20487821102142334, -1.7920187711715698, 1.3440684080123901, -0.7725036144256592, 0.483045756816864, -0.6778523921966553, 0.18004891276359558, -0.29336366057395935, -0.11052754521369934, 0.49176883697509766, -0.7686858177185059, -0.575286865234375, 0.8141085505485535, -0.49658551812171936, 1.5242818593978882, 0.9503014087677002, -0.0895509347319603, -0.6263495683670044, 0.5691825747489929, 1.2464110851287842, 1.2202380895614624, 0.14012356102466583, -0.14801107347011566, 1.1163172721862793, 0.5689335465431213, -0.07310864329338074]",yunet,Facenet,1920,1080,/home/amos/media/tv/modern_family/Modern.Family.S09.1080p.DSNP.WEB-DL.DDP5.1.H.264-CRFW/Modern.Family.S09E17.Royal.Visit.1080p.DSNP.WEB-DL.DDP5.1.H.264-CRFW.mkv,Modern Family,2009,1442437,9,17,Ed O'Neill,18977.0,0.655
341,462,174,654,420,630,270,534,270,0.906,9888,1,"[-0.3436662554740906, -0.035816628485918045, 1.564195156097412, -1.3172672986984253, -0.7278635501861572, 0.9274268746376038, -0.022627566009759903, -1.0535808801651, 0.101572684943676, 2.050419807434082, -1.4901775121688843, 1.8961220979690552, 0.19140495359897614, -0.9306457042694092, 0.07098284363746643, 1.251420021057129, -1.1284737586975098, -0.9107561111450195, 0.767385721206665, -0.4599721133708954, 1.926411509513855, 0.30120569467544556, 0.11228490620851517, -0.41594061255455017, -1.3270426988601685, 0.4320715367794037, -0.436249315738678, 0.20771627128124237, 2.2877511978149414, -0.07219646871089935, -0.15867015719413757, -2.0329294204711914, 0.6347045302391052, 0.01370309293270111, 2.6035807132720947, 0.7379928231239319, -0.6743453145027161, -0.9242536425590515, 0.7426170706748962, -0.6055508852005005, -1.3525209426879883, 1.983476996421814, -0.4759819805622101, 0.4231491684913635, -1.6403447389602661, 0.4852517247200012, -1.8189467191696167, 0.18516261875629425, -0.9062895774841309, -0.7042534351348877, -0.11195217072963715, -0.6996560096740723, 0.12074799090623856, 1.129054307937622, -0.24517303705215454, 0.7108101844787598, -0.06216161325573921, 0.37181252241134644, -2.154208183288574, -0.7247106432914734, -1.7401131391525269, 0.38241761922836304, -1.7082949876785278, -0.628607451915741, -0.8514440059661865, 1.9247488975524902, 0.7154235243797302, 0.26152482628822327, 1.7629059553146362, 0.7977739572525024, 1.8371397256851196, 1.6764309406280518, -0.09556406736373901, -0.2350051999092102, 0.6310429573059082, 0.8613945245742798, -0.1278695911169052, -0.26857271790504456, 0.8224118947982788, 0.3426969647407532, -0.6333299875259399, -1.2920963764190674, 1.2683037519454956, -1.0235555171966553, 0.2582409083843231, -2.0689759254455566, 0.7278311252593994, 0.6475939750671387, 1.2345691919326782, 1.130453109741211, -1.1397156715393066, 0.8126496076583862, -0.3200295865535736, 1.6415114402770996, 0.052831970155239105, 1.33929443359375, -1.2182093858718872, -0.17959100008010864, 1.246246337890625, -0.5409791469573975, 1.5825190544128418, 0.5039474964141846, -1.4676176309585571, 0.8328296542167664, 0.8964730501174927, 0.4826739430427551, 0.3662603199481964, -1.5393028259277344, 0.5154343843460083, -0.5015766620635986, 2.335170030593872, -0.05058003216981888, -1.1403212547302246, 0.13402488827705383, 0.9832295775413513, 2.320249557495117, 0.9681731462478638, 1.4377461671829224, 0.6994439363479614, -1.5145485401153564, 1.4524962902069092, -0.7731505632400513, 0.1862771064043045, -0.014506282284855843, 0.9690739512443542, -0.16635532677173615, 0.8088754415512085, -0.25976434350013733]",yunet,Facenet,1920,1080,/home/amos/media/tv/modern_family/Modern.Family.S09.1080p.DSNP.WEB-DL.DDP5.1.H.264-CRFW/Modern.Family.S09E17.Royal.Visit.1080p.DSNP.WEB-DL.DDP5.1.H.264-CRFW.mkv,Modern Family,2009,1442437,9,17,Sofía Vergara,63522.0,0.69
342,1326,30,1518,306,1398,150,1350,150,0.918,9912,0,"[0.5659698247909546, 1.1280943155288696, -2.2837159633636475, 0.1974632740020752, 1.699616551399231, -0.5915525555610657, 0.5035610198974609, 0.2525351345539093, 1.4283229112625122, -0.4524398446083069, 0.6872249841690063, 1.2300150394439697, -0.09649106115102768, -0.7927099466323853, -0.8970597982406616, -0.7898080348968506, -1.8090426921844482, -0.03750504553318024, -0.6014472842216492, 1.6537742614746094, -0.20011785626411438, 0.30248570442199707, -1.075239896774292, -0.45905348658561707, 2.0765256881713867, 1.6556062698364258, 1.2579870223999023, -0.842078447341919, 0.6128032207489014, 0.08853482455015182, 1.2364453077316284, 1.3532432317733765, -1.1135196685791016, -0.9971504807472229, -1.4973528385162354, -1.8443092107772827, 1.236759901046753, -1.0945188999176025, 1.2146878242492676, -0.9446384906768799, -0.2674674093723297, 1.5716099739074707, -0.0009527876973152161, 0.38237929344177246, 0.801956832408905, -0.42245057225227356, -0.360980361700058, 0.1483505368232727, -0.44470053911209106, 2.1551151275634766, -0.8516862988471985, 0.41963112354278564, 0.9869406819343567, 1.232157588005066, -0.46746909618377686, -2.3584530353546143, 0.35422977805137634, 0.7037538290023804, 1.1865580081939697, 0.2705743908882141, 0.9728251099586487, -0.630730152130127, 0.8747127056121826, -0.8654457926750183, -0.05147966742515564, -0.2364892214536667, -1.7680354118347168, -0.4548165798187256, -0.30473554134368896, -2.7766895294189453, -1.216367244720459, -0.4817158281803131, -3.2102386951446533, 1.6720689535140991, -1.628957986831665, -1.440092921257019, 1.002122402191162, 1.477433443069458, 2.0934715270996094, -0.6430562138557434, -0.9551079273223877, -0.3657562732696533, 0.3226943910121918, -0.3422429859638214, -0.7445732355117798, 0.6456514596939087, 0.03347797691822052, 0.023261867463588715, -0.040711067616939545, -1.1379033327102661, -1.3659192323684692, -0.8238133192062378, -1.0101771354675293, -0.9311121702194214, 0.6687707901000977, 0.42642733454704285, -1.3440282344818115, -2.468165397644043, 0.027574442327022552, -1.5465196371078491, -0.8822275996208191, 1.1160861253738403, 1.3643555641174316, -1.9624124765396118, -1.9991391897201538, 1.0512356758117676, -0.40810123085975647, 0.14868152141571045, -0.6824514269828796, -0.24839241802692413, 1.0722962617874146, -1.191720724105835, 1.4332592487335205, -1.2281267642974854, 1.2444870471954346, 3.192453384399414, -1.622230887413025, 0.0763029158115387, -0.17213556170463562, 1.5741982460021973, -1.1244029998779297, 0.7328066825866699, 0.8540597558021545, 0.13376973569393158, -0.7337875366210938, -0.13769681751728058, 0.41955870389938354, -1.3500727415084839]",yunet,Facenet,1920,1080,/home/amos/media/tv/modern_family/Modern.Family.S09.1080p.DSNP.WEB-DL.DDP5.1.H.264-CRFW/Modern.Family.S09E17.Royal.Visit.1080p.DSNP.WEB-DL.DDP5.1.H.264-CRFW.mkv,Modern Family,2009,1442437,9,17,John Brotherton,222906.0,0.614
343,882,360,1050,564,996,444,912,438,0.913,9912,1,"[-0.4002729058265686, 0.48416563868522644, -0.3583184778690338, -0.22995471954345703, 1.8191810846328735, -0.6978163123130798, 0.3714570999145508, 3.1403369903564453, 0.6569465398788452, -0.9456042647361755, 2.2710983753204346, 0.4046531617641449, 0.6234480142593384, 0.2700245678424835, -0.7244542837142944, 1.8562976121902466, 0.32631245255470276, 0.1025361567735672, -0.3911101520061493, 1.1343895196914673, 0.0004218295216560364, 1.7366456985473633, -0.28566795587539673, -0.9251589179039001, -0.03698882460594177, 0.7105628252029419, 0.4819611608982086, 0.286475270986557, -1.3328925371170044, -2.4948878288269043, -0.1529027223587036, 0.6108133792877197, 0.11992508918046951, -0.17752712965011597, 1.294956088066101, -0.5409683585166931, 0.9817018508911133, -0.014914251863956451, 1.5085163116455078, 0.8763630390167236, -2.2157955169677734, 1.1511973142623901, 2.0893607139587402, -1.100196123123169, -1.6114768981933594, -0.49705979228019714, -0.4180719256401062, -1.4326701164245605, -0.3917211890220642, 2.096879005432129, -1.1259504556655884, 0.5100099444389343, 0.5544994473457336, 0.7158310413360596, 0.6017574667930603, -1.4330476522445679, 2.209388017654419, 1.6493467092514038, -1.151147723197937, -0.90545654296875, 0.10206969827413559, 0.36918914318084717, 0.09691011160612106, 1.2510149478912354, 0.6421633958816528, -1.1850855350494385, 0.16547077894210815, -0.8997306227684021, -1.0103871822357178, 0.15645700693130493, 0.6010673642158508, 0.09235991537570953, -2.1786298751831055, 2.218033790588379, 0.3292185962200165, -0.11446666717529297, 0.5345845222473145, 1.0641138553619385, 0.7785391211509705, 0.39165687561035156, 0.5322842001914978, 0.05539213493466377, 1.2670682668685913, -1.1066941022872925, 0.18898147344589233, 0.8919769525527954, 0.7045788168907166, -0.16181974112987518, -1.3897908926010132, -0.034137774258852005, -1.5610361099243164, -0.6021634340286255, -1.6375864744186401, -1.2708815336227417, 0.15097928047180176, -0.3050912320613861, -2.6252055168151855, -0.7343627214431763, 0.044208377599716187, -1.384293794631958, -1.4502993822097778, -0.7718046307563782, -1.0907233953475952, -0.4281947910785675, 0.9003163576126099, -0.20629699528217316, 0.540673553943634, -0.23938554525375366, -0.033080779016017914, 0.315080851316452, 2.372098922729492, -0.9036914110183716, 1.9453045129776, 2.0052449703216553, -0.3480148911476135, 0.2177964448928833, 0.6282148361206055, -0.2150455117225647, 1.0573557615280151, -0.272413969039917, -0.7587255835533142, -0.588139533996582, -1.1502931118011475, 0.24909938871860504, -0.07306714355945587, -0.09618204832077026, -0.7904800176620483, -0.936453104019165]",yunet,Facenet,1920,1080,/home/amos/media/tv/modern_family/Modern.Family.S09.1080p.DSNP.WEB-DL.DDP5.1.H.264-CRFW/Modern.Family.S09E17.Royal.Visit.1080p.DSNP.WEB-DL.DDP5.1.H.264-CRFW.mkv,Modern Family,2009,1442437,9,17,Lauren Shaw,1550831.0,0.551
344,858,336,1026,546,966,426,888,426,0.928,9936,0,"[0.2370244860649109, 1.2321341037750244, -0.2778193950653076, -0.6062297821044922, 1.4356857538223267, 0.0374707356095314, -0.06207431107759476, 2.8146750926971436, 0.43764176964759827, -0.47776758670806885, 1.336198329925537, 0.7578675746917725, -0.8118078708648682, -0.13316760957241058, -0.5460882186889648, 1.5786828994750977, 0.05936663597822189, 0.6526785492897034, -0.647757351398468, 1.4363387823104858, 0.4359537661075592, 2.2196826934814453, -0.5733377933502197, -0.2822783589363098, 0.4763055145740509, 1.3733739852905273, 0.19648359715938568, -0.36302217841148376, -1.1567447185516357, -2.5367536544799805, 0.07901978492736816, 1.7889329195022583, -0.5987787842750549, 0.0992906466126442, 0.5876350998878479, -0.9927762150764465, 0.04514394700527191, -0.33963650465011597, 0.997013509273529, 0.9827114343643188, -2.564013957977295, 0.45128941535949707, 1.8823736906051636, -1.2519339323043823, -0.32929009199142456, 0.27214333415031433, -0.6078646183013916, -0.3516000807285309, -0.3860046863555908, 1.6506882905960083, 0.267960786819458, 0.24318952858448029, 0.9636673331260681, 0.7928251028060913, 0.8853393793106079, -2.548309326171875, 0.4383234679698944, -0.06953080743551254, -1.6097561120986938, -1.1080583333969116, 0.2902000844478607, -0.25423377752304077, 0.1799560785293579, 0.6319010257720947, 0.5808334350585938, -1.4019584655761719, 0.41259434819221497, -1.126634955406189, -0.3574197292327881, -0.5577508211135864, 0.20061737298965454, -0.3256555199623108, -1.395923376083374, 2.482154607772827, 0.22799767553806305, -0.9920081496238708, 0.48516401648521423, 1.3925682306289673, 0.9477117657661438, 0.7852714657783508, 0.2831857204437256, -0.1845184713602066, -0.41473448276519775, -0.09307459741830826, -0.1673702597618103, 1.3020004034042358, 0.725256085395813, -1.4512755870819092, -0.5031610727310181, 0.23066411912441254, -1.0518341064453125, -0.1352795660495758, -0.7791790962219238, -0.7560173869132996, 0.9943888783454895, -0.34475913643836975, -0.7668037414550781, 0.351546972990036, 0.11170528829097748, -1.3381589651107788, -0.9937277436256409, -1.6824537515640259, -0.9088938236236572, 0.23217089474201202, -0.19985860586166382, -0.689243733882904, -0.9013784527778625, 0.49087727069854736, -0.8999350666999817, 0.816202700138092, 1.3870216608047485, -0.8311180472373962, 2.0308754444122314, 1.0306060314178467, 0.21846488118171692, 0.7845861911773682, -0.8413925170898438, -0.1534736156463623, 0.5928090214729309, -0.688637912273407, -1.8085473775863647, -0.9046590328216553, -1.651389241218567, 1.2736470699310303, -0.47132229804992676, -0.007150046527385712, -1.5110282897949219, -0.7752286195755005]",yunet,Facenet,1920,1080,/home/amos/media/tv/modern_family/Modern.Family.S09.1080p.DSNP.WEB-DL.DDP5.1.H.264-CRFW/Modern.Family.S09E17.Royal.Visit.1080p.DSNP.WEB-DL.DDP5.1.H.264-CRFW.mkv,Modern Family,2009,1442437,9,17,Lauren Shaw,1550831.0,0.643
345,1242,180,1440,462,1302,294,1272,294,0.916,9960,0,"[-0.5405945777893066, 0.44571420550346375, -1.2247607707977295, -1.1667754650115967, 1.7144782543182373, -1.1357464790344238, -0.619921863079071, 0.6285760998725891, 1.2259587049484253, -0.9796034693717957, 1.688065767288208, 0.7495120167732239, 0.23467950522899628, -1.2955965995788574, 0.18222972750663757, 1.2502211332321167, -0.7084939479827881, 0.206735298037529, -0.9371445178985596, 2.1048672199249268, 0.13938328623771667, 1.347120761871338, -0.28242751955986023, 0.5586043000221252, 0.24807170033454895, 2.4421656131744385, -0.33180472254753113, -0.3462888300418854, 1.9140993356704712, 1.037087321281433, 0.6306438446044922, 0.5955734848976135, -0.29913049936294556, -0.23395776748657227, -0.23502664268016815, 0.8121344447135925, 1.2692869901657104, -0.47125476598739624, -0.795063316822052, -0.31993359327316284, 0.3008652925491333, 0.8898851871490479, -0.05204528570175171, 1.203054428100586, 1.3300188779830933, -0.16201487183570862, 0.7910254001617432, -0.4438683092594147, -0.5406849384307861, 1.2698290348052979, 0.8536829352378845, -0.2967183291912079, -0.6802551746368408, -0.520206868648529, -1.6396034955978394, -1.1811277866363525, -0.7084603309631348, 1.3574016094207764, 1.9443447589874268, 0.6556150317192078, 1.618927001953125, 0.06168326735496521, -1.1148788928985596, -0.42021095752716064, -0.6254422664642334, -0.23384593427181244, -0.5498427748680115, -0.7256955504417419, 1.7063875198364258, -3.2297587394714355, -0.5105878710746765, -1.071506142616272, -1.9546431303024292, 1.915530800819397, -0.564790666103363, -0.22045814990997314, 0.8904920816421509, 0.25395336747169495, 0.34336352348327637, -1.3746024370193481, -2.257699966430664, -0.08759329468011856, -0.8740869164466858, 0.5784366130828857, -0.7252742052078247, -1.2059677839279175, 1.4791676998138428, 0.5019258260726929, 0.6747034788131714, -1.0446630716323853, -2.660511016845703, 0.056031323969364166, 0.03433815762400627, -0.5345950722694397, -0.0007208064198493958, -0.08940081298351288, -0.4025927484035492, -2.282491683959961, -0.3660200536251068, -0.6653234362602234, 0.19165027141571045, 0.004383660852909088, -0.33062759041786194, -1.726394772529602, -1.4719550609588623, 0.9785751700401306, 1.0572991371154785, -0.3809599280357361, 0.6330810189247131, 0.7108511328697205, 1.566346287727356, -0.7293148040771484, 1.9080232381820679, -0.7306881546974182, 1.9981964826583862, 2.6924664974212646, 0.4366847276687622, -1.3420692682266235, -1.412197232246399, 1.0740044116973877, -0.10504713654518127, 1.3287861347198486, -0.282758891582489, -0.12907572090625763, -0.7519028782844543, -0.35881757736206055, 0.025246242061257362, -1.7823340892791748]",yunet,Facenet,1920,1080,/home/amos/media/tv/modern_family/Modern.Family.S09.1080p.DSNP.WEB-DL.DDP5.1.H.264-CRFW/Modern.Family.S09E17.Royal.Visit.1080p.DSNP.WEB-DL.DDP5.1.H.264-CRFW.mkv,Modern Family,2009,1442437,9,17,John Brotherton,222906.0,0.531
346,792,390,972,612,924,474,834,480,0.911,9960,1,"[0.45715901255607605, 1.8939882516860962, -0.6022393107414246, -0.4794886112213135, 0.9572431445121765, -0.31116461753845215, -0.3371228575706482, 2.707648992538452, 1.0703938007354736, -0.019835837185382843, 2.2720625400543213, 1.0692157745361328, -1.9897454977035522, -0.3858964145183563, -0.8388322591781616, 1.2186518907546997, 0.42011916637420654, 0.6042813658714294, -0.6305861473083496, 0.8882008790969849, 0.4164206087589264, 1.2560644149780273, -0.5705853700637817, -0.42485952377319336, 0.38240745663642883, 0.6613102555274963, 0.46904104948043823, -0.3536682426929474, -1.2060847282409668, -2.3162591457366943, -0.6300258636474609, 1.447718620300293, -1.2067625522613525, -0.3569898307323456, 0.9553852081298828, -0.7941582798957825, 0.625982403755188, -0.8369976282119751, 1.4118876457214355, 0.9457190036773682, -2.7037436962127686, -0.05417942255735397, 2.056020975112915, -0.8932421207427979, -0.3279883861541748, 0.5851434469223022, -0.384929895401001, -1.3520681858062744, -0.20413602888584137, 1.84433114528656, -0.5496488809585571, -0.6452934741973877, 1.5093886852264404, 1.12710440158844, 0.48880717158317566, -2.530003547668457, 0.5185838341712952, 0.29778996109962463, -0.7137769460678101, -0.8646323680877686, 0.024994127452373505, 0.09626880288124084, 0.46944475173950195, -0.20255452394485474, 1.4039498567581177, -0.15747712552547455, 0.13038571178913116, -0.5246266722679138, -0.7333720922470093, -0.11830928921699524, 0.026465997099876404, 0.10928045213222504, -1.1973345279693604, 2.124539852142334, 0.18589851260185242, -0.6411594748497009, 1.6364880800247192, 1.6654908657073975, 1.38071608543396, 0.8912780284881592, 0.09679732471704483, -0.45706433057785034, -0.13137215375900269, -1.4665049314498901, -0.5105674862861633, 0.9109393358230591, -0.6626968383789062, -1.3980438709259033, -0.3452928364276886, 0.5186775922775269, -0.368279367685318, -0.2755085527896881, -1.6008589267730713, -1.2949283123016357, 0.45921000838279724, -0.5701526403427124, -1.2268650531768799, 0.6286688446998596, -0.33553096652030945, -1.114342451095581, -1.2743862867355347, -1.726137399673462, 0.00028949975967407227, 0.319069504737854, 0.20199397206306458, -0.007847076281905174, 0.026164576411247253, 0.6796712875366211, -1.1344976425170898, 1.184423565864563, 2.5328528881073, -0.9169365763664246, 1.8754676580429077, 1.0550892353057861, -0.0629424899816513, 0.49758002161979675, -0.6401071548461914, 0.23082739114761353, 1.5240116119384766, 0.11424639821052551, -1.9046350717544556, -1.374585509300232, -1.2215076684951782, 0.9700244069099426, -0.5298727750778198, -0.04145268350839615, -0.6950965523719788, -0.8359368443489075]",yunet,Facenet,1920,1080,/home/amos/media/tv/modern_family/Modern.Family.S09.1080p.DSNP.WEB-DL.DDP5.1.H.264-CRFW/Modern.Family.S09E17.Royal.Visit.1080p.DSNP.WEB-DL.DDP5.1.H.264-CRFW.mkv,Modern Family,2009,1442437,9,17,Lauren Shaw,1550831.0,0.617
347,1266,120,1482,420,1350,240,1278,234,0.933,9984,0,"[-0.40381669998168945, 0.5873926877975464, -1.7313610315322876, 0.20120003819465637, 1.3608639240264893, -2.0395376682281494, 0.8166165947914124, -0.5765841007232666, 0.8768684267997742, -1.0979760885238647, 1.6930744647979736, 0.3380174934864044, 1.494244933128357, -1.2194734811782837, 0.1395798623561859, 0.16159440577030182, -1.7320892810821533, 0.5793735384941101, -1.2047032117843628, 0.8529177904129028, -0.6839356422424316, 0.3856445252895355, -0.03853455185890198, -0.4638548791408539, 1.4647749662399292, 3.553730010986328, 0.6647906303405762, -0.17140281200408936, -0.020454995334148407, 0.30866119265556335, 0.42404472827911377, 1.2227749824523926, -0.9697070717811584, -0.1570853292942047, 0.6497873067855835, -0.10342209041118622, 1.71755051612854, -0.7162799835205078, 1.3566062450408936, -0.833990216255188, 0.9182231426239014, 1.7727904319763184, 1.0978114604949951, 0.31039440631866455, 0.6229442358016968, -0.7769381999969482, 0.3614620864391327, -1.0528483390808105, 0.6601879000663757, 2.153679132461548, 0.5330125093460083, -0.6546419262886047, 0.7811838984489441, -0.15294447541236877, -0.43405354022979736, -1.2401232719421387, 0.8073751330375671, 0.7239888906478882, 1.1986093521118164, 1.1180211305618286, 0.8892773389816284, -0.7760291695594788, -0.7399497628211975, -1.4422268867492676, 0.2659614384174347, -0.9505534768104553, -1.3516910076141357, -1.2772856950759888, 0.6902543902397156, -1.0034260749816895, 0.5127714276313782, 0.6991332769393921, -2.9184110164642334, 1.7159870862960815, -1.4508095979690552, -1.5028181076049805, 0.48729655146598816, 0.4357008934020996, 1.4934213161468506, -1.6263138055801392, -0.2887090742588043, -0.01799904555082321, 1.4334123134613037, -0.08876416832208633, -0.05006774514913559, -0.1458861529827118, 0.7825490832328796, 0.9914968013763428, 0.09182293713092804, -0.861764669418335, -2.3884198665618896, -0.194065660238266, -1.1858189105987549, -0.04400184005498886, -0.35658496618270874, 0.8471019268035889, -1.3326046466827393, -1.17661452293396, -0.13193950057029724, -1.9203341007232666, 0.6159276366233826, -0.8876622319221497, 0.27823179960250854, -2.588517665863037, -1.308115005493164, 1.3674958944320679, 0.9524174928665161, 0.05699935555458069, -0.6273732781410217, 0.14069049060344696, 1.4107388257980347, 0.043092045933008194, 1.5756573677062988, -0.5240902900695801, 2.3264479637145996, 1.9257526397705078, 0.5173159837722778, -1.1754565238952637, 0.3946869969367981, 1.4840422868728638, 1.0786333084106445, -0.7767835855484009, 1.140275239944458, 0.3198665976524353, -1.4901126623153687, -0.41962677240371704, 0.5502791404724121, -1.537394642829895]",yunet,Facenet,1920,1080,/home/amos/media/tv/modern_family/Modern.Family.S09.1080p.DSNP.WEB-DL.DDP5.1.H.264-CRFW/Modern.Family.S09E17.Royal.Visit.1080p.DSNP.WEB-DL.DDP5.1.H.264-CRFW.mkv,Modern Family,2009,1442437,9,17,John Brotherton,222906.0,0.716
348,834,372,1014,600,972,474,882,474,0.914,9984,1,"[0.34702542424201965, 1.5295919179916382, -0.10313687473535538, -1.388641119003296, 0.3300796151161194, -0.4348145127296448, -0.012088961899280548, 2.7863569259643555, 0.711455762386322, -1.2981359958648682, 2.058063507080078, 0.4970860481262207, -0.6308972239494324, -0.27026957273483276, -1.2987192869186401, 1.7185057401657104, 0.4336559474468231, 0.45982128381729126, -1.0760036706924438, 1.912903904914856, 0.5270565748214722, 2.129570960998535, -0.49239251017570496, -0.7294194102287292, 0.05099247023463249, 0.862137496471405, 0.25679531693458557, -0.5285584330558777, -1.1628968715667725, -2.1347715854644775, -0.1768607348203659, 1.4419705867767334, 0.1366724818944931, 0.9746991395950317, 0.5057437419891357, -0.8551141023635864, 0.34401988983154297, -0.5019084215164185, 2.267636775970459, 1.5672545433044434, -3.0394933223724365, 0.00885457918047905, 1.2282155752182007, -1.4355494976043701, 0.05632980912923813, -0.09282061457633972, -0.6233301758766174, -0.4894358813762665, -0.48523783683776855, 1.1356139183044434, -0.6128308176994324, -0.1252213418483734, 0.25372761487960815, 0.8860883712768555, 0.026489466428756714, -2.0829060077667236, 0.6489783525466919, 0.5319481492042542, -1.9181931018829346, -0.84541916847229, 0.05853553116321564, 0.11711996793746948, -0.9728361964225769, 0.5640712976455688, 0.888422966003418, -1.070784091949463, 0.23044675588607788, -1.0781916379928589, -0.3783855140209198, -1.5000760555267334, -0.04644523933529854, -0.4167625308036804, -0.8645250797271729, 1.5896599292755127, 1.1483571529388428, -0.7224586009979248, 0.7734705209732056, 0.6465362906455994, 1.7014485597610474, 0.14506661891937256, 0.7279453277587891, -0.6823750734329224, -0.4045988917350769, -0.6847919225692749, 0.6387796998023987, 1.4378165006637573, 0.3795662522315979, -0.9165124893188477, -0.8839477300643921, 0.976834774017334, -1.2454872131347656, 0.5321953892707825, -0.9686811566352844, -1.9016441106796265, 0.6264446973800659, 0.21673426032066345, -1.50202476978302, 0.03332341089844704, -0.8146989941596985, -1.6821467876434326, -0.49229347705841064, -1.236660361289978, -0.8153814077377319, 0.08810722082853317, -0.08220265805721283, 0.03376930579543114, 0.06411498785018921, -0.46162351965904236, -1.5063600540161133, 0.14510217308998108, 2.157693386077881, -0.6967895030975342, 1.458573818206787, 0.29634541273117065, 0.33323171734809875, 1.0022273063659668, -1.1378986835479736, 0.4126335084438324, 1.421260952949524, 0.08439718186855316, -1.9525601863861084, -0.7150939702987671, -1.402885913848877, 1.2827532291412354, -0.2979036569595337, -0.4395596981048584, -1.471962571144104, 0.08725710213184357]",yunet,Facenet,1920,1080,/home/amos/media/tv/modern_family/Modern.Family.S09.1080p.DSNP.WEB-DL.DDP5.1.H.264-CRFW/Modern.Family.S09E17.Royal.Visit.1080p.DSNP.WEB-DL.DDP5.1.H.264-CRFW.mkv,Modern Family,2009,1442437,9,17,Lauren Shaw,1550831.0,0.714
349,1344,102,1548,390,1440,216,1368,222,0.933,10008,0,"[-0.036168649792671204, 0.8287214040756226, -2.645984649658203, 0.997347354888916, 1.7040923833847046, -1.4220459461212158, -0.5666825175285339, 0.4887853264808655, 1.8298033475875854, -1.124605655670166, 1.4643441438674927, 0.4955698251724243, -0.3877364993095398, -1.0077593326568604, -0.6779981851577759, 0.20553158223628998, -0.9789665937423706, 0.024684183299541473, -1.774984359741211, 1.956028938293457, -0.539078950881958, 0.6408156752586365, 0.2474117875099182, -0.20397409796714783, 1.5159430503845215, 1.442423939704895, 1.5224674940109253, -0.40519389510154724, 0.9589039087295532, 0.17376062273979187, -0.30099615454673767, 0.7610575556755066, -1.6256418228149414, 0.1510758101940155, -0.6120430827140808, -0.4534921944141388, 0.8899396061897278, -1.3361189365386963, 0.4852854311466217, -1.511115550994873, -0.6708204746246338, 0.7809365391731262, 0.045577242970466614, 0.7950700521469116, 1.1228272914886475, -1.4298099279403687, 0.12223994731903076, -0.7408928871154785, -0.5250144600868225, 2.5325863361358643, -0.034524619579315186, 0.0376613587141037, 1.19524347782135, 0.6388016939163208, -0.7046999335289001, -1.5357725620269775, 0.5954288244247437, 0.4928712248802185, 0.06633321940898895, 0.7083120346069336, 0.07523923367261887, -0.11456043273210526, 0.7341960072517395, -0.743089497089386, -0.23604312539100647, 0.023510031402111053, -1.5775396823883057, -0.7518642544746399, -0.38308700919151306, -3.121579885482788, -0.3431713283061981, -0.6421672105789185, -3.2119686603546143, 1.9167605638504028, -0.6323136687278748, -0.758444607257843, 0.37709149718284607, 0.6784843802452087, 2.164275884628296, -2.0523874759674072, -0.5370282530784607, 0.3240017890930176, 0.43155771493911743, 0.1605176031589508, 0.14514495432376862, -0.11582846939563751, 0.20685379207134247, 0.4609673023223877, 0.25227612257003784, -1.7217328548431396, -1.948229193687439, -0.258009135723114, -0.7340705394744873, -0.061183564364910126, 0.0357806533575058, 0.48000243306159973, -1.9607115983963013, -2.341172695159912, -0.7290383577346802, -1.4185012578964233, 0.06591932475566864, 0.4361397922039032, 0.4436284005641937, -1.9152719974517822, -0.7087125182151794, 0.5750945806503296, 0.1585773378610611, -0.39403632283210754, -1.2166913747787476, -0.42327338457107544, 2.0333304405212402, -0.05311004817485809, 2.0163633823394775, -0.8627541065216064, 1.1146297454833984, 2.295616626739502, -1.0055373907089233, -0.13276022672653198, -0.6336634755134583, 1.9883605241775513, -0.22423870861530304, -0.2389468252658844, 0.9387959837913513, -0.15019361674785614, -0.9269555807113647, 0.25022509694099426, 0.7416362762451172, -1.4648696184158325]",yunet,Facenet,1920,1080,/home/amos/media/tv/modern_family/Modern.Family.S09.1080p.DSNP.WEB-DL.DDP5.1.H.264-CRFW/Modern.Family.S09E17.Royal.Visit.1080p.DSNP.WEB-DL.DDP5.1.H.264-CRFW.mkv,Modern Family,2009,1442437,9,17,John Brotherton,222906.0,0.633
350,870,384,1056,618,1020,480,936,480,0.912,10008,1,"[-0.28508317470550537, 1.5884422063827515, -0.4137725234031677, -0.19710981845855713, 0.19973982870578766, 0.32244542241096497, 0.7881094217300415, 1.9531450271606445, 0.36139675974845886, 0.14896969497203827, 2.8543941974639893, 0.8700401186943054, -1.706554889678955, 0.610592246055603, -1.3847296237945557, 0.149602010846138, 1.2005842924118042, 0.6429051160812378, -0.7526633143424988, 0.48924463987350464, 0.2852475941181183, 0.9844763278961182, -0.34682297706604004, -1.5335971117019653, 0.1434357464313507, 1.080534815788269, -0.8439134359359741, -0.9447989463806152, -0.6877200603485107, -3.098539352416992, 0.887955904006958, 0.3547963798046112, -0.6923653483390808, -1.3860697746276855, 1.1259779930114746, 0.07143010199069977, 0.9526085257530212, -0.03533577173948288, 1.072613000869751, -0.2122802734375, -2.6865506172180176, 0.6698845624923706, 1.9694766998291016, -0.6048619747161865, -0.4748794138431549, 0.9085691571235657, 0.1743611842393875, -1.9231832027435303, -0.10332970321178436, 1.3568857908248901, -0.6232942342758179, -0.7912993431091309, 0.3702637553215027, 0.048877328634262085, -0.3557871878147125, -0.480024129152298, 1.2921878099441528, 1.6043741703033447, 0.5099504590034485, -1.1142014265060425, -0.048939161002635956, 0.7286470532417297, 0.5728334784507751, 0.4444662034511566, 2.131240129470825, -0.5764134526252747, 0.2334640622138977, -0.13787010312080383, -0.11331281065940857, 0.7775427103042603, -0.2372899353504181, 0.9913061857223511, -2.003695249557495, 0.5772584080696106, 0.21090756356716156, -0.3595350980758667, 0.9967365264892578, 0.16219593584537506, 0.14976778626441956, 1.1188979148864746, 0.7066203355789185, -0.3340858817100525, 0.3274982273578644, -1.9079186916351318, -1.7002557516098022, 1.084665298461914, -1.291556477546692, -0.1028580516576767, -0.7612383365631104, 0.17207984626293182, -0.0868702158331871, -1.1712124347686768, -1.6476742029190063, -1.488560676574707, -0.17404615879058838, -0.30300211906433105, -0.8963000774383545, 0.25777313113212585, 1.931570291519165, -0.48366063833236694, -2.0061779022216797, -1.1321048736572266, 0.3787998855113983, 0.3685998320579529, 0.6231482028961182, 0.17996084690093994, 1.0306216478347778, 0.7992074489593506, 0.5714309811592102, 0.013315131887793541, 1.6404775381088257, -0.44298428297042847, 1.6583740711212158, 2.381629228591919, 0.37171173095703125, 0.15420304238796234, 0.6195602416992188, 0.6123734712600708, 1.6764928102493286, 0.4777320623397827, -1.2079297304153442, -0.7936500310897827, -0.8440462350845337, 1.0223503112792969, -0.6116828322410583, -0.5304790735244751, -0.5280829071998596, -1.2014669179916382]",yunet,Facenet,1920,1080,/home/amos/media/tv/modern_family/Modern.Family.S09.1080p.DSNP.WEB-DL.DDP5.1.H.264-CRFW/Modern.Family.S09E17.Royal.Visit.1080p.DSNP.WEB-DL.DDP5.1.H.264-CRFW.mkv,Modern Family,2009,1442437,9,17,Lauren Shaw,1550831.0,0.614
351,852,438,1038,672,990,546,894,546,0.918,10032,0,"[0.22712214291095734, 1.7058006525039673, -0.2574770450592041, -0.9420885443687439, 0.40726161003112793, -0.1497003436088562, 1.0226473808288574, 1.9994832277297974, -0.4908265769481659, -0.3608447313308716, 3.550257444381714, 0.3791159391403198, -0.38854795694351196, -0.29550787806510925, -1.4580357074737549, 1.5822280645370483, 0.7008078098297119, -0.3853762149810791, -1.603765845298767, 1.9128563404083252, -0.18998320400714874, 1.4702141284942627, -0.23936200141906738, -0.8069111704826355, 0.015246137976646423, 0.37197762727737427, 0.5369479656219482, 0.16807210445404053, -0.5930474996566772, -1.5098552703857422, 0.6320956945419312, 1.3645379543304443, 0.46662771701812744, -0.9752745032310486, -0.39400047063827515, -0.9293670654296875, 0.9890091419219971, 0.4930068552494049, 1.6749954223632812, 1.0922901630401611, -2.6252481937408447, -0.2237280160188675, 0.8711100816726685, -0.7412911057472229, -0.8145864009857178, -0.1777600198984146, 0.30086877942085266, -1.7816526889801025, 0.10519644618034363, 1.532943844795227, -1.0787396430969238, -0.310336172580719, 0.6961119771003723, 0.28452742099761963, -0.33166736364364624, -1.0467491149902344, 0.8730607628822327, 1.7673169374465942, -0.5046616792678833, -0.2996349036693573, 0.10203581303358078, 0.23164989054203033, -0.22428229451179504, 0.7670664191246033, 1.5283056497573853, -0.7105052471160889, 0.3591412305831909, -0.5645138025283813, 0.40612176060676575, -0.2615717053413391, -0.8463289737701416, 0.007430762052536011, -1.0243427753448486, 2.176313638687134, 0.9744992256164551, 0.411494642496109, 0.5223388671875, 0.5418627262115479, 1.5434659719467163, 1.1295876502990723, 0.7461243867874146, 0.3436845541000366, 0.30043408274650574, -0.9129301905632019, 0.2368544638156891, 2.5281929969787598, -0.3587692975997925, -0.6097670793533325, -1.2267869710922241, 1.050866961479187, -0.310536652803421, -0.34553107619285583, -0.8659796118736267, -1.882214069366455, 0.5066395998001099, 0.7258448600769043, -2.200120210647583, -0.4991557002067566, -0.10370215773582458, -2.3855698108673096, -2.448784589767456, -1.0950102806091309, -0.24466699361801147, -0.34656965732574463, -0.0438937246799469, -0.5992412567138672, 0.8663880825042725, 1.0010120868682861, 0.3959692418575287, -0.050129715353250504, 1.4200795888900757, -0.43383723497390747, 1.4266315698623657, 1.5131030082702637, -0.03036595694720745, 0.9271702766418457, -0.1277426779270172, -0.10558737814426422, 0.8103373050689697, 0.7222684025764465, -0.48593515157699585, -0.7705016136169434, -1.3327560424804688, 0.24716320633888245, -1.001636028289795, -0.21651595830917358, -1.1502926349639893, -1.1419018507003784]",yunet,Facenet,1920,1080,/home/amos/media/tv/modern_family/Modern.Family.S09.1080p.DSNP.WEB-DL.DDP5.1.H.264-CRFW/Modern.Family.S09E17.Royal.Visit.1080p.DSNP.WEB-DL.DDP5.1.H.264-CRFW.mkv,Modern Family,2009,1442437,9,17,Lauren Shaw,1550831.0,0.773
352,1272,156,1488,456,1362,276,1308,276,0.907,10032,1,"[-0.8992456197738647, -0.17026028037071228, -1.1908366680145264, -0.5339340567588806, 1.1860994100570679, -1.4335086345672607, 0.5426855087280273, 0.34537869691848755, 1.079892635345459, -0.008715694770216942, 1.6253730058670044, 0.1591968834400177, 0.3364134430885315, -1.3171895742416382, -0.1788087785243988, 1.2677662372589111, -1.241861343383789, 0.1790328174829483, -1.549513578414917, 0.4984602928161621, 0.6065006256103516, 0.8045053482055664, -0.7802740335464478, -0.5830098986625671, 1.1406891345977783, 2.8777949810028076, 0.9913346767425537, -0.4895589351654053, 0.8297502398490906, 0.906299352645874, 0.14369653165340424, 1.659205675125122, -0.2659972310066223, -0.5526902675628662, 0.6108994483947754, 0.7614584565162659, 0.3556101322174072, -0.4241192936897278, -0.4521551728248596, -0.4428049921989441, 0.8733037710189819, 1.6400635242462158, 0.19347000122070312, 0.6019883751869202, 1.207489013671875, -0.8900448679924011, 0.7780298590660095, -0.25069212913513184, -0.5520129799842834, 1.5843745470046997, 0.3977118730545044, -0.07472655177116394, 0.04483180493116379, -0.21061629056930542, -0.7471321821212769, -1.7844011783599854, -0.5306825041770935, 1.4524486064910889, 1.5602145195007324, -0.5965180397033691, 1.0035220384597778, -1.0067096948623657, -1.1406466960906982, -0.8974291682243347, -0.05855187028646469, -1.3792965412139893, -1.5518581867218018, -0.6015853881835938, 0.7771968245506287, -3.075338363647461, -0.45363518595695496, -1.0532327890396118, -1.7279891967773438, 0.7799347639083862, -0.48137807846069336, -1.334130883216858, 1.1505271196365356, 1.3179725408554077, 0.915698230266571, -1.382680892944336, -1.4641402959823608, -0.8772798776626587, -0.8162153363227844, -0.28498730063438416, -0.9818564653396606, -0.08965787291526794, 1.2390587329864502, 0.43404895067214966, 0.7835720777511597, -0.4617137312889099, -2.5526134967803955, 0.7480728030204773, 0.18380245566368103, -0.11553167551755905, 0.40859076380729675, 0.7773781418800354, -0.8859897255897522, -2.167104959487915, -0.28351640701293945, -0.5206617712974548, 0.4042714834213257, 1.0049469470977783, -0.07362166047096252, -3.002727746963501, -1.0383155345916748, 0.7539673447608948, 0.6770288348197937, 0.13992416858673096, 0.1322742998600006, 0.9401059150695801, 1.4913431406021118, -0.2532315254211426, 1.8095543384552002, -0.2879735231399536, 1.6682943105697632, 2.8162879943847656, 0.20242515206336975, -1.3298630714416504, -1.1069536209106445, 1.1184468269348145, -0.6876097917556763, 0.18971984088420868, 0.0786614716053009, 0.461300790309906, -0.5639485716819763, 0.24182039499282837, 0.46998661756515503, -0.9561482071876526]",yunet,Facenet,1920,1080,/home/amos/media/tv/modern_family/Modern.Family.S09.1080p.DSNP.WEB-DL.DDP5.1.H.264-CRFW/Modern.Family.S09E17.Royal.Visit.1080p.DSNP.WEB-DL.DDP5.1.H.264-CRFW.mkv,Modern Family,2009,1442437,9,17,John Brotherton,222906.0,0.588
353,918,366,1092,600,1044,456,954,462,0.924,10056,0,"[0.08176302164793015, 1.333631992340088, -0.5139181613922119, -0.15142811834812164, 0.6541710495948792, 0.22559519112110138, -0.22077102959156036, 2.2583587169647217, -0.23912352323532104, -0.9461067914962769, 2.3862857818603516, 0.6920647025108337, -0.27478864789009094, -0.61466383934021, -1.073778510093689, 1.0577067136764526, 0.7159017324447632, 0.5636019706726074, -1.1403834819793701, 2.625964879989624, 0.35561731457710266, 2.2592012882232666, 0.4678134322166443, -0.39160528779029846, 0.44974133372306824, 1.0561678409576416, 0.5766929388046265, -0.9674676656723022, -0.6115664839744568, -3.0998647212982178, 0.217192605137825, 1.5109727382659912, 0.0714089646935463, 0.34549885988235474, -0.29308947920799255, -0.4483024477958679, 0.8583844304084778, 0.17446446418762207, 1.7322721481323242, 0.6492310762405396, -2.5135228633880615, 0.1192244216799736, 1.1909493207931519, -2.061851978302002, 0.38008344173431396, 0.45425325632095337, -0.03315513953566551, -0.5404493808746338, -0.2175120860338211, 1.2891230583190918, -0.2987901568412781, 0.10610340535640717, 0.3870552182197571, 1.0523653030395508, -0.09860485792160034, -1.0729601383209229, -0.3004193902015686, -0.2764261066913605, -0.6413958072662354, -0.780806839466095, 0.7037580609321594, -0.18572136759757996, -0.298045814037323, 0.21412844955921173, 0.7797238230705261, -1.187567114830017, 0.6417917609214783, -0.4786509573459625, -0.8186191916465759, -0.8126267194747925, -0.9790688753128052, -0.13342022895812988, -1.5155019760131836, 2.345608711242676, 1.4187967777252197, -0.7106677889823914, 0.4239055812358856, 0.7764333486557007, 0.4714251160621643, 0.41997402906417847, 0.18340054154396057, -0.149570494890213, -1.3935734033584595, 0.5123000144958496, 0.9725172519683838, 2.380277156829834, 0.7755526304244995, -1.0000734329223633, -1.4032312631607056, 0.01697123795747757, -1.0324687957763672, 0.4176896810531616, 0.39250481128692627, -1.8649991750717163, 0.6649447083473206, -0.379231721162796, -0.3692604601383209, 0.16894882917404175, 0.3047648072242737, -1.7632776498794556, -1.6344391107559204, -1.8112703561782837, -0.005379192531108856, 0.16881363093852997, 0.03010554611682892, 0.15504463016986847, -0.2683185338973999, 0.6617770195007324, -1.0076236724853516, 0.24743439257144928, 1.482373595237732, -0.4183269739151001, 1.513679027557373, 0.23300231993198395, 0.38127613067626953, 1.4610496759414673, -2.1256093978881836, 0.45511361956596375, 0.6500506401062012, 0.3995155096054077, -2.0260705947875977, -1.1831711530685425, -1.1399424076080322, 1.727101445198059, -0.2606578469276428, -0.3005286455154419, -1.559044361114502, 0.602709174156189]",yunet,Facenet,1920,1080,/home/amos/media/tv/modern_family/Modern.Family.S09.1080p.DSNP.WEB-DL.DDP5.1.H.264-CRFW/Modern.Family.S09E17.Royal.Visit.1080p.DSNP.WEB-DL.DDP5.1.H.264-CRFW.mkv,Modern Family,2009,1442437,9,17,Lauren Shaw,1550831.0,0.738
354,1332,138,1536,432,1398,252,1362,252,0.905,10056,1,"[-1.2586060762405396, -0.8538357019424438, -0.7609560489654541, -0.8397719264030457, 1.2569079399108887, -1.3421064615249634, -0.678795337677002, 0.7693821787834167, 1.2138121128082275, -0.10941603779792786, 2.535975933074951, 0.2071874737739563, 0.2876752018928528, -1.7316702604293823, 0.13227203488349915, 1.2107861042022705, -1.0807656049728394, 0.2381918877363205, -1.8684818744659424, 0.524078369140625, 0.2970089614391327, -0.5434982180595398, 0.25413772463798523, -0.4712914526462555, -0.31846508383750916, 1.9039618968963623, 0.8978046178817749, -0.0499119758605957, -0.08779120445251465, 1.6414929628372192, -0.567261815071106, 1.6389639377593994, -0.9997040033340454, -0.4785469174385071, 0.147524893283844, 0.8343339562416077, 1.2791929244995117, -0.05001848191022873, -0.5261680483818054, -0.204227477312088, 1.3425047397613525, 0.6011010408401489, 0.5916197299957275, 1.0320773124694824, 0.6722187399864197, -0.8433598875999451, 1.4598348140716553, -0.39997848868370056, -0.5972156524658203, 1.4711257219314575, 0.565911591053009, -0.23369435966014862, 0.5338543653488159, 0.1647009700536728, -0.8972945809364319, -1.3107837438583374, -0.08082917332649231, 1.5079848766326904, 0.9976940751075745, 0.17496883869171143, 0.9587468504905701, -0.4444371461868286, -1.2989622354507446, 0.1328888237476349, 0.671601414680481, -1.1454731225967407, -1.0153300762176514, -0.8286940455436707, 0.30385324358940125, -2.724550247192383, -0.6261880993843079, -0.0943046361207962, -1.7787837982177734, 1.8034979104995728, -0.26427412033081055, -0.4874197542667389, 0.21578451991081238, 0.8983669281005859, -0.13893155753612518, -1.887925386428833, -2.039388656616211, -0.7607523202896118, -0.3180707097053528, -0.039273615926504135, -0.9789339303970337, -1.303073525428772, 1.0471117496490479, 0.5697429180145264, 0.20809707045555115, -1.1088351011276245, -2.8652446269989014, -0.46340617537498474, -0.09286053478717804, -0.0022980161011219025, 0.860063374042511, 0.9392794966697693, -0.6376954317092896, -1.7601712942123413, -0.5692752003669739, -1.3353571891784668, 0.8909980058670044, -0.4377727508544922, -0.8974311351776123, -2.43278169631958, -0.8470288515090942, 1.1956212520599365, 0.7359540462493896, -0.4917382299900055, 1.3144862651824951, 0.9698075652122498, 1.8903002738952637, -0.3634255528450012, 1.8283928632736206, -0.35605543851852417, 0.9552411437034607, 2.264787435531616, 0.31451311707496643, -1.8114656209945679, -1.893717646598816, 1.0388468503952026, -0.48514050245285034, -0.5864990949630737, 0.22223767638206482, -0.11782251298427582, -1.3761199712753296, 0.25872257351875305, 0.44614937901496887, -1.2231297492980957]",yunet,Facenet,1920,1080,/home/amos/media/tv/modern_family/Modern.Family.S09.1080p.DSNP.WEB-DL.DDP5.1.H.264-CRFW/Modern.Family.S09E17.Royal.Visit.1080p.DSNP.WEB-DL.DDP5.1.H.264-CRFW.mkv,Modern Family,2009,1442437,9,17,John Brotherton,222906.0,0.556
355,1290,126,1488,396,1374,234,1320,234,0.922,10104,0,"[-0.4031132459640503, 0.8705449104309082, -2.8648154735565186, 0.2459288239479065, 2.2711219787597656, -1.2187968492507935, -0.2765435576438904, 0.27116861939430237, 1.6906582117080688, 0.10299752652645111, 1.581740379333496, 1.2748366594314575, -1.0138441324234009, -1.3180179595947266, -0.6801292896270752, 0.6371214389801025, -1.4103484153747559, 0.6991276741027832, -0.9885326623916626, 1.2313395738601685, -0.23287415504455566, -1.025534749031067, -0.3754730224609375, -0.2653810381889343, 1.8044319152832031, 1.0908010005950928, 0.8860291242599487, -0.07979750633239746, -0.3445090651512146, 0.3407629430294037, 0.21960817277431488, 0.6323975324630737, -1.2585488557815552, -0.00494007021188736, -1.2687865495681763, -0.2011658400297165, -0.09726232290267944, -0.9517368674278259, 0.1972726583480835, -0.9338443279266357, -0.01832393743097782, 0.8764504194259644, 0.11154275387525558, 1.6782466173171997, 0.6705133318901062, -1.5962663888931274, -0.37907707691192627, 0.648734450340271, -0.06293372809886932, 1.7593421936035156, -0.5944865345954895, 0.605469286441803, 1.3662238121032715, 1.41196608543396, -0.10347908735275269, -1.805403232574463, 0.4710861146450043, 0.4381381571292877, 0.9794593453407288, 1.162162184715271, 0.09954028576612473, 0.03404022008180618, 0.3905413746833801, -0.36668431758880615, 1.8197932243347168, -0.6598583459854126, -2.1486852169036865, -0.4447787404060364, 0.3263184726238251, -2.4865036010742188, -1.2964593172073364, -0.5170276165008545, -3.6279122829437256, 1.8416301012039185, -1.187283992767334, -1.3677242994308472, 0.6117119789123535, 0.7327842712402344, 1.989164113998413, -1.4446760416030884, -0.33282965421676636, -0.48803260922431946, 0.7230542898178101, -0.6087234616279602, -0.6887346506118774, 0.391185462474823, -0.689287543296814, 0.8775461316108704, -0.21663713455200195, -0.38792863488197327, -1.0868676900863647, -0.6839320659637451, -0.5086533427238464, -0.3115827143192291, 0.2729724645614624, 0.28771746158599854, -1.7656999826431274, -2.8649609088897705, -0.7076126337051392, -0.05179999768733978, -0.449640691280365, 0.34570056200027466, 0.0675942674279213, -1.6276648044586182, -1.645257830619812, 0.2437414675951004, -0.3543771207332611, -0.3199126720428467, -1.1337262392044067, -0.6376360654830933, 1.406486988067627, 0.03476691246032715, 1.2495579719543457, -0.39815661311149597, 1.4595661163330078, 1.8388588428497314, -0.5723762512207031, 0.02303401380777359, 0.7433934807777405, 2.101214647293091, 0.02108113095164299, -0.07221075892448425, 0.670035719871521, -0.44441643357276917, -0.9765981435775757, -0.6558440327644348, 1.7367373704910278, -1.0262818336486816]",yunet,Facenet,1920,1080,/home/amos/media/tv/modern_family/Modern.Family.S09.1080p.DSNP.WEB-DL.DDP5.1.H.264-CRFW/Modern.Family.S09E17.Royal.Visit.1080p.DSNP.WEB-DL.DDP5.1.H.264-CRFW.mkv,Modern Family,2009,1442437,9,17,John Brotherton,222906.0,0.576
356,330,192,576,516,540,300,432,294,0.902,10128,0,"[-0.2724912464618683, 0.033241428434848785, 2.0597121715545654, -0.8646569848060608, 0.22473189234733582, 0.8527224659919739, 0.6781471967697144, -0.4239306151866913, -1.5390987396240234, 2.2318673133850098, -1.5091339349746704, 0.3063215911388397, -0.059004031121730804, 0.15861225128173828, -0.2921740412712097, 0.04923798143863678, -1.043764591217041, -1.5204951763153076, -0.8091915845870972, -0.3462003767490387, 1.645769476890564, 0.28246602416038513, 0.10787322372198105, -1.5848405361175537, -1.9688615798950195, 0.5055793523788452, 0.5271795988082886, 0.23798175156116486, 2.2513043880462646, 0.22074224054813385, 0.009278427809476852, -0.5614408254623413, 1.1178535223007202, -1.7480288743972778, 1.8451340198516846, 0.3770211935043335, -0.3347369134426117, -0.7484328746795654, 0.65935879945755, -0.2627841532230377, -1.0784200429916382, 0.19891420006752014, -0.43958595395088196, 0.20329606533050537, -0.8706346750259399, 0.8271352052688599, -1.5064669847488403, 0.4164500832557678, -1.4394514560699463, -1.1397640705108643, -0.2958186864852905, 0.6823564767837524, -0.11481080204248428, 1.0009791851043701, -0.7801289558410645, 1.1315624713897705, -1.134502649307251, 0.39248526096343994, -1.6476548910140991, -0.7247523665428162, -2.1567904949188232, 0.0551200807094574, -1.8111047744750977, 0.44899964332580566, -1.68645179271698, 0.7168370485305786, -0.04518941789865494, 0.5204938650131226, 2.5883727073669434, -0.09770606458187103, 0.28227880597114563, 0.690822958946228, 0.20220927894115448, -0.6673071384429932, 1.673945665359497, 1.3338828086853027, -0.14728443324565887, -0.5242691040039062, 0.5316289663314819, 0.18363316357135773, 0.3207341432571411, -0.17951858043670654, 0.482884019613266, -1.149092197418213, 0.47728586196899414, -1.143675446510315, 0.2735593020915985, 0.3217448592185974, 0.8741116523742676, 0.6572464108467102, -2.115736722946167, 1.4617236852645874, 0.6083600521087646, 0.4415099620819092, 0.5424120426177979, 1.66249418258667, -0.7362034320831299, -1.145298719406128, 1.7957639694213867, -0.6716440916061401, -0.16151130199432373, 1.407279372215271, -1.4326332807540894, 0.2391991764307022, 0.4424079656600952, -0.48154157400131226, 1.5818947553634644, -1.2162023782730103, 1.3468716144561768, -0.5338475704193115, 1.0959128141403198, 0.2395884096622467, -1.6580655574798584, -0.14584051072597504, 0.5346826910972595, 3.0472280979156494, 0.7634689807891846, 2.306103467941284, -0.5379313230514526, -1.2545013427734375, 1.0700228214263916, -0.5306129455566406, 0.5413786172866821, 0.142921581864357, 0.07559511810541153, 0.7889867424964905, 0.3318910002708435, 1.577237844467163]",yunet,Facenet,1920,1080,/home/amos/media/tv/modern_family/Modern.Family.S09.1080p.DSNP.WEB-DL.DDP5.1.H.264-CRFW/Modern.Family.S09E17.Royal.Visit.1080p.DSNP.WEB-DL.DDP5.1.H.264-CRFW.mkv,Modern Family,2009,1442437,9,17,Sofía Vergara,63522.0,0.606
357,294,228,522,516,486,348,384,342,0.908,10152,0,"[-0.29574066400527954, 0.03986557573080063, 0.726810097694397, -0.8999015688896179, 0.8720309138298035, 1.5876808166503906, -0.5736181735992432, -0.2621752917766571, -0.2200154960155487, 2.225187063217163, -0.9364269971847534, 1.9430112838745117, 0.11405359208583832, -0.39938947558403015, 0.43449604511260986, 0.6874682903289795, -0.20912650227546692, -1.0706175565719604, -0.30080780386924744, -0.4458618760108948, 0.9140639305114746, 0.34177160263061523, 0.02648245543241501, -1.241951584815979, -0.5868770480155945, 0.16574761271476746, -0.346303254365921, 0.098775215446949, 2.986513614654541, -0.6589697003364563, 0.06688188016414642, -2.2219529151916504, 1.2825496196746826, -1.4992847442626953, 2.3235840797424316, 0.8387527465820312, -0.9569486379623413, 0.7152618169784546, -0.20837262272834778, -0.19517411291599274, -0.9634575247764587, 0.9965134263038635, 0.033387549221515656, 0.9549866914749146, -2.5057013034820557, -0.2612612545490265, -1.6096556186676025, -0.03760898858308792, -0.9837830066680908, -0.7827599048614502, -0.4139701724052429, 0.6406010985374451, 0.346998929977417, 1.1326309442520142, 0.8258374929428101, 0.10961411148309708, -0.9711576104164124, -0.2895873785018921, -0.7201732397079468, -0.49556097388267517, -1.096710443496704, -0.4796624779701233, -1.0132312774658203, -0.443445086479187, -0.6340211629867554, 1.3158031702041626, -1.097150444984436, 1.168826699256897, 1.8514920473098755, -0.08493668586015701, -0.19660399854183197, 0.5691008567810059, -1.1194161176681519, -0.46810823678970337, 1.6942073106765747, 1.9024863243103027, 0.3334784209728241, -0.4092143774032593, 1.2274997234344482, 0.609180748462677, 0.05464300513267517, 0.19823423027992249, -0.03785029053688049, -0.4043947756290436, 0.09718692302703857, -1.2652033567428589, -0.04125057905912399, 0.4800249934196472, 0.5222939252853394, 1.1980067491531372, -1.5873279571533203, 0.519094705581665, 0.752639889717102, -0.23347142338752747, -0.12598435580730438, 1.274293303489685, -1.406887173652649, -0.4051267206668854, 1.3800442218780518, -0.5297020077705383, 0.21877630054950714, 0.13663774728775024, -2.041452407836914, 1.6963750123977661, 0.8855142593383789, 0.17883291840553284, 0.8278011083602905, -1.6963427066802979, 1.2694000005722046, -0.6077713966369629, 2.1807384490966797, 0.4294348359107971, -1.1585216522216797, -0.07140204310417175, 0.6795514225959778, 1.1525318622589111, -0.27948126196861267, 1.3347160816192627, 1.7128336429595947, -0.8715854287147522, 1.509572148323059, -0.9918564558029175, -0.30644476413726807, 0.14443959295749664, 0.5440782308578491, 0.9968710541725159, 1.1593948602676392, 1.1636323928833008]",yunet,Facenet,1920,1080,/home/amos/media/tv/modern_family/Modern.Family.S09.1080p.DSNP.WEB-DL.DDP5.1.H.264-CRFW/Modern.Family.S09E17.Royal.Visit.1080p.DSNP.WEB-DL.DDP5.1.H.264-CRFW.mkv,Modern Family,2009,1442437,9,17,Sofía Vergara,63522.0,0.778
358,876,138,1152,492,1044,264,924,264,0.905,10152,1,"[0.7717388868331909, -0.4001959562301636, 1.122661828994751, 0.24486693739891052, 1.5200515985488892, -1.6253103017807007, 0.4624268412590027, 1.6989524364471436, 0.043848082423210144, 0.17319658398628235, -0.45270663499832153, 0.18630394339561462, -1.0575637817382812, 0.7491236925125122, 0.5205286741256714, 0.06502122431993484, 0.6633433103561401, 0.28761976957321167, 1.5930461883544922, -0.2992965579032898, -0.7192118167877197, -0.6103456020355225, -0.589099109172821, 0.5274704098701477, 1.379188895225525, -1.1182235479354858, 0.6115108728408813, 2.8996214866638184, 0.8207793831825256, 0.4788654148578644, -2.359833002090454, 2.3316595554351807, -2.629225969314575, 0.696431040763855, -0.752468466758728, -1.1354783773422241, 0.08263038843870163, -0.32157036662101746, -0.6703555583953857, -0.8340518474578857, -1.054343819618225, -0.7436714172363281, -0.5224523544311523, 0.5883270502090454, -0.47263503074645996, 0.03899603337049484, -0.8639025092124939, -1.569953203201294, 0.18236853182315826, 1.0411689281463623, 0.09380385279655457, 0.7928688526153564, -0.07266376167535782, 0.2059377282857895, -0.4488597512245178, -0.8391482830047607, -0.11721578240394592, -0.1757601499557495, -0.3009832501411438, 2.0042836666107178, -1.409571886062622, 1.0873308181762695, 0.863236665725708, -0.055668968707323074, 0.43576911091804504, 1.742699384689331, 0.798485279083252, 0.8105276226997375, 1.0541448593139648, 0.8587603569030762, 0.12265928089618683, -0.78867506980896, 0.30254530906677246, 2.831925392150879, -0.6353662610054016, 1.3656394481658936, 0.0025645047426223755, -0.4037089943885803, -0.16093996167182922, 1.1871192455291748, 0.35141825675964355, 2.0826804637908936, 0.36376258730888367, -1.6997407674789429, -0.010848946869373322, -0.6758719682693481, 0.7560920715332031, -1.2093546390533447, -0.843409538269043, 1.6988463401794434, 0.7151707410812378, 0.7385731935501099, -2.033839702606201, -1.0593425035476685, -0.8137212991714478, -0.27332738041877747, -0.9963646531105042, -0.20320960879325867, 0.6250647902488708, 1.0303846597671509, -2.60866641998291, -0.07121306657791138, 0.0726713240146637, -1.852598786354065, -0.15951970219612122, 0.2227429896593094, 0.115740567445755, 0.19927065074443817, 0.39261847734451294, -0.39295125007629395, -0.1269148290157318, -0.9592308402061462, -0.27680468559265137, -1.475109338760376, 1.89048171043396, 0.0907653421163559, 1.8998130559921265, 0.7714391946792603, 0.187222421169281, -0.022592397406697273, 1.369872808456421, 0.8575234413146973, -0.45208412408828735, -0.16211530566215515, 0.0034565068781375885, 1.1095316410064697, -0.7293813824653625, -1.1808257102966309]",yunet,Facenet,1920,1080,/home/amos/media/tv/modern_family/Modern.Family.S09.1080p.DSNP.WEB-DL.DDP5.1.H.264-CRFW/Modern.Family.S09E17.Royal.Visit.1080p.DSNP.WEB-DL.DDP5.1.H.264-CRFW.mkv,Modern Family,2009,1442437,9,17,Ed O'Neill,18977.0,0.554
359,330,192,570,504,546,312,432,312,0.919,10176,0,"[-0.8986220359802246, -0.2935366928577423, 0.9266958236694336, -0.5664377212524414, -0.08183880150318146, 0.09470139443874359, -1.1095291376113892, -1.0709748268127441, -0.4938700199127197, 1.82195246219635, -1.325368046760559, 2.0127289295196533, 0.23840557038784027, -1.9074610471725464, -0.39190545678138733, 0.9905145764350891, -0.4299711287021637, -1.0240548849105835, -0.9209129214286804, 0.16261495649814606, 2.5925631523132324, -0.2991369664669037, 0.04337463527917862, -1.6629749536514282, -1.6124475002288818, -0.05547004193067551, -0.15928468108177185, 1.2437912225723267, 2.3208446502685547, -0.3897421956062317, 0.08944705873727798, -0.9517970681190491, 1.09621000289917, -1.5903277397155762, 1.70795738697052, 0.3283024728298187, -1.1584500074386597, -0.821441650390625, 0.6002212762832642, -0.11885286867618561, -1.1529982089996338, 0.6689352989196777, 0.0009632706642150879, -0.0953717902302742, -0.4126504063606262, 1.4817196130752563, -1.4005334377288818, 0.8327623605728149, -1.6670669317245483, -0.7262135744094849, -0.4416049122810364, 0.8383749127388, -0.05026651918888092, 1.6368775367736816, 0.1229584664106369, 0.9801784753799438, -1.3681952953338623, -0.32137250900268555, -1.3597326278686523, 0.21692737936973572, -0.36591431498527527, -0.2066410332918167, -2.149868965148926, -0.04585573449730873, -0.5020719766616821, 1.4016155004501343, 0.7955860495567322, -0.34223949909210205, 1.6173075437545776, -0.7327728271484375, 0.2919626235961914, 0.5801377296447754, -0.2206299751996994, -0.07800822705030441, 2.5176515579223633, 0.935294508934021, 0.6395444869995117, -0.037433307617902756, 1.1701585054397583, -0.27085840702056885, -0.11451615393161774, 0.09967926144599915, 1.095613956451416, -1.0060417652130127, -0.09512720257043839, -1.5401394367218018, -0.48830920457839966, -0.20994490385055542, 0.6305068731307983, 0.8507491946220398, -2.1476802825927734, 0.7641853094100952, 0.8649293780326843, 0.6943286061286926, 1.1065055131912231, 1.1200642585754395, -0.8500383496284485, 0.13598445057868958, 0.7361392974853516, -0.5772015452384949, 1.149156928062439, 0.001444391906261444, -1.4193228483200073, 1.719476580619812, 0.5139703154563904, 0.1530318409204483, 1.3868714570999146, -0.19139829277992249, 0.622199296951294, -0.29744914174079895, 1.7536613941192627, 0.5667855143547058, -1.2082898616790771, -0.41593050956726074, 0.48971495032310486, 2.3602967262268066, 0.08962700515985489, 2.4149093627929688, -0.660531222820282, -1.937527060508728, 1.8800369501113892, -1.1154115200042725, 0.4751361012458801, 0.1312156617641449, 0.3989536762237549, 0.22957712411880493, 0.18690305948257446, 0.894463837146759]",yunet,Facenet,1920,1080,/home/amos/media/tv/modern_family/Modern.Family.S09.1080p.DSNP.WEB-DL.DDP5.1.H.264-CRFW/Modern.Family.S09E17.Royal.Visit.1080p.DSNP.WEB-DL.DDP5.1.H.264-CRFW.mkv,Modern Family,2009,1442437,9,17,Sofía Vergara,63522.0,0.759
360,1038,78,1320,444,1164,210,1092,216,0.901,10176,1,"[0.4047940969467163, -0.10740005970001221, 0.7524155974388123, -0.3235147297382355, 1.141086220741272, -0.7867064476013184, 0.5480219125747681, 0.22488237917423248, 0.41708430647850037, 0.0073907747864723206, 0.04286688566207886, 0.2608335316181183, -2.498723268508911, 0.8770349025726318, 0.26116228103637695, -1.1212022304534912, -0.4755344092845917, 0.20003046095371246, 1.419384241104126, -1.264524221420288, -1.683282494544983, -1.4253844022750854, -1.1343129873275757, 0.49045443534851074, 1.893109917640686, -1.4315757751464844, 0.0662371963262558, 1.126243233680725, 0.0630149245262146, 0.1111319288611412, -1.189298152923584, 0.653335452079773, -1.8054394721984863, 0.4191000461578369, -0.7130498290061951, 0.13345280289649963, -0.613573431968689, 0.24620580673217773, 0.5713399648666382, -0.8157025575637817, -0.7158371210098267, -0.4917772114276886, -1.413832664489746, 1.5635576248168945, -0.44202950596809387, -0.4492139220237732, -2.711962938308716, 0.44931262731552124, -0.7619416117668152, 1.2262924909591675, 0.12077707797288895, 0.34413427114486694, 0.6630393266677856, 1.1220271587371826, -0.34947487711906433, -0.11128874123096466, -0.0812520831823349, -1.8370846509933472, -2.088634490966797, 0.9095256924629211, -1.3187185525894165, 0.6416643857955933, 0.6752721667289734, -1.602107048034668, -0.17164340615272522, 2.234088182449341, -1.4521825313568115, 0.3817161023616791, 0.28073206543922424, 0.7920560836791992, 0.0026772571727633476, -0.9748458862304688, -0.4737941324710846, -0.13729143142700195, -0.5285362005233765, 0.19158028066158295, -0.4102028012275696, -0.280880331993103, 0.051706843078136444, 2.4078896045684814, 0.8892830014228821, 0.6381634473800659, -0.2481626272201538, -0.9071950912475586, 0.7845616340637207, 0.4430810511112213, 0.3827851712703705, 0.6878259181976318, 1.0497790575027466, 1.7288490533828735, 1.4088263511657715, 0.2982788681983948, -0.6289671063423157, 0.21538937091827393, -0.4400549530982971, 0.7337815761566162, -0.4055165648460388, -0.9616002440452576, -0.6698652505874634, 0.9517306089401245, -1.1491611003875732, 0.4538160562515259, 1.0741678476333618, -1.8869949579238892, 0.33767950534820557, -0.8089527487754822, -0.09428462386131287, -0.5629405975341797, 0.42185351252555847, -0.8174299001693726, 0.26393043994903564, -1.2781175374984741, -0.94167160987854, -1.702000617980957, 0.7028018832206726, -0.17912426590919495, 0.45412036776542664, 2.0711069107055664, 1.0701655149459839, -0.08640022575855255, -0.5566344857215881, 0.7849552631378174, 0.9198219180107117, -0.22640235722064972, 0.5871263146400452, 0.9073687195777893, -0.5535317063331604, 0.45221656560897827]",yunet,Facenet,1920,1080,/home/amos/media/tv/modern_family/Modern.Family.S09.1080p.DSNP.WEB-DL.DDP5.1.H.264-CRFW/Modern.Family.S09E17.Royal.Visit.1080p.DSNP.WEB-DL.DDP5.1.H.264-CRFW.mkv,Modern Family,2009,1442437,9,17,Ed O'Neill,18977.0,0.534
361,282,252,510,546,468,366,372,366,0.907,10200,0,"[-0.739321231842041, -0.1150762289762497, 0.32452690601348877, -0.7217807769775391, 1.8394891023635864, 0.3400946259498596, -0.31051406264305115, -0.969306468963623, -0.5034294128417969, 1.7187765836715698, 0.04115103930234909, 1.734567642211914, 0.2669305205345154, -2.069899559020996, 0.35092252492904663, 0.9970168471336365, 0.0370732843875885, -0.8291359543800354, -1.306815505027771, -1.1182513236999512, 1.707472562789917, -0.6080042719841003, 0.6806884407997131, -1.634353518486023, -1.0153765678405762, -0.4381370544433594, 0.7303260564804077, 0.6797475814819336, 1.7991143465042114, -0.8657771944999695, 0.284959614276886, -1.3105148077011108, 1.1557738780975342, -1.4178130626678467, 1.508643388748169, 0.20316149294376373, -0.4124237596988678, 0.18310046195983887, 0.3889095187187195, 0.05297742784023285, -0.5129289031028748, -0.3969437777996063, 0.3758383095264435, 0.6421838998794556, -1.1922391653060913, 0.8303068280220032, -0.59764564037323, -0.6333249807357788, -0.6872360110282898, -1.2760851383209229, -2.116009473800659, 0.9387273192405701, -0.4357477128505707, 1.94240140914917, 0.7151886224746704, 1.1261982917785645, -1.4187825918197632, 0.17495352029800415, -0.7127296328544617, -0.692818820476532, -0.9107223153114319, -0.7490309476852417, -1.4170624017715454, -0.14757798612117767, -0.5602239966392517, 1.7404699325561523, -0.6469094157218933, -0.014629869721829891, 1.1977518796920776, -0.9959081411361694, -0.7286523580551147, 0.5876001119613647, -0.21688047051429749, 0.17291350662708282, 1.5135724544525146, 1.2230678796768188, 0.18223252892494202, 0.08746562898159027, 1.0539478063583374, -0.11586688458919525, -0.28904107213020325, 0.4827128052711487, 0.5835360288619995, -0.352342814207077, -0.01926344633102417, -0.8316456079483032, -0.2831532955169678, -0.09052499383687973, 0.2961951792240143, 1.7142269611358643, -1.7198811769485474, 0.283694326877594, 1.0711731910705566, -1.0876506567001343, 0.8401491045951843, 1.2279326915740967, -1.3326406478881836, -0.44408541917800903, 0.778491735458374, -0.6896539330482483, -0.7191895842552185, -0.3635387420654297, -1.328572392463684, 1.9711182117462158, 1.7557133436203003, 0.7470031976699829, 1.6121985912322998, -0.3357824981212616, 0.913967490196228, -0.5787401795387268, 1.640268087387085, 0.8481630682945251, -0.5530232191085815, -0.4008762538433075, 0.49482667446136475, 1.8582518100738525, -0.6174203157424927, 1.9667980670928955, 1.0335147380828857, -1.648611068725586, 1.0925347805023193, -0.9914733171463013, 0.5831961631774902, 0.944765567779541, -0.11796152591705322, 0.5697720646858215, 0.6979455947875977, 1.0570043325424194]",yunet,Facenet,1920,1080,/home/amos/media/tv/modern_family/Modern.Family.S09.1080p.DSNP.WEB-DL.DDP5.1.H.264-CRFW/Modern.Family.S09E17.Royal.Visit.1080p.DSNP.WEB-DL.DDP5.1.H.264-CRFW.mkv,Modern Family,2009,1442437,9,17,Sofía Vergara,63522.0,0.704
362,264,282,492,570,450,390,354,390,0.919,10224,0,"[-0.7232403755187988, 0.6780401468276978, 0.13458171486854553, -0.6022983193397522, 1.2951161861419678, 0.9273539781570435, -0.5840100646018982, -0.3780159056186676, -0.8390060067176819, 2.1428604125976562, -0.5588129162788391, 1.7120909690856934, -0.6152489185333252, -0.9732151031494141, 0.42756929993629456, 0.7436450123786926, -0.38157418370246887, -0.7388129234313965, -0.6256113648414612, -0.7695748805999756, 1.2600514888763428, 0.3713473081588745, -0.0650283619761467, -1.151684045791626, -1.1368767023086548, 0.29588159918785095, -0.1968204379081726, 0.21446849405765533, 2.836885690689087, 0.24677057564258575, 0.4521329402923584, -1.649153709411621, 0.4870516359806061, -0.9803948402404785, 2.3923630714416504, 0.2607254087924957, -1.0499024391174316, -0.07025056332349777, -0.18185895681381226, 0.41488468647003174, -0.8274027705192566, 0.6791768074035645, 1.0456480979919434, 1.5785648822784424, -1.6281216144561768, 0.8164106011390686, -0.5009937286376953, -0.800091028213501, -1.006809949874878, -0.9515751600265503, -1.1486928462982178, 0.36701804399490356, 0.45461830496788025, 2.078260898590088, -0.011008311063051224, -0.32858192920684814, -1.2728554010391235, -0.03395383059978485, -1.5908702611923218, -0.7250969409942627, -0.9307346343994141, -0.4741652011871338, -0.9889870285987854, -0.5026807188987732, -0.8702269792556763, 1.4631494283676147, -1.049350380897522, 0.7648510336875916, 2.1692841053009033, -0.5976748466491699, 0.3455049991607666, 0.749732255935669, -0.6281969547271729, 0.005892343819141388, 1.4032821655273438, 1.735024094581604, 1.364933967590332, 0.5226603746414185, 1.7080259323120117, 0.8645879030227661, -0.07352461665868759, 0.37980201840400696, 0.43942147493362427, -0.8173041343688965, -0.6840750575065613, -0.7331774234771729, -0.1842382550239563, 0.24578367173671722, 0.4652535021305084, 1.4299243688583374, -1.3691117763519287, 0.5100018382072449, 0.4784056842327118, -0.10586322098970413, 0.8561827540397644, 0.9460601806640625, -1.1170804500579834, -0.19229887425899506, 1.1424245834350586, -0.48228713870048523, -0.2848123610019684, -0.09667307138442993, -1.3754137754440308, 2.8057615756988525, 1.3177815675735474, -0.12313275039196014, 0.9429458379745483, -0.6875473260879517, 0.3172864019870758, -0.724018394947052, 2.3085505962371826, -0.12980736792087555, -0.8396996259689331, 0.43377047777175903, 0.3096359670162201, 1.2151368856430054, -0.34196069836616516, 1.581081748008728, 1.7899930477142334, -1.417093276977539, 0.8182405233383179, -0.5428972244262695, -0.3571755886077881, 0.2509250342845917, -0.1886110156774521, 0.6216616034507751, 0.488431453704834, 1.057304859161377]",yunet,Facenet,1920,1080,/home/amos/media/tv/modern_family/Modern.Family.S09.1080p.DSNP.WEB-DL.DDP5.1.H.264-CRFW/Modern.Family.S09E17.Royal.Visit.1080p.DSNP.WEB-DL.DDP5.1.H.264-CRFW.mkv,Modern Family,2009,1442437,9,17,Sofía Vergara,63522.0,0.699
363,252,234,474,516,432,348,330,348,0.91,10272,0,"[-1.0945037603378296, 0.2809422016143799, 0.04329800605773926, -0.7866376042366028, 0.8434442281723022, 0.084315724670887, -0.1399916559457779, -0.059659358114004135, 0.1296667456626892, 0.31341472268104553, 0.3666481673717499, 1.6643270254135132, 0.19844065606594086, -1.7298856973648071, -0.32492682337760925, 0.7919760346412659, 0.12512311339378357, -1.4065889120101929, -2.226060390472412, -0.10270015895366669, 0.4491638243198395, 0.5503590106964111, 0.04420880228281021, -0.03965791314840317, -0.15663543343544006, -0.4315355718135834, 0.3213651478290558, -0.6243869662284851, 3.3824310302734375, -0.9694379568099976, 1.0786606073379517, -2.605882406234741, 1.6447551250457764, -0.26821961998939514, 0.7636243104934692, 0.29924526810646057, -0.5584356188774109, 0.8956924080848694, -0.07456979155540466, -0.0371360257267952, -0.7626690864562988, 1.2364647388458252, 0.19244170188903809, 1.3432135581970215, -1.7023037672042847, -0.3817298412322998, -1.076550841331482, -0.766787052154541, -0.8361059427261353, -1.1250430345535278, -0.6655958294868469, -0.1300310641527176, 0.603482186794281, 1.4713863134384155, -0.22828739881515503, 0.2588391900062561, -0.5935136675834656, -0.6584576368331909, -2.126400947570801, -0.4840085506439209, -1.017513632774353, -0.5473753809928894, -1.8986241817474365, -0.643119215965271, -0.8931772708892822, 1.8392088413238525, -1.0983203649520874, 0.3853538930416107, 0.9592065215110779, -1.2377195358276367, -0.1734694242477417, 1.1461396217346191, -1.8590714931488037, -0.9210106134414673, 1.820559024810791, 1.062237024307251, 0.11026519536972046, 0.5881159901618958, 1.7947386503219604, 0.2885074019432068, -0.42859840393066406, 0.8214737176895142, 0.13507354259490967, -1.0453269481658936, -0.031135588884353638, 0.812968373298645, 0.30414843559265137, 0.5072546005249023, -0.0051011741161346436, 1.6532998085021973, -0.9783905148506165, 0.12745673954486847, 0.9379976391792297, -0.08333642780780792, 0.8423581719398499, 1.0210638046264648, -1.5090974569320679, -0.7078211307525635, 1.3213162422180176, -0.7215959429740906, 0.5252382755279541, -0.16419342160224915, -0.8058354258537292, 2.7337679862976074, 1.259822964668274, 0.8023732304573059, 0.2112049013376236, -1.5266491174697876, -0.7337446808815002, -0.7033796310424805, 1.7905871868133545, 0.4336024522781372, -0.012072816491127014, -0.7181453108787537, -0.4496735632419586, 1.4068422317504883, -1.6849656105041504, 0.8005626797676086, 1.2496365308761597, -1.370379090309143, 0.9384169578552246, -1.0194567441940308, -0.3013191223144531, -0.05134301632642746, -0.20599524676799774, 0.5685827136039734, 0.01936154253780842, 0.9132065176963806]",yunet,Facenet,1920,1080,/home/amos/media/tv/modern_family/Modern.Family.S09.1080p.DSNP.WEB-DL.DDP5.1.H.264-CRFW/Modern.Family.S09E17.Royal.Visit.1080p.DSNP.WEB-DL.DDP5.1.H.264-CRFW.mkv,Modern Family,2009,1442437,9,17,Sofía Vergara,63522.0,0.66
364,972,108,1218,426,1170,228,1062,228,0.903,10272,1,"[-0.23763322830200195, -2.262057065963745, 1.264346957206726, 0.29885566234588623, 0.8711320757865906, -1.09271240234375, 0.21898947656154633, 0.13645295798778534, -0.5630125999450684, 0.5264193415641785, -1.5984148979187012, -0.18865294754505157, -1.0448436737060547, 0.008881986141204834, -0.07646971940994263, -0.39820295572280884, 0.302696168422699, 0.962470293045044, 1.178689956665039, -1.6144191026687622, 0.5352489948272705, -2.7848711013793945, 1.0410622358322144, -0.9281210899353027, 0.04629724472761154, -2.211829662322998, 0.44979438185691833, 3.3073039054870605, -0.1859462708234787, 0.45381903648376465, -1.9591039419174194, 1.9535142183303833, -1.6723617315292358, 0.23280784487724304, -1.2498085498809814, -1.3491445779800415, -0.6669225096702576, -0.39935600757598877, -0.15313240885734558, -1.4332382678985596, 0.20985156297683716, -1.024930715560913, -0.43593737483024597, 0.3133416175842285, 0.20106469094753265, -0.6717807650566101, -0.48548880219459534, -1.6841591596603394, -0.7435597777366638, -0.0507790669798851, -1.646315097808838, -0.08075569570064545, -0.7318549752235413, 0.8354195952415466, 0.2876887619495392, 0.2812722623348236, -0.5401924848556519, 0.5147930383682251, -1.175089716911316, 1.0707038640975952, -1.397456169128418, -0.06450792402029037, 1.2006489038467407, 0.20109669864177704, -1.2147712707519531, 1.9234881401062012, 0.7359129786491394, 1.3990154266357422, 0.6380335688591003, 0.6544787883758545, -1.0119705200195312, 0.466814786195755, 0.8164598941802979, 0.9620411992073059, 0.07104318588972092, 1.5659465789794922, -1.2661486864089966, -0.29393336176872253, 0.04209978133440018, 0.40933758020401, 0.4120924472808838, 1.4040449857711792, 0.40115004777908325, -2.203853130340576, -0.762292742729187, -0.6551530361175537, 0.013121305033564568, -0.8806114792823792, -0.6415970325469971, 1.6907559633255005, 1.508741021156311, -0.5989477634429932, -2.016087055206299, -0.21790996193885803, -0.594626784324646, -0.5699580311775208, -2.249281167984009, -0.4955511689186096, 0.564739465713501, 0.9865154027938843, -1.8004173040390015, 1.4110801219940186, 0.46363696455955505, -1.9230774641036987, 1.1306978464126587, -0.585850179195404, -0.056862056255340576, -1.0201205015182495, -0.46785563230514526, -0.14770488440990448, -0.740797758102417, 0.9352193474769592, -1.2718894481658936, -1.1755390167236328, 0.20022185146808624, 0.18189668655395508, 0.9485679864883423, 0.6851182579994202, -1.529650092124939, -0.44094347953796387, 0.41522979736328125, 1.3620452880859375, 1.6580032110214233, 0.25441616773605347, 0.027974803000688553, 0.29340824484825134, 0.1996409296989441, 0.13104191422462463]",yunet,Facenet,1920,1080,/home/amos/media/tv/modern_family/Modern.Family.S09.1080p.DSNP.WEB-DL.DDP5.1.H.264-CRFW/Modern.Family.S09E17.Royal.Visit.1080p.DSNP.WEB-DL.DDP5.1.H.264-CRFW.mkv,Modern Family,2009,1442437,9,17,Ed O'Neill,18977.0,0.625
365,1056,114,1230,354,1116,216,1080,216,0.92,10296,0,"[0.034561045467853546, 1.5303186178207397, -1.8734183311462402, -0.838382363319397, 3.006922721862793, -1.163514494895935, 0.49579918384552, 0.46652546525001526, 1.9752219915390015, -0.9400966763496399, 0.1592310667037964, 0.4363403618335724, -0.4345099925994873, -0.5930594205856323, 0.598121702671051, 1.1990097761154175, -2.4039199352264404, 0.8305580019950867, -1.2881354093551636, 0.8437446355819702, 0.7638322114944458, 0.9612443447113037, -0.8617509007453918, -0.10387139767408371, 1.0029202699661255, 1.4680156707763672, -0.37520694732666016, 0.12095605581998825, -0.4841455817222595, 0.7822040915489197, 0.6123872995376587, 1.1912614107131958, -1.7210116386413574, 0.5057645440101624, 0.8721224069595337, -1.4201667308807373, -0.03993277624249458, -2.2484889030456543, 1.5639081001281738, -0.3044262230396271, -1.2022991180419922, 0.2680438160896301, -0.298811137676239, -1.2480432987213135, 0.258464515209198, -1.18916916847229, -0.20459191501140594, 0.0029089711606502533, -1.5748660564422607, 2.7373342514038086, -1.0492054224014282, 0.7517905831336975, 0.6264215111732483, 1.6707499027252197, -0.13250550627708435, -2.8948254585266113, 1.1975393295288086, -0.6061893105506897, -0.4580891728401184, 1.264406442642212, 0.753502607345581, -1.0367765426635742, 1.1244943141937256, -0.6731393933296204, 0.4842592775821686, -1.8490701913833618, -0.746209442615509, -0.4039728343486786, 0.46095818281173706, -2.557537317276001, 0.11686845868825912, -0.7410358190536499, -2.8739802837371826, 1.4307209253311157, -0.652880847454071, -1.3953979015350342, 0.9046019315719604, 0.26953205466270447, 1.8821055889129639, -1.5246368646621704, -0.00341794453561306, -0.12186159193515778, 0.6998230814933777, -0.6154972910881042, -0.5504330992698669, 0.44789525866508484, 0.21907497942447662, -0.014250986278057098, 0.776767373085022, -0.1617182046175003, -1.7839075326919556, -0.6224945187568665, -1.2643593549728394, -0.9345203638076782, 0.5344835519790649, 0.953531801700592, -2.4585416316986084, -1.6664937734603882, 0.009661495685577393, -0.40651533007621765, 0.039034754037857056, 1.0202207565307617, -0.8345551490783691, -1.9872599840164185, -0.8620811104774475, -0.26027387380599976, -1.2979408502578735, -0.05353491008281708, -0.6241778135299683, -0.19222906231880188, 1.0298129320144653, -0.8110969066619873, 1.216545581817627, -1.2594268321990967, 1.8340193033218384, 1.217208981513977, -0.001743752509355545, 0.24749071896076202, -0.28146567940711975, 1.3464375734329224, -0.5668624639511108, 0.9425222873687744, 0.904208779335022, -0.9022589921951294, -0.8682231903076172, 0.38243553042411804, -0.5806001424789429, -1.3885562419891357]",yunet,Facenet,1920,1080,/home/amos/media/tv/modern_family/Modern.Family.S09.1080p.DSNP.WEB-DL.DDP5.1.H.264-CRFW/Modern.Family.S09E17.Royal.Visit.1080p.DSNP.WEB-DL.DDP5.1.H.264-CRFW.mkv,Modern Family,2009,1442437,9,17,,,
366,762,324,912,510,864,402,792,402,0.918,10296,1,"[0.43658745288848877, 1.1139934062957764, -0.3554595708847046, -0.8325605392456055, -0.20475150644779205, 0.9660258293151855, -0.11927130818367004, 2.3131158351898193, 0.2856248915195465, 0.24943992495536804, 2.1234264373779297, -0.07124742865562439, -1.9645116329193115, 0.03778309375047684, -1.4672038555145264, 0.8127905130386353, 0.2075071930885315, 1.177011251449585, -0.1241457462310791, 1.1466652154922485, 0.6669111251831055, 1.411441445350647, -0.2115795612335205, -0.2998540997505188, 1.5680131912231445, 1.3408461809158325, -0.571869969367981, -0.8805552124977112, 0.2322927862405777, -2.589005947113037, 0.7514572143554688, 2.0599141120910645, 0.2451702058315277, 0.35289621353149414, 0.005296308547258377, -0.7190476059913635, 0.07637369632720947, 0.9257933497428894, 1.1060926914215088, 0.25388163328170776, -2.368509531021118, 1.1341168880462646, 1.0328943729400635, -1.0847620964050293, -0.4420386850833893, -0.5547153353691101, -0.9435405135154724, 0.008596648462116718, 1.2066048383712769, 0.6730893850326538, 1.3119045495986938, -1.1268354654312134, 0.6241207122802734, 0.7774392366409302, 0.02112184837460518, -1.2057772874832153, -0.0035113878548145294, -0.6768771409988403, -0.6708081364631653, -0.06109628453850746, 0.3226377069950104, 0.20450721681118011, -1.1293859481811523, 0.3730620741844177, 1.7003133296966553, -0.7955469489097595, 0.31969892978668213, -0.020863790065050125, 0.2914176285266876, 0.45908114314079285, -1.1747153997421265, 0.2975166141986847, -0.7527478933334351, 1.6377809047698975, 0.8140186667442322, -0.7281920909881592, 0.9574930667877197, 0.9806534051895142, 0.30394247174263, 1.7755942344665527, -0.2600748836994171, -0.36289212107658386, -0.6414045095443726, -0.663090169429779, -0.6052581071853638, 1.831025242805481, 0.51581871509552, -1.5594985485076904, -0.5886726379394531, 1.2565240859985352, 0.27975594997406006, 0.8085784316062927, -1.7553212642669678, -1.2538964748382568, 0.5167496204376221, -0.29219454526901245, -1.0185211896896362, -0.028774624690413475, 0.5688119530677795, -1.6500885486602783, -1.3882015943527222, -1.8758556842803955, -0.6429522037506104, 0.032492466270923615, 0.49353229999542236, -0.09958808124065399, -0.38230007886886597, 0.19560499489307404, -0.3263280391693115, 0.020350957289338112, 1.2431594133377075, -1.4417803287506104, -0.09982801973819733, 1.0124025344848633, 0.7872964143753052, 1.0854734182357788, -0.468129426240921, -0.5259221792221069, 0.9043166041374207, 0.26573312282562256, -1.062812089920044, -1.3222280740737915, -1.820077657699585, 2.35191011428833, -0.3513268828392029, -1.1540977954864502, -1.3726387023925781, -0.33761265873908997]",yunet,Facenet,1920,1080,/home/amos/media/tv/modern_family/Modern.Family.S09.1080p.DSNP.WEB-DL.DDP5.1.H.264-CRFW/Modern.Family.S09E17.Royal.Visit.1080p.DSNP.WEB-DL.DDP5.1.H.264-CRFW.mkv,Modern Family,2009,1442437,9,17,Lauren Shaw,1550831.0,0.738
367,1086,198,1254,420,1152,282,1110,288,0.913,10320,0,"[0.13898570835590363, 2.22306227684021, -2.277438163757324, -0.05001122131943703, 1.7800960540771484, -0.8111353516578674, -0.7071380615234375, 0.16042082011699677, 2.4441299438476562, -1.170918345451355, 1.1661123037338257, 0.3537106513977051, -1.2099583148956299, -0.6935845613479614, -0.4281894266605377, 0.8881248235702515, -1.6245530843734741, 0.9536169767379761, -1.7954579591751099, 1.066114068031311, -0.46020784974098206, 1.103954553604126, -0.8043076395988464, -0.6530534029006958, 1.598868727684021, 1.448991298675537, 0.1131482869386673, 0.06232200562953949, 0.680041491985321, 0.5914483666419983, 0.39100614190101624, 0.47091907262802124, -1.8460524082183838, -0.07033476233482361, -0.26440173387527466, -0.5596247315406799, 0.2819606065750122, -1.3718986511230469, 0.7872524261474609, -0.4782439172267914, -0.4963151216506958, 0.1049153059720993, 0.472237765789032, 0.08416388928890228, 1.1140836477279663, -1.597518801689148, -0.1601528823375702, -0.20773881673812866, -0.799919605255127, 2.5573740005493164, -0.4256977438926697, 0.7397520542144775, 1.4972894191741943, 2.0072734355926514, -1.1699734926223755, -2.1129543781280518, 1.2738761901855469, -0.5450884103775024, -0.8111763596534729, 1.1570366621017456, 0.5871477127075195, -0.43451523780822754, 0.7523805499076843, 0.008852062746882439, 1.0241343975067139, -0.7901664972305298, -0.8270562887191772, -0.810806930065155, -0.3746487498283386, -3.149266004562378, -0.2778138220310211, -0.23264934122562408, -2.8236544132232666, 1.1355534791946411, -0.29940786957740784, -1.1667910814285278, 0.9624733924865723, 0.4178880751132965, 2.4192867279052734, -1.5543632507324219, -0.05700390040874481, 0.38645243644714355, 1.2572466135025024, -0.43290239572525024, -0.5938560366630554, 0.19814494252204895, -0.5891063213348389, 0.5546878576278687, 0.904679536819458, -0.9179320931434631, -1.9309011697769165, -0.7197848558425903, -0.37924429774284363, -0.5564697980880737, 0.5555551052093506, 0.5141305923461914, -2.7794742584228516, -1.746203899383545, -0.5223665237426758, -1.2568784952163696, 1.0642927885055542, 1.0261112451553345, -0.3687715530395508, -1.4395463466644287, -0.8027185201644897, 0.8365705013275146, -1.3969085216522217, 0.29339295625686646, -0.8642759919166565, -0.579578697681427, 1.4106862545013428, 0.24436241388320923, 1.2722142934799194, -0.5292011499404907, 1.199867844581604, 1.208709955215454, -0.6802181005477905, -0.15866702795028687, -0.33691635727882385, 1.7659389972686768, -0.285198450088501, 0.0904550552368164, 1.3939602375030518, -0.6486065983772278, -0.6108227372169495, 0.12834686040878296, 0.8132376074790955, -1.0572333335876465]",yunet,Facenet,1920,1080,/home/amos/media/tv/modern_family/Modern.Family.S09.1080p.DSNP.WEB-DL.DDP5.1.H.264-CRFW/Modern.Family.S09E17.Royal.Visit.1080p.DSNP.WEB-DL.DDP5.1.H.264-CRFW.mkv,Modern Family,2009,1442437,9,17,John Brotherton,222906.0,0.543
368,192,300,336,486,300,366,234,366,0.901,10464,0,"[-0.7188889980316162, 1.035272479057312, 1.2153679132461548, -1.7810779809951782, -0.9579808712005615, 0.5445288419723511, -0.40440356731414795, -1.4838457107543945, -0.18211033940315247, 2.6072516441345215, -0.8582401871681213, 2.356527328491211, -0.016827404499053955, -1.0179038047790527, -0.08894658088684082, 0.5010559558868408, -1.4062522649765015, -1.3426117897033691, -0.5190725922584534, -0.6383712291717529, 2.0841197967529297, -0.48601630330085754, -0.11479170620441437, -0.24603766202926636, -1.580008864402771, -0.6648564338684082, -1.3536105155944824, -0.33768218755722046, 3.165733814239502, -0.8428276181221008, 0.16359469294548035, -1.6540160179138184, 0.7452763319015503, -1.03022038936615, 0.8355119824409485, -0.2460688352584839, -1.8086200952529907, -0.30404970049858093, 1.311316967010498, -1.7706488370895386, -0.755300760269165, 1.3099095821380615, -1.1820178031921387, -0.11930196732282639, -2.045950412750244, 0.30981364846229553, -1.1526286602020264, 0.49361443519592285, -1.4735922813415527, -0.5452123880386353, 0.05442618578672409, 0.26809248328208923, -0.14070004224777222, 1.0438560247421265, -0.396850049495697, -0.01277450192719698, -0.5258154273033142, -0.7871730327606201, -1.4431358575820923, -0.054084956645965576, -0.7462113499641418, -1.3966017961502075, -1.8613141775131226, -0.6783594489097595, 0.4457470178604126, 1.0385003089904785, 0.6054856777191162, -0.36013898253440857, 1.6578208208084106, -0.4749991297721863, -0.8514692783355713, 1.4853594303131104, -0.13056273758411407, 0.093656986951828, 1.4798741340637207, 0.8248627781867981, 0.1360974758863449, -0.2970465123653412, 1.3760966062545776, -0.5333324670791626, -0.39423418045043945, -0.46951422095298767, -0.06373860687017441, -1.2200123071670532, -0.5935690999031067, -0.7012962102890015, -0.0801958218216896, -0.1986342966556549, 0.1607794463634491, 2.2065303325653076, -0.4638834297657013, 1.3603404760360718, 1.3365541696548462, 1.1288962364196777, 1.1220557689666748, 1.7322301864624023, -0.9257885813713074, 0.9645523428916931, 0.98513263463974, -2.1103432178497314, 0.2808573842048645, -0.32270658016204834, -0.9846360683441162, 1.5291671752929688, 1.1746150255203247, 0.34420353174209595, -0.11657896637916565, 0.25655657052993774, 0.4244121313095093, -0.4113093614578247, 1.5785716772079468, 0.5890277028083801, -1.4282493591308594, -0.1050862967967987, 0.5283893346786499, 2.2707927227020264, 0.3189995288848877, 0.7705320715904236, -0.1760110855102539, -0.1297173798084259, -0.1413836032152176, -1.2337759733200073, -0.4292818307876587, 0.9135441184043884, 0.4161824584007263, 0.0853455439209938, -0.26762619614601135, -0.3144640326499939]",yunet,Facenet,1920,1080,/home/amos/media/tv/modern_family/Modern.Family.S09.1080p.DSNP.WEB-DL.DDP5.1.H.264-CRFW/Modern.Family.S09E17.Royal.Visit.1080p.DSNP.WEB-DL.DDP5.1.H.264-CRFW.mkv,Modern Family,2009,1442437,9,17,Sofía Vergara,63522.0,0.719
369,1314,474,1458,666,1428,552,1362,552,0.917,10488,0,"[0.19496357440948486, 1.370953917503357, -0.2585076093673706, -0.3638804256916046, 0.8235777616500854, -0.644426703453064, 1.6765193939208984, 0.7675466537475586, 0.48322346806526184, -1.4032440185546875, 2.681442975997925, -0.528167188167572, -0.3558451533317566, 0.11800850927829742, -0.7987700700759888, -0.9780765175819397, -0.48881545662879944, 0.16708466410636902, -0.7370368838310242, 1.2108540534973145, -0.46528369188308716, 0.6607650518417358, 0.1797458529472351, 0.2450292706489563, 1.6086854934692383, 1.2464574575424194, -0.43904855847358704, -1.8782908916473389, -0.6024490594863892, -3.3549294471740723, 1.7770835161209106, 0.6491920948028564, -1.024093508720398, 1.795536994934082, -0.13048318028450012, -0.07401552051305771, -0.06972439587116241, -0.11846830695867538, 2.6170814037323, 0.22369128465652466, -1.3619569540023804, 1.3315389156341553, 1.4426769018173218, -0.925369143486023, -0.5279408097267151, -0.9208709001541138, -0.8186023831367493, 0.007878507487475872, -0.10200490057468414, 0.7074370384216309, 0.56730717420578, 0.24188588559627533, -0.49204114079475403, 0.9445745944976807, -1.2924269437789917, -0.9247006177902222, 1.1385048627853394, -0.4026350677013397, -1.0761905908584595, -0.6425255537033081, 1.5375916957855225, -1.5270240306854248, -0.7865216135978699, -0.8945764303207397, 0.8173481822013855, -0.5933820009231567, -0.21450868248939514, -1.8107002973556519, -1.9193483591079712, 1.047865629196167, -0.127447247505188, -0.2990190088748932, -0.2768927812576294, 0.6647762060165405, 0.2902403771877289, -1.3412396907806396, 1.6299623250961304, 1.3608704805374146, -0.6496337652206421, 1.109850287437439, 0.17153367400169373, 1.1759686470031738, 0.3003990352153778, -0.22015883028507233, -0.7658610939979553, 2.4561092853546143, 1.1146974563598633, -2.2280452251434326, -0.16241613030433655, 1.2746143341064453, -0.6757074594497681, -0.21906693279743195, -1.8658561706542969, -1.1391621828079224, 0.60326087474823, 0.2537912428379059, -1.5933079719543457, -0.43430426716804504, 0.06159012019634247, -1.59147310256958, -1.6144866943359375, -1.6870241165161133, 0.4172741770744324, 0.5348458886146545, 1.1761442422866821, 1.1260719299316406, 0.18473555147647858, 1.4658044576644897, -0.431874543428421, -1.0374233722686768, 1.2574784755706787, -0.866375207901001, 1.5456101894378662, 0.39724597334861755, 1.484607219696045, 1.393376350402832, -0.8878182172775269, -1.1020749807357788, 0.4969230890274048, -0.3261025846004486, -1.3813215494155884, -1.4374260902404785, -1.088154673576355, 1.4403778314590454, -0.7674188017845154, -0.9281589984893799, -1.8067777156829834, -0.9376057982444763]",yunet,Facenet,1920,1080,/home/amos/media/tv/modern_family/Modern.Family.S09.1080p.DSNP.WEB-DL.DDP5.1.H.264-CRFW/Modern.Family.S09E17.Royal.Visit.1080p.DSNP.WEB-DL.DDP5.1.H.264-CRFW.mkv,Modern Family,2009,1442437,9,17,Lauren Shaw,1550831.0,0.611
370,888,228,1026,408,978,294,918,294,0.913,10488,1,"[1.2361589670181274, 0.08392032980918884, -0.14924356341362, 0.0029520392417907715, 0.5613362789154053, -0.8061915636062622, 1.3354558944702148, -0.1916869431734085, -0.3964760899543762, -0.6191694736480713, -0.3869872987270355, 0.6826340556144714, -0.8822413682937622, 0.922848105430603, 0.44725921750068665, -1.2465351819992065, 1.9475725889205933, -0.2903910279273987, 0.965694785118103, -1.2238978147506714, -0.8351728916168213, -1.3379846811294556, -0.40309953689575195, -0.013538315892219543, 1.3715461492538452, -1.8691860437393188, 0.5094705820083618, 1.5755412578582764, 0.6935248374938965, 0.0955464318394661, -1.5289592742919922, 2.2034709453582764, -2.465242624282837, 1.7597483396530151, -0.9580908417701721, -1.2758721113204956, -0.7411857843399048, 0.2239742875099182, -0.7082606554031372, 0.41441336274147034, -0.8288750052452087, -0.6874719262123108, -0.02451533079147339, 1.64447820186615, -0.04946541786193848, -0.6107798218727112, -0.8823297023773193, -0.9731526374816895, 0.454517662525177, -0.5857656002044678, -0.38254934549331665, -0.3123406171798706, -1.4896738529205322, 0.4005165100097656, -0.06778009235858917, -0.10914893448352814, -0.7804339528083801, 0.2852111756801605, -1.1244450807571411, -0.37748274207115173, -2.313981056213379, 0.26630622148513794, 0.456402063369751, -1.1440393924713135, -0.3427231013774872, 2.031270742416382, -0.7652735710144043, 1.5529388189315796, -0.37730905413627625, -0.5090248584747314, -0.0920952782034874, 0.3841232359409332, 1.1828068494796753, 1.1677378416061401, -0.8023410439491272, 1.1784597635269165, 0.6167576313018799, -0.8849551677703857, -0.8868635892868042, 0.7427418828010559, 0.18603035807609558, 2.609955310821533, -1.5220541954040527, -1.5902953147888184, -0.6833727955818176, -0.03525581583380699, 0.13985805213451385, -2.1599907875061035, -0.6927826404571533, 1.7085520029067993, 1.6604582071304321, -0.06118711829185486, -0.8585137724876404, -1.6807693243026733, -0.312385231256485, 0.0783262699842453, 0.0340300127863884, 0.6179197430610657, 0.3181190490722656, 0.8556347489356995, -1.7833694219589233, -0.3139578700065613, 0.6384663581848145, -0.7914010882377625, -0.38842272758483887, 0.06176776438951492, 0.37091580033302307, -0.9335746765136719, 0.15267927944660187, -1.462568998336792, -0.46526825428009033, -0.11769291758537292, 0.22588393092155457, -1.9785511493682861, 1.2751600742340088, 0.13260440528392792, 0.5451737642288208, 1.0823613405227661, 0.9356253147125244, 0.5644974708557129, -0.35986411571502686, 2.05928635597229, 1.2379379272460938, -0.21021528542041779, -0.16876432299613953, 1.9524275064468384, -0.7698407173156738, -0.3134617507457733]",yunet,Facenet,1920,1080,/home/amos/media/tv/modern_family/Modern.Family.S09.1080p.DSNP.WEB-DL.DDP5.1.H.264-CRFW/Modern.Family.S09E17.Royal.Visit.1080p.DSNP.WEB-DL.DDP5.1.H.264-CRFW.mkv,Modern Family,2009,1442437,9,17,Ed O'Neill,18977.0,0.529
371,174,240,318,432,288,312,228,318,0.906,10536,0,"[-0.519141435623169, -0.08469726145267487, -0.24923744797706604, -0.013370439410209656, -1.9961178302764893, 0.9341739416122437, -0.018479879945516586, -1.7391510009765625, -1.4945461750030518, 3.385174036026001, -0.8495405316352844, 1.86219322681427, 0.5606242418289185, -0.3055049180984497, 0.2924681305885315, 0.8753220438957214, 0.07038721442222595, -1.4336302280426025, -0.2356257140636444, 0.1200839951634407, 1.2729779481887817, -0.9586908221244812, 0.3035416901111603, 0.2800382673740387, -0.3838975131511688, -0.1788281500339508, -0.6295902729034424, 0.25660383701324463, 2.7476062774658203, -0.9122518301010132, 0.5847593545913696, -1.3294484615325928, -0.28977343440055847, -0.27631351351737976, 1.041938304901123, -0.8618729114532471, -1.2132902145385742, -0.11985991150140762, 2.179582118988037, -1.069620966911316, -0.6465912461280823, 1.4719197750091553, -1.1258057355880737, 0.21549931168556213, -0.7833932042121887, -0.14061397314071655, -0.5580517649650574, 1.1526331901550293, -1.1031014919281006, -0.4858182966709137, -0.5232992172241211, 1.3799004554748535, -0.9320398569107056, 0.9359381198883057, -0.22210057079792023, 1.8180259466171265, 0.8836716413497925, 0.2038806676864624, -0.8076162338256836, -0.5230296850204468, -0.2661932706832886, -0.35413867235183716, -0.9478728175163269, -0.4500960409641266, 0.061336345970630646, 0.6924280524253845, 0.4854593276977539, 0.06788171827793121, -0.06411843001842499, -1.7903809547424316, -1.1348645687103271, 1.7849401235580444, 1.0335954427719116, 0.5437234044075012, 1.5748074054718018, 0.6473597288131714, -0.34086835384368896, -0.9446815848350525, 0.510184645652771, -0.7700742483139038, -0.8735867142677307, -0.7460978031158447, -0.9413083791732788, -0.6196809411048889, 0.10977494716644287, -1.353229284286499, -0.7828978300094604, 0.37431150674819946, 0.45157691836357117, 1.2099790573120117, -0.7917385101318359, 1.091150164604187, 1.6984226703643799, 1.7311522960662842, 1.4160957336425781, 1.2502710819244385, 0.3999151587486267, 0.6870878338813782, 0.4505586624145508, -2.2620766162872314, 1.180299162864685, 0.6516188383102417, -1.4056464433670044, 0.22815589606761932, 1.5357712507247925, -0.08768106997013092, 0.1984698623418808, -0.15608231723308563, 1.2029824256896973, -1.2878581285476685, 1.2606778144836426, 2.049166440963745, 0.2723647952079773, -1.3663101196289062, 0.21668732166290283, 1.9505960941314697, 0.16587668657302856, 1.7823143005371094, -0.294779509305954, 0.635382354259491, 0.0789259672164917, -0.5523152351379395, 0.8795328140258789, 0.4428347051143646, 0.5567641258239746, 0.37016788125038147, 0.5582411289215088, -1.1189181804656982]",yunet,Facenet,1920,1080,/home/amos/media/tv/modern_family/Modern.Family.S09.1080p.DSNP.WEB-DL.DDP5.1.H.264-CRFW/Modern.Family.S09E17.Royal.Visit.1080p.DSNP.WEB-DL.DDP5.1.H.264-CRFW.mkv,Modern Family,2009,1442437,9,17,Sofía Vergara,63522.0,0.551
372,276,264,450,492,402,342,324,348,0.904,10896,0,"[0.3239065110683441, 1.9628642797470093, 0.12512008845806122, -0.06383830308914185, 2.0220768451690674, 0.7587589025497437, 1.0446232557296753, -0.3455403447151184, 0.4650026857852936, 0.132223442196846, 0.37137341499328613, 1.235287070274353, 0.47220176458358765, -1.1077262163162231, 0.7590254545211792, 0.5940975546836853, -0.13499405980110168, -2.0761783123016357, -2.01186466217041, 0.2773331105709076, 0.24369901418685913, 0.31365033984184265, 0.774581253528595, 0.10089476406574249, -0.9072923064231873, -0.359894335269928, -0.6684794425964355, -0.09205269813537598, 3.346296787261963, -0.23454549908638, -0.12899371981620789, -2.6677563190460205, 0.8125481009483337, -1.2888081073760986, 1.285560131072998, 0.6172834038734436, -1.094119668006897, 0.17189259827136993, 0.8017226457595825, 0.27793264389038086, -0.20230896770954132, 0.5596582889556885, -0.5525717735290527, 0.5943897366523743, -1.6944990158081055, 0.9637628197669983, -1.0880639553070068, -0.9961827993392944, -1.5689008235931396, -0.42624688148498535, -1.2126038074493408, 0.9561033844947815, 0.28114455938339233, 0.960628867149353, -0.7528483867645264, 1.4881962537765503, 0.5725666880607605, -0.5623224973678589, -0.5352672338485718, 0.53653883934021, -1.3504507541656494, -0.8555178046226501, -0.10665899515151978, -0.7293448448181152, -0.5651907920837402, 0.863707423210144, -0.3623896539211273, 0.10960418730974197, 2.0971016883850098, -1.2333804368972778, -0.5806921124458313, 1.4600526094436646, -1.7855840921401978, 0.3527721166610718, 0.7935041785240173, 1.3594406843185425, -0.24071066081523895, -0.6425493359565735, 0.9711800217628479, -0.22841760516166687, 0.9698049426078796, 0.7278892993927002, 0.3419012129306793, -1.5684587955474854, 0.5311285257339478, -1.3582525253295898, 0.48483145236968994, 0.34089356660842896, -0.22940228879451752, 1.3795632123947144, -1.2886313199996948, 0.7036454677581787, 1.4009356498718262, -0.37901416420936584, -0.9140743017196655, 1.0748323202133179, -1.3905733823776245, -1.0994093418121338, -0.42849722504615784, -0.7068794965744019, -1.0948355197906494, -0.8915696740150452, -1.6949365139007568, 2.5007822513580322, 1.154184103012085, 0.11360980570316315, 0.6972724199295044, -1.8416335582733154, 0.5429877638816833, 0.22132159769535065, 1.9756959676742554, 1.2707208395004272, 0.20199814438819885, -0.2725481390953064, 0.5217762589454651, 0.6373969316482544, -0.6873708963394165, 1.0122311115264893, 2.424980640411377, -0.4893227517604828, 1.4055191278457642, -0.45146942138671875, 0.45029377937316895, -0.5982658267021179, -0.5496852397918701, 1.0646437406539917, 0.3263738751411438, 0.4302637577056885]",yunet,Facenet,1920,1080,/home/amos/media/tv/modern_family/Modern.Family.S09.1080p.DSNP.WEB-DL.DDP5.1.H.264-CRFW/Modern.Family.S09E17.Royal.Visit.1080p.DSNP.WEB-DL.DDP5.1.H.264-CRFW.mkv,Modern Family,2009,1442437,9,17,Sofía Vergara,63522.0,0.776
373,318,204,510,456,456,300,366,300,0.915,10920,0,"[0.1702450066804886, 0.6979656219482422, 0.36174413561820984, -0.8590349555015564, 1.6665576696395874, 0.40333855152130127, -0.13038204610347748, 0.15457403659820557, 0.49465909600257874, 1.2872706651687622, -0.4427036941051483, 1.5162266492843628, 0.35592567920684814, -0.6386882066726685, 0.5210087895393372, 1.7401841878890991, -0.3576602339744568, -1.0938180685043335, -0.6387103199958801, 0.11704544723033905, 0.7670847177505493, -0.20659196376800537, 0.4027939736843109, -0.36966100335121155, -0.3248581886291504, -0.22793659567832947, -0.4898736774921417, 0.10776135325431824, 2.3522706031799316, 0.05746118724346161, -0.3319567143917084, -1.7938501834869385, 1.3555964231491089, -0.9808922410011292, 1.2420510053634644, 0.47474396228790283, 0.22891825437545776, 1.1748063564300537, 0.42041754722595215, 0.6121212244033813, -0.1596623808145523, 0.7631044983863831, -0.03788799047470093, 0.9422227144241333, -2.357440710067749, 0.12285721302032471, -2.0507166385650635, 0.225866436958313, -0.42106884717941284, -0.2852948009967804, -1.2044588327407837, 0.7512494325637817, 0.63334059715271, 1.5270779132843018, 0.09569814801216125, 0.7075837254524231, 0.3290880024433136, -0.08922626078128815, 0.07501494884490967, 1.1310070753097534, -1.7151232957839966, 0.15596558153629303, -1.9772459268569946, 0.13655202090740204, 0.29146909713745117, 0.6585761904716492, -0.1927386224269867, -0.03654492646455765, 1.8958704471588135, -0.18971353769302368, -0.23856092989444733, 1.2601559162139893, -1.5809177160263062, 1.1196423768997192, 0.48360463976860046, 0.6038787961006165, -0.13878901302814484, -1.0731844902038574, 0.782787024974823, -0.4234086871147156, 0.49932339787483215, -0.40310096740722656, 1.152901291847229, -1.1012388467788696, 0.42138227820396423, -1.624312162399292, 0.18706630170345306, 0.31043583154678345, -0.45243504643440247, 1.533013939857483, -1.748504877090454, 0.477433979511261, 0.20080693066120148, -1.2305755615234375, -0.9077350497245789, 1.011723518371582, -1.3894634246826172, -1.2821444272994995, -0.154004767537117, -0.6892349123954773, -0.5721254944801331, -0.9019345045089722, -3.032215118408203, 1.2169630527496338, 0.39321979880332947, 0.2778576612472534, 0.9689974188804626, -2.71747088432312, 1.2325024604797363, 0.3852896988391876, 1.9040831327438354, 0.33794599771499634, -0.34631216526031494, -0.23809519410133362, 0.7312490344047546, 0.04547463357448578, 0.26999741792678833, 0.6568006277084351, 2.0648763179779053, -0.6476337909698486, 2.678618907928467, -1.4833840131759644, -0.23813755810260773, -0.4650574326515198, -0.4228796362876892, 0.8067198991775513, 1.6798145771026611, 0.8418903946876526]",yunet,Facenet,1920,1080,/home/amos/media/tv/modern_family/Modern.Family.S09.1080p.DSNP.WEB-DL.DDP5.1.H.264-CRFW/Modern.Family.S09E17.Royal.Visit.1080p.DSNP.WEB-DL.DDP5.1.H.264-CRFW.mkv,Modern Family,2009,1442437,9,17,Sofía Vergara,63522.0,0.725
374,324,198,540,468,474,300,372,300,0.915,10944,0,"[0.19103887677192688, 1.165610909461975, -0.055909622460603714, -0.5556955337524414, 1.4904175996780396, 0.8450304269790649, 0.1881340891122818, -0.42030611634254456, 0.9456900954246521, 1.795088529586792, -0.6201037168502808, 2.018754243850708, 0.45035403966903687, -0.5427486896514893, 0.43647047877311707, 1.7564700841903687, -0.6719056367874146, -1.7864394187927246, -0.8389458656311035, 1.0896961688995361, 0.9463527202606201, -0.08298633247613907, 0.6113376021385193, 0.036487217992544174, -0.9350950717926025, -0.30150848627090454, -0.5898565053939819, -0.4614974856376648, 2.340799331665039, 0.25291791558265686, -0.016961604356765747, -1.8085933923721313, 1.0723819732666016, -0.973609447479248, 0.8571385145187378, 0.45516204833984375, -0.5691430568695068, 0.7483106851577759, 1.166949987411499, 0.40638768672943115, 0.11220712214708328, 0.9544551968574524, -0.6095595359802246, 0.9076406359672546, -1.9933875799179077, 0.6255375146865845, -2.2855632305145264, 0.18747097253799438, -1.2078685760498047, -0.25036561489105225, -1.062100887298584, 0.89967280626297, 0.2697822153568268, 1.392085313796997, -0.2589931786060333, 0.3157564103603363, 0.32754966616630554, -0.388700932264328, -0.06672903150320053, 0.7557075619697571, -1.2412314414978027, 0.26097965240478516, -1.7328675985336304, -0.5891587734222412, 0.48321422934532166, 0.03963158279657364, 0.2550020217895508, 0.053041230887174606, 1.820543646812439, -0.8790261745452881, -0.8873996138572693, 1.8889687061309814, -1.535955786705017, 1.3320157527923584, 0.13836726546287537, 0.5654526948928833, -0.34341657161712646, -1.6102056503295898, 1.0249041318893433, -0.955806314945221, 0.8381913900375366, -0.4863891899585724, 0.7867019772529602, -1.0147480964660645, -0.3410591781139374, -2.230630874633789, 0.13290902972221375, 0.5235530734062195, -0.6255574226379395, 1.1277354955673218, -1.6385139226913452, 0.4901526868343353, 0.8135454654693604, -0.3806091547012329, -0.6921230554580688, 0.7906135320663452, -0.6582735180854797, -0.5677801370620728, -0.3988000750541687, -0.8093445897102356, -0.40405088663101196, -1.2167106866836548, -3.8181233406066895, 1.3596508502960205, 0.17537829279899597, -0.033906351774930954, 0.7537597417831421, -2.673567056655884, 0.9822826385498047, 0.39087748527526855, 2.0384929180145264, 0.7347646355628967, 0.4812835156917572, -0.7498145699501038, 0.6491734981536865, 0.6545741558074951, -0.3063598573207855, 0.6553626656532288, 1.9961494207382202, -0.12724465131759644, 1.865113615989685, -1.00664484500885, -0.006191432476043701, -0.5231857895851135, -0.0061035603284835815, 0.5379962921142578, 1.490612268447876, 0.5048626661300659]",yunet,Facenet,1920,1080,/home/amos/media/tv/modern_family/Modern.Family.S09.1080p.DSNP.WEB-DL.DDP5.1.H.264-CRFW/Modern.Family.S09E17.Royal.Visit.1080p.DSNP.WEB-DL.DDP5.1.H.264-CRFW.mkv,Modern Family,2009,1442437,9,17,Sofía Vergara,63522.0,0.772
375,450,246,660,516,600,348,498,348,0.92,10968,0,"[0.14604681730270386, 1.8782706260681152, -0.6866475939750671, -0.6754810214042664, 1.8364300727844238, 0.5341991186141968, -0.05558602884411812, 0.5157042741775513, 0.9371659755706787, 1.3361358642578125, 0.3165997564792633, 2.3955910205841064, 0.2654891610145569, -1.5090903043746948, 0.7871326208114624, 1.5309500694274902, 0.15856975317001343, -1.354187250137329, -0.913332462310791, 0.4594927430152893, 0.5887330770492554, 0.6747360825538635, -0.25402024388313293, 0.18759101629257202, -0.9053812026977539, -0.3324045240879059, -0.9212579727172852, -0.3301830291748047, 3.2184314727783203, 0.5508559942245483, 0.6180150508880615, -2.518660068511963, 1.1657432317733765, -0.9131610989570618, 1.554323434829712, -0.2512405514717102, -1.1310813426971436, 1.6501739025115967, 0.23612603545188904, 0.5795489549636841, -0.43671590089797974, 1.244114637374878, -0.034592851996421814, 1.229661226272583, -2.177332878112793, 0.5509319305419922, -1.0774309635162354, -0.5996628999710083, -1.0747742652893066, 0.4564612805843353, -1.3582077026367188, 1.6785950660705566, 0.6734371185302734, 1.3453459739685059, 0.3743015229701996, -0.08728314936161041, -0.6184799075126648, -0.5586238503456116, -0.8522302508354187, 0.35331377387046814, -0.4952527582645416, -0.275190532207489, -0.586734414100647, -1.0367826223373413, -0.014373358339071274, 0.5871018171310425, -1.3538247346878052, 0.7353289723396301, 1.3980863094329834, -1.2528936862945557, 0.0006690896116197109, 0.6110953092575073, -1.939600944519043, 0.3724449872970581, 0.8411172032356262, 0.9270042777061462, 0.07363590598106384, -0.6265003681182861, 1.2637189626693726, -0.28362178802490234, 0.707862913608551, -0.1320246160030365, 0.3591129183769226, -1.1266714334487915, -0.10402383655309677, -0.6153223514556885, -0.43804991245269775, 0.5361348986625671, -0.2012503296136856, 0.6412017345428467, -1.8995789289474487, 0.4338424503803253, 1.5437140464782715, -0.18811538815498352, 0.3830969035625458, 0.35451439023017883, -1.3566068410873413, -0.27291980385780334, -0.3403193950653076, -0.8184953927993774, -0.036718156188726425, -0.1112411692738533, -2.3760313987731934, 2.2786035537719727, 0.2962545156478882, 0.4536949396133423, 0.5564446449279785, -1.7054415941238403, -0.11455324292182922, 0.42297372221946716, 1.9009926319122314, 0.7959701418876648, 0.02975519374012947, -0.5174720287322998, -0.4012233316898346, 0.13601048290729523, -1.36519193649292, -0.0840003490447998, 2.1727867126464844, -0.6993073225021362, 1.038352608680725, -0.1181541383266449, -0.30484539270401, -1.1121585369110107, -0.38907307386398315, 1.1658403873443604, 0.4366941750049591, 0.642889142036438]",yunet,Facenet,1920,1080,/home/amos/media/tv/modern_family/Modern.Family.S09.1080p.DSNP.WEB-DL.DDP5.1.H.264-CRFW/Modern.Family.S09E17.Royal.Visit.1080p.DSNP.WEB-DL.DDP5.1.H.264-CRFW.mkv,Modern Family,2009,1442437,9,17,Sofía Vergara,63522.0,0.737
376,432,240,654,516,594,342,492,342,0.933,10992,0,"[-0.5559889078140259, 1.2292044162750244, 0.11141463369131088, -0.5518921613693237, 1.5199122428894043, 0.1857508420944214, 0.29041141271591187, -0.17362581193447113, 0.26497772336006165, 1.082951307296753, 1.0565739870071411, 2.5324292182922363, 0.8083249926567078, -2.017183303833008, 0.9856928586959839, 1.2875444889068604, 0.8918607234954834, -1.7287652492523193, -1.65797758102417, 0.33984464406967163, 0.2755122184753418, 0.6698606014251709, -0.5799089670181274, 0.1621241569519043, -0.44095200300216675, -0.6511712074279785, -0.4843093752861023, 0.06409937143325806, 2.6458892822265625, 0.10097778588533401, 1.0278981924057007, -3.0254788398742676, 0.7871437072753906, -0.4317707419395447, 1.505995512008667, -0.368221253156662, -0.5882321000099182, 1.6795921325683594, 0.3873029053211212, 0.22373074293136597, -0.709752082824707, 1.2557815313339233, -0.2953612208366394, 1.230574131011963, -2.26440167427063, 0.09880146384239197, -0.5930755734443665, -0.6325818300247192, -0.9578725695610046, 0.06817503273487091, -1.590124487876892, 1.5372471809387207, 0.6862397193908691, 0.8408987522125244, 0.47480008006095886, 0.12436053156852722, 0.5771825313568115, -0.07687889039516449, -1.1877251863479614, -0.45623254776000977, -0.47790777683258057, -0.5901569128036499, -0.2099049687385559, -0.5848057866096497, 0.003139471635222435, 0.9863365292549133, -1.109043002128601, 0.42784467339515686, 0.4454263746738434, -0.945791482925415, 0.23572123050689697, 0.5604102611541748, -2.4055283069610596, 0.2238367348909378, 0.5026248693466187, 1.0008797645568848, -0.25628143548965454, -0.3501018285751343, 0.9127092957496643, 0.2948170304298401, 0.32739418745040894, -0.2393929362297058, 0.03314097970724106, -0.25841501355171204, 0.2808590531349182, -0.04578901827335358, 0.03483492136001587, 0.5905258655548096, -1.058016300201416, 0.4964520037174225, -1.5870128870010376, -0.42818692326545715, 1.916820764541626, 0.0003730114549398422, 0.9569602012634277, 0.2829042673110962, -0.8779283165931702, 0.08578407019376755, 0.3612314760684967, -1.1115621328353882, 0.11125709116458893, -0.26656681299209595, -1.996588110923767, 2.4686734676361084, 0.422873318195343, 1.4423755407333374, -0.21780556440353394, -2.060457706451416, 0.03320212662220001, 0.11676664650440216, 1.3209205865859985, 0.9062507152557373, 0.9824727773666382, -0.6009758114814758, -0.3678912818431854, 0.26955798268318176, -1.8601915836334229, -0.1257069855928421, 1.9474986791610718, -0.39561009407043457, 0.9108534455299377, -0.328906774520874, -0.27134543657302856, -1.318758249282837, -0.2247457057237625, 1.406950831413269, 0.4280666410923004, 0.3871772885322571]",yunet,Facenet,1920,1080,/home/amos/media/tv/modern_family/Modern.Family.S09.1080p.DSNP.WEB-DL.DDP5.1.H.264-CRFW/Modern.Family.S09E17.Royal.Visit.1080p.DSNP.WEB-DL.DDP5.1.H.264-CRFW.mkv,Modern Family,2009,1442437,9,17,Sofía Vergara,63522.0,0.659
377,918,240,1098,480,1056,330,966,330,0.914,11016,0,"[0.46662601828575134, 2.053126811981201, -0.3597832918167114, -0.7897064089775085, 0.7377793788909912, 0.5134885311126709, 0.6906850934028625, 2.168936014175415, -0.1498267650604248, -0.5185225605964661, 2.051971673965454, -0.5811738967895508, -1.6570428609848022, 0.8705809116363525, -0.6810480356216431, 0.23101572692394257, 1.0335198640823364, -0.42169392108917236, -1.2031060457229614, 0.2914125323295593, -1.092694878578186, 1.303678035736084, -0.07918097078800201, -0.24729302525520325, 1.4373136758804321, 1.4054882526397705, -0.4621025621891022, -0.8830629587173462, -0.3765057325363159, -3.1547610759735107, 0.8718069791793823, 0.9049280881881714, -0.744369387626648, -0.4928022623062134, -0.10362875461578369, 0.07869507372379303, 0.5183290839195251, 0.9868640899658203, 1.4929702281951904, 1.0141137838363647, -2.120972156524658, 0.2992789149284363, 0.8390624523162842, -1.2072703838348389, 0.7138150334358215, -0.7955895662307739, -0.7243942618370056, 0.09974265843629837, 1.0091018676757812, 0.056461092084646225, 0.6796435713768005, -0.2068120837211609, 0.1269087791442871, 0.3632006049156189, -1.187950849533081, -1.5090689659118652, 1.2701605558395386, 0.091433584690094, -0.45084720849990845, -0.7968435287475586, -0.020282777026295662, -1.1144392490386963, -0.21725356578826904, 0.30559107661247253, 0.5730664730072021, -1.433762550354004, 0.4162636995315552, -0.9349737763404846, -0.2520314157009125, -0.22211953997612, -1.1461799144744873, 0.6602520942687988, -1.3491679430007935, 1.2446397542953491, 0.6524130702018738, -0.8780120015144348, 0.8206652402877808, 1.8607165813446045, 0.05927770584821701, 1.1958168745040894, -0.2933143079280853, 0.7841730117797852, -1.192557692527771, -1.579433560371399, -1.8076139688491821, 2.421902894973755, 0.32701191306114197, -2.310868740081787, -0.9348291158676147, 0.9396148324012756, 0.3995297849178314, -0.34897059202194214, -0.603161633014679, -1.7646418809890747, 0.3727297782897949, 0.23494939506053925, -1.1839900016784668, 0.16368237137794495, 0.5761356353759766, -0.6103878021240234, -2.015209436416626, -1.224696159362793, -0.20022720098495483, -0.04501620680093765, 0.20926010608673096, 0.05952255427837372, -1.1187628507614136, 0.33108851313591003, -0.267000675201416, 0.5269014835357666, -0.2879728674888611, -0.1519310027360916, 1.361950159072876, 0.7369834780693054, 0.593792736530304, 1.1487078666687012, -0.7804012298583984, -1.2114064693450928, 0.06922003626823425, 0.4954979121685028, -1.9989902973175049, -1.3792808055877686, -1.3324202299118042, 1.2199212312698364, -0.7307267785072327, -0.13303020596504211, -0.9746784567832947, -1.0763977766036987]",yunet,Facenet,1920,1080,/home/amos/media/tv/modern_family/Modern.Family.S09.1080p.DSNP.WEB-DL.DDP5.1.H.264-CRFW/Modern.Family.S09E17.Royal.Visit.1080p.DSNP.WEB-DL.DDP5.1.H.264-CRFW.mkv,Modern Family,2009,1442437,9,17,Lauren Shaw,1550831.0,0.689
378,936,234,1134,504,1086,336,984,342,0.932,11040,0,"[0.5692906379699707, 2.0218138694763184, 0.15184323489665985, -1.0342758893966675, 0.5904126167297363, 0.5805867910385132, 0.6827226281166077, 2.343264102935791, 0.1094907745718956, -0.6589449644088745, 1.6702215671539307, -0.760819673538208, -1.118207335472107, 0.46960142254829407, -0.6957974433898926, 0.7287449836730957, 0.6268571615219116, -0.0909043699502945, -0.8624427318572998, 1.3638858795166016, -0.4358659088611603, 1.8602467775344849, 0.1443004608154297, -0.3168519139289856, 0.8426471948623657, 2.022672653198242, -0.2891058921813965, -1.01566743850708, -0.381908118724823, -2.432342529296875, 0.3501105010509491, 1.0045267343521118, -0.833964467048645, -0.5096052885055542, -0.3736543357372284, -0.09042557328939438, 1.0995032787322998, 0.9532177448272705, 1.5527191162109375, 0.7671420574188232, -2.287660598754883, 0.05673254281282425, 0.6776828765869141, -1.3691953420639038, -0.03753044456243515, 0.07968345284461975, -0.7207721471786499, -0.6242207288742065, 0.2953832745552063, 0.6751115322113037, 0.5965685844421387, -0.3897244334220886, 0.18134385347366333, 0.4998183250427246, -0.906359076499939, -2.252145528793335, 0.5132114887237549, 0.2732609510421753, -0.6543934345245361, -0.46382400393486023, -0.045835383236408234, -0.97346431016922, -0.13174593448638916, 0.3295738101005554, 0.19394713640213013, -1.5990891456604004, 0.45221149921417236, -1.1216354370117188, 0.3142225742340088, 0.0444190539419651, -0.43601852655410767, 0.5620894432067871, -1.3706313371658325, 1.5428409576416016, 0.9583560228347778, -0.1794039011001587, 0.20448517799377441, 1.6560349464416504, 0.4437207579612732, 1.3227195739746094, -0.34199559688568115, 0.3813345432281494, -0.951147198677063, -1.2443573474884033, -0.9851794242858887, 2.453662395477295, 0.3023061156272888, -2.01279354095459, -1.0148628950119019, 0.2847867012023926, 0.32172054052352905, -0.5439314842224121, -0.6495417356491089, -1.4904210567474365, -0.06046958267688751, 0.29611021280288696, -1.4311068058013916, 0.26950803399086, 0.5635119676589966, -1.6131891012191772, -1.5373966693878174, -0.8742703199386597, -0.1462590992450714, -0.3809565007686615, -0.669522762298584, -0.18776029348373413, -1.1247248649597168, 0.149061918258667, -0.4705662429332733, 0.9280364513397217, 0.043806008994579315, -0.5664446949958801, 1.2379158735275269, 0.5734890103340149, 0.5714961290359497, 1.241660714149475, -1.0030601024627686, -1.4334148168563843, -0.43590208888053894, 0.4648556411266327, -1.4473860263824463, -1.1364279985427856, -1.53104567527771, 0.6451049447059631, -1.4781739711761475, -0.10699595510959625, -0.9828676581382751, -0.8060129284858704]",yunet,Facenet,1920,1080,/home/amos/media/tv/modern_family/Modern.Family.S09.1080p.DSNP.WEB-DL.DDP5.1.H.264-CRFW/Modern.Family.S09E17.Royal.Visit.1080p.DSNP.WEB-DL.DDP5.1.H.264-CRFW.mkv,Modern Family,2009,1442437,9,17,Lauren Shaw,1550831.0,0.768
379,456,216,642,456,606,300,522,300,0.904,11136,0,"[-0.4598117172718048, -0.3277352452278137, 0.17464441061019897, -1.357507586479187, -0.1017042025923729, 1.3710410594940186, -0.9137693643569946, -0.7100439071655273, 0.2894023060798645, 2.6132431030273438, -1.6716281175613403, 2.398953437805176, 0.484782338142395, -1.2464871406555176, -0.8469994068145752, 2.2802159786224365, -0.9578098058700562, -0.41516178846359253, 0.6125537157058716, -0.6568924188613892, 2.56986141204834, 0.6627404093742371, 0.023376964032649994, -1.4839632511138916, -0.8938676714897156, -0.708231508731842, -1.0688681602478027, 0.5854392051696777, 1.6439216136932373, 0.15677906572818756, -0.5922642946243286, -1.264408826828003, 1.1132946014404297, -0.3399289846420288, 1.927463412284851, -0.43579959869384766, -1.0670886039733887, 0.5495851635932922, 0.7413963079452515, -0.35097476840019226, -0.38998809456825256, 0.3561786413192749, -0.5433528423309326, -0.483913391828537, -1.462878942489624, 0.4523271322250366, -1.4587626457214355, 0.8007586002349854, -0.8538204431533813, -0.4044927656650543, -1.387054204940796, 0.8354518413543701, -0.2635127007961273, 0.7353689670562744, 0.5693479776382446, 0.0938783660531044, -1.1084115505218506, -0.7976453900337219, -0.22839626669883728, -0.9957135915756226, -0.8375657796859741, -0.20008008182048798, -2.1637420654296875, -0.548062264919281, 0.06819768249988556, 1.1270166635513306, 0.7198638916015625, 0.15334230661392212, 1.3195617198944092, -1.4925990104675293, 0.4212697446346283, 0.41551443934440613, -0.1339017152786255, 1.0064160823822021, 1.5962318181991577, 0.8578127026557922, 0.5162080526351929, -0.2296370416879654, 1.4504058361053467, -0.41969114542007446, -0.10830309987068176, -1.0101730823516846, -0.04703081399202347, -0.16227610409259796, 0.7731658816337585, -1.5645813941955566, -0.16398459672927856, 0.5586276650428772, -0.13745176792144775, 2.8244035243988037, -1.3428053855895996, 0.8765203952789307, 1.4206998348236084, 0.7629951238632202, 0.3217976689338684, 1.1017988920211792, -0.23540887236595154, 1.2142170667648315, 0.3124046325683594, -0.6430392861366272, 0.7202866077423096, -1.0013573169708252, -1.8065063953399658, 0.8942465782165527, -0.3283202052116394, 0.839692234992981, 0.6176126599311829, -0.22278758883476257, -0.11986269056797028, 0.005585296079516411, 2.6675565242767334, 0.8082079291343689, -1.082211971282959, -0.3277660310268402, 1.2052687406539917, 1.0784120559692383, 0.7520197629928589, 1.2605668306350708, 0.21682444214820862, -1.0437209606170654, 1.5467135906219482, -0.49358049035072327, -0.8423899412155151, 1.1549310684204102, 0.49067628383636475, 0.377165287733078, 0.12688522040843964, 0.2745628356933594]",yunet,Facenet,1920,1080,/home/amos/media/tv/modern_family/Modern.Family.S09.1080p.DSNP.WEB-DL.DDP5.1.H.264-CRFW/Modern.Family.S09E17.Royal.Visit.1080p.DSNP.WEB-DL.DDP5.1.H.264-CRFW.mkv,Modern Family,2009,1442437,9,17,Sofía Vergara,63522.0,0.74
380,468,234,654,474,624,336,540,336,0.906,11160,0,"[-0.7063485383987427, 0.9953275918960571, -0.9426422715187073, 0.11240818351507187, 1.2827553749084473, 0.0736812949180603, 0.08292032778263092, -1.8773579597473145, -0.7476924061775208, 1.9016371965408325, 0.7315238118171692, 2.8260602951049805, 1.3047974109649658, -1.8428668975830078, 0.3327596187591553, 0.9470205307006836, -0.11211955547332764, -1.7352172136306763, -1.8462979793548584, 1.5159248113632202, 1.3704209327697754, 0.2035859376192093, -0.311422735452652, -0.06533641368150711, -1.835135579109192, -0.5372263789176941, 0.15532530844211578, -0.5983038544654846, 3.0886030197143555, 0.21132920682430267, 0.9581155776977539, -1.5917704105377197, 0.9192080497741699, -0.8275502324104309, 0.1694822460412979, 0.30120471119880676, -1.1991205215454102, 0.16724631190299988, 0.6746492981910706, -0.7772873640060425, 0.6386823654174805, 1.4942522048950195, 0.1931074857711792, 0.7953978776931763, -2.6241233348846436, 0.018166430294513702, -0.19507518410682678, -1.368338942527771, -1.649740219116211, -0.24814531207084656, -0.9110539555549622, 0.06450305134057999, 0.5128735899925232, 1.1391479969024658, -0.0013017021119594574, 0.16069075465202332, -0.9849421977996826, -0.7657806277275085, -0.6013925671577454, -0.17507585883140564, -0.7541021108627319, -1.1719958782196045, -0.8449217677116394, -1.2226241827011108, -0.03278135880827904, 0.5104365944862366, -0.12306567281484604, -0.02046404406428337, 1.2570258378982544, -0.6832613945007324, -0.44149377942085266, 1.7711710929870605, -1.3276005983352661, 1.2272063493728638, 1.2425668239593506, 1.3709163665771484, 0.8638893365859985, -0.6584013104438782, 1.5732684135437012, -0.6358529925346375, -0.019374556839466095, 0.6216373443603516, -0.18513572216033936, -0.11171913146972656, 0.016124218702316284, 0.3884528577327728, 0.03412558510899544, 0.5253549814224243, -0.441448450088501, 1.2142996788024902, -1.4609817266464233, 0.6893296837806702, 1.8998618125915527, 0.847195029258728, 1.0382357835769653, -0.0354810431599617, -0.17451509833335876, 0.07990921288728714, 0.6848086714744568, -1.7932395935058594, -0.23573336005210876, -1.1180267333984375, -1.4873988628387451, 2.2739391326904297, 1.3658595085144043, -0.10503644496202469, 1.1160738468170166, -0.7148724794387817, -0.16930647194385529, -0.16351844370365143, 2.605792760848999, 1.3755356073379517, 0.31860238313674927, 0.13339081406593323, -0.014883408322930336, 0.8953146934509277, -1.5775724649429321, 0.9690325260162354, 1.1990175247192383, 0.3498113453388214, 0.6259776949882507, -0.5510804653167725, 0.11562156677246094, -0.3286993205547333, -0.7605984807014465, 1.1773773431777954, 0.19180570542812347, 0.6295204758644104]",yunet,Facenet,1920,1080,/home/amos/media/tv/modern_family/Modern.Family.S09.1080p.DSNP.WEB-DL.DDP5.1.H.264-CRFW/Modern.Family.S09E17.Royal.Visit.1080p.DSNP.WEB-DL.DDP5.1.H.264-CRFW.mkv,Modern Family,2009,1442437,9,17,Sofía Vergara,63522.0,0.634
381,450,234,624,456,594,318,504,324,0.915,11208,0,"[-0.6746277809143066, 0.6171232461929321, -0.009083347395062447, -1.0370348691940308, 1.1403353214263916, 1.0021060705184937, -0.06604690849781036, 0.40360793471336365, 0.7785608172416687, 1.1985180377960205, -0.49702250957489014, 2.317544460296631, -0.2684862017631531, -1.0641695261001587, -0.6789098978042603, 1.6668368577957153, -0.22160324454307556, -1.3884073495864868, -0.9230731725692749, -0.6441254615783691, 1.1210964918136597, 0.813583493232727, 0.18532544374465942, -0.8531028032302856, -0.5946957468986511, -0.1272011697292328, -1.024767518043518, -0.13053491711616516, 2.460557460784912, -0.4947383403778076, 0.3896932899951935, -2.5771493911743164, 1.9246010780334473, -0.7122834920883179, 1.5476419925689697, 0.8407692909240723, -1.9674080610275269, 0.9672894477844238, -0.08290684223175049, -0.16417759656906128, -0.43089234828948975, 1.2852014303207397, -0.3469325602054596, 0.12908771634101868, -1.2794610261917114, 0.5794186592102051, -1.4821017980575562, 0.031026391312479973, -1.9358677864074707, -0.46332523226737976, -1.2765896320343018, 1.3626154661178589, 0.2494470775127411, 0.5058647990226746, -0.13792212307453156, 0.7903518676757812, 0.1191699206829071, -0.9789265394210815, -0.6506267786026001, -0.9646961688995361, -0.4996669590473175, -0.3288264274597168, -1.126827597618103, -0.054000724107027054, 0.13020570576190948, 0.8735523223876953, -0.00656457245349884, 0.4273155629634857, 1.6138927936553955, -0.9338221549987793, 0.2811250686645508, 0.7317796945571899, -1.8612017631530762, 0.002803109586238861, 1.6691560745239258, 0.6432382464408875, 0.16393592953681946, -0.142474964261055, 1.2162452936172485, -0.1787249743938446, 0.6000258922576904, 0.05446187034249306, 0.0854678824543953, -1.0696455240249634, 0.22650548815727234, -1.008644461631775, 0.34082189202308655, 0.7383471727371216, -0.3775063455104828, 2.448517084121704, -1.7235041856765747, 0.12393137067556381, 1.9975013732910156, 0.5557662844657898, 0.0037042908370494843, 0.5842135548591614, -0.7800933718681335, 0.5828052759170532, 0.12885227799415588, 0.3980589210987091, -0.15352880954742432, -1.2371569871902466, -1.7336496114730835, 2.6067898273468018, 0.6477845311164856, 0.755154013633728, -0.060752011835575104, -0.6741253137588501, -0.5075454711914062, 0.6292340159416199, 2.0789403915405273, 1.4248337745666504, -0.12151060998439789, 0.7009543776512146, 0.5384151339530945, 0.6334600448608398, -0.663144588470459, 0.4529014229774475, 1.836124300956726, -1.9177613258361816, 1.7549469470977783, -0.34554484486579895, -1.167413592338562, 0.551209032535553, 0.7241650223731995, -0.18671491742134094, -0.05353391915559769, 0.7321878671646118]",yunet,Facenet,1920,1080,/home/amos/media/tv/modern_family/Modern.Family.S09.1080p.DSNP.WEB-DL.DDP5.1.H.264-CRFW/Modern.Family.S09E17.Royal.Visit.1080p.DSNP.WEB-DL.DDP5.1.H.264-CRFW.mkv,Modern Family,2009,1442437,9,17,Sofía Vergara,63522.0,0.799
382,1152,162,1362,432,1326,270,1242,270,0.914,11208,1,"[-0.36642345786094666, -1.7818278074264526, 0.4596313238143921, 0.6256894469261169, 1.0637764930725098, -1.0080037117004395, 1.0365897417068481, 0.9436364769935608, -0.6362015604972839, 0.15468978881835938, -1.1076539754867554, -0.6984454989433289, -1.1322762966156006, 0.37031933665275574, -0.005687989294528961, -0.325203001499176, 1.2891618013381958, -0.23598675429821014, -0.0026294440031051636, -1.0544418096542358, -0.1314302533864975, -1.8173946142196655, 0.6253633499145508, -0.7812033891677856, 0.5479511022567749, -0.9693241715431213, 2.0094828605651855, 2.8849596977233887, 0.04310163855552673, -0.423482745885849, -2.2651984691619873, 2.7791244983673096, -1.7666480541229248, 0.48835289478302, -1.1950126886367798, -0.5248419046401978, -1.4261223077774048, -0.33625972270965576, -0.25758054852485657, -0.9222649335861206, -0.08589477092027664, -1.3967556953430176, -1.075157880783081, 0.2638735771179199, 1.4916237592697144, -1.5684642791748047, -0.5401313304901123, -1.1193299293518066, 0.263590931892395, 0.1741596907377243, -1.3768366575241089, 0.9606064558029175, -0.9279218912124634, 0.3534850478172302, 0.31974485516548157, 0.38039568066596985, -0.5033457279205322, 0.24698999524116516, -1.0957489013671875, 0.8903836011886597, -2.2775964736938477, -0.4445562958717346, 0.5533149242401123, 0.04598977416753769, -0.702765166759491, 1.5462864637374878, 0.3186374008655548, 1.5320016145706177, 0.03764437139034271, 0.1453867256641388, -1.4680098295211792, 0.5623068809509277, 1.0760048627853394, 1.0810277462005615, 0.6993831992149353, 0.623822808265686, -1.37482488155365, -0.8378531336784363, -0.35596543550491333, 0.7448334097862244, -0.4137239158153534, 2.6107897758483887, 0.2760637700557709, -2.579552173614502, -0.2638495862483978, 0.5803049802780151, -0.005785152316093445, -1.129213809967041, -0.30274033546447754, 1.5496972799301147, 0.7306944727897644, 0.38376423716545105, -1.3467845916748047, -0.7344149947166443, 0.19080664217472076, -0.675402045249939, -2.1050479412078857, -0.021175624802708626, 0.39885854721069336, 1.4956421852111816, -1.2140319347381592, 0.8248955607414246, -0.5188269019126892, -1.3235466480255127, 0.8147388696670532, -0.5336430668830872, 0.6531556844711304, -0.31970417499542236, -0.19114536046981812, -0.3254352807998657, -0.9816652536392212, 0.9992151260375977, -0.31658223271369934, -1.1039416790008545, 0.5204885005950928, 0.48147347569465637, 1.0440142154693604, 0.8298399448394775, -0.6814733743667603, -0.4996156096458435, 1.372673511505127, 1.581959843635559, 1.138805627822876, -0.3563336730003357, -0.695628821849823, 0.9170023798942566, 0.28864043951034546, 0.5108667612075806]",yunet,Facenet,1920,1080,/home/amos/media/tv/modern_family/Modern.Family.S09.1080p.DSNP.WEB-DL.DDP5.1.H.264-CRFW/Modern.Family.S09E17.Royal.Visit.1080p.DSNP.WEB-DL.DDP5.1.H.264-CRFW.mkv,Modern Family,2009,1442437,9,17,Ed O'Neill,18977.0,0.604
383,960,168,1140,396,1116,258,1032,258,0.923,11256,0,"[-0.9154459238052368, -0.09399926662445068, -0.6702633500099182, 0.533439576625824, 1.2380996942520142, -0.026439109817147255, -0.12232705950737, 0.5507715344429016, 0.1850997805595398, 0.10820607841014862, -1.2738624811172485, 0.16112634539604187, -0.6100619435310364, -2.167729377746582, 0.5145134329795837, -2.1833767890930176, -0.07555912435054779, -0.1314532607793808, -0.6305671334266663, -1.4421899318695068, -0.047462400048971176, -0.13595804572105408, -0.7644890546798706, -0.7167299389839172, 0.3742201626300812, -0.3034383952617645, 0.9530453681945801, 1.158071756362915, -0.7268950343132019, 1.6454521417617798, 0.4316749572753906, -0.13425084948539734, -0.870201587677002, -2.450676679611206, 1.4974327087402344, -1.7633947134017944, 0.15363264083862305, -1.7452119588851929, 2.100069522857666, 0.3080742657184601, -0.9410659074783325, -0.5331555008888245, -1.734858751296997, -0.4410589635372162, 1.7833714485168457, 0.47778159379959106, 0.3726469874382019, -0.7198023796081543, -0.4644191861152649, 1.2609025239944458, -2.386939525604248, 1.1106082201004028, 2.1437292098999023, -0.10708759725093842, -0.5022526383399963, 0.19897252321243286, 1.4902831315994263, -2.3551957607269287, -0.14697164297103882, -0.07412340492010117, 0.5031225681304932, -2.145214796066284, 1.4427801370620728, -2.125955104827881, -0.6140264868736267, 0.1165713518857956, 0.06111966818571091, 0.032978419214487076, -1.780131220817566, -1.7543128728866577, -0.32295456528663635, 0.7356147766113281, -0.6892964243888855, -1.5572013854980469, 1.0784225463867188, -0.5520617365837097, 0.5875554084777832, 1.8191319704055786, 0.3834623694419861, 1.2302277088165283, -0.929258406162262, 0.2847823202610016, -0.4941783547401428, -0.985912024974823, 0.8804575204849243, 0.4919419586658478, -1.3584277629852295, -0.6585598587989807, 0.023722194135189056, 1.6372562646865845, -0.2472635805606842, 0.2571793794631958, -2.7402608394622803, 0.4427373707294464, 0.030958648771047592, 0.17990277707576752, -0.9397491216659546, -0.2838510274887085, -0.15055152773857117, -0.552407443523407, 1.6179885864257812, 0.8781846165657043, 2.155900001525879, -1.3554847240447998, 0.029858030378818512, 0.8773877620697021, -1.6616182327270508, 0.30095723271369934, 0.6371751427650452, 0.07296519726514816, -0.04568231478333473, -0.3947639465332031, -0.3717653155326843, -0.56294846534729, 0.8734620213508606, 0.5987297296524048, -1.0681986808776855, 0.9092965126037598, 0.20906388759613037, 1.0241948366165161, 0.5304600596427917, -0.8492916822433472, -0.20207791030406952, -0.3063287138938904, -1.0445308685302734, 0.0979447290301323, -0.6956348419189453, -0.6931798458099365]",yunet,Facenet,1920,1080,/home/amos/media/tv/modern_family/Modern.Family.S09.1080p.DSNP.WEB-DL.DDP5.1.H.264-CRFW/Modern.Family.S09E17.Royal.Visit.1080p.DSNP.WEB-DL.DDP5.1.H.264-CRFW.mkv,Modern Family,2009,1442437,9,17,Alexander Hodge,1914589.0,0.875
384,114,222,300,462,276,318,192,312,0.919,11280,0,"[-1.538214921951294, -0.79625403881073, -1.0415782928466797, -0.13030993938446045, 1.1485165357589722, -1.613255500793457, -0.19742994010448456, -0.2504759728908539, 2.7229158878326416, -0.004876907914876938, 1.5889309644699097, -1.7977046966552734, -0.643740713596344, -1.0174024105072021, -0.7075597047805786, -0.2496383935213089, -0.8978044986724854, -0.5141242742538452, -0.7672344446182251, -0.20693694055080414, 0.7240134477615356, 0.19348923861980438, 0.7297791242599487, 0.7396652698516846, -0.1276896744966507, 0.4582670032978058, 1.669697880744934, -1.8006391525268555, 1.3908089399337769, -0.1785939484834671, -1.0455431938171387, 0.4066568613052368, -0.1987232267856598, -0.054616838693618774, 0.4350653290748596, 0.634001612663269, 0.7446901202201843, -0.5897751450538635, -0.1301775872707367, -2.1882009506225586, -0.4710746109485626, 0.08251863718032837, -0.9911487102508545, -0.14420616626739502, -0.34522417187690735, -0.7490760684013367, -1.180112600326538, 0.5772961378097534, -0.6990000009536743, 1.032232642173767, -0.03586927056312561, 0.7142114639282227, -1.2295808792114258, 1.0253573656082153, -1.2812694311141968, -0.534872829914093, 1.1489880084991455, 0.08633111417293549, -1.7736760377883911, -1.0099592208862305, -0.5411368012428284, 0.31074637174606323, -1.0721118450164795, 1.2104836702346802, 0.27329787611961365, 2.9711720943450928, 0.540148138999939, 0.7272430062294006, -0.09142130613327026, -1.1751747131347656, 0.007794216275215149, -0.5788713693618774, -0.9453714489936829, 0.41864532232284546, -0.4276019036769867, -0.14847351610660553, -0.2723219692707062, -0.5815691947937012, -1.576855182647705, -1.6349904537200928, -2.2458088397979736, 1.321770429611206, 0.08624497801065445, 0.05671311169862747, 0.33456897735595703, -0.8259400129318237, -0.16249395906925201, 0.31272345781326294, -0.6764541864395142, -0.8448284864425659, -0.05580977350473404, 0.5617403388023376, 1.2991491556167603, 1.4629795551300049, -0.25583744049072266, 1.5575045347213745, -1.1605145931243896, 1.2028441429138184, -1.7554407119750977, -1.860491394996643, -0.19135525822639465, -1.1380842924118042, 0.9108778238296509, -0.9042613506317139, 0.47338926792144775, 1.5181134939193726, 0.5019685626029968, 0.21647760272026062, 0.8647423386573792, -0.28238266706466675, 0.9225465655326843, -1.477594017982483, 1.2577720880508423, 0.05207226797938347, -0.06899629533290863, 2.0364954471588135, 0.5548148155212402, -1.3659616708755493, -1.1814461946487427, 1.8598947525024414, -0.5149776935577393, 0.5163882970809937, 0.21654853224754333, -0.9918904304504395, 0.8457430601119995, -0.04731467366218567, 0.489487886428833, -0.42817097902297974]",yunet,Facenet,1920,1080,/home/amos/media/tv/modern_family/Modern.Family.S09.1080p.DSNP.WEB-DL.DDP5.1.H.264-CRFW/Modern.Family.S09E17.Royal.Visit.1080p.DSNP.WEB-DL.DDP5.1.H.264-CRFW.mkv,Modern Family,2009,1442437,9,17,Jesse Tyler Ferguson,204815.0,0.786
385,840,126,1026,408,882,228,852,228,0.917,11280,1,"[0.07328576594591141, -0.708809494972229, -1.6023228168487549, 0.49318090081214905, 1.4122189283370972, 1.185569167137146, 0.1629076898097992, 0.8761270642280579, 1.0178170204162598, 1.146119236946106, -0.002945646643638611, -0.6211475729942322, -1.4193633794784546, -1.5016975402832031, -0.2622118890285492, -2.103163719177246, -0.5528442859649658, -0.49078822135925293, -0.1907368302345276, -0.002905667293816805, 0.7388646602630615, -1.080116629600525, 0.8497667908668518, -0.16545730829238892, 0.80681973695755, -0.019578278064727783, 1.0923296213150024, 0.27072522044181824, -1.7478820085525513, -0.21649417281150818, -0.4826182425022125, 0.33579981327056885, -2.162384510040283, -0.20531077682971954, 0.5386492013931274, -0.3863276243209839, 0.24360162019729614, -1.2895240783691406, 0.5071554183959961, -1.8683208227157593, -1.4287222623825073, 0.15763014554977417, -1.2856309413909912, -0.5643341541290283, 0.5843386054039001, -0.9508255124092102, 0.9566724896430969, 0.7596259117126465, -0.23012878000736237, 1.0568690299987793, -2.060187578201294, 0.471149742603302, 0.5614306330680847, 0.6222304701805115, -0.3779407739639282, -0.19883258640766144, 1.3020856380462646, -0.32655560970306396, -0.8061599135398865, 0.5824516415596008, 0.020314127206802368, 0.33613842725753784, 1.2272238731384277, 0.18456654250621796, 0.9417158365249634, 1.1814630031585693, -0.7011916637420654, 1.3986941576004028, -0.37924978137016296, 0.604880690574646, 0.5117771625518799, 0.30099740624427795, -1.7501195669174194, 0.7385037541389465, 0.6064103245735168, -0.22210657596588135, -0.12252935767173767, 0.2955241799354553, -0.2898087501525879, 1.4356356859207153, -1.5155729055404663, -0.26604998111724854, 1.3260506391525269, -0.6596934795379639, 0.6745954751968384, 0.6363810300827026, 0.10567401349544525, -0.43862855434417725, 0.764487624168396, -0.7465674877166748, -0.13808253407478333, -1.186120867729187, -2.013873338699341, 1.077656865119934, 1.0430655479431152, 0.8741289377212524, -2.0436086654663086, -0.40326380729675293, -0.19494663178920746, 0.49140870571136475, 0.7205960750579834, 0.2670293152332306, 0.190451979637146, -1.0500175952911377, -0.08710618317127228, 0.32194793224334717, -0.23901064693927765, -0.6925719976425171, 1.4998630285263062, -0.7733430862426758, -0.09016084671020508, -1.4121348857879639, -0.5563305616378784, 0.39193814992904663, 0.02450781874358654, 1.5255131721496582, -1.2713303565979004, 0.8229061961174011, -0.05363620072603226, 1.2882448434829712, 0.9225752353668213, 0.4581732153892517, -0.23814786970615387, -0.5171054005622864, -0.844391405582428, -0.6345136761665344, 1.1502008438110352, -0.9793432950973511]",yunet,Facenet,1920,1080,/home/amos/media/tv/modern_family/Modern.Family.S09.1080p.DSNP.WEB-DL.DDP5.1.H.264-CRFW/Modern.Family.S09E17.Royal.Visit.1080p.DSNP.WEB-DL.DDP5.1.H.264-CRFW.mkv,Modern Family,2009,1442437,9,17,,,
386,390,60,720,486,672,216,534,222,0.919,11328,0,"[1.5152713060379028, 0.4779417812824249, -0.3558805286884308, -1.0466511249542236, 3.4137604236602783, -0.8141411542892456, 2.7499072551727295, -0.2858388423919678, 0.1784180998802185, 0.5442120432853699, -1.280007004737854, 0.30429765582084656, 0.620509922504425, 0.0017819702625274658, 0.7856413125991821, 0.18926115334033966, -1.6863205432891846, -1.1630635261535645, 2.0106875896453857, -1.148086428642273, -1.6180028915405273, 1.7316232919692993, -1.147782564163208, 1.1447652578353882, 0.9421824812889099, 2.1864826679229736, 1.5150381326675415, 0.16436344385147095, -0.05753606557846069, -0.5107914805412292, 0.28638073801994324, 0.7542921900749207, -0.4798712730407715, 0.24888980388641357, -0.9245665669441223, -1.4877541065216064, 0.9378595352172852, -2.680079698562622, 0.36013931035995483, -1.2097265720367432, -0.6673839092254639, -0.750249445438385, -1.1159785985946655, -0.3147280216217041, -0.019735315814614296, -0.9714607000350952, -2.5069682598114014, -0.2534939646720886, 0.3779493570327759, 0.5609089136123657, -0.48310303688049316, 0.36842527985572815, -1.9979020357131958, 0.3272015452384949, -0.8274235725402832, -1.5493382215499878, 1.328356146812439, -0.8972539305686951, -1.1290472745895386, -0.013068761676549911, -1.4268882274627686, -1.4769587516784668, 1.7219640016555786, -0.05251989886164665, -1.8042117357254028, 0.49464040994644165, -0.17369943857192993, -0.8814540505409241, 0.19215428829193115, 0.5234466791152954, 1.2255864143371582, -1.1792389154434204, 0.6717025637626648, 1.1051132678985596, 0.49358850717544556, -1.4074938297271729, 0.1913720965385437, 1.1981323957443237, 0.9051070809364319, 1.1966856718063354, -1.4934825897216797, 2.3505635261535645, -0.7053595781326294, -2.1800994873046875, -0.7569441795349121, 0.39615708589553833, -0.484460711479187, -0.39975374937057495, 1.9125940799713135, 1.3646727800369263, -0.2498987317085266, -0.2832280695438385, -0.532929539680481, -1.217091679573059, 1.4138764142990112, -0.7537957429885864, -1.4163349866867065, 0.3126225173473358, -0.7672910690307617, -0.38750389218330383, -0.04428987205028534, -0.1113513633608818, 0.8200420141220093, -1.2921499013900757, 0.046007685363292694, 0.47673964500427246, 0.151814803481102, -0.8462924957275391, -0.5018841624259949, -0.36224454641342163, -1.3903114795684814, 0.42641228437423706, 0.42934495210647583, -0.8345799446105957, 2.8566293716430664, 0.7291455268859863, 0.3216487169265747, -0.33182212710380554, 0.8977760076522827, 0.8277983665466309, -0.42970550060272217, 0.834937334060669, 0.8824049234390259, 0.7408404350280762, 0.5182489156723022, 0.4281422793865204, 0.5244138240814209, 0.5293712615966797]",yunet,Facenet,1920,1080,/home/amos/media/tv/modern_family/Modern.Family.S09.1080p.DSNP.WEB-DL.DDP5.1.H.264-CRFW/Modern.Family.S09E17.Royal.Visit.1080p.DSNP.WEB-DL.DDP5.1.H.264-CRFW.mkv,Modern Family,2009,1442437,9,17,Eric Stonestreet,156962.0,0.596
387,756,222,882,384,858,288,804,288,0.904,11400,0,"[-0.9101029634475708, -2.3615291118621826, -1.4516091346740723, -0.1998840868473053, 0.6143988966941833, -0.5875920057296753, -0.32394739985466003, 0.45141077041625977, 2.100081205368042, -0.24057048559188843, 1.2031139135360718, -2.484271287918091, -0.5615266561508179, -0.3552849590778351, -0.1991077959537506, 0.06774811446666718, 0.02582130953669548, -0.4937989115715027, -0.24925047159194946, -0.11733322590589523, 1.0574015378952026, 0.36542364954948425, 1.7682768106460571, 0.1585809886455536, 0.8604385256767273, 0.4847794473171234, 1.1265053749084473, -2.235285758972168, 1.4993642568588257, -1.0886915922164917, -0.06697875261306763, 0.9645626544952393, 0.49476101994514465, 0.5061719417572021, 0.07300401479005814, 1.3216356039047241, 1.167373776435852, 0.22475793957710266, -0.7182677984237671, -2.0858306884765625, -0.5039665699005127, 1.007359504699707, -0.63248610496521, -0.7780441045761108, -0.317008912563324, 0.5875275731086731, -1.8308006525039673, 0.5321416854858398, -0.489235520362854, 1.3259657621383667, 0.4053916335105896, -0.3159765601158142, -2.1449687480926514, 1.3471713066101074, -0.42370179295539856, -0.9548971056938171, 0.006902473047375679, 0.832940936088562, -2.4367828369140625, -1.9545090198516846, -0.5140295028686523, 0.5663820505142212, -0.7823142409324646, 1.5145407915115356, -0.5136279463768005, 1.5416638851165771, 0.010647021234035492, 0.32716143131256104, 0.28588297963142395, -1.6226742267608643, 0.14536628127098083, -0.5538724660873413, -1.5842243432998657, -0.6145511865615845, 0.38397955894470215, -0.3306244909763336, -1.3766968250274658, -0.8507282733917236, -1.5050528049468994, -0.36915111541748047, -2.1371161937713623, 1.8140684366226196, 0.37127119302749634, -0.630699634552002, -0.5874369144439697, -0.13894161581993103, -0.4197152853012085, 1.3631515502929688, -0.22962111234664917, -1.5207775831222534, 0.6087464094161987, 0.2702217400074005, 1.0889867544174194, 2.248342990875244, 0.315260648727417, 1.74522066116333, -1.0130053758621216, 0.9547474384307861, -0.8762398362159729, -0.7007061243057251, 0.24920685589313507, -0.6760469675064087, 0.43326765298843384, -0.7205585837364197, 0.046050332486629486, 0.5414385795593262, 0.9117052555084229, 0.11297570168972015, 1.026816725730896, -0.992218554019928, -0.40948814153671265, -1.922917127609253, 1.249679446220398, -0.7454084157943726, -0.24380159378051758, 1.2106506824493408, 0.9590942859649658, -1.3795909881591797, -1.5887017250061035, 0.09524917602539062, -0.9046679139137268, 0.981972336769104, 0.9685179591178894, -1.2725787162780762, 0.5333494544029236, -0.1493375301361084, -0.41550442576408386, 0.05534813925623894]",yunet,Facenet,1920,1080,/home/amos/media/tv/modern_family/Modern.Family.S09.1080p.DSNP.WEB-DL.DDP5.1.H.264-CRFW/Modern.Family.S09E17.Royal.Visit.1080p.DSNP.WEB-DL.DDP5.1.H.264-CRFW.mkv,Modern Family,2009,1442437,9,17,Jesse Tyler Ferguson,204815.0,0.758
388,714,276,870,474,834,360,768,360,0.904,11424,0,"[-1.1005300283432007, -1.5672210454940796, -1.0820585489273071, -0.6593105792999268, 0.5455340147018433, -0.5373602509498596, 0.006600324064493179, -0.15239642560482025, 2.0971763134002686, -0.45945245027542114, 1.1664127111434937, -1.461780071258545, -1.182190179824829, -0.9865041971206665, -1.0055960416793823, 0.046865954995155334, 0.19266492128372192, -0.7733277678489685, -0.178550586104393, -0.20065812766551971, 1.6341625452041626, -0.46936145424842834, 1.9223271608352661, 0.35288944840431213, 0.1315418928861618, 0.8734473586082458, 1.2807518243789673, -2.432246685028076, 2.2286274433135986, -0.5892239212989807, -0.12610594928264618, 0.8222296237945557, 0.6629546880722046, -0.25685176253318787, 0.17031538486480713, 0.6288160085678101, 0.45053598284721375, -0.027444027364253998, -0.7685345411300659, -2.083799123764038, -0.744548499584198, 0.40638262033462524, -1.6793171167373657, -0.5605438947677612, 0.3334212601184845, -0.10021455585956573, -1.7533676624298096, 0.6266380548477173, -0.43160223960876465, 0.8472614288330078, 0.27190715074539185, -0.46232134103775024, -1.2274590730667114, 0.806382417678833, -0.3469676077365875, -0.15564826130867004, 0.7500565648078918, 0.3853124678134918, -1.3483868837356567, -1.104839563369751, -0.9298955202102661, 0.15241725742816925, -0.45970621705055237, 0.9218613505363464, -0.905327320098877, 2.1616408824920654, 0.8950714468955994, 0.5852401256561279, 0.48028743267059326, -1.089432716369629, -0.6833863854408264, -0.021012403070926666, -1.4394469261169434, -0.02700832486152649, -0.159353107213974, -0.5560493469238281, -1.4759246110916138, -0.8122788667678833, -1.389107584953308, -1.7919108867645264, -2.31760311126709, 1.7193242311477661, -0.38967248797416687, -1.6625374555587769, -0.5239367485046387, -0.273305207490921, -0.6167110800743103, 0.5146046876907349, -0.2694147825241089, -0.67403644323349, 0.3772522211074829, 0.2757780849933624, 0.9625308513641357, 1.2646962404251099, 0.1172780692577362, 1.4388986825942993, -0.5936369299888611, 0.9540984034538269, -0.7871577143669128, -0.9610111713409424, -0.02491925284266472, -1.410995364189148, 1.0747082233428955, 0.0452309176325798, 0.6545429229736328, 0.6765708327293396, 0.8758023381233215, 0.5394795536994934, 0.9125127792358398, -0.5391355752944946, -0.36541491746902466, -1.4030523300170898, 1.3210279941558838, -0.5232939720153809, -0.4516181945800781, 1.3965117931365967, 0.7313541173934937, -1.4034258127212524, -1.178276538848877, 0.2397327870130539, -0.19938315451145172, 0.823027491569519, 0.49426764249801636, -1.2070012092590332, 0.7780222296714783, -0.07878904044628143, -0.25709429383277893, -0.642983615398407]",yunet,Facenet,1920,1080,/home/amos/media/tv/modern_family/Modern.Family.S09.1080p.DSNP.WEB-DL.DDP5.1.H.264-CRFW/Modern.Family.S09E17.Royal.Visit.1080p.DSNP.WEB-DL.DDP5.1.H.264-CRFW.mkv,Modern Family,2009,1442437,9,17,Jesse Tyler Ferguson,204815.0,0.786
389,468,252,654,474,624,342,534,336,0.915,11448,0,"[-1.5546494722366333, -2.2933342456817627, -0.6055734157562256, -0.5120716691017151, 0.47228220105171204, -0.8014664053916931, -0.24008028209209442, -0.5890259742736816, 2.3064420223236084, -0.4466349184513092, 0.6271603107452393, -1.9055362939834595, -0.6500591039657593, -1.0342209339141846, -0.877251148223877, 0.451824426651001, -0.198644757270813, -0.32895195484161377, -0.2864697575569153, -0.5367175340652466, 1.3854345083236694, -0.3848991394042969, 1.865049123764038, 0.1604059338569641, -0.2507089674472809, 0.7473158240318298, 0.886042594909668, -2.1544594764709473, 1.5439352989196777, -0.08373670279979706, -0.3664458990097046, 0.5439544916152954, 0.016012374311685562, -0.010808661580085754, 0.1805654913187027, 0.9487826228141785, 0.791137158870697, 0.1637536734342575, -0.9678583741188049, -2.3628005981445312, -0.08486296981573105, 0.620132565498352, -0.7089183330535889, -0.19942423701286316, 0.34408387541770935, 0.029851380735635757, -0.9758162498474121, 0.23534108698368073, -1.030301570892334, 1.1705474853515625, 0.24696782231330872, -0.5706544518470764, -1.699515700340271, 0.43368011713027954, -0.7884772419929504, -0.5699415802955627, 0.48036128282546997, 1.0208683013916016, -1.105370044708252, -0.9475175738334656, -0.07633928209543228, 0.2902922034263611, -0.9943232536315918, 1.8636234998703003, -0.9691460728645325, 1.9160412549972534, 0.6361223459243774, -0.10643815249204636, 0.5848710536956787, -1.6286462545394897, -0.19440889358520508, -0.8779408931732178, -0.9285339117050171, -0.41932129859924316, 0.5716996788978577, -0.03310127928853035, -1.7000271081924438, -0.3157173991203308, -1.3407748937606812, -2.133716583251953, -2.1232733726501465, 1.602789282798767, -0.2624965012073517, -0.9106168746948242, -1.257330298423767, -0.9276155233383179, 0.23713068664073944, 0.7528616786003113, -0.8385641574859619, -0.9879096746444702, 0.09083584696054459, -0.04709795117378235, 0.8151803612709045, 1.2294347286224365, 0.20301535725593567, 1.8052599430084229, -1.2458772659301758, 0.5378111600875854, -0.9165111780166626, -0.6206945776939392, 0.023176543414592743, -0.6814375519752502, 0.5693801641464233, -0.7945932149887085, 0.635402262210846, 0.15822644531726837, 0.6702001094818115, 0.499167263507843, 0.8522186875343323, -0.9833046793937683, 0.04740829020738602, -1.545196294784546, 1.4696621894836426, 0.09993887692689896, -0.76592618227005, 1.5348491668701172, 1.0410460233688354, -1.4658344984054565, -2.7194883823394775, 0.7054877281188965, -0.2979435324668884, 0.1226111352443695, 0.6634740829467773, -1.02956223487854, 0.40493494272232056, -0.46451568603515625, 0.1541658639907837, -1.0047348737716675]",yunet,Facenet,1920,1080,/home/amos/media/tv/modern_family/Modern.Family.S09.1080p.DSNP.WEB-DL.DDP5.1.H.264-CRFW/Modern.Family.S09E17.Royal.Visit.1080p.DSNP.WEB-DL.DDP5.1.H.264-CRFW.mkv,Modern Family,2009,1442437,9,17,Jesse Tyler Ferguson,204815.0,0.806
390,1092,174,1266,432,1170,270,1128,270,0.914,11472,0,"[0.35358166694641113, -0.6951464414596558, -0.6554930806159973, 0.5164520144462585, 2.080749988555908, 0.28655943274497986, 0.8739045262336731, 0.5056019425392151, 1.0439478158950806, 0.6194266676902771, -2.3075222969055176, -0.6935932636260986, 0.03816169500350952, 2.0654847621917725, 0.2764023542404175, 0.8268629312515259, -1.6559439897537231, -1.6501822471618652, -0.5917394161224365, -0.02022707276046276, -0.8368675708770752, 1.8472657203674316, -0.8038968443870544, 1.21293044090271, 1.8615906238555908, 1.582869291305542, 1.1652148962020874, -0.4453939199447632, -0.048670507967472076, -1.5636870861053467, 0.39240601658821106, 0.9051765203475952, -1.957153558731079, 0.5577178001403809, -1.2766369581222534, -0.053753674030303955, 0.98459792137146, -2.6805295944213867, 0.9379608631134033, -1.3772716522216797, 0.3262094259262085, 0.14828670024871826, 0.008817113935947418, -1.0325812101364136, 0.23984184861183167, 0.040629591792821884, -1.5116873979568481, -0.42612168192863464, -1.0327763557434082, 2.12137770652771, -0.7248906493186951, 0.3340359628200531, -1.7123754024505615, 0.3840091824531555, -0.8639892935752869, -2.45352840423584, 0.42343926429748535, -1.1634588241577148, -0.11991117894649506, -0.13344912230968475, -0.3446810245513916, -0.8196197748184204, 1.111799955368042, 1.0461481809616089, -1.4380508661270142, -0.1771717518568039, -0.8089055418968201, -0.580927848815918, -0.3367272913455963, -1.0553040504455566, 0.2855947017669678, -0.6713219881057739, 0.9529443383216858, 0.234307661652565, 1.6707032918930054, -1.3371102809906006, 0.37137076258659363, 1.5928419828414917, 1.1073777675628662, 1.5039821863174438, -2.238788604736328, 1.2116150856018066, 0.03860485553741455, -0.7107368111610413, -1.2399191856384277, 0.3926323652267456, 0.3107914626598358, -0.012941733002662659, 1.0471361875534058, 0.18527044355869293, 0.8751459717750549, -0.6439641714096069, -0.7324234843254089, -0.9594343900680542, 1.7501513957977295, 0.44050395488739014, -0.9029238820075989, 0.5706912875175476, -0.4776218831539154, 0.3628678023815155, -0.33614492416381836, 1.6148133277893066, -0.961431622505188, -1.5185141563415527, -0.05472905561327934, -1.376891851425171, -0.2505669891834259, -0.037339963018894196, -0.8670128583908081, -0.2001086175441742, 0.11157070100307465, -0.38207101821899414, 2.4342942237854004, -1.3298182487487793, 1.6405346393585205, 1.0149853229522705, 0.575534462928772, 1.2647085189819336, -1.2660372257232666, -0.25184231996536255, -0.32011061906814575, -0.5549311637878418, 1.7244031429290771, 0.10135381668806076, -0.4529151916503906, -1.0731011629104614, 0.5725391507148743, 0.7280415296554565]",yunet,Facenet,1920,1080,/home/amos/media/tv/modern_family/Modern.Family.S09.1080p.DSNP.WEB-DL.DDP5.1.H.264-CRFW/Modern.Family.S09E17.Royal.Visit.1080p.DSNP.WEB-DL.DDP5.1.H.264-CRFW.mkv,Modern Family,2009,1442437,9,17,Eric Stonestreet,156962.0,0.678
391,318,252,522,498,486,348,396,348,0.912,11472,1,"[-1.1008305549621582, -0.7454915046691895, -1.1982661485671997, 0.4938102066516876, 2.1117401123046875, -1.808432936668396, 0.5671051740646362, -0.9324411153793335, 3.742464780807495, -1.1202279329299927, 1.5913841724395752, -1.6295171976089478, -0.23424425721168518, -0.6549956798553467, -0.7063908576965332, -0.33877694606781006, 0.03766113147139549, 0.0883648544549942, -1.2225642204284668, -0.38857290148735046, 1.3823187351226807, -0.8706464171409607, 0.8451036810874939, 0.2869035303592682, 0.1645185798406601, 0.771999180316925, 0.4623800814151764, -1.9438880681991577, -0.07223732769489288, -1.2693240642547607, -0.8648010492324829, 0.2921392321586609, -1.5036277770996094, 0.6303226947784424, 0.6604372262954712, 1.6489965915679932, -0.4974007308483124, -0.3625248670578003, -0.627895176410675, -1.220188021659851, 0.5365142822265625, 1.081327199935913, 0.03154639154672623, -0.24552245438098907, -0.38246336579322815, -0.02691192552447319, -1.0015941858291626, 0.46670255064964294, -0.758471667766571, 1.4289265871047974, -0.7444193959236145, 0.8447404503822327, -1.8265045881271362, -0.18988431990146637, 0.12354232370853424, -0.4896394610404968, 2.0923590660095215, 0.5563956499099731, -1.629133939743042, -0.8695799708366394, -0.09519429504871368, 0.22117860615253448, -0.25906872749328613, 1.74729585647583, 0.10060108453035355, 1.814057469367981, -0.07875857502222061, -0.09065824002027512, 0.6761109828948975, -1.6213315725326538, 0.6460605263710022, -0.6559891700744629, -1.6776330471038818, -0.3685498833656311, 0.1453162133693695, -1.015152096748352, -1.033845067024231, -0.8520713448524475, -2.2002816200256348, -2.2983345985412598, -0.9299523830413818, 0.877732515335083, 0.9763649702072144, -1.3063714504241943, -0.8336601853370667, 0.16735024750232697, -0.6734724640846252, 0.8327609300613403, -0.5104550123214722, -0.8130765557289124, 0.04878290742635727, 0.04098524898290634, 1.8178963661193848, 1.7226778268814087, 0.29688501358032227, 1.858594298362732, -1.4309583902359009, 0.9357231259346008, -1.9087862968444824, 0.12780393660068512, -0.011950239539146423, -0.24200287461280823, -0.05634191632270813, -1.6068700551986694, 0.6710363626480103, -0.15454722940921783, 0.8850609064102173, 0.44313108921051025, -0.13118192553520203, -1.2504819631576538, 0.3773820996284485, 0.055893734097480774, 1.9244225025177002, 0.44950389862060547, -0.58134526014328, 1.360709309577942, 0.6385140419006348, -0.7101461887359619, -0.6233369708061218, 1.4017411470413208, -0.9322637319564819, 0.5723403692245483, 1.321406602859497, -2.851508140563965, 0.04063165932893753, -0.2508707642555237, 0.41001468896865845, -0.7438287138938904]",yunet,Facenet,1920,1080,/home/amos/media/tv/modern_family/Modern.Family.S09.1080p.DSNP.WEB-DL.DDP5.1.H.264-CRFW/Modern.Family.S09E17.Royal.Visit.1080p.DSNP.WEB-DL.DDP5.1.H.264-CRFW.mkv,Modern Family,2009,1442437,9,17,Jesse Tyler Ferguson,204815.0,0.773
392,942,222,1110,456,1044,300,978,300,0.933,11496,0,"[0.2808666229248047, -0.24234603345394135, -0.6962004899978638, 1.075895071029663, 1.7212977409362793, -0.7079506516456604, 0.5961043238639832, -0.034197915345430374, 1.1368606090545654, 0.8956916928291321, -1.598139762878418, -0.4184780716896057, -0.45653700828552246, 1.1682868003845215, 1.1833255290985107, 0.12231121957302094, -0.796330451965332, -1.5413774251937866, -1.3220800161361694, -1.0828121900558472, -1.4657211303710938, 0.8288317322731018, -1.026216745376587, 1.9150938987731934, 1.833714246749878, 0.18052831292152405, 1.6610121726989746, 0.2795696556568146, 0.4580962657928467, -1.1186342239379883, 0.12433477491140366, 0.6593642234802246, -2.2031211853027344, 0.9537338018417358, -0.7069936990737915, -0.9116148352622986, 1.4523332118988037, -2.8796908855438232, 0.07135374844074249, -1.0342622995376587, -0.3891855776309967, -0.2693087160587311, 0.46480852365493774, -0.46494245529174805, -0.23926584422588348, -0.4454177916049957, -1.315005898475647, -0.06740795820951462, -0.314317524433136, 1.7236870527267456, 0.49673324823379517, -0.4396877586841583, -1.2075865268707275, 1.2077980041503906, -0.6815937161445618, -1.8190823793411255, 0.20898586511611938, -1.844907522201538, -0.38722991943359375, -0.3757001757621765, -1.1321779489517212, -0.47023671865463257, 0.9932667016983032, 0.6838629841804504, -0.624103844165802, 1.6452662944793701, -1.2678943872451782, 0.33915045857429504, -1.2814183235168457, -0.8288425207138062, 0.18259590864181519, -0.670331597328186, 2.2611703872680664, 0.2967498302459717, 0.6555675268173218, -0.48327258229255676, 1.38204026222229, 1.387373924255371, 0.2779649794101715, 1.1834056377410889, -3.0868592262268066, 2.2808356285095215, -0.6814110279083252, -0.45045310258865356, -0.9160783886909485, -0.59648597240448, 0.3113141357898712, -0.9033499956130981, 1.1588144302368164, 1.0934808254241943, 0.968285322189331, -0.24294184148311615, -0.6155761480331421, -0.7740046977996826, 1.435538411140442, 0.35227516293525696, -0.14264942705631256, 1.5440564155578613, -0.5058190226554871, 0.08693064004182816, 0.05679021775722504, 0.5401720404624939, -0.06409156322479248, -0.6405033469200134, 0.6693909764289856, -0.11813895404338837, -0.7895050644874573, 0.26891714334487915, -0.2511739134788513, -0.37585657835006714, 0.5522968173027039, -0.7858793139457703, 1.8967998027801514, -1.8436224460601807, 1.3873076438903809, 0.9363628625869751, 0.5989087820053101, 0.8893224596977234, -0.6529390215873718, -0.0022772736847400665, -0.25471627712249756, -1.3722165822982788, 1.5113075971603394, 0.19099827110767365, -0.3190295100212097, 0.011990658938884735, 0.48210054636001587, 0.20189179480075836]",yunet,Facenet,1920,1080,/home/amos/media/tv/modern_family/Modern.Family.S09.1080p.DSNP.WEB-DL.DDP5.1.H.264-CRFW/Modern.Family.S09E17.Royal.Visit.1080p.DSNP.WEB-DL.DDP5.1.H.264-CRFW.mkv,Modern Family,2009,1442437,9,17,Eric Stonestreet,156962.0,0.616
393,402,264,594,504,564,354,486,354,0.903,11496,1,"[-0.3225953280925751, -1.435386300086975, -1.2150750160217285, 0.4886524975299835, 1.2473984956741333, -1.1662381887435913, -0.2317623347043991, -0.7679626941680908, 3.1412436962127686, -0.20684394240379333, 0.6460525989532471, -1.6135135889053345, -0.5798837542533875, -0.9950543642044067, -0.7165632247924805, -0.4545019268989563, 0.3560985028743744, -0.6058979034423828, -0.3961837589740753, -1.0786596536636353, 1.4254200458526611, 0.031768880784511566, 2.2841551303863525, 0.21571707725524902, 1.2264972925186157, 0.5195087790489197, 0.45405733585357666, -1.2787493467330933, 0.9619890451431274, -0.7827920317649841, -1.0912660360336304, 0.13113223016262054, -1.0908327102661133, 0.2974786162376404, 0.9080097079277039, 1.250174641609192, 0.49043363332748413, -0.45860856771469116, -1.4297270774841309, -1.973168134689331, -0.9085965156555176, 0.5045380592346191, -0.875697135925293, -0.6772125959396362, -0.16657109558582306, 0.4104943871498108, -0.9965834617614746, 0.42738741636276245, -1.139113187789917, 1.718021273612976, -0.6020009517669678, -0.40602943301200867, -1.8921797275543213, 0.6578127145767212, -0.6645063757896423, -0.6385667324066162, 1.6063505411148071, 0.8677781224250793, -2.0205564498901367, -1.840362548828125, -1.1818695068359375, -0.651025652885437, 0.6537018418312073, 0.6457487940788269, -0.7118163108825684, 1.524038314819336, 0.020774394273757935, 0.2762991786003113, -0.23229297995567322, -1.644864797592163, 1.0264445543289185, -0.905390739440918, -1.43449068069458, -0.46512162685394287, -0.03775152936577797, -1.0813307762145996, -0.5468624234199524, -0.41988900303840637, -1.4150129556655884, -1.767620325088501, -1.1873414516448975, 0.6824201345443726, 0.4749460518360138, -1.16983962059021, -1.4912729263305664, -0.16318809986114502, -0.5338252186775208, 0.25831514596939087, 0.3178948163986206, -0.9997566938400269, 0.9937095046043396, -0.7246538996696472, 1.190298080444336, 1.1897211074829102, 0.2661939859390259, 2.0806164741516113, -1.2447636127471924, 1.1113327741622925, -1.7429461479187012, -0.4912170171737671, 0.4715350270271301, 0.055207088589668274, 1.1151511669158936, -1.5978504419326782, 0.21744436025619507, 0.4920974373817444, 0.34707731008529663, -0.4935878813266754, 1.1404848098754883, -1.1167092323303223, -0.5793190598487854, -0.575764536857605, 1.7257550954818726, 0.22958002984523773, 0.7265726327896118, 0.361906498670578, 0.4647393822669983, -1.3143380880355835, -0.7337214350700378, 0.842267632484436, -1.1872563362121582, 0.058220379054546356, 1.0500229597091675, -1.4734580516815186, 1.1651027202606201, 0.4600134789943695, 0.9617345333099365, -0.16522079706192017]",yunet,Facenet,1920,1080,/home/amos/media/tv/modern_family/Modern.Family.S09.1080p.DSNP.WEB-DL.DDP5.1.H.264-CRFW/Modern.Family.S09E17.Royal.Visit.1080p.DSNP.WEB-DL.DDP5.1.H.264-CRFW.mkv,Modern Family,2009,1442437,9,17,Jesse Tyler Ferguson,204815.0,0.721
394,354,186,558,444,528,294,438,294,0.922,11520,0,"[-0.9952419996261597, -1.669996738433838, -0.2062397301197052, -0.5790072083473206, 1.5967155694961548, -1.13103449344635, -0.10219110548496246, -0.3947516977787018, 2.9339194297790527, -0.6349154114723206, 1.9143598079681396, -1.994254469871521, -0.15441834926605225, -1.6338307857513428, -0.9365981817245483, 0.16749176383018494, 0.20059701800346375, -0.5593472719192505, -0.09028515219688416, -0.024393893778324127, 2.1753294467926025, -0.515234112739563, 1.8309524059295654, -0.08361827582120895, 0.3137846887111664, 0.4588760435581207, 0.7297083139419556, -1.4954134225845337, 1.2995647192001343, -0.8053483366966248, -0.7365458011627197, 0.46453768014907837, -0.20473070442676544, 0.12238047271966934, 0.5048254728317261, 0.8723962306976318, 0.7015434503555298, -0.14783763885498047, -0.3140934109687805, -1.9960663318634033, -0.46479278802871704, 0.5524967908859253, -0.9798420667648315, -0.28503963351249695, -0.6080849766731262, 0.44975271821022034, -1.9596548080444336, 0.042855292558670044, -0.6340861320495605, 1.0016788244247437, -0.3704453110694885, 0.23247656226158142, -1.9216378927230835, 0.7058559656143188, -0.4434524178504944, -0.6403713822364807, 1.3885645866394043, 0.5913840532302856, -1.7035844326019287, -1.1413657665252686, -0.29700401425361633, -0.06291624903678894, 0.08115934580564499, 1.2231030464172363, -1.1519874334335327, 1.8352372646331787, 0.6092392206192017, -0.5410832762718201, 0.47635215520858765, -1.4171724319458008, -0.34047171473503113, -0.9674502611160278, -2.0996246337890625, -0.4516392946243286, 0.13230574131011963, -0.19466200470924377, -1.4333446025848389, -0.40777915716171265, -1.5140949487686157, -1.5871376991271973, -1.2099344730377197, 1.2314497232437134, 0.4256140887737274, -1.3984277248382568, -0.8456389904022217, -0.5574476718902588, -0.6534928679466248, 0.558197021484375, -0.9656492471694946, -0.9540152549743652, 0.22919222712516785, -0.1567048281431198, 0.8257900476455688, 1.459992527961731, 0.25855588912963867, 1.5077924728393555, -1.608940839767456, 0.06097128987312317, -1.5131092071533203, -1.1017470359802246, -0.017178930342197418, -0.7959328293800354, 0.5348320007324219, -0.7426407933235168, 0.4199497699737549, 1.2524183988571167, 0.7867666482925415, -0.20303037762641907, 0.42909133434295654, -0.8561782836914062, 0.24452407658100128, -1.452193021774292, 1.3860869407653809, -0.22095978260040283, 0.029162254184484482, 1.3727564811706543, 0.6733411550521851, -1.8188762664794922, -1.568613886833191, 0.6454334259033203, -0.716373860836029, 0.47021108865737915, 0.8904706239700317, -1.6902058124542236, 0.6835610270500183, -0.24402272701263428, 0.2770466208457947, -0.4763849675655365]",yunet,Facenet,1920,1080,/home/amos/media/tv/modern_family/Modern.Family.S09.1080p.DSNP.WEB-DL.DDP5.1.H.264-CRFW/Modern.Family.S09E17.Royal.Visit.1080p.DSNP.WEB-DL.DDP5.1.H.264-CRFW.mkv,Modern Family,2009,1442437,9,17,Jesse Tyler Ferguson,204815.0,0.801
395,1002,150,1194,390,1116,240,1038,234,0.916,11520,1,"[0.540503978729248, 0.2583399713039398, -1.6304593086242676, -0.1509535312652588, 3.2036170959472656, -0.6443796157836914, 0.8809165358543396, -0.14699667692184448, 1.9516046047210693, 0.1660187989473343, -1.173845887184143, -0.015137976035475731, -0.8036403059959412, 0.9370409250259399, 0.545285701751709, 0.6132960915565491, -1.0220483541488647, -1.099625825881958, -1.156494379043579, -0.755204439163208, -0.5339230298995972, 0.8482745289802551, -0.5057640075683594, 1.361206293106079, 1.5413718223571777, 1.4456627368927002, 1.2630565166473389, -1.184389352798462, 0.16520757973194122, -0.5370785593986511, 0.3253019452095032, 0.4867728352546692, -2.475349187850952, 1.5692360401153564, -0.7431358695030212, 0.3271113634109497, 0.5100662708282471, -2.781088352203369, 0.7837594747543335, -1.2515579462051392, -0.06902050971984863, -0.07608240842819214, 0.19483491778373718, -0.0717729926109314, 0.3503488600254059, -0.09681656956672668, -1.240376591682434, -0.49553564190864563, -1.0859339237213135, 2.0533440113067627, -1.13445246219635, -0.6434675455093384, -1.612837553024292, 1.3255946636199951, -0.5001319646835327, -3.0718934535980225, 0.04520737752318382, -1.6507948637008667, -0.5117375254631042, -0.3664133846759796, -1.0955179929733276, -0.8672948479652405, 1.0018212795257568, -0.18381628394126892, -0.8932681679725647, 1.1107662916183472, -2.343755006790161, -0.14758166670799255, -0.21760088205337524, -1.1138464212417603, 0.8298564553260803, 0.08449040353298187, 0.20775607228279114, 0.7045787572860718, 0.7838664650917053, -1.1512795686721802, 1.0877741575241089, 0.8542145490646362, 1.6691882610321045, 0.6540663242340088, -2.89438796043396, 1.4959346055984497, -0.12385579943656921, -1.0410678386688232, -0.5972403883934021, 0.6948457956314087, 0.07593506574630737, -0.2358647733926773, 1.5326597690582275, 0.9004406929016113, 0.6681634783744812, 0.2020324468612671, -0.39451465010643005, -0.7854828238487244, 1.4678606986999512, 0.7508446574211121, -0.8967004418373108, 1.0917778015136719, -1.4116649627685547, 0.04298814386129379, 0.29048681259155273, 0.504852831363678, -0.5031247138977051, -1.0983304977416992, -0.0025180354714393616, -0.31638991832733154, -0.34592676162719727, -0.10756397247314453, -1.403610110282898, -0.287028431892395, 0.9464550614356995, -0.5249657034873962, 2.2640087604522705, -1.8974368572235107, 1.8985626697540283, 1.2473305463790894, 0.07869332283735275, 0.8978760838508606, 0.14113761484622955, -0.0476546436548233, -0.4729759097099304, 0.24672845005989075, 2.005709648132324, -0.671261727809906, -1.1657633781433105, -0.7640617489814758, 0.5696878433227539, -0.1515190303325653]",yunet,Facenet,1920,1080,/home/amos/media/tv/modern_family/Modern.Family.S09.1080p.DSNP.WEB-DL.DDP5.1.H.264-CRFW/Modern.Family.S09E17.Royal.Visit.1080p.DSNP.WEB-DL.DDP5.1.H.264-CRFW.mkv,Modern Family,2009,1442437,9,17,Eric Stonestreet,156962.0,0.694
396,354,162,552,420,522,270,444,276,0.918,11544,0,"[-0.39191779494285583, -1.8648370504379272, -0.6999320387840271, -0.5906039476394653, 0.8345277905464172, -0.7094897031784058, 0.04282892122864723, -0.31078797578811646, 2.5441064834594727, -0.1492224782705307, 1.1467399597167969, -2.316678524017334, -0.07283579558134079, -0.6735044717788696, -1.1167289018630981, -0.2764280140399933, -0.49745938181877136, -1.1422083377838135, 0.20164212584495544, -0.24786272644996643, 1.180747151374817, -0.495837926864624, 2.1470792293548584, 0.004350945353507996, 0.2553918957710266, 0.5606915354728699, 0.9745146036148071, -2.082496166229248, 0.9635769128799438, -0.7460033297538757, -0.7227194309234619, 0.5614652633666992, 0.0228530652821064, -0.2261127531528473, -0.11509832739830017, 0.8759202361106873, 0.8125041127204895, 0.48934465646743774, 0.18573379516601562, -2.167999505996704, 0.24410012364387512, 0.7040493488311768, -0.8006631135940552, -0.6729665398597717, 0.13239775598049164, 0.39882326126098633, -2.0397679805755615, 0.6491959095001221, -0.4466845393180847, 0.8588600158691406, -0.17463141679763794, 0.11774934828281403, -2.0822269916534424, 0.5559968948364258, -0.9626991152763367, -0.9242959022521973, 0.7801125049591064, 0.8732094168663025, -1.6429569721221924, -1.3258687257766724, 0.09510552138090134, 0.22459186613559723, -0.5513435006141663, 1.2442759275436401, -1.4232417345046997, 1.9355372190475464, 0.3402707874774933, -0.6964992880821228, 0.463064968585968, -1.0684845447540283, -0.2758234739303589, -0.6690225601196289, -1.2632355690002441, -0.49972420930862427, 0.049772001802921295, -0.7242888808250427, -1.5649579763412476, -0.20874278247356415, -0.9266290068626404, -1.5425795316696167, -1.3097807168960571, 1.2605347633361816, 0.668985903263092, -1.1332521438598633, -1.2651796340942383, -0.5713163614273071, -0.1785571128129959, 0.39033883810043335, -0.5771404504776001, -1.3585317134857178, 0.5134987831115723, 0.059950366616249084, 1.0362385511398315, 1.8163050413131714, 0.5345975756645203, 1.8604408502578735, -1.1559337377548218, 0.683853805065155, -2.28998064994812, -1.0764628648757935, -0.09950503706932068, -0.8607139587402344, 0.5857168436050415, -0.7414894104003906, 0.2634540796279907, 0.9427908062934875, 1.175351619720459, -0.07463781535625458, 0.2705155611038208, -0.3553558886051178, -0.045583758503198624, -1.495872974395752, 1.1810656785964966, -0.20005111396312714, -0.6226578950881958, 1.5736790895462036, 0.20336098968982697, -1.788637638092041, -2.063891649246216, 0.20428425073623657, -1.1461981534957886, 0.6221380233764648, 0.8522500991821289, -0.9396002888679504, 0.6484953165054321, -0.5492085814476013, 0.3309677839279175, -0.6302285194396973]",yunet,Facenet,1920,1080,/home/amos/media/tv/modern_family/Modern.Family.S09.1080p.DSNP.WEB-DL.DDP5.1.H.264-CRFW/Modern.Family.S09E17.Royal.Visit.1080p.DSNP.WEB-DL.DDP5.1.H.264-CRFW.mkv,Modern Family,2009,1442437,9,17,Jesse Tyler Ferguson,204815.0,0.771
397,1008,156,1194,402,1092,240,1044,240,0.912,11544,1,"[0.0040137916803359985, -1.0652083158493042, -0.3268599510192871, 0.2692875862121582, 2.241076946258545, 0.15944664180278778, 1.131096601486206, 0.4524981379508972, 1.860173225402832, -0.24103325605392456, -1.1412193775177002, -0.7279791831970215, -1.3941407203674316, 1.7127282619476318, 0.22528675198554993, -0.6656888127326965, -1.693294882774353, -0.9483193159103394, -0.3341968059539795, -0.6075441837310791, -1.0848605632781982, 0.2430405616760254, -0.6082973480224609, 0.9280304312705994, 1.8060903549194336, 1.3753910064697266, 1.2975586652755737, -1.4317868947982788, -0.42678123712539673, -2.0261776447296143, 0.8011207580566406, 0.5061456561088562, -1.0106236934661865, 0.8608556985855103, -1.3362935781478882, 0.28041768074035645, 0.7497569918632507, -2.8387718200683594, 0.9576349258422852, -1.208294153213501, 0.18556132912635803, -0.8061850070953369, 0.3881642818450928, -0.8255488276481628, 0.2420828491449356, -0.15309110283851624, -2.4901504516601562, 0.47622814774513245, -1.100529670715332, 1.7215396165847778, -0.3708864450454712, -0.38453081250190735, -1.0759856700897217, 0.7667813301086426, -0.35338714718818665, -1.890417218208313, 0.19593895971775055, -1.2151856422424316, -0.7231716513633728, -0.33133235573768616, -0.8549100756645203, -1.0036218166351318, 0.8060696721076965, 0.2917206585407257, -1.1928433179855347, 0.5229729413986206, -1.7656984329223633, -0.5680015683174133, -0.9768705368041992, -0.38646870851516724, 0.7953143119812012, -1.286402702331543, 0.8273427486419678, 0.225185826420784, 0.6057015061378479, -1.5849394798278809, 0.9855446815490723, 0.8919112086296082, 0.772102415561676, 2.0890250205993652, -2.048279047012329, 1.0208919048309326, -0.1079249307513237, -1.573805332183838, -0.4097515046596527, 0.04572287201881409, -0.1887606531381607, 0.3866654634475708, 2.0181682109832764, 0.5904726386070251, 0.04644743353128433, -0.41426652669906616, -0.9229922294616699, -0.28864002227783203, 0.8699753284454346, -0.03089170902967453, -1.509570598602295, 1.2059736251831055, -1.3926808834075928, 0.2256912738084793, 0.4884055256843567, -0.0857418105006218, 0.34564435482025146, -0.7915984988212585, 0.035645291209220886, -0.5327723622322083, 0.5982261300086975, -1.100169062614441, -0.9974936246871948, -0.4233188331127167, 0.44868749380111694, -0.24422632157802582, 1.900544285774231, -1.8812768459320068, 1.6633714437484741, 0.41544002294540405, 0.6741036176681519, 1.1320397853851318, 0.1252598613500595, -0.047348953783512115, -0.9765865802764893, -0.5542914867401123, 1.8745815753936768, 0.8746514916419983, -0.6303179860115051, 0.02928929775953293, 0.9264662861824036, 2.0957250595092773]",yunet,Facenet,1920,1080,/home/amos/media/tv/modern_family/Modern.Family.S09.1080p.DSNP.WEB-DL.DDP5.1.H.264-CRFW/Modern.Family.S09E17.Royal.Visit.1080p.DSNP.WEB-DL.DDP5.1.H.264-CRFW.mkv,Modern Family,2009,1442437,9,17,Eric Stonestreet,156962.0,0.533
398,1248,144,1440,414,1332,240,1278,240,0.906,11568,0,"[1.1263755559921265, -0.996728777885437, -0.6187182664871216, 0.2512836158275604, 1.8477147817611694, 0.7796167135238647, 1.4054594039916992, 0.06599767506122589, 1.4465352296829224, 0.7748869061470032, -1.0491669178009033, -0.4178544282913208, -0.5959274172782898, 1.758147954940796, 0.25687021017074585, 0.04953914135694504, -0.525830864906311, -1.3879846334457397, -0.1910615861415863, -0.3757658898830414, -0.4214986562728882, 0.7559097409248352, -0.47450771927833557, 0.6827906966209412, 1.999302864074707, 0.724433183670044, 1.9373936653137207, -1.0598442554473877, -0.5968999266624451, -1.5189589262008667, 0.7718620300292969, 1.3037214279174805, -1.8722646236419678, 1.1091679334640503, -0.8358683586120605, -0.1879095435142517, 1.1943608522415161, -2.7836012840270996, 0.8626706004142761, -1.1098641157150269, -0.5479989051818848, 0.23421187698841095, 0.1669771671295166, -1.5992316007614136, 0.08494985848665237, -0.29611480236053467, -1.4424601793289185, 0.03964783251285553, -0.8509450554847717, 2.1787068843841553, -0.784237265586853, -0.5796913504600525, -1.733124017715454, 0.8989908695220947, -0.16028578579425812, -2.3432326316833496, 0.9313102960586548, -0.29992008209228516, -0.6921256184577942, -1.0245877504348755, -0.5969176888465881, -0.4303930997848511, 1.7385441064834595, 1.2179533243179321, -0.48850807547569275, 0.2768958806991577, -1.1223132610321045, 0.40270766615867615, -1.1294071674346924, -0.7224438190460205, 0.42992421984672546, -0.5478261709213257, 0.7022426128387451, 0.7157139182090759, 1.2827913761138916, -1.0717438459396362, 0.7464429140090942, 0.693621039390564, 0.45827364921569824, 1.5983550548553467, -2.8502063751220703, 1.6465052366256714, 0.10798577219247818, -1.3818446397781372, -0.7806505560874939, 0.5194472074508667, 0.3359035849571228, -0.0005638748407363892, 1.2676877975463867, 0.1266034096479416, 0.08327250182628632, -0.20427305996418, -0.4946536719799042, -0.44278180599212646, 2.046964168548584, 0.5742001533508301, -1.4466983079910278, 1.1218410730361938, -0.3531814515590668, 0.49015921354293823, 0.08503831923007965, 1.2246146202087402, -0.45064735412597656, -1.9064449071884155, 0.10280383378267288, -0.6136786341667175, -0.41729411482810974, 0.27453485131263733, 0.0011429861187934875, -1.5633723735809326, 0.04930068179965019, -0.6610860228538513, 2.029304027557373, -1.820199966430664, 1.234136700630188, 1.573104739189148, 0.6191564798355103, 1.596950888633728, -0.45944395661354065, 0.3879750370979309, -1.1426469087600708, 0.002988896332681179, 2.2881577014923096, -0.36276111006736755, -0.02560083568096161, -0.1905868500471115, 0.20327335596084595, 0.3310540020465851]",yunet,Facenet,1920,1080,/home/amos/media/tv/modern_family/Modern.Family.S09.1080p.DSNP.WEB-DL.DDP5.1.H.264-CRFW/Modern.Family.S09E17.Royal.Visit.1080p.DSNP.WEB-DL.DDP5.1.H.264-CRFW.mkv,Modern Family,2009,1442437,9,17,Eric Stonestreet,156962.0,0.589
399,1272,138,1440,390,1320,234,1296,234,0.908,11592,0,"[1.0831831693649292, -1.7369838953018188, -0.8429701924324036, -0.6811840534210205, 1.4195256233215332, 0.6243664622306824, 0.7134324908256531, 0.25679895281791687, 1.0450043678283691, 0.7719760537147522, -0.33172860741615295, -1.0113670825958252, -0.4095219373703003, 1.3148131370544434, -0.11464738845825195, 0.11303409934043884, -0.7653053998947144, -2.197378158569336, -0.23862779140472412, -0.4065868854522705, -0.03858812898397446, 0.33417534828186035, 0.6034265756607056, 0.6422432661056519, 1.4665707349777222, 0.34620562195777893, 1.846774935722351, -0.9056217670440674, 0.18678055703639984, -0.6540910601615906, 0.7244610786437988, 0.9408994317054749, -0.8043944835662842, 1.723221778869629, -0.9703702330589294, 0.9221243262290955, 0.8670002222061157, -2.2653517723083496, 1.1371569633483887, -1.1450536251068115, -0.1194329708814621, 0.21015353500843048, -0.6465339660644531, -1.8077656030654907, 0.12538017332553864, -0.9471651911735535, -1.2894924879074097, -0.006982810795307159, -1.1654393672943115, 1.0955697298049927, -1.5430729389190674, -1.1810200214385986, -2.0517947673797607, 1.0967426300048828, -1.4597519636154175, -1.4180395603179932, 0.3086097836494446, 0.10720279812812805, -0.8156469464302063, -1.2547968626022339, -0.882839560508728, -0.7655154466629028, 0.7384040951728821, 0.7686681747436523, -1.313293218612671, 0.14657936990261078, -1.0220234394073486, 0.2240496128797531, -0.8151857256889343, -0.7834588289260864, 0.6221976280212402, 0.05376139283180237, 0.7711776494979858, 1.0438988208770752, 1.4035429954528809, -0.6076860427856445, 1.2217791080474854, 0.6228230595588684, 0.7272220849990845, 1.205989122390747, -3.0190818309783936, 1.0117063522338867, -0.12689010798931122, -1.419337511062622, 0.060810692608356476, -0.20194493234157562, 0.8498079180717468, -0.27064239978790283, 1.5415270328521729, 0.44635170698165894, -0.24996241927146912, -0.02202647738158703, -0.8230196833610535, 0.15153460204601288, 1.5712980031967163, 0.7498818039894104, -2.308302164077759, 0.7471823692321777, -0.9818481802940369, -0.16872403025627136, 0.47170549631118774, 1.0845592021942139, -0.13664133846759796, -1.9129691123962402, 0.6747394800186157, 0.45508939027786255, 0.5323712825775146, -0.9678443670272827, -0.16023384034633636, -1.2510178089141846, 1.0532760620117188, -0.3942110538482666, 1.075932264328003, -1.7995579242706299, 1.757396936416626, 2.1316146850585938, 0.6770366430282593, 0.5181770324707031, -1.2775803804397583, 0.5513944029808044, -0.7935155034065247, 0.5574369430541992, 1.8480124473571777, 0.23494461178779602, -0.15173916518688202, -0.31923002004623413, 0.3327234387397766, 0.6438987851142883]",yunet,Facenet,1920,1080,/home/amos/media/tv/modern_family/Modern.Family.S09.1080p.DSNP.WEB-DL.DDP5.1.H.264-CRFW/Modern.Family.S09E17.Royal.Visit.1080p.DSNP.WEB-DL.DDP5.1.H.264-CRFW.mkv,Modern Family,2009,1442437,9,17,Eric Stonestreet,156962.0,0.534
400,1302,156,1482,438,1374,264,1338,264,0.914,11616,0,"[1.2221181392669678, -1.039097785949707, -0.8171865344047546, -0.6225404143333435, 1.7714247703552246, 1.005690097808838, 1.3285049200057983, 0.3954033851623535, 1.1865003108978271, 0.726059079170227, -0.5445218086242676, -0.6988970637321472, -0.10576850175857544, 1.6242766380310059, -0.028436094522476196, 0.8349582552909851, -0.613122820854187, -2.6002912521362305, -0.1554611623287201, -0.2652812600135803, -0.5178408026695251, 1.6235874891281128, 0.8061755895614624, 0.6630644798278809, 1.4991796016693115, 0.6492772698402405, 2.2060365676879883, -0.8456812500953674, 0.07637852430343628, -0.9505337476730347, 0.09690982848405838, 1.2443903684616089, -1.5639326572418213, 1.3825782537460327, -0.6395447850227356, -0.24842242896556854, 1.1324306726455688, -1.6667543649673462, 1.2001514434814453, -1.140395164489746, -0.846645176410675, -0.1652982085943222, -1.0798362493515015, -1.478744387626648, 0.06340613961219788, -0.9915037155151367, -1.1701908111572266, -1.3612046241760254, 0.04436542093753815, 2.1132802963256836, -1.7266019582748413, -1.2162762880325317, -1.658272624015808, -0.15164853632450104, -1.1729662418365479, -2.210808753967285, 0.973400354385376, 0.3863319158554077, -1.0934721231460571, -0.9820733070373535, -1.3387202024459839, -0.5581943392753601, 0.739642858505249, 0.5069949626922607, -1.7868682146072388, -0.20440678298473358, -0.5843718647956848, 0.22604286670684814, -0.3115632236003876, -1.1675877571105957, -0.022894173860549927, 0.30135053396224976, 0.3434135615825653, 1.1029787063598633, 1.3755141496658325, -0.5474521517753601, 0.3045910894870758, 0.411029189825058, 0.8867655396461487, 1.037883996963501, -2.8773725032806396, 1.5415973663330078, 0.13244205713272095, -1.5456397533416748, -0.5480660796165466, 0.37271809577941895, 1.101550579071045, 0.04725740849971771, 0.9196399450302124, 0.27430078387260437, 0.1267051100730896, -0.513472318649292, -1.0201159715652466, -0.7472577095031738, 2.3407633304595947, 0.6326724886894226, -2.505619525909424, 1.1168251037597656, -0.3791569769382477, -0.4222191274166107, 0.31800752878189087, 0.832265317440033, -0.9854339361190796, -2.0328824520111084, 0.7414668798446655, -0.29784703254699707, 0.6510081887245178, -0.5242835283279419, -0.1630828082561493, -1.7155824899673462, 0.9526572227478027, -0.6580116152763367, 1.58818781375885, -1.2653756141662598, 1.4296109676361084, 1.9426672458648682, 0.9561597108840942, 0.6284967660903931, -1.0860037803649902, 1.1141180992126465, -0.4717411994934082, 0.4941205680370331, 1.1870015859603882, 0.017164086923003197, -0.32706600427627563, -0.48222479224205017, -0.191301167011261, 0.026138681918382645]",yunet,Facenet,1920,1080,/home/amos/media/tv/modern_family/Modern.Family.S09.1080p.DSNP.WEB-DL.DDP5.1.H.264-CRFW/Modern.Family.S09E17.Royal.Visit.1080p.DSNP.WEB-DL.DDP5.1.H.264-CRFW.mkv,Modern Family,2009,1442437,9,17,Eric Stonestreet,156962.0,0.58
401,1188,132,1374,414,1266,258,1224,252,0.919,11640,0,"[-0.10908728837966919, -0.5772635340690613, -0.5533548593521118, 0.1602628231048584, 1.6166216135025024, -0.5191462635993958, 1.0148444175720215, 0.10294388234615326, 0.5931549668312073, 0.7419018745422363, -1.0341088771820068, -0.16241739690303802, -0.3294399380683899, 1.3190364837646484, 0.9108068943023682, 1.1400779485702515, -0.7791304588317871, -1.7918808460235596, -0.9605233669281006, -0.019621890038251877, -0.7098538875579834, 1.110026240348816, -0.1367620825767517, 1.5359326601028442, 1.3700382709503174, 1.4579800367355347, 1.6153844594955444, -0.1942838728427887, 0.9446095824241638, -1.1717268228530884, 0.5313076972961426, 1.3373693227767944, -1.545350432395935, 1.2912298440933228, -0.9118711352348328, -1.2557653188705444, 1.1885906457901, -2.6868302822113037, 0.7475144267082214, -0.9576654434204102, -0.6886712908744812, 0.18901558220386505, -0.3561464846134186, -0.6686575412750244, -0.024542177096009254, -0.3680761754512787, -1.1657135486602783, -0.9440566301345825, -0.26039159297943115, 2.7032127380371094, -0.379852294921875, -0.44692352414131165, -1.4059499502182007, 0.46719783544540405, -0.5297775864601135, -2.495220899581909, 0.9036441445350647, -0.3889731466770172, -0.8368882536888123, -0.054619200527668, -0.5055423378944397, -1.0411558151245117, 0.8759378790855408, 0.7462860941886902, -1.7052934169769287, 0.4143604636192322, -0.7137598395347595, 0.11125212162733078, -0.15654230117797852, -1.363432765007019, -0.5648401975631714, -0.7895225286483765, 1.572134017944336, 0.2841242551803589, 1.7861559391021729, -0.7899140119552612, 0.7328346967697144, 0.8593373894691467, 0.7110221982002258, 0.9261602163314819, -3.345409393310547, 1.947760820388794, -0.5402831435203552, -1.6310951709747314, -1.4593008756637573, 0.861751914024353, -0.07097538560628891, 0.13375478982925415, 1.15910005569458, 0.8642556071281433, 0.35082313418388367, -0.40083205699920654, -0.5739768147468567, -1.0658584833145142, 2.8129148483276367, 0.098404660820961, -1.3029605150222778, 1.19523024559021, -0.9542538523674011, -0.697507917881012, 0.4660199284553528, 0.9356302618980408, -0.8244855403900146, -0.8998634815216064, 1.0390195846557617, -0.9976764917373657, 0.021830525249242783, 0.1433449685573578, -0.6053945422172546, -0.7159285545349121, 0.20949213206768036, -0.2146017998456955, 2.091525077819824, -1.6164836883544922, 1.2672408819198608, 1.0186243057250977, 0.5214967727661133, 0.20825515687465668, -0.7008060812950134, 0.15359951555728912, -0.5981876850128174, -0.6836907863616943, 1.3712356090545654, -0.5171853303909302, -0.3023102283477783, -0.8209459185600281, 0.2705177068710327, 0.8229504227638245]",yunet,Facenet,1920,1080,/home/amos/media/tv/modern_family/Modern.Family.S09.1080p.DSNP.WEB-DL.DDP5.1.H.264-CRFW/Modern.Family.S09E17.Royal.Visit.1080p.DSNP.WEB-DL.DDP5.1.H.264-CRFW.mkv,Modern Family,2009,1442437,9,17,Eric Stonestreet,156962.0,0.668
402,1110,138,1308,408,1224,234,1140,234,0.928,11664,0,"[0.32162579894065857, -0.0054109469056129456, -1.0479084253311157, 1.0347942113876343, 2.6461141109466553, -0.5293059349060059, 1.3471375703811646, -0.1414288878440857, 0.8942601680755615, 0.6548079252243042, -1.0245641469955444, -0.3509763181209564, 0.009237870573997498, 0.9541850090026855, 1.1962484121322632, 0.3285130262374878, -0.7482773065567017, -1.6267633438110352, -0.7909044623374939, -0.838875412940979, -1.8691308498382568, 1.2720046043395996, -1.0334688425064087, 2.3492777347564697, 1.6243317127227783, 1.1288059949874878, 2.313176155090332, -0.2748291790485382, 0.44636672735214233, -1.1093770265579224, 0.48936864733695984, 0.6909238696098328, -1.6996699571609497, 0.5941125750541687, -0.9644317030906677, -0.7881448864936829, 1.0107309818267822, -2.4753124713897705, 0.17829197645187378, -0.6808978319168091, -0.2661691904067993, -0.475140243768692, 0.5299121141433716, -0.059520211070775986, 0.2912903428077698, -0.3404103219509125, -1.4865314960479736, -0.38773977756500244, 0.5009834170341492, 1.6003482341766357, 0.19189752638339996, -0.29869142174720764, -1.1311358213424683, 0.8340651392936707, -0.5668426752090454, -1.6901789903640747, 0.4150901734828949, -1.943233847618103, -0.03711940348148346, -0.21459567546844482, -1.426335334777832, -0.28842514753341675, 1.3164206743240356, 0.26926591992378235, -1.0858161449432373, 1.188625693321228, -1.3270407915115356, -0.12208873778581619, -0.9986966848373413, -0.6751254796981812, -0.15622611343860626, -0.6748030185699463, 1.852020263671875, 0.6281655430793762, 0.2445525974035263, -0.9534963965415955, 0.6753884553909302, 1.3017843961715698, 0.3283148407936096, 1.2349730730056763, -2.7069849967956543, 2.3867363929748535, -0.9743433594703674, -0.6314321160316467, -0.628638505935669, 0.20722702145576477, 0.17582429945468903, -0.12332011759281158, 1.2985820770263672, 0.8996175527572632, 1.124286413192749, 0.44506409764289856, -0.08690327405929565, -0.9668862223625183, 1.4918081760406494, 0.2017175257205963, -0.1464027315378189, 1.07955801486969, -0.7652847766876221, -0.04608103632926941, -0.2934039831161499, -0.29950618743896484, 0.34537965059280396, -0.7121858596801758, 0.7667802572250366, -0.5943912267684937, -0.3823751211166382, 0.6156325340270996, -0.3977430760860443, -0.5624719262123108, 0.3456425070762634, -0.8476641178131104, 1.9543306827545166, -1.2448806762695312, 1.4115320444107056, 0.7134337425231934, 0.46849000453948975, 1.0457730293273926, 0.39248210191726685, 0.2782832682132721, -0.39957427978515625, -0.914334774017334, 1.4107904434204102, 0.19862210750579834, -0.3228183388710022, -0.049709439277648926, 0.6294746398925781, -0.07001997530460358]",yunet,Facenet,1920,1080,/home/amos/media/tv/modern_family/Modern.Family.S09.1080p.DSNP.WEB-DL.DDP5.1.H.264-CRFW/Modern.Family.S09E17.Royal.Visit.1080p.DSNP.WEB-DL.DDP5.1.H.264-CRFW.mkv,Modern Family,2009,1442437,9,17,Eric Stonestreet,156962.0,0.659
403,930,174,1140,474,1032,288,966,288,0.92,11688,0,"[0.4650253355503082, -0.11768003553152084, -0.4710029363632202, 0.45652374625205994, 2.1100540161132812, -0.47836408019065857, 1.0896748304367065, 0.10897649824619293, 1.1841576099395752, 0.6014464497566223, -1.7881871461868286, -0.04531066119670868, -0.2156348079442978, 1.4494516849517822, 0.8073757886886597, 0.26176297664642334, -0.9950981140136719, -1.6471831798553467, -0.7223940491676331, -0.9085564613342285, -1.3593472242355347, 0.8429697751998901, -1.4115509986877441, 1.6976019144058228, 1.73042631149292, 0.7971936464309692, 1.7736495733261108, -0.16410647332668304, 0.050601646304130554, -1.590107798576355, 0.24764631688594818, 0.8842478394508362, -1.0439767837524414, 0.2823827266693115, -0.9068928360939026, -0.9631026387214661, 1.3713518381118774, -2.9352080821990967, 0.41670817136764526, -0.8134472370147705, -0.29912394285202026, -0.3069440722465515, 0.3816406726837158, -0.6318985819816589, -0.46861931681632996, -0.6614694595336914, -2.3499367237091064, 0.033274970948696136, -0.19517111778259277, 1.6425063610076904, 0.4364951252937317, -0.16787691414356232, -1.1019924879074097, 0.4618610143661499, -0.0655682384967804, -1.6873726844787598, 0.3685266077518463, -2.0474236011505127, -0.3106688857078552, -0.06232504919171333, -1.243306279182434, -0.6930162906646729, 0.9521002769470215, 0.557894229888916, -1.1901493072509766, 1.1677241325378418, -1.1212936639785767, -0.04783414304256439, -0.7280749678611755, -0.34216976165771484, 0.41737866401672363, -0.8277792930603027, 1.8709784746170044, 0.23124046623706818, 1.0164837837219238, -1.1281557083129883, 1.1383274793624878, 1.1394137144088745, 0.5496624708175659, 1.1345733404159546, -2.394698143005371, 2.0979487895965576, -0.7933820486068726, -1.0012400150299072, -0.5494331121444702, -0.12411835044622421, -0.07729603350162506, -0.8715869188308716, 1.3906689882278442, 1.3298397064208984, 0.36269399523735046, -0.18962819874286652, -0.5482314825057983, -0.9410197138786316, 1.1679069995880127, 0.22975610196590424, -0.5159460306167603, 1.4391921758651733, -1.1455624103546143, 0.06707622855901718, 0.16916176676750183, 0.16809788346290588, -0.05114385485649109, -1.0442451238632202, 0.3570030927658081, -0.8224375247955322, -0.3642013370990753, -0.3653140962123871, -0.7693427801132202, 0.1571136862039566, 0.24514903128147125, -0.09596486389636993, 1.8383837938308716, -1.685387372970581, 1.3317646980285645, 0.6021002531051636, 0.5497925281524658, 0.9816639423370361, -0.15436682105064392, 0.05673057958483696, -0.09895141422748566, -1.5368818044662476, 1.6879615783691406, 0.5021328926086426, -0.1603458672761917, 0.06474850326776505, 0.7360875606536865, 1.069161295890808]",yunet,Facenet,1920,1080,/home/amos/media/tv/modern_family/Modern.Family.S09.1080p.DSNP.WEB-DL.DDP5.1.H.264-CRFW/Modern.Family.S09E17.Royal.Visit.1080p.DSNP.WEB-DL.DDP5.1.H.264-CRFW.mkv,Modern Family,2009,1442437,9,17,Eric Stonestreet,156962.0,0.633
404,1062,150,1284,450,1188,258,1086,264,0.929,11712,0,"[0.5569624900817871, -0.16389264166355133, -0.3184870779514313, 0.7598796486854553, 2.928943157196045, -0.5415423512458801, 1.359095573425293, 0.47491922974586487, 0.7140042185783386, -0.03737831488251686, -1.0314565896987915, -0.14987599849700928, 0.14898361265659332, 0.7006832361221313, 1.3908904790878296, 0.4394001364707947, -0.6818699836730957, -1.681881308555603, -0.22011157870292664, -0.2816987633705139, -1.8938645124435425, 0.9080783724784851, -0.5364744663238525, 1.715787410736084, 1.4760280847549438, 0.8486249446868896, 1.9524961709976196, 0.10884689539670944, 0.3439938426017761, -1.2961865663528442, 0.5314052104949951, 0.6876034736633301, -1.2714143991470337, 0.3692082464694977, -1.4822958707809448, -0.5497233867645264, 1.097043752670288, -3.069342613220215, -0.3555785119533539, -0.81621253490448, -0.1465243697166443, -0.691209614276886, 0.2952606678009033, 0.04023098945617676, 0.7366185784339905, -0.17872682213783264, -1.7664560079574585, -0.35133615136146545, 0.2088201493024826, 1.7243529558181763, 0.21194174885749817, -0.0914512574672699, -1.4077190160751343, 0.8780997395515442, -0.5524790287017822, -1.8197380304336548, -0.41662266850471497, -1.5822510719299316, 0.12404321879148483, 0.47728869318962097, -1.015811562538147, -0.6629137396812439, 1.530275821685791, 0.09841315448284149, -1.583683729171753, 0.8727486729621887, -1.1976851224899292, -0.3492574691772461, -0.7324628233909607, -0.3288390040397644, -0.3092133700847626, -1.0107886791229248, 1.510118842124939, 1.0956177711486816, 0.21241748332977295, -0.5589041709899902, 0.4317604601383209, 1.3588529825210571, 0.6405616998672485, 1.3800184726715088, -2.5197031497955322, 2.8841514587402344, -0.9211487770080566, -1.2834298610687256, -0.26810020208358765, -0.9028021097183228, 0.31664958596229553, -0.8058469295501709, 1.2454147338867188, 0.8279837369918823, 0.17159846425056458, 0.30387070775032043, -0.6258285641670227, -1.244311809539795, 0.8581597208976746, -0.3281696140766144, -0.9231440424919128, 1.011344075202942, -0.9288632273674011, 0.3544154465198517, -0.2817773222923279, -0.48170751333236694, 0.23285767436027527, -0.5457123517990112, 0.37516921758651733, -0.15721675753593445, 0.0225183367729187, 0.42221713066101074, -0.9037967324256897, -0.2914416193962097, -0.1928892880678177, -0.20766453444957733, 2.158400297164917, -2.103733777999878, 1.7890528440475464, 0.9663933515548706, 0.8214113712310791, 0.21269287168979645, -0.17035001516342163, -0.2204815000295639, 0.3424426317214966, -1.0702332258224487, 1.3664135932922363, 0.7376627922058105, -0.10678009688854218, -0.3003256320953369, 0.19095559418201447, 0.6429266333580017]",yunet,Facenet,1920,1080,/home/amos/media/tv/modern_family/Modern.Family.S09.1080p.DSNP.WEB-DL.DDP5.1.H.264-CRFW/Modern.Family.S09E17.Royal.Visit.1080p.DSNP.WEB-DL.DDP5.1.H.264-CRFW.mkv,Modern Family,2009,1442437,9,17,Eric Stonestreet,156962.0,0.625
405,432,240,648,522,618,360,528,354,0.9,11712,1,"[-1.7275537252426147, -1.7432650327682495, -0.19129586219787598, -0.8617144823074341, 0.8970966935157776, -0.31963610649108887, 0.3319399356842041, -0.9756878614425659, 2.3793680667877197, 0.4110347330570221, 2.1286213397979736, -2.8047587871551514, -0.5844351053237915, -1.5936572551727295, -1.1981022357940674, 0.5892148017883301, 0.287122905254364, 0.015330441296100616, -0.8762271404266357, -0.3018650710582733, 1.2938460111618042, -0.16782553493976593, 2.5418572425842285, 0.3009222149848938, 0.36354029178619385, 1.9291397333145142, 1.2046374082565308, -2.4488577842712402, 1.851101040840149, -0.16893677413463593, -0.2729431688785553, -0.6493269801139832, 0.583759069442749, 0.41782742738723755, 0.666486382484436, 1.8761603832244873, 0.27140775322914124, 0.7120599150657654, -0.6643756031990051, -1.9959750175476074, 0.06620355695486069, -0.09611795097589493, -0.8678188323974609, 0.5124636888504028, 0.5909568667411804, -0.41968148946762085, -0.7408850789070129, -0.42715615034103394, -0.33979153633117676, -0.4072708189487457, 0.014413904398679733, -0.4895614981651306, -2.3706583976745605, 0.5160418748855591, -2.2055470943450928, -0.5673502683639526, 1.7253329753875732, 0.00901658833026886, -1.690265417098999, -1.4827131032943726, 0.32137009501457214, 0.5206516981124878, -0.4968850612640381, 1.1424057483673096, -1.0181190967559814, 2.037586212158203, 0.5599876642227173, -0.0033620959147810936, 1.7211345434188843, -1.161002516746521, -0.5803962349891663, -1.2224870920181274, -1.3134347200393677, -1.7254018783569336, 2.1524128913879395, 0.09690631926059723, -1.2254633903503418, -0.6784166097640991, -1.041449785232544, -1.2782258987426758, -1.5052965879440308, 1.291230320930481, -0.3355645537376404, -0.915235698223114, -0.6536851525306702, 1.5020798444747925, -0.5675493478775024, 1.7132171392440796, 0.07671308517456055, 0.37432557344436646, 0.544651210308075, 0.48566779494285583, 2.483818769454956, 1.7793439626693726, -0.10917164385318756, 2.4146523475646973, -1.405168890953064, -0.06344333291053772, -1.7623341083526611, -0.6780102252960205, 0.2833617925643921, -0.46930617094039917, 0.9053887724876404, -0.8279808759689331, 1.055466890335083, 1.2721366882324219, -0.49450674653053284, 0.6263083219528198, 0.5321336388587952, -0.5043911933898926, -0.38728833198547363, -0.2414507418870926, 0.2583554983139038, 0.2564755082130432, -0.030026527121663094, 1.2278789281845093, -0.8802018165588379, -2.267367124557495, -1.0962496995925903, 0.12368972599506378, -0.3208848237991333, 0.2873866558074951, 0.14180374145507812, -1.1545746326446533, 1.0035374164581299, -1.3990007638931274, 1.1063203811645508, -0.46587857604026794]",yunet,Facenet,1920,1080,/home/amos/media/tv/modern_family/Modern.Family.S09.1080p.DSNP.WEB-DL.DDP5.1.H.264-CRFW/Modern.Family.S09E17.Royal.Visit.1080p.DSNP.WEB-DL.DDP5.1.H.264-CRFW.mkv,Modern Family,2009,1442437,9,17,Jesse Tyler Ferguson,204815.0,0.669
406,1116,168,1320,450,1230,270,1152,270,0.922,11736,0,"[0.04722576215863228, -0.8789801597595215, 0.023218629881739616, 0.7150488495826721, 1.9011746644973755, -0.01939915306866169, 0.49607568979263306, -0.47078758478164673, 1.6313568353652954, 0.3803372383117676, -1.2374886274337769, -0.10560537874698639, -0.8431017994880676, 0.9288339614868164, 0.45161741971969604, -0.5227667093276978, -1.2563663721084595, -1.2298046350479126, -0.7632418274879456, -0.9417725801467896, -0.5464458465576172, 0.20651273429393768, -0.8279284834861755, 1.5548827648162842, 2.1875014305114746, 0.2054845094680786, 1.4736238718032837, -0.545240044593811, 0.6832014918327332, -1.4418458938598633, 0.9925628900527954, 0.2713516652584076, -1.8577340841293335, 1.350462794303894, -1.2410593032836914, -0.58916175365448, 0.9175615310668945, -2.8539364337921143, 0.505898118019104, -1.5279488563537598, -0.20019780099391937, 0.1559966504573822, 0.030266866087913513, -0.1846572905778885, -0.6513994932174683, 0.04400770738720894, -1.3143666982650757, -0.13466982543468475, -0.8371042609214783, 1.8215223550796509, -0.43553900718688965, -0.898462176322937, -1.1199249029159546, 1.1234519481658936, -0.026396285742521286, -1.6791586875915527, 0.28163424134254456, -1.7550300359725952, -0.3814083933830261, 0.1778498888015747, -0.6444843411445618, -0.7878630757331848, 0.9527305364608765, 0.3519951403141022, -0.7881311774253845, 1.5017404556274414, -2.10551381111145, 0.665173351764679, -1.2157402038574219, -0.8300517797470093, -0.32907530665397644, -0.5767906904220581, 0.7297114133834839, 0.2630939483642578, 0.6795604825019836, -0.08382822573184967, 1.0094447135925293, 1.3797115087509155, 0.4889160394668579, 1.8793399333953857, -3.1540372371673584, 1.205023169517517, -0.21262067556381226, -0.7037122249603271, -0.09331285208463669, -0.36713114380836487, 0.5372886061668396, 0.11687356233596802, 0.9614735841751099, 0.677609384059906, 0.8781388401985168, -0.1862497627735138, -0.7570854425430298, -0.8380646109580994, 1.765611171722412, 0.31180664896965027, -1.3893296718597412, 1.0949220657348633, 0.07887087762355804, -0.4641033411026001, 0.1592591553926468, 0.6962536573410034, 0.2235744297504425, -1.032791018486023, 0.6641678214073181, -0.09168656170368195, -0.5916308760643005, -0.0066509246826171875, -0.7149890065193176, -1.8383992910385132, 0.9294366240501404, -1.3203952312469482, 1.3696463108062744, -2.3449814319610596, 1.4190309047698975, 1.8728435039520264, 0.7205262184143066, 1.6432452201843262, -0.2565441131591797, 0.6526459455490112, -0.34057295322418213, -0.8913697004318237, 1.919542908668518, 0.3174463212490082, -0.09306047856807709, -0.767045259475708, 0.07851153612136841, 1.0008833408355713]",yunet,Facenet,1920,1080,/home/amos/media/tv/modern_family/Modern.Family.S09.1080p.DSNP.WEB-DL.DDP5.1.H.264-CRFW/Modern.Family.S09E17.Royal.Visit.1080p.DSNP.WEB-DL.DDP5.1.H.264-CRFW.mkv,Modern Family,2009,1442437,9,17,Eric Stonestreet,156962.0,0.659
407,696,168,942,516,894,300,768,300,0.929,11760,0,"[-2.0632452964782715, -0.2965332269668579, -0.9406176209449768, -0.1051495298743248, 1.6274704933166504, -0.41639015078544617, -0.6439396739006042, 1.4423273801803589, -0.013056604191660881, 0.5177019834518433, -0.9110094904899597, 0.5924952626228333, -0.6282157301902771, -2.064464569091797, 0.542049765586853, -1.3781869411468506, -1.0106383562088013, 0.06534083187580109, -0.1542166769504547, -2.4129672050476074, -0.17416556179523468, -0.30179277062416077, -0.23567518591880798, -0.6336897015571594, 0.06536184251308441, 0.3853905498981476, 0.4761704206466675, 0.8000367879867554, -1.0232787132263184, 1.2982033491134644, 0.16146555542945862, -0.27838757634162903, 1.0424644947052002, -2.5271387100219727, 1.5099992752075195, -0.8307497501373291, 0.9210439920425415, -1.2360165119171143, 1.4084553718566895, -0.8581116199493408, 0.31746992468833923, -0.22991712391376495, -2.6507742404937744, 0.10727138817310333, 1.0132032632827759, 0.8299403786659241, 0.0597158782184124, -0.614229679107666, -0.8147541284561157, 1.1989713907241821, -1.191238284111023, 1.3800647258758545, 2.1560027599334717, -0.575847327709198, -0.034048665314912796, 0.8596969842910767, 0.9776613712310791, -2.5928194522857666, 0.13431382179260254, -0.5287174582481384, 0.9899892210960388, -2.046292781829834, -0.032597921788692474, -2.2072603702545166, -0.11750123649835587, -1.0012863874435425, -0.5762578248977661, -0.05697385221719742, -1.2579983472824097, -1.2760881185531616, -0.029988080263137817, 0.7314081192016602, -1.8689134120941162, -1.8496193885803223, 1.5543231964111328, -0.9082697033882141, 0.5151550769805908, 2.3911972045898438, 0.13936972618103027, 0.8457170724868774, -1.4218968152999878, -0.1255805939435959, -0.515413224697113, -1.20829439163208, 0.7743253707885742, 0.6456160545349121, -1.1615092754364014, 0.8202741146087646, 0.26559609174728394, 1.2479461431503296, -1.162856936454773, -0.07827449589967728, -1.9953964948654175, 0.8465742468833923, 0.5900465250015259, -0.5542809963226318, 0.27696889638900757, -0.7079800963401794, -0.3202260732650757, -0.21340429782867432, 1.5047755241394043, 0.9269556403160095, 1.3256278038024902, -1.6829946041107178, -0.31439465284347534, 0.9992043375968933, -0.677195131778717, -0.12685073912143707, 1.0251282453536987, 1.646388053894043, -1.1984705924987793, 0.3225611448287964, -0.8180357217788696, -0.615070104598999, 0.5749489665031433, 0.6757423877716064, -0.39671844244003296, -0.49405407905578613, -0.12377995997667313, 0.17794659733772278, 0.17457613348960876, -0.8162631988525391, -0.06579121947288513, 0.32588866353034973, -0.06859062612056732, -0.7051640152931213, -0.45692774653434753, 0.8735302686691284]",yunet,Facenet,1920,1080,/home/amos/media/tv/modern_family/Modern.Family.S09.1080p.DSNP.WEB-DL.DDP5.1.H.264-CRFW/Modern.Family.S09E17.Royal.Visit.1080p.DSNP.WEB-DL.DDP5.1.H.264-CRFW.mkv,Modern Family,2009,1442437,9,17,Alexander Hodge,1914589.0,0.791
408,534,174,744,450,720,264,654,270,0.908,11808,0,"[-0.5285496711730957, -2.0284664630889893, -1.0959789752960205, -0.8428331613540649, 0.4118703603744507, -0.6417304873466492, -0.8281412124633789, -0.6822070479393005, 2.2629270553588867, 0.3928351402282715, 1.965523600578308, -2.6617395877838135, 0.41869741678237915, -1.195261836051941, -1.0160661935806274, 0.7586601972579956, -0.31053125858306885, -0.9363707304000854, -0.41841888427734375, -0.28254252672195435, 1.619894027709961, -0.15485812723636627, 1.7165541648864746, 0.033948808908462524, 0.45552194118499756, 1.2086182832717896, 1.4907541275024414, -1.5249300003051758, 1.4711397886276245, -0.2807323634624481, -0.5784218311309814, 0.8770697712898254, 0.44159889221191406, 0.4231519103050232, 0.21879704296588898, 1.110625147819519, 0.9029579162597656, 0.8301698565483093, 0.014195255935192108, -1.9186354875564575, 0.4590519070625305, 1.0527000427246094, -0.19047963619232178, -0.5309677720069885, -0.3868478834629059, -0.9707191586494446, -1.1246024370193481, 0.24379469454288483, 0.23706276714801788, 0.060733962804079056, 0.029516056180000305, -0.3351689875125885, -2.1951441764831543, 0.8364468812942505, -0.8727062344551086, -0.3750251829624176, 2.165519952774048, 0.49960827827453613, -1.445587396621704, -1.0855518579483032, 0.03566402196884155, 0.6163933873176575, -0.9017629623413086, 2.000016927719116, -0.6488574147224426, 1.7085003852844238, 0.8036479353904724, -0.4916108250617981, 0.018771741539239883, -1.0718882083892822, -0.4330058693885803, -0.04443127661943436, -1.621468424797058, -0.06719362735748291, 0.9142618179321289, -0.061760637909173965, -1.515940546989441, -0.5123870968818665, -1.1776423454284668, -1.933492660522461, -1.7233829498291016, 1.2302943468093872, 0.904526948928833, -0.31026503443717957, -0.4061914384365082, -0.4732360243797302, -0.4032779335975647, 1.0580353736877441, -0.5065804719924927, -1.4663573503494263, 0.03459014743566513, 0.052282243967056274, 1.5808767080307007, 1.7937368154525757, 0.8635286688804626, 1.9540157318115234, -1.8141237497329712, 0.3390682339668274, -1.6953623294830322, -2.147753953933716, 0.6180772185325623, -1.6010918617248535, -0.40169113874435425, -1.1304857730865479, 1.0448157787322998, 1.367584466934204, 0.37505248188972473, 0.3298763334751129, 0.9432198405265808, -0.2972235381603241, 0.6603643298149109, -1.6123442649841309, 0.4675532281398773, 0.5814175605773926, -0.5852424502372742, 1.3580677509307861, 0.30684855580329895, -2.277777910232544, -1.9045557975769043, 0.7936614155769348, 0.25336089730262756, 0.3949747681617737, 0.6928868293762207, -1.0485479831695557, 0.9511290192604065, -0.8929265737533569, 0.7684636116027832, -1.2600992918014526]",yunet,Facenet,1920,1080,/home/amos/media/tv/modern_family/Modern.Family.S09.1080p.DSNP.WEB-DL.DDP5.1.H.264-CRFW/Modern.Family.S09E17.Royal.Visit.1080p.DSNP.WEB-DL.DDP5.1.H.264-CRFW.mkv,Modern Family,2009,1442437,9,17,Jesse Tyler Ferguson,204815.0,0.725
409,1290,96,1488,360,1440,192,1344,192,0.921,11832,0,"[1.023918628692627, -0.3473723232746124, -0.4924575686454773, 0.04412064701318741, 2.588106393814087, -0.2369583547115326, 1.7083948850631714, -0.5714629888534546, 0.8448983430862427, 0.22432692348957062, -1.1926484107971191, -0.922965407371521, -0.7030729651451111, 1.1173948049545288, 0.6860833168029785, 0.3671795725822449, -1.0076326131820679, -1.4483485221862793, -0.1360279619693756, -0.90062415599823, -1.0301371812820435, 1.560729742050171, 0.17945316433906555, 1.7612957954406738, 2.4432449340820312, 0.9465447068214417, 0.871538519859314, -1.1874067783355713, 0.927619457244873, -0.6422616839408875, 1.3515912294387817, 0.1585795134305954, -2.025738000869751, 1.3497629165649414, -0.4570222795009613, -0.2758015990257263, 1.0289125442504883, -1.8238428831100464, 0.5034371614456177, -0.9443968534469604, -0.59432452917099, -0.3188704252243042, -0.48449578881263733, -0.3493357300758362, 0.47277313470840454, 0.2217840850353241, -1.644160509109497, -0.4848838150501251, -0.35497647523880005, 1.8030803203582764, -0.693229615688324, -0.6281837821006775, -1.165091633796692, 0.6928945779800415, -1.391043782234192, -1.9864075183868408, 0.41054853796958923, -1.4845709800720215, -0.7020783424377441, 0.19115206599235535, -0.6484172940254211, -0.7361202239990234, 0.8143745064735413, -0.67448490858078, -1.8155617713928223, 0.40995854139328003, -0.8127561211585999, -0.16113637387752533, -0.3509112596511841, -0.4858393371105194, 0.5295894145965576, -0.4270794689655304, 0.18048010766506195, -0.15557892620563507, 0.45770734548568726, -0.9082279205322266, 0.5832939147949219, 0.9193372130393982, 0.5345665216445923, 1.253782868385315, -2.1196908950805664, 2.126943349838257, -0.23205307126045227, -1.196733832359314, -0.8019647002220154, 0.4570139944553375, 0.23785454034805298, -0.29033714532852173, 1.8334354162216187, 0.6125783920288086, 0.8051963448524475, -0.10637907683849335, -0.807330846786499, -0.6828064322471619, 1.5801591873168945, 0.5017155408859253, -1.0352225303649902, 0.7007203698158264, 0.21585646271705627, 0.3703291416168213, 0.3064054250717163, 0.5722123384475708, 0.015119336545467377, -1.4387608766555786, 0.2773502469062805, -0.11574740707874298, -0.28746533393859863, 0.3765699565410614, -0.5092080235481262, -1.6418731212615967, -0.5358721613883972, -0.6554021835327148, 1.9201617240905762, -2.445446729660034, 2.028623104095459, 0.8041024208068848, 0.7305921316146851, 0.6334600448608398, -0.8927896022796631, 0.22913746535778046, 0.20062026381492615, -0.15766988694667816, 1.3375149965286255, -0.3544917106628418, -0.1483159065246582, -0.3283236622810364, -0.38131454586982727, -0.2952146530151367]",yunet,Facenet,1920,1080,/home/amos/media/tv/modern_family/Modern.Family.S09.1080p.DSNP.WEB-DL.DDP5.1.H.264-CRFW/Modern.Family.S09E17.Royal.Visit.1080p.DSNP.WEB-DL.DDP5.1.H.264-CRFW.mkv,Modern Family,2009,1442437,9,17,Eric Stonestreet,156962.0,0.718
410,600,120,918,552,864,294,732,300,0.931,11856,0,"[-0.18448925018310547, -0.46542295813560486, -1.909218430519104, 1.1841762065887451, 1.3851895332336426, -0.20284025371074677, -0.29090291261672974, 1.4530140161514282, -0.1127898320555687, 0.7750359773635864, -0.8681198954582214, -0.4638306498527527, -0.7692829370498657, -2.2610037326812744, 0.3591412901878357, -1.913710594177246, 0.09655351936817169, -0.8200580477714539, -0.4127092957496643, -1.7162643671035767, 0.08666910231113434, 0.03676268830895424, -1.0819838047027588, -0.8246721029281616, 0.5456636548042297, 0.0934196412563324, 0.3250190317630768, 1.1222726106643677, -0.9811278581619263, 1.6396201848983765, 0.5602825880050659, 0.25992023944854736, -1.2315192222595215, -2.4265079498291016, 1.8100777864456177, -1.014091968536377, 0.19615057110786438, -0.5392387509346008, 1.7365922927856445, 0.42097800970077515, -0.1347547024488449, 0.7139487266540527, -1.3429884910583496, -0.5774354934692383, 0.5936083793640137, 0.8273445963859558, 1.0808137655258179, -0.847527027130127, -0.8870992660522461, 1.1270661354064941, -2.3939731121063232, 1.7910795211791992, 2.492781639099121, -0.709344208240509, 0.1913013607263565, 0.11227232217788696, 1.6413075923919678, -1.7304415702819824, 0.09433881938457489, -0.9917877316474915, 0.1088963970541954, -2.2991161346435547, 1.0672188997268677, -2.3579721450805664, -0.5275252461433411, -0.4300886392593384, 0.0538443997502327, 0.22003085911273956, -1.8592257499694824, -1.6004399061203003, 0.9069320559501648, 0.5519273281097412, -1.616841435432434, -1.4142487049102783, 0.5755268931388855, 0.319710373878479, 0.23877504467964172, 2.654995918273926, -0.16695645451545715, 1.0365450382232666, -0.1441844403743744, -0.49582549929618835, -0.21253198385238647, -1.3442546129226685, 0.6608636379241943, 0.02346082776784897, -1.9657790660858154, -0.05108432099223137, 0.17861142754554749, 1.2909001111984253, -0.21946808695793152, -0.6231120824813843, -2.6094248294830322, 1.6066482067108154, 0.004511479288339615, -0.030903713777661324, -0.5724906325340271, -0.061621859669685364, -0.10633314400911331, -0.07971087098121643, 1.4630712270736694, 0.5405902862548828, 1.1973899602890015, -2.212822198867798, -0.22832870483398438, 0.6968232989311218, -0.5842465758323669, 0.3794443905353546, 0.6423456072807312, 1.1867378950119019, -0.3423367738723755, 0.47925394773483276, 0.13351602852344513, -0.5859403014183044, 0.48741891980171204, -0.1875140368938446, -1.4662100076675415, -0.5578149557113647, 0.3218572735786438, 0.5529019832611084, 0.776644229888916, -1.048095464706421, -1.0008854866027832, -0.3405100703239441, -0.4863777756690979, -0.11936900019645691, -0.6240372657775879, -0.9100682735443115]",yunet,Facenet,1920,1080,/home/amos/media/tv/modern_family/Modern.Family.S09.1080p.DSNP.WEB-DL.DDP5.1.H.264-CRFW/Modern.Family.S09E17.Royal.Visit.1080p.DSNP.WEB-DL.DDP5.1.H.264-CRFW.mkv,Modern Family,2009,1442437,9,17,Alexander Hodge,1914589.0,0.821
411,654,114,972,534,924,270,780,276,0.928,11880,0,"[-0.1433313488960266, -0.31346702575683594, -1.9454889297485352, 0.8722528219223022, 0.9357935786247253, -0.37483441829681396, 0.1040382832288742, 1.4184355735778809, 0.02785017341375351, -0.07046236097812653, -0.6426599621772766, 0.19229696691036224, -0.5178370475769043, -2.2154006958007812, 0.4660346806049347, -2.016256093978882, 0.5443525314331055, -0.2992819547653198, -0.005312196910381317, -1.3079982995986938, -0.4679669439792633, 0.16633640229701996, -1.686099886894226, -1.0788782835006714, 0.23412886261940002, -0.5976102352142334, 0.405214786529541, 0.6930406093597412, -0.3586459159851074, 1.8514411449432373, 0.5282199382781982, -0.20915330946445465, -0.8323611617088318, -2.7339375019073486, 1.1785354614257812, -1.5315163135528564, 0.2593114972114563, -0.7086795568466187, 1.684222936630249, 0.19523029029369354, -0.5817602872848511, 0.6168442368507385, -1.5686450004577637, -0.34797221422195435, 1.0307153463363647, -0.06241913139820099, 0.9157708883285522, -0.738510012626648, -0.6200957298278809, 1.3713347911834717, -2.1999480724334717, 1.792771577835083, 1.7823151350021362, -0.39037925004959106, -0.3804084062576294, 0.4083017408847809, 1.7757142782211304, -1.4938420057296753, -0.05641525238752365, -0.42777305841445923, 0.22704675793647766, -2.106555223464966, 1.4511959552764893, -2.1981003284454346, 0.07470276951789856, 0.23552903532981873, 0.19780519604682922, 0.3314427435398102, -2.897655487060547, -1.82444429397583, 0.43362781405448914, 0.5016156435012817, -1.0223166942596436, -1.7116069793701172, 1.2408515214920044, -0.04874284192919731, 0.23121535778045654, 2.149977684020996, -0.40678462386131287, 1.0490505695343018, -0.8949787020683289, 0.25626689195632935, -0.7862049341201782, -1.5582969188690186, 0.6687104105949402, 0.30517813563346863, -2.240119218826294, -0.27621638774871826, 0.1711570918560028, 1.24266517162323, -0.06702577322721481, 0.1264011710882187, -2.4927780628204346, 0.7132900357246399, -0.6539215445518494, -0.16694258153438568, -0.831521213054657, -0.48040300607681274, -0.1533185839653015, -0.41493672132492065, 1.6171965599060059, 0.8775020837783813, 2.295670509338379, -1.9846941232681274, 0.43303126096725464, 0.9408498406410217, -0.7451062202453613, 0.39362427592277527, 1.1048442125320435, 0.7843509316444397, -0.32074815034866333, 0.2811318039894104, 0.04499854892492294, -0.6019212007522583, 0.4095589518547058, -0.6344499588012695, -1.3905779123306274, 0.3061333894729614, 0.5634663105010986, 1.0605552196502686, 0.25315386056900024, -0.45023587346076965, -0.4849516749382019, -0.15995186567306519, -0.42770087718963623, 0.23754382133483887, -1.3799550533294678, -1.124489188194275]",yunet,Facenet,1920,1080,/home/amos/media/tv/modern_family/Modern.Family.S09.1080p.DSNP.WEB-DL.DDP5.1.H.264-CRFW/Modern.Family.S09E17.Royal.Visit.1080p.DSNP.WEB-DL.DDP5.1.H.264-CRFW.mkv,Modern Family,2009,1442437,9,17,Alexander Hodge,1914589.0,0.819
412,660,186,858,456,834,288,738,288,0.929,11904,0,"[-1.3088291883468628, -1.8865036964416504, -0.9228670001029968, -0.6991304755210876, 0.10018713027238846, -0.5282031893730164, -0.2220299392938614, -0.03958664461970329, 2.09783673286438, 0.3528927266597748, 1.2004238367080688, -1.9521186351776123, -1.074204921722412, -0.8010268211364746, -1.255369782447815, 0.8479052782058716, -0.306397408246994, -0.6218613386154175, -0.662054717540741, -0.2615971565246582, 1.443117618560791, -0.06129806116223335, 1.6994343996047974, 0.31795766949653625, 0.13300813734531403, 1.4291069507598877, 2.2105214595794678, -1.9130475521087646, 1.693938136100769, -0.238150954246521, -0.9611282348632812, 1.4164050817489624, 0.5018181800842285, -0.025391846895217896, 0.288442462682724, 0.3399907648563385, 0.9167343974113464, -0.28387489914894104, -0.024085968732833862, -1.8675594329833984, -0.32637786865234375, -0.12093925476074219, -1.0650910139083862, -0.6888872385025024, 0.5404009819030762, -0.48836663365364075, -1.6340277194976807, 0.14516140520572662, -0.35689777135849, 0.34235846996307373, 0.3795427680015564, -0.2687045931816101, -1.6934998035430908, 0.8124133944511414, -1.0759526491165161, 0.029275979846715927, 1.1828622817993164, 0.4537489116191864, -1.8533525466918945, -1.3539066314697266, -0.3335775136947632, 0.502610445022583, -0.6754375696182251, 1.8201844692230225, -0.6775381565093994, 2.16446852684021, 1.1453654766082764, 0.4683198630809784, 0.41703206300735474, -1.4685684442520142, -0.38312461972236633, 0.10622374713420868, -0.4839054346084595, 0.24363751709461212, 1.2051947116851807, -0.8807578086853027, -0.8867388963699341, -0.41184306144714355, -1.2391597032546997, -1.616576910018921, -2.721774101257324, 1.339248538017273, -0.3052845895290375, -0.8959289193153381, -0.6580829620361328, -0.4328438341617584, -0.46898704767227173, 0.17795328795909882, -0.3699261546134949, -0.9635812044143677, -0.12656649947166443, 0.05951154977083206, 1.336197853088379, 1.506003975868225, 0.6092035174369812, 1.301616907119751, -0.6063080430030823, 1.0589361190795898, -1.554290533065796, -1.6811920404434204, 0.22196058928966522, -0.985736072063446, 0.5297912359237671, -0.3408365547657013, 0.893852949142456, 0.8108630180358887, 0.339890718460083, -0.1091880202293396, 0.49744653701782227, 0.1297624558210373, 0.6092926263809204, -0.993185818195343, 1.4218976497650146, -0.1675451248884201, -0.4522755444049835, 1.9476420879364014, 0.4575318694114685, -0.9939103126525879, -2.015059232711792, 0.5372530817985535, -0.40471965074539185, 0.6132993698120117, 0.979782223701477, -0.6127050518989563, 0.3326275944709778, -0.19064468145370483, 0.1588105708360672, -0.20888777077198029]",yunet,Facenet,1920,1080,/home/amos/media/tv/modern_family/Modern.Family.S09.1080p.DSNP.WEB-DL.DDP5.1.H.264-CRFW/Modern.Family.S09E17.Royal.Visit.1080p.DSNP.WEB-DL.DDP5.1.H.264-CRFW.mkv,Modern Family,2009,1442437,9,17,Jesse Tyler Ferguson,204815.0,0.771
413,1464,144,1656,420,1554,246,1482,246,0.921,11904,1,"[0.005450904369354248, -0.4510793089866638, 0.11182891577482224, 0.13179102540016174, 2.5525076389312744, 0.23390230536460876, 1.2725558280944824, 0.3275657594203949, 1.7518632411956787, -0.35175567865371704, -1.613956332206726, -0.4902932345867157, 0.16164365410804749, 1.1221380233764648, 0.5512122511863708, -0.05206027999520302, -1.3294109106063843, -1.416055679321289, -0.9418762922286987, -0.8756439685821533, -1.1340172290802002, 1.2831827402114868, -1.2028882503509521, 1.2507193088531494, 1.4264744520187378, 0.5614622831344604, 1.1551218032836914, -0.38912758231163025, -0.3754044771194458, -1.6871923208236694, 0.5731041431427002, 0.07466751337051392, -1.175675630569458, -0.015340059995651245, -1.071750521659851, -0.4339617192745209, 0.6512782573699951, -2.978001832962036, 0.2229202687740326, -0.9995822906494141, 0.33490437269210815, -0.9028620719909668, 0.11440427601337433, -0.2818406820297241, 0.15363916754722595, -0.5767573714256287, -1.223362922668457, -0.6740736961364746, -0.7519106864929199, 1.2814064025878906, -0.36764800548553467, 0.17649368941783905, -1.6661489009857178, -0.20960001647472382, -0.1600526124238968, -2.0805459022521973, 0.15754976868629456, -1.9217177629470825, -0.4138789474964142, 0.0031579509377479553, -0.13793602585792542, -1.2399704456329346, 1.213535189628601, -0.2293323278427124, -1.6455224752426147, 0.7650709748268127, -1.342037558555603, -0.18995875120162964, -1.0494292974472046, -0.9734188318252563, -0.0433964729309082, -0.8092600107192993, 1.3750802278518677, -0.6617237329483032, 0.9969713091850281, -0.6367658376693726, 0.46897563338279724, 1.3898999691009521, 1.032969355583191, 1.6869640350341797, -2.2673585414886475, 1.9500823020935059, -0.5133798718452454, -0.7285062074661255, -0.7470758557319641, -0.047664202749729156, 0.28905582427978516, -0.5968615412712097, 1.9467283487319946, 0.9953019618988037, 0.4888380765914917, -0.4143909513950348, -0.7270907759666443, -0.8402552008628845, 1.1786514520645142, 0.26351606845855713, -1.3453307151794434, 1.1560931205749512, -0.7959674596786499, 0.39780884981155396, 0.8821169137954712, 0.5243910551071167, -0.2669300138950348, -1.0004281997680664, 0.4321807622909546, -0.7528002858161926, -0.45441317558288574, -0.12393023073673248, -0.8493415117263794, -0.03854360431432724, -0.06366714835166931, -0.07080909609794617, 2.3423166275024414, -1.843038558959961, 1.0827995538711548, 0.55070960521698, 0.29412856698036194, 0.7765488624572754, -0.6315048336982727, -0.11696560680866241, -0.5610698461532593, -0.4234428107738495, 1.324331521987915, 0.8951101303100586, -0.11598522961139679, -0.3237321078777313, 0.1747865080833435, 0.7175790667533875]",yunet,Facenet,1920,1080,/home/amos/media/tv/modern_family/Modern.Family.S09.1080p.DSNP.WEB-DL.DDP5.1.H.264-CRFW/Modern.Family.S09E17.Royal.Visit.1080p.DSNP.WEB-DL.DDP5.1.H.264-CRFW.mkv,Modern Family,2009,1442437,9,17,Eric Stonestreet,156962.0,0.664
414,672,204,876,462,846,306,762,306,0.933,11928,0,"[-1.123282551765442, -1.9863359928131104, -0.7037120461463928, -1.0904786586761475, 0.17106176912784576, -0.2685992419719696, -0.25219881534576416, 0.05734846368432045, 2.243159770965576, -0.031073927879333496, 0.9271514415740967, -1.4627540111541748, -0.6651101112365723, -0.46462583541870117, -1.4911166429519653, 1.019761562347412, -0.691437840461731, -1.024847388267517, -0.5219929814338684, 0.12649545073509216, 1.6684577465057373, -0.0264243446290493, 1.5795520544052124, 0.11312504857778549, -0.05761526897549629, 0.9448956847190857, 1.574663519859314, -2.2833333015441895, 1.8578054904937744, -0.0007414445281028748, -0.796130895614624, 1.1999880075454712, 0.21702401340007782, 0.04793853312730789, -0.0692535862326622, 0.09244213998317719, 1.0051796436309814, -0.17400166392326355, -0.06766048073768616, -1.851045846939087, -0.21982257068157196, 0.27875736355781555, -1.2575565576553345, -0.455908864736557, 0.3885324001312256, -0.8291810154914856, -1.8629966974258423, 0.1680602878332138, -0.06955373287200928, 0.322748064994812, -0.029965825378894806, -0.6394139528274536, -1.5206915140151978, 0.28849518299102783, -1.3343126773834229, -0.7026702761650085, 1.3458558320999146, 0.5833844542503357, -1.0446289777755737, -1.0768429040908813, -0.6423476934432983, 0.8161302208900452, -1.1594022512435913, 1.6177542209625244, -1.1956671476364136, 1.9976344108581543, 1.4724773168563843, 0.14890478551387787, 0.30451786518096924, -1.5745419263839722, -0.6936641335487366, 0.3102494776248932, -0.8561968207359314, 0.3895259499549866, 0.7705605626106262, -0.7261164784431458, -1.0426182746887207, -0.20066878199577332, -1.1401405334472656, -1.9651352167129517, -2.642723560333252, 0.8639699220657349, -0.8068050742149353, -1.2302818298339844, -0.8410132527351379, -1.0340051651000977, -0.4685642421245575, 0.0760105699300766, -0.7920318841934204, -0.8362496495246887, 0.27638766169548035, -0.10909388959407806, 0.5148364305496216, 0.8198519349098206, 0.31127333641052246, 1.582293152809143, -0.6392338871955872, 0.7282671332359314, -1.1224331855773926, -1.7566496133804321, 0.17412304878234863, -1.4228166341781616, 0.08825360238552094, -0.6515665650367737, 0.7807218432426453, 1.0212726593017578, 0.7124346494674683, -0.6915384531021118, 0.41728803515434265, 0.3108484745025635, 0.9997188448905945, -1.3031318187713623, 1.605493187904358, -0.4700886309146881, -0.23102542757987976, 1.9878761768341064, 0.556511640548706, -1.378267765045166, -2.4834280014038086, 0.8205013275146484, -0.18009456992149353, 0.31874826550483704, 0.5926680564880371, -0.5290198922157288, 0.5140775442123413, -0.6644718647003174, 0.0603422075510025, -0.7361299395561218]",yunet,Facenet,1920,1080,/home/amos/media/tv/modern_family/Modern.Family.S09.1080p.DSNP.WEB-DL.DDP5.1.H.264-CRFW/Modern.Family.S09E17.Royal.Visit.1080p.DSNP.WEB-DL.DDP5.1.H.264-CRFW.mkv,Modern Family,2009,1442437,9,17,Jesse Tyler Ferguson,204815.0,0.771
415,1470,150,1650,408,1536,240,1488,240,0.915,11928,1,"[0.8210989236831665, -0.9765787124633789, -0.1898995041847229, -0.06195904687047005, 1.9636019468307495, 0.36055317521095276, 1.1081398725509644, -0.21276509761810303, 1.7954461574554443, 0.5458127856254578, -2.1479601860046387, -0.27021366357803345, 0.098918616771698, 1.7201393842697144, -0.21127989888191223, -0.08688119053840637, -1.493685245513916, -1.6749811172485352, -0.3623006045818329, -0.5136691331863403, -0.10282452404499054, 1.1337562799453735, -1.4680675268173218, 0.9360265731811523, 1.4576196670532227, 0.8190484046936035, 1.7458443641662598, -0.780710756778717, -0.517283022403717, -1.6374776363372803, 0.5660905838012695, 1.4723479747772217, -1.5344107151031494, 0.4712575078010559, -1.025879144668579, -0.7696784138679504, 0.9516075253486633, -3.372187614440918, 1.012426733970642, -1.7688543796539307, -0.11962072551250458, 0.05804295092821121, 0.1384829878807068, -1.3862183094024658, -0.18761694431304932, -0.3329961895942688, -1.403163194656372, -0.4789879024028778, -1.096313238143921, 2.1196587085723877, -1.0193684101104736, -0.6657489538192749, -1.8245726823806763, -0.09794328361749649, 0.1579207181930542, -2.8430352210998535, 0.35620251297950745, -1.1146966218948364, -0.27691149711608887, -0.607248842716217, -0.4865356981754303, -0.6978247761726379, 1.357278823852539, 0.7482884526252747, -1.761333703994751, 1.2076127529144287, -1.0267289876937866, -0.27629998326301575, -0.2995415925979614, -0.5910720825195312, 0.6587510108947754, -1.1832770109176636, 1.151429295539856, 0.30410468578338623, 1.1203020811080933, -1.0123801231384277, 0.7345752716064453, 0.9782947897911072, 1.491540789604187, 1.3521043062210083, -2.242809295654297, 1.0655889511108398, 0.15813937783241272, -0.7027286291122437, -0.3970465064048767, 0.28476759791374207, 0.4939601421356201, -0.3569261431694031, 1.6294275522232056, 0.6145148873329163, 0.33464375138282776, -0.36937281489372253, -1.1285977363586426, -0.5771223902702332, 1.8697501420974731, 0.9919571280479431, -1.557710886001587, 1.311736822128296, -0.8434935212135315, 0.018789803609251976, -0.02743690088391304, 1.1870328187942505, -0.19948312640190125, -2.0317907333374023, 0.07597602158784866, -0.913689911365509, 0.020648952573537827, 0.33468952775001526, -0.94771808385849, -0.49965816736221313, 0.5958000421524048, -0.8151687383651733, 1.707777738571167, -1.4681522846221924, 0.9383887052536011, 1.6368376016616821, 0.49472835659980774, 1.3724032640457153, -1.3107823133468628, -0.0843716561794281, -0.7223093509674072, -0.20222929120063782, 1.904684066772461, 0.34254246950149536, 0.018061071634292603, -0.6702556014060974, 0.35490307211875916, 0.11785545945167542]",yunet,Facenet,1920,1080,/home/amos/media/tv/modern_family/Modern.Family.S09.1080p.DSNP.WEB-DL.DDP5.1.H.264-CRFW/Modern.Family.S09E17.Royal.Visit.1080p.DSNP.WEB-DL.DDP5.1.H.264-CRFW.mkv,Modern Family,2009,1442437,9,17,Eric Stonestreet,156962.0,0.653
416,492,306,690,564,660,408,576,402,0.921,11976,0,"[-1.6877185106277466, -1.6397467851638794, 0.337232768535614, -0.9272279143333435, 1.4610891342163086, -1.4146381616592407, -0.14317400753498077, -0.6016571521759033, 3.0916872024536133, -0.5124594569206238, 0.9222620725631714, -0.9764876365661621, -1.0876964330673218, -1.0171042680740356, -0.638728141784668, 1.5734766721725464, -1.0075114965438843, -0.03048209846019745, 0.12218928337097168, 0.3170687258243561, 1.8506914377212524, 0.32525259256362915, 0.8603167533874512, 0.6198784112930298, 0.061828821897506714, 1.2832727432250977, 1.4942479133605957, -1.96438729763031, 1.5923196077346802, -0.3801242709159851, -0.991536021232605, 0.4725046753883362, 0.017711792141199112, 0.543804943561554, -0.4500197172164917, 0.14089325070381165, 0.9417353272438049, -1.2750046253204346, -0.32820528745651245, -2.0323431491851807, -0.48710572719573975, -0.05517613887786865, -1.950924038887024, -0.29387080669403076, -0.5846224427223206, 0.25283586978912354, -2.313809394836426, -0.4726870656013489, -0.09278424829244614, 1.3027454614639282, 0.040166497230529785, -0.33028680086135864, -1.5180505514144897, -0.01297641173005104, -0.5972138047218323, -0.9502436518669128, 2.4566972255706787, 0.14704415202140808, -1.8961437940597534, 0.2168276607990265, -0.2839910387992859, 0.24216563999652863, -0.5457929968833923, 1.9206101894378662, -0.7107596397399902, 2.0731143951416016, 1.8801069259643555, -0.48703962564468384, 1.146471619606018, -1.3042871952056885, -0.4046404957771301, -0.8337916135787964, -1.2019108533859253, 0.08734193444252014, 1.2294055223464966, -0.892319917678833, -1.1821931600570679, -0.5166327953338623, -1.4618562459945679, -1.2141127586364746, -3.1384706497192383, 0.8521914482116699, 0.40005844831466675, -1.277031421661377, -0.8139004707336426, -0.2843121886253357, -0.6465331315994263, 1.4300769567489624, -0.5525543689727783, -0.11198632419109344, 0.25520744919776917, -0.037080854177474976, 1.0680311918258667, 0.8336282968521118, 0.8113625049591064, 0.24899064004421234, -1.132365345954895, 0.837481677532196, -1.256199598312378, -1.2810090780258179, 0.6169973611831665, -1.0612595081329346, 0.1323605477809906, -0.3702916204929352, 1.6870266199111938, 0.2675257921218872, 0.15157794952392578, -0.09259591996669769, -0.26550471782684326, -0.5848597288131714, 0.7988684773445129, -1.3666441440582275, 1.3618555068969727, -0.23887380957603455, 0.4853711724281311, 1.1936116218566895, 1.1803151369094849, -0.33355847001075745, -1.0002444982528687, 1.2236974239349365, -0.09917166829109192, 0.27562466263771057, 0.05798313394188881, -1.3026231527328491, 0.5733634829521179, -1.1098355054855347, -0.46562424302101135, 0.48044541478157043]",yunet,Facenet,1920,1080,/home/amos/media/tv/modern_family/Modern.Family.S09.1080p.DSNP.WEB-DL.DDP5.1.H.264-CRFW/Modern.Family.S09E17.Royal.Visit.1080p.DSNP.WEB-DL.DDP5.1.H.264-CRFW.mkv,Modern Family,2009,1442437,9,17,Jesse Tyler Ferguson,204815.0,0.716
417,390,234,618,558,588,360,498,360,0.922,12000,0,"[-1.59961998462677, -1.090668797492981, 0.027956074103713036, -1.352950930595398, 0.8981258869171143, -1.0692025423049927, -0.21189041435718536, -0.20365670323371887, 2.39719295501709, -0.4940955340862274, 1.2832449674606323, -0.8080395460128784, -0.560952365398407, -1.1021816730499268, -0.36379408836364746, 2.314771890640259, -0.4052945673465729, 0.018547601997852325, 0.18648521602153778, 0.44704389572143555, 1.8759199380874634, 0.5268216729164124, 1.0893205404281616, 0.19671517610549927, -0.09945665299892426, 1.7545353174209595, 1.043279767036438, -1.4569214582443237, 1.4537984132766724, -0.0006980691105127335, -1.3133491277694702, 0.8457250595092773, 0.0002291770651936531, 0.3828990161418915, 0.11741872131824493, -0.15751102566719055, 1.3428581953048706, -0.7517451047897339, -0.03472544252872467, -1.428592562675476, -0.5465517044067383, -0.047398485243320465, -1.9250370264053345, -0.6389998197555542, -0.48831525444984436, 0.16269169747829437, -1.988994836807251, -0.37835144996643066, 0.17035333812236786, 1.446092128753662, 0.27747130393981934, -0.18720436096191406, -1.5588140487670898, 0.606881856918335, -0.8365007042884827, -0.8976432681083679, 2.6303796768188477, -0.09023131430149078, -1.4660097360610962, 0.013738170266151428, -0.20225223898887634, 0.23570884764194489, -0.2860795557498932, 1.9754838943481445, -0.24242618680000305, 1.1429471969604492, 2.143500328063965, -0.5032626390457153, 0.8676274418830872, -1.2474055290222168, -0.828991711139679, -0.1359839141368866, -0.9775736927986145, 0.10663861036300659, 1.5625512599945068, -1.0168063640594482, -1.083910346031189, -0.5228720903396606, -1.5726736783981323, -1.5733211040496826, -3.2027180194854736, 0.8649249076843262, -0.1956418752670288, -1.4301140308380127, -0.8571879267692566, -0.10575614869594574, -0.7567599415779114, 1.107890248298645, -0.9808353185653687, 0.10384859144687653, 0.37445032596588135, -0.24431048333644867, 1.2957590818405151, 0.031055841594934464, 0.7840234041213989, 0.40971386432647705, -0.05726121738553047, 0.8365113735198975, -1.279484748840332, -1.6946130990982056, 0.7659982442855835, -1.188795804977417, -0.06298038363456726, 0.02503311075270176, 1.471559762954712, 0.6871447563171387, -0.24380901455879211, 0.14551040530204773, 0.41074976325035095, 0.15610989928245544, 0.6242668628692627, -1.3660191297531128, 1.3936173915863037, -0.02391595020890236, 0.6164987683296204, 0.43805816769599915, 0.9634270668029785, -0.7397737503051758, -0.6652606725692749, 0.6287443041801453, -0.04178815335035324, 0.28609105944633484, 0.18824681639671326, -1.3326287269592285, 0.49875181913375854, -1.1926780939102173, -0.6746267676353455, 0.3180238604545593]",yunet,Facenet,1920,1080,/home/amos/media/tv/modern_family/Modern.Family.S09.1080p.DSNP.WEB-DL.DDP5.1.H.264-CRFW/Modern.Family.S09E17.Royal.Visit.1080p.DSNP.WEB-DL.DDP5.1.H.264-CRFW.mkv,Modern Family,2009,1442437,9,17,Jesse Tyler Ferguson,204815.0,0.687
418,1158,180,1356,498,1212,300,1194,294,0.903,12000,1,"[1.0801008939743042, -0.9282131195068359, -1.4688698053359985, -0.7421442270278931, 1.3642057180404663, 2.136125326156616, 0.4355500638484955, 0.328451931476593, 1.6463733911514282, -0.5122684240341187, -0.388540655374527, -0.7723322510719299, -0.2381753921508789, 1.0939923524856567, -0.29601529240608215, 0.9593393206596375, -1.0377062559127808, -1.534616231918335, -0.4020523726940155, 0.8044782876968384, 0.11205513775348663, 1.4103392362594604, 0.42356207966804504, 0.262802392244339, 0.696375846862793, 0.7148345112800598, 1.7228553295135498, -0.6984285712242126, 0.11189886927604675, -0.300937682390213, -0.07261846959590912, 1.0973073244094849, -1.9932054281234741, 1.8185721635818481, -0.38511037826538086, 0.5260998606681824, -0.3139176368713379, -1.9241790771484375, 1.1598083972930908, -0.9814866781234741, -0.010742323473095894, -0.28842270374298096, -1.1259669065475464, -1.929086685180664, 0.48441237211227417, -1.9298646450042725, -0.17191411554813385, -0.470693975687027, -0.14668506383895874, 1.240843415260315, -1.9661427736282349, -0.7922595739364624, -1.1103992462158203, 0.9644107818603516, -0.616186797618866, -1.7950127124786377, 0.9454058408737183, 0.010018456727266312, -0.39601942896842957, -0.12650610506534576, -0.4323102533817291, 0.12766455113887787, 1.2445892095565796, 1.9044151306152344, -0.09807940572500229, 0.625807523727417, 0.2624400854110718, 0.690182626247406, -0.4504983723163605, -0.4400410056114197, -0.04242413118481636, 0.9413834810256958, 0.10108648240566254, 1.8513352870941162, 1.0884172916412354, -0.29496487975120544, -0.13732299208641052, 0.2345922440290451, 0.9650594592094421, 0.8985200524330139, -3.0586612224578857, 1.1164151430130005, 0.9600808620452881, -0.4814254641532898, 0.5200450420379639, -0.4163644313812256, 1.076411485671997, -0.2926332950592041, 0.6122325658798218, -0.8595873713493347, 0.5466465353965759, -0.5377376675605774, -1.5916402339935303, -0.9055774211883545, 1.5770211219787598, 0.7727245092391968, -2.4951841831207275, 0.3685562014579773, -0.028069516643881798, -0.15243513882160187, -0.008965913206338882, 0.6246200799942017, -1.7682315111160278, 0.08711156249046326, 0.7065897583961487, 0.4588397741317749, 0.20433427393436432, -0.05335107445716858, 0.11210973560810089, -1.6985888481140137, 1.6995773315429688, -1.2309422492980957, 1.2105154991149902, -0.5568199157714844, 0.9453217387199402, 1.9012857675552368, 0.6499847173690796, 1.2305822372436523, -0.8635231256484985, 0.41021472215652466, 0.7555773258209229, 1.9072636365890503, 1.713714361190796, -1.1475088596343994, -0.6681784391403198, -1.0434712171554565, -0.006413703318685293, -1.2290754318237305]",yunet,Facenet,1920,1080,/home/amos/media/tv/modern_family/Modern.Family.S09.1080p.DSNP.WEB-DL.DDP5.1.H.264-CRFW/Modern.Family.S09E17.Royal.Visit.1080p.DSNP.WEB-DL.DDP5.1.H.264-CRFW.mkv,Modern Family,2009,1442437,9,17,,,
419,654,162,906,492,864,282,768,288,0.923,12024,0,"[-0.9074995517730713, -0.9114505052566528, -2.0120997428894043, 0.974811315536499, 1.3164728879928589, -0.20802466571331024, -0.8680242896080017, 1.4482814073562622, 0.30938878655433655, 0.7345374822616577, -1.8908487558364868, -0.03393774479627609, -0.5493569374084473, -1.3933719396591187, 0.4477224051952362, -2.020373582839966, 0.0021090805530548096, -0.6872975826263428, -0.4474848508834839, -1.857431411743164, -0.021861955523490906, -0.17369548976421356, -1.0025901794433594, -0.5686414241790771, 0.012346974574029446, -0.7116973400115967, 0.877453088760376, 0.195065438747406, -0.6792162656784058, 1.7405520677566528, 0.3899310827255249, 0.013072561472654343, -0.5485491752624512, -2.445164203643799, 1.306159257888794, -1.502369999885559, 0.12036197632551193, -0.5446591377258301, 2.2787024974823, 0.18026337027549744, 0.008539007045328617, 0.5790203213691711, -1.4491426944732666, -0.8178277015686035, 1.169614553451538, 0.4350358843803406, 0.40851911902427673, -0.705258846282959, -0.5578629970550537, 1.3470956087112427, -2.8769655227661133, 1.8004440069198608, 1.9850008487701416, -0.594850480556488, -0.10650500655174255, 0.15333038568496704, 1.5714058876037598, -2.376166582107544, 0.4082263112068176, -0.6984437108039856, 0.3259805738925934, -2.1373329162597656, 1.0988011360168457, -1.91682767868042, -0.7523629665374756, -0.2869598865509033, -0.06831637769937515, 0.20323419570922852, -2.306088447570801, -2.250490665435791, -0.2904055714607239, 1.0654540061950684, -1.072043776512146, -1.5494049787521362, 1.1250098943710327, -0.7618405222892761, 0.1266636848449707, 1.719319224357605, -0.16313400864601135, 0.3241147994995117, -0.8053683042526245, -0.16462665796279907, -0.7543859481811523, -0.6647178530693054, 0.3786455988883972, 0.14104171097278595, -1.6516649723052979, -0.09341338276863098, -0.7986674308776855, 1.4751960039138794, -0.2549615502357483, 0.26015976071357727, -2.41314435005188, 1.0708997249603271, -0.13238300383090973, -0.15438587963581085, -0.3097858726978302, 0.22019726037979126, -0.3064436912536621, -0.13840842247009277, 1.2189574241638184, 0.4842711091041565, 1.370590329170227, -1.5124099254608154, 0.6924015283584595, 0.2725614905357361, -1.2986202239990234, 0.17657729983329773, 0.17628787457942963, 0.8985098600387573, 0.6272414922714233, -0.5393224358558655, -0.039346642792224884, -0.21308550238609314, -0.03175896406173706, -0.33555540442466736, -1.2843860387802124, 0.35090363025665283, 0.01285647600889206, 1.110393762588501, 0.15022706985473633, -0.9410444498062134, -0.9733396768569946, -0.14043183624744415, -1.269931435585022, 0.04395199567079544, -0.8823124170303345, -0.7828296422958374]",yunet,Facenet,1920,1080,/home/amos/media/tv/modern_family/Modern.Family.S09.1080p.DSNP.WEB-DL.DDP5.1.H.264-CRFW/Modern.Family.S09E17.Royal.Visit.1080p.DSNP.WEB-DL.DDP5.1.H.264-CRFW.mkv,Modern Family,2009,1442437,9,17,Alexander Hodge,1914589.0,0.852
420,996,144,1218,462,1092,258,1032,252,0.91,12048,0,"[1.277018427848816, -0.8077961206436157, -1.1536612510681152, -0.16319388151168823, 1.855043888092041, 1.0670802593231201, 0.4628027081489563, 0.11718669533729553, 1.369065284729004, 0.5802074074745178, -2.087184429168701, -0.8316937685012817, -0.15875014662742615, 2.029757022857666, -0.5971016883850098, 0.13135701417922974, -1.0021116733551025, -1.9316391944885254, 0.07519544661045074, -0.32058024406433105, -0.042760252952575684, 1.3554083108901978, -0.38152754306793213, 0.4755549728870392, 2.629734992980957, 0.5382092595100403, 1.4306490421295166, -0.9749317169189453, 0.037058621644973755, -1.0540302991867065, 0.862075924873352, 0.49418193101882935, -1.7454397678375244, 1.2183421850204468, -1.7410950660705566, -0.04493854194879532, 1.7946903705596924, -2.01674485206604, 0.734295666217804, -1.1007957458496094, -0.09328308701515198, 0.43632400035858154, 0.19784986972808838, -1.1723922491073608, 0.19543397426605225, -0.0045904312282800674, -1.6084656715393066, 0.4425489008426666, -0.8141403198242188, 1.611979603767395, -2.067953586578369, 0.353588342666626, -1.9606631994247437, 1.426094651222229, -1.3672913312911987, -1.8971422910690308, 0.31899112462997437, -1.2920653820037842, 0.43623343110084534, -0.016508344560861588, -0.05641160160303116, 0.3068283796310425, 0.7180237770080566, 1.5526307821273804, -1.076417088508606, 0.5324802398681641, -1.2579090595245361, 0.10534542053937912, -1.523456335067749, -1.0690940618515015, 0.22012770175933838, 0.013684198260307312, 0.7963305711746216, -0.15103821456432343, 1.9338635206222534, -0.8156979084014893, 1.1650580167770386, 1.1128593683242798, 0.9737275242805481, 1.2858957052230835, -3.077697515487671, 1.682367205619812, 0.1631438136100769, -0.6513457298278809, -0.5709570646286011, 0.4086763560771942, 0.04572663456201553, -0.44846993684768677, 1.334351658821106, 0.004507221281528473, 0.5689111948013306, -0.3879756033420563, -0.5713551044464111, -1.3796110153198242, 2.2400472164154053, 0.8966076970100403, -1.3854496479034424, 0.35402366518974304, -0.32817429304122925, 0.3269232511520386, 0.8950256705284119, 1.461789846420288, -0.5475131869316101, -1.6745455265045166, -0.141627699136734, -0.05796238034963608, -0.47327739000320435, 0.04955240711569786, -0.2422247678041458, -1.6038745641708374, 0.44884204864501953, -1.5801156759262085, 1.4899393320083618, -1.3826196193695068, 1.4015381336212158, 1.384178638458252, -0.14010562002658844, 1.9285967350006104, -1.2421600818634033, 0.43478742241859436, 0.25086289644241333, 0.14759080111980438, 1.7343015670776367, -0.08606776595115662, -0.11513501405715942, -1.1226871013641357, 1.253819227218628, 0.42058035731315613]",yunet,Facenet,1920,1080,/home/amos/media/tv/modern_family/Modern.Family.S09.1080p.DSNP.WEB-DL.DDP5.1.H.264-CRFW/Modern.Family.S09E17.Royal.Visit.1080p.DSNP.WEB-DL.DDP5.1.H.264-CRFW.mkv,Modern Family,2009,1442437,9,17,Eric Stonestreet,156962.0,0.619
421,930,138,1140,420,1032,234,960,234,0.913,12072,0,"[0.21864497661590576, -0.6405907869338989, -0.9163228869438171, 0.09543956071138382, 3.2238051891326904, 0.3499188721179962, -0.05527997761964798, 0.5878524780273438, 0.9685582518577576, 0.12983356416225433, -1.1414238214492798, 0.7164777517318726, -0.9720746278762817, 0.706670880317688, 2.2080485820770264, 0.48211872577667236, -1.0683836936950684, 0.40239858627319336, -0.06400242447853088, -0.15721242129802704, -2.1226673126220703, 0.9274575114250183, -0.6151115894317627, 1.0826911926269531, 1.0374500751495361, 0.28385239839553833, 0.044419240206480026, -0.4884200096130371, -0.5953304171562195, -0.7881934642791748, 1.1055277585983276, -0.7161007523536682, -2.4441475868225098, 1.055886149406433, -0.514887273311615, 1.068887710571289, 1.363261342048645, -2.6095051765441895, -0.12310647964477539, -1.3816003799438477, -0.05690839886665344, 0.02731999196112156, 0.41290804743766785, 0.0022614896297454834, 1.0802563428878784, -0.4793834090232849, -1.3021514415740967, 0.7700150012969971, -0.8159002661705017, 2.674710988998413, 0.005928032100200653, -0.39408183097839355, -0.891789436340332, 2.152045249938965, -1.3111194372177124, -1.9313268661499023, -0.9926871061325073, -2.034665822982788, -0.640262246131897, 0.03311243653297424, 0.0051103197038173676, 0.46236294507980347, 1.2622591257095337, 0.8928624987602234, -0.3021565079689026, 0.6387593150138855, -1.8052170276641846, -0.3467593491077423, -0.7676267623901367, -0.6134084463119507, 0.6189043521881104, -1.057193398475647, 0.44489967823028564, 0.21136702597141266, 1.3175499439239502, -1.1336166858673096, 0.21492236852645874, 0.8804184198379517, 0.01128307729959488, 1.9100781679153442, -3.1897168159484863, 1.128260612487793, -1.0040359497070312, 0.21128056943416595, -0.11817868798971176, -0.8349475860595703, 0.935405433177948, 0.8330346941947937, 2.1366066932678223, 0.10337649285793304, -0.2494187355041504, 0.07971373945474625, -0.8145047426223755, -0.6460391283035278, 0.8952688574790955, 0.030428221449255943, -0.24139688909053802, -0.6382750272750854, 0.028025969862937927, 1.6514753103256226, 0.6213088035583496, 1.5637859106063843, -0.47786158323287964, -1.4168305397033691, 0.6566678285598755, 0.08924810588359833, -0.7025534510612488, -0.4845025837421417, 0.35831940174102783, -0.9637051820755005, 0.2984999418258667, -0.2918573021888733, 1.2677335739135742, -2.1954903602600098, 1.8913121223449707, 1.07943856716156, 0.05412343144416809, 1.7822917699813843, -0.8502284288406372, -0.6805983781814575, -1.1093817949295044, -0.6710766553878784, 2.5642025470733643, 0.12537993490695953, -0.24033980071544647, -1.1908138990402222, 0.05763068050146103, 0.3665494918823242]",yunet,Facenet,1920,1080,/home/amos/media/tv/modern_family/Modern.Family.S09.1080p.DSNP.WEB-DL.DDP5.1.H.264-CRFW/Modern.Family.S09E17.Royal.Visit.1080p.DSNP.WEB-DL.DDP5.1.H.264-CRFW.mkv,Modern Family,2009,1442437,9,17,,,
422,978,174,1212,480,1134,288,1020,282,0.924,12096,0,"[-0.045762889087200165, -0.713138222694397, -0.7563146948814392, 0.6296085715293884, 2.0514161586761475, 0.15677504241466522, -0.118030846118927, 0.5086881518363953, 0.5705746412277222, 0.7109009027481079, -1.766546368598938, -0.12625692784786224, -0.12655405700206757, 1.3198373317718506, 0.6434686183929443, 0.1351291686296463, -1.529680848121643, -1.5636793375015259, -0.06087648123502731, -0.9319407939910889, -1.0264863967895508, 0.43584007024765015, -0.563442587852478, 2.1734652519226074, 2.2320704460144043, -0.16823729872703552, 0.7310283184051514, 0.12748385965824127, 0.1697404682636261, -1.053213119506836, 1.2431355714797974, -0.4338240325450897, -0.9194064736366272, 0.6290562748908997, -1.2877296209335327, -0.3634544610977173, 1.3329931497573853, -2.708855390548706, 0.1287573128938675, -0.8998144865036011, -0.09518592059612274, 0.8553065657615662, 0.8075333833694458, -0.028269007802009583, 0.01465767901390791, 0.2704000174999237, -0.7841507196426392, 0.552912712097168, -0.7611644268035889, 1.306225299835205, -0.4183013439178467, -0.3906758427619934, -1.313565731048584, 1.3632062673568726, -0.8589154481887817, -1.3493996858596802, -0.5055709481239319, -1.9862781763076782, 0.5338243842124939, 1.2193433046340942, 0.7861506342887878, 0.04359764605760574, 0.8410093784332275, 0.03683944046497345, -1.1031579971313477, 0.7927675247192383, -2.205815315246582, 0.7573875784873962, -0.8432114124298096, -0.5776076316833496, -0.20034240186214447, 0.060643866658210754, 0.9266149997711182, 0.7837769389152527, 0.41938671469688416, -0.008684355765581131, 1.8102259635925293, 2.0522186756134033, 1.3831366300582886, 1.9166744947433472, -3.1685237884521484, 1.3938130140304565, -0.5002807378768921, 0.06733429431915283, -0.4199654459953308, -0.9279665946960449, 1.4408330917358398, -0.8524879217147827, 1.2158770561218262, 0.7028576731681824, 0.8874397277832031, 0.27755284309387207, -0.771004855632782, -0.49730750918388367, 1.1963218450546265, 0.3624950647354126, -0.9316837191581726, 0.7454802989959717, -0.7416918873786926, 0.49064892530441284, 0.334902286529541, 0.2833515405654907, 0.2648712396621704, -0.962975025177002, 0.5566986799240112, -1.1455466747283936, -1.273773431777954, -0.10859464108943939, -0.8614679574966431, -0.7733520269393921, 0.7776221632957458, -1.9806151390075684, 1.5691721439361572, -1.7112228870391846, 1.0348423719406128, 1.3907897472381592, 0.656487226486206, 1.5809357166290283, -0.7139078974723816, 0.3793109655380249, -0.13035786151885986, -0.7492846250534058, 0.8324057459831238, 1.4901701211929321, 0.20602940022945404, -1.2314245700836182, 0.28728652000427246, 0.03531942144036293]",yunet,Facenet,1920,1080,/home/amos/media/tv/modern_family/Modern.Family.S09.1080p.DSNP.WEB-DL.DDP5.1.H.264-CRFW/Modern.Family.S09E17.Royal.Visit.1080p.DSNP.WEB-DL.DDP5.1.H.264-CRFW.mkv,Modern Family,2009,1442437,9,17,Eric Stonestreet,156962.0,0.633
423,948,252,1176,588,1020,384,984,378,0.91,12120,0,"[0.7775334119796753, -1.187788486480713, -0.8324573040008545, -0.4751400649547577, 2.11135196685791, -0.14106997847557068, 0.1651333123445511, 0.14095011353492737, 0.42206600308418274, 0.5282236337661743, -1.826863169670105, -0.31484684348106384, -0.08814438432455063, 0.6091309785842896, 0.5796668529510498, -0.1641313135623932, -1.9662022590637207, -1.7893465757369995, -0.4164024293422699, -0.3515782654285431, -0.638771653175354, 0.6466395854949951, -0.19448396563529968, 0.9235188364982605, 0.9958287477493286, 0.6207818388938904, 0.9823919534683228, 0.3782433271408081, -0.07661634683609009, -0.8037917017936707, 1.21027410030365, 1.4103189706802368, -1.6916133165359497, 1.4347798824310303, -2.913968086242676, -0.7171509265899658, 1.2421901226043701, -2.7739498615264893, 0.13256461918354034, -1.5639679431915283, 0.5094482898712158, -0.6955105662345886, 0.04437088966369629, -0.015439286828041077, -0.14500389993190765, 0.2685776650905609, -0.833164393901825, -0.8490197658538818, -1.1143773794174194, 1.26637601852417, -1.6965981721878052, -0.9682993292808533, -1.7884172201156616, 1.0647884607315063, -0.42131149768829346, -2.556771993637085, -1.1540790796279907, -0.514938473701477, -0.3024827241897583, -0.501948893070221, -1.1623656749725342, -0.9061915874481201, 0.21942272782325745, 0.7618888020515442, -2.0387187004089355, 0.351415753364563, -1.7423553466796875, -0.7308794260025024, -0.44157320261001587, -1.5100340843200684, -0.2364746779203415, -0.6193880438804626, 1.464218020439148, 0.7063693404197693, 0.23725342750549316, 0.3427234888076782, -0.10382212698459625, 1.0792185068130493, 1.7723009586334229, 1.3835060596466064, -2.2831592559814453, 1.3115441799163818, -0.35151514410972595, -0.806364893913269, -0.6612087488174438, -1.1303402185440063, -0.2178836613893509, 0.49090510606765747, 1.6454970836639404, 0.7467430233955383, 0.7126959562301636, -1.7657591104507446, -1.8506711721420288, -1.1455588340759277, 2.572575330734253, -0.19385477900505066, -1.5353163480758667, 0.8439640402793884, -0.07777369022369385, -0.9012970328330994, 0.6477056741714478, 0.3344479203224182, -0.7592982053756714, -1.0024242401123047, -0.2886779010295868, -0.0427948459982872, 1.1732786893844604, -0.7178593873977661, -0.709420919418335, -0.9881824851036072, 0.1751907616853714, -0.5396336913108826, 1.2598456144332886, -2.0601394176483154, 1.9814413785934448, 1.4825729131698608, 0.18085476756095886, -0.2487301528453827, -1.2362773418426514, 0.1305055022239685, -0.07340143620967865, 0.22294718027114868, 1.2500747442245483, 0.9316917657852173, -0.7179062962532043, -1.3915010690689087, 1.0104507207870483, 1.0900627374649048]",yunet,Facenet,1920,1080,/home/amos/media/tv/modern_family/Modern.Family.S09.1080p.DSNP.WEB-DL.DDP5.1.H.264-CRFW/Modern.Family.S09E17.Royal.Visit.1080p.DSNP.WEB-DL.DDP5.1.H.264-CRFW.mkv,Modern Family,2009,1442437,9,17,Eric Stonestreet,156962.0,0.62
424,624,138,918,552,864,306,726,306,0.931,12144,0,"[-1.4447298049926758, -1.029356598854065, -1.6318055391311646, 0.13171225786209106, 0.38452208042144775, -0.2730286121368408, -0.7004148960113525, 1.2869338989257812, -0.6568767428398132, 0.32188260555267334, -0.8141136765480042, 0.10030163079500198, -0.40361493825912476, -2.104979991912842, 0.525693416595459, -1.5212619304656982, -0.5143517255783081, -0.42067229747772217, -0.10549761354923248, -1.7585272789001465, 0.20639637112617493, -0.05143476650118828, -1.0780770778656006, -1.32054603099823, 0.5522751808166504, 0.12836995720863342, 1.1242709159851074, 0.9347110390663147, -0.5107586979866028, 1.9636552333831787, -0.009581290185451508, 1.0688421726226807, 0.48942258954048157, -2.3174145221710205, 1.3631737232208252, -1.6473411321640015, 1.4269567728042603, -1.1699286699295044, 1.8542225360870361, -0.5998350381851196, 0.11404865980148315, 0.26180362701416016, -2.429659605026245, -0.6799860596656799, 0.4034229815006256, -0.09737862646579742, 0.5490705370903015, -1.023619532585144, -0.6139183044433594, 1.0653278827667236, -1.8629926443099976, 1.283199429512024, 2.3486227989196777, -0.27149128913879395, 0.05320683866739273, 0.4271067976951599, 1.2662460803985596, -1.7316182851791382, 0.22387687861919403, -0.4873739182949066, 0.7822937369346619, -2.3607280254364014, 0.25603124499320984, -1.754308819770813, 0.08641274273395538, -0.533505380153656, 0.484262079000473, 0.2994597852230072, -2.3497140407562256, -1.408979058265686, 0.4275757968425751, 0.7899194955825806, -1.1468526124954224, -1.3031283617019653, 1.6642324924468994, -0.2875403165817261, 0.986159086227417, 2.582927703857422, 0.1879628598690033, 1.0197054147720337, -1.4984029531478882, 0.1510503590106964, -1.0713576078414917, -1.000272274017334, 0.9074887037277222, 0.27477991580963135, -1.8485138416290283, -0.3345275819301605, -0.36493387818336487, 0.9382392168045044, -0.6631488800048828, -0.39267921447753906, -3.096957206726074, 0.32013657689094543, 0.11977618932723999, -0.0980028435587883, -0.3277696967124939, -0.21917478740215302, -0.16053953766822815, -1.2688138484954834, 1.5216211080551147, 0.4370225667953491, 1.5136229991912842, -1.767529845237732, 0.01566603034734726, 1.371272087097168, -0.4186365306377411, -0.6150470972061157, 1.4004793167114258, 1.5571578741073608, -0.7788740992546082, -0.16556018590927124, -0.21624356508255005, -0.8429713845252991, 0.6813496351242065, -0.08783283829689026, -1.0452407598495483, -0.45180743932724, -0.26174333691596985, 1.3181146383285522, 0.695169985294342, -1.0772403478622437, -0.05815223604440689, 0.4645664095878601, -0.23899106681346893, 0.27698978781700134, -0.3911615014076233, 0.5566836595535278]",yunet,Facenet,1920,1080,/home/amos/media/tv/modern_family/Modern.Family.S09.1080p.DSNP.WEB-DL.DDP5.1.H.264-CRFW/Modern.Family.S09E17.Royal.Visit.1080p.DSNP.WEB-DL.DDP5.1.H.264-CRFW.mkv,Modern Family,2009,1442437,9,17,Alexander Hodge,1914589.0,0.829
425,1062,192,1308,510,1242,324,1116,324,0.921,12168,0,"[0.4325319230556488, -0.6765369176864624, -0.2823452055454254, 0.5838583111763, 3.4190986156463623, -0.49821993708610535, 2.2919504642486572, -0.010052017867565155, 0.9645213484764099, 0.051640015095472336, -0.7625147700309753, -0.7248749732971191, -0.647554874420166, 1.2597439289093018, -0.29564642906188965, -0.31187498569488525, -0.28220921754837036, -1.381220817565918, -0.2538240849971771, -0.5772600173950195, -1.8405941724777222, 1.0635708570480347, 0.3433145582675934, 0.5184272527694702, 0.941779613494873, 1.1567232608795166, 1.6611961126327515, -0.6353790163993835, -0.19636331498622894, -0.47836044430732727, 0.43702760338783264, 1.1965081691741943, -1.6962356567382812, 0.3970029652118683, -1.0037223100662231, -0.2360449582338333, 0.9095600843429565, -1.8443385362625122, 0.153517946600914, -1.5805284976959229, 0.053996093571186066, -1.1480849981307983, -0.8641781806945801, -0.015197701752185822, 0.701930582523346, -0.2586733102798462, -1.3565325736999512, -0.8616183996200562, -0.8785680532455444, 2.7016234397888184, -0.5858923196792603, 0.3587785065174103, -0.7468374371528625, -0.5262811779975891, -0.9733099341392517, -1.769176959991455, -0.13702943921089172, -0.7289466857910156, -0.13207973539829254, -0.6285037398338318, -1.1819303035736084, -1.1700561046600342, 1.1167105436325073, 0.3649945557117462, -1.715517520904541, 0.7472027540206909, -0.8152532577514648, -0.270630806684494, 0.4171580672264099, -0.6328461170196533, -0.07827074080705643, -1.5113694667816162, 0.7193090319633484, 0.41258955001831055, 0.21290278434753418, -0.4277477264404297, 0.13431316614151, 0.5048900246620178, 0.457081139087677, 0.3676655888557434, -1.7775694131851196, 2.665532350540161, -0.4632522463798523, -1.3458002805709839, -0.5746266841888428, 0.22190502285957336, 0.5590408444404602, -0.20122666656970978, 1.1474980115890503, 1.327758550643921, -0.5657367706298828, -0.07663902640342712, -1.0179859399795532, -0.7827064394950867, 1.3739373683929443, 0.04355386644601822, -0.8246560096740723, 0.5219277143478394, -0.9497519135475159, 0.4658798277378082, -0.7704170942306519, 0.7064222693443298, 0.07652279734611511, -1.8666112422943115, -0.20422887802124023, 0.3181167244911194, 1.165519118309021, 0.37635764479637146, -0.42568209767341614, -1.4550331830978394, -0.556459367275238, 1.179539680480957, 1.9599894285202026, -1.1979434490203857, 1.868959903717041, 1.2306323051452637, 0.5932909250259399, -0.2857282757759094, -0.9267580509185791, 0.06078373268246651, -0.19916097819805145, -0.18907862901687622, 1.1480737924575806, -0.14841923117637634, -0.42422932386398315, -0.23542582988739014, 0.3601158559322357, 0.3983105719089508]",yunet,Facenet,1920,1080,/home/amos/media/tv/modern_family/Modern.Family.S09.1080p.DSNP.WEB-DL.DDP5.1.H.264-CRFW/Modern.Family.S09E17.Royal.Visit.1080p.DSNP.WEB-DL.DDP5.1.H.264-CRFW.mkv,Modern Family,2009,1442437,9,17,Eric Stonestreet,156962.0,0.576
426,252,264,492,600,462,390,420,396,0.92,12168,1,"[-0.9033676385879517, -1.7531908750534058, 0.06147408485412598, -0.35679683089256287, 0.9740981459617615, -1.2387473583221436, 0.5074546337127686, -0.42033347487449646, 2.950356960296631, -0.18819497525691986, 0.9664469361305237, -1.8289530277252197, 0.1415605992078781, -0.8247196674346924, -0.6301019191741943, 1.1719602346420288, -0.718047022819519, -0.605927050113678, -0.0651930421590805, 0.5309528112411499, 1.4578660726547241, 0.7093981504440308, 0.7109312415122986, 0.19659137725830078, -0.07345466315746307, 1.5606765747070312, 1.30450439453125, -1.5890294313430786, 1.0892980098724365, -0.17818373441696167, -1.1012942790985107, 0.7991937398910522, -0.42015907168388367, 0.6830506920814514, -0.38399529457092285, -0.5773224234580994, 0.9669910669326782, 0.096032053232193, 0.8286390900611877, -2.1010141372680664, -0.5949181914329529, 0.8115551471710205, -1.121320366859436, -1.3147696256637573, -0.8847938776016235, -0.07704208791255951, -1.2643611431121826, 0.021413497626781464, -0.5101770162582397, 2.1842751502990723, -0.4406847357749939, 0.4716237187385559, -1.9837766885757446, 0.31666940450668335, -0.777236819267273, -1.212158203125, 3.494108200073242, 0.5618829727172852, -1.7805213928222656, 0.21005567908287048, -0.22369760274887085, 0.021301336586475372, -0.3250964879989624, 2.229964256286621, -0.1980033814907074, 1.3725286722183228, 1.4785813093185425, -0.5604377388954163, -0.10883767902851105, -1.172742486000061, -0.483371376991272, -1.0651105642318726, -1.1064507961273193, 0.06761737167835236, 1.1111856698989868, -0.5572485327720642, -1.779712200164795, -1.257047176361084, -1.5108712911605835, -1.3974107503890991, -2.1935617923736572, 0.482951283454895, 1.0048675537109375, -0.8216097950935364, -0.7572826743125916, 0.07354366779327393, 0.08163604140281677, 1.6546621322631836, -0.915622353553772, -0.6793928146362305, -0.05686583369970322, 0.05461897701025009, 1.4543254375457764, 0.5879439115524292, 1.1929436922073364, 0.7826961278915405, -1.7497750520706177, 0.9457129836082458, -2.018486499786377, -2.358119010925293, 1.0096622705459595, -1.3456486463546753, -0.6639518737792969, -0.9727712273597717, 1.6019394397735596, 0.6597181558609009, -0.20282317698001862, -0.2578127980232239, 0.7280027866363525, -0.4025675654411316, 0.9898574948310852, -1.9608352184295654, 0.9145195484161377, 0.7197367548942566, -0.028252439573407173, 0.12023667991161346, 0.03223096951842308, -0.9816642999649048, -0.731804370880127, 1.3634328842163086, -0.27343034744262695, 0.4314086139202118, -0.3260043263435364, -1.0937268733978271, 0.5165931582450867, -0.7211386561393738, 0.03341443091630936, -0.14364008605480194]",yunet,Facenet,1920,1080,/home/amos/media/tv/modern_family/Modern.Family.S09.1080p.DSNP.WEB-DL.DDP5.1.H.264-CRFW/Modern.Family.S09E17.Royal.Visit.1080p.DSNP.WEB-DL.DDP5.1.H.264-CRFW.mkv,Modern Family,2009,1442437,9,17,Jesse Tyler Ferguson,204815.0,0.705
427,1260,174,1488,468,1434,294,1320,294,0.922,12192,0,"[0.42692846059799194, -0.4646519720554352, -0.12712253630161285, 0.48123201727867126, 3.5777323246002197, -0.641202449798584, 2.117255449295044, -0.014780942350625992, 1.388731837272644, 0.4243033528327942, -1.3686752319335938, -0.8381576538085938, -0.6065893173217773, 1.3123377561569214, -0.5605648756027222, -0.1460554599761963, -0.8727729320526123, -1.3928427696228027, -0.31971853971481323, -0.3558044731616974, -1.194573998451233, 1.1174129247665405, -0.33568909764289856, 0.9328694343566895, 1.2227699756622314, 0.869309663772583, 1.531401515007019, -0.6525619029998779, -0.2367369383573532, -0.8357872366905212, 0.4561255872249603, 1.0530281066894531, -1.812615156173706, 0.2568243741989136, -1.5208557844161987, -0.3359353840351105, 0.6174452900886536, -1.8844636678695679, 0.2676604986190796, -1.71494722366333, 0.39924710988998413, -0.8601769208908081, -0.624643087387085, 0.25334447622299194, 0.13139571249485016, 0.21384643018245697, -1.81862211227417, -0.905748724937439, -1.0179839134216309, 2.398148536682129, -0.9234300255775452, 0.37948909401893616, -0.6670054793357849, -0.4490366578102112, -0.9465022683143616, -2.3105263710021973, -0.1842515468597412, -1.3652558326721191, -0.2621641457080841, -0.4138258695602417, -1.0853408575057983, -0.6378147602081299, 0.4181460440158844, 0.5218861699104309, -1.7354499101638794, 0.8543198704719543, -0.8206096887588501, -0.6842273473739624, 0.8911187052726746, -0.5424875020980835, -0.12240122258663177, -1.3138741254806519, 0.6384742856025696, 0.16434244811534882, 0.10699394345283508, -0.49287763237953186, 0.29366496205329895, 0.6887413859367371, 0.9810150265693665, 0.7618476748466492, -1.5038362741470337, 2.179738998413086, 0.1472110152244568, -1.369462013244629, -0.496042400598526, 0.42042282223701477, 0.5694973468780518, -0.13327902555465698, 1.0473251342773438, 1.6630915403366089, 0.045572683215141296, -0.04910009354352951, -1.1906191110610962, -0.3776077330112457, 1.541404128074646, -0.21773512661457062, -0.756116509437561, 0.4240804612636566, -0.819922924041748, 0.5188302397727966, -0.6970391273498535, 1.1170010566711426, -0.2543394863605499, -1.886933445930481, -0.31943345069885254, -0.12447161972522736, 0.9569860696792603, 0.430379718542099, -1.0332258939743042, -1.1414626836776733, -0.2836794853210449, 0.6379879117012024, 1.7373425960540771, -1.1009504795074463, 1.4178251028060913, 1.4534815549850464, 0.5297852754592896, 0.16561737656593323, -1.1252104043960571, -0.08340708911418915, 0.10385337471961975, 0.029012780636548996, 0.7502697110176086, -0.20399414002895355, -0.4691513180732727, -0.9287468194961548, 0.5460543632507324, 0.36957070231437683]",yunet,Facenet,1920,1080,/home/amos/media/tv/modern_family/Modern.Family.S09.1080p.DSNP.WEB-DL.DDP5.1.H.264-CRFW/Modern.Family.S09E17.Royal.Visit.1080p.DSNP.WEB-DL.DDP5.1.H.264-CRFW.mkv,Modern Family,2009,1442437,9,17,Eric Stonestreet,156962.0,0.655
428,540,258,762,564,732,378,642,378,0.921,12192,1,"[-0.7739883661270142, -1.8251690864562988, -0.5976405739784241, -0.6738550066947937, 0.19809718430042267, -0.3322622776031494, -0.21481983363628387, 0.30022162199020386, 1.8437089920043945, 0.358840674161911, 0.8286955952644348, -2.1483192443847656, -0.554145872592926, -0.20838364958763123, -1.2017080783843994, 1.0046122074127197, -0.3006216585636139, -1.3017991781234741, -0.4735053777694702, -0.0988115668296814, 1.2934842109680176, 0.8909723162651062, 1.4942653179168701, 0.40968799591064453, 0.14823420345783234, 1.063721776008606, 1.8002123832702637, -1.7765939235687256, 2.003199577331543, -0.6787421107292175, -1.1687393188476562, 1.4186400175094604, 0.3205512762069702, 0.11265658587217331, 0.39573585987091064, 0.17358864843845367, 0.8414945602416992, 0.31977179646492004, 0.25450658798217773, -1.770456075668335, -0.47575125098228455, 0.21270962059497833, -1.2657122611999512, -1.149601697921753, -0.4102638363838196, -0.042792290449142456, -1.9220339059829712, 0.2786755859851837, -0.5051169991493225, 0.8605396747589111, 0.3981435298919678, 0.23987899720668793, -1.2209975719451904, 0.5620275735855103, -0.8287155628204346, -0.4563870131969452, 1.2331466674804688, 0.2715897262096405, -2.005955696105957, -1.6359597444534302, -0.8043637275695801, 0.3459424376487732, -1.0010020732879639, 2.1374094486236572, -1.0013056993484497, 1.6970183849334717, 1.4963804483413696, -0.05623820796608925, 0.5733641386032104, -1.7667810916900635, -0.5968492031097412, -0.1710914671421051, -0.6218677759170532, 0.11004868149757385, 0.7811102271080017, -0.4236752390861511, -1.2923320531845093, -0.4414447546005249, -1.098095417022705, -1.5943934917449951, -2.1457436084747314, 1.3149868249893188, -0.21457570791244507, -0.6785550713539124, -0.41274917125701904, -0.6758761405944824, 0.02531612664461136, 0.4846283197402954, -0.6115858554840088, -0.7458494305610657, 0.06398435682058334, 0.31962019205093384, 1.296167016029358, 1.4629684686660767, 1.1329339742660522, 1.3800852298736572, -0.2695683240890503, 0.998352587223053, -1.2662196159362793, -1.856275200843811, 0.17550572752952576, -1.0221738815307617, -0.23111411929130554, -0.13753212988376617, 0.7726680040359497, 0.8483213186264038, 0.600209653377533, -0.06107023358345032, 0.6851156949996948, -0.2838134169578552, 0.7913920879364014, -1.3007135391235352, 1.3388872146606445, 0.0004464834928512573, -0.4841161370277405, 1.5330467224121094, 0.49917659163475037, -1.0433670282363892, -1.8979732990264893, 0.26906701922416687, -0.6429288387298584, 0.5121287107467651, 0.22216588258743286, -0.7373723387718201, 0.6589446663856506, 0.015351153910160065, -0.08839508891105652, -0.3546757400035858]",yunet,Facenet,1920,1080,/home/amos/media/tv/modern_family/Modern.Family.S09.1080p.DSNP.WEB-DL.DDP5.1.H.264-CRFW/Modern.Family.S09E17.Royal.Visit.1080p.DSNP.WEB-DL.DDP5.1.H.264-CRFW.mkv,Modern Family,2009,1442437,9,17,Jesse Tyler Ferguson,204815.0,0.813
429,492,216,726,522,684,330,588,336,0.928,12216,0,"[-1.125042200088501, -2.3738138675689697, -0.6403627991676331, 0.09411736577749252, 0.5971755385398865, -0.5513794422149658, -0.44519734382629395, 0.035174403339624405, 2.6722991466522217, 0.0972990095615387, 1.1794466972351074, -2.469503402709961, -0.6464889049530029, -0.45656317472457886, -1.1860177516937256, -0.03668857365846634, -0.8209185600280762, -0.8288134336471558, -0.9697482585906982, -0.4378644526004791, 1.5212359428405762, -0.19970543682575226, 1.400850772857666, 0.6031869649887085, 0.6827749013900757, 0.5583693981170654, 1.7227857112884521, -1.9883536100387573, 1.4225364923477173, -0.9814503192901611, -0.847725510597229, 0.8836822509765625, -0.05973975360393524, -0.17069408297538757, 0.14602570235729218, 0.91155606508255, 0.6072249412536621, -0.10876148194074631, -0.2091512680053711, -1.60294508934021, 0.3184643089771271, 0.6426936984062195, -0.43982771039009094, -1.1840345859527588, -0.12298372387886047, 0.31796109676361084, -1.7704427242279053, 0.8960297107696533, -0.6737474799156189, 0.7287203073501587, -0.27214574813842773, 0.3517087399959564, -1.4406479597091675, 0.9373875856399536, -0.8964221477508545, 0.002223932184278965, 1.6648281812667847, -0.024036195129156113, -1.7749077081680298, -1.480709195137024, -0.06303363293409348, 0.5729769468307495, -0.45523205399513245, 2.214885950088501, -0.7624370455741882, 2.458801746368408, 0.9714739322662354, 0.08633951097726822, 0.003658667206764221, -1.571473479270935, -0.38083529472351074, -0.19206637144088745, -0.8004539608955383, -0.0364433154463768, 0.5642454624176025, -1.0782808065414429, -1.0849521160125732, -0.0996301919221878, -1.9410697221755981, -0.9048464894294739, -2.261585235595703, 0.7979673147201538, 0.32181626558303833, -0.5111938118934631, -0.26261040568351746, -0.6918385028839111, -0.24283403158187866, 0.7445130944252014, -0.2879597544670105, -0.9525943398475647, 0.47337424755096436, 0.17519162595272064, 1.7393549680709839, 2.310992479324341, 0.6459134221076965, 1.8785148859024048, -0.5839259624481201, 1.109630823135376, -1.6610963344573975, -1.3274943828582764, 0.09191477298736572, -1.2047374248504639, 0.7166367173194885, -0.4541819095611572, 1.174833059310913, 0.6666014194488525, 0.2505112588405609, 0.3677768409252167, 0.7123497128486633, -0.18618255853652954, 1.1157622337341309, -1.7298678159713745, 1.4570077657699585, 0.11544862389564514, -0.7585980296134949, 1.6404849290847778, 0.44621458649635315, -0.6014318466186523, -1.7901707887649536, 0.1941661536693573, -0.8112733960151672, 0.27581849694252014, 0.6020019054412842, -1.0539722442626953, 0.4794735908508301, -0.20065870881080627, -0.018967242911458015, -0.3061813414096832]",yunet,Facenet,1920,1080,/home/amos/media/tv/modern_family/Modern.Family.S09.1080p.DSNP.WEB-DL.DDP5.1.H.264-CRFW/Modern.Family.S09E17.Royal.Visit.1080p.DSNP.WEB-DL.DDP5.1.H.264-CRFW.mkv,Modern Family,2009,1442437,9,17,Jesse Tyler Ferguson,204815.0,0.807
430,1278,168,1500,468,1428,282,1326,282,0.926,12216,1,"[0.5946049690246582, -0.48234039545059204, -0.29993313550949097, 0.1614176332950592, 2.6437368392944336, -0.07446664571762085, 1.8112223148345947, -0.3529430031776428, 1.0726380348205566, 0.35973668098449707, -1.1450937986373901, -0.4740467071533203, -0.49149227142333984, 1.4816663265228271, 0.4284367561340332, -0.1326904594898224, -0.0948886126279831, -1.192237377166748, -0.014879673719406128, -1.3443896770477295, -1.7093803882598877, 1.4003580808639526, -0.24307513236999512, 0.7869401574134827, 1.9130115509033203, 0.8464587330818176, 1.479122281074524, -0.9435853958129883, -0.3604949116706848, -0.9177974462509155, 0.26974302530288696, 0.6411399841308594, -2.451789379119873, 1.1337940692901611, -0.5466634631156921, 0.2886844277381897, 0.9700746536254883, -1.5907069444656372, 0.307918906211853, -1.3067189455032349, -0.36054709553718567, -0.42655426263809204, -0.12027812004089355, 0.1877489984035492, 0.3619707226753235, 0.6366943717002869, -1.294338345527649, -0.6184300184249878, -0.6952478289604187, 2.2818832397460938, -0.6735856533050537, 0.04443516582250595, -1.4130873680114746, 0.3704550862312317, -0.8697235584259033, -2.4708433151245117, -0.7483884692192078, -0.7001926302909851, -1.1320661306381226, -1.1573742628097534, -1.0471762418746948, -0.9170587658882141, 0.9599829912185669, 0.2556423544883728, -0.9601158499717712, 0.7335221767425537, -1.8429259061813354, -0.13494402170181274, 0.20711854100227356, -1.0442094802856445, 0.7835915088653564, -0.7882052659988403, 0.33678409457206726, -0.07639048993587494, 0.42221197485923767, -0.6659625172615051, 0.4249771535396576, 0.6996269226074219, 0.6696354746818542, 1.4510297775268555, -2.0921688079833984, 2.1361565589904785, -0.3231925666332245, -0.4650813043117523, -0.8555217385292053, 0.5456891059875488, 0.9164323210716248, -0.2768480181694031, 0.7674856185913086, 0.6889556050300598, 0.47759124636650085, -0.031561896204948425, -0.14030170440673828, -0.49335846304893494, 1.6819690465927124, 0.9512947201728821, -0.5920111536979675, 1.2410680055618286, -0.4001476466655731, 0.8263300657272339, -0.23047305643558502, 1.352787733078003, 0.18813711404800415, -1.677926778793335, -0.9222105741500854, 0.1358088254928589, -0.31353113055229187, 0.2576461434364319, -0.7391170263290405, -2.1731176376342773, -0.41518837213516235, -0.06465291976928711, 2.079991579055786, -1.6988112926483154, 1.9200596809387207, 1.5767902135849, 0.5360372066497803, 0.9934613704681396, -0.6171567440032959, 0.2651037275791168, -1.0932044982910156, 0.013892197981476784, 1.7844407558441162, -0.22794736921787262, -0.6664484143257141, -0.026125796139240265, 0.15158218145370483, 0.29403775930404663]",yunet,Facenet,1920,1080,/home/amos/media/tv/modern_family/Modern.Family.S09.1080p.DSNP.WEB-DL.DDP5.1.H.264-CRFW/Modern.Family.S09E17.Royal.Visit.1080p.DSNP.WEB-DL.DDP5.1.H.264-CRFW.mkv,Modern Family,2009,1442437,9,17,Eric Stonestreet,156962.0,0.609
431,1218,186,1446,504,1380,312,1278,312,0.933,12240,0,"[0.8976284265518188, 0.4854642450809479, 0.07364457100629807, 0.40634748339653015, 3.388862371444702, -0.8541629314422607, 1.8570289611816406, -0.008624520152807236, 0.8443896770477295, 0.313097208738327, -1.2397058010101318, -0.5271167755126953, 0.2741897702217102, 0.5690258741378784, 0.6392203569412231, 0.7731325030326843, -0.7889631986618042, -1.3953698873519897, -0.0011762753129005432, -0.22083422541618347, -1.0568219423294067, 1.7072592973709106, -0.5193675756454468, 1.7449226379394531, 1.3334699869155884, 0.6385440230369568, 2.264131784439087, 0.25078850984573364, 0.07114487886428833, -0.792884886264801, -0.4725826680660248, 0.3796352446079254, -1.5937042236328125, 0.27247685194015503, -1.4273908138275146, -0.726990818977356, 0.5919701457023621, -2.875657081604004, -0.05904477834701538, -0.7607953548431396, -0.5371237993240356, -1.2253119945526123, 0.4970375895500183, 0.22815069556236267, 0.24281010031700134, 0.28105348348617554, -1.883103847503662, -1.030601978302002, -0.7575586438179016, 1.3487353324890137, -0.9276823997497559, 0.614445149898529, -1.1728768348693848, 0.7813227772712708, -0.8801124095916748, -2.098987340927124, 0.4367981255054474, -1.4537190198898315, -0.5978952646255493, 0.11688613146543503, -1.0017824172973633, -0.26421892642974854, 1.564201831817627, 0.4855060279369354, -1.5918099880218506, 0.9961087107658386, -0.4221338629722595, -0.7364373803138733, -0.6585919260978699, -0.3297308385372162, 0.2321261316537857, -0.7398236989974976, 1.448066234588623, 0.8156184554100037, 0.45930588245391846, -0.30018678307533264, 0.6198445558547974, 1.3452602624893188, 1.2114845514297485, 1.0725458860397339, -1.6770235300064087, 2.971541166305542, -0.5929020643234253, -1.1688783168792725, 0.03208037465810776, 0.05804567039012909, 0.04345376789569855, -1.062469720840454, 1.2795330286026, 0.6937391757965088, 0.6771595478057861, 0.721519947052002, -0.029651761054992676, -0.7503615021705627, 1.1656663417816162, -0.5054080486297607, -1.2273659706115723, 0.5080846548080444, -1.3677794933319092, -0.24370959401130676, -0.12628942728042603, 0.0050382837653160095, 0.37810686230659485, -1.0179617404937744, 0.17778795957565308, -0.5783879160881042, -0.5144528150558472, 0.3000493049621582, -1.0342833995819092, -0.24822835624217987, -0.14336825907230377, -0.07044251263141632, 2.154496669769287, -0.7273015975952148, 1.3133957386016846, 0.7181321382522583, 0.1989811807870865, 0.9126843810081482, -0.08112163096666336, 0.6385247707366943, 0.019490551203489304, 0.11450199037790298, 1.0083609819412231, -0.10204502195119858, 0.1314234584569931, 0.045958511531353, 1.037583589553833, 0.03944534435868263]",yunet,Facenet,1920,1080,/home/amos/media/tv/modern_family/Modern.Family.S09.1080p.DSNP.WEB-DL.DDP5.1.H.264-CRFW/Modern.Family.S09E17.Royal.Visit.1080p.DSNP.WEB-DL.DDP5.1.H.264-CRFW.mkv,Modern Family,2009,1442437,9,17,Eric Stonestreet,156962.0,0.695
432,492,234,726,558,678,360,594,366,0.93,12240,1,"[-1.231335997581482, -2.0198354721069336, -0.34311211109161377, -0.47733205556869507, 0.19032202661037445, -0.14909668266773224, -0.17656102776527405, 0.37836551666259766, 2.456843614578247, -0.001372234895825386, 1.3860089778900146, -1.7943381071090698, -0.506476879119873, -0.5484656095504761, -1.527909278869629, 0.8417772054672241, -0.7462435960769653, -0.7874536514282227, -0.5922420024871826, 0.18100431561470032, 1.5112926959991455, 0.4697522521018982, 0.9941144585609436, 0.12556946277618408, -0.21300098299980164, 1.123295783996582, 1.6541942358016968, -2.0611557960510254, 2.010019302368164, -0.6344196200370789, -0.8759222030639648, 1.2246143817901611, 0.4214426279067993, -0.0850539430975914, 0.20821984112262726, -0.03671940043568611, 0.7298715710639954, 0.1848471462726593, 0.4546147882938385, -1.8485277891159058, -0.030430564656853676, 0.5034700632095337, -1.2505733966827393, -1.4394583702087402, -0.12424688041210175, -0.6776742339134216, -1.5436313152313232, 0.26617318391799927, 0.11669193208217621, 0.600255012512207, 0.12519687414169312, 0.26135149598121643, -1.4510440826416016, 0.2633543014526367, -0.7053104639053345, -0.29854816198349, 1.9267683029174805, 0.39304983615875244, -1.5950794219970703, -0.8060409426689148, -0.299458771944046, 0.44426053762435913, -0.7259677648544312, 2.09623122215271, -0.5694548487663269, 2.1278555393218994, 1.7008346319198608, 0.6197359561920166, 0.327029824256897, -1.4931696653366089, -0.8527844548225403, 0.0027982890605926514, -1.148335576057434, 0.6971979141235352, 0.9636617302894592, -0.6189514398574829, -1.5480622053146362, -0.46987438201904297, -1.426828145980835, -1.3642501831054688, -2.4093499183654785, 0.6015071868896484, -0.024948284029960632, -0.9984217882156372, -0.4775150716304779, -0.6169923543930054, -0.25551775097846985, 0.9479256868362427, -1.0678095817565918, -0.9330064058303833, -0.15034428238868713, 0.4517964720726013, 1.4471569061279297, 1.3274798393249512, 0.6753632426261902, 1.1719083786010742, -1.0406763553619385, 1.2842955589294434, -1.0344583988189697, -1.9731298685073853, 0.0864534080028534, -1.4422105550765991, -0.2965521812438965, -0.32451343536376953, 1.2789251804351807, 1.143610954284668, 0.41172799468040466, -0.26774296164512634, 0.23442977666854858, 0.005619952455163002, 1.2227925062179565, -1.302380919456482, 1.1927058696746826, -0.29591357707977295, -0.5844636559486389, 1.8054784536361694, 0.4329991638660431, -1.088139295578003, -1.6970515251159668, 0.929503858089447, -0.7133156657218933, 0.5165301561355591, 0.31833934783935547, -0.5154809355735779, 0.6158981323242188, -0.19970202445983887, -0.4124637544155121, -0.23351731896400452]",yunet,Facenet,1920,1080,/home/amos/media/tv/modern_family/Modern.Family.S09.1080p.DSNP.WEB-DL.DDP5.1.H.264-CRFW/Modern.Family.S09E17.Royal.Visit.1080p.DSNP.WEB-DL.DDP5.1.H.264-CRFW.mkv,Modern Family,2009,1442437,9,17,Jesse Tyler Ferguson,204815.0,0.809
433,1152,240,1374,546,1260,366,1182,366,0.933,12264,0,"[0.38809868693351746, -0.15811854600906372, 0.35582882165908813, 0.1411190629005432, 3.0363872051239014, -0.9746506214141846, 1.9699580669403076, -0.4699648320674896, 1.2391434907913208, 0.3804502487182617, -1.0767357349395752, 0.2998715937137604, -0.6220783591270447, 0.24716153740882874, 0.10629479587078094, 0.2723800539970398, -1.4097838401794434, -0.9265087246894836, -0.10335560142993927, -0.513239860534668, -1.017409086227417, 0.6244070529937744, -0.8598313331604004, 0.8388883471488953, 0.8449482321739197, 0.920563817024231, 2.5487561225891113, -0.3882121443748474, 0.018693402409553528, -0.9365748167037964, -0.3300003707408905, 0.959345817565918, -0.8206541538238525, 0.028035283088684082, -2.017279863357544, -0.7677718997001648, 0.13601532578468323, -3.010096549987793, 0.2220468819141388, -1.382524013519287, -0.027675600722432137, -1.579259991645813, -0.49962010979652405, 0.2583596110343933, 0.25249263644218445, -0.20982401072978973, -2.6409854888916016, -0.6875283718109131, -0.6761704683303833, 1.3464430570602417, -0.6797242164611816, 0.1192006766796112, -1.013735294342041, 0.5042992234230042, -0.17636001110076904, -2.0488264560699463, 0.1178627461194992, -1.1900489330291748, -0.44383761286735535, -0.40297648310661316, -1.4550365209579468, -1.1656460762023926, 0.9626361131668091, 0.39119163155555725, -1.1220234632492065, 1.5344120264053345, -0.7626646161079407, -0.6302241086959839, -0.6534201502799988, 0.0134388143196702, -0.23748722672462463, -1.6277393102645874, 1.491459846496582, 0.2689467668533325, 1.1523925065994263, -1.0793451070785522, 0.5008125305175781, 1.4275516271591187, 0.8162716627120972, 1.2626559734344482, -1.945387601852417, 2.0777838230133057, -0.7878149747848511, -1.8855788707733154, -0.26898688077926636, 0.5021770000457764, -0.9070128798484802, -0.35319995880126953, 1.1044433116912842, 1.150518774986267, 0.525249183177948, 0.18827557563781738, -0.28397366404533386, -1.4100444316864014, 1.3029237985610962, -0.9109031558036804, -1.232082724571228, 0.528662919998169, -1.5815975666046143, -0.475999653339386, -0.7096925973892212, 0.20023220777511597, 0.6584075689315796, -0.8138620853424072, 0.23511895537376404, 0.014738887548446655, 0.6227182745933533, -0.14858049154281616, -1.2142961025238037, 0.09846560657024384, -0.1020527333021164, 0.8134893178939819, 1.2580841779708862, -1.1852636337280273, 1.6661232709884644, 1.1975651979446411, 0.07542502135038376, 0.6627548933029175, 0.0943073034286499, 0.32951614260673523, -0.35706955194473267, -0.4309551417827606, 1.750981330871582, 0.12738142907619476, 0.2037731409072876, -0.43784183263778687, 1.007728934288025, 1.9638030529022217]",yunet,Facenet,1920,1080,/home/amos/media/tv/modern_family/Modern.Family.S09.1080p.DSNP.WEB-DL.DDP5.1.H.264-CRFW/Modern.Family.S09E17.Royal.Visit.1080p.DSNP.WEB-DL.DDP5.1.H.264-CRFW.mkv,Modern Family,2009,1442437,9,17,Eric Stonestreet,156962.0,0.642
434,468,240,720,564,666,366,552,360,0.931,12264,1,"[-1.4574878215789795, -2.5026793479919434, -1.175951600074768, 0.05091766268014908, 0.5833563804626465, -0.16927576065063477, -0.626044511795044, -0.08123946189880371, 2.917603015899658, -0.762178897857666, 1.3350952863693237, -2.7260591983795166, -1.5300346612930298, -0.5901192426681519, -1.2335948944091797, 0.1131538599729538, -0.21599966287612915, -0.298310250043869, -1.1614986658096313, -0.3984676003456116, 1.385482907295227, -0.4602394998073578, 2.697967529296875, 0.354751855134964, 0.3003045916557312, 1.1532633304595947, 1.4343878030776978, -2.7483177185058594, 1.3909940719604492, -0.557758629322052, -0.3595597445964813, 0.6920036673545837, 0.40581080317497253, 0.34514549374580383, 0.6534466743469238, 1.6622167825698853, 0.8657178282737732, 0.06862565129995346, -0.3466312289237976, -1.5255414247512817, 0.31158164143562317, -0.08420221507549286, -0.8271216154098511, -1.2618361711502075, 0.3572109341621399, -0.2804059386253357, -1.652184247970581, 0.713211178779602, -1.2232376337051392, 0.8156740665435791, 0.4921504855155945, -0.7784127593040466, -0.8233478665351868, 1.210636019706726, -0.5083581805229187, -0.1873622089624405, 0.9227351546287537, 0.34290432929992676, -1.8301844596862793, -2.1003518104553223, -0.41833120584487915, -0.043795522302389145, -0.4646647870540619, 1.3893276453018188, -1.2813479900360107, 1.6533175706863403, 0.6999908089637756, 0.06466501951217651, -0.3595800995826721, -1.6657770872116089, 0.06731869280338287, -0.39086827635765076, -0.63689124584198, -0.4546794891357422, 0.33648622035980225, -0.9443972110748291, -1.101483941078186, -0.08698351681232452, -1.3415595293045044, -1.8816673755645752, -2.2265961170196533, 0.9399386644363403, -0.2295890748500824, -1.0271309614181519, -0.9552900791168213, -0.22620896995067596, -0.27102896571159363, 0.8614453077316284, 0.5649086236953735, -1.2037431001663208, 0.1945916712284088, 0.016043169423937798, 0.8496192097663879, 2.006301164627075, 0.13482412695884705, 1.8338541984558105, -0.6746043562889099, 0.5278996229171753, -1.847759485244751, -0.9396446943283081, 0.5923212170600891, -0.8059229850769043, 0.4902772605419159, -0.40846747159957886, 1.1628780364990234, 0.4913685917854309, 0.7908154129981995, -0.49947306513786316, 0.9203521013259888, -0.23480729758739471, 0.24211449921131134, -0.8020173907279968, 1.9655179977416992, -0.4771256744861603, -0.8973023295402527, 0.8770817518234253, 0.09061083197593689, -1.5758262872695923, -1.877150535583496, -0.2561953663825989, -1.5318728685379028, 0.004894191399216652, 1.3862240314483643, -1.2856968641281128, 0.5239958167076111, 0.42344406247138977, 0.7983325123786926, -0.05383985489606857]",yunet,Facenet,1920,1080,/home/amos/media/tv/modern_family/Modern.Family.S09.1080p.DSNP.WEB-DL.DDP5.1.H.264-CRFW/Modern.Family.S09E17.Royal.Visit.1080p.DSNP.WEB-DL.DDP5.1.H.264-CRFW.mkv,Modern Family,2009,1442437,9,17,Jesse Tyler Ferguson,204815.0,0.769
435,468,288,690,564,624,396,510,390,0.925,12288,0,"[-2.26309871673584, -1.4290080070495605, -0.9980902671813965, -0.5311256051063538, 0.9188110828399658, -1.0824475288391113, -1.6033008098602295, 0.14593586325645447, 2.697280168533325, -1.2378208637237549, 1.3237900733947754, -1.6913334131240845, -1.45115065574646, -0.2380593866109848, -0.07327841222286224, 0.41797810792922974, -0.7674047946929932, 0.03903549909591675, -0.8934550285339355, -0.3857174217700958, 0.6577239036560059, 0.10998819768428802, 1.5540063381195068, 0.37814265489578247, 0.1061583012342453, 0.2544550895690918, 1.0979503393173218, -1.6099603176116943, 1.2926867008209229, -0.3535400629043579, -1.227402925491333, 0.5750073194503784, 0.11908566206693649, 0.4266818165779114, 0.26038044691085815, 1.5766855478286743, 0.9357900023460388, -0.7138329744338989, -1.1013801097869873, -1.4268187284469604, -0.1015155017375946, -0.4134780764579773, -0.9298802614212036, -0.1646563708782196, 0.200072780251503, 0.14140672981739044, -1.8644837141036987, 0.08727046847343445, -0.4290478825569153, 0.9846688508987427, 0.6033585071563721, -0.22703318297863007, -0.9347261190414429, 0.6367580890655518, -0.8038107752799988, -0.6343235969543457, 0.1918673813343048, 0.041796427220106125, -1.5122989416122437, -1.271973967552185, 0.011381622403860092, 0.7570337653160095, -1.0880300998687744, 1.7604833841323853, -0.4990113079547882, 2.1560823917388916, 0.6737225651741028, 0.23862282931804657, 0.5763415694236755, -2.29978346824646, -0.3926001787185669, -0.6856766939163208, -0.8423268795013428, -0.19621922075748444, 0.205056831240654, -0.10256481170654297, -0.4694741666316986, -0.2901674509048462, -1.6847020387649536, -1.4174981117248535, -2.5311529636383057, 1.9150930643081665, -0.7363802790641785, 0.18882079422473907, -0.43648096919059753, -1.3375691175460815, -0.3544698655605316, 1.1761645078659058, -0.82793128490448, -0.9823843240737915, 0.5301280617713928, -0.03293254226446152, 1.1781680583953857, 1.3532898426055908, -0.3244779109954834, 1.3369194269180298, -0.46494850516319275, 1.131968379020691, -1.2863080501556396, -0.5392893552780151, -0.07968832552433014, -1.5484740734100342, 0.6643266081809998, 0.028564495965838432, 0.6048504114151001, 0.45876532793045044, 0.6171848773956299, 0.23553013801574707, 0.4754142165184021, -0.40135377645492554, 0.9578484296798706, -1.800021767616272, 1.5087108612060547, -0.16555733978748322, 0.04601214453577995, 1.5141745805740356, 1.506473183631897, -0.97954261302948, -1.6196565628051758, 1.1266521215438843, -0.8571167588233948, 0.4030486047267914, 0.6341871619224548, -1.3164194822311401, 0.5414641499519348, -0.32372525334358215, -0.11690247058868408, 0.29636767506599426]",yunet,Facenet,1920,1080,/home/amos/media/tv/modern_family/Modern.Family.S09.1080p.DSNP.WEB-DL.DDP5.1.H.264-CRFW/Modern.Family.S09E17.Royal.Visit.1080p.DSNP.WEB-DL.DDP5.1.H.264-CRFW.mkv,Modern Family,2009,1442437,9,17,Jesse Tyler Ferguson,204815.0,0.788
436,594,228,804,522,768,342,678,342,0.921,12312,0,"[-1.2979389429092407, -1.2735087871551514, -1.2151780128479004, -0.44505059719085693, 1.1306322813034058, -0.6472899317741394, -0.8603585362434387, -0.20097333192825317, 2.2041847705841064, -0.1938241571187973, 0.9597374796867371, -2.178459644317627, -0.6132879257202148, -0.6336148977279663, -0.31941884756088257, 1.042263388633728, -0.6751095056533813, -0.5640969276428223, -0.8783144950866699, 0.20445147156715393, 1.5029082298278809, 1.0218284130096436, 2.2091264724731445, 0.7852042317390442, 0.41714465618133545, 1.0428478717803955, 0.968292236328125, -1.9351454973220825, 1.907031774520874, -0.13718393445014954, 0.18662256002426147, 0.2870626449584961, 0.6353214979171753, -0.7364377975463867, 0.18631066381931305, 1.401540756225586, 1.2384837865829468, -0.10325763374567032, -0.8743770718574524, -1.7624659538269043, -0.6422119736671448, 0.38460054993629456, -0.8380271196365356, -0.8784758448600769, 0.5592416524887085, 0.532015860080719, -1.5229729413986206, -0.16498395800590515, -0.7422921061515808, 0.851136326789856, -0.021322093904018402, -0.4404003918170929, -1.5788562297821045, 0.8776300549507141, -1.3433641195297241, -0.7571699619293213, 0.5504220724105835, 0.7932519316673279, -1.1980942487716675, -1.7058618068695068, -0.038905177265405655, 0.7271007299423218, -0.5079019665718079, 1.3928090333938599, -1.4902353286743164, 1.2997733354568481, 1.2810148000717163, 0.14193128049373627, 0.5661963820457458, -1.5474622249603271, -0.16884762048721313, -0.09699898213148117, -1.1795395612716675, -0.1678689569234848, -0.3157520294189453, -0.5612905025482178, -1.1385623216629028, -0.21958975493907928, -1.3289722204208374, -1.6213654279708862, -2.125562906265259, 1.222617745399475, -0.2791462540626526, 0.2529914677143097, -1.1375844478607178, -0.5607578754425049, -0.13597123324871063, 0.6281895041465759, -0.4019751250743866, -2.0461862087249756, 1.0698357820510864, -0.19185426831245422, 1.2929103374481201, 1.5133229494094849, -0.3346622884273529, 1.5666950941085815, -0.8876084685325623, 0.5435234904289246, -1.023254156112671, -1.2679651975631714, -0.39313942193984985, -0.49366018176078796, 0.6060633659362793, -1.138851284980774, 0.5283026695251465, -0.028180116787552834, 0.11013111472129822, 0.16724392771720886, 1.1341123580932617, 0.5068017840385437, -0.4706799387931824, -1.6329023838043213, 2.0670082569122314, 0.14876225590705872, -0.08518656343221664, 1.7115179300308228, 0.680533766746521, -1.7765299081802368, -2.515925407409668, 0.6911277174949646, -0.6843234300613403, 0.7164334058761597, 0.8421595096588135, -1.2072945833206177, 1.2472587823867798, -0.9653518795967102, 0.437623530626297, -0.7951381206512451]",yunet,Facenet,1920,1080,/home/amos/media/tv/modern_family/Modern.Family.S09.1080p.DSNP.WEB-DL.DDP5.1.H.264-CRFW/Modern.Family.S09E17.Royal.Visit.1080p.DSNP.WEB-DL.DDP5.1.H.264-CRFW.mkv,Modern Family,2009,1442437,9,17,Jesse Tyler Ferguson,204815.0,0.727
437,1158,180,1374,492,1266,300,1188,300,0.921,12312,1,"[-0.4795747697353363, -0.8678590059280396, 0.4273575246334076, -0.6629806756973267, 2.5180845260620117, -0.4215075969696045, 1.5954196453094482, 0.3713066875934601, -0.0310822781175375, 0.2806754410266876, -1.2650504112243652, 0.41007357835769653, -0.4024127721786499, 1.1892945766448975, 0.8516354560852051, 0.8705306649208069, -1.1571136713027954, -0.6273695230484009, 0.13598720729351044, -0.5759432315826416, -1.0761648416519165, 0.922656774520874, -1.08914053440094, 0.9721814393997192, 0.6383541822433472, 1.120505690574646, 0.98139488697052, 0.05367014929652214, 0.43837809562683105, -0.7918196320533752, 1.5888828039169312, 1.314012050628662, -0.5516161322593689, 0.20525625348091125, -1.9148454666137695, -0.9065585136413574, 0.9461744427680969, -3.1705093383789062, -0.4395790696144104, -0.9803162813186646, 0.10592742264270782, -0.9273149371147156, -0.09648348391056061, -0.28989094495773315, 0.6691948771476746, 0.06521135568618774, -0.9228219389915466, -1.4229047298431396, -0.39435744285583496, 1.433565378189087, -1.154868721961975, 0.24472396075725555, -1.9991735219955444, 0.15491633117198944, -0.8921273946762085, -1.9628030061721802, -0.7372864484786987, -0.00956645980477333, -0.12938076257705688, 0.3860442340373993, 4.544481635093689e-05, -1.1307399272918701, 1.1814686059951782, 1.186533808708191, -1.4801896810531616, 0.47840458154678345, -0.02640736848115921, 0.32105955481529236, 1.0110411643981934, -0.5130412578582764, -0.060826510190963745, -1.2513561248779297, 1.6365305185317993, 0.7897513508796692, 1.4172241687774658, -0.7596722841262817, 0.6125054359436035, 0.7519486546516418, 0.4774531126022339, 1.9051827192306519, -2.630282402038574, 2.17060923576355, -0.9370316863059998, -1.7619876861572266, -1.4887363910675049, 0.2220696210861206, -0.49930137395858765, -0.24812108278274536, 0.8968935012817383, 1.4718611240386963, -0.18795716762542725, -0.903856635093689, -0.8858522176742554, -1.5453612804412842, 1.6322417259216309, -0.6517035961151123, -1.7475003004074097, 1.3894078731536865, 0.17758922278881073, 0.657538115978241, -0.7808867692947388, 1.117097020149231, 0.2478909194469452, -0.8573399782180786, 0.2417166531085968, -0.47442519664764404, 0.13378866016864777, 0.31480175256729126, -1.1509573459625244, -0.6115369200706482, -1.0854967832565308, 0.9782065153121948, 1.7755833864212036, -1.8506238460540771, 2.079179048538208, 1.1999176740646362, 1.3393861055374146, -0.037932366132736206, -1.256781816482544, 0.07029753923416138, -0.2581103444099426, 0.17122989892959595, 1.466035008430481, 0.5526614189147949, -0.3404991626739502, -0.9323427081108093, -0.170894056558609, 1.687620997428894]",yunet,Facenet,1920,1080,/home/amos/media/tv/modern_family/Modern.Family.S09.1080p.DSNP.WEB-DL.DDP5.1.H.264-CRFW/Modern.Family.S09E17.Royal.Visit.1080p.DSNP.WEB-DL.DDP5.1.H.264-CRFW.mkv,Modern Family,2009,1442437,9,17,Eric Stonestreet,156962.0,0.614
438,1164,168,1380,486,1260,288,1188,294,0.92,12336,0,"[0.2878287434577942, -0.3905096650123596, 0.1858273595571518, -0.18515987694263458, 3.380838632583618, -0.035047732293605804, 2.380709171295166, 0.6865220665931702, 0.6649256944656372, -0.04695896804332733, -1.9717755317687988, 0.2684911787509918, -0.024904940277338028, 1.45464026927948, 0.7311716079711914, 0.21844325959682465, -1.5601640939712524, -1.3283782005310059, 0.19006143510341644, -0.27580031752586365, -0.804235577583313, 1.5170447826385498, -1.2101917266845703, 0.6900419592857361, 0.736892580986023, 0.9420772790908813, 1.0828402042388916, -0.8680448532104492, -0.13408829271793365, -1.584969401359558, 0.9031721353530884, 1.2256124019622803, -1.157134771347046, -0.10005876421928406, -1.9133442640304565, -1.2429455518722534, 0.7092936635017395, -3.091329574584961, 0.20476165413856506, -1.7294741868972778, 0.15083010494709015, -0.3463563919067383, -0.07521799206733704, -0.5312711000442505, 0.2884777784347534, 0.3777131140232086, -1.5477951765060425, -1.1725730895996094, -1.1878176927566528, 2.3839197158813477, -1.657086730003357, 0.7161659598350525, -1.8121222257614136, -0.2709740102291107, -0.42831242084503174, -2.794327974319458, -0.23584820330142975, -0.4938391447067261, -0.1480918675661087, -0.33804091811180115, -0.5091825723648071, -1.2281639575958252, 1.3937509059906006, 0.7909168004989624, -2.255039691925049, 0.1576956808567047, -0.6525294780731201, -0.457450270652771, 0.2271820604801178, -0.7995206117630005, -0.025923918932676315, -1.4906049966812134, 0.789289653301239, 0.5943189859390259, 0.8285583257675171, -0.9582098126411438, 0.016700953245162964, 0.9390222430229187, 0.774954080581665, 1.7011034488677979, -1.8280370235443115, 1.9915592670440674, -1.0563130378723145, -1.8311033248901367, -0.8473659157752991, 0.13923552632331848, 0.1801195740699768, -0.19183674454689026, 0.85151207447052, 0.9775596261024475, -0.24326160550117493, -0.4626895487308502, -0.8168057203292847, -1.3399546146392822, 1.4950624704360962, -0.6380284428596497, -1.5837002992630005, 0.9301292300224304, -0.3886979818344116, 0.4279015064239502, -0.9520977139472961, 0.7518875598907471, -0.1571984887123108, -1.347386360168457, 0.07899313420057297, -0.9827990531921387, 0.4646238684654236, -0.02103009819984436, -1.2005305290222168, 0.07581683248281479, -0.7632299661636353, 0.4108256697654724, 2.3426742553710938, -1.4690845012664795, 1.375303030014038, 1.1207648515701294, 0.4733159840106964, 0.31790903210639954, -1.0112018585205078, 0.11211815476417542, -0.8823374509811401, 0.3764449954032898, 1.30460524559021, 0.8425437808036804, -0.20719541609287262, -0.7098474502563477, -0.16817472875118256, 1.382407546043396]",yunet,Facenet,1920,1080,/home/amos/media/tv/modern_family/Modern.Family.S09.1080p.DSNP.WEB-DL.DDP5.1.H.264-CRFW/Modern.Family.S09E17.Royal.Visit.1080p.DSNP.WEB-DL.DDP5.1.H.264-CRFW.mkv,Modern Family,2009,1442437,9,17,Eric Stonestreet,156962.0,0.611
439,426,210,654,510,636,330,558,330,0.913,12336,1,"[-0.31538355350494385, -1.1817402839660645, -0.11381258815526962, -1.1068443059921265, 1.5069712400436401, -1.1629687547683716, 0.26042062044143677, -1.1559759378433228, 2.4052462577819824, 0.4530969262123108, 1.2998297214508057, -2.4236817359924316, -0.40010952949523926, -1.4079549312591553, -0.7481317520141602, 1.2795462608337402, -0.6180592775344849, -0.8569026589393616, 0.46010106801986694, -0.3190254867076874, 2.0505013465881348, 0.3803551495075226, 1.5259783267974854, 0.2567334771156311, 0.790677011013031, 1.7111961841583252, 1.1216992139816284, -1.6399129629135132, 1.0747673511505127, -0.16834643483161926, -0.3333370089530945, 0.8284354209899902, 0.09222917258739471, 0.4548892378807068, -0.11624746024608612, 0.15662826597690582, 1.5642549991607666, 0.3587705194950104, 0.32012584805488586, -2.1152102947235107, -0.6331191658973694, 0.6114092469215393, -0.5099384784698486, -0.55274498462677, -0.9464082717895508, 0.40935856103897095, -2.200417995452881, -0.05744805186986923, -0.21556022763252258, 0.8232065439224243, 0.04799600690603256, -0.18854691088199615, -2.0022988319396973, 0.7620289325714111, -0.8260576128959656, -1.2334648370742798, 2.336686372756958, 0.609629213809967, -1.4555810689926147, -0.5637897253036499, -0.3021961450576782, -0.03592955321073532, -0.4379766881465912, 1.7658905982971191, -0.854151725769043, 0.9087170958518982, 1.1272709369659424, -1.020458698272705, 0.3610372841358185, -0.4890502989292145, 0.011356178671121597, -0.9428355693817139, -1.8746531009674072, -0.12032567709684372, 0.2726130187511444, -0.3080459237098694, -1.352225422859192, -0.1950395405292511, -1.1750937700271606, -1.6262089014053345, -1.3391190767288208, 1.231026291847229, 0.8868592977523804, -0.8689021468162537, -1.5930668115615845, -0.16066935658454895, -0.45687705278396606, 0.6373291611671448, -1.014028549194336, -1.3281406164169312, 0.33516180515289307, -0.5425618886947632, 1.2831182479858398, 0.964349091053009, 1.0328567028045654, 0.8871517181396484, -1.9307951927185059, 0.3186236023902893, -1.4995193481445312, -1.9897516965866089, 0.18332700431346893, -1.591524600982666, -0.3366163671016693, -1.2100708484649658, 0.3418423533439636, 0.7757547497749329, -0.22678926587104797, -0.16080528497695923, 0.3980056047439575, -0.33497554063796997, -0.3463525176048279, -2.0697340965270996, 1.1286917924880981, 0.627275288105011, 0.36214208602905273, 0.8386703729629517, 0.515304684638977, -2.1719536781311035, -1.6456449031829834, 1.4134178161621094, 0.039953846484422684, -0.03515969589352608, 0.4491167664527893, -0.9449823498725891, 0.9060482978820801, -0.8417161703109741, 1.0051698684692383, -0.48246434330940247]",yunet,Facenet,1920,1080,/home/amos/media/tv/modern_family/Modern.Family.S09.1080p.DSNP.WEB-DL.DDP5.1.H.264-CRFW/Modern.Family.S09E17.Royal.Visit.1080p.DSNP.WEB-DL.DDP5.1.H.264-CRFW.mkv,Modern Family,2009,1442437,9,17,Jesse Tyler Ferguson,204815.0,0.68
440,1062,162,1278,456,1188,282,1098,276,0.923,12360,0,"[0.17276924848556519, -0.928612470626831, -0.48637595772743225, 0.4825088083744049, 2.9449756145477295, -0.539949357509613, 0.528484582901001, 0.4829762279987335, 0.3720325529575348, 0.4222031235694885, -2.292764663696289, 0.3163355588912964, 0.4058181643486023, 1.533492922782898, 0.9614739418029785, 0.30974918603897095, -1.0732430219650269, -1.280719518661499, 0.020899195224046707, -0.32267871499061584, -1.2023296356201172, 0.9872129559516907, -0.48475420475006104, 1.2138512134552002, 1.6868427991867065, 0.14555424451828003, 0.8277395963668823, 0.2997340261936188, 0.04022239148616791, -1.0337424278259277, 1.1137033700942993, 0.2926018536090851, -1.0328974723815918, 0.7298572063446045, -2.012831687927246, -0.19814859330654144, 1.5172240734100342, -2.4780070781707764, -0.2631070911884308, -1.6951311826705933, -0.29743990302085876, 0.9106931686401367, 0.07761366665363312, -0.08368111401796341, -0.2366844266653061, 0.23416393995285034, -1.8777672052383423, -0.05124685913324356, -0.16077953577041626, 1.9200869798660278, -0.13248559832572937, -0.1737271398305893, -1.675283432006836, 0.5926381349563599, -0.4085868299007416, -1.7350422143936157, -1.2521693706512451, -1.7277764081954956, 0.9117692708969116, 0.7490048408508301, -0.6745201349258423, -0.009579475969076157, 0.6633375287055969, 0.8235610127449036, -1.0308492183685303, 0.6789405345916748, -1.6983519792556763, 0.510673999786377, -0.03176863119006157, 0.10240308940410614, -0.4370502829551697, 0.07928547263145447, 0.6204184889793396, 0.6591948866844177, 0.14609313011169434, -0.025159072130918503, 0.38820120692253113, 0.827305257320404, 0.4303852915763855, 1.4285722970962524, -3.032372236251831, 2.288925886154175, -0.5340893864631653, 0.3459824323654175, -0.3864365816116333, -1.107633352279663, 1.0563054084777832, -0.5569653511047363, 0.057673364877700806, 0.8657684326171875, 0.9476378560066223, 0.0843779519200325, -1.3540703058242798, -1.0859380960464478, 0.5429719686508179, -0.3307505249977112, -0.473326712846756, 0.6396123766899109, 0.48368018865585327, 0.6948063373565674, -0.4633409380912781, 0.38566330075263977, -0.41080158948898315, -1.3754184246063232, -0.14602693915367126, -0.42562633752822876, -0.49685314297676086, -0.335041880607605, -0.9096973538398743, -0.8282805681228638, 0.1344154328107834, -1.1425784826278687, 1.3774334192276, -1.5954504013061523, 2.599062204360962, 1.7285898923873901, 1.1952733993530273, 0.881123960018158, -0.8831099271774292, 0.12759427726268768, 1.0418872833251953, -0.6442303657531738, 1.0166302919387817, 0.7795992493629456, -0.35990220308303833, -1.9687048196792603, 0.022516904398798943, 0.4303183853626251]",yunet,Facenet,1920,1080,/home/amos/media/tv/modern_family/Modern.Family.S09.1080p.DSNP.WEB-DL.DDP5.1.H.264-CRFW/Modern.Family.S09E17.Royal.Visit.1080p.DSNP.WEB-DL.DDP5.1.H.264-CRFW.mkv,Modern Family,2009,1442437,9,17,Eric Stonestreet,156962.0,0.638
441,1002,192,1278,570,1218,342,1080,342,0.934,12384,0,"[0.4941893517971039, 0.1386203169822693, 0.34181368350982666, -0.0011100098490715027, 2.9132323265075684, -0.28597429394721985, 3.0062296390533447, -0.6641762256622314, 0.5934342741966248, 0.26473480463027954, -0.39211341738700867, -0.8723284602165222, -0.7762911915779114, 1.0735886096954346, 0.02260051667690277, 0.1274944692850113, -1.310487985610962, -1.6294219493865967, -0.6009596586227417, -0.9579372406005859, -1.1350998878479004, 1.629562258720398, -1.0562649965286255, 1.1212784051895142, 1.537125587463379, 1.5001120567321777, 1.2553867101669312, -0.937232255935669, -0.03280245512723923, -0.8822218179702759, 0.7962535619735718, 0.800887942314148, -2.2244186401367188, 0.8428343534469604, -0.9248473048210144, -0.5756862163543701, 1.0420310497283936, -2.337770700454712, 0.8183848857879639, -1.7530430555343628, -0.4114641845226288, -0.7424795627593994, -0.7253062725067139, -0.0031286925077438354, -0.28462111949920654, 0.3249370753765106, -1.5064901113510132, -0.9638149738311768, -0.5261370539665222, 2.2484750747680664, -0.7497869729995728, 0.18374177813529968, -0.6074486970901489, -0.19670742750167847, -0.8708811402320862, -2.017652988433838, 0.24467957019805908, -1.4394352436065674, -0.1645124852657318, -0.21876120567321777, -1.4973950386047363, -0.8855571746826172, 1.5128216743469238, 0.002616042271256447, -1.333365559577942, 0.8981417417526245, -0.9674623012542725, -0.43729570508003235, 0.3361866772174835, 0.05302191153168678, 0.30809637904167175, -1.2893327474594116, 0.39115744829177856, -0.7505201101303101, 0.07690247893333435, -0.556093692779541, -0.06538784503936768, 1.1377531290054321, 0.5280516743659973, 1.6740825176239014, -1.5186890363693237, 1.5426396131515503, -0.6940625309944153, -1.1665705442428589, -0.41198956966400146, 1.0294057130813599, -0.41590070724487305, 0.39789676666259766, 1.7387990951538086, 1.0377817153930664, 1.1568946838378906, -0.3187638223171234, -0.522489070892334, -0.7535384893417358, 1.8514878749847412, 0.7248537540435791, -0.5864807367324829, 0.22875820100307465, 0.17191599309444427, 0.10415012389421463, -0.4695412516593933, 0.48927485942840576, 0.35486096143722534, -1.5310009717941284, -0.2583354413509369, 0.0809401273727417, 0.275574654340744, 0.5959494113922119, -0.8578394651412964, -1.0439437627792358, -0.38189536333084106, -0.06344223022460938, 1.9618443250656128, -1.192657470703125, 2.1372718811035156, 0.861068606376648, 0.36439162492752075, 0.6106852293014526, -0.4452207386493683, 0.3786826729774475, -0.35904133319854736, -0.36456772685050964, 1.4544637203216553, -0.32977741956710815, -0.5292250514030457, -0.4321059584617615, 0.46862560510635376, 0.0967315137386322]",yunet,Facenet,1920,1080,/home/amos/media/tv/modern_family/Modern.Family.S09.1080p.DSNP.WEB-DL.DDP5.1.H.264-CRFW/Modern.Family.S09E17.Royal.Visit.1080p.DSNP.WEB-DL.DDP5.1.H.264-CRFW.mkv,Modern Family,2009,1442437,9,17,Eric Stonestreet,156962.0,0.685
442,936,54,1386,630,1272,288,1068,288,0.939,12408,0,"[0.1776919811964035, 0.13930684328079224, 0.18000997602939606, 0.041907213628292084, 3.204582691192627, -0.2550537884235382, 2.7583954334259033, -0.6369403600692749, 0.7877644896507263, 0.2527959942817688, -0.9164251685142517, -0.4592362940311432, -0.5821505188941956, 0.6030271053314209, 0.5190068483352661, 0.060214363038539886, -0.7330290079116821, -0.8213922381401062, -0.3890419006347656, -0.7657111883163452, -1.6281874179840088, 1.4162214994430542, -0.8381502032279968, 0.9727228283882141, 1.2608191967010498, 1.8196214437484741, 1.8114068508148193, -0.45527297258377075, -0.2080131322145462, -0.8722695112228394, 0.301174521446228, 0.7578595280647278, -1.7716467380523682, 0.3565711975097656, -0.8960422277450562, -0.5163823366165161, 0.628748893737793, -2.5167505741119385, 0.14544075727462769, -1.3000985383987427, -0.3683503270149231, -1.4641833305358887, -0.14241155982017517, 0.7316077351570129, 0.4341924488544464, 0.03908858448266983, -1.8185290098190308, -1.034938097000122, -0.27702683210372925, 1.535727858543396, -0.2784004211425781, -0.020091373473405838, -1.12287175655365, -0.025545421987771988, -0.535825252532959, -2.4276490211486816, -0.2409791201353073, -1.2943052053451538, -0.6114170551300049, -0.7019466161727905, -1.4003454446792603, -0.7880975604057312, 1.146701455116272, 0.2581827640533447, -1.2828481197357178, 1.6086505651474, -1.1198399066925049, -0.2856709063053131, 0.6864663362503052, -0.08924521505832672, 0.2726171612739563, -1.3928697109222412, 1.30837881565094, -0.29534104466438293, 0.3766670525074005, -0.36563071608543396, 0.20433923602104187, 0.9440053701400757, 0.8204730749130249, 1.9135113954544067, -1.8966113328933716, 2.641535997390747, -0.9303581118583679, -1.080669641494751, -0.3794964849948883, 0.7640165090560913, -0.17857752740383148, -0.062354136258363724, 1.3787156343460083, 1.5368199348449707, 0.8868091702461243, -0.036026693880558014, -0.46596667170524597, -0.9223679304122925, 1.0947965383529663, 0.1907576024532318, -0.5928890705108643, 0.8819394707679749, -0.7754834294319153, 0.16989897191524506, -0.43940281867980957, 0.13863730430603027, 0.46616581082344055, -0.9104486107826233, -0.6005157232284546, 0.0017168093472719193, 0.25013089179992676, 0.20818933844566345, -0.6903183460235596, -0.686654269695282, -0.7767095565795898, 0.5493873357772827, 1.8584938049316406, -1.152590036392212, 2.1318018436431885, 1.0510642528533936, 0.20023643970489502, 0.49458616971969604, 0.3754061162471771, 0.07306018471717834, -0.06312994658946991, -0.032706983387470245, 1.5441566705703735, -0.06508151441812515, -0.47043460607528687, -0.5239196419715881, 0.9571506381034851, 0.6141741275787354]",yunet,Facenet,1920,1080,/home/amos/media/tv/modern_family/Modern.Family.S09.1080p.DSNP.WEB-DL.DDP5.1.H.264-CRFW/Modern.Family.S09E17.Royal.Visit.1080p.DSNP.WEB-DL.DDP5.1.H.264-CRFW.mkv,Modern Family,2009,1442437,9,17,Eric Stonestreet,156962.0,0.655
443,954,180,1122,396,1086,282,1014,282,0.914,12456,0,"[-0.780728816986084, -1.2076668739318848, -1.4191253185272217, -0.34819480776786804, 0.3942902684211731, -0.8057101964950562, -0.3530502915382385, -0.07174180448055267, 3.077726125717163, -0.7929201126098633, 1.9261975288391113, -2.2095065116882324, -1.1850128173828125, -0.8955105543136597, -0.35641834139823914, -0.14851795136928558, -0.0909961611032486, -1.0472970008850098, -0.7788036465644836, -0.9255625009536743, 2.242065191268921, -0.8423821926116943, 1.4559447765350342, 0.9917240738868713, 0.7241243720054626, -0.06205860525369644, 1.2142807245254517, -2.0328831672668457, 1.11114501953125, -1.0719605684280396, -1.3330271244049072, 1.3634470701217651, -0.18562394380569458, 0.9358987808227539, 0.726668655872345, 0.8415513038635254, 0.15253779292106628, -0.3987853527069092, -0.49107950925827026, -0.8385010957717896, -0.2179221212863922, 0.20888930559158325, -0.8769268989562988, -0.9040912985801697, -0.6901376843452454, 0.5211575627326965, -1.6992371082305908, 1.0508779287338257, -0.5472927093505859, 0.3113175928592682, 0.638453483581543, -0.0681987851858139, -1.6742150783538818, 0.8637227416038513, 0.32496076822280884, 0.2387951761484146, 1.2652575969696045, 0.2254534661769867, -2.0879621505737305, -1.7119237184524536, -0.6719974875450134, 0.014025531709194183, -0.5502287745475769, 0.7400596737861633, -0.013988174498081207, 1.563930630683899, 0.32479771971702576, 0.237961083650589, -0.8022283315658569, -2.34236216545105, 0.043204810470342636, -0.11260352283716202, -0.867470920085907, -0.06512701511383057, -0.42335283756256104, -0.8114930987358093, -0.4734797775745392, -0.18959082663059235, -2.491997480392456, -1.55278742313385, -2.1176655292510986, 1.2971906661987305, -0.08466284722089767, -1.2871403694152832, -0.7605105638504028, -0.8094143867492676, -0.640986442565918, 0.0947544276714325, 0.050693318247795105, -1.2616090774536133, 0.7087874412536621, 0.10781743377447128, 1.757901668548584, 2.068925142288208, 0.7588500380516052, 1.6672543287277222, -0.1526341587305069, 1.3582453727722168, -1.7778277397155762, -0.7544909119606018, 0.3970491886138916, -2.0819919109344482, 0.5196308493614197, 0.17381799221038818, 0.5281630754470825, 0.08057264983654022, 0.8367782235145569, 0.3038122057914734, 1.0399709939956665, -0.40900444984436035, 0.5104913711547852, -2.24817156791687, 1.984147548675537, -0.6625683307647705, -0.7313132286071777, 0.8921902179718018, 1.3507376909255981, -0.6735696196556091, -0.7406700849533081, 0.7353864312171936, -1.5906749963760376, 1.0349130630493164, 0.9445280432701111, -1.5323269367218018, 0.4080088138580322, 1.2837713956832886, -0.6583224534988403, -0.4268327057361603]",yunet,Facenet,1920,1080,/home/amos/media/tv/modern_family/Modern.Family.S09.1080p.DSNP.WEB-DL.DDP5.1.H.264-CRFW/Modern.Family.S09E17.Royal.Visit.1080p.DSNP.WEB-DL.DDP5.1.H.264-CRFW.mkv,Modern Family,2009,1442437,9,17,Jesse Tyler Ferguson,204815.0,0.765
444,702,150,1104,678,990,366,804,366,0.911,12552,0,"[-2.236478090286255, -1.3725789785385132, -0.559693455696106, -0.40423938632011414, 0.6869912147521973, 0.13446329534053802, 0.5140265226364136, 0.5118522047996521, 2.572394609451294, -1.005462408065796, 0.7951874732971191, -2.0798728466033936, -0.6855669617652893, -0.1358223557472229, -0.9428499937057495, -0.36796432733535767, -1.9084663391113281, 0.5932723879814148, -0.5776106119155884, -0.39288073778152466, 1.0489025115966797, 0.42484965920448303, 1.360442042350769, 0.4168013036251068, 1.3319308757781982, 0.7425987720489502, 0.38789618015289307, -3.2480149269104004, 0.7845426797866821, -1.0365694761276245, 0.6581133604049683, -0.21595560014247894, 2.020930290222168, -0.9596104621887207, -0.1818792223930359, 0.6723440289497375, 0.25554755330085754, 0.4084795117378235, -1.0470035076141357, -0.950514554977417, 0.6048948168754578, 0.3648500144481659, -0.0790518969297409, -0.540724515914917, 0.5331389307975769, 0.28316590189933777, -1.3149020671844482, 1.2716572284698486, -0.5852434039115906, 0.2756802439689636, 0.1637582629919052, 1.4166971445083618, -1.3310402631759644, 0.16530713438987732, -1.0116626024246216, -0.16965526342391968, 0.42689913511276245, -0.03090517222881317, -1.2805635929107666, -0.8315651416778564, 1.502984881401062, 0.23701243102550507, -1.4062423706054688, 0.8811901807785034, 0.33407849073410034, 0.5599228143692017, 0.28055018186569214, 1.8963021039962769, 0.3762558102607727, -1.6260062456130981, -0.9240228533744812, -0.4534095525741577, -1.9433655738830566, -1.3871222734451294, -0.4098925292491913, -1.5052661895751953, -0.6505084037780762, -0.6905888319015503, -2.3055810928344727, -0.599974513053894, -1.2139456272125244, 1.1153091192245483, 0.008126962929964066, 0.35618191957473755, -0.4394424259662628, 0.23917952179908752, 0.07298503816127777, 1.1684317588806152, -0.9674911499023438, -0.8215529322624207, 0.20032230019569397, -0.11376796662807465, 2.6403677463531494, 1.566312313079834, -1.1276516914367676, 1.3515652418136597, -0.6894186735153198, 1.3206018209457397, -0.7497967481613159, 0.05106962472200394, -0.06222401559352875, -1.348516583442688, 1.3736438751220703, -0.38008803129196167, -0.9927967190742493, -0.2711889445781708, -0.8614707589149475, 0.6135510206222534, 0.3550246059894562, 0.1291661411523819, -1.1648677587509155, -1.32163405418396, 1.9198991060256958, -0.4962977170944214, -0.29725053906440735, 0.8728535175323486, 0.5354349613189697, -0.928101658821106, -0.5099773406982422, 0.8481860160827637, -0.5762271285057068, 0.9555304050445557, -0.1208018958568573, 0.516589879989624, 1.259545922279358, -1.0267566442489624, -0.7798106074333191, 1.7136318683624268]",yunet,Facenet,1920,1080,/home/amos/media/tv/modern_family/Modern.Family.S09.1080p.DSNP.WEB-DL.DDP5.1.H.264-CRFW/Modern.Family.S09E17.Royal.Visit.1080p.DSNP.WEB-DL.DDP5.1.H.264-CRFW.mkv,Modern Family,2009,1442437,9,17,Jesse Tyler Ferguson,204815.0,0.584
445,720,180,1134,720,1014,390,804,384,0.916,12576,0,"[-1.962335467338562, -1.5180199146270752, -0.32381999492645264, -0.6509671807289124, 0.46108075976371765, 0.12096022814512253, -0.015354856848716736, 0.5075010657310486, 2.703252077102661, -1.1766152381896973, 0.9715681672096252, -2.0007877349853516, -0.8985126614570618, 0.7592970132827759, -1.0898354053497314, -0.18402327597141266, -1.410309910774231, -0.028435412794351578, -0.9985921382904053, -0.12557582557201385, 0.5318857431411743, 0.1616809219121933, 1.7842434644699097, 0.09074988961219788, 1.1199148893356323, 1.1388696432113647, 0.4993279278278351, -3.2923617362976074, 1.2333916425704956, -1.0598843097686768, 0.20821398496627808, -0.08722546696662903, 1.4264658689498901, -0.6750588417053223, -0.2861610949039459, 1.149037480354309, 0.4582946300506592, 0.6633540391921997, -1.066596508026123, -0.8497481346130371, 0.7562772035598755, -0.3634222447872162, -0.5647282600402832, -0.5585463047027588, 0.519827127456665, -0.47755569219589233, -1.621267318725586, 1.1882240772247314, -0.34936386346817017, 0.015849795192480087, 0.8787051439285278, 1.1592235565185547, -1.2594692707061768, -0.27348148822784424, -0.9659537076950073, -0.9410752654075623, 0.4010254144668579, -0.05970046669244766, -1.2674193382263184, -0.4945884943008423, 1.382249116897583, 0.3583390712738037, -2.12941837310791, 0.8639814257621765, -0.1644812524318695, 0.9677254557609558, 0.46886759996414185, 1.7072455883026123, 0.11985475569963455, -1.0977269411087036, -0.7599226236343384, -0.3846171200275421, -1.062117099761963, -1.4228732585906982, 0.6554396152496338, -0.9547162652015686, -0.20534372329711914, -0.5249977111816406, -1.9609012603759766, -1.0863903760910034, -2.015817880630493, 1.6379414796829224, -0.3221351206302643, -0.4112040400505066, -0.9476132392883301, 0.33323532342910767, -0.5569558143615723, 0.48076003789901733, -0.20073962211608887, -1.1509801149368286, 0.2073606550693512, -0.13194093108177185, 2.302971601486206, 0.7503573298454285, -0.4050360321998596, 1.6346851587295532, -0.4667907953262329, 2.1425538063049316, -1.3581366539001465, -0.4683299660682678, 0.7769849896430969, -1.3728855848312378, 0.32343029975891113, -0.4380359351634979, -0.47163525223731995, 0.3641526699066162, 0.32705214619636536, -0.06288270652294159, 0.6004773378372192, 0.42329657077789307, -1.4164284467697144, -0.1944442242383957, 2.0251941680908203, -1.6551954746246338, -0.278134822845459, 0.8484543561935425, 0.04845800995826721, -1.4240158796310425, -1.187026858329773, 0.4722875654697418, -0.46154195070266724, 0.3943440318107605, 0.2824538052082062, -0.07468421757221222, 1.65058434009552, -0.9547798037528992, -0.3070054054260254, 2.042287588119507]",yunet,Facenet,1920,1080,/home/amos/media/tv/modern_family/Modern.Family.S09.1080p.DSNP.WEB-DL.DDP5.1.H.264-CRFW/Modern.Family.S09E17.Royal.Visit.1080p.DSNP.WEB-DL.DDP5.1.H.264-CRFW.mkv,Modern Family,2009,1442437,9,17,Jesse Tyler Ferguson,204815.0,0.616
446,726,204,1152,780,1038,420,834,420,0.9,12600,0,"[-2.519620895385742, -1.602370023727417, -0.2198999524116516, -0.8456279635429382, 0.9595937132835388, 0.0629580169916153, 0.34124282002449036, 0.4966781735420227, 2.7807140350341797, -1.428817868232727, 1.4819300174713135, -2.0007307529449463, -0.4149446487426758, -0.13673970103263855, -0.24431517720222473, 0.09996920824050903, -1.3974778652191162, 0.3776687979698181, -0.6985843777656555, -0.024670055136084557, 0.8016221523284912, 0.03681444749236107, 1.1358991861343384, 0.7334108948707581, 0.7538080215454102, 1.1908584833145142, 0.937065601348877, -3.683224678039551, 1.1611876487731934, -1.191412329673767, 0.8419303894042969, -0.5015906095504761, 2.3672103881835938, -0.3448340892791748, -0.3284343481063843, 1.6683911085128784, 0.3018217384815216, 0.17554493248462677, -1.0319864749908447, -0.9716188907623291, 0.8384625315666199, -0.03729947656393051, -0.43860527873039246, -0.35834643244743347, -0.14782671630382538, -0.2686830163002014, -1.093273401260376, 0.45272672176361084, -0.29315656423568726, -0.5729790925979614, 1.1745169162750244, 0.5841920971870422, -1.6372047662734985, -0.07751867920160294, -0.4912835657596588, -0.8471187949180603, 0.154410719871521, -0.14491605758666992, -1.2721418142318726, -0.7076615691184998, 0.9829654097557068, -0.03465580940246582, -1.5341053009033203, 0.1362912505865097, 0.1643599569797516, 0.6578366756439209, 0.28535690903663635, 1.6649028062820435, 0.7526984810829163, -1.0951193571090698, -0.5958940386772156, -0.5816512703895569, -2.140092134475708, -1.023504376411438, -0.17167922854423523, -0.2633479833602905, -0.7596756219863892, -0.7888597846031189, -2.082777500152588, -0.5792115926742554, -1.9054464101791382, 1.4502880573272705, -0.1486726701259613, 0.16867803037166595, 0.09762508422136307, 0.5448480844497681, 0.1429014503955841, 1.6226173639297485, -0.5801427364349365, -0.45887571573257446, 0.02818402647972107, 0.1840132176876068, 2.713524341583252, 1.6383253335952759, -1.8404148817062378, 1.5676472187042236, -1.072691559791565, 1.5807474851608276, -0.3978484869003296, 0.18252681195735931, 0.002953682094812393, -1.740731120109558, 1.096710443496704, -0.37923353910446167, -0.5932907462120056, 0.14737439155578613, -0.7205612659454346, 0.8528631925582886, 0.13049167394638062, 0.38556426763534546, -1.177951693534851, -0.8258002996444702, 1.703460693359375, -1.826101303100586, 0.016505364328622818, 1.0266923904418945, 0.646612286567688, -1.5632091760635376, -0.2907117009162903, 0.3577292859554291, -0.3789466619491577, 0.7357760667800903, -0.1337723433971405, 0.29965877532958984, 1.366037368774414, -0.9339244365692139, -1.0963324308395386, 1.5583983659744263]",yunet,Facenet,1920,1080,/home/amos/media/tv/modern_family/Modern.Family.S09.1080p.DSNP.WEB-DL.DDP5.1.H.264-CRFW/Modern.Family.S09E17.Royal.Visit.1080p.DSNP.WEB-DL.DDP5.1.H.264-CRFW.mkv,Modern Family,2009,1442437,9,17,Jesse Tyler Ferguson,204815.0,0.599
447,696,174,1140,792,1020,408,798,402,0.903,12624,0,"[-2.153310775756836, -1.7226730585098267, 0.21981768310070038, -0.713490903377533, 0.1401379257440567, 0.4043169319629669, 0.44726765155792236, 0.05615123733878136, 2.4604392051696777, -1.2508275508880615, 1.0004700422286987, -1.8305044174194336, -0.3677850365638733, 0.7349187135696411, -0.9461838006973267, -0.18851862847805023, -1.416443943977356, 0.5294055342674255, -0.7869769334793091, 0.0007346752099692822, 1.4206503629684448, -0.06098463013768196, 1.728113055229187, 0.28803279995918274, 1.33207106590271, 0.9793452620506287, 0.507044792175293, -3.809797763824463, 1.4270330667495728, -1.2538836002349854, 1.154746174812317, -0.3741512894630432, 2.2554163932800293, -0.452464759349823, -0.4276528060436249, 0.9914020895957947, 0.07489925622940063, 0.2647072672843933, -1.194777011871338, -1.136464238166809, 0.6232994794845581, 0.029999827966094017, 0.022327624261379242, -0.9160281419754028, 0.1796860694885254, -0.3216518759727478, -1.1576306819915771, 0.43249571323394775, -0.22377343475818634, -0.31688302755355835, 0.7693032026290894, 0.21725724637508392, -1.500159740447998, -0.721293568611145, -0.5990318655967712, -0.596268892288208, 0.20927782356739044, -0.03178306668996811, -0.3665115237236023, -0.4301074147224426, 1.445208191871643, 0.43488526344299316, -1.472395420074463, 0.4927709698677063, -0.14648321270942688, 0.25899195671081543, 0.3674512505531311, 1.9410910606384277, 0.37450435757637024, -0.6131744384765625, -0.8826939463615417, -0.24517402052879333, -1.446080207824707, -1.269731879234314, 0.1787269562482834, -0.723252534866333, -0.18394741415977478, -1.0035974979400635, -1.9729061126708984, -1.0201265811920166, -1.5781630277633667, 1.2774592638015747, -0.5253218412399292, -0.048829127103090286, 0.018737472593784332, 0.5893598794937134, -0.1338939666748047, 0.7644850015640259, -0.6711392402648926, -0.7727636694908142, 0.3387451469898224, 0.4292764961719513, 2.37229585647583, 1.1445313692092896, -1.5135798454284668, 1.5981276035308838, -0.9948984384536743, 2.0722413063049316, -0.03367653489112854, -0.40339526534080505, 0.11156509816646576, -1.5083916187286377, 1.475576400756836, -0.7616868615150452, -0.33023521304130554, -0.05720343440771103, -0.46247240900993347, 0.9042826890945435, -0.11708927899599075, -0.03919895738363266, -1.1306816339492798, -0.46015387773513794, 1.663925290107727, -1.4693279266357422, 0.023399269208312035, 1.0149199962615967, 0.9416248798370361, -1.0012179613113403, -0.9714807271957397, 0.9153222441673279, 0.04316432774066925, 0.48232418298721313, 0.15697330236434937, 0.6358665823936462, 1.441112756729126, -1.233382225036621, -1.096254587173462, 1.6477723121643066]",yunet,Facenet,1920,1080,/home/amos/media/tv/modern_family/Modern.Family.S09.1080p.DSNP.WEB-DL.DDP5.1.H.264-CRFW/Modern.Family.S09E17.Royal.Visit.1080p.DSNP.WEB-DL.DDP5.1.H.264-CRFW.mkv,Modern Family,2009,1442437,9,17,Jesse Tyler Ferguson,204815.0,0.575
448,696,216,1116,780,1002,432,798,432,0.908,12648,0,"[-2.368509531021118, -1.2077269554138184, -0.3956223726272583, -0.5893693566322327, 0.6619789004325867, -0.06300690025091171, 0.5554317831993103, 0.892760157585144, 2.225473642349243, -1.2950172424316406, 1.030483603477478, -1.9636427164077759, -0.4731248617172241, 0.5559167861938477, -0.6168535947799683, 0.5138674378395081, -1.8010753393173218, 0.01165364682674408, -0.26256394386291504, -0.06455684453248978, 0.38938045501708984, 0.9217509031295776, 1.2432081699371338, 0.9794433116912842, 1.2054880857467651, 1.0677480697631836, 0.8222752809524536, -3.3546910285949707, 1.0748320817947388, -1.2515121698379517, 0.7565538883209229, -0.24969442188739777, 2.5403993129730225, -0.45084065198898315, -0.5191584825515747, 1.000708818435669, 0.5634160041809082, 0.032661233097314835, -0.8463015556335449, -0.7729524374008179, 0.30036360025405884, -0.04974757879972458, -0.36391857266426086, -0.48995548486709595, -0.07090851664543152, 0.20845821499824524, -1.468788504600525, 0.5422288179397583, -0.5137660503387451, 0.3320339322090149, 0.5263516306877136, 1.1655727624893188, -1.1669254302978516, 0.22746263444423676, -0.9370357394218445, -0.8327087759971619, 0.15794873237609863, 0.01770273968577385, -1.8865643739700317, -0.5872910618782043, 0.7949583530426025, 0.24785570800304413, -1.682308316230774, 0.2688477039337158, 0.07821492850780487, 0.17872211337089539, 0.5211817026138306, 1.9082255363464355, 0.41368532180786133, -1.0333759784698486, -0.28132563829421997, -0.47609832882881165, -1.7244237661361694, -1.0121158361434937, -0.34842202067375183, -0.8422891497612, -0.4437236189842224, -0.6669864058494568, -1.5634936094284058, -0.36475861072540283, -1.2454326152801514, 1.2939765453338623, -0.07880699634552002, -0.07054392993450165, 0.07702453434467316, 0.7271580696105957, -0.1766858696937561, 1.5368084907531738, -0.5592700242996216, -0.7257966995239258, 0.5226612687110901, 0.11638068407773972, 2.612307071685791, 1.2349084615707397, -1.3207035064697266, 1.4800180196762085, -1.075677752494812, 1.9539813995361328, -1.0015408992767334, -0.2928389310836792, 0.1315830498933792, -1.434289574623108, 1.1959375143051147, -0.6482065916061401, -0.9831339120864868, -0.460914671421051, -0.5706345438957214, 0.4473010003566742, -0.08339066803455353, 0.28288596868515015, -1.6891499757766724, -0.6646478176116943, 2.229268789291382, -1.4842264652252197, -0.06217019259929657, 0.37016770243644714, 0.7492249011993408, -1.2904924154281616, -0.060752518475055695, 0.6522301435470581, -0.5914118885993958, 0.5595407485961914, 0.008593570441007614, 0.617216944694519, 2.1117427349090576, -1.0863536596298218, -0.6679010391235352, 2.446852684020996]",yunet,Facenet,1920,1080,/home/amos/media/tv/modern_family/Modern.Family.S09.1080p.DSNP.WEB-DL.DDP5.1.H.264-CRFW/Modern.Family.S09E17.Royal.Visit.1080p.DSNP.WEB-DL.DDP5.1.H.264-CRFW.mkv,Modern Family,2009,1442437,9,17,Jesse Tyler Ferguson,204815.0,0.557
449,876,144,1038,348,978,234,906,234,0.905,12720,0,"[-1.6979522705078125, -1.7307077646255493, -1.0538276433944702, -0.9675098657608032, 1.4405643939971924, 0.004218066111207008, -0.34205594658851624, -0.2825450599193573, 2.345672845840454, -0.22940875589847565, 0.3994101285934448, -2.1115052700042725, -1.0055209398269653, -0.490529865026474, -0.353985995054245, 0.21642740070819855, -0.9201627969741821, -0.48485010862350464, -0.12775591015815735, -1.2792924642562866, 0.6078741550445557, 0.8634833097457886, 1.2783230543136597, 0.8965466022491455, 0.5061713457107544, 1.4053318500518799, 1.7226552963256836, -3.582792282104492, 1.8873258829116821, 0.11109106987714767, 0.7636899948120117, -0.4617026448249817, 1.8894068002700806, -0.9563624262809753, 0.8204787969589233, 1.2225160598754883, 0.6226834654808044, 0.7650282979011536, -0.44360893964767456, -1.4910129308700562, 0.14772038161754608, -0.16040772199630737, -0.8407531976699829, -1.0945088863372803, 1.2769443988800049, -1.053279161453247, -0.8235655426979065, 0.9795788526535034, 0.18892346322536469, 0.22332043945789337, 0.6615166664123535, 0.13216233253479004, -1.4667236804962158, 0.36116892099380493, -1.456868290901184, -0.6986684203147888, 0.7725942730903625, -0.8537803292274475, -0.3372197449207306, -0.40859130024909973, 0.8707379698753357, -0.3676443099975586, -1.1347074508666992, 0.23078672587871552, -0.7279699444770813, 1.205377459526062, 0.512485682964325, 1.0336511135101318, -0.24649649858474731, -0.8861086368560791, -0.8685975670814514, -1.0091921091079712, -1.148755431175232, -0.9452522397041321, 0.6595062017440796, -1.2077914476394653, -0.3256371021270752, -0.32021504640579224, -1.5261809825897217, -1.6092277765274048, -2.861372947692871, 2.0164380073547363, -0.309369295835495, 0.4609206020832062, -1.0029464960098267, 0.7601730823516846, 0.950282633304596, 0.8232441544532776, 0.02909616380929947, -0.6093915700912476, -0.2714792490005493, 1.3302422761917114, 2.25232195854187, 0.479032427072525, -0.35708552598953247, 1.4874203205108643, -1.0346046686172485, 0.9515979290008545, -0.8088459372520447, 0.19694842398166656, 0.05919031798839569, -1.5835374593734741, 1.135094165802002, -0.3557494282722473, 1.2766977548599243, 0.17854104936122894, -0.7352044582366943, 1.6608905792236328, 1.1825602054595947, -0.07413294166326523, -0.5993366241455078, -2.5732855796813965, 0.9097177982330322, -0.15022751688957214, -0.35831722617149353, 0.6012306213378906, 0.39813247323036194, -0.6919661164283752, -1.0737379789352417, 0.49365726113319397, -0.40770649909973145, 0.3264201283454895, -0.44838660955429077, 0.5489843487739563, 1.4359118938446045, -0.45552733540534973, -0.5755764245986938, -0.23554912209510803]",yunet,Facenet,1920,1080,/home/amos/media/tv/modern_family/Modern.Family.S09.1080p.DSNP.WEB-DL.DDP5.1.H.264-CRFW/Modern.Family.S09E17.Royal.Visit.1080p.DSNP.WEB-DL.DDP5.1.H.264-CRFW.mkv,Modern Family,2009,1442437,9,17,Jesse Tyler Ferguson,204815.0,0.653
450,834,132,1014,378,972,216,882,222,0.913,13272,0,"[0.590290904045105, 0.32668665051460266, -0.787942111492157, 0.3670973479747772, 2.829970359802246, -0.51328444480896, 0.7944847345352173, -0.3109552562236786, 1.2446701526641846, 0.3096925914287567, -1.311061978340149, -0.5465484857559204, -0.09472271800041199, 1.1656842231750488, 1.7601594924926758, 0.4752560257911682, -0.4745515286922455, -2.1250245571136475, -0.6640921235084534, -1.210993766784668, -1.4597223997116089, 1.423876404762268, -1.2391868829727173, 2.9384989738464355, 1.7658437490463257, 1.2958667278289795, 0.9387131929397583, -0.7936301827430725, 1.4281771183013916, -0.9526599645614624, 0.9231674671173096, -0.37770605087280273, -2.673643112182617, 1.4074326753616333, -0.5822478532791138, 0.5429084300994873, 0.08905037492513657, -1.5336967706680298, -0.2583640217781067, -0.22532057762145996, -0.08422495424747467, 0.29639101028442383, 0.3137317895889282, 0.030431389808654785, -0.07976574450731277, 0.8163629770278931, -0.7297486662864685, 0.35221636295318604, -0.028537601232528687, 1.2242741584777832, -0.35882270336151123, 0.22308047115802765, -1.5572701692581177, 1.1829339265823364, -1.053487777709961, -1.928946852684021, 0.30772197246551514, -2.1111466884613037, -0.27813246846199036, 0.7492221593856812, -1.1216062307357788, -0.18502381443977356, 0.4928549528121948, 0.6093788146972656, -0.6101346611976624, 0.6563548445701599, -1.5865962505340576, -0.03770866245031357, 0.07768820226192474, -1.170730710029602, 0.3464181125164032, -0.1595790535211563, 0.6648944616317749, 0.5888517498970032, 0.060521673411130905, -0.3718591034412384, 0.48500701785087585, 0.8773365020751953, 0.030534125864505768, 0.8657744526863098, -2.7984580993652344, 1.5806396007537842, -0.5806114673614502, -0.7150045037269592, -0.5904706716537476, -0.4307495057582855, 0.8555747866630554, -0.029212892055511475, 1.1024580001831055, 0.4834024906158447, 1.3174618482589722, 0.8166599273681641, 1.0177276134490967, -0.9872142672538757, 1.8930130004882812, 1.1522867679595947, -0.13291236758232117, 1.691447377204895, 0.08995705842971802, 0.5920279622077942, 0.2621980309486389, 0.15130707621574402, -0.5004506707191467, -0.4212492108345032, 0.5807918906211853, -0.36657512187957764, -0.9547029137611389, 0.8148173093795776, -0.3890317678451538, -1.9782228469848633, 0.15095806121826172, -1.4736192226409912, 1.7800861597061157, -1.8803250789642334, 1.595558762550354, 1.0101486444473267, 0.7332539558410645, 1.5851625204086304, 0.47850301861763, 0.5221976041793823, -0.05572028458118439, -0.27948683500289917, 0.8422261476516724, -0.6788601875305176, -0.29027092456817627, -0.2791188061237335, 0.007376546040177345, -0.6219035983085632]",yunet,Facenet,1920,1080,/home/amos/media/tv/modern_family/Modern.Family.S09.1080p.DSNP.WEB-DL.DDP5.1.H.264-CRFW/Modern.Family.S09E17.Royal.Visit.1080p.DSNP.WEB-DL.DDP5.1.H.264-CRFW.mkv,Modern Family,2009,1442437,9,17,Eric Stonestreet,156962.0,0.625
451,846,144,1026,384,972,246,900,246,0.91,13296,0,"[1.1097040176391602, 0.28660282492637634, -0.4743253290653229, 0.4517762362957001, 2.6317927837371826, 0.1452210545539856, 1.2719433307647705, -0.3092299997806549, 1.2812591791152954, 0.4541940689086914, -0.6728851199150085, -0.8565934300422668, -0.10475020110607147, 0.8508281707763672, 0.2686745822429657, 0.5092475414276123, -0.879412055015564, -1.8883064985275269, -0.95668625831604, -0.7963037490844727, -0.6332356929779053, 2.1014275550842285, -1.1403324604034424, 2.0620176792144775, 2.3073503971099854, 1.6805347204208374, 1.3275107145309448, -0.21145516633987427, 1.078406572341919, -1.1547417640686035, 0.7015566825866699, 0.4336048662662506, -2.4113714694976807, 0.7688446044921875, -0.8984344005584717, -0.03591839596629143, 0.8746336698532104, -2.20719051361084, 0.053615860641002655, -0.48212042450904846, -0.2546120584011078, -0.48613783717155457, 0.012234710156917572, -0.47039440274238586, 0.030624181032180786, 0.46252351999282837, -1.2272237539291382, -0.6715983152389526, -0.048322152346372604, 0.8812108039855957, -0.5608697533607483, -0.32209718227386475, -1.790259838104248, 0.6808464527130127, -1.0059763193130493, -1.21121346950531, 0.8571860194206238, -2.591041088104248, 0.24783842265605927, -0.017862685024738312, -1.108712911605835, -0.16716694831848145, 1.6889142990112305, -0.1832440197467804, -1.5571107864379883, 0.9876488447189331, -1.091206431388855, -0.059255801141262054, -0.8125295639038086, -0.8505270481109619, 0.16792990267276764, -0.028371408581733704, 1.1795634031295776, 0.1986844390630722, 0.7965202331542969, -0.5385267734527588, 0.587970495223999, 1.4778990745544434, 0.3955736756324768, 1.7390838861465454, -2.5129432678222656, 1.365957498550415, -1.0143871307373047, -0.7137420773506165, -0.40190544724464417, 0.3241496980190277, -0.24511635303497314, -0.10013825446367264, 2.4240260124206543, 0.7417637705802917, 1.6038339138031006, 0.08506584912538528, 0.4661933481693268, -1.056252360343933, 1.8889838457107544, 0.6561185717582703, -0.003895237110555172, 0.9089778065681458, 0.15491648018360138, -0.3921455144882202, 0.5621156096458435, 0.06386004388332367, -0.0018399804830551147, -1.368734359741211, 0.838178813457489, -0.17839577794075012, -0.5998715758323669, 0.6255050897598267, -0.22499141097068787, -0.6647344827651978, 0.7164232730865479, -1.112987995147705, 1.9395129680633545, -1.5828030109405518, 2.190683364868164, 0.9498758316040039, 0.10661903023719788, 1.4576125144958496, 0.08031149953603745, 0.2705497443675995, -0.10100920498371124, -0.012518500909209251, 1.1694886684417725, 0.0024599111638963223, -0.14952702820301056, -0.11668194085359573, 0.2960084080696106, -0.5126747488975525]",yunet,Facenet,1920,1080,/home/amos/media/tv/modern_family/Modern.Family.S09.1080p.DSNP.WEB-DL.DDP5.1.H.264-CRFW/Modern.Family.S09E17.Royal.Visit.1080p.DSNP.WEB-DL.DDP5.1.H.264-CRFW.mkv,Modern Family,2009,1442437,9,17,Eric Stonestreet,156962.0,0.72
452,846,144,1038,408,984,246,888,246,0.911,13320,0,"[0.9415513277053833, -0.4335564374923706, -0.14386563003063202, 0.23267027735710144, 2.4533331394195557, 0.20366132259368896, 1.4937353134155273, -0.08215512335300446, 0.845645010471344, 0.8936216235160828, -0.8285182118415833, -1.2990424633026123, 0.08915212750434875, 0.9908485412597656, 0.48630908131599426, 0.8711701035499573, -0.46000900864601135, -2.1010093688964844, -0.46682512760162354, -1.1676380634307861, -0.7368788719177246, 1.7494568824768066, -0.6646515130996704, 2.1445271968841553, 2.1323187351226807, 1.9945802688598633, 1.4836176633834839, 0.21193724870681763, 1.0860017538070679, -1.5255787372589111, 0.5478436946868896, 1.0859028100967407, -2.038536548614502, 0.9702829122543335, -0.6620453596115112, -0.14212369918823242, 1.0623136758804321, -1.9595890045166016, 0.1741839051246643, -0.8732713460922241, -0.1987595111131668, -0.2638704776763916, -0.08445855975151062, -0.7873682975769043, -0.6539808511734009, 0.2794739902019501, -1.0699682235717773, -0.6290096044540405, -0.19786806404590607, 1.3172446489334106, 0.12406530976295471, -0.20270907878875732, -1.9001257419586182, 0.6436315774917603, -0.5313665270805359, -1.1902122497558594, 0.953794002532959, -1.9143754243850708, -0.08351404964923859, -0.1584317982196808, -1.5710440874099731, -1.0133954286575317, 1.7403852939605713, 0.7019706964492798, -1.247281789779663, 0.43467867374420166, -0.7980104088783264, 0.23687222599983215, -0.017407650128006935, -0.7925182580947876, -0.23873913288116455, -0.2103651612997055, 0.7943190336227417, 0.5963469743728638, 0.5762965679168701, 0.0027690567076206207, -0.1329326629638672, 1.0975407361984253, 0.028950519859790802, 1.3903008699417114, -2.6626243591308594, 2.016101837158203, -0.409116268157959, -1.0676518678665161, -0.5632418990135193, 0.009907200932502747, 0.415936142206192, 0.19890572130680084, 1.573425054550171, 1.1139026880264282, 1.0808720588684082, -0.3305242657661438, 0.41509997844696045, -0.8017340302467346, 2.063770294189453, 0.5676326155662537, -0.4792318046092987, 0.9628885388374329, 0.5110982656478882, -0.1815146952867508, 0.018700264394283295, 0.2566382884979248, -0.46009814739227295, -1.2954059839248657, 0.14759790897369385, -0.1861243098974228, -0.8587710857391357, 0.916415810585022, 0.12328828871250153, -1.253021478652954, 0.050563909113407135, -0.8142950534820557, 1.8294835090637207, -1.4961702823638916, 2.282660722732544, 0.9476429224014282, 1.1862282752990723, 0.621015191078186, -0.1019294485449791, -0.15104977786540985, 0.2416277378797531, -0.18912462890148163, 1.2547214031219482, -0.09174899011850357, -0.1764434427022934, -0.11493926495313644, 0.27052032947540283, -0.3995778560638428]",yunet,Facenet,1920,1080,/home/amos/media/tv/modern_family/Modern.Family.S09.1080p.DSNP.WEB-DL.DDP5.1.H.264-CRFW/Modern.Family.S09E17.Royal.Visit.1080p.DSNP.WEB-DL.DDP5.1.H.264-CRFW.mkv,Modern Family,2009,1442437,9,17,Eric Stonestreet,156962.0,0.704
453,828,126,1002,360,966,210,888,216,0.901,13344,0,"[1.6399375200271606, -0.026201747357845306, -0.9317144751548767, 0.7056949138641357, 2.8427107334136963, -0.28479987382888794, 1.052335500717163, 0.10476943850517273, 1.4356343746185303, 0.891773521900177, -1.4479923248291016, -0.3243970572948456, -0.9637231230735779, 0.6003930568695068, 1.0853713750839233, 0.38821136951446533, -0.45148101449012756, -1.512760877609253, -0.23035281896591187, -1.1775721311569214, -1.289630651473999, 1.643676519393921, -0.5875735282897949, 2.3452811241149902, 2.379842758178711, 1.716570258140564, 1.1808669567108154, -0.650436520576477, 1.3453134298324585, -0.5495022535324097, 0.6328744888305664, 0.6673838496208191, -3.304513692855835, 1.4830633401870728, -0.7151415944099426, -0.28550827503204346, 0.6812624931335449, -1.1926971673965454, -0.9438707232475281, -0.6176769733428955, -0.19536562263965607, -0.34661293029785156, 0.1740538477897644, 0.04080896079540253, 0.27504974603652954, 0.8463777899742126, -0.4057167172431946, -0.2812793254852295, -0.3925785422325134, 1.870027780532837, -0.34135961532592773, -0.2906431257724762, -1.016205072402954, 1.1718569993972778, -0.686370849609375, -2.417717695236206, -0.22223274409770966, -1.9611897468566895, -0.03769925236701965, 0.2966366112232208, -1.3242355585098267, -0.339108407497406, 0.8546870946884155, -0.4168016016483307, -1.0455248355865479, 0.7372056245803833, -1.7005425691604614, 0.30367347598075867, -0.5757656693458557, -1.1232973337173462, 0.5011197328567505, -0.9701557159423828, 0.9830671548843384, 0.6695047616958618, 0.1376706212759018, -0.43860241770744324, 0.4211399257183075, 1.1773916482925415, 0.4039752781391144, 0.8950269222259521, -2.5771775245666504, 1.3743250370025635, -0.7489330768585205, -1.3458271026611328, -1.1439683437347412, -0.17601355910301208, 0.42432889342308044, -0.0797419473528862, 2.555243730545044, 0.6195844411849976, 0.7060437798500061, 0.036681197583675385, 0.15057770907878876, -1.549335241317749, 2.5068039894104004, 0.35526084899902344, 0.13479116559028625, 1.3307595252990723, 0.32376259565353394, 0.6034511923789978, 0.6878323554992676, 0.375186026096344, -0.5752061605453491, -1.2473218441009521, 0.32146239280700684, 0.215304896235466, -0.2219114750623703, 0.7664656639099121, -0.035612449049949646, -1.4043350219726562, -0.21674183011054993, -0.7983464598655701, 1.7735964059829712, -2.5754916667938232, 1.8625142574310303, 0.5309844017028809, -0.41378098726272583, 0.8229002952575684, 0.37615686655044556, -0.31003454327583313, -0.1205882728099823, -0.35669681429862976, 0.5683590173721313, -0.017788494005799294, -0.018990181386470795, 0.21923264861106873, 0.2981160283088684, -0.2778017818927765]",yunet,Facenet,1920,1080,/home/amos/media/tv/modern_family/Modern.Family.S09.1080p.DSNP.WEB-DL.DDP5.1.H.264-CRFW/Modern.Family.S09E17.Royal.Visit.1080p.DSNP.WEB-DL.DDP5.1.H.264-CRFW.mkv,Modern Family,2009,1442437,9,17,Eric Stonestreet,156962.0,0.619
454,834,120,1008,366,972,210,888,210,0.914,13392,0,"[0.9144684076309204, 0.06888674199581146, -0.6278097629547119, 0.484120637178421, 2.8586349487304688, 0.06848794966936111, 0.7741600275039673, -0.3263975977897644, 1.196091651916504, 0.8938580751419067, -0.9091942310333252, -0.45162540674209595, -1.0814028978347778, 1.1479521989822388, 1.0137227773666382, 0.35068243741989136, -0.26456084847450256, -1.6209254264831543, -0.864398181438446, -1.203407645225525, -1.0513147115707397, 1.6131082773208618, -0.5873610973358154, 2.0013208389282227, 2.2818315029144287, 1.222465991973877, 1.6381009817123413, -0.5153257250785828, 0.9737873673439026, -1.1744216680526733, 0.8749903440475464, 0.28482452034950256, -2.565521717071533, 1.085989236831665, -0.7858219146728516, 0.47616904973983765, 0.8419754505157471, -1.940779209136963, -0.35669654607772827, -0.5214390754699707, -0.5289164185523987, -0.3861190974712372, -0.12511643767356873, -0.4698243737220764, -0.016702884808182716, 0.6305091381072998, -0.9426156282424927, -0.25399044156074524, -0.5597578287124634, 1.9612101316452026, -0.7664343118667603, -0.2367468923330307, -1.0868804454803467, 1.2064707279205322, -0.7622475028038025, -1.5312892198562622, 0.7028736472129822, -1.8882662057876587, 0.2354256808757782, -0.7493872046470642, -1.3980226516723633, -0.5495419502258301, 1.555725336074829, 0.8256210088729858, -0.6697369813919067, 0.6625900268554688, -1.451293706893921, 0.44029077887535095, -0.8070400357246399, -1.3380476236343384, -0.5430881977081299, -0.5419766902923584, 0.926165759563446, 0.08911332488059998, 0.5500575304031372, -0.3982485234737396, 0.5652381181716919, 1.0180295705795288, -0.320926696062088, 1.2425683736801147, -3.2524168491363525, 1.7076365947723389, -0.8726805448532104, -0.5334879159927368, -0.4468967020511627, 0.26314616203308105, 0.25990378856658936, 0.6144490838050842, 1.7774112224578857, 0.9004450440406799, 1.1363592147827148, 0.009315909817814827, 0.7833605408668518, -1.3792489767074585, 2.2842893600463867, 0.36384591460227966, -0.06170113757252693, 0.7306320071220398, 0.6704235672950745, 0.4052043557167053, -0.0859714150428772, 0.9113182425498962, -0.06618155539035797, -1.2390758991241455, 0.7370964288711548, -0.1615639477968216, -0.8956754207611084, 1.4645134210586548, 0.57585608959198, -1.8893110752105713, 0.3250318169593811, -1.0302096605300903, 1.745958685874939, -1.2878715991973877, 2.086423397064209, 1.2334568500518799, 0.48532965779304504, 1.7018587589263916, 0.5351462960243225, 0.29403412342071533, -0.4340546131134033, -0.274788498878479, 1.1861528158187866, -0.7734826803207397, 0.07380524277687073, -0.441026896238327, 0.4085017144680023, -0.038875333964824677]",yunet,Facenet,1920,1080,/home/amos/media/tv/modern_family/Modern.Family.S09.1080p.DSNP.WEB-DL.DDP5.1.H.264-CRFW/Modern.Family.S09E17.Royal.Visit.1080p.DSNP.WEB-DL.DDP5.1.H.264-CRFW.mkv,Modern Family,2009,1442437,9,17,Eric Stonestreet,156962.0,0.662
455,846,132,1020,354,984,216,900,216,0.903,13440,0,"[-0.10619616508483887, 0.25908583402633667, -0.9635056257247925, -0.8301752209663391, 2.4486706256866455, -0.9360308051109314, 0.729281485080719, 0.0966385006904602, 0.051838576793670654, 0.6089070439338684, -1.2986221313476562, 0.12558244168758392, -0.23996812105178833, -0.5387506484985352, 1.616097331047058, 1.1018881797790527, -0.7798832654953003, -1.671970009803772, -0.03762967139482498, -1.7468210458755493, -0.9148790836334229, 0.37917497754096985, 0.003959380090236664, 2.454030752182007, 1.6965564489364624, 1.3317159414291382, 0.4567849040031433, 0.8796166181564331, 0.7909122705459595, 0.1869884878396988, -0.15867142379283905, 0.05181068181991577, -2.0663366317749023, 1.6335586309432983, -0.1889006346464157, -0.12933440506458282, 0.24820706248283386, -2.3680717945098877, -0.8818541169166565, -0.7672022581100464, -0.5820108652114868, 0.05435585230588913, -1.370747685432434, 0.833633542060852, 0.5822916030883789, -0.8211825489997864, -0.08128421008586884, -0.0046037063002586365, 0.35840481519699097, 0.35066062211990356, -0.12643471360206604, -0.35508912801742554, -1.718084692955017, 1.1223289966583252, -1.6582626104354858, -1.5104358196258545, 0.10922674834728241, -2.314811944961548, -1.3062561750411987, 1.9217753410339355, -0.8154443502426147, -0.97343909740448, 0.6508364677429199, -1.1097373962402344, -0.9190784692764282, 0.3314749598503113, -1.185702919960022, 0.7575333118438721, 1.0617424249649048, -0.6310997009277344, 0.6939466595649719, 0.4917578399181366, 0.311066210269928, 0.7357946038246155, 1.4669064283370972, -0.44631579518318176, 0.7426474094390869, 1.6385180950164795, 0.9698740839958191, 0.5942454934120178, -2.9651029109954834, 1.716556191444397, -1.2494244575500488, -1.8413162231445312, -1.094382405281067, 0.5436434745788574, 0.628662109375, -1.3224133253097534, 1.7816210985183716, 1.9857646226882935, 1.239121675491333, 0.08274629712104797, 0.03295985981822014, -1.002634882926941, 1.6624338626861572, 1.4456698894500732, -0.7430570125579834, 0.9543075561523438, -0.3760569095611572, 1.0468477010726929, 1.179450511932373, 0.2698345184326172, -0.05287282168865204, -1.1270183324813843, 0.5375162959098816, -0.5624262690544128, -1.787918210029602, -0.43747761845588684, -0.7587658166885376, -0.7375337481498718, -1.3628175258636475, -0.3561716675758362, 0.918937087059021, -2.374068260192871, 2.4826290607452393, 0.899314284324646, 0.1322503536939621, 0.12661920487880707, 0.08831416815519333, 0.38437625765800476, 0.6344396471977234, -0.5265994071960449, 0.3762068748474121, 0.4032784700393677, -0.01590137928724289, -0.6028807759284973, -0.040041469037532806, -0.3119187355041504]",yunet,Facenet,1920,1080,/home/amos/media/tv/modern_family/Modern.Family.S09.1080p.DSNP.WEB-DL.DDP5.1.H.264-CRFW/Modern.Family.S09E17.Royal.Visit.1080p.DSNP.WEB-DL.DDP5.1.H.264-CRFW.mkv,Modern Family,2009,1442437,9,17,Eric Stonestreet,156962.0,0.643
456,582,234,726,426,702,300,636,306,0.902,13560,0,"[1.3206533193588257, 0.7972688674926758, -1.4160550832748413, 0.30894771218299866, 2.1940581798553467, -0.2718577980995178, 2.064323902130127, 0.07945995032787323, 0.07329300045967102, 0.019960854202508926, -0.8105453252792358, -0.5134392380714417, -0.027829643338918686, 1.2743761539459229, 0.7922508716583252, -0.045897770673036575, -1.627474308013916, -2.096393346786499, -0.32902055978775024, -0.9601626396179199, -1.9599647521972656, 2.1190741062164307, -1.2745945453643799, 1.8655842542648315, 1.1718848943710327, 0.8225687146186829, 0.48711416125297546, 0.12535153329372406, 0.5817728638648987, -0.51796954870224, 0.8889390230178833, 1.0927096605300903, -2.5073399543762207, 1.9499797821044922, -1.3015155792236328, -1.4262841939926147, 0.9395936131477356, -1.8780772686004639, 0.945037841796875, -0.7958085536956787, 0.03513428941369057, 0.07844538986682892, -0.4559682309627533, -0.839971125125885, -0.8518895506858826, -0.3054332435131073, -0.3554707467556, -1.0867730379104614, -0.6184852123260498, 2.063213348388672, -1.5337895154953003, 0.28507742285728455, -0.8699712753295898, 0.7679446935653687, -0.8898282647132874, -1.5284507274627686, 0.9503650069236755, -1.085565447807312, -0.8165354132652283, -0.43982943892478943, -1.8522851467132568, -1.3513786792755127, 1.7836580276489258, -0.055457357317209244, -1.3630048036575317, 0.37449246644973755, -0.810828685760498, 0.08866433799266815, -0.636405348777771, -1.4186034202575684, 0.5753947496414185, -0.2991096079349518, 0.7278968691825867, 0.9332054257392883, -0.6046992540359497, -0.011163976043462753, -0.2857692837715149, 0.9279791116714478, 0.7885920405387878, 1.2004611492156982, -1.055946946144104, 1.5666570663452148, -0.682808518409729, -1.1703757047653198, -0.5112788677215576, 0.3571747839450836, -0.1381116807460785, 0.9005105495452881, 1.5752301216125488, 1.327681303024292, 1.0397636890411377, -1.1032485961914062, -0.4728262722492218, -0.8954351544380188, 2.2700376510620117, 0.35613879561424255, -1.0065032243728638, 0.7954139113426208, 0.47675609588623047, -0.5324274897575378, -0.5312322378158569, 0.025090306997299194, -0.3359825909137726, -0.9157596230506897, 0.2705567181110382, -0.1036902666091919, -0.02430274710059166, 0.32637298107147217, -0.7096349596977234, -1.2934569120407104, 0.232907235622406, -0.3007084131240845, 1.5843085050582886, -1.1607916355133057, 1.7610156536102295, 0.09753365814685822, 0.09884130954742432, -0.21540886163711548, 0.5703621506690979, 0.849212110042572, -0.9738737344741821, 0.6438215970993042, 0.8495067358016968, -0.29247570037841797, -0.6271164417266846, 0.6925229430198669, -0.09991345554590225, -0.3868265151977539]",yunet,Facenet,1920,1080,/home/amos/media/tv/modern_family/Modern.Family.S09.1080p.DSNP.WEB-DL.DDP5.1.H.264-CRFW/Modern.Family.S09E17.Royal.Visit.1080p.DSNP.WEB-DL.DDP5.1.H.264-CRFW.mkv,Modern Family,2009,1442437,9,17,Eric Stonestreet,156962.0,0.642
457,966,108,1164,396,1158,216,1110,210,0.919,13656,0,"[0.008219309151172638, -0.20455212891101837, -1.4088248014450073, 1.6291706562042236, 1.5796207189559937, -0.9508196115493774, 1.0048667192459106, -0.3747086524963379, 1.1090726852416992, 0.06695912778377533, 0.07059641927480698, -0.05266353487968445, -0.1263992190361023, 0.7192602157592773, 0.006799906492233276, -0.24539713561534882, -0.1554356962442398, -1.1757161617279053, -0.9772484302520752, 0.38563358783721924, -2.291348457336426, 1.1596137285232544, -1.355826735496521, 1.0721595287322998, 0.5936905741691589, 0.8877654075622559, 2.2082502841949463, -0.9395139217376709, -0.047195807099342346, -0.8822671175003052, 0.1333027184009552, 0.4553864598274231, -2.3193233013153076, 1.0726715326309204, -0.6846628785133362, -0.004975767806172371, 0.8432774543762207, -2.3439409732818604, 0.6857433319091797, -1.6731526851654053, -0.8674269914627075, 0.26964929699897766, -0.11664324998855591, -0.5843558311462402, 1.006752848625183, -1.3175235986709595, -0.2713223099708557, 0.6358578205108643, -0.6221466660499573, 2.4675869941711426, 0.042719997465610504, 0.406566858291626, -0.7349612712860107, 0.9741194248199463, -1.0600959062576294, -1.7579361200332642, 1.1753071546554565, -0.2729053199291229, -0.36536017060279846, -0.5452086329460144, -1.0148980617523193, -0.15990513563156128, 1.937161922454834, 1.1233230829238892, 0.09972844272851944, 1.2392597198486328, -1.0032657384872437, -0.5130690336227417, -1.2522549629211426, -1.6776553392410278, 0.3823845684528351, -2.321707010269165, 0.10105343163013458, 0.9629890322685242, 0.7621937990188599, -0.981600821018219, 0.011277839541435242, 0.6297792792320251, 0.9062587022781372, -0.41606611013412476, -1.3340623378753662, 1.1643973588943481, -0.9727391004562378, -0.17595770955085754, -0.536371111869812, 0.7752641439437866, 0.2091824859380722, 0.9554007053375244, 0.5257529020309448, -0.3243204355239868, -0.38695308566093445, 0.7224868535995483, 0.6328027248382568, -0.5173960328102112, 1.3506710529327393, 1.2754201889038086, -0.7291100025177002, -0.24056363105773926, -0.7515192627906799, 0.4620263874530792, -0.7062425017356873, 0.9917321801185608, 0.5502020120620728, -1.5007325410842896, 0.5355473756790161, 0.15588638186454773, -0.47927939891815186, 0.7055994272232056, -0.5702796578407288, -2.031118869781494, 0.8370822668075562, -0.262855589389801, 1.8664644956588745, -0.6640616059303284, 0.7137560248374939, 1.3679695129394531, -0.7903121709823608, 1.1513755321502686, -0.2918081283569336, 1.6279953718185425, -2.148063898086548, -1.1027477979660034, 1.4220085144042969, -0.6909695863723755, 0.11363545060157776, 0.9453938603401184, 1.1173994541168213, -0.9460787773132324]",yunet,Facenet,1920,1080,/home/amos/media/tv/modern_family/Modern.Family.S09.1080p.DSNP.WEB-DL.DDP5.1.H.264-CRFW/Modern.Family.S09E17.Royal.Visit.1080p.DSNP.WEB-DL.DDP5.1.H.264-CRFW.mkv,Modern Family,2009,1442437,9,17,,,
458,630,156,840,462,828,270,780,270,0.923,13680,0,"[1.6992764472961426, 0.4265558421611786, -1.4010201692581177, 1.3041080236434937, 1.581447720527649, -0.5622756481170654, 1.454759955406189, -0.43520501255989075, 0.49037066102027893, 0.4575313925743103, 0.2129477858543396, -0.44922614097595215, 0.0794433206319809, 0.6934047937393188, 0.07102833688259125, -0.3175605535507202, -0.7687292098999023, -2.1452529430389404, -0.21849921345710754, 0.5804381370544434, -2.719003915786743, 1.1912341117858887, -1.2978206872940063, 1.6636435985565186, 1.3719592094421387, -0.05512729287147522, 1.6830525398254395, -0.2918494939804077, 0.2683602571487427, -1.0792332887649536, 0.2641909122467041, 0.33449429273605347, -2.239490509033203, 1.782240390777588, -1.226664662361145, -0.5163782238960266, 0.7456139326095581, -1.7425652742385864, 0.5965675711631775, -0.7567285299301147, 0.1582535356283188, 0.5840525031089783, 0.08076295256614685, -0.11223571002483368, 0.38565394282341003, -1.5123072862625122, -1.1944931745529175, 1.0877525806427002, -0.3031553030014038, 1.231827974319458, 0.5811551213264465, 0.42372244596481323, -0.8434876203536987, 0.7463288307189941, -1.4872748851776123, -1.4641475677490234, 1.4962122440338135, -0.909420907497406, -1.221972107887268, -0.27574238181114197, -0.23410528898239136, 0.4229154586791992, 0.8805070519447327, 0.8016632795333862, -0.860519528388977, 1.303518533706665, -0.7520490288734436, -0.8660739064216614, -1.0196200609207153, -1.9531487226486206, 0.26952531933784485, -2.2599310874938965, 0.4861694276332855, 1.2823835611343384, 0.9463402628898621, 0.09908360242843628, 0.43593350052833557, 1.5681102275848389, 1.1715664863586426, 0.25674980878829956, -0.8327689170837402, 2.4604761600494385, -0.7430823445320129, -1.1980451345443726, -0.2055652141571045, 0.018737152218818665, 0.5947147011756897, 0.8521191477775574, 1.4755866527557373, 0.49034422636032104, -0.8507154583930969, 0.7536232471466064, 1.1188080310821533, 0.5422453284263611, 2.4044029712677, 0.4130041301250458, -0.7336478233337402, -0.4051363468170166, -0.9823377728462219, 0.677692711353302, -0.22468698024749756, 0.061717234551906586, -0.3785467743873596, -1.3218185901641846, 0.5979803800582886, 0.15338252484798431, 0.3223806917667389, 0.8584785461425781, -0.9032683372497559, -2.2282278537750244, 0.5518372058868408, 0.14625895023345947, 1.2134225368499756, -1.7012953758239746, 0.06487853825092316, 1.78302800655365, -0.9118129014968872, 0.7635563015937805, -0.3433755338191986, 1.3331536054611206, -1.615747094154358, -0.45098116993904114, 0.8632185459136963, -0.41011154651641846, 0.9680361747741699, 1.0205062627792358, 0.1654909998178482, -1.0555251836776733]",yunet,Facenet,1920,1080,/home/amos/media/tv/modern_family/Modern.Family.S09.1080p.DSNP.WEB-DL.DDP5.1.H.264-CRFW/Modern.Family.S09E17.Royal.Visit.1080p.DSNP.WEB-DL.DDP5.1.H.264-CRFW.mkv,Modern Family,2009,1442437,9,17,,,
459,690,66,918,390,888,180,858,180,0.913,13704,0,"[1.434680700302124, 0.04127989709377289, -1.124143123626709, 2.0099494457244873, 1.3327598571777344, -0.8530278205871582, 0.7809147238731384, -0.004828982055187225, 0.8335614800453186, 0.012154430150985718, -0.775536835193634, -0.7787923812866211, -0.13066470623016357, 0.6846736669540405, 0.14509475231170654, -0.5840405225753784, -0.6281614303588867, -2.2015106678009033, -0.27789878845214844, 1.374922513961792, -2.4320802688598633, 1.9686044454574585, -0.0938161164522171, 1.9238654375076294, 2.0657477378845215, 0.5455728769302368, 2.212848424911499, 0.13001404702663422, 0.9925854802131653, -1.295346736907959, -0.04924018681049347, 0.015373937785625458, -2.196514844894409, 1.4759068489074707, -1.9844796657562256, -0.20626424252986908, 0.8215029239654541, -1.8015062808990479, 0.6452211737632751, -1.1045905351638794, -0.4869179129600525, -0.3436177968978882, -0.4600418508052826, -0.6269309520721436, 1.3181260824203491, 0.01995934173464775, -0.7263795137405396, 0.004301751032471657, -0.8145837783813477, 1.8137574195861816, -0.16924242675304413, 0.42610082030296326, -0.697271466255188, 0.38119441270828247, -2.0070834159851074, -1.2492616176605225, 1.675896406173706, 0.025932174175977707, -1.0540039539337158, 0.24122008681297302, -0.49072879552841187, -0.22730028629302979, 0.7847351431846619, 0.21170729398727417, -1.1840133666992188, 0.6765191555023193, -0.07645487040281296, -1.4771734476089478, -1.3158519268035889, -2.2707998752593994, 0.40033310651779175, -2.2516183853149414, 0.2749929130077362, 1.639456033706665, 0.6574397683143616, -0.3630610406398773, 0.28081008791923523, 1.0437421798706055, 1.5170249938964844, 0.7224248051643372, -0.9135726690292358, 2.250824213027954, 0.9382652640342712, -0.9370245337486267, -0.2931622564792633, 0.45519015192985535, 1.1240534782409668, 1.2182643413543701, 1.382154941558838, -0.3015138804912567, -0.6449202299118042, 0.2860209345817566, 0.4750039875507355, 0.15064913034439087, 2.1073498725891113, -0.4868326783180237, -1.4982304573059082, -0.2622218728065491, -0.8529478311538696, 0.42834076285362244, -0.16847217082977295, 0.4243844151496887, 0.21607066690921783, -0.924888014793396, 0.20662495493888855, -0.1739918291568756, 0.5580285787582397, 0.9319581985473633, -0.5731082558631897, -2.214184522628784, 0.1232033222913742, -0.3198135495185852, 1.6015535593032837, -1.3673474788665771, 0.9902941584587097, 1.1423044204711914, -0.42206209897994995, 1.3892947435379028, -0.002294495701789856, 0.988885760307312, -0.5668529868125916, -0.05403101444244385, 0.057669054716825485, -0.20624487102031708, 0.4635074734687805, 0.8989093899726868, 0.4928169846534729, -0.33191901445388794]",yunet,Facenet,1920,1080,/home/amos/media/tv/modern_family/Modern.Family.S09.1080p.DSNP.WEB-DL.DDP5.1.H.264-CRFW/Modern.Family.S09E17.Royal.Visit.1080p.DSNP.WEB-DL.DDP5.1.H.264-CRFW.mkv,Modern Family,2009,1442437,9,17,,,
460,786,204,948,462,948,294,924,294,0.92,13728,0,"[0.741207480430603, -0.10938452184200287, -1.6835976839065552, 0.6768773198127747, 1.725381851196289, -0.6405805349349976, 1.1664531230926514, -0.002596598118543625, 0.07156866788864136, 0.26621344685554504, -0.7662860751152039, -0.4058908224105835, -0.24156706035137177, 0.621004581451416, 0.260756254196167, -0.9545556306838989, -1.371593952178955, -2.5512261390686035, -0.06954683363437653, -0.12196153402328491, -2.0245954990386963, 0.885944128036499, -0.4648703634738922, 1.2196688652038574, 0.7169173955917358, -0.06520026177167892, 2.1545379161834717, -1.0257104635238647, 0.03581633418798447, -1.2265657186508179, -0.30255424976348877, 0.6592251062393188, -1.673466682434082, 1.5075135231018066, -1.3587967157363892, 0.11813364923000336, 0.27879610657691956, -2.021141529083252, 0.9960875511169434, -2.3472492694854736, -0.08748438954353333, 0.47137516736984253, -1.1767690181732178, -0.6809474229812622, 0.8492096662521362, -1.1873295307159424, -0.9350925087928772, 1.1679631471633911, -0.8211596608161926, 1.8245391845703125, -0.8378757834434509, 0.9193207621574402, -0.7148204445838928, 0.8506690263748169, -1.5544233322143555, -1.0945185422897339, 0.29469531774520874, -0.7717103958129883, -0.6813629269599915, -0.5116404294967651, -1.2968236207962036, -0.6079017519950867, 0.5293054580688477, 0.7730149030685425, -0.6544801592826843, 0.9454949498176575, -0.9965201616287231, -0.5598177313804626, -0.7912167310714722, -1.3021323680877686, -0.030833084136247635, -1.6358673572540283, -0.5305571556091309, 1.210289716720581, 0.35970401763916016, -0.7191478610038757, -0.38918986916542053, 0.7650706171989441, 0.7038365006446838, -0.26098453998565674, -1.0373504161834717, 1.9162346124649048, -0.7250846028327942, -0.46128761768341064, 0.8577892780303955, -0.17082083225250244, 1.1830902099609375, 0.6834283471107483, 0.15721148252487183, 0.09845790266990662, -0.6803715229034424, 0.6270473003387451, 0.6266957521438599, 0.0670650526881218, 1.613344430923462, 0.671220064163208, -1.0113016366958618, -0.23251336812973022, -0.59071946144104, 0.8374982476234436, -1.2484068870544434, -0.017607256770133972, 0.32554322481155396, -0.8472675085067749, 0.15696150064468384, 0.24577505886554718, 0.49163687229156494, 0.8454389572143555, -0.9299949407577515, -1.753921389579773, 0.4656710624694824, -0.6760700345039368, 0.9177258014678955, -0.8941153287887573, 0.6762173771858215, 2.1965692043304443, -0.37931251525878906, 0.853969931602478, -0.6116798520088196, 1.4875754117965698, -0.915421187877655, -0.2382986843585968, 0.6997595429420471, 0.35340359807014465, 0.2743735611438751, 0.2069052755832672, 0.30787113308906555, -0.05657140165567398]",yunet,Facenet,1920,1080,/home/amos/media/tv/modern_family/Modern.Family.S09.1080p.DSNP.WEB-DL.DDP5.1.H.264-CRFW/Modern.Family.S09E17.Royal.Visit.1080p.DSNP.WEB-DL.DDP5.1.H.264-CRFW.mkv,Modern Family,2009,1442437,9,17,,,
461,642,186,804,408,768,276,690,276,0.912,13800,0,"[0.3565950393676758, 0.28276327252388, -0.09774145483970642, 0.8839114308357239, 2.416186809539795, -1.350013017654419, 1.9116638898849487, -0.9637258052825928, 0.9532074332237244, 0.6161214113235474, -0.8298127055168152, -0.295147180557251, 0.184404656291008, 0.9268089532852173, 0.06401590257883072, 0.07697372883558273, -0.6740936040878296, -1.4110718965530396, -0.9944652318954468, -0.9236093759536743, -1.972962498664856, 1.6623455286026, -1.6170361042022705, 1.1663485765457153, 0.8538438677787781, 0.8399022817611694, 2.104125738143921, 0.08752919733524323, 0.3022873103618622, -0.7274336218833923, -0.3226606547832489, 0.9552143216133118, -2.121722459793091, 0.6382242441177368, -0.45427411794662476, -1.047204613685608, 0.6652301549911499, -2.5476982593536377, 0.24452349543571472, -1.3549821376800537, -0.061871372163295746, -0.8616016507148743, -0.09099023044109344, 0.2311406135559082, 0.07789833843708038, -1.028299331665039, -1.2806127071380615, -0.733585000038147, -0.010695092380046844, 2.241053581237793, -0.12480919063091278, 0.2825454771518707, -0.6757856607437134, -0.07534287869930267, -0.7230244874954224, -1.9652376174926758, 0.8453004360198975, -1.5186090469360352, -0.4595045745372772, -0.44880586862564087, -1.668804407119751, -0.8793526887893677, 1.360227108001709, 0.6803715229034424, -1.0946162939071655, 1.7551871538162231, -0.7014252543449402, -0.666199803352356, -0.013521593064069748, -1.1304469108581543, -0.19349080324172974, -1.8457496166229248, 1.4026685953140259, -0.1617828905582428, 0.5018947124481201, -0.7566068172454834, 0.4047761857509613, 0.778049647808075, 1.0175272226333618, 0.07162579894065857, -1.223984718322754, 2.3460655212402344, -0.5242864489555359, -0.8478593826293945, -0.5389156341552734, 0.46594730019569397, -0.2319188117980957, 0.31678467988967896, 1.2177057266235352, 1.5609281063079834, 0.05895199626684189, 0.4839836061000824, 0.02812689170241356, -0.9213777184486389, 2.023127555847168, 0.5248003602027893, -0.44683900475502014, 0.5080934762954712, -0.5179004669189453, 0.00785154476761818, -0.479381263256073, 0.6609128713607788, 0.2257653921842575, -1.1174057722091675, 0.4639316201210022, 0.39325499534606934, 0.28354254364967346, 1.0853559970855713, -1.0334112644195557, -1.4974607229232788, 0.6289340257644653, 0.4597088694572449, 1.4044990539550781, -0.4098746180534363, 1.3225669860839844, 0.7967487573623657, 0.4890384376049042, 0.6099828481674194, -0.11166699975728989, 0.7053561806678772, -0.5636553764343262, -0.9412962198257446, 1.1797796487808228, -0.6235641241073608, -0.1928035169839859, 0.6337097883224487, 0.802598237991333, -0.20246538519859314]",yunet,Facenet,1920,1080,/home/amos/media/tv/modern_family/Modern.Family.S09.1080p.DSNP.WEB-DL.DDP5.1.H.264-CRFW/Modern.Family.S09E17.Royal.Visit.1080p.DSNP.WEB-DL.DDP5.1.H.264-CRFW.mkv,Modern Family,2009,1442437,9,17,Eric Stonestreet,156962.0,0.584
462,534,180,702,408,666,264,588,264,0.908,13824,0,"[0.7886234521865845, 0.8382244110107422, -0.441346138715744, 0.21733999252319336, 2.2460567951202393, -1.455763816833496, 1.7994940280914307, -1.0611006021499634, 0.7735781669616699, 0.6422128081321716, -0.23404723405838013, -0.24834690988063812, -0.1741524338722229, 0.8060587644577026, 0.8800894021987915, 0.46645498275756836, -0.26361319422721863, -1.4359029531478882, -0.7960239052772522, -0.6028352975845337, -1.3176032304763794, 1.4941422939300537, -1.123189091682434, 1.4442194700241089, 0.7931762933731079, 1.0213795900344849, 2.1003053188323975, 0.012631826102733612, 0.7729231119155884, -0.771899402141571, -0.47137191891670227, 1.4760171175003052, -1.778491497039795, 0.936394453048706, -0.08306010067462921, -1.0118193626403809, 0.7455444931983948, -2.7809879779815674, 0.14372436702251434, -1.2338862419128418, -0.6593419909477234, -0.9867793321609497, -0.6054673194885254, -0.3679853677749634, -0.28513315320014954, -0.894070029258728, -1.6429080963134766, -0.9848922491073608, 0.3081255555152893, 2.3745925426483154, 0.38715147972106934, -0.4178408086299896, -0.6858506798744202, 0.05421552062034607, -0.3591839373111725, -1.8148716688156128, 0.637867271900177, -1.5623537302017212, -0.4811052083969116, -0.7224102020263672, -2.065852642059326, -0.7693293690681458, 1.7268099784851074, 0.36996912956237793, -1.2505077123641968, 1.6043401956558228, -0.27032026648521423, -0.7129542231559753, 0.579615592956543, -0.8952164649963379, -0.25552093982696533, -1.7008954286575317, 1.7615829706192017, 0.004180021584033966, 0.07251600921154022, -0.7944028377532959, 0.5018727779388428, 0.03083033300936222, 0.6319578289985657, -0.3712666630744934, -1.6039491891860962, 2.6095216274261475, -0.9161076545715332, -0.9621561169624329, -0.11348717659711838, 0.5114432573318481, -0.3975324034690857, 0.1573626697063446, 1.809420108795166, 1.8314577341079712, 0.16805462539196014, 0.7504079937934875, 0.21516558527946472, -0.6688598394393921, 1.8272050619125366, 0.44800305366516113, 0.0981614738702774, 0.7378503680229187, -0.6463337540626526, -0.1480976939201355, -0.5128380656242371, 0.19287094473838806, 0.5436147451400757, -0.7891722917556763, 0.9361599087715149, 0.19911648333072662, 0.5008370876312256, 1.6062923669815063, -0.6757449507713318, -1.059484601020813, 0.5890011787414551, 0.24878129363059998, 1.1940876245498657, -0.5225040316581726, 1.6380670070648193, 0.5257463455200195, 0.8251587152481079, 0.4093669354915619, 0.4621444344520569, 0.42061373591423035, -0.5841364860534668, -0.4763492941856384, 1.0793328285217285, -0.8841977119445801, -0.18217431008815765, 0.859048068523407, 0.316131591796875, -0.44582268595695496]",yunet,Facenet,1920,1080,/home/amos/media/tv/modern_family/Modern.Family.S09.1080p.DSNP.WEB-DL.DDP5.1.H.264-CRFW/Modern.Family.S09E17.Royal.Visit.1080p.DSNP.WEB-DL.DDP5.1.H.264-CRFW.mkv,Modern Family,2009,1442437,9,17,Eric Stonestreet,156962.0,0.561
463,600,210,756,420,744,294,696,288,0.905,13848,0,"[0.8458876609802246, 1.0530980825424194, -1.3224120140075684, 0.9430937767028809, 1.551601767539978, -1.289061427116394, 1.0177494287490845, -0.5052034258842468, 0.7460506558418274, 0.6800965070724487, -0.5046476721763611, -0.014791917987167835, -0.4103845953941345, 0.3393433392047882, 0.6345289945602417, -0.17506840825080872, -0.9480993747711182, -1.737964391708374, -0.014435231685638428, 1.137656807899475, -1.0018006563186646, 1.2580374479293823, -1.2706550359725952, 1.5543477535247803, 0.7644506096839905, 0.3532337248325348, 2.39449405670166, 0.014874331653118134, 0.6581862568855286, -0.6136977076530457, -0.7241113185882568, 0.8653247952461243, -1.304123044013977, 1.2780097723007202, -0.5734111666679382, -1.6502959728240967, 0.6358820796012878, -3.2071378231048584, 0.34393736720085144, -1.3008095026016235, -1.5518360137939453, -0.4999617040157318, -0.6432055234909058, -0.45361942052841187, 0.40091201663017273, -1.374477744102478, -2.0052096843719482, 0.7589312791824341, -0.163895845413208, 1.576744556427002, 0.5765904784202576, 0.002362765371799469, -0.8831570744514465, 0.5776001214981079, -1.2503759860992432, -1.4445024728775024, 1.49158775806427, -1.1939493417739868, -1.242047667503357, -0.14105737209320068, -1.081567645072937, 0.8500269651412964, 0.8050904273986816, 0.4907646179199219, -1.3846955299377441, 1.840941071510315, -0.10773380845785141, -0.8696714043617249, -0.5387300252914429, -1.2208324670791626, 0.7301971316337585, -2.8179218769073486, 1.620229721069336, 1.492933750152588, 0.7861037850379944, -0.4351949095726013, 1.758927822113037, 0.5116181969642639, 0.9343246817588806, -0.1014091894030571, -1.4245585203170776, 2.3442986011505127, -1.0231729745864868, -0.9184705018997192, 0.8406029939651489, 0.04494176805019379, 0.28263887763023376, 0.03757429122924805, 1.6236096620559692, 0.6262602210044861, -0.9589701294898987, 1.224837303161621, 0.6055128574371338, 0.2262967824935913, 1.5356987714767456, -0.22744323313236237, -0.4117414653301239, 0.4032003581523895, -1.911433458328247, -0.333652138710022, -0.13510575890541077, -0.5535928010940552, 0.7917161583900452, -0.644769012928009, 1.201216697692871, -0.43629980087280273, 0.9236379265785217, 0.5900276899337769, -0.539840042591095, -0.6713522672653198, 1.015718936920166, -0.8956268429756165, 0.4826492667198181, -0.6603736877441406, 0.5668749213218689, 1.3244249820709229, -0.16351407766342163, 1.428646206855774, 0.19666144251823425, 1.5458531379699707, -0.5935041308403015, 0.07399240881204605, 0.14986580610275269, 0.0015918302815407515, 0.9213812351226807, 1.0802124738693237, 0.3114253282546997, -0.01655559614300728]",yunet,Facenet,1920,1080,/home/amos/media/tv/modern_family/Modern.Family.S09.1080p.DSNP.WEB-DL.DDP5.1.H.264-CRFW/Modern.Family.S09E17.Royal.Visit.1080p.DSNP.WEB-DL.DDP5.1.H.264-CRFW.mkv,Modern Family,2009,1442437,9,17,,,
464,522,126,678,342,660,210,636,210,0.907,13872,0,"[1.230465292930603, 0.22311323881149292, -0.8224244713783264, 0.5178580284118652, 1.1187690496444702, -0.7319352626800537, 1.7803668975830078, -0.3920784592628479, 0.29880568385124207, 0.6210610270500183, -1.0549603700637817, -0.5460567474365234, -0.5938065648078918, 0.6133289337158203, 0.8427577018737793, 0.23235751688480377, -0.9031504392623901, -1.9694300889968872, 0.5819370746612549, 0.7722667455673218, -1.6008857488632202, 1.3145273923873901, -0.8064916133880615, 1.089830756187439, 0.605749785900116, 0.48579737544059753, 2.209568738937378, -0.30333611369132996, 0.6858303546905518, -0.8429651260375977, -0.61790931224823, 1.3952364921569824, -1.3053526878356934, 1.8617782592773438, -1.6256964206695557, -1.0849612951278687, 0.5684449076652527, -2.291825532913208, 0.31903767585754395, -1.8161251544952393, -0.4670502841472626, -0.3295013904571533, -0.9940556287765503, -0.9239177107810974, 0.1652481108903885, -1.1215615272521973, -1.711011290550232, 0.5981271266937256, -0.7353813648223877, 2.1588189601898193, 0.6794842481613159, 0.346148282289505, -0.8931738138198853, 0.6853457093238831, -1.0788953304290771, -1.8285634517669678, 0.9751908183097839, -0.22974683344364166, -1.2912869453430176, -0.36910006403923035, -1.5693482160568237, -0.6033433079719543, 0.49586009979248047, 1.3557636737823486, -0.7517931461334229, 0.7963148355484009, 0.4579499065876007, -1.247645616531372, -0.2806023955345154, -1.5193203687667847, 0.08261977881193161, -2.995241403579712, 1.336585521697998, 1.2585803270339966, 0.7849395871162415, -0.033410798758268356, -0.08355449885129929, 0.12352387607097626, 0.7600142955780029, -0.038040727376937866, -1.2929004430770874, 3.2207510471343994, -0.30304133892059326, -1.6281981468200684, -0.0023214370012283325, -0.05911240726709366, 0.8258819580078125, 1.053245186805725, 1.0444085597991943, 1.2410415410995483, -1.3801085948944092, 0.58265620470047, 0.6989640593528748, 0.12174848467111588, 2.03334903717041, -0.6853881478309631, -1.1134514808654785, 0.22235630452632904, -0.9079506993293762, 0.6581290364265442, -0.4354594349861145, -0.4310024380683899, -0.32280027866363525, -0.12028839439153671, 0.39420709013938904, -0.2289697676897049, 0.7145331501960754, 1.4364817142486572, -0.40994206070899963, -1.5302921533584595, -0.04715768247842789, -0.2632761001586914, 0.5978516340255737, -0.7518778443336487, 0.7315388321876526, 0.6944359540939331, 0.34380075335502625, 0.31173083186149597, -0.05825122445821762, 0.7801298499107361, -0.3011486530303955, -0.04414156824350357, -0.03792351484298706, -0.04601074755191803, 0.4410363435745239, 1.1419953107833862, 0.2059139609336853, 0.44594430923461914]",yunet,Facenet,1920,1080,/home/amos/media/tv/modern_family/Modern.Family.S09.1080p.DSNP.WEB-DL.DDP5.1.H.264-CRFW/Modern.Family.S09E17.Royal.Visit.1080p.DSNP.WEB-DL.DDP5.1.H.264-CRFW.mkv,Modern Family,2009,1442437,9,17,,,
465,1134,186,1320,402,1224,258,1164,258,0.908,13968,0,"[-0.7943607568740845, -0.21072545647621155, 0.008474418893456459, 0.3914262056350708, -0.7609241604804993, -0.7534802556037903, -0.09739895164966583, -0.44834908843040466, 1.024437665939331, 0.8224948644638062, 0.5219855308532715, 1.7936489582061768, -0.7084550261497498, -2.160132884979248, 0.8810387849807739, -1.1034406423568726, -0.571975827217102, 1.1604653596878052, 0.4223322868347168, 0.10746566206216812, 0.9418790340423584, -2.0887348651885986, -0.21876093745231628, 0.11330084502696991, 0.300531268119812, -1.489972472190857, -1.5260705947875977, 1.115416407585144, 0.051434703171253204, -1.3615009784698486, -1.4948389530181885, -0.3608708679676056, -2.429196357727051, 1.909353256225586, 0.5771594047546387, -2.49951171875, -0.27227047085762024, -1.630787968635559, -1.2457692623138428, -3.0117027759552, -0.2882329225540161, -0.2640953063964844, -0.45949336886405945, 1.1404852867126465, -1.0059489011764526, -2.521671772003174, 0.8274661898612976, 0.4523201882839203, 0.18128545582294464, 0.07926391065120697, 2.824204921722412, -0.22249041497707367, -0.8233213424682617, -1.1826828718185425, 0.1034732460975647, -0.05277587100863457, 0.9911344051361084, 0.08058053255081177, -1.1716352701187134, 0.10420902818441391, -0.15458640456199646, 2.0422041416168213e-05, 0.3824099004268646, -0.8265538215637207, 1.07058584690094, 0.7683178186416626, -0.7436541318893433, 0.22411741316318512, -0.6798070073127747, -1.5129703283309937, -0.09587687253952026, -3.51161527633667, 0.010577471926808357, -0.3918911814689636, 0.3460163474082947, 0.2706569731235504, 0.42364248633384705, -0.042980875819921494, -1.0314159393310547, -1.4700713157653809, 0.1040344312787056, 0.0945664793252945, -0.5378991365432739, -1.088460922241211, -1.6800044775009155, -0.8303695917129517, 0.483569473028183, 0.9181832075119019, 0.23784831166267395, 1.4052059650421143, -1.0656540393829346, -1.6740368604660034, -0.10516466200351715, 0.38784775137901306, 1.1667224168777466, -1.2057043313980103, 0.9007976055145264, -0.955547034740448, 1.2188432216644287, 1.7610795497894287, 0.42467719316482544, 0.3127867579460144, 0.42584189772605896, 0.4869106709957123, 0.49712127447128296, 0.5917498469352722, 0.7286649346351624, -0.3638913631439209, 0.23763233423233032, -0.7227275967597961, -0.07935885339975357, 0.6235364079475403, -0.086285799741745, -1.895986795425415, 0.9042689204216003, -0.4500129222869873, 0.23766040802001953, 0.5488953590393066, 0.23223036527633667, 0.44476744532585144, -1.366868257522583, -0.43830445408821106, -0.10606595873832703, 2.1312754154205322, 0.883782148361206, 0.7658805847167969, -0.7371440529823303, 0.45957377552986145]",yunet,Facenet,1920,1080,/home/amos/media/tv/modern_family/Modern.Family.S09.1080p.DSNP.WEB-DL.DDP5.1.H.264-CRFW/Modern.Family.S09E17.Royal.Visit.1080p.DSNP.WEB-DL.DDP5.1.H.264-CRFW.mkv,Modern Family,2009,1442437,9,17,George Brett,1315816.0,0.597
466,762,168,1002,492,960,288,858,288,0.933,13992,0,"[1.040081262588501, 0.42736050486564636, -0.76410311460495, 1.3703275918960571, 1.4859886169433594, -0.8230971693992615, 1.5227564573287964, -0.5547435283660889, 1.2697339057922363, -0.03203754499554634, -0.48089170455932617, -0.21976041793823242, -0.26349055767059326, 0.9517807960510254, 0.19791974127292633, 0.5126647353172302, -0.3299596309661865, -1.677233099937439, -1.0696206092834473, 0.25158339738845825, -1.1573622226715088, 1.6810144186019897, -0.5231797695159912, 1.6381279230117798, 1.9651896953582764, 0.8127983212471008, 1.5051493644714355, -0.15707865357398987, 1.7050412893295288, -1.0709799528121948, 0.009924225509166718, 0.5786667466163635, -2.1616148948669434, 1.3669495582580566, -0.4919571876525879, -1.3177225589752197, 0.8896815180778503, -2.499906301498413, 0.10840862989425659, -0.8188616037368774, -0.9995884299278259, 0.1378043293952942, -0.12408067286014557, -0.7224866151809692, -0.1387118548154831, -0.9274563789367676, -1.1979334354400635, -0.8952876329421997, -0.47926783561706543, 2.3357937335968018, -0.09961864352226257, -0.2731216549873352, -0.740145742893219, 0.430023193359375, -0.8086798191070557, -1.4130741357803345, 1.9146804809570312, -0.8074034452438354, -0.306876003742218, -0.18326903879642487, -1.2746270895004272, -0.7817816138267517, 2.478756904602051, 0.00515335239470005, -1.6542396545410156, 1.3709602355957031, -0.09684596210718155, -0.01755756139755249, -1.047713041305542, -1.6600216627120972, -0.05963144451379776, -1.4858250617980957, 1.0199341773986816, 0.3884178400039673, 0.47975972294807434, -0.6827654242515564, 0.5856812000274658, 0.7620980739593506, 0.7162176370620728, -0.19926272332668304, -1.339023470878601, 1.991934061050415, -0.877214789390564, -1.323686122894287, -1.0053126811981201, 0.3922120928764343, -0.329697847366333, -0.04159346595406532, 1.6219888925552368, 0.8866278529167175, 0.3998298645019531, -0.20972312986850739, 0.11213818192481995, -0.9469426274299622, 1.3679041862487793, 0.39298659563064575, -0.9713163375854492, 0.18760426342487335, -0.48074668645858765, -0.22313721477985382, -0.23598848283290863, 0.3954632878303528, 0.36810407042503357, -0.7733136415481567, 1.3021389245986938, -0.26903027296066284, -0.497742235660553, 0.5473770499229431, -0.9058969020843506, -1.0801740884780884, 0.9777851700782776, 0.14716409146785736, 2.4112048149108887, -1.086103916168213, 1.392607569694519, 0.05424106866121292, -0.22718819975852966, 0.4526987671852112, 0.3666592538356781, 0.6852084994316101, -0.6581834554672241, -0.8729621171951294, 1.004272222518921, -0.7028718590736389, 0.31630074977874756, 1.1349138021469116, 0.5094760656356812, -0.5663461089134216]",yunet,Facenet,1920,1080,/home/amos/media/tv/modern_family/Modern.Family.S09.1080p.DSNP.WEB-DL.DDP5.1.H.264-CRFW/Modern.Family.S09E17.Royal.Visit.1080p.DSNP.WEB-DL.DDP5.1.H.264-CRFW.mkv,Modern Family,2009,1442437,9,17,Eric Stonestreet,156962.0,0.592
467,696,282,924,576,810,420,732,414,0.93,14016,0,"[0.3384150266647339, -0.5922513008117676, 0.5782923102378845, -0.35473936796188354, 2.767887592315674, -0.06158024072647095, 2.0949416160583496, -0.09468120336532593, 0.742535412311554, 0.4246022403240204, 0.2669339179992676, -1.0639266967773438, -0.5051320791244507, 0.8643655776977539, -0.5402935743331909, 0.46367335319519043, -0.5008331537246704, -2.6029529571533203, -0.2676156461238861, -0.5328302383422852, -1.5668907165527344, 1.2935538291931152, -0.3071866035461426, 1.0838215351104736, 0.776031494140625, 1.8847721815109253, 2.1597909927368164, 0.00866623967885971, 0.5889406204223633, -0.3782820701599121, 0.15696075558662415, 1.2636431455612183, -1.371658205986023, 0.997087836265564, -0.542357861995697, -0.6759436726570129, 0.8256393671035767, -2.0718870162963867, 0.7360869646072388, -1.0636422634124756, -0.8038517236709595, -1.5167877674102783, -1.289515733718872, -0.31776130199432373, 0.2483348399400711, -2.0004773139953613, -1.4255026578903198, -0.266544908285141, 0.5624739527702332, 1.5465301275253296, -0.007960319519042969, 0.04567202925682068, -1.1025538444519043, -0.7925369143486023, -1.5259060859680176, -1.2020058631896973, 1.7058097124099731, -0.9281345009803772, -0.4323519170284271, 0.8194277286529541, -1.892673373222351, -1.2821727991104126, 1.0816380977630615, 0.9151310324668884, -1.5312083959579468, 0.7450222969055176, -0.11599569767713547, -0.0712592676281929, 0.5755559802055359, -0.35462161898612976, -0.372892826795578, -1.543494701385498, 0.8144105672836304, 1.7241568565368652, 0.8358728885650635, 0.008801259100437164, 0.28934064507484436, 0.48754334449768066, 0.38706231117248535, 0.5703103542327881, -2.1897330284118652, 2.3527822494506836, -0.6256783604621887, -1.681044578552246, -0.1736934781074524, -0.19678640365600586, 0.6989505887031555, -0.2924780547618866, 0.9067928791046143, 1.6530359983444214, -0.8792584538459778, 0.18702101707458496, -0.49817392230033875, -1.3789983987808228, 1.8921347856521606, 0.5493575930595398, -2.130091667175293, 0.9026615619659424, -0.906597912311554, -0.7339764833450317, -0.14508691430091858, -1.0295518636703491, -0.5689883828163147, -1.3665194511413574, 0.4886528253555298, 0.579548716545105, 0.6936302185058594, -0.4018057882785797, -0.1913144886493683, -1.9847337007522583, 0.506367027759552, 0.07466216385364532, 1.4167187213897705, -0.8335036635398865, 2.6126346588134766, 1.3027262687683105, 1.42716383934021, -0.24059712886810303, -0.34890714287757874, 1.5407044887542725, 0.7030086517333984, -0.8993113040924072, 0.2647460997104645, 0.45902377367019653, -0.3138290047645569, 0.3473843038082123, 0.5467023849487305, 0.18116669356822968]",yunet,Facenet,1920,1080,/home/amos/media/tv/modern_family/Modern.Family.S09.1080p.DSNP.WEB-DL.DDP5.1.H.264-CRFW/Modern.Family.S09E17.Royal.Visit.1080p.DSNP.WEB-DL.DDP5.1.H.264-CRFW.mkv,Modern Family,2009,1442437,9,17,,,
468,1170,186,1338,396,1230,264,1194,264,0.907,14040,0,"[-0.5102742910385132, -0.12340697646141052, -0.6776642203330994, 0.5841480493545532, -0.602662205696106, -0.6770350337028503, -0.6669382452964783, 0.8960586190223694, 1.1814900636672974, 0.19246235489845276, 0.4640149474143982, 1.2564570903778076, -1.164137363433838, -0.9367948770523071, 0.7062743902206421, -2.0383262634277344, 0.4111722707748413, 1.016287088394165, 0.034727685153484344, 0.6855270862579346, 0.7241806983947754, -1.702244520187378, 0.45792287588119507, 0.014604631811380386, 0.8201056718826294, -1.852789044380188, -1.6954094171524048, 1.022937297821045, 1.0721044540405273, -1.8161158561706543, -1.168807864189148, 0.14672023057937622, -2.1739821434020996, 1.1978399753570557, 0.5659014582633972, -2.114035129547119, -0.4820665121078491, -1.1046983003616333, -1.617912769317627, -2.8638439178466797, -0.9886817336082458, -0.7023340463638306, -0.9038774967193604, 0.2177143692970276, -0.7215948104858398, -2.295058012008667, 0.3557204604148865, 0.03743843734264374, 0.3019567131996155, 0.23939163982868195, 3.07391095161438, 0.5906683802604675, -0.6696929335594177, -1.609876275062561, 0.05978454649448395, 0.3095499277114868, -0.27871742844581604, -0.4075993001461029, -0.8234517574310303, 0.08569083362817764, 0.048176802694797516, 0.2744011878967285, 0.5498716831207275, -1.0577677488327026, 0.9139553904533386, 0.9230239987373352, -0.38958463072776794, 1.0921063423156738, -0.3768872022628784, -1.3267689943313599, -0.41152647137641907, -2.8343453407287598, 0.23309822380542755, -0.20263928174972534, -0.035442519932985306, 0.44031983613967896, 0.7811881303787231, -1.2076067924499512, -1.4079678058624268, -1.5610053539276123, 0.14709460735321045, 1.59520423412323, -0.6179912686347961, -0.6936246752738953, -1.3762890100479126, -0.9634252786636353, 0.22454771399497986, -0.4171275496482849, 0.11964629590511322, 1.3461028337478638, -1.105626106262207, -1.2765165567398071, -0.9645412564277649, 0.5822324752807617, 0.10090873390436172, -1.2622371912002563, 1.2247151136398315, 0.1302710771560669, 1.7188096046447754, 1.9162423610687256, -0.03796679899096489, 0.3436160981655121, 0.7711662650108337, 0.8296301364898682, 0.3955625891685486, 0.9071561694145203, 1.3150438070297241, 0.21001708507537842, 0.5411059856414795, -0.8092854022979736, -0.31643468141555786, 0.7675428986549377, 0.22046473622322083, -2.5291712284088135, 1.4414345026016235, -0.35799315571784973, 0.6651439666748047, 0.3076699674129486, -0.11185494810342789, 0.07476817071437836, -0.6481121182441711, 0.3610462248325348, -0.7326483726501465, 1.9676650762557983, 0.40007179975509644, 1.0896402597427368, -1.673995852470398, 0.15365134179592133]",yunet,Facenet,1920,1080,/home/amos/media/tv/modern_family/Modern.Family.S09.1080p.DSNP.WEB-DL.DDP5.1.H.264-CRFW/Modern.Family.S09E17.Royal.Visit.1080p.DSNP.WEB-DL.DDP5.1.H.264-CRFW.mkv,Modern Family,2009,1442437,9,17,George Brett,1315816.0,0.582
469,1044,240,1254,492,1158,318,1074,324,0.919,14112,0,"[-1.3889832496643066, 1.3331454992294312, -1.3784995079040527, 0.6716997623443604, 1.0856971740722656, 0.020801598206162453, 1.8863176107406616, 0.2358105629682541, 0.882197380065918, -0.095205157995224, 0.5746964812278748, 0.7507543563842773, -1.3504549264907837, -1.3065649271011353, 0.9193140268325806, 0.5071678161621094, 0.1721663773059845, 0.4298049807548523, 0.6224967241287231, 0.06418758630752563, -0.5170571208000183, 1.2130942344665527, 0.184739351272583, 1.6175583600997925, 0.5753473043441772, 1.3514032363891602, -1.1641571521759033, -0.34995540976524353, 1.2088639736175537, -0.9182350039482117, -0.43266761302948, -0.45902878046035767, -2.115605115890503, 1.6530033349990845, 1.791707158088684, -1.3569056987762451, 0.7946242690086365, -1.9351236820220947, -0.3558083474636078, -3.021578550338745, -1.712398648262024, -0.05509933829307556, -1.701244592666626, -0.2849157750606537, 0.21267008781433105, -0.859545886516571, 1.2513877153396606, -0.8840831518173218, -0.009919054806232452, 2.5017571449279785, 1.4131799936294556, 0.8605809211730957, -0.5789322257041931, -0.25904202461242676, -1.4979785680770874, -0.05408070981502533, 0.5002628564834595, -0.8322297930717468, -0.7138741612434387, 0.9786262512207031, -0.5028813481330872, -0.09018033742904663, 1.8443683385849, -0.9884858131408691, 1.337386131286621, 0.6899048089981079, 0.29082298278808594, 2.2975993156433105, 1.248258352279663, -0.8231415748596191, 0.782207190990448, -2.534379005432129, -0.8690882325172424, -0.3918684124946594, 0.5145670175552368, -0.2073706090450287, 0.03788256645202637, -0.586085855960846, -0.5941506624221802, -0.8441634178161621, -0.7069681286811829, 1.1776405572891235, -1.2095741033554077, -1.5773471593856812, -1.4559531211853027, 1.2353205680847168, 0.5981743335723877, 1.515514612197876, 0.175544872879982, 1.353165626525879, 0.0019017979502677917, -0.28502336144447327, 0.4109383821487427, -0.9221882820129395, 0.3530110716819763, 0.16943636536598206, 0.46565932035446167, -0.047835491597652435, 0.7948329448699951, 2.627255439758301, -0.6722043752670288, 0.7512422204017639, 0.7574166655540466, 0.13362503051757812, -0.05800095945596695, 0.12114349007606506, -0.3627501428127289, 0.533248782157898, -0.08173707872629166, -1.335394263267517, -1.5697886943817139, 0.5865833759307861, 1.604422688484192, -1.4949169158935547, 1.9495104551315308, -0.998699426651001, -0.021159883588552475, 0.5917037725448608, 1.8709707260131836, 1.0254069566726685, -1.0132691860198975, -0.15426786243915558, 0.6852517127990723, 0.888315737247467, 1.1632659435272217, 0.13227251172065735, 0.09187791496515274, 0.31714490056037903]",yunet,Facenet,1920,1080,/home/amos/media/tv/modern_family/Modern.Family.S09.1080p.DSNP.WEB-DL.DDP5.1.H.264-CRFW/Modern.Family.S09E17.Royal.Visit.1080p.DSNP.WEB-DL.DDP5.1.H.264-CRFW.mkv,Modern Family,2009,1442437,9,17,,,
470,768,108,978,390,948,210,864,210,0.916,14136,0,"[0.1707947552204132, -0.0361027754843235, -0.7255242466926575, 0.3646032512187958, 2.612799882888794, -0.59986412525177, 1.6921838521957397, -0.4687354564666748, 0.23669546842575073, 0.29210177063941956, 0.4095486104488373, -0.2826879024505615, -0.14406299591064453, 0.9155129194259644, 0.747736930847168, 0.2476339191198349, -0.5568500757217407, -1.2364203929901123, -0.20066574215888977, 0.20755267143249512, -1.7576245069503784, 1.0567320585250854, -0.8431485891342163, 0.7827642560005188, 1.0290782451629639, 1.0113502740859985, 1.311065435409546, -0.2465379536151886, -0.9951990842819214, -1.2695794105529785, 0.5891118049621582, 0.67853182554245, -2.3886895179748535, 1.629929542541504, -0.1427031308412552, 0.01497776061296463, 1.7788352966308594, -2.7242519855499268, 1.5417938232421875, -1.7922334671020508, -0.9921130537986755, 0.642584502696991, -0.08491122722625732, -0.7722861766815186, -0.22434526681900024, -1.2166081666946411, -1.7868417501449585, 0.09686840325593948, -0.0907132551074028, 3.503284454345703, -0.8562063574790955, 0.2639636695384979, -0.17715120315551758, 0.9486970901489258, -1.0068126916885376, -1.6247920989990234, 1.2906765937805176, -1.140738844871521, -0.2466682493686676, -0.47572585940361023, -1.2888213396072388, 0.016051217913627625, 2.0870108604431152, 1.4595259428024292, -0.609404444694519, 0.910346269607544, -0.6934674382209778, -0.801601231098175, -0.3517354726791382, 0.2179272621870041, 0.41137853264808655, -1.5592236518859863, -0.07279853522777557, 0.328971266746521, 0.36894840002059937, -0.8235209584236145, -0.17885074019432068, 0.1688966006040573, 0.23096778988838196, 0.728134036064148, -1.2636559009552002, 1.6107335090637207, -0.6944574117660522, -0.37715771794319153, 0.6371583342552185, 0.5470820665359497, -0.07086054980754852, 1.2638403177261353, 0.6174488067626953, 0.863574206829071, -0.15412813425064087, 0.00046596676111221313, -0.812075138092041, -0.2888934910297394, 1.3645401000976562, 0.8462139368057251, -1.134312391281128, -0.542167067527771, -0.4289278984069824, 0.26909151673316956, -0.4482598304748535, 0.3186729848384857, -0.013096153736114502, -1.8808244466781616, 0.4529629945755005, 0.48040008544921875, -0.011187408119440079, 0.4239461421966553, -0.44565385580062866, -1.8291335105895996, 0.8932529091835022, -0.3086135983467102, 1.570919394493103, -0.10965754091739655, 1.9138990640640259, 0.8923884630203247, 0.3369182050228119, 0.5132737159729004, -0.014026202261447906, 1.1902638673782349, -0.47195810079574585, -1.4353841543197632, 1.879115343093872, -1.1229162216186523, -0.24215461313724518, -0.5556061267852783, 1.4263553619384766, -0.47862088680267334]",yunet,Facenet,1920,1080,/home/amos/media/tv/modern_family/Modern.Family.S09.1080p.DSNP.WEB-DL.DDP5.1.H.264-CRFW/Modern.Family.S09E17.Royal.Visit.1080p.DSNP.WEB-DL.DDP5.1.H.264-CRFW.mkv,Modern Family,2009,1442437,9,17,,,
471,798,186,1020,480,990,294,888,294,0.916,14184,0,"[0.3978644013404846, 0.17591369152069092, -0.5023341774940491, -0.16742441058158875, 2.0947229862213135, -0.8974773287773132, 2.1054763793945312, -1.1999531984329224, 0.7689095735549927, 0.3965809643268585, 0.16289418935775757, -0.3225794732570648, -1.1791585683822632, 1.010843276977539, 0.02855510264635086, -0.19764195382595062, -1.016994595527649, -0.9486345052719116, -0.45516109466552734, -1.023680567741394, -1.3349158763885498, 0.569889485836029, -1.5037320852279663, 0.27619796991348267, 1.2558892965316772, 0.9874647855758667, 1.9784458875656128, -1.092464566230774, -1.0007389783859253, -1.0838960409164429, -0.2683773636817932, 1.2789944410324097, -2.1415622234344482, 1.340846061706543, -0.07496674358844757, 0.06813332438468933, 0.9247596859931946, -3.0816314220428467, 1.3541977405548096, -2.318734884262085, -0.2953256666660309, -0.4143214225769043, -0.6238430738449097, -0.3255894184112549, -0.1807538866996765, -1.3117822408676147, -2.1749517917633057, 0.17525917291641235, -0.5581637620925903, 2.6612889766693115, -0.20050270855426788, -0.08948768675327301, -0.03751865029335022, 0.5694548487663269, -0.22800293564796448, -1.9877947568893433, 0.7093197107315063, -1.6137101650238037, -0.8840317130088806, -1.0501295328140259, -1.617800235748291, -0.6778140068054199, 1.5888633728027344, 0.7769409418106079, -0.017809666693210602, 1.6646119356155396, -1.1671087741851807, -0.8968385457992554, -0.3240363299846649, 0.2738792300224304, 0.8753538131713867, -1.6588833332061768, 0.24962779879570007, -0.47457367181777954, 0.5452799797058105, -1.476928472518921, 0.3825129568576813, 0.6339510083198547, 0.9574804902076721, 0.5867599844932556, -1.2988622188568115, 1.697339653968811, -0.5329875349998474, -0.8413457274436951, 0.6145392656326294, 1.0529485940933228, -0.7504416704177856, 0.6021796464920044, 1.5088067054748535, 1.107442021369934, 0.10617700964212418, 0.4343959093093872, -0.28317105770111084, 0.059364330023527145, 1.6731548309326172, 1.0510600805282593, -0.3449210226535797, 0.20996937155723572, -0.8404533863067627, 0.3171033263206482, -0.3706730604171753, 0.46928852796554565, 0.6163221597671509, -1.5257982015609741, 0.05694872885942459, 0.5249037146568298, 0.3136235177516937, 0.9221272468566895, -1.111439824104309, -1.2868716716766357, 0.44147199392318726, 0.24439164996147156, 1.4818158149719238, -0.6974431276321411, 1.5301941633224487, 1.0042716264724731, 0.4141485393047333, 1.1706714630126953, 0.08275556564331055, 0.7767914533615112, -0.9838923215866089, -0.9098392724990845, 2.4568111896514893, -0.7840006947517395, -0.25362539291381836, 0.2050303816795349, 0.9669523239135742, 0.13775207102298737]",yunet,Facenet,1920,1080,/home/amos/media/tv/modern_family/Modern.Family.S09.1080p.DSNP.WEB-DL.DDP5.1.H.264-CRFW/Modern.Family.S09E17.Royal.Visit.1080p.DSNP.WEB-DL.DDP5.1.H.264-CRFW.mkv,Modern Family,2009,1442437,9,17,,,
472,966,192,1170,444,1098,276,1008,276,0.924,14232,0,"[0.06952117383480072, 0.4129905104637146, -1.1176958084106445, 0.23039141297340393, -0.30250492691993713, -0.35293659567832947, 0.496850848197937, 0.152251198887825, 0.7913755774497986, 1.9023799896240234, -0.04795201122760773, 2.339999198913574, -0.39993566274642944, -1.6830050945281982, 0.5508861541748047, -1.377506971359253, -0.007343009114265442, 1.8238552808761597, 1.9544562101364136, 0.6066514253616333, 2.321716547012329, -1.985640287399292, 0.30307528376579285, 1.2894343137741089, 0.2749902307987213, -1.2565451860427856, -1.1915143728256226, 0.06481833755970001, 0.053335994482040405, -1.6022099256515503, -0.8503656387329102, 0.3453737795352936, -1.919228196144104, 0.26075121760368347, 0.756584882736206, -3.746563196182251, -0.8302649855613708, -0.6208635568618774, -0.35114842653274536, -2.438093900680542, -1.779100775718689, 0.5702340006828308, -0.43503710627555847, -0.2540223002433777, -0.5933417677879333, -1.4312688112258911, 1.040500283241272, -0.416524201631546, 1.4844812154769897, 0.15146832168102264, -0.2696528434753418, 0.1340150684118271, -0.5456966161727905, -1.4994051456451416, 1.2079761028289795, -0.5088226795196533, 1.1204824447631836, 1.4107040166854858, -0.16415590047836304, 0.8169683814048767, 0.27204030752182007, 1.0050990581512451, 1.154171347618103, -1.1942263841629028, 1.0067487955093384, 0.8391667008399963, 0.48658642172813416, 1.659004807472229, 0.017529979348182678, 0.2151900976896286, -0.09213943034410477, -1.4471588134765625, -0.23438391089439392, 1.060031533241272, -0.6208941340446472, -1.3539495468139648, 0.008707761764526367, -0.8446788191795349, -1.0053470134735107, -1.278826117515564, 0.4744897186756134, -1.2063376903533936, -0.40744084119796753, -2.06933856010437, -2.078413248062134, 1.553393840789795, -1.034568190574646, -0.6077995896339417, -0.5544863939285278, 0.018313320353627205, 1.026678204536438, -0.36961930990219116, -1.2806211709976196, -0.03164258599281311, 0.8994661569595337, -1.115776538848877, -0.19063587486743927, 0.013639499433338642, 0.9586830735206604, 0.8986556529998779, -1.2142853736877441, 0.9313787221908569, 1.2955647706985474, -0.7982104420661926, 0.5629749298095703, -1.0002806186676025, 0.721673846244812, -0.7096525430679321, 0.04380801320075989, -0.2581537663936615, -1.4431966543197632, 0.1777516007423401, -0.24882465600967407, -0.8253703713417053, -0.43099647760391235, -0.2727370858192444, -0.5288753509521484, 0.8841717839241028, 1.1417443752288818, 2.2515835762023926, -2.1904778480529785, 1.1532188653945923, -0.3613208532333374, 0.7973158955574036, 0.7472761273384094, 0.5203090906143188, 0.2018304318189621, -1.2365891933441162]",yunet,Facenet,1920,1080,/home/amos/media/tv/modern_family/Modern.Family.S09.1080p.DSNP.WEB-DL.DDP5.1.H.264-CRFW/Modern.Family.S09E17.Royal.Visit.1080p.DSNP.WEB-DL.DDP5.1.H.264-CRFW.mkv,Modern Family,2009,1442437,9,17,,,
473,1068,168,1254,390,1158,240,1092,240,0.909,14280,0,"[-0.211083322763443, 0.027733221650123596, -0.41739797592163086, -0.2923154830932617, -0.17407409846782684, -0.044588055461645126, -0.2427673190832138, 1.0037897825241089, 0.37429308891296387, 1.8514536619186401, 1.270999789237976, 2.064279794692993, -1.9998685121536255, -1.5750889778137207, -0.40905001759529114, -0.6673378944396973, 0.06670933961868286, 0.4840095639228821, 0.6134292483329773, -0.3455350995063782, 0.6015105247497559, -2.456174850463867, 0.5379852056503296, -0.301988422870636, 0.13939443230628967, -0.20664125680923462, -1.145200490951538, 1.5069360733032227, -1.2147372961044312, 0.4749438762664795, -1.061987280845642, -0.2030031830072403, -2.6058571338653564, 0.6268958449363708, 0.27683278918266296, -2.1938624382019043, 0.421983540058136, -1.1476565599441528, -1.0708694458007812, -2.014117479324341, -1.5862375497817993, -1.5149462223052979, -0.5844628810882568, 0.6517691016197205, 0.9491152167320251, -1.3374515771865845, 1.1296591758728027, 1.2003525495529175, 0.16331665217876434, -0.07514431327581406, 2.5448496341705322, 0.34975525736808777, -0.3675788640975952, -1.305046796798706, -1.5301934480667114, 0.707043468952179, 0.09277991950511932, -0.25706741213798523, -0.5526553392410278, 0.8570550680160522, 0.04215087741613388, 1.5253679752349854, 1.2937815189361572, -0.7626896500587463, 1.167757511138916, -0.4314391016960144, -1.6015772819519043, 0.5956571102142334, -0.0960661768913269, -0.7902805805206299, 1.0263978242874146, -2.7029805183410645, 0.581763505935669, 0.5976037979125977, 1.17958402633667, -0.4086906313896179, 1.6179090738296509, 0.5528329014778137, -0.3951931595802307, -1.2729434967041016, -0.6856189370155334, -1.0295134782791138, -1.2406277656555176, -1.4726797342300415, -1.998289942741394, -0.41415974497795105, 0.07920041680335999, -0.30716270208358765, 1.5664912462234497, 0.933082103729248, -1.4060534238815308, -1.547524333000183, 0.46373990178108215, 0.32015952467918396, 1.9290425777435303, -0.40716353058815, 2.311370849609375, -0.2833000123500824, -0.0422234907746315, 1.8626079559326172, 1.4206901788711548, 0.5563045144081116, 1.6345787048339844, -0.8194339275360107, -0.24996250867843628, 0.450735867023468, 0.6234830021858215, -0.9378502368927002, 0.5003716349601746, 0.10264626145362854, -0.33661627769470215, 1.0581926107406616, -0.12543430924415588, -1.9390010833740234, 1.9026294946670532, 0.15930746495723724, -0.6308817863464355, 1.9251914024353027, -0.45556119084358215, -0.035141341388225555, -1.692948341369629, -0.33726048469543457, -0.2078397423028946, 3.191957473754883, 0.13056708872318268, 0.32786980271339417, -0.631713330745697, 0.2124648541212082]",yunet,Facenet,1920,1080,/home/amos/media/tv/modern_family/Modern.Family.S09.1080p.DSNP.WEB-DL.DDP5.1.H.264-CRFW/Modern.Family.S09E17.Royal.Visit.1080p.DSNP.WEB-DL.DDP5.1.H.264-CRFW.mkv,Modern Family,2009,1442437,9,17,George Brett,1315816.0,0.637
474,654,210,834,444,804,300,726,300,0.916,14304,0,"[0.048890724778175354, -0.2959532141685486, -0.19170992076396942, -0.4245454967021942, 3.5179147720336914, -0.9150338172912598, 1.5304138660430908, -0.2361309826374054, 1.0971920490264893, 0.17963740229606628, -1.3946831226348877, 0.3201654851436615, -0.9216799736022949, 0.6101422309875488, 0.8205229043960571, 0.35888075828552246, -1.6797879934310913, -0.7463893294334412, 0.10577218234539032, -0.8031482696533203, -2.5362982749938965, 1.0024588108062744, -2.230497121810913, 0.841989278793335, -0.18828491866588593, 0.9213464856147766, 1.5273946523666382, -0.622042715549469, -0.7588438391685486, -0.282511442899704, -0.09447407722473145, 0.7255693078041077, -1.6176553964614868, 0.42783522605895996, -1.026568055152893, 0.45205116271972656, 0.19313225150108337, -2.5621068477630615, 0.37848496437072754, -2.2758758068084717, 0.12321951240301132, -0.4494541585445404, -1.420620083808899, 0.17127066850662231, 0.573535680770874, -1.6956830024719238, -1.93796968460083, 0.6703392267227173, -0.22226421535015106, 2.4255383014678955, -0.00044077634811401367, -0.05025886371731758, -0.3833242654800415, 0.4225274920463562, -0.38423049449920654, -2.7896690368652344, -0.3107474148273468, -1.8984111547470093, -0.7915607690811157, 0.5398895144462585, -1.852460503578186, -0.864308774471283, 0.8601353168487549, 0.8699478507041931, -0.42203643918037415, 1.8648861646652222, -0.9274495840072632, -0.800132155418396, 1.4212020635604858, 0.11228097975254059, 0.366384893655777, -1.9789077043533325, -0.2001965045928955, 0.860540509223938, 0.27127113938331604, -1.0348336696624756, -1.0533473491668701, 0.4400376081466675, 1.3059649467468262, 0.9539439678192139, -1.811619520187378, 1.3611725568771362, -0.5494313836097717, -0.5081222057342529, 0.26135361194610596, -0.04417802765965462, 0.8378402590751648, 0.8559226393699646, 1.1033934354782104, 1.6708892583847046, -0.2560834288597107, 0.8291015028953552, -0.5628649592399597, -0.4814128577709198, 0.7239024043083191, 0.6159206032752991, -1.1614677906036377, 0.03993687778711319, -0.6600892543792725, 1.402186393737793, -0.8377463221549988, 0.370519757270813, -0.5385847687721252, -1.5127325057983398, 0.16907453536987305, -0.10491776466369629, -0.2589017450809479, 0.09772051125764847, -1.2500523328781128, -0.8315313458442688, 0.23613207042217255, -0.14741896092891693, 0.41488760709762573, -0.8757081627845764, 1.5319329500198364, 1.468925952911377, 0.45901164412498474, 0.5629386901855469, -0.3878304064273834, 0.4775834083557129, -0.4272257685661316, -0.6277711391448975, 0.9251863360404968, -0.20190858840942383, -0.5024921298027039, -0.32809436321258545, 0.3734578788280487, -0.1252136081457138]",yunet,Facenet,1920,1080,/home/amos/media/tv/modern_family/Modern.Family.S09.1080p.DSNP.WEB-DL.DDP5.1.H.264-CRFW/Modern.Family.S09E17.Royal.Visit.1080p.DSNP.WEB-DL.DDP5.1.H.264-CRFW.mkv,Modern Family,2009,1442437,9,17,,,
475,1098,168,1248,372,1158,240,1116,240,0.906,14352,0,"[-0.44030019640922546, 0.07481038570404053, -0.2618003785610199, 0.2812400162220001, -0.7059358358383179, -1.1146095991134644, -0.6135708093643188, 0.12471674382686615, 0.8179251551628113, -0.16400595009326935, 0.0836171880364418, 1.5708211660385132, -0.29437682032585144, -1.3811285495758057, 1.5334919691085815, -1.9086750745773315, 0.4907461702823639, 1.4844599962234497, 0.18518000841140747, 0.46620720624923706, 0.31395483016967773, -1.5096529722213745, 1.1678411960601807, -0.30851542949676514, 1.0087664127349854, -0.7638707756996155, -1.862899661064148, 1.328142523765564, 0.7017928957939148, -1.5986474752426147, -1.9031590223312378, 0.10696963965892792, -2.429877758026123, 1.1654858589172363, 0.9066413640975952, -2.345672607421875, -0.13892580568790436, -0.5870897173881531, -1.1729669570922852, -2.6838388442993164, -1.2147659063339233, -0.28548359870910645, -0.7226426601409912, 0.19857877492904663, -0.7999067902565002, -2.5718157291412354, 0.005012210458517075, -0.294087290763855, 1.1487104892730713, 0.7922879457473755, 3.5743939876556396, -0.04976578429341316, -0.44063636660575867, -1.917284607887268, 0.6568650603294373, -0.5661427974700928, -0.22679726779460907, -0.6697104573249817, -1.2083687782287598, 0.766400933265686, 0.22804594039916992, -0.47268009185791016, 0.09136945754289627, -1.5898115634918213, 0.532926082611084, 0.5878616571426392, -0.8305672407150269, 0.7674672603607178, -0.5383042097091675, -0.5511045455932617, -0.4162273705005646, -2.239813804626465, 0.8906770944595337, -1.0524775981903076, 0.7525742053985596, 0.14227904379367828, 0.3984171450138092, -0.9172373414039612, -0.9680641889572144, -1.8477270603179932, -0.10774827003479004, 1.8124110698699951, -1.1461690664291382, -0.6174718737602234, -1.8655482530593872, -0.11789995431900024, 0.3199145197868347, -0.9023391604423523, -0.015409514307975769, 1.2789270877838135, -0.2732103765010834, -0.5840746760368347, -1.2547086477279663, -0.4391416907310486, 0.3743162751197815, -0.8737127780914307, 1.0838642120361328, 0.6131685376167297, 0.7522276639938354, 0.5729902982711792, 1.2993751764297485, -0.0887615978717804, 0.525987982749939, 0.1690334975719452, 0.7735682725906372, 0.5415966510772705, 1.1605435609817505, -0.9445315599441528, 0.5092126727104187, -0.6475849151611328, -0.9465653300285339, 1.0363706350326538, -0.028485432267189026, -2.3094210624694824, 1.9808847904205322, -1.000747561454773, -0.3142068386077881, 0.05155064910650253, 0.7640821933746338, 0.7947930097579956, -0.7562019228935242, -0.9181498289108276, -0.29197633266448975, 2.0301454067230225, 0.3564807176589966, 0.6347858905792236, -1.022857427597046, 0.7565718293190002]",yunet,Facenet,1920,1080,/home/amos/media/tv/modern_family/Modern.Family.S09.1080p.DSNP.WEB-DL.DDP5.1.H.264-CRFW/Modern.Family.S09E17.Royal.Visit.1080p.DSNP.WEB-DL.DDP5.1.H.264-CRFW.mkv,Modern Family,2009,1442437,9,17,George Brett,1315816.0,0.624
476,1116,186,1272,378,1194,252,1146,258,0.902,14376,0,"[-1.5305618047714233, -0.8110626935958862, -0.39584240317344666, 0.23031285405158997, -0.8646039962768555, -0.39484477043151855, -0.8020703792572021, 0.5714938044548035, 0.7092456817626953, 0.2842961847782135, 0.5648578405380249, 1.320969581604004, -1.799843430519104, -1.52582848072052, 0.7567700147628784, -1.5145037174224854, -0.10274766385555267, 1.7386298179626465, 0.9533320665359497, 0.0964735895395279, 1.7066203355789185, -2.343825578689575, 0.42942896485328674, 0.2853783965110779, -0.1786685585975647, -1.099311113357544, -2.1495895385742188, 0.3220551013946533, 0.7567145824432373, -1.217208743095398, -1.327290415763855, -0.10485665500164032, -2.4154574871063232, 1.6420655250549316, 0.7858390212059021, -2.519402503967285, -0.39170026779174805, -1.1426278352737427, -1.104677438735962, -3.8163373470306396, -1.530863881111145, -0.5810364484786987, -0.8263410329818726, -0.06293217092752457, -0.7750192284584045, -2.2239956855773926, 1.4454611539840698, -0.00345500186085701, 0.6908023953437805, 0.37684166431427, 2.3575212955474854, 0.37749138474464417, -0.7635482549667358, -1.621096134185791, 0.576264500617981, 0.2228345423936844, -0.3563932180404663, 0.041763786226511, -0.8355545401573181, 1.7091253995895386, 0.022524431347846985, 0.366316020488739, 1.3786803483963013, -0.9739751219749451, 0.8636986613273621, 1.315374493598938, -0.5371792316436768, 1.7905738353729248, -0.09125660359859467, 0.002799379173666239, 0.5853757858276367, -3.260807514190674, 0.010867376811802387, -0.13326677680015564, 0.6644790172576904, 0.377333402633667, -0.03305500000715256, -0.8893438577651978, -1.4571360349655151, -1.3244878053665161, -0.12315317243337631, -0.23730343580245972, -1.2370063066482544, -0.7745494246482849, -1.6908512115478516, 0.1904779076576233, -0.5182530283927917, 0.1373113989830017, -0.0623505599796772, 0.23058158159255981, 0.28769463300704956, -0.9519914388656616, -0.6936253309249878, 0.2467135488986969, 0.24421189725399017, -0.5130365490913391, 0.3931853473186493, 0.37770751118659973, 1.2526381015777588, 1.5860302448272705, 0.0020413361489772797, -0.07537858188152313, 1.4050447940826416, 0.6249799132347107, 1.1140201091766357, -0.39838188886642456, 0.9746964573860168, -0.7877554893493652, -0.2518937587738037, -0.3956741392612457, -0.6483492851257324, -0.022737950086593628, -0.14072437584400177, -2.0842244625091553, 0.9278086423873901, -1.5082464218139648, 0.12758073210716248, 0.9720760583877563, -0.16247066855430603, 1.131235957145691, -1.538581132888794, -0.12119105458259583, -0.14110811054706573, 2.352306604385376, 0.10609723627567291, 0.8289531469345093, -0.9091668128967285, 0.4893975555896759]",yunet,Facenet,1920,1080,/home/amos/media/tv/modern_family/Modern.Family.S09.1080p.DSNP.WEB-DL.DDP5.1.H.264-CRFW/Modern.Family.S09E17.Royal.Visit.1080p.DSNP.WEB-DL.DDP5.1.H.264-CRFW.mkv,Modern Family,2009,1442437,9,17,George Brett,1315816.0,0.58
477,240,192,456,480,432,306,372,306,0.902,14376,1,"[-0.025529734790325165, -1.3699302673339844, -2.3955624103546143, 0.08136904984712601, 1.3361510038375854, -0.986396849155426, -0.5949702262878418, 0.0303194522857666, -0.1887616217136383, 1.1853864192962646, -0.2980726659297943, -0.824758768081665, -0.7265627980232239, 0.04286429286003113, 0.07436078786849976, 0.37796759605407715, -0.8601747751235962, -1.330068826675415, 0.19541282951831818, -0.4030420482158661, -0.34665578603744507, 0.6839039325714111, -0.8800859451293945, 1.352340817451477, 0.9618813991546631, 1.3248450756072998, 2.155590772628784, 0.39380887150764465, 0.38749438524246216, -0.1711885780096054, 0.9040653705596924, 1.851492166519165, 0.13566863536834717, 1.7224847078323364, -1.437899112701416, 0.6025388836860657, 0.781348466873169, -2.0037174224853516, 0.6249943375587463, -1.533576488494873, -0.7126803398132324, 0.4138021767139435, -1.328022837638855, -1.4077239036560059, -0.10860155522823334, -1.445536494255066, 0.04372111335396767, 0.7792955636978149, -0.9436100721359253, 1.193671703338623, -1.205489158630371, 0.22822783887386322, -1.508947730064392, 1.8455346822738647, -0.039547864347696304, -0.14526821672916412, 0.9237196445465088, 0.1274854689836502, -0.12789246439933777, 0.08849198371171951, -1.1215165853500366, -1.4631245136260986, 1.2138859033584595, 1.2770252227783203, 0.4321226179599762, 0.11459170281887054, -0.6200528144836426, 0.5145047903060913, -0.947079062461853, -1.084242820739746, 0.3203001022338867, -1.4349546432495117, -0.366457998752594, 1.812301754951477, 1.1206306219100952, -0.46760550141334534, 0.09981779754161835, 0.34363484382629395, 0.49125272035598755, 0.4029794931411743, -2.1587541103363037, 0.8015629053115845, 0.19489005208015442, 0.13171879947185516, -0.005656160414218903, 1.1559697389602661, -0.5433170795440674, 1.378810167312622, 1.088299036026001, -0.20806080102920532, -0.29305630922317505, -0.39338797330856323, -0.04643157869577408, -0.48952946066856384, 2.024501323699951, 0.19489113986492157, -2.391214370727539, -0.6737526655197144, -0.1622190624475479, -0.17631395161151886, -0.769847571849823, 0.6810792684555054, -0.18666520714759827, -1.6205766201019287, 0.3688167929649353, -0.6639048457145691, -0.06264060735702515, 0.34832480549812317, 0.5604965686798096, -1.6217918395996094, 0.014039641246199608, -1.4166728258132935, 0.0038523003458976746, 0.07719317823648453, 1.6292084455490112, 0.8619669675827026, 0.5989736318588257, 0.15699587762355804, -0.1360662877559662, 1.7805095911026, -0.2220826894044876, 0.5534436702728271, 0.7527294158935547, -0.7263966798782349, 0.05249659717082977, 0.5134714245796204, 1.5272408723831177, 0.2950519621372223]",yunet,Facenet,1920,1080,/home/amos/media/tv/modern_family/Modern.Family.S09.1080p.DSNP.WEB-DL.DDP5.1.H.264-CRFW/Modern.Family.S09E17.Royal.Visit.1080p.DSNP.WEB-DL.DDP5.1.H.264-CRFW.mkv,Modern Family,2009,1442437,9,17,Eric Stonestreet,156962.0,0.502
478,1146,174,1308,372,1224,246,1170,252,0.906,14400,0,"[-0.7935339212417603, -0.2900328040122986, -0.07754046469926834, 0.6507132649421692, -0.7766687273979187, -0.6648687124252319, 0.13414572179317474, 0.07683465629816055, 0.7000945806503296, 0.25661832094192505, 0.1472967565059662, 1.08079993724823, -1.121508240699768, -1.7019418478012085, 0.9070224761962891, -1.89926278591156, -0.06738585233688354, 1.4288063049316406, 0.20566782355308533, 0.23359692096710205, 1.4522068500518799, -2.086636781692505, 0.5182377099990845, 0.2265099585056305, 0.5508448481559753, -1.7800681591033936, -2.212881565093994, 0.7028843760490417, 0.8566381931304932, -1.6002411842346191, -1.1879531145095825, -0.6896494626998901, -2.8165245056152344, 1.6846500635147095, 0.8066059947013855, -2.9467129707336426, -0.5637977123260498, -1.1701490879058838, -0.8774853348731995, -3.576383113861084, -1.127287745475769, -0.49162447452545166, -0.6100015640258789, -0.08049055188894272, -1.0004661083221436, -2.216019630432129, 1.000017523765564, -0.10699278116226196, 0.23346547782421112, -0.1325269490480423, 2.6153056621551514, 0.5400955677032471, -0.7547085285186768, -1.4296385049819946, 0.17142577469348907, 0.2681034505367279, 0.16719307005405426, -0.4130958616733551, -1.249829649925232, 1.1043325662612915, 0.1909455955028534, -0.029956206679344177, 1.1941999197006226, -1.2490997314453125, 0.8108184933662415, 1.1566442251205444, -0.3435019850730896, 1.219185471534729, -0.5971893668174744, -0.27173736691474915, 0.24877102673053741, -2.729389190673828, 0.16574980318546295, -0.8530226945877075, 0.3176226019859314, 0.37866446375846863, 0.20826727151870728, -0.6684960722923279, -1.190652847290039, -1.3938474655151367, 0.3801509737968445, 0.7922914028167725, -0.6171252131462097, -0.9589099287986755, -1.8472791910171509, -0.11144966632127762, 0.11468229442834854, -0.567574143409729, -0.08628429472446442, 0.9950860738754272, -0.00022565573453903198, -1.233189582824707, -0.8234379291534424, 0.5973024368286133, 0.33115944266319275, -1.1212610006332397, 0.8780876994132996, 0.07947814464569092, 1.9074389934539795, 1.8397644758224487, 0.23081152141094208, 0.3876812160015106, 1.1372807025909424, 1.2875871658325195, 1.1128276586532593, 0.38454174995422363, 0.5128628611564636, -0.5215649604797363, -0.39724254608154297, -0.6115803718566895, -0.804739236831665, 0.5985461473464966, 0.2380857914686203, -2.555819034576416, 0.9938643574714661, -1.2883678674697876, -0.24000081419944763, 1.0402512550354004, -0.0844811275601387, 0.44945427775382996, -1.0443323850631714, 0.045647382736206055, -0.24814800918102264, 2.3148722648620605, 0.03342905640602112, 1.0428502559661865, -1.438460111618042, 0.1455126702785492]",yunet,Facenet,1920,1080,/home/amos/media/tv/modern_family/Modern.Family.S09.1080p.DSNP.WEB-DL.DDP5.1.H.264-CRFW/Modern.Family.S09E17.Royal.Visit.1080p.DSNP.WEB-DL.DDP5.1.H.264-CRFW.mkv,Modern Family,2009,1442437,9,17,George Brett,1315816.0,0.595
479,1170,156,1326,360,1260,234,1200,240,0.905,14424,0,"[-1.8498152494430542, -1.851616382598877, 0.0562715008854866, 0.3466968834400177, 0.07728220522403717, -0.8124092817306519, -1.0451500415802002, -1.1968269348144531, 0.9988170266151428, 0.732149064540863, 0.6721073389053345, -0.007475192658603191, -1.889841914176941, -1.7408498525619507, 0.5444945096969604, -0.5499587655067444, -0.7326372861862183, 1.050541877746582, 0.056684333831071854, 0.4183233380317688, 0.18976503610610962, -0.8122661113739014, 0.13060042262077332, 0.8388884663581848, -0.5272917747497559, 0.26469436287879944, 0.3778609037399292, 0.5732046961784363, 1.0283992290496826, -0.43464818596839905, -0.9667565822601318, 1.1511845588684082, -1.1131913661956787, 1.4933005571365356, -0.27513429522514343, -0.8620321154594421, 0.053639329969882965, -1.0897005796432495, -1.1685988903045654, -2.464752674102783, -0.3440363109111786, -1.9613062143325806, -1.873274326324463, 0.2447856068611145, -1.082274317741394, -2.531093120574951, 0.17830148339271545, -0.6338169574737549, 0.6196380853652954, 0.2337128221988678, 1.6349244117736816, -1.0534229278564453, 0.10068219155073166, -0.802371084690094, 0.37946969270706177, -0.7334625124931335, 0.40845754742622375, 0.07544738054275513, -1.5407195091247559, 0.26193109154701233, -1.1703487634658813, -0.7020264267921448, -0.2794327437877655, 0.07321525365114212, -0.13811755180358887, 2.192531108856201, 1.4617137908935547, 0.6492927670478821, 0.8579308986663818, -0.5393763780593872, -0.19242200255393982, -3.8006484508514404, 1.125510573387146, 0.13377521932125092, 0.9091846346855164, 0.8885154724121094, -0.3796612620353699, -0.6224526762962341, -1.129931926727295, -0.3677419424057007, -0.9086365103721619, 0.09206011146306992, -1.1067829132080078, -0.2756970226764679, -1.2020267248153687, 0.6309163570404053, -0.9595559239387512, 1.883583426475525, 0.9717710018157959, 1.1098294258117676, 0.510460615158081, -1.3504806756973267, -0.6306775212287903, 0.10946334153413773, 1.073029637336731, -0.43616604804992676, -0.9114653468132019, 0.34250909090042114, 0.09235019981861115, -0.1334153413772583, 0.12671446800231934, -0.5385614633560181, 0.12528985738754272, -0.30703744292259216, 1.56868577003479, 0.16142423450946808, 1.6555737257003784, -1.0605372190475464, 0.7645508050918579, -1.0825791358947754, -0.4180014729499817, 0.8681976199150085, -0.8631801605224609, -1.0433132648468018, 1.0457316637039185, -0.7985340356826782, -0.30934080481529236, -0.9142990112304688, -0.1742553412914276, 1.7506314516067505, -1.0427268743515015, -1.0278782844543457, -0.290416955947876, 0.3458663523197174, 1.0470631122589111, 0.829581618309021, 1.3876914978027344, 1.8264894485473633]",yunet,Facenet,1920,1080,/home/amos/media/tv/modern_family/Modern.Family.S09.1080p.DSNP.WEB-DL.DDP5.1.H.264-CRFW/Modern.Family.S09E17.Royal.Visit.1080p.DSNP.WEB-DL.DDP5.1.H.264-CRFW.mkv,Modern Family,2009,1442437,9,17,,,
480,1158,186,1326,402,1254,264,1194,264,0.917,14448,0,"[-0.9018055200576782, -0.4191126525402069, -0.5442900061607361, 0.8902767896652222, -0.7508540153503418, -1.3425039052963257, 0.0969391018152237, -0.4198167026042938, 1.5260741710662842, 0.9565383791923523, 0.6161105632781982, 0.9293160438537598, -0.4369354844093323, -1.7702168226242065, 0.7718231678009033, -1.7936686277389526, -0.21538925170898438, 1.0567398071289062, -0.19748300313949585, 0.5209901332855225, 0.9475314617156982, -1.6434978246688843, 1.5705550909042358, 0.37095916271209717, 0.16248489916324615, 0.11597353965044022, -0.4580293595790863, 0.31013524532318115, 0.6896193623542786, -0.746453046798706, -2.008554220199585, 0.5903570055961609, -2.9325027465820312, 1.082261085510254, 1.2337965965270996, -2.999598264694214, 0.3898610472679138, -1.019355297088623, -0.5131164789199829, -2.939878463745117, -1.0952228307724, -0.9550772309303284, -0.5010116100311279, 0.2859251797199249, -0.7588662505149841, -1.54631507396698, 1.1584073305130005, -1.3789111375808716, 0.22484059631824493, 0.4387418329715729, 2.6636569499969482, -0.4509965777397156, -0.9180010557174683, -1.9984999895095825, -0.06326530873775482, -1.0942857265472412, 0.5031936764717102, 1.1925524473190308, -0.7182815074920654, -0.7623743414878845, -0.0065154507756233215, -0.5652227997779846, 0.3854534924030304, -1.798399806022644, 0.09530004113912582, 1.3277803659439087, -0.33345258235931396, 1.1455059051513672, -0.31944093108177185, -1.1195483207702637, 0.08351554721593857, -2.7302379608154297, 0.774760365486145, -0.19228844344615936, -0.23500731587409973, 0.38012391328811646, 0.9314342737197876, -0.38986387848854065, -1.5381979942321777, -2.3947720527648926, -0.5944823622703552, 0.5545588731765747, -0.9298197031021118, -0.5977780222892761, -2.526843786239624, -0.42193901538848877, 0.036405179649591446, -0.5462319254875183, -0.5864940881729126, 0.24077779054641724, -0.1960562765598297, -2.0151610374450684, -0.9007822275161743, 0.10485941916704178, 0.391180157661438, -0.7222175598144531, 1.1655727624893188, 1.042098045349121, 0.23183193802833557, -0.2886068522930145, -0.17474578320980072, 0.024864405393600464, 1.4334001541137695, -0.033795058727264404, 0.08110494166612625, 1.1477470397949219, 1.5059257745742798, -0.7385696172714233, 0.4358755946159363, 0.2807464301586151, 0.004664970561861992, 0.8923502564430237, 0.8736337423324585, -2.1972079277038574, 1.568381905555725, 0.18604812026023865, -0.566126823425293, -0.849693775177002, -0.14808064699172974, 1.1124820709228516, -1.6243141889572144, -0.22874675691127777, -0.2528340816497803, 1.6005507707595825, 0.1713518500328064, 0.7047849297523499, -0.40756499767303467, 0.2165091186761856]",yunet,Facenet,1920,1080,/home/amos/media/tv/modern_family/Modern.Family.S09.1080p.DSNP.WEB-DL.DDP5.1.H.264-CRFW/Modern.Family.S09E17.Royal.Visit.1080p.DSNP.WEB-DL.DDP5.1.H.264-CRFW.mkv,Modern Family,2009,1442437,9,17,,,
481,600,168,804,456,696,276,642,270,0.913,14472,0,"[-0.47111812233924866, -0.21031787991523743, -1.10288405418396, 0.7545146942138672, 3.287276029586792, -1.399990439414978, 1.8192474842071533, 0.2184692919254303, 1.2004517316818237, -0.397960901260376, -0.9562786817550659, -0.7745828032493591, 1.0278537273406982, 0.9815388917922974, 1.4230879545211792, -0.3671911358833313, -1.0733472108840942, -1.156577706336975, -0.8066560626029968, 0.054339658468961716, -2.5404365062713623, 2.087378978729248, -1.8445513248443604, 1.4917649030685425, 0.9460313320159912, 1.8550760746002197, 1.0932254791259766, -0.6651084423065186, 0.393047034740448, -1.0886646509170532, 0.8042629957199097, -0.0953410416841507, -2.0601534843444824, 0.8031575679779053, -0.7874739766120911, -0.4822925925254822, 1.278339147567749, -2.457735300064087, 0.7362698316574097, -1.374106764793396, 0.21267953515052795, -0.31436869502067566, -0.1046527624130249, 0.024861425161361694, 0.07104984670877457, -1.0595698356628418, -0.7896715998649597, -0.46832799911499023, -0.4818270206451416, 1.5594605207443237, -0.4054659605026245, 1.9444125890731812, -2.771139621734619, 0.22340871393680573, -1.4720261096954346, -2.2097582817077637, 1.079506754875183, -0.9503769874572754, -0.5935173034667969, 0.03626873344182968, -0.12465544790029526, -1.4161514043807983, 1.28218412399292, 0.5598194599151611, -0.977800190448761, 1.3122905492782593, -0.9665507078170776, -0.24114468693733215, -0.5205981731414795, -1.3859529495239258, 0.5701550245285034, -1.7942798137664795, 0.5704314112663269, 0.0492728054523468, 0.8591135740280151, -0.5959986448287964, 0.34162744879722595, 0.4315975308418274, -0.22677871584892273, 1.007440447807312, -2.2531936168670654, 2.669430732727051, -0.580119252204895, 0.1194109320640564, -0.9629226922988892, 0.22450295090675354, -0.1961599737405777, 0.3089393973350525, 0.6088516712188721, 0.4998680055141449, -0.2724425792694092, -0.6555759906768799, 0.021005060523748398, -1.0812698602676392, 0.6161758303642273, 0.32257694005966187, -0.9570456743240356, 0.9507733583450317, -0.548287034034729, 0.030534615740180016, -0.347741961479187, 0.6039453148841858, -0.11776134371757507, -0.8264206051826477, 0.10991884022951126, 0.7487198710441589, 0.020774967968463898, -0.20483741164207458, -0.37892213463783264, -0.649014413356781, -0.22665078938007355, 0.1600901186466217, 2.564554452896118, -1.8082726001739502, 2.3762624263763428, 0.5449661016464233, -0.09744607657194138, -0.19974395632743835, -0.09255536645650864, 0.9034870862960815, -0.44361644983291626, 0.31504321098327637, 0.9686775803565979, -0.3773472309112549, -0.729019045829773, 0.08496502786874771, 0.19301679730415344, 0.2902863323688507]",yunet,Facenet,1920,1080,/home/amos/media/tv/modern_family/Modern.Family.S09.1080p.DSNP.WEB-DL.DDP5.1.H.264-CRFW/Modern.Family.S09E17.Royal.Visit.1080p.DSNP.WEB-DL.DDP5.1.H.264-CRFW.mkv,Modern Family,2009,1442437,9,17,Eric Stonestreet,156962.0,0.527
482,684,168,912,480,852,288,744,288,0.92,14496,0,"[0.9978495836257935, 0.8232121467590332, -0.9444435238838196, 0.8045810461044312, 2.711228370666504, -0.933720588684082, 1.8460170030593872, -0.8217373490333557, 0.8240585923194885, 0.24488386511802673, -0.5069301128387451, -0.16653409600257874, 0.0934576541185379, 1.0308961868286133, 1.4005343914031982, 0.40687620639801025, -0.7687902450561523, -1.6941395998001099, -0.7768475413322449, -0.09600900858640671, -2.1326115131378174, 1.5800038576126099, -1.363173484802246, 2.2751073837280273, 1.1354953050613403, 1.2113707065582275, 1.4743016958236694, -0.31375789642333984, 0.6220414638519287, -1.2684853076934814, 0.4989795982837677, 0.46821507811546326, -2.4870948791503906, 1.3016408681869507, -0.9282719492912292, -0.8070418238639832, 0.8835489153862, -2.221637487411499, 0.9262006878852844, -0.9069815874099731, -0.1682310402393341, -0.07432828843593597, 0.08938304334878922, -0.47680386900901794, -0.18660980463027954, -0.6702753901481628, -1.282670259475708, -0.5847684144973755, -0.03963318467140198, 2.2526681423187256, -0.0688972920179367, 0.15072757005691528, -0.9510951042175293, 0.5261152982711792, -0.6842387914657593, -1.8347963094711304, 1.2604838609695435, -1.4166923761367798, -0.41442516446113586, 0.030186764895915985, -1.2742496728897095, -0.8131400942802429, 1.882154107093811, 0.30560341477394104, -1.3567615747451782, 1.106611967086792, -0.6572823524475098, -0.7045395970344543, -0.4542156159877777, -0.9277852773666382, -0.005058986134827137, -1.245903491973877, 0.9263444542884827, 0.43396759033203125, 0.10845063626766205, -0.7712175250053406, 0.00669889897108078, 0.6386262774467468, 0.30490535497665405, 0.47467899322509766, -1.7807012796401978, 2.0789809226989746, -0.6077810525894165, -0.7628580331802368, -0.7557011246681213, 0.6364759206771851, 0.028114372864365578, 0.5919724702835083, 1.6042400598526, 0.5872695446014404, 0.4782995283603668, -0.15086989104747772, 0.4598739445209503, -0.785477876663208, 2.029604434967041, -0.045868419110774994, -0.5597053170204163, 0.33010372519493103, -0.5324272513389587, 0.05366332828998566, -0.4195023775100708, 0.30372416973114014, -0.24274182319641113, -0.7933403849601746, 0.8963156342506409, -0.2820327877998352, -0.23739445209503174, 0.6766725778579712, -0.8468119502067566, -0.8989826440811157, 0.4156857132911682, 0.10967454314231873, 1.8605380058288574, -1.152778148651123, 1.2492130994796753, 0.43862202763557434, -0.19765450060367584, 0.622705340385437, 0.27142462134361267, 0.6168156862258911, -1.0263968706130981, -0.33502304553985596, 1.6286417245864868, -1.0299612283706665, -0.3251860737800598, 0.4524400532245636, 0.541718602180481, -0.5452557802200317]",yunet,Facenet,1920,1080,/home/amos/media/tv/modern_family/Modern.Family.S09.1080p.DSNP.WEB-DL.DDP5.1.H.264-CRFW/Modern.Family.S09E17.Royal.Visit.1080p.DSNP.WEB-DL.DDP5.1.H.264-CRFW.mkv,Modern Family,2009,1442437,9,17,Eric Stonestreet,156962.0,0.657
483,408,174,618,450,564,270,474,276,0.922,14520,0,"[0.54449462890625, 0.39385363459587097, -0.4319585859775543, 0.48576387763023376, 3.189990520477295, -1.2856040000915527, 1.640199065208435, -0.9419137835502625, 1.0903570652008057, 0.26023930311203003, -0.6532334089279175, -0.17766909301280975, 0.19335179030895233, 0.758690595626831, 0.8952858448028564, 0.034622207283973694, -0.342782586812973, -1.3613845109939575, -0.6783409714698792, -0.903627872467041, -2.071462392807007, 1.3302124738693237, -1.539884328842163, 1.9819921255111694, 0.7928246259689331, 1.1057902574539185, 1.985026240348816, -0.14482234418392181, 0.6221853494644165, -0.7595940828323364, -0.016484692692756653, 0.657174289226532, -1.9286051988601685, 0.3469283878803253, -0.7218834161758423, -0.3944208025932312, 0.5740268230438232, -2.0275416374206543, 0.42664438486099243, -0.8167738914489746, -0.01664738543331623, -0.8022990822792053, -0.4339214265346527, 0.14720918238162994, -0.1769677847623825, -0.8379176259040833, -1.5413705110549927, -0.8415582180023193, 0.21623636782169342, 1.476552963256836, -0.014913514256477356, 0.027448929846286774, -0.9675439596176147, 0.20403991639614105, -0.49194976687431335, -1.7400552034378052, 1.0324902534484863, -1.8861595392227173, -0.46338459849357605, -0.396419495344162, -1.890928864479065, -1.0896860361099243, 1.7778968811035156, 0.018205469474196434, -1.3606003522872925, 1.7653565406799316, -0.5141707062721252, -0.5322536826133728, 0.046132251620292664, -0.7065607309341431, -0.24044029414653778, -1.043757677078247, 1.026029348373413, 0.17346607148647308, -0.04537500813603401, -0.7421126961708069, -0.0457959920167923, 0.6221405863761902, 0.33283039927482605, 0.2804625630378723, -1.7216295003890991, 2.1445271968841553, -0.8844476938247681, -0.5889595150947571, -0.6195580959320068, 0.850225567817688, -0.16201981902122498, 0.2050258368253708, 1.4051884412765503, 1.4348591566085815, 0.9913539290428162, 0.43994811177253723, 0.29128777980804443, -0.9801991581916809, 1.2341877222061157, 0.48552677035331726, -0.14470408856868744, 0.33226361870765686, -0.5622466206550598, -0.06190377473831177, -0.8194262385368347, 0.44047656655311584, 0.41783612966537476, -1.2880886793136597, 0.8359574675559998, 0.03684539347887039, -0.32767802476882935, 0.6078917980194092, -0.42324140667915344, -0.8242954015731812, 0.1343206912279129, 0.19482704997062683, 1.3779298067092896, -0.8884704113006592, 1.5786329507827759, 0.5637129545211792, 0.04192223399877548, 0.5686051845550537, 0.5308908224105835, 0.5059804916381836, -1.0562405586242676, -0.27460139989852905, 1.4136464595794678, -1.0294636487960815, -0.11946099996566772, 0.6574377417564392, 0.6646750569343567, -0.6811447143554688]",yunet,Facenet,1920,1080,/home/amos/media/tv/modern_family/Modern.Family.S09.1080p.DSNP.WEB-DL.DDP5.1.H.264-CRFW/Modern.Family.S09E17.Royal.Visit.1080p.DSNP.WEB-DL.DDP5.1.H.264-CRFW.mkv,Modern Family,2009,1442437,9,17,Eric Stonestreet,156962.0,0.682
484,1182,246,1404,510,1272,360,1218,360,0.901,14520,1,"[-0.5406339168548584, 0.20650464296340942, -0.7029187083244324, -1.0787853002548218, 0.9307319521903992, -0.09031551331281662, -0.5806079506874084, 1.2399699687957764, -0.18962407112121582, 0.16132143139839172, 1.1091653108596802, 0.16814957559108734, -0.6047927141189575, -0.5282096266746521, 0.5037446618080139, -1.7591354846954346, -1.0759954452514648, -0.45780473947525024, 0.5319733619689941, 0.5980292558670044, 0.22562268376350403, -0.5000030398368835, 0.2738414406776428, 0.09791138768196106, -0.4916149377822876, -0.7341130375862122, -0.9585862159729004, -0.28957462310791016, -0.9562350511550903, -0.45833632349967957, -0.5961810350418091, -0.05457578971982002, -1.2729495763778687, 0.5705381035804749, -0.7293893098831177, -0.14845041930675507, 1.2746042013168335, -0.4929872155189514, 0.13867682218551636, -2.024059295654297, -0.23960307240486145, -1.4560920000076294, -1.7248854637145996, -0.06497261673212051, -1.4873589277267456, -1.6920195817947388, 0.16694650053977966, 0.14879153668880463, -0.27063992619514465, -0.5841734409332275, 0.670249342918396, 1.3346245288848877, -0.477884441614151, -1.0531665086746216, -0.9602035284042358, -0.41558972001075745, -1.0126538276672363, -0.35798266530036926, -0.3979048430919647, -0.8601652979850769, -0.4818011522293091, -0.3920708894729614, -0.3047758638858795, -0.9638456106185913, -0.007539272308349609, -0.1006164699792862, -0.5168309211730957, 0.21326635777950287, -1.1272504329681396, 0.34171178936958313, 0.9757063388824463, -1.931724190711975, 0.39326024055480957, 0.11731792986392975, 0.06924954056739807, 0.8083640336990356, 0.571745753288269, 0.7572080492973328, -1.5096865892410278, -0.20407770574092865, -0.5077352523803711, -0.04784347116947174, -1.8335392475128174, 0.7801560759544373, 0.0811549499630928, 0.5712116956710815, -0.3862006664276123, -0.35323452949523926, 0.19499051570892334, 0.12750104069709778, 0.3892822861671448, -1.5189727544784546, -0.6616711020469666, -0.31054478883743286, -0.022571921348571777, 0.038430456072092056, 1.0043590068817139, -0.26219263672828674, 0.3279585540294647, -0.18496684730052948, -0.6593319177627563, -0.012815304100513458, 0.8493907451629639, -1.1683413982391357, -0.523775577545166, 0.677445650100708, 1.9946329593658447, -1.2697288990020752, 1.3665351867675781, 0.9768907427787781, -1.1398528814315796, 0.10111929476261139, 0.4912154972553253, -1.7299034595489502, 1.813722014427185, 0.12999935448169708, -0.8347872495651245, -0.7414659261703491, -0.7319017052650452, 1.2556540966033936, -1.790283203125, 0.033349137753248215, -0.5771292448043823, 1.623670220375061, 0.3576495051383972, 0.09888828545808792, 0.005157424136996269, 1.3875036239624023]",yunet,Facenet,1920,1080,/home/amos/media/tv/modern_family/Modern.Family.S09.1080p.DSNP.WEB-DL.DDP5.1.H.264-CRFW/Modern.Family.S09E17.Royal.Visit.1080p.DSNP.WEB-DL.DDP5.1.H.264-CRFW.mkv,Modern Family,2009,1442437,9,17,,,
485,756,138,984,438,960,246,882,246,0.901,14544,0,"[1.5660319328308105, -0.42711079120635986, -0.8662586808204651, 1.0370310544967651, 2.3665904998779297, -0.5339688062667847, 2.526005983352661, -0.4812898635864258, 0.3650917410850525, 1.1229248046875, -1.4352537393569946, -1.0028630495071411, -1.1822534799575806, 0.9642937183380127, 0.6495978832244873, 0.11027729511260986, -1.0428029298782349, -1.9743168354034424, -0.2545633614063263, -0.4611995220184326, -0.9836771488189697, 1.5436608791351318, -0.30895790457725525, 1.3646390438079834, 1.2233961820602417, 0.9835734963417053, 1.6147288084030151, -0.6505364775657654, 1.1358062028884888, -0.6537895202636719, 1.1907259225845337, 0.4491545855998993, -1.3124778270721436, 1.7104008197784424, -0.41273555159568787, -0.6994695663452148, -0.028722086921334267, -2.3571255207061768, 0.2685447335243225, -1.3122280836105347, -1.3245396614074707, 0.19292423129081726, -1.0171979665756226, -1.9602842330932617, 0.4512564241886139, -0.7010942697525024, -1.3871097564697266, 0.6126323938369751, -0.9436718821525574, 1.6055183410644531, -0.3554549813270569, -0.6141291260719299, -1.5075918436050415, 0.6651240587234497, -0.8363777995109558, -1.5222488641738892, 1.5974100828170776, -0.8046600818634033, -0.43856388330459595, -0.35699182748794556, -1.5141810178756714, -0.5790600776672363, 1.2728371620178223, 0.4676683247089386, -1.3252125978469849, 0.9700233340263367, -0.2006332278251648, 0.8709874153137207, -0.42172741889953613, -0.16717614233493805, 0.3866353929042816, -1.7734804153442383, 0.8965504765510559, 0.8939114212989807, 0.7315536737442017, 0.14714747667312622, 0.4888969957828522, 0.5473830103874207, 0.22717037796974182, 0.8773686289787292, -2.1921138763427734, 2.522547721862793, -0.5247007608413696, -2.156181573867798, -0.1664961576461792, 0.029143348336219788, 0.41604116559028625, 0.6415707468986511, 2.0471863746643066, 1.2732415199279785, -0.11896996945142746, 0.8006786108016968, 0.321058988571167, 0.02179238200187683, 1.5729539394378662, -0.5883430242538452, -1.5244441032409668, 1.144062876701355, 0.456709623336792, 0.9720464944839478, -0.45538222789764404, -0.10959681868553162, -0.3236682116985321, -0.978272557258606, 1.5737847089767456, -0.3218385577201843, 0.23383837938308716, 1.1458643674850464, -0.3366122543811798, -1.4438759088516235, -0.1335255205631256, -0.35011810064315796, 0.4195188879966736, -1.423201560974121, 1.559064269065857, 1.2655843496322632, 0.4805813729763031, 0.6699166297912598, 0.13431333005428314, 0.5301216244697571, 0.33550065755844116, 0.6109229326248169, 0.02817334420979023, -0.35377582907676697, 0.8009609580039978, 0.21814188361167908, -0.6604338884353638, -0.32157793641090393]",yunet,Facenet,1920,1080,/home/amos/media/tv/modern_family/Modern.Family.S09.1080p.DSNP.WEB-DL.DDP5.1.H.264-CRFW/Modern.Family.S09E17.Royal.Visit.1080p.DSNP.WEB-DL.DDP5.1.H.264-CRFW.mkv,Modern Family,2009,1442437,9,17,Eric Stonestreet,156962.0,0.539
486,810,168,1020,462,990,276,936,282,0.913,14568,0,"[2.3280863761901855, 0.6592289209365845, -1.1047626733779907, 0.013859115540981293, 1.3539113998413086, -0.6823438405990601, 1.5353410243988037, -0.4020107686519623, -0.5564263463020325, 0.9025036692619324, -0.04997562617063522, -0.43356436491012573, -0.09301809966564178, 0.20938870310783386, 0.020234428346157074, 1.0288618803024292, -1.0247156620025635, -2.6046981811523438, 0.28137439489364624, 0.49187496304512024, -1.3186691999435425, 2.078397512435913, -0.1977505385875702, 1.2417268753051758, 1.6810921430587769, 1.3158429861068726, 1.8592917919158936, 0.9482535123825073, 0.42388856410980225, -0.25558510422706604, 0.1974080204963684, 1.319777250289917, -1.650803565979004, 2.198864698410034, -1.252397894859314, -0.8328415155410767, 1.4283090829849243, -2.3532989025115967, 0.7940855026245117, -1.1729602813720703, -1.2163749933242798, 0.050911612808704376, -1.142067313194275, -1.0386207103729248, -0.10654402524232864, -1.2653504610061646, -1.0388963222503662, -0.05733014643192291, -0.5038865804672241, 1.6244767904281616, -0.23703958094120026, 0.051115185022354126, -0.9356734752655029, 0.8659824132919312, -0.9639796614646912, -1.2629953622817993, 1.762791633605957, -0.34610459208488464, -1.100420355796814, 0.4141284227371216, -1.2127504348754883, -0.435207724571228, 1.2730207443237305, 0.582417905330658, -0.7446410655975342, 0.3788869380950928, 0.10185367614030838, -0.14025180041790009, -0.9880445003509521, -0.3314268887042999, 0.7742317914962769, -1.135811448097229, 0.4387161135673523, 1.572103500366211, 1.1962816715240479, 0.40274548530578613, 0.0016333386301994324, 1.1687649488449097, 1.5325506925582886, 0.35598355531692505, -1.2890888452529907, 2.6502954959869385, 0.19749251008033752, -1.5117294788360596, 0.1255507916212082, 0.43007692694664, -0.3513489365577698, 0.5714024305343628, 2.017521858215332, 0.17031893134117126, -0.3527616858482361, -0.3748609721660614, 0.13962870836257935, -0.7184333801269531, 3.0644078254699707, -0.05137762054800987, -1.7252655029296875, -0.04659628868103027, -0.2748543918132782, -0.6343826055526733, 0.3830041289329529, -0.2695942223072052, -1.011090874671936, -1.62213933467865, 0.0012611597776412964, 0.19041067361831665, 0.5525484681129456, 0.6964094638824463, -0.20644737780094147, -1.5224123001098633, -0.6328479647636414, 0.08840827643871307, 1.1235029697418213, -1.3133983612060547, 1.964021921157837, 1.1366567611694336, -0.16765150427818298, 0.042990073561668396, 0.21150147914886475, 1.114227533340454, 0.7494298219680786, -0.09527117758989334, 0.8718129396438599, -0.6319228410720825, 1.2184897661209106, 0.1045624390244484, 0.6255254149436951, -0.36250191926956177]",yunet,Facenet,1920,1080,/home/amos/media/tv/modern_family/Modern.Family.S09.1080p.DSNP.WEB-DL.DDP5.1.H.264-CRFW/Modern.Family.S09E17.Royal.Visit.1080p.DSNP.WEB-DL.DDP5.1.H.264-CRFW.mkv,Modern Family,2009,1442437,9,17,Eric Stonestreet,156962.0,0.562
487,612,318,714,450,678,366,630,366,0.914,14688,0,"[-0.08663786947727203, -0.40404120087623596, 0.21771469712257385, 1.767728567123413, 0.6742280721664429, 1.5260236263275146, 1.0039656162261963, -1.7989968061447144, -0.7650335431098938, 2.881525993347168, -0.3851031959056854, 0.30838826298713684, -0.1552160680294037, 0.8898733854293823, -0.07465705275535583, 2.2905397415161133, -0.139104425907135, -1.1215040683746338, -1.2067214250564575, 0.648513913154602, -0.8765460252761841, -0.18250970542430878, 1.2032328844070435, 0.874561607837677, 0.6155489087104797, 0.5452529191970825, 2.495810031890869, -0.4202711284160614, 2.8877127170562744, 1.6779375076293945, 0.26566919684410095, -1.5037444829940796, 0.06777342408895493, -0.18648937344551086, 0.8431980013847351, 0.2349695861339569, -1.7828369140625, 1.3627145290374756, 0.1876254379749298, 0.8113530874252319, 0.20769932866096497, -1.3046152591705322, -0.2794698476791382, 2.1451778411865234, 0.8248001337051392, -1.830044150352478, -0.9808636903762817, 0.5785259008407593, 0.32329708337783813, -1.264212965965271, -0.5909340977668762, 0.47307729721069336, 0.6857733130455017, 1.4658901691436768, -1.0786596536636353, 0.8422839045524597, 1.2781598567962646, 0.5345134735107422, 0.9027091264724731, -0.28168895840644836, -2.0350632667541504, 1.0524466037750244, -0.7996580004692078, -0.40710002183914185, -0.8002887964248657, 1.1452504396438599, -0.08473556488752365, 0.669822633266449, -0.15829302370548248, 0.6175345182418823, -1.3524519205093384, 0.11630339920520782, 0.9566605091094971, 1.3227739334106445, 0.23295840620994568, 0.06914787739515305, 0.427377849817276, -0.4164367914199829, -0.012567706406116486, 0.13327530026435852, -0.3286910355091095, -0.3763761818408966, 0.17954406142234802, 0.44165778160095215, 0.6900646686553955, -0.2585262954235077, 0.6902429461479187, 0.2656063437461853, 0.04705491662025452, -0.503748893737793, -0.35645997524261475, 0.7332789897918701, 1.2417218685150146, -1.1545214653015137, 0.022495485842227936, 0.3744376003742218, -0.06548454612493515, -1.8117153644561768, -0.6706963181495667, -0.8103434443473816, -1.932299256324768, 0.572037398815155, -2.1433167457580566, 1.1465388536453247, 1.362034797668457, 0.015571143478155136, 0.5440879464149475, -0.901889443397522, 1.5730022192001343, -0.06262540817260742, 1.5952426195144653, 1.411812663078308, 0.13621816039085388, -0.38907286524772644, -0.21937382221221924, 0.7586504220962524, -0.08487720787525177, 1.1384093761444092, 0.23142868280410767, -1.011181116104126, 2.836911201477051, -0.5232839584350586, 1.0035815238952637, -1.2435405254364014, 0.7833644151687622, 0.23127761483192444, 2.3833465576171875, 0.35900500416755676]",yunet,Facenet,1920,1080,/home/amos/media/tv/modern_family/Modern.Family.S09.1080p.DSNP.WEB-DL.DDP5.1.H.264-CRFW/Modern.Family.S09E17.Royal.Visit.1080p.DSNP.WEB-DL.DDP5.1.H.264-CRFW.mkv,Modern Family,2009,1442437,9,17,Ariel Winter,42160.0,0.64
488,1380,180,1482,324,1446,234,1398,240,0.909,14688,1,"[-2.476792573928833, 1.2716923952102661, -1.4653226137161255, -0.6821976900100708, 0.5927919745445251, -0.4188278317451477, -0.20995338261127472, -0.7459427714347839, -0.6293674111366272, -0.7390953898429871, 0.5169807076454163, 0.27575623989105225, -1.0114275217056274, -0.2847198247909546, 2.4423229694366455, -0.5054876804351807, -1.523533582687378, -0.11945497989654541, -1.8240381479263306, -1.1536004543304443, -1.4232351779937744, 0.37091076374053955, -0.09538136422634125, -0.4184400141239166, -0.4152611494064331, 0.40750715136528015, 2.026552677154541, 0.48539215326309204, -1.4157493114471436, -0.03299377113580704, 0.08278708159923553, 0.7071963548660278, 1.8465948104858398, -0.31238001585006714, -0.015215892344713211, 1.7687466144561768, 0.7158421874046326, -1.3247274160385132, 0.6662967205047607, -1.5604069232940674, 0.8102241158485413, 0.06758042424917221, -3.768245220184326, -1.6290510892868042, 0.2897680103778839, -1.6340060234069824, 0.4746900498867035, -0.37859177589416504, -0.2428780496120453, 0.69554603099823, -0.5261431336402893, 0.07047434151172638, 1.1777251958847046, 0.7241464853286743, 0.5995994210243225, 1.4101133346557617, 0.5101906061172485, 0.18343953788280487, -0.7948739528656006, -1.8556456565856934, 0.40136101841926575, -1.4271646738052368, -0.655025064945221, 1.1536897420883179, 2.1760618686676025, -0.19793884456157684, 0.478241503238678, 0.6783300042152405, -0.1877063512802124, 0.37282270193099976, -0.3393184244632721, 1.564089298248291, -0.00877392664551735, 0.19227953255176544, -0.8920493721961975, -1.0189191102981567, -0.42480334639549255, -0.02651788666844368, -0.41220685839653015, 0.3759816288948059, -2.6559174060821533, 0.9514174461364746, 0.4076780676841736, 2.4349942207336426, 1.0608174800872803, 1.4582781791687012, 2.012176513671875, 0.9409664869308472, -0.3416723608970642, -0.15329204499721527, -0.3571612238883972, -0.22469812631607056, 0.25831571221351624, -0.0048246607184410095, 0.38488829135894775, -0.017977381125092506, -0.2099015861749649, -0.03540295362472534, 0.5739514827728271, 0.024434613063931465, -1.7417004108428955, 1.110719919204712, -0.6790133118629456, 0.007163951173424721, 1.8029835224151611, -0.029595449566841125, -0.9004790782928467, 0.8875048160552979, 2.306058883666992, 0.7332018613815308, -2.009066104888916, -0.3167492151260376, -0.12289580702781677, 1.6387882232666016, 0.029041532427072525, 2.499145746231079, 0.07864156365394592, -0.10375748574733734, 0.876602828502655, 1.158138394355774, -0.56236732006073, 1.089677333831787, 0.9540347456932068, -0.7343441247940063, 0.4480476379394531, -0.2800731062889099, 0.3160179853439331, 1.0017589330673218]",yunet,Facenet,1920,1080,/home/amos/media/tv/modern_family/Modern.Family.S09.1080p.DSNP.WEB-DL.DDP5.1.H.264-CRFW/Modern.Family.S09E17.Royal.Visit.1080p.DSNP.WEB-DL.DDP5.1.H.264-CRFW.mkv,Modern Family,2009,1442437,9,17,Nolan Gould,147710.0,0.727
489,492,300,624,474,600,378,540,378,0.921,14712,0,"[-1.0755842924118042, -0.18825702369213104, 1.4989135265350342, 0.6019299030303955, 0.6459344625473022, 0.1371227204799652, 1.676683783531189, -1.6924396753311157, -0.26726409792900085, 2.1127593517303467, 0.030912794172763824, -0.08835617452859879, -0.01666206493973732, 1.1933461427688599, -0.39649927616119385, 1.124426245689392, 0.6453328132629395, -1.9245381355285645, -1.5535850524902344, 0.23423561453819275, 0.2582211494445801, -0.9447765350341797, -0.21743282675743103, 1.8456591367721558, -0.6252197027206421, 1.0143463611602783, 2.2025134563446045, 0.031107958406209946, 2.6585915088653564, 1.4296284914016724, 0.6694992780685425, -0.8246586322784424, -0.1329115927219391, -0.7304952144622803, 1.7698537111282349, 0.262877881526947, -2.796393632888794, 0.3017437756061554, 1.2818410396575928, 1.4219741821289062, -0.36628925800323486, -0.8783679604530334, -0.16759034991264343, 1.3947547674179077, 0.3068501949310303, -1.2101832628250122, -1.094439148902893, 0.38149017095565796, -1.3029462099075317, -1.721825361251831, 0.17745640873908997, 1.0417450666427612, 0.09208855777978897, 1.0162537097930908, -0.9940581321716309, 0.6814140677452087, 2.0308139324188232, 0.20373696088790894, -0.7007137537002563, -0.1502929925918579, -1.393073320388794, 0.5982052683830261, -0.15224674344062805, -0.6344378590583801, -1.0290032625198364, 0.6275296211242676, 0.21997055411338806, 1.4299999475479126, 0.22117340564727783, 1.1202516555786133, -0.9453155994415283, 1.0129401683807373, 0.8258230090141296, -0.2680332660675049, 0.027584299445152283, -0.0240958072245121, 1.0605652332305908, -0.8245599269866943, -0.5565066337585449, -0.49449604749679565, -0.11104756593704224, -0.06215360760688782, 0.42520028352737427, -1.4340227842330933, -0.8346774578094482, 0.7939951419830322, 0.5413009524345398, -0.4974861741065979, 0.13860997557640076, -1.0117768049240112, -0.025796346366405487, 0.9153729677200317, 1.2927465438842773, -0.12105187028646469, 1.2637099027633667, 0.5132730603218079, 0.23568832874298096, -0.9921455383300781, -0.2527962625026703, -0.453828364610672, -0.7918156385421753, 1.9865002632141113, -1.2950247526168823, 0.8149877786636353, 1.0618656873703003, -0.6281264424324036, 0.030559562146663666, -1.1328169107437134, 1.3653960227966309, -0.29255610704421997, 0.7944427728652954, 0.6761120557785034, 0.7303943634033203, -0.5847910046577454, -1.0985890626907349, 1.1365983486175537, 0.429717481136322, 2.016512870788574, 0.07547622174024582, -0.9874066710472107, 0.7589725255966187, 1.38038969039917, 2.0249485969543457, -2.967069387435913, 1.2233539819717407, 0.9986442923545837, 1.5569297075271606, -0.016387253999710083]",yunet,Facenet,1920,1080,/home/amos/media/tv/modern_family/Modern.Family.S09.1080p.DSNP.WEB-DL.DDP5.1.H.264-CRFW/Modern.Family.S09E17.Royal.Visit.1080p.DSNP.WEB-DL.DDP5.1.H.264-CRFW.mkv,Modern Family,2009,1442437,9,17,Ariel Winter,42160.0,0.59
490,804,108,972,324,894,204,840,198,0.927,14760,0,"[-0.8506234884262085, 0.9375154972076416, -2.2307190895080566, 1.37244713306427, 1.778993010520935, -0.947199285030365, -0.5724385976791382, -1.0218003988265991, 0.8409300446510315, 1.3439961671829224, 1.8167918920516968, -2.1385955810546875, 0.28905409574508667, -1.6328511238098145, -0.7175073623657227, 1.925733208656311, -0.16452254354953766, -1.307214617729187, -2.002347230911255, -0.7000770568847656, -0.22708940505981445, 2.7418649196624756, -0.968950629234314, 1.0901410579681396, 0.8768911361694336, 2.0294559001922607, 1.9472562074661255, 1.0374858379364014, 1.3561433553695679, 1.1026418209075928, 0.8122230768203735, 0.7363824844360352, -0.042227741330862045, -1.0552277565002441, 0.8368960618972778, 0.11116050183773041, 0.6445658802986145, -0.3794518709182739, 0.41000980138778687, -0.6596441268920898, -0.4114838242530823, -0.9800572991371155, -0.5202553272247314, -0.6100290417671204, 0.7043914794921875, -0.38778820633888245, 0.41687121987342834, -0.7525880336761475, 1.253580927848816, 1.2187724113464355, -0.36574405431747437, -0.02703176811337471, 0.46917206048965454, 1.6432099342346191, -1.7541800737380981, -0.23527513444423676, 2.417581796646118, -2.101155996322632, -0.7008377909660339, -0.273323118686676, -2.105092763900757, 0.06988953053951263, 0.7533994913101196, 0.49523472785949707, 0.4642868936061859, -0.488519549369812, 0.8662171959877014, -0.9661314487457275, 0.282214492559433, -1.6359736919403076, -0.23175227642059326, -0.6653800010681152, -1.450987696647644, 0.18114565312862396, 0.0981488823890686, -0.7703320980072021, 0.13484928011894226, 0.6310296058654785, 1.2730562686920166, -0.5745413303375244, 0.25952795147895813, 0.28447532653808594, 1.4062851667404175, -0.11216448992490768, -0.02933422476053238, 1.9611889123916626, -1.2999370098114014, 2.6650936603546143, 0.32584235072135925, -0.14323076605796814, 1.1526960134506226, 0.5491733551025391, 1.5875284671783447, 0.17470160126686096, 1.851374626159668, 1.4269545078277588, -0.6829578876495361, -0.3671671152114868, -0.6337031722068787, -1.587786316871643, -0.08263493329286575, -0.1480642855167389, 0.31073498725891113, -1.1718735694885254, 0.438726007938385, 0.6888244152069092, -0.574530839920044, 2.018348455429077, 0.7087656855583191, -0.5824130177497864, -0.1317540407180786, -0.9695952534675598, -0.1558813601732254, 1.6313912868499756, 0.685032069683075, -0.672795295715332, 0.5636100769042969, -0.5032557845115662, 0.31095173954963684, 0.9260187149047852, 0.7594968676567078, -0.9284986257553101, 0.7019937038421631, -0.9937953352928162, 1.0329478979110718, -0.1936129480600357, 1.498246669769287, -0.7510505318641663]",yunet,Facenet,1920,1080,/home/amos/media/tv/modern_family/Modern.Family.S09.1080p.DSNP.WEB-DL.DDP5.1.H.264-CRFW/Modern.Family.S09E17.Royal.Visit.1080p.DSNP.WEB-DL.DDP5.1.H.264-CRFW.mkv,Modern Family,2009,1442437,9,17,Jimmy Tatro,1304335.0,0.808
491,708,90,894,336,792,186,726,186,0.907,14784,0,"[-1.4301162958145142, 1.7055906057357788, -1.9317306280136108, 1.1535170078277588, 0.4935561716556549, -1.1689623594284058, -0.6907110810279846, -0.5795243978500366, 0.881725013256073, 0.3383621573448181, 1.7814913988113403, -1.6707892417907715, 1.0135726928710938, -1.4698424339294434, 0.9487917423248291, 2.2555716037750244, -0.7645982503890991, -0.47985875606536865, -2.8361384868621826, -0.200984388589859, -1.3569949865341187, 2.589303731918335, -1.6144706010818481, 0.11688768118619919, 0.5916489362716675, 2.3448081016540527, 1.7936623096466064, 2.4214110374450684, 0.7982542514801025, 0.9125924110412598, 0.1388748437166214, 0.6447681188583374, 0.05725356191396713, -1.4895708560943604, 1.4996848106384277, 0.6825937628746033, 1.0870263576507568, -1.1133159399032593, 0.7499510645866394, 0.8509649038314819, 0.6581900119781494, 0.08716694265604019, -0.2042849361896515, -1.2180625200271606, 0.9569078683853149, -1.1891748905181885, 0.42602860927581787, -1.4060169458389282, 1.4243534803390503, 1.1561592817306519, 0.42228996753692627, -0.10674640536308289, 0.6708900928497314, 2.3048057556152344, -1.6633332967758179, -0.8116061687469482, 1.8089808225631714, -1.55158531665802, -1.2551639080047607, -0.5183345079421997, -0.06974850594997406, -0.31062257289886475, 0.3584703803062439, 0.09918555617332458, 0.6291296482086182, -0.31423795223236084, 1.072114109992981, -0.2895466387271881, 0.1090007796883583, -1.763087511062622, -0.2947671115398407, 0.5522310733795166, 0.0660802572965622, -1.0082812309265137, 1.0588393211364746, -0.45392969250679016, 0.9449528455734253, 1.649108648300171, 1.4933665990829468, 0.23044465482234955, -0.9850519895553589, 0.7412453889846802, 1.3633778095245361, -0.39220771193504333, -0.612101674079895, 1.578578233718872, -1.055307149887085, 2.1053874492645264, 1.0604878664016724, 0.03931613266468048, 0.5636883974075317, 0.21170082688331604, 1.1364564895629883, 0.39716270565986633, 0.9030165672302246, 1.1804885864257812, -1.340859055519104, -0.1778087317943573, -0.6156893968582153, -1.175784707069397, 1.2899879217147827, 1.6972483396530151, -0.25960591435432434, -1.2776151895523071, 1.13015615940094, 1.140164852142334, -1.3188081979751587, 1.921392798423767, 0.458234965801239, 1.134118914604187, 0.2884082794189453, 0.18506388366222382, -0.29714930057525635, 0.8461412787437439, 0.2977128028869629, 0.5286865234375, -0.1755860298871994, -1.1789920330047607, 0.14507471024990082, 0.16787125170230865, 0.22325748205184937, -0.910930871963501, 1.636109471321106, -1.7297178506851196, 1.0648528337478638, -0.3606735169887543, 1.16748046875, -0.1603812426328659]",yunet,Facenet,1920,1080,/home/amos/media/tv/modern_family/Modern.Family.S09.1080p.DSNP.WEB-DL.DDP5.1.H.264-CRFW/Modern.Family.S09E17.Royal.Visit.1080p.DSNP.WEB-DL.DDP5.1.H.264-CRFW.mkv,Modern Family,2009,1442437,9,17,Jimmy Tatro,1304335.0,0.791
492,816,72,1008,306,948,168,864,168,0.946,14808,0,"[-1.254408359527588, 1.7587699890136719, -2.051356554031372, 0.7407041192054749, 0.8716425895690918, -0.9742474555969238, 0.06952968239784241, -1.2938919067382812, 1.07014000415802, 0.6068919897079468, 1.9646507501602173, -1.013776183128357, 0.6480948328971863, -1.8944387435913086, 1.4457945823669434, 1.9752273559570312, -0.759076714515686, -0.02263297140598297, -2.388715982437134, 0.19888687133789062, 0.40262237191200256, 1.3287640810012817, 0.036562949419021606, 0.33583712577819824, 0.94603431224823, 2.201566696166992, 2.0156524181365967, 0.8169330954551697, 0.6182206869125366, -0.0540856197476387, 1.2604409456253052, 0.6319360733032227, 1.1177799701690674, -1.4386152029037476, 0.3081088364124298, -0.21791571378707886, 0.8507153391838074, -0.7780717015266418, 1.5293312072753906, -0.5574074983596802, -0.7110028266906738, -0.37354037165641785, -0.9040532112121582, -2.354362726211548, 0.36537668108940125, 0.520427942276001, -0.5312628149986267, -1.5364034175872803, 0.997176468372345, 1.3122936487197876, 0.04947378486394882, -0.5470650792121887, 0.2964532673358917, 2.3320810794830322, 0.6701500415802002, -0.7853612899780273, 1.3890868425369263, -1.136062741279602, 0.6970261335372925, -0.6244950890541077, -0.18906131386756897, -0.23363453149795532, 0.8772899508476257, -0.38164961338043213, 1.6206789016723633, -1.2693822383880615, 0.37036243081092834, -0.29532989859580994, -0.7807998657226562, -0.819287896156311, -1.770763635635376, 0.7016335725784302, -0.904872477054596, -0.758615255355835, -0.33765849471092224, -0.5732331871986389, -0.5973930358886719, 0.2343026101589203, 1.1082422733306885, -0.46808403730392456, -0.7783491611480713, 1.1245360374450684, 0.9782872200012207, -0.3433530926704407, -0.4398789703845978, 2.2228620052337646, -1.8650329113006592, 2.545517921447754, -0.3767264783382416, -0.7496480345726013, 1.631834626197815, 0.40539783239364624, 1.3703339099884033, -0.33247628808021545, 0.6781740188598633, 0.41338640451431274, -0.9522250890731812, 0.3764477074146271, 0.2849288880825043, -1.9254896640777588, -0.3445245027542114, -0.1565653681755066, 0.23204216361045837, -0.4686305522918701, 0.6455084681510925, 0.5536330342292786, -1.154645562171936, 2.8324179649353027, 0.7783134579658508, 0.8984947800636292, -0.7693133354187012, -1.0609785318374634, -0.018002398312091827, 0.18225601315498352, 0.6113401651382446, 0.5298365354537964, 0.08884941786527634, -0.6850890517234802, 1.3112150430679321, 0.92598557472229, 0.4528788924217224, -0.25049522519111633, 1.695212960243225, -1.6322410106658936, 0.7447424530982971, -0.7469372153282166, 0.8993644714355469, -0.34332969784736633]",yunet,Facenet,1920,1080,/home/amos/media/tv/modern_family/Modern.Family.S09.1080p.DSNP.WEB-DL.DDP5.1.H.264-CRFW/Modern.Family.S09E17.Royal.Visit.1080p.DSNP.WEB-DL.DDP5.1.H.264-CRFW.mkv,Modern Family,2009,1442437,9,17,Jimmy Tatro,1304335.0,0.772
493,1506,90,1680,348,1560,192,1530,192,0.908,14808,1,"[-0.14332036674022675, 1.8874928951263428, -2.001157522201538, -1.242197871208191, -0.33212023973464966, 0.954679548740387, 0.014197271317243576, -0.6505324840545654, -0.2417849600315094, -0.419126957654953, -0.23760747909545898, 0.9013769626617432, -1.0787416696548462, -0.5195947885513306, 1.6205085515975952, 0.4894666075706482, -0.07394839823246002, -0.6616031527519226, -2.1320199966430664, -0.5038268566131592, 0.2818637490272522, 0.7085710167884827, 0.6725239157676697, -0.5708205699920654, -0.2199995219707489, 0.16974706947803497, 0.46594372391700745, 0.6230661869049072, -0.02522469311952591, -0.23895135521888733, 0.44303643703460693, 0.7089237570762634, 1.1035182476043701, 0.48457008600234985, 0.39984044432640076, 0.518742024898529, 0.32378390431404114, -1.0134714841842651, 1.087114691734314, -0.8808588981628418, -0.6368486285209656, 1.0077191591262817, -3.268507957458496, -2.570551633834839, 1.1351935863494873, -0.47395968437194824, 0.18533912301063538, -0.3714737594127655, -0.47328484058380127, 0.08731764554977417, -0.8362088799476624, -1.4055765867233276, -0.41724979877471924, 1.403582215309143, 0.168696790933609, 1.4663417339324951, -0.010536998510360718, 0.008743297308683395, -0.21852891147136688, -2.178417444229126, 0.05260127782821655, -0.2202005386352539, 0.5707526206970215, 1.0147165060043335, 0.91764235496521, -0.3826833963394165, 0.30028513073921204, 1.2309952974319458, 0.5893121361732483, -1.2375718355178833, -1.3086824417114258, 2.5314719676971436, 0.11271734535694122, -0.6328398585319519, -0.030731361359357834, -1.0177115201950073, -0.6456164121627808, -0.632061779499054, 0.4930865168571472, -0.6151436567306519, -2.1885523796081543, 0.03427603468298912, -0.8390489816665649, 0.9034174084663391, -0.4110703468322754, 0.41651299595832825, 1.7705903053283691, 0.07854868471622467, 0.1538764387369156, -0.07292783260345459, 0.3401392698287964, -0.5100669860839844, 0.298624187707901, -0.8350812196731567, 0.99501633644104, -0.03534546494483948, 0.7929502725601196, -0.5880316495895386, 1.0736758708953857, 0.6929752826690674, -0.8810260891914368, 1.9714112281799316, -1.3894785642623901, 0.973547637462616, 1.9178484678268433, 0.20600636303424835, -1.3939515352249146, -0.3741736114025116, 1.125232458114624, 0.8224111199378967, -0.8241602182388306, -0.3557772636413574, -0.4270351529121399, 0.5759726166725159, -0.01197480596601963, 2.7490599155426025, -1.4873932600021362, 0.8057377934455872, 0.6462184190750122, -0.06669335067272186, -1.388877511024475, 2.294200897216797, 1.930423617362976, -0.4639175534248352, 0.2839738726615906, -0.7987517714500427, -0.2195705622434616, -0.3532367944717407]",yunet,Facenet,1920,1080,/home/amos/media/tv/modern_family/Modern.Family.S09.1080p.DSNP.WEB-DL.DDP5.1.H.264-CRFW/Modern.Family.S09E17.Royal.Visit.1080p.DSNP.WEB-DL.DDP5.1.H.264-CRFW.mkv,Modern Family,2009,1442437,9,17,Nolan Gould,147710.0,0.581
494,816,102,1014,366,978,204,894,204,0.926,14832,0,"[-1.242559790611267, 2.0051584243774414, -1.9182523488998413, 1.2973713874816895, 0.294502854347229, -0.8812606930732727, 0.0003329142928123474, -1.3835375308990479, 0.6227444410324097, 0.5557414293289185, 2.1593236923217773, -1.1370805501937866, 0.22756226360797882, -1.6553726196289062, 0.8630616664886475, 1.6930145025253296, -1.0945934057235718, -0.014661859720945358, -2.7790403366088867, 0.38188210129737854, -0.5803082585334778, 1.877554178237915, -1.1187888383865356, 0.4281724691390991, 0.5250024795532227, 2.1790194511413574, 1.686693549156189, 0.6838282346725464, 0.6758526563644409, 0.9959330558776855, 1.2340370416641235, 0.2996954917907715, 0.5187844038009644, -1.0442131757736206, -0.0840996578335762, 0.462210476398468, 1.0471655130386353, -0.6870432496070862, 0.47239863872528076, -0.034692659974098206, 0.7916699051856995, -0.06762803345918655, -0.21645033359527588, -1.1162421703338623, 0.9208878874778748, -0.2354867309331894, 0.49532970786094666, -0.938658595085144, 1.2509199380874634, 0.9411054849624634, 0.577968180179596, -0.7767975330352783, 0.7300286889076233, 1.8242548704147339, -1.0319976806640625, -0.29528719186782837, 1.8106447458267212, -1.4429786205291748, 0.4873364567756653, -0.4422954320907593, -0.12058372795581818, 0.4529992938041687, -0.14432208240032196, 0.2506129741668701, 1.837851643562317, -0.4533011317253113, 0.7563661336898804, -0.28946423530578613, -0.7634596228599548, -0.6761897802352905, -0.7904143929481506, 0.5055321455001831, -0.07661296427249908, -0.6318156123161316, 0.30638614296913147, -0.5124361515045166, 0.39406487345695496, 1.0085644721984863, 0.41438210010528564, 0.2784363031387329, -1.3400397300720215, 0.6234750747680664, 1.0054584741592407, -0.07379230111837387, 0.01859433576464653, 2.1339399814605713, -1.3848214149475098, 2.9704091548919678, 0.4995901882648468, -0.4803191125392914, 1.146736741065979, 0.5042943358421326, 1.9463083744049072, 0.22844767570495605, 1.007472276687622, 0.14314690232276917, -0.05782697722315788, 0.07069948315620422, 0.10120666027069092, -1.520997166633606, 0.2782900333404541, -0.21511754393577576, 0.1399877965450287, -0.6096837520599365, 0.8045830130577087, 0.8114158511161804, -0.7692396640777588, 2.9462718963623047, 0.917613685131073, 1.2717771530151367, -0.38701051473617554, -0.4903631806373596, -0.2603776752948761, 1.0513854026794434, 0.14865697920322418, 0.3677476942539215, -0.15238413214683533, -0.7273016571998596, 0.8892218470573425, 0.6937100291252136, 0.8692846298217773, -0.5837337970733643, 1.2166091203689575, -1.5992257595062256, 0.7844317555427551, -1.167504906654358, 0.7775079011917114, -0.04580651596188545]",yunet,Facenet,1920,1080,/home/amos/media/tv/modern_family/Modern.Family.S09.1080p.DSNP.WEB-DL.DDP5.1.H.264-CRFW/Modern.Family.S09E17.Royal.Visit.1080p.DSNP.WEB-DL.DDP5.1.H.264-CRFW.mkv,Modern Family,2009,1442437,9,17,Jimmy Tatro,1304335.0,0.799
495,726,114,918,360,846,210,762,210,0.934,14856,0,"[-0.39000651240348816, 1.9336823225021362, -2.563159704208374, 1.091923713684082, 1.074181318283081, -1.0713706016540527, -0.31313398480415344, -1.4091355800628662, 0.650149405002594, 0.657659113407135, 1.59524667263031, -1.2063542604446411, 0.732293426990509, -0.9257819652557373, 1.2478402853012085, 1.3746206760406494, -0.6163109540939331, -0.2270381599664688, -1.8091908693313599, -0.3371579051017761, -0.5533336997032166, 1.9376963376998901, -0.0008302703499794006, 0.6259100437164307, 1.5911858081817627, 1.588324785232544, 1.4512207508087158, 0.7933229207992554, 1.2174296379089355, 0.20091840624809265, 1.3715547323226929, 0.03528045117855072, 0.6249807476997375, -1.3286776542663574, 0.5775435566902161, 0.012222573161125183, 0.8652803301811218, -0.2863767147064209, 0.8066940903663635, -0.5668272972106934, -0.5839297771453857, -0.22636295855045319, -0.05918014049530029, -1.7589191198349, 0.9784914255142212, 0.1419738233089447, -0.40698185563087463, -1.202075481414795, 1.3936783075332642, 1.5600560903549194, -0.7680233120918274, -0.6065593361854553, 0.5289243459701538, 2.1955454349517822, -0.8204360008239746, -0.3157278299331665, 1.807791829109192, -0.9072298407554626, 0.7650576233863831, -0.34506678581237793, -0.5273572206497192, 0.49699050188064575, 0.9515387415885925, 0.23821277916431427, 1.0564069747924805, -1.3180217742919922, 0.27958884835243225, -0.7100703120231628, -0.6739850044250488, -0.9584347009658813, -0.970523476600647, 0.3783279359340668, -1.5359822511672974, -0.5327879190444946, -0.5195660591125488, -1.2432399988174438, 0.17773425579071045, 0.23610331118106842, 1.11161470413208, -0.6975975632667542, 0.2022748589515686, 1.047922134399414, 1.2092572450637817, -0.40612947940826416, -0.20335757732391357, 1.8295178413391113, -1.8087612390518188, 2.486757278442383, -0.19559192657470703, -1.6336793899536133, 1.5403693914413452, 0.49947652220726013, 1.2309157848358154, -0.572587788105011, 0.8006165623664856, 0.6399985551834106, -1.337199091911316, -0.2887917459011078, 0.37068283557891846, -1.529589295387268, -0.8620033264160156, 0.4370957016944885, 0.9636313319206238, -0.955324649810791, 0.5015472769737244, 0.739186704158783, -0.5892341732978821, 2.3835866451263428, 0.7949041128158569, -0.17616978287696838, -0.7946023941040039, -0.9233986735343933, -0.5082130432128906, 1.1607120037078857, 0.527298092842102, -0.04394157975912094, 0.7765787839889526, -0.25539618730545044, 0.7977697849273682, 1.7216674089431763, 0.621669352054596, -0.1066688597202301, 2.076747417449951, -1.802567720413208, 0.9881282448768616, -0.3335011303424835, 1.3786500692367554, -0.6897254586219788]",yunet,Facenet,1920,1080,/home/amos/media/tv/modern_family/Modern.Family.S09.1080p.DSNP.WEB-DL.DDP5.1.H.264-CRFW/Modern.Family.S09E17.Royal.Visit.1080p.DSNP.WEB-DL.DDP5.1.H.264-CRFW.mkv,Modern Family,2009,1442437,9,17,Jimmy Tatro,1304335.0,0.818
496,1386,126,1572,396,1458,228,1416,228,0.903,14856,1,"[-0.1853434145450592, 2.153143882751465, -2.31695818901062, -1.1652984619140625, -1.0898720026016235, 0.9559215307235718, -0.3771328330039978, -0.8418459296226501, -0.16742467880249023, -0.24294348061084747, 0.7784433364868164, 1.341746211051941, -0.6897699236869812, -1.2586456537246704, 1.7100884914398193, 0.684337854385376, -0.1923997402191162, -0.7772414684295654, -1.6117609739303589, -0.6675217151641846, -0.2740404009819031, 0.388775497674942, 0.7835401892662048, -1.189021110534668, -0.4159943759441376, 0.06770741194486618, 0.4910878837108612, 0.8636783361434937, 0.37822216749191284, 0.33050432801246643, -0.6632822751998901, 0.5977770686149597, 0.7229920625686646, 0.038602314889431, 0.9102739691734314, 0.7153270244598389, -0.4149947464466095, -0.6707761883735657, 0.6303420066833496, -0.9251201152801514, -0.2105444222688675, 0.4525037407875061, -3.7767398357391357, -1.9988895654678345, 1.033724308013916, -1.44345223903656, 0.7368089556694031, -0.8562604188919067, 0.21320320665836334, -0.3913392424583435, -0.20637334883213043, -0.9542929530143738, -0.09050103276968002, 1.2333323955535889, -0.07371383905410767, 0.7037653923034668, -0.2737836241722107, 0.7171823978424072, -1.0362870693206787, -2.1249544620513916, -0.3235049247741699, -1.2343844175338745, 1.0998483896255493, -0.3237408995628357, 1.4587877988815308, -1.0290427207946777, 0.4583708345890045, 1.713125228881836, 0.7529376745223999, -1.7380056381225586, -1.118554711341858, 2.009330987930298, -1.3048090934753418, -0.6438207626342773, 0.43186715245246887, -0.653960645198822, -0.5844621658325195, -0.020031485706567764, 0.6733596920967102, -1.3216533660888672, -1.0309792757034302, -0.16143031418323517, -0.9782459139823914, -0.02352738007903099, -1.0050151348114014, 0.4732358157634735, 0.4631541669368744, 0.4060489535331726, -0.5313111543655396, -0.8985660076141357, 0.4751162827014923, -1.281627893447876, 1.3877308368682861, -0.6101630926132202, 0.5529649257659912, 0.5777466297149658, -0.02084990404546261, -0.17678189277648926, 1.079214096069336, 0.7885146737098694, -0.8872883319854736, 2.2856862545013428, -0.6391724944114685, 0.7579700350761414, 0.857010006904602, 0.9439210891723633, -1.3376046419143677, -0.3095007538795471, 0.41252201795578003, 0.7914192080497742, -1.2861871719360352, 1.2382287979125977, -0.790972113609314, -0.45575910806655884, 0.30545082688331604, 2.428243637084961, -1.540563702583313, -0.349145770072937, 0.5995212197303772, 0.9220080971717834, -1.9501442909240723, 1.731002926826477, 2.491581439971924, -0.5442621111869812, 1.083061695098877, 0.02483857423067093, -0.3920479118824005, 0.6398136615753174]",yunet,Facenet,1920,1080,/home/amos/media/tv/modern_family/Modern.Family.S09.1080p.DSNP.WEB-DL.DDP5.1.H.264-CRFW/Modern.Family.S09E17.Royal.Visit.1080p.DSNP.WEB-DL.DDP5.1.H.264-CRFW.mkv,Modern Family,2009,1442437,9,17,Nolan Gould,147710.0,0.595
497,780,114,972,372,936,210,852,204,0.934,14880,0,"[-0.9551628828048706, 1.547879934310913, -1.9987602233886719, 1.2124183177947998, 0.8519394397735596, -0.8509151339530945, 0.23668409883975983, -0.7585030198097229, 0.1564115285873413, 1.226361632347107, 2.0374743938446045, -1.405547857284546, 1.313244342803955, -1.5618985891342163, 1.0627633333206177, 1.739192247390747, -1.1918704509735107, -0.5637402534484863, -2.2722744941711426, 0.21654659509658813, -0.5278385877609253, 1.5696932077407837, -1.0505789518356323, 0.172109454870224, 0.22123503684997559, 2.1387369632720947, 1.4204895496368408, 1.205953598022461, 0.1846524029970169, 0.6607943177223206, 1.4549715518951416, 0.1121666431427002, 0.8771505951881409, -1.7251489162445068, 0.169147789478302, 0.12302051484584808, 0.9051446318626404, -0.43309611082077026, 1.3696210384368896, -0.31147944927215576, 0.43436625599861145, 0.31859061121940613, -0.021603062748908997, -1.6866929531097412, 0.37403807044029236, -0.4462331235408783, 0.3750658631324768, -0.5411230325698853, 1.2768162488937378, 0.7539684772491455, 0.6709258556365967, 0.08879095315933228, 0.0053898245096206665, 1.8978022336959839, -0.5739248991012573, -0.44419726729393005, 2.1550772190093994, -1.2733886241912842, 0.5343769788742065, -0.06891484558582306, -0.18040406703948975, -0.006975747644901276, 0.48424816131591797, 0.06186012551188469, 1.8092505931854248, -1.3577375411987305, 0.32782894372940063, -0.641015350818634, -0.8083469271659851, -0.22557497024536133, -1.0995463132858276, 0.6087807416915894, -0.6895711421966553, -0.25744420289993286, 0.02884318120777607, -0.2265925109386444, -0.25395286083221436, 0.8585976362228394, 0.8597983121871948, 0.22743235528469086, -0.6464215517044067, 0.8432530164718628, 1.7195898294448853, -0.13443903625011444, -0.3147887885570526, 1.777552843093872, -1.1970224380493164, 2.939811944961548, 0.08065345883369446, -0.4273586869239807, 0.8689694404602051, 0.613241970539093, 1.692753553390503, 0.5183482766151428, 0.8287209272384644, 0.37836146354675293, -0.6118869781494141, -0.0869658961892128, 0.13112422823905945, -1.6172226667404175, 0.033330038189888, -0.5246849060058594, -0.3262055516242981, -0.6862413287162781, 0.8395287394523621, 0.5113481879234314, -0.7604581713676453, 2.8563904762268066, 1.2293509244918823, 1.4027631282806396, -0.44931674003601074, -0.9161518812179565, -0.49093887209892273, 1.0539207458496094, 0.4240100085735321, -0.0071065835654735565, 0.29558902978897095, -0.8917669057846069, 0.9949626922607422, 0.3693518042564392, 0.9374570250511169, -0.5101319551467896, 0.7751954793930054, -0.9131719470024109, 0.6125914454460144, -1.1057757139205933, 0.4643802344799042, -0.7698618769645691]",yunet,Facenet,1920,1080,/home/amos/media/tv/modern_family/Modern.Family.S09.1080p.DSNP.WEB-DL.DDP5.1.H.264-CRFW/Modern.Family.S09E17.Royal.Visit.1080p.DSNP.WEB-DL.DDP5.1.H.264-CRFW.mkv,Modern Family,2009,1442437,9,17,Jimmy Tatro,1304335.0,0.768
498,1104,240,1284,480,1230,330,1152,324,0.915,14904,0,"[-1.513092041015625, 1.1794648170471191, -0.57837975025177, 0.08586975187063217, 0.08270945399999619, 0.008217304944992065, -0.37333980202674866, -0.981070339679718, -0.05956581234931946, -1.6436564922332764, -0.15052959322929382, 0.9709242582321167, -0.7678104639053345, -1.339255928993225, 0.9900647401809692, -0.6698257923126221, -1.2181921005249023, -0.48510032892227173, -1.8046410083770752, -0.7812390327453613, -1.4772534370422363, 0.5146965384483337, 0.11349242180585861, -1.5413851737976074, -0.5768268704414368, -0.4589065909385681, 1.1247124671936035, 0.6647661328315735, -0.2998526692390442, 0.27460166811943054, 0.1883484423160553, -0.2095586210489273, 1.5830446481704712, -1.9015249013900757, -1.244725227355957, 0.4205471873283386, 0.71544349193573, -1.0247924327850342, 0.05550258606672287, -0.7517318725585938, 0.12604586780071259, 0.2361215502023697, -3.7664401531219482, -1.4085673093795776, 0.7094755172729492, -0.7226272225379944, 0.7523270845413208, -0.36903250217437744, -0.01993623375892639, 0.7379553318023682, -0.719073474407196, -0.17858624458312988, 0.9936559200286865, 0.9479027986526489, 0.704257071018219, 0.2634892761707306, -0.05225641652941704, 0.13957127928733826, -0.47151657938957214, -0.2562044858932495, 0.5008407235145569, -2.697902202606201, 0.9164999127388, -0.09053675830364227, 1.3508459329605103, 0.5896955132484436, 0.4808213710784912, 2.5176596641540527, -0.37962573766708374, -0.46783721446990967, -2.2733042240142822, 1.6457068920135498, -1.385607361793518, -1.0025097131729126, -0.237390398979187, 0.2887760102748871, -1.2868843078613281, 0.936086118221283, 0.3516712188720703, 0.1899002641439438, -2.2818121910095215, 0.746369481086731, -0.15346911549568176, 1.2864006757736206, -0.5146530270576477, 0.8599598407745361, 0.29950928688049316, 0.35641252994537354, -1.2760599851608276, -0.3853679895401001, 1.3574328422546387, -1.2684721946716309, 1.071223497390747, -1.4794292449951172, -0.403699666261673, 0.04556575417518616, -1.1602333784103394, 0.5525601506233215, 1.005174160003662, -0.22683075070381165, -0.8221346735954285, 1.2156575918197632, 0.2940221428871155, 0.47340843081474304, 0.8045404553413391, 0.22489486634731293, -2.4881985187530518, 0.5617607831954956, 0.46060216426849365, 0.48763594031333923, -2.0810415744781494, 0.0683310478925705, -0.220136821269989, 0.06061061471700668, 0.06849418580532074, 2.112248420715332, -1.870620608329773, -0.5247510671615601, 0.7052831649780273, 1.5288962125778198, -0.8835287094116211, 0.08502974361181259, 0.7965601086616516, -0.44253671169281006, 1.1865087747573853, -0.9515091776847839, -0.5349819660186768, 1.7793177366256714]",yunet,Facenet,1920,1080,/home/amos/media/tv/modern_family/Modern.Family.S09.1080p.DSNP.WEB-DL.DDP5.1.H.264-CRFW/Modern.Family.S09E17.Royal.Visit.1080p.DSNP.WEB-DL.DDP5.1.H.264-CRFW.mkv,Modern Family,2009,1442437,9,17,Nolan Gould,147710.0,0.796
499,840,258,1020,492,984,354,918,354,0.906,14904,1,"[-0.8270679712295532, 1.8254786729812622, -2.463146686553955, 2.1116435527801514, 0.5488104820251465, -0.12463978677988052, 0.5641977787017822, 0.029767457395792007, 0.010728240013122559, 0.16953147947788239, 1.5350446701049805, -2.396044969558716, 0.24130435287952423, -0.4312540590763092, -0.42597106099128723, 0.7283100485801697, -0.9495460987091064, -0.6426087617874146, -3.1871845722198486, 0.5803114175796509, -0.6157970428466797, 3.415687084197998, -0.517178475856781, -1.4533636569976807, 0.776955246925354, 2.162809371948242, 0.8585132360458374, 1.1313691139221191, 0.8955276608467102, 1.0434048175811768, -0.44116708636283875, 0.7154152989387512, -0.25455060601234436, -1.2823472023010254, 0.2707313001155853, 1.6450011730194092, 0.2838273346424103, -0.26366886496543884, -0.5546184182167053, -0.31238052248954773, 1.003292441368103, 0.9129341840744019, -0.8698410987854004, -0.8171737790107727, 1.6424627304077148, -0.20484916865825653, 1.0083200931549072, 0.22627601027488708, 0.184580460190773, 1.3128221035003662, 0.0010373294353485107, 0.959472119808197, -0.13262096047401428, 1.3234549760818481, -2.3254292011260986, 0.012618480250239372, 1.3490432500839233, -0.1793590784072876, -0.01819445565342903, -1.7074707746505737, -0.48292872309684753, -0.032415058463811874, -0.06725350022315979, 1.3944755792617798, 1.4795172214508057, -0.8793803453445435, 0.11283721774816513, 0.5849694013595581, 0.05361991375684738, -2.326429843902588, -0.8284497261047363, 0.7217899560928345, -0.7967990040779114, -0.7319275736808777, 0.5133394598960876, -0.2958850860595703, 0.6664947271347046, 1.2623884677886963, 0.15813404321670532, 0.8642803430557251, -1.1971678733825684, 0.8539170026779175, 0.7821703553199768, 0.34969237446784973, -0.10617101937532425, 1.534564733505249, -0.26040390133857727, 2.262786865234375, 0.36756107211112976, -1.12459397315979, 0.9032413363456726, 1.1233997344970703, 2.4649319648742676, 0.8142063021659851, 0.6047728061676025, 0.5741021037101746, 0.3017348647117615, -1.1405194997787476, -0.2821124196052551, -0.8135297298431396, -0.06519486010074615, 1.1969473361968994, -0.6330753564834595, -1.0097888708114624, -0.349868506193161, 0.5263532400131226, -0.06295433640480042, 1.5277808904647827, 1.773095726966858, 1.2239974737167358, -0.3174719214439392, -0.3515740633010864, 0.2015567421913147, 2.68350887298584, 0.8597854971885681, 1.1771354675292969, -0.18353763222694397, -0.6969659328460693, 0.33517661690711975, 0.8173815011978149, 0.17892786860466003, 1.3799782991409302, 0.5128239393234253, -1.539655089378357, 0.3276931047439575, -0.6437216997146606, 0.7996646165847778, 0.26509255170822144]",yunet,Facenet,1920,1080,/home/amos/media/tv/modern_family/Modern.Family.S09.1080p.DSNP.WEB-DL.DDP5.1.H.264-CRFW/Modern.Family.S09E17.Royal.Visit.1080p.DSNP.WEB-DL.DDP5.1.H.264-CRFW.mkv,Modern Family,2009,1442437,9,17,Jimmy Tatro,1304335.0,0.689
500,1002,252,1176,492,1128,348,1056,348,0.916,14928,0,"[-1.9808908700942993, 2.013244390487671, -1.6039522886276245, -0.11887501180171967, -0.1956602782011032, 0.18974317610263824, -0.7632690668106079, -0.11650486290454865, -0.41105344891548157, -1.292970895767212, 0.5294161438941956, 0.7043599486351013, -1.6822402477264404, 0.18442383408546448, 1.8422136306762695, -0.6741861701011658, -1.3686515092849731, -0.28394752740859985, -2.142838954925537, -1.194900631904602, -2.0978310108184814, 1.0743688344955444, -0.7267470359802246, -1.012326955795288, -0.14457452297210693, 0.1374008059501648, 1.2552509307861328, 0.5892736315727234, -0.3679043650627136, 0.17122231423854828, 0.8495649099349976, 0.40225228667259216, 1.5534559488296509, -1.1663017272949219, 0.27826443314552307, 0.7404711842536926, 0.5239273309707642, -1.4954849481582642, 0.49997106194496155, 0.2219162881374359, -0.35390034317970276, -0.7800062894821167, -3.11130428314209, -2.1144814491271973, 1.4055184125900269, -1.2109545469284058, 0.7225381731987, -0.317291259765625, 0.5984424948692322, 0.685600996017456, -1.0337759256362915, 0.3764025568962097, 1.553533673286438, 1.2186723947525024, 0.3016464114189148, 0.336078941822052, 0.20338761806488037, 0.3103892207145691, -0.5507639646530151, -1.3548617362976074, 0.16679775714874268, -1.6847444772720337, 0.6015709042549133, 0.05751519277691841, 1.8773223161697388, 0.0649312287569046, 0.5219703316688538, 2.1254444122314453, -0.5940357446670532, -0.7806181907653809, -0.839286208152771, 0.7420663833618164, -0.21028567850589752, -0.3873586058616638, -0.6780402064323425, -0.850206196308136, 0.21508696675300598, 0.4662887156009674, 0.3228965401649475, 0.7824087738990784, -1.4707368612289429, 0.6117823123931885, -0.19594353437423706, 1.2840449810028076, -0.0512814000248909, 1.518114686012268, -0.37827426195144653, 1.2196794748306274, -0.3914380371570587, -0.23165780305862427, 0.6126331686973572, -0.8339496850967407, 0.6508157253265381, -1.5410619974136353, -0.07563020288944244, 0.7869380116462708, -0.8966083526611328, 1.2296913862228394, 1.0021944046020508, 0.3669147491455078, -1.6852545738220215, 0.9773306250572205, 0.33253851532936096, 0.8217642307281494, 0.9874529242515564, 0.21023879945278168, -1.2480368614196777, 1.4127987623214722, 1.2167624235153198, 0.4219766855239868, -1.8967796564102173, -0.15521065890789032, -0.07274135947227478, 0.2028931826353073, 0.4371660649776459, 1.412792444229126, -0.41995760798454285, -0.03282904624938965, 1.8210710287094116, 1.2554620504379272, -1.2559674978256226, 0.3165830075740814, 0.9527804255485535, -0.6890722513198853, 1.1720925569534302, 0.17968928813934326, -0.17302225530147552, 1.8865195512771606]",yunet,Facenet,1920,1080,/home/amos/media/tv/modern_family/Modern.Family.S09.1080p.DSNP.WEB-DL.DDP5.1.H.264-CRFW/Modern.Family.S09E17.Royal.Visit.1080p.DSNP.WEB-DL.DDP5.1.H.264-CRFW.mkv,Modern Family,2009,1442437,9,17,Nolan Gould,147710.0,0.719
501,438,186,660,474,606,306,498,306,0.929,14952,0,"[-1.6463669538497925, 0.7391269207000732, -1.2528363466262817, 1.2380341291427612, 1.367648959159851, -1.4576834440231323, -0.877776563167572, -1.213349461555481, 0.4107736051082611, 0.8887771368026733, 0.80226069688797, 0.0006005698814988136, 0.9349997639656067, -2.160919427871704, 0.027584686875343323, 1.5007154941558838, 0.03815649077296257, 0.22507096827030182, -1.049721121788025, -0.40867453813552856, -0.9742546081542969, 2.879119873046875, -1.9290333986282349, 0.5389202237129211, 0.35015547275543213, 2.802777051925659, 2.059018850326538, 1.67162024974823, 1.451909065246582, 0.7486631870269775, 0.27800554037094116, 0.7520091533660889, 1.1385382413864136, -1.9898546934127808, 0.697587251663208, 0.05650641396641731, 1.1300901174545288, -0.43765151500701904, 0.42746394872665405, -0.46509453654289246, -0.19359198212623596, -0.23732629418373108, -1.4075580835342407, -0.8288604617118835, 0.7367625832557678, -0.2643234431743622, 0.2818477749824524, -0.5545837879180908, 1.461427927017212, 1.276564359664917, 0.7563731670379639, 0.5964977741241455, 0.29303938150405884, 1.3274496793746948, -0.7437856197357178, 0.7799335718154907, 1.85979163646698, -2.4733500480651855, -0.5534746646881104, 0.7774699330329895, -0.5657825469970703, -0.8943178653717041, 0.3573915362358093, 0.15830110013484955, 1.5670585632324219, 0.017729327082633972, 1.2921879291534424, 0.576183557510376, 0.24147272109985352, -0.9640235900878906, -0.6378974318504333, -0.1428852677345276, -1.4400973320007324, -0.22408896684646606, 1.8773940801620483, -1.2311829328536987, 0.09544594585895538, 0.2775864005088806, 0.21231016516685486, -0.09234858304262161, -1.285496711730957, 0.25108930468559265, 0.8253124356269836, 0.6227977871894836, -0.15150493383407593, 2.6155688762664795, -1.035146951675415, 2.547935962677002, -0.05601271241903305, -0.16836510598659515, 0.08202989399433136, 1.042046308517456, 2.3044443130493164, -0.9588533639907837, 1.5426534414291382, -0.044392332434654236, 0.13364122807979584, -0.1519048511981964, 0.09254908561706543, -1.4718542098999023, 0.6708731055259705, 0.9532585740089417, 0.3897955119609833, -1.5532339811325073, 0.3645474910736084, 1.0107170343399048, -1.6118595600128174, 1.2460964918136597, 1.0846394300460815, -0.28542661666870117, -0.8632272481918335, -0.070390984416008, -1.152933955192566, 0.9740762710571289, 1.3864400386810303, 0.0956718921661377, -0.4175199866294861, 0.6296147704124451, 1.288261890411377, 1.2878092527389526, 0.35770362615585327, -0.8945388793945312, 1.2100639343261719, -0.8804227113723755, 1.588529109954834, -0.06709180027246475, 0.9737527370452881, 1.2619893550872803]",yunet,Facenet,1920,1080,/home/amos/media/tv/modern_family/Modern.Family.S09.1080p.DSNP.WEB-DL.DDP5.1.H.264-CRFW/Modern.Family.S09E17.Royal.Visit.1080p.DSNP.WEB-DL.DDP5.1.H.264-CRFW.mkv,Modern Family,2009,1442437,9,17,Jimmy Tatro,1304335.0,0.733
502,1344,204,1560,534,1398,342,1374,336,0.901,14952,1,"[0.668937087059021, -0.07405533641576767, -1.2131825685501099, -0.9700146317481995, -0.715386152267456, 1.1784735918045044, 1.180259108543396, 0.2640639841556549, -1.1352239847183228, -0.27960434556007385, 0.12390401214361191, 0.09485683590173721, -0.5945484638214111, -0.18038347363471985, 1.1024118661880493, 0.6887248754501343, 0.003652811050415039, 0.16244909167289734, -0.9920854568481445, -0.2636195719242096, 0.4654141366481781, -0.390386164188385, 0.8018040657043457, -2.585811138153076, 0.02067633718252182, 0.3138144910335541, 0.643742561340332, 0.4072343111038208, -0.42096322774887085, 0.49823471903800964, -0.5502828359603882, 1.7520978450775146, 0.3390263020992279, 0.40162962675094604, 0.588766872882843, 1.1203316450119019, -0.9777801632881165, -0.5255996584892273, -0.23553365468978882, -1.3081144094467163, -0.4079781770706177, 1.3400030136108398, -2.0901644229888916, -2.2782974243164062, 1.174649953842163, -1.8984800577163696, -0.322140634059906, 0.6692850589752197, 0.09750942885875702, 0.0913817435503006, -0.47227412462234497, -0.8507332801818848, 0.288789838552475, 2.2401061058044434, 0.7760946750640869, -0.23699133098125458, -2.213294744491577, 0.9775316715240479, 0.4021420478820801, -1.7647048234939575, -1.250054121017456, -0.15729688107967377, 1.6000553369522095, 1.044917345046997, 1.2903419733047485, -0.7468629479408264, -0.36859050393104553, 1.4435890913009644, 0.43301159143447876, 1.2575050592422485, -0.62542724609375, 1.6526111364364624, -0.03756740316748619, -0.7933250069618225, -0.6725813746452332, -1.1678102016448975, -1.2714922428131104, -0.40162545442581177, 0.7635200023651123, -0.2534251809120178, -0.6174092888832092, -0.36295801401138306, -1.4459985494613647, -0.15344934165477753, -0.04337272047996521, -0.30454444885253906, 0.4839760363101959, -1.5310113430023193, 0.13744422793388367, -0.8987118005752563, 0.8784788250923157, 0.4162006974220276, -1.1308261156082153, -0.6774605512619019, -0.8847255110740662, 0.9177793860435486, 0.06025305017828941, -1.336940884590149, 1.181075096130371, 1.3987571001052856, -0.803297758102417, 2.0277366638183594, -0.7937666773796082, 0.6118267774581909, 0.6675450801849365, 1.3534488677978516, -0.8141287565231323, -1.3355555534362793, 0.18524545431137085, 1.3265191316604614, -0.7848955392837524, 0.4647977352142334, -0.6686935424804688, 0.19925515353679657, 0.9236025810241699, 1.5206360816955566, -1.5606353282928467, -0.5018938183784485, -0.10535808652639389, -0.9163470268249512, -0.3968197703361511, 1.412775993347168, 2.1793088912963867, -0.14841225743293762, -0.19325269758701324, -0.03669300675392151, 0.7053675055503845, 0.006557602435350418]",yunet,Facenet,1920,1080,/home/amos/media/tv/modern_family/Modern.Family.S09.1080p.DSNP.WEB-DL.DDP5.1.H.264-CRFW/Modern.Family.S09E17.Royal.Visit.1080p.DSNP.WEB-DL.DDP5.1.H.264-CRFW.mkv,Modern Family,2009,1442437,9,17,,,
503,462,234,690,528,606,354,510,354,0.93,14976,0,"[-1.6809718608856201, 1.268747091293335, -1.8521225452423096, 2.593961477279663, 0.2123703956604004, -0.7963207960128784, -0.4378736615180969, -1.0709458589553833, 0.9044743180274963, 0.8785316348075867, 0.8796353340148926, -1.011448621749878, 0.6136848330497742, -0.4546459913253784, -0.32219207286834717, 1.3808332681655884, -0.9137836694717407, -0.1364833414554596, -2.607715129852295, 0.4429533779621124, -0.5125159025192261, 2.6698644161224365, -1.170105218887329, 0.5897566080093384, 1.6195895671844482, 1.5725653171539307, 2.3851046562194824, 0.7495342493057251, 1.2635079622268677, 0.25328871607780457, -0.049201369285583496, 0.8460012078285217, -0.32178249955177307, -0.6336420774459839, 0.9404130578041077, -0.3963211476802826, 0.40218475461006165, -0.5861064195632935, 1.1046146154403687, -0.47429928183555603, 0.15187598764896393, -0.06337828189134598, -0.2790270447731018, -1.1664284467697144, 0.4254551827907562, 0.17006200551986694, 0.800478994846344, -1.205664873123169, 0.5626059770584106, 1.7647919654846191, -0.6414896249771118, 0.7571048736572266, 1.678283929824829, 1.5765085220336914, -1.1003222465515137, -0.3746384382247925, 1.9955940246582031, -0.9271007180213928, -0.4111095666885376, -0.3174673616886139, -0.3355301022529602, 0.3071832060813904, -0.12009835243225098, 0.8319430947303772, 1.9804391860961914, -0.7901755571365356, 0.9775581955909729, 0.08161613345146179, 0.027863159775733948, -2.214796304702759, -0.3897054195404053, -0.21814069151878357, -1.5749212503433228, 0.34736984968185425, 0.3394005000591278, -1.1972576379776, 1.1457046270370483, 0.6411144137382507, 1.3733019828796387, -0.3988119959831238, 0.423907607793808, -0.4024052917957306, 1.7728995084762573, 0.7400542497634888, 0.3191724717617035, 2.261436700820923, -0.35001760721206665, 2.4437320232391357, -1.342454195022583, -1.1401736736297607, 0.43076857924461365, 0.6575214266777039, 1.5695451498031616, -0.14393407106399536, 1.382095217704773, 0.9677749276161194, -0.5059866309165955, -0.13984555006027222, 0.26134225726127625, -1.343273639678955, -1.0528557300567627, 1.6517910957336426, -0.04009772837162018, -0.8336856961250305, -0.12347529083490372, 0.575441300868988, -1.1949427127838135, 1.8122352361679077, -0.07134660333395004, -0.9749389886856079, 0.46617579460144043, -0.2896486520767212, 0.23720185458660126, 0.9690906405448914, 0.03960195928812027, 0.7517074346542358, -0.01722540706396103, 1.1236951351165771, 0.6036538481712341, 1.8680541515350342, 0.22707043588161469, -0.8974119424819946, 1.2995922565460205, -1.4177370071411133, 0.8499489426612854, 0.2669605612754822, 1.4449150562286377, 0.6641969084739685]",yunet,Facenet,1920,1080,/home/amos/media/tv/modern_family/Modern.Family.S09.1080p.DSNP.WEB-DL.DDP5.1.H.264-CRFW/Modern.Family.S09E17.Royal.Visit.1080p.DSNP.WEB-DL.DDP5.1.H.264-CRFW.mkv,Modern Family,2009,1442437,9,17,Jimmy Tatro,1304335.0,0.779
504,1368,228,1584,552,1446,354,1398,354,0.908,14976,1,"[0.5667294859886169, 1.411087155342102, -1.7759946584701538, -0.29744717478752136, -0.5548062920570374, -0.012082093395292759, 0.8148796558380127, -0.8490802049636841, -0.735817015171051, 1.1350303888320923, 0.36858513951301575, 0.5522201061248779, -0.03185175359249115, -1.894169569015503, 2.0241575241088867, 0.9313241243362427, -0.688794732093811, 0.374664843082428, -0.9063438177108765, -0.10986178368330002, -0.0022627785801887512, 0.6019587516784668, 0.5496519207954407, -1.9785255193710327, 0.5377855896949768, 1.1885565519332886, 1.1474082469940186, 1.3192938566207886, -0.7878553867340088, -0.3766436278820038, -0.6167064905166626, 0.9008638262748718, 1.0729337930679321, -0.4989500343799591, 0.7188636064529419, 0.9173740744590759, -0.19137728214263916, -0.7525050044059753, 0.3865987956523895, -2.183523416519165, -0.5563543438911438, 1.230237603187561, -2.4334850311279297, -2.383817672729492, 1.499379277229309, -0.7955992817878723, -0.4025910794734955, 0.3247488737106323, 0.6220927238464355, 0.35341036319732666, 0.6015405654907227, -0.5859020948410034, -0.505720853805542, 1.95750093460083, 0.9601905941963196, -0.2936142086982727, -1.5460665225982666, 1.0375852584838867, -1.0172005891799927, -1.9424083232879639, -0.2071540653705597, -0.8652929067611694, 1.0181097984313965, -0.18259766697883606, 1.8251856565475464, -0.5098250508308411, -0.4774230122566223, 0.6378030776977539, 0.8467395901679993, 0.9706352949142456, 0.07738535106182098, 0.7421470880508423, -0.9586082100868225, -0.886968731880188, -0.11822298169136047, -1.794270396232605, -1.0606262683868408, -0.0058356039226055145, 1.332641839981079, 0.47896987199783325, -0.716672956943512, 0.008707787841558456, 0.9281185865402222, 0.5590749979019165, -0.5924234390258789, 1.1740846633911133, 0.5361409783363342, 0.07959601283073425, 0.44950851798057556, -1.6060383319854736, 0.13969552516937256, -0.0528261661529541, 1.0570294857025146, 0.6926531195640564, 0.4424639046192169, -0.3780742883682251, -0.15699626505374908, -0.404554545879364, 0.24330651760101318, 1.1320853233337402, -0.5196069478988647, 2.304906129837036, -0.5844497680664062, 0.4150761663913727, -0.08552306890487671, 1.1755106449127197, -0.875185489654541, 0.027464892715215683, -0.10547824203968048, 2.1893486976623535, -2.1448140144348145, 0.8507744669914246, -1.2941216230392456, 0.14530445635318756, 0.8882538080215454, 2.272498846054077, -1.7686126232147217, -0.6196622252464294, 0.5541931986808777, -0.8629909753799438, -0.5864895582199097, 1.4921973943710327, 2.207603931427002, 0.003370970953255892, 0.6078944802284241, -0.4427987039089203, 0.5462126731872559, 1.015942096710205]",yunet,Facenet,1920,1080,/home/amos/media/tv/modern_family/Modern.Family.S09.1080p.DSNP.WEB-DL.DDP5.1.H.264-CRFW/Modern.Family.S09E17.Royal.Visit.1080p.DSNP.WEB-DL.DDP5.1.H.264-CRFW.mkv,Modern Family,2009,1442437,9,17,,,
505,1284,276,1482,546,1428,384,1332,384,0.917,15000,0,"[-1.2254501581192017, 1.6901183128356934, -0.5115367770195007, -0.7058458924293518, -0.30934199690818787, -0.32266610860824585, -1.2224757671356201, -1.227013111114502, -1.5896732807159424, -0.8551518321037292, 0.5955490469932556, 0.596763014793396, -0.15716376900672913, -1.2186862230300903, 1.2962512969970703, 0.11792983114719391, -1.8982384204864502, -1.35884690284729, -1.5317366123199463, -0.8810925483703613, -1.1834955215454102, 1.3620264530181885, -1.2652406692504883, -1.516284704208374, -0.3656763434410095, 0.3557266294956207, 0.9950516223907471, 2.014678478240967, -0.01624813675880432, 0.5715656876564026, -0.08323964476585388, 1.3124631643295288, 1.0517373085021973, -1.254744529724121, 0.0363776832818985, 0.9250998497009277, 1.0270321369171143, -0.9135435819625854, 0.2943373918533325, -0.17056697607040405, 0.33833974599838257, 0.5188875198364258, -3.0173532962799072, -1.589236855506897, 0.27111756801605225, -2.1657261848449707, 0.5578404068946838, 0.5950380563735962, 0.7962551712989807, 0.41071078181266785, -0.2965250015258789, 0.37081432342529297, 1.2762141227722168, 1.3918812274932861, 0.26840364933013916, 0.25314226746559143, -0.22543390095233917, -0.2558746039867401, -0.09036345034837723, 0.08299454301595688, 0.023148059844970703, -2.250101089477539, -0.5814363360404968, 0.34950098395347595, 1.0857259035110474, 0.06196378543972969, 0.9050346612930298, 1.8374911546707153, -0.5150824189186096, -0.04114128649234772, -1.435058832168579, 0.755335807800293, -0.8511165380477905, 0.03780291974544525, 0.09926873445510864, 0.5456386208534241, -0.35403573513031006, 1.681023120880127, 0.03551715612411499, 0.03157155215740204, -1.3034309148788452, 0.5747414827346802, -0.7328765988349915, 1.5574612617492676, 0.3592032194137573, 0.3890298008918762, 0.26035696268081665, 0.4227181077003479, -0.9246633052825928, -0.9170498251914978, 0.3955242931842804, -0.7234795093536377, 1.1993908882141113, -2.257200002670288, 0.8020573854446411, 1.1025612354278564, -1.4166374206542969, -0.011261530220508575, 1.4924886226654053, -0.9305636286735535, -0.9959362149238586, 0.3604574203491211, -0.8614253997802734, -0.7807877659797668, 0.4969828128814697, 0.5730043649673462, -0.8163692355155945, 0.8725190162658691, 1.4936368465423584, 0.48584941029548645, -1.5510833263397217, -0.779401421546936, -0.8584897518157959, 0.41299018263816833, 0.6983214020729065, 2.475224256515503, -0.5898700952529907, -0.80319744348526, -0.026466339826583862, 2.235492706298828, 0.03303992748260498, -1.0395593643188477, 1.1897157430648804, -0.4165465831756592, 2.1774277687072754, -0.21421413123607635, 0.28736379742622375, 1.9387094974517822]",yunet,Facenet,1920,1080,/home/amos/media/tv/modern_family/Modern.Family.S09.1080p.DSNP.WEB-DL.DDP5.1.H.264-CRFW/Modern.Family.S09E17.Royal.Visit.1080p.DSNP.WEB-DL.DDP5.1.H.264-CRFW.mkv,Modern Family,2009,1442437,9,17,Nolan Gould,147710.0,0.804
506,1152,258,1350,534,1272,360,1194,360,0.928,15024,0,"[-1.6410614252090454, 0.926796555519104, -1.697367787361145, -0.23583418130874634, -0.25120970606803894, 0.8268151879310608, -0.5231356620788574, 0.19018666446208954, -0.38027331233024597, -1.0569738149642944, 0.5959758758544922, 0.026479164138436317, 0.07505452632904053, 0.13741502165794373, 2.5528342723846436, -0.3503812551498413, -0.9627211093902588, -0.6538166999816895, -1.3615727424621582, -0.7235928773880005, -1.6128968000411987, 1.2163472175598145, -0.12977224588394165, -0.9572336673736572, -0.22073478996753693, -0.08147227019071579, 2.1757125854492188, 0.9334463477134705, -1.3422598838806152, -0.23038235306739807, -1.300619125366211, 0.8232845664024353, 1.2761220932006836, -0.37782424688339233, 1.023636817932129, 1.060377836227417, 0.5716205835342407, -0.9542219042778015, 0.38873812556266785, -1.0917009115219116, 0.47346457839012146, -0.4218602478504181, -3.791952133178711, -2.1578986644744873, -0.005039937794208527, -2.790910482406616, 1.1715847253799438, -0.8141369819641113, 1.5241920948028564, 0.19129151105880737, 0.3602125644683838, 0.400572270154953, 0.8775428533554077, -0.4514726400375366, 1.2420421838760376, 0.7397304177284241, 0.8327656388282776, 0.5405595302581787, -0.7832664251327515, -1.478783130645752, 0.05741557478904724, -1.555914044380188, 0.45006507635116577, 0.460187703371048, 2.2482593059539795, -0.16119711101055145, 1.1159746646881104, 1.4705629348754883, -0.8296943306922913, 0.3713441491127014, -0.23437902331352234, 1.2546014785766602, -0.32635772228240967, 0.11665910482406616, -0.4428562521934509, -0.49771949648857117, -0.6459938287734985, 0.3184351623058319, -0.8569712042808533, 0.6461944580078125, -2.474618911743164, 1.3793166875839233, 0.9058380126953125, 2.582106113433838, 0.7398492097854614, 1.2899662256240845, 1.5452489852905273, 0.36274582147598267, -0.7655651569366455, -1.209044337272644, 0.3776486814022064, -0.7896388173103333, 0.023518603295087814, -0.4454856812953949, -0.010361485183238983, 0.42011362314224243, -0.3673035800457001, 0.5720623731613159, 0.9339004755020142, 0.6328443884849548, -1.599974513053894, 0.4929773211479187, -0.9583778381347656, 0.9397444128990173, 1.2535685300827026, 0.29407232999801636, -0.752578616142273, 0.936812162399292, 2.2819132804870605, 1.0573238134384155, -1.8305633068084717, -0.5902924537658691, -0.08530405163764954, 1.120523452758789, 0.16021040081977844, 1.108274221420288, 0.34930914640426636, -0.18926537036895752, 1.227066159248352, 0.7240292429924011, -0.08993315696716309, 1.1148351430892944, 0.5279216766357422, -0.6652079820632935, 0.6272947192192078, 0.5146607756614685, -0.7182532548904419, 0.6832679510116577]",yunet,Facenet,1920,1080,/home/amos/media/tv/modern_family/Modern.Family.S09.1080p.DSNP.WEB-DL.DDP5.1.H.264-CRFW/Modern.Family.S09E17.Royal.Visit.1080p.DSNP.WEB-DL.DDP5.1.H.264-CRFW.mkv,Modern Family,2009,1442437,9,17,Nolan Gould,147710.0,0.686
507,1092,240,1290,540,1212,354,1110,354,0.93,15048,0,"[-1.499432921409607, 0.9828908443450928, -1.6789124011993408, 0.15101692080497742, -0.26953861117362976, 0.6956074237823486, -0.6201425790786743, 0.05946279317140579, -0.8550941944122314, -1.001784086227417, 0.6775623559951782, 0.3679274320602417, 0.7060129642486572, -0.6015526056289673, 3.3526663780212402, 0.2873620390892029, -0.7167626619338989, -0.5927644968032837, -1.7168947458267212, -0.14724162220954895, -1.8691132068634033, 1.4919971227645874, -0.12854745984077454, -0.030523449182510376, -0.3942238688468933, -0.28274649381637573, 1.8945918083190918, 1.701979160308838, -0.8577622771263123, 0.02980552427470684, -1.1142148971557617, 0.7520787119865417, 0.12938489019870758, -0.5372187495231628, 0.6727414131164551, 0.5285263657569885, 1.1152632236480713, -0.5463503003120422, 0.35671335458755493, -0.15307748317718506, -0.00220361165702343, -0.2842896580696106, -2.7488176822662354, -2.4158568382263184, 0.32038524746894836, -2.1499741077423096, 1.6876660585403442, -1.1747201681137085, 2.0739288330078125, 0.3013990521430969, 0.07688701897859573, -0.01693960279226303, 1.351294755935669, 0.6852448582649231, 0.32476556301116943, 0.463238924741745, -0.05293097719550133, 0.7003495693206787, -0.4168110489845276, -0.6495159864425659, -0.24865135550498962, -1.1449590921401978, 0.8004044890403748, 0.1802188605070114, 1.9923983812332153, -0.5160056948661804, 1.7599289417266846, 1.5309456586837769, -1.0052393674850464, -0.0029066100250929594, -0.6870720982551575, 1.8572038412094116, 0.068632110953331, 0.2537081837654114, -0.8832201361656189, -0.5558382272720337, -0.809502363204956, 0.6383596062660217, -1.1483187675476074, 0.703154981136322, -2.5330810546875, 0.7318925857543945, 0.00427655503153801, 2.469249963760376, -0.43204089999198914, 1.2116930484771729, 1.476342797279358, -0.043649397790431976, -0.8092479705810547, -1.8493661880493164, 1.5576785802841187, -1.1507525444030762, -0.16100646555423737, -1.2249560356140137, 0.1499367654323578, 0.5188537240028381, -0.22991061210632324, -0.04677550494670868, 1.7653632164001465, 0.5855227112770081, -1.1771554946899414, 0.8311508893966675, -0.5602509379386902, 0.8585308790206909, 1.158185362815857, 0.36185067892074585, -1.4975398778915405, 0.08152466267347336, 2.344306707382202, 1.0451747179031372, -1.467275857925415, -0.939704954624176, 0.13385219871997833, 0.800218403339386, 0.32361900806427, 0.7527725696563721, -0.6761472225189209, 0.19815567135810852, 0.6131346225738525, 1.1811916828155518, -0.9053447842597961, 0.49106645584106445, 1.038084626197815, -0.912050724029541, 0.09518229961395264, 1.0346732139587402, -0.010256881825625896, 0.08790910243988037]",yunet,Facenet,1920,1080,/home/amos/media/tv/modern_family/Modern.Family.S09.1080p.DSNP.WEB-DL.DDP5.1.H.264-CRFW/Modern.Family.S09E17.Royal.Visit.1080p.DSNP.WEB-DL.DDP5.1.H.264-CRFW.mkv,Modern Family,2009,1442437,9,17,Nolan Gould,147710.0,0.715
508,672,168,864,462,846,288,822,288,0.901,15048,1,"[-1.322068452835083, 0.12866227328777313, -1.9009956121444702, 0.9437985420227051, 1.1109511852264404, -1.0911718606948853, 0.28032976388931274, 0.41001564264297485, -0.015389565378427505, 1.043632984161377, 0.9720624089241028, -1.3826297521591187, -0.351897656917572, -0.8657608032226562, -0.15319547057151794, 1.1884336471557617, -0.4191341996192932, -0.962288498878479, -1.319140911102295, -0.6741626262664795, -0.08492466062307358, 1.6061241626739502, 0.3440350294113159, -0.11120706051588058, 0.9946848750114441, 0.7856903672218323, 0.8676562309265137, 1.1126258373260498, -0.3743991255760193, 0.5927332043647766, -0.3681113123893738, 0.5077236890792847, 0.0348966009914875, 0.22506394982337952, 0.685824990272522, 0.7291106581687927, 0.33761081099510193, -1.5328506231307983, -0.031556859612464905, -1.1808584928512573, -0.610882580280304, 0.38825222849845886, -1.871925950050354, -0.6368193030357361, 0.73164963722229, -0.9290841221809387, 0.6157307624816895, -0.14020222425460815, -0.22531160712242126, 1.4514023065567017, -0.14661981165409088, 0.5187132358551025, -0.9199901223182678, 0.5122771859169006, -1.204050064086914, -0.5740545392036438, 1.4755475521087646, -0.5434761047363281, -1.4507488012313843, -0.3753027021884918, 0.04510039836168289, -0.7121554017066956, 0.2644713222980499, -0.20467379689216614, 1.0641732215881348, -1.197292447090149, -0.40664148330688477, 0.9200783371925354, -0.33360302448272705, -1.595534086227417, 0.16057878732681274, -0.49599772691726685, -0.6339523196220398, -0.37974148988723755, 2.2870500087738037, -0.194597527384758, 0.8487191200256348, 1.4251124858856201, 1.0097334384918213, 0.3148559331893921, -1.2272653579711914, 1.2311376333236694, 0.09886092692613602, -1.1365886926651, -0.810104250907898, 2.1748571395874023, -0.5419583916664124, 1.3581228256225586, 0.5127547979354858, 0.5511358976364136, 0.5917604565620422, 1.205754280090332, 1.0077964067459106, 0.8366951942443848, 1.569044589996338, 0.8095189332962036, -1.17874014377594, 0.03804977238178253, -1.0568568706512451, 0.26059940457344055, 0.6509665846824646, 1.016884684562683, -0.5648386478424072, -2.336338520050049, 0.7107125520706177, -0.93175208568573, -0.3240797817707062, 0.6877585649490356, 0.46070754528045654, -0.40136000514030457, -1.3969100713729858, 0.03912581503391266, 0.6092003583908081, 0.3533305525779724, 1.03408682346344, 0.42908912897109985, 0.52910315990448, -0.4252418279647827, 0.15943242609500885, 1.7245734930038452, -0.5069433450698853, -0.23421597480773926, 0.09667129069566727, -0.3903920650482178, 1.286831259727478, -0.5629698038101196, 0.17228630185127258, 0.5943784117698669]",yunet,Facenet,1920,1080,/home/amos/media/tv/modern_family/Modern.Family.S09.1080p.DSNP.WEB-DL.DDP5.1.H.264-CRFW/Modern.Family.S09E17.Royal.Visit.1080p.DSNP.WEB-DL.DDP5.1.H.264-CRFW.mkv,Modern Family,2009,1442437,9,17,Jimmy Tatro,1304335.0,0.642
509,414,156,654,468,624,276,522,276,0.911,15072,0,"[-0.42780616879463196, 2.4758708477020264, -1.5408574342727661, 0.9029794335365295, 0.3264804482460022, -1.3284578323364258, -1.1143181324005127, -1.484106421470642, 0.8480300903320312, -0.4026033282279968, 2.466991424560547, -0.5741407871246338, 0.14597654342651367, -1.3264358043670654, 1.0432910919189453, 0.9355997443199158, 0.12989169359207153, -0.1342000961303711, -2.2305006980895996, 0.6511224508285522, -0.721950888633728, 1.3352856636047363, -0.05633135139942169, -0.5898824334144592, 0.676133930683136, 0.17525514960289001, 1.1238056421279907, 0.9737048149108887, 0.11836076527833939, 1.646857738494873, 0.1140306144952774, -0.63804692029953, -1.148290753364563, -0.19862982630729675, 0.47449779510498047, 1.5839585065841675, 1.050297498703003, -0.5312086939811707, 0.4972655773162842, 0.2486886829137802, 0.05261436104774475, -0.17139630019664764, -0.9946185350418091, -0.2257465273141861, 0.5947737097740173, 0.05267789587378502, 0.39381706714630127, -1.3496195077896118, 0.7151308059692383, 1.6732009649276733, -0.7114468216896057, -0.9845343828201294, 1.5581902265548706, 2.185694456100464, -1.3772133588790894, -1.476595163345337, 1.9378219842910767, -0.5331322550773621, -0.7528069615364075, -0.9518075585365295, -0.4683469235897064, 0.7092922329902649, -0.029629245400428772, -0.15817001461982727, 1.7191574573516846, -0.3269662857055664, 0.41755861043930054, -1.333838939666748, -1.2161539793014526, -0.8431051969528198, 0.08888357132673264, 0.5170763731002808, -1.0000791549682617, -0.9864692687988281, 0.34425613284111023, 0.1797688752412796, 0.7063214778900146, 1.1211628913879395, 1.2204406261444092, -0.1936461627483368, -0.34545084834098816, 0.6023387908935547, 1.727550745010376, -0.3955208361148834, 0.5468939542770386, 2.346184015274048, -1.5623478889465332, 2.498857021331787, -0.0013145655393600464, -0.8924822211265564, 1.733870267868042, 0.7178279757499695, 0.7314342856407166, -0.14394217729568481, 0.8492639660835266, 1.4373830556869507, -0.669097363948822, -0.7904719710350037, -0.2536851167678833, -1.292273759841919, 0.15654447674751282, 1.3253933191299438, 0.27802085876464844, -1.32001793384552, 0.5757888555526733, 1.4736374616622925, -0.18434201180934906, 2.601747751235962, 1.2548881769180298, -0.4222705662250519, -0.6083172559738159, -0.4487927556037903, -0.4118553400039673, 0.5954456329345703, 0.12581488490104675, 0.42253220081329346, -0.2564579248428345, -0.3343668580055237, 0.9709790945053101, 0.8316382169723511, 0.28400683403015137, -0.8215621709823608, 1.6257522106170654, -3.6051809787750244, 1.246517300605774, -1.0085954666137695, 0.7194450497627258, -0.6893342137336731]",yunet,Facenet,1920,1080,/home/amos/media/tv/modern_family/Modern.Family.S09.1080p.DSNP.WEB-DL.DDP5.1.H.264-CRFW/Modern.Family.S09E17.Royal.Visit.1080p.DSNP.WEB-DL.DDP5.1.H.264-CRFW.mkv,Modern Family,2009,1442437,9,17,Jimmy Tatro,1304335.0,0.727
510,408,150,642,462,588,270,486,276,0.912,15096,0,"[-1.9090503454208374, 2.175032138824463, -1.2669507265090942, 0.8758766055107117, 0.494280606508255, -1.0055700540542603, -0.05198601260781288, -1.6907814741134644, 0.9909083247184753, 0.17968131601810455, 2.521148920059204, -0.9227970838546753, -0.16958314180374146, -2.207185745239258, 0.6559175252914429, 1.784569501876831, -0.3899928331375122, -0.13149067759513855, -3.10772705078125, 0.28360435366630554, -0.15563669800758362, 1.2327290773391724, -0.15881624817848206, 0.6613936424255371, 1.1445505619049072, 1.3772861957550049, 2.119056224822998, 0.8533867597579956, 0.3483847379684448, 0.3525060713291168, 0.7412265539169312, -0.05701383575797081, 0.03317933902144432, -0.4576292932033539, 0.4352279305458069, -0.018174443393945694, 1.0118815898895264, -0.47079241275787354, 1.356518030166626, -0.26132941246032715, -0.8499476909637451, -0.7376512885093689, -1.6228537559509277, -0.6385393738746643, 0.5305677056312561, 0.16720494627952576, -0.04749099910259247, -1.2642711400985718, 1.3533152341842651, 1.269860863685608, -0.10980913043022156, -0.6505180597305298, 2.0616259574890137, 1.7971328496932983, -0.2646368145942688, -0.5314964056015015, 2.01185941696167, -1.4245026111602783, -0.48192304372787476, -0.18513822555541992, -0.5191315412521362, 0.5906358361244202, -0.5995099544525146, -0.19094716012477875, 1.7954822778701782, -0.25683993101119995, 0.7163218259811401, -0.91734778881073, -0.33772143721580505, -1.1720411777496338, -1.1427743434906006, 0.5229485034942627, -1.2076884508132935, -1.0452152490615845, 0.013052523136138916, -0.2325877845287323, -0.2688887417316437, 0.897247314453125, 1.293055534362793, -0.07596299052238464, -0.8233271241188049, 0.43406346440315247, 1.1845424175262451, -0.24831052124500275, 0.49481937289237976, 3.1438074111938477, -1.3018152713775635, 2.593700885772705, -0.21212127804756165, -0.1968563050031662, 1.6380643844604492, 0.5527251958847046, 0.9888540506362915, -0.0029614996165037155, 1.6148899793624878, 1.2743663787841797, -0.736745297908783, -0.5659815073013306, 0.040504373610019684, -1.7353476285934448, 0.34919166564941406, 0.36832931637763977, -0.04675343632698059, -0.7152047753334045, 0.4421091675758362, 0.9492408037185669, -1.2494065761566162, 2.314967155456543, 0.6872449517250061, -0.2763749361038208, -0.8221486806869507, -0.6277166604995728, -0.15375958383083344, 0.2344737946987152, -0.20464718341827393, 1.1709281206130981, -0.5884760618209839, -0.19356641173362732, 0.794818103313446, 1.2662638425827026, 0.6978367567062378, -1.2870084047317505, 1.2107455730438232, -2.569387435913086, 0.6720643639564514, -0.8434596061706543, 1.4756489992141724, -0.7061803936958313]",yunet,Facenet,1920,1080,/home/amos/media/tv/modern_family/Modern.Family.S09.1080p.DSNP.WEB-DL.DDP5.1.H.264-CRFW/Modern.Family.S09E17.Royal.Visit.1080p.DSNP.WEB-DL.DDP5.1.H.264-CRFW.mkv,Modern Family,2009,1442437,9,17,Jimmy Tatro,1304335.0,0.764
511,1380,210,1578,522,1452,324,1422,318,0.908,15096,1,"[0.843238115310669, 0.7596837282180786, -1.7809327840805054, -0.876146137714386, -1.1724461317062378, 0.520796537399292, 0.7029423713684082, -0.6201260685920715, -1.4015620946884155, 1.4623324871063232, 0.2525596022605896, -0.39331725239753723, 0.01625961810350418, -1.4994946718215942, 0.8679347038269043, 0.9686515927314758, -1.3123418092727661, -1.0696405172348022, -0.2796582877635956, -1.5756102800369263, -0.04684676602482796, 0.5264331698417664, 0.25611358880996704, -2.17598819732666, 0.018184754997491837, -0.052162885665893555, 1.5212361812591553, 1.3556755781173706, 0.1175023764371872, 0.7131469249725342, -0.8871171474456787, 1.6935136318206787, 2.223355770111084, -1.0084261894226074, -0.11136329919099808, -0.29649585485458374, -0.362966388463974, 0.48659747838974, 0.2412703037261963, -2.4520463943481445, 0.17477872967720032, 1.225766897201538, -2.7419896125793457, -2.7559001445770264, 1.1510212421417236, -1.5972284078598022, -0.17330951988697052, 0.6979557275772095, 1.1515251398086548, -0.06991361081600189, 0.02607867866754532, -0.7343243360519409, 0.1699334681034088, 1.6177687644958496, 0.2950882613658905, 0.07633555680513382, -0.9416869878768921, 0.7878201603889465, -0.6768307089805603, -1.2331784963607788, -0.9021884202957153, -0.6220989227294922, 0.19117194414138794, 0.9977370500564575, 1.4773820638656616, -0.9405800700187683, 0.2231580764055252, 0.8137250542640686, 0.8669021725654602, 0.12754271924495697, -0.9709944128990173, 0.9024583101272583, -1.3971458673477173, -0.2216402143239975, -0.007114000618457794, -0.7056636214256287, -1.376001000404358, 0.6225128769874573, 1.9407165050506592, -0.329145222902298, -0.2938099503517151, 0.5080548524856567, 0.2477385699748993, -0.7390096783638, -0.19761428236961365, 0.500841498374939, 0.5903493762016296, 0.33980315923690796, -0.49177899956703186, -1.1483218669891357, 0.38368675112724304, 0.9192011952400208, 1.5755566358566284, 0.753696620464325, 1.1846015453338623, 0.24993182718753815, -1.2685002088546753, -0.2867240905761719, 0.33100399374961853, 0.25208359956741333, -0.9049190878868103, 0.9630706906318665, -0.37409576773643494, -0.04642486572265625, 0.19281551241874695, 1.1418184041976929, -0.8981956839561462, 0.30075016617774963, -0.16592645645141602, 1.546705722808838, -2.013429641723633, -0.07885512709617615, -2.831758975982666, 1.0513036251068115, -0.5694343447685242, 2.087700366973877, -0.9517836570739746, -1.1364344358444214, -0.74069744348526, 0.758415937423706, -0.44998282194137573, 1.488548755645752, 1.369523286819458, 0.9783266186714172, 1.1800391674041748, 0.31276291608810425, 0.20525524020195007, 0.4669025242328644]",yunet,Facenet,1920,1080,/home/amos/media/tv/modern_family/Modern.Family.S09.1080p.DSNP.WEB-DL.DDP5.1.H.264-CRFW/Modern.Family.S09E17.Royal.Visit.1080p.DSNP.WEB-DL.DDP5.1.H.264-CRFW.mkv,Modern Family,2009,1442437,9,17,,,
512,444,150,678,462,648,258,552,264,0.919,15120,0,"[-0.8394893407821655, 2.1358447074890137, -1.5410659313201904, 1.440601110458374, -0.0037414738908410072, -1.007599949836731, -0.6600119471549988, -1.0840983390808105, 0.8494217395782471, 0.8126575946807861, 2.8700718879699707, -1.2702280282974243, -0.0816565528512001, -1.5931590795516968, -0.03409372270107269, 1.1043838262557983, -0.01148337870836258, -0.8546055555343628, -2.824993371963501, 0.213470458984375, -0.022520825266838074, 0.6195923686027527, 0.2826109826564789, -0.21022790670394897, 1.4144024848937988, 0.586534857749939, 1.9659405946731567, 1.3156896829605103, 0.32010936737060547, 0.73176509141922, -0.0455784797668457, 0.016733478754758835, -0.06499720364809036, -0.7740629315376282, 0.9522882103919983, 1.0757399797439575, 0.526729166507721, -0.7910451292991638, 0.7214911580085754, 0.13667051494121552, -0.02217869646847248, -0.3046579360961914, -0.9311143159866333, -0.27816301584243774, 0.41303858160972595, -0.10917629301548004, 0.08832935988903046, -1.0870846509933472, 0.3531598448753357, 0.6768937110900879, -0.09056888520717621, -0.39141806960105896, 1.4951863288879395, 2.1148722171783447, -0.9786350727081299, -0.4649727940559387, 2.4158132076263428, -1.0256359577178955, -0.7991387248039246, -1.2628750801086426, -0.341066837310791, 0.5778180956840515, 0.20267781615257263, -0.6640602350234985, 1.6269716024398804, -0.5011047720909119, 0.28617972135543823, -0.6736943125724792, -0.9130560755729675, -1.0625935792922974, -0.6282692551612854, 0.43655529618263245, -1.2198959589004517, -0.9143029451370239, 0.5102779865264893, 0.15327319502830505, 1.0932488441467285, 1.4634805917739868, 1.6437631845474243, -0.3245398700237274, 0.45470765233039856, 0.5580278635025024, 1.6814484596252441, -1.0190237760543823, 0.4979468286037445, 2.318352699279785, -1.6879409551620483, 2.1342663764953613, 0.25830236077308655, -0.294524222612381, 1.0835500955581665, 0.597456693649292, 1.3554366827011108, 0.8496150970458984, 1.0300984382629395, 1.6291673183441162, -0.643338143825531, -0.7638086676597595, -0.8148282766342163, -1.302103877067566, -0.08530943095684052, 0.8334990739822388, 0.17193984985351562, -1.1763207912445068, 0.5571176409721375, 1.126837968826294, -0.4830261170864105, 2.657409906387329, 0.9312199354171753, 0.320705384016037, -0.46215420961380005, 0.11179593205451965, -0.15823976695537567, 0.3684239685535431, -0.3635607659816742, 0.8464733362197876, -0.4004020690917969, -0.6889435648918152, 1.0404372215270996, 0.4199676811695099, 0.5029942989349365, -1.2631394863128662, 1.3578063249588013, -2.4620938301086426, 1.8643052577972412, -0.6059724688529968, 1.2928638458251953, -0.3233364224433899]",yunet,Facenet,1920,1080,/home/amos/media/tv/modern_family/Modern.Family.S09.1080p.DSNP.WEB-DL.DDP5.1.H.264-CRFW/Modern.Family.S09E17.Royal.Visit.1080p.DSNP.WEB-DL.DDP5.1.H.264-CRFW.mkv,Modern Family,2009,1442437,9,17,Jimmy Tatro,1304335.0,0.821
513,414,156,660,480,630,282,528,282,0.92,15144,0,"[-1.4386236667633057, 2.221876859664917, -1.5692341327667236, 0.8285195231437683, 0.8686679005622864, -1.2216171026229858, -0.4741215705871582, -1.9435479640960693, 1.4472063779830933, 0.45611512660980225, 2.558605670928955, -0.35598623752593994, -0.367221474647522, -1.8457257747650146, 1.1651462316513062, 1.4828323125839233, 0.3211473822593689, 0.430311381816864, -1.895790934562683, 0.8290842771530151, -0.15990309417247772, 0.4024472236633301, 0.07575593143701553, 0.12794354557991028, 0.37842634320259094, 0.9046077728271484, 2.139274835586548, 0.37855780124664307, -0.8500344157218933, 1.2074087858200073, 0.858739972114563, -0.7061273455619812, 0.06932413578033447, -0.46629950404167175, 0.3459402620792389, 1.2746220827102661, 1.0256036520004272, -0.5341889262199402, 0.874504566192627, 0.39100784063339233, -0.7841189503669739, -0.6923381090164185, -0.8995096683502197, -0.29240357875823975, 0.24713051319122314, 0.3076533377170563, -0.3378560543060303, -1.3637977838516235, 0.5906935334205627, 0.8767094612121582, -0.4907093048095703, -0.9592512845993042, 1.3526346683502197, 2.1674933433532715, -0.5717801451683044, -0.942430317401886, 2.472899913787842, -0.1808161586523056, -0.7893826961517334, -1.293416976928711, -0.5693718194961548, 1.2482819557189941, -0.10564320534467697, 0.12397703528404236, 2.378725051879883, -0.6113432049751282, 0.807775616645813, -0.8085730671882629, -0.7010574340820312, -0.181884765625, 0.1109117940068245, 0.3246544301509857, -1.170976996421814, -0.6579681634902954, -0.13024653494358063, 0.04570286348462105, 0.4451161324977875, 0.17662405967712402, 0.3647499680519104, -0.4388132095336914, -0.3901495039463043, 0.3652116358280182, 1.7262669801712036, -0.1717907041311264, 0.2612093985080719, 2.770496129989624, -1.6151480674743652, 2.892500400543213, -0.7792245149612427, -0.7158089280128479, 1.371157169342041, -0.13991503417491913, 1.2842085361480713, 0.2904004454612732, 0.251596599817276, 0.6791872978210449, -0.8089647889137268, -0.3037368059158325, -0.3662421703338623, -0.8951656222343445, -0.3025085926055908, 0.8669302463531494, 0.3415107727050781, -1.3085016012191772, 0.3493417799472809, 0.6063022017478943, -1.0582542419433594, 2.2351906299591064, 1.3105789422988892, -0.232179656624794, -1.0689462423324585, -0.2358533889055252, -0.2331686019897461, 0.7604618072509766, -0.15549246966838837, 0.733747124671936, -0.4253762662410736, -0.12850090861320496, 1.6223115921020508, 1.4127143621444702, 0.4390370845794678, -0.7060180902481079, 1.5102603435516357, -3.480181932449341, 1.4208656549453735, -1.2900238037109375, 1.6494859457015991, -0.17188189923763275]",yunet,Facenet,1920,1080,/home/amos/media/tv/modern_family/Modern.Family.S09.1080p.DSNP.WEB-DL.DDP5.1.H.264-CRFW/Modern.Family.S09E17.Royal.Visit.1080p.DSNP.WEB-DL.DDP5.1.H.264-CRFW.mkv,Modern Family,2009,1442437,9,17,Jimmy Tatro,1304335.0,0.695
514,1098,234,1314,552,1242,360,1140,360,0.934,15168,0,"[-0.6237183809280396, 2.2715187072753906, -0.6331377029418945, -0.8388348817825317, -1.3494007587432861, 0.5817775130271912, -1.2785924673080444, -1.2798080444335938, -1.13254714012146, -0.2008136510848999, 0.38775283098220825, 0.9611268043518066, -0.8798324465751648, -0.8286384344100952, 1.556478500366211, -0.37570083141326904, -1.5887731313705444, -0.6663327813148499, -1.1969549655914307, -0.61344313621521, -0.3221895098686218, 0.9995180368423462, -0.16758067905902863, -1.1657354831695557, 0.6772907972335815, 0.9636497497558594, 0.9445236921310425, 1.68937349319458, 0.41196417808532715, -0.7634881138801575, -0.9681726694107056, 1.134720802307129, 0.26675671339035034, -0.7533712983131409, 0.5922108888626099, 0.9749850630760193, 0.8276264667510986, -1.3312684297561646, 0.37359434366226196, -1.2672734260559082, 0.1065959557890892, -0.0038720322772860527, -3.3272347450256348, -2.0412724018096924, 0.33114302158355713, -0.830680251121521, 0.5141688585281372, -0.12901698052883148, 0.45313143730163574, 0.037347327917814255, -0.23132045567035675, -0.029729679226875305, 1.0872482061386108, 1.0740021467208862, 0.4984343349933624, 1.0525788068771362, -0.06861589848995209, -0.07449290156364441, 1.0015636682510376, -0.9923048615455627, 0.605780303478241, -1.3965352773666382, 0.1578250229358673, 0.5952458381652832, 1.7006549835205078, 0.6335643529891968, 1.1195098161697388, 1.1939738988876343, -0.12090256810188293, 0.3321431577205658, -1.2435858249664307, 1.0277421474456787, -0.16631457209587097, 0.12268520891666412, -0.030263613909482956, -0.19550451636314392, 0.044667571783065796, 1.1523759365081787, -0.034726157784461975, 0.2622830867767334, -1.6360286474227905, 0.20585381984710693, -0.4835793375968933, 1.7152780294418335, 0.7198477983474731, 0.12464065849781036, 0.3032800555229187, 0.009895078837871552, -0.39005085825920105, -1.0295493602752686, 0.6835265159606934, -1.1799283027648926, 0.86698979139328, -1.8954925537109375, 0.7846233248710632, 0.557587742805481, 0.23404084146022797, 0.1768151968717575, 1.8160734176635742, -0.6847881078720093, -1.846111536026001, 0.6598149538040161, -0.1891908347606659, 0.7932849526405334, 0.5827722549438477, 1.3822543621063232, -0.5547052621841431, 1.746957778930664, 1.848076343536377, 0.9310234785079956, -1.1229716539382935, -0.6065260171890259, -0.752297043800354, 0.7285742163658142, 1.1457138061523438, 2.8564534187316895, -0.48275092244148254, 0.18674808740615845, 0.759409487247467, 1.1174898147583008, 0.2770107388496399, 0.024249238893389702, 1.2650034427642822, -0.3050731420516968, 1.5931771993637085, -0.3832171857357025, 0.632420003414154, 1.1045420169830322]",yunet,Facenet,1920,1080,/home/amos/media/tv/modern_family/Modern.Family.S09.1080p.DSNP.WEB-DL.DDP5.1.H.264-CRFW/Modern.Family.S09E17.Royal.Visit.1080p.DSNP.WEB-DL.DDP5.1.H.264-CRFW.mkv,Modern Family,2009,1442437,9,17,Nolan Gould,147710.0,0.737
515,1086,216,1302,540,1224,342,1122,348,0.924,15192,0,"[-1.33749258518219, 1.1764492988586426, -0.8468503952026367, -0.5713567137718201, -0.5701772570610046, 0.4323212206363678, -0.7539210915565491, -0.7997178435325623, -1.0564002990722656, -0.9302371740341187, 0.4796587824821472, 0.22223913669586182, 0.0720590353012085, -0.7100595235824585, 2.7658331394195557, -0.5672569274902344, -1.0778783559799194, -0.8193163871765137, -1.145863652229309, -1.148510217666626, -1.1355204582214355, 1.129279613494873, -0.13898268342018127, -1.0774775743484497, 0.6313734650611877, -0.04273472726345062, 1.5857398509979248, 1.0812926292419434, -0.13163739442825317, -0.3536335229873657, -0.6554183959960938, 0.6204618811607361, 1.5743823051452637, -1.2355430126190186, 1.3924862146377563, 1.0042035579681396, 0.8440169095993042, -0.43569082021713257, -0.22150003910064697, -0.7500532865524292, 0.013564655557274818, 0.2738471031188965, -4.037501335144043, -2.04695463180542, 0.028118960559368134, -2.1966569423675537, 0.6105548739433289, -0.3214801549911499, 1.7627021074295044, -0.018138572573661804, 0.3121477961540222, 0.06983649730682373, 1.310965895652771, 0.11858434975147247, 1.0608490705490112, 0.8000802993774414, 0.1586867868900299, 0.11513306200504303, -0.33797603845596313, -0.9104169607162476, 0.5215133428573608, -1.9769412279129028, 0.21542832255363464, -0.4369729161262512, 1.166979193687439, -0.18140117824077606, 1.1548486948013306, 1.6728914976119995, -0.4312463402748108, 0.5690431594848633, -0.912225604057312, 0.8791922330856323, -0.9849299788475037, -1.0620530843734741, -0.380783349275589, -0.49985846877098083, -0.544151246547699, 0.9241347908973694, -0.9580498337745667, 0.4831499457359314, -1.8286056518554688, 0.9801031351089478, -0.1652318835258484, 2.260396957397461, 0.3880796730518341, 1.2812632322311401, 1.0738388299942017, -0.1555861234664917, -0.5313639044761658, -1.3699951171875, 0.7120623588562012, -0.7874109745025635, 0.5198157429695129, -1.1878023147583008, 0.0016124546527862549, 0.9844042062759399, -0.5142415761947632, 0.039569512009620667, 1.928830623626709, 0.4847736358642578, -1.3415228128433228, 1.042224645614624, -0.1398390680551529, 0.2851846516132355, 1.3347303867340088, 0.5410438179969788, -1.2190498113632202, 1.0767650604248047, 2.3405470848083496, 0.7868514657020569, -2.5530200004577637, -0.9906334280967712, -0.8034896850585938, 0.42222416400909424, 0.3020431697368622, 1.6568303108215332, -0.39418578147888184, -0.4980577230453491, 0.599873423576355, 1.207329511642456, -0.04387497156858444, 0.011476680636405945, 0.6007076501846313, -0.6226255297660828, 1.7160234451293945, 0.6525300741195679, -0.5661529302597046, 1.172071099281311]",yunet,Facenet,1920,1080,/home/amos/media/tv/modern_family/Modern.Family.S09.1080p.DSNP.WEB-DL.DDP5.1.H.264-CRFW/Modern.Family.S09E17.Royal.Visit.1080p.DSNP.WEB-DL.DDP5.1.H.264-CRFW.mkv,Modern Family,2009,1442437,9,17,Nolan Gould,147710.0,0.741
516,1224,258,1440,552,1362,366,1272,366,0.931,15216,0,"[-1.669998288154602, 1.590399146080017, -1.0828317403793335, 0.07809149473905563, -0.8371537327766418, 0.161798357963562, 0.04573718085885048, -0.8531116247177124, -1.22024667263031, -1.097712516784668, -0.19715800881385803, 0.3941170275211334, -0.004156157374382019, -0.8641839027404785, 2.184242010116577, -0.7221454381942749, -1.4713892936706543, -1.0517772436141968, -1.792022466659546, -0.5453585386276245, -0.8800455331802368, 0.8772913813591003, -0.688373863697052, -0.5447098612785339, -0.27722442150115967, -0.01536734402179718, 1.341383934020996, 0.8435891270637512, -0.9034380912780762, -0.4280003309249878, -0.32639485597610474, 0.6832967400550842, 1.0930109024047852, -1.053741693496704, 0.9611625075340271, 0.1988721489906311, 0.6572393178939819, -0.8882912397384644, 0.27911627292633057, -0.49148812890052795, -0.3564800024032593, 0.3626120984554291, -3.748337745666504, -1.771832823753357, 0.2656964063644409, -1.7887589931488037, 0.8462528586387634, 0.45268452167510986, 1.0748897790908813, -0.29761531949043274, -0.1444598287343979, 0.031301334500312805, 1.3632291555404663, 0.23122026026248932, 1.1930320262908936, 0.9705405235290527, 0.6551574468612671, 0.6648836731910706, -0.13250690698623657, -0.9769831299781799, -0.2125914990901947, -1.4048972129821777, -0.3731966018676758, -0.03881628438830376, 1.4066250324249268, -0.006634481251239777, 1.2546974420547485, 1.5594782829284668, -0.6420231461524963, 0.5650701522827148, -0.5953850746154785, 1.0813933610916138, -0.6833021640777588, -0.4215549826622009, -1.385218858718872, -0.6492690443992615, -0.9275587797164917, 0.9480963349342346, -0.8956795930862427, 0.21169055998325348, -1.1822164058685303, 0.06756666302680969, -0.24622148275375366, 1.9736428260803223, 0.2879272699356079, 1.0064916610717773, 1.0654878616333008, -0.17527678608894348, -1.1640013456344604, -1.5068039894104004, 1.1497365236282349, -1.365591287612915, -0.0017759092152118683, -1.4307374954223633, -0.12931962311267853, 0.8432583808898926, 0.19502723217010498, -0.0680743008852005, 2.04055118560791, 0.4050425887107849, -1.9366862773895264, 0.6716005206108093, -0.6060484051704407, 0.8184167146682739, 0.7302342653274536, -0.3945108652114868, -0.7841250896453857, 0.4003646671772003, 2.257126808166504, 1.1720982789993286, -2.456536054611206, -1.386555790901184, 0.015246160328388214, 0.804398238658905, -0.5597677230834961, 1.821869134902954, -0.6280103921890259, -0.060566917061805725, 0.63816237449646, 1.3975529670715332, 0.006025742739439011, 0.16087110340595245, 0.36770957708358765, -0.9495282173156738, 1.1525534391403198, 0.5530125498771667, -0.06940817832946777, 0.5812394022941589]",yunet,Facenet,1920,1080,/home/amos/media/tv/modern_family/Modern.Family.S09.1080p.DSNP.WEB-DL.DDP5.1.H.264-CRFW/Modern.Family.S09E17.Royal.Visit.1080p.DSNP.WEB-DL.DDP5.1.H.264-CRFW.mkv,Modern Family,2009,1442437,9,17,Nolan Gould,147710.0,0.782
517,330,156,576,486,558,288,456,288,0.929,15216,1,"[-1.9704362154006958, 1.9624625444412231, -1.0313048362731934, -0.06422239542007446, -0.07307461649179459, -1.4275436401367188, -0.7032920718193054, -1.020245909690857, -0.8513839840888977, -0.37917453050613403, 2.046799421310425, -0.5879904627799988, 1.057041049003601, -2.5792813301086426, 1.1661838293075562, 1.7318973541259766, -1.391783356666565, -0.5860283970832825, -1.4214296340942383, -0.45919233560562134, -1.2412171363830566, 1.6280975341796875, -1.2795261144638062, -0.3450232446193695, -0.4206814765930176, 2.4268388748168945, 1.4813238382339478, 2.38470458984375, -0.31100499629974365, 1.0129005908966064, -0.7131801843643188, 1.1739933490753174, 0.4116463363170624, -1.582619309425354, 1.1923762559890747, 0.5872753262519836, 1.5454274415969849, -1.316920280456543, 0.6549068093299866, 0.22769711911678314, 0.30328568816185, -0.4432763457298279, -1.2537626028060913, -0.7914597392082214, 0.8532652258872986, -0.9913877248764038, 0.20099814236164093, -0.35753828287124634, 1.7453362941741943, 0.998627781867981, 0.6049927473068237, 0.15376536548137665, 1.2851629257202148, 2.007713794708252, -0.5890235900878906, -0.47479718923568726, 0.646269679069519, -1.4281651973724365, -0.49660903215408325, 0.4935421645641327, -0.13096383213996887, -0.9082184433937073, -0.232103168964386, -0.2725302577018738, 0.9398218393325806, -0.07844099402427673, 1.0802727937698364, -0.4993438720703125, 0.06475133448839188, 0.03321726620197296, -0.13754455745220184, 0.23608657717704773, -0.35061079263687134, -0.10584453493356705, 0.7696654796600342, -0.16748309135437012, -0.1672167181968689, 2.0264079570770264, 1.1270055770874023, 0.015394307672977448, -0.5014495849609375, 0.8748377561569214, -0.12252800911664963, -0.19843700528144836, 0.6011853218078613, 1.219899296760559, -1.4364595413208008, 1.7305959463119507, -0.19748881459236145, -0.3014979064464569, 0.6099561452865601, 0.06318402290344238, 1.270469069480896, -0.663411557674408, 0.7189750075340271, 1.558919072151184, -0.6985851526260376, 0.42704352736473083, -0.5535801649093628, -1.7616114616394043, 0.7288087606430054, -0.8127579689025879, 0.4337743818759918, -0.6737658381462097, -0.0019762739539146423, 0.9913749098777771, -0.40010136365890503, 2.0927841663360596, 0.6538506746292114, 1.3137524127960205, -0.7618228197097778, -0.6117056012153625, -0.4628309905529022, 0.8349297046661377, 0.5130100250244141, 0.5947291851043701, 0.16246314346790314, -1.6403597593307495, 0.3858279883861542, 1.298401117324829, 0.8241418600082397, -2.0234007835388184, 1.250748634338379, -1.181749701499939, 1.1690577268600464, -0.23128151893615723, 1.2146756649017334, 0.6783894300460815]",yunet,Facenet,1920,1080,/home/amos/media/tv/modern_family/Modern.Family.S09.1080p.DSNP.WEB-DL.DDP5.1.H.264-CRFW/Modern.Family.S09E17.Royal.Visit.1080p.DSNP.WEB-DL.DDP5.1.H.264-CRFW.mkv,Modern Family,2009,1442437,9,17,Jimmy Tatro,1304335.0,0.701
518,882,258,1068,510,1008,360,912,360,0.928,15264,0,"[0.23002763092517853, -1.3710424900054932, -0.03428178280591965, -1.4081238508224487, -0.036580272018909454, 1.4028741121292114, 0.85905522108078, 0.7097613215446472, 0.8332660794258118, -0.8103693127632141, 0.8009280562400818, -0.39563143253326416, -2.093895673751831, 0.7124432325363159, -1.483058214187622, -1.1465829610824585, 0.015001926571130753, -1.3645250797271729, 0.35429394245147705, -0.7971320152282715, 1.4505219459533691, -1.887477159500122, 0.4525149464607239, -1.5575764179229736, -0.7260730862617493, -1.3145955801010132, 0.8353588581085205, -2.288249969482422, 0.4032973647117615, -0.24168258905410767, -0.35871174931526184, 1.2216979265213013, 0.4807361364364624, 0.3330640196800232, -0.9946944713592529, -0.09230338037014008, -1.6421163082122803, 0.5391625165939331, 1.105222463607788, -1.1731902360916138, 0.3007245659828186, 0.23679548501968384, -2.9500699043273926, -2.00586199760437, 0.5510775446891785, -2.2191858291625977, -0.40133872628211975, 2.033512592315674, 0.7158840298652649, -0.2660825252532959, -1.2085425853729248, 0.7868492007255554, -0.2968865633010864, -0.7413468360900879, 0.5756726861000061, 0.10549450665712357, 1.4814342260360718, 1.6220494508743286, -0.9049226641654968, 0.1953229308128357, -1.119714617729187, -1.715602993965149, 0.2792856693267822, 1.2430367469787598, 0.8003736138343811, 0.36582958698272705, 0.9227762222290039, 1.32607102394104, -0.4635941982269287, -0.11585776507854462, -1.1625109910964966, 0.9372642040252686, -2.0617077350616455, 1.6835713386535645, 0.16946755349636078, -1.0544601678848267, -1.1582694053649902, -0.5119003057479858, -1.3299576044082642, -0.27021104097366333, -2.198294162750244, -0.07353681325912476, 0.6096513867378235, -2.4756603240966797, -0.15978547930717468, 0.9076926708221436, -0.003384854644536972, -1.0038260221481323, -1.1773371696472168, -0.5182451605796814, -0.26963096857070923, 1.0067607164382935, 0.5781971216201782, 0.746417224407196, 0.8301522731781006, 0.3684988021850586, -2.328801393508911, 0.7287466526031494, -0.17811016738414764, 0.25708314776420593, -0.9187294840812683, -0.6818156242370605, -0.41100913286209106, 0.4371532201766968, 0.6359187364578247, 0.4401138424873352, 0.08949081599712372, -0.4805574119091034, -0.29483509063720703, -0.7595300674438477, -0.6930358409881592, -0.25656944513320923, -0.262007474899292, -0.544154703617096, -0.8507137894630432, 1.4070665836334229, 0.8021535873413086, 0.03397650271654129, -1.012312412261963, 1.1492269039154053, -1.3327943086624146, 2.0308289527893066, 0.2183985710144043, -0.48596224188804626, -0.717982292175293, 0.9700966477394104, -1.8107386827468872, -0.0867583155632019]",yunet,Facenet,1920,1080,/home/amos/media/tv/modern_family/Modern.Family.S09.1080p.DSNP.WEB-DL.DDP5.1.H.264-CRFW/Modern.Family.S09E17.Royal.Visit.1080p.DSNP.WEB-DL.DDP5.1.H.264-CRFW.mkv,Modern Family,2009,1442437,9,17,Chris Geere,62879.0,0.597
519,654,252,858,534,774,360,696,360,0.928,15288,0,"[-0.27330049872398376, -1.645948886871338, 0.04522714018821716, -1.2444440126419067, -0.2985321879386902, 1.795621633529663, 0.9175432920455933, 0.7469301819801331, 0.7816044688224792, -0.2850915789604187, 0.9473047852516174, -0.3797703683376312, -2.3505566120147705, 0.5356858968734741, -1.4747307300567627, -0.7583036422729492, -0.09964272379875183, -1.6122807264328003, -0.24445214867591858, -1.4035828113555908, 1.9356902837753296, -2.25294828414917, -0.009201772511005402, -1.8477264642715454, -0.09971009194850922, -1.4336905479431152, 0.722344160079956, -2.2474422454833984, 0.34993940591812134, 0.17395271360874176, -0.009199827909469604, 1.2863795757293701, 0.4458619952201843, 0.40532952547073364, -0.7856963276863098, -1.0801606178283691, -1.2293366193771362, 0.7474942803382874, 0.6496598720550537, -0.7503702640533447, 0.7451449632644653, 0.24224022030830383, -2.314917802810669, -1.6830352544784546, 0.19046515226364136, -2.1552813053131104, 0.17307265102863312, 2.5196542739868164, 0.2657776474952698, -0.23398861289024353, -1.1876039505004883, 1.2380017042160034, -0.13889101147651672, -0.5385421514511108, 0.40625256299972534, 0.21920080482959747, 1.7963818311691284, 1.4998884201049805, -0.8522769808769226, -0.042389824986457825, -0.6452329754829407, -1.8043863773345947, 0.1530294418334961, 1.6005245447158813, 0.8124285340309143, -0.3340302109718323, 0.26841646432876587, 1.4067574739456177, -0.9395609498023987, -1.3479375839233398, -1.1305489540100098, 0.1941303014755249, -1.7969510555267334, 1.3361274003982544, 0.49297523498535156, -1.07180655002594, -0.13923710584640503, 0.18151669204235077, -1.5199042558670044, -0.24745164811611176, -2.4849650859832764, -0.6549468040466309, 0.007405851036310196, -2.4392616748809814, -0.573530912399292, 0.6647865772247314, 0.23426784574985504, -1.1928101778030396, -1.0671197175979614, -0.08908334374427795, -1.0674253702163696, 0.2700994610786438, 1.4303845167160034, 0.5754351615905762, 1.7112022638320923, 0.6261599063873291, -1.6786412000656128, 0.8075868487358093, -0.45857569575309753, 0.25216397643089294, -0.3513367176055908, -0.6170926094055176, -0.5026997923851013, 0.611287534236908, 0.6090680956840515, 0.38840430974960327, -0.4819522202014923, -0.7875319719314575, -0.06160585582256317, -0.43919017910957336, -0.5574477910995483, -0.2556527256965637, 0.3658360540866852, -0.927239179611206, -1.2321215867996216, 0.9048049449920654, 0.3280985653400421, 0.26355689764022827, -1.3608838319778442, 0.8943368196487427, -1.5454895496368408, 1.3838785886764526, 0.08583541214466095, 0.46890386939048767, -0.7681434750556946, 1.5731977224349976, -1.8844788074493408, 0.8336595892906189]",yunet,Facenet,1920,1080,/home/amos/media/tv/modern_family/Modern.Family.S09.1080p.DSNP.WEB-DL.DDP5.1.H.264-CRFW/Modern.Family.S09E17.Royal.Visit.1080p.DSNP.WEB-DL.DDP5.1.H.264-CRFW.mkv,Modern Family,2009,1442437,9,17,Chris Geere,62879.0,0.58
520,582,174,750,396,696,264,618,264,0.939,15336,0,"[0.05994589626789093, -1.4071874618530273, -1.3369907140731812, -1.0209436416625977, -0.5276056528091431, 1.3781630992889404, 0.6848891973495483, 1.0421572923660278, -0.3312922418117523, -0.2854591906070709, 0.9012762308120728, -0.9921453595161438, -1.9613895416259766, 0.03294792026281357, -0.3355078399181366, -1.5614155530929565, -0.6386998891830444, -1.0438423156738281, 0.5571120381355286, -1.9259922504425049, 0.09520725905895233, -1.5170848369598389, -0.17611578106880188, -2.0797102451324463, -0.40406522154808044, -0.14989280700683594, 1.2003114223480225, -2.0930819511413574, 0.0541452132165432, 0.5364856123924255, -0.3394484519958496, 1.9304611682891846, 0.1133149266242981, -0.48926985263824463, -0.47279244661331177, 0.08398734033107758, -0.5473018884658813, 0.903069794178009, 0.8342517018318176, -1.1141047477722168, 1.1420978307724, 1.1219502687454224, -2.0452499389648438, -1.7240902185440063, 0.9721861481666565, -1.4181259870529175, 0.21693155169487, 2.1231775283813477, 0.9590229392051697, -0.40399491786956787, -0.33364564180374146, 0.8369660377502441, -0.07655823975801468, 0.6686813831329346, 0.3263891637325287, -0.4184201955795288, 0.4026040732860565, 1.3665015697479248, -1.4108819961547852, -0.9013419151306152, -0.3344496190547943, -1.8145991563796997, 0.2448146641254425, 1.12399423122406, 1.175295352935791, 0.5426835417747498, -0.0015177130699157715, 1.0187160968780518, -0.6662690043449402, -0.4121159315109253, -0.22698955237865448, 1.1280633211135864, -1.6157042980194092, 1.4295028448104858, 0.1249288022518158, -0.9028100371360779, -1.1809368133544922, 1.1243895292282104, -0.8324965238571167, 0.841412365436554, -2.566770076751709, 0.6055991649627686, -0.038723595440387726, -1.7181938886642456, -0.7368348240852356, 0.5306329727172852, -0.006526879966259003, -0.6609382629394531, -0.9359092712402344, -0.6435096263885498, -0.13360685110092163, 0.9786741137504578, 0.8136157393455505, 1.5419765710830688, 0.7826284766197205, 1.2302706241607666, -1.0159379243850708, 1.2067325115203857, -0.21808117628097534, 0.05531492084264755, -0.7810787558555603, -1.199664831161499, 0.318643718957901, 0.6206085681915283, 0.47328490018844604, 0.7369634509086609, -0.4209842383861542, 0.4484458863735199, 0.46490609645843506, 0.10871285200119019, -1.1127465963363647, -1.3298026323318481, -0.24892911314964294, -0.5398198962211609, -0.9331191182136536, 1.5789552927017212, -0.14102774858474731, -0.6056563854217529, -0.7739293575286865, 0.5100193619728088, -1.983689546585083, 1.467105507850647, 0.1688392162322998, 0.518720805644989, -1.074623465538025, 1.324729084968567, -2.058152914047241, -0.44529300928115845]",yunet,Facenet,1920,1080,/home/amos/media/tv/modern_family/Modern.Family.S09.1080p.DSNP.WEB-DL.DDP5.1.H.264-CRFW/Modern.Family.S09E17.Royal.Visit.1080p.DSNP.WEB-DL.DDP5.1.H.264-CRFW.mkv,Modern Family,2009,1442437,9,17,Chris Geere,62879.0,0.683
521,666,162,846,408,792,258,702,258,0.935,15360,0,"[-0.019452877342700958, -1.534487247467041, -0.894505500793457, -1.303472638130188, -0.014322565868496895, 1.0488331317901611, 0.20260168612003326, 1.635319709777832, 0.49572816491127014, -0.5377838611602783, 0.05372650921344757, -1.3573074340820312, -2.1275150775909424, 1.0020995140075684, -0.15401563048362732, -1.6715178489685059, -0.3883455693721771, -1.041040062904358, 0.4474152624607086, -1.7779017686843872, -0.2309122383594513, -1.1989983320236206, -0.6271717548370361, -1.5412625074386597, -0.5061188340187073, -0.8576061725616455, 0.28011780977249146, -1.8343079090118408, -0.15290485322475433, -0.1039402112364769, -0.37547096610069275, 1.22982656955719, 0.4212717115879059, -0.40115785598754883, -0.3962813913822174, 1.1332043409347534, -1.141883373260498, 0.7556858062744141, 0.5187889337539673, -1.007015585899353, 0.807659924030304, 0.7833605408668518, -2.6514651775360107, -1.7611804008483887, 0.5334084630012512, -2.273902654647827, -0.6180700659751892, 2.80790376663208, 0.4335401654243469, -0.6747586727142334, 0.14898277819156647, 1.3820536136627197, -0.8440104126930237, 0.257148802280426, 0.33931291103363037, -0.5173959136009216, 1.054028034210205, 0.9563559293746948, -2.4329380989074707, -0.5597960352897644, -0.7671673893928528, -1.9522998332977295, -0.027924291789531708, 1.4464000463485718, 1.4746270179748535, 0.3426259160041809, 0.39193904399871826, 1.1897200345993042, -0.3734664022922516, -0.3087593615055084, 0.04605233669281006, 0.7275228500366211, -1.8896640539169312, 0.829639196395874, 0.5022010803222656, -1.0429749488830566, -1.562356948852539, 0.09194160252809525, -1.314546823501587, 0.9204422235488892, -1.959174394607544, 0.8497482538223267, 0.6879237294197083, -1.724150538444519, -1.1000416278839111, 0.6171227693557739, -0.04585137963294983, -0.5094664692878723, -0.6562021970748901, -0.4198721647262573, -0.011526934802532196, 0.8204716444015503, 0.5810620784759521, 1.6316924095153809, 0.1692790389060974, 1.2183291912078857, -1.6240220069885254, 1.116666316986084, -0.09020161628723145, 1.227401614189148, -0.6870306134223938, -0.3303906321525574, -0.9050770998001099, 0.2036433219909668, 0.3042488098144531, -0.053887948393821716, -0.6096749305725098, -0.5246404409408569, 0.9826760292053223, -0.13724185526371002, -2.00716495513916, -0.992428719997406, -0.3254892826080322, -0.7281697392463684, -0.7588810324668884, 0.7337932586669922, 0.7418254613876343, -0.6136944890022278, -0.7185221910476685, 0.38987430930137634, -1.8720663785934448, 1.753678321838379, -0.03864412009716034, -0.41353267431259155, -0.5007787346839905, 1.4887481927871704, -2.017838478088379, -0.03872378170490265]",yunet,Facenet,1920,1080,/home/amos/media/tv/modern_family/Modern.Family.S09.1080p.DSNP.WEB-DL.DDP5.1.H.264-CRFW/Modern.Family.S09E17.Royal.Visit.1080p.DSNP.WEB-DL.DDP5.1.H.264-CRFW.mkv,Modern Family,2009,1442437,9,17,Chris Geere,62879.0,0.632
522,234,168,384,372,360,246,300,246,0.914,15384,0,"[0.6148312091827393, 0.611679196357727, 0.897727370262146, 0.5092834234237671, -0.2975276708602905, -0.1459440290927887, -0.5673766732215881, -0.2603394389152527, -0.38749948143959045, -0.490928053855896, 0.7826712727546692, 0.4414149820804596, 1.1223210096359253, -1.2245190143585205, -1.657994270324707, 0.3319116234779358, -0.22382265329360962, -0.8710317611694336, -0.826170802116394, 1.2764384746551514, -1.2163783311843872, 1.7114417552947998, -0.35903099179267883, 0.38356369733810425, -0.6817175149917603, 1.5306272506713867, -1.6359285116195679, 1.9870643615722656, 0.9314478635787964, -1.4528659582138062, -0.4456644356250763, -0.5948519706726074, -0.6478974223136902, -0.8030278086662292, 0.6768538951873779, 1.4393565654754639, 0.48851895332336426, 0.14158540964126587, 0.9120050668716431, 1.0853779315948486, 1.1865960359573364, 0.8275007009506226, -1.0478804111480713, 0.5655171275138855, -0.016052739694714546, 0.5161137580871582, 0.35160696506500244, 0.062105774879455566, 0.3583950996398926, -1.7461014986038208, 0.6872610449790955, -0.8355498909950256, -0.6192309260368347, -1.0355054140090942, -0.23864227533340454, 0.6432367563247681, 1.8061773777008057, 0.6167637705802917, 0.6201527714729309, -0.21692809462547302, 0.8828216791152954, -0.7588625550270081, -1.2437920570373535, -0.16007713973522186, -0.3287401795387268, 2.2190935611724854, 1.8918524980545044, 0.2608330547809601, 1.4593403339385986, 0.3191063106060028, -0.5556764006614685, 1.301048755645752, -1.3187613487243652, 1.3484182357788086, 0.6049639582633972, 1.2223800420761108, -0.6053191423416138, 2.309138774871826, 0.4438101053237915, 1.1520895957946777, -0.307856023311615, -1.4856985807418823, 0.7336966395378113, -0.599501371383667, -0.43420228362083435, -1.174875259399414, -0.07169634848833084, 0.44997209310531616, -0.4792329967021942, -0.2406538724899292, 1.0855638980865479, -1.2859927415847778, -0.23781973123550415, -0.543577253818512, 0.40356674790382385, -0.7363210916519165, 0.8058872222900391, -0.3863281011581421, 0.32462698221206665, -1.2424396276474, -0.8015762567520142, -0.12787233293056488, -2.288308620452881, 0.25292372703552246, -0.8101136088371277, 1.7769997119903564, 1.5135114192962646, -1.263882040977478, 0.06811517477035522, 0.8767939805984497, 0.4936683177947998, 1.6000423431396484, 0.5128501653671265, -0.3002324104309082, 0.5888940095901489, 2.4294955730438232, -0.35962459444999695, -1.5816147327423096, 0.26549622416496277, -0.5482092499732971, 0.2224643975496292, 0.09897029399871826, 0.045618049800395966, -1.5064619779586792, 1.506760835647583, -1.800978660583496, 0.33296677470207214, -1.1105135679244995]",yunet,Facenet,1920,1080,/home/amos/media/tv/modern_family/Modern.Family.S09.1080p.DSNP.WEB-DL.DDP5.1.H.264-CRFW/Modern.Family.S09E17.Royal.Visit.1080p.DSNP.WEB-DL.DDP5.1.H.264-CRFW.mkv,Modern Family,2009,1442437,9,17,Ty Burrell,15232.0,0.728
523,918,114,1038,276,996,174,948,174,0.904,15480,0,"[1.3406589031219482, -1.0562607049942017, -1.052281141281128, -1.4738532304763794, 0.5993079543113708, 1.4803093671798706, 1.5825231075286865, 0.8531098365783691, 0.7473099231719971, -0.6477678418159485, 0.8777722120285034, -1.2956584692001343, -2.296773672103882, 1.0737929344177246, -1.3268203735351562, 0.3933486342430115, -1.111675500869751, -0.4539092183113098, 0.30674976110458374, -1.0965005159378052, -0.2183699607849121, -0.021189814433455467, -0.39231252670288086, -1.993564486503601, -0.020860660821199417, 0.22797375917434692, 0.18593160808086395, -2.2915940284729004, -0.2899032235145569, 0.004622718319296837, -0.21208545565605164, 1.7792718410491943, -0.6000142097473145, 0.9783397912979126, -0.6158046126365662, 0.3310072720050812, -1.1501679420471191, 0.9017713069915771, 1.1842308044433594, -1.665159821510315, 0.4149305522441864, 0.8711392879486084, -0.8206123113632202, -1.7502483129501343, 0.9280039668083191, -2.4467363357543945, -0.8466960191726685, 1.8230324983596802, 1.2322345972061157, 0.751866340637207, -0.44839632511138916, 0.7200260162353516, -0.1247790977358818, -0.21572405099868774, 0.3384802043437958, -1.1609506607055664, 0.2150484025478363, 1.1312683820724487, -1.4844388961791992, 1.314776062965393, -0.7798903584480286, -0.3842276930809021, -0.08969461172819138, 2.573805570602417, 1.8764865398406982, 0.352561354637146, 0.10114555060863495, 1.033421277999878, 0.8406073451042175, 0.2864338457584381, 0.3709942102432251, 0.6848595142364502, -2.722477912902832, 1.5191770792007446, 0.716215193271637, -1.0699399709701538, -2.0207290649414062, -0.30784499645233154, 0.17732122540473938, 0.3281121253967285, -1.044547200202942, 0.7368307113647461, 1.1158944368362427, -1.8481295108795166, -0.543565571308136, -0.16378578543663025, -0.382433146238327, -0.40626776218414307, -0.6165741682052612, -1.5533753633499146, -0.4733000695705414, 1.1587965488433838, 0.18765632808208466, 0.9305459856987, 0.9855867624282837, 0.9294136166572571, -3.2733702659606934, 0.8562511205673218, -0.22223107516765594, 0.6780164837837219, -0.2837473750114441, -1.4283820390701294, -2.1106629371643066, -0.21245089173316956, -0.4546138346195221, 0.31426793336868286, 0.1294187307357788, -1.0082733631134033, -1.7356622219085693, -1.1747301816940308, -0.2261696755886078, 0.07694800198078156, 0.07868294417858124, -0.27324894070625305, -0.16658252477645874, 1.0919804573059082, 0.7476736307144165, 0.029277071356773376, -1.3999027013778687, 1.7528178691864014, -0.2664918303489685, 1.288779854774475, 1.3096351623535156, 0.09443236887454987, -1.5345706939697266, 0.3238075077533722, -1.1494961977005005, -0.7019093036651611]",yunet,Facenet,1920,1080,/home/amos/media/tv/modern_family/Modern.Family.S09.1080p.DSNP.WEB-DL.DDP5.1.H.264-CRFW/Modern.Family.S09E17.Royal.Visit.1080p.DSNP.WEB-DL.DDP5.1.H.264-CRFW.mkv,Modern Family,2009,1442437,9,17,Chris Geere,62879.0,0.595
524,1062,270,1260,516,1212,378,1122,378,0.927,15528,0,"[0.18607674539089203, 0.1571224331855774, 1.1757534742355347, -0.020631439983844757, 0.22952263057231903, 1.508216142654419, 1.072043776512146, -1.1743346452713013, 0.24680426716804504, 1.4444397687911987, 0.37739792466163635, -0.9928715825080872, -0.7585450410842896, 1.7632445096969604, -0.3018486797809601, 0.5696659088134766, 0.0712442472577095, -1.4134122133255005, -2.1939849853515625, -0.2064426690340042, -0.3551948666572571, -0.5163577198982239, 0.6288614273071289, 1.8254613876342773, 0.6305528879165649, 0.4256456196308136, 2.570125102996826, -0.3712511956691742, 2.5108227729797363, 1.0839146375656128, 0.40982767939567566, 0.42250949144363403, 0.0928461030125618, -0.41284507513046265, 0.7344115376472473, -0.6073474287986755, -1.0404714345932007, -0.11683032661676407, 0.47577282786369324, 1.818788766860962, -0.32903844118118286, -2.7563858032226562, -0.16817131638526917, 0.9520779848098755, -0.24410979449748993, -1.5200308561325073, -0.1758488267660141, -1.0578426122665405, 0.22942288219928741, -1.8868153095245361, 0.6788192391395569, -0.653807520866394, 0.12596631050109863, 0.559770941734314, -1.0367804765701294, 0.489122599363327, 0.5769926905632019, -0.48344501852989197, 0.08212987333536148, 0.1557665467262268, -1.4557442665100098, 0.23030908405780792, 0.23820701241493225, -0.7860683798789978, -0.8951544761657715, 0.6857305765151978, -0.14998146891593933, 2.034071683883667, 0.9387856721878052, -0.1473942995071411, -2.206505298614502, 0.5397197008132935, 2.0743916034698486, -0.3205937147140503, 0.38251733779907227, 0.6021190285682678, 1.4606322050094604, -0.8166074752807617, -0.4177952706813812, -0.07512413710355759, -0.7896063923835754, 0.5920215845108032, -0.1946062445640564, -0.14213034510612488, -0.3641163408756256, 0.7177921533584595, 0.4090830385684967, -1.11078941822052, 1.1846741437911987, 0.366616427898407, 0.5680909752845764, -0.0003248266875743866, 0.40331220626831055, -1.742067813873291, 0.5981155633926392, 1.6050472259521484, -0.24974538385868073, -0.8407008647918701, 0.215151846408844, -0.871280312538147, -1.3904078006744385, 1.2715965509414673, -0.48083555698394775, 0.6273390054702759, 0.9853959679603577, -0.5825653672218323, -0.3754449784755707, -0.10379151999950409, 1.5110546350479126, -0.8987844586372375, 1.0734479427337646, 0.35004764795303345, -0.06009981036186218, -1.5103120803833008, -0.004491182044148445, 1.0059728622436523, 0.4164047837257385, 1.6306822299957275, 0.20767098665237427, -0.6304980516433716, 0.7154502868652344, 0.20632167160511017, 1.4858741760253906, -0.9975872039794922, 0.20019836723804474, 0.8258906602859497, 0.6406731009483337, 0.4348776340484619]",yunet,Facenet,1920,1080,/home/amos/media/tv/modern_family/Modern.Family.S09.1080p.DSNP.WEB-DL.DDP5.1.H.264-CRFW/Modern.Family.S09E17.Royal.Visit.1080p.DSNP.WEB-DL.DDP5.1.H.264-CRFW.mkv,Modern Family,2009,1442437,9,17,Ariel Winter,42160.0,0.743
525,510,174,714,498,690,306,678,306,0.904,15528,1,"[-0.6830102205276489, 0.14628656208515167, -1.6080890893936157, 0.45827630162239075, 0.31027600169181824, -0.4981376528739929, 0.0029632262885570526, -0.1971191018819809, 0.005111224949359894, 0.31999966502189636, 1.5473660230636597, -0.9702280163764954, 0.9239621758460999, -0.3900258541107178, -0.15683138370513916, 1.151434302330017, -0.6672830581665039, -1.858304738998413, -1.230542778968811, -0.31504473090171814, -0.8531635999679565, 1.3986327648162842, -0.2868262827396393, -0.3795369565486908, 0.9119770526885986, 0.9740946888923645, 1.4156702756881714, 0.7103286385536194, -0.0645400732755661, 0.7592441439628601, 0.250249445438385, 0.529914915561676, -0.11177068203687668, 0.3539155125617981, 0.03862325847148895, 1.655632734298706, 0.5252740383148193, -1.9918224811553955, 0.5619776248931885, -0.9757765531539917, 0.5818843245506287, 0.5994740724563599, -2.0258803367614746, -0.7508251070976257, 0.034785136580467224, -0.9822380542755127, 0.8900933265686035, -0.6368716955184937, -0.8199591636657715, 1.4808940887451172, -0.7685903906822205, 0.013094392605125904, -0.8511039018630981, 1.6832784414291382, -1.256026268005371, -1.2087427377700806, 1.3893918991088867, -0.20956583321094513, -1.3203065395355225, -1.0819675922393799, -0.2555719316005707, -1.5529125928878784, 1.3807216882705688, -0.2850499749183655, 0.8780593872070312, -1.4024852514266968, -0.6806281208992004, -0.04014761745929718, -0.5925559997558594, -1.459924578666687, 0.2617397606372833, 0.03507991135120392, -1.2686809301376343, 0.07638879120349884, 1.674234390258789, 0.05258195847272873, 0.5086464881896973, 1.5938390493392944, 2.1260101795196533, 0.4147564172744751, -0.8077378273010254, 0.5540273189544678, 0.6625802516937256, -0.8588890433311462, 0.2704493999481201, 1.6332694292068481, -0.5546444058418274, 1.99503493309021, 0.4254878759384155, 0.15501530468463898, 0.42480725049972534, 0.10229144245386124, 1.051503300666809, 0.41873466968536377, 1.334879755973816, 2.1248035430908203, -1.514024257659912, -0.05157928168773651, -0.6310490965843201, -0.6944288611412048, 0.21330218017101288, 1.8154497146606445, -0.009972766041755676, -1.9341888427734375, 0.25564172863960266, 0.5193725824356079, -0.5407339334487915, 1.6319196224212646, 0.2756035327911377, -1.0278148651123047, -0.556574821472168, 0.23380176723003387, 0.7441121339797974, -0.5077172517776489, 1.1676234006881714, 0.9412490129470825, 0.4927787482738495, -1.0096516609191895, 0.10933241248130798, 0.8498755097389221, -0.5574380159378052, -0.42156124114990234, 1.351149082183838, -1.107001543045044, 1.366836428642273, -0.4790990352630615, 0.010517345741391182, 0.4797001779079437]",yunet,Facenet,1920,1080,/home/amos/media/tv/modern_family/Modern.Family.S09.1080p.DSNP.WEB-DL.DDP5.1.H.264-CRFW/Modern.Family.S09E17.Royal.Visit.1080p.DSNP.WEB-DL.DDP5.1.H.264-CRFW.mkv,Modern Family,2009,1442437,9,17,Jimmy Tatro,1304335.0,0.654
526,1104,276,1284,516,1236,366,1152,372,0.925,15552,0,"[0.19581246376037598, -0.047556061297655106, 1.077080488204956, -0.20027700066566467, 0.20620869100093842, 1.6768451929092407, 0.33612287044525146, -1.1062021255493164, 0.2353159785270691, 1.631024956703186, -0.09007370471954346, -0.29505226016044617, -1.6174321174621582, 1.5474357604980469, -0.5773998498916626, 1.0815106630325317, 0.0720490962266922, -1.1809532642364502, -1.9760007858276367, -0.1462969332933426, 0.02509613335132599, -0.6888279914855957, 0.6004911065101624, 0.9178205132484436, 0.552012026309967, 0.3927512466907501, 2.605633497238159, -0.5173187255859375, 2.3398587703704834, 1.5129997730255127, 0.4484884738922119, 0.6241848468780518, -0.1552572101354599, -0.6656530499458313, 0.5019722580909729, -0.5999270677566528, -0.7621539831161499, 0.13047856092453003, 0.3179367184638977, 1.813657283782959, -0.20447082817554474, -2.6757493019104004, -0.34905317425727844, 1.3626277446746826, 0.592933177947998, -1.3724488019943237, -0.2523598074913025, -0.674189567565918, 0.2581527829170227, -1.3559927940368652, -0.27662771940231323, -0.3402888774871826, 0.6077849268913269, 0.811086893081665, -0.8913949728012085, 0.5706468224525452, 0.5574923753738403, -0.3938307762145996, 0.41926512122154236, 0.641960620880127, -1.164981484413147, 0.7481322884559631, -0.25034070014953613, -0.31676992774009705, -0.856438398361206, 1.0079479217529297, 0.16158217191696167, 1.7008905410766602, 0.6516878008842468, -0.44356483221054077, -2.4060864448547363, 0.7105326652526855, 1.9578524827957153, 0.10868415236473083, 0.7475476264953613, 0.24139969050884247, 0.9969958066940308, -0.8892115354537964, -0.20039546489715576, -0.38621145486831665, -1.110427737236023, 0.08107011020183563, -0.07219269126653671, -0.010094879195094109, -0.2582947313785553, 0.02219870686531067, 0.029783213511109352, -0.9839559197425842, 1.3768808841705322, 0.23310601711273193, -0.25431299209594727, -0.04473700746893883, 0.26871222257614136, -2.2415106296539307, 0.9012659788131714, 1.5076628923416138, -0.24091985821723938, -0.9259640574455261, 0.2374822199344635, -0.8571597933769226, -0.9677935838699341, 1.0023998022079468, -1.329418659210205, 0.40643322467803955, 1.4680759906768799, -0.5990757942199707, -0.11614188551902771, 0.09738472104072571, 1.688912034034729, -0.7837191820144653, 1.2757703065872192, 0.3211798071861267, 0.21646171808242798, -1.4380884170532227, -0.3256547152996063, 1.1278640031814575, 0.11362162232398987, 2.1053075790405273, -0.15561503171920776, -0.8240538835525513, 1.4905751943588257, -0.3157617747783661, 1.2902604341506958, -0.7680524587631226, 0.19810764491558075, 0.37448304891586304, 0.8332684636116028, 0.34230557084083557]",yunet,Facenet,1920,1080,/home/amos/media/tv/modern_family/Modern.Family.S09.1080p.DSNP.WEB-DL.DDP5.1.H.264-CRFW/Modern.Family.S09E17.Royal.Visit.1080p.DSNP.WEB-DL.DDP5.1.H.264-CRFW.mkv,Modern Family,2009,1442437,9,17,Ariel Winter,42160.0,0.758
527,576,174,768,486,750,306,738,312,0.91,15552,1,"[-0.18953937292099, 0.17464804649353027, -0.5028674602508545, 0.7340068817138672, 0.6774023771286011, -0.062223464250564575, 0.6225455403327942, -0.04931162670254707, 0.30532631278038025, 0.6852917671203613, 0.9716774821281433, -1.2606412172317505, -0.14429983496665955, -0.19720879197120667, -0.9743331670761108, 0.9050386548042297, -0.8000398874282837, -1.7125146389007568, -1.6770473718643188, -0.42190781235694885, 0.6448236703872681, 1.3597980737686157, 0.3113267123699188, -0.8543918132781982, 0.7089862823486328, 0.8255349397659302, 0.7005568742752075, 0.11875727772712708, 0.6782431602478027, 1.4068470001220703, 0.30614525079727173, 0.18375760316848755, -0.5708721280097961, 0.16125935316085815, 0.2310238629579544, 0.6241456270217896, -0.25943735241889954, -0.2597579061985016, 0.788280189037323, -0.34979498386383057, -0.12982125580310822, 0.35194098949432373, -1.9212013483047485, -1.2376976013183594, 0.18344008922576904, -0.2364981472492218, 0.3884759545326233, 0.2941029667854309, -0.32756927609443665, 1.2687865495681763, -1.6815626621246338, 0.43194329738616943, 0.06771104037761688, 1.227304220199585, -1.6971012353897095, -0.2793665826320648, 1.5011101961135864, -0.4234864115715027, 0.1981430947780609, -0.6724974513053894, -1.4069116115570068, -0.9450138807296753, 0.5668731331825256, -0.028365667909383774, 0.5796683430671692, -1.4233094453811646, -0.29046475887298584, 0.34962111711502075, -1.073073148727417, -0.5668236017227173, -0.488003671169281, 0.4206608235836029, -0.5322976112365723, -0.27191150188446045, 0.4691190719604492, -0.5827825665473938, 0.5867750644683838, 1.1519699096679688, 0.2891208827495575, 0.10986201465129852, -0.7563393712043762, -1.4799816608428955, 0.2725984454154968, -0.7466695308685303, 0.16818860173225403, 1.0429558753967285, -0.4237423241138458, 0.6313214302062988, 0.1455613672733307, 0.003091655671596527, 1.173237681388855, 0.736571192741394, 0.6103324890136719, -0.6335005164146423, 1.0374090671539307, 1.4180347919464111, -0.6643600463867188, -0.49277830123901367, -0.16859932243824005, -1.4166845083236694, -0.0038741417229175568, 1.231055498123169, -0.3437451124191284, -1.435379981994629, 0.8412132859230042, 1.1325948238372803, -0.23841194808483124, 0.23861153423786163, 0.6543157696723938, -0.19953066110610962, 0.5095375180244446, -0.45053237676620483, 0.10350169241428375, 0.6101856231689453, 1.668355107307434, 0.5809246301651001, -0.03430541977286339, -0.3572312891483307, -0.027386441826820374, 0.5879063606262207, 0.1811121702194214, -0.44628652930259705, 0.12780985236167908, -0.6124888062477112, 0.47121649980545044, -0.7209794521331787, 0.2123010754585266, 0.5445155501365662]",yunet,Facenet,1920,1080,/home/amos/media/tv/modern_family/Modern.Family.S09.1080p.DSNP.WEB-DL.DDP5.1.H.264-CRFW/Modern.Family.S09E17.Royal.Visit.1080p.DSNP.WEB-DL.DDP5.1.H.264-CRFW.mkv,Modern Family,2009,1442437,9,17,Jimmy Tatro,1304335.0,0.512
528,462,378,702,696,666,504,564,504,0.922,15576,0,"[-1.5850389003753662, -1.4099286794662476, 0.2821617126464844, 2.9923605918884277, 0.92667555809021, 0.7059935331344604, 0.12186707556247711, -1.3055369853973389, -0.8056155443191528, 2.202307939529419, -1.0393285751342773, 1.4857373237609863, 0.803695023059845, -0.3415684700012207, -1.1889642477035522, -0.13402357697486877, 0.03581878915429115, -1.3108065128326416, -1.815720796585083, 1.0061331987380981, 0.07032573223114014, 0.04696099832653999, 0.6897162795066833, -0.14047151803970337, -0.32167598605155945, 0.09826179593801498, 1.6323513984680176, 0.1457303911447525, 2.536708354949951, 0.5594667792320251, -0.005048982799053192, -1.4673457145690918, -0.8635454773902893, -1.8545150756835938, 1.7339282035827637, -0.8645203113555908, -2.0603575706481934, -0.2253805696964264, -0.5881372094154358, -0.8464769124984741, -0.33383873105049133, 0.2824672758579254, -0.24974673986434937, 2.4899697303771973, 0.8874850273132324, -0.9850304126739502, 0.47757604718208313, 0.8585675954818726, -0.08578386157751083, 0.5610589981079102, -0.40372776985168457, 1.8126451969146729, 1.6797683238983154, -0.653831958770752, -0.189645454287529, 0.6414076089859009, 1.486489176750183, 0.050074201077222824, 0.14008939266204834, 0.7796450257301331, -0.18528485298156738, 0.37894535064697266, -0.30234450101852417, -0.2478836476802826, -1.0482367277145386, 1.91703462600708, 0.19709666073322296, 0.4509657323360443, 0.23036587238311768, -0.19502337276935577, -1.1070488691329956, -0.11483413726091385, -0.7407210469245911, 0.8950681090354919, 1.1375291347503662, -0.06310370564460754, 0.5299880504608154, 0.09627339243888855, 0.5014252066612244, -0.2438502311706543, -0.38536930084228516, 0.12636394798755646, 0.8635852336883545, 0.5581929683685303, 0.2100689709186554, -0.39648228883743286, 0.30334505438804626, -0.21604987978935242, 0.0340094119310379, -1.0616436004638672, -1.550424337387085, 1.1084117889404297, 0.12814965844154358, 0.7700578570365906, 1.5845059156417847, 0.9032542705535889, 0.2533300220966339, -1.1073901653289795, -0.082415871322155, -1.1031264066696167, 0.08700238168239594, 0.1207275316119194, -1.472551703453064, 1.334749460220337, 1.2611035108566284, -0.2219342440366745, 1.2402503490447998, -0.2676442563533783, 1.5116384029388428, -1.3311418294906616, 1.5148087739944458, 1.2266453504562378, 0.8706779479980469, 0.8113791942596436, -0.7752947807312012, 1.305647373199463, -0.3756032884120941, 1.8331767320632935, -0.8223390579223633, -0.5732527375221252, 2.5789361000061035, -1.5030455589294434, -0.3095369338989258, -1.11420738697052, 0.3875727653503418, 0.21899831295013428, 1.3204174041748047, -0.9900884628295898]",yunet,Facenet,1920,1080,/home/amos/media/tv/modern_family/Modern.Family.S09.1080p.DSNP.WEB-DL.DDP5.1.H.264-CRFW/Modern.Family.S09E17.Royal.Visit.1080p.DSNP.WEB-DL.DDP5.1.H.264-CRFW.mkv,Modern Family,2009,1442437,9,17,Sarah Hyland,91351.0,0.714
529,1050,168,1296,486,1260,312,1158,306,0.904,15576,1,"[0.23765282332897186, -1.8523964881896973, -2.094975471496582, -1.5055904388427734, 0.8102392554283142, 0.39559224247932434, 0.36615127325057983, 0.884993314743042, 0.20236855745315552, 0.16095905005931854, 0.6209908723831177, -1.1202493906021118, -0.8448961973190308, 0.07340081036090851, 0.5322287082672119, 0.38204991817474365, -0.40657103061676025, -0.4688798785209656, 1.3061854839324951, 0.08628788590431213, 0.9585363864898682, -1.0675698518753052, -0.12126608192920685, -1.2381573915481567, -0.20972450077533722, -0.05297911912202835, 1.108797311782837, -2.5338010787963867, 0.5398272275924683, 0.4750824272632599, 0.37752634286880493, 1.3296524286270142, 0.657706618309021, 1.0857582092285156, -0.8517779111862183, 1.0458498001098633, -0.7813955545425415, 1.1435145139694214, 0.6278286576271057, -1.6363154649734497, 0.5524028539657593, 1.978164553642273, -1.1402418613433838, -0.8378922939300537, 0.07584962993860245, -2.004239797592163, 0.10828664898872375, 0.6481826305389404, 1.1936711072921753, -0.2951269745826721, -1.7571125030517578, 0.18956904113292694, -1.875219702720642, 0.6955152750015259, 0.40124064683914185, -2.1546730995178223, -0.6180467009544373, 2.7138826847076416, -0.4947354793548584, 0.20695745944976807, -0.4154056906700134, -0.6685802340507507, -0.4292314946651459, 1.2406129837036133, 0.7966026067733765, 0.3724439740180969, -0.4690037965774536, 1.142057180404663, 1.3087055683135986, 0.010022471658885479, 0.10530112683773041, -0.27764660120010376, -3.0118603706359863, 1.9197405576705933, 0.19562004506587982, 0.06315619498491287, -1.4135934114456177, -0.4987756013870239, -0.29483506083488464, 0.2986603379249573, -1.646264910697937, 0.3628189265727997, 0.9112017750740051, -0.8195846080780029, -0.1409285068511963, 0.7636749744415283, 0.09057075530290604, 0.17015831172466278, -2.2353880405426025, -1.2159326076507568, 0.030900128185749054, 0.9380321502685547, 0.1345316618680954, 0.7049996852874756, -0.9884741306304932, 0.9057804346084595, -3.753519296646118, 0.039675965905189514, 0.035242773592472076, 1.053470492362976, -2.4523816108703613, -0.22577491402626038, -0.8362895250320435, -0.4976981282234192, -0.06976405531167984, -0.07394543290138245, 0.2641991972923279, -0.14549043774604797, -1.1352784633636475, -0.34670066833496094, -0.4545963406562805, -1.68503737449646, -0.6031880378723145, -0.7696359753608704, -0.2400585114955902, 1.6214791536331177, 0.5564610958099365, -1.2595813274383545, -0.8608860373497009, 1.4166417121887207, 0.11091312021017075, 2.1707794666290283, -0.016197487711906433, -0.4795186221599579, -1.0996962785720825, -0.4537907838821411, -1.118439793586731, -0.5406783819198608]",yunet,Facenet,1920,1080,/home/amos/media/tv/modern_family/Modern.Family.S09.1080p.DSNP.WEB-DL.DDP5.1.H.264-CRFW/Modern.Family.S09E17.Royal.Visit.1080p.DSNP.WEB-DL.DDP5.1.H.264-CRFW.mkv,Modern Family,2009,1442437,9,17,Chris Geere,62879.0,0.543
530,738,174,942,462,906,288,828,288,0.911,15600,0,"[0.30376967787742615, 0.7483937740325928, 0.7615285515785217, -0.36362117528915405, -0.3915693759918213, -0.7341670989990234, -1.1901192665100098, 0.4265022277832031, -0.22742393612861633, -0.06631024181842804, 1.127569556236267, 0.6231462955474854, -0.12286065518856049, -1.2016756534576416, -1.6145272254943848, -0.263222336769104, 0.08639980852603912, -1.327976107597351, -0.7260944247245789, 1.0803160667419434, -0.3726467490196228, 0.14979666471481323, 0.3136214017868042, 0.07995640486478806, -0.4630516469478607, 0.6759989261627197, -2.039367437362671, 2.156280994415283, 0.6508100628852844, -1.5245258808135986, -0.7858016490936279, -0.7056732177734375, -0.11679424345493317, -1.1322917938232422, -0.01223656814545393, 1.1719012260437012, 0.8664345145225525, 0.024909134954214096, 0.19456931948661804, 0.3309393525123596, -0.4948451519012451, 0.19589726626873016, -1.7836953401565552, 0.818679928779602, -0.7385901808738708, 0.33549001812934875, -0.04249240458011627, 0.9354318380355835, -0.4721717834472656, -2.20607328414917, 1.4273689985275269, -0.12832818925380707, -1.0364267826080322, -0.8548101186752319, 0.05803171172738075, 0.4569905400276184, 0.7818348407745361, 1.5347830057144165, 0.8394827842712402, -0.2600593864917755, 0.5016379952430725, -1.1901198625564575, -0.5979322195053101, -0.8146672248840332, -0.03845726698637009, 1.9410182237625122, 0.7913691401481628, 0.8345394134521484, 1.2618820667266846, 0.325980007648468, -0.8468413352966309, 0.2922156751155853, -1.5855907201766968, 0.8083058595657349, -0.3870104253292084, 1.594950556755066, 0.04615110158920288, 1.7857584953308105, 0.29201021790504456, 0.2787433862686157, -0.26454293727874756, -1.4584388732910156, 0.008777040988206863, -0.2422240525484085, -1.7972153425216675, -1.226335048675537, -0.6400935649871826, -1.0297462940216064, -0.40000173449516296, -0.5060137510299683, 1.3373476266860962, -2.4590370655059814, -0.1694021075963974, -0.7274655103683472, -0.15318018198013306, -0.44856470823287964, 0.9274630546569824, -0.7276244163513184, -0.17080974578857422, -0.7787008285522461, -1.0214473009109497, -0.038499027490615845, -1.417802333831787, 0.5118209719657898, -1.669860601425171, 1.3769786357879639, 1.2050132751464844, -2.3484580516815186, 0.5621525645256042, 1.8344141244888306, -0.30368679761886597, 0.9402571320533752, 0.881903886795044, -0.6564633250236511, 1.2355220317840576, 1.9856359958648682, -0.7864967584609985, -2.168079376220703, -0.04335702210664749, -0.21698208153247833, -0.6758220791816711, 0.2782230079174042, -0.7553688287734985, -0.7601701617240906, 1.5250256061553955, -0.984250545501709, 1.1256210803985596, -0.5786815881729126]",yunet,Facenet,1920,1080,/home/amos/media/tv/modern_family/Modern.Family.S09.1080p.DSNP.WEB-DL.DDP5.1.H.264-CRFW/Modern.Family.S09E17.Royal.Visit.1080p.DSNP.WEB-DL.DDP5.1.H.264-CRFW.mkv,Modern Family,2009,1442437,9,17,Ty Burrell,15232.0,0.681
531,816,186,1038,486,1008,300,918,300,0.916,15624,0,"[0.4640807509422302, 0.10598902404308319, 0.8556174039840698, -0.059249311685562134, -0.4436558485031128, -0.4991389214992523, -0.920932948589325, 0.4861791133880615, -0.1705874502658844, 0.39231112599372864, 0.7887648940086365, 0.7488826513290405, -0.09938587993383408, -1.2269630432128906, -1.9762804508209229, -0.16784225404262543, -0.06879763305187225, -1.0376672744750977, -0.8644168972969055, 1.4622225761413574, -0.014685340225696564, 0.03391778841614723, 0.03888420760631561, -0.4565396010875702, -0.35170069336891174, 0.7033994197845459, -1.8049687147140503, 2.236959457397461, 0.9864721894264221, -1.2596231698989868, -0.46869364380836487, -0.5490315556526184, -0.0490579716861248, -1.0479764938354492, -0.6702717542648315, 0.20303811132907867, 0.7383941411972046, 0.28217974305152893, -0.011507585644721985, -0.0061161108314991, -0.6904664635658264, 0.3876335620880127, -1.5148041248321533, 1.1304295063018799, -0.9615808725357056, 0.06411115825176239, -0.22542987763881683, 0.975243091583252, -0.5820580720901489, -2.261423110961914, 1.4677674770355225, -0.6902431845664978, -1.1147264242172241, -0.716844379901886, 0.15251728892326355, 0.20401979982852936, 1.0552023649215698, 1.5631459951400757, 0.9253615140914917, -0.29116177558898926, 0.014430046081542969, -0.5164791345596313, -0.8774423599243164, -0.39235061407089233, -0.23396077752113342, 1.8482203483581543, 0.39272448420524597, 0.7774225473403931, 1.0323985815048218, -0.038124244660139084, -1.3143728971481323, 0.04742021858692169, -1.5081346035003662, 0.7607214450836182, -0.12632812559604645, 2.0447075366973877, 0.0014895424246788025, 1.7126431465148926, 0.5531187057495117, 0.5296170115470886, -0.4777204692363739, -1.856279730796814, -0.20863410830497742, -0.6054475903511047, -1.6867129802703857, -1.4382280111312866, -0.6777079105377197, -0.5951682925224304, -0.18810153007507324, -0.3359813988208771, 1.2670785188674927, -2.46471905708313, -0.5318641066551208, -0.8849422931671143, 0.0871352106332779, -0.8921441435813904, 0.8587715029716492, -1.2985427379608154, 0.3151492178440094, -1.4167211055755615, -0.6274162530899048, 0.10671661049127579, -1.5928356647491455, 0.2236282080411911, -1.327206015586853, 1.5274280309677124, 1.3540465831756592, -3.0625133514404297, 0.715717613697052, 1.764792799949646, 0.22368711233139038, 0.8312904834747314, 0.11544694006443024, -0.711064338684082, 1.1667979955673218, 2.147624969482422, -1.2258000373840332, -1.7742838859558105, -0.23769783973693848, -0.32790079712867737, -0.35198694467544556, 0.5673025846481323, -0.9725341796875, -0.18239103257656097, 1.4441571235656738, -1.216059684753418, 1.0642200708389282, -0.449562668800354]",yunet,Facenet,1920,1080,/home/amos/media/tv/modern_family/Modern.Family.S09.1080p.DSNP.WEB-DL.DDP5.1.H.264-CRFW/Modern.Family.S09E17.Royal.Visit.1080p.DSNP.WEB-DL.DDP5.1.H.264-CRFW.mkv,Modern Family,2009,1442437,9,17,Ty Burrell,15232.0,0.6
532,834,162,1062,486,1032,294,942,294,0.922,15648,0,"[0.21502317488193512, 0.19209840893745422, 1.28949773311615, -0.13406696915626526, -0.8534212708473206, -0.5691920518875122, -0.865359902381897, -0.0010957792401313782, -0.11595697700977325, 0.3390315771102905, 0.4576525092124939, 1.0275660753250122, -0.4248000383377075, -0.7812379598617554, -2.2347946166992188, 0.3206062912940979, -0.3404366075992584, -1.2360588312149048, -0.5471605062484741, 0.8558349609375, -0.5988821983337402, 0.4610699415206909, 0.3763331472873688, 0.0524798147380352, 0.10839176177978516, 1.1130117177963257, -1.5358338356018066, 2.1241259574890137, 1.013493299484253, -1.62239408493042, -0.4190565347671509, -0.8706294894218445, 0.27647659182548523, -1.3786818981170654, -0.2549707889556885, 0.4676697850227356, 0.9318764805793762, 0.4099072515964508, 0.5426183938980103, 0.32351186871528625, -0.7975190281867981, 0.5795741677284241, -1.3869259357452393, 0.5587069988250732, -0.15889137983322144, 0.5494367480278015, -0.6133861541748047, 1.0313477516174316, -0.5583839416503906, -1.7524704933166504, 1.7839571237564087, -0.9141880869865417, -0.6534237861633301, -1.0850931406021118, -0.1820511519908905, 0.5161946415901184, 1.0482170581817627, 1.9453991651535034, 0.8882948160171509, -0.06671155989170074, 1.0395399332046509, -0.8943393230438232, -1.2295557260513306, -0.691541314125061, -0.5984747409820557, 1.8285515308380127, 0.7370125651359558, 0.6267292499542236, 1.1465123891830444, 0.12043506652116776, -1.0767544507980347, 0.39446786046028137, -1.1911636590957642, 0.9565554261207581, -0.19143837690353394, 1.1449326276779175, 0.5798184871673584, 2.236018657684326, 1.0742167234420776, 0.5204914808273315, -0.9679165482521057, -1.7275621891021729, 0.20276007056236267, -0.42674651741981506, -2.516130208969116, -1.3455215692520142, 0.48105448484420776, -1.0202336311340332, -0.07375119626522064, -0.5079394578933716, 0.8560518622398376, -2.2067763805389404, -0.1832812875509262, -0.6604010462760925, 0.5735387802124023, -1.1652445793151855, 0.6294693946838379, -0.6995763182640076, -0.1332188993692398, -1.124329924583435, -0.38541144132614136, 0.3049878478050232, -1.306787371635437, 0.22735871374607086, -1.1137163639068604, 1.000497817993164, 0.8749105930328369, -2.6288270950317383, 0.15233027935028076, 1.4867690801620483, 0.5053378939628601, 0.7485426664352417, 0.8128229379653931, -0.33049705624580383, 0.9449355602264404, 2.7285561561584473, -0.6465767621994019, -1.1550984382629395, -0.7714967131614685, -0.18582893908023834, -0.8361683487892151, 0.20198482275009155, -0.833244800567627, 0.16945502161979675, 1.6372151374816895, -1.0259236097335815, 1.061471700668335, -0.7032062411308289]",yunet,Facenet,1920,1080,/home/amos/media/tv/modern_family/Modern.Family.S09.1080p.DSNP.WEB-DL.DDP5.1.H.264-CRFW/Modern.Family.S09E17.Royal.Visit.1080p.DSNP.WEB-DL.DDP5.1.H.264-CRFW.mkv,Modern Family,2009,1442437,9,17,Ty Burrell,15232.0,0.721
533,768,174,954,432,876,270,804,270,0.926,15672,0,"[-0.023214370012283325, 1.4153375625610352, 0.3457598388195038, -0.668854832649231, -0.21707281470298767, -1.1481809616088867, -1.1053287982940674, 0.8184413313865662, -0.49391821026802063, 0.12448990345001221, 0.6319654583930969, 0.6361117362976074, -0.6037779450416565, -0.4261341392993927, 1.2966643571853638, -0.6873287558555603, 0.07880539447069168, -0.1348210871219635, -1.3733614683151245, -0.14937624335289001, 0.41135528683662415, -0.07712587714195251, -0.06496299803256989, 0.22614610195159912, -0.6694279909133911, 1.2585023641586304, -1.6211825609207153, -0.11368916928768158, 0.414614200592041, -2.814714193344116, -0.3256269097328186, -0.5947003960609436, -1.815947413444519, -0.03184086084365845, 0.9486275315284729, 1.3200241327285767, -0.35645949840545654, 0.47104257345199585, 1.125679850578308, 0.1785110980272293, -1.3238605260849, 1.476874589920044, 1.957756519317627, -0.6973412036895752, -1.8553581237792969, 0.8838551640510559, -0.16694915294647217, -0.5728684663772583, -0.987626314163208, -0.9607402086257935, 0.9598716497421265, -2.0143325328826904, -0.12724602222442627, 0.9451675415039062, -0.4769611060619354, -0.7233270406723022, 1.3722615242004395, 0.6643285751342773, -1.9091994762420654, -0.7521743774414062, -1.0887457132339478, -1.4306029081344604, -1.6762381792068481, 0.6008906364440918, 1.0624444484710693, -1.3373066186904907, -0.25228747725486755, -0.9201001524925232, 0.029438719153404236, 1.477460265159607, 1.280421257019043, 2.6356279850006104, -2.4723191261291504, 1.09303879737854, 1.1151407957077026, 0.2420540601015091, 0.9595526456832886, 1.5217632055282593, -1.242784857749939, 0.7609025239944458, -0.34432151913642883, -0.895322322845459, 0.3785230815410614, -1.7488203048706055, -1.1716541051864624, 0.02719777822494507, 0.4630926847457886, -1.3501687049865723, -1.9708329439163208, -1.26053786277771, 0.759244441986084, -1.8889726400375366, -0.5129057765007019, -0.5518448948860168, 0.331937700510025, -1.0436580181121826, -0.5835428237915039, 1.299806833267212, 2.4164235591888428, -1.8497025966644287, -1.0521098375320435, -0.8035373091697693, -0.4064643979072571, 1.3267850875854492, 0.4581683278083801, -0.17537668347358704, 0.08083957433700562, -1.7518681287765503, 0.23135849833488464, 0.9926030039787292, 1.2600888013839722, -0.5678918957710266, -0.1955728828907013, 1.1258556842803955, 0.36214542388916016, 1.2819666862487793, 0.46194392442703247, 0.22025547921657562, 0.16022731363773346, 0.7119045257568359, -0.7144758701324463, -1.0054134130477905, -0.09536756575107574, -0.2742592990398407, -1.5587871074676514, -0.2603100538253784, -1.3841356039047241, 0.5431326031684875]",yunet,Facenet,1920,1080,/home/amos/media/tv/modern_family/Modern.Family.S09.1080p.DSNP.WEB-DL.DDP5.1.H.264-CRFW/Modern.Family.S09E17.Royal.Visit.1080p.DSNP.WEB-DL.DDP5.1.H.264-CRFW.mkv,Modern Family,2009,1442437,9,17,Julie Bowen,31171.0,0.519
534,846,156,1056,438,966,258,882,258,0.936,15696,0,"[-0.7178720235824585, 0.48645368218421936, -0.15671691298484802, 0.019144952297210693, 0.6307345628738403, -1.9325239658355713, -2.1943154335021973, 1.2582712173461914, 0.16999980807304382, -1.4266207218170166, 0.3711755573749542, 0.41001245379447937, -0.46209603548049927, 0.7668541669845581, 0.7072906494140625, -0.4944825768470764, 0.12246471643447876, -0.3430289626121521, -1.4308931827545166, 0.5083144903182983, 0.4818130433559418, -0.17135919630527496, 0.8978040814399719, 0.3653661012649536, 0.19858333468437195, 0.6631481647491455, -1.8706482648849487, 0.015730291604995728, 0.9268713593482971, -3.411367893218994, 0.11836493015289307, -1.031393051147461, 0.11839986592531204, 0.27658599615097046, 0.0032902974635362625, 1.918189525604248, -1.398990273475647, 0.7870028018951416, 0.5065624117851257, -0.2313927412033081, -0.9907992482185364, 2.0117263793945312, 1.2339766025543213, -1.3890022039413452, -1.6336952447891235, 1.0633937120437622, -1.836721420288086, 0.1543014943599701, -1.512203574180603, 0.23928949236869812, 1.7551510334014893, -1.2756518125534058, 0.35592904686927795, -0.2636760175228119, 0.4344687759876251, 0.37183061242103577, 1.177565336227417, -0.6073570847511292, -0.6803362965583801, -0.2746361792087555, -0.001272633671760559, -0.764805793762207, -1.4380156993865967, 1.0982763767242432, -0.21725794672966003, -2.348019599914551, -0.8329257965087891, -1.804671049118042, 0.038368381559848785, 0.5788002014160156, -0.08152086287736893, 1.252095103263855, -2.8453786373138428, 0.17256556451320648, 0.8109488487243652, -0.2823253273963928, 0.7579742670059204, 1.0238033533096313, -0.9248601794242859, -0.8734384775161743, 0.2222020924091339, -0.061479926109313965, 0.1966002881526947, -0.8827975392341614, -0.39746910333633423, -0.2337629795074463, 1.3590797185897827, -0.3266998529434204, -2.108872652053833, -1.1546299457550049, 0.41534966230392456, -0.7121013402938843, 0.012090947479009628, 0.13896098732948303, 0.2929608225822449, -1.9216176271438599, 0.14490145444869995, 0.363618403673172, 1.346134901046753, -0.9045330882072449, -1.0802958011627197, -0.9443176984786987, -0.007884591817855835, 1.6151107549667358, 1.631841778755188, -1.3559303283691406, 0.7828252911567688, -0.9859192371368408, -1.0477328300476074, 0.35246264934539795, 1.8462730646133423, -0.766600489616394, -0.21531999111175537, 1.7156171798706055, 0.20895643532276154, 0.604523777961731, 1.2917231321334839, 0.8722327351570129, 0.015121638774871826, 0.0260198712348938, -0.38919711112976074, -0.5428277254104614, -0.6656244993209839, -0.11825227737426758, -0.6832329630851746, -1.1468857526779175, -2.141343832015991, 1.0999518632888794]",yunet,Facenet,1920,1080,/home/amos/media/tv/modern_family/Modern.Family.S09.1080p.DSNP.WEB-DL.DDP5.1.H.264-CRFW/Modern.Family.S09E17.Royal.Visit.1080p.DSNP.WEB-DL.DDP5.1.H.264-CRFW.mkv,Modern Family,2009,1442437,9,17,Julie Bowen,31171.0,0.616
535,876,150,1098,456,1068,276,1026,276,0.907,15720,0,"[0.42651230096817017, 1.287028431892395, 0.6693084836006165, -0.16399699449539185, -1.2834985256195068, -0.43126600980758667, -1.9003682136535645, 0.06911860406398773, 0.08504125475883484, -1.0253499746322632, 0.14556431770324707, 1.626773476600647, -0.12459312379360199, -0.9340906143188477, -2.1113831996917725, -0.7149140238761902, 0.11290907859802246, -0.8213468790054321, -0.4928077459335327, 2.109739065170288, -0.9324053525924683, 1.037735939025879, 0.4825589656829834, 0.023693565279245377, -1.0091921091079712, 0.7196211218833923, -1.3035800457000732, 1.4843149185180664, 0.8644618988037109, -1.6392064094543457, -1.4814554452896118, -0.31847497820854187, -0.5772145986557007, -0.9392697811126709, -0.3574221134185791, 0.6900033950805664, 1.0414727926254272, 0.5338886976242065, 1.1982991695404053, 0.6104010343551636, -0.31857988238334656, 0.2529733180999756, -2.2506515979766846, 0.2665850818157196, -0.03270997852087021, 0.6017848253250122, 0.02852020040154457, 0.42210566997528076, -0.7871246337890625, -0.8415900468826294, 0.6021121144294739, -0.21144866943359375, 0.34173882007598877, -1.2252607345581055, 0.10982660949230194, 0.4473155736923218, 0.9116702675819397, 1.3748035430908203, 0.2185927927494049, -0.3054889738559723, 1.2486200332641602, -0.92977374792099, -1.9610741138458252, -0.3877054452896118, -0.5997206568717957, 2.61663556098938, 1.7325681447982788, 0.1910211145877838, 0.8239070773124695, -0.635715126991272, -0.856747031211853, 0.7171602249145508, -0.7042469382286072, 1.5627453327178955, 0.6660104990005493, 1.2633821964263916, -0.27298498153686523, 1.4325835704803467, 0.8900166153907776, -0.4227180480957031, -0.6363242864608765, -1.4457628726959229, -0.07485325634479523, 0.28117620944976807, -0.5695323348045349, -0.6039574146270752, 0.3825019299983978, -0.6555917263031006, -0.6757696866989136, -0.4958224594593048, 0.2065274566411972, -1.6438093185424805, -0.33802708983421326, -1.191342830657959, 0.6556397676467896, -0.791558027267456, 0.9013773798942566, -0.22480548918247223, -0.6879491806030273, -2.0268704891204834, -0.39346379041671753, 0.414571076631546, -1.6612186431884766, 0.1746634840965271, -0.9672220349311829, 1.1103824377059937, 1.5927883386611938, -1.75507390499115, 0.4121963083744049, 0.8172650337219238, 0.6185863614082336, 1.2711325883865356, 0.6023467779159546, -0.3915160596370697, -0.14394044876098633, 3.0329434871673584, -1.9715802669525146, -1.0287055969238281, -0.23526442050933838, 0.4740756154060364, -1.1939488649368286, 0.11119139194488525, -0.8575628399848938, -1.1955516338348389, 1.4191676378250122, -0.9405624270439148, 0.9291560649871826, -0.546275794506073]",yunet,Facenet,1920,1080,/home/amos/media/tv/modern_family/Modern.Family.S09.1080p.DSNP.WEB-DL.DDP5.1.H.264-CRFW/Modern.Family.S09E17.Royal.Visit.1080p.DSNP.WEB-DL.DDP5.1.H.264-CRFW.mkv,Modern Family,2009,1442437,9,17,Ty Burrell,15232.0,0.679
536,858,138,1098,462,1068,264,1020,264,0.915,15744,0,"[0.13741660118103027, 1.222265362739563, 1.2306325435638428, -0.4840656518936157, -1.2686454057693481, -0.803748369216919, -1.9312152862548828, -0.18184955418109894, -0.22090020775794983, -1.4402683973312378, 0.003367401659488678, 1.0002824068069458, 0.1359274536371231, -0.3695871829986572, -1.817620873451233, 0.09228578209877014, 0.15726600587368011, -1.1759651899337769, -0.43894344568252563, 1.9078930616378784, -1.0245404243469238, 1.540321946144104, 0.05357368290424347, -0.06256607919931412, -1.1132677793502808, 1.0856271982192993, -1.566331148147583, 1.7645094394683838, 1.2099809646606445, -1.6685845851898193, -0.8657950162887573, -0.6474289298057556, -0.1871604472398758, -0.5684104561805725, -0.3496021628379822, 1.451925277709961, 1.5243804454803467, 0.03406870737671852, 0.8306633830070496, 0.7394912242889404, -0.7241122126579285, 0.5877463221549988, -2.062154531478882, 0.13731031119823456, -0.5336294770240784, 0.693967878818512, -0.4965246021747589, 0.5070271492004395, -1.0336153507232666, -0.8896327018737793, 0.8506566882133484, -0.40387773513793945, -0.3899311125278473, -0.5058544278144836, -0.1867554932832718, 0.4167732000350952, 0.8129624724388123, 1.4987783432006836, 0.4088270962238312, -0.3477877378463745, 0.9240248799324036, -0.9386082887649536, -1.5328969955444336, 0.3752414882183075, -1.0923670530319214, 2.4851021766662598, 1.8658182621002197, -0.14206787943840027, 0.9991641044616699, -0.11963779479265213, -0.5102316737174988, 0.48307767510414124, -0.41150209307670593, 1.1099627017974854, 0.5468409061431885, 1.8792697191238403, -0.322490930557251, 1.472335934638977, 0.8362162113189697, -0.32464927434921265, -0.7524697780609131, -1.0697311162948608, -0.2500099539756775, 0.595117449760437, -0.6903786659240723, -1.2125517129898071, 0.28647148609161377, -0.594044029712677, -0.6257079839706421, -0.5502342581748962, 0.47618603706359863, -1.966808557510376, -0.2643093764781952, -1.4416511058807373, 0.06520082801580429, -0.42513182759284973, 0.4107036292552948, -0.39153552055358887, 0.009813118726015091, -1.9072540998458862, -0.4120325446128845, 0.7598538398742676, -1.6866819858551025, 0.333794504404068, -0.6152269244194031, 1.1496119499206543, 1.0321537256240845, -1.409485101699829, 0.3501579463481903, 0.5388142466545105, 0.7477806210517883, 0.6376693844795227, 0.6887272596359253, 0.09513038396835327, 0.3837229311466217, 2.9194788932800293, -1.0065277814865112, -1.5905115604400635, -0.9097200632095337, 0.18902023136615753, -0.6571351289749146, -0.15490996837615967, -0.7593320608139038, -1.630129337310791, 1.6450186967849731, -1.1338914632797241, 1.1441956758499146, -0.7281484007835388]",yunet,Facenet,1920,1080,/home/amos/media/tv/modern_family/Modern.Family.S09.1080p.DSNP.WEB-DL.DDP5.1.H.264-CRFW/Modern.Family.S09E17.Royal.Visit.1080p.DSNP.WEB-DL.DDP5.1.H.264-CRFW.mkv,Modern Family,2009,1442437,9,17,Ty Burrell,15232.0,0.704
537,1158,138,1416,474,1392,270,1284,270,0.912,15768,0,"[-0.06401661038398743, -2.3887088298797607, -1.3156732320785522, -0.606488823890686, 1.1586053371429443, 0.7461329102516174, 0.7965226769447327, 0.4392184019088745, -0.25817975401878357, -0.21347521245479584, 0.020194828510284424, -1.2236096858978271, -0.08570714294910431, 0.27566736936569214, 0.26727330684661865, -0.05812864750623703, -0.5757001638412476, -1.4416142702102661, -0.3992311954498291, -0.620510458946228, 0.3697068393230438, -1.5773996114730835, 1.2358862161636353, -2.230154275894165, -0.28487053513526917, 0.49964669346809387, 1.4245432615280151, -1.1664589643478394, -1.469558835029602, 0.9688938856124878, -0.7277321815490723, 1.626603364944458, -0.8658551573753357, -0.39902377128601074, -0.5799493193626404, 0.5292167067527771, 0.33221155405044556, 0.522808313369751, 0.8976699113845825, -1.4472488164901733, 1.0479488372802734, 1.7592799663543701, -1.386825680732727, -1.7464340925216675, 0.7396811842918396, -1.7331393957138062, -0.021195385605096817, 1.7396923303604126, 0.4672088623046875, 0.8699080944061279, -0.040993109345436096, 0.03478112444281578, -0.507774829864502, -0.16657720506191254, 0.5642576813697815, -1.8917893171310425, 0.8666093945503235, 1.7381889820098877, -0.282857209444046, -0.07334968447685242, -0.050815947353839874, -1.3756422996520996, 0.21630564332008362, 2.1270787715911865, 0.12984144687652588, -0.8166952133178711, -0.5534853935241699, -0.27471303939819336, 0.14982637763023376, -0.34652212262153625, -0.477745920419693, 1.1410704851150513, -1.7822376489639282, 1.616446614265442, 0.5335513353347778, -0.4627624452114105, -1.720820665359497, 1.3353543281555176, -0.12674659490585327, -0.5117751955986023, -3.1989574432373047, 1.348280429840088, 0.5171197056770325, -0.8028259873390198, -1.3779200315475464, 0.1768181025981903, 1.726113200187683, -0.9507306814193726, -1.7844979763031006, -0.9421634078025818, -0.04722701758146286, 0.582848310470581, -0.08733904361724854, 1.0150177478790283, 0.8021736145019531, 1.633726954460144, -1.0978825092315674, 0.042602792382240295, -0.8477622866630554, 0.32650747895240784, -0.5323713421821594, -0.8322067856788635, -1.298282265663147, -0.8870269060134888, 0.37079015374183655, -0.8419312834739685, -0.35489100217819214, -0.45680466294288635, 0.6694061756134033, 0.1848447471857071, -0.7537132501602173, -1.4838356971740723, 0.9729452133178711, 0.0007087048143148422, -0.1918494701385498, 1.870276927947998, 0.14371828734874725, -0.23865166306495667, -2.0499138832092285, 0.40335020422935486, -0.42095381021499634, 0.37690627574920654, 0.4392240643501282, -0.3448316156864166, -1.9068193435668945, -0.2026384323835373, -1.3040244579315186, -1.5536177158355713]",yunet,Facenet,1920,1080,/home/amos/media/tv/modern_family/Modern.Family.S09.1080p.DSNP.WEB-DL.DDP5.1.H.264-CRFW/Modern.Family.S09E17.Royal.Visit.1080p.DSNP.WEB-DL.DDP5.1.H.264-CRFW.mkv,Modern Family,2009,1442437,9,17,Chris Geere,62879.0,0.732
538,1026,132,1272,456,1248,258,1152,258,0.916,15792,0,"[0.029364120215177536, -1.6687501668930054, -1.9414210319519043, -1.2047815322875977, 0.9943598508834839, 1.584825873374939, 0.45500826835632324, 1.2891682386398315, 0.3526199162006378, 0.03759783133864403, 0.04360509663820267, -0.4795075058937073, -1.591957688331604, 0.451294869184494, -0.15549388527870178, -0.01606695167720318, -0.914776086807251, -1.116722822189331, 1.3344635963439941, -1.4488246440887451, -0.12844260036945343, -1.2901191711425781, -0.1462928056716919, -1.3519469499588013, -0.5476149320602417, -0.5801883339881897, 1.4065479040145874, -2.757223129272461, -0.9721294641494751, 0.8434317708015442, -0.5837386846542358, 1.4677060842514038, 0.14563079178333282, -0.5496957302093506, -0.9900814294815063, 0.5480092763900757, 0.19876191020011902, 1.4853737354278564, 0.6077945232391357, -1.058383822441101, 1.7229700088500977, 0.957954466342926, -1.814955234527588, -0.8602660298347473, 0.029311491176486015, -1.310379981994629, 0.09120772778987885, 1.7075974941253662, 0.15784530341625214, -0.10775893926620483, -0.9583896994590759, 1.4253973960876465, -0.2018549144268036, 0.633779764175415, 0.5003529787063599, -1.2619483470916748, 0.289959579706192, 1.5550463199615479, -0.6771811246871948, -0.2180798351764679, -0.12034563720226288, -1.0341894626617432, -0.4278295636177063, 1.7853211164474487, 1.7922900915145874, -0.10915428400039673, 0.20396283268928528, 1.27638578414917, -0.3441537022590637, -0.47851207852363586, -0.1472417563199997, 0.7883543968200684, -2.8168795108795166, 1.7982335090637207, 0.40287289023399353, -0.47541776299476624, -1.6365165710449219, 1.2803477048873901, -1.212344765663147, -0.004702292382717133, -2.518724203109741, 0.693743109703064, 0.3939443528652191, -1.1236814260482788, -1.1697473526000977, 0.2852073907852173, 0.4489029049873352, -0.13852427899837494, -2.1781222820281982, -1.3467713594436646, -0.04750557988882065, -0.30856919288635254, 0.9900338649749756, 0.19251710176467896, 0.3875551223754883, 1.0480849742889404, -1.0662845373153687, 0.35583415627479553, -0.26870596408843994, 1.432795763015747, -2.0909817218780518, -0.7431977391242981, -1.1034106016159058, -0.17169682681560516, -0.5938815474510193, -0.5029923915863037, -0.48531997203826904, -0.04079744964838028, 0.7261052131652832, 0.2895202338695526, -1.5820902585983276, -1.347829818725586, 0.7377736568450928, -0.8758559226989746, -1.543546199798584, 1.0584087371826172, -0.1467042863368988, -0.11032634973526001, -1.0355792045593262, 0.7536904215812683, -1.2670317888259888, 1.2409284114837646, 0.5073168873786926, -0.14357627928256989, -0.41563117504119873, 0.3839608430862427, -1.391931414604187, -0.05187831073999405]",yunet,Facenet,1920,1080,/home/amos/media/tv/modern_family/Modern.Family.S09.1080p.DSNP.WEB-DL.DDP5.1.H.264-CRFW/Modern.Family.S09E17.Royal.Visit.1080p.DSNP.WEB-DL.DDP5.1.H.264-CRFW.mkv,Modern Family,2009,1442437,9,17,Chris Geere,62879.0,0.733
539,1020,120,1242,420,1176,246,1074,240,0.921,15816,0,"[-0.13275541365146637, -2.0295045375823975, -1.653127908706665, -0.4783492088317871, 0.6283801794052124, 0.30758312344551086, 1.735734224319458, -0.9836601614952087, 0.3965894877910614, -0.3485834300518036, 1.0958698987960815, -0.8963608741760254, -1.125866413116455, 0.4249976575374603, -0.8147737979888916, -0.02973019890487194, -0.585757851600647, -0.04647206515073776, -0.3239816427230835, -1.2961556911468506, -0.039821259677410126, -0.8702660202980042, 0.07139293849468231, -2.7031972408294678, 0.086465984582901, 0.9529899954795837, 2.0800585746765137, -2.470311164855957, -0.6748456358909607, 1.0008641481399536, 0.49861156940460205, 2.0086004734039307, -0.5621621608734131, 0.1178860291838646, -0.24206523597240448, 0.42322829365730286, -0.548427939414978, 0.7568714022636414, 0.9995715022087097, -1.6487462520599365, 1.108252763748169, 0.5971599817276001, -1.4657347202301025, -1.955508828163147, 1.4637250900268555, -2.629267930984497, -0.13200847804546356, 0.5323038101196289, 1.333725094795227, 0.10869411379098892, -0.5306696891784668, -0.007535386830568314, -0.9660245180130005, -0.2726638913154602, 0.6285409331321716, -1.3213434219360352, 0.46061086654663086, 1.8516409397125244, -0.43359610438346863, -0.450257807970047, 0.11815878003835678, -1.2457478046417236, 0.33912932872772217, 1.3178918361663818, 1.1970441341400146, 0.46272915601730347, -0.011748939752578735, 1.0968960523605347, -0.11938068270683289, 0.4770599603652954, 0.05001049116253853, 0.9086449146270752, -1.8215748071670532, 1.1330783367156982, 0.698619544506073, -1.2519346475601196, -1.0556690692901611, 0.19777415692806244, -0.3999325931072235, -0.5333508253097534, -2.3942325115203857, 1.5759416818618774, 0.640771210193634, -0.7683956623077393, -1.4635167121887207, 1.1119036674499512, -0.2358960509300232, -0.5203123688697815, -1.523058295249939, -1.2874599695205688, -0.29592186212539673, 0.3547213673591614, 0.5178020596504211, 0.5452455878257751, 0.5285351872444153, 0.9178280234336853, -1.7339003086090088, 1.5815150737762451, 0.6655372977256775, 0.4382420480251312, -1.2150160074234009, -0.45548784732818604, -0.3282397389411926, -0.7173553705215454, 0.8821533918380737, 0.8042434453964233, 0.2894936800003052, 0.9014866352081299, -0.8786330223083496, -0.9945364594459534, -0.500609815120697, 0.10592906177043915, 0.698508620262146, -0.795078694820404, 0.17277388274669647, 2.137317657470703, 0.41942089796066284, 0.015003129839897156, -1.8378000259399414, 1.4834010601043701, -0.2374214082956314, 1.4792544841766357, 1.6122016906738281, -0.4510682225227356, -1.4606342315673828, 0.3129352331161499, -2.0245559215545654, -0.8781935572624207]",yunet,Facenet,1920,1080,/home/amos/media/tv/modern_family/Modern.Family.S09.1080p.DSNP.WEB-DL.DDP5.1.H.264-CRFW/Modern.Family.S09E17.Royal.Visit.1080p.DSNP.WEB-DL.DDP5.1.H.264-CRFW.mkv,Modern Family,2009,1442437,9,17,Chris Geere,62879.0,0.696
540,1128,168,1350,450,1272,282,1164,276,0.919,15840,0,"[-0.004193030297756195, -2.755504608154297, -0.32971620559692383, -1.105771541595459, 0.6781558394432068, 1.0353385210037231, 0.7258923649787903, 0.4039101302623749, 0.8685094714164734, -1.1375893354415894, 0.5617389678955078, -0.5521003603935242, -0.8587110042572021, 0.5644102096557617, 0.0693349540233612, -1.2780330181121826, -1.362570881843567, 0.3864717483520508, 0.3832252323627472, -1.0546106100082397, 0.8626480102539062, -1.4876716136932373, -0.30793532729148865, -1.9996641874313354, 0.1917731910943985, 0.009955614805221558, 0.8439865112304688, -1.9339715242385864, -1.8915773630142212, 0.014446498826146126, -0.02966560423374176, 1.8734173774719238, -0.5229466557502747, -0.4016990065574646, -1.01595938205719, 1.8809272050857544, -0.6014556288719177, -0.5310913920402527, -0.3366732895374298, -1.3371732234954834, 2.263422727584839, 1.0712236166000366, -0.6053746938705444, -2.2870192527770996, 1.4392518997192383, -1.3497644662857056, 0.26806971430778503, 2.0994272232055664, 0.22178904712200165, 0.7799562215805054, -0.7619630098342896, -0.13543686270713806, -0.6383376121520996, -0.47907477617263794, 0.6255781054496765, -0.7622540593147278, 0.1228584498167038, 2.283355474472046, -0.028719250112771988, -0.5027273893356323, 0.4308028519153595, -1.5304316282272339, 0.5495543479919434, 2.2286462783813477, 1.4707531929016113, -0.5908565521240234, -0.09319376200437546, -0.3011907637119293, -0.5416312217712402, 0.2042158842086792, 0.7589795589447021, 0.5575783252716064, -1.497429370880127, 1.7136906385421753, -0.5088460445404053, -2.859792947769165, -0.9189684391021729, 0.6038087010383606, -1.619998812675476, 1.2062005996704102, -3.0092766284942627, -0.34512075781822205, 1.401333212852478, -0.5869271159172058, -0.6724562644958496, 0.15322621166706085, 1.369545340538025, -0.4401370882987976, -0.07780449092388153, -1.67515230178833, -0.5657620429992676, 0.4553438127040863, -0.11464418470859528, 1.3710463047027588, 0.6081290245056152, 0.7339286208152771, -1.3776123523712158, 0.19058860838413239, 0.1103629618883133, 1.5012104511260986, -0.6549908518791199, -0.1751101315021515, 0.4569348990917206, -1.0173226594924927, -0.34540584683418274, -0.1779627650976181, 0.3753221333026886, 0.1592278778553009, 0.8944850564002991, -0.17112265527248383, -0.6907660365104675, -1.2291266918182373, 1.0455467700958252, 0.46270105242729187, 0.40852105617523193, 1.4725373983383179, 1.8874640464782715, 0.968813419342041, -1.6571182012557983, 0.22794754803180695, -1.3910244703292847, 1.8057421445846558, 1.4183484315872192, -0.11016838252544403, -1.912698745727539, 0.7641777396202087, -1.7484126091003418, -0.3196289837360382]",yunet,Facenet,1920,1080,/home/amos/media/tv/modern_family/Modern.Family.S09.1080p.DSNP.WEB-DL.DDP5.1.H.264-CRFW/Modern.Family.S09E17.Royal.Visit.1080p.DSNP.WEB-DL.DDP5.1.H.264-CRFW.mkv,Modern Family,2009,1442437,9,17,Chris Geere,62879.0,0.69
541,612,162,888,528,774,300,660,300,0.921,15864,0,"[-0.731852650642395, 0.5912313461303711, 0.507533848285675, -0.1309753656387329, -0.017015427350997925, -0.8216863870620728, -1.9293817281723022, 0.8960643410682678, -0.30513817071914673, -1.260006308555603, 0.9580821394920349, 0.39203372597694397, -1.0634913444519043, 0.7087385654449463, 0.20811352133750916, -0.3041980266571045, 0.159012109041214, 0.2599489092826843, -1.3227379322052002, 1.0189664363861084, 0.05593167245388031, 0.5753159523010254, -0.2524249851703644, -0.1885569989681244, 0.6843346953392029, 1.7819913625717163, -2.1560165882110596, -0.4243389368057251, 1.5676374435424805, -3.005742073059082, 0.9180810451507568, -0.4459148645401001, -0.4585989713668823, 0.5207734107971191, 0.21931777894496918, 1.9733102321624756, -0.5459489226341248, 0.4816778898239136, 0.18648293614387512, -0.20342230796813965, -1.4736493825912476, 2.4861607551574707, 1.463789939880371, -0.4014320373535156, -1.9577171802520752, 0.30264243483543396, -1.3674402236938477, 0.16400521993637085, -0.48456108570098877, 0.7107021808624268, 1.920198917388916, -2.150728940963745, 1.0713317394256592, 0.4265737533569336, 0.18531233072280884, -0.6751406192779541, 0.865292489528656, -1.0950878858566284, -1.1265032291412354, 0.9216806888580322, -0.4158961772918701, -0.5470938682556152, -1.6025134325027466, 1.0580233335494995, 0.41080108284950256, -1.2977863550186157, -0.6023494005203247, -0.8332400918006897, 0.9916402101516724, 1.5311554670333862, 0.30552390217781067, 1.4773491621017456, -3.089620351791382, 0.6676005721092224, 1.2551970481872559, 0.5426939129829407, 0.7730258703231812, 0.6978190541267395, -0.28088489174842834, 1.0167639255523682, -0.08251005411148071, -0.5788249969482422, -0.1856163740158081, -0.7781142592430115, 0.344776451587677, 0.11986660957336426, 0.5981485247612, -0.046105485409498215, -1.4185940027236938, -0.5947808623313904, 0.4637822210788727, -0.40955066680908203, -0.8362314105033875, -0.36169689893722534, -0.09617197513580322, -0.6082858443260193, -0.8976220488548279, 0.8717100024223328, 2.007265329360962, -2.0040688514709473, 0.057053789496421814, -1.6109709739685059, -0.6491535305976868, 0.8775957226753235, 1.1501600742340088, -0.690101146697998, 0.07945546507835388, -1.4117799997329712, -0.7691164016723633, -0.6621332764625549, 1.8041706085205078, -0.8597902059555054, -0.5447218418121338, 1.2093384265899658, 0.9581512212753296, 0.6054012775421143, 0.7686759233474731, 0.0880768746137619, 0.5704367160797119, 0.8871163129806519, 0.6066824793815613, -2.090684413909912, -0.7784852981567383, 0.09891976416110992, -0.6348229646682739, -1.4749590158462524, -1.319819450378418, 1.2805172204971313]",yunet,Facenet,1920,1080,/home/amos/media/tv/modern_family/Modern.Family.S09.1080p.DSNP.WEB-DL.DDP5.1.H.264-CRFW/Modern.Family.S09E17.Royal.Visit.1080p.DSNP.WEB-DL.DDP5.1.H.264-CRFW.mkv,Modern Family,2009,1442437,9,17,Julie Bowen,31171.0,0.588
542,1164,102,1422,486,1260,258,1200,252,0.912,15888,0,"[-0.10270272195339203, -2.735153913497925, -0.4193406403064728, -0.77920001745224, -0.017175909131765366, 1.03488290309906, 0.6783707737922668, 0.3600236177444458, 0.5739628076553345, -1.0655654668807983, -0.7455838322639465, -0.020740170031785965, -0.27756452560424805, 0.566057562828064, -0.8835476636886597, -0.9565957188606262, -0.980933427810669, -1.566745638847351, -0.4530649781227112, -0.948735237121582, 1.1962776184082031, -2.1196024417877197, 0.9488385319709778, -3.0071749687194824, -0.029004838317632675, 0.26890575885772705, 1.15192711353302, -1.7139990329742432, -1.1782751083374023, 0.5695253014564514, -1.2853001356124878, 1.3734054565429688, -0.9298361539840698, -0.18236184120178223, -0.823133647441864, 0.43167567253112793, -1.3090455532073975, -0.8795868754386902, 0.8760958313941956, -1.5902150869369507, 1.597037434577942, 0.35805392265319824, -2.710501194000244, -1.698337435722351, 1.1690680980682373, -1.7730194330215454, 0.39391812682151794, 1.7002408504486084, -0.13517671823501587, -0.09148722887039185, -0.8995341062545776, 0.06158185377717018, -1.2357929944992065, -0.7014800310134888, 0.8311758637428284, -1.9135674238204956, 1.2086721658706665, 1.7351789474487305, 0.1141933798789978, 0.031155720353126526, -0.3696932792663574, -3.1285815238952637, 1.1693328619003296, 0.5486144423484802, 0.7214744687080383, -1.08008873462677, -0.6717736124992371, 0.3134852945804596, -0.8445237874984741, -0.251534104347229, -0.6790469884872437, 1.2604950666427612, -2.3960506916046143, 0.9944241642951965, 1.1960335969924927, -1.7881789207458496, -0.7585422992706299, 1.4210093021392822, 0.1795099675655365, -0.36356478929519653, -2.742292881011963, -0.3383976221084595, 0.8707911968231201, -1.8982505798339844, -1.3316401243209839, 0.24450764060020447, 0.1580759882926941, -1.544298529624939, -1.615384578704834, -1.0969858169555664, 0.5774943232536316, -0.652680516242981, -0.2612423598766327, -0.44331565499305725, 0.48631155490875244, 1.5145856142044067, -0.7799103856086731, 0.9398479461669922, -0.28415316343307495, 0.4890955686569214, -0.5463535785675049, -0.12670740485191345, -0.25765570998191833, 0.5228973627090454, -0.3639317750930786, 0.34874677658081055, 0.014617465436458588, -0.7638278007507324, -0.4603588283061981, 0.39073359966278076, -0.694271445274353, -0.3208613991737366, 1.1406631469726562, -1.3941247463226318, 0.9556986689567566, 1.1247081756591797, 0.4810909926891327, 0.532694399356842, -1.2211289405822754, -0.3380294144153595, -0.32107478380203247, 0.9270654916763306, 1.0501033067703247, 0.03975914418697357, -1.657671332359314, -0.1011245995759964, -2.253162384033203, 0.45173656940460205]",yunet,Facenet,1920,1080,/home/amos/media/tv/modern_family/Modern.Family.S09.1080p.DSNP.WEB-DL.DDP5.1.H.264-CRFW/Modern.Family.S09E17.Royal.Visit.1080p.DSNP.WEB-DL.DDP5.1.H.264-CRFW.mkv,Modern Family,2009,1442437,9,17,Chris Geere,62879.0,0.68
543,588,270,786,522,756,372,672,366,0.909,15888,1,"[0.9972163438796997, -0.11269408464431763, 0.6218608021736145, 1.6855084896087646, 2.0055408477783203, -0.2249944508075714, -0.5161526799201965, -1.4374431371688843, 1.0419141054153442, 2.22186017036438, -1.434037446975708, 1.0482984781265259, 0.6493099331855774, 0.8069686889648438, 0.508076548576355, -0.3627781867980957, 0.0723523199558258, -0.5797913670539856, -1.707019329071045, -1.1468528509140015, -1.4164059162139893, -0.025535117834806442, 0.06934171915054321, 0.9323866367340088, 0.5688892602920532, -0.1576545238494873, 1.1031067371368408, -0.6700491309165955, 1.6131644248962402, 1.0580254793167114, 0.47121429443359375, -2.3576502799987793, -1.9281636476516724, -1.0542006492614746, 1.0655186176300049, -0.31302982568740845, -1.13939368724823, 2.065812587738037, -1.6384379863739014, 0.5627931356430054, 0.1034860908985138, -0.38327938318252563, 2.063652992248535, 3.171877145767212, -1.4619770050048828, -0.11969958245754242, 1.1558576822280884, -0.46719464659690857, -0.8508670330047607, -0.5517919063568115, -1.0107258558273315, 0.65925133228302, 0.5185171365737915, 0.5126762986183167, 0.08272211253643036, -0.871465265750885, 1.6789559125900269, 0.15028873085975647, -0.9374905824661255, 0.6654818058013916, -0.3851293921470642, 0.9998727440834045, -1.085984468460083, 0.48729854822158813, 0.03770933300256729, 1.3405119180679321, -2.055013418197632, 0.6815304756164551, -0.4207070767879486, 0.9270087480545044, 0.718092143535614, 0.3678121566772461, -0.834739625453949, 0.07629142701625824, 0.7419993281364441, 0.6197666525840759, 0.7226145267486572, -0.2530604302883148, -0.28778016567230225, -0.6859704256057739, 0.31504398584365845, -0.7747498750686646, 2.083099603652954, 1.2696146965026855, -0.5796990990638733, -0.7846899032592773, 0.6153634190559387, -1.0449811220169067, 0.3418044447898865, -2.5502192974090576, -0.7848908305168152, -1.2676235437393188, 0.8101094365119934, -1.7003004550933838, 1.8138794898986816, 1.2580393552780151, -0.6108380556106567, 0.3017173111438751, 0.39073097705841064, -1.7027173042297363, -0.22680406272411346, 1.5957677364349365, -2.233400344848633, 0.004966871812939644, 1.3181267976760864, 0.21342790126800537, -0.15549470484256744, -1.285340666770935, 1.919602632522583, -1.5204617977142334, 0.5815468430519104, 0.9835490584373474, -0.1358392834663391, -0.052130475640296936, -1.628670334815979, 0.481688529253006, -1.563896894454956, 1.3557618856430054, -0.06662880629301071, -0.30621135234832764, 1.9982527494430542, -1.273086428642273, 0.42189639806747437, -1.608817458152771, 0.6879118084907532, -0.07479694485664368, 1.204847812652588, -0.06759002059698105]",yunet,Facenet,1920,1080,/home/amos/media/tv/modern_family/Modern.Family.S09.1080p.DSNP.WEB-DL.DDP5.1.H.264-CRFW/Modern.Family.S09E17.Royal.Visit.1080p.DSNP.WEB-DL.DDP5.1.H.264-CRFW.mkv,Modern Family,2009,1442437,9,17,Ariel Winter,42160.0,0.538
544,1170,108,1434,486,1260,258,1206,258,0.922,15912,0,"[0.9322177171707153, -2.0735268592834473, -0.9712002873420715, -1.5506188869476318, 0.9194107055664062, 1.675184965133667, -0.235666424036026, 1.2630380392074585, 1.13327956199646, -1.7257511615753174, -0.5978006720542908, -0.03156521916389465, -1.1483690738677979, 0.9204069375991821, -0.8380498886108398, -1.2050957679748535, -0.1479288637638092, -1.06480073928833, 0.16221971809864044, -0.7612115144729614, 0.37573060393333435, -1.547614336013794, 0.9535713791847229, -3.3914794921875, -0.6261290311813354, 0.7927312850952148, 0.49221840500831604, -2.0774455070495605, -0.9242581129074097, 0.9390482306480408, -0.7836827039718628, 1.3974173069000244, -1.0733006000518799, -0.12387463450431824, -1.223574161529541, 1.684120774269104, -0.9213162660598755, -0.2316373586654663, 1.0644187927246094, -1.2833274602890015, 1.4445630311965942, 0.5020642876625061, -2.4291696548461914, -1.8745540380477905, 1.271935224533081, -1.491157054901123, 0.2287226915359497, 1.9109163284301758, -0.6050553321838379, 1.1125813722610474, -1.147727131843567, 0.3040503263473511, -0.754233717918396, 0.3389543294906616, 1.1067438125610352, -2.372934103012085, 0.6353902816772461, 1.0062854290008545, 0.7520375847816467, -0.15193110704421997, -0.8462631702423096, -3.099109649658203, 1.726000428199768, 1.2700586318969727, 1.2586822509765625, -0.867172360420227, -1.2168022394180298, 0.3444174528121948, -1.040611982345581, -0.4342457056045532, -1.1636998653411865, 1.4095624685287476, -2.608811616897583, 1.1913987398147583, 0.839703381061554, -0.9896251559257507, -1.8925607204437256, 0.34210434556007385, 0.4931851029396057, -0.5831213593482971, -2.8529069423675537, 0.26080289483070374, 0.7564657926559448, -1.6040529012680054, -0.6861853003501892, -0.1609169989824295, -0.14483149349689484, -0.4516422152519226, -1.09054434299469, -0.6744669079780579, 0.08307689428329468, 0.23443973064422607, -0.6425946354866028, -1.1439353227615356, 0.012459192425012589, 1.5080833435058594, -1.1966526508331299, 0.32961300015449524, -0.5109826326370239, 0.3107430636882782, -0.2055993527173996, -0.45946642756462097, -1.0836193561553955, 0.22048306465148926, -0.7570762634277344, 0.9837120175361633, -0.2339305579662323, -0.20079374313354492, 0.4245944917201996, -0.23071444034576416, -0.3641353249549866, -0.7633492350578308, 0.6623481512069702, -0.9305216073989868, 1.4665974378585815, 0.6259067058563232, 0.03932082653045654, -0.16051504015922546, 0.128320574760437, -0.6952950954437256, -0.5551656484603882, 1.1796343326568604, 1.0083551406860352, -0.6856889724731445, -1.7858113050460815, -0.5562554597854614, -1.4309113025665283, -0.3314366936683655]",yunet,Facenet,1920,1080,/home/amos/media/tv/modern_family/Modern.Family.S09.1080p.DSNP.WEB-DL.DDP5.1.H.264-CRFW/Modern.Family.S09E17.Royal.Visit.1080p.DSNP.WEB-DL.DDP5.1.H.264-CRFW.mkv,Modern Family,2009,1442437,9,17,Chris Geere,62879.0,0.667
545,576,282,786,552,756,378,666,378,0.921,15912,1,"[0.9602361917495728, 0.007188491523265839, 0.7085224986076355, 1.7559031248092651, 1.8160138130187988, -0.41644585132598877, 0.4201526343822479, -1.5868695974349976, 0.10538209229707718, 1.7976055145263672, -0.624487042427063, 1.3333940505981445, 1.0271375179290771, 0.8684390783309937, 0.49984216690063477, -0.32642024755477905, 0.7895417213439941, -0.9355962872505188, -1.9108531475067139, -0.7030080556869507, -1.5065767765045166, -0.4627685546875, 0.47887134552001953, -0.09655477851629257, 0.22481060028076172, -0.6902354955673218, 0.744708776473999, -0.27902889251708984, 1.2816401720046997, 0.9919848442077637, 0.7971426248550415, -2.663151741027832, -1.8968082666397095, -1.1951760053634644, 0.6726939082145691, -1.1107776165008545, -0.5187021493911743, 2.281717300415039, -0.6954364776611328, 0.2294665426015854, -0.617081880569458, -0.0509178563952446, 1.6626986265182495, 2.9402737617492676, -1.1383424997329712, 0.14200280606746674, 1.043879747390747, -0.2874228060245514, -0.373386025428772, 0.3606777787208557, -1.2246109247207642, 1.1259468793869019, 0.2612425982952118, -0.054258622229099274, 0.14536823332309723, 0.03645739331841469, 1.5521494150161743, 1.1996369361877441, -0.08812572807073593, 1.086521029472351, -0.2140190601348877, 1.081814169883728, -0.5538784265518188, 0.8390907049179077, 0.0033569373190402985, 1.0856767892837524, -2.5847933292388916, 0.2701198160648346, -0.6063266396522522, 0.6348006725311279, -0.15829189121723175, 0.5229829549789429, -0.8388783931732178, -0.08796655386686325, 0.5514320731163025, 0.8926416635513306, 0.21282929182052612, -0.7166659235954285, -0.331728994846344, -0.8394017815589905, -0.032025016844272614, -0.2918637692928314, 1.8794524669647217, 1.2647180557250977, -0.5508092641830444, -0.9486877918243408, 0.5101109743118286, -1.109654188156128, -0.3879617750644684, -2.633547306060791, -1.036168098449707, -0.8983694911003113, 0.7753321528434753, -1.8086625337600708, 1.8983640670776367, 0.949044406414032, -0.4960976541042328, -0.26588955521583557, 0.39961355924606323, -2.037365674972534, -0.3032863736152649, 1.5637505054473877, -1.9808779954910278, 0.21558400988578796, 1.421854853630066, 0.3439251780509949, 0.5113443732261658, -1.2879798412322998, 1.7947466373443604, -2.0314083099365234, 0.8612151741981506, 1.0565277338027954, 0.21850284934043884, 0.15226347744464874, -1.3263710737228394, 0.7927855253219604, -1.0985558032989502, 1.945521593093872, -0.513156533241272, 0.15838082134723663, 2.018001079559326, -0.9722062349319458, 0.69720858335495, -1.5912261009216309, -0.4757806062698364, -0.0862606018781662, 0.5841490626335144, -0.8066962957382202]",yunet,Facenet,1920,1080,/home/amos/media/tv/modern_family/Modern.Family.S09.1080p.DSNP.WEB-DL.DDP5.1.H.264-CRFW/Modern.Family.S09E17.Royal.Visit.1080p.DSNP.WEB-DL.DDP5.1.H.264-CRFW.mkv,Modern Family,2009,1442437,9,17,,,
546,1188,120,1464,498,1290,276,1212,276,0.92,15936,0,"[-1.070037841796875, -2.530977487564087, -0.5771141052246094, -0.5056298971176147, 0.0609668493270874, 1.3631335496902466, 0.6622501611709595, 0.9086402654647827, 0.7938247323036194, 0.20942498743534088, 0.4559473395347595, -1.725713849067688, -0.9613308906555176, -0.577987551689148, -0.8949849605560303, -0.2284853607416153, -0.9333300590515137, -1.6340519189834595, -0.8360278606414795, -1.3527084589004517, 0.5368742942810059, -2.1806764602661133, 1.1638790369033813, -1.9672218561172485, 0.33321255445480347, 0.5864830017089844, 2.3216214179992676, -0.5954411029815674, -0.6540907621383667, 0.24214275181293488, -1.5183560848236084, 1.2547844648361206, -0.36518537998199463, -0.20507046580314636, 1.07258141040802, 0.01732277125120163, -1.3597458600997925, 0.47813665866851807, 2.0545458793640137, -0.7398419380187988, 0.8047668933868408, 0.17768770456314087, -1.9939838647842407, -1.1364529132843018, 1.1320087909698486, -1.9654476642608643, 0.9193210601806641, 1.3513195514678955, 0.18423177301883698, -0.5706818103790283, -1.1834920644760132, 0.7741677165031433, -0.3767779767513275, 0.549860954284668, 0.2180432230234146, -1.300524353981018, 1.2515264749526978, 2.035421371459961, -0.9522044658660889, -0.12798123061656952, 0.5187174081802368, -2.246457576751709, 0.037095218896865845, 0.6350698471069336, 0.6123161315917969, 0.21022826433181763, -0.9496413469314575, 1.0078554153442383, 0.6819185614585876, -1.2261176109313965, -1.350548505783081, 0.1174771785736084, -2.453399419784546, 1.3163288831710815, 0.8493807315826416, -0.2538631558418274, -0.48620378971099854, 1.6929348707199097, 1.018929123878479, 0.29840904474258423, -1.958920955657959, -0.35063913464546204, 1.7120894193649292, -1.4052348136901855, -0.7530063390731812, 0.1751638650894165, 1.8241468667984009, -0.9940066337585449, -1.9964109659194946, -0.21791203320026398, -0.6588087677955627, -0.2733934819698334, -0.11266879737377167, 0.5441139340400696, 0.4738152325153351, 2.171175241470337, -2.8809685707092285, -0.03905559331178665, -1.2791693210601807, 0.5569703578948975, -1.3430676460266113, 0.2778466045856476, -0.8809727430343628, 0.8586751818656921, 0.07957852631807327, 0.6333771347999573, -0.7113927006721497, -0.361417293548584, -0.3783901631832123, -0.2135193943977356, 0.7683305740356445, -1.3378973007202148, 0.07341291010379791, -0.875328004360199, -0.7327306270599365, 2.6155736446380615, -0.0558701828122139, 0.005803704261779785, -1.0866343975067139, -0.29321160912513733, -0.18901781737804413, 0.8364030122756958, -0.007372584193944931, 0.45427024364471436, -1.3937432765960693, 0.25344061851501465, -0.8437173962593079, -0.4703282117843628]",yunet,Facenet,1920,1080,/home/amos/media/tv/modern_family/Modern.Family.S09.1080p.DSNP.WEB-DL.DDP5.1.H.264-CRFW/Modern.Family.S09E17.Royal.Visit.1080p.DSNP.WEB-DL.DDP5.1.H.264-CRFW.mkv,Modern Family,2009,1442437,9,17,Chris Geere,62879.0,0.64
547,576,300,792,576,762,396,678,396,0.918,15936,1,"[0.7090679407119751, 0.012926571071147919, 0.4646621644496918, 2.4268624782562256, 2.1828415393829346, -0.2589397430419922, 0.6964907646179199, -1.4320164918899536, 0.5549412369728088, 2.0129518508911133, -0.38724634051322937, 1.2552722692489624, 1.2827904224395752, 0.262292742729187, 0.4558103680610657, -0.07930713146924973, 0.7156656980514526, -0.8382781147956848, -1.9947459697723389, -0.7414828538894653, -1.5979862213134766, -0.30161383748054504, 0.5194092988967896, 0.5832266211509705, 0.24928729236125946, -1.191275954246521, 0.7204790115356445, -0.0500592440366745, 1.3270678520202637, 0.9216978549957275, 1.0485917329788208, -3.018354892730713, -2.081853151321411, -1.3560634851455688, 0.8316159248352051, -1.4497581720352173, -0.7155438661575317, 2.5358943939208984, -0.8529123067855835, 0.35498541593551636, -0.3656461834907532, -0.36826804280281067, 2.1188299655914307, 2.6815454959869385, -0.9248618483543396, 0.24017223715782166, 1.2141622304916382, -0.39517635107040405, -0.4699792265892029, 0.19198530912399292, -1.3646492958068848, 1.3785094022750854, 0.4912359416484833, 0.3720918893814087, -0.1888585239648819, -0.005523663945496082, 1.7437341213226318, 1.0929945707321167, -0.46599406003952026, 0.6925824284553528, -0.21955710649490356, 1.442557692527771, -0.6000081896781921, 0.6432011127471924, 0.16136321425437927, 1.1841950416564941, -1.9790894985198975, 0.2868961691856384, -1.187238097190857, 0.39344522356987, 0.24256323277950287, 0.2687913477420807, -0.7369756102561951, 0.44002944231033325, 0.11892303824424744, 0.8458774089813232, 0.27884361147880554, -0.09392035007476807, -0.3913680613040924, -0.6211144328117371, 0.36144712567329407, -0.15059788525104523, 2.0305356979370117, 0.6287792325019836, -0.920250654220581, -0.7496324777603149, 0.6468679904937744, -0.9130807518959045, -0.5151697397232056, -2.5947933197021484, -0.7747949957847595, -0.9637196063995361, 0.9555841684341431, -1.3600823879241943, 2.0122814178466797, 0.8318385481834412, -0.64010089635849, -0.03554654121398926, 0.339058518409729, -1.6920244693756104, -0.6872847080230713, 1.4794994592666626, -1.8258761167526245, 0.2612006664276123, 1.2546535730361938, 0.5913354158401489, 0.4541129767894745, -1.1122061014175415, 1.9296363592147827, -1.831117868423462, 0.4000009298324585, 1.398930311203003, 0.5987317562103271, -0.1968449354171753, -1.923876404762268, 0.5751352310180664, -1.2176365852355957, 1.648729681968689, -0.7379668354988098, -0.1376550942659378, 1.578053593635559, -0.9536498785018921, 0.9219765067100525, -1.612264633178711, 0.07113130390644073, 0.4108600914478302, 0.7742670178413391, -1.1131671667099]",yunet,Facenet,1920,1080,/home/amos/media/tv/modern_family/Modern.Family.S09.1080p.DSNP.WEB-DL.DDP5.1.H.264-CRFW/Modern.Family.S09E17.Royal.Visit.1080p.DSNP.WEB-DL.DDP5.1.H.264-CRFW.mkv,Modern Family,2009,1442437,9,17,,,
548,564,282,786,570,732,402,630,396,0.935,15960,0,"[-0.0185544490814209, -0.6504143476486206, 0.07281825691461563, 2.869621992111206, 1.3033679723739624, -0.7532823085784912, -0.29358726739883423, -1.7367829084396362, 0.4166049063205719, 2.2247846126556396, -1.253159999847412, 1.7409179210662842, 1.2988735437393188, -0.24966134130954742, -0.18503770232200623, -0.03386818617582321, 0.9076677560806274, -1.2893623113632202, -2.19477915763855, 0.8032681941986084, -0.4686082601547241, 0.20780375599861145, -0.03514503315091133, 0.019682615995407104, 0.2678854763507843, -0.058936066925525665, 1.9353201389312744, 0.15606781840324402, 1.9127298593521118, 0.361592173576355, -0.32764938473701477, -1.7060872316360474, -1.245666742324829, -1.7795106172561646, 1.3032264709472656, -0.6384559869766235, -1.6283565759658813, 0.6360398530960083, -0.5033800005912781, -0.48836764693260193, -0.46391525864601135, 0.19846892356872559, 0.47635501623153687, 2.163907527923584, 0.40836814045906067, -0.2665291428565979, 0.792834460735321, 0.3215281665325165, -0.33429545164108276, 0.7471647262573242, -0.7850626111030579, 1.3012728691101074, 0.8398194313049316, -0.527686357498169, 0.028318986296653748, -0.33585643768310547, 2.191511869430542, 0.28331947326660156, 0.034206822514534, 0.9394346475601196, -0.09373369812965393, 0.4837076663970947, -0.7126304507255554, -0.10328374803066254, -0.09958196431398392, 1.830081582069397, -0.28147053718566895, -0.7190341353416443, -0.2425319254398346, 0.03543819114565849, -0.286785751581192, -0.6122997999191284, -0.8005677461624146, 0.5122022032737732, 1.3440450429916382, -0.6367685198783875, 0.9936749935150146, -0.5762420892715454, 0.6913428902626038, -0.8407458066940308, 0.02639775350689888, -0.3761284649372101, 2.270397186279297, 1.0738099813461304, -0.15797066688537598, 0.047541454434394836, 0.5022731423377991, -0.7922548055648804, 0.21536901593208313, -1.6288228034973145, -1.5668103694915771, 0.5687951445579529, 0.6945564150810242, -0.5872721672058105, 1.8184306621551514, 0.7779006958007812, 0.1895313411951065, -0.4290088713169098, -1.0136876106262207, -1.1793129444122314, 0.003399614244699478, 0.7857739329338074, -1.8231520652770996, 0.7808645963668823, 1.5376036167144775, 0.32170379161834717, 0.950550377368927, -0.3121180236339569, 1.649945855140686, -0.7066405415534973, 1.1176011562347412, 1.2636977434158325, 0.41632574796676636, 0.7600048184394836, -1.0306059122085571, 0.43899789452552795, -1.5744552612304688, 2.1469221115112305, -0.05647809058427811, -0.9340431690216064, 2.528918743133545, -1.5813747644424438, -0.28646886348724365, -1.4552143812179565, 0.5714703798294067, 0.17610502243041992, 1.2911137342453003, -0.918776273727417]",yunet,Facenet,1920,1080,/home/amos/media/tv/modern_family/Modern.Family.S09.1080p.DSNP.WEB-DL.DDP5.1.H.264-CRFW/Modern.Family.S09E17.Royal.Visit.1080p.DSNP.WEB-DL.DDP5.1.H.264-CRFW.mkv,Modern Family,2009,1442437,9,17,Sarah Hyland,91351.0,0.685
549,1212,132,1524,534,1356,288,1242,294,0.922,15960,1,"[-0.6299883127212524, -2.911573886871338, -0.36545461416244507, -0.7055987119674683, -0.42809075117111206, 1.3179867267608643, 0.12979531288146973, 0.927670419216156, 1.4525268077850342, -0.8307279944419861, 0.6046443581581116, -1.0999541282653809, -0.392702579498291, 0.5953806638717651, -0.8265150785446167, -0.5419379472732544, 0.0814068391919136, -0.9822311997413635, 0.40148699283599854, -0.46292123198509216, 0.3422001302242279, -1.497594952583313, 1.4793192148208618, -2.1644554138183594, -0.1704084426164627, 0.6707799434661865, 0.9553759098052979, -2.0621752738952637, 0.8467842936515808, -0.041638053953647614, -0.8921040296554565, 0.7253091335296631, 0.49877282977104187, -0.6717950701713562, 0.6785539388656616, 0.7949897646903992, -0.45491230487823486, 1.4031611680984497, 1.3829164505004883, -1.0875880718231201, 1.2018800973892212, 0.8855053186416626, -1.654558539390564, -1.7582958936691284, 0.7396633625030518, -2.044118642807007, 0.7194459438323975, 0.8749375343322754, 0.2023206502199173, 0.13879071176052094, -0.23392687737941742, 0.547603964805603, -1.4208228588104248, -0.4774587154388428, 0.22720839083194733, -1.5226377248764038, 0.645837664604187, 3.45457124710083, -0.3733671009540558, -0.1887725293636322, 0.9775626063346863, -2.767578363418579, 0.18461713194847107, 0.3780559003353119, 0.009349683299660683, 0.3591492772102356, -0.10701731592416763, 1.3796371221542358, 0.2374788522720337, -0.8303999900817871, -0.8481654524803162, -0.0944821685552597, -2.151196241378784, 1.2847418785095215, 0.5016181468963623, -0.43905964493751526, -0.5170748829841614, 0.3477020561695099, -0.08045906573534012, -0.5212839245796204, -2.440600872039795, -0.008372772485017776, 1.374393343925476, -1.2069905996322632, -1.994820475578308, -0.033972349017858505, 1.581525206565857, -1.001272201538086, -1.9119547605514526, -1.3687758445739746, -0.9569754004478455, 0.07685741782188416, 0.10147181153297424, 0.023606406524777412, -0.791500449180603, 1.481320858001709, -2.8837623596191406, 0.7905734777450562, -1.4739947319030762, 0.1646319031715393, -1.1893342733383179, 0.5008904933929443, -0.5102588534355164, 0.29042184352874756, 0.1341167688369751, 0.9245454668998718, 0.3362599313259125, -1.1352269649505615, 0.18834304809570312, 0.07979270070791245, -0.016598070040345192, -0.4306108355522156, 0.9906430244445801, -1.359304666519165, -0.33362871408462524, 1.2568838596343994, 0.2845199704170227, -1.2099891901016235, -1.2406381368637085, -0.06871114671230316, -1.5262913703918457, 1.2258014678955078, 0.5053339004516602, 0.462941974401474, -0.5605257749557495, 0.8236159682273865, -1.041841745376587, 0.04493725672364235]",yunet,Facenet,1920,1080,/home/amos/media/tv/modern_family/Modern.Family.S09.1080p.DSNP.WEB-DL.DDP5.1.H.264-CRFW/Modern.Family.S09E17.Royal.Visit.1080p.DSNP.WEB-DL.DDP5.1.H.264-CRFW.mkv,Modern Family,2009,1442437,9,17,Chris Geere,62879.0,0.685
550,564,300,774,582,702,414,612,414,0.928,15984,0,"[-1.3235224485397339, -0.6011971235275269, 0.5678038001060486, 2.716966152191162, 1.1317740678787231, -0.16819462180137634, 0.5532305836677551, -1.3214248418807983, -0.052406661212444305, 1.700804591178894, -0.5936996936798096, 0.9259552955627441, 1.8852779865264893, -1.3888837099075317, -0.6137212514877319, 0.24189384281635284, 0.7788779735565186, -1.3251410722732544, -1.5343825817108154, 1.400183081626892, 0.42074206471443176, 0.670530378818512, 0.3225688636302948, 0.04065673053264618, -0.4814121723175049, 0.40862926840782166, 1.6466377973556519, 0.6082507371902466, 2.1256186962127686, 1.3923578262329102, -0.5858851671218872, -1.4352151155471802, -1.5780717134475708, -1.5273350477218628, 2.482120990753174, -1.40434992313385, -1.6210957765579224, 0.2692905068397522, -0.6541054844856262, -0.5601310729980469, -0.9435659050941467, 0.06119431555271149, 0.3952069580554962, 3.12685489654541, 0.5862279534339905, -0.16799688339233398, 0.7763118147850037, -0.33080247044563293, 0.03777746111154556, 0.40553146600723267, -0.21506111323833466, 1.5543136596679688, 0.9710157513618469, -0.4719652533531189, -0.9677438139915466, -0.26172322034835815, 1.794517159461975, 0.3797200322151184, -0.7945760488510132, 0.8208467364311218, -0.2394365668296814, 1.098373532295227, -0.5044828057289124, -0.6495392918586731, -1.087281584739685, 1.4468350410461426, 0.25691214203834534, -0.6031562685966492, 0.3532732427120209, 0.1791245937347412, 0.37092283368110657, -0.7225152254104614, -1.209299921989441, 0.2136014848947525, 1.029726266860962, 0.07940945029258728, 0.8245053291320801, -0.010652747005224228, 0.35016581416130066, -0.4053304195404053, 0.7686702013015747, 0.17464952170848846, 1.7961100339889526, 0.2934417128562927, -0.44398263096809387, 0.018924295902252197, 0.655365526676178, -0.8941081762313843, -0.8012937307357788, -2.162377119064331, -1.3820338249206543, 0.32300299406051636, -0.3763884902000427, 0.20434916019439697, 1.6277555227279663, 0.9835754632949829, 0.18732182681560516, -1.3736519813537598, -0.474658340215683, -1.145178198814392, 0.22080479562282562, 0.5256379842758179, -1.3873659372329712, 1.5195080041885376, 0.3743322491645813, 0.5114144086837769, 1.0915603637695312, -0.8275381326675415, 1.5546523332595825, -0.871387779712677, 1.0543571710586548, 0.06353650242090225, 0.7515357732772827, 1.1277437210083008, -1.0704593658447266, 0.5888893604278564, -0.7865846157073975, 1.1642719507217407, -1.048251748085022, -0.9778452515602112, 2.987337350845337, -0.9869568347930908, -0.3059038519859314, -1.8909035921096802, 0.2312832623720169, 0.444132000207901, 1.1878637075424194, -1.3046271800994873]",yunet,Facenet,1920,1080,/home/amos/media/tv/modern_family/Modern.Family.S09.1080p.DSNP.WEB-DL.DDP5.1.H.264-CRFW/Modern.Family.S09E17.Royal.Visit.1080p.DSNP.WEB-DL.DDP5.1.H.264-CRFW.mkv,Modern Family,2009,1442437,9,17,Sarah Hyland,91351.0,0.682
551,1236,96,1530,492,1380,252,1254,252,0.926,15984,1,"[-0.510329008102417, -2.005199670791626, -1.105141282081604, -1.2126514911651611, -0.46606898307800293, 1.2283999919891357, -0.32232606410980225, 1.0811034440994263, 1.6302188634872437, -0.623295783996582, 0.7685040831565857, -1.0962028503417969, -0.8504396677017212, -0.053788039833307266, -0.5282585620880127, 0.17545580863952637, 0.12416326999664307, -0.17141634225845337, 0.4873194098472595, -1.0071724653244019, 0.6503156423568726, -1.2426202297210693, 1.1156988143920898, -2.246890068054199, 0.7495415806770325, 0.41313183307647705, 0.5667177438735962, -1.8979469537734985, 1.369980812072754, -0.1016884371638298, -0.7740473747253418, 0.6399793028831482, 1.1602505445480347, -0.5956149697303772, 0.7527930736541748, 1.0962655544281006, -0.7647367715835571, 1.4949945211410522, 0.6830703616142273, -1.1278152465820312, 1.6681082248687744, 0.9354313015937805, -2.0453085899353027, -1.6716530323028564, 0.4623655080795288, -2.1095731258392334, -0.03620186820626259, 0.9020177125930786, -0.16265377402305603, -0.41681745648384094, -0.08558173477649689, 0.9109804034233093, -1.3377491235733032, 1.0722194910049438, 0.07746533304452896, -1.0879313945770264, 0.5962460041046143, 1.928292155265808, -1.0588268041610718, -0.8002912402153015, 0.9913434386253357, -2.8496716022491455, 0.6297076344490051, 0.4931167960166931, 0.9568628668785095, -0.475771427154541, 0.08667466044425964, 1.3593641519546509, 0.25285422801971436, -1.6206908226013184, -1.1713420152664185, 0.3884996473789215, -3.222904920578003, 0.37416309118270874, 1.0268665552139282, -0.9858837723731995, -0.5683603286743164, 0.47099772095680237, 0.014298774302005768, -0.8056821823120117, -1.769457221031189, 0.3698272705078125, 0.9979425668716431, -1.7015479803085327, -1.801167607307434, 0.27194827795028687, 0.5299758911132812, -0.6722316145896912, -1.8639793395996094, -0.7404246926307678, -0.8860757946968079, -0.2709955871105194, 1.1014279127120972, 0.36121517419815063, -0.9718825817108154, 1.0729038715362549, -2.3381154537200928, 0.20226611196994781, -0.5488740801811218, 0.817632257938385, -1.179481863975525, 1.312320590019226, -0.19706588983535767, 0.7181865572929382, -0.08391114324331284, 1.612173318862915, -1.2005856037139893, -0.4796552360057831, -0.31273239850997925, 0.2950156331062317, -0.7670353055000305, 0.21845531463623047, 0.44631776213645935, -1.6814351081848145, -0.2904707193374634, 0.8435647487640381, 0.014294996857643127, -1.6120579242706299, -0.8173279166221619, -0.44987455010414124, -1.4437788724899292, 1.6209737062454224, 1.0256506204605103, 0.207449808716774, -0.018533125519752502, 0.9913222193717957, -1.440110445022583, 0.7649475336074829]",yunet,Facenet,1920,1080,/home/amos/media/tv/modern_family/Modern.Family.S09.1080p.DSNP.WEB-DL.DDP5.1.H.264-CRFW/Modern.Family.S09E17.Royal.Visit.1080p.DSNP.WEB-DL.DDP5.1.H.264-CRFW.mkv,Modern Family,2009,1442437,9,17,Chris Geere,62879.0,0.639
552,1200,126,1452,474,1314,258,1218,264,0.923,16008,0,"[-0.2314634919166565, -2.658027172088623, -0.671001136302948, -0.7949153780937195, -0.3000422716140747, 1.5273964405059814, -0.3841739892959595, 1.1102832555770874, 1.8017534017562866, -0.42703863978385925, -0.40063831210136414, -1.3022898435592651, -1.3011045455932617, 0.4580177962779999, -0.49027642607688904, -0.6608761548995972, -0.4657450020313263, -1.3124433755874634, 0.2128634750843048, -1.6015164852142334, 0.8558934926986694, -1.627043604850769, 0.7907048463821411, -1.2031389474868774, 0.26715588569641113, -0.4099690914154053, 1.7068125009536743, -2.2333993911743164, 0.5413263440132141, -0.31458863615989685, -1.0706233978271484, 1.0361307859420776, -0.010288923047482967, -0.03932272270321846, -0.12603218853473663, 0.6345534324645996, -0.982703685760498, 0.24068287014961243, 1.0764391422271729, -1.3735612630844116, 1.3435895442962646, 0.020065028220415115, -1.8976072072982788, -1.8763858079910278, 0.08874425292015076, -1.0308219194412231, 0.9839743375778198, 0.7327666282653809, -0.7772557139396667, -0.26719510555267334, -1.422112226486206, 1.0892314910888672, -1.4584919214248657, 0.7103815674781799, 0.7950974106788635, -1.1064839363098145, 0.6548112630844116, 1.986534595489502, -1.033393144607544, -0.07823745161294937, 0.3558499217033386, -3.1228392124176025, 0.9545705914497375, 1.070328712463379, 1.2077194452285767, 0.5000202059745789, -0.1502719521522522, 1.4948393106460571, -0.5188325643539429, -1.2016332149505615, -0.6746647953987122, 0.4449404180049896, -2.3128106594085693, 1.3418031930923462, 0.9602861404418945, -0.6076026558876038, -0.9695302248001099, 0.5662091970443726, -0.3226929306983948, 0.05470263957977295, -2.5114707946777344, 0.18082696199417114, 1.9437881708145142, -1.0673983097076416, -1.1235432624816895, -0.3063422441482544, 0.7216125726699829, -1.1485618352890015, -1.9149343967437744, -1.2687170505523682, -0.3184942603111267, -0.8372576832771301, 0.47606125473976135, 0.0789075717329979, 0.10964912921190262, 1.4649821519851685, -2.9051568508148193, 1.5203180313110352, -0.527287483215332, 0.654070258140564, -1.634743571281433, 0.3600373864173889, -0.3929392099380493, 1.5121513605117798, 0.04184252768754959, 0.5791154503822327, -1.0531588792800903, 0.2424517720937729, -0.277299702167511, -0.5270447134971619, -0.09590890258550644, -1.1906994581222534, 0.9501545429229736, -1.5737435817718506, -0.7835277318954468, 1.0021952390670776, 0.642772912979126, -0.0866074413061142, -1.0517739057540894, -0.22051721811294556, -0.7861044406890869, 1.2738927602767944, 0.640946090221405, 0.10214519500732422, -1.114583969116211, 0.9650948643684387, -1.704370141029358, 0.5094830393791199]",yunet,Facenet,1920,1080,/home/amos/media/tv/modern_family/Modern.Family.S09.1080p.DSNP.WEB-DL.DDP5.1.H.264-CRFW/Modern.Family.S09E17.Royal.Visit.1080p.DSNP.WEB-DL.DDP5.1.H.264-CRFW.mkv,Modern Family,2009,1442437,9,17,Chris Geere,62879.0,0.694
553,540,330,708,558,612,426,564,420,0.906,16008,1,"[-0.8553258180618286, -1.2659227848052979, 1.2359174489974976, 1.1093980073928833, -0.8106069564819336, -0.20305870473384857, 0.5321381688117981, -2.349755048751831, -0.6186378002166748, 2.182708740234375, 0.6183835864067078, 0.2827829420566559, -0.31322336196899414, -0.6892071962356567, 0.39530616998672485, -0.013626722618937492, -0.08256544172763824, -1.8529987335205078, -1.3835872411727905, 1.992195725440979, -0.5597443580627441, -0.009588934481143951, -0.7480951547622681, -0.039850860834121704, -0.21876387298107147, -0.16775092482566833, 0.9109318256378174, -0.2134399116039276, 1.172127604484558, 1.1685938835144043, -0.008149296045303345, -0.9448109269142151, -2.4764881134033203, -1.4403634071350098, 2.1763272285461426, -0.10218259692192078, 0.48082852363586426, -0.5034154653549194, 1.3243298530578613, -0.9422048330307007, 0.18887688219547272, 0.2130698263645172, -1.3010858297348022, 2.1361801624298096, -0.22648634016513824, -1.2995574474334717, 0.3462861478328705, -0.4836810529232025, -0.49802160263061523, 0.8282963037490845, -0.4511825442314148, -0.29013317823410034, 1.324615478515625, -0.910181999206543, -1.5029475688934326, -1.1692909002304077, 2.509249210357666, 1.7158067226409912, -0.7635555863380432, 0.2315697968006134, 0.7525782585144043, -0.21277178823947906, -0.4220534861087799, -0.879604160785675, -0.5207586288452148, 2.32131290435791, 1.737747311592102, -0.05006534606218338, 0.6491739153862, 0.8038581609725952, -0.24515244364738464, -0.2875368297100067, -1.0881893634796143, -0.04908299818634987, -0.18826408684253693, 0.3905535042285919, 0.34496867656707764, -0.5958265066146851, 0.06840822845697403, 0.8811876773834229, -0.40767723321914673, -0.9949190616607666, 1.2693874835968018, 0.8494172096252441, -0.6818298697471619, -1.6523351669311523, 0.12081478536128998, -0.007402941584587097, -0.5780489444732666, -1.409656047821045, -0.8143472671508789, -1.6833949089050293, -1.282431721687317, 1.3053460121154785, 0.5637872219085693, 0.16707123816013336, 0.24962946772575378, -0.07455518841743469, 0.2729581892490387, -1.0193041563034058, 0.40768522024154663, 0.6417033672332764, -1.9777501821517944, 0.4344410002231598, 0.8312944769859314, 0.9648537635803223, 1.086753010749817, -1.3436633348464966, 1.6535191535949707, -0.37689390778541565, 1.4654343128204346, 0.14614683389663696, 2.5661566257476807, -0.7355921268463135, -0.7079129219055176, 0.6840001344680786, -0.28508156538009644, 0.36844414472579956, -1.3969277143478394, 1.1161850690841675, 1.85370671749115, -1.1902426481246948, -0.18075646460056305, -1.9865655899047852, 0.27555546164512634, 0.3000032305717468, 0.7608002424240112, -1.1313122510910034]",yunet,Facenet,1920,1080,/home/amos/media/tv/modern_family/Modern.Family.S09.1080p.DSNP.WEB-DL.DDP5.1.H.264-CRFW/Modern.Family.S09E17.Royal.Visit.1080p.DSNP.WEB-DL.DDP5.1.H.264-CRFW.mkv,Modern Family,2009,1442437,9,17,Sarah Hyland,91351.0,0.512
554,582,294,780,540,726,390,636,390,0.924,16032,0,"[-0.0838308185338974, -0.6848286390304565, 0.4255533218383789, 2.898144483566284, 1.6261646747589111, 1.137136459350586, 1.0678582191467285, -0.7719734907150269, 0.4192974865436554, 2.6877615451812744, -1.1667503118515015, 0.4514450430870056, 0.12477289140224457, -0.23284992575645447, -0.8547033071517944, -0.2703477144241333, 0.9258668422698975, -1.9199531078338623, -1.2905343770980835, -0.12729625403881073, 0.5353350639343262, -0.43506503105163574, 0.812325656414032, -0.7084235548973083, -0.2661532461643219, 0.6130782961845398, 1.577424168586731, -0.27706703543663025, 1.7133264541625977, 1.0407496690750122, -0.48814907670021057, -0.94247967004776, -1.1356987953186035, -2.6027748584747314, 2.1820011138916016, -1.035515308380127, -1.771141529083252, 0.897579550743103, -0.711789071559906, -0.6801515817642212, -0.27153480052948, -0.1995854377746582, -1.062432050704956, 1.5230375528335571, 1.2592312097549438, 0.19388535618782043, 1.0144389867782593, 0.660675048828125, -0.3314253091812134, 0.8646697998046875, -1.634889006614685, 2.1947758197784424, 0.6920291185379028, -1.1584736108779907, -0.19846166670322418, 1.0235203504562378, 2.466006278991699, -0.4040689468383789, 1.0507479906082153, 0.9634641408920288, -0.6908649206161499, 0.651269793510437, 0.7131560444831848, -0.6546064615249634, -1.2729378938674927, 1.106339454650879, -0.0019288063049316406, 1.046221137046814, 0.7170327305793762, -0.011487302370369434, -1.0289453268051147, -0.3580522835254669, -1.3728575706481934, 0.6223195195198059, 0.8419906497001648, 0.06882649660110474, -0.3306643068790436, -1.0754634141921997, -0.6814590692520142, -0.9363948106765747, 0.35241174697875977, -1.0636910200119019, 0.7837791442871094, -0.6204131841659546, 0.6453058123588562, -1.0628941059112549, 0.19657649099826813, -0.3524506688117981, 0.3944975435733795, -1.0439060926437378, -2.25414776802063, 0.6448497176170349, 1.5202895402908325, 0.15240943431854248, 0.8882594108581543, 1.0426385402679443, 0.2918957471847534, 0.13731451332569122, -0.8934327363967896, -0.2936224341392517, -0.021584516391158104, 0.11074190586805344, -1.819343090057373, -0.2927282452583313, 1.4775800704956055, 0.12325282394886017, 0.5494346022605896, -0.0019445866346359253, 1.8652483224868774, 0.12353834509849548, 0.5351853370666504, 1.4608763456344604, 0.06810188293457031, 0.3987710773944855, -1.3440237045288086, 0.596418023109436, -1.2544792890548706, 0.9541816711425781, -0.39430636167526245, -0.6626086235046387, 2.9520068168640137, -0.874547004699707, -0.8930695056915283, -0.6864504814147949, 0.7971422076225281, 0.3643265962600708, 0.9442846179008484, -0.6291617751121521]",yunet,Facenet,1920,1080,/home/amos/media/tv/modern_family/Modern.Family.S09.1080p.DSNP.WEB-DL.DDP5.1.H.264-CRFW/Modern.Family.S09E17.Royal.Visit.1080p.DSNP.WEB-DL.DDP5.1.H.264-CRFW.mkv,Modern Family,2009,1442437,9,17,Sarah Hyland,91351.0,0.63
555,1152,144,1410,498,1272,300,1182,294,0.916,16032,1,"[0.09010184556245804, -2.2953603267669678, -0.4507214426994324, -0.3363666534423828, 0.4074321389198303, 1.5259851217269897, 0.8769784569740295, 1.3583017587661743, 1.3202441930770874, -0.3321516215801239, 0.2170712649822235, -1.3081305027008057, -1.4034509658813477, 0.5842680931091309, -1.4247599840164185, -0.9051555395126343, 0.014518730342388153, -1.8298522233963013, -0.12585699558258057, -0.7782518863677979, 0.8911939859390259, -1.4853066205978394, 1.393237590789795, -1.7361485958099365, 0.6482132077217102, 0.39887213706970215, 1.275599718093872, -2.0954718589782715, 0.7791020274162292, -0.29174086451530457, -0.9725258350372314, 0.9860920310020447, -0.8163239359855652, 0.09475415199995041, 0.048888057470321655, 0.48106276988983154, -1.348282814025879, -0.1960570216178894, 0.9077833890914917, -2.0864272117614746, 0.2790164649486542, 0.33952170610427856, -2.328709840774536, -1.2075423002243042, 1.030595064163208, -1.191519021987915, 0.42968836426734924, 1.3289850950241089, -0.32892775535583496, 0.5517537593841553, -0.6268643736839294, 0.5996193289756775, -1.3724584579467773, -0.1288680136203766, -0.13042129576206207, -1.329267144203186, 1.0560945272445679, 1.6243720054626465, -0.03888821601867676, 0.031521424651145935, -0.5416144132614136, -2.5614161491394043, 1.6195638179779053, 0.5478482246398926, 0.5219416618347168, 0.05395511910319328, -0.9497288465499878, 0.8931767344474792, 0.3398665189743042, -0.9257429838180542, -1.199151873588562, 0.010866791009902954, -3.115537643432617, 1.6710169315338135, 0.6730821132659912, -0.6748701333999634, -0.6881089210510254, 0.5594371557235718, 0.2083427608013153, 0.12943430244922638, -2.2385623455047607, 0.36720219254493713, 1.2439743280410767, -2.0667505264282227, -0.7019763588905334, -0.12625204026699066, 0.9994051456451416, -1.167978048324585, -1.614082932472229, -0.5754461288452148, -0.4656519591808319, 0.21000708639621735, -0.04734935611486435, 0.38541409373283386, -0.06465661525726318, 1.6184042692184448, -2.156038522720337, 0.3943171203136444, -0.4652920961380005, 0.6933352947235107, -1.7162786722183228, -0.16652663052082062, 0.0008774474263191223, 0.9895824790000916, -0.4415869414806366, 0.9518885612487793, -0.3225615322589874, 0.27549460530281067, -0.4403461515903473, -0.8024981617927551, 0.3775864839553833, -1.163500189781189, 0.9097914695739746, -1.137281894683838, 0.6467574238777161, 1.6652719974517822, 1.1711852550506592, -0.24267128109931946, -1.0830920934677124, -0.4032627046108246, -0.06411275267601013, 1.1747488975524902, -0.033453814685344696, 0.2771139144897461, -1.6519814729690552, 0.400034636259079, -1.9111098051071167, -0.7098739147186279]",yunet,Facenet,1920,1080,/home/amos/media/tv/modern_family/Modern.Family.S09.1080p.DSNP.WEB-DL.DDP5.1.H.264-CRFW/Modern.Family.S09E17.Royal.Visit.1080p.DSNP.WEB-DL.DDP5.1.H.264-CRFW.mkv,Modern Family,2009,1442437,9,17,Chris Geere,62879.0,0.669
556,996,186,1146,378,1110,270,1038,264,0.934,16056,0,"[-1.318353295326233, 1.2836793661117554, -1.7718267440795898, 1.5743658542633057, 1.4305402040481567, -1.7785102128982544, -0.023606792092323303, -1.3187916278839111, 0.6398319005966187, 0.7093639373779297, 1.9207664728164673, -0.7894240021705627, 1.2357971668243408, -0.49009963870048523, 0.901091456413269, 1.459112524986267, 0.12373565137386322, -0.538326621055603, -2.1814053058624268, -0.09828964620828629, -0.8846839666366577, 1.3836270570755005, -1.0115238428115845, 0.6496222019195557, 0.5011478662490845, 1.6574410200119019, 2.127927541732788, 1.0960915088653564, -0.3220065236091614, 0.17118024826049805, 0.6175117492675781, 0.4262632727622986, -0.23283542692661285, -0.6512240171432495, 0.5484355092048645, 0.9109970331192017, 0.5470812916755676, -1.3482716083526611, 1.1610121726989746, -0.6414774656295776, 0.3154999017715454, -0.5274888873100281, -0.5256897211074829, -1.2543519735336304, 0.4949037730693817, -0.24533981084823608, 0.075248584151268, -1.3363332748413086, 0.8281076550483704, 1.441737174987793, 0.560364842414856, -0.08303609490394592, 0.22300219535827637, 1.0362907648086548, -0.4114377200603485, -0.8690963983535767, 2.2656362056732178, -1.3279993534088135, -0.5205599665641785, -0.8260174989700317, -0.6254518032073975, 0.08892957866191864, 0.7517866492271423, 0.06914934515953064, 1.4119274616241455, -1.3236660957336426, 0.3365764021873474, -1.5549216270446777, -0.7319585084915161, -0.4615096151828766, 0.316847562789917, -0.09949902445077896, -0.5095129609107971, -0.28579092025756836, 0.824262261390686, -1.0362272262573242, 0.7340387105941772, 0.7587600350379944, 1.181939721107483, -0.3539741635322571, -0.42947304248809814, 1.140628695487976, 1.6258914470672607, -0.5793060064315796, -0.28961181640625, 3.1223526000976562, -1.2444581985473633, 2.6129493713378906, 0.25305870175361633, -0.573349118232727, 0.8705205321311951, 1.1000785827636719, 1.3929672241210938, 0.5162631869316101, 1.8397278785705566, 0.687854528427124, 0.030963733792304993, 0.21355070173740387, -0.6005827188491821, -0.775291919708252, -0.1958356499671936, 1.2024509906768799, 0.09108591079711914, -1.6566221714019775, 0.8636220097541809, 0.3089953660964966, -0.09390288591384888, 2.599766731262207, 0.6105656623840332, -0.036340780556201935, -1.0767079591751099, 0.4938187599182129, 0.2060934156179428, 0.4454721510410309, 0.38492709398269653, 0.055066436529159546, 0.7510793209075928, 0.23203647136688232, 0.537948727607727, 0.4874217212200165, -0.4223865270614624, -0.6370079517364502, 2.1996192932128906, -2.299070358276367, 1.0112874507904053, -0.25001779198646545, 0.8340193033218384, -0.37267544865608215]",yunet,Facenet,1920,1080,/home/amos/media/tv/modern_family/Modern.Family.S09.1080p.DSNP.WEB-DL.DDP5.1.H.264-CRFW/Modern.Family.S09E17.Royal.Visit.1080p.DSNP.WEB-DL.DDP5.1.H.264-CRFW.mkv,Modern Family,2009,1442437,9,17,Jimmy Tatro,1304335.0,0.832
557,1434,228,1554,384,1524,294,1476,288,0.916,16056,1,"[-0.027834013104438782, -0.09369713068008423, 1.0846136808395386, 0.6212115287780762, -0.06913860142230988, 1.5074883699417114, 0.33076703548431396, -1.571458101272583, 0.2561245858669281, 1.3690930604934692, -0.5487204194068909, 0.2041858583688736, -0.6357097625732422, 0.9055103063583374, -0.8491503000259399, 0.9989357590675354, -0.5740872621536255, -1.0013997554779053, -1.8757586479187012, 0.4913569986820221, 0.2601294219493866, -0.451099157333374, 1.1415059566497803, 0.5486828684806824, 0.55116206407547, -0.21791526675224304, 2.1723110675811768, -0.30878546833992004, 2.1320347785949707, 1.7744684219360352, 0.29801851511001587, -0.49303948879241943, 0.4625420570373535, -0.007396906614303589, 0.7717753052711487, -0.5786866545677185, -0.9430046677589417, 0.17148500680923462, -0.04164789617061615, 2.6202340126037598, 0.008561529219150543, -1.940333604812622, -0.5372824668884277, 2.1516597270965576, 0.013607118278741837, -0.8950885534286499, -0.593193531036377, -0.42483022809028625, -0.09634217619895935, -2.171434164047241, -0.19830460846424103, 0.2529396712779999, 0.13638998568058014, 0.5025377869606018, -0.23574283719062805, 0.8100634217262268, 0.622114360332489, 0.11478351056575775, -0.24789610505104065, -0.010105542838573456, -0.48247191309928894, 0.8975300788879395, -0.7152851819992065, -1.2322496175765991, -1.2798032760620117, 1.2097314596176147, -0.3170272409915924, 2.36765718460083, 0.4719599485397339, -1.3668749332427979, -2.0703556537628174, 0.030340448021888733, 1.5948822498321533, -0.8232146501541138, 1.194560170173645, 1.0106565952301025, 0.7257540225982666, -0.40515634417533875, -0.14377306401729584, -0.5977674126625061, 0.10755308717489243, 0.006006116047501564, 0.1969510018825531, 0.628258466720581, -0.41035157442092896, 0.1124548614025116, -0.2638893723487854, 0.2908857464790344, 0.9076519012451172, 0.2697605788707733, -0.23064318299293518, -0.30861327052116394, 1.2066476345062256, -1.7421363592147827, 0.549284815788269, 1.6883494853973389, 0.049606408923864365, -1.5975818634033203, 0.341732919216156, -0.26475057005882263, -0.8828384876251221, 1.2470389604568481, -1.8772152662277222, 0.517061710357666, 0.877292275428772, -1.2536461353302002, 0.2238597720861435, -0.2578240633010864, 1.2511085271835327, -1.2927465438842773, 1.2085474729537964, 0.5696518421173096, 0.2859445810317993, -2.090514898300171, -0.28303664922714233, 1.4428046941757202, -0.5566606521606445, 2.201155424118042, 0.8571008443832397, -0.9581804871559143, 1.4964752197265625, -0.36974477767944336, 0.9677552580833435, -1.455737590789795, 1.2375640869140625, 0.17276892066001892, 0.5851178765296936, 1.2616435289382935]",yunet,Facenet,1920,1080,/home/amos/media/tv/modern_family/Modern.Family.S09.1080p.DSNP.WEB-DL.DDP5.1.H.264-CRFW/Modern.Family.S09E17.Royal.Visit.1080p.DSNP.WEB-DL.DDP5.1.H.264-CRFW.mkv,Modern Family,2009,1442437,9,17,Ariel Winter,42160.0,0.763
558,342,186,498,408,474,270,420,270,0.913,16056,2,"[-1.676278829574585, 0.2731568217277527, -0.7063689231872559, -0.22761699557304382, -0.48497655987739563, 0.7762022018432617, -0.2604931592941284, -1.0001122951507568, -0.3454444706439972, -1.0473015308380127, -0.9600206613540649, 0.5888379216194153, -0.45234227180480957, -1.3139264583587646, 1.235164761543274, -0.3644457459449768, -1.2815213203430176, -1.1220444440841675, -2.1291911602020264, -2.00138258934021, -1.683593511581421, 0.8500431776046753, -0.6627460718154907, -1.0534650087356567, -0.5003388524055481, 0.3553425371646881, 1.720273733139038, 0.7181530594825745, -0.5660051703453064, 0.19412606954574585, -0.47537049651145935, 0.38953498005867004, 0.819754421710968, -1.2756606340408325, 0.3522926867008209, 0.7992128729820251, -0.2327606976032257, -0.3176462650299072, 0.3133450150489807, -0.0037844479084014893, 0.8009900450706482, 0.0007239701226353645, -3.227118968963623, -1.4097154140472412, 1.4647612571716309, -1.3615286350250244, 1.253074049949646, 0.4987768828868866, 0.5598089694976807, -0.6314154863357544, -0.8728908896446228, -0.1827787160873413, 0.7680695056915283, 0.6700981259346008, 0.262859046459198, 0.7994658350944519, 0.5086995363235474, 0.13115887343883514, -1.1958601474761963, -0.8504530787467957, -0.18317818641662598, -2.541167974472046, -0.544684648513794, 0.6945792436599731, 1.5553498268127441, 0.497977614402771, 0.8686760067939758, 1.9780267477035522, -0.022876281291246414, -0.9160610437393188, -0.9728192687034607, 1.9928452968597412, -1.1493470668792725, -0.26372766494750977, 0.27206122875213623, -0.8025045990943909, -1.2747689485549927, 1.2589918375015259, -0.24378862977027893, 0.5893958210945129, -2.194995164871216, -0.07544413208961487, 0.001386009156703949, 1.4381015300750732, -0.3742586374282837, 0.2262757122516632, 1.554386019706726, -0.03467235341668129, -1.5021343231201172, -0.5095560550689697, 0.7545122504234314, -1.5563308000564575, 1.228704810142517, -1.4289240837097168, 0.4475014805793762, 1.0079487562179565, -0.5696346163749695, 1.1500484943389893, 1.3276360034942627, 0.5112285614013672, -0.7599902153015137, 0.6644386649131775, -0.7876745462417603, 1.201971173286438, 0.4718019962310791, 0.43408840894699097, -2.3085503578186035, -0.22606822848320007, 1.0622172355651855, 0.3004625141620636, -1.544041633605957, -0.26462823152542114, -0.16966818273067474, 0.387556254863739, -0.2033281922340393, 2.3722572326660156, -1.2750855684280396, 0.4796597361564636, 0.3602902889251709, 0.9078737497329712, -0.16860954463481903, 0.06759217381477356, 0.9172431826591492, -0.08633700013160706, 0.4577731490135193, 0.04847029596567154, -0.5021483302116394, 1.332287311553955]",yunet,Facenet,1920,1080,/home/amos/media/tv/modern_family/Modern.Family.S09.1080p.DSNP.WEB-DL.DDP5.1.H.264-CRFW/Modern.Family.S09E17.Royal.Visit.1080p.DSNP.WEB-DL.DDP5.1.H.264-CRFW.mkv,Modern Family,2009,1442437,9,17,Nolan Gould,147710.0,0.823
559,570,312,756,564,696,408,612,408,0.927,16080,0,"[-1.326230525970459, -0.6782910823822021, 0.8286693096160889, 2.759859800338745, 0.8220135569572449, 0.6609182953834534, 0.6029297113418579, -1.9045829772949219, 0.05962558835744858, 1.914217233657837, -0.7644839882850647, 0.6821426749229431, 0.9866533875465393, -1.2106819152832031, -0.20590519905090332, -0.741042971611023, 0.47888943552970886, -0.8589701056480408, -1.8454504013061523, 0.6039125919342041, 0.3654044568538666, 0.08471182733774185, -0.03516997769474983, 0.05035991966724396, -0.6422597765922546, 0.8189311623573303, 1.3866708278656006, 0.4592426121234894, 2.1341328620910645, 1.4898698329925537, -0.34659543633461, -0.9415320158004761, -1.76534903049469, -2.2291975021362305, 3.162787675857544, -1.2804648876190186, -1.6497609615325928, -0.07176341861486435, -0.6809982061386108, -0.04210340976715088, -0.48734432458877563, -0.3139491379261017, -0.2686644494533539, 2.862672805786133, 0.9323885440826416, -0.5841811299324036, 1.1790268421173096, 0.04484030604362488, 0.5228666067123413, 0.4113321602344513, -0.15990078449249268, 0.8237165808677673, 1.4219223260879517, -0.9342193603515625, -0.5211772918701172, 0.3293817639350891, 2.12831711769104, 0.07050704956054688, -0.6168899536132812, 0.6073304414749146, -0.547775387763977, 0.5023564696311951, -0.25327980518341064, -1.1725914478302002, -1.5890783071517944, 1.871782660484314, 0.3224213719367981, -0.08534397929906845, 0.8084830045700073, -0.2259572297334671, 0.0018145807553082705, -0.8429791927337646, -0.11222638189792633, -0.24886147677898407, 0.880096435546875, -0.23469266295433044, 0.6292256116867065, -0.25438442826271057, -0.33872127532958984, 0.15595470368862152, 0.3048892021179199, -0.8634562492370605, 1.151413917541504, 0.10526756942272186, -0.40578994154930115, 0.1889788806438446, 0.2949032187461853, -0.31258758902549744, 0.9097318649291992, -1.3430272340774536, -1.2682011127471924, 0.6742820739746094, -0.5816613435745239, 0.32422181963920593, 1.4684962034225464, 1.7512683868408203, 0.29314330220222473, -1.4442415237426758, -0.5263146162033081, -1.1768794059753418, 0.6499217748641968, 0.954129159450531, -1.2834498882293701, 0.4194261431694031, 1.161303997039795, -0.19885843992233276, 1.2402039766311646, -0.8714580535888672, 2.876307487487793, -0.8345997929573059, 0.7488626837730408, 0.42813533544540405, 0.048177361488342285, 0.8800859451293945, -1.1256511211395264, 0.6192481517791748, -0.751746654510498, 1.3847546577453613, -0.6050615906715393, -0.7624377012252808, 2.07568359375, -1.333680272102356, 0.08466346561908722, -1.9423863887786865, 0.21393784880638123, 1.0631580352783203, 1.477385401725769, -1.252271056175232]",yunet,Facenet,1920,1080,/home/amos/media/tv/modern_family/Modern.Family.S09.1080p.DSNP.WEB-DL.DDP5.1.H.264-CRFW/Modern.Family.S09E17.Royal.Visit.1080p.DSNP.WEB-DL.DDP5.1.H.264-CRFW.mkv,Modern Family,2009,1442437,9,17,Sarah Hyland,91351.0,0.663
560,1254,222,1518,564,1356,360,1284,366,0.918,16080,1,"[-0.3375564217567444, -2.586167573928833, 0.3095502555370331, -1.2934550046920776, 0.5877823233604431, 1.2335535287857056, -0.22926481068134308, 1.246353268623352, 1.17029869556427, -0.5947120785713196, 1.1594688892364502, -0.714354395866394, -1.0439026355743408, -0.350179523229599, -0.6736483573913574, -0.8722769021987915, -0.262295663356781, -1.4800071716308594, -0.028811201453208923, -0.868644118309021, 0.8855208158493042, -2.5339436531066895, 1.2781996726989746, -1.64231276512146, -0.3981047570705414, -0.22366172075271606, 0.7931585311889648, -1.2502769231796265, -0.15487581491470337, -0.8715607523918152, -1.400030255317688, 1.2250721454620361, -0.30750223994255066, 0.8330386281013489, -0.3583332896232605, 0.5871797800064087, -1.0741908550262451, 0.24956732988357544, 1.1700589656829834, -1.5318872928619385, 1.285542368888855, 0.352414608001709, -2.4178922176361084, -0.8867284655570984, -0.6197403073310852, -1.873728632926941, 0.002326536923646927, 1.5376654863357544, -0.3527882695198059, 0.07404777407646179, -0.4861956238746643, 0.7876896262168884, -1.105697751045227, -0.14752426743507385, 1.1898064613342285, -0.8248624801635742, 1.4051073789596558, 1.250069499015808, -1.1957508325576782, -0.6025508046150208, -0.2928151786327362, -3.2001821994781494, 0.8599222302436829, 1.1628607511520386, 0.1622087061405182, 0.4805322289466858, -0.8197999000549316, 0.542929470539093, -0.06632351875305176, -0.7578855752944946, -1.484471321105957, -0.18298205733299255, -2.8461384773254395, 1.617437720298767, 1.0409964323043823, 0.024323806166648865, -1.586168646812439, 0.6657398343086243, -1.0528794527053833, 0.17147569358348846, -2.3979930877685547, -0.2802538275718689, 0.7027645111083984, -1.3806025981903076, 0.14597675204277039, -0.4288858473300934, 0.8510411381721497, -0.5068730711936951, -1.7911745309829712, -0.14220993220806122, -0.9985988736152649, -0.9652855396270752, 0.427691251039505, 0.6236050724983215, 0.8582825660705566, 0.8722976446151733, -2.1278843879699707, 0.34236061573028564, -1.3384895324707031, -0.4479093551635742, -1.0627976655960083, -0.8634650707244873, -1.1677125692367554, 1.0187100172042847, 0.09124492853879929, 1.3678144216537476, -0.11353980004787445, -0.9678771495819092, -0.17424754798412323, -0.05517641082406044, 0.564866304397583, -0.2628776431083679, 0.2444237768650055, -1.313690423965454, -0.024043554440140724, 1.6529542207717896, 0.2653410732746124, -1.6992650032043457, -1.003053903579712, -0.5718401670455933, -0.967237114906311, 0.6759134531021118, 0.28852546215057373, -0.10850115120410919, -1.131629467010498, 0.08138903230428696, -1.5915300846099854, 0.8203758001327515]",yunet,Facenet,1920,1080,/home/amos/media/tv/modern_family/Modern.Family.S09.1080p.DSNP.WEB-DL.DDP5.1.H.264-CRFW/Modern.Family.S09E17.Royal.Visit.1080p.DSNP.WEB-DL.DDP5.1.H.264-CRFW.mkv,Modern Family,2009,1442437,9,17,Chris Geere,62879.0,0.629
561,576,312,786,594,726,420,630,420,0.922,16104,0,"[-1.513959288597107, -0.6230278015136719, 1.0641263723373413, 2.249389886856079, 1.2519654035568237, 0.022049961611628532, 0.4895719289779663, -1.9879429340362549, 0.1904030740261078, 2.5498111248016357, -0.6608408093452454, 0.5818575620651245, 0.6039043664932251, -0.4093170464038849, -0.1089794933795929, 0.9115653038024902, 0.7217811346054077, -1.705437421798706, -1.3972731828689575, 0.7391685247421265, 0.05685706436634064, -0.09010246396064758, 0.21247902512550354, 0.9808269739151001, -0.3523145318031311, 0.4977267384529114, 1.9029209613800049, 0.40920624136924744, 2.2125284671783447, 1.0422813892364502, -0.40031886100769043, -1.2961547374725342, -1.113505482673645, -0.9229631423950195, 1.2989617586135864, 0.29267552495002747, -0.9341039061546326, -0.3959425985813141, -0.5828254222869873, -0.9753798246383667, 0.10440061241388321, -0.5790593028068542, -1.207476019859314, 3.0323336124420166, 0.977999746799469, -0.005028305575251579, 0.28513002395629883, 0.12070593982934952, 0.32590603828430176, 0.2068529725074768, -0.6450700759887695, 0.8170369267463684, 0.05188125744462013, 0.028690673410892487, -1.7311017513275146, 0.9300176501274109, 2.0716493129730225, -0.23031868040561676, 1.0111968517303467, 0.9182056188583374, -1.1818417310714722, 1.1852470636367798, -0.3422481417655945, -0.3677159249782562, -0.5902249813079834, 1.668755054473877, 0.8284580111503601, -0.6344127655029297, 0.9883341789245605, 0.39402511715888977, -0.9861878752708435, -0.45553693175315857, -0.20488476753234863, 0.5747907757759094, 0.48634764552116394, -0.408360093832016, 0.3552817404270172, -1.320725679397583, -0.42265626788139343, -0.0531524196267128, -0.43554604053497314, -0.8271986246109009, 1.2839910984039307, 0.4013582766056061, -0.17234757542610168, -0.4383277893066406, 0.5861754417419434, 0.3664935827255249, 0.2685302197933197, -0.6603156924247742, -0.9274448752403259, 0.68983393907547, 0.42331749200820923, -0.191422700881958, 0.965842604637146, 0.7710360288619995, 0.7412254214286804, -1.7978302240371704, -0.5224599838256836, -0.06831111758947372, -0.5262988209724426, 0.7931215167045593, -2.1332077980041504, 0.5844313502311707, 1.2138029336929321, 0.7264862656593323, 0.4220452308654785, -0.4221794605255127, 2.272810459136963, -0.48576757311820984, 0.9182159304618835, 0.19984066486358643, 0.374259352684021, 0.942857027053833, -0.10890526324510574, 0.7143330574035645, 0.2694791257381439, 0.8881902098655701, -0.7636035680770874, -0.8793366551399231, 2.958813428878784, -1.1197682619094849, -0.010444596409797668, -1.884151577949524, 0.5183285474777222, -0.032634951174259186, 2.67142391204834, -1.0768171548843384]",yunet,Facenet,1920,1080,/home/amos/media/tv/modern_family/Modern.Family.S09.1080p.DSNP.WEB-DL.DDP5.1.H.264-CRFW/Modern.Family.S09E17.Royal.Visit.1080p.DSNP.WEB-DL.DDP5.1.H.264-CRFW.mkv,Modern Family,2009,1442437,9,17,Sarah Hyland,91351.0,0.7
562,1218,216,1452,546,1290,360,1248,360,0.909,16104,1,"[0.5438930988311768, -1.2263418436050415, -0.237008735537529, -0.5355417132377625, 1.5447497367858887, 1.6753418445587158, -0.1374831646680832, 0.8821675777435303, 0.8362505435943604, -0.03759300708770752, -0.8267332911491394, -1.0956239700317383, -0.21111544966697693, 0.625045895576477, -0.6888238191604614, -1.1843675374984741, 0.2130657583475113, -2.626818895339966, 0.1549557000398636, 0.41377493739128113, 0.9883241653442383, -0.8072834014892578, 1.5290658473968506, -0.43128514289855957, 1.2005178928375244, -0.6271170377731323, 0.9835044145584106, 0.17787127196788788, -0.8955960273742676, -0.3541259169578552, -0.871956467628479, 0.6769289970397949, -1.5119743347167969, 0.8943741917610168, -0.11223204433917999, 0.5681952834129333, -0.4075835645198822, -0.9418545365333557, 0.11796268820762634, -0.9313019514083862, -0.4316234886646271, 0.19003064930438995, -1.7420072555541992, -0.5521004796028137, 0.7257574796676636, -0.8351728916168213, -0.2873939573764801, 2.324068069458008, -1.0400681495666504, 1.0662587881088257, -1.4457123279571533, 1.1600801944732666, -0.6823672652244568, 0.21222107112407684, -1.0668410062789917, -0.9202283024787903, 0.786221444606781, 0.26127249002456665, -0.8171510696411133, 0.026750028133392334, 0.1524525284767151, -0.38689547777175903, 0.3904067277908325, 1.6521546840667725, -1.095073938369751, -0.38553935289382935, -0.8055196404457092, -0.5993180274963379, 0.32184985280036926, -1.1592164039611816, -0.12164609134197235, -0.76482093334198, -1.0710903406143188, 1.4543777704238892, 0.6920861601829529, -0.26984912157058716, 0.6838090419769287, 0.6185920238494873, 0.2640542685985565, 0.35035067796707153, -1.8126506805419922, 0.7994817495346069, 1.1083614826202393, -0.5760276913642883, 0.6724170446395874, -0.22566217184066772, 2.792947769165039, -1.8798723220825195, -0.004530567675828934, -0.5099928975105286, -1.3219332695007324, -0.13821622729301453, -0.7825860977172852, 0.4136234521865845, 2.1001639366149902, 1.855299472808838, -1.5712858438491821, -0.9199377298355103, -1.7442576885223389, 0.9595798850059509, 0.13221026957035065, 0.9263253808021545, -0.9642179012298584, -0.4293268620967865, -0.8384379148483276, -0.006472453474998474, 0.21359749138355255, -0.6846045255661011, 1.2869129180908203, -1.9083468914031982, -0.2239321768283844, -1.7220683097839355, 0.4288081228733063, -0.033664271235466, 0.1210392564535141, 2.262444496154785, 0.30623573064804077, 0.7805948257446289, -1.9073892831802368, -0.2963307499885559, 0.4909374713897705, 0.9045554399490356, -0.12272550165653229, -0.6838178038597107, -0.40921610593795776, -0.07621391117572784, 0.36084726452827454, -0.49357008934020996]",yunet,Facenet,1920,1080,/home/amos/media/tv/modern_family/Modern.Family.S09.1080p.DSNP.WEB-DL.DDP5.1.H.264-CRFW/Modern.Family.S09E17.Royal.Visit.1080p.DSNP.WEB-DL.DDP5.1.H.264-CRFW.mkv,Modern Family,2009,1442437,9,17,,,
563,630,258,846,534,810,360,702,366,0.936,16128,0,"[-0.20894885063171387, -1.1499801874160767, -0.045224156230688095, 1.8541182279586792, 2.2874746322631836, -0.0976727157831192, 1.0200486183166504, -0.9365206360816956, -0.11695495247840881, 3.0973503589630127, -1.4898006916046143, 1.2088276147842407, -0.7929473519325256, 0.6475157737731934, -0.8383866548538208, 0.12051001191139221, 0.41890057921409607, -1.6299339532852173, -0.892853856086731, -0.7378473281860352, -0.3477010726928711, -1.520767092704773, 0.2901693284511566, -0.96221923828125, -0.5720301270484924, -0.10916731506586075, 0.7265942096710205, -0.6194126009941101, 0.7957788705825806, 2.0492360591888428, 0.5958964824676514, -1.407666802406311, -1.3929362297058105, -1.9641329050064087, 0.6448812484741211, -0.6288995742797852, -1.37880539894104, 1.6262786388397217, -0.1162651777267456, -0.6412675380706787, 0.5443576574325562, -0.26217564940452576, -0.4567664563655853, 1.7291890382766724, 1.2125091552734375, -0.1607683002948761, -0.14953933656215668, 1.3405139446258545, -0.6576697826385498, 1.0930564403533936, -2.4395697116851807, 2.6925318241119385, 0.9829685688018799, -0.6573111414909363, -0.6820607781410217, 0.3932701647281647, 0.9515879154205322, -0.5642169117927551, 2.2201666831970215, 1.686416506767273, -0.37969738245010376, 0.8336557149887085, -0.1831161379814148, -0.2872743606567383, -0.5533797740936279, 0.8295688629150391, -0.8372039794921875, 0.738447904586792, 0.20769277215003967, 0.7704044580459595, -0.9451268315315247, 0.07831311225891113, -0.7217938899993896, 0.4963334798812866, 0.5745920538902283, -0.3316422998905182, 0.11799313127994537, -1.3958854675292969, -0.2286452054977417, -1.3762892484664917, 0.09200578927993774, -0.72998046875, 0.15769973397254944, -0.7285078763961792, -0.42383238673210144, -1.4935275316238403, -0.9332634806632996, -0.46730029582977295, 0.1727878600358963, -0.14734117686748505, -2.198657274246216, 0.3952857255935669, 0.931151270866394, -0.0619027316570282, 0.9132437705993652, 0.04664557799696922, 0.5634097456932068, 0.5522814989089966, -0.6295035481452942, 0.4253544509410858, 0.4141552448272705, -0.027290981262922287, -2.126582145690918, -0.5488046407699585, 1.2413887977600098, 0.5952677726745605, 1.0593559741973877, -0.6629304885864258, 0.603128969669342, 0.02095346339046955, 1.022495985031128, 2.055126905441284, 0.3930448293685913, -0.12277895212173462, -0.5648321509361267, -0.029023300856351852, -1.010184645652771, 0.9458088874816895, -1.1866241693496704, 0.07850706577301025, 3.043606996536255, -1.0460646152496338, -0.6966481804847717, -0.7371250987052917, -0.5218005776405334, 0.03535354882478714, 1.6105467081069946, -0.4641261696815491]",yunet,Facenet,1920,1080,/home/amos/media/tv/modern_family/Modern.Family.S09.1080p.DSNP.WEB-DL.DDP5.1.H.264-CRFW/Modern.Family.S09E17.Royal.Visit.1080p.DSNP.WEB-DL.DDP5.1.H.264-CRFW.mkv,Modern Family,2009,1442437,9,17,Sarah Hyland,91351.0,0.607
564,1236,192,1500,564,1368,354,1260,354,0.921,16128,1,"[-0.4663757383823395, -2.4013752937316895, -0.04119148477911949, -1.0477626323699951, 1.3919662237167358, 0.8276094198226929, 0.21164990961551666, 1.5977740287780762, 0.8018941283226013, -0.1694687455892563, 1.8726649284362793, -0.7236443758010864, -0.24020932614803314, -0.660942792892456, 0.03924787417054176, -0.33880239725112915, 0.6160538196563721, -0.818981409072876, 0.9152805805206299, -0.09444143623113632, 0.9831529855728149, -2.1275813579559326, 1.6736888885498047, -1.2582945823669434, -0.2859277129173279, 0.3808842897415161, 0.7240462303161621, -1.2591359615325928, -0.11232790350914001, -0.42938941717147827, -1.1790603399276733, 1.4641350507736206, -0.6801813244819641, 0.5539101362228394, 0.49775463342666626, 0.4256884455680847, 0.03928864747285843, 0.9222708940505981, 1.1888914108276367, -1.118951439857483, 0.5505356788635254, 0.9615487456321716, -2.1337902545928955, -0.969199001789093, -0.8648805022239685, -1.4231617450714111, 0.1842615306377411, 1.3380630016326904, 0.1839808076620102, 0.9932907819747925, -0.4504169821739197, 1.5192233324050903, -0.8148898482322693, 0.4844818711280823, 0.858847439289093, -1.1787724494934082, 1.3132071495056152, 2.2725937366485596, -0.9448961615562439, -0.5314242839813232, -0.29685676097869873, -2.929422378540039, 1.202386498451233, 1.036048173904419, 0.4649636149406433, -0.5931848883628845, -0.3659682273864746, 0.5030034780502319, 0.2922563850879669, -0.7783395051956177, -1.2852352857589722, -0.3146182894706726, -3.3054373264312744, 2.2650179862976074, -0.037483491003513336, -0.37324610352516174, -1.5843722820281982, 0.14499202370643616, -1.708560585975647, -0.3202466666698456, -2.2597599029541016, -0.24055081605911255, 0.6790057420730591, -1.3302900791168213, -0.6839982867240906, 0.22838878631591797, 1.1960142850875854, -0.47846102714538574, -2.4683032035827637, -0.5883516073226929, -1.4397869110107422, -0.391385555267334, -0.008720722049474716, 0.27399277687072754, 0.5528435707092285, 0.9029144048690796, -1.8032112121582031, -0.7132871150970459, -1.0588860511779785, -0.29326656460762024, -1.4960987567901611, -0.03425580635666847, -1.0820250511169434, 0.009508537128567696, -0.5204204320907593, 1.4508484601974487, -0.18780434131622314, -1.2715933322906494, 0.9926111698150635, -0.599362850189209, -0.17794866859912872, -0.7258304953575134, 0.9086222648620605, -1.2349507808685303, 0.5530045628547668, 1.2838107347488403, 0.3250265419483185, -2.1376020908355713, -0.5687459707260132, 0.03567918762564659, -1.707848072052002, 0.646021842956543, 0.1496179699897766, -0.8676267266273499, -1.2362936735153198, 0.8622387051582336, -0.8529507517814636, 0.13416586816310883]",yunet,Facenet,1920,1080,/home/amos/media/tv/modern_family/Modern.Family.S09.1080p.DSNP.WEB-DL.DDP5.1.H.264-CRFW/Modern.Family.S09E17.Royal.Visit.1080p.DSNP.WEB-DL.DDP5.1.H.264-CRFW.mkv,Modern Family,2009,1442437,9,17,Chris Geere,62879.0,0.655
565,1242,210,1434,462,1374,306,1290,312,0.926,16152,0,"[0.5589269399642944, -0.07001633197069168, 0.5037049651145935, 0.06381725519895554, 1.4323641061782837, -1.204058051109314, -0.8288598656654358, 0.7334761619567871, -0.2691410779953003, 0.003289544954895973, -0.5458771586418152, 0.10536769777536392, -0.2116318643093109, 0.12314195930957794, -0.29071730375289917, -1.0293782949447632, 0.07831154763698578, -2.4885425567626953, -2.007652521133423, -1.5856397151947021, 0.11420240998268127, -0.41637349128723145, 0.5185907483100891, -1.3457362651824951, -0.7525815963745117, 0.7426090240478516, 0.37548887729644775, 0.8362575173377991, -0.2904816269874573, -2.2154178619384766, -0.714760422706604, -0.5341882705688477, 0.13761787116527557, -2.7775278091430664, 0.3700484335422516, 1.533108115196228, -0.8918133974075317, 0.7098860740661621, 0.9544786810874939, -0.2080095112323761, -1.415274977684021, 0.5021738409996033, 0.30727678537368774, -2.453583002090454, -1.140040636062622, 0.8156853318214417, -0.45764780044555664, 0.12563621997833252, -1.5160980224609375, -0.6695237159729004, 0.18172508478164673, -0.6662902235984802, 0.43781939148902893, -1.0075055360794067, 0.780410885810852, 0.6009324193000793, 1.8324975967407227, 0.021648358553647995, 0.26099148392677307, 0.4676654040813446, -1.1953353881835938, -2.242567300796509, -0.845199465751648, 0.7400447726249695, 0.07165089249610901, -1.1420544385910034, -0.30200421810150146, -0.6771737337112427, 0.11256616562604904, 1.971274495124817, 0.19278791546821594, 2.2632548809051514, -2.962214231491089, 1.1915080547332764, 1.2661716938018799, 0.9064810276031494, 0.3973703682422638, 1.4240121841430664, -0.025691598653793335, -0.5728504061698914, -0.317351758480072, 0.5390384197235107, 1.4270824193954468, -1.2727426290512085, -0.3207227885723114, -0.9653868675231934, 1.2149486541748047, -2.1155831813812256, -1.5443350076675415, -0.6828347444534302, -0.4689904749393463, -1.227590799331665, 0.21934005618095398, -0.6841715574264526, 0.15637260675430298, -0.5326394438743591, -1.4135382175445557, 1.8832646608352661, 1.2184414863586426, -1.0594524145126343, -0.9989766478538513, -1.978056788444519, -0.4253106117248535, 0.6631307601928711, 1.3955540657043457, -0.8129855990409851, 0.5639849901199341, -0.4589933454990387, 0.4743921756744385, 1.2838077545166016, 1.4600989818572998, -0.32076239585876465, -0.7462048530578613, 2.0042099952697754, 0.30045685172080994, 1.444902777671814, 0.6474392414093018, 1.335710883140564, -0.5342457294464111, 0.2954550087451935, 1.7158374786376953, -1.2898945808410645, -1.4887347221374512, 0.7268027663230896, -1.0009279251098633, -0.0030409619212150574, -1.6429469585418701, -0.01785586029291153]",yunet,Facenet,1920,1080,/home/amos/media/tv/modern_family/Modern.Family.S09.1080p.DSNP.WEB-DL.DDP5.1.H.264-CRFW/Modern.Family.S09E17.Royal.Visit.1080p.DSNP.WEB-DL.DDP5.1.H.264-CRFW.mkv,Modern Family,2009,1442437,9,17,Julie Bowen,31171.0,0.637
566,162,240,414,558,378,372,294,372,0.904,16152,1,"[-0.5897670984268188, -1.7539663314819336, -1.5186413526535034, -1.3806517124176025, 1.8174235820770264, 0.3858107030391693, 0.787020206451416, 0.7219381928443909, 0.23497727513313293, -0.20031540095806122, 1.9588528871536255, -1.885168433189392, -0.05761684477329254, -0.5016162395477295, 0.8139772415161133, 0.7411025166511536, -0.7130991220474243, -0.3705475926399231, 1.1801813840866089, 0.10336856544017792, 0.5625250339508057, -0.6478862166404724, 0.7143852710723877, -0.25351086258888245, 0.4154335558414459, 1.1129746437072754, 0.33099865913391113, -2.1102333068847656, 0.8749746084213257, 0.4242156445980072, 0.301443874835968, 0.8103296756744385, 1.1775964498519897, 1.5382939577102661, -0.2328660786151886, 1.0139456987380981, -0.17701447010040283, 2.0078392028808594, 0.9859223365783691, -1.4515103101730347, 1.1006323099136353, 1.6956435441970825, -1.4175752401351929, -0.39512118697166443, -1.5510735511779785, -1.566085934638977, -0.48416033387184143, 0.3100731074810028, 1.8543879985809326, -0.30737385153770447, -0.43509817123413086, 0.7551191449165344, -1.0839245319366455, 0.13528648018836975, 0.4605625569820404, -1.1460740566253662, 0.02649659477174282, 1.068137764930725, -0.4704349935054779, 1.2877674102783203, 0.10592662543058395, -0.8107582330703735, -1.0718721151351929, 0.7792763113975525, 0.9566203951835632, -0.2973707914352417, -0.3742089569568634, 0.7522737383842468, 1.91348397731781, 0.8294529914855957, -0.007622718811035156, -0.021753273904323578, -3.1921770572662354, 1.5259464979171753, -0.0016815848648548126, 0.4335095286369324, -1.3534953594207764, -0.5268775820732117, -0.9129184484481812, 0.7366105914115906, -1.4772533178329468, 0.5808749198913574, 0.8002620339393616, -0.3427499532699585, 0.2614872455596924, 0.9351468086242676, 0.4884444773197174, 0.6328988671302795, -2.153381824493408, -0.6425455808639526, 0.1619414985179901, 1.1586374044418335, 0.054874639958143234, 0.9458717107772827, -0.6247066259384155, 0.7331264615058899, -2.8356165885925293, -0.11131555587053299, -0.9494468569755554, -0.2832343578338623, -1.3773348331451416, -1.9126174449920654, -1.6589035987854004, -0.04359983652830124, 0.02464396506547928, 0.5938693881034851, 0.5264779329299927, -1.5365322828292847, -0.5536422729492188, -0.38390082120895386, -0.5946722030639648, -1.3749994039535522, -0.5174038410186768, -0.7449336647987366, 0.8108994960784912, 0.32106438279151917, 0.4743422269821167, -2.290471315383911, 0.3595554530620575, 1.6749281883239746, 0.81940096616745, 1.2500900030136108, -0.39587920904159546, -0.24139077961444855, -1.157613754272461, -0.6158484220504761, -0.36891379952430725, 0.31714481115341187]",yunet,Facenet,1920,1080,/home/amos/media/tv/modern_family/Modern.Family.S09.1080p.DSNP.WEB-DL.DDP5.1.H.264-CRFW/Modern.Family.S09E17.Royal.Visit.1080p.DSNP.WEB-DL.DDP5.1.H.264-CRFW.mkv,Modern Family,2009,1442437,9,17,,,
567,822,198,1020,480,990,300,900,300,0.905,16176,0,"[-0.9267164468765259, -0.4223071038722992, 0.5389602780342102, -0.9052482843399048, 1.291008472442627, -1.4497088193893433, -0.3996606767177582, 1.5376372337341309, -0.6681311726570129, -1.219192624092102, 1.9925473928451538, -0.406879186630249, 0.08308032155036926, 0.06594310700893402, -1.0198650360107422, -0.2742663621902466, 0.8414182662963867, -1.1116509437561035, -1.728868007659912, -0.6085385084152222, 1.1489781141281128, -1.5787895917892456, 0.8524419069290161, -1.0404047966003418, -0.23329566419124603, 0.7394777536392212, -0.9588204622268677, 1.281818151473999, -0.6614840030670166, -3.235471725463867, -0.493845134973526, -0.585564374923706, 0.7035655975341797, -0.9619503617286682, 0.7262765169143677, 1.3394325971603394, -0.9778934121131897, 0.430147647857666, 1.0230937004089355, -0.060112349689006805, -1.8284538984298706, 0.7723398208618164, 0.8944123983383179, -1.8292851448059082, -1.3845670223236084, 0.005037922412157059, -1.6218974590301514, 0.6303468942642212, -0.9254494309425354, -0.8122352361679077, -0.07816673815250397, -0.7366349101066589, -0.19299250841140747, -0.9121693968772888, 0.6075541973114014, 1.6007391214370728, 2.0244104862213135, 0.2690274715423584, 0.4293980598449707, -0.27428290247917175, -1.1149438619613647, -0.3395819067955017, -0.1274547576904297, 2.1510579586029053, -0.6991519331932068, -1.2559633255004883, -1.1823495626449585, -1.2483277320861816, 1.2568166255950928, 1.2178881168365479, -0.25444352626800537, 0.9772989749908447, -3.0943102836608887, 0.6152305603027344, 1.070708155632019, 0.3323155641555786, 0.3773001730442047, 1.1781965494155884, -0.4224220812320709, -0.5850792527198792, 0.6151801347732544, -0.4292929470539093, -0.5207639336585999, -2.2622950077056885, 1.1386651992797852, 0.032863467931747437, 0.5737520456314087, -0.8146106004714966, -2.433884620666504, 0.37566953897476196, 0.40489229559898376, -0.8998391628265381, 0.15769726037979126, -0.17648759484291077, -0.2798396944999695, -0.16472947597503662, -0.8261861205101013, -0.18465682864189148, 0.3645899295806885, -0.8137320876121521, -1.6537638902664185, -1.4749082326889038, 1.3446038961410522, 0.7255211472511292, 1.1560240983963013, -0.7478764057159424, 1.4312459230422974, -1.6963694095611572, -0.9961861371994019, 0.6870328783988953, 2.231990337371826, -0.17833532392978668, -0.5521292686462402, 2.3964364528656006, 0.35333412885665894, 1.1488780975341797, 1.6466131210327148, 1.2486729621887207, -0.0003961995244026184, 0.35647961497306824, 0.3981838822364807, -0.12143144011497498, -0.37100523710250854, 0.20758391916751862, -1.2951139211654663, -0.7885442972183228, -1.1104329824447632, 0.3218604028224945]",yunet,Facenet,1920,1080,/home/amos/media/tv/modern_family/Modern.Family.S09.1080p.DSNP.WEB-DL.DDP5.1.H.264-CRFW/Modern.Family.S09E17.Royal.Visit.1080p.DSNP.WEB-DL.DDP5.1.H.264-CRFW.mkv,Modern Family,2009,1442437,9,17,Julie Bowen,31171.0,0.63
568,732,150,924,462,882,264,786,264,0.91,16200,0,"[-0.6859186887741089, 0.9897973537445068, 0.2921240031719208, 0.010757513344287872, 0.457443505525589, -1.2731499671936035, -0.696922779083252, 1.233416199684143, -0.07102355360984802, -0.299978643655777, 0.48238980770111084, -0.04612443596124649, -1.3344981670379639, 0.9193428754806519, -0.7321783304214478, -1.1694440841674805, -0.5515322685241699, -1.1535111665725708, -1.9157919883728027, -0.474281907081604, -0.7828673124313354, 0.31611520051956177, 0.7266557812690735, 0.43380290269851685, 0.1649647057056427, 1.5911569595336914, -0.7067869901657104, -0.057392969727516174, 1.2754544019699097, -2.1828668117523193, 0.46117541193962097, -1.8017892837524414, 0.6380192637443542, -1.4322596788406372, 0.2463913857936859, 1.2374722957611084, -1.284654974937439, 2.0820999145507812, 0.8568951487541199, 0.8117892742156982, -2.058713436126709, 0.9525998830795288, 0.805046558380127, -1.625312089920044, -1.5154443979263306, 1.0856043100357056, -2.149257183074951, -0.2020767480134964, -0.7917102575302124, -1.085196614265442, 1.8590556383132935, -0.8164705634117126, 1.7337925434112549, -1.172659993171692, -0.2226399928331375, 0.22587957978248596, 1.4085724353790283, -0.06274282187223434, -0.5994676351547241, -0.5652655363082886, -0.5258022546768188, -0.7387765645980835, -1.21112859249115, 0.35841095447540283, -0.44498154520988464, -1.1915271282196045, -0.8426355719566345, -0.4188511371612549, 1.0623925924301147, 1.3102507591247559, 0.41512998938560486, 1.1030817031860352, -2.3785078525543213, -0.41071653366088867, 0.8447925448417664, 0.4187406599521637, 0.9771201610565186, 2.03938364982605, -0.02117147296667099, 0.21729768812656403, 0.7206501960754395, 0.3851679265499115, 0.22921523451805115, -1.5071123838424683, -1.6981430053710938, 1.6651611328125, 0.37238118052482605, -0.08916053175926208, -1.7461732625961304, -0.20390455424785614, 1.345644235610962, -1.0023093223571777, 0.5883702635765076, 0.5648115873336792, 0.14704689383506775, -0.7807875871658325, -0.41672956943511963, 0.9068565368652344, 1.8088083267211914, -0.8458927869796753, -1.565816044807434, -1.0995826721191406, 1.2577427625656128, 1.7368541955947876, 0.7046743631362915, -1.4454286098480225, 0.3090068995952606, -0.7222609519958496, -0.9456548094749451, 0.49305590987205505, 1.6510995626449585, -0.7723489999771118, -0.9492819309234619, 2.2549262046813965, 0.391467422246933, 1.2164885997772217, 0.24824640154838562, 0.8622387051582336, 0.7433708310127258, 0.4151754677295685, -0.31026220321655273, -0.7877413034439087, -2.148622512817383, -0.6280032992362976, -1.1801456212997437, 0.008102968335151672, -1.242285966873169, 0.36508503556251526]",yunet,Facenet,1920,1080,/home/amos/media/tv/modern_family/Modern.Family.S09.1080p.DSNP.WEB-DL.DDP5.1.H.264-CRFW/Modern.Family.S09E17.Royal.Visit.1080p.DSNP.WEB-DL.DDP5.1.H.264-CRFW.mkv,Modern Family,2009,1442437,9,17,Julie Bowen,31171.0,0.591
569,636,204,894,528,858,336,744,330,0.926,16224,0,"[-0.7292600870132446, 2.6803486347198486, -2.453580141067505, 0.6389722228050232, 0.41742143034935, -0.5012697577476501, -0.5296959280967712, -0.6984655857086182, -0.3895042836666107, 0.5421546101570129, 1.65837824344635, -0.49586543440818787, 0.5347289443016052, -0.975031852722168, 0.6433695554733276, 1.516145944595337, -0.019407056272029877, -1.3867841958999634, -2.4757063388824463, -0.2544897794723511, -1.2284051179885864, 2.1030492782592773, -1.3400676250457764, 0.7288854122161865, -0.2177926003932953, 1.4273617267608643, 0.6823114156723022, 1.806441068649292, 0.5968639850616455, 0.3678992986679077, 0.5627782940864563, 0.8882409334182739, -0.3317734897136688, -0.6228200793266296, 0.27213993668556213, -0.02605874091386795, 0.9610207080841064, -0.5966941118240356, 1.146244764328003, 0.10258126258850098, -0.02973015420138836, -0.2274789959192276, -0.5551818609237671, -0.8974254727363586, 0.8820655345916748, -0.07675448805093765, 0.8076014518737793, -0.1491103172302246, 0.7227866053581238, 1.3995848894119263, 0.0988459438085556, 0.3986688554286957, 0.47611314058303833, 1.9335784912109375, -1.1845308542251587, 0.14202551543712616, 1.2730472087860107, -1.4625948667526245, -0.41272786259651184, -0.5866039395332336, -1.1339656114578247, 0.28055310249328613, 0.09979072958230972, 1.0777194499969482, 1.4564592838287354, -0.9904391169548035, 0.19670405983924866, -0.44051918387413025, -0.11026854068040848, -2.4400570392608643, -0.8537874221801758, 0.34912726283073425, -0.37647607922554016, -0.20536810159683228, 0.6746463179588318, -0.20951029658317566, -0.043489910662174225, 0.7324647903442383, 1.1318923234939575, -0.6434499621391296, -0.25114113092422485, 0.6663281917572021, 0.047266311943531036, -0.48484691977500916, -0.2841812074184418, 1.818078875541687, -1.1881951093673706, 2.6361911296844482, 0.04843415319919586, -0.458125501871109, 0.9284819960594177, 0.3817561864852905, 2.1729536056518555, -0.7655807733535767, 2.691991090774536, 1.2310854196548462, 0.4856649935245514, -0.3805408179759979, -0.40416353940963745, -1.2029122114181519, -0.02828330546617508, 0.6579345464706421, -0.7682970762252808, -0.6031520962715149, -0.37091612815856934, 0.2658143639564514, -0.34932613372802734, 1.690310001373291, 1.188137173652649, -0.09449063241481781, -0.8845224976539612, -0.08663345873355865, -0.13972733914852142, 0.8552777171134949, -0.12560731172561646, 0.39582833647727966, -0.25003156065940857, 0.057566188275814056, 0.6396414637565613, 0.9831212759017944, -0.8956100940704346, -0.3269605338573456, 2.210171937942505, -1.7046927213668823, 0.9006544947624207, -0.17012794315814972, 1.3900593519210815, -0.2729179263114929]",yunet,Facenet,1920,1080,/home/amos/media/tv/modern_family/Modern.Family.S09.1080p.DSNP.WEB-DL.DDP5.1.H.264-CRFW/Modern.Family.S09E17.Royal.Visit.1080p.DSNP.WEB-DL.DDP5.1.H.264-CRFW.mkv,Modern Family,2009,1442437,9,17,Jimmy Tatro,1304335.0,0.878
570,1266,252,1452,504,1416,360,1338,360,0.915,16224,1,"[0.7529194355010986, 0.24456903338432312, 1.020246148109436, 0.8956027030944824, -0.617455244064331, 1.5830341577529907, 1.1028445959091187, -1.3010480403900146, -0.4379865825176239, 2.2189605236053467, -0.8024520874023438, -0.2843315899372101, 0.11856915056705475, 1.556677222251892, -0.12937603890895844, 1.1536389589309692, -0.07020184397697449, -1.4707938432693481, -1.1831187009811401, 0.4749964475631714, -0.6985589265823364, 0.42102187871932983, 1.2381477355957031, 1.5045236349105835, 1.3060522079467773, -0.1638074815273285, 2.199544906616211, 0.8016393184661865, 1.772429347038269, 1.2023720741271973, 0.04102044180035591, -1.1732314825057983, 0.056400738656520844, -0.2832094132900238, 1.6324987411499023, -0.7693002223968506, -0.6748571395874023, -0.26828673481941223, 0.18050289154052734, 2.434300422668457, -1.002985954284668, -1.8038833141326904, -0.043914154171943665, 1.2145705223083496, 0.7954597473144531, -0.7340470552444458, -0.8200039863586426, 0.18083788454532623, -0.020373325794935226, -1.6805455684661865, 0.22589200735092163, 0.38048937916755676, 0.2930096387863159, 0.4644513726234436, -0.9987268447875977, 0.7272502183914185, 0.7013952732086182, 1.1200847625732422, -0.7850897312164307, -0.9118919968605042, -0.8761805891990662, 1.2039895057678223, 0.21647369861602783, -1.1199376583099365, -1.734870433807373, 0.8329600095748901, -0.1518048644065857, 2.157285690307617, 0.5161248445510864, -1.0385512113571167, -0.9371198415756226, 0.20104435086250305, 1.815820574760437, -0.9542677998542786, -0.23072826862335205, 0.2780320644378662, 1.2634443044662476, -0.2974991500377655, 0.27764347195625305, 0.08013588190078735, -0.09577754139900208, 0.02794080227613449, 0.594346821308136, 0.32556772232055664, -0.3209860622882843, -0.18516871333122253, 0.5845857262611389, -0.3347816467285156, 1.516933560371399, -0.8313114047050476, 0.007723882794380188, -0.23822437226772308, 1.2425978183746338, -0.08667950332164764, 1.001531720161438, 1.002593755722046, 0.3295498788356781, -1.2976131439208984, -0.17349302768707275, 0.4166727662086487, 0.01762184128165245, 2.621814727783203, -0.6973401308059692, 0.36713558435440063, -0.5376102924346924, -0.7225819230079651, -0.3133721649646759, -0.9468207359313965, 0.9075366854667664, -1.0330346822738647, 0.5844096541404724, 1.1586027145385742, 0.7187546491622925, -1.6843969821929932, -0.246644526720047, 1.470038652420044, 0.13074840605258942, 2.3271093368530273, 0.37377601861953735, -0.9719839096069336, 0.7695102691650391, 0.8174419403076172, 1.5455212593078613, -1.7498018741607666, 1.4922226667404175, 0.9769157767295837, 1.4181631803512573, 0.5733510851860046]",yunet,Facenet,1920,1080,/home/amos/media/tv/modern_family/Modern.Family.S09.1080p.DSNP.WEB-DL.DDP5.1.H.264-CRFW/Modern.Family.S09E17.Royal.Visit.1080p.DSNP.WEB-DL.DDP5.1.H.264-CRFW.mkv,Modern Family,2009,1442437,9,17,Ariel Winter,42160.0,0.71
571,414,156,690,516,582,306,468,306,0.933,16248,0,"[-1.0543718338012695, 1.4906009435653687, -1.9609235525131226, 2.0772132873535156, -0.30760571360588074, -1.5222554206848145, 0.2555445432662964, -0.24653306603431702, 0.2515464723110199, 0.7420880794525146, 1.9918261766433716, -0.8289052248001099, 1.7857937812805176, -1.3435752391815186, 0.15364059805870056, 2.3304450511932373, -0.7911381721496582, -0.6281065940856934, -2.1771812438964844, 0.3085818588733673, -1.3790796995162964, 2.427900552749634, -1.1558269262313843, 1.1561686992645264, 1.1480638980865479, 1.96226167678833, 2.073977470397949, 1.4468315839767456, 0.8148850798606873, 0.9929286241531372, 0.4666706621646881, 0.469825804233551, 0.5742572546005249, -0.8443427681922913, 0.042214229702949524, -0.36722636222839355, 1.4023895263671875, -1.2003374099731445, 0.7174897193908691, -0.1481902301311493, 0.7532893419265747, -0.10737764835357666, -0.09821145236492157, -0.7778118848800659, 0.6997235417366028, 0.198919877409935, 1.0892313718795776, -1.4004873037338257, 0.9922831654548645, 1.1804906129837036, 0.8936180472373962, 0.03420699015259743, 0.5603640675544739, 1.897589921951294, -1.6707127094268799, 0.007882414385676384, 1.7037159204483032, -1.1240718364715576, -0.026380229741334915, 0.1541140377521515, -0.26720142364501953, 0.13122375309467316, 0.5820541381835938, -0.43424347043037415, 2.40677547454834, -1.6349296569824219, 0.6390231847763062, -0.41749075055122375, -1.25761079788208, -1.1328799724578857, 0.08218558877706528, 0.6742633581161499, -0.6642934679985046, 0.0953504741191864, 0.5683056712150574, -1.2644649744033813, 1.031077265739441, 1.698972225189209, 1.5424137115478516, -0.020704180002212524, -0.41115495562553406, 0.11728192120790482, 1.5848795175552368, -0.6810191869735718, -0.1956159770488739, 1.9254192113876343, -1.44829523563385, 2.193399667739868, 0.07018697261810303, -1.0588423013687134, 0.9086999297142029, 0.4168992340564728, 1.4641728401184082, 0.06427076458930969, 1.23204505443573, 0.41518786549568176, 0.34013378620147705, -0.15964898467063904, -0.22702839970588684, -1.632446527481079, 0.28179019689559937, 1.013245940208435, 0.7709731459617615, -0.8783327341079712, -0.5608449578285217, 1.4700255393981934, -1.05571448802948, 2.034226655960083, -0.039336130023002625, 0.8632506728172302, -0.6116629838943481, 0.47073352336883545, 0.6767542362213135, 0.03641180694103241, 0.6908683776855469, -0.27581968903541565, 0.3688264787197113, -0.5933363437652588, 0.6250065565109253, 0.37377041578292847, 0.5081228613853455, -1.096032738685608, 1.7521158456802368, -0.8478599190711975, 0.9450549483299255, -0.23243921995162964, 0.6239678859710693, 0.17815963923931122]",yunet,Facenet,1920,1080,/home/amos/media/tv/modern_family/Modern.Family.S09.1080p.DSNP.WEB-DL.DDP5.1.H.264-CRFW/Modern.Family.S09E17.Royal.Visit.1080p.DSNP.WEB-DL.DDP5.1.H.264-CRFW.mkv,Modern Family,2009,1442437,9,17,Jimmy Tatro,1304335.0,0.812
572,1302,246,1494,486,1464,348,1380,348,0.916,16248,1,"[1.1147960424423218, 0.21159404516220093, 0.38631030917167664, -0.33606377243995667, 0.03659200295805931, 0.5654624700546265, 1.4145467281341553, -0.44735974073410034, 0.24117061495780945, 0.4139160215854645, 0.22107139229774475, 0.0009004091843962669, -0.17542095482349396, 1.0801531076431274, -0.24376565217971802, 1.3505014181137085, 0.8341562747955322, -1.735379695892334, -1.6522557735443115, 0.003383075352758169, -1.1173511743545532, -0.8412325382232666, 1.2798439264297485, 1.2492878437042236, 0.8608150482177734, 0.21658170223236084, 1.9358844757080078, 0.6294437050819397, 0.782490074634552, 1.2376270294189453, 0.046084195375442505, -0.9868223071098328, 1.1787750720977783, 0.4852527379989624, 1.0151052474975586, 0.6377922892570496, -0.6754904389381409, -0.12026000767946243, -0.03953671455383301, 2.2392005920410156, -0.6006783246994019, -1.2006206512451172, -0.2093646228313446, 1.723792552947998, 0.7345603108406067, -1.4484821557998657, -0.8218979239463806, 1.0139939785003662, -0.9524432420730591, -1.5369840860366821, 0.5298771262168884, -0.06816479563713074, -0.6109820604324341, 1.1107326745986938, -0.0326402485370636, 1.506717324256897, 0.7505451440811157, 1.1012171506881714, -0.967795193195343, -0.42022183537483215, -1.2985650300979614, 0.9094541668891907, 0.3820528984069824, -0.8627822399139404, -0.48760858178138733, 1.2065403461456299, -1.7407902479171753, 2.185053825378418, 0.06976329535245895, 0.2372787594795227, -0.2024114429950714, 1.07503080368042, 0.8897428512573242, -0.5652284622192383, -0.825817883014679, -0.2969231903553009, 0.2703002989292145, -1.4264452457427979, 0.5999529361724854, -0.5873961448669434, -0.32881590723991394, 0.259355366230011, 1.4189218282699585, 0.03146035969257355, 0.22394078969955444, -0.5355244278907776, 1.0401370525360107, -0.857652485370636, 2.089665174484253, -0.728074848651886, -0.7009939551353455, -0.6473101377487183, 1.0487381219863892, -0.7418220043182373, 0.21835893392562866, 1.0916595458984375, 0.29194924235343933, -1.5734577178955078, -1.751283884048462, 0.803471565246582, 0.3983519673347473, 1.5167094469070435, -1.6226242780685425, 1.035872459411621, -0.7532569169998169, -0.3025117516517639, -0.23933711647987366, -2.1478443145751953, 1.0558140277862549, 0.23883052170276642, 0.07468736171722412, 1.1297688484191895, 1.5571293830871582, -1.6363272666931152, -0.30353179574012756, 0.4949849545955658, -0.16359272599220276, 1.2877745628356934, 1.7564060688018799, -2.7751567363739014, 1.5334292650222778, 1.6143096685409546, 2.2611470222473145, -1.9016659259796143, 0.9922882914543152, 0.6926732063293457, 1.445835828781128, 0.2899276912212372]",yunet,Facenet,1920,1080,/home/amos/media/tv/modern_family/Modern.Family.S09.1080p.DSNP.WEB-DL.DDP5.1.H.264-CRFW/Modern.Family.S09E17.Royal.Visit.1080p.DSNP.WEB-DL.DDP5.1.H.264-CRFW.mkv,Modern Family,2009,1442437,9,17,Ariel Winter,42160.0,0.599
573,792,186,1086,546,1002,324,858,318,0.914,16272,0,"[0.20408987998962402, 1.7938615083694458, -0.09944426268339157, -2.295907497406006, 1.8146759271621704, -1.5521937608718872, -1.5924087762832642, 0.7064501047134399, 0.19717568159103394, -2.127837657928467, 1.9250073432922363, -0.2313835173845291, -0.34196603298187256, -1.1516315937042236, 1.2614514827728271, -0.363119900226593, 0.6477326154708862, -1.0789939165115356, -0.9273133873939514, -1.189039945602417, -0.024360083043575287, -0.7864788174629211, 0.4281759560108185, 0.479200541973114, -0.7169937491416931, 0.5703132748603821, -0.8869988918304443, 0.35931843519210815, -1.2360095977783203, -1.9694290161132812, -0.7322771549224854, -0.5673182606697083, -0.24499796330928802, -0.24032294750213623, 0.3126947283744812, 1.5991275310516357, 0.8463833332061768, 0.5751686096191406, 1.6150777339935303, 0.3184677064418793, -1.3479321002960205, -0.7253617644309998, 0.3294409215450287, -0.5998985767364502, -1.4704190492630005, 0.710239589214325, 0.1632613092660904, -0.2622559666633606, -0.6152817606925964, -0.4432770907878876, -0.5458468794822693, -1.0454621315002441, -0.07452080398797989, 0.44042903184890747, 0.3250429332256317, 0.9172568917274475, 1.3534349203109741, -0.6583131551742554, 0.46092963218688965, 1.020424246788025, -1.0461392402648926, -1.303460955619812, -0.7395138740539551, 0.5597922801971436, 0.6962698698043823, -1.275542140007019, -1.206384301185608, -1.9199094772338867, -0.033693768084049225, 0.7764477729797363, -0.21595913171768188, 1.2936817407608032, -2.974771738052368, 0.8518598675727844, -0.5038119554519653, 0.6568672060966492, -0.5296070575714111, 0.2343805730342865, -0.6691722273826599, -1.3787139654159546, 0.3004719913005829, -0.4147207736968994, 0.061226844787597656, 0.06886666268110275, 1.2521846294403076, -0.8075207471847534, 1.0138746500015259, -0.9260940551757812, -1.8378533124923706, -0.5358149409294128, 0.26311004161834717, -1.6548845767974854, -0.20014119148254395, -2.7761359214782715, -0.34124886989593506, 0.11982014775276184, -0.8453717231750488, -0.24342289566993713, -0.029935332015156746, -1.4213001728057861, -1.2718701362609863, -2.6136577129364014, 0.15549859404563904, 0.8922958970069885, 0.5046513676643372, 0.01091306284070015, 0.2282194197177887, -0.9604583978652954, 0.6812443137168884, 0.5533140301704407, 1.078275203704834, -2.1450657844543457, -0.11726051568984985, 1.4100067615509033, 0.46721401810646057, -0.1511877179145813, 0.609792947769165, 0.3856866657733917, 1.3006627559661865, 1.3129535913467407, 0.21890270709991455, -0.6914691925048828, -0.3350052237510681, 0.4096393585205078, -1.2389603853225708, -0.5511970520019531, -0.5327235460281372, -0.29901406168937683]",yunet,Facenet,1920,1080,/home/amos/media/tv/modern_family/Modern.Family.S09.1080p.DSNP.WEB-DL.DDP5.1.H.264-CRFW/Modern.Family.S09E17.Royal.Visit.1080p.DSNP.WEB-DL.DDP5.1.H.264-CRFW.mkv,Modern Family,2009,1442437,9,17,Julie Bowen,31171.0,0.644
574,396,228,654,558,576,354,462,360,0.919,16296,0,"[-1.2795928716659546, 1.6771005392074585, -2.5691428184509277, 0.8875547051429749, 0.6048665642738342, -1.442994475364685, 0.0456380732357502, -0.5084624290466309, -0.17204725742340088, 0.5729027390480042, 1.37751042842865, -0.36836180090904236, 0.9732380509376526, -0.7984330654144287, 0.9877805709838867, 2.9728403091430664, -0.4630894958972931, -0.344420850276947, -1.9768445491790771, 0.1663355976343155, -0.8870134353637695, 2.8218185901641846, -1.5338505506515503, 0.5246885418891907, 0.2148061841726303, 1.9836599826812744, 1.7449584007263184, 1.0502337217330933, 0.27147376537323, 1.5168142318725586, 0.8021144866943359, 1.3866251707077026, 0.3531198799610138, -0.26796194911003113, 0.47593003511428833, -0.03440425172448158, 1.3220219612121582, -1.2795354127883911, 0.8841152191162109, 0.12476449459791183, 0.056045763194561005, -0.17031553387641907, -0.585363507270813, -1.0670974254608154, 1.0477261543273926, -0.33386003971099854, 0.8286494016647339, -1.183422327041626, 0.6663301587104797, 1.923629641532898, -0.045137643814086914, -0.011023733764886856, 0.15758520364761353, 2.1287641525268555, -1.2349541187286377, -0.8836115598678589, 1.3963828086853027, -0.5718346834182739, -0.18590813875198364, -0.6761503219604492, -0.8582264184951782, 0.10124583542346954, 0.0937902107834816, 0.35590893030166626, 1.9611281156539917, -2.1219465732574463, 0.7993559837341309, -0.6109732389450073, -0.798740565776825, -1.9462591409683228, 0.0977475717663765, 0.08522756397724152, -0.3049643337726593, 0.14726804196834564, 0.8398383855819702, -1.3756388425827026, 0.6647439002990723, 0.7094371318817139, 1.1735055446624756, -0.6614587306976318, -0.6775544881820679, 0.4407711327075958, 0.5421027541160583, -0.3051126003265381, -0.6356775760650635, 2.3880248069763184, -1.270580768585205, 2.651205062866211, -0.04965009540319443, -0.6610628366470337, 0.4715018570423126, 0.6268214583396912, 1.239458680152893, -1.0675053596496582, 1.6698927879333496, 0.6616782546043396, 0.17253954708576202, -0.5777996182441711, -0.014231882989406586, -0.9131260514259338, -0.25359806418418884, 1.3105977773666382, -0.5601496696472168, -1.5127986669540405, -0.06186652556061745, 0.1937689632177353, -0.584575355052948, 1.9619616270065308, 0.9113770723342896, 0.44335058331489563, -0.9205411672592163, -0.14588592946529388, 0.7449983358383179, 0.5346845388412476, 0.7539412975311279, -0.3069039583206177, 0.6777960062026978, -0.1872386336326599, 0.4852539002895355, 0.7866913676261902, -0.24897117912769318, -0.3940369188785553, 2.027632236480713, -1.6470537185668945, 0.9230141639709473, -0.15825186669826508, 0.6614189147949219, 0.08012089133262634]",yunet,Facenet,1920,1080,/home/amos/media/tv/modern_family/Modern.Family.S09.1080p.DSNP.WEB-DL.DDP5.1.H.264-CRFW/Modern.Family.S09E17.Royal.Visit.1080p.DSNP.WEB-DL.DDP5.1.H.264-CRFW.mkv,Modern Family,2009,1442437,9,17,Jimmy Tatro,1304335.0,0.834
575,1212,264,1392,486,1326,354,1242,354,0.913,16296,1,"[1.2434195280075073, -0.7997709512710571, 1.7488199472427368, 0.4412626326084137, 0.07870457321405411, 1.8857159614562988, 1.3687658309936523, -1.0508655309677124, 0.4038738012313843, 2.6269562244415283, -1.5609712600708008, -0.427090585231781, -0.58542400598526, 1.2271541357040405, -1.4084984064102173, 0.7096443772315979, -0.30440086126327515, -1.395483136177063, -0.8802827000617981, 0.2307838797569275, 1.4912440776824951, -0.7832795977592468, 0.9574591517448425, 0.36911541223526, 0.39824992418289185, 0.3029346466064453, 2.7347075939178467, -1.0880193710327148, 1.7963677644729614, 2.197639226913452, -0.48835548758506775, 0.7468926310539246, 0.5272408723831177, -0.6241996884346008, 0.3574863076210022, -0.37975960969924927, -2.101681709289551, 0.1841174066066742, -0.5016452670097351, 1.6960092782974243, 0.27780428528785706, -1.5685847997665405, -0.4967118203639984, 2.294908046722412, -0.13433010876178741, -0.39684420824050903, -0.5701901316642761, 0.49434828758239746, -1.582106113433838, -2.3420169353485107, 0.433247447013855, 0.7851155996322632, -0.1268729269504547, 0.4487066864967346, 0.11753959953784943, 0.22843137383460999, 0.7637849450111389, -0.21221736073493958, -0.007726244628429413, 0.28597772121429443, -1.088799238204956, 0.4764222502708435, -0.4994312524795532, -1.2222399711608887, -0.32085058093070984, -0.4572046399116516, -0.1065639778971672, 2.1255836486816406, -0.1893235445022583, -0.32196781039237976, -1.913807988166809, 0.6221061944961548, 0.9801514744758606, -0.7086887955665588, 1.1489211320877075, 0.6026906967163086, 0.38500529527664185, -0.8276008367538452, -0.5511227250099182, -0.8695992231369019, 0.2994959056377411, -0.22225059568881989, 0.39111217856407166, -0.5414610505104065, -0.6300273537635803, -0.4024517238140106, -0.3362322747707367, -1.2293181419372559, 1.7974525690078735, -0.9398432970046997, -0.8426526784896851, 0.69696044921875, 1.1044573783874512, -0.9534770250320435, 0.9095819592475891, 1.1759276390075684, 0.3573474884033203, -1.9144033193588257, 0.08518825471401215, -0.32120275497436523, 0.10355134308338165, 1.1060048341751099, -2.6794257164001465, -0.5212208032608032, -0.37498995661735535, -1.2889293432235718, -0.5626422166824341, -0.849101185798645, 2.1941895484924316, -0.3557641804218292, -0.04971272498369217, 0.6447382569313049, 0.09876495599746704, -1.6170368194580078, -0.48198795318603516, 0.942650318145752, -0.7937252521514893, 1.6812105178833008, 0.13624988496303558, -1.2040966749191284, 1.6941564083099365, 0.320864200592041, 0.6467766761779785, -1.1345195770263672, 1.5291223526000977, 0.829017698764801, 1.1187950372695923, 0.8781403303146362]",yunet,Facenet,1920,1080,/home/amos/media/tv/modern_family/Modern.Family.S09.1080p.DSNP.WEB-DL.DDP5.1.H.264-CRFW/Modern.Family.S09E17.Royal.Visit.1080p.DSNP.WEB-DL.DDP5.1.H.264-CRFW.mkv,Modern Family,2009,1442437,9,17,Ariel Winter,42160.0,0.729
576,474,180,738,522,666,318,534,318,0.931,16320,0,"[-1.127068042755127, 1.918902039527893, -1.7707494497299194, 0.39381054043769836, 0.9430473446846008, -1.132365107536316, -0.30526962876319885, -1.3884172439575195, 0.3593946695327759, 0.8307203650474548, 1.9112019538879395, -0.1366996318101883, 0.32157599925994873, -1.4490219354629517, 0.6556886434555054, 2.497237205505371, -0.19139254093170166, -0.32615190744400024, -1.5872896909713745, 0.007763370405882597, -0.3697403073310852, 2.4285483360290527, -1.5695340633392334, 0.33841994404792786, 0.49240389466285706, 2.339550733566284, 1.7140706777572632, 0.949304461479187, 0.8941985368728638, 0.6237878799438477, 0.9240220785140991, 0.9420574903488159, 0.3752247989177704, -0.5154974460601807, 0.34232109785079956, 0.371334433555603, 1.1702375411987305, -1.1173641681671143, 1.1468117237091064, -1.0669617652893066, -0.20451676845550537, -0.6601086854934692, -1.5864883661270142, -1.232625126838684, 0.17533093690872192, -0.5227816104888916, 0.3683549761772156, -1.4847005605697632, 0.9349310994148254, 1.4715875387191772, 0.4592136740684509, -0.3439393639564514, 0.1691024899482727, 1.8727566003799438, -0.6664055585861206, -0.6344099640846252, 2.0083041191101074, -1.8261898756027222, -0.15368860960006714, -0.10304681211709976, -1.0449893474578857, -0.45862603187561035, 0.5375352501869202, -0.10719484090805054, 2.234971284866333, -1.1307852268218994, 1.2519714832305908, -0.46949663758277893, -0.3841545581817627, -0.46905946731567383, -0.32150599360466003, 0.14929109811782837, -1.5171573162078857, 0.202596977353096, 1.2038160562515259, -0.5471013188362122, 0.27219635248184204, 0.24168196320533752, 1.00882089138031, -0.24218174815177917, -0.9130085110664368, 0.7237251996994019, 1.0681244134902954, -0.30212241411209106, 0.1230582594871521, 2.868854522705078, -1.7028861045837402, 2.9605705738067627, 0.05689604580402374, -0.21158376336097717, 0.6426270008087158, 0.29121989011764526, 1.7851067781448364, -0.9252130389213562, 1.555665373802185, 0.3145008683204651, -0.28249722719192505, 0.10190781950950623, 0.7129659652709961, -1.4766981601715088, -0.26529020071029663, 0.538853108882904, -0.36319848895072937, -1.293900966644287, 0.326231986284256, 1.211646556854248, -1.0242938995361328, 2.770113468170166, 0.9563168287277222, 0.2463475614786148, -1.179766297340393, 0.059851862490177155, -0.3263668715953827, 0.1312648057937622, 1.301729679107666, -0.04772055149078369, 0.5036536455154419, -0.34807664155960083, 0.9077929258346558, 0.8483672738075256, 0.6575361490249634, -0.5674104690551758, 1.8734630346298218, -1.5128984451293945, 1.5109754800796509, -0.6282130479812622, 0.5362837910652161, 0.18950340151786804]",yunet,Facenet,1920,1080,/home/amos/media/tv/modern_family/Modern.Family.S09.1080p.DSNP.WEB-DL.DDP5.1.H.264-CRFW/Modern.Family.S09E17.Royal.Visit.1080p.DSNP.WEB-DL.DDP5.1.H.264-CRFW.mkv,Modern Family,2009,1442437,9,17,Jimmy Tatro,1304335.0,0.818
577,1230,264,1416,498,1356,348,1278,354,0.915,16320,1,"[0.9672168493270874, -0.42021632194519043, 1.7781040668487549, -0.17761118710041046, 0.3669649660587311, 1.784355878829956, 0.9671425819396973, -1.5023343563079834, 0.6843600273132324, 1.9783878326416016, -1.2146265506744385, -0.22515922784805298, -0.6306641101837158, 1.5950119495391846, -1.101876974105835, 0.3914908170700073, -0.44182470440864563, -1.8363906145095825, -0.9700108766555786, 0.23950256407260895, 1.2556602954864502, -0.910511314868927, 0.9132047891616821, 0.5680187344551086, 0.5539628863334656, 0.5373630523681641, 2.7400853633880615, -1.0406038761138916, 1.514265537261963, 1.5801595449447632, -0.25549519062042236, 0.8230456709861755, 0.46871861815452576, 0.08058186620473862, 0.3379504084587097, 0.16447272896766663, -1.5875821113586426, -0.5805160403251648, -0.1522512137889862, 1.6642953157424927, 0.5482622981071472, -1.3987133502960205, -0.7732737064361572, 1.9919352531433105, -0.19806993007659912, -0.9774395227432251, -1.0570166110992432, 0.45976758003234863, -1.1203233003616333, -2.1899120807647705, 0.3326898217201233, 0.7341166138648987, -0.33620166778564453, 0.31540822982788086, 0.09640952944755554, 0.3878574073314667, 1.2616838216781616, -0.6806447505950928, 0.304735004901886, 0.25371071696281433, -0.6363362669944763, 0.1535286009311676, 0.007219690829515457, -1.085512399673462, -0.737977147102356, 0.09245242923498154, 0.1220817044377327, 1.8536431789398193, -0.18491369485855103, 0.06178286671638489, -2.1175246238708496, 0.7925076484680176, 1.1069424152374268, -0.644555926322937, 0.7721621990203857, 0.19097213447093964, 0.5110012292861938, -1.2771328687667847, -0.774097740650177, -1.022586703300476, -0.1313127875328064, 0.3689269721508026, 0.5074545741081238, 0.1622018665075302, -0.6534562110900879, -0.44109758734703064, -0.1369655877351761, -1.16458261013031, 1.9365745782852173, -0.5405973792076111, -1.1931467056274414, 0.13488537073135376, 0.9604222774505615, -1.1302673816680908, 1.120363712310791, 1.2360836267471313, 0.2740362882614136, -1.6754473447799683, -0.047181881964206696, -0.10323593020439148, 0.12368534505367279, 0.4226582944393158, -2.9506845474243164, 0.005584163591265678, 0.14924123883247375, -0.8212488293647766, -0.7753408551216125, -0.4333305060863495, 2.015199661254883, -0.5035995244979858, 0.3531215786933899, 0.19321367144584656, 0.5155726671218872, -1.3087923526763916, 0.07146432250738144, 1.1239975690841675, -0.6015433073043823, 1.1837363243103027, 0.5162643194198608, -1.2457301616668701, 1.7773077487945557, 0.15441466867923737, 0.7926251292228699, -1.5006521940231323, 1.5191904306411743, 0.5486220717430115, 1.496938943862915, 0.7102854251861572]",yunet,Facenet,1920,1080,/home/amos/media/tv/modern_family/Modern.Family.S09.1080p.DSNP.WEB-DL.DDP5.1.H.264-CRFW/Modern.Family.S09E17.Royal.Visit.1080p.DSNP.WEB-DL.DDP5.1.H.264-CRFW.mkv,Modern Family,2009,1442437,9,17,Ariel Winter,42160.0,0.784
578,408,222,678,564,582,354,468,354,0.921,16344,0,"[-0.6636221408843994, 1.4660320281982422, -2.705998420715332, 1.4070783853530884, 0.4458683133125305, -1.3313969373703003, -0.9037038087844849, -1.1842190027236938, 1.0187238454818726, 0.8368405699729919, 1.7653582096099854, -0.9686959385871887, 1.1700942516326904, -1.3937088251113892, 0.2626658082008362, 1.8432979583740234, -0.005192451179027557, -0.6703683733940125, -1.3956561088562012, -0.470208078622818, -0.9254869222640991, 2.426583766937256, -1.0790234804153442, 1.2313073873519897, 0.9714810848236084, 1.5629587173461914, 1.9720538854599, 0.770713210105896, 1.1887896060943604, 0.8534321188926697, 0.08450707793235779, 0.9369708895683289, 0.46615922451019287, -0.8513240814208984, 0.4507445693016052, 0.18836930394172668, 1.0716592073440552, 0.1340220719575882, 0.24726875126361847, -0.26954928040504456, 0.6406108736991882, -0.3746684193611145, -0.4007699191570282, -0.7336839437484741, 0.5681416988372803, 0.12956978380680084, 0.39216241240501404, -1.1489088535308838, 1.5422855615615845, 0.8824141025543213, 0.5169928073883057, -0.4700715243816376, 0.20137810707092285, 1.8221087455749512, -0.9622969627380371, -0.5950984358787537, 1.3383421897888184, -1.3609634637832642, 0.017765730619430542, -0.8035228252410889, -0.8284861445426941, 0.29268932342529297, 0.24868279695510864, -0.21151933073997498, 1.5432759523391724, -0.8981395959854126, 0.6001370549201965, -0.6612129211425781, -0.6998332142829895, -1.7977294921875, -0.3355863392353058, -0.2453279346227646, -1.0409802198410034, -0.2791420817375183, 0.15046535432338715, -1.2728605270385742, 0.5655721426010132, 0.9539278149604797, 1.174644112586975, -1.0708338022232056, 0.10997607558965683, 0.33309006690979004, 0.7955175638198853, -0.13145211338996887, -1.040418267250061, 2.2355475425720215, -1.4623430967330933, 2.490664005279541, -0.3845777213573456, -1.3542158603668213, 1.6230826377868652, 0.6412389278411865, 2.0636489391326904, -0.5351358652114868, 1.7010802030563354, 0.7774055004119873, 0.5772556066513062, -0.08143724501132965, -0.6590207815170288, -1.138596534729004, -0.46072912216186523, 0.6117222309112549, 0.4475826323032379, -0.9506090879440308, -0.19474077224731445, 1.0559078454971313, -0.5214821100234985, 1.87863290309906, 0.47647708654403687, 0.13127022981643677, -0.781392514705658, -0.7592906951904297, -0.0899752527475357, 0.6837319731712341, -0.07076188921928406, -0.6138542890548706, -0.07431020587682724, -0.6689925193786621, 0.7697681784629822, 1.2000794410705566, -0.8253690004348755, -0.47092390060424805, 1.8117225170135498, -1.4781181812286377, 1.6637372970581055, 0.4227176606655121, 1.4611691236495972, -0.09172564744949341]",yunet,Facenet,1920,1080,/home/amos/media/tv/modern_family/Modern.Family.S09.1080p.DSNP.WEB-DL.DDP5.1.H.264-CRFW/Modern.Family.S09E17.Royal.Visit.1080p.DSNP.WEB-DL.DDP5.1.H.264-CRFW.mkv,Modern Family,2009,1442437,9,17,Jimmy Tatro,1304335.0,0.845
579,1254,288,1434,516,1386,378,1284,378,0.916,16344,1,"[1.045835018157959, -0.11953077465295792, 1.8332812786102295, 0.1376379430294037, 0.0328657291829586, 1.934603214263916, 1.0198044776916504, -1.4063282012939453, 0.8632218241691589, 1.94406259059906, -0.9441239833831787, -0.3921397924423218, -0.7765676379203796, 1.6268293857574463, -1.2359966039657593, 0.287060022354126, -0.14521381258964539, -1.2781928777694702, -0.9598796367645264, 0.4820528030395508, 0.9881057739257812, -0.29042643308639526, 0.4334050118923187, 0.4783540964126587, 0.40506869554519653, 0.6809074878692627, 2.0803637504577637, -1.5103535652160645, 2.146770477294922, 1.7390520572662354, -0.10987105965614319, 0.684329628944397, 0.4091501533985138, -0.4735991060733795, 0.7416666746139526, 0.5743591785430908, -1.896830677986145, 0.07341597229242325, -0.47758179903030396, 1.6815197467803955, 0.3527841866016388, -1.4025508165359497, -0.5848071575164795, 2.287600517272949, -0.5263045430183411, -0.5807349681854248, -0.9848325252532959, 0.2431674748659134, -1.551681637763977, -2.2614448070526123, 0.9135718941688538, 0.6186586022377014, -0.3895764946937561, 0.5271844267845154, -0.24831250309944153, 0.3079947233200073, 0.7007697820663452, -0.5530480146408081, -0.3813557028770447, 0.04867911338806152, -0.9021838307380676, 0.2992091178894043, -0.3438180685043335, -1.1198697090148926, -0.12947574257850647, -0.18020610511302948, 0.029138244688510895, 2.1876628398895264, 0.323548287153244, 0.03211226314306259, -1.582173228263855, 0.5478389263153076, 0.6863645315170288, -0.9806077480316162, 1.0225244760513306, 0.41511863470077515, 0.5843895673751831, -1.4776920080184937, -1.0108126401901245, -0.6754022836685181, 0.760827898979187, -0.12452103197574615, 0.27155551314353943, 0.07121706753969193, -0.8499265909194946, -0.4858805239200592, -0.272809773683548, -1.05012845993042, 1.4646135568618774, -1.1599704027175903, -0.9189974665641785, 0.18828032910823822, 1.117408037185669, -1.315077543258667, 0.47580716013908386, 1.4108455181121826, 0.46886971592903137, -1.5187206268310547, 0.30832263827323914, -0.31572791934013367, -0.30602002143859863, 1.181044101715088, -2.8045358657836914, -0.16973508894443512, -0.31934696435928345, -0.9147501587867737, -0.49082085490226746, -1.0346237421035767, 2.3129501342773438, -0.8193678259849548, 0.10875514149665833, 0.5042219161987305, 0.3255031704902649, -1.5318081378936768, -0.046474285423755646, 0.9385753870010376, -0.6382511854171753, 1.3088407516479492, 0.5458295941352844, -0.8066931366920471, 1.2833231687545776, 0.1715102195739746, 1.1669362783432007, -1.5029271841049194, 1.7609188556671143, 0.8356687426567078, 1.1177341938018799, 1.458168625831604]",yunet,Facenet,1920,1080,/home/amos/media/tv/modern_family/Modern.Family.S09.1080p.DSNP.WEB-DL.DDP5.1.H.264-CRFW/Modern.Family.S09E17.Royal.Visit.1080p.DSNP.WEB-DL.DDP5.1.H.264-CRFW.mkv,Modern Family,2009,1442437,9,17,Ariel Winter,42160.0,0.729
580,444,198,708,558,594,330,480,330,0.929,16368,0,"[-1.5804084539413452, 1.8015527725219727, -2.207404851913452, 1.946457862854004, 0.5888469219207764, -1.706491470336914, 0.12476225197315216, -0.6886078715324402, 0.7429788708686829, 0.6508567333221436, 2.109081745147705, -0.6080797910690308, 0.9314828515052795, -0.9237358570098877, 0.569057822227478, 1.9735298156738281, -0.7791470289230347, 0.4430810809135437, -2.01456880569458, 0.5183680057525635, -1.2251248359680176, 2.3416953086853027, -1.8269189596176147, 0.5634180903434753, 1.2910573482513428, 2.1942224502563477, 2.011153221130371, 0.8048763871192932, 0.5400891900062561, 0.48057565093040466, 0.7452151775360107, 0.491305947303772, 0.6832994222640991, -0.7680901885032654, -0.0927944928407669, 0.5364522337913513, 1.0076830387115479, -1.147759199142456, 0.3203662037849426, -1.0139352083206177, 0.890676736831665, -0.2314532846212387, -0.2753070890903473, -0.4797150194644928, 0.4547136127948761, -0.2899096608161926, 0.3124532699584961, -1.7081855535507202, 1.215749740600586, 1.3434165716171265, 1.027418851852417, 0.05164005607366562, 0.7438834309577942, 1.4107377529144287, -1.1365950107574463, -0.266157329082489, 1.7988096475601196, -1.5811536312103271, 0.2183651626110077, -0.23119154572486877, -0.4761786460876465, 0.6239789724349976, 0.26900795102119446, -0.2033897340297699, 2.7724790573120117, -1.3501642942428589, 0.7514858245849609, -1.1382052898406982, -0.6324251890182495, -0.5132603645324707, 0.36650124192237854, -0.11350680887699127, -1.1099467277526855, -0.06180230900645256, 0.3900556266307831, -1.426877498626709, 0.9728423357009888, 0.6373978853225708, 1.1423848867416382, 0.2438565045595169, -0.022368397563695908, 0.5480788946151733, 1.7498444318771362, -0.055873073637485504, 0.2761537432670593, 2.695042371749878, -1.654360294342041, 3.189368963241577, 0.23667815327644348, -0.4980609118938446, 0.51444411277771, 0.691558301448822, 1.3980916738510132, 0.4242689609527588, 0.47874945402145386, -0.046362072229385376, 0.25231242179870605, -0.3606507182121277, 0.23027771711349487, -0.8900305032730103, -0.4231914281845093, 0.6908961534500122, 0.5719454288482666, -1.1943546533584595, 0.06683304160833359, 1.168757438659668, -0.6038824915885925, 2.7611687183380127, 0.20489856600761414, 0.9056153893470764, -0.7403857111930847, 0.5602449178695679, 0.10295205563306808, 0.7708197832107544, 1.0142418146133423, -0.5213252305984497, 0.7131248712539673, -0.41943323612213135, 1.210147738456726, 0.5585918426513672, 0.9536868929862976, -0.7749403715133667, 1.3965295553207397, -1.0378389358520508, 0.9167237877845764, -0.4702952206134796, 0.8808908462524414, 0.31599029898643494]",yunet,Facenet,1920,1080,/home/amos/media/tv/modern_family/Modern.Family.S09.1080p.DSNP.WEB-DL.DDP5.1.H.264-CRFW/Modern.Family.S09E17.Royal.Visit.1080p.DSNP.WEB-DL.DDP5.1.H.264-CRFW.mkv,Modern Family,2009,1442437,9,17,Jimmy Tatro,1304335.0,0.791
581,1320,300,1518,540,1440,390,1356,390,0.912,16368,1,"[1.2262859344482422, -0.2153501659631729, 1.60292387008667, 0.2722616493701935, 0.3921127915382385, 1.761272668838501, 1.2568891048431396, -0.9075140357017517, 0.019415099173784256, 1.9682211875915527, -1.1595889329910278, -0.4241226613521576, -0.7118292450904846, 1.910448431968689, -0.9649155139923096, -0.5604076981544495, -0.5398585796356201, -1.585207462310791, -1.3976058959960938, 0.2310824692249298, 0.5298813581466675, -0.4078521728515625, 0.535508930683136, 0.7876521348953247, 0.15157680213451385, 0.4360887110233307, 2.0463833808898926, -1.6824145317077637, 2.1535696983337402, 1.5019676685333252, -0.04516272246837616, 0.9984062910079956, 0.23274867236614227, -0.3878820836544037, 0.6608425378799438, -0.0019046515226364136, -1.418235421180725, 0.026208825409412384, -0.46155011653900146, 1.2363406419754028, 0.6182398796081543, -1.2319912910461426, -0.711599588394165, 2.0353786945343018, -0.8829872608184814, -1.2722400426864624, -0.5311663150787354, 0.6490215063095093, -1.2426174879074097, -1.8547155857086182, 1.1446260213851929, 0.7873223423957825, 0.07154262065887451, 0.1559407263994217, -0.21019932627677917, 0.8642540574073792, 0.3366515636444092, -1.0085513591766357, -0.3399686813354492, 0.28400880098342896, -1.4766337871551514, -0.3159942030906677, -0.3037407696247101, -1.0512901544570923, -0.44284504652023315, -0.07611092925071716, -0.36352553963661194, 2.735562562942505, 0.4027876555919647, 0.38285326957702637, -1.6374238729476929, 0.9651942253112793, 0.43324828147888184, -0.45323020219802856, 0.6819562315940857, 0.20539245009422302, 0.3617689609527588, -1.4993489980697632, -1.7489253282546997, -0.8399544954299927, 0.18378695845603943, -0.002744534984230995, 0.024588480591773987, 0.49696794152259827, -0.0068234726786613464, -0.4456373155117035, 0.1627938598394394, -1.5281705856323242, 1.6097480058670044, -1.030645489692688, -1.381729245185852, 0.16397640109062195, 0.9193305373191833, -1.1088571548461914, 0.6334909796714783, 1.3458088636398315, 0.9317539930343628, -1.5598554611206055, 0.9560529589653015, -0.5868405699729919, -0.6819750666618347, 1.0092016458511353, -2.579254627227783, -0.27550452947616577, -0.3976237177848816, -0.8637171983718872, -0.29820483922958374, -1.203706979751587, 2.289867401123047, -0.6093288660049438, 0.04643040522933006, 0.7623748183250427, 0.21705013513565063, -1.7578835487365723, 0.05190971493721008, 1.226914882659912, -0.547950267791748, 1.1542778015136719, 0.09795179218053818, -0.8529766201972961, 1.428287386894226, -0.09506627917289734, 1.0267910957336426, -1.1256145238876343, 0.7896098494529724, 1.1992146968841553, 0.3716624081134796, 1.5440062284469604]",yunet,Facenet,1920,1080,/home/amos/media/tv/modern_family/Modern.Family.S09.1080p.DSNP.WEB-DL.DDP5.1.H.264-CRFW/Modern.Family.S09E17.Royal.Visit.1080p.DSNP.WEB-DL.DDP5.1.H.264-CRFW.mkv,Modern Family,2009,1442437,9,17,Ariel Winter,42160.0,0.672
582,528,276,756,558,696,366,588,372,0.93,16392,0,"[-0.36455509066581726, -1.3581377267837524, 0.6828403472900391, 2.3978018760681152, 1.7199318408966064, 0.29681944847106934, 1.4995204210281372, -1.8678189516067505, -0.33537566661834717, 2.6019134521484375, -1.5198944807052612, 1.0865107774734497, 0.24472258985042572, 0.48555001616477966, -0.19234329462051392, -0.6352859735488892, -0.3814396262168884, -1.5843793153762817, -2.1182920932769775, 0.3406260013580322, -0.4669061005115509, -0.37063390016555786, 0.4231894910335541, -0.42291781306266785, -0.18793660402297974, 1.1346017122268677, 1.0907801389694214, -1.005652666091919, 2.067333936691284, 0.72528475522995, 0.40345415472984314, -1.311962604522705, -1.7556982040405273, -0.8437578082084656, 0.9141210913658142, -0.33190059661865234, -2.1835360527038574, 0.4872947633266449, 0.7030130624771118, -1.1846424341201782, 0.33305463194847107, 0.41952288150787354, -1.0116618871688843, 2.067324161529541, 0.42533060908317566, -0.747556746006012, 0.03239240124821663, 1.034666657447815, -0.3833143711090088, -0.00959494337439537, -0.17043042182922363, 1.766727089881897, -0.04774422198534012, -0.6390807628631592, 0.19065342843532562, -0.35866278409957886, 1.477897047996521, -0.4920143485069275, 0.7253996133804321, 1.3567038774490356, -0.3375961482524872, -1.2579985857009888, 0.1857115924358368, -1.503119945526123, -0.21800625324249268, 1.2297520637512207, -0.9211816787719727, 0.9819031953811646, -0.19944316148757935, 0.9914829730987549, -1.5173442363739014, 0.8729034662246704, -1.1963754892349243, 0.22595934569835663, 0.88099205493927, -0.34929075837135315, -0.3736377954483032, -0.9700746536254883, -0.3279382884502411, 0.20129279792308807, -0.8909505009651184, -0.2784377634525299, 0.8448952436447144, 0.7690960168838501, -1.3716809749603271, -0.4679965078830719, -0.29369205236434937, -0.8109503984451294, 0.5060189962387085, -1.3511738777160645, -1.0115444660186768, 0.4955959618091583, 0.5458065867424011, 0.014056538231670856, 1.3232489824295044, 0.27626439929008484, 0.6108541488647461, -0.039110422134399414, 0.536304235458374, -1.0229617357254028, 0.2872599959373474, -0.36665019392967224, -3.309812068939209, 1.1206281185150146, 1.1426502466201782, 0.7233637571334839, 0.18720069527626038, -1.560672640800476, 1.1189926862716675, -0.404417484998703, 0.9081734418869019, 1.3725236654281616, 0.8937089443206787, -0.7986633777618408, 0.974831223487854, 0.9500216245651245, -1.532650351524353, 0.8419616222381592, -0.23198288679122925, -0.4843986928462982, 2.2240750789642334, -0.8556182384490967, -0.12778408825397491, -1.1375057697296143, -0.8634019494056702, 0.31695449352264404, 0.8756747841835022, -0.5876072645187378]",yunet,Facenet,1920,1080,/home/amos/media/tv/modern_family/Modern.Family.S09.1080p.DSNP.WEB-DL.DDP5.1.H.264-CRFW/Modern.Family.S09E17.Royal.Visit.1080p.DSNP.WEB-DL.DDP5.1.H.264-CRFW.mkv,Modern Family,2009,1442437,9,17,Sarah Hyland,91351.0,0.74
583,1104,120,1398,528,1224,282,1128,276,0.919,16392,1,"[-0.5618534088134766, -2.7000467777252197, -1.1712360382080078, -1.1455750465393066, 0.0962364599108696, 2.346524715423584, -0.3699488639831543, 1.7179683446884155, 1.016669750213623, -0.7594479918479919, 0.39908507466316223, -0.3168696165084839, -1.4278359413146973, 0.7810827493667603, -1.1981582641601562, -0.22031474113464355, -1.0396795272827148, -0.14554563164710999, 0.9014800786972046, -0.38849639892578125, -0.11294744163751602, -1.4618613719940186, 0.40849074721336365, -2.2340426445007324, -1.1446583271026611, 0.3339647948741913, 0.7537326812744141, -2.2778215408325195, -0.24288390576839447, 0.5955639481544495, -0.22887057065963745, 1.049736499786377, 0.48949241638183594, -1.1508210897445679, -0.8328101634979248, 1.321764588356018, -0.3547351658344269, 0.6992427110671997, 0.9518737196922302, -0.8812762498855591, 2.2889959812164307, 0.5995230674743652, -1.9080742597579956, -2.0197551250457764, 1.2254891395568848, -1.5953432321548462, 0.14759117364883423, 1.5250132083892822, 0.2269117683172226, -0.3727715015411377, -0.5636557340621948, 0.7636811137199402, -0.5720195174217224, 0.41139334440231323, 0.020454108715057373, -0.7204429507255554, 0.44327545166015625, 1.7854130268096924, 0.6846798062324524, -0.06259755045175552, 0.984566867351532, -1.2134404182434082, 0.8356581330299377, 2.342050552368164, 1.64067804813385, 0.21198199689388275, 0.865153431892395, 1.4626493453979492, 0.3605615496635437, -0.52012038230896, -1.390911340713501, 1.1170367002487183, -2.4101133346557617, 1.8911263942718506, 1.0008471012115479, -0.8326405882835388, -1.5816740989685059, 0.8936488628387451, -0.7309249043464661, 0.19436191022396088, -3.0158653259277344, -0.009893715381622314, 0.6420838832855225, -1.323941946029663, -1.4172114133834839, -0.6930757761001587, 0.17199371755123138, 0.4636319875717163, -2.093669891357422, -0.9521121382713318, -0.2501780390739441, -0.3829987347126007, 0.15293602645397186, 0.19899562001228333, -0.697579026222229, 0.6632382273674011, -1.1209979057312012, 0.16241921484470367, 0.18755635619163513, 1.3622983694076538, -1.960440754890442, -0.20314833521842957, -0.4900422692298889, 0.9610669016838074, -0.07169605046510696, 0.7974169850349426, -0.25093764066696167, 0.06648088991641998, 0.23669692873954773, 0.24432747066020966, 0.261222779750824, -0.689104437828064, 0.3683944046497345, -0.737856388092041, -0.3530500829219818, 1.5875792503356934, 0.5214389562606812, 0.00815177708864212, -1.0918445587158203, -0.31301218271255493, -1.1857024431228638, 1.7180577516555786, 0.7677358388900757, -0.06435392051935196, -1.0264079570770264, -0.47574034333229065, -1.7591733932495117, -0.2908041179180145]",yunet,Facenet,1920,1080,/home/amos/media/tv/modern_family/Modern.Family.S09.1080p.DSNP.WEB-DL.DDP5.1.H.264-CRFW/Modern.Family.S09E17.Royal.Visit.1080p.DSNP.WEB-DL.DDP5.1.H.264-CRFW.mkv,Modern Family,2009,1442437,9,17,Chris Geere,62879.0,0.638
584,570,282,798,576,750,390,648,396,0.929,16416,0,"[0.5058475732803345, -0.29794037342071533, 0.14031614363193512, 3.1055262088775635, 2.161179304122925, 0.24920517206192017, 1.156118631362915, -1.8911988735198975, 0.22323980927467346, 2.8972744941711426, -1.0264092683792114, 1.5685367584228516, -0.48481398820877075, -0.24430997669696808, -0.0817408561706543, -0.17688260972499847, -0.36898523569107056, -0.6704233288764954, -1.965487003326416, -0.017173530533909798, -0.017597541213035583, -0.6893914341926575, 0.8668762445449829, 0.43400388956069946, 0.14271678030490875, 0.7219375967979431, 0.69269859790802, -0.7437474727630615, 2.807734966278076, 1.0722955465316772, 0.3019873797893524, -1.4512360095977783, -2.189549446105957, -1.4128262996673584, 1.184482455253601, -1.2394880056381226, -2.1292622089385986, 1.3414795398712158, -0.13731738924980164, -0.406996488571167, 0.12714773416519165, 0.3484870195388794, -0.03725475072860718, 2.1009957790374756, -0.11290737986564636, 0.6637956500053406, 0.42693325877189636, 0.3258112668991089, -0.10776939988136292, 0.5040907859802246, -0.7872762680053711, 1.1630383729934692, 0.9200688600540161, -0.24606816470623016, 0.4563170075416565, 0.6479242444038391, 1.6140425205230713, -0.09681697189807892, 0.8716087937355042, 1.5491727590560913, -0.5641926527023315, -0.06693756580352783, 0.12486618012189865, -0.8920885920524597, -0.1354028582572937, 1.7166460752487183, -1.0940675735473633, 1.054154872894287, 0.5302258133888245, 0.6062678098678589, -0.9868957996368408, 0.5997004508972168, -0.788386344909668, 1.3497217893600464, 0.5518019795417786, -0.4453624486923218, 0.00727032870054245, -0.3520803451538086, -0.7585214376449585, -0.12622332572937012, -0.4689284563064575, -1.3375681638717651, 1.1764729022979736, 0.025605520233511925, -1.090388536453247, -0.6140499114990234, -0.17567819356918335, -0.6732496023178101, 0.4025934934616089, -1.352582335472107, -0.6027286648750305, 0.5723594427108765, 0.8734681010246277, -0.42752981185913086, 1.5182325839996338, 0.11913062632083893, 0.6466081738471985, -0.33671969175338745, -0.0027377046644687653, -1.5928664207458496, -1.1233022212982178, 0.07974780350923538, -2.4443001747131348, 0.8915606141090393, 1.9734177589416504, -0.2636954188346863, 0.893473744392395, -1.0694018602371216, 1.3247830867767334, -0.5319324135780334, 1.5002624988555908, 1.5168795585632324, 0.3170151114463806, -0.2623453140258789, -0.06681887805461884, 1.0138381719589233, -1.2753410339355469, 1.8710222244262695, 0.38804277777671814, -0.379291832447052, 2.08119535446167, -1.135088324546814, 0.23928192257881165, -1.3118711709976196, -0.9086804389953613, 0.25278058648109436, 0.5569908618927002, -0.7157755494117737]",yunet,Facenet,1920,1080,/home/amos/media/tv/modern_family/Modern.Family.S09.1080p.DSNP.WEB-DL.DDP5.1.H.264-CRFW/Modern.Family.S09E17.Royal.Visit.1080p.DSNP.WEB-DL.DDP5.1.H.264-CRFW.mkv,Modern Family,2009,1442437,9,17,Sarah Hyland,91351.0,0.656
585,1140,126,1428,534,1278,276,1170,282,0.912,16416,1,"[0.21898750960826874, -2.456218719482422, -0.44314172863960266, -0.9983084201812744, -0.0558399073779583, 1.285059928894043, -0.6975724697113037, 0.9335273504257202, 1.446254014968872, 0.07467490434646606, 0.25700822472572327, -0.44471150636672974, -0.9667501449584961, -0.034505829215049744, -0.44652852416038513, -0.6722277998924255, -0.22185757756233215, -1.499717116355896, 0.7148224115371704, -1.1950808763504028, 1.6030911207199097, -2.6851418018341064, 1.0849015712738037, -1.318341851234436, 0.029093708842992783, -0.4443662762641907, 1.6004465818405151, -1.5526797771453857, 0.3025258779525757, -0.28260350227355957, -1.6149400472640991, 1.5408658981323242, -0.5400281548500061, 0.3399527370929718, -0.013360116630792618, 0.07734258472919464, -1.0675888061523438, 0.04153808578848839, 1.2228994369506836, -1.045891523361206, 1.2595760822296143, 0.5048858523368835, -1.5574020147323608, -1.50935959815979, -0.5448157787322998, -1.180705189704895, 0.7729480266571045, 1.2438515424728394, -0.9623555541038513, 0.03547845035791397, -1.5981450080871582, 1.1686413288116455, -1.3916075229644775, 0.8966869115829468, 1.4199883937835693, -1.2995796203613281, 1.3174196481704712, 2.1319644451141357, -0.5473398566246033, -0.3741098642349243, 0.4917251467704773, -3.0577690601348877, 1.2984620332717896, 1.1571766138076782, 0.7088844180107117, 0.6488962769508362, -0.5906046032905579, 1.2757881879806519, -0.9885544776916504, -0.9738771915435791, -1.1282551288604736, 0.06483300030231476, -2.0239360332489014, 2.2141542434692383, 0.9906219244003296, -0.20773977041244507, -0.46314844489097595, 0.9035665392875671, -0.6397015452384949, -0.44547051191329956, -2.6193058490753174, -0.1895967572927475, 1.2000939846038818, -1.4893996715545654, -0.5797902345657349, -0.6519186496734619, 0.5603347420692444, -1.4426426887512207, -2.0251972675323486, -1.086739182472229, -0.7711961269378662, -0.781034529209137, 0.6532989144325256, -0.20060119032859802, 0.877851128578186, 1.1935129165649414, -2.532594680786133, 1.0862512588500977, -1.5990757942199707, -0.416249543428421, -1.6525781154632568, -0.1826532781124115, -0.5911704301834106, 1.1227054595947266, 0.24351471662521362, 0.7623687982559204, -0.47175532579421997, 0.05051213875412941, 0.1420513242483139, -0.10979703068733215, 0.618966817855835, -1.1351031064987183, 0.751856803894043, -1.427668809890747, -0.8441739082336426, 1.3836861848831177, 0.20839576423168182, -0.5380825400352478, -0.6879783272743225, -0.16690120100975037, -1.150537371635437, 1.0810308456420898, 0.7563164830207825, -0.28335875272750854, -0.5855490565299988, 0.7288351655006409, -1.2166820764541626, 0.454193115234375]",yunet,Facenet,1920,1080,/home/amos/media/tv/modern_family/Modern.Family.S09.1080p.DSNP.WEB-DL.DDP5.1.H.264-CRFW/Modern.Family.S09E17.Royal.Visit.1080p.DSNP.WEB-DL.DDP5.1.H.264-CRFW.mkv,Modern Family,2009,1442437,9,17,Chris Geere,62879.0,0.663
586,564,270,798,570,750,396,642,396,0.936,16440,0,"[0.6956179141998291, -0.3332955539226532, 0.17274363338947296, 2.5329110622406006, 1.5629856586456299, -0.40548598766326904, 0.28217780590057373, -2.2196412086486816, -0.1546175479888916, 3.0931107997894287, -1.647476315498352, 1.5019861459732056, -0.1626058965921402, 0.8573119640350342, 0.7061012983322144, 0.1286901831626892, 0.16970786452293396, -1.0199748277664185, -1.9475810527801514, -0.39320459961891174, -0.44943463802337646, -0.9292239546775818, 0.7506605386734009, 0.5056154131889343, 0.5736150741577148, 0.6606650352478027, 1.2351609468460083, -0.031019799411296844, 2.2836055755615234, 0.6281440854072571, -0.5444852113723755, -1.752192497253418, -2.0388147830963135, -1.1573474407196045, 1.0573456287384033, -0.4683619439601898, -2.0068342685699463, 1.295079231262207, -0.7082447409629822, -0.15119816362857819, -0.47386059165000916, 0.2404443621635437, 0.8324968814849854, 2.1629602909088135, -0.8667576313018799, 0.16865792870521545, 0.2614990174770355, 0.5122510194778442, -0.9023145437240601, -0.039651818573474884, -0.3970896601676941, 0.9325795769691467, 0.4464676082134247, -0.19831545650959015, 0.6831587553024292, 0.33171170949935913, 2.100348472595215, 0.7654941082000732, 0.7418002486228943, 1.2435795068740845, -0.48799049854278564, 0.26506221294403076, -0.2703478932380676, 0.4785890579223633, 0.12496442347764969, 1.3867669105529785, -1.4542697668075562, 0.6318840980529785, 0.22435343265533447, 0.885799765586853, -0.34724855422973633, 0.42485806345939636, -0.2507775127887726, 0.9759907126426697, 1.2468411922454834, 0.18076464533805847, 0.9308797121047974, -0.41286733746528625, -0.6279868483543396, -0.7325437068939209, -0.7651410698890686, -0.5358262062072754, 1.1294152736663818, 0.7086992859840393, -1.0213079452514648, -0.866445779800415, 0.2066550999879837, -1.378126859664917, 0.27480319142341614, -2.1027677059173584, -0.5301463007926941, -0.19868865609169006, 1.506772518157959, -0.8808464407920837, 1.6475995779037476, 0.2510252892971039, 0.3274550139904022, -0.028778309002518654, -0.3509240746498108, -1.5415033102035522, -0.841566801071167, 0.5821374654769897, -2.35005521774292, 0.8038849830627441, 1.999218225479126, -1.0386921167373657, 0.45994076132774353, -1.3435763120651245, 1.8880926370620728, -0.5719210505485535, 1.423799753189087, 1.4373807907104492, 0.15641936659812927, 0.7425999641418457, -0.4350750148296356, 0.7339138984680176, -0.9431663751602173, 2.547915458679199, 0.1885000765323639, 0.20549340546131134, 2.431187391281128, -1.0270349979400635, 0.33076226711273193, -1.7833679914474487, -0.3878358006477356, 0.45129844546318054, 1.5215609073638916, -0.5022258162498474]",yunet,Facenet,1920,1080,/home/amos/media/tv/modern_family/Modern.Family.S09.1080p.DSNP.WEB-DL.DDP5.1.H.264-CRFW/Modern.Family.S09E17.Royal.Visit.1080p.DSNP.WEB-DL.DDP5.1.H.264-CRFW.mkv,Modern Family,2009,1442437,9,17,Sarah Hyland,91351.0,0.601
587,1164,78,1458,498,1278,234,1194,234,0.917,16440,1,"[0.4068913757801056, -2.757408857345581, -1.8766709566116333, -0.03446943685412407, -0.17825089395046234, 2.273693799972534, -0.13609391450881958, 1.122937798500061, 1.9485198259353638, -1.0478020906448364, -0.33168354630470276, -1.3112355470657349, -1.2892510890960693, 0.9960794448852539, -0.8661837577819824, -0.8478386998176575, -0.6646665334701538, -0.8113022446632385, -0.31972649693489075, -0.5467153787612915, 0.37454739212989807, -1.0616545677185059, 1.0883816480636597, -1.042688012123108, 1.4817569255828857, 0.6113384366035461, 1.2556599378585815, -2.4769721031188965, 0.7095974087715149, -0.09787815809249878, -0.4926176369190216, 1.3958832025527954, -0.7683635950088501, 0.10007146745920181, 0.09632036834955215, 0.5243704915046692, -0.6984281539916992, 0.4818115532398224, 0.7794688940048218, -0.4758913815021515, 1.4984216690063477, 0.6114250421524048, -0.9948887825012207, -1.8138980865478516, 0.6655847430229187, -1.655875563621521, 0.4240640103816986, 1.5746815204620361, -0.12729880213737488, -0.013626888394355774, 0.1968843787908554, -0.08507184684276581, -0.6639175415039062, 0.5785237550735474, 0.9533045887947083, -1.593950629234314, 1.0744129419326782, 1.4275742769241333, -0.0440809428691864, 0.16412001848220825, 0.8633999228477478, -2.0624871253967285, 0.6058196425437927, 0.7697156667709351, 1.3276242017745972, 0.2084701955318451, -0.44925522804260254, 1.5213205814361572, -1.130784273147583, -1.4265958070755005, -0.8289302587509155, 1.11650812625885, -2.0217010974884033, 1.6916794776916504, 0.5561897158622742, -1.0792979001998901, -0.24766117334365845, 1.150254726409912, -0.04294755682349205, 0.33288758993148804, -3.216156482696533, 0.9884922504425049, 1.6067394018173218, -1.1955219507217407, -1.851914405822754, -0.2098703533411026, 0.9324567914009094, -1.112265706062317, -0.7678954601287842, -1.5669350624084473, 0.21816764771938324, -0.380304753780365, -0.696929395198822, -0.031094782054424286, 0.2299938052892685, 1.515411376953125, -1.4923796653747559, 0.7382029891014099, -0.30679649114608765, 0.5563102960586548, -0.730400562286377, -0.7799108028411865, -0.955686092376709, 1.3935145139694214, -0.35032039880752563, 0.05294053256511688, -0.27994245290756226, -0.160516157746315, 0.8621869683265686, -0.7765259146690369, 0.28329038619995117, -1.8654221296310425, 1.8072011470794678, -1.7841956615447998, -0.2264556884765625, 0.633678674697876, 0.6181844472885132, 0.6334939002990723, -0.35412102937698364, -0.5145716667175293, -0.39264142513275146, 1.4053280353546143, 0.8794636726379395, -0.3326450288295746, -1.4448496103286743, 1.0516109466552734, -1.6941001415252686, -0.9871075749397278]",yunet,Facenet,1920,1080,/home/amos/media/tv/modern_family/Modern.Family.S09.1080p.DSNP.WEB-DL.DDP5.1.H.264-CRFW/Modern.Family.S09E17.Royal.Visit.1080p.DSNP.WEB-DL.DDP5.1.H.264-CRFW.mkv,Modern Family,2009,1442437,9,17,Chris Geere,62879.0,0.687
588,540,300,774,594,726,408,618,414,0.934,16464,0,"[0.5032062530517578, -1.1145070791244507, 0.2826312780380249, 2.971186637878418, 1.7908642292022705, -0.434278666973114, 0.3296414613723755, -1.7743803262710571, -0.22408899664878845, 3.036259412765503, -1.564420223236084, 0.6709641218185425, -0.052768487483263016, 0.9278527498245239, 0.4433964788913727, -0.4925941824913025, 0.2020060271024704, -0.8794508576393127, -2.464993953704834, -0.3070496916770935, -0.3674919307231903, -0.7766930460929871, 0.8168226480484009, -0.022946730256080627, 0.7262513041496277, 0.9686170220375061, 1.30315363407135, -0.10358233749866486, 2.1766433715820312, 0.10894455760717392, -0.05395209789276123, -1.0926272869110107, -2.162505626678467, -1.5391809940338135, 1.2439724206924438, -0.6023095846176147, -1.7508859634399414, 1.1626993417739868, -0.29790276288986206, -0.6003748178482056, -0.6137565970420837, -0.058332838118076324, 1.0450983047485352, 1.937676191329956, -0.415111780166626, 0.16211743652820587, 0.7062949538230896, 0.3044790029525757, -0.8198060393333435, 0.09768512845039368, -0.575387179851532, 1.053658127784729, 0.10156548023223877, 0.0032826587557792664, 0.5207295417785645, 0.1326344758272171, 1.8911430835723877, 0.5381447672843933, 0.5663395524024963, 1.3817088603973389, -0.5617441534996033, 0.04069960117340088, -0.21788710355758667, 0.0905366986989975, -0.09419821202754974, 1.2541048526763916, -1.4586730003356934, 0.6073485016822815, 0.09189204126596451, 0.9572544097900391, -0.7632062435150146, 0.19838333129882812, -0.5878710746765137, 0.6033099889755249, 1.1469309329986572, 0.02504585310816765, 0.588670015335083, -0.8566367030143738, -0.5459794402122498, -0.39985358715057373, -0.19609618186950684, -0.7329124212265015, 1.5972261428833008, 0.9256929159164429, -1.1298376321792603, -0.7743433713912964, -0.01884743943810463, -1.3667906522750854, 0.6312882900238037, -2.2874205112457275, -0.6931843161582947, -0.24568763375282288, 0.5651208758354187, -1.1881794929504395, 1.4471876621246338, 0.7326828241348267, 0.02510979026556015, -0.15640288591384888, 0.12354132533073425, -1.7686635255813599, -0.8959305286407471, 0.5855275392532349, -2.5132827758789062, 0.37531957030296326, 2.164759874343872, -0.5550404787063599, 0.8532139658927917, -1.4238173961639404, 2.2575862407684326, -0.6311889886856079, 1.0848872661590576, 1.2679482698440552, 0.17516383528709412, 0.22124911844730377, -0.08812838047742844, 0.5238323211669922, -1.1975528001785278, 2.352616310119629, -0.15618622303009033, -0.39380383491516113, 2.4585392475128174, -1.3640377521514893, 0.38900429010391235, -0.9393157362937927, -0.43707430362701416, 0.2787710726261139, 1.3574656248092651, -0.3577512502670288]",yunet,Facenet,1920,1080,/home/amos/media/tv/modern_family/Modern.Family.S09.1080p.DSNP.WEB-DL.DDP5.1.H.264-CRFW/Modern.Family.S09E17.Royal.Visit.1080p.DSNP.WEB-DL.DDP5.1.H.264-CRFW.mkv,Modern Family,2009,1442437,9,17,Sarah Hyland,91351.0,0.633
589,1146,108,1422,504,1254,258,1170,258,0.918,16464,1,"[0.1696053445339203, -2.486215591430664, -1.2500156164169312, -0.6307079792022705, -0.08973141014575958, 2.2565362453460693, 0.10256540775299072, 0.9919411540031433, 1.4943652153015137, -1.1922351121902466, 0.8105630874633789, -1.2656279802322388, -0.7858358025550842, -0.06273823976516724, -0.8813045024871826, -0.753534197807312, -0.8682588338851929, -1.0696288347244263, -1.008487582206726, -0.24481049180030823, 0.8508298397064209, -1.5723819732666016, 0.9918285012245178, -2.079996347427368, -0.05403824523091316, 0.11573735624551773, 1.4422496557235718, -1.736449122428894, -0.6257115006446838, 0.32999008893966675, -0.9400351047515869, 1.482229471206665, -1.217357873916626, -0.1207592561841011, -0.4455311894416809, 0.9088630676269531, -1.212815761566162, -0.2871232032775879, 0.8760509490966797, -0.7679672241210938, 2.142425298690796, -0.13229724764823914, -1.6566219329833984, -1.5294240713119507, 1.3423136472702026, -2.0248091220855713, 1.0429332256317139, 1.533155083656311, -0.1173323392868042, -0.2833728492259979, -0.6225640773773193, 0.21335816383361816, -0.7013129591941833, 0.4773705005645752, 0.6234530210494995, -1.385328769683838, 1.2423828840255737, 1.529494285583496, -0.49328339099884033, -0.23436546325683594, 0.583337128162384, -1.9016400575637817, 0.7888445854187012, 1.3030800819396973, 1.3668736219406128, -0.1278381496667862, -0.15595436096191406, 0.2731434404850006, -1.392663836479187, -1.4267157316207886, -1.2390753030776978, 1.439200758934021, -1.7029390335083008, 1.4232844114303589, 0.9046675562858582, -0.9422523379325867, -1.193884253501892, 1.3525021076202393, -0.009548231959342957, 0.34598368406295776, -3.18623948097229, 0.4871569275856018, 1.592679738998413, -1.5708569288253784, -0.9205455183982849, -0.33424943685531616, 0.38241228461265564, -0.6599003672599792, -0.278232216835022, -1.6739360094070435, -0.04367654770612717, -0.363700270652771, -0.4027605652809143, 0.5621352195739746, 1.094894289970398, 1.5488005876541138, -1.4813518524169922, 0.13288718461990356, -0.5624966621398926, 0.10956820100545883, 0.10513709485530853, -0.7010660767555237, -1.180916666984558, 1.2673072814941406, 0.08136793226003647, 0.7653744220733643, 0.35919833183288574, 0.21818722784519196, 1.0420055389404297, -0.19729049503803253, 0.23323477804660797, -1.0396111011505127, 1.4176768064498901, -1.1586084365844727, -0.6141508221626282, 1.290793776512146, 0.31601545214653015, 0.3091198801994324, -1.1981478929519653, -0.7607465386390686, -0.5932349562644958, 1.7895982265472412, 1.1797155141830444, -0.6480914354324341, -1.7276155948638916, 0.40026578307151794, -1.7980265617370605, -1.1775872707366943]",yunet,Facenet,1920,1080,/home/amos/media/tv/modern_family/Modern.Family.S09.1080p.DSNP.WEB-DL.DDP5.1.H.264-CRFW/Modern.Family.S09E17.Royal.Visit.1080p.DSNP.WEB-DL.DDP5.1.H.264-CRFW.mkv,Modern Family,2009,1442437,9,17,Chris Geere,62879.0,0.673
590,552,312,804,630,756,420,660,420,0.921,16488,0,"[-0.4800221025943756, -0.8921827077865601, -0.07996965199708939, 3.297581195831299, 0.9329145550727844, 0.841318666934967, 0.5866593718528748, -1.3994778394699097, 0.5183377861976624, 3.5455873012542725, -1.7471097707748413, 0.5122272968292236, 0.5763041973114014, -0.39209139347076416, -0.43926456570625305, 0.37310558557510376, 0.03460128232836723, -1.665924072265625, -1.273496150970459, 0.023714696988463402, 0.9946385622024536, -0.4864293932914734, 1.1828961372375488, -0.36755409836769104, 0.8660585880279541, 0.47903749346733093, 1.1175836324691772, 0.21623004972934723, 1.4573302268981934, 0.5481535196304321, -0.6690342426300049, -2.12650990486145, -2.2317912578582764, -1.5256813764572144, 1.9922322034835815, -1.1006340980529785, -1.8556761741638184, 1.763020634651184, 0.5097753405570984, 0.023995012044906616, -0.3434915840625763, 0.04650714248418808, -0.44497790932655334, 1.7691504955291748, 0.022154543548822403, 0.950901448726654, 0.1359090656042099, 0.9007546901702881, -0.48573046922683716, -0.5245218276977539, -1.4156742095947266, 2.13931941986084, 0.34872207045555115, -0.40533024072647095, 0.4160780608654022, 0.012262489646673203, 2.2640113830566406, 0.5839534997940063, 0.8184956908226013, -0.07431348413228989, -0.3606700897216797, 0.2895887494087219, -0.8796840310096741, -1.6457215547561646, -0.7199332118034363, 0.5977245569229126, -0.7518822550773621, 0.5082045793533325, -0.8927525877952576, -0.7789169549942017, -0.6232824921607971, 0.6609195470809937, -1.0272661447525024, 0.7158523797988892, 0.1477828472852707, 0.7972421050071716, 0.5358668565750122, 0.6725087761878967, -0.20777589082717896, -0.15369877219200134, -0.32474493980407715, -1.5677024126052856, 1.1933040618896484, -0.03545767813920975, -0.7554211020469666, -1.2583262920379639, 0.009536766447126865, -0.5251755714416504, -0.5116301774978638, -1.5420374870300293, -0.3774819076061249, -0.2587052285671234, 1.2674263715744019, 0.847067654132843, 1.0438792705535889, 0.3543280065059662, 0.6091950535774231, 0.5547073483467102, -0.132888525724411, -1.2062702178955078, 0.48322081565856934, 0.33517229557037354, -2.4536309242248535, 0.1678914576768875, 0.5729590654373169, 0.09780709445476532, 0.5869025588035583, -1.0404999256134033, 1.5394766330718994, -0.0366373173892498, 1.4790174961090088, 0.8309852480888367, 0.9246320724487305, -0.5595538020133972, -0.5521937608718872, 1.2633473873138428, -0.8694790601730347, 1.54995858669281, -0.5275907516479492, 0.09677061438560486, 2.4843928813934326, -0.5163973569869995, -1.0094881057739258, -1.0204871892929077, 0.0877748504281044, 0.5629144906997681, 1.466073989868164, -1.001423716545105]",yunet,Facenet,1920,1080,/home/amos/media/tv/modern_family/Modern.Family.S09.1080p.DSNP.WEB-DL.DDP5.1.H.264-CRFW/Modern.Family.S09E17.Royal.Visit.1080p.DSNP.WEB-DL.DDP5.1.H.264-CRFW.mkv,Modern Family,2009,1442437,9,17,Sarah Hyland,91351.0,0.632
591,528,0,738,264,708,84,600,84,0.922,16512,0,"[-0.2906608283519745, 0.6315292119979858, -1.7232939004898071, 1.0359976291656494, 1.005966305732727, -0.5095345377922058, 0.6579411029815674, 0.01359931007027626, -0.7216112613677979, -0.3249313533306122, 0.10993429273366928, 0.7910767793655396, 0.7130976319313049, -0.04360180348157883, -0.5701166391372681, -1.2599321603775024, -0.745813250541687, 0.3378461003303528, -0.745908796787262, 1.7110087871551514, -0.8402751684188843, 0.00999425072222948, -0.29618847370147705, -0.23892757296562195, 1.6506555080413818, 1.845434546470642, -1.2665919065475464, 0.9769015312194824, -0.12053707242012024, -0.8789011240005493, 0.5658725500106812, -0.06307417154312134, -1.632317066192627, -0.5666933059692383, -0.1724669635295868, -1.0512672662734985, 1.9253023862838745, -0.8171886205673218, 0.6373851895332336, -0.8749265670776367, -0.18798542022705078, 3.107409715652466, 0.4462868273258209, 0.04508502781391144, 0.926122784614563, -0.9571908116340637, -0.5043759346008301, 1.8512401580810547, 0.13989518582820892, 2.1403942108154297, -0.6715813279151917, 0.609052300453186, 0.04585724696516991, 0.3205876350402832, -2.0007858276367188, 1.3481274843215942, 1.7382813692092896, -1.0148084163665771, 0.8560171723365784, 1.8696624040603638, 2.0760178565979004, 1.452118158340454, 0.2379550337791443, 1.406657338142395, -0.7171359062194824, 1.044313907623291, -0.9646108150482178, 0.4933355748653412, 1.020511269569397, -0.09619523584842682, -0.07465460896492004, 1.3709884881973267, -1.3023165464401245, 0.877133846282959, 1.0898933410644531, -1.5322582721710205, 1.406002402305603, 0.27978768944740295, -0.07912807911634445, 0.45889317989349365, -1.8185137510299683, -0.3850588798522949, -0.8750194311141968, 0.015404855832457542, 0.7465131282806396, 0.19177111983299255, 0.9413952231407166, -0.7561959624290466, 0.4933759868144989, -0.09889756143093109, -1.1882884502410889, -0.32309630513191223, -0.5999723076820374, 0.22124189138412476, 0.5910947918891907, 0.0633222758769989, 0.7487418055534363, -1.4632326364517212, -0.9173293113708496, -1.2331109046936035, 1.3161242008209229, 0.7809146642684937, 0.5799360275268555, -1.977838158607483, 0.3524514138698578, 0.19057193398475647, 0.0222930870950222, -2.3375933170318604, 0.22418171167373657, 0.08424513787031174, 1.243658185005188, 0.24373923242092133, 0.40955623984336853, 0.934087872505188, 0.8050312399864197, 2.13169264793396, -1.7625532150268555, 1.3326213359832764, -0.5504927039146423, 1.8476604223251343, 0.7320839166641235, 0.17519636452198029, 0.9218857884407043, -0.034418635070323944, -1.1698049306869507, -1.3715773820877075, 1.010847806930542, -0.614459753036499]",yunet,Facenet,1920,1080,/home/amos/media/tv/modern_family/Modern.Family.S09.1080p.DSNP.WEB-DL.DDP5.1.H.264-CRFW/Modern.Family.S09E17.Royal.Visit.1080p.DSNP.WEB-DL.DDP5.1.H.264-CRFW.mkv,Modern Family,2009,1442437,9,17,,,
592,534,174,804,522,756,306,618,306,0.93,16536,0,"[-0.7250221967697144, 2.6158275604248047, -1.9626370668411255, 1.2096797227859497, -0.34226933121681213, -0.6896626949310303, -0.7372376918792725, -0.9857576489448547, 0.44802790880203247, 0.20697633922100067, 2.4327287673950195, -0.11317247152328491, 0.6002237796783447, -1.0665853023529053, 0.5174745321273804, 1.2922693490982056, 0.4228679835796356, -1.0787816047668457, -1.9486167430877686, 0.36326897144317627, -0.9001588821411133, 1.3046342134475708, -0.5298050045967102, 0.24180668592453003, 0.47689497470855713, 1.4952865839004517, 1.9402776956558228, 1.0641939640045166, 0.434373140335083, 0.29713425040245056, 0.6486586332321167, 0.42410576343536377, -0.21469086408615112, -1.202605128288269, 0.38437479734420776, 0.08774249255657196, 1.7342453002929688, -0.9559312462806702, 0.5649712085723877, 0.357607364654541, -0.799186110496521, -0.3839312791824341, -0.3564780652523041, -0.9307284355163574, 1.0465964078903198, -0.5242933034896851, 0.5411009192466736, -0.7432551383972168, 1.420541763305664, 1.289225459098816, 0.48144346475601196, -0.1695367991924286, 0.948670506477356, 1.880523681640625, -1.262557029724121, 0.1873248964548111, 2.0296642780303955, -0.4981774091720581, -0.08342591673135757, -0.7081220149993896, -1.1649963855743408, 0.5699426531791687, 0.7350568175315857, -0.08750076591968536, 1.2681454420089722, -1.0898122787475586, 0.791029691696167, -0.5055601000785828, -1.7870104312896729, -1.2826827764511108, -0.4238729774951935, 0.5227744579315186, -0.3957507908344269, 0.018254317343235016, 0.10342949628829956, -0.560354471206665, 0.5604690313339233, 0.847846508026123, 0.2903943359851837, -1.3558827638626099, -0.5090861320495605, 0.46128758788108826, 0.4571891129016876, -0.6887259483337402, -0.2168581485748291, 1.6905429363250732, -1.6852360963821411, 1.9053575992584229, 0.11452487111091614, -1.4799057245254517, 0.46749401092529297, -0.30501335859298706, 1.7927658557891846, -0.8366413712501526, 1.2699873447418213, 1.2760952711105347, -0.26115548610687256, -0.03498566150665283, 0.06574390083551407, -1.68313729763031, 0.41635990142822266, 0.6579406261444092, 0.9108444452285767, -1.4266003370285034, 0.3083896338939667, 0.9394655823707581, -0.6409206986427307, 2.523477554321289, 1.3867599964141846, 0.0006604697555303574, -0.8151818513870239, 0.15327446162700653, 0.40463384985923767, 0.45119979977607727, 0.03575766086578369, 0.6522217988967896, -0.09000106900930405, -0.3789743483066559, 0.5091737508773804, 1.2717976570129395, -0.3295069932937622, -1.6625266075134277, 2.1221272945404053, -1.4852993488311768, 1.7761447429656982, -0.17020636796951294, 1.3491432666778564, -0.21311616897583008]",yunet,Facenet,1920,1080,/home/amos/media/tv/modern_family/Modern.Family.S09.1080p.DSNP.WEB-DL.DDP5.1.H.264-CRFW/Modern.Family.S09E17.Royal.Visit.1080p.DSNP.WEB-DL.DDP5.1.H.264-CRFW.mkv,Modern Family,2009,1442437,9,17,Jimmy Tatro,1304335.0,0.861
593,1140,396,1350,684,1260,510,1170,510,0.916,16536,1,"[-0.48207756876945496, 0.29596659541130066, 1.3341975212097168, 0.9245681762695312, -0.5276659727096558, 1.117504596710205, 0.8245847821235657, -1.5304574966430664, 0.6696630716323853, 1.1250758171081543, -0.5029598474502563, -0.6180765628814697, -0.4397873282432556, 2.250270366668701, -0.8245121240615845, 0.4747401475906372, -0.1694200187921524, -2.4527530670166016, -1.265531063079834, 0.42020922899246216, 0.1320372223854065, -0.47580865025520325, 0.5499373078346252, 1.435630202293396, 0.6616666913032532, 0.2605109214782715, 2.2878003120422363, 0.13123801350593567, 2.382951498031616, 0.8216153383255005, -0.2973421514034271, 0.03198216110467911, 0.7406986951828003, 0.24535632133483887, 1.0484555959701538, 0.9109987616539001, -1.7869000434875488, -0.9808924794197083, 0.25026562809944153, 1.593435287475586, 0.20770195126533508, -1.2003672122955322, -1.5777852535247803, 1.2480641603469849, 0.037867967039346695, -0.9284980297088623, -1.5993070602416992, 0.4372662603855133, -0.6523367166519165, -1.6966475248336792, 0.7988491058349609, 1.285516381263733, -0.18776673078536987, 0.3381163477897644, -0.6055280566215515, 1.6444787979125977, 1.402880072593689, -0.14929349720478058, -0.12993842363357544, -0.08355920761823654, -1.084173560142517, 0.5051994919776917, 0.22718942165374756, -1.1093109846115112, -0.7000598311424255, 0.5485706925392151, 0.5484763979911804, 2.2592525482177734, 0.25181254744529724, -0.06246144324541092, -1.4435029029846191, 0.4546542465686798, 1.2452658414840698, -0.7550817131996155, -0.1694539487361908, 0.084360271692276, 0.9625149965286255, -1.5012749433517456, -0.7745710611343384, -0.6508145928382874, 0.5369855761528015, 0.4927345812320709, 0.8936968445777893, -0.16920554637908936, -0.5794394016265869, -0.3237294554710388, 0.04782174527645111, -0.07143782824277878, 0.8734654188156128, -0.8176696300506592, -0.2846182584762573, 0.24847382307052612, 1.377410888671875, -0.24649354815483093, 0.39030155539512634, 1.2370768785476685, 0.12424561381340027, -1.037461757659912, -0.33896270394325256, 0.7056613564491272, -0.6996326446533203, 1.5451257228851318, -2.0887441635131836, 0.6908701062202454, 0.1009783074259758, -0.8740596771240234, -0.20571032166481018, -0.37393733859062195, 1.3101271390914917, -1.008171796798706, 0.4361960291862488, 0.3864644765853882, 0.8469628095626831, -1.166222095489502, 0.03572190925478935, 1.1411324739456177, 1.1161723136901855, 1.299708604812622, 0.7632583975791931, -0.6704344153404236, 1.3449780941009521, 0.5720040798187256, 1.7049111127853394, -2.5144431591033936, 2.1088807582855225, 1.0941698551177979, 1.950347661972046, 1.298264741897583]",yunet,Facenet,1920,1080,/home/amos/media/tv/modern_family/Modern.Family.S09.1080p.DSNP.WEB-DL.DDP5.1.H.264-CRFW/Modern.Family.S09E17.Royal.Visit.1080p.DSNP.WEB-DL.DDP5.1.H.264-CRFW.mkv,Modern Family,2009,1442437,9,17,Ariel Winter,42160.0,0.655
594,480,150,732,492,648,288,528,288,0.925,16560,0,"[-1.3648862838745117, 1.8330637216567993, -2.0144708156585693, 1.176079273223877, 0.2019105851650238, -0.9406620264053345, -1.0772877931594849, -0.7550914883613586, 1.143490195274353, -0.29594138264656067, 2.2018990516662598, -0.4594859182834625, 0.8032422661781311, -0.48780375719070435, 0.46830764412879944, 1.6231168508529663, -0.16055507957935333, -0.8524961471557617, -2.6647109985351562, 0.47200465202331543, -0.4300580322742462, 1.294553518295288, -0.7342466711997986, 0.6286450028419495, 0.8397200107574463, 1.6495611667633057, 1.7790552377700806, 0.6428647637367249, 0.517783522605896, -0.32590505480766296, 0.8185700178146362, 0.4622722268104553, 0.3076552152633667, -1.0467699766159058, 0.11386867612600327, 0.5371095538139343, 1.3786137104034424, -0.7575255632400513, 0.579367458820343, 0.6303752660751343, -0.013167811557650566, -0.12597891688346863, -0.3705843985080719, -1.2535921335220337, 0.6200127005577087, -0.9167280197143555, 0.3824358284473419, -0.4412100613117218, 1.2043207883834839, 1.216874361038208, 0.4897427558898926, -0.018745526671409607, 0.7196143269538879, 1.2219337224960327, -0.5338733196258545, 0.12818236649036407, 2.9173903465270996, -0.5979171991348267, 0.7025960683822632, -0.6055023074150085, -0.7930800914764404, 0.1908210963010788, 0.09042248874902725, 0.2648296356201172, 1.2611885070800781, -1.5829437971115112, 0.7700109481811523, -0.6146349906921387, -1.876216173171997, -2.047429084777832, -1.2733434438705444, 0.40567490458488464, -0.913378894329071, -0.11938969045877457, -0.03245937079191208, -1.0205726623535156, 0.3324134647846222, 0.6244819760322571, -0.1978437304496765, -1.6882902383804321, -0.956788182258606, 0.1754705011844635, 0.7628673911094666, -0.19123487174510956, -0.33353161811828613, 1.9545315504074097, -1.2715582847595215, 2.6341936588287354, -0.04732157662510872, -1.170841932296753, 0.4888012111186981, -0.307513028383255, 1.9283210039138794, -1.0208741426467896, 1.1642069816589355, 0.9964131712913513, -0.22755058109760284, -0.6267342567443848, 0.21795427799224854, -1.400342345237732, 0.16730916500091553, 0.48456257581710815, -0.01986074447631836, -1.5936866998672485, 0.5953248143196106, 0.11439615488052368, -0.6513938307762146, 2.4662842750549316, 1.6444216966629028, 0.3390815556049347, -0.31142687797546387, -0.3360902667045593, 0.9306751489639282, 0.5613603591918945, 0.037737783044576645, 0.32570523023605347, 0.5709946155548096, -0.20001626014709473, 0.601299524307251, 1.170881748199463, -0.21337176859378815, -1.2625900506973267, 1.6564152240753174, -1.87101411819458, 1.5709786415100098, -0.3741331398487091, 1.1572602987289429, -0.22818076610565186]",yunet,Facenet,1920,1080,/home/amos/media/tv/modern_family/Modern.Family.S09.1080p.DSNP.WEB-DL.DDP5.1.H.264-CRFW/Modern.Family.S09E17.Royal.Visit.1080p.DSNP.WEB-DL.DDP5.1.H.264-CRFW.mkv,Modern Family,2009,1442437,9,17,Jimmy Tatro,1304335.0,0.859
595,1134,402,1356,696,1260,522,1164,528,0.916,16560,1,"[-0.3774875998497009, 0.14268502593040466, 1.620742917060852, 0.9689964056015015, -0.5624690651893616, 1.277293086051941, 0.7926968932151794, -1.3245068788528442, 0.7042254209518433, 1.3358651399612427, -0.446239709854126, -0.8096528053283691, -0.3825598955154419, 1.7281339168548584, -1.3856228590011597, -0.0023890770971775055, -0.4669259488582611, -2.6128392219543457, -1.3647891283035278, 0.6062276363372803, 0.5924777984619141, -0.8869439363479614, 0.9499010443687439, 1.7551385164260864, 0.18932174146175385, -0.1123056635260582, 2.4110822677612305, 0.06645072996616364, 2.3845112323760986, 1.141708254814148, -0.4005274176597595, 0.13559333980083466, 0.813965916633606, 0.0062448084354400635, 0.8103657364845276, 0.41196325421333313, -1.867065191268921, -1.100518822669983, 0.045750007033348083, 1.5265220403671265, 0.039076752960681915, -1.2544459104537964, -1.3349663019180298, 1.4347295761108398, -0.16840235888957977, -0.8095928430557251, -1.3351695537567139, 0.6100672483444214, -0.9331103563308716, -2.05222225189209, 1.1254349946975708, 0.8836151957511902, 0.039871696382761, 0.4562203288078308, -1.0774275064468384, 1.7127280235290527, 1.2144718170166016, -0.36196839809417725, -0.9280401468276978, 0.10203520208597183, -1.3613872528076172, 0.7270184755325317, -0.05539337545633316, -1.0971709489822388, -1.0334521532058716, 0.671560525894165, 0.5489887595176697, 2.5303752422332764, 0.6528670191764832, 0.07644163817167282, -1.3740894794464111, 0.5944911241531372, 1.099922776222229, -0.5961085557937622, -0.01820468157529831, 0.40258389711380005, 1.1335519552230835, -1.1364054679870605, -0.9362189173698425, -0.7405405640602112, 0.559439480304718, 0.20909060537815094, 1.030582070350647, -0.5473165512084961, -0.3597147464752197, -0.2980453073978424, 0.4787866175174713, -0.45142221450805664, 0.8499194383621216, -0.9159367084503174, -0.2609225809574127, 0.17547355592250824, 1.2864553928375244, 0.25111696124076843, 0.6797915697097778, 1.4879794120788574, 0.07618756592273712, -1.222351312637329, -0.5458436608314514, 0.2603284418582916, -0.5688515901565552, 1.4729375839233398, -1.489006757736206, 0.6316367983818054, -0.1523580402135849, -1.0470759868621826, -0.1855415254831314, -0.7735551595687866, 1.2639769315719604, -0.9794746041297913, 0.4956817626953125, 0.21774736046791077, 0.23125049471855164, -1.2008802890777588, -0.4958757758140564, 1.6793029308319092, 0.7298085689544678, 1.3188810348510742, 0.20104943215847015, -0.8220353126525879, 1.1605467796325684, 0.4118073284626007, 1.5728288888931274, -2.1759214401245117, 2.1475906372070312, 0.8034121990203857, 1.5550745725631714, 1.5712000131607056]",yunet,Facenet,1920,1080,/home/amos/media/tv/modern_family/Modern.Family.S09.1080p.DSNP.WEB-DL.DDP5.1.H.264-CRFW/Modern.Family.S09E17.Royal.Visit.1080p.DSNP.WEB-DL.DDP5.1.H.264-CRFW.mkv,Modern Family,2009,1442437,9,17,Ariel Winter,42160.0,0.675
596,912,120,1164,468,1128,252,1014,252,0.929,16584,0,"[0.3855387270450592, 0.995093584060669, 1.0965720415115356, -0.2681833803653717, -0.30834710597991943, -0.1730264574289322, -0.9982650876045227, 0.039704326540231705, 0.10417648404836655, -0.5218889713287354, -0.08694382011890411, 1.483171820640564, 0.2585430145263672, -0.7301300764083862, -1.5936574935913086, -0.1613805592060089, -0.3200764060020447, -0.24865296483039856, 0.42386987805366516, 1.2482037544250488, -0.6154415607452393, 0.7876057624816895, -0.00503033772110939, -0.477947860956192, -0.17692650854587555, 1.7640739679336548, -2.005524158477783, 1.9633479118347168, 0.4577856659889221, -2.4608864784240723, -0.16827361285686493, -0.4762195944786072, 0.036574479192495346, -1.5163747072219849, 0.14042869210243225, 0.5726260542869568, 1.4903597831726074, -0.10864851623773575, 0.4838941693305969, 0.4982374310493469, 0.055795393884181976, 1.159476637840271, -1.063750982284546, 0.43218356370925903, -0.649852991104126, 1.0282560586929321, -1.3636823892593384, 0.44255906343460083, -0.6488717794418335, -0.9871410131454468, 0.9500707983970642, -0.023736383765935898, -0.7575340867042542, -0.7513806819915771, 0.4909133315086365, 1.1845073699951172, 1.1899296045303345, 0.8856808543205261, 0.5845226645469666, -0.3107315003871918, 1.8726123571395874, -0.5590386390686035, -0.9345707297325134, 0.38049352169036865, -1.0448012351989746, 1.8328126668930054, 1.260130763053894, 0.10663529485464096, 1.2517881393432617, 0.38242027163505554, -0.5144383311271667, 0.9094501733779907, -1.0884065628051758, 0.900759756565094, 0.7240133285522461, 0.8938522934913635, -0.2742425203323364, 1.752806305885315, 0.04774888604879379, 0.46657639741897583, -0.5281881093978882, -1.0480661392211914, 0.11470717936754227, -0.5611658692359924, -1.2531845569610596, -1.9441770315170288, -0.18325939774513245, -0.6004143357276917, -0.31828293204307556, -0.5025026798248291, -0.5103306770324707, -2.81246280670166, -0.5260031223297119, -0.8576263189315796, 0.35182076692581177, -1.5970577001571655, 0.6064656972885132, -0.3044924736022949, 0.3817645311355591, -1.3972392082214355, -0.20583444833755493, 0.6527380347251892, -1.6900029182434082, -0.005742441862821579, -0.7072703838348389, 1.216618299484253, 1.1493886709213257, -1.84931218624115, 0.1748524159193039, 0.9311041831970215, 0.2603628635406494, 1.6154776811599731, 0.6180397272109985, -0.12802939116954803, 0.536535918712616, 3.097865581512451, -0.6427288055419922, -1.4176679849624634, -0.45572206377983093, -0.30118897557258606, -0.12845544517040253, 0.003314228728413582, 0.15185575187206268, -0.5953171253204346, 1.6460450887680054, -1.6817752122879028, 0.7817386388778687, 0.13518540561199188]",yunet,Facenet,1920,1080,/home/amos/media/tv/modern_family/Modern.Family.S09.1080p.DSNP.WEB-DL.DDP5.1.H.264-CRFW/Modern.Family.S09E17.Royal.Visit.1080p.DSNP.WEB-DL.DDP5.1.H.264-CRFW.mkv,Modern Family,2009,1442437,9,17,Ty Burrell,15232.0,0.724
597,936,138,1194,480,1158,258,1038,264,0.925,16608,0,"[-0.38336846232414246, 0.18631067872047424, 1.0466499328613281, 0.1283683180809021, -0.6178878545761108, -1.0623514652252197, -0.941685676574707, 0.033382441848516464, 0.17693263292312622, -0.5228847861289978, -0.002342142164707184, 1.5334755182266235, 0.6098699569702148, -1.4000301361083984, -1.2377132177352905, -0.404221773147583, -0.9091273546218872, -0.41403210163116455, -0.633313775062561, 0.8710033893585205, -0.4985537528991699, 0.4081610143184662, -0.5706087946891785, -0.19398754835128784, -0.2460179477930069, 1.5326344966888428, -1.5621960163116455, 2.1723809242248535, 1.5711729526519775, -2.0601842403411865, -0.26273319125175476, -0.032470013946294785, 0.30287861824035645, -1.5102864503860474, -0.04771896451711655, 0.025924429297447205, 0.5227376818656921, -0.8756681084632874, -0.1464305818080902, -0.12522277235984802, -0.018371136859059334, 1.4093295335769653, -1.6591200828552246, 0.9493930339813232, -0.6151474118232727, 0.20497176051139832, -0.625877857208252, 0.2067733108997345, -0.409305214881897, -1.4435547590255737, 1.3970527648925781, -0.3852570950984955, -1.2201365232467651, -0.6524128317832947, 0.7774994373321533, 0.6435761451721191, 1.0308833122253418, 0.8868759274482727, 0.5250546932220459, 0.1387852132320404, 1.505613088607788, -1.390988826751709, -0.5711950659751892, -0.592269778251648, -0.7448198795318604, 2.3552393913269043, 0.8726761341094971, 0.8536235690116882, 0.9722450971603394, -0.08861995488405228, -1.3071519136428833, 0.4826495349407196, -1.1568032503128052, 0.4347159266471863, 0.6410007476806641, 0.8585881590843201, -0.3940330445766449, 2.043788194656372, 0.2279607653617859, 0.5295253992080688, -0.7390605211257935, -1.2076143026351929, -0.4392167925834656, -0.6529546976089478, -1.9221068620681763, -1.8801932334899902, -0.8626092076301575, -0.7562318444252014, -0.1515866219997406, -0.4921579658985138, 0.47321999073028564, -2.5010766983032227, -0.8787466287612915, -1.1747609376907349, 0.07563919574022293, -0.850261926651001, 0.171204075217247, -0.479837566614151, 0.7432388663291931, -1.7367088794708252, -0.47849470376968384, 0.533381998538971, -1.2903547286987305, 0.27187293767929077, -0.1910291165113449, 1.4366178512573242, 0.8060446977615356, -2.096848964691162, 0.1738511323928833, 1.4093031883239746, 0.2017820179462433, 1.1282954216003418, 0.41774457693099976, -0.8173068761825562, 1.0302867889404297, 3.03623366355896, -0.8370243310928345, -2.143096446990967, -0.43738022446632385, -0.21496525406837463, -0.3135433793067932, -0.17675741016864777, -0.047788992524147034, -0.3187093436717987, 1.821458339691162, -1.337891697883606, 0.3847063481807709, -0.04239562153816223]",yunet,Facenet,1920,1080,/home/amos/media/tv/modern_family/Modern.Family.S09.1080p.DSNP.WEB-DL.DDP5.1.H.264-CRFW/Modern.Family.S09E17.Royal.Visit.1080p.DSNP.WEB-DL.DDP5.1.H.264-CRFW.mkv,Modern Family,2009,1442437,9,17,Ty Burrell,15232.0,0.627
598,870,168,1086,480,972,288,894,288,0.912,16632,0,"[-0.3453291952610016, 0.9768342971801758, 1.15524423122406, -0.1512957215309143, 0.1323787271976471, -0.48490288853645325, 0.3642701804637909, 0.49345237016677856, 0.9707469344139099, -1.0100860595703125, 0.29292988777160645, -0.9302682876586914, -1.3772331476211548, -1.5956976413726807, -0.7114772796630859, -0.656955361366272, -0.22830358147621155, -0.691527783870697, -0.6341766715049744, -1.660786509513855, 1.5696918964385986, 0.6674674153327942, -0.47991472482681274, -1.5870039463043213, -0.9597399234771729, 0.3216440677642822, -0.546288251876831, -0.7717968225479126, -0.4976751208305359, -1.3481149673461914, -0.062130242586135864, 0.009035654366016388, 0.6239240169525146, -2.2008252143859863, 0.5926476120948792, 1.3421061038970947, -0.8192445039749146, -0.2204558253288269, 1.3601031303405762, 0.23573093116283417, -0.6361475586891174, 0.4652895927429199, -0.41842153668403625, -1.4003076553344727, 0.166413813829422, 3.191314697265625, 1.1006969213485718, -0.9711345434188843, -2.2744901180267334, -0.5692610740661621, -0.9394981265068054, 0.006995769217610359, -0.21266502141952515, -0.011645756661891937, -0.4954051077365875, 0.8194025158882141, 1.4244749546051025, 0.34666717052459717, -0.7073493003845215, 0.049951985478401184, 0.7173942923545837, -2.7439494132995605, -1.5297484397888184, -0.941143274307251, 1.5130996704101562, -1.2535136938095093, 1.7878562211990356, -1.6080098152160645, -0.7759990096092224, -0.227648064494133, 0.2856992781162262, 1.2978777885437012, -1.6216799020767212, -0.44703608751296997, 0.7139888405799866, 0.47302407026290894, 0.31975215673446655, 1.9048415422439575, -0.3821529150009155, 0.8167703151702881, 0.3744086027145386, -0.44970765709877014, 1.6457116603851318, -1.713608741760254, -1.358694076538086, -0.6140081882476807, 0.7292318940162659, -1.4992486238479614, -0.5814852714538574, 0.506439208984375, -0.5627008080482483, 0.07828553020954132, -0.48732244968414307, -0.5196285843849182, -0.42392563819885254, -0.26329243183135986, -1.891316533088684, 1.0095540285110474, 0.49129629135131836, -0.3512650728225708, -0.6400064826011658, -1.739253282546997, -0.06609536707401276, 0.6259321570396423, 1.5047316551208496, -0.3835431933403015, -0.38913169503211975, 1.6138432025909424, 0.8501875400543213, 0.8669120073318481, 0.06984816491603851, -1.3342067003250122, 0.20651079714298248, 1.9220337867736816, -0.32867202162742615, 0.6156753301620483, 0.28645896911621094, 0.2981375455856323, 0.16463328897953033, 0.1271379142999649, -0.3693307638168335, -0.9237848520278931, -2.2684850692749023, 1.9830000400543213, 0.1263170838356018, -0.16424493491649628, -2.341933488845825, -0.20380859076976776]",yunet,Facenet,1920,1080,/home/amos/media/tv/modern_family/Modern.Family.S09.1080p.DSNP.WEB-DL.DDP5.1.H.264-CRFW/Modern.Family.S09E17.Royal.Visit.1080p.DSNP.WEB-DL.DDP5.1.H.264-CRFW.mkv,Modern Family,2009,1442437,9,17,,,
599,744,174,984,492,876,294,786,288,0.912,16656,0,"[-0.5861841440200806, 0.7713488340377808, -0.5294743776321411, 1.1105364561080933, 2.8128726482391357, -0.9991352558135986, 0.42923054099082947, 1.4890902042388916, -0.7560088634490967, -1.7505055665969849, 1.8963444232940674, -0.6988889575004578, -0.6415905952453613, -1.3921321630477905, -0.3474133014678955, -0.7884474992752075, 0.8757325410842896, -1.2760573625564575, -2.241201877593994, 0.13185273110866547, -1.2036571502685547, 0.00992121733725071, 0.4537315368652344, 0.3345392048358917, -1.2440448999404907, 1.7845596075057983, -0.48099276423454285, 0.7453069090843201, 0.3395375609397888, -1.571782112121582, 1.0023889541625977, -0.9967558979988098, -0.5671845078468323, -0.9331297874450684, -0.16465891897678375, 1.8247570991516113, -1.209426760673523, 1.0938334465026855, 0.9612807035446167, 1.3681309223175049, -1.2764568328857422, 0.9470813870429993, 0.9041430950164795, -0.22882409393787384, 0.03727314621210098, 0.4951040744781494, 1.0366182327270508, -0.09616227447986603, -0.7487938404083252, -0.47542014718055725, 0.6642129421234131, -0.12572786211967468, 0.03116215392947197, 0.20447586476802826, -0.9997924566268921, 1.9861351251602173, 1.0373165607452393, -0.8395335674285889, -0.7127724885940552, 2.1472864151000977, -0.36111652851104736, -1.4864181280136108, -0.6175100207328796, -0.0739796906709671, -0.015309453010559082, -1.126468300819397, -1.3357017040252686, 0.34714004397392273, 0.4943912625312805, 0.8156949281692505, -0.33845826983451843, 1.5998541116714478, -2.6455304622650146, 1.1443582773208618, 2.205427885055542, 1.8415237665176392, 0.07067295908927917, 1.981494426727295, -1.2117323875427246, 0.9103519916534424, -0.6732892990112305, 0.932379961013794, 0.2670574188232422, -1.8335881233215332, -0.2515221834182739, 1.1490293741226196, 1.487621545791626, -0.7203770875930786, -0.7769461870193481, -0.16751337051391602, -0.2571110725402832, -0.11937882006168365, 0.26555871963500977, -1.0079216957092285, 0.2413216382265091, -0.787024736404419, -2.0434353351593018, -0.9336254596710205, 0.8794395327568054, -0.444485604763031, -0.8702086806297302, -1.3904943466186523, -0.1835995316505432, 0.5116130709648132, 1.8137998580932617, -1.6088100671768188, 0.6105185747146606, -0.662751317024231, 0.12810301780700684, -0.610687792301178, 1.3124685287475586, -0.21451233327388763, -0.6258662939071655, 1.4368727207183838, 0.2682502865791321, 1.5699677467346191, -0.577218770980835, 1.1684091091156006, 0.46932095289230347, 0.47519367933273315, 0.6770858764648438, -0.6672866344451904, -0.9008333086967468, 0.013856474310159683, -1.8323290348052979, -0.8672586679458618, -2.106501340866089, -0.07974238693714142]",yunet,Facenet,1920,1080,/home/amos/media/tv/modern_family/Modern.Family.S09.1080p.DSNP.WEB-DL.DDP5.1.H.264-CRFW/Modern.Family.S09E17.Royal.Visit.1080p.DSNP.WEB-DL.DDP5.1.H.264-CRFW.mkv,Modern Family,2009,1442437,9,17,Julie Bowen,31171.0,0.512
600,984,198,1182,492,1068,318,1020,312,0.903,16680,0,"[0.48594680428504944, -0.21960628032684326, 0.43439191579818726, -1.0585355758666992, -0.3782544732093811, -2.119072914123535, -1.8934193849563599, 0.7745683193206787, -0.9939555525779724, -1.0353039503097534, 0.9980875849723816, -1.2438679933547974, -0.10436837375164032, -0.6917644739151001, -0.9807419776916504, -0.7252144813537598, -0.044298648834228516, -0.8919090032577515, -0.7518134713172913, -0.835464358329773, 0.6537152528762817, 0.2534017562866211, -0.10374172776937485, 0.18326237797737122, 0.04266282171010971, -0.5796172022819519, -0.04071277379989624, 0.35479429364204407, -1.1946746110916138, -2.904740810394287, 0.06801699101924896, 0.8104546070098877, 0.336941123008728, 0.11517573148012161, -2.2145726680755615, 1.234626293182373, 0.34090712666511536, -0.10503949970006943, 1.161491870880127, -1.5579581260681152, -1.2066348791122437, 0.8887293934822083, 1.3638547658920288, -1.6291452646255493, -0.2929081916809082, 1.378883957862854, 0.38095808029174805, 0.12460317462682724, -0.9848624467849731, -0.21473529934883118, -0.008706070482730865, -1.6884218454360962, -0.38570138812065125, 0.10847942531108856, -0.14346590638160706, 0.4509592354297638, 0.5133824944496155, -0.29428163170814514, -0.9279680848121643, 0.29770851135253906, -0.4542042016983032, -1.0333346128463745, -1.5783401727676392, 1.944814682006836, 0.6067625284194946, -0.7967032790184021, 0.07625093311071396, -3.149907112121582, -1.0514404773712158, 0.7567727565765381, 0.11140827089548111, 0.976406455039978, -2.0304739475250244, 0.8173519372940063, 0.5969426035881042, 0.06443725526332855, -0.8299453258514404, 1.8324859142303467, 0.528465747833252, 0.0994877815246582, 0.04983009397983551, 0.09966383874416351, 1.167816400527954, 0.28791505098342896, 1.1033574342727661, 0.39050477743148804, 1.1890071630477905, -1.0434752702713013, -1.5718172788619995, -0.8420282602310181, 1.093536615371704, -0.01623460277915001, -0.48587363958358765, 0.1052340418100357, 1.70327889919281, -0.4460203945636749, -1.3730521202087402, 0.41147762537002563, 0.6106113791465759, -1.897362470626831, -0.9473161101341248, -2.2863852977752686, 1.4641273021697998, -0.019297361373901367, 0.623242974281311, -0.5480523109436035, -0.03460255265235901, 1.3284276723861694, -1.3175240755081177, -0.29186272621154785, 0.5443004369735718, -2.3524882793426514, -0.6616947650909424, 2.5237371921539307, -0.5469421744346619, 1.1983699798583984, 0.9203124046325684, 0.5978446006774902, -1.8168319463729858, 0.8088240623474121, -0.4286652207374573, -1.1277587413787842, -1.1701488494873047, 1.913063645362854, -0.7498849630355835, -1.7007471323013306, -1.886766791343689, -0.8131310939788818]",yunet,Facenet,1920,1080,/home/amos/media/tv/modern_family/Modern.Family.S09.1080p.DSNP.WEB-DL.DDP5.1.H.264-CRFW/Modern.Family.S09E17.Royal.Visit.1080p.DSNP.WEB-DL.DDP5.1.H.264-CRFW.mkv,Modern Family,2009,1442437,9,17,Julie Bowen,31171.0,0.594
601,1020,114,1254,438,1170,234,1050,240,0.926,16704,0,"[0.26501214504241943, 1.798119068145752, -0.6481565237045288, -0.527759850025177, -0.8550300598144531, -0.35042205452919006, -2.283383846282959, 0.16110149025917053, 0.14043429493904114, -0.6670501828193665, 0.3839402496814728, 0.8933485150337219, -0.31295090913772583, -0.42090940475463867, -0.4158811867237091, -1.2488763332366943, -1.0945404767990112, -1.3854141235351562, -1.265566349029541, 1.0074803829193115, 0.7959206104278564, 1.3283904790878296, 0.6490983963012695, 0.03402023762464523, -0.2517988085746765, -0.7596868276596069, -1.0463628768920898, -0.22609397768974304, 1.5037624835968018, -3.0796072483062744, -0.23356962203979492, -0.4614429473876953, 0.6567676663398743, -0.48856866359710693, -0.3788507580757141, 1.0200997591018677, 0.15457922220230103, -0.4055239260196686, 1.2222115993499756, -1.6140893697738647, -1.2534494400024414, 1.5965701341629028, -0.20942071080207825, -1.5783662796020508, -2.2104954719543457, 0.5451098084449768, -0.9967688918113708, -0.9216097593307495, -1.2383365631103516, 0.13672557473182678, 1.7924751043319702, -2.4854462146759033, 0.8561946749687195, 0.12341834604740143, -0.5029081106185913, 0.13540992140769958, -0.44706469774246216, -0.8841423392295837, -1.7287847995758057, -0.935611367225647, -0.6162354946136475, -1.6599502563476562, -1.736961841583252, -0.7991676926612854, -0.0580705925822258, -0.46434807777404785, 0.4443572461605072, -1.0366724729537964, 0.2528313100337982, 0.1434268057346344, -0.12196587026119232, 2.03560471534729, -2.7022976875305176, 0.46015655994415283, 0.3692679703235626, 0.7494385242462158, 1.2069631814956665, 1.2217483520507812, 0.6974931955337524, -0.10485530644655228, -0.1315944492816925, 0.4726472795009613, 1.0790627002716064, 0.48792359232902527, 0.10157673060894012, -0.00555574893951416, 1.733826756477356, -0.6974061727523804, -1.0566667318344116, -0.594506561756134, 0.4984705448150635, -1.1899750232696533, -0.6158708930015564, 0.7016074657440186, 0.34983378648757935, -0.8841284513473511, -0.5851309895515442, 0.3636959493160248, 1.900649070739746, -2.0046331882476807, -1.0251972675323486, -1.13295578956604, 0.6144096255302429, 1.6858490705490112, 0.44521576166152954, -0.3575064539909363, 0.7620367407798767, 0.04905971139669418, -0.4991360902786255, 0.33017316460609436, 2.1460695266723633, -1.4191149473190308, -0.9199949502944946, 1.366393804550171, 0.2852287292480469, 2.124983310699463, 0.3742019534111023, 0.5290672183036804, -0.614061713218689, 0.49950143694877625, -0.725779116153717, -0.7845238447189331, -0.6952736377716064, 1.3187378644943237, -0.08285695314407349, -0.6749455332756042, -2.246279239654541, 0.596664547920227]",yunet,Facenet,1920,1080,/home/amos/media/tv/modern_family/Modern.Family.S09.1080p.DSNP.WEB-DL.DDP5.1.H.264-CRFW/Modern.Family.S09E17.Royal.Visit.1080p.DSNP.WEB-DL.DDP5.1.H.264-CRFW.mkv,Modern Family,2009,1442437,9,17,Julie Bowen,31171.0,0.551
602,1062,144,1290,468,1212,270,1098,270,0.926,16728,0,"[-0.946429967880249, 1.3228105306625366, 0.2896888256072998, -0.5483458042144775, 0.36853837966918945, -1.3568260669708252, -1.4375743865966797, -0.697638988494873, -0.3026566505432129, -0.8651937246322632, 1.768773078918457, 0.8983720541000366, -0.1887499988079071, -0.7300775051116943, -0.5073027610778809, -1.289849877357483, -0.16856929659843445, -1.0164430141448975, -1.8120523691177368, 0.01094467006623745, 1.1835368871688843, -0.7692375183105469, 0.12963595986366272, -1.2127622365951538, -0.8616914749145508, -0.2764495313167572, -1.8211205005645752, 1.0577971935272217, 0.5868963003158569, -2.928281545639038, 0.19184695184230804, -1.197906494140625, 0.4076189398765564, -0.9589124321937561, -0.5604144334793091, 1.3538824319839478, -1.0232303142547607, 0.042157188057899475, 1.320232629776001, -1.9473376274108887, -1.1746798753738403, 1.3120572566986084, 0.3080281615257263, -2.020686388015747, -1.703312635421753, 0.8298827409744263, -0.7667365670204163, -0.5461442470550537, -0.991074800491333, 0.028088513761758804, 0.5932124853134155, -1.1652567386627197, 0.33030879497528076, -0.9365960359573364, 0.08478757739067078, 1.0249844789505005, 0.21541155874729156, -1.149914264678955, 0.5184323787689209, 0.5222514271736145, 0.03754446655511856, -1.024198055267334, -0.5970214605331421, 0.5076603889465332, 0.23577356338500977, -0.07619057595729828, -0.3964381217956543, -1.2183884382247925, 1.1971200704574585, 1.4531053304672241, -0.6872743964195251, 1.0501494407653809, -2.720881462097168, -0.14124338328838348, 0.8908567428588867, 1.4966003894805908, 0.9485698938369751, 0.5649575591087341, 0.3180195093154907, -0.2658112347126007, 0.43886351585388184, 0.46850907802581787, 0.2560345530509949, -0.40533459186553955, 0.5847995281219482, 0.32947811484336853, 0.5640497803688049, 0.0028635263442993164, -1.9519050121307373, 0.38686439394950867, 0.7525060176849365, -0.5478814840316772, 0.86411052942276, 0.5760952234268188, 0.3149915337562561, -0.8163648843765259, -0.9149014949798584, 1.1812540292739868, 1.1197545528411865, -1.3699811697006226, -1.0751339197158813, -2.1084365844726562, 1.4815702438354492, 1.5238499641418457, 1.4825124740600586, 0.07060402631759644, 1.144729733467102, 0.6468797922134399, -1.4186652898788452, 0.4286442697048187, 2.3271901607513428, -0.420291543006897, -1.8905303478240967, 2.378330707550049, 0.7152301669120789, 1.5300287008285522, 0.5052707195281982, 1.0365147590637207, -0.2815522253513336, 1.2171941995620728, 0.20775477588176727, -0.4973503053188324, -0.5325320959091187, 0.9208749532699585, -0.6678873300552368, -1.5250152349472046, -1.4871658086776733, 0.47373518347740173]",yunet,Facenet,1920,1080,/home/amos/media/tv/modern_family/Modern.Family.S09.1080p.DSNP.WEB-DL.DDP5.1.H.264-CRFW/Modern.Family.S09E17.Royal.Visit.1080p.DSNP.WEB-DL.DDP5.1.H.264-CRFW.mkv,Modern Family,2009,1442437,9,17,Julie Bowen,31171.0,0.654
603,522,204,726,498,660,312,564,306,0.93,16752,0,"[-1.023704171180725, -1.610461950302124, 0.5086950063705444, 2.7357771396636963, 1.0843420028686523, 0.3590753972530365, 0.3587247431278229, -1.6336227655410767, -0.33910152316093445, 2.660877227783203, -1.7927556037902832, 0.9046366214752197, 0.5675279498100281, -1.1049466133117676, -0.3141156733036041, 0.10120503604412079, 0.06945822387933731, -0.3702924847602844, -0.821144700050354, 0.4513380825519562, 0.41727980971336365, -0.5170364379882812, 1.7226053476333618, -0.4997730553150177, -0.02525569126009941, 0.4300200343132019, 1.8947566747665405, -0.04585512727499008, 1.6947213411331177, 1.2072455883026123, -0.6761558055877686, -1.4998339414596558, -1.1308672428131104, -1.4599210023880005, 1.7105908393859863, -1.2442859411239624, -1.271440863609314, 0.610301673412323, -1.1143553256988525, -0.4923182427883148, -0.3511289358139038, -0.6092295050621033, -0.8360129594802856, 2.1385273933410645, 1.6095918416976929, 0.0072449445724487305, 0.34328991174697876, 1.022654414176941, 0.3563627600669861, 0.15937122702598572, -1.217807650566101, 1.9288246631622314, 0.21784818172454834, -0.17360006272792816, -0.2246549427509308, 0.5648301243782043, 0.8328394889831543, 0.7031950354576111, -0.019754864275455475, 0.29257726669311523, 0.1450207531452179, -0.07739020884037018, 0.1505783200263977, -0.7695607542991638, -2.012906074523926, 2.270918369293213, -0.08094357699155807, 0.3494390845298767, 0.6003314852714539, -0.1453285813331604, -0.3986586630344391, -1.034219741821289, -0.15176093578338623, 0.6390665173530579, 1.2955611944198608, -0.781633734703064, -0.014008156955242157, -0.15021255612373352, -0.6244284510612488, -0.23166760802268982, -0.8549718856811523, -0.5773541927337646, 0.9275305867195129, 1.1135189533233643, -0.1802082061767578, -0.09129662811756134, 0.2640612721443176, -0.9467717409133911, 0.114469975233078, -1.111667513847351, -1.8101921081542969, -0.06912774592638016, 1.1943210363388062, 0.6122347116470337, 1.064779281616211, 0.5457615256309509, 0.5146195292472839, -0.45420002937316895, -0.7162702083587646, -0.39122501015663147, -0.08700475096702576, 0.9311485886573792, -0.77711421251297, 1.2148274183273315, 1.0371216535568237, 0.29052120447158813, 0.3398483693599701, -0.1785491406917572, 0.974396824836731, -0.36080625653266907, 0.8035860061645508, 1.133471965789795, 0.16496583819389343, 0.1309768557548523, -0.5638119578361511, 1.3537497520446777, -1.2434521913528442, 0.8268575072288513, -1.6182546615600586, -1.35859215259552, 2.610629081726074, -0.9203758239746094, -0.8437809348106384, -1.253848671913147, -0.560684859752655, 0.6313550472259521, 0.9754608869552612, -0.09175509214401245]",yunet,Facenet,1920,1080,/home/amos/media/tv/modern_family/Modern.Family.S09.1080p.DSNP.WEB-DL.DDP5.1.H.264-CRFW/Modern.Family.S09E17.Royal.Visit.1080p.DSNP.WEB-DL.DDP5.1.H.264-CRFW.mkv,Modern Family,2009,1442437,9,17,Sarah Hyland,91351.0,0.777
604,1038,156,1284,504,1128,312,1074,306,0.909,16752,1,"[-1.2508031129837036, -1.2834562063217163, -1.0626474618911743, -0.9810735583305359, 1.5377583503723145, 0.8399068713188171, 0.1226487010717392, 1.4782644510269165, 0.8529197573661804, -0.31079286336898804, 1.3919966220855713, -1.428907036781311, -1.2097647190093994, -0.009408071637153625, 0.4512588381767273, -1.0248781442642212, 0.7552003860473633, -1.5142062902450562, -0.8775124549865723, -1.0310190916061401, 1.5854253768920898, -2.8198492527008057, 1.9741721153259277, -1.242066502571106, 0.4853760898113251, -0.1509297788143158, 1.335273027420044, -1.1098403930664062, -0.1881287544965744, -0.6415751576423645, -1.1187925338745117, 0.8365540504455566, 0.081810861825943, 0.4237445592880249, 0.7739161252975464, 0.9557859897613525, -1.155975580215454, 0.8798863887786865, 0.9044658541679382, -0.7000051736831665, 0.050809748470783234, 0.236672043800354, -2.7632269859313965, -0.9356909394264221, -0.8003398180007935, -1.1732330322265625, -0.029447447508573532, 1.24764084815979, -0.2535569965839386, -0.10240398347377777, -1.3736741542816162, 2.03123140335083, -0.771957516670227, 0.5650352239608765, 1.0937762260437012, 0.08821026235818863, 1.2491230964660645, 1.1822808980941772, -0.399421751499176, -0.9874483346939087, -0.3446909189224243, -2.1790823936462402, 0.8840610384941101, 1.0792690515518188, 0.8379093408584595, -0.8892068862915039, -1.6389551162719727, 1.2847381830215454, 0.2395547330379486, -1.0286835432052612, -1.777061104774475, 0.29497358202934265, -2.9352028369903564, 0.538969874382019, 0.4939338266849518, -0.15098154544830322, -0.6364638805389404, -0.12446892261505127, -1.871989130973816, -0.47016578912734985, -2.0039355754852295, 0.5855189561843872, 0.4829919636249542, -1.0637134313583374, 0.12005027383565903, 1.213442325592041, 0.707983672618866, -0.8622307777404785, -2.4847660064697266, -0.3298189043998718, -0.452565461397171, -0.49477022886276245, 0.7654195427894592, 0.11743760854005814, 0.21159781515598297, 1.5023682117462158, -1.579701542854309, -0.5506353378295898, -0.7199006676673889, 0.6377206444740295, -2.1304116249084473, 0.5011855363845825, -0.688694179058075, 0.9923641085624695, 0.2162928283214569, 0.21679632365703583, -0.4549078345298767, -0.3295731544494629, 1.2099641561508179, -0.4111350178718567, -0.4699481129646301, -1.3174723386764526, 0.2110069990158081, -0.5043770670890808, -0.15162715315818787, 1.576443076133728, 0.3834715187549591, -0.6257296204566956, 0.17507138848304749, 0.09233507513999939, -0.4187886714935303, 1.549640417098999, 0.09682108461856842, -1.5919184684753418, -1.5807907581329346, 0.5211054086685181, -0.7327031493186951, 0.6760656237602234]",yunet,Facenet,1920,1080,/home/amos/media/tv/modern_family/Modern.Family.S09.1080p.DSNP.WEB-DL.DDP5.1.H.264-CRFW/Modern.Family.S09E17.Royal.Visit.1080p.DSNP.WEB-DL.DDP5.1.H.264-CRFW.mkv,Modern Family,2009,1442437,9,17,Chris Geere,62879.0,0.614
605,870,114,1140,480,1086,264,966,264,0.927,16776,0,"[0.3006286025047302, -0.016918078064918518, 0.27684420347213745, 0.17791950702667236, -0.2874898314476013, -0.49234288930892944, -1.344170093536377, 0.6038718223571777, 0.170263409614563, -0.4369298219680786, -0.7294836044311523, 1.206040620803833, 1.0118169784545898, -0.3309727907180786, -0.4729088842868805, 0.41575759649276733, -0.7306909561157227, 0.3394261598587036, 0.9072991013526917, 0.5955731868743896, -1.0797346830368042, 1.5748612880706787, -0.27972298860549927, 0.8693088293075562, 0.22280380129814148, 1.84531569480896, -2.404529571533203, 2.3957715034484863, 1.4088789224624634, -1.8125783205032349, 0.04340615123510361, -0.6799794435501099, 0.2254856824874878, -0.7276757955551147, 0.8002941608428955, 0.8732057213783264, 1.357562780380249, -0.6988043189048767, 0.2686009705066681, 0.5557887554168701, 1.054240345954895, 1.5525977611541748, -0.26402565836906433, -0.35322105884552, -0.39180248975753784, 1.3819105625152588, -0.12505391240119934, -0.19225357472896576, -1.0551564693450928, -0.9719148874282837, 0.7291227579116821, -0.3798147737979889, -1.81180739402771, -0.0812934935092926, -0.19919712841510773, 1.633527398109436, 1.0319783687591553, 0.8618187308311462, 0.8717437982559204, 0.2539411783218384, 2.768235445022583, -0.6417498588562012, -0.5760396718978882, 0.3742707073688507, -0.2538551092147827, 1.6197878122329712, 1.396647572517395, 0.9089228510856628, 0.9162952899932861, 0.08157643675804138, 0.46394258737564087, 1.3760747909545898, -0.36299699544906616, 1.653338074684143, 0.6827720403671265, 0.33295828104019165, 0.7556291818618774, 1.7686063051223755, 0.1041577085852623, 1.132415533065796, -1.4941622018814087, -1.0227036476135254, 0.6946265697479248, -0.30957868695259094, -1.5075199604034424, -2.8946280479431152, 0.6833789348602295, -0.3878205418586731, 0.12583844363689423, -0.6604285836219788, -0.31660196185112, -2.0859546661376953, -1.0143524408340454, -0.8415750861167908, 0.019481923431158066, -2.1895954608917236, 0.6866340637207031, 0.2858942151069641, 0.3798762261867523, -0.7485684156417847, -0.32665783166885376, 1.0935262441635132, -1.5153136253356934, 0.42450109124183655, -0.20052726566791534, 1.469761848449707, 0.8794378638267517, -2.1146888732910156, 0.32774075865745544, 0.9611983895301819, 0.6716016530990601, 1.120959758758545, 0.8886107206344604, -0.5700128078460693, 1.284841537475586, 1.9664671421051025, 0.6488744020462036, -0.8027535080909729, 0.1276383101940155, -0.6874879002571106, -0.14040392637252808, 1.250528335571289, 0.681058406829834, -0.027224477380514145, 1.5896692276000977, -1.2647440433502197, 0.12690520286560059, -0.044447869062423706]",yunet,Facenet,1920,1080,/home/amos/media/tv/modern_family/Modern.Family.S09.1080p.DSNP.WEB-DL.DDP5.1.H.264-CRFW/Modern.Family.S09E17.Royal.Visit.1080p.DSNP.WEB-DL.DDP5.1.H.264-CRFW.mkv,Modern Family,2009,1442437,9,17,Ty Burrell,15232.0,0.681
606,864,90,1146,480,1104,240,966,240,0.932,16800,0,"[0.8739560842514038, 0.4880015552043915, 0.5437158346176147, -0.30185484886169434, -0.21369381248950958, -0.4836253523826599, -1.2497122287750244, 0.061591990292072296, 0.14377647638320923, -1.2906497716903687, -1.1931976079940796, 1.6221078634262085, 1.4992311000823975, -0.6196449995040894, -0.5652692317962646, 0.5621442794799805, -0.44581708312034607, -0.5109238624572754, 0.6377254724502563, 1.2478655576705933, -0.6363255977630615, 1.3622848987579346, -0.31688255071640015, -0.21474459767341614, -0.36488333344459534, 1.7122068405151367, -2.2460575103759766, 2.560436725616455, 0.5327399969100952, -1.8029674291610718, -0.8650758266448975, -0.47303223609924316, -0.6582316160202026, -0.8019789457321167, 0.32398486137390137, 1.0703086853027344, 1.2572487592697144, -0.96073979139328, 0.6989908218383789, 0.7065948247909546, 0.46031397581100464, 1.8770140409469604, -0.791558027267456, -0.3899845778942108, -0.6128597259521484, 1.2869696617126465, -1.087470531463623, 0.7151575088500977, -1.376223087310791, -0.6219875812530518, 0.7874571681022644, -0.2368350774049759, -1.6326487064361572, 0.1498768925666809, 0.43125203251838684, 0.6305545568466187, 1.1732860803604126, 1.0869792699813843, 0.4601503014564514, -0.1993522346019745, 1.615480899810791, -1.111956000328064, -0.3138826787471771, 0.8113101124763489, -0.8001465797424316, 1.5111943483352661, 1.3593944311141968, -0.3438512980937958, 0.7302625179290771, -0.07232002168893814, 0.3740878403186798, 1.603679895401001, -0.7248542308807373, 1.4899040460586548, 0.5204434394836426, 0.5297670364379883, -0.27596694231033325, 1.9129973649978638, 0.46888989210128784, 0.33913564682006836, -1.2548013925552368, -0.8545421361923218, 0.48157432675361633, -0.1935911476612091, -1.3749701976776123, -3.027127265930176, 0.7544754147529602, -0.9528645277023315, -0.48865562677383423, -0.8842176198959351, 0.08219173550605774, -2.473691701889038, -0.8284435868263245, -1.1232070922851562, 0.010158609598875046, -1.3586798906326294, 0.9331344366073608, -0.31372931599617004, -0.03906718268990517, -1.083174467086792, 0.17608320713043213, 0.8859214782714844, -2.021817207336426, 0.5677739977836609, -0.8612863421440125, 1.0957695245742798, 0.6377353668212891, -2.4055371284484863, 0.3633470833301544, 1.1429814100265503, 0.8171430826187134, 0.7613227963447571, 1.3147813081741333, -0.21247243881225586, 1.3466047048568726, 2.358938694000244, -0.05999487638473511, -0.6201385259628296, -0.21619728207588196, -0.9748231768608093, -0.13816489279270172, 0.8223544359207153, 0.9603660702705383, -1.0524399280548096, 1.2136889696121216, -1.338032603263855, 0.37127718329429626, -0.6121646761894226]",yunet,Facenet,1920,1080,/home/amos/media/tv/modern_family/Modern.Family.S09.1080p.DSNP.WEB-DL.DDP5.1.H.264-CRFW/Modern.Family.S09E17.Royal.Visit.1080p.DSNP.WEB-DL.DDP5.1.H.264-CRFW.mkv,Modern Family,2009,1442437,9,17,Ty Burrell,15232.0,0.733
607,954,216,1188,510,1110,318,996,318,0.922,16824,0,"[0.20794378221035004, 1.2427986860275269, -0.7744444608688354, -0.5888534784317017, 1.4653128385543823, -1.1230525970458984, 0.13043658435344696, -0.7553796768188477, -1.4960261583328247, -0.8917385339736938, 1.3227708339691162, 0.6940130591392517, 0.8351883888244629, -2.222820997238159, 0.4921647012233734, 0.749096155166626, -0.1876756250858307, -1.1312190294265747, -0.7525776624679565, -0.14201532304286957, 0.5866883993148804, 0.514695942401886, 0.4356188178062439, -0.36573922634124756, -0.512444794178009, 0.5623752474784851, -0.7480010986328125, 0.8869444727897644, -0.543193519115448, -1.0683553218841553, 0.20936575531959534, -0.7573835849761963, -0.6499386429786682, 0.48325490951538086, -0.6458592414855957, 0.4948577284812927, 0.23323282599449158, 0.38121336698532104, 1.5027034282684326, -0.9679698944091797, -0.6695518493652344, 1.6734246015548706, 1.077667474746704, -1.8683390617370605, -1.1982403993606567, 0.4987339973449707, 1.09834885597229, -1.8192064762115479, -0.06704439222812653, 0.41000989079475403, -0.7551812529563904, -2.1278533935546875, 0.6592131853103638, -0.09912095218896866, -0.4080009162425995, -0.22222784161567688, 0.7207579016685486, -1.165988564491272, -0.09694048762321472, 1.3057268857955933, -0.4837552607059479, -1.3282790184020996, -0.46121227741241455, -0.7477220296859741, -0.16567736864089966, -0.8407987952232361, 0.2511807382106781, -1.5673375129699707, 0.3992694020271301, 1.9183045625686646, 1.0170618295669556, 2.0395960807800293, -2.4396839141845703, 1.4028040170669556, 0.9184950590133667, 1.4893277883529663, 0.1681363880634308, 1.7927204370498657, 1.4295586347579956, 0.12046034634113312, -0.32727178931236267, 0.8733735084533691, 0.5203701257705688, -0.7077121138572693, 0.8065340518951416, 1.8295011520385742, 1.814694881439209, -0.198606938123703, -1.205134391784668, 1.4763824939727783, 0.9999918937683105, -0.1638948619365692, 0.3700764775276184, -0.057771556079387665, 0.8583282828330994, -0.677661120891571, -1.4080817699432373, 0.8928295373916626, 0.8458967804908752, -1.023210883140564, -0.11521647870540619, -3.357534408569336, 0.7902234792709351, 0.5769800543785095, 1.7901833057403564, -0.6435424089431763, -0.23654140532016754, 1.1119619607925415, -1.855790376663208, 0.6757245659828186, 1.4457234144210815, -0.808728039264679, -0.7577439546585083, 2.0275192260742188, 0.7008898258209229, -0.11180435121059418, -0.8858029842376709, 0.6726073026657104, 0.6916512250900269, 0.7445918321609497, 1.2319456338882446, -1.0194133520126343, -1.3096041679382324, 1.526023507118225, -1.265869140625, -1.3975681066513062, -1.752524733543396, -1.0487213134765625]",yunet,Facenet,1920,1080,/home/amos/media/tv/modern_family/Modern.Family.S09.1080p.DSNP.WEB-DL.DDP5.1.H.264-CRFW/Modern.Family.S09E17.Royal.Visit.1080p.DSNP.WEB-DL.DDP5.1.H.264-CRFW.mkv,Modern Family,2009,1442437,9,17,Julie Bowen,31171.0,0.581
608,1200,204,1410,480,1344,318,1254,318,0.917,16848,0,"[-0.4037284851074219, -1.409245491027832, -0.6115629076957703, -0.28373849391937256, 0.5793018937110901, -0.27426135540008545, 1.3949024677276611, -0.3096836507320404, 1.4259588718414307, -1.2499293088912964, 2.1962177753448486, -0.16252543032169342, -0.7805893421173096, -0.2984248697757721, -0.1796233355998993, -0.5065426826477051, 0.03326031565666199, 0.49367034435272217, -1.2921671867370605, -0.4582017958164215, 0.05789569020271301, -1.3852461576461792, -0.3158758282661438, -1.5982704162597656, 0.127423956990242, 0.9164090156555176, 0.46835580468177795, -1.5297598838806152, 0.5177780389785767, -0.9267353415489197, 0.48796072602272034, 1.394415259361267, -0.7576984763145447, 1.6672438383102417, 0.2821367383003235, 0.19707807898521423, -0.754263162612915, -0.5801511406898499, 1.659787654876709, -1.3505266904830933, 0.6895196437835693, 1.6898289918899536, -1.381550908088684, -1.7606797218322754, 0.08377666026353836, -2.495823621749878, -0.10798478126525879, 0.6480715274810791, 1.6465580463409424, 0.7348332405090332, -0.22083209455013275, 0.1285642385482788, -0.8998646140098572, 0.21456266939640045, 1.5397615432739258, -0.7767396569252014, 1.589309573173523, 1.6520473957061768, -1.111160397529602, 0.5242965817451477, -0.318915992975235, -2.3738601207733154, 1.3705089092254639, 1.4159250259399414, 2.1101081371307373, 0.9265127778053284, -0.3717953860759735, 1.3608278036117554, 0.4905588626861572, -0.5225121974945068, -0.8177729249000549, 0.7960971593856812, -2.6256682872772217, 1.2071750164031982, 0.1891241818666458, -1.622032642364502, -1.6597856283187866, -0.971542239189148, -0.4675156772136688, -0.12176679819822311, -1.8376893997192383, 0.12172316014766693, 1.2035682201385498, -1.7530473470687866, -1.4200705289840698, 0.6896182298660278, -0.8921923041343689, 0.38541102409362793, -1.5298696756362915, -0.28294992446899414, -0.7175003886222839, 0.63870769739151, -0.2851521074771881, 0.2948143780231476, 0.6210311651229858, 0.640038251876831, -2.7554924488067627, 0.7955667972564697, 0.4016004800796509, -0.06248193979263306, -0.47548794746398926, -0.21093794703483582, -1.5070966482162476, 0.5524551272392273, 0.8232432007789612, 2.090268850326538, -0.4279562532901764, -1.3062034845352173, -1.7139619588851929, -1.9387439489364624, 0.27727001905441284, 0.9018102884292603, 0.8198065757751465, -1.6232800483703613, 1.3626090288162231, 1.6057460308074951, 0.3160763084888458, -1.014205813407898, 0.8618136048316956, 1.5296841859817505, -1.418039321899414, 0.5032947063446045, 2.0784225463867188, -1.3386205434799194, -1.8851181268692017, 0.7021132707595825, -0.9296041131019592, -0.1614633947610855]",yunet,Facenet,1920,1080,/home/amos/media/tv/modern_family/Modern.Family.S09.1080p.DSNP.WEB-DL.DDP5.1.H.264-CRFW/Modern.Family.S09E17.Royal.Visit.1080p.DSNP.WEB-DL.DDP5.1.H.264-CRFW.mkv,Modern Family,2009,1442437,9,17,Chris Geere,62879.0,0.573
609,1230,198,1440,468,1368,312,1278,312,0.92,16872,0,"[-0.46265682578086853, -1.4999361038208008, -0.7950306534767151, -0.4832955300807953, 0.6881920695304871, 0.059045933187007904, 1.7210725545883179, 0.17445699870586395, 1.0296810865402222, -0.8000394701957703, 2.101881742477417, -0.9258401989936829, -1.7927783727645874, 0.3707893490791321, -0.8444979190826416, -0.21306674182415009, -0.2697135806083679, 0.34170788526535034, -1.0198599100112915, -0.5265414714813232, -0.18983744084835052, -1.3050878047943115, 0.017110295593738556, -1.6711668968200684, 0.04149024188518524, 1.212157130241394, 0.1860370635986328, -1.8099555969238281, -0.17754431068897247, -0.4260660409927368, 0.22109605371952057, 1.270094394683838, -0.9248096942901611, 2.0793864727020264, 0.47004786133766174, 0.7972990274429321, -0.9535112380981445, -0.11149334162473679, 1.4295704364776611, -1.5259915590286255, 0.46697989106178284, 0.9176914095878601, -1.032698154449463, -1.3142802715301514, 0.47000834345817566, -3.0426626205444336, -0.5906490683555603, 1.4424670934677124, 1.7058203220367432, 0.4598158299922943, 0.10879363864660263, 0.29914963245391846, -0.5783588290214539, -0.3043903112411499, 0.545163631439209, -0.37737032771110535, 1.5378646850585938, 1.662924885749817, -0.8307638168334961, 0.8462192416191101, -1.1279022693634033, -1.3846683502197266, 0.4810236096382141, 2.172785758972168, 2.6169931888580322, 0.5572746396064758, -0.3517715632915497, 1.1670969724655151, 1.0731468200683594, 0.4718751013278961, 0.08867217600345612, 0.4236921966075897, -2.676345109939575, 1.62017023563385, 0.1935105174779892, -1.695934534072876, -1.367164969444275, -1.227905035018921, -0.835827648639679, -0.0311778262257576, -1.2154184579849243, 0.2707422375679016, 1.444575548171997, -1.793583631515503, -1.038733720779419, 0.2599998414516449, -0.7177255749702454, 0.37464267015457153, -1.7171244621276855, -0.2741205096244812, -0.9295158982276917, 0.4116942584514618, -0.610602855682373, 0.6151329874992371, 0.18000349402427673, 0.5520431995391846, -2.563401460647583, 0.6684961915016174, 0.3288143575191498, 0.7687076926231384, -0.8831176161766052, -1.2590550184249878, -1.8801562786102295, 0.8035035729408264, -0.008750960230827332, 1.6389408111572266, 0.4927859306335449, -1.6710803508758545, -1.6200050115585327, -1.8610432147979736, 0.5160252451896667, 0.7743198275566101, 0.7495115995407104, -0.5240933299064636, 1.7272584438323975, 0.9894874095916748, 1.5191950798034668, -0.7779206037521362, 0.4746655523777008, 1.645789623260498, 0.17240232229232788, 0.3621293306350708, 1.401173710823059, -1.026183009147644, -2.5809340476989746, 0.4148809015750885, -0.4796780049800873, -0.09731912612915039]",yunet,Facenet,1920,1080,/home/amos/media/tv/modern_family/Modern.Family.S09.1080p.DSNP.WEB-DL.DDP5.1.H.264-CRFW/Modern.Family.S09E17.Royal.Visit.1080p.DSNP.WEB-DL.DDP5.1.H.264-CRFW.mkv,Modern Family,2009,1442437,9,17,Chris Geere,62879.0,0.551
610,1218,186,1434,480,1344,312,1254,312,0.927,16896,0,"[-0.3307763636112213, -0.9963834285736084, -1.3577483892440796, -0.03706851974129677, 1.2542963027954102, 0.1205064132809639, 1.0145480632781982, 1.6604609489440918, 0.9430819153785706, 0.44425296783447266, 2.574143171310425, -1.0609099864959717, -1.5418299436569214, 1.233856201171875, -0.5149250030517578, -0.28877466917037964, -0.3505130410194397, -0.7077093124389648, -0.8609069585800171, -0.4342406690120697, -0.30789804458618164, -1.4571466445922852, 0.856452465057373, -0.6161311268806458, 1.050468921661377, 0.2172957956790924, 0.6759430170059204, -0.6523897647857666, -0.15137197077274323, -0.8905128836631775, -0.006943143904209137, 1.201904296875, -0.6895912885665894, 1.5501680374145508, -0.09800799936056137, -0.1271963119506836, -0.7025476098060608, -0.4880179166793823, 1.813995122909546, -0.7980475425720215, -0.4813917279243469, 0.020131677389144897, -0.1205010712146759, -1.5728036165237427, -0.06056608259677887, -2.058513879776001, -0.7011918425559998, 1.1661434173583984, 1.047454833984375, 0.8959225416183472, -0.8652904629707336, 1.9422117471694946, -0.9229608774185181, 0.6414778232574463, -0.08040328323841095, -0.5332980751991272, 1.3808972835540771, 1.967191457748413, 0.12200730293989182, 0.23646140098571777, -0.8072096109390259, -1.419097661972046, 1.99460768699646, 1.8652180433273315, 2.720839262008667, -0.5036129951477051, -1.405852198600769, 1.9603521823883057, -0.2869439423084259, -0.46079307794570923, -1.3172656297683716, -0.25697773694992065, -2.0762720108032227, 2.02451229095459, -0.48628687858581543, -1.4698981046676636, 0.27841901779174805, -0.7832913398742676, -0.9560951590538025, 0.3505750894546509, -0.8583412766456604, 0.6549856662750244, 1.141636610031128, -1.4766545295715332, -1.4371784925460815, 0.15546409785747528, -1.3207062482833862, -0.13172081112861633, -2.434743642807007, -0.6284661293029785, -0.10713902860879898, -0.29904016852378845, -0.11584058403968811, -0.19154641032218933, 0.460519403219223, 0.23648445308208466, -2.7744452953338623, 0.558834433555603, -0.8644238114356995, 0.24231810867786407, -2.3714706897735596, -1.000726580619812, -0.7400304675102234, 1.0628615617752075, -0.9939186573028564, 1.359002947807312, 0.15184737741947174, -1.3881703615188599, -1.1059266328811646, -1.3202018737792969, 1.027462124824524, -0.08321785926818848, 1.4432631731033325, -0.40770193934440613, 2.364431142807007, 0.4667206108570099, 1.7793952226638794, -0.7256014943122864, 1.2233601808547974, 1.9321918487548828, -0.8684011697769165, 0.6871697902679443, 1.1982671022415161, -0.5607870817184448, -2.0142266750335693, 0.502000093460083, 0.38641875982284546, 0.8506920337677002]",yunet,Facenet,1920,1080,/home/amos/media/tv/modern_family/Modern.Family.S09.1080p.DSNP.WEB-DL.DDP5.1.H.264-CRFW/Modern.Family.S09E17.Royal.Visit.1080p.DSNP.WEB-DL.DDP5.1.H.264-CRFW.mkv,Modern Family,2009,1442437,9,17,Chris Geere,62879.0,0.516
611,540,312,792,630,744,432,630,426,0.925,16920,0,"[-1.3909763097763062, -1.4492632150650024, 0.10661190003156662, 2.3848249912261963, 2.384023904800415, -0.4214893877506256, 0.6565746665000916, -1.3665244579315186, -0.049781884998083115, 2.819702386856079, -0.23793640732765198, 1.2871887683868408, -0.3849886655807495, 0.47840920090675354, -0.8318102359771729, 0.4364575147628784, -0.028202347457408905, -1.0463827848434448, -1.9989447593688965, 1.2029703855514526, -0.4899532198905945, 0.06391303241252899, 0.346043199300766, 0.20475393533706665, 0.17933756113052368, 1.0439751148223877, 1.6083341836929321, -0.7208490967750549, 2.496155023574829, 0.2710925340652466, 1.6037601232528687, -1.1303966045379639, -0.3325665295124054, -1.7862036228179932, 1.115004539489746, 0.4195096790790558, -2.5112667083740234, 1.1218584775924683, 0.08450175821781158, -0.364413321018219, -0.3414287269115448, 0.19402030110359192, 0.23433299362659454, 0.892013669013977, 0.8012105822563171, -1.1469422578811646, -1.1077101230621338, 0.9741291999816895, -0.5840859413146973, 1.1920968294143677, -0.4005005955696106, 2.14664888381958, 1.802887201309204, 0.15021763741970062, -0.5893653035163879, -0.43483972549438477, 0.41263386607170105, -0.5025356411933899, 0.9755285382270813, 0.8629542589187622, 0.5250716805458069, -0.3109293282032013, -0.4457617998123169, -0.8561156988143921, -0.5004429221153259, 1.0845659971237183, 0.3504529893398285, 0.18956251442432404, 0.059021852910518646, 1.5545231103897095, -1.1384159326553345, -0.820207953453064, -0.21571794152259827, 0.6980620622634888, 0.6942645311355591, -1.4395755529403687, 1.484365701675415, -0.7460301518440247, 0.054724983870983124, -0.01339913159608841, -0.23312628269195557, 0.3919421136379242, 0.8162832856178284, 0.5997143387794495, -1.5833232402801514, 0.9864323139190674, -0.061346717178821564, -0.9160431623458862, 0.894648551940918, -0.5241991877555847, -1.8652156591415405, 0.9922811388969421, 0.25952938199043274, 0.3433084189891815, 1.5092693567276, -0.20915666222572327, -0.2581389844417572, -0.2760958671569824, -0.2871032953262329, -0.3615591824054718, -0.431682825088501, 0.0016156770288944244, -1.8071898221969604, 1.1004984378814697, 1.8967394828796387, 0.393097460269928, 1.1520435810089111, -0.04496188461780548, 1.0238492488861084, -0.507355809211731, 1.6797932386398315, 1.5723884105682373, 1.0247042179107666, 0.8093951344490051, 0.36861616373062134, 0.5077595710754395, -1.2245479822158813, 0.7094878554344177, -0.8702893853187561, -1.0388261079788208, 1.99101722240448, -1.5749872922897339, -0.8329463601112366, -1.3167089223861694, 0.025833316147327423, 0.6565460562705994, 1.874145746231079, -0.2827875316143036]",yunet,Facenet,1920,1080,/home/amos/media/tv/modern_family/Modern.Family.S09.1080p.DSNP.WEB-DL.DDP5.1.H.264-CRFW/Modern.Family.S09E17.Royal.Visit.1080p.DSNP.WEB-DL.DDP5.1.H.264-CRFW.mkv,Modern Family,2009,1442437,9,17,Sarah Hyland,91351.0,0.767
612,1200,192,1428,492,1350,318,1242,318,0.923,16920,1,"[-0.575596809387207, -1.8951002359390259, -0.2542930841445923, -0.7212063074111938, 1.1300125122070312, 0.3612136244773865, 1.1804603338241577, 0.5046764016151428, 1.355472207069397, -0.49907344579696655, 2.4256370067596436, -1.055888295173645, -1.8973199129104614, 0.173508882522583, -1.1111575365066528, -0.8528777360916138, -0.0981719046831131, 0.017336949706077576, -0.7336735725402832, -1.0923373699188232, 0.5101610422134399, -2.3766469955444336, 0.6064479947090149, -1.4057303667068481, 0.58924800157547, 0.6526158452033997, 1.073333501815796, -1.8049814701080322, -0.4922788143157959, -0.8112351894378662, -0.5660525560379028, 1.5995547771453857, -0.5144641995429993, 0.9765620231628418, 0.48322731256484985, 1.0671918392181396, -1.4771450757980347, 0.031936947256326675, 0.8493068218231201, -0.8304638862609863, 0.5158629417419434, -0.358562707901001, -0.8879276514053345, -0.9616022706031799, 0.41117221117019653, -2.6389875411987305, -0.5186131596565247, 2.0327441692352295, 1.017379879951477, -0.2930125892162323, -0.23295845091342926, 1.2760549783706665, -0.4212842285633087, -0.2184915691614151, 0.8629574179649353, 0.038854070007801056, 1.2700248956680298, 1.7346802949905396, 0.05976312980055809, 0.36251571774482727, -0.8719203472137451, -2.015263557434082, 0.794821560382843, 1.7239432334899902, 2.6355419158935547, 0.050947047770023346, -0.7395345568656921, 1.2796376943588257, 0.28405800461769104, -0.041168224066495895, -0.9893595576286316, -0.3200764060020447, -2.7328295707702637, 1.7845642566680908, -0.29300251603126526, -1.8904415369033813, -0.648690938949585, -0.7325850129127502, -1.6663280725479126, -0.42962175607681274, -0.9396000504493713, 0.0918162539601326, 0.8483931422233582, -1.4601174592971802, -0.7839832305908203, 0.06580391526222229, -0.5589463114738464, -0.7514651417732239, -1.890638828277588, -0.5403321385383606, -1.0726912021636963, 0.17175346612930298, 0.12314772605895996, -0.07486064732074738, 0.026700854301452637, 0.9800470471382141, -2.31319260597229, 0.04517291486263275, -0.31104663014411926, 0.8541765213012695, -1.808026671409607, -1.409369945526123, -0.757395327091217, 0.653876006603241, -0.7857841849327087, 1.3901115655899048, 0.34982776641845703, -1.201107382774353, -0.43972596526145935, -1.6418726444244385, 0.4273310899734497, 0.25552093982696533, 1.1171445846557617, -0.49101579189300537, 1.5804967880249023, 1.1160614490509033, 1.6063337326049805, -0.346636027097702, 0.5120799541473389, 1.686877965927124, -0.44037896394729614, 0.3110244572162628, 1.1113413572311401, -0.5633019208908081, -1.9842536449432373, 1.2597867250442505, 0.036741793155670166, 0.4841468036174774]",yunet,Facenet,1920,1080,/home/amos/media/tv/modern_family/Modern.Family.S09.1080p.DSNP.WEB-DL.DDP5.1.H.264-CRFW/Modern.Family.S09E17.Royal.Visit.1080p.DSNP.WEB-DL.DDP5.1.H.264-CRFW.mkv,Modern Family,2009,1442437,9,17,Chris Geere,62879.0,0.617
613,564,354,822,672,756,468,636,468,0.923,16944,0,"[0.3705601692199707, -0.9433560371398926, 1.0881446599960327, 1.387294888496399, 1.7402145862579346, -0.07779663056135178, 1.193893551826477, -1.9799299240112305, -0.29611659049987793, 2.2475476264953613, -0.8812875151634216, 1.428071141242981, -0.015110716223716736, 0.2140711545944214, -0.3116471469402313, -0.7951115965843201, 0.37086808681488037, -0.5423595309257507, -1.3634240627288818, 0.7670936584472656, -0.8413779735565186, -0.08675449341535568, 0.32202425599098206, -0.7607400417327881, -0.11745753884315491, 1.5808554887771606, 1.2453066110610962, -0.8888391852378845, 2.2099366188049316, 1.2021467685699463, 1.0728198289871216, -1.3669469356536865, -1.0824757814407349, -0.9656556844711304, 1.0931469202041626, -0.5957850217819214, -1.9985798597335815, 1.0103923082351685, 0.22451278567314148, -0.30484169721603394, -0.6397127509117126, 0.21371355652809143, -0.07741905748844147, 2.227447032928467, 1.2642064094543457, -0.5081316828727722, -0.7321789860725403, 1.3234844207763672, 0.36756467819213867, 0.22313064336776733, -0.05368885397911072, 1.8109462261199951, 0.3073715567588806, -0.43511438369750977, -0.4391118884086609, 0.12995971739292145, 1.3108279705047607, 0.05506732687354088, 0.18521296977996826, 1.306692361831665, 0.30726358294487, -0.30014264583587646, 0.13806626200675964, -0.0037662815302610397, -0.39310160279273987, 1.9435755014419556, -0.6991693377494812, -0.12944936752319336, 0.6986222267150879, 1.3749562501907349, -1.0277199745178223, -0.2778959572315216, -0.48348915576934814, -0.31121131777763367, 1.0128827095031738, -1.5068906545639038, 0.01013530045747757, -1.7708313465118408, -0.6278003454208374, 0.1400897353887558, -0.6571090221405029, 0.1654268354177475, 1.6398199796676636, 1.3153120279312134, -1.296017050743103, -0.19661369919776917, -0.16985131800174713, -1.1371649503707886, 0.7883268594741821, -1.377942442893982, -2.308917284011841, 0.5755788087844849, 0.2310357391834259, -0.45837220549583435, 2.044802188873291, -0.13818040490150452, 0.6153250932693481, -0.7432053089141846, -0.12540686130523682, -1.0021045207977295, 0.45477384328842163, -0.037839680910110474, -2.1096458435058594, 2.218729257583618, 1.1746273040771484, 1.627623438835144, 0.529296875, -1.091719388961792, 1.1423568725585938, -1.4164929389953613, 1.1979150772094727, 1.0129685401916504, -0.13217781484127045, 0.6295953392982483, 1.165350079536438, 1.0010647773742676, -1.7515099048614502, 1.2769718170166016, 0.2669813632965088, -1.4508384466171265, 2.5798349380493164, -0.4765516221523285, -0.433215856552124, -1.541076898574829, -1.1972277164459229, -0.064353808760643, 0.7291535139083862, -0.5444038510322571]",yunet,Facenet,1920,1080,/home/amos/media/tv/modern_family/Modern.Family.S09.1080p.DSNP.WEB-DL.DDP5.1.H.264-CRFW/Modern.Family.S09E17.Royal.Visit.1080p.DSNP.WEB-DL.DDP5.1.H.264-CRFW.mkv,Modern Family,2009,1442437,9,17,Sarah Hyland,91351.0,0.69
614,1152,162,1404,480,1338,306,1224,300,0.908,16944,1,"[-0.2047257125377655, -1.4461181163787842, -0.4673548638820648, -0.48885831236839294, 1.0387572050094604, 0.10940321534872055, 1.072379231452942, 0.6724873185157776, 1.5659687519073486, -1.3216943740844727, 2.006527900695801, -1.070896029472351, -1.4788118600845337, 0.5536245107650757, -1.106662631034851, -1.001370906829834, 0.37639904022216797, -0.1249736100435257, -1.9098740816116333, -0.44515159726142883, 0.001513354480266571, -1.8054276704788208, 0.21738693118095398, -2.1452391147613525, 0.18001388013362885, 0.759278416633606, 0.6823694705963135, -1.1352814435958862, -0.4940459132194519, -0.8858899474143982, -0.8586949110031128, 1.6202304363250732, -1.371355652809143, 1.3141746520996094, 0.3051850199699402, 1.0805678367614746, -1.577286958694458, -0.3379971385002136, 1.0139944553375244, -1.0665860176086426, 0.44330066442489624, 0.25033432245254517, -1.2292890548706055, -1.070386290550232, 0.6974249482154846, -3.2758054733276367, -0.6407185792922974, 1.8505908250808716, 1.2622768878936768, 0.3569725453853607, 0.2423180639743805, 1.1210780143737793, -0.4568997323513031, -0.5983863472938538, 1.031457543373108, -0.48737117648124695, 1.7785319089889526, 0.9558894038200378, -0.6317915320396423, 0.5787619352340698, -1.1164898872375488, -1.681533932685852, 0.9750621318817139, 2.254849433898926, 2.246976375579834, 0.5694140195846558, -0.7407580018043518, 0.6531454920768738, 0.4921262264251709, -0.4649758040904999, -1.071830153465271, 0.32597512006759644, -2.4355690479278564, 1.0788841247558594, 0.598189651966095, -1.5387552976608276, -1.4958876371383667, -1.1794064044952393, -0.8433696031570435, -0.637411892414093, -1.1298896074295044, 0.8773804903030396, 1.1629518270492554, -1.6164467334747314, -0.6534726619720459, 0.2367980182170868, -0.8261483907699585, -0.47193580865859985, -1.1891785860061646, -0.15812598168849945, -1.0852491855621338, 0.6219311356544495, -0.4218555986881256, 0.3403221368789673, 0.3808077275753021, 1.2965713739395142, -2.195269823074341, -0.012197691947221756, -0.30243080854415894, 0.6347911357879639, -0.41721975803375244, -1.0515663623809814, -1.9245976209640503, 0.6319953799247742, -0.07326845079660416, 1.582643985748291, 0.3221004009246826, -1.2305604219436646, -0.7513890266418457, -1.6331249475479126, 0.6474536657333374, 0.8375038504600525, 0.8170900344848633, -0.38501831889152527, 1.4794515371322632, 1.1996570825576782, 0.9475306272506714, -0.47119104862213135, 0.34011635184288025, 0.9774430990219116, -0.024183429777622223, 0.3356614410877228, 1.212629795074463, -1.516035556793213, -2.5553338527679443, 0.7733362317085266, -0.3212282359600067, -0.5631415247917175]",yunet,Facenet,1920,1080,/home/amos/media/tv/modern_family/Modern.Family.S09.1080p.DSNP.WEB-DL.DDP5.1.H.264-CRFW/Modern.Family.S09E17.Royal.Visit.1080p.DSNP.WEB-DL.DDP5.1.H.264-CRFW.mkv,Modern Family,2009,1442437,9,17,Chris Geere,62879.0,0.583
615,384,156,510,324,468,228,408,228,0.921,16968,0,"[-1.4418797492980957, 1.2262660264968872, -0.27468588948249817, 0.07360366731882095, -0.4011560082435608, 0.6568498611450195, -0.7197416424751282, -1.3938382863998413, -0.862173318862915, -1.0301786661148071, -0.2681981325149536, 0.38821110129356384, -0.7933038473129272, 0.007281877100467682, 1.628941297531128, -0.5924765467643738, -1.3215118646621704, -1.5015817880630493, -2.3574228286743164, -1.57516610622406, -1.752013087272644, 0.7660297751426697, -0.5306640267372131, -0.8105871677398682, 0.6546672582626343, 0.1271660029888153, 1.238830804824829, 1.1316826343536377, -0.16005487740039825, 0.7109991312026978, 0.3872796297073364, -0.1358337551355362, 0.3370034694671631, -0.3328997492790222, 0.8652341365814209, 1.0473276376724243, -0.3743579387664795, -0.06473719328641891, 0.22260573506355286, 0.87091064453125, -0.12167921662330627, 0.22228406369686127, -3.1018311977386475, -1.1362942457199097, 0.8346723318099976, -2.0613205432891846, 1.0241577625274658, 0.8324806690216064, 0.8974980711936951, -0.8261035680770874, -0.28414440155029297, 0.031876757740974426, 1.8052585124969482, 0.16101257503032684, 0.148130401968956, 0.6190007328987122, 1.8002783060073853, 0.2863352596759796, -0.5578458309173584, -0.2970152497291565, -0.0067746601998806, -1.7236138582229614, -0.959195077419281, 0.5058220028877258, 1.4607906341552734, -0.5147154331207275, 0.677484393119812, 1.722005844116211, -0.7462308406829834, -0.4868880808353424, -0.6743754148483276, 1.1546406745910645, -1.1057780981063843, -0.0366390235722065, -0.19135592877864838, 0.1894640475511551, -0.005105026066303253, 1.7401982545852661, -0.592753529548645, 0.422329843044281, -1.3845558166503906, 0.21911025047302246, 0.036291949450969696, 1.6996454000473022, -0.12167487293481827, 0.699787974357605, 1.6490682363510132, 0.08084271848201752, -1.4518049955368042, -1.005602478981018, 0.7364441156387329, -1.007574200630188, 0.8250951170921326, -1.9572906494140625, 0.7355210781097412, 1.7168680429458618, -1.174330472946167, 0.34301233291625977, 1.9196465015411377, 0.24110911786556244, -1.3580315113067627, 0.5378244519233704, -1.356090784072876, 0.12664005160331726, 0.9027437567710876, -0.08680639415979385, -1.9312101602554321, 0.24245736002922058, 2.0847151279449463, -0.844573438167572, -1.9341868162155151, -0.8023436665534973, -0.5000520944595337, 0.2971707880496979, 0.38400542736053467, 2.501039981842041, -0.3801436722278595, 0.5636482834815979, 0.7055689096450806, 1.9405349493026733, 0.5098904371261597, -0.859856367111206, 0.45553332567214966, -1.0557769536972046, 1.6404566764831543, 0.06598805636167526, -0.26963499188423157, 0.8729305863380432]",yunet,Facenet,1920,1080,/home/amos/media/tv/modern_family/Modern.Family.S09.1080p.DSNP.WEB-DL.DDP5.1.H.264-CRFW/Modern.Family.S09E17.Royal.Visit.1080p.DSNP.WEB-DL.DDP5.1.H.264-CRFW.mkv,Modern Family,2009,1442437,9,17,Nolan Gould,147710.0,0.835
616,366,192,498,366,456,270,396,270,0.909,16992,0,"[-2.3901784420013428, 0.42031118273735046, -0.5522348880767822, 0.11607556790113449, -0.10713114589452744, -0.2695118188858032, -1.8744282722473145, -1.9664015769958496, -0.2438793182373047, -0.8475193381309509, 0.016002528369426727, 0.8570119738578796, -0.28699183464050293, -0.9544488191604614, 2.2331507205963135, -0.6228690147399902, -2.1551592350006104, -0.7209025025367737, -2.900954484939575, -1.2046562433242798, -1.1364716291427612, -0.340969979763031, -1.3126426935195923, 0.03151465952396393, -0.6703452467918396, -0.7221602201461792, 1.596585988998413, 1.4351515769958496, -0.8456017374992371, 0.39812204241752625, 0.6678903102874756, -0.015431080013513565, 0.6464262008666992, -0.5067415833473206, -0.4003814160823822, 1.1649631261825562, -0.36128050088882446, -1.7421094179153442, 0.4741937220096588, 0.448950856924057, 0.9924641251564026, -0.7203561067581177, -2.235320806503296, -1.8216149806976318, 0.5487269759178162, -2.222104072570801, 1.5774540901184082, 0.7069741487503052, 0.4919590950012207, -1.0682780742645264, -0.37471526861190796, -0.46617743372917175, 1.290895938873291, 0.9757919311523438, 0.6920574903488159, 0.41984695196151733, 1.1616102457046509, -0.10717722773551941, 0.2557474970817566, -0.12006962299346924, 0.28411635756492615, -2.1645843982696533, -0.5279456377029419, 0.6956393122673035, 2.2738277912139893, -0.1522776335477829, 0.9262464642524719, 1.1645092964172363, -1.59172785282135, -0.6675240993499756, -1.4706474542617798, 0.7064372301101685, 0.0822213739156723, 0.28168272972106934, -0.5577675104141235, -0.23556914925575256, 0.2754836976528168, 1.3561447858810425, -0.5781654715538025, 0.036056116223335266, -2.164726495742798, -0.1565774828195572, 0.2829497754573822, 2.3925135135650635, -0.3827003836631775, 0.4307890832424164, 0.9437077641487122, 0.9177207946777344, -1.0596575736999512, -0.6549131274223328, 1.0673577785491943, -1.2502915859222412, 0.8155749440193176, -1.6807656288146973, 0.8807682394981384, 0.7142460942268372, -1.0309040546417236, 0.437243789434433, 1.6920852661132812, 0.21775567531585693, -1.1713165044784546, 0.1809867024421692, -0.6658304333686829, 0.7932755947113037, 1.5142710208892822, -0.17311421036720276, -1.7117176055908203, 0.9331361055374146, 1.87564218044281, -0.20826654136180878, -0.8407621383666992, -1.0945141315460205, -0.505297064781189, 0.2558029294013977, 0.32453396916389465, 1.843016266822815, -0.058511391282081604, 1.0532046556472778, 0.5046409964561462, 2.022106409072876, -0.5756714940071106, -0.7697429656982422, 1.0542101860046387, -0.8155823349952698, 1.1035484075546265, -0.0067256540060043335, 0.272018164396286, 1.1479246616363525]",yunet,Facenet,1920,1080,/home/amos/media/tv/modern_family/Modern.Family.S09.1080p.DSNP.WEB-DL.DDP5.1.H.264-CRFW/Modern.Family.S09E17.Royal.Visit.1080p.DSNP.WEB-DL.DDP5.1.H.264-CRFW.mkv,Modern Family,2009,1442437,9,17,Nolan Gould,147710.0,0.826
617,324,96,462,276,426,174,360,174,0.912,17016,0,"[-1.3293873071670532, 0.8761132955551147, 0.06349705159664154, 0.941222071647644, -0.44312483072280884, 0.2104642391204834, 0.39966556429862976, -1.0166748762130737, -1.197460412979126, -1.235541582107544, 0.7568118572235107, 0.27372628450393677, -0.5253798365592957, -1.0421966314315796, 1.4936444759368896, -0.18384048342704773, -1.3971139192581177, -0.5262231826782227, -1.949131965637207, -0.35637447237968445, -0.9021375179290771, 0.11468113213777542, -0.9875750541687012, -0.9846705198287964, -0.056290384382009506, 0.24288758635520935, 1.6812827587127686, 1.5778777599334717, -0.8113620281219482, 0.24957986176013947, -0.3760060667991638, 0.6903518438339233, 0.47980374097824097, -0.7559787034988403, 0.2895444929599762, 1.7838115692138672, -1.0794199705123901, -1.2456005811691284, -0.8567466139793396, 0.8952531814575195, 0.3028397858142853, 0.1960631161928177, -2.5528762340545654, -1.674269199371338, 1.0851683616638184, -2.030885696411133, 1.5689929723739624, 1.270685076713562, 1.4050297737121582, -0.8892357349395752, 0.16142761707305908, -0.0139039047062397, 2.180223226547241, 0.44491541385650635, 1.2021197080612183, 0.6928380727767944, 0.25354188680648804, 0.8957657814025879, 0.8335036039352417, 0.8358191251754761, -0.6777057647705078, -1.405968427658081, -0.3327278196811676, 0.07828293740749359, 2.785831928253174, -0.37139129638671875, 1.2831124067306519, 2.7468860149383545, -0.42346489429473877, 1.0667153596878052, -0.9449688196182251, 0.958255410194397, -0.8651704788208008, 0.6846060752868652, -1.2853655815124512, 0.33688676357269287, -0.3845953643321991, 1.5376160144805908, -0.9702603220939636, 0.8387693166732788, -1.3204200267791748, -0.22958868741989136, 0.05037405341863632, 0.493118017911911, 0.8103358149528503, 0.5416619777679443, 0.6981727480888367, 0.208436980843544, -0.6635351181030273, -1.1580042839050293, 1.1934208869934082, 0.3471013903617859, 0.9761662483215332, -1.2985846996307373, -0.6101407408714294, 0.6657273173332214, -1.3290412425994873, -0.0591118261218071, 2.2782773971557617, 1.533053994178772, -1.1383651494979858, -0.026615899056196213, -0.6125541925430298, -0.1326637864112854, 0.1402183175086975, -0.2493675798177719, -1.082476258277893, 0.9321891069412231, 1.299399495124817, 0.06901872158050537, -1.897292971611023, -0.11487701535224915, -0.5360347032546997, 0.24137602746486664, 0.6644473671913147, 2.117739677429199, 0.0937797948718071, 0.6810499429702759, 1.5458546876907349, 2.0819077491760254, 0.9400928616523743, -0.49659106135368347, 0.3608015775680542, -1.1170847415924072, 1.6076937913894653, 0.38232624530792236, 0.30696532130241394, 1.2062170505523682]",yunet,Facenet,1920,1080,/home/amos/media/tv/modern_family/Modern.Family.S09.1080p.DSNP.WEB-DL.DDP5.1.H.264-CRFW/Modern.Family.S09E17.Royal.Visit.1080p.DSNP.WEB-DL.DDP5.1.H.264-CRFW.mkv,Modern Family,2009,1442437,9,17,Nolan Gould,147710.0,0.742
618,648,240,846,510,774,336,684,336,0.921,17040,0,"[-1.46022629737854, -0.6476109027862549, 0.6415267586708069, 2.1324024200439453, 1.2597252130508423, -0.8055399060249329, 0.3507179319858551, -1.0363950729370117, -0.25991931557655334, 2.782668113708496, -1.1152697801589966, 0.9180632829666138, -0.5084084868431091, -0.6287294626235962, -0.5329262018203735, -0.12196815758943558, -0.09241439402103424, -1.083764910697937, -1.4468899965286255, 0.7664082050323486, 0.40632376074790955, -0.21795415878295898, -0.16394144296646118, -0.12050982564687729, -1.043408751487732, 1.120650053024292, 1.060690999031067, 0.0036517679691314697, 1.7327207326889038, 1.7769118547439575, 0.8336042165756226, -0.9338308572769165, -1.291056752204895, -1.6898152828216553, 1.6551756858825684, -1.3636366128921509, -1.1194655895233154, 1.2717125415802002, 0.8014757037162781, 0.006699122488498688, -0.40997129678726196, 0.23883342742919922, -0.39430370926856995, 1.1065574884414673, 1.1812344789505005, 0.7633999586105347, 0.0867193192243576, 0.9925997257232666, -0.13280221819877625, 1.2296258211135864, -1.3548822402954102, 2.947676420211792, 1.70112144947052, -0.5034398436546326, -0.6253129839897156, 0.29448848962783813, 1.1597411632537842, 0.18765150010585785, 0.7559911608695984, 1.4073845148086548, 0.6820793151855469, 0.3373592495918274, -0.8963253498077393, -0.15933649241924286, -0.8381290435791016, 1.6294184923171997, 0.5254250168800354, 0.011229806579649448, 0.6612155437469482, 0.5263786315917969, -0.3021268844604492, -0.8550494909286499, 0.02584468014538288, 0.45967423915863037, 0.4433037340641022, -0.8521793484687805, 0.36708351969718933, -0.6882519125938416, -0.5930795669555664, -0.4512125849723816, -0.20758968591690063, -0.9747337102890015, 1.5682610273361206, 0.4637538492679596, -1.1703816652297974, 0.03742131590843201, -0.38987693190574646, -0.2746860384941101, -0.2348945438861847, -0.913109302520752, -2.331357717514038, 0.5458252429962158, 0.27813297510147095, 0.5998995304107666, 2.105156660079956, -0.1168307289481163, 0.5655811429023743, 0.12591618299484253, -0.29993706941604614, -0.6957686543464661, 0.10981379449367523, 0.3249587118625641, -1.9323135614395142, 1.1281661987304688, 1.0622031688690186, 0.536215603351593, 1.1280502080917358, 0.08617924153804779, 0.8801065683364868, -0.08444719761610031, 1.2870272397994995, 0.18480896949768066, 0.4016927480697632, 0.8265876770019531, -0.65575110912323, 0.9311072826385498, -1.2039787769317627, 0.8664027452468872, -1.1167715787887573, -0.7889246344566345, 2.4868972301483154, -1.1739137172698975, -1.585343599319458, -1.9547268152236938, -1.1228972673416138, 0.42992356419563293, 1.2775824069976807, -0.7404941320419312]",yunet,Facenet,1920,1080,/home/amos/media/tv/modern_family/Modern.Family.S09.1080p.DSNP.WEB-DL.DDP5.1.H.264-CRFW/Modern.Family.S09E17.Royal.Visit.1080p.DSNP.WEB-DL.DDP5.1.H.264-CRFW.mkv,Modern Family,2009,1442437,9,17,Sarah Hyland,91351.0,0.714
619,1194,198,1482,576,1308,366,1230,366,0.92,17040,1,"[0.12855201959609985, -2.3829262256622314, -0.33333492279052734, -0.5148202180862427, 1.0769612789154053, 1.0934902429580688, 1.1484918594360352, 0.2825670540332794, 1.4051657915115356, -0.6580228209495544, -0.44243693351745605, -0.12590502202510834, -1.0024890899658203, 0.3478556275367737, -2.094243288040161, -0.7474457621574402, -1.0154061317443848, -0.9578420519828796, -0.09676757454872131, -0.7079941034317017, 1.4503135681152344, -1.6735153198242188, 0.48774635791778564, -3.0339441299438477, 0.5701369047164917, 0.8005223274230957, 0.2789185047149658, -2.161665439605713, -0.05384299159049988, 0.3524300456047058, 0.16433870792388916, 1.105231523513794, -0.19450470805168152, -0.9351780414581299, -1.1788302659988403, 0.1446240097284317, -1.253859519958496, 0.45096954703330994, 0.6930245757102966, -1.516924500465393, 1.4015917778015137, 1.4214118719100952, -1.4394885301589966, -1.1522462368011475, 1.3518455028533936, -0.9819351434707642, -0.4319625794887543, 2.216548442840576, -0.2269275188446045, 0.29109999537467957, -1.2367864847183228, 0.35838282108306885, -1.3784977197647095, -0.5223371386528015, 0.4771363437175751, -1.7748054265975952, 0.7380526065826416, 2.0796289443969727, 0.7446610331535339, 0.5007076263427734, 0.16169407963752747, -2.4141616821289062, 0.28598207235336304, 1.0505162477493286, 0.3473929464817047, -0.3977118730545044, -1.1985119581222534, 0.8301869034767151, 0.5110977292060852, -0.7019693851470947, -1.1004186868667603, 0.7452372312545776, -3.4291796684265137, 1.7989501953125, 0.09328159689903259, -1.5505996942520142, -0.45344218611717224, 0.9583115577697754, 0.46319717168807983, -0.036760684102773666, -2.1782190799713135, -0.76252281665802, 1.0681709051132202, -2.029315233230591, -1.7841768264770508, -0.4932510256767273, 0.8413528800010681, -1.3797284364700317, -2.114075183868408, -0.9191930890083313, -0.459913045167923, -0.008590091951191425, 0.18822647631168365, -0.24788698554039001, 0.01750072091817856, 0.7013890743255615, -1.9759371280670166, 0.6860551238059998, -0.7305733561515808, 0.14630617201328278, -1.0380486249923706, -0.35396236181259155, -0.6399977207183838, -0.2557376027107239, -0.9541733860969543, 0.44223350286483765, 0.11134709417819977, -1.5652321577072144, -1.204223394393921, 0.02465350739657879, -0.02492104098200798, -0.4644436240196228, 1.0943124294281006, -0.9602870941162109, 0.8150380253791809, 2.1980273723602295, 0.3754834532737732, 0.0479731485247612, -1.3559457063674927, 0.5801019072532654, -0.24762745201587677, 1.343894600868225, 0.6817941665649414, 0.8965316414833069, -1.5001623630523682, -0.529843807220459, -1.4556704759597778, 0.43773698806762695]",yunet,Facenet,1920,1080,/home/amos/media/tv/modern_family/Modern.Family.S09.1080p.DSNP.WEB-DL.DDP5.1.H.264-CRFW/Modern.Family.S09E17.Royal.Visit.1080p.DSNP.WEB-DL.DDP5.1.H.264-CRFW.mkv,Modern Family,2009,1442437,9,17,Chris Geere,62879.0,0.666
620,762,234,960,498,882,330,798,330,0.925,17064,0,"[-1.2166693210601807, -1.5610307455062866, 0.6080573201179504, 1.9099435806274414, 1.796593427658081, -1.4743537902832031, 0.40250781178474426, -0.4787607789039612, 0.24566230177879333, 2.253798246383667, -0.8755487203598022, 0.2232656627893448, -0.6198688745498657, 0.24361255764961243, -0.442897766828537, -0.4452509880065918, 0.9525189399719238, -1.674432396888733, -1.5346040725708008, 0.2229747474193573, 0.22836792469024658, -0.8270492553710938, -0.17717629671096802, 0.9873715043067932, -0.31131839752197266, 1.3765119314193726, 2.5573155879974365, -0.22873979806900024, 1.5115489959716797, 1.7144875526428223, 0.6647742986679077, -0.11355085670948029, -0.4649304449558258, -1.5370811223983765, 0.7293582558631897, -0.3304990530014038, -1.4262540340423584, 0.6842678785324097, 0.500751793384552, 0.04145650193095207, -0.3184610903263092, 0.025751350447535515, -0.6275694370269775, 0.874807596206665, 1.0315152406692505, 0.7472303509712219, 0.08621621131896973, 0.3088986575603485, -0.821110725402832, 1.3131451606750488, -1.0501351356506348, 2.5466203689575195, 1.6718069314956665, -0.9462766051292419, 0.23268702626228333, 0.36403435468673706, 1.0336036682128906, -0.2591913342475891, 1.305389642715454, 1.5939885377883911, 0.31191715598106384, -0.4357903003692627, 0.648618221282959, -0.8163707256317139, -1.0339585542678833, 0.7328773140907288, -0.3083004653453827, 0.2283795028924942, 0.029974229633808136, 0.7982338666915894, -0.5937468409538269, -0.41401371359825134, -0.03455885499715805, -0.1340479850769043, -0.06600205600261688, -1.3512530326843262, 0.3997567594051361, -1.2623578310012817, -0.34710732102394104, -0.726779043674469, -0.748581051826477, -0.5823686122894287, 1.2538741827011108, 0.3502936363220215, -1.1176387071609497, 0.7989282608032227, -0.37926986813545227, -0.8667290806770325, 0.8803913593292236, -1.2529542446136475, -1.93323814868927, 1.1073458194732666, 0.009978052228689194, 0.9027594327926636, 2.047342300415039, -0.465582013130188, 0.4161067306995392, -0.16830575466156006, -1.0980098247528076, -0.15263521671295166, 0.8723021149635315, 0.7750672101974487, -1.0907610654830933, 0.253589004278183, 1.1369537115097046, -0.11627984791994095, 0.13450603187084198, -0.32722437381744385, 0.4713624119758606, 0.14863154292106628, 0.934604823589325, 0.04563615471124649, 1.058838129043579, 0.7339307069778442, -0.5241866707801819, -0.02092209830880165, -1.2760722637176514, 0.8034225702285767, -0.5849512219429016, -0.6471342444419861, 1.733080267906189, -0.45695459842681885, -1.2661842107772827, -2.3312458992004395, -1.3002263307571411, 1.2542253732681274, 1.9423868656158447, -0.7664951682090759]",yunet,Facenet,1920,1080,/home/amos/media/tv/modern_family/Modern.Family.S09.1080p.DSNP.WEB-DL.DDP5.1.H.264-CRFW/Modern.Family.S09E17.Royal.Visit.1080p.DSNP.WEB-DL.DDP5.1.H.264-CRFW.mkv,Modern Family,2009,1442437,9,17,Sarah Hyland,91351.0,0.716
621,1314,180,1602,570,1422,354,1338,354,0.916,17064,1,"[-0.9339941740036011, -2.447477340698242, -0.07147256284952164, -1.3438644409179688, 0.4678315222263336, 1.2746940851211548, -0.26961657404899597, 1.0679343938827515, 1.2781460285186768, -0.4264909029006958, -0.1560748815536499, -0.26611682772636414, -1.3531148433685303, 0.044162288308143616, -0.806625247001648, -0.6716049909591675, -0.15554934740066528, -1.1404821872711182, -0.21486663818359375, -1.425455927848816, 1.463835597038269, -2.3972678184509277, 0.8201256990432739, -2.877702474594116, -0.32953691482543945, -0.08725088089704514, 0.789893388748169, -1.2865698337554932, -0.4333663582801819, 0.03985527157783508, -0.9566938877105713, 1.1418005228042603, -0.4207415282726288, -0.3311801850795746, -0.5376583933830261, 0.4977065324783325, -1.2090836763381958, -0.10435409098863602, 0.6322154402732849, -1.4874026775360107, 0.8781976103782654, 0.3376884460449219, -2.1747350692749023, -1.0004050731658936, 0.9527539014816284, -1.1438640356063843, 0.016011696308851242, 1.6120548248291016, -0.11018272489309311, -0.040215864777565, -1.6089591979980469, 0.9756284952163696, -1.8188881874084473, 0.27154117822647095, 0.5696814060211182, -1.3761377334594727, 0.5137354731559753, 1.7423855066299438, -0.18572981655597687, -0.37200191617012024, -0.14816521108150482, -2.5877575874328613, 0.853504478931427, 1.8060482740402222, 0.7657747268676758, 0.04444766417145729, -1.0762169361114502, 1.0951133966445923, 0.13626128435134888, -1.0673195123672485, -1.6525282859802246, 0.6357786655426025, -2.504533529281616, 1.0432902574539185, 1.2090774774551392, -0.8200395107269287, -0.9683667421340942, 0.5501275658607483, -0.6356274485588074, 0.06057669222354889, -2.836008071899414, -0.29371166229248047, 0.5061388611793518, -1.5876305103302002, -1.280492901802063, -0.808090090751648, 0.25681430101394653, -1.272660255432129, -2.8628597259521484, -0.568271815776825, -0.24904048442840576, -0.9088172912597656, 0.3064960837364197, -0.49285611510276794, 0.2771075367927551, 1.080458164215088, -2.0161874294281006, 1.240084171295166, -0.6054633259773254, 0.43748384714126587, -1.108401894569397, 0.05585111677646637, -0.648634135723114, 1.0948551893234253, -0.2376016080379486, 1.0419777631759644, -0.6526542901992798, -0.8920432329177856, -0.5632498264312744, -0.055687066167593, 0.12462125718593597, -0.8926513195037842, 0.48544174432754517, -0.8572823405265808, 0.4214094877243042, 2.061100959777832, 0.6602351665496826, -0.4219241142272949, -1.3830965757369995, 0.05304524675011635, -0.4816025495529175, 1.0690170526504517, 0.6932241320610046, 0.25806716084480286, -1.6091997623443604, -0.7012502551078796, -1.442600131034851, 1.108084797859192]",yunet,Facenet,1920,1080,/home/amos/media/tv/modern_family/Modern.Family.S09.1080p.DSNP.WEB-DL.DDP5.1.H.264-CRFW/Modern.Family.S09E17.Royal.Visit.1080p.DSNP.WEB-DL.DDP5.1.H.264-CRFW.mkv,Modern Family,2009,1442437,9,17,Chris Geere,62879.0,0.61
622,1026,684,1206,912,1116,768,1050,768,0.919,17088,0,"[-1.433691382408142, 2.370082378387451, -2.448476791381836, 1.9345927238464355, 1.3189667463302612, -0.8142868280410767, -0.13884861767292023, -1.5655702352523804, 1.3623831272125244, -0.23232075572013855, 1.5982776880264282, -0.9971596002578735, 0.5725677013397217, -1.1214748620986938, 0.5382203459739685, 1.4440593719482422, 0.4806958734989166, -0.5304715037345886, -2.775261640548706, 0.6186090707778931, 0.28171631693840027, 1.7980852127075195, -1.406902551651001, 0.9497334957122803, 1.0637683868408203, 2.603200912475586, 0.8263633251190186, 1.1065469980239868, 1.375762701034546, -0.12298739701509476, 0.7574999332427979, 0.6586355566978455, 0.1079394742846489, -0.4972878098487854, 1.1311194896697998, 0.06776612997055054, -0.7187135815620422, -0.9516122937202454, 0.023498475551605225, 0.1664172112941742, -0.886426568031311, 0.30386295914649963, -0.3922646939754486, -0.6137672066688538, -0.004936257377266884, -0.7432326674461365, 0.01737862452864647, -0.11422310769557953, 1.1180968284606934, 1.4537395238876343, 0.25996458530426025, 0.11562663316726685, 0.5215818881988525, 0.8625370860099792, 0.034828901290893555, 0.5311693549156189, 3.2259092330932617, -1.7347993850708008, -0.0853157639503479, 0.3339192569255829, -1.8797974586486816, 0.2240532785654068, 0.6392602920532227, 1.0722410678863525, 1.3726985454559326, -1.2699536085128784, 0.4510478079319, -0.1602683961391449, 0.7373332381248474, -1.917999267578125, -0.4362906515598297, -0.30456846952438354, -1.6867753267288208, 0.14854922890663147, -0.1436488926410675, -0.7243462204933167, 0.40949270129203796, -0.6592064499855042, -0.039789531379938126, -1.1961103677749634, 0.6183688044548035, -0.01623082160949707, 0.43910565972328186, -0.376381516456604, 0.7347730994224548, 1.7271960973739624, -1.22432541847229, 2.2612245082855225, -0.7559714317321777, -0.5910722017288208, 0.9047459959983826, 0.5336439609527588, 1.9765915870666504, -0.5116057395935059, 0.6238632202148438, 1.1433354616165161, -0.780907928943634, 0.008883198723196983, -0.8552128076553345, -1.612256646156311, -0.0732114389538765, -0.2815433144569397, -0.42882072925567627, -0.7683467864990234, 0.29963362216949463, -0.787230908870697, -0.7703337073326111, 0.7526284456253052, 0.7253523468971252, -0.7330836653709412, -0.3038145899772644, 0.045195505023002625, 0.058855801820755005, 1.8949649333953857, 0.6061491370201111, -0.5589784383773804, 0.6666527986526489, 0.07602843642234802, 2.1904244422912598, 2.4852373600006104, 1.3153871297836304, -0.7013372182846069, 1.463295340538025, -2.1718039512634277, 0.9500072598457336, -0.16343840956687927, 1.8121225833892822, 0.36443132162094116]",yunet,Facenet,1920,1080,/home/amos/media/tv/modern_family/Modern.Family.S09.1080p.DSNP.WEB-DL.DDP5.1.H.264-CRFW/Modern.Family.S09E17.Royal.Visit.1080p.DSNP.WEB-DL.DDP5.1.H.264-CRFW.mkv,Modern Family,2009,1442437,9,17,Jimmy Tatro,1304335.0,0.768
623,936,150,1092,366,1062,234,990,228,0.907,17088,1,"[-2.1735470294952393, 0.415789932012558, -0.6814127564430237, -0.37554943561553955, 0.1114591434597969, 0.6532808542251587, -0.8453499674797058, -1.3884508609771729, -0.8402678370475769, -1.1938427686691284, 0.11809030920267105, -0.055200062692165375, -1.0954179763793945, -0.6771137714385986, 1.5134644508361816, -0.3513121008872986, -1.4763092994689941, -1.3332120180130005, -2.2824294567108154, -1.7402433156967163, -1.4866607189178467, -0.27020955085754395, -0.17797592282295227, -0.015077583491802216, -0.19040435552597046, 0.14115974307060242, 1.4111212491989136, 0.5064373016357422, -0.3320619463920593, 0.2020368129014969, 0.7691135406494141, 0.2750037908554077, 0.7245416045188904, -0.34066030383110046, -0.194879949092865, 1.6744120121002197, -0.2669607698917389, -0.8172288537025452, 0.46105077862739563, -0.029951170086860657, 0.561272919178009, -0.13215823471546173, -3.003152847290039, -1.3937656879425049, 0.4990249276161194, -2.03352952003479, 0.6239417195320129, 1.128930687904358, 0.007198713719844818, -1.054772973060608, -0.20463155210018158, 0.12824638187885284, 1.4949713945388794, 1.7236498594284058, 0.4435161054134369, 0.8704249858856201, 0.6680752635002136, -0.46409234404563904, -0.6501589417457581, -0.43768876791000366, -0.19904834032058716, -2.2640957832336426, -0.17097583413124084, 1.1501483917236328, 1.6783530712127686, -0.06911051273345947, 0.9169980883598328, 1.4786297082901, -0.8579069375991821, 0.05303182452917099, -1.202800989151001, 1.7726860046386719, -0.6845762729644775, 0.3670322299003601, -0.6599879264831543, 0.05916472151875496, -0.996672511100769, 1.5954290628433228, -0.473866730928421, 0.07779498398303986, -1.965611219406128, 0.6708272695541382, -0.7756107449531555, 1.6902576684951782, -0.22103556990623474, 0.22751611471176147, 1.1919217109680176, -0.19177240133285522, -1.3399672508239746, -0.6631456017494202, 1.267401099205017, -1.2228745222091675, 0.6926079392433167, -1.2422841787338257, 0.4179005026817322, 1.7035391330718994, -0.9785562753677368, 0.42807430028915405, 1.4405035972595215, -0.018120473250746727, -1.3878531455993652, -0.1238422766327858, -0.95001220703125, 0.9950754046440125, 1.245208978652954, -0.05751147121191025, -2.393528938293457, 0.23422104120254517, 1.7284075021743774, -0.5451264381408691, -1.9736922979354858, -0.6344308257102966, 0.3505931794643402, 0.0608329214155674, 0.05751568078994751, 2.230090618133545, -0.6603128910064697, -0.22142857313156128, 0.00816778838634491, 1.6288830041885376, -0.3564627766609192, -0.977501392364502, 1.3771171569824219, -0.7080024480819702, 1.0929946899414062, -0.03947462886571884, 0.6341814994812012, 0.6890453100204468]",yunet,Facenet,1920,1080,/home/amos/media/tv/modern_family/Modern.Family.S09.1080p.DSNP.WEB-DL.DDP5.1.H.264-CRFW/Modern.Family.S09E17.Royal.Visit.1080p.DSNP.WEB-DL.DDP5.1.H.264-CRFW.mkv,Modern Family,2009,1442437,9,17,Nolan Gould,147710.0,0.874
624,828,162,1044,450,996,258,888,264,0.918,17112,0,"[-0.37691372632980347, -0.9423853158950806, 0.6296538710594177, -0.8020198345184326, 1.945263147354126, -1.3207979202270508, -0.8211303949356079, 0.42376619577407837, -1.2185806035995483, -0.44862642884254456, 0.8955019116401672, 0.3728487491607666, -0.7891296148300171, -1.105566382408142, 0.6083579063415527, 0.07792933285236359, 0.535946249961853, -0.8863649368286133, -0.8828567266464233, -0.796514630317688, 0.5256280899047852, -1.1504610776901245, 0.23082831501960754, -0.8176863789558411, -0.5730931162834167, 0.581645131111145, 0.12936200201511383, 0.7472220659255981, -1.0419927835464478, -1.6104605197906494, 0.6247624158859253, 0.09847317636013031, 0.25968462228775024, -0.8239536285400391, 0.6685468554496765, 1.280699610710144, -0.7144767642021179, 0.7464485168457031, 0.9543730616569519, 1.3432238101959229, -2.1864280700683594, 0.5952317714691162, 0.8434453010559082, -1.411311388015747, -1.4501183032989502, 0.020475707948207855, -0.40967512130737305, 0.308872252702713, -0.9990872144699097, -1.1357090473175049, 0.004651591181755066, -1.5845155715942383, 0.3055741488933563, 0.4519422650337219, 1.3320428133010864, -0.24946770071983337, 1.1564570665359497, 0.4879663586616516, -0.5969156622886658, 0.6437352895736694, -0.13790056109428406, -2.061213970184326, -0.899364173412323, 0.12521621584892273, -0.16093561053276062, -1.3436274528503418, -0.35686245560646057, -0.5444831848144531, -0.024722103029489517, 2.0833959579467773, 0.3937258720397949, 0.7889015674591064, -2.651120662689209, 1.8301619291305542, 1.5090768337249756, 1.3775471448898315, 0.8270833492279053, 1.9886765480041504, -0.5368757843971252, 0.6618878245353699, -0.5151070952415466, 0.18785959482192993, -0.20329549908638, -0.8746046423912048, -0.4465421736240387, 0.37904760241508484, 1.2335225343704224, -2.132751226425171, -1.6520717144012451, 0.08531858026981354, -0.2769279479980469, -1.3215346336364746, -0.6914718151092529, -1.281609296798706, 0.16556712985038757, -0.5196736454963684, -2.178514242172241, 0.6310442090034485, 1.3697974681854248, -0.6915117502212524, -1.317893624305725, -2.2928144931793213, -0.37968742847442627, 0.37258973717689514, 1.9378933906555176, -1.5651077032089233, -0.028134707361459732, -0.9542828798294067, 0.39457547664642334, 0.0056155044585466385, 1.2885584831237793, -1.400659441947937, -0.6002163887023926, 1.001024842262268, 0.32720527052879333, 1.124773621559143, 0.18748530745506287, 0.9165017008781433, -0.29661834239959717, 0.7260952591896057, 0.6049754619598389, -1.4513558149337769, -1.560377836227417, 0.36434224247932434, -0.8237537145614624, 0.1937950849533081, -2.0115315914154053, 0.08075413107872009]",yunet,Facenet,1920,1080,/home/amos/media/tv/modern_family/Modern.Family.S09.1080p.DSNP.WEB-DL.DDP5.1.H.264-CRFW/Modern.Family.S09E17.Royal.Visit.1080p.DSNP.WEB-DL.DDP5.1.H.264-CRFW.mkv,Modern Family,2009,1442437,9,17,Julie Bowen,31171.0,0.677
625,1188,174,1470,588,1398,336,1266,336,0.931,17160,0,"[-0.43902263045310974, -0.40159350633621216, -1.158918857574463, -0.38219648599624634, -1.4213647842407227, 0.6481993794441223, 0.705674946308136, 0.6714748740196228, 0.9312832355499268, -0.7520458102226257, 1.9224563837051392, -0.5807478427886963, -1.5878758430480957, 0.35462597012519836, -0.45546409487724304, -0.26068586111068726, -0.47033700346946716, -0.7782858610153198, -0.19919916987419128, -0.01594681106507778, 1.4672033786773682, -1.6474430561065674, 1.0191185474395752, -2.1704676151275635, 0.6928818821907043, -0.3629095256328583, 1.0420620441436768, -2.0607028007507324, -0.1318908929824829, -0.677448570728302, -1.5518549680709839, 1.3120805025100708, -0.5125885009765625, 0.5981815457344055, 0.7929027676582336, -0.07013848423957825, -0.9314867854118347, 0.11924426257610321, 0.6792939901351929, -1.2951722145080566, -0.16295814514160156, 1.6815251111984253, -1.7171167135238647, -1.3021849393844604, 0.9393574595451355, -1.9631174802780151, 0.49719473719596863, 1.2982906103134155, 1.2088730335235596, 0.6830728054046631, -0.29936355352401733, 0.5963104367256165, -0.3156750500202179, -0.7030468583106995, 0.32530727982521057, -0.8667597770690918, 1.7089389562606812, 3.716153860092163, -1.0189812183380127, -0.24773165583610535, 0.5561584830284119, -0.8396990299224854, 0.3247073292732239, 0.8051564693450928, 1.3272559642791748, -0.33595705032348633, 0.13813544809818268, 0.5583300590515137, 0.15763908624649048, -1.4347683191299438, -0.37083500623703003, -0.020086899399757385, -2.8817217350006104, 1.8230199813842773, -0.16813889145851135, -1.3915570974349976, -0.21273569762706757, 0.4999813139438629, -0.6243343353271484, -0.946351170539856, -1.3371593952178955, -0.2444669008255005, 1.1935169696807861, -1.617876648902893, -0.9103009700775146, 0.4661271274089813, 0.631435215473175, -0.8292467594146729, -1.8927170038223267, -1.9220972061157227, -0.8996616005897522, 0.4628502428531647, 1.0706452131271362, 1.5013231039047241, -0.06904381513595581, 1.6829127073287964, -2.574305295944214, 0.29230746626853943, -0.5231438279151917, 0.6398922204971313, -1.6865243911743164, -0.38723739981651306, 0.0396382138133049, 0.15794089436531067, 0.42955732345581055, -0.37072741985321045, 0.04404768347740173, 0.8239214420318604, -0.7505326867103577, -0.31245148181915283, 0.10575629025697708, -0.9950606226921082, 1.1780427694320679, 0.08206600695848465, -1.0538549423217773, 2.1984591484069824, 1.2318443059921265, -0.1822962462902069, -0.978213906288147, 1.6847970485687256, -1.3530020713806152, 1.0023881196975708, -0.03508324176073074, -0.15002679824829102, -0.798620879650116, 0.9952974915504456, -2.000046491622925, -1.1104713678359985]",yunet,Facenet,1920,1080,/home/amos/media/tv/modern_family/Modern.Family.S09.1080p.DSNP.WEB-DL.DDP5.1.H.264-CRFW/Modern.Family.S09E17.Royal.Visit.1080p.DSNP.WEB-DL.DDP5.1.H.264-CRFW.mkv,Modern Family,2009,1442437,9,17,Chris Geere,62879.0,0.709
626,570,300,780,570,714,408,624,408,0.914,17160,1,"[-0.5786721706390381, -2.0441434383392334, 0.6402605772018433, 1.55867600440979, 1.7679256200790405, -0.8219577074050903, 0.32869723439216614, -0.7501378655433655, -0.44738394021987915, 1.6114742755889893, -0.6312395334243774, 1.533294677734375, 1.158963918685913, -0.05123234540224075, -1.0304224491119385, 0.5589277148246765, 0.7418779134750366, -0.8026137948036194, -2.0725414752960205, 2.148632049560547, 0.3300282061100006, 0.4760873317718506, 0.8597644567489624, -0.773926317691803, 0.005790645256638527, 1.5555319786071777, 2.3577563762664795, -0.2556251287460327, 1.7627778053283691, -0.817543625831604, 0.8915712833404541, -0.2686045467853546, 1.0628489255905151, -1.5256649255752563, 0.9113714694976807, 0.00037651509046554565, -1.6657962799072266, 1.0344159603118896, 0.3931574821472168, 0.17534658312797546, -1.6636054515838623, 0.6464114189147949, 0.22945289313793182, 0.15003564953804016, 0.41096171736717224, -0.6729900240898132, -1.555147409439087, 1.474454402923584, -1.0056217908859253, 0.04100579768419266, 0.2574054002761841, 1.8592503070831299, -0.005010344088077545, 0.38262051343917847, 1.0405076742172241, 0.2540094554424286, 0.8289090394973755, 0.49798011779785156, -0.8039748668670654, 0.43262389302253723, 0.4435986578464508, -0.07397770881652832, -0.9045439958572388, 0.40929731726646423, -0.5869521498680115, 0.7415318489074707, 0.03439325839281082, 0.3315145671367645, 0.1055038645863533, 0.8852664232254028, -1.0174390077590942, -0.1536676436662674, -1.2143909931182861, 0.927115261554718, 1.8614195585250854, -1.326038122177124, -0.0952296182513237, -1.535452961921692, 0.14027458429336548, -0.8382419347763062, -0.09467223286628723, 0.4894615411758423, 1.321872591972351, 1.3948605060577393, -0.6961188912391663, 0.9191601276397705, 0.7287833094596863, -1.1985981464385986, -0.08202756196260452, -1.6868029832839966, -2.7886414527893066, 0.7264804244041443, 1.0450489521026611, -0.5945925116539001, 1.714298129081726, 0.025314174592494965, 0.15555088222026825, -0.5717272758483887, 0.13840873539447784, -1.341778039932251, -0.05580712482333183, 0.01847100257873535, -2.5055012702941895, 1.1352615356445312, 1.2844542264938354, -0.018475409597158432, 0.9200124740600586, -1.5589934587478638, 1.2404797077178955, -0.8645320534706116, 1.0349302291870117, 1.0105574131011963, 0.9536081552505493, 0.04438307508826256, 0.3194706439971924, 1.7302851676940918, -1.983140468597412, 2.116957187652588, -0.08059511333703995, -1.7247415781021118, 1.860363245010376, -0.6793893575668335, -0.25748753547668457, -1.0421783924102783, 0.3865378499031067, 0.6577693223953247, 0.43106862902641296, 0.6645765900611877]",yunet,Facenet,1920,1080,/home/amos/media/tv/modern_family/Modern.Family.S09.1080p.DSNP.WEB-DL.DDP5.1.H.264-CRFW/Modern.Family.S09E17.Royal.Visit.1080p.DSNP.WEB-DL.DDP5.1.H.264-CRFW.mkv,Modern Family,2009,1442437,9,17,Sarah Hyland,91351.0,0.646
627,528,354,768,648,726,462,612,462,0.929,17184,0,"[-0.5289843082427979, -2.1047463417053223, 0.6420019268989563, 2.0632407665252686, 1.2140237092971802, 0.36347025632858276, 1.0822486877441406, -1.4705966711044312, -0.3096785545349121, 2.313284158706665, -2.4152774810791016, 0.7139325141906738, 0.2883700132369995, 0.7188378572463989, -0.9849531650543213, 0.7191215753555298, -0.6185799837112427, -0.5875410437583923, -1.122726321220398, -0.06198422610759735, -0.4286503195762634, -0.2160651832818985, 1.068436861038208, -0.47169628739356995, 0.3842213451862335, 0.390606552362442, 1.4341868162155151, -0.6878695487976074, 1.3607807159423828, 2.2618637084960938, 0.2068393975496292, -1.340897798538208, -0.9316370487213135, -0.5486727952957153, 0.3245318830013275, -1.4944238662719727, -0.726372480392456, 0.9627060294151306, -0.08849237859249115, -0.2607269585132599, 0.2186557948589325, -0.4193170666694641, -0.1747819483280182, 2.101313352584839, 1.5875179767608643, -0.1972503662109375, -0.49947524070739746, 1.347259521484375, 0.4320552945137024, 0.23687227070331573, -1.755436897277832, 1.2916927337646484, 0.5259045362472534, 0.1658303141593933, -0.9507532119750977, 0.18328957259655, 1.6299039125442505, -0.551389217376709, 0.7161650657653809, 2.1592772006988525, -0.5614816546440125, 1.4321233034133911, -0.9927602410316467, 0.08765916526317596, -0.49470284581184387, 1.3443317413330078, -0.14790084958076477, 0.8066250681877136, 0.005395762622356415, 0.4944305121898651, -0.9591552019119263, 1.2005267143249512, -0.23554033041000366, 0.5791308283805847, 0.8313872218132019, -1.117976427078247, -0.38974905014038086, -1.5375263690948486, 0.33375975489616394, -0.2961304187774658, -0.7635120749473572, -0.6409293413162231, 1.0039114952087402, 0.46091148257255554, -0.2628270089626312, -1.0590914487838745, -0.17801038920879364, -0.08931907266378403, 0.06988972425460815, -0.5424640774726868, -0.9642154574394226, 0.7597346305847168, 0.3273211419582367, -0.43386128544807434, 1.086803674697876, 0.47240981459617615, 0.7928591966629028, 0.26659995317459106, -0.26799964904785156, -0.8064618110656738, 1.4732862710952759, -0.7568058371543884, -2.4882864952087402, 0.5455175042152405, 0.9587084650993347, 0.5778868198394775, -0.2400323897600174, -2.0102813243865967, 0.5296378135681152, -0.9226844906806946, 1.0475517511367798, 0.6928121447563171, 0.42701882123947144, -0.44430723786354065, 0.23657530546188354, -0.1582050323486328, -0.9139513969421387, 1.8404136896133423, -0.46992751955986023, -0.27139100432395935, 3.5808792114257812, -0.9070209264755249, -0.4115903377532959, -0.499686598777771, -0.7319892048835754, -0.3406792879104614, 1.5125612020492554, -0.07931169122457504]",yunet,Facenet,1920,1080,/home/amos/media/tv/modern_family/Modern.Family.S09.1080p.DSNP.WEB-DL.DDP5.1.H.264-CRFW/Modern.Family.S09E17.Royal.Visit.1080p.DSNP.WEB-DL.DDP5.1.H.264-CRFW.mkv,Modern Family,2009,1442437,9,17,Sarah Hyland,91351.0,0.632
628,1104,198,1416,612,1338,354,1194,360,0.92,17184,1,"[0.040786825120449066, -0.5133589506149292, -1.445114016532898, -0.019843682646751404, -0.9185367226600647, 0.5432007312774658, 0.9117303490638733, 0.8526012301445007, 0.9867095351219177, -0.3851136565208435, 1.158177375793457, 0.2801054120063782, -1.0132068395614624, -0.00318223237991333, -0.6134840250015259, -0.5926337838172913, -0.7749592065811157, -0.03322438895702362, 0.5837069153785706, 0.6512151956558228, 1.0625660419464111, -1.5822161436080933, 0.13997790217399597, -2.4686458110809326, -0.4499886929988861, -0.1786845326423645, 0.7672945261001587, -2.0599265098571777, -0.46592873334884644, -0.3068687617778778, -0.360159695148468, 1.6962276697158813, -0.08337931334972382, 0.2316359281539917, -0.20544172823429108, -1.0688971281051636, -0.24737128615379333, 0.0852123573422432, 1.923154592514038, -1.7285250425338745, 0.2579801678657532, 2.4385669231414795, -1.8419209718704224, -2.060811758041382, 0.020279277116060257, -1.6195850372314453, 0.4104096293449402, 1.1494985818862915, -0.10721633583307266, 1.3538928031921387, -0.7104666233062744, 1.0443675518035889, -0.14034903049468994, 0.5358802080154419, 1.0517778396606445, -1.2033133506774902, 1.8282617330551147, 3.6048340797424316, -1.2967463731765747, -0.708640456199646, 0.3094293177127838, -1.6692914962768555, 1.144102692604065, 1.1024914979934692, 1.7684814929962158, -0.7498899698257446, 0.4108384847640991, 0.7285066246986389, -0.35531339049339294, -1.3723727464675903, -0.5434098839759827, 0.20155447721481323, -3.375427722930908, 2.346174716949463, -0.8336219787597656, -1.1571695804595947, -1.3459272384643555, -0.06396044790744781, -0.18457543849945068, -1.156553864479065, -0.7485729455947876, -0.9262889623641968, 1.6081463098526, -1.6165821552276611, -1.1859443187713623, 0.2780471742153168, 0.3229738771915436, 0.2984470725059509, -2.4518439769744873, -1.621666669845581, -1.7408256530761719, -0.31072092056274414, 0.294063538312912, 1.2348982095718384, -0.14919210970401764, 0.41359376907348633, -2.499567747116089, -0.1513955444097519, 0.047214753925800323, -0.13942143321037292, -1.972455382347107, 0.702287495136261, -0.5162678360939026, -0.27980345487594604, 0.007380887866020203, 0.4182032346725464, -0.5792016386985779, 0.03300362080335617, -0.7243982553482056, -0.22121791541576385, -0.22279854118824005, -0.23866181075572968, 0.6850508451461792, -0.559779703617096, -1.0580846071243286, 2.1154625415802, -0.2418440580368042, -0.9935539960861206, -0.3963944613933563, 1.3409839868545532, -2.462183713912964, 1.3229705095291138, 0.5279103517532349, -0.15032647550106049, -0.5643419027328491, 0.8655810952186584, -1.7266204357147217, -0.5547440648078918]",yunet,Facenet,1920,1080,/home/amos/media/tv/modern_family/Modern.Family.S09.1080p.DSNP.WEB-DL.DDP5.1.H.264-CRFW/Modern.Family.S09E17.Royal.Visit.1080p.DSNP.WEB-DL.DDP5.1.H.264-CRFW.mkv,Modern Family,2009,1442437,9,17,Chris Geere,62879.0,0.728
629,768,240,1026,558,882,366,798,372,0.914,17208,0,"[-1.2245545387268066, -0.08306088298559189, -1.8788264989852905, 0.26660504937171936, -0.43807104229927063, 0.358734130859375, -0.3980214297771454, 0.008892570622265339, -0.52341228723526, -0.6187698841094971, -0.784077525138855, -0.6347748637199402, -0.9475864171981812, -0.21592926979064941, 1.4003931283950806, -0.6205315589904785, -0.2638172209262848, -0.3906993865966797, -1.9901955127716064, -1.8356302976608276, -2.074465751647949, 0.07300826162099838, 0.6932129263877869, -2.2138781547546387, -0.3213965594768524, 1.4273390769958496, 2.4387733936309814, 1.3361419439315796, -0.4003453254699707, 0.5128258466720581, -1.7683546543121338, 1.4566980600357056, 0.3752645254135132, -0.6542794108390808, 0.78697270154953, 2.2111358642578125, -0.9925148487091064, -0.3524536192417145, 0.5450643301010132, -0.8639941215515137, 0.7989588379859924, 0.059836529195308685, -2.8805289268493652, -1.7928740978240967, 2.1905226707458496, -2.221803903579712, 1.3463716506958008, -0.31377846002578735, 0.16903550922870636, -0.3434942960739136, -0.3032867908477783, 0.14801941812038422, 0.3923644721508026, 1.126024842262268, 0.613873302936554, 0.1052921712398529, -0.33768004179000854, 1.0059007406234741, -0.34868693351745605, -1.7578400373458862, -0.6367580890655518, -2.5912985801696777, 0.3013257682323456, 0.651276171207428, 1.781703233718872, 0.5462787747383118, -0.16012981534004211, 1.7838565111160278, 0.24007922410964966, -0.6198984384536743, -1.0753169059753418, 1.6035419702529907, 0.10442128777503967, -0.016038991510868073, 0.2502707242965698, -0.059409525245428085, -1.2443437576293945, 0.3507256507873535, 1.150204062461853, -0.2054344117641449, -1.6905728578567505, 1.525130271911621, 0.27303028106689453, 1.1052018404006958, -0.5543134212493896, 0.30409401655197144, 1.5117582082748413, -0.07963511347770691, -0.9634326696395874, 0.2372826784849167, 0.20485270023345947, 0.2467559278011322, -0.11159156262874603, -0.917296826839447, -0.9702750444412231, 1.1190226078033447, -1.2321422100067139, 0.3352506756782532, 0.102861687541008, 1.1228699684143066, -1.4911946058273315, 1.1614185571670532, -1.208354115486145, 0.7764588594436646, 1.1158044338226318, 0.7162553071975708, -1.3526026010513306, 0.41328975558280945, 1.2013070583343506, 0.7928023934364319, -0.9915931820869446, 0.45106661319732666, -0.6578854322433472, 0.9377341270446777, 0.857650637626648, 2.0887105464935303, -1.0792244672775269, -0.6056151986122131, 1.3421814441680908, -0.02144516631960869, 0.025959301739931107, 0.7001619338989258, 0.8249224424362183, -0.09844470769166946, -0.14472517371177673, 0.2098878026008606, 1.00536048412323, 0.30514392256736755]",yunet,Facenet,1920,1080,/home/amos/media/tv/modern_family/Modern.Family.S09.1080p.DSNP.WEB-DL.DDP5.1.H.264-CRFW/Modern.Family.S09E17.Royal.Visit.1080p.DSNP.WEB-DL.DDP5.1.H.264-CRFW.mkv,Modern Family,2009,1442437,9,17,Nolan Gould,147710.0,0.699
630,816,162,1086,516,1026,312,900,312,0.931,17256,0,"[0.5156981945037842, 0.7101432085037231, 0.7086563110351562, 0.7168808579444885, -1.1477978229522705, -0.22808673977851868, -0.6309422850608826, 0.5048962235450745, -0.1225600391626358, -0.45557302236557007, 0.4165191054344177, 0.9410954713821411, 0.8631259202957153, -1.1759313344955444, -1.4312233924865723, 0.7834647297859192, 0.19965535402297974, -0.44791221618652344, -0.9040657877922058, 1.09799063205719, -1.2367023229599, 1.834469199180603, 0.046345435082912445, 0.007397107779979706, 0.22060148417949677, 1.716507077217102, -1.5981454849243164, 3.1417837142944336, 1.1442091464996338, -1.6725109815597534, -1.3003417253494263, -0.36260098218917847, -1.091469407081604, -0.4670269787311554, 1.171601414680481, 0.5815544128417969, 0.27395105361938477, -0.5823640823364258, 0.26522427797317505, 1.1171399354934692, 0.00822844821959734, 0.7735626697540283, -0.5867829322814941, 0.7678541541099548, 0.9182267785072327, 0.51088547706604, 0.540219783782959, -0.09357471764087677, 0.10132811963558197, -1.440766453742981, 0.9731085300445557, -0.12807251513004303, -1.2567555904388428, -0.5022925138473511, -0.6519959568977356, 1.1328924894332886, 1.6682708263397217, 1.2134220600128174, -0.06680437177419662, 0.048157915472984314, 1.4357846975326538, -0.4636460542678833, -0.31661325693130493, -0.14285457134246826, 0.11282524466514587, 1.990680456161499, 1.597151756286621, 0.6529452800750732, 0.9409898519515991, -0.7597026824951172, -0.4313434660434723, 1.3652384281158447, -0.5157325863838196, 1.271893858909607, 1.0685255527496338, 0.5027053952217102, -0.020409509539604187, 1.9112199544906616, 0.7808341979980469, 1.0074130296707153, -0.35511597990989685, -1.10196852684021, 0.6040905117988586, -0.6657470464706421, -1.557837963104248, -2.137127161026001, -0.03752817213535309, -0.7344381809234619, 0.1348593533039093, -0.5414496660232544, 0.3196338415145874, -1.8364746570587158, -0.38157159090042114, -0.7986432909965515, 0.48260533809661865, -0.8135330080986023, 0.5681262612342834, -0.23138172924518585, 0.082590252161026, -0.8853054642677307, 0.26279813051223755, 0.4173887372016907, -2.134512424468994, 0.9103508591651917, -0.6734791994094849, 1.926496148109436, 0.5446904897689819, -1.8637911081314087, -0.04333903640508652, 0.8626031279563904, 0.7870509028434753, 1.9191362857818604, 1.2710773944854736, -0.2493126392364502, 1.2925548553466797, 2.180143356323242, -0.47029435634613037, -1.0534781217575073, 0.39574486017227173, -0.9207044839859009, 0.15287724137306213, 0.35967743396759033, 0.2046101689338684, -0.4338163137435913, 1.3458222150802612, -1.1275720596313477, 0.49187391996383667, -1.1058695316314697]",yunet,Facenet,1920,1080,/home/amos/media/tv/modern_family/Modern.Family.S09.1080p.DSNP.WEB-DL.DDP5.1.H.264-CRFW/Modern.Family.S09E17.Royal.Visit.1080p.DSNP.WEB-DL.DDP5.1.H.264-CRFW.mkv,Modern Family,2009,1442437,9,17,Ty Burrell,15232.0,0.755
631,1608,318,1824,600,1800,432,1746,432,0.919,17280,0,"[-1.412668228149414, 0.9899972677230835, -1.5630218982696533, 0.9305224418640137, 0.9167569279670715, -1.9278209209442139, -1.0842477083206177, -1.1521596908569336, -0.4033336341381073, 0.5042866468429565, 1.4883099794387817, -1.2636631727218628, 1.699948787689209, -1.205290675163269, 0.8834004402160645, 1.1312586069107056, -0.6396297216415405, -1.41542649269104, -1.2334458827972412, -0.052583642303943634, -0.6335997581481934, 1.440291404724121, -1.5964720249176025, 0.7819762825965881, 0.06856144219636917, 1.0320433378219604, 1.4201990365982056, 1.22416090965271, 0.22726775705814362, 0.8580231070518494, 1.1168278455734253, 0.3551003038883209, 1.0439718961715698, -0.5027821063995361, -0.48965534567832947, 1.0575627088546753, 0.36376824975013733, -1.24070405960083, 0.5995985269546509, -0.17576278746128082, 0.38891246914863586, 0.17032527923583984, -0.7020376920700073, -0.408208966255188, 0.3457000255584717, -0.18788298964500427, 0.7465646266937256, 0.5858409404754639, -0.027107659727334976, 0.8396402597427368, 0.36169350147247314, 0.6972751617431641, -0.4837539494037628, 2.159902334213257, -1.2106772661209106, -0.9140489101409912, 2.149458885192871, -1.1396372318267822, -1.2361797094345093, -0.25495144724845886, -0.5126820206642151, -0.851704478263855, -0.1494939923286438, 0.02181890793144703, 0.9849799275398254, -2.0678446292877197, 0.1891796588897705, -1.7027995586395264, -1.1143295764923096, -1.6304322481155396, -0.10660034418106079, -1.3901396989822388, -1.407867193222046, -0.37293440103530884, 0.9481198191642761, -0.12448750436306, 0.6142781972885132, 1.278482437133789, 1.0139758586883545, -0.3532509207725525, 0.1403263807296753, 0.6038038730621338, 1.2612190246582031, -0.093425452709198, 0.2945712208747864, 2.75888729095459, -0.9207099080085754, 3.2052929401397705, 0.10393421351909637, -0.8307052254676819, 0.4787617325782776, 1.107574462890625, 2.6128811836242676, 0.33194199204444885, 2.107112407684326, 1.4524447917938232, -0.8844060897827148, -0.8611606955528259, -1.029120922088623, -1.2051172256469727, 0.15872398018836975, 0.7687278389930725, 0.3497046232223511, -1.8607927560806274, -0.029926184564828873, -0.25813907384872437, -0.7192032337188721, 2.7245516777038574, 1.3286118507385254, -0.45209890604019165, -1.9065502882003784, -1.0293364524841309, -0.8759903907775879, 0.5565256476402283, 0.04757384955883026, -0.22920337319374084, 0.5535624027252197, -0.729788064956665, 0.07652769982814789, 0.926360547542572, -0.719710111618042, -0.714037299156189, 1.0742563009262085, -1.6458162069320679, 2.421511173248291, -0.39071327447891235, 0.6506772041320801, 0.651555597782135]",yunet,Facenet,1920,1080,/home/amos/media/tv/modern_family/Modern.Family.S09.1080p.DSNP.WEB-DL.DDP5.1.H.264-CRFW/Modern.Family.S09E17.Royal.Visit.1080p.DSNP.WEB-DL.DDP5.1.H.264-CRFW.mkv,Modern Family,2009,1442437,9,17,Jimmy Tatro,1304335.0,0.787
632,516,258,738,582,696,378,582,372,0.914,17280,1,"[-2.3332550525665283, 0.41475802659988403, 0.26523712277412415, 0.9570668935775757, -0.15594637393951416, 0.7170543670654297, 0.1989636868238449, -0.9947624802589417, -0.7511410117149353, -1.0340540409088135, 0.40997743606567383, 0.22981099784374237, -0.8300596475601196, -0.9209880828857422, 1.2423490285873413, 0.16425517201423645, -1.174584984779358, -0.5448553562164307, -2.4559810161590576, -0.28101348876953125, -0.9571346044540405, 0.13841992616653442, -0.327424019575119, -0.8622878789901733, -0.3808149993419647, -0.014678671956062317, 2.2689619064331055, 0.9577667713165283, -1.0001405477523804, 0.8598841428756714, 0.190824493765831, 0.18954211473464966, 0.9875278472900391, -1.3070217370986938, 0.6535773277282715, 1.304225206375122, -1.0009011030197144, -0.846023440361023, -0.4131901264190674, 1.618709921836853, 0.19553887844085693, -0.4992259740829468, -2.7704484462738037, -1.4266482591629028, 1.513612151145935, -1.5655407905578613, 1.372067928314209, 0.7118881940841675, 0.40804576873779297, -1.0052882432937622, -0.34848731756210327, 0.1826673001050949, 2.1198570728302, 0.5139098167419434, 0.5278404355049133, 0.6446295380592346, 0.7012602686882019, 0.8478652238845825, -0.041986726224422455, -0.35224294662475586, 0.5683733224868774, -1.2379881143569946, -0.40866750478744507, 0.3138464391231537, 1.7057944536209106, -0.45985740423202515, 1.532327651977539, 2.479013681411743, -0.41928547620773315, 0.0745638981461525, -1.2709509134292603, 0.7139055728912354, -0.17153409123420715, 0.18669666349887848, -0.34878015518188477, 0.2172016054391861, 0.12419262528419495, 1.8965728282928467, -0.961972713470459, 0.7628813982009888, -1.6883108615875244, -0.16047604382038116, -0.4040471315383911, 1.191154956817627, 0.23354610800743103, 0.8914066553115845, 1.556581974029541, -0.1273125410079956, -1.2393423318862915, -0.7737065553665161, 0.6666054725646973, -0.3538273870944977, 1.1398260593414307, -1.1713924407958984, -0.34411871433258057, 0.822237491607666, -0.8182544708251953, 0.07327119261026382, 1.5009441375732422, 1.2831056118011475, -1.5254350900650024, 0.8968285322189331, -0.5193683505058289, 0.31298792362213135, 1.0910695791244507, -0.7998383045196533, -1.753509521484375, 0.9353989362716675, 1.6021672487258911, 0.11111856997013092, -1.5826321840286255, -0.08915254473686218, 0.1419612467288971, 0.23605576157569885, -0.5253903865814209, 2.6390161514282227, -0.7792836427688599, 0.9925872683525085, 0.525408923625946, 1.3305833339691162, 0.16760385036468506, -0.44736039638519287, 0.16205254197120667, -1.1418445110321045, 1.6482118368148804, 0.04982256144285202, -0.35127004981040955, 1.4052374362945557]",yunet,Facenet,1920,1080,/home/amos/media/tv/modern_family/Modern.Family.S09.1080p.DSNP.WEB-DL.DDP5.1.H.264-CRFW/Modern.Family.S09E17.Royal.Visit.1080p.DSNP.WEB-DL.DDP5.1.H.264-CRFW.mkv,Modern Family,2009,1442437,9,17,Nolan Gould,147710.0,0.82
633,990,66,1308,504,1200,216,1050,210,0.927,17304,0,"[0.9960689544677734, 1.9580835103988647, -0.5470224618911743, -1.666257381439209, 0.6827163696289062, 0.5023311376571655, -1.4153053760528564, 0.14942730963230133, 0.3847358822822571, -1.6610004901885986, 0.5212550163269043, 0.708779513835907, -0.24604672193527222, -0.9852191209793091, -0.27168628573417664, -0.24581821262836456, -0.7589143514633179, -0.6028598546981812, -1.037048101425171, 0.3493822515010834, 0.36429253220558167, 1.2465027570724487, 0.7741087675094604, -0.32164719700813293, -0.5289316177368164, 0.47666487097740173, -1.6256364583969116, -0.41571834683418274, -0.024205341935157776, -1.5057811737060547, 0.009363517165184021, -0.4429938793182373, -0.04025553911924362, -0.9076247215270996, -0.642755389213562, 1.496558427810669, 0.4137805998325348, 0.7236033082008362, 0.47174763679504395, 0.6390876770019531, -0.5414981245994568, 1.0312609672546387, 0.36691007018089294, -1.184183120727539, -0.8921015858650208, 0.6314968466758728, -0.8662914037704468, -0.5564980506896973, -0.14120115339756012, -0.7377264499664307, 1.3089063167572021, -2.712320566177368, 0.2215200662612915, -0.18888241052627563, -1.2721465826034546, 0.5352963209152222, 0.15897208452224731, -1.5957448482513428, -1.3274052143096924, 0.3298783302307129, -0.1341056376695633, -0.9541974067687988, -1.6922709941864014, 0.04246218502521515, -0.2583881616592407, -1.4268555641174316, 0.6118292212486267, -1.3642215728759766, 1.200514554977417, 0.06589528918266296, 0.11432764679193497, 3.234630823135376, -2.397679328918457, 0.7276877164840698, 1.4965288639068604, 0.16516520082950592, 0.28862661123275757, 1.3977701663970947, -0.42865899205207825, -0.06150537729263306, -0.7987641096115112, 0.504182755947113, 0.13729843497276306, 0.012960722669959068, -0.4884119927883148, -0.04939047992229462, 1.9377031326293945, -1.1977006196975708, -0.6670742034912109, 0.14838255941867828, 0.4121817648410797, -1.5380913019180298, 0.0682184100151062, -0.4912923276424408, 0.11000173538923264, -0.3847775161266327, -0.139945387840271, 0.17855818569660187, 1.4568760395050049, -1.2615923881530762, 0.1806359887123108, -2.140059471130371, 0.0010350123047828674, 0.760214626789093, 0.623451828956604, -1.1262712478637695, -0.3023381531238556, -0.5651813745498657, 0.05049120634794235, 0.4438249170780182, 1.651136040687561, -1.1781015396118164, -0.8601001501083374, 1.6604537963867188, 0.6978641748428345, 1.6600162982940674, -0.25202101469039917, 0.8689293265342712, -0.5279031991958618, 0.5645114779472351, 0.0014032796025276184, -0.6506314277648926, -0.7345514893531799, 1.1361724138259888, -1.3745919466018677, -1.3488073348999023, -2.880775213241577, -0.1765613555908203]",yunet,Facenet,1920,1080,/home/amos/media/tv/modern_family/Modern.Family.S09.1080p.DSNP.WEB-DL.DDP5.1.H.264-CRFW/Modern.Family.S09E17.Royal.Visit.1080p.DSNP.WEB-DL.DDP5.1.H.264-CRFW.mkv,Modern Family,2009,1442437,9,17,Julie Bowen,31171.0,0.556
634,726,84,1002,444,936,228,816,222,0.926,17328,0,"[0.236331507563591, 0.9482426643371582, 1.6509698629379272, -0.1190023347735405, -1.416638970375061, -0.37728938460350037, -0.7638091444969177, -0.7859439253807068, -0.3581140339374542, -0.9322939515113831, 0.4823460578918457, 0.7878902554512024, 0.27603644132614136, -1.1460542678833008, -1.541589617729187, 0.34492063522338867, -0.09454438090324402, -0.6694080829620361, -0.8504988551139832, 0.8144285678863525, -0.6217931509017944, 1.2662746906280518, -0.34286820888519287, -0.20410674810409546, -0.4186190366744995, 1.7002828121185303, -1.9480981826782227, 3.0300984382629395, 1.374266505241394, -1.581858515739441, -1.0211281776428223, -0.39777427911758423, -0.6064014434814453, -0.8894020318984985, 0.803615391254425, 0.6078876852989197, 0.7038716673851013, -0.5127567052841187, 0.10692203044891357, 0.3739193081855774, -0.45236119627952576, 0.49247080087661743, -1.3758747577667236, 0.4664544463157654, -0.20360229909420013, 0.3159678876399994, 0.24691519141197205, 0.2605859339237213, -0.3653329610824585, -1.6020634174346924, 1.9129297733306885, -1.308675765991211, -0.6410384178161621, -1.1080232858657837, -0.056985531002283096, 1.3466953039169312, 1.6684798002243042, 1.3334200382232666, 0.32252082228660583, 0.0831054076552391, 0.7846469879150391, -0.8227837681770325, -0.5644344091415405, 0.10422806441783905, -0.6465368270874023, 2.354793071746826, 1.877568006515503, 0.15013988316059113, 1.6742489337921143, 0.02701744996011257, -0.23933753371238708, 0.8200176954269409, -0.7655050158500671, 1.1189590692520142, 0.11764603853225708, 1.651383399963379, -0.10580272227525711, 1.8659342527389526, 0.6876085996627808, 0.4942477345466614, -0.6325555443763733, -1.3461730480194092, 0.12240149825811386, -0.19604374468326569, -1.0853126049041748, -2.014798641204834, 0.48806872963905334, -0.8147016763687134, 0.3708738088607788, -0.5449191927909851, 0.6964534521102905, -2.200709342956543, -0.18234531581401825, -0.5763866305351257, 0.2402476966381073, -0.49016785621643066, 0.5692409873008728, -0.5164384841918945, 0.7048467397689819, -1.6404002904891968, 0.00782708078622818, 0.22307038307189941, -1.3275567293167114, 0.5013794898986816, -0.6051117181777954, 1.3878511190414429, 0.5406933426856995, -1.6938832998275757, 0.5467585921287537, 0.9182118773460388, 0.5670239329338074, 1.1851826906204224, 0.4333888590335846, 0.383613258600235, 0.9571743011474609, 2.6100172996520996, 0.04892931878566742, -1.0776594877243042, -0.7426357269287109, -0.26605522632598877, 0.04392795264720917, 0.4371308982372284, 0.013513203710317612, -0.6293303370475769, 1.4630953073501587, -0.5753321051597595, 0.5473611354827881, -1.6013810634613037]",yunet,Facenet,1920,1080,/home/amos/media/tv/modern_family/Modern.Family.S09.1080p.DSNP.WEB-DL.DDP5.1.H.264-CRFW/Modern.Family.S09E17.Royal.Visit.1080p.DSNP.WEB-DL.DDP5.1.H.264-CRFW.mkv,Modern Family,2009,1442437,9,17,Ty Burrell,15232.0,0.755
635,1056,294,1218,516,1194,378,1110,372,0.921,17352,0,"[-0.9019851684570312, 2.2524755001068115, -1.9826287031173706, 0.9297586679458618, 0.7852787375450134, -1.069986343383789, 0.011439848691225052, -1.8352818489074707, 0.5293887853622437, 0.11072292923927307, 1.9757150411605835, -1.0033624172210693, 1.3112956285476685, -1.3411178588867188, 0.7883273363113403, 1.2879960536956787, -0.2752436697483063, -1.3854625225067139, -2.2615866661071777, -0.5204838514328003, -0.46849551796913147, 1.3095699548721313, -1.2699288129806519, 1.5921655893325806, 0.2571912407875061, 0.7418808341026306, 2.050139904022217, 0.944604754447937, 0.447021484375, 0.2738838195800781, 0.8632498979568481, 0.4309859275817871, 0.4749051034450531, -0.33659660816192627, 0.25122204422950745, 0.47353118658065796, 0.17284318804740906, -1.3001368045806885, 0.6002396941184998, 0.3011021614074707, 0.5300008058547974, -0.6482567191123962, -0.47954061627388, -0.8758379817008972, 0.7100893259048462, -0.6744743585586548, 0.5533897876739502, -0.4341537654399872, 0.80447918176651, 0.11621849238872528, -0.31583237648010254, -0.05965710058808327, 0.25451695919036865, 2.0654826164245605, -0.8630339503288269, 0.2664175033569336, 1.7109969854354858, -1.5151411294937134, -0.24002698063850403, -0.9310770034790039, -1.1379247903823853, 0.2316126674413681, 0.41849154233932495, -0.048524659126996994, 0.913442850112915, -0.9852402806282043, 0.5643960237503052, -0.8078012466430664, -1.2556673288345337, -1.6158379316329956, -0.4680335521697998, 0.059194937348365784, -0.15017220377922058, -0.45611655712127686, -0.3867890238761902, -0.7486220002174377, 0.5032920837402344, 0.9413817524909973, 0.8107302188873291, -1.2654422521591187, 0.21000635623931885, 0.5627104043960571, 0.21829482913017273, -0.5444152355194092, 0.31959065794944763, 2.210338830947876, -1.1071207523345947, 1.9744861125946045, 0.5340267419815063, -0.8551990985870361, 1.2351635694503784, 0.9300498962402344, 2.333526372909546, -0.2652246952056885, 1.8055824041366577, 1.4268993139266968, -0.3788985013961792, -0.6361632943153381, -0.5198878645896912, -0.8477314114570618, -0.24876457452774048, 0.8303447365760803, 0.49019956588745117, -1.131850004196167, 0.4777250289916992, 0.4296688437461853, -0.7617974281311035, 2.2859556674957275, 0.6511997580528259, -0.21516698598861694, -1.1869183778762817, -0.09202592074871063, 0.0332656055688858, 0.47347691655158997, -0.6955169439315796, 0.4890570342540741, -0.06826764345169067, -0.15765106678009033, 0.48641982674598694, 1.373916506767273, -0.9825011491775513, -0.21930167078971863, 2.550015449523926, -1.9468713998794556, 1.9938735961914062, 0.4749051034450531, 1.7477023601531982, -0.43421077728271484]",yunet,Facenet,1920,1080,/home/amos/media/tv/modern_family/Modern.Family.S09.1080p.DSNP.WEB-DL.DDP5.1.H.264-CRFW/Modern.Family.S09E17.Royal.Visit.1080p.DSNP.WEB-DL.DDP5.1.H.264-CRFW.mkv,Modern Family,2009,1442437,9,17,Jimmy Tatro,1304335.0,0.856
636,1506,318,1644,498,1590,390,1530,390,0.914,17352,1,"[1.0110036134719849, 0.14595858752727509, 2.0466980934143066, 0.33750590682029724, 0.2192944884300232, 1.1397550106048584, 1.4184057712554932, -2.5531580448150635, -0.028169482946395874, 1.9006612300872803, -0.8289961218833923, -0.3680662512779236, 0.15042699873447418, 1.2989213466644287, -0.7509628534317017, 0.29577940702438354, -0.4611453115940094, -2.0072505474090576, -0.3388596177101135, -0.04598483443260193, 0.6061084270477295, -0.1453395038843155, 0.6346936821937561, 0.8757342100143433, 0.740094780921936, 0.9869080185890198, 2.1431009769439697, -0.16735510528087616, 1.78572416305542, 1.6837900876998901, -0.6658391952514648, -0.5153394937515259, -0.8004913330078125, 0.24321040511131287, 1.9092192649841309, 1.0833325386047363, -1.4619925022125244, -1.21554696559906, -0.3015923798084259, 1.2908596992492676, 0.32428401708602905, -0.78084796667099, -0.5884079933166504, 1.8444401025772095, -0.8357475399971008, -0.4114474952220917, -0.5950848460197449, -0.5947089195251465, -1.6203662157058716, -2.119372606277466, -0.5619980096817017, 0.06720671057701111, -0.40687307715415955, 0.3638259172439575, -0.6165174245834351, -0.14409299194812775, 1.3625929355621338, 0.19223612546920776, -1.039637565612793, -0.714977502822876, -0.8006993532180786, 0.25867289304733276, 0.7758722305297852, -1.431886911392212, -2.0912973880767822, 1.7373661994934082, -0.011382333934307098, 2.1830010414123535, 1.4001396894454956, 1.4586231708526611, 0.6759319305419922, 0.48994937539100647, 0.8956528902053833, -0.5407792329788208, 0.3947761356830597, 1.2184548377990723, 1.4296034574508667, -0.19636066257953644, 0.38792216777801514, 0.04801863431930542, 0.6009064316749573, -0.23897013068199158, 0.6456419825553894, -0.0990559384226799, 0.5065630674362183, -0.3260612189769745, 0.43912556767463684, -0.8300225734710693, 1.6593981981277466, -0.5581718683242798, -0.01968614012002945, -0.18045826256275177, 1.3779923915863037, 0.007442528381943703, 0.46108347177505493, 1.9273957014083862, -0.05965711548924446, -0.3373526334762573, -0.5267459750175476, -0.16827404499053955, -0.31956326961517334, 1.8862967491149902, -1.1757452487945557, -0.42200735211372375, 0.29085773229599, -0.4684223532676697, -0.16625221073627472, -0.6692230701446533, 0.7009188532829285, -0.758293092250824, 0.5546795129776001, 1.0565661191940308, 0.5774818658828735, -1.3071811199188232, 0.12009879946708679, 1.684709072113037, -0.5533592700958252, 1.2905467748641968, 0.9324047565460205, -0.7382585406303406, 1.5184454917907715, 0.613480806350708, 1.5393739938735962, -2.303079605102539, 2.4788076877593994, 0.39879128336906433, 1.7583938837051392, 0.9815807342529297]",yunet,Facenet,1920,1080,/home/amos/media/tv/modern_family/Modern.Family.S09.1080p.DSNP.WEB-DL.DDP5.1.H.264-CRFW/Modern.Family.S09E17.Royal.Visit.1080p.DSNP.WEB-DL.DDP5.1.H.264-CRFW.mkv,Modern Family,2009,1442437,9,17,Ariel Winter,42160.0,0.703
637,252,306,426,540,402,402,330,402,0.913,17352,2,"[-2.193706750869751, 0.1195446252822876, -1.532759428024292, -0.23568764328956604, 0.404691606760025, 0.08801940083503723, -1.6051266193389893, -0.1039385199546814, -0.6429504156112671, -0.46616390347480774, 0.03651641309261322, 0.10812770575284958, -1.2912901639938354, -0.9679969549179077, 0.9432330131530762, -1.7012335062026978, -1.105034351348877, -0.5689288377761841, -2.224428653717041, -0.9088461399078369, -1.5995324850082397, -0.3755967915058136, -1.2003751993179321, -1.633920669555664, -1.1235300302505493, 0.22974097728729248, 2.1573691368103027, 1.685393214225769, -0.6439743041992188, 0.9826089143753052, 0.3401014804840088, 0.9330667853355408, 0.47706180810928345, -1.550262689590454, -0.5843687653541565, 1.2843354940414429, -0.5702306628227234, -2.216082811355591, 0.4151771366596222, -0.7515031099319458, -0.15166446566581726, -1.1699339151382446, -2.6832845211029053, -0.8289439678192139, 1.171303153038025, -2.3721210956573486, 2.050123453140259, -0.1746150553226471, -0.6805922389030457, 0.06883560866117477, -2.0018091201782227, 0.7466203570365906, 1.2836178541183472, 1.99385404586792, 0.12140552699565887, -0.6183537244796753, -0.29890233278274536, 0.37158384919166565, -0.6945450305938721, -0.8711214661598206, -0.8770379424095154, -2.8993451595306396, 1.568665623664856, 0.47589752078056335, 1.4735915660858154, 0.977200984954834, -0.18907490372657776, 1.852170467376709, 0.22799429297447205, -0.9583861827850342, -1.3697726726531982, 0.20384728908538818, -1.0554699897766113, 0.1356988549232483, -0.33285632729530334, 0.8672980070114136, -0.34723907709121704, 0.20198440551757812, 1.36550772190094, 0.8296931982040405, -1.211151361465454, 0.45770546793937683, 0.3326849639415741, 1.6617157459259033, 0.7691617012023926, 0.8374984264373779, -0.612707793712616, 1.0504566431045532, -0.3640348017215729, 0.4102245271205902, 0.18933065235614777, -1.7201451063156128, -0.5141244530677795, -0.8209424614906311, -0.5486835241317749, 1.590075135231018, -2.72247314453125, -0.04797749221324921, 0.9091293811798096, -0.014250893145799637, -1.2063863277435303, 1.3952233791351318, 0.8602333664894104, 0.5100604295730591, 0.13740426301956177, 0.8045538663864136, -1.6050746440887451, 1.0732085704803467, 1.2786073684692383, -0.18117639422416687, -0.6224481463432312, -0.16614209115505219, -1.2042869329452515, 0.754083514213562, 0.9449593424797058, 1.80508291721344, -1.1499735116958618, -0.5620551109313965, 0.8346848487854004, 1.1475697755813599, -0.09207823872566223, 0.4182012677192688, 0.3914598226547241, -0.7312286496162415, -0.04069676250219345, -0.08581922203302383, 1.2788933515548706, 1.0455806255340576]",yunet,Facenet,1920,1080,/home/amos/media/tv/modern_family/Modern.Family.S09.1080p.DSNP.WEB-DL.DDP5.1.H.264-CRFW/Modern.Family.S09E17.Royal.Visit.1080p.DSNP.WEB-DL.DDP5.1.H.264-CRFW.mkv,Modern Family,2009,1442437,9,17,Nolan Gould,147710.0,0.666
638,1056,294,1212,504,1188,372,1116,372,0.916,17376,0,"[-1.0690706968307495, 1.9706999063491821, -1.6756688356399536, 0.4253186881542206, 1.234241008758545, -0.8324781656265259, 0.15616990625858307, -0.5265378355979919, -0.25347384810447693, 0.6087378263473511, 2.10701322555542, -0.6939796209335327, 0.6777676939964294, -0.5688127279281616, 0.5168552398681641, 1.8785656690597534, -0.004141665995121002, -1.244401216506958, -1.2976477146148682, -0.3631013035774231, -1.363525390625, 1.8737635612487793, -1.0480024814605713, 0.7075079083442688, -0.15013480186462402, 1.5133655071258545, 1.6117969751358032, 1.1798348426818848, -0.23626376688480377, 0.7919893264770508, 0.7036474943161011, 0.2914419174194336, -0.02424965798854828, -0.22001078724861145, 0.28201010823249817, 0.6411916017532349, 0.6792093515396118, -1.148149847984314, 1.3470635414123535, -0.4063025414943695, 0.08863432705402374, -0.8875386714935303, -0.9639037847518921, -0.8002761006355286, 1.418843388557434, -0.6437246799468994, 0.423152893781662, -0.39733731746673584, 1.0242621898651123, 1.2389004230499268, 0.22323168814182281, 0.8254761099815369, 0.16816678643226624, 1.3869339227676392, -2.021578311920166, 0.06831549853086472, 2.0553159713745117, -1.4805161952972412, -0.849402129650116, -0.19789549708366394, -0.8985451459884644, 0.38210922479629517, 0.5991044044494629, 0.6695180535316467, 1.5248185396194458, -1.8464044332504272, 0.6636943221092224, -1.352777123451233, -0.5902521014213562, -0.9988057613372803, 0.10963635891675949, 0.021773889660835266, -0.6694030165672302, 0.2988715171813965, 1.0791014432907104, -0.945775032043457, 0.42252054810523987, 0.8157194256782532, 0.9416587948799133, -0.38789433240890503, -0.5044720768928528, 1.087046504020691, 0.9562867283821106, -0.8951696157455444, 0.19300171732902527, 2.470550775527954, -0.8139937520027161, 2.5917603969573975, 0.25192931294441223, -0.48461511731147766, 0.08596938848495483, 1.1626001596450806, 2.0450358390808105, 0.08617497980594635, 2.3845531940460205, 0.7694892287254333, -0.16089607775211334, -0.42133164405822754, -0.5629652738571167, -0.5050513744354248, 0.06773154437541962, 0.8089686632156372, -0.009415984153747559, -1.3065334558486938, 0.17867565155029297, 0.7085970640182495, -0.5244508981704712, 2.4241764545440674, 0.6617540717124939, -0.4773058593273163, -1.378387689590454, 0.3831961154937744, -0.0747169554233551, 0.7492740154266357, 0.5373061895370483, 0.2716054916381836, 0.9295752048492432, 0.22132983803749084, 0.16001883149147034, 0.7507982850074768, -0.4765625, -0.21525710821151733, 2.007476568222046, -1.371729850769043, 1.1463124752044678, -0.4634896218776703, 0.6253870725631714, -0.35040923953056335]",yunet,Facenet,1920,1080,/home/amos/media/tv/modern_family/Modern.Family.S09.1080p.DSNP.WEB-DL.DDP5.1.H.264-CRFW/Modern.Family.S09E17.Royal.Visit.1080p.DSNP.WEB-DL.DDP5.1.H.264-CRFW.mkv,Modern Family,2009,1442437,9,17,Jimmy Tatro,1304335.0,0.84
639,1032,264,1206,474,1158,354,1074,354,0.924,17400,0,"[-0.6434359550476074, 0.8005532026290894, -1.8056740760803223, 0.5846267342567444, 1.537676215171814, -0.9458526372909546, -0.4713953733444214, -1.8493342399597168, 1.332413673400879, 0.1115259975194931, 1.4353926181793213, -1.247586727142334, 0.3483290672302246, -1.2293490171432495, 0.5676931142807007, 1.2842053174972534, -1.2626343965530396, 0.4041711091995239, -1.5097930431365967, -0.11404559016227722, 0.23281079530715942, 2.0853023529052734, -1.1949197053909302, 0.38032838702201843, 1.098136067390442, 2.114872932434082, 2.604475736618042, -0.0461391881108284, 0.4326755404472351, 0.8709894418716431, 0.787977933883667, 0.836475670337677, 0.42654407024383545, -0.5409657955169678, -0.13114812970161438, 0.44084686040878296, 0.4344581961631775, -1.1334649324417114, 1.0001827478408813, -0.6910364627838135, 0.726154625415802, -1.7114752531051636, -0.9157049655914307, -1.6980876922607422, 1.2613657712936401, -1.2725605964660645, 0.08178834617137909, -0.7444283962249756, 1.7864477634429932, 0.5554168224334717, -0.07235001027584076, -0.49306440353393555, 0.5203146934509277, 1.225786566734314, -0.16270843148231506, -1.012878179550171, 2.1310527324676514, -1.1666436195373535, 0.2053186297416687, 0.3536202609539032, -0.4791680872440338, -0.7839266061782837, 0.42357155680656433, -0.08463974297046661, 1.471665382385254, -1.339368224143982, 1.0771127939224243, -1.825417160987854, -1.8624228239059448, -0.7602813243865967, 0.0029930996242910624, -0.5336519479751587, -0.658589780330658, 0.060847654938697815, 0.496762752532959, -2.3433218002319336, 0.6099859476089478, 1.0183929204940796, 1.1170083284378052, -0.1438317745923996, -1.2720459699630737, 0.4452647268772125, 2.008338451385498, 0.034459397196769714, -0.4765673577785492, 3.411048173904419, -1.7650716304779053, 2.1412112712860107, 1.4720367193222046, -1.9010945558547974, 0.8598916530609131, 1.3984450101852417, 0.8000439405441284, -0.6396725177764893, 2.0194385051727295, 0.0821322649717331, -1.4102650880813599, -0.8881169557571411, -0.11324171721935272, -1.4481946229934692, 0.4092904329299927, 0.4144171476364136, 0.26665374636650085, -1.2741121053695679, 0.7720664143562317, 0.6746816039085388, -0.14676126837730408, 1.9339011907577515, 0.9155444502830505, -0.09105180203914642, -1.2769410610198975, -0.8507945537567139, -0.3125409483909607, 0.6549065709114075, 0.9402803778648376, -0.5673167705535889, 0.6224937438964844, 0.6399676203727722, 0.3811718225479126, 1.5181165933609009, -0.22323982417583466, 0.1553480476140976, 2.064101457595825, -1.5441209077835083, 0.46793264150619507, 0.7370884418487549, 1.3559417724609375, -0.15826797485351562]",yunet,Facenet,1920,1080,/home/amos/media/tv/modern_family/Modern.Family.S09.1080p.DSNP.WEB-DL.DDP5.1.H.264-CRFW/Modern.Family.S09E17.Royal.Visit.1080p.DSNP.WEB-DL.DDP5.1.H.264-CRFW.mkv,Modern Family,2009,1442437,9,17,Jimmy Tatro,1304335.0,0.749
640,228,324,396,534,360,420,300,414,0.908,17400,1,"[-1.927444577217102, 0.3121568262577057, -0.9108507633209229, 0.2828560471534729, 0.6552773714065552, 0.6689496040344238, -1.3726084232330322, 0.06782814115285873, -0.3066929280757904, -0.8440114855766296, -0.3658473491668701, -0.1011802926659584, -1.884226679801941, -0.6531383991241455, 0.680971622467041, -1.5214743614196777, -1.2638049125671387, -0.18085426092147827, -2.157219409942627, -0.2747957706451416, -0.29250651597976685, 0.6272993087768555, -1.6423758268356323, -0.597119927406311, -0.6673076152801514, -0.20003783702850342, 1.4807018041610718, 0.7533206343650818, 0.18552905321121216, 0.2910457253456116, 0.5229686498641968, 0.5809564590454102, 0.27232763171195984, -0.7809717655181885, 0.11468970775604248, 1.0020073652267456, -1.56870436668396, -2.652573823928833, -0.17152917385101318, -0.08332929015159607, -0.3603484332561493, -1.5307749509811401, -2.0256752967834473, -0.9409775137901306, 1.5870492458343506, -1.751301884651184, 3.210331439971924, 0.5845484733581543, -0.5300686359405518, 0.4200264811515808, -2.3972182273864746, 1.103604793548584, 1.291483998298645, 1.0836882591247559, 0.2835468351840973, -0.2567405104637146, -0.7636162042617798, 0.2546262741088867, -0.37808743119239807, 0.7560110092163086, -0.2743767499923706, -2.7845752239227295, 0.9447988867759705, 0.040532972663640976, 1.4873501062393188, 1.0333656072616577, 0.07594633102416992, 2.6364426612854004, 0.6249013543128967, -1.5007058382034302, -0.978230357170105, -0.7811176776885986, -1.0843713283538818, 0.8395233154296875, -0.38359004259109497, 0.37093299627304077, 0.8199541568756104, -0.019048389047384262, 0.7473040819168091, 1.4754126071929932, -1.615078091621399, -0.5543373823165894, 0.9535243511199951, 1.9197359085083008, 1.8616571426391602, 1.1597445011138916, 0.26415473222732544, 0.4374614357948303, 0.7140562534332275, -0.09434157609939575, -0.4177105724811554, -0.08307166397571564, 0.16831497848033905, -0.8486403226852417, -0.0652124285697937, 1.146353840827942, -3.123410940170288, 0.09887462109327316, 1.032081127166748, 0.8666027784347534, -1.0290940999984741, 1.2782891988754272, 0.632122278213501, 0.8733548521995544, -0.1259000599384308, -0.4483494162559509, -1.1521180868148804, 1.62894606590271, 0.5856783986091614, -1.059424638748169, -0.22174230217933655, -0.6756210923194885, -0.7069928646087646, 0.47163474559783936, 0.5629385113716125, 1.4187204837799072, -0.06069498881697655, 1.4152101278305054, 0.92460036277771, 1.4381860494613647, 0.1890391707420349, 1.059041142463684, -0.39532601833343506, -0.36003655195236206, -0.2798722982406616, 0.5869410634040833, 0.20343051850795746, 1.3764936923980713]",yunet,Facenet,1920,1080,/home/amos/media/tv/modern_family/Modern.Family.S09.1080p.DSNP.WEB-DL.DDP5.1.H.264-CRFW/Modern.Family.S09E17.Royal.Visit.1080p.DSNP.WEB-DL.DDP5.1.H.264-CRFW.mkv,Modern Family,2009,1442437,9,17,,,
641,966,258,1152,492,1092,348,1008,348,0.934,17424,0,"[-1.2989251613616943, 0.9928748607635498, -0.8869414329528809, 1.03851318359375, 1.4300649166107178, -1.4760862588882446, -0.17497192323207855, -1.3473864793777466, 0.7181950807571411, 0.7932875752449036, 1.7109376192092896, -1.1301604509353638, 1.5502753257751465, -1.7944802045822144, 0.787163496017456, 1.492191195487976, -1.1258397102355957, -0.2956234812736511, -1.8430167436599731, -0.877050518989563, -0.5018247365951538, 1.9126358032226562, -1.900950312614441, 0.15572631359100342, 0.26291772723197937, 2.140812397003174, 2.1910176277160645, 1.5965454578399658, 0.013985227793455124, 1.200195074081421, 0.32007378339767456, 0.5502761006355286, -0.8541209697723389, -1.3198133707046509, 0.48804032802581787, 0.07098037004470825, 0.8618430495262146, -1.344124436378479, 0.3800274133682251, -0.7567859888076782, 0.8805014491081238, -1.3305931091308594, -0.21337249875068665, -0.9661787748336792, 1.0412862300872803, -0.8158481121063232, 1.5573704242706299, -1.1219079494476318, 1.6511887311935425, 0.4820915460586548, 0.29395514726638794, 0.34747835993766785, -0.18851470947265625, 1.4204505681991577, -1.1738879680633545, -1.2011624574661255, 2.024448871612549, -1.604359745979309, -0.041748225688934326, 0.6556150317192078, -0.4748043417930603, -0.4507608413696289, 0.7272937297821045, -0.14769595861434937, 1.642780065536499, -0.9245132803916931, 0.7494549751281738, -0.8058654069900513, -1.1555753946304321, -0.44844093918800354, 0.0001806030049920082, -0.17371749877929688, -0.8454015254974365, 0.07507787644863129, 0.6299002766609192, -0.6281370520591736, 0.46955493092536926, 1.5486844778060913, 0.7551820278167725, -0.09754876047372818, -1.0955005884170532, 0.5259158611297607, 1.7610684633255005, -0.24611809849739075, -0.44461455941200256, 2.0144922733306885, -1.3275264501571655, 2.176992177963257, 0.5396225452423096, -1.2220255136489868, 0.6791414022445679, 0.5157101154327393, 1.8372714519500732, -0.4660094380378723, 1.8463871479034424, 0.8893202543258667, -0.7937933206558228, 0.38911962509155273, 0.7113158106803894, -1.2671374082565308, 0.6676803231239319, 0.5199729800224304, 0.47039130330085754, -1.747395396232605, 0.3649490773677826, 1.7262495756149292, -1.0221173763275146, 2.91037654876709, 0.843686580657959, 0.41311177611351013, -1.0887762308120728, -0.49665558338165283, -0.4067162275314331, 0.14438509941101074, 1.0272706747055054, 0.20189327001571655, 0.6803983449935913, -0.12630131840705872, -0.28568607568740845, 0.9611466526985168, 0.44203466176986694, -0.6031484603881836, 1.5983033180236816, -0.8522674441337585, 1.0287522077560425, -0.10599365085363388, 0.5318860411643982, -0.39276742935180664]",yunet,Facenet,1920,1080,/home/amos/media/tv/modern_family/Modern.Family.S09.1080p.DSNP.WEB-DL.DDP5.1.H.264-CRFW/Modern.Family.S09E17.Royal.Visit.1080p.DSNP.WEB-DL.DDP5.1.H.264-CRFW.mkv,Modern Family,2009,1442437,9,17,Jimmy Tatro,1304335.0,0.755
642,108,276,300,540,270,378,186,384,0.92,17424,1,"[-2.0896317958831787, 0.11512048542499542, -1.1329405307769775, -0.08120475709438324, -0.5832647085189819, 0.14477849006652832, -0.9560739994049072, -0.4179639518260956, -1.2496838569641113, -1.3104846477508545, -0.2655893862247467, -0.3799774646759033, -0.3351361155509949, -0.7589212656021118, 0.727325439453125, -0.8310171961784363, -1.7334744930267334, -0.6263754963874817, -2.176543951034546, -0.6934833526611328, -1.8470851182937622, 0.8864863514900208, -0.7214934229850769, -1.6368638277053833, -0.9818666577339172, 0.39123228192329407, 1.5937554836273193, 1.3254597187042236, 0.13281163573265076, 0.7225130796432495, -0.35809609293937683, 0.5283792018890381, 0.6516329050064087, -1.042693853378296, -0.2548302412033081, 1.3977829217910767, -0.5588191151618958, -1.0635181665420532, 0.7846848964691162, -0.7572365999221802, 0.681132972240448, -0.850860595703125, -2.7732455730438232, -1.9993013143539429, 1.5585564374923706, -2.664951801300049, 1.7296196222305298, 0.6779590845108032, -0.4845178723335266, -0.31263259053230286, -1.117245078086853, 1.425400972366333, 0.9843167662620544, 1.8567440509796143, -0.6921718120574951, 0.6456902623176575, -0.21057045459747314, -0.024333400651812553, -0.8572230339050293, 0.23089683055877686, -0.14018237590789795, -2.602776050567627, 0.042214713990688324, 1.0474343299865723, 1.9878511428833008, 0.28146427869796753, 0.9797379374504089, 2.2008540630340576, -0.4082995355129242, -0.7852791547775269, -1.1567063331604004, 1.1834431886672974, -1.237384557723999, 0.33009934425354004, 0.6577529907226562, 0.4664400815963745, -0.9061987400054932, 0.29124772548675537, 0.637624979019165, 0.018557921051979065, -1.149449110031128, 1.130468487739563, 0.08335841447114944, 1.663159728050232, 1.1171845197677612, 0.37306448817253113, 0.32903602719306946, 0.7339187264442444, -1.2511005401611328, -0.6521783471107483, -0.09980349987745285, -0.713907778263092, 1.1122428178787231, -1.034014344215393, -0.562388002872467, 1.2157593965530396, -2.07074236869812, 0.4897579848766327, 1.68485689163208, -0.1317085325717926, -0.7242797613143921, 0.7842341065406799, 0.008202888071537018, 0.8263819813728333, 0.06925175338983536, 1.0641515254974365, -1.6382914781570435, 0.7484443187713623, 0.9069606065750122, -0.3841411769390106, -0.929876983165741, 0.22543804347515106, -0.7827694416046143, 0.1729854941368103, 0.7452874183654785, 1.8090046644210815, -0.7478679418563843, 0.30147576332092285, -0.11110783368349075, 1.831072211265564, 0.5624387860298157, 0.5441664457321167, 0.9242526292800903, -0.2759143114089966, 0.2838844656944275, 0.5445439219474792, 0.18710872530937195, 1.5619145631790161]",yunet,Facenet,1920,1080,/home/amos/media/tv/modern_family/Modern.Family.S09.1080p.DSNP.WEB-DL.DDP5.1.H.264-CRFW/Modern.Family.S09E17.Royal.Visit.1080p.DSNP.WEB-DL.DDP5.1.H.264-CRFW.mkv,Modern Family,2009,1442437,9,17,Nolan Gould,147710.0,0.727
643,1554,306,1698,480,1668,378,1596,378,0.912,17424,2,"[0.4752793610095978, -0.15935686230659485, 0.9476273655891418, 0.7860103845596313, 0.826108455657959, 0.21730735898017883, 1.4226505756378174, -1.968720555305481, 0.01675974205136299, 1.0108213424682617, 0.9346831440925598, 0.06276202201843262, 0.7782008051872253, 1.2716705799102783, 0.1583012193441391, 0.5291799902915955, 1.432557225227356, -1.7908967733383179, -1.347927212715149, 0.09264553338289261, -0.9866790771484375, -0.49664539098739624, 1.1790660619735718, 1.5930547714233398, 1.2478301525115967, 0.014202170073986053, 2.255680561065674, 1.0766329765319824, 1.3002831935882568, -0.270670622587204, 0.1690939962863922, -1.2652794122695923, 0.2519688904285431, 0.347287118434906, 1.8714014291763306, 1.077380895614624, -1.0023107528686523, -0.4597697854042053, -0.384103000164032, 1.157562017440796, -0.9753807187080383, -1.4595730304718018, 0.4472152292728424, 1.2662843465805054, -0.5227516889572144, -1.2857037782669067, -1.0521477460861206, 0.11107594519853592, -1.0760267972946167, -1.2566735744476318, 0.4021010398864746, -0.3342411518096924, -0.590984582901001, 1.1164659261703491, -0.283072829246521, 1.3793636560440063, 1.1800187826156616, 1.0905348062515259, -1.2775967121124268, -1.558495044708252, -1.7319142818450928, 0.870093822479248, 1.0507713556289673, -0.5520206689834595, -1.0622453689575195, 1.5574290752410889, -0.9833933115005493, 1.6278420686721802, 0.19078555703163147, 1.5467578172683716, 0.33513444662094116, 0.22475522756576538, 0.6488242149353027, -0.18797516822814941, -1.4007207155227661, 0.10174274444580078, 1.5688109397888184, -1.6256308555603027, -0.16280928254127502, -0.018863633275032043, 0.276251882314682, 0.7490100860595703, 1.372890591621399, 0.4908406436443329, 0.571993350982666, -0.14056488871574402, 1.5847804546356201, -0.7301134467124939, 1.400943636894226, -1.2063325643539429, -0.20986732840538025, -1.055356502532959, 1.2850185632705688, -0.368393212556839, 0.5898154377937317, 0.7421107292175293, 0.31842342019081116, -0.7476539015769958, -0.8849177360534668, 0.31960201263427734, -0.726249635219574, 1.850929617881775, -0.2878095209598541, 1.0729591846466064, 0.11309552937746048, 0.45061731338500977, 0.618618369102478, -1.6675394773483276, 1.6640392541885376, -1.1433991193771362, 0.37735384702682495, 1.4053285121917725, 1.3362094163894653, -0.7529628872871399, 0.06106184422969818, 0.5710887908935547, 0.492341548204422, 1.8216474056243896, 1.4878822565078735, -1.893227458000183, 0.9539077877998352, 1.5502110719680786, 2.8949453830718994, -2.152945041656494, 2.0672662258148193, 1.3152328729629517, 2.0728812217712402, 0.8168714642524719]",yunet,Facenet,1920,1080,/home/amos/media/tv/modern_family/Modern.Family.S09.1080p.DSNP.WEB-DL.DDP5.1.H.264-CRFW/Modern.Family.S09E17.Royal.Visit.1080p.DSNP.WEB-DL.DDP5.1.H.264-CRFW.mkv,Modern Family,2009,1442437,9,17,Ariel Winter,42160.0,0.589
644,564,240,804,570,744,360,630,360,0.931,17448,0,"[-0.5588747262954712, 1.5758930444717407, -1.4071382284164429, 1.2055872678756714, 1.3165671825408936, -1.0222268104553223, 0.340815007686615, -1.3699091672897339, 0.5482451915740967, 0.40357524156570435, 1.962584137916565, -1.0586440563201904, 1.0276319980621338, -0.7695667743682861, 0.4181501567363739, 1.6482338905334473, 0.06788979470729828, -0.6279286742210388, -1.6489843130111694, -0.45266586542129517, -0.7149956226348877, 2.102956533432007, -1.1722151041030884, 0.2514656186103821, 0.4174147844314575, 1.6240335702896118, 2.084744453430176, 0.8181778192520142, 0.19177687168121338, 1.1052966117858887, 0.2602287828922272, 0.775406539440155, -0.9639866352081299, -0.6024967432022095, 0.4300871789455414, 0.6458421349525452, 0.6752774119377136, -1.358139991760254, 0.7171314358711243, -0.8129458427429199, 0.3872833251953125, -1.128041386604309, -0.7137502431869507, -1.1913013458251953, 1.0442663431167603, -0.29046931862831116, 0.2883547246456146, -1.0697687864303589, 1.0212208032608032, 1.3327114582061768, 0.15815049409866333, -0.18601398169994354, 0.27721309661865234, 1.8545386791229248, -1.3137121200561523, -0.9895679354667664, 1.870230793952942, -1.5435783863067627, -0.4855296015739441, -0.6586799621582031, -1.4508854150772095, 0.08363384008407593, 1.3934533596038818, 0.45227593183517456, 1.5645047426223755, -1.3702901601791382, 0.78048175573349, -1.4201703071594238, -1.276609182357788, -0.40461671352386475, 0.49965953826904297, 0.29807987809181213, -0.6088975071907043, 0.20596151053905487, 0.5263469815254211, -1.180445671081543, 0.5287249088287354, 1.2446590662002563, 1.114650845527649, -0.26973068714141846, -0.5568514466285706, 0.8557270765304565, 0.9181643128395081, -1.0189826488494873, -0.062409184873104095, 2.4400477409362793, -1.5167109966278076, 1.8224490880966187, 0.24649885296821594, -1.407846212387085, 1.348815679550171, 1.3363245725631714, 1.4521782398223877, -0.25874173641204834, 1.8388874530792236, 1.0030430555343628, 0.09489031136035919, 0.04795154929161072, -0.11004118621349335, -1.3115296363830566, -0.09944644570350647, 1.1774824857711792, 0.5419477224349976, -1.6047700643539429, 0.22297459840774536, 1.438060998916626, -0.5624371767044067, 2.2512705326080322, 0.7107122540473938, -0.2850077450275421, -1.3436404466629028, 0.1667453944683075, 0.27161791920661926, 0.4051031768321991, 0.7467535734176636, 0.003223821520805359, 0.7595010995864868, 0.12970389425754547, -0.13549774885177612, 0.9604226350784302, -0.5768967866897583, -0.35416069626808167, 2.8939738273620605, -2.0459253787994385, 1.0064858198165894, 0.3412836492061615, 0.8790760040283203, -0.5448400974273682]",yunet,Facenet,1920,1080,/home/amos/media/tv/modern_family/Modern.Family.S09.1080p.DSNP.WEB-DL.DDP5.1.H.264-CRFW/Modern.Family.S09E17.Royal.Visit.1080p.DSNP.WEB-DL.DDP5.1.H.264-CRFW.mkv,Modern Family,2009,1442437,9,17,Jimmy Tatro,1304335.0,0.808
645,1296,330,1464,546,1434,420,1362,414,0.912,17448,1,"[0.42264077067375183, 0.3215002119541168, 0.5850502252578735, 0.3798048496246338, 0.5316968560218811, 0.9060825109481812, 1.0961849689483643, -1.3785649538040161, 0.3128197491168976, 0.7901811003684998, 0.5715025663375854, 0.26398980617523193, 0.4282321333885193, 1.5686224699020386, -0.26177549362182617, 0.8988226056098938, 1.2458504438400269, -2.2092864513397217, -1.1026408672332764, 0.7731564044952393, -0.9210482835769653, 0.2146131694316864, 0.3756328523159027, 1.2122193574905396, 1.174606442451477, 0.6216169595718384, 1.5708656311035156, 1.1229063272476196, 1.600226879119873, 0.12606118619441986, 0.17982639372348785, -1.3985843658447266, 0.3489871025085449, 0.22395578026771545, 2.070662260055542, 1.306108832359314, -1.250795841217041, 0.258183091878891, 0.1255417913198471, 2.040134906768799, -0.5349043607711792, -0.3205379843711853, 0.09195845574140549, 1.0693327188491821, -0.3886180818080902, -1.8162771463394165, -1.7779408693313599, 0.6039785146713257, -0.47980278730392456, -1.172565221786499, 0.8096270561218262, 1.0082145929336548, -0.04056321084499359, 0.06888635456562042, -0.40313825011253357, 1.5275213718414307, 1.5149191617965698, 0.3764529228210449, -0.30940186977386475, -0.967319905757904, -0.7089799046516418, 1.1554710865020752, 0.7703191637992859, -0.33374887704849243, -1.0154781341552734, 1.3201566934585571, -0.38680142164230347, 2.187117099761963, 0.2796153128147125, 0.9373128414154053, -0.2330455332994461, 0.29324430227279663, 0.5942371487617493, -1.0699777603149414, -0.5059515237808228, 0.2472795993089676, 1.3597055673599243, -1.381048321723938, -0.6931774616241455, -0.2708735466003418, 0.1730908453464508, 0.9664708375930786, 0.9344965219497681, 0.5509318113327026, -0.06200604885816574, -0.27866387367248535, 1.0279457569122314, -0.22032466530799866, 1.1186734437942505, -0.9393233060836792, -0.5388907790184021, -0.7859832644462585, 1.5463805198669434, -0.12951967120170593, 0.5171573162078857, 0.378658264875412, 0.4591215252876282, -1.271944522857666, -0.6915324926376343, 1.1490600109100342, 0.14772939682006836, 1.6582131385803223, -1.5297152996063232, 1.045015811920166, -0.16347423195838928, 0.13545191287994385, 0.3359207212924957, -1.5059884786605835, 1.3103700876235962, -0.7371498942375183, 1.055916428565979, 1.1986949443817139, 1.4041774272918701, -0.2655681073665619, 0.2859524190425873, 0.5360071659088135, 0.0991414338350296, 1.767817497253418, 1.7851297855377197, -1.5626511573791504, 1.5918421745300293, 1.4687923192977905, 2.1322569847106934, -2.7731916904449463, 2.107175350189209, 0.6749913692474365, 2.176699161529541, 0.47649016976356506]",yunet,Facenet,1920,1080,/home/amos/media/tv/modern_family/Modern.Family.S09.1080p.DSNP.WEB-DL.DDP5.1.H.264-CRFW/Modern.Family.S09E17.Royal.Visit.1080p.DSNP.WEB-DL.DDP5.1.H.264-CRFW.mkv,Modern Family,2009,1442437,9,17,Ariel Winter,42160.0,0.61
646,606,186,858,504,822,312,714,306,0.927,17472,0,"[-1.179770827293396, 1.137738823890686, -2.252486228942871, 1.3922110795974731, 0.8720059394836426, -1.5011236667633057, -0.03283211588859558, -0.8337964415550232, 0.40433740615844727, 0.6037866473197937, 1.4640051126480103, -1.0553697347640991, 1.484354853630066, -1.2715880870819092, 0.10290973633527756, 2.379474401473999, -0.26347479224205017, -1.195511817932129, -2.1608054637908936, 0.48888903856277466, -0.7252135276794434, 1.924932837486267, -1.2324618101119995, 0.8616118431091309, -0.6228857636451721, 1.8563560247421265, 2.3863821029663086, 1.2352888584136963, -0.1939113885164261, 0.8581645488739014, 0.0028674378991127014, 0.7335771322250366, -0.012714000418782234, -0.5014926195144653, -0.35043543577194214, 0.32362887263298035, 0.6969298124313354, -1.4345887899398804, 1.2208194732666016, -0.5174622535705566, -0.03468296676874161, -0.9381332993507385, -0.6298149824142456, -0.9373151063919067, 0.702360212802887, -0.6941182017326355, 0.9508858323097229, -0.3786934018135071, -0.09692107886075974, 0.8574205636978149, 0.7631863951683044, 0.3600561320781708, -0.806378185749054, 1.9059312343597412, -0.9532296061515808, -0.548946738243103, 1.9644653797149658, -1.1027297973632812, -0.45123162865638733, -0.48857155442237854, -1.3473758697509766, 0.08412767946720123, 0.4001668691635132, 0.440970778465271, 1.7425768375396729, -1.2209278345108032, 0.4035964012145996, -0.7283979654312134, -1.601104974746704, -1.5455552339553833, -0.264776349067688, -0.34566009044647217, -0.07864616811275482, 0.22834829986095428, 1.218555212020874, -0.04749774560332298, -0.04700981453061104, 1.002652645111084, 1.1147716045379639, -1.3030215501785278, -0.8741308450698853, 0.7472479343414307, 0.703088104724884, -0.17477388679981232, -0.10593882948160172, 2.1546645164489746, -1.0494766235351562, 2.5469114780426025, 0.0365113765001297, -1.0260746479034424, 1.0501933097839355, 0.6131260991096497, 2.346383571624756, -0.47046613693237305, 1.6429803371429443, 0.835460901260376, 0.20914039015769958, -0.4514806270599365, -0.9060287475585938, -1.403072476387024, 0.1618255376815796, 0.7758398056030273, -0.2856462001800537, -1.496698260307312, 0.0883508250117302, -0.07704456150531769, -0.5058417916297913, 2.095938205718994, 0.9969089031219482, 0.4884208142757416, -0.65732741355896, -0.10929164290428162, 0.541001558303833, 0.38917940855026245, 0.14290064573287964, 0.07404889166355133, 0.01647571474313736, 0.3388122618198395, 0.08098733425140381, 0.7145823240280151, -0.45960426330566406, -0.1908273696899414, 1.9689629077911377, -1.3917053937911987, 1.4203429222106934, -0.4771435260772705, 1.0516691207885742, -0.34584805369377136]",yunet,Facenet,1920,1080,/home/amos/media/tv/modern_family/Modern.Family.S09.1080p.DSNP.WEB-DL.DDP5.1.H.264-CRFW/Modern.Family.S09E17.Royal.Visit.1080p.DSNP.WEB-DL.DDP5.1.H.264-CRFW.mkv,Modern Family,2009,1442437,9,17,Jimmy Tatro,1304335.0,0.834
647,1302,318,1482,540,1446,414,1362,414,0.905,17472,1,"[0.6522438526153564, 0.24286869168281555, 0.7565587162971497, 0.632498562335968, 0.3812762200832367, 0.6105244755744934, 1.2882517576217651, -1.9255290031433105, -0.15316908061504364, 0.8824480175971985, 0.762601375579834, 0.19023074209690094, 0.23491044342517853, 1.459468126296997, -0.15570563077926636, 0.28416740894317627, 1.6494152545928955, -2.432213306427002, -1.3384630680084229, 0.826418399810791, -1.3135879039764404, -0.13823910057544708, 0.45060378313064575, 1.328133463859558, 1.5890284776687622, 0.20738866925239563, 1.4633476734161377, 0.9748488664627075, 1.7375906705856323, 0.1030004546046257, 0.09826742112636566, -1.6352254152297974, -0.16430671513080597, 0.2647585868835449, 1.7010587453842163, 1.1316359043121338, -1.1418237686157227, 0.22758162021636963, 0.19470152258872986, 1.2509305477142334, -0.6764914393424988, -0.2209433913230896, 0.024590782821178436, 1.5485464334487915, -0.4968681037425995, -1.7678674459457397, -1.691910982131958, 0.8364663124084473, -0.8457949757575989, -0.7325103282928467, 0.7599294185638428, 0.4535555839538574, 0.33324143290519714, 0.14022064208984375, -0.530750572681427, 1.0800361633300781, 1.4955209493637085, 0.2753942608833313, -0.5186524391174316, -0.9122689962387085, -1.040343165397644, 0.8648187518119812, 1.143301248550415, -0.37874868512153625, -1.104902744293213, 1.690313696861267, -0.9886002540588379, 2.1087656021118164, 0.36851072311401367, 1.1895989179611206, -0.4369673430919647, 0.29242485761642456, 0.01489392202347517, -1.1808624267578125, -1.0527323484420776, 0.415316641330719, 1.3599305152893066, -1.5889562368392944, -0.12891831994056702, -0.01711401343345642, 0.31543222069740295, 0.8362374305725098, 0.4590233266353607, 0.7062771320343018, 0.5004214644432068, -0.3298313021659851, 1.1871113777160645, -0.4685137867927551, 0.756672739982605, -1.0976691246032715, 0.03681165724992752, -0.6775426268577576, 1.6121129989624023, 0.1833278238773346, 0.4999993145465851, 0.30334797501564026, 0.8204612731933594, -1.0438271760940552, -1.1834909915924072, 0.5793461799621582, 0.30166733264923096, 1.5571779012680054, -0.9224337339401245, 1.0755060911178589, -0.4962712228298187, 0.4200282692909241, 0.039929598569869995, -2.305884599685669, 0.9312405586242676, -0.9147307872772217, 0.8066721558570862, 1.3392620086669922, 1.6576262712478638, -0.5121332406997681, 0.11654379218816757, 0.27047285437583923, -0.5156752467155457, 1.7251859903335571, 1.8438186645507812, -0.8171000480651855, 1.2857905626296997, 1.3058085441589355, 2.3860485553741455, -2.6357686519622803, 1.972454309463501, 0.7742085456848145, 2.5221409797668457, 0.6538074016571045]",yunet,Facenet,1920,1080,/home/amos/media/tv/modern_family/Modern.Family.S09.1080p.DSNP.WEB-DL.DDP5.1.H.264-CRFW/Modern.Family.S09E17.Royal.Visit.1080p.DSNP.WEB-DL.DDP5.1.H.264-CRFW.mkv,Modern Family,2009,1442437,9,17,Ariel Winter,42160.0,0.539
648,1188,114,1422,426,1392,228,1284,228,0.921,17496,0,"[1.1336721181869507, -1.4378684759140015, -2.0222277641296387, -0.7141910195350647, 0.8711459040641785, 1.2718408107757568, 0.9971362352371216, 0.18722185492515564, 0.29658815264701843, 0.08966143429279327, 0.42524731159210205, -1.330618977546692, -1.5257076025009155, 0.5458673238754272, -0.045033425092697144, 0.004545271396636963, -0.8863716125488281, -0.7400705218315125, 0.2950540781021118, -1.547399878501892, -0.09506474435329437, -0.7765757441520691, 0.4574437141418457, -1.9985395669937134, 0.04700150713324547, 0.9629313945770264, 1.0954772233963013, -2.136803150177002, -0.19566644728183746, -0.1508602350950241, 0.11897773295640945, 1.7293751239776611, -0.33333346247673035, 0.06809987872838974, 0.09162215888500214, 1.1636738777160645, -0.6478836536407471, 1.243988275527954, 1.439634084701538, -1.790998935699463, 1.336323857307434, 1.4721908569335938, -1.1060466766357422, -2.6754229068756104, 0.79304438829422, -1.8479671478271484, -0.39754411578178406, 1.6921309232711792, 0.7575010657310486, 0.12194590270519257, 0.0532563142478466, -0.10380470752716064, -0.5138939023017883, 0.8119570016860962, 1.323734998703003, -1.4951560497283936, 0.1744590550661087, 1.6493651866912842, -0.8979306221008301, -0.5741931796073914, -0.6025905013084412, -1.4732147455215454, -0.026036985218524933, 1.6245110034942627, 1.2306439876556396, 0.053754571825265884, -0.37160763144493103, 0.7398489713668823, 0.31175458431243896, 0.44270649552345276, 0.25992900133132935, 1.2501736879348755, -2.59971284866333, 2.14630389213562, -0.26644909381866455, -0.7264260649681091, -1.9348163604736328, 0.6700780987739563, 0.4225618243217468, -0.07435636967420578, -2.035820484161377, 1.1376234292984009, 1.5472246408462524, -1.5125598907470703, -1.194419503211975, 0.12150011956691742, 0.870982825756073, -0.04333053529262543, -0.9430457353591919, -1.5714961290359497, -0.3130195438861847, 1.063085675239563, 0.601806104183197, 1.2475985288619995, 0.6925932765007019, 0.8404759764671326, -2.0828535556793213, 1.096886157989502, 0.15751412510871887, 0.7653986811637878, -1.4834038019180298, -0.8792506456375122, -1.830607533454895, -0.104823037981987, 0.3181536793708801, 0.2462214082479477, 0.25942620635032654, 0.2669863700866699, -0.3639606237411499, -0.25009816884994507, -1.0011851787567139, -0.5326715707778931, 0.15650871396064758, -0.9049138426780701, -0.522704005241394, 1.9604358673095703, 0.5015417337417603, -0.3244672417640686, -0.9056251645088196, 0.24411232769489288, -0.9167734980583191, 1.5686570405960083, 1.598401665687561, -0.011453460901975632, -0.9380216598510742, 0.5744702816009521, -1.3202241659164429, -1.1977919340133667]",yunet,Facenet,1920,1080,/home/amos/media/tv/modern_family/Modern.Family.S09.1080p.DSNP.WEB-DL.DDP5.1.H.264-CRFW/Modern.Family.S09E17.Royal.Visit.1080p.DSNP.WEB-DL.DDP5.1.H.264-CRFW.mkv,Modern Family,2009,1442437,9,17,Chris Geere,62879.0,0.767
649,774,414,990,726,966,534,888,534,0.915,17496,1,"[-0.5104682445526123, -1.338618278503418, 0.37700676918029785, 2.419541597366333, -0.4347422420978546, 0.07460223883390427, -0.5454329252243042, -2.5578866004943848, -0.025909435003995895, 1.3906071186065674, -0.783267617225647, 0.6427838206291199, 1.6945558786392212, -0.6459136009216309, -0.22595685720443726, -0.660704493522644, 1.0927237272262573, -1.1476972103118896, -0.6235572695732117, 1.9208183288574219, -0.050625916570425034, -0.29713353514671326, 0.0527336448431015, -0.03476450592279434, 1.1231377124786377, -0.10509902983903885, 1.3841466903686523, 0.19839996099472046, 1.8896939754486084, -0.7755606174468994, -0.845261812210083, -1.7032246589660645, -1.1214674711227417, -1.487827181816101, 0.818975567817688, -0.5929777026176453, -0.6402047872543335, -0.11023447662591934, 0.69977205991745, -1.890511393547058, 0.2745911478996277, 0.5855768322944641, -1.1166250705718994, 2.2603001594543457, 0.4689849615097046, -0.7304290533065796, -0.2956618368625641, 0.5292823314666748, 0.4431425929069519, 0.11895105242729187, -1.1992281675338745, 0.8818686008453369, -0.01170794665813446, -0.7040927410125732, -0.05825657770037651, 0.6066092848777771, 3.025200843811035, -0.07707075774669647, 0.15107806026935577, 0.6498170495033264, 0.38470369577407837, 1.0112934112548828, 0.25947001576423645, 0.12231440842151642, -1.0927553176879883, 2.65901517868042, 0.5398486256599426, -0.6350801587104797, -0.18493425846099854, -0.0815134048461914, -1.6126267910003662, -0.22411507368087769, -1.2671539783477783, -0.5753251314163208, 0.5137662887573242, -0.417138934135437, -0.7156566381454468, -1.423058271408081, 0.7924001216888428, -0.41726112365722656, 0.39026907086372375, -1.2883974313735962, 0.8070846199989319, 1.4743331670761108, 1.5094101428985596, -1.0591214895248413, -0.09627726674079895, 0.3763997554779053, -1.069702386856079, -1.8559935092926025, 0.20042479038238525, 0.4790136516094208, 0.47147664427757263, 0.3686741888523102, 0.3649854362010956, 0.33170583844184875, 0.9478034973144531, -0.7349011301994324, -1.5113344192504883, -1.877490520477295, 0.7730597257614136, 0.9098775386810303, -0.9041889905929565, 0.358416885137558, 1.5223616361618042, 0.9468927383422852, 0.5323472619056702, -1.820928931236267, 0.7323694229125977, -0.9993478655815125, 0.662368893623352, 0.8841853737831116, 0.9747594594955444, -0.20085449516773224, -1.1745389699935913, 0.2776795029640198, -1.7835986614227295, 2.050391674041748, 0.43344536423683167, 1.1016414165496826, 1.9139394760131836, -0.6741130352020264, 0.9507464170455933, -0.7851513028144836, 1.7738902568817139, -0.911191999912262, 2.3789336681365967, -0.19043320417404175]",yunet,Facenet,1920,1080,/home/amos/media/tv/modern_family/Modern.Family.S09.1080p.DSNP.WEB-DL.DDP5.1.H.264-CRFW/Modern.Family.S09E17.Royal.Visit.1080p.DSNP.WEB-DL.DDP5.1.H.264-CRFW.mkv,Modern Family,2009,1442437,9,17,Sarah Hyland,91351.0,0.636
650,828,180,1020,456,876,288,846,288,0.932,17520,0,"[-1.4505188465118408, 0.7696669101715088, -3.410503387451172, 1.1711372137069702, 1.1379865407943726, -2.5046029090881348, -0.7353949546813965, 0.062453337013721466, 0.09957411140203476, 0.7947088479995728, 1.4263019561767578, -1.9585715532302856, 1.3231117725372314, -1.294011116027832, 1.0957026481628418, 1.240663766860962, -0.5663881301879883, -1.0493192672729492, -2.1012871265411377, 0.008577175438404083, -0.18642105162143707, 1.9026029109954834, -0.10733945667743683, 0.6340921521186829, 0.01999261975288391, 1.1347192525863647, 1.745782494544983, 0.8466580510139465, 0.5434871315956116, 1.0302215814590454, 0.1690163016319275, 0.9950466156005859, 0.9626932144165039, -0.30920758843421936, -0.08194468915462494, -0.2614653706550598, 1.1909677982330322, -0.1885203719139099, 1.266629695892334, -2.0014774799346924, 0.09234464913606644, 0.13772428035736084, -1.2011772394180298, -1.482155442237854, -0.46795177459716797, -0.5101507306098938, 1.5784878730773926, -1.5464577674865723, -0.601595401763916, 2.179962396621704, -0.13489142060279846, 1.2860809564590454, -0.5829275846481323, 1.5881074666976929, -0.7684394717216492, -0.21204356849193573, 1.3521298170089722, -1.4489315748214722, -1.3548256158828735, -0.05194777622818947, -0.3599533438682556, -0.9140790104866028, 0.03899522125720978, -0.6144862174987793, 1.2323684692382812, -1.6340696811676025, -0.09297413378953934, 0.029933974146842957, -1.206438660621643, -1.6118918657302856, -0.24065931141376495, 0.12160474061965942, -1.7532179355621338, -0.7270774245262146, 0.9560394287109375, 0.15033039450645447, -0.2116982340812683, -0.47825533151626587, 0.5402737259864807, -1.6901389360427856, -0.6065660119056702, 1.526045560836792, 1.670056939125061, 0.831833004951477, 0.5389395952224731, 2.700532913208008, -0.8800791501998901, 2.5416953563690186, -0.025378571823239326, -1.2396143674850464, 0.024132423102855682, 0.2738521695137024, 1.96531081199646, 0.9626571536064148, 1.6047512292861938, 0.3980458974838257, -0.7410479187965393, 0.24110963940620422, -0.8378556966781616, -2.0213940143585205, 0.45183104276657104, 0.49705833196640015, -0.053677067160606384, -1.6569637060165405, 0.7284003496170044, 0.11638635396957397, -0.39092469215393066, 2.204127550125122, 0.7735213041305542, 1.0560123920440674, -1.1431351900100708, -0.5196033716201782, -0.2712857723236084, 0.46288517117500305, -0.20726577937602997, -0.9935084581375122, -0.3923182189464569, -1.3392080068588257, -0.23542028665542603, 0.9926819801330566, 0.32985883951187134, 0.6600980758666992, 0.6076738238334656, -0.9132153987884521, 0.6568638682365417, -0.301750510931015, -0.245450958609581, 0.48429998755455017]",yunet,Facenet,1920,1080,/home/amos/media/tv/modern_family/Modern.Family.S09.1080p.DSNP.WEB-DL.DDP5.1.H.264-CRFW/Modern.Family.S09E17.Royal.Visit.1080p.DSNP.WEB-DL.DDP5.1.H.264-CRFW.mkv,Modern Family,2009,1442437,9,17,Jimmy Tatro,1304335.0,0.718
651,90,192,282,444,204,288,132,288,0.926,17520,1,"[-1.3957377672195435, 1.2059297561645508, -0.6218786835670471, -0.415487676858902, -0.6596740484237671, 0.2230539321899414, -0.6551692485809326, -0.9114269018173218, -1.0943747758865356, -0.704738199710846, -0.3687988817691803, 0.6092952489852905, -0.27331089973449707, -1.25370192527771, 1.4491961002349854, -0.28448671102523804, -0.7817157506942749, -1.317206621170044, -1.8988500833511353, -0.5644928216934204, -0.7690234184265137, 0.3654421865940094, -0.9362975358963013, -0.9081947207450867, -0.9131966829299927, 0.24545010924339294, 1.216639518737793, 1.6358487606048584, -0.4339914917945862, 0.8198291063308716, -0.27297312021255493, 0.31779003143310547, 0.049909092485904694, -0.9015576243400574, 1.2573630809783936, 1.1794766187667847, -0.5256211757659912, -0.8882043361663818, 0.715330183506012, 0.5027390122413635, 0.07474596798419952, -0.05972354859113693, -3.906048059463501, -2.165569305419922, 1.4977487325668335, -2.3226945400238037, 1.8472398519515991, 0.4351676106452942, 1.155498743057251, -1.170353651046753, -1.1967644691467285, 0.8782684803009033, 0.9123930335044861, 0.7007139921188354, 0.01109880767762661, 0.5948057174682617, -0.18059396743774414, -0.27170366048812866, 0.4876563549041748, 0.6804029941558838, 0.37165653705596924, -1.9192392826080322, 0.35239312052726746, -0.526170551776886, 1.3602490425109863, 0.6766676902770996, 1.6170710325241089, 2.9314260482788086, 0.401439368724823, 0.8452768325805664, -1.1230700016021729, 1.4251320362091064, -0.44867825508117676, -0.6678199172019958, 0.3294982612133026, -0.05193391069769859, -0.45661410689353943, 0.7552562355995178, -0.4627414047718048, -0.24497346580028534, -1.403709888458252, -0.347317099571228, -0.18896886706352234, 1.3891358375549316, -0.06451017409563065, 0.9346421957015991, 0.3671305179595947, -0.8792889714241028, -1.026954174041748, -0.46109622716903687, 0.9438253045082092, -1.1021965742111206, 0.4841400682926178, -2.0767595767974854, -0.19912612438201904, 1.3000255823135376, -0.6306616067886353, 0.5182394981384277, 2.106316566467285, 1.7732458114624023, -1.0665028095245361, 1.6922850608825684, -0.7710046172142029, 0.8439285159111023, 0.9348072409629822, 0.9471427798271179, -1.6733304262161255, 0.8961915969848633, 0.5965105891227722, 0.7544330358505249, -1.494109034538269, -0.15625739097595215, -0.9026556015014648, -0.4409780502319336, 0.45166122913360596, 2.2390947341918945, -1.7176345586776733, 0.24121779203414917, 0.3957589268684387, 0.8302237391471863, 0.9118036031723022, 0.010197577998042107, 0.3813104033470154, -1.395615577697754, 1.0447304248809814, -0.3936249613761902, -0.11858735233545303, 0.6930139064788818]",yunet,Facenet,1920,1080,/home/amos/media/tv/modern_family/Modern.Family.S09.1080p.DSNP.WEB-DL.DDP5.1.H.264-CRFW/Modern.Family.S09E17.Royal.Visit.1080p.DSNP.WEB-DL.DDP5.1.H.264-CRFW.mkv,Modern Family,2009,1442437,9,17,Nolan Gould,147710.0,0.787
652,1332,312,1500,558,1410,408,1356,408,0.916,17520,2,"[0.8883024454116821, 1.064601182937622, 2.5970711708068848, 0.15700840950012207, -1.3188542127609253, 0.9939519166946411, 1.455483317375183, -1.9669369459152222, -0.2745870053768158, 2.2934634685516357, -0.4656265079975128, 0.31673505902290344, 0.3855358958244324, 1.2585434913635254, -0.7852785587310791, -0.37796396017074585, -0.760583758354187, -1.6553503274917603, -0.12238192558288574, 0.5016638040542603, 0.3560679852962494, -0.02859112247824669, 0.27035409212112427, 1.4546146392822266, 0.2951076626777649, 0.1947045922279358, 1.4161913394927979, -0.3795022666454315, 3.6652019023895264, 0.5756857395172119, -0.8326326608657837, -0.8090570569038391, 0.0519440695643425, -1.0414279699325562, 0.6105152368545532, 0.10014304518699646, -3.728541612625122, -0.5260673761367798, 0.39639878273010254, -0.8765724897384644, 0.16578033566474915, -0.3804740905761719, -1.3443080186843872, 1.7955989837646484, -0.5563235878944397, -0.9739173650741577, -1.3098429441452026, 0.4831222593784332, -1.7552448511123657, -1.1804966926574707, 1.5447090864181519, 0.8126184940338135, 1.131387710571289, -0.03071955218911171, -0.276126891374588, -0.10952772945165634, 1.5856553316116333, 0.20168562233448029, -1.1181402206420898, -0.6947872638702393, -1.4049235582351685, -0.8735833168029785, 0.11085247248411179, -1.147840976715088, -0.23499596118927002, 0.42733728885650635, 0.545440673828125, 0.03189016506075859, -0.13802798092365265, 0.8972458839416504, -1.4075406789779663, 0.9527559280395508, 0.5451268553733826, -0.13005098700523376, -1.1046886444091797, 0.07400922477245331, 0.10141651332378387, -0.28214845061302185, 0.9353958964347839, -0.23773200809955597, 0.8553090691566467, 0.18187443912029266, 0.7293357849121094, -1.1611278057098389, 0.5543263554573059, -0.28112101554870605, 0.4945196807384491, -0.9146681427955627, 0.9540290832519531, -1.3330633640289307, 0.2926381230354309, 2.3492579460144043, 1.0458844900131226, 1.3636174201965332, 1.2929198741912842, 0.48472726345062256, -0.04377593472599983, -1.1166231632232666, -0.4188880920410156, -2.442493438720703, -0.4580445885658264, 1.4777510166168213, -0.5107539296150208, 0.759856104850769, -0.4847158193588257, 0.20301979780197144, -0.28668680787086487, 0.016046274453401566, 1.3083770275115967, -0.659298300743103, -0.22522760927677155, 1.3879728317260742, 0.05928551033139229, -0.041662055999040604, -0.4520528316497803, 1.703033685684204, 0.8879839181900024, 0.44764161109924316, 0.48883917927742004, -0.09467318654060364, 0.15054821968078613, 1.070616602897644, 1.0546401739120483, -1.6343179941177368, 2.3087193965911865, 1.1934458017349243, 1.3836208581924438, -0.4699276089668274]",yunet,Facenet,1920,1080,/home/amos/media/tv/modern_family/Modern.Family.S09.1080p.DSNP.WEB-DL.DDP5.1.H.264-CRFW/Modern.Family.S09E17.Royal.Visit.1080p.DSNP.WEB-DL.DDP5.1.H.264-CRFW.mkv,Modern Family,2009,1442437,9,17,,,
653,510,162,774,522,732,312,606,312,0.924,17544,0,"[-1.0550378561019897, 2.1649348735809326, -1.650424599647522, 0.2714383900165558, 0.22657987475395203, -0.8750332593917847, 0.16830092668533325, -1.5936576128005981, 0.72450190782547, 0.40224769711494446, 2.1133229732513428, -0.7651917934417725, 0.3511807322502136, -1.8608733415603638, 0.24662473797798157, 1.570911169052124, -0.3214767575263977, -0.5263959169387817, -1.5200194120407104, 0.19759872555732727, -0.7580711841583252, 1.7152581214904785, -1.0985138416290283, 0.24239227175712585, -0.26104801893234253, 2.697007656097412, 1.9140634536743164, 0.4210472106933594, 0.30747368931770325, 0.26225289702415466, 0.9328254461288452, 0.3441298305988312, 0.15149706602096558, -1.0619311332702637, 0.16458450257778168, 0.8172563314437866, 1.7649574279785156, -1.3062257766723633, 1.8567214012145996, -0.30432945489883423, -0.47030511498451233, -0.4706449806690216, -0.9657801389694214, -1.0931328535079956, 0.5264120101928711, 0.22119209170341492, -0.11173614859580994, -1.0903257131576538, 0.17806123197078705, 0.8559578657150269, -0.044096142053604126, -0.26803362369537354, -0.20416617393493652, 2.6695191860198975, -1.151843547821045, -0.4264909327030182, 2.1295361518859863, -0.7016891837120056, -1.0336979627609253, -1.2559738159179688, -1.101245641708374, -0.4409600496292114, 0.5616180896759033, 0.15864412486553192, 1.5322299003601074, 0.02109825611114502, 1.0959490537643433, -0.6840385794639587, -0.5781549215316772, -0.9661301374435425, -0.05794630944728851, 0.5647568702697754, -0.7877813577651978, -0.29529184103012085, 0.6625314354896545, -0.05104741081595421, -0.5948266983032227, 0.5836522579193115, 0.9384745955467224, -0.2514868378639221, -0.7459671497344971, 0.7501671314239502, 0.9317083358764648, -0.7550408840179443, -0.14063408970832825, 2.1185555458068848, -2.022895336151123, 3.1898996829986572, 0.004011295735836029, -0.21690873801708221, 0.7647616863250732, -0.5103396773338318, 1.962310552597046, -0.20356661081314087, 0.7551270127296448, 1.1425374746322632, -0.8000847101211548, 0.28821220993995667, 0.012342151254415512, -1.948414921760559, 0.1630590409040451, 0.521024227142334, 0.5894163846969604, -1.0790963172912598, -0.0991380512714386, 1.1778815984725952, -1.0240432024002075, 2.5972578525543213, 1.0715725421905518, 0.05001693218946457, -0.7689904570579529, -0.085124671459198, 0.2139291763305664, 0.26360780000686646, 0.597055971622467, 1.0517592430114746, -0.35441717505455017, -0.7320460677146912, 1.0992786884307861, 0.990341067314148, -0.39959776401519775, -0.6431602239608765, 2.1577374935150146, -1.940430998802185, 1.253158450126648, -0.7113496661186218, 1.452539324760437, -0.17240701615810394]",yunet,Facenet,1920,1080,/home/amos/media/tv/modern_family/Modern.Family.S09.1080p.DSNP.WEB-DL.DDP5.1.H.264-CRFW/Modern.Family.S09E17.Royal.Visit.1080p.DSNP.WEB-DL.DDP5.1.H.264-CRFW.mkv,Modern Family,2009,1442437,9,17,Jimmy Tatro,1304335.0,0.778
654,990,306,1176,564,1092,408,1020,408,0.913,17544,1,"[0.8300055265426636, 0.807098388671875, 3.154959201812744, -0.3173084557056427, 0.30521640181541443, 0.29428231716156006, 2.300513744354248, -1.4059172868728638, 0.7131441831588745, 1.1343576908111572, 0.37431225180625916, -0.32313039898872375, -0.27927592396736145, 1.2537626028060913, -0.48744383454322815, -0.7639578580856323, -0.18347740173339844, -1.6641162633895874, -2.0097293853759766, -0.008848503232002258, 0.02134522795677185, -1.2953338623046875, 0.25654542446136475, 0.9390665888786316, -0.32956886291503906, 0.598630964756012, 1.6478114128112793, -1.3377606868743896, 1.9825868606567383, 0.5055323839187622, 0.12932252883911133, -0.06443430483341217, -0.17176994681358337, -1.5370614528656006, 0.11127115786075592, 0.8939290046691895, -2.79854416847229, -0.8003386855125427, 0.03306625038385391, 0.4031263291835785, 0.2535479664802551, -1.5493603944778442, -1.0974117517471313, 2.6512694358825684, 0.2660976052284241, -0.46571314334869385, -0.90541672706604, 0.6189384460449219, -1.7099536657333374, -1.2522635459899902, 1.3086174726486206, 0.7577509880065918, -0.2251833975315094, 0.039775870740413666, 0.0715237557888031, -0.2154664248228073, 0.6738582253456116, 0.6388086676597595, -0.8166497349739075, -0.28455910086631775, -1.6843339204788208, -1.4101988077163696, 0.3489657938480377, -1.4575608968734741, -0.22765955328941345, 0.07219773530960083, -1.0770279169082642, 0.10487315058708191, 0.11407367140054703, 0.5317741632461548, -2.0258443355560303, 0.6353819370269775, 0.545931339263916, -1.1136621236801147, -1.1706366539001465, -0.6982268691062927, -0.8716174364089966, -1.015105962753296, -0.3681548237800598, -0.4550554156303406, 0.6045058965682983, -0.2610951364040375, 0.8083166480064392, -1.1910810470581055, -0.7365145087242126, -0.198306143283844, -0.282063364982605, -1.6154557466506958, 1.8999749422073364, -1.5667294263839722, -0.3709511160850525, 1.1432527303695679, 0.7676219940185547, -0.44878697395324707, 0.865307629108429, 1.7396976947784424, -0.1198834627866745, -1.6624419689178467, -0.4446028769016266, -1.4429243803024292, -0.7175517082214355, 1.8535245656967163, -1.359122633934021, -0.06265430897474289, -0.7552945613861084, -0.17789703607559204, 0.0443338006734848, -0.46706047654151917, 1.9619834423065186, -0.28926366567611694, -1.0855389833450317, 1.4023213386535645, 1.3006153106689453, -1.4312918186187744, -0.1517249345779419, 1.9713873863220215, 0.5170706510543823, -0.03829747438430786, -0.010831348598003387, -1.28584623336792, -0.31130450963974, 0.29665279388427734, 1.845611810684204, -2.102428913116455, 0.6800795793533325, 1.1369011402130127, 0.8962590098381042, -0.04454674571752548]",yunet,Facenet,1920,1080,/home/amos/media/tv/modern_family/Modern.Family.S09.1080p.DSNP.WEB-DL.DDP5.1.H.264-CRFW/Modern.Family.S09E17.Royal.Visit.1080p.DSNP.WEB-DL.DDP5.1.H.264-CRFW.mkv,Modern Family,2009,1442437,9,17,Ariel Winter,42160.0,0.567
655,1086,246,1260,480,1164,342,1104,342,0.917,17568,0,"[-1.4526170492172241, 1.6284159421920776, -1.872424602508545, 1.9824821949005127, 1.555106282234192, -2.0511820316314697, -1.2196044921875, -1.0431029796600342, 1.7401663064956665, 0.9802306890487671, 2.1116483211517334, -1.4689116477966309, 0.10809454321861267, -1.6641217470169067, 0.8775579929351807, 2.2177062034606934, -0.35671889781951904, -0.20540621876716614, -2.133021831512451, 0.14497429132461548, 0.07150989770889282, 1.695214867591858, -0.1726357340812683, 0.8571275472640991, 0.9944148659706116, 1.2859925031661987, 0.6951313018798828, 1.344353437423706, -0.13030774891376495, 0.2800089120864868, 0.08440703898668289, -0.5214659571647644, -0.9423828721046448, -0.15206582844257355, 0.6150822639465332, 0.9218697547912598, 1.3825358152389526, -0.9606496691703796, 0.4495297968387604, -1.1999497413635254, -0.37094730138778687, -0.37566620111465454, 0.03987397253513336, -0.6280521154403687, -0.612658679485321, 1.5988858938217163, 0.7453585267066956, -1.4759485721588135, -0.7587876915931702, 2.117602586746216, 0.04358809441328049, 0.06582330167293549, 0.018743019551038742, 1.925531268119812, -0.9210052490234375, -0.9578850865364075, 2.544475793838501, -0.9114815592765808, -1.0394903421401978, -0.2406710684299469, -0.23599371314048767, 0.5511923432350159, 0.43525880575180054, 0.6222800016403198, 2.2687501907348633, -1.3058680295944214, 0.162432461977005, -0.7587879300117493, -0.37666887044906616, -1.3853731155395508, 0.6869935393333435, -0.7828078269958496, -2.508380174636841, -0.2034834325313568, 0.4676365256309509, 0.45251575112342834, 0.57184898853302, 0.8595348000526428, 0.6173534393310547, -0.6526755094528198, 0.04316245764493942, -0.021853692829608917, 2.3548951148986816, -0.02650276944041252, -0.3238559663295746, 1.2787448167800903, -1.2182869911193848, 3.301112651824951, -0.9364802837371826, -1.7838739156723022, 1.1967638731002808, -0.8461610674858093, 2.369581699371338, 0.7254253029823303, 1.3938907384872437, 0.2585165202617645, -0.6729013323783875, 0.5804212093353271, -0.7546676397323608, -1.0829023122787476, -0.17899024486541748, 0.7623936533927917, -0.3786815404891968, -1.511589765548706, -0.16720876097679138, 0.17900925874710083, -0.9340019822120667, 1.9423713684082031, 0.29412153363227844, 0.017872968688607216, -0.6879338622093201, -0.354699969291687, 0.6952033042907715, 0.5504184365272522, 0.21498766541481018, -0.4123077690601349, 0.6399141550064087, -0.2865588665008545, 0.34927132725715637, 1.5489426851272583, 0.2140495479106903, -0.8887698650360107, 1.5482574701309204, -2.0284950733184814, 1.5583641529083252, -1.2751001119613647, 1.1482701301574707, 0.6588027477264404]",yunet,Facenet,1920,1080,/home/amos/media/tv/modern_family/Modern.Family.S09.1080p.DSNP.WEB-DL.DDP5.1.H.264-CRFW/Modern.Family.S09E17.Royal.Visit.1080p.DSNP.WEB-DL.DDP5.1.H.264-CRFW.mkv,Modern Family,2009,1442437,9,17,Jimmy Tatro,1304335.0,0.788
656,1638,306,1848,558,1800,402,1698,396,0.916,17568,1,"[0.6693661212921143, 0.23992931842803955, 1.0279022455215454, 0.08000396937131882, 0.3637416958808899, 1.4830982685089111, 0.18165870010852814, -1.2773629426956177, 0.49870696663856506, 1.443798303604126, 0.18787109851837158, -0.11360097676515579, -1.4080784320831299, 1.5431153774261475, -0.028534740209579468, 1.0414894819259644, 0.19127437472343445, -0.9986882209777832, -1.6924718618392944, -0.6188732385635376, -1.2075554132461548, -0.3023913502693176, 0.49353116750717163, 1.1044062376022339, 0.31378594040870667, 0.26719149947166443, 2.2897701263427734, -0.06948071718215942, 2.1602509021759033, 2.186331033706665, 0.5302817821502686, -0.583250880241394, -0.13873465359210968, -0.65602046251297, 1.4538756608963013, 0.21487948298454285, -1.48728346824646, 0.15979629755020142, -0.29089686274528503, 2.5498852729797363, -0.716386616230011, -3.0852224826812744, 0.41697701811790466, 1.6149554252624512, 0.7422115206718445, -1.1155664920806885, -0.5970523357391357, -0.4746462106704712, -0.13720017671585083, -1.8030476570129395, 0.3086266815662384, -0.8188877701759338, 0.7228299975395203, 1.288163661956787, -1.0114150047302246, 0.39637207984924316, 0.5433170199394226, -0.3474915623664856, -0.3076731860637665, 0.07023502141237259, -1.3574841022491455, 1.1271226406097412, 0.2595822513103485, -0.7508601546287537, -0.5917946100234985, 1.1702722311019897, -0.3897654712200165, 1.859214186668396, 0.3404030501842499, 0.41169798374176025, -0.8982577323913574, 0.5602151155471802, 1.5101947784423828, -0.09097195416688919, 0.3226182162761688, 0.6353612542152405, 1.5571985244750977, -0.7669063806533813, -0.11409933865070343, 0.13671694695949554, -0.3027568459510803, 0.3035687804222107, 0.16296043992042542, 0.024275129660964012, -0.02908007800579071, -1.0063636302947998, -0.20722702145576477, -0.7996948957443237, 1.5652647018432617, -0.8152570724487305, -0.12787362933158875, -0.5360164046287537, 0.5649170279502869, -1.6772757768630981, 0.31523752212524414, 1.1980775594711304, -0.2757653295993805, -0.1054801270365715, -0.08088498562574387, -0.5011858344078064, -0.5294375419616699, 0.6824345588684082, -0.7871854305267334, 1.2135955095291138, 0.8343690633773804, 0.13682381808757782, -0.22170230746269226, -0.4353378713130951, 1.5452944040298462, -0.8492407202720642, 1.6062651872634888, 0.6194784641265869, -0.22586119174957275, -1.3381145000457764, -0.13915757834911346, 0.6061328649520874, 0.4521665871143341, 1.8300681114196777, 0.4099106788635254, -1.029794454574585, 1.695058822631836, 0.18546174466609955, 1.704628586769104, -1.5600101947784424, 0.8306975960731506, 0.8154944181442261, 0.7060273885726929, 0.47718706727027893]",yunet,Facenet,1920,1080,/home/amos/media/tv/modern_family/Modern.Family.S09.1080p.DSNP.WEB-DL.DDP5.1.H.264-CRFW/Modern.Family.S09E17.Royal.Visit.1080p.DSNP.WEB-DL.DDP5.1.H.264-CRFW.mkv,Modern Family,2009,1442437,9,17,Ariel Winter,42160.0,0.783
657,378,150,564,384,528,240,444,240,0.908,17568,2,"[-1.9008713960647583, 0.8702789545059204, -0.7942800521850586, -0.3086855113506317, -0.12513367831707, 0.1490115225315094, -0.5711092948913574, -0.8435931205749512, -0.30172401666641235, -1.8193048238754272, -0.29360827803611755, -0.5306625962257385, -1.2954063415527344, -0.7266913652420044, 1.1404837369918823, -1.0617163181304932, -2.149784564971924, -0.7540265321731567, -2.3070240020751953, -1.2398685216903687, -1.131173849105835, 0.631951093673706, 0.46430522203445435, -1.1651837825775146, -0.24113117158412933, -0.07014698535203934, 1.2743819952011108, 0.35312390327453613, -0.09535516798496246, 0.5190891027450562, -0.009913705289363861, -0.06879095733165741, 0.824910581111908, -0.32332873344421387, 0.3660058081150055, 0.9930912852287292, 0.35331109166145325, -1.651965618133545, 1.2792012691497803, -0.8453878164291382, 0.01788702793419361, -0.3236153721809387, -4.20242977142334, -2.208156108856201, 0.8690558075904846, -2.0432896614074707, 0.8830435872077942, 0.40477049350738525, -0.7297791838645935, -0.2768257260322571, -0.8630553483963013, 0.45391881465911865, 1.3144538402557373, 1.6917182207107544, -0.37611350417137146, 0.49776536226272583, 1.1707231998443604, 0.15781505405902863, -1.5775188207626343, -0.7616652846336365, 0.3900846838951111, -2.969372272491455, 0.08560702204704285, 0.27455464005470276, 1.1707371473312378, 0.31682610511779785, 1.3403327465057373, 1.489998459815979, -1.0659126043319702, -0.6671010255813599, -0.6996114253997803, 1.3827842473983765, -1.0026161670684814, -0.38244742155075073, -0.0399450846016407, -0.10042458772659302, -0.4366905689239502, 1.5337281227111816, 0.3164956569671631, -0.075657919049263, -2.050678014755249, 0.7523448467254639, 0.24243906140327454, 1.3981293439865112, 0.04714220017194748, 0.8550339937210083, 1.0224846601486206, -0.21254126727581024, -0.5154938697814941, -0.5920364260673523, 0.478243887424469, -0.933645486831665, -0.12111552059650421, -0.8515783548355103, -0.2548327147960663, 1.487625241279602, -1.9323971271514893, -0.2485993504524231, 1.118971824645996, -0.38197237253189087, -1.041797399520874, 1.3769457340240479, -0.3094264566898346, 0.5837926864624023, 1.5255382061004639, 0.8169152140617371, -2.2044618129730225, 0.18265138566493988, 1.4570986032485962, 0.014330895617604256, -1.9895625114440918, -0.31665074825286865, -0.17174963653087616, -0.20191021263599396, 0.43208935856819153, 2.4979217052459717, -1.2015026807785034, -0.4595572352409363, -0.20459920167922974, 1.3673481941223145, -0.9020567536354065, 0.03001553565263748, 0.9940124154090881, -0.6706165671348572, 1.0856902599334717, 0.14773622155189514, -0.12666425108909607, 0.8612731099128723]",yunet,Facenet,1920,1080,/home/amos/media/tv/modern_family/Modern.Family.S09.1080p.DSNP.WEB-DL.DDP5.1.H.264-CRFW/Modern.Family.S09E17.Royal.Visit.1080p.DSNP.WEB-DL.DDP5.1.H.264-CRFW.mkv,Modern Family,2009,1442437,9,17,Nolan Gould,147710.0,0.782
658,738,192,1008,588,930,330,792,324,0.919,17592,0,"[0.6553211212158203, 0.5217907428741455, 0.8582952618598938, -0.1558922529220581, 0.2687860429286957, 0.17056933045387268, 0.2260165959596634, -0.0410294272005558, -0.5194947719573975, -0.9543372392654419, 0.18791508674621582, 0.940915584564209, 0.677825927734375, -1.1861706972122192, -0.9829126596450806, -0.17922356724739075, -0.7978748083114624, -1.1141809225082397, -1.3533254861831665, 0.37639319896698, -0.7909317016601562, 1.0500417947769165, -0.911873459815979, -0.30533501505851746, 0.9791679978370667, 1.2398433685302734, -2.239947557449341, 2.573692798614502, 1.1140899658203125, -1.0101057291030884, -0.27295830845832825, -0.32042691111564636, -2.0460798740386963, -0.8092381954193115, 1.189620852470398, 0.6449731588363647, -0.025262972339987755, -0.14573270082473755, 0.5673028230667114, 0.6862070560455322, 0.5310410261154175, 1.7488266229629517, -1.0580155849456787, 0.24703675508499146, -0.03989369422197342, 0.11974526941776276, 0.7204293012619019, 1.5225962400436401, -1.107693076133728, -0.5249495506286621, 0.6907435655593872, 0.5001834630966187, -0.11867006868124008, -0.09312772750854492, -0.05544603243470192, 0.007327463012188673, 0.396196573972702, 0.6944642066955566, -0.10195407271385193, 1.1460411548614502, 1.6309177875518799, -1.6777029037475586, -0.5133584141731262, -0.0660390555858612, 0.17419981956481934, 1.1923717260360718, -0.3539618253707886, 1.5078976154327393, 1.7863200902938843, -1.1633069515228271, -0.3643282353878021, 1.1901997327804565, -2.733049154281616, 0.988165557384491, 0.2912038564682007, 0.9891396164894104, 0.1426244080066681, 2.8332715034484863, 1.1141281127929688, 1.2988466024398804, -0.9282947182655334, -0.9621117115020752, 0.46191468834877014, -0.8185113668441772, -1.1131826639175415, -1.3791874647140503, 1.4637796878814697, -1.1888083219528198, -0.0968727171421051, -0.8463586568832397, 0.20350246131420135, -1.3845610618591309, -0.00705777108669281, -0.9067180752754211, 1.428550362586975, 0.8260830044746399, 0.054254744201898575, -1.2088884115219116, 1.2243854999542236, -0.14187833666801453, -0.03188346326351166, 1.6995905637741089, -1.9369546175003052, -0.27925175428390503, -2.345623016357422, 1.2355798482894897, 0.20934434235095978, -2.2419111728668213, 0.31534910202026367, -0.45447954535484314, -0.044966328889131546, 0.7647640705108643, 1.3174903392791748, -1.9469778537750244, 1.312413215637207, 3.5168025493621826, -0.547431468963623, 0.6401334404945374, -0.5212414860725403, -0.13811907172203064, -0.17959849536418915, 0.896399974822998, 1.3587970733642578, -1.171518087387085, 0.5025450587272644, -0.0685557872056961, -0.5102935433387756, -0.992923378944397]",yunet,Facenet,1920,1080,/home/amos/media/tv/modern_family/Modern.Family.S09.1080p.DSNP.WEB-DL.DDP5.1.H.264-CRFW/Modern.Family.S09E17.Royal.Visit.1080p.DSNP.WEB-DL.DDP5.1.H.264-CRFW.mkv,Modern Family,2009,1442437,9,17,Ty Burrell,15232.0,0.649
659,852,246,1152,642,1056,414,912,414,0.915,17616,0,"[-0.3447207808494568, -1.0125341415405273, 1.1377283334732056, 0.6919103860855103, -0.43992486596107483, -0.5059327483177185, -1.361928939819336, -0.6098405122756958, -0.6240460276603699, -0.9997712969779968, -1.048285961151123, 0.6214951276779175, 0.05007510632276535, 0.7691231966018677, -1.3454365730285645, -1.211294174194336, -1.7306855916976929, -0.3604908585548401, -1.428541898727417, -0.25360679626464844, -2.3898658752441406, 1.271544337272644, -0.5695087909698486, 0.6532230377197266, -0.35550257563591003, 0.31089577078819275, -2.2076079845428467, 2.3739824295043945, 0.1844814121723175, -0.7219558358192444, 0.8472936153411865, -1.0436840057373047, 0.36986100673675537, -0.577049195766449, -0.1773548424243927, 2.3976283073425293, -0.9155200719833374, -1.0163719654083252, -0.8194388151168823, 1.0711947679519653, 0.7782813310623169, -0.38713231682777405, -0.5691131353378296, -0.32920822501182556, 1.3417350053787231, -0.44124385714530945, 0.29088276624679565, 1.588005781173706, 0.27773231267929077, -2.346698760986328, 1.3062596321105957, -2.3058719635009766, 0.20509353280067444, -2.135207414627075, -0.537021279335022, 0.6239392161369324, 0.03054262325167656, 1.3688019514083862, 1.1846164464950562, 0.23207753896713257, 0.06316870450973511, -0.7600582242012024, -1.9171452522277832, 0.30864647030830383, 0.21789321303367615, 0.9581519365310669, 0.9414598345756531, 0.7167476415634155, 1.6927225589752197, 0.5375356674194336, 0.7044015526771545, 0.14895710349082947, -0.04241040721535683, 1.3614661693572998, -1.017292857170105, -0.07844951748847961, 0.9961057901382446, 1.8623030185699463, 1.2122923135757446, 1.5317180156707764, 0.2146138846874237, -1.8848034143447876, 0.5162957310676575, 0.4524591267108917, -1.5683794021606445, -1.8145699501037598, 0.8585335612297058, 0.17442427575588226, 0.2967618405818939, -0.32663384079933167, 1.9781733751296997, -0.7645345330238342, -1.687061071395874, -0.5308858156204224, -0.18203701078891754, -0.3057420551776886, 0.08009815216064453, 0.34809476137161255, 1.1431171894073486, 0.8480116128921509, -0.8901522755622864, 0.07053499668836594, -1.0265456438064575, -0.026017293334007263, -1.488141417503357, 0.10959196090698242, 1.8249318599700928, -2.9790287017822266, -0.09489154815673828, -0.7698881030082703, -0.16098029911518097, 1.248394250869751, -0.15511496365070343, 0.2838595509529114, 2.3541934490203857, 1.8654628992080688, 1.9150484800338745, 0.20228467881679535, -0.22819772362709045, 0.9186808466911316, -0.3252876400947571, -0.05637349188327789, -0.08374182879924774, -0.09235113114118576, 1.1418986320495605, -0.6720015406608582, 0.9900736212730408, -0.03339729085564613]",yunet,Facenet,1920,1080,/home/amos/media/tv/modern_family/Modern.Family.S09.1080p.DSNP.WEB-DL.DDP5.1.H.264-CRFW/Modern.Family.S09E17.Royal.Visit.1080p.DSNP.WEB-DL.DDP5.1.H.264-CRFW.mkv,Modern Family,2009,1442437,9,17,Ty Burrell,15232.0,0.504
660,930,132,1200,492,1128,258,996,258,0.915,17640,0,"[-0.20941579341888428, 1.9015953540802002, -0.5139980316162109, -0.18643838167190552, 0.776470422744751, -1.1204270124435425, -1.5154612064361572, 0.1907566487789154, 0.4262564778327942, -1.3802543878555298, 0.6121433973312378, 1.2837109565734863, 0.4001483917236328, -1.0774846076965332, 0.39006415009498596, -0.5582482814788818, -0.36699944734573364, -0.5911499857902527, -2.0570685863494873, 0.8572984933853149, 0.391346275806427, 0.7139912843704224, 0.839148998260498, -0.3561813533306122, -0.5902864336967468, 1.0622681379318237, -0.9619219303131104, -0.32321351766586304, 0.8696823716163635, -2.6416022777557373, -0.5443557500839233, -0.8656171560287476, -0.5867865085601807, -0.7742264270782471, 0.4965212941169739, 0.866055965423584, -1.0103778839111328, 0.5440273284912109, 1.2854349613189697, 0.3401138186454773, -1.1827517747879028, 1.3235841989517212, 0.6602476835250854, -1.0866115093231201, -1.6822335720062256, 0.3917537331581116, -0.5500248670578003, -1.0208600759506226, -0.9891507625579834, -0.4161224961280823, 0.7527546286582947, -1.5021064281463623, 0.5147224068641663, 0.36600685119628906, 0.5020724534988403, -1.2340463399887085, 1.4601373672485352, -0.21520297229290009, -1.770154356956482, -0.3999781310558319, -0.029927516356110573, -2.4560375213623047, -1.1280949115753174, -0.656463623046875, -0.14286404848098755, -1.1957902908325195, -0.04338187724351883, -1.5025265216827393, 0.0947951003909111, 0.08432578295469284, -0.03416261449456215, 2.270139694213867, -3.0819108486175537, 1.357203722000122, 1.203357458114624, 0.21237170696258545, 0.6185710430145264, 1.7548798322677612, 0.6789095997810364, -0.7101413011550903, 0.2816722095012665, 0.24379587173461914, 0.41052910685539246, -0.6289718747138977, -1.0233104228973389, 0.9558846950531006, 0.9964994788169861, -1.3565971851348877, -2.0808069705963135, -0.5998512506484985, 0.375263512134552, -1.2838953733444214, 0.11792343854904175, -0.8763277530670166, 0.146291583776474, -0.3998180329799652, -1.0440940856933594, 1.0424590110778809, 0.9815977215766907, -2.608884334564209, -1.0572524070739746, -1.7868164777755737, -0.4219188690185547, 1.9678809642791748, 1.3734722137451172, -0.8297023773193359, -0.026857910677790642, -0.801439642906189, -0.6034625172615051, 0.7427235841751099, 1.7816270589828491, -0.4259490966796875, 0.21836842596530914, 1.2602002620697021, 0.12288798391819, 1.3280818462371826, -1.058256983757019, -0.053191304206848145, 0.8526177406311035, 0.7223623394966125, -0.8810826539993286, -1.2149721384048462, -1.0314016342163086, -0.04165888577699661, -0.9884369373321533, -0.14026577770709991, -1.9226069450378418, 0.14909648895263672]",yunet,Facenet,1920,1080,/home/amos/media/tv/modern_family/Modern.Family.S09.1080p.DSNP.WEB-DL.DDP5.1.H.264-CRFW/Modern.Family.S09E17.Royal.Visit.1080p.DSNP.WEB-DL.DDP5.1.H.264-CRFW.mkv,Modern Family,2009,1442437,9,17,Julie Bowen,31171.0,0.647
661,858,198,1140,588,1068,342,948,342,0.933,17664,0,"[0.6125545501708984, 1.0840398073196411, 0.8171521425247192, -0.17979319393634796, 0.005442197434604168, -0.32521674036979675, -0.6577891707420349, 0.3922191858291626, -0.12681710720062256, -0.12287527322769165, 0.09729330986738205, 1.1066652536392212, 0.6132298111915588, -0.942090630531311, -1.0897126197814941, 0.3581676483154297, -0.38571593165397644, -0.8402069807052612, -0.16017703711986542, 0.5719830989837646, -1.6840204000473022, 1.8667004108428955, -0.541948139667511, 0.3993426561355591, -0.38300836086273193, 2.1096105575561523, -1.9581257104873657, 2.0793285369873047, 0.9882659316062927, -1.2964227199554443, -0.6137356758117676, -0.7599225044250488, -0.9132786393165588, -1.2636750936508179, 1.030600905418396, 0.8615735173225403, 1.0836998224258423, 0.832294225692749, 1.0551049709320068, 1.3254327774047852, 0.13898655772209167, 1.2749648094177246, -1.1197196245193481, 0.5243107676506042, -0.2614533603191376, 0.6830883026123047, 0.2319212257862091, 0.06868156790733337, 0.30322641134262085, -1.0107265710830688, 0.5364744663238525, 0.10573059320449829, -0.7342331409454346, -0.7978079319000244, -0.39240503311157227, 0.2972302734851837, 1.0518540143966675, 0.669500470161438, 0.11360250413417816, 0.6040107011795044, 1.3056532144546509, -1.2891697883605957, -0.948236346244812, -0.9531842470169067, -0.5287303328514099, 2.1478872299194336, 1.0304843187332153, 1.3268402814865112, 1.8533467054367065, 0.19945180416107178, -0.26120978593826294, 1.5157272815704346, -1.4554747343063354, 1.1835201978683472, 0.5713719129562378, 0.9911605715751648, -0.43561995029449463, 1.9159502983093262, 0.3448464572429657, 1.1105238199234009, -0.7446395754814148, -1.7067663669586182, 0.4239439070224762, -0.09555338323116302, -1.6083958148956299, -1.160354495048523, 0.2582075893878937, -0.4527205228805542, -0.17581114172935486, -0.2056588977575302, 0.5602346658706665, -1.9163895845413208, 0.04585422948002815, -1.1816226243972778, 0.2357591986656189, -0.4061608910560608, 0.27830150723457336, 0.23531469702720642, 0.3345462381839752, -1.1449174880981445, -0.155965194106102, 0.5071703195571899, -2.190706253051758, -0.3236146867275238, -0.9965481758117676, 1.3969013690948486, 0.3141292333602905, -2.0700953006744385, 0.021140307188034058, 1.138696551322937, 0.552686333656311, 1.125032901763916, 0.5983316898345947, -0.6130684614181519, 1.1875251531600952, 2.495025634765625, -1.1891040802001953, -1.4755107164382935, 0.4505040943622589, -0.16087159514427185, -0.33808469772338867, 0.025157861411571503, -0.5226419568061829, -0.7788420915603638, 1.0602383613586426, -1.2299312353134155, 0.3434666097164154, -0.8060330152511597]",yunet,Facenet,1920,1080,/home/amos/media/tv/modern_family/Modern.Family.S09.1080p.DSNP.WEB-DL.DDP5.1.H.264-CRFW/Modern.Family.S09E17.Royal.Visit.1080p.DSNP.WEB-DL.DDP5.1.H.264-CRFW.mkv,Modern Family,2009,1442437,9,17,Ty Burrell,15232.0,0.842
662,1140,264,1302,480,1254,354,1188,354,0.93,17688,0,"[-0.7618104219436646, 1.3215909004211426, -2.077094554901123, 1.5580863952636719, 0.7487782835960388, -1.0046613216400146, -0.28231802582740784, -1.2289867401123047, 0.1976812183856964, 1.0759961605072021, 1.0642001628875732, -0.3859827220439911, 1.0968528985977173, -1.4549927711486816, 0.6719187498092651, 2.0262835025787354, -0.06409238278865814, -0.26806896924972534, -1.8198351860046387, 0.6365251541137695, -0.6665405035018921, 2.517702579498291, -1.4807251691818237, 0.8648377656936646, 0.598071813583374, 1.7191896438598633, 1.6473928689956665, 1.1314939260482788, 0.5061811208724976, 1.0229769945144653, 0.7839792966842651, 0.1080823540687561, -0.5563375353813171, -0.28598442673683167, -0.17482362687587738, 0.209468811750412, 0.8235987424850464, -0.4298554062843323, 0.564521074295044, -0.6409443616867065, -0.054477766156196594, -0.18865256011486053, -0.6096704006195068, -0.4071827232837677, 0.864316463470459, -0.06677837669849396, 0.9276631474494934, -0.7895866632461548, 0.752692461013794, 1.0524933338165283, 0.34878087043762207, -0.3241850733757019, 0.040398817509412766, 1.8050192594528198, -1.122607707977295, -0.6444363594055176, 1.6127886772155762, -1.4403902292251587, -0.21263597905635834, -0.07786668092012405, -0.7095948457717896, 0.9505446553230286, 0.1581386923789978, 0.18435107171535492, 1.8043174743652344, -1.318799376487732, 0.3142639994621277, -0.9454145431518555, -1.217246651649475, -1.3194448947906494, 0.037849392741918564, -0.20669880509376526, -0.6518070697784424, -0.42323946952819824, 1.378017544746399, -0.5995141267776489, 0.09502992033958435, 1.0908927917480469, 1.1444897651672363, -0.015980221331119537, -0.7581319212913513, -0.022232841700315475, 0.7947458624839783, 0.08851812034845352, -0.3901151716709137, 2.9156789779663086, -1.0864895582199097, 2.879383087158203, 0.5414766073226929, -1.436901330947876, 1.4726673364639282, 0.8673092722892761, 1.7206311225891113, -0.5612052083015442, 2.217122793197632, 0.45089584589004517, 0.524725615978241, -1.106627345085144, 0.5318421125411987, -0.9548064470291138, 0.4269774556159973, 1.686594843864441, -0.35885271430015564, -1.7022960186004639, 0.26144862174987793, 0.2679324746131897, -0.7556278705596924, 1.6674991846084595, 1.1728503704071045, -0.24021939933300018, -1.1717625856399536, -0.46699362993240356, -0.28948110342025757, 0.38077834248542786, 0.2756601572036743, -0.014755025506019592, -0.6667444705963135, 1.0350522994995117, 0.3010192811489105, 0.8752211332321167, -0.14348183572292328, -0.20645800232887268, 1.797582745552063, -1.7380683422088623, 1.174089789390564, -0.4527803957462311, 1.099800944328308, -0.542046308517456]",yunet,Facenet,1920,1080,/home/amos/media/tv/modern_family/Modern.Family.S09.1080p.DSNP.WEB-DL.DDP5.1.H.264-CRFW/Modern.Family.S09E17.Royal.Visit.1080p.DSNP.WEB-DL.DDP5.1.H.264-CRFW.mkv,Modern Family,2009,1442437,9,17,Jimmy Tatro,1304335.0,0.792
663,1560,282,1692,450,1656,348,1590,354,0.926,17688,1,"[0.8699548244476318, -0.3159864544868469, 0.9575271010398865, -0.0004826784133911133, 0.7530713677406311, 2.2154955863952637, 0.3892676532268524, -2.141958236694336, 0.7906952500343323, 1.868638038635254, -0.7849755883216858, 0.11865437030792236, -1.0585579872131348, 1.461285948753357, -0.10765436291694641, 0.4858202338218689, -0.5942577123641968, -0.8575611114501953, -1.8492681980133057, -1.2928016185760498, -0.7143557071685791, -0.2003198117017746, 0.8075873255729675, 0.679108738899231, 0.6587310433387756, -0.2616538405418396, 1.7797513008117676, -0.2842240333557129, 1.952831745147705, 1.2628728151321411, 0.6629045009613037, -0.9626417756080627, -0.045328110456466675, -0.4503655433654785, 1.0241930484771729, 0.22582143545150757, -2.404574155807495, 0.24690461158752441, -0.4971563220024109, 1.6244401931762695, -0.2338782250881195, -2.705631971359253, 0.58978271484375, 1.5246928930282593, -0.007773561403155327, -1.5474871397018433, -0.8382860422134399, -0.1874997466802597, -0.9260982275009155, -2.113185167312622, 0.6221230626106262, -0.8040538430213928, 0.24735596776008606, 0.6937329769134521, 0.11894306540489197, -0.13451702892780304, 0.24722498655319214, -0.7874124050140381, -0.43639636039733887, -1.0397539138793945, -1.2648178339004517, 0.197357639670372, -0.05817504972219467, -0.9472123384475708, -0.7827303409576416, 1.2202041149139404, -1.0004568099975586, 1.8498088121414185, -0.13283246755599976, -0.36932674050331116, -1.616527795791626, 0.31070536375045776, 1.6426960229873657, -1.0597636699676514, 0.3225298523902893, 1.2553545236587524, 1.0092675685882568, -0.5567042231559753, 0.16373059153556824, 0.10844999551773071, -0.31875085830688477, 1.1077839136123657, -0.11010117828845978, 0.8125566840171814, -0.4707737863063812, -1.051780104637146, 0.365339457988739, -0.3422192931175232, 2.1522650718688965, 0.025844931602478027, 0.25172436237335205, -0.5257360935211182, 1.0353736877441406, -1.060645341873169, 0.8896364569664001, 1.2826427221298218, -0.4559158682823181, -0.17452000081539154, 0.318787157535553, -0.38130640983581543, -0.11906290799379349, 0.23478102684020996, -1.4297446012496948, 1.0396273136138916, 0.8372644186019897, -0.4786350131034851, -0.3353152275085449, -0.17592626810073853, 1.8959729671478271, -1.2861238718032837, 1.449184536933899, 0.9756357669830322, -0.3678937554359436, -1.2077100276947021, 0.12772634625434875, 0.8377023935317993, -0.013721654191613197, 2.002382755279541, 0.5387195944786072, -1.0668401718139648, 1.0664048194885254, 0.4492684006690979, 1.5857325792312622, -0.6365267634391785, 1.34192955493927, 0.5623201727867126, 0.8066757917404175, 0.3238305449485779]",yunet,Facenet,1920,1080,/home/amos/media/tv/modern_family/Modern.Family.S09.1080p.DSNP.WEB-DL.DDP5.1.H.264-CRFW/Modern.Family.S09E17.Royal.Visit.1080p.DSNP.WEB-DL.DDP5.1.H.264-CRFW.mkv,Modern Family,2009,1442437,9,17,Ariel Winter,42160.0,0.75
664,210,204,402,462,348,306,270,312,0.921,17688,2,"[-2.241023302078247, 0.4167308211326599, -0.6637136936187744, 0.5042643547058105, 0.6640192270278931, 0.6183720231056213, -0.36242613196372986, -0.95753413438797, -0.18039697408676147, -0.6421381831169128, 0.7114379405975342, -0.22391387820243835, -0.9156916737556458, -1.0747789144515991, 1.5335313081741333, 0.373096764087677, -0.8912917375564575, -1.2522135972976685, -2.5526134967803955, -0.7222999334335327, -1.017286777496338, 0.21775531768798828, 0.5125956535339355, -0.3465445935726166, -0.062471430748701096, 0.11866863816976547, 2.6290853023529053, 0.6711714267730713, -0.576321542263031, 1.0764856338500977, 0.5583025813102722, -0.42381754517555237, 1.2665069103240967, -1.014160394668579, 0.6992075443267822, 1.4869166612625122, -0.18009483814239502, -0.569294273853302, 0.17799225449562073, 0.9479140043258667, -0.4205203056335449, -1.052549123764038, -3.187329053878784, -1.4084805250167847, 0.8417378664016724, -1.6365773677825928, 0.8499119877815247, 0.10929881781339645, 0.28118860721588135, -1.135807752609253, -0.3044082522392273, 0.09711459279060364, 1.597116470336914, 1.1907795667648315, 0.30478402972221375, 0.35413408279418945, 0.8551421761512756, 0.26854461431503296, -0.17278681695461273, -1.000329852104187, -0.10585390031337738, -1.3757874965667725, 0.04758355766534805, -0.27548977732658386, 1.403883695602417, -0.33582520484924316, 0.8956930637359619, 2.3848066329956055, -1.1139675378799438, 0.18615105748176575, -1.2206144332885742, 0.7798497676849365, -0.581571638584137, -0.4210910201072693, -0.48709815740585327, 0.6287537813186646, 0.04087139666080475, 1.6188315153121948, -0.7543726563453674, 0.28327447175979614, -2.0370335578918457, 0.5568970441818237, -0.17278599739074707, 1.658795952796936, -0.15103062987327576, 1.1807931661605835, 1.0183308124542236, 0.24491529166698456, -1.141838788986206, -0.9731430411338806, 1.3058658838272095, -1.1092737913131714, 0.9660130739212036, -1.3985248804092407, -0.37795859575271606, 1.0925902128219604, -0.8966493010520935, -0.028965862467885017, 1.1388049125671387, 0.7537825107574463, -1.492717981338501, 0.6984524130821228, -0.4852679371833801, 0.5511289238929749, 1.1513049602508545, -0.06332443654537201, -1.8919321298599243, 0.642596960067749, 2.1403353214263916, 0.41150668263435364, -1.7805233001708984, -0.6561882495880127, 0.2690679430961609, -0.28527596592903137, 0.12938231229782104, 2.0297536849975586, -1.11858069896698, 0.21010684967041016, 0.7659528255462646, 0.8764479756355286, 0.2745417654514313, -0.39630526304244995, 0.5781536102294922, -1.304539680480957, 1.9001156091690063, -0.32018524408340454, 0.33673298358917236, 1.1758989095687866]",yunet,Facenet,1920,1080,/home/amos/media/tv/modern_family/Modern.Family.S09.1080p.DSNP.WEB-DL.DDP5.1.H.264-CRFW/Modern.Family.S09E17.Royal.Visit.1080p.DSNP.WEB-DL.DDP5.1.H.264-CRFW.mkv,Modern Family,2009,1442437,9,17,Nolan Gould,147710.0,0.854
665,972,144,1194,444,1164,252,1074,252,0.902,17712,0,"[0.006761789321899414, 0.7552752494812012, 0.0495515838265419, -0.5970476865768433, 1.1424452066421509, -0.8066335916519165, -1.79219651222229, 1.6668598651885986, 0.16405856609344482, -0.39080941677093506, 1.9064282178878784, 0.7026463150978088, -0.0818062573671341, -0.9562534093856812, 0.569360613822937, -0.6273819208145142, -0.0843227356672287, -0.07648647576570511, -1.2709394693374634, -0.15416452288627625, 0.27645114064216614, -0.10656161606311798, 1.0934606790542603, -0.2305004894733429, -0.20076078176498413, 1.7538121938705444, -1.020132064819336, 1.7805756330490112, 0.34572434425354004, -3.475767135620117, -1.3628911972045898, -0.5152670741081238, -1.4442130327224731, -0.7205790281295776, 2.2248005867004395, 1.2450038194656372, -0.26445528864860535, 0.20539724826812744, 0.7538950443267822, -0.31114718317985535, -1.3681076765060425, 0.7286403179168701, 1.4503462314605713, -0.9365649819374084, -2.2241177558898926, -0.18753382563591003, -0.8422917127609253, -1.5279239416122437, 0.1040271669626236, -0.03527439385652542, 0.9601041078567505, -2.2151734828948975, 0.5964525938034058, 0.010721415281295776, 1.1801599264144897, -0.09813771396875381, 0.9557362794876099, -0.01816244050860405, -1.0891071557998657, -1.0386754274368286, -0.8824378252029419, -0.885020911693573, 0.2102643847465515, 0.09770739078521729, -0.8110529184341431, 0.2134326547384262, -1.6287684440612793, -0.37566667795181274, 0.8771023750305176, 2.0144379138946533, 0.5512668490409851, 1.7856899499893188, -2.6294848918914795, 1.2275044918060303, 0.6829763650894165, 0.647750735282898, 0.5346933603286743, 1.9496124982833862, 0.0009086132049560547, 0.7981658577919006, -0.2992963194847107, -0.6804617643356323, 0.761510968208313, -1.4022033214569092, 0.34040677547454834, -0.3596005141735077, 0.5425949692726135, -0.4690617322921753, -0.7345108985900879, -0.9433263540267944, 0.7036863565444946, -2.0205204486846924, -1.420074701309204, -0.2681041657924652, 0.34778425097465515, -1.0130373239517212, -0.9435915946960449, 0.32361650466918945, 1.5444846153259277, -2.165224552154541, -1.098443865776062, -0.7043913006782532, 0.27623438835144043, 1.2804906368255615, 1.2713778018951416, 0.4192560911178589, 1.9970288276672363, -1.5835741758346558, -0.19103434681892395, 1.2514458894729614, 3.0966267585754395, -0.45445019006729126, -0.6501518487930298, 1.54243803024292, 0.7926934957504272, 1.686873197555542, 0.9953000545501709, 0.19171659648418427, 0.9877874255180359, -0.6718219518661499, -0.09780777990818024, -0.32719340920448303, 0.3364630341529846, -0.2666866183280945, -1.2932548522949219, -0.6604822874069214, -0.9873378872871399, 0.07657252252101898]",yunet,Facenet,1920,1080,/home/amos/media/tv/modern_family/Modern.Family.S09.1080p.DSNP.WEB-DL.DDP5.1.H.264-CRFW/Modern.Family.S09E17.Royal.Visit.1080p.DSNP.WEB-DL.DDP5.1.H.264-CRFW.mkv,Modern Family,2009,1442437,9,17,Julie Bowen,31171.0,0.61
666,768,150,1032,510,966,300,840,294,0.924,17736,0,"[0.8671224117279053, 0.7616890668869019, 0.8216098546981812, -0.5523040294647217, -1.133712649345398, 0.561976432800293, -0.7086199522018433, -0.25492826104164124, -0.34725454449653625, -0.44183871150016785, -0.1880476176738739, 0.7517547011375427, 0.5379493832588196, -0.30543315410614014, -1.4738267660140991, 0.703862190246582, -0.02367989718914032, -0.6424376964569092, -0.012477181851863861, 0.6012740135192871, -1.5147159099578857, 2.044238328933716, -0.44715607166290283, 0.5655258893966675, -0.09008622169494629, 1.6384961605072021, -2.607935905456543, 1.6055563688278198, 1.398100733757019, -1.6538217067718506, -0.2678906321525574, -0.8325506448745728, -0.6263101696968079, -0.671257495880127, 0.8908999562263489, 1.1004130840301514, 0.8841232657432556, 1.5805039405822754, 0.9379915595054626, 1.3666166067123413, 0.16830165684223175, 1.4863861799240112, -0.5994938611984253, 0.3318338096141815, -0.2826085090637207, 0.7156705856323242, -0.14738969504833221, 0.4435378313064575, -0.0028482601046562195, -1.4627372026443481, 0.611706554889679, -0.5031993389129639, -0.7001317739486694, -0.6024730801582336, -0.7493758797645569, 1.0750908851623535, 1.1206978559494019, 0.8088520169258118, 0.06363202631473541, 0.21516656875610352, 1.3242295980453491, -0.2186519056558609, -1.4398574829101562, 0.24720293283462524, -0.5221028327941895, 1.9671744108200073, 1.847320318222046, 0.5809157490730286, 1.9795501232147217, -0.16882719099521637, -0.07580579817295074, 1.5864224433898926, -1.1549980640411377, 0.6239011883735657, 0.8370720148086548, 0.8604382872581482, -0.842352032661438, 1.3635762929916382, 0.3324589431285858, 0.8402522206306458, 0.06130150705575943, -1.802067756652832, -0.07494982331991196, 0.09895625710487366, -1.6232773065567017, -1.3006130456924438, 0.5083931684494019, -0.26622629165649414, -0.11157280206680298, -0.4316847324371338, 0.9960490465164185, -1.9982047080993652, 0.1280217468738556, -0.9950801730155945, 0.35313594341278076, 0.17082497477531433, 0.575896680355072, -0.3853238523006439, 0.7220368385314941, -0.893369197845459, -0.1279575079679489, 0.5391775965690613, -2.362095832824707, 0.07617747783660889, -0.8866699934005737, 0.9819846749305725, 0.140858992934227, -2.323230504989624, 0.37430116534233093, 0.23616088926792145, 0.5653325915336609, 1.0605354309082031, 0.45123574137687683, 0.08653166145086288, 0.3469306528568268, 1.9054838418960571, -1.0700920820236206, -0.8060961961746216, -0.3220844864845276, -0.12655802071094513, -0.47315120697021484, 0.21769379079341888, 0.08286441117525101, -0.9155464172363281, 1.2498103380203247, -0.8919327855110168, 0.826305091381073, -1.499566674232483]",yunet,Facenet,1920,1080,/home/amos/media/tv/modern_family/Modern.Family.S09.1080p.DSNP.WEB-DL.DDP5.1.H.264-CRFW/Modern.Family.S09E17.Royal.Visit.1080p.DSNP.WEB-DL.DDP5.1.H.264-CRFW.mkv,Modern Family,2009,1442437,9,17,Ty Burrell,15232.0,0.815
667,510,288,690,522,648,366,558,366,0.928,17784,0,"[-0.5599949359893799, -1.3032381534576416, 1.0411194562911987, 2.3249013423919678, 1.0291080474853516, -0.03470389544963837, 0.6156195998191833, -0.9330464005470276, -0.8660369515419006, 3.140007734298706, -0.13062891364097595, 1.1280150413513184, 0.36411017179489136, -0.5450344085693359, -0.7049394845962524, -0.17813634872436523, 0.8862844705581665, -1.632216215133667, -1.5210859775543213, 0.3453051447868347, 0.8452123403549194, -0.9286314249038696, -0.023805636912584305, 0.0714033767580986, -0.5144710540771484, 0.4540756046772003, 1.91054105758667, 1.012832760810852, 1.9104851484298706, 1.0489788055419922, 0.4333713948726654, -0.531642496585846, -1.271315574645996, -2.077946901321411, 1.705734372138977, -1.3709194660186768, -1.8648022413253784, -0.27586546540260315, -0.371002197265625, -0.7018808126449585, -1.0724811553955078, 0.2462635636329651, 0.05117790773510933, 2.008596420288086, 1.0622645616531372, -0.002216251567006111, 1.1955430507659912, 0.7387627363204956, 0.030841387808322906, 0.945526123046875, -1.1005345582962036, 1.6307258605957031, 1.304063081741333, -0.5793020129203796, 0.7370152473449707, 0.509918212890625, 1.8235746622085571, 0.6469895839691162, 1.1074684858322144, 1.202905297279358, -0.6547312140464783, 0.7923455834388733, 1.1216366291046143, -0.3884044885635376, -0.7330595850944519, 1.6366232633590698, -0.6358941197395325, 0.8150445222854614, -0.004309765994548798, 0.7392076253890991, -1.3392422199249268, -0.1286136656999588, -0.7218013405799866, 0.7864405512809753, -0.2291184365749359, -0.03849500045180321, -0.15623798966407776, -0.8364576101303101, 0.3419243097305298, -0.0701046735048294, -0.35751110315322876, -1.0230212211608887, 1.369832158088684, -0.41690903902053833, 0.06164205074310303, -0.5156526565551758, -0.6709182858467102, -0.2083250880241394, 0.942846417427063, -1.7485952377319336, -1.4070663452148438, 1.3329787254333496, 0.06572230160236359, 0.7752036452293396, 2.609123468399048, 0.42635563015937805, 0.10324524343013763, -0.8997185826301575, 0.024857692420482635, -1.1247891187667847, 0.5935889482498169, 0.407210111618042, -1.4371963739395142, 0.32518890500068665, 0.9718151688575745, 0.24853326380252838, 0.9287003874778748, 0.07552070170640945, 1.6525131464004517, -0.6660371422767639, 1.1006397008895874, 0.2892524302005768, 0.5061296820640564, 0.7714261412620544, -0.9139814376831055, 1.0607949495315552, -0.1918167620897293, 1.5469390153884888, -0.3674493134021759, -0.7274429202079773, 2.3151559829711914, -0.4126240015029907, -0.25532978773117065, -1.785101294517517, 0.1438618302345276, 0.5322328209877014, 1.6863019466400146, -1.9567674398422241]",yunet,Facenet,1920,1080,/home/amos/media/tv/modern_family/Modern.Family.S09.1080p.DSNP.WEB-DL.DDP5.1.H.264-CRFW/Modern.Family.S09E17.Royal.Visit.1080p.DSNP.WEB-DL.DDP5.1.H.264-CRFW.mkv,Modern Family,2009,1442437,9,17,Sarah Hyland,91351.0,0.653
668,1044,186,1254,486,1146,312,1074,306,0.912,17784,1,"[-0.5422564744949341, -2.9029266834259033, -0.22999103367328644, -1.0596822500228882, -0.16000618040561676, 1.7219202518463135, -0.48597103357315063, 1.3602553606033325, 1.381117582321167, -0.898322582244873, 0.4962029457092285, -0.25515875220298767, -1.3409397602081299, 1.0332717895507812, -1.2081971168518066, -0.8186637759208679, -0.43574175238609314, -0.09592866897583008, -0.00014319270849227905, -1.2610797882080078, 0.1939665973186493, -1.8931405544281006, 0.34348243474960327, -2.402913808822632, -0.38381680846214294, 0.12884661555290222, -0.3236559331417084, -1.4957786798477173, 0.13656574487686157, -0.3713453412055969, -0.2579200863838196, 1.327110767364502, -0.29503756761550903, -0.7238319516181946, -0.36152568459510803, 0.9259384870529175, -0.8411766886711121, 1.0248254537582397, 0.5148893594741821, -1.0153698921203613, 2.0744569301605225, 1.219603180885315, -1.0880546569824219, -2.0955498218536377, 0.6453217267990112, -1.4391776323318481, 0.23704585433006287, 1.617401361465454, 0.03071872889995575, 0.0766904354095459, 0.14775294065475464, 1.1428732872009277, -0.7291692495346069, -0.34919095039367676, 0.5929273962974548, -0.5544906258583069, 0.1255023330450058, 1.930469274520874, -0.27811238169670105, -0.23091360926628113, 1.1259742975234985, -2.2971673011779785, 1.0721434354782104, 2.349421977996826, 1.1151505708694458, 0.15851221978664398, 0.1418830305337906, 1.4130737781524658, 0.7235713005065918, -1.1157312393188477, -1.1511759757995605, 0.9111270904541016, -2.5280091762542725, 1.1565109491348267, 0.6806434988975525, -1.2198638916015625, -1.326917052268982, 0.486904114484787, -1.1547383069992065, -0.13611578941345215, -2.529330015182495, -0.3354277014732361, 0.820722222328186, -1.0728423595428467, -2.4769556522369385, -0.9856876134872437, 0.6706593036651611, -0.6564481854438782, -1.9084943532943726, -1.018679141998291, -0.8959437012672424, -1.0536704063415527, 0.41718214750289917, 0.8645800352096558, 0.3932308852672577, 0.8141414523124695, -1.2979069948196411, 0.9803924560546875, 0.21069678664207458, 1.118194341659546, -0.9038101434707642, 0.45619118213653564, -0.6950100064277649, 0.8904585242271423, -0.20133215188980103, 1.1720753908157349, -0.7657155394554138, -0.7655990123748779, -0.5504953861236572, -0.3117953836917877, 0.36667853593826294, 0.30470919609069824, 0.7439893484115601, -0.9245043396949768, 0.0036521367728710175, 1.6409465074539185, 0.5967363119125366, -0.5740525126457214, -2.0176665782928467, -0.46850118041038513, -2.0424728393554688, 1.25123929977417, 1.2015247344970703, 0.1949933022260666, -1.5497381687164307, 0.3290823996067047, -1.8993704319000244, 0.14218278229236603]",yunet,Facenet,1920,1080,/home/amos/media/tv/modern_family/Modern.Family.S09.1080p.DSNP.WEB-DL.DDP5.1.H.264-CRFW/Modern.Family.S09E17.Royal.Visit.1080p.DSNP.WEB-DL.DDP5.1.H.264-CRFW.mkv,Modern Family,2009,1442437,9,17,Chris Geere,62879.0,0.699
669,534,234,726,474,684,330,594,324,0.924,17808,0,"[0.6681169271469116, -0.6934266090393066, 1.0010560750961304, 2.1799094676971436, 3.1358041763305664, 0.47330349683761597, 0.9282328486442566, -2.0806384086608887, 0.8774319291114807, 2.843813180923462, -1.2389885187149048, 1.1028727293014526, -0.018131040036678314, 0.09416896104812622, 0.2504459023475647, 0.18866676092147827, -0.3226391673088074, -1.0616085529327393, -1.7681615352630615, -1.1339768171310425, -0.291867196559906, -1.1338967084884644, 0.9426450729370117, 0.4406970143318176, 0.1393863558769226, -0.009999692440032959, 0.9906793832778931, -0.40442243218421936, 1.4538215398788452, 1.3410104513168335, 0.14872509241104126, -2.335264205932617, -2.2191686630249023, -1.3764598369598389, 1.2349662780761719, -0.5118633508682251, -1.842169165611267, 1.1439217329025269, -0.7063897252082825, -0.1716616451740265, 0.7322543263435364, -0.8431329727172852, 0.3617267310619354, 2.4310853481292725, -0.4329429864883423, 0.06493380665779114, 0.7713602781295776, 0.013865235261619091, -0.6802459955215454, 0.3059881031513214, -1.8204104900360107, 1.315492033958435, 0.734306812286377, -0.6010851263999939, 0.5512330532073975, 0.11003565043210983, 1.8796740770339966, -0.37753817439079285, 1.3954373598098755, 1.282535195350647, -0.4477669894695282, -0.20360350608825684, 0.6390746235847473, -0.7001269459724426, -0.9117347002029419, 1.6977359056472778, -1.5093210935592651, 0.49662908911705017, 0.13172784447669983, 0.8607299327850342, -0.7083263397216797, -0.0016665011644363403, -0.5196701288223267, 0.739479124546051, 0.23466245830059052, 0.3009014427661896, -0.021584048867225647, -0.2844406068325043, -0.5196202397346497, -0.4623870253562927, -0.48235368728637695, -1.100998044013977, 1.4023854732513428, 0.5889257788658142, -0.26789313554763794, -1.2630603313446045, 0.25556766986846924, -0.7974478006362915, 1.1451585292816162, -0.8484318256378174, -1.1004705429077148, -0.335000216960907, 1.0641624927520752, -0.6083332896232605, 1.40135657787323, 0.6070029139518738, -0.3119948208332062, -0.26464882493019104, -0.5560041069984436, -0.8365069627761841, -0.46273839473724365, 0.3058328926563263, -2.4660067558288574, 0.1424369513988495, 1.8998914957046509, 0.13904975354671478, 0.19423556327819824, -0.5819584131240845, 1.4188032150268555, -0.3820982575416565, 1.4986200332641602, 1.8341773748397827, 0.446785032749176, -0.11546671390533447, -0.4015190005302429, 0.43940427899360657, -0.9717673063278198, 1.1888266801834106, -0.32283544540405273, -0.7744662761688232, 2.684743881225586, -1.2290457487106323, 0.06390984356403351, -1.456101894378662, -0.4898427128791809, 0.13699674606323242, 1.3900009393692017, -1.0494195222854614]",yunet,Facenet,1920,1080,/home/amos/media/tv/modern_family/Modern.Family.S09.1080p.DSNP.WEB-DL.DDP5.1.H.264-CRFW/Modern.Family.S09E17.Royal.Visit.1080p.DSNP.WEB-DL.DDP5.1.H.264-CRFW.mkv,Modern Family,2009,1442437,9,17,Sarah Hyland,91351.0,0.604
670,1158,156,1386,462,1290,276,1188,276,0.913,17808,1,"[-1.2003029584884644, -2.2990071773529053, -0.5473353266716003, 0.08786306530237198, -0.15749023854732513, 1.009056806564331, -0.6388347744941711, 1.2409474849700928, 1.5117977857589722, -1.5664249658584595, 0.7521741390228271, -0.5996301174163818, -1.4657262563705444, 1.1091735363006592, -1.283301591873169, -1.6808801889419556, -1.2389020919799805, -0.20715369284152985, -1.0755486488342285, -0.16358007490634918, -0.0015422776341438293, -1.9336998462677002, 0.685511589050293, -1.7467424869537354, -0.6442890763282776, -0.3738122880458832, 0.4445272386074066, -1.9197946786880493, -0.7804164290428162, -0.6976348757743835, -1.3296250104904175, 1.4181526899337769, -1.050187349319458, -0.11047141253948212, -1.4375195503234863, 1.7793534994125366, -1.1824265718460083, 0.8447965979576111, 0.357878178358078, -1.5416327714920044, 2.4698405265808105, 0.656699538230896, -1.3009511232376099, -1.5140129327774048, 0.1062399372458458, -1.3445262908935547, 0.840478777885437, 1.7612605094909668, -0.9685238599777222, 0.6927100419998169, 0.005973856896162033, 2.003141403198242, 0.6661054491996765, -0.7919778823852539, 0.7585052251815796, 0.025918900966644287, -0.11510619521141052, 1.6537331342697144, -0.40030357241630554, 0.22106239199638367, 0.7249825596809387, -1.641162395477295, -0.5347944498062134, 2.417341470718384, 2.270016670227051, 0.014023520052433014, 0.016036182641983032, 1.1360139846801758, -0.3146328032016754, -0.9690134525299072, -0.7800134420394897, 0.8751838207244873, -2.3355631828308105, 1.5451593399047852, 0.2086499035358429, -0.7312387824058533, -1.5471704006195068, 0.19240273535251617, -1.799461841583252, -0.7475427985191345, -1.9614185094833374, -0.39260515570640564, 1.118388056755066, 0.13926932215690613, -0.5679121613502502, -0.5477986335754395, 0.9816410541534424, -0.1962660849094391, -1.876644492149353, -2.078444719314575, -0.811920166015625, -0.6298407912254333, 0.7303876876831055, 1.2209506034851074, 0.39759135246276855, 0.9985802173614502, -1.0340174436569214, 0.6680152416229248, -0.11731337755918503, 0.4274601340293884, -0.9607640504837036, -0.2075619101524353, -1.0538744926452637, 0.1422111988067627, -0.6050326824188232, 0.19335049390792847, 0.3890414834022522, -0.4403627812862396, 0.14184363186359406, -0.5845857858657837, 0.40504348278045654, 0.45486146211624146, 1.3030070066452026, -0.3271277844905853, -0.6645674109458923, 1.8810278177261353, 0.25022605061531067, 0.2263319492340088, -1.9476913213729858, 0.9467490315437317, -1.4157681465148926, 0.6933304071426392, 0.7850211262702942, -0.4476988613605499, -1.6540133953094482, 0.4147398769855499, -1.0295448303222656, 0.7222747802734375]",yunet,Facenet,1920,1080,/home/amos/media/tv/modern_family/Modern.Family.S09.1080p.DSNP.WEB-DL.DDP5.1.H.264-CRFW/Modern.Family.S09E17.Royal.Visit.1080p.DSNP.WEB-DL.DDP5.1.H.264-CRFW.mkv,Modern Family,2009,1442437,9,17,Chris Geere,62879.0,0.783
671,498,234,696,480,660,324,576,324,0.923,17832,0,"[-0.5604374408721924, -1.0713393688201904, 0.16519178450107574, 2.5309855937957764, 1.722251534461975, -0.3869287073612213, 0.682137668132782, -1.7594783306121826, -0.1885412335395813, 2.373161554336548, -1.5771820545196533, 0.8566977381706238, 0.8822038769721985, 0.8969861268997192, -0.1380990892648697, -0.21271532773971558, -0.7873648405075073, -1.8216962814331055, -2.526500940322876, 0.6990067958831787, -0.7603485584259033, 0.48739758133888245, 0.6574142575263977, 1.0111945867538452, -0.10680738091468811, 0.4075581729412079, 2.001185894012451, -0.6856856346130371, 1.910733699798584, 0.7768566608428955, 0.6936821937561035, -1.2940213680267334, -1.4574857950210571, -0.5813328623771667, 0.7072451710700989, 0.12187568843364716, -1.051270604133606, -0.20758935809135437, 0.06474148482084274, -0.19603267312049866, 0.3981053829193115, -0.044870682060718536, 0.393573135137558, 2.23164701461792, -0.04524121433496475, -0.19905491173267365, 0.48890069127082825, -0.09383823722600937, -1.547204613685608, 0.3069523870944977, -1.2513322830200195, 1.7927895784378052, 0.2841559052467346, 0.5366246700286865, -0.8481382131576538, 0.13021254539489746, 1.011496663093567, 0.20763316750526428, -0.5366553664207458, 0.5786483883857727, -0.2519468665122986, -0.3255676031112671, -0.3968213200569153, -1.0185099840164185, -0.8169209361076355, 1.2778171300888062, -0.41824275255203247, 0.7815716862678528, -0.6031152606010437, 0.34229758381843567, -0.18447424471378326, 1.0204699039459229, -0.230009526014328, 0.35624027252197266, 0.4827468991279602, -0.6322028040885925, 0.5463250875473022, -1.1151491403579712, -0.1791309118270874, -0.3199607729911804, -0.3532545566558838, 0.037534199655056, 1.9930082559585571, 1.7128922939300537, -1.1090999841690063, -0.21550938487052917, 0.25096261501312256, -0.5064182877540588, 1.3121414184570312, -2.036160945892334, -1.5694289207458496, -0.7217226624488831, 0.4317431151866913, 0.02384435385465622, 1.9011218547821045, 0.7332965135574341, 0.11772750318050385, -0.5260971188545227, 0.45125675201416016, -1.030307650566101, 0.21491186320781708, 0.9684223532676697, -2.7214841842651367, 0.7375102043151855, 1.0337480306625366, -0.07998555153608322, 0.5672380328178406, -1.1028324365615845, 1.6741467714309692, -0.9797403812408447, 1.2538397312164307, 1.1428495645523071, 1.9184978008270264, -0.24382942914962769, -0.0009003207087516785, 0.8801162242889404, -1.1981803178787231, 1.3812564611434937, -0.7928571701049805, -0.9027239084243774, 2.036565065383911, -0.8187524080276489, 0.5319659113883972, -1.9518537521362305, -0.30092543363571167, 0.7628573179244995, 1.738747239112854, -0.10580162703990936]",yunet,Facenet,1920,1080,/home/amos/media/tv/modern_family/Modern.Family.S09.1080p.DSNP.WEB-DL.DDP5.1.H.264-CRFW/Modern.Family.S09E17.Royal.Visit.1080p.DSNP.WEB-DL.DDP5.1.H.264-CRFW.mkv,Modern Family,2009,1442437,9,17,Sarah Hyland,91351.0,0.666
672,1206,186,1440,522,1290,324,1230,324,0.921,17832,1,"[-0.5368989706039429, -2.4238061904907227, 0.027299532666802406, -0.571978747844696, 0.6412075161933899, 0.8134207129478455, -1.4395323991775513, 1.4941575527191162, 1.5332058668136597, -0.6465083956718445, 1.058497428894043, -0.6234046220779419, -1.9326897859573364, 0.8940796852111816, -0.5223691463470459, -1.0059922933578491, -0.7567684650421143, -1.0280336141586304, 0.7592945098876953, -0.5200620889663696, -0.8222123384475708, -2.2142319679260254, 1.6699035167694092, -0.7436233162879944, -0.33870911598205566, -0.12845587730407715, 0.2309710830450058, -1.188055396080017, 0.7113232612609863, -0.37367531657218933, -0.931592583656311, 0.4790925681591034, -0.8340234756469727, 0.803260326385498, -0.1278512328863144, 1.3701262474060059, -0.5052511096000671, 0.4952983856201172, 0.9315604567527771, -0.9682725667953491, 1.1007230281829834, 0.8254320025444031, -1.2320460081100464, -1.0003458261489868, -0.06014802306890488, -1.2504035234451294, -0.3248499035835266, 1.683408498764038, -0.6370061039924622, 0.9779564142227173, 0.040225766599178314, 1.2876228094100952, 0.2737753987312317, 0.4074980616569519, -0.21976938843727112, -0.8580332398414612, 1.0132367610931396, 1.7964662313461304, -1.325023889541626, 0.7259070873260498, 1.1931813955307007, -1.9160431623458862, 0.3002071976661682, 1.8703181743621826, 0.25649315118789673, 1.0400704145431519, 0.030921198427677155, 0.44839105010032654, 0.5213583707809448, -0.7843223810195923, -0.509465217590332, -0.5394691228866577, -2.2192270755767822, 2.758049488067627, 0.5073516368865967, 0.23965688049793243, -0.5297365188598633, 0.7204100489616394, -0.578400194644928, -0.19484283030033112, -2.227729320526123, 0.41935965418815613, 1.292302131652832, -1.1742854118347168, -1.089795470237732, -1.800445795059204, 1.397828221321106, -0.301891028881073, -1.3909552097320557, -0.8746988773345947, -1.9723514318466187, -0.3275029957294464, -0.21798570454120636, 1.2235270738601685, 0.7035048604011536, 0.9886480569839478, -2.9504880905151367, 0.7401553392410278, -1.8449318408966064, 0.02106998674571514, -0.9757980704307556, -0.9183274507522583, -1.1794112920761108, 0.8773377537727356, 0.6416692733764648, 1.1755285263061523, 0.1754475086927414, -0.8982714414596558, -0.15359176695346832, -1.4783366918563843, 1.2906403541564941, -0.3412715792655945, 0.47401437163352966, -1.0229477882385254, -0.10008808225393295, 1.8691915273666382, 0.7237149477005005, -1.4502272605895996, -1.4088035821914673, 0.37210413813591003, -1.4617260694503784, -0.22619856894016266, -0.03888843208551407, -0.3798438608646393, -0.609707772731781, 0.49140873551368713, -0.5876782536506653, 0.07920141518115997]",yunet,Facenet,1920,1080,/home/amos/media/tv/modern_family/Modern.Family.S09.1080p.DSNP.WEB-DL.DDP5.1.H.264-CRFW/Modern.Family.S09E17.Royal.Visit.1080p.DSNP.WEB-DL.DDP5.1.H.264-CRFW.mkv,Modern Family,2009,1442437,9,17,Chris Geere,62879.0,0.64
673,504,246,708,504,666,342,570,342,0.934,17856,0,"[-0.18787041306495667, -1.1934969425201416, 0.15426582098007202, 3.3907370567321777, 1.98067045211792, -0.07385314255952835, 0.2989048957824707, -0.8855631947517395, 0.5569794178009033, 3.0378599166870117, -1.9810917377471924, 0.07295452803373337, -0.1035359650850296, 0.6458591222763062, -0.5177469253540039, -0.2715873718261719, -0.24264460802078247, -1.3344436883926392, -1.0801177024841309, -0.3201763331890106, -0.2130027413368225, -0.6072813272476196, 1.1581740379333496, 0.8315902352333069, 0.1834080070257187, 0.21696311235427856, 1.8387892246246338, -0.5081350207328796, 1.5790973901748657, 1.9121204614639282, 0.4373180568218231, -1.0419095754623413, -1.7053134441375732, -0.5614792108535767, 0.699011504650116, -1.1280558109283447, -0.7237613797187805, 0.5981610417366028, -0.15476074814796448, -0.5107671022415161, 0.9538707733154297, -0.5871489644050598, -0.03948046267032623, 1.7649043798446655, 1.258457064628601, 0.8806160092353821, 0.7713767290115356, 0.15667696297168732, 0.08669427037239075, 0.6813949346542358, -2.0589022636413574, 2.0162930488586426, 0.5851068496704102, 0.3376990556716919, -0.82220059633255, 0.1816958785057068, 1.0138392448425293, -0.8232022523880005, 0.911930501461029, 1.6094202995300293, -0.37567269802093506, 0.8628807663917542, 0.2654300034046173, -1.1785764694213867, -1.259310245513916, 1.3601137399673462, -0.6267829537391663, 1.0006405115127563, -0.4295712411403656, 0.7953417301177979, -0.4043380320072174, 0.15502768754959106, 0.24718604981899261, 0.7636102437973022, -0.09555503726005554, -0.8580968379974365, 0.3542272746562958, -0.8284001350402832, -0.13318759202957153, -0.5297013521194458, -0.16020643711090088, -1.2368289232254028, 2.1092731952667236, 0.16655701398849487, -0.8017213940620422, -0.5953512191772461, -0.3211957812309265, -0.23865264654159546, 0.8410634994506836, -1.4892178773880005, -1.1993370056152344, 0.5387744903564453, 0.19928932189941406, 0.05092804878950119, 1.7863208055496216, 0.08666310459375381, 0.5319156646728516, 0.4402473568916321, -0.7541242837905884, -0.1891990453004837, 0.09292179346084595, 0.773963451385498, -2.1634092330932617, 0.18439269065856934, 1.4814074039459229, 0.8287831544876099, 0.5016049146652222, -0.474508672952652, 0.21165788173675537, -0.26346009969711304, 0.5231991410255432, 0.846377432346344, 0.38354378938674927, -0.863838791847229, -0.7100824117660522, 0.01818203181028366, -1.276713252067566, 0.5405207276344299, -0.7259823679924011, -1.3179516792297363, 2.3871731758117676, -1.1501169204711914, -0.13329347968101501, -1.0208269357681274, -0.09858566522598267, -0.09267064929008484, 1.8969262838363647, 0.17867425084114075]",yunet,Facenet,1920,1080,/home/amos/media/tv/modern_family/Modern.Family.S09.1080p.DSNP.WEB-DL.DDP5.1.H.264-CRFW/Modern.Family.S09E17.Royal.Visit.1080p.DSNP.WEB-DL.DDP5.1.H.264-CRFW.mkv,Modern Family,2009,1442437,9,17,Sarah Hyland,91351.0,0.676
674,1200,234,1446,558,1350,366,1248,372,0.919,17856,1,"[-1.6504689455032349, -1.3937482833862305, -0.3063217103481293, -0.5416845679283142, -0.5444582104682922, 0.41255423426628113, 0.268364816904068, 0.9883370995521545, 0.22200840711593628, -0.4817667305469513, 2.9406168460845947, -0.41811880469322205, 0.06811797618865967, -0.5457524061203003, -0.0951436311006546, -0.5027927756309509, -1.8479020595550537, 0.3989986181259155, -0.38066375255584717, -0.4048139452934265, -0.41782206296920776, -1.8803292512893677, -0.6871381998062134, -2.3668177127838135, -0.7637609839439392, 0.14740386605262756, -0.25822561979293823, -0.3635004460811615, -0.4992631673812866, 0.17130811512470245, 0.4985056519508362, 0.9263845086097717, -0.3000032603740692, -0.3884594738483429, -0.3840748369693756, -0.208990216255188, 0.7438675761222839, 0.17846336960792542, 1.261826992034912, -0.892763614654541, 1.938615083694458, 2.6382505893707275, -0.3937878906726837, -1.5530396699905396, -0.04201844334602356, -2.1733574867248535, 0.9962934255599976, 0.8567397594451904, 1.7926061153411865, 0.21509021520614624, -0.5479797720909119, 1.957889437675476, -0.5197317004203796, 0.9004626870155334, -0.3328646123409271, -0.3548523187637329, 0.6571093797683716, 1.8424720764160156, -0.5219420790672302, 1.3272703886032104, 2.478665828704834, -0.9399184584617615, 0.9571477174758911, 2.0656979084014893, 2.0867183208465576, 0.7015289664268494, 0.14322185516357422, 2.257049798965454, 0.38149476051330566, -0.16130951046943665, -1.4603337049484253, 1.3540133237838745, -2.2759976387023926, 1.0421769618988037, 0.4363032877445221, -0.02824489399790764, -1.2740025520324707, 0.8414670825004578, -1.3032310009002686, 0.6341114044189453, -2.1095292568206787, -0.3473806083202362, 0.5397254824638367, -0.745294451713562, -1.499049425125122, -0.9183468818664551, -0.7506415247917175, 0.5822049379348755, -2.411752223968506, -1.0211472511291504, -0.9848293662071228, -0.6292231678962708, 0.6932038068771362, 1.289040446281433, 0.0306074395775795, 1.1337660551071167, -2.8046388626098633, 0.9724512696266174, 0.6074829697608948, -0.48802244663238525, -0.2098398208618164, -0.33695757389068604, -0.43318843841552734, -0.18227486312389374, 0.8845890760421753, 2.3286209106445312, -1.2330920696258545, -0.21527007222175598, -1.1612026691436768, -0.12309405952692032, 0.7483013272285461, -0.07304006814956665, 0.006881915032863617, -0.9346498847007751, -0.002500845119357109, 2.565887212753296, -0.34568843245506287, -2.109856367111206, -1.2742986679077148, 2.058807373046875, -1.552507758140564, -0.018366262316703796, 0.9152488708496094, 0.3225288391113281, -0.97881019115448, -0.7966040372848511, -1.3270312547683716, 0.21566613018512726]",yunet,Facenet,1920,1080,/home/amos/media/tv/modern_family/Modern.Family.S09.1080p.DSNP.WEB-DL.DDP5.1.H.264-CRFW/Modern.Family.S09E17.Royal.Visit.1080p.DSNP.WEB-DL.DDP5.1.H.264-CRFW.mkv,Modern Family,2009,1442437,9,17,Chris Geere,62879.0,0.523
675,306,204,480,432,444,288,366,288,0.931,17880,0,"[-1.4798362255096436, 0.9330766201019287, -0.6503949761390686, -0.30060404539108276, -0.4622267484664917, 0.5003670454025269, -1.1463899612426758, -0.9749583005905151, -1.0665096044540405, -0.9808196425437927, -0.5138576626777649, 0.8268851041793823, -0.5451594591140747, -1.303381085395813, 1.2511441707611084, -0.5814812779426575, -1.6432522535324097, -1.292948842048645, -1.9208037853240967, -1.0461100339889526, -0.9518955945968628, 0.3783533275127411, -0.3590964376926422, -0.8687301874160767, -0.6838679313659668, -0.5836101174354553, 1.0030429363250732, 1.226231575012207, -0.894860029220581, 0.843405544757843, -0.1978515088558197, -0.30576273798942566, 0.3843138813972473, -0.7623127102851868, 0.7364814877510071, 0.5252982974052429, 0.010491184890270233, -0.7231124639511108, 0.12093117833137512, 0.4379042983055115, -0.06950022280216217, 0.00032910890877246857, -3.210484027862549, -1.0023744106292725, 0.7075771689414978, -2.411242723464966, 1.504550814628601, 1.058084487915039, 0.648176372051239, -0.934609055519104, -0.7777474522590637, 0.44012218713760376, 1.424173355102539, 0.5177040696144104, 0.3395869731903076, 1.132538080215454, 0.7242238521575928, -0.15398108959197998, -0.4609616696834564, 0.4451769292354584, 0.5534738898277283, -1.7699650526046753, -0.27050843834877014, 0.13859699666500092, 1.3022230863571167, 0.43975740671157837, 0.888071596622467, 2.538503646850586, -1.0708297491073608, 0.3128495514392853, -0.8072687387466431, 1.553526520729065, -1.0287463665008545, -0.3552812933921814, 0.3427956700325012, 0.1961725801229477, -0.4603804349899292, 1.711169958114624, -0.9658693671226501, -0.13492217659950256, -1.8411940336227417, -0.08145185559988022, -0.17277517914772034, 2.207382917404175, 0.21216830611228943, 0.13850104808807373, 0.7616944909095764, -0.7994508743286133, -1.0969747304916382, -1.4512200355529785, 0.7243894934654236, -1.964542269706726, 0.5829414129257202, -1.774465799331665, 0.4464956521987915, 1.0324757099151611, -0.7718563079833984, 0.13891462981700897, 1.9065260887145996, 0.37981459498405457, -0.5946601629257202, 0.49915194511413574, -0.9040918350219727, 0.8899049758911133, 0.874200165271759, -0.01995660550892353, -1.8136008977890015, 0.05926753580570221, 1.4920233488082886, 0.24995340406894684, -1.3529038429260254, -0.8687698841094971, -0.391666442155838, 0.3855987787246704, -0.22683307528495789, 2.116278648376465, -1.2437883615493774, 0.4758569598197937, -0.1596527099609375, 1.5683833360671997, 0.8575913906097412, -0.526146411895752, 0.2869848906993866, -0.8929578065872192, 1.129544734954834, -0.35129430890083313, -0.488671213388443, 0.8403103947639465]",yunet,Facenet,1920,1080,/home/amos/media/tv/modern_family/Modern.Family.S09.1080p.DSNP.WEB-DL.DDP5.1.H.264-CRFW/Modern.Family.S09E17.Royal.Visit.1080p.DSNP.WEB-DL.DDP5.1.H.264-CRFW.mkv,Modern Family,2009,1442437,9,17,Nolan Gould,147710.0,0.842
676,1110,198,1278,408,1236,282,1152,282,0.926,17880,1,"[-0.665485143661499, 1.55326509475708, -1.7828885316848755, 1.0186961889266968, 1.5753400325775146, -1.5909945964813232, -0.12376603484153748, -1.0960675477981567, 0.2665746212005615, 0.9844715595245361, 2.4320430755615234, -0.5633313059806824, 0.8327926993370056, -1.0381120443344116, 1.0522276163101196, 1.9522737264633179, -0.02234143763780594, -0.4294600486755371, -2.2335753440856934, 0.05794432759284973, -0.31739121675491333, 1.624994158744812, -1.0899347066879272, 0.3450397551059723, 0.8231347799301147, 1.2329825162887573, 2.4281272888183594, 0.8459782004356384, -0.10816121101379395, 0.908121645450592, 0.6196867227554321, 0.8920732736587524, 0.2810555696487427, -0.6491778492927551, 0.24803754687309265, 0.22605127096176147, 0.8550571799278259, -0.8063772320747375, 0.7449232339859009, -0.351646363735199, 0.3020824193954468, -0.9148287177085876, -0.33399662375450134, -0.5934863090515137, 0.20461632311344147, -0.28019779920578003, 0.4573743939399719, -1.3933368921279907, 0.8475391268730164, 1.5035183429718018, 0.34798866510391235, -0.2045857459306717, 0.7809236645698547, 1.1689326763153076, 0.0952073484659195, -1.2140681743621826, 1.7136391401290894, -1.1576071977615356, 0.07043881714344025, -0.7974295616149902, -0.6298113465309143, 0.08330768346786499, 0.3536963164806366, -0.273955374956131, 1.6428413391113281, -1.574629783630371, -0.1260218620300293, -1.4333778619766235, -1.2683581113815308, -0.8661855459213257, -0.27098381519317627, -0.5352938175201416, -0.8174464106559753, -0.14750665426254272, 0.4476143419742584, -0.7131425142288208, 0.97284996509552, 0.9777339696884155, 1.2201875448226929, -0.3069804310798645, -0.6287392973899841, 0.9297031164169312, 1.2959085702896118, 0.015743395313620567, 0.4146180748939514, 3.0687544345855713, -1.3550920486450195, 2.3386030197143555, 0.5861004590988159, -0.9029017686843872, 0.48908427357673645, 1.2412625551223755, 1.5917383432388306, -0.20183983445167542, 2.207444906234741, 0.3137720823287964, 0.17940673232078552, -0.625488817691803, -0.6217893362045288, -1.4240241050720215, -0.3532819151878357, 0.5499169230461121, -0.1724797785282135, -1.6566914319992065, 0.3442651927471161, 0.4614156484603882, 0.09878171980381012, 2.6988799571990967, 1.0486769676208496, 0.6633034348487854, -1.0281703472137451, -0.042698509991168976, 0.2411961406469345, 0.2982593774795532, 0.2147257924079895, -0.24426668882369995, 0.31943732500076294, 0.07789883017539978, 0.7159140706062317, 0.44672831892967224, -0.04448708891868591, -0.4305761158466339, 1.7487666606903076, -1.8612624406814575, 1.018989086151123, -0.020823858678340912, 0.5515915155410767, -0.15691536664962769]",yunet,Facenet,1920,1080,/home/amos/media/tv/modern_family/Modern.Family.S09.1080p.DSNP.WEB-DL.DDP5.1.H.264-CRFW/Modern.Family.S09E17.Royal.Visit.1080p.DSNP.WEB-DL.DDP5.1.H.264-CRFW.mkv,Modern Family,2009,1442437,9,17,Jimmy Tatro,1304335.0,0.841
677,1566,282,1704,456,1680,348,1614,348,0.914,17880,2,"[0.03154752030968666, 0.02246861159801483, 1.067271113395691, 0.7593151330947876, 0.9847973585128784, 1.2033050060272217, 1.3975685834884644, -1.6562962532043457, 0.4613972008228302, 2.328237533569336, 0.3222185969352722, -0.766988217830658, -0.813215970993042, 1.2857637405395508, -0.6472296714782715, 0.2985764741897583, 0.013029780238866806, -1.654830813407898, -1.8530328273773193, -0.5619882345199585, -0.6227831840515137, -0.4639841914176941, 0.5032657384872437, 1.8157484531402588, 0.6600755453109741, 0.3719435930252075, 2.6828742027282715, -0.10431836545467377, 1.720574140548706, 1.6218053102493286, 1.3962490558624268, -0.4664769768714905, -0.031452905386686325, -0.5865263938903809, 1.3987760543823242, -0.4146007299423218, -1.1390488147735596, 0.39517733454704285, 0.3717149496078491, 2.1784703731536865, -0.36020538210868835, -2.5005581378936768, 0.2062666118144989, 1.2066787481307983, 0.024586357176303864, -1.0367251634597778, -0.24339821934700012, -0.6679013967514038, -0.07389239221811295, -1.7699424028396606, 0.28500068187713623, 0.16738808155059814, 0.6921113729476929, 0.3901937007904053, -0.6024957299232483, 0.08940275758504868, 0.46440693736076355, -0.24058203399181366, 0.22696533799171448, -0.6302223801612854, -0.926581859588623, 0.4113195538520813, 0.3963223099708557, -1.8127175569534302, -1.258562445640564, 1.2323213815689087, -0.5682946443557739, 2.415839910507202, 0.4049353301525116, 0.4692463278770447, -1.271156668663025, -0.31924474239349365, 1.7677550315856934, -0.829948365688324, -0.6820921897888184, 0.8914512395858765, 1.6958404779434204, -0.2823793292045593, -0.23724180459976196, 0.1488402932882309, -0.12378472089767456, 0.585437536239624, 0.6934359669685364, 0.1545718014240265, -1.062040090560913, 1.0622529983520508, 0.19768528640270233, -0.4220578074455261, 1.6365628242492676, 0.160837322473526, 0.1356050968170166, -0.42379337549209595, 0.7223350405693054, -0.6424064636230469, 1.2249798774719238, 1.288648009300232, -0.18431474268436432, -0.5152499675750732, 0.24607205390930176, 0.265137255191803, -1.094215989112854, 1.437320590019226, -0.573226809501648, 0.3244313597679138, 0.27448147535324097, -0.16250891983509064, -0.11580386757850647, 0.6171736717224121, 1.28658127784729, -1.0178948640823364, 0.718991219997406, 0.46032053232192993, 0.2809942364692688, -1.4933404922485352, -0.27893680334091187, 1.1341402530670166, -0.13431474566459656, 1.0854629278182983, 0.3655124008655548, -1.2668477296829224, 0.8551432490348816, 0.2764459252357483, 0.9588042497634888, -1.847654938697815, 1.0076775550842285, 0.9848187565803528, 1.3727142810821533, 0.006000090390443802]",yunet,Facenet,1920,1080,/home/amos/media/tv/modern_family/Modern.Family.S09.1080p.DSNP.WEB-DL.DDP5.1.H.264-CRFW/Modern.Family.S09E17.Royal.Visit.1080p.DSNP.WEB-DL.DDP5.1.H.264-CRFW.mkv,Modern Family,2009,1442437,9,17,Ariel Winter,42160.0,0.731
678,432,306,624,552,582,402,492,402,0.927,17904,0,"[0.007848508656024933, -1.4646214246749878, 0.8298919796943665, 3.2687885761260986, 1.5938031673431396, 0.9342355132102966, 1.0826600790023804, -1.3455216884613037, 0.49681058526039124, 3.0938448905944824, -1.7620325088500977, 0.2728433310985565, 0.4807894229888916, -0.5533995628356934, -0.38359472155570984, -0.4835857152938843, -0.2149122953414917, -1.297471284866333, -0.37230533361434937, -0.4313625693321228, 1.2164087295532227, -1.2329778671264648, 1.3583368062973022, -0.5558392405509949, 0.429846853017807, 0.5656428337097168, 1.9028035402297974, -0.5962327718734741, 1.5387016534805298, 1.3929119110107422, -0.831449031829834, -1.4316794872283936, -1.8778873682022095, -1.5205938816070557, 0.905821681022644, -0.9355146288871765, -1.9857274293899536, 1.1578428745269775, -0.6590563058853149, -1.1280465126037598, 0.9512882232666016, -0.12888097763061523, -1.2975735664367676, 1.9309699535369873, 0.05084171146154404, 1.3258750438690186, 0.5908177495002747, 0.5247514247894287, -0.4677230715751648, -0.007220800966024399, -1.6435396671295166, 2.5137836933135986, 0.30002424120903015, -0.8237737417221069, 1.2780019044876099, 0.6100680828094482, 1.4133139848709106, 0.06607986986637115, 2.0987181663513184, 0.5771320462226868, -0.12791308760643005, -0.569832444190979, 0.9932751655578613, -1.2887238264083862, -0.9946284890174866, 0.9370943903923035, -1.2942454814910889, 0.6001030206680298, -1.0033069849014282, 0.5606714487075806, -0.904551088809967, 0.09201118350028992, -0.8409912586212158, 0.8138095140457153, 0.10254092514514923, 0.4615636467933655, -0.66208815574646, 0.607919454574585, -1.0789638757705688, -0.02861182391643524, -0.9564822912216187, -1.3244364261627197, 1.0214338302612305, 0.19771219789981842, 0.2488347291946411, -1.3946805000305176, -0.2951464056968689, -0.9361326694488525, -0.2329070270061493, -2.033827543258667, -0.9072316288948059, 0.38364848494529724, 1.2221118211746216, 0.7975290417671204, 1.022771954536438, -0.24884946644306183, 0.6641442179679871, 0.10871586203575134, -0.12552472949028015, -1.0913105010986328, -0.26093590259552, 0.4012971818447113, -1.596463680267334, 0.3880704343318939, 0.8830460906028748, 0.638106644153595, 0.2678837180137634, 0.17975302040576935, 1.0052802562713623, 0.08943554759025574, 0.9682170152664185, 0.683984637260437, 0.40121909976005554, -0.30725541710853577, -0.46961861848831177, 1.3116493225097656, -0.7729160785675049, 0.5453096032142639, -0.9791779518127441, -0.3816819489002228, 3.0141232013702393, -0.3366342782974243, -0.9696568250656128, -1.2721107006072998, -0.7242332696914673, 0.576361894607544, 0.9223142862319946, -0.560624361038208]",yunet,Facenet,1920,1080,/home/amos/media/tv/modern_family/Modern.Family.S09.1080p.DSNP.WEB-DL.DDP5.1.H.264-CRFW/Modern.Family.S09E17.Royal.Visit.1080p.DSNP.WEB-DL.DDP5.1.H.264-CRFW.mkv,Modern Family,2009,1442437,9,17,Sarah Hyland,91351.0,0.649
679,1038,180,1278,516,1158,306,1068,306,0.926,17904,1,"[-0.8891454935073853, -2.2171003818511963, -0.345112681388855, -0.7193188071250916, -0.7260955572128296, 0.8290202617645264, -0.26773524284362793, -0.10421966016292572, 1.4346994161605835, -0.8613529205322266, 0.5336514711380005, -0.052162960171699524, -0.9779841899871826, -0.2912423014640808, -0.20829492807388306, -0.8156659603118896, -0.27936992049217224, -0.19336111843585968, -0.02349931001663208, -1.1762558221817017, 0.036411210894584656, -2.427767038345337, 0.6866344213485718, -1.3507647514343262, -0.7168375253677368, 0.3039710521697998, 1.557858943939209, -1.7348518371582031, 0.10455311834812164, -0.16045767068862915, -0.7016075849533081, 0.8255262970924377, 0.10210821777582169, -0.4155747890472412, -0.3329700827598572, 1.0071667432785034, -0.980000913143158, 0.5717375874519348, 1.346571445465088, -0.6340805292129517, 1.92859947681427, 0.6131094694137573, -1.5829558372497559, -1.8947771787643433, 1.129835844039917, -1.200044870376587, 0.910947322845459, 1.1768643856048584, 0.25555288791656494, -0.37730735540390015, -0.12920938432216644, 0.1027391105890274, -0.6331509947776794, 0.4108771085739136, 1.123035192489624, -0.9872897863388062, 0.5555369257926941, 2.6753106117248535, -0.7500017285346985, -0.261052668094635, 0.8901441097259521, -3.0912351608276367, 0.36777883768081665, 0.8162699341773987, 1.3818631172180176, 0.8936327695846558, 0.17085134983062744, 1.0653446912765503, 0.03768080472946167, -0.9685537815093994, -1.1572269201278687, 1.11933171749115, -1.8612300157546997, 1.6863336563110352, 0.14858336746692657, -1.032685399055481, -1.1332948207855225, 0.6368675231933594, -0.31871241331100464, -0.29750293493270874, -3.258237600326538, -0.01779542863368988, 1.7006714344024658, -1.2223470211029053, -1.8563342094421387, 0.2874666750431061, 1.1335636377334595, -0.27193349599838257, -1.8494993448257446, -0.9494134783744812, -0.5271037817001343, -0.11629541963338852, 1.0759308338165283, 0.8362216949462891, 0.3132649064064026, 0.74210524559021, -2.082266330718994, 1.4551458358764648, -0.604060173034668, 0.5494709610939026, -0.9402779936790466, 0.19730621576309204, 0.08396574854850769, 1.3277034759521484, 0.14138799905776978, 0.9022830128669739, -0.9565404057502747, 0.46580782532691956, -0.5162200331687927, -0.4240209758281708, -0.05814278498291969, -0.20433227717876434, 0.4734101891517639, -1.2673497200012207, -0.9050930738449097, 2.1376795768737793, 0.2605007588863373, -0.28405651450157166, -0.6663010120391846, -0.046739235520362854, -2.1204166412353516, 1.322007656097412, 1.172340750694275, -0.6127707958221436, -1.311606764793396, 0.8361756205558777, -1.397769570350647, -0.2149571180343628]",yunet,Facenet,1920,1080,/home/amos/media/tv/modern_family/Modern.Family.S09.1080p.DSNP.WEB-DL.DDP5.1.H.264-CRFW/Modern.Family.S09E17.Royal.Visit.1080p.DSNP.WEB-DL.DDP5.1.H.264-CRFW.mkv,Modern Family,2009,1442437,9,17,Chris Geere,62879.0,0.734
680,420,306,618,552,570,396,486,396,0.928,17928,0,"[-0.05265544354915619, -2.2679343223571777, 0.25506383180618286, 3.206519365310669, 1.8105230331420898, 1.2829574346542358, 0.2597631514072418, -1.1501727104187012, 0.2699972093105316, 3.165186882019043, -1.9276351928710938, 0.019251642748713493, 0.03346475213766098, 0.27581870555877686, -0.730597972869873, -0.04277713596820831, -0.4458877742290497, -0.7981289029121399, -0.3619880676269531, -0.25034499168395996, 1.1655817031860352, -1.3003759384155273, 1.574170708656311, -1.588428020477295, 0.5952255725860596, 0.09044504165649414, 1.4186103343963623, -0.07097028195858002, 0.7168125510215759, 1.0065664052963257, -0.7050000429153442, -1.2559142112731934, -1.825943946838379, -1.3561186790466309, 0.5413536429405212, -0.41613680124282837, -2.107419729232788, 1.4116382598876953, -0.35042327642440796, -0.7920668125152588, 0.9115451574325562, -0.5380492210388184, -0.7781296968460083, 1.547324299812317, 0.13510611653327942, 0.44846948981285095, -0.1962435245513916, 1.0879452228546143, -0.26475435495376587, -0.24848678708076477, -1.356020450592041, 2.153934955596924, 0.3389315903186798, -0.9324612021446228, 1.6027604341506958, 0.19219546020030975, 0.8145149946212769, 0.2685866057872772, 2.4027938842773438, 0.4111526310443878, -0.20578309893608093, -0.29833266139030457, 0.1260969638824463, -0.8379867076873779, -1.0002416372299194, 0.201809361577034, -1.426278829574585, 0.3641820549964905, -1.1809791326522827, -0.03007342480123043, -1.4420275688171387, 0.05486023426055908, -0.7413447499275208, 0.9040750861167908, 0.42699605226516724, 1.076072096824646, -0.18363022804260254, 0.8720623850822449, -0.7092002034187317, 0.06577308475971222, -1.1331952810287476, -0.9989935159683228, 0.830752432346344, 0.4326801002025604, -0.03137706220149994, -1.9339830875396729, -0.4809069037437439, -0.643149733543396, -0.15024006366729736, -1.8111257553100586, -0.7333012819290161, 0.2898866534233093, 0.5735571980476379, 0.8972563743591309, 0.8382968306541443, -0.773140549659729, 0.15212693810462952, -0.16530169546604156, 0.16291166841983795, -0.7244972586631775, 0.11946076154708862, 0.17137017846107483, -2.3327994346618652, -0.2553345859050751, 0.8689343333244324, 0.023244429379701614, 1.1687709093093872, -0.40372177958488464, 0.8477331399917603, -0.379825621843338, 1.7234055995941162, 1.0506747961044312, 0.03910081088542938, -0.31526419520378113, 0.05250167101621628, 1.3365209102630615, 0.06802772730588913, 1.1945301294326782, -1.7389558553695679, 0.19917342066764832, 2.92319917678833, -0.22989782691001892, -0.8650379180908203, -0.705629825592041, -0.8798056840896606, 0.1958184540271759, 1.0108985900878906, -0.3354545533657074]",yunet,Facenet,1920,1080,/home/amos/media/tv/modern_family/Modern.Family.S09.1080p.DSNP.WEB-DL.DDP5.1.H.264-CRFW/Modern.Family.S09E17.Royal.Visit.1080p.DSNP.WEB-DL.DDP5.1.H.264-CRFW.mkv,Modern Family,2009,1442437,9,17,Sarah Hyland,91351.0,0.582
681,1044,192,1290,522,1164,324,1068,324,0.926,17928,1,"[-0.254642128944397, -1.6100869178771973, -0.49432051181793213, -0.70660001039505, -0.712801456451416, 1.0754756927490234, -0.634585976600647, 0.5810261368751526, 1.3863778114318848, -0.04972710832953453, -0.15837900340557098, 0.7016714811325073, -0.8161658644676208, -0.3829940855503082, -0.07835038006305695, -0.933269202709198, -0.36366143822669983, -0.40961432456970215, 0.4925854504108429, -1.2547900676727295, 0.7870736122131348, -2.9408864974975586, 0.16149863600730896, -2.3872923851013184, 0.17444278299808502, 0.15686902403831482, 0.7707546949386597, -0.5696589350700378, 0.06636977940797806, 0.06804428994655609, -0.5931588411331177, 0.8315468430519104, -0.0762544721364975, -1.1501199007034302, 0.09487728029489517, 0.5443466305732727, -1.051792860031128, -0.20244425535202026, 0.8570470809936523, -0.6270698308944702, 1.5611572265625, 1.7393263578414917, -2.0606672763824463, -1.8030061721801758, 0.518020510673523, -1.345357894897461, 0.7733822464942932, 1.1430420875549316, -0.4506579637527466, -0.5846668481826782, -0.8232660293579102, 0.7846562266349792, -0.9788733720779419, 1.1930580139160156, 0.969281017780304, -1.0384761095046997, 1.3243666887283325, 2.084420919418335, -0.1913767158985138, -0.420502632856369, 1.3171874284744263, -3.155012369155884, 1.9683113098144531, 0.29646673798561096, 1.3045527935028076, 0.07217773795127869, -0.13298499584197998, 1.597664713859558, -0.1537819802761078, -0.8070383071899414, -1.2745264768600464, 1.0983508825302124, -2.474395751953125, 1.2448663711547852, 0.5704951286315918, -0.8628514409065247, -0.41080525517463684, 1.1726802587509155, 0.0044724345207214355, -0.31080949306488037, -2.23164701461792, -0.8466153144836426, 1.3307199478149414, -1.8106966018676758, -2.1185176372528076, -0.5230709314346313, 0.4185153841972351, -1.0232566595077515, -1.7842787504196167, -0.21974101662635803, -0.8617071509361267, -1.3426285982131958, 0.4783433973789215, 0.15592128038406372, -0.5460860729217529, 0.9837386608123779, -2.1024084091186523, 0.7372967004776001, -0.017817627638578415, 1.0227174758911133, -1.192243218421936, 1.6296868324279785, 0.08964255452156067, 0.5657063126564026, 0.536857008934021, 1.2827162742614746, -2.181075096130371, 0.36812901496887207, -0.1710001826286316, 0.5614314079284668, -0.2386297583580017, 4.155188798904419e-05, -0.08768884837627411, -1.5948498249053955, -0.09489855170249939, 2.1399598121643066, -0.5506293773651123, -0.8535730838775635, -0.16746920347213745, -0.6418296694755554, -1.4722154140472412, 0.9093831777572632, 0.8262494802474976, -0.0017195399850606918, -0.057058416306972504, 0.16108033061027527, -1.3803616762161255, 0.14170831441879272]",yunet,Facenet,1920,1080,/home/amos/media/tv/modern_family/Modern.Family.S09.1080p.DSNP.WEB-DL.DDP5.1.H.264-CRFW/Modern.Family.S09E17.Royal.Visit.1080p.DSNP.WEB-DL.DDP5.1.H.264-CRFW.mkv,Modern Family,2009,1442437,9,17,Chris Geere,62879.0,0.618
682,306,186,468,402,444,264,378,264,0.916,17952,0,"[-1.717409372329712, 0.2059904932975769, -0.507972002029419, -0.2112748771905899, -0.6611543297767639, 1.1163811683654785, -1.2129799127578735, -0.8602789044380188, 0.06952616572380066, -1.3977277278900146, -0.72515469789505, 0.33533042669296265, -0.3771049380302429, -1.4077098369598389, 0.3985201120376587, -0.6673963069915771, -1.2039868831634521, -1.5029757022857666, -2.0488011837005615, -1.2490224838256836, -1.4083330631256104, 0.6541382670402527, -0.10668148845434189, -1.2694785594940186, -0.1271170973777771, -0.4983431100845337, 1.8551013469696045, 1.0438343286514282, -0.5401563048362732, 0.47920307517051697, -0.5604389905929565, -0.27822136878967285, 1.011286973953247, -1.2597508430480957, -0.1635836958885193, 0.755428671836853, 0.011597637087106705, -0.3005000352859497, 0.07122145593166351, -0.008159555494785309, 0.21489542722702026, -0.4943559467792511, -3.6126718521118164, -0.7857059836387634, 0.9515076279640198, -2.1660425662994385, 1.2468644380569458, 0.6638420820236206, 0.026705920696258545, -0.7602189779281616, -0.6985524892807007, 0.057082775980234146, 1.2008298635482788, 0.6659390926361084, 0.0301118902862072, 0.7364325523376465, 1.2159757614135742, -0.09209108352661133, -1.2210240364074707, -0.60751873254776, -0.02797592617571354, -2.2349257469177246, -0.4275026023387909, 0.4470061659812927, 1.1920753717422485, 0.3228985071182251, 0.7380039691925049, 1.6754716634750366, -1.099406361579895, -1.4452078342437744, -1.5190898180007935, 1.1276129484176636, -1.3573969602584839, -0.6013419032096863, 0.5374480485916138, 0.38686707615852356, -1.121913194656372, 1.5428054332733154, 0.25450581312179565, 0.023985199630260468, -1.6975500583648682, 0.3281847834587097, 0.1866544783115387, 1.9282535314559937, 0.1197933554649353, 0.4080725312232971, 1.5908030271530151, 0.2385621815919876, -1.3497346639633179, -0.45295393466949463, 0.676620364189148, -1.9436534643173218, 0.9261866211891174, -1.6852385997772217, 0.2617887556552887, 1.54911470413208, -1.3125295639038086, -0.1320641040802002, 1.1482949256896973, 0.04986576735973358, -0.3025549650192261, 0.80112224817276, -0.579603910446167, 0.6929061412811279, 0.46579015254974365, 0.20144598186016083, -2.489421844482422, 0.06804350763559341, 1.912457823753357, -0.42574793100357056, -1.429176926612854, -0.9006904363632202, -0.35956794023513794, 0.4120866060256958, -0.3836819529533386, 2.0956003665924072, -1.564902424812317, 0.408737450838089, 0.14954954385757446, 1.1448922157287598, 0.22991450130939484, -0.43266209959983826, 0.15612006187438965, -0.09252844750881195, 1.4554790258407593, -0.14445525407791138, -0.037481531500816345, 1.0563277006149292]",yunet,Facenet,1920,1080,/home/amos/media/tv/modern_family/Modern.Family.S09.1080p.DSNP.WEB-DL.DDP5.1.H.264-CRFW/Modern.Family.S09E17.Royal.Visit.1080p.DSNP.WEB-DL.DDP5.1.H.264-CRFW.mkv,Modern Family,2009,1442437,9,17,Nolan Gould,147710.0,0.799
683,1452,264,1566,408,1536,318,1482,318,0.909,17952,1,"[0.17096713185310364, -0.22613689303398132, 1.4947376251220703, 0.1282486915588379, 0.5853752493858337, 1.771085262298584, 0.6326919794082642, -1.552428960800171, 0.184596449136734, 1.705291986465454, -0.08238892257213593, -0.1424175500869751, -0.6193436980247498, 1.208470344543457, 0.16700538992881775, 0.5978564023971558, -0.16370879113674164, -1.231275200843811, -2.1724472045898438, -0.17386490106582642, -0.8078465461730957, -0.16964758932590485, 0.5234090089797974, 1.1345003843307495, -0.0011810129508376122, 0.4716332256793976, 2.14277720451355, 0.13130100071430206, 2.033414840698242, 1.7783293724060059, 0.5849106311798096, -1.1090073585510254, -0.2005128711462021, -0.47071459889411926, 1.6658730506896973, 0.342255562543869, -1.3319276571273804, 0.05588153749704361, 0.09813126176595688, 2.382704973220825, -0.2535134255886078, -2.1721158027648926, 0.1060962975025177, 1.3948018550872803, 0.00715550035238266, -1.6635531187057495, -0.503827691078186, -0.22622691094875336, -0.26406145095825195, -1.9945932626724243, 1.0015729665756226, -0.36597326397895813, 0.408855676651001, 0.32079005241394043, -0.5251505970954895, 0.47186973690986633, 0.49161964654922485, -0.2205694168806076, -0.13660897314548492, -0.6688830852508545, -1.0321228504180908, 0.06376147270202637, 0.49716514348983765, -0.872517466545105, -1.3024262189865112, 1.3284599781036377, -0.7973122596740723, 2.5261223316192627, 0.5655551552772522, 0.012239530682563782, -1.4871736764907837, 0.4614845812320709, 1.541194200515747, -0.9842137694358826, 0.35240277647972107, 1.1707401275634766, 1.1099430322647095, -0.3631800413131714, -0.8722083568572998, 0.3620070815086365, -1.2893390655517578, 0.50807124376297, 0.009833894670009613, 1.0331807136535645, -0.3482515513896942, -0.4840486943721771, 0.6981581449508667, -0.3321175277233124, 1.4340687990188599, -0.35745424032211304, -0.21066027879714966, -0.6515570878982544, 1.03827965259552, -0.7484394907951355, 0.6026727557182312, 0.8618085980415344, 0.14999189972877502, -1.0124183893203735, 0.7109237313270569, -0.05539366602897644, -0.2770284414291382, 1.4390157461166382, -1.1856907606124878, 1.132414698600769, 0.43084627389907837, -0.20144228637218475, -0.528590977191925, -0.6688010692596436, 1.6500318050384521, -0.7010972499847412, 1.917582631111145, 0.563633382320404, 0.07143040001392365, -1.2999458312988281, 0.37077152729034424, 1.5695096254348755, 0.08150913566350937, 1.839882254600525, 0.28742772340774536, -1.2503880262374878, 1.2037264108657837, 0.5343130826950073, 1.4494282007217407, -2.0298945903778076, 0.2680869996547699, 0.7195224165916443, 0.5913882255554199, 0.41440513730049133]",yunet,Facenet,1920,1080,/home/amos/media/tv/modern_family/Modern.Family.S09.1080p.DSNP.WEB-DL.DDP5.1.H.264-CRFW/Modern.Family.S09E17.Royal.Visit.1080p.DSNP.WEB-DL.DDP5.1.H.264-CRFW.mkv,Modern Family,2009,1442437,9,17,Ariel Winter,42160.0,0.736
684,1446,276,1560,414,1536,324,1488,324,0.914,17976,0,"[0.17619240283966064, -0.1007610484957695, 1.5329782962799072, 0.5848432183265686, 0.2923785448074341, 1.3984309434890747, 0.9450650215148926, -1.2797527313232422, 0.20457032322883606, 1.5680100917816162, 0.3407137989997864, -0.9744169116020203, -0.7552531957626343, 1.902496337890625, -0.41922327876091003, -0.04823724180459976, -0.1944793462753296, -1.6073585748672485, -1.9587862491607666, -0.037372246384620667, -0.8087013959884644, -0.38224709033966064, 0.7162331938743591, 1.5148323774337769, 0.19692924618721008, 0.2398327887058258, 2.514939785003662, 0.14423511922359467, 1.5394922494888306, 1.800877571105957, 1.0805301666259766, -0.3768603503704071, 0.3778130114078522, 0.030740752816200256, 1.3759371042251587, 0.23298943042755127, -0.5631775856018066, -0.1989249289035797, 0.3354494571685791, 2.7788660526275635, -0.24923944473266602, -2.076835870742798, 0.08807817846536636, 0.7662250995635986, -0.18269219994544983, -1.4838345050811768, -0.5096546411514282, -0.2738810181617737, -0.13266578316688538, -1.924463152885437, 0.7362812757492065, -0.01732170581817627, 0.5867990851402283, 0.24847210943698883, -0.7330376505851746, 0.8853779435157776, 0.4436212480068207, 0.36621472239494324, -0.320270299911499, -1.0098998546600342, -1.2059106826782227, 0.4166795611381531, 0.5543705821037292, -1.0237683057785034, -1.6055245399475098, 1.1125690937042236, -0.5420202612876892, 3.1504552364349365, 0.42931804060935974, 0.3561941981315613, -0.9103482961654663, -0.0038655102252960205, 2.1686007976531982, -0.8962748050689697, -0.6716413497924805, 1.0648612976074219, 1.4948005676269531, -0.719184160232544, -1.1070785522460938, 0.11561618745326996, -0.3783661723136902, 0.2090258151292801, 0.5132200121879578, 0.8206934332847595, -0.41204312443733215, 0.1882479190826416, 0.5230174660682678, -0.14954635500907898, 1.567271113395691, -0.38491106033325195, -0.3285144865512848, -0.5507778525352478, 0.7633671760559082, -0.3407711386680603, 0.5557114481925964, 1.1398818492889404, -0.2577606737613678, -0.9073866009712219, 0.2904295325279236, 0.22263893485069275, -0.6956850290298462, 1.9767487049102783, -0.8516395688056946, 0.03509754687547684, 0.0805121436715126, -0.30159497261047363, -0.18690362572669983, -0.6746453046798706, 1.3278632164001465, -0.9926151037216187, 1.0947325229644775, 0.639847993850708, 0.205240860581398, -1.5288054943084717, 0.18476833403110504, 1.6388349533081055, 0.1445937305688858, 1.049459457397461, 0.43747517466545105, -0.986034631729126, 0.48626065254211426, 0.37066659331321716, 1.547755479812622, -2.183748960494995, 1.00448739528656, 0.9994944930076599, 1.3223391771316528, 1.113275170326233]",yunet,Facenet,1920,1080,/home/amos/media/tv/modern_family/Modern.Family.S09.1080p.DSNP.WEB-DL.DDP5.1.H.264-CRFW/Modern.Family.S09E17.Royal.Visit.1080p.DSNP.WEB-DL.DDP5.1.H.264-CRFW.mkv,Modern Family,2009,1442437,9,17,Ariel Winter,42160.0,0.725
685,324,186,480,402,456,276,390,276,0.909,17976,1,"[-1.6387732028961182, 0.06990085542201996, -0.30178555846214294, 0.004089690744876862, -0.5301674604415894, 0.8930514454841614, -0.8938769102096558, -0.9877224564552307, -0.11854517459869385, -1.6714495420455933, -0.5942122936248779, 0.19277223944664001, -0.1535133719444275, -1.3297772407531738, 0.24746045470237732, -0.4216079115867615, -1.195101261138916, -1.4178608655929565, -2.26474666595459, -1.0128638744354248, -1.5398262739181519, 0.456447035074234, 0.1520857810974121, -1.0754060745239258, -0.07120084762573242, -0.47021669149398804, 1.6119215488433838, 1.2076770067214966, -0.3219165802001953, 0.40132787823677063, -0.28996583819389343, -0.47472405433654785, 1.387831687927246, -1.0249050855636597, -0.3895408809185028, 0.7132065296173096, 0.20970433950424194, -0.4815165400505066, 0.2834791839122772, 0.14466914534568787, 0.4086764454841614, -0.05752798914909363, -3.195342779159546, -0.932958722114563, 0.9379658699035645, -2.031708240509033, 0.9657043814659119, 1.0788987874984741, -0.1586230993270874, -0.7614873647689819, -0.3249170184135437, 0.07212398946285248, 1.0583326816558838, 1.108842134475708, 0.1602582484483719, 1.0046448707580566, 1.2133179903030396, -0.1628212183713913, -0.8105525374412537, -0.036819130182266235, 0.5558826923370361, -2.2087223529815674, -0.22206252813339233, 0.8120339512825012, 1.2513632774353027, 0.6922165155410767, 0.7174794673919678, 1.7252154350280762, -1.1443613767623901, -1.090240478515625, -1.8602806329727173, 1.3627499341964722, -1.0140782594680786, -0.4951896071434021, 0.4533325135707855, 0.43073856830596924, -1.0479487180709839, 1.6616111993789673, 0.5720171928405762, 0.03775234520435333, -1.9923627376556396, 0.780097246170044, 0.2706625759601593, 1.8633416891098022, -0.15047764778137207, 0.16999171674251556, 1.7229373455047607, -0.16596966981887817, -1.2074081897735596, -0.35429519414901733, 0.6942898035049438, -1.4072667360305786, 0.8256760239601135, -1.6601639986038208, 0.22958552837371826, 1.3490101099014282, -1.2420448064804077, -0.47967153787612915, 0.6462294459342957, -0.042376480996608734, -0.2769300043582916, 0.4676218628883362, -0.9172840118408203, 1.2453187704086304, 0.6760597825050354, 0.31279176473617554, -2.6739399433135986, -0.24525296688079834, 1.6011390686035156, -0.3292612135410309, -1.322087049484253, -0.8339487314224243, -0.05579522252082825, 0.3813142776489258, -0.4007197618484497, 2.009134292602539, -1.7326910495758057, 0.29389488697052, 0.22305312752723694, 0.7409487962722778, 0.25723588466644287, -0.5157678127288818, 0.47789400815963745, -0.25174832344055176, 1.3334839344024658, -0.21963024139404297, 0.2477262169122696, 0.7277811169624329]",yunet,Facenet,1920,1080,/home/amos/media/tv/modern_family/Modern.Family.S09.1080p.DSNP.WEB-DL.DDP5.1.H.264-CRFW/Modern.Family.S09E17.Royal.Visit.1080p.DSNP.WEB-DL.DDP5.1.H.264-CRFW.mkv,Modern Family,2009,1442437,9,17,Nolan Gould,147710.0,0.813
686,1092,168,1326,504,1176,312,1122,306,0.927,18000,0,"[-0.5317713022232056, -2.4280364513397217, -0.45074617862701416, -1.2983084917068481, -0.22804126143455505, 1.1775437593460083, -0.786855936050415, 1.4076937437057495, 0.9209877848625183, -0.8592758774757385, -0.16224585473537445, -0.6271990537643433, -0.9703856706619263, 0.6157891750335693, -0.6663482189178467, -0.5502941012382507, 0.5301907062530518, -1.613906741142273, -0.6407880783081055, -1.2216016054153442, 1.0636241436004639, -1.672115683555603, 0.11197482794523239, -2.7399885654449463, 0.03556504845619202, -0.5527896881103516, 1.2205013036727905, -0.7462037801742554, -0.4212847948074341, 0.17274858057498932, -1.8013060092926025, 1.7459490299224854, -0.21772199869155884, -0.31167319416999817, 0.2584429085254669, 1.039300799369812, -1.0810434818267822, 0.15701110661029816, 0.2637258768081665, -0.5883170366287231, 0.7668105363845825, 0.1940951645374298, -2.5733606815338135, -0.8064526319503784, 0.8794209361076355, -2.322359561920166, 0.39271965622901917, 2.3041443824768066, 0.006219983100891113, -0.07211576402187347, -0.5651583671569824, 1.2314939498901367, -1.3557077646255493, -0.2532581090927124, 0.9577251672744751, -0.9111074805259705, 1.0182147026062012, 1.7374475002288818, 0.05736551433801651, -0.26041799783706665, -0.18561506271362305, -2.3446474075317383, -0.023728813976049423, 1.8048160076141357, 1.4187452793121338, -0.39934152364730835, -0.7792922258377075, 0.8824305534362793, -1.0039769411087036, -1.8634978532791138, -1.7127723693847656, 0.07622620463371277, -1.9130162000656128, 0.421409547328949, 1.8881442546844482, -0.8063348531723022, -0.562217116355896, 0.7028253674507141, -0.9444926381111145, -0.4146519899368286, -2.84421706199646, 0.3565910756587982, 0.5367337465286255, -1.1074891090393066, -1.0285916328430176, -0.36208444833755493, 0.5055704116821289, -1.4008761644363403, -1.867771029472351, -1.0757949352264404, -0.6344027519226074, -0.15671047568321228, -0.007416713982820511, -1.2601310014724731, 0.80150306224823, 1.6896781921386719, -1.3966008424758911, -0.27261918783187866, -0.45027321577072144, 1.0204663276672363, -0.6478174924850464, 0.5525877475738525, -1.6344053745269775, 0.49045422673225403, -0.31723523139953613, 0.35273438692092896, 0.12072069942951202, -0.5512435436248779, 1.5176841020584106, -0.3832617402076721, -0.23377326130867004, -1.5422621965408325, 0.5818595886230469, -0.5513709783554077, -0.11422722786664963, 1.266526222229004, 1.2422939538955688, 0.43241339921951294, -1.3107223510742188, -0.06497293710708618, -0.24724848568439484, 0.9911624193191528, 0.5728877186775208, -0.7387993335723877, -0.9130853414535522, 0.5818202495574951, -1.3904650211334229, 0.3339329659938812]",yunet,Facenet,1920,1080,/home/amos/media/tv/modern_family/Modern.Family.S09.1080p.DSNP.WEB-DL.DDP5.1.H.264-CRFW/Modern.Family.S09E17.Royal.Visit.1080p.DSNP.WEB-DL.DDP5.1.H.264-CRFW.mkv,Modern Family,2009,1442437,9,17,Chris Geere,62879.0,0.601
687,414,288,624,546,576,372,486,372,0.923,18000,1,"[0.23164229094982147, -0.5240586996078491, 0.33559197187423706, 2.3230834007263184, 1.900834321975708, -0.2658419907093048, 0.7404406070709229, -0.7976492643356323, 0.13533034920692444, 2.6570050716400146, -0.707162082195282, 0.7071533203125, -0.0799109935760498, 0.9177926778793335, 0.38745415210723877, -0.1421162486076355, 0.24507664144039154, -1.7891144752502441, -3.087939977645874, -0.41847333312034607, -0.7431890964508057, -0.5428895950317383, 0.1917518675327301, 0.5108764171600342, 0.3836715519428253, 0.8416650295257568, 0.9721022844314575, -0.06022033095359802, 2.414449453353882, 0.3859768807888031, 0.2423238605260849, -1.439839243888855, -1.6159812211990356, -1.480655550956726, 1.6683664321899414, -0.7341196537017822, -2.037580728530884, 1.041338562965393, 0.2554883062839508, -0.2292603850364685, -0.8572705388069153, -0.2361714094877243, 0.3818161189556122, 2.201725482940674, -0.3394871652126312, -0.1107938289642334, 0.10187624394893646, 0.3843747079372406, -0.23829340934753418, 0.007003411650657654, -0.42149972915649414, 1.128074049949646, 0.6462104320526123, -0.2731929421424866, 0.659483015537262, -0.008608312346041203, 2.1197309494018555, -0.23960134387016296, 1.0323320627212524, 1.576672077178955, -1.2810618877410889, 0.41634196043014526, -0.00937848910689354, -0.561480700969696, 0.269663542509079, 0.9446165561676025, -1.9567363262176514, 0.8224726915359497, 0.014791585505008698, 0.8330925703048706, -1.4034361839294434, 0.7710679769515991, -1.1664063930511475, 0.19143979251384735, 0.1249556839466095, -0.11045095324516296, 0.07160717248916626, -1.1872825622558594, 0.11329265683889389, -0.1475740224123001, 0.2588091194629669, -0.9353675842285156, 1.1335620880126953, 0.04152116924524307, -0.9280569553375244, -1.3250824213027954, -0.6810058355331421, -0.6915445327758789, 0.4830915629863739, -1.9615225791931152, -0.31973299384117126, 0.22885245084762573, -0.0021664947271347046, -1.1703263521194458, 1.3447694778442383, 0.7221190929412842, 0.33179348707199097, -0.12035799771547318, 0.06601689010858536, -1.6238911151885986, -0.2985857129096985, -0.35272589325904846, -3.2425942420959473, 1.2393169403076172, 1.571560025215149, 0.1446973979473114, 0.9438639879226685, -2.2773237228393555, 1.8156049251556396, -0.07484343647956848, 1.509019374847412, 0.6724796891212463, 0.6284307241439819, -0.2425643503665924, 0.024923723191022873, -0.031070586293935776, -0.739953875541687, 1.6020900011062622, 0.9252126216888428, -0.3178207576274872, 2.523423194885254, -1.0673686265945435, 0.16344380378723145, -1.314620852470398, -0.6677722334861755, 0.4486340582370758, 1.556009292602539, -0.8643298745155334]",yunet,Facenet,1920,1080,/home/amos/media/tv/modern_family/Modern.Family.S09.1080p.DSNP.WEB-DL.DDP5.1.H.264-CRFW/Modern.Family.S09E17.Royal.Visit.1080p.DSNP.WEB-DL.DDP5.1.H.264-CRFW.mkv,Modern Family,2009,1442437,9,17,Sarah Hyland,91351.0,0.601
688,444,288,660,540,618,366,516,366,0.927,18024,0,"[0.7393103837966919, -0.8688722848892212, 0.20339544117450714, 2.318336248397827, 1.8407310247421265, 0.01811969093978405, 0.7293256521224976, -0.7802353501319885, 0.5244170427322388, 2.6983277797698975, -1.1856043338775635, 0.5065903067588806, -0.049267642199993134, 1.2575072050094604, -0.2587333619594574, -0.4728177785873413, -0.0183236226439476, -1.6112618446350098, -2.7448058128356934, -0.13239756226539612, -0.167019784450531, -0.20416498184204102, 0.5003865957260132, 0.03317732363939285, 0.6629850268363953, 0.6298851370811462, 0.834696888923645, -0.5499408841133118, 2.5352511405944824, -0.02190026268362999, -0.03632310777902603, -0.9456347823143005, -1.5320420265197754, -1.2445582151412964, 1.7043286561965942, -0.7667822241783142, -1.9984601736068726, 0.9034907817840576, 0.3807186782360077, -0.9196580648422241, -0.6957455277442932, 0.04901286959648132, 0.4464775621891022, 1.7906486988067627, -0.5562806129455566, -0.1124306470155716, -0.6932920217514038, 0.45608559250831604, -0.5102787613868713, 0.24380508065223694, -0.4480191469192505, 0.9916152358055115, 0.47471827268600464, -0.2937355637550354, 0.44561678171157837, 0.07656966149806976, 1.726232647895813, -0.5641493201255798, 0.7417610287666321, 1.0449233055114746, -1.3833818435668945, 0.539469301700592, -0.2934136390686035, -0.3250562846660614, -0.06458017975091934, 1.1919068098068237, -1.5900732278823853, 0.38934326171875, 0.14796677231788635, 0.9138760566711426, -1.0303198099136353, 0.7474472522735596, -1.1010315418243408, 0.16676141321659088, 0.2581883668899536, -0.6750544905662537, 0.3078319728374481, -1.5098743438720703, 0.1412905752658844, -0.28402939438819885, 0.6014463305473328, -0.9285922050476074, 1.3725054264068604, 0.27623340487480164, -0.6920949816703796, -1.7133723497390747, -0.4083483815193176, -1.2492146492004395, 0.6346385478973389, -1.870894432067871, -0.7253193259239197, 0.39116206765174866, -0.6920634508132935, -0.7964585423469543, 1.1711188554763794, 0.6648449897766113, 0.49847814440727234, -0.24147942662239075, -0.1660105139017105, -1.792802095413208, -0.3984978199005127, -0.3510567843914032, -3.319183349609375, 1.2028504610061646, 1.560215711593628, 0.5564581751823425, 1.487908959388733, -2.7257466316223145, 1.5568772554397583, -0.11946825683116913, 2.0265824794769287, 0.7759181261062622, 0.4890960454940796, -0.02844652533531189, 0.3128558397293091, 0.13907550275325775, -0.7673763036727905, 1.6524674892425537, 0.404502272605896, -0.6823863983154297, 2.589139461517334, -1.0432209968566895, 0.32029640674591064, -0.7151174545288086, -0.72625732421875, 0.4118378460407257, 1.485785722732544, -0.5594907402992249]",yunet,Facenet,1920,1080,/home/amos/media/tv/modern_family/Modern.Family.S09.1080p.DSNP.WEB-DL.DDP5.1.H.264-CRFW/Modern.Family.S09E17.Royal.Visit.1080p.DSNP.WEB-DL.DDP5.1.H.264-CRFW.mkv,Modern Family,2009,1442437,9,17,Sarah Hyland,91351.0,0.675
689,1128,156,1386,510,1200,294,1158,294,0.918,18024,1,"[0.07049208134412766, -3.044057846069336, 0.2736743688583374, -0.4951619803905487, -0.39648520946502686, 1.480981469154358, 0.3881860077381134, 0.6942534446716309, 1.1099456548690796, -0.3982624113559723, -0.06150469556450844, -1.4159936904907227, -1.227059245109558, 1.0345749855041504, -1.7800172567367554, -0.8150206208229065, -0.10471042990684509, -1.8623884916305542, -0.6063066720962524, -0.8944989442825317, 1.1471750736236572, -1.2945359945297241, 0.41394224762916565, -1.872961163520813, 0.9015044569969177, 0.17735090851783752, 1.8164294958114624, -1.2409859895706177, -0.022307410836219788, -0.454968124628067, -1.2931712865829468, 2.263352632522583, -0.7069447636604309, 0.27567487955093384, -0.42231398820877075, 0.5980383157730103, -1.4788519144058228, -0.25981438159942627, 0.3020695149898529, -1.4064226150512695, 0.8500608801841736, -0.45566293597221375, -1.9511522054672241, -1.2628381252288818, 1.1717239618301392, -1.9686824083328247, 0.2691900432109833, 2.219801902770996, -0.5115249752998352, 0.2930878698825836, -0.2913828492164612, 0.5502244830131531, -0.9890111684799194, -0.7449100613594055, 0.4308924376964569, -0.7313969731330872, 1.5400022268295288, 1.7729823589324951, -0.2110915631055832, 0.00030944496393203735, -0.4939987063407898, -2.1506762504577637, 0.12783855199813843, 1.8864936828613281, 0.7758005857467651, -0.5439987778663635, -0.2595572769641876, -0.34088778495788574, -0.9258394241333008, -1.4867079257965088, -0.9304378032684326, -0.7935861349105835, -1.2993767261505127, 1.4985235929489136, 1.4059144258499146, -1.4323484897613525, -0.37770137190818787, 0.6556997299194336, -0.1527184098958969, 0.14698757231235504, -2.0869786739349365, 0.19290924072265625, 1.2215536832809448, -1.7141001224517822, -0.8141024112701416, -0.049920886754989624, 1.1309915781021118, -1.2362409830093384, -0.393634557723999, -1.0929003953933716, -1.1353994607925415, 0.18752692639827728, -0.1973438411951065, -0.24637198448181152, 1.9039225578308105, 1.5825327634811401, -1.8544435501098633, -0.027052005752921104, -0.7017912268638611, 0.3872191905975342, -0.4693793058395386, -0.1378343552350998, -1.1358016729354858, 0.16545897722244263, -0.24958595633506775, 0.15665479004383087, 0.7789332270622253, -0.22706642746925354, 1.1437444686889648, -1.3792673349380493, -0.025764264166355133, -1.1123685836791992, 1.0050344467163086, -0.3476252257823944, 0.00554739311337471, 1.1762676239013672, 1.6572935581207275, 0.850679337978363, -1.9625405073165894, -0.0542389452457428, -0.1656593382358551, 0.7274714708328247, 0.4407169222831726, 0.15912288427352905, -1.1098328828811646, 1.5048928260803223, -0.9160217642784119, -0.03511088341474533]",yunet,Facenet,1920,1080,/home/amos/media/tv/modern_family/Modern.Family.S09.1080p.DSNP.WEB-DL.DDP5.1.H.264-CRFW/Modern.Family.S09E17.Royal.Visit.1080p.DSNP.WEB-DL.DDP5.1.H.264-CRFW.mkv,Modern Family,2009,1442437,9,17,Chris Geere,62879.0,0.608
690,1236,294,1416,522,1392,390,1302,390,0.912,18048,0,"[0.16656005382537842, -0.06994044780731201, 2.537508010864258, -0.12415909767150879, 0.12441302090883255, 1.3152168989181519, 1.4075639247894287, -0.962902843952179, -0.4764796495437622, 1.3392443656921387, 0.3871474862098694, -0.6491223573684692, -0.9332520961761475, 1.4993321895599365, -0.3667370676994324, 0.6416975259780884, -0.3172949552536011, -1.3719053268432617, -2.4871456623077393, -0.9502887725830078, -0.8464497327804565, -0.6995982527732849, 0.052519381046295166, 1.1100409030914307, -0.10327242314815521, -0.14218255877494812, 1.262186884880066, 0.7163940072059631, 2.2759170532226562, 1.5056874752044678, 0.5197814702987671, -0.8316456079483032, 0.01774553209543228, -0.6111723780632019, 1.7274153232574463, -0.1828376054763794, -1.2590333223342896, -0.29328590631484985, 0.38088124990463257, 1.273739218711853, -0.10798969864845276, -1.9085686206817627, -0.5195218324661255, 1.2696171998977661, 0.3940015137195587, -1.7641139030456543, -0.4145587384700775, 0.4846743941307068, -0.34955722093582153, -1.1487196683883667, 0.5332903861999512, -0.2387411743402481, 0.5291091203689575, 0.21002505719661713, -0.5491950511932373, 1.5516694784164429, 0.8183318972587585, -0.3357275426387787, -0.11205059289932251, -0.0958658829331398, -1.7450603246688843, 0.5794636607170105, 0.5029175877571106, -0.03010033816099167, -1.4812849760055542, 2.241598129272461, -1.1489821672439575, 2.3217239379882812, 1.2735430002212524, 0.4925808608531952, -1.6076568365097046, 0.32235363125801086, 1.6025161743164062, -0.6971836686134338, -0.4290311932563782, 0.8174557089805603, 0.026956170797348022, -0.689514696598053, -0.227972149848938, 0.5973587036132812, -0.6350899338722229, -0.49557700753211975, 0.06359486281871796, -0.006535952910780907, 1.3416857719421387, -0.9992096424102783, 1.0642489194869995, -0.06855252385139465, 1.5459669828414917, 0.4251996874809265, -0.23611962795257568, 0.6661220192909241, 0.7448331713676453, -0.5407613515853882, 0.5813804864883423, 1.540679931640625, 0.15903133153915405, -1.3573744297027588, 0.05405717343091965, -0.47730550169944763, -0.9754330515861511, 1.7605316638946533, -1.0659123659133911, 0.5329930782318115, 0.8093182444572449, 0.11653147637844086, 0.03195744380354881, -0.790224552154541, 1.237781047821045, -0.23623979091644287, 1.5215120315551758, 0.8087082505226135, -0.08851911127567291, -1.4463379383087158, -0.3749050498008728, 1.7407587766647339, 1.2686083316802979, 1.6767100095748901, -0.13269954919815063, -1.8471393585205078, 1.3817193508148193, 0.5355609655380249, 2.0229196548461914, -1.4970301389694214, 0.405765175819397, 0.4754670560359955, 0.25918397307395935, 0.05218474194407463]",yunet,Facenet,1920,1080,/home/amos/media/tv/modern_family/Modern.Family.S09.1080p.DSNP.WEB-DL.DDP5.1.H.264-CRFW/Modern.Family.S09E17.Royal.Visit.1080p.DSNP.WEB-DL.DDP5.1.H.264-CRFW.mkv,Modern Family,2009,1442437,9,17,Ariel Winter,42160.0,0.61
691,480,372,726,702,690,504,594,504,0.918,18072,0,"[-0.8119345903396606, -0.14972364902496338, 0.49963441491127014, 2.5720889568328857, 1.2746323347091675, 0.8738681674003601, 0.9620022773742676, -2.2452430725097656, -0.19836682081222534, 1.0698868036270142, -0.49864357709884644, 1.456544041633606, 1.411502718925476, -0.3830146789550781, -1.0661962032318115, -1.077803373336792, 0.515166163444519, -0.9383590221405029, -1.81497061252594, 1.401197910308838, 0.06752145290374756, 0.5869055390357971, 0.24920189380645752, -0.9412872791290283, -0.49867820739746094, 1.0171998739242554, 0.5935896635055542, -0.70164555311203, 2.380572557449341, -0.36997851729393005, -0.3558194041252136, -1.4311001300811768, -1.5638469457626343, -2.2123897075653076, 2.1915440559387207, -0.4840584993362427, -1.9985811710357666, 0.7514234781265259, -0.2901969850063324, -0.8565491437911987, -0.32711169123649597, 0.6740180850028992, -0.16324731707572937, 2.624107837677002, -0.05848526209592819, -0.8312779664993286, -0.0916827917098999, 0.443067729473114, -0.1363668143749237, -0.025673873722553253, 0.3720996379852295, 1.7108052968978882, 0.7491680979728699, -1.3335987329483032, 0.36989977955818176, 0.4782296121120453, 1.9639990329742432, -0.2410620003938675, 0.02990095131099224, 0.17142891883850098, -0.15478810667991638, 0.2625989317893982, -0.2644706070423126, -0.5076330304145813, -1.0212066173553467, 1.7712374925613403, -0.09979654103517532, 0.5042946338653564, 0.5376742482185364, 0.10334219038486481, -1.192866325378418, 0.14401423931121826, -1.9108778238296509, -0.35716384649276733, 1.1635501384735107, 0.3501774072647095, -0.3617502450942993, -0.7031131386756897, -0.4562125504016876, -0.8761909008026123, 0.910393476486206, 0.3157408535480499, 0.02563968300819397, 0.8469138145446777, -0.3087463080883026, -0.10300716757774353, 0.137430801987648, -0.2593999207019806, -0.738998532295227, -1.912747859954834, -1.0847288370132446, 0.5370714664459229, 0.9387086629867554, -0.278879314661026, 0.9387941360473633, 1.0456668138504028, 1.117398977279663, -1.1930140256881714, 0.5611798167228699, -1.5758990049362183, -0.19177484512329102, -0.03613254055380821, -2.0423507690429688, 0.9314755797386169, 0.8803158402442932, -0.1599835753440857, 1.4028388261795044, -1.145316243171692, 1.9822454452514648, -1.3951870203018188, 1.064095377922058, 1.274992823600769, 0.9596493244171143, 0.7818784117698669, -0.6861730217933655, 1.3781577348709106, -1.6337507963180542, 1.8697127103805542, 0.14499711990356445, 0.5184421539306641, 1.5871721506118774, -0.8198097944259644, 0.48679590225219727, -1.5498579740524292, 0.7284582257270813, 0.4186936318874359, 1.1174001693725586, -0.7343813180923462]",yunet,Facenet,1920,1080,/home/amos/media/tv/modern_family/Modern.Family.S09.1080p.DSNP.WEB-DL.DDP5.1.H.264-CRFW/Modern.Family.S09E17.Royal.Visit.1080p.DSNP.WEB-DL.DDP5.1.H.264-CRFW.mkv,Modern Family,2009,1442437,9,17,Sarah Hyland,91351.0,0.664
692,1062,120,1302,426,1272,234,1170,234,0.916,18072,1,"[0.6745257377624512, -1.4418566226959229, -1.8218878507614136, -0.30223220586776733, 0.19707565009593964, 1.010015606880188, 0.8478398323059082, 0.5025655627250671, 0.4155442416667938, 0.0687004029750824, 0.8240060806274414, -1.200870156288147, -1.6515446901321411, -0.43595704436302185, -0.17578807473182678, -0.14465489983558655, -0.7923431396484375, -0.5399082899093628, 0.7823588848114014, 0.45013561844825745, 0.5849844217300415, -1.2629519701004028, 0.5355902314186096, -0.5045052766799927, 0.2522242069244385, -0.13324859738349915, 0.895501971244812, -2.6373190879821777, 0.7153018712997437, 0.3433687686920166, 0.15871930122375488, 0.8257973790168762, -0.23757679760456085, 0.46501022577285767, -0.4589768052101135, 0.5771154165267944, -0.6134787201881409, 1.390623927116394, 1.143970251083374, -1.294069766998291, 0.7077526450157166, 1.8114887475967407, -1.2404013872146606, -1.4851808547973633, 0.5654687881469727, -1.3144557476043701, 0.10435086488723755, 1.9763200283050537, 0.5769405961036682, -0.32998377084732056, -0.034559689462184906, 0.09196478128433228, -0.14407199621200562, 1.0295417308807373, 0.1596696972846985, -1.4126988649368286, 0.11002862453460693, 2.3122828006744385, -1.2473901510238647, 0.7813876867294312, 0.17170262336730957, -0.6926500201225281, -0.6313610076904297, 0.7275884747505188, 1.3863577842712402, 0.7468132972717285, 0.4428521990776062, 1.0364011526107788, 0.7822469472885132, 0.05875908210873604, 0.34744298458099365, 0.46616843342781067, -3.0792717933654785, 2.6706738471984863, -0.5860155820846558, -0.3985426723957062, -1.1887171268463135, 0.6883614659309387, -0.11978121101856232, 0.4658631682395935, -2.014932870864868, 0.32812508940696716, 1.7550132274627686, -1.4195923805236816, -0.8687335848808289, 0.6393082141876221, 1.2622798681259155, -0.4215277433395386, -1.4508826732635498, -1.687676191329956, -0.06476759165525436, 1.0922579765319824, 0.46497008204460144, 1.9320549964904785, -0.16068774461746216, 0.7008466720581055, -2.2713499069213867, 0.06135294586420059, -0.22844932973384857, 1.0937334299087524, -1.7921677827835083, -0.7786733508110046, -0.7450178265571594, 0.4718688428401947, -0.34392431378364563, -0.2385716587305069, -0.09487266838550568, -0.1663292944431305, -0.5507264137268066, -0.38641664385795593, -0.8082075119018555, -1.513492226600647, 0.32839781045913696, -1.5401601791381836, -1.1884591579437256, 1.817406415939331, -0.1379946917295456, -0.06302367150783539, -0.9184920787811279, 0.7319846749305725, -0.6969749331474304, 1.7144275903701782, 0.12429259717464447, -0.42841294407844543, -1.0280548334121704, 0.7179453372955322, -1.5457735061645508, -1.353273868560791]",yunet,Facenet,1920,1080,/home/amos/media/tv/modern_family/Modern.Family.S09.1080p.DSNP.WEB-DL.DDP5.1.H.264-CRFW/Modern.Family.S09E17.Royal.Visit.1080p.DSNP.WEB-DL.DDP5.1.H.264-CRFW.mkv,Modern Family,2009,1442437,9,17,Chris Geere,62879.0,0.674
693,1062,120,1302,432,1266,234,1158,234,0.914,18096,0,"[0.24083705246448517, -1.876013994216919, -1.0882349014282227, -0.22177469730377197, 0.6466013193130493, 0.9415029287338257, 1.1183446645736694, 0.46416229009628296, 0.8197964429855347, -0.054268985986709595, 0.672435998916626, -1.0015674829483032, -1.2316471338272095, -0.6384817361831665, -0.1652441918849945, 0.2871025800704956, -0.7404745817184448, -0.5970377922058105, 0.5164704322814941, 0.34209534525871277, 0.9092241525650024, -1.0400689840316772, 0.3617986738681793, -1.037907600402832, -0.060191560536623, -0.12697833776474, 1.6089818477630615, -2.538365364074707, 0.04317079484462738, 0.3250788450241089, -0.5321652889251709, 1.340993881225586, -0.3858492970466614, 0.261195570230484, -1.0952317714691162, 0.3196784257888794, -0.3831821084022522, 1.04618239402771, 0.8275278210639954, -1.934533715248108, 0.9664866924285889, 1.6357232332229614, -1.730629801750183, -1.0772392749786377, 0.014523526653647423, -1.167414665222168, 0.07161332666873932, 1.2163987159729004, 0.3796583414077759, 0.2615262269973755, -0.10858878493309021, 0.1369718313217163, -0.4441194236278534, 0.4627681374549866, 0.8934416174888611, -1.8270536661148071, 0.2902616262435913, 2.092061996459961, -1.4445066452026367, 0.38871029019355774, -0.19346186518669128, -0.9139968752861023, -0.4526797831058502, 1.1752521991729736, 1.3593547344207764, 0.5754651427268982, 0.30615150928497314, 0.9412429332733154, 0.264169842004776, -0.032395582646131516, -0.06907755881547928, 0.5361723899841309, -2.920046806335449, 2.2822353839874268, -0.03940623626112938, -0.10313853621482849, -1.97951078414917, 0.8670239448547363, -0.4765439033508301, 0.5222498178482056, -2.6609256267547607, 0.22807161509990692, 1.3275465965270996, -1.121024489402771, -0.6449220180511475, 0.6309994459152222, 1.260586142539978, -0.3494999408721924, -1.8745532035827637, -1.8688653707504272, 0.24756655097007751, 0.9462602138519287, 0.6602712869644165, 1.5358061790466309, 0.1927318572998047, 0.5089074969291687, -2.086521625518799, 0.23228652775287628, -0.35935842990875244, 0.32511842250823975, -1.4548144340515137, -0.5766682028770447, -1.2779055833816528, -0.3823835253715515, -0.11895963549613953, -0.3642996549606323, -0.3986818194389343, -0.47943344712257385, -0.4132760167121887, 0.017877379432320595, -1.0300743579864502, -1.2583845853805542, 0.8126868009567261, -1.3950254917144775, -1.2393077611923218, 2.0511791706085205, -0.3798005282878876, -0.17758679389953613, -1.338496208190918, 0.9348924160003662, -0.8007468581199646, 1.3654496669769287, 0.4499281048774719, -0.31293606758117676, -0.8374029994010925, 0.17666369676589966, -1.6280429363250732, -0.6659172773361206]",yunet,Facenet,1920,1080,/home/amos/media/tv/modern_family/Modern.Family.S09.1080p.DSNP.WEB-DL.DDP5.1.H.264-CRFW/Modern.Family.S09E17.Royal.Visit.1080p.DSNP.WEB-DL.DDP5.1.H.264-CRFW.mkv,Modern Family,2009,1442437,9,17,Chris Geere,62879.0,0.699
694,516,378,744,702,720,498,636,504,0.907,18096,1,"[-0.18452030420303345, -1.0171387195587158, 0.5453894734382629, 1.7066525220870972, 1.6950112581253052, 0.16914665699005127, 1.1722545623779297, -2.0170326232910156, -0.14798805117607117, 2.2451934814453125, -0.12278304994106293, 1.7493351697921753, 0.5159387588500977, -0.8815252780914307, -1.2163716554641724, 0.2587354779243469, 0.10428355634212494, -0.11920446157455444, -1.5211915969848633, 0.8780504465103149, 0.6605653762817383, -0.27505019307136536, 0.42677322030067444, -0.7670712471008301, -0.6171575784683228, 0.4464336335659027, -0.2732295095920563, -0.5229043364524841, 2.1654012203216553, -0.17200902104377747, 1.18314790725708, -1.6891156435012817, -0.15747569501399994, -2.269948720932007, 1.2746647596359253, -0.9084359407424927, -2.8048202991485596, 1.7723950147628784, -1.0786867141723633, -1.460960865020752, -1.4526296854019165, 1.2339885234832764, 0.5354611873626709, 1.752418041229248, -0.07080487161874771, -1.149678349494934, -1.0878385305404663, 1.8847252130508423, -0.5399109125137329, 0.4809568226337433, 0.7017236948013306, 0.82759690284729, 0.4754278361797333, -0.5777788758277893, 0.9489063024520874, 0.5490907430648804, 1.5045170783996582, -0.09740862250328064, -0.571647047996521, 0.6222614049911499, -0.465268611907959, 1.4121978282928467, -0.6016972661018372, 0.5491014719009399, -0.6574392914772034, 1.6901565790176392, -0.574120283126831, 0.016108907759189606, 0.9509714245796204, 1.1448465585708618, -0.9524911046028137, -0.742030143737793, -1.4858388900756836, 0.08485183119773865, 0.815703272819519, -0.26639068126678467, -1.30293607711792, -1.2743051052093506, -0.12695114314556122, -0.9660313725471497, 1.0544527769088745, -0.31411007046699524, 0.2478552758693695, 0.21284028887748718, -0.5478589534759521, -0.17847883701324463, 0.28068363666534424, 0.12595553696155548, 0.5220639705657959, -1.1643919944763184, -1.1412255764007568, 1.0537606477737427, 1.4445044994354248, 0.7111252546310425, 1.530739426612854, 0.7714281678199768, 0.3224985599517822, -0.947228729724884, 0.10167601704597473, -1.574676513671875, 0.08911603689193726, -0.6821920871734619, -1.8462653160095215, 0.3997515141963959, 2.0338973999023438, -0.9779159426689148, 1.4132874011993408, -1.064241647720337, 1.800050139427185, -1.0356544256210327, 0.8176113963127136, 1.2898768186569214, -0.2640320360660553, 1.3499796390533447, -1.1436165571212769, 0.9015216827392578, -1.2763304710388184, 1.6506320238113403, -0.49979761242866516, -0.5591487288475037, 1.6348575353622437, -0.6998904943466187, -0.1451859176158905, -0.5049866437911987, 1.0512237548828125, -0.22220322489738464, 0.42864587903022766, -1.339458703994751]",yunet,Facenet,1920,1080,/home/amos/media/tv/modern_family/Modern.Family.S09.1080p.DSNP.WEB-DL.DDP5.1.H.264-CRFW/Modern.Family.S09E17.Royal.Visit.1080p.DSNP.WEB-DL.DDP5.1.H.264-CRFW.mkv,Modern Family,2009,1442437,9,17,Sarah Hyland,91351.0,0.593
695,654,162,870,468,858,258,834,258,0.918,18120,0,"[-0.6344683170318604, 0.2115258276462555, -1.3976011276245117, 0.982986330986023, 0.17613917589187622, -1.2109771966934204, -0.7530393004417419, -0.3101670742034912, -0.30022379755973816, -0.33223748207092285, 2.074007272720337, -1.1833020448684692, 0.9741169810295105, -0.25888699293136597, 0.02021484076976776, 0.7382031679153442, -0.6671855449676514, -1.8770694732666016, -2.3251419067382812, 0.13711591064929962, -0.710610032081604, 0.7754790186882019, -0.2080688774585724, -1.2061883211135864, 0.6008413434028625, -0.40126675367355347, 0.1256786733865738, 0.9009093046188354, 0.0933699831366539, 1.503106951713562, 1.2912019491195679, -0.36523884534835815, -0.24912165105342865, 0.013332590460777283, -0.5430564880371094, 1.8730134963989258, 0.16297072172164917, -0.21494156122207642, 0.06848657131195068, 0.26136863231658936, 1.2383071184158325, 0.46594250202178955, -1.502241849899292, -0.9240597486495972, 0.22699253261089325, -0.7140055298805237, 1.2234113216400146, 0.46608778834342957, -0.6544494032859802, 0.7734662294387817, -0.6861984729766846, 1.008772611618042, -0.16435018181800842, 1.5981355905532837, -1.5402072668075562, -1.180548906326294, 1.1934397220611572, 0.44250309467315674, -1.0697861909866333, -0.4152775704860687, 0.2125503420829773, -1.075835943222046, -0.08811065554618835, -0.0705268383026123, 1.1708742380142212, -2.4515857696533203, -0.4429507851600647, -0.2958427667617798, -1.5205090045928955, -1.7482694387435913, 0.03182389214634895, -0.3452163636684418, -1.7923088073730469, -0.7518020868301392, 1.2826060056686401, 0.5101505517959595, 0.6728672981262207, 1.8157479763031006, 0.9640253186225891, -0.32186198234558105, 0.1304052174091339, 0.2762484848499298, 1.4061223268508911, -0.9943772554397583, -0.567664623260498, 1.681613802909851, -1.405800461769104, 2.175840139389038, -0.07450562715530396, -1.2245514392852783, 0.6104587316513062, -0.2928481698036194, 1.8723584413528442, 0.22441035509109497, 1.6735892295837402, 1.9554643630981445, -1.2572746276855469, -0.2945433557033539, 0.26445871591567993, -0.2772690951824188, 0.35654217004776, 2.039839029312134, -0.5779469013214111, -1.7828919887542725, -0.04374699294567108, 0.8682376146316528, 0.4504665434360504, 1.6766507625579834, 0.7102670669555664, -0.9234697818756104, -1.6955838203430176, 0.7161048054695129, 0.33990374207496643, -1.3739259243011475, 0.5190379023551941, 0.3628018796443939, 0.17492668330669403, -1.1217893362045288, -1.0479958057403564, 0.4945508539676666, -0.36268895864486694, -0.5278924703598022, 1.2667797803878784, -2.1791203022003174, 1.6719664335250854, -0.4210652709007263, -0.8339061141014099, 1.0805944204330444]",yunet,Facenet,1920,1080,/home/amos/media/tv/modern_family/Modern.Family.S09.1080p.DSNP.WEB-DL.DDP5.1.H.264-CRFW/Modern.Family.S09E17.Royal.Visit.1080p.DSNP.WEB-DL.DDP5.1.H.264-CRFW.mkv,Modern Family,2009,1442437,9,17,Jimmy Tatro,1304335.0,0.638
696,1284,276,1482,528,1446,378,1344,378,0.915,18120,1,"[-0.002070091664791107, -0.6692032814025879, 3.239671468734741, -0.6095157861709595, 0.32794174551963806, 0.47621238231658936, 1.3343465328216553, -1.9252924919128418, -0.11965595930814743, 2.058222532272339, -0.04802118241786957, -0.4282379448413849, -0.7217531800270081, 1.6729639768600464, -0.060072362422943115, 1.0104084014892578, -0.16550248861312866, -1.2031902074813843, -0.6667686700820923, -0.8952577114105225, -0.17244219779968262, -0.34395524859428406, -0.7491217851638794, 1.850338339805603, 0.7461296319961548, 0.6537135243415833, 1.6238003969192505, -0.09443575143814087, 1.6484336853027344, 1.9594922065734863, 0.7006620168685913, -0.8204602599143982, -0.4671992063522339, -0.023761548101902008, 2.3845245838165283, 0.8776401877403259, -1.3020566701889038, -0.12947389483451843, 0.08836352825164795, 1.7043336629867554, -0.27913424372673035, -1.0573874711990356, -0.46407315135002136, 1.4386310577392578, -0.7664158344268799, -1.2696281671524048, -0.7368261814117432, -0.2727678120136261, -0.865409255027771, -1.4730218648910522, 0.14523416757583618, -0.24843351542949677, 0.8135131001472473, -0.3388514518737793, -0.2914130389690399, -0.5187091827392578, 1.0517308712005615, 0.09750854969024658, 0.008578140288591385, -0.4899917542934418, -0.743037223815918, 0.18001525104045868, 0.6321701407432556, -1.3001599311828613, -1.7246953248977661, 1.5691288709640503, -0.13278532028198242, 2.281827449798584, 1.1449294090270996, 2.1020166873931885, 0.21350912749767303, -0.5368625521659851, 1.0526803731918335, -1.378767490386963, -0.6715063452720642, 0.6192693114280701, 1.157449722290039, -0.023725707083940506, -0.6206220984458923, 0.6784912943840027, -0.13936975598335266, -1.3806824684143066, -0.2869832217693329, 0.3869384527206421, 0.16097241640090942, 0.24355050921440125, 0.6156710982322693, -0.7061731219291687, 1.372218370437622, -0.19840475916862488, 0.5390228033065796, 0.02791771851480007, 0.507350742816925, -0.2309311330318451, 0.44701412320137024, 1.4954718351364136, -0.04573572427034378, -0.6928993463516235, 0.4870871901512146, 0.4203294515609741, -0.6403614282608032, 2.658907890319824, -0.6232163310050964, -1.1573630571365356, 0.24580594897270203, -0.03395922854542732, -1.1182233095169067, -0.7432820796966553, 0.6147268414497375, -0.3688077926635742, 0.6565293669700623, 0.46831798553466797, 0.5573309659957886, -1.518880844116211, 0.11574245989322662, 1.2061494588851929, 0.5123523473739624, 0.8114999532699585, -0.20386800169944763, -0.7568004131317139, 0.8151518106460571, 0.11349741369485855, 1.165571689605713, -2.692328691482544, 1.943228840827942, 0.6023480892181396, 1.3443394899368286, 0.14047420024871826]",yunet,Facenet,1920,1080,/home/amos/media/tv/modern_family/Modern.Family.S09.1080p.DSNP.WEB-DL.DDP5.1.H.264-CRFW/Modern.Family.S09E17.Royal.Visit.1080p.DSNP.WEB-DL.DDP5.1.H.264-CRFW.mkv,Modern Family,2009,1442437,9,17,Ariel Winter,42160.0,0.568
697,1236,252,1458,510,1404,348,1308,354,0.927,18144,0,"[0.35116899013519287, -0.3481234312057495, 2.4494049549102783, -0.29563409090042114, 1.333971381187439, 1.1612471342086792, 0.9158620238304138, -2.047724485397339, 0.2793804109096527, 2.1581814289093018, -0.2437019944190979, -0.5034963488578796, -1.0862537622451782, 1.444070816040039, -0.2264605164527893, 0.31564146280288696, -0.09954449534416199, -1.1238237619400024, -0.7831131219863892, -0.8939052820205688, 0.23302674293518066, -0.8133679628372192, 0.037919364869594574, 1.1173038482666016, 0.00949801318347454, 1.0284143686294556, 1.9344761371612549, -0.7077227830886841, 1.2594772577285767, 2.0565640926361084, 0.37307944893836975, -0.2675250172615051, -0.5814264416694641, -0.389147013425827, 2.2687551975250244, 1.246019721031189, -1.460000991821289, -0.20877256989479065, -0.5154003500938416, 1.7293508052825928, -0.05705563724040985, -1.7924154996871948, -0.14509010314941406, 1.6374717950820923, -0.6562209725379944, -1.324766755104065, -0.5045869946479797, -0.23782995343208313, -1.1115341186523438, -1.9376511573791504, 0.059540756046772, -0.3996342122554779, 0.47410324215888977, 0.025637991726398468, -0.05185592547059059, -0.7231302261352539, 0.6467095017433167, -0.26178795099258423, 0.1465037316083908, -0.8381638526916504, -1.2128595113754272, -0.0858098566532135, 0.8849409222602844, -1.3804517984390259, -2.1482696533203125, 1.4369940757751465, -0.3829580545425415, 2.13459849357605, 1.4699547290802002, 1.9109596014022827, 0.14188867807388306, -0.6910709142684937, 0.9797266125679016, -0.5131392478942871, -0.28048253059387207, 1.1499626636505127, 1.324690818786621, -0.2087104469537735, -0.7783840298652649, -0.0007115602493286133, 0.17402666807174683, -0.8376916646957397, -0.6470597982406616, 0.4912339746952057, 0.11594776064157486, 0.015040025115013123, 0.40351688861846924, -1.0499194860458374, 1.7882357835769653, -0.21184973418712616, -0.2346349060535431, -0.2663404941558838, 0.8024097084999084, -0.5946689248085022, -0.01839020848274231, 1.9519599676132202, -0.21855202317237854, -0.5952641367912292, 0.027112998068332672, 0.261812299489975, -1.183434247970581, 1.5563883781433105, -0.9565403461456299, -1.0685285329818726, 0.5009693503379822, -0.494745671749115, -0.5290777087211609, -0.5434238910675049, 1.3274431228637695, -0.08965500444173813, 0.6876409649848938, 0.730233371257782, 0.004539363086223602, -1.1042406558990479, 0.011867430061101913, 1.3120180368423462, -0.27731776237487793, 0.33197975158691406, -0.12864992022514343, -0.7929753661155701, 0.7701703906059265, -0.210968479514122, 1.0236902236938477, -2.2683982849121094, 1.6508785486221313, 0.8934653401374817, 1.7498741149902344, 0.37546253204345703]",yunet,Facenet,1920,1080,/home/amos/media/tv/modern_family/Modern.Family.S09.1080p.DSNP.WEB-DL.DDP5.1.H.264-CRFW/Modern.Family.S09E17.Royal.Visit.1080p.DSNP.WEB-DL.DDP5.1.H.264-CRFW.mkv,Modern Family,2009,1442437,9,17,Ariel Winter,42160.0,0.677
698,600,138,822,462,798,246,774,246,0.914,18144,1,"[-0.2972054183483124, 0.3784152567386627, -1.3909516334533691, 0.32352206110954285, 0.5744009017944336, -1.2840542793273926, -0.5876984596252441, 0.18129588663578033, -0.13442707061767578, -0.3507727086544037, 2.0045583248138428, -0.7223409414291382, 1.032549262046814, 0.2520243227481842, -0.011099554598331451, 0.7074260115623474, -1.2210946083068848, -1.9388580322265625, -1.5524494647979736, -0.020800603553652763, -0.729300856590271, 1.3007113933563232, -0.41898664832115173, -1.3670154809951782, 1.020979881286621, 0.29189544916152954, 0.3704063594341278, 0.39920148253440857, -0.20997799932956696, 0.8740753531455994, 0.48149481415748596, 0.5875230431556702, -0.5618860125541687, 0.08005619794130325, -0.32909753918647766, 1.4179530143737793, 0.6766582727432251, -0.9046141505241394, -0.058933064341545105, -0.17847895622253418, 1.1274200677871704, 0.7296538352966309, -1.6358271837234497, -0.6323060393333435, -0.21979501843452454, -0.740736186504364, 0.595029890537262, -0.05949755012989044, -0.09728531539440155, 1.510477900505066, -0.3649786114692688, 1.0301196575164795, -0.4813931882381439, 0.6221573948860168, -0.9987304210662842, -2.1839497089385986, 1.2626235485076904, 0.08729523420333862, -1.062291145324707, -0.6041824817657471, 0.5281333327293396, -1.2059142589569092, 0.11868482083082199, -0.40626123547554016, 0.6257224082946777, -2.063542127609253, -0.7457438707351685, -0.2786868214607239, -1.0654178857803345, -1.5852501392364502, 0.09865502268075943, -0.6545960903167725, -2.0396764278411865, -0.7067588567733765, 1.8241645097732544, 0.12235838174819946, 0.8102227449417114, 2.1127700805664062, 0.927724301815033, -0.1697898805141449, -0.344159871339798, 0.7930889129638672, 0.9222907423973083, -1.030230164527893, -0.4240961968898773, 1.7973569631576538, -1.7294590473175049, 2.06964111328125, 0.14565692842006683, -0.9273487329483032, 0.38056138157844543, -0.3436240553855896, 1.6677141189575195, -0.06602083891630173, 2.0702011585235596, 2.087639331817627, -0.8622230291366577, 0.24116912484169006, -0.038038190454244614, -0.574512243270874, 0.28157180547714233, 1.2736454010009766, -0.520270824432373, -2.3031678199768066, -0.22912824153900146, 0.6774037480354309, 0.905347466468811, 2.2052035331726074, 0.3189908564090729, -0.533052921295166, -1.3415260314941406, 0.33894777297973633, 0.7479615211486816, -1.4765667915344238, 1.109896183013916, 0.6775065660476685, 0.5070582628250122, -1.3892343044281006, -0.6969984173774719, 0.5769814848899841, -0.474437415599823, -0.7067792415618896, 0.9017162322998047, -1.8075134754180908, 1.823103427886963, -0.893643856048584, -1.5289220809936523, 1.2464290857315063]",yunet,Facenet,1920,1080,/home/amos/media/tv/modern_family/Modern.Family.S09.1080p.DSNP.WEB-DL.DDP5.1.H.264-CRFW/Modern.Family.S09E17.Royal.Visit.1080p.DSNP.WEB-DL.DDP5.1.H.264-CRFW.mkv,Modern Family,2009,1442437,9,17,Jimmy Tatro,1304335.0,0.626
699,1206,150,1440,462,1392,270,1284,264,0.919,18168,0,"[0.5430374145507812, -1.895878791809082, -1.390938639640808, -1.0731358528137207, 0.128083735704422, 1.175848364830017, 1.5612664222717285, 0.030534468591213226, 0.4538639783859253, -0.7433099746704102, -0.15930239856243134, -0.8484580516815186, -1.7668120861053467, 0.557265043258667, -0.19162976741790771, -0.1420559287071228, -0.467048317193985, -0.27021268010139465, 0.28785502910614014, -1.3207412958145142, -0.42308956384658813, -0.31459474563598633, -0.268873006105423, -1.1833900213241577, -0.4064483642578125, 0.8573580384254456, 0.707416296005249, -2.3911962509155273, -0.218821719288826, 0.008328953757882118, 0.34020936489105225, 1.5932258367538452, -0.5325445532798767, 0.8305964469909668, -1.2904908657073975, 0.8666672706604004, -0.4940512776374817, 0.13012969493865967, 0.5291210412979126, -1.8477128744125366, 0.7787479162216187, 0.8325929045677185, -1.2133923768997192, -1.9429242610931396, 1.5455163717269897, -1.2213982343673706, -0.03188105300068855, 1.2184967994689941, 1.4141645431518555, -0.03187938779592514, 0.1332491785287857, -0.8835243582725525, -1.283686876296997, -0.2740739583969116, 0.4769148528575897, -1.0998998880386353, -0.42457762360572815, 1.8100907802581787, -1.4419758319854736, 0.49638113379478455, -1.273115634918213, -1.1342536211013794, 0.19046559929847717, 1.9946231842041016, 1.6045897006988525, 0.7500816583633423, 0.41188234090805054, 0.733140766620636, 1.254923701286316, 0.022216057404875755, 1.0424411296844482, 1.4722025394439697, -1.6184914112091064, 1.738844633102417, 0.20649327337741852, -1.4052902460098267, -2.378666639328003, -0.41338005661964417, -0.01253952831029892, 0.9576519727706909, -2.8154988288879395, 0.9904309511184692, 1.0107477903366089, -1.5529145002365112, -1.7539929151535034, 0.4047151207923889, 0.16030965745449066, -0.015386201441287994, -0.4385944604873657, -0.9104310870170593, 0.6908484697341919, 0.7497872114181519, 0.24893754720687866, 1.402029275894165, 0.5673804879188538, 0.8082290887832642, -1.8398756980895996, 2.008674144744873, 0.47256189584732056, 1.4306102991104126, -0.15073823928833008, -1.3031634092330933, -0.8110828995704651, 0.45753365755081177, -0.4303392767906189, -0.21093355119228363, -0.37264612317085266, -0.6930297613143921, -1.2478388547897339, -1.11391019821167, -1.3806657791137695, -0.2611469626426697, 0.6445435285568237, -0.7576794624328613, 0.48886755108833313, 1.0716768503189087, 0.9156237840652466, 0.3968832194805145, -0.8815868496894836, 0.9158938527107239, -0.8721407055854797, 1.714039921760559, 1.3188893795013428, 0.13617545366287231, -2.4087116718292236, 0.641944408416748, -1.4444477558135986, -1.0945873260498047]",yunet,Facenet,1920,1080,/home/amos/media/tv/modern_family/Modern.Family.S09.1080p.DSNP.WEB-DL.DDP5.1.H.264-CRFW/Modern.Family.S09E17.Royal.Visit.1080p.DSNP.WEB-DL.DDP5.1.H.264-CRFW.mkv,Modern Family,2009,1442437,9,17,Chris Geere,62879.0,0.58
700,1224,156,1458,456,1380,264,1272,264,0.916,18192,0,"[0.1673804670572281, -1.1941182613372803, -0.6689222455024719, -0.7127918004989624, 1.417164921760559, 0.2106049358844757, 0.2790895104408264, 0.10453365743160248, 2.001818895339966, -0.804370105266571, 0.5227973461151123, -0.5438538193702698, -2.0325512886047363, 1.0722076892852783, -1.2726906538009644, -1.697360873222351, -0.73883056640625, -0.6728132963180542, -1.0512622594833374, -1.6744060516357422, -0.6529121398925781, -1.496237874031067, 0.4039284884929657, -1.6353018283843994, 0.491416871547699, -0.04360387474298477, 1.8511987924575806, -1.5714702606201172, -1.0814213752746582, -0.7314331531524658, -0.8719502687454224, 1.0869030952453613, -0.7044543623924255, -0.11769276112318039, -0.39161062240600586, 1.2951571941375732, -1.7462726831436157, -0.5646630525588989, 0.8317294120788574, -1.6927218437194824, 0.4204748272895813, -0.6799505352973938, -2.026477098464966, -1.5988423824310303, 1.4953094720840454, -2.517411708831787, -1.0444536209106445, 2.261200189590454, 0.04410223662853241, 0.9319196939468384, -0.3308185935020447, 0.9664885997772217, 0.6732404232025146, -0.5180497169494629, 0.6672386527061462, -0.515558123588562, 1.6465193033218384, 0.695704460144043, -0.9271328449249268, -0.02627202495932579, -0.967351496219635, -2.261136293411255, 1.2040330171585083, 1.9978073835372925, 1.7394161224365234, -0.20058681070804596, -0.7975897789001465, -0.4406645894050598, 0.06309274584054947, -1.035610318183899, -0.9024820327758789, 0.1221986711025238, -3.0879592895507812, 1.2964675426483154, -0.3043421804904938, -2.656681776046753, -1.1318213939666748, -0.528896152973175, 0.21860897541046143, -1.1623846292495728, -1.105453610420227, 0.9207253456115723, 1.9871488809585571, -0.8506327867507935, -0.5962324142456055, 0.23954319953918457, 0.37963220477104187, -0.33966904878616333, -0.5340478420257568, -0.8453695774078369, -1.5707461833953857, 0.20002004504203796, 0.26021432876586914, 0.8124213218688965, 1.2094529867172241, 1.0495328903198242, -2.2451345920562744, -0.0047381846234202385, -0.30698442459106445, 1.1351778507232666, -0.8346914649009705, -0.0923253744840622, -0.24543029069900513, 0.2215002328157425, -0.4463808834552765, 0.7708837985992432, -0.48836278915405273, 0.11350177973508835, -0.45254212617874146, -2.1391944885253906, 0.2317877858877182, 0.10226449370384216, 0.3517076373100281, 0.4707077443599701, 0.6949341297149658, 1.9146591424942017, 1.339853286743164, 0.8591964840888977, -0.6686313152313232, 1.2510701417922974, -0.9521191120147705, 0.8091456890106201, 0.9327670335769653, -1.0032247304916382, -1.8813472986221313, 1.531874179840088, -0.49884796142578125, -0.6924667358398438]",yunet,Facenet,1920,1080,/home/amos/media/tv/modern_family/Modern.Family.S09.1080p.DSNP.WEB-DL.DDP5.1.H.264-CRFW/Modern.Family.S09E17.Royal.Visit.1080p.DSNP.WEB-DL.DDP5.1.H.264-CRFW.mkv,Modern Family,2009,1442437,9,17,Chris Geere,62879.0,0.716
701,1266,132,1518,462,1482,276,1380,270,0.911,18216,0,"[0.2993975281715393, -1.577528476715088, -1.9441336393356323, -1.5139110088348389, -0.10110287368297577, 1.5202893018722534, -0.27169638872146606, 1.388924241065979, 0.647780179977417, -0.3372907042503357, 0.10690125077962875, -1.1976484060287476, -1.6104414463043213, 0.9253300428390503, 0.4337858557701111, -0.1486470103263855, -1.1801722049713135, -0.13246694207191467, 1.0909745693206787, -0.20464380085468292, 0.24428343772888184, -1.4089555740356445, -0.032208435237407684, -2.3172502517700195, 0.04636162146925926, -0.3214242160320282, 1.0853108167648315, -2.679239273071289, -0.4886168837547302, 0.871471643447876, -0.21962100267410278, 1.2305536270141602, 0.44465887546539307, 0.2015083134174347, -1.0404549837112427, 1.0123237371444702, -0.09298235177993774, 1.3737872838974, 0.8502209186553955, -1.444426417350769, 1.2954074144363403, 1.9381675720214844, -1.2922323942184448, -1.681769609451294, -0.18332679569721222, -2.1497204303741455, 0.35928940773010254, 0.9069391489028931, 0.36828428506851196, 0.0587674118578434, -1.2362444400787354, 0.8696345686912537, -0.27050989866256714, 0.9520820379257202, 0.8372090458869934, -2.6567108631134033, -0.40058326721191406, 2.429229259490967, -0.18168866634368896, 0.17789289355278015, 1.0009998083114624, -0.7295520901679993, 0.1592850685119629, 1.935621976852417, 1.6829499006271362, 0.05297249183058739, -0.3077601194381714, 1.3269834518432617, 0.38660532236099243, -0.06801863014698029, -0.20398478209972382, -0.06385266780853271, -2.5970163345336914, 1.0383566617965698, 0.46222302317619324, 0.3436013162136078, -1.5879530906677246, 0.45146888494491577, 0.26427161693573, 0.07702666521072388, -1.7230039834976196, 0.46669408679008484, 1.010646104812622, -0.2037128210067749, -0.7581866383552551, 0.5963383913040161, 0.21964918076992035, -0.004458419978618622, -2.09167742729187, -1.4474451541900635, 0.013566248118877411, 0.22837240993976593, 0.012172218412160873, 0.5397644639015198, -1.178562879562378, 1.5979024171829224, -3.3256282806396484, -0.05667443573474884, -0.09067504107952118, 1.3644746541976929, -2.10508394241333, 0.23505735397338867, -1.0593830347061157, -0.27720916271209717, 0.04657170921564102, -0.25298458337783813, -1.1382092237472534, 0.42392560839653015, -0.5284173488616943, 0.3041768968105316, -0.7701178193092346, -1.7780848741531372, -0.3904392719268799, -0.6649811863899231, -1.1718631982803345, 1.2103530168533325, -0.7976645231246948, -1.021222472190857, -0.8332644701004028, 0.9684291481971741, -0.6361075043678284, 1.2974950075149536, -0.11117711663246155, -0.28078508377075195, -0.7474865317344666, -0.35045868158340454, -0.8676061034202576, -0.4925052225589752]",yunet,Facenet,1920,1080,/home/amos/media/tv/modern_family/Modern.Family.S09.1080p.DSNP.WEB-DL.DDP5.1.H.264-CRFW/Modern.Family.S09E17.Royal.Visit.1080p.DSNP.WEB-DL.DDP5.1.H.264-CRFW.mkv,Modern Family,2009,1442437,9,17,Chris Geere,62879.0,0.668
702,1224,120,1464,438,1440,240,1344,240,0.921,18240,0,"[0.188454732298851, -1.7764742374420166, -1.4695838689804077, -0.7461904287338257, 0.8585904836654663, 0.8506409525871277, 1.0618987083435059, 0.05667725205421448, 0.07876122742891312, 0.019193772226572037, 0.828621506690979, -1.3626363277435303, -0.9517232775688171, -0.33252647519111633, -0.19949400424957275, -0.42974841594696045, -0.2790890336036682, -0.9574103951454163, -0.03803526610136032, -0.818457841873169, 0.2678682506084442, -2.0526018142700195, 1.395558476448059, -2.3114876747131348, -0.622521698474884, 0.6825361251831055, 1.5110127925872803, -1.60200834274292, -1.1522729396820068, 0.8848690986633301, -0.43949076533317566, 1.464623212814331, -0.586794376373291, -0.12940487265586853, -0.5759783983230591, 1.3806350231170654, -0.2100931704044342, 0.5470651388168335, 0.6396068930625916, -1.7668488025665283, 1.4290528297424316, 1.3428798913955688, -1.395844578742981, -1.4564824104309082, 1.0435482263565063, -1.5733575820922852, 0.1667795181274414, 1.6209174394607544, -0.13011577725410461, 0.15761840343475342, 0.017221666872501373, 0.01358206756412983, -0.7440943717956543, 0.4838087558746338, 0.3569965958595276, -1.2940565347671509, 0.5021342635154724, 2.1607882976531982, -0.618811309337616, -1.027185320854187, -0.21109679341316223, -1.4343831539154053, 0.42100003361701965, 2.163592576980591, 0.8841542601585388, -0.16690148413181305, -0.5675336718559265, -0.0016957763582468033, 0.5976009964942932, -0.25112485885620117, -0.1750367432832718, 0.7815589904785156, -2.0170183181762695, 1.8879884481430054, 0.11935217678546906, -0.06550230085849762, -1.9131463766098022, 0.8855878710746765, -0.020314328372478485, -0.7318069338798523, -2.4577198028564453, 1.6137480735778809, 0.874159574508667, -1.32521390914917, -1.0704495906829834, 0.02659544348716736, 1.3498698472976685, -0.3079923987388611, -1.6764947175979614, -0.6397002935409546, -0.7296102046966553, 0.5041685700416565, 0.6984003186225891, 1.7199913263320923, 0.3489086925983429, 1.3221977949142456, -1.4346026182174683, 0.13501287996768951, -0.7163408994674683, 0.8298861980438232, -1.3107233047485352, -0.6160733103752136, -0.8037546277046204, -0.3785445988178253, -0.09316662698984146, 0.0614786222577095, -0.24662134051322937, 0.5777794122695923, 0.3622260093688965, -0.28842559456825256, -1.0342497825622559, -0.5573424100875854, 0.5872430801391602, -0.08125613629817963, -0.37913671135902405, 2.525569200515747, 0.13931193947792053, -0.9706971645355225, -1.4722785949707031, 0.2001662403345108, -0.6435325741767883, 1.0820152759552002, 0.7705545425415039, -0.5056233406066895, -1.5285634994506836, -0.022535771131515503, -0.9421111941337585, -1.4932746887207031]",yunet,Facenet,1920,1080,/home/amos/media/tv/modern_family/Modern.Family.S09.1080p.DSNP.WEB-DL.DDP5.1.H.264-CRFW/Modern.Family.S09E17.Royal.Visit.1080p.DSNP.WEB-DL.DDP5.1.H.264-CRFW.mkv,Modern Family,2009,1442437,9,17,Chris Geere,62879.0,0.768
703,1236,192,1470,498,1440,324,1386,318,0.904,18264,0,"[-0.2623390555381775, -1.7020690441131592, -1.6819789409637451, -2.0708158016204834, 0.44336506724357605, 1.8859992027282715, -0.5035022497177124, 0.6780716180801392, -0.6349577307701111, 0.6260293126106262, 0.5086808204650879, -1.0449663400650024, -1.7851130962371826, 0.4878404438495636, -0.18630090355873108, 0.6222721934318542, -1.5072542428970337, -1.9137566089630127, 0.7202435731887817, -0.9772669076919556, 0.4792870581150055, -1.3592458963394165, 1.0252305269241333, -1.6123323440551758, -0.11070695519447327, 0.42487555742263794, 1.5096312761306763, -1.1233664751052856, -0.958939790725708, 1.1297154426574707, -1.3175534009933472, 2.6865060329437256, 0.40960878133773804, 0.11350979655981064, -0.7225688695907593, 1.021973729133606, 0.25493448972702026, 1.4793468713760376, 0.9226184487342834, -1.9430897235870361, 1.013992428779602, 0.12260448187589645, -1.8828803300857544, -0.6023780703544617, -0.3730083107948303, -2.389462471008301, -0.02350744605064392, 1.1499241590499878, -0.5126286745071411, 0.37217390537261963, -0.13466016948223114, 0.24345101416110992, -0.12614095211029053, -0.002057276666164398, 0.35680022835731506, -0.8530644178390503, -0.5574648976325989, 1.0422977209091187, 0.39105698466300964, -0.3740299344062805, -0.44130054116249084, -0.9046007990837097, -1.01261568069458, 1.1467052698135376, 0.5326203107833862, -0.5512492656707764, -0.6883605122566223, 0.9589033722877502, 0.2009354531764984, 0.3220766484737396, -0.4991704225540161, -0.2634546756744385, -2.124087333679199, 2.0231125354766846, 0.7478321194648743, 0.9736621379852295, -1.022929310798645, 0.802662193775177, -0.7431185245513916, -0.24405603110790253, -1.855096459388733, 0.7647407054901123, -0.4096846580505371, 0.7910670042037964, 0.44915542006492615, -0.12943634390830994, 1.6705691814422607, -0.22467991709709167, -1.6328657865524292, -1.3256678581237793, -0.3465162217617035, -1.2352960109710693, 0.6119558215141296, -0.25640350580215454, 0.38252177834510803, 1.6419074535369873, -1.519131064414978, -0.41491463780403137, -1.0588984489440918, -0.13201719522476196, -2.3772897720336914, -1.925310730934143, -1.5945109128952026, -1.1418076753616333, -0.9392651915550232, -1.1939619779586792, 0.5991737842559814, -0.041869424283504486, 1.7708758115768433, 1.367746114730835, -0.1709703952074051, -2.0605459213256836, -0.03693237155675888, 0.23681041598320007, -0.31243935227394104, 1.3949792385101318, 0.5792751312255859, -0.8136978149414062, -2.222562551498413, 0.6925548911094666, 0.8148676156997681, 0.7173452377319336, 0.5195571184158325, 0.9222226738929749, -0.23549561202526093, -0.43930235505104065, -0.28921064734458923, 0.33168309926986694]",yunet,Facenet,1920,1080,/home/amos/media/tv/modern_family/Modern.Family.S09.1080p.DSNP.WEB-DL.DDP5.1.H.264-CRFW/Modern.Family.S09E17.Royal.Visit.1080p.DSNP.WEB-DL.DDP5.1.H.264-CRFW.mkv,Modern Family,2009,1442437,9,17,Chris Geere,62879.0,0.529
704,450,234,690,546,678,354,582,348,0.925,18288,0,"[-1.4251599311828613, 1.690078854560852, -1.8903241157531738, 1.0851041078567505, 0.2529972493648529, -1.6876684427261353, -0.5349448323249817, -0.8842546343803406, 0.2382151484489441, 0.4617655575275421, 2.362487554550171, 0.12800893187522888, 1.1002016067504883, -1.6777284145355225, 1.1865501403808594, 2.095933437347412, -0.13063500821590424, -0.5079984664916992, -2.3346314430236816, -0.13276180624961853, -0.9111665487289429, 1.489433765411377, -1.3135185241699219, 0.6566206216812134, 0.22109998762607574, 1.3701285123825073, 1.8319494724273682, 1.1986032724380493, 0.24868397414684296, 0.48064514994621277, 0.04954328015446663, 0.4621020257472992, 0.4352875351905823, -0.43277132511138916, 0.6902002096176147, 0.8337962627410889, 0.34087619185447693, -1.1231924295425415, 0.3585546910762787, 0.1382315456867218, 0.3382183909416199, -0.3798060417175293, -0.9525009393692017, -0.2833978533744812, 0.18915553390979767, -0.3026480972766876, 1.0424939393997192, -1.0384998321533203, 0.4810146689414978, 0.8970271348953247, 1.1033529043197632, -0.19275912642478943, 0.15339064598083496, 1.6382006406784058, 0.11343599855899811, -0.6758232712745667, 1.211482286453247, -1.2041418552398682, -0.7835934162139893, -0.7519981265068054, -0.36664608120918274, -0.39480990171432495, 0.03979095071554184, -1.0358362197875977, 2.2130026817321777, -1.2922652959823608, -0.3414347767829895, -0.22667527198791504, -1.085243582725525, -1.6694159507751465, -0.3007050156593323, -0.3036929965019226, -0.7832421064376831, -0.5884889364242554, 1.4416388273239136, -0.22524914145469666, 0.5829547643661499, 1.3930267095565796, 1.1194968223571777, -0.5275164246559143, -0.5594273209571838, 0.44506335258483887, 0.3578200936317444, -0.4363575577735901, 0.061355672776699066, 2.6035244464874268, -1.4868282079696655, 2.870927095413208, 0.40971943736076355, -0.5478236079216003, 0.7884386777877808, 0.7942361831665039, 2.618612766265869, -0.38459664583206177, 1.7247477769851685, 1.0340673923492432, 0.45584967732429504, 0.027758082374930382, -0.2647501826286316, -0.891191303730011, 0.16502784192562103, 0.9367632865905762, -0.09734684228897095, -1.1880055665969849, 0.32650789618492126, 0.22496677935123444, -0.3533773422241211, 2.619354486465454, 0.7521042227745056, 0.40047091245651245, -0.9428104758262634, 0.4555702805519104, 0.17279726266860962, -0.6728194952011108, 0.08195541054010391, 0.2049722671508789, -0.009274248965084553, -0.014696821570396423, 1.3479715585708618, 0.49737486243247986, -0.7944278717041016, -0.867601752281189, 1.8715944290161133, -1.7117869853973389, 1.8657147884368896, -0.005996100604534149, -0.008932924829423428, 0.6350319385528564]",yunet,Facenet,1920,1080,/home/amos/media/tv/modern_family/Modern.Family.S09.1080p.DSNP.WEB-DL.DDP5.1.H.264-CRFW/Modern.Family.S09E17.Royal.Visit.1080p.DSNP.WEB-DL.DDP5.1.H.264-CRFW.mkv,Modern Family,2009,1442437,9,17,Jimmy Tatro,1304335.0,0.851
705,1098,324,1290,570,1248,420,1152,420,0.916,18288,1,"[0.37263160943984985, 0.16556179523468018, 1.8781802654266357, 1.0092095136642456, 0.8271120190620422, 1.5614584684371948, 1.2715725898742676, -2.3579459190368652, 0.4317919909954071, 2.3299660682678223, -0.3951711356639862, -0.7450463175773621, -0.7099190354347229, 1.3779348134994507, -0.521025538444519, 0.07160980999469757, -0.6596403121948242, -1.6224476099014282, -1.2561143636703491, -0.25008073449134827, 0.20949631929397583, -0.4310106933116913, 0.20941966772079468, 1.0142323970794678, 0.233546182513237, 0.5227693915367126, 1.8590421676635742, -0.2658361792564392, 1.6373759508132935, 2.3226375579833984, -0.07167193293571472, -0.013633433729410172, -1.101133108139038, 0.2805175185203552, 2.430881977081299, 0.1698826253414154, -1.7720613479614258, -0.32595306634902954, 0.16365638375282288, 1.459731101989746, 0.4677122235298157, -1.839941143989563, -0.8598525524139404, 1.9186863899230957, -0.07570936530828476, -1.6173192262649536, -0.5653541684150696, 0.043511465191841125, 0.16031058132648468, -1.6582895517349243, 0.48761487007141113, -0.052085671573877335, 0.5660073757171631, -0.31122782826423645, -1.0011909008026123, 0.34453284740448, 1.1572250127792358, -1.2011815309524536, 0.2705272436141968, -0.04648575186729431, -1.5322082042694092, 0.5026059746742249, 0.1264744997024536, -1.9409183263778687, -1.6565314531326294, 1.136297583580017, -0.06594841927289963, 2.046537399291992, 1.0881521701812744, 1.2589819431304932, -0.6621849536895752, -0.5252202749252319, 1.2242814302444458, -0.6998083591461182, -0.128561332821846, 0.6050594449043274, 1.6548528671264648, -0.5624358654022217, -1.2861051559448242, -0.003039255738258362, 0.5907278060913086, -0.8550146818161011, 0.3079327940940857, 0.44101399183273315, 0.19115176796913147, -0.35605141520500183, 0.6055902242660522, -0.5978736281394958, 1.4443622827529907, -0.2999187111854553, -0.36861753463745117, 0.1470688134431839, 0.39093631505966187, -0.6548131108283997, 0.5817743539810181, 1.5037131309509277, 0.48859068751335144, -1.1411833763122559, -0.028972987085580826, 0.2919257879257202, -1.0412839651107788, 1.2017923593521118, -1.9364644289016724, -0.37677454948425293, 0.5811928510665894, 0.030310027301311493, 0.38775748014450073, -0.5955110788345337, 1.354376196861267, -0.5595781803131104, 1.3096073865890503, 0.490334153175354, -0.662595272064209, -1.2002685070037842, 0.3496822118759155, 1.2473456859588623, 0.21057283878326416, 0.9362231492996216, -0.04272826761007309, -0.7432997226715088, 1.8684909343719482, -0.3857627809047699, 1.1876343488693237, -1.8933414220809937, 1.3864715099334717, 0.5174404382705688, 1.2485543489456177, 0.8365367650985718]",yunet,Facenet,1920,1080,/home/amos/media/tv/modern_family/Modern.Family.S09.1080p.DSNP.WEB-DL.DDP5.1.H.264-CRFW/Modern.Family.S09E17.Royal.Visit.1080p.DSNP.WEB-DL.DDP5.1.H.264-CRFW.mkv,Modern Family,2009,1442437,9,17,Ariel Winter,42160.0,0.754
706,468,198,708,516,684,318,606,318,0.929,18312,0,"[-1.5606613159179688, 1.5333513021469116, -1.987480640411377, 1.5846456289291382, 0.3422486186027527, -1.928256869316101, -0.8967461585998535, -0.5919614434242249, 0.33016932010650635, 0.23729154467582703, 2.1288981437683105, -0.11376030743122101, 0.715716540813446, -1.1059433221817017, 0.6991255283355713, 1.69968581199646, 0.11909879744052887, -0.8614409565925598, -2.65680193901062, -0.35912951827049255, -1.6247615814208984, 1.8688163757324219, -1.154342532157898, 0.6411360502243042, 0.2664032280445099, 0.9510921835899353, 1.9776561260223389, 1.2274688482284546, 0.393237829208374, 0.830926775932312, 0.11015382409095764, 0.33940550684928894, -0.20036043226718903, -0.4286383390426636, 0.32489630579948425, 1.1437644958496094, 0.4942437410354614, -0.9613720774650574, 0.05110912024974823, 0.07962967455387115, 0.1926116794347763, -0.4236961901187897, -1.1107735633850098, -0.29698923230171204, 0.7301725149154663, -0.5445626974105835, 1.535688042640686, -1.1757549047470093, 0.46020328998565674, 1.1952558755874634, 0.833908200263977, 0.07071101665496826, 0.35050463676452637, 1.3764212131500244, -0.6783342361450195, -0.8683324456214905, 1.4005072116851807, -0.8608720302581787, -1.2241671085357666, -0.6882132291793823, -0.6767084002494812, -0.5333088636398315, 0.10835390537977219, -0.702772855758667, 2.1850745677948, -1.0972734689712524, -0.09770744293928146, 0.25544267892837524, -1.297022819519043, -2.0297656059265137, -0.08704143017530441, -0.10376880317926407, -0.9840263724327087, -0.18609681725502014, 1.3712161779403687, -0.05563013628125191, 0.530247688293457, 1.5463589429855347, 1.0716309547424316, -0.7202961444854736, -0.7091851234436035, 0.8485583066940308, 0.6444299221038818, -0.30184853076934814, -0.4288109838962555, 2.7370121479034424, -1.282470941543579, 2.7715067863464355, -0.11450190842151642, -0.7392845749855042, 0.9909293055534363, 0.6820240616798401, 2.5786352157592773, -0.4054547846317291, 1.742862582206726, 1.3213129043579102, -0.02088019624352455, 0.4929409623146057, 0.07709774374961853, -0.6197280287742615, -0.0932813435792923, 1.3706493377685547, 0.0260157510638237, -1.7357487678527832, 0.25063490867614746, 0.21378813683986664, -0.7205876111984253, 2.7577521800994873, 0.6324467062950134, -0.3256683647632599, -1.2844878435134888, 0.577231764793396, 0.6238967180252075, -0.6479836702346802, 0.1953473538160324, 0.49212685227394104, 0.14431045949459076, -0.15564045310020447, 0.7610264420509338, 1.0161689519882202, -0.959318995475769, -1.1129283905029297, 1.6089911460876465, -1.9432134628295898, 1.9174048900604248, 0.012949682772159576, -0.15320369601249695, 0.39137810468673706]",yunet,Facenet,1920,1080,/home/amos/media/tv/modern_family/Modern.Family.S09.1080p.DSNP.WEB-DL.DDP5.1.H.264-CRFW/Modern.Family.S09E17.Royal.Visit.1080p.DSNP.WEB-DL.DDP5.1.H.264-CRFW.mkv,Modern Family,2009,1442437,9,17,Jimmy Tatro,1304335.0,0.846
707,1104,306,1302,546,1254,402,1158,396,0.926,18312,1,"[0.39894744753837585, 0.27955445647239685, 2.0033881664276123, 0.8036386966705322, 0.50462406873703, 1.3290265798568726, 1.2880048751831055, -2.0743038654327393, 0.24195873737335205, 2.756878614425659, -0.22032049298286438, -0.5756131410598755, -1.1193222999572754, 1.7424236536026, -0.5272653102874756, 0.5051440596580505, -0.49223825335502625, -1.6438705921173096, -1.4296599626541138, -0.3530504107475281, -0.4514968991279602, -0.016442956402897835, 0.0062659792602062225, 1.3471579551696777, 0.8988310694694519, 0.41902783513069153, 2.034099578857422, -0.403775691986084, 2.02847957611084, 1.9563432931900024, 0.27941185235977173, -0.3963174819946289, -0.6421160101890564, -0.2244371771812439, 2.140948534011841, 0.3009457588195801, -1.3682750463485718, 0.13881245255470276, 0.13215769827365875, 1.475098967552185, 0.08855189383029938, -1.9725843667984009, -1.0219943523406982, 1.9003565311431885, -0.07135175913572311, -1.5027220249176025, -0.7953843474388123, -0.0799877718091011, 0.09911544620990753, -1.5010987520217896, 0.518074631690979, -0.07470498979091644, 0.8920992016792297, -0.3002203106880188, -1.198645830154419, 0.0746503621339798, 1.2681816816329956, -0.6072078943252563, 0.34370216727256775, -0.4989398717880249, -1.517364263534546, 0.4165914058685303, -0.1019340232014656, -1.8263590335845947, -1.2885063886642456, 1.2674007415771484, 0.05181211605668068, 1.7570050954818726, 1.1264241933822632, 1.0697731971740723, -0.8139286041259766, -0.8417435884475708, 1.301174521446228, -0.7083883881568909, -0.3089315593242645, 0.2444801926612854, 1.7048566341400146, -0.3913225531578064, -0.7341601848602295, 0.4458380937576294, 0.503630518913269, -0.8711769580841064, 0.3894992470741272, 0.541194498538971, -0.14433744549751282, 0.2604079246520996, 0.5728263854980469, -0.39590996503829956, 1.4717332124710083, 0.17601044476032257, -0.11616388708353043, 0.09866761416196823, 0.5460948348045349, -0.8363711833953857, 0.5381360054016113, 1.5110087394714355, 0.5402831435203552, -1.1992146968841553, 0.12356922030448914, 0.32711297273635864, -1.6575334072113037, 1.6882113218307495, -1.6230354309082031, -0.39387696981430054, 0.4717180132865906, 0.04633673280477524, 0.12769412994384766, -0.22089752554893494, 1.607087254524231, -0.41857728362083435, 0.9248665571212769, 0.6350365877151489, -0.17083163559436798, -1.2229421138763428, 0.38013535737991333, 1.15312922000885, 0.3226504921913147, 0.8867747187614441, 0.14922869205474854, -0.9686388373374939, 1.5860192775726318, -0.6597385406494141, 0.6873645186424255, -1.82502019405365, 1.5811036825180054, 0.6997624039649963, 1.3819496631622314, 0.5949358344078064]",yunet,Facenet,1920,1080,/home/amos/media/tv/modern_family/Modern.Family.S09.1080p.DSNP.WEB-DL.DDP5.1.H.264-CRFW/Modern.Family.S09E17.Royal.Visit.1080p.DSNP.WEB-DL.DDP5.1.H.264-CRFW.mkv,Modern Family,2009,1442437,9,17,Ariel Winter,42160.0,0.727
708,996,132,1218,456,1080,252,1026,258,0.923,18336,0,"[-0.22169563174247742, -2.2422103881835938, -0.4024770259857178, -2.0215272903442383, -0.5851258039474487, 1.303558588027954, -0.113776296377182, 1.1551471948623657, 0.8641175627708435, -0.39002466201782227, -0.2840498089790344, -0.5807698965072632, -0.9125545620918274, 0.3915863335132599, 0.13219767808914185, -0.4534143805503845, -0.35887348651885986, -1.1818214654922485, 0.361299991607666, -1.851237177848816, 0.9964337348937988, -2.097579002380371, 0.9960663914680481, -2.4556543827056885, -0.5863428711891174, -0.6809580326080322, 1.6677539348602295, -1.7144643068313599, -1.1241506338119507, 0.592191755771637, -1.4601942300796509, 1.549194574356079, 0.07403868436813354, -0.2965475916862488, 0.07945108413696289, 0.19839341938495636, -0.6873653531074524, 0.4712672829627991, 1.334604263305664, -0.9360910654067993, 0.5509165525436401, 0.17150849103927612, -2.12510085105896, -2.024266481399536, 0.543489933013916, -0.8919276595115662, 0.37124451994895935, 1.2235300540924072, -0.9706354141235352, 0.07922213524580002, -1.0256683826446533, 0.6256976127624512, -0.953553318977356, 0.6863666772842407, 1.096712589263916, -2.025296688079834, 0.20303022861480713, 2.41884446144104, -0.6677417755126953, -1.6138570308685303, 0.26124417781829834, -2.3191447257995605, 0.6727282404899597, 1.263748288154602, 0.9424089193344116, -1.0439988374710083, -0.9252065420150757, 0.4023447632789612, -0.9605093598365784, -1.7730191946029663, -1.1990106105804443, 0.05803748965263367, -1.647300124168396, 0.11904200911521912, 0.8849117159843445, -0.5535620450973511, -1.3513418436050415, 0.9879109859466553, 0.04224219173192978, -0.9554670453071594, -2.1188743114471436, 0.19633455574512482, 0.17511609196662903, -1.2468547821044922, -1.512208342552185, 0.00646345317363739, 0.8604834675788879, -0.7938676476478577, -2.1658012866973877, -0.9912649393081665, -0.1898404359817505, -0.3099931478500366, 0.4024721086025238, -0.3987796902656555, 0.720360517501831, 2.0107784271240234, -1.4546445608139038, 0.31469500064849854, -0.4173651337623596, 0.7975038886070251, -1.3131335973739624, 0.7722663879394531, -0.15467238426208496, 0.4835451543331146, -0.30034562945365906, 0.24391596019268036, -1.0123975276947021, 0.3489944338798523, 0.6477020978927612, -0.0982566699385643, -0.48378026485443115, -1.9364874362945557, 0.3301964998245239, -1.0088582038879395, -0.9114968776702881, 1.594184160232544, 0.12272970378398895, 0.12699654698371887, -1.3274164199829102, -0.3380262851715088, -2.3380589485168457, 1.3821077346801758, 0.6750156879425049, -0.13778942823410034, -0.7782527208328247, 0.8468137979507446, -1.8236281871795654, -0.1869802623987198]",yunet,Facenet,1920,1080,/home/amos/media/tv/modern_family/Modern.Family.S09.1080p.DSNP.WEB-DL.DDP5.1.H.264-CRFW/Modern.Family.S09E17.Royal.Visit.1080p.DSNP.WEB-DL.DDP5.1.H.264-CRFW.mkv,Modern Family,2009,1442437,9,17,Chris Geere,62879.0,0.708
709,456,306,630,522,588,378,510,378,0.91,18336,1,"[0.07068344950675964, -0.6482217311859131, 0.2902410924434662, 1.9723753929138184, 2.019697427749634, -0.7990044355392456, 0.46022915840148926, -0.8894698023796082, 0.26572760939598083, 1.3408032655715942, -0.1633923351764679, 1.2708964347839355, 1.1138352155685425, 0.011417560279369354, 1.2494157552719116, 0.4329538345336914, 0.14758050441741943, -0.5020298361778259, -2.324610710144043, -0.06318087130784988, -0.5578391551971436, -0.17983156442642212, 0.7950034141540527, 0.6697750091552734, 0.9286314249038696, -0.000634416937828064, 0.6766543388366699, 0.17117150127887726, 2.31441593170166, 0.455905020236969, 1.4594777822494507, -2.536062240600586, -1.458800196647644, -0.3195272982120514, 1.580978512763977, -1.8081486225128174, -1.5470823049545288, 1.621935248374939, -0.13387230038642883, 0.6302779912948608, -1.2284940481185913, 0.40470486879348755, 1.8209847211837769, 1.8172681331634521, -1.3697012662887573, 0.20550189912319183, 0.8222121596336365, -0.2888261079788208, -0.8307841420173645, 0.5935714244842529, -1.2962292432785034, 1.908753752708435, 0.448998361825943, 1.0076816082000732, 1.1555765867233276, 0.034498464316129684, 1.9814646244049072, 1.3012418746948242, -0.8846768140792847, 1.1788511276245117, 0.8326989412307739, 0.082587331533432, 0.2796177566051483, 0.16310034692287445, 0.010483529418706894, 0.995259702205658, -2.060365915298462, 0.27224200963974, -1.45857572555542, 0.3988880515098572, 0.09259525686502457, 0.4689255654811859, -0.7750805616378784, 0.7838672995567322, -0.23960164189338684, 0.029324164614081383, 0.3549705445766449, -0.46850061416625977, -0.12295887619256973, -0.12180475145578384, -0.3958423435688019, -0.08715002238750458, 2.5020596981048584, 1.3930259943008423, -0.8392102718353271, -0.8529579639434814, 0.5573617815971375, -1.4307148456573486, 0.06875267624855042, -2.5961318016052246, -1.357581377029419, -0.9711889624595642, 0.14187529683113098, -0.911698579788208, 2.1471869945526123, 0.36891716718673706, -1.1395419836044312, 0.1252203732728958, 0.37115317583084106, -2.5941953659057617, 0.02317705750465393, 0.5301281213760376, -2.131162643432617, 2.3288168907165527, 2.255143880844116, 0.506030261516571, 0.013469770550727844, -1.137102484703064, 1.476291537284851, -1.648696780204773, 1.5541133880615234, 0.31008070707321167, 1.5585793256759644, -0.2595994174480438, -0.6246572136878967, 0.06221979856491089, -0.80751633644104, 1.5216559171676636, 0.4091298580169678, -1.1494498252868652, 2.2009830474853516, -0.24531936645507812, 0.09534183889627457, -1.648659110069275, -0.9521760940551758, 0.8272648453712463, -0.15622478723526, -1.2215328216552734]",yunet,Facenet,1920,1080,/home/amos/media/tv/modern_family/Modern.Family.S09.1080p.DSNP.WEB-DL.DDP5.1.H.264-CRFW/Modern.Family.S09E17.Royal.Visit.1080p.DSNP.WEB-DL.DDP5.1.H.264-CRFW.mkv,Modern Family,2009,1442437,9,17,,,
710,1014,162,1230,474,1086,282,1032,282,0.922,18360,0,"[-0.9804924726486206, -2.367075204849243, -1.137192964553833, -1.549686312675476, 0.38663721084594727, 1.0985314846038818, -0.3354143798351288, 1.4465553760528564, 0.6584890484809875, -1.0188393592834473, 0.47161775827407837, -0.49676790833473206, -0.7268945574760437, 0.2436930239200592, 0.728107213973999, -0.1499607115983963, -0.8009892702102661, -0.7310962080955505, -0.20115461945533752, -1.6945782899856567, 0.20396161079406738, -1.9608246088027954, 1.235302448272705, -2.0267841815948486, -1.0684987306594849, -0.170745849609375, 1.056212067604065, -2.0745506286621094, -1.2014795541763306, 0.1527690440416336, -0.7889459133148193, 1.1085788011550903, 0.6230934262275696, -0.29428428411483765, -0.030637960880994797, 1.3813414573669434, -0.28856930136680603, 0.8082721829414368, 1.1738612651824951, -1.0272608995437622, 1.942981243133545, 0.6434849500656128, -2.2981114387512207, -2.110192060470581, 0.38373178243637085, -1.3379911184310913, -0.16819143295288086, 1.2908132076263428, -0.07844967395067215, 0.027560623362660408, -0.41390901803970337, 0.2135179191827774, -0.6127384901046753, 0.6905280351638794, 1.307031512260437, -1.0754371881484985, 0.20137973129749298, 1.4841197729110718, -0.576221764087677, -1.593633770942688, 0.08884405344724655, -2.188554048538208, 0.06449998915195465, 1.3536205291748047, 1.0378433465957642, -1.0958112478256226, -0.6948950290679932, 0.4167465567588806, -0.9326590895652771, -0.6286824941635132, -0.9795475602149963, 1.42292058467865, -2.1955792903900146, 0.6189115643501282, 0.6279283165931702, -1.1804687976837158, -1.991479516029358, 1.1488006114959717, -0.9995099902153015, -0.5232473015785217, -2.9125187397003174, 0.06958018243312836, 0.0858350321650505, -1.1020978689193726, -1.0364183187484741, -0.0987716019153595, 0.7508452534675598, 0.11866775155067444, -2.12931489944458, -1.2389285564422607, 0.04445676505565643, -0.33733507990837097, 0.3292219638824463, 0.19733157753944397, 0.19084884226322174, 1.0595871210098267, -0.5647902488708496, 0.5298393964767456, -0.17830388247966766, 0.6505601406097412, -1.3479267358779907, -0.15535223484039307, -0.9486597776412964, 0.7405992746353149, 0.5654311776161194, 0.4910183548927307, -0.1660911589860916, -0.4451976716518402, 0.626641571521759, 0.9629680514335632, -0.6575428247451782, -0.9928253293037415, 0.6069597005844116, -1.1066381931304932, -0.8214837908744812, 1.3567205667495728, 0.479737251996994, -0.7881913185119629, -1.1490181684494019, -0.7485427260398865, -1.967407464981079, 1.0724822282791138, 1.366002082824707, -0.42023369669914246, -1.114151954650879, 0.06097490340471268, -2.0930392742156982, 0.4435309171676636]",yunet,Facenet,1920,1080,/home/amos/media/tv/modern_family/Modern.Family.S09.1080p.DSNP.WEB-DL.DDP5.1.H.264-CRFW/Modern.Family.S09E17.Royal.Visit.1080p.DSNP.WEB-DL.DDP5.1.H.264-CRFW.mkv,Modern Family,2009,1442437,9,17,Chris Geere,62879.0,0.75
711,462,318,636,534,600,402,528,402,0.91,18360,1,"[-0.822087287902832, -1.1131795644760132, 0.23530156910419464, 2.3628435134887695, 1.702786922454834, 0.05013266205787659, 0.1772543340921402, -1.741478443145752, 1.5935571193695068, 0.25470995903015137, -0.8127472400665283, 1.0064164400100708, 1.1831657886505127, 0.8312267065048218, 0.4444325268268585, -0.2727365493774414, 0.8045954704284668, -0.2865041494369507, -2.208543300628662, -0.5611261129379272, -0.9860273599624634, -0.19316783547401428, 0.6541011333465576, 0.13867810368537903, 0.9522075653076172, -0.06999794393777847, 1.4092053174972534, -0.4688829183578491, 1.7089322805404663, -0.0018657855689525604, 0.8299305438995361, -2.6535732746124268, -1.18803071975708, -1.0631043910980225, 1.1274406909942627, -1.4930778741836548, -0.978077232837677, 1.3689745664596558, -0.47432535886764526, -0.09808692336082458, -0.8158641457557678, -0.7892691493034363, 1.0941017866134644, 1.6471987962722778, -0.4278319180011749, 0.15221355855464935, 0.5349048376083374, -0.3761588931083679, 0.06008569896221161, 0.17890791594982147, -1.257472038269043, 1.139338731765747, -0.09713771194219589, 0.04837310314178467, 1.4482159614562988, -0.10294952243566513, 2.1490490436553955, 0.9506038427352905, -0.10809767246246338, 0.5744665861129761, 0.36875030398368835, 0.8955007195472717, 0.49320220947265625, 0.6160925626754761, -0.1498243808746338, 2.09128737449646, -1.7524691820144653, 0.7591031789779663, -1.3775808811187744, 0.0727480873465538, -0.2877548336982727, 0.6013504266738892, -0.7767326235771179, 0.13517041504383087, -0.5861169695854187, -0.006277114152908325, 0.05750322341918945, -1.2231709957122803, 0.11813569813966751, -0.43700432777404785, -0.9280656576156616, 0.06172158941626549, 1.954841136932373, 1.7908689975738525, -0.7319799661636353, -0.7153582572937012, 0.4334533214569092, -0.8077845573425293, -0.782179594039917, -2.9312350749969482, 0.0044616758823394775, -0.9438006281852722, 0.6676360368728638, -1.2817987203598022, 1.1148074865341187, 0.8628277778625488, -0.37652304768562317, 1.3939627408981323, -0.09948140382766724, -2.0412423610687256, 0.22844843566417694, 0.5229275822639465, -1.254967451095581, 1.9600603580474854, 1.7423193454742432, 0.7803614139556885, -0.3441023826599121, -1.434726595878601, 1.248722791671753, -1.9147735834121704, 0.8969868421554565, 0.24296605587005615, 1.6482826471328735, -0.35798323154449463, -1.1732969284057617, 0.04308293014764786, -0.7168358564376831, 2.245096206665039, 0.3519706130027771, -0.17752374708652496, 1.5871078968048096, 0.3203270733356476, 1.156057357788086, -1.5495920181274414, -0.21227715909481049, 0.6408723592758179, 0.8766303062438965, -0.8946537375450134]",yunet,Facenet,1920,1080,/home/amos/media/tv/modern_family/Modern.Family.S09.1080p.DSNP.WEB-DL.DDP5.1.H.264-CRFW/Modern.Family.S09E17.Royal.Visit.1080p.DSNP.WEB-DL.DDP5.1.H.264-CRFW.mkv,Modern Family,2009,1442437,9,17,,,
712,1104,156,1320,444,1218,264,1140,270,0.928,18384,0,"[-0.6165169477462769, -2.3548941612243652, -1.068088173866272, -0.6752929091453552, 0.1089969053864479, 0.49959757924079895, -1.2346082925796509, 0.8844107389450073, 1.6801789999008179, -0.7146229147911072, 0.6592989563941956, -0.760906994342804, -0.8573729991912842, 0.42225024104118347, 0.25856196880340576, -1.3809922933578491, -0.5784687995910645, -0.37797147035598755, -0.05347011238336563, -1.1932196617126465, -0.6176155805587769, -1.9955440759658813, 1.1861127614974976, -1.8150582313537598, -0.6689628958702087, -0.4891912341117859, 0.8916095495223999, -1.5441006422042847, -1.0061980485916138, -0.4123553931713104, -0.9902195930480957, 0.5373926162719727, -0.34861019253730774, -0.08922179043292999, -1.0154882669448853, 2.42590069770813, -0.760443389415741, 0.9242558479309082, 0.7784362435340881, -2.0623888969421387, 1.8324811458587646, 0.3121848404407501, -1.7968307733535767, -1.368600606918335, 0.2730505168437958, -1.4416042566299438, 1.0317115783691406, 1.1935352087020874, -0.7502522468566895, 0.6063477993011475, 0.2695843577384949, 0.8054786324501038, -0.8257458806037903, 0.36669832468032837, 1.134231448173523, -1.5173646211624146, -0.22792594134807587, 2.562069892883301, -0.824049174785614, -0.9611164331436157, 0.1940365731716156, -3.083017110824585, 0.35647132992744446, 0.8175347447395325, 2.120316982269287, -0.6228445172309875, -1.2545429468154907, 0.10248740017414093, -1.0557976961135864, -1.1999019384384155, -0.9930900931358337, 0.12194016575813293, -2.778388738632202, 0.7413169145584106, -0.26185283064842224, -0.352150022983551, -2.0178253650665283, 0.19831465184688568, -0.4688098132610321, -0.6278684139251709, -2.171367883682251, 0.37095627188682556, 2.302534341812134, 0.13249088823795319, -1.799200415611267, 0.03303141891956329, 0.9885613918304443, 0.8332903385162354, -1.3927794694900513, -2.0421316623687744, -0.42791953682899475, -0.7583005428314209, 0.496874064207077, 0.9498986005783081, 0.3231990337371826, 1.010655164718628, -2.2205827236175537, 0.13314272463321686, -0.16383962333202362, 0.9332194924354553, -1.1125308275222778, 0.6990553736686707, -0.7223562598228455, 0.17555232346057892, -0.6776629686355591, 0.7739384770393372, -0.12868328392505646, 0.541368842124939, 0.885524570941925, -0.7283632755279541, -0.6055558919906616, -0.6892106533050537, 0.3045750856399536, -0.6746922731399536, -0.15124237537384033, 1.257819414138794, 0.792151689529419, -1.0852432250976562, -1.2147399187088013, -0.07359051704406738, -2.285581350326538, 1.2445130348205566, 0.8272810578346252, -0.6287387013435364, -1.1523325443267822, 0.6091085076332092, -0.950219452381134, -0.1775701493024826]",yunet,Facenet,1920,1080,/home/amos/media/tv/modern_family/Modern.Family.S09.1080p.DSNP.WEB-DL.DDP5.1.H.264-CRFW/Modern.Family.S09E17.Royal.Visit.1080p.DSNP.WEB-DL.DDP5.1.H.264-CRFW.mkv,Modern Family,2009,1442437,9,17,Chris Geere,62879.0,0.808
713,474,312,648,528,618,402,540,402,0.91,18384,1,"[-0.11417967081069946, -1.4485127925872803, 0.5815863609313965, 2.193747043609619, 1.782313346862793, -0.26154467463493347, 0.49904781579971313, -1.0323536396026611, 1.3210619688034058, 0.3963078260421753, -1.4312939643859863, 0.8251470327377319, 1.734737515449524, 1.0891486406326294, 0.5778647065162659, 0.34002548456192017, 0.4883069694042206, -0.20318952202796936, -2.1239190101623535, -1.1277220249176025, -1.0926114320755005, -0.36634376645088196, 0.7410566210746765, 0.08797874301671982, 0.6679121255874634, -0.45705270767211914, 1.2970161437988281, -0.12915998697280884, 1.3763718605041504, 0.9926053285598755, 0.5443983674049377, -2.811793327331543, -1.1825565099716187, -1.2363319396972656, 1.0195603370666504, -2.0801472663879395, -0.8043541312217712, 1.7426810264587402, -0.6413661241531372, 0.5873008966445923, -0.80534428358078, -0.6168787479400635, 1.6289551258087158, 1.5411871671676636, -0.6266359686851501, 0.47380879521369934, 0.47346487641334534, -0.3327217102050781, 0.17649726569652557, 0.27451711893081665, -1.2757447957992554, 1.272009015083313, -0.025559373199939728, -0.21760156750679016, 1.6959162950515747, -0.2627139687538147, 1.807242512702942, 1.5511281490325928, -0.039100341498851776, 1.0286293029785156, 0.13198208808898926, 1.1366889476776123, 0.4179668128490448, 1.1663954257965088, -0.48733755946159363, 1.5293549299240112, -2.431063652038574, 0.4937644600868225, -1.2653419971466064, -0.13033729791641235, 0.2732637822628021, 0.6048420667648315, -0.2008194625377655, -0.05401557683944702, -0.0447690449655056, 0.04019545391201973, -0.3376661539077759, -0.38670140504837036, 0.2807430624961853, -0.670188844203949, -0.982505738735199, -0.12332606315612793, 2.119669198989868, 1.1266132593154907, -0.9325171709060669, -1.0103834867477417, 0.26485803723335266, -1.1592069864273071, -0.752934455871582, -3.0404000282287598, 0.07551580667495728, -0.49649778008461, 0.3354630470275879, -1.3094229698181152, 1.2698729038238525, 1.1996946334838867, -0.7081332802772522, 0.8484063744544983, -0.2579064965248108, -1.9820880889892578, 0.3717848062515259, 1.342862606048584, -1.2785732746124268, 1.3077356815338135, 1.4892140626907349, 0.08712572604417801, -0.24116063117980957, -1.797329068183899, 0.8385711312294006, -1.7022970914840698, 1.004845380783081, 0.37055861949920654, 1.275322675704956, -0.5166889429092407, -1.4127087593078613, 0.018090948462486267, -0.1633848398923874, 2.4628231525421143, -0.46861228346824646, -0.5466428399085999, 1.7754483222961426, 0.030763505026698112, 1.218300700187683, -1.9610874652862549, -1.1271501779556274, 0.7623060941696167, 0.3027622699737549, -1.3100825548171997]",yunet,Facenet,1920,1080,/home/amos/media/tv/modern_family/Modern.Family.S09.1080p.DSNP.WEB-DL.DDP5.1.H.264-CRFW/Modern.Family.S09E17.Royal.Visit.1080p.DSNP.WEB-DL.DDP5.1.H.264-CRFW.mkv,Modern Family,2009,1442437,9,17,,,
714,828,180,1050,486,912,300,852,306,0.924,18408,0,"[-0.14390943944454193, -2.8113203048706055, -0.20510956645011902, -1.4456321001052856, -0.40652990341186523, 1.3609334230422974, 0.14332930743694305, 0.48651227355003357, 0.8250768184661865, -1.3391590118408203, 0.04929701238870621, -1.2092796564102173, -0.5845527052879333, 0.6975399255752563, -0.25851690769195557, -0.9932888150215149, -0.3203475773334503, -1.241418719291687, -0.5029324889183044, -1.795798659324646, -0.02355577051639557, -1.8882848024368286, 1.425826072692871, -2.506096601486206, -0.8537355661392212, -0.11196579784154892, 1.3817750215530396, -2.097778797149658, -0.44646137952804565, 0.5851706862449646, -0.9191582202911377, 1.2247635126113892, -0.2487063854932785, -0.04286595806479454, -0.5186678767204285, 1.1549280881881714, -0.20891797542572021, 0.36827877163887024, 1.494673728942871, -1.2834115028381348, 1.9938647747039795, 0.05765879899263382, -2.2526631355285645, -2.332482099533081, 0.6611022353172302, -1.8367735147476196, 0.3897002637386322, 0.9040296077728271, -0.6470012068748474, -0.03630026429891586, -0.6189106702804565, -0.3859022855758667, -0.9051505923271179, 0.6077740788459778, 0.7198156714439392, -1.7800945043563843, 0.8306271433830261, 1.8638056516647339, -0.5945850014686584, -1.451096773147583, -0.3025646209716797, -3.277928352355957, 0.9960957765579224, 1.3261357545852661, 0.4431295394897461, -0.3417239785194397, -0.32194676995277405, 0.23425932228565216, -1.420471429824829, -0.9137924909591675, -1.164215326309204, 1.3650851249694824, -1.3785982131958008, 0.4602605700492859, 0.832711935043335, -0.46645382046699524, -1.9580894708633423, 0.9908194541931152, 0.18231576681137085, -0.6975024342536926, -2.853581666946411, 0.8259963989257812, 0.2819380760192871, -1.5973527431488037, -1.4560844898223877, 0.008052848279476166, 0.5221632719039917, -0.49917352199554443, -1.4857501983642578, -0.7144937515258789, 0.3068072199821472, -0.12079224735498428, -0.11026915907859802, -0.14487168192863464, 0.2582293450832367, 1.904425859451294, -1.5706825256347656, 0.8011459708213806, -0.27031752467155457, -0.1904386579990387, -0.6724028587341309, 0.08034604042768478, -0.5217807292938232, 0.5209907293319702, 0.4527531862258911, 1.281463861465454, -0.6619958281517029, -0.2971019446849823, 0.6131545305252075, -0.13854506611824036, -0.6632203459739685, -0.5850080251693726, 0.8185302019119263, -1.4002735614776611, -0.34921079874038696, 1.0609782934188843, 0.05960575491189957, -1.0715116262435913, -1.4893643856048584, -0.4785362184047699, -2.090076446533203, 0.8645883798599243, 1.568228840827942, -0.5836569666862488, -1.3092008829116821, 0.9542868733406067, -1.4463788270950317, -0.4354170858860016]",yunet,Facenet,1920,1080,/home/amos/media/tv/modern_family/Modern.Family.S09.1080p.DSNP.WEB-DL.DDP5.1.H.264-CRFW/Modern.Family.S09E17.Royal.Visit.1080p.DSNP.WEB-DL.DDP5.1.H.264-CRFW.mkv,Modern Family,2009,1442437,9,17,Chris Geere,62879.0,0.729
715,474,312,660,540,630,408,552,408,0.913,18408,1,"[-0.17497754096984863, -0.8613154888153076, 0.5862419605255127, 2.1848576068878174, 1.958192229270935, 0.15067657828330994, 0.1778516173362732, -1.4273123741149902, 1.1098018884658813, 0.831493616104126, -1.1630589962005615, 0.9489691257476807, 1.0606306791305542, 0.8347313404083252, 0.6052217483520508, -0.626732349395752, 1.3448739051818848, -0.9108240008354187, -2.0721168518066406, -0.9495235681533813, -1.9902681112289429, 0.15805953741073608, 0.11884931474924088, 0.08023461699485779, 0.7110832929611206, -0.5130620002746582, 2.090043544769287, -0.6212470531463623, 1.483801245689392, 0.43604323267936707, -0.04016393423080444, -2.4673616886138916, -1.3050293922424316, -1.7830134630203247, 0.6755217909812927, -0.8615289926528931, -0.3947523534297943, 1.6327447891235352, -1.0685608386993408, -0.5100224018096924, -0.3309266269207001, -1.284976840019226, 0.9804086685180664, 2.6573634147644043, -0.6464750170707703, 0.05750693753361702, 0.7680567502975464, -1.2224981784820557, -0.4088314175605774, 0.0027301646769046783, -1.3531099557876587, 0.5315890312194824, 0.4211520552635193, -0.22143696248531342, 0.7304655909538269, -0.6913394927978516, 1.6897817850112915, 0.4839050769805908, -0.24865904450416565, 0.40598294138908386, -0.5424428582191467, 0.8590707182884216, 0.08355399966239929, 0.6095559000968933, -0.22971880435943604, 1.8043994903564453, -1.994300365447998, 0.2425628900527954, -0.9350581765174866, 0.07013094425201416, -0.1067962646484375, 0.40661343932151794, -0.9825751185417175, 0.032405972480773926, 0.21233882009983063, 0.7183598875999451, -0.019496768712997437, -0.874282717704773, 0.9314278960227966, -0.1538703590631485, -0.22601038217544556, 0.40967392921447754, 1.0816714763641357, 1.354515790939331, -0.26981425285339355, -0.7865408658981323, 0.7700963616371155, -0.8320310711860657, -0.8470820188522339, -2.4590930938720703, -0.2972828447818756, -0.6203842163085938, 0.48055341839790344, -1.8704913854599, 0.905397891998291, 0.9421865344047546, -0.2966485321521759, 0.9668073654174805, -0.1119450107216835, -1.7376649379730225, -0.10582606494426727, 0.7605180144309998, -1.3986443281173706, 1.0056623220443726, 1.4969897270202637, 0.6309146285057068, -0.18790049850940704, -2.1067075729370117, 1.6316269636154175, -1.6709595918655396, 0.3929465413093567, 0.6117908358573914, 1.2086952924728394, -0.23682662844657898, -1.7215662002563477, -0.22426742315292358, -1.504408359527588, 2.120861768722534, 0.35522574186325073, 0.6077624559402466, 1.4842089414596558, -0.6229737997055054, 0.8031535148620605, -0.9836539626121521, -0.043274909257888794, 1.2142292261123657, 1.5536514520645142, -0.3045850396156311]",yunet,Facenet,1920,1080,/home/amos/media/tv/modern_family/Modern.Family.S09.1080p.DSNP.WEB-DL.DDP5.1.H.264-CRFW/Modern.Family.S09E17.Royal.Visit.1080p.DSNP.WEB-DL.DDP5.1.H.264-CRFW.mkv,Modern Family,2009,1442437,9,17,,,
716,1014,186,1236,498,1122,300,1050,300,0.919,18432,0,"[-0.9029992818832397, -2.4481585025787354, -1.2272692918777466, -0.8231763243675232, 0.2688993513584137, 0.32314333319664, 0.16725310683250427, 0.6949375867843628, 0.3927830159664154, -0.20524880290031433, 1.1032570600509644, -0.4296218752861023, 0.38212287425994873, 0.10944946110248566, 0.2636738419532776, -0.3899029493331909, -0.44348546862602234, -0.4379670023918152, -0.2336067259311676, -1.523138403892517, -0.7179696559906006, -2.486076831817627, 0.657403826713562, -2.3720593452453613, -0.6291236281394958, 0.2565944790840149, 1.0880732536315918, -1.0508009195327759, -0.9747195243835449, 0.18821842968463898, 0.06568154692649841, 1.1044551134109497, -0.01756630465388298, -0.5320154428482056, 0.03511691838502884, 0.32392317056655884, -0.48118457198143005, 0.6517295837402344, 1.573857069015503, -1.0605062246322632, 2.165602922439575, 0.7937194108963013, -1.1348540782928467, -1.5124152898788452, 0.8759027719497681, -2.32746958732605, 0.6653658747673035, 0.525871992111206, 0.584928035736084, -0.004188459366559982, -0.912095308303833, 1.1081379652023315, -1.128751277923584, 0.7572469115257263, 0.5867963433265686, -1.321535587310791, 0.6296765804290771, 2.1906416416168213, -0.5758708715438843, -0.7400332093238831, 0.9383344054222107, -2.867443323135376, 1.5479642152786255, 0.9246010184288025, 0.6772827506065369, -0.8848518133163452, -0.8143835663795471, 0.03633415699005127, -0.1849808394908905, -0.9543297290802002, -1.301537275314331, 0.7669051885604858, -2.411072015762329, 0.816571056842804, 0.46881482005119324, -1.4139344692230225, -1.5709350109100342, 0.6076862812042236, 0.1496260166168213, -0.902797520160675, -1.4277727603912354, 0.3169586658477783, 1.0734525918960571, -1.2197645902633667, -2.1667065620422363, -0.0022209063172340393, -0.06658849120140076, -0.1392572671175003, -2.151883840560913, -0.7043140530586243, -1.2448148727416992, -1.2863597869873047, 0.08231215178966522, 0.48001745343208313, 0.3959586024284363, 1.2120572328567505, -2.021251916885376, 0.5785263776779175, -0.24419952929019928, 0.5623466372489929, -1.2605385780334473, 0.7791286706924438, -0.28151869773864746, 0.6294203400611877, 0.6004220247268677, 1.663765549659729, -0.6599266529083252, 0.07719465345144272, -0.8696182370185852, -0.09027238935232162, -0.17051036655902863, 0.6711404919624329, 0.5073457360267639, -1.2566277980804443, -0.3112194240093231, 1.2266916036605835, 0.03697936609387398, -1.906977653503418, -1.5057976245880127, -0.4016214907169342, -1.765740990638733, 0.6678107976913452, 1.4301748275756836, -0.05559813231229782, -1.6995882987976074, 0.47629669308662415, -1.4344686269760132, -0.2201240360736847]",yunet,Facenet,1920,1080,/home/amos/media/tv/modern_family/Modern.Family.S09.1080p.DSNP.WEB-DL.DDP5.1.H.264-CRFW/Modern.Family.S09E17.Royal.Visit.1080p.DSNP.WEB-DL.DDP5.1.H.264-CRFW.mkv,Modern Family,2009,1442437,9,17,Chris Geere,62879.0,0.746
717,492,336,672,552,636,426,558,426,0.905,18432,1,"[-0.5109760761260986, -0.01729465276002884, 0.01811021752655506, 2.328291654586792, 2.037846088409424, 0.0781020000576973, 0.19268257915973663, -0.7148948311805725, 0.6825471520423889, 1.3264214992523193, -1.0667550563812256, 0.839216947555542, 0.9822881817817688, 0.19100156426429749, 0.8057712316513062, -0.12483234703540802, 0.40647149085998535, -0.2578180432319641, -2.104386568069458, -0.18320013582706451, -2.2057697772979736, 1.1096469163894653, 0.2638882100582123, 1.3834730386734009, 0.36916476488113403, 0.7441985011100769, 0.4533134698867798, -0.21114441752433777, 2.5641930103302, 0.4456964433193207, 0.8533340692520142, -2.7088544368743896, -1.767440915107727, -1.6683473587036133, 1.903290867805481, -0.8820056915283203, -1.0291515588760376, 2.1680362224578857, -1.3887031078338623, 0.22492699325084686, -0.6314985156059265, 0.06919439136981964, 1.6172696352005005, 2.9749763011932373, 0.3221568763256073, -0.4247828722000122, 0.8150405883789062, -0.17318397760391235, 0.2921793460845947, 0.8360942602157593, -0.3265950083732605, 0.9777257442474365, 0.8689370155334473, 0.33804255723953247, -1.1067901849746704, -0.04850762337446213, 1.4988901615142822, -0.013636616989970207, -1.482244849205017, 1.0579994916915894, -0.09398046135902405, 1.5984318256378174, -1.1907808780670166, 0.5146729350090027, -0.9505932927131653, 1.4831576347351074, -1.5341876745224, -0.02981085702776909, 0.4278560280799866, -0.1501462310552597, 0.31945520639419556, -0.1057167798280716, -0.28552910685539246, -0.1979236900806427, 0.7965459823608398, -0.5713107585906982, 0.08207711577415466, -0.4825865626335144, -0.049378275871276855, 0.031004369258880615, 0.000806368887424469, -0.21239498257637024, 1.4535027742385864, 0.7511144280433655, -1.1098277568817139, -0.021579250693321228, 1.534414291381836, -0.18612979352474213, 0.696118950843811, -2.1030213832855225, -1.0065449476242065, -0.09912882000207901, 0.12281045317649841, -1.1648870706558228, 1.8623689413070679, 1.2974613904953003, -0.34199389815330505, -0.6947603821754456, 0.006797153502702713, -1.379673719406128, 0.3954121470451355, 1.7714219093322754, -1.7894980907440186, 0.780015230178833, 1.9854295253753662, -0.2131148725748062, 0.5421168804168701, -1.7330057621002197, 2.4192771911621094, -1.7576862573623657, 0.5073940753936768, 0.5914451479911804, 0.30088043212890625, 0.7328808307647705, -1.718174934387207, 0.23564362525939941, -1.2936879396438599, 1.5898696184158325, -0.25511083006858826, -0.7799585461616516, 1.4739468097686768, -1.0900428295135498, 0.335050106048584, -1.3057879209518433, -0.0898975133895874, 0.28497743606567383, 1.25603449344635, -0.9055930972099304]",yunet,Facenet,1920,1080,/home/amos/media/tv/modern_family/Modern.Family.S09.1080p.DSNP.WEB-DL.DDP5.1.H.264-CRFW/Modern.Family.S09E17.Royal.Visit.1080p.DSNP.WEB-DL.DDP5.1.H.264-CRFW.mkv,Modern Family,2009,1442437,9,17,Sarah Hyland,91351.0,0.531
718,522,324,702,552,648,414,576,408,0.922,18456,0,"[0.4737027883529663, -0.13246038556098938, 0.31535255908966064, 2.074653148651123, 1.718968391418457, -0.09723599255084991, 0.2776656150817871, -1.7253215312957764, 0.6373786926269531, 1.848549246788025, -0.9166202545166016, 0.8468623757362366, 1.0266939401626587, 1.1117299795150757, 0.5943930149078369, 0.6048191785812378, 1.0432143211364746, -1.9651226997375488, -2.0981056690216064, 0.03919108957052231, -1.403299331665039, 0.9126399755477905, 0.32498034834861755, 0.22663795948028564, 0.7476288676261902, 0.11358720064163208, 2.6566545963287354, 0.26328006386756897, 2.090691089630127, 0.5441656112670898, -0.7719740867614746, -1.6598021984100342, -1.5059850215911865, -1.6948497295379639, 1.6252108812332153, -0.5805879235267639, -1.04244863986969, 0.5443947911262512, -0.5149770379066467, -0.20591455698013306, -1.2048304080963135, -1.3528581857681274, 0.39406704902648926, 2.1771481037139893, 0.27823904156684875, -0.00570451095700264, 0.27691343426704407, -0.7866615056991577, -0.4599759578704834, 0.8020795583724976, -1.6156620979309082, 1.230339527130127, 0.26488208770751953, 0.07108719646930695, -0.3821931481361389, -0.2907249927520752, 1.9669384956359863, 0.7486507296562195, -0.2713896334171295, 0.711760938167572, -0.599105954170227, 1.0904088020324707, 0.27327316999435425, 0.4006626307964325, -0.7088446021080017, 1.758807897567749, -0.8283693194389343, -0.3404162526130676, -0.05174141377210617, -0.040681179612874985, -0.18519379198551178, -0.0654841959476471, -0.37308236956596375, 0.5194123387336731, 0.6122926473617554, -0.13720841705799103, 0.9203653335571289, -1.4408857822418213, 1.015214204788208, -0.4959184527397156, -0.11237189173698425, 0.36958345770835876, 1.8053544759750366, 1.3904945850372314, 0.12599873542785645, -1.2452118396759033, 0.7099068760871887, -1.3367743492126465, 0.46110984683036804, -2.74666690826416, -1.3535182476043701, -0.25028759241104126, 0.8749391436576843, -1.535955548286438, 1.6287128925323486, 1.1259242296218872, -0.5110024809837341, 0.3960830569267273, -1.201535701751709, -1.6698460578918457, -0.04989855736494064, 1.0050342082977295, -1.9198817014694214, 1.1206780672073364, 1.7160884141921997, 0.5105112195014954, 0.6271654367446899, -1.1109912395477295, 1.8921294212341309, -1.2442259788513184, 1.5058128833770752, 0.7431261539459229, 1.1411951780319214, 0.5852490067481995, -0.9412261843681335, 0.35019469261169434, -0.7859789133071899, 2.5093131065368652, -0.18037623167037964, -0.003825899213552475, 2.4918899536132812, -0.31589898467063904, 0.7150071859359741, -1.544330358505249, 0.3478599190711975, 1.126365303993225, 1.8053792715072632, -0.6767436265945435]",yunet,Facenet,1920,1080,/home/amos/media/tv/modern_family/Modern.Family.S09.1080p.DSNP.WEB-DL.DDP5.1.H.264-CRFW/Modern.Family.S09E17.Royal.Visit.1080p.DSNP.WEB-DL.DDP5.1.H.264-CRFW.mkv,Modern Family,2009,1442437,9,17,Sarah Hyland,91351.0,0.584
719,1008,150,1212,438,1086,252,1032,246,0.918,18456,1,"[-0.008048482239246368, -2.6219191551208496, -0.8267079591751099, -1.3664097785949707, -0.5185209512710571, 1.2143802642822266, -0.3467766046524048, -0.20112083852291107, 1.2681255340576172, -1.4733809232711792, 0.5845462679862976, -0.6006187796592712, -0.6055775284767151, 0.2602648437023163, -0.38616111874580383, -0.15437906980514526, -0.3410124182701111, -0.9665098190307617, -0.4076029062271118, -0.9469932317733765, 0.7043322324752808, -1.5948023796081543, 0.7483155727386475, -2.2520484924316406, -0.10749420523643494, 0.19059550762176514, 2.096144676208496, -2.2173070907592773, -0.28743064403533936, 0.595898449420929, -1.1306674480438232, 1.5318310260772705, 0.14958688616752625, 0.20754486322402954, -0.651934802532196, 1.8859553337097168, -0.41957300901412964, -0.07591887563467026, 0.9290968775749207, -0.8934518098831177, 2.283137798309326, 0.41761842370033264, -2.532226085662842, -1.7820160388946533, 0.5702234506607056, -2.3922741413116455, -0.08696873486042023, 0.9487490653991699, 0.2523186206817627, -0.37925124168395996, 0.33805614709854126, -1.5136699676513672, -0.6015066504478455, 0.2184935063123703, 1.3933172225952148, -1.7913477420806885, 1.0755239725112915, 1.4846687316894531, 0.14718499779701233, -1.4101245403289795, -0.35146790742874146, -2.700896978378296, 0.35782691836357117, 0.5918530821800232, 0.9069190621376038, -0.28954410552978516, -0.12385868281126022, -0.0877714604139328, -1.8248283863067627, -0.8067871332168579, -1.2436493635177612, 1.3571863174438477, -1.3956230878829956, 0.4198545217514038, 0.9293274283409119, -1.0127280950546265, -1.0846996307373047, 1.4616203308105469, 0.12411656230688095, -0.6054612994194031, -3.764056921005249, 0.5580195188522339, 0.5078490376472473, -1.2505844831466675, -1.1411811113357544, 0.6497201919555664, 0.4455084204673767, -0.09403926134109497, -0.7015143632888794, -0.8809992074966431, 0.7803083062171936, 0.446176141500473, -0.09973245114088058, -0.1976773738861084, 0.3776753842830658, 1.1936311721801758, -0.8011773228645325, -0.2066764533519745, -0.29032060503959656, 0.15207460522651672, -0.18086209893226624, -0.09646777808666229, -0.6395374536514282, 0.19298480451107025, 0.6957624554634094, 0.7059060335159302, -0.09447623789310455, 0.24467353522777557, 0.7862036824226379, 0.19746272265911102, -0.05631522089242935, -1.1560745239257812, 0.8649446964263916, -1.205636739730835, -0.07694593071937561, 1.1318773031234741, 0.47647449374198914, -0.1246555894613266, -0.7336136698722839, -0.4586043357849121, -1.5112751722335815, 1.0453147888183594, 1.6573768854141235, -1.0065809488296509, -0.6455239057540894, 0.46666285395622253, -1.4562228918075562, -0.5583088994026184]",yunet,Facenet,1920,1080,/home/amos/media/tv/modern_family/Modern.Family.S09.1080p.DSNP.WEB-DL.DDP5.1.H.264-CRFW/Modern.Family.S09E17.Royal.Visit.1080p.DSNP.WEB-DL.DDP5.1.H.264-CRFW.mkv,Modern Family,2009,1442437,9,17,Chris Geere,62879.0,0.662
720,852,150,1092,480,978,276,876,282,0.917,18480,0,"[-0.4361073672771454, 1.5581026077270508, -0.7003714442253113, -1.0536787509918213, 2.0259158611297607, -0.7016755938529968, -0.6609627604484558, 1.2322514057159424, -0.7276975512504578, -0.9906501770019531, 3.041907548904419, 1.0118929147720337, 0.18091978132724762, -0.9059203863143921, 0.7736332416534424, 0.023483991622924805, 1.2018961906433105, -1.621411919593811, -1.0867563486099243, 0.6379494667053223, -0.04389723762869835, -0.1840021312236786, 0.3232648968696594, -0.6372867822647095, -0.7850707769393921, 0.4843904376029968, -1.4794529676437378, 0.6107160449028015, -0.7554745674133301, -3.1083078384399414, 0.5371494889259338, -0.180952787399292, -0.3671247661113739, -0.6881950497627258, 0.2268170267343521, 1.571786642074585, -0.34813177585601807, 0.42022013664245605, 0.9803669452667236, -0.08093598484992981, -1.6068875789642334, 0.9114906787872314, 0.8881186246871948, -0.6803497076034546, -1.6909592151641846, 0.09538164734840393, -0.7322321534156799, -0.5810644626617432, -0.6191161870956421, 0.14135903120040894, 0.31289544701576233, -0.7875135540962219, -0.2504645884037018, 0.5320537686347961, 0.0373341329395771, -0.5525384545326233, 1.0572060346603394, -0.0749259814620018, -0.725867509841919, -0.5499041676521301, -0.6717072129249573, -1.655129075050354, 0.4632872939109802, 0.013369728811085224, 0.5156043767929077, -2.283637285232544, -0.39188352227211, -1.2741987705230713, 0.2460079789161682, 1.41042160987854, -0.2701050341129303, 1.72062087059021, -4.543668746948242, 1.9955941438674927, 0.16493947803974152, 0.8975706696510315, 0.4524107873439789, 0.7593980431556702, -0.6700707077980042, 0.48119544982910156, 0.6900882720947266, 0.9496761560440063, -0.4256834089756012, -1.3697577714920044, -0.3511228561401367, 0.15652962028980255, 0.24641846120357513, -1.0096067190170288, -2.710174798965454, -0.7415292263031006, -0.09246290475130081, -2.6653172969818115, 0.2077103555202484, -0.6445712447166443, 0.11313880980014801, -1.111962914466858, -1.0632895231246948, 1.0268900394439697, 1.1180088520050049, -1.1161205768585205, -1.7389425039291382, -3.009860038757324, -0.34916841983795166, 1.6680450439453125, -0.0437035970389843, 0.23066411912441254, 0.4485594630241394, -0.8073322772979736, -0.07826095819473267, 0.9034976959228516, 0.946078896522522, -0.33288681507110596, 0.8256438970565796, 1.4622738361358643, 0.7660022974014282, 0.42100319266319275, 0.48761186003685, -1.4644335508346558, 0.2955102324485779, 0.7850937247276306, -0.28700441122055054, -0.41622239351272583, -0.39020025730133057, -0.008125829510390759, -0.821269154548645, -0.3918096125125885, -1.642923355102539, 0.22228334844112396]",yunet,Facenet,1920,1080,/home/amos/media/tv/modern_family/Modern.Family.S09.1080p.DSNP.WEB-DL.DDP5.1.H.264-CRFW/Modern.Family.S09E17.Royal.Visit.1080p.DSNP.WEB-DL.DDP5.1.H.264-CRFW.mkv,Modern Family,2009,1442437,9,17,Julie Bowen,31171.0,0.623
721,756,246,990,546,942,366,840,366,0.917,18600,0,"[-2.3471553325653076, -1.875813603401184, 0.08268161118030548, 2.29799485206604, 1.0927406549453735, -0.48227837681770325, 1.62748384475708, -1.4863265752792358, -1.2833319902420044, 2.189785957336426, -0.33862513303756714, 0.944290280342102, 1.4663865566253662, -0.9975782632827759, -0.6598150730133057, 0.6259528398513794, 1.1162388324737549, -1.705306053161621, -1.5056761503219604, 1.4921613931655884, 0.9329041242599487, -0.3464234471321106, 0.4756318926811218, 0.3303624391555786, -0.5454383492469788, 1.5938594341278076, 2.087918758392334, 0.25337475538253784, 1.9959876537322998, 0.916772186756134, 0.7917325496673584, -0.5163939595222473, -0.11007433384656906, -1.5749017000198364, 2.3097012042999268, -0.7626093626022339, -2.1093125343322754, 0.3811001777648926, 0.3635697364807129, -0.33958566188812256, -1.1285392045974731, 0.8115411996841431, -0.5209017992019653, 1.6574076414108276, 1.4770641326904297, -0.4645842909812927, 0.058332037180662155, 0.8614203929901123, -0.3010980486869812, 0.900235652923584, -0.6201205849647522, 1.7747101783752441, 0.6335232257843018, -0.16202974319458008, -0.7153799533843994, 1.216528058052063, 1.2773847579956055, -0.15323348343372345, 0.4734671115875244, 1.1861625909805298, 0.013360653072595596, 0.6900753974914551, -0.16869184374809265, -1.2995636463165283, -1.3444437980651855, 0.4026781916618347, 0.27595940232276917, 0.3525932729244232, 0.439090758562088, 0.8856347799301147, -0.9088127613067627, -0.10645318776369095, -0.6826707124710083, -0.18758346140384674, 1.0921893119812012, -1.2415635585784912, 0.4644884765148163, -1.3167734146118164, -0.423636257648468, -0.5748652815818787, -0.04418144002556801, -0.07640690356492996, 0.4447363018989563, -0.22156700491905212, -0.447474867105484, 1.213010549545288, 0.4736986756324768, -0.30697929859161377, 0.1630258411169052, -1.0570052862167358, -1.7041844129562378, 1.054937481880188, 0.3465868830680847, 0.5242081880569458, 1.7315788269042969, 0.5783765912055969, 0.9724336862564087, -1.3108787536621094, -0.08732353150844574, -0.21268147230148315, 0.7589194774627686, 0.37893980741500854, -0.8939756155014038, 0.9208356738090515, 1.298819899559021, -0.4756126403808594, 1.1664994955062866, -0.4441100060939789, 1.709341287612915, -0.7321033477783203, 1.0107215642929077, 0.05782298371195793, 0.9488269090652466, 1.0068814754486084, -0.5151433348655701, 0.39967358112335205, -0.7242788076400757, 1.914091944694519, -0.6882544159889221, -1.2190929651260376, 2.838421583175659, -0.29601651430130005, -0.23142455518245697, -1.734191656112671, -0.07015547156333923, 0.6142186522483826, 1.2183018922805786, -0.8895632028579712]",yunet,Facenet,1920,1080,/home/amos/media/tv/modern_family/Modern.Family.S09.1080p.DSNP.WEB-DL.DDP5.1.H.264-CRFW/Modern.Family.S09E17.Royal.Visit.1080p.DSNP.WEB-DL.DDP5.1.H.264-CRFW.mkv,Modern Family,2009,1442437,9,17,Sarah Hyland,91351.0,0.725
722,852,198,1098,504,1056,318,936,312,0.93,18624,0,"[-2.2026517391204834, -1.3293884992599487, 1.1677237749099731, 1.3915812969207764, 1.3864011764526367, -0.34343016147613525, 1.16517174243927, -2.455559015274048, -1.5935274362564087, 2.2809178829193115, 0.7820970416069031, 1.1998764276504517, 1.0446125268936157, -1.2492963075637817, 0.3024463355541229, -0.2371678203344345, 0.8193466663360596, -1.7283967733383179, -1.8293043375015259, 1.39117431640625, -0.27085793018341064, -0.7741640210151672, 0.04118359833955765, 0.9218006730079651, -0.5040079951286316, 1.3156154155731201, 1.4957979917526245, -0.09045661985874176, 2.6734347343444824, -0.2636145353317261, 0.8486971855163574, -1.3573064804077148, -1.3392298221588135, -1.2093000411987305, 1.7502586841583252, 0.5245875120162964, -1.934251308441162, -0.1735457479953766, 0.704010546207428, -1.4829481840133667, -0.2520939111709595, 0.11059342324733734, -0.8967962265014648, 2.772045612335205, 0.4680516719818115, -1.3580448627471924, 0.41205325722694397, 0.7865207195281982, -0.917953372001648, 0.3037109673023224, -0.8594508767127991, 1.4227700233459473, 0.2794577181339264, 1.0042976140975952, -1.4647727012634277, 0.6696405410766602, 1.420393466949463, -0.4908776581287384, -0.11768552660942078, 0.9256905317306519, -0.13451611995697021, -0.7991634011268616, 0.15976494550704956, -1.0942996740341187, -0.8458498120307922, 1.6668522357940674, -0.002596616744995117, -0.03165554255247116, 0.5460895299911499, 1.6320269107818604, -1.6574424505233765, 0.012879416346549988, -1.305535912513733, 0.38703328371047974, 0.7499762773513794, -0.5675631165504456, 0.26549628376960754, -1.5275472402572632, -0.46196886897087097, 0.5571332573890686, -0.4020800292491913, -0.41817763447761536, -0.14835886657238007, 0.641362190246582, 0.4303802251815796, 0.5108879804611206, 0.6347085237503052, -0.42130595445632935, 0.13078756630420685, -0.894047737121582, -1.4218655824661255, 0.05466295778751373, 0.6224899888038635, -0.1323869526386261, 1.5260744094848633, 0.6585441827774048, 0.5076373815536499, -1.3453829288482666, 0.22648882865905762, -1.513006567955017, -0.04603083059191704, 0.47490203380584717, -1.1050845384597778, 1.5598925352096558, 1.5730103254318237, 1.4425671100616455, 0.5977928638458252, -1.136353611946106, 2.2872886657714844, -1.0902127027511597, 1.0332006216049194, 0.8864693641662598, 1.1510733366012573, 0.0705227255821228, 0.16952967643737793, 1.0595232248306274, -1.3203610181808472, 0.8629053235054016, -0.531293511390686, -0.4722498059272766, 1.9492385387420654, -0.767492413520813, 0.6847993731498718, -1.5435757637023926, 0.20864254236221313, 0.4277092516422272, 2.0405161380767822, -0.2761094272136688]",yunet,Facenet,1920,1080,/home/amos/media/tv/modern_family/Modern.Family.S09.1080p.DSNP.WEB-DL.DDP5.1.H.264-CRFW/Modern.Family.S09E17.Royal.Visit.1080p.DSNP.WEB-DL.DDP5.1.H.264-CRFW.mkv,Modern Family,2009,1442437,9,17,Sarah Hyland,91351.0,0.746
723,1338,294,1482,480,1434,372,1368,372,0.92,18648,0,"[0.9022526741027832, 0.32585522532463074, 2.528022289276123, -0.7213482856750488, 0.21820229291915894, 0.34373563528060913, 0.6258462071418762, -2.122760534286499, 0.20959195494651794, 1.1016963720321655, -0.3662850856781006, 0.12548264861106873, -0.29229527711868286, 1.794165015220642, -0.6962056159973145, -0.05278018116950989, 0.23485296964645386, -1.3732668161392212, -0.16538672149181366, -0.13561946153640747, -0.4045175313949585, -0.9947315454483032, 0.9688422083854675, 1.219619870185852, 0.2829599380493164, 0.2593209445476532, 1.6450210809707642, -0.3813111186027527, 2.134873628616333, 1.8475658893585205, -0.6584157943725586, -1.761698603630066, 1.2088953256607056, -0.2407531440258026, 1.2009848356246948, 1.6343013048171997, -2.1630594730377197, 0.2125208079814911, -0.30254435539245605, 1.163724422454834, -0.06713299453258514, -1.3702025413513184, -1.2561006546020508, 1.8327395915985107, -1.2706609964370728, -1.8452121019363403, -1.6590608358383179, 0.314033180475235, -1.534698247909546, -2.215615749359131, 1.5247796773910522, -0.35965314507484436, 0.4762721657752991, -0.636457622051239, 0.4279541075229645, 0.12458132952451706, 1.1511133909225464, -0.0737709105014801, -0.004882603883743286, -0.3274523615837097, -1.139182448387146, -0.5720677375793457, 0.6401602029800415, -1.6205825805664062, -1.3311117887496948, 1.1788281202316284, -1.1049809455871582, 2.2455828189849854, 0.9607498645782471, 2.2889339923858643, -0.6353753209114075, 0.05543464422225952, 0.18694162368774414, -1.2841647863388062, -0.23067229986190796, 1.2188950777053833, 1.0415515899658203, -0.9976348876953125, 0.299319863319397, -1.089509129524231, 0.4968191683292389, 0.3919403553009033, 0.2766728401184082, 0.31968870759010315, 0.7937091588973999, 0.4695182740688324, 0.7421663403511047, -0.743587851524353, 0.787629246711731, -0.42768582701683044, 0.260797917842865, 0.7622000575065613, 1.5999187231063843, -0.32806968688964844, -0.5272974967956543, 0.5529270172119141, 0.13361681997776031, -1.2808583974838257, -0.8950125575065613, -0.14868588745594025, -0.6881784796714783, 1.8284013271331787, -0.3917940557003021, 0.15843287110328674, -0.35683077573776245, -0.5374851226806641, -0.5835008025169373, -1.2279518842697144, 0.5602683424949646, -0.36991870403289795, 0.32097142934799194, 1.1134275197982788, -0.5027570724487305, -0.8201253414154053, 0.11465831845998764, 0.7235927581787109, 0.18367847800254822, 0.7520579099655151, 1.6101536750793457, -0.45824694633483887, 1.158219814300537, 1.0816421508789062, 1.016937255859375, -2.847663402557373, 2.2794625759124756, 0.6668418645858765, 1.5146188735961914, 1.1077460050582886]",yunet,Facenet,1920,1080,/home/amos/media/tv/modern_family/Modern.Family.S09.1080p.DSNP.WEB-DL.DDP5.1.H.264-CRFW/Modern.Family.S09E17.Royal.Visit.1080p.DSNP.WEB-DL.DDP5.1.H.264-CRFW.mkv,Modern Family,2009,1442437,9,17,Ariel Winter,42160.0,0.518
724,384,186,522,378,492,258,438,258,0.907,18648,1,"[-0.8953639268875122, 1.260079026222229, 0.2142469435930252, -0.6183739304542542, -0.025724109262228012, 1.6330236196517944, -0.007821597158908844, -0.9785098433494568, 0.0013929791748523712, -1.1613497734069824, 0.050289250910282135, 0.7314716577529907, -0.591666042804718, -0.520482063293457, 1.168655276298523, -0.6251345872879028, -0.9161750078201294, -0.958860456943512, -1.2222440242767334, -1.5189889669418335, -1.929429292678833, 0.860048234462738, -0.8036344647407532, -1.113121747970581, 0.020660528913140297, -0.0709313377737999, 1.5102238655090332, 0.3819499611854553, -0.8076086640357971, 0.2279297560453415, 0.25216758251190186, -0.39625245332717896, 0.1792629510164261, -1.096166968345642, 0.8132497668266296, 1.067887783050537, 0.031196177005767822, -0.11416114121675491, 0.7405474185943604, 1.1374431848526, 0.28623732924461365, -0.8017679452896118, -3.0627851486206055, -1.2927262783050537, 1.2288565635681152, -1.8284711837768555, 0.6487418413162231, 0.4505198299884796, 1.4373109340667725, -1.2478128671646118, -1.350808024406433, 0.38073572516441345, 1.2080944776535034, 0.9862982034683228, -0.11306588351726532, 0.07876511663198471, 1.1382761001586914, 0.14444175362586975, -0.7241841554641724, -0.8359192609786987, -0.06216222047805786, -1.6678348779678345, -0.017392504960298538, 0.08376158028841019, 1.6683660745620728, 0.506061315536499, 1.312831997871399, 2.0944128036499023, -1.0033419132232666, 0.35435163974761963, -0.7829469442367554, 1.6311237812042236, -0.9442301392555237, -0.18114912509918213, -0.22575488686561584, -0.36427828669548035, -0.5717148184776306, 1.4552538394927979, -0.6606525778770447, 1.2471845149993896, -1.4783824682235718, -0.11962036788463593, 0.079267717897892, 0.9133706092834473, -0.11533541232347488, 0.8315446376800537, 0.6315834522247314, -0.18673498928546906, -1.2454979419708252, -0.7332723736763, 1.0698407888412476, -1.3426566123962402, 0.7004626989364624, -2.414790630340576, -0.013764657080173492, 1.5034422874450684, -1.2607759237289429, 0.7988263368606567, 1.84470534324646, 0.6542664170265198, -1.2437251806259155, 0.9957701563835144, -0.7454750537872314, 0.47308120131492615, 0.30448898673057556, 1.565486192703247, -2.1806869506835938, 0.21307341754436493, 1.692152500152588, -0.4190533757209778, -2.0881454944610596, -0.1579963117837906, -0.2805165946483612, -0.5884003639221191, 0.2601587772369385, 2.353494644165039, -1.243256688117981, 0.317038893699646, 1.1060984134674072, 1.1267660856246948, -0.3925504684448242, -0.2238231748342514, 1.240889549255371, -1.0102027654647827, 1.7472527027130127, 0.018953748047351837, 0.024048687890172005, 1.0207077264785767]",yunet,Facenet,1920,1080,/home/amos/media/tv/modern_family/Modern.Family.S09.1080p.DSNP.WEB-DL.DDP5.1.H.264-CRFW/Modern.Family.S09E17.Royal.Visit.1080p.DSNP.WEB-DL.DDP5.1.H.264-CRFW.mkv,Modern Family,2009,1442437,9,17,Nolan Gould,147710.0,0.848
725,354,198,492,390,462,276,414,270,0.914,18672,0,"[0.025530356913805008, 2.0239338874816895, -0.35713326930999756, -0.4248479902744293, -0.41715314984321594, 0.6170902848243713, -0.021157685667276382, -1.623850703239441, -0.18478092551231384, -1.022536039352417, 0.24869468808174133, 1.269290566444397, -0.25783151388168335, 0.009209655225276947, 1.6070233583450317, -0.950313925743103, -0.3537216782569885, -1.2743562459945679, -1.097835898399353, -1.4692317247390747, -2.267465353012085, 0.10746875405311584, -0.09512585401535034, -1.4188767671585083, -0.10925586521625519, -0.20199120044708252, 1.7312225103378296, 0.24795669317245483, -1.2818427085876465, 0.4120223820209503, -0.5987380743026733, -0.393239825963974, -0.49102064967155457, 0.08665064722299576, 0.8765006065368652, 1.2423800230026245, -0.2885865569114685, 0.27283743023872375, 1.1349761486053467, 0.9040801525115967, 0.39284977316856384, -0.06298399716615677, -3.541214942932129, -0.9573689103126526, 0.6749119758605957, -2.0521483421325684, 1.2222384214401245, -0.030980411916971207, 2.1861557960510254, -0.5747442245483398, -1.4786149263381958, 0.19990400969982147, 1.0708593130111694, 0.12104237079620361, 1.0086424350738525, -0.4320078194141388, 0.928658127784729, 0.9931612014770508, -0.6035280227661133, -0.4810279309749603, 0.10906223207712173, -2.1000258922576904, -0.08718602359294891, -0.7377575039863586, 1.9060910940170288, 0.8796941637992859, 0.11124908924102783, 2.037693500518799, -0.8712968230247498, 1.3661963939666748, -0.41900885105133057, 2.0734148025512695, -0.6169965863227844, -0.11732596158981323, -0.20152191817760468, -0.24487486481666565, -0.358381062746048, 0.8806567788124084, -0.15020889043807983, 0.34739965200424194, -1.6758629083633423, -0.040189795196056366, 1.1449540853500366, 1.2598618268966675, 0.05777081847190857, 1.5656673908233643, 0.5026572346687317, -0.8465625643730164, -1.16440749168396, -1.1096993684768677, 1.0427210330963135, -0.7688862085342407, 0.6475444436073303, -2.308290481567383, 0.5768914818763733, 1.500994324684143, -1.3833155632019043, 1.5355279445648193, 0.7887965440750122, 0.27734917402267456, -1.1453818082809448, 1.3317861557006836, -1.413980484008789, 0.44372546672821045, 0.8746272921562195, 1.5385825634002686, -1.2652629613876343, 0.7838629484176636, 0.677850604057312, -0.6829805970191956, -1.8384085893630981, 0.5178197622299194, -0.7429585456848145, -0.4325149655342102, 0.029246237128973007, 2.5459699630737305, -1.5426909923553467, -0.21460524201393127, 1.7667746543884277, 1.311213493347168, -0.09978693723678589, -0.21337971091270447, 1.0180633068084717, -2.071779489517212, 1.0420897006988525, -0.35144683718681335, -0.1406833380460739, 0.566994845867157]",yunet,Facenet,1920,1080,/home/amos/media/tv/modern_family/Modern.Family.S09.1080p.DSNP.WEB-DL.DDP5.1.H.264-CRFW/Modern.Family.S09E17.Royal.Visit.1080p.DSNP.WEB-DL.DDP5.1.H.264-CRFW.mkv,Modern Family,2009,1442437,9,17,Nolan Gould,147710.0,0.784
726,894,282,1044,480,996,372,924,366,0.909,18696,0,"[-0.49684789776802063, 1.3739967346191406, -1.813058614730835, 0.8186712861061096, 0.770987331867218, -0.5025299191474915, -0.46634215116500854, -0.719632089138031, 1.045892357826233, 0.3528531491756439, 1.679478406906128, -1.3547248840332031, 1.6293288469314575, -0.7656254768371582, -0.020068250596523285, 2.1961755752563477, -0.9424483776092529, -0.22824160754680634, -0.7601780891418457, 0.13558505475521088, -0.4528335928916931, 2.5866832733154297, -1.918858289718628, 1.060375452041626, 0.05100001394748688, 2.45038104057312, 2.0855302810668945, 0.7758486866950989, 0.10709846019744873, 0.6961374878883362, 0.3028963804244995, 0.9833292961120605, 0.29644298553466797, -0.5812293887138367, 0.31024232506752014, 0.23709207773208618, 0.9461687207221985, -1.230666995048523, 1.1657259464263916, 0.14985790848731995, 1.2051537036895752, -1.1917078495025635, 0.5023030042648315, -1.8700921535491943, 0.8370230197906494, -0.412501722574234, 0.7618693709373474, -0.6038773059844971, 1.2245261669158936, 0.2733204662799835, 0.35724443197250366, 0.6798241138458252, -0.2565302848815918, 1.7958917617797852, -1.104795217514038, -0.45376238226890564, 2.3804657459259033, -1.0581343173980713, -0.15901640057563782, -0.18980589509010315, -0.5308533906936646, 0.4175568222999573, 1.1970597505569458, 1.2145525217056274, 1.652124047279358, -1.467846393585205, 1.6486533880233765, -1.5323584079742432, -0.7899176478385925, -1.3882333040237427, 0.6592695116996765, -0.6427220106124878, -0.40721118450164795, 1.075534462928772, 0.3029208481311798, -1.5487538576126099, 0.29975730180740356, 1.002830982208252, 1.2116862535476685, -0.8318061828613281, 0.16009441018104553, -0.00879041850566864, 1.8974086046218872, -0.1665049046278, -0.19007238745689392, 2.0484442710876465, -1.2840523719787598, 2.9778594970703125, 0.39780211448669434, -1.5002820491790771, 0.3567877411842346, 0.8842407464981079, 2.3558146953582764, -0.12157715111970901, 1.640303611755371, 0.860100269317627, -0.23422957956790924, -0.4193185865879059, -0.6098390221595764, -0.9756587147712708, -0.34562093019485474, 0.4628787040710449, 0.32612502574920654, -0.9168881773948669, -0.3402102589607239, 0.7675517201423645, -0.7515469789505005, 2.5722718238830566, 0.32181528210639954, 0.1821826994419098, -0.6019803881645203, -0.43699848651885986, 0.1832495778799057, 0.9364495873451233, 0.2494238317012787, -0.7253434658050537, 0.8057985305786133, 0.435467928647995, 0.755950391292572, 0.5059210658073425, -0.9364395141601562, 0.1922229379415512, 2.1996588706970215, -1.105727195739746, 1.301909327507019, 0.5546582937240601, 1.3293546438217163, -0.4992821514606476]",yunet,Facenet,1920,1080,/home/amos/media/tv/modern_family/Modern.Family.S09.1080p.DSNP.WEB-DL.DDP5.1.H.264-CRFW/Modern.Family.S09E17.Royal.Visit.1080p.DSNP.WEB-DL.DDP5.1.H.264-CRFW.mkv,Modern Family,2009,1442437,9,17,Jimmy Tatro,1304335.0,0.79
727,282,210,426,408,402,288,336,288,0.909,18696,1,"[-1.404332160949707, 0.9444583654403687, 0.19596484303474426, -0.5174986720085144, -0.26222550868988037, 1.5391091108322144, 0.02027912810444832, -0.9874295592308044, -0.14875362813472748, -1.1204354763031006, -0.17684152722358704, 0.5193879008293152, -0.6395391225814819, -1.048474907875061, 0.9374237060546875, -0.523064911365509, -1.3197846412658691, -0.897307276725769, -1.3660308122634888, -1.264809250831604, -1.5735374689102173, 0.85263592004776, -0.7732993364334106, -1.003058910369873, -0.0013911789283156395, 0.11474402993917465, 1.7656152248382568, 0.3448486626148224, -0.644909143447876, 0.29372715950012207, 0.05288403853774071, -0.3594229221343994, 0.5268090963363647, -1.242353916168213, 0.7609277367591858, 0.7732781767845154, 0.036089830100536346, -0.22804734110832214, 0.7281547784805298, 0.7052270174026489, 0.24958308041095734, -0.7729414701461792, -3.4876954555511475, -1.1409080028533936, 1.3761311769485474, -1.9375743865966797, 0.6300987601280212, 0.7364636659622192, 1.204587697982788, -1.3358442783355713, -1.142747163772583, 0.3141395151615143, 1.3904037475585938, 1.0040404796600342, -0.15226492285728455, 0.29706519842147827, 1.4044439792633057, 0.0428292416036129, -0.9659692645072937, -0.6681057214736938, 0.011039871722459793, -1.6458711624145508, -0.40077701210975647, 0.08710943162441254, 1.4522732496261597, 0.6563575267791748, 1.5315731763839722, 1.7331266403198242, -0.8400800824165344, 0.12863440811634064, -0.8511729836463928, 1.3995269536972046, -1.112927794456482, -0.13247141242027283, -0.04775210842490196, -0.5222489833831787, -0.8155666589736938, 1.6630874872207642, -0.3758198916912079, 1.293165922164917, -1.6055344343185425, -0.24855074286460876, 0.13294842839241028, 0.9915798902511597, 0.13884355127811432, 1.055361270904541, 0.9895726442337036, 0.04092520475387573, -1.1626561880111694, -0.6019683480262756, 0.896360456943512, -1.268525242805481, 0.6635564565658569, -1.9855666160583496, 0.03354525566101074, 1.467854619026184, -1.1062990427017212, 0.2894818186759949, 1.7569501399993896, 0.47645118832588196, -1.092515230178833, 0.8369369506835938, -0.6325192451477051, 0.723605751991272, 0.4549069404602051, 1.1695566177368164, -2.2055907249450684, 0.16016307473182678, 1.831611156463623, -0.10705778002738953, -2.0721030235290527, -0.6185073256492615, -0.3469999134540558, -0.3489226698875427, -0.14719556272029877, 2.420271158218384, -1.3686761856079102, 0.4672418236732483, 0.788784921169281, 0.9765876531600952, -0.09897452592849731, -0.1836882084608078, 0.7579354643821716, -0.7700001001358032, 1.5886019468307495, 0.10536179691553116, 0.00910833477973938, 0.911591112613678]",yunet,Facenet,1920,1080,/home/amos/media/tv/modern_family/Modern.Family.S09.1080p.DSNP.WEB-DL.DDP5.1.H.264-CRFW/Modern.Family.S09E17.Royal.Visit.1080p.DSNP.WEB-DL.DDP5.1.H.264-CRFW.mkv,Modern Family,2009,1442437,9,17,Nolan Gould,147710.0,0.847
728,252,198,402,402,372,282,324,276,0.911,18720,0,"[-1.1789323091506958, 1.0445683002471924, -0.19185838103294373, -0.39059510827064514, -0.6641277074813843, 1.155534029006958, -0.636019229888916, -0.4714718163013458, -0.3467554450035095, -1.0946462154388428, -0.6223796010017395, 0.614100992679596, -0.7906028628349304, -0.22682181000709534, 0.8899682760238647, -1.1166328191757202, -0.7798939943313599, -1.3251008987426758, -1.0617811679840088, -1.598521113395691, -1.6036171913146973, 0.10274683684110641, -0.5137097835540771, -0.8044519424438477, 0.13052812218666077, -0.5925642251968384, 1.6682841777801514, 0.48225706815719604, -0.6196625232696533, 0.18000996112823486, -0.10622397065162659, -0.4447287917137146, 0.659594714641571, -1.1346293687820435, 0.26593518257141113, 0.8924696445465088, 0.28439927101135254, -0.45864057540893555, 0.5660843849182129, 0.3555685877799988, 0.27028781175613403, 0.04707152396440506, -3.7959117889404297, -1.0915217399597168, 0.8706161975860596, -1.914084553718567, 1.15599524974823, 0.4719867408275604, 1.2919158935546875, -1.020926594734192, -1.5813742876052856, 0.5172145962715149, 1.5231311321258545, 0.7252427935600281, 0.04998566955327988, 0.809043824672699, 1.4091849327087402, 0.20106272399425507, -0.39617159962654114, -0.1443628966808319, 0.013978708535432816, -1.78378164768219, 0.27743399143218994, 0.21453547477722168, 1.6102135181427002, 0.7820071578025818, 1.2869322299957275, 2.233506917953491, -0.8430531024932861, 0.6024347543716431, -1.0236700773239136, 2.243462562561035, -1.120141863822937, -0.23613394796848297, -0.3213939070701599, -0.3732069134712219, -0.6479135751724243, 1.3918825387954712, -0.3252134621143341, 0.7268463373184204, -1.9327815771102905, -0.31889453530311584, 0.5707122683525085, 1.0635114908218384, 0.2524273693561554, 0.9947545528411865, 0.7263010144233704, -0.6416432857513428, -1.268528699874878, -0.5174076557159424, 1.2696837186813354, -1.2125118970870972, 0.026947323232889175, -1.789398431777954, -0.30962470173835754, 1.552768349647522, -1.3051073551177979, 0.2981041967868805, 1.6859536170959473, 0.7110063433647156, -1.2827709913253784, 1.5576168298721313, -0.25144678354263306, 0.5281843543052673, 0.9077004790306091, 0.9144610166549683, -2.6159613132476807, 0.4566236734390259, 1.3837841749191284, -0.17048245668411255, -2.1947906017303467, -0.5223448276519775, -0.5350326299667358, 0.12126649916172028, -0.40005502104759216, 2.201091766357422, -1.167283296585083, 0.20401951670646667, 0.8925758600234985, 1.1151710748672485, 0.1445511281490326, -0.365983784198761, 0.4100717306137085, -0.9685350060462952, 1.3882473707199097, -0.3768906593322754, 0.20022718608379364, 0.44466912746429443]",yunet,Facenet,1920,1080,/home/amos/media/tv/modern_family/Modern.Family.S09.1080p.DSNP.WEB-DL.DDP5.1.H.264-CRFW/Modern.Family.S09E17.Royal.Visit.1080p.DSNP.WEB-DL.DDP5.1.H.264-CRFW.mkv,Modern Family,2009,1442437,9,17,Nolan Gould,147710.0,0.821
729,888,264,1044,474,1008,354,936,348,0.909,18720,1,"[-1.3307925462722778, 1.8270589113235474, -1.1023142337799072, 1.2602616548538208, 0.8307759761810303, -0.6472435593605042, -0.5610271096229553, -0.8564775586128235, 1.501739501953125, 0.974483072757721, 1.2646353244781494, -0.09008278697729111, 1.7864056825637817, -1.4031035900115967, 0.8058172464370728, 1.821315050125122, -0.3007059693336487, 0.30715036392211914, -0.7596864700317383, 0.25820478796958923, -0.5891755223274231, 2.103567361831665, -2.0120999813079834, 1.0622087717056274, -0.3085543215274811, 2.4413294792175293, 1.6066197156906128, 1.0401641130447388, -0.31155073642730713, -0.019632183015346527, 0.4007021486759186, -0.20379512012004852, -0.1542421579360962, -0.9275027513504028, 0.8996617197990417, 0.36928752064704895, 1.044068694114685, -1.326432466506958, 1.1208518743515015, -0.0815809816122055, 0.22382310032844543, -1.041187047958374, 0.15540939569473267, -1.2613837718963623, 0.6310885548591614, 0.4359878599643707, 0.5704711079597473, -0.9403852224349976, 1.0340967178344727, 0.42884770035743713, 0.42105042934417725, 0.5058591365814209, -0.4969620406627655, 1.9127763509750366, -0.9710937738418579, -0.4421970546245575, 2.089400053024292, -2.1037769317626953, 0.1753903478384018, -0.2507787048816681, -0.3258909285068512, 0.9976431727409363, 0.7347005605697632, -0.07122522592544556, 2.008392572402954, -1.0664533376693726, 1.1931325197219849, -1.0573769807815552, -1.1472814083099365, -0.4508023262023926, 0.5637305378913879, -0.4086299240589142, -0.251299113035202, 0.13795219361782074, 1.108072280883789, -0.8725100755691528, 0.4865972697734833, 0.5841125249862671, 0.4090012013912201, -0.19884435832500458, -0.12727713584899902, -0.6465210914611816, 0.9893785715103149, -0.29907330870628357, 0.11076474189758301, 1.9004974365234375, -1.5056649446487427, 3.0923054218292236, 0.2818904519081116, -0.9746888875961304, 0.34860071539878845, 0.5088997483253479, 2.2011115550994873, -0.5033956170082092, 0.9994447827339172, 0.49244946241378784, 0.30757468938827515, 0.5267831087112427, 0.06437893956899643, -0.8441722989082336, 0.5305983424186707, 0.8742274641990662, 0.2662079930305481, -1.3918722867965698, 0.11421292275190353, 1.4636635780334473, -1.1803512573242188, 2.3559157848358154, 0.7841818332672119, 0.5230298638343811, -0.47978758811950684, 0.027995985001325607, -0.6737428903579712, 0.22498324513435364, 0.4176792502403259, -0.09111890941858292, -0.08838561177253723, 0.397604376077652, 1.108975887298584, 0.5832790732383728, -0.5899760127067566, -0.7849432229995728, 1.863188624382019, -1.0680395364761353, 1.8617814779281616, -0.37972524762153625, 1.5822497606277466, 0.1524115353822708]",yunet,Facenet,1920,1080,/home/amos/media/tv/modern_family/Modern.Family.S09.1080p.DSNP.WEB-DL.DDP5.1.H.264-CRFW/Modern.Family.S09E17.Royal.Visit.1080p.DSNP.WEB-DL.DDP5.1.H.264-CRFW.mkv,Modern Family,2009,1442437,9,17,Jimmy Tatro,1304335.0,0.769
730,1242,270,1392,462,1338,348,1272,348,0.914,18744,0,"[0.48894771933555603, 0.6599596738815308, 2.0846974849700928, 0.5263537764549255, -1.4547594785690308, 0.8374349474906921, 0.7386322021484375, -2.2310385704040527, 0.7082165479660034, 1.9560275077819824, -1.2014342546463013, 0.09978339821100235, -0.2252785712480545, 1.2507784366607666, -1.1694129705429077, 0.5716877579689026, -1.0537723302841187, -1.6828699111938477, -0.46141040325164795, 0.7732988595962524, 0.8951929807662964, -0.22097091376781464, 0.5647638440132141, 0.9752619862556458, 0.2377261221408844, -0.20567196607589722, 1.3346679210662842, -0.2552834153175354, 1.3555481433868408, 1.8587876558303833, -1.2511231899261475, -0.9690567851066589, 0.1555328071117401, -0.24545210599899292, 1.7478032112121582, 0.6623190641403198, -1.6436145305633545, -0.7552356719970703, 0.25925108790397644, 0.786906361579895, 0.20231741666793823, -0.7384613156318665, -1.9105149507522583, 1.3557533025741577, -0.5888538360595703, -0.7807184457778931, -0.9749650955200195, 0.2104221135377884, -1.875171184539795, -1.608947515487671, 0.5934726595878601, 0.08975894749164581, 0.5322934985160828, -0.9621272087097168, -0.00969676673412323, -0.14079195261001587, 1.4703924655914307, 0.5490025281906128, -0.8546677231788635, -0.6064666509628296, -0.6073512434959412, 0.6062150001525879, -0.6023695468902588, -2.181264638900757, -1.1491106748580933, 1.08686101436615, 0.5713229179382324, 2.225787401199341, 0.8958886861801147, 0.5739974975585938, 0.2801504135131836, -0.04383281618356705, 0.6252874135971069, -0.9304373860359192, -0.15522685647010803, 0.957848846912384, 0.7650938034057617, -0.4670306444168091, 0.668309211730957, -1.1108444929122925, 1.453567624092102, -1.3573451042175293, 0.8137223720550537, -0.07941184937953949, 0.49233731627464294, -0.3694393038749695, 0.41675645112991333, 0.13316108286380768, 0.8952362537384033, -0.9168654084205627, 0.09414391219615936, 0.42766818404197693, 1.5866440534591675, 0.8888218402862549, -0.15024666488170624, 1.4477258920669556, 0.3675750195980072, -0.358665406703949, -0.9132916927337646, 0.09621452540159225, -0.16696558892726898, 2.2130324840545654, -1.6833879947662354, -1.3132381439208984, -0.7485256791114807, -1.3807780742645264, 0.10180602967739105, -0.9085886478424072, 0.4505349099636078, 0.25268426537513733, 0.022471770644187927, 1.3145662546157837, 0.5557041764259338, -1.7679436206817627, -0.9659531712532043, 1.5871903896331787, -0.033448927104473114, 1.0911266803741455, 0.45662039518356323, 0.15605689585208893, 0.9281056523323059, 0.3040825128555298, 0.9644896388053894, -2.318535804748535, 3.3162970542907715, 0.48044928908348083, 1.481325387954712, 1.0931012630462646]",yunet,Facenet,1920,1080,/home/amos/media/tv/modern_family/Modern.Family.S09.1080p.DSNP.WEB-DL.DDP5.1.H.264-CRFW/Modern.Family.S09E17.Royal.Visit.1080p.DSNP.WEB-DL.DDP5.1.H.264-CRFW.mkv,Modern Family,2009,1442437,9,17,Ariel Winter,42160.0,0.525
731,222,204,366,402,342,282,288,282,0.906,18744,1,"[-1.5065516233444214, 0.5510728359222412, 0.08244967460632324, -0.3672134280204773, -0.3725571036338806, 1.3195198774337769, 0.1445402204990387, -1.0245879888534546, -0.3067125082015991, -0.8715212345123291, -0.3468559682369232, 0.20433439314365387, -0.7541709542274475, -0.9023126363754272, 0.9956037998199463, -0.6186301708221436, -1.1080447435379028, -0.997738242149353, -1.6514891386032104, -1.4377869367599487, -1.6255837678909302, 0.5149449110031128, -0.48545342683792114, -0.8579385280609131, 0.2796936631202698, 0.2753297686576843, 1.9132006168365479, 0.3140614926815033, -0.5218666195869446, 0.20823551714420319, 0.15341606736183167, -0.1868847906589508, 0.7134925127029419, -1.0531671047210693, 0.830009400844574, 0.8964433073997498, -0.10192376375198364, -0.2290135622024536, 0.6753992438316345, 0.6829482316970825, 0.1932898461818695, -0.46804869174957275, -3.495098352432251, -0.9924778342247009, 1.2541890144348145, -2.1457998752593994, 0.64825439453125, 0.7458163499832153, 0.9591453671455383, -1.3122994899749756, -0.9150475263595581, 0.23337209224700928, 1.2724114656448364, 0.9792013168334961, -0.006679737940430641, 0.4015912711620331, 1.2851735353469849, 0.045997414737939835, -1.1321330070495605, -0.7119944095611572, 0.06035967916250229, -2.147824764251709, -0.2995277941226959, -0.22259049117565155, 1.1756913661956787, 0.6532618999481201, 1.2538784742355347, 1.8808038234710693, -0.6158120036125183, 0.11398844420909882, -0.9590575098991394, 1.524267554283142, -0.938147783279419, -0.38163238763809204, 0.010581729002296925, -0.5181788802146912, -0.7368793487548828, 1.4213026762008667, -0.34282857179641724, 1.2506422996520996, -1.7231940031051636, -0.02425043284893036, 0.07708466053009033, 1.1592360734939575, -0.03584291785955429, 1.143988847732544, 1.1347107887268066, -0.3453856110572815, -0.7760130167007446, -0.2032914012670517, 0.6636167764663696, -1.338154911994934, 0.4813799560070038, -1.5066052675247192, -0.09720738232135773, 1.6041699647903442, -1.2629148960113525, 0.30191847681999207, 1.5291297435760498, 0.5254107713699341, -0.8100013136863708, 0.9315328598022461, -0.7111824154853821, 0.66975337266922, 0.7037570476531982, 0.8956162929534912, -2.5020227432250977, 0.03324991837143898, 1.7473431825637817, -0.08171830326318741, -2.0184996128082275, -0.3432297706604004, -0.2344510853290558, -0.36225759983062744, -0.08713784068822861, 2.331042528152466, -1.5082885026931763, -0.013188943266868591, 0.6488917469978333, 0.7528076171875, 0.08156471699476242, -0.39669105410575867, 0.4906143546104431, -0.705940842628479, 1.2419521808624268, 0.2589099705219269, 0.13377031683921814, 0.8173427581787109]",yunet,Facenet,1920,1080,/home/amos/media/tv/modern_family/Modern.Family.S09.1080p.DSNP.WEB-DL.DDP5.1.H.264-CRFW/Modern.Family.S09E17.Royal.Visit.1080p.DSNP.WEB-DL.DDP5.1.H.264-CRFW.mkv,Modern Family,2009,1442437,9,17,Nolan Gould,147710.0,0.85
732,768,234,924,438,858,318,798,318,0.922,18768,0,"[-1.3279247283935547, 1.1244145631790161, -2.538224458694458, 1.092591643333435, 0.38733333349227905, -0.7640523910522461, -0.6683799624443054, -0.8458337783813477, 1.4419466257095337, 0.8925572633743286, 1.5799062252044678, -1.5238068103790283, 1.189502477645874, -0.8661590814590454, -0.06201528012752533, 2.184767484664917, -1.1674518585205078, -0.2815227508544922, -1.5922642946243286, -0.06625839322805405, -0.04867388308048248, 1.9620201587677002, -1.4497607946395874, 1.6098841428756714, 0.717100977897644, 2.4897685050964355, 1.765531301498413, -0.0315309539437294, 0.3489232659339905, 0.20207133889198303, 0.4319826662540436, 0.6083221435546875, 0.49572357535362244, -0.017678752541542053, 0.18685440719127655, 0.4935755729675293, 1.2364803552627563, -0.6419292688369751, 1.0180902481079102, -0.8870888948440552, 1.2778241634368896, -0.5198272466659546, 0.7558398246765137, -1.19974946975708, -0.5266318321228027, -0.1346374899148941, 0.5556843876838684, -1.0884758234024048, 0.2947039008140564, 0.5435091257095337, 0.5859030485153198, -0.12691807746887207, 0.09111759811639786, 1.8272985219955444, -1.1719809770584106, 0.06963460892438889, 2.224565029144287, -2.396364688873291, 0.41709282994270325, -0.4747456908226013, -0.897198498249054, 1.071946144104004, -0.09766660630702972, 0.5810179710388184, 2.0630362033843994, -1.3944300413131714, 0.809340238571167, -1.1758506298065186, -0.7192578911781311, -1.0304183959960938, 0.5845272541046143, 0.07977496087551117, -1.0092204809188843, 0.2780461311340332, 0.2401467263698578, -0.8355875015258789, 0.5361709594726562, 0.16390854120254517, 0.816957414150238, -1.2445787191390991, 0.2820069193840027, -0.272004634141922, 1.2364884614944458, 0.4363236129283905, 0.8369820713996887, 1.5631898641586304, -1.0349950790405273, 3.558136224746704, 0.12203739583492279, -0.49262455105781555, 0.5641690492630005, -0.0461888313293457, 2.2470176219940186, 0.5402652621269226, 0.6847516894340515, 0.8898950815200806, 0.5911468863487244, 0.15790607035160065, -0.27861130237579346, -1.4382081031799316, 0.13285498321056366, -0.6375583410263062, 0.2375657558441162, -1.020285964012146, -0.06886477023363113, 0.6924485564231873, -0.8799055218696594, 2.3897907733917236, 0.36531639099121094, 0.8724240064620972, 0.5632348656654358, -0.6130936145782471, 0.15212750434875488, 0.9504690766334534, 0.1125565618276596, -1.157167673110962, 0.4696855843067169, -0.06939876079559326, 0.8460094332695007, 0.7362176179885864, 0.634249746799469, -0.6735482215881348, 1.4210885763168335, -0.30680009722709656, 0.9879723191261292, -0.41580137610435486, 1.7192318439483643, -0.13850121200084686]",yunet,Facenet,1920,1080,/home/amos/media/tv/modern_family/Modern.Family.S09.1080p.DSNP.WEB-DL.DDP5.1.H.264-CRFW/Modern.Family.S09E17.Royal.Visit.1080p.DSNP.WEB-DL.DDP5.1.H.264-CRFW.mkv,Modern Family,2009,1442437,9,17,Jimmy Tatro,1304335.0,0.779
733,210,192,354,390,330,270,270,270,0.918,18768,1,"[-1.0621322393417358, 0.7888576984405518, -0.019713472574949265, -0.7160322070121765, -0.602392315864563, 1.562484622001648, -0.3837512135505676, -1.3031295537948608, -0.33253031969070435, -0.9530157446861267, -0.690863311290741, 0.8441404700279236, -1.1409846544265747, -0.8995741605758667, 1.0781761407852173, -0.3597121238708496, -0.9981883764266968, -0.8849874138832092, -1.348059058189392, -1.2897406816482544, -1.0211158990859985, 0.3888934850692749, -0.5170907378196716, -1.1892231702804565, -0.06068987026810646, 0.14294660091400146, 1.6449244022369385, 0.4498704671859741, -0.5756614208221436, 0.8396884799003601, -0.04001612216234207, 0.3132171034812927, 0.30759578943252563, -0.8233287930488586, 0.6496850252151489, 0.9445002675056458, 0.1383126676082611, -0.5812195539474487, 0.34226781129837036, 0.7215888500213623, 0.1563485562801361, -0.15106390416622162, -3.45632266998291, -1.1447322368621826, 0.9688260555267334, -2.037236452102661, 0.9922208786010742, 0.42159631848335266, 0.36304783821105957, -1.0416768789291382, -1.207612156867981, -0.4835461974143982, 1.373155951499939, 1.1580830812454224, 0.1295209378004074, 0.29259350895881653, 1.2394055128097534, 0.020513717085123062, -0.7151365876197815, -0.7224566340446472, 0.0024091675877571106, -1.7861847877502441, -0.20965227484703064, 0.1254415065050125, 1.262259840965271, 0.7014487981796265, 1.613021731376648, 2.2656826972961426, -0.7384530901908875, 0.2520933449268341, -0.7572295069694519, 1.9264287948608398, -0.5206462740898132, 0.06986936926841736, 0.19473733007907867, 0.09667357802391052, -0.4954890012741089, 1.308752417564392, -0.43839922547340393, 0.7276417016983032, -2.081228017807007, -0.24584099650382996, -0.5045455694198608, 1.2403877973556519, 0.17307791113853455, 0.46065494418144226, 1.2505522966384888, -0.5891263484954834, -0.7321596145629883, -0.12299436330795288, 0.725312352180481, -1.5714689493179321, 0.2641442120075226, -2.1169490814208984, -0.21240290999412537, 1.5449581146240234, -1.0293456315994263, 0.4622502624988556, 1.6787896156311035, 0.28730568289756775, -0.7251455187797546, 0.8175374269485474, -1.0095748901367188, 0.13465984165668488, 1.0667341947555542, 0.5633306503295898, -2.5974745750427246, 0.07217099517583847, 2.1816883087158203, 0.12547428905963898, -1.7175312042236328, -0.4709380269050598, -0.29470834136009216, -0.20265965163707733, -0.05322575569152832, 2.3990089893341064, -1.7374088764190674, 0.27157074213027954, 0.6526923179626465, 1.0406267642974854, 0.2652203142642975, -0.41770118474960327, 0.7264291644096375, -0.6689866781234741, 1.7160686254501343, -0.18338939547538757, 0.11696488410234451, 0.7180098295211792]",yunet,Facenet,1920,1080,/home/amos/media/tv/modern_family/Modern.Family.S09.1080p.DSNP.WEB-DL.DDP5.1.H.264-CRFW/Modern.Family.S09E17.Royal.Visit.1080p.DSNP.WEB-DL.DDP5.1.H.264-CRFW.mkv,Modern Family,2009,1442437,9,17,Nolan Gould,147710.0,0.839
734,828,234,978,432,942,312,876,312,0.92,18792,0,"[-1.2373442649841309, 1.4039769172668457, -2.3291404247283936, 1.6765023469924927, 0.7969105243682861, -1.3387702703475952, -0.7716950178146362, -0.9591489434242249, 1.1892733573913574, 1.1357041597366333, 1.9273263216018677, -0.9410562515258789, 1.5020314455032349, -0.8248903751373291, 0.5175056457519531, 1.7683398723602295, 0.24937734007835388, -0.7885579466819763, -1.6904387474060059, -0.28548112511634827, -0.8863025903701782, 1.5305713415145874, -1.3097310066223145, 1.487488865852356, 0.872087836265564, 1.5123326778411865, 1.8524292707443237, 0.5980190634727478, 0.491721510887146, 0.1699226349592209, 1.0939115285873413, -0.15106552839279175, 0.09460340440273285, -0.3725801110267639, 0.6563580632209778, 0.3086271286010742, 1.3872510194778442, -0.7008504867553711, 1.138213872909546, -0.06747747212648392, 0.20366762578487396, -0.16388742625713348, 0.19481493532657623, -0.6228815317153931, 0.2722932994365692, -0.2627522051334381, 0.5730066895484924, -0.9318228960037231, 1.1441373825073242, 0.7985682487487793, 0.06856777518987656, 0.40681159496307373, -0.49885061383247375, 2.119503974914551, -1.4501091241836548, -0.015373867936432362, 2.771672010421753, -1.8566854000091553, -0.030568182468414307, -0.3027585446834564, -0.632901668548584, 0.7647372484207153, 0.6211004257202148, -0.13219612836837769, 1.5902904272079468, -1.0943727493286133, 0.367713987827301, -0.824462354183197, -1.4483939409255981, -1.4210858345031738, -0.28453296422958374, -0.06239157170057297, -0.9222822785377502, -0.5021365880966187, 0.7862455248832703, -0.8888155817985535, 0.8077666759490967, 0.39015883207321167, 0.4323548674583435, -1.0548211336135864, -0.0946701318025589, 0.16612552106380463, 1.2475700378417969, -0.19847853481769562, -0.33265623450279236, 2.098871946334839, -1.6113722324371338, 3.0269293785095215, -0.06397880613803864, -0.6697852611541748, 0.6212871074676514, 0.22644619643688202, 2.047414541244507, -0.38015538454055786, 1.3816083669662476, 1.1919649839401245, -0.010761208832263947, -0.08408382534980774, -0.34794312715530396, -0.9522112011909485, 0.13262034952640533, 0.8373045921325684, 0.25285762548446655, -1.4721094369888306, 0.8513630628585815, 1.0905721187591553, -1.025225043296814, 2.4148988723754883, 0.7457525134086609, -0.2966524064540863, -0.2652549743652344, -0.3090008497238159, 0.03198325261473656, 0.1338246762752533, 0.03641071170568466, -0.5814814567565918, 0.12543350458145142, -0.15776073932647705, 0.896527111530304, 0.8795686364173889, -0.2005135864019394, -1.273552417755127, 1.8323253393173218, -1.4153046607971191, 1.7367274761199951, -0.5387786626815796, 1.3945128917694092, -0.28500834107398987]",yunet,Facenet,1920,1080,/home/amos/media/tv/modern_family/Modern.Family.S09.1080p.DSNP.WEB-DL.DDP5.1.H.264-CRFW/Modern.Family.S09E17.Royal.Visit.1080p.DSNP.WEB-DL.DDP5.1.H.264-CRFW.mkv,Modern Family,2009,1442437,9,17,Jimmy Tatro,1304335.0,0.846
735,246,192,390,390,360,264,306,264,0.912,18792,1,"[-0.79294753074646, 0.769394040107727, -0.13173051178455353, -0.7588489055633545, -0.5976802706718445, 1.7674230337142944, -0.15166592597961426, -0.7836209535598755, -0.21177643537521362, -1.1390540599822998, -0.37838706374168396, 0.4558793604373932, -0.6171036958694458, -0.572539210319519, 0.8265644311904907, -0.6004889607429504, -1.1771389245986938, -1.1112827062606812, -0.9502651691436768, -1.7672832012176514, -1.7544654607772827, 0.8693076372146606, -0.8967306017875671, -0.7004429697990417, 0.14396071434020996, 0.0056326426565647125, 1.552882194519043, 0.1292053610086441, -0.3900582194328308, 0.23163188993930817, -0.06834946572780609, 0.11401458084583282, 0.619973361492157, -0.9942976236343384, 0.44739750027656555, 1.0826033353805542, 0.019868336617946625, -0.08470448106527328, 0.27487432956695557, 0.8754396438598633, 0.8102413415908813, -0.5550965666770935, -3.3367886543273926, -1.1843279600143433, 0.9679098129272461, -2.1475911140441895, 0.9243142008781433, 0.765994668006897, 1.0795280933380127, -1.3509882688522339, -0.9411706328392029, 0.31470730900764465, 1.0953096151351929, 0.958287239074707, -0.12146222591400146, 0.742620050907135, 0.9615544080734253, -0.2885851263999939, -0.7606963515281677, -0.653266429901123, -0.22689038515090942, -2.099921941757202, -0.19854164123535156, -0.029748354107141495, 1.5738381147384644, 0.47544264793395996, 1.4782689809799194, 2.173051595687866, -1.0974973440170288, 0.008876924403011799, -0.8259987235069275, 1.719283103942871, -0.7171834111213684, -0.27285027503967285, 0.13771378993988037, -0.5831009149551392, -0.8300473690032959, 1.5237940549850464, -0.8783813118934631, 1.00544273853302, -1.7779754400253296, -0.1618666797876358, -0.23750078678131104, 0.9957393407821655, 0.10486488044261932, 0.8070169687271118, 0.8095534443855286, -0.2628973126411438, -0.538227915763855, -0.36883485317230225, 0.9681605100631714, -1.4211152791976929, 0.8744128942489624, -2.153480291366577, 0.08206561207771301, 1.6259593963623047, -0.8730901479721069, 0.4316602945327759, 1.7773923873901367, 0.6546360850334167, -0.8430423736572266, 0.8421375155448914, -0.5379199385643005, 0.4286699891090393, 0.36311841011047363, 1.0259966850280762, -2.3239943981170654, 0.3858095407485962, 1.9409939050674438, -0.2037792205810547, -2.071777582168579, -0.2773529291152954, -0.33870455622673035, -0.43174323439598083, 0.003301268443465233, 1.827424168586731, -1.2239279747009277, 0.18613819777965546, 0.8322358727455139, 0.8234191536903381, -0.25324249267578125, -0.2228689342737198, 0.8916876316070557, -0.4533621072769165, 1.683922529220581, 0.3427811563014984, -0.14813606441020966, 1.086539626121521]",yunet,Facenet,1920,1080,/home/amos/media/tv/modern_family/Modern.Family.S09.1080p.DSNP.WEB-DL.DDP5.1.H.264-CRFW/Modern.Family.S09E17.Royal.Visit.1080p.DSNP.WEB-DL.DDP5.1.H.264-CRFW.mkv,Modern Family,2009,1442437,9,17,Nolan Gould,147710.0,0.843
736,252,186,396,384,360,264,306,264,0.918,18816,0,"[-1.3897171020507812, 0.3411635160446167, -0.26235294342041016, -0.213632270693779, -0.36496666073799133, 1.3861902952194214, -0.8291080594062805, -0.8358557224273682, -0.23739543557167053, -1.051697850227356, -0.14776989817619324, 0.7546828985214233, -0.14067240059375763, -0.794187068939209, 0.9087493419647217, -0.2669121026992798, -1.0820602178573608, -0.8915157914161682, -1.4572179317474365, -0.9053173065185547, -1.6112562417984009, 0.9360761642456055, -0.44322583079338074, -0.5590941309928894, 0.06829056143760681, 0.5169110894203186, 1.6359775066375732, 0.33853068947792053, -0.34890079498291016, -0.26285403966903687, -0.09550386667251587, 0.1825377345085144, 0.3526577055454254, -1.3381242752075195, 0.3343185782432556, 1.5260258913040161, 0.45306718349456787, -0.3648415505886078, 0.22611269354820251, 0.5597007274627686, 0.6049844026565552, 0.09283941239118576, -2.661907911300659, -1.3224749565124512, 0.968520998954773, -1.6849088668823242, 0.7892270088195801, 0.5902440547943115, 0.8294599652290344, -0.8456301689147949, -0.6208422183990479, 0.0455050952732563, 1.0102282762527466, 1.0588867664337158, 0.048170626163482666, 0.4945972263813019, 1.1192330121994019, 0.10452216863632202, -0.6120411157608032, -0.7100207209587097, 0.128820538520813, -1.7474888563156128, -0.09447652101516724, 0.7551984786987305, 1.5267632007598877, 0.5266668796539307, 1.5979827642440796, 1.882303237915039, -0.6843329071998596, -0.21595042943954468, -0.9849753975868225, 1.9070370197296143, -1.1901237964630127, 0.557342529296875, 0.2964507043361664, -0.5648502111434937, -1.1644703149795532, 1.543938398361206, -0.7559065222740173, 0.7009769678115845, -1.9640467166900635, -0.08106683194637299, -0.32450464367866516, 1.552992820739746, -0.1743607223033905, 0.5241703987121582, 1.0982651710510254, 0.13232716917991638, -1.4444764852523804, -0.9050683975219727, 0.9847264885902405, -1.439069151878357, 1.047947883605957, -1.8939112424850464, -0.024218425154685974, 1.731369137763977, -0.670965850353241, 0.49725568294525146, 1.7257883548736572, 0.14135755598545074, -1.24619460105896, 0.44480252265930176, -0.7463065385818481, 0.21362844109535217, 0.42945486307144165, 0.4584173560142517, -2.283536434173584, 0.18691439926624298, 2.030165433883667, -0.21909302473068237, -1.5517947673797607, -0.46027761697769165, 0.5038483142852783, -0.08844317495822906, 0.19207502901554108, 2.423532247543335, -1.168666958808899, 0.4087659418582916, 0.6204416751861572, 1.1882143020629883, -0.34972327947616577, -0.9113430976867676, 1.1322617530822754, -0.6868749260902405, 1.544235348701477, -0.08922961354255676, 0.2067032754421234, 0.8076397180557251]",yunet,Facenet,1920,1080,/home/amos/media/tv/modern_family/Modern.Family.S09.1080p.DSNP.WEB-DL.DDP5.1.H.264-CRFW/Modern.Family.S09E17.Royal.Visit.1080p.DSNP.WEB-DL.DDP5.1.H.264-CRFW.mkv,Modern Family,2009,1442437,9,17,Nolan Gould,147710.0,0.873
737,798,240,936,420,846,312,810,312,0.906,18816,1,"[-1.0440292358398438, -0.5092069506645203, -1.9219963550567627, 0.6374819874763489, -0.5810880064964294, -1.3916325569152832, -1.686083436012268, -1.0086100101470947, 0.7393750548362732, 1.086824893951416, 0.4067174196243286, -2.0665459632873535, 1.0612587928771973, 0.5411030054092407, -0.08458980917930603, 1.5755749940872192, -0.29526105523109436, -0.5389129519462585, -0.6004170179367065, -0.8037598133087158, 0.44813743233680725, 1.6514387130737305, -0.8191532492637634, 1.603096842765808, 1.469905972480774, 2.034421682357788, 0.4741990864276886, 0.7459997534751892, 2.115834951400757, 0.5638962388038635, 0.7425845861434937, 1.409237265586853, 1.2474031448364258, 1.060821294784546, 0.2826990485191345, 1.3572986125946045, 0.09560791403055191, -0.013116389513015747, 0.4597913920879364, -1.3424798250198364, 0.937935471534729, 1.430863857269287, -0.024478688836097717, -2.1423726081848145, -1.2424633502960205, -0.6043224930763245, 0.4725211560726166, -0.11210653185844421, -0.6751482486724854, 1.7193533182144165, 1.2672955989837646, -0.6359801292419434, -0.30223506689071655, 1.301415205001831, -0.6815201640129089, -0.2127576619386673, 1.9791136980056763, -1.2078379392623901, -0.4680907726287842, -0.3174592852592468, -0.9938326478004456, -0.7818000316619873, -0.5622163414955139, 1.2031656503677368, 1.39803946018219, -2.272465944290161, 0.6242507100105286, -0.9376291632652283, 0.18865084648132324, -1.7508386373519897, 0.696805477142334, -0.616552472114563, -0.6334252953529358, 0.33945292234420776, 0.5135676860809326, -0.5046459436416626, 0.8908511400222778, -0.4322347939014435, 1.1905120611190796, -1.5641522407531738, 0.027156691998243332, 0.1313881278038025, 1.5649502277374268, -0.1313903033733368, 0.00862632691860199, 1.9783042669296265, 0.389643132686615, 3.2145416736602783, 0.24210068583488464, 0.2867761552333832, 0.4288765788078308, 1.8241076469421387, 1.5242246389389038, 1.3387972116470337, 1.6187413930892944, 1.5963174104690552, -1.0646251440048218, 0.1635913848876953, -0.6305732727050781, -1.5482760667800903, 0.4119199514389038, 0.9363746047019958, -0.057998865842819214, -2.4978179931640625, 0.1983284056186676, -0.4521270990371704, -0.7608533501625061, 1.8715449571609497, 0.9183552265167236, -1.4648830890655518, -0.38253921270370483, -0.7994714975357056, -1.018669843673706, 1.369999885559082, 0.8540992736816406, -1.3183425664901733, 2.369124174118042, -0.8379600048065186, 0.21197167038917542, 1.2083121538162231, -0.13243697583675385, -0.44658827781677246, 1.0262824296951294, -0.9329973459243774, 1.5553098917007446, 0.41374877095222473, 1.4087013006210327, -0.05971590429544449]",yunet,Facenet,1920,1080,/home/amos/media/tv/modern_family/Modern.Family.S09.1080p.DSNP.WEB-DL.DDP5.1.H.264-CRFW/Modern.Family.S09E17.Royal.Visit.1080p.DSNP.WEB-DL.DDP5.1.H.264-CRFW.mkv,Modern Family,2009,1442437,9,17,Jimmy Tatro,1304335.0,0.691
738,240,174,378,360,348,252,294,252,0.915,18840,0,"[-1.5281246900558472, 0.22133761644363403, -0.9920645356178284, 0.13090664148330688, -0.20031605660915375, 1.1426609754562378, -1.1280841827392578, -1.0652605295181274, -0.1152840256690979, -0.39474064111709595, -0.6164366006851196, 0.6143457889556885, -0.079644575715065, -0.950878381729126, 1.087844729423523, -0.6693586707115173, -0.941641092300415, -1.3484055995941162, -1.471214771270752, -1.3357852697372437, -0.9303256273269653, 0.2693326473236084, 0.03928282856941223, -0.09834364801645279, 0.17112424969673157, 0.22203651070594788, 1.4997166395187378, 0.293063223361969, -0.045023977756500244, -0.09433216601610184, 0.45857807993888855, -0.1624228060245514, 0.3997456729412079, -1.1096127033233643, 0.7561372518539429, 0.8059937953948975, 0.27112793922424316, -0.021328911185264587, 0.6908168792724609, 0.2960343062877655, 0.5666245818138123, 0.4795266389846802, -2.6504499912261963, -1.3958452939987183, 0.7772616744041443, -1.3678516149520874, 1.4268969297409058, 0.5630356073379517, 0.3048155903816223, -0.9361515045166016, -1.2679400444030762, 0.29566559195518494, 0.6385213136672974, 1.111312985420227, -0.022610411047935486, 1.026469111442566, 1.8431345224380493, 0.1133807897567749, -0.13540302217006683, -0.7477114200592041, 0.6435361504554749, -1.8370662927627563, -0.2024482786655426, 0.5093846917152405, 1.2634961605072021, 0.22649934887886047, 1.2310069799423218, 1.956445336341858, -1.1624681949615479, -0.5857818126678467, -1.2964037656784058, 1.8497915267944336, -1.3395166397094727, 0.335282564163208, 0.045543868094682693, -0.4537216126918793, -0.59783536195755, 1.4261277914047241, -1.0658589601516724, -0.1366966813802719, -2.0242764949798584, -0.18899542093276978, 0.2384120225906372, 1.6129015684127808, -0.6215582489967346, 0.3622831106185913, 1.511780858039856, 0.00018034130334854126, -1.8075971603393555, -1.025009274482727, 0.668462872505188, -1.9213809967041016, 0.8111463189125061, -1.9519866704940796, 0.582133412361145, 1.3865675926208496, -0.5790852904319763, 0.3752889633178711, 1.6944282054901123, 0.15866440534591675, -1.6131006479263306, 0.7370805144309998, -0.8121461868286133, 0.6360749006271362, 1.0791773796081543, 0.4009163975715637, -2.1605331897735596, 0.5032795667648315, 2.428586959838867, -0.36489787697792053, -1.47098708152771, -1.0916494131088257, 0.2356213480234146, 0.10949737578630447, -0.38482335209846497, 2.31160044670105, -1.2399715185165405, 0.4598533511161804, 0.4696207642555237, 1.0196542739868164, -0.07454197108745575, -0.4319975972175598, 0.8129206895828247, -0.6434941291809082, 1.6117279529571533, -0.41563642024993896, 0.10136725753545761, 0.34279394149780273]",yunet,Facenet,1920,1080,/home/amos/media/tv/modern_family/Modern.Family.S09.1080p.DSNP.WEB-DL.DDP5.1.H.264-CRFW/Modern.Family.S09E17.Royal.Visit.1080p.DSNP.WEB-DL.DDP5.1.H.264-CRFW.mkv,Modern Family,2009,1442437,9,17,Nolan Gould,147710.0,0.872
739,870,240,1020,444,996,330,924,324,0.909,18840,1,"[-1.171886682510376, 1.444746494293213, -1.883516788482666, 1.108726978302002, -0.2511656880378723, -1.4607638120651245, -0.5436015129089355, -1.3239907026290894, 0.6442027688026428, -0.2938911020755768, 1.2418779134750366, -0.726324737071991, 0.5929301977157593, -0.48865073919296265, 0.4959915578365326, 0.8550612926483154, -0.6334283351898193, 0.06717738509178162, -1.413474678993225, -0.5784033536911011, -1.772698998451233, 1.8222548961639404, -1.513217806816101, -0.13358533382415771, 0.7788925170898438, 0.7732980847358704, 1.5445858240127563, 0.2990383505821228, 0.15699782967567444, 1.1728118658065796, 0.6667523384094238, -0.4441291093826294, 1.0747002363204956, -0.5133386254310608, -0.2994365692138672, 1.3478585481643677, 1.5755157470703125, -1.2344944477081299, 0.6421313285827637, -0.025911688804626465, 0.5830259323120117, 0.22093422710895538, -0.8213177919387817, -0.4726780354976654, 0.46573489904403687, -0.7093766927719116, 0.13261082768440247, -0.24622434377670288, -0.030319012701511383, 1.0290974378585815, 0.46073442697525024, -0.6201770901679993, 0.2511138916015625, 2.5895779132843018, -1.4731439352035522, -0.5431739687919617, 2.555406332015991, -0.8464135527610779, -1.1147565841674805, -1.184597134590149, -0.6494235396385193, -0.4449148178100586, -0.1854131817817688, -0.21922709047794342, 2.3219096660614014, -0.8193424940109253, 0.34970006346702576, -0.8373816609382629, -2.306227684020996, -1.6397528648376465, 0.29295772314071655, 0.186659574508667, -0.5573248863220215, -1.263142466545105, 0.9169595837593079, -0.6169158816337585, 0.935049295425415, 1.1548866033554077, 1.3373475074768066, -0.016774676740169525, -0.7442834377288818, 0.8720656633377075, 1.1264712810516357, -0.30909571051597595, -0.1446736454963684, 2.601144552230835, -1.3350400924682617, 3.4726855754852295, 0.665941596031189, 0.06321407854557037, 0.9581938982009888, 1.0159882307052612, 1.6476149559020996, -0.15166860818862915, 0.3086402416229248, 1.2148665189743042, -0.5716084241867065, -0.7534106969833374, -0.389579176902771, -1.0196822881698608, 0.6960554718971252, 1.2663166522979736, 0.9109744429588318, -1.8986945152282715, 0.5680903792381287, 0.649546205997467, -1.399714708328247, 2.118699550628662, 1.5927003622055054, -0.41904738545417786, -1.2393687963485718, -0.3892035484313965, -0.40670427680015564, 0.5755773186683655, 0.3254869878292084, -0.6013333797454834, 0.2275429666042328, -0.10791775584220886, 1.5897531509399414, 1.2189689874649048, -1.0806515216827393, -0.8738788366317749, 1.718615174293518, -1.587188959121704, 2.196837902069092, 0.03292522579431534, 0.9644837379455566, 0.5046114325523376]",yunet,Facenet,1920,1080,/home/amos/media/tv/modern_family/Modern.Family.S09.1080p.DSNP.WEB-DL.DDP5.1.H.264-CRFW/Modern.Family.S09E17.Royal.Visit.1080p.DSNP.WEB-DL.DDP5.1.H.264-CRFW.mkv,Modern Family,2009,1442437,9,17,Jimmy Tatro,1304335.0,0.736
740,852,192,1092,516,1056,318,966,318,0.918,18864,0,"[-1.5824092626571655, -0.8886702060699463, 0.7721006274223328, 3.0310897827148438, 0.517839789390564, -0.0009862612932920456, 0.2577490210533142, -2.0862021446228027, -0.17193663120269775, 1.5962481498718262, -0.9468826055526733, 0.7083513140678406, 0.9819537997245789, 0.2234739065170288, -1.1710244417190552, -0.5264631509780884, 0.6289361715316772, -1.1667369604110718, -2.054501533508301, 1.4022948741912842, 0.2954510748386383, 0.7514163851737976, 0.20898383855819702, -0.3986445367336273, 0.2399728000164032, 0.7511837482452393, 1.5500438213348389, -0.0725199282169342, 3.0619542598724365, -0.3225407898426056, 0.26833510398864746, -1.2526271343231201, -0.7738409042358398, -1.7062417268753052, 2.1059837341308594, -0.7314351797103882, -1.855292558670044, 0.38007652759552, -0.24749484658241272, -0.6181197166442871, -0.994331419467926, 0.4748595654964447, -0.10058405995368958, 2.393914222717285, 0.5593447089195251, -0.5422347784042358, -0.4948616325855255, 0.4542819559574127, -0.06579914689064026, -0.034472011029720306, 0.0306667722761631, 1.9316996335983276, 0.5331055521965027, -0.3386163115501404, -0.29214832186698914, 0.6596696376800537, 2.054255962371826, 0.1745065152645111, -0.8223135471343994, 0.2795543670654297, 0.04079914838075638, 0.9943504929542542, -0.624168336391449, -0.12970703840255737, -1.3852640390396118, 1.9297515153884888, 0.39826205372810364, 0.3022081255912781, 0.10969596356153488, -0.07860855758190155, -1.1402150392532349, -0.5460444688796997, -0.635915219783783, -0.8447243571281433, 1.0932921171188354, -0.38500893115997314, 0.3706444203853607, -1.0274842977523804, 0.044579632580280304, -0.61830735206604, 0.9485336542129517, 0.18676568567752838, 1.2064192295074463, 1.0140289068222046, -1.0238251686096191, 0.26463446021080017, 0.0381215363740921, -0.1230660080909729, -0.27513957023620605, -2.1246795654296875, -1.0407079458236694, 0.7235292196273804, 0.5525628328323364, -0.12581515312194824, 1.5919041633605957, 0.982457160949707, 0.5323818325996399, -1.1051664352416992, 0.42253878712654114, -1.3120239973068237, 0.054223015904426575, 1.1636388301849365, -1.921657681465149, 1.3180787563323975, 1.8643311262130737, -0.18517868220806122, 1.1642608642578125, -0.8498950004577637, 1.74295973777771, -1.8737478256225586, 0.8062399625778198, 0.4418434500694275, 0.9071037769317627, 0.7704648375511169, -0.9869087934494019, 1.0991226434707642, -1.1350603103637695, 2.218712568283081, -0.33539071679115295, -0.4271288514137268, 1.726710557937622, -0.9226957559585571, 0.34528660774230957, -1.5512953996658325, 1.4600551128387451, 0.3853568136692047, 1.6790257692337036, -0.14883649349212646]",yunet,Facenet,1920,1080,/home/amos/media/tv/modern_family/Modern.Family.S09.1080p.DSNP.WEB-DL.DDP5.1.H.264-CRFW/Modern.Family.S09E17.Royal.Visit.1080p.DSNP.WEB-DL.DDP5.1.H.264-CRFW.mkv,Modern Family,2009,1442437,9,17,Sarah Hyland,91351.0,0.734
741,594,174,840,510,810,312,744,312,0.922,18888,0,"[-1.8446152210235596, 1.6105360984802246, -2.0755908489227295, 0.7737141251564026, 0.05679963529109955, -1.3920621871948242, -0.7958118915557861, -0.7863125205039978, -0.18583881855010986, 0.6097215414047241, 2.1002798080444336, -1.3265929222106934, 0.5331934690475464, -0.8602709770202637, 0.9641562700271606, 2.1959869861602783, -1.0382449626922607, -1.1927769184112549, -2.6925103664398193, -0.5586322546005249, -0.9747949838638306, 2.0922746658325195, -1.4134912490844727, 0.51877361536026, 0.04536871612071991, 2.11167573928833, 1.8121988773345947, 0.8052011728286743, 0.4868725538253784, 0.8703435063362122, 0.8099583387374878, 1.0606051683425903, 1.0685170888900757, -1.1274851560592651, 1.0666807889938354, 1.3082716464996338, 0.9903336763381958, -0.8850225806236267, 0.8167433142662048, 0.6302379369735718, 0.452127605676651, -0.08415015041828156, -0.5478593111038208, -1.601206660270691, 0.2898247539997101, -0.20796151459217072, 0.3470328748226166, -0.5624223947525024, 0.22182898223400116, 0.9022058248519897, 0.7289968132972717, 0.08768488466739655, 0.623238742351532, 2.179159164428711, -1.0709184408187866, -0.3921651244163513, 1.4869375228881836, -1.3991174697875977, -0.9170972108840942, -1.1976776123046875, -0.3765287697315216, -0.291949987411499, -0.607454240322113, 0.2781643867492676, 1.5141764879226685, -1.5186022520065308, 0.8321087956428528, -0.19684094190597534, -0.40425780415534973, -1.3293272256851196, 0.15736739337444305, 0.07436598837375641, -0.47206562757492065, -0.44618475437164307, 1.1766592264175415, -0.32205772399902344, 0.8226240873336792, 1.3882800340652466, 0.5994747281074524, -0.5511190891265869, -0.31104981899261475, 0.6833219528198242, 0.20509549975395203, -0.052988260984420776, 0.11466506868600845, 1.877018690109253, -1.3233635425567627, 2.868277072906494, -0.09206520020961761, -0.4776221215724945, 0.44894036650657654, 0.32637521624565125, 2.7066519260406494, 0.1718870997428894, 1.2228827476501465, 1.7209213972091675, 0.05380791053175926, 0.9423802495002747, -0.26188260316848755, -1.349788784980774, -0.16551905870437622, 0.16320198774337769, -0.1419149935245514, -1.2191166877746582, 0.6229473352432251, -0.037882495671510696, -0.5988161563873291, 2.9145538806915283, 1.1206884384155273, 0.8974251747131348, -0.6146554350852966, -0.3047024607658386, 0.18192870914936066, 0.36430823802948, -0.07278066873550415, 0.4051940441131592, 0.5119105577468872, -0.8158024549484253, 0.26678264141082764, 0.8261186480522156, -0.17146766185760498, -1.4940481185913086, 1.498913288116455, -1.5326131582260132, 1.8653227090835571, -0.22356270253658295, 0.27822476625442505, 0.9690287113189697]",yunet,Facenet,1920,1080,/home/amos/media/tv/modern_family/Modern.Family.S09.1080p.DSNP.WEB-DL.DDP5.1.H.264-CRFW/Modern.Family.S09E17.Royal.Visit.1080p.DSNP.WEB-DL.DDP5.1.H.264-CRFW.mkv,Modern Family,2009,1442437,9,17,Jimmy Tatro,1304335.0,0.872
742,1236,288,1422,534,1374,390,1266,384,0.908,18888,1,"[1.140852689743042, -0.10684850066900253, 1.6822298765182495, 0.5346936583518982, 0.03909623995423317, 1.429064393043518, 0.8193808197975159, -1.9549684524536133, 0.7495699524879456, 2.6207189559936523, -0.9993672966957092, -0.09717153012752533, -0.8978338837623596, 1.3490259647369385, -1.2922443151474, 0.6570733189582825, -0.26151347160339355, -1.7415281534194946, -0.8848564624786377, -0.04438076540827751, 0.875636100769043, -0.648173451423645, 1.0280574560165405, 0.8603869080543518, 1.5641345977783203, -0.13945668935775757, 2.2336785793304443, -0.4652172923088074, 2.4034059047698975, 1.4331163167953491, -0.13307666778564453, -0.175517275929451, 0.07074146717786789, -0.21089839935302734, 0.8563308715820312, 0.3235622048377991, -1.720615029335022, -0.3261246681213379, -0.8988707661628723, 0.9702472686767578, 0.03768296539783478, -1.7288544178009033, -0.41581884026527405, 2.3966002464294434, -0.3360413908958435, -0.1728137731552124, -1.0932002067565918, -0.06813636422157288, -1.6260801553726196, -1.817888617515564, -0.23634837567806244, 0.25143998861312866, 0.18843339383602142, 0.9973855018615723, -0.7076905369758606, 0.2727528214454651, 0.7306312918663025, -0.5049924254417419, -0.3965296745300293, -0.04462383687496185, -1.1044155359268188, 1.1219981908798218, -0.29456445574760437, -1.3982701301574707, -0.6818493008613586, 1.098630428314209, 0.04588251933455467, 1.6917680501937866, 0.607912540435791, 0.481600284576416, -0.8617069721221924, 0.06344051659107208, 0.8321191668510437, -0.6237855553627014, 0.3229990303516388, 0.4916646480560303, 1.3692349195480347, -1.0556042194366455, 0.4554465413093567, -0.4077422022819519, 1.1165722608566284, -0.07572568953037262, 1.1379574537277222, -0.3715861737728119, -0.030901320278644562, -0.6844278573989868, -0.15380866825580597, -0.8596965074539185, 2.0684010982513428, -0.3319114148616791, -0.5025568008422852, -0.17980729043483734, 1.0444073677062988, -0.7173929810523987, 0.8234235644340515, 1.7568726539611816, 0.05361993983387947, -0.8824629783630371, -0.2707532048225403, 0.014332553371787071, -0.4435713291168213, 1.221011757850647, -1.7549630403518677, 0.04691872000694275, -0.00651976466178894, -0.22590573132038116, -0.030049586668610573, -0.18933802843093872, 1.5679091215133667, -0.9615609049797058, 0.2093418389558792, 0.981797993183136, 0.25701379776000977, -1.7015266418457031, -0.15884622931480408, 0.8342441320419312, -0.3296715021133423, 1.5358772277832031, 0.5587841868400574, -1.544368028640747, 2.367612838745117, -0.16928572952747345, 1.1330757141113281, -1.1778663396835327, 2.543909788131714, 0.47692713141441345, 1.9348045587539673, 1.1260321140289307]",yunet,Facenet,1920,1080,/home/amos/media/tv/modern_family/Modern.Family.S09.1080p.DSNP.WEB-DL.DDP5.1.H.264-CRFW/Modern.Family.S09E17.Royal.Visit.1080p.DSNP.WEB-DL.DDP5.1.H.264-CRFW.mkv,Modern Family,2009,1442437,9,17,Ariel Winter,42160.0,0.748
743,606,162,840,492,822,300,762,294,0.921,18912,0,"[-1.6655571460723877, 1.5363537073135376, -1.4828158617019653, 0.4972626864910126, -0.3843538463115692, -1.1533650159835815, -0.9583671689033508, -1.3791606426239014, -0.07220225036144257, -0.5108059644699097, 1.8298020362854004, -0.7327994704246521, 0.5141680836677551, -0.572013258934021, 0.5592440366744995, 1.5037429332733154, -0.6539325714111328, -1.248826503753662, -2.602663040161133, 0.03195348381996155, -0.6647868156433105, 1.8108552694320679, -1.2291136980056763, -0.7519497871398926, 0.617861270904541, 1.29788339138031, 1.8859513998031616, 0.6091599464416504, 0.39915579557418823, 1.0031311511993408, 0.3496095836162567, 0.9204717874526978, -0.07039082050323486, -0.1455666720867157, 0.47075408697128296, 1.4534660577774048, 0.6650842428207397, -1.7319226264953613, 0.7556751370429993, -0.3902677893638611, 0.11128328740596771, 0.1868656426668167, -1.6230145692825317, -0.47367194294929504, 0.30281537771224976, -0.7679367661476135, 0.18497398495674133, -0.8858088254928589, 0.2427489012479782, 1.8525608777999878, -0.033046841621398926, -0.6514043211936951, 1.1740812063217163, 1.8806829452514648, -0.9551753401756287, -1.308657169342041, 2.012643337249756, -1.2630695104599, -0.9419498443603516, -1.0601069927215576, -0.8919873833656311, -0.3644336462020874, -0.365273654460907, 0.39666080474853516, 1.4872251749038696, -1.295556902885437, 0.40980207920074463, -1.3833606243133545, -1.0431153774261475, -1.316392183303833, -0.17453131079673767, 0.1675647497177124, -1.1013572216033936, -0.9853049516677856, 1.4876848459243774, -0.14749382436275482, 0.5604139566421509, 1.285308837890625, 1.5402226448059082, -0.3323189616203308, -0.40328845381736755, 0.8762531280517578, 0.5817789435386658, -0.15766797959804535, 1.089758276939392, 2.156332492828369, -1.410199522972107, 2.7903659343719482, -0.41663146018981934, -0.37977534532546997, 0.9368309378623962, 0.5191214680671692, 0.9919952154159546, -0.5160924792289734, 1.3878521919250488, 2.3257620334625244, -0.5854030251502991, -0.17712579667568207, 0.1535823941230774, -1.791835904121399, 0.2608181834220886, 0.7320753931999207, -0.11125211417675018, -1.2556793689727783, 0.6735281944274902, 0.5339829325675964, -0.43744322657585144, 3.0645911693573, 1.105919599533081, -0.6787298917770386, -0.361039936542511, -0.785629153251648, 0.06562086194753647, 0.5952856540679932, 0.44901353120803833, 0.6830853223800659, 0.7832624912261963, -0.34322741627693176, 0.20887166261672974, 1.0596085786819458, 0.7421707510948181, -1.7775193452835083, 1.6724514961242676, -2.357093572616577, 1.5654956102371216, -1.0091627836227417, 0.2216208279132843, 0.3838956654071808]",yunet,Facenet,1920,1080,/home/amos/media/tv/modern_family/Modern.Family.S09.1080p.DSNP.WEB-DL.DDP5.1.H.264-CRFW/Modern.Family.S09E17.Royal.Visit.1080p.DSNP.WEB-DL.DDP5.1.H.264-CRFW.mkv,Modern Family,2009,1442437,9,17,Jimmy Tatro,1304335.0,0.788
744,1302,306,1482,534,1410,396,1338,390,0.904,18912,1,"[0.8365782499313354, -0.3556996285915375, 2.204838514328003, 0.4746045172214508, 0.046411558985710144, 1.319003939628601, 0.6864231824874878, -1.5616354942321777, 0.9660736918449402, 2.189157724380493, -1.1501007080078125, -0.45807763934135437, -1.457667589187622, 1.7279466390609741, -1.3254802227020264, 0.6604624390602112, -0.14797358214855194, -1.670456886291504, -0.9540823698043823, -0.10144072771072388, 0.42076238989830017, -0.5772920846939087, 1.1124504804611206, 0.7667168378829956, 1.3626562356948853, 0.1444549709558487, 2.448455810546875, -0.6787199378013611, 2.2268247604370117, 1.4785972833633423, -0.14679424464702606, -0.2907350957393646, 0.07496850937604904, -0.2649424970149994, 0.6317363977432251, 0.8450306057929993, -1.5275920629501343, -0.5598422288894653, -0.7697714567184448, 1.0546422004699707, -0.0330636128783226, -1.8548731803894043, -0.8617386817932129, 2.263516426086426, 0.45589059591293335, -0.23315025866031647, -1.2440203428268433, 0.07821914553642273, -1.3977447748184204, -1.7654212713241577, 0.12476320564746857, 0.12830668687820435, -0.032563403248786926, 0.8866413831710815, -1.1825616359710693, 0.257504940032959, 0.9660045504570007, -0.6777299046516418, -0.28604111075401306, 0.34067222476005554, -0.8608255982398987, 0.9493955969810486, -0.13862931728363037, -1.2068071365356445, -0.6740459203720093, 1.1833328008651733, 0.2854735553264618, 1.8813196420669556, 0.4369496703147888, 0.901199460029602, -1.2727073431015015, 0.3628232181072235, 0.9755412936210632, -0.9163626432418823, 0.6383572816848755, 0.2611496150493622, 1.1689331531524658, -1.0595135688781738, 0.009630560874938965, -0.1221185028553009, 0.22382396459579468, 0.06530113518238068, 1.170654296875, -0.2983761429786682, -0.36369508504867554, -0.8104501962661743, 0.014597943052649498, -1.094864845275879, 1.9786537885665894, -0.4318617582321167, -0.40753373503685, -0.023153958842158318, 0.8226189613342285, -0.9350677728652954, 0.44520390033721924, 1.328961968421936, 0.01830771192908287, -0.7830355167388916, -0.2305573970079422, 0.3982388973236084, -0.21410372853279114, 1.3564739227294922, -1.8549883365631104, 0.10318716615438461, 0.37842315435409546, -0.0369582325220108, -0.7225258946418762, -0.17207711935043335, 1.4185620546340942, -0.6979023814201355, 0.16572722792625427, 0.6619508862495422, 0.35855284333229065, -1.6747853755950928, 0.08862537890672684, 1.0676888227462769, -0.20378796756267548, 1.3740839958190918, 0.19474485516548157, -1.7677479982376099, 2.4130940437316895, -0.28601813316345215, 0.8899728655815125, -1.2218278646469116, 2.3894050121307373, -0.13953691720962524, 1.5741347074508667, 1.1669902801513672]",yunet,Facenet,1920,1080,/home/amos/media/tv/modern_family/Modern.Family.S09.1080p.DSNP.WEB-DL.DDP5.1.H.264-CRFW/Modern.Family.S09E17.Royal.Visit.1080p.DSNP.WEB-DL.DDP5.1.H.264-CRFW.mkv,Modern Family,2009,1442437,9,17,Ariel Winter,42160.0,0.766
745,1344,312,1530,552,1476,402,1380,402,0.92,18936,0,"[0.5546572804450989, -0.3035812973976135, 1.9226689338684082, 0.34858837723731995, -0.28493085503578186, 1.1808587312698364, 0.8408603668212891, -1.6766780614852905, 0.447864830493927, 2.4613821506500244, -1.006806492805481, -0.37273430824279785, -0.9059029221534729, 2.141561269760132, -1.0370720624923706, 0.8408505320549011, -0.2114352583885193, -1.888888955116272, -0.879028856754303, -0.38441023230552673, 0.32306501269340515, -0.5336081981658936, 0.48654937744140625, 1.011383295059204, 1.9034361839294434, 0.25601452589035034, 2.320344924926758, -0.28948456048965454, 2.5240139961242676, 1.1664663553237915, 0.25568050146102905, -0.3097565472126007, 0.36396726965904236, 0.01805800199508667, 1.172529935836792, 0.4187074303627014, -1.5787088871002197, -0.25029826164245605, -0.45665740966796875, 1.2513811588287354, 0.05048340559005737, -1.5501306056976318, -0.6454676389694214, 1.9794042110443115, -0.21702486276626587, -0.7029677629470825, -1.0379050970077515, 0.07318681478500366, -1.1455202102661133, -1.9070179462432861, -0.23537404835224152, 0.5982992649078369, 0.06292357295751572, 0.8675118088722229, -1.026026964187622, 0.47299039363861084, 1.2804635763168335, -0.4388980567455292, -0.1784716546535492, 0.2666875123977661, -0.6845515966415405, 1.0137373208999634, -0.5075861215591431, -1.1149680614471436, -0.5868363380432129, 1.0082972049713135, 0.22753024101257324, 1.8962852954864502, 0.5582364201545715, 0.8560507297515869, -0.9281715750694275, 0.07652230560779572, 1.1686986684799194, -0.8509303331375122, 0.40922120213508606, 0.22496327757835388, 1.8209506273269653, -1.0638427734375, 0.257464736700058, -0.06601735949516296, 0.5741375684738159, -0.11015342175960541, 1.306985855102539, -0.29984670877456665, -0.06964951008558273, -0.39412757754325867, 0.12772107124328613, -0.8449565768241882, 1.9067457914352417, 0.005214126780629158, -0.6010102033615112, -0.14402545988559723, 0.8904388546943665, -1.0892735719680786, 0.8136661052703857, 1.6878384351730347, -0.0926886647939682, -0.5551599860191345, 0.049479223787784576, 0.3080123960971832, -0.47887861728668213, 1.6683571338653564, -1.7389867305755615, 0.2060190737247467, 0.5848700404167175, 0.11962871253490448, -0.3365064561367035, 0.051366694271564484, 1.4858125448226929, -1.0594398975372314, 0.17931118607521057, 0.7818180918693542, 0.20099686086177826, -1.717026948928833, 0.027474112808704376, 0.756665825843811, 0.2248925268650055, 1.583197832107544, 0.6400715708732605, -1.6935482025146484, 2.618525266647339, -0.11118297278881073, 0.8485934734344482, -1.1209373474121094, 2.666470766067505, 0.27564340829849243, 1.7238397598266602, 1.2449325323104858]",yunet,Facenet,1920,1080,/home/amos/media/tv/modern_family/Modern.Family.S09.1080p.DSNP.WEB-DL.DDP5.1.H.264-CRFW/Modern.Family.S09E17.Royal.Visit.1080p.DSNP.WEB-DL.DDP5.1.H.264-CRFW.mkv,Modern Family,2009,1442437,9,17,Ariel Winter,42160.0,0.729
746,456,240,720,570,648,372,534,372,0.918,18936,1,"[-0.8676224946975708, 2.0330495834350586, -1.2543877363204956, 0.7995738983154297, 0.1498839110136032, -0.8224685192108154, -0.46318143606185913, -1.492163062095642, 0.4928334653377533, 0.32280343770980835, 1.7952399253845215, -0.8360145688056946, 1.2684061527252197, -1.4380366802215576, 0.9859621524810791, 1.9483965635299683, -0.7126739025115967, -0.6667301058769226, -2.5616331100463867, -0.00528211472555995, 0.025653496384620667, 2.039926528930664, -1.706069827079773, 1.7591609954833984, 0.5453090071678162, 1.5529156923294067, 1.0634980201721191, 1.8657296895980835, 0.5210285186767578, 0.005865840241312981, 0.38451340794563293, 0.7858299612998962, -0.5816917419433594, 0.21087831258773804, 0.36183419823646545, 0.12266905605792999, 0.9871475696563721, -2.0230588912963867, 0.5740816593170166, 0.603238582611084, 0.13917505741119385, -0.4832674264907837, 0.4504145383834839, -0.9414612054824829, -0.18983466923236847, 0.44728487730026245, 0.7845006585121155, -0.6981536149978638, 0.4573720097541809, 0.49167945981025696, 0.24793237447738647, -0.6912950873374939, -0.04276210814714432, 2.3189258575439453, -0.8498024940490723, -0.03215138614177704, 1.6354362964630127, -1.7760475873947144, -0.2425718605518341, -0.5112884640693665, -0.7685642242431641, 0.6787838339805603, 0.3234664499759674, 0.7654984593391418, 1.5700236558914185, -0.7939386367797852, 0.6781591773033142, -0.40092113614082336, -0.9413425922393799, -1.692797064781189, -0.08617298305034637, 0.38004449009895325, 0.4858350455760956, -0.3424808979034424, 0.5399567484855652, -0.20569363236427307, 0.9309358596801758, 1.249696135520935, 0.4636423587799072, 0.04166947305202484, -0.7292150259017944, -0.35194602608680725, -0.09622260928153992, -0.18230652809143066, 0.392566978931427, 1.3220460414886475, -1.4411201477050781, 2.1550447940826416, 0.8747749328613281, -0.9411066174507141, 1.8929288387298584, 0.17702437937259674, 1.9780714511871338, -0.4924226701259613, 2.1555240154266357, 1.2170404195785522, 0.28942984342575073, -0.1385422646999359, -0.07936271280050278, -1.8886191844940186, 0.8775802254676819, 0.6569844484329224, -0.07051621377468109, -1.1294926404953003, -0.11343562602996826, 0.461773157119751, -1.0879731178283691, 1.3943078517913818, 0.9904106855392456, 0.09500342607498169, -0.1436397135257721, -0.49658864736557007, 0.24311497807502747, 0.31655651330947876, 0.3702823519706726, 0.36175236105918884, 0.19931678473949432, 0.4787096381187439, 0.5621292591094971, 1.3777235746383667, -0.7417402267456055, -0.5639452934265137, 2.7677414417266846, -1.8060353994369507, 1.4342979192733765, -0.19293087720870972, 1.785353660583496, 0.010542348027229309]",yunet,Facenet,1920,1080,/home/amos/media/tv/modern_family/Modern.Family.S09.1080p.DSNP.WEB-DL.DDP5.1.H.264-CRFW/Modern.Family.S09E17.Royal.Visit.1080p.DSNP.WEB-DL.DDP5.1.H.264-CRFW.mkv,Modern Family,2009,1442437,9,17,Jimmy Tatro,1304335.0,0.835
747,630,222,852,510,816,336,738,342,0.921,18960,0,"[-1.9020824432373047, 2.014768123626709, -1.9124373197555542, 0.8696060180664062, 0.9581870436668396, -2.6304290294647217, -1.097887396812439, -1.367673397064209, -0.46298491954803467, -0.4001902937889099, 2.604844570159912, -0.9076758027076721, 1.5720648765563965, -2.113541841506958, 1.6571296453475952, 1.5003093481063843, -0.7036879062652588, -0.41235780715942383, -1.6646583080291748, 0.3171139657497406, -1.6127814054489136, 2.2351980209350586, -1.7314856052398682, 0.8380507826805115, -0.16149602830410004, 1.3951544761657715, 1.8910377025604248, 1.6839591264724731, 0.8882170915603638, 1.215558648109436, 0.2269311398267746, 0.31594711542129517, 1.3476945161819458, -0.51350998878479, -0.0740434005856514, 1.665781021118164, 1.5020337104797363, -1.5248297452926636, 0.2573045492172241, 0.256613552570343, 0.7888568043708801, 0.1420994997024536, -1.1339478492736816, -0.14970508217811584, -0.03940308094024658, -0.44273895025253296, 0.2735736668109894, -0.8762549161911011, 1.441849946975708, 0.9763991832733154, 0.2464187741279602, -0.1576700657606125, 0.22772830724716187, 2.71073055267334, -1.1653938293457031, -0.22822578251361847, 0.5858067274093628, -1.5717573165893555, -0.6935635805130005, 0.03924327343702316, -0.4769763946533203, -0.7873705625534058, -0.1555524319410324, -0.21552713215351105, 1.4927154779434204, -0.06537072360515594, 0.32412564754486084, -0.2635281980037689, -0.15838320553302765, -0.8091393709182739, -0.3658810257911682, 0.06399674713611603, -0.6234961152076721, -0.21139301359653473, 0.4495525062084198, 0.10434216260910034, 0.8186274766921997, 1.050127387046814, 0.8399749994277954, 0.31237053871154785, -1.0600746870040894, 1.1876384019851685, 0.34954455494880676, 0.7937721610069275, 1.226577877998352, 2.1089532375335693, -1.4121160507202148, 2.900041103363037, -0.4018242359161377, -0.26773354411125183, 1.140774130821228, 1.4718927145004272, 2.158700942993164, -0.22406738996505737, 0.3683675527572632, 0.47579818964004517, -0.610888659954071, -0.2926240861415863, -0.8149381875991821, -1.7731506824493408, 0.03708808124065399, 0.30475515127182007, 0.8499470949172974, -0.8537251353263855, 0.48827189207077026, 1.0862301588058472, -0.5392795205116272, 2.0036680698394775, 0.33104994893074036, 0.14069361984729767, -0.42744016647338867, -0.8770711421966553, -0.7813948392868042, 0.8104677200317383, 0.9528358578681946, 0.3509691059589386, 0.3462969958782196, -1.324907898902893, 1.530802607536316, 2.1087679862976074, -0.0035819560289382935, -0.7372459173202515, 1.3486846685409546, -2.2215447425842285, 1.3529902696609497, -0.3374869227409363, 1.0663748979568481, 1.3979179859161377]",yunet,Facenet,1920,1080,/home/amos/media/tv/modern_family/Modern.Family.S09.1080p.DSNP.WEB-DL.DDP5.1.H.264-CRFW/Modern.Family.S09E17.Royal.Visit.1080p.DSNP.WEB-DL.DDP5.1.H.264-CRFW.mkv,Modern Family,2009,1442437,9,17,Jimmy Tatro,1304335.0,0.752
748,1416,348,1602,582,1542,444,1458,444,0.919,18960,1,"[0.36804279685020447, -0.2824260890483856, 2.486828327178955, 0.07421538978815079, -0.540835440158844, 0.6092121005058289, 1.1408692598342896, -2.2301318645477295, 0.6645423173904419, 1.7871567010879517, -0.7012669444084167, -0.19197379052639008, 0.1280374526977539, 1.1373271942138672, -1.358363151550293, 0.39308685064315796, -0.08720636367797852, -2.300100564956665, -0.771809995174408, -0.06282462179660797, 0.7174811363220215, -0.9788533449172974, 0.07856344431638718, 1.0846177339553833, 0.5074176788330078, 0.1075582280755043, 2.4425594806671143, -0.5689895153045654, 2.24375581741333, 1.4522403478622437, -0.495001882314682, -0.8396031856536865, 0.4890286326408386, -0.05439378321170807, 0.6314492225646973, 1.1211998462677002, -1.9391498565673828, -0.5000801086425781, -0.35178342461586, 0.8839943408966064, 0.5781850814819336, -0.786109209060669, -1.1255457401275635, 2.2441864013671875, -0.918989360332489, -0.7370381951332092, -0.9125860929489136, 0.17971183359622955, -1.6617887020111084, -2.7280900478363037, 0.0010178610682487488, 0.5758237242698669, -0.5887190699577332, 0.4042336940765381, -0.7959434390068054, 0.6046358346939087, 1.6871378421783447, 0.061430420726537704, -0.7714818120002747, 0.012420028448104858, -1.055673599243164, 0.38120174407958984, -0.371371865272522, -0.8065064549446106, -0.5064343214035034, 1.527483582496643, 0.23857638239860535, 1.8169273138046265, 0.4916733503341675, 1.3325185775756836, -0.3578369915485382, 0.47483745217323303, 0.6803248524665833, -1.204832911491394, 0.7496140003204346, 0.6455390453338623, 0.9323058128356934, -0.728018581867218, -0.16663821041584015, -0.5436140894889832, 0.5136181116104126, -0.46491843461990356, 1.1860722303390503, -0.5381661057472229, 0.01186070591211319, -0.13815489411354065, 0.12111814320087433, -0.8834704160690308, 0.7983270883560181, -0.6080146431922913, 0.03975962847471237, -0.008657403290271759, 1.6526786088943481, -0.5049393177032471, 0.5480341911315918, 1.6945332288742065, -0.08270357549190521, -0.8322729468345642, -0.47339802980422974, -0.04981289803981781, -0.3321443200111389, 1.940049171447754, -1.3807015419006348, 0.24252422153949738, 0.16346457600593567, 0.1105228066444397, -0.5670377016067505, -0.8687686920166016, 0.9852250814437866, -0.676948606967926, 0.06174515187740326, 0.8768736720085144, 0.22051283717155457, -1.2500026226043701, -0.4692215025424957, 1.3474841117858887, -0.4097912609577179, 1.2167749404907227, 0.6122304201126099, -1.0288389921188354, 1.9077377319335938, 0.2129102647304535, 1.285033941268921, -2.1835427284240723, 2.6807923316955566, 0.15735206007957458, 1.8390523195266724, 1.36686110496521]",yunet,Facenet,1920,1080,/home/amos/media/tv/modern_family/Modern.Family.S09.1080p.DSNP.WEB-DL.DDP5.1.H.264-CRFW/Modern.Family.S09E17.Royal.Visit.1080p.DSNP.WEB-DL.DDP5.1.H.264-CRFW.mkv,Modern Family,2009,1442437,9,17,Ariel Winter,42160.0,0.636
749,954,198,1164,468,1092,288,996,288,0.937,18984,0,"[-1.0719414949417114, -2.0751399993896484, 0.20784129202365875, 2.219072103500366, 1.9131444692611694, -0.509836733341217, -0.08041737973690033, -1.0605727434158325, 0.3885127902030945, 1.7773195505142212, -1.978446364402771, 0.3226419687271118, 0.6032999753952026, 0.6897138357162476, -0.37818291783332825, -0.08554122596979141, -0.7187415361404419, -0.07369840145111084, -0.798677384853363, -0.3681901693344116, 0.04980577528476715, -0.3374797999858856, -0.20806074142456055, 0.6882660388946533, -0.22155748307704926, 0.4846882224082947, 1.0824166536331177, -1.1982238292694092, 3.0395517349243164, 1.467000126838684, 1.0187186002731323, -2.0495247840881348, 0.008768738247454166, -2.1977272033691406, 1.3747632503509521, -0.6195182204246521, -1.7046408653259277, 2.004413366317749, -0.4295307397842407, 0.3821760416030884, 1.1733051538467407, 0.28652283549308777, 0.7367095947265625, 0.9715222120285034, -0.31643548607826233, 0.1403302550315857, -0.48994141817092896, 0.965027928352356, -0.2522755265235901, 0.29300445318222046, -0.9227923154830933, 2.832087278366089, 1.627575159072876, -0.7303340435028076, 1.3459632396697998, 0.13351549208164215, 0.3092132806777954, 0.7885403037071228, 1.7096387147903442, 1.219589114189148, 0.9342008233070374, -0.4237302541732788, -0.7835638523101807, 0.40148183703422546, -1.5222104787826538, 1.722332239151001, -0.7622683644294739, 0.29128217697143555, -0.012076985090970993, 0.08264003694057465, -0.016131795942783356, -1.0659434795379639, -0.08645163476467133, -0.33395594358444214, 0.46663257479667664, -0.8103331327438354, 0.3432595431804657, 0.597675621509552, -0.4315774440765381, -0.7314069271087646, -0.9033806324005127, -0.17503322660923004, 1.5651264190673828, 0.3697988986968994, -1.3097869157791138, 0.2985292375087738, -0.6991268396377563, -0.2162146270275116, -0.07442671060562134, -2.02791166305542, -1.2151068449020386, 1.3401437997817993, 0.25721415877342224, 0.43885865807533264, 1.449115514755249, -0.1460338979959488, -0.2955107092857361, -0.9525425434112549, -0.05962273105978966, -0.39397090673446655, -0.5444612503051758, 1.7494394779205322, -0.9557226896286011, 1.2748748064041138, 0.9606508612632751, -0.5988950729370117, 1.6345301866531372, -0.3063937723636627, 0.4770439863204956, -0.841707706451416, 1.365761637687683, 0.3862544298171997, 0.4524281620979309, 0.3015608489513397, -1.5760986804962158, 0.13815662264823914, 0.3293958008289337, 1.4983054399490356, -1.4836952686309814, -0.585138201713562, 1.7861076593399048, -0.24897298216819763, -0.16604062914848328, -3.0895378589630127, -1.2961605787277222, 1.6832572221755981, 1.3729556798934937, -0.5593439340591431]",yunet,Facenet,1920,1080,/home/amos/media/tv/modern_family/Modern.Family.S09.1080p.DSNP.WEB-DL.DDP5.1.H.264-CRFW/Modern.Family.S09E17.Royal.Visit.1080p.DSNP.WEB-DL.DDP5.1.H.264-CRFW.mkv,Modern Family,2009,1442437,9,17,Sarah Hyland,91351.0,0.614
750,912,204,1098,468,984,306,942,306,0.911,19008,0,"[0.24452641606330872, -1.2310606241226196, -0.145662322640419, -0.7236731052398682, 1.5552042722702026, 0.41129085421562195, 0.08904623985290527, -0.1146698147058487, -1.267853856086731, 1.4356231689453125, -0.8213052749633789, 1.1495957374572754, 0.8212014436721802, 1.5495103597640991, 0.028647765517234802, -0.6661288142204285, -0.11651936173439026, -1.589294195175171, -0.05679444968700409, 0.7941948175430298, 0.024288460612297058, -0.04412069916725159, -0.008190613240003586, -0.9307933449745178, -0.7601150870323181, 1.306656837463379, 1.6878407001495361, -1.1573011875152588, 1.7057770490646362, 0.03440599888563156, 0.725701093673706, 0.1031886488199234, 0.3025260269641876, -1.1875364780426025, 0.22517435252666473, -0.2901819050312042, 0.1895861029624939, -0.7605186700820923, -0.5584359169006348, -1.3954631090164185, -0.17333807051181793, 1.1091296672821045, -0.1592690348625183, 1.577470064163208, -0.8375572562217712, -1.3131319284439087, -0.38220101594924927, 0.09328855574131012, -0.7727698683738708, 0.4799012243747711, -0.962644636631012, 2.03192138671875, -0.8914835453033447, -0.18259721994400024, 0.6078559756278992, 0.3144795596599579, 0.7630441188812256, 0.6462346315383911, 0.8338612914085388, -0.053002625703811646, 0.4949777126312256, -0.22083933651447296, 1.991058349609375, 1.2780427932739258, -1.8671166896820068, 1.4242242574691772, -0.9850707054138184, 0.5719702839851379, 0.6314780116081238, 0.7243255376815796, -1.253206491470337, 0.5357077121734619, -1.2477095127105713, 0.04400792717933655, 0.8125437498092651, -0.22271966934204102, -0.9050395488739014, -2.0424935817718506, -0.3649464249610901, -1.031729817390442, -1.4927815198898315, 1.3647061586380005, 0.2594870328903198, 1.8768805265426636, 0.060799598693847656, -0.9796675443649292, -0.5750311613082886, -0.5486827492713928, 0.9422345161437988, -1.6744405031204224, -2.9629085063934326, -1.0272492170333862, 0.1965494155883789, -0.18335524201393127, 1.5143687725067139, 0.2789137661457062, 0.3709758520126343, -1.4033925533294678, 1.1668076515197754, -1.0911785364151, -0.09387858211994171, 0.2227928340435028, -1.322658896446228, 1.483086109161377, 1.3316110372543335, 0.2916298508644104, 0.40725836157798767, 0.08974185585975647, 1.3971091508865356, -0.6164162158966064, 1.6184382438659668, -0.4848819375038147, 1.0330647230148315, 1.2589092254638672, 0.21288378536701202, 1.1774609088897705, -0.5416842699050903, 0.44465699791908264, -0.4748694598674774, -1.0127079486846924, 1.8552055358886719, 1.1640897989273071, -0.3543315529823303, -1.214518427848816, -0.8437754511833191, 0.146127849817276, 0.4237380921840668, -0.9269855618476868]",yunet,Facenet,1920,1080,/home/amos/media/tv/modern_family/Modern.Family.S09.1080p.DSNP.WEB-DL.DDP5.1.H.264-CRFW/Modern.Family.S09E17.Royal.Visit.1080p.DSNP.WEB-DL.DDP5.1.H.264-CRFW.mkv,Modern Family,2009,1442437,9,17,Sarah Hyland,91351.0,0.532
751,942,210,1158,492,1098,324,996,324,0.917,19032,0,"[1.1966233253479004, -0.03797033056616783, 2.1543991565704346, -0.22016555070877075, -0.2735840678215027, 0.8639859557151794, 1.478560209274292, -1.6366668939590454, 0.2643771469593048, 2.837307929992676, -1.0918201208114624, 0.1310633420944214, -0.23550425469875336, 1.3202086687088013, -1.1928266286849976, 1.3791333436965942, 0.14808246493339539, -2.4910030364990234, -0.685531735420227, 0.1005248948931694, 0.6002024412155151, -0.9141939878463745, 0.8282678127288818, 1.2036769390106201, 0.8452539443969727, -0.3661029636859894, 3.0033962726593018, -0.4623417258262634, 1.9142072200775146, 1.814395546913147, -0.6082378625869751, -0.3133452236652374, 0.5794416666030884, -0.6962721347808838, -0.13900545239448547, 0.11446206271648407, -1.511852741241455, -0.13695675134658813, -0.5746334195137024, 0.5736881494522095, -0.10533589124679565, -1.6211624145507812, -0.9388300180435181, 2.0364813804626465, 0.186076819896698, -0.6458163261413574, -1.3084843158721924, 0.49031099677085876, -1.9461617469787598, -1.7866910696029663, -0.4982721209526062, 0.566801130771637, -0.3329674005508423, 1.1002646684646606, -1.3968700170516968, 0.3014557361602783, 1.0337427854537964, 0.2696354389190674, -0.8082934021949768, -0.11327815055847168, -1.5930744409561157, 0.8941509127616882, -0.05990566313266754, -0.5775598287582397, -0.8030564188957214, 0.793969452381134, 0.33744004368782043, 1.0687390565872192, 0.3152705132961273, 0.9534491300582886, -0.6723039746284485, 0.6726078987121582, 1.0748366117477417, 0.036000579595565796, 0.2591378092765808, -0.3429427444934845, 0.7544394731521606, -1.0735790729522705, 0.541528046131134, -0.8337457180023193, 0.376485675573349, -0.2827072739601135, 0.8024470210075378, -0.6864492893218994, 0.15823884308338165, -0.34969913959503174, 0.5946671962738037, -1.9243733882904053, 1.30403470993042, -0.7251276969909668, -0.6375634074211121, -0.012302794493734837, 1.882209062576294, -0.5427462458610535, 0.8946618437767029, 1.4393365383148193, 0.17884360253810883, -0.7705544829368591, -1.2023134231567383, -0.3782069683074951, -0.5257280468940735, 1.8522510528564453, -1.1771113872528076, -0.14209513366222382, -0.2671210467815399, -0.15045727789402008, -0.9389916658401489, -0.9198288917541504, 1.2176499366760254, 0.3009316623210907, -0.3980221152305603, 1.2824653387069702, 0.7592121362686157, -1.2441339492797852, -0.8695054054260254, 1.1801543235778809, -0.5861858129501343, 1.1913567781448364, -0.5719959735870361, -1.5003933906555176, 1.9422959089279175, 0.30915775895118713, 1.2523808479309082, -1.2668640613555908, 2.1300675868988037, 0.7936699986457825, 1.9507863521575928, 0.9114766716957092]",yunet,Facenet,1920,1080,/home/amos/media/tv/modern_family/Modern.Family.S09.1080p.DSNP.WEB-DL.DDP5.1.H.264-CRFW/Modern.Family.S09E17.Royal.Visit.1080p.DSNP.WEB-DL.DDP5.1.H.264-CRFW.mkv,Modern Family,2009,1442437,9,17,Ariel Winter,42160.0,0.671
752,804,186,1002,456,960,288,888,288,0.913,19080,0,"[0.08606353402137756, 1.3047665357589722, 0.4680593013763428, 0.5220605134963989, -0.4463440477848053, -0.3059666156768799, -0.8444139957427979, 0.3508002460002899, -0.6469151377677917, -0.255651593208313, 0.4207790791988373, 0.5150331258773804, -0.12383942306041718, -0.5698521137237549, -2.145895481109619, 0.06796439737081528, 0.2809981107711792, -0.9753068089485168, -1.089007019996643, 1.5193054676055908, -1.0944182872772217, 1.896865725517273, -0.14939828217029572, 0.3881886899471283, -0.4021686315536499, 1.6296496391296387, -2.102344036102295, 1.8223239183425903, 1.915229082107544, -1.8593498468399048, 0.14755049347877502, -0.6122506260871887, -0.34919244050979614, -1.0941249132156372, 0.4928651452064514, 0.058849092572927475, 1.1104410886764526, 0.9320484399795532, 0.8634015321731567, 0.558120608329773, -0.8779153823852539, 0.8058086633682251, -1.7119982242584229, 0.735824465751648, -0.3884507715702057, -0.3192444443702698, 0.4720557630062103, 0.45780691504478455, -0.17802447080612183, -0.7453896999359131, 0.6512352824211121, -0.3789054751396179, -0.14901724457740784, -0.69239741563797, -0.06514987349510193, 0.5351802706718445, 1.6040350198745728, 0.9248279333114624, 0.37123921513557434, 0.1904108226299286, 0.3489707112312317, -1.0446161031723022, -1.2481931447982788, -0.7946708798408508, -1.2874594926834106, 2.237032175064087, 1.1659586429595947, 1.1410582065582275, 1.2938823699951172, -0.31153595447540283, -1.2969731092453003, 0.8166515827178955, -1.3467544317245483, 1.3356502056121826, -0.12428183853626251, 1.789780855178833, -0.3787461817264557, 1.4518650770187378, 1.0666245222091675, 0.40675461292266846, -0.3870803117752075, -1.6584398746490479, -0.24867650866508484, -0.2470282018184662, -1.0013384819030762, -0.1553824543952942, 0.03616628050804138, -0.2596387267112732, 0.17158009111881256, -0.021096330136060715, 0.7269279956817627, -1.5843044519424438, -0.546387255191803, -1.4053643941879272, 0.439910888671875, -0.5779995322227478, 0.21158041059970856, -0.7209335565567017, 0.5418874025344849, -2.2677972316741943, -0.5780649781227112, 0.6051322817802429, -2.2366414070129395, -0.2788681089878082, -0.3238897919654846, 0.8213456869125366, 1.1174485683441162, -2.1107254028320312, 0.6298549175262451, 0.820247232913971, 0.14442753791809082, 1.1431525945663452, 0.6851431131362915, -0.16325855255126953, 0.06591956317424774, 2.092989683151245, -1.3534749746322632, -2.0373318195343018, -0.09973379224538803, 0.24685509502887726, -0.5309220552444458, 0.16198842227458954, -1.193028211593628, -0.8324168920516968, 1.527180790901184, -0.7730616927146912, 1.111076831817627, -1.2337064743041992]",yunet,Facenet,1920,1080,/home/amos/media/tv/modern_family/Modern.Family.S09.1080p.DSNP.WEB-DL.DDP5.1.H.264-CRFW/Modern.Family.S09E17.Royal.Visit.1080p.DSNP.WEB-DL.DDP5.1.H.264-CRFW.mkv,Modern Family,2009,1442437,9,17,Ty Burrell,15232.0,0.712
753,840,174,1044,444,1008,282,924,276,0.919,19104,0,"[0.3356080949306488, 1.3048405647277832, 0.6554818153381348, 0.2634198069572449, -1.1749682426452637, -0.5111631155014038, -0.35490015149116516, 0.19631817936897278, -1.0135360956192017, -0.16275063157081604, 0.19462108612060547, 0.6039124131202698, 0.4532114863395691, -0.8492608070373535, -2.053802013397217, 0.26285320520401, -0.18373775482177734, -0.8049151301383972, -0.3133727014064789, 1.1740719079971313, -0.3935299217700958, 1.7937839031219482, -0.1411226987838745, 0.7160403728485107, -0.03873318433761597, 1.761870265007019, -1.8345110416412354, 1.9038056135177612, 2.1342999935150146, -1.7752759456634521, -0.5229932069778442, 0.3046805262565613, -0.28225091099739075, -0.47003260254859924, 0.8169897198677063, -0.8012470006942749, 0.7941205501556396, 0.7629889845848083, 1.07163667678833, 0.6071488857269287, -0.4140716791152954, 1.1954892873764038, -1.5833725929260254, 0.4935951828956604, -0.8439565896987915, 0.14649836719036102, 0.22117868065834045, 0.2165759950876236, 0.012169875204563141, -1.135358452796936, 0.5154832005500793, -0.12306012213230133, 0.08761867880821228, -0.5177463293075562, 0.08563272655010223, 1.0055768489837646, 1.9371869564056396, 0.9451656937599182, -0.07449357956647873, 0.29937097430229187, 0.5123447775840759, -1.0017309188842773, -1.6194044351577759, -0.541580080986023, -0.8212713599205017, 1.7333192825317383, 1.990776777267456, 0.9014188051223755, 1.1814539432525635, -0.01504968199878931, -0.7078028321266174, 1.4695667028427124, -1.258272409439087, 1.722409725189209, -0.08416116237640381, 0.9832492470741272, -0.20756007730960846, 1.6691452264785767, 0.7595341801643372, 0.16717950999736786, 0.11775704473257065, -1.7433146238327026, -0.057311348617076874, -0.9930214285850525, -0.7720882296562195, -0.36600130796432495, -0.1301475316286087, -0.8863440155982971, -0.4028104841709137, -0.27481579780578613, 0.6321617960929871, -1.4118452072143555, -0.7712219953536987, -1.197153925895691, 1.0014973878860474, -0.8257688283920288, 0.5138314366340637, -0.4786454141139984, 0.6764181852340698, -2.7585368156433105, -0.6072935461997986, 0.3151180148124695, -2.099433422088623, 0.1389576643705368, -0.628577470779419, 1.2461445331573486, 0.9941346049308777, -2.235018491744995, 0.20763865113258362, 0.7453319430351257, -0.09575904905796051, 1.2098907232284546, 0.5652993321418762, -0.1671128123998642, 0.016591127961874008, 2.0533242225646973, -0.9478938579559326, -2.0164968967437744, 0.031729359179735184, 0.4102726876735687, -0.21968401968479156, 0.34185105562210083, -0.7744871973991394, -0.8017414808273315, 1.5809465646743774, -0.3520526885986328, 0.8808203339576721, -0.9440962076187134]",yunet,Facenet,1920,1080,/home/amos/media/tv/modern_family/Modern.Family.S09.1080p.DSNP.WEB-DL.DDP5.1.H.264-CRFW/Modern.Family.S09E17.Royal.Visit.1080p.DSNP.WEB-DL.DDP5.1.H.264-CRFW.mkv,Modern Family,2009,1442437,9,17,Ty Burrell,15232.0,0.695
754,1422,258,1584,480,1518,348,1446,348,0.93,19128,0,"[-1.2823281288146973, 1.3419380187988281, -0.7340376973152161, -0.6186272501945496, -0.266497939825058, 0.7647244334220886, -1.9058247804641724, -0.8106098175048828, -0.28253111243247986, -0.6461648344993591, -0.8166689872741699, 0.6635422706604004, -1.013337254524231, -0.8556843996047974, 2.0406887531280518, -0.7444888353347778, -1.5356608629226685, -0.021334826946258545, -1.4369562864303589, -0.7670016288757324, -1.138494849205017, 0.36318254470825195, -0.24754643440246582, -0.45526644587516785, -0.6027781367301941, 0.438441663980484, 0.9959716796875, 1.689452052116394, -0.33256638050079346, 0.2015269249677658, -1.0181890726089478, 0.5757685899734497, -0.2545343339443207, -0.5886053442955017, 0.47552213072776794, 1.43264901638031, 0.23420676589012146, -1.5708245038986206, 0.7184905409812927, -0.023001156747341156, 0.7816979289054871, -0.501570999622345, -2.598329544067383, -1.7026636600494385, 0.9536169171333313, -1.020027995109558, 1.5172375440597534, -0.3450053036212921, -0.002920500934123993, -0.39851224422454834, -1.5956969261169434, -0.4791792631149292, 1.1092873811721802, 1.9091589450836182, -0.30356183648109436, 0.48469364643096924, 0.17942413687705994, -0.41983500123023987, 0.5575004816055298, -0.6323797106742859, 0.3927842080593109, -1.78999662399292, 0.4250142574310303, 0.8233592510223389, 1.5313212871551514, 1.2216682434082031, 1.3755691051483154, 1.4788883924484253, 0.6386430263519287, -0.27168014645576477, -1.537892460823059, 1.6564383506774902, 0.3297375738620758, 0.8144050240516663, -0.6856977939605713, -0.02385840192437172, -0.12015466392040253, 0.3918055593967438, 0.21042689681053162, 0.45639723539352417, -1.8926643133163452, -0.4579324722290039, -0.1158982366323471, 2.4389572143554688, 0.5646057724952698, -0.685727596282959, 1.6013644933700562, 0.017972014844417572, -0.8467617034912109, 0.5828922390937805, 0.7847718596458435, -1.3141589164733887, -0.30015525221824646, -2.010153293609619, -0.72218257188797, 0.6303619742393494, -0.40679943561553955, 0.16143178939819336, 1.0117690563201904, 0.261790931224823, -1.89015793800354, 0.6541361808776855, -0.5623397827148438, 1.478982925415039, 1.2834306955337524, 0.9889399409294128, -2.09260630607605, 0.6463402509689331, 1.6483951807022095, 0.7705689668655396, 0.22780142724514008, -1.101802945137024, -0.9889436960220337, 1.131821632385254, 0.9009742140769958, 2.1043312549591064, -1.185429573059082, 0.3681270480155945, 1.5488777160644531, 0.7554999589920044, -0.08216628432273865, 0.25487276911735535, 0.3429030776023865, -0.2408551573753357, 0.37260371446609497, -0.6404394507408142, 1.0826691389083862, 0.5589277148246765]",yunet,Facenet,1920,1080,/home/amos/media/tv/modern_family/Modern.Family.S09.1080p.DSNP.WEB-DL.DDP5.1.H.264-CRFW/Modern.Family.S09E17.Royal.Visit.1080p.DSNP.WEB-DL.DDP5.1.H.264-CRFW.mkv,Modern Family,2009,1442437,9,17,Nolan Gould,147710.0,0.779
755,1416,228,1596,474,1524,330,1434,330,0.92,19152,0,"[-0.8337050676345825, 1.335172176361084, -1.6241768598556519, -0.43749183416366577, -0.3524126410484314, -0.0967106968164444, -2.315136671066284, -1.7190035581588745, -0.3120686411857605, -0.752073347568512, -0.10644157230854034, 0.6987356543540955, -0.7135535478591919, -1.5199159383773804, 2.1264262199401855, -0.7381644248962402, -0.9827269315719604, -0.7833061218261719, -2.2692136764526367, -0.5117197036743164, -1.5656825304031372, 0.3619712293148041, 0.10781333595514297, -0.21675240993499756, -0.802692711353302, 0.7558087706565857, 1.1336925029754639, 1.8191789388656616, 0.30940502882003784, 0.6720430850982666, -0.736290454864502, 0.7080256342887878, -0.03652993217110634, -0.5215727686882019, 0.6887277960777283, 1.893057942390442, 0.186355322599411, -0.8878412246704102, 0.5548312664031982, 0.5155409574508667, 0.8416346907615662, 0.00525432825088501, -2.410505533218384, -1.5571426153182983, 0.6970952749252319, -1.2859492301940918, 1.454124093055725, -0.3389635980129242, -0.32043105363845825, -0.21822497248649597, -0.9204545617103577, -1.2860106229782104, 1.3007255792617798, 1.9280178546905518, -0.015596207231283188, 0.24962382018566132, -0.2792704403400421, 0.13640877604484558, -0.3023151457309723, -1.308993935585022, 0.2158893346786499, -2.4310739040374756, -0.00934654101729393, 0.2886028289794922, 0.6323875784873962, 1.4588288068771362, 0.7459750771522522, 1.3388962745666504, 0.8525012135505676, -0.8907550573348999, -1.1330124139785767, 1.311048984527588, 0.3415922522544861, 0.27679896354675293, -0.659777045249939, 0.16456760466098785, 0.156782865524292, 0.5285459160804749, 0.6769262552261353, -0.5254378914833069, -1.7015001773834229, -0.23247066140174866, -0.2273903489112854, 2.508220672607422, -0.20471426844596863, -0.36221253871917725, 1.5550352334976196, 0.017700031399726868, -0.3001273274421692, -0.057203684002161026, 0.6812669038772583, -1.6345510482788086, 0.23141828179359436, -1.6704237461090088, 0.19572103023529053, 0.9133625626564026, -0.3041934072971344, 0.175261989235878, -0.10588401556015015, -0.3882392644882202, -1.1923197507858276, 0.8733963370323181, -0.6801047921180725, 1.436463475227356, 1.3183691501617432, 0.8121524453163147, -1.00568425655365, -0.1524362415075302, 1.5628551244735718, 0.6305885314941406, 0.3365638852119446, -0.4299635887145996, -0.7775430679321289, 0.9467424750328064, 0.44841518998146057, 2.13670015335083, -2.2372562885284424, -0.35508307814598083, 1.4506807327270508, 0.7531591653823853, -0.7822712659835815, 0.049844324588775635, 1.0290013551712036, -1.174110770225525, 0.6158789992332458, -0.04047789424657822, 1.4438347816467285, 0.8425941467285156]",yunet,Facenet,1920,1080,/home/amos/media/tv/modern_family/Modern.Family.S09.1080p.DSNP.WEB-DL.DDP5.1.H.264-CRFW/Modern.Family.S09E17.Royal.Visit.1080p.DSNP.WEB-DL.DDP5.1.H.264-CRFW.mkv,Modern Family,2009,1442437,9,17,Nolan Gould,147710.0,0.758
756,306,342,486,570,438,438,348,438,0.901,19152,1,"[-1.5040851831436157, 0.598057746887207, -0.8890161514282227, 0.7472820281982422, 1.459398865699768, -0.979310929775238, -1.5252221822738647, -0.5605052709579468, -0.48819977045059204, -1.5576034784317017, 2.504194498062134, 0.5391265153884888, 1.4613747596740723, -1.532875418663025, 0.6736961603164673, 0.5032956004142761, 0.8336060047149658, -1.0023092031478882, -2.3798468112945557, 0.605088472366333, -0.18154218792915344, 0.989467978477478, 0.294356107711792, -0.14302024245262146, -0.6505037546157837, 1.1576014757156372, -0.43673110008239746, 1.6425845623016357, 0.4333626627922058, -2.807403802871704, 0.6315088272094727, -0.3432067036628723, -0.07393039762973785, -0.7117617130279541, 1.971474051475525, 1.3787250518798828, -0.16694504022598267, 0.23885613679885864, 1.040238380432129, 0.8204231262207031, -1.6806433200836182, 0.7663215398788452, 1.155151128768921, -1.7964272499084473, -0.9357004761695862, 0.03632933273911476, 0.5567666292190552, -0.7974517345428467, 0.6901283264160156, -0.054980404675006866, 0.21429049968719482, -0.9412746429443359, -0.3922487199306488, 0.5107985734939575, 0.3739131987094879, 0.9891578555107117, 1.1715983152389526, -0.25798025727272034, -0.5061601400375366, 0.7416831851005554, 0.6515774726867676, -0.6776835918426514, -0.8209241628646851, 0.7142702341079712, 0.29074814915657043, 0.07682672888040543, 0.5856072306632996, -0.07686374336481094, 0.7627089023590088, 1.059860348701477, -0.018327724188566208, 1.0361405611038208, -2.4693751335144043, 1.8018765449523926, 1.5046035051345825, 1.1299015283584595, 1.0547897815704346, 0.8014751672744751, -0.7320045828819275, 0.15120956301689148, -0.12339082360267639, 0.973137617111206, 0.6239919066429138, 0.6786516308784485, 0.2162661850452423, 0.1753586232662201, 1.225753903388977, -0.40581703186035156, -2.472290515899658, -1.1515437364578247, 0.02961941808462143, -1.4462018013000488, 0.4895765483379364, -1.7291632890701294, 0.536699652671814, 0.36156773567199707, -1.4499764442443848, 1.6281225681304932, 0.9297767281532288, -1.556735634803772, -1.525833249092102, -2.4628746509552, -0.6424456834793091, 1.8647347688674927, 2.0687255859375, -0.05620135739445686, 1.4199435710906982, 0.20400342345237732, 0.601564347743988, -0.8375263810157776, 1.9905812740325928, -0.8532444834709167, -0.002092801034450531, 1.4614839553833008, 0.4141187369823456, 1.3227678537368774, 0.5187290906906128, 0.8791896104812622, 0.3669857978820801, 0.8866000175476074, 1.0581910610198975, -1.3061167001724243, 0.44934362173080444, -0.37473833560943604, 0.13232746720314026, -0.8727540969848633, -1.4569875001907349, 0.15538839995861053]",yunet,Facenet,1920,1080,/home/amos/media/tv/modern_family/Modern.Family.S09.1080p.DSNP.WEB-DL.DDP5.1.H.264-CRFW/Modern.Family.S09E17.Royal.Visit.1080p.DSNP.WEB-DL.DDP5.1.H.264-CRFW.mkv,Modern Family,2009,1442437,9,17,Julie Bowen,31171.0,0.714
757,1404,234,1572,486,1500,348,1422,348,0.93,19176,0,"[-1.6551759243011475, 1.222563624382019, -0.665245771408081, -0.5368732213973999, -0.8534399271011353, 0.24683398008346558, -1.6306825876235962, -1.200316071510315, -0.5750972628593445, -0.7383568286895752, 0.35026657581329346, 0.7565559148788452, -0.6135312914848328, -0.7764368057250977, 1.3691811561584473, -0.9682917594909668, -1.0990314483642578, -1.132562279701233, -2.3970396518707275, -0.7766309976577759, -1.0484213829040527, -0.5026964545249939, -0.010100755840539932, -1.2885469198226929, -0.1980891078710556, -0.05826364457607269, 1.9445494413375854, 1.7651159763336182, -0.638525128364563, -0.07221817970275879, -1.2572736740112305, 0.5801163911819458, 0.37130868434906006, -0.6724624633789062, 0.7074024677276611, 1.3054639101028442, -0.2099471390247345, -0.9694169163703918, 0.6992992758750916, -0.04516582190990448, 0.3886133134365082, -0.3317941725254059, -3.3367221355438232, -1.1498820781707764, 0.7153124213218689, -1.8958619832992554, 0.9163200259208679, -0.009606976062059402, 1.0111640691757202, -0.7500609159469604, -1.2011139392852783, -0.3217356503009796, 1.655511498451233, 0.5393621921539307, 0.7417382001876831, 0.6194753646850586, 0.3459327220916748, 0.3409622013568878, 0.35828039050102234, -0.9255841970443726, 0.1733742654323578, -1.3843402862548828, -0.46613171696662903, 0.6547779440879822, 1.3117839097976685, 1.3431541919708252, 0.29097872972488403, 1.3223047256469727, 0.6166707277297974, -0.2004094421863556, -1.8263423442840576, 1.277437448501587, -0.21791525185108185, -0.008868277072906494, -0.4907970428466797, 0.09264884889125824, -0.08124800026416779, 0.7290194630622864, 0.6580764651298523, -0.14206939935684204, -1.4397284984588623, -0.18181394040584564, 0.12355371564626694, 2.1493170261383057, 0.9356476068496704, 0.13525040447711945, 1.1831718683242798, -0.0763913094997406, -1.5473012924194336, 0.05270472168922424, 0.7202669382095337, -1.055957555770874, 0.061051953583955765, -1.71927809715271, 0.20409159362316132, 1.4292246103286743, -0.45111921429634094, 0.2379504144191742, 0.6199832558631897, 0.01181001402437687, -1.8018059730529785, 0.5941885113716125, -0.6259796023368835, 1.4609980583190918, 1.2402042150497437, 0.947508692741394, -0.6273790597915649, 0.5925201177597046, 1.0930240154266357, 0.22437606751918793, 0.1254994422197342, -0.7989535331726074, -0.99418044090271, 0.9328767657279968, 0.14949673414230347, 3.090284824371338, -1.020020604133606, 0.48465701937675476, 1.365759015083313, 1.1872286796569824, 0.461211621761322, -0.2463146448135376, 0.35559070110321045, -0.902847170829773, 0.5793639421463013, -0.5645158886909485, 0.9080372452735901, 0.8700576424598694]",yunet,Facenet,1920,1080,/home/amos/media/tv/modern_family/Modern.Family.S09.1080p.DSNP.WEB-DL.DDP5.1.H.264-CRFW/Modern.Family.S09E17.Royal.Visit.1080p.DSNP.WEB-DL.DDP5.1.H.264-CRFW.mkv,Modern Family,2009,1442437,9,17,Nolan Gould,147710.0,0.801
758,1398,240,1572,486,1494,348,1416,348,0.936,19200,0,"[-1.3644213676452637, 0.6496590375900269, -1.193195104598999, -0.49684205651283264, -0.3888944983482361, 0.5229960083961487, -1.8814367055892944, -0.6613447070121765, -0.2571166753768921, -0.25527632236480713, -0.01361098513007164, 0.554982602596283, -0.7110807299613953, -1.171533226966858, 1.173883080482483, -0.8605505228042603, -0.7331156730651855, -1.454607367515564, -2.1606082916259766, -1.669387936592102, -1.1266417503356934, -0.6971691846847534, 0.41007086634635925, -0.7901183366775513, -0.4853542745113373, -0.015094302594661713, 1.852668046951294, 1.9447708129882812, -0.4917883276939392, 0.06791425496339798, -1.1757797002792358, 0.9768242239952087, 0.3162167966365814, -1.0226801633834839, 0.8298333883285522, 1.3385908603668213, -0.4649742543697357, -0.8334987163543701, 0.47909411787986755, -0.11062730848789215, 0.6397959589958191, -0.352716863155365, -2.8661539554595947, -1.159767985343933, 0.8717401623725891, -1.3505547046661377, 1.5764403343200684, -0.29491880536079407, 0.4933640956878662, -0.7046698331832886, -1.3939546346664429, -0.4325767457485199, 1.3307123184204102, 1.164595127105713, 0.5399219989776611, 0.6881095170974731, -0.4161107540130615, -0.07456266134977341, 0.0712786614894867, -0.981040358543396, -0.1559658944606781, -1.9486092329025269, 0.07257409393787384, 0.356730192899704, 1.2496163845062256, 1.277256727218628, 0.15833692252635956, 1.9715012311935425, 1.0400086641311646, -0.46181654930114746, -1.9459935426712036, 1.907811164855957, -0.4965217709541321, 0.24183638393878937, -0.7752379179000854, 0.20561006665229797, -0.2897496521472931, 0.6582971215248108, 0.7922158241271973, -0.4086136817932129, -1.455213189125061, -0.2413417398929596, 0.2402457892894745, 1.7658532857894897, 0.27748554944992065, -0.7429578304290771, 1.3966162204742432, -0.6068703532218933, -1.3493291139602661, 0.26338469982147217, 0.7793644666671753, -1.5452457666397095, -0.18766090273857117, -1.5192986726760864, 0.2741476595401764, 1.5411254167556763, -0.553854763507843, 0.7330741286277771, 0.27240923047065735, 0.31029385328292847, -1.6662063598632812, 0.5402015447616577, -0.6063634753227234, 1.6311321258544922, 0.9197428822517395, 1.190928339958191, -1.1345480680465698, 0.34566089510917664, 0.906533420085907, 0.35348349809646606, 0.14565111696720123, -0.4766787886619568, -0.9175981283187866, 0.7352323532104492, 0.09516990184783936, 2.7828352451324463, -1.2708990573883057, -0.1470206379890442, 1.143207311630249, 0.4197743535041809, 0.22376802563667297, -0.17447544634342194, 0.5968176126480103, -0.1831897795200348, 0.5334731340408325, -0.7086058855056763, 0.9696871638298035, 0.6704673767089844]",yunet,Facenet,1920,1080,/home/amos/media/tv/modern_family/Modern.Family.S09.1080p.DSNP.WEB-DL.DDP5.1.H.264-CRFW/Modern.Family.S09E17.Royal.Visit.1080p.DSNP.WEB-DL.DDP5.1.H.264-CRFW.mkv,Modern Family,2009,1442437,9,17,Nolan Gould,147710.0,0.764
759,264,348,450,576,402,438,312,438,0.903,19200,1,"[-2.253338098526001, 0.3142749071121216, -0.5235098004341125, 0.37049829959869385, 0.8273189663887024, -2.2131290435791016, -1.39150071144104, -0.49815016984939575, -1.18889582157135, -1.1679739952087402, 3.108983278274536, 0.42207691073417664, 0.17568805813789368, -2.3859076499938965, 1.4787887334823608, 0.7096619606018066, 1.8420569896697998, -0.08332519978284836, -2.2095298767089844, 0.48579683899879456, 0.3849228024482727, -0.08019863814115524, 0.5122780203819275, 1.2170708179473877, -0.5607475638389587, 0.8833162188529968, -0.05578861013054848, 1.7138361930847168, 0.41720062494277954, -2.881434679031372, 0.05369039624929428, 0.629942774772644, -0.20726005733013153, -0.04932364448904991, 1.201723337173462, 2.3902549743652344, -0.359396368265152, -1.3526091575622559, 0.6362650990486145, -0.38496720790863037, -1.7410215139389038, -0.05781129002571106, 0.6189587116241455, -1.5595977306365967, -0.15272948145866394, 0.8846551179885864, 1.0211966037750244, -1.4971380233764648, -1.012489914894104, 0.516861081123352, -0.418337345123291, -2.3457517623901367, -0.27126091718673706, 1.8571077585220337, -0.26839733123779297, 1.1507967710494995, 0.21610231697559357, -0.08041216433048248, -1.2379801273345947, 0.09017770737409592, -0.2742765545845032, -1.5051673650741577, -0.0769837498664856, 0.1322777271270752, 0.8313575387001038, -0.20561601221561432, 1.0548933744430542, -1.068902611732483, 0.7437773942947388, 1.3785675764083862, 0.744045078754425, 1.2436306476593018, -1.642279863357544, 2.6132164001464844, 1.0210790634155273, -0.11991573870182037, 1.4008742570877075, 0.3356114327907562, -0.1909656822681427, 0.9985297918319702, -0.429473876953125, 0.10533607751131058, -0.6477903723716736, -0.5129958987236023, 1.014552354812622, 1.078343152999878, 1.1018455028533936, -1.0948214530944824, -1.5580120086669922, -0.3568379282951355, 0.6151784658432007, -0.6655919551849365, -0.11895933747291565, -0.6852168440818787, 0.18760481476783752, -0.4193260669708252, -1.0812549591064453, 1.6690561771392822, -0.07963934540748596, -1.5522321462631226, -1.632947325706482, -1.6958048343658447, 1.2170099020004272, 1.358358383178711, 2.075770139694214, -0.19443459808826447, 0.7655320167541504, -0.338452011346817, 0.32471582293510437, 0.09585869312286377, 0.9614967703819275, -0.0325472354888916, 0.8005344867706299, 1.3671414852142334, 0.4228285253047943, 0.4847925007343292, 0.8226462602615356, 0.29830992221832275, 0.08932071179151535, 1.1262450218200684, -0.4172585606575012, -1.0028400421142578, 1.1845334768295288, -0.2640882730484009, -0.540391743183136, 0.3339022994041443, -0.3940446972846985, 0.7094842195510864]",yunet,Facenet,1920,1080,/home/amos/media/tv/modern_family/Modern.Family.S09.1080p.DSNP.WEB-DL.DDP5.1.H.264-CRFW/Modern.Family.S09E17.Royal.Visit.1080p.DSNP.WEB-DL.DDP5.1.H.264-CRFW.mkv,Modern Family,2009,1442437,9,17,Julie Bowen,31171.0,0.705
760,1374,264,1536,486,1452,360,1386,360,0.926,19224,0,"[-1.1006386280059814, 1.2941017150878906, -1.573878288269043, -0.9690086841583252, -1.1291418075561523, 0.4216051399707794, -2.1419126987457275, -0.7383407950401306, -0.4164682924747467, -0.563188374042511, -0.1720687448978424, 0.49957990646362305, -1.07472825050354, -0.84018874168396, 1.1668331623077393, -0.5002949833869934, -0.6009644269943237, -1.6534820795059204, -1.5987300872802734, -1.1506925821304321, -1.436647891998291, 0.2651304304599762, 0.0038103051483631134, 0.2449546456336975, -0.43439680337905884, 0.17179429531097412, 1.7975960969924927, 1.3564274311065674, 0.19466336071491241, 0.8652749061584473, -0.8409454822540283, 0.6421874165534973, 0.3918762803077698, -0.5140541195869446, 0.8389942646026611, 1.567216157913208, -0.35434338450431824, -0.5479777455329895, 0.8978167176246643, 0.6809179782867432, -0.35190483927726746, -0.6187474727630615, -3.4386844635009766, -1.753212571144104, 1.2639989852905273, -1.8804445266723633, 1.546502709388733, 0.15754514932632446, 1.0424216985702515, -1.2067816257476807, -0.7629905939102173, -0.1945716142654419, 1.4907512664794922, 1.0394353866577148, -0.04229942336678505, 0.12106408923864365, -0.10722334682941437, 0.4843078851699829, -0.13004861772060394, -0.4248245656490326, -0.471946656703949, -2.1709492206573486, 0.04607636481523514, -0.15450282394886017, 1.7904269695281982, 0.9133574366569519, 1.2171921730041504, 2.4361026287078857, 0.5442041754722595, -0.5531580448150635, -1.0779844522476196, 1.4721118211746216, -0.6282311081886292, 0.39382362365722656, -0.5443406105041504, -0.0992765724658966, -0.18032357096672058, 0.8287009000778198, 0.5546353459358215, -0.7265135049819946, -1.3839795589447021, 0.016134019941091537, 0.17255130410194397, 1.7016501426696777, -0.5992072820663452, 0.8574740886688232, 0.6292593479156494, -0.4464380145072937, -1.6481989622116089, -0.5522868037223816, 1.755971074104309, -1.188834309577942, 0.26265963912010193, -1.8832895755767822, 0.07909461855888367, 2.000092029571533, -1.001054048538208, 0.632604718208313, 0.786178469657898, 0.840018630027771, -1.9022738933563232, 0.8205572366714478, -0.16656678915023804, 1.3817963600158691, -0.24032807350158691, 0.5654396414756775, -1.826801061630249, 0.6344302892684937, 0.9411208629608154, -0.15842664241790771, -1.0289621353149414, -1.0636522769927979, -0.6754646301269531, 0.24728618562221527, 0.5694341063499451, 2.1755433082580566, -0.9772342443466187, -0.01615332067012787, 1.3339262008666992, 1.4283493757247925, -0.2760385274887085, -0.09734992682933807, 0.5213608741760254, -1.5088694095611572, 0.9561920166015625, 0.06323248893022537, 1.0174479484558105, 0.11261115968227386]",yunet,Facenet,1920,1080,/home/amos/media/tv/modern_family/Modern.Family.S09.1080p.DSNP.WEB-DL.DDP5.1.H.264-CRFW/Modern.Family.S09E17.Royal.Visit.1080p.DSNP.WEB-DL.DDP5.1.H.264-CRFW.mkv,Modern Family,2009,1442437,9,17,Nolan Gould,147710.0,0.761
761,258,360,438,606,390,450,306,456,0.911,19224,1,"[-2.4156713485717773, -0.22225694358348846, -0.38230952620506287, 0.11149511486291885, 1.3655986785888672, -1.9640936851501465, -1.7561602592468262, 0.9513610601425171, -0.8976835012435913, -1.7880918979644775, 2.6769421100616455, 0.456715852022171, -0.314163476228714, -1.4889239072799683, 1.026309609413147, 0.45229285955429077, 1.91726815700531, -0.05590527132153511, -2.6019346714019775, -0.5362579822540283, -0.5335901975631714, -1.2725781202316284, 0.3910360634326935, -0.04972038418054581, -0.753891110420227, 0.20090749859809875, -0.6616321802139282, 1.924950361251831, -0.08527509868144989, -2.5659291744232178, 0.34622806310653687, -0.08965151011943817, 0.5209510922431946, -0.8702155947685242, 0.14179712533950806, 2.1129207611083984, -0.6072964668273926, 0.10471013933420181, -0.16804289817810059, -0.038261085748672485, -1.1622203588485718, -0.3225209712982178, 0.3014645278453827, -1.2110669612884521, -0.11350858211517334, 0.12259000539779663, 0.5678016543388367, -0.41751277446746826, -0.4535953998565674, -0.24614116549491882, 0.05393045395612717, -1.5562620162963867, -0.5463799238204956, 1.0144282579421997, 0.2698594629764557, 1.6294409036636353, 0.24227793514728546, -0.11308091878890991, -1.1289165019989014, 0.733744204044342, -0.4640989601612091, -1.1642099618911743, -0.6188122630119324, 1.5415730476379395, 0.9350460767745972, -0.6511885523796082, -0.48325079679489136, -0.48355379700660706, 1.1684410572052002, 0.928722620010376, 0.16517609357833862, 1.438611388206482, -2.497119903564453, 2.5999443531036377, 1.7487553358078003, 0.5105348825454712, 0.6229695081710815, 0.6767591238021851, -0.5510093569755554, 0.7768576741218567, -0.8872841000556946, 0.24463440477848053, -0.6299467086791992, -1.2015293836593628, 1.0087414979934692, 0.3379262387752533, 1.1050430536270142, -1.1046875715255737, -2.7366323471069336, -0.009653395041823387, 0.1472129225730896, -1.2278908491134644, 0.49933770298957825, -0.99021977186203, -0.28605422377586365, -0.5610493421554565, -1.290263295173645, 2.084047794342041, 0.2042454183101654, -0.9703934192657471, -1.7918031215667725, -1.3667008876800537, 0.7700546979904175, 1.314499855041504, 1.996826171875, -0.3513590693473816, 0.6276397109031677, -1.1760542392730713, -0.2983448803424835, 0.2571708858013153, 0.5080850124359131, 0.7867799401283264, -0.11574280261993408, 0.6117764115333557, -0.08451905101537704, 0.9760361909866333, 1.3804432153701782, 0.29184308648109436, -0.672218918800354, 0.7545069456100464, 0.3312135338783264, -0.8312090635299683, 0.8393036723136902, 0.2688576281070709, -1.3103309869766235, -0.2992960512638092, -1.8746401071548462, 1.5806411504745483]",yunet,Facenet,1920,1080,/home/amos/media/tv/modern_family/Modern.Family.S09.1080p.DSNP.WEB-DL.DDP5.1.H.264-CRFW/Modern.Family.S09E17.Royal.Visit.1080p.DSNP.WEB-DL.DDP5.1.H.264-CRFW.mkv,Modern Family,2009,1442437,9,17,Julie Bowen,31171.0,0.689
762,1398,282,1566,510,1482,378,1428,378,0.92,19248,0,"[-1.2927842140197754, 2.252638339996338, -1.4690889120101929, -0.6903756856918335, -0.08970833569765091, -0.021808452904224396, -2.1342716217041016, -0.9977437853813171, -0.07614479959011078, -0.836399495601654, -0.19394046068191528, 1.098257064819336, -0.30665451288223267, -1.349804401397705, 1.5507848262786865, -0.370697021484375, -0.7833247184753418, -2.015659809112549, -1.6587543487548828, -0.7365303039550781, -1.068038821220398, -0.0763743668794632, -0.288261353969574, -0.27624639868736267, -1.5459613800048828, -0.5650191307067871, 1.8647618293762207, 1.934633493423462, -0.9165061712265015, 1.233519196510315, -1.5631675720214844, 0.5313249826431274, -0.010977731086313725, -0.7517517805099487, 0.8084286451339722, 0.9118541479110718, -0.8037313222885132, -1.0117053985595703, 0.7495144605636597, -0.05243610590696335, 0.20680810511112213, -0.8839601874351501, -4.104313373565674, -0.9281613826751709, 0.9519121050834656, -2.228907585144043, 1.4515831470489502, -0.03286318853497505, 0.9259811043739319, -0.6166213750839233, -1.1178107261657715, 0.2347254604101181, 1.9049041271209717, 0.6706823706626892, 0.24948731064796448, 0.05808861181139946, 0.6309623718261719, -0.37474003434181213, -0.3057190775871277, -0.08255046606063843, -0.4230641722679138, -1.4259949922561646, -0.04968956112861633, 0.10307645797729492, 1.470130205154419, 0.4016386866569519, 1.3075377941131592, 1.008225679397583, 0.136940598487854, 0.03720295429229736, -1.0033812522888184, 1.3589599132537842, -0.88962721824646, 0.5420677065849304, -0.570292055606842, 0.03831052780151367, -0.20550549030303955, 1.0821408033370972, 0.5971655249595642, -1.5960549116134644, -0.88221675157547, -0.16797535121440887, 0.4947650730609894, 1.51314377784729, 0.38113272190093994, 0.3190922141075134, 0.8433198928833008, -0.8642683029174805, -1.8111311197280884, -1.3195383548736572, 1.0757858753204346, -1.2860575914382935, -0.06327129155397415, -1.9633593559265137, 0.7266829609870911, 1.4255348443984985, -0.6356949806213379, 0.1365988850593567, 0.03396155685186386, 0.2809164524078369, -1.815717101097107, 0.9443785548210144, -1.034448266029358, 1.2607827186584473, 0.614984929561615, 0.7510398626327515, -1.0608642101287842, 0.5700342655181885, 1.03377366065979, 0.6568238139152527, -1.2053961753845215, -0.6560962796211243, -1.147609829902649, 1.0356130599975586, -0.6978492140769958, 2.290409564971924, -1.2094272375106812, -0.28180283308029175, 0.4106954038143158, 1.3278125524520874, 0.3471929430961609, -0.027460835874080658, 0.7370885610580444, -1.929633378982544, 1.3840571641921997, -0.48390689492225647, 0.8521912097930908, 0.0034613385796546936]",yunet,Facenet,1920,1080,/home/amos/media/tv/modern_family/Modern.Family.S09.1080p.DSNP.WEB-DL.DDP5.1.H.264-CRFW/Modern.Family.S09E17.Royal.Visit.1080p.DSNP.WEB-DL.DDP5.1.H.264-CRFW.mkv,Modern Family,2009,1442437,9,17,Nolan Gould,147710.0,0.721
763,1446,276,1620,504,1566,366,1488,366,0.931,19272,0,"[-1.1640994548797607, 2.4239916801452637, -0.6784275770187378, -0.7654619216918945, -0.3697737157344818, 0.003326190635561943, -1.3975534439086914, -1.3690599203109741, -0.5030637979507446, -0.9569040536880493, -0.5730289220809937, 1.6338125467300415, -0.07130888104438782, -1.0058447122573853, 1.7420285940170288, -0.6497467160224915, -1.3253881931304932, -1.5688450336456299, -1.5884469747543335, -1.0041618347167969, -1.3319900035858154, 0.11979146301746368, -1.0182229280471802, -0.8623053431510925, -0.5478309392929077, 0.572002112865448, 1.070920467376709, 1.6184000968933105, -1.14768385887146, 0.5679237246513367, -0.7679011821746826, 0.48892709612846375, -0.27533629536628723, -0.4846871495246887, 0.34676501154899597, 0.4616736173629761, 0.2517208755016327, -1.0962064266204834, 0.9585447311401367, 0.23627468943595886, 0.5516652464866638, -0.3374486565589905, -3.272589921951294, -0.804010272026062, 0.3203740417957306, -1.7622689008712769, 1.614075779914856, 0.20775341987609863, 0.6151084303855896, -0.2859743535518646, -1.2549214363098145, 0.34468984603881836, 1.3890876770019531, 0.5777424573898315, 0.39772894978523254, -0.1601715236902237, 1.3138620853424072, -0.34013229608535767, 0.2564205527305603, 0.13330179452896118, -0.014242541044950485, -2.379150152206421, -0.36907291412353516, 0.012507547624409199, 1.7817033529281616, -0.023564599454402924, 0.7502976655960083, 0.9399337768554688, -0.46649107336997986, 0.13644635677337646, -0.6013489961624146, 1.1912751197814941, -0.8264490365982056, 0.7413932681083679, -0.19903449714183807, -0.020429279655218124, 0.09599025547504425, 1.273851990699768, 0.24165329337120056, -0.6235069632530212, -1.022736668586731, -0.5539369583129883, 0.19932350516319275, 1.6458758115768433, 0.5279574990272522, 0.46519437432289124, 0.6383646130561829, -0.5218436121940613, -1.6771444082260132, -0.3530876338481903, 0.464180052280426, -2.1125526428222656, 0.44533395767211914, -3.038914918899536, 0.49379241466522217, 1.4912102222442627, -0.6212764382362366, 0.9138135313987732, 0.645659863948822, -0.5794487595558167, -1.4454132318496704, 0.30718380212783813, -1.1316027641296387, 0.5270062685012817, 0.012454308569431305, 0.927826464176178, -1.639312744140625, 0.6095973253250122, 1.3574951887130737, 0.7472752928733826, -1.6100717782974243, -0.25370216369628906, -0.5814238786697388, 0.38037359714508057, 0.5708944201469421, 1.9551053047180176, -1.3778326511383057, -0.4596719741821289, 1.3240971565246582, 1.4555267095565796, 0.7690013647079468, -1.139454960823059, 0.5608217120170593, -0.8556988835334778, 1.1932929754257202, -0.6405901908874512, 0.7298513650894165, 1.0963948965072632]",yunet,Facenet,1920,1080,/home/amos/media/tv/modern_family/Modern.Family.S09.1080p.DSNP.WEB-DL.DDP5.1.H.264-CRFW/Modern.Family.S09E17.Royal.Visit.1080p.DSNP.WEB-DL.DDP5.1.H.264-CRFW.mkv,Modern Family,2009,1442437,9,17,Nolan Gould,147710.0,0.814
764,444,264,624,510,600,354,528,354,0.902,19272,1,"[0.042110610753297806, 0.7456834316253662, 8.565187454223633e-05, -0.06967835873365402, 0.9696870446205139, -0.0947897657752037, -0.21529971063137054, 0.4869424104690552, 0.5549793839454651, -1.2624711990356445, 1.7619438171386719, 0.21434105932712555, -1.003902792930603, -1.5057034492492676, -0.7267404794692993, -0.8054832816123962, -0.5981935262680054, 0.4117491841316223, -1.45413339138031, 0.2860027551651001, 1.2722699642181396, 0.1089639663696289, 0.12936446070671082, -0.8395854830741882, -0.3414425849914551, 1.1204291582107544, -1.0649460554122925, -0.9851164817810059, -0.042761750519275665, -2.700676441192627, 0.5122350454330444, -0.2727639079093933, -0.9392781257629395, -0.42298129200935364, 0.30713197588920593, 1.5763914585113525, -0.361008882522583, -0.09832615405321121, 0.7959405779838562, 0.609717845916748, -0.3534037470817566, 1.1913172006607056, 1.7202825546264648, -1.7719955444335938, -1.6232303380966187, 1.2259248495101929, -0.23736579716205597, -1.1164228916168213, -1.4930498600006104, -0.962244987487793, -0.46983134746551514, -1.760049819946289, 0.14659953117370605, 0.9925553798675537, 0.1759953498840332, -0.2632763385772705, 0.4091637134552002, -0.25680044293403625, -1.3819118738174438, -1.0372549295425415, 0.20492467284202576, -1.8093780279159546, -0.1831170618534088, -0.23713579773902893, -0.07612045854330063, 0.17839360237121582, 0.20032253861427307, -0.07502284646034241, 0.1220698133111, 1.2358136177062988, 1.397316813468933, 1.9044303894042969, -2.5215818881988525, 1.1726861000061035, 1.4341154098510742, 0.6415154337882996, 0.9414249658584595, 2.5746078491210938, -0.7321404218673706, 1.5360537767410278, -0.2647838592529297, -0.6862730979919434, -0.07747647166252136, -1.6473017930984497, -0.1639639437198639, 0.8101240396499634, -0.13554143905639648, -1.0887404680252075, -0.7827472686767578, 0.08280447125434875, 0.49630671739578247, -1.936482548713684, 0.07788476347923279, 0.23087242245674133, -0.5018010139465332, -0.6486144661903381, -1.4021862745285034, 1.4307997226715088, 1.650092363357544, -1.2911583185195923, -1.1463143825531006, -1.7084681987762451, 1.0161093473434448, 1.0962830781936646, 1.1252837181091309, 0.010613903403282166, 0.2522418797016144, -0.3040628731250763, -1.3792462348937988, 0.9955623745918274, 2.186774730682373, 0.17313183844089508, 0.3559070825576782, 0.5470988154411316, 0.2668687403202057, 1.6880347728729248, -1.1149414777755737, 0.08827314525842667, 0.2611798942089081, 0.06323948502540588, -0.9279580116271973, -0.7705209255218506, -0.1789671778678894, 0.3270253837108612, -1.2596595287322998, -0.32237711548805237, -2.146524429321289, 1.0100502967834473]",yunet,Facenet,1920,1080,/home/amos/media/tv/modern_family/Modern.Family.S09.1080p.DSNP.WEB-DL.DDP5.1.H.264-CRFW/Modern.Family.S09E17.Royal.Visit.1080p.DSNP.WEB-DL.DDP5.1.H.264-CRFW.mkv,Modern Family,2009,1442437,9,17,Julie Bowen,31171.0,0.574
765,1566,198,1860,582,1782,324,1632,330,0.922,19344,0,"[-0.17788034677505493, 0.9656709432601929, 1.1588482856750488, -1.3059741258621216, 0.35321715474128723, 0.3750686049461365, 0.17372553050518036, 0.5541313290596008, 0.3978238105773926, 1.0050393342971802, 1.6851708889007568, 2.0015766620635986, -0.9592111110687256, -2.2183663845062256, 0.38909971714019775, 1.308436632156372, -0.04516300559043884, -0.7693331837654114, -1.3926767110824585, 0.9410110712051392, 2.2220582962036133, -0.13309159874916077, 0.6437752842903137, -0.613516628742218, -0.03478853404521942, -0.7823100090026855, -1.6331225633621216, 0.5318208932876587, 2.12239670753479, -1.5520833730697632, 0.17117279767990112, -1.1841250658035278, 1.7054091691970825, -0.7641892433166504, 1.5176299810409546, 0.5117536783218384, -1.1061457395553589, -0.20677760243415833, 0.6256778240203857, -1.6852937936782837, -2.0853638648986816, 0.7600798606872559, -1.0327074527740479, -0.5933830738067627, -2.161165237426758, 1.1418474912643433, -1.1491515636444092, -0.2341897189617157, -3.3362104892730713, 1.1103439331054688, -0.9421703219413757, 0.3532608449459076, 0.7955965995788574, 1.6181960105895996, 0.5760748982429504, 1.132357120513916, -0.48793599009513855, -0.7219274044036865, -0.7227904796600342, 0.17121455073356628, -0.16496559977531433, -0.30578863620758057, -0.1868462860584259, -1.0419559478759766, 1.4437437057495117, 0.3576759099960327, 0.18250131607055664, 0.31583577394485474, 1.1244029998779297, 0.4984978139400482, -0.2209365963935852, 0.13919475674629211, -2.5941853523254395, 0.785544753074646, 0.3080114424228668, 0.9525417685508728, -0.23367050290107727, -1.6392325162887573, 1.1374419927597046, 0.58421790599823, 1.7687294483184814, -1.2511067390441895, -0.29386162757873535, -0.7848053574562073, 2.086117744445801, -1.779906153678894, 0.226780965924263, -0.15113571286201477, 0.5188074111938477, 1.0348923206329346, -1.9973417520523071, -0.046978145837783813, 0.6323326826095581, 0.399305135011673, -0.8489891886711121, 0.5684085488319397, -1.409271478652954, 0.0004359586164355278, -0.006491508334875107, -1.43894624710083, -0.4025709629058838, -1.685022234916687, -1.5146616697311401, 1.4084913730621338, 0.472675621509552, 1.2628458738327026, 0.2725726068019867, -1.5769624710083008, 1.0373023748397827, 1.4604220390319824, 1.4797216653823853, 0.9206540584564209, 0.27966606616973877, -0.5863145589828491, 0.8065516948699951, 0.31428062915802, -0.802543044090271, -0.0980437695980072, 1.4884976148605347, -0.9105995893478394, 1.4427675008773804, -0.7834271192550659, -0.31835901737213135, 1.2405239343643188, 1.136292815208435, 0.6805124878883362, 0.10398966819047928, 0.962559163570404]",yunet,Facenet,1920,1080,/home/amos/media/tv/modern_family/Modern.Family.S09.1080p.DSNP.WEB-DL.DDP5.1.H.264-CRFW/Modern.Family.S09E17.Royal.Visit.1080p.DSNP.WEB-DL.DDP5.1.H.264-CRFW.mkv,Modern Family,2009,1442437,9,17,Sofía Vergara,63522.0,0.776
766,54,132,378,552,306,318,156,312,0.913,19344,1,"[0.15093939006328583, -0.3083512485027313, 0.583272397518158, 0.1401379108428955, 0.3291319012641907, -0.8239192366600037, -0.4582166373729706, 0.9632394909858704, -0.8006539344787598, -0.16430158913135529, -0.10188890993595123, 1.5352214574813843, -1.8479377031326294, -0.589087963104248, 0.43846186995506287, -0.28967368602752686, 2.315969467163086, 2.274423837661743, 0.8746329545974731, 0.047303516417741776, -0.6975640058517456, -1.1249452829360962, -0.5468332767486572, 0.3145278990268707, 1.1579017639160156, -0.818829357624054, -0.7760603427886963, 3.3703598976135254, 1.2713943719863892, -0.33915868401527405, 0.3225470781326294, 2.100999355316162, -1.621506929397583, 0.9357724189758301, -1.431631326675415, -0.14119715988636017, -0.2813950777053833, -0.8290485143661499, -1.6343026161193848, 0.24856308102607727, -0.896420955657959, -0.022422954440116882, 0.08001600950956345, 1.379613995552063, 1.19081711769104, 0.4565734267234802, 0.13887329399585724, -1.794450044631958, 0.2420896738767624, 0.6795862913131714, -0.6630871891975403, -1.0775518417358398, -0.036844104528427124, 1.5730723142623901, 0.10405142605304718, 0.6311931610107422, -1.3321788311004639, -0.3928091526031494, -0.41103115677833557, 1.1432199478149414, -0.8203443884849548, 0.959605872631073, 0.8623780608177185, -0.08201168477535248, 0.7913740277290344, 1.7406636476516724, 0.5243218541145325, 1.5390856266021729, 1.1658934354782104, -0.3703087270259857, -1.101954460144043, 0.5086534023284912, 1.0327504873275757, 1.4826713800430298, 0.45680850744247437, 0.9946144223213196, -0.6712542772293091, -1.1902554035186768, 0.3532864451408386, 2.1050448417663574, -0.02774457447230816, 1.3291668891906738, -0.8052228093147278, -2.5194292068481445, -0.3654668629169464, 0.30779871344566345, -0.7227486371994019, 0.359610378742218, 0.5995080471038818, 3.021695613861084, 0.6432228088378906, 0.5153566002845764, -2.577827215194702, -1.2670210599899292, -0.017279721796512604, -1.2502514123916626, -1.074936032295227, -0.6791476607322693, 1.995887041091919, 1.4590497016906738, -0.6187870502471924, 1.4051737785339355, 0.13528616726398468, -1.5670114755630493, 0.42595213651657104, 0.17576543986797333, -0.42293456196784973, 0.22697342932224274, 0.23393380641937256, -2.17629337310791, -1.0387208461761475, 1.0616503953933716, -0.997299313545227, -1.6216938495635986, 1.5665669441223145, 0.41714081168174744, 0.7317169904708862, 0.4985695779323578, 1.407410740852356, -0.2564653754234314, 0.37200844287872314, 0.79560387134552, 0.8947879672050476, -0.5188018679618835, 0.13639171421527863, -0.1643400341272354, 0.3409399688243866, -0.27281707525253296]",yunet,Facenet,1920,1080,/home/amos/media/tv/modern_family/Modern.Family.S09.1080p.DSNP.WEB-DL.DDP5.1.H.264-CRFW/Modern.Family.S09E17.Royal.Visit.1080p.DSNP.WEB-DL.DDP5.1.H.264-CRFW.mkv,Modern Family,2009,1442437,9,17,Ed O'Neill,18977.0,0.68
767,1404,252,1716,624,1602,372,1464,378,0.924,19368,0,"[0.4531725347042084, 1.4445242881774902, 0.6473913192749023, -1.338218331336975, 1.058325171470642, 0.6760146021842957, -0.06090865656733513, 0.6484317779541016, 0.4347532093524933, 1.8887195587158203, 0.8441845774650574, 2.3912272453308105, -0.6591668725013733, -1.9696595668792725, 0.8734469413757324, 1.3387006521224976, -0.022127076983451843, -0.7193118333816528, -0.3256593644618988, 1.0389833450317383, 1.5512559413909912, 1.0397015810012817, -0.21539893746376038, -0.5910844802856445, -0.7796401977539062, -0.4733247756958008, -1.4079748392105103, 0.11935007572174072, 2.6802921295166016, -0.5674629807472229, 0.21052810549736023, -1.3085156679153442, 1.2020078897476196, -0.7205385565757751, 1.91913640499115, -0.3652803599834442, -1.3468633890151978, 1.0960514545440674, 0.5633090734481812, -1.0705595016479492, -2.033846139907837, 1.1962335109710693, -1.0145606994628906, 0.8003706932067871, -2.5798332691192627, 0.6102715134620667, -0.8433916568756104, -0.4481191635131836, -2.3654861450195312, 1.1329039335250854, -0.368539035320282, 1.2970393896102905, 0.3099250793457031, 1.0669537782669067, 0.9169578552246094, 0.010197285562753677, -0.5349014401435852, -0.14343993365764618, -1.5545547008514404, -0.27718356251716614, -0.10859227925539017, -0.5995174646377563, -0.51004958152771, -1.2853600978851318, 0.7402518391609192, 0.33438098430633545, -0.668255627155304, 0.5371942520141602, 1.2824656963348389, -0.5963293313980103, -0.5267170667648315, -0.8045823574066162, -2.4828152656555176, 0.32528358697891235, 0.6960047483444214, 1.461253046989441, -0.5559800267219543, -1.475938320159912, 0.708025336265564, 0.42553895711898804, 1.332288384437561, -0.9006482362747192, 0.18077978491783142, 0.18960346281528473, 0.6645768880844116, -1.2299836874008179, 0.6001423001289368, 0.4404227137565613, 0.3695702850818634, 0.3546934425830841, -2.6253952980041504, 0.13757526874542236, 0.9669238328933716, -0.01627768576145172, 0.4665171504020691, -0.10502833127975464, -1.3622453212738037, -0.9873089790344238, 0.40797117352485657, -1.400781512260437, -0.5324954390525818, -0.3252522647380829, -2.8714146614074707, 1.433475375175476, 0.4972783923149109, 0.5874326229095459, 0.46686851978302, -1.322156310081482, 1.4349406957626343, 0.6066200733184814, 1.6415148973464966, 0.10998882353305817, -0.4526020586490631, -0.23749011754989624, 0.266545832157135, 0.6823095083236694, -1.2757694721221924, -0.10720419883728027, 1.64339280128479, -0.8951869606971741, 0.5224546790122986, 0.17727570235729218, -1.098554253578186, 0.5147544145584106, 0.9846378564834595, 0.7819740176200867, -0.565531849861145, 0.5893460512161255]",yunet,Facenet,1920,1080,/home/amos/media/tv/modern_family/Modern.Family.S09.1080p.DSNP.WEB-DL.DDP5.1.H.264-CRFW/Modern.Family.S09E17.Royal.Visit.1080p.DSNP.WEB-DL.DDP5.1.H.264-CRFW.mkv,Modern Family,2009,1442437,9,17,Sofía Vergara,63522.0,0.767
768,60,156,378,564,306,324,162,324,0.921,19368,1,"[0.16868779063224792, -0.8735746145248413, 1.259929895401001, 0.5840322375297546, 0.6959368586540222, -0.7642266750335693, -0.31660619378089905, 0.7347241044044495, -0.4497127830982208, -0.05323004722595215, -0.045974284410476685, 1.1780598163604736, -1.7283592224121094, -0.40949520468711853, 0.47094857692718506, -1.0389249324798584, 2.510606050491333, 2.0714919567108154, 0.5740182995796204, -0.12796151638031006, -0.4345734417438507, -1.4928808212280273, -0.1353970468044281, 0.02119981124997139, 1.6765453815460205, -1.0522791147232056, -0.36192676424980164, 3.0612692832946777, 1.2663761377334595, -0.6152969002723694, 0.5909672975540161, 1.612145185470581, -1.5744062662124634, 0.7755591869354248, -1.4370543956756592, -0.08451947569847107, -0.38469189405441284, -0.6260973811149597, -1.8130683898925781, 0.3397691547870636, -0.7802800536155701, -0.3067980408668518, 0.22785469889640808, 1.2738521099090576, 0.7847108244895935, 0.5590626001358032, 0.04057009890675545, -1.7777217626571655, 0.28436845541000366, 0.41334569454193115, -0.5807498693466187, -1.0726914405822754, -0.11954090744256973, 1.0692672729492188, 0.4424302875995636, 0.553681492805481, -1.1701570749282837, -0.4444924294948578, 0.059606727212667465, 1.04765784740448, -0.5715855360031128, 0.5046223998069763, 0.8042241334915161, -0.2592565417289734, 0.6296217441558838, 1.6218254566192627, -0.04056135565042496, 1.7842953205108643, 0.4765523672103882, 0.014548191800713539, -1.5506858825683594, 0.3318394720554352, 1.1947788000106812, 1.017844319343567, 0.34612634778022766, 1.3768290281295776, -0.07395662367343903, -0.990280270576477, -0.2517600953578949, 2.3882336616516113, -0.5812237858772278, 1.6642886400222778, -0.5505595803260803, -2.3250014781951904, -0.26701682806015015, 0.15526777505874634, -0.4880443811416626, -0.10411747545003891, 0.43320366740226746, 2.926682710647583, 0.5698694586753845, 0.5945704579353333, -2.575000762939453, -1.413305640220642, -0.022648870944976807, -1.6582823991775513, -1.1820917129516602, -0.18829138576984406, 2.251899242401123, 1.2634639739990234, -0.462444007396698, 1.2745970487594604, 0.37235334515571594, -1.4453538656234741, 0.7167539596557617, 0.6257432103157043, -0.19733326137065887, 0.2933010160923004, 0.47083407640457153, -2.549128532409668, -0.9512544274330139, 0.9379859566688538, -0.9743039608001709, -1.9477968215942383, 1.8715792894363403, 0.57909095287323, 0.844611644744873, 0.6889640688896179, 1.5137765407562256, -0.16558222472667694, 0.7850388288497925, 0.5608296394348145, 0.4967055320739746, -0.3314667046070099, 0.10356420278549194, -0.1923435479402542, 0.014986712485551834, 0.35283538699150085]",yunet,Facenet,1920,1080,/home/amos/media/tv/modern_family/Modern.Family.S09.1080p.DSNP.WEB-DL.DDP5.1.H.264-CRFW/Modern.Family.S09E17.Royal.Visit.1080p.DSNP.WEB-DL.DDP5.1.H.264-CRFW.mkv,Modern Family,2009,1442437,9,17,Ed O'Neill,18977.0,0.696
769,54,120,384,582,306,336,138,330,0.924,19392,0,"[-0.2292933464050293, -1.9491335153579712, 0.9555424451828003, 1.5005673170089722, -0.15341149270534515, -0.4591599404811859, 0.39071837067604065, 0.3812350630760193, -0.503119945526123, 0.16338680684566498, 0.11383218318223953, 1.2161186933517456, -1.3680126667022705, -0.02859470248222351, -0.4276336133480072, -0.469701886177063, 2.229943037033081, 2.052523612976074, 0.40509095788002014, 0.7232424020767212, 0.17015886306762695, -1.2124640941619873, -1.0206432342529297, 0.3526932895183563, 1.6905300617218018, -1.1908557415008545, -0.3029218018054962, 2.460542678833008, 1.7969441413879395, -0.9393914937973022, 0.9689733982086182, 1.6884263753890991, -1.8982999324798584, 1.6662827730178833, -1.447434663772583, -0.7463717460632324, -0.7697378993034363, -0.7001230120658875, -1.4083669185638428, -0.042103834450244904, -0.7653417587280273, 0.6528123021125793, 0.4819217026233673, 1.7420005798339844, 0.3624630272388458, 0.511823296546936, 0.2576547861099243, -1.4409301280975342, -0.14325852692127228, 0.6097756624221802, -0.5973260998725891, -1.4708689451217651, -0.9560734033584595, 1.1333633661270142, 0.5443521738052368, 0.5962703824043274, -1.1915301084518433, 0.46924567222595215, -0.6553783416748047, 0.2149983048439026, -0.7171214818954468, 1.3377841711044312, 0.7211592197418213, -0.31262466311454773, -0.12687081098556519, 2.599670886993408, -0.4985724687576294, 1.927217960357666, 0.2923738956451416, -0.5316634178161621, -0.9413301348686218, -0.4088950753211975, 1.550079345703125, 0.8121907114982605, 0.5478947162628174, 1.2257823944091797, 0.2198246419429779, -0.588930070400238, -0.31288233399391174, 3.355527400970459, -1.0252636671066284, 0.04351837933063507, -0.6214922666549683, -2.005067825317383, -0.17657041549682617, 0.7942397594451904, -0.21164584159851074, 0.616839587688446, 1.0072283744812012, 2.1952834129333496, 1.3494247198104858, 0.4448105990886688, -2.316969633102417, -0.5427482724189758, 0.6293307542800903, -1.375010371208191, -0.536677896976471, -0.9553468227386475, 2.0269315242767334, 0.9435771703720093, -0.6302763819694519, 2.5670437812805176, 0.5773837566375732, -1.4713538885116577, 1.0798875093460083, -0.04640733450651169, 0.6868116855621338, -0.34089744091033936, 0.024683795869350433, -2.59850811958313, 0.26965218782424927, 0.6490918397903442, -0.4774297773838043, -2.253063201904297, 0.8741858601570129, 0.9569780826568604, 0.6465404033660889, 1.8561804294586182, 0.5507181882858276, -1.0569050312042236, -0.342027485370636, 1.6604090929031372, 1.3665801286697388, -0.511905312538147, 0.16563084721565247, -0.20424117147922516, -0.5123782157897949, 0.15997658669948578]",yunet,Facenet,1920,1080,/home/amos/media/tv/modern_family/Modern.Family.S09.1080p.DSNP.WEB-DL.DDP5.1.H.264-CRFW/Modern.Family.S09E17.Royal.Visit.1080p.DSNP.WEB-DL.DDP5.1.H.264-CRFW.mkv,Modern Family,2009,1442437,9,17,Ed O'Neill,18977.0,0.623
770,1464,198,1758,582,1650,354,1512,348,0.916,19392,1,"[0.08567319810390472, 0.5887211561203003, 0.6588091254234314, -1.9126858711242676, 0.7552832365036011, 0.467204749584198, -0.9830477833747864, 0.7088313698768616, 1.4928556680679321, 1.5855603218078613, 0.3815208375453949, 1.730003833770752, -1.4425898790359497, -2.1397805213928223, 0.723322868347168, 2.2465641498565674, -0.12277351319789886, -0.364298939704895, -0.4386143386363983, 0.3502444326877594, 2.0900332927703857, 0.2762956917285919, -0.07887060195207596, -0.3817072808742523, -0.42682191729545593, -0.7439076900482178, -0.5868322849273682, 0.5501850843429565, 2.4009811878204346, 0.12717746198177338, -0.21995332837104797, -0.7665513157844543, 1.321879506111145, -0.39626604318618774, 1.5435672998428345, -0.07050325721502304, -1.4744538068771362, 0.6869677305221558, 0.11081993579864502, -0.311484694480896, -1.8892314434051514, -0.08679678291082382, -0.31291377544403076, 1.2106250524520874, -1.567091941833496, 1.0001541376113892, -1.6874116659164429, -0.20468966662883759, -2.2649242877960205, 0.5193568468093872, -1.0605236291885376, 0.921033501625061, 0.642107367515564, 2.2820823192596436, 0.8193027973175049, -0.006282756105065346, -1.0195783376693726, -0.31812784075737, -1.2840886116027832, 0.19037708640098572, -0.2981894016265869, 0.6021156907081604, -1.263811469078064, -0.41486743092536926, 1.1324127912521362, 0.7330871820449829, -0.18797436356544495, -0.3529892861843109, 0.5267210006713867, -1.0089699029922485, -0.333473265171051, -0.5949808955192566, -1.2018615007400513, 0.08944033086299896, 0.5041971802711487, 0.7705100774765015, -0.4286010265350342, -1.4604499340057373, 1.1859949827194214, 0.18233941495418549, 1.1303271055221558, -0.9010117053985596, 0.487793892621994, -0.32924461364746094, 0.30279865860939026, -2.5201992988586426, -0.4746638238430023, -0.1999206244945526, 0.9814380407333374, 0.027976002544164658, -2.0954976081848145, 0.040084108710289, -0.2045534998178482, -0.353898823261261, 0.4262431859970093, 0.24137210845947266, -1.942206859588623, -1.0185736417770386, -0.4578312039375305, -1.1297799348831177, 0.5933017134666443, -0.8253197073936462, -3.0685901641845703, 1.9527870416641235, 0.3186289072036743, 0.9564669132232666, 0.3121013045310974, -1.8205875158309937, 1.38716721534729, 0.6887357831001282, 2.0471975803375244, -0.6481024026870728, -0.19021770358085632, -0.1763533651828766, 0.024523574858903885, 0.07322347164154053, -0.5945193767547607, 0.1653665006160736, 0.9026738405227661, -1.2826895713806152, 1.5055785179138184, -0.06839830428361893, -0.43366026878356934, 0.16736604273319244, 0.6668756008148193, 0.9278342127799988, 1.1229737997055054, 0.26019200682640076]",yunet,Facenet,1920,1080,/home/amos/media/tv/modern_family/Modern.Family.S09.1080p.DSNP.WEB-DL.DDP5.1.H.264-CRFW/Modern.Family.S09E17.Royal.Visit.1080p.DSNP.WEB-DL.DDP5.1.H.264-CRFW.mkv,Modern Family,2009,1442437,9,17,Sofía Vergara,63522.0,0.734
771,12,108,330,528,252,264,102,264,0.926,19416,0,"[-0.6221046447753906, -1.9165843725204468, 1.0291990041732788, 0.9444061517715454, -0.44213157892227173, -1.4446790218353271, -0.0646849274635315, 0.33647653460502625, -1.0718090534210205, 0.5714016556739807, 0.5403764843940735, 1.3376820087432861, -1.183876395225525, -1.1850932836532593, 0.4585910141468048, -0.9824448227882385, 1.4960646629333496, 1.9695175886154175, 1.534630298614502, 0.1557340770959854, -0.4137725830078125, -1.6890358924865723, -0.789167582988739, 0.5584882497787476, 1.1033297777175903, -1.3589309453964233, -0.1981385052204132, 2.4826159477233887, 1.8893531560897827, -0.5702404975891113, 0.5216788053512573, 1.358437418937683, -1.5078821182250977, 1.3049654960632324, -1.2575769424438477, -0.9618749618530273, 0.037784188985824585, -0.24246171116828918, -1.7062962055206299, -1.1731129884719849, -1.23818039894104, 0.9065377712249756, -0.343796044588089, 1.5398931503295898, 0.01329679787158966, -0.2805376946926117, 0.28592538833618164, -1.0054137706756592, 0.6008937954902649, 0.3968191146850586, 0.315726637840271, -1.3234670162200928, -0.4108964800834656, 1.216890573501587, 0.2525556981563568, 0.4523484408855438, -1.395818829536438, 0.8719908595085144, -1.04116952419281, 0.8039180636405945, -0.855745792388916, 0.9884422421455383, 0.3644314408302307, -0.7682009935379028, 0.04516838490962982, 2.597163200378418, -0.18373343348503113, 1.6806631088256836, 0.3668003976345062, 0.03934084251523018, -0.5810675621032715, -1.2945953607559204, 0.7902971506118774, 1.3073561191558838, -0.17214468121528625, 1.5379325151443481, -0.6313827037811279, -0.3051012456417084, -0.44847506284713745, 2.29594349861145, -0.6048545241355896, 0.3261007070541382, -1.1222186088562012, -1.9226500988006592, -0.48169299960136414, 0.4266969859600067, 0.0025968849658966064, 0.9131616353988647, 0.3398897349834442, 1.9648542404174805, 0.8676815629005432, 0.6550188660621643, -2.038985252380371, -0.16667073965072632, 0.15798169374465942, -0.9567916393280029, -1.1221364736557007, -0.9096415638923645, 2.606994867324829, 0.8634875416755676, -0.8943754434585571, 1.745971441268921, 1.5234103202819824, -1.9656665325164795, 1.2384450435638428, 0.5049560070037842, 0.42843109369277954, -0.21257063746452332, 0.33726629614830017, -2.685770034790039, -0.63004070520401, -0.12929664552211761, -1.4271788597106934, -2.3864293098449707, 1.0039960145950317, 1.2282618284225464, 0.554950475692749, 0.5261693596839905, 0.2536335289478302, 0.3998773992061615, -0.8544772267341614, 0.5228874683380127, 0.218283548951149, 0.35145995020866394, 0.8115848302841187, 0.6751416325569153, -0.377529114484787, -0.15997065603733063]",yunet,Facenet,1920,1080,/home/amos/media/tv/modern_family/Modern.Family.S09.1080p.DSNP.WEB-DL.DDP5.1.H.264-CRFW/Modern.Family.S09E17.Royal.Visit.1080p.DSNP.WEB-DL.DDP5.1.H.264-CRFW.mkv,Modern Family,2009,1442437,9,17,Ed O'Neill,18977.0,0.69
772,1584,162,1896,564,1842,312,1698,312,0.921,19416,1,"[0.19511795043945312, 0.11182765662670135, 0.6712604761123657, -2.632545232772827, -0.46685129404067993, 1.1674851179122925, -1.4905462265014648, 0.511060357093811, 0.7669451236724854, 1.7413082122802734, -0.0228557325899601, 2.9429118633270264, -0.050670452415943146, -1.5181466341018677, -0.0730406790971756, 2.435384511947632, 0.4289138913154602, 0.12476019561290741, 0.44567960500717163, 0.4169832170009613, 2.303921699523926, 0.02933030016720295, -0.049934420734643936, -0.8617132306098938, 0.3586426079273224, -0.9723221659660339, -1.942060112953186, 1.1753802299499512, 1.650482416152954, -0.4092022478580475, -0.26274585723876953, -1.3595874309539795, 1.4652262926101685, -0.09181669354438782, 1.1804802417755127, -0.24093276262283325, -1.3225581645965576, 1.425313949584961, -0.44902974367141724, -0.24446499347686768, -1.9179519414901733, 1.0036970376968384, 0.16434930264949799, 0.49477213621139526, -1.9560848474502563, 0.16171720623970032, -2.3629608154296875, 1.0814226865768433, -1.578493595123291, 0.21643921732902527, -0.15285561978816986, 0.9870558381080627, 0.5387904047966003, 0.6417497396469116, 1.1504333019256592, 0.27034249901771545, -0.9471867084503174, -0.40733152627944946, -1.0267435312271118, -0.44575998187065125, 0.09454447776079178, 1.0292243957519531, -1.096353530883789, 0.585984468460083, 0.8634592890739441, 0.06453374773263931, -0.11573164910078049, -0.7014551162719727, 0.8722593188285828, -1.3955721855163574, 0.6945043206214905, -0.37101560831069946, -1.372831106185913, 0.22161997854709625, 1.6360901594161987, 0.4210895001888275, -0.2451407015323639, -0.8427881002426147, 1.0446383953094482, -0.22026705741882324, 0.9177496433258057, -1.1165752410888672, -0.8057510256767273, -0.10229235142469406, 0.7654840350151062, -1.5091074705123901, -0.5527582764625549, -0.3194890320301056, 0.36291447281837463, 0.8128791451454163, -1.7243549823760986, -0.15517331659793854, 1.1444021463394165, 1.0165507793426514, 0.7326521873474121, 0.9802095293998718, -0.8628318905830383, -0.35826215147972107, -0.24293525516986847, -0.9727897644042969, 1.7015957832336426, -0.5850220918655396, -1.7044966220855713, 0.6532262563705444, -1.313089370727539, 0.7217928171157837, -0.547498881816864, -2.0507638454437256, 0.5277227163314819, 0.24212302267551422, 1.6270039081573486, 0.9607065916061401, -0.5392258167266846, 0.05911358818411827, 0.7094146609306335, 0.2889208495616913, -0.21104295551776886, 0.430776447057724, -0.07506970316171646, -0.8658365607261658, 1.198006272315979, -0.3916769325733185, -0.25648677349090576, 0.16508112847805023, 0.5968858599662781, 0.8776118159294128, 0.843472421169281, -0.17106670141220093]",yunet,Facenet,1920,1080,/home/amos/media/tv/modern_family/Modern.Family.S09.1080p.DSNP.WEB-DL.DDP5.1.H.264-CRFW/Modern.Family.S09E17.Royal.Visit.1080p.DSNP.WEB-DL.DDP5.1.H.264-CRFW.mkv,Modern Family,2009,1442437,9,17,Sofía Vergara,63522.0,0.743
773,1626,192,1920,570,1866,330,1734,330,0.909,19440,0,"[-0.2882337272167206, 0.8071507215499878, 0.7982081770896912, -1.6721949577331543, -0.6027073264122009, 0.5010679960250854, -0.7206909656524658, 0.7950537204742432, 0.3897209167480469, 2.1287167072296143, -0.15375444293022156, 2.2091097831726074, -0.5721431374549866, -1.2655607461929321, -0.4245409071445465, 1.9886810779571533, 0.5584396719932556, -0.7667630314826965, -0.08168557286262512, 0.42497900128364563, 2.3498404026031494, 0.15311869978904724, 0.06777137517929077, -0.8527200222015381, 0.2786095142364502, -0.34277579188346863, -1.5892961025238037, 0.9226486086845398, 2.52297043800354, -1.2487108707427979, -0.37334969639778137, -1.2653560638427734, 1.672025203704834, -0.5597425699234009, 1.4138176441192627, 0.08016233146190643, -1.590518832206726, 1.2020297050476074, 0.31157249212265015, -0.9975881576538086, -2.0374202728271484, 1.1488105058670044, -0.4514144957065582, 0.14942629635334015, -1.7574478387832642, 1.1800631284713745, -2.18831205368042, 0.9744569063186646, -2.4274301528930664, 0.2862183451652527, -0.31038230657577515, 1.9295554161071777, 0.09543073177337646, 1.4076646566390991, 0.5474795699119568, 0.5030101537704468, -1.1672770977020264, -0.297457754611969, -0.9766137599945068, -0.2736891210079193, -0.09825437515974045, 0.41995519399642944, -1.4814645051956177, 0.18511277437210083, 1.296472430229187, 0.09293612837791443, -0.22531813383102417, -0.0030867834575474262, 1.2287065982818604, -0.7572276592254639, 0.16094568371772766, -0.36507195234298706, -1.5767395496368408, -0.024945899844169617, 1.7356517314910889, 0.5644335150718689, 0.1948653757572174, -0.8826861381530762, 1.4003337621688843, -0.13985557854175568, 1.4832261800765991, -0.884114146232605, -0.19792497158050537, -1.1928598880767822, 0.37826117873191833, -1.0564229488372803, -0.5250874757766724, -0.4642724394798279, -0.3314390480518341, 0.6938753128051758, -1.7082874774932861, 0.47731077671051025, 1.5635803937911987, 0.49200141429901123, 0.5357949733734131, 0.7272916436195374, -0.8741636276245117, 0.08164593577384949, -0.1675075739622116, -0.7761167883872986, 0.3402726650238037, 0.11579201370477676, -1.8860081434249878, 1.3906363248825073, -1.0580718517303467, 0.9038087129592896, 0.08292058110237122, -1.5152051448822021, 0.2125110924243927, 0.5978964567184448, 0.9034243822097778, 1.0147709846496582, -0.40497568249702454, -0.22264961898326874, 0.4368446469306946, 0.77088463306427, -0.39875349402427673, 0.4599067270755768, 0.49141383171081543, -1.1857424974441528, 1.2083423137664795, -0.45826593041419983, -0.2634482979774475, 0.4721512198448181, 1.1333024501800537, 0.6442746520042419, 1.0952266454696655, 1.0698015689849854]",yunet,Facenet,1920,1080,/home/amos/media/tv/modern_family/Modern.Family.S09.1080p.DSNP.WEB-DL.DDP5.1.H.264-CRFW/Modern.Family.S09E17.Royal.Visit.1080p.DSNP.WEB-DL.DDP5.1.H.264-CRFW.mkv,Modern Family,2009,1442437,9,17,Sofía Vergara,63522.0,0.783
774,1044,354,1194,534,1134,426,1074,426,0.9,19440,1,"[0.9705567359924316, -1.3904427289962769, 1.006567358970642, 0.2566191554069519, -0.4487687945365906, 0.6895832419395447, 0.8874984383583069, -0.7389816641807556, -0.9556660056114197, 0.4606797993183136, -0.8937951922416687, -1.2689834833145142, -0.05401478707790375, 0.6481876373291016, -0.03928256034851074, -0.5822630524635315, 1.6177467107772827, -1.397432565689087, -0.14499348402023315, 0.20948155224323273, 0.04733008146286011, -0.5742983222007751, -0.306850403547287, -0.22702425718307495, 1.474735140800476, -0.6581577658653259, 1.733864188194275, 0.6420223116874695, -0.6253740191459656, 1.7565069198608398, 0.38641229271888733, 0.029281852766871452, 1.339950680732727, -2.2841758728027344, 0.4027023911476135, -0.6944974064826965, 0.8005899786949158, -0.4383707046508789, -0.9115507006645203, 1.5223323106765747, 0.7063305377960205, -0.15543390810489655, -0.5381549596786499, -0.680772602558136, 1.1057707071304321, -1.2716566324234009, 0.4063885807991028, 1.653526782989502, -0.2985236644744873, -0.543868899345398, -0.32729572057724, 1.258431315422058, 0.7737545967102051, -1.8848810195922852, 0.4206438362598419, 0.9831935167312622, 2.3239529132843018, 1.2230931520462036, 0.22863097488880157, 0.1023997887969017, 1.2006040811538696, -0.13065582513809204, 1.8746752738952637, 1.7937514781951904, -1.0815485715866089, 0.3846348524093628, 1.2136261463165283, 1.3715600967407227, 0.34087198972702026, -0.7594428062438965, -0.5209018588066101, -0.7560323476791382, 1.3873138427734375, -0.9460200071334839, -0.9813640117645264, -0.638404905796051, -0.015305690467357635, -0.542281448841095, 0.2085815966129303, -0.8486037254333496, -0.6638757586479187, 0.6834031343460083, 0.3405717611312866, 0.7462358474731445, 0.27021223306655884, -0.3960548937320709, 1.1513105630874634, -1.475319743156433, 0.47723260521888733, 0.352684885263443, -0.9549999833106995, 0.935210108757019, 1.2827575206756592, 1.1652052402496338, 0.2274225503206253, 0.36485326290130615, 1.0388239622116089, -0.16804943978786469, -1.8530433177947998, 1.567395806312561, 1.1314809322357178, 1.2545044422149658, 0.50677090883255, -0.8757629990577698, 0.10624521225690842, -1.671623945236206, -1.5593552589416504, -0.4876675307750702, 0.9166791439056396, -0.3184296488761902, -2.6074507236480713, 0.7488903999328613, 2.457261323928833, -0.010241588577628136, -1.4293237924575806, -1.1340651512145996, -0.7364335060119629, 1.9632513523101807, 1.094191074371338, 0.337298184633255, 0.6178476810455322, 0.5127837657928467, -0.3536490797996521, -0.3812451660633087, 1.4695730209350586, 1.2622690200805664, 0.6072990298271179, 0.05355025455355644]",yunet,Facenet,1920,1080,/home/amos/media/tv/modern_family/Modern.Family.S09.1080p.DSNP.WEB-DL.DDP5.1.H.264-CRFW/Modern.Family.S09E17.Royal.Visit.1080p.DSNP.WEB-DL.DDP5.1.H.264-CRFW.mkv,Modern Family,2009,1442437,9,17,,,
775,1536,198,1830,564,1716,330,1590,330,0.912,19464,0,"[-0.5462247133255005, 0.11851954460144043, 0.5627017021179199, -1.486605167388916, -0.07129352539777756, 0.7970638871192932, -0.7228613495826721, 0.7407758831977844, 0.6363474726676941, 1.4676142930984497, 0.13568031787872314, 2.283693790435791, -0.29976779222488403, -1.422067642211914, -0.7640632390975952, 1.6374489068984985, 0.5580633282661438, -0.8395708799362183, 0.3120777904987335, -0.03508571535348892, 1.6318224668502808, 0.8024416565895081, 0.1317523717880249, -0.6005601286888123, 0.5096099376678467, -0.2840929925441742, -1.6857551336288452, 0.760123610496521, 2.1518447399139404, -1.1129907369613647, 0.0645471140742302, -1.5796030759811401, 1.721569299697876, -0.3584778308868408, 1.2604507207870483, 0.05396142229437828, -1.4221172332763672, 2.006667375564575, 0.5971901416778564, -1.1600892543792725, -2.005702018737793, 1.5366549491882324, -1.7138781547546387, -0.37107983231544495, -1.5724148750305176, 0.5238649249076843, -1.9302618503570557, 1.0571306943893433, -1.7278825044631958, 0.29719242453575134, 0.021338559687137604, 1.95622980594635, 0.2733742296695709, 0.020509913563728333, 1.5286750793457031, 0.3590073883533478, -0.5497996807098389, -0.8871080279350281, -0.7012739777565002, -0.5591168403625488, 0.4224366247653961, -0.1968253254890442, -0.9031631946563721, -1.1207630634307861, 0.6050348877906799, 0.48466479778289795, -0.15302538871765137, 0.8419237732887268, 0.25968092679977417, -0.8851727247238159, -0.13769151270389557, 0.08179840445518494, -2.405194044113159, 0.21859271824359894, 0.8620139360427856, 1.1620956659317017, -0.9027241468429565, -0.46691668033599854, 1.2360079288482666, 0.06540732085704803, 0.5737072229385376, -0.7528125047683716, -1.1469395160675049, -0.12059418857097626, 0.4842408001422882, -0.5725342035293579, -0.061739057302474976, 0.1822177916765213, -0.22625060379505157, 0.766075074672699, -1.022661805152893, 0.7859513759613037, 1.917993187904358, 1.3667775392532349, 0.5294331312179565, 0.499362587928772, -0.6172332763671875, 0.8380860090255737, 0.08327853679656982, -1.0147563219070435, 1.2289310693740845, -0.8904052376747131, -1.953041911125183, 0.17288632690906525, -0.8503531217575073, 1.1822065114974976, -0.81838059425354, -1.5144461393356323, 0.04824020713567734, 0.5122113227844238, 0.5333036780357361, 0.8483161926269531, 0.03260147199034691, -0.8913885951042175, 0.66912442445755, 1.0084078311920166, -1.0677703619003296, -0.4943004250526428, 0.47619518637657166, -0.2470717579126358, 0.2392139434814453, 0.21000169217586517, -1.0914926528930664, 0.589534342288971, 1.789299726486206, 0.7645386457443237, 0.42076215147972107, -0.2928052842617035]",yunet,Facenet,1920,1080,/home/amos/media/tv/modern_family/Modern.Family.S09.1080p.DSNP.WEB-DL.DDP5.1.H.264-CRFW/Modern.Family.S09E17.Royal.Visit.1080p.DSNP.WEB-DL.DDP5.1.H.264-CRFW.mkv,Modern Family,2009,1442437,9,17,Sofía Vergara,63522.0,0.813
776,108,96,408,486,354,228,228,234,0.904,19464,1,"[0.11608991771936417, -0.177903950214386, 0.2399737685918808, 0.3327319920063019, 0.23611503839492798, -1.227056622505188, 0.6017925143241882, 0.6573073267936707, -1.4319016933441162, -0.1307857185602188, -0.595722496509552, -0.3572957515716553, -2.102409601211548, 0.8918920755386353, 0.05144040659070015, -0.7203941941261292, 0.758094072341919, -0.1978117972612381, 0.429037868976593, -0.6616344451904297, -0.716535210609436, -0.7856342792510986, -0.10083436965942383, 0.9036150574684143, 1.9601913690567017, -1.3165780305862427, 0.422756552696228, 2.296459674835205, 1.1690112352371216, -0.3896201550960541, -0.46802112460136414, 2.349576711654663, -2.2806456089019775, 1.7947509288787842, -1.4592220783233643, -0.5839868187904358, -0.3289031684398651, -0.5686105489730835, -0.3250703513622284, -0.7653051614761353, -1.066880702972412, -0.3746349513530731, -1.0134812593460083, 0.5185782313346863, 0.45454055070877075, 0.4013145864009857, -1.1490191221237183, -1.4113876819610596, 0.9052029848098755, 1.1980204582214355, -0.9409708380699158, -0.2663295269012451, 1.1237537860870361, 1.0455571413040161, -0.7691529393196106, 0.16848041117191315, -1.811279058456421, -1.566620945930481, -1.4075863361358643, 1.5404798984527588, -2.353745698928833, 1.3090835809707642, 0.1480664312839508, -0.6783213019371033, -0.46280959248542786, 1.570680856704712, 0.17292135953903198, 1.0430598258972168, 1.5210726261138916, 0.6965975761413574, -0.3544505834579468, 0.43358394503593445, 0.9677512645721436, 0.3127408027648926, -0.3717477023601532, 0.49479949474334717, -0.5916047096252441, -0.837853729724884, 0.838470995426178, 1.7394367456436157, 0.8946718573570251, 1.8418220281600952, -0.11013968288898468, -2.29971981048584, 0.5657370686531067, 1.5169764757156372, -0.4285573661327362, 0.20922954380512238, 0.48186591267585754, 2.76729416847229, 2.2930784225463867, 1.035758137702942, -2.229139566421509, -0.16262435913085938, 0.7087105512619019, 0.4223332703113556, -0.6024030447006226, -0.0005747992545366287, 1.8204553127288818, 1.6426379680633545, -0.9817289113998413, 0.899755597114563, 0.8920286297798157, -1.233614206314087, 0.46021074056625366, -0.6415653228759766, 0.4736104905605316, 0.9438023567199707, -1.2210155725479126, -2.4178528785705566, -0.9418491721153259, -0.4615139365196228, -0.9043502807617188, -1.7715754508972168, 1.2758535146713257, 0.074591264128685, 1.1598179340362549, 1.6097921133041382, 0.4825350344181061, -0.1797889769077301, 1.1392614841461182, 0.22875726222991943, 0.4996907711029053, -0.4601573944091797, -0.4520156979560852, 0.11322308331727982, -0.09476770460605621, 0.1446734219789505]",yunet,Facenet,1920,1080,/home/amos/media/tv/modern_family/Modern.Family.S09.1080p.DSNP.WEB-DL.DDP5.1.H.264-CRFW/Modern.Family.S09E17.Royal.Visit.1080p.DSNP.WEB-DL.DDP5.1.H.264-CRFW.mkv,Modern Family,2009,1442437,9,17,Ed O'Neill,18977.0,0.595
777,1518,210,1782,552,1614,336,1548,336,0.912,19488,0,"[0.36183595657348633, 1.0451451539993286, 0.7234277129173279, -1.9381035566329956, -0.6035627126693726, 0.8347445726394653, -0.6139169335365295, 0.1722579449415207, 1.6853832006454468, 1.2830755710601807, -0.14867615699768066, 1.9595810174942017, -0.22111621499061584, -0.8162063360214233, -0.662452220916748, 0.37692391872406006, -0.44721630215644836, -0.7261844873428345, -1.4956103563308716, 0.4579809010028839, 1.8015884160995483, 0.4075591564178467, 0.029440194368362427, -0.4843417704105377, 0.23207947611808777, -0.7709373831748962, -1.5483449697494507, -0.1258011907339096, 2.4088215827941895, -1.8301310539245605, 0.21791322529315948, -1.5233649015426636, 2.0852866172790527, -0.7177936434745789, 1.1582813262939453, -1.04087495803833, -1.3295491933822632, 1.108401894569397, 1.010178565979004, -0.46344801783561707, -1.984372854232788, 0.9803257584571838, -0.7330095767974854, -0.5556743144989014, -2.4604310989379883, -0.5137306451797485, -2.1056435108184814, 0.898105263710022, -1.612632155418396, -0.4574357569217682, 0.5503397583961487, 1.0561342239379883, 0.14253070950508118, -0.13041219115257263, 1.3663610219955444, 0.10844942182302475, 0.31399571895599365, -0.6646909713745117, -1.5558884143829346, -0.7452777028083801, 0.0662311241030693, -0.43798893690109253, -1.6460200548171997, -0.4022122919559479, 0.6434385180473328, 0.9504599571228027, -0.2145524024963379, 0.5205802321434021, 0.8277548551559448, -1.96085524559021, -1.1465715169906616, -0.13295629620552063, -1.1676816940307617, -1.1737141609191895, 1.0604935884475708, 0.5037712454795837, -0.4165818691253662, -1.3733712434768677, 1.190228819847107, -1.058982014656067, 1.1099600791931152, -0.6524360179901123, -0.04599607735872269, -0.02654881775379181, -0.19753983616828918, -0.5017316341400146, -0.27127793431282043, -0.1340240091085434, 0.5800282955169678, 1.4784141778945923, -1.4099478721618652, 0.21179108321666718, 1.2702633142471313, 0.40822502970695496, 0.706087589263916, 1.4257563352584839, -1.1012439727783203, 0.11747090518474579, -0.006074387580156326, -1.7855151891708374, 0.9691134095191956, -0.5549081563949585, -2.1107797622680664, 1.1338882446289062, -0.1183302104473114, 0.6152359247207642, -0.25748902559280396, -1.8308178186416626, 0.550337553024292, 0.156267911195755, 1.277320384979248, 0.9453834891319275, -0.5624871253967285, -0.7023402452468872, 0.22123906016349792, 1.1137125492095947, -1.5288218259811401, 0.3150334358215332, 1.4809513092041016, -0.46451085805892944, -0.27303314208984375, -0.5205676555633545, -0.8773435354232788, 0.737115204334259, 1.2517391443252563, 0.7079070806503296, 0.1983453780412674, 0.3029640316963196]",yunet,Facenet,1920,1080,/home/amos/media/tv/modern_family/Modern.Family.S09.1080p.DSNP.WEB-DL.DDP5.1.H.264-CRFW/Modern.Family.S09E17.Royal.Visit.1080p.DSNP.WEB-DL.DDP5.1.H.264-CRFW.mkv,Modern Family,2009,1442437,9,17,Sofía Vergara,63522.0,0.757
778,84,108,384,498,336,246,216,246,0.901,19488,1,"[0.2240096926689148, -0.5752029418945312, 0.2755134701728821, 0.36027634143829346, 0.26307886838912964, -0.8300972580909729, 0.4116131365299225, 1.2425615787506104, -1.4575650691986084, -0.05609634891152382, -1.2086211442947388, -0.5798653960227966, -1.9449104070663452, 0.7696290016174316, -0.5084186792373657, -1.417586088180542, 1.0061358213424683, -0.17252284288406372, 0.530359148979187, -1.714239239692688, -0.7900444269180298, -1.091162919998169, -0.1843077838420868, 0.36560899019241333, 1.2662067413330078, -1.7941040992736816, 0.513070821762085, 2.6657018661499023, 0.5566062331199646, -0.5604461431503296, -0.7122094631195068, 2.515207529067993, -1.5984382629394531, 0.7527685165405273, -1.1658834218978882, -0.2864733338356018, -0.9992375373840332, -0.567885160446167, -0.6717530488967896, -0.3366331160068512, -0.5383722186088562, -0.625312328338623, -0.6829652786254883, 0.6960170865058899, 1.2598557472229004, 0.6013996601104736, -0.4960842728614807, -0.9863992929458618, 0.2497413009405136, -0.052204057574272156, -1.4315288066864014, 0.050205402076244354, 0.6473055481910706, 1.0475128889083862, -0.29635027050971985, 0.574120819568634, -1.774204969406128, -1.0374987125396729, -1.4976317882537842, 0.7131794095039368, -1.942344307899475, 0.9449324011802673, -0.15395952761173248, -0.40286868810653687, -0.40461623668670654, 1.718344807624817, 0.187099426984787, 1.0515230894088745, 1.1084392070770264, 0.10294874012470245, -0.43425819277763367, 0.8952087163925171, 1.1508244276046753, 0.6769621968269348, -0.3865894675254822, 0.7247463464736938, -0.7647533416748047, -0.27581652998924255, 1.3655071258544922, 1.8365827798843384, 1.254975438117981, 2.027359962463379, -0.012573422864079475, -2.778169870376587, 0.18250542879104614, 0.6715748310089111, -0.25120341777801514, -0.49931466579437256, 0.6035748720169067, 2.7595529556274414, 1.7050641775131226, 1.3679988384246826, -2.5114905834198, 0.0602683387696743, 0.657864511013031, 0.416621595621109, -0.9175276160240173, 0.07379589974880219, 1.4737412929534912, 2.000488758087158, -1.151159405708313, 0.845205545425415, 0.4366547465324402, -1.0911139249801636, 0.34058189392089844, -0.6626906394958496, 0.5023115277290344, 0.7543731927871704, -0.638791561126709, -2.1245436668395996, -1.4980722665786743, -0.17172357439994812, -1.0589609146118164, -1.2727150917053223, 0.16874994337558746, 0.6106988191604614, 1.1254199743270874, 1.2706632614135742, 0.2573636770248413, -0.5784320831298828, 0.42329829931259155, 0.9218182563781738, 0.2741073668003082, 0.07504928112030029, -0.03162239491939545, 0.6718468070030212, 0.13237759470939636, -0.5012139678001404]",yunet,Facenet,1920,1080,/home/amos/media/tv/modern_family/Modern.Family.S09.1080p.DSNP.WEB-DL.DDP5.1.H.264-CRFW/Modern.Family.S09E17.Royal.Visit.1080p.DSNP.WEB-DL.DDP5.1.H.264-CRFW.mkv,Modern Family,2009,1442437,9,17,Ed O'Neill,18977.0,0.587
779,1566,198,1836,558,1752,342,1614,342,0.921,19512,0,"[-0.7854881286621094, 0.46669504046440125, 0.46032270789146423, -2.1053848266601562, -0.8607752323150635, 1.066457748413086, -0.934292197227478, 1.2159000635147095, 1.5927791595458984, 1.4538408517837524, 0.11037468165159225, 2.2932372093200684, -0.822359561920166, -0.09892842918634415, -1.196313738822937, 1.0022838115692139, 0.1468496322631836, -1.1930019855499268, -0.5585430264472961, 0.23326215147972107, 2.2613155841827393, -0.13606557250022888, -0.1030457615852356, -0.8071621656417847, 0.14017893373966217, -0.826015830039978, -1.1874520778656006, -0.22600427269935608, 2.522135019302368, -1.1033737659454346, -0.16057007014751434, -0.7480127215385437, 2.257603168487549, -0.8710393905639648, 1.0209423303604126, -0.5047428607940674, -2.4582459926605225, 0.6601825952529907, 0.7310430407524109, -1.0755159854888916, -1.8722970485687256, 0.6406871676445007, -1.265589952468872, -0.4706447422504425, -1.6232409477233887, -0.22864720225334167, -2.3627164363861084, 0.800753116607666, -2.1962969303131104, 0.5308547019958496, -0.250960111618042, 1.7379461526870728, 0.5709102153778076, 0.3859442472457886, 0.7604847550392151, -0.2682969570159912, -0.47778162360191345, -1.2269008159637451, -0.8462796807289124, -0.5155797004699707, -0.06470301002264023, -0.28667378425598145, -0.5537859201431274, -0.7414785027503967, 1.0453945398330688, -0.08697141706943512, -0.03885488957166672, 0.3271075189113617, 0.5326806306838989, -1.359791874885559, -0.9992223381996155, 0.15311500430107117, -1.4210728406906128, -0.3019046187400818, 1.0355644226074219, -0.1873600035905838, 0.5379065275192261, -1.5379598140716553, 1.7471024990081787, -0.7247490882873535, 1.1905319690704346, -0.748450756072998, -0.8876017928123474, -1.1227068901062012, 0.21149638295173645, -0.7024219036102295, -0.9673090577125549, -0.7435745596885681, 0.10631127655506134, 1.4747732877731323, -1.348664402961731, 0.7045584321022034, 0.9665570259094238, 0.8578911423683167, 0.2662900686264038, 1.3972821235656738, -0.9329767823219299, 1.1562066078186035, -0.7838813662528992, -1.3973193168640137, 0.8955992460250854, -0.9449916481971741, -1.0971815586090088, 1.5572359561920166, -0.448574036359787, 0.9673510789871216, -0.44648098945617676, -1.2689136266708374, -0.11635862290859222, 0.760616660118103, 1.6865344047546387, 0.7797586917877197, -0.043843165040016174, -0.2356087863445282, 0.4091011881828308, 0.10165776312351227, -0.4544093608856201, -0.12249395251274109, 0.8205634951591492, -0.6715348362922668, 0.08118452876806259, -0.1378689855337143, -0.9870250225067139, 0.9801735281944275, 1.0712859630584717, 1.045479416847229, 0.3535018563270569, 0.5751503705978394]",yunet,Facenet,1920,1080,/home/amos/media/tv/modern_family/Modern.Family.S09.1080p.DSNP.WEB-DL.DDP5.1.H.264-CRFW/Modern.Family.S09E17.Royal.Visit.1080p.DSNP.WEB-DL.DDP5.1.H.264-CRFW.mkv,Modern Family,2009,1442437,9,17,Sofía Vergara,63522.0,0.698
780,108,102,420,510,366,240,246,240,0.908,19536,0,"[0.2388804852962494, -0.005415469408035278, 0.28301355242729187, 0.4206898510456085, 1.000978708267212, -1.4564456939697266, 1.032134771347046, 0.7345399260520935, -1.50298011302948, -0.12093210220336914, -0.9153463244438171, -0.6625306010246277, -1.2873774766921997, 0.9216512441635132, 0.7533420324325562, -1.0709575414657593, 1.0943763256072998, -0.6776596307754517, 0.22730866074562073, -1.1183403730392456, -1.2600160837173462, -1.4020459651947021, 0.14061599969863892, 0.7150416970252991, 0.7694470882415771, -1.5812857151031494, 0.556265115737915, 2.7934818267822266, 0.18942204117774963, -0.3451601266860962, -1.0221548080444336, 2.1055727005004883, -2.73716402053833, 1.185268759727478, -1.3919240236282349, -0.3881916403770447, -0.08652280271053314, -0.5744884014129639, -0.15889689326286316, -0.4822857081890106, -0.32345789670944214, -0.33419346809387207, -0.9090073108673096, 0.47978872060775757, 0.5824648141860962, 0.26725882291793823, -0.8539164066314697, -1.4265116453170776, 0.5060049295425415, 0.5593365430831909, -1.0408259630203247, 0.23850123584270477, 0.3401027321815491, 0.9283787608146667, -0.8742861151695251, 0.1651027351617813, -1.0677294731140137, -0.929415225982666, -1.1638243198394775, 0.5766691565513611, -2.3588502407073975, 0.836218535900116, 0.6498101949691772, -0.05967095121741295, -0.9906454682350159, 1.521437644958496, 0.3747953176498413, 0.6199518442153931, 1.2481520175933838, 0.41500967741012573, -0.7090172171592712, 0.9119287729263306, 1.3288276195526123, 0.33914607763290405, -0.7003580331802368, 1.0801951885223389, -1.2432806491851807, -0.3572676479816437, 0.16310018301010132, 0.9923297166824341, 0.5706692337989807, 2.5831470489501953, -0.33200180530548096, -2.5807485580444336, -0.25839129090309143, 0.7782502174377441, -0.016271572560071945, -0.3206315040588379, -0.030982429161667824, 2.742598533630371, 2.1177382469177246, 0.5618106126785278, -2.008547067642212, -0.034542907029390335, 0.4037090539932251, 0.2800697982311249, -0.3244670331478119, -0.4213787317276001, 1.5830888748168945, 2.1091458797454834, -1.6856281757354736, 1.2574472427368164, 0.3751443028450012, -1.3644829988479614, 0.6884514689445496, -0.4958362579345703, 0.17422425746917725, 0.8474569320678711, -0.5336989164352417, -1.4709088802337646, -1.4304771423339844, 0.05380368232727051, -0.6277981996536255, -1.3149254322052002, 0.607226550579071, 0.6515870094299316, 0.851823091506958, 0.7144758701324463, -0.15790769457817078, -0.5679101943969727, 0.3548262119293213, 0.6703228950500488, 0.7220878005027771, -1.1565746068954468, -0.6297371983528137, 0.32874447107315063, 0.11479831486940384, -0.9280037879943848]",yunet,Facenet,1920,1080,/home/amos/media/tv/modern_family/Modern.Family.S09.1080p.DSNP.WEB-DL.DDP5.1.H.264-CRFW/Modern.Family.S09E17.Royal.Visit.1080p.DSNP.WEB-DL.DDP5.1.H.264-CRFW.mkv,Modern Family,2009,1442437,9,17,Ed O'Neill,18977.0,0.565
781,1644,186,1920,558,1866,324,1728,318,0.917,19560,0,"[-0.06877711415290833, 0.691231369972229, 0.3408409655094147, -1.5766302347183228, -0.6046029329299927, 1.9861137866973877, -0.1916240155696869, 0.7992069721221924, 0.2814694046974182, 1.8850672245025635, 0.42116284370422363, 2.608849287033081, -1.4640772342681885, -1.3061518669128418, -0.4040457308292389, 1.785723090171814, -0.48022517561912537, -0.37693941593170166, -0.19080859422683716, 1.082446813583374, 2.1615052223205566, 0.11494319140911102, 0.770833432674408, -0.4107946753501892, 0.2588668763637543, -0.9170178174972534, -1.44121253490448, -0.32924944162368774, 2.873469829559326, -0.5750011801719666, 0.21965201199054718, -1.029775619506836, 1.7553410530090332, -0.7066835761070251, 1.1969541311264038, -0.15385162830352783, -1.1530641317367554, 0.1574137806892395, 0.01262490451335907, -1.143440842628479, -1.6056365966796875, 0.9154130220413208, -0.6637424230575562, 0.4490715265274048, -1.777907133102417, 0.4907108545303345, -1.9709453582763672, 0.4742978811264038, -2.750352144241333, 0.9483556747436523, -0.3502049446105957, 0.23871076107025146, 1.427864670753479, 1.991558313369751, 0.15879876911640167, 0.7110316753387451, -1.4423270225524902, -0.7885296940803528, -1.0578680038452148, -0.22322264313697815, -0.34357142448425293, 0.6802784204483032, -0.8133048415184021, -0.6928527355194092, 1.2980424165725708, 0.2324901670217514, 0.12469865381717682, 0.8735393285751343, 1.0481669902801514, -0.8043333292007446, -0.33459553122520447, 0.7564597129821777, -1.5359829664230347, 1.0027238130569458, 0.8368372321128845, 0.5416268110275269, 0.14319267868995667, -1.0195931196212769, 1.6361585855484009, 0.48552459478378296, 0.8787047266960144, -0.8883687257766724, -1.0489792823791504, -1.2489596605300903, 1.3302487134933472, -1.7734659910202026, -0.180895134806633, 0.005604319274425507, 0.9166260957717896, 1.2264724969863892, -1.7235682010650635, 0.620806872844696, 0.48132285475730896, 0.8917797803878784, -0.3820889890193939, 0.918095052242279, -0.7118972539901733, -0.46841269731521606, 0.3116162121295929, -1.299502968788147, 0.2898784279823303, -1.0018763542175293, -1.4373828172683716, 1.3147207498550415, -0.48392245173454285, 0.3049575090408325, 0.1336146891117096, -1.7026736736297607, 1.0879641771316528, 0.4118425250053406, 1.649213194847107, 0.8882045149803162, 0.43339774012565613, -0.8402314186096191, 0.40412279963493347, 0.6031837463378906, -0.2730156183242798, 0.7958965301513672, 1.0903300046920776, -0.7812169790267944, 1.0331755876541138, -0.6841269731521606, 0.08104903250932693, 1.2555509805679321, 1.0022021532058716, 0.9863314032554626, 0.46164143085479736, 0.7406367659568787]",yunet,Facenet,1920,1080,/home/amos/media/tv/modern_family/Modern.Family.S09.1080p.DSNP.WEB-DL.DDP5.1.H.264-CRFW/Modern.Family.S09E17.Royal.Visit.1080p.DSNP.WEB-DL.DDP5.1.H.264-CRFW.mkv,Modern Family,2009,1442437,9,17,Sofía Vergara,63522.0,0.754
782,1038,354,1176,522,1122,420,1062,420,0.906,19560,1,"[1.5315579175949097, -0.564057469367981, 0.5467569231987, -0.0957629382610321, 0.29490527510643005, 0.4614695906639099, 1.3196368217468262, -0.5866326689720154, -1.2033164501190186, 0.566866397857666, 0.07958207279443741, -0.836862325668335, -0.0005695968866348267, 0.22423991560935974, -0.024729840457439423, -0.9028782248497009, 2.081639289855957, -2.4911935329437256, -0.028896518051624298, 0.1960916966199875, -0.09410694986581802, -0.7302945256233215, -0.21709662675857544, 0.39586836099624634, 0.6650193929672241, -0.6095401048660278, 2.076857328414917, 0.533350944519043, -0.22807730734348297, 1.945025086402893, 0.3841342031955719, 0.3563811480998993, 1.7270485162734985, -2.00862193107605, -0.14924722909927368, 0.01135348528623581, 0.2889622151851654, -0.8250805735588074, -1.3238325119018555, 1.0260730981826782, 0.9437354803085327, 0.11751418560743332, -1.2792176008224487, -0.30564650893211365, 0.9037092924118042, -1.3159838914871216, 0.5999396443367004, 1.5089054107666016, -0.3084840178489685, -0.34101131558418274, -0.12061089277267456, 1.709402084350586, 0.2821762263774872, -2.0018463134765625, 0.31326955556869507, 1.875983476638794, 1.7446428537368774, 0.8416436314582825, 0.5913395881652832, 0.03663073480129242, 0.5898643136024475, -0.8158264756202698, 3.0794057846069336, 1.5170202255249023, -0.8352953195571899, 0.4478797912597656, 0.6409621834754944, 1.6957730054855347, 0.5916572213172913, -0.10180921107530594, -0.751872181892395, -0.6060096621513367, 1.111649990081787, -0.5087573528289795, -1.0918574333190918, -0.7550803422927856, -0.333623468875885, -1.0147830247879028, -0.40964275598526, -1.1279488801956177, -0.7904964685440063, 1.415769100189209, 0.18490678071975708, 0.6332753300666809, 0.501928448677063, -0.15005961060523987, 0.909646213054657, -1.6458892822265625, 0.7384079694747925, 0.219540536403656, -1.3342405557632446, 1.1766855716705322, 2.0126686096191406, 1.3275116682052612, 0.6714494824409485, -0.023746168240904808, 1.2729800939559937, -0.6139795184135437, -2.224580764770508, 1.783159613609314, 0.34961235523223877, 0.8897042274475098, 0.6311595439910889, -0.2344965934753418, -0.11837342381477356, -1.3274493217468262, -1.2182233333587646, 0.1771068423986435, 0.8867082595825195, -0.11657502502202988, -2.700765609741211, 0.9356203079223633, 2.3590261936187744, 0.6618655920028687, -0.9527454972267151, -0.8428024053573608, -0.7008761167526245, 0.9763495922088623, 1.5901755094528198, 0.04310275986790657, 0.6318798065185547, 1.0476363897323608, -0.15413442254066467, -1.0042976140975952, 1.1459580659866333, 1.3102233409881592, 0.5009345412254333, -0.06756468117237091]",yunet,Facenet,1920,1080,/home/amos/media/tv/modern_family/Modern.Family.S09.1080p.DSNP.WEB-DL.DDP5.1.H.264-CRFW/Modern.Family.S09E17.Royal.Visit.1080p.DSNP.WEB-DL.DDP5.1.H.264-CRFW.mkv,Modern Family,2009,1442437,9,17,Jeremy Maguire,1676910.0,0.518
783,138,120,426,486,378,246,258,246,0.903,19560,2,"[0.044805508106946945, 0.10102491080760956, 0.7060271501541138, 0.08249305933713913, 1.2832194566726685, -1.2168482542037964, 1.555923342704773, 0.5082658529281616, -1.370053768157959, 0.10017259418964386, -1.1665245294570923, -0.48337435722351074, -0.8882490992546082, 0.7068631649017334, 1.2598177194595337, -0.4745633602142334, 1.024757981300354, 0.9424476623535156, 0.6894963979721069, -0.9453270435333252, -1.1624184846878052, 0.12702016532421112, -0.2353578507900238, 0.5255691409111023, 2.1282222270965576, -0.9287104606628418, -0.08375624567270279, 2.3526716232299805, 0.4336942434310913, -0.7772610783576965, -0.25391170382499695, 1.7525806427001953, -1.5039087533950806, 0.47288691997528076, -0.0027455599047243595, -0.15065254271030426, -0.30529874563217163, -0.4611263871192932, -0.43675726652145386, -0.8211634159088135, -0.6923614144325256, 0.2927444577217102, 0.13807545602321625, 0.4790191054344177, 0.9168214797973633, 0.7239397764205933, -2.0765163898468018, -1.5793465375900269, 0.3987102508544922, 1.8138617277145386, -0.8998196721076965, 0.438813179731369, 0.6796603202819824, 0.9015712738037109, -0.46552324295043945, 0.028214436024427414, -1.5773508548736572, -1.7970592975616455, -0.8048591017723083, 1.0238709449768066, -0.5519917011260986, 1.3823754787445068, 0.24567168951034546, 0.18754464387893677, -0.18675988912582397, 0.6607475876808167, 0.1259630024433136, 0.16184820234775543, 1.7909934520721436, 0.7513995170593262, -0.6215195059776306, 0.42786112427711487, 0.7816498875617981, -0.6415548920631409, 0.03940342739224434, -0.27176427841186523, -1.0845390558242798, -1.4787728786468506, 0.8478633165359497, 1.9101489782333374, 1.800729751586914, 3.42767596244812, -0.3552917540073395, -2.0079524517059326, 0.23283952474594116, 0.6952410936355591, 0.24317435920238495, 0.08433035016059875, -0.1028907299041748, 2.6717402935028076, 0.690794050693512, 2.0094540119171143, -2.4511542320251465, 0.13945043087005615, 0.06290408968925476, -0.3289431035518646, -0.8480052351951599, -0.5432266592979431, 1.7715582847595215, 2.3467602729797363, -0.8766491413116455, 1.0329536199569702, -0.09861713647842407, -1.4273561239242554, 0.3233228623867035, -0.6762661337852478, -0.14996615052223206, 0.9119973182678223, -0.43425843119621277, -2.297525644302368, -1.463976263999939, -0.27767109870910645, -0.4284972846508026, -0.450953871011734, 0.9276965856552124, -0.0734243169426918, 1.7080507278442383, 1.17436945438385, 0.5999950766563416, 0.23181359469890594, 1.512359857559204, 0.3237621784210205, 0.8326866626739502, -0.8155501484870911, -0.5368396043777466, 0.36349058151245117, 0.4180050492286682, -0.5079247951507568]",yunet,Facenet,1920,1080,/home/amos/media/tv/modern_family/Modern.Family.S09.1080p.DSNP.WEB-DL.DDP5.1.H.264-CRFW/Modern.Family.S09E17.Royal.Visit.1080p.DSNP.WEB-DL.DDP5.1.H.264-CRFW.mkv,Modern Family,2009,1442437,9,17,,,
784,0,132,318,540,204,300,48,300,0.917,19584,0,"[0.4472997188568115, -0.503559947013855, 0.6875988841056824, -0.6913949847221375, 0.767859935760498, -0.8638615608215332, -0.023882433772087097, 0.9342368841171265, 0.7410528063774109, -0.3812413513660431, -0.5049886703491211, 1.8692177534103394, -0.5176898837089539, 0.02445567399263382, 0.6203275918960571, -1.0038045644760132, 2.273116111755371, 1.0930180549621582, 0.9271377921104431, -0.5522915124893188, -0.36733880639076233, -1.6253358125686646, -0.5971291065216064, 1.167348027229309, 1.1165015697479248, -2.0824332237243652, -0.017303042113780975, 2.362820625305176, 0.4171396493911743, -0.8820282816886902, -0.4889111816883087, 1.7522310018539429, -1.0356248617172241, 0.4805440306663513, -1.8593192100524902, -0.4592282474040985, -0.39564448595046997, -0.19985398650169373, -1.0267481803894043, -0.024136781692504883, -0.49366307258605957, -0.32438772916793823, -0.4768311083316803, 1.0164226293563843, -0.03899342566728592, 0.7415208220481873, -0.3742173910140991, -2.0931224822998047, 0.47899705171585083, 0.9422290325164795, -1.0158551931381226, -0.6171240210533142, -0.37886157631874084, 0.07522070407867432, 0.7632602453231812, 0.5126135349273682, -1.7508206367492676, -1.0637476444244385, -0.48608845472335815, 1.353562593460083, -1.1323277950286865, 0.9287762641906738, 0.22045674920082092, -0.9849462509155273, 0.8329743146896362, 1.6964709758758545, -0.2399248480796814, 1.4206602573394775, 0.9155610203742981, -0.2657546103000641, -1.3276700973510742, 1.0379713773727417, 1.1425291299819946, -0.04429635778069496, -0.027550924569368362, 0.10678642988204956, -0.8281768560409546, -2.2663309574127197, -0.27769598364830017, 1.3940062522888184, -0.346007376909256, 1.2498928308486938, 0.0659397765994072, -2.015260696411133, -0.2071211338043213, 1.0166372060775757, -0.022920992225408554, -0.07352866232395172, 0.6566300392150879, 2.9370062351226807, 1.2498540878295898, 0.5661293864250183, -2.228719472885132, -1.4232525825500488, 0.536060631275177, -0.5478949546813965, -0.46919339895248413, 0.009745342656970024, 0.9100145697593689, 1.7522926330566406, 0.017992056906223297, 1.471009612083435, 0.5326529741287231, -1.7410547733306885, -0.040967125445604324, -0.07777560502290726, 0.09199915826320648, -0.21030977368354797, 0.41358041763305664, -1.8878616094589233, -0.9500818252563477, 0.38883668184280396, -0.9846851825714111, -1.9422461986541748, 0.9569896459579468, -0.19707123935222626, 0.5728820562362671, 1.6316896677017212, 1.8333642482757568, -0.5268663167953491, -0.039598673582077026, 1.353196144104004, 1.0046051740646362, -0.5917804837226868, -0.13245929777622223, -0.0044926851987838745, -0.08943099528551102, 0.11942341923713684]",yunet,Facenet,1920,1080,/home/amos/media/tv/modern_family/Modern.Family.S09.1080p.DSNP.WEB-DL.DDP5.1.H.264-CRFW/Modern.Family.S09E17.Royal.Visit.1080p.DSNP.WEB-DL.DDP5.1.H.264-CRFW.mkv,Modern Family,2009,1442437,9,17,Ed O'Neill,18977.0,0.676
785,1566,180,1836,528,1734,306,1614,306,0.907,19584,1,"[-0.5338799953460693, 0.2762273848056793, 0.5895510911941528, -1.729955792427063, 0.056877557188272476, 1.0912948846817017, -0.06459029018878937, 0.9287737011909485, 1.1477872133255005, 1.2219622135162354, 0.3249760568141937, 2.2837164402008057, 0.6343297362327576, -1.1080658435821533, -0.9314562082290649, 2.0935118198394775, -0.17710193991661072, -0.6216025948524475, -0.32958608865737915, 0.3456670939922333, 1.9760602712631226, 1.199885606765747, 0.3651209771633148, -0.42073655128479004, 0.7081576585769653, -0.7478883862495422, -1.4539766311645508, 0.008510634303092957, 2.4170727729797363, -1.8407536745071411, 0.42819201946258545, -1.730684518814087, 2.8558497428894043, -0.1661055088043213, 1.240203619003296, -0.7393285036087036, -1.0082604885101318, 1.4662902355194092, 0.8430106043815613, -1.0185236930847168, -1.6629093885421753, 2.0484251976013184, -1.3299459218978882, -1.1256012916564941, -2.4404850006103516, -0.28634512424468994, -2.3449299335479736, 0.5714212656021118, -1.2998175621032715, 0.6133236885070801, -0.3374898433685303, 1.6655679941177368, -0.13809728622436523, 0.03878261148929596, 1.2061277627944946, 0.4502810835838318, -0.06361542642116547, -0.8143826127052307, -0.9314877986907959, -1.237760066986084, 0.5605629086494446, -0.352255642414093, -0.9511155486106873, -0.23069536685943604, 0.26270565390586853, 0.49424052238464355, 0.05340259149670601, 0.5954675078392029, 0.6099110245704651, -1.4833396673202515, -0.6377108693122864, -0.1804896891117096, -1.6004911661148071, -0.030106008052825928, 1.5402854681015015, 0.19080397486686707, -0.5431854724884033, -0.338443398475647, 1.1293145418167114, -0.17718197405338287, 0.34592893719673157, -0.7033692598342896, -0.9001132249832153, -0.13256226480007172, 0.7719649076461792, 0.23124900460243225, 0.5078899264335632, 0.20599566400051117, -0.4824317693710327, 2.145909309387207, -1.3364371061325073, 1.0264127254486084, 1.7839592695236206, 0.9122334718704224, 0.3358827829360962, 1.0460381507873535, -1.2618385553359985, 0.08907818794250488, -0.17182821035385132, -1.4157930612564087, 0.17078569531440735, -0.2537558078765869, -1.5953938961029053, 0.4458168148994446, 0.12413182109594345, 1.0454617738723755, -0.8352239727973938, -1.2111308574676514, -0.3536757826805115, 0.4553427994251251, 1.3040884733200073, 1.1567745208740234, 0.02144104242324829, -0.44231924414634705, 0.5745408535003662, 1.369254469871521, -0.8412933349609375, -0.5528398752212524, 0.7288888096809387, -0.8923539519309998, -0.12702736258506775, -0.4799957275390625, -0.9138736128807068, 1.014504313468933, 1.5735273361206055, 0.1916070282459259, -0.30498257279396057, 0.23554499447345734]",yunet,Facenet,1920,1080,/home/amos/media/tv/modern_family/Modern.Family.S09.1080p.DSNP.WEB-DL.DDP5.1.H.264-CRFW/Modern.Family.S09E17.Royal.Visit.1080p.DSNP.WEB-DL.DDP5.1.H.264-CRFW.mkv,Modern Family,2009,1442437,9,17,Sofía Vergara,63522.0,0.78
786,588,210,906,630,840,360,690,366,0.927,19656,0,"[-1.3113305568695068, 0.40823832154273987, 0.9718905091285706, -1.7835643291473389, 0.15555407106876373, 1.6178510189056396, -1.3796806335449219, 0.6037424802780151, 1.4416403770446777, 1.630804181098938, 0.05961773544549942, 2.9090123176574707, -0.08798231184482574, -0.9484777450561523, -1.4076653718948364, 1.4952244758605957, 0.016941845417022705, -0.525867760181427, -0.40417593717575073, -0.937915563583374, 2.2200098037719727, 0.9866271615028381, -0.0025103650987148285, -0.8993750810623169, 0.14704489707946777, -0.6226307153701782, -1.3451141119003296, 0.9618945121765137, 2.225811719894409, -1.8710823059082031, -0.20291176438331604, -1.3758383989334106, 1.4006335735321045, -0.9805417656898499, 1.9720358848571777, -0.3845617473125458, -1.242945909500122, 0.3950977325439453, 0.3154378831386566, -1.422307014465332, -1.4724109172821045, 0.5495010614395142, -0.8637796640396118, -0.14417186379432678, -1.8574974536895752, 0.4127628207206726, -1.480219841003418, -0.38321173191070557, -1.082189917564392, 0.7365361452102661, -0.640182375907898, 1.3167293071746826, 0.6444656848907471, -0.1717250943183899, 1.1841415166854858, 0.38359612226486206, -1.1045777797698975, -1.7062515020370483, -0.964091420173645, -1.36941659450531, -0.07297752052545547, -0.00787375122308731, -0.8417849540710449, -0.6415489912033081, 0.10352081060409546, 1.3714510202407837, -0.12778863310813904, 0.5308988690376282, 1.019546389579773, -1.5874282121658325, -0.34450680017471313, 0.5042623281478882, -1.0126389265060425, -0.08379606157541275, 1.3111745119094849, 0.6229056715965271, 0.29269111156463623, -0.09942364692687988, 1.8796579837799072, 0.07194435596466064, -0.04969187080860138, -1.0330438613891602, -0.5890239477157593, -0.17321671545505524, 0.7627307176589966, -0.5409459471702576, -0.09939853101968765, 0.1759742945432663, 0.6329658031463623, 2.1766581535339355, -1.0366441011428833, 0.8310840129852295, 1.0596131086349487, 0.9200239777565002, 1.2992552518844604, 1.6725229024887085, -0.6940939426422119, 1.1237024068832397, 0.2636167109012604, -1.5388504266738892, 1.1266770362854004, -0.06306177377700806, -1.0836845636367798, 0.39178380370140076, -0.053216490894556046, 1.5116987228393555, -0.13586293160915375, -0.4264882504940033, -0.11039958894252777, -0.1294882744550705, 1.9538025856018066, 1.392547369003296, -0.15746545791625977, -0.15011049807071686, 0.8382343649864197, 1.7481660842895508, 0.11307118833065033, 0.6748916506767273, 0.3490862250328064, -1.2661267518997192, -0.20466752350330353, -0.7029396295547485, -0.11922693252563477, 1.509080171585083, 1.5465052127838135, 0.08254537731409073, 0.4936758279800415, 0.02941812202334404]",yunet,Facenet,1920,1080,/home/amos/media/tv/modern_family/Modern.Family.S09.1080p.DSNP.WEB-DL.DDP5.1.H.264-CRFW/Modern.Family.S09E17.Royal.Visit.1080p.DSNP.WEB-DL.DDP5.1.H.264-CRFW.mkv,Modern Family,2009,1442437,9,17,Sofía Vergara,63522.0,0.823
787,666,150,1002,582,924,294,762,300,0.931,19680,0,"[-0.052537500858306885, 1.594786286354065, 1.3522900342941284, -2.381730318069458, 1.1852892637252808, 0.7742223143577576, -0.016401030123233795, 0.44215086102485657, 0.7273367643356323, 0.7630170583724976, 1.3666174411773682, 2.138780117034912, -1.0076674222946167, -0.7286316156387329, -0.042053356766700745, 0.7084223031997681, 0.8896684646606445, -1.4268723726272583, -1.7025842666625977, 0.6787086725234985, 1.1562949419021606, 0.2758479714393616, 0.014055609703063965, -1.1462594270706177, -0.45164158940315247, -0.024828404188156128, -1.7791693210601807, 0.704578697681427, 2.2485976219177246, -1.7313777208328247, 0.14411017298698425, -1.519784927368164, 0.9805671572685242, -1.0915411710739136, 0.995610773563385, 0.5514218211174011, -1.5932035446166992, 0.28219035267829895, 0.5764946937561035, -1.782068133354187, -2.0736026763916016, 0.2779655158519745, -1.4682132005691528, 0.011649899184703827, -1.4262583255767822, -0.1055932492017746, -2.090510368347168, -0.021608199924230576, -2.215606689453125, 1.0736541748046875, 0.4929250478744507, 0.9997124075889587, 0.01578349620103836, -0.3206545114517212, 0.4982782304286957, 0.34370890259742737, -0.7633322477340698, -1.8242530822753906, -0.23654401302337646, -0.099622443318367, -0.10820843279361725, -0.5761411786079407, 0.8430747985839844, -0.35707008838653564, -0.11462774127721786, 0.2947292923927307, -1.319456696510315, -0.028107207268476486, 2.0313031673431396, -0.7013494968414307, -1.7938263416290283, -0.24264785647392273, -2.252530813217163, -1.0033421516418457, 1.4131295680999756, 1.089982271194458, -0.6512622833251953, -1.9149599075317383, 1.3646283149719238, -0.17836260795593262, 0.7040040493011475, 0.33996227383613586, -1.4577245712280273, -0.48181769251823425, 0.6280297636985779, -0.8404151201248169, 0.04678160697221756, -0.16128599643707275, 0.6926243305206299, 1.322039246559143, -1.9460397958755493, 0.24084624648094177, 1.667517900466919, 0.2490839660167694, 0.7253273129463196, 0.23982231318950653, -0.5126625895500183, -0.2896422743797302, 0.16972655057907104, -0.764508843421936, 0.6529468894004822, -0.5068410038948059, -1.6715210676193237, 1.4985907077789307, 0.20517131686210632, 1.1289104223251343, -0.18021424114704132, -1.3494209051132202, -0.04846830666065216, 0.5855494737625122, 1.7774014472961426, 1.2009682655334473, -0.12994298338890076, -0.06795604526996613, 1.2479887008666992, 1.1914762258529663, -0.9887286424636841, 0.2756337523460388, 0.6918231248855591, -0.6909663081169128, 0.23975984752178192, 0.32298043370246887, -0.18622370064258575, 0.43246448040008545, 0.05680842697620392, 0.40318337082862854, -0.11265110224485397, 0.33658429980278015]",yunet,Facenet,1920,1080,/home/amos/media/tv/modern_family/Modern.Family.S09.1080p.DSNP.WEB-DL.DDP5.1.H.264-CRFW/Modern.Family.S09E17.Royal.Visit.1080p.DSNP.WEB-DL.DDP5.1.H.264-CRFW.mkv,Modern Family,2009,1442437,9,17,Sofía Vergara,63522.0,0.685
788,666,132,1014,558,918,276,750,282,0.923,19704,0,"[-0.5296932458877563, 0.9501683712005615, 1.2093757390975952, -1.4586396217346191, 1.4027435779571533, 0.8768934011459351, -0.512290894985199, 0.8360196948051453, 0.8552772402763367, 0.7971418499946594, 0.5796533226966858, 2.2863855361938477, -0.15715375542640686, -0.9606993198394775, -0.7823379039764404, 2.1721131801605225, 0.15079382061958313, -0.6929712891578674, -1.0950982570648193, 0.40063801407814026, 1.104783535003662, 1.7553467750549316, -0.184341698884964, -0.8955327272415161, 0.45332756638526917, -0.019787244498729706, -1.3485873937606812, 0.9631393551826477, 2.946880578994751, -1.2213226556777954, -0.11621451377868652, -2.231499671936035, 1.5963352918624878, -0.8096785545349121, 1.5057783126831055, 0.037394989281892776, -1.6286965608596802, 1.1618605852127075, -0.10033312439918518, -1.013190746307373, -1.4387900829315186, 0.7389419674873352, -0.745241641998291, 0.7855771780014038, -1.9240444898605347, 0.09176424145698547, -2.073857545852661, -0.29332035779953003, -1.9215019941329956, 0.9277658462524414, -0.5801637768745422, 1.4291104078292847, 0.8461061716079712, 0.3947538733482361, 0.598689615726471, 0.3015609383583069, 0.37983134388923645, -1.662650227546692, -1.3449459075927734, -0.28494903445243835, 0.014276228845119476, 0.3321372866630554, -0.5263444185256958, 0.3644859194755554, -0.20544403791427612, 0.6992195844650269, -0.7691575884819031, -0.3469267189502716, 1.4785082340240479, -1.1154630184173584, -0.6170256733894348, -0.30645129084587097, -2.3443117141723633, -0.2753768563270569, 1.8751540184020996, 0.7093586921691895, -0.2990822196006775, -0.4090102016925812, 2.3605551719665527, 0.4936395287513733, 1.00240159034729, -0.4069901406764984, -0.21695303916931152, -0.3672371208667755, 1.2417408227920532, -0.33558204770088196, 0.600251317024231, 0.7889603972434998, 0.30561453104019165, 1.4449228048324585, -1.7085782289505005, 0.7738056182861328, 1.547579050064087, -0.08555939048528671, 1.2079428434371948, 0.3026178181171417, -0.8518291115760803, -0.8362609148025513, -0.16241994500160217, -1.4696952104568481, 0.5440033674240112, -0.07708093523979187, -2.2646102905273438, 1.6744717359542847, 0.7931708097457886, 0.941344141960144, -0.08589372038841248, -1.7236740589141846, -0.0993463546037674, 0.17342622578144073, 2.0186781883239746, 1.0268301963806152, -0.06896863877773285, 0.5896654725074768, 0.35623547434806824, 0.5069445371627808, -0.8858283758163452, 0.9122906923294067, 1.4563592672348022, -1.497654914855957, 1.0382499694824219, -0.002688208594918251, -0.6243677735328674, 0.4657727777957916, 1.2216441631317139, 0.14212995767593384, 0.2438192218542099, 0.8329415321350098]",yunet,Facenet,1920,1080,/home/amos/media/tv/modern_family/Modern.Family.S09.1080p.DSNP.WEB-DL.DDP5.1.H.264-CRFW/Modern.Family.S09E17.Royal.Visit.1080p.DSNP.WEB-DL.DDP5.1.H.264-CRFW.mkv,Modern Family,2009,1442437,9,17,Sofía Vergara,63522.0,0.764
789,654,150,1128,738,1020,354,804,354,0.93,19728,0,"[-0.4598716199398041, -0.5808835029602051, -0.38141945004463196, 1.118569254875183, 2.068662166595459, -1.4257253408432007, 1.417439341545105, 0.38876307010650635, -1.1379667520523071, 1.230373501777649, -1.0611395835876465, 0.06535156071186066, -0.7101002335548401, -0.053716208785772324, 1.1044950485229492, 0.05847999453544617, 0.9479396343231201, -0.03765174001455307, 1.183206558227539, -0.6733300685882568, -0.548783004283905, -0.6807643175125122, -0.2954557240009308, 1.2012476921081543, 1.315976858139038, -0.8549911975860596, 0.6273818016052246, 2.5833139419555664, 0.30849993228912354, -0.45723891258239746, -0.24461814761161804, 1.2347434759140015, -2.074791193008423, 1.030744194984436, -0.780714750289917, -1.5085252523422241, -0.004282653331756592, -0.9913837313652039, -1.3080096244812012, -1.265139102935791, -1.5318310260772705, -0.27002906799316406, -0.26406875252723694, 0.6876713037490845, 0.4635258615016937, -0.19114676117897034, -0.8097701072692871, -0.035035427659749985, 0.33958303928375244, 1.070406198501587, -0.32468652725219727, 1.2147679328918457, -0.8022509217262268, 1.1136151552200317, -0.5431423187255859, 0.0324733667075634, -0.9091843366622925, -0.32829657196998596, -1.1651455163955688, 1.0492764711380005, -1.7130844593048096, 1.0955467224121094, 0.8827493190765381, 0.3557424247264862, -0.5418504476547241, 0.9268348813056946, -0.28836727142333984, 0.9062695503234863, 0.796514093875885, -0.2083660215139389, 0.14733082056045532, -1.4416307210922241, 1.1739219427108765, 1.049384593963623, -0.33887290954589844, 0.47792989015579224, -0.13491305708885193, -0.22450892627239227, -0.2660612165927887, 0.9390417337417603, -0.34027358889579773, 2.536076784133911, -0.6618318557739258, -1.9914050102233887, -1.0468120574951172, 0.7507598400115967, 0.41032227873802185, -0.27448487281799316, 0.22469720244407654, 1.7695268392562866, 0.7356916069984436, 0.5754782557487488, -0.7184157371520996, -0.15597796440124512, 1.2654474973678589, -0.5475428700447083, -0.4791037440299988, -0.3799920678138733, 0.9959394335746765, 2.3963823318481445, -1.040496587753296, 1.3164725303649902, 0.6183027029037476, -1.3820383548736572, 0.328125923871994, -1.1522024869918823, 0.178091898560524, 0.09764730930328369, 0.04788617789745331, -2.0643293857574463, -1.902533769607544, -0.15803462266921997, 0.051267918199300766, -1.1922216415405273, 1.0889058113098145, 0.19105294346809387, 1.0998896360397339, 1.5065295696258545, -0.17893582582473755, 0.39223188161849976, 0.22002455592155457, 0.7921186685562134, 0.4383275508880615, -0.038078658282756805, 0.18183976411819458, 1.0591355562210083, 0.6557080149650574, -0.04475196450948715]",yunet,Facenet,1920,1080,/home/amos/media/tv/modern_family/Modern.Family.S09.1080p.DSNP.WEB-DL.DDP5.1.H.264-CRFW/Modern.Family.S09E17.Royal.Visit.1080p.DSNP.WEB-DL.DDP5.1.H.264-CRFW.mkv,Modern Family,2009,1442437,9,17,Ed O'Neill,18977.0,0.621
790,654,156,1146,786,954,396,732,390,0.914,19752,0,"[-0.6424634456634521, -1.669625163078308, 0.9233255982398987, 0.5653047561645508, 0.7622999548912048, -1.1610000133514404, 0.16869328916072845, 0.8236586451530457, -1.05392587184906, 0.2822555601596832, -0.6524625420570374, 0.15881091356277466, -1.8936307430267334, 0.030863910913467407, 0.8411943912506104, -1.1493862867355347, 0.3355291187763214, 0.7668356895446777, 0.48681825399398804, -1.1447340250015259, -1.42682945728302, -1.1530753374099731, -1.1943750381469727, 0.7209686636924744, 0.6537458896636963, -1.5869667530059814, 0.6061316728591919, 2.2320876121520996, 1.3017988204956055, -0.9098502993583679, 0.23667819797992706, 2.0246105194091797, -1.4669910669326782, 0.580943763256073, -1.1577792167663574, -0.6127263307571411, -0.5983591675758362, -0.7513763308525085, -1.7131130695343018, -1.1296977996826172, -0.41677698493003845, -0.44238656759262085, -0.5351870059967041, 0.49667584896087646, 0.9131240844726562, -0.31712451577186584, -0.5435194969177246, -0.2553163468837738, 0.326690673828125, 0.35400331020355225, 0.4447630047798157, 0.12379316985607147, 0.29462143778800964, 1.2219606637954712, 0.1336820423603058, 0.020052054896950722, -2.607067823410034, -0.8631575107574463, -1.4899985790252686, 0.915246307849884, -0.7622437477111816, 0.8222665190696716, 0.03609241545200348, 0.327129989862442, -0.4784899055957794, 2.642385959625244, 0.05594112351536751, 1.42936110496521, 1.1216524839401245, -0.1299641728401184, -0.8178355693817139, -1.5919296741485596, 1.3849091529846191, 0.4224283695220947, 0.04845145344734192, 1.027259349822998, -0.9328094720840454, 0.141111820936203, -0.07041095942258835, 2.012385606765747, -0.4749969244003296, 2.151463031768799, -1.0932577848434448, -1.770234227180481, -0.6072819828987122, -0.04333563894033432, 0.1920110136270523, 0.11495901644229889, 1.026474952697754, 1.9251792430877686, 0.4852171540260315, 0.9750540852546692, -1.5277315378189087, 0.04740361496806145, 1.1852632761001587, -0.30316492915153503, -0.749346137046814, -0.07865478843450546, 2.451643228530884, 2.4405763149261475, -1.2589586973190308, 1.3714100122451782, 0.6650844216346741, -0.7589468955993652, 1.1600557565689087, 0.11294732987880707, 0.4505120813846588, 0.9311012029647827, -0.2760363817214966, -2.263169527053833, -1.2469482421875, -0.13836100697517395, -1.2745290994644165, -2.497398614883423, 0.16369576752185822, 1.585538625717163, 0.6648492813110352, 1.0839024782180786, -1.163870096206665, -0.6847939491271973, -0.642487645149231, 0.4328467845916748, 0.5176063179969788, 0.23079852759838104, 0.4814661741256714, 1.188660740852356, -0.7561016082763672, 0.1927279233932495]",yunet,Facenet,1920,1080,/home/amos/media/tv/modern_family/Modern.Family.S09.1080p.DSNP.WEB-DL.DDP5.1.H.264-CRFW/Modern.Family.S09E17.Royal.Visit.1080p.DSNP.WEB-DL.DDP5.1.H.264-CRFW.mkv,Modern Family,2009,1442437,9,17,Ed O'Neill,18977.0,0.661
791,1380,252,1632,588,1572,372,1452,372,0.918,19776,0,"[-1.429450511932373, 0.9142414331436157, 1.1092829704284668, -1.4952948093414307, 0.3726198971271515, 0.7230663895606995, -0.18307188153266907, 1.2191307544708252, 0.583906888961792, 0.9748680591583252, 1.407131314277649, 2.5439703464508057, -0.48878931999206543, -1.963529348373413, -0.19262313842773438, 1.9574871063232422, 0.7117277383804321, -0.6128389239311218, -0.7048656940460205, 0.28333431482315063, 2.1335978507995605, 0.29739463329315186, -0.2908572852611542, -0.7735875248908997, -0.16446806490421295, 0.0541040301322937, -1.5070098638534546, 0.9386053085327148, 2.9438271522521973, -1.7825261354446411, 0.36711186170578003, -1.7429585456848145, 1.6067239046096802, -0.9096987247467041, 1.9345842599868774, -0.06482639908790588, -1.7486824989318848, 0.4709663689136505, 0.12730468809604645, -1.084359884262085, -1.9481854438781738, 1.2867003679275513, -0.9275164604187012, 0.13074035942554474, -1.4354668855667114, 0.8275337815284729, -1.2263634204864502, -0.2860140800476074, -1.5648438930511475, 0.8346912860870361, -1.0378085374832153, 1.5540791749954224, 0.18498393893241882, 1.1561853885650635, 0.6160562038421631, 1.0187020301818848, -0.33653292059898376, -0.8606427907943726, -0.8567078113555908, -0.05342549830675125, 0.1664387285709381, 0.12627612054347992, 0.10609308630228043, -0.34159746766090393, 0.5530774593353271, 0.7903079390525818, -0.3793894946575165, 0.6839878559112549, 1.4852585792541504, -0.48561713099479675, -0.6907458901405334, 0.0895734578371048, -2.3441038131713867, -0.026557549834251404, 1.4953490495681763, 0.5872125625610352, -0.27784618735313416, -0.6720972061157227, 1.0811415910720825, 0.8178392648696899, 0.5130870938301086, -1.1000100374221802, -0.5582687854766846, -1.682187557220459, 1.044768214225769, -0.49692776799201965, -0.292554646730423, 0.4787251949310303, -0.2008090317249298, 1.3833560943603516, -1.6090943813323975, 0.3996414840221405, 1.5306713581085205, 0.249778151512146, 0.4714926779270172, 0.3821697235107422, -1.2445019483566284, 0.14495019614696503, 0.5655328035354614, -0.7929185032844543, 0.18521888554096222, -0.09572219848632812, -1.0007297992706299, 2.1143743991851807, 0.7896216511726379, 1.4225544929504395, -0.21711811423301697, -0.6702501773834229, -0.2552497386932373, 0.6489020586013794, 1.7230494022369385, 0.7612209320068359, -0.0989006757736206, -0.06926549226045609, 0.2892080247402191, 0.9748345613479614, -0.32888224720954895, 0.316163569688797, 1.3611667156219482, -1.5847325325012207, 0.9184553027153015, 0.06787125766277313, -0.386804461479187, 0.5487208962440491, 0.9473586678504944, 0.05708771198987961, -0.22577892243862152, 0.8085795640945435]",yunet,Facenet,1920,1080,/home/amos/media/tv/modern_family/Modern.Family.S09.1080p.DSNP.WEB-DL.DDP5.1.H.264-CRFW/Modern.Family.S09E17.Royal.Visit.1080p.DSNP.WEB-DL.DDP5.1.H.264-CRFW.mkv,Modern Family,2009,1442437,9,17,Sofía Vergara,63522.0,0.772
792,114,186,384,528,276,300,162,300,0.911,19776,1,"[0.08180642127990723, -0.7955831289291382, 0.48877421021461487, 0.07120942324399948, 0.35108742117881775, -1.1456283330917358, -0.9452891945838928, 0.8886587023735046, -0.31879061460494995, -0.07919557392597198, -0.4351378381252289, 0.8965318202972412, -1.529219627380371, 0.09146237373352051, 1.2256463766098022, -1.16572904586792, 1.308342695236206, 1.3436412811279297, -0.27897757291793823, -0.5684864521026611, -1.6949938535690308, -1.5997509956359863, -0.1429266780614853, 0.46984946727752686, 0.3025882840156555, -1.949510097503662, -0.48263028264045715, 3.125426769256592, 0.45559751987457275, -0.7244842052459717, -0.4075046479701996, 2.0488646030426025, -1.8531333208084106, 0.2792457342147827, -2.076387882232666, -0.12689059972763062, -0.49228477478027344, 0.6343209147453308, -1.3584356307983398, -0.2043682336807251, 0.5268288850784302, -0.8721470832824707, -0.6030960083007812, 1.1339808702468872, 0.5242831707000732, -0.14183437824249268, 0.53114253282547, -2.518545150756836, 0.5974499583244324, 0.32560279965400696, 0.0253274105489254, -1.0367529392242432, 0.6363099217414856, -0.3779711127281189, 0.5919260382652283, -0.14403025805950165, -1.956734538078308, 0.08432574570178986, -1.0716995000839233, 0.5826888680458069, -0.9563505053520203, 0.24533553421497345, -0.43207383155822754, -0.6453117728233337, -0.17038682103157043, 1.3066134452819824, 0.40931248664855957, 0.5211409330368042, 1.5735357999801636, -1.163012146949768, -1.8181513547897339, 0.12414643168449402, 1.2366095781326294, 0.05301932990550995, -0.327199250459671, 1.2927346229553223, -1.8024524450302124, -1.0713574886322021, 0.10160806030035019, 1.0943456888198853, 0.36342114210128784, 1.3020957708358765, 0.023670069873332977, -1.5347919464111328, -1.6673927307128906, 0.4655584394931793, -0.03691323846578598, 0.8078793287277222, 0.9885309934616089, 2.4766881465911865, 1.1069256067276, -0.6771395206451416, -2.513880729675293, -0.4928344190120697, 0.8671022057533264, -0.9926958084106445, -0.7923594117164612, -0.5843938589096069, 2.057744026184082, 1.9080537557601929, -0.8403634428977966, 1.7700395584106445, -0.6611733436584473, -1.6432323455810547, 0.873507022857666, -0.42113250494003296, 0.7680536508560181, 0.13520322740077972, 0.41484522819519043, -1.2912828922271729, -1.4237140417099, 1.5919382572174072, -1.385123610496521, -1.8590376377105713, 0.23328906297683716, 0.31495508551597595, 0.11377930641174316, -0.14663520455360413, -0.16951197385787964, -0.7626115083694458, -0.8275419473648071, 0.7434418201446533, 0.25596076250076294, -0.47213730216026306, -0.4116842746734619, 0.29169920086860657, -0.2444838434457779, -0.3952369689941406]",yunet,Facenet,1920,1080,/home/amos/media/tv/modern_family/Modern.Family.S09.1080p.DSNP.WEB-DL.DDP5.1.H.264-CRFW/Modern.Family.S09E17.Royal.Visit.1080p.DSNP.WEB-DL.DDP5.1.H.264-CRFW.mkv,Modern Family,2009,1442437,9,17,Ed O'Neill,18977.0,0.667
793,1566,246,1818,588,1776,378,1662,372,0.918,19800,0,"[-0.849365234375, 0.3256624639034271, 0.8503594398498535, -1.4810082912445068, 0.570360541343689, 1.0414814949035645, 0.1646718829870224, 1.33843994140625, 0.6494879126548767, 0.8366336226463318, 0.4803694486618042, 2.218097448348999, -0.06717409193515778, -2.3876686096191406, -0.3420886695384979, 1.4924900531768799, 0.05450862646102905, -0.2685733437538147, -0.4210956394672394, 0.3363017737865448, 1.8725930452346802, 0.405965656042099, 0.2647397220134735, -0.3455413281917572, -0.11635686457157135, -0.5217402577400208, -1.9113450050354004, 0.01597391813993454, 2.756833553314209, -1.3976458311080933, 0.6763015985488892, -1.8606699705123901, 2.4964423179626465, -1.253820538520813, 1.094997525215149, -0.23107300698757172, -1.2347595691680908, 1.1896089315414429, -0.05457477271556854, -0.9222410917282104, -1.2843410968780518, 1.9349174499511719, -1.2662184238433838, -0.17992547154426575, -1.5172202587127686, 0.9950681924819946, -1.701318621635437, 0.7732447385787964, -1.6552560329437256, 0.7776591777801514, -0.7186327576637268, 1.6304786205291748, 0.3869588375091553, 0.8814788460731506, 0.588146984577179, 1.2381141185760498, -0.5320837497711182, -0.8887686133384705, -1.265087604522705, -0.30903205275535583, 0.16972410678863525, -0.5297492742538452, -0.6275015473365784, -0.09824484586715698, 0.35060450434684753, 0.6996219754219055, 0.09375175833702087, 0.26076388359069824, 1.7720592021942139, -1.3555914163589478, -0.5269656181335449, -0.0011499673128128052, -2.4071145057678223, 0.14705348014831543, 1.3742573261260986, -0.038485538214445114, -1.4544483423233032, -0.41923603415489197, 0.6346651315689087, 0.6974990963935852, 0.5440834760665894, -0.9825985431671143, -0.659149169921875, -1.2634373903274536, 0.9755918979644775, -0.23089544475078583, 0.2987494170665741, 0.5401151180267334, -0.30647072196006775, 2.1926190853118896, -1.7036837339401245, 0.89312344789505, 1.554796576499939, 1.112770676612854, -0.10252673923969269, 0.9219492673873901, -1.0566550493240356, -0.5997371077537537, 0.0345715656876564, -0.6978948712348938, -0.024700529873371124, -0.44607385993003845, -0.9670677185058594, 1.4256263971328735, -0.056595150381326675, 0.7525702118873596, -0.7331163883209229, -1.1896404027938843, 0.2061314880847931, 0.6573073267936707, 0.6928690671920776, 0.9562505483627319, -0.16157636046409607, -0.2933975160121918, 0.20379681885242462, 0.9955860376358032, -0.8406453132629395, -0.433635413646698, 0.9813565015792847, -1.702993392944336, 0.514461100101471, -0.5840672254562378, -0.9684944152832031, 0.6767339110374451, 0.49960875511169434, 0.3407484292984009, -0.5830844640731812, 0.504693865776062]",yunet,Facenet,1920,1080,/home/amos/media/tv/modern_family/Modern.Family.S09.1080p.DSNP.WEB-DL.DDP5.1.H.264-CRFW/Modern.Family.S09E17.Royal.Visit.1080p.DSNP.WEB-DL.DDP5.1.H.264-CRFW.mkv,Modern Family,2009,1442437,9,17,Sofía Vergara,63522.0,0.79
794,96,174,366,522,258,300,150,300,0.903,19800,1,"[-0.12169891595840454, -0.692919135093689, 0.6850112676620483, -0.06797933578491211, -0.037054333835840225, -1.1350862979888916, -0.5708408951759338, 0.6903231739997864, -0.8040921092033386, -0.13104529678821564, 0.23983252048492432, 1.2171698808670044, -1.1226370334625244, 0.0618007630109787, 1.35382878780365, -0.8618205785751343, 1.5179990530014038, 0.6258221864700317, 0.1510436236858368, -0.7240767478942871, -1.898773431777954, -1.424174427986145, -0.17435750365257263, 1.136842966079712, 0.6190583109855652, -1.8581883907318115, -0.2610333561897278, 2.9582948684692383, 0.7001894116401672, -0.8005195260047913, -0.40931248664855957, 2.158231496810913, -1.957962989807129, 0.8140608668327332, -1.89350426197052, -0.16035185754299164, -0.2257181704044342, 0.4548202157020569, -1.1954941749572754, -0.15393100678920746, 0.2175348848104477, -0.9415985941886902, -1.180293321609497, 1.361301302909851, 0.4777054786682129, 0.014405451714992523, 0.7224506139755249, -2.6079304218292236, 1.3498809337615967, 0.38276585936546326, -0.030602678656578064, -1.2668156623840332, 0.38566792011260986, -0.5027124285697937, 0.21175599098205566, 0.1205274686217308, -1.8882744312286377, 0.18407665193080902, -1.2935142517089844, 0.7774130702018738, -1.5803747177124023, 0.16415858268737793, -0.4647689461708069, -1.3837206363677979, -0.03577046096324921, 1.176225185394287, 0.44813913106918335, 0.8229551911354065, 1.5584158897399902, -0.8822289705276489, -1.4676498174667358, 0.3476455509662628, 0.941257119178772, 0.6114131808280945, -0.5551506280899048, 1.0002632141113281, -1.659791350364685, -0.9983605146408081, -0.21625250577926636, 1.4573832750320435, 0.16535192728042603, 0.8839694261550903, -0.3212416470050812, -1.7780123949050903, -1.1764135360717773, 0.8129751682281494, 0.08177784085273743, 0.907414436340332, 0.5192220211029053, 2.4049272537231445, 1.6451932191848755, -0.5627078413963318, -2.0726423263549805, -0.9129182696342468, 1.1267579793930054, -0.3799065947532654, -0.4493516981601715, 0.10273965448141098, 2.108682870864868, 1.6472314596176147, -1.1009612083435059, 1.36658775806427, -0.10891512036323547, -1.8175550699234009, 0.467013955116272, -0.20176337659358978, 0.9305970072746277, 0.15560263395309448, 0.29322800040245056, -1.8557668924331665, -1.7251580953598022, 1.3747825622558594, -0.936003565788269, -2.6083078384399414, 0.7977840304374695, 0.37599900364875793, 0.8016027212142944, 0.03701278567314148, 0.27361083030700684, -0.2647676169872284, -0.8772656321525574, 0.41174179315567017, 0.5833660364151001, -0.2833614945411682, -0.03981098532676697, 0.4056028425693512, -0.6808655261993408, 0.050542037934064865]",yunet,Facenet,1920,1080,/home/amos/media/tv/modern_family/Modern.Family.S09.1080p.DSNP.WEB-DL.DDP5.1.H.264-CRFW/Modern.Family.S09E17.Royal.Visit.1080p.DSNP.WEB-DL.DDP5.1.H.264-CRFW.mkv,Modern Family,2009,1442437,9,17,Ed O'Neill,18977.0,0.703
795,1440,192,1716,540,1608,312,1488,318,0.915,19824,0,"[-0.9521838426589966, -0.8533761501312256, 1.5526503324508667, -2.4858999252319336, 0.4616105258464813, 0.9964452981948853, -0.3741588592529297, 0.6557749509811401, -0.7954590916633606, 1.2144602537155151, 0.5969738364219666, 2.7182044982910156, 0.33975088596343994, -0.3306702971458435, -0.6197769641876221, 1.6845028400421143, 0.3166327476501465, -1.1526600122451782, 0.8243327736854553, 0.23531541228294373, 1.3607726097106934, 0.5345727801322937, 0.3019377887248993, -0.7945610880851746, 0.3614739775657654, -0.5164008140563965, -1.7107794284820557, 1.2478712797164917, 2.1776604652404785, -1.1434564590454102, -0.04681898653507233, -1.4285320043563843, 1.8121185302734375, -0.6426883935928345, 1.352126121520996, 1.128800630569458, -1.4888412952423096, 0.7657766342163086, -0.04919902980327606, -1.1371850967407227, -1.307631254196167, 1.9003455638885498, -1.2114263772964478, -0.4037482440471649, -1.9913567304611206, -0.5712845325469971, -2.7658586502075195, 0.35768094658851624, -1.9890131950378418, 0.4872782826423645, -0.011824630200862885, 1.3305833339691162, 0.8182352781295776, -0.9652369022369385, 0.490162193775177, 0.36393895745277405, -0.568183422088623, -0.47030431032180786, -0.3915826082229614, -0.9258726239204407, 0.6660872101783752, -0.535126805305481, 0.09548633545637131, -0.1565386950969696, -0.9015286564826965, 0.040925364941358566, 0.6421186327934265, 0.2876189947128296, 1.6834737062454224, -0.06591334193944931, 0.14636024832725525, 0.28529056906700134, -2.386749267578125, 0.6309195756912231, 1.4694551229476929, 1.055098533630371, 0.09470692276954651, 0.003960620611906052, 1.102198839187622, 0.6491698026657104, 0.2753602862358093, 0.4480935335159302, -2.1534736156463623, -0.6256601810455322, 0.8844626545906067, -0.704400897026062, 0.5797455906867981, -0.1615724265575409, -0.30994123220443726, 1.7904199361801147, -1.511479139328003, 0.6309641599655151, 1.2045661211013794, 2.1252970695495605, 0.24925123155117035, 0.37588244676589966, -0.9013639092445374, -0.05275198072195053, 0.5865265727043152, -0.2975688874721527, 0.6192899346351624, -0.715809166431427, -0.7111479043960571, -0.1200074702501297, -0.6170742511749268, 0.7083438038825989, -0.35932138562202454, -1.7570302486419678, -0.1293984353542328, 0.17102372646331787, 1.4864228963851929, 1.6320488452911377, 0.49502137303352356, 0.18532711267471313, 1.7352311611175537, 1.3205540180206299, 0.6160154342651367, -0.26621735095977783, -0.513600766658783, -0.04634416103363037, 0.45108306407928467, 0.16960415244102478, -0.6824328303337097, 0.12113326042890549, 1.3631526231765747, 1.0092183351516724, 0.14466017484664917, -0.2061561793088913]",yunet,Facenet,1920,1080,/home/amos/media/tv/modern_family/Modern.Family.S09.1080p.DSNP.WEB-DL.DDP5.1.H.264-CRFW/Modern.Family.S09E17.Royal.Visit.1080p.DSNP.WEB-DL.DDP5.1.H.264-CRFW.mkv,Modern Family,2009,1442437,9,17,Sofía Vergara,63522.0,0.688
796,90,156,348,486,258,276,138,276,0.912,19824,1,"[0.33349668979644775, -0.6883852481842041, 0.4296886622905731, -0.2256399691104889, 0.6512787342071533, -1.0435556173324585, -0.599991500377655, 0.5410286784172058, -0.8098767995834351, 0.03237693011760712, 0.4389898180961609, 1.1613928079605103, -1.448992371559143, -0.5643839836120605, 1.3987926244735718, -0.43386274576187134, 1.4211198091506958, 0.9016859531402588, 0.19247446954250336, -0.22255219519138336, -1.4197527170181274, -1.7333390712738037, 0.04522659629583359, 0.7851324081420898, 0.4300551414489746, -1.87846040725708, -0.7174026966094971, 3.3099918365478516, 0.6309630870819092, -0.31862378120422363, -0.13963142037391663, 2.022329807281494, -1.7773960828781128, 0.8612729907035828, -2.335059642791748, -0.09379677474498749, -0.5262751579284668, 0.34671369194984436, -1.3813683986663818, -0.5675333738327026, 0.4496116042137146, -1.1204702854156494, -0.9894238710403442, 1.4916646480560303, 0.4662999212741852, -0.4166437089443207, 0.4667545258998871, -2.247483730316162, 1.0115243196487427, 0.29459837079048157, 0.4781976342201233, -1.4813833236694336, 0.32654455304145813, -0.2913936376571655, 0.33840274810791016, 0.10447562485933304, -1.8642535209655762, 0.09458109736442566, -0.7687962651252747, 1.0406748056411743, -1.648801565170288, 0.06981158256530762, -0.06102922186255455, -0.9951492547988892, 0.17982140183448792, 0.7615212798118591, 0.3827293813228607, 0.25848910212516785, 1.5657106637954712, -0.6242557764053345, -1.7051336765289307, -0.1235598772764206, 0.6359507441520691, 0.8902810215950012, -0.6602810621261597, 1.2217613458633423, -1.746543526649475, -0.9697362184524536, -0.07507637143135071, 1.298097014427185, 0.20897966623306274, 1.2080836296081543, 0.010337915271520615, -1.8568562269210815, -1.307871699333191, 0.3616686463356018, 0.043383121490478516, 0.9277443885803223, 0.7284530401229858, 2.3333323001861572, 1.3596121072769165, -0.7354262471199036, -2.29012393951416, -0.6934666037559509, 1.0341615676879883, -1.3376741409301758, -0.6219468712806702, -0.9592396020889282, 1.850346565246582, 1.8307607173919678, -1.199963092803955, 0.9541179537773132, -0.5654808282852173, -1.3794468641281128, 0.31117725372314453, -0.22330212593078613, 1.1252124309539795, -0.06341585516929626, 0.38012316823005676, -1.3177032470703125, -1.7449089288711548, 1.560901165008545, -1.1381138563156128, -2.2108170986175537, 1.1733510494232178, -0.1153796911239624, 0.9507548809051514, -0.2877565324306488, 0.09794605523347855, -0.6896319389343262, -0.2211514562368393, 0.7784289121627808, 0.7229107618331909, -0.18518178164958954, -0.3189919590950012, 0.03898743540048599, -0.5066977143287659, -0.1720389872789383]",yunet,Facenet,1920,1080,/home/amos/media/tv/modern_family/Modern.Family.S09.1080p.DSNP.WEB-DL.DDP5.1.H.264-CRFW/Modern.Family.S09E17.Royal.Visit.1080p.DSNP.WEB-DL.DDP5.1.H.264-CRFW.mkv,Modern Family,2009,1442437,9,17,Ed O'Neill,18977.0,0.682
797,102,138,372,486,276,276,150,276,0.915,19848,0,"[-0.9009374380111694, -1.0569270849227905, 0.6573451161384583, 1.4745078086853027, 0.1808139830827713, -1.4758490324020386, -0.4592546224594116, 0.8655915856361389, -1.1189031600952148, 0.9450128674507141, -0.3448326289653778, 0.8387047052383423, -1.3132678270339966, -0.5856239795684814, 1.1084829568862915, -0.2791484594345093, 1.2432526350021362, 1.2468928098678589, 0.2960825562477112, -0.12422573566436768, -1.1773605346679688, -1.0073106288909912, -0.24789735674858093, 0.6407941579818726, 0.7654953002929688, -1.6307231187820435, -0.22053399682044983, 3.965249538421631, 1.051642894744873, -0.9541165828704834, -0.1207575798034668, 1.5708885192871094, -1.7995433807373047, 0.46608227491378784, -1.461641550064087, -0.5602626204490662, -0.10518892109394073, -0.5218725204467773, -1.399369716644287, -1.0374788045883179, -0.3907884657382965, -0.22267158329486847, -0.15565314888954163, 1.152592658996582, 0.7394919395446777, 0.2840787172317505, 0.6846083998680115, -1.9775022268295288, 0.22999505698680878, 0.5615898370742798, 0.040287017822265625, -0.26267504692077637, -0.264343798160553, 0.8022112250328064, -0.03539362922310829, 0.37266772985458374, -1.3154449462890625, 1.1527726650238037, -0.936126172542572, 0.5282843708992004, -1.0347636938095093, 0.3737678527832031, 0.23747363686561584, -0.07709954679012299, 0.611640453338623, 1.4854516983032227, 0.6997172832489014, 1.627447485923767, 0.8757445812225342, -0.6904714107513428, -1.352402925491333, -0.49998021125793457, 0.6344483494758606, 1.4063241481781006, -0.5920894742012024, 1.593506932258606, -1.0881928205490112, -0.3689207136631012, -0.24950405955314636, 1.9565764665603638, 0.05549343675374985, 1.3899835348129272, 0.41245993971824646, -1.7318381071090698, -1.6471850872039795, -0.28818899393081665, 0.16845853626728058, 1.0770316123962402, -0.7171517610549927, 1.5787569284439087, 1.0053176879882812, -0.6675446629524231, -1.8400851488113403, -0.24653762578964233, 0.44751960039138794, -1.9594264030456543, -1.2900686264038086, -0.376139760017395, 2.596217155456543, 1.9579360485076904, -1.9793715476989746, 1.940522313117981, -0.2737273573875427, -1.2300199270248413, 0.23100236058235168, -0.1331634670495987, 0.2694496214389801, 0.24739821255207062, 0.18966622650623322, -1.5213956832885742, -1.598388433456421, 1.0708693265914917, -0.3867260217666626, -1.7484052181243896, 0.9437795877456665, 0.8945561647415161, 1.4877026081085205, 0.09496231377124786, -0.11971697956323624, -0.13089917600154877, -0.09128281474113464, 0.6537564992904663, 0.6583674550056458, 0.0016068117693066597, 0.5908976197242737, 0.03244563192129135, 0.1735800802707672, 0.3479049503803253]",yunet,Facenet,1920,1080,/home/amos/media/tv/modern_family/Modern.Family.S09.1080p.DSNP.WEB-DL.DDP5.1.H.264-CRFW/Modern.Family.S09E17.Royal.Visit.1080p.DSNP.WEB-DL.DDP5.1.H.264-CRFW.mkv,Modern Family,2009,1442437,9,17,Ed O'Neill,18977.0,0.666
798,1590,180,1854,516,1788,318,1662,318,0.915,19848,1,"[-0.994308352470398, 0.5545271635055542, 1.0932236909866333, -1.5440059900283813, 1.2743725776672363, 0.2117622196674347, 0.64790940284729, 0.33913806080818176, 0.09485993534326553, 1.0354783535003662, 1.8342516422271729, 2.771817684173584, -0.17625868320465088, -0.6162658929824829, -0.47204163670539856, 1.2907330989837646, 0.6085429191589355, -1.0258135795593262, -1.8720842599868774, 0.5834368467330933, 1.1284136772155762, -0.39413461089134216, 0.3261467218399048, -0.6060048341751099, 0.39136815071105957, -0.38042086362838745, -1.3553723096847534, 0.5020659565925598, 1.7621263265609741, -2.358130693435669, 1.0453976392745972, -1.82539963722229, 1.1458332538604736, -0.1207534521818161, 0.5133981108665466, 0.1610957533121109, -0.8563803434371948, 0.20658597350120544, 0.07340983301401138, -1.1941982507705688, -1.7027121782302856, 1.7750064134597778, -0.2747308015823364, 0.6774227023124695, -2.2915244102478027, -0.601824939250946, -2.62585186958313, 0.39179566502571106, -1.2211413383483887, 0.8824349641799927, -0.09894205629825592, 0.561493456363678, 0.2096213400363922, 0.17616455256938934, 0.48159709572792053, 0.7671993970870972, 0.1084279865026474, -0.4854518175125122, -1.0638266801834106, -1.1787657737731934, -0.7892770767211914, 0.01363612711429596, 0.13856887817382812, 0.7667677998542786, -0.07960572838783264, 0.667218804359436, -1.3947759866714478, 0.10488922894001007, 1.5543053150177002, -0.1302744299173355, -0.8510519862174988, 0.7616897821426392, -2.053447961807251, 0.0758952647447586, 0.744572639465332, -0.07214270532131195, -0.08293303847312927, -0.8401076793670654, 0.5673312544822693, 0.4788011312484741, -0.21400433778762817, -0.32174164056777954, -1.043342113494873, -0.7505313754081726, 0.522678792476654, 0.011209651827812195, 0.22722001373767853, -0.060615867376327515, -0.26657238602638245, 1.9558041095733643, -1.2247565984725952, -0.3916195333003998, 1.330044150352478, 0.8718041181564331, 0.9596763253211975, 0.34248194098472595, -0.3529733419418335, -0.45467105507850647, 0.4209030568599701, -1.1862324476242065, 0.06117851287126541, -0.21926510334014893, -1.0940909385681152, 1.1931360960006714, 0.422984778881073, 0.9581426978111267, -0.12313912808895111, -2.3001086711883545, -0.4919784665107727, 0.038350000977516174, 1.8482648134231567, 1.8976337909698486, 1.0535720586776733, 0.25458526611328125, 1.3052213191986084, 1.8132027387619019, -0.3073364198207855, 0.13109880685806274, 0.8194132447242737, -0.9965918064117432, 0.19036245346069336, -0.6527445316314697, 0.35974597930908203, 0.11342358589172363, -0.1627727448940277, -0.2911788523197174, 0.25935497879981995, 0.6886615753173828]",yunet,Facenet,1920,1080,/home/amos/media/tv/modern_family/Modern.Family.S09.1080p.DSNP.WEB-DL.DDP5.1.H.264-CRFW/Modern.Family.S09E17.Royal.Visit.1080p.DSNP.WEB-DL.DDP5.1.H.264-CRFW.mkv,Modern Family,2009,1442437,9,17,Sofía Vergara,63522.0,0.605
799,198,108,456,444,378,240,258,240,0.909,19872,0,"[-0.6734477281570435, -0.5609143376350403, 0.17967024445533752, 1.129472255706787, 0.7577783465385437, -1.0379889011383057, -0.6342225670814514, 0.969151496887207, -1.5022692680358887, 0.3464212715625763, -0.15574774146080017, 0.6845301389694214, -1.3297523260116577, -0.13959211111068726, 0.9958102703094482, -0.2483394742012024, 1.5104122161865234, 1.2494834661483765, 0.5615860223770142, -0.2687642574310303, -1.53648042678833, -0.6630048751831055, -0.06351577490568161, 0.16931071877479553, 0.8358838558197021, -1.876027226448059, -0.8522608280181885, 3.695732593536377, 0.2745468020439148, -0.9913913011550903, 0.08312404155731201, 1.4324294328689575, -1.5188900232315063, 0.3910693824291229, -0.9082010388374329, 0.39551395177841187, 0.32627713680267334, -0.08636216074228287, -1.8592658042907715, -0.20345312356948853, -0.1841418296098709, 0.5491216778755188, -0.15127032995224, 1.3228193521499634, 0.6947939395904541, 0.24135112762451172, -0.38766002655029297, -1.2823989391326904, 0.5053821802139282, 1.1262108087539673, -0.1760079264640808, -0.44010037183761597, 0.45267799496650696, 1.0474005937576294, -0.25467628240585327, 0.6878088712692261, -1.777628779411316, -0.11353808641433716, -1.3271701335906982, -0.2223760485649109, -0.922990620136261, 1.4232083559036255, -0.1491590142250061, 0.23560650646686554, -0.4724647104740143, 1.261773943901062, 0.40789157152175903, 1.1550610065460205, 1.4709619283676147, -0.7360715866088867, -1.1184412240982056, -0.23005446791648865, 0.7751429677009583, 0.4174557328224182, -0.1815301924943924, 1.4690009355545044, -1.1011799573898315, -0.12546297907829285, -0.2704017460346222, 1.8056719303131104, 0.51377272605896, 1.5141620635986328, -0.7347994446754456, -1.6589577198028564, -0.68300461769104, -0.014742016792297363, 0.321787029504776, 1.4514256715774536, 0.10087898373603821, 2.4078192710876465, 0.9367288947105408, 0.0656253919005394, -1.6737866401672363, 0.20309409499168396, 0.3873160183429718, -1.0415996313095093, -0.3988563120365143, -1.075974941253662, 2.1511943340301514, 2.495988607406616, -1.2777371406555176, 2.1084213256835938, -0.3156965374946594, -2.1871023178100586, 0.9034298658370972, -0.7263357043266296, 0.6556406617164612, 0.36539462208747864, 0.34198933839797974, -1.9313082695007324, -1.517899513244629, 1.1773003339767456, -0.8564420938491821, -1.0710480213165283, 0.2833230495452881, 0.9582597017288208, 1.021285057067871, 0.1950114518404007, -0.09785447269678116, -0.4437408745288849, -0.49935752153396606, 0.08861012011766434, 0.7625995874404907, -0.4203510880470276, 1.1638610363006592, -0.4722248911857605, 0.14516997337341309, 0.3853282034397125]",yunet,Facenet,1920,1080,/home/amos/media/tv/modern_family/Modern.Family.S09.1080p.DSNP.WEB-DL.DDP5.1.H.264-CRFW/Modern.Family.S09E17.Royal.Visit.1080p.DSNP.WEB-DL.DDP5.1.H.264-CRFW.mkv,Modern Family,2009,1442437,9,17,Ed O'Neill,18977.0,0.642
800,1440,198,1698,534,1638,324,1524,324,0.902,19872,1,"[-1.5004003047943115, 1.1174367666244507, 0.7563939690589905, -1.049289345741272, 1.2348984479904175, 1.2875462770462036, 0.023517217487096786, 0.2994433045387268, 0.9868032336235046, 1.3278177976608276, 1.2382042407989502, 3.199700355529785, -0.11052937060594559, -2.2744076251983643, -0.09036630392074585, 2.0858750343322754, 0.15557923913002014, -0.4921116828918457, -0.9217013716697693, 0.044187065213918686, 1.39578378200531, 0.4924384653568268, 0.05844031274318695, -0.2421288788318634, -0.4160778820514679, -0.18254148960113525, -1.2086446285247803, 0.3038753867149353, 2.2651851177215576, -1.2508001327514648, 0.7788916826248169, -2.47715163230896, 0.7132695913314819, -0.9044308066368103, 1.5817091464996338, 0.11257198452949524, -1.5158100128173828, 0.8682476282119751, -0.49503833055496216, -0.17026816308498383, -1.1256985664367676, 0.8579403758049011, -0.49200639128685, 0.7550700306892395, -1.6480923891067505, 1.1724416017532349, -0.7192410230636597, -0.7585834264755249, -1.2984120845794678, 0.18526358902454376, -1.5519741773605347, 1.8117902278900146, 0.12450527399778366, 0.9695956707000732, 0.247647225856781, 0.8523135185241699, -0.8422697186470032, -0.6990157961845398, -0.9838790893554688, -0.816170334815979, 0.5477012991905212, 0.06981845200061798, -0.023441411554813385, -0.350400447845459, 0.5568281412124634, 1.1967259645462036, -0.31934210658073425, 1.2686890363693237, 1.6230705976486206, -0.895742654800415, -0.2359996885061264, 0.45135608315467834, -1.9195829629898071, 0.37945348024368286, 1.5486369132995605, 0.7780812382698059, -0.20526482164859772, 0.154194176197052, 0.0944160595536232, 0.7351908087730408, -0.07317819446325302, -1.0538064241409302, -0.8699938654899597, -0.5270779132843018, 0.30045613646507263, -0.47317570447921753, -0.08579936623573303, 0.32429903745651245, -0.7562155723571777, 1.422404408454895, -1.260772466659546, -0.9628737568855286, 2.5865745544433594, 0.177984356880188, 0.7009927034378052, 0.7603287100791931, -0.7301741242408752, 0.9052956700325012, 0.940556526184082, -0.4406210482120514, -0.37804222106933594, 0.08160615712404251, -0.9807895421981812, 2.0176515579223633, 0.4093918204307556, 1.282472848892212, -0.7765288352966309, -0.2030281126499176, -0.400373637676239, -0.01019970141351223, 1.8328458070755005, 1.68745756149292, 0.6604478359222412, -0.433225154876709, 0.389399915933609, 2.018568754196167, -1.0841648578643799, 0.3139474391937256, 0.9286525249481201, -1.1744701862335205, 0.5898497700691223, -0.4675559401512146, -0.2247416228055954, 0.12954698503017426, 0.6740788221359253, -0.33384421467781067, -0.3636689782142639, 0.9114475250244141]",yunet,Facenet,1920,1080,/home/amos/media/tv/modern_family/Modern.Family.S09.1080p.DSNP.WEB-DL.DDP5.1.H.264-CRFW/Modern.Family.S09E17.Royal.Visit.1080p.DSNP.WEB-DL.DDP5.1.H.264-CRFW.mkv,Modern Family,2009,1442437,9,17,Sofía Vergara,63522.0,0.748
801,1512,240,1764,558,1698,360,1578,360,0.907,19944,0,"[-0.7652941942214966, 1.440474033355713, 1.2771382331848145, -2.2710046768188477, 0.8193635940551758, -0.14306367933750153, 0.3923436403274536, 0.11252118647098541, 0.03143320977687836, 1.3952738046646118, 1.4845579862594604, 2.580693483352661, -0.4134697914123535, -1.526424527168274, 0.49922841787338257, 1.976841926574707, 0.7034112215042114, -0.9932339191436768, -1.424250841140747, 0.6465209722518921, 1.6933702230453491, 0.012095712125301361, -0.30342382192611694, -0.452888160943985, -0.4189809560775757, 0.3376619815826416, -2.0832698345184326, 0.8149035573005676, 1.9855024814605713, -1.7640610933303833, 0.12936577200889587, -1.74680757522583, 0.8186174631118774, -0.10085463523864746, 1.3236674070358276, 0.9145237803459167, -1.896851897239685, 0.5254244804382324, 0.5796326398849487, -1.623618721961975, -2.033463954925537, 1.1240756511688232, -0.9905111789703369, 0.07291142642498016, -1.81024968624115, 0.44106271862983704, -1.8227676153182983, -0.0026976633816957474, -2.1692755222320557, 0.5052793025970459, -0.15611909329891205, 1.0721925497055054, -0.43259957432746887, 0.27227234840393066, 0.2650388777256012, 0.5593177080154419, -0.8429737687110901, -1.2152984142303467, -0.27902719378471375, 0.09261586517095566, -0.08772104978561401, -0.16867506504058838, -0.11196929216384888, -0.2482796609401703, 0.8115295171737671, 0.12071395665407181, -0.8517782092094421, -0.187813401222229, 2.3534927368164062, 0.35851842164993286, -0.3570602834224701, -0.13178423047065735, -2.270573854446411, -0.44196975231170654, 1.8171941041946411, 0.5411302447319031, -0.3401529788970947, -1.413022518157959, 0.7766197323799133, 0.13852044939994812, 1.0146974325180054, -0.8364180326461792, -1.5558104515075684, -0.7339733839035034, 0.6908143162727356, -0.30076560378074646, -0.04999949038028717, -0.2619255781173706, -0.299380898475647, 1.3886178731918335, -1.361373782157898, 0.006384663283824921, 2.076136827468872, 0.21282616257667542, 0.52603679895401, 0.31662020087242126, -0.3236847519874573, 0.12309596687555313, 0.3321402966976166, -0.39185631275177, -0.07815560698509216, -0.5056158900260925, -1.6609318256378174, 1.5766626596450806, 0.16081342101097107, 1.0598480701446533, -0.22098007798194885, -1.6142929792404175, -0.6725673675537109, 1.1309713125228882, 1.661604404449463, 1.5080435276031494, -0.030389681458473206, 0.04139561578631401, 1.4345901012420654, 1.0756765604019165, -0.8713850975036621, 0.18077321350574493, 0.7196115851402283, -0.638275146484375, 0.9201644062995911, -0.2238602340221405, -0.1898757517337799, 0.15691140294075012, -0.008144304156303406, -0.026964478194713593, 0.18783651292324066, 0.7190214395523071]",yunet,Facenet,1920,1080,/home/amos/media/tv/modern_family/Modern.Family.S09.1080p.DSNP.WEB-DL.DDP5.1.H.264-CRFW/Modern.Family.S09E17.Royal.Visit.1080p.DSNP.WEB-DL.DDP5.1.H.264-CRFW.mkv,Modern Family,2009,1442437,9,17,Sofía Vergara,63522.0,0.712
802,714,204,1044,648,990,366,864,366,0.919,20040,0,"[-0.42177918553352356, 0.16660434007644653, 1.5021908283233643, -1.0289968252182007, 0.8452110886573792, -0.321333646774292, 0.05552210286259651, -0.6660639643669128, 0.7710877060890198, 0.20002995431423187, 0.8582797646522522, 1.9826143980026245, 0.9597062468528748, -2.1721761226654053, -0.20583873987197876, 1.2376885414123535, -0.8506107330322266, -0.867143988609314, -1.9953322410583496, 1.98236083984375, 1.8607542514801025, 0.6501694917678833, 0.6569624543190002, -0.05510152131319046, -0.36247751116752625, -0.3638729751110077, -0.7834568023681641, -0.39894014596939087, 2.830673933029175, -2.0131452083587646, 0.8815619945526123, -2.1313610076904297, 2.1636734008789062, -0.8767901659011841, 0.6117151975631714, 0.841112494468689, -1.3074008226394653, 0.08752837032079697, 0.4153892397880554, -0.5862103700637817, -1.5459741353988647, 1.8992880582809448, -0.726172685623169, -0.29529204964637756, -2.247584342956543, 0.39669644832611084, -2.354404926300049, 0.45751041173934937, -2.458545446395874, 0.19685976207256317, -0.0972835123538971, 0.5670389533042908, 0.049436137080192566, 0.9065023064613342, 0.7560914754867554, 0.4422285258769989, 0.0059517752379179, -0.01714039407670498, -1.8585923910140991, -0.5338360667228699, 0.3781852126121521, -1.0075703859329224, -1.1388920545578003, -0.26836109161376953, -0.6791761517524719, 1.2320548295974731, 0.4045466184616089, -0.6506807804107666, 1.1836333274841309, -0.5912407636642456, -0.5499981641769409, -0.31007635593414307, -2.098844528198242, -0.24683155119419098, 1.461808681488037, 0.19972319900989532, -1.1234170198440552, -0.41941148042678833, 0.6425805687904358, -0.11880248785018921, 0.7367110252380371, -0.4266918897628784, 0.1887856125831604, 0.23021820187568665, 0.7189539670944214, -0.05986964702606201, 0.5528720021247864, 0.18869765102863312, 0.18357525765895844, 0.5741382241249084, -1.5539774894714355, 0.23126739263534546, 1.5831284523010254, 0.8021327257156372, 0.16483917832374573, 1.1028724908828735, -1.7466967105865479, -1.2924124002456665, 0.16227787733078003, -1.877983808517456, -0.12823426723480225, -0.31216201186180115, -1.4345022439956665, 1.3566936254501343, 0.8890548348426819, 0.14618557691574097, 0.19164051115512848, -1.3403435945510864, 0.31968164443969727, 0.12026259303092957, 1.6651173830032349, 0.8628036975860596, 0.5389152765274048, -0.3699738085269928, 0.39973726868629456, 2.21835994720459, -1.4645812511444092, 0.08959416300058365, 0.27559569478034973, -1.2517272233963013, 0.44455385208129883, -1.200344443321228, -0.2521142363548279, -0.6806625723838806, 1.0281543731689453, 0.08022714406251907, -0.3395390212535858, 0.6479266285896301]",yunet,Facenet,1920,1080,/home/amos/media/tv/modern_family/Modern.Family.S09.1080p.DSNP.WEB-DL.DDP5.1.H.264-CRFW/Modern.Family.S09E17.Royal.Visit.1080p.DSNP.WEB-DL.DDP5.1.H.264-CRFW.mkv,Modern Family,2009,1442437,9,17,Sofía Vergara,63522.0,0.768
803,732,186,1032,624,996,354,876,354,0.913,20064,0,"[-0.3130597770214081, 0.8183444738388062, 1.5130367279052734, -1.1078064441680908, -0.05592292919754982, -0.9021642804145813, -0.09958763420581818, -0.7783774733543396, 0.2166820764541626, 0.42481809854507446, 0.9600474238395691, 1.5424864292144775, 0.24711661040782928, -1.4851069450378418, -0.3631940484046936, 0.9438713192939758, -0.36539316177368164, -1.4204261302947998, -1.8410106897354126, 1.341424822807312, 1.7670036554336548, 0.550127387046814, -0.02020888403058052, 0.1523009091615677, -0.3163054287433624, -0.043483272194862366, -1.0492130517959595, 0.11788634955883026, 3.265676736831665, -2.333101511001587, 0.8068457841873169, -1.764709234237671, 1.6710684299468994, -0.16184687614440918, 0.9740458130836487, 0.6801156997680664, -1.3957456350326538, -0.05611289292573929, 1.04173743724823, -0.759568452835083, -1.83213472366333, 2.085552453994751, -0.9270234107971191, -0.31768929958343506, -2.058509588241577, 0.8006969690322876, -2.024170398712158, 0.7300306558609009, -2.233840227127075, 0.1598205268383026, -0.12448474764823914, 1.450242280960083, -0.36613795161247253, 0.7680130004882812, 0.5307580232620239, 1.4189167022705078, 0.34365350008010864, 0.0309259332716465, -1.7969361543655396, -0.039212822914123535, 0.4871259331703186, -0.6364611387252808, -1.1850850582122803, 0.46396705508232117, -0.2633655071258545, 1.7133088111877441, 0.27467378973960876, -0.31100448966026306, 1.3768850564956665, -0.4716159999370575, -0.5197087526321411, -0.49288231134414673, -1.5759047269821167, -0.892116129398346, 1.7113962173461914, 0.3033519387245178, -0.8635098934173584, -0.8144402503967285, 0.3564913868904114, -0.4303525686264038, 0.8796340823173523, -0.4976561963558197, 0.561045229434967, -0.056636713445186615, 0.6287975311279297, -0.261728972196579, -0.09992482513189316, 0.25045132637023926, 0.14586599171161652, 0.1841786652803421, -1.527047038078308, 0.44663527607917786, 1.9605367183685303, 0.6041736006736755, 1.2566078901290894, 0.9591512680053711, -1.4149651527404785, -0.8732689023017883, 0.2242216169834137, -1.6792850494384766, -0.15423288941383362, 0.325344443321228, -1.619535207748413, 1.7929537296295166, 1.1582486629486084, 0.4556562900543213, 0.5862234830856323, -0.6800926923751831, -0.1843591034412384, -0.5578007698059082, 1.5130839347839355, 0.7431538105010986, 0.1650511622428894, -0.16556836664676666, 0.21205812692642212, 2.3673572540283203, -0.9401580095291138, 0.6898389458656311, 0.4347835183143616, -1.0136672258377075, 0.4890328645706177, -0.7629554271697998, 0.15018203854560852, -0.9988513588905334, 1.2480926513671875, -0.2615073323249817, -0.17802439630031586, 0.7146865725517273]",yunet,Facenet,1920,1080,/home/amos/media/tv/modern_family/Modern.Family.S09.1080p.DSNP.WEB-DL.DDP5.1.H.264-CRFW/Modern.Family.S09E17.Royal.Visit.1080p.DSNP.WEB-DL.DDP5.1.H.264-CRFW.mkv,Modern Family,2009,1442437,9,17,Sofía Vergara,63522.0,0.732
804,810,150,1362,840,1200,426,936,420,0.914,20136,0,"[-0.8709222078323364, -0.4651756286621094, 0.5313094258308411, 1.1978662014007568, 0.40080147981643677, -1.5600656270980835, 0.5985965728759766, 0.43185627460479736, -1.6039917469024658, 0.20412684977054596, 0.5308094024658203, 1.0481398105621338, -0.5217552185058594, -0.5356788635253906, 1.2759761810302734, 0.06400319188833237, 1.9678715467453003, 0.744069516658783, 0.780010998249054, -0.2351830005645752, -0.20312616229057312, -1.100611925125122, 0.3747052848339081, 0.5192199349403381, 0.8804826140403748, -1.371606469154358, 0.43139421939849854, 3.5018248558044434, 1.4699037075042725, -0.6480323076248169, -1.1232936382293701, 2.3763818740844727, -2.0473430156707764, 1.162961483001709, -0.4612026512622833, -1.7315086126327515, 0.19219696521759033, -0.7200093865394592, -0.8317200541496277, -0.9667893648147583, -1.2174538373947144, 0.025053011253476143, -0.3825587034225464, 1.0177834033966064, 0.20541740953922272, 0.14634180068969727, 0.5132783651351929, -2.00040602684021, 0.49939727783203125, 1.5115885734558105, -0.20330046117305756, 0.48370763659477234, -0.47880807518959045, 1.0091701745986938, 0.4699561893939972, 0.7872982025146484, -1.3481518030166626, 1.0069036483764648, -1.4142181873321533, 0.8808313012123108, -1.191126823425293, 0.1834622472524643, 0.8493695855140686, -0.6699915528297424, -0.15476566553115845, 1.7529940605163574, 0.3659597635269165, 2.103757619857788, 0.12941408157348633, -0.48323312401771545, -0.9176820516586304, 0.09420660138130188, 1.0895661115646362, 1.8407268524169922, -0.4740840196609497, 1.4829069375991821, -0.3978241980075836, -0.447602242231369, -0.8738391995429993, 1.122316837310791, -0.8127736449241638, 2.1879570484161377, -0.7611287236213684, -1.916455864906311, -0.5581557750701904, 0.442577987909317, 0.31818413734436035, -0.5600679516792297, -0.701553463935852, 0.9428398609161377, 0.8010460734367371, 0.6501702666282654, -1.090517520904541, -0.8285409212112427, 0.9691018462181091, -0.934947669506073, -0.9093285202980042, 0.0635853260755539, 1.1764836311340332, 0.3316707909107208, -1.5769692659378052, 1.217530608177185, 0.49786072969436646, -1.4332746267318726, 0.6226003766059875, -0.17152021825313568, 0.6161547899246216, 0.025413796305656433, 0.3377090394496918, -1.5981783866882324, -1.4946192502975464, 0.7817524075508118, 0.4548156261444092, -2.047773599624634, 0.8399229645729065, 0.8155475854873657, 1.342082142829895, 0.6333832144737244, 0.07644268125295639, 0.412204384803772, -0.5390354990959167, 0.9983646869659424, 1.7978206872940063, -0.25454118847846985, 0.5820091962814331, 1.2122836112976074, -0.31505921483039856, 0.3779672682285309]",yunet,Facenet,1920,1080,/home/amos/media/tv/modern_family/Modern.Family.S09.1080p.DSNP.WEB-DL.DDP5.1.H.264-CRFW/Modern.Family.S09E17.Royal.Visit.1080p.DSNP.WEB-DL.DDP5.1.H.264-CRFW.mkv,Modern Family,2009,1442437,9,17,Ed O'Neill,18977.0,0.678
805,726,174,1080,654,1020,348,864,348,0.92,20184,0,"[-0.2782725989818573, 1.0618826150894165, 1.4264249801635742, -1.300492525100708, 1.7486728429794312, 0.24573621153831482, -0.24055835604667664, -0.9703583121299744, 0.5133768916130066, 0.6290596127510071, 0.2846694886684418, 2.7568538188934326, 0.615949273109436, -2.0596961975097656, 0.36519840359687805, 1.9225125312805176, -0.6880419254302979, -0.436190664768219, -1.2578552961349487, 1.008134126663208, 2.6279795169830322, 0.4265522062778473, 0.917940616607666, -0.8287099003791809, -0.4019516706466675, -0.04603660851716995, -0.7623751163482666, 0.25522634387016296, 2.2074596881866455, -1.557996153831482, 0.297165185213089, -1.5656365156173706, 1.308835506439209, -0.6184967756271362, 1.446498990058899, 0.8234041929244995, -1.7897731065750122, -0.2821114659309387, -0.49919164180755615, 0.13690918684005737, -1.5820971727371216, 1.7120205163955688, 0.2764524221420288, 0.43611401319503784, -2.7483744621276855, 0.689455509185791, -2.1439757347106934, 0.17210373282432556, -2.773912191390991, 0.09535305202007294, 0.011477872729301453, 0.9272333383560181, 0.10412128269672394, 1.5946521759033203, 1.2545123100280762, 0.24166753888130188, -0.47228798270225525, -0.3405570685863495, -2.229867458343506, -1.0456076860427856, 0.4326610565185547, -0.7873115539550781, -1.2684184312820435, 0.1255510300397873, -0.5522283911705017, 0.47823095321655273, 0.004197157919406891, -0.6255468726158142, 1.1120166778564453, -0.4803207516670227, 0.18888890743255615, 0.04742595553398132, -1.106601595878601, 0.5049987435340881, 1.974523663520813, 0.9881727695465088, 0.1682800054550171, 0.4285184442996979, 0.3916330337524414, -0.5884497761726379, 0.33554378151893616, 0.36604613065719604, -0.1423959732055664, 0.25022074580192566, 0.5617734789848328, -0.6317453384399414, 1.1531152725219727, -1.0569994449615479, 0.45844414830207825, 0.9279394745826721, -2.241156816482544, 0.3179434537887573, 1.8577592372894287, 0.14080548286437988, 0.7374361157417297, 1.3218095302581787, -1.5543947219848633, -1.0480769872665405, 0.178357794880867, -1.8782871961593628, -0.17308129370212555, -0.2519993782043457, -2.1165895462036133, 1.063272476196289, 1.3464046716690063, -0.6768330931663513, -0.059744663536548615, -0.4015374481678009, 1.0553410053253174, -0.24896149337291718, 1.6245355606079102, 1.1788976192474365, 0.46608853340148926, 0.2500459551811218, 0.6430344581604004, 2.751134157180786, -0.950738787651062, 0.8664557337760925, 0.38736748695373535, -1.662896752357483, 0.7368111610412598, -1.467063307762146, 0.20904794335365295, -0.2108699083328247, 1.52644944190979, -0.12371352314949036, -0.4116801619529724, 0.7878090739250183]",yunet,Facenet,1920,1080,/home/amos/media/tv/modern_family/Modern.Family.S09.1080p.DSNP.WEB-DL.DDP5.1.H.264-CRFW/Modern.Family.S09E17.Royal.Visit.1080p.DSNP.WEB-DL.DDP5.1.H.264-CRFW.mkv,Modern Family,2009,1442437,9,17,Sofía Vergara,63522.0,0.759
806,834,96,1344,720,1260,300,1056,300,0.915,20256,0,"[-0.9014391899108887, -0.7581555843353271, -0.2007150650024414, 1.0371041297912598, 0.3292776048183441, -1.7268469333648682, 0.3959912955760956, 0.614930272102356, -1.4565545320510864, 0.765475869178772, -0.3393932580947876, 0.6537839770317078, -1.068503975868225, 0.4338141977787018, 1.2863121032714844, 0.35926252603530884, 1.0450149774551392, 0.6101738214492798, 1.4436728954315186, -1.137135624885559, -1.3946815729141235, -0.6898353695869446, -0.24184206128120422, 1.0548933744430542, 1.5783921480178833, -1.1110749244689941, 0.14581763744354248, 2.6805849075317383, 1.4889658689498901, -0.20436127483844757, -0.8567578792572021, 2.224059820175171, -2.163560628890991, 1.0739665031433105, -0.023541007190942764, -1.2857524156570435, 0.5966814756393433, -0.21365737915039062, -1.1469972133636475, -1.583920955657959, -1.2284321784973145, 0.43880146741867065, -0.4317644536495209, 0.9118115305900574, 0.11227675527334213, -0.3548716604709625, -0.2811570465564728, -1.3000072240829468, 0.4676847457885742, 2.1727218627929688, 0.4140815734863281, 0.45875898003578186, -0.0339093878865242, 1.2767435312271118, -0.3870985805988312, 0.20488247275352478, -1.5650168657302856, -0.05454583466053009, -1.2130260467529297, 1.133103609085083, -1.1536638736724854, 0.9499017596244812, 0.590970516204834, -0.5271227955818176, 0.034085582941770554, 1.703423261642456, 0.12038437277078629, 1.7237910032272339, 0.679535448551178, 0.04562199115753174, 0.1090325117111206, -0.9324272871017456, 0.9894694089889526, 1.603836178779602, -0.3741844892501831, 0.8053045272827148, -0.35630178451538086, -0.36194753646850586, -0.3302074670791626, 0.8340208530426025, 0.017164140939712524, 2.3540432453155518, -1.1378885507583618, -1.4329991340637207, -0.8717658519744873, 0.2098834216594696, 0.5812505483627319, -0.09688346087932587, -0.5123725533485413, 1.6299667358398438, 0.8991405963897705, 0.6235097646713257, -1.2851154804229736, -0.6475076079368591, 0.24555227160453796, 0.3579798638820648, -0.4767976999282837, 0.2823657989501953, 1.3844695091247559, 1.428732991218567, -2.1078381538391113, 1.2093284130096436, 0.7595808506011963, -2.1033613681793213, 0.7178817987442017, -0.7549137473106384, 0.1144944429397583, 0.8185418844223022, 0.42510461807250977, -1.8497172594070435, -1.3564640283584595, -0.24109916388988495, 0.2722163200378418, -1.9540324211120605, 0.9470041394233704, 0.09100925922393799, 1.81219482421875, 0.5737822651863098, -0.5052727460861206, 0.42749878764152527, -0.06679561734199524, -0.2106768786907196, 1.071846842765808, 0.2830272316932678, 0.8261438012123108, 1.3356544971466064, -0.24473921954631805, -0.34489503502845764]",yunet,Facenet,1920,1080,/home/amos/media/tv/modern_family/Modern.Family.S09.1080p.DSNP.WEB-DL.DDP5.1.H.264-CRFW/Modern.Family.S09E17.Royal.Visit.1080p.DSNP.WEB-DL.DDP5.1.H.264-CRFW.mkv,Modern Family,2009,1442437,9,17,Ed O'Neill,18977.0,0.681
807,162,384,432,696,354,504,228,510,0.914,20520,0,"[-1.8689687252044678, -0.7611410617828369, -0.15355528891086578, -0.06815525889396667, -0.08306251466274261, -0.6251769065856934, -1.064389944076538, -0.37484291195869446, -0.4597582221031189, 0.5736372470855713, -0.7536716461181641, 0.9071015119552612, -2.302436113357544, -0.7483240365982056, 1.2754491567611694, 0.882077693939209, -0.22150397300720215, 1.4753402471542358, 1.0790008306503296, -1.7604278326034546, -0.12566469609737396, -1.0231202840805054, -0.2017347812652588, 0.5636523365974426, 1.0025078058242798, -1.2326329946517944, -0.015572047792375088, 2.470010757446289, 1.070481300354004, -0.5849300622940063, -1.5640864372253418, 1.5465970039367676, -0.6396651864051819, 0.7133058309555054, -0.23562216758728027, -1.0567495822906494, -0.4761289954185486, -0.27373942732810974, -1.2232027053833008, -1.5318351984024048, -0.3596360385417938, -1.0324459075927734, -0.5048028230667114, 1.6230823993682861, -0.39168989658355713, -1.8410117626190186, 0.42468056082725525, -1.617711067199707, -0.405911386013031, 0.5717835426330566, -0.28299570083618164, 0.5444153547286987, -0.20651528239250183, 0.9525582790374756, 0.5913751721382141, 0.6070023775100708, -0.2851230204105377, 0.6080180406570435, -2.339038372039795, 0.611361563205719, -1.0257631540298462, -0.7832692861557007, 0.14447078108787537, -0.4185785949230194, 0.28917884826660156, 1.911819338798523, 0.9179661870002747, 2.401097297668457, 0.09059973806142807, -0.7711004018783569, -0.5648515224456787, -1.5674082040786743, 0.13752183318138123, -0.009403347969055176, 0.6710417866706848, 0.8400148153305054, -0.7039177417755127, -0.21623356640338898, -1.157134771347046, 0.5882505178451538, 0.1514149308204651, 1.0408614873886108, -0.3571486473083496, -0.3096269965171814, -1.2761027812957764, 0.7525050640106201, -0.22419002652168274, 0.9388049840927124, -0.2507612407207489, 0.783926248550415, 1.2833534479141235, -2.183086633682251, 0.12511414289474487, -1.3707960844039917, 0.2563837766647339, -0.47409483790397644, -2.313366651535034, -0.535338282585144, 0.4945058226585388, 1.1982557773590088, -1.8925600051879883, 1.094678282737732, 0.10703643411397934, -0.9795731902122498, 0.7783846855163574, -2.0466792583465576, -0.6366721391677856, -0.3289954662322998, 0.7694147229194641, -0.05242788791656494, -1.897210717201233, 0.8392609357833862, -0.1031009703874588, -0.7201253175735474, -0.1304776966571808, -1.4033938646316528, 0.7973145246505737, 0.4836927354335785, 0.15483887493610382, 0.5624938011169434, -0.3504762649536133, 0.31201088428497314, 1.9103769063949585, 0.8061552047729492, 2.160494089126587, 0.43358609080314636, 1.0528371334075928, 2.3739657402038574]",yunet,Facenet,1920,1080,/home/amos/media/tv/modern_family/Modern.Family.S09.1080p.DSNP.WEB-DL.DDP5.1.H.264-CRFW/Modern.Family.S09E17.Royal.Visit.1080p.DSNP.WEB-DL.DDP5.1.H.264-CRFW.mkv,Modern Family,2009,1442437,9,17,Ed O'Neill,18977.0,0.645
808,1554,324,1788,624,1734,438,1620,444,0.913,20520,1,"[-1.1515145301818848, -0.0030692368745803833, 0.609648585319519, -0.35329151153564453, -0.10334800183773041, 1.2747137546539307, 0.5361003875732422, 0.908420741558075, 0.19175857305526733, 2.095932722091675, 0.9309064745903015, 1.9255976676940918, -0.36962026357650757, -1.5969984531402588, -0.49318304657936096, 1.822788953781128, 0.37898701429367065, -0.6539921164512634, 0.3075612187385559, 0.2202555388212204, 1.649634599685669, 0.680823028087616, -0.027175167575478554, -0.31976327300071716, 1.0488972663879395, -0.3330329954624176, -1.9394184350967407, 0.6419298052787781, 2.322704553604126, -1.5311989784240723, 0.9818708896636963, -1.6579978466033936, 1.53651762008667, -1.0834965705871582, 2.8868465423583984, 0.256499320268631, -1.107500433921814, 0.9696745872497559, 0.1494324952363968, -1.14873468875885, -1.5293031930923462, 1.8821771144866943, -1.3523398637771606, -0.1682424396276474, -1.6609137058258057, 0.46900051832199097, -1.8143939971923828, 0.9298280477523804, -1.9190430641174316, 1.0000452995300293, -0.040705375373363495, 1.658488392829895, 0.9454158544540405, 0.9837125539779663, 0.8149151802062988, 0.7979914546012878, -0.7090741395950317, -0.599763810634613, -0.8753284215927124, -1.3383270502090454, 0.38218608498573303, 0.10128583014011383, -0.38334545493125916, -1.8409595489501953, 0.4875277280807495, 0.37702298164367676, 0.23746046423912048, 0.9589736461639404, 0.6831961274147034, -0.29537495970726013, 0.543720543384552, -0.3622620701789856, -1.9339066743850708, 0.46714937686920166, -0.1903405487537384, 0.5309991836547852, 0.030819326639175415, 0.10046453028917313, 1.2135370969772339, 1.2066972255706787, 1.2340006828308105, -1.2966089248657227, -0.9408181309700012, -1.3001631498336792, 0.6836699843406677, -0.8971943855285645, 0.24207434058189392, 0.40861964225769043, 0.6362199783325195, 1.621946096420288, -1.52707839012146, 0.8587172627449036, 0.8296177387237549, 2.1793630123138428, -0.35488075017929077, 0.9716600775718689, -0.29702427983283997, 0.2902253568172455, 0.5917304754257202, -0.09073975682258606, 0.33324694633483887, 0.12997832894325256, -1.2995214462280273, 0.02108353190124035, -0.2959546446800232, 1.1934493780136108, 0.12942609190940857, -0.8984688520431519, 0.822029709815979, 0.41589492559432983, 0.4053177237510681, 1.4088785648345947, 1.1803890466690063, -1.3745872974395752, 0.4469691514968872, 0.7789832353591919, 0.14803683757781982, -0.6161971092224121, 0.6664717793464661, -1.3504846096038818, 0.3246726393699646, -0.6549239158630371, -0.5742039084434509, 0.9153473973274231, 2.3342220783233643, 1.3775345087051392, 0.39024651050567627, -0.17416884005069733]",yunet,Facenet,1920,1080,/home/amos/media/tv/modern_family/Modern.Family.S09.1080p.DSNP.WEB-DL.DDP5.1.H.264-CRFW/Modern.Family.S09E17.Royal.Visit.1080p.DSNP.WEB-DL.DDP5.1.H.264-CRFW.mkv,Modern Family,2009,1442437,9,17,Sofía Vergara,63522.0,0.741
809,186,264,462,618,420,390,294,390,0.916,20544,0,"[0.4088743031024933, -0.24156300723552704, 0.32597723603248596, -0.02861415594816208, 0.7588311433792114, -0.7902950644493103, 0.288505494594574, 1.849190592765808, -1.2564512491226196, 0.8013176918029785, -0.45906224846839905, 1.083560824394226, -0.650388240814209, 0.616425633430481, 1.0626076459884644, -1.082663655281067, 1.3346941471099854, 0.11375054717063904, 1.5235289335250854, -1.144502878189087, -1.7676095962524414, -0.7579072117805481, -0.2032618224620819, 0.988846480846405, 1.7543761730194092, -1.6797847747802734, 0.35802146792411804, 3.0969533920288086, -0.10598677396774292, -2.1218531131744385, -0.8606590032577515, 1.9440144300460815, -0.6407925486564636, 0.09455835074186325, -0.6930586695671082, -0.7271220088005066, 0.4062512218952179, -0.7066295742988586, -1.7164950370788574, -0.3300418555736542, -1.2197679281234741, -0.17623759806156158, -0.2524152994155884, 1.0185015201568604, -0.18126565217971802, -0.4689900875091553, -1.0808994770050049, -0.8943159580230713, 1.5412729978561401, 0.9253380298614502, 0.5197628736495972, 0.2409360259771347, 0.22693321108818054, -0.08411119133234024, 0.3544290065765381, 0.714499294757843, -1.838193655014038, -0.5962902903556824, -1.4922246932983398, 0.521053671836853, -1.6679143905639648, 0.5617936253547668, 0.35187652707099915, -0.5849607586860657, 0.19617044925689697, 0.848965585231781, -0.4153550863265991, 1.8640669584274292, 1.208258032798767, 0.28564348816871643, -0.7298903465270996, -0.09001556783914566, 0.5471048355102539, 0.4587351083755493, -0.23053336143493652, 0.15462270379066467, -0.3395046293735504, -0.6537871360778809, -0.5288941264152527, 1.8276876211166382, 0.2592312693595886, 2.3789210319519043, -0.31182143092155457, -1.974233627319336, -0.13212400674819946, 0.49592944979667664, 0.04150049388408661, -0.3437206745147705, 0.5888136625289917, 2.3818838596343994, 0.45811593532562256, 0.055298663675785065, -1.7046376466751099, -0.43759068846702576, 0.7093595266342163, -0.617803692817688, -0.6154235005378723, -0.020907389000058174, 1.6727194786071777, 2.3775734901428223, -0.9012320041656494, 1.1889030933380127, 0.7811978459358215, -1.822740077972412, -0.7895042300224304, -0.5943557024002075, 0.4391431510448456, 0.03055700659751892, 0.2843257188796997, -1.8879868984222412, -2.0048885345458984, 0.8280329704284668, -0.8454893827438354, -1.447524070739746, 1.2959717512130737, 0.4734307825565338, 1.7144285440444946, 0.7269721627235413, 1.21143639087677, -0.1013643890619278, 0.020315684378147125, -0.07332713901996613, 0.38483285903930664, 0.6417529582977295, 0.7560778260231018, 0.6880164742469788, -0.07793349027633667, 1.113250494003296]",yunet,Facenet,1920,1080,/home/amos/media/tv/modern_family/Modern.Family.S09.1080p.DSNP.WEB-DL.DDP5.1.H.264-CRFW/Modern.Family.S09E17.Royal.Visit.1080p.DSNP.WEB-DL.DDP5.1.H.264-CRFW.mkv,Modern Family,2009,1442437,9,17,Ed O'Neill,18977.0,0.667
810,348,228,690,642,570,366,414,372,0.924,20568,0,"[0.1747390329837799, 0.13671664893627167, 0.9496930241584778, -0.5271823406219482, 2.7077856063842773, -0.5978710055351257, -0.6066513061523438, 1.2033711671829224, -0.07612669467926025, 0.28244200348854065, -1.26801335811615, 1.2257282733917236, -1.138269305229187, 0.21419712901115417, 1.2560714483261108, -0.7725123763084412, 1.3211098909378052, 0.6274362802505493, 0.35769104957580566, -1.2025209665298462, -1.1787078380584717, -0.36840149760246277, -1.1085913181304932, 0.2167428731918335, 0.8016344308853149, -2.166804552078247, -0.33073073625564575, 3.4338483810424805, 0.026470307260751724, -1.09833824634552, -0.45030853152275085, 1.07021963596344, -1.1134395599365234, -0.7021260857582092, -0.8042091727256775, -0.8591167330741882, -0.3133552074432373, -0.8766357898712158, -1.599020004272461, 0.01913396269083023, -1.3744474649429321, -1.1949976682662964, 0.17342767119407654, 1.697965383529663, -0.1070571169257164, -1.0784568786621094, -0.5337815284729004, -1.0101219415664673, -0.7323648929595947, 0.2627832293510437, -0.6239534616470337, 1.0862525701522827, -0.9069562554359436, 0.5863354802131653, 0.5213428735733032, -0.5014064908027649, -0.7621299028396606, -0.9643602967262268, -1.8627303838729858, 0.4886070787906647, -0.717234194278717, -0.27970820665359497, 0.9868100881576538, -0.02644692361354828, -0.7264983057975769, 1.8324660062789917, -0.36139753460884094, 1.7250372171401978, 0.6168557405471802, -0.9612205028533936, -1.3618770837783813, -0.6781278848648071, 0.45733559131622314, 0.5788523554801941, 0.17952457070350647, 1.7565263509750366, -0.18561020493507385, -0.7963296175003052, -0.11603676527738571, 1.6199021339416504, 0.0955585315823555, 2.689223051071167, -0.8187960982322693, -0.3178606927394867, -0.6348188519477844, -0.42877984046936035, 0.5098506212234497, -1.2715328931808472, 0.7206045389175415, 2.224926471710205, -0.15921789407730103, -0.7229664325714111, -1.1664516925811768, -1.6130244731903076, 0.19780674576759338, -0.6215318441390991, -1.9452682733535767, -0.4593573808670044, 0.7031803131103516, 1.388003945350647, -1.013132929801941, 1.2329339981079102, -0.8236635327339172, -1.8227897882461548, 0.23252567648887634, -0.8952154517173767, -1.0858228206634521, -0.9507368803024292, 1.3349684476852417, -0.7177320122718811, -1.6433976888656616, 0.744869589805603, -0.2794933319091797, -1.264573097229004, 0.7274743318557739, 0.40024226903915405, 0.06907077133655548, 0.5613536834716797, 0.2966373860836029, -0.05965619161725044, -0.4366433024406433, 1.0264663696289062, 0.4675002098083496, 0.46617069840431213, 1.3103275299072266, 0.6708019375801086, 0.22040699422359467, 0.3964694142341614]",yunet,Facenet,1920,1080,/home/amos/media/tv/modern_family/Modern.Family.S09.1080p.DSNP.WEB-DL.DDP5.1.H.264-CRFW/Modern.Family.S09E17.Royal.Visit.1080p.DSNP.WEB-DL.DDP5.1.H.264-CRFW.mkv,Modern Family,2009,1442437,9,17,Ed O'Neill,18977.0,0.674
811,486,192,876,684,792,372,618,372,0.941,20592,0,"[-0.049988552927970886, -0.9151219129562378, 0.3828050494194031, -0.32307279109954834, 1.6341540813446045, -0.8703073263168335, 0.1964445561170578, 1.392842411994934, -0.5802057981491089, 0.952053964138031, -1.3753858804702759, 0.9704530835151672, -0.6686248183250427, -0.08079846203327179, 1.267867922782898, -0.667986273765564, 1.041212797164917, 0.6190865635871887, 1.3765259981155396, -1.884747862815857, -1.1160539388656616, -0.650185763835907, -0.9633785486221313, 0.8042402267456055, 0.988834023475647, -2.2300610542297363, 0.048540376126766205, 2.806807518005371, -0.040475040674209595, -1.4106333255767822, -0.45115604996681213, 1.166299819946289, -0.5292860269546509, 0.1184762492775917, -0.6719843149185181, -0.658959686756134, -0.1354145109653473, -1.1659759283065796, -2.7558910846710205, -0.6220201253890991, -0.773826539516449, -0.3243441879749298, -0.43839940428733826, 1.1813443899154663, 0.013661356642842293, -0.8792364597320557, -0.609450101852417, -0.2914493680000305, 0.5390591621398926, -0.056286223232746124, -0.0300259068608284, 0.30547720193862915, -1.095191478729248, 0.6995893120765686, 0.22206926345825195, 0.2233441025018692, -1.681541085243225, -0.7642616629600525, -1.6723226308822632, 0.3091307580471039, -1.1092013120651245, 0.3564677834510803, 0.5112420916557312, 0.3184914290904999, 0.10218366235494614, 1.132110357284546, -0.3525313436985016, 1.7767924070358276, 1.0159680843353271, -0.693345308303833, -0.7494533061981201, -0.6944242715835571, 0.8711069226264954, 0.05635844171047211, 0.37340250611305237, 0.3730836510658264, -0.3208555579185486, -0.28167587518692017, -0.40111613273620605, 1.5361475944519043, -0.5859158635139465, 2.4034011363983154, -1.0089788436889648, -1.8802998065948486, -1.1328904628753662, -0.24452494084835052, 0.3038228452205658, -0.6524666547775269, 0.9795113801956177, 2.6408355236053467, 0.18787211179733276, 0.08612732589244843, -1.2420085668563843, -0.5605370998382568, 0.8755733370780945, -0.8133670687675476, -0.8575903177261353, -0.30662772059440613, 2.0310497283935547, 3.233181953430176, -0.4577227234840393, 1.989013671875, 0.23272135853767395, -1.4047070741653442, 0.3119331896305084, -0.5357863903045654, -0.5706456303596497, -0.39418894052505493, 0.4762788414955139, -1.9955047369003296, -2.166836738586426, 0.4646076560020447, -1.0088547468185425, -1.3761579990386963, 0.6706074476242065, 0.5850803852081299, 1.1770060062408447, 0.748724639415741, 0.20212046802043915, 0.024256054311990738, -0.7393074035644531, 0.8309637308120728, 0.09499822556972504, 0.7565087676048279, 0.9758352637290955, 1.0562121868133545, -0.13564947247505188, 0.6640806198120117]",yunet,Facenet,1920,1080,/home/amos/media/tv/modern_family/Modern.Family.S09.1080p.DSNP.WEB-DL.DDP5.1.H.264-CRFW/Modern.Family.S09E17.Royal.Visit.1080p.DSNP.WEB-DL.DDP5.1.H.264-CRFW.mkv,Modern Family,2009,1442437,9,17,Ed O'Neill,18977.0,0.692
812,444,180,846,690,708,360,522,366,0.935,20616,0,"[-0.12582817673683167, -0.05089748278260231, 0.7400345802307129, -0.32788053154945374, 1.096001386642456, -0.6970134973526001, -0.5166822671890259, 1.1472889184951782, -0.5593242645263672, -0.387155681848526, -0.7447889447212219, 1.4368183612823486, -1.0781683921813965, -0.23377810418605804, 1.4732275009155273, -0.4057442545890808, 1.148013710975647, 0.9129559397697449, 1.1316947937011719, -1.020949363708496, -1.1674736738204956, -0.40860316157341003, -1.1349879503250122, -0.09575249999761581, 0.7369604110717773, -2.7662174701690674, -0.1676570028066635, 3.059156894683838, 0.7707940936088562, -0.9900409579277039, -1.1186619997024536, 1.4230269193649292, -1.2163572311401367, 0.47535163164138794, -0.8174517154693604, -0.7582504749298096, -0.24803468585014343, -1.2033005952835083, -1.8482849597930908, -0.9028406143188477, -0.6671684384346008, -0.2541235387325287, -0.3446405529975891, 1.809737205505371, 0.019415955990552902, -0.9763594269752502, -0.3065427243709564, -1.241391897201538, -0.3789755702018738, 0.8255041837692261, -0.6391642093658447, 0.9853436350822449, -0.5079487562179565, 1.4374897480010986, 0.28291216492652893, 0.08903401345014572, -1.449729323387146, -0.4618057310581207, -2.4030027389526367, 0.5532181859016418, -0.73594069480896, 0.2017403393983841, 0.7859542965888977, 0.35103246569633484, 0.11099126189947128, 2.1587400436401367, 0.18179717659950256, 1.6581546068191528, 0.189721941947937, -1.109415888786316, -0.9814029932022095, -0.47855669260025024, 0.28820279240608215, 0.664067804813385, 0.2646699845790863, 1.5058882236480713, -0.8657135963439941, -0.6408594846725464, -0.14617571234703064, 1.4969831705093384, 0.09860118478536606, 2.673469066619873, -0.8855469226837158, -0.9621520042419434, 0.12622998654842377, -1.0842708349227905, 0.38690799474716187, -0.5000365376472473, 0.03112730383872986, 1.652079701423645, -0.23485693335533142, -0.0635003000497818, -1.1272492408752441, -1.1078741550445557, 0.1556042730808258, -0.6781818866729736, -1.8695452213287354, -0.5616248846054077, 1.3277416229248047, 1.6665024757385254, -1.0181313753128052, 1.4576987028121948, -0.3567748963832855, -1.028113603591919, 0.5684998035430908, -0.014758611097931862, -0.785094678401947, -0.2538717985153198, 0.4414306581020355, -1.5299787521362305, -1.4823728799819946, 0.6473637223243713, -0.2754936218261719, -1.68489670753479, 0.20468825101852417, 0.5371823310852051, 0.6104178428649902, 0.569614052772522, 0.1880512535572052, 0.1453484445810318, -0.487731397151947, 0.9467964172363281, 1.247247338294983, 0.5037696957588196, 1.5607320070266724, 0.8454738855361938, -0.3521118760108948, 0.7947360277175903]",yunet,Facenet,1920,1080,/home/amos/media/tv/modern_family/Modern.Family.S09.1080p.DSNP.WEB-DL.DDP5.1.H.264-CRFW/Modern.Family.S09E17.Royal.Visit.1080p.DSNP.WEB-DL.DDP5.1.H.264-CRFW.mkv,Modern Family,2009,1442437,9,17,Ed O'Neill,18977.0,0.724
813,1116,174,1404,546,1254,312,1152,306,0.919,20808,0,"[-0.27000558376312256, -0.7255321741104126, -1.2332028150558472, -0.39514100551605225, 0.23729780316352844, -0.3261072337627411, -0.22499814629554749, 0.28388699889183044, 2.844548225402832, -0.7182570099830627, 1.4325424432754517, -1.9118238687515259, -0.15011492371559143, -0.1279725581407547, -1.3227556943893433, -0.5585059523582458, -0.5036485195159912, -1.330536961555481, -1.479066014289856, -0.6399357318878174, 0.8809854984283447, -0.08749956637620926, 1.9169285297393799, -0.434628427028656, 0.7397143840789795, 0.5635052919387817, -0.19296114146709442, -1.406853199005127, 1.4340064525604248, -0.2830451428890228, -0.8474926948547363, 0.3118837773799896, -0.39346903562545776, 0.21331670880317688, 0.2448902428150177, 0.7135587334632874, 0.2816598117351532, 0.8588821291923523, 0.27272742986679077, -1.0416371822357178, 0.37544894218444824, 1.6501268148422241, -0.842909574508667, -1.1073631048202515, -0.5290948152542114, -0.4664249122142792, -0.7670220732688904, 1.087780237197876, -1.344648003578186, 1.599269986152649, -0.37292981147766113, 0.3921508491039276, -0.9647805690765381, 0.6573408246040344, -1.5196696519851685, -0.32992708683013916, 2.1204090118408203, 0.6853278875350952, -1.7637295722961426, -1.5844452381134033, -0.1975683569908142, -1.0074986219406128, -0.5470859408378601, 1.307010531425476, -0.4135916531085968, 0.20127174258232117, -0.34448346495628357, 0.08703618496656418, -0.22634726762771606, -3.0807175636291504, -0.6733909249305725, 0.7847392559051514, -1.7878957986831665, -0.3210937976837158, -0.036424607038497925, -0.5867310166358948, -0.3148038983345032, -0.20187173783779144, -0.8766277432441711, -2.1372082233428955, -1.5205073356628418, 0.14749866724014282, 0.21511247754096985, -1.2117646932601929, -0.9343602657318115, -0.737791895866394, 0.49688348174095154, 0.22933052480220795, -0.15511208772659302, -0.5474023222923279, -0.30684950947761536, -0.17658822238445282, 1.4360527992248535, 1.6320302486419678, 0.6543384790420532, 2.2667393684387207, -1.4640110731124878, 0.3193883001804352, -2.1645731925964355, -2.272257089614868, 1.3068057298660278, -0.1014426052570343, -0.0325169563293457, -1.3792901039123535, 0.1783905029296875, 1.3583226203918457, -0.18237890303134918, -1.1895009279251099, 1.001981258392334, -0.48201435804367065, 1.060306191444397, -0.3786390423774719, 1.0822945833206177, 0.47382739186286926, 0.02909962274134159, 1.4493650197982788, -0.24479664862155914, -2.1467976570129395, -1.2665296792984009, 1.2011555433273315, -1.7579900026321411, 0.5715844631195068, 0.5084861516952515, -0.9201355576515198, 0.12148633599281311, 0.24276480078697205, 0.2728501856327057, -0.5750259160995483]",yunet,Facenet,1920,1080,/home/amos/media/tv/modern_family/Modern.Family.S09.1080p.DSNP.WEB-DL.DDP5.1.H.264-CRFW/Modern.Family.S09E17.Royal.Visit.1080p.DSNP.WEB-DL.DDP5.1.H.264-CRFW.mkv,Modern Family,2009,1442437,9,17,Jesse Tyler Ferguson,204815.0,0.724
814,1146,174,1416,546,1374,342,1272,342,0.922,20832,0,"[-1.6852277517318726, -1.9934659004211426, -0.4229713976383209, -0.974083423614502, 0.05211026966571808, -0.6656600832939148, -0.31037798523902893, -0.3655458688735962, 2.2776174545288086, -0.5857528448104858, 0.9601122736930847, -1.4511113166809082, 0.4186880588531494, -0.7183502912521362, -1.2128863334655762, 1.0876941680908203, -0.2938128709793091, -1.0566394329071045, -1.3599261045455933, -0.4456818699836731, 1.032950758934021, -0.12076575309038162, 0.6078004240989685, -0.7042551040649414, -0.17607226967811584, 1.3277273178100586, 0.8424465656280518, -1.1713881492614746, 1.6703904867172241, -0.34445619583129883, -1.3182467222213745, 0.9922276735305786, -0.08276648074388504, 0.5167664289474487, 0.30954357981681824, 0.7167771458625793, -0.19731980562210083, -0.03232812136411667, -0.22927287220954895, -1.8117902278900146, 0.18888787925243378, 1.2451504468917847, -1.1841269731521606, 0.3976477384567261, -0.00440308079123497, -1.531069278717041, -1.0533969402313232, 0.11853282153606415, 0.15424813330173492, 0.28191065788269043, 0.32052522897720337, -0.13983431458473206, -2.648252010345459, -0.30471837520599365, -0.5778880715370178, -0.7717698216438293, 1.6073228120803833, 0.3421200215816498, -1.0398045778274536, -0.4867836833000183, -0.20878830552101135, -0.33002710342407227, -0.7066238522529602, 1.8203011751174927, -0.6897581815719604, 1.8220711946487427, 0.07045483589172363, 0.1075628250837326, 1.252465009689331, -2.465822458267212, -1.3469016551971436, -0.17797937989234924, -1.697562575340271, -0.5086086988449097, 2.0015485286712646, 0.10729619115591049, -1.7896552085876465, -0.4470347464084625, -0.6636897921562195, -1.9490561485290527, -1.7965095043182373, 0.958687424659729, -0.8264375329017639, -0.5505839586257935, -0.9966292381286621, -1.1503336429595947, -0.24435967206954956, 0.5608502626419067, -1.6750378608703613, -0.14163599908351898, 0.01988270878791809, -0.16707880795001984, 1.3054946660995483, 0.5432639122009277, 0.11642984300851822, 2.4597232341766357, -1.6117584705352783, 0.5533806681632996, -1.142167091369629, -1.4019253253936768, 0.4337977170944214, -1.1303794384002686, -1.0166512727737427, -0.49917110800743103, 0.8564515113830566, 0.8002864718437195, -0.24704742431640625, -0.5681089162826538, -0.39349791407585144, -0.5563110113143921, 1.7757941484451294, -1.0191819667816162, 0.927669882774353, 0.18955542147159576, 0.22148625552654266, 2.0433995723724365, 0.6234344244003296, -1.870403528213501, -2.0428755283355713, 1.3083277940750122, 0.2937326431274414, -0.10706478357315063, 0.4003945589065552, -0.7838542461395264, -0.14696232974529266, -0.914232611656189, -0.13413290679454803, -0.8769317865371704]",yunet,Facenet,1920,1080,/home/amos/media/tv/modern_family/Modern.Family.S09.1080p.DSNP.WEB-DL.DDP5.1.H.264-CRFW/Modern.Family.S09E17.Royal.Visit.1080p.DSNP.WEB-DL.DDP5.1.H.264-CRFW.mkv,Modern Family,2009,1442437,9,17,Jesse Tyler Ferguson,204815.0,0.805
815,468,156,720,510,678,288,570,288,0.927,20856,0,"[0.7085435390472412, 0.08478286862373352, -0.40310561656951904, -0.06772134453058243, 1.6303414106369019, -0.3426242470741272, 2.39404034614563, -0.31534144282341003, 0.345852255821228, 0.5790976285934448, -0.49854928255081177, -1.4537529945373535, -1.8246431350708008, 0.7754800319671631, 0.4211215674877167, 0.27337682247161865, -0.706500768661499, -2.3220016956329346, -0.9234985709190369, -1.1873918771743774, -0.8005049228668213, 1.3013261556625366, -0.27472126483917236, 1.260524034500122, 1.2308770418167114, 1.4060276746749878, 1.672990322113037, -0.7007736563682556, 0.8738243579864502, -0.7431091070175171, 0.405505895614624, 1.6409679651260376, -1.9889639616012573, 1.7833096981048584, -0.10026561468839645, -0.6768209338188171, 0.6868983507156372, -2.6287877559661865, 0.6243599653244019, -1.2813705205917358, -1.257382869720459, -1.0232070684432983, -0.8036942481994629, -0.9878062009811401, 0.24284572899341583, -0.14721116423606873, -1.1477035284042358, -0.3187931478023529, -1.0510939359664917, 1.9649964570999146, -0.48598629236221313, -0.11851978302001953, -1.0142799615859985, 0.8682283759117126, -1.0626766681671143, -1.4946008920669556, 0.1590776890516281, -0.4924370348453522, -1.0900107622146606, -0.8911218643188477, -2.336296796798706, -1.7555935382843018, 1.532576322555542, 0.3121546804904938, -1.2971389293670654, 0.9221551418304443, -0.5037502646446228, 0.33882761001586914, 0.307928204536438, -1.0791784524917603, 0.45875248312950134, -1.4298104047775269, 0.859257698059082, 0.40726280212402344, -0.07928928732872009, -0.29292553663253784, 0.18983882665634155, 0.35578659176826477, 0.2398454248905182, 0.73818439245224, -1.5901734828948975, 2.2742128372192383, -0.8514223694801331, -1.6952344179153442, -0.5407399535179138, -0.2683623731136322, -0.11038614809513092, -0.2098035216331482, 1.4413704872131348, 1.2114742994308472, -0.13823804259300232, -0.7728015780448914, -0.04984571412205696, -0.33765366673469543, 1.7552266120910645, 0.6631035804748535, -1.2927554845809937, 1.4453480243682861, 0.08160988986492157, 0.35573336482048035, -0.5402165055274963, -0.3684481978416443, 0.15486125648021698, -0.021952711045742035, -0.1619781255722046, 0.15374362468719482, 0.1167830228805542, 0.8264697790145874, -0.857917308807373, -1.3218377828598022, 0.12610013782978058, -0.2977871298789978, 2.0716519355773926, -1.406808614730835, 1.9421632289886475, 0.9042624235153198, 1.0061148405075073, -0.2044447362422943, -0.43192270398139954, 0.4081316590309143, -0.09186291694641113, -0.2634198069572449, 0.9356464147567749, -0.14482159912586212, -0.8604639172554016, 1.0496810674667358, 0.10978689789772034, 0.39811867475509644]",yunet,Facenet,1920,1080,/home/amos/media/tv/modern_family/Modern.Family.S09.1080p.DSNP.WEB-DL.DDP5.1.H.264-CRFW/Modern.Family.S09E17.Royal.Visit.1080p.DSNP.WEB-DL.DDP5.1.H.264-CRFW.mkv,Modern Family,2009,1442437,9,17,Eric Stonestreet,156962.0,0.506
816,1260,216,1506,612,1332,384,1302,378,0.906,20856,1,"[-1.259462833404541, -0.5710972547531128, -0.7732229828834534, -0.6923130750656128, 1.381326675415039, -1.5694942474365234, -0.6554925441741943, -0.7232730388641357, 1.580103874206543, 0.10524442791938782, 0.16740694642066956, -0.48611387610435486, 0.1470019817352295, -0.4402875006198883, -0.46783366799354553, 1.6869921684265137, -0.2164437472820282, -0.6966849565505981, -0.4110548198223114, -0.5279749631881714, -0.2672044634819031, 1.6786818504333496, 0.8967718482017517, 0.14619819819927216, 0.43453970551490784, 2.164421796798706, 0.8098673820495605, -0.2200842797756195, 0.9121474623680115, 1.0504149198532104, -0.7715033292770386, 0.014167051762342453, -0.7750450372695923, 0.5540146827697754, 0.4976195693016052, 0.8936111330986023, 1.0678362846374512, -0.6380115747451782, -0.45695942640304565, -1.4367746114730835, -0.9518677592277527, 0.1782357543706894, -1.0588083267211914, 0.8044343590736389, 0.6988285183906555, -0.7505331039428711, -0.22678805887699127, -0.763921856880188, -0.7816420793533325, 2.3092873096466064, -1.023192048072815, -0.14200983941555023, -1.7081000804901123, 0.06062467396259308, -2.4984869956970215, -0.5650308728218079, 2.5222206115722656, -0.07756701111793518, -1.4658098220825195, -0.007222913205623627, -0.6321020126342773, -0.2620126008987427, -0.2988464832305908, 0.889777660369873, -1.0153414011001587, 0.2981114387512207, 0.23394149541854858, -0.8275701403617859, 0.9099426865577698, -2.1499953269958496, 0.620333731174469, -0.4123477339744568, -1.317131757736206, 0.5666396021842957, 1.881272315979004, -0.6470096111297607, -0.34053587913513184, -1.0207719802856445, 0.050709910690784454, -1.9404021501541138, -1.4523524045944214, 0.5340405702590942, -0.11738124489784241, 0.329234778881073, -0.09016449004411697, -0.26650187373161316, 0.5449215769767761, 1.3906248807907104, 0.011543184518814087, 0.4116741120815277, -1.2311125993728638, -0.5893721580505371, 1.3396992683410645, -0.21860197186470032, 0.5895980000495911, 1.757981538772583, -1.644026279449463, 0.5187123417854309, -1.5466296672821045, -1.7198119163513184, 1.4071553945541382, -0.18810662627220154, -0.11281207203865051, -2.5792317390441895, 0.9358214735984802, 0.17687857151031494, -0.7623416781425476, -0.09948596358299255, 0.644534707069397, -1.238441824913025, 1.1380078792572021, -0.2572897672653198, 1.0758583545684814, 1.3105223178863525, 1.770330786705017, 0.6604393720626831, 0.9164326190948486, -0.9643824100494385, -0.9998805522918701, 1.891130805015564, 0.9912416934967041, -0.6219680309295654, -0.25800299644470215, -0.3956662714481354, 0.43998658657073975, -1.001812219619751, 0.6480582356452942, -0.38925042748451233]",yunet,Facenet,1920,1080,/home/amos/media/tv/modern_family/Modern.Family.S09.1080p.DSNP.WEB-DL.DDP5.1.H.264-CRFW/Modern.Family.S09E17.Royal.Visit.1080p.DSNP.WEB-DL.DDP5.1.H.264-CRFW.mkv,Modern Family,2009,1442437,9,17,Jesse Tyler Ferguson,204815.0,0.55
817,528,120,762,414,696,228,570,222,0.93,20880,0,"[0.4985162317752838, 0.08480797708034515, -0.3492584526538849, 0.6026216149330139, 1.7215595245361328, -0.27080345153808594, 1.4212687015533447, -0.44574975967407227, 1.1681162118911743, -0.33939674496650696, -0.6851646900177002, -0.5703073143959045, -1.0960668325424194, 1.125633716583252, -1.0656007528305054, -0.24335278570652008, 0.23126718401908875, -1.3621487617492676, -0.8542242646217346, -0.8463417291641235, -0.739344596862793, 1.6855683326721191, -0.12137559056282043, 1.0737773180007935, 1.547925353050232, 0.6395586729049683, 0.4397594630718231, -0.5027180910110474, 1.3451082706451416, -0.7797093987464905, 0.005556706339120865, 0.8980481624603271, -1.8572598695755005, 1.4438598155975342, -0.1983189731836319, -0.38721364736557007, 1.2793936729431152, -2.3177125453948975, -0.17170259356498718, -1.9499571323394775, -0.3942641615867615, -0.32779785990715027, -1.1100202798843384, 0.01798585057258606, -0.452792763710022, 0.07437200844287872, -0.7888106107711792, -0.6662652492523193, -2.1504664421081543, 3.3604347705841064, -0.7242268323898315, -0.4441419839859009, -0.2185477614402771, 0.3687060475349426, -1.1193890571594238, -0.4751793146133423, 0.27255335450172424, -1.2866222858428955, -0.2753414213657379, -1.1967209577560425, -1.9301449060440063, -1.454679250717163, 2.008669376373291, 0.5529604554176331, -1.7183562517166138, 0.9690179228782654, -0.9923450946807861, -0.24986444413661957, 0.13401484489440918, -2.1777448654174805, 0.2150796353816986, -1.43113112449646, 0.4440198540687561, -0.4074321389198303, 0.1487381011247635, -0.6724318861961365, 0.6524957418441772, 0.37419888377189636, 0.9067545533180237, -0.23081377148628235, -1.2248042821884155, 0.9540623426437378, -1.3090258836746216, -1.1416661739349365, -0.07164636999368668, 0.1773977279663086, 0.3876277804374695, 0.065479576587677, 1.9265443086624146, 1.4445195198059082, -0.09054186195135117, -0.37196725606918335, -0.7058204412460327, -0.8239769339561462, 1.7656450271606445, 0.746988832950592, -0.027187509462237358, -0.7228344082832336, -0.5364429950714111, -0.17265665531158447, -0.14193998277187347, 1.979278802871704, 0.7087050676345825, -1.3034132719039917, -0.13995811343193054, 0.45317506790161133, 0.2238236367702484, -0.3879914879798889, -0.4515277147293091, -2.024275302886963, 0.5636003613471985, 0.7097721695899963, 2.0879807472229004, -0.3693924844264984, 1.462632417678833, 0.28427353501319885, 0.36742016673088074, 0.14698705077171326, -0.6689786314964294, 0.2829750180244446, -1.3842860460281372, -0.3674507737159729, 1.7800838947296143, -0.5997525453567505, -0.3368690609931946, 1.1072502136230469, 1.1839520931243896, 0.26703158020973206]",yunet,Facenet,1920,1080,/home/amos/media/tv/modern_family/Modern.Family.S09.1080p.DSNP.WEB-DL.DDP5.1.H.264-CRFW/Modern.Family.S09E17.Royal.Visit.1080p.DSNP.WEB-DL.DDP5.1.H.264-CRFW.mkv,Modern Family,2009,1442437,9,17,Eric Stonestreet,156962.0,0.547
818,558,150,816,504,744,288,624,288,0.928,20904,0,"[0.447503924369812, 0.45093104243278503, -0.4110489785671234, -0.078375905752182, 1.0459380149841309, -0.6072125434875488, 2.0236566066741943, -0.9295396208763123, 0.9534531831741333, 0.6630246043205261, 0.010356441140174866, -0.5263733863830566, -1.434089183807373, 0.403408408164978, -0.6540319919586182, 0.594857931137085, -0.39733341336250305, -1.6177117824554443, -1.494938850402832, -0.6070964336395264, 0.048135414719581604, 0.9003855586051941, -0.2455863356590271, 1.4040700197219849, 1.1489983797073364, 1.2530958652496338, 1.1339600086212158, -0.49129366874694824, 0.5462960004806519, -0.8508815169334412, -0.37804114818573, 1.577097773551941, -2.369518518447876, 2.2539565563201904, -0.0458206906914711, -0.9067072868347168, 0.36746618151664734, -2.369786500930786, 0.9925183653831482, -1.6978468894958496, -0.9870911240577698, -0.5967198014259338, -0.931036114692688, -0.4214799404144287, -0.14172445237636566, -0.29445356130599976, -1.1108518838882446, -0.3670729398727417, -1.4714601039886475, 2.5088181495666504, -0.1757427155971527, -0.3031405806541443, -0.44272318482398987, 0.25423330068588257, -0.5722225308418274, -0.8993000388145447, 0.27233994007110596, -1.0698816776275635, -0.7136210799217224, -0.7564740180969238, -1.694662094116211, -1.0596745014190674, 1.301720380783081, 0.29365572333335876, -0.8464363217353821, 0.6580541729927063, -1.0938740968704224, -0.3552650213241577, 0.05527961254119873, -1.7527034282684326, 0.09979154169559479, -1.420072317123413, 1.0777863264083862, -0.617071270942688, 0.8889925479888916, -1.1259453296661377, 0.3206576406955719, 0.37593501806259155, 0.7761467695236206, -0.48956602811813354, -1.1638604402542114, 0.8515490293502808, -1.2807997465133667, -1.5547127723693848, -0.8700911402702332, 0.8373020887374878, -0.35150882601737976, -0.06668001413345337, 1.865451693534851, 0.9549563527107239, 0.017886623740196228, -0.37318772077560425, -0.026076873764395714, -0.44352418184280396, 3.1186916828155518, 0.6454451680183411, -0.07531426101922989, -0.07859530299901962, -0.6765050292015076, -0.15345142781734467, 0.40416163206100464, 0.9518832564353943, -0.23455354571342468, -0.6505822539329529, -0.06793966889381409, -0.09306187927722931, 0.4085416793823242, -0.11157922446727753, -1.2065192461013794, -1.4810616970062256, 0.9574984908103943, 0.4085056781768799, 2.001638650894165, -0.7359975576400757, 1.2798038721084595, 0.8850269317626953, -0.021230623126029968, 0.6489704251289368, -0.7052701115608215, 0.7221876382827759, -1.3043808937072754, -0.46458321809768677, 1.8376262187957764, -0.8510300517082214, -1.004175066947937, 0.964849054813385, 1.1684776544570923, 0.11689083278179169]",yunet,Facenet,1920,1080,/home/amos/media/tv/modern_family/Modern.Family.S09.1080p.DSNP.WEB-DL.DDP5.1.H.264-CRFW/Modern.Family.S09E17.Royal.Visit.1080p.DSNP.WEB-DL.DDP5.1.H.264-CRFW.mkv,Modern Family,2009,1442437,9,17,Eric Stonestreet,156962.0,0.516
819,1152,180,1458,576,1338,342,1194,336,0.937,20928,0,"[-1.5705503225326538, -1.4555985927581787, -0.8725623488426208, -0.38367563486099243, -0.4405677020549774, 0.10194022208452225, -0.22630204260349274, 0.9843254089355469, 1.980509638786316, -0.6502031087875366, 1.617154598236084, -1.7877827882766724, -0.6104561686515808, -0.22687214612960815, -0.9892557859420776, 0.8729223608970642, 0.07821721583604813, -1.334199070930481, -1.1249867677688599, -0.45576784014701843, 1.4436479806900024, -0.25034576654434204, 1.6472209692001343, 0.08312393724918365, 0.163921058177948, 0.7396335601806641, 0.9714169502258301, -2.3088126182556152, 2.2818446159362793, -0.7554233074188232, -1.3104403018951416, 0.9804015159606934, 0.44383764266967773, -0.053917862474918365, 1.4358758926391602, 0.4081513583660126, 0.336524099111557, 0.5120440721511841, 0.006628118455410004, -0.8508099317550659, -0.035944096744060516, 0.6322349309921265, -1.409691333770752, -0.7739855647087097, 0.05340025573968887, -0.08446803689002991, -0.86905437707901, 0.40162864327430725, 0.2723500728607178, 0.4843178689479828, 0.18302685022354126, 0.11479197442531586, -1.081215739250183, 0.4358965754508972, -0.6044053435325623, -0.3269976079463959, 1.0681017637252808, 0.6294827461242676, -0.6008346080780029, -1.4384124279022217, -0.596677839756012, 0.02958173304796219, -0.5917922854423523, 0.797389030456543, -0.6307216882705688, 1.3847997188568115, 0.7113115191459656, 0.8467586040496826, 0.6078219413757324, -2.200235605239868, -1.2585476636886597, -0.08662876486778259, -1.503144383430481, -0.2944311499595642, 0.559039294719696, -0.6772844195365906, -0.8925677537918091, 0.2249860167503357, -1.4620428085327148, -1.8196067810058594, -1.790557861328125, 0.09836767613887787, -0.9965725541114807, -1.617806315422058, -0.6359925866127014, -0.4292484223842621, -0.4298384189605713, 0.29715174436569214, -1.454480767250061, -0.526887834072113, 0.7819749712944031, 0.3852726221084595, 1.3867323398590088, 0.5012738704681396, -0.2810651659965515, 2.6059064865112305, 0.06478852033615112, 0.6819912791252136, -1.1539175510406494, -0.769982635974884, -0.9874605536460876, -1.055242657661438, 0.3099372982978821, 0.6185030937194824, 0.6852433085441589, 0.8420067429542542, 0.5457091331481934, 0.24172639846801758, 0.25946083664894104, 0.5081165432929993, 0.985409140586853, -1.4234706163406372, 1.6486438512802124, -0.7387551665306091, -0.8264241814613342, 1.1115134954452515, 0.6943846940994263, -1.447672963142395, -1.0620877742767334, -0.2688320577144623, -0.9832068681716919, -0.09161678701639175, 0.3394109010696411, -0.8488355875015259, 0.4785117506980896, 0.046745337545871735, -0.75565105676651, -0.3313685953617096]",yunet,Facenet,1920,1080,/home/amos/media/tv/modern_family/Modern.Family.S09.1080p.DSNP.WEB-DL.DDP5.1.H.264-CRFW/Modern.Family.S09E17.Royal.Visit.1080p.DSNP.WEB-DL.DDP5.1.H.264-CRFW.mkv,Modern Family,2009,1442437,9,17,Jesse Tyler Ferguson,204815.0,0.861
820,1116,210,1404,600,1278,360,1152,360,0.929,20952,0,"[-1.5242606401443481, -2.156440258026123, -0.7731841802597046, 0.038113392889499664, -0.46344804763793945, -0.1440073847770691, 0.05109309032559395, 0.4974624812602997, 2.319108486175537, -0.3292295038700104, 1.1188994646072388, -2.2923569679260254, -0.08229421079158783, 0.04206565022468567, -1.3251527547836304, 0.5088930130004883, -0.2465631663799286, -1.6157875061035156, -1.8163639307022095, -0.324706494808197, 1.4370672702789307, -0.4354743957519531, 1.3297559022903442, 0.288804292678833, 0.46232718229293823, 0.239099383354187, 1.8064756393432617, -2.1687026023864746, 1.7928401231765747, -1.0581775903701782, -1.0831120014190674, 1.0757557153701782, 0.4188247621059418, 0.3186447322368622, 0.382207989692688, 0.32583582401275635, -0.22701939940452576, 0.06406605988740921, 0.034550391137599945, -0.9408148527145386, 0.22553063929080963, 0.2660955488681793, -0.9478336572647095, -0.7353777289390564, -0.45435088872909546, -0.597009539604187, -1.1302545070648193, 0.479949414730072, -0.4043729901313782, -0.13164223730564117, -0.347639799118042, 0.37476789951324463, -1.4682965278625488, 0.6816779971122742, -0.3947574496269226, -0.3925890028476715, 1.163003921508789, 0.4350743889808655, -1.5278576612472534, -1.6385003328323364, -1.0195986032485962, -0.0334932915866375, -0.9254865050315857, 1.1831351518630981, -0.5188222527503967, 1.5622239112854004, 0.5578335523605347, 0.8880669474601746, -0.07708048820495605, -2.2568421363830566, -1.0943756103515625, 0.32388681173324585, -0.877249002456665, -0.5048901438713074, 0.48206627368927, -0.48335495591163635, -0.9013187885284424, -0.2889868915081024, -1.1946347951889038, -1.6319217681884766, -1.5678905248641968, 0.3231067657470703, -0.5244557857513428, -1.1577699184417725, -0.19109797477722168, -0.6137920618057251, -0.6359977126121521, -0.05796375498175621, -1.1474195718765259, -0.5140527486801147, 0.8663213849067688, -0.07495575398206711, 1.3888905048370361, 1.128019094467163, 0.03995843976736069, 2.5339112281799316, -0.6137808561325073, 1.4326348304748535, -1.3453724384307861, -1.3670482635498047, -0.036626506596803665, -0.9681815505027771, 0.023921117186546326, 0.37439122796058655, 0.6403620839118958, 0.8709343075752258, 0.28454381227493286, -0.5032860040664673, -0.16742950677871704, -0.04071599245071411, 1.1643736362457275, -0.7196383476257324, 1.8700779676437378, -1.0074405670166016, -0.9409506320953369, 1.2264552116394043, 0.2422197461128235, -1.2220385074615479, -1.3662039041519165, 0.26977062225341797, -0.5332759618759155, 0.07355855405330658, 0.4983024001121521, -0.7623462677001953, 0.3992271423339844, 0.22508201003074646, -0.10470225661993027, 0.34461328387260437]",yunet,Facenet,1920,1080,/home/amos/media/tv/modern_family/Modern.Family.S09.1080p.DSNP.WEB-DL.DDP5.1.H.264-CRFW/Modern.Family.S09E17.Royal.Visit.1080p.DSNP.WEB-DL.DDP5.1.H.264-CRFW.mkv,Modern Family,2009,1442437,9,17,Jesse Tyler Ferguson,204815.0,0.833
821,1164,180,1476,576,1392,324,1254,324,0.943,20976,0,"[-1.3992125988006592, -2.200308084487915, -0.986874520778656, -0.0988772064447403, -0.7606285214424133, -0.16559332609176636, -0.6209295392036438, 0.47568491101264954, 2.196340322494507, -0.3665078282356262, 1.3014209270477295, -2.2348239421844482, -0.11947761476039886, -0.4470084309577942, -1.1951165199279785, 0.5883741974830627, -0.1751008778810501, -1.072313666343689, -1.331342101097107, -0.49071425199508667, 1.9657965898513794, -0.2700483500957489, 1.3253109455108643, -0.15777480602264404, 0.3407708704471588, 0.5292554497718811, 1.5397288799285889, -2.011657238006592, 2.07598876953125, -0.29982253909111023, -0.9279038906097412, 1.490277886390686, 0.7925072312355042, -0.15846304595470428, 0.8276808261871338, 0.7464665174484253, 0.0046048834919929504, 0.13603371381759644, -0.655351459980011, -1.2304223775863647, 0.22682490944862366, 1.1011627912521362, -0.5251486301422119, -1.0303082466125488, -0.16122831404209137, -0.46891769766807556, -0.3123297393321991, 0.21773675084114075, -0.5866074562072754, 0.6151695251464844, -0.2677731513977051, -0.10491776466369629, -1.429898977279663, 0.8657638430595398, 0.03248586133122444, -0.8130109906196594, 0.6504767537117004, 0.9396964311599731, -0.8153079748153687, -1.6327874660491943, -0.33528146147727966, -0.11770351231098175, -0.19152921438217163, 1.2199386358261108, -0.5430033802986145, 1.6019959449768066, 0.37410008907318115, 1.1301685571670532, -0.059324949979782104, -2.122424602508545, -0.8186059594154358, -0.40004709362983704, -0.9710075855255127, -0.3968493938446045, 0.5538598299026489, -0.22714591026306152, -1.0638147592544556, 0.08988373726606369, -0.892484724521637, -1.8197245597839355, -1.390429973602295, 0.3922474682331085, -0.5608498454093933, -0.888085126876831, -0.4196535050868988, -0.3906220495700836, -0.650054395198822, 0.36036258935928345, -0.9687545299530029, -1.0380619764328003, 0.8312875032424927, 0.53847736120224, 1.4308940172195435, 1.0669444799423218, -0.32282257080078125, 3.1225945949554443, -1.2711045742034912, 0.9650087952613831, -1.3470549583435059, -1.257194995880127, -0.5677721500396729, -0.7998195290565491, 0.5469150543212891, -0.41549620032310486, 0.6447462439537048, 0.33662259578704834, 0.19000490009784698, 0.6897859573364258, 0.40329509973526, 0.29386353492736816, 0.8230801820755005, -1.6426949501037598, 1.5589419603347778, -0.22384841740131378, -1.1441248655319214, 1.0539679527282715, 0.4327930808067322, -1.8063076734542847, -1.4456021785736084, 0.14436130225658417, -0.7340028882026672, -0.1018097922205925, 0.6066615581512451, -0.9009981751441956, 0.9170082807540894, 0.2082611620426178, -0.07290058583021164, -0.4004741609096527]",yunet,Facenet,1920,1080,/home/amos/media/tv/modern_family/Modern.Family.S09.1080p.DSNP.WEB-DL.DDP5.1.H.264-CRFW/Modern.Family.S09E17.Royal.Visit.1080p.DSNP.WEB-DL.DDP5.1.H.264-CRFW.mkv,Modern Family,2009,1442437,9,17,Jesse Tyler Ferguson,204815.0,0.827
822,1062,138,1386,570,1314,288,1164,294,0.941,21000,0,"[-2.1265766620635986, -2.115124225616455, -0.592616617679596, -0.43841928243637085, -0.03669688478112221, -0.7393618822097778, 0.14603376388549805, -0.12446601688861847, 1.9481264352798462, -0.7863035798072815, 1.3256299495697021, -2.3982279300689697, 0.09614358842372894, -0.9050580263137817, -1.089104175567627, 0.6096593141555786, 0.32169848680496216, -0.5946400761604309, -1.1348987817764282, -1.0035051107406616, 1.9973012208938599, -0.5502632856369019, 1.4482178688049316, -0.5896059274673462, -0.1431960016489029, 0.8430431485176086, 0.5444555282592773, -2.1539864540100098, 1.8112584352493286, -0.06288488954305649, -0.9560003280639648, 0.7641199231147766, 0.4679781496524811, 0.42945408821105957, 1.2429884672164917, 1.2085585594177246, 0.24412459135055542, 0.5744765400886536, -0.4974159598350525, -1.7916185855865479, 0.44153156876564026, 1.2202244997024536, -1.1390557289123535, -0.5447075366973877, -0.7633275389671326, -0.5403354167938232, -0.40259018540382385, 0.20939385890960693, -0.7722707390785217, 0.44446781277656555, -0.0031198933720588684, 0.3209238648414612, -1.9013859033584595, 0.667059600353241, -0.18468908965587616, -0.5078067183494568, 0.5585788488388062, 0.4628744125366211, -0.7087398767471313, -1.1672452688217163, -0.3607460558414459, -0.600568950176239, -0.7612890601158142, 1.2718695402145386, -0.1506202220916748, 1.2786988019943237, 0.1505315601825714, 1.137895107269287, 0.4845433831214905, -1.5911808013916016, -0.5727683901786804, -0.21703936159610748, -1.5551354885101318, -1.328363060951233, 1.2475521564483643, 0.42167362570762634, -1.293878436088562, -0.12791308760643005, -1.443120002746582, -2.322695732116699, -1.4621953964233398, 0.9324343204498291, -1.0789375305175781, -1.341209888458252, -0.6741845011711121, -0.012369446456432343, -0.662688136100769, 0.4224957823753357, -1.7499115467071533, -0.3539161682128906, 0.7360133528709412, 0.692290186882019, 1.4387202262878418, 0.7829197645187378, -0.6505926251411438, 2.9397101402282715, -1.0008435249328613, 0.6634784936904907, -0.7261602282524109, -0.7901146411895752, -0.19459079205989838, -0.386576384305954, 0.1258101463317871, -0.6648451089859009, 0.5532193779945374, 0.9141644835472107, 0.19300974905490875, 0.051975056529045105, 0.26831507682800293, -0.37529388070106506, 0.09784780442714691, -0.9390793442726135, 1.2416882514953613, -0.4210147261619568, -0.5565534830093384, 0.8974308967590332, 0.5375065803527832, -2.191619634628296, -1.6575418710708618, 0.8245711922645569, -0.4092816114425659, -0.19606128334999084, 0.8575728535652161, -1.4037775993347168, 0.44420111179351807, -0.027364395558834076, 0.08255432546138763, -0.12373024225234985]",yunet,Facenet,1920,1080,/home/amos/media/tv/modern_family/Modern.Family.S09.1080p.DSNP.WEB-DL.DDP5.1.H.264-CRFW/Modern.Family.S09E17.Royal.Visit.1080p.DSNP.WEB-DL.DDP5.1.H.264-CRFW.mkv,Modern Family,2009,1442437,9,17,Jesse Tyler Ferguson,204815.0,0.851
823,504,162,774,528,708,300,570,300,0.935,21024,0,"[0.6841456890106201, 0.4551412761211395, -0.16264799237251282, 0.5308979153633118, 1.7271947860717773, -0.6882408857345581, 2.408154010772705, -0.453426718711853, 0.611298143863678, 0.1306273639202118, -0.5778594613075256, -0.5467435121536255, -0.38102489709854126, 1.1878516674041748, -0.32028958201408386, 0.008814487606287003, -0.023134469985961914, -1.9219845533370972, -0.5970107316970825, -0.2913152873516083, -1.1999965906143188, 1.6014289855957031, -0.17852458357810974, 0.9363121390342712, 1.33952796459198, 1.6483871936798096, 1.3067671060562134, -0.1278296709060669, 0.6614702939987183, -0.9489649534225464, -0.497595876455307, 1.5313074588775635, -2.4610230922698975, 0.9865072965621948, -0.33809396624565125, -1.2391170263290405, 1.0415282249450684, -2.0702931880950928, 0.900478720664978, -1.386884331703186, -0.9537200927734375, -0.48653560876846313, -0.9508799314498901, -0.2905914783477783, -0.041855618357658386, 0.3646499216556549, -1.3385177850723267, -0.9949653148651123, -0.8735863566398621, 3.098353624343872, -0.2988662123680115, 0.3984754681587219, -0.7274366617202759, -0.38365209102630615, -0.8929934501647949, -1.4639599323272705, 0.6705173850059509, -0.5087771415710449, -0.6812028288841248, -0.6124716997146606, -1.549708366394043, -1.428216576576233, 1.7702654600143433, 0.2810829281806946, -1.7225942611694336, 0.7821123003959656, -0.7059255838394165, -0.5234829783439636, 0.6263219714164734, -1.471671223640442, 0.033163342624902725, -1.326165795326233, 0.8547079563140869, -0.04920802265405655, 0.4376976191997528, -0.7275775671005249, 0.2180894911289215, 0.3817666172981262, 0.7628155946731567, 0.17615948617458344, -1.1835570335388184, 1.9912304878234863, -0.7175570726394653, -1.4891893863677979, -0.8776866793632507, 0.6974456310272217, 0.07808206975460052, -0.22862772643566132, 0.977269172668457, 1.1118662357330322, 0.05341145396232605, -0.4099142849445343, -0.31551438570022583, -0.8619295954704285, 2.207432508468628, 0.5993176698684692, -0.14452078938484192, 0.543788731098175, -0.9238015413284302, -0.48788920044898987, -0.3563510775566101, 0.915573000907898, 0.3462008237838745, -0.9569219350814819, -0.4338059425354004, -0.05600516498088837, 0.6359935402870178, 0.28594863414764404, -0.7619655728340149, -1.535844326019287, 0.27028757333755493, 0.44833338260650635, 2.2715747356414795, -0.6787167191505432, 1.8138221502304077, 0.7733070850372314, 0.36954784393310547, 0.34881043434143066, -0.2592807710170746, 0.49081334471702576, -0.7943903803825378, -0.28220224380493164, 1.2500773668289185, -0.7967407703399658, -0.9043163657188416, 0.7573243379592896, 0.48939937353134155, 0.09779158234596252]",yunet,Facenet,1920,1080,/home/amos/media/tv/modern_family/Modern.Family.S09.1080p.DSNP.WEB-DL.DDP5.1.H.264-CRFW/Modern.Family.S09E17.Royal.Visit.1080p.DSNP.WEB-DL.DDP5.1.H.264-CRFW.mkv,Modern Family,2009,1442437,9,17,Eric Stonestreet,156962.0,0.577
824,1242,126,1554,528,1458,294,1320,294,0.935,21048,0,"[-1.5492992401123047, -2.491849660873413, -1.0452477931976318, 0.012245982885360718, -0.22912198305130005, -0.3950822353363037, -0.5230183005332947, 0.5583489537239075, 2.5076584815979004, -0.22622618079185486, 1.0148314237594604, -1.8080873489379883, -0.2433827966451645, -0.29893070459365845, -0.9672098159790039, 0.8316361308097839, -0.4572208821773529, -1.181525468826294, -1.232301950454712, -0.45955517888069153, 1.2883155345916748, -0.5877641439437866, 1.6081267595291138, 0.4601399302482605, 0.26115700602531433, 0.5639820098876953, 2.158458709716797, -2.5463337898254395, 1.4308956861495972, -0.5201082229614258, -1.362982988357544, 1.2098089456558228, 0.6310791373252869, 0.05658625811338425, 0.702484667301178, 0.8660452365875244, 0.03606369346380234, 0.20174646377563477, -0.43173688650131226, -0.9861247539520264, 0.4527229368686676, 0.5130925178527832, -0.5756838321685791, -0.4606360197067261, -0.035489827394485474, -0.4036053717136383, -1.051838994026184, 0.39385277032852173, -0.5668553113937378, 0.5046642422676086, -0.08822618424892426, -0.2785366177558899, -1.0927627086639404, 0.6765580177307129, -0.10042186081409454, -0.845478355884552, 0.6062721014022827, 0.6442566514015198, -1.0887413024902344, -1.6721543073654175, -0.522917628288269, 0.33110511302948, -1.0784156322479248, 0.900783121585846, -0.7314468622207642, 1.498682975769043, 0.12893708050251007, 0.5404641628265381, -0.20937228202819824, -2.020212411880493, -0.5639120936393738, -0.44703057408332825, -0.7543877959251404, -0.24066196382045746, 0.7548627853393555, -0.8755662441253662, -0.8832195997238159, 0.30803146958351135, -1.0305676460266113, -2.0284359455108643, -1.6547707319259644, 0.017333930358290672, -0.8272744417190552, -0.9654340744018555, -0.3130848705768585, -0.6492183208465576, -0.26207879185676575, 0.28965020179748535, -0.7968771457672119, -1.0793910026550293, 0.5580582618713379, 0.37557074427604675, 1.3120607137680054, 0.922150731086731, -0.12501923739910126, 2.7490272521972656, -0.5324205160140991, 0.965175986289978, -1.999000072479248, -1.0250071287155151, -0.3650732636451721, -0.9920651316642761, 0.2789210081100464, -0.42932459712028503, 0.8491361141204834, 0.138438880443573, 0.730697751045227, -0.19721347093582153, 0.155251145362854, 0.4444626271724701, 1.2234584093093872, -1.1846383810043335, 1.8759629726409912, -0.7487695217132568, -1.373313307762146, 1.1973819732666016, 0.1490897685289383, -1.162160873413086, -1.4655762910842896, 0.032058048993349075, -0.9092455506324768, -0.5994739532470703, 0.6955723166465759, -0.6698683500289917, 0.8209202885627747, 0.11079441756010056, 0.12185981124639511, 0.18899321556091309]",yunet,Facenet,1920,1080,/home/amos/media/tv/modern_family/Modern.Family.S09.1080p.DSNP.WEB-DL.DDP5.1.H.264-CRFW/Modern.Family.S09E17.Royal.Visit.1080p.DSNP.WEB-DL.DDP5.1.H.264-CRFW.mkv,Modern Family,2009,1442437,9,17,Jesse Tyler Ferguson,204815.0,0.828
825,618,186,906,552,864,312,750,312,0.933,21072,0,"[0.9230813980102539, -0.3426031768321991, -1.0915145874023438, 1.367457628250122, 1.160794973373413, -0.9648751020431519, 1.3866899013519287, 0.07103480398654938, 0.5949373841285706, -0.43061867356300354, -0.7707417011260986, -0.9010258913040161, -0.7506790161132812, 1.1338460445404053, -0.11882689595222473, -0.4073510766029358, -0.7468811273574829, -1.4571589231491089, -0.6759398579597473, -0.15348756313323975, -1.6026463508605957, 1.3972736597061157, -0.3076471984386444, 1.095391035079956, 2.2168221473693848, 1.3302429914474487, 1.2476048469543457, -0.03720682114362717, 1.7896946668624878, -1.3229948282241821, 0.16280561685562134, 1.243252158164978, -1.632485032081604, 1.6070595979690552, -0.2705729901790619, -0.8587651252746582, 0.9732818603515625, -2.9215848445892334, 0.2214495837688446, -1.200486660003662, -0.30838263034820557, -0.016350585967302322, -0.18377184867858887, -1.0360338687896729, 0.4497474431991577, -0.6840948462486267, -1.936165452003479, -0.21805812418460846, -0.3018406331539154, 2.2115230560302734, -0.004231743514537811, -0.33552414178848267, -0.5221444964408875, 0.8619789481163025, -1.0546804666519165, -0.7325946092605591, 0.8253868818283081, -1.1918970346450806, -0.7897104620933533, -0.1084783598780632, -1.359971523284912, -0.9868730306625366, 1.878876805305481, 0.36359184980392456, -1.8268446922302246, 1.7256327867507935, -0.2787625789642334, -0.4576583802700043, -0.2097211480140686, -1.0600578784942627, 0.8650144338607788, -1.3776805400848389, 1.1563646793365479, 0.8245018124580383, 0.47347602248191833, -1.3804023265838623, 0.8961219787597656, 0.7435264587402344, 1.3299342393875122, 0.6785860061645508, -0.9908537268638611, 2.3257861137390137, -0.3368833065032959, -1.9509092569351196, -0.14253228902816772, -0.39233362674713135, -0.5614301562309265, -0.08285340666770935, 1.9888874292373657, 1.4086285829544067, -0.33998292684555054, 0.11377298086881638, -1.1020317077636719, -0.08624187111854553, 1.008786678314209, 0.2886122763156891, -0.820354163646698, 0.8152427673339844, -0.6924125552177429, -0.05544750392436981, -0.10110096633434296, -0.16994163393974304, 0.8520007729530334, 0.16940774023532867, 0.9144824147224426, 0.6092516183853149, 0.949674129486084, 0.12191921472549438, -1.5828593969345093, -1.3452342748641968, 0.9220511317253113, 0.46590298414230347, 1.853684425354004, -1.425093173980713, 2.022465467453003, 0.04844381660223007, 0.7159044742584229, 0.22538256645202637, 0.3864006996154785, -0.20014755427837372, 0.22288163006305695, -0.8983966112136841, 1.244602084159851, 0.06477244198322296, -0.5876871943473816, 1.3065803050994873, 0.3062639534473419, 0.4354301989078522]",yunet,Facenet,1920,1080,/home/amos/media/tv/modern_family/Modern.Family.S09.1080p.DSNP.WEB-DL.DDP5.1.H.264-CRFW/Modern.Family.S09E17.Royal.Visit.1080p.DSNP.WEB-DL.DDP5.1.H.264-CRFW.mkv,Modern Family,2009,1442437,9,17,,,
826,1134,168,1446,600,1272,336,1164,330,0.93,21072,1,"[-1.6140719652175903, -1.2058833837509155, -1.6046196222305298, -0.25927793979644775, 0.1908067911863327, -0.34313222765922546, -0.5984305143356323, 1.0349116325378418, 2.4421730041503906, -1.0021425485610962, 0.711046040058136, -1.6627471446990967, -0.281218945980072, 0.34357473254203796, -0.5834150314331055, 0.7022547721862793, 0.1955302357673645, -1.4444972276687622, -1.487516164779663, -1.189794898033142, 0.4420963227748871, 0.2998199164867401, 1.0743635892868042, -0.5196081399917603, 0.2399754375219345, -0.08385161310434341, 0.33956870436668396, -1.3689801692962646, 1.325543761253357, -0.23294131457805634, -1.5356911420822144, 0.6174157857894897, -0.05185824632644653, 0.6032304763793945, 1.525101661682129, 0.21930193901062012, 0.37759068608283997, 0.6388397812843323, -0.1578427255153656, -0.5675702095031738, -0.124085932970047, 1.1177232265472412, -1.1636197566986084, -0.5119426250457764, -0.6073776483535767, -1.4376083612442017, -0.5666748285293579, 0.7429203987121582, -0.520548403263092, 1.5394818782806396, -0.38517212867736816, 0.7874597311019897, -1.1574537754058838, 0.6032717227935791, -0.918967068195343, -0.5278653502464294, 2.228290319442749, 0.13710656762123108, -2.0149283409118652, -1.4256333112716675, -0.9453031420707703, -0.4136624336242676, -0.9682273864746094, 1.4280766248703003, -0.20787346363067627, 0.6873962879180908, 0.12547437846660614, 1.084928274154663, -0.17338967323303223, -3.5138938426971436, -0.818096935749054, 0.13695088028907776, -1.618231177330017, -0.6024489402770996, 0.8382434248924255, -0.1283426284790039, -0.6002591848373413, -0.6216365098953247, -1.327498197555542, -2.482604503631592, -1.4678548574447632, 0.8345733880996704, -0.6918680667877197, -0.9548344612121582, -0.6135802268981934, -0.9613417387008667, 0.32072487473487854, 0.6114800572395325, -1.4462294578552246, 0.4141424000263214, -0.22547757625579834, -0.22077582776546478, 1.4095768928527832, 0.2731936275959015, -0.0939798504114151, 2.7517335414886475, -0.9475688338279724, 1.0371246337890625, -1.615903615951538, -0.7724847793579102, 0.57511967420578, -0.7338867783546448, -0.9714604616165161, -0.4610028564929962, 1.0048041343688965, 0.5144544839859009, -0.43751734495162964, -0.812368631362915, 0.8736512064933777, -0.4904380142688751, 1.1394131183624268, -0.9753206372261047, 1.5184135437011719, -0.03455082327127457, -0.6869720816612244, 0.11691688001155853, 0.5133100748062134, -1.5704647302627563, -0.6042957305908203, 0.8137833476066589, -0.8400019407272339, -0.19589555263519287, -0.03511101007461548, -0.7479926943778992, 0.7392832040786743, 0.3860568702220917, -0.5346457362174988, 0.037255432456731796]",yunet,Facenet,1920,1080,/home/amos/media/tv/modern_family/Modern.Family.S09.1080p.DSNP.WEB-DL.DDP5.1.H.264-CRFW/Modern.Family.S09E17.Royal.Visit.1080p.DSNP.WEB-DL.DDP5.1.H.264-CRFW.mkv,Modern Family,2009,1442437,9,17,Jesse Tyler Ferguson,204815.0,0.808
827,576,186,876,582,828,318,696,324,0.935,21096,0,"[1.1244356632232666, -0.3709565997123718, -0.6632915735244751, 1.06656014919281, 0.7362514734268188, -0.9575659036636353, 1.780463457107544, -0.24960067868232727, 0.48471322655677795, 0.2670303285121918, -0.7930938601493835, -1.2088258266448975, -0.33008360862731934, 1.0390188694000244, -0.004897892475128174, -0.11901826411485672, -0.7275276184082031, -2.0170094966888428, -0.6982390284538269, -0.5635631084442139, -1.0624908208847046, 1.1755313873291016, -0.164592444896698, 1.6954902410507202, 2.278808355331421, 1.0817643404006958, 1.8726093769073486, 0.10409893095493317, 1.4974724054336548, -1.2304407358169556, 0.042163096368312836, 1.582851529121399, -1.3910354375839233, 1.68826162815094, -0.42095398902893066, -1.2577883005142212, 1.0153621435165405, -2.5040042400360107, 0.6848219633102417, -0.8040212392807007, -0.46245360374450684, -0.22069570422172546, -0.16608092188835144, -1.2364150285720825, -0.30915194749832153, -0.32704785466194153, -1.626868724822998, -0.7116125822067261, -0.416357159614563, 1.8371140956878662, -0.17671549320220947, -0.46641138195991516, -0.4652916491031647, 0.703507661819458, -0.5710288286209106, -0.8714050054550171, 0.8672972917556763, -0.6883925199508667, -0.7430911064147949, -0.4825507402420044, -1.8411461114883423, -1.3984835147857666, 1.5585243701934814, -0.1636042445898056, -1.7381714582443237, 1.1090408563613892, -0.2606307864189148, -0.3194422423839569, -0.5559724569320679, -1.129631757736206, 0.5158582925796509, -1.1160414218902588, 1.603798270225525, 0.4364551305770874, -0.10094918310642242, -1.0073212385177612, 0.6824150085449219, 0.7720242738723755, 1.1920877695083618, 0.48369789123535156, -0.8256812691688538, 2.082205295562744, -0.06665249913930893, -1.9449204206466675, -0.4848216474056244, 0.12526865303516388, -0.39856159687042236, -0.11422592401504517, 1.8500699996948242, 1.4938544034957886, 0.22574260830879211, -0.13534972071647644, -0.9481643438339233, -0.19807222485542297, 1.578398585319519, 0.4511398375034332, -1.0091601610183716, 0.8178609013557434, -0.5020016431808472, -0.3490830659866333, -0.1351698935031891, -0.014054086059331894, 0.7230651378631592, -0.2326790690422058, 0.4792547821998596, 0.17333298921585083, 0.6572065949440002, 0.3534262776374817, -1.224631428718567, -1.3057198524475098, 0.6409190893173218, 0.06046924740076065, 1.8636730909347534, -1.4557433128356934, 1.7218937873840332, -0.03452960401773453, 0.7622346878051758, 0.09398622810840607, 0.4944746196269989, -0.01895401068031788, -0.02909574657678604, -0.8877779245376587, 1.0343842506408691, -0.11563041806221008, -0.4644753336906433, 1.614046335220337, 0.6684536337852478, 0.31579992175102234]",yunet,Facenet,1920,1080,/home/amos/media/tv/modern_family/Modern.Family.S09.1080p.DSNP.WEB-DL.DDP5.1.H.264-CRFW/Modern.Family.S09E17.Royal.Visit.1080p.DSNP.WEB-DL.DDP5.1.H.264-CRFW.mkv,Modern Family,2009,1442437,9,17,Eric Stonestreet,156962.0,0.564
828,612,210,906,606,864,354,738,354,0.931,21120,0,"[1.1658154726028442, -0.18607169389724731, -0.752430260181427, 0.6856071352958679, 0.8637115955352783, -1.1246323585510254, 1.355863094329834, -0.5559132099151611, 1.0822499990463257, 0.22125498950481415, -0.6786928176879883, -1.1873303651809692, -1.0318578481674194, 0.9582091569900513, -0.17044764757156372, -0.32639622688293457, -0.6660336256027222, -1.8562041521072388, -0.8861764669418335, -0.9437956809997559, -0.54985511302948, 0.4907092750072479, 0.3358190953731537, 1.8554824590682983, 2.057347297668457, 0.8550350069999695, 1.3061864376068115, -0.02240195870399475, 1.3750505447387695, -1.188836693763733, 0.03799261152744293, 1.2256985902786255, -1.7639821767807007, 2.3869433403015137, -0.3845599889755249, -0.8694177269935608, 0.652595579624176, -2.5994577407836914, 0.6131423115730286, -0.9327303171157837, -0.23644542694091797, -0.6957353353500366, -0.4191916286945343, -1.287406086921692, -0.45609721541404724, -0.10908067226409912, -1.4997889995574951, -0.49863913655281067, -0.7508746385574341, 1.6961721181869507, -0.44664686918258667, -0.7493091821670532, -0.4358045160770416, 0.7869589924812317, -0.6754581928253174, -0.4471169114112854, 0.6358455419540405, -0.8941231966018677, -0.7140729427337646, -0.3609737455844879, -1.937332272529602, -1.5046875476837158, 1.3884731531143188, 0.02644404023885727, -1.433351993560791, 0.9862765073776245, -0.5549764037132263, -0.4584188759326935, -0.25692400336265564, -1.166264295578003, 0.6459180116653442, -0.8363233804702759, 1.699562668800354, 0.31945472955703735, -0.3260200619697571, -1.2357624769210815, 1.1008884906768799, 0.36508747935295105, 1.0437170267105103, -0.1622854471206665, -1.0795865058898926, 1.5106096267700195, 0.2750493288040161, -2.172769546508789, -0.5973862409591675, -0.2776472866535187, -0.4856029152870178, -0.3801540732383728, 2.2399020195007324, 1.608655333518982, 0.13163216412067413, -0.5066112279891968, -1.0669862031936646, -0.03525920584797859, 2.0150322914123535, 0.11963170766830444, -0.8316133618354797, 1.0327677726745605, -0.6114465594291687, -0.13780617713928223, 0.35323458909988403, 0.325556218624115, 0.6517456769943237, 0.29100969433784485, 0.61655592918396, 0.640581488609314, 0.9175788760185242, 0.025538019835948944, -1.6184687614440918, -1.7700212001800537, 0.9884223341941833, 0.46701914072036743, 1.568924903869629, -1.4080431461334229, 1.876250982284546, -0.0016746148467063904, 0.9968899488449097, 0.17595815658569336, 0.3508493900299072, -0.005651381798088551, -0.1445683389902115, -0.5342550277709961, 1.208750605583191, -0.3607726991176605, -1.0302196741104126, 1.4504005908966064, 0.877745509147644, 0.4899183213710785]",yunet,Facenet,1920,1080,/home/amos/media/tv/modern_family/Modern.Family.S09.1080p.DSNP.WEB-DL.DDP5.1.H.264-CRFW/Modern.Family.S09E17.Royal.Visit.1080p.DSNP.WEB-DL.DDP5.1.H.264-CRFW.mkv,Modern Family,2009,1442437,9,17,Eric Stonestreet,156962.0,0.547
829,624,198,918,612,864,360,726,354,0.937,21144,0,"[0.2807738184928894, 0.6010423898696899, -0.9398687481880188, -0.05753566324710846, 2.654580593109131, -0.888392984867096, 1.27276611328125, -0.6554627418518066, 1.331739068031311, 0.63414067029953, -0.6984827518463135, -0.2611154615879059, -1.619362473487854, 0.2836292088031769, 0.8019548654556274, 0.04881855100393295, -1.796982765197754, -1.513790488243103, -1.6894991397857666, -1.3057540655136108, -1.204612374305725, 0.21331104636192322, -0.13116589188575745, 2.0017268657684326, 0.9578048586845398, 1.365646243095398, 1.1967442035675049, 0.16396915912628174, 0.2748989462852478, -0.42147794365882874, 0.2803153097629547, 0.6479842662811279, -2.269774913787842, 1.675252914428711, -0.588100016117096, -0.8643932938575745, 0.33064940571784973, -2.98356294631958, 0.702181875705719, -0.9865021705627441, -0.3719180226325989, -1.2537239789962769, -0.6917394399642944, -0.03690692409873009, -0.11694501340389252, -0.9564391374588013, -0.8605287075042725, -0.6874268054962158, -0.7915598154067993, 1.3688948154449463, -0.4915066957473755, -0.5402485132217407, -0.4686411917209625, 0.6812942624092102, -0.6637004017829895, -1.5738815069198608, 0.8608165383338928, -1.5880975723266602, -0.8279112577438354, 0.0728541687130928, -1.5690147876739502, -1.5365489721298218, 1.304107427597046, -0.3979780972003937, -1.128456711769104, 1.3533275127410889, -1.2589694261550903, 0.2248556762933731, 0.24232977628707886, -0.9707654714584351, 0.04285774007439613, -0.7116413116455078, 1.3192198276519775, 0.34120744466781616, -0.025081686675548553, -0.5386492013931274, 0.6563758850097656, 0.7492148876190186, 0.8750154376029968, 0.220383420586586, -2.046160936355591, 1.410427451133728, -0.3975014090538025, -1.17923903465271, -1.1416807174682617, -0.019766926765441895, -0.3727162480354309, -0.01857113093137741, 2.4553253650665283, 1.8225373029708862, 0.47477060556411743, -1.382851243019104, -0.7314329743385315, -0.7339378595352173, 1.9816076755523682, 0.37310633063316345, -1.172182559967041, 0.7829474210739136, -0.9370677471160889, -0.16419216990470886, 0.22042234241962433, -0.17275890707969666, -0.44574397802352905, -0.25218790769577026, 0.8035197854042053, -0.11659640818834305, -0.2263345718383789, -0.338972806930542, -0.84758061170578, -0.35719844698905945, 0.6263172626495361, 0.4868283271789551, 1.4190870523452759, -1.4088678359985352, 2.10345721244812, 0.8248831033706665, -0.22304978966712952, -0.1797194480895996, 0.4955003559589386, 0.25709933042526245, -0.3313143253326416, -0.5218518972396851, 1.1076481342315674, -0.21679487824440002, -0.8505944013595581, -0.1514466404914856, 1.1810550689697266, 0.13233275711536407]",yunet,Facenet,1920,1080,/home/amos/media/tv/modern_family/Modern.Family.S09.1080p.DSNP.WEB-DL.DDP5.1.H.264-CRFW/Modern.Family.S09E17.Royal.Visit.1080p.DSNP.WEB-DL.DDP5.1.H.264-CRFW.mkv,Modern Family,2009,1442437,9,17,Eric Stonestreet,156962.0,0.666
830,1104,210,1374,564,1260,348,1158,348,0.927,21168,0,"[-1.5839917659759521, -1.681657314300537, -0.3789716362953186, -0.7177794575691223, -0.34417295455932617, -0.5975664258003235, 0.08412201702594757, 0.24965700507164001, 2.5834808349609375, -0.957351565361023, 0.9866947531700134, -2.0691850185394287, -0.3483201861381531, 0.46782591938972473, -1.3017504215240479, 1.010655164718628, -0.984748125076294, -1.4808588027954102, -1.5665619373321533, -1.214897632598877, 1.3181499242782593, -0.3584277927875519, 1.3072525262832642, -0.04175055772066116, 0.4476402699947357, 0.00640241801738739, 0.8711376190185547, -2.499697685241699, 1.3223494291305542, -0.17658445239067078, -1.686034917831421, 0.5439266562461853, -0.32176536321640015, 1.2019379138946533, 0.7015689015388489, 1.0217334032058716, 0.516093373298645, 0.02691458910703659, -0.46773475408554077, -1.0065319538116455, 0.8665385246276855, 0.6259397268295288, -0.624244213104248, -0.005835875868797302, -0.8198248744010925, -0.4550255835056305, -0.8977174758911133, 0.06871318817138672, -0.6617282629013062, 0.025905031710863113, -0.10661943256855011, -0.3100002408027649, -1.4163613319396973, -0.08557674288749695, -1.241861343383789, -1.0218229293823242, 1.2533767223358154, 0.6938205361366272, -0.6963239312171936, -1.404994010925293, -0.5926530957221985, 0.4254947304725647, -2.139092445373535, 1.4051581621170044, -0.10905575007200241, 1.4634647369384766, 0.36894914507865906, 0.6030712127685547, 0.04107050597667694, -2.0483787059783936, 0.01519553642719984, 0.15268480777740479, -1.0398080348968506, -0.6834431290626526, 0.8971224427223206, 0.1547456681728363, -0.048443105071783066, 0.8166983127593994, -1.463257908821106, -2.1198103427886963, -1.9364619255065918, 0.668235182762146, -0.6908755302429199, -1.4225505590438843, -0.5585101842880249, -1.2531781196594238, -0.13794538378715515, -0.013753265142440796, -1.6405318975448608, -0.19517266750335693, 0.9609941840171814, -0.2913835942745209, 1.131567120552063, 0.4379494786262512, -0.39349690079689026, 2.9306702613830566, -0.5861694812774658, 1.2069722414016724, -1.026897668838501, -0.5863666534423828, -0.41175907850265503, -1.2246384620666504, -0.2929205596446991, -0.4394203722476959, 0.16458404064178467, 0.9436823129653931, 0.48133018612861633, -0.12698256969451904, -0.18696406483650208, 0.15291224420070648, 1.3519524335861206, -1.1369327306747437, 2.047913074493408, -0.8315690159797668, -0.42166078090667725, 1.4762810468673706, 1.3630197048187256, -1.5208011865615845, -2.0710248947143555, 0.6465221047401428, 0.023228611797094345, -0.5094079971313477, 0.4379235506057739, -0.9424088597297668, 0.5399349331855774, -0.5729392766952515, -0.4228755831718445, -0.17540693283081055]",yunet,Facenet,1920,1080,/home/amos/media/tv/modern_family/Modern.Family.S09.1080p.DSNP.WEB-DL.DDP5.1.H.264-CRFW/Modern.Family.S09E17.Royal.Visit.1080p.DSNP.WEB-DL.DDP5.1.H.264-CRFW.mkv,Modern Family,2009,1442437,9,17,Jesse Tyler Ferguson,204815.0,0.837
831,1182,150,1476,540,1338,306,1230,300,0.923,21192,0,"[-0.23134064674377441, -1.308923363685608, -0.9253530502319336, -0.9122598767280579, -0.05484776198863983, 0.06461763381958008, 0.3093297481536865, 0.12341603636741638, 2.1800596714019775, -0.2582378685474396, 0.9830314517021179, -2.1786112785339355, -1.1063235998153687, 0.23522493243217468, -1.4700238704681396, 0.15252619981765747, -0.1620061844587326, -1.6599379777908325, -0.6700003147125244, -1.305898666381836, 1.463557481765747, -0.10080735385417938, 1.5380874872207642, -0.16911134123802185, 0.5307878255844116, 0.8971256613731384, 0.6551657915115356, -2.8592777252197266, 2.279872179031372, -0.3242964446544647, -0.7302786111831665, 1.2558611631393433, -0.0783517062664032, 0.8141725063323975, 1.0710320472717285, 0.4803242087364197, 0.5971078872680664, 0.2697615325450897, 0.026779435575008392, -1.7468674182891846, 0.08346696197986603, 0.8382839560508728, -1.225281834602356, -0.890874981880188, -0.8540136814117432, -0.4518648684024811, -1.2458336353302002, 0.694321870803833, -1.0085796117782593, 1.060720443725586, -0.2312910109758377, -0.12063118815422058, -1.2670810222625732, 0.8118895888328552, -0.7871824502944946, -0.5110763311386108, 1.2743037939071655, 0.33795690536499023, -1.1592261791229248, -1.9574395418167114, -1.4527350664138794, -0.8547329902648926, -0.3651919960975647, 1.3463386297225952, -0.74616938829422, 1.4654419422149658, 0.2010493278503418, 0.5856559872627258, 0.3069744110107422, -1.751394510269165, -0.1460782140493393, -0.008769132196903229, -1.4447494745254517, -0.13284915685653687, 0.10689689218997955, -0.43896523118019104, -0.7156015634536743, -0.3819807767868042, -1.151486873626709, -2.201740026473999, -1.5414390563964844, 0.6344420909881592, -0.6272045969963074, -1.6172736883163452, -0.2724490761756897, -1.107405662536621, -0.36864879727363586, -0.12601207196712494, -0.594292163848877, -0.12616801261901855, -0.11316307634115219, -0.11320618540048599, 0.9786750078201294, 0.8089632391929626, 0.19333791732788086, 2.633397340774536, -0.6775453090667725, 1.1312063932418823, -1.147228717803955, -1.5712212324142456, -0.3584895730018616, -1.0456091165542603, 0.05672406405210495, -0.11729715764522552, 0.28237250447273254, 1.548074722290039, 0.4837295413017273, -0.0480627566576004, 0.3872741758823395, -0.49499112367630005, 0.860495388507843, -0.9186069965362549, 1.5295687913894653, -0.48481982946395874, -0.12409504503011703, 1.030115008354187, 0.8124066591262817, -2.2269442081451416, -1.3709802627563477, 0.2510106563568115, -0.5396963357925415, -0.055729806423187256, 0.7200006246566772, -0.7458409070968628, 0.27206897735595703, 0.4394943416118622, -0.16667138040065765, -0.34493154287338257]",yunet,Facenet,1920,1080,/home/amos/media/tv/modern_family/Modern.Family.S09.1080p.DSNP.WEB-DL.DDP5.1.H.264-CRFW/Modern.Family.S09E17.Royal.Visit.1080p.DSNP.WEB-DL.DDP5.1.H.264-CRFW.mkv,Modern Family,2009,1442437,9,17,Jesse Tyler Ferguson,204815.0,0.847
832,1284,204,1566,576,1428,354,1314,348,0.918,21216,0,"[-0.725555419921875, -1.447906255722046, -1.0554423332214355, -0.3310728669166565, -0.4001563787460327, -0.7375410795211792, 0.6417352557182312, 0.10155196487903595, 2.0229310989379883, 0.014627467840909958, 0.895430862903595, -2.3611767292022705, 0.4340854287147522, 0.5200437307357788, -1.5706968307495117, 0.6568815112113953, -1.1159626245498657, -1.9681689739227295, -1.2154923677444458, -0.9622088670730591, 0.7157609462738037, 0.32343849539756775, 1.0015950202941895, -0.06501330435276031, 0.34228774905204773, 1.1274267435073853, 1.0029271841049194, -1.9778956174850464, 1.4897102117538452, -0.20870183408260345, -0.9261680841445923, 1.4016544818878174, -0.1710273176431656, 0.9563193321228027, 0.6800143122673035, 0.04254439100623131, 0.34182336926460266, 0.1909504532814026, 0.8784980773925781, -1.495185136795044, 0.680762767791748, 1.2241909503936768, -0.8715230226516724, -1.1440703868865967, -0.9890473484992981, -0.9552541375160217, -1.157081127166748, 0.6532435417175293, -0.5353191494941711, 1.057889461517334, -0.28643858432769775, 0.3945198655128479, -1.4153448343276978, 0.7370753884315491, -1.2195515632629395, -1.009112000465393, 1.8323155641555786, 0.3677801191806793, -1.8763246536254883, -1.5229990482330322, -1.2052017450332642, -0.6032961010932922, -1.2742198705673218, 1.5270061492919922, -0.20893701910972595, 0.8857318162918091, 0.40129220485687256, 0.3747428059577942, 0.12267037481069565, -1.5381265878677368, 0.06811463087797165, 0.623835563659668, -1.0274105072021484, -0.03392515704035759, 0.29333066940307617, -0.7282657623291016, -0.5164480209350586, -0.1468420922756195, -0.5901762247085571, -2.1079506874084473, -1.1895641088485718, 0.32408031821250916, 0.3120695650577545, -1.487588882446289, -0.36205098032951355, -0.8491510152816772, -0.3555935025215149, 0.1663767248392105, -1.1284602880477905, -0.25228437781333923, 0.24534156918525696, -0.14006535708904266, 1.000677466392517, 1.169769048690796, 0.7024796009063721, 2.7283642292022705, -0.945736825466156, 1.8793329000473022, -1.6745738983154297, -2.3667285442352295, 0.3276750445365906, -0.8292900323867798, -0.5741981863975525, -0.6421096920967102, 0.1432930827140808, 1.7582447528839111, 0.49780362844467163, -0.5082173347473145, -0.3132922947406769, -0.2713031768798828, 1.1143921613693237, -0.35071074962615967, 1.40056312084198, -0.38476601243019104, -0.03923986852169037, 1.2087572813034058, 0.7557878494262695, -2.4504659175872803, -1.589128017425537, 0.6132832765579224, -0.24581821262836456, -0.2507164478302002, 0.7344640493392944, -0.7258394956588745, 0.37708228826522827, -0.24546074867248535, -0.0502886027097702, 0.016342643648386]",yunet,Facenet,1920,1080,/home/amos/media/tv/modern_family/Modern.Family.S09.1080p.DSNP.WEB-DL.DDP5.1.H.264-CRFW/Modern.Family.S09E17.Royal.Visit.1080p.DSNP.WEB-DL.DDP5.1.H.264-CRFW.mkv,Modern Family,2009,1442437,9,17,Jesse Tyler Ferguson,204815.0,0.813
833,1218,180,1500,552,1380,324,1254,312,0.93,21240,0,"[-0.8932573795318604, -1.7788865566253662, -0.9815400242805481, -0.660419762134552, -0.03413998335599899, -0.49365001916885376, 0.07504744827747345, 0.43661490082740784, 2.885545015335083, -0.9954467415809631, 0.5030778646469116, -1.8942359685897827, -0.19359876215457916, 0.4054839611053467, -1.3579665422439575, 0.5763155817985535, -0.07066771388053894, -1.1886054277420044, -0.7954925894737244, -1.026827335357666, 1.234518051147461, 0.44852396845817566, 1.1301072835922241, -0.25004762411117554, 0.011527858674526215, 0.7491903901100159, 0.5304017066955566, -2.202279567718506, 1.922681450843811, -0.2121909260749817, -1.728259563446045, 1.2270491123199463, -0.23326779901981354, 0.9752840995788574, 1.1914310455322266, 0.587996780872345, 0.1727326512336731, 0.23171380162239075, -0.09650211036205292, -1.8930059671401978, 0.3647700250148773, 0.7442305684089661, -1.568198800086975, -1.1689425706863403, -0.9834778904914856, -1.2173006534576416, -0.8647930026054382, 0.43949878215789795, -1.112349510192871, 1.3830468654632568, -0.054820314049720764, 0.319614976644516, -1.530213475227356, 0.2230292111635208, -0.5785017013549805, -0.5512791872024536, 1.5512843132019043, 0.5659490823745728, -1.6132726669311523, -1.5200879573822021, -1.4903897047042847, -1.0700585842132568, -0.6040011644363403, 1.5699068307876587, -0.14764267206192017, 1.2083327770233154, 0.7618528008460999, 0.5717358589172363, 0.01140575110912323, -2.1054372787475586, 0.28773948550224304, 0.20377913117408752, -1.2369340658187866, -0.025465287268161774, 0.22838522493839264, -0.8312981724739075, -0.87675940990448, -0.9078930020332336, -1.2418394088745117, -2.716249942779541, -1.7178001403808594, 0.4357418417930603, -0.1622360348701477, -1.1803616285324097, -0.6170085072517395, -1.1574527025222778, 0.16780418157577515, -0.2578582167625427, -0.8614840507507324, -0.403290331363678, -0.1123235747218132, -0.06806918233633041, 0.6230815649032593, 0.5830932855606079, -0.06346970796585083, 2.3087329864501953, -0.7379631996154785, 1.2703232765197754, -1.4073173999786377, -1.3897724151611328, 0.31033873558044434, -0.42146265506744385, -0.5627462267875671, -0.30138862133026123, 0.3799068033695221, 1.517967700958252, 0.445742666721344, -1.14584481716156, 0.4608845114707947, -0.3515140414237976, 1.0412731170654297, -0.4630175828933716, 1.85862398147583, -0.10985901951789856, 0.07377149909734726, 0.2782663404941559, 1.0825356245040894, -1.9576599597930908, -1.4340956211090088, 0.48107364773750305, -0.712813138961792, 0.530706524848938, 0.7260799407958984, -0.9782704710960388, 0.14101839065551758, 0.9527119994163513, -0.14462688565254211, -0.2788597047328949]",yunet,Facenet,1920,1080,/home/amos/media/tv/modern_family/Modern.Family.S09.1080p.DSNP.WEB-DL.DDP5.1.H.264-CRFW/Modern.Family.S09E17.Royal.Visit.1080p.DSNP.WEB-DL.DDP5.1.H.264-CRFW.mkv,Modern Family,2009,1442437,9,17,Jesse Tyler Ferguson,204815.0,0.845
834,1140,162,1422,528,1302,294,1176,294,0.927,21264,0,"[-0.849441647529602, -1.4889328479766846, -1.0650787353515625, -0.3322528898715973, -0.014790832996368408, -0.34404268860816956, 0.24165372550487518, 0.9806721806526184, 3.0863325595855713, -0.22638586163520813, 0.9649838805198669, -2.059291124343872, -0.10327444970607758, 0.44132158160209656, -1.910447120666504, 0.2832956910133362, -0.5410703420639038, -1.3019983768463135, -0.8855568766593933, -0.5305793285369873, 1.2186760902404785, 0.31030964851379395, 0.9155996441841125, -0.6749088764190674, 0.07970218360424042, 0.7616400122642517, 0.7228683233261108, -2.1422061920166016, 1.573723316192627, -0.3408823311328888, -1.6016908884048462, 1.03936767578125, -0.3509269952774048, 0.3705237805843353, 0.9071754217147827, -0.14319345355033875, 0.23798298835754395, 0.16102126240730286, 0.3242836594581604, -2.0256497859954834, -0.08677008748054504, 1.0598775148391724, -1.0980206727981567, -1.0420125722885132, -0.8677193522453308, -1.216292142868042, -0.9336680769920349, 0.5561326742172241, -0.6869570016860962, 1.2522163391113281, -0.30362027883529663, 0.8529946804046631, -1.8443284034729004, 0.27536284923553467, -1.0117876529693604, -1.32218337059021, 1.8043437004089355, 0.8823296427726746, -1.6253092288970947, -1.6613457202911377, -1.1038867235183716, -0.42136281728744507, -0.1401853859424591, 1.640249252319336, -0.20894482731819153, 1.6013528108596802, 0.19732807576656342, 0.9075065851211548, 0.3317391574382782, -2.0794217586517334, -0.17545455694198608, -0.21597838401794434, -1.515431523323059, -0.006192639470100403, 0.1590755134820938, -0.5717260837554932, -0.6065583229064941, -0.6243492364883423, -0.7951451539993286, -2.1995351314544678, -1.367749571800232, 0.032764580100774765, 0.07497944682836533, -1.135995864868164, -0.7878095507621765, -0.9937046766281128, -0.2977748513221741, -0.1345101147890091, -1.352828025817871, -0.4325660765171051, 0.10743168741464615, -0.1658366173505783, 0.8939473628997803, 1.040064811706543, -0.2758929431438446, 2.5462512969970703, -1.1654449701309204, 1.3753026723861694, -1.9329402446746826, -1.7546885013580322, -0.08781296014785767, -0.35675016045570374, -0.1404579132795334, -0.4922665059566498, 0.12091407924890518, 1.7327799797058105, 0.16253794729709625, -1.0305616855621338, -0.19293715059757233, 0.2036506086587906, 1.5857505798339844, -0.7831800580024719, 1.537672758102417, 0.02041940949857235, -0.030399149283766747, 1.045181393623352, 0.32870128750801086, -2.25378680229187, -1.3553863763809204, 0.6687448024749756, -1.0669678449630737, 0.5550523996353149, 0.10525951534509659, -0.44028645753860474, 0.22728455066680908, 0.09972801059484482, -0.06159478425979614, -0.3666747212409973]",yunet,Facenet,1920,1080,/home/amos/media/tv/modern_family/Modern.Family.S09.1080p.DSNP.WEB-DL.DDP5.1.H.264-CRFW/Modern.Family.S09E17.Royal.Visit.1080p.DSNP.WEB-DL.DDP5.1.H.264-CRFW.mkv,Modern Family,2009,1442437,9,17,Jesse Tyler Ferguson,204815.0,0.841
835,1116,180,1392,540,1266,312,1152,312,0.933,21288,0,"[-0.8223700523376465, -1.9027700424194336, -0.6430603861808777, -0.6200147271156311, 0.15993480384349823, -0.5226233005523682, 0.008785095065832138, 0.958106279373169, 2.984809160232544, -0.32723525166511536, 0.36344462633132935, -1.7955437898635864, -0.4570799469947815, 0.3091800808906555, -1.4637054204940796, 0.8122978210449219, -0.7013299465179443, -1.343658208847046, -0.40047624707221985, -0.5528885126113892, 1.2781552076339722, 0.708345890045166, 0.9189381003379822, -0.09945418685674667, 0.07043489813804626, 0.5629366040229797, 1.0961110591888428, -2.264352798461914, 1.8964388370513916, -0.589521586894989, -1.5286810398101807, 1.119368553161621, 0.2909676432609558, 0.0883885994553566, 0.5859482884407043, 0.06054256483912468, 0.754330575466156, 0.10250888764858246, 0.1570393294095993, -1.9570825099945068, -0.28041741251945496, 0.502901554107666, -1.6583914756774902, -1.5110355615615845, -0.8901010155677795, -0.927087664604187, -1.7787758111953735, 0.6021391153335571, -0.6518628001213074, 0.8465027809143066, 0.28576305508613586, 0.3978005349636078, -1.7825618982315063, 0.3910282850265503, -0.6574388146400452, -1.1285063028335571, 1.4966379404067993, 0.8076475262641907, -1.7916871309280396, -1.4573967456817627, -1.4742093086242676, -0.5831454396247864, -0.8208393454551697, 1.3841980695724487, -0.2866261303424835, 1.614917516708374, 1.1991915702819824, 1.024834156036377, -0.15185020864009857, -1.6139558553695679, -0.051053743809461594, -0.01460312306880951, -1.4481303691864014, 0.3052597641944885, 0.11196334660053253, -0.7910605072975159, -0.9592025279998779, -0.42415985465049744, -1.307767629623413, -1.984818935394287, -2.0879898071289062, 0.41009750962257385, 0.032676443457603455, -1.2845789194107056, -1.1195507049560547, -1.198707938194275, -0.12798351049423218, -0.19353775680065155, -1.2934290170669556, -0.832911491394043, 0.32365337014198303, -0.23967349529266357, 0.8116610646247864, 0.6047427654266357, -0.3110257387161255, 1.598800539970398, -0.88499516248703, 1.6088416576385498, -1.1460211277008057, -1.4096851348876953, -0.174310564994812, -0.6692460775375366, -0.39423704147338867, -0.4278936982154846, 0.17738425731658936, 1.3924046754837036, 0.30245116353034973, -1.3394337892532349, 0.22995427250862122, 0.5017274022102356, 0.7841411232948303, -1.112642526626587, 1.8643971681594849, -0.8356817960739136, 0.08393535763025284, 0.9531177282333374, 0.9332760572433472, -1.7441880702972412, -1.6188759803771973, 0.558037519454956, -0.9496650695800781, 0.49709537625312805, 0.3202238082885742, -0.3474806845188141, 0.8592225313186646, 0.48360946774482727, -0.4310818910598755, 0.2704105079174042]",yunet,Facenet,1920,1080,/home/amos/media/tv/modern_family/Modern.Family.S09.1080p.DSNP.WEB-DL.DDP5.1.H.264-CRFW/Modern.Family.S09E17.Royal.Visit.1080p.DSNP.WEB-DL.DDP5.1.H.264-CRFW.mkv,Modern Family,2009,1442437,9,17,Jesse Tyler Ferguson,204815.0,0.82
836,1122,186,1410,564,1302,324,1164,318,0.931,21312,0,"[-1.1720561981201172, -1.5477839708328247, -1.1670798063278198, -0.34845778346061707, 0.10263597965240479, 0.05681830644607544, -0.21439285576343536, 1.254259705543518, 2.8798272609710693, -0.35446470975875854, 0.6173465251922607, -2.514610528945923, -0.9296814799308777, 0.49578383564949036, -1.592265248298645, 0.23238058388233185, -0.13245923817157745, -1.0292173624038696, -1.0121662616729736, -0.5925809144973755, 1.1966654062271118, 0.25873422622680664, 1.9652125835418701, -0.12384658306837082, -0.12696169316768646, 0.8445974588394165, 0.4232575595378876, -2.544523239135742, 2.119514226913452, -0.37636274099349976, -1.139583706855774, 0.5548095107078552, -0.08024488389492035, 0.0635252371430397, 0.9488634467124939, 0.665601909160614, 0.5078229904174805, 0.8064283132553101, 0.16523973643779755, -1.8992078304290771, -0.025327427312731743, 0.47970783710479736, -1.2671091556549072, -1.3907464742660522, -0.34380486607551575, -0.3596036434173584, -1.03217613697052, 0.2801494896411896, -1.1214362382888794, 0.9583414793014526, -0.09991444647312164, 0.6997097730636597, -1.32619309425354, 0.6209675073623657, -1.2875993251800537, -0.7489310503005981, 0.7586977481842041, 0.49602168798446655, -1.2138177156448364, -1.8019200563430786, -0.93624347448349, -0.24552874267101288, -0.49422529339790344, 1.4804679155349731, -0.66761714220047, 1.449501395225525, 0.6351104378700256, 0.9755851626396179, 0.4733532667160034, -1.9514681100845337, -0.34940022230148315, 0.20114988088607788, -1.1055119037628174, -0.5214778780937195, 0.2311517745256424, -0.34013471007347107, -0.9793685674667358, -0.5939656496047974, -1.159594178199768, -2.2816178798675537, -1.6682790517807007, 0.5119960308074951, -0.35654371976852417, -1.277956247329712, -1.168609380722046, -0.7754323482513428, -0.2292962372303009, -0.034605178982019424, -1.0245485305786133, -0.5799411535263062, 0.439616858959198, -0.05492807924747467, 0.6841283440589905, 1.150110125541687, -0.5637829899787903, 2.227576971054077, -0.6083112955093384, 1.155835509300232, -1.3402838706970215, -1.0578473806381226, -0.2617027163505554, -0.10271886736154556, -0.003898210823535919, -0.008456092327833176, 0.31518593430519104, 1.438315510749817, 0.3314148187637329, -0.7843196392059326, 0.27550506591796875, 0.41168269515037537, 0.8663659691810608, -0.6819755434989929, 1.574304461479187, -0.2881731688976288, -0.4323062002658844, 0.8621814250946045, 0.17655839025974274, -2.2447712421417236, -1.8584628105163574, -0.03477068990468979, -1.1449404954910278, 0.5615321397781372, 0.2422453612089157, -0.7727279663085938, 0.01311570405960083, 0.11881417781114578, 0.21777617931365967, -0.38179314136505127]",yunet,Facenet,1920,1080,/home/amos/media/tv/modern_family/Modern.Family.S09.1080p.DSNP.WEB-DL.DDP5.1.H.264-CRFW/Modern.Family.S09E17.Royal.Visit.1080p.DSNP.WEB-DL.DDP5.1.H.264-CRFW.mkv,Modern Family,2009,1442437,9,17,Jesse Tyler Ferguson,204815.0,0.838
837,1074,234,1368,624,1278,384,1140,390,0.931,21336,0,"[-1.705348014831543, -1.6025084257125854, -0.3050738275051117, -0.4005422294139862, -0.48358801007270813, -1.0098642110824585, 0.02410205826163292, -0.31425800919532776, 2.3503942489624023, -0.5790769457817078, 1.6547529697418213, -1.6756541728973389, 0.19044111669063568, -0.6052886247634888, -1.2683145999908447, 1.1172294616699219, 0.6366268396377563, -0.7881466150283813, -1.6024893522262573, -0.23166216909885406, 2.0687248706817627, -0.6606915593147278, 1.1326545476913452, -0.27775999903678894, 0.22363506257534027, 0.7899957299232483, 1.0214848518371582, -1.780669093132019, 1.4518381357192993, -0.7186190485954285, -1.544154405593872, 1.1390888690948486, -0.27931302785873413, 1.0767089128494263, 0.8946412205696106, 0.18606425821781158, 0.7281381487846375, -0.1370898187160492, -0.17826440930366516, -1.4488680362701416, -0.1059812605381012, 0.7091809511184692, -0.6757713556289673, 0.11793605983257294, -1.277245283126831, -0.6660069823265076, -0.8736394643783569, -0.44123849272727966, -0.40508729219436646, 0.6300680637359619, 0.10846064984798431, -0.42179256677627563, -1.669964075088501, 0.19857029616832733, -0.13576854765415192, -0.679275631904602, 1.6468816995620728, 0.5927336812019348, -0.9858626127243042, -1.3141744136810303, -0.9386758804321289, 0.09657353162765503, -0.8257246613502502, 1.4996026754379272, -0.3105240762233734, 1.378009557723999, 0.2940237820148468, 0.15723247826099396, 0.15116751194000244, -1.8653404712677002, -0.5651149749755859, -0.29186832904815674, -0.9685777425765991, -1.21531343460083, 1.4907736778259277, -0.06189263239502907, -0.6255408525466919, -0.31370413303375244, -1.289082407951355, -2.48926043510437, -1.447194218635559, 0.23460771143436432, -0.9417901635169983, -1.497612476348877, -0.6126285195350647, -0.09203875064849854, -1.1116628646850586, 0.08107486367225647, -1.5046820640563965, -0.318503201007843, 0.6458450555801392, -0.41641512513160706, 0.8416226506233215, 0.10820633918046951, 0.3184281885623932, 2.360074281692505, -0.43099844455718994, 0.5402685403823853, -1.281644344329834, -1.6802080869674683, 0.35682910680770874, -0.3883422315120697, -0.22244155406951904, -0.4475863575935364, 0.6889356374740601, 1.039853811264038, 0.5156450867652893, -0.7887201309204102, -0.10938710719347, -0.18617300689220428, 1.154249906539917, -0.45259296894073486, 1.7146602869033813, -0.35347673296928406, -0.5784876346588135, 0.6907082796096802, 0.27622443437576294, -1.7042769193649292, -1.459958791732788, 0.8212065100669861, -0.3577072024345398, -0.7804373502731323, 1.094845175743103, -1.5115928649902344, 0.22385510802268982, -0.23256465792655945, 0.5824451446533203, 0.16554291546344757]",yunet,Facenet,1920,1080,/home/amos/media/tv/modern_family/Modern.Family.S09.1080p.DSNP.WEB-DL.DDP5.1.H.264-CRFW/Modern.Family.S09E17.Royal.Visit.1080p.DSNP.WEB-DL.DDP5.1.H.264-CRFW.mkv,Modern Family,2009,1442437,9,17,Jesse Tyler Ferguson,204815.0,0.826
838,1164,162,1452,528,1320,300,1200,294,0.921,21360,0,"[-0.45182016491889954, -1.3647733926773071, -0.6747736930847168, -0.1728249192237854, 0.3433222472667694, -0.408814936876297, 0.08834408223628998, 0.9063171744346619, 2.699739933013916, -0.20120364427566528, 0.45966190099716187, -1.8292304277420044, -1.0966999530792236, 0.0482570081949234, -1.4950463771820068, 0.6942343711853027, -0.14150698482990265, -1.455100178718567, -0.7808979749679565, -0.3403159976005554, 1.3881051540374756, 0.2501685917377472, 1.3969429731369019, -0.22344335913658142, 0.09828729927539825, 1.0674484968185425, 1.295769453048706, -2.25703763961792, 2.012984037399292, -0.1385442465543747, -1.416661024093628, 1.0784080028533936, -0.31503134965896606, -0.24523597955703735, 0.9248870611190796, -0.07630050182342529, 0.5548278093338013, 0.16729314625263214, -0.26456788182258606, -1.1784054040908813, -0.7101436257362366, 0.8348414897918701, -1.5625134706497192, -1.0706002712249756, -0.6034013628959656, -0.3573972284793854, -1.215254545211792, 0.635857343673706, -1.0783249139785767, 1.1398320198059082, -0.1027391254901886, 0.5615552663803101, -0.8877883553504944, 0.5667611360549927, -0.34367018938064575, -1.3567997217178345, 2.082646369934082, 0.9802725315093994, -1.5815321207046509, -1.4877055883407593, -1.1837745904922485, -0.527739942073822, -0.07540622353553772, 1.5145007371902466, -0.932103157043457, 1.9149810075759888, 1.1177986860275269, 1.0373848676681519, 0.3083498179912567, -1.8171007633209229, -0.28359028697013855, -0.22027994692325592, -1.3552478551864624, 0.29972100257873535, 0.12617634236812592, -0.22071459889411926, -1.1224228143692017, 0.04762088507413864, -1.1271049976348877, -2.337162733078003, -1.9912807941436768, 0.3902167081832886, -0.28679147362709045, -1.641263484954834, -1.0193952322006226, -0.9958069324493408, -0.4130413830280304, -0.4884534478187561, -0.8460774421691895, -0.5237806439399719, 0.12446073442697525, -0.2716313600540161, 1.0260801315307617, 0.6705843806266785, -0.14607438445091248, 2.1267971992492676, -0.7627412676811218, 1.2536312341690063, -1.611236810684204, -1.438967227935791, -0.2361755222082138, -0.578677237033844, -0.31595152616500854, -0.3571999967098236, 0.6611150503158569, 0.8335285186767578, -0.21799810230731964, -0.4802335798740387, 0.42152565717697144, 0.5615780353546143, 0.6292648315429688, -0.8380937576293945, 2.039583683013916, -0.49729859828948975, -0.6113384962081909, 1.1965936422348022, -0.2685129940509796, -2.0741524696350098, -1.1542153358459473, 0.025765877217054367, -0.7366854548454285, -0.055984675884246826, -0.39684629440307617, -1.1991138458251953, 0.9171716570854187, 0.2631102204322815, -0.1749192476272583, -0.5439478754997253]",yunet,Facenet,1920,1080,/home/amos/media/tv/modern_family/Modern.Family.S09.1080p.DSNP.WEB-DL.DDP5.1.H.264-CRFW/Modern.Family.S09E17.Royal.Visit.1080p.DSNP.WEB-DL.DDP5.1.H.264-CRFW.mkv,Modern Family,2009,1442437,9,17,Jesse Tyler Ferguson,204815.0,0.819
839,666,192,960,582,876,348,738,342,0.938,21384,0,"[-0.13434919714927673, -0.22429056465625763, 0.025046521797776222, -0.18103423714637756, 2.0770387649536133, -1.4741826057434082, 1.486810564994812, -0.9982919096946716, 1.0192487239837646, -0.1869320422410965, -0.4347495436668396, -0.131572887301445, -1.4036747217178345, 0.3912966549396515, -0.22974660992622375, 0.830456554889679, -1.2566003799438477, -0.95295649766922, -0.8046767711639404, -0.33876991271972656, -0.960495114326477, 1.0672911405563354, -0.2648504972457886, 1.4202884435653687, 0.6026533246040344, 1.3442622423171997, 0.8728431463241577, -0.9131234884262085, 0.9611205458641052, -0.03008105978369713, 0.2834021747112274, 1.0123999118804932, -1.84271240234375, 1.8487313985824585, -0.7584909796714783, -0.6319078207015991, 0.9891395568847656, -2.3067715167999268, 0.7505781054496765, -2.0332601070404053, -0.4566194713115692, -1.0178873538970947, -1.1507291793823242, -0.045119114220142365, -0.07206124067306519, -0.5489702224731445, -1.221627950668335, -0.741003155708313, -1.5830605030059814, 2.8912301063537598, -0.2365027815103531, -0.21765512228012085, 0.045989133417606354, 0.3425227999687195, -0.9370301365852356, -1.5439614057540894, -0.37984076142311096, -0.8890698552131653, -0.26310205459594727, 0.6865520477294922, -1.1077656745910645, -1.533383846282959, 0.6023217439651489, 0.0866163969039917, -1.189164638519287, 0.9508050680160522, -0.46718448400497437, -0.7726004123687744, 0.14998918771743774, -0.8580821752548218, 0.38100576400756836, -2.0633180141448975, 0.8628848195075989, -0.03481438755989075, 0.5313684344291687, -0.9917293190956116, 0.24447888135910034, 0.5096556544303894, 1.0062968730926514, -0.7259595990180969, -1.4781008958816528, 0.9989773035049438, -1.0683753490447998, -0.9714953303337097, -1.0696901082992554, 0.13931673765182495, -0.09502417594194412, -0.1495610475540161, 1.6527529954910278, 0.7270699143409729, -0.464753657579422, -0.4349818825721741, -1.1463053226470947, -1.4734426736831665, 2.1182100772857666, 0.1659681499004364, -0.9572297930717468, -0.21493789553642273, -0.7454041242599487, -0.41226211190223694, 0.03158872574567795, 0.7423181533813477, -0.22713729739189148, -0.893743097782135, 0.39172229170799255, 0.3204505443572998, 0.83564293384552, -0.6460694074630737, -1.366199016571045, -1.412687063217163, 0.6135116219520569, 0.6708505749702454, 2.079103469848633, -1.3810105323791504, 1.8419668674468994, 0.4726157486438751, 0.07495484501123428, -0.09670622646808624, -1.380173921585083, 0.960369348526001, -0.7342715859413147, -1.2367254495620728, 1.556821346282959, -0.3397022783756256, -0.7298182845115662, 0.5140562057495117, 1.204754114151001, 0.6867291927337646]",yunet,Facenet,1920,1080,/home/amos/media/tv/modern_family/Modern.Family.S09.1080p.DSNP.WEB-DL.DDP5.1.H.264-CRFW/Modern.Family.S09E17.Royal.Visit.1080p.DSNP.WEB-DL.DDP5.1.H.264-CRFW.mkv,Modern Family,2009,1442437,9,17,Eric Stonestreet,156962.0,0.53
840,1134,240,1464,666,1428,420,1332,414,0.923,21408,0,"[-1.1978687047958374, -1.5315724611282349, -1.131906270980835, -0.2436206042766571, 0.48010650277137756, -0.8152097463607788, -0.3892103433609009, 0.7040953040122986, 2.3199727535247803, -0.25693175196647644, 0.5679858922958374, -1.7779666185379028, -0.3236057758331299, -0.1271073967218399, -1.0471563339233398, 1.6698609590530396, 0.5159993171691895, -1.0055617094039917, -0.76328045129776, -0.3638782799243927, 0.5333656072616577, 0.44712647795677185, 0.7164657711982727, -0.9346227645874023, 0.5534393191337585, 0.7314685583114624, 0.05507422238588333, -0.2750093936920166, 1.6355894804000854, -0.03831973671913147, -1.303046703338623, 0.42823994159698486, -0.7335147857666016, 0.5569355487823486, 0.5189288258552551, -0.10716366767883301, 0.5648102760314941, 0.312853068113327, -0.7415428161621094, -1.4179637432098389, -1.0516061782836914, 1.3731772899627686, -0.723488450050354, 0.30581411719322205, 0.19335047900676727, -1.5753207206726074, -1.4124292135238647, 0.5262508392333984, 0.323137104511261, 0.9521722793579102, 0.49692124128341675, 0.7133222818374634, -2.615874767303467, 0.4638553857803345, -1.3832619190216064, -1.2412203550338745, 2.0672223567962646, 0.5112627148628235, -2.0879602432250977, 0.2414638102054596, -0.40253719687461853, 0.5217684507369995, -0.08113656938076019, 2.0666770935058594, -0.6845546364784241, 1.5603240728378296, 0.37851640582084656, 0.5739589333534241, 0.8971378207206726, -2.73441219329834, -0.6340076327323914, -0.49077308177948, -1.6211012601852417, -0.6564015746116638, 2.008690357208252, 0.3767406940460205, -1.1287263631820679, -0.3329290449619293, -0.44236788153648376, -1.702584981918335, -1.6634271144866943, 1.7938311100006104, -0.3289397954940796, -1.475305199623108, -2.4308016300201416, -1.1073628664016724, -0.7111010551452637, 0.09862557053565979, -1.2160571813583374, -0.1683291643857956, 0.22961005568504333, -0.44624385237693787, 1.0433822870254517, 0.5522021651268005, 0.1735955774784088, 2.0106825828552246, -1.898937702178955, 0.6522323489189148, -1.5052201747894287, -0.33166420459747314, 1.18193519115448, -0.5505383014678955, -1.3101105690002441, -0.5927703380584717, 0.949422299861908, 0.4339531660079956, -0.7704586982727051, -1.368979811668396, -0.364557147026062, -0.5339809656143188, 0.7655174136161804, -0.8975982666015625, 1.2444294691085815, -0.004580171778798103, 0.15643170475959778, 0.4446186125278473, 0.31926631927490234, -1.7647850513458252, -1.8532228469848633, 1.0292646884918213, 0.18038029968738556, -0.06743814051151276, -0.044898614287376404, -0.7169565558433533, 0.38552922010421753, -0.4459984600543976, 0.05643755942583084, -0.8458079099655151]",yunet,Facenet,1920,1080,/home/amos/media/tv/modern_family/Modern.Family.S09.1080p.DSNP.WEB-DL.DDP5.1.H.264-CRFW/Modern.Family.S09E17.Royal.Visit.1080p.DSNP.WEB-DL.DDP5.1.H.264-CRFW.mkv,Modern Family,2009,1442437,9,17,Jesse Tyler Ferguson,204815.0,0.727
841,1230,318,1590,774,1458,498,1296,492,0.916,21432,0,"[-1.5594158172607422, -1.0207282304763794, -1.0800330638885498, -1.003287434577942, 1.7857576608657837, -1.0090579986572266, -0.31560882925987244, 1.1893388032913208, 2.339979410171509, -1.2478224039077759, 2.0114388465881348, -0.7465955018997192, 0.2523670196533203, 0.2705424427986145, -1.1017855405807495, 1.518837332725525, 0.024946428835392, -1.3302197456359863, -1.8304013013839722, -0.5079448223114014, 0.24764293432235718, 1.0275365114212036, -0.6301710605621338, -0.1272144317626953, -0.16015972197055817, 0.6530412435531616, 0.6392017602920532, -0.12352731823921204, 1.230507254600525, 0.07327067852020264, -0.5342471599578857, 1.6828334331512451, -0.28782570362091064, 0.8625144958496094, 0.4782559871673584, 0.5024101138114929, 0.09220407158136368, -1.7870969772338867, -0.43463462591171265, -0.45756885409355164, -0.2886893153190613, -0.38379162549972534, -1.6272954940795898, -0.4146147072315216, -1.2773780822753906, -2.291748523712158, -0.29783186316490173, -0.38584569096565247, -0.21720156073570251, 1.9683924913406372, -1.2292189598083496, 0.9114882946014404, -1.3752801418304443, 0.7554255723953247, -0.7439291477203369, -1.126960277557373, 2.343914270401001, -0.7098079919815063, -1.5115396976470947, -0.3653474748134613, -2.2249886989593506, -1.1122748851776123, 0.6796308159828186, 1.8396437168121338, 1.0104573965072632, 0.6411017775535583, 0.5537779927253723, 1.5923676490783691, 0.45781195163726807, -2.3108932971954346, -0.8789713978767395, -0.014238372445106506, -1.6996487379074097, 0.4791069030761719, 1.0776488780975342, -0.2681151330471039, -0.18545642495155334, -1.245544672012329, -0.8392338752746582, -1.4266587495803833, -1.608106255531311, 0.8629729747772217, -0.21403342485427856, -1.496945858001709, 0.3876001536846161, -0.24541296064853668, -1.8185603618621826, 1.2480157613754272, -0.8406128883361816, 1.4442787170410156, 0.18225876986980438, -0.9305211305618286, 0.26636216044425964, -1.449427843093872, 0.5460125207901001, 2.383273124694824, -1.6863676309585571, 1.1235263347625732, -0.7586759924888611, -1.3836748600006104, 0.2518218755722046, -0.4883476495742798, -0.930281400680542, -0.8077824115753174, 0.09112576395273209, 1.7146759033203125, 0.2052556276321411, -0.4358220398426056, 0.6138155460357666, -1.268307089805603, 1.2517211437225342, 0.23104539513587952, 1.6976512670516968, -0.5220891833305359, 2.115499258041382, -0.2851420044898987, 1.867207407951355, -1.7622395753860474, 0.5487116575241089, 0.9640536904335022, 0.4291120767593384, 0.021132713183760643, 0.8982146978378296, -1.853805661201477, 0.6676188707351685, -0.47191351652145386, -0.32449978590011597, 0.9478843808174133]",yunet,Facenet,1920,1080,/home/amos/media/tv/modern_family/Modern.Family.S09.1080p.DSNP.WEB-DL.DDP5.1.H.264-CRFW/Modern.Family.S09E17.Royal.Visit.1080p.DSNP.WEB-DL.DDP5.1.H.264-CRFW.mkv,Modern Family,2009,1442437,9,17,Jesse Tyler Ferguson,204815.0,0.618
842,1122,156,1446,582,1296,324,1152,318,0.934,21456,0,"[-0.8744937181472778, -1.8552680015563965, -1.52293062210083, 0.0826888158917427, 0.08155239373445511, -0.1968691051006317, -0.363844096660614, 1.11543607711792, 2.3429949283599854, 0.11358180642127991, 0.7023578882217407, -1.8200275897979736, -0.39590930938720703, 0.10069455206394196, -1.204687237739563, 0.4717845320701599, -0.3330208659172058, -1.5455868244171143, -1.2074226140975952, 0.15228497982025146, 1.2609171867370605, 0.15768568217754364, 1.191590666770935, -0.5309960842132568, 0.5888402462005615, 0.999613344669342, 1.724980115890503, -2.0493345260620117, 1.8098840713500977, -0.6075267791748047, -1.4846261739730835, 1.6672260761260986, 0.042203571647405624, -0.3381984829902649, 0.664949893951416, -0.015740403905510902, 0.7023585438728333, 0.22365981340408325, -0.4789215326309204, -1.5083067417144775, -0.09053745120763779, 0.8362014889717102, -0.9755784273147583, -0.4087548553943634, -0.13449645042419434, -0.9468829035758972, -1.487621784210205, 0.6638083457946777, -0.122029148042202, 0.761397123336792, 0.16175010800361633, 0.6457997560501099, -1.4082461595535278, 0.3273858428001404, -0.6634054183959961, -0.9551185369491577, 1.0940886735916138, 0.8231992125511169, -0.9007450342178345, -1.8379309177398682, -0.8593959808349609, 0.2319955974817276, -0.737559974193573, 1.473061442375183, -0.9808045029640198, 1.6712431907653809, 0.4502146244049072, 0.5217264890670776, 0.015864349901676178, -2.168584108352661, -0.6433431506156921, -0.550231397151947, -1.1490492820739746, -0.03261258825659752, 0.6638801693916321, -0.9114683866500854, -0.5586053133010864, 0.03663076087832451, -1.4738683700561523, -1.8845634460449219, -1.8931007385253906, 0.4671474099159241, -0.6286793351173401, -0.7362174391746521, -0.8527519702911377, -1.1616957187652588, -0.5936354398727417, -0.5277601480484009, -0.9536137580871582, -1.2863783836364746, -0.14609068632125854, -0.5861239433288574, 0.7210922241210938, 0.6323135495185852, -0.08225272595882416, 2.0736706256866455, -0.22977858781814575, 0.6287895441055298, -1.6773664951324463, -1.3638266324996948, -0.4303225874900818, -0.8021834492683411, -0.3350154757499695, -0.21843652427196503, 0.3490969240665436, 1.0589609146118164, 0.9417564868927002, -0.8650928735733032, 0.612019956111908, 1.1135038137435913, 1.1582341194152832, -1.0476065874099731, 1.8834983110427856, -0.33596986532211304, -0.4207046329975128, 1.4219799041748047, -0.12961165606975555, -1.8929388523101807, -1.902711033821106, -0.060531072318553925, -0.1993309110403061, -0.15415917336940765, 0.17470860481262207, -0.42955923080444336, 0.40700095891952515, 0.009976312518119812, 0.160770982503891, 0.11103557050228119]",yunet,Facenet,1920,1080,/home/amos/media/tv/modern_family/Modern.Family.S09.1080p.DSNP.WEB-DL.DDP5.1.H.264-CRFW/Modern.Family.S09E17.Royal.Visit.1080p.DSNP.WEB-DL.DDP5.1.H.264-CRFW.mkv,Modern Family,2009,1442437,9,17,Jesse Tyler Ferguson,204815.0,0.802
843,1134,132,1476,576,1332,306,1182,306,0.931,21480,0,"[-0.515419602394104, -1.7385998964309692, -1.1619025468826294, -0.3884008824825287, -0.46465960144996643, -0.6874416470527649, -0.049398910254240036, 0.1361837536096573, 2.148136854171753, -0.32394111156463623, 0.29696720838546753, -1.7097392082214355, -0.5636258721351624, 0.16740721464157104, -1.500182032585144, -0.3612642288208008, -0.8450064659118652, -1.2162925004959106, -0.9046075940132141, -0.6511896848678589, 1.6821222305297852, -0.2160896360874176, 1.2101505994796753, -0.8416512608528137, 0.49380624294281006, 1.0622261762619019, 0.556069016456604, -2.3005242347717285, 2.1202354431152344, -0.006290326826274395, -1.242597222328186, 1.5101479291915894, -0.6660125851631165, 0.610336184501648, 0.7582647800445557, -0.004477264359593391, 0.4944344162940979, -0.061730511486530304, 0.15954230725765228, -1.9983561038970947, 0.4510221779346466, 1.5440796613693237, -1.3526859283447266, -1.1619502305984497, -0.7283987402915955, -0.8781895041465759, -1.0499606132507324, 0.7629656791687012, -1.2051140069961548, 1.1322555541992188, -0.6219173669815063, 0.25914856791496277, -1.5461043119430542, 0.6253569722175598, -0.901159942150116, -0.7041366100311279, 1.848680853843689, 0.5122120380401611, -1.3466618061065674, -1.5043129920959473, -0.6105880737304688, -0.9280733466148376, -0.7245944738388062, 1.3824228048324585, -0.7204455733299255, 1.9950103759765625, 0.5365352630615234, 0.8058969974517822, -0.24389195442199707, -1.4266334772109985, 0.2805897295475006, 0.457215279340744, -1.1151789426803589, 0.03818933665752411, 0.8927177786827087, -0.8710263967514038, -0.23430301249027252, -0.19374576210975647, -1.3736242055892944, -2.0619301795959473, -2.089919328689575, 0.24416208267211914, -0.30877846479415894, -1.313536286354065, -0.4219692647457123, -1.0748118162155151, -0.5949727296829224, -0.7280343174934387, -0.7904831171035767, -0.4557114243507385, -0.13675841689109802, -0.5329883098602295, 0.4948321282863617, 0.8073998689651489, 0.14217692613601685, 2.1792685985565186, -0.5262202620506287, 1.6456282138824463, -1.4304051399230957, -2.2945897579193115, 0.21378637850284576, -0.7077776789665222, -0.006836496293544769, -0.45250001549720764, 0.8097449541091919, 1.724750280380249, 0.6338017582893372, -0.7783112525939941, 0.34361541271209717, 0.42311111092567444, 1.2342647314071655, -0.7042912840843201, 1.415659785270691, -0.4703645706176758, 0.14117689430713654, 1.276984453201294, 0.02701231837272644, -2.052104949951172, -1.7233046293258667, 0.43149998784065247, -0.07380592823028564, 0.21013754606246948, 0.4764302372932434, -0.7777495384216309, 0.11495162546634674, -0.010105475783348083, -0.49220791459083557, 0.13888613879680634]",yunet,Facenet,1920,1080,/home/amos/media/tv/modern_family/Modern.Family.S09.1080p.DSNP.WEB-DL.DDP5.1.H.264-CRFW/Modern.Family.S09E17.Royal.Visit.1080p.DSNP.WEB-DL.DDP5.1.H.264-CRFW.mkv,Modern Family,2009,1442437,9,17,Jesse Tyler Ferguson,204815.0,0.775
844,546,180,858,576,756,312,630,318,0.926,21504,0,"[1.4370423555374146, 0.3637024462223053, -0.7793462872505188, -0.11672721803188324, 0.9923805594444275, -0.06317656487226486, 1.7993441820144653, -0.5970920920372009, 0.4453931748867035, 0.47994014620780945, -0.5452254414558411, -1.0614734888076782, -0.22184360027313232, 1.2156190872192383, -0.3980654776096344, 0.39663970470428467, -0.8238515853881836, -2.283355236053467, -1.01487398147583, -0.29382213950157166, -0.45163199305534363, 2.151183843612671, 0.2555299401283264, 1.1648344993591309, 1.3380486965179443, 1.1885464191436768, 0.25852400064468384, -0.07053051888942719, 1.4074410200119019, -1.0321500301361084, 0.21728654205799103, 1.4629695415496826, -2.19063138961792, 2.270611047744751, -0.30629655718803406, -1.8575302362442017, 1.134340763092041, -2.0379445552825928, 1.3346128463745117, -1.981647253036499, -0.8241310119628906, -0.16805234551429749, -1.0880508422851562, -1.5559654235839844, -0.5808632373809814, -0.4058971703052521, -1.360337495803833, -0.8498291969299316, -0.3287105858325958, 2.699329137802124, -0.40712153911590576, -0.6511490941047668, -1.0390177965164185, -0.03335421904921532, -1.1630895137786865, -1.2106984853744507, 0.9178093671798706, -1.225382924079895, -1.0356656312942505, -0.6115464568138123, -1.9393410682678223, -1.1603838205337524, 1.8251663446426392, 0.7302412986755371, -2.0979726314544678, 0.43080246448516846, -0.24274364113807678, -0.6158720254898071, 0.7663276791572571, -1.6873782873153687, -0.11943087726831436, -0.5530730485916138, 0.7273058891296387, -0.05059937387704849, 0.32505688071250916, -0.7901559472084045, -0.20103180408477783, -0.20627982914447784, 1.220964789390564, -0.1731574535369873, -1.0614999532699585, 1.52316415309906, -0.44356924295425415, -1.3446691036224365, -0.6830112338066101, 0.08886578679084778, -0.20801110565662384, 0.3506150245666504, 1.5994278192520142, 1.1769468784332275, 0.40558287501335144, -0.829285740852356, -0.5584700703620911, -0.10370846837759018, 3.031949520111084, 0.5179746150970459, -0.32824650406837463, 0.8528057932853699, -0.06096404790878296, -1.1578203439712524, 0.49583369493484497, 0.24969330430030823, -0.4652627110481262, -0.07949739694595337, 0.24591726064682007, 0.6990118026733398, 0.5826280117034912, -0.19031456112861633, -1.4195106029510498, -1.6571069955825806, 0.9331194758415222, 0.2051757127046585, 1.3730075359344482, -0.768697202205658, 2.005772352218628, 0.32353851199150085, 0.5300289392471313, -0.33792707324028015, -0.8038536310195923, 0.33472687005996704, -0.5552729964256287, 0.16337232291698456, 1.2697621583938599, -0.30092206597328186, -1.1712263822555542, 0.4581630527973175, 0.027520356699824333, -0.36569157242774963]",yunet,Facenet,1920,1080,/home/amos/media/tv/modern_family/Modern.Family.S09.1080p.DSNP.WEB-DL.DDP5.1.H.264-CRFW/Modern.Family.S09E17.Royal.Visit.1080p.DSNP.WEB-DL.DDP5.1.H.264-CRFW.mkv,Modern Family,2009,1442437,9,17,Eric Stonestreet,156962.0,0.525
845,1218,192,1494,552,1362,324,1248,324,0.926,21528,0,"[-0.4134162664413452, -1.5528578758239746, -0.8683434724807739, -0.486154705286026, 0.09807102382183075, -0.4482588768005371, 0.13154447078704834, 0.6358834505081177, 3.02018141746521, -0.22299228608608246, 0.4356469511985779, -1.484061360359192, -0.11895713210105896, 0.4109448194503784, -1.9761950969696045, 0.24897409975528717, -0.2743079960346222, -1.4182084798812866, -0.8759079575538635, -0.5455869436264038, 1.4491850137710571, 0.3623274862766266, 0.7762998342514038, -0.5435017943382263, 0.5458348393440247, 1.3541449308395386, 0.6885062456130981, -1.7653592824935913, 1.9630826711654663, -0.5588886737823486, -1.4911400079727173, 1.2448616027832031, -0.6606530547142029, 0.5086662769317627, 0.9578306078910828, 0.313854455947876, 0.06254918873310089, -0.06431930512189865, 0.08413838595151901, -1.3560988903045654, -0.015393020585179329, 1.063949704170227, -1.2372568845748901, -0.9693325757980347, -1.1493957042694092, -0.9776767492294312, -1.3052432537078857, 0.29868876934051514, -1.2587844133377075, 0.7843317985534668, -0.437780499458313, 0.6020969748497009, -2.0569047927856445, 0.14201217889785767, -0.7250434160232544, -0.9121544361114502, 2.042996406555176, 0.4311222732067108, -1.3360122442245483, -2.0109102725982666, -1.2692856788635254, -0.8957531452178955, -0.3441920876502991, 1.091572880744934, -0.7258992791175842, 1.7427151203155518, 0.34055832028388977, 1.0081539154052734, 0.12992674112319946, -2.0642433166503906, 0.048142123967409134, 0.16390126943588257, -1.0451794862747192, 0.036107614636421204, 0.7236927151679993, -0.4647391736507416, -0.26585832238197327, -0.5755578279495239, -1.091562032699585, -2.091595411300659, -1.5575454235076904, 0.09847081452608109, -0.34208229184150696, -1.3920634984970093, -0.7064071893692017, -1.1590982675552368, -0.4597999155521393, -0.3396482467651367, -0.7378908395767212, 0.38071706891059875, -0.14551419019699097, -0.7861069440841675, 0.75776606798172, 0.4526682496070862, -0.14842604100704193, 2.1256184577941895, -0.6638791561126709, 1.5750805139541626, -1.4021100997924805, -1.805407166481018, 0.36366409063339233, -0.3168815076351166, -0.3988022208213806, -0.752892792224884, 0.3241099715232849, 1.7551802396774292, 0.4053502678871155, -1.057984471321106, 0.20736762881278992, 0.1409565806388855, 1.8833810091018677, -0.22350259125232697, 1.7248462438583374, -0.5014582276344299, 0.8234873414039612, 1.2411434650421143, 0.2298997938632965, -1.9587233066558838, -0.8225502967834473, 0.22424829006195068, -0.37650203704833984, 0.5112955570220947, 0.08692140877246857, -0.7077532410621643, 0.517212986946106, 0.09205349534749985, -0.09417632967233658, 0.03144093230366707]",yunet,Facenet,1920,1080,/home/amos/media/tv/modern_family/Modern.Family.S09.1080p.DSNP.WEB-DL.DDP5.1.H.264-CRFW/Modern.Family.S09E17.Royal.Visit.1080p.DSNP.WEB-DL.DDP5.1.H.264-CRFW.mkv,Modern Family,2009,1442437,9,17,Jesse Tyler Ferguson,204815.0,0.812
846,1200,234,1482,588,1332,396,1242,396,0.912,21576,0,"[-1.5302248001098633, -1.5373913049697876, -0.34260106086730957, -0.9774631857872009, 1.0257428884506226, -0.6107048392295837, 0.1521989107131958, 1.5853275060653687, 1.7716724872589111, -0.656541645526886, 1.9092727899551392, -1.5589056015014648, 0.03689934313297272, 0.21419250965118408, -0.46738311648368835, 0.93277907371521, -0.5472180843353271, -0.751878559589386, 0.0453060045838356, 0.6229990720748901, 0.5384491682052612, 1.214123010635376, 0.11936276406049728, -0.34071657061576843, -0.09989391267299652, 0.8502729535102844, -0.24328383803367615, -0.742534339427948, 0.863585889339447, -0.23030945658683777, -0.572974681854248, 0.8847876787185669, -0.7265291810035706, 0.990012526512146, 0.8888253569602966, 0.3031180500984192, 1.4148856401443481, -0.7930359840393066, 0.09733115881681442, -1.2702744007110596, -0.9698211550712585, 0.4958823323249817, -1.0680441856384277, -0.631036639213562, -0.48640725016593933, -1.4610505104064941, -1.0064728260040283, 0.1642070859670639, 0.11930222809314728, 2.0319745540618896, -0.47348302602767944, 1.1090952157974243, -2.020991325378418, -0.059523653239011765, -1.9538296461105347, -0.9121606945991516, 1.5673348903656006, 0.6518456339836121, -0.9236899614334106, -0.3896728456020355, -0.37923523783683777, 0.39294934272766113, -0.16527894139289856, 1.328296184539795, -0.4933492839336395, 0.9411777853965759, 0.8695885539054871, 0.3928591310977936, 0.21968403458595276, -1.7210224866867065, -0.0034055961295962334, -1.4504384994506836, -0.8021251559257507, 0.5021848678588867, 0.6527316570281982, 0.10254548490047455, -0.3488563299179077, -0.8487969040870667, -1.7994048595428467, -0.42799341678619385, -1.7625051736831665, 0.6054670810699463, -0.9327361583709717, -0.6495153307914734, -0.02344605326652527, -1.2942463159561157, -0.3195776045322418, 1.1494241952896118, -0.491959810256958, 0.33950039744377136, -0.8326438069343567, -0.16284310817718506, -0.24657022953033447, 0.2345241904258728, -0.39308997988700867, 1.6273244619369507, -1.6383148431777954, 0.46011149883270264, -0.6928352117538452, -1.0234527587890625, 0.4704400300979614, -1.0714008808135986, -0.3959429860115051, -1.6422785520553589, 0.5847236514091492, 1.4872111082077026, 1.1963016986846924, -0.6699730157852173, 1.073591947555542, -0.6199942827224731, 1.7326102256774902, -1.5019816160202026, 1.5992685556411743, -0.17356424033641815, 1.8325694799423218, 0.5209900140762329, 1.895365834236145, -1.8477481603622437, -1.276464581489563, 1.5490686893463135, -0.21275649964809418, 0.2283812314271927, -0.6443285346031189, -0.28275513648986816, 0.2774233818054199, -0.24843397736549377, -0.4593256413936615, -0.26233384013175964]",yunet,Facenet,1920,1080,/home/amos/media/tv/modern_family/Modern.Family.S09.1080p.DSNP.WEB-DL.DDP5.1.H.264-CRFW/Modern.Family.S09E17.Royal.Visit.1080p.DSNP.WEB-DL.DDP5.1.H.264-CRFW.mkv,Modern Family,2009,1442437,9,17,Jesse Tyler Ferguson,204815.0,0.721
847,312,120,636,624,600,300,552,300,0.909,21576,1,"[0.3899043798446655, -0.14539846777915955, -1.0033488273620605, 0.26548001170158386, 1.3241232633590698, 0.11160170286893845, 1.4099626541137695, 0.9013469815254211, 0.70863276720047, 0.39145225286483765, -0.27337801456451416, -1.2007873058319092, -1.318732738494873, 0.40020519495010376, 0.0931476503610611, -1.0520857572555542, -1.1728414297103882, -1.4992895126342773, 0.24060451984405518, -0.016769181936979294, -1.4245511293411255, 1.2660664319992065, -1.0528895854949951, 1.0161603689193726, 1.142749309539795, 0.5143402218818665, 1.4296534061431885, -1.3109991550445557, 0.6491221189498901, -0.9569802284240723, -1.1636121273040771, 0.806224524974823, -2.894589424133301, 1.5812230110168457, 0.13856875896453857, -0.03942846134305, 0.035308293998241425, -1.7554702758789062, 0.2466144859790802, -2.4393467903137207, -0.5327100157737732, -0.3230348825454712, -1.5164976119995117, 0.06327745318412781, 0.4269983470439911, -1.0880935192108154, -0.4288847744464874, 0.9194775819778442, -0.7322179079055786, 1.5891669988632202, -0.5102971792221069, 1.2383261919021606, -0.29043808579444885, 0.7752442359924316, -2.0082526206970215, -1.6645915508270264, 0.7318779230117798, -0.41405996680259705, -1.7233790159225464, -0.2945142388343811, -1.2380669116973877, -0.46293604373931885, 0.7317858338356018, 0.9246922135353088, 0.031176388263702393, 1.339436411857605, -0.3386252224445343, -0.9318029880523682, 0.5717993378639221, -1.6416195631027222, 1.1076197624206543, -2.427950620651245, -1.1205922365188599, 1.5126113891601562, 0.5225537419319153, -0.7925795316696167, -0.12925201654434204, 0.706155002117157, 0.5471685528755188, 1.133323311805725, -0.7382677793502808, 1.2800238132476807, -0.2612398862838745, -1.0927287340164185, 0.6084997653961182, 0.04727901518344879, 0.9426541924476624, 0.40570420026779175, 0.6297639608383179, 0.36483198404312134, -1.0820995569229126, 0.2781522870063782, -0.26166921854019165, 0.731249988079071, 1.2530319690704346, 1.3573077917099, -1.0627533197402954, -0.40682172775268555, 0.061840273439884186, 1.1487075090408325, -1.1645675897598267, 0.24542593955993652, 0.3429989218711853, 0.054750747978687286, -0.3999956250190735, 0.806845486164093, 0.317125529050827, 0.5820649862289429, -0.13563242554664612, -2.077518939971924, 0.5901322364807129, -1.3347465991973877, 0.9442884922027588, -0.7631890177726746, 0.7947410345077515, 1.4161827564239502, 0.29595229029655457, 0.6335482001304626, -0.5936008095741272, 1.1589100360870361, -0.720528244972229, 0.2718532085418701, -0.5974311828613281, -0.09001567959785461, -0.9640434980392456, 1.7842758893966675, -0.038735680282115936, -0.7777552604675293]",yunet,Facenet,1920,1080,/home/amos/media/tv/modern_family/Modern.Family.S09.1080p.DSNP.WEB-DL.DDP5.1.H.264-CRFW/Modern.Family.S09E17.Royal.Visit.1080p.DSNP.WEB-DL.DDP5.1.H.264-CRFW.mkv,Modern Family,2009,1442437,9,17,,,
848,486,12,762,360,720,132,588,138,0.906,21600,0,"[0.2201681286096573, -0.05931071937084198, 0.23223747313022614, 1.0526574850082397, 1.0473661422729492, -0.9369562268257141, 2.214200973510742, -0.9263930320739746, 0.5911610126495361, 0.4561193287372589, -0.15481531620025635, -1.3515448570251465, -0.8793887495994568, 1.139661192893982, -0.37252089381217957, -0.4462577700614929, -0.48859503865242004, -1.7891160249710083, -1.105794072151184, -0.7225699424743652, -1.2753641605377197, 1.2634612321853638, -0.04903244972229004, 1.8210242986679077, 1.4387809038162231, 1.182571530342102, 1.8116191625595093, -0.3662697672843933, 1.2215831279754639, -0.8387067914009094, 0.045679591596126556, 1.0722092390060425, -2.086371421813965, 1.9158228635787964, 0.27091673016548157, -0.9458933472633362, 0.689200758934021, -1.785780668258667, 0.6001739501953125, -0.3936634957790375, -0.7824519276618958, -0.6122527718544006, -0.33128246665000916, -0.7659233212471008, -0.3175703287124634, 0.10249491035938263, -1.1059911251068115, -0.694826602935791, -0.529388964176178, 1.838338851928711, -0.4921233057975769, 0.026964934542775154, 0.022174827754497528, -0.2553054690361023, -0.8199681639671326, -0.8586720824241638, 0.7920417785644531, -0.23829928040504456, -0.685796856880188, -0.5773459672927856, -1.1215380430221558, -0.8447637557983398, 0.49822431802749634, 0.6375696063041687, -1.479236364364624, 1.7110356092453003, -0.2736673057079315, 0.46148034930229187, 0.4130418598651886, -1.2568238973617554, 0.37717771530151367, -1.497187614440918, 1.9006834030151367, 0.30514222383499146, 0.04663010686635971, 0.029814647510647774, 0.927475094795227, 0.635739266872406, 0.310241162776947, 0.29776519536972046, -1.22141695022583, 2.0517046451568604, -0.8076609373092651, -1.5338432788848877, -0.4164509177207947, 0.19554951786994934, 0.11825239658355713, 0.019551090896129608, 0.9704506397247314, 1.409326434135437, -0.15236353874206543, 0.3042648732662201, -0.16753703355789185, -0.09257163107395172, 2.2964696884155273, 0.5986536741256714, -0.9444292187690735, 1.6435589790344238, -0.27308008074760437, -0.40092796087265015, -0.22587674856185913, 0.0794418528676033, 0.3276384472846985, -0.4636363983154297, 0.47600799798965454, 0.3221052885055542, 0.942852795124054, 0.549517035484314, -1.1186444759368896, -2.752222776412964, 1.021180510520935, 0.2111739069223404, 1.7376114130020142, -0.9133769273757935, 1.1523128747940063, 1.4611765146255493, 0.7074761390686035, 0.2504204511642456, 0.03222707286477089, 1.6749322414398193, -0.48527300357818604, -0.7745078802108765, 0.338062584400177, -1.1547383069992065, -0.5878047943115234, 1.49076509475708, 0.8929479718208313, 0.20101340115070343]",yunet,Facenet,1920,1080,/home/amos/media/tv/modern_family/Modern.Family.S09.1080p.DSNP.WEB-DL.DDP5.1.H.264-CRFW/Modern.Family.S09E17.Royal.Visit.1080p.DSNP.WEB-DL.DDP5.1.H.264-CRFW.mkv,Modern Family,2009,1442437,9,17,,,
849,528,168,768,480,672,282,564,282,0.924,21624,0,"[0.6916464567184448, 1.1556607484817505, -1.2206686735153198, -0.013161435723304749, 2.0260674953460693, 0.044801853597164154, 1.6743648052215576, 0.5390421748161316, 1.485198974609375, 0.22303886711597443, -0.5682860612869263, -0.953352689743042, -1.2593549489974976, 0.9494556188583374, -0.11320579051971436, 0.9997238516807556, -1.2379175424575806, -2.6391355991363525, -1.3650262355804443, -0.5938000679016113, -0.7360098361968994, 1.5892581939697266, -1.010927438735962, 1.9508411884307861, 0.9523929953575134, 0.8534948229789734, 1.14898681640625, -0.3567371964454651, 1.1767945289611816, -0.9792613387107849, -0.19657078385353088, 0.5828503370285034, -1.7024744749069214, 1.411112904548645, -0.5294023752212524, -1.2099087238311768, 0.01255078986287117, -3.0682971477508545, 1.1555757522583008, -1.7613321542739868, -1.212034821510315, -1.0542097091674805, -0.9180746078491211, -0.5874426364898682, 0.2859444320201874, -0.46852728724479675, -1.3325917720794678, -0.05519118905067444, -0.9342871904373169, 1.8740577697753906, -0.6685751676559448, 0.4397040009498596, -1.0217194557189941, 1.005712866783142, -1.409265160560608, -1.0443931818008423, 1.1197731494903564, -1.733565092086792, -0.2921580970287323, 0.3259306252002716, -2.295337438583374, -0.5180696249008179, 2.3163764476776123, 0.6773746013641357, -0.8197358846664429, 0.7549262642860413, -0.8341920971870422, -0.8195973634719849, 0.21170645952224731, -1.9772796630859375, -0.25476711988449097, -1.2268811464309692, 0.17829446494579315, 0.6084060072898865, 0.011355462484061718, -1.0270917415618896, 0.06516660749912262, 0.40485072135925293, 1.6513835191726685, 0.169272318482399, -0.9219196438789368, 1.2140653133392334, -0.44290268421173096, -1.6286216974258423, -0.33812394738197327, -0.5925613641738892, -0.23693153262138367, 0.10025855898857117, 1.556091547012329, 0.8339716196060181, 0.3860839605331421, -0.3043520152568817, -0.09680694341659546, -0.6578368544578552, 1.641111135482788, 0.8309546113014221, -1.0907959938049316, -0.19720472395420074, -1.0242278575897217, 0.2501606047153473, -0.6866266131401062, -0.33449819684028625, -0.2599809765815735, 1.030657410621643, 0.26780715584754944, -0.12759971618652344, -0.40447571873664856, 0.09985752403736115, -1.445929765701294, -0.40585407614707947, 1.508656620979309, -0.9775652289390564, 1.8109034299850464, -0.36075374484062195, 1.280985713005066, 0.14405988156795502, 0.812515377998352, 0.775200366973877, -0.039459794759750366, 0.16252170503139496, -0.2812874913215637, 0.21083121001720428, 0.9945127367973328, 0.1554444581270218, -1.0871583223342896, 0.667866587638855, 0.7291823029518127, -0.8656944036483765]",yunet,Facenet,1920,1080,/home/amos/media/tv/modern_family/Modern.Family.S09.1080p.DSNP.WEB-DL.DDP5.1.H.264-CRFW/Modern.Family.S09E17.Royal.Visit.1080p.DSNP.WEB-DL.DDP5.1.H.264-CRFW.mkv,Modern Family,2009,1442437,9,17,Eric Stonestreet,156962.0,0.508
850,1212,120,1536,540,1386,276,1248,270,0.928,21648,0,"[-1.041054368019104, -1.8309581279754639, -1.348595142364502, -0.17935872077941895, -0.38437673449516296, 0.040849700570106506, -0.5111947655677795, 1.0086307525634766, 2.3025052547454834, -0.49938297271728516, 0.3383702039718628, -1.7946845293045044, -0.8958532214164734, 0.1434156894683838, -1.3040308952331543, -0.19336338341236115, -0.022864900529384613, -1.0201187133789062, -1.118500828742981, -0.6055741310119629, 1.6982412338256836, -0.18060724437236786, 1.6237585544586182, -0.3463101387023926, 0.6373292207717896, 1.1465529203414917, 0.8318555355072021, -2.3982620239257812, 2.40602445602417, -0.6064707040786743, -1.1615256071090698, 1.3460031747817993, -0.22469095885753632, -0.4058164060115814, 1.2475801706314087, 0.4854254722595215, 0.40890124440193176, 0.3587838113307953, -0.9290502667427063, -1.4074442386627197, -0.07336395233869553, 1.132178544998169, -1.1710582971572876, -0.7328877449035645, 0.0420478954911232, -0.4926491379737854, -0.7550502419471741, 0.6831738948822021, -0.5441679358482361, 0.7908831834793091, -0.36965686082839966, 0.3326072692871094, -1.1243896484375, 0.30311155319213867, -0.602616548538208, -0.1753905564546585, 1.2992171049118042, 0.9113556742668152, -0.9715758562088013, -1.765718936920166, -0.9420425891876221, -0.22505688667297363, -0.6408712863922119, 1.478119134902954, -0.9300585389137268, 1.9192030429840088, 0.7417300343513489, 1.1096395254135132, 0.3475361168384552, -2.036026954650879, -0.12799379229545593, 0.41272541880607605, -1.3708521127700806, 0.021845772862434387, 0.37973278760910034, -1.0872533321380615, -0.8861396312713623, -0.2845521569252014, -1.9225761890411377, -2.027529239654541, -2.0631659030914307, 0.183292955160141, -0.5349195599555969, -1.2412607669830322, -0.6041780114173889, -1.004833459854126, -0.48602575063705444, -0.6077532172203064, -0.7962230443954468, -0.8886432647705078, 0.1268942654132843, -0.5472705364227295, 0.5373809933662415, 0.76054447889328, -0.4968799948692322, 2.6580028533935547, -0.29509252309799194, 1.1205627918243408, -0.845201849937439, -1.2223224639892578, -0.352832555770874, -0.5022827982902527, 0.336496502161026, -0.19951002299785614, 0.44413691759109497, 0.8516640663146973, 0.5574907660484314, -0.39629778265953064, 1.0874722003936768, 0.48314133286476135, 0.6072018146514893, -0.9494460225105286, 1.9063555002212524, -0.22357551753520966, -0.46515941619873047, 1.3228057622909546, 0.4948004186153412, -1.7515350580215454, -1.6226563453674316, -0.19196005165576935, -0.022951461374759674, 0.10137905925512314, 0.23356503248214722, -0.9309493899345398, 0.13723593950271606, 0.19487786293029785, -0.22532866895198822, -0.4050433039665222]",yunet,Facenet,1920,1080,/home/amos/media/tv/modern_family/Modern.Family.S09.1080p.DSNP.WEB-DL.DDP5.1.H.264-CRFW/Modern.Family.S09E17.Royal.Visit.1080p.DSNP.WEB-DL.DDP5.1.H.264-CRFW.mkv,Modern Family,2009,1442437,9,17,Jesse Tyler Ferguson,204815.0,0.81
851,162,282,636,930,576,540,462,534,0.9,21648,1,"[-0.16756579279899597, 0.7636439800262451, -1.5512561798095703, -0.9034442901611328, 0.932968258857727, -0.6022709608078003, 1.3756848573684692, -0.09588786959648132, -0.1648603081703186, 0.8879837989807129, -0.3617912828922272, -0.37663495540618896, -2.7439606189727783, -0.7672045230865479, 1.4609047174453735, 0.7364409565925598, -1.55113685131073, -1.626928687095642, -0.7258121371269226, -1.0317533016204834, -1.584856390953064, 0.9542489647865295, -1.2583452463150024, 1.0701539516448975, 0.33662673830986023, 1.4200806617736816, 1.1445366144180298, 0.13855604827404022, -0.10040001571178436, -0.11111228168010712, -0.2272498905658722, 1.4360226392745972, -2.2084264755249023, 2.0325944423675537, -0.03224810212850571, -1.1211904287338257, 1.248597502708435, -3.231881856918335, 0.9565460681915283, -1.9746172428131104, -1.4867031574249268, -1.2655987739562988, -1.8912264108657837, -0.034198153764009476, 0.517802357673645, -1.7861846685409546, -0.36175641417503357, 0.4441126585006714, -0.8409592509269714, 2.2698681354522705, -0.07002773880958557, -0.4127667546272278, -0.3482537865638733, 1.912171721458435, -1.494346022605896, -1.8762974739074707, 0.927754819393158, -0.41545581817626953, -2.708430767059326, -0.3800811171531677, -2.5616698265075684, -1.9287986755371094, 0.9359734654426575, 0.23207895457744598, 0.12897798418998718, 1.0244486331939697, -0.3863219916820526, -0.25543880462646484, 0.30380770564079285, -1.5666207075119019, 0.99295574426651, -2.06833815574646, 0.2275579571723938, 0.5698137283325195, 0.6912104487419128, -0.6819641590118408, -0.14664477109909058, 0.4956948757171631, 1.0107672214508057, 1.0716336965560913, -1.9357105493545532, 1.373685598373413, -0.5331987142562866, -1.5977237224578857, -0.6663703918457031, 0.31323719024658203, -0.4487370252609253, 1.2462372779846191, 2.0281717777252197, 1.6495678424835205, -0.5689904689788818, -2.0635745525360107, -0.4173709750175476, -0.4108786880970001, 2.18233060836792, 0.5404931306838989, -1.4149327278137207, 0.3676336705684662, -0.36089733242988586, 0.5521992444992065, 0.373050332069397, -0.18299511075019836, -0.4094148278236389, 0.42670685052871704, -0.1750054657459259, -0.06603587418794632, -0.3293202221393585, 0.04975750297307968, 0.09064589440822601, -0.40336865186691284, -0.45931780338287354, -0.4628632664680481, 1.1663898229599, -1.1789395809173584, 1.6042269468307495, -0.005073089152574539, 0.22133155167102814, -0.3715609610080719, 0.18142719566822052, 0.4870774447917938, -0.4598085880279541, -0.5556252002716064, 0.7669395804405212, 0.16990669071674347, -0.8310872316360474, 0.894830048084259, 0.651378333568573, 0.6913081407546997]",yunet,Facenet,1920,1080,/home/amos/media/tv/modern_family/Modern.Family.S09.1080p.DSNP.WEB-DL.DDP5.1.H.264-CRFW/Modern.Family.S09E17.Royal.Visit.1080p.DSNP.WEB-DL.DDP5.1.H.264-CRFW.mkv,Modern Family,2009,1442437,9,17,,,
852,546,216,864,630,828,360,690,360,0.928,21672,0,"[0.3994932174682617, -0.06506666541099548, -0.9124395847320557, 0.7536261081695557, 0.8519819378852844, -1.0118457078933716, 1.7085078954696655, -0.03730141371488571, 0.04496415704488754, -0.12031452357769012, -0.43123868107795715, -1.133400559425354, -0.9296467304229736, 1.2832584381103516, -0.19728732109069824, 0.05857934057712555, -1.369247555732727, -1.9867364168167114, -0.7034611105918884, -0.6968845129013062, -0.8692920207977295, 1.190753698348999, 0.10520965605974197, 1.0388984680175781, 1.2877233028411865, 0.7769568562507629, 0.7993819713592529, 0.14939001202583313, 1.2459477186203003, -1.119101643562317, -0.14379651844501495, 1.7715054750442505, -1.6811540126800537, 2.5599489212036133, -0.40725359320640564, -1.1738717555999756, 0.8617277145385742, -3.250159740447998, 0.5761595964431763, -2.0601999759674072, -0.07227081805467606, -0.1657034158706665, -0.7261085510253906, -1.4371157884597778, -0.06812146306037903, -0.6238550543785095, -1.2480612993240356, -0.425503134727478, -0.8234793543815613, 2.8720967769622803, -0.4707857370376587, -0.21147260069847107, -0.3705313801765442, 0.6633743047714233, -1.3349590301513672, -0.5250510573387146, 0.6367030739784241, -0.811927080154419, -0.8738707900047302, -0.288838654756546, -1.87062668800354, -1.2167781591415405, 1.4816330671310425, 0.8771726489067078, -1.4855527877807617, 0.5738764405250549, -0.09280560165643692, -0.5488959550857544, 0.12014622241258621, -1.337512493133545, 0.5619463324546814, -1.3121050596237183, 1.1739102602005005, 0.8835350275039673, 0.0414157435297966, -0.9909512400627136, 0.7105451822280884, 0.4376095235347748, 1.2226088047027588, -0.11357251554727554, -0.7824366092681885, 2.0532209873199463, -0.35462111234664917, -2.334510564804077, -0.027095071971416473, -0.5882306098937988, -0.20294645428657532, 0.566437304019928, 1.610920786857605, 1.6308929920196533, -0.5223593711853027, -0.08989430218935013, -0.8928130269050598, 0.22423085570335388, 2.1032114028930664, 0.16268989443778992, -0.9785087704658508, 0.8471530675888062, -0.3850296437740326, -0.09696085751056671, -0.25976938009262085, -0.2250274419784546, 0.3418753743171692, 0.14996032416820526, 0.8047711849212646, 0.4586540460586548, 1.365519404411316, 0.5493428111076355, -1.7787606716156006, -1.6144598722457886, 0.9026020169258118, 0.48308342695236206, 1.6143933534622192, -0.7147740125656128, 1.8132829666137695, 0.09639424085617065, 1.7258981466293335, -0.2950652241706848, -0.436244398355484, 0.388966828584671, -0.21772892773151398, -0.5609997510910034, 1.2206485271453857, 0.26906153559684753, -0.6999556422233582, 1.0717073678970337, 0.26962098479270935, 0.6903384923934937]",yunet,Facenet,1920,1080,/home/amos/media/tv/modern_family/Modern.Family.S09.1080p.DSNP.WEB-DL.DDP5.1.H.264-CRFW/Modern.Family.S09E17.Royal.Visit.1080p.DSNP.WEB-DL.DDP5.1.H.264-CRFW.mkv,Modern Family,2009,1442437,9,17,,,
853,552,192,882,630,822,342,690,354,0.932,21696,0,"[0.72503662109375, 0.4010022282600403, -0.4808531403541565, 0.3797876238822937, 1.6492267847061157, -0.8931527733802795, 2.27070951461792, -0.04124770686030388, -0.18117466568946838, 0.08327709138393402, 0.03918793052434921, -1.2624456882476807, -0.7856152057647705, 1.006481409072876, 0.3094536066055298, 0.24039335548877716, -0.7228790521621704, -2.278768539428711, -0.936933159828186, -0.5572534799575806, -1.4675081968307495, 1.4781010150909424, -0.08023959398269653, 1.2370741367340088, 1.2853972911834717, 1.2078559398651123, 1.0864651203155518, 0.4405423402786255, 1.0819196701049805, -0.8182634115219116, -0.17551690340042114, 1.5902477502822876, -2.196338653564453, 2.028735876083374, -0.22685837745666504, -1.2607377767562866, 1.3170956373214722, -2.890902042388916, 0.7111725807189941, -1.5811573266983032, -0.958737313747406, -0.6077626347541809, -0.7959847450256348, -0.8130024671554565, -0.18877704441547394, -0.6060947179794312, -1.1630542278289795, -0.6862504482269287, -0.510153591632843, 2.790342330932617, -0.12231208384037018, 0.015231667086482048, -0.4358573257923126, 0.48509323596954346, -1.375285267829895, -1.0614566802978516, 0.7609645128250122, -0.8432512283325195, -0.6941738724708557, -0.09022501856088638, -2.146644353866577, -1.3806411027908325, 2.0051026344299316, 0.6073018908500671, -1.569718599319458, 0.8333349823951721, -0.39700907468795776, -0.4105210304260254, 0.5603556036949158, -1.2526774406433105, 0.05656198784708977, -1.4755098819732666, 0.9515386819839478, 0.6115651726722717, -0.1134713888168335, -0.19300445914268494, 0.26040729880332947, 0.40446826815605164, 0.9733205437660217, 0.30797839164733887, -1.0872890949249268, 2.6464591026306152, -0.7913912534713745, -1.8424296379089355, -0.20165705680847168, -0.2889919877052307, -0.10115496814250946, 0.2334667593240738, 1.521486759185791, 1.7573533058166504, -0.24415799975395203, -0.29556751251220703, -0.7553342580795288, -0.4217446744441986, 1.9694184064865112, 0.5737362504005432, -0.8914539217948914, 0.36802080273628235, -0.31017476320266724, -0.20889723300933838, -0.4060068726539612, -0.42724740505218506, 0.19073086977005005, -0.07922465354204178, 0.2405843734741211, 0.5235494375228882, 0.7339392900466919, 0.5023791790008545, -0.9818627834320068, -1.5313876867294312, 0.6458078026771545, 0.09470342099666595, 1.8375372886657715, -0.831231951713562, 2.316110849380493, 0.23979657888412476, 1.1909115314483643, -0.437832772731781, -0.08061883598566055, 0.5082614421844482, -0.02551107108592987, -0.6510065793991089, 0.8700211048126221, -0.25364187359809875, -1.025498390197754, 1.1307990550994873, 0.40424129366874695, -0.10956917703151703]",yunet,Facenet,1920,1080,/home/amos/media/tv/modern_family/Modern.Family.S09.1080p.DSNP.WEB-DL.DDP5.1.H.264-CRFW/Modern.Family.S09E17.Royal.Visit.1080p.DSNP.WEB-DL.DDP5.1.H.264-CRFW.mkv,Modern Family,2009,1442437,9,17,Eric Stonestreet,156962.0,0.502
854,1200,210,1446,540,1326,330,1230,324,0.917,21720,0,"[-1.2254016399383545, -1.7304136753082275, -0.6913043856620789, -0.19662579894065857, 0.1496889293193817, 0.8005746603012085, 0.6257753968238831, -0.164465993642807, 3.2912940979003906, -0.4412345886230469, 1.154409408569336, -2.58740234375, -1.290505051612854, -0.036616381257772446, -0.7847310304641724, -0.5358967185020447, 0.027918614447116852, -0.3352505564689636, -1.540902018547058, -0.3139827251434326, 2.4374539852142334, -1.1212446689605713, 1.9509663581848145, -0.01041160523891449, 0.6239145994186401, 1.2388668060302734, 0.3888314962387085, -3.470254421234131, 1.1298141479492188, -0.9946222305297852, 0.2600511312484741, 0.25375303626060486, -0.0658627301454544, 1.2308460474014282, 1.0777925252914429, 0.48126935958862305, -0.5774157643318176, 0.26177409291267395, 0.06285074353218079, -1.4507253170013428, -0.2533814609050751, 0.3473053574562073, -0.6457152366638184, -1.3628426790237427, -0.26280707120895386, -0.7621491551399231, -0.055257197469472885, 1.1276253461837769, -0.7736680507659912, 0.6719133853912354, -0.07417647540569305, -0.4309759736061096, -1.5246152877807617, 0.0238826721906662, 0.04804379492998123, -0.8753276467323303, 2.115804672241211, 1.2732739448547363, -0.6271860599517822, -1.4069781303405762, -0.6679882407188416, -0.8694860935211182, 0.007374737411737442, 1.2029266357421875, -0.12829315662384033, -0.03083747625350952, -0.40469038486480713, 0.14680548012256622, 0.3055907189846039, -2.3694446086883545, -0.6659969091415405, -1.294057011604309, -1.4609452486038208, -0.6596205234527588, -0.20842966437339783, -0.9297759532928467, -0.808160662651062, -1.2603802680969238, -1.5980478525161743, -1.8791085481643677, -1.3892009258270264, -0.48127058148384094, 0.28969407081604004, -1.3754554986953735, -1.1096457242965698, 0.5316653251647949, 0.255935937166214, 0.8312994837760925, -0.1746922731399536, -0.41527053713798523, -0.27821263670921326, 0.04118698090314865, 0.9833292961120605, 1.1826001405715942, 0.09008799493312836, 2.4781932830810547, -1.7155557870864868, 0.3790893852710724, -1.0138881206512451, -0.32755228877067566, -0.010664205998182297, -0.7502159476280212, -0.04106365144252777, 0.19240419566631317, 0.6259242296218872, 0.1047961562871933, -0.00035059917718172073, -0.17357203364372253, 0.7533912658691406, -1.1595878601074219, 0.3807821273803711, -1.2594002485275269, 1.2675400972366333, -0.013243714347481728, -0.4694398045539856, 0.27013149857521057, 0.5367124080657959, -1.3048807382583618, -0.4003065228462219, 0.5162211060523987, -1.2089310884475708, 0.3363884687423706, -0.06495863944292068, -0.8499813079833984, -0.740458071231842, 0.6392601728439331, 0.2607327997684479, -0.47749608755111694]",yunet,Facenet,1920,1080,/home/amos/media/tv/modern_family/Modern.Family.S09.1080p.DSNP.WEB-DL.DDP5.1.H.264-CRFW/Modern.Family.S09E17.Royal.Visit.1080p.DSNP.WEB-DL.DDP5.1.H.264-CRFW.mkv,Modern Family,2009,1442437,9,17,Jesse Tyler Ferguson,204815.0,0.74
855,240,228,642,744,522,414,330,420,0.935,21744,0,"[0.7568080425262451, 0.8566011190414429, -0.6329439878463745, 0.8136570453643799, 1.0953387022018433, -0.7160819172859192, 2.4942786693573, -0.2287409007549286, 0.5707885026931763, 0.6214985847473145, 0.10095476359128952, -0.8447834849357605, -0.33410221338272095, 0.9914051294326782, -0.08911252021789551, 0.5349748730659485, -1.3474103212356567, -2.2243456840515137, -1.4271918535232544, -0.18307805061340332, -0.5748496055603027, 1.118073582649231, -0.3456868827342987, 1.4812681674957275, 1.1493593454360962, 1.3859134912490845, 1.180700421333313, -0.20018649101257324, 0.6873924136161804, -1.3092647790908813, 0.011199690401554108, 1.3049060106277466, -2.2116153240203857, 2.20225191116333, -0.6240785121917725, -1.7576465606689453, 0.35222291946411133, -2.803799629211426, 1.3920209407806396, -1.4300364255905151, -0.5375552773475647, -0.25694653391838074, -0.35979750752449036, -0.9333010315895081, -0.4041956961154938, -0.20507431030273438, -1.184828758239746, -0.8782272338867188, -0.059460971504449844, 2.0892248153686523, -0.3475862145423889, -0.024709615856409073, -0.8605225086212158, 0.003472276031970978, -0.6487915515899658, -1.2240006923675537, 1.2062426805496216, -1.0651729106903076, -0.3309110403060913, -0.2319444715976715, -1.9201303720474243, -0.6218298673629761, 1.5827118158340454, 0.18194390833377838, -1.0682374238967896, 0.4664415121078491, -0.8475415706634521, -0.42001035809516907, -0.11788848042488098, -0.9843127727508545, -0.11701183021068573, -0.9120018482208252, 1.3802807331085205, 0.3206424117088318, 0.15957769751548767, -0.7047590017318726, 0.16102445125579834, 0.6170272827148438, 0.9821491837501526, 0.15944917500019073, -0.7171064615249634, 1.2368298768997192, -0.48634618520736694, -2.1518194675445557, -0.3105320334434509, 0.184437096118927, -0.9392399787902832, 0.5963656306266785, 1.253684639930725, 1.281297206878662, 0.6122710108757019, -0.10445355623960495, -0.1300174593925476, -0.2196635901927948, 2.352060079574585, 0.3363913297653198, -0.5076039433479309, 1.1371477842330933, -0.5790254473686218, -0.8213421702384949, -0.22818483412265778, -0.5731672048568726, -0.2787453830242157, -0.01792086660861969, 0.6209027171134949, 0.12656255066394806, 0.8784644603729248, 0.6726779937744141, -2.035573720932007, -0.7495768666267395, 1.1748034954071045, 0.3868512511253357, 1.7984378337860107, -1.044036626815796, 1.6846176385879517, 0.5705047845840454, 0.648370623588562, -0.04551097750663757, 0.45119649171829224, 0.5105190873146057, -0.2317439764738083, -0.7020132541656494, 1.0104632377624512, -0.04285704344511032, -0.884395956993103, -0.0006816685199737549, 0.2950555384159088, 0.12559378147125244]",yunet,Facenet,1920,1080,/home/amos/media/tv/modern_family/Modern.Family.S09.1080p.DSNP.WEB-DL.DDP5.1.H.264-CRFW/Modern.Family.S09E17.Royal.Visit.1080p.DSNP.WEB-DL.DDP5.1.H.264-CRFW.mkv,Modern Family,2009,1442437,9,17,Eric Stonestreet,156962.0,0.544
856,1302,270,1560,600,1428,402,1338,402,0.924,21744,1,"[-0.6113530397415161, -1.3984888792037964, -0.6459198594093323, -0.581716001033783, 0.013053007423877716, -0.0991009920835495, -0.16618865728378296, 0.20380517840385437, 2.2816362380981445, -0.5030677318572998, 1.1580742597579956, -2.464277982711792, -0.2854255437850952, -0.015010625123977661, -1.5221529006958008, 0.11442627012729645, 0.34396764636039734, -1.4333373308181763, -0.8138743042945862, -0.4579734206199646, 1.3341861963272095, 0.31850525736808777, 1.6778674125671387, 0.0146392323076725, -0.2612300217151642, 0.9161544442176819, 0.32031476497650146, -1.7433055639266968, 1.441540241241455, -0.09026452153921127, -0.4285200536251068, 1.6099299192428589, -0.426634281873703, 0.8557729125022888, 0.7833600640296936, 0.46561574935913086, 0.8558427691459656, 0.29134222865104675, 0.41143664717674255, -1.2028589248657227, 0.17873692512512207, 0.8511720895767212, -1.0854061841964722, -1.7715102434158325, -0.40110236406326294, -0.19268344342708588, -0.48060038685798645, 0.7874256372451782, -1.4555408954620361, 2.2353477478027344, -0.3211536407470703, 0.3566383123397827, -1.062534213066101, 0.8708142638206482, -1.2650961875915527, -0.5272088050842285, 1.8513742685317993, 0.43001070618629456, -1.7590638399124146, -1.9866594076156616, -0.8997154235839844, -1.097684621810913, 0.008415784686803818, 2.057046890258789, -1.0618362426757812, 0.35556894540786743, 1.1037729978561401, -0.43807700276374817, 0.33506911993026733, -2.8328518867492676, -0.4343101680278778, -0.44223472476005554, -0.7893921732902527, 0.16254638135433197, 0.11465410888195038, -0.5001189708709717, -1.1969311237335205, -0.971322774887085, -1.1552362442016602, -2.566340684890747, -1.2010295391082764, 0.622248649597168, 0.004568405449390411, -1.3195263147354126, -0.6624131202697754, -0.40767884254455566, 0.4623018801212311, 0.8358981013298035, -0.3730602562427521, 0.2593739330768585, -0.9963827729225159, -0.03246040642261505, 1.0495787858963013, 1.4501463174819946, 1.2973918914794922, 2.5489885807037354, -0.9061934351921082, 0.7256829738616943, -1.6383709907531738, -1.6537474393844604, 0.6193536520004272, -0.3396243155002594, -0.2627195417881012, -0.9082006216049194, 0.2923327684402466, 1.235728144645691, 0.08029071986675262, 0.5161458849906921, 1.0921694040298462, -1.3263030052185059, 0.658439040184021, -0.8174790143966675, 1.3957414627075195, 0.42701295018196106, -0.4174249768257141, 0.6870743036270142, 0.6064176559448242, -2.6446094512939453, -1.8986740112304688, 0.10173748433589935, -1.6155644655227661, -0.020665813237428665, 0.3156954050064087, -1.4662973880767822, 0.12342776358127594, 0.7066680788993835, 0.08811265230178833, -0.8667942881584167]",yunet,Facenet,1920,1080,/home/amos/media/tv/modern_family/Modern.Family.S09.1080p.DSNP.WEB-DL.DDP5.1.H.264-CRFW/Modern.Family.S09E17.Royal.Visit.1080p.DSNP.WEB-DL.DDP5.1.H.264-CRFW.mkv,Modern Family,2009,1442437,9,17,Jesse Tyler Ferguson,204815.0,0.784
857,1308,276,1566,606,1410,408,1338,408,0.92,21768,0,"[-0.4478832185268402, -0.9696736335754395, -0.7278401255607605, -0.6212534308433533, -0.18388383090496063, 0.595883846282959, -0.08559759706258774, 0.4738348424434662, 2.9084620475769043, -1.1875672340393066, 0.7054625749588013, -2.006380796432495, -0.5859670639038086, 0.931480884552002, -1.2352871894836426, 0.2739384174346924, 0.4308168888092041, -0.7912158370018005, -0.3406590223312378, -1.027143120765686, 0.8079638481140137, 0.848214864730835, 1.6811758279800415, -0.46661362051963806, 0.9869996309280396, 1.1568347215652466, -0.279448539018631, -2.774122714996338, 2.041809320449829, -0.7303789854049683, -0.6707413196563721, 0.8389765620231628, -0.040776561945676804, 0.7644402384757996, 1.370680570602417, 0.5568562150001526, 1.449133038520813, 1.1320972442626953, 0.2632683515548706, -0.8193211555480957, 0.5076274275779724, 1.2237533330917358, -0.768204927444458, -1.6753497123718262, -0.9034788608551025, 0.06694957613945007, -1.1985903978347778, 0.5589985847473145, -1.044995665550232, 2.2265167236328125, -0.002918712794780731, 0.6379899978637695, -1.0467300415039062, 0.8314055800437927, -0.9482824206352234, -0.5345671772956848, 1.9128930568695068, 0.34134641289711, -1.2400106191635132, -1.8652775287628174, -0.17587566375732422, -1.1157516241073608, -0.16569557785987854, 1.9160585403442383, -0.3833119869232178, 0.13993845880031586, 0.6730683445930481, 0.3044589161872864, -0.16513827443122864, -2.889071226119995, -0.32152509689331055, -0.10200168937444687, -1.351045846939087, -0.66372150182724, 0.7060117721557617, -1.026904821395874, -0.6989090442657471, -0.759208083152771, -1.4420655965805054, -2.321652889251709, -1.30428147315979, 0.8323229551315308, -0.27354854345321655, -1.4134771823883057, -1.3646914958953857, -0.3817094564437866, 0.2018490433692932, 0.681958019733429, -0.909894585609436, -0.0810604840517044, -0.8109380602836609, -0.13444235920906067, 1.395427942276001, 0.1488039791584015, 0.36512017250061035, 2.4314513206481934, -0.6355647444725037, 0.9743258357048035, -1.2678706645965576, -1.1591498851776123, 0.3968452215194702, -0.09438613057136536, -0.5496939420700073, -0.43178075551986694, 0.1454242765903473, 1.386108160018921, -0.45171090960502625, -0.15709084272384644, 0.9899418354034424, -1.2508385181427002, 0.34873610734939575, -0.6656134128570557, 1.9382256269454956, -0.2058173418045044, -0.21407368779182434, -0.147893488407135, 0.5092532634735107, -2.095632314682007, -0.7140423655509949, 0.2382260113954544, -1.7842928171157837, -0.38859400153160095, 0.9444870948791504, -1.0892491340637207, 0.4573597311973572, 0.9723121523857117, 0.04860745370388031, 0.2268439680337906]",yunet,Facenet,1920,1080,/home/amos/media/tv/modern_family/Modern.Family.S09.1080p.DSNP.WEB-DL.DDP5.1.H.264-CRFW/Modern.Family.S09E17.Royal.Visit.1080p.DSNP.WEB-DL.DDP5.1.H.264-CRFW.mkv,Modern Family,2009,1442437,9,17,Jesse Tyler Ferguson,204815.0,0.78
858,474,240,774,684,744,402,696,408,0.918,21768,1,"[-0.029710203409194946, -0.8563239574432373, -1.4225064516067505, 0.6192246675491333, 0.19069720804691315, 0.2605966329574585, 0.5095974802970886, -0.022339042276144028, 1.1999143362045288, 0.6109873652458191, -0.42201918363571167, -0.29356393218040466, -1.6903767585754395, 0.5096210241317749, -0.1064174622297287, 0.044848062098026276, -0.5179518461227417, -1.1099615097045898, 0.9737971425056458, 0.4638230800628662, -0.7739709615707397, 0.8170907497406006, -0.6111323833465576, 0.8573050498962402, 2.321103096008301, 1.3617374897003174, 1.1535406112670898, -1.3452768325805664, 1.4835444688796997, -1.1882745027542114, -0.7135281562805176, 1.0898569822311401, -1.2714470624923706, 1.926145076751709, 0.3913087248802185, -0.1666935384273529, 0.9029244780540466, -1.1847877502441406, -0.1378941833972931, -1.6659008264541626, -0.17383842170238495, 1.1717455387115479, -0.8893313407897949, 0.3778364062309265, -0.5036365985870361, -1.2844208478927612, -1.538678526878357, 0.9054074287414551, -0.7588132619857788, 1.997806191444397, 0.9725687503814697, -0.08336886763572693, -0.5048102140426636, 0.44828367233276367, -1.0667695999145508, -1.09071683883667, 1.7405853271484375, 0.23914864659309387, -1.8367863893508911, -0.47521936893463135, -0.2685161530971527, -0.5089491605758667, -0.25756990909576416, 0.8053590655326843, -0.3864319920539856, 1.125252366065979, -0.11450553685426712, -0.3548071086406708, 0.40838250517845154, -2.0668342113494873, 1.1934609413146973, -2.758723020553589, -0.7037325501441956, 1.187306523323059, 1.5960139036178589, -0.9439401626586914, 1.1618263721466064, 0.5904631614685059, 0.1559603214263916, 0.7253879904747009, -1.4608683586120605, 1.2920337915420532, -0.09849992394447327, -1.3996706008911133, -0.79803067445755, 0.12958720326423645, 1.2392332553863525, 1.1283074617385864, 0.591445803642273, 0.7358343601226807, -1.8464142084121704, -0.5312156081199646, 0.16167855262756348, 0.4891044497489929, 1.492645502090454, 0.2886914312839508, -0.8684150576591492, -0.1426268219947815, -1.1909739971160889, 0.8795592188835144, -0.17632140219211578, -0.0552017018198967, -0.46088677644729614, -0.18367566168308258, 0.27434420585632324, -0.5512657761573792, 0.6973453164100647, -0.49929699301719666, 0.21829566359519958, -1.909793496131897, 0.7173786163330078, -0.8611634969711304, 1.4611104726791382, -0.8219899535179138, 0.5081276297569275, 0.368547260761261, 0.43469858169555664, 0.5615146160125732, 0.4951821267604828, 0.9356796741485596, -0.4243749976158142, -0.7130409479141235, 0.05617284029722214, 0.2562328279018402, 0.5769634246826172, 1.364011287689209, 0.49680787324905396, 1.2151459455490112]",yunet,Facenet,1920,1080,/home/amos/media/tv/modern_family/Modern.Family.S09.1080p.DSNP.WEB-DL.DDP5.1.H.264-CRFW/Modern.Family.S09E17.Royal.Visit.1080p.DSNP.WEB-DL.DDP5.1.H.264-CRFW.mkv,Modern Family,2009,1442437,9,17,,,
859,1242,240,1476,552,1356,348,1272,348,0.925,21792,0,"[-0.6798818111419678, -0.9070910215377808, -0.44312357902526855, -0.48707103729248047, -0.5180087685585022, -0.13803862035274506, -0.38890257477760315, 0.3777298033237457, 2.3668415546417236, -1.0993009805679321, 1.523481845855713, -1.9687145948410034, -0.14510539174079895, 0.39081332087516785, -1.1510299444198608, 0.2188095897436142, 0.1720809042453766, -1.1291515827178955, -1.3086599111557007, -0.7368236780166626, 1.0165536403656006, 0.3474563658237457, 2.239070177078247, -0.9844013452529907, 0.2657836675643921, 0.5093702077865601, -0.6593835353851318, -1.6747287511825562, 1.4732171297073364, -0.4646831452846527, -1.2724281549453735, 0.855613648891449, -0.4228213131427765, 0.2892285883426666, 1.2880592346191406, 0.7681747078895569, 0.8889003992080688, 0.8260276317596436, 0.15457698702812195, -1.2899430990219116, 0.5116165280342102, 0.7204300165176392, -1.3721702098846436, -1.885408878326416, -0.7032998204231262, -0.1371101289987564, -0.6687887907028198, 0.40165606141090393, -0.9287992715835571, 1.9392346143722534, 0.5911564826965332, 0.1362263709306717, -0.9366425275802612, 0.2409350425004959, -1.0020736455917358, -0.9254782795906067, 1.5518929958343506, 0.6277601718902588, -1.810259222984314, -1.8421012163162231, -0.4112725853919983, -1.2539423704147339, -0.3282364010810852, 1.288123607635498, -0.2736288905143738, -0.25678324699401855, 0.7477644681930542, 0.07980018854141235, 0.17474710941314697, -2.398263931274414, -0.3777734041213989, 0.2294861376285553, -1.6159647703170776, -0.6472584009170532, 0.6414896249771118, -0.6038970947265625, -0.7114549875259399, -0.27868223190307617, -1.0387767553329468, -2.5270824432373047, -0.9856228232383728, 0.4987940490245819, 0.006918974220752716, -1.6876811981201172, -1.3550981283187866, -0.3136545717716217, -0.02962394803762436, 0.4153921604156494, -1.0229727029800415, -0.5710594654083252, 0.0656081885099411, -0.25169989466667175, 1.5005066394805908, 0.9267211556434631, 0.6099136471748352, 2.623734712600708, -0.2746669352054596, 1.4840397834777832, -1.338343620300293, -1.5818532705307007, 0.48363548517227173, -0.0974961519241333, -0.3560216426849365, -0.6765919923782349, 0.04046362638473511, 1.501589059829712, 0.3702409267425537, -0.20846697688102722, 0.7538505792617798, -0.38937246799468994, -0.1060572937130928, 0.12809792160987854, 1.618067741394043, -0.5357696413993835, -0.09767594188451767, 0.27070167660713196, 0.7411134243011475, -2.486811637878418, -1.6626865863800049, 0.12614066898822784, -1.9375174045562744, -0.37218931317329407, 1.0635745525360107, -1.164309024810791, 0.5774098038673401, 0.5490604043006897, -0.8104380965232849, 0.2508786916732788]",yunet,Facenet,1920,1080,/home/amos/media/tv/modern_family/Modern.Family.S09.1080p.DSNP.WEB-DL.DDP5.1.H.264-CRFW/Modern.Family.S09E17.Royal.Visit.1080p.DSNP.WEB-DL.DDP5.1.H.264-CRFW.mkv,Modern Family,2009,1442437,9,17,Jesse Tyler Ferguson,204815.0,0.781
860,384,96,696,504,594,240,456,240,0.931,21816,0,"[1.1980758905410767, -0.6526490449905396, -0.2706138789653778, 0.6627629995346069, 0.6895132660865784, -0.0020312927663326263, 1.5905883312225342, -0.4372542202472687, 0.4682601988315582, -0.04393807053565979, -0.506748616695404, -0.8349460959434509, -0.42021602392196655, 1.2215399742126465, -0.8798109292984009, 0.28013354539871216, 0.6021203994750977, -2.1750712394714355, -0.7195488810539246, -0.029075274243950844, -0.6874022483825684, 1.3765008449554443, 0.7585139274597168, 0.5934975147247314, 1.9115391969680786, 1.519012212753296, 1.5532598495483398, -0.1233801543712616, 1.50722336769104, -1.2905828952789307, -0.4551900327205658, 1.9783767461776733, -1.583275556564331, 1.1064260005950928, -0.30334869027137756, -1.126861333847046, 0.8527467250823975, -1.3851308822631836, 0.8163782954216003, -1.0628905296325684, -0.7326568365097046, 0.10932397097349167, -0.9536319971084595, -0.9936871528625488, -0.07805892080068588, -0.06360141932964325, -1.705030918121338, -0.846569299697876, -0.41534966230392456, 3.143829584121704, -0.194695845246315, -0.5594071745872498, -0.12790417671203613, -0.38487428426742554, -0.09135176241397858, -0.995049238204956, 1.0376415252685547, -0.2554425001144409, -0.9659674763679504, -0.7454150915145874, -1.6252256631851196, -1.6129945516586304, 1.9383794069290161, 0.7917605638504028, -2.367629051208496, 0.6363179087638855, -0.24422675371170044, -0.6517474055290222, 0.4345897138118744, -1.706254482269287, -0.45959189534187317, -0.9372481107711792, 0.7307306528091431, -0.07931213080883026, 1.032418966293335, -1.0815609693527222, -0.3500934839248657, 0.40135887265205383, 1.2743736505508423, -0.055445801466703415, -1.0989576578140259, 1.7490146160125732, -0.383022278547287, -1.9140015840530396, -0.7946323156356812, 0.8435961008071899, -0.09430285543203354, -0.15044745802879333, 1.1833678483963013, 0.8658477067947388, 0.19320742785930634, -0.12615840137004852, -0.5872101187705994, -0.48900535702705383, 2.6457247734069824, 0.7527036070823669, -0.6106494665145874, 0.2937399446964264, -1.2102630138397217, -1.0039328336715698, 0.1845967322587967, 0.7871901988983154, -0.026743486523628235, -0.5561448335647583, 0.28792205452919006, -0.3432125449180603, 0.8173704743385315, -0.18469664454460144, -0.9439923167228699, -1.937246561050415, 0.4439541697502136, 0.706855297088623, 2.089097499847412, -0.5260343551635742, 1.1161926984786987, 0.21508240699768066, 0.1851024180650711, 0.2554577887058258, -0.2604162096977234, -0.12252010405063629, -0.6049179434776306, -0.8572319746017456, 1.5978096723556519, -0.9428861737251282, -0.720802903175354, 1.0066628456115723, 0.599014937877655, 0.23850558698177338]",yunet,Facenet,1920,1080,/home/amos/media/tv/modern_family/Modern.Family.S09.1080p.DSNP.WEB-DL.DDP5.1.H.264-CRFW/Modern.Family.S09E17.Royal.Visit.1080p.DSNP.WEB-DL.DDP5.1.H.264-CRFW.mkv,Modern Family,2009,1442437,9,17,Eric Stonestreet,156962.0,0.52
861,426,132,738,558,642,288,486,294,0.93,21840,0,"[0.9595954418182373, -0.24741272628307343, -0.4721549451351166, 0.7938398122787476, 1.3671114444732666, -0.32134485244750977, 1.849932312965393, -0.025073405355215073, 0.86161869764328, 0.295291930437088, -0.6684175729751587, -0.9191034436225891, -1.1340384483337402, 1.278998613357544, -0.8261595964431763, 0.10360510647296906, 0.18396639823913574, -2.341168165206909, -0.9953792095184326, -0.2594967484474182, -0.6059874892234802, 1.4951223134994507, 0.22738772630691528, 1.3500126600265503, 1.9123657941818237, 1.3526158332824707, 1.8811875581741333, -0.4758830666542053, 1.6819301843643188, -1.4033197164535522, 0.05018861964344978, 1.8715578317642212, -1.4391881227493286, 1.0074126720428467, -0.4733040928840637, -1.2136733531951904, 0.4893707036972046, -1.7083799839019775, 0.7208985090255737, -1.1076903343200684, -1.176330327987671, -0.5281215310096741, -1.1529347896575928, -1.209844946861267, 0.16746288537979126, 0.37038201093673706, -1.5599610805511475, -0.7016210556030273, -0.6489548087120056, 2.7901437282562256, -0.6327075362205505, 0.22856929898262024, -0.32866305112838745, -0.27850624918937683, -0.3602548837661743, -0.7210487127304077, 0.678195595741272, -0.5309898853302002, -0.5101171731948853, -0.35804271697998047, -1.7646547555923462, -1.412266492843628, 1.780741572380066, 0.5521726608276367, -1.7726331949234009, 0.7940282225608826, -0.26465705037117004, 0.03544040024280548, 0.5594416260719299, -1.6897670030593872, -0.45542222261428833, -1.291885256767273, 0.5601360201835632, 0.37019890546798706, 0.4992084503173828, -1.2237027883529663, 0.021326452493667603, 0.03434988483786583, 0.7663471698760986, 0.08723275363445282, -1.0974735021591187, 1.727859377861023, -0.24109259247779846, -1.8206837177276611, -0.6623590588569641, 0.7195754051208496, -0.1929507851600647, -0.24491222202777863, 1.1375248432159424, 0.8673928380012512, -0.10455223172903061, -0.17147009074687958, -0.23670348525047302, -0.5964847207069397, 2.4166512489318848, 0.42175114154815674, -0.8250523209571838, 0.789786159992218, -0.5988006591796875, -0.2544620633125305, -0.6127901077270508, 0.6170582175254822, 0.18945027887821198, -0.2936369478702545, 0.07468187063932419, -0.3126060366630554, 0.7149126529693604, 0.46847280859947205, -1.140537977218628, -1.8773388862609863, 0.44026070833206177, 0.29958394169807434, 2.109165668487549, -0.8849899172782898, 1.329150676727295, 0.6847028732299805, 0.5879963636398315, 0.6265789866447449, -0.1990763545036316, 0.21677349507808685, -0.22692419588565826, -0.3728349208831787, 0.9847412109375, -0.7300213575363159, -0.8541711568832397, 1.1318646669387817, 0.3359631299972534, 0.3721357583999634]",yunet,Facenet,1920,1080,/home/amos/media/tv/modern_family/Modern.Family.S09.1080p.DSNP.WEB-DL.DDP5.1.H.264-CRFW/Modern.Family.S09E17.Royal.Visit.1080p.DSNP.WEB-DL.DDP5.1.H.264-CRFW.mkv,Modern Family,2009,1442437,9,17,Eric Stonestreet,156962.0,0.534
862,492,132,822,546,780,270,648,270,0.941,21864,0,"[0.9526562690734863, -0.6235777139663696, -1.9005182981491089, 0.9835562705993652, 1.0687061548233032, -0.11332649737596512, 0.5588839650154114, 1.1041674613952637, 0.64425128698349, -0.6081131100654602, -0.8235912919044495, -0.8974630236625671, -1.2486010789871216, 1.0278775691986084, -0.1467755287885666, -0.040938131511211395, -0.8072404861450195, -1.8728065490722656, -1.01449716091156, 0.2729949653148651, -1.3770458698272705, 1.159318447113037, 0.9815003275871277, 0.7247845530509949, 1.5899443626403809, 1.8944875001907349, 0.6833204030990601, -0.22225451469421387, 1.3516474962234497, -1.433727741241455, -0.0009581521153450012, 1.2971479892730713, -1.9375466108322144, 1.5423519611358643, -0.2104589343070984, -0.4010150730609894, 0.7260774970054626, -2.7839314937591553, 0.29123252630233765, -1.6143393516540527, -0.7386494874954224, 0.5727890133857727, -1.073291301727295, -1.7266156673431396, 1.077911138534546, -1.5601102113723755, -0.9305385947227478, 0.3555257022380829, -0.8423827290534973, 3.0052454471588135, 0.1232055276632309, -0.6426529884338379, -0.22436675429344177, 0.8183581233024597, -0.7579254508018494, -1.5218119621276855, 1.5816938877105713, -0.7205736041069031, -1.087050437927246, -0.29204925894737244, -1.4314491748809814, -1.5611048936843872, 2.48313307762146, 0.20163603127002716, -2.3768322467803955, 0.735773503780365, -0.2753394842147827, -0.4898192286491394, -0.21578431129455566, -1.7429836988449097, 0.22975072264671326, -1.137338638305664, 0.1491696685552597, 1.1390517950057983, 0.7523439526557922, -1.2194786071777344, -0.46120354533195496, 0.8633548021316528, 1.8841954469680786, -0.27429306507110596, -1.4698289632797241, 1.644723892211914, -0.48582443594932556, -2.237661361694336, -0.6166583299636841, -0.022493086755275726, -0.05777718126773834, 0.5506270527839661, 2.7376744747161865, 1.1845831871032715, -0.4689445197582245, -0.37592190504074097, -1.1933585405349731, 0.21662378311157227, 1.3291212320327759, 1.0700539350509644, -1.27352774143219, 0.12085805833339691, -1.0834333896636963, 0.02973535843193531, 0.5804165601730347, -0.2472265362739563, -0.1424536108970642, -0.2968447208404541, 1.4204314947128296, -0.34994828701019287, 0.44800904393196106, 0.15216805040836334, -0.8427249789237976, -0.5649524927139282, 0.5533833503723145, 0.519679844379425, 2.0647573471069336, -1.1608734130859375, 1.5313414335250854, -0.10064123570919037, -0.21284280717372894, -0.8288154006004333, 0.05211188271641731, -0.9921438097953796, -0.5213012099266052, -1.0343225002288818, 0.5441089272499084, 0.09776962548494339, -0.26685643196105957, 0.5769504308700562, 0.24287287890911102, -0.6688295602798462]",yunet,Facenet,1920,1080,/home/amos/media/tv/modern_family/Modern.Family.S09.1080p.DSNP.WEB-DL.DDP5.1.H.264-CRFW/Modern.Family.S09E17.Royal.Visit.1080p.DSNP.WEB-DL.DDP5.1.H.264-CRFW.mkv,Modern Family,2009,1442437,9,17,Jesse Tyler Ferguson,204815.0,0.506
863,1056,138,1434,624,1278,330,1116,330,0.935,21888,0,"[-1.6016530990600586, -1.8300713300704956, -0.6749011874198914, 0.4193592965602875, -0.2977534234523773, -0.5645920634269714, 0.5705005526542664, 0.4997081160545349, 2.324148654937744, -1.003251314163208, 0.7653904557228088, -2.1491005420684814, -0.16738516092300415, 0.34888365864753723, -2.0280072689056396, 0.6323840022087097, -0.6412274837493896, -0.36485612392425537, -1.6572821140289307, -0.2438381165266037, 1.5086625814437866, 0.7981323599815369, 0.7758556604385376, -0.9659899473190308, 0.8998363018035889, 1.377569556236267, 0.8977266550064087, -1.712490200996399, 1.7577990293502808, -0.6942731738090515, -1.660104751586914, 1.6871118545532227, -0.7550339102745056, 0.17100754380226135, 1.2507652044296265, 0.05981365963816643, 0.40494394302368164, -0.7282447814941406, -0.5314828753471375, -1.8578674793243408, 0.22645756602287292, 0.9011684060096741, -0.9012919664382935, -0.8068234920501709, -0.3510151207447052, -1.414867877960205, -0.8964556455612183, -0.2618663012981415, -0.5424609184265137, 1.1692850589752197, -0.13395442068576813, 0.5032883882522583, -1.4393370151519775, -0.028455521911382675, -0.6228986382484436, -0.5421315431594849, 1.7949771881103516, 0.29947298765182495, -1.2141709327697754, -1.1516962051391602, -0.38672488927841187, -0.14254695177078247, -0.18977829813957214, 1.5761526823043823, -0.44297587871551514, 2.0071916580200195, 1.0358185768127441, 1.2642933130264282, -0.025971174240112305, -1.4889696836471558, 0.061699267476797104, 0.22381591796875, -0.8705561757087708, -0.5199744701385498, 1.3733868598937988, -0.9015306830406189, -0.47051405906677246, 0.16562557220458984, -1.1135315895080566, -1.619836449623108, -1.5737144947052002, 0.6680302619934082, -0.6068211197853088, -1.1709372997283936, -0.5225110054016113, -0.42073747515678406, -0.9346730709075928, -0.6134644150733948, -0.8530169725418091, -0.5163642764091492, 0.5119925141334534, -0.1950283795595169, 0.24459445476531982, 0.45727887749671936, -0.48902320861816406, 2.370332717895508, -0.6434841752052307, 1.1733295917510986, -0.7211629152297974, -1.6204975843429565, 0.03199315816164017, -0.21131449937820435, -0.05493248999118805, -0.8619518876075745, 0.9446198344230652, 0.9728568196296692, 0.4305632412433624, -0.49201563000679016, -0.12924741208553314, 0.26093825697898865, 1.1874439716339111, -0.1743670254945755, 2.5202763080596924, -0.11697106063365936, 0.13165749609470367, 0.9518083333969116, 0.7075246572494507, -1.3652547597885132, -1.8345582485198975, 0.681441605091095, 0.23273098468780518, -0.14654313027858734, 0.8495510220527649, -0.7941176295280457, 0.3115141987800598, 0.06163112074136734, -0.29443591833114624, 0.01890779286623001]",yunet,Facenet,1920,1080,/home/amos/media/tv/modern_family/Modern.Family.S09.1080p.DSNP.WEB-DL.DDP5.1.H.264-CRFW/Modern.Family.S09E17.Royal.Visit.1080p.DSNP.WEB-DL.DDP5.1.H.264-CRFW.mkv,Modern Family,2009,1442437,9,17,Jesse Tyler Ferguson,204815.0,0.835
864,450,168,780,588,726,306,576,312,0.933,21912,0,"[0.25930166244506836, -0.31224164366722107, -0.6298730969429016, 0.2872374355792999, 1.350385069847107, -0.872397780418396, 1.510406494140625, 0.991442084312439, 0.129967600107193, -0.1232045441865921, -0.738677978515625, -0.660204291343689, -0.7877146601676941, 0.9361695051193237, 0.6609276533126831, 0.4480419158935547, -1.1120661497116089, -1.823190689086914, -0.6291466355323792, 0.08044059574604034, -0.9694392681121826, 1.2138153314590454, 0.7626439332962036, 0.9153531789779663, 0.2856923043727875, 0.4666764438152313, 0.4521455466747284, 0.2818727493286133, 0.9859294295310974, -0.7614440321922302, -0.12550844252109528, 1.3506841659545898, -2.1101620197296143, 1.8299492597579956, -0.12225913256406784, -1.2702051401138306, 1.2629207372665405, -3.0077438354492188, 0.44524285197257996, -1.9038376808166504, -0.9009525775909424, -0.6397433876991272, -1.0656598806381226, -1.3364402055740356, 0.4300260543823242, -0.25311318039894104, -0.9562495946884155, -0.8132433891296387, -1.207226037979126, 3.0105695724487305, -0.8030204772949219, -0.21132677793502808, -0.5048931837081909, 0.7971140146255493, -1.7800132036209106, -1.4103666543960571, -0.22654126584529877, 0.534436047077179, -0.900021493434906, -0.8987746238708496, -2.1254937648773193, -1.114750623703003, 1.4772108793258667, 0.6124181151390076, -2.146352529525757, 0.2946167588233948, 0.23411700129508972, -0.6511256694793701, 0.5526981949806213, -1.6614559888839722, 0.536533772945404, -1.4753228425979614, 0.8632358312606812, 1.2346854209899902, -0.6815526485443115, -0.7153876423835754, 0.01681600511074066, 0.29150888323783875, 0.7754260301589966, -0.28371649980545044, -1.0958293676376343, 1.4180039167404175, -0.6765338778495789, -2.169262170791626, -0.6425502896308899, -1.495741367340088, 0.3806348741054535, -0.00034340471029281616, 1.0235754251480103, 1.0287139415740967, -0.717177152633667, -1.1691290140151978, -1.8643524646759033, -0.23500850796699524, 1.218522548675537, 0.04606018587946892, -0.9911124110221863, 0.35301947593688965, 0.12183938920497894, 0.3266628682613373, -0.8581778407096863, 0.7232281565666199, 0.18430563807487488, 0.11106284707784653, 0.18345612287521362, 0.8263061046600342, 1.41128671169281, -0.3662986755371094, -1.1333414316177368, -0.7141740322113037, 0.7166066765785217, 0.5180057287216187, 2.1243317127227783, -1.4111392498016357, 1.983414649963379, 0.751441240310669, 1.4871957302093506, -1.004204511642456, -1.5647512674331665, -0.4235377013683319, -0.6025394201278687, -0.17072317004203796, 0.8674430251121521, 0.10800614953041077, -1.0474473237991333, 0.8527429103851318, -0.08661359548568726, 0.1955002397298813]",yunet,Facenet,1920,1080,/home/amos/media/tv/modern_family/Modern.Family.S09.1080p.DSNP.WEB-DL.DDP5.1.H.264-CRFW/Modern.Family.S09E17.Royal.Visit.1080p.DSNP.WEB-DL.DDP5.1.H.264-CRFW.mkv,Modern Family,2009,1442437,9,17,,,
865,408,156,738,564,684,288,558,288,0.93,21936,0,"[0.6193426847457886, 0.06331378221511841, -1.351210594177246, 0.670771598815918, 0.9106598496437073, -0.641167938709259, 1.7260998487472534, 0.3151645064353943, 0.07893549650907516, -0.1905861645936966, -1.3517251014709473, -0.3415199816226959, -1.0046437978744507, 1.2557475566864014, 0.7187074422836304, -0.22055579721927643, -0.6666233539581299, -1.8014442920684814, -0.1641412228345871, -0.3556061089038849, -0.9590680599212646, 0.9878484010696411, 0.7709118127822876, 1.0643939971923828, 1.106858491897583, 0.8232000470161438, 0.21652141213417053, -0.21274840831756592, 1.1945879459381104, -0.956643283367157, 0.025859162211418152, 1.1628077030181885, -2.53960919380188, 2.1922943592071533, 0.4980989098548889, -1.4802154302597046, 1.182451844215393, -2.774672746658325, 0.2961727976799011, -1.6157199144363403, -1.5321078300476074, 0.5697125792503357, -0.6541627645492554, -1.5207877159118652, 0.41224434971809387, 0.05902835354208946, -1.1961175203323364, -0.19994251430034637, -1.0049434900283813, 2.962883949279785, -0.567596435546875, -0.6646955609321594, -0.6264750361442566, 0.8813210129737854, -1.5441999435424805, -1.2875452041625977, -0.10267645120620728, 0.18936793506145477, -1.1644163131713867, -0.9238907098770142, -1.8646568059921265, -0.6028280258178711, 1.5513819456100464, 0.3791863024234772, -2.3577957153320312, 0.8668245673179626, -0.3682069778442383, 0.19521163403987885, 0.7596209645271301, -1.4307688474655151, 1.356666088104248, -1.0134124755859375, 0.919428288936615, 1.0512930154800415, -0.5265847444534302, -0.7638787627220154, 0.7203490734100342, 0.3415158689022064, 0.6824795007705688, -0.3598030209541321, -1.3033348321914673, 1.642490267753601, -1.2937010526657104, -2.265281915664673, -0.7550061345100403, -1.1255675554275513, 0.7334580421447754, -0.5244029760360718, 0.96202552318573, 1.1084134578704834, -0.2148188054561615, -0.7861000299453735, -1.3051207065582275, 0.011113060638308525, 1.1143895387649536, 0.6989942789077759, -0.44978469610214233, 1.3573448657989502, -0.04497092589735985, 0.6197733879089355, -0.4511844515800476, 0.5485756397247314, 0.908860981464386, -0.02842254750430584, 0.40881261229515076, 0.11401204764842987, 0.8359557390213013, -0.39981603622436523, -1.4454163312911987, -1.438328504562378, 0.635909378528595, 0.0753028392791748, 1.9394348859786987, -1.4946708679199219, 1.731244683265686, 1.02189302444458, 0.8500341176986694, -0.033059924840927124, -0.7323020696640015, 0.15319561958312988, -0.8164269924163818, -0.1808808296918869, 1.0634909868240356, 0.11611855775117874, -0.7420745491981506, 0.9384070038795471, -0.24735648930072784, -0.025250332430005074]",yunet,Facenet,1920,1080,/home/amos/media/tv/modern_family/Modern.Family.S09.1080p.DSNP.WEB-DL.DDP5.1.H.264-CRFW/Modern.Family.S09E17.Royal.Visit.1080p.DSNP.WEB-DL.DDP5.1.H.264-CRFW.mkv,Modern Family,2009,1442437,9,17,,,
866,390,150,726,600,636,300,486,312,0.936,21960,0,"[0.7380353212356567, 0.3442840874195099, -0.8007961511611938, 0.4876551926136017, 2.133448839187622, -0.3032243549823761, 2.17110276222229, 0.47745686769485474, -0.05792701244354248, 0.8042740225791931, -0.39560699462890625, -0.8285312056541443, -1.0139472484588623, 1.2817615270614624, 0.7092094421386719, 0.4966939687728882, -0.6668813228607178, -2.2046213150024414, -1.372302532196045, -0.7881163358688354, -0.973530650138855, 1.2337431907653809, 0.42535772919654846, 1.2450757026672363, 1.398508906364441, 1.2216004133224487, 0.47657039761543274, 0.3805473744869232, 0.890171229839325, -1.1246390342712402, 0.7949399948120117, 1.3197879791259766, -2.351628541946411, 1.798587441444397, -0.1737234890460968, -1.4246796369552612, 0.958038330078125, -2.4790191650390625, 0.40518784523010254, -1.3177777528762817, -1.3311556577682495, -0.06511116772890091, -0.48935815691947937, -0.803561270236969, -0.01643943600356579, 0.0036562811583280563, -1.0702505111694336, -0.8746439218521118, -0.09615343809127808, 2.6879706382751465, -0.5306668877601624, -0.3917345404624939, -0.9621105194091797, 0.38296663761138916, -0.9807465076446533, -1.2815228700637817, 0.4068527817726135, -0.8789457082748413, -0.4334948658943176, -0.4415329396724701, -2.357160806655884, -0.7614097595214844, 2.044055223464966, 0.4065626263618469, -1.7625083923339844, 0.23978038132190704, -1.1638699769973755, 0.6134462356567383, 1.0158318281173706, -1.1502423286437988, -0.5086022615432739, -0.46086421608924866, 0.5505843162536621, 0.4041317105293274, -0.3699328899383545, -0.20949974656105042, -0.15239545702934265, 0.10763087123632431, 0.35284557938575745, 0.6755386590957642, -1.4747240543365479, 1.9100085496902466, -0.8375853896141052, -1.9258959293365479, -0.7834551334381104, -0.516818106174469, -0.20214489102363586, 0.4312209486961365, 1.2728371620178223, 1.6217119693756104, 0.48649755120277405, -0.9448855519294739, -0.7494585514068604, -0.46708568930625916, 2.0001683235168457, 0.4020708501338959, -0.6174200773239136, 0.9998263120651245, 0.5808145999908447, 0.19663667678833008, -0.5393866300582886, -0.1360783874988556, -0.48906785249710083, -0.31376174092292786, 0.3434009552001953, -0.043975621461868286, 0.3834627866744995, 0.2661198377609253, -1.0663954019546509, -1.1176111698150635, 0.4547988772392273, 0.11285106092691422, 1.7617005109786987, -1.2667567729949951, 2.4396274089813232, 0.8116042613983154, 1.1879632472991943, -0.42987149953842163, 0.0007067397236824036, -0.12296852469444275, 0.2154051661491394, -0.35415756702423096, 0.8753554821014404, -0.028583556413650513, -1.1398096084594727, -0.33611735701560974, -0.210723415017128, -0.0395638570189476]",yunet,Facenet,1920,1080,/home/amos/media/tv/modern_family/Modern.Family.S09.1080p.DSNP.WEB-DL.DDP5.1.H.264-CRFW/Modern.Family.S09E17.Royal.Visit.1080p.DSNP.WEB-DL.DDP5.1.H.264-CRFW.mkv,Modern Family,2009,1442437,9,17,Eric Stonestreet,156962.0,0.567
867,498,180,840,630,768,348,618,348,0.941,21984,0,"[0.36265990138053894, 0.4111262857913971, -0.7654237151145935, 0.4453199803829193, 2.4881231784820557, -0.2619359791278839, 2.2803525924682617, 0.48873668909072876, 0.16725027561187744, 0.27591705322265625, -0.7330448031425476, -0.745309591293335, -0.9332324862480164, 1.0866360664367676, 0.41435202956199646, 0.3552014231681824, -1.057766079902649, -2.394221782684326, -1.605348825454712, -0.8047260046005249, -0.9541412591934204, 1.3539576530456543, 0.21995723247528076, 1.3594166040420532, 1.018243432044983, 1.33734130859375, 0.32490670680999756, 0.15290915966033936, 1.139979600906372, -1.2331141233444214, 0.7657918930053711, 1.0563745498657227, -1.9209835529327393, 1.3789198398590088, -0.44706761837005615, -1.6828713417053223, 0.8594403266906738, -2.7270572185516357, 0.4359308183193207, -1.619490623474121, -1.148491382598877, -0.2990555465221405, -0.7281341552734375, -0.751837968826294, 0.09542901068925858, -0.2027844935655594, -1.0897051095962524, -0.649928092956543, -0.35066473484039307, 2.4224958419799805, -0.4321337342262268, -0.013977240771055222, -0.9730204343795776, 0.08203890919685364, -1.152459979057312, -0.8621191382408142, 0.5290061235427856, -1.3488743305206299, -0.5035421252250671, 0.19559243321418762, -2.3437323570251465, -1.1149628162384033, 1.9948339462280273, 0.34359389543533325, -2.060446262359619, 0.3462120294570923, -0.8658706545829773, 0.5166904330253601, 1.195068597793579, -1.4364054203033447, -0.4990910291671753, -0.36786356568336487, 0.16549324989318848, 0.5862604975700378, -0.33243417739868164, -0.3277558982372284, -0.2832307815551758, 0.1003139317035675, 0.5170555114746094, 0.34212517738342285, -1.4387770891189575, 1.9367457628250122, -1.0494126081466675, -1.8679900169372559, -0.737007200717926, -0.7387313842773438, -0.06599971652030945, 0.12687137722969055, 1.3860149383544922, 1.6196231842041016, 0.153887078166008, -0.9613722562789917, -0.5209487676620483, -0.4613623321056366, 1.6799111366271973, 0.4212804138660431, -0.75071781873703, 0.9592363834381104, 0.33877643942832947, 0.008271269500255585, -0.3253946304321289, -0.632611870765686, -0.43641728162765503, -0.03508400171995163, 0.3299851715564728, -0.21816904842853546, 0.17973558604717255, -0.3729868233203888, -1.3209604024887085, -0.7112571597099304, 0.36080873012542725, 0.39914560317993164, 1.9948463439941406, -1.2543282508850098, 2.3688805103302, 0.6921333074569702, 0.9142862558364868, -0.3389883041381836, -0.3016485869884491, 0.13097353279590607, 0.23517879843711853, -0.3532020151615143, 0.8258551955223083, 0.5446014404296875, -1.28154718875885, 0.004536688327789307, -0.16713517904281616, 0.06786338984966278]",yunet,Facenet,1920,1080,/home/amos/media/tv/modern_family/Modern.Family.S09.1080p.DSNP.WEB-DL.DDP5.1.H.264-CRFW/Modern.Family.S09E17.Royal.Visit.1080p.DSNP.WEB-DL.DDP5.1.H.264-CRFW.mkv,Modern Family,2009,1442437,9,17,Eric Stonestreet,156962.0,0.547
868,576,138,954,630,882,312,732,318,0.937,22008,0,"[0.6032359600067139, -0.25124961137771606, -0.9195338487625122, 0.1390875279903412, 2.9763779640197754, -0.31495460867881775, 1.7675596475601196, 0.4159897565841675, 0.011546742171049118, 1.0411005020141602, -0.2865035831928253, -0.7068003416061401, -1.5943008661270142, 1.4252270460128784, 0.6948107481002808, -0.05160541087388992, -1.1544452905654907, -2.0746331214904785, -1.212308406829834, -1.7121353149414062, -1.67289400100708, 0.8377293348312378, -9.239837527275085e-05, 0.7288830876350403, 1.1778059005737305, 1.2503998279571533, 0.783652663230896, 0.31439775228500366, 0.24773009121418, -0.48123008012771606, 1.1176763772964478, 1.2761528491973877, -1.651300072669983, 1.512990117073059, -0.6022402048110962, -0.646511435508728, 0.8211627006530762, -2.1102447509765625, 0.5485985279083252, -1.105552077293396, -0.8306397199630737, -0.412533700466156, -0.46967336535453796, -0.6899070739746094, -0.4127277731895447, -0.7986614108085632, -1.0575255155563354, -0.45923498272895813, -0.7951907515525818, 2.165322780609131, -0.6159241795539856, -0.028658047318458557, -0.8177041411399841, 0.5151762366294861, -0.7416930794715881, -1.2447654008865356, 0.2993083894252777, -1.0779882669448853, -0.3898474872112274, -0.650642454624176, -2.119551420211792, -1.6521238088607788, 1.7772138118743896, 0.22025752067565918, -1.24088454246521, 0.07001177966594696, -1.8716628551483154, 1.1766897439956665, 0.1395745575428009, -0.8555305004119873, -0.3196553885936737, -0.746558666229248, 0.4996568560600281, 0.44756853580474854, -0.0643402487039566, 0.2872409224510193, 0.43043676018714905, 0.4094395637512207, 0.1414821743965149, 1.003862977027893, -1.7890554666519165, 1.8987051248550415, -1.2134981155395508, -1.1835476160049438, -0.8927695751190186, -0.5593531727790833, -0.2610889971256256, 0.4671412706375122, 1.7212125062942505, 1.723288893699646, -0.036677755415439606, -1.1098335981369019, -0.5606896281242371, -0.7688553333282471, 1.8420746326446533, 0.19792026281356812, -1.3324594497680664, 0.9767263531684875, 0.08814263343811035, -0.05159328132867813, -0.3753933906555176, -0.4382772743701935, -0.7421362996101379, -1.212198257446289, 0.4650499224662781, 0.10362397134304047, 0.19843024015426636, -0.6108353137969971, -0.35323232412338257, -0.9344977140426636, 0.4415055513381958, 0.47786206007003784, 1.2251930236816406, -1.2121508121490479, 2.974912166595459, 0.764008641242981, 0.5515396595001221, -0.6533195972442627, 0.27826127409935, 0.5898562073707581, -0.3560691475868225, -0.41702035069465637, 0.9042320251464844, 0.5900440216064453, -0.6601595282554626, -0.05056453496217728, 0.3539654016494751, 0.9175596833229065]",yunet,Facenet,1920,1080,/home/amos/media/tv/modern_family/Modern.Family.S09.1080p.DSNP.WEB-DL.DDP5.1.H.264-CRFW/Modern.Family.S09E17.Royal.Visit.1080p.DSNP.WEB-DL.DDP5.1.H.264-CRFW.mkv,Modern Family,2009,1442437,9,17,Eric Stonestreet,156962.0,0.573
869,1092,162,1494,678,1326,348,1152,342,0.936,22032,0,"[-0.7779339551925659, -1.1608299016952515, -1.2919559478759766, -0.8665030002593994, -0.3500922918319702, 0.2834981381893158, -0.1509786695241928, 1.0489283800125122, 1.5708000659942627, -0.47135382890701294, 1.1696419715881348, -2.2234630584716797, 0.13124871253967285, 0.11054135859012604, -1.0139318704605103, 0.4273039698600769, -0.5122191905975342, -1.9154959917068481, -1.0441032648086548, -0.12344302237033844, 1.0433440208435059, 0.31085142493247986, 1.6775524616241455, -0.4394882321357727, 0.04072755575180054, 0.9197651147842407, 0.806631326675415, -2.0586981773376465, 2.009204626083374, -0.17438119649887085, -1.4580152034759521, 1.362114667892456, -0.645044207572937, 0.1973583996295929, 0.9180349111557007, -0.04253402724862099, 0.7489100694656372, 0.8185669183731079, 0.33518707752227783, -1.109528660774231, 0.16836944222450256, 1.2797731161117554, -0.9776138067245483, -0.6916802525520325, -0.2008899450302124, -0.7300184369087219, -0.5792582035064697, 0.3786141872406006, 0.09548521041870117, 0.9362595081329346, -0.6181452870368958, 0.6721480488777161, -1.1728529930114746, 0.5615507960319519, -1.590327501296997, -1.1767901182174683, 1.340408205986023, 0.831979513168335, -1.5621087551116943, -1.4236305952072144, -0.6241626739501953, -0.015592671930789948, -0.9850355982780457, 1.63888418674469, -1.2217341661453247, 1.3828855752944946, 0.7542366981506348, 0.439154714345932, 0.8233267664909363, -2.460231065750122, -0.7199437022209167, 0.6342132091522217, -1.6087881326675415, 0.22507570683956146, 0.6589935421943665, -0.08646252751350403, -1.178415060043335, 0.05818477272987366, -1.1240360736846924, -1.917526364326477, -1.7658281326293945, 0.7859258651733398, -0.5782716870307922, -1.1533758640289307, -0.2864219844341278, -0.7833436727523804, -0.07213647663593292, -0.16984429955482483, -1.5718185901641846, -0.6727532744407654, 0.2261911779642105, -0.21025902032852173, 1.0681530237197876, 0.9082245230674744, 0.25552332401275635, 3.2233238220214844, -0.8160189986228943, 0.9606876373291016, -1.3957726955413818, -1.9861371517181396, -0.23909613490104675, -1.1977651119232178, -0.2933375835418701, -0.09306030720472336, 0.11709816008806229, 1.2699556350708008, 0.34385377168655396, -0.1187136173248291, 0.45610368251800537, 0.2733404040336609, 1.161926507949829, -1.4152698516845703, 1.4733973741531372, -0.2362641990184784, -0.6619278192520142, 1.7120163440704346, 0.006633147597312927, -2.335967540740967, -1.9994906187057495, 0.32304999232292175, -0.36180543899536133, 0.16579774022102356, -0.046234309673309326, -0.9113456606864929, -0.16417361795902252, -0.24947339296340942, -0.5910118818283081, -0.9467357993125916]",yunet,Facenet,1920,1080,/home/amos/media/tv/modern_family/Modern.Family.S09.1080p.DSNP.WEB-DL.DDP5.1.H.264-CRFW/Modern.Family.S09E17.Royal.Visit.1080p.DSNP.WEB-DL.DDP5.1.H.264-CRFW.mkv,Modern Family,2009,1442437,9,17,Jesse Tyler Ferguson,204815.0,0.793
870,1152,174,1530,696,1374,384,1200,384,0.931,22056,0,"[-0.6398266553878784, -1.1349270343780518, -1.5588014125823975, -0.7072339057922363, -0.8026951551437378, -0.4880564212799072, -0.032215896993875504, 1.0818958282470703, 1.7578010559082031, -0.4256516098976135, 0.9000282287597656, -2.016690731048584, 0.13063521683216095, 0.31950658559799194, -0.97084641456604, 1.0036656856536865, -0.4153578281402588, -1.5229209661483765, -0.9568923711776733, -0.7353174686431885, 1.0527088642120361, 0.6915944814682007, 1.1889512538909912, -0.3928924798965454, 0.3233417570590973, 0.8997370004653931, 0.45671018958091736, -1.5972580909729004, 1.6199307441711426, -0.03877321258187294, -1.5348856449127197, 1.8470803499221802, -0.6073065400123596, 0.810207724571228, 1.0412367582321167, -0.5672603249549866, 1.2736485004425049, 0.3907166123390198, 0.10803043842315674, -1.1638920307159424, -0.23315846920013428, 1.4720535278320312, -0.4163230359554291, -0.9383787512779236, -0.7131853699684143, -0.6786882877349854, -0.7517449855804443, 0.2740970253944397, -0.17893058061599731, 1.4097669124603271, 0.03477422893047333, 0.2819206416606903, -1.3822792768478394, 0.6922174692153931, -1.1306976079940796, -1.2438340187072754, 1.4509036540985107, 1.2043489217758179, -1.6994619369506836, -1.8048444986343384, -1.1972382068634033, -0.009869065135717392, -0.9217561483383179, 1.8608956336975098, -0.4502085745334625, 0.7696913480758667, 0.6037796139717102, 0.3692823052406311, 0.01919175684452057, -2.720301389694214, 0.0880749374628067, 0.4361895024776459, -0.9371098279953003, 0.027590997517108917, 0.2532215416431427, -0.5008389353752136, -0.8060065507888794, -0.0028403066098690033, -0.947603702545166, -2.4185876846313477, -1.4547436237335205, 0.6916242837905884, -0.6541965007781982, -1.3502037525177002, -1.1955991983413696, -1.2224265336990356, -0.44430479407310486, -0.1424606740474701, -1.3982263803482056, -0.6318308115005493, 0.3757045269012451, -0.47784456610679626, 0.5818837285041809, 0.6111883521080017, 0.41413941979408264, 2.8547439575195312, -0.4821200668811798, 1.2264416217803955, -1.330331802368164, -1.9922524690628052, 0.2611985206604004, -1.0299310684204102, -0.47594374418258667, -0.5232845544815063, -0.13165313005447388, 1.1118991374969482, 0.30252397060394287, -0.721939206123352, 0.40802791714668274, 0.2821930944919586, 0.9707266092300415, -1.2752560377120972, 2.0449600219726562, -0.06953777372837067, -0.17498637735843658, 0.6890805959701538, 0.6819638013839722, -2.4451754093170166, -1.6822222471237183, 0.5898678302764893, -0.8733236193656921, -0.16225890815258026, 0.4224264621734619, -0.5725603103637695, 0.050140298902988434, 0.2679828703403473, -0.2336740344762802, -0.8134281635284424]",yunet,Facenet,1920,1080,/home/amos/media/tv/modern_family/Modern.Family.S09.1080p.DSNP.WEB-DL.DDP5.1.H.264-CRFW/Modern.Family.S09E17.Royal.Visit.1080p.DSNP.WEB-DL.DDP5.1.H.264-CRFW.mkv,Modern Family,2009,1442437,9,17,Jesse Tyler Ferguson,204815.0,0.799
871,1104,144,1506,654,1314,324,1152,324,0.939,22080,0,"[-0.532663106918335, -1.381278395652771, -1.2350698709487915, -0.9711226224899292, -0.4453447163105011, -0.008486779406666756, -0.33372247219085693, 1.3308517932891846, 2.1802682876586914, -0.31990841031074524, 0.5318852663040161, -1.5137535333633423, -0.5291884541511536, 0.2667884826660156, -1.0256072282791138, 0.3010181188583374, -0.6009721755981445, -1.7592759132385254, -0.5398697257041931, -0.8377586603164673, 1.2004021406173706, 0.11027473211288452, 1.3379913568496704, -0.4123491644859314, 0.6683257818222046, 0.42396077513694763, 0.6982074975967407, -2.289267063140869, 2.3379740715026855, -0.1496821492910385, -1.4527757167816162, 1.2035551071166992, 0.063863106071949, 0.41735804080963135, 0.7299096584320068, -0.27295979857444763, 0.9361299276351929, 0.4714888334274292, -0.13072317838668823, -1.2782104015350342, 0.004920937120914459, 1.4616594314575195, -1.0994300842285156, -0.537486732006073, -0.6674714684486389, -0.6058290600776672, -1.227897047996521, 0.729017972946167, -0.43069398403167725, 0.7330442667007446, -0.12085437774658203, 0.3798637092113495, -1.507502555847168, 0.7798758745193481, -1.233189582824707, -1.1407196521759033, 1.1978868246078491, 0.8531134128570557, -1.6191986799240112, -1.6465543508529663, -0.8637707829475403, -0.45636337995529175, -1.058626651763916, 1.1176552772521973, -0.7307034134864807, 1.46207594871521, 0.2620857357978821, 1.0469963550567627, 0.05873614549636841, -2.555255889892578, -0.3267049789428711, 0.5420656204223633, -1.6839940547943115, 0.2459331899881363, 0.4064773917198181, -0.45190003514289856, -0.2901186943054199, 0.14775891602039337, -1.2189401388168335, -1.7570067644119263, -2.240363597869873, 0.605019211769104, -0.6844416260719299, -1.4404312372207642, -0.7948735356330872, -1.5219906568527222, -0.0716189593076706, -0.5934557318687439, -1.3329102993011475, -0.4668659269809723, -0.06292194873094559, -0.4137496054172516, 0.9255033135414124, 0.6785564422607422, -0.14677125215530396, 2.4545297622680664, -0.6887136697769165, 1.3186805248260498, -1.4163897037506104, -1.6738775968551636, -0.0101320780813694, -1.1584255695343018, -0.09459614753723145, -0.027767116203904152, -0.09607110917568207, 1.5772331953048706, 0.00339472945779562, -1.0692130327224731, 0.34412190318107605, 0.6626200675964355, 1.0555490255355835, -1.4543298482894897, 1.609182596206665, -0.9675392508506775, -0.10966632515192032, 1.3924903869628906, 0.316543847322464, -2.2812814712524414, -1.431213140487671, 0.23548121750354767, -0.6833298206329346, 0.22198638319969177, 0.028183508664369583, -0.06474623829126358, 0.384390652179718, 0.1875888705253601, -0.7664382457733154, 0.010700024664402008]",yunet,Facenet,1920,1080,/home/amos/media/tv/modern_family/Modern.Family.S09.1080p.DSNP.WEB-DL.DDP5.1.H.264-CRFW/Modern.Family.S09E17.Royal.Visit.1080p.DSNP.WEB-DL.DDP5.1.H.264-CRFW.mkv,Modern Family,2009,1442437,9,17,Jesse Tyler Ferguson,204815.0,0.772
872,1002,156,1356,630,1200,330,1044,330,0.94,22104,0,"[-1.513059377670288, -1.9383606910705566, -0.8727197647094727, 0.8589898943901062, 0.4395162761211395, -0.22193557024002075, 0.008809823542833328, 1.6987754106521606, 2.626523971557617, -0.5050250887870789, 0.8578839302062988, -1.8978279829025269, -1.1958045959472656, 0.52247154712677, -1.2146062850952148, 0.2981460690498352, -0.04026024043560028, -1.1027283668518066, -1.4113094806671143, -0.46484702825546265, 0.6744693517684937, 0.11217609792947769, 1.7419899702072144, -0.6000565886497498, 0.38844144344329834, 0.7532135844230652, 0.62080979347229, -1.9355710744857788, 2.1005992889404297, -0.6650726795196533, -1.4765373468399048, 0.5840088725090027, -0.5490183234214783, -0.020699478685855865, 0.8944239616394043, 0.5600355863571167, 0.4144388735294342, 0.31141650676727295, -0.44358861446380615, -1.5583949089050293, -0.0788273736834526, 0.828926682472229, -1.221095085144043, -0.8268706202507019, -0.057775840163230896, -0.2784460186958313, -1.1977338790893555, 0.785784125328064, -0.6190683841705322, 1.5914424657821655, 0.23994451761245728, 0.846001386642456, -1.240912675857544, 0.6484494805335999, -1.1154685020446777, -0.4837799668312073, 1.339963674545288, 0.44406598806381226, -0.9919661283493042, -1.2528321743011475, -0.9744046330451965, -0.08376152068376541, -0.4550366997718811, 1.4422894716262817, -0.11653346568346024, 1.5946904420852661, 0.19964537024497986, 1.5519909858703613, -0.4221622347831726, -1.7510020732879639, -0.8062571287155151, 0.10049241781234741, -1.0439471006393433, -0.08475067466497421, 0.7591869235038757, -0.488476425409317, -0.4537605047225952, 0.0861583948135376, -1.9584665298461914, -1.1903104782104492, -2.585808753967285, 0.4565541744232178, -0.6197107434272766, -1.8105491399765015, -1.066175103187561, -1.3832560777664185, -0.28659823536872864, 0.005649000406265259, -1.1109129190444946, -0.6674944758415222, 0.43216782808303833, 0.21532726287841797, 0.8203844428062439, 0.5536074042320251, -0.5278591513633728, 1.5704870223999023, -0.2402976155281067, 1.4112685918807983, -1.3961164951324463, -0.9960522651672363, -0.11426711827516556, -0.6804494261741638, -0.37484657764434814, 0.03952070325613022, 1.0904908180236816, 1.386490821838379, 0.7022706866264343, -1.0947242975234985, 0.6324378848075867, 0.5230892300605774, 1.1447479724884033, -0.5723637938499451, 2.003723621368408, -0.6289920806884766, 0.08808328956365585, 0.8163810968399048, 0.5637418031692505, -1.516018271446228, -1.1113907098770142, -0.10834676027297974, -0.6604083776473999, -0.23213529586791992, 0.26318255066871643, -0.42856565117836, 0.365523099899292, -0.23508352041244507, -0.4082108736038208, 0.6878440380096436]",yunet,Facenet,1920,1080,/home/amos/media/tv/modern_family/Modern.Family.S09.1080p.DSNP.WEB-DL.DDP5.1.H.264-CRFW/Modern.Family.S09E17.Royal.Visit.1080p.DSNP.WEB-DL.DDP5.1.H.264-CRFW.mkv,Modern Family,2009,1442437,9,17,Jesse Tyler Ferguson,204815.0,0.848
873,318,156,666,594,594,282,450,288,0.937,22128,0,"[0.5877344608306885, 0.18188810348510742, -1.5489084720611572, 0.9357490539550781, 0.730181872844696, -0.8427959680557251, 1.6490205526351929, 0.176491841673851, 0.18367105722427368, -0.5840953588485718, -0.6296477317810059, -0.6526180505752563, -0.7232490181922913, 1.2558540105819702, 0.34687522053718567, 0.46618908643722534, -0.6039098501205444, -2.0921895503997803, -0.7856050133705139, -0.13148029148578644, -1.0789721012115479, 1.3716723918914795, 0.7685076594352722, 1.0141847133636475, 1.2058788537979126, 1.299949049949646, 0.8062431812286377, -0.21752354502677917, 1.4178510904312134, -0.8775946497917175, -0.7428914308547974, 1.5099045038223267, -2.543529748916626, 2.424830436706543, 0.14157061278820038, -1.248374581336975, 0.8587285876274109, -2.556279420852661, 0.6391535997390747, -1.1245008707046509, -0.8384002447128296, 0.3554835617542267, -0.5031806230545044, -1.1586332321166992, 0.3897164762020111, -0.03258597478270531, -0.8378211855888367, -0.6437418460845947, -0.7193185091018677, 2.740853786468506, -0.6582871675491333, -0.3468951880931854, -0.541572630405426, 0.716777503490448, -1.1686277389526367, -1.6123648881912231, 0.6451050043106079, 0.5575094819068909, -1.4092469215393066, -0.4885944724082947, -1.6906933784484863, -1.0353188514709473, 1.3058292865753174, 0.5023316740989685, -1.8686153888702393, 0.8202131390571594, -0.11787166446447372, -0.1053403913974762, 0.3563199043273926, -1.9622725248336792, 1.0555528402328491, -0.558879017829895, 0.8231018781661987, 1.2947794198989868, 0.014712141826748848, -0.7560967803001404, 0.6623625755310059, 0.8325428366661072, 1.2979544401168823, -0.4183075428009033, -1.3851484060287476, 1.820348858833313, -0.8327569961547852, -2.459836721420288, -1.0068747997283936, -0.5451815128326416, 0.02236103266477585, -0.3960333466529846, 0.8985507488250732, 0.5121781826019287, 0.25494322180747986, -0.3510461747646332, -0.6876057386398315, -0.2884482741355896, 1.738471269607544, 0.798873245716095, -0.7677097916603088, 1.471577763557434, -1.1433167457580566, -0.30391284823417664, -0.1857219785451889, -0.18718567490577698, 0.05139925703406334, 0.361806720495224, 0.45693880319595337, -0.05133279412984848, 1.1118985414505005, -0.6199026107788086, -1.7824347019195557, -1.1428560018539429, 0.6805602312088013, 0.5367409586906433, 2.7028496265411377, -1.281911849975586, 1.4287142753601074, 0.4054105877876282, 0.48158499598503113, -0.16139483451843262, -0.08783919364213943, 0.5099459290504456, -0.9269007444381714, -0.237877756357193, 1.3437386751174927, -0.4122038781642914, -0.7711347341537476, 1.154353380203247, 0.22842343151569366, 0.1145724356174469]",yunet,Facenet,1920,1080,/home/amos/media/tv/modern_family/Modern.Family.S09.1080p.DSNP.WEB-DL.DDP5.1.H.264-CRFW/Modern.Family.S09E17.Royal.Visit.1080p.DSNP.WEB-DL.DDP5.1.H.264-CRFW.mkv,Modern Family,2009,1442437,9,17,,,
874,1122,126,1548,678,1308,330,1176,330,0.93,22152,0,"[-0.5534477233886719, -1.4804306030273438, -0.5678428411483765, -0.6509708166122437, 0.2909438908100128, -0.6362417936325073, 0.08177019655704498, 1.164609432220459, 2.8185875415802, 0.03366168588399887, 0.42759430408477783, -1.0490273237228394, -0.958348274230957, 0.06967964768409729, -0.9760825634002686, 0.6596169471740723, -0.6371152400970459, -1.0830093622207642, -0.2956370413303375, -0.32639017701148987, 1.0677200555801392, 0.0829225406050682, 1.018302321434021, -0.45957550406455994, 0.5285910964012146, 0.38022658228874207, 1.0567163228988647, -1.486574649810791, 1.0098849534988403, -0.21817824244499207, -0.8609640598297119, 1.2354083061218262, 0.5778164863586426, -0.12408682703971863, 0.5333743095397949, -0.6385495066642761, 0.6913792490959167, -1.0557202100753784, -1.1999609470367432, -1.130990743637085, -1.251365303993225, 0.7738853693008423, -1.1431279182434082, -0.3962802588939667, -0.14158162474632263, -0.8595255017280579, -1.6382774114608765, 1.0564261674880981, -1.6978660821914673, 1.2244638204574585, 0.5495014190673828, 0.5996912717819214, -2.0290937423706055, 0.37736546993255615, -0.8358012437820435, -1.1361665725708008, 1.7506566047668457, 1.3382418155670166, -3.005505084991455, -1.5634809732437134, 0.022383369505405426, 0.02619490772485733, -0.47314512729644775, 1.4401743412017822, -0.9722692370414734, 1.1238101720809937, 0.45154979825019836, 1.1274482011795044, 0.08164867758750916, -2.7434747219085693, 0.30936163663864136, -1.20849609375, -0.8972295522689819, 0.1592283397912979, 0.9106519222259521, -0.4067298173904419, 0.07802222669124603, -0.18817946314811707, -1.2316771745681763, -1.7955007553100586, -2.0318925380706787, 1.0076308250427246, -0.5851731300354004, -1.5300993919372559, -1.187032699584961, -1.9829397201538086, 0.030792588368058205, -0.7348694205284119, 0.18673327565193176, -0.6353760957717896, -1.7468847036361694, -1.0030670166015625, 1.1572210788726807, 1.1569561958312988, 0.3472376763820648, 1.597983479499817, -1.5157279968261719, 1.5071460008621216, -2.2255423069000244, -1.05227792263031, 0.9960229992866516, -0.1425384283065796, -0.15746667981147766, -1.508231282234192, 0.3292679786682129, 0.33444201946258545, -0.19540666043758392, -1.233859658241272, 0.7131081223487854, 0.2749110162258148, 0.04356911778450012, -0.17981581389904022, 1.91033935546875, -1.2000713348388672, -0.3349529206752777, 1.9339001178741455, 0.2287003993988037, -1.9458861351013184, -1.9736970663070679, 0.5517080426216125, -1.1253300905227661, 0.3531047999858856, -0.022938668727874756, 0.21726040542125702, 1.9564093351364136, 0.19226565957069397, -0.9323707222938538, 0.8100631833076477]",yunet,Facenet,1920,1080,/home/amos/media/tv/modern_family/Modern.Family.S09.1080p.DSNP.WEB-DL.DDP5.1.H.264-CRFW/Modern.Family.S09E17.Royal.Visit.1080p.DSNP.WEB-DL.DDP5.1.H.264-CRFW.mkv,Modern Family,2009,1442437,9,17,Jesse Tyler Ferguson,204815.0,0.669
875,480,90,834,558,756,252,600,258,0.925,22152,1,"[0.9833348989486694, 0.25793948769569397, -0.5970154404640198, 0.7226834893226624, 0.8977279663085938, -0.3169577717781067, 2.2079052925109863, -0.5373983979225159, 0.2641753554344177, -0.05422050878405571, -0.15015006065368652, -0.7312410473823547, -1.0351125001907349, 1.144254207611084, -0.019696995615959167, 0.39918893575668335, -0.25434547662734985, -1.6722853183746338, -1.0100796222686768, 0.04838614910840988, -0.6184275150299072, 1.5863807201385498, 0.8699019551277161, 0.6712061166763306, 1.8314564228057861, 1.1016453504562378, 0.6773662567138672, -0.18774762749671936, 1.4616576433181763, -0.8761180639266968, 0.0375593900680542, 1.5366544723510742, -2.338292360305786, 2.503678560256958, 0.08858147263526917, -1.4366341829299927, 0.8356247544288635, -2.465693235397339, 0.4040192663669586, -1.3933014869689941, -1.21102774143219, -0.27441099286079407, -0.7383604049682617, -1.1758512258529663, 0.007724061608314514, -0.6089003682136536, -1.1452927589416504, -0.8452963829040527, -0.629518985748291, 3.0030033588409424, -0.2547298073768616, -0.2977941930294037, -0.4782564342021942, 0.31712061166763306, -0.8368942737579346, -1.259224772453308, 0.640110969543457, -0.03747475519776344, -0.7842828631401062, -0.30916228890419006, -1.5320889949798584, -1.3607710599899292, 1.8895978927612305, 0.4324631989002228, -1.3123947381973267, 0.3925987482070923, -0.20000192523002625, 0.41178181767463684, -0.04424601048231125, -1.360798954963684, 0.028882745653390884, -1.1426246166229248, 0.9640148878097534, 0.17596466839313507, 0.4259457588195801, -0.6484339237213135, 0.5837675333023071, 0.059495411813259125, 0.6887632608413696, -0.14205119013786316, -1.1098203659057617, 2.398655652999878, -0.7756856083869934, -2.0585198402404785, -1.0795724391937256, 0.07242077589035034, -0.4314497709274292, -0.3152936100959778, 1.2785389423370361, 0.7518746256828308, -0.10793831199407578, -0.5140976905822754, -0.7950401306152344, -0.8744111657142639, 2.317648410797119, 0.2019074708223343, -1.0100479125976562, 0.8438665270805359, -0.07446881383657455, -0.2585996389389038, 0.048357270658016205, 0.15931817889213562, -0.3477661907672882, 0.10097286850214005, 0.26675945520401, 0.37273383140563965, 0.9211976528167725, -0.08195425570011139, -1.1771289110183716, -2.1046464443206787, 0.3051469326019287, 0.8442369699478149, 2.402733087539673, -1.2448689937591553, 2.179257392883301, 0.09470032155513763, 0.6961497068405151, -0.1898498237133026, -0.05264585465192795, 0.8250721096992493, -0.16863462328910828, -0.5166860818862915, 1.5231019258499146, -0.6810038089752197, -0.6356785297393799, 1.068294644355774, 0.33468273282051086, 0.6337558627128601]",yunet,Facenet,1920,1080,/home/amos/media/tv/modern_family/Modern.Family.S09.1080p.DSNP.WEB-DL.DDP5.1.H.264-CRFW/Modern.Family.S09E17.Royal.Visit.1080p.DSNP.WEB-DL.DDP5.1.H.264-CRFW.mkv,Modern Family,2009,1442437,9,17,,,
876,306,144,660,594,588,282,450,288,0.933,22176,0,"[0.4008229970932007, -0.19627462327480316, -1.4190711975097656, 0.8288576602935791, 0.8823668956756592, -0.7934304475784302, 1.3222459554672241, -0.31548744440078735, 0.5584571957588196, -0.12155464291572571, -0.7086354494094849, -1.2532967329025269, -0.9066672325134277, 1.4070398807525635, -0.6605641841888428, 0.2108483910560608, -0.6345665454864502, -1.9262406826019287, -1.530659556388855, -0.18976877629756927, -0.5385195016860962, 1.993016242980957, 0.5286670327186584, 1.260210394859314, 2.09600830078125, 0.9553969502449036, 0.4123460054397583, -0.27601176500320435, 1.9944792985916138, -1.2101422548294067, 0.1474900245666504, 0.9014034271240234, -1.7053881883621216, 2.425424575805664, 0.06540584564208984, -0.7277854681015015, 0.6200808882713318, -2.499417543411255, 0.5809897184371948, -1.9704375267028809, -1.056281328201294, -0.09726915508508682, -0.9725483655929565, -1.2534464597702026, 0.06256984919309616, -0.8180173635482788, -1.210781216621399, -0.5878835916519165, -1.344736933708191, 2.3724515438079834, -0.8303323984146118, -0.5607049465179443, -0.8937926292419434, 0.4912858009338379, -1.5541908740997314, -0.7260908484458923, 1.1258882284164429, -0.7860722541809082, -0.8803658485412598, -0.3756278455257416, -1.6467132568359375, -0.9505704641342163, 1.320666790008545, 0.4337623417377472, -1.5928641557693481, 0.6215592622756958, -0.2357049286365509, 0.08727952837944031, 0.12771070003509521, -1.9793787002563477, 0.41922473907470703, -0.8487368822097778, 0.17375952005386353, 0.06908954679965973, 0.7075662612915039, -0.9402308464050293, 0.9187413454055786, 0.007035549730062485, 1.5755245685577393, -0.3494897484779358, -0.6723816990852356, 1.7126638889312744, -0.7368553280830383, -1.7112150192260742, -0.5149116516113281, 0.17957201600074768, -0.3509777784347534, 0.2319491058588028, 1.5391780138015747, 0.8799558877944946, 0.37506023049354553, -0.3292546570301056, -0.7864964008331299, -0.30063289403915405, 1.745072603225708, 0.717106819152832, -1.0295875072479248, 0.5366559028625488, -0.12023106217384338, -0.3057999610900879, 0.020742781460285187, 0.47446244955062866, -0.003152720630168915, -0.24007350206375122, 0.6586026549339294, 0.1375046968460083, 0.9278462529182434, -0.7860879898071289, -1.3773001432418823, -1.896061658859253, 0.8202858567237854, 0.4496898651123047, 2.090085506439209, -0.8787050843238831, 1.9126449823379517, -0.05118602141737938, 0.7834017276763916, 0.32990896701812744, -0.3863790035247803, 1.1388500928878784, -0.16174378991127014, -0.014981862157583237, 1.3043303489685059, -0.37993061542510986, -0.41610151529312134, 1.0719366073608398, 0.7456748485565186, 0.24213887751102448]",yunet,Facenet,1920,1080,/home/amos/media/tv/modern_family/Modern.Family.S09.1080p.DSNP.WEB-DL.DDP5.1.H.264-CRFW/Modern.Family.S09E17.Royal.Visit.1080p.DSNP.WEB-DL.DDP5.1.H.264-CRFW.mkv,Modern Family,2009,1442437,9,17,Eric Stonestreet,156962.0,0.53
877,1170,198,1524,654,1320,366,1224,366,0.902,22200,0,"[-0.3976317048072815, -0.5878924131393433, -1.1484763622283936, -0.49127301573753357, -0.0305350162088871, 0.025143494829535484, -0.9275769591331482, -0.09130951762199402, 2.4739444255828857, -1.1597965955734253, 1.6631056070327759, -2.132469415664673, 0.6239094734191895, -0.3978346586227417, -0.5259983539581299, 0.8358465433120728, -0.4798409044742584, -1.3549264669418335, -1.3026024103164673, -0.8302286863327026, 0.600053071975708, 0.9982690215110779, 1.4858109951019287, -0.23049914836883545, 0.38909482955932617, 0.30921226739883423, -0.139683797955513, -1.315176010131836, 1.7950114011764526, 0.131052628159523, -0.5326857566833496, 0.456997275352478, -0.237357035279274, 0.6664180755615234, 1.0360479354858398, 0.6489834189414978, 0.6165216565132141, 0.45713526010513306, -0.05811101198196411, -0.6978163719177246, 1.4158763885498047, 0.18533621728420258, -0.8191095590591431, -1.6244456768035889, -0.36214178800582886, -0.6395279765129089, 0.030545983463525772, 0.10446353256702423, -0.4470217227935791, 1.3260650634765625, -0.9921556115150452, 0.41612547636032104, -0.7617290616035461, 1.3533152341842651, -1.7765849828720093, -0.7532252669334412, 2.061500310897827, 0.20464538037776947, -2.4955453872680664, -1.3710302114486694, -0.45795243978500366, -1.1256356239318848, -0.13674931228160858, 1.6536892652511597, -0.49936774373054504, -0.3157021403312683, 1.4563515186309814, -0.6752602458000183, -0.04951507970690727, -3.008634090423584, 0.37843605875968933, 0.19643664360046387, -1.9335659742355347, 0.18116973340511322, 0.4006910026073456, -0.9251534938812256, -0.5964795351028442, -0.07024431228637695, -0.503282904624939, -2.3062710762023926, -0.4226689040660858, 0.11217407137155533, 0.7814963459968567, -1.3375723361968994, -0.27701276540756226, -0.7552667856216431, -0.47750124335289, 0.8425512313842773, -0.4856249690055847, -1.04404878616333, -0.3954801857471466, -0.8309889435768127, 1.903216004371643, 0.9889197945594788, 0.9736887216567993, 2.815518617630005, -1.676729679107666, 1.4599486589431763, -1.656592845916748, -1.9587292671203613, 0.8075230121612549, -0.23641544580459595, -0.31043845415115356, -0.2636440396308899, 0.20894500613212585, 2.34631085395813, -0.19075907766819, -0.0960812121629715, 0.21499550342559814, -0.6662706732749939, -0.10438129305839539, 0.6224372386932373, 1.2811323404312134, -0.569794237613678, -0.40653422474861145, -0.15541711449623108, 0.41399067640304565, -2.9053423404693604, -1.7415872812271118, 0.3465486764907837, -1.0916393995285034, -0.26847678422927856, 1.5460635423660278, -1.22772216796875, 0.8926293253898621, 0.7678634524345398, -0.24802586436271667, 0.36045506596565247]",yunet,Facenet,1920,1080,/home/amos/media/tv/modern_family/Modern.Family.S09.1080p.DSNP.WEB-DL.DDP5.1.H.264-CRFW/Modern.Family.S09E17.Royal.Visit.1080p.DSNP.WEB-DL.DDP5.1.H.264-CRFW.mkv,Modern Family,2009,1442437,9,17,Jesse Tyler Ferguson,204815.0,0.655
878,990,156,1344,606,1170,330,1038,318,0.93,22224,0,"[-0.19957789778709412, -1.5187067985534668, -0.7570193409919739, -0.8378673791885376, 0.11668556928634644, 0.09474579989910126, -0.11973917484283447, 0.8261238932609558, 2.3038249015808105, -0.882794976234436, 0.8036123514175415, -2.2595419883728027, -0.2716808021068573, 0.7496957778930664, -0.720592737197876, 0.5032010078430176, 0.0078321173787117, -1.7170835733413696, -0.5534394383430481, -0.6448512077331543, 0.6251875162124634, 0.5799874663352966, 1.2593709230422974, -0.010393612086772919, 0.1656116396188736, 0.42265215516090393, 0.4298204779624939, -2.431277275085449, 2.1212520599365234, -0.5339570641517639, -0.8927391767501831, 1.0337326526641846, -0.3860183656215668, 0.6758875250816345, 0.64236980676651, 0.8885189294815063, 0.6936274766921997, 0.7265346050262451, -0.31184884905815125, -0.8497209548950195, 0.2539093494415283, 1.0809279680252075, -0.9537991285324097, -1.022451400756836, -0.5975770950317383, -0.2174765020608902, -1.1053632497787476, 0.49244287610054016, -0.5267682671546936, 1.0630213022232056, -0.16269470751285553, 0.3737559914588928, -1.6350970268249512, 0.47116297483444214, -0.9418315291404724, -1.2545554637908936, 1.4067835807800293, 0.9803216457366943, -1.5479992628097534, -1.7617104053497314, -0.9519385695457458, -0.3564819097518921, -0.5694679021835327, 1.9090468883514404, -1.023708701133728, 1.2678782939910889, 0.9400461316108704, 0.1577051877975464, 0.5062500238418579, -2.6449508666992188, -0.3531487286090851, -0.24365420639514923, -1.35336434841156, -0.03688948228955269, 0.27074941992759705, 0.006371978670358658, -1.5713962316513062, -0.37892773747444153, -1.4470218420028687, -1.8490287065505981, -1.5464636087417603, 1.222209095954895, -0.37546440958976746, -1.3615339994430542, -0.9240853786468506, -1.188559651374817, -0.03986210376024246, 0.5271489024162292, -0.9367423057556152, -0.4125440716743469, 0.12369848042726517, -0.03934001922607422, 1.2397377490997314, 0.7928619384765625, 0.1628466248512268, 2.8205788135528564, -0.9900481104850769, 1.0536085367202759, -0.9451183080673218, -0.786733865737915, -0.38443320989608765, -0.9263514876365662, -0.7008104920387268, -0.2660346031188965, 0.2885635495185852, 0.9868636727333069, 0.3044213056564331, 0.22409090399742126, 0.7483227849006653, -0.7065878510475159, 0.5946153402328491, -1.2934694290161133, 1.758139967918396, -0.6261272430419922, -0.45509079098701477, 0.9027494192123413, 0.8668272495269775, -2.2678630352020264, -1.5973159074783325, 0.048745814710855484, -1.0425511598587036, 0.25018781423568726, 0.12171841412782669, -1.4950239658355713, 0.4508787989616394, 0.4927554428577423, -0.7212110161781311, -0.9793319702148438]",yunet,Facenet,1920,1080,/home/amos/media/tv/modern_family/Modern.Family.S09.1080p.DSNP.WEB-DL.DDP5.1.H.264-CRFW/Modern.Family.S09E17.Royal.Visit.1080p.DSNP.WEB-DL.DDP5.1.H.264-CRFW.mkv,Modern Family,2009,1442437,9,17,Jesse Tyler Ferguson,204815.0,0.85
879,984,168,1302,606,1146,324,1020,324,0.922,22248,0,"[-1.129623532295227, -1.0577712059020996, -0.26570796966552734, -1.1243993043899536, -0.19604063034057617, -0.2878103256225586, 0.3812049925327301, -0.9113125801086426, 2.1754746437072754, -0.5931397676467896, 1.8804799318313599, -2.1283645629882812, -0.6648655533790588, -0.9391041994094849, -1.3103599548339844, 1.1648770570755005, -0.13469228148460388, -0.38167446851730347, -1.0883946418762207, -1.2492728233337402, 2.1122548580169678, -0.18877598643302917, 1.1193969249725342, -0.2078080177307129, 0.48787176609039307, 1.5686976909637451, 0.35678163170814514, -2.3780670166015625, 1.9755842685699463, -0.22553537786006927, -0.6839933395385742, 1.1209834814071655, -0.19446736574172974, 0.726670503616333, 1.7452991008758545, 0.663005530834198, 0.8738934993743896, 0.26475629210472107, -0.2643916606903076, -1.5161430835723877, 0.5041919350624084, 0.8335399031639099, -0.561947226524353, -0.4351922869682312, -0.571755588054657, -0.7594854235649109, -0.42792558670043945, -0.09887135028839111, -0.021069876849651337, 0.3830762803554535, 0.5046263933181763, -1.1216669082641602, -1.1829429864883423, 0.23592625558376312, -0.2420612871646881, -0.7318590879440308, 1.718162178993225, 0.705278754234314, -0.08721943944692612, -1.2346174716949463, -0.4872646927833557, -0.6052883267402649, -0.6024235486984253, 1.2387380599975586, -0.28625449538230896, 1.3287789821624756, 0.6983726620674133, -0.013433502055704594, 0.8429164290428162, -1.6455357074737549, -0.3999483287334442, -0.2977031469345093, -1.6948468685150146, -0.3520088791847229, 0.268782377243042, -0.32790929079055786, -0.9550225734710693, 0.3144938051700592, -0.9051879048347473, -2.4024710655212402, -1.448798656463623, 0.5073495507240295, -0.5181514024734497, -1.5784857273101807, -1.1859772205352783, -0.2379506230354309, -0.31883302330970764, 0.4192652106285095, -0.9649460315704346, -0.052424293011426926, 0.19846183061599731, 0.08946239203214645, 0.9760286808013916, 0.3942470848560333, 0.14097607135772705, 2.5603833198547363, -0.8593312501907349, 0.1268415004014969, -0.2527846097946167, -1.030982255935669, -0.5221651196479797, -1.2211754322052002, -0.18191534280776978, -0.3414113223552704, 0.43940067291259766, 1.147942304611206, 0.018819060176610947, 0.7569001913070679, 0.25786420702934265, -0.370352566242218, 0.6797141432762146, -1.3329267501831055, 1.6996861696243286, 0.06646960973739624, -0.30562400817871094, 1.0113706588745117, 1.3445192575454712, -2.305628776550293, -1.490718126296997, 0.6772585511207581, -0.36338603496551514, -0.504802942276001, 0.8329038023948669, -1.1979345083236694, 0.0930347591638565, 0.3116420805454254, 0.19896064698696136, -1.5865461826324463]",yunet,Facenet,1920,1080,/home/amos/media/tv/modern_family/Modern.Family.S09.1080p.DSNP.WEB-DL.DDP5.1.H.264-CRFW/Modern.Family.S09E17.Royal.Visit.1080p.DSNP.WEB-DL.DDP5.1.H.264-CRFW.mkv,Modern Family,2009,1442437,9,17,Jesse Tyler Ferguson,204815.0,0.834
880,1284,486,1578,882,1476,642,1344,642,0.938,22272,0,"[-1.9863063097000122, -1.7577881813049316, -0.7977308034896851, 0.3642379939556122, -0.016341064125299454, -0.5293809175491333, -0.05604732036590576, 0.6779069304466248, 2.842552661895752, -0.42904555797576904, 1.470707893371582, -2.082554578781128, -0.44668298959732056, 0.19491690397262573, -1.6315579414367676, 0.3775094747543335, -0.1886228322982788, -1.0906779766082764, -2.0295450687408447, -0.4637835919857025, 1.4035106897354126, -0.3964218497276306, 1.0118046998977661, 0.1487952619791031, -0.09413734078407288, 0.7994898557662964, 1.5172178745269775, -1.9757460355758667, 1.5815600156784058, -0.9725489020347595, -1.5875773429870605, 1.1314914226531982, 0.18807867169380188, 0.18521010875701904, 0.645219087600708, 1.0077834129333496, -0.5726366639137268, -0.34443527460098267, -0.5423309206962585, -1.759826421737671, 0.4159018099308014, 0.04483383148908615, -0.9163990020751953, -0.5061361193656921, -0.2342529147863388, -0.7838658690452576, -0.6872727274894714, 0.3970267176628113, -0.7482214570045471, 0.554399847984314, 0.18167534470558167, 0.6017533540725708, -1.3638533353805542, -0.12411188334226608, -0.2605428397655487, 0.1489679366350174, 0.9697861075401306, 0.26113298535346985, -0.31374379992485046, -1.4105994701385498, -1.055672287940979, 0.27702850103378296, -0.6910855770111084, 1.6631611585617065, 0.24386563897132874, 1.4897429943084717, 0.051065124571323395, 0.7581892609596252, 0.03811340034008026, -2.051511287689209, -0.9016625881195068, -0.3692744970321655, -0.5530967116355896, -0.20991790294647217, 0.4252201020717621, -0.5658145546913147, -0.6698063611984253, -0.480063259601593, -1.4089267253875732, -2.2507824897766113, -1.5300300121307373, 0.1011243686079979, -0.7997726798057556, -0.9987503290176392, -0.0107603520154953, -1.0760632753372192, -0.5090823173522949, 0.2634304165840149, -0.885755181312561, -0.739532470703125, 0.252718448638916, 0.5706096291542053, 1.3410128355026245, 0.9345260262489319, -0.2020692229270935, 2.167536497116089, -0.3357328772544861, 1.116212010383606, -1.5415980815887451, -1.1156985759735107, -0.36467504501342773, -0.8649049401283264, -0.016352415084838867, -0.11725371330976486, 0.7831541299819946, 0.8152022957801819, 1.067184567451477, -0.19286251068115234, 0.10599835216999054, 0.12274216115474701, 1.662993311882019, -0.41564399003982544, 1.8327646255493164, 0.17419397830963135, -0.5647498369216919, 1.2658487558364868, 1.065019130706787, -1.164913296699524, -1.314337134361267, 0.7928447127342224, -0.5544264912605286, 0.046687051653862, 0.5348039865493774, -0.6330986618995667, 0.1973729431629181, 0.19544139504432678, 0.5447739958763123, 0.08243162930011749]",yunet,Facenet,1920,1080,/home/amos/media/tv/modern_family/Modern.Family.S09.1080p.DSNP.WEB-DL.DDP5.1.H.264-CRFW/Modern.Family.S09E17.Royal.Visit.1080p.DSNP.WEB-DL.DDP5.1.H.264-CRFW.mkv,Modern Family,2009,1442437,9,17,Jesse Tyler Ferguson,204815.0,0.894
881,822,204,1134,612,996,348,864,354,0.927,22272,1,"[-0.29967060685157776, -0.4001269042491913, 0.3474707007408142, -0.60722815990448, 1.7954829931259155, 1.4524704217910767, 1.2963991165161133, 1.4927897453308105, 1.5479122400283813, 1.018842101097107, 0.1918535828590393, -0.8807388544082642, -1.2648788690567017, -0.6329329013824463, -0.7538857460021973, 0.6125392913818359, -3.557159662246704, -1.2530086040496826, -0.582538366317749, 0.37310534715652466, 0.6553840637207031, 0.4728437066078186, 0.9002229571342468, 1.0622949600219727, -0.2079760879278183, -0.24900087714195251, 1.2322158813476562, -1.944379210472107, -1.6968632936477661, 0.15647265315055847, -1.314756155014038, -0.11724939942359924, -2.0304901599884033, -0.14585188031196594, -0.6730946898460388, -0.8793642520904541, -0.045073121786117554, 0.004745505750179291, 1.7260727882385254, -1.4798754453659058, -0.18377241492271423, -1.2829285860061646, -1.7166578769683838, -0.8072937726974487, -0.5101649761199951, 0.17652884125709534, 0.5320432186126709, -1.1700526475906372, -0.028672631829977036, -0.03604348748922348, -2.1733603477478027, 1.0402997732162476, 1.5277767181396484, -1.2057695388793945, -1.244295358657837, -2.397291898727417, 0.7453183531761169, 0.04734675958752632, -0.9248508214950562, 0.858972430229187, -0.17329880595207214, 0.36780959367752075, -0.057062242180109024, -0.6116827130317688, 0.3177100718021393, 0.023031115531921387, 1.3269182443618774, 0.5234748721122742, 1.1932902336120605, 0.4907192885875702, 0.355384886264801, 0.07059746980667114, -2.5578062534332275, 1.4492396116256714, -0.36436736583709717, -0.18038685619831085, -1.6113351583480835, 1.7878568172454834, 0.08414388447999954, 0.9531912803649902, -0.13018149137496948, -2.1791703701019287, 0.8528147339820862, 0.08318091183900833, 0.04892909526824951, 0.7742919921875, 0.5611498951911926, 0.06314116716384888, -0.905490517616272, -0.80768883228302, 1.6318010091781616, -1.667724609375, -0.3525463044643402, 1.110342264175415, 0.18532538414001465, 1.5123727321624756, -1.7081621885299683, 0.2530944347381592, 0.3343978226184845, 0.18692678213119507, -1.7045344114303589, -1.0281530618667603, -0.6771361231803894, -0.9426419734954834, -0.8171059489250183, -0.5049670338630676, -1.0263915061950684, -0.5206137895584106, -1.2741432189941406, 1.5653566122055054, 0.5456526279449463, -0.9472166895866394, 1.1715306043624878, -0.9153663516044617, -0.10111803561449051, 1.6706335544586182, -1.548021912574768, 0.11274309456348419, -1.6621135473251343, 1.2522505521774292, -0.28248119354248047, -0.38893434405326843, -1.7707422971725464, 0.6931150555610657, -0.9640130996704102, -1.224062442779541, -0.4434419870376587, -0.9120491147041321]",yunet,Facenet,1920,1080,/home/amos/media/tv/modern_family/Modern.Family.S09.1080p.DSNP.WEB-DL.DDP5.1.H.264-CRFW/Modern.Family.S09E17.Royal.Visit.1080p.DSNP.WEB-DL.DDP5.1.H.264-CRFW.mkv,Modern Family,2009,1442437,9,17,Steve Valentine,78311.0,0.687
882,900,234,1176,612,1098,378,966,378,0.928,22296,0,"[-0.3437407314777374, 0.542932391166687, 1.1983258724212646, -1.119511604309082, 1.3875914812088013, 1.1449203491210938, 0.8478742837905884, 0.9956551790237427, 1.8498914241790771, -0.014487097971141338, 0.4823790192604065, -0.24349673092365265, -0.7169052362442017, -0.16804367303848267, -0.4974638521671295, -0.4274272322654724, -3.2869436740875244, -0.6927213668823242, 0.3026595115661621, 0.7616163492202759, 0.21124044060707092, 0.04179006069898605, -0.20224830508232117, 0.6862770318984985, 0.037883318960666656, -0.9954087138175964, 0.5788142681121826, -1.8043144941329956, -1.9155434370040894, -0.4144635498523712, -1.6822701692581177, -0.8133231401443481, -1.948509693145752, -0.17412731051445007, -0.39218923449516296, -0.02884591370820999, 0.19668909907341003, -0.38658419251441956, 1.6515231132507324, -1.2277030944824219, -0.01303199864923954, -0.5402235984802246, -1.1649665832519531, 0.35802146792411804, -1.0908504724502563, 0.5508401393890381, -0.5452700257301331, -0.3827659487724304, 0.17370925843715668, 0.08541227132081985, -1.8689044713974, 1.1092504262924194, 1.692441463470459, -0.7950232028961182, -1.0453063249588013, -2.7357232570648193, -0.11184711754322052, -0.01715097948908806, -0.8266480565071106, 1.0833990573883057, 0.5622531771659851, 1.2513021230697632, -0.6957939863204956, -0.2869552671909332, 0.7184540629386902, 1.2416613101959229, 0.4991271197795868, -0.20945921540260315, 1.6979992389678955, 1.0198814868927002, 0.779924213886261, -0.3288257122039795, -2.556070566177368, 0.9796348214149475, -0.9547021985054016, 0.06078389286994934, -0.7247055768966675, 1.6583538055419922, 0.48332446813583374, 1.6635711193084717, 0.4063391089439392, -2.0954065322875977, 1.0037157535552979, 0.5017984509468079, 1.1632375717163086, 0.22507694363594055, 0.8005485534667969, -0.21272623538970947, -1.322289228439331, -0.9416269659996033, 1.6028488874435425, -0.6096389293670654, -0.6843265891075134, 1.0210914611816406, -0.7264434099197388, 2.23482608795166, -1.713598608970642, -0.21246562898159027, -0.33905795216560364, 0.28700631856918335, -1.8042724132537842, -0.5413856506347656, 0.023723319172859192, -0.8646314144134521, -1.7188135385513306, 0.1567806452512741, -0.6103618144989014, -0.6985369920730591, -1.4273128509521484, 0.688804566860199, 0.9117562770843506, -1.740178108215332, 0.5690102577209473, -0.7436391115188599, -0.3475838899612427, 2.427777051925659, -1.0415962934494019, 0.7241644859313965, -0.8963447213172913, 1.6245057582855225, -0.6190138459205627, -0.45322534441947937, -1.0740207433700562, -0.028015082702040672, -0.5188084840774536, -1.2664693593978882, 0.1884659379720688, -0.7749308347702026]",yunet,Facenet,1920,1080,/home/amos/media/tv/modern_family/Modern.Family.S09.1080p.DSNP.WEB-DL.DDP5.1.H.264-CRFW/Modern.Family.S09E17.Royal.Visit.1080p.DSNP.WEB-DL.DDP5.1.H.264-CRFW.mkv,Modern Family,2009,1442437,9,17,Steve Valentine,78311.0,0.791
883,1452,558,1764,942,1734,714,1608,708,0.92,22296,1,"[-1.5019062757492065, -1.9584869146347046, -0.6026263236999512, -0.37041524052619934, 0.17580600082874298, -1.2272462844848633, -0.08768770098686218, 0.09702952206134796, 2.2491984367370605, -0.650052547454834, 1.0361857414245605, -1.1497950553894043, 0.2467791587114334, -0.10254091024398804, -1.492668867111206, 1.1785959005355835, 0.06327942758798599, -1.5253393650054932, -0.9339056611061096, -0.6713429689407349, 0.6994545459747314, -0.11979878693819046, 0.8300121426582336, -0.3320508301258087, -0.492798388004303, 0.5638593435287476, 1.6313728094100952, -1.3705538511276245, 1.7239693403244019, -0.4599631130695343, -1.5124096870422363, 1.068379521369934, 0.24127766489982605, 0.14968937635421753, 0.21131588518619537, 1.0528701543807983, 0.049093276262283325, -0.5492606163024902, -0.21737194061279297, -1.2907952070236206, 0.4409797191619873, 0.7134443521499634, -1.5778679847717285, -0.32481980323791504, 0.1694100797176361, -0.6385383605957031, -1.651043176651001, -0.13435855507850647, -0.01088811457157135, 0.40428975224494934, -0.3061370849609375, -0.06638883054256439, -2.0612969398498535, 0.17321324348449707, -0.7587907910346985, -0.4206361174583435, 1.1992852687835693, 0.8008859157562256, -1.246699571609497, -1.3886877298355103, -1.271329641342163, -0.21552740037441254, -0.590916097164154, 1.5562399625778198, -0.7815727591514587, 1.9376636743545532, 0.8378626704216003, 0.2984499931335449, 0.7430511713027954, -2.218372344970703, -0.8308319449424744, 0.3766973912715912, -1.002051591873169, -0.027122870087623596, 1.057692289352417, -0.6302468776702881, -1.2578485012054443, -0.0870240181684494, -0.6738601922988892, -2.215358018875122, -1.8741511106491089, 0.8551201820373535, -0.6255131959915161, -1.8924230337142944, -1.0095175504684448, -1.2359000444412231, -0.7695220708847046, 0.5316286087036133, -1.6492295265197754, 0.022308971732854843, 0.4855511784553528, 0.2854442298412323, 1.2142285108566284, 0.5414060354232788, 0.03291022777557373, 1.86323082447052, -0.7081400156021118, 1.2453584671020508, -1.332756519317627, -0.7584967613220215, -0.2681701183319092, -0.43320345878601074, -0.04092562198638916, -0.30858057737350464, 1.0161385536193848, 1.171771764755249, 0.7969354391098022, -0.4337601959705353, -0.8802637457847595, -0.4598076641559601, 1.4593204259872437, -0.1539919376373291, 1.6327539682388306, -0.4749232828617096, 0.006572457030415535, 1.8977669477462769, 1.200204610824585, -1.3667700290679932, -1.4508700370788574, 0.6704593896865845, -0.7065663933753967, 0.0562872588634491, 0.971729040145874, -1.1703096628189087, 0.5943446159362793, -0.3048523962497711, -0.24957391619682312, 0.004435770213603973]",yunet,Facenet,1920,1080,/home/amos/media/tv/modern_family/Modern.Family.S09.1080p.DSNP.WEB-DL.DDP5.1.H.264-CRFW/Modern.Family.S09E17.Royal.Visit.1080p.DSNP.WEB-DL.DDP5.1.H.264-CRFW.mkv,Modern Family,2009,1442437,9,17,Jesse Tyler Ferguson,204815.0,0.869
884,1488,462,1800,876,1764,630,1638,630,0.932,22320,0,"[-1.3830853700637817, -1.9873474836349487, -0.785527765750885, -0.1774331033229828, 0.4042225778102875, -1.0908743143081665, 0.21676971018314362, 0.13308726251125336, 2.310981035232544, -0.6892597079277039, 1.1523972749710083, -1.476689100265503, 0.4992678165435791, -0.12694072723388672, -1.358140468597412, 1.138010859489441, 0.5101591944694519, -1.525987148284912, -1.005957841873169, -0.227168008685112, 0.7952957153320312, -0.10775589942932129, 1.2976422309875488, -0.3401626646518707, -0.35376426577568054, 0.8266528844833374, 1.644707441329956, -1.875160813331604, 1.4862396717071533, -0.646152913570404, -1.1612884998321533, 0.9170780777931213, 0.1479843407869339, 0.07457280904054642, 0.39792242646217346, 1.0107145309448242, 0.19151374697685242, 0.28421297669410706, 0.03152080625295639, -1.1299724578857422, 0.07274473458528519, 0.9963734745979309, -1.2199268341064453, -0.45553189516067505, 0.1709110140800476, -0.33592745661735535, -1.5276246070861816, -0.013372767716646194, 0.016026414930820465, 0.822465181350708, -0.32903653383255005, 0.20552849769592285, -2.044004201889038, 0.13043849170207977, -0.5170758366584778, -0.7631602883338928, 1.145546793937683, 1.0720930099487305, -1.1266088485717773, -1.4337278604507446, -1.0175014734268188, 0.0036372095346450806, -0.6902472376823425, 1.4561837911605835, -0.9263355731964111, 1.6187715530395508, 0.5499769449234009, 0.178359255194664, 0.746608316898346, -2.108236312866211, -0.9367491006851196, 0.10296930372714996, -1.336814522743225, -0.3124711513519287, 0.8757883310317993, -0.5402666926383972, -1.6762136220932007, -0.4450836777687073, -0.9011490345001221, -2.4478650093078613, -1.6053951978683472, 0.9860808849334717, -0.3721158802509308, -1.5670490264892578, -1.0520395040512085, -0.6174135208129883, -0.4488010108470917, 0.5981651544570923, -1.8688534498214722, -0.36503109335899353, 0.3968692719936371, 0.355918824672699, 1.3924977779388428, 0.5676802396774292, -0.004375331103801727, 2.2357215881347656, -0.7402365803718567, 1.060346245765686, -1.4250407218933105, -0.6997328996658325, -0.35058873891830444, -0.4489130675792694, -0.21607083082199097, -0.49265214800834656, 0.7976119518280029, 0.8196127414703369, 0.8249079585075378, -0.07471437752246857, -0.5584296584129333, -0.6313822865486145, 1.1412429809570312, -0.49922865629196167, 1.8514282703399658, -0.43768036365509033, -0.4164450764656067, 1.7406920194625854, 0.672538161277771, -1.4237477779388428, -1.4305737018585205, 0.4064902067184448, -0.6219056844711304, -0.008349025622010231, 0.7187037467956543, -1.506645679473877, 0.38922977447509766, -0.44365209341049194, -0.2330905944108963, -0.4433688521385193]",yunet,Facenet,1920,1080,/home/amos/media/tv/modern_family/Modern.Family.S09.1080p.DSNP.WEB-DL.DDP5.1.H.264-CRFW/Modern.Family.S09E17.Royal.Visit.1080p.DSNP.WEB-DL.DDP5.1.H.264-CRFW.mkv,Modern Family,2009,1442437,9,17,Jesse Tyler Ferguson,204815.0,0.898
885,882,168,1170,558,1062,318,930,324,0.926,22320,1,"[-0.7230708599090576, -0.7335513830184937, 0.7347367405891418, -0.39618411660194397, 1.3932735919952393, 0.8871681690216064, 1.4198368787765503, 1.2766865491867065, 1.952636480331421, 1.030688762664795, 0.523510754108429, -0.7362453937530518, -0.4464067816734314, -0.4203122854232788, -0.947614312171936, 0.24595259130001068, -3.1884329319000244, -0.6519598960876465, -0.3092041611671448, 0.8573894500732422, 1.1050142049789429, -0.10382605344057083, 0.3146904408931732, 0.7167853116989136, -0.33820825815200806, -0.48057645559310913, 1.319856882095337, -1.8246694803237915, -2.063910484313965, -0.7482147216796875, -1.6191376447677612, 0.08049898594617844, -1.6158286333084106, -0.13343816995620728, -0.731001615524292, -0.36631062626838684, -0.4965113401412964, -0.32896938920021057, 1.8672235012054443, -2.075545072555542, 0.12567272782325745, -0.531450629234314, -1.3924652338027954, -0.7587392926216125, -0.9606878161430359, 0.43700796365737915, -0.13629992306232452, -0.8715552091598511, -0.28432053327560425, 0.27801066637039185, -1.9251099824905396, 1.2071027755737305, 0.8557572960853577, -1.0851432085037231, -0.6847236156463623, -2.0924363136291504, 0.17917579412460327, 0.3457247316837311, -0.9778921604156494, 0.29602310061454773, 0.05047927796840668, 0.7815622091293335, -0.04645055532455444, -0.07214666903018951, 0.779863178730011, 0.22593091428279877, 0.7367885708808899, -0.06953159719705582, 1.4659407138824463, 0.7177689075469971, 0.32212087512016296, -0.24487793445587158, -2.3416550159454346, 1.0116403102874756, -0.5303930640220642, -0.742239236831665, -1.5201472043991089, 1.078608751296997, 0.030951887369155884, 1.0679696798324585, 0.2689555287361145, -2.683206796646118, 1.2458044290542603, 0.2638084888458252, 0.512257993221283, 0.8227421045303345, 0.750450849533081, 0.28445273637771606, -1.2472689151763916, -0.9910099506378174, 1.3747482299804688, -0.8697808980941772, -0.28191205859184265, 1.8777292966842651, -0.027659088373184204, 1.3763175010681152, -1.431586503982544, -0.10197845101356506, -0.07312789559364319, 0.23590214550495148, -1.8570904731750488, 0.0664394348859787, -0.19791480898857117, -1.1333353519439697, -0.9003937244415283, -0.2802960276603699, -0.48633766174316406, -0.6063673496246338, -1.666418433189392, 1.1885557174682617, 1.1885722875595093, -0.9387379288673401, 0.7941834926605225, -0.3451712429523468, -0.372834175825119, 2.2316935062408447, -1.007523536682129, 0.6089462041854858, -1.6240973472595215, 1.1226447820663452, -0.9892623424530029, 0.14252126216888428, -1.0785305500030518, 0.41903263330459595, -1.0916037559509277, -1.1902861595153809, -0.1610528975725174, -0.5235616564750671]",yunet,Facenet,1920,1080,/home/amos/media/tv/modern_family/Modern.Family.S09.1080p.DSNP.WEB-DL.DDP5.1.H.264-CRFW/Modern.Family.S09E17.Royal.Visit.1080p.DSNP.WEB-DL.DDP5.1.H.264-CRFW.mkv,Modern Family,2009,1442437,9,17,Steve Valentine,78311.0,0.777
886,1434,504,1740,894,1710,654,1566,648,0.934,22344,0,"[-1.5825883150100708, -2.451774835586548, -0.6759824156761169, 0.5767452120780945, -0.05060619115829468, -0.8893203139305115, -0.015427391976118088, 0.46722427010536194, 2.3407397270202637, -0.27073556184768677, 1.029162883758545, -1.9196209907531738, 0.6540756821632385, -0.18262967467308044, -1.494249701499939, 0.7367887496948242, 0.037636369466781616, -1.4213228225708008, -1.4003920555114746, -0.4684750735759735, 0.7271062135696411, 0.0758209079504013, 1.4165788888931274, 0.37687620520591736, 0.3388034701347351, 0.590613603591919, 1.8078570365905762, -1.6140905618667603, 1.7990893125534058, -1.0625313520431519, -1.4084476232528687, 0.9350574016571045, 0.4395025372505188, -0.2347613275051117, 0.43449610471725464, 1.1658961772918701, -0.14989082515239716, 0.4203917384147644, -0.4832954406738281, -1.423429250717163, 0.5270311832427979, 0.976163923740387, -1.0274592638015747, -0.42944473028182983, 0.011054079979658127, -0.09943194687366486, -1.0515798330307007, -0.15437740087509155, -0.27591472864151, 0.2999146282672882, 0.14730072021484375, 0.28426051139831543, -1.7783323526382446, -0.14110036194324493, -0.4001213312149048, -0.1422501504421234, 0.7294926047325134, 0.8098236918449402, -1.1984026432037354, -1.6133227348327637, -0.6960811018943787, -0.004347674548625946, -0.808793842792511, 1.0075328350067139, -0.7631546854972839, 1.5781513452529907, 0.41532668471336365, 0.5490263104438782, 0.5934339761734009, -2.318392515182495, -0.8377496600151062, 0.06804656982421875, -1.2666738033294678, -0.29582592844963074, 0.639249324798584, -0.627897322177887, -1.6074094772338867, 0.06141771003603935, -0.904199481010437, -1.9170093536376953, -1.1710275411605835, 0.4886888563632965, -0.339187890291214, -0.9780510663986206, -0.8899613618850708, -0.7079201936721802, 0.03550833836197853, 0.5044525265693665, -1.5332027673721313, -0.7423067688941956, 0.6953104734420776, 0.46768009662628174, 1.5476233959197998, 1.3579468727111816, -0.1178959310054779, 2.3321425914764404, -0.49948614835739136, 1.0198633670806885, -1.2326557636260986, -0.690385639667511, -0.5940768718719482, -0.2829720079898834, 0.08697560429573059, -0.6958897113800049, 0.6252526044845581, 0.5863658785820007, 0.5982721447944641, -0.2554812431335449, -0.45695188641548157, -0.3180151879787445, 1.0327068567276, -0.38370490074157715, 1.9489293098449707, -0.5567832589149475, -0.6372119784355164, 1.85230553150177, 0.6339726448059082, -1.3717315196990967, -1.6550780534744263, 0.3460196256637573, -0.8361481428146362, -0.17197421193122864, 0.5274224877357483, -0.7662439346313477, 0.6815310716629028, 0.05456743389368057, -0.1400853842496872, -0.22537367045879364]",yunet,Facenet,1920,1080,/home/amos/media/tv/modern_family/Modern.Family.S09.1080p.DSNP.WEB-DL.DDP5.1.H.264-CRFW/Modern.Family.S09E17.Royal.Visit.1080p.DSNP.WEB-DL.DDP5.1.H.264-CRFW.mkv,Modern Family,2009,1442437,9,17,Jesse Tyler Ferguson,204815.0,0.902
887,852,222,1134,600,1032,378,894,378,0.922,22344,1,"[-0.45409736037254333, -0.796736478805542, 0.6760457754135132, -0.19440969824790955, 1.1344101428985596, 1.0913732051849365, 1.6182494163513184, 1.396662712097168, 2.0701262950897217, 0.6948326230049133, 0.5338037014007568, -0.7860185503959656, -0.2851373255252838, -0.1412305235862732, -1.2746189832687378, -0.20595718920230865, -3.095310926437378, -0.6420074701309204, -0.10318440198898315, 0.7667809724807739, 0.910900354385376, -0.10028410702943802, 0.2963612377643585, 0.23177766799926758, -0.1939571350812912, -0.4393489360809326, 1.1164891719818115, -1.7613059282302856, -2.250767707824707, -1.08798348903656, -1.6863499879837036, 0.1847551167011261, -1.3416062593460083, -0.34914708137512207, -0.5887081027030945, -0.9067524075508118, -0.44015389680862427, -0.31067410111427307, 2.001134157180786, -2.043477773666382, -0.22430631518363953, -0.5457644462585449, -1.1582155227661133, -1.1282446384429932, -1.0004521608352661, 0.3691997230052948, -0.4617074728012085, -0.5121731758117676, -0.06036652252078056, 0.45282498002052307, -1.5725268125534058, 1.295918345451355, 0.7565636038780212, -1.3110986948013306, -0.2554285228252411, -2.063826084136963, 0.40965718030929565, 0.5618478655815125, -1.2775206565856934, 0.29116615653038025, -0.07524442672729492, 0.6412748098373413, 0.49171900749206543, -0.010871931910514832, 0.6756511926651001, 0.18496951460838318, 0.4670848548412323, -0.026142843067646027, 1.447629690170288, 0.5799401998519897, 0.416164755821228, -0.5819780230522156, -2.549145221710205, 0.9247162938117981, -0.7382094860076904, -0.9049475789070129, -1.617523193359375, 0.8445211052894592, 0.3118850588798523, 1.0784021615982056, 0.8715050220489502, -2.508759021759033, 1.4474124908447266, 0.06529515981674194, 0.323661744594574, 0.7360521554946899, 0.5243242979049683, 0.4210383892059326, -1.2953994274139404, -1.1026716232299805, 1.2562674283981323, -1.0078004598617554, -0.21592631936073303, 1.9311422109603882, -0.1456148475408554, 1.5375298261642456, -1.534812331199646, 0.26134541630744934, -0.40480393171310425, 0.1365058422088623, -1.6868423223495483, -0.3355768620967865, 0.1368231475353241, -0.8152356743812561, -1.2116950750350952, -0.3797103762626648, -0.30088216066360474, -0.9316295385360718, -1.858350157737732, 0.951690673828125, 1.1128109693527222, -0.9503874182701111, 0.7222795486450195, -0.2919437289237976, -0.3474641442298889, 1.6809298992156982, -0.9334073066711426, 0.7278785109519958, -1.0994899272918701, 1.1207492351531982, -1.3604989051818848, 0.1895992010831833, -0.9649806022644043, 0.7940142154693604, -1.0810339450836182, -0.6865915060043335, -0.30801212787628174, -0.2629672884941101]",yunet,Facenet,1920,1080,/home/amos/media/tv/modern_family/Modern.Family.S09.1080p.DSNP.WEB-DL.DDP5.1.H.264-CRFW/Modern.Family.S09E17.Royal.Visit.1080p.DSNP.WEB-DL.DDP5.1.H.264-CRFW.mkv,Modern Family,2009,1442437,9,17,Steve Valentine,78311.0,0.77
888,1404,498,1716,900,1638,648,1512,648,0.932,22368,0,"[-2.000645399093628, -2.2097206115722656, -0.7414812445640564, 0.41329947113990784, -0.09197389334440231, -0.8289615511894226, 0.004523169249296188, 0.48455339670181274, 2.317822217941284, -0.3992242217063904, 1.4181616306304932, -1.9532380104064941, 0.4220734238624573, -0.3580474257469177, -1.4424347877502441, 0.7916962504386902, 0.211156964302063, -1.1964592933654785, -1.6728399991989136, -0.44713449478149414, 1.242851734161377, -0.3300999701023102, 1.6283698081970215, 0.017696209251880646, 0.3796088695526123, 0.8981843590736389, 1.6661019325256348, -1.75318443775177, 1.4057766199111938, -1.0888116359710693, -1.4291787147521973, 1.2396907806396484, 0.39712950587272644, -0.09795279800891876, 0.9277410507202148, 0.795655369758606, -0.09754350781440735, 0.31418195366859436, -0.5387219786643982, -1.287723422050476, 0.22057995200157166, 0.6819322109222412, -0.7950124740600586, -0.2965855896472931, -0.009253153577446938, -0.25661933422088623, -0.9584081768989563, 0.21963317692279816, -0.08489024639129639, 0.602593183517456, 0.3583313822746277, 0.256816565990448, -1.3794869184494019, 0.0007625818252563477, -0.13961651921272278, -0.4443832039833069, 0.8117748498916626, 0.804510772228241, -0.9041872620582581, -1.699904203414917, -0.8174668550491333, -0.0065805986523628235, -0.872173011302948, 1.049452304840088, -0.5106951594352722, 0.9629063606262207, 0.1279592365026474, 0.3448929190635681, 0.5441375970840454, -2.3182027339935303, -1.0453519821166992, -0.27364131808280945, -1.4186006784439087, -0.4721549153327942, 0.401117205619812, -0.8714101910591125, -1.1695789098739624, -0.06145108863711357, -1.0458173751831055, -2.3357841968536377, -1.0444433689117432, 0.30532965064048767, -0.5643294453620911, -1.1597732305526733, -0.817649781703949, -0.47011488676071167, -0.21670934557914734, 0.34002256393432617, -1.6444940567016602, -0.7301602363586426, 0.46075668931007385, 0.27628427743911743, 1.38728666305542, 1.0399948358535767, -0.010852739214897156, 2.572047233581543, -0.21970422565937042, 0.8728179931640625, -1.3756146430969238, -0.8426377177238464, -0.40016114711761475, -0.6521673202514648, 0.14233048260211945, -0.3737548887729645, 0.2861950099468231, 0.6451840996742249, 0.7053920030593872, -0.15043850243091583, -0.21337957680225372, -0.1910172402858734, 0.932427704334259, -0.5709812045097351, 2.0515425205230713, -0.2961840033531189, -0.6485270261764526, 1.4176307916641235, 0.7788087129592896, -1.6401089429855347, -1.506629467010498, 0.25425422191619873, -0.7263049483299255, -0.5362746715545654, 0.49605369567871094, -0.7895194292068481, 0.43798214197158813, 0.06523608416318893, 0.14388656616210938, -0.05076340585947037]",yunet,Facenet,1920,1080,/home/amos/media/tv/modern_family/Modern.Family.S09.1080p.DSNP.WEB-DL.DDP5.1.H.264-CRFW/Modern.Family.S09E17.Royal.Visit.1080p.DSNP.WEB-DL.DDP5.1.H.264-CRFW.mkv,Modern Family,2009,1442437,9,17,Jesse Tyler Ferguson,204815.0,0.906
889,1218,204,1530,618,1398,360,1242,366,0.933,22392,0,"[-0.9283236265182495, -1.8117408752441406, -0.8887138366699219, -0.5240550637245178, 0.23215778172016144, 0.5307886600494385, -0.4255744516849518, 0.7017720341682434, 2.872816562652588, -0.9614418745040894, 1.7731444835662842, -2.2673628330230713, -0.5931472778320312, 0.002013064920902252, -0.8790627717971802, 0.49795418977737427, 0.5450941324234009, -1.3247811794281006, -1.4773719310760498, -0.23729829490184784, 1.6205426454544067, -0.37429279088974, 2.4503984451293945, 0.05909435823559761, 0.477111279964447, 0.8496169447898865, 1.2879549264907837, -3.1520376205444336, 2.092094659805298, -0.4207463562488556, -0.3637629449367523, 0.8893349766731262, 0.45575591921806335, 0.2821190357208252, 0.8827504515647888, 1.2648550271987915, 0.28512993454933167, 1.0771301984786987, -0.39901185035705566, -0.5309094190597534, 0.166321262717247, 0.5227403044700623, -0.9638863801956177, -0.8365439772605896, -0.5911237597465515, -0.05910833552479744, -1.0046635866165161, 0.15212050080299377, -0.33624160289764404, 0.8215380907058716, 0.15113113820552826, -0.23635704815387726, -0.6654971837997437, 0.6099296808242798, 0.17205187678337097, -1.1377581357955933, 0.8191530704498291, 0.5458806157112122, -0.9794826507568359, -1.9507843255996704, -0.8351472020149231, -0.16784293949604034, -0.6133559942245483, 0.8904231786727905, -0.794082522392273, 0.7302144169807434, 0.15318089723587036, 0.5520827174186707, -0.06607181578874588, -2.1239302158355713, -0.9978774189949036, 0.17740744352340698, -1.3304282426834106, -0.5495659112930298, 0.01614014431834221, -0.13924585282802582, -1.4091873168945312, -0.43425363302230835, -1.3985029458999634, -2.181534767150879, -1.7846070528030396, 0.7134640216827393, -0.4903990626335144, -1.2265814542770386, -0.4994702637195587, -0.21480867266654968, -0.4227955937385559, 0.4559241533279419, -0.6640113592147827, -0.8519981503486633, 0.5447102189064026, 0.43563058972358704, 1.0876544713974, 0.8110693693161011, -0.11822941899299622, 3.0999865531921387, -0.6853538751602173, 0.9310368299484253, -1.3348503112792969, -1.383653998374939, 0.06109406054019928, -1.2128398418426514, -0.3473320007324219, -0.12015324085950851, 0.5311360359191895, 0.8197486400604248, 0.489748477935791, 0.24439755082130432, 1.0439739227294922, -0.3689917325973511, 0.39770519733428955, -1.1589516401290894, 2.074963092803955, -1.1144359111785889, -0.7894792556762695, 0.8039495944976807, 0.16061954200267792, -2.223602771759033, -0.8318244218826294, -0.45437225699424744, -0.8067899346351624, -0.3798232972621918, 0.49524176120758057, -1.6039628982543945, 0.483187735080719, 0.10680422931909561, -0.173073872923851, -0.49470070004463196]",yunet,Facenet,1920,1080,/home/amos/media/tv/modern_family/Modern.Family.S09.1080p.DSNP.WEB-DL.DDP5.1.H.264-CRFW/Modern.Family.S09E17.Royal.Visit.1080p.DSNP.WEB-DL.DDP5.1.H.264-CRFW.mkv,Modern Family,2009,1442437,9,17,Jesse Tyler Ferguson,204815.0,0.812
890,1170,222,1326,432,1266,312,1200,312,0.932,22656,0,"[-2.0706465244293213, -1.012169599533081, -0.2204314023256302, -0.0406925342977047, 0.42090335488319397, -0.6703386902809143, 0.4928826093673706, 0.5723836421966553, 2.4626681804656982, -0.8912585377693176, 2.288867712020874, -1.9730713367462158, -0.2774602174758911, 0.13869088888168335, -1.2369163036346436, 0.6002975106239319, 0.02129083126783371, -0.9475997090339661, -1.9710726737976074, -0.8356367349624634, 0.6777756214141846, 0.07347622513771057, 0.7597997188568115, -0.6376552581787109, -0.08730722963809967, 0.7988800406455994, 0.2776426374912262, -1.3682712316513062, 0.7910736203193665, -0.8934711217880249, -1.3578380346298218, 0.9942184686660767, -0.6957255005836487, 0.38571619987487793, 1.1717545986175537, 0.8706174492835999, 0.09613526612520218, 0.2344522476196289, -0.11508816480636597, -1.0161162614822388, 0.4244562089443207, 0.4216642677783966, -1.1265755891799927, -0.2865842282772064, -0.47130194306373596, -0.8345960378646851, -0.7210260629653931, 0.030808862298727036, 0.00811556726694107, 1.193026065826416, 0.43831169605255127, 0.7904771566390991, -1.3326338529586792, -0.7110681533813477, -0.7931554913520813, -0.31664198637008667, 2.1280856132507324, 0.24336454272270203, -0.8213183283805847, -1.574750542640686, -0.6999061107635498, -0.28739821910858154, -0.8120932579040527, 1.5039620399475098, 0.3078863322734833, 0.5614966750144958, 0.2837466299533844, 0.45433035492897034, 0.3071264922618866, -2.4050633907318115, -1.2929154634475708, -0.3456989526748657, -1.322763204574585, -0.8335500359535217, 0.7926599383354187, -0.13147474825382233, -0.8967431783676147, -0.21059896051883698, -2.0965731143951416, -1.7899857759475708, -1.192441701889038, 0.6988370418548584, -0.8074790835380554, -1.4675544500350952, -0.8847385048866272, -0.5712032318115234, -0.4463498294353485, 1.164120078086853, -1.6805016994476318, 0.31674495339393616, 0.07339617609977722, -0.11722807586193085, 1.4189033508300781, 0.5301938652992249, 0.2502724826335907, 1.9843201637268066, -0.31305739283561707, 0.9497626423835754, -0.7678403854370117, -0.7964354753494263, -0.1675691455602646, -0.9317144751548767, -0.8211268782615662, -0.7768348455429077, 0.6770824193954468, 1.107467532157898, 0.7190462946891785, 0.2863718569278717, 0.5280781388282776, -0.44170793890953064, 1.2250990867614746, -0.29114824533462524, 1.7955173254013062, 0.19273661077022552, 0.09854043275117874, 1.0771803855895996, 1.5044925212860107, -1.9935340881347656, -1.1383652687072754, 1.1197056770324707, -0.8995254039764404, -0.37366336584091187, 0.20255416631698608, -1.1840232610702515, 0.2158232480287552, -0.29399120807647705, -0.5673925280570984, -0.046558354049921036]",yunet,Facenet,1920,1080,/home/amos/media/tv/modern_family/Modern.Family.S09.1080p.DSNP.WEB-DL.DDP5.1.H.264-CRFW/Modern.Family.S09E17.Royal.Visit.1080p.DSNP.WEB-DL.DDP5.1.H.264-CRFW.mkv,Modern Family,2009,1442437,9,17,Jesse Tyler Ferguson,204815.0,0.898
891,492,114,666,342,624,204,546,204,0.931,22656,1,"[-1.8475902080535889, 1.0532572269439697, -0.5069452524185181, 0.2920241057872772, 0.9365867376327515, 1.0042301416397095, -0.3147869110107422, 0.3125659227371216, 0.9848193526268005, -0.5511347651481628, 1.0379176139831543, 0.2529679834842682, -0.550988495349884, -0.6292678117752075, 1.0722404718399048, -0.6956695914268494, -1.422255277633667, -1.3030643463134766, -2.268082857131958, 1.5600826740264893, 0.0009587481617927551, -0.9639496207237244, 1.6361448764801025, 0.031641989946365356, -0.38800981640815735, -0.22576585412025452, 0.8453996181488037, -0.7945980429649353, -1.5093891620635986, 0.9557203650474548, -0.183966726064682, -1.1315563917160034, -2.201920986175537, -0.16692084074020386, 1.2157655954360962, 0.7292294502258301, -0.10719046741724014, 0.09301485121250153, 1.8809418678283691, 0.8293368816375732, 0.20698955655097961, -0.6099523305892944, -1.6310924291610718, -0.23328125476837158, -0.11879293620586395, -0.10954901576042175, 1.5930672883987427, -0.5931591987609863, -1.1123501062393188, 0.6404116153717041, -2.03766131401062, 1.3818336725234985, 2.5287041664123535, 0.2711569666862488, -1.4149832725524902, -1.2546000480651855, 0.18738800287246704, 1.0106730461120605, -0.5521853566169739, -0.4290524125099182, 1.0733907222747803, -0.32950127124786377, -1.0366287231445312, -0.9009386301040649, 0.5774877667427063, -1.0136590003967285, -0.09394287317991257, 0.869185209274292, 0.19936546683311462, -0.45247721672058105, 0.038656312972307205, 0.6820271015167236, -1.592893123626709, 0.4555555582046509, -0.8887693881988525, 0.4631148874759674, 1.0627895593643188, 1.4141167402267456, -0.9883304834365845, -0.47494828701019287, -0.781981348991394, -1.8359967470169067, 0.9471669793128967, 1.1130722761154175, 0.6862413287162781, 0.40493589639663696, 2.0271506309509277, -0.6007145643234253, -2.0480098724365234, -1.5387247800827026, -0.1519928276538849, -2.3815743923187256, -0.5451080203056335, -0.3729093372821808, -0.14646576344966888, 1.956244707107544, -0.6789357662200928, -0.13654126226902008, -0.04980144277215004, 0.02450253628194332, -1.435990810394287, 1.594118595123291, -0.41921961307525635, 0.0560283437371254, -0.572945773601532, 0.34700894355773926, 0.11064323782920837, -0.2826541066169739, 0.8360902070999146, 0.1883414387702942, 0.5778562426567078, -0.037902846932411194, 1.5430232286453247, -1.2995460033416748, -0.4008665382862091, 2.785292863845825, -1.7320603132247925, 0.5724270343780518, -0.544028639793396, 0.619218647480011, 0.0722164735198021, -0.7150254249572754, 0.10342175513505936, -1.5335534811019897, -0.5437329411506653, -1.4144248962402344, -0.17677995562553406, 0.8597488403320312]",yunet,Facenet,1920,1080,/home/amos/media/tv/modern_family/Modern.Family.S09.1080p.DSNP.WEB-DL.DDP5.1.H.264-CRFW/Modern.Family.S09E17.Royal.Visit.1080p.DSNP.WEB-DL.DDP5.1.H.264-CRFW.mkv,Modern Family,2009,1442437,9,17,Steve Valentine,78311.0,0.542
892,504,120,672,342,624,204,552,204,0.93,22680,0,"[-1.1305670738220215, 1.0979726314544678, -0.058908671140670776, -0.08908306062221527, 0.7633848190307617, 1.2483465671539307, -0.334757000207901, 0.1087990552186966, 1.171099066734314, -0.6402600407600403, 0.9512125849723816, 0.6108409762382507, -0.4771212339401245, -0.8979164361953735, 1.1530144214630127, -0.9365695714950562, -1.522614598274231, -1.1883161067962646, -2.0174007415771484, 1.3167619705200195, 0.9227656126022339, -0.573427140712738, 1.6425656080245972, -0.3761031925678253, 0.3143814504146576, -0.36957383155822754, 0.3669455945491791, -0.7440451979637146, -0.8745363354682922, 0.6284130215644836, -0.4204961359500885, -0.889014482498169, -2.2726168632507324, 0.03180626034736633, 1.3333073854446411, 0.5640703439712524, 0.1196240708231926, -0.47077202796936035, 1.2436656951904297, 0.07800554484128952, 0.27966079115867615, -0.3792615830898285, -1.6734856367111206, -0.27845409512519836, -0.6983358263969421, 0.5783042311668396, 1.319549322128296, -0.8172414302825928, -1.910569667816162, 1.082709550857544, -2.221245527267456, 0.6854720115661621, 2.3757004737854004, 0.45535755157470703, -1.1354684829711914, -1.1868796348571777, 0.033465977758169174, 0.8586580753326416, -0.4349358081817627, -1.2547682523727417, 0.7595548033714294, -0.6949517130851746, -0.650633692741394, -0.9633067846298218, 0.22700223326683044, -1.1314841508865356, -0.4053799510002136, 0.3259669542312622, -0.17613404989242554, -0.8983399868011475, 0.31242480874061584, 0.5993404388427734, -1.844070553779602, 0.33820009231567383, -1.195487141609192, 0.24962328374385834, 1.3138447999954224, 1.4767309427261353, -0.8162249326705933, -0.15869204699993134, -0.7987763285636902, -2.2255823612213135, 0.5631259679794312, 0.901665985584259, 1.2481698989868164, -0.4072161018848419, 2.140742778778076, -0.7228230237960815, -1.3718490600585938, -1.6027706861495972, -0.41321513056755066, -2.513434410095215, -0.7289479374885559, -0.45284920930862427, 0.17779584228992462, 1.657678246498108, -0.26875412464141846, -0.37375080585479736, 0.2764628529548645, -0.6577511429786682, -1.0587157011032104, 1.6173205375671387, -0.04528498649597168, 0.06254568696022034, -0.8216005563735962, 1.143218755722046, 0.34010058641433716, -0.7021883726119995, 1.2013922929763794, 0.3094293177127838, 0.8051105737686157, -0.20596913993358612, 1.6496509313583374, -1.3362445831298828, 0.21966733038425446, 2.734503746032715, -1.4628400802612305, 0.5493680238723755, -0.43414023518562317, 0.33634328842163086, -0.12251462042331696, -0.3630126714706421, 0.5424687266349792, -1.0074657201766968, -0.29560160636901855, -0.885566234588623, -0.3211882710456848, 1.2886005640029907]",yunet,Facenet,1920,1080,/home/amos/media/tv/modern_family/Modern.Family.S09.1080p.DSNP.WEB-DL.DDP5.1.H.264-CRFW/Modern.Family.S09E17.Royal.Visit.1080p.DSNP.WEB-DL.DDP5.1.H.264-CRFW.mkv,Modern Family,2009,1442437,9,17,Steve Valentine,78311.0,0.534
893,1320,216,1482,426,1392,300,1344,300,0.922,22680,1,"[-1.4895445108413696, -0.5253043174743652, -1.065743088722229, -0.5177305936813354, -0.03871440514922142, -0.11713705956935883, 0.23912687599658966, 0.42901256680488586, 2.7449002265930176, -1.0782743692398071, 1.5458593368530273, -1.8614133596420288, 0.2326933592557907, 0.5167521238327026, -1.7279154062271118, 1.0914342403411865, 0.0017684251070022583, -0.9617869853973389, -1.7183375358581543, -0.5615595579147339, 1.088424563407898, 0.7370184063911438, 1.1380771398544312, -0.7528888583183289, 0.09257690608501434, 0.6535119414329529, -0.03441646695137024, -1.7385525703430176, 1.0133055448532104, -0.6514632701873779, -1.4352357387542725, 0.6187381148338318, 0.010090646333992481, 0.368699312210083, 1.1360582113265991, 0.6861134767532349, 0.3621087372303009, 0.25885313749313354, 0.2573202848434448, -0.927740216255188, 0.22961479425430298, 0.3472575843334198, -0.7368829250335693, -0.6086606979370117, -0.3316132128238678, -0.3844435513019562, -1.6199332475662231, 0.03832615166902542, -0.11787645518779755, 0.7280641794204712, -0.09089496731758118, 0.41834738850593567, -1.7531185150146484, -0.07527707517147064, -1.1947402954101562, -0.23709864914417267, 1.6323803663253784, -0.02330581285059452, -0.5558762550354004, -2.0848095417022705, -1.0159342288970947, 0.6877374053001404, -0.8209018111228943, 1.839545726776123, 0.24371984601020813, 0.5070893168449402, 0.37600240111351013, 0.23513418436050415, 0.38915976881980896, -2.6960647106170654, -0.9430686831474304, 0.5272097587585449, -1.156001091003418, -1.278039574623108, 0.6597007513046265, -0.7509977221488953, -0.66127610206604, -0.6795827150344849, -1.0995290279388428, -2.4657950401306152, -0.5561386346817017, 0.5328004360198975, -0.9499662518501282, -1.1929419040679932, -0.8027013540267944, -0.9398849010467529, -0.8877883553504944, 0.8290897011756897, -2.001612663269043, -0.013712923973798752, 0.9601783156394958, -0.06927730143070221, 1.3565055131912231, 0.18220984935760498, -0.390228807926178, 2.378763198852539, 0.3795066475868225, 0.9276241660118103, -1.321990728378296, -1.039372205734253, -0.0901544988155365, -0.9132586121559143, -0.5283473134040833, -0.08124026656150818, -0.0625653862953186, 1.2395515441894531, 0.6415234804153442, -0.6606570482254028, -0.07075243443250656, -0.10751020163297653, 1.5362286567687988, -0.46456974744796753, 1.9350066184997559, 0.49602967500686646, 0.20260164141654968, 0.5426498651504517, 1.2005172967910767, -1.3188525438308716, -0.7338165044784546, 0.9509897828102112, -0.7877611517906189, 0.24862335622310638, 1.0620613098144531, -0.9723480939865112, 0.26238399744033813, -0.5953772664070129, 0.13236528635025024, -0.048609234392642975]",yunet,Facenet,1920,1080,/home/amos/media/tv/modern_family/Modern.Family.S09.1080p.DSNP.WEB-DL.DDP5.1.H.264-CRFW/Modern.Family.S09E17.Royal.Visit.1080p.DSNP.WEB-DL.DDP5.1.H.264-CRFW.mkv,Modern Family,2009,1442437,9,17,Jesse Tyler Ferguson,204815.0,0.853
894,816,126,1104,528,1056,270,936,270,0.928,22704,0,"[1.2977644205093384, 0.5983872413635254, -0.4232541024684906, -1.1465089321136475, 1.8032777309417725, 0.17783242464065552, 2.2510766983032227, 0.6771829724311829, 0.43692511320114136, 0.24883785843849182, -0.6753964424133301, -1.6436104774475098, -1.4836034774780273, 1.8275865316390991, -0.8094779253005981, 0.3188204765319824, -1.9794156551361084, -2.653650999069214, -0.4204290509223938, -0.6928991079330444, -0.47539740800857544, 2.3018622398376465, -0.19091978669166565, 1.3522902727127075, 0.8846695423126221, 0.5738515257835388, 0.29774731397628784, -0.7663394212722778, 0.5869165062904358, -0.23925571143627167, 0.3215724527835846, 1.2577885389328003, -1.927111029624939, 2.469273328781128, -1.067673683166504, -0.796541690826416, 1.0156193971633911, -2.1303372383117676, 1.1433517932891846, -1.8043490648269653, -0.8077700734138489, -1.051391839981079, -1.5020195245742798, -1.5993036031723022, -0.44373852014541626, 0.12999804317951202, -0.9785541296005249, -0.44341760873794556, -1.2958170175552368, 2.2530860900878906, -1.5598422288894653, 0.4983568787574768, -0.3897533714771271, -0.05914327874779701, -2.2597293853759766, -1.21465265750885, 0.12579622864723206, -1.061248540878296, -0.4938642978668213, 0.18866434693336487, -2.17734432220459, -0.4123644232749939, 0.4553798735141754, 0.9968796372413635, -1.011206865310669, -0.08093105256557465, 0.05203669145703316, -0.28451085090637207, 1.2165268659591675, -1.4041328430175781, 0.6188103556632996, -0.8649086952209473, 0.31478092074394226, 0.6345998048782349, -0.2445783019065857, -0.05276719108223915, 0.04319998621940613, -0.1929284930229187, 1.1344975233078003, 0.31523698568344116, -0.8102889060974121, 1.5237751007080078, -0.1540374457836151, -1.6784801483154297, 0.34870797395706177, -0.2710285782814026, 0.35333481431007385, 0.7612913250923157, 1.7750047445297241, 1.7670165300369263, -0.21901193261146545, -0.2887939512729645, -0.7515555024147034, -0.15183016657829285, 2.4020702838897705, 0.838543713092804, -1.2559142112731934, 0.5291097164154053, 0.5487684011459351, 0.3693525493144989, -0.14414596557617188, -0.3210257589817047, -0.5680435299873352, -0.7040848135948181, -0.7190116047859192, 0.3870545029640198, 0.9640534520149231, 0.4874574542045593, -1.1304547786712646, -1.9083703756332397, 0.7516323328018188, -0.6834052205085754, 1.1271120309829712, -0.7559840679168701, 2.277052402496338, 0.7213938236236572, 1.4566949605941772, 0.3138768672943115, -0.8489209413528442, 1.0469542741775513, 0.17775043845176697, 0.8011802434921265, -0.26909124851226807, 0.1747237741947174, -1.2118817567825317, 0.338467001914978, -0.015804994851350784, -0.27200639247894287]",yunet,Facenet,1920,1080,/home/amos/media/tv/modern_family/Modern.Family.S09.1080p.DSNP.WEB-DL.DDP5.1.H.264-CRFW/Modern.Family.S09E17.Royal.Visit.1080p.DSNP.WEB-DL.DDP5.1.H.264-CRFW.mkv,Modern Family,2009,1442437,9,17,,,
895,144,138,330,402,282,246,198,246,0.931,22728,0,"[-2.3843636512756348, 0.9099003076553345, -0.33329781889915466, 0.30310916900634766, 0.2722896635532379, 0.6174402832984924, 0.3157939612865448, 0.33610859513282776, 0.06783351302146912, -0.5417237281799316, 0.48271918296813965, 0.4105677008628845, -0.37727195024490356, -1.3266409635543823, 1.2343553304672241, -0.6728407144546509, -1.9058798551559448, -0.580082893371582, -1.9293020963668823, 1.2329771518707275, 0.6904994249343872, -0.8587971329689026, 0.5065253973007202, -1.0444645881652832, 0.07519681751728058, 0.12657158076763153, 1.1343557834625244, -0.23367753624916077, -0.6393164396286011, 0.919211745262146, -0.1960674524307251, -0.22036056220531464, -1.0413376092910767, -0.9693796038627625, 1.2426176071166992, -0.258432000875473, -1.1814336776733398, -0.1951313614845276, 1.1608014106750488, -0.3899215757846832, 0.09997325390577316, -0.017946066334843636, -3.043992280960083, -0.4186721742153168, 0.4074539840221405, -0.9779782295227051, 1.624485731124878, -0.09370168298482895, -0.7437893748283386, 0.6634531021118164, -2.450589179992676, 1.8836277723312378, 2.9752163887023926, 0.8081853985786438, -0.5587955117225647, -0.8634302020072937, 0.1673562377691269, 0.8043190836906433, -0.2384304404258728, 0.20145517587661743, 0.8454939126968384, -0.7722049951553345, -0.8806729912757874, -0.9738495349884033, 0.9139786958694458, -1.4699550867080688, 0.2713293433189392, 0.7586463689804077, 0.32986190915107727, -0.3228710889816284, -0.8450605869293213, 0.49944767355918884, -2.210257053375244, 0.19668962061405182, -1.329978346824646, -0.3689861297607422, 0.3422071933746338, 1.1168391704559326, -0.09156259894371033, -0.31659141182899475, -0.13355128467082977, -2.3466010093688965, 0.4479908347129822, 0.478159099817276, 1.518868327140808, 0.5881134271621704, 1.6690654754638672, -0.6854619383811951, -1.8077948093414307, -1.296080470085144, -0.5856761932373047, -1.2842350006103516, -0.9502774477005005, -0.6389690637588501, -0.44791680574417114, 1.6276699304580688, -1.1125606298446655, -0.8960463404655457, 1.1174507141113281, -0.23431822657585144, -1.3360176086425781, 2.169846773147583, 0.0038061290979385376, 0.11326167732477188, 0.23844024538993835, 0.837770402431488, -0.32249346375465393, -0.051542893052101135, 0.7796497344970703, 0.5279303193092346, -0.38266557455062866, -0.14297015964984894, 0.3306511640548706, -0.8628001809120178, -0.5698098540306091, 2.729257583618164, -1.7331247329711914, 0.31921935081481934, -0.38896119594573975, 0.9793105125427246, 0.8209863901138306, -0.09007556736469269, -0.4931817650794983, -0.5818512439727783, -0.05317796766757965, -0.6732193231582642, -0.271048367023468, 1.1283519268035889]",yunet,Facenet,1920,1080,/home/amos/media/tv/modern_family/Modern.Family.S09.1080p.DSNP.WEB-DL.DDP5.1.H.264-CRFW/Modern.Family.S09E17.Royal.Visit.1080p.DSNP.WEB-DL.DDP5.1.H.264-CRFW.mkv,Modern Family,2009,1442437,9,17,Steve Valentine,78311.0,0.571
896,1116,168,1302,408,1230,264,1158,258,0.928,22728,1,"[-1.6220217943191528, -0.8350393772125244, -0.5030943751335144, -0.7993183135986328, 0.17364835739135742, -0.019444458186626434, 0.19320674240589142, 0.17434725165367126, 2.814897298812866, -0.9002741575241089, 2.298813581466675, -2.0217044353485107, -1.0538127422332764, -0.7370548248291016, -1.8238563537597656, 1.2292041778564453, -0.13361693918704987, -0.8797475099563599, -1.6149863004684448, -1.3043197393417358, 1.178782343864441, 0.036067020148038864, 1.2919093370437622, -0.9502067565917969, 0.09626518189907074, 0.6933394074440002, 1.0300970077514648, -2.170260429382324, 0.5361030101776123, -0.0582985058426857, -1.5056596994400024, 0.8547245264053345, 0.3800045847892761, 0.19874882698059082, 1.1758379936218262, 1.6199350357055664, 0.08347644656896591, 0.22505813837051392, -0.5766846537590027, -0.9582866430282593, 0.42400115728378296, -0.29733824729919434, -1.0434552431106567, 0.2139354646205902, -0.21377165615558624, -0.8528581857681274, -0.9922911524772644, -0.018343117088079453, -0.31624776124954224, 0.6533346176147461, -0.02721380442380905, -0.3163149952888489, -0.5816664099693298, 0.19867558777332306, -0.4778732359409332, -0.8609100580215454, 1.2316780090332031, 0.13209369778633118, -0.8145431876182556, -1.9696483612060547, -1.4037492275238037, -0.027228720486164093, -1.0249097347259521, 1.093519687652588, 0.7545223832130432, 0.6650210618972778, 0.03340120613574982, 0.618047297000885, 0.10767927020788193, -2.0224368572235107, -0.8058377504348755, -0.38141775131225586, -1.7917468547821045, -1.220479130744934, 0.727735698223114, -0.08970768749713898, -1.0545932054519653, 0.28247588872909546, -0.7996528744697571, -2.1492116451263428, -0.49300864338874817, 0.4106919765472412, -0.8514035940170288, -1.7454378604888916, -0.2527124583721161, -0.38879311084747314, -1.1439472436904907, 1.238601803779602, -1.3351467847824097, 0.05053407698869705, 0.7743914723396301, 0.12647873163223267, 1.5516916513442993, 0.15372073650360107, -0.4615831971168518, 2.8713648319244385, -0.988737165927887, 0.5305820107460022, -1.3359472751617432, -0.6173788905143738, -0.19906580448150635, -1.4058159589767456, -0.34972548484802246, -0.8481737971305847, -0.29443350434303284, 0.9970749020576477, 0.45560863614082336, 0.2696091830730438, 0.1897551715373993, -0.17483845353126526, 0.6274087429046631, -0.40212976932525635, 1.718110203742981, 0.2382148951292038, -0.3271298408508301, 0.6832871437072754, 0.9921624660491943, -2.043962001800537, -0.44126710295677185, 0.9932321310043335, -0.40418338775634766, -0.9930601119995117, 0.8739270567893982, -0.9802892804145813, 1.0971732139587402, -0.5012820363044739, 0.5833330750465393, 0.3798903226852417]",yunet,Facenet,1920,1080,/home/amos/media/tv/modern_family/Modern.Family.S09.1080p.DSNP.WEB-DL.DDP5.1.H.264-CRFW/Modern.Family.S09E17.Royal.Visit.1080p.DSNP.WEB-DL.DDP5.1.H.264-CRFW.mkv,Modern Family,2009,1442437,9,17,Jesse Tyler Ferguson,204815.0,0.802
897,870,276,1080,552,996,378,906,384,0.918,22752,0,"[-1.7334076166152954, -0.7411075830459595, -1.0099481344223022, -0.045940618962049484, -0.18790248036384583, 0.18489938974380493, 0.473127543926239, 0.6326080560684204, 2.0764248371124268, -0.8703026175498962, 1.2724697589874268, -2.4366261959075928, -1.8282279968261719, 0.1096830666065216, -1.6588762998580933, 0.7185318470001221, -0.4891952574253082, -0.8687300682067871, -1.8779304027557373, -1.6736871004104614, 0.9677994251251221, 0.1841796189546585, 1.588775396347046, -0.8557680249214172, 0.3322330117225647, 0.27645981311798096, 0.5590800046920776, -2.5098962783813477, 0.5383740663528442, 0.17998842895030975, -1.0846331119537354, 0.560077428817749, -0.25186511874198914, 0.2719854414463043, 1.233899712562561, 1.5948866605758667, -0.25463610887527466, 0.8043724298477173, -0.5655600428581238, -0.7321043014526367, 0.028632931411266327, -0.11632326990365982, -0.7917050123214722, -0.4644342064857483, 0.6720258593559265, -0.4433983266353607, -0.4977352023124695, 1.1468545198440552, -0.8156079053878784, 1.0120435953140259, -0.6363092064857483, 0.3813202381134033, 0.15389108657836914, 0.87861567735672, -1.1867120265960693, -0.4655410647392273, 0.8540236353874207, 0.5601889491081238, -0.7301070094108582, -1.9225739240646362, -1.8568230867385864, 0.34100228548049927, -1.78899085521698, 1.3294538259506226, 1.2153254747390747, 0.013592995703220367, -0.015704713761806488, 1.1410603523254395, -0.7300785183906555, -2.002210855484009, -0.33697572350502014, 0.04614992439746857, -1.492445945739746, -1.1299247741699219, 0.021253876388072968, -0.5525598526000977, -0.8337581157684326, 0.4083225131034851, -1.3433897495269775, -2.0177900791168213, -0.44245532155036926, 0.09987399727106094, -0.7869195938110352, -1.8471794128417969, -0.33930712938308716, -0.2024277150630951, -0.6046302318572998, 1.0208178758621216, -1.3745111227035522, -0.5509990453720093, 1.1673990488052368, 0.49898502230644226, 1.4477312564849854, 0.09323319792747498, -0.4952486753463745, 3.0500361919403076, -0.7011052370071411, 0.5786547660827637, -0.5151194334030151, 0.0714142918586731, -0.489867627620697, -0.8897225856781006, -0.19565865397453308, -0.8246111273765564, -0.48978397250175476, 0.30391156673431396, 0.47879913449287415, 0.40938109159469604, 0.8528260588645935, -0.4513165354728699, -0.0201959777623415, -0.875667929649353, 1.8267775774002075, 0.4185517430305481, -0.6863871216773987, 0.472077876329422, 1.2347002029418945, -1.0150212049484253, -0.8555954098701477, 1.0352022647857666, -0.420240581035614, -0.7517786026000977, 0.6822409629821777, -0.9491289854049683, 0.7907660007476807, -0.13283829391002655, 0.534309446811676, 0.34323033690452576]",yunet,Facenet,1920,1080,/home/amos/media/tv/modern_family/Modern.Family.S09.1080p.DSNP.WEB-DL.DDP5.1.H.264-CRFW/Modern.Family.S09E17.Royal.Visit.1080p.DSNP.WEB-DL.DDP5.1.H.264-CRFW.mkv,Modern Family,2009,1442437,9,17,Jesse Tyler Ferguson,204815.0,0.739
898,870,156,1110,480,1092,288,1026,288,0.924,22776,0,"[-0.38134750723838806, -0.13268382847309113, -0.07172081619501114, -1.3199797868728638, 1.4646360874176025, 0.2238484025001526, 0.5172931551933289, 1.1718302965164185, 0.8680566549301147, 0.3002181351184845, 1.5129315853118896, -0.9028483033180237, -1.7888678312301636, -0.9384971857070923, -0.2858244478702545, 0.6894115209579468, -2.0414509773254395, -1.40117609500885, -0.9638558626174927, 0.9498130083084106, -0.01829720288515091, -0.30637404322624207, 0.7700457572937012, 0.21726486086845398, -0.916452944278717, -0.21840572357177734, 1.8210160732269287, -1.217144250869751, -2.2142534255981445, 0.0929248109459877, -1.117310881614685, 0.16477717459201813, -2.1895854473114014, 1.344908595085144, -0.5003563165664673, 0.5632541179656982, -0.06198742240667343, -0.49954134225845337, 2.9811294078826904, -1.7471553087234497, -1.2254139184951782, -0.9857677817344666, -1.948959469795227, -0.9244551658630371, 0.49969255924224854, -1.031640887260437, -0.002089671790599823, 0.06729872524738312, -0.5727736949920654, 0.7907617092132568, -1.8538672924041748, 1.0955536365509033, 1.4182389974594116, 0.39367371797561646, -0.990037202835083, -2.457585334777832, 0.5155858397483826, 1.0661453008651733, -1.2338565587997437, -0.06605326384305954, -0.5573102831840515, 0.16242080926895142, 0.14505979418754578, 0.6012241840362549, 0.7712655067443848, 0.30293112993240356, 0.24827399849891663, -1.0924334526062012, 0.10779928416013718, 0.2496034801006317, 0.2619692385196686, -1.208802580833435, -2.238542079925537, 1.308841347694397, -0.1435559093952179, -0.11253750324249268, -2.004823923110962, 1.2319976091384888, 0.9270797371864319, 0.04053524136543274, -0.08120304346084595, -1.3008400201797485, 0.8621204495429993, 0.3405791223049164, 0.5160866975784302, 1.0748488903045654, 0.5929887890815735, 0.4983178973197937, -1.1071499586105347, -1.2850861549377441, 0.36246874928474426, -0.7127912640571594, -0.8123190999031067, 0.7314713001251221, 0.914585530757904, 1.6352872848510742, -2.5197107791900635, -1.5097582340240479, -0.568757176399231, 0.3725481331348419, -1.7915966510772705, -0.141070157289505, -1.1373931169509888, -0.5531067848205566, -0.5422696471214294, 0.4866722822189331, -0.3785550892353058, -0.18913844227790833, -1.0858333110809326, 0.36898791790008545, 0.9625383019447327, -1.3630964756011963, 0.963678240776062, -0.41462892293930054, -0.06967171281576157, 2.503584146499634, -1.5258997678756714, -0.10807812213897705, -1.762449860572815, 0.931021511554718, -1.061192512512207, -0.4197995662689209, -0.482239305973053, -0.8956416845321655, -1.145060420036316, -0.9504879713058472, 0.7177492380142212, -1.6995129585266113]",yunet,Facenet,1920,1080,/home/amos/media/tv/modern_family/Modern.Family.S09.1080p.DSNP.WEB-DL.DDP5.1.H.264-CRFW/Modern.Family.S09E17.Royal.Visit.1080p.DSNP.WEB-DL.DDP5.1.H.264-CRFW.mkv,Modern Family,2009,1442437,9,17,Steve Valentine,78311.0,0.729
899,840,156,1092,486,1068,288,1008,288,0.929,22800,0,"[0.3135204017162323, -0.38144823908805847, 0.5769780278205872, -1.5152744054794312, 1.411879301071167, 1.043691635131836, 0.2774635851383209, 1.7247037887573242, 0.8280946612358093, -0.11311794817447662, 0.7659919857978821, -0.9766278266906738, -1.5107477903366089, -0.21353591978549957, -0.2680909037590027, -0.016605857759714127, -2.2602527141571045, -1.6734684705734253, -0.2610275149345398, 1.2272748947143555, -0.8795620203018188, 0.22181473672389984, 1.124243974685669, 0.6069462299346924, -0.6843697428703308, -0.7031245231628418, 1.5013582706451416, -1.1287181377410889, -1.9402153491973877, -0.05485054850578308, -0.9934420585632324, -0.15477927029132843, -2.4433062076568604, 1.3146753311157227, -1.1366775035858154, 0.6464821100234985, 0.1556851863861084, -0.6362537145614624, 2.418888568878174, -1.2471336126327515, -1.005571722984314, -1.3434370756149292, -1.6280430555343628, -0.6965159773826599, 0.9410983324050903, -0.3322625160217285, -0.024970998987555504, 0.11401581019163132, -0.2651998996734619, 0.7569568157196045, -1.6045722961425781, 1.0092549324035645, 1.3882107734680176, -0.08992185443639755, -1.5616790056228638, -3.0651650428771973, -0.24489708244800568, 1.0070255994796753, -1.6938490867614746, 0.47503170371055603, -0.12362280488014221, 0.5242596864700317, -0.1996367871761322, 0.6530611515045166, 0.09220610558986664, 0.6011540293693542, 0.37763306498527527, -0.9941974878311157, 0.8117043375968933, -0.19523769617080688, 0.26771143078804016, -1.2370165586471558, -1.9073045253753662, 1.589502215385437, -0.07469762861728668, 0.5345344543457031, -2.116623640060425, 1.2772459983825684, 1.3302786350250244, 1.0171645879745483, -0.3221921920776367, -0.32403597235679626, 1.3012213706970215, 0.16869844496250153, 0.7103985548019409, 0.5179827213287354, 1.1585866212844849, 0.7296153903007507, -0.6310442686080933, -1.0332698822021484, 0.32116416096687317, -0.37527433037757874, -1.041643738746643, 1.0463987588882446, 1.1366112232208252, 1.8971102237701416, -2.8184878826141357, -0.9424383640289307, -0.39100876450538635, 0.8472092747688293, -1.2173206806182861, -0.4051823019981384, -1.0052276849746704, -0.4793853163719177, -1.5217540264129639, 0.4120187759399414, -0.19369716942310333, 0.17860259115695953, -1.0791505575180054, -0.7433112263679504, 0.5438695549964905, -1.5706100463867188, 0.7671036720275879, -1.3058326244354248, 0.1811317503452301, 2.867649793624878, -1.0177768468856812, 0.19867660105228424, -1.8531277179718018, 0.5614007711410522, -0.8969709873199463, -0.202045276761055, -0.9575995206832886, -0.7077945470809937, -1.0376039743423462, -1.1542882919311523, 0.06802979111671448, -1.7522547245025635]",yunet,Facenet,1920,1080,/home/amos/media/tv/modern_family/Modern.Family.S09.1080p.DSNP.WEB-DL.DDP5.1.H.264-CRFW/Modern.Family.S09E17.Royal.Visit.1080p.DSNP.WEB-DL.DDP5.1.H.264-CRFW.mkv,Modern Family,2009,1442437,9,17,Steve Valentine,78311.0,0.673
900,834,180,1086,498,1068,306,1002,306,0.928,22824,0,"[0.17274221777915955, 0.33590567111968994, 0.01968722604215145, -1.5932364463806152, 1.5156742334365845, 0.780429482460022, 0.9537415504455566, 1.6979821920394897, 1.2684506177902222, 0.6156694293022156, 1.2206755876541138, -0.7377045154571533, -2.0307440757751465, -0.7073572874069214, -0.28803494572639465, 0.16222701966762543, -2.2481894493103027, -1.3955286741256714, 0.020071879029273987, 0.6636216640472412, -0.6315878629684448, -0.279630571603775, 0.1285405158996582, 1.092198133468628, -0.9933738112449646, -0.6932615637779236, 2.0469250679016113, -1.9540821313858032, -2.1376774311065674, 0.19521723687648773, -1.3478895425796509, -0.3123129606246948, -2.122211217880249, 1.2867361307144165, -0.1389574110507965, 0.2655923068523407, -0.3963278532028198, -0.3557724952697754, 2.4342145919799805, -1.0467779636383057, -0.9661806225776672, -1.485145926475525, -1.2989071607589722, -0.10547660291194916, 0.615119993686676, -0.6887516379356384, -0.48723194003105164, 0.5749199390411377, -0.1340295970439911, -0.16804926097393036, -1.2932206392288208, 1.3562027215957642, 1.4599264860153198, 0.22936536371707916, -1.3416152000427246, -2.775984287261963, -0.06509719789028168, 0.48781609535217285, -2.184699058532715, -0.13365495204925537, -0.4435264766216278, 1.3157477378845215, -0.5826461315155029, 0.25000452995300293, 0.8051511645317078, 1.376345157623291, -0.0002302601933479309, -0.5680087208747864, 0.7434194087982178, 0.4337792992591858, 1.2597941160202026, -1.4846012592315674, -1.8811897039413452, 1.5527280569076538, -0.2729308009147644, 0.0107223279774189, -1.3520925045013428, 1.360461711883545, 0.8664106130599976, 0.8356549739837646, 0.012834105640649796, -0.7125083208084106, 0.9797185659408569, -0.2720543146133423, 1.0954029560089111, 0.7562942504882812, 0.7773390412330627, 0.41048622131347656, -0.6720502376556396, -0.9031469225883484, -0.033307842910289764, -0.07453414797782898, -0.20175042748451233, 1.624788761138916, 0.8199009895324707, 1.6156952381134033, -1.8800946474075317, -0.5354057550430298, -0.9519224762916565, 1.321105718612671, -1.6154309511184692, -0.7195569276809692, -0.6195666790008545, 0.15604914724826813, -1.478452444076538, 0.6103505492210388, -0.13509328663349152, 0.10889843106269836, -1.4866104125976562, 0.2683788239955902, 0.8730538487434387, -1.5712227821350098, 0.6003216505050659, -1.317166805267334, -0.8815598487854004, 2.7512128353118896, -1.3658030033111572, 0.48331597447395325, -1.1017197370529175, 0.4293328523635864, -1.0947046279907227, 0.2749231457710266, -0.9279647469520569, -0.7255809307098389, -0.8506609797477722, -0.45529505610466003, 0.049580954015254974, -1.5922441482543945]",yunet,Facenet,1920,1080,/home/amos/media/tv/modern_family/Modern.Family.S09.1080p.DSNP.WEB-DL.DDP5.1.H.264-CRFW/Modern.Family.S09E17.Royal.Visit.1080p.DSNP.WEB-DL.DDP5.1.H.264-CRFW.mkv,Modern Family,2009,1442437,9,17,Steve Valentine,78311.0,0.739
901,822,144,1080,486,1056,276,984,276,0.927,22848,0,"[-0.12627506256103516, -0.040175359696149826, 0.39441248774528503, -1.196836233139038, 1.4007397890090942, 1.0270471572875977, 0.41080668568611145, 1.7008622884750366, 1.0577908754348755, 0.22188936173915863, 0.6889177560806274, -1.5116550922393799, -1.5861884355545044, -0.3696746528148651, -0.23535120487213135, -0.076200932264328, -2.3698036670684814, -2.0473296642303467, -0.6153513789176941, 0.7500487565994263, -0.36972057819366455, 0.2363787442445755, 1.3792940378189087, 0.9148080945014954, -0.4937041997909546, -0.7710511088371277, 1.6475117206573486, -1.1730577945709229, -1.6521843671798706, 0.05818463861942291, -1.1376869678497314, -0.47863608598709106, -2.545121192932129, 1.1687042713165283, -0.7227733731269836, 0.45372122526168823, 0.16044506430625916, -0.6935486197471619, 2.6467785835266113, -1.3754252195358276, -1.057165265083313, -1.5119038820266724, -1.973366618156433, -0.8394323587417603, 0.5160348415374756, 0.052662622183561325, 0.6225205659866333, -0.5347871780395508, -0.7217400670051575, 0.5981885194778442, -2.3935298919677734, 1.5526483058929443, 1.343193531036377, 0.21134887635707855, -1.8696396350860596, -2.7974472045898438, 0.1542789787054062, 0.8718947172164917, -1.5932883024215698, 0.44282832741737366, -0.03052503801882267, 0.12791644036769867, 0.05471965670585632, 0.1314115822315216, 0.23714381456375122, 0.4970581531524658, 0.5152419209480286, -0.4270697236061096, 0.45268934965133667, -0.2699306607246399, 0.20949342846870422, -0.8560978174209595, -1.9108296632766724, 1.0875780582427979, -0.10461308062076569, 0.8092503547668457, -1.7051442861557007, 1.5294815301895142, 1.1586352586746216, 0.9017161726951599, -0.3408184349536896, -0.4930799901485443, 1.4893749952316284, 0.03441847115755081, 0.509489119052887, 0.865496039390564, 0.8865805864334106, 0.4393099546432495, -0.7559213638305664, -1.053263545036316, 0.8265930414199829, -0.7434319853782654, -0.911060094833374, 0.9459588527679443, 1.0372090339660645, 2.1653170585632324, -3.114866256713867, -0.6899278163909912, -0.3076392114162445, 0.67375648021698, -1.423129916191101, 0.0589003786444664, -0.7796745896339417, -0.34578174352645874, -1.1659940481185913, 0.4345228672027588, -0.6756284832954407, 0.4899802505970001, -0.9179157614707947, -0.4408325254917145, 0.36800074577331543, -1.7268223762512207, 0.9491206407546997, -1.200974464416504, -0.07235795259475708, 2.599681854248047, -1.2748072147369385, 0.008771508932113647, -1.7480796575546265, 0.8390625715255737, -0.8078040480613708, -0.14194613695144653, -1.1704442501068115, -0.8118258118629456, -0.9068058729171753, -1.0831252336502075, 0.4044589698314667, -1.6303311586380005]",yunet,Facenet,1920,1080,/home/amos/media/tv/modern_family/Modern.Family.S09.1080p.DSNP.WEB-DL.DDP5.1.H.264-CRFW/Modern.Family.S09E17.Royal.Visit.1080p.DSNP.WEB-DL.DDP5.1.H.264-CRFW.mkv,Modern Family,2009,1442437,9,17,Steve Valentine,78311.0,0.66
902,864,180,1116,522,1092,318,1026,318,0.918,22872,0,"[-0.6037019491195679, 0.10997237265110016, -0.1499178111553192, -1.1921381950378418, 1.5237900018692017, 0.04479526728391647, 0.20405782759189606, 2.0004141330718994, 1.0513948202133179, -0.0998946875333786, 1.990143895149231, -0.5260171890258789, -1.5147302150726318, -0.9474961757659912, 0.09810952842235565, 0.9931510090827942, -1.9148141145706177, -1.260230302810669, -1.3443152904510498, 1.218492865562439, -0.2293611466884613, 0.11249340325593948, 0.7364779114723206, 0.7741774916648865, -1.1571288108825684, -0.34638845920562744, 1.2411247491836548, -0.9117169380187988, -1.898056149482727, -0.3554105758666992, -0.9813530445098877, -0.38261425495147705, -2.0449576377868652, 1.5699143409729004, -0.16766297817230225, 0.8092567920684814, -0.12753021717071533, -0.46763670444488525, 2.9395053386688232, -1.4088464975357056, -1.3977700471878052, -0.9506654739379883, -2.1247007846832275, -1.2988172769546509, -0.055270954966545105, -1.0430642366409302, 0.3125820457935333, -0.6568366289138794, -0.6022354364395142, 0.8115662336349487, -1.824730396270752, 1.3577327728271484, 1.3003730773925781, 0.16053180396556854, -0.5718977451324463, -2.009291887283325, 0.3963489532470703, 0.903109610080719, -1.2425464391708374, -0.17893365025520325, -0.5810993909835815, 0.09309308230876923, 0.6434127688407898, -0.039206091314554214, 0.806119441986084, 0.18981415033340454, 0.090118907392025, -0.26374515891075134, -0.18681859970092773, 0.26787036657333374, 0.3463760018348694, -1.0297852754592896, -2.3668034076690674, 1.0781527757644653, -0.06476980447769165, 0.0939665362238884, -2.366551399230957, 1.0649315118789673, 0.48570960760116577, 0.09295466542243958, 0.10660815984010696, -1.8058278560638428, 0.6082131862640381, 0.4409923255443573, 0.7058515548706055, 1.2012214660644531, 0.22307728230953217, 1.1088231801986694, -1.0431510210037231, -1.3554303646087646, 0.6322473287582397, -1.1067028045654297, -0.6713964939117432, 0.5536613464355469, 0.5564067363739014, 1.2498210668563843, -2.399799108505249, -1.3098992109298706, 0.025925874710083008, 0.5342795252799988, -1.8380309343338013, 0.2714120149612427, -1.304707407951355, -0.4124186038970947, -0.17499688267707825, 0.5246931314468384, -0.2734842598438263, -0.4141441583633423, -1.3773027658462524, 0.8057441711425781, 1.2809317111968994, -0.8477084040641785, 1.2722365856170654, -1.0243043899536133, 0.15140089392662048, 2.0804996490478516, -1.512901782989502, -0.36656931042671204, -1.1062337160110474, 0.653866708278656, -1.388953685760498, -0.25153619050979614, -0.461883008480072, -1.203335165977478, -0.9451243877410889, -0.986850380897522, 0.20125341415405273, -1.274010181427002]",yunet,Facenet,1920,1080,/home/amos/media/tv/modern_family/Modern.Family.S09.1080p.DSNP.WEB-DL.DDP5.1.H.264-CRFW/Modern.Family.S09E17.Royal.Visit.1080p.DSNP.WEB-DL.DDP5.1.H.264-CRFW.mkv,Modern Family,2009,1442437,9,17,Steve Valentine,78311.0,0.694
903,876,174,1134,528,1122,324,1056,324,0.916,22896,0,"[0.37713858485221863, -0.42503073811531067, -0.16077087819576263, -0.919161319732666, 0.8789375424385071, 1.0556529760360718, -0.1813810020685196, 1.5745278596878052, 1.2286112308502197, 0.45763832330703735, 0.8218715190887451, -1.2867417335510254, -1.1183980703353882, 0.006420433521270752, -0.46110400557518005, 0.7494860291481018, -3.02772855758667, -1.6546611785888672, -0.5500794649124146, 1.5932536125183105, -0.573379397392273, 1.3868438005447388, 0.6991657018661499, 1.405932903289795, -0.20014333724975586, -0.3537645637989044, 1.2449603080749512, -1.154441237449646, -0.8186550140380859, -0.5522618293762207, -0.7351711988449097, 0.11004777997732162, -1.9224528074264526, 1.634873628616333, -1.5378071069717407, 0.9583958387374878, -0.052585847675800323, -1.0805917978286743, 1.84161376953125, -1.725692868232727, -0.4936884045600891, -1.514602541923523, -1.1886742115020752, -0.7847863435745239, 0.4254552721977234, -0.015718206763267517, 0.3874843716621399, -0.899288535118103, -0.24518199265003204, 0.0626436099410057, -1.1429067850112915, 0.3302943706512451, 0.4343489706516266, -0.2722536027431488, -1.3543909788131714, -3.2212395668029785, -1.0939795970916748, 0.9889055490493774, -0.6518164873123169, 0.20681050419807434, -0.19520536065101624, 0.6518166065216064, -0.35672932863235474, -0.12060990929603577, 0.46083614230155945, 0.5359159708023071, 0.5460737347602844, -0.6436326503753662, 0.8002170920372009, -0.7866694927215576, 0.21373432874679565, -1.5660899877548218, -1.4880765676498413, 1.8421218395233154, -0.4663810431957245, 0.8836278915405273, -1.7009836435317993, 1.4011600017547607, 1.9262394905090332, 1.1816282272338867, 0.05380789935588837, -0.7690157890319824, 1.1016665697097778, 0.759193480014801, 0.22236651182174683, -0.1021595150232315, 0.41588377952575684, 1.3675357103347778, -0.12425822764635086, -1.4134303331375122, 1.3220003843307495, -0.49964869022369385, -0.8433294296264648, 1.0490525960922241, 0.7515298128128052, 1.5548171997070312, -2.7061595916748047, -0.3594392240047455, 0.14464882016181946, 0.5711557269096375, -1.7570617198944092, -0.889193594455719, -1.2977226972579956, -0.3608781695365906, -1.7002137899398804, 0.2823212742805481, 0.46288836002349854, 0.5139746069908142, -1.695783257484436, -0.29175522923469543, 1.1694337129592896, -1.5158939361572266, 1.1748217344284058, -1.6029322147369385, 0.9017328023910522, 2.4729182720184326, -0.33696478605270386, -0.30806681513786316, -1.6829280853271484, 1.039685606956482, -0.8925802707672119, 0.0583074688911438, -1.068269968032837, 0.21337595582008362, -0.4694467782974243, -1.1760163307189941, 0.44233211874961853, -1.5678151845932007]",yunet,Facenet,1920,1080,/home/amos/media/tv/modern_family/Modern.Family.S09.1080p.DSNP.WEB-DL.DDP5.1.H.264-CRFW/Modern.Family.S09E17.Royal.Visit.1080p.DSNP.WEB-DL.DDP5.1.H.264-CRFW.mkv,Modern Family,2009,1442437,9,17,Steve Valentine,78311.0,0.661
904,870,138,1134,504,1104,294,1044,294,0.92,22920,0,"[-0.26525363326072693, 0.12852387130260468, 0.1923418492078781, -1.1710933446884155, 1.081980586051941, 0.5418833494186401, 0.17525552213191986, 1.7862496376037598, 1.1250836849212646, 0.3505789041519165, 1.853817343711853, -0.8177587389945984, -1.8644543886184692, -0.7839504480361938, -0.29544782638549805, 0.859635591506958, -2.3288280963897705, -1.325215458869934, -1.4583660364151, 1.1763660907745361, -0.3538409471511841, 0.6393110156059265, 0.1576150357723236, 0.9668259024620056, -0.7161391377449036, 0.13805940747261047, 1.2526425123214722, -0.989471435546875, -1.4605823755264282, -0.5402808785438538, -0.7974480390548706, 0.11521796137094498, -2.424685478210449, 1.3834667205810547, -0.2679421901702881, 0.7560893893241882, 0.11091542989015579, -0.5053765177726746, 2.8113434314727783, -1.0823854207992554, -1.092868447303772, -1.3144464492797852, -2.2692477703094482, -1.1453813314437866, -0.01235346682369709, -1.0671435594558716, 0.20525118708610535, -0.4601825177669525, 0.03524905443191528, 0.3878752291202545, -1.3996886014938354, 0.9347637891769409, 1.5405967235565186, 0.15023945271968842, -0.6575944423675537, -2.546491861343384, 0.32830995321273804, 0.7036070823669434, -1.1459518671035767, -0.2835683524608612, -0.9374606609344482, -0.08728650212287903, 0.20866280794143677, -0.24122092127799988, 0.8129801750183105, 0.508545458316803, 0.506468653678894, -0.2874380052089691, -0.01667606271803379, 0.036531515419483185, 0.05548940971493721, -1.208602786064148, -1.8196066617965698, 0.930348813533783, -0.18549799919128418, -0.07339952886104584, -2.2930283546447754, 1.6092650890350342, 0.6504946351051331, 0.8527980446815491, -0.07854169607162476, -2.2484171390533447, 0.603431224822998, 0.17170533537864685, 0.08857089281082153, 1.3911077976226807, -0.3520367443561554, 1.3023052215576172, -0.24071265757083893, -1.1049010753631592, 1.256722331047058, -1.1653509140014648, -1.0051956176757812, 0.23282882571220398, 1.092486023902893, 1.5780706405639648, -2.106069326400757, -1.2959935665130615, 0.5621569156646729, 0.32500457763671875, -1.6544721126556396, 0.34297826886177063, -1.647993564605713, -0.5872797966003418, -0.5937132835388184, 0.7955632209777832, -0.01977110095322132, -0.31908610463142395, -0.9973795413970947, 0.6209505200386047, 1.0016483068466187, -0.9677274823188782, 1.1857331991195679, -1.4813849925994873, 0.4968506395816803, 2.23447585105896, -1.5299395322799683, -0.52820885181427, -1.0321482419967651, 0.5411136746406555, -1.661817193031311, -0.7289618253707886, -0.5607040524482727, -1.1783576011657715, -0.7343316674232483, -0.8157491683959961, 0.6347918510437012, -1.2215791940689087]",yunet,Facenet,1920,1080,/home/amos/media/tv/modern_family/Modern.Family.S09.1080p.DSNP.WEB-DL.DDP5.1.H.264-CRFW/Modern.Family.S09E17.Royal.Visit.1080p.DSNP.WEB-DL.DDP5.1.H.264-CRFW.mkv,Modern Family,2009,1442437,9,17,Steve Valentine,78311.0,0.706
905,834,180,1092,522,1068,312,990,312,0.918,22944,0,"[-0.7601920366287231, 0.2679569125175476, -0.08641854673624039, -1.3100216388702393, 1.3607637882232666, -0.8095281720161438, 0.16473214328289032, 2.270993947982788, 0.7677510380744934, 0.2831214666366577, 1.4638291597366333, -0.31498104333877563, -1.7305856943130493, -1.2979745864868164, 0.21693986654281616, 0.8508867621421814, -1.5887327194213867, -1.310906171798706, -1.061782717704773, 0.6169161796569824, -0.7423467636108398, -0.22539180517196655, 0.5164688229560852, 1.645346999168396, -0.8882994055747986, 0.33363983035087585, 2.1535792350769043, -0.4267280101776123, -2.145381212234497, -0.08417530357837677, -1.4272410869598389, -0.03962055221199989, -1.8744271993637085, 1.4616303443908691, -0.2849041521549225, 0.22981494665145874, 0.26423001289367676, 0.10645167529582977, 2.686475992202759, -1.1358124017715454, -1.6880923509597778, -1.0916675329208374, -1.853899359703064, -0.5687968134880066, 0.27038225531578064, -0.7195357084274292, 0.1641533076763153, -0.5625020265579224, -0.42323482036590576, 0.7056900262832642, -1.6205509901046753, 1.0480222702026367, 1.7937253713607788, -0.09583663195371628, -0.4762652516365051, -1.7142881155014038, 0.7421690225601196, 0.921864926815033, -1.4331368207931519, -0.40174350142478943, -1.0418277978897095, 0.4615492820739746, -0.18715116381645203, 0.05795959383249283, 0.4365203082561493, 0.7045556306838989, -0.40129417181015015, -0.6972166895866394, -0.15283501148223877, 0.6599260568618774, 1.1307555437088013, -1.1435303688049316, -1.8399558067321777, 1.6194671392440796, -0.38695505261421204, -0.37458282709121704, -2.244694948196411, 1.3859176635742188, 0.5358433127403259, 0.1464792937040329, -0.13853004574775696, -1.9160622358322144, 0.6381760239601135, 0.335435152053833, 1.1133520603179932, 1.6884400844573975, 0.8806787729263306, 0.7694480419158936, -1.2163941860198975, -1.0060912370681763, 0.36360758543014526, -1.2633024454116821, -0.7495281100273132, 0.5036860704421997, 0.9741478562355042, 0.8310561776161194, -1.76035737991333, -1.0608420372009277, -0.6544726490974426, 0.18389102816581726, -1.8870683908462524, 0.05645819008350372, -0.6680382490158081, -0.5775601267814636, -0.632513701915741, 0.28511756658554077, -0.42920324206352234, -0.5991252660751343, -1.2543209791183472, 1.539244532585144, 0.9630388021469116, -1.3353685140609741, 1.0730897188186646, -0.4338672161102295, -0.4286155104637146, 2.272387981414795, -1.6290466785430908, -0.4805636405944824, -0.8321009874343872, 0.2323378473520279, -0.8011225461959839, -0.3764575719833374, -1.1061183214187622, -1.1885806322097778, -1.3100330829620361, -0.7568894624710083, 0.7336128950119019, -1.3845298290252686]",yunet,Facenet,1920,1080,/home/amos/media/tv/modern_family/Modern.Family.S09.1080p.DSNP.WEB-DL.DDP5.1.H.264-CRFW/Modern.Family.S09E17.Royal.Visit.1080p.DSNP.WEB-DL.DDP5.1.H.264-CRFW.mkv,Modern Family,2009,1442437,9,17,Steve Valentine,78311.0,0.67
906,1560,210,1776,492,1728,318,1620,312,0.924,22968,0,"[-2.1678388118743896, 0.20705732703208923, -0.0003402475267648697, 0.37215813994407654, -0.5594800710678101, -0.44517216086387634, 0.5647619962692261, -0.16898539662361145, -1.3647899627685547, -0.47152596712112427, 1.3812414407730103, 0.7503873705863953, 0.5639573931694031, -1.0885952711105347, 1.873223900794983, -1.1313743591308594, -1.61905038356781, 0.6165949106216431, -0.9116695523262024, 1.783250331878662, -0.14274951815605164, -1.1071263551712036, 1.5613186359405518, -2.0254671573638916, 0.31625935435295105, 0.5782858729362488, 0.9423530101776123, 0.36368095874786377, -1.252203345298767, 1.1024065017700195, -0.7262060642242432, 0.4102005362510681, -1.1647980213165283, -0.5441979765892029, 0.6726459860801697, 0.3245754539966583, 0.305605411529541, 0.13851305842399597, 0.3911868631839752, -1.1039495468139648, -0.10019122809171677, 0.7549678087234497, -2.1872332096099854, -0.4918861389160156, -0.07753587514162064, -1.1695078611373901, 0.9931716918945312, -0.5223678350448608, -0.15613925457000732, 1.271562933921814, -1.0721732378005981, 1.0156115293502808, 2.6726512908935547, 0.6236448884010315, -0.583798885345459, -0.833682119846344, -0.8319053649902344, 2.24414324760437, -0.1805345118045807, -0.1198183000087738, 0.9505158066749573, -0.6538679003715515, -0.8306531310081482, -0.7660175561904907, 1.3378044366836548, -1.6175425052642822, 0.1810552477836609, 0.6998617649078369, 0.07026824355125427, 1.4977411031723022, 0.11192682385444641, 0.9296083450317383, -1.732488751411438, 0.6545922756195068, -1.409977674484253, -0.22119233012199402, 0.2757781744003296, 0.5482563972473145, -0.9787691235542297, -0.01333838701248169, -0.3447144031524658, -1.1168012619018555, -0.09012609720230103, 1.1179306507110596, 1.257885217666626, 0.529058575630188, 1.4121403694152832, -0.8203425407409668, -2.261563301086426, -2.044078826904297, -0.649154543876648, -1.4448331594467163, -1.2987815141677856, -0.11077796667814255, -1.1635675430297852, 1.0156493186950684, -0.7215102910995483, -0.3726262152194977, 1.5579309463500977, -1.146201491355896, -1.037731409072876, 1.394163727760315, 0.9922662377357483, -1.0013681650161743, -0.40968528389930725, 1.489783763885498, 0.4429062008857727, -0.7070643901824951, 1.282900094985962, 0.3812405467033386, -0.7778461575508118, 0.44792187213897705, 0.2151273787021637, -0.3676152527332306, 1.0869734287261963, 2.610781669616699, -1.146804690361023, -0.8466257452964783, -0.6336596608161926, 2.019120454788208, 0.9391247630119324, -0.5881388187408447, -0.05541939288377762, -0.584707498550415, -0.5337064862251282, -0.29783934354782104, 0.011820374056696892, 1.709059476852417]",yunet,Facenet,1920,1080,/home/amos/media/tv/modern_family/Modern.Family.S09.1080p.DSNP.WEB-DL.DDP5.1.H.264-CRFW/Modern.Family.S09E17.Royal.Visit.1080p.DSNP.WEB-DL.DDP5.1.H.264-CRFW.mkv,Modern Family,2009,1442437,9,17,,,
907,354,180,606,504,582,318,510,306,0.924,22968,1,"[-0.39341363310813904, 1.047592043876648, -0.31612348556518555, -2.3584210872650146, 0.6716887950897217, 0.08748847246170044, 0.5870507955551147, 1.5828157663345337, 0.08755851536989212, -0.087396539747715, 0.5168072581291199, -0.669921875, -1.3502230644226074, -0.6242960691452026, 0.3438628911972046, 0.6323601603507996, -2.6513028144836426, -1.519156575202942, -0.1505843549966812, -0.5361044406890869, -0.6025614738464355, 0.813652515411377, -0.5364914536476135, 0.6574248671531677, -0.9628031849861145, -0.08216860145330429, 1.5243271589279175, -0.6947848200798035, -2.1999435424804688, 0.8398729562759399, -1.5469775199890137, 0.19478918612003326, -1.6616076231002808, 1.8214585781097412, 0.3265776038169861, 0.43977662920951843, 0.4734867215156555, -0.8878155946731567, 2.604269027709961, -1.8773189783096313, -1.1310173273086548, -0.2108130007982254, -2.476184606552124, -0.8175127506256104, -0.3404301404953003, -1.0457379817962646, 0.31497740745544434, -0.03694744035601616, -0.8425018787384033, 0.552334189414978, -1.9153847694396973, 1.3673261404037476, 1.5825284719467163, 0.8554734587669373, -1.0800198316574097, -1.6041266918182373, 0.2389131635427475, 0.09039238095283508, -2.161973476409912, -0.20259436964988708, -0.6901804804801941, 0.5984117388725281, -0.4616245627403259, 0.940628707408905, 1.4355117082595825, 0.6441077589988708, 0.029354609549045563, -0.3719410300254822, 0.16353783011436462, 0.9402214288711548, 2.2146990299224854, 0.1289898157119751, -1.766886830329895, 1.1030460596084595, -0.22227974236011505, 0.09446363896131516, -1.7242431640625, 1.5063704252243042, 1.2834227085113525, 0.39469969272613525, -0.31305378675460815, -1.0509707927703857, 0.5876986384391785, 0.8176480531692505, 1.9705532789230347, 0.673980712890625, 1.217794418334961, 0.12480446696281433, -0.8305919170379639, -0.9679864048957825, 0.31123924255371094, -0.3519192337989807, -0.909314751625061, 0.7749903202056885, 0.8525827527046204, 2.2382118701934814, -1.8810811042785645, -0.7183524370193481, 0.0755554810166359, 0.1170702800154686, -1.2078505754470825, 0.3076695501804352, -0.9342540502548218, -0.5895357728004456, -0.8094807267189026, 0.7612326145172119, -1.2727582454681396, -0.15938307344913483, -0.8325070142745972, 0.5323069095611572, 0.36454617977142334, -2.0971055030822754, 0.33407482504844666, 0.07601921260356903, -0.27980107069015503, 2.662308692932129, -0.9774028062820435, 0.05551939457654953, -1.1157642602920532, 1.1039645671844482, -0.3931582570075989, 0.2998226284980774, -0.45989668369293213, -0.7193684577941895, -0.7199435830116272, -0.583396852016449, 0.31408390402793884, -1.7688264846801758]",yunet,Facenet,1920,1080,/home/amos/media/tv/modern_family/Modern.Family.S09.1080p.DSNP.WEB-DL.DDP5.1.H.264-CRFW/Modern.Family.S09E17.Royal.Visit.1080p.DSNP.WEB-DL.DDP5.1.H.264-CRFW.mkv,Modern Family,2009,1442437,9,17,Steve Valentine,78311.0,0.648
908,366,234,576,516,528,342,420,342,0.936,22992,0,"[-1.6019718647003174, -0.2329186201095581, -0.16391359269618988, 0.2838827669620514, -0.45818087458610535, -0.27772125601768494, 0.21811304986476898, -0.04912194237112999, -1.3752331733703613, 0.25770509243011475, 1.333967924118042, 0.29298004508018494, 0.5727400779724121, -1.6216442584991455, 1.4110627174377441, -0.7976773977279663, -1.5959553718566895, 0.04239705950021744, -0.7935502529144287, 1.373343586921692, 0.08565413951873779, -1.3525587320327759, 1.8900823593139648, -1.8218525648117065, 0.2477426677942276, 0.6079200506210327, 0.9804913997650146, 0.471049427986145, -0.964191198348999, 1.2407152652740479, -0.9370806217193604, 0.6785383820533752, -0.9932977557182312, -0.8163247108459473, 0.18362122774124146, -0.031008316203951836, 0.7944549918174744, 1.0426883697509766, 0.510769248008728, -1.420178771018982, 0.04356854408979416, 1.2793892621994019, -1.8117563724517822, -0.37457147240638733, -0.5853175520896912, -1.0619161128997803, 1.2130056619644165, -0.30336833000183105, -0.1290479451417923, 1.1844124794006348, -0.9597741961479187, 1.012980580329895, 2.424445867538452, 0.8166203498840332, -0.44441407918930054, -0.7298943400382996, -0.6628380417823792, 2.1204473972320557, -0.2785259783267975, 0.6726431846618652, 0.9510779976844788, -0.7281184792518616, -0.9232478737831116, -0.21224255859851837, 1.3419113159179688, -1.441927433013916, -0.01666371524333954, 1.1197521686553955, 0.22342851758003235, 1.4483591318130493, -0.2970520257949829, 1.1957769393920898, -2.430551052093506, 0.9056034684181213, -0.7684930562973022, 0.4422176778316498, -0.4670078158378601, 0.8606194257736206, -0.8851640820503235, -0.31154555082321167, -0.48199325799942017, -1.0953261852264404, 0.15865370631217957, 0.9675590991973877, 0.7722610235214233, 0.30924248695373535, 1.2581841945648193, -0.9368543028831482, -2.5177884101867676, -2.5441341400146484, -0.4633050262928009, -1.5871944427490234, -0.77107834815979, -0.05296015739440918, -0.5762887001037598, 1.2457096576690674, -1.3660234212875366, -0.567204475402832, 1.090064287185669, -1.7898669242858887, -0.8760550618171692, 0.8945039510726929, 0.23900346457958221, -1.4611629247665405, -0.6579048037528992, 1.1676063537597656, -0.011739312671124935, -1.2931783199310303, 1.3595770597457886, 0.6404860615730286, -0.9533587694168091, 0.13213761150836945, -0.1304440200328827, -0.26266971230506897, 0.4564715325832367, 2.582024574279785, -1.8349199295043945, -1.3390398025512695, -1.2670097351074219, 2.339811086654663, 1.1202445030212402, -1.1039313077926636, 0.029882829636335373, -0.3408949673175812, -0.5438333749771118, -0.5000565648078918, 0.505460262298584, 1.4054558277130127]",yunet,Facenet,1920,1080,/home/amos/media/tv/modern_family/Modern.Family.S09.1080p.DSNP.WEB-DL.DDP5.1.H.264-CRFW/Modern.Family.S09E17.Royal.Visit.1080p.DSNP.WEB-DL.DDP5.1.H.264-CRFW.mkv,Modern Family,2009,1442437,9,17,Nolan Gould,147710.0,0.506
909,1506,312,1704,564,1644,414,1548,420,0.925,22992,1,"[-1.9419196844100952, -1.4421119689941406, -0.6280156373977661, 0.6418734192848206, 0.299185574054718, -1.55515456199646, 0.32021400332450867, 0.26931723952293396, 1.9654361009597778, -0.9164307713508606, 1.416353464126587, -2.027891159057617, 0.5747702121734619, -0.42305007576942444, -1.663217306137085, -0.31059718132019043, -0.14345812797546387, -0.5936391949653625, -1.6345797777175903, -0.3682437241077423, 0.5991520881652832, 0.988535463809967, -0.15798908472061157, -1.0942224264144897, -0.046816885471343994, 0.9156187772750854, 1.093291163444519, -1.122385025024414, 1.464743733406067, 0.02833894081413746, -1.366194725036621, 1.3275411128997803, -0.14183178544044495, 0.22000154852867126, 1.0140212774276733, 0.2803552746772766, 0.7014044523239136, -0.6954085230827332, -0.35114750266075134, -2.516547918319702, -0.29094114899635315, 0.8872588276863098, -1.5159332752227783, -0.6642719507217407, -0.6818985939025879, -2.1743009090423584, 0.10239103436470032, 0.5426849126815796, -0.9487248063087463, 1.8658970594406128, 0.06103139743208885, 1.4897518157958984, -1.4778881072998047, 0.21065492928028107, -0.6637573838233948, -0.3125726282596588, 1.6558253765106201, 0.09605297446250916, -0.6095882058143616, -0.9062544703483582, -0.9439215064048767, -1.1250267028808594, -0.028856640681624413, 1.495255470275879, 0.5580596327781677, 1.6506803035736084, 0.07626082003116608, 1.1746000051498413, -0.7819428443908691, -1.964006781578064, -0.50557941198349, -1.2437758445739746, -1.2355647087097168, -0.2782302796840668, 0.7208384275436401, 0.1625813990831375, -0.6287628412246704, -0.6815555691719055, -1.1146595478057861, -2.286278247833252, -1.1210708618164062, 0.9698569774627686, -1.0346444845199585, 0.09186501055955887, 0.5180028080940247, -0.48447665572166443, -0.3454922139644623, 0.36514997482299805, -1.3448193073272705, -0.1586829274892807, -0.857583224773407, 0.9346615076065063, 0.8483085632324219, 0.014355870895087719, -0.6442034840583801, 2.459808588027954, -1.2966123819351196, 0.44221043586730957, -0.7978619337081909, -2.026745557785034, 0.011617053300142288, -0.32961010932922363, 0.17936035990715027, -1.7421066761016846, 0.5553780198097229, 1.9542667865753174, 0.27680617570877075, -0.12671050429344177, 0.8671388626098633, -0.7932572960853577, 1.0896873474121094, -0.6776185035705566, 1.3645429611206055, 0.47905799746513367, 0.7302970886230469, 0.9626145362854004, 0.5105302333831787, -2.1424448490142822, -1.1754084825515747, 2.30275821685791, -0.3082689642906189, -0.5545296669006348, 0.00693298876285553, -0.5173918008804321, 0.6552874445915222, 0.8820159435272217, 0.3779178857803345, 0.013925749808549881]",yunet,Facenet,1920,1080,/home/amos/media/tv/modern_family/Modern.Family.S09.1080p.DSNP.WEB-DL.DDP5.1.H.264-CRFW/Modern.Family.S09E17.Royal.Visit.1080p.DSNP.WEB-DL.DDP5.1.H.264-CRFW.mkv,Modern Family,2009,1442437,9,17,Jesse Tyler Ferguson,204815.0,0.796
910,888,252,1092,522,1026,354,924,360,0.915,23016,0,"[-1.8024249076843262, -1.52638578414917, -0.21285727620124817, -0.6603504419326782, -0.14555339515209198, -0.22980834543704987, -0.18406860530376434, -0.1530114859342575, 2.8210349082946777, -0.774046778678894, 2.1716196537017822, -1.5587444305419922, -0.29606401920318604, -1.1099950075149536, -1.15371835231781, 1.2065808773040771, 0.3072831630706787, -0.8794586658477783, -1.7443856000900269, -0.2918561100959778, 1.9167295694351196, -0.664858341217041, 1.4064780473709106, -0.14042457938194275, -0.21850651502609253, 0.7905710935592651, 1.7237845659255981, -1.8016201257705688, 1.1678916215896606, -0.3791187107563019, -1.3782154321670532, 1.0593758821487427, 0.21313634514808655, 0.43867504596710205, 1.0677233934402466, 1.3465884923934937, -0.48350000381469727, -0.30777817964553833, -0.6203057765960693, -0.34181612730026245, 0.010351920500397682, 0.4424901008605957, -1.0157562494277954, -0.04028439521789551, -0.17421764135360718, -0.526225745677948, -0.5072485208511353, -0.15326468646526337, -0.24502180516719818, 0.33617913722991943, -0.05623936653137207, -0.8616223931312561, -1.1867626905441284, 0.2421107143163681, 0.030294286087155342, -1.1257052421569824, 1.752331256866455, 0.9709056615829468, -1.5402698516845703, -2.170989751815796, -1.072840929031372, -0.10204106569290161, -0.5675479173660278, 0.9915736317634583, -0.3755897283554077, 1.4486665725708008, 0.5476357936859131, 0.4512891173362732, 0.916645884513855, -2.6325831413269043, -1.0724183320999146, -0.3240668773651123, -1.3131412267684937, -0.37590116262435913, 0.6482207775115967, 0.07573039084672928, -1.2477543354034424, -0.1495586335659027, -1.0305060148239136, -1.950120210647583, -1.5225104093551636, 0.134922593832016, -0.49287810921669006, -1.473813533782959, -0.1649160385131836, 0.04362604022026062, -0.34638041257858276, 1.2728257179260254, -1.0757207870483398, 0.38723716139793396, 0.6717391014099121, 0.23633423447608948, 1.8801417350769043, 1.1243531703948975, -0.12735773622989655, 3.0743253231048584, -1.131627082824707, 0.6252740621566772, -1.4928221702575684, -0.8509261012077332, -0.061057087033987045, -1.0401430130004883, 0.05901266634464264, -0.5046818852424622, 0.5433075428009033, 0.3396034836769104, -0.11464434862136841, 0.8384701013565063, 0.30314019322395325, -0.3332294225692749, 1.2545671463012695, -0.8706778883934021, 1.5464578866958618, -0.09851448982954025, -0.6975871324539185, 1.7161898612976074, 0.656965970993042, -1.6941051483154297, -0.4527725875377655, 0.09895023703575134, -0.8332705497741699, -0.21737174689769745, 0.3437339663505554, -1.8508983850479126, 0.8774497509002686, -0.43923869729042053, -0.16891178488731384, -0.6299622058868408]",yunet,Facenet,1920,1080,/home/amos/media/tv/modern_family/Modern.Family.S09.1080p.DSNP.WEB-DL.DDP5.1.H.264-CRFW/Modern.Family.S09E17.Royal.Visit.1080p.DSNP.WEB-DL.DDP5.1.H.264-CRFW.mkv,Modern Family,2009,1442437,9,17,Jesse Tyler Ferguson,204815.0,0.825
911,786,120,1026,426,978,228,864,240,0.929,23040,0,"[1.046625018119812, 1.2359203100204468, -1.219178318977356, -0.54087895154953, 1.7552332878112793, 0.11616551131010056, 1.9385886192321777, 0.7767220139503479, 0.3193914294242859, -0.34580472111701965, -0.5056847333908081, -1.3837482929229736, -0.8555712103843689, 1.829878568649292, -0.47055235505104065, 0.441028356552124, -2.016331672668457, -2.1065263748168945, -1.503221035003662, -0.14161944389343262, -0.946284294128418, 2.675253391265869, -1.0966088771820068, 1.161255121231079, 0.9647247195243835, 0.37590155005455017, -0.3920942544937134, -0.5356077551841736, 0.8079323768615723, -0.6986925601959229, 0.6981929540634155, 1.0593923330307007, -2.0571579933166504, 1.8662123680114746, -0.3158935308456421, -1.2813633680343628, 0.5557194948196411, -2.398932456970215, 1.1831889152526855, -1.3532297611236572, -0.6088419556617737, -0.6782207489013672, -0.7490824460983276, -0.9903972148895264, 0.3507270812988281, -0.7322537899017334, -1.0475640296936035, -0.10668720304965973, -0.842292308807373, 2.2332639694213867, -1.31502103805542, 0.7023122906684875, -0.4360935389995575, 0.21830420196056366, -2.076691150665283, -1.5115206241607666, 0.4378833770751953, -1.632475733757019, -0.5278897881507874, -0.184744730591774, -1.5076632499694824, 0.15433764457702637, 0.8694456219673157, 0.8543905019760132, -1.470922827720642, 0.24802236258983612, -0.23738402128219604, -0.7524886131286621, 0.7919422388076782, -2.2116496562957764, 0.22091910243034363, -1.2701648473739624, 0.13778644800186157, -0.05055949464440346, -0.003959169611334801, -0.7447596192359924, 0.10993252694606781, 0.293101042509079, 1.5435024499893188, 0.28874140977859497, 0.07893876731395721, 1.3356791734695435, -0.7778914570808411, -1.2696624994277954, 0.3745875358581543, -0.11704814434051514, -0.43090295791625977, 0.7119483947753906, 1.9615217447280884, 1.171555757522583, 0.09185077995061874, -0.23031218349933624, -0.8326749801635742, -0.3434409499168396, 2.0163536071777344, 1.326533555984497, -0.7088855504989624, -0.3699846863746643, 0.29433301091194153, 0.2666848301887512, -0.5118504762649536, 0.18080240488052368, -0.7546752691268921, -0.38907700777053833, -0.38073933124542236, 0.1546926200389862, 0.954723596572876, 0.5006808042526245, -1.2931053638458252, -0.9692060351371765, 0.8462207317352295, -0.3248025178909302, 1.5264912843704224, -0.863934338092804, 1.3783373832702637, 0.4761430323123932, 0.8668628931045532, 0.24867138266563416, -1.1893491744995117, 0.3446069061756134, -0.3385118246078491, 0.7544020414352417, 0.7272403240203857, -0.2295573204755783, -0.9111967086791992, 0.20992913842201233, -0.27316048741340637, -0.9942731857299805]",yunet,Facenet,1920,1080,/home/amos/media/tv/modern_family/Modern.Family.S09.1080p.DSNP.WEB-DL.DDP5.1.H.264-CRFW/Modern.Family.S09E17.Royal.Visit.1080p.DSNP.WEB-DL.DDP5.1.H.264-CRFW.mkv,Modern Family,2009,1442437,9,17,,,
912,804,96,1050,420,1002,216,888,216,0.922,23064,0,"[1.1486114263534546, 1.1373486518859863, -1.3342093229293823, -0.5195229053497314, 1.2974785566329956, 0.7255341410636902, 2.3374438285827637, 0.9267588257789612, -0.07324382662773132, 0.11663934588432312, -0.6956671476364136, -1.0383321046829224, -1.2939550876617432, 1.648987054824829, -0.9253424406051636, 0.9064604640007019, -2.4936325550079346, -2.51969313621521, -1.4835484027862549, -0.2914455235004425, -0.3754568099975586, 2.6186304092407227, -0.515986979007721, 0.29469990730285645, 0.7635051608085632, 0.43330684304237366, -0.6912890672683716, -0.8321977257728577, 0.7977207899093628, -0.31095725297927856, 0.44697311520576477, 1.3288295269012451, -2.1205716133117676, 2.038172721862793, -0.3893354833126068, -1.8142932653427124, 0.39802286028862, -2.327134847640991, 0.9075278043746948, -1.7532597780227661, -0.48859119415283203, -0.2984182834625244, -1.0825694799423218, -1.1559805870056152, 0.4995419681072235, -0.9927399754524231, -0.9742403030395508, 0.24081899225711823, -0.9621061086654663, 2.329502582550049, -1.3409501314163208, 0.6675395965576172, -0.30263763666152954, 0.2712588906288147, -2.501112222671509, -1.5540715456008911, 0.7494621872901917, -1.3200832605361938, -0.8157665729522705, -0.5086109042167664, -2.0719258785247803, -0.06981626152992249, 0.9149856567382812, 0.9389290809631348, -1.4620654582977295, -0.5680330991744995, 0.05731850489974022, -0.41181960701942444, 0.6732105016708374, -2.3114888668060303, 0.17330069839954376, -0.9982227087020874, -0.3044017553329468, 0.04895550012588501, 0.3840075433254242, -1.0480742454528809, -0.04235503077507019, 0.6118058562278748, 1.3931995630264282, -0.11690633744001389, 0.20409992337226868, 0.8426376581192017, -1.1420071125030518, -2.085345983505249, -0.2584211528301239, -0.38018476963043213, -0.5623814463615417, 0.7762051820755005, 1.7104525566101074, 1.2291207313537598, -0.10078183561563492, -0.856279194355011, -0.3592798411846161, -0.33641526103019714, 2.3924238681793213, 1.1856709718704224, -0.39346545934677124, -0.2522767186164856, 0.5168603658676147, 0.3503573536872864, -0.325075626373291, -0.26708483695983887, -1.1944611072540283, -0.07686368376016617, -0.34558284282684326, 0.13061662018299103, 0.8416743874549866, 0.031269729137420654, -1.505553960800171, -0.3489796817302704, 0.6709423065185547, 0.2138097733259201, 1.6786845922470093, -0.7307689189910889, 1.5280321836471558, 0.21025559306144714, 0.4758206903934479, -0.17381525039672852, -1.4245717525482178, 0.10449425876140594, -0.3003741502761841, 0.3489252030849457, 0.578921377658844, 0.6023842096328735, -0.6485738158226013, -0.03670518845319748, -0.5754024982452393, -0.18951644003391266]",yunet,Facenet,1920,1080,/home/amos/media/tv/modern_family/Modern.Family.S09.1080p.DSNP.WEB-DL.DDP5.1.H.264-CRFW/Modern.Family.S09E17.Royal.Visit.1080p.DSNP.WEB-DL.DDP5.1.H.264-CRFW.mkv,Modern Family,2009,1442437,9,17,,,
913,918,204,1116,480,1002,318,954,324,0.914,23088,0,"[-1.559052586555481, -2.606358051300049, -0.4034060835838318, 0.25167977809906006, 0.9303368330001831, -1.2151259183883667, -0.6254602670669556, -0.018000006675720215, 2.7230567932128906, -0.7601339221000671, 0.8821054697036743, -1.832066535949707, 0.5836994051933289, -0.2855519950389862, -1.5487744808197021, -0.07290863245725632, -0.24809113144874573, -1.1512527465820312, -1.7451566457748413, -1.0820002555847168, 0.27589842677116394, 0.03933170065283775, 0.5175957083702087, 0.09415937960147858, -0.2085491269826889, 0.3788124620914459, 1.2365635633468628, -0.8765417337417603, 1.35086989402771, -0.10923558473587036, 0.04617064818739891, 1.2199057340621948, 0.5538050532341003, -0.2787078320980072, -0.2859085202217102, 1.3888540267944336, -0.34884780645370483, -0.5545153021812439, -0.7222456336021423, -0.9376846551895142, 1.1574763059616089, 0.3234498202800751, -0.8651636838912964, -0.8460574746131897, -0.041028812527656555, -0.9689146280288696, -0.07765364646911621, 0.5986363887786865, -1.968161940574646, 1.1911232471466064, -0.7106990814208984, 0.4740391671657562, -1.7000430822372437, 0.8546697497367859, -0.7987987995147705, -0.3729437589645386, 1.6105976104736328, 0.3171922564506531, -1.91569185256958, -1.5859967470169067, -0.8073749542236328, -1.8200193643569946, -0.35854488611221313, 1.682167649269104, -0.44444432854652405, 0.6394441723823547, 0.36301544308662415, 0.44286754727363586, -0.3060435354709625, -3.1639249324798584, -0.8179163932800293, -0.38884493708610535, -1.0729256868362427, 0.3512521982192993, 0.3613184690475464, -0.4161517024040222, -0.8777120113372803, -0.5469624400138855, -0.7276425957679749, -2.0368175506591797, -1.2667986154556274, 0.5292472839355469, 0.14046132564544678, -0.8961623907089233, -0.45975467562675476, -1.0513442754745483, 0.2042108178138733, 0.9884452819824219, -0.4214903712272644, 0.20404738187789917, -0.8716195225715637, -0.14112098515033722, 1.3939427137374878, 0.8743990063667297, 0.6131192445755005, 2.222321033477783, -2.0046122074127197, 1.2071902751922607, -1.526930570602417, -1.6203397512435913, 0.5771787166595459, 0.2813359200954437, -0.04481193423271179, -1.8611189126968384, 0.49401819705963135, 1.1822539567947388, -0.08220843970775604, -0.21796777844429016, 0.8353371620178223, -1.4881929159164429, 0.5217182040214539, 0.4527372717857361, 1.487838625907898, -0.43118584156036377, 0.053290918469429016, 1.3461767435073853, 0.8857303857803345, -2.210784435272217, -1.776646375656128, 0.8284902572631836, -1.3120404481887817, -0.04049305245280266, 0.9315543174743652, -0.8759705424308777, 1.1580508947372437, 0.4982515871524811, 0.09841495007276535, 0.5894675850868225]",yunet,Facenet,1920,1080,/home/amos/media/tv/modern_family/Modern.Family.S09.1080p.DSNP.WEB-DL.DDP5.1.H.264-CRFW/Modern.Family.S09E17.Royal.Visit.1080p.DSNP.WEB-DL.DDP5.1.H.264-CRFW.mkv,Modern Family,2009,1442437,9,17,Jesse Tyler Ferguson,204815.0,0.739
914,1092,180,1290,456,1224,282,1134,282,0.918,23112,0,"[-1.6461882591247559, -1.3990519046783447, -1.7098925113677979, -0.7262405753135681, 0.8069320917129517, -0.8913609385490417, -0.4403884708881378, 0.25280365347862244, 2.0538389682769775, -1.0003279447555542, 1.7420583963394165, -1.8312431573867798, -0.2965284585952759, -0.2405102401971817, 0.2266819328069687, 0.9418696165084839, 0.8402972221374512, -0.8901028037071228, -0.7716390490531921, -1.058516025543213, 0.4067259132862091, -0.053227733820676804, 1.768799901008606, 0.5738005042076111, -0.08128476142883301, 0.32958799600601196, 0.9121628999710083, -1.8490394353866577, 1.3536087274551392, 0.21381400525569916, -0.9285725355148315, 0.6470707654953003, -0.2715962827205658, 1.0596517324447632, 0.773934006690979, 1.3075605630874634, 0.8890816569328308, -0.1826254427433014, -1.5237081050872803, -1.322689414024353, -0.7826217412948608, 0.057324036955833435, -0.4537907540798187, 0.49231189489364624, -0.29129451513290405, -0.8250694274902344, -0.16217872500419617, -0.6428959369659424, 0.176877960562706, 1.3439329862594604, 0.16328367590904236, -0.7831200361251831, -1.830217719078064, 0.4124060869216919, -0.5973053574562073, -1.3361207246780396, 0.06223361939191818, 0.9781032800674438, -0.7937184572219849, -1.2333650588989258, -1.5544605255126953, 0.3121979236602783, -0.3345729112625122, 0.944552481174469, -0.2992217242717743, 1.250004768371582, -0.5654442310333252, 0.8727833032608032, 0.4130636155605316, -2.3417789936065674, -0.25925514101982117, -0.656460165977478, -0.8038732409477234, -0.4517597556114197, 0.12442556023597717, 0.8119263052940369, -0.9588011503219604, -0.7735100388526917, -1.1912095546722412, -2.3745391368865967, -2.0037806034088135, 2.1934292316436768, -1.5264482498168945, -0.878973126411438, -0.7748359441757202, -0.6194634437561035, -0.6381765604019165, 0.9345186948776245, -0.9936873912811279, -0.305980920791626, 1.1884453296661377, 0.35613304376602173, 0.824954628944397, 0.09797597676515579, -0.5815746188163757, 3.008673906326294, -1.313783884048462, 1.0506688356399536, -1.1637389659881592, -0.3357231616973877, -0.11329806596040726, -1.4840731620788574, 0.5849388241767883, -0.8835870027542114, 0.2804999053478241, 0.04914385825395584, 0.7298040986061096, 0.4123997092247009, 0.817699670791626, -1.3504223823547363, 0.3348344564437866, -1.5321727991104126, 1.9226809740066528, -0.2230435609817505, 0.21986153721809387, 0.13613174855709076, 1.7767763137817383, -2.028303384780884, -0.7677589058876038, 1.6845202445983887, -0.5771160125732422, -0.19690868258476257, 0.6115458011627197, -1.3731244802474976, 0.3007645010948181, 0.06467708200216293, 0.3733866810798645, -1.0104249715805054]",yunet,Facenet,1920,1080,/home/amos/media/tv/modern_family/Modern.Family.S09.1080p.DSNP.WEB-DL.DDP5.1.H.264-CRFW/Modern.Family.S09E17.Royal.Visit.1080p.DSNP.WEB-DL.DDP5.1.H.264-CRFW.mkv,Modern Family,2009,1442437,9,17,Jesse Tyler Ferguson,204815.0,0.796
915,0,126,198,414,150,234,48,240,0.914,23112,1,"[-1.1842350959777832, 0.6339707374572754, 0.9366497993469238, 0.1720961630344391, 0.025774700567126274, -0.2513093054294586, 1.234588623046875, -0.7511109113693237, -2.4997036457061768, 0.71005779504776, 0.3898879587650299, 0.4914388656616211, 0.8416420817375183, -1.1694542169570923, 2.110808849334717, 0.11289644241333008, -2.0884408950805664, 0.5710291266441345, -0.08052247762680054, 1.039309024810791, -0.6409950256347656, 0.30896735191345215, 0.4411226511001587, -1.3864774703979492, 0.03065136820077896, -0.28106099367141724, 0.20063592493534088, 1.6707254648208618, -1.1139092445373535, 1.4778363704681396, -0.1273382604122162, -0.05183176323771477, -0.7278727293014526, -0.7292627692222595, 0.44417184591293335, -0.7642418742179871, 0.5462858080863953, 0.2954973578453064, 0.35967695713043213, -0.8117321729660034, -0.05658045411109924, 0.6372717022895813, -1.3145134449005127, -1.0412242412567139, 0.06510388106107712, -1.6383322477340698, 0.7142637372016907, -0.23530250787734985, -0.4674453139305115, 1.1897295713424683, -1.6618545055389404, 1.309023380279541, 2.244529962539673, 1.4801921844482422, -2.0330469608306885, 0.2668484151363373, -0.46278998255729675, 0.42021530866622925, -0.623124897480011, 1.2645187377929688, 1.4019256830215454, -0.08308624476194382, -0.5168612599372864, -0.07069207727909088, 0.538689911365509, -1.8964712619781494, 1.4003751277923584, 1.0311843156814575, -0.1402348130941391, 2.152160882949829, -0.15357908606529236, 0.9607555866241455, -0.711505115032196, 0.1460779756307602, -0.2286914587020874, 0.10954062640666962, 0.47451362013816833, 0.49151504039764404, -1.007373571395874, 0.6012458205223083, 0.1738879680633545, -0.7611054182052612, -0.8759857416152954, 1.03408944606781, 1.4014664888381958, -0.10947059094905853, 1.8790010213851929, -1.156829833984375, -0.9837143421173096, -1.4085376262664795, -1.2337698936462402, -1.0782670974731445, -0.3042187988758087, -0.37463924288749695, -0.13248860836029053, -0.5208551287651062, -1.3265596628189087, -0.6950218677520752, 1.9667327404022217, -0.855350911617279, 0.08487538993358612, 1.7229490280151367, 0.2986757755279541, -1.7124419212341309, 0.9700707793235779, 1.2088196277618408, -0.9973036646842957, -1.1856040954589844, 0.939237117767334, 0.5384687185287476, -0.8285990357398987, 0.9604619741439819, -1.1174017190933228, 0.43070054054260254, 0.3484988212585449, 1.5977705717086792, -1.741669774055481, -0.21376407146453857, -1.8738282918930054, 2.7004528045654297, 1.156170129776001, -0.44970789551734924, 0.07198275625705719, 0.585895299911499, 0.5661922097206116, -0.031049445271492004, 0.11628860980272293, 2.1830341815948486]",yunet,Facenet,1920,1080,/home/amos/media/tv/modern_family/Modern.Family.S09.1080p.DSNP.WEB-DL.DDP5.1.H.264-CRFW/Modern.Family.S09E17.Royal.Visit.1080p.DSNP.WEB-DL.DDP5.1.H.264-CRFW.mkv,Modern Family,2009,1442437,9,17,,,
916,288,156,456,384,408,246,324,252,0.93,23136,0,"[-2.0597221851348877, 0.7132556438446045, -0.34100887179374695, 0.0006698369979858398, 0.265631765127182, 0.9833409786224365, -0.9531365036964417, -0.02439827471971512, 1.1462851762771606, -0.897388219833374, 0.7017595767974854, 0.8910201787948608, -1.1918390989303589, -0.9260526895523071, 1.2476645708084106, -1.1302276849746704, -1.4361388683319092, -0.714585542678833, -2.317174196243286, 0.6983193159103394, 0.48834094405174255, -1.4636645317077637, 1.3350175619125366, -0.5718675851821899, 0.39009323716163635, -0.707097589969635, 0.538097620010376, -0.6501398086547852, -1.0289870500564575, 0.8659574389457703, -0.2352079153060913, -0.9848988652229309, -1.9509696960449219, 0.08520681411027908, 1.4551677703857422, 0.8752608895301819, -0.31261906027793884, -0.31027352809906006, 0.9227747321128845, 0.8526037931442261, 0.36128097772598267, -0.37288007140159607, -1.9868232011795044, 0.02575979381799698, -0.05377507954835892, -0.3600567579269409, 1.6597638130187988, -0.09628318250179291, -1.404898762702942, 0.17084506154060364, -2.0699472427368164, 1.0891437530517578, 2.381598949432373, 0.7735289931297302, -0.7350727915763855, -0.9319710731506348, -0.09784488379955292, 1.0444908142089844, -0.3437463939189911, -0.4398828148841858, 1.5789200067520142, -0.9331825971603394, -1.224266529083252, -1.0418674945831299, 1.211019515991211, -0.6605268120765686, -0.46003246307373047, 1.7177364826202393, -0.5189656019210815, -0.9816181659698486, -0.28243765234947205, 0.8227541446685791, -1.7865891456604004, -0.08035841584205627, -0.5923508405685425, 0.27285322546958923, 1.6473067998886108, 1.6496714353561401, -1.253279209136963, -0.3001368045806885, -1.3939703702926636, -1.8559775352478027, 0.40044766664505005, 1.0003095865249634, 0.3390665054321289, -0.24645617604255676, 1.643141269683838, -1.0846741199493408, -1.8267970085144043, -1.6040325164794922, -0.32783079147338867, -2.730555295944214, -0.6626479029655457, -1.1269910335540771, -0.0740697830915451, 1.8084362745285034, -0.7340897917747498, -0.03178401291370392, 0.7639444470405579, 0.4082864224910736, -0.9775004982948303, 1.8356317281723022, -0.381242960691452, 0.45190784335136414, -0.47087717056274414, 0.8977465629577637, -0.2500617206096649, -0.6414690017700195, 1.1670091152191162, -0.17140083014965057, 0.34045958518981934, -0.2186933308839798, 1.415356993675232, -1.947610855102539, -0.13359229266643524, 2.985128402709961, -1.6147658824920654, 0.7870123386383057, -0.3180123269557953, 0.9393545985221863, 0.06720945984125137, -0.626288890838623, 0.5321248173713684, -1.398459792137146, -0.04503166675567627, -0.8882033824920654, -0.30832722783088684, 1.682287573814392]",yunet,Facenet,1920,1080,/home/amos/media/tv/modern_family/Modern.Family.S09.1080p.DSNP.WEB-DL.DDP5.1.H.264-CRFW/Modern.Family.S09E17.Royal.Visit.1080p.DSNP.WEB-DL.DDP5.1.H.264-CRFW.mkv,Modern Family,2009,1442437,9,17,Nolan Gould,147710.0,0.592
917,1146,240,1308,450,1248,324,1170,330,0.92,23136,1,"[-1.4985072612762451, -1.7976924180984497, -1.028180480003357, 0.02297646552324295, -0.346214234828949, -0.2573801875114441, -0.8193482756614685, 1.1212882995605469, 1.9082175493240356, -0.9204193949699402, 0.7314766049385071, -1.865980863571167, -0.2978361248970032, 0.31826868653297424, -1.2275652885437012, 0.7432034015655518, 0.6797069311141968, -1.1283979415893555, -1.266602635383606, -0.4941975474357605, 0.3505765199661255, 0.4065555930137634, 0.9782227873802185, -0.2752945125102997, -0.4738106429576874, 0.004205871373414993, 0.5849000215530396, -1.089972734451294, 1.7789764404296875, -0.2896721661090851, -1.1864478588104248, 1.0368777513504028, -0.5579680800437927, 0.32439497113227844, 0.7596269249916077, 0.9848142266273499, 0.2905234098434448, -0.2828725278377533, -0.9093510508537292, -1.5976176261901855, 0.0354619063436985, 0.21350450813770294, -0.9241552352905273, -0.5966435074806213, 0.6879703998565674, -0.6794782280921936, -0.09246180951595306, 0.22489111125469208, -1.0151435136795044, 1.3253111839294434, 0.0018454007804393768, 0.45491260290145874, -1.4408797025680542, 0.658553957939148, -1.2413899898529053, -0.4307299852371216, 0.49235814809799194, 0.5069304704666138, -1.3575161695480347, -1.5045636892318726, -1.1001660823822021, 0.28345340490341187, -0.06214750185608864, 2.0304856300354004, -0.6344345211982727, 1.4783934354782104, 0.755763053894043, 0.16850125789642334, 0.5380825996398926, -3.154949188232422, -0.45344263315200806, -0.5562660098075867, -0.7564117908477783, 0.03906814754009247, 0.7235833406448364, 0.1353100687265396, -1.4285690784454346, -0.6085187792778015, -0.3712872564792633, -2.24761962890625, -1.1157007217407227, 1.2194797992706299, -0.7525287866592407, -1.089820384979248, -0.4885220229625702, -1.4754301309585571, 0.06099776178598404, 0.7483254075050354, -0.9102002382278442, -0.08617967367172241, -0.2531227767467499, 0.1746695190668106, 0.83389812707901, 0.9132829904556274, -0.0008610039949417114, 2.6966166496276855, -0.4667547941207886, 0.8160672783851624, -0.7390103340148926, -0.02595485933125019, -0.14674094319343567, -0.10989989340305328, -0.07924650609493256, -0.045413535088300705, 0.5329727530479431, 0.9091456532478333, 0.4661453068256378, 0.5986776351928711, 0.3253835141658783, -0.9269988536834717, 1.0133601427078247, -0.5655633211135864, 1.795217514038086, -0.26737797260284424, -0.735623836517334, 0.7705636024475098, 1.2383296489715576, -1.4142218828201294, -2.286778211593628, -0.2086942493915558, -0.7734556198120117, 0.09982866793870926, 0.4885779023170471, -0.878747820854187, 0.28073275089263916, 0.5701901912689209, -0.3750070035457611, -1.0723869800567627]",yunet,Facenet,1920,1080,/home/amos/media/tv/modern_family/Modern.Family.S09.1080p.DSNP.WEB-DL.DDP5.1.H.264-CRFW/Modern.Family.S09E17.Royal.Visit.1080p.DSNP.WEB-DL.DDP5.1.H.264-CRFW.mkv,Modern Family,2009,1442437,9,17,Jesse Tyler Ferguson,204815.0,0.837
918,246,120,420,348,378,204,294,204,0.923,23160,0,"[-2.153998851776123, 0.4036884009838104, 0.21710599958896637, -0.0402090884745121, 0.41608983278274536, 0.9781161546707153, -0.41578757762908936, -0.5114165544509888, 1.1655510663986206, -0.9432678818702698, 1.0149070024490356, 0.842898964881897, -0.9274178147315979, -0.931395411491394, 1.216465711593628, -1.4034459590911865, -1.0248541831970215, -0.11079122871160507, -1.961580514907837, 0.8666514158248901, 0.3901394009590149, -1.4187374114990234, 1.3664659261703491, -1.094162940979004, 0.26820895075798035, -0.7149642109870911, 0.7332489490509033, -0.7970781326293945, -1.2011992931365967, 0.8298947215080261, 0.0683966726064682, -1.0513893365859985, -1.971720814704895, -0.31426429748535156, 1.6582566499710083, 0.6290947198867798, -0.33070793747901917, 0.1245620846748352, 1.0831239223480225, 0.3671344220638275, 0.2971321642398834, -0.8759575486183167, -2.1908702850341797, -0.13860780000686646, 0.035129815340042114, -0.6353895664215088, 1.271880030632019, -0.5950440168380737, -0.827951192855835, 0.5095162391662598, -2.053283452987671, 0.7026767730712891, 2.7169954776763916, 0.38763827085494995, -0.7297360897064209, -1.0658537149429321, -0.09273062646389008, 1.228634238243103, -0.7276983261108398, -0.8837014436721802, 1.2418619394302368, -0.8910131454467773, -1.0469754934310913, -1.063673734664917, 0.8731866478919983, -0.6938617825508118, -0.08912403136491776, 0.9770169854164124, -0.26494646072387695, -0.29481378197669983, -0.18109093606472015, 0.6280077695846558, -1.815827488899231, -0.34321117401123047, -1.0907049179077148, -0.17371785640716553, 1.3186476230621338, 1.0623388290405273, -1.2556023597717285, -0.10765805095434189, -1.0874146223068237, -1.8813503980636597, 0.8620073199272156, 0.9598926901817322, 0.5450286865234375, 0.3412853479385376, 1.8468636274337769, -0.897864043712616, -1.9344911575317383, -1.526807427406311, -0.46572837233543396, -2.5951168537139893, -1.2087395191192627, -0.7885079979896545, -0.13709275424480438, 1.4418216943740845, -0.7080976366996765, -0.015750370919704437, 1.2423617839813232, 0.1701292097568512, -0.9981741905212402, 2.4042911529541016, 0.2941487431526184, 0.29773592948913574, -0.1894650161266327, 1.579837441444397, 0.1531447470188141, -0.49793943762779236, 1.1713595390319824, -0.7279106974601746, 0.09502454847097397, 0.1828467696905136, 0.9959051609039307, -1.696420669555664, -0.14464496076107025, 2.8581957817077637, -1.2589613199234009, 0.829142689704895, -0.6338528990745544, 0.737284243106842, -0.02165187895298004, -0.32853925228118896, 0.7178059220314026, -1.4549760818481445, -0.34284424781799316, -0.6611953377723694, -0.6259211897850037, 1.6122398376464844]",yunet,Facenet,1920,1080,/home/amos/media/tv/modern_family/Modern.Family.S09.1080p.DSNP.WEB-DL.DDP5.1.H.264-CRFW/Modern.Family.S09E17.Royal.Visit.1080p.DSNP.WEB-DL.DDP5.1.H.264-CRFW.mkv,Modern Family,2009,1442437,9,17,Nolan Gould,147710.0,0.544
919,1134,174,1296,384,1230,252,1164,258,0.913,23160,1,"[-1.505581021308899, -1.9720827341079712, -1.158096194267273, -0.1351189911365509, -0.09458936750888824, -0.3564274311065674, -1.2788223028182983, 0.7066829204559326, 2.7750213146209717, -0.7784481048583984, 1.101206660270691, -2.049027442932129, -1.2604105472564697, -0.20017693936824799, -1.188152551651001, 0.3095136880874634, 0.6247258186340332, -0.4705035090446472, -1.1777172088623047, -0.5610597133636475, 1.1256446838378906, -0.2865099012851715, 1.7285351753234863, -0.07833098620176315, 0.369627445936203, 0.41302862763404846, 0.6915847063064575, -2.0211029052734375, 2.581620454788208, -0.42596638202667236, -0.8208227157592773, 0.8114945292472839, 0.12108612805604935, 0.20708394050598145, 0.9077735543251038, 1.0358166694641113, 0.23644724488258362, 0.3597327172756195, -1.1237516403198242, -1.5881181955337524, -0.3293530344963074, 0.10709729790687561, -1.0787148475646973, -0.22176134586334229, 0.2670894265174866, -0.790533721446991, -0.7021877765655518, 0.14728908240795135, -0.6417816877365112, 0.8486031293869019, 0.38434237241744995, -0.4051908254623413, -1.0699750185012817, 0.7083186507225037, -0.5339301824569702, -0.7368617653846741, 0.6607762575149536, 0.7366253137588501, -0.9940162897109985, -1.4940000772476196, -1.0835884809494019, -0.3842388391494751, -0.18151307106018066, 0.892963171005249, -0.896347165107727, 1.5620628595352173, 0.37033605575561523, 0.44587162137031555, 0.477114200592041, -2.996784210205078, -0.9826756119728088, -0.803826093673706, -1.722411870956421, -0.3083876371383667, 0.03413388505578041, -0.09888966381549835, -1.0846269130706787, -0.7375807762145996, -0.7558510899543762, -2.3787026405334473, -1.2907763719558716, 0.8548508882522583, -0.6224391460418701, -1.1141245365142822, -1.1281927824020386, -0.9915359020233154, -0.5432046055793762, 0.6309593915939331, -0.6510239839553833, -0.4855581223964691, 0.008952975273132324, -0.17043359577655792, 0.47789546847343445, 0.8469097018241882, -0.6601823568344116, 2.2582406997680664, -1.148095726966858, 0.3580925762653351, -0.6966006755828857, -0.4819669723510742, -0.24579034745693207, -0.5590909719467163, 0.3468164801597595, 0.06626418977975845, 0.5380144715309143, 1.0196768045425415, 0.3337758779525757, -0.014912143349647522, 0.48488932847976685, -0.6430178284645081, 0.9224094152450562, -1.0571917295455933, 1.465070366859436, -0.5471624135971069, -0.45561203360557556, 0.5420180559158325, 0.9596759080886841, -2.2802674770355225, -1.7455427646636963, 0.19786423444747925, -0.8026313781738281, 0.0023076366633176804, 0.14172405004501343, -1.0426119565963745, 0.2663211524486542, 0.8430652618408203, 0.1642274707555771, -0.7908512353897095]",yunet,Facenet,1920,1080,/home/amos/media/tv/modern_family/Modern.Family.S09.1080p.DSNP.WEB-DL.DDP5.1.H.264-CRFW/Modern.Family.S09E17.Royal.Visit.1080p.DSNP.WEB-DL.DDP5.1.H.264-CRFW.mkv,Modern Family,2009,1442437,9,17,Jesse Tyler Ferguson,204815.0,0.828
920,234,174,402,408,366,270,294,264,0.941,23184,0,"[-2.024402379989624, 0.7662180662155151, -0.15400712192058563, -0.3647643029689789, 0.3842011094093323, 0.7736510038375854, -0.2563757002353668, -0.17757576704025269, 0.8501402735710144, -0.6419426798820496, 1.3694020509719849, 0.479692667722702, -0.6715146899223328, -0.9311647415161133, 1.6686125993728638, -0.9616846442222595, -0.8159507513046265, -0.1245071142911911, -1.9003510475158691, 0.8278969526290894, 0.9347413778305054, -1.2278152704238892, 1.4624110460281372, -0.6320275068283081, 0.2404363602399826, -0.8000863790512085, 0.6086244583129883, -0.755187451839447, -0.8384031653404236, 0.7153550386428833, 0.12462468445301056, -0.7863458395004272, -1.624725103378296, -0.004694737493991852, 1.9741415977478027, 0.6131567358970642, -0.06703488528728485, 0.022928576916456223, 1.0682885646820068, 0.41332897543907166, 0.13368839025497437, -0.6121201515197754, -2.1371407508850098, -0.5481553673744202, -0.31990453600883484, -0.4773175120353699, 1.3068512678146362, -0.9677314758300781, -0.9018229842185974, 0.30047962069511414, -2.4163053035736084, 1.1879734992980957, 2.0875563621520996, 0.9828563928604126, -0.9198918342590332, -0.44875410199165344, -0.5473409295082092, 1.0287010669708252, -0.43352338671684265, -1.068984031677246, 1.3995150327682495, -0.49708831310272217, -0.6110280156135559, -1.0291703939437866, 0.9033316373825073, -0.968113124370575, 0.04526804760098457, 1.54862642288208, -0.3928951323032379, -0.2236383855342865, -0.31358614563941956, 0.9340043067932129, -1.3504033088684082, -0.8637731075286865, -0.9699466824531555, -0.24105289578437805, 1.348934292793274, 0.6440857648849487, -1.8488520383834839, -0.4999006390571594, -0.9862596392631531, -1.7865369319915771, 0.15567675232887268, 0.9729866981506348, 0.5595434904098511, 0.3822801411151886, 1.2493469715118408, -1.2214372158050537, -1.6973546743392944, -1.7430403232574463, -0.2797357141971588, -2.3907737731933594, -0.9353812336921692, -0.9195184111595154, -0.23515957593917847, 1.3859460353851318, -0.46296510100364685, -0.3148477077484131, 1.4999783039093018, 0.29097163677215576, -1.1665377616882324, 2.90828013420105, 0.2966735363006592, 0.19378866255283356, 0.17968198657035828, 1.7200286388397217, -0.023843873292207718, -0.46507278084754944, 1.2199358940124512, -0.2653440833091736, -0.043924614787101746, 0.13541431725025177, 1.0623431205749512, -1.7548344135284424, -0.14392578601837158, 2.668135643005371, -1.451625108718872, 0.49186134338378906, -0.6869166493415833, 0.8381754755973816, -0.3227142095565796, 0.1834389716386795, 1.088426113128662, -1.6604431867599487, -0.1423686295747757, -0.5223909020423889, -0.3934917449951172, 1.6305629014968872]",yunet,Facenet,1920,1080,/home/amos/media/tv/modern_family/Modern.Family.S09.1080p.DSNP.WEB-DL.DDP5.1.H.264-CRFW/Modern.Family.S09E17.Royal.Visit.1080p.DSNP.WEB-DL.DDP5.1.H.264-CRFW.mkv,Modern Family,2009,1442437,9,17,Nolan Gould,147710.0,0.585
921,1158,210,1314,402,1254,282,1188,282,0.927,23184,1,"[-1.7776070833206177, -2.678358793258667, -0.35706934332847595, 0.6228793859481812, 1.0341709852218628, -1.173445463180542, 0.7671133279800415, 0.636650562286377, 2.576626777648926, -0.24615423381328583, 0.3833272457122803, -2.1905746459960938, 0.06393568217754364, -0.8399738073348999, -1.1360141038894653, -0.8246933221817017, -0.7723219394683838, 0.24721659719944, -0.40671980381011963, -2.028942823410034, 0.76749587059021, -0.17055748403072357, 0.5465824604034424, -1.2986953258514404, 0.4628269374370575, 0.9234352707862854, 0.8710634708404541, -1.6976673603057861, 0.09894083440303802, 0.2869395911693573, -2.2813446521759033, 0.8214794993400574, -0.37833791971206665, -0.26859423518180847, 1.6051008701324463, 1.1922310590744019, -0.08482494205236435, -0.09982872754335403, -0.7750666737556458, -2.48759126663208, 0.815900981426239, 1.056298017501831, -1.1440730094909668, -0.3853221833705902, -0.4526652991771698, -0.8391717672348022, -0.36245986819267273, 1.5777943134307861, -1.621024489402771, 1.787885308265686, -0.12472464144229889, 0.9426441192626953, -1.5012120008468628, 1.0567480325698853, -0.54570072889328, -1.0627011060714722, 1.367701530456543, -0.11612135171890259, -1.461438536643982, -1.6169382333755493, -0.8678690195083618, -1.6884373426437378, 0.0807565227150917, 0.7759397625923157, 1.0105081796646118, 1.1225358247756958, -1.001212477684021, 0.7288380265235901, -0.6518747210502625, -1.0378687381744385, 0.5144340395927429, -1.0480303764343262, -1.8097174167633057, -0.6250945329666138, 0.4856002628803253, -1.3099017143249512, -0.48130589723587036, 0.33479616045951843, -1.287686824798584, -0.771108090877533, -1.3010448217391968, -0.15633411705493927, -0.13923008739948273, -0.7905636429786682, -0.1445392370223999, -0.2718890309333801, 0.5122979879379272, 0.30894219875335693, -0.7258334159851074, 0.17423982918262482, -0.014400847256183624, 1.04623281955719, 0.9431014657020569, 1.107878565788269, -1.0924396514892578, 2.5817301273345947, -0.5595985651016235, 0.4697769582271576, -1.799267292022705, -0.6211761832237244, 0.08360974490642548, -0.08259744197130203, 0.9357269406318665, -1.648789405822754, 0.00917331874370575, 1.516419768333435, -0.39468660950660706, -0.7893960475921631, 1.2934906482696533, 0.15412813425064087, 0.4120175838470459, -1.3263605833053589, 0.8373275995254517, 0.666972279548645, 0.6081634759902954, 0.05391628295183182, 0.4527193605899811, -1.5852717161178589, -0.41046687960624695, 0.4135950207710266, -1.1998838186264038, -0.16314347088336945, 0.03827589750289917, -0.05663984268903732, 0.21850556135177612, 1.0123581886291504, 0.10671712458133698, 0.6022923588752747]",yunet,Facenet,1920,1080,/home/amos/media/tv/modern_family/Modern.Family.S09.1080p.DSNP.WEB-DL.DDP5.1.H.264-CRFW/Modern.Family.S09E17.Royal.Visit.1080p.DSNP.WEB-DL.DDP5.1.H.264-CRFW.mkv,Modern Family,2009,1442437,9,17,Jesse Tyler Ferguson,204815.0,0.705
922,786,108,1044,456,990,234,876,246,0.92,23208,0,"[0.789309024810791, 0.5299105644226074, -1.0301374197006226, 0.683652400970459, 1.7762988805770874, -0.3548221290111542, 1.8531179428100586, 0.3879525661468506, 0.5253510475158691, -0.002303473651409149, -0.5213155150413513, -1.0275439023971558, -0.6785435080528259, 1.5319029092788696, -0.5588682889938354, 0.6109573841094971, -1.6111353635787964, -2.207160711288452, -0.9656856060028076, -0.2739124596118927, -1.6136829853057861, 2.4048478603363037, -1.2904736995697021, 1.631392240524292, 1.680760383605957, 1.1883902549743652, 1.139493465423584, -0.7170295715332031, 1.4759702682495117, -0.8035551309585571, 0.6444519758224487, 0.9908838868141174, -1.4176604747772217, 1.4179497957229614, -0.818665623664856, -1.0302493572235107, 0.7147408127784729, -2.198160409927368, 1.2258706092834473, -1.1849395036697388, -0.18701493740081787, -0.22893297672271729, -0.4315498173236847, -0.5770946145057678, 0.1898333579301834, -0.2542628347873688, -1.375594139099121, -0.5605062246322632, -0.4086040258407593, 2.023902654647827, -0.7299256920814514, 0.8308148384094238, -0.5629259347915649, 0.3477942943572998, -1.48366117477417, -1.10403311252594, 0.7569813132286072, -1.807091474533081, -0.30857956409454346, 0.49541398882865906, -1.151617169380188, -0.32850050926208496, 1.1268608570098877, 0.26727601885795593, -1.1922417879104614, 1.040492057800293, -0.42933857440948486, -0.15697786211967468, 0.045611672103405, -1.327932596206665, 0.2946862578392029, -1.220876932144165, 0.28259631991386414, 0.5059913396835327, 0.7235891222953796, -0.7597029209136963, 0.3467504382133484, 0.9422948956489563, 1.4174646139144897, 0.8873472213745117, -0.5688527226448059, 1.6442002058029175, -0.4306126832962036, -1.2263062000274658, 0.19174455106258392, 0.1990557312965393, -0.5924934148788452, 0.7089902758598328, 1.3725863695144653, 0.9260903000831604, 0.18272486329078674, 0.3087860941886902, -0.06422846764326096, -0.577572226524353, 1.6243985891342163, 0.7594155073165894, -0.9566127061843872, 0.48721352219581604, -0.47138193249702454, -0.20448803901672363, -0.7686815857887268, -0.339519202709198, -0.2716060280799866, -0.456887811422348, 0.2307233214378357, 0.04681048542261124, 0.49237728118896484, 0.7099454402923584, -1.8539869785308838, -0.9187602400779724, 0.8970735669136047, -0.08459645509719849, 1.865646243095398, -1.3972418308258057, 1.4916237592697144, 0.4338749945163727, 0.4698973000049591, 0.5747842788696289, -0.10145653039216995, 0.454463392496109, 0.2032986879348755, -0.4592689871788025, 0.9870985150337219, 0.1967058777809143, -0.26692235469818115, 0.12237370759248734, -0.009510544128715992, 0.0936930775642395]",yunet,Facenet,1920,1080,/home/amos/media/tv/modern_family/Modern.Family.S09.1080p.DSNP.WEB-DL.DDP5.1.H.264-CRFW/Modern.Family.S09E17.Royal.Visit.1080p.DSNP.WEB-DL.DDP5.1.H.264-CRFW.mkv,Modern Family,2009,1442437,9,17,Eric Stonestreet,156962.0,0.569
923,174,96,336,324,294,180,222,180,0.927,23232,0,"[-2.0160768032073975, 0.8559920787811279, -0.3802160620689392, 0.32209184765815735, 1.190936803817749, 0.4838748276233673, 0.39602500200271606, 0.04433988779783249, 0.6339356303215027, -0.4922095835208893, 1.067602515220642, 0.28281694650650024, -0.49379783868789673, -0.5614582300186157, 1.0521453619003296, -1.0727264881134033, -0.7447874546051025, -1.237807273864746, -2.3073132038116455, 0.6000474691390991, 0.3378167748451233, -1.071653962135315, 1.518765926361084, -0.33609122037887573, 0.16977046430110931, -0.6098331212997437, 0.9643768072128296, -0.6552713513374329, -1.2663240432739258, 0.9109016060829163, 0.024831470102071762, -0.7811765670776367, -2.1492087841033936, -0.005627326667308807, 1.8450381755828857, 0.47200697660446167, -0.3961644470691681, 0.21575066447257996, 1.3549370765686035, 0.5400917530059814, 0.1808025985956192, -0.2782883048057556, -2.18033504486084, 0.12057238817214966, -0.14107045531272888, -0.6234959959983826, 1.7093294858932495, -0.6400117874145508, -0.9928345680236816, 0.8471065759658813, -2.4017386436462402, 1.3925118446350098, 2.406844139099121, 0.142612487077713, -1.183700442314148, -0.784980058670044, 0.24156130850315094, 1.0231322050094604, -0.7149646878242493, -1.0838569402694702, 0.6178981065750122, -0.8235931992530823, -1.161858320236206, -1.3638073205947876, 0.38443487882614136, -1.2425870895385742, -0.569659948348999, 1.2687137126922607, -0.2134096324443817, -0.5530834197998047, -0.2167196124792099, 1.0281950235366821, -1.618977665901184, -0.10992215573787689, -1.4175012111663818, 0.028822345659136772, 1.432515025138855, 1.1350334882736206, -1.3245173692703247, -0.6792264580726624, -0.9878979921340942, -1.612455129623413, 0.6600302457809448, 0.6835388541221619, 0.6867478489875793, 0.7783350944519043, 2.340776205062866, -1.1891977787017822, -1.821630835533142, -1.0147104263305664, -0.43274345993995667, -1.8699764013290405, -0.932153046131134, -0.5717005729675293, 0.28883588314056396, 1.6974560022354126, -0.41846561431884766, -0.39718931913375854, 0.7371041178703308, 0.2032146453857422, -1.2765370607376099, 2.5741207599639893, -0.24724814295768738, -0.5560125708580017, -0.05425173044204712, 0.8859091997146606, 0.25946372747421265, -0.33440712094306946, 1.1840217113494873, -0.5007354617118835, -0.017565825954079628, 0.21762283146381378, 1.5836235284805298, -1.3211700916290283, -0.2903118133544922, 3.002422571182251, -1.2194796800613403, 0.4775615632534027, -0.5851653218269348, 0.6859883069992065, -0.074909508228302, -0.11875583231449127, 0.2606457471847534, -1.5302308797836304, -0.3028796315193176, -0.8284209370613098, -0.5493664741516113, 0.8690593242645264]",yunet,Facenet,1920,1080,/home/amos/media/tv/modern_family/Modern.Family.S09.1080p.DSNP.WEB-DL.DDP5.1.H.264-CRFW/Modern.Family.S09E17.Royal.Visit.1080p.DSNP.WEB-DL.DDP5.1.H.264-CRFW.mkv,Modern Family,2009,1442437,9,17,Nolan Gould,147710.0,0.516
924,1116,162,1278,372,1200,240,1146,240,0.916,23232,1,"[-1.8915488719940186, -2.3048582077026367, -0.5390607714653015, 0.23965349793434143, 0.7454507946968079, -1.8839099407196045, 1.0337721109390259, 0.5956200361251831, 2.098209857940674, -0.31739112734794617, 1.1538439989089966, -1.79875648021698, 0.06372718513011932, -1.6121777296066284, -1.1756726503372192, -0.42023807764053345, -1.2018760442733765, 0.14150582253932953, -1.316931128501892, -0.9183887243270874, 1.1570676565170288, -0.9253533482551575, 0.15657025575637817, -0.2445257604122162, -0.8649200797080994, 1.5033643245697021, -0.02143636904656887, -1.0422075986862183, 0.5520964860916138, 0.7563089728355408, -1.1956294775009155, 1.341243028640747, -1.4836345911026, 0.1963125467300415, 1.4053233861923218, 0.30716848373413086, -0.5323602557182312, -1.5261791944503784, -0.9164350628852844, -2.128401517868042, 0.9307189583778381, 0.5045307278633118, -0.8339910507202148, -0.032520148903131485, 0.3223925530910492, -0.33253148198127747, 0.9474577307701111, 1.173731803894043, -2.6839771270751953, 0.927151083946228, 0.24074071645736694, 1.0213546752929688, -2.4152164459228516, 0.9159120917320251, -1.1123573780059814, -0.9884079694747925, 1.0857577323913574, 0.24987554550170898, -1.7255444526672363, -1.2848259210586548, 0.21672871708869934, -0.8356740474700928, 0.20365571975708008, 0.7123156189918518, 0.10197698324918747, 1.9727023839950562, -0.4521567225456238, 0.5617151260375977, 0.7923861145973206, -1.9444067478179932, 0.9245241284370422, -1.7312511205673218, -0.7493211030960083, 0.11145961284637451, 0.6758302450180054, -0.46095243096351624, -0.4961957633495331, 0.35343778133392334, -0.9602842926979065, -1.543755054473877, -1.1536412239074707, -0.1523684412240982, -0.7042848467826843, -1.6757159233093262, -0.5219889283180237, -1.1430702209472656, -0.15886248648166656, 0.3893146514892578, 0.3699830174446106, 0.6355288028717041, -0.7945807576179504, -0.09778327494859695, 1.0000349283218384, 1.7819604873657227, -0.05575668066740036, 2.7809605598449707, 0.45875126123428345, 0.8556201457977295, -1.73362398147583, -0.543596625328064, 0.09431445598602295, -0.06525546312332153, 0.9310475587844849, -0.987749457359314, 0.08551590889692307, 1.4873785972595215, 0.7145703434944153, 0.28405916690826416, 0.6966262459754944, 0.6236566305160522, 0.5831360816955566, -0.157181516289711, 1.629005789756775, -1.1661896705627441, 0.28341972827911377, 1.2501133680343628, 0.15787914395332336, -1.9525249004364014, -1.6807019710540771, -0.8398158550262451, -1.2617944478988647, 0.873673677444458, 0.2386549413204193, -0.4635968804359436, 0.07864677906036377, 0.40700140595436096, -1.1253063678741455, -0.6933067440986633]",yunet,Facenet,1920,1080,/home/amos/media/tv/modern_family/Modern.Family.S09.1080p.DSNP.WEB-DL.DDP5.1.H.264-CRFW/Modern.Family.S09E17.Royal.Visit.1080p.DSNP.WEB-DL.DDP5.1.H.264-CRFW.mkv,Modern Family,2009,1442437,9,17,Jesse Tyler Ferguson,204815.0,0.691
925,132,120,294,348,252,210,180,210,0.933,23256,0,"[-1.863283395767212, 0.812751054763794, -0.6504034996032715, 0.3689562678337097, 0.7472089529037476, 0.8273448348045349, -0.048974283039569855, 0.031539808958768845, 0.944983184337616, -0.7568286657333374, 0.9532689452171326, 0.28532397747039795, -0.7638241648674011, -0.662531852722168, 1.09128999710083, -1.4078583717346191, -0.8041090965270996, -1.0374659299850464, -2.296065092086792, 0.7288869619369507, -0.041044652462005615, -1.2673077583312988, 1.5210822820663452, -0.38924410939216614, 0.10891249775886536, -0.4727768301963806, 0.8614884614944458, -0.7118822932243347, -1.0244059562683105, 0.6939911246299744, -0.0673089474439621, -0.8539835214614868, -2.150897741317749, -0.25020959973335266, 1.5934299230575562, 1.0113282203674316, -0.4727875292301178, 0.08253934979438782, 1.2192072868347168, 0.6546982526779175, 0.3746175467967987, -0.24653403460979462, -1.883457064628601, 0.04901699721813202, 0.2581617832183838, -0.15306395292282104, 1.6033351421356201, -0.5120183229446411, -1.171048641204834, 0.5390485525131226, -2.2632362842559814, 1.1200063228607178, 2.317103862762451, 0.6143902540206909, -1.1799683570861816, -0.8586657047271729, -0.37023013830184937, 1.3299531936645508, -0.8323380351066589, -1.0266834497451782, 0.8912363052368164, -0.8484244346618652, -0.9458169341087341, -1.1065105199813843, 0.5319672226905823, -0.7003465890884399, -0.6128829121589661, 1.2165194749832153, 0.32745224237442017, -0.9921220541000366, -0.12389422953128815, 1.0812898874282837, -1.7433092594146729, 0.008975677192211151, -1.3342441320419312, 0.10265308618545532, 1.2105374336242676, 1.1734129190444946, -0.8848473429679871, -0.3172467052936554, -0.889585554599762, -1.5076789855957031, 0.7650047540664673, 0.5892587304115295, 0.30824676156044006, 0.21967753767967224, 2.108529806137085, -1.002921462059021, -1.771683931350708, -1.3354886770248413, -0.35673052072525024, -2.1632113456726074, -0.8387216329574585, -0.28713124990463257, -0.11019022762775421, 1.9298738241195679, -0.7280915975570679, -0.15534502267837524, 0.5302598476409912, 0.5388286709785461, -1.2977498769760132, 2.422496795654297, 0.013612240552902222, 0.17359447479248047, -0.4775353968143463, 0.9041751623153687, 0.19973401725292206, -0.4982195794582367, 0.8921841979026794, -0.631138801574707, 0.22566841542720795, 0.1876024305820465, 1.4615381956100464, -1.456547737121582, -0.40789446234703064, 3.235085964202881, -1.4780566692352295, 0.5437535643577576, -0.44643035531044006, 0.6490485668182373, -0.38000643253326416, -0.048942431807518005, 0.6076890230178833, -1.6349915266036987, -0.6461795568466187, -0.5760584473609924, -0.21965067088603973, 0.9175640940666199]",yunet,Facenet,1920,1080,/home/amos/media/tv/modern_family/Modern.Family.S09.1080p.DSNP.WEB-DL.DDP5.1.H.264-CRFW/Modern.Family.S09E17.Royal.Visit.1080p.DSNP.WEB-DL.DDP5.1.H.264-CRFW.mkv,Modern Family,2009,1442437,9,17,Nolan Gould,147710.0,0.522
926,1116,204,1284,432,1206,288,1140,294,0.909,23256,1,"[-1.8591862916946411, -1.8274263143539429, -1.0346652269363403, 0.10502441972494125, 0.10399326682090759, -0.5303335189819336, -0.22839125990867615, 0.8750674724578857, 2.451712131500244, -1.4530881643295288, 1.5494561195373535, -2.2946839332580566, -0.9009760022163391, -0.12117929756641388, -1.0040448904037476, 0.18334633111953735, 0.6775112152099609, -0.7013298869132996, -1.6202137470245361, -0.9713940620422363, 1.2116057872772217, -0.15896810591220856, 1.4459360837936401, 0.008580930531024933, 0.10804106295108795, 0.35051149129867554, -0.03859081119298935, -2.284269332885742, 2.216001033782959, -0.17584992945194244, -0.38006752729415894, 1.1190701723098755, -0.30991268157958984, 0.6647148132324219, 1.25442373752594, 1.0058085918426514, 0.3123088777065277, 0.22403934597969055, -0.7674128413200378, -1.2381718158721924, -0.13381929695606232, 0.8092522025108337, -1.1872968673706055, -0.6571394801139832, -0.33123263716697693, -0.10024388134479523, 0.04819031432271004, 0.3576720654964447, -1.1557846069335938, 1.7851231098175049, 0.2907164394855499, -0.015821345150470734, -0.9865438938140869, 1.0238935947418213, -0.259583979845047, -0.9895592927932739, 0.4798046946525574, 0.5907137393951416, -0.8021846413612366, -1.6472302675247192, -1.140795111656189, -1.0109763145446777, -0.1313195824623108, 0.6579629778862, -0.12181936949491501, 0.8454819917678833, -0.1330631673336029, 1.0633888244628906, -0.09610610455274582, -2.9839327335357666, -0.9689496755599976, -0.6354845762252808, -1.4795429706573486, -0.8946125507354736, -0.319798082113266, 0.07861792296171188, -1.1164085865020752, -0.3435578942298889, -1.2620841264724731, -2.176525592803955, -1.433099389076233, 0.7399938106536865, -1.0732475519180298, -1.6553468704223633, -1.3314703702926636, -0.35656118392944336, -0.427204430103302, 0.8409409523010254, -0.9325557947158813, -0.04443713650107384, 0.7431876063346863, 0.4831748306751251, 0.3669990301132202, 0.35522979497909546, -0.2994019687175751, 3.0030369758605957, -0.5172207355499268, 0.45449188351631165, -0.5100219249725342, -0.4262232780456543, -0.34770840406417847, -0.36578261852264404, 0.1234351098537445, -0.2486722767353058, 0.28749561309814453, 0.8646748661994934, 0.39288121461868286, 0.3906630873680115, 0.9854891300201416, -1.067211627960205, 0.3239084482192993, -1.4587482213974, 2.164991855621338, -0.9289605021476746, -0.30220746994018555, 0.09703041613101959, 1.1265373229980469, -2.3911688327789307, -1.1326823234558105, 0.07058286666870117, -1.6793065071105957, -0.22045055031776428, 0.5169611573219299, -1.5870494842529297, 0.2665902078151703, 0.8193013668060303, -0.43764612078666687, -0.7141038775444031]",yunet,Facenet,1920,1080,/home/amos/media/tv/modern_family/Modern.Family.S09.1080p.DSNP.WEB-DL.DDP5.1.H.264-CRFW/Modern.Family.S09E17.Royal.Visit.1080p.DSNP.WEB-DL.DDP5.1.H.264-CRFW.mkv,Modern Family,2009,1442437,9,17,Jesse Tyler Ferguson,204815.0,0.844
927,150,108,318,336,294,192,216,198,0.922,23280,0,"[-2.1910994052886963, 0.24117758870124817, -0.40123847126960754, 0.6988039016723633, 1.084355354309082, 0.8385147452354431, -0.24921146035194397, 0.1343197375535965, 1.3819491863250732, -0.47211629152297974, 0.6446911692619324, -0.008926569484174252, -0.8493213057518005, -0.4575287699699402, 1.1791397333145142, -1.3470999002456665, -0.7232263088226318, -0.8339405655860901, -2.6741161346435547, 0.8007818460464478, 0.2780081331729889, -1.3930423259735107, 1.3631280660629272, -0.4086925685405731, 0.4664554297924042, -0.7000005841255188, 1.0399154424667358, -1.0450124740600586, -1.309733510017395, 0.380954384803772, -0.05814853310585022, -0.7715908885002136, -2.1768343448638916, -0.3002660870552063, 1.5642279386520386, 0.824481189250946, -0.46632158756256104, 0.07574478536844254, 0.8609520196914673, 0.3199878931045532, 0.47287553548812866, -0.5389264225959778, -1.6156895160675049, 0.4409712553024292, -0.08552536368370056, -0.3428165316581726, 1.788388729095459, -0.5449727773666382, -1.3518766164779663, 0.8254638910293579, -2.159367322921753, 1.1989519596099854, 2.1977732181549072, 0.10932803153991699, -0.7090079188346863, -1.4433735609054565, 0.030265633016824722, 1.1978893280029297, -0.8180302381515503, -1.123200535774231, 0.9695118069648743, -0.9138884544372559, -1.2710765600204468, -0.8991368412971497, 0.5388094782829285, -0.6695011854171753, -0.7499406337738037, 0.9800575375556946, 0.18181556463241577, -1.0973124504089355, -0.18797855079174042, 0.23105961084365845, -1.9181978702545166, -0.19365155696868896, -1.0261085033416748, 0.17824985086917877, 1.321919322013855, 1.0610289573669434, -1.201444387435913, -0.11383868008852005, -1.0218226909637451, -1.5610148906707764, 1.1211137771606445, 1.0646287202835083, 0.5876712799072266, 0.4710458219051361, 2.258103132247925, -0.9955593347549438, -1.8523753881454468, -1.250771164894104, -0.6155147552490234, -2.4109437465667725, -0.9712070822715759, -0.26478612422943115, -0.07343652844429016, 1.9828989505767822, -0.8537071347236633, -0.0732540488243103, 0.2907927632331848, 0.5682042241096497, -1.475565791130066, 2.3774070739746094, -0.445658802986145, -0.13458910584449768, -0.4837333858013153, 0.5072579383850098, 0.17977097630500793, -0.2697899043560028, 1.2166054248809814, -0.3603743314743042, 0.034569546580314636, 0.1649593561887741, 1.7061084508895874, -1.547612190246582, -0.7923223972320557, 2.814164400100708, -1.285377025604248, 0.4070732891559601, -0.8938658237457275, 0.3145171105861664, 0.1644757091999054, -0.544265866279602, 0.21781884133815765, -1.536164402961731, -0.6288201808929443, -0.83354252576828, -0.3215314447879791, 1.2098039388656616]",yunet,Facenet,1920,1080,/home/amos/media/tv/modern_family/Modern.Family.S09.1080p.DSNP.WEB-DL.DDP5.1.H.264-CRFW/Modern.Family.S09E17.Royal.Visit.1080p.DSNP.WEB-DL.DDP5.1.H.264-CRFW.mkv,Modern Family,2009,1442437,9,17,Steve Valentine,78311.0,0.503
928,1146,162,1320,378,1254,246,1170,252,0.918,23280,1,"[-1.1847232580184937, -1.5716177225112915, -0.2606428563594818, -0.9636240601539612, 0.09030847251415253, -0.33944085240364075, -0.341464102268219, -0.07085925340652466, 2.9815986156463623, -0.9862789511680603, 1.619606852531433, -1.363100528717041, -0.19830197095870972, -0.03510561212897301, -1.452407956123352, 0.7230925559997559, 0.21031832695007324, -1.2431896924972534, -1.2069486379623413, -0.7006332874298096, 1.0828328132629395, -0.5982084274291992, 1.6508958339691162, -0.40908128023147583, -0.08385397493839264, 0.8035664558410645, 1.439887523651123, -2.143570899963379, 1.275679588317871, -0.7638827562332153, -1.3514487743377686, 0.9484395980834961, 0.6454007625579834, 0.4523412585258484, 0.689429521560669, 1.4209955930709839, -0.15735596418380737, 0.010328903794288635, -0.3209526836872101, -0.7727411985397339, 0.30264464020729065, 0.024098986759781837, -1.1683815717697144, -0.2891044318675995, -0.5932130813598633, -0.8299115896224976, -1.5150117874145508, -0.07320207357406616, -0.7797186970710754, 0.27462923526763916, 0.49332183599472046, -0.47080036997795105, -1.314479947090149, -0.3048399090766907, 0.07996335625648499, -0.6831014156341553, 1.1710305213928223, 0.4617093801498413, -1.1087950468063354, -2.062222480773926, -0.9495869874954224, -0.6034228801727295, -0.9723097681999207, 0.8652163743972778, -0.7266311645507812, 1.0518813133239746, 0.16424697637557983, 0.2860027253627777, 0.3776593804359436, -2.3497166633605957, -0.9672821760177612, -0.13531067967414856, -1.2416151762008667, -0.5345746278762817, 0.6940865516662598, 0.1519002765417099, -0.8410631418228149, -0.44717979431152344, -0.9689816236495972, -2.791919469833374, -1.3881464004516602, 0.9002602100372314, -0.8944873213768005, -1.309547781944275, -0.2329113483428955, -1.1744965314865112, -0.31885847449302673, 0.4873342514038086, -0.9611434936523438, 0.07877244055271149, -0.36485809087753296, -0.2210809886455536, 1.470536231994629, 0.5532925724983215, -0.1564721316099167, 2.253014326095581, -0.8730378746986389, 1.2491010427474976, -1.5794694423675537, -1.2066413164138794, 0.3317142724990845, -1.213126540184021, -0.2117232084274292, -0.532095730304718, 0.3366507589817047, 1.1510525941848755, 0.6797565221786499, -0.10950538516044617, -0.026501893997192383, -0.5135452151298523, 1.4407843351364136, 0.131191223859787, 1.530993938446045, -0.739723801612854, -0.13132557272911072, 1.6685887575149536, 0.8058979511260986, -2.02726674079895, -1.0369560718536377, 0.5422568917274475, -0.7224662899971008, -0.28523460030555725, 0.6809700727462769, -1.0030490159988403, 0.971998393535614, -0.06359585374593735, -0.08471325039863586, 0.2571808695793152]",yunet,Facenet,1920,1080,/home/amos/media/tv/modern_family/Modern.Family.S09.1080p.DSNP.WEB-DL.DDP5.1.H.264-CRFW/Modern.Family.S09E17.Royal.Visit.1080p.DSNP.WEB-DL.DDP5.1.H.264-CRFW.mkv,Modern Family,2009,1442437,9,17,Jesse Tyler Ferguson,204815.0,0.849
929,156,144,324,366,288,222,204,222,0.93,23304,0,"[-1.7759368419647217, 0.560238242149353, 0.01020594872534275, 0.6638554334640503, 0.767259955406189, 0.9639031887054443, -0.15599510073661804, 0.10139676928520203, 1.2451703548431396, -0.6319015622138977, 1.096834659576416, 0.26375362277030945, -0.1410875916481018, -0.47105249762535095, 1.2446295022964478, -0.9690525531768799, -0.9308559894561768, -0.8095039129257202, -2.145033359527588, 0.993385910987854, 0.212039053440094, -0.7048885226249695, 1.7469109296798706, -0.592339277267456, 0.5780263543128967, -1.4513047933578491, 0.8336985111236572, -0.6128981709480286, -1.0379018783569336, 0.6431821584701538, -0.1996147334575653, -1.3881852626800537, -1.51663076877594, -0.4810730516910553, 2.019368886947632, 0.5475358963012695, -0.3790745139122009, 0.5452088117599487, 0.8703486919403076, 1.073128342628479, 0.3745872378349304, -0.40459105372428894, -1.4961202144622803, -0.05689842253923416, -0.16554276645183563, -0.20260874927043915, 1.2032312154769897, -0.9221817255020142, -0.5603839755058289, 0.802512526512146, -2.6740686893463135, 1.1459336280822754, 2.5995819568634033, 0.1811482459306717, -1.2890372276306152, -0.8373315334320068, -0.2093791365623474, 1.38515305519104, -1.033956527709961, -0.8873301148414612, 1.3905208110809326, -0.2969915270805359, -1.2259052991867065, -1.1426011323928833, 0.27896836400032043, -1.068859577178955, -0.1969963014125824, 1.2830127477645874, -0.09523880481719971, -0.6748515367507935, -0.11296898126602173, 0.7088322639465332, -1.7270549535751343, -0.5816683173179626, -1.0483038425445557, -0.24978047609329224, 1.8285694122314453, 1.2398297786712646, -1.3540147542953491, 0.06544046103954315, -0.47206228971481323, -1.932353138923645, 1.1839367151260376, 0.8836732506752014, 0.6725695133209229, 0.20008087158203125, 2.125983715057373, -1.239827275276184, -1.9699920415878296, -1.9505608081817627, -0.352858304977417, -2.0532758235931396, -0.8401442766189575, -0.42926567792892456, -0.14337706565856934, 1.52146315574646, -1.1792893409729004, -0.107669398188591, 0.3558562099933624, 0.3434435725212097, -1.1480883359909058, 2.7795023918151855, 0.0026095137000083923, -0.04387776926159859, -0.1061491146683693, 1.073693037033081, 0.42621323466300964, -1.0266013145446777, 0.731802761554718, -0.5175944566726685, 0.39921867847442627, 0.35670268535614014, 1.1976629495620728, -1.2671022415161133, -0.8096349239349365, 2.6151087284088135, -1.25, 0.7142642140388489, -0.7566652297973633, 0.8156545758247375, -0.08020146191120148, -0.3995305001735687, 0.5533100366592407, -1.4930799007415771, -0.006999298930168152, -0.6061673164367676, -0.5539420247077942, 1.9724894762039185]",yunet,Facenet,1920,1080,/home/amos/media/tv/modern_family/Modern.Family.S09.1080p.DSNP.WEB-DL.DDP5.1.H.264-CRFW/Modern.Family.S09E17.Royal.Visit.1080p.DSNP.WEB-DL.DDP5.1.H.264-CRFW.mkv,Modern Family,2009,1442437,9,17,,,
930,756,144,978,444,948,264,852,258,0.928,23328,0,"[0.4545806348323822, 0.8744277954101562, -0.7832310795783997, 0.21644234657287598, 1.8180922269821167, -0.8968640565872192, 2.5752742290496826, -0.6225655674934387, 0.5242748856544495, -0.23326216638088226, -1.151475429534912, -0.2693038284778595, -0.02190297469496727, 0.7443618774414062, 0.13016065955162048, 0.5352869033813477, -1.861307144165039, -1.876964807510376, -0.8266259431838989, -0.8461095094680786, -1.5091403722763062, 1.9626003503799438, -1.2366985082626343, 1.1770439147949219, 0.7974369525909424, 0.857878565788269, 0.4625072479248047, -0.6292554140090942, 0.38968706130981445, -0.3974989652633667, -0.4710092842578888, 0.45484286546707153, -2.1100571155548096, 1.731979489326477, -0.2230719029903412, -1.2626354694366455, 0.8374270796775818, -2.5200517177581787, 1.0768616199493408, -2.0269885063171387, -0.04842532426118851, -0.39907893538475037, -0.9103342294692993, 0.08908146619796753, 0.21841350197792053, -0.37857863306999207, -1.206344723701477, 0.004007723182439804, -1.273358941078186, 2.1441845893859863, 0.0048056431114673615, 0.15118740499019623, -1.116146206855774, 0.21611936390399933, -1.6745061874389648, -1.623557209968567, 0.19329705834388733, -1.701292634010315, -0.44989046454429626, -0.4541885256767273, -1.586445689201355, -0.5343681573867798, 0.45157259702682495, -0.40369680523872375, -1.3391430377960205, 0.677525520324707, -1.3316792249679565, -0.9315047264099121, -0.1261603832244873, -1.7845344543457031, 0.7706788182258606, -1.9245389699935913, 0.617666482925415, -0.5740928053855896, 0.5403141379356384, -0.7938315272331238, 0.47372087836265564, 1.2494854927062988, 1.4338316917419434, -0.20025871694087982, -0.6414980292320251, 1.228773832321167, -1.5948699712753296, -1.205043077468872, -0.23230934143066406, -0.07673154026269913, 0.5255025625228882, 0.5833443999290466, 1.4465280771255493, 1.1763038635253906, 0.28219762444496155, 0.14532575011253357, 0.25792840123176575, -0.9966337084770203, 1.6238948106765747, 0.902286946773529, 0.56224524974823, -0.32298392057418823, -0.7489027976989746, 0.3863372504711151, -0.27819615602493286, 0.5327283143997192, -0.008021406829357147, -0.9097091555595398, -0.3302043080329895, 0.12522055208683014, 0.6754540205001831, -0.2164769172668457, -1.3586513996124268, -0.3535991907119751, 0.4784374237060547, 0.026570908725261688, 1.6989294290542603, -1.5650005340576172, 1.4986573457717896, 0.6129566431045532, 0.005728742107748985, 0.9002801775932312, -0.6814270615577698, 0.3604108989238739, -1.15121328830719, -0.12696371972560883, 1.6849031448364258, 0.5877304077148438, -0.05531986057758331, 0.41451624035835266, 0.11884952336549759, 0.11612783372402191]",yunet,Facenet,1920,1080,/home/amos/media/tv/modern_family/Modern.Family.S09.1080p.DSNP.WEB-DL.DDP5.1.H.264-CRFW/Modern.Family.S09E17.Royal.Visit.1080p.DSNP.WEB-DL.DDP5.1.H.264-CRFW.mkv,Modern Family,2009,1442437,9,17,Eric Stonestreet,156962.0,0.525
931,762,126,990,438,954,246,852,246,0.931,23352,0,"[0.8851941823959351, 0.8280006647109985, -0.728592038154602, 0.09897046536207199, 1.383230447769165, 0.181227907538414, 2.8077845573425293, 0.1620863676071167, 0.10806366056203842, 0.09730948507785797, -0.08685127645730972, -0.8991541862487793, -0.4073945879936218, 1.3742023706436157, -0.6527085304260254, 0.3889239430427551, -1.1638785600662231, -1.815853476524353, -0.5950221419334412, 0.30787280201911926, -1.2253168821334839, 2.851785659790039, -0.3533632457256317, 1.095710277557373, 1.4750940799713135, 1.2503390312194824, 0.6019359827041626, -1.048632025718689, 0.7984974384307861, -0.4952014982700348, 0.29747283458709717, 1.266113042831421, -2.450605869293213, 1.6385189294815063, 0.05017688125371933, -1.625287652015686, 1.7847427129745483, -1.993011474609375, 1.3704328536987305, -1.6462751626968384, -0.7085365056991577, -0.31413912773132324, -0.8932446241378784, -0.7008418440818787, 0.10372481495141983, -0.046110544353723526, -0.9915835857391357, -1.172292709350586, -0.5459722280502319, 3.031895875930786, -0.6386590600013733, 0.272379994392395, -0.2523314952850342, -0.14800745248794556, -2.3450775146484375, -1.6349256038665771, 0.24077703058719635, -1.2092264890670776, -0.7224491834640503, -0.7071208357810974, -1.097264051437378, -0.13683752715587616, 1.277395248413086, -0.14747324585914612, -1.7452868223190308, 0.5803835391998291, -0.07027212530374527, -0.3654745817184448, 0.7382135391235352, -1.394620656967163, 0.6354173421859741, -1.1518701314926147, 0.4998347759246826, -0.04468754678964615, 0.3538264334201813, -0.8778108358383179, 0.48829373717308044, 0.5162929892539978, 1.086937665939331, 0.6420996189117432, -0.7164142727851868, 1.5429515838623047, -1.0427606105804443, -1.082565426826477, -0.016868121922016144, 0.9187376499176025, 0.20519885420799255, 0.4409331679344177, 1.4974404573440552, 1.302142858505249, 0.005571454763412476, -0.2603679895401001, -0.6499882936477661, -0.2586095631122589, 1.9708279371261597, 1.061653733253479, 0.32520821690559387, 0.11544810235500336, 0.07157165557146072, -0.224885493516922, -0.358351469039917, 0.5902028679847717, 0.3926301896572113, -1.0407613515853882, -0.5400548577308655, 0.6287204623222351, 0.7409326434135437, 0.6696304082870483, -1.158962607383728, -1.2203549146652222, 0.6335830688476562, 0.060280412435531616, 2.280606269836426, -1.2726409435272217, 1.8057764768600464, 0.7035351991653442, 0.06379655748605728, 0.2691536545753479, -0.8400647044181824, 0.2392900139093399, -0.737827479839325, 0.025140557438135147, 0.8857225775718689, 0.025108899921178818, -0.7733262777328491, 0.3092477023601532, -0.41283196210861206, -0.4932960569858551]",yunet,Facenet,1920,1080,/home/amos/media/tv/modern_family/Modern.Family.S09.1080p.DSNP.WEB-DL.DDP5.1.H.264-CRFW/Modern.Family.S09E17.Royal.Visit.1080p.DSNP.WEB-DL.DDP5.1.H.264-CRFW.mkv,Modern Family,2009,1442437,9,17,,,
932,864,144,1080,426,1008,252,906,252,0.929,23376,0,"[-1.2722530364990234, -1.9487066268920898, -1.0739600658416748, -0.0585014671087265, 0.6240031123161316, -0.26036474108695984, -0.2827027440071106, 0.5279224514961243, 2.1232707500457764, -0.09659677743911743, 1.2479323148727417, -2.0605955123901367, -0.352971613407135, -0.6704193353652954, -1.10423743724823, 0.6031514406204224, -0.22539952397346497, -1.528989553451538, -1.1344212293624878, -1.0539090633392334, 0.7874523401260376, -0.4584701359272003, 1.5772954225540161, -0.2023751437664032, -0.3220675587654114, 1.0297621488571167, 1.5240874290466309, -1.827722191810608, 1.0422449111938477, 0.5131778120994568, -0.8602057695388794, 1.3893015384674072, 0.10251651704311371, -0.11026868969202042, 0.32898229360580444, 1.2352688312530518, -0.013493742793798447, 0.3375347852706909, -0.6476501226425171, -1.2229355573654175, 0.2827252447605133, 0.6698691248893738, -0.4048044979572296, -0.1064235121011734, -0.11214195191860199, -0.20695015788078308, -0.13010305166244507, 0.4129754900932312, -1.00319504737854, 1.0683749914169312, 0.16740363836288452, -0.22231937944889069, -1.0559934377670288, 0.9690265655517578, -0.10080213844776154, -1.8694589138031006, 0.23219332098960876, 0.6833170056343079, -0.4922424554824829, -1.6540007591247559, -1.2517861127853394, -0.6202859282493591, -0.36427634954452515, 0.8737554550170898, -0.1906466782093048, 0.8010591268539429, -0.7669679522514343, 0.835637629032135, 0.12758201360702515, -1.9637893438339233, -0.9251522421836853, -0.6585338115692139, -1.3727171421051025, 0.14476722478866577, -0.059083860367536545, 0.7657106518745422, -1.3551886081695557, 0.5090232491493225, -0.3508610129356384, -1.9904567003250122, -1.2455428838729858, 0.8359209299087524, -0.8048514723777771, -1.103103518486023, -0.865178644657135, -0.8309721946716309, -0.1476615071296692, 0.8388533592224121, -1.2869269847869873, -0.46130555868148804, 0.7959636449813843, 0.4328024089336395, 1.273381233215332, 0.5810993313789368, -0.17175160348415375, 3.1326169967651367, -1.2471991777420044, 0.8657512664794922, -1.782191276550293, -1.066908597946167, -0.6344165205955505, -1.6072027683258057, -0.1331401914358139, -0.9751812815666199, -0.40125274658203125, 0.29632866382598877, 0.17761430144309998, 0.5541585683822632, 0.6492511630058289, -0.06340642273426056, 0.5760703086853027, -1.5306669473648071, 1.5286641120910645, -0.15530312061309814, -0.3542062044143677, 1.1464409828186035, 0.3031383454799652, -2.595608711242676, -1.0109515190124512, 0.3452695906162262, -0.7751905918121338, -0.7740664482116699, 0.23700252175331116, -0.6836948394775391, 0.7489662170410156, -0.33926042914390564, 0.5665233135223389, -0.5976424813270569]",yunet,Facenet,1920,1080,/home/amos/media/tv/modern_family/Modern.Family.S09.1080p.DSNP.WEB-DL.DDP5.1.H.264-CRFW/Modern.Family.S09E17.Royal.Visit.1080p.DSNP.WEB-DL.DDP5.1.H.264-CRFW.mkv,Modern Family,2009,1442437,9,17,Jesse Tyler Ferguson,204815.0,0.803
933,990,180,1176,438,1074,276,1008,276,0.905,23400,0,"[-1.570011854171753, -1.3672577142715454, -1.1406522989273071, 0.191746324300766, 1.0442124605178833, -0.7481828927993774, 0.7067581415176392, 0.31646955013275146, 2.7376387119293213, -0.8598060607910156, 0.9164993762969971, -2.025444746017456, -0.7260808348655701, 0.4004698395729065, -0.36114999651908875, 0.2931438088417053, 0.05631650984287262, 0.0811653733253479, -1.4441990852355957, -0.3150501251220703, 0.6212365627288818, 0.6278391480445862, 1.0787698030471802, -0.44117623567581177, -0.06570152938365936, 1.501502513885498, 1.3732510805130005, -3.1197357177734375, 0.4059978723526001, -0.09738747030496597, -0.14029048383235931, 1.3073481321334839, 0.05393426865339279, 0.502081573009491, 1.0493443012237549, 1.1705076694488525, 0.20021399855613708, 0.36193782091140747, -0.21424326300621033, -0.6422296762466431, -0.6147320866584778, 1.0796719789505005, -0.36807990074157715, -1.0193719863891602, -0.252833753824234, 0.04438185319304466, -0.7531466484069824, 0.5969333648681641, -1.17488694190979, 2.5508203506469727, -0.10717865824699402, 0.5361490249633789, -0.8713722229003906, 0.6024432182312012, 0.39681124687194824, -1.958348274230957, 0.8599460124969482, 1.2168585062026978, -1.8613793849945068, -2.2417924404144287, -0.8100084066390991, -0.35359710454940796, -1.2156081199645996, 1.7368724346160889, 0.4548458456993103, 0.5627468228340149, -0.3888011872768402, 0.9245890974998474, 0.34316402673721313, -2.2864866256713867, 0.12301041930913925, -0.8888698816299438, -1.000975251197815, -0.5308421850204468, 0.05963330343365669, -0.45595017075538635, -1.2132420539855957, -1.3037424087524414, -1.6412482261657715, -1.805154800415039, -1.6022862195968628, 1.048903226852417, -0.19531404972076416, -0.3459010720252991, -0.3609226942062378, 0.5604844093322754, 0.16090397536754608, 1.39888596534729, -1.0539073944091797, -0.404946506023407, -0.4855092465877533, 1.1380581855773926, 1.379751205444336, 0.9337613582611084, -0.19752565026283264, 2.7130119800567627, -1.2623707056045532, 1.5049892663955688, -1.5184376239776611, -0.8723858594894409, -0.02234882116317749, -0.4653701186180115, -0.5850417017936707, -1.649412989616394, -0.01368752121925354, -0.3333965539932251, 0.17589649558067322, 0.6191391944885254, 1.0315889120101929, -1.279575228691101, 0.13523049652576447, -0.9539086222648621, 1.9282445907592773, 0.05784984678030014, -0.37420228123664856, 1.2055001258850098, 0.44864940643310547, -1.4738013744354248, -0.13640937209129333, 0.9765366315841675, -1.274110198020935, -0.12093295156955719, 0.20476192235946655, -1.975292444229126, 0.1828235685825348, 0.024140842258930206, -0.19355280697345734, 0.17460496723651886]",yunet,Facenet,1920,1080,/home/amos/media/tv/modern_family/Modern.Family.S09.1080p.DSNP.WEB-DL.DDP5.1.H.264-CRFW/Modern.Family.S09E17.Royal.Visit.1080p.DSNP.WEB-DL.DDP5.1.H.264-CRFW.mkv,Modern Family,2009,1442437,9,17,Jesse Tyler Ferguson,204815.0,0.796
934,282,246,450,468,402,348,324,348,0.926,23424,0,"[-1.5762944221496582, 0.7834080457687378, 0.07918986678123474, -0.021251745522022247, 0.5242690443992615, 0.5449594259262085, -0.21306642889976501, -0.43904349207878113, 0.5466283559799194, -0.6367418766021729, 1.4754952192306519, 0.6345765590667725, -0.6775197982788086, -1.1932569742202759, 1.0752853155136108, -1.5366524457931519, -0.9698996543884277, -0.9111087918281555, -1.7864062786102295, 0.8845593929290771, 0.7049853801727295, -1.587059736251831, 2.0288736820220947, -0.6275685429573059, 0.36755239963531494, -1.0109469890594482, 0.7869194746017456, -0.454891562461853, -1.3041527271270752, 0.7369219064712524, -0.5023183822631836, -0.8348360657691956, -1.780341625213623, -0.23086905479431152, 1.5163520574569702, 0.6592828631401062, 0.1406364142894745, -0.10811799019575119, 0.9429583549499512, 0.5139492750167847, 0.293739378452301, -0.4485073387622833, -2.1571297645568848, 0.11906147003173828, -0.4845907986164093, 0.027830220758914948, 1.3155674934387207, -0.7602332830429077, -0.9120672345161438, 0.40874847769737244, -2.1409850120544434, 0.7738509774208069, 2.5080044269561768, -0.11800035834312439, -0.8147597908973694, -0.36947309970855713, -0.10031336545944214, 1.4328806400299072, -0.7525361180305481, -0.7062340378761292, 1.4250993728637695, -0.960507333278656, -1.042564034461975, -1.3724766969680786, 0.43239253759384155, -0.4873732328414917, -0.15392467379570007, 1.2030609846115112, 0.1312997043132782, -0.0810985416173935, 0.12208239734172821, 1.0692812204360962, -1.901445746421814, 0.0932757705450058, -0.9516258239746094, 0.2678287625312805, 1.6733351945877075, 1.4245926141738892, -1.499577283859253, -0.11615860462188721, -1.1421688795089722, -1.4165682792663574, 0.8530558943748474, 0.7809768915176392, 0.9525371193885803, 0.27208811044692993, 1.7038283348083496, -1.553155779838562, -1.7620172500610352, -1.5452600717544556, -0.43875983357429504, -2.462714433670044, -0.7805039286613464, -0.061720460653305054, 0.12564276158809662, 1.357564926147461, -0.6018365025520325, -0.0032346807420253754, 0.420664519071579, -0.1547870934009552, -1.1302231550216675, 1.7182568311691284, 0.4575657844543457, -0.04935628920793533, -0.545602023601532, 1.0553374290466309, 0.6073512434959412, -0.5501586198806763, 0.9787929058074951, -0.29762908816337585, 0.021008864045143127, 0.3212810754776001, 1.256740927696228, -1.424776554107666, -0.18299807608127594, 3.2081658840179443, -1.1948927640914917, 0.4564332962036133, -0.6654539108276367, 1.1251485347747803, 0.24342608451843262, -0.3414081633090973, 0.4291974902153015, -1.6502604484558105, -0.4113766551017761, -0.6293879151344299, -0.6853500008583069, 1.5031421184539795]",yunet,Facenet,1920,1080,/home/amos/media/tv/modern_family/Modern.Family.S09.1080p.DSNP.WEB-DL.DDP5.1.H.264-CRFW/Modern.Family.S09E17.Royal.Visit.1080p.DSNP.WEB-DL.DDP5.1.H.264-CRFW.mkv,Modern Family,2009,1442437,9,17,Steve Valentine,78311.0,0.509
935,1236,312,1386,516,1344,384,1278,390,0.919,23424,1,"[-2.6370689868927, -2.3669474124908447, -0.11424372345209122, 0.5297544002532959, 0.014630265533924103, -0.8912012577056885, -0.21151459217071533, 0.8499947190284729, 2.538989543914795, -0.9108826518058777, 1.6514168977737427, -2.2359561920166016, -1.2317206859588623, -0.26470279693603516, -0.9961670637130737, 0.5031957030296326, 0.4795944094657898, 0.18196631968021393, -1.602522611618042, -0.7988252639770508, 0.9628069400787354, 0.1297818422317505, 1.380553126335144, -0.4961600601673126, 0.207071453332901, 1.6028817892074585, 0.283616840839386, -1.1757985353469849, 1.779074788093567, -0.10066551715135574, -1.3460739850997925, 0.8279477953910828, -0.8496684432029724, 0.6151505708694458, 1.4022107124328613, 1.507054090499878, 0.2042326033115387, -0.4598119258880615, -1.1110312938690186, -1.4520127773284912, -0.13184808194637299, 0.4011298716068268, -1.1763415336608887, -0.6733002066612244, 0.625095546245575, -0.13713371753692627, -0.1698637157678604, 0.4239027500152588, -0.7221543788909912, 1.8925176858901978, 0.4518190622329712, 0.07077957689762115, -1.5343225002288818, 0.5140367150306702, -1.1511000394821167, -0.3705609440803528, 1.6049257516860962, 0.7773447036743164, -1.0487786531448364, -1.294346570968628, -0.6575483083724976, -0.558346688747406, 0.07243233174085617, 1.7841848134994507, 0.32007962465286255, 1.4659945964813232, 0.38280582427978516, 0.7477501630783081, 0.22881612181663513, -2.292003870010376, -0.43057289719581604, -0.8292911052703857, -0.2591402232646942, -0.4588833451271057, 0.9938093423843384, -0.7417076230049133, -0.6173259019851685, -0.26128625869750977, -1.7985426187515259, -0.8414694666862488, -2.6363120079040527, 0.2635592520236969, -0.7617149949073792, -1.551999807357788, -1.293238878250122, -0.5508599877357483, -0.266054630279541, 1.1484428644180298, -0.5169488787651062, 0.25742191076278687, 0.46931710839271545, 0.7161477208137512, 0.8007254600524902, 0.8196247220039368, -0.20085236430168152, 2.047962188720703, -0.37445443868637085, 1.13393235206604, -1.2785472869873047, -0.6444021463394165, 0.5408303141593933, -0.38393843173980713, 0.3356999158859253, -0.3079732656478882, 1.2658283710479736, 1.1709332466125488, 0.32767724990844727, -0.14962509274482727, 1.0879695415496826, -0.6060134768486023, 1.006900429725647, -0.9021744132041931, 1.9049956798553467, 0.38101574778556824, 0.8659077286720276, 0.2580707371234894, 1.561814785003662, -1.5945745706558228, -0.7279884815216064, 0.19212117791175842, -1.1245919466018677, -0.2513626217842102, 0.12651163339614868, -1.137516975402832, -0.1474917232990265, 0.18063554167747498, -0.0030269771814346313, 0.13356523215770721]",yunet,Facenet,1920,1080,/home/amos/media/tv/modern_family/Modern.Family.S09.1080p.DSNP.WEB-DL.DDP5.1.H.264-CRFW/Modern.Family.S09E17.Royal.Visit.1080p.DSNP.WEB-DL.DDP5.1.H.264-CRFW.mkv,Modern Family,2009,1442437,9,17,Jesse Tyler Ferguson,204815.0,0.843
936,1038,336,1194,540,1152,414,1074,414,0.921,23448,0,"[-1.3166481256484985, -1.4469445943832397, -0.736288845539093, -0.2285691201686859, 0.6567506194114685, -1.0262020826339722, -0.03599073365330696, -0.5348443388938904, 2.4046788215637207, -0.29610100388526917, 1.13509202003479, -1.8806707859039307, 0.16683469712734222, -0.9914088249206543, -0.8891884088516235, 0.9211335182189941, 0.06650513410568237, -1.116199254989624, -0.6112824082374573, -0.9134259223937988, 1.0575543642044067, 0.515593409538269, 0.619511604309082, 0.2064342498779297, -0.3612699806690216, 0.4855717122554779, 1.7692594528198242, -1.4864057302474976, 1.346285104751587, 0.7766255140304565, -1.186055064201355, 0.8075554370880127, -0.5122854113578796, 1.2441143989562988, 0.9944775700569153, 0.7723921537399292, 0.6464683413505554, -1.0567221641540527, -0.3981315493583679, -2.272345781326294, -0.5027453303337097, 0.5370969176292419, -1.0991812944412231, -0.36138007044792175, -0.554218053817749, -1.2154585123062134, 0.1587189882993698, 0.13147807121276855, -1.2568683624267578, 1.7986966371536255, -0.42141634225845337, -0.17332899570465088, -1.7152457237243652, 1.3633229732513428, -1.0757083892822266, -0.8829971551895142, 1.6158603429794312, -0.07114199548959732, -1.0471376180648804, -1.0391292572021484, -1.4828507900238037, -0.2609833776950836, 0.021376747637987137, 1.6073566675186157, 0.333757221698761, 1.8739575147628784, 0.18859557807445526, 0.6766599416732788, -0.510279655456543, -1.6539181470870972, -0.026946932077407837, -0.9050484895706177, -0.9298393726348877, 0.2217380255460739, 0.4754132330417633, 0.735906183719635, -0.7069597244262695, -0.5683991312980652, -0.8008023500442505, -2.3986380100250244, -2.069051504135132, 1.303152322769165, -0.42424336075782776, -0.31549370288848877, 0.7543975114822388, -1.0535402297973633, 0.5285610556602478, 0.8298168182373047, -1.0859590768814087, 0.04351608455181122, -0.18183201551437378, 0.8272610902786255, 1.0969974994659424, 0.18237212300300598, 0.029166124761104584, 2.590066909790039, -1.5701781511306763, 0.6655260920524597, -1.2292976379394531, -1.316201090812683, 0.06513584405183792, -0.7722995281219482, 0.2822432219982147, -1.1773127317428589, 0.7491832375526428, 1.4720813035964966, -0.42881932854652405, 1.001326322555542, 0.8961101770401001, -1.4634443521499634, 1.4186793565750122, -1.9551975727081299, 1.1116552352905273, 0.3903661370277405, 0.16515633463859558, 1.0526392459869385, 1.086426854133606, -1.4849796295166016, -1.1083935499191284, 1.4837418794631958, 0.157100111246109, -0.2204916626214981, 0.4151313304901123, -1.0615730285644531, 1.0535411834716797, -0.02826208621263504, 0.3513408899307251, -1.0415518283843994]",yunet,Facenet,1920,1080,/home/amos/media/tv/modern_family/Modern.Family.S09.1080p.DSNP.WEB-DL.DDP5.1.H.264-CRFW/Modern.Family.S09E17.Royal.Visit.1080p.DSNP.WEB-DL.DDP5.1.H.264-CRFW.mkv,Modern Family,2009,1442437,9,17,Jesse Tyler Ferguson,204815.0,0.803
937,0,270,156,516,108,360,24,360,0.918,23448,1,"[-0.7177488803863525, 0.08103689551353455, 0.2717083990573883, 0.417365700006485, 0.46644851565361023, 0.05768144130706787, 1.6668803691864014, -0.7414547801017761, -2.357038736343384, 1.030754804611206, 1.197805643081665, -0.1602121740579605, 0.9281432628631592, -2.1360995769500732, 1.5150963068008423, -0.35185307264328003, -2.129246711730957, 0.935987651348114, -0.029935628175735474, 0.5936468839645386, -1.6705906391143799, 0.48955875635147095, 1.0891165733337402, -0.9114717841148376, -0.3124549388885498, 0.0734936073422432, 0.03780309110879898, 1.160447120666504, -1.126180648803711, 1.0520366430282593, 0.5188734531402588, -0.5599120259284973, -0.1675051599740982, -1.2612338066101074, 0.506729006767273, -0.5674044489860535, 1.301892876625061, 1.2497968673706055, 0.48198214173316956, -0.927642822265625, 0.4942694902420044, 0.6552917957305908, -0.2566888630390167, -0.8151392936706543, 0.6787771582603455, -1.5045844316482544, 0.8567613363265991, 0.08043400943279266, -0.14596988260746002, 1.0027656555175781, -1.5788416862487793, 0.6930037140846252, 1.7767834663391113, 1.975417137145996, -2.2526302337646484, 0.863084077835083, -1.0862648487091064, 0.6106975078582764, -1.3850395679473877, 1.0461033582687378, 1.523590087890625, -0.09920169413089752, -0.47092366218566895, -0.25544026494026184, 0.15327788889408112, -0.7781469225883484, 0.6532015800476074, 1.689561367034912, 0.3626459836959839, 1.9824469089508057, -0.16270026564598083, 1.3652256727218628, -1.568762183189392, 0.21897713840007782, -0.5516037344932556, 0.015313100069761276, -0.6003435850143433, 0.344023734331131, -0.7484332919120789, 1.1208750009536743, 0.22678923606872559, -0.5854049921035767, -0.4592064321041107, 0.8435536623001099, 1.1003937721252441, -0.2541123628616333, 1.7241488695144653, -0.1390964537858963, -0.23391255736351013, -1.8788326978683472, -1.5112640857696533, -1.2378723621368408, 0.36864373087882996, 0.7073313593864441, -0.005327463150024414, -0.7475959062576294, -1.7574260234832764, -0.619705080986023, 1.4884326457977295, -0.9997926354408264, 0.5458202362060547, 1.054291009902954, 0.5910344123840332, -1.6409482955932617, 0.26542940735816956, 1.7086207866668701, -0.5394435524940491, -2.0525524616241455, 0.6091368198394775, 0.37319254875183105, -0.8657776117324829, 1.4238477945327759, -1.1791627407073975, 0.25002342462539673, -0.4216248691082001, 1.7116434574127197, -2.4563536643981934, -0.9583176374435425, -1.788265585899353, 2.608875036239624, 0.26869747042655945, 0.018436482176184654, 0.7976568341255188, 0.9292566180229187, 0.0879431813955307, 0.3506051301956177, 0.586600124835968, 1.9517874717712402]",yunet,Facenet,1920,1080,/home/amos/media/tv/modern_family/Modern.Family.S09.1080p.DSNP.WEB-DL.DDP5.1.H.264-CRFW/Modern.Family.S09E17.Royal.Visit.1080p.DSNP.WEB-DL.DDP5.1.H.264-CRFW.mkv,Modern Family,2009,1442437,9,17,,,
938,804,150,1008,408,936,252,846,258,0.937,23472,0,"[-0.1495322287082672, -0.20359177887439728, -1.8665790557861328, -0.48872411251068115, 2.8120310306549072, -0.13620926439762115, 2.130405902862549, -0.10409490764141083, 0.18843534588813782, 2.0011796951293945, 0.07833897322416306, -1.423270583152771, -0.9966031312942505, 0.3070192337036133, 0.41811710596084595, 1.334124207496643, -1.7748079299926758, -0.9934710264205933, -0.7350152134895325, -1.1183079481124878, -0.48236384987831116, 2.01712965965271, -2.1592535972595215, 1.2808266878128052, 1.2710456848144531, 2.6812078952789307, 1.2258976697921753, 0.006017014384269714, 0.01541130617260933, -0.2802932858467102, 1.997599720954895, 0.8897628784179688, -0.38164418935775757, 0.9077892303466797, 0.09746804088354111, -0.3060481548309326, 0.661778450012207, -2.3971474170684814, 1.6365690231323242, -1.7803326845169067, -1.2554614543914795, -0.11683955788612366, -0.1419086456298828, -1.6519821882247925, -0.3425268232822418, -0.9927998781204224, -0.985222339630127, -0.5194346904754639, -0.7570884227752686, 0.8866385221481323, -1.232375144958496, 0.7928940057754517, -1.6501829624176025, 1.0425430536270142, -1.595992088317871, 0.12700653076171875, 1.5576311349868774, -1.9791584014892578, -0.03612150251865387, 0.2388419508934021, -0.8382595777511597, 0.095710888504982, 1.7718183994293213, 1.370147466659546, 0.5968933701515198, -0.09741081297397614, -0.24484282732009888, 0.45955967903137207, 0.7768166065216064, 0.0073538655415177345, 1.2397968769073486, -0.874629020690918, -0.29949691891670227, 0.23759274184703827, 1.5158517360687256, -0.6594358086585999, 0.6080929040908813, -0.2758368253707886, 0.2497454583644867, 1.7263405323028564, -1.2061675786972046, 1.0678415298461914, -0.48441797494888306, -0.1727970987558365, 0.15712037682533264, 0.5098800659179688, -1.0492744445800781, 1.4299770593643188, 1.8447685241699219, 1.2373411655426025, -0.4670378863811493, -0.743213415145874, 0.09464938938617706, 0.3972598910331726, 1.121058464050293, 0.2015448659658432, -1.8714287281036377, 0.2674969732761383, 0.6649150848388672, 0.23341505229473114, -0.10101616382598877, -0.24711519479751587, -0.24743801355361938, -1.4747689962387085, 0.822633683681488, -0.03320031240582466, -0.98837810754776, 0.11856110394001007, -0.20306210219860077, -0.4570258557796478, 0.9304122924804688, -0.4362686276435852, 0.29738834500312805, 0.38335347175598145, 2.848477840423584, 0.41716763377189636, 0.5909690856933594, 1.0141996145248413, 0.10002632439136505, 1.6928679943084717, 1.1573762893676758, 0.7079058885574341, 0.8430895209312439, 0.7435239553451538, -0.7911202311515808, -0.36567988991737366, 1.0041136741638184, -0.3090835511684418]",yunet,Facenet,1920,1080,/home/amos/media/tv/modern_family/Modern.Family.S09.1080p.DSNP.WEB-DL.DDP5.1.H.264-CRFW/Modern.Family.S09E17.Royal.Visit.1080p.DSNP.WEB-DL.DDP5.1.H.264-CRFW.mkv,Modern Family,2009,1442437,9,17,,,
939,306,252,480,480,438,342,360,342,0.927,23496,0,"[-1.9504035711288452, 1.26226806640625, 0.18438899517059326, 0.7852655649185181, 0.02337627112865448, 0.44099172949790955, -0.19208882749080658, -0.5343941450119019, 1.1044307947158813, -1.0747936964035034, 1.226431965827942, 0.5225555896759033, -1.062839150428772, -0.46440500020980835, 1.0317498445510864, -1.4536329507827759, -0.7004374265670776, -0.14065054059028625, -2.5176925659179688, 1.558443307876587, 0.31265369057655334, -1.1555463075637817, 1.8107486963272095, -1.0634140968322754, 0.5799787640571594, -0.8217595815658569, 0.5778379440307617, -0.3860255777835846, -1.0580575466156006, 0.8582749962806702, -0.040087223052978516, -1.311227560043335, -1.7662440538406372, 0.22927269339561462, 1.3023321628570557, 1.2360411882400513, -0.3183152973651886, -0.6010046005249023, 0.6996857523918152, 0.638416051864624, 0.02656523510813713, -0.5059714913368225, -2.1110289096832275, -0.013228438794612885, 0.18685179948806763, -0.3137076795101166, 1.158244252204895, -0.4071860909461975, -1.7657194137573242, 0.7024657726287842, -1.5072168111801147, 0.5088511109352112, 2.6316487789154053, 0.6578951478004456, -1.227972149848938, -0.8732250332832336, 0.10490314662456512, 1.7283703088760376, -1.191552996635437, -1.5487844944000244, 0.9342647790908813, -0.8570553660392761, -0.9976969361305237, -1.3163764476776123, 0.7782116532325745, -1.0650920867919922, -0.2035355567932129, 0.8183115124702454, -0.4382975399494171, -0.8642818927764893, 0.22469554841518402, 0.7026621103286743, -1.1853851079940796, -0.2066858559846878, -1.570883870124817, 0.19474829733371735, 2.174018621444702, 1.011778473854065, -0.7853763103485107, -0.17730656266212463, -0.8546050190925598, -1.6274830102920532, 0.922843873500824, 0.7450464367866516, 0.738239586353302, 0.4388822615146637, 2.0998458862304688, -0.9117937684059143, -1.1309692859649658, -1.2710822820663452, -0.7008114457130432, -1.9039568901062012, -0.7800896167755127, 0.13692164421081543, -0.5812369585037231, 1.2002403736114502, -0.6577348113059998, -0.3214279115200043, 0.4735615849494934, 0.05285850912332535, -0.6416223049163818, 2.907132148742676, 0.39647313952445984, -0.25942835211753845, -0.3685356080532074, 1.2417409420013428, 0.08275160193443298, -0.657447338104248, 1.0979055166244507, -0.5132797360420227, -0.13746249675750732, 1.0390839576721191, 1.3621320724487305, -1.4347665309906006, 0.1212569996714592, 3.0736498832702637, -1.2580831050872803, 0.3410072922706604, -0.25848835706710815, 0.7597492933273315, -0.5162270665168762, -0.1507313847541809, 0.6009445786476135, -1.7621934413909912, 0.1160999983549118, -0.3454569876194, -0.13957956433296204, 1.8022902011871338]",yunet,Facenet,1920,1080,/home/amos/media/tv/modern_family/Modern.Family.S09.1080p.DSNP.WEB-DL.DDP5.1.H.264-CRFW/Modern.Family.S09E17.Royal.Visit.1080p.DSNP.WEB-DL.DDP5.1.H.264-CRFW.mkv,Modern Family,2009,1442437,9,17,Nolan Gould,147710.0,0.509
940,1086,252,1254,456,1194,330,1116,330,0.903,23496,1,"[-0.9433151483535767, -1.6179448366165161, -1.137606143951416, -0.5645164251327515, 0.36222150921821594, -0.26461276412010193, -0.5905749797821045, 0.3738207221031189, 2.647627830505371, -0.8820032477378845, 1.5596786737442017, -1.799992322921753, -0.7488350868225098, -0.25573965907096863, -1.1707106828689575, 0.67562335729599, 0.14219579100608826, -0.9066334366798401, -1.1565825939178467, -0.4248402416706085, 1.1451241970062256, -0.2740173637866974, 1.0179948806762695, -0.6205312013626099, -0.6496894955635071, 0.42122945189476013, 1.041216492652893, -1.8566763401031494, 0.7452934980392456, -0.09136482328176498, -0.7178359031677246, 1.425425410270691, 0.097539983689785, 0.4542385935783386, 0.28672555088996887, 1.6116771697998047, -0.36724352836608887, -0.18420040607452393, -0.6061756014823914, -1.0929259061813354, -0.027397898957133293, 0.56739342212677, -0.6938799619674683, -0.6100640296936035, 0.32700076699256897, -0.5841339826583862, -0.6358709335327148, 1.185744047164917, -0.9248851537704468, 1.484938383102417, 0.4282042384147644, -0.24045537412166595, -1.3466980457305908, 0.8853702545166016, 0.36916255950927734, -1.7202250957489014, 0.4504072368144989, 0.7465060353279114, -0.9605825543403625, -1.9455583095550537, -1.1335639953613281, -0.023334495723247528, -0.485186904668808, 1.608750820159912, 0.0705888643860817, 1.2432835102081299, -0.30573466420173645, 0.17618077993392944, -0.04067107290029526, -2.6025311946868896, -1.031612753868103, -1.1590795516967773, -0.948653519153595, -0.318239688873291, 0.08702053129673004, 0.3177434802055359, -1.61680006980896, -0.3998996615409851, -0.6055670380592346, -2.1444640159606934, -1.5582975149154663, 1.073390245437622, -0.32285386323928833, -1.087631344795227, -0.530684769153595, -0.6575387716293335, -0.4232677221298218, 1.5260224342346191, -0.3036315441131592, -0.39866799116134644, 0.34037935733795166, 0.9120504260063171, 1.3976737260818481, 0.9501074552536011, 0.39721551537513733, 2.7856967449188232, -1.0991122722625732, 0.4663845896720886, -1.75529146194458, -0.3729259669780731, 0.06756527721881866, -1.1986286640167236, -0.49339866638183594, -0.7181656360626221, -0.013800501823425293, 0.27804499864578247, 0.7634483575820923, 1.3289847373962402, 0.8188899159431458, -0.6995478272438049, 0.7501968145370483, -1.5051530599594116, 1.2483881711959839, -0.011181579902768135, -0.6667873859405518, 1.1850073337554932, 0.9106606245040894, -1.74920654296875, -1.0220692157745361, -0.22552835941314697, -1.3615001440048218, 0.2888328433036804, 0.6163439750671387, -1.6245206594467163, 0.9609603881835938, -0.359775185585022, -0.08236738294363022, -1.0777084827423096]",yunet,Facenet,1920,1080,/home/amos/media/tv/modern_family/Modern.Family.S09.1080p.DSNP.WEB-DL.DDP5.1.H.264-CRFW/Modern.Family.S09E17.Royal.Visit.1080p.DSNP.WEB-DL.DDP5.1.H.264-CRFW.mkv,Modern Family,2009,1442437,9,17,Jesse Tyler Ferguson,204815.0,0.808
941,1734,312,1884,504,1830,384,1770,384,0.918,23520,0,"[-0.5917221307754517, -0.3232160210609436, -0.8657456636428833, 0.8920830488204956, -0.22346262633800507, 0.3591618537902832, 0.2540774643421173, 0.6638855338096619, 0.06992969661951065, -0.8523327112197876, 0.5471911430358887, -0.5829129815101624, -1.8098161220550537, 0.6155883073806763, 0.40738457441329956, -0.6394059062004089, 0.6126575469970703, -1.570330262184143, -0.7685993313789368, -1.3084317445755005, -1.1828125715255737, -1.19709312915802, 0.7245079278945923, 1.1365718841552734, 0.31919628381729126, -1.8400741815567017, -1.667974591255188, -0.8107033967971802, 1.500162124633789, -0.1795884072780609, -0.1911945939064026, -0.341535359621048, -2.6537022590637207, 2.9923105239868164, 0.5864678621292114, -0.44355008006095886, -0.32071390748023987, 1.2444578409194946, -0.3220132887363434, -0.06465492397546768, 0.1539439558982849, 0.4003387987613678, -0.49680617451667786, 0.5658424496650696, -0.909911572933197, -0.9736069440841675, 1.3347190618515015, 1.2831813097000122, -1.067402720451355, 0.4271846115589142, 0.2073243260383606, 1.802069067955017, 0.5470592975616455, 0.6389271020889282, -0.7951250672340393, 0.0852554589509964, 0.3137178122997284, 0.7266479730606079, -1.3290178775787354, 0.26068300008773804, -0.9282935261726379, -0.6737177968025208, -0.6176018714904785, 0.2926473915576935, 0.4915503263473511, 0.281996488571167, -0.47934192419052124, 1.4817779064178467, -1.0640168190002441, -2.610177755355835, 0.27298954129219055, -1.5419543981552124, -0.5106819868087769, 0.2905791401863098, -0.1381790041923523, 1.6529200077056885, -0.3644648492336273, 0.6956790685653687, -1.5255985260009766, -1.379117727279663, 0.3513733446598053, 0.8073064088821411, -1.6620901823043823, -1.8234831094741821, -1.8652395009994507, -0.7126836776733398, 0.41359129548072815, 0.06632249057292938, -0.9628087282180786, 0.2486911565065384, 0.09283630549907684, -0.8897403478622437, 0.5857089757919312, -0.5794805884361267, 1.3809747695922852, 1.8893089294433594, -0.44799548387527466, 0.0881732925772667, 0.39526087045669556, 1.743381381034851, -0.8629701733589172, -0.3046081066131592, -1.6095222234725952, 0.9184446334838867, 0.12375866621732712, 0.046392351388931274, 0.27701738476753235, -1.032456874847412, 0.38226738572120667, -2.507826805114746, -0.87968909740448, 0.5597894191741943, 1.7652695178985596, -2.626708745956421, -0.8896418213844299, -0.9181722402572632, -0.47856637835502625, -0.8460749983787537, -0.5507219433784485, 0.9309533834457397, -1.9441819190979004, -1.1704145669937134, 0.35819607973098755, -0.7045289874076843, 0.4187815189361572, 2.226630449295044, 0.07095205783843994, -0.010201338678598404]",yunet,Facenet,1920,1080,/home/amos/media/tv/modern_family/Modern.Family.S09.1080p.DSNP.WEB-DL.DDP5.1.H.264-CRFW/Modern.Family.S09E17.Royal.Visit.1080p.DSNP.WEB-DL.DDP5.1.H.264-CRFW.mkv,Modern Family,2009,1442437,9,17,,,
942,828,186,984,402,954,282,900,276,0.912,23520,1,"[0.4621468782424927, 0.5730001926422119, -1.1731265783309937, -0.24185121059417725, 2.0160579681396484, 0.030827628448605537, 2.0056371688842773, 0.5587291717529297, 0.21881452202796936, 0.16372762620449066, 0.8535369038581848, -1.799926519393921, -1.1862499713897705, 1.7142834663391113, -0.7993173599243164, 0.020713020116090775, -0.814396858215332, -2.3932530879974365, -1.1476476192474365, -0.6858429908752441, -1.192927360534668, 2.0056984424591064, -0.6158455610275269, 0.8803273439407349, 1.2626365423202515, 0.9783391356468201, 0.6297956705093384, -0.6852114200592041, 0.24068638682365417, -0.8444716334342957, 0.9129366874694824, 1.3965874910354614, -1.714664340019226, 2.081353187561035, 0.06446895003318787, -0.06328090280294418, 1.3263657093048096, -2.1575708389282227, 1.5012552738189697, -1.4754828214645386, -1.009518027305603, 0.04809560626745224, -0.857406497001648, -1.3938425779342651, -0.19581882655620575, -0.9281560182571411, -1.2098524570465088, 0.10041029006242752, -0.5110425353050232, 2.647996664047241, -1.0226218700408936, 0.8448423147201538, -0.4322632849216461, 0.5551671385765076, -1.9836550951004028, -0.6660725474357605, 1.0399671792984009, -1.5582448244094849, -0.15763115882873535, -0.6744534373283386, -1.7977639436721802, -0.27929171919822693, 1.613119125366211, 1.3545278310775757, -0.41646596789360046, 0.19708937406539917, -0.5878768563270569, 0.25792527198791504, 0.4432346522808075, -1.2197164297103882, -0.031461719423532486, -0.984075665473938, -0.412526398897171, 0.16375131905078888, 0.12011237442493439, -0.39779260754585266, 0.16145995259284973, -0.1994616687297821, 0.41364341974258423, 0.338264524936676, -0.5074995756149292, 1.9042693376541138, -0.9085277318954468, -1.0128728151321411, 0.4462715983390808, 0.3768233060836792, -0.353803813457489, 1.1738799810409546, 0.8654452562332153, 1.569806694984436, -0.2690039873123169, 0.14757271111011505, -0.33945122361183167, -0.11286116391420364, 1.769182801246643, 1.5604641437530518, -1.0118601322174072, -0.06264591962099075, 0.2877720594406128, 0.35521021485328674, -0.7769007086753845, -0.35967713594436646, -0.4070103168487549, -1.1689757108688354, -0.21645700931549072, 0.7585791945457458, 0.2801402807235718, 0.8373544216156006, -0.6571730375289917, -2.2039308547973633, 0.9988324046134949, -0.708583652973175, 1.5669872760772705, -0.13200943171977997, 2.2031784057617188, 0.8503540754318237, 1.1099506616592407, -0.1645292341709137, -0.11428350955247879, 1.3954548835754395, -0.3642386198043823, -0.32454296946525574, 0.7724892497062683, -0.5536100268363953, -0.6631832718849182, 0.17052534222602844, 0.539734959602356, -0.6075856685638428]",yunet,Facenet,1920,1080,/home/amos/media/tv/modern_family/Modern.Family.S09.1080p.DSNP.WEB-DL.DDP5.1.H.264-CRFW/Modern.Family.S09E17.Royal.Visit.1080p.DSNP.WEB-DL.DDP5.1.H.264-CRFW.mkv,Modern Family,2009,1442437,9,17,,,
943,864,324,1044,564,966,426,888,426,0.92,23544,0,"[-1.5152121782302856, -1.3091782331466675, -0.17889100313186646, -0.66310715675354, 0.30711251497268677, -0.6948899030685425, -0.3358094394207001, -0.16585125029087067, 3.192471981048584, -0.9981866478919983, 1.9069479703903198, -1.7190827131271362, -0.4439629912376404, -0.18861864507198334, -1.3472989797592163, 0.5645338296890259, -0.2228897213935852, -1.0980833768844604, -1.8364276885986328, -0.5758646726608276, 0.9702739715576172, -0.33666613698005676, 0.8849098682403564, -0.2301810085773468, -0.3471469283103943, 0.46186983585357666, 0.977515697479248, -1.9812673330307007, 1.1376831531524658, -0.7270488739013672, -1.1900336742401123, 0.4229264557361603, 0.008770394138991833, 0.6379014253616333, 0.030540229752659798, 1.491057276725769, -0.2914246916770935, -0.2562662959098816, -0.5228734612464905, -1.1783689260482788, 0.5912041664123535, -0.6742201447486877, -0.9402081966400146, 0.1639237105846405, -0.29067301750183105, -0.9426878094673157, -1.0420498847961426, 0.2844036817550659, -0.6235780119895935, 0.19103677570819855, 0.24421675503253937, -0.11044831573963165, -1.662034273147583, -0.38152599334716797, -0.5629900693893433, -0.5045852065086365, 1.5862501859664917, 0.41242602467536926, -0.5417253375053406, -1.4757251739501953, -1.2496440410614014, -0.26063472032546997, -1.3124862909317017, 1.5207175016403198, 0.1732155978679657, 1.132002830505371, 0.11218128353357315, -0.30518022179603577, -0.21132463216781616, -2.6054837703704834, -1.217146873474121, -0.6724426746368408, -0.9621996283531189, -0.5939233303070068, 0.4218389689922333, 0.06784180551767349, -0.9078319072723389, -0.6162155866622925, -1.4143201112747192, -2.34409499168396, -1.4456281661987305, 0.6617119312286377, -0.5495147705078125, -1.0951151847839355, -0.26935437321662903, -1.512062668800354, -0.7722253203392029, 1.1363085508346558, -0.8961731195449829, -0.1839514970779419, 0.00294668972492218, -0.26235124468803406, 1.552158236503601, 0.258945107460022, 0.08423086255788803, 1.7340260744094849, -0.8872634172439575, 0.9633314609527588, -1.2901477813720703, -1.1526075601577759, 0.3168718218803406, -1.6084108352661133, -0.4841756224632263, -0.12118598818778992, 0.332407683134079, 1.3689948320388794, 1.161738634109497, -0.02873138338327408, 0.33163753151893616, -0.5684046745300293, 1.5878102779388428, -0.32112181186676025, 1.61716890335083, -0.15823757648468018, 0.09498857706785202, 1.0883936882019043, 1.4244489669799805, -1.6816617250442505, -1.101199746131897, 1.168884038925171, -0.39845067262649536, -0.07718028873205185, 0.3796287775039673, -0.9688823819160461, 0.40771615505218506, -0.22192364931106567, 0.2407224029302597, 0.1657269448041916]",yunet,Facenet,1920,1080,/home/amos/media/tv/modern_family/Modern.Family.S09.1080p.DSNP.WEB-DL.DDP5.1.H.264-CRFW/Modern.Family.S09E17.Royal.Visit.1080p.DSNP.WEB-DL.DDP5.1.H.264-CRFW.mkv,Modern Family,2009,1442437,9,17,Jesse Tyler Ferguson,204815.0,0.837
944,804,162,972,396,954,258,876,258,0.924,23592,0,"[-0.1916382908821106, 0.32910850644111633, 0.5108946561813354, -1.6425836086273193, 2.0154035091400146, 0.8970953822135925, -0.028385363519191742, 1.4558141231536865, 1.7522779703140259, -0.24953526258468628, 1.0206469297409058, -1.0851263999938965, -1.7814483642578125, -0.6496554613113403, -0.3057832419872284, -0.187249094247818, -2.1994895935058594, -1.421817421913147, -0.7162871360778809, 0.9427909851074219, -0.00029236823320388794, -0.3172348737716675, 0.9183440804481506, 0.721483588218689, -1.1699798107147217, -1.0826294422149658, 1.4519224166870117, -1.2248979806900024, -1.8715187311172485, 0.7175604701042175, -1.469210147857666, -0.5980697870254517, -2.3721885681152344, 0.5553683042526245, -1.0023266077041626, 0.9157990217208862, 0.001233115792274475, -0.7128859758377075, 2.1476266384124756, -0.9211101531982422, -0.668745756149292, -1.7288697957992554, -2.1702725887298584, -0.20828129351139069, 0.3226604759693146, 0.029422737658023834, 0.24760332703590393, -0.36524873971939087, -0.2918994426727295, 0.5153225660324097, -2.471018075942993, 1.3633564710617065, 1.6622930765151978, -0.017991967499256134, -1.5660948753356934, -2.4429640769958496, -0.33574992418289185, 0.1565151810646057, -1.092833399772644, 1.1454421281814575, -0.13937371969223022, 0.7268880009651184, -0.11644666641950607, 0.42349162697792053, 0.5363277196884155, 1.0699151754379272, 0.34344786405563354, -0.2702672481536865, 1.1350349187850952, -0.1225137710571289, -0.1475416123867035, -0.3715774416923523, -1.7754757404327393, 0.8110157251358032, -0.0841117799282074, 0.7708349227905273, -1.6584932804107666, 1.0739881992340088, 0.5973942279815674, 0.6158903241157532, -0.8855392336845398, -1.02238130569458, 1.1507751941680908, 0.22389712929725647, 1.0990387201309204, 0.5542412996292114, 0.378948450088501, 0.21552814543247223, -0.5459253787994385, -0.9602398872375488, 1.0937565565109253, -0.1877432018518448, -0.8504406809806824, 0.8064761161804199, 0.4763900637626648, 2.1390480995178223, -2.739940881729126, -1.0448901653289795, -0.8482502698898315, 0.5581210851669312, -0.9215006828308105, 0.13812413811683655, -0.6349561810493469, -0.7267489433288574, -1.0502535104751587, 0.32780271768569946, -0.5174091458320618, -0.05455419421195984, -0.9249306321144104, -0.22102366387844086, 0.9076687693595886, -1.630912184715271, 0.3051256537437439, -0.8304986953735352, -0.17319487035274506, 2.7762179374694824, -1.3423019647598267, 0.5067249536514282, -1.5244576930999756, 1.3497107028961182, -0.6919015049934387, 0.06727223098278046, -0.854343593120575, -1.4888920783996582, -1.348850131034851, -1.5106399059295654, 0.578127920627594, -1.4580358266830444]",yunet,Facenet,1920,1080,/home/amos/media/tv/modern_family/Modern.Family.S09.1080p.DSNP.WEB-DL.DDP5.1.H.264-CRFW/Modern.Family.S09E17.Royal.Visit.1080p.DSNP.WEB-DL.DDP5.1.H.264-CRFW.mkv,Modern Family,2009,1442437,9,17,Steve Valentine,78311.0,0.722
945,792,168,966,408,942,270,876,264,0.913,23616,0,"[-0.5587834119796753, 0.04173796623945236, 0.6812031865119934, -1.5859781503677368, 1.4053571224212646, 0.483071893453598, 0.08968952298164368, 1.3228095769882202, 1.81515371799469, 0.23358392715454102, 0.9388019442558289, -1.0801866054534912, -2.208437442779541, -0.5840039849281311, -0.6189641952514648, 0.45388686656951904, -2.5868418216705322, -1.233038067817688, -0.9441568851470947, 0.5375670194625854, 0.5906761884689331, -0.6198792457580566, 0.6314298510551453, 0.41176337003707886, -0.9207048416137695, -0.5798743367195129, 1.8991016149520874, -1.3429430723190308, -1.9159080982208252, 0.5390536785125732, -2.2095022201538086, -0.10624533891677856, -1.906697392463684, 0.7764272093772888, -0.32304975390434265, 1.0383669137954712, -0.8102840781211853, -0.6887782216072083, 2.21271014213562, -1.0510575771331787, -0.7417125105857849, -1.6620228290557861, -2.295163869857788, -0.20702716708183289, -0.08073892444372177, -0.5530253052711487, -0.5408332347869873, -0.06852010637521744, -0.3791111707687378, -0.05477742850780487, -2.138284683227539, 1.069608449935913, 1.8845947980880737, -0.11276234686374664, -0.7326088547706604, -2.375331401824951, 0.06136467680335045, 0.49668800830841064, -1.1161130666732788, 0.5656722784042358, -0.6997925043106079, 0.5709315538406372, -0.6510282754898071, 0.51637864112854, 0.9809076189994812, 0.9280967116355896, 0.26128628849983215, -0.4896291196346283, 0.9363824129104614, 0.45774731040000916, 0.3932799994945526, -0.6112669706344604, -1.6335821151733398, 1.011726975440979, 0.029097869992256165, 0.036048904061317444, -1.340000033378601, 1.5015805959701538, 0.7901843190193176, 0.4134604334831238, -0.29219597578048706, -1.9554812908172607, 0.8967152833938599, -0.0266567412763834, 1.083367943763733, 0.42799702286720276, 0.06288382411003113, -0.2703908085823059, -0.946165919303894, -1.0787233114242554, 1.1972720623016357, -0.06950689852237701, -0.9826311469078064, 0.7765885591506958, 0.1186922937631607, 2.04597544670105, -2.650221109390259, -0.8842230439186096, -1.1264851093292236, 0.2152768075466156, -1.4894592761993408, -0.07140326499938965, -1.0720306634902954, -0.5080702304840088, -0.7097548246383667, 0.05170304328203201, -0.21603946387767792, -0.885563850402832, -1.3850401639938354, 0.6071341037750244, 1.4436957836151123, -1.4270763397216797, 0.42215198278427124, -0.3400450050830841, -0.2232513129711151, 2.714393377304077, -0.9203529357910156, 0.4414370357990265, -1.3350082635879517, 1.4988696575164795, -0.4427177906036377, -0.4636242687702179, -0.8616285920143127, -1.248244285583496, -1.255912184715271, -1.0048654079437256, 1.0738941431045532, -0.8529689908027649]",yunet,Facenet,1920,1080,/home/amos/media/tv/modern_family/Modern.Family.S09.1080p.DSNP.WEB-DL.DDP5.1.H.264-CRFW/Modern.Family.S09E17.Royal.Visit.1080p.DSNP.WEB-DL.DDP5.1.H.264-CRFW.mkv,Modern Family,2009,1442437,9,17,Steve Valentine,78311.0,0.813
946,210,180,378,402,348,270,264,270,0.936,23640,0,"[-2.359201669692993, 0.6794630289077759, -0.12065031379461288, 0.47819510102272034, 0.8438616991043091, 1.2231820821762085, -0.26716670393943787, -0.055032964795827866, 1.3941501379013062, -0.7285852432250977, 1.6136629581451416, 0.49543672800064087, -0.666137158870697, -0.6230082511901855, 1.1439253091812134, -1.3792569637298584, -0.7046451568603516, -0.33039700984954834, -1.8518413305282593, 1.2936103343963623, -0.16265475749969482, -1.3100682497024536, 1.973351001739502, -0.7858519554138184, 0.3148164749145508, -0.4183269143104553, 0.8974089622497559, -0.7066650986671448, -1.642972707748413, 0.327744722366333, 0.0115000419318676, -1.462846279144287, -1.6122231483459473, -0.5341752767562866, 1.858235239982605, 1.2134345769882202, -0.039236634969711304, 0.44968074560165405, 1.1780619621276855, 0.968208909034729, 0.22459249198436737, -0.6927502155303955, -1.7858364582061768, 0.10842756927013397, 0.14128778874874115, -0.1859748363494873, 0.7582218050956726, -0.5359642505645752, -0.2655276656150818, 0.6978261470794678, -1.8872687816619873, 1.1109130382537842, 2.509333848953247, 0.22932346165180206, -1.169764757156372, -0.5486817359924316, -0.1193908303976059, 1.441996455192566, -0.9812597036361694, -1.1610645055770874, 1.4644579887390137, -0.2451295554637909, -1.1181631088256836, -1.0330755710601807, 0.6207633018493652, -0.7307207584381104, -0.39666780829429626, 0.9528685808181763, 0.297676682472229, -0.1913767158985138, -0.06020722538232803, 0.6908774375915527, -1.6093353033065796, -0.29817575216293335, -1.0519626140594482, -0.32330015301704407, 1.5950711965560913, 0.8929040431976318, -1.639609694480896, 0.424541175365448, -1.0411032438278198, -1.6738662719726562, 1.3501511812210083, 1.0481653213500977, 0.4498976171016693, 0.6359090805053711, 2.081768274307251, -0.5373163223266602, -1.8761632442474365, -1.5811355113983154, -0.6624523997306824, -2.46516489982605, -0.833653450012207, -0.07681649923324585, -0.29138919711112976, 1.4190723896026611, -0.7212550044059753, -0.0709586814045906, 0.1845998913049698, 0.4687759280204773, -1.0176570415496826, 2.3621928691864014, 0.21924562752246857, 0.28434836864471436, -0.3228665590286255, 1.1834102869033813, 0.6370695233345032, -0.6890621185302734, 1.2571805715560913, -0.732804000377655, 0.38311493396759033, 0.33883970975875854, 1.0772919654846191, -1.0292658805847168, -0.2568734586238861, 3.046603202819824, -1.1346187591552734, 0.6664708852767944, -0.17289310693740845, 0.5061156153678894, -0.16553206741809845, -0.3803960680961609, 0.5839933753013611, -1.7297056913375854, -0.4995429515838623, -0.9838782548904419, -0.09973760694265366, 1.8894628286361694]",yunet,Facenet,1920,1080,/home/amos/media/tv/modern_family/Modern.Family.S09.1080p.DSNP.WEB-DL.DDP5.1.H.264-CRFW/Modern.Family.S09E17.Royal.Visit.1080p.DSNP.WEB-DL.DDP5.1.H.264-CRFW.mkv,Modern Family,2009,1442437,9,17,Nolan Gould,147710.0,0.508
947,1116,276,1278,486,1206,366,1146,366,0.921,23640,1,"[-0.9113993644714355, -1.2106057405471802, -1.0012550354003906, -0.5143457651138306, -0.35660165548324585, -0.3412904739379883, -0.19723905622959137, 0.7402524948120117, 1.7281166315078735, -0.32857272028923035, 1.6281068325042725, -1.9568721055984497, -0.8527952432632446, 0.54526686668396, -1.278592586517334, 0.8861965537071228, -0.13652271032333374, -1.296730637550354, -1.1887085437774658, -1.040419101715088, 0.7705453634262085, 0.38419976830482483, 0.6534518599510193, -0.4046432077884674, -0.009438866749405861, 0.8658172488212585, 0.9544763565063477, -1.684351921081543, 1.8924956321716309, -0.30765238404273987, -0.9766116142272949, 1.5871771574020386, -0.4073319137096405, 0.7470757365226746, 0.8524805903434753, 0.6180227398872375, 0.40715262293815613, -0.6268674731254578, -0.8299779891967773, -1.280259609222412, -0.015370676293969154, 0.23833857476711273, -0.45512911677360535, -0.3715686500072479, -0.23952265083789825, -1.2333744764328003, -0.5524370074272156, -0.10256075114011765, -0.2551138997077942, 0.7075390815734863, -0.04764602333307266, 0.0467379204928875, -1.413989782333374, 0.4475144147872925, -0.8625436425209045, -0.618056058883667, 1.3331588506698608, 0.6345921754837036, -0.789205014705658, -1.7150849103927612, -1.478292465209961, 0.14151275157928467, -0.27122440934181213, 1.9435558319091797, -0.2504116892814636, 1.53042733669281, 0.5639970898628235, 0.7924360036849976, -0.13269947469234467, -2.0336809158325195, -0.325889527797699, -0.2913576364517212, -0.4401400089263916, 0.012527354061603546, 0.693892776966095, 0.1857517808675766, -0.630620002746582, -0.07596586644649506, -1.1369847059249878, -1.9901827573776245, -1.4754778146743774, 1.144461989402771, -1.2193721532821655, -1.6637376546859741, -0.3930191397666931, -1.593373417854309, -1.4963150024414062, 0.46606314182281494, -0.5772688388824463, -0.21333816647529602, 0.1172332912683487, -0.18855330348014832, 0.8365654945373535, 0.21979114413261414, 0.22777964174747467, 2.2837984561920166, -0.8937196731567383, 1.4722508192062378, -0.6356603503227234, -1.2572821378707886, -0.2298211306333542, -1.4238831996917725, -0.18732967972755432, -0.24885588884353638, 0.8082560300827026, 1.338411569595337, 0.9142100214958191, 0.5610986948013306, 0.21450379490852356, -0.3217432498931885, 1.3020232915878296, -0.44545334577560425, 1.79774808883667, -0.08615744858980179, 0.05844976752996445, 0.8140852451324463, 1.5022528171539307, -2.2200064659118652, -1.2997506856918335, 0.7944983243942261, -0.20772363245487213, -0.336723268032074, 0.49607551097869873, -0.6545030474662781, 0.7360776662826538, 0.06601623445749283, -0.042208731174468994, -0.3512727618217468]",yunet,Facenet,1920,1080,/home/amos/media/tv/modern_family/Modern.Family.S09.1080p.DSNP.WEB-DL.DDP5.1.H.264-CRFW/Modern.Family.S09E17.Royal.Visit.1080p.DSNP.WEB-DL.DDP5.1.H.264-CRFW.mkv,Modern Family,2009,1442437,9,17,Jesse Tyler Ferguson,204815.0,0.842
948,258,114,420,330,378,204,300,204,0.924,23664,0,"[-1.8958823680877686, -0.43747538328170776, 0.6101683378219604, 0.47104236483573914, 0.4228345453739166, 0.92606121301651, 0.5567642450332642, -0.2280644178390503, 0.5146995186805725, 0.21910758316516876, 2.11215877532959, -0.662434458732605, -0.4904800057411194, -0.34463465213775635, 1.0629091262817383, -1.7964743375778198, -1.2197047472000122, -0.3901837468147278, -1.9804649353027344, 0.03286486864089966, -0.42226263880729675, -2.0163650512695312, 2.866096258163452, -1.4148147106170654, 1.10958731174469, -1.0351972579956055, 1.637956142425537, -0.043224677443504333, -1.9104830026626587, 0.17725947499275208, -1.136176347732544, -0.6809609532356262, -1.2188304662704468, -0.6240522265434265, 2.1757779121398926, 1.077101707458496, -0.7645893096923828, 1.0936440229415894, 0.8596916794776917, 0.3376595973968506, 0.43514642119407654, -0.802457332611084, -1.5276367664337158, -0.1780911535024643, -0.05105005204677582, -1.109378695487976, 0.5392774343490601, -0.3562465310096741, 0.8632667064666748, 0.1139993891119957, -1.4004485607147217, 0.40730148553848267, 3.000633955001831, -0.25575709342956543, -0.7405369281768799, -0.8043249249458313, -0.7380203008651733, 2.199831962585449, -1.0952613353729248, -1.055680513381958, 1.0431195497512817, -0.7341048717498779, -1.374281406402588, -1.0339226722717285, 0.9101461172103882, -0.6731954216957092, -0.8506326675415039, 1.107728123664856, 1.0798050165176392, 0.9240541458129883, -0.6121425628662109, 0.9403171539306641, -1.5841439962387085, -0.14605988562107086, -1.9467564821243286, -0.42573922872543335, 1.627960443496704, 1.0539790391921997, -0.9395674467086792, 0.9790735244750977, -0.5211310982704163, -1.1568750143051147, 1.8148099184036255, 0.9358255863189697, 0.4000996947288513, 0.4076770842075348, 2.5941615104675293, -1.6962376832962036, -1.930309534072876, -1.341627836227417, -0.08643019944429398, -1.3751564025878906, -1.3454018831253052, 0.9073771238327026, -0.3346853256225586, 1.7663925886154175, -1.5834964513778687, 0.14083333313465118, 0.025709182024002075, 0.33129093050956726, -1.4898282289505005, 1.4853774309158325, 0.45055171847343445, 0.3070390224456787, -0.3374951183795929, 1.6487194299697876, 0.8466814160346985, -1.2332013845443726, 0.7556498646736145, -0.7963414788246155, 0.4785499572753906, 0.321431040763855, 0.11867550760507584, -0.3357938230037689, 0.055975884199142456, 3.2288222312927246, -0.35385242104530334, 0.027100346982479095, -0.48824211955070496, 0.990634560585022, 0.1288474202156067, -0.5262776613235474, -0.04257699102163315, -0.7876821160316467, -1.1275644302368164, 0.003468446433544159, 0.0835566446185112, 1.5581198930740356]",yunet,Facenet,1920,1080,/home/amos/media/tv/modern_family/Modern.Family.S09.1080p.DSNP.WEB-DL.DDP5.1.H.264-CRFW/Modern.Family.S09E17.Royal.Visit.1080p.DSNP.WEB-DL.DDP5.1.H.264-CRFW.mkv,Modern Family,2009,1442437,9,17,Steve Valentine,78311.0,0.504
949,408,378,564,588,528,462,456,462,0.931,23688,0,"[-1.719913363456726, 0.5265270471572876, 0.166488379240036, 0.8778342008590698, 0.6517041325569153, 1.1186622381210327, -0.011475842446088791, -0.7168463468551636, 1.4738019704818726, -0.13698166608810425, 2.337441921234131, -0.054495930671691895, -0.5533673763275146, -0.6038014888763428, 0.8962836265563965, -1.8507517576217651, -0.9296808242797852, -0.42891615629196167, -2.5931332111358643, 0.5942527055740356, -0.21715283393859863, -1.4746605157852173, 2.404433012008667, -0.9197673797607422, 0.6755107641220093, -0.2888258695602417, 1.3313624858856201, -0.547319233417511, -1.6700960397720337, 0.05109381675720215, 0.0897781103849411, -1.2347774505615234, -1.5445518493652344, -1.0463746786117554, 2.180330991744995, 1.1432735919952393, -0.23189985752105713, 0.4885390102863312, 1.0131317377090454, 0.763253927230835, 0.23603665828704834, -1.3017723560333252, -1.0252339839935303, -0.6958633661270142, 0.4566788077354431, -0.036698706448078156, 0.6328731179237366, -0.6755895614624023, 0.5484954118728638, 0.4292236268520355, -1.367130994796753, 0.29903945326805115, 2.858347177505493, -0.3235514760017395, -0.7258787155151367, -0.603103518486023, -0.3239171802997589, 1.3405156135559082, -0.2981198728084564, -1.5267130136489868, 1.1752281188964844, -0.03240281715989113, -0.7096373438835144, -1.1998666524887085, 0.5339678525924683, -0.47474098205566406, -0.7092880606651306, 0.7329649329185486, 0.3294215202331543, 0.38590553402900696, -0.21204541623592377, 0.37138280272483826, -1.1037076711654663, -0.5991495251655579, -1.6059536933898926, -0.607957661151886, 1.6375045776367188, 0.9835669994354248, -1.2161617279052734, 0.2975172996520996, -0.3696519434452057, -1.5514508485794067, 1.5082578659057617, 0.8938437104225159, 0.2844015061855316, 0.5615218877792358, 1.3992977142333984, -0.4743582010269165, -1.1983001232147217, -1.8252806663513184, -0.15340855717658997, -1.876421332359314, -0.5336289405822754, 0.4394218921661377, 0.0964541882276535, 1.8208171129226685, -0.634408175945282, 0.6960851550102234, 0.10845185816287994, 0.13642385601997375, -1.0621249675750732, 1.439841628074646, 0.867996096611023, 0.2257038801908493, -0.22326287627220154, 1.7107353210449219, 1.2555733919143677, -0.03084782510995865, 0.9238736629486084, -0.6581102013587952, 0.5513058304786682, 0.6360432505607605, 0.6483045816421509, -0.8402342796325684, -0.017474552616477013, 3.073779344558716, -0.9130963087081909, 0.5425912141799927, -0.10792353004217148, 0.5179112553596497, -0.2979399561882019, -1.0017619132995605, 0.8646378517150879, -1.3724043369293213, -0.4709821939468384, -0.5898680686950684, 0.23146213591098785, 1.4947280883789062]",yunet,Facenet,1920,1080,/home/amos/media/tv/modern_family/Modern.Family.S09.1080p.DSNP.WEB-DL.DDP5.1.H.264-CRFW/Modern.Family.S09E17.Royal.Visit.1080p.DSNP.WEB-DL.DDP5.1.H.264-CRFW.mkv,Modern Family,2009,1442437,9,17,,,
950,978,258,1128,450,1056,330,1002,336,0.904,23688,1,"[-1.3145029544830322, -1.455119252204895, -0.3630421459674835, -0.8858242630958557, 0.684552788734436, -0.11179418116807938, -1.0668320655822754, -0.43295755982398987, 3.122349262237549, -1.0656243562698364, 1.2693837881088257, -1.7993875741958618, -0.6291847229003906, -0.5082848072052002, -1.1203489303588867, 0.9134348034858704, 0.767208456993103, -0.5007407665252686, -1.9693074226379395, -1.063108205795288, 1.1927589178085327, 0.3375711739063263, 1.4337873458862305, -0.31096723675727844, 0.12104193866252899, 1.3814291954040527, 1.0623124837875366, -1.7593002319335938, 2.206773519515991, -0.11718486249446869, -0.7656855583190918, 0.8199822902679443, 0.5064390301704407, 0.15689221024513245, 1.2710403203964233, 2.1963577270507812, -0.3605256974697113, 0.34596091508865356, -1.3133337497711182, -0.544691801071167, 0.1940409541130066, 0.01690327748656273, -1.076430320739746, -0.28167566657066345, -0.41873013973236084, -1.5809051990509033, -0.5391855835914612, -0.25132623314857483, -0.7211329340934753, 0.45506295561790466, 0.11393983662128448, -0.6397498250007629, -1.0820591449737549, 0.25124067068099976, 0.3752182722091675, -0.7753786444664001, 1.426571011543274, -0.01753305457532406, -0.9715038537979126, -1.5530396699905396, -1.194085955619812, -1.2544399499893188, -0.6135491728782654, 1.414362907409668, -0.409239798784256, 1.335221290588379, 0.44211721420288086, 0.9908401966094971, 0.519564688205719, -2.4669084548950195, -1.061803936958313, 0.030586719512939453, -1.1464130878448486, -0.5249050259590149, 0.9620009064674377, 0.3939070999622345, -1.3779014348983765, -0.8980845808982849, -0.9604778289794922, -2.6853296756744385, -1.6267247200012207, 1.1489243507385254, -0.8339961767196655, -0.6132243275642395, -0.48261716961860657, -0.5810631513595581, -0.40520450472831726, 0.538963794708252, -0.4625663757324219, 0.26611727476119995, -0.10794857889413834, 0.24885666370391846, 1.3378432989120483, -0.242423415184021, -0.34328675270080566, 2.7285897731781006, -1.932896614074707, 0.9778329133987427, -0.9519960284233093, -1.3492754697799683, 0.6082487106323242, -0.8717991709709167, -1.1040763854980469, -0.8999100923538208, 0.89869624376297, 0.802544891834259, -0.3960287272930145, -0.05855453014373779, 1.0859014987945557, -1.064949870109558, 0.6967460513114929, -0.01742134988307953, 1.467580795288086, 0.07010464370250702, 0.18213340640068054, 0.9163442850112915, 0.5952396392822266, -2.5176069736480713, -0.48289093375205994, 0.9214284420013428, -0.006499879062175751, -0.654446005821228, 0.5410829186439514, -1.7879681587219238, 0.9940626621246338, 0.2109420895576477, 0.8634276390075684, -0.24469473958015442]",yunet,Facenet,1920,1080,/home/amos/media/tv/modern_family/Modern.Family.S09.1080p.DSNP.WEB-DL.DDP5.1.H.264-CRFW/Modern.Family.S09E17.Royal.Visit.1080p.DSNP.WEB-DL.DDP5.1.H.264-CRFW.mkv,Modern Family,2009,1442437,9,17,Jesse Tyler Ferguson,204815.0,0.768
951,474,102,636,330,612,198,540,192,0.91,23712,0,"[0.7028412818908691, 0.34522634744644165, -0.6407794952392578, -1.2277809381484985, 1.9526485204696655, 0.06267035752534866, 2.345797538757324, 0.38708144426345825, 0.4720180928707123, -0.036859914660453796, 0.05722229927778244, -1.068640112876892, -1.5421046018600464, 1.3491922616958618, -0.707743763923645, 0.34155523777008057, -2.3406288623809814, -1.6240257024765015, -0.4645226001739502, -1.045998454093933, -1.1296674013137817, 1.8765244483947754, -1.2638778686523438, 0.9940224885940552, 0.9084015488624573, 1.055571436882019, -0.07396814227104187, -1.1086398363113403, 0.14879505336284637, -0.6474199891090393, 0.4066002666950226, 1.5730619430541992, -2.0035836696624756, 2.319979190826416, -0.26886749267578125, -0.5520402193069458, 1.3047016859054565, -2.4560890197753906, 1.0678315162658691, -1.8576101064682007, 0.0951000303030014, -0.9359580874443054, -0.9903647899627686, -0.8612224459648132, -0.4543895125389099, -1.4736225605010986, -1.3482283353805542, 0.30933836102485657, -1.028589129447937, 2.1685261726379395, -0.5887758731842041, 0.33767208456993103, -0.43591687083244324, 0.4028749465942383, -1.7331516742706299, -1.4071522951126099, -0.0002991762012243271, -1.3733075857162476, -0.5263574719429016, -0.37672844529151917, -1.947956919670105, -0.9987753033638, 0.5137931108474731, 0.6759297847747803, -0.6349447965621948, 0.4699523448944092, -0.5955318808555603, -0.24361427128314972, 0.5610201358795166, -1.2720242738723755, 0.8206876516342163, -1.7718799114227295, 0.18886619806289673, 0.34905797243118286, 0.07786180824041367, -0.9871290326118469, 0.2344418466091156, 0.5917965769767761, 0.7988560199737549, 0.4737439751625061, -0.7216183543205261, 1.1121076345443726, -1.145772933959961, -1.6763908863067627, -0.0999685749411583, -0.07355371862649918, -0.19310885667800903, 0.9726996421813965, 2.069955825805664, 1.8662536144256592, -0.6174002885818481, -0.6795768141746521, -0.885545015335083, -0.7994054555892944, 2.1025965213775635, 1.0429381132125854, -0.6994116306304932, -0.29024943709373474, 0.4342685043811798, 0.605164647102356, -0.4769818186759949, -0.1849825084209442, -0.5959843993186951, -0.9636051058769226, -0.8237969875335693, 0.7925398349761963, 1.3471410274505615, -0.17822590470314026, -0.9043528437614441, -1.3619451522827148, 0.7545397877693176, -0.05318374186754227, 1.69551682472229, -1.370124340057373, 2.321840763092041, 0.44970622658729553, 1.2998201847076416, -0.11880332231521606, -0.7069541811943054, 0.7594555020332336, -0.8988907933235168, -0.06656482815742493, 1.1884543895721436, 0.40831267833709717, -0.8492267727851868, 0.8820888996124268, 0.3362153172492981, 0.40162456035614014]",yunet,Facenet,1920,1080,/home/amos/media/tv/modern_family/Modern.Family.S09.1080p.DSNP.WEB-DL.DDP5.1.H.264-CRFW/Modern.Family.S09E17.Royal.Visit.1080p.DSNP.WEB-DL.DDP5.1.H.264-CRFW.mkv,Modern Family,2009,1442437,9,17,,,
952,1158,174,1368,444,1254,276,1182,276,0.927,23736,0,"[-1.3472766876220703, -1.0487810373306274, -0.21616815030574799, -0.8431994915008545, 1.3673096895217896, -1.0152865648269653, 0.839426577091217, -0.32403305172920227, 3.234417200088501, -0.8939566016197205, 1.3108874559402466, -1.4735039472579956, -0.4319666028022766, -0.4718102514743805, -0.708664059638977, 1.2695330381393433, -0.6442215442657471, 0.35670363903045654, -0.4975595474243164, 0.13728325068950653, 1.0049355030059814, 1.2062443494796753, 0.7550039291381836, -0.9281232953071594, -0.4997938275337219, 1.9031888246536255, 0.9245898723602295, -2.512328624725342, 0.5168604254722595, 0.6360324621200562, -1.3368817567825317, 0.6184332966804504, -0.36071550846099854, 0.090438611805439, 0.7945679426193237, 1.2999475002288818, 0.339919775724411, -0.2647169232368469, -0.9454331994056702, -1.222306489944458, -0.16497594118118286, -0.2697147727012634, -1.610988736152649, -0.25289592146873474, -0.011984709650278091, 0.30053946375846863, -1.1056345701217651, -0.22030779719352722, -0.6124799847602844, 1.0797895193099976, 0.386976420879364, 0.471405565738678, -2.5954055786132812, -0.5147445797920227, -0.5534027814865112, -2.1958444118499756, 1.5094834566116333, 1.0367377996444702, -1.448697805404663, -1.4700113534927368, 0.13924667239189148, 0.30757540464401245, -0.8036815524101257, 1.561475157737732, 0.46690914034843445, 1.6936655044555664, 0.8387606143951416, 0.50975102186203, 1.5487656593322754, -1.706728458404541, 0.29715606570243835, -1.5676016807556152, -1.1419594287872314, -0.5485605001449585, 1.355754017829895, -0.05947234109044075, -1.2164061069488525, -0.8695160150527954, -1.680618166923523, -1.4975897073745728, -1.9837621450424194, 1.3717739582061768, -0.11212756484746933, -0.4648890197277069, -0.9614566564559937, -0.051945894956588745, -0.6599079370498657, 1.6379566192626953, -1.0781168937683105, -0.21623343229293823, 0.1705622673034668, 0.24627390503883362, 2.378547430038452, 0.46591389179229736, -0.5925520062446594, 1.9725356101989746, -0.2553556263446808, 1.7181997299194336, -1.4106476306915283, -0.39457207918167114, -0.2817261517047882, -0.9790801405906677, -0.3585575520992279, -1.0397900342941284, -0.027377046644687653, 0.5958435535430908, 0.5711754560470581, 1.0813977718353271, 0.7306801080703735, -0.22459565103054047, 0.10336674749851227, -0.8494136333465576, 1.7106074094772339, -0.3108251392841339, 0.9109991192817688, 1.3398563861846924, 0.839063286781311, -1.2212882041931152, -0.3281603753566742, 0.7439299821853638, -0.3682835102081299, 1.0992380380630493, -0.24503038823604584, -1.8619011640548706, 0.8549940586090088, -0.9838283061981201, -1.2709569931030273, 0.045361582189798355]",yunet,Facenet,1920,1080,/home/amos/media/tv/modern_family/Modern.Family.S09.1080p.DSNP.WEB-DL.DDP5.1.H.264-CRFW/Modern.Family.S09E17.Royal.Visit.1080p.DSNP.WEB-DL.DDP5.1.H.264-CRFW.mkv,Modern Family,2009,1442437,9,17,Jesse Tyler Ferguson,204815.0,0.768
953,336,330,558,636,510,450,408,450,0.923,23736,1,"[-1.822117805480957, 1.0716352462768555, 0.06536026298999786, 0.15442976355552673, 0.7380607724189758, 1.139735460281372, -0.09352800250053406, -0.48429977893829346, 1.1558456420898438, -0.3109842538833618, 2.820024013519287, 0.07241082191467285, -1.1164710521697998, -0.9575937986373901, 0.7252811193466187, -1.114047884941101, -0.9703490734100342, -0.7228927612304688, -2.390739917755127, 1.1379672288894653, 0.29348888993263245, -1.5476794242858887, 2.1122517585754395, -0.676254391670227, 0.4039280116558075, -0.13009408116340637, 1.1404340267181396, -0.8045129776000977, -1.2095504999160767, 0.7171496748924255, 0.28454384207725525, -0.8755677342414856, -1.7505896091461182, -0.039490293711423874, 1.4966105222702026, 1.0150197744369507, 0.10183488577604294, -0.06527655571699142, 1.0837488174438477, 0.6355588436126709, 0.3293781280517578, -1.38982093334198, -1.572771668434143, -0.11354563385248184, -0.19593994319438934, -0.4927216172218323, 1.0731987953186035, -0.8158957958221436, -0.049363911151885986, 0.4716702401638031, -1.4190763235092163, 0.20031742751598358, 2.9966869354248047, 0.3103938698768616, -1.1155091524124146, -1.3428622484207153, -0.015582706779241562, 1.1135530471801758, -0.27684199810028076, -1.574739933013916, 0.45188042521476746, -0.5035943984985352, -0.671962320804596, -1.3196170330047607, 0.6277123689651489, -0.6695911884307861, -0.407626748085022, 0.7989690899848938, 0.28518086671829224, 0.08010540902614594, -0.31065765023231506, 0.11315733194351196, -1.4358307123184204, 0.1936434954404831, -1.7449783086776733, 0.3809329569339752, 1.797006607055664, 1.2191191911697388, -0.9955214858055115, 0.037824034690856934, -0.7797980904579163, -1.5648597478866577, 0.8914453983306885, 0.4461618661880493, 0.9653180241584778, 0.8714815378189087, 1.1609010696411133, -0.08609963953495026, -1.3931050300598145, -0.8012838363647461, -0.15836533904075623, -2.1986780166625977, -0.4711281657218933, 0.050936177372932434, -0.04411134123802185, 1.780780553817749, -0.6729207038879395, 0.18332789838314056, 0.1344132125377655, -0.321422278881073, -1.3043951988220215, 1.0785621404647827, 0.6645838618278503, 0.14185872673988342, -0.7236282825469971, 1.9848252534866333, 0.7627077698707581, 0.3903028964996338, 0.8495184183120728, -0.2616550624370575, 0.37315088510513306, 0.6275188326835632, 1.0176501274108887, -1.5034890174865723, 0.4307233989238739, 2.8675312995910645, -1.0334333181381226, -0.5814607739448547, 0.10509921610355377, 0.4072114825248718, -0.0870659202337265, -1.0201942920684814, 0.5107718706130981, -1.4830920696258545, -0.1375965029001236, -1.0889737606048584, 0.2304004281759262, 1.5467649698257446]",yunet,Facenet,1920,1080,/home/amos/media/tv/modern_family/Modern.Family.S09.1080p.DSNP.WEB-DL.DDP5.1.H.264-CRFW/Modern.Family.S09E17.Royal.Visit.1080p.DSNP.WEB-DL.DDP5.1.H.264-CRFW.mkv,Modern Family,2009,1442437,9,17,Steve Valentine,78311.0,0.531
954,342,324,558,612,498,432,402,438,0.935,23760,0,"[-1.9944931268692017, 0.7163921594619751, 0.021515632048249245, 0.939489483833313, 0.8596392273902893, 0.6055620908737183, -0.0902138501405716, -0.6898605227470398, 1.283830165863037, -0.7086135745048523, 2.4719839096069336, 0.020648539066314697, -0.7574414610862732, -0.7606794834136963, 1.0534875392913818, -1.698931336402893, -1.040665626525879, -0.5125208497047424, -3.1960716247558594, 1.0983381271362305, 0.10624229907989502, -1.8168843984603882, 2.032548189163208, -0.24167415499687195, 0.8246981501579285, -0.3226741552352905, 0.7499957084655762, -0.4322471618652344, -1.141507625579834, 0.1894116997718811, 0.5378788113594055, -1.2229735851287842, -1.7189632654190063, 0.22724300622940063, 1.4975934028625488, 1.4784013032913208, -1.168474555015564, -0.26371440291404724, 0.820820152759552, 1.069108486175537, 0.6856625080108643, -0.9006984233856201, -1.1804612874984741, 0.07793395221233368, -0.14056456089019775, -0.2110576182603836, 1.3984888792037964, -0.5883029699325562, -0.42212992906570435, 0.038170184940099716, -1.368151307106018, 0.20445701479911804, 2.6301658153533936, -0.048479821532964706, -0.3541836142539978, -0.9751179814338684, -0.1929062157869339, 1.289648413658142, 0.07272341102361679, -1.2102599143981934, 1.1186624765396118, -1.0290170907974243, -0.6058931946754456, -1.5811293125152588, 0.892072856426239, -0.8372142314910889, -1.2205637693405151, 1.0411893129348755, 0.41843181848526, -0.3160579800605774, -0.7295824289321899, 0.3185350298881531, -1.5064972639083862, -0.09710150957107544, -2.1922073364257812, 0.19940796494483948, 1.9915920495986938, 1.153818964958191, -0.9126678705215454, 0.2863081693649292, -0.45010846853256226, -1.752732515335083, 1.1895389556884766, 0.9347683191299438, 0.6317869424819946, 0.4479842483997345, 1.5109500885009766, -0.4412451386451721, -1.377456545829773, -1.0704115629196167, 0.20354491472244263, -1.948215365409851, -0.6657108664512634, 0.2625139057636261, -0.17399409413337708, 1.5237977504730225, -0.7586311101913452, 0.12506026029586792, 0.24285390973091125, 0.13933105766773224, -1.4822072982788086, 1.2408113479614258, 0.3691060543060303, 0.746173083782196, -0.5424513220787048, 1.406612515449524, 0.8233939409255981, -0.0810508131980896, 0.3426646292209625, -0.7913661003112793, 0.7649310827255249, 0.7360589504241943, 1.2725352048873901, -1.3906669616699219, 0.5800918340682983, 2.971247434616089, -0.7794233560562134, -0.06114917993545532, 0.6684548258781433, 0.5998775362968445, -0.061929911375045776, -0.5482577085494995, 0.4177049994468689, -1.7775543928146362, -0.6439082622528076, -0.911521852016449, -0.014583242125809193, 1.4357212781906128]",yunet,Facenet,1920,1080,/home/amos/media/tv/modern_family/Modern.Family.S09.1080p.DSNP.WEB-DL.DDP5.1.H.264-CRFW/Modern.Family.S09E17.Royal.Visit.1080p.DSNP.WEB-DL.DDP5.1.H.264-CRFW.mkv,Modern Family,2009,1442437,9,17,,,
955,1278,300,1470,552,1374,402,1314,408,0.926,23760,1,"[-1.4959827661514282, -0.9084296226501465, -0.5940083861351013, -0.9787210822105408, 0.4156423509120941, 0.0921703353524208, -0.49718382954597473, 0.4145672619342804, 3.310697317123413, -1.2363182306289673, 1.3847014904022217, -1.8204786777496338, -0.46375614404678345, -0.2779255509376526, -0.7353776693344116, 0.5062519907951355, -0.4061104655265808, -1.1144999265670776, -1.1280672550201416, -0.029293270781636238, 1.3764033317565918, 0.47481635212898254, 0.9273896217346191, 0.07379505038261414, -0.0602228082716465, 0.8260589838027954, 0.9189915657043457, -2.4636425971984863, 1.3681074380874634, -0.19030097126960754, -0.4644967019557953, 0.9214989542961121, -0.04445056989789009, 0.3101046681404114, 0.5548967123031616, 0.9703122973442078, 0.11710653454065323, 0.01956191286444664, -0.21444782614707947, -0.6078004837036133, -0.13871121406555176, 0.3715066909790039, -1.184100866317749, -0.7163246273994446, -0.5010849833488464, 0.47651535272598267, -0.4113643765449524, 0.39462655782699585, -1.1752049922943115, 1.8798868656158447, -0.6373612880706787, 0.5819845795631409, -1.0928571224212646, 0.7130226492881775, -0.33630722761154175, -1.9709333181381226, 1.0831156969070435, 0.7318667769432068, -1.4362975358963013, -1.683384895324707, -0.31870561838150024, -0.33128803968429565, -0.9633901715278625, 1.642026662826538, -0.0339992493391037, 0.9059544801712036, 0.19723932445049286, 0.35071638226509094, 0.7037438750267029, -3.391773223876953, -0.9089667797088623, -1.1476231813430786, -1.4627052545547485, -0.26166030764579773, 0.05090814828872681, 0.2930651605129242, -1.2049498558044434, -0.6188299059867859, -1.0649620294570923, -1.7564460039138794, -1.6548333168029785, 0.6091068983078003, -0.016025181859731674, -0.7109771966934204, 0.02049698680639267, -0.3658524751663208, 0.09057842195034027, 1.6745433807373047, -1.2735624313354492, -0.2250691056251526, 0.05207347869873047, 0.12378833442926407, 1.8031550645828247, 0.49154654145240784, 0.37255510687828064, 3.298848867416382, -1.5131899118423462, 1.2960591316223145, -1.5136983394622803, -1.2405427694320679, -0.12618321180343628, -0.7771027088165283, -0.14943629503250122, -0.5165970921516418, -0.5075229406356812, 0.46621930599212646, 0.07316389679908752, 1.5125981569290161, 1.0124948024749756, -1.3157532215118408, 0.7178240418434143, -2.0369150638580322, 1.7011460065841675, -0.4769613742828369, -0.5254899263381958, 1.5777428150177002, 0.8413605690002441, -1.5942952632904053, -0.5797588229179382, 0.6011170744895935, -1.037235140800476, 0.30260413885116577, -0.08266369998455048, -1.8437449932098389, 0.7890692353248596, -0.4556777775287628, -0.5420223474502563, -0.1991630643606186]",yunet,Facenet,1920,1080,/home/amos/media/tv/modern_family/Modern.Family.S09.1080p.DSNP.WEB-DL.DDP5.1.H.264-CRFW/Modern.Family.S09E17.Royal.Visit.1080p.DSNP.WEB-DL.DDP5.1.H.264-CRFW.mkv,Modern Family,2009,1442437,9,17,Jesse Tyler Ferguson,204815.0,0.798
956,498,102,654,312,630,186,558,186,0.913,23784,0,"[-0.305733859539032, -0.1034795418381691, -1.0432355403900146, -0.04592886567115784, 2.6586601734161377, -0.42167970538139343, 2.7771174907684326, 0.07609310746192932, 0.6351194381713867, -0.44985058903694153, -0.4776752293109894, -0.4813748002052307, -0.09640229493379593, 1.4307899475097656, -0.16948968172073364, 0.9340390563011169, -1.4150699377059937, -1.7270134687423706, -0.6885831356048584, -0.42547333240509033, -1.5039129257202148, 2.090500831604004, -1.2461119890213013, 0.8014745712280273, 0.5842769742012024, 0.9007880687713623, 1.014172911643982, -1.0823347568511963, -0.10021789371967316, -0.6993299126625061, 0.8676795959472656, 0.8788012862205505, -1.1390082836151123, 1.5165475606918335, -0.2630370855331421, -0.4298814535140991, 1.276426911354065, -2.854989528656006, 1.0379693508148193, -1.5887945890426636, 0.018499290570616722, -0.3430830240249634, -0.7240263223648071, -0.45627331733703613, 0.6221163868904114, -1.0551741123199463, -1.619023084640503, -0.3662259578704834, -0.6489318013191223, 2.4582338333129883, -0.7671187520027161, 0.20406682789325714, -1.4850412607192993, 0.15171921253204346, -1.6524721384048462, -1.669419527053833, -0.3610698878765106, -1.132332682609558, -0.4913880228996277, -0.7724404335021973, -1.415103793144226, -0.013857699930667877, 0.1907598376274109, 0.18254712224006653, -1.461145043373108, 0.6258628368377686, -1.0035775899887085, 0.18158487975597382, 0.12153466790914536, -1.3302494287490845, 0.6795268654823303, -1.512581467628479, 0.6916550397872925, -0.38060182332992554, 0.7652024626731873, -0.9433616399765015, 0.6417419910430908, 0.6352087259292603, 0.9090715646743774, 0.513617992401123, -1.602215051651001, 1.8755371570587158, -1.316745638847351, -1.64164400100708, -0.14804422855377197, 0.39596518874168396, 0.2920692563056946, 1.140934705734253, 1.3017516136169434, 1.3125139474868774, -0.2686348855495453, 0.3630664646625519, -0.4800374209880829, -0.9578378200531006, 1.4740614891052246, 0.635833203792572, -0.5264094471931458, 0.1257116049528122, -0.3667365610599518, 1.1564041376113892, -0.27003487944602966, 0.9340399503707886, -0.345132052898407, -1.7027254104614258, -0.10998842865228653, 0.07057323306798935, 1.5910940170288086, -0.21891993284225464, -1.3386777639389038, -1.0507924556732178, 0.287169873714447, 0.3856443762779236, 2.2216553688049316, -1.919593095779419, 1.5994290113449097, 1.1936757564544678, 1.0396528244018555, 0.8257842063903809, -0.8664629459381104, 0.41935619711875916, -0.9094642996788025, 0.3126235604286194, 2.306691884994507, 0.2120446264743805, 0.1934995949268341, -0.3719142973423004, 0.031995855271816254, 0.923816442489624]",yunet,Facenet,1920,1080,/home/amos/media/tv/modern_family/Modern.Family.S09.1080p.DSNP.WEB-DL.DDP5.1.H.264-CRFW/Modern.Family.S09E17.Royal.Visit.1080p.DSNP.WEB-DL.DDP5.1.H.264-CRFW.mkv,Modern Family,2009,1442437,9,17,Eric Stonestreet,156962.0,0.519
957,834,138,1032,408,1008,246,918,246,0.915,23880,0,"[-0.07916887104511261, -0.8296406269073486, 0.710170328617096, -1.6703040599822998, 1.841715693473816, 0.4320985674858093, 0.041729096323251724, 1.4894170761108398, 1.5466201305389404, -0.024679051712155342, -0.46089690923690796, -0.9857890605926514, -1.0941624641418457, -0.08120104670524597, 0.11422739923000336, -0.2808123826980591, -2.8882603645324707, -1.192492961883545, -0.3249396085739136, 0.8041388988494873, 0.997881293296814, -0.23936788737773895, -0.038693178445100784, 1.302811622619629, -0.8817588090896606, -1.1965452432632446, 0.9279030561447144, -1.773673176765442, -1.1699213981628418, 0.5336238741874695, -0.9399782419204712, 0.16474106907844543, -2.4171085357666016, 1.2342485189437866, -1.454720377922058, 0.14191320538520813, -0.1273404210805893, -1.2682571411132812, 2.2855536937713623, -1.458512783050537, 0.12431906908750534, -0.8592511415481567, -1.792407751083374, -0.8407080769538879, -0.8966150283813477, 0.2613465189933777, 0.91951984167099, -0.6869221925735474, -1.6089646816253662, 0.461751788854599, -3.21258544921875, 1.4035717248916626, 0.6639007329940796, 0.3948073983192444, -1.0316859483718872, -3.26235032081604, -0.5945451855659485, 0.25669702887535095, -0.7347198128700256, 1.2494127750396729, 0.30880579352378845, -0.6088201999664307, 0.0690273866057396, 0.14761260151863098, 0.21926504373550415, 0.7622461318969727, 0.5921267867088318, -0.03927592560648918, 0.5071147680282593, 0.02154392935335636, 0.2772904336452484, -0.463863343000412, -1.3938090801239014, 0.9920114874839783, -0.21069611608982086, 0.37031057476997375, -1.1006724834442139, 1.1110714673995972, 0.46358269453048706, 0.9022660851478577, -1.1606098413467407, -1.8871608972549438, 0.9032673239707947, 0.5305488109588623, 0.6048949360847473, 0.5017337799072266, 0.5144656896591187, -0.7455376982688904, -0.4381367862224579, -0.9098343849182129, 1.357130527496338, -0.617947518825531, -1.7642762660980225, 0.22226262092590332, 0.5122280120849609, 1.7738494873046875, -2.691358804702759, -0.740784227848053, -0.23646417260169983, 0.12393762916326523, -1.3700484037399292, 0.8848868012428284, -0.8228271007537842, -0.7963744401931763, -0.778708279132843, 0.23029448091983795, -0.9409403204917908, -0.7290439605712891, -1.1641767024993896, 0.44578444957733154, 0.8312225341796875, -1.962454080581665, 0.8151494264602661, -1.684678077697754, 0.052762292325496674, 1.9318984746932983, -1.583669662475586, 0.19468729197978973, -2.125157356262207, 0.9631393551826477, -1.1765823364257812, 0.5418528318405151, -0.8428905606269836, -0.9250602722167969, -1.4619683027267456, -1.0405707359313965, 0.14417871832847595, -0.975062906742096]",yunet,Facenet,1920,1080,/home/amos/media/tv/modern_family/Modern.Family.S09.1080p.DSNP.WEB-DL.DDP5.1.H.264-CRFW/Modern.Family.S09E17.Royal.Visit.1080p.DSNP.WEB-DL.DDP5.1.H.264-CRFW.mkv,Modern Family,2009,1442437,9,17,Steve Valentine,78311.0,0.68
958,822,162,1026,438,1002,276,924,276,0.913,23904,0,"[-0.2720976769924164, -0.4633430242538452, 0.6287511587142944, -1.9681668281555176, 1.8410065174102783, 0.07857682555913925, 0.05400635674595833, 1.4886553287506104, 1.398459553718567, 0.3285243809223175, 0.34176456928253174, -0.5933452844619751, -1.4699103832244873, -0.3839631974697113, 0.19404557347297668, 0.48416781425476074, -3.1940090656280518, -1.010320782661438, -0.66868656873703, 0.6997102499008179, 0.554741621017456, -0.06433392316102982, 0.012970037758350372, 1.0470974445343018, -0.7159122228622437, -1.076277256011963, 0.8377782106399536, -1.3642617464065552, -1.5285706520080566, 0.48450055718421936, -1.336876630783081, 0.20997628569602966, -2.409822702407837, 1.1696853637695312, -1.221288800239563, 0.25943654775619507, -0.04710511863231659, -0.8732166886329651, 2.3783488273620605, -1.387537956237793, -0.11798977851867676, -0.9413468837738037, -2.0869643688201904, -0.6362513899803162, -0.8314319252967834, -0.25516554713249207, 0.03485256806015968, -0.8260912895202637, -0.7568601369857788, 0.41545137763023376, -2.6559736728668213, 0.8548495769500732, 1.033600091934204, 0.16646000742912292, -1.0387507677078247, -3.505361557006836, -0.6212463974952698, 0.4098285436630249, -1.2861666679382324, 0.7639132738113403, -0.08513288199901581, -0.45073461532592773, -0.30929744243621826, -0.10280252993106842, 0.35909146070480347, 0.633284866809845, 0.40206092596054077, -0.26100030541419983, 0.9991421699523926, 0.07843426614999771, 0.2544165849685669, -0.36985862255096436, -1.7173848152160645, 1.0417382717132568, -0.1944132149219513, -0.15974456071853638, -1.2448585033416748, 1.512220859527588, 0.7559179067611694, 1.1013950109481812, -0.9021471738815308, -2.2222437858581543, 0.5647121667861938, 0.42952296137809753, 0.08071434497833252, 0.7358851432800293, 0.3352568745613098, -0.40240174531936646, -0.7854864597320557, -0.657178521156311, 1.7169852256774902, -0.8849132657051086, -1.567211389541626, 0.38887909054756165, 0.6207201480865479, 1.5073800086975098, -2.39825439453125, -0.6939302086830139, -0.30962586402893066, 0.0730031281709671, -1.5642491579055786, 0.646268904209137, -1.136027455329895, -0.9308369159698486, -0.70539391040802, 0.1991446316242218, -0.6979082822799683, -1.430687665939331, -1.7154237031936646, 0.9984753727912903, 1.1533154249191284, -1.5795265436172485, 0.8777787685394287, -1.6067869663238525, 0.45682772994041443, 2.225102663040161, -1.4402401447296143, -0.10472798347473145, -1.9881280660629272, 1.2952204942703247, -1.5626752376556396, 0.1025812178850174, -0.7927119731903076, -0.7762417793273926, -1.57416832447052, -1.113906741142273, 0.05420567840337753, -0.6010187268257141]",yunet,Facenet,1920,1080,/home/amos/media/tv/modern_family/Modern.Family.S09.1080p.DSNP.WEB-DL.DDP5.1.H.264-CRFW/Modern.Family.S09E17.Royal.Visit.1080p.DSNP.WEB-DL.DDP5.1.H.264-CRFW.mkv,Modern Family,2009,1442437,9,17,Steve Valentine,78311.0,0.723
959,816,162,1026,438,996,282,918,282,0.907,23928,0,"[-0.2622404098510742, -0.5725942850112915, 0.5523709058761597, -2.1984872817993164, 2.087414503097534, 0.17740115523338318, -0.33504071831703186, 1.69220769405365, 2.1226439476013184, -0.3800065815448761, 0.6598443984985352, -0.8586897850036621, -1.4191323518753052, -0.44027838110923767, 0.0472901314496994, 0.09945021569728851, -2.4746103286743164, -0.9214203357696533, -0.7338649034500122, 1.0673553943634033, 0.7968978881835938, -0.1822632998228073, 0.009481951594352722, 1.1087077856063843, -0.8787062168121338, -1.2111862897872925, 1.338161587715149, -1.7042145729064941, -1.5692627429962158, 0.5956004858016968, -1.0753306150436401, 0.34232762455940247, -2.252081871032715, 1.1896514892578125, -1.4201332330703735, 0.5360377430915833, 0.05482973903417587, -1.1451053619384766, 2.282912015914917, -1.203455924987793, -0.010052870959043503, -1.632895827293396, -2.2918155193328857, -0.6964064836502075, -0.3825162649154663, -0.32252010703086853, 0.41899794340133667, -1.2021663188934326, -0.3981866240501404, 0.6487958431243896, -3.133422613143921, 1.156624674797058, 1.0703799724578857, -0.10131078213453293, -0.9094717502593994, -3.4310381412506104, -0.5816754102706909, 0.2924640476703644, -1.0389478206634521, 1.0205719470977783, -0.05702584609389305, -0.3450019359588623, 0.11127334088087082, 0.051251381635665894, 0.37918320298194885, 0.7405920028686523, 0.6131144165992737, -0.5245348215103149, 0.8011423945426941, -0.2749570310115814, 0.02625887840986252, -0.7490161657333374, -1.641290545463562, 0.6458452343940735, -0.127470925450325, -0.433167427778244, -1.5542722940444946, 0.6931538581848145, 0.6132622361183167, 0.7100011706352234, -0.9855126738548279, -1.9031610488891602, 1.2488476037979126, 0.4470289945602417, 0.49083900451660156, 1.285167932510376, -0.17617738246917725, -0.019460134208202362, -0.4421401619911194, -0.7884991765022278, 1.3039542436599731, -0.6534813642501831, -1.9530307054519653, 0.13751502335071564, 0.7351638078689575, 1.7082751989364624, -2.8082330226898193, -1.0399218797683716, -0.46037665009498596, 0.43978241086006165, -1.1748268604278564, 1.0041794776916504, -0.8831880688667297, -0.8862258195877075, -0.8091092109680176, 0.5494020581245422, -0.42409542202949524, -0.6481090784072876, -1.5005372762680054, 0.35600459575653076, 0.8567332029342651, -1.712301254272461, 0.8929089307785034, -1.722102165222168, 0.29669779539108276, 1.797686219215393, -1.316349983215332, -0.03646117448806763, -1.765303611755371, 0.9827002286911011, -1.3212302923202515, 0.37382397055625916, -0.6179978847503662, -1.5535156726837158, -1.800009846687317, -1.1668319702148438, 0.2292536348104477, -0.8075222373008728]",yunet,Facenet,1920,1080,/home/amos/media/tv/modern_family/Modern.Family.S09.1080p.DSNP.WEB-DL.DDP5.1.H.264-CRFW/Modern.Family.S09E17.Royal.Visit.1080p.DSNP.WEB-DL.DDP5.1.H.264-CRFW.mkv,Modern Family,2009,1442437,9,17,Steve Valentine,78311.0,0.693
960,942,228,1158,504,1104,348,1008,348,0.914,23952,0,"[-1.6457130908966064, -1.9540046453475952, -0.7626388072967529, -0.20053350925445557, -0.4672373831272125, -0.24183428287506104, -0.4127199947834015, 0.6316671371459961, 2.6236214637756348, -1.023557186126709, 1.553905725479126, -1.5618715286254883, -0.0966850221157074, -0.22706075012683868, -1.4520410299301147, 0.39694535732269287, 0.47927096486091614, -0.694206178188324, -1.5052483081817627, 0.38049253821372986, 0.9568140506744385, 0.2992275655269623, 0.5675972700119019, -0.42071056365966797, 0.256273478269577, 1.04899001121521, 1.3652254343032837, -1.5652228593826294, 2.233931064605713, -1.1478906869888306, -1.1504534482955933, 1.0703458786010742, 0.5185836553573608, 0.2537573575973511, 0.5817506909370422, 0.7649878859519958, 0.007005762308835983, -0.7889837622642517, -0.8113564848899841, -1.7295972108840942, -0.08830595761537552, 0.4781552851200104, -1.3549261093139648, -0.21922887861728668, 0.2774031460285187, -1.52620530128479, -1.0217692852020264, -0.1602504998445511, -0.060383494943380356, 0.5177572965621948, 0.6885861754417419, -0.13988707959651947, -2.0585291385650635, -0.47814834117889404, -0.4522430896759033, -0.27381643652915955, 1.5499674081802368, 0.47790342569351196, -1.6117613315582275, -1.6100701093673706, -0.6714233160018921, 0.09770065546035767, 0.09243138879537582, 1.5349009037017822, -0.9768434166908264, 2.2915680408477783, 0.5909959673881531, 0.2521190047264099, 0.9332184195518494, -3.0261356830596924, -0.7828978300094604, -0.9834656715393066, -0.9667382836341858, -0.4698013663291931, 1.4993648529052734, -0.37495729327201843, -1.201216220855713, -0.835662305355072, -0.6028888821601868, -1.4449825286865234, -1.6568936109542847, 1.0286792516708374, -0.7926235795021057, -0.979330837726593, -0.04143883287906647, -0.49587175250053406, -0.6288056373596191, 1.143802285194397, -0.32264477014541626, 0.1787794679403305, -0.3802400529384613, 0.28420156240463257, 1.1749465465545654, 1.2798928022384644, -0.34018948674201965, 2.270578384399414, -0.8794692754745483, 0.648769736289978, -1.3086583614349365, -0.900825560092926, 0.3084043264389038, -0.6056210994720459, 0.38965335488319397, -0.09919498860836029, 1.0239183902740479, 0.9621152281761169, 0.6941169500350952, -0.07953523099422455, -0.03498312830924988, -0.37640389800071716, 1.3755286931991577, -0.21503977477550507, 1.510776400566101, -0.4192162752151489, -0.11011350899934769, 1.303161859512329, 0.6469011306762695, -1.3696322441101074, -0.9489139318466187, 0.1251390129327774, -0.5608474612236023, 0.36905354261398315, 0.38356560468673706, -0.6415033936500549, 0.45225632190704346, 0.2131834626197815, -0.4442988336086273, -0.26607999205589294]",yunet,Facenet,1920,1080,/home/amos/media/tv/modern_family/Modern.Family.S09.1080p.DSNP.WEB-DL.DDP5.1.H.264-CRFW/Modern.Family.S09E17.Royal.Visit.1080p.DSNP.WEB-DL.DDP5.1.H.264-CRFW.mkv,Modern Family,2009,1442437,9,17,Jesse Tyler Ferguson,204815.0,0.849
961,942,264,1164,564,1128,390,1038,384,0.912,23976,0,"[-1.5527982711791992, -1.5693198442459106, -0.9562825560569763, -0.4573622941970825, -0.21915939450263977, -0.8686045408248901, 0.01309632882475853, 0.2360176295042038, 2.188685178756714, -0.6592952013015747, 1.043251872062683, -1.4315431118011475, 0.5724223852157593, -0.16427791118621826, -1.2971665859222412, 0.7921655178070068, -0.45691391825675964, -1.4938535690307617, -1.415405511856079, 0.009384376928210258, 1.5153253078460693, 0.5446960926055908, 0.33044177293777466, -0.04469957947731018, -0.2791537642478943, 1.1208480596542358, 1.2127642631530762, -1.732566237449646, 1.9198704957962036, -0.7737745046615601, -1.0660372972488403, 1.5272821187973022, -0.012662860564887524, 0.672357976436615, 0.33636942505836487, -0.28991952538490295, 0.4860613942146301, -0.757124125957489, 0.0747290551662445, -1.8593974113464355, -0.049625515937805176, 0.8996398448944092, -1.1332143545150757, -0.660284698009491, -0.5403479337692261, -1.169079303741455, -0.7451621890068054, -0.4184846878051758, -0.1828247606754303, 1.0130441188812256, -0.582935631275177, 0.27364152669906616, -2.1808888912200928, -0.3743860125541687, -0.520237147808075, -0.5742044448852539, 1.7901196479797363, 0.43318402767181396, -0.9415727853775024, -1.05259108543396, -1.0098848342895508, -0.08698870241641998, -0.636330783367157, 1.6081783771514893, -1.0314356088638306, 1.8210391998291016, 0.7853116989135742, 0.44139090180397034, 0.2841641306877136, -2.509474992752075, -0.7349603772163391, -0.23522353172302246, -0.834707498550415, -0.19320225715637207, 1.1304402351379395, -0.31389594078063965, -1.2160024642944336, -0.7029806971549988, -1.1262414455413818, -2.280562162399292, -1.7335171699523926, 0.5822292566299438, -0.9900909662246704, -1.0374573469161987, -0.06313464790582657, -0.8859636783599854, -0.9017710089683533, 0.8241444230079651, -1.1972311735153198, -0.22929063439369202, -0.0066036656498909, -0.29727235436439514, 1.0043028593063354, 0.25535014271736145, 0.4410909414291382, 2.14723801612854, -0.991333544254303, 1.459700107574463, -1.036197304725647, -2.028928279876709, 0.2381436675786972, -1.263467788696289, -0.1843073070049286, -0.5132694244384766, 1.0555071830749512, 0.9128350615501404, 1.057713270187378, -0.2067566215991974, -0.31447911262512207, -0.04199182987213135, 1.7164883613586426, -0.7829466462135315, 1.7336061000823975, -0.19523215293884277, -0.12292429059743881, 1.2417269945144653, 0.6991356611251831, -1.6684961318969727, -1.4107640981674194, 1.2968270778656006, -0.09381665289402008, 0.0705149918794632, 0.369453489780426, -0.6115334033966064, 0.31356877088546753, -0.4002954363822937, -0.2736879289150238, -0.06035921722650528]",yunet,Facenet,1920,1080,/home/amos/media/tv/modern_family/Modern.Family.S09.1080p.DSNP.WEB-DL.DDP5.1.H.264-CRFW/Modern.Family.S09E17.Royal.Visit.1080p.DSNP.WEB-DL.DDP5.1.H.264-CRFW.mkv,Modern Family,2009,1442437,9,17,Jesse Tyler Ferguson,204815.0,0.854
962,786,126,990,390,942,240,840,240,0.922,24000,0,"[0.8012855052947998, 0.08239969611167908, -0.11715395003557205, 0.17476022243499756, 1.2022579908370972, -0.6154462099075317, 2.0291693210601807, -0.1879534125328064, -0.01765611208975315, 0.5990075469017029, -0.24190399050712585, -1.0946578979492188, -0.14117813110351562, 1.069942831993103, -0.5782172679901123, 0.5891539454460144, -1.5881733894348145, -2.584195137023926, -0.8255690336227417, -1.41815185546875, -1.2141351699829102, 1.5027225017547607, -0.4171498715877533, 1.8229342699050903, 0.8428930044174194, 1.1891522407531738, 1.0835202932357788, 0.5748693943023682, 1.2906306982040405, -0.29351434111595154, 0.21731777489185333, 1.2708659172058105, -1.8924376964569092, 2.6054043769836426, -0.8248910307884216, -1.2450414896011353, 0.0624978169798851, -2.053168535232544, 1.1150434017181396, -0.707510232925415, 0.10392317175865173, -0.7204592227935791, -0.54482102394104, -1.0835893154144287, -0.4210777282714844, -0.7218338251113892, -0.3203084170818329, -0.7824079990386963, -0.02310284599661827, 0.8371478319168091, -1.0681706666946411, 0.3084874451160431, -0.7040420770645142, 0.30843740701675415, -1.3743046522140503, -0.7189396619796753, 1.3373676538467407, -0.7022910118103027, -0.5696205496788025, 0.4387644827365875, -2.174466609954834, -1.4032139778137207, 0.9198599457740784, 0.6488991975784302, -0.6980810165405273, 0.280649334192276, 0.017610564827919006, 0.3449849486351013, -0.0953005850315094, -0.9568594694137573, 0.19641074538230896, -0.18734228610992432, 1.1850608587265015, 1.358427882194519, 0.0661083459854126, -0.03713827207684517, 0.19795945286750793, 0.9686384201049805, 1.1238735914230347, 0.19753287732601166, -0.760280430316925, 1.3651206493377686, -0.1188388243317604, -2.344069242477417, -0.6961238980293274, -0.2304084599018097, -0.5541039705276489, 0.46069401502609253, 0.9828113317489624, 1.535374641418457, 0.5465608239173889, -0.15499582886695862, -0.27493539452552795, -0.857311487197876, 2.8389828205108643, 0.46344947814941406, -1.6627321243286133, 1.33444344997406, 0.3288950026035309, -0.8221722841262817, -0.19645681977272034, -0.6558443307876587, -0.7824751734733582, -0.12109770625829697, 0.2476881444454193, 1.0346851348876953, 0.44370540976524353, 0.02167687565088272, -1.671653389930725, -1.9961552619934082, 0.7170392870903015, 0.5699087381362915, 1.1259605884552002, -1.0362632274627686, 2.3383710384368896, 0.5701302289962769, 1.2333663702011108, -0.5147521495819092, 0.22537639737129211, 1.2123584747314453, 0.057018619030714035, -0.29403620958328247, 0.672548770904541, -0.05687578022480011, -0.4650828242301941, 0.709568440914154, 0.7138016223907471, 0.048743028193712234]",yunet,Facenet,1920,1080,/home/amos/media/tv/modern_family/Modern.Family.S09.1080p.DSNP.WEB-DL.DDP5.1.H.264-CRFW/Modern.Family.S09E17.Royal.Visit.1080p.DSNP.WEB-DL.DDP5.1.H.264-CRFW.mkv,Modern Family,2009,1442437,9,17,Eric Stonestreet,156962.0,0.549
963,798,132,1002,396,948,228,858,234,0.917,24024,0,"[0.8998461961746216, 0.6057085990905762, -0.7062991261482239, -0.0618773028254509, 2.3488047122955322, -0.823811411857605, 2.2432799339294434, 0.3031221330165863, 0.0867844820022583, 0.3706887364387512, -0.2417622208595276, -1.497704029083252, -0.7189820408821106, 1.0515772104263306, 0.2837626338005066, 0.691329836845398, -1.5062698125839233, -2.2640769481658936, -1.3573366403579712, -1.2658299207687378, -1.225521445274353, 2.1270394325256348, -0.3877723515033722, 1.1855305433273315, 0.7829479575157166, 1.3225170373916626, 0.5546067953109741, 0.6463578939437866, 0.8822566270828247, -0.5068175792694092, 0.07544314861297607, 1.455187439918518, -1.8647019863128662, 2.5617129802703857, -0.6236754655838013, -1.0059951543807983, 0.42705777287483215, -2.48111629486084, 0.6981121301651001, -1.5019241571426392, -0.6768984794616699, -1.0569870471954346, -0.9072474241256714, -0.7976133823394775, -0.531838595867157, -0.5694671869277954, -0.9407053589820862, -0.4443061649799347, -0.5033102035522461, 2.0287322998046875, -0.4537855386734009, 0.22679488360881805, -0.9979293346405029, 0.6099616885185242, -1.0756863355636597, -1.270127534866333, 0.5693487524986267, -1.209787368774414, -0.8644437789916992, -0.22740808129310608, -2.9774532318115234, -1.3211643695831299, 0.9132813811302185, 0.8503836989402771, -0.6421681642532349, -0.07560518383979797, -1.0219957828521729, -0.09625261276960373, 0.29612967371940613, -1.3915941715240479, 0.04527799412608147, -0.9981296062469482, 0.851548433303833, 0.47432535886764526, -0.16591621935367584, 0.12507767975330353, -0.043137528002262115, 0.3144714832305908, 1.0244704484939575, 0.48239898681640625, -1.0351473093032837, 2.0236618518829346, -0.4241345524787903, -1.8680630922317505, -0.20568475127220154, -0.4399915039539337, -0.49279719591140747, 0.940432071685791, 1.7706105709075928, 1.5381834506988525, 0.35786184668540955, -0.0594024658203125, -0.510281503200531, -0.8620941638946533, 2.591653347015381, 0.19823788106441498, -1.158133864402771, 0.5570077896118164, 0.07469577342271805, -0.6176485419273376, 0.02929333597421646, -0.5422026515007019, -1.301795482635498, -0.2180214673280716, -0.1477961540222168, 0.7568086981773376, 1.0481864213943481, -0.2660094201564789, -0.7922032475471497, -1.397180438041687, 0.3282347321510315, 0.1884680837392807, 0.9941574335098267, -0.7520266175270081, 2.896340847015381, 0.19348567724227905, 1.492416262626648, -0.6644381284713745, 0.3100600838661194, 0.683225154876709, 0.04854884743690491, 0.2931191027164459, 0.8368331789970398, -0.0568520724773407, -0.8773024678230286, 0.42587652802467346, 0.5830174684524536, 0.41888347268104553]",yunet,Facenet,1920,1080,/home/amos/media/tv/modern_family/Modern.Family.S09.1080p.DSNP.WEB-DL.DDP5.1.H.264-CRFW/Modern.Family.S09E17.Royal.Visit.1080p.DSNP.WEB-DL.DDP5.1.H.264-CRFW.mkv,Modern Family,2009,1442437,9,17,Eric Stonestreet,156962.0,0.521
964,762,180,996,468,936,288,834,288,0.915,24048,0,"[-1.6831427812576294, -1.7750585079193115, -0.4066402316093445, -0.2839186191558838, 0.8204615116119385, -0.9464625716209412, -0.6552496552467346, 0.2907988727092743, 3.227665662765503, -0.9032998085021973, 1.4953609704971313, -1.1449164152145386, -0.4647696018218994, -0.6685667037963867, -1.1620293855667114, -0.3762732148170471, 0.7109434604644775, -0.8022095561027527, -1.3048059940338135, -0.3093123137950897, 0.6983766555786133, -0.4256145656108856, 0.9740279316902161, 0.04633264243602753, 0.1819702833890915, 0.8567872047424316, 1.4969961643218994, -1.7980222702026367, 1.9559252262115479, -0.7369890213012695, -0.8207948207855225, 0.32109254598617554, 0.6447699069976807, -0.0808037668466568, 1.215089201927185, 1.907915472984314, -0.44476866722106934, -0.910269021987915, -1.1041691303253174, -0.7809022665023804, -0.41801485419273376, 0.3290400803089142, -2.067873001098633, -0.2436884194612503, -0.25210389494895935, -1.2514973878860474, -1.037639856338501, 0.45503348112106323, -0.8538909554481506, 0.6949917078018188, 0.1305549442768097, -0.011877253651618958, -1.404892086982727, 0.4130457639694214, -0.6129823923110962, -0.7649332284927368, 1.8647267818450928, -0.4686964750289917, -2.2303638458251953, -1.681169867515564, -0.9518642425537109, -0.938358724117279, 0.04695919156074524, 0.2899388074874878, -0.7039467096328735, 2.305021286010742, 0.4661371409893036, 1.0391634702682495, 1.065873146057129, -2.212873935699463, -0.5615190267562866, -1.0615054368972778, -1.3455567359924316, -0.49493396282196045, 1.25090491771698, -0.2569250464439392, -0.36654677987098694, -1.0395094156265259, -1.0275311470031738, -1.744753360748291, -1.5995993614196777, 0.8058594465255737, -0.5878130793571472, -1.359241247177124, 0.4016270935535431, 0.16519507765769958, -0.48648470640182495, 1.0467174053192139, 0.21976828575134277, 1.6109298467636108, -0.5364246368408203, 0.5342952013015747, 1.5597803592681885, 1.0890074968338013, -0.9638398885726929, 3.0546491146087646, -1.242620587348938, 1.223088264465332, -1.7152855396270752, -0.4896396994590759, 0.5671728253364563, -0.21108508110046387, 0.993943452835083, -1.0319911241531372, 1.2743550539016724, 1.3030829429626465, -0.11376412212848663, 0.4348413944244385, 0.7722314596176147, -1.0457441806793213, 0.7144326567649841, 0.1845279335975647, 0.8107091188430786, -1.0580675601959229, 0.5320016145706177, 1.3772441148757935, -0.010877423919737339, -1.7882331609725952, 0.45953378081321716, -0.09477671980857849, -0.804486095905304, -0.48750075697898865, -0.285658597946167, -1.4178259372711182, 1.7336515188217163, 0.030551619827747345, -0.3315412402153015, 0.42686691880226135]",yunet,Facenet,1920,1080,/home/amos/media/tv/modern_family/Modern.Family.S09.1080p.DSNP.WEB-DL.DDP5.1.H.264-CRFW/Modern.Family.S09E17.Royal.Visit.1080p.DSNP.WEB-DL.DDP5.1.H.264-CRFW.mkv,Modern Family,2009,1442437,9,17,Jesse Tyler Ferguson,204815.0,0.76
965,756,222,966,504,882,336,798,342,0.924,24072,0,"[-1.7421367168426514, -1.350621223449707, -0.21166379749774933, -0.5504870414733887, 0.2108835130929947, -0.5601832866668701, -0.2070150226354599, -0.13556168973445892, 3.0954272747039795, -0.7948799133300781, 1.8387399911880493, -1.8071961402893066, -0.0223093144595623, -0.46580490469932556, -1.0089744329452515, 0.3375698924064636, 0.040970295667648315, -1.2289819717407227, -1.6548566818237305, -0.48101693391799927, 1.208824872970581, -0.23875877261161804, 0.9837220311164856, 0.09512239694595337, -0.025926820933818817, 0.6283448934555054, 1.0819282531738281, -1.9151890277862549, 1.5998175144195557, -1.0823538303375244, -0.9747391939163208, 0.354266494512558, 0.3195722997188568, 0.5595930218696594, 0.8093732595443726, 1.3500096797943115, -0.04313943162560463, -0.22875365614891052, -0.029184415936470032, -0.9696265459060669, 0.2654770314693451, 0.2672179043292999, -1.5780640840530396, -0.3157723844051361, -1.0665122270584106, -0.38411274552345276, -1.0913676023483276, -0.05825965851545334, -0.6053893566131592, 0.29196760058403015, 0.1744992733001709, 0.12345074117183685, -1.891776442527771, 0.01868031919002533, -0.15413643419742584, -0.6479811668395996, 1.6765474081039429, 0.292627215385437, -1.0828943252563477, -2.1385130882263184, -0.7621791362762451, -0.6938630938529968, -0.6115832328796387, 0.9846468567848206, -0.27102208137512207, 1.6121017932891846, 0.1263134777545929, 0.44061875343322754, 0.5107354521751404, -2.6703736782073975, -1.3926215171813965, -0.7470259666442871, -1.1833621263504028, -1.219730019569397, 0.6617003679275513, 0.32428860664367676, -1.0607658624649048, -0.48204362392425537, -1.4780728816986084, -1.8558032512664795, -1.5301365852355957, 0.6286089420318604, -0.473090261220932, -0.9357638955116272, -0.3505352735519409, -0.46736717224121094, -0.5883697271347046, 1.531463384628296, -1.2020716667175293, 0.4897139072418213, 0.4891982674598694, -0.20500779151916504, 1.7940258979797363, 0.724503755569458, -0.08621011674404144, 2.438537836074829, -0.7540764808654785, 0.8742583990097046, -1.090181589126587, -0.9537475109100342, -0.2008150964975357, -0.601668119430542, -0.09477439522743225, -0.0498308464884758, 0.6085299253463745, 1.277913212776184, 0.4091004729270935, 0.5604560375213623, 0.3965054750442505, -0.7891537547111511, 1.3214917182922363, -0.7929437756538391, 1.346198320388794, -0.6386404633522034, 0.0191388800740242, 1.5348951816558838, 0.7995795011520386, -1.8437185287475586, -0.3246161639690399, 0.45033830404281616, -1.0132163763046265, 0.021219627931714058, 0.2764805257320404, -1.6520026922225952, 0.8556762933731079, -0.4005567729473114, -0.18117837607860565, 0.11171381175518036]",yunet,Facenet,1920,1080,/home/amos/media/tv/modern_family/Modern.Family.S09.1080p.DSNP.WEB-DL.DDP5.1.H.264-CRFW/Modern.Family.S09E17.Royal.Visit.1080p.DSNP.WEB-DL.DDP5.1.H.264-CRFW.mkv,Modern Family,2009,1442437,9,17,Jesse Tyler Ferguson,204815.0,0.879
966,732,138,900,360,870,222,786,222,0.911,24096,0,"[1.7075345516204834, 0.24644416570663452, -0.3195008337497711, 0.011178523302078247, 1.0175565481185913, -0.25874781608581543, 1.7568933963775635, -0.4256070852279663, 0.6563284397125244, 0.13526202738285065, -0.39579421281814575, -1.4202128648757935, -1.2026606798171997, 1.1449865102767944, -0.9035072326660156, 0.7575801014900208, -1.0762159824371338, -2.3612165451049805, -0.9488104581832886, -0.7856802940368652, -0.7221920490264893, 2.0265395641326904, 0.0166049525141716, 1.3419671058654785, 1.5599175691604614, 1.1361044645309448, 0.7519176006317139, -0.3423672616481781, 1.685520052909851, -0.2829970717430115, -0.09574662148952484, 1.4927337169647217, -2.011232376098633, 3.2162680625915527, -0.37145429849624634, -0.8083361983299255, 0.15766602754592896, -1.4435778856277466, 1.0721876621246338, -0.7866067886352539, -0.5462839007377625, -0.33869218826293945, -0.8471161127090454, -1.1420843601226807, -0.5693395733833313, -0.42874962091445923, -1.376074194908142, -0.14507605135440826, -0.678051769733429, 1.8068193197250366, -0.2857455015182495, -0.3384508490562439, -0.15829840302467346, 0.47856104373931885, -0.7523269653320312, -1.3515735864639282, 0.6261059641838074, -1.2014425992965698, -1.026064395904541, 0.14699146151542664, -2.0530858039855957, -1.0895330905914307, 0.42777296900749207, 0.5708388090133667, -0.9575820565223694, 0.458413302898407, -0.5359290838241577, 0.1198863759636879, 0.02595151960849762, -1.4912596940994263, 0.3133525252342224, -0.9389581680297852, 0.8524196743965149, 0.42621517181396484, 0.5295349955558777, -0.015056665986776352, 0.13496026396751404, 0.6304967403411865, 1.5676116943359375, -0.11549559235572815, -0.6029279828071594, 1.5380736589431763, -0.42848291993141174, -1.9823429584503174, -0.47052904963493347, -0.1312980055809021, -0.18847136199474335, 0.30495208501815796, 1.582136631011963, 1.1173299551010132, 0.28231731057167053, 0.5593398809432983, -0.29751458764076233, -0.7301053404808044, 3.0199122428894043, 0.6275264024734497, -1.2632614374160767, 0.7589113712310791, -0.31862035393714905, -0.6713854074478149, 0.5752089619636536, -0.47393661737442017, -1.5967085361480713, -0.20708990097045898, 0.01524171233177185, 0.5626919865608215, 0.7036237716674805, -0.426912397146225, -1.728043794631958, -2.4459445476531982, 1.0051281452178955, 0.0029158294200897217, 1.2291744947433472, -1.4121792316436768, 1.9044944047927856, 0.4337821304798126, 0.4184703230857849, -0.060598134994506836, 0.140007883310318, 1.0292681455612183, -0.20146740972995758, -0.42296794056892395, 0.855577826499939, -0.5735207200050354, -0.3790398836135864, 0.990414559841156, 0.6513369083404541, 0.21998660266399384]",yunet,Facenet,1920,1080,/home/amos/media/tv/modern_family/Modern.Family.S09.1080p.DSNP.WEB-DL.DDP5.1.H.264-CRFW/Modern.Family.S09E17.Royal.Visit.1080p.DSNP.WEB-DL.DDP5.1.H.264-CRFW.mkv,Modern Family,2009,1442437,9,17,,,
967,1734,198,1896,402,1842,270,1770,270,0.902,24096,1,"[-0.42658713459968567, -0.08991102874279022, -0.8654833436012268, 1.5155662298202515, -0.29090800881385803, 0.24730846285820007, 1.1632686853408813, -0.33776116371154785, 0.12962383031845093, -0.2657497525215149, 0.8774024844169617, -1.5753145217895508, -0.7680100202560425, 0.4150613844394684, 0.5839804410934448, -1.0531706809997559, 0.1531885415315628, -2.493833065032959, -1.387810230255127, -1.1734719276428223, -0.9480066299438477, -0.8269245028495789, 1.5066660642623901, 1.148369312286377, 1.1215821504592896, -1.834010362625122, -0.619318962097168, -0.6993748545646667, 0.6864505410194397, -0.8623325228691101, -0.509316086769104, -0.4884309768676758, -3.1791462898254395, 2.87674880027771, 0.5778743028640747, -0.43139445781707764, -0.5755512118339539, 0.6189518570899963, 0.05402754992246628, -0.3307378590106964, 0.5488013625144958, -0.15504242479801178, -0.5514847040176392, 0.4443344473838806, -0.20241524279117584, -0.2878405749797821, 1.2525688409805298, 0.5508573055267334, -0.5174274444580078, -0.16828298568725586, -0.3651806116104126, 1.1668771505355835, -0.37709036469459534, -0.01894882321357727, -1.5526537895202637, -0.562836766242981, 1.278874158859253, 1.2143946886062622, -2.1346120834350586, -0.9807762503623962, -0.7118403911590576, -0.47612905502319336, -0.8078319430351257, -0.20267824828624725, -0.2456921935081482, -0.18115036189556122, -0.4134894609451294, 0.24684041738510132, -0.8664237260818481, -2.9910264015197754, 0.2707076966762543, -1.309704303741455, -0.36538857221603394, 0.07312732934951782, -0.4208303987979889, 1.2628463506698608, 0.06299242377281189, 1.20209801197052, -0.8228415250778198, -0.7269944548606873, 0.7360915541648865, 1.3446171283721924, -0.6068263053894043, -2.048327684402466, -1.7843058109283447, -0.17622557282447815, 0.8172005414962769, 0.39457273483276367, -1.040778636932373, 0.08616001904010773, 0.8021656274795532, -0.9153449535369873, 1.2976057529449463, 0.6802131533622742, 2.0657224655151367, 2.067326545715332, -0.38274627923965454, 1.052544355392456, -0.06951729953289032, 1.4902846813201904, -0.957415759563446, -0.49947330355644226, -1.0725866556167603, 0.7806569933891296, 0.1650555431842804, 0.003001512959599495, 0.885617733001709, -0.0545230507850647, 0.06934706121683121, -2.6419456005096436, -1.285088300704956, 0.46731388568878174, 2.177018880844116, -2.464682102203369, -0.9597153663635254, 0.007504746317863464, -0.097939632833004, -0.5631449222564697, -0.6565178632736206, 1.2258111238479614, -1.9299837350845337, -0.5690696239471436, 0.24293217062950134, -0.5330328345298767, 0.5391246676445007, 1.8324543237686157, -0.32550328969955444, -0.19031071662902832]",yunet,Facenet,1920,1080,/home/amos/media/tv/modern_family/Modern.Family.S09.1080p.DSNP.WEB-DL.DDP5.1.H.264-CRFW/Modern.Family.S09E17.Royal.Visit.1080p.DSNP.WEB-DL.DDP5.1.H.264-CRFW.mkv,Modern Family,2009,1442437,9,17,,,
968,702,162,864,372,822,246,750,252,0.911,24120,0,"[1.4462717771530151, 0.0907694399356842, -0.1764337122440338, 0.33857807517051697, 1.6863503456115723, -0.37876346707344055, 1.8719491958618164, -0.3332674205303192, 1.1233841180801392, 0.13052132725715637, -0.5619577765464783, -1.5121049880981445, -0.9388660192489624, 1.2358430624008179, -0.6929023265838623, 0.3791124224662781, -1.1357166767120361, -2.2311220169067383, -1.1590696573257446, -1.1754974126815796, -0.7959952354431152, 1.717410922050476, 0.16068130731582642, 1.5940622091293335, 1.4250825643539429, 0.7759842276573181, 0.7882261276245117, -0.36556240916252136, 1.4519100189208984, -0.4425298273563385, -0.1806771159172058, 0.9394705295562744, -2.376497507095337, 2.9378132820129395, -0.5000675320625305, -0.23361490666866302, -0.1809835433959961, -1.6791832447052002, 0.897361695766449, -0.956958532333374, 0.001965731382369995, -0.740818440914154, -0.9675976037979126, -0.9958035945892334, -0.359524130821228, 0.06055435910820961, -1.178239345550537, -0.2955256998538971, -0.832168698310852, 1.5756741762161255, -0.6563696265220642, -0.24449802935123444, -0.4969717562198639, 0.4902082085609436, -0.8929393887519836, -1.2165741920471191, 0.482320636510849, -1.556658148765564, -0.4137188494205475, 0.01663457602262497, -2.1266350746154785, -1.0458428859710693, 0.3740175664424896, 0.3548037111759186, -0.6297547221183777, 0.5358798503875732, -0.8152787685394287, 0.09431210160255432, -0.2965954840183258, -1.3631565570831299, 0.0007289908826351166, -0.42677077651023865, 0.9666299819946289, 0.32846206426620483, 0.21506626904010773, -0.016403678804636, 0.16849792003631592, 0.8080941438674927, 1.1507874727249146, 0.12917852401733398, -1.1606934070587158, 1.5275057554244995, -0.23843353986740112, -2.178006649017334, -0.3054722547531128, -0.4449623227119446, -0.06589443981647491, 0.322404682636261, 1.5647069215774536, 1.201049566268921, 0.775384247303009, 0.8403153419494629, -0.4395219385623932, -0.7343543171882629, 2.7079997062683105, 0.4312964379787445, -0.9490125179290771, 0.8821340799331665, -0.03500718995928764, -0.2915227711200714, 0.3197537660598755, -0.14888069033622742, -1.3656309843063354, -0.2954007685184479, 0.1179821714758873, 0.983719527721405, 0.8561100363731384, -0.06876799464225769, -1.468613862991333, -2.421880006790161, 1.0309544801712036, 0.05071140080690384, 1.1938705444335938, -1.6100564002990723, 2.080716133117676, 0.8000001907348633, 0.9584705829620361, 0.21143785119056702, 0.08796960860490799, 0.8329077363014221, -0.1699673980474472, -0.00838550552725792, 0.9929748177528381, -0.7886923551559448, -0.5699827075004578, 0.6094786524772644, 0.5257378816604614, -0.0044220201671123505]",yunet,Facenet,1920,1080,/home/amos/media/tv/modern_family/Modern.Family.S09.1080p.DSNP.WEB-DL.DDP5.1.H.264-CRFW/Modern.Family.S09E17.Royal.Visit.1080p.DSNP.WEB-DL.DDP5.1.H.264-CRFW.mkv,Modern Family,2009,1442437,9,17,Eric Stonestreet,156962.0,0.562
969,1716,216,1878,420,1806,288,1746,282,0.902,24120,1,"[-0.4257528483867645, 0.2256227731704712, -1.1112751960754395, 0.9520061016082764, -0.07891391962766647, 0.49852320551872253, 1.185805320739746, 0.11418628692626953, -0.049249012023210526, -0.05219079181551933, 1.2305411100387573, -0.7215530276298523, -1.350893497467041, -0.3890186846256256, 0.9873374700546265, -0.6481844782829285, 0.41095030307769775, -2.166144847869873, -0.979672908782959, -1.3659471273422241, -0.7075541019439697, -1.402498722076416, 1.0092774629592896, 1.5069164037704468, 0.44794562458992004, -1.7670469284057617, -0.10747451335191727, -1.043066382408142, 1.0837262868881226, -0.9108862280845642, -0.5243228673934937, -0.13972696661949158, -2.478316068649292, 2.5214734077453613, 0.4703611731529236, -0.7805922031402588, -0.8420326709747314, 0.6797949075698853, 0.18100887537002563, -0.10372039675712585, 0.3307713270187378, -0.24707475304603577, -0.74647057056427, 0.54695725440979, -0.4889661967754364, -0.3917374312877655, 1.2083837985992432, 0.4815700650215149, 0.1271750032901764, -0.7449729442596436, -0.05295848846435547, 1.8341052532196045, -0.46457383036613464, 0.39822596311569214, -0.3208584189414978, -0.03604728356003761, 0.5288547873497009, 0.7191492319107056, -1.8020505905151367, -0.2873624861240387, -0.7582551836967468, -0.7382503151893616, -0.3070346415042877, -0.51603102684021, 0.7414156198501587, 0.7342925667762756, -0.42203158140182495, 1.723435401916504, -0.9960353970527649, -2.225825786590576, -0.3668489158153534, -0.8618977069854736, -0.5130388736724854, 0.31540077924728394, 0.13302743434906006, 1.4156876802444458, -0.7158690690994263, 0.9598835110664368, -1.7462127208709717, -0.5374218821525574, -0.00894172489643097, 1.790600061416626, -1.0549288988113403, -2.1844940185546875, -1.6859210729599, 0.1317726969718933, -0.29467296600341797, 0.17803548276424408, -1.4376345872879028, 0.053536150604486465, 0.8898522853851318, -0.7486826777458191, 1.9296104907989502, 0.14261530339717865, 1.8281975984573364, 1.4991188049316406, -0.3470195233821869, 1.3035930395126343, 0.27008554339408875, 1.738853096961975, -1.5039454698562622, -1.3310223817825317, -1.1816991567611694, 1.8286597728729248, 0.14983633160591125, -0.07438783347606659, 0.346632719039917, 0.5077186226844788, -0.1601281315088272, -1.8881133794784546, -1.4499273300170898, 0.40315163135528564, 1.9640353918075562, -3.1318061351776123, -1.1697046756744385, 0.014035575091838837, -0.4749789834022522, -0.47139668464660645, 0.3330451250076294, 0.9005506038665771, -1.634028673171997, -0.45258864760398865, 0.5749776363372803, -0.722761869430542, 0.3905954360961914, 1.7104688882827759, -0.8140218257904053, 0.11661489307880402]",yunet,Facenet,1920,1080,/home/amos/media/tv/modern_family/Modern.Family.S09.1080p.DSNP.WEB-DL.DDP5.1.H.264-CRFW/Modern.Family.S09E17.Royal.Visit.1080p.DSNP.WEB-DL.DDP5.1.H.264-CRFW.mkv,Modern Family,2009,1442437,9,17,,,
970,834,162,1032,432,972,258,876,264,0.938,24144,0,"[-1.8989461660385132, -1.462966799736023, -0.3442161977291107, -0.13423824310302734, 0.13334082067012787, -1.0253006219863892, -0.3411555290222168, -0.0997973084449768, 2.691267728805542, -0.8192024827003479, 1.2595518827438354, -2.1125993728637695, -0.19004611670970917, -0.5388033390045166, -1.0665948390960693, 0.6878410577774048, 0.09295191615819931, -0.8807995915412903, -1.6210014820098877, -0.6636290550231934, 1.1399914026260376, 0.0393344946205616, 1.048993706703186, 0.14845162630081177, -0.237593874335289, 1.0449776649475098, 1.687667965888977, -1.5045136213302612, 1.586974859237671, -0.33859166502952576, -1.7998067140579224, 0.9381758570671082, -0.19353023171424866, 0.5908287763595581, 0.8554216623306274, 0.8785648941993713, 0.423770546913147, -0.7311699986457825, -0.23124483227729797, -1.6779766082763672, -0.0019416287541389465, -0.2641104459762573, -1.1606407165527344, -0.26514244079589844, -0.3593558073043823, -0.743161141872406, -0.8775305151939392, -0.08736187219619751, -0.8012295365333557, 0.7561415433883667, 0.4561540484428406, -0.09812119603157043, -1.432132363319397, 0.491873562335968, -0.46043792366981506, -0.4205368459224701, 1.2333452701568604, 0.064058318734169, -1.0367032289505005, -1.5151115655899048, -1.3005650043487549, -0.4121112823486328, -0.4836861491203308, 1.4447050094604492, -0.43033671379089355, 1.7507582902908325, 0.21458125114440918, 0.01932097040116787, -0.16078618168830872, -2.245316505432129, -0.5999823808670044, -0.47064927220344543, -0.28811392188072205, -0.46691471338272095, 0.5749285221099854, -0.02401651069521904, -0.8095978498458862, -0.21141119301319122, -0.8845106363296509, -2.3732070922851562, -1.9477835893630981, 0.8206270933151245, -0.9083099365234375, -0.7036296725273132, -0.11322086304426193, -0.9920037984848022, -0.24205052852630615, 0.3578330874443054, -0.8832944631576538, -0.3346688747406006, 0.2621249258518219, 0.4694259762763977, 1.0055400133132935, 0.4883725941181183, -0.09324197471141815, 2.1258537769317627, -0.5338242053985596, 0.756233274936676, -1.5606367588043213, -1.6909143924713135, 0.31102657318115234, -0.6708558797836304, 0.17228877544403076, -0.24491067230701447, 0.8370825052261353, 1.2121955156326294, 0.3762570917606354, -0.24986591935157776, 0.3060719668865204, -0.2931118905544281, 1.4901882410049438, -0.9367861151695251, 1.7110646963119507, -0.005174141377210617, -0.11937234550714493, 1.163194179534912, 0.9049928188323975, -1.4866868257522583, -1.3587559461593628, 0.9186457991600037, -0.7101342082023621, -0.3202923536300659, 0.7915852069854736, -1.0384026765823364, 0.19520354270935059, 0.43140581250190735, 0.7064254879951477, -0.19814571738243103]",yunet,Facenet,1920,1080,/home/amos/media/tv/modern_family/Modern.Family.S09.1080p.DSNP.WEB-DL.DDP5.1.H.264-CRFW/Modern.Family.S09E17.Royal.Visit.1080p.DSNP.WEB-DL.DDP5.1.H.264-CRFW.mkv,Modern Family,2009,1442437,9,17,Jesse Tyler Ferguson,204815.0,0.883
971,912,174,1122,438,1062,282,972,276,0.911,24168,0,"[-1.9062366485595703, -1.2391092777252197, -0.7562664151191711, -0.3465825617313385, 1.0179671049118042, -1.0184290409088135, 0.02648799493908882, -0.23335492610931396, 3.0709705352783203, -1.0828155279159546, 1.9714916944503784, -2.10571551322937, -0.44374555349349976, -0.41188812255859375, -1.5759841203689575, 1.3800145387649536, 0.4670352041721344, -0.17174285650253296, -1.8504998683929443, 0.20112787187099457, 0.7833278179168701, 1.1338807344436646, 0.14432942867279053, -0.1533527374267578, -0.003883102908730507, 1.5037636756896973, 1.4450465440750122, -1.6000890731811523, 1.299460768699646, -0.4011514186859131, -0.6083627939224243, 1.0102324485778809, 0.15067479014396667, 0.4730815887451172, 0.8175471425056458, 1.0777438879013062, 0.6614559292793274, -1.3861501216888428, -0.11430372297763824, -1.607243537902832, -0.41679584980010986, -0.7081679701805115, -1.3531038761138916, -0.4107619524002075, -0.30884912610054016, -1.4964858293533325, -1.0458910465240479, -0.6677031517028809, -0.8560634851455688, 1.58636474609375, 0.20828311145305634, 0.07657258212566376, -1.6727676391601562, 0.4359757900238037, -0.7099608182907104, -0.9765385389328003, 2.02628493309021, -0.6120510101318359, -1.6266961097717285, -1.2023086547851562, -0.9727650880813599, -0.2667636573314667, 0.3741625249385834, 1.758800983428955, 0.05718496814370155, 1.7218631505966187, 0.8879948258399963, 0.382741779088974, 0.6889649033546448, -2.2443795204162598, -0.6377795338630676, -1.2390187978744507, -1.1242833137512207, -1.188738226890564, 1.6371076107025146, -0.19863036274909973, -0.7512928247451782, -1.3040506839752197, -0.5153735280036926, -1.8701813220977783, -1.474217176437378, 1.471744179725647, -0.2726236581802368, -0.693902850151062, 0.0743500366806984, 0.44801822304725647, -1.3732013702392578, 1.7276462316513062, -0.25314146280288696, 0.5048236846923828, -0.1204049214720726, -0.12204165756702423, 1.056699514389038, 0.24042657017707825, -0.06004534661769867, 1.921964406967163, -1.1516910791397095, 0.5367826223373413, -1.3780663013458252, -1.0588103532791138, 0.6174179911613464, -0.036019451916217804, -0.05540579557418823, -0.8456796407699585, 0.6974977254867554, 1.1789761781692505, 0.16702547669410706, 0.4383949339389801, 0.16939258575439453, -0.9515462517738342, 0.993009626865387, 0.05606987699866295, 1.8269813060760498, -0.15541790425777435, 0.48300638794898987, 0.23745933175086975, 0.7654851675033569, -1.3880202770233154, -0.6733488440513611, 0.8106082081794739, -0.21144999563694, 0.03809836506843567, 1.1647834777832031, -1.8404775857925415, 0.7651649713516235, -0.4184640049934387, 0.3849080204963684, 0.2709706425666809]",yunet,Facenet,1920,1080,/home/amos/media/tv/modern_family/Modern.Family.S09.1080p.DSNP.WEB-DL.DDP5.1.H.264-CRFW/Modern.Family.S09E17.Royal.Visit.1080p.DSNP.WEB-DL.DDP5.1.H.264-CRFW.mkv,Modern Family,2009,1442437,9,17,Jesse Tyler Ferguson,204815.0,0.789
972,744,150,912,372,888,234,804,240,0.921,24192,0,"[1.0539870262145996, 0.7083760499954224, -1.060528039932251, 0.23103341460227966, 1.8485804796218872, -1.128440022468567, 1.972463846206665, -0.2760348618030548, 0.9031623005867004, 0.07608433067798615, -0.9080120325088501, -0.5999310612678528, -0.30573537945747375, 1.2300078868865967, 0.3179258704185486, 0.7668726444244385, -2.017832040786743, -2.0157816410064697, -1.0231517553329468, -1.0210211277008057, -1.3319380283355713, 1.8870246410369873, -0.85365229845047, 1.6644620895385742, 1.2023205757141113, 0.7653228640556335, 0.8144495487213135, -0.17655131220817566, 0.44273054599761963, -0.33993884921073914, -0.041288845241069794, 1.1767557859420776, -2.4148917198181152, 2.507420063018799, -0.4237222373485565, -1.2833893299102783, 0.8238875269889832, -2.739212989807129, 0.8244867920875549, -1.2520732879638672, 0.0006956961005926132, -0.8760719299316406, -0.3950671851634979, -0.5383994579315186, -0.41882187128067017, -0.7744269967079163, -0.8574330806732178, -0.9575413465499878, -1.1149609088897705, 2.165322780609131, -0.6633077263832092, -0.10576167702674866, -0.7431341409683228, 0.43588733673095703, -1.227461338043213, -1.7052857875823975, 0.5056605935096741, -1.2224373817443848, -0.8287830948829651, -0.34474116563796997, -2.009397506713867, -1.0043023824691772, 0.6888270974159241, -0.5391387343406677, -1.330999732017517, 0.10169732570648193, -0.8902586102485657, -0.7242392301559448, -0.7283767461776733, -1.703403353691101, 1.1782798767089844, -1.2925479412078857, 1.197493076324463, 0.37135040760040283, -0.10170838236808777, -0.7779164910316467, 0.7564616203308105, 0.9000335335731506, 1.37952721118927, -0.4003945589065552, -0.5565582513809204, 1.2870900630950928, -0.49336233735084534, -1.4881337881088257, -0.5349933505058289, -0.42225393652915955, -0.07540775835514069, 0.3419921398162842, 2.2694923877716064, 1.1428064107894897, -0.16469421982765198, -0.7797976136207581, -0.7292734384536743, -0.962644100189209, 2.222933053970337, 0.543098509311676, -0.7851626873016357, 0.5569267272949219, -0.2610391080379486, -0.11595989763736725, 0.1559777706861496, 0.30404824018478394, -0.6698505878448486, -1.1135040521621704, 0.20235076546669006, 0.2157825082540512, 0.961351752281189, 0.013479940593242645, -1.4220302104949951, -0.8854466676712036, 0.872127115726471, 0.47562795877456665, 1.9871869087219238, -1.7562382221221924, 1.8845070600509644, 0.10124219954013824, 0.7992950677871704, 0.0012997984886169434, -0.5296904444694519, 0.5318140983581543, -0.5502774119377136, -0.35059043765068054, 1.3676774501800537, 0.23813141882419586, -0.3763710856437683, 0.968031108379364, 0.29313936829566956, 0.18947885930538177]",yunet,Facenet,1920,1080,/home/amos/media/tv/modern_family/Modern.Family.S09.1080p.DSNP.WEB-DL.DDP5.1.H.264-CRFW/Modern.Family.S09E17.Royal.Visit.1080p.DSNP.WEB-DL.DDP5.1.H.264-CRFW.mkv,Modern Family,2009,1442437,9,17,Eric Stonestreet,156962.0,0.567
973,972,276,1182,540,1122,378,1020,378,0.92,24216,0,"[-1.3255462646484375, -1.7011862993240356, 0.06136421114206314, -0.4432005286216736, -0.06967906653881073, -0.9975120425224304, -1.0092155933380127, -0.36769258975982666, 3.2628426551818848, -1.3288938999176025, 2.0172219276428223, -2.0122501850128174, -0.0034951120615005493, -0.4499947428703308, -1.3938747644424438, -0.056737929582595825, -0.09766003489494324, -0.7903335690498352, -1.4240132570266724, -0.7674202919006348, 1.1941452026367188, -0.847889244556427, 1.174700379371643, -0.17461416125297546, 0.15601810812950134, 0.7041049599647522, 1.5039477348327637, -1.2823814153671265, 1.3965507745742798, -0.9539616703987122, -1.713889241218567, 0.6186792850494385, -0.40677428245544434, 0.7239459156990051, 0.5075777173042297, 1.7150131464004517, -0.4632410705089569, -0.8196449279785156, -0.2726793885231018, -1.1207666397094727, 0.5805322527885437, -0.5895956158638, -0.8351213932037354, -0.38874995708465576, -0.2960670590400696, -0.9507111310958862, -0.8875581622123718, -0.12643443048000336, -0.2904066741466522, -0.2632012963294983, 0.17567194998264313, -0.19258084893226624, -1.6413578987121582, 0.19793818891048431, 0.0029618721455335617, -0.6207101345062256, 1.4354469776153564, 0.36041441559791565, -0.9424192905426025, -1.3783807754516602, -0.7430474162101746, -0.8342030048370361, 0.08305483311414719, 0.8071094751358032, -0.5606441497802734, 2.1073343753814697, 0.11866965144872665, -0.4893856644630432, -0.3776398301124573, -1.9298893213272095, -0.7078014612197876, -0.5614413022994995, -0.5198786854743958, -0.38210195302963257, 0.26036757230758667, -0.08022771775722504, -0.7448036670684814, -0.057744648307561874, -0.5516235828399658, -2.1133110523223877, -1.2559682130813599, 0.6170709133148193, 0.06700839847326279, -0.8566864728927612, -0.25045710802078247, -1.0058977603912354, -1.0034126043319702, 0.40204018354415894, -0.29809141159057617, -0.32549357414245605, 0.5563434362411499, 0.08434148132801056, 1.0027998685836792, 0.7833254933357239, -0.15596558153629303, 2.4502527713775635, -1.412595272064209, 1.0258476734161377, -1.6092865467071533, -1.4815186262130737, 0.39912086725234985, -1.1048434972763062, 0.6636906862258911, 0.11253955215215683, 0.9842070937156677, 1.8446006774902344, 0.6946660876274109, 0.4950557053089142, -0.3016577661037445, -0.7287317514419556, 1.906140923500061, -0.6367814540863037, 1.3458670377731323, -0.40572983026504517, 0.3347333073616028, 1.2026867866516113, 1.0654369592666626, -1.7079490423202515, -0.8775720596313477, 0.4563257396221161, -0.8744716048240662, -0.11775222420692444, 0.7131937146186829, -1.2508049011230469, 0.4009212851524353, 0.39458993077278137, 0.4887072443962097, -0.5441680550575256]",yunet,Facenet,1920,1080,/home/amos/media/tv/modern_family/Modern.Family.S09.1080p.DSNP.WEB-DL.DDP5.1.H.264-CRFW/Modern.Family.S09E17.Royal.Visit.1080p.DSNP.WEB-DL.DDP5.1.H.264-CRFW.mkv,Modern Family,2009,1442437,9,17,Jesse Tyler Ferguson,204815.0,0.805
974,882,108,1062,336,1008,204,918,204,0.908,24240,0,"[-2.1796505451202393, -2.2483503818511963, -0.5718905329704285, -1.1838668584823608, 0.9695687294006348, -1.0772913694381714, 0.14575843513011932, -0.1562272012233734, 1.1716892719268799, -0.01363444235175848, 0.14804264903068542, -2.229252576828003, -0.7154416441917419, 0.06184159219264984, 0.05817575380206108, 0.6546949744224548, -0.6676352024078369, -0.7259021401405334, -0.4548550248146057, -1.4632854461669922, 0.5790001153945923, 0.21101057529449463, 1.7850407361984253, 0.7044122219085693, 0.3728550672531128, 1.3013209104537964, 1.6804035902023315, -2.5306968688964844, 1.4113421440124512, 0.023562224581837654, 0.29119765758514404, 0.27012619376182556, 1.5253956317901611, -0.012572310864925385, 0.5596547722816467, 1.2468494176864624, 0.6751850247383118, -0.18646934628486633, -0.8706845641136169, -1.4722472429275513, -0.6596360206604004, 0.15790604054927826, -1.0968514680862427, -0.7337072491645813, 1.1202551126480103, -0.7792720794677734, -1.4148811101913452, 1.098765254020691, -0.18793928623199463, 0.5448620319366455, 0.6315094232559204, -0.29555830359458923, -2.001483917236328, 0.6728485226631165, -1.7141510248184204, -0.6788060665130615, 0.47307249903678894, -0.19461174309253693, -1.3430882692337036, -0.8859850168228149, -0.07827811688184738, -0.22685198485851288, -1.4535386562347412, 0.9270037412643433, -1.1463782787322998, 0.9039239883422852, 0.3629366159439087, 0.7048379182815552, 0.5324437022209167, -0.8483527898788452, -0.4372573494911194, -0.491928368806839, -0.3519342541694641, -0.9344724416732788, 1.023213267326355, -1.0169600248336792, -0.32498008012771606, -0.5046367049217224, -1.6490862369537354, -1.4133726358413696, -3.209505558013916, 2.368055582046509, -1.0288324356079102, -0.27573004364967346, -0.7102377414703369, 0.41456612944602966, 0.6918075680732727, 0.2571280598640442, -0.01768120750784874, 0.1892782300710678, 0.017451271414756775, 1.069123387336731, 1.715103268623352, 1.0262417793273926, -0.12950347363948822, 1.9812856912612915, -0.8376816511154175, 1.3536605834960938, -0.8307597041130066, -0.07302111387252808, 0.46261757612228394, -1.0628262758255005, 1.1978015899658203, -0.8976601362228394, 1.1407477855682373, -0.17567665874958038, -0.6436911225318909, 1.0143600702285767, 0.9658187627792358, -0.38225099444389343, -0.7566047310829163, -1.9205825328826904, 0.8780871629714966, -0.20253781974315643, 0.34108370542526245, 1.3200987577438354, 1.336546778678894, -1.1835907697677612, -2.0255091190338135, 0.40754061937332153, -0.06570729613304138, 0.10585565119981766, -0.3390692472457886, -0.034387171268463135, 0.7938115000724792, -0.6376549601554871, -0.6464148163795471, 0.04551876708865166]",yunet,Facenet,1920,1080,/home/amos/media/tv/modern_family/Modern.Family.S09.1080p.DSNP.WEB-DL.DDP5.1.H.264-CRFW/Modern.Family.S09E17.Royal.Visit.1080p.DSNP.WEB-DL.DDP5.1.H.264-CRFW.mkv,Modern Family,2009,1442437,9,17,Jesse Tyler Ferguson,204815.0,0.691
975,882,114,1062,348,990,204,912,204,0.907,24264,0,"[-1.353230595588684, -1.576500654220581, -1.132796049118042, -0.9663304686546326, 0.6875869035720825, -0.4973123371601105, 0.6641843914985657, 0.3145020604133606, 1.5445853471755981, 0.2536613941192627, 1.9303245544433594, -2.15928053855896, -0.2655479907989502, -0.6919945478439331, -1.2416672706604004, 0.8354873657226562, -0.30692681670188904, -0.4270026683807373, -0.48549675941467285, -0.7616899013519287, 1.00819730758667, 0.3496343791484833, 1.6898854970932007, -0.7479446530342102, 0.7208232879638672, 1.6773347854614258, 1.9724080562591553, -2.910808563232422, 1.4980360269546509, 0.23320721089839935, 0.6196192502975464, 1.086228370666504, 1.4744033813476562, -0.258903831243515, 1.064466118812561, 1.2450428009033203, 0.39842644333839417, 0.9715050458908081, -0.40657711029052734, -1.1033062934875488, 0.06166458874940872, 1.285133957862854, -0.9989022016525269, -0.5346156358718872, 0.7775601148605347, -1.298899531364441, -1.0885348320007324, 0.22070463001728058, 0.553942084312439, 0.42474880814552307, -0.06930944323539734, 0.48641833662986755, -1.4096333980560303, 1.085985779762268, -1.092307209968567, -1.4216920137405396, 0.2818632125854492, 0.4095420837402344, -1.7764146327972412, -1.9743810892105103, 0.159275084733963, -0.1766229271888733, -1.1117644309997559, 0.10666045546531677, -0.6067250967025757, 0.9054300785064697, 0.21864056587219238, 1.5139551162719727, 0.5590379238128662, -0.7596089839935303, -0.5219388008117676, 0.06902679800987244, -1.9319307804107666, -0.8986977338790894, 0.9099767804145813, -0.7985000610351562, -0.8681756258010864, -0.11361575126647949, -1.0117378234863281, -1.5474754571914673, -1.6890130043029785, 1.6188385486602783, -0.22016996145248413, -1.0676915645599365, -0.5108259320259094, 1.5008447170257568, -0.6411772966384888, 0.570925235748291, -0.5461623668670654, -0.18646827340126038, -0.4508133828639984, 1.1367484331130981, 1.8002099990844727, 1.4880391359329224, -0.2172994315624237, 2.648041248321533, -1.697155237197876, 0.8661956191062927, -0.5671030879020691, -0.6961454749107361, -0.03695359453558922, -0.18898379802703857, 0.5695918798446655, -1.9006043672561646, 0.32235968112945557, 1.5077632665634155, -0.3797811269760132, 1.6220306158065796, 0.015450157225131989, -0.19174636900424957, -0.8637359738349915, -0.4618953466415405, 0.8396264314651489, -0.971306562423706, -0.0819806456565857, 2.3943681716918945, -0.16965311765670776, -3.0374836921691895, -1.4612292051315308, -0.0643385797739029, -0.26074671745300293, 0.10539354383945465, 0.23796409368515015, -0.7232180237770081, 1.4876654148101807, -1.0360777378082275, -0.6680204272270203, -0.08150391280651093]",yunet,Facenet,1920,1080,/home/amos/media/tv/modern_family/Modern.Family.S09.1080p.DSNP.WEB-DL.DDP5.1.H.264-CRFW/Modern.Family.S09E17.Royal.Visit.1080p.DSNP.WEB-DL.DDP5.1.H.264-CRFW.mkv,Modern Family,2009,1442437,9,17,Jesse Tyler Ferguson,204815.0,0.671
976,894,114,1074,354,1020,210,930,210,0.924,24288,0,"[-1.7092832326889038, -1.4181941747665405, -1.0252397060394287, -1.2717015743255615, 0.4053437113761902, 0.06663155555725098, 0.020540039986371994, -0.43453148007392883, 1.8464113473892212, -0.8333618640899658, 0.27808794379234314, -1.9236624240875244, -1.3354843854904175, 0.18921193480491638, -0.46865108609199524, 0.09141917526721954, 0.16297602653503418, -0.20036201179027557, -0.06083371490240097, -0.8309986591339111, 1.4151175022125244, 0.31150612235069275, 2.304034948348999, 0.5611284971237183, 0.9417898058891296, 1.7662413120269775, 1.2582240104675293, -4.074007511138916, 2.3180296421051025, -0.25185495615005493, 0.7928342819213867, -0.013096224516630173, 1.515255093574524, 0.3457767963409424, 0.981102705001831, 1.6272865533828735, 0.49204468727111816, 0.8834053874015808, -0.6061768531799316, -1.068581461906433, -0.5443984866142273, 0.7963877320289612, -1.151821255683899, -1.0673693418502808, 1.2626534700393677, -0.4401397407054901, -1.1943727731704712, 1.1389859914779663, 0.19252832233905792, 0.7552595138549805, 0.30938011407852173, -0.3308815062046051, -1.1308114528656006, 0.5334206223487854, -1.442001223564148, -0.3632584512233734, 0.495333194732666, 0.10976170003414154, -0.6122563481330872, -1.0667117834091187, 0.14946076273918152, -0.2736319303512573, -1.4866440296173096, 0.6825855374336243, -0.8436706066131592, 0.6607769131660461, 0.6958486437797546, 0.8378165364265442, 0.3885921537876129, -1.068829894065857, -0.34124600887298584, -0.10395452380180359, -1.0778096914291382, -0.9792531132698059, 0.6619766354560852, -1.6427735090255737, -0.297049343585968, -0.9521934986114502, -2.0449869632720947, -1.9982504844665527, -2.9951980113983154, 1.7991828918457031, -0.6703289151191711, -0.4384066164493561, -0.6545637845993042, 1.6290303468704224, 0.663665235042572, 0.2797122597694397, -0.21345679461956024, -0.3140159547328949, -0.07784415036439896, 1.5983463525772095, 1.7578586339950562, 0.6951144933700562, -0.5144684910774231, 2.2560465335845947, -0.8943078517913818, 0.7216225266456604, -0.3379541039466858, 0.11704625934362411, 0.1458076387643814, -0.6575127840042114, 1.436753273010254, -0.5547422170639038, 0.6475514769554138, 0.014599774032831192, -0.7525813579559326, 1.5625678300857544, 1.0675963163375854, -1.1582388877868652, -1.0846816301345825, -1.9596755504608154, 1.0253974199295044, 0.00830414891242981, 0.03745926916599274, 1.2217204570770264, 0.8363109827041626, -0.9055870771408081, -1.0907236337661743, 0.34098440408706665, -0.27820658683776855, 0.2749256193637848, -0.029573120176792145, -0.8544937968254089, 0.5882421135902405, -0.3917770981788635, -0.3228831887245178, -0.41980838775634766]",yunet,Facenet,1920,1080,/home/amos/media/tv/modern_family/Modern.Family.S09.1080p.DSNP.WEB-DL.DDP5.1.H.264-CRFW/Modern.Family.S09E17.Royal.Visit.1080p.DSNP.WEB-DL.DDP5.1.H.264-CRFW.mkv,Modern Family,2009,1442437,9,17,Jesse Tyler Ferguson,204815.0,0.656
977,894,114,1074,342,1008,204,924,204,0.907,24312,0,"[-1.2118510007858276, -1.6784639358520508, -0.9349508285522461, -1.388574242591858, 0.5466235280036926, 0.10905175656080246, 0.26784127950668335, -0.0518985278904438, 1.3239269256591797, -0.39579156041145325, 1.222739815711975, -2.30018949508667, -1.0160259008407593, -0.0977746844291687, -0.7175105810165405, -0.09020175039768219, -0.4273625910282135, -1.0464872121810913, -0.08586239814758301, -1.264062523841858, 1.1304826736450195, -0.2605994939804077, 2.4357290267944336, 0.018839944154024124, 0.37456998229026794, 0.9320129156112671, 1.5222876071929932, -3.4380226135253906, 1.5866165161132812, 0.1552068293094635, 0.35516586899757385, 0.5981365442276001, 1.3283826112747192, -0.3322059214115143, 1.145188808441162, 1.5068020820617676, 0.742313802242279, 0.677118182182312, -0.7035591006278992, -1.2949923276901245, 0.28759369254112244, 0.3869559168815613, -1.3739535808563232, -1.0886503458023071, 1.1751347780227661, -1.2070515155792236, -0.9305007457733154, 1.1011422872543335, 0.13143007457256317, 0.4381837546825409, 0.060358405113220215, 0.023345544934272766, -0.972366452217102, 0.42042386531829834, -1.394425392150879, -0.44330894947052, 0.36437514424324036, 0.2197260558605194, -0.9550463557243347, -1.3392900228500366, 0.33743050694465637, -0.1285635232925415, -1.4861505031585693, 0.4106285870075226, -1.2615509033203125, 1.239567518234253, 0.8146848678588867, 1.0447906255722046, -0.022117391228675842, -0.4035659432411194, -0.2108207643032074, -0.06242086738348007, -0.7733984589576721, -0.5526307225227356, 0.5284448266029358, -0.919177770614624, -0.4826226234436035, -0.07890884578227997, -1.7997803688049316, -1.930471658706665, -2.6866281032562256, 2.228229284286499, -0.6672272086143494, -1.10935640335083, -0.23068952560424805, 0.7181887626647949, 0.3116540312767029, -0.14265264570713043, 0.3335203528404236, -0.45562341809272766, -0.4788719713687897, 1.3391755819320679, 1.5137054920196533, 1.2242987155914307, 0.0033875182271003723, 2.64205002784729, -1.0414167642593384, 1.1167503595352173, -0.9457955956459045, -0.16990657150745392, 0.045781806111335754, -1.220237374305725, 1.0388576984405518, -1.1584134101867676, 0.9319068789482117, 0.6524052023887634, 0.5207393765449524, 1.770447850227356, 1.4293919801712036, -0.23383133113384247, -1.3410283327102661, -1.3010843992233276, 1.127553939819336, -0.69386225938797, -0.7262299656867981, 1.6662839651107788, 0.7408425807952881, -1.9845795631408691, -2.0489323139190674, 0.00840766727924347, -0.25125008821487427, 0.17311371862888336, 0.2054491937160492, -0.5306012034416199, 1.4093514680862427, -0.2518690228462219, -0.6428326964378357, -0.5367680788040161]",yunet,Facenet,1920,1080,/home/amos/media/tv/modern_family/Modern.Family.S09.1080p.DSNP.WEB-DL.DDP5.1.H.264-CRFW/Modern.Family.S09E17.Royal.Visit.1080p.DSNP.WEB-DL.DDP5.1.H.264-CRFW.mkv,Modern Family,2009,1442437,9,17,Jesse Tyler Ferguson,204815.0,0.675
978,894,126,1068,360,1008,222,918,222,0.914,24336,0,"[-1.2785700559616089, -1.2940754890441895, -1.5695005655288696, -0.8535373210906982, 0.8231485486030579, 0.45021796226501465, 0.2254832535982132, 0.024648349732160568, 1.2345086336135864, -0.6187315583229065, 0.7628096342086792, -2.0577104091644287, -0.6189210414886475, -0.5414789915084839, -0.2280678153038025, -0.321280300617218, -0.3627443015575409, -0.9685081839561462, -8.10474157333374e-05, -0.6486896276473999, 0.723517894744873, 0.7384057641029358, 2.06992769241333, 0.3737754225730896, 0.4780427813529968, 1.3436224460601807, 2.148486375808716, -3.668834686279297, 1.7696495056152344, -0.1582024246454239, 0.4274134933948517, 0.47102832794189453, 1.6749801635742188, -0.8997988104820251, 0.4154960811138153, 0.6583539843559265, 1.5679866075515747, 0.5935116410255432, -0.5082626938819885, -1.6442956924438477, -0.05014664679765701, 0.3060312867164612, -1.131736397743225, -0.9970844984054565, 1.5241835117340088, -0.5321459174156189, -0.83512282371521, 0.6763203144073486, 0.43658447265625, 0.6455980539321899, 0.00594082847237587, 0.3129609525203705, -1.2557710409164429, 0.4759764075279236, -1.4423835277557373, -0.042443085461854935, 0.3132224678993225, -0.015193317085504532, -0.707638144493103, -1.3325108289718628, 0.3994476795196533, -0.085922010242939, -0.732174277305603, 0.5091121196746826, -1.5283405780792236, 1.2893773317337036, 0.7229380011558533, 0.9011898040771484, -0.3742671310901642, -1.150126576423645, -0.5753697752952576, -0.06991961598396301, -1.1800224781036377, -0.40237265825271606, 0.37474721670150757, -1.2125990390777588, -0.9890619516372681, -0.3684408366680145, -1.922234296798706, -1.524641752243042, -2.986506938934326, 2.438953399658203, -1.0560365915298462, 0.19076944887638092, -0.044603750109672546, 0.8026896715164185, 0.5460363030433655, 0.25428420305252075, -0.20417307317256927, -1.3246004581451416, -0.5316163301467896, 0.9824662208557129, 2.129525661468506, 0.9615612626075745, -0.24090221524238586, 1.775139331817627, -0.5603967308998108, 0.8905277252197266, -0.9209519028663635, -0.6397445201873779, -0.06563553214073181, -1.684752345085144, 1.6459457874298096, -0.5006812810897827, 0.642674446105957, 0.3376118540763855, -0.26383116841316223, 1.4573065042495728, 1.3551560640335083, 0.1897718608379364, -1.2712067365646362, -2.0703823566436768, 1.5062756538391113, -0.2168438583612442, -0.790710985660553, 1.4109443426132202, -0.17085294425487518, -1.3266998529434204, -1.575411319732666, 0.6042555570602417, -0.5161107182502747, 0.5790117979049683, 0.1956864595413208, 0.23177176713943481, 0.8566519618034363, -0.05592425540089607, -0.48889482021331787, -0.2466355711221695]",yunet,Facenet,1920,1080,/home/amos/media/tv/modern_family/Modern.Family.S09.1080p.DSNP.WEB-DL.DDP5.1.H.264-CRFW/Modern.Family.S09E17.Royal.Visit.1080p.DSNP.WEB-DL.DDP5.1.H.264-CRFW.mkv,Modern Family,2009,1442437,9,17,Jesse Tyler Ferguson,204815.0,0.63
979,888,126,1068,360,1002,216,918,216,0.917,24360,0,"[-1.3813918828964233, -1.6973390579223633, -1.265885829925537, -1.0858547687530518, 0.6317126154899597, 0.23056024312973022, 0.042988721281290054, 0.06979328393936157, 1.0974787473678589, -0.8738476037979126, 0.9863013625144958, -2.161475419998169, -0.768001139163971, -0.9186344146728516, -0.274922639131546, -0.19609548151493073, -0.4464091360569, -0.7302817702293396, 0.29161596298217773, -0.7170059680938721, 0.9398863315582275, 0.46420708298683167, 2.173121929168701, -0.006982952356338501, 0.16022564470767975, 1.1644487380981445, 1.2710587978363037, -3.438910484313965, 1.845956563949585, -0.1146232932806015, 0.0827605351805687, 0.2025449424982071, 1.657081127166748, -0.5111234188079834, 0.5632848143577576, 1.1082987785339355, 1.3850091695785522, 0.8950487971305847, -0.676842987537384, -1.672526240348816, 0.18881721794605255, 0.4781666696071625, -1.6794779300689697, -0.7481590509414673, 1.0407390594482422, -0.5564600229263306, -1.1165118217468262, 1.1755985021591187, 0.28916704654693604, 0.29354268312454224, 0.41088587045669556, 0.29065191745758057, -1.4914331436157227, 0.7288439273834229, -1.3982019424438477, 0.21096107363700867, 0.39015993475914, -0.2902359664440155, -1.5756703615188599, -1.0298141241073608, 0.408012330532074, -0.11290834844112396, -1.3168535232543945, 0.35365208983421326, -1.391502857208252, 1.553502082824707, 0.9615957140922546, 0.9124674201011658, -0.3279872238636017, -0.6922467947006226, -0.25246331095695496, 0.02800329029560089, -1.3340091705322266, -0.9394248723983765, 1.0183823108673096, -0.8484942317008972, -1.2363508939743042, -0.2127339094877243, -2.2938785552978516, -1.1903159618377686, -3.0888946056365967, 2.157947540283203, -0.9816410541534424, -0.3380941152572632, -0.055665306746959686, 0.6767557859420776, 0.13050290942192078, 0.4986635446548462, 0.29192209243774414, -1.1521492004394531, -0.1771916151046753, 0.9238294959068298, 2.1604700088500977, 1.269334316253662, -0.16684186458587646, 1.72413170337677, -0.25290852785110474, 0.8296014070510864, -0.9927113056182861, -0.655333399772644, 0.7233645915985107, -1.7730718851089478, 1.1564286947250366, -0.3292568624019623, 1.0313694477081299, 0.5856788754463196, 0.2422896921634674, 0.792449951171875, 1.6047048568725586, 0.3467349112033844, -1.5637794733047485, -1.7782593965530396, 0.965506911277771, -0.6531572937965393, -0.7644882798194885, 0.904882550239563, -0.3031581938266754, -1.5320922136306763, -1.5993247032165527, 0.05222858861088753, -0.5035440325737, 0.6982563734054565, 0.18953615427017212, 0.01699090003967285, 1.2446033954620361, -0.25372618436813354, -0.9112879037857056, 0.28565239906311035]",yunet,Facenet,1920,1080,/home/amos/media/tv/modern_family/Modern.Family.S09.1080p.DSNP.WEB-DL.DDP5.1.H.264-CRFW/Modern.Family.S09E17.Royal.Visit.1080p.DSNP.WEB-DL.DDP5.1.H.264-CRFW.mkv,Modern Family,2009,1442437,9,17,Jesse Tyler Ferguson,204815.0,0.62
980,780,192,1122,660,1044,354,882,360,0.925,24384,0,"[1.0004901885986328, -0.24726328253746033, -0.8835256695747375, 0.7140225172042847, 3.3459651470184326, -0.9047448635101318, 0.9198391437530518, 0.162009134888649, 0.7758055925369263, 1.328450322151184, -1.1650340557098389, -0.35511451959609985, -0.4142845869064331, 0.9094507694244385, 1.214852213859558, 0.5507248640060425, -0.6736738681793213, -1.8752925395965576, -0.48083943128585815, -1.2267553806304932, -0.7663333415985107, 0.8868154287338257, -0.038100674748420715, 2.4910285472869873, 2.1885411739349365, 1.0345758199691772, 1.5891014337539673, 0.22498197853565216, 1.2858705520629883, -0.8904590010643005, 0.7675387859344482, 0.9155699610710144, -1.7332491874694824, 1.4518698453903198, -1.4456413984298706, -0.41461777687072754, 0.7634766101837158, -1.82404625415802, -0.5804914236068726, -1.0327832698822021, -0.4188152551651001, 0.062120094895362854, -0.16227084398269653, -0.1003461554646492, -0.9648091793060303, 0.5594655275344849, -1.2774333953857422, -0.7319507598876953, -0.25397825241088867, 1.7451746463775635, -0.39479172229766846, -0.46408721804618835, -1.1625938415527344, 1.1235381364822388, -0.22281326353549957, -1.3924812078475952, 0.03748296946287155, -2.148277521133423, 0.5515626668930054, 0.07945039123296738, -2.076368808746338, -0.5696727633476257, 1.1381621360778809, -0.0793413370847702, -1.149964451789856, 0.3181367516517639, -1.7606024742126465, 0.5386196970939636, -0.36895257234573364, -0.43692290782928467, -0.6260331869125366, -0.1627434939146042, 0.9561672210693359, 0.9345309138298035, -0.3638381361961365, 0.02952052839100361, 0.5405036211013794, 0.7568493485450745, -0.04082108661532402, 0.7730684280395508, -2.7491326332092285, 1.8147413730621338, -0.7594514489173889, -0.9350743889808655, -0.3326701521873474, -0.3104756772518158, 0.3381967842578888, 0.022128649055957794, 1.6405686140060425, 1.4230417013168335, 1.1718500852584839, 0.12917813658714294, -0.24918869137763977, -1.1664682626724243, 1.843780755996704, -0.2641514241695404, -0.2735270857810974, 0.7519639134407043, 0.27319684624671936, -0.2214457392692566, -0.35418611764907837, -0.021641641855239868, -0.3778200149536133, -1.4475587606430054, 0.8628098964691162, -0.19403529167175293, -0.3287270963191986, 0.4983275234699249, -0.09609518945217133, -0.917445719242096, 0.26778119802474976, -0.8080306649208069, 1.075852394104004, -1.6275994777679443, 2.5412673950195312, 0.8799020051956177, 0.7024997472763062, 0.23800095915794373, 0.5708944201469421, 0.04649939760565758, 0.5354864001274109, -0.43108049035072327, 0.54770827293396, 0.13830584287643433, -0.034778788685798645, -0.687247097492218, 0.5356926918029785, 0.18963812291622162]",yunet,Facenet,1920,1080,/home/amos/media/tv/modern_family/Modern.Family.S09.1080p.DSNP.WEB-DL.DDP5.1.H.264-CRFW/Modern.Family.S09E17.Royal.Visit.1080p.DSNP.WEB-DL.DDP5.1.H.264-CRFW.mkv,Modern Family,2009,1442437,9,17,Eric Stonestreet,156962.0,0.725
981,786,192,1128,666,1044,378,894,378,0.935,24408,0,"[0.7408210039138794, -0.3615376353263855, -0.7153534293174744, 0.5906134843826294, 2.3959596157073975, -0.3182711601257324, 0.7072545289993286, -0.038074005395174026, 0.7718466520309448, 1.1540967226028442, -0.8323613405227661, -0.5291993021965027, 0.25452864170074463, 0.8814417123794556, 0.578238844871521, 0.6842039823532104, -1.081669569015503, -2.127786159515381, -0.6409456729888916, -1.4014124870300293, -0.9144455194473267, 1.0192216634750366, 0.2843169867992401, 1.8444175720214844, 1.9377434253692627, 0.9959998726844788, 1.8004405498504639, 0.9387926459312439, 0.5544193387031555, -0.9601758122444153, 0.29770833253860474, 0.9220431447029114, -1.9962375164031982, 1.443293571472168, -1.4128878116607666, -0.6855271458625793, 1.0584207773208618, -2.5110085010528564, 0.05848435312509537, -0.8128342628479004, 0.10111241787672043, -0.5839483737945557, 0.2650563418865204, 0.04212205111980438, -0.5917190313339233, 0.4485273063182831, -0.5684040188789368, -1.6375435590744019, 0.004473894834518433, 1.2894110679626465, -1.1919611692428589, -0.42379167675971985, -1.6248455047607422, 0.9793214797973633, -0.6243342161178589, -1.3786274194717407, 0.24959634244441986, -1.2957592010498047, -0.020242493599653244, -0.34173280000686646, -1.5236845016479492, -0.7567664980888367, 1.5587215423583984, 0.06121446192264557, -1.371282696723938, 0.533104419708252, -1.5610078573226929, 0.45162642002105713, -0.7146902680397034, -0.94236159324646, -0.4794512689113617, 0.32187995314598083, 1.5328922271728516, 0.6665980219841003, 0.13685742020606995, 0.1728784441947937, 0.6425873041152954, 1.366046667098999, 0.8163248300552368, 1.0618797540664673, -2.4889962673187256, 1.574637532234192, -0.071318119764328, -0.85295170545578, -0.7439795732498169, -0.5738973617553711, -0.28761574625968933, 0.07295778393745422, 1.515061378479004, 1.0110615491867065, 1.538246512413025, -0.9691669344902039, -0.4275642931461334, -1.1903821229934692, 2.3102240562438965, 0.23281313478946686, -1.0216867923736572, 1.2262297868728638, -0.32382437586784363, -0.8516883850097656, 0.1412011981010437, 0.2792260944843292, -0.2560865581035614, -1.1204992532730103, 0.5144647359848022, 0.2463454157114029, -0.21320827305316925, 0.3197822570800781, -0.7270497679710388, -0.9957900643348694, 0.6302818655967712, -0.15841597318649292, 1.6209826469421387, -1.4548509120941162, 2.478452205657959, 1.045762538909912, 0.6960388422012329, 0.11199819296598434, 0.2354007363319397, 0.04610094055533409, 0.1609472930431366, -0.4305242896080017, 1.4299862384796143, 0.51701420545578, 0.0008982643485069275, -1.107679843902588, 1.0383540391921997, 0.47304072976112366]",yunet,Facenet,1920,1080,/home/amos/media/tv/modern_family/Modern.Family.S09.1080p.DSNP.WEB-DL.DDP5.1.H.264-CRFW/Modern.Family.S09E17.Royal.Visit.1080p.DSNP.WEB-DL.DDP5.1.H.264-CRFW.mkv,Modern Family,2009,1442437,9,17,Eric Stonestreet,156962.0,0.764
982,798,156,1152,660,1086,330,924,336,0.924,24432,0,"[1.1024473905563354, 0.3360818326473236, -2.041901111602783, 0.324174702167511, 2.17840313911438, -0.6166630983352661, 1.0341980457305908, 0.07250770926475525, 0.020012356340885162, 0.9455604553222656, -1.5480488538742065, -0.18377497792243958, 0.27795088291168213, 1.417311191558838, 0.9308469295501709, 0.493935227394104, -0.9675130844116211, -2.950122356414795, -0.12655948102474213, -1.012821078300476, -1.6357884407043457, 1.238358736038208, 0.22040289640426636, 2.353271007537842, 1.057416558265686, 1.6686515808105469, 0.7986832857131958, -0.036588169634342194, 0.8999865055084229, -0.638622522354126, 0.5237694978713989, 0.38889873027801514, -1.484278678894043, 1.5477173328399658, -1.2819300889968872, 0.208734393119812, 1.0649546384811401, -1.7700939178466797, 1.177607536315918, -1.047524094581604, 0.11526414752006531, 1.097232699394226, -0.8156206607818604, -1.005753993988037, -0.48276811838150024, 0.5683170557022095, -0.785237729549408, -0.3475123345851898, -0.4232786297798157, 1.8472553491592407, -0.49419254064559937, -0.3934827148914337, -1.9340671300888062, 0.627842128276825, -1.0481723546981812, -1.0654772520065308, 0.42490366101264954, -1.3239799737930298, 0.2947954535484314, -0.05891786515712738, -1.7797865867614746, -1.295754313468933, 1.0356346368789673, -0.18178501725196838, -1.1326689720153809, 0.14675991237163544, -1.6175521612167358, 0.5343768000602722, 0.3717455565929413, -0.7405661344528198, 0.1387569159269333, 0.8476642370223999, 0.7036756873130798, 1.1784847974777222, 0.3073871433734894, -0.1200631856918335, 0.1514902114868164, 0.8369291424751282, 0.806111752986908, 0.2620871663093567, -2.735945701599121, 1.6730774641036987, -0.2600722014904022, -1.0949381589889526, -0.7113528251647949, 0.08009177446365356, 0.6952015161514282, 0.8137463331222534, 0.8635252714157104, 1.5438055992126465, 1.435835838317871, 0.05697602778673172, 0.4686683714389801, -0.6163871884346008, 1.6289080381393433, 0.480887770652771, -0.006768016144633293, 1.379623532295227, -0.7129069566726685, -0.04328705742955208, -0.5574453473091125, -0.04955048859119415, -0.43171507120132446, -1.0348291397094727, 0.25080129504203796, -0.8369284272193909, 0.04124295338988304, 0.46946659684181213, -0.7438058257102966, -0.6528645753860474, 0.33072376251220703, -0.4874151945114136, 1.2711378335952759, -1.206057071685791, 2.532517910003662, 0.977455735206604, 0.7608672380447388, 0.3241327404975891, 1.0536860227584839, 0.10831651091575623, -0.061806485056877136, 0.010479534976184368, 0.9159901738166809, -0.08594086766242981, -0.4670959711074829, -1.2286412715911865, 0.1047947108745575, -0.22342424094676971]",yunet,Facenet,1920,1080,/home/amos/media/tv/modern_family/Modern.Family.S09.1080p.DSNP.WEB-DL.DDP5.1.H.264-CRFW/Modern.Family.S09E17.Royal.Visit.1080p.DSNP.WEB-DL.DDP5.1.H.264-CRFW.mkv,Modern Family,2009,1442437,9,17,Eric Stonestreet,156962.0,0.716
983,798,180,1152,672,1086,360,930,354,0.924,24456,0,"[1.2752783298492432, 0.30157777667045593, -1.2152293920516968, 0.21767857670783997, 1.783739686012268, -0.5287647843360901, 1.4233756065368652, 0.04282999411225319, 0.33528226613998413, 0.4510354995727539, -1.0051301717758179, -0.7854855060577393, -0.20511460304260254, 1.0265904664993286, 0.7676454782485962, 0.5298609733581543, -0.8945673704147339, -2.461198329925537, -0.4335659146308899, -0.7695052623748779, -1.2207441329956055, 1.4047783613204956, -0.022273056209087372, 2.0559723377227783, 1.745597004890442, 1.552796483039856, 1.0384615659713745, -0.10429799556732178, 1.2503377199172974, -1.12080717086792, 0.02411416545510292, 1.1096677780151367, -1.9913798570632935, 1.9657742977142334, -1.1976691484451294, 0.13025881350040436, 0.826500654220581, -1.9839305877685547, 0.40848231315612793, -0.982627272605896, 0.2893469035625458, 0.46115443110466003, -0.7789819240570068, -0.36986953020095825, -0.5801663398742676, 0.9082316160202026, -1.3330481052398682, -0.5144944190979004, -0.32685133814811707, 1.6862177848815918, -0.0746874213218689, -0.5277246832847595, -1.4177109003067017, 0.9248901605606079, -0.6321915984153748, -1.5115165710449219, -0.3067764341831207, -1.6146410703659058, -0.55643630027771, -0.334101140499115, -1.8558506965637207, -0.9333966374397278, 0.4935612678527832, -0.015530038625001907, -1.124962568283081, 0.7223758697509766, -1.401816725730896, 0.1404930204153061, 0.5510570406913757, -1.0260217189788818, 0.11301671713590622, 0.3891209661960602, 0.9597813487052917, 0.5308167338371277, 0.25362446904182434, 0.00493013858795166, -0.008686251938343048, 1.0708813667297363, 0.8789264559745789, 0.986150860786438, -2.4864256381988525, 2.0352959632873535, -0.40532487630844116, -1.684914469718933, -0.16950270533561707, -0.18452782928943634, 0.1635885238647461, 0.47846072912216187, 1.4891974925994873, 1.4611510038375854, 1.4531123638153076, 0.21781505644321442, 0.13999015092849731, -0.3109550178050995, 2.054938793182373, 0.46218249201774597, 0.18903914093971252, 1.3609143495559692, -0.40338706970214844, -0.13533009588718414, 0.10371728241443634, -0.018987145274877548, -0.5836647152900696, -0.540442705154419, -0.17944017052650452, -0.09877146035432816, 0.49691611528396606, 0.6057171821594238, -1.0734922885894775, -1.029400110244751, 0.11707277595996857, -0.28731656074523926, 1.5302741527557373, -2.0782227516174316, 2.192490577697754, 1.2293682098388672, 0.7102580070495605, 0.18370604515075684, 0.7201645970344543, -0.3166273832321167, 0.13148052990436554, 0.062401048839092255, 1.1687781810760498, -0.3871825933456421, -0.47416430711746216, -0.7008029222488403, -0.012221379205584526, 0.3020966649055481]",yunet,Facenet,1920,1080,/home/amos/media/tv/modern_family/Modern.Family.S09.1080p.DSNP.WEB-DL.DDP5.1.H.264-CRFW/Modern.Family.S09E17.Royal.Visit.1080p.DSNP.WEB-DL.DDP5.1.H.264-CRFW.mkv,Modern Family,2009,1442437,9,17,Eric Stonestreet,156962.0,0.69
984,816,192,1164,684,1104,366,948,366,0.926,24480,0,"[1.0200088024139404, 0.04551135003566742, -1.3355265855789185, 0.2995111346244812, 2.1769795417785645, -0.6164208650588989, 1.4830089807510376, -0.11424686014652252, 0.14059993624687195, 0.7148785591125488, -1.0326027870178223, -0.28245362639427185, 0.3791203498840332, 1.273715853691101, 0.7182834148406982, 0.7214170694351196, -0.6582825183868408, -2.0354692935943604, -0.07914753258228302, -0.7688349485397339, -1.6909732818603516, 1.404610276222229, -0.4360470473766327, 2.043588161468506, 1.519500494003296, 1.9623627662658691, 1.1832561492919922, 0.0892605185508728, 0.8277072906494141, -0.8182911276817322, 0.6439254283905029, 1.1741573810577393, -1.388336420059204, 1.1127939224243164, -1.1012612581253052, -0.14548259973526, 1.5234849452972412, -1.9747238159179688, 0.7053037285804749, -0.9203505516052246, 0.2531518042087555, 0.6845252513885498, -0.4822661578655243, -0.532813310623169, -0.7529323697090149, 0.041476812213659286, -1.1855254173278809, -0.9037151336669922, -0.0632680356502533, 2.0435895919799805, 0.20336827635765076, -0.6116102337837219, -1.507750391960144, 0.5205743312835693, -0.6830180883407593, -1.131532073020935, 0.372840017080307, -1.6276476383209229, -0.027332179248332977, -0.16876158118247986, -1.6614720821380615, -1.121976375579834, 1.214440107345581, -0.0695900022983551, -1.1925088167190552, 0.43319135904312134, -1.081230878829956, 0.2849574387073517, 0.42227327823638916, -0.3900195062160492, 0.1664661318063736, 0.3800729215145111, 1.0762834548950195, 0.7390992045402527, 0.48840802907943726, -0.3520374596118927, 0.16907989978790283, 0.8037136793136597, 0.5685530304908752, 0.7174504995346069, -2.5732791423797607, 1.9736175537109375, -0.4011392593383789, -1.1109788417816162, -0.47926029562950134, 0.4246431291103363, 0.2874237596988678, 0.5924836993217468, 1.4734652042388916, 1.8024439811706543, 1.0310379266738892, -0.1017705500125885, -0.17955303192138672, -0.7363344430923462, 1.480657696723938, 0.4198334515094757, 0.07993091642856598, 0.8869847059249878, -0.37562295794487, -0.33397597074508667, -0.25029629468917847, 0.43748489022254944, -0.1677740216255188, -1.7070701122283936, 0.22908955812454224, -0.5138801336288452, 0.045857831835746765, 0.6299724578857422, -0.41299697756767273, -0.7206799387931824, -0.0017086043953895569, 0.1569610834121704, 1.4808932542800903, -1.4919798374176025, 2.4794955253601074, 0.7519255876541138, 0.8348605632781982, 0.12933777272701263, 0.6931094527244568, -0.2625229060649872, 0.10575926303863525, -0.43310725688934326, 1.4882580041885376, -0.10822030156850815, -0.26118797063827515, -0.8839365243911743, 0.11825365573167801, -0.024181243032217026]",yunet,Facenet,1920,1080,/home/amos/media/tv/modern_family/Modern.Family.S09.1080p.DSNP.WEB-DL.DDP5.1.H.264-CRFW/Modern.Family.S09E17.Royal.Visit.1080p.DSNP.WEB-DL.DDP5.1.H.264-CRFW.mkv,Modern Family,2009,1442437,9,17,Eric Stonestreet,156962.0,0.746
985,810,180,1164,684,1128,360,984,360,0.935,24504,0,"[0.6634794473648071, -0.5113843679428101, -1.6785424947738647, -0.15298396348953247, 2.126436948776245, -0.4601871371269226, 1.594988226890564, -0.36549749970436096, 0.002545315772294998, 1.0315459966659546, -0.7007154226303101, 0.04803697019815445, -0.029337439686059952, 1.1708439588546753, 0.4081389009952545, 0.8337322473526001, -1.2142257690429688, -2.0045762062072754, -0.0450676828622818, -0.9609445333480835, -1.1293553113937378, 0.9592331647872925, -0.7076847553253174, 1.4750522375106812, 1.2297214269638062, 1.8217421770095825, 1.1903504133224487, -0.8558507561683655, 0.06463868916034698, -1.5138686895370483, 1.0785623788833618, 1.6303452253341675, -0.6096169948577881, 1.2427899837493896, -1.343583583831787, 0.18061606585979462, 1.5609769821166992, -2.382131338119507, 0.8446585536003113, -2.144219160079956, 0.47256776690483093, 1.2502820491790771, -0.8542002439498901, -0.8823032975196838, -0.8300448060035706, -0.39260390400886536, -1.408983588218689, -0.15257613360881805, -0.4211077094078064, 2.395916223526001, 0.06726481020450592, -0.9136030673980713, -1.6952210664749146, 0.5111784338951111, -0.0815344899892807, -1.1403063535690308, 0.330336332321167, -1.5357710123062134, -0.0026399120688438416, -0.8154643774032593, -1.6288962364196777, -1.1701741218566895, 1.1355079412460327, 0.2777647078037262, -0.7943782806396484, 0.2675415575504303, -1.2002100944519043, 0.168954536318779, 0.4241366386413574, -0.05651761591434479, 0.22404691576957703, -0.0044482797384262085, -0.12625353038311005, 0.7410954833030701, 0.6966558694839478, -0.9918245673179626, -0.3166067600250244, 0.5106115937232971, 0.4882352948188782, 0.6025910377502441, -2.564528226852417, 1.3340431451797485, -0.647891104221344, -0.936787486076355, -0.07554169744253159, 0.703370213508606, 0.00038800016045570374, 1.317640781402588, 1.5581905841827393, 1.5156322717666626, 0.5058645009994507, -0.3891303241252899, 0.33741825819015503, -0.04454070329666138, 1.7683733701705933, 0.4880779981613159, 0.0830075591802597, 0.7738110423088074, -0.24139374494552612, -0.02132551185786724, -0.5300539135932922, 0.07760978490114212, -0.40338289737701416, -2.100821018218994, 0.16478273272514343, -0.6477758288383484, 0.12276123464107513, 0.7988648414611816, -0.6368892788887024, -0.3085595369338989, -0.21711677312850952, 0.27921104431152344, 1.433655023574829, -1.323939561843872, 2.0370430946350098, 1.1337330341339111, 0.8018100261688232, -0.14920735359191895, -0.014411911368370056, -0.1879703551530838, -0.37808382511138916, -0.48486271500587463, 1.9305940866470337, 0.2895386517047882, 0.12251369655132294, -1.2244551181793213, 0.07225044816732407, 0.2998128831386566]",yunet,Facenet,1920,1080,/home/amos/media/tv/modern_family/Modern.Family.S09.1080p.DSNP.WEB-DL.DDP5.1.H.264-CRFW/Modern.Family.S09E17.Royal.Visit.1080p.DSNP.WEB-DL.DDP5.1.H.264-CRFW.mkv,Modern Family,2009,1442437,9,17,Eric Stonestreet,156962.0,0.646
986,810,198,1164,696,1116,384,966,384,0.936,24528,0,"[0.6226340532302856, -0.5670041441917419, -1.2719545364379883, 0.4207032024860382, 2.2397990226745605, -0.34156662225723267, 1.385833501815796, -0.32435962557792664, 0.2477923035621643, 1.1783068180084229, -0.981184720993042, -0.5002985000610352, -0.09742970764636993, 1.0395811796188354, 0.59808349609375, 0.6060368418693542, -2.251429319381714, -2.4451711177825928, -0.8350074887275696, -1.0064003467559814, -1.3227242231369019, 0.7220079898834229, -0.6911198496818542, 1.8923089504241943, 0.9941453337669373, 1.6564700603485107, 1.3762900829315186, -0.21597033739089966, 0.48769938945770264, -0.4657052159309387, 1.0947626829147339, 1.198451042175293, -1.964009404182434, 1.3019778728485107, -2.4168920516967773, -0.5284683108329773, 1.1130118370056152, -2.225386142730713, 0.7485173940658569, -1.487252950668335, 0.9070290923118591, 0.34410110116004944, -0.25265783071517944, -0.4706687033176422, -0.5078009963035583, -0.3285543620586395, -0.5053080320358276, -0.5664457082748413, -0.5508583784103394, 1.2251530885696411, -0.3525487780570984, -0.6804463863372803, -1.7770158052444458, 0.9065999388694763, -0.9631248712539673, -1.6883217096328735, 0.8120033144950867, -1.3667854070663452, 0.7906209230422974, -0.22769737243652344, -1.6212235689163208, -1.117607593536377, 1.212144136428833, 0.1482873558998108, -1.09471595287323, 0.30067330598831177, -1.2600237131118774, 0.18301838636398315, -0.9118728637695312, -0.6250457763671875, -0.6743650436401367, 0.046451717615127563, 1.0546882152557373, 0.9339715838432312, 0.16764651238918304, 0.11308866739273071, -0.23879383504390717, 1.6935021877288818, 0.3041338324546814, 0.8483065366744995, -2.9007270336151123, 1.2087209224700928, -0.8569762706756592, -0.9254778027534485, -1.2695294618606567, -0.20388881862163544, -0.14236950874328613, 1.106610655784607, 1.4830834865570068, 1.100464940071106, 1.6732488870620728, -1.1635624170303345, 0.0850595086812973, -0.9810286164283752, 2.0248355865478516, 0.27922195196151733, -0.29812151193618774, 0.5949679613113403, 0.2447209358215332, -0.6939165592193604, -0.6425527334213257, -0.5031471848487854, -0.5958982110023499, -1.4678339958190918, 0.712886393070221, -0.3978685140609741, -0.24002070724964142, 0.7184035778045654, -0.22835683822631836, 0.15758338570594788, 0.5096821188926697, -0.6637146472930908, 1.5081106424331665, -1.4967114925384521, 2.2395598888397217, 1.1133486032485962, 0.2016129195690155, -0.2749079465866089, -0.42913201451301575, 0.07518692314624786, -0.26599013805389404, -0.4029698371887207, 1.1830329895019531, 0.585016667842865, -0.21593870222568512, -1.350070595741272, 0.3827400803565979, -0.24501949548721313]",yunet,Facenet,1920,1080,/home/amos/media/tv/modern_family/Modern.Family.S09.1080p.DSNP.WEB-DL.DDP5.1.H.264-CRFW/Modern.Family.S09E17.Royal.Visit.1080p.DSNP.WEB-DL.DDP5.1.H.264-CRFW.mkv,Modern Family,2009,1442437,9,17,Eric Stonestreet,156962.0,0.714
987,798,180,1152,684,1086,354,924,354,0.927,24552,0,"[1.1128931045532227, -0.4734817445278168, -1.399501085281372, 0.9392688274383545, 2.8779258728027344, -0.3231551945209503, 1.3713103532791138, 0.7313222289085388, 0.35387077927589417, 0.7155550122261047, -1.2870761156082153, -0.34040963649749756, -0.8008283376693726, 1.5144538879394531, 0.9460604190826416, 0.7056169509887695, -1.6113349199295044, -2.0635645389556885, -0.005747668445110321, -0.7678390741348267, -2.3353219032287598, 1.301800012588501, -0.029089804738759995, 1.8647514581680298, 1.1977102756500244, 1.0518341064453125, 0.5848042964935303, -0.6991797089576721, 0.8345352411270142, -0.013702532276511192, 1.1015969514846802, 0.11374793201684952, -2.5608456134796143, 1.7455707788467407, -2.030478000640869, 0.2551514506340027, 1.0341191291809082, -1.1074084043502808, 0.5839809775352478, -0.9271692037582397, 0.7440842390060425, 0.6937953233718872, -0.24426501989364624, -0.3912235498428345, -0.028514953330159187, 0.5079876780509949, -0.8009229302406311, -0.500838041305542, -0.2343302220106125, 1.840657353401184, -0.8124563694000244, -0.11126318573951721, -0.9905843734741211, 1.124416470527649, -1.6091833114624023, -1.9623939990997314, 0.007971066981554031, -1.0656884908676147, 0.2606316804885864, 0.543670654296875, -1.6441715955734253, -0.6250014901161194, 0.5413395166397095, -0.025211777538061142, -0.5727629661560059, 0.2960946261882782, -1.1350646018981934, 0.7468834519386292, -0.5307024717330933, -0.1539241075515747, 0.17835918068885803, 0.6218546628952026, 0.3520055115222931, 1.5008999109268188, -0.21692325174808502, 0.12702676653862, -0.22111722826957703, 1.472463846206665, 0.1865980327129364, 1.3867536783218384, -2.8260257244110107, 1.3996375799179077, -0.14660409092903137, -1.4743695259094238, -1.2841269969940186, -0.8145321607589722, 0.4335494935512543, 0.9467703104019165, 0.7220780849456787, 0.8980187177658081, 1.4808896780014038, -0.2656193971633911, -0.5208865404129028, -0.9055584669113159, 1.2705323696136475, -0.4657351076602936, -0.4994172751903534, 1.2180694341659546, 0.3886549472808838, 0.5490959286689758, -0.6411124467849731, -0.3513016700744629, -1.1899322271347046, -1.0230979919433594, 0.5108172297477722, 0.11059269309043884, 0.14031577110290527, -0.06156244874000549, -0.9729217886924744, -0.7031378746032715, 0.3274605870246887, -0.2584797739982605, 1.747239351272583, -2.263699531555176, 2.530742883682251, 0.7039434909820557, 0.4093835651874542, 0.004146359860897064, 0.2773246765136719, 0.0642571747303009, 0.18199819326400757, -0.36025485396385193, 0.6440296173095703, 0.25016847252845764, -0.5122336149215698, -1.4765747785568237, -0.24470674991607666, 0.1606401950120926]",yunet,Facenet,1920,1080,/home/amos/media/tv/modern_family/Modern.Family.S09.1080p.DSNP.WEB-DL.DDP5.1.H.264-CRFW/Modern.Family.S09E17.Royal.Visit.1080p.DSNP.WEB-DL.DDP5.1.H.264-CRFW.mkv,Modern Family,2009,1442437,9,17,Eric Stonestreet,156962.0,0.648
988,756,144,1074,576,1008,288,852,294,0.928,24576,0,"[1.1015790700912476, 0.1919178068637848, -1.8682987689971924, 0.45804575085639954, 2.940218210220337, 0.026365363970398903, 0.9311515688896179, 0.1561441272497177, 1.0935115814208984, 0.40162375569343567, -1.742467999458313, -0.6461071372032166, -0.6955947279930115, 1.2819753885269165, 1.354904294013977, -0.44111788272857666, -0.40800753235816956, -1.7791928052902222, -0.10279287397861481, -0.8488014936447144, -1.9202300310134888, 1.3837672472000122, -0.7379512786865234, 2.4232583045959473, 1.0823249816894531, 0.5623088479042053, 0.6307660341262817, -1.5899232625961304, 0.36314964294433594, -0.2572798430919647, 1.6958128213882446, -0.9756061434745789, -2.8801560401916504, 1.2622497081756592, -0.7176442742347717, 0.9378849267959595, 0.5556325912475586, -1.1311966180801392, 0.11776440590620041, -0.4319821298122406, -0.0184736680239439, 0.2395949363708496, 0.6163167953491211, -0.3852177858352661, 1.221610188484192, 1.0917402505874634, -0.028321702033281326, 0.5521291494369507, -0.9771023392677307, 1.867144227027893, -1.921922206878662, 0.3053930401802063, -1.0414279699325562, 1.638533353805542, -2.0579774379730225, -2.429880142211914, -0.5100098252296448, -1.2946075201034546, -0.33321985602378845, -0.35273993015289307, -0.8210812211036682, 0.6207680106163025, 0.5381553173065186, 0.2591201663017273, -1.1922334432601929, 0.9791808724403381, -1.6477422714233398, -0.340172678232193, -0.1459515392780304, -1.2651615142822266, 1.3647695779800415, -0.8390412330627441, 0.8051797151565552, 0.22103528678417206, -0.3265781104564667, -0.4896869957447052, 0.4118365943431854, 0.535121500492096, 0.8531243205070496, 0.930907130241394, -2.0315358638763428, 1.3004125356674194, -0.15495792031288147, -0.783166766166687, -0.4656883180141449, 0.32714080810546875, 0.9550665020942688, 0.9332950115203857, 2.1327714920043945, 0.6123080253601074, 0.7475818395614624, 0.7201591730117798, 0.298677533864975, -0.13792204856872559, 1.5771799087524414, 1.357286810874939, -0.3312922716140747, 0.9334319233894348, -0.24831275641918182, 1.9884974956512451, 0.2429933100938797, 1.119929552078247, 0.21439367532730103, -0.9954103231430054, 0.22945767641067505, -0.28326183557510376, -0.1301373690366745, 1.331734299659729, -0.11380767822265625, -1.8866550922393799, -0.258426308631897, -1.267538070678711, 1.4507216215133667, -1.6279804706573486, 0.5886567234992981, 0.6782757043838501, -0.5468908548355103, 1.564179539680481, 0.069261834025383, -0.3983781933784485, -0.9529176950454712, 0.5798228979110718, 0.6255414485931396, -0.8739011883735657, -0.3147290349006653, -0.3987927734851837, 0.5852547883987427, -1.4350534677505493]",yunet,Facenet,1920,1080,/home/amos/media/tv/modern_family/Modern.Family.S09.1080p.DSNP.WEB-DL.DDP5.1.H.264-CRFW/Modern.Family.S09E17.Royal.Visit.1080p.DSNP.WEB-DL.DDP5.1.H.264-CRFW.mkv,Modern Family,2009,1442437,9,17,Eric Stonestreet,156962.0,0.517
989,732,156,1086,642,1014,342,846,342,0.929,24600,0,"[1.115653395652771, -0.2552422285079956, -1.5546294450759888, 1.3191219568252563, 3.218482494354248, -0.5861778855323792, 1.6237260103225708, 0.8631569743156433, 0.7484044432640076, 0.38653337955474854, -1.274477481842041, -0.8980318903923035, 0.293293297290802, 1.272104024887085, 0.9743434190750122, 0.7830584049224854, -0.824373722076416, -2.0701255798339844, -0.4486130475997925, -0.2534514367580414, -1.4151089191436768, 2.070861577987671, -1.0428199768066406, 2.2813174724578857, 1.6030542850494385, 1.3800894021987915, 0.9527662992477417, -0.35403066873550415, 1.271216869354248, -1.3427057266235352, 1.0829590559005737, 0.729698121547699, -1.6058604717254639, 0.9904632568359375, -1.454044222831726, 0.11252416670322418, 0.5923134088516235, -2.0012807846069336, -0.24095281958580017, -1.0915095806121826, 0.29667356610298157, 0.8252192139625549, 0.17141969501972198, -0.4312842786312103, -0.30376243591308594, 0.6883180141448975, -1.1613845825195312, -0.624763011932373, -0.650652289390564, 1.7557580471038818, -0.3731921911239624, 0.18011689186096191, -1.9924060106277466, 0.851445734500885, -0.6142215728759766, -1.5548095703125, 0.2321455478668213, -1.6814591884613037, -0.021339204162359238, -0.22801870107650757, -1.6643818616867065, -0.3410182595252991, 1.4235011339187622, 0.16819745302200317, -1.4827020168304443, 0.4695531725883484, -1.055655598640442, -0.008541315793991089, -0.15420913696289062, -0.880703330039978, 0.4336688220500946, -0.41169479489326477, 0.37619319558143616, 1.0399954319000244, -0.08285368978977203, -0.2225019931793213, -0.2781270742416382, 1.0595927238464355, 0.38110750913619995, 1.417557954788208, -1.9328802824020386, 1.8065168857574463, -0.46101540327072144, -1.2505322694778442, -0.3534168601036072, -0.3907321095466614, 0.24228698015213013, 0.6391016840934753, 1.6377655267715454, 0.7079218626022339, 1.0790311098098755, 0.3051851689815521, 0.032486315816640854, -0.2208821177482605, 1.0227971076965332, -0.09596933424472809, -0.2901172637939453, 0.7193899154663086, -0.07401132583618164, 0.47929325699806213, -0.7507985830307007, 0.09429518133401871, -0.7166486978530884, -1.2459778785705566, 0.5815598368644714, -0.7406033873558044, 0.2102891504764557, 0.4921990633010864, -0.744199275970459, -0.15231338143348694, -0.023487377911806107, -0.32693707942962646, 2.11447811126709, -1.6812055110931396, 1.7356257438659668, 0.47263845801353455, 0.598092794418335, 0.12693579494953156, 0.1978742778301239, -0.6117133498191833, 0.07319319993257523, 0.3380652368068695, 0.9038021564483643, 0.04369474947452545, 0.0022215619683265686, -0.5416041016578674, -0.21884043514728546, -0.290815144777298]",yunet,Facenet,1920,1080,/home/amos/media/tv/modern_family/Modern.Family.S09.1080p.DSNP.WEB-DL.DDP5.1.H.264-CRFW/Modern.Family.S09E17.Royal.Visit.1080p.DSNP.WEB-DL.DDP5.1.H.264-CRFW.mkv,Modern Family,2009,1442437,9,17,Eric Stonestreet,156962.0,0.673
990,660,144,1026,600,900,300,732,312,0.931,24624,0,"[0.7165545225143433, -0.644683837890625, -0.9741446375846863, -0.18179595470428467, 3.4153237342834473, -0.2711330056190491, 1.5503343343734741, -0.34407880902290344, 0.8353669047355652, -0.009713034145534039, -1.3057359457015991, -0.45569294691085815, 0.17022067308425903, 0.6529147624969482, 1.0337520837783813, 0.8018319010734558, -0.2752414047718048, -1.6384295225143433, 0.01556028425693512, -0.3911464214324951, -0.5465839505195618, 1.7605657577514648, -0.6077244877815247, 1.7853233814239502, 1.479022741317749, 1.3340767621994019, 1.0214333534240723, -0.8613499402999878, 1.21748948097229, -0.6811168193817139, 1.8570959568023682, 0.2899959683418274, -0.777738094329834, 0.7289221882820129, -1.2300406694412231, -0.2738593816757202, 1.0875777006149292, -2.127039909362793, 0.2613336741924286, -0.9381182193756104, -1.0059090852737427, 0.4959508776664734, -0.17463520169258118, -0.5862456560134888, 0.15309570729732513, 1.056870937347412, -1.8919912576675415, -0.6220688819885254, -0.5698269605636597, 1.7807247638702393, -0.9178449511528015, -0.5316271185874939, -2.430955171585083, 1.0578612089157104, -0.7289920449256897, -1.8215265274047852, -0.38040250539779663, -1.5526642799377441, -0.6312198638916016, 0.008368216454982758, -0.8595770001411438, -0.4265233874320984, 1.788956880569458, 0.08797959983348846, -2.4937798976898193, 0.7618474364280701, -1.2615357637405396, -0.07242681086063385, 0.6046870946884155, -0.998494029045105, 0.3536757230758667, -0.5351111888885498, 0.32807832956314087, -0.1505732238292694, 0.6340361833572388, -0.5140816569328308, 0.03588099777698517, 0.29066258668899536, 0.7915285229682922, 1.4635093212127686, -2.6672873497009277, 2.0757877826690674, -1.0339564085006714, -0.6829214692115784, -0.7997269630432129, 0.4394925534725189, 0.2965582013130188, 0.13499681651592255, 1.6664706468582153, 0.6963551640510559, 1.0464824438095093, 0.33968937397003174, 0.024568479508161545, -0.5232177376747131, 1.327901840209961, 0.4297674000263214, -0.8349311947822571, 0.6398729085922241, -0.5543965697288513, 0.2243281602859497, 0.42055386304855347, 0.5767719745635986, 0.35491296648979187, -1.134907841682434, 0.6307267546653748, -0.8998541831970215, -0.5824697613716125, -0.3286373019218445, -0.8133276104927063, -1.1176592111587524, -0.19773805141448975, -1.2004972696304321, 1.6873379945755005, -1.8130781650543213, 1.9694759845733643, 0.801607608795166, -0.05054525285959244, 1.0739953517913818, -0.3383725881576538, -0.049006082117557526, -0.5685263872146606, 0.851169228553772, 1.6224579811096191, -0.17445483803749084, -0.3157002329826355, -0.6213541030883789, -0.1763235181570053, -0.11983633041381836]",yunet,Facenet,1920,1080,/home/amos/media/tv/modern_family/Modern.Family.S09.1080p.DSNP.WEB-DL.DDP5.1.H.264-CRFW/Modern.Family.S09E17.Royal.Visit.1080p.DSNP.WEB-DL.DDP5.1.H.264-CRFW.mkv,Modern Family,2009,1442437,9,17,Eric Stonestreet,156962.0,0.706
991,756,192,1104,678,1008,366,852,366,0.931,24648,0,"[0.9879454374313354, -0.6392347812652588, -0.7800500392913818, 0.27179476618766785, 3.5005972385406494, -0.41878756880760193, 1.8168225288391113, -0.8058628439903259, 0.8311631083488464, 0.7299681305885315, -0.8302652835845947, -0.36338281631469727, -0.3191470503807068, 0.695189356803894, 0.6710058450698853, 0.669185996055603, -1.4500213861465454, -1.6653151512145996, 0.1559884399175644, -0.7300049066543579, -1.6733160018920898, 1.3239635229110718, -1.1217154264450073, 1.7169268131256104, 1.0579590797424316, 1.132519006729126, 1.4362930059432983, -0.9633876085281372, 0.35448819398880005, -0.77857506275177, 1.431105136871338, 0.0337492935359478, -1.4102003574371338, 1.139600396156311, -1.3046356439590454, -0.21766170859336853, 1.4233275651931763, -2.1500015258789062, 1.4196391105651855, -1.2847121953964233, 0.0738697424530983, 0.1743226796388626, -0.095609650015831, -0.6376718878746033, -0.7483938336372375, -0.14996710419654846, -1.9328432083129883, -0.23608922958374023, -0.3800700902938843, 1.9694570302963257, -0.6957144737243652, -0.0828716903924942, -1.2296342849731445, 1.2818872928619385, -0.5627135634422302, -2.0822649002075195, 0.49966567754745483, -1.7707815170288086, -0.3190387785434723, -0.024900995194911957, -1.3277350664138794, -0.9997972249984741, 1.6148388385772705, 0.1448989361524582, -1.3662115335464478, 1.6345980167388916, -1.0313358306884766, -0.021832864731550217, -0.3970487415790558, 0.24960103631019592, 0.17088763415813446, -1.2098065614700317, 0.5480189919471741, -0.10583442449569702, 0.3847741484642029, -0.3414166271686554, -0.11783841252326965, 0.9828259348869324, 0.6383925080299377, 1.4702764749526978, -2.4285061359405518, 1.6760919094085693, -0.09921090304851532, -0.6364107728004456, -0.683928906917572, 0.45744141936302185, -0.2406621277332306, 1.3083611726760864, 1.7694218158721924, 1.2938374280929565, 1.0005885362625122, -0.14767056703567505, -0.09404969215393066, -0.6707358360290527, 1.6325750350952148, -0.055317223072052, -0.9658380746841431, 0.19580963253974915, -0.676444411277771, 0.29115453362464905, -0.16044265031814575, 0.1428564488887787, -0.3021392226219177, -1.0091952085494995, 0.8544870018959045, 0.09082559496164322, -0.10712176561355591, 0.1949073076248169, -0.9553201198577881, -0.8917984366416931, 0.48717623949050903, -0.41851288080215454, 1.3385881185531616, -1.7763864994049072, 1.9990335702896118, 0.33000433444976807, -0.40477415919303894, 0.7303037643432617, 0.482848197221756, -0.23920784890651703, -0.6766837239265442, -0.4959498345851898, 1.7719863653182983, -0.21538016200065613, 0.21874457597732544, -1.003721833229065, 0.7483718395233154, 0.32626873254776]",yunet,Facenet,1920,1080,/home/amos/media/tv/modern_family/Modern.Family.S09.1080p.DSNP.WEB-DL.DDP5.1.H.264-CRFW/Modern.Family.S09E17.Royal.Visit.1080p.DSNP.WEB-DL.DDP5.1.H.264-CRFW.mkv,Modern Family,2009,1442437,9,17,Eric Stonestreet,156962.0,0.711
992,720,192,1062,648,870,348,756,354,0.91,24672,0,"[0.908794641494751, -0.5791375637054443, -0.8913853168487549, 0.3316882252693176, 3.012629270553589, 0.37213557958602905, 2.154358148574829, 1.2820403575897217, 0.2790372967720032, -0.45238807797431946, -1.6862974166870117, -0.6248723268508911, -0.3081446886062622, 1.6147645711898804, 0.674127459526062, 0.27699244022369385, -1.0996869802474976, -2.1548566818237305, 0.033139098435640335, -0.3256760239601135, -2.3930869102478027, 2.0558178424835205, -0.7968478798866272, 0.9638049006462097, 0.19637027382850647, 0.7399383187294006, 0.7047401666641235, -0.1274634301662445, 0.2686372399330139, -0.9296227097511292, 0.9693671464920044, 1.0255852937698364, -2.4385769367218018, 1.086500644683838, -1.0375940799713135, -0.7282176613807678, 0.8543335199356079, -1.9766521453857422, 1.087634801864624, -1.1120688915252686, -0.019595922902226448, -0.10192392021417618, -0.47684404253959656, -1.5283845663070679, 0.7433274388313293, -0.19230081140995026, -0.5488927364349365, -0.3741263151168823, -0.5910861492156982, 2.969909191131592, -1.807199239730835, 1.357393503189087, -1.1071449518203735, 0.6770621538162231, -1.319305181503296, -1.8966426849365234, -0.11446656286716461, -0.36877161264419556, -0.9629165530204773, 0.9084094166755676, -1.061753511428833, -0.7074284553527832, 0.9247230291366577, 1.8052160739898682, -1.0037733316421509, 0.5346952676773071, -0.20424121618270874, 0.7980275750160217, 0.4332229495048523, -0.9646158218383789, 0.23331542313098907, -0.6623063087463379, 0.27007022500038147, 1.257709264755249, 0.8746432662010193, -0.023942869156599045, -0.9817286729812622, 0.41662222146987915, 0.6022889018058777, 1.3563405275344849, -1.9676748514175415, 2.6120927333831787, 0.4281739890575409, -2.2359461784362793, -0.653864324092865, -0.7446134090423584, 0.7611590623855591, 0.8081907033920288, 0.4652613699436188, 0.5000130534172058, -0.5482277274131775, -0.40180322527885437, -1.2127076387405396, -1.3579580783843994, 2.2177391052246094, -0.04889126867055893, -2.261779308319092, 1.139958143234253, 0.5782108306884766, 1.32328462600708, -0.5000774264335632, 0.9231414794921875, -1.6351587772369385, -0.5824316740036011, -0.0013893172144889832, -0.023376233875751495, 1.0506784915924072, 0.16408811509609222, -0.7670539617538452, -2.2616007328033447, -0.3427080512046814, 0.1434149444103241, 1.723479986190796, -1.9772088527679443, 1.238991618156433, 1.117612600326538, 0.9696630239486694, 0.8960906267166138, -0.8059952855110168, 0.21773959696292877, 0.11016640067100525, 0.5953017473220825, 1.5765691995620728, -0.40872722864151, -0.7054303288459778, -0.516562283039093, -0.5328792929649353, 0.3779234290122986]",yunet,Facenet,1920,1080,/home/amos/media/tv/modern_family/Modern.Family.S09.1080p.DSNP.WEB-DL.DDP5.1.H.264-CRFW/Modern.Family.S09E17.Royal.Visit.1080p.DSNP.WEB-DL.DDP5.1.H.264-CRFW.mkv,Modern Family,2009,1442437,9,17,,,
993,804,204,1134,666,1008,378,858,372,0.932,24696,0,"[0.4135414659976959, -0.903842568397522, -0.9687203764915466, -0.38589242100715637, 3.0854239463806152, -0.07660002261400223, 1.7380009889602661, 0.10574164986610413, 0.21117880940437317, 1.0861307382583618, -1.070233702659607, -1.0341976881027222, -0.6570456027984619, 0.5994490385055542, 0.3779523968696594, 1.9392201900482178, -0.2947729825973511, -2.0716552734375, 0.3006303012371063, -0.6738775968551636, -0.5493061542510986, 1.6625899076461792, 0.4240840971469879, 1.6758848428726196, 1.016301155090332, 1.4541397094726562, 1.4306223392486572, -0.1300314962863922, 0.6377516388893127, -0.4123629331588745, 0.5078555941581726, 1.1452431678771973, -1.4101320505142212, 1.5820832252502441, -0.6251979470252991, -0.08005139231681824, 1.4635435342788696, -1.836093544960022, 0.8726449608802795, -2.1865622997283936, -1.084458589553833, 0.008665496483445168, -1.0352680683135986, -1.0037838220596313, -0.24886678159236908, 0.0016514267772436142, -1.4766480922698975, -0.6137428283691406, -0.8297553062438965, 2.8707492351531982, -0.8080977201461792, -0.3969472646713257, -1.2527527809143066, 1.4445104598999023, -1.155501127243042, -1.6624960899353027, -0.47204557061195374, -1.4034816026687622, -0.42084619402885437, 0.07826890796422958, -2.1892144680023193, -0.4845331907272339, 1.2054003477096558, 0.9366053938865662, -1.286116600036621, 0.38173335790634155, -0.5487134456634521, 0.3836398422718048, 0.8610716462135315, -0.06902856379747391, 0.05500590056180954, -0.5418551564216614, 0.2983129024505615, 0.4956970810890198, 0.6852818727493286, -0.030925344675779343, -0.5358920097351074, 0.27112293243408203, 0.9034463763237, 0.566783607006073, -2.6842315196990967, 2.071284770965576, -0.527106761932373, -1.3380603790283203, -0.4790221154689789, 0.42872557044029236, 0.9441506266593933, 0.4762672185897827, 0.9726425409317017, 1.2528167963027954, 0.9087108969688416, 0.21083997189998627, -0.7306236624717712, -0.8021486401557922, 1.9605342149734497, 0.3646577298641205, -1.0419530868530273, -0.02439921535551548, -0.3085177540779114, 0.613598108291626, -0.24326388537883759, 0.7645833492279053, -0.8062249422073364, -1.3983066082000732, 0.14231741428375244, -0.3431253433227539, -0.12889544665813446, -0.12048384547233582, -0.46026018261909485, -1.3243412971496582, -0.13288582861423492, -0.7919176816940308, 1.452176570892334, -0.9890514016151428, 2.057908535003662, 0.6442906856536865, 0.8039779663085938, 0.4634256064891815, -0.8054559230804443, -0.16554418206214905, 0.33903181552886963, -0.04309225454926491, 1.6202102899551392, -0.19059288501739502, -0.20939452946186066, -0.9891334772109985, 1.0564080476760864, -0.06576545536518097]",yunet,Facenet,1920,1080,/home/amos/media/tv/modern_family/Modern.Family.S09.1080p.DSNP.WEB-DL.DDP5.1.H.264-CRFW/Modern.Family.S09E17.Royal.Visit.1080p.DSNP.WEB-DL.DDP5.1.H.264-CRFW.mkv,Modern Family,2009,1442437,9,17,Eric Stonestreet,156962.0,0.645
994,738,210,1080,660,882,366,768,366,0.915,24720,0,"[1.2885280847549438, -1.6815913915634155, -0.7439821362495422, 0.6422154903411865, 2.5904037952423096, 0.7416492700576782, 1.7887276411056519, 0.6842383146286011, 0.7717311978340149, 0.6257287859916687, -2.034754991531372, -0.9528372287750244, -0.000909954309463501, 1.7210038900375366, 0.005974985659122467, 1.0257227420806885, -0.4312003552913666, -2.3305740356445312, 0.5042281150817871, 0.27693963050842285, -1.5041277408599854, 2.385944128036499, -0.19854575395584106, 0.6865339279174805, 0.41342461109161377, 1.2534555196762085, 1.6709036827087402, -0.5015205144882202, 0.8011078834533691, -0.38927069306373596, 1.013197660446167, 1.4724479913711548, -1.7090885639190674, 0.911023736000061, -1.1356935501098633, -0.735641360282898, 1.56373131275177, -1.3465379476547241, 0.9972411394119263, -1.3924269676208496, 0.006553236395120621, 0.0761411041021347, -0.5701321363449097, -1.958970308303833, 0.3585517704486847, -0.3765697479248047, -1.1603301763534546, -0.5557055473327637, -0.8197512626647949, 2.79337215423584, -0.8920341730117798, 0.19025912880897522, -1.79181706905365, 0.5504259467124939, -1.3395612239837646, -2.151181697845459, 0.4186416268348694, 0.10112763941287994, -0.8557778596878052, -0.4637587070465088, -1.409074068069458, -0.6971637606620789, 0.9360394477844238, 1.8784211874008179, -1.934942603111267, 0.4341350793838501, 0.5066073536872864, 0.3286822438240051, -0.016442101448774338, -0.8914827108383179, 0.42360496520996094, -0.9666533470153809, 1.0193697214126587, 1.749971866607666, 1.0300378799438477, 0.05776176229119301, -0.6056668162345886, 0.2927650511264801, 0.48292845487594604, 0.9131565093994141, -2.7643818855285645, 2.4092986583709717, 0.5514118671417236, -1.5643055438995361, -1.2217382192611694, -0.6777948141098022, 1.5117770433425903, 0.5631380081176758, 0.567955732345581, 0.4174956679344177, -0.8068756461143494, -0.39941665530204773, -0.9918677806854248, -0.8619738817214966, 2.055697441101074, -0.47850385308265686, -1.6470353603363037, 1.1092867851257324, 0.042198628187179565, 0.4295995235443115, -0.4234616756439209, 1.209491491317749, -1.8083635568618774, -1.371963381767273, 0.3871282935142517, 0.06733887642621994, 0.8703821897506714, -0.12952375411987305, 0.027737952768802643, -1.6217619180679321, -0.045112494379282, -0.0432586744427681, 1.854145884513855, -1.698577642440796, 1.3123151063919067, 1.157989740371704, 0.7614959478378296, 0.32576465606689453, -1.6879277229309082, -0.5590898394584656, 0.044604938477277756, 0.5195002555847168, 1.350160837173462, -0.04088107496500015, -0.08626243472099304, -0.3038391172885895, -0.2685147225856781, 0.1784631907939911]",yunet,Facenet,1920,1080,/home/amos/media/tv/modern_family/Modern.Family.S09.1080p.DSNP.WEB-DL.DDP5.1.H.264-CRFW/Modern.Family.S09E17.Royal.Visit.1080p.DSNP.WEB-DL.DDP5.1.H.264-CRFW.mkv,Modern Family,2009,1442437,9,17,Eric Stonestreet,156962.0,0.5
995,774,288,1098,732,990,468,852,474,0.923,24744,0,"[0.6037883758544922, -0.4089055061340332, -0.5230317115783691, 0.7834733724594116, 1.9689433574676514, -0.5025829076766968, 1.6199551820755005, -0.6182829737663269, 1.1025522947311401, 0.16667500138282776, 0.21234941482543945, -0.5244930982589722, -0.7777879238128662, 0.4328530728816986, -0.16037437319755554, 0.4883584976196289, -0.12458163499832153, -0.9262179136276245, -0.9389524459838867, 0.03161120042204857, -0.7947643995285034, 1.1609119176864624, -0.5378298163414001, 1.905132532119751, 1.2348883152008057, 1.3674379587173462, 1.2527765035629272, -0.4624594449996948, 1.837625503540039, -1.0190329551696777, 0.6869666576385498, 0.9417389631271362, -1.648918867111206, 1.9516725540161133, -0.9463436007499695, -0.7357066869735718, 0.4984370470046997, -1.8663201332092285, 0.48526737093925476, -0.8290646076202393, -0.4805901050567627, -0.3339090943336487, -0.5328125953674316, -0.08850093185901642, -0.24423418939113617, -0.12641942501068115, -1.5864574909210205, -0.7849208116531372, 0.29276347160339355, 1.4910279512405396, 0.2552720308303833, -0.9951924085617065, -1.018255352973938, 0.47206687927246094, -0.23670294880867004, -0.8428326845169067, 0.40461355447769165, -1.7855788469314575, -0.25337591767311096, -0.06160051003098488, -1.6299201250076294, -0.12133815884590149, 1.110823154449463, -0.03493637219071388, -1.394225001335144, 1.978982925415039, -0.7407729029655457, 0.2747100293636322, -0.026324119418859482, -1.0213810205459595, -0.5842732191085815, -0.9139711856842041, 1.5298172235488892, -0.12272127717733383, 0.8522573113441467, -0.18079529702663422, 0.0763503909111023, 0.35950028896331787, 0.2557610869407654, 1.0098727941513062, -2.3848960399627686, 1.3755251169204712, -1.2772663831710815, -1.605358600616455, -0.3904707133769989, 0.7109037637710571, -0.8909795880317688, 0.9049766659736633, 2.2081353664398193, 1.4310745000839233, 1.1851634979248047, 0.8061293363571167, -0.3561713993549347, -0.5646284222602844, 2.0217714309692383, -0.22854453325271606, -0.08999893069267273, 0.21140053868293762, -0.423115611076355, -0.6306778192520142, 0.5399508476257324, 0.06136203557252884, -0.17772594094276428, -0.6024997234344482, 1.2832493782043457, 0.403730571269989, 0.7774600982666016, -0.22677987813949585, -1.0192649364471436, -1.5159872770309448, 1.1131937503814697, 0.24359995126724243, 1.0108184814453125, -1.842602252960205, 1.7186201810836792, 0.7083061933517456, -0.16254067420959473, 0.6129001379013062, 0.5400998592376709, 0.19320978224277496, -0.7747678756713867, 0.00614604726433754, 1.5194060802459717, -0.7899413108825684, -0.35212379693984985, -0.06994840502738953, 0.5413132905960083, 0.012575160712003708]",yunet,Facenet,1920,1080,/home/amos/media/tv/modern_family/Modern.Family.S09.1080p.DSNP.WEB-DL.DDP5.1.H.264-CRFW/Modern.Family.S09E17.Royal.Visit.1080p.DSNP.WEB-DL.DDP5.1.H.264-CRFW.mkv,Modern Family,2009,1442437,9,17,Eric Stonestreet,156962.0,0.611
996,786,180,1140,660,1050,348,888,354,0.93,24768,0,"[0.7763783931732178, 0.33371520042419434, -1.4092901945114136, 1.0897223949432373, 2.5305371284484863, -0.55872642993927, 1.7856696844100952, 0.05662475898861885, 0.5602418184280396, 0.612078845500946, -0.7751443386077881, -0.8639259338378906, 0.11587963998317719, 0.9405133724212646, 1.032597303390503, 0.6148617267608643, -0.09379351139068604, -2.2171530723571777, -1.0993670225143433, -0.7041717767715454, -1.4114789962768555, 1.2603745460510254, -0.5911126136779785, 2.5131757259368896, 1.5653272867202759, 1.8113465309143066, 1.4610432386398315, 0.09776823967695236, 1.1820924282073975, -0.8492668867111206, 1.0165135860443115, 0.5947021842002869, -1.9164304733276367, 1.346664309501648, -1.2735393047332764, -0.4075480103492737, 0.7084250450134277, -2.2247161865234375, -0.14026042819023132, -0.19930940866470337, -0.3775462210178375, 0.05447150766849518, 0.5103614330291748, -0.08248232305049896, 0.09708636999130249, 0.6261139512062073, -0.4199911653995514, -0.7401553392410278, -0.5070129632949829, 0.8879305124282837, -0.3471006155014038, -0.04659916087985039, -2.427414894104004, 1.1374876499176025, -1.0957896709442139, -0.9737082719802856, 0.853999674320221, -1.514211654663086, 0.034237299114465714, -0.13507667183876038, -1.4236356019973755, -0.2456873059272766, 1.6650636196136475, 0.20029953122138977, -1.211359977722168, 0.7020729184150696, -1.3750097751617432, 0.5591898560523987, -0.3862246572971344, -1.1968706846237183, 0.11806610971689224, 0.023184925317764282, 1.6410328149795532, 0.866250216960907, 0.4846816658973694, 0.2968306839466095, 0.5732232332229614, 0.7800777554512024, 0.21087148785591125, 0.9951622486114502, -2.50382399559021, 2.3121631145477295, -1.1461181640625, -1.346611738204956, -0.7703955769538879, -0.039447661489248276, -0.05714341998100281, -0.018319115042686462, 1.699344277381897, 1.2175757884979248, 1.131050944328308, -0.06703336536884308, 0.7859624028205872, -0.8108202219009399, 1.4662716388702393, 0.417588472366333, -0.16305716335773468, 1.3987129926681519, -0.5549888610839844, -0.09393765777349472, -0.011311143636703491, -0.24559950828552246, -0.18613991141319275, -0.7754736542701721, 0.7936425805091858, -0.6105284690856934, -0.6670109033584595, 0.6367694139480591, -0.2995976209640503, -0.6042411923408508, 0.03897278383374214, -0.22562263906002045, 2.062243938446045, -1.5948092937469482, 1.8284214735031128, 0.6932733058929443, -0.0013469178229570389, 0.3720589280128479, 0.739786684513092, 0.04323505237698555, 0.0660809874534607, 0.22174182534217834, 0.9939035177230835, -0.08860738575458527, -0.27246880531311035, -0.30208128690719604, 0.45195433497428894, -0.4893782436847687]",yunet,Facenet,1920,1080,/home/amos/media/tv/modern_family/Modern.Family.S09.1080p.DSNP.WEB-DL.DDP5.1.H.264-CRFW/Modern.Family.S09E17.Royal.Visit.1080p.DSNP.WEB-DL.DDP5.1.H.264-CRFW.mkv,Modern Family,2009,1442437,9,17,Eric Stonestreet,156962.0,0.681
997,864,114,1062,390,1002,216,906,216,0.925,24792,0,"[0.8250561952590942, 0.16063883900642395, -0.595367968082428, 1.1080114841461182, 2.4949607849121094, -0.5882363319396973, 1.223433256149292, -0.276123583316803, 0.7623707056045532, 0.5575541257858276, -0.5414778590202332, -0.7919855713844299, 0.28534406423568726, 0.4370255172252655, 1.4519193172454834, 0.3214390277862549, -0.31933945417404175, -1.7811620235443115, -0.9002597332000732, -0.31313303112983704, -1.4335529804229736, 0.9945299029350281, -0.7179442644119263, 2.641493082046509, 1.5123238563537598, 1.4035086631774902, 1.2000384330749512, 0.4630163908004761, 1.2646044492721558, -1.3148787021636963, 0.6572473049163818, 0.2548345923423767, -2.586887836456299, 1.3188174962997437, -1.3076467514038086, -0.41352763772010803, 0.7912454605102539, -2.053464651107788, 0.43588268756866455, -0.40406644344329834, -0.019150694832205772, 0.36562687158584595, 0.3636205196380615, -0.3799923360347748, -0.5671876072883606, 0.4699834883213043, -0.7984314560890198, -0.5966144800186157, -0.20209768414497375, 1.2917696237564087, 0.02324610948562622, 0.21659840643405914, -1.7167949676513672, 1.3974146842956543, -0.5558266639709473, -1.4114750623703003, 1.0022674798965454, -1.8994629383087158, -0.47046342492103577, 0.3667757213115692, -0.7735249400138855, -0.778509259223938, 2.002267837524414, 0.442689448595047, -1.2380884885787964, 1.2821437120437622, -1.030557632446289, 0.09640798717737198, -0.6523808836936951, -0.8012391328811646, -0.419458270072937, -0.2150830626487732, 1.649641513824463, 0.439092218875885, 0.6897739768028259, 0.3491167426109314, -0.07109709829092026, 1.2316895723342896, 0.060399554669857025, 1.469396710395813, -2.749814987182617, 2.185029983520508, -0.6588455438613892, -1.0829542875289917, -0.9474748373031616, 0.25018149614334106, -0.09849120676517487, 0.20102621614933014, 1.6357495784759521, 0.9451311826705933, 1.4883588552474976, 0.10576722770929337, 0.5353438258171082, -0.4605920910835266, 2.063420295715332, 0.12156134843826294, -0.4794245958328247, 0.8882385492324829, -0.5370409488677979, -0.4707072675228119, 0.3915243148803711, 0.26624831557273865, -0.4396955370903015, -0.5073299407958984, 1.24609375, -0.23425109684467316, -1.0010536909103394, 0.5860257148742676, -0.3356943428516388, -0.8818125128746033, 0.19534499943256378, -0.42771071195602417, 1.6775046586990356, -1.8041720390319824, 1.4973831176757812, 0.6947654485702515, -0.5583981275558472, 0.35994958877563477, 0.5562905669212341, -0.009697682224214077, -0.6533769369125366, -0.3643723130226135, 1.2941125631332397, -0.8626883029937744, -0.3174775242805481, -0.28415447473526, 0.6337825655937195, -0.5063502788543701]",yunet,Facenet,1920,1080,/home/amos/media/tv/modern_family/Modern.Family.S09.1080p.DSNP.WEB-DL.DDP5.1.H.264-CRFW/Modern.Family.S09E17.Royal.Visit.1080p.DSNP.WEB-DL.DDP5.1.H.264-CRFW.mkv,Modern Family,2009,1442437,9,17,Eric Stonestreet,156962.0,0.707
998,864,108,1062,378,1014,204,912,204,0.918,24816,0,"[1.2318857908248901, 0.371621310710907, -1.5031547546386719, 1.0795543193817139, 3.0747060775756836, 0.49677082896232605, 1.4142903089523315, 0.43906548619270325, 0.9280601739883423, 1.4022324085235596, -1.3381155729293823, -1.296966314315796, -1.0732109546661377, 1.6032826900482178, 0.7371464967727661, 0.06843824684619904, -0.7985712289810181, -2.4984190464019775, -1.2612305879592896, -1.6409441232681274, -1.4021248817443848, 1.5061122179031372, -0.06605783104896545, 1.957275629043579, 2.0704033374786377, 0.7061367630958557, 1.0427292585372925, -0.9655739068984985, 0.6908239126205444, -0.5329379439353943, 0.6829891204833984, -0.5962023138999939, -2.932994842529297, 1.3614401817321777, -0.8011466264724731, 0.06557360291481018, 0.6022726893424988, -1.0319467782974243, 0.2937529683113098, -1.058594822883606, -0.4698655903339386, 0.2669115960597992, 0.25307393074035645, -0.3348091244697571, -0.05031227320432663, 0.49444931745529175, -0.4026069641113281, 0.39541107416152954, -0.7579214572906494, 1.5444936752319336, -1.0970922708511353, 0.5487740635871887, -1.0768225193023682, 1.4151736497879028, -1.4234530925750732, -1.6980270147323608, 0.7417731881141663, -2.4305691719055176, 0.013692399486899376, -0.017099644988775253, -1.604481816291809, 0.21514655649662018, 0.9561519622802734, 0.36598923802375793, -0.39350542426109314, 0.7121336460113525, -2.2716097831726074, 1.0473721027374268, -1.1429723501205444, -0.8297302722930908, -0.003993087448179722, 0.5957047939300537, 0.5126599669456482, 0.29574036598205566, 0.1864156574010849, 0.4582272469997406, 0.4139581024646759, 1.1439062356948853, 0.4212610721588135, 1.2083163261413574, -2.8101115226745605, 1.7697088718414307, -0.6582995653152466, -0.6451696753501892, -0.2943965196609497, -0.16047966480255127, 0.6632058620452881, 0.07468116283416748, 1.6803011894226074, 0.7253504395484924, 1.5516681671142578, 0.8023647665977478, 0.8674068450927734, -0.4241849184036255, 1.8823779821395874, 1.06606125831604, -0.160017192363739, 1.3470262289047241, -0.15654237568378448, 0.2929811477661133, 0.3619462251663208, -0.3332091271877289, -1.0867698192596436, -1.0725713968276978, 0.8114170432090759, -0.26901763677597046, -1.1786892414093018, 0.4669557213783264, 0.09965035319328308, -0.9908270239830017, 0.33684223890304565, -1.250129222869873, 1.6373335123062134, -1.380197525024414, 1.3605220317840576, 0.769283652305603, -0.5476441383361816, 1.3365764617919922, 0.5061686038970947, 0.46786075830459595, 0.05081474035978317, -0.1926032304763794, 0.3448265790939331, 0.19931823015213013, -0.2876303195953369, -0.6660780310630798, 0.6107794642448425, -0.8940439224243164]",yunet,Facenet,1920,1080,/home/amos/media/tv/modern_family/Modern.Family.S09.1080p.DSNP.WEB-DL.DDP5.1.H.264-CRFW/Modern.Family.S09E17.Royal.Visit.1080p.DSNP.WEB-DL.DDP5.1.H.264-CRFW.mkv,Modern Family,2009,1442437,9,17,Eric Stonestreet,156962.0,0.592
999,858,96,1062,366,1026,198,936,198,0.916,24840,0,"[1.3455263376235962, 0.3627428114414215, -2.034237861633301, 0.2878919541835785, 2.511096477508545, 0.5209867358207703, 0.44587069749832153, 1.2579768896102905, 0.729536771774292, -0.22086167335510254, -1.2265269756317139, -0.4907126724720001, -0.6612085103988647, 1.4218062162399292, 0.5626434087753296, 0.4208325743675232, -0.9802170991897583, -2.2245662212371826, -0.5591679215431213, -0.5660141706466675, -1.6752127408981323, 1.7524874210357666, 0.0029026083648204803, 1.7809244394302368, 1.748956561088562, 1.3900965452194214, -0.42660608887672424, -0.47782063484191895, 1.257839322090149, -0.4919193387031555, 0.4897497892379761, 0.24687737226486206, -2.6576778888702393, 1.6180428266525269, -1.4059882164001465, 0.5851494669914246, 1.2264245748519897, -1.069612741470337, 0.40006065368652344, -0.46438685059547424, 0.37837040424346924, 1.246630072593689, -0.3434672951698303, -0.38733693957328796, -0.17079897224903107, 0.797511875629425, -1.1713712215423584, 0.2875593602657318, -0.6168177127838135, 1.9310550689697266, -0.5959693789482117, -0.10127882659435272, -1.0416061878204346, 1.7289247512817383, -1.5305243730545044, -1.504852294921875, 0.0960533618927002, -2.4876794815063477, -0.1686917245388031, 0.35999903082847595, -1.490557312965393, -0.2298000603914261, 1.0410631895065308, 0.270408570766449, -0.9705944657325745, 0.2630224823951721, -1.6845543384552002, 0.4688383936882019, -0.08986291289329529, -1.558280110359192, -0.01791774109005928, 1.4082404375076294, -0.04384047910571098, 0.8949480652809143, 0.274574875831604, -0.14930234849452972, -0.3337689936161041, 1.2347034215927124, 0.835527777671814, 1.150946855545044, -2.5163824558258057, 1.2387192249298096, -1.1132333278656006, -1.2005826234817505, -0.8018169403076172, -0.6925361156463623, 0.41537365317344666, 0.6606621146202087, 1.437995433807373, 1.137437105178833, 1.825356125831604, 0.03725598752498627, -0.12945401668548584, -0.925321638584137, 1.332708477973938, 1.0255067348480225, 0.607572078704834, 0.5625422596931458, -0.3163471221923828, 0.05448378622531891, 0.5126022696495056, -0.5260853171348572, -1.306951642036438, -0.6458373665809631, 0.15773659944534302, -0.3116251230239868, -0.5152856111526489, -0.8492875099182129, -0.2838062345981598, -0.5939010977745056, 0.6746166348457336, -1.1909278631210327, 1.949601650238037, -1.8283376693725586, 2.309018850326538, 0.2845231294631958, -0.5004748106002808, 0.5231338739395142, 0.9971751570701599, -0.31896424293518066, -0.44644469022750854, -0.08145386725664139, 0.9129689931869507, -0.046389199793338776, -0.7548285722732544, -0.9279899597167969, 0.12035220116376877, -0.43731915950775146]",yunet,Facenet,1920,1080,/home/amos/media/tv/modern_family/Modern.Family.S09.1080p.DSNP.WEB-DL.DDP5.1.H.264-CRFW/Modern.Family.S09E17.Royal.Visit.1080p.DSNP.WEB-DL.DDP5.1.H.264-CRFW.mkv,Modern Family,2009,1442437,9,17,Eric Stonestreet,156962.0,0.588
1000,882,162,1080,414,1032,270,930,270,0.912,24984,0,"[0.8137192726135254, -0.25686734914779663, 0.5408890247344971, -0.018214628100395203, -0.27194470167160034, 1.4422142505645752, 0.29374074935913086, -1.2688757181167603, 0.4605655372142792, 1.544925570487976, -0.9770022034645081, -0.3139927089214325, -0.7918562293052673, 0.9483294486999512, -0.6808696985244751, 0.6700373291969299, -0.9416464567184448, -1.521702766418457, -1.355507254600525, -0.4832317531108856, 0.7637549638748169, -0.37897634506225586, 1.4701857566833496, 0.799846351146698, 0.9618303179740906, -0.22312083840370178, 2.531707525253296, -0.4805721044540405, 2.1597113609313965, 1.3929227590560913, -0.6306438446044922, 0.686317503452301, 0.09373218566179276, 1.0764833688735962, 0.5034431219100952, -0.8963295221328735, -0.7541292905807495, -0.8665178418159485, -0.02018626034259796, 0.9040976762771606, 1.0879778861999512, -2.2944929599761963, -1.1872072219848633, 1.3164724111557007, 0.42409634590148926, -1.1270021200180054, -0.5120657682418823, -0.3558557331562042, -0.22493429481983185, -1.4114131927490234, -1.4309077262878418, 0.7168727517127991, -0.23022449016571045, 1.015831708908081, -0.4375675618648529, 1.2965039014816284, 0.6467488408088684, -0.6931295394897461, -0.3599773943424225, -0.38038596510887146, -0.8163071870803833, 0.14283797144889832, 0.23763343691825867, -0.7622156739234924, -1.5051389932632446, 1.599355936050415, 0.15078796446323395, 1.1920262575149536, -0.46239370107650757, -1.1342287063598633, -1.437833309173584, 0.45596739649772644, 2.487300395965576, -0.12089031934738159, 0.6124611496925354, -0.8330755829811096, 0.35686492919921875, -1.1154391765594482, 0.2340594232082367, -0.9445880055427551, -0.2578635513782501, 0.054934605956077576, 0.49832096695899963, 0.49616482853889465, 0.4143888056278229, -0.7574094533920288, -0.5869404673576355, -0.6935516595840454, 2.3603355884552, 0.31738924980163574, -1.028032898902893, -0.23661558330059052, 0.622100293636322, -1.1231502294540405, 1.5517971515655518, 1.307586908340454, 0.29091405868530273, -0.8037350177764893, -0.8042846322059631, -0.8150443434715271, -0.08190339803695679, 0.5582869648933411, -1.9535547494888306, 1.3460174798965454, 1.418050765991211, 0.49393337965011597, 0.2875697910785675, -0.14568544924259186, 0.839584469795227, -0.4075607657432556, 1.0239750146865845, 0.824150025844574, 0.7635631561279297, -1.6552245616912842, -0.0550459548830986, 0.4696733057498932, -0.5133309960365295, 0.8751868009567261, 0.39288800954818726, -1.7789759635925293, 1.6073203086853027, 0.14485172927379608, 1.285117268562317, -0.5955930352210999, 0.6180647611618042, 0.9610864520072937, 1.367945909500122, 1.0436688661575317]",yunet,Facenet,1920,1080,/home/amos/media/tv/modern_family/Modern.Family.S09.1080p.DSNP.WEB-DL.DDP5.1.H.264-CRFW/Modern.Family.S09E17.Royal.Visit.1080p.DSNP.WEB-DL.DDP5.1.H.264-CRFW.mkv,Modern Family,2009,1442437,9,17,Ariel Winter,42160.0,0.706
1001,852,138,1056,408,1002,252,900,252,0.909,25008,0,"[1.0931295156478882, -0.3238106667995453, 0.6688262820243835, 0.24742624163627625, -0.12374747544527054, 1.190268874168396, 0.7714670896530151, -1.413576364517212, -0.014703793451189995, 2.1113147735595703, -0.8285343050956726, -0.8035179972648621, -0.7809730172157288, 1.490370512008667, -0.40438660979270935, 0.6483661532402039, -1.0196692943572998, -1.4767816066741943, -1.5054429769515991, -0.7476428747177124, 0.5841624736785889, -0.8236611485481262, 1.532095193862915, 1.5378572940826416, 1.3283352851867676, 0.0829072892665863, 2.712956428527832, -0.8834219574928284, 2.596740484237671, 1.6643147468566895, -0.1648230254650116, 0.5962954759597778, -0.32402926683425903, 0.5437650084495544, 0.8454422950744629, -1.0599586963653564, -0.6205699443817139, -0.5014694929122925, -0.4210205078125, 1.0620473623275757, 0.4515768587589264, -1.9395509958267212, -0.04487141966819763, 1.2798051834106445, -0.20072175562381744, -1.1501197814941406, -0.1992228925228119, -0.4229467213153839, -0.3597099184989929, -1.4738408327102661, -0.9263638257980347, -0.4001025855541229, 0.14639237523078918, 1.5411791801452637, -0.910561740398407, 0.6071621775627136, 0.5799471735954285, -0.373465895652771, -0.40279150009155273, -0.16983681917190552, -1.4105175733566284, 0.6295485496520996, 0.03931083530187607, -0.7404485940933228, -1.8088765144348145, 1.60114324092865, -0.3660062551498413, 1.7747608423233032, 0.22800269722938538, 0.21651645004749298, -0.8536491394042969, 0.709365725517273, 2.320772886276245, 0.1795899122953415, 0.138640895485878, -0.39646971225738525, 1.296383261680603, -0.6265703439712524, -0.015420377254486084, -0.7528563141822815, -0.565216600894928, -0.17124445736408234, 0.38716474175453186, 0.03985631465911865, 0.560405433177948, -0.3702586591243744, 0.14959877729415894, -1.4759163856506348, 2.205855369567871, -0.019516266882419586, -0.22317808866500854, -0.3101533055305481, 0.42728766798973083, -1.2083488702774048, 1.1079407930374146, 1.9297207593917847, 0.17283834517002106, -0.5525338649749756, -0.44402945041656494, -1.2511286735534668, -0.8339752554893494, 1.008601427078247, -0.7529494762420654, 0.6923644542694092, 1.5520133972167969, -0.11154017597436905, 0.0848945826292038, -0.11655595898628235, 1.0986759662628174, -0.2626812160015106, 1.1157556772232056, 0.38675016164779663, 0.3060944080352783, -1.7190988063812256, -0.4874895215034485, 0.7698886394500732, -0.2287030965089798, 1.1173796653747559, -0.1568448841571808, -1.6693190336227417, 1.823101282119751, -0.1676340252161026, 1.405748724937439, -0.6622219681739807, 0.6257790923118591, 0.7429494261741638, 1.04171621799469, 0.8025631308555603]",yunet,Facenet,1920,1080,/home/amos/media/tv/modern_family/Modern.Family.S09.1080p.DSNP.WEB-DL.DDP5.1.H.264-CRFW/Modern.Family.S09E17.Royal.Visit.1080p.DSNP.WEB-DL.DDP5.1.H.264-CRFW.mkv,Modern Family,2009,1442437,9,17,Ariel Winter,42160.0,0.754
1002,846,144,1068,402,1014,252,912,252,0.911,25032,0,"[-0.17632725834846497, -0.8184385299682617, 1.4196312427520752, 1.0204684734344482, 0.2191467434167862, 1.2669188976287842, 1.4857290983200073, -1.1574970483779907, -0.5290335416793823, 2.2875564098358154, -0.7606096863746643, -1.059475302696228, 0.20312507450580597, 1.2223151922225952, -0.4544576108455658, 1.0971678495407104, -0.5428775548934937, -1.5736249685287476, -1.8370769023895264, -0.28249454498291016, -0.13835357129573822, 0.5929230451583862, 0.3671736419200897, 0.8824219107627869, 0.4882102906703949, 0.9293785691261292, 2.7670228481292725, -0.32005026936531067, 3.1047050952911377, 1.3179699182510376, 0.22511404752731323, -0.3256776034832001, 0.3441505432128906, -0.09094932675361633, 1.949357509613037, -0.5085129737854004, -1.1170295476913452, 0.1118767261505127, 0.5714162588119507, 1.3994735479354858, 0.13017641007900238, -1.3267766237258911, -0.6516571044921875, 1.462995171546936, -0.044224753975868225, -1.3427529335021973, -0.18403273820877075, -0.42399415373802185, 0.35853487253189087, -1.806377649307251, -0.1451214700937271, 1.0460638999938965, -0.22646433115005493, 0.5422266721725464, -0.10812246799468994, 0.09772660583257675, 0.5161535739898682, 0.42240461707115173, -0.1411798745393753, -0.6209360957145691, -1.3713356256484985, -0.29664164781570435, -0.15447136759757996, -1.2748849391937256, -1.9439144134521484, 1.8108735084533691, -0.5132467150688171, 2.3259081840515137, 0.7416121959686279, -0.4749675393104553, -1.5804646015167236, -0.43877917528152466, 1.6658744812011719, -1.0299489498138428, 0.6315037608146667, 0.7753283977508545, 0.2545817792415619, -0.1817762851715088, 0.22948983311653137, 0.38720518350601196, -0.362677663564682, 0.03370911628007889, 0.5050608515739441, 0.40398743748664856, -0.2537502646446228, 0.5946567058563232, 0.026598691940307617, 0.29100358486175537, 1.2245670557022095, 0.1158687025308609, -0.2593843638896942, 0.9846219420433044, 0.8604896068572998, -0.9434730410575867, 0.8343039155006409, 1.7266504764556885, -0.41422924399375916, -1.533339262008667, 0.443887859582901, -0.36194348335266113, -1.0845539569854736, 1.9891531467437744, -2.0423545837402344, 0.737356960773468, 0.9047335982322693, -0.00912124291062355, 0.2756345272064209, -0.24476978182792664, 0.9344073534011841, -0.6395629644393921, 1.036463975906372, 0.5016191601753235, 0.2730153203010559, -1.843104600906372, 0.02050531655550003, 1.3875449895858765, -0.15586471557617188, 0.9083715081214905, 0.4772546887397766, -1.7417874336242676, 1.3353261947631836, -0.016102835536003113, 0.8463793992996216, -1.576751947402954, 0.8624017238616943, 0.9293021559715271, 1.309049129486084, 0.6300098299980164]",yunet,Facenet,1920,1080,/home/amos/media/tv/modern_family/Modern.Family.S09.1080p.DSNP.WEB-DL.DDP5.1.H.264-CRFW/Modern.Family.S09E17.Royal.Visit.1080p.DSNP.WEB-DL.DDP5.1.H.264-CRFW.mkv,Modern Family,2009,1442437,9,17,Ariel Winter,42160.0,0.695
1003,840,156,1050,414,996,276,888,276,0.914,25056,0,"[0.21945099532604218, 0.137102410197258, 1.404103398323059, 1.576634407043457, 0.2871129810810089, 1.305737018585205, 1.656835913658142, -2.1364426612854004, -0.08336988836526871, 2.2606313228607178, -0.9060210585594177, -0.7352657914161682, 0.07884816825389862, 0.3816004991531372, -0.03387609124183655, 0.2256549447774887, -0.8731589317321777, -1.6840680837631226, -2.2488040924072266, -1.1940523386001587, 0.12886707484722137, 0.19224128127098083, 0.4173097014427185, 0.9018667340278625, 0.871346116065979, 0.22072502970695496, 2.21307635307312, -0.3709384500980377, 2.9248697757720947, 0.9400700926780701, -0.6733729839324951, -0.40895065665245056, -1.4881809949874878, -0.9428126811981201, 2.0361592769622803, -1.017040729522705, -1.3742071390151978, -0.35265052318573, -0.35632118582725525, -0.04044695198535919, 0.5501378178596497, -2.059107542037964, -0.7901351451873779, 1.9024972915649414, 0.3767435848712921, -0.24524818360805511, 0.5794909596443176, -0.8710743188858032, -0.18315213918685913, -0.9316990375518799, -1.0840240716934204, 0.24891138076782227, 0.28355562686920166, 0.3854328393936157, -0.9668624997138977, 0.4973100423812866, 0.9416708946228027, -0.96226567029953, -0.03594756871461868, -0.1779945343732834, -1.641158103942871, 0.25779277086257935, -0.22273242473602295, -1.3463667631149292, -1.727518081665039, 1.939492106437683, -0.3747372627258301, 1.1056196689605713, 0.6278378367424011, -0.40990373492240906, -1.150843858718872, -0.16338860988616943, 1.1772898435592651, -0.8743155002593994, 0.7049981355667114, 0.32937926054000854, 0.42895153164863586, 0.18164551258087158, -0.03945782780647278, 0.30901068449020386, 0.18396246433258057, -0.43016621470451355, 0.03166857361793518, -0.4060487151145935, 0.9880961179733276, -0.425728976726532, 0.14642086625099182, -0.28835007548332214, 1.4618513584136963, -0.2291203886270523, 0.16852973401546478, 0.3379403352737427, 1.142533302307129, -1.1994601488113403, 1.1841427087783813, 2.2143795490264893, 0.3775065839290619, -0.41848522424697876, 0.34065085649490356, -0.9999081492424011, -1.0721412897109985, 1.3964335918426514, -0.8330891728401184, 0.3776654601097107, 1.332666039466858, 0.29643917083740234, 0.6233644485473633, 0.5653287172317505, 1.5734577178955078, -0.3960207402706146, 0.7025500535964966, 0.7960842251777649, -0.028887026011943817, -1.5964868068695068, -0.7890666127204895, 1.2837061882019043, -0.19540511071681976, 1.6437182426452637, -0.4738803207874298, -0.9748188853263855, 1.9783645868301392, -0.6693611145019531, 1.404593825340271, -0.7017933130264282, 0.8986753225326538, 0.8096408843994141, 0.8150138854980469, 0.5250408053398132]",yunet,Facenet,1920,1080,/home/amos/media/tv/modern_family/Modern.Family.S09.1080p.DSNP.WEB-DL.DDP5.1.H.264-CRFW/Modern.Family.S09E17.Royal.Visit.1080p.DSNP.WEB-DL.DDP5.1.H.264-CRFW.mkv,Modern Family,2009,1442437,9,17,Ariel Winter,42160.0,0.667
1004,642,180,774,342,726,246,672,246,0.911,25080,0,"[-1.3640846014022827, -1.6364185810089111, 0.09472239017486572, 1.7082698345184326, 0.5273768305778503, -0.5417805314064026, -0.28189024329185486, -1.9979441165924072, -0.6822652220726013, 2.256601333618164, -1.3954378366470337, 2.0779807567596436, 0.3566824793815613, -0.16494306921958923, 0.5138317942619324, -0.556148886680603, -0.3512214422225952, -0.7065634727478027, -1.7861601114273071, 0.6867578029632568, -0.2068301886320114, -0.5368775129318237, -0.19515708088874817, -0.37295225262641907, -0.7967457175254822, 0.13461819291114807, 0.7005550861358643, -0.14466314017772675, 1.2303701639175415, 1.4045685529708862, 0.9004755020141602, -1.296796202659607, -1.351124882698059, -1.0107014179229736, 2.1409926414489746, -0.7170037031173706, -2.0650784969329834, 0.13006269931793213, 0.07948625087738037, -0.17135122418403625, -0.15488463640213013, 0.85853511095047, 0.008384481072425842, 1.9869539737701416, 1.0074485540390015, -1.8193033933639526, 0.4089747667312622, 1.5830433368682861, -0.3981855511665344, 0.7233587503433228, -0.11469005048274994, 1.6475931406021118, 1.1844919919967651, -0.7330538630485535, 0.4826294183731079, -0.6442422270774841, 1.266762614250183, 0.6959781050682068, -0.7933704853057861, 0.7340517640113831, 1.09281587600708, -0.45844513177871704, -0.8377062678337097, -0.934506893157959, -0.6464471220970154, 1.3923370838165283, -0.2890831530094147, 0.37527430057525635, -0.699170708656311, 0.182657852768898, -0.24185733497142792, -0.21626980602741241, 0.01370804850012064, -0.20741969347000122, 0.6021751761436462, -1.1546844244003296, 0.5761104822158813, -0.9086260795593262, -0.13958051800727844, -0.6879332065582275, -0.7245523929595947, -0.2363831102848053, 1.162670373916626, 1.5753185749053955, -1.681591510772705, -0.53400719165802, 0.07379131019115448, -0.5341435074806213, 0.949669599533081, -1.7328450679779053, -2.2383618354797363, 0.10765663534402847, -0.2397841066122055, 0.9685298800468445, 2.3932766914367676, 0.3166090250015259, 0.4532897472381592, 0.07355648279190063, 0.05793493241071701, -0.5699986815452576, 1.7911098003387451, 0.3522768020629883, -2.611091136932373, 1.1489068269729614, 1.5996521711349487, -0.31582266092300415, 1.0510227680206299, -1.0485304594039917, 1.683667778968811, -0.9357495903968811, 0.988871157169342, 0.8460609316825867, 1.2284201383590698, 0.06495854258537292, -0.6058971285820007, 0.5048072338104248, -1.0216362476348877, 1.3486356735229492, -0.885013997554779, -0.46610957384109497, 1.4346805810928345, -0.88563072681427, -0.2657560110092163, -1.723293423652649, -0.08132590353488922, 0.7221444249153137, 0.6915349364280701, -0.9213976860046387]",yunet,Facenet,1920,1080,/home/amos/media/tv/modern_family/Modern.Family.S09.1080p.DSNP.WEB-DL.DDP5.1.H.264-CRFW/Modern.Family.S09E17.Royal.Visit.1080p.DSNP.WEB-DL.DDP5.1.H.264-CRFW.mkv,Modern Family,2009,1442437,9,17,Sarah Hyland,91351.0,0.681
1005,816,180,978,390,942,264,852,264,0.906,25104,0,"[0.18955230712890625, -0.657088041305542, 0.8005728125572205, 0.31620150804519653, -0.1683860421180725, 1.2540998458862305, 0.58513343334198, -1.5063997507095337, -0.3329409062862396, 2.1221024990081787, -1.715150237083435, -0.46735551953315735, -0.10997925698757172, 1.4475247859954834, -0.21991834044456482, 0.8780353665351868, -0.8192316293716431, -1.1739482879638672, -0.9370257258415222, -0.8801707029342651, 1.0875794887542725, -0.990796685218811, 1.1048669815063477, 1.1960428953170776, 0.9285082817077637, 0.5935750603675842, 2.869935989379883, -0.6418609619140625, 2.301392078399658, 1.6074905395507812, -0.7380800247192383, 0.6709840893745422, -0.44940537214279175, 0.011795252561569214, 1.3886770009994507, -1.3568617105484009, -1.2624878883361816, -0.06991230696439743, 0.6128356456756592, 1.742901086807251, 1.0326507091522217, -2.081307888031006, -0.5710965394973755, 0.8064372539520264, 0.15923194587230682, -0.7821524143218994, 0.09155400097370148, 0.019144775345921516, -0.13276970386505127, -1.5562244653701782, -1.5344440937042236, 1.1068832874298096, 0.6071670055389404, 0.8934975266456604, 0.0941937118768692, 0.5694522261619568, 0.6025984883308411, -0.4009345769882202, 0.17733541131019592, 0.6054006814956665, -0.624947190284729, -0.16852617263793945, -0.7952839136123657, -0.8736317157745361, -1.624858021736145, 0.7414472103118896, 0.12248403578996658, 1.8631728887557983, 0.10890901833772659, -0.6183973550796509, -1.3092769384384155, 1.32259202003479, 2.1784846782684326, 0.309644877910614, 0.6699734926223755, -0.39390885829925537, 1.3152390718460083, -0.20037154853343964, -0.12468116730451584, -1.1790844202041626, -1.3181216716766357, -0.46505820751190186, 0.18454086780548096, -0.36982065439224243, 0.8300905227661133, -0.07963448017835617, -0.060636602342128754, -1.624570608139038, 1.3772928714752197, -0.1751997172832489, -0.6294289231300354, 0.7007885575294495, 0.9101227521896362, -1.254062294960022, 1.6020381450653076, 1.4753682613372803, 0.2963400185108185, 0.13749390840530396, -0.4744294583797455, -1.2715309858322144, 0.0840110331773758, 1.5478968620300293, -1.1615194082260132, 0.2817589044570923, 1.0027958154678345, -0.4431273937225342, 0.04945455119013786, -0.06412746012210846, 0.7230612635612488, -0.5580726265907288, 0.8167010545730591, 1.0282200574874878, 0.33422455191612244, -2.3184030055999756, -0.8190659284591675, 1.092285394668579, -0.0211197342723608, 2.1541736125946045, -0.2801907956600189, -0.6460697650909424, 1.7022868394851685, 0.2936275601387024, 1.3890881538391113, -1.1360453367233276, 0.2460191398859024, 1.2218575477600098, 1.115730881690979, 1.1074068546295166]",yunet,Facenet,1920,1080,/home/amos/media/tv/modern_family/Modern.Family.S09.1080p.DSNP.WEB-DL.DDP5.1.H.264-CRFW/Modern.Family.S09E17.Royal.Visit.1080p.DSNP.WEB-DL.DDP5.1.H.264-CRFW.mkv,Modern Family,2009,1442437,9,17,Ariel Winter,42160.0,0.632
1006,858,180,1026,390,978,258,894,258,0.909,25128,0,"[0.8207031488418579, 0.3299771547317505, 1.3314307928085327, -1.1995224952697754, -0.2055242359638214, 0.9826133251190186, 0.8761239647865295, -1.073365330696106, -0.20417505502700806, 2.5954811573028564, -0.7756209373474121, 0.5337288975715637, -0.669955849647522, 1.5743199586868286, 0.19049221277236938, 2.6058692932128906, -0.9857020378112793, -1.202229380607605, -0.8205817341804504, -0.7766618728637695, 0.43751177191734314, -0.6805164217948914, 0.2480224072933197, 2.1932451725006104, 0.5961213707923889, 0.047970570623874664, 1.9677038192749023, -0.7027851343154907, 2.9604218006134033, 2.1620283126831055, -0.3246600031852722, -0.42251089215278625, -0.3578626811504364, 0.365008145570755, 0.4393391013145447, -1.0949435234069824, -1.404523253440857, 0.11620588600635529, 0.4362766146659851, 1.1729809045791626, 0.7971979975700378, -1.7062608003616333, -0.259085088968277, 1.334584355354309, -0.21275921165943146, -1.1868964433670044, -0.732545018196106, -0.07213963568210602, -0.17830702662467957, -1.2410951852798462, -0.6353209018707275, 0.10665373504161835, 0.6738042235374451, 1.194646954536438, -0.7270443439483643, -0.17494416236877441, 0.639718770980835, -0.024034449830651283, 0.7958434820175171, 0.30774882435798645, -1.2628262042999268, 0.37935131788253784, -0.21530207991600037, -0.02427130565047264, -0.6101552248001099, 0.7878365516662598, -0.14556345343589783, 0.6964914202690125, 0.14333269000053406, 0.034157704561948776, -1.310841679573059, 1.2356654405593872, 2.336902618408203, 0.7759686708450317, -0.04881109669804573, -0.9212867021560669, 0.9764692783355713, 0.13973142206668854, 0.5112501382827759, -0.704447329044342, -1.806653380393982, -0.783326268196106, -0.2183208167552948, -0.7501183152198792, 0.10235434770584106, -0.41506221890449524, 0.1354386955499649, -1.4546054601669312, 1.127540111541748, 0.2428310066461563, 0.29119187593460083, 0.8805427551269531, 0.9104123115539551, -1.2400707006454468, 1.5781320333480835, 0.5959060192108154, 0.5881955623626709, -0.8742052316665649, -0.46745872497558594, -1.2402006387710571, -0.8614574670791626, 1.5540562868118286, -1.1707510948181152, 1.234470248222351, 0.7829706072807312, 0.0859113559126854, -0.8347126245498657, -0.18798473477363586, 0.21249929070472717, 0.588210940361023, 1.5950472354888916, 0.6187256574630737, 0.7701003551483154, -1.430372953414917, -0.3984168767929077, 0.7447831630706787, 0.9585450887680054, 1.4095827341079712, -0.41397202014923096, -1.2690627574920654, 1.2036266326904297, 0.5477029085159302, 1.3552964925765991, -1.401233196258545, -0.2758345603942871, 0.7443224191665649, 1.0239179134368896, -0.46803686022758484]",yunet,Facenet,1920,1080,/home/amos/media/tv/modern_family/Modern.Family.S09.1080p.DSNP.WEB-DL.DDP5.1.H.264-CRFW/Modern.Family.S09E17.Royal.Visit.1080p.DSNP.WEB-DL.DDP5.1.H.264-CRFW.mkv,Modern Family,2009,1442437,9,17,Ariel Winter,42160.0,0.532
1007,1446,510,1602,732,1536,600,1476,600,0.9,25272,0,"[-1.1532269716262817, -2.5106258392333984, 0.8769619464874268, -0.08883564174175262, -0.6389074325561523, -0.3261452615261078, 1.4994004964828491, -0.11285862326622009, -0.9801026582717896, 2.6075189113616943, -0.4569306969642639, -0.09052785485982895, -0.06741180270910263, 0.372932493686676, -0.8775808811187744, 2.205437660217285, 0.68839430809021, -1.4642224311828613, 0.0981416255235672, 0.3885670602321625, 0.7867248058319092, -0.6065607070922852, -0.08078938722610474, 1.9141796827316284, 1.5269546508789062, 0.7128611207008362, 2.709177255630493, 1.3115291595458984, 1.8305163383483887, 0.6115776896476746, 1.5213985443115234, 0.4737003743648529, 1.9346948862075806, 0.8394739031791687, 0.04245425760746002, -1.4427002668380737, -0.566689670085907, 0.5254082083702087, 0.4866943359375, 0.17938578128814697, -1.8569990396499634, 1.0724698305130005, -0.30778685212135315, 0.8408122062683105, 0.10900753736495972, -0.838608980178833, -1.1658464670181274, 1.0899945497512817, -0.6816859841346741, -0.09080556035041809, -0.6148580312728882, 1.1725075244903564, -0.4995391070842743, 1.6326631307601929, 0.9321396946907043, 0.7399325966835022, 0.5953922271728516, 1.5742369890213013, -0.6327486038208008, 0.12963619828224182, -0.1910296380519867, 1.3403524160385132, 0.13289609551429749, -0.05948380008339882, -0.8391445875167847, 1.948900818824768, -0.5057616233825684, 2.2284164428710938, -0.4178755581378937, 1.0334019660949707, -0.8267630934715271, -0.12912744283676147, 1.3054219484329224, -0.07097354531288147, -1.0581713914871216, -0.4616672098636627, -0.5322750210762024, -1.4719821214675903, 1.0199190378189087, 1.1244924068450928, -1.357789158821106, -0.047422051429748535, 1.2144211530685425, 0.126085102558136, -0.7612780332565308, 1.3174527883529663, 0.8125624060630798, -0.00994783639907837, 1.1582318544387817, -0.10989516973495483, -0.1537494957447052, 0.40262988209724426, 0.014221493154764175, 0.8667024970054626, 2.332963705062866, -0.019219733774662018, -0.7318472862243652, -1.1066524982452393, -0.5451382994651794, -0.034348808228969574, 0.8133266568183899, 1.4472094774246216, -1.3408496379852295, 0.5752289891242981, 0.2217048704624176, -0.5712869763374329, -1.1096175909042358, -1.0797024965286255, 0.5388543605804443, -0.4480477571487427, 0.03818507492542267, -1.5694407224655151, 1.358843445777893, -0.3948957026004791, -0.9099779725074768, 0.4839847981929779, -0.13935211300849915, 0.7385159730911255, 0.3049243986606598, -2.2039718627929688, 1.5760916471481323, 1.938086986541748, -0.0012124404311180115, -1.379070520401001, 1.1660847663879395, 0.6078340411186218, 2.509197235107422, -0.7540317177772522]",yunet,Facenet,1920,1080,/home/amos/media/tv/modern_family/Modern.Family.S09.1080p.DSNP.WEB-DL.DDP5.1.H.264-CRFW/Modern.Family.S09E17.Royal.Visit.1080p.DSNP.WEB-DL.DDP5.1.H.264-CRFW.mkv,Modern Family,2009,1442437,9,17,,,
1008,864,120,1074,396,1038,240,942,240,0.911,25296,0,"[-0.2587130069732666, -0.21183767914772034, 2.468862295150757, 0.7643521428108215, -0.18090392649173737, 0.9373666644096375, 1.3523468971252441, -1.8172589540481567, -0.6561442613601685, 1.8436943292617798, -0.34358641505241394, -0.6786428689956665, 0.1320238709449768, 1.0686968564987183, -0.8473541736602783, 0.22261793911457062, 0.13504178822040558, -2.0374395847320557, -0.7635515332221985, -0.09266342222690582, -0.08593226969242096, -0.49941062927246094, 0.000288303941488266, 0.6815204620361328, -0.1763652116060257, 0.5285213589668274, 2.4042069911956787, 0.2715858817100525, 1.7200429439544678, 1.750710368156433, -0.593259334564209, -0.9958304762840271, -0.2627369463443756, -1.1233748197555542, 2.4847824573516846, 0.8064828515052795, -1.1604119539260864, -0.6984515190124512, -0.05586026608943939, 1.499658465385437, 0.05963769555091858, -1.2299679517745972, -0.8945071697235107, 1.8478641510009766, 0.08795526623725891, -1.0475585460662842, -0.5197091102600098, 0.2879360318183899, -0.8059931993484497, -2.040526866912842, -0.018745653331279755, 0.7391296029090881, 0.6148666143417358, -0.1806958019733429, -0.7736973762512207, 0.5001993775367737, 1.6589585542678833, 0.7326362729072571, -0.352935254573822, -0.7575239539146423, -1.2107824087142944, 0.44510096311569214, 0.39651572704315186, -0.8075587749481201, -2.0176711082458496, 1.8741785287857056, 0.32780107855796814, 2.1260275840759277, 1.1919293403625488, 1.1608376502990723, 0.026015903800725937, -0.22643592953681946, 0.49007490277290344, -0.8646605014801025, 0.21259015798568726, 1.2868906259536743, 0.9848853349685669, 0.29947033524513245, -0.2590479552745819, 0.06551365554332733, 0.4277492165565491, -0.31926026940345764, 0.2940165102481842, -0.6303688287734985, 0.825162410736084, -0.15784958004951477, 0.19256262481212616, -0.268302857875824, 0.4464859664440155, -0.8177128434181213, -0.3364109694957733, 0.31992048025131226, 1.3042807579040527, 0.2485368251800537, 0.06315362453460693, 1.6694191694259644, 0.12377680838108063, -1.156947135925293, -0.09996090084314346, 0.4149912893772125, -0.8481616377830505, 2.425614595413208, -0.5218802094459534, -0.3286418616771698, -0.3157757818698883, -0.14628422260284424, 0.13580769300460815, -0.5395851135253906, 1.1211618185043335, -0.36098039150238037, 0.31534790992736816, 1.0037204027175903, 0.3424268066883087, -1.0208356380462646, -0.9047603011131287, 1.9255906343460083, 0.3877958655357361, 1.2181291580200195, -0.12689200043678284, -0.5882034301757812, 1.5291656255722046, 0.1467839628458023, 1.3896281719207764, -3.0021257400512695, 2.163069725036621, 0.9824948906898499, 1.8075424432754517, 0.6435412168502808]",yunet,Facenet,1920,1080,/home/amos/media/tv/modern_family/Modern.Family.S09.1080p.DSNP.WEB-DL.DDP5.1.H.264-CRFW/Modern.Family.S09E17.Royal.Visit.1080p.DSNP.WEB-DL.DDP5.1.H.264-CRFW.mkv,Modern Family,2009,1442437,9,17,Ariel Winter,42160.0,0.607
1009,672,150,810,324,774,210,714,210,0.918,25320,0,"[-1.8091768026351929, -2.3807520866394043, 0.1824265420436859, 2.502652645111084, 2.5265860557556152, -0.6582021713256836, 0.47749894857406616, -1.9610432386398315, -0.5737233757972717, 2.504392623901367, -1.5235017538070679, 1.107782006263733, 1.0175076723098755, -0.23054230213165283, -0.1697920262813568, 0.15968012809753418, 0.16048642992973328, -0.6725765466690063, -1.8526301383972168, -0.37096402049064636, 0.05446808040142059, -0.30378279089927673, 0.45740509033203125, 0.035975005477666855, -0.2226739078760147, 0.07696272432804108, 1.6359649896621704, -0.14450758695602417, 1.716601848602295, 1.0326069593429565, 1.0463730096817017, -2.0261735916137695, -1.0170707702636719, -1.5353419780731201, 1.530287742614746, -0.7439427971839905, -2.066565990447998, 1.4629004001617432, -0.3634800314903259, -0.17036603391170502, -0.004795493558049202, 0.004829271696507931, 1.0288618803024292, 1.1588393449783325, 0.43718987703323364, -0.8742783069610596, 0.48537495732307434, 0.7898343801498413, -0.8965938091278076, 0.6947722434997559, -1.6973669528961182, 2.8180463314056396, 1.1532323360443115, -0.6244991421699524, 0.6980050206184387, -0.16881684958934784, 0.3424854576587677, 0.42945653200149536, 0.9182220697402954, 0.3892720937728882, 0.7379663586616516, -0.8418366312980652, -0.3741343021392822, -0.33830544352531433, -1.7311930656433105, 1.499251365661621, -0.8297434449195862, 0.6187672019004822, -0.8225163817405701, -0.026926785707473755, -0.34501880407333374, -0.7950128316879272, -0.02344466745853424, 0.2148853987455368, 0.766183614730835, -0.07649379968643188, 0.7951252460479736, 0.07397256046533585, -0.26861223578453064, -0.8434727787971497, -1.0437283515930176, 0.5983941555023193, 0.23307353258132935, 1.5504025220870972, -0.8403134346008301, 0.5096356868743896, 0.39996466040611267, -1.0084731578826904, 0.005467161536216736, -1.0170331001281738, -1.8385716676712036, 0.6997311115264893, 1.146992802619934, 0.724463939666748, 1.9696882963180542, 0.07766539603471756, -0.5351477265357971, 0.12480365484952927, 0.033336542546749115, -0.5765909552574158, 0.5130736231803894, 0.732196033000946, -1.1112432479858398, 0.42305463552474976, 1.4930111169815063, -0.266786128282547, 0.5646504163742065, -0.24116632342338562, 0.6755963563919067, -1.160997748374939, 1.518291711807251, 1.4924191236495972, 1.3058663606643677, 0.5391473770141602, -0.757030725479126, 0.704197883605957, -1.0599067211151123, 1.4706511497497559, -2.032855272293091, 0.08803632855415344, 1.806687593460083, -0.7676938772201538, -0.5195074081420898, -1.6698002815246582, -0.8482560515403748, 1.4860918521881104, 1.619051456451416, -0.8741673827171326]",yunet,Facenet,1920,1080,/home/amos/media/tv/modern_family/Modern.Family.S09.1080p.DSNP.WEB-DL.DDP5.1.H.264-CRFW/Modern.Family.S09E17.Royal.Visit.1080p.DSNP.WEB-DL.DDP5.1.H.264-CRFW.mkv,Modern Family,2009,1442437,9,17,Sarah Hyland,91351.0,0.711
1010,618,138,756,312,726,204,660,204,0.911,25344,0,"[-1.8210530281066895, -2.01006817817688, 0.18998217582702637, 2.6794612407684326, 2.322960376739502, 0.30274882912635803, 1.1254897117614746, -1.2053866386413574, 0.07065270096063614, 2.597769260406494, -1.9730641841888428, 0.5925867557525635, -0.7872883081436157, 0.6820566654205322, -0.9134293794631958, 0.2035384178161621, -0.516549825668335, -0.3811090588569641, -0.9874606132507324, -0.3154906630516052, 0.303854763507843, -1.1162632703781128, 0.9435622096061707, 0.17345990240573883, -0.23126840591430664, 1.0875111818313599, 0.7776799201965332, -1.3573006391525269, 2.06765079498291, 1.5181777477264404, 1.321051836013794, -1.9715105295181274, -1.106270432472229, -1.2728091478347778, 1.0877104997634888, -0.2658887207508087, -2.280836343765259, 1.5158493518829346, -0.08956243097782135, 0.2884678542613983, 0.6611021757125854, 0.32764384150505066, 0.042124830186367035, 1.0410823822021484, 1.225350022315979, 0.03669839724898338, -0.6822848320007324, 1.5652527809143066, -0.6150025725364685, 0.424243688583374, -1.5084279775619507, 2.7044875621795654, 1.3688788414001465, -0.35865241289138794, 0.1016254872083664, -0.0762363001704216, 0.2086935043334961, 0.09317609667778015, 1.843649983406067, 0.8595638275146484, 0.37443986535072327, -0.31267088651657104, -0.3226795196533203, -0.8500033617019653, -1.961840033531189, 1.0211788415908813, -0.7423274517059326, 1.2341505289077759, 0.22930428385734558, 0.08823404461145401, -0.6784061193466187, -0.2293209433555603, 0.2056337147951126, 0.31649863719940186, 0.34977027773857117, -0.5816183090209961, 0.5287179946899414, 0.3333149254322052, -0.5250378847122192, -0.4978632926940918, -1.2198421955108643, -0.6402828693389893, -0.38769370317459106, -0.6275689005851746, -1.722361445426941, 0.2745131552219391, -0.41382232308387756, -0.2287045121192932, 0.35963913798332214, -0.22320891916751862, -1.195980429649353, 1.3877261877059937, 0.9113865494728088, 1.1581227779388428, 0.9281973242759705, -0.13713033497333527, 0.037801891565322876, 0.039989255368709564, -0.17851589620113373, 0.515463650226593, 0.32555341720581055, 0.8425734043121338, -1.331518292427063, 0.1894192397594452, 1.3466116189956665, -0.7224267721176147, 0.545657753944397, -0.7070862054824829, -0.2570537328720093, -0.5987462401390076, 1.4128042459487915, 1.630021333694458, 1.0248701572418213, -0.3255299925804138, -0.40468835830688477, 0.9022762775421143, -0.7666550874710083, 0.9156151413917542, -1.4603512287139893, -0.10017509758472443, 1.3364530801773071, -0.6770544052124023, -0.7370131015777588, -1.8069597482681274, -1.1541508436203003, 0.8621882796287537, 1.982448935508728, -0.36706382036209106]",yunet,Facenet,1920,1080,/home/amos/media/tv/modern_family/Modern.Family.S09.1080p.DSNP.WEB-DL.DDP5.1.H.264-CRFW/Modern.Family.S09E17.Royal.Visit.1080p.DSNP.WEB-DL.DDP5.1.H.264-CRFW.mkv,Modern Family,2009,1442437,9,17,Sarah Hyland,91351.0,0.69
1011,744,114,888,300,852,186,786,186,0.912,25368,0,"[-0.7878024578094482, -1.754090428352356, 0.13285335898399353, 3.005138397216797, 2.056753396987915, 0.5285985469818115, 1.209428310394287, -1.5068268775939941, -0.124766506254673, 2.9494245052337646, -1.5923336744308472, 0.927311360836029, 0.048369839787483215, 0.6867493391036987, -0.1623455286026001, -0.3970755338668823, 0.519906222820282, -0.9515932202339172, -1.172804355621338, -0.41009247303009033, -0.37077322602272034, -0.6829950213432312, 0.39669349789619446, 0.5476630330085754, 0.09667517244815826, 0.287264883518219, 1.089464783668518, -0.8501392602920532, 1.61487877368927, 1.0630741119384766, 1.2099095582962036, -2.0540881156921387, -1.9049837589263916, -1.6986380815505981, 1.422674298286438, -0.4732155203819275, -1.662163496017456, 1.074528694152832, -0.737194299697876, -0.3244442343711853, 0.4726416766643524, -0.007214936427772045, 0.32891058921813965, 1.2503081560134888, 1.0421993732452393, -0.293113112449646, 0.7518317699432373, 0.9750796556472778, -0.7749901413917542, 0.9309152364730835, -1.4062339067459106, 2.3461556434631348, 0.8633392453193665, -1.0018187761306763, 0.29602232575416565, 0.2855657935142517, 0.6812027096748352, 0.37266653776168823, 2.027440071105957, 0.22489240765571594, 0.24971505999565125, -0.4620131850242615, 1.2400970458984375, -1.0639712810516357, -1.6960736513137817, 1.269845724105835, -1.049830436706543, 1.3151825666427612, -0.6561697125434875, 0.184035524725914, -0.4230513572692871, -0.4181697964668274, -0.10148106515407562, 0.2715930938720703, -0.20556698739528656, -0.43856081366539, 0.43066588044166565, -0.258694052696228, -0.9427861571311951, -0.30376261472702026, -1.2268359661102295, -0.42260682582855225, -0.08559264242649078, 0.515815258026123, -1.106446623802185, -0.16291028261184692, 0.055138859897851944, -0.6279561519622803, 0.9371154308319092, -1.2607333660125732, -1.5397244691848755, 0.30857646465301514, 1.1797682046890259, 1.0935730934143066, 1.378143072128296, -0.232737198472023, 0.6534308195114136, 0.1623101532459259, 0.3657555878162384, 0.6652219295501709, 0.22595952451229095, 1.3617136478424072, -0.8915790319442749, -0.07381866127252579, 0.9712485671043396, -0.22999082505702972, 0.2826521098613739, -0.02706432342529297, 0.8821050524711609, -0.6514685750007629, 1.051741600036621, 1.7609978914260864, 1.7233960628509521, -0.19260630011558533, -0.7844759821891785, 0.44394156336784363, -0.6692005395889282, 1.165535569190979, -1.6588895320892334, -0.16339875757694244, 1.3561367988586426, -0.2616652846336365, -0.23142491281032562, -1.8833057880401611, -0.9190343022346497, 1.6881310939788818, 1.5463217496871948, -1.290640950202942]",yunet,Facenet,1920,1080,/home/amos/media/tv/modern_family/Modern.Family.S09.1080p.DSNP.WEB-DL.DDP5.1.H.264-CRFW/Modern.Family.S09E17.Royal.Visit.1080p.DSNP.WEB-DL.DDP5.1.H.264-CRFW.mkv,Modern Family,2009,1442437,9,17,Sarah Hyland,91351.0,0.663
1012,636,150,780,342,756,216,684,222,0.93,25392,0,"[-1.2612495422363281, -1.2895911931991577, 0.3526926338672638, 2.857151985168457, 2.4295804500579834, 0.07803959399461746, 1.796669840812683, -2.257171869277954, -0.14121845364570618, 2.272599935531616, -1.1676238775253296, 1.0797083377838135, 0.8033339977264404, -0.6887242794036865, 0.08745861053466797, 0.28772932291030884, -0.26049333810806274, -0.8876749873161316, -1.9615678787231445, 0.029518403112888336, 0.13686835765838623, -1.0820971727371216, 0.7603226900100708, 0.4510626792907715, -0.849780261516571, -0.16216006875038147, 1.0324362516403198, -0.6124842762947083, 1.8692797422409058, 1.6233158111572266, 1.0544235706329346, -2.021125078201294, -1.305864930152893, -1.334378957748413, 1.3617738485336304, -1.3639081716537476, -2.172640323638916, 0.8947636485099792, -0.2973795533180237, -0.44742485880851746, 0.769603967666626, -0.24759630858898163, -0.36245793104171753, 2.2372710704803467, 0.7131633758544922, -0.5056441426277161, 0.22694247961044312, 0.9217591285705566, -0.19219492375850677, 0.06548663973808289, -1.2071675062179565, 1.9827303886413574, 0.6676620841026306, -0.2576758861541748, 0.1367216408252716, 1.0911082029342651, 1.2412842512130737, -0.0749550610780716, 0.48189017176628113, 0.9676063060760498, -0.4181196987628937, 0.4075222611427307, -0.3507321774959564, -0.6461052298545837, -1.2128037214279175, 1.3205102682113647, -0.5775048732757568, 0.46076712012290955, -0.05537402629852295, 0.14981649816036224, -0.8094838261604309, 0.17088252305984497, 0.0027559027075767517, 0.5827546715736389, -0.19430680572986603, -0.5446985363960266, -0.5687562227249146, -0.6485671401023865, -0.7468395829200745, -1.0077259540557861, -0.36131608486175537, -0.5410062074661255, 0.5529381632804871, 0.16196410357952118, -0.6540985107421875, -0.7678432464599609, 0.4638594090938568, -0.38977473974227905, 0.038331419229507446, -0.937319815158844, -1.3895738124847412, 0.8643205761909485, 0.8539889454841614, 0.4672868251800537, 1.407209038734436, 0.24563594162464142, 0.8357663154602051, -0.6093865633010864, -0.10745677351951599, -0.5408145189285278, -0.14213153719902039, 0.5431907773017883, -2.252840042114258, 0.8906518220901489, 2.049201488494873, -0.22623848915100098, 0.9963659644126892, -1.1633011102676392, 1.170408844947815, -0.9056172370910645, 0.6872014999389648, 1.7511063814163208, 1.2145121097564697, -0.6303379535675049, -1.0816577672958374, 0.8175809383392334, -0.6831328868865967, 1.5335437059402466, -1.0968188047409058, -0.5028072595596313, 2.1357533931732178, -0.5834795236587524, 0.5317730903625488, -1.420892357826233, -0.591046154499054, 0.7861445546150208, 0.941429853439331, -0.8372174501419067]",yunet,Facenet,1920,1080,/home/amos/media/tv/modern_family/Modern.Family.S09.1080p.DSNP.WEB-DL.DDP5.1.H.264-CRFW/Modern.Family.S09E17.Royal.Visit.1080p.DSNP.WEB-DL.DDP5.1.H.264-CRFW.mkv,Modern Family,2009,1442437,9,17,Sarah Hyland,91351.0,0.666
1013,660,138,810,330,774,210,714,210,0.917,25416,0,"[-0.6994861364364624, -0.6514841318130493, -1.0209485292434692, 2.998077154159546, 0.633948028087616, 0.4564642608165741, -0.5009464025497437, -3.6058192253112793, -0.10473822057247162, 2.5356428623199463, -2.4926700592041016, 1.304793357849121, 1.4760404825210571, -0.4796086549758911, 0.8540806770324707, 0.042793504893779755, 0.3895876109600067, -0.6411159634590149, -0.2074679732322693, 0.052170418202877045, -0.30100882053375244, 0.21884974837303162, 0.7476516366004944, 1.0718765258789062, 0.4973888397216797, -0.41328057646751404, 1.0289723873138428, -0.660272479057312, 1.8892958164215088, 0.1435117870569229, -0.3913367986679077, -2.565579891204834, -1.662584662437439, -0.873611569404602, 2.0462164878845215, -0.7568073272705078, -1.3076459169387817, 0.9272343516349792, 0.962163507938385, -0.9948781728744507, 0.11722367256879807, -0.4222170114517212, -0.8889409303665161, 1.0084763765335083, 0.7406483292579651, 0.06038883700966835, 0.24184542894363403, 0.8904213905334473, 0.04997469484806061, -0.23389777541160583, -1.1818848848342896, 0.874674916267395, 0.3516940176486969, -0.13451194763183594, 0.4427720904350281, -0.14202190935611725, 1.4349735975265503, -0.5560516715049744, 0.49489089846611023, 0.11625798791646957, 0.43675389885902405, 0.07395091652870178, -1.1863006353378296, -1.6987454891204834, -1.09088134765625, 1.8254598379135132, 0.48796841502189636, -0.42290762066841125, -0.8493701815605164, -0.8160054683685303, 0.02885148674249649, -0.07211019098758698, -0.215017169713974, 0.827924370765686, 0.6709505915641785, 0.04841522499918938, 0.7576091289520264, 0.014618277549743652, 0.7859935760498047, -1.0267223119735718, -0.5875005125999451, -0.3772948086261749, -0.13807524740695953, 1.4757328033447266, 0.3438059389591217, -0.12184812128543854, 0.6456799507141113, -0.2381904423236847, -0.574116587638855, -1.4553591012954712, 0.09296468645334244, 1.4583446979522705, 1.5145875215530396, 0.47558271884918213, 1.0395326614379883, 0.5633001327514648, 1.1122785806655884, 1.1690863370895386, -1.0170845985412598, -1.0292072296142578, 0.24930234253406525, 0.4937342405319214, -1.1733677387237549, 0.16013626754283905, 1.3681223392486572, -0.14315935969352722, 0.4150472581386566, -0.4640212953090668, 0.9992785453796387, -1.4912327527999878, 0.3003714680671692, 1.2645295858383179, 0.39974966645240784, -1.222151279449463, -1.3859187364578247, 0.6394466161727905, -1.279953956604004, 2.4584124088287354, -0.7486718893051147, 1.7603884935379028, 0.805050253868103, -0.7151807546615601, 0.7102861404418945, -1.117993950843811, 1.2350308895111084, 1.2017180919647217, 1.8839110136032104, -1.1806312799453735]",yunet,Facenet,1920,1080,/home/amos/media/tv/modern_family/Modern.Family.S09.1080p.DSNP.WEB-DL.DDP5.1.H.264-CRFW/Modern.Family.S09E17.Royal.Visit.1080p.DSNP.WEB-DL.DDP5.1.H.264-CRFW.mkv,Modern Family,2009,1442437,9,17,Sarah Hyland,91351.0,0.673
1014,744,60,1026,408,954,204,810,216,0.918,25440,0,"[0.8170785903930664, -0.8992042541503906, 1.0625571012496948, 0.6452310085296631, 0.3397158980369568, 1.6031221151351929, 1.129435658454895, -1.528917670249939, 0.177668958902359, 2.6851212978363037, -2.0367727279663086, 0.030707022175192833, 0.26551419496536255, 1.504799246788025, -1.1342991590499878, 1.0466408729553223, -1.2865976095199585, -1.481811761856079, 0.12342985719442368, 0.49002617597579956, 1.6674292087554932, -0.6801301836967468, 1.5967665910720825, 0.71117103099823, 1.309351921081543, 0.3494076132774353, 2.8133044242858887, -0.4982222318649292, 1.743341088294983, 1.597913384437561, -0.5859041213989258, 0.05765776336193085, 0.07367058843374252, 0.43481945991516113, 0.8119716048240662, -1.098312497138977, -1.0279420614242554, -0.3677397668361664, 0.22550974786281586, 1.367943286895752, 0.8780401349067688, -0.07965607941150665, -0.5388563871383667, 1.3172701597213745, -0.639015257358551, -0.9383665919303894, -1.5715192556381226, 0.5419548749923706, -0.6079941391944885, -1.1615846157073975, -0.7300217747688293, 1.4247967004776, 0.33933597803115845, 0.2633010745048523, 0.42458415031433105, 0.10133682936429977, 1.0553112030029297, 0.38897573947906494, 0.33586829900741577, -0.7429196834564209, 0.09276395291090012, 0.4054316282272339, 0.08382251113653183, -0.8680169582366943, -2.5842151641845703, 1.0586659908294678, -0.06119570881128311, 1.4780309200286865, -0.17319363355636597, -0.25449812412261963, -1.135169506072998, 0.3831627070903778, 2.25132417678833, 0.06030847132205963, 0.11280746757984161, -0.13596342504024506, 1.1423718929290771, 0.28586238622665405, 0.1882125437259674, -0.938474178314209, -1.0657970905303955, -0.06791708618402481, 0.7714293599128723, 0.40830761194229126, -0.18703517317771912, -0.14474380016326904, 0.645065426826477, -1.1774635314941406, 1.8049381971359253, 0.08400645852088928, -1.0414565801620483, 0.7468727827072144, 0.649728000164032, 0.4884261190891266, 1.4227045774459839, 0.7267817854881287, 0.27467575669288635, -1.9187543392181396, -0.9617735743522644, -0.5447608828544617, 0.1283370852470398, 1.874186396598816, -1.964241862297058, -0.2963637113571167, 0.7353894114494324, -0.9529274702072144, -0.17926150560379028, -0.25415003299713135, 0.6683224439620972, -0.30065181851387024, 1.4021294116973877, 0.5052024722099304, 0.942453145980835, -0.9946600794792175, -0.3044703006744385, 1.910739779472351, -0.5228996276855469, 1.3041273355484009, -0.1908741593360901, -1.6035828590393066, 1.458695411682129, 0.47854068875312805, 0.4546395540237427, -1.5832443237304688, 1.1897382736206055, 0.4549168646335602, 1.9126999378204346, 0.023831572383642197]",yunet,Facenet,1920,1080,/home/amos/media/tv/modern_family/Modern.Family.S09.1080p.DSNP.WEB-DL.DDP5.1.H.264-CRFW/Modern.Family.S09E17.Royal.Visit.1080p.DSNP.WEB-DL.DDP5.1.H.264-CRFW.mkv,Modern Family,2009,1442437,9,17,Ariel Winter,42160.0,0.688
1015,516,180,678,390,636,264,564,258,0.916,25560,0,"[-0.4025876522064209, -1.250255823135376, -0.4635156989097595, 3.57834792137146, 2.066351890563965, 0.7829879522323608, 1.2859935760498047, -2.325918674468994, -0.2719559669494629, 3.0805583000183105, -1.834368348121643, 0.21728578209877014, 0.2528654932975769, 0.19898611307144165, -0.16592562198638916, -0.10008955746889114, -1.1200202703475952, -0.6411969065666199, -1.2624852657318115, 0.23113778233528137, 9.906291961669922e-05, 0.15814439952373505, 1.0261406898498535, 1.332502841949463, 0.9377827048301697, 0.9076333045959473, 1.7245094776153564, -1.2148798704147339, 2.3669111728668213, 1.5056798458099365, 1.0128306150436401, -0.5096603631973267, -1.7043886184692383, -0.9474156498908997, 0.8239363431930542, -0.8426216840744019, -0.8688825964927673, 1.1508291959762573, -0.7412732243537903, -0.4764472544193268, 1.5170453786849976, 0.1050504669547081, 0.09150496125221252, 1.782248616218567, 0.04004592448472977, 0.36362224817276, 1.1464085578918457, -0.05736435949802399, -0.3802917003631592, 0.8688743114471436, -1.0121040344238281, 1.292623519897461, 1.0296521186828613, 0.2461438626050949, -0.49752870202064514, 0.5312886238098145, 0.4508059620857239, -0.5862010717391968, 0.9521430730819702, 0.9751430749893188, 0.07307640463113785, -0.09055589884519577, -0.4862019717693329, -1.4673700332641602, -1.196880578994751, 1.1287943124771118, -0.20988866686820984, 1.0707038640975952, 0.32376551628112793, 0.3549807369709015, -0.3721752166748047, -0.19644927978515625, 0.39754772186279297, 1.065324068069458, 0.1898973286151886, -0.6239208579063416, 0.5973118543624878, -0.07588213682174683, -0.9351798295974731, 0.14998067915439606, -0.7323698997497559, -0.4266461133956909, 1.419081687927246, 1.344242811203003, -0.8799270391464233, 0.9235959053039551, 1.1068378686904907, 0.001461416482925415, 1.3450497388839722, -0.7888002395629883, -0.9310131669044495, 0.2726702392101288, 0.7324711084365845, 0.09466886520385742, 1.7002564668655396, 0.7134755849838257, 0.9035206437110901, -0.8447055816650391, 0.46891915798187256, -0.4644845724105835, -1.1831700801849365, 0.9304044246673584, -1.7548034191131592, -0.31549444794654846, 1.4756659269332886, -1.1140344142913818, 0.7693387269973755, 0.7411352396011353, 2.083761692047119, -1.066463589668274, 0.4253884553909302, 0.6839393973350525, 0.8138993978500366, -0.3679543733596802, -0.47445064783096313, 0.5193237066268921, -1.0662901401519775, 1.4588873386383057, -0.8991729617118835, -0.9820330142974854, 2.3169453144073486, -1.1717572212219238, -0.023958347737789154, -1.0538976192474365, -0.3870334029197693, 0.7190560102462769, 1.153411626815796, -0.23828524351119995]",yunet,Facenet,1920,1080,/home/amos/media/tv/modern_family/Modern.Family.S09.1080p.DSNP.WEB-DL.DDP5.1.H.264-CRFW/Modern.Family.S09E17.Royal.Visit.1080p.DSNP.WEB-DL.DDP5.1.H.264-CRFW.mkv,Modern Family,2009,1442437,9,17,Sarah Hyland,91351.0,0.645
1016,846,108,1122,480,1050,264,894,264,0.924,25584,0,"[0.9954354763031006, -0.1633991152048111, 0.7574084997177124, 0.3492140769958496, 0.5284810066223145, 2.379464864730835, 1.097241997718811, -1.2130193710327148, 0.3796727955341339, 2.5199830532073975, -1.366456389427185, -0.22971203923225403, -0.3398965001106262, 1.1043007373809814, -0.41726961731910706, 1.7097578048706055, -0.601732611656189, -1.7771921157836914, -0.13190269470214844, -0.2134544998407364, 1.1698124408721924, -0.4084596633911133, 1.9337280988693237, 0.9953265190124512, 1.825547695159912, 0.03470781072974205, 2.1729629039764404, -0.8248543739318848, 2.316863775253296, 1.617230772972107, -0.3177344799041748, -0.33010515570640564, 0.28096693754196167, 0.5992096066474915, 1.2213222980499268, -0.3170038163661957, -1.2299178838729858, 0.17888164520263672, -0.46904420852661133, 1.5084692239761353, 0.7482321262359619, -1.3261940479278564, -1.4048832654953003, 1.885386347770691, -0.22567784786224365, -0.6532256603240967, -0.9359753131866455, -0.18243779242038727, -0.4733147621154785, -1.867430329322815, -0.9037222862243652, 0.9926936030387878, -0.3338635265827179, 0.9415301084518433, -0.3273121118545532, 0.5773255825042725, 0.7566092610359192, -0.6735825538635254, 0.6212775111198425, -0.4353681206703186, -0.6535360217094421, 0.3501647710800171, 0.44725412130355835, -2.216996192932129, -1.811976432800293, 0.11620056629180908, -0.11855398863554001, 1.8895105123519897, 0.12410768121480942, -0.7186810970306396, -1.7233331203460693, 0.29332688450813293, 1.0446323156356812, -0.3434983491897583, 0.36744722723960876, 0.2436300814151764, 0.5678305625915527, -0.3316930830478668, -0.10314716398715973, -0.7518302202224731, 0.11290187388658524, -0.1111571192741394, 0.020932577550411224, -0.026568282395601273, -0.05330263823270798, -0.4199965000152588, 0.2780700623989105, -0.6156416535377502, 1.7346103191375732, 0.5634627342224121, -0.6253602504730225, -0.04533364251255989, 1.3695355653762817, -0.9880061745643616, 0.43863898515701294, 1.4585678577423096, 0.40955761075019836, -1.735486626625061, -0.10042160004377365, 0.6617091298103333, -0.7910892367362976, 1.185071349143982, -2.2928237915039062, 0.23580779135227203, 0.6972112059593201, -0.5182998776435852, -0.7804273962974548, 0.2291182428598404, 1.19180166721344, -0.30398109555244446, 0.4563766121864319, 0.616857647895813, 0.746851921081543, -2.2760210037231445, 0.1615736484527588, 0.6335694789886475, -0.43424853682518005, 0.6897909641265869, 0.6950989961624146, -1.8974144458770752, 2.1393141746520996, 0.12299011647701263, 0.42260801792144775, -0.8255361318588257, 1.8230278491973877, 0.5919257998466492, 1.2202078104019165, 0.6529058218002319]",yunet,Facenet,1920,1080,/home/amos/media/tv/modern_family/Modern.Family.S09.1080p.DSNP.WEB-DL.DDP5.1.H.264-CRFW/Modern.Family.S09E17.Royal.Visit.1080p.DSNP.WEB-DL.DDP5.1.H.264-CRFW.mkv,Modern Family,2009,1442437,9,17,Ariel Winter,42160.0,0.704
1017,1002,222,1308,606,1230,378,1074,384,0.922,25608,0,"[0.8041297197341919, -0.39785757660865784, 0.43611663579940796, 0.7251222133636475, 0.17404267191886902, 1.9348355531692505, 0.9433761835098267, -1.7100284099578857, 0.17303243279457092, 2.2144598960876465, -0.7079752683639526, -0.4468623995780945, 0.0521547868847847, 1.126146912574768, -0.8590450286865234, 1.1667375564575195, -0.3776431977748871, -2.3639814853668213, -0.34290313720703125, 0.5120724439620972, 1.0872061252593994, -0.16446998715400696, 1.1439765691757202, 0.6093642115592957, 1.6529474258422852, 0.22305035591125488, 2.7421398162841797, -0.5074491500854492, 2.0602848529815674, 1.669677734375, -0.42827633023262024, 0.3941818177700043, -0.1069348007440567, 0.4532685875892639, 1.459360957145691, -0.3113035261631012, -1.0787291526794434, -0.5210887789726257, 0.20070941746234894, 1.1864628791809082, 0.9083771705627441, -1.0504223108291626, -1.2173975706100464, 1.7028690576553345, -0.18506011366844177, -1.2543638944625854, -0.9181212782859802, -0.369423508644104, -0.4627898931503296, -1.6794450283050537, -1.2447868585586548, 1.1779954433441162, -0.06398145109415054, 0.8071372509002686, -0.6702718138694763, 0.44747158885002136, 1.2678492069244385, -0.5247709155082703, -0.059173986315727234, -0.3746482729911804, -0.34137260913848877, 0.6129799485206604, 0.710195004940033, -1.7837918996810913, -1.960945725440979, 0.6403239965438843, 0.5871137380599976, 1.6626571416854858, -0.07240860164165497, -0.26909640431404114, -1.075798511505127, 0.40038570761680603, 0.9835876226425171, -0.13854283094406128, 0.29889994859695435, 0.0553627610206604, 1.2111375331878662, -0.5499345660209656, 0.35724619030952454, -0.7764379978179932, 0.6246050596237183, -0.13418594002723694, 0.2851548492908478, 0.2201453000307083, 0.21071374416351318, -0.6715191602706909, -0.140389084815979, -0.9704309105873108, 1.52828848361969, -0.43464195728302, -0.8108693957328796, -0.184849813580513, 0.8471001982688904, -0.4542659819126129, 0.7626769542694092, 1.5223504304885864, 0.2671431303024292, -1.1795490980148315, -0.7976686358451843, -0.12510371208190918, -0.2229149043560028, 1.0356026887893677, -2.1530022621154785, 0.12141820043325424, 0.974644124507904, 0.0680096372961998, -0.010779839009046555, -0.5404489040374756, 0.8201106786727905, -0.47856131196022034, 0.7813150882720947, 0.8390781283378601, 1.3269047737121582, -1.9006879329681396, -0.1279737651348114, 0.6064379215240479, -0.9482609033584595, 0.8961668610572815, 0.4723649322986603, -0.9852169752120972, 1.9734715223312378, 0.16752932965755463, 1.1985344886779785, -0.992718517780304, 2.258277177810669, 0.7620059251785278, 1.80670964717865, 0.8546355366706848]",yunet,Facenet,1920,1080,/home/amos/media/tv/modern_family/Modern.Family.S09.1080p.DSNP.WEB-DL.DDP5.1.H.264-CRFW/Modern.Family.S09E17.Royal.Visit.1080p.DSNP.WEB-DL.DDP5.1.H.264-CRFW.mkv,Modern Family,2009,1442437,9,17,Ariel Winter,42160.0,0.761
1018,1110,174,1386,558,1344,324,1242,324,0.912,25632,0,"[0.05645272880792618, -0.682094931602478, 0.4157450795173645, 1.1627739667892456, -1.691281795501709, 1.218165636062622, 0.7882336974143982, -2.472435235977173, 0.590134859085083, 1.3355342149734497, -0.6186309456825256, 0.5840833783149719, 0.1153431385755539, 0.467558354139328, -0.5713741779327393, 1.9062342643737793, 0.2610393166542053, -0.9730615019798279, -1.375451683998108, 1.1747833490371704, 0.43077000975608826, -0.0720953419804573, 0.9692347645759583, -0.9892553091049194, 1.8352456092834473, 0.6883024573326111, 2.6384005546569824, -0.08579948544502258, 1.4507721662521362, 0.16783374547958374, -0.22225892543792725, -0.112992063164711, 0.12250030785799026, -0.8290594816207886, 0.9881926774978638, -0.3251417875289917, -0.7457031607627869, 0.01694641262292862, 0.7167971134185791, 1.5080434083938599, -0.3975592255592346, -1.5358495712280273, -1.1389225721359253, 0.5292027592658997, 1.5938738584518433, -0.6402808427810669, -1.2228567600250244, 0.6983671188354492, -0.34601080417633057, -1.0414849519729614, -0.8507533669471741, 0.23003225028514862, -0.8457837700843811, 1.4559886455535889, 0.21534363925457, 0.05414882302284241, 1.7983160018920898, 1.7995589971542358, -0.6465398669242859, -1.05485999584198, 0.13049739599227905, 0.3559122085571289, -0.596709132194519, -1.2298448085784912, -0.4267991781234741, 1.2932624816894531, 1.135980248451233, 0.44144901633262634, -1.2225712537765503, -1.1498969793319702, -1.0634044408798218, 0.42039117217063904, 1.355832576751709, 0.40969669818878174, 0.6001788377761841, -0.9316088557243347, 0.5405944585800171, -0.9035479426383972, 1.001085877418518, -0.03445854038000107, -0.41465261578559875, -0.3017880916595459, 1.1277180910110474, 0.2598000764846802, -0.49452319741249084, -0.3228189945220947, -0.39628586173057556, -0.4938393235206604, 1.026829719543457, -0.8225159049034119, -0.5925002694129944, -0.8525718450546265, 1.7251365184783936, -1.0359562635421753, 0.1319924294948578, 1.4007004499435425, 0.07939028739929199, 0.7314696311950684, -0.9962118268013, -1.070988655090332, 0.4425361752510071, 0.8568671345710754, -1.7307370901107788, 0.6467621922492981, 0.7236322164535522, 0.12998302280902863, 0.11487206816673279, 0.026018712669610977, 1.8063727617263794, -0.15661917626857758, 0.2845665216445923, 1.2839715480804443, 2.163940906524658, -2.26132869720459, -0.3164970278739929, 0.9638972282409668, -0.6119128465652466, 1.932741403579712, 0.3437155485153198, -1.3742077350616455, 1.6788679361343384, 0.16660499572753906, 1.572916030883789, -0.9128038287162781, 1.8883215188980103, 1.1316542625427246, 1.1241189241409302, 0.5624455809593201]",yunet,Facenet,1920,1080,/home/amos/media/tv/modern_family/Modern.Family.S09.1080p.DSNP.WEB-DL.DDP5.1.H.264-CRFW/Modern.Family.S09E17.Royal.Visit.1080p.DSNP.WEB-DL.DDP5.1.H.264-CRFW.mkv,Modern Family,2009,1442437,9,17,Ariel Winter,42160.0,0.63
1019,636,180,870,492,804,294,696,294,0.923,25680,0,"[-0.9061272144317627, -2.762924909591675, -0.1763637512922287, 1.7331748008728027, 1.617761492729187, -0.48941320180892944, 1.9026856422424316, -3.0926082134246826, -1.2088199853897095, 2.3499412536621094, -2.295119524002075, 1.150356411933899, 1.8075050115585327, 0.40490245819091797, -0.0659283995628357, 0.3793976306915283, 0.19111505150794983, -1.090482473373413, -0.292312353849411, -0.16492608189582825, 0.17424461245536804, -0.5483235716819763, 0.10851379483938217, -0.8455039262771606, 0.15527641773223877, 0.8521683216094971, 1.481873631477356, -1.7286579608917236, 1.886364459991455, 1.7582013607025146, 0.9419785737991333, -1.3168048858642578, -0.13394789397716522, -0.32922595739364624, 1.0889933109283447, -0.8424612283706665, -0.9384814500808716, 1.7981231212615967, 0.41964125633239746, -0.34087708592414856, 0.3689744472503662, 1.2139065265655518, -0.25913235545158386, 1.3663362264633179, -0.253164678812027, -0.3479575216770172, -0.9721935987472534, 1.8181872367858887, -0.17202025651931763, -0.4965425431728363, -1.5703535079956055, 2.235363483428955, -0.7367532849311829, 0.19395504891872406, 0.42736828327178955, -0.056125327944755554, 1.1078968048095703, 0.48438817262649536, 0.672482967376709, 1.1347005367279053, -0.11785595864057541, -0.5101454854011536, -0.8786051273345947, -0.6192996501922607, -0.9123379588127136, 1.25081205368042, -0.24044004082679749, 0.7559585571289062, 0.3740111291408539, 0.8274903297424316, 0.2671213746070862, 0.7352814674377441, -1.5102784633636475, 0.5120415091514587, 0.7221238613128662, -0.704319417476654, 0.10367567837238312, -2.1253483295440674, -0.4136129319667816, -0.8330923914909363, -0.6580795645713806, 0.5093797445297241, 0.3491397798061371, 1.2904084920883179, -0.8796029686927795, 0.02734272927045822, -0.11881142854690552, -0.5986461639404297, -0.978613018989563, -0.6530942916870117, -1.8356781005859375, 0.5474041700363159, 1.8267947435379028, 0.33839118480682373, 0.6426523923873901, 0.7230319380760193, 0.9416221380233765, 0.8948317766189575, 0.24979782104492188, -0.4019211232662201, 0.8472750782966614, -0.9350601434707642, -2.139460563659668, 1.0025007724761963, 0.6166024804115295, 0.47358453273773193, -0.05637737736105919, -1.9674618244171143, 0.5793339610099792, -1.4075698852539062, 0.7312381863594055, 0.6420108079910278, 0.8982725143432617, -0.8502286076545715, 0.5243837237358093, -0.2589883804321289, -1.342300295829773, 1.4370306730270386, -0.4450354278087616, 0.48345044255256653, 2.9619152545928955, 0.02820752002298832, -0.3435191512107849, -1.5585938692092896, -1.0644084215164185, 1.8675612211227417, 1.1872501373291016, -0.1446608304977417]",yunet,Facenet,1920,1080,/home/amos/media/tv/modern_family/Modern.Family.S09.1080p.DSNP.WEB-DL.DDP5.1.H.264-CRFW/Modern.Family.S09E17.Royal.Visit.1080p.DSNP.WEB-DL.DDP5.1.H.264-CRFW.mkv,Modern Family,2009,1442437,9,17,Sarah Hyland,91351.0,0.722
1020,576,156,816,456,762,264,654,270,0.923,25704,0,"[-0.6759486198425293, -1.1728609800338745, -0.2038205862045288, 2.656830310821533, 2.778140068054199, 0.2475181221961975, 1.701530933380127, -2.8957560062408447, 1.0714681148529053, 2.2393720149993896, -1.6004167795181274, 0.49303269386291504, 1.1135802268981934, 0.24650198221206665, -0.14961837232112885, 0.7770206928253174, -0.7812645435333252, -0.7225087285041809, -1.0757381916046143, 0.8124408721923828, 0.6981426477432251, -0.1466211974620819, 1.1235452890396118, 0.8632861971855164, 0.054720114916563034, 0.3955063819885254, 0.917028546333313, -1.9776736497879028, 2.7431325912475586, 0.9443441033363342, 1.7207742929458618, -1.94817054271698, -0.34974372386932373, -0.5211858153343201, 0.3362433910369873, -0.8349010348320007, -1.4734528064727783, 1.99539053440094, 0.40859687328338623, -0.24320310354232788, 0.6475217938423157, 0.5290936231613159, 0.49437451362609863, 0.7800369262695312, -0.7457675337791443, 0.6702791452407837, -1.547212839126587, 0.7215657234191895, -0.467663049697876, -0.22885575890541077, -1.203385591506958, 2.166760206222534, -0.46916523575782776, 1.076148509979248, -0.4216670095920563, 0.4641875922679901, 0.7614585757255554, -0.23540547490119934, 0.5606356859207153, 1.1110424995422363, 0.005143281072378159, 0.7255136966705322, -0.8407737016677856, -0.13034701347351074, -0.7772138714790344, 0.8583364486694336, 0.3231600522994995, 0.5029228329658508, 0.23714706301689148, 0.5427029132843018, -0.5598649978637695, 0.22539064288139343, -0.2744678258895874, 0.6041771173477173, -0.12772026658058167, -0.7461923360824585, -0.024710968136787415, -1.6357619762420654, -1.2331559658050537, -1.1573617458343506, 0.14505088329315186, 0.10783224552869797, 1.2474476099014282, 0.9272211790084839, -2.0445525646209717, -0.12506243586540222, 0.3989366292953491, -0.2134498655796051, -0.757328987121582, -1.3846913576126099, -0.7007149457931519, 0.44079825282096863, 1.7487488985061646, -0.05290208011865616, 0.6536538004875183, 0.2709336578845978, 0.09429025650024414, -0.05076131224632263, -4.1093677282333374e-05, -0.6950629949569702, -0.9493318200111389, -0.0217282772064209, -2.552845001220703, 1.214959979057312, 1.6833051443099976, -0.2335328459739685, 0.30830663442611694, -1.4069613218307495, 0.8234452605247498, -1.3931537866592407, 0.9231725931167603, 0.6295379400253296, 0.8953310251235962, -0.5289804339408875, -0.15752525627613068, 0.30168959498405457, -1.3457309007644653, 1.4314191341400146, -0.6610474586486816, -0.04869795963168144, 1.8009308576583862, -0.3679748773574829, 0.7012127041816711, -1.4776136875152588, -0.244527205824852, 0.701470673084259, 1.691663146018982, 0.1427258551120758]",yunet,Facenet,1920,1080,/home/amos/media/tv/modern_family/Modern.Family.S09.1080p.DSNP.WEB-DL.DDP5.1.H.264-CRFW/Modern.Family.S09E17.Royal.Visit.1080p.DSNP.WEB-DL.DDP5.1.H.264-CRFW.mkv,Modern Family,2009,1442437,9,17,Sarah Hyland,91351.0,0.636
1021,516,168,750,474,678,294,576,288,0.93,25728,0,"[-0.07696808874607086, -0.8253849744796753, -0.7252618670463562, 2.6487135887145996, 1.7872108221054077, -0.4078393280506134, 1.2026498317718506, -2.7593350410461426, 0.4238763749599457, 1.8801149129867554, -2.0741007328033447, 0.011282257735729218, 1.7220741510391235, 0.08067339658737183, 0.8477823734283447, 0.027131937444210052, -1.1132954359054565, -0.20355287194252014, -1.8098140954971313, 0.16864755749702454, -0.2898392081260681, 0.45446115732192993, 1.175017237663269, 1.2636430263519287, 0.3839524984359741, 0.18960455060005188, 0.5213547945022583, -2.032073974609375, 3.0884439945220947, 0.7024227976799011, 1.219180703163147, -2.055204391479492, -0.2604427933692932, -0.4464413523674011, 0.9826009273529053, -1.945693850517273, -1.4325690269470215, 2.132429838180542, 0.00311848521232605, -0.6255218982696533, -0.21878203749656677, 0.42026567459106445, 0.8660823106765747, 1.2782411575317383, -0.5062494874000549, 0.14185293018817902, -0.60428786277771, 0.9334925413131714, 0.3060014247894287, -0.07788022607564926, -0.2996028661727905, 1.2436901330947876, -0.46763697266578674, 0.7059302926063538, 0.012518571689724922, -0.004325594753026962, 0.6716142892837524, -0.09303286671638489, -0.5538631677627563, 1.0422711372375488, -0.2296248972415924, 0.3334234356880188, -1.4694221019744873, -0.4866730868816376, -1.2354016304016113, 1.4211972951889038, -0.7641839385032654, -0.47199785709381104, 0.34290534257888794, -0.18846990168094635, -0.1434190720319748, -0.6863237619400024, 0.013905986212193966, -0.3834882378578186, 0.08573083579540253, -1.2343840599060059, -0.42820754647254944, -1.4695806503295898, -0.47528982162475586, -1.253411889076233, 0.6406860947608948, 0.07666171342134476, 1.2231345176696777, 1.9698501825332642, -1.4540172815322876, 0.34691569209098816, 0.5992611050605774, -0.5869425535202026, -0.018311887979507446, -1.795902132987976, -0.2832694947719574, 0.8420467972755432, 1.1319025754928589, -0.3150922954082489, 0.9737491011619568, 1.4694081544876099, 0.1950172483921051, -0.32261860370635986, -0.6974359154701233, -1.80288565158844, -0.7668225765228271, -0.18715724349021912, -1.8557862043380737, 1.778801679611206, 1.8845022916793823, -0.6400850415229797, 0.5175636410713196, -1.4928944110870361, 1.0865559577941895, -1.2398161888122559, 0.4604983925819397, 0.07555565237998962, -0.09689410030841827, -0.23811227083206177, -0.8413870334625244, -0.41555047035217285, -1.6708168983459473, 1.0261061191558838, -0.6583918929100037, -0.3618495464324951, 1.4805388450622559, -0.9553787708282471, 0.14214612543582916, -0.8867844939231873, -0.7569936513900757, 1.0378779172897339, 0.8944748044013977, -0.49396321177482605]",yunet,Facenet,1920,1080,/home/amos/media/tv/modern_family/Modern.Family.S09.1080p.DSNP.WEB-DL.DDP5.1.H.264-CRFW/Modern.Family.S09E17.Royal.Visit.1080p.DSNP.WEB-DL.DDP5.1.H.264-CRFW.mkv,Modern Family,2009,1442437,9,17,Sarah Hyland,91351.0,0.66
1022,870,84,1152,444,1110,228,990,228,0.915,25752,0,"[0.3811878263950348, -0.33609408140182495, 1.4242188930511475, 0.6122549176216125, -1.5894455909729004, 0.9548035264015198, 0.8786913156509399, -2.029728651046753, -1.4617427587509155, 1.3895165920257568, -0.9595627784729004, -0.19551981985569, 0.3993767499923706, 1.0054253339767456, 0.3825184106826782, 1.4699865579605103, 0.014828935265541077, -1.063483715057373, -0.46272462606430054, 0.7264312505722046, 0.34818997979164124, -0.6371549963951111, 0.9771948456764221, 0.6217166185379028, 1.2549110651016235, 0.39100098609924316, 0.8589608669281006, 0.5060007572174072, 2.9232723712921143, 1.1986150741577148, -0.5876963138580322, -1.4009650945663452, -0.1818184107542038, 0.21348735690116882, 2.126535177230835, -0.21250398457050323, -0.9999841451644897, -0.671460747718811, 0.5485849380493164, 1.213253140449524, -0.44470229744911194, -0.06607223302125931, -1.0625430345535278, 0.8376144170761108, 1.1186914443969727, -0.9722154140472412, -1.109860897064209, 1.9498487710952759, -0.4000222086906433, -1.3320411443710327, -0.024067506194114685, 0.6502284407615662, -0.45389440655708313, 1.2148798704147339, -0.7198718190193176, 1.2701791524887085, 1.6763793230056763, 0.9469035863876343, -0.6875341534614563, 0.7306267023086548, -0.1577112078666687, 0.7054815888404846, 0.3404141664505005, -0.34293457865715027, -1.8725907802581787, 1.3669482469558716, 0.1981988549232483, 1.5871256589889526, 0.8749228119850159, -0.42050328850746155, -0.45315584540367126, 0.5273072719573975, 0.5677764415740967, -0.18910719454288483, 0.9457557201385498, -0.06560081243515015, 0.4994859993457794, -0.5333929061889648, 0.3787654936313629, -0.2148614376783371, -0.5322743058204651, -0.6581581830978394, -0.24475401639938354, -0.5716819167137146, 1.2612134218215942, -0.990551233291626, 0.32658347487449646, -0.5120897889137268, 0.7710175514221191, -1.2026116847991943, -0.4884217083454132, 1.2821019887924194, 2.1141419410705566, 0.39384305477142334, 0.12926611304283142, 1.4168955087661743, 0.3258247673511505, -1.0560436248779297, -0.9203639030456543, -0.32863712310791016, 0.6670097708702087, 2.21834659576416, -0.8564921617507935, 0.42648017406463623, 0.4040256440639496, -0.48016709089279175, -0.6279374361038208, -1.6550499200820923, 0.358424574136734, -0.6102476716041565, 0.34449177980422974, 1.2151585817337036, 0.5456423759460449, -2.4690139293670654, -0.39138317108154297, 1.3271863460540771, 0.40469303727149963, 2.343505859375, -0.1979043185710907, -0.25311917066574097, 1.5498307943344116, 0.7081006765365601, 2.3552205562591553, -2.104485511779785, 1.4688225984573364, 1.094919204711914, 0.9872916340827942, 0.6513724327087402]",yunet,Facenet,1920,1080,/home/amos/media/tv/modern_family/Modern.Family.S09.1080p.DSNP.WEB-DL.DDP5.1.H.264-CRFW/Modern.Family.S09E17.Royal.Visit.1080p.DSNP.WEB-DL.DDP5.1.H.264-CRFW.mkv,Modern Family,2009,1442437,9,17,Ariel Winter,42160.0,0.526
1023,552,168,780,474,714,282,606,282,0.929,25776,0,"[-0.8214819431304932, -0.9195388555526733, 0.6091704368591309, 1.6071480512619019, 2.022855281829834, -0.8990069627761841, 1.1961688995361328, -1.7000184059143066, -0.26773566007614136, 1.0549265146255493, -1.965752363204956, 0.6318581104278564, 1.3903050422668457, 0.77229905128479, 0.6682699918746948, -0.5678655505180359, -0.9360986948013306, -1.2822340726852417, -1.7333524227142334, 0.5295698642730713, -1.5522667169570923, 0.5049464106559753, 0.5164171457290649, 0.008127562701702118, -0.680418848991394, 0.5053964257240295, 0.48317113518714905, -1.5684874057769775, 2.0447444915771484, 1.0784186124801636, 0.6630752086639404, -2.7360517978668213, 0.2391652911901474, -0.6639477610588074, 1.051331877708435, -0.03825109824538231, -1.2548575401306152, 1.175926685333252, -0.06507140398025513, -1.2357497215270996, 0.1914658546447754, 0.3829423189163208, -0.9242254495620728, 1.916090726852417, 0.2895093560218811, -0.7596301436424255, -1.2467609643936157, 2.023413896560669, -0.1568949967622757, 0.48388004302978516, 0.027660556137561798, 2.065903425216675, -0.14953559637069702, -0.4450593590736389, -0.5081905126571655, -0.02717214822769165, 0.6280415654182434, 0.000879041850566864, 0.19011349976062775, 0.8703492879867554, -0.4851655960083008, -0.4986972212791443, -0.9796248078346252, -0.16444756090641022, -1.1378824710845947, 1.450255274772644, -1.4207699298858643, -0.4370920658111572, 0.7736902832984924, 1.2569215297698975, -0.14506886899471283, -0.8987390995025635, -1.2344363927841187, -0.7942585349082947, -0.2029348760843277, -1.5242031812667847, -0.7053998708724976, -1.9941424131393433, -0.4050871431827545, -0.6896349191665649, 0.18760937452316284, 0.13563591241836548, 1.4168564081192017, 2.3715951442718506, -0.3684961497783661, -0.4684092402458191, 1.040041208267212, -0.17605704069137573, -0.5864263772964478, -1.7227046489715576, -1.6965315341949463, 0.5126219391822815, 0.8613998889923096, -0.2333659529685974, 0.3323831260204315, 0.4365698993206024, 1.0252317190170288, -0.7886214852333069, -0.5180472731590271, -0.35863521695137024, -0.49494725465774536, 0.09374182671308517, -2.31821346282959, 2.5807290077209473, 0.4831002354621887, 0.8655047416687012, 0.8351657390594482, -2.1802356243133545, 0.7592630386352539, -0.2951250672340393, 0.5729248523712158, 0.1275840699672699, 0.3360155522823334, 0.3740386962890625, 0.4140280485153198, 0.030872665345668793, -0.7927972078323364, 0.19914451241493225, -0.43375489115715027, -1.2417380809783936, 2.611680746078491, -0.4700556993484497, -0.5853097438812256, -1.7096964120864868, -1.097532868385315, 0.5030663013458252, 0.8803118467330933, 0.4741024672985077]",yunet,Facenet,1920,1080,/home/amos/media/tv/modern_family/Modern.Family.S09.1080p.DSNP.WEB-DL.DDP5.1.H.264-CRFW/Modern.Family.S09E17.Royal.Visit.1080p.DSNP.WEB-DL.DDP5.1.H.264-CRFW.mkv,Modern Family,2009,1442437,9,17,Sarah Hyland,91351.0,0.719
1024,558,162,780,468,720,282,612,282,0.929,25800,0,"[-1.9002214670181274, -1.3885358572006226, -0.09805362671613693, 2.489686965942383, 1.023222804069519, -0.9585578441619873, 1.0187739133834839, -1.7509404420852661, 0.031318552792072296, 1.860236406326294, -2.7597622871398926, 0.18280698359012604, 1.3503215312957764, -0.02199789136648178, 0.05665042996406555, -0.14851877093315125, -1.602046251296997, -0.3676820397377014, -1.477584719657898, 0.2998408377170563, 0.27417391538619995, 0.48796913027763367, 0.5781824588775635, -0.15615147352218628, -0.31687408685684204, 1.0678845643997192, -0.2823165953159332, -1.3189644813537598, 2.4180920124053955, 0.5876129865646362, 0.6683704853057861, -1.6576515436172485, -0.4833987355232239, -0.5297678709030151, 1.7067538499832153, -1.2830493450164795, -1.3956806659698486, 1.4471999406814575, 0.6018568277359009, -1.5889778137207031, 0.19128447771072388, 0.8795280456542969, -0.4407877027988434, 0.7001439332962036, 0.4900244176387787, 0.6069280505180359, -1.0690536499023438, 2.1349494457244873, -0.1038956567645073, 0.8610990047454834, -0.4646339416503906, 2.7239737510681152, -0.45696911215782166, 0.44350534677505493, -0.3922586143016815, -0.19253085553646088, -0.027664341032505035, -0.39582642912864685, 0.1661979705095291, 0.931693434715271, 0.1431320607662201, -0.35199546813964844, -2.0508549213409424, -0.6722851991653442, -0.9246652722358704, 1.6488138437271118, -0.2870471477508545, -0.4991104006767273, 0.7236472368240356, 0.5447560548782349, 0.3474130928516388, -0.8945627212524414, -0.4399911165237427, -0.3835805058479309, 0.2348306030035019, -1.8633161783218384, -0.34887415170669556, -1.3892078399658203, -0.5501821637153625, -0.5413346886634827, 0.37918826937675476, -0.45535191893577576, 1.568905234336853, 1.5058399438858032, -1.2257025241851807, -0.034958649426698685, 0.16543515026569366, -0.20105281472206116, -0.8640643358230591, -1.0228127241134644, -1.1193881034851074, 0.6527388691902161, 0.630955696105957, 0.5942995548248291, 0.5785585045814514, 1.0496962070465088, 1.081112027168274, 0.7179720401763916, -0.22318010032176971, -0.8126196265220642, -0.32375413179397583, -0.3080604374408722, -2.071835517883301, 2.3752806186676025, 0.4027146100997925, 0.802686333656311, 1.11831796169281, -0.8884669542312622, 0.35320010781288147, -0.0024076439440250397, 0.7028241157531738, -0.2334904819726944, 0.1619558334350586, -0.0689886212348938, 0.2970357835292816, 0.04320257157087326, -0.5180338621139526, 0.02802295982837677, -1.5358412265777588, -1.6233867406845093, 2.7003633975982666, -0.9500633478164673, -0.8649097681045532, -1.056908130645752, -1.4388079643249512, 0.5521823167800903, 0.75031977891922, 0.1753544956445694]",yunet,Facenet,1920,1080,/home/amos/media/tv/modern_family/Modern.Family.S09.1080p.DSNP.WEB-DL.DDP5.1.H.264-CRFW/Modern.Family.S09E17.Royal.Visit.1080p.DSNP.WEB-DL.DDP5.1.H.264-CRFW.mkv,Modern Family,2009,1442437,9,17,Sarah Hyland,91351.0,0.809
1025,570,174,822,498,768,300,672,300,0.925,25824,0,"[-0.861045241355896, -1.2657256126403809, 0.25220799446105957, 3.0323097705841064, 2.057725429534912, -0.06830890476703644, 1.869895100593567, -1.9045554399490356, -0.22216683626174927, 3.549208164215088, -1.6161727905273438, 0.5221813917160034, 0.6150152683258057, 0.25047460198402405, -0.8289819955825806, 1.2173200845718384, -0.08920228481292725, -1.2273646593093872, -1.2068935632705688, 0.8746192455291748, 0.1078622043132782, -0.12002597004175186, 0.2717490494251251, -0.2213742434978485, -0.5700034499168396, 0.9947474002838135, 2.096135377883911, -0.7810556292533875, 1.4229358434677124, 2.526515245437622, 0.22391286492347717, -0.5435982942581177, -1.4252147674560547, -1.0932868719100952, 0.8339475393295288, -0.8777584433555603, -1.8871337175369263, 1.4947792291641235, 0.21696296334266663, 0.21580396592617035, 0.065628282725811, -0.39839795231819153, 0.44029536843299866, 2.2308030128479004, -0.17067423462867737, -0.06199927255511284, 0.23294135928153992, 0.3698920011520386, -1.0696426630020142, 0.2958559989929199, -1.0311260223388672, 2.2637715339660645, 0.2621859908103943, 0.6081026196479797, -0.9649245738983154, -0.9720309376716614, 0.6452798843383789, 0.17996366322040558, 0.17249006032943726, 1.7443369626998901, -0.5263803601264954, 0.17776712775230408, -1.3844685554504395, -0.9701253175735474, 0.14348381757736206, 0.100225530564785, -0.06623847037553787, 0.9375692009925842, 0.38840633630752563, 1.1348202228546143, 0.048395924270153046, -0.06905411928892136, 0.041999220848083496, 1.5390325784683228, 1.5628178119659424, 0.519159197807312, 1.4917044639587402, -0.8489654660224915, -0.1800113022327423, -0.24936330318450928, 0.16497033834457397, -0.06563270092010498, 1.180042028427124, 0.16801267862319946, -1.3061645030975342, 0.26830747723579407, 0.20986716449260712, -1.2993842363357544, -0.5584559440612793, -0.9004042744636536, -1.6827939748764038, 0.5192998647689819, 0.9607778787612915, -0.3875653147697449, 0.9182700514793396, 0.515709638595581, -0.3404286503791809, 0.535714328289032, -0.6915513873100281, -1.0821702480316162, -0.2131170779466629, 0.19689756631851196, -3.0109076499938965, -0.20000924170017242, 0.5916517972946167, -0.6080707311630249, 0.6177110075950623, -1.088333249092102, 1.2612706422805786, -0.702014684677124, 1.127461552619934, 1.3996351957321167, 0.5781495571136475, -0.16458232700824738, -0.17138910293579102, 0.277988076210022, -1.2883198261260986, 1.094074010848999, -1.2437957525253296, 0.3004484474658966, 3.1723222732543945, -1.323319911956787, -0.6665230989456177, -1.1925586462020874, -0.577847421169281, 0.7863137125968933, 1.6008646488189697, 0.48446980118751526]",yunet,Facenet,1920,1080,/home/amos/media/tv/modern_family/Modern.Family.S09.1080p.DSNP.WEB-DL.DDP5.1.H.264-CRFW/Modern.Family.S09E17.Royal.Visit.1080p.DSNP.WEB-DL.DDP5.1.H.264-CRFW.mkv,Modern Family,2009,1442437,9,17,Sarah Hyland,91351.0,0.646
1026,540,216,804,546,756,330,660,330,0.922,25848,0,"[-0.5710350275039673, -1.5231704711914062, 0.5723692178726196, 2.456533193588257, 2.754115343093872, -0.25001612305641174, 1.2791213989257812, -0.40676894783973694, -0.07133929431438446, 3.5530450344085693, -1.2907811403274536, 0.5737475156784058, -0.03800339996814728, 0.20025554299354553, -0.7501742839813232, 1.1248538494110107, 0.41488581895828247, -1.2370786666870117, -1.5495773553848267, 0.11840029060840607, 0.050546079874038696, -0.294777512550354, 0.17838284373283386, -0.3988714814186096, -0.7333152890205383, 0.6253926753997803, 2.4529330730438232, -0.6176945567131042, 1.528908371925354, 2.5119900703430176, 0.5194775462150574, -0.9093460440635681, -0.8292774558067322, -2.1551268100738525, 0.7377374768257141, -1.1245431900024414, -0.8762834072113037, 1.6383589506149292, -0.12113970518112183, 0.3076653480529785, 0.10318930447101593, -0.9001710414886475, 0.1007474735379219, 2.0708532333374023, 0.0074694110080599785, 0.761795699596405, 0.5802514553070068, -0.21383348107337952, -0.9121317863464355, 0.39231765270233154, -1.825732946395874, 2.7743613719940186, 0.4271846413612366, 0.12412698566913605, 0.12368296086788177, -0.6448987126350403, 0.31299713253974915, 0.6148120760917664, 1.294572114944458, 1.2265361547470093, -0.31680697202682495, 0.11804760992527008, -0.16735687851905823, -0.4513953626155853, -0.3962814509868622, 0.8500255346298218, -1.0740717649459839, 1.474550485610962, 0.4119968116283417, 0.4215371608734131, -0.9089968800544739, -0.20090702176094055, -0.37392479181289673, 1.0382262468338013, 1.0348485708236694, 0.6438241600990295, 0.4226641356945038, -0.5901175737380981, 0.018785543739795685, -0.23468267917633057, -0.7394852638244629, -0.3759854733943939, 1.2630290985107422, 0.2038811296224594, -1.144641637802124, -0.19740793108940125, -0.55882728099823, -0.7380969524383545, -0.41144219040870667, -0.9433664083480835, -2.0136289596557617, 0.39253026247024536, 0.9595122337341309, -0.6359279155731201, 1.1741594076156616, -0.18959932029247284, 0.10258400440216064, 0.04684283584356308, -0.054147813469171524, -0.6094090342521667, -0.7167589068412781, 1.0303183794021606, -2.660015106201172, 0.17799106240272522, 0.7108732461929321, 0.05474212020635605, 0.653548002243042, -0.5861973762512207, 0.9154183268547058, 0.05377902835607529, 1.210912823677063, 1.0669382810592651, 1.0111043453216553, -0.6333312392234802, -0.6228170394897461, 0.6415615081787109, -1.18202805519104, 1.0660302639007568, -0.9727025032043457, -0.754162073135376, 2.7530882358551025, -0.6219964027404785, -1.0178364515304565, -1.5198231935501099, -1.206525206565857, 0.7522648572921753, 1.0733304023742676, 0.07498621940612793]",yunet,Facenet,1920,1080,/home/amos/media/tv/modern_family/Modern.Family.S09.1080p.DSNP.WEB-DL.DDP5.1.H.264-CRFW/Modern.Family.S09E17.Royal.Visit.1080p.DSNP.WEB-DL.DDP5.1.H.264-CRFW.mkv,Modern Family,2009,1442437,9,17,Sarah Hyland,91351.0,0.588
1027,516,150,768,462,732,258,600,264,0.932,25872,0,"[-0.7388790845870972, -2.323462724685669, 0.5618865489959717, 1.6902323961257935, 2.2297141551971436, -0.4945615828037262, 1.7627664804458618, -1.7376385927200317, -0.8925125598907471, 2.9776558876037598, -1.5685672760009766, 1.1427892446517944, 0.3901544213294983, 0.8833327293395996, -0.4476017653942108, 1.2176169157028198, -0.016290761530399323, -0.5587828755378723, -0.11182957887649536, 1.1483734846115112, -0.23663005232810974, -0.2789190709590912, 0.6354116201400757, -0.6595642566680908, 0.0884370505809784, 1.4269081354141235, 2.1990280151367188, -1.1082994937896729, 1.3711210489273071, 2.6835200786590576, 0.8770617246627808, -1.0565354824066162, -0.35942476987838745, -0.2654872536659241, 0.12892042100429535, -0.6542514562606812, -0.5408572554588318, 1.3010650873184204, 0.46501168608665466, 0.18245497345924377, 0.048494432121515274, 0.1720762550830841, 0.009595595300197601, 1.5970172882080078, -0.07874637842178345, -0.1352531462907791, -1.0177102088928223, 0.6411267518997192, -0.6716750860214233, 0.5564724206924438, -1.6947511434555054, 2.5983328819274902, 0.01973230391740799, 0.4872812032699585, 0.02485928311944008, -1.0464109182357788, 0.1590784192085266, 0.7946547865867615, 1.3055055141448975, 1.5595241785049438, 0.5176576375961304, 0.02467919886112213, 0.24643349647521973, -0.5244929790496826, -0.5866276621818542, 0.9452517032623291, -0.7764581441879272, 1.7836291790008545, 0.38329774141311646, 1.545939564704895, -0.5180879831314087, -0.04979865998029709, -0.06942726671695709, 0.9257434010505676, 0.7974223494529724, -0.11897099018096924, 0.5891894102096558, -1.9071646928787231, 0.26796334981918335, -0.1652408093214035, -0.9885119795799255, 0.29884979128837585, 0.45175260305404663, 1.361196756362915, -1.1329206228256226, 0.32222241163253784, -0.5356117486953735, -0.33218055963516235, -0.455333411693573, -0.5198875069618225, -1.8340778350830078, 0.6873676180839539, 1.2313344478607178, -0.24759724736213684, 0.5144070386886597, -0.5963694453239441, 0.31733572483062744, 0.3464371860027313, -0.33396586775779724, -0.4992719292640686, 0.48867470026016235, 0.13322189450263977, -2.3229594230651855, 0.3493533134460449, 0.4832456707954407, 0.28455275297164917, -0.10754485428333282, -1.7154487371444702, -0.08329786360263824, -0.8728734850883484, 1.345352053642273, 0.9767863750457764, 1.4166216850280762, -0.7955552935600281, 1.290066123008728, -0.09436673671007156, -1.723499059677124, 1.1702684164047241, 0.26373210549354553, 0.26788821816444397, 2.740304708480835, -0.09781373292207718, -0.7606646418571472, -1.6413506269454956, -1.0411429405212402, 0.7110459804534912, 2.0132834911346436, 0.8340089321136475]",yunet,Facenet,1920,1080,/home/amos/media/tv/modern_family/Modern.Family.S09.1080p.DSNP.WEB-DL.DDP5.1.H.264-CRFW/Modern.Family.S09E17.Royal.Visit.1080p.DSNP.WEB-DL.DDP5.1.H.264-CRFW.mkv,Modern Family,2009,1442437,9,17,Sarah Hyland,91351.0,0.652
1028,498,168,738,480,702,282,588,276,0.905,25896,0,"[-1.3861936330795288, -2.306145429611206, 1.174588918685913, 1.214486002922058, 2.8512048721313477, -1.2573295831680298, 2.4882514476776123, -2.7949795722961426, -0.7736928462982178, 2.0366315841674805, -0.5392916798591614, 0.33466196060180664, 1.1423728466033936, -1.0635443925857544, -0.15279054641723633, 1.3940212726593018, 0.9303982257843018, -1.5609787702560425, -0.004521526396274567, -0.7774121761322021, 0.26299795508384705, -0.1609383076429367, -0.6260773539543152, -1.220142126083374, -1.6467078924179077, 0.9985654354095459, 2.4512739181518555, -0.7297510504722595, 0.5299994945526123, 2.4525177478790283, 1.0382392406463623, -0.630173921585083, -0.1629323661327362, -0.6752592325210571, -0.08901567757129669, 0.2031572312116623, -0.25669482350349426, 1.516696810722351, 1.1580517292022705, -0.6241211891174316, 0.9934262633323669, 0.022963715717196465, -0.8758307695388794, 1.261091709136963, -0.1492086797952652, 1.461618423461914, 0.13589578866958618, -0.7113000154495239, -0.6170609593391418, 0.21793916821479797, -2.7770326137542725, 2.4621200561523438, -1.0783157348632812, -0.019576091319322586, 0.6925941705703735, -0.20199324190616608, 0.3604259788990021, 1.1272674798965454, 1.594008445739746, 0.7460071444511414, -0.22360458970069885, -1.401119589805603, 0.05729054659605026, -0.43477630615234375, -0.3321382701396942, 1.1121001243591309, 0.09944736212491989, 0.023043520748615265, -0.1364561915397644, 1.2785320281982422, -0.2565290927886963, 0.06920439004898071, -0.7109317183494568, 0.5702862739562988, 0.12162758409976959, 1.020893931388855, -1.3332180976867676, -1.3114042282104492, -0.17103077471256256, 0.00013362616300582886, -0.8892465829849243, 0.7607103586196899, 0.9506902098655701, 0.7837017774581909, -1.3347111940383911, 0.07907451689243317, -0.4788840413093567, 0.4890967607498169, -1.6210713386535645, -0.23895320296287537, -1.481419324874878, 0.7931968569755554, 1.6538341045379639, -0.2079651653766632, 1.086646318435669, -0.7570492029190063, -0.42767834663391113, 0.8651359677314758, 0.1905154585838318, -0.250501424074173, -0.15092918276786804, -0.784350574016571, -2.5546011924743652, 0.2765725255012512, 0.8778721690177917, 1.1632473468780518, 0.18616856634616852, 0.03201211988925934, 0.10128001868724823, -0.9737816452980042, 0.4500121474266052, 0.13317081332206726, 1.4613884687423706, 0.09921509772539139, 0.4920717477798462, 0.13198216259479523, -0.7667526006698608, 0.06409291923046112, -0.6495581865310669, 0.5799611210823059, 2.2671265602111816, 0.2777479588985443, -0.530023992061615, -1.81181001663208, -1.2758104801177979, 1.1313807964324951, 1.4706000089645386, -0.5411223769187927]",yunet,Facenet,1920,1080,/home/amos/media/tv/modern_family/Modern.Family.S09.1080p.DSNP.WEB-DL.DDP5.1.H.264-CRFW/Modern.Family.S09E17.Royal.Visit.1080p.DSNP.WEB-DL.DDP5.1.H.264-CRFW.mkv,Modern Family,2009,1442437,9,17,Sarah Hyland,91351.0,0.546
1029,696,198,996,594,894,348,750,354,0.914,25920,0,"[0.4685705304145813, -0.038491059094667435, 1.4274362325668335, -0.06924398988485336, 0.6680163741111755, 1.846167802810669, 1.005690574645996, -1.465208888053894, 0.12124112993478775, 2.1051201820373535, -0.5749185085296631, -0.2262689471244812, -0.5703855156898499, 1.1373242139816284, -0.22743374109268188, 1.513187050819397, 0.0025287121534347534, -1.6580995321273804, -1.1434401273727417, -0.8232073783874512, -0.07340237498283386, -0.6817989349365234, 0.6157543659210205, 0.5891500115394592, 0.9828431606292725, 0.22495239973068237, 2.0298759937286377, -0.10094700753688812, 1.6625758409500122, 1.8158466815948486, -0.0034231022000312805, -0.1973447948694229, -0.20077863335609436, -0.08366813510656357, 1.48676598072052, 0.04774036630988121, -1.3393425941467285, 0.1618584394454956, -0.4993736743927002, 1.7785946130752563, 0.40639811754226685, -2.4293649196624756, -0.6311197280883789, 2.8580071926116943, 0.3334138095378876, -1.4816813468933105, -0.45215222239494324, 0.14817559719085693, -0.16350290179252625, -1.8059070110321045, -0.49027687311172485, 0.700897753238678, 0.08237633109092712, 0.9051830768585205, -0.44278019666671753, 0.2556270956993103, 0.7450523972511292, -0.7012012600898743, 0.5128066539764404, 0.23512163758277893, -1.3641071319580078, 0.6055550575256348, -0.23837846517562866, -1.4932892322540283, -0.8932498097419739, 0.4586896300315857, -0.5716009140014648, 1.5534920692443848, 0.15429025888442993, -0.1417568176984787, -1.716334581375122, 0.01976664364337921, 1.003499150276184, -0.7117713689804077, 0.38847407698631287, 0.6265882849693298, 0.5556886196136475, -0.7716101408004761, -0.05591582506895065, -0.3908015489578247, 0.41826575994491577, -0.039884842932224274, -0.03661417216062546, -0.1782045215368271, 0.13011842966079712, -0.8004406690597534, -0.33056995272636414, -0.5982075929641724, 1.7864435911178589, 0.08243424445390701, -0.7094228267669678, -0.3133679926395416, 0.8320959210395813, -2.0235280990600586, 0.6894966959953308, 1.9759348630905151, -0.054377686232328415, -1.4955660104751587, -0.07123070955276489, 0.2605184316635132, -0.25755614042282104, 0.887811541557312, -2.6425681114196777, 0.031030850484967232, 0.11715146154165268, 0.09608957916498184, -0.25814127922058105, -0.33710911870002747, 1.967954397201538, -0.6000503897666931, 0.16310206055641174, 0.9861692190170288, 0.4221424162387848, -1.992041826248169, -0.02830917201936245, 0.3399483263492584, 0.07624908536672592, 0.7348810434341431, 0.3298535645008087, -1.4543901681900024, 2.5200202465057373, -0.4688277542591095, 1.3093878030776978, -1.2049314975738525, 1.623862385749817, 0.5883475542068481, 1.9105443954467773, 0.5754340291023254]",yunet,Facenet,1920,1080,/home/amos/media/tv/modern_family/Modern.Family.S09.1080p.DSNP.WEB-DL.DDP5.1.H.264-CRFW/Modern.Family.S09E17.Royal.Visit.1080p.DSNP.WEB-DL.DDP5.1.H.264-CRFW.mkv,Modern Family,2009,1442437,9,17,Ariel Winter,42160.0,0.749
1030,546,222,828,552,750,330,642,336,0.912,25944,0,"[0.11529017239809036, -1.1657227277755737, 1.0285745859146118, 2.188931941986084, 1.7781120538711548, -0.9490142464637756, 0.17486317455768585, -1.7532663345336914, -0.28478944301605225, 2.453681468963623, -1.0730996131896973, 0.48288455605506897, 0.70023512840271, 1.360694408416748, -0.045505404472351074, -0.21124568581581116, 0.5284886956214905, -1.1810201406478882, -1.6994668245315552, -0.33798280358314514, -1.2706751823425293, 0.4089565873146057, 0.23441064357757568, -0.2828957736492157, 0.4476639926433563, 0.4780218303203583, 2.304011344909668, 0.1843983232975006, 0.7288290858268738, 0.8806034326553345, 0.9426182508468628, -1.472998023033142, -1.3270939588546753, -1.2324888706207275, 1.662575364112854, -0.48557811975479126, 0.12354866415262222, 1.029518961906433, 0.7537617087364197, 0.537912130355835, -0.9730504155158997, -0.5055940747261047, 1.0573394298553467, 1.4015003442764282, -0.5389614701271057, -0.44146621227264404, 1.0667924880981445, -0.8158755302429199, -0.5182761549949646, 0.5786964893341064, -1.5772297382354736, 0.7006736397743225, 0.5199026465415955, -0.0419769361615181, 0.356123149394989, -1.2236355543136597, 1.7984880208969116, 1.3028804063796997, -0.5252817273139954, 0.48385366797447205, -0.1689131259918213, -0.06967295706272125, -0.3565082550048828, -0.8822032809257507, -1.0795284509658813, 1.3304827213287354, -1.3671237230300903, 1.0989989042282104, -0.6130580306053162, 1.3121153116226196, 0.15732386708259583, -0.009618431329727173, -0.23631200194358826, 0.18701188266277313, 0.1770777702331543, 0.7952149510383606, 1.1756685972213745, -0.7533444762229919, 1.075097680091858, -0.21280109882354736, -0.14774498343467712, -0.5183932781219482, 2.694885730743408, 1.7366660833358765, -0.7104166746139526, 0.5595072507858276, 0.7394802570343018, -0.3997876048088074, 0.6746140718460083, -1.6240782737731934, -1.248467206954956, -0.22691397368907928, 0.01755557581782341, -1.271718144416809, 1.6692756414413452, 0.8900049328804016, -1.1711598634719849, 0.5698877573013306, 0.36894914507865906, -1.5984915494918823, 0.08250857889652252, 1.9150564670562744, -2.0326781272888184, -1.231521725654602, 1.836771845817566, 0.01301271840929985, 0.5740289688110352, -0.718653678894043, 1.4230506420135498, -1.72786545753479, 0.8500149250030518, 0.6685745120048523, 0.6890769004821777, -0.42058002948760986, -0.4759442210197449, 0.6914006471633911, -1.1452205181121826, 1.9893310070037842, 0.156913161277771, -0.12907689809799194, 1.4340204000473022, -1.131945013999939, 0.006979256868362427, -1.2554552555084229, 0.752926766872406, 0.39649859070777893, 1.3397467136383057, -0.1940288245677948]",yunet,Facenet,1920,1080,/home/amos/media/tv/modern_family/Modern.Family.S09.1080p.DSNP.WEB-DL.DDP5.1.H.264-CRFW/Modern.Family.S09E17.Royal.Visit.1080p.DSNP.WEB-DL.DDP5.1.H.264-CRFW.mkv,Modern Family,2009,1442437,9,17,Sarah Hyland,91351.0,0.563
1031,792,150,1104,552,1002,312,858,318,0.921,25968,0,"[0.5047451257705688, -0.25948095321655273, 0.971984326839447, 0.8771401047706604, -0.1518232524394989, 1.1240376234054565, 1.1594098806381226, -2.033712148666382, 0.8942877650260925, 1.946203589439392, -0.8784043192863464, -0.8075402975082397, 0.0653982013463974, 0.5785425901412964, -0.7952789068222046, 1.6492871046066284, -0.9422658681869507, -1.3222581148147583, -1.5604748725891113, 0.21387775242328644, 1.0371185541152954, -0.7522651553153992, 1.3668696880340576, 1.1293532848358154, 0.541459858417511, -0.22023579478263855, 3.3914363384246826, -0.595917820930481, 1.3927514553070068, 2.639101982116699, -1.2292776107788086, 0.6391252875328064, -0.6249352693557739, 0.6617443561553955, 0.6571780443191528, -0.897720992565155, -0.9624877572059631, -0.5203081369400024, -0.10919590294361115, 1.7234861850738525, 1.00234854221344, -2.7724413871765137, -0.5466315746307373, 1.657747745513916, 0.21453747153282166, -0.9796735644340515, -0.4862316846847534, -0.7831944227218628, 0.14869605004787445, -1.9976352453231812, -0.873878002166748, -0.16841371357440948, 0.11467327177524567, 0.8607191443443298, -0.7954819202423096, -0.1274486631155014, 0.4416390061378479, -0.11241748929023743, 0.027278849855065346, -0.21771004796028137, -1.6481074094772339, 0.9923012852668762, -0.6873977184295654, -1.2431470155715942, -1.1911191940307617, 1.013208270072937, 0.4679930806159973, 1.4646201133728027, -0.0771506130695343, -0.248020201921463, -0.71865314245224, 0.286670058965683, 2.420999526977539, 0.027894198894500732, 0.6290587782859802, -0.036051008850336075, 1.108798623085022, -0.1540476381778717, -0.21888744831085205, -1.1468228101730347, 0.010235071182250977, -0.49413540959358215, 0.4372771084308624, -0.2643963098526001, 0.2662216126918793, -0.10463403165340424, -0.45569488406181335, -1.1954195499420166, 0.7258861064910889, -0.439019113779068, 0.319498211145401, -0.18153522908687592, 0.7008033394813538, -1.2088801860809326, 0.5156912803649902, 1.6218997240066528, 0.13594681024551392, -0.6775404214859009, -1.0044829845428467, -0.6116097569465637, -0.6709728240966797, 1.2206053733825684, -1.5419120788574219, -0.0384628027677536, 0.08876620978116989, -0.09452874213457108, 0.16967783868312836, -0.47144678235054016, 0.3491422235965729, 0.10560500621795654, 1.0435044765472412, 0.9777354598045349, 0.5135452747344971, -2.136298179626465, -0.53706955909729, 1.0449268817901611, -0.2745411694049835, 0.8773779273033142, -0.7758308053016663, -0.7499352097511292, 2.1857619285583496, -0.5036853551864624, 1.7597441673278809, -1.8227254152297974, 0.6734086871147156, 0.6256775259971619, 1.7070095539093018, 1.2268532514572144]",yunet,Facenet,1920,1080,/home/amos/media/tv/modern_family/Modern.Family.S09.1080p.DSNP.WEB-DL.DDP5.1.H.264-CRFW/Modern.Family.S09E17.Royal.Visit.1080p.DSNP.WEB-DL.DDP5.1.H.264-CRFW.mkv,Modern Family,2009,1442437,9,17,Ariel Winter,42160.0,0.721
1032,534,162,810,498,750,276,630,270,0.921,25992,0,"[-1.1693130731582642, -2.7608306407928467, 0.8097918033599854, 1.261673927307129, 2.559906005859375, -0.7022905945777893, 1.7410134077072144, -1.777687430381775, -0.7723866701126099, 1.9739540815353394, -1.6317781209945679, 0.8048129081726074, 1.531335711479187, 0.34156760573387146, -0.7603771686553955, 0.8689375519752502, 0.7216736078262329, -1.6343765258789062, -0.08420681953430176, -0.643062949180603, -0.27107590436935425, -0.29461053013801575, -0.6891935467720032, -1.2410156726837158, -1.116732120513916, 0.6887269616127014, 2.666177988052368, -1.1365926265716553, 0.9841002821922302, 2.567035436630249, 0.8753706216812134, -0.8812828660011292, 0.7659342885017395, -1.1882230043411255, -0.06140710413455963, -0.3126928508281708, -0.90105801820755, 1.5805628299713135, 0.37450477480888367, -0.47474029660224915, 0.7023131847381592, -0.0382499024271965, -0.2993946671485901, 1.843951940536499, -0.01360899955034256, 0.29850834608078003, -0.29899656772613525, 0.7515261173248291, -1.012378215789795, -0.3578934669494629, -1.986946702003479, 3.2041971683502197, -0.6833121180534363, 0.17897072434425354, 0.5461215972900391, -0.07613558322191238, 0.6300153732299805, 0.4604067802429199, 0.8580577969551086, 1.4131768941879272, -0.32168957591056824, -0.46882230043411255, -0.3208037316799164, 0.15841342508792877, -0.1833864152431488, 0.7284257411956787, -0.5255715847015381, 0.5674070119857788, -0.2693343162536621, 1.1664527654647827, -0.09003083407878876, 0.4101625978946686, -1.4645469188690186, 0.6512637138366699, 0.6372224688529968, 0.2715526819229126, -0.5808945894241333, -1.9185742139816284, 0.27403444051742554, -0.6862090826034546, -0.4463573098182678, 0.8027948141098022, 1.0640157461166382, 1.0999764204025269, -0.5948944091796875, -0.42553335428237915, -0.14480455219745636, -0.30359160900115967, -1.3494446277618408, -1.1563539505004883, -2.4766905307769775, 0.8634921908378601, 1.744422197341919, -0.3902263045310974, 0.9990700483322144, -0.03521253541111946, 0.0838598906993866, 0.6879709959030151, -0.2519468367099762, -0.4008553922176361, 0.5720093846321106, -0.7000293731689453, -2.495872974395752, 0.7579428553581238, 0.31072890758514404, 0.9352313876152039, -0.1784268617630005, -1.4065335988998413, 0.4108973443508148, -1.0248061418533325, 0.33652615547180176, 0.4798891544342041, 1.0605123043060303, -0.23600566387176514, -0.04385554790496826, -0.341848224401474, -1.0754930973052979, 1.0868535041809082, -0.555111825466156, 0.02742427960038185, 2.8684945106506348, 0.39560961723327637, -0.3857120871543884, -1.1118510961532593, -0.5996876955032349, 1.3737539052963257, 1.4121599197387695, 0.32660043239593506]",yunet,Facenet,1920,1080,/home/amos/media/tv/modern_family/Modern.Family.S09.1080p.DSNP.WEB-DL.DDP5.1.H.264-CRFW/Modern.Family.S09E17.Royal.Visit.1080p.DSNP.WEB-DL.DDP5.1.H.264-CRFW.mkv,Modern Family,2009,1442437,9,17,Sarah Hyland,91351.0,0.598
1033,756,138,1062,528,984,294,840,300,0.927,26136,0,"[0.7242550849914551, -0.4765321612358093, 1.3331063985824585, 0.5616674423217773, 0.7550881505012512, 2.242260694503784, 1.1160199642181396, -2.346735715866089, 0.03415018320083618, 2.2135493755340576, -0.7656247019767761, -0.5762561559677124, -1.0610562562942505, 1.2818193435668945, -0.5890591144561768, 0.5652521252632141, -0.45014795660972595, -1.7784157991409302, -0.5904935002326965, -0.636175274848938, 0.5463309288024902, -0.7687153816223145, 0.9391416311264038, 0.49670863151550293, 1.0362956523895264, 0.4565841555595398, 2.212177276611328, -0.8492945432662964, 2.0512397289276123, 2.1266043186187744, 0.07563850283622742, -0.4307178556919098, -0.3169097602367401, -0.23691722750663757, 1.7154556512832642, 0.5350607633590698, -1.7023303508758545, -0.12966862320899963, -0.5976967215538025, 1.4016103744506836, 0.7155330777168274, -1.334631323814392, -0.887311577796936, 2.3117048740386963, -0.041776105761528015, -1.3681961297988892, -0.8709851503372192, 0.10508934408426285, -0.6748970746994019, -1.9770349264144897, -0.4896293878555298, 0.08604203164577484, 0.4834546446800232, 0.35621047019958496, -0.22242161631584167, 0.3540174067020416, 1.3394169807434082, -0.5302798748016357, 0.3483223021030426, -0.49485617876052856, -0.9684717655181885, 0.20753471553325653, 0.8892109990119934, -1.6134895086288452, -2.2578182220458984, 1.1251517534255981, -0.2808920443058014, 2.0741329193115234, 0.5015477538108826, 0.5678032636642456, -1.2086577415466309, 0.18038439750671387, 0.6665573716163635, -0.7909007668495178, -0.04140826687216759, 0.8702810406684875, 0.8526928424835205, -0.18015681207180023, -0.3499872088432312, -0.09881281852722168, 0.11932400614023209, -0.11380481719970703, -0.27374428510665894, 0.15435194969177246, 0.0876254141330719, -0.8180392980575562, 0.09152443706989288, -0.47897231578826904, 1.8735893964767456, -0.3977561891078949, -0.28481021523475647, -0.20466352999210358, 1.077998161315918, -0.4082501232624054, 0.38652580976486206, 1.376434326171875, 0.11040425300598145, -1.405283808708191, -0.1335529386997223, 0.29306814074516296, -0.4582377076148987, 0.8493122458457947, -1.7374597787857056, 0.06904018670320511, 1.0789085626602173, -0.6984713673591614, -0.3284393846988678, -0.4470050036907196, 1.471193552017212, -0.552086353302002, 0.7879169583320618, 0.564978837966919, 0.40986451506614685, -1.1882867813110352, -0.3419586420059204, 0.7988107204437256, -0.43287503719329834, 0.9556992650032043, 0.37298157811164856, -0.7893909215927124, 1.878600001335144, 0.1868772953748703, 1.1004369258880615, -1.6179007291793823, 1.9144794940948486, 0.6531847715377808, 1.696945309638977, 0.5353537797927856]",yunet,Facenet,1920,1080,/home/amos/media/tv/modern_family/Modern.Family.S09.1080p.DSNP.WEB-DL.DDP5.1.H.264-CRFW/Modern.Family.S09E17.Royal.Visit.1080p.DSNP.WEB-DL.DDP5.1.H.264-CRFW.mkv,Modern Family,2009,1442437,9,17,Ariel Winter,42160.0,0.749
1034,762,90,1080,504,1008,264,852,270,0.922,26160,0,"[0.44812193512916565, -0.45366403460502625, 1.3696626424789429, 1.137674331665039, -0.19087037444114685, 1.551956295967102, 1.6938451528549194, -2.0563673973083496, -0.3842197358608246, 1.9487521648406982, -0.8124332427978516, -1.1685115098953247, 0.11151793599128723, 1.4577704668045044, -0.5768395662307739, 0.23460136353969574, 0.32198843359947205, -2.1627535820007324, -0.6030144691467285, 0.17943046987056732, 0.5855838060379028, -0.672173023223877, 0.8095004558563232, 0.7986502051353455, 0.6747379899024963, 0.7044985890388489, 2.352266550064087, -0.027237877249717712, 1.8307671546936035, 1.5450365543365479, -0.22056397795677185, -0.4558074474334717, 0.4870452880859375, -0.4769618511199951, 1.7338117361068726, 0.7120254635810852, -1.623122215270996, -0.546422004699707, 0.021139800548553467, 1.38935124874115, 0.1272030919790268, -0.6647112965583801, -0.9075042009353638, 1.5119379758834839, 0.12332379072904587, -0.6436511278152466, -0.93025141954422, 0.32551243901252747, -1.002139687538147, -2.1179187297821045, 0.005006805062294006, 0.6324718594551086, -0.3867386281490326, 0.06711570918560028, -0.06785663962364197, 1.1367262601852417, 1.122497320175171, 0.36375585198402405, -0.14735615253448486, -0.6089338660240173, -1.071997880935669, 0.5628292560577393, 1.1985480785369873, -1.5586466789245605, -2.2230186462402344, 0.7802477478981018, -0.3906659185886383, 2.680706739425659, 0.8409530520439148, 0.6067867279052734, -0.7152896523475647, 0.4052930772304535, 0.7429676055908203, -1.555855393409729, -0.24122193455696106, 0.9571365118026733, 0.5167124271392822, -1.0349332094192505, -0.18929603695869446, -0.18456314504146576, 0.7638309001922607, -0.2025890350341797, 0.148039311170578, -0.1569797545671463, 0.2390735149383545, -0.30113866925239563, 0.07211065292358398, -0.1717354655265808, 1.4309418201446533, -1.320873498916626, 0.046048253774642944, 0.4982655346393585, 1.687362551689148, 0.6794443130493164, -0.023111626505851746, 1.1861854791641235, 0.2828110158443451, -1.313033938407898, -0.6792116761207581, 0.6539846062660217, 0.10421542823314667, 2.0975112915039062, -1.197600245475769, -0.3598427474498749, 0.004759043455123901, -1.2474623918533325, -0.2762434184551239, -1.3519954681396484, 0.9477354884147644, -0.3605593740940094, 0.00043154601007699966, 0.8238823413848877, 0.5253571271896362, -1.2212803363800049, -0.6370342969894409, 0.943282961845398, -0.37419062852859497, 1.4349150657653809, 0.7436273097991943, -0.4755982756614685, 1.2566297054290771, 1.262523889541626, 1.838026762008667, -2.2526261806488037, 2.1545441150665283, 1.0386258363723755, 2.266525983810425, 1.0446792840957642]",yunet,Facenet,1920,1080,/home/amos/media/tv/modern_family/Modern.Family.S09.1080p.DSNP.WEB-DL.DDP5.1.H.264-CRFW/Modern.Family.S09E17.Royal.Visit.1080p.DSNP.WEB-DL.DDP5.1.H.264-CRFW.mkv,Modern Family,2009,1442437,9,17,Ariel Winter,42160.0,0.665
1035,1092,306,1362,690,1320,468,1194,468,0.91,26208,0,"[0.3864666223526001, 0.7128918170928955, 1.1099531650543213, -0.5964701175689697, -0.07930850237607956, 1.0995848178863525, 0.43442878127098083, -0.28726232051849365, 0.3759935796260834, -0.2805599272251129, 0.907046377658844, -0.693619966506958, -0.8593041896820068, 1.9361461400985718, -0.6758488416671753, 0.06775768846273422, 1.674766182899475, -2.55351185798645, -2.410130739212036, 0.025777524337172508, -0.8542782068252563, -0.5541957020759583, 0.49277567863464355, 1.4590716361999512, 1.0479270219802856, 1.3185107707977295, 1.059300422668457, 0.52933269739151, 2.5370047092437744, 0.4232272803783417, 0.9626384973526001, -0.8328222036361694, 0.17039699852466583, -0.4792328178882599, 1.4822388887405396, 1.306686282157898, -1.075911283493042, 0.3673595190048218, 0.6338027715682983, 1.7632392644882202, -0.42136940360069275, -0.539763331413269, -0.07503549754619598, 1.0495918989181519, -0.08997505158185959, -0.9113733768463135, -0.655536413192749, -0.03973168879747391, -1.8437621593475342, -0.7863314151763916, 0.6998194456100464, -0.6366584897041321, 0.46567589044570923, 0.8379177451133728, -1.2208142280578613, 1.631750464439392, 2.133084297180176, -0.7164235711097717, -0.9623758792877197, -0.43616533279418945, -1.0538676977157593, 0.6786532998085022, 0.7521982192993164, 0.21452634036540985, -1.3224453926086426, 0.8486191630363464, -1.153887152671814, 1.6160987615585327, 0.9186912775039673, 0.6370829343795776, -0.7913150191307068, 1.9240577220916748, -0.10616171360015869, -1.0433506965637207, -0.2614087462425232, 0.560438871383667, 1.045279622077942, -1.0974527597427368, 0.24796512722969055, -0.13361655175685883, -0.42006605863571167, 0.24095210433006287, 0.9996585845947266, -0.8501532673835754, 0.8438040614128113, -0.07959875464439392, 1.688014268875122, -0.6734322905540466, 1.252536654472351, -0.45829829573631287, -0.12227994948625565, -0.8325471878051758, 0.6040832996368408, -0.7867841124534607, 0.7783802151679993, 1.4876042604446411, 0.5442318320274353, -0.9504162669181824, -0.6098509430885315, -0.7324743270874023, -0.034811731427907944, 1.8551815748214722, -0.5776860117912292, 1.2189124822616577, 0.48249584436416626, 0.14603732526302338, -0.40183839201927185, -1.207956075668335, 1.6694371700286865, -0.40508919954299927, 0.8654866218566895, 0.3476523756980896, 1.051220178604126, -0.5433120131492615, -0.7418906688690186, 0.778465747833252, 0.17094331979751587, 1.7157104015350342, 1.3171757459640503, -2.6671862602233887, 1.5855828523635864, 1.4398493766784668, 2.3570024967193604, -2.352686882019043, 1.04020094871521, -0.09974652528762817, 0.5296988487243652, 0.062245678156614304]",yunet,Facenet,1920,1080,/home/amos/media/tv/modern_family/Modern.Family.S09.1080p.DSNP.WEB-DL.DDP5.1.H.264-CRFW/Modern.Family.S09E17.Royal.Visit.1080p.DSNP.WEB-DL.DDP5.1.H.264-CRFW.mkv,Modern Family,2009,1442437,9,17,Ariel Winter,42160.0,0.548
1036,930,240,1218,594,1176,366,1050,366,0.904,26256,0,"[0.8431481122970581, 1.550470232963562, -1.7767342329025269, 1.4185906648635864, 0.4627065658569336, 2.6451282501220703, 0.4391133785247803, -1.0276602506637573, 1.318354845046997, 1.0923339128494263, -0.8442887663841248, -1.6395859718322754, -0.03816685080528259, 0.7751044034957886, 0.07639950513839722, 0.24696172773838043, -0.13594745099544525, -1.0548903942108154, 0.5785229802131653, -0.5727633237838745, -0.2122649848461151, 1.3477064371109009, 0.8256167769432068, 1.3786436319351196, 1.345859169960022, 1.973362922668457, 0.7615272998809814, -0.6043797135353088, 1.478549838066101, 0.36004480719566345, 0.3152811825275421, -1.0488778352737427, -1.6911619901657104, 0.19921433925628662, 1.4456696510314941, -0.11060227453708649, -0.5087485909461975, 1.0430890321731567, 1.859527826309204, 2.199723243713379, 0.570264995098114, -1.3830960988998413, 0.15766280889511108, -0.47283267974853516, 0.26124700903892517, 0.6719882488250732, 0.21098780632019043, 0.04252921789884567, 0.6935984492301941, -0.7861126661300659, -0.6037431955337524, 0.9024704098701477, 0.7416142225265503, 0.9367402791976929, -0.18909120559692383, -0.5088368058204651, 0.7767052054405212, -0.31160101294517517, 1.2776089906692505, -1.0129095315933228, -0.8759987950325012, -0.9522572159767151, -0.17741581797599792, -2.1810829639434814, -0.8830282092094421, -0.8384298086166382, -0.1443343460559845, 0.37455177307128906, -1.4777090549468994, -2.1829240322113037, -0.23393702507019043, 1.2393468618392944, 1.263852596282959, 0.338062047958374, -1.803102731704712, 1.1923518180847168, 1.5130740404129028, 1.49824059009552, 0.42082875967025757, 0.03755374252796173, -1.3971370458602905, 0.09108489006757736, 0.4713369309902191, -0.8037245273590088, -0.6076629757881165, -0.011377349495887756, -0.2209734320640564, 0.21965037286281586, 1.5228570699691772, -0.44564807415008545, 1.0452510118484497, 0.6542165279388428, 0.4542541801929474, 0.03979393094778061, 0.6468954086303711, 0.29346948862075806, -0.5102229118347168, 0.5195568799972534, -0.59916090965271, -0.8963747620582581, 1.259450078010559, 0.4110841453075409, -0.5739882588386536, 0.014431746676564217, -1.1182169914245605, 0.3199242949485779, -0.00978710688650608, 0.8080306053161621, 0.9257520437240601, -1.2734167575836182, 0.7900945544242859, 0.03918496146798134, 0.6751896142959595, -0.9515758156776428, 0.4493797719478607, 0.15720079839229584, 0.23976048827171326, 0.3537851572036743, 1.3325942754745483, 1.0735009908676147, -0.3210136294364929, 1.1937652826309204, 0.3580753803253174, -1.1432141065597534, -0.07850369811058044, 1.4998968839645386, 2.4608309268951416, -1.3762637376785278]",yunet,Facenet,1920,1080,/home/amos/media/tv/modern_family/Modern.Family.S09.1080p.DSNP.WEB-DL.DDP5.1.H.264-CRFW/Modern.Family.S09E17.Royal.Visit.1080p.DSNP.WEB-DL.DDP5.1.H.264-CRFW.mkv,Modern Family,2009,1442437,9,17,,,
1037,954,126,1248,486,1206,264,1068,258,0.904,26280,0,"[1.050976276397705, 0.030548840761184692, -0.6628251671791077, -1.8182896375656128, -0.3514077365398407, -0.09134111553430557, -0.3424188196659088, -0.6934623718261719, 0.6026133894920349, 0.17269393801689148, -0.204301118850708, -0.8655893206596375, -1.5212665796279907, 0.15322215855121613, 0.5359126925468445, 0.3717835545539856, -0.043538860976696014, -1.5428659915924072, -0.5422807931900024, -1.2956883907318115, -1.4567734003067017, 0.4731307327747345, -0.426220178604126, 1.5607362985610962, 1.340063452720642, 1.6484060287475586, 0.8421062231063843, -1.2052277326583862, 1.055046558380127, -0.04133255407214165, -0.14869914948940277, 0.3273313343524933, -1.4576650857925415, -1.4535300731658936, 0.7313942313194275, 0.6368303894996643, 0.06804260611534119, 1.5200393199920654, 2.006967782974243, 1.7398802042007446, 1.7355393171310425, -1.2208000421524048, -0.023194223642349243, 0.5508917570114136, -0.2668869197368622, 0.1373664289712906, 1.1329739093780518, -1.249696969985962, -1.0823830366134644, -0.417835533618927, -0.5124852061271667, 0.07837779819965363, 1.1408255100250244, -0.05604875832796097, -0.7380121350288391, -1.5332541465759277, 0.3076876699924469, 0.015375126153230667, 0.061804380267858505, -0.17543581128120422, 0.976595938205719, -2.415682077407837, -1.2891335487365723, -1.3601229190826416, 0.15257352590560913, 0.07727336883544922, 0.3753395974636078, 0.7609243988990784, 0.3394816219806671, -1.6782222986221313, -1.8685505390167236, 1.1808820962905884, -0.1309913843870163, -2.1167993545532227, -0.6487615704536438, -0.0598052479326725, 0.31199756264686584, 0.7460086941719055, 0.5123223066329956, -1.4423562288284302, -1.1207966804504395, -0.4020903706550598, 0.22654512524604797, 0.04082229733467102, -1.5695613622665405, -0.7108322381973267, 0.05130894482135773, -0.7596184611320496, 0.7467565536499023, 0.3418235778808594, 1.3286242485046387, -1.9576069116592407, 0.2880336344242096, -1.729887843132019, 0.7746455073356628, 0.4437917470932007, 0.7100017070770264, 0.603781521320343, -0.30736681818962097, -0.34101465344429016, 0.7337092161178589, 1.1846342086791992, -0.10862760245800018, 0.04533125460147858, -0.4769691228866577, 0.27757900953292847, -0.4943174421787262, 0.6388118267059326, 0.285142719745636, -0.0020206253975629807, 0.07541966438293457, 0.7047812342643738, 2.668016195297241, -2.024404525756836, -0.31902748346328735, -0.633589506149292, -1.4241232872009277, 1.0563040971755981, 1.3030755519866943, 0.019452180713415146, -0.7164817452430725, 0.2508484423160553, 0.4924235939979553, 0.21430470049381256, 0.6987187266349792, -0.7367176413536072, 0.14127719402313232, -0.2117045670747757]",yunet,Facenet,1920,1080,/home/amos/media/tv/modern_family/Modern.Family.S09.1080p.DSNP.WEB-DL.DDP5.1.H.264-CRFW/Modern.Family.S09E17.Royal.Visit.1080p.DSNP.WEB-DL.DDP5.1.H.264-CRFW.mkv,Modern Family,2009,1442437,9,17,,,
1038,840,108,1146,480,1098,240,954,234,0.908,26304,0,"[0.6448526382446289, 0.29523324966430664, 0.1821342557668686, -1.606611967086792, -0.8195923566818237, 0.22856956720352173, -0.05156394839286804, -0.8412677049636841, 0.4305274188518524, 0.7276638746261597, 0.12146659940481186, -0.607779860496521, -1.4258617162704468, -0.1256939172744751, 0.22258396446704865, 0.6866758465766907, -0.49799028038978577, -1.8103615045547485, -0.513103723526001, -0.6532046794891357, -0.9293971061706543, 0.437010258436203, -0.7868563532829285, 1.817821979522705, 0.6080787777900696, 1.3276423215866089, 1.2955836057662964, -1.018801212310791, 1.0193116664886475, 0.7929229736328125, -0.1200319230556488, 0.2650924623012543, -1.5498918294906616, -1.774692416191101, 0.9683917760848999, 0.16576598584651947, -0.4385141134262085, 1.3889961242675781, 2.6951332092285156, 2.1751201152801514, 1.2994076013565063, -1.432785987854004, -0.4667218029499054, 0.4048573672771454, -0.18979479372501373, 0.5430293083190918, 0.9624791145324707, -1.121948480606079, -1.274556040763855, -0.5676270723342896, -0.6509782671928406, 0.6929793357849121, 1.8901935815811157, -0.13758710026741028, -0.49776366353034973, -1.7332102060317993, 0.18644563853740692, 0.5385356545448303, -0.07375174015760422, -0.3445642292499542, 1.1657843589782715, -2.1008408069610596, -1.2180205583572388, -1.7572563886642456, -0.024852700531482697, 0.33359915018081665, 0.8687556385993958, 0.726093590259552, 0.07975654304027557, -1.5032039880752563, -1.6085644960403442, 0.8804805278778076, 0.501213014125824, -1.568877100944519, -1.0699868202209473, 0.2913549244403839, 0.2707982063293457, 1.447227120399475, 0.6659383177757263, -0.9239471554756165, -0.8737229108810425, -1.0849885940551758, 0.1459183692932129, 0.06074123829603195, -1.4180428981781006, -0.4965839684009552, -0.07321253418922424, -0.799742579460144, 0.39376330375671387, -0.22673533856868744, 1.4310630559921265, -1.3660188913345337, 0.3697018325328827, -1.0133854150772095, 1.1630381345748901, 0.698703944683075, 0.6474632620811462, 0.6347643136978149, -0.4844062626361847, -0.8856236934661865, 0.3470538854598999, 1.3405611515045166, -0.09893174469470978, 0.0739564374089241, -0.8087019324302673, 0.06359907239675522, -0.3539051413536072, 0.933551549911499, 0.25911226868629456, 0.23840929567813873, 0.46029263734817505, 0.3047025799751282, 2.825287342071533, -2.1809709072113037, -0.886442244052887, 0.3093118369579315, -1.3567394018173218, 1.2162346839904785, 0.6757804751396179, 0.19888333976268768, -1.1240342855453491, 0.26466500759124756, 0.3156266212463379, -0.6347920894622803, 0.8185367584228516, -0.16227729618549347, 0.13582754135131836, -0.6878154277801514]",yunet,Facenet,1920,1080,/home/amos/media/tv/modern_family/Modern.Family.S09.1080p.DSNP.WEB-DL.DDP5.1.H.264-CRFW/Modern.Family.S09E17.Royal.Visit.1080p.DSNP.WEB-DL.DDP5.1.H.264-CRFW.mkv,Modern Family,2009,1442437,9,17,,,
1039,798,96,1104,480,1050,222,912,216,0.913,26328,0,"[0.6676524877548218, 0.37124988436698914, 0.22980646789073944, -1.4309487342834473, -0.9475656747817993, 0.3929193913936615, 0.23938767611980438, -1.5858943462371826, 0.573596179485321, 1.2924399375915527, -0.04743463546037674, -0.4514036476612091, -1.183051586151123, 0.1139233261346817, 0.17111188173294067, 1.112542986869812, -0.2782881557941437, -2.315458059310913, -1.3603688478469849, -0.5347212553024292, -0.644659161567688, 0.5609347224235535, -1.0004878044128418, 1.8081454038619995, 1.0570759773254395, 1.2133464813232422, 1.483567476272583, -1.274438500404358, 1.349726915359497, 0.6954413056373596, 0.020813889801502228, -0.2602473497390747, -1.2850871086120605, -1.3101260662078857, 1.1473309993743896, 0.7867996096611023, -1.2720261812210083, 0.9333711266517639, 2.3879806995391846, 1.8214075565338135, 1.3366572856903076, -1.365585207939148, -1.0899958610534668, 0.4777261018753052, 0.06788396835327148, -0.1684553027153015, 0.5802170634269714, -0.47083064913749695, -1.1865923404693604, -1.1499881744384766, -0.5267619490623474, 0.02749166637659073, 1.3274797201156616, -0.07646495848894119, -0.49780818819999695, -2.306776285171509, 0.6401020288467407, 0.18129540979862213, -0.08007729798555374, -1.1285381317138672, 0.3796564042568207, -2.088832139968872, -1.3026682138442993, -2.015770196914673, 0.08390793204307556, 0.5017262101173401, 0.6513468027114868, 0.5155768394470215, 0.19567081332206726, -1.3892641067504883, -1.5643582344055176, 0.8317114114761353, 0.5356150269508362, -1.7261292934417725, -0.9597724676132202, -0.1969478726387024, 0.7184838056564331, 1.2971481084823608, 1.4038386344909668, -0.7007368206977844, -0.9847128391265869, -1.4676495790481567, 0.008921008557081223, -0.016922373324632645, -1.0988811254501343, 0.0630815178155899, 0.04591965675354004, -0.7688161730766296, 0.7070965766906738, 0.2692832350730896, 1.9256680011749268, -0.6328295469284058, 1.048354983329773, -0.7292506694793701, 1.1945359706878662, 1.2162117958068848, 1.1371608972549438, 0.9350023865699768, -0.7909302115440369, -0.5988414883613586, 0.3471212387084961, 1.4959716796875, -0.6000704765319824, 0.33413955569267273, -0.6279956102371216, 0.37335413694381714, -0.5395638346672058, 0.7174627780914307, 0.024058833718299866, 0.5168960094451904, 0.2568376064300537, 0.7874853014945984, 2.795548439025879, -2.437715768814087, -0.6287091970443726, 0.4435688555240631, -1.3996564149856567, 1.2062755823135376, 1.045082926750183, -0.23341259360313416, -0.8747316598892212, 0.2590404748916626, 0.46499305963516235, -0.9139654636383057, 1.3661110401153564, -0.22522541880607605, 0.4669317603111267, -0.5813605785369873]",yunet,Facenet,1920,1080,/home/amos/media/tv/modern_family/Modern.Family.S09.1080p.DSNP.WEB-DL.DDP5.1.H.264-CRFW/Modern.Family.S09E17.Royal.Visit.1080p.DSNP.WEB-DL.DDP5.1.H.264-CRFW.mkv,Modern Family,2009,1442437,9,17,,,
1040,816,120,1110,498,1062,270,942,264,0.913,26352,0,"[1.2685370445251465, 0.6916002035140991, 0.18867065012454987, -1.4802279472351074, -0.5948139429092407, 0.36963918805122375, 0.4181702435016632, -1.1750357151031494, 1.1556671857833862, -0.05375227332115173, -0.10888032615184784, -1.1984021663665771, -1.3021764755249023, -0.17681725323200226, 0.419582337141037, 0.9336344599723816, 0.4325483739376068, -2.152951955795288, -0.5839788317680359, -1.362521767616272, -1.1588705778121948, -0.024490781128406525, -0.6665071249008179, 1.6064953804016113, 0.7327944040298462, 0.9744092226028442, 1.334629774093628, -1.0262386798858643, 0.4943692684173584, 0.9683853387832642, -0.7857183218002319, -0.3607610762119293, -1.026884913444519, -1.3301838636398315, 1.0136178731918335, 0.9371061325073242, -0.8565123081207275, 1.1192240715026855, 2.0152406692504883, 2.0954091548919678, 2.0005204677581787, -2.2419323921203613, -1.5608227252960205, 0.3821064233779907, 0.5637307167053223, 0.23512586951255798, 1.1007274389266968, -0.6837607622146606, -1.2940679788589478, -0.9640125036239624, -0.9788187146186829, 0.21074533462524414, 0.7293372750282288, -0.4693782925605774, -0.4912978708744049, -0.8084784746170044, 0.9694890379905701, -0.5010709762573242, 0.8274179100990295, -0.463760107755661, 0.40126994252204895, -1.9761103391647339, -0.4657118320465088, -1.7544716596603394, -0.08059816062450409, 0.34522372484207153, 0.3194181025028229, 0.685658872127533, 0.08520928025245667, -1.4766939878463745, -1.7476897239685059, 0.3455747961997986, 0.5322448015213013, -2.252354860305786, -0.809190034866333, 0.3159851133823395, -0.13492214679718018, 0.7667389512062073, 0.5210035443305969, -1.5804857015609741, -0.6145161390304565, -1.2403961420059204, -0.2294611930847168, -0.36337244510650635, 0.26172107458114624, -1.0462833642959595, 0.24335546791553497, -0.5677939057350159, 0.5238953828811646, 0.6494124531745911, 1.4543496370315552, -1.0435593128204346, 1.5729475021362305, -1.6437777280807495, -0.027424581348896027, 0.6423946022987366, 1.2080096006393433, 0.7919281125068665, -1.6373779773712158, 0.42813748121261597, 0.27792179584503174, 1.499560832977295, -0.014146611094474792, 0.044980987906455994, -0.45283666253089905, 0.48012518882751465, -0.8100137710571289, 1.268092155456543, -0.16633059084415436, 0.8549727201461792, -0.06935703009366989, 1.0337755680084229, 2.20453143119812, -2.469252109527588, -1.1360658407211304, -0.5247164964675903, -1.2633529901504517, 1.0218799114227295, 1.4109747409820557, -0.3574420213699341, -0.11526757478713989, 0.7534741163253784, 0.636396586894989, -0.5833747982978821, 1.4196776151657104, -0.5799650549888611, -0.04232073202729225, -0.13830283284187317]",yunet,Facenet,1920,1080,/home/amos/media/tv/modern_family/Modern.Family.S09.1080p.DSNP.WEB-DL.DDP5.1.H.264-CRFW/Modern.Family.S09E17.Royal.Visit.1080p.DSNP.WEB-DL.DDP5.1.H.264-CRFW.mkv,Modern Family,2009,1442437,9,17,,,
1041,816,180,1134,576,1092,318,954,312,0.914,26376,0,"[0.45769819617271423, -0.00830080360174179, 0.05708776414394379, -1.56574547290802, -0.8517970442771912, 0.4594568908214569, 0.12905606627464294, -1.1981688737869263, 0.7747718691825867, -0.08214955031871796, -0.03256471827626228, -0.7308924794197083, -1.1502079963684082, 0.2670743465423584, 0.5103527903556824, 0.6909719705581665, 0.6192798614501953, -1.9616841077804565, -0.8381229043006897, -1.3358486890792847, -0.7907201051712036, -0.6090717315673828, -0.3716226816177368, 1.0692936182022095, 0.7999316453933716, 1.1378988027572632, 1.2556790113449097, -1.1104416847229004, 0.8881306052207947, 0.7349871397018433, -0.4385465085506439, 0.0843641385436058, -0.729367733001709, -1.5767500400543213, 1.0039690732955933, 0.9225575923919678, -1.0074846744537354, 1.2059953212738037, 2.250840663909912, 2.1817517280578613, 1.9654837846755981, -1.8184105157852173, -1.5340204238891602, 0.20897188782691956, 0.4903084635734558, 0.18029706180095673, 1.1425857543945312, -0.7077192068099976, -1.2324028015136719, -0.9729282855987549, -0.896164059638977, 0.4051816761493683, 0.5136079788208008, -0.3449702858924866, -0.16954205930233002, -0.8119542598724365, 0.7485270500183105, 0.09541234374046326, 0.6539444923400879, -0.3871709704399109, 0.8471292853355408, -2.5956010818481445, -0.5279068350791931, -1.9249510765075684, 0.022246945649385452, -0.11785762012004852, 0.3361380398273468, 0.8853297233581543, 0.15504267811775208, -1.9051837921142578, -2.191380500793457, 1.0470389127731323, 0.3456675410270691, -1.9792848825454712, -0.41158780455589294, 0.004580270498991013, 0.1936011016368866, 0.47829002141952515, 0.3913382291793823, -1.4706951379776, -1.1416820287704468, -1.0225820541381836, -0.29624491930007935, -0.40794989466667175, -0.6848903298377991, -0.4795800745487213, 0.05665212869644165, -0.8091720938682556, 0.29781273007392883, 0.584597647190094, 1.2872540950775146, -1.020140528678894, 1.4484957456588745, -1.5959253311157227, 0.1528579592704773, 1.1245783567428589, 1.0293848514556885, 1.0437606573104858, -1.2825374603271484, 0.023241637274622917, 0.3179510831832886, 1.491435170173645, -0.025668159127235413, 0.1556260883808136, -0.1943734586238861, 0.14070731401443481, -0.7826593518257141, 1.002568244934082, 0.30192339420318604, 0.4631529450416565, -0.17459562420845032, 1.1276251077651978, 2.4345545768737793, -2.718510866165161, -0.7568020820617676, -0.36857470870018005, -0.9803460836410522, 1.2751415967941284, 1.250321388244629, -0.3301282525062561, -0.6686950922012329, 0.7840555906295776, 0.978119432926178, -0.5462096929550171, 0.9415735602378845, -0.12408719956874847, -0.33905506134033203, 0.04032136872410774]",yunet,Facenet,1920,1080,/home/amos/media/tv/modern_family/Modern.Family.S09.1080p.DSNP.WEB-DL.DDP5.1.H.264-CRFW/Modern.Family.S09E17.Royal.Visit.1080p.DSNP.WEB-DL.DDP5.1.H.264-CRFW.mkv,Modern Family,2009,1442437,9,17,,,
1042,864,204,1158,576,1110,348,984,348,0.913,26400,0,"[-0.30778273940086365, 1.6129876375198364, 0.30140137672424316, -1.1796636581420898, 0.19036194682121277, 1.8848263025283813, 0.5019652843475342, -0.8037117719650269, 1.7244813442230225, 0.43660807609558105, -0.18641158938407898, -0.09064994752407074, -1.0566387176513672, 0.49961063265800476, 0.2517690062522888, 1.6760122776031494, -0.11666958034038544, -1.4035629034042358, -0.11216776072978973, -1.525314450263977, -0.6885203123092651, 0.34678661823272705, 0.16226798295974731, 1.232313871383667, 0.28456562757492065, 1.1050537824630737, 1.399201512336731, -0.787625789642334, 0.9601494669914246, 2.2875218391418457, -0.22216743230819702, -0.8312618732452393, -0.279653936624527, -0.9300177693367004, 1.009363055229187, -0.012928267940878868, 0.2444143295288086, 1.2607121467590332, 1.8021020889282227, 2.407416582107544, 1.5658246278762817, -2.604029417037964, -2.2399275302886963, 0.6072946190834045, 0.31022870540618896, 1.1774412393569946, 0.2658103406429291, -1.3227306604385376, -0.2500390112400055, -0.07552894949913025, -1.4381284713745117, 1.1254370212554932, 0.8015849590301514, 0.09992706775665283, 0.015992876142263412, -0.19461192190647125, 0.4963216185569763, -0.3708244264125824, 1.3251160383224487, -0.6504515409469604, 0.42870715260505676, -1.414758563041687, 0.22740349173545837, -2.151928663253784, -0.3678491711616516, 0.24572940170764923, -0.237809419631958, 0.8421432971954346, -0.09324494749307632, -2.100616455078125, -1.2363086938858032, 1.2610293626785278, 1.4012068510055542, -0.20093703269958496, -1.0479153394699097, 0.4487016499042511, 0.08196352422237396, 0.5406174659729004, 0.6086300015449524, -0.20875990390777588, -1.955693006515503, -0.45998430252075195, 0.204880952835083, -0.0007377825677394867, -0.4122180640697479, 0.06344863772392273, 0.12228964269161224, 0.4190863370895386, 0.47898879647254944, 1.1079005002975464, 0.29878419637680054, -0.5016218423843384, 1.6193164587020874, -1.2177157402038574, 0.4226509928703308, 0.9476124048233032, 0.6555313467979431, 1.0774891376495361, -1.27366304397583, -0.4778769910335541, 0.00341169536113739, 1.0558511018753052, -0.8334419131278992, 0.536597490310669, -0.8053018450737, 0.38252389430999756, -1.3302202224731445, 1.775949239730835, 0.8185522556304932, 0.36696597933769226, 0.5797376036643982, -0.1273038387298584, 1.921473741531372, -1.832857608795166, -0.3636348843574524, 0.31926918029785156, 0.44293102622032166, 0.13334478437900543, 1.162346601486206, -0.60758376121521, 0.06916401535272598, 1.1753981113433838, 0.33504271507263184, -1.8233548402786255, -0.45402729511260986, 1.015089750289917, 0.5058366656303406, -0.7319076657295227]",yunet,Facenet,1920,1080,/home/amos/media/tv/modern_family/Modern.Family.S09.1080p.DSNP.WEB-DL.DDP5.1.H.264-CRFW/Modern.Family.S09E17.Royal.Visit.1080p.DSNP.WEB-DL.DDP5.1.H.264-CRFW.mkv,Modern Family,2009,1442437,9,17,,,
1043,792,180,1122,594,1062,312,918,312,0.913,26448,0,"[0.8301312923431396, 1.5053379535675049, -0.17631125450134277, 0.30519115924835205, 1.5038220882415771, 2.150459051132202, 1.6390854120254517, -1.3234394788742065, 0.9220001101493835, 1.999929428100586, -0.005913835018873215, 0.8513703942298889, -0.008384350687265396, -0.048287343233823776, 0.7918256521224976, 2.3052074909210205, 0.2709246277809143, -1.554514765739441, -1.1150625944137573, -0.8130749464035034, -1.1979221105575562, 0.36334678530693054, 0.8031601309776306, 0.780620276927948, 0.4625374376773834, 0.8364655375480652, 1.2840242385864258, -0.0811547338962555, 1.486855149269104, 1.5954176187515259, -0.15311864018440247, -1.626052975654602, -0.8712112903594971, -1.48220694065094, 1.2457215785980225, -0.16515065729618073, -0.6881409287452698, 1.1422332525253296, 0.31105121970176697, 1.1431808471679688, 0.3870293200016022, -2.6362640857696533, -1.233012318611145, 1.1688915491104126, 1.0973013639450073, -0.11444665491580963, -0.216299369931221, -0.030032411217689514, 0.4889138340950012, -0.23981201648712158, -0.19651491940021515, 0.4365256726741791, 0.09329887479543686, 0.6645448803901672, -0.19727414846420288, -0.31708312034606934, 0.11047583818435669, -0.33072444796562195, 1.6746362447738647, -0.265470415353775, -1.2955416440963745, -0.44405436515808105, 0.6873139142990112, -2.2885398864746094, -0.16917142271995544, 0.28579574823379517, -1.006103515625, 0.47562819719314575, 0.05456855148077011, -0.9645957946777344, -1.1640979051589966, 0.8640161752700806, 0.4846964180469513, 1.1237918138504028, -0.6998279690742493, 0.20896589756011963, 0.086549311876297, 0.14106790721416473, 0.8454473614692688, 0.15679211914539337, -1.4922592639923096, 0.21744892001152039, -0.11815696209669113, -0.5326499938964844, -0.4344758689403534, -0.6013156175613403, 0.23552334308624268, -0.3659366965293884, 1.376585602760315, 0.07323045283555984, -0.20898479223251343, -0.009368911385536194, 2.1221961975097656, -1.1915271282196045, 0.3328873813152313, 0.8788613677024841, 0.6490229964256287, 0.31954118609428406, -0.9362290501594543, -0.1815156191587448, -0.30937856435775757, 0.12108797580003738, -1.6838889122009277, 0.7505460381507874, -0.8616894483566284, 0.817031741142273, -0.41448304057121277, 0.4533774256706238, 1.6281163692474365, 0.8776828050613403, 0.4517040252685547, 1.433506965637207, 1.302409052848816, -1.9414136409759521, 0.4682582914829254, 0.5299198627471924, 0.2956220507621765, 0.3100427985191345, 0.3546694815158844, -1.1406645774841309, 1.4164947271347046, 0.49285370111465454, 1.1652917861938477, -1.1979732513427734, -0.47897738218307495, 1.6419743299484253, 1.0937827825546265, -1.3826947212219238]",yunet,Facenet,1920,1080,/home/amos/media/tv/modern_family/Modern.Family.S09.1080p.DSNP.WEB-DL.DDP5.1.H.264-CRFW/Modern.Family.S09E17.Royal.Visit.1080p.DSNP.WEB-DL.DDP5.1.H.264-CRFW.mkv,Modern Family,2009,1442437,9,17,Ariel Winter,42160.0,0.504
1044,762,174,1098,594,1038,312,888,312,0.919,26472,0,"[0.7259619235992432, 1.6041368246078491, 0.023333461955189705, -0.2971806824207306, 0.9237461686134338, 1.679686427116394, 1.403900384902954, -1.6199071407318115, 0.7730572819709778, 1.5858373641967773, 0.15294748544692993, 1.1521668434143066, -0.22544492781162262, 0.3758660852909088, 0.3372371792793274, 1.8192261457443237, 0.19281204044818878, -1.5084269046783447, -1.5318183898925781, -0.7017220258712769, -0.6314457654953003, -0.5107326507568359, 0.469909131526947, 0.386653870344162, 0.1834782510995865, 0.6134737730026245, 1.7150146961212158, -0.6535926461219788, 1.2388149499893188, 1.7948510646820068, 0.2618227005004883, -1.411741852760315, -0.20474757254123688, -1.4207504987716675, 1.0178899765014648, -0.19276262819766998, -1.3565795421600342, 0.9777625799179077, 0.8984050154685974, 2.019786834716797, 0.7355261445045471, -2.2137553691864014, -1.0136750936508179, 1.2030508518218994, 0.6911131143569946, -0.7679963111877441, -0.4603032171726227, 0.43688082695007324, -0.24421781301498413, -1.0398727655410767, -0.1316138058900833, 0.9919478893280029, 0.3113056421279907, 0.5467908382415771, 0.7645429372787476, -0.45093947649002075, 0.4443046748638153, 0.46794044971466064, 1.3011044263839722, -1.2601726055145264, -0.6363811492919922, -1.1795151233673096, 0.5816847681999207, -1.9333038330078125, -0.2244102954864502, 0.331929475069046, -1.3724263906478882, 0.6176156997680664, -0.7460430264472961, -1.1895581483840942, -1.4629768133163452, 0.9825069904327393, 1.0557042360305786, 0.4872244596481323, -0.8584206104278564, -0.04772498831152916, 0.5022280216217041, 0.539044201374054, 0.8298259973526001, -0.803252637386322, -1.5127499103546143, 0.15365444123744965, -0.10027778893709183, -0.11104579269886017, -0.7103207111358643, 0.015678726136684418, -0.10111953318119049, -1.0557196140289307, 1.0067861080169678, -0.051603566855192184, -0.4040568768978119, 0.06821581721305847, 2.3584160804748535, -1.1225628852844238, 0.6743256449699402, 0.9321593642234802, 0.8414417505264282, -0.08591146022081375, -1.2881965637207031, -0.6990184187889099, -0.6288722157478333, 0.8551024794578552, -1.4912511110305786, 1.093123435974121, -0.6654714345932007, 0.3414708375930786, -0.5295178890228271, 0.6822916269302368, 1.2171822786331177, 0.938444197177887, 0.4835646152496338, 1.7029849290847778, 1.9419760704040527, -1.8973636627197266, -0.20141446590423584, 1.183563232421875, -0.19340500235557556, 0.554144024848938, 0.6818241477012634, -1.3948352336883545, 0.4009639620780945, 0.8569419384002686, 1.505388855934143, -1.8931523561477661, -0.2158389836549759, 1.5573722124099731, 0.7741453051567078, -1.1367517709732056]",yunet,Facenet,1920,1080,/home/amos/media/tv/modern_family/Modern.Family.S09.1080p.DSNP.WEB-DL.DDP5.1.H.264-CRFW/Modern.Family.S09E17.Royal.Visit.1080p.DSNP.WEB-DL.DDP5.1.H.264-CRFW.mkv,Modern Family,2009,1442437,9,17,,,
1045,642,156,1014,618,936,348,768,348,0.925,26496,0,"[0.8655827045440674, 0.48208853602409363, 1.0335254669189453, 1.7767627239227295, 0.8250969648361206, 1.6157495975494385, 0.9047525525093079, -2.545957088470459, -0.005558881908655167, 1.2914842367172241, -1.2436882257461548, -0.5642119646072388, -0.5227729082107544, 0.13728266954421997, 0.9861812591552734, -0.37609344720840454, -0.846747636795044, -0.9592211246490479, -1.9769868850708008, -0.5182814598083496, -0.8744746446609497, -0.6184287667274475, 1.0761061906814575, 1.0086103677749634, -0.6137834191322327, 0.12532761693000793, 2.8198747634887695, -0.15105193853378296, 0.7553466558456421, 2.3791286945343018, -0.8297315835952759, -0.7086442708969116, -0.7253954410552979, -0.03904963284730911, 1.108872652053833, -0.13674290478229523, -1.5981720685958862, -0.5785524845123291, 0.04001231491565704, 1.9509055614471436, 1.0663257837295532, -3.2574000358581543, -1.3235630989074707, 1.3801485300064087, 1.495330572128296, -0.8033404350280762, 0.8156376481056213, 0.6058400869369507, 0.10042645037174225, -2.343625545501709, 0.6732211112976074, 0.06371995806694031, 0.6469703316688538, -0.41750162839889526, 1.107584834098816, 0.35000279545783997, 0.24064379930496216, 0.2416985034942627, 0.3409149944782257, -0.6369353532791138, -1.321503758430481, -1.2443546056747437, 0.45299193263053894, -2.0511837005615234, -1.7167377471923828, 1.0692270994186401, -1.1251946687698364, 1.7465686798095703, -0.32022419571876526, -1.0971146821975708, -1.0440855026245117, -0.7667067050933838, 1.607184648513794, -0.2872874140739441, -0.3402270972728729, 1.0262433290481567, -0.03548646718263626, 0.6793143153190613, -0.5685529708862305, -0.3156454265117645, -0.8601379990577698, -0.24379706382751465, 0.04078450798988342, 1.1434582471847534, 0.3786914646625519, -0.20388108491897583, 0.5319373607635498, -0.11407998204231262, 1.675247073173523, -1.7620738744735718, -0.42781320214271545, 0.5352208614349365, 1.9944889545440674, -0.4991849958896637, 1.0291023254394531, 0.28999099135398865, 0.5145143270492554, -1.1602959632873535, -0.8451295495033264, 0.411151260137558, -0.6195093989372253, 1.20474112033844, -1.7358344793319702, 0.5977031588554382, -0.39909085631370544, -0.8210229873657227, -0.06268759071826935, -0.5106285810470581, 0.9122471213340759, 0.06646433472633362, -0.24997887015342712, 1.443584680557251, -0.2842079699039459, -2.3485546112060547, -0.7159984707832336, 1.8230290412902832, -0.9556204080581665, 1.2383396625518799, 0.13242968916893005, -0.3069630563259125, 0.15650276839733124, 0.4900813102722168, 1.7990822792053223, -2.308539390563965, 0.26126307249069214, 1.9026669263839722, 1.1504614353179932, 1.0403424501419067]",yunet,Facenet,1920,1080,/home/amos/media/tv/modern_family/Modern.Family.S09.1080p.DSNP.WEB-DL.DDP5.1.H.264-CRFW/Modern.Family.S09E17.Royal.Visit.1080p.DSNP.WEB-DL.DDP5.1.H.264-CRFW.mkv,Modern Family,2009,1442437,9,17,Ariel Winter,42160.0,0.585
1046,960,114,1086,282,1056,180,1002,180,0.905,26544,0,"[0.6462030410766602, 0.7999554872512817, 0.7779420614242554, 1.0425370931625366, -0.29932549595832825, 0.246819406747818, -0.31797415018081665, 0.055259790271520615, -1.439942717552185, -0.12348306179046631, 0.622872531414032, 0.18203283846378326, 1.7331815958023071, -0.031851354986429214, -1.7889189720153809, -0.5714843273162842, 0.4337557554244995, -0.3069244921207428, -1.013726830482483, 1.2225481271743774, -1.3090317249298096, 1.9983739852905273, -0.2757914960384369, 0.165422260761261, -0.07178990542888641, 0.4974677562713623, -2.7666401863098145, 2.919044017791748, 0.5932901501655579, -2.51291823387146, 0.33972615003585815, -1.0234981775283813, -0.7784613966941833, -0.713124692440033, 1.5167467594146729, 0.3291611075401306, 0.18674355745315552, 0.023552004247903824, 0.7697028517723083, 1.1426142454147339, 0.17462648451328278, 1.0126310586929321, 0.5682672262191772, 0.33220264315605164, 0.525584876537323, -0.6444626450538635, 0.8125523924827576, 0.7077034711837769, 0.6028500199317932, -1.5084506273269653, -0.23073972761631012, 0.3463333547115326, -0.9253753423690796, -1.1638187170028687, -0.7423973083496094, 1.9940732717514038, 2.435988187789917, 0.7840723991394043, 0.6985371112823486, 0.1928006112575531, 1.5683743953704834, 0.017160311341285706, -0.24718227982521057, 0.9341636896133423, -0.4940679371356964, 1.3686408996582031, 1.541848063468933, 0.4762343466281891, 0.951987087726593, -0.16752445697784424, -1.0753393173217773, 1.2297033071517944, -0.8623605370521545, 1.1641911268234253, 0.3244059383869171, 0.5418537855148315, -0.06589103490114212, 0.9183118939399719, 0.5071032047271729, 0.9781754016876221, 1.3041071891784668, -0.8860700130462646, 0.5631228089332581, 0.034409597516059875, -0.6345935463905334, -1.2717187404632568, 0.09709732234477997, -0.3274402320384979, -0.2933751940727234, -0.3333030939102173, 0.039298124611377716, -0.8658493161201477, -0.8613309860229492, -0.6634232997894287, 0.8907046914100647, -0.9066376090049744, 0.1755683273077011, -1.1505827903747559, 1.0612101554870605, -0.8389864563941956, -0.6530009508132935, 0.389454185962677, -2.440408229827881, 0.3848004937171936, -0.22568687796592712, 1.2541556358337402, 1.267843246459961, -1.9818620681762695, 0.43095850944519043, -0.7856101989746094, 0.5240183472633362, 1.7965168952941895, 0.6288188695907593, 1.2559432983398438, 0.36674633622169495, 1.5228500366210938, 0.13341990113258362, -0.5825216174125671, 0.21847546100616455, 0.559866726398468, -0.11933504045009613, 0.5329674482345581, -0.028021395206451416, -0.7515984177589417, 1.1386470794677734, -0.704185426235199, 1.0527392625808716, -1.774194598197937]",yunet,Facenet,1920,1080,/home/amos/media/tv/modern_family/Modern.Family.S09.1080p.DSNP.WEB-DL.DDP5.1.H.264-CRFW/Modern.Family.S09E17.Royal.Visit.1080p.DSNP.WEB-DL.DDP5.1.H.264-CRFW.mkv,Modern Family,2009,1442437,9,17,Ty Burrell,15232.0,0.661
1047,1098,114,1218,288,1170,174,1122,174,0.905,26568,0,"[0.631277322769165, -0.2883811593055725, 0.6924422979354858, 0.42765012383461, -1.9718842506408691, -0.38708066940307617, -1.2018972635269165, 0.36702731251716614, -2.068976402282715, 0.09332503378391266, 0.7777827978134155, 0.3758763074874878, 1.6362488269805908, 0.10708636045455933, -1.1787229776382446, 0.5199835300445557, 0.43776601552963257, -1.3893953561782837, -0.3584168255329132, 1.9520237445831299, -1.347953200340271, 1.8321760892868042, 0.13025438785552979, -0.04968356341123581, -0.24393193423748016, 0.9818564653396606, -1.8828703165054321, 3.0882835388183594, 1.9442263841629028, -2.1460907459259033, -0.976636528968811, 0.35287562012672424, -0.5220160484313965, -1.047135591506958, 1.3197906017303467, -0.07629290968179703, 0.10749774426221848, 1.5728449821472168, 0.712329089641571, 0.1936047077178955, -0.7564020156860352, 2.1509220600128174, -0.8445684909820557, -0.9746827483177185, 0.25269782543182373, -1.570170283317566, 0.4862154424190521, 0.5925990343093872, 2.111056089401245, 0.23769032955169678, 1.2822860479354858, 0.07575549185276031, 0.10655349493026733, -1.8042184114456177, -0.4014085531234741, 1.055469274520874, 0.12288117408752441, 1.413980484008789, 0.27898257970809937, 1.975387692451477, 1.6408787965774536, -0.26640433073043823, -0.44368430972099304, 0.05650106817483902, -1.7987134456634521, 1.5966792106628418, 1.9109278917312622, 0.919165313243866, 2.388310194015503, 1.0614116191864014, -1.4239026308059692, 0.6184931993484497, -0.8031414151191711, 0.48151063919067383, 1.0419002771377563, 0.29589295387268066, -0.5308369994163513, 0.5208606123924255, 0.6201788783073425, 0.13334502279758453, 0.22142863273620605, -1.3988486528396606, 0.2291385531425476, 0.5012214779853821, -1.2365825176239014, -0.49318304657936096, 0.6716222763061523, -1.4523310661315918, 0.14475052058696747, -1.7871932983398438, 0.43848204612731934, -0.5450139045715332, -0.6274020075798035, -0.1970818042755127, 1.5556130409240723, -0.2147361785173416, -0.30625155568122864, -0.625234842300415, 0.4437068700790405, -1.1748861074447632, 0.42127251625061035, 1.011557698249817, -1.7713168859481812, 0.1989656388759613, 0.7843698859214783, 0.7527992129325867, 1.775079607963562, -1.9561436176300049, -0.7373812794685364, 0.2369190901517868, 1.3792144060134888, 1.1385223865509033, -0.5825109481811523, 1.0682997703552246, -0.1687721610069275, 1.4630060195922852, -0.7588006258010864, -0.956174373626709, -2.0144760608673096, 0.2796148359775543, 0.06759101897478104, -0.1805373728275299, -0.695902943611145, -0.5310548543930054, 0.776323676109314, -0.35442081093788147, 0.17503699660301208, -1.3865076303482056]",yunet,Facenet,1920,1080,/home/amos/media/tv/modern_family/Modern.Family.S09.1080p.DSNP.WEB-DL.DDP5.1.H.264-CRFW/Modern.Family.S09E17.Royal.Visit.1080p.DSNP.WEB-DL.DDP5.1.H.264-CRFW.mkv,Modern Family,2009,1442437,9,17,Ty Burrell,15232.0,0.63
1048,660,246,834,492,804,336,732,342,0.913,26736,0,"[-0.9405992031097412, -0.22623498737812042, -0.9037402272224426, -0.7779985666275024, -0.9370396733283997, 0.9341301918029785, 0.8318264484405518, 1.9633249044418335, 1.073966145515442, 0.28223007917404175, 2.4844861030578613, -1.785200834274292, -2.502122640609741, -0.02111547440290451, -0.6580065488815308, -0.5549526214599609, -1.7687290906906128, -0.8865436315536499, -0.031321100890636444, -0.8527227640151978, 1.171675443649292, -1.9989999532699585, -0.9269640445709229, -1.4194262027740479, 0.2558777332305908, -2.030424118041992, 1.005370020866394, -1.5424131155014038, -1.6505553722381592, 0.18749116361141205, -1.6498217582702637, 0.7150798439979553, -0.5017542243003845, 0.9916841983795166, 0.1976443976163864, -0.21283315122127533, -0.46202993392944336, -0.8636817932128906, 1.1194393634796143, -1.001220703125, -0.17412538826465607, 0.3971835672855377, -1.2672412395477295, -0.5033962726593018, -0.2524627447128296, -1.8440147638320923, 0.15195007622241974, 2.188079833984375, 0.38207924365997314, -0.2542763948440552, -1.5295895338058472, 1.8533806800842285, 0.26901477575302124, 1.1218204498291016, -0.7034009695053101, -0.8696451783180237, 1.3545869588851929, 2.057316303253174, -1.687740445137024, -0.2750970721244812, -0.41440480947494507, 0.3510151505470276, 0.12154050916433334, 1.2886327505111694, 2.821495771408081, 0.4275552034378052, -0.5690823197364807, 0.8344050645828247, -0.8435398936271667, -1.2371494770050049, 0.4104861319065094, -0.9646042585372925, -1.9778249263763428, 0.891481876373291, -0.3424261808395386, -0.4019327759742737, 0.39254137873649597, 1.3203468322753906, -0.5172708034515381, 1.2931182384490967, -0.6161336898803711, -1.230379343032837, 0.7069658041000366, -1.8748871088027954, 0.5249701142311096, 0.03239860385656357, -0.829589307308197, 0.13810883462429047, -1.2799851894378662, -0.6457467675209045, 0.0061149150133132935, 0.3936363756656647, 0.5120534300804138, 2.133683204650879, -0.20850741863250732, 2.0938048362731934, -2.8443379402160645, -0.2930033206939697, -1.2805004119873047, 1.0994623899459839, -1.1648032665252686, -0.7125076055526733, 0.4240794777870178, 0.21645566821098328, -0.4217982888221741, 0.3036627769470215, -0.4297407269477844, -0.20560011267662048, -0.6241561770439148, 0.19643384218215942, 0.7874436378479004, -2.2336513996124268, 0.19384363293647766, 0.00400279276072979, -1.3909528255462646, 1.0914103984832764, 0.8673652410507202, 0.02839839458465576, -0.25151312351226807, 2.2823777198791504, -1.7894313335418701, 0.6758396625518799, -0.5803738832473755, 0.2537631690502167, -0.727909505367279, 1.1620138883590698, -0.3915364444255829, 0.15512366592884064]",yunet,Facenet,1920,1080,/home/amos/media/tv/modern_family/Modern.Family.S09.1080p.DSNP.WEB-DL.DDP5.1.H.264-CRFW/Modern.Family.S09E17.Royal.Visit.1080p.DSNP.WEB-DL.DDP5.1.H.264-CRFW.mkv,Modern Family,2009,1442437,9,17,Steve Valentine,78311.0,0.643
1049,864,270,1026,492,996,360,912,360,0.926,26760,0,"[1.006084680557251, -0.8685711622238159, -1.1955218315124512, -1.5163743495941162, 0.2823883891105652, 0.0336824432015419, 0.4118965268135071, 0.7398087978363037, 0.5723271369934082, -0.30166926980018616, 1.0098284482955933, 0.04626327008008957, -2.307101249694824, 0.8594441413879395, -0.609398603439331, -2.110720157623291, -1.0095853805541992, -0.22668211162090302, 1.1282458305358887, -0.8285787105560303, -0.2862515449523926, -1.898828148841858, -0.5808234810829163, -2.279629707336426, 0.11703869700431824, -0.26134341955184937, 0.052516259253025055, -2.4018454551696777, -0.6013758182525635, -0.3942888677120209, -0.8702369928359985, 1.196169137954712, -0.7456218004226685, 0.17227885127067566, -1.0179723501205444, 1.1902801990509033, -0.992067813873291, 0.6011002063751221, 0.6896094083786011, -1.9455878734588623, 0.13071991503238678, 1.6999526023864746, -1.9578357934951782, -1.309801459312439, 0.6747726798057556, -2.715897560119629, -1.7805564403533936, 3.3627538681030273, 1.4392367601394653, 0.29327401518821716, 0.19259972870349884, 0.96335369348526, -0.34370291233062744, -0.1882534921169281, 0.3471704423427582, -1.4773597717285156, 0.3866891860961914, 1.1739751100540161, -0.8296024799346924, 0.12993556261062622, -0.680078387260437, -1.2055690288543701, 0.39343199133872986, 0.910555362701416, 1.5618476867675781, 1.3190808296203613, -0.6879733800888062, 0.3424740433692932, -0.02799348160624504, 1.052409052848816, 0.2911980152130127, -0.10475611686706543, -2.5345919132232666, 1.3132601976394653, 0.15395459532737732, -1.9856173992156982, -0.9774404764175415, -0.08382420241832733, -0.9607903957366943, 0.3770049214363098, -1.5425792932510376, 0.13067322969436646, -0.0011471733450889587, -1.2817950248718262, -0.6548153162002563, 0.8472449779510498, -1.0428717136383057, -0.787418782711029, -0.3684327304363251, -0.7069167494773865, -0.017469234764575958, 1.280327558517456, 0.5153098702430725, 1.5448459386825562, -0.3150579035282135, 1.2119159698486328, -1.6133973598480225, 0.4982151687145233, -0.7585557699203491, 0.7323272824287415, -0.7832669019699097, -1.2583234310150146, 0.3811508119106293, -0.793637216091156, -0.11437524855136871, 0.8001779913902283, 0.2646012008190155, -0.5934755802154541, -0.5695716142654419, 0.0696289986371994, -0.29753679037094116, -0.7159274816513062, -0.860619068145752, -0.2034059464931488, 0.8631770014762878, 1.5370230674743652, -0.12649834156036377, -0.5514611601829529, -0.41230273246765137, 1.6735831499099731, -1.8336180448532104, 0.8909239768981934, -0.06268613785505295, -0.26244643330574036, -1.1711994409561157, 0.7632874846458435, -1.0597968101501465, -0.632000207901001]",yunet,Facenet,1920,1080,/home/amos/media/tv/modern_family/Modern.Family.S09.1080p.DSNP.WEB-DL.DDP5.1.H.264-CRFW/Modern.Family.S09E17.Royal.Visit.1080p.DSNP.WEB-DL.DDP5.1.H.264-CRFW.mkv,Modern Family,2009,1442437,9,17,Chris Geere,62879.0,0.627
1050,516,186,678,432,642,288,570,288,0.901,26808,0,"[-0.6392654180526733, 0.42191067337989807, -1.046562910079956, -0.08603387326002121, 0.40047141909599304, -1.575531005859375, -2.2316198348999023, 0.04198799654841423, 0.8025267720222473, -0.16481339931488037, -0.7545652389526367, 0.032542720437049866, -0.9798696637153625, -0.012609198689460754, 0.11258778721094131, -1.1212282180786133, -1.1625421047210693, 0.4536237120628357, -2.5554544925689697, -1.7386399507522583, -0.4594320058822632, 0.7498741745948792, 0.4924843907356262, 1.0934938192367554, -0.307939350605011, 1.0570497512817383, -1.4050008058547974, -0.5604330897331238, 0.3930111527442932, -2.89424729347229, 0.5854413509368896, -1.2101694345474243, -0.5432662963867188, -0.9009737968444824, 0.8190563917160034, 2.1693313121795654, -0.7917128801345825, 0.7704986929893494, 0.7480245232582092, -0.08944627642631531, 0.18985100090503693, 0.39054760336875916, 1.6722698211669922, -2.6242434978485107, 0.3698858916759491, 0.9110726118087769, -0.1708209067583084, 0.3929414749145508, -1.4581423997879028, -0.8559675216674805, 0.1560201644897461, -1.9168397188186646, 0.012721162289381027, 0.7218104004859924, -1.395959496498108, 0.6461727023124695, 0.6540135145187378, -1.3058741092681885, -1.5531010627746582, -1.397127389907837, 0.1676449179649353, -0.9156278371810913, -3.0364279747009277, 1.3073283433914185, 0.38766399025917053, 0.23705732822418213, 0.43163561820983887, -1.1231176853179932, 0.2836343050003052, 0.3994811475276947, 1.2409015893936157, 2.2041990756988525, -0.41891035437583923, 0.11724476516246796, 1.2911509275436401, -1.9248840808868408, 1.453454852104187, 1.5577152967453003, -0.6363233327865601, -0.5093694925308228, -1.0085508823394775, -0.8263329267501831, 0.7644553184509277, -0.22416876256465912, -1.030594825744629, 0.2767931818962097, 1.4767817258834839, -0.6083614826202393, -0.09001730382442474, 0.09302780032157898, 0.9036659598350525, -1.0768078565597534, 0.43609118461608887, -0.05563526600599289, 0.9873834252357483, -0.391624391078949, 0.6745085120201111, 2.5696170330047607, 1.0389935970306396, -0.8417925834655762, -0.7635430097579956, -0.3363201320171356, 0.8551183938980103, 1.166812539100647, 2.1641924381256104, -0.057640448212623596, 0.8196646571159363, -0.11571593582630157, -0.061811476945877075, 0.8703730702400208, 1.2749885320663452, 0.3982030153274536, -0.6786513328552246, 1.5917003154754639, -0.25739428400993347, 1.4567692279815674, -0.025328077375888824, 1.5405339002609253, -0.6680432558059692, -0.6808733940124512, -1.2633233070373535, -0.7292066812515259, 0.10134302079677582, 0.8940504789352417, -0.5790166258811951, -1.2637351751327515, -1.4085828065872192, 0.6200388669967651]",yunet,Facenet,1920,1080,/home/amos/media/tv/modern_family/Modern.Family.S09.1080p.DSNP.WEB-DL.DDP5.1.H.264-CRFW/Modern.Family.S09E17.Royal.Visit.1080p.DSNP.WEB-DL.DDP5.1.H.264-CRFW.mkv,Modern Family,2009,1442437,9,17,,,
1051,948,600,1122,828,1056,696,984,690,0.908,26856,0,"[-0.5514508485794067, 0.7091341018676758, 1.1314706802368164, 0.3460409343242645, -1.906036376953125, -0.49165117740631104, -0.7931643128395081, 0.6478159427642822, -0.34688442945480347, -0.942540168762207, -0.27982914447784424, 0.37773945927619934, 0.19694609940052032, 0.7275103330612183, -1.6214559078216553, 0.6833990216255188, -0.22389069199562073, -0.7168740034103394, -1.1524684429168701, 0.7123367786407471, -1.904661774635315, 2.099332571029663, 0.013520538806915283, 1.4261454343795776, -0.4059923589229584, 2.058598041534424, -1.530598759651184, 2.758204936981201, 1.8117679357528687, -1.6267399787902832, -0.6652450561523438, -0.2993933856487274, -0.4723905920982361, 0.15283694863319397, 1.3165422677993774, 0.2294948399066925, 0.43757352232933044, -1.3520560264587402, 0.8786987662315369, 0.6135321855545044, -0.8754916787147522, -0.5547038912773132, -0.5266566276550293, -0.896331787109375, 0.39681491255760193, -0.04743976891040802, 1.2430307865142822, -0.8713698387145996, -0.30377084016799927, -0.6103103160858154, 0.929999589920044, -1.322452187538147, 0.037043772637844086, -0.6895527839660645, -1.1961370706558228, 0.7241173982620239, 0.1712772101163864, 1.173250675201416, 0.576823353767395, 0.8338753581047058, 0.3899173438549042, -0.7427942156791687, -0.5010976791381836, -0.20555175840854645, -0.4669892489910126, 1.8340336084365845, 1.710493803024292, 1.2892366647720337, 2.1255767345428467, 0.5572569370269775, 0.5114015936851501, 1.014796257019043, 1.2172654867172241, 1.8656514883041382, -0.32773828506469727, 0.6668323278427124, 1.5085726976394653, 0.8691638708114624, 2.3540050983428955, 0.34806114435195923, -0.33885955810546875, -1.8161160945892334, 0.19068530201911926, -0.4425458312034607, -0.8451308012008667, -1.6612985134124756, 1.041008710861206, -1.4794434309005737, 0.45878151059150696, 0.33580052852630615, 0.7987069487571716, -1.3522608280181885, -1.943992018699646, -1.3623706102371216, -0.14760659635066986, -0.2522304058074951, -0.2664808928966522, 1.4207779169082642, 0.07921561598777771, -1.294299602508545, -0.025940461084246635, 1.044555425643921, -0.6680964827537537, 1.3071461915969849, -0.3494243025779724, 1.561152458190918, 0.6724148392677307, -2.1937646865844727, -1.4435718059539795, 0.24241165816783905, 1.6390454769134521, 1.8760453462600708, 0.9692885875701904, 0.008576788008213043, 1.4601956605911255, 1.416142225265503, 0.7023135423660278, -0.9039990901947021, -0.07369235903024673, -0.135890930891037, -0.14179033041000366, -0.06944654136896133, -0.22712405025959015, 0.5112612843513489, 0.6249772906303406, -0.36310309171676636, 1.4873666763305664, -0.6026768684387207]",yunet,Facenet,1920,1080,/home/amos/media/tv/modern_family/Modern.Family.S09.1080p.DSNP.WEB-DL.DDP5.1.H.264-CRFW/Modern.Family.S09E17.Royal.Visit.1080p.DSNP.WEB-DL.DDP5.1.H.264-CRFW.mkv,Modern Family,2009,1442437,9,17,Ty Burrell,15232.0,0.69
1052,954,522,1128,756,1062,618,984,624,0.917,26880,0,"[0.5243761539459229, 0.3400874733924866, 0.06186412274837494, 0.9708867073059082, -0.19999854266643524, 0.6427948474884033, 0.1598026007413864, 0.16440187394618988, 0.8689509630203247, 0.03241756558418274, 1.2116369009017944, 0.5527521371841431, 1.30162513256073, -0.02711700275540352, -1.475543737411499, -0.8342625498771667, -0.8191629648208618, -0.8543639779090881, -1.1646071672439575, 1.2885105609893799, -0.8472840785980225, 0.5922083854675293, 0.6811819076538086, -0.03407883644104004, -0.15499553084373474, 0.4368515610694885, -1.8022823333740234, 2.348510265350342, 0.5141894221305847, -1.6843575239181519, -0.5270005464553833, -0.6658943295478821, -0.7809406518936157, 0.17670375108718872, 0.11077066510915756, -0.4844838082790375, -0.3260573744773865, -1.4644986391067505, 0.4444389045238495, -0.631294846534729, 0.4546087682247162, -0.40126898884773254, -0.24074721336364746, -0.17243744432926178, -0.6436769366264343, -1.198207139968872, 0.2501089870929718, -0.27419742941856384, 0.37804901599884033, -1.0345383882522583, 0.4926292896270752, -0.932902455329895, -1.1211110353469849, -1.2043426036834717, -1.0038955211639404, 0.7693222761154175, 1.0839512348175049, 0.9424567222595215, 1.0025979280471802, -0.6930801868438721, -0.4942626953125, -0.4288501739501953, 0.6931504011154175, 0.022091133520007133, 0.15162314474582672, 0.8926732540130615, 0.13570763170719147, 1.239661455154419, 0.6112686991691589, 0.1961180716753006, -0.8519152998924255, 0.7239609956741333, -0.09777417778968811, 0.9347286820411682, -1.099936842918396, 0.44722768664360046, 1.464492917060852, 0.39835816621780396, 0.3447105586528778, 0.559482216835022, 0.002275664359331131, -1.7855751514434814, 0.3458298444747925, -0.7338054776191711, -0.7438358068466187, -2.6127727031707764, -0.1877603977918625, -0.6276211738586426, -0.14815481007099152, -0.4803670346736908, 1.0876387357711792, -2.456144332885742, -1.5641273260116577, -0.5831953287124634, 0.1284732073545456, -1.4809516668319702, 0.06653866171836853, 0.3041057288646698, -0.6735856533050537, -1.5971218347549438, -0.08386886119842529, 0.14518612623214722, -0.7389687299728394, 1.143078327178955, -1.0624209642410278, 3.0326812267303467, 2.045639753341675, -3.964395761489868, -0.6904538869857788, 0.6497107148170471, 1.8499884605407715, 2.6758720874786377, 0.2819814383983612, 0.09021489322185516, 2.4367728233337402, 1.175119400024414, 0.12189202010631561, -1.5813344717025757, 0.7044069170951843, 0.6824185848236084, -0.43353283405303955, 1.0497844219207764, 1.0560545921325684, 0.9361876845359802, 0.701229989528656, -1.3418210744857788, 1.6235390901565552, 1.0099669694900513]",yunet,Facenet,1920,1080,/home/amos/media/tv/modern_family/Modern.Family.S09.1080p.DSNP.WEB-DL.DDP5.1.H.264-CRFW/Modern.Family.S09E17.Royal.Visit.1080p.DSNP.WEB-DL.DDP5.1.H.264-CRFW.mkv,Modern Family,2009,1442437,9,17,Ty Burrell,15232.0,0.51
1053,558,246,870,672,822,384,690,390,0.922,26904,0,"[0.8905889987945557, -1.5184590816497803, -1.015871286392212, -1.3006151914596558, -0.503852903842926, 0.912731409072876, 0.538013219833374, 1.5494766235351562, 0.279155433177948, 0.023083239793777466, 0.8063461184501648, -0.9273228049278259, -1.75114107131958, 0.9764760732650757, -1.281255841255188, -1.5706249475479126, -0.9954304695129395, -2.0532236099243164, 0.7708526253700256, -1.0185855627059937, 0.2020760476589203, -2.0121383666992188, -0.5989269614219666, -2.645395517349243, -0.24335332214832306, -1.0094773769378662, 1.489264726638794, -1.5606141090393066, -1.3756828308105469, 0.406251460313797, -1.1146372556686401, 2.023653984069824, -0.6835894584655762, -0.02774646133184433, -1.4610885381698608, 0.4751432538032532, -0.15760430693626404, -0.06676440685987473, 1.063951015472412, -0.6830233335494995, 0.293367862701416, 1.2320724725723267, -1.6696726083755493, -1.3034518957138062, 0.20661216974258423, -2.245683193206787, -0.9644646048545837, 2.473289966583252, 0.5379844903945923, -0.030607350170612335, -1.9040545225143433, 0.6885929703712463, -0.38722145557403564, 0.8893484473228455, 0.007135879248380661, -2.224733829498291, 1.0697745084762573, 2.513794422149658, -1.4844845533370972, -1.1591204404830933, -1.7419652938842773, -1.2418570518493652, 0.49321043491363525, 1.3490265607833862, 0.6092227101325989, 0.9197088479995728, -0.5677438974380493, 0.5165945887565613, -1.0349359512329102, -0.16073162853717804, 0.23810018599033356, 0.3073176443576813, -1.4509161710739136, 1.608052372932434, 0.0025969669222831726, -0.5676625370979309, -0.7639613151550293, 1.1745225191116333, 0.20605304837226868, 1.1172428131103516, -1.3883742094039917, -0.2641594707965851, 0.3348987102508545, -2.5438499450683594, -0.6123236417770386, 0.39581725001335144, -1.1930148601531982, -0.5344250202178955, -0.8480556011199951, -0.21286796033382416, 0.5833906531333923, 0.03877799212932587, -0.3003838062286377, 0.9661576151847839, 0.20587758719921112, 2.2126657962799072, -2.7186996936798096, 0.6299938559532166, -1.3131396770477295, 0.047161661088466644, -0.8087866306304932, -0.860867977142334, 0.07190766930580139, -0.9248392581939697, -0.3575465977191925, 0.4012734293937683, 0.4722992777824402, -0.9003818035125732, -0.0027241893112659454, 0.29929083585739136, 0.06269308179616928, -1.6010334491729736, -0.07609166204929352, -0.21722930669784546, -0.40603986382484436, 1.4555379152297974, -0.21872703731060028, -0.9345396757125854, -0.5260337591171265, 1.1697490215301514, -1.862828254699707, 0.6489472389221191, -0.15489716827869415, -0.3689824938774109, -0.7159698605537415, 0.9703900218009949, -0.2853211760520935, -0.08312098681926727]",yunet,Facenet,1920,1080,/home/amos/media/tv/modern_family/Modern.Family.S09.1080p.DSNP.WEB-DL.DDP5.1.H.264-CRFW/Modern.Family.S09E17.Royal.Visit.1080p.DSNP.WEB-DL.DDP5.1.H.264-CRFW.mkv,Modern Family,2009,1442437,9,17,Chris Geere,62879.0,0.568
1054,636,300,954,732,882,456,756,468,0.924,26928,0,"[0.5092275142669678, -1.2669994831085205, -0.9154817461967468, -1.0851792097091675, -0.4236348867416382, 1.4338877201080322, 1.1114583015441895, 1.0014983415603638, 0.435749351978302, 0.677453339099884, 1.2133867740631104, -0.8279872536659241, -2.7689528465270996, 0.5220754146575928, -1.365342140197754, -0.6055261492729187, -1.3208855390548706, -1.2428702116012573, 0.5839953422546387, -1.0210621356964111, -0.09992732107639313, -1.2911064624786377, -0.3313453793525696, -1.7723138332366943, -0.2469760924577713, -0.14210641384124756, 1.0667493343353271, -1.969802975654602, -0.6906536221504211, 0.3077981770038605, -0.582911491394043, 1.1010674238204956, 0.02206868678331375, -0.3229644298553467, -0.49696773290634155, 0.43182608485221863, -0.5781027674674988, 0.7875580191612244, 1.793032169342041, -0.7827514410018921, -0.057182542979717255, 0.4892396032810211, -1.5290495157241821, -1.8915126323699951, 1.1546262502670288, -1.9989283084869385, -1.3033777475357056, 2.7819321155548096, 0.9154975414276123, -0.9614768028259277, 0.14390921592712402, 0.2797127962112427, -0.2853696942329407, 0.23269985616207123, -0.40613260865211487, -1.0868152379989624, 0.8107874989509583, 2.0218191146850586, -1.3714784383773804, -0.5318990349769592, -0.8970222473144531, -0.6655811071395874, -0.30956894159317017, 0.6948562860488892, 1.4034737348556519, 0.9684081673622131, 0.08972808718681335, 1.1274532079696655, -0.1482938528060913, 0.16212742030620575, 0.28061309456825256, 0.3355548679828644, -1.632534384727478, 2.018712043762207, 0.014501306228339672, -0.916309118270874, -0.3933296799659729, 1.0541901588439941, -0.004220746457576752, 1.3678175210952759, -1.7644213438034058, -0.28517967462539673, 0.3377112150192261, -2.0380396842956543, -1.4377062320709229, 0.22572290897369385, -0.0019956547766923904, -0.2560659348964691, -0.6698036193847656, -0.5228999257087708, 0.16490840911865234, 0.8056311011314392, 0.8865259289741516, 1.7927278280258179, 0.08451344817876816, 0.9059888124465942, -1.764931559562683, 1.115209937095642, -0.9989974498748779, 0.7223060727119446, -0.9165869355201721, -1.8302764892578125, -0.26736271381378174, -0.015079931356012821, -0.23674091696739197, 0.16470268368721008, 0.27105027437210083, -1.2089753150939941, -0.3762096166610718, 0.6448569297790527, 0.2604758143424988, -1.1760956048965454, -0.030900739133358, -0.6706647872924805, -0.17903132736682892, 1.7724988460540771, 0.1153266578912735, 0.3813079297542572, -0.48248091340065, 1.3051382303237915, -2.101897954940796, 1.2039196491241455, -0.055774278938770294, 0.9673022627830505, -0.6890968680381775, 1.19296395778656, -0.9969189167022705, -0.3399999737739563]",yunet,Facenet,1920,1080,/home/amos/media/tv/modern_family/Modern.Family.S09.1080p.DSNP.WEB-DL.DDP5.1.H.264-CRFW/Modern.Family.S09E17.Royal.Visit.1080p.DSNP.WEB-DL.DDP5.1.H.264-CRFW.mkv,Modern Family,2009,1442437,9,17,Chris Geere,62879.0,0.572
1055,618,264,936,708,870,438,732,438,0.932,26952,0,"[0.28638869524002075, -0.7389922142028809, -0.8967460989952087, -1.4529409408569336, 0.3364757299423218, 1.2769533395767212, 0.7610048651695251, 0.5214523077011108, 1.5428558588027954, -0.003368247300386429, 1.2997263669967651, -0.4508001506328583, -2.0952720642089844, -0.17872050404548645, -1.0967841148376465, -0.46162986755371094, -1.7217992544174194, -1.596401333808899, -0.39410069584846497, -1.5259255170822144, 0.04451732337474823, -1.3791921138763428, -0.6720994710922241, -2.1443426609039307, -0.6871767044067383, -0.05832742899656296, 1.52230703830719, -2.2336530685424805, -1.0275474786758423, 0.649503231048584, -1.5795665979385376, 0.978848934173584, -0.7437249422073364, -0.3091495931148529, -0.38998284935951233, 0.38618412613868713, -0.9708030819892883, 0.3358793556690216, 1.5027689933776855, -0.5352216958999634, 1.0079867839813232, -0.30446141958236694, -2.001646041870117, -1.1365731954574585, 0.8334397077560425, -3.0639407634735107, -0.35878947377204895, 2.097050666809082, 0.9623273015022278, -1.1824729442596436, -0.5743474364280701, 0.7548045516014099, -0.6106264591217041, -0.1716116964817047, -0.00783902034163475, -2.031855344772339, 1.6676509380340576, 1.3191850185394287, -0.8443598747253418, -0.6311579942703247, -0.8620617985725403, -2.0329837799072266, 0.11688307672739029, 0.12428092956542969, 1.2292214632034302, 1.0201342105865479, -0.3146311938762665, 0.856117308139801, -1.054800271987915, -0.8489344120025635, -0.5768966674804688, 0.02160555124282837, -1.714563250541687, 1.3853951692581177, 0.6790856719017029, -0.8438518643379211, -0.5644460320472717, 1.6254031658172607, -0.17534087598323822, 0.11210358142852783, -2.025921106338501, -0.4138868451118469, -0.17657232284545898, -1.62583589553833, -1.500294804573059, 0.27334681153297424, -0.546515703201294, -0.4664139747619629, -0.7218793630599976, -0.2047737091779709, 0.08991274237632751, -0.05220708250999451, 1.534994125366211, 0.21042683720588684, 0.2410077452659607, 1.5851118564605713, -1.979382872581482, 0.9700595736503601, -1.4627695083618164, 0.25285232067108154, -0.6720253229141235, -2.017242431640625, -0.839575469493866, 0.09441415220499039, 0.2778822183609009, 0.7218536734580994, -0.23699776828289032, -0.6880072355270386, -0.34651580452919006, 1.3603495359420776, 0.7586022019386292, -0.7959137558937073, 0.46133577823638916, -0.7974351644515991, -0.1313234567642212, 1.4542412757873535, -0.8457871675491333, -0.49995213747024536, -0.20878762006759644, 1.4439971446990967, -2.113739013671875, 0.5466983318328857, -0.1209721714258194, 0.6357822418212891, -0.599256157875061, 1.0190376043319702, -0.8895028829574585, -0.16961570084095]",yunet,Facenet,1920,1080,/home/amos/media/tv/modern_family/Modern.Family.S09.1080p.DSNP.WEB-DL.DDP5.1.H.264-CRFW/Modern.Family.S09E17.Royal.Visit.1080p.DSNP.WEB-DL.DDP5.1.H.264-CRFW.mkv,Modern Family,2009,1442437,9,17,Chris Geere,62879.0,0.6
1056,546,294,924,720,804,450,648,462,0.91,26976,0,"[0.10969605296850204, -1.099806785583496, -1.4227542877197266, -0.9847577214241028, 0.5925813317298889, -0.2915330231189728, -0.8057052493095398, 0.7105355262756348, 0.653383731842041, -0.611290693283081, 1.0608420372009277, 0.944219172000885, -2.005401611328125, 0.1859341561794281, -0.6573069095611572, -1.099429965019226, -0.38823509216308594, -1.5823490619659424, -0.17526982724666595, -1.638198971748352, -0.31533563137054443, -3.2120490074157715, -0.7507977485656738, -0.6058608293533325, -0.3474303185939789, -1.1598504781723022, 0.7710283994674683, -0.8446976542472839, -0.45848923921585083, -0.09878522902727127, -1.344495415687561, 1.1787711381912231, -0.5317835211753845, 0.7259453535079956, -0.12489598989486694, 0.3723418414592743, -1.4364985227584839, -0.25274115800857544, 0.5331703424453735, 0.3224540948867798, 0.3471502661705017, 0.5473381876945496, -1.5453526973724365, -0.23794883489608765, -0.13928931951522827, -3.758607864379883, 0.2819270193576813, 2.564819574356079, 0.694464385509491, -0.6336284875869751, -1.0759494304656982, 0.8327627182006836, 0.37744998931884766, -0.49749892950057983, 1.2948096990585327, -0.4596756100654602, 2.446317672729492, 1.4946125745773315, -0.0856667086482048, 1.0214784145355225, -1.1851164102554321, -2.0494585037231445, 0.5107295513153076, 0.5725290775299072, 1.2146269083023071, 1.1294111013412476, -0.6665639877319336, 1.39957857131958, -0.5446934700012207, -1.1579254865646362, -0.5574145317077637, -0.93328857421875, -2.4894464015960693, 2.4350740909576416, 0.7377533316612244, -0.6741103529930115, -0.12225785851478577, 0.8735948204994202, -0.5718470811843872, -1.5162314176559448, -0.7016882300376892, -0.5974801778793335, -0.49690118432044983, -2.1684563159942627, -0.602282702922821, 0.24083861708641052, -1.0791937112808228, -0.4210585355758667, -1.0532344579696655, 0.49376678466796875, -0.5848039984703064, -0.3018049895763397, 0.5220761299133301, -0.9568115472793579, 0.34745198488235474, 2.003009557723999, -2.6836960315704346, -0.30909544229507446, -1.4197015762329102, 1.1623287200927734, -1.7900480031967163, -1.6263006925582886, -0.638557493686676, -0.4375379681587219, 0.5776417851448059, -0.6961462497711182, 0.33404740691185, -1.1428954601287842, -0.23951426148414612, -0.5693758130073547, 0.6187488436698914, 0.02153167873620987, 0.05921121686697006, -0.8149493932723999, -0.3284689486026764, 0.4838457405567169, 0.13947522640228271, -0.029130741953849792, 0.9761074781417847, 2.180894136428833, -1.3836153745651245, -0.7484176158905029, 0.11359109729528427, -0.8339653015136719, 0.010520819574594498, 1.6171263456344604, 0.022608088329434395, -0.27318331599235535]",yunet,Facenet,1920,1080,/home/amos/media/tv/modern_family/Modern.Family.S09.1080p.DSNP.WEB-DL.DDP5.1.H.264-CRFW/Modern.Family.S09E17.Royal.Visit.1080p.DSNP.WEB-DL.DDP5.1.H.264-CRFW.mkv,Modern Family,2009,1442437,9,17,Chris Geere,62879.0,0.502
1057,870,306,1032,528,972,396,906,396,0.925,27000,0,"[-0.09752239286899567, 1.2524839639663696, 0.2846505641937256, 0.454721599817276, -0.8734827041625977, 0.2510392963886261, -0.7388210296630859, 0.06274104118347168, -0.1557302474975586, 0.2883426249027252, 0.7148091197013855, 1.3281950950622559, 0.9337666630744934, -1.145247220993042, -0.6716412305831909, -0.34292125701904297, -0.38433629274368286, -0.4555327892303467, -0.3076299726963043, 0.9862171411514282, -0.6214642524719238, 0.9899641275405884, -0.34673407673835754, 1.312756061553955, 0.016876328736543655, 1.562609314918518, -2.204061985015869, 2.4228739738464355, 1.9205257892608643, -2.0986154079437256, -0.4454333484172821, -0.36078909039497375, -0.9155943989753723, -0.8411112427711487, 1.0176669359207153, -0.6209718585014343, 0.4113079607486725, -0.05210443586111069, 0.3837510645389557, 0.16910520195960999, 0.5452224016189575, 0.888573408126831, -1.5573605298995972, 0.22308093309402466, -0.4167832136154175, 0.05928559973835945, 0.9526985287666321, -0.34895026683807373, 1.5418404340744019, -1.4222872257232666, 0.7392246723175049, -0.5038424134254456, -0.5574796199798584, -1.3437696695327759, -0.5275803208351135, 1.5557847023010254, 1.8191859722137451, 0.4589621424674988, 0.317006915807724, 0.6481115818023682, 0.8614796996116638, -0.5928334593772888, -0.36913159489631653, -0.581541895866394, -0.23760628700256348, 1.6990948915481567, 1.8383911848068237, 1.333392858505249, 2.282747507095337, -0.10833954811096191, -0.7200927138328552, 1.5781770944595337, -1.3055251836776733, 1.7181028127670288, -0.12380470335483551, 0.07910400629043579, 0.21403467655181885, 1.2464877367019653, -0.4301379323005676, 0.9887751340866089, -0.8141101598739624, -2.3802998065948486, 0.3863231837749481, -0.9634862542152405, -1.0979318618774414, -0.8021938800811768, 0.005855616182088852, -0.20380452275276184, -0.3749736249446869, -0.2841956615447998, 1.0294286012649536, -2.163281202316284, -0.2681902348995209, -0.4773479998111725, 0.9687551259994507, -1.0347615480422974, 0.9836412072181702, 0.4461047351360321, 0.9054026007652283, -1.3777157068252563, -0.6290526390075684, 0.7248691916465759, -1.002078652381897, 0.6639680862426758, -0.493033230304718, 1.7821967601776123, 0.7771241664886475, -2.100987195968628, 0.01929556578397751, 0.8242785334587097, 0.08685563504695892, 1.7279621362686157, -0.12451449036598206, -0.5494436025619507, 0.9034487009048462, 2.165846347808838, -0.2002735137939453, -1.2776423692703247, 0.535006046295166, 0.4036761522293091, -0.42199158668518066, 0.7789455652236938, 0.05563805624842644, -0.3345082104206085, 0.9900766015052795, -0.9342354536056519, 0.2625182569026947, -0.33591094613075256]",yunet,Facenet,1920,1080,/home/amos/media/tv/modern_family/Modern.Family.S09.1080p.DSNP.WEB-DL.DDP5.1.H.264-CRFW/Modern.Family.S09E17.Royal.Visit.1080p.DSNP.WEB-DL.DDP5.1.H.264-CRFW.mkv,Modern Family,2009,1442437,9,17,Ty Burrell,15232.0,0.7
1058,852,306,1020,534,954,396,876,396,0.912,27024,0,"[-0.1316484659910202, 1.3420809507369995, 0.6874157786369324, 0.6083559393882751, -0.615968644618988, -0.08877009153366089, -0.3844473659992218, 0.45448222756385803, -0.8507376313209534, -0.34610864520072937, 0.2831982672214508, 1.1967406272888184, 1.2942191362380981, -0.5340098738670349, -0.9495751857757568, -0.315168559551239, 0.08489969372749329, -0.0017369352281093597, 0.003756430000066757, 1.066372036933899, -1.3267321586608887, 1.8697576522827148, -0.16717010736465454, 1.3393977880477905, -0.32302653789520264, 1.322466492652893, -2.6817359924316406, 2.0922861099243164, 1.6574698686599731, -2.3353190422058105, 0.5862338542938232, -1.063355565071106, 0.03846808150410652, -1.1899302005767822, 1.5001816749572754, -0.5191282033920288, 1.1036502122879028, 0.04678521677851677, 0.9540576934814453, 0.8301912546157837, -0.057590894401073456, 1.2600570917129517, -1.0778652429580688, -0.1036204844713211, -0.1583816409111023, 0.41967520117759705, 0.5108345150947571, -0.38363710045814514, 1.1054675579071045, -1.0706093311309814, 0.08538242429494858, -0.3907150626182556, -0.37719130516052246, -0.9583551287651062, -0.7626757621765137, 2.2237436771392822, 2.317901611328125, 0.5352508425712585, 0.17241120338439941, 0.4668576419353485, 1.2464193105697632, -0.5028982758522034, -0.28299903869628906, -0.32018691301345825, -0.6371919512748718, 1.4513179063796997, 2.4439589977264404, 1.1225342750549316, 1.8371031284332275, 0.6027421951293945, -0.47852569818496704, 2.3750576972961426, -1.3170214891433716, 1.871274471282959, -0.5022708773612976, -0.24856236577033997, -0.13084742426872253, 0.7300959825515747, -0.12898492813110352, 0.9990576505661011, -0.02400296926498413, -2.0131373405456543, 0.4460166096687317, -0.6350157856941223, -0.6683075428009033, -0.9730132818222046, 0.3002201020717621, -0.37324047088623047, -0.7620140314102173, 0.04786787927150726, 0.39886271953582764, -1.6240860223770142, -1.1497178077697754, -0.6214971542358398, -0.0131588876247406, -1.5050017833709717, 0.8063339591026306, 0.29751408100128174, 1.405838966369629, -1.5882059335708618, -0.8485015630722046, 0.8171245455741882, -1.1085923910140991, 0.6392479538917542, 0.10260028392076492, 1.6080200672149658, 0.35082656145095825, -2.2183995246887207, 0.011034127324819565, 0.2928033769130707, -0.06709934026002884, 1.7626267671585083, 0.452895849943161, 0.13297246396541595, 0.5096572041511536, 1.724360704421997, 0.16921409964561462, -1.4454259872436523, 0.7151268720626831, 0.36799919605255127, -0.40615904331207275, 0.5471185445785522, -0.32754403352737427, -0.3993629217147827, 1.0764167308807373, -0.9211332201957703, 0.044395990669727325, -0.9447649121284485]",yunet,Facenet,1920,1080,/home/amos/media/tv/modern_family/Modern.Family.S09.1080p.DSNP.WEB-DL.DDP5.1.H.264-CRFW/Modern.Family.S09E17.Royal.Visit.1080p.DSNP.WEB-DL.DDP5.1.H.264-CRFW.mkv,Modern Family,2009,1442437,9,17,Ty Burrell,15232.0,0.689
1059,1278,120,1422,318,1356,198,1302,198,0.909,27024,1,"[0.32513320446014404, 2.0362374782562256, -1.3565499782562256, -0.8403182625770569, 0.31221112608909607, -1.6342836618423462, -2.2187747955322266, -0.006572514772415161, 0.3542279601097107, -0.5976152420043945, 1.6862553358078003, 1.260029673576355, -1.3047099113464355, -0.19195973873138428, 0.6966376304626465, -0.6017439365386963, 0.4917798638343811, -0.8383744359016418, -2.100799322128296, 0.14561951160430908, -0.48833394050598145, -0.2668900489807129, 0.25057604908943176, 0.5571789145469666, -0.15803931653499603, -0.013707153499126434, -1.1767573356628418, 0.1457374393939972, 0.09234854578971863, -2.373168706893921, -0.1600835621356964, -0.42739200592041016, -0.7039949297904968, -0.46177220344543457, -0.2597706615924835, 1.1579550504684448, 0.4846615791320801, 0.9627729654312134, 1.4399666786193848, 0.09106332063674927, -1.1186832189559937, 0.4311649799346924, 0.6516035795211792, -1.8974624872207642, -1.8997803926467896, -0.016068844124674797, -0.5481050610542297, -1.3163843154907227, -0.32787537574768066, 0.23250384628772736, 0.3807089328765869, -2.8592967987060547, 1.2740501165390015, -0.18056383728981018, 0.020248040556907654, -0.5086824893951416, 1.025266170501709, -0.420864462852478, -0.652583658695221, 0.16297298669815063, -0.6146422624588013, -1.4414860010147095, -1.0252008438110352, -0.15634410083293915, 0.8085740804672241, -0.7053866982460022, 0.013176590204238892, -0.7554499506950378, 0.5123345851898193, 0.9809653759002686, 0.3058212399482727, 2.487816095352173, -2.7336368560791016, 1.4019534587860107, 0.6275572776794434, -0.003147512674331665, 1.607850432395935, 0.5917206406593323, 0.18707260489463806, -0.5600059628486633, -0.3812921345233917, -0.23639610409736633, 0.2079138457775116, -0.8822501301765442, -0.8092129230499268, 1.0448592901229858, 0.10152800381183624, -1.0076863765716553, -1.6279404163360596, -0.3902568817138672, 1.0628767013549805, -2.392110824584961, -0.0644969716668129, -0.6702563762664795, 0.5832669138908386, -1.3658264875411987, -0.6287443041801453, 2.303234577178955, 0.7347460985183716, -1.7247353792190552, -0.9309551119804382, -1.813689112663269, 0.40058842301368713, 1.0761451721191406, 1.1100057363510132, -0.42126864194869995, 0.6024079918861389, -1.2943801879882812, -1.0537034273147583, 1.044582486152649, 1.8622318506240845, 0.11595836281776428, -0.2980566620826721, 1.1611278057098389, -0.12102255970239639, 0.19729343056678772, -0.35168975591659546, 0.2003060281276703, 0.4990931451320648, 2.152669668197632, -0.883684515953064, -1.0412721633911133, -0.19412948191165924, -0.4726199805736542, -1.5710194110870361, 0.045348308980464935, -1.1152746677398682, 0.6119662523269653]",yunet,Facenet,1920,1080,/home/amos/media/tv/modern_family/Modern.Family.S09.1080p.DSNP.WEB-DL.DDP5.1.H.264-CRFW/Modern.Family.S09E17.Royal.Visit.1080p.DSNP.WEB-DL.DDP5.1.H.264-CRFW.mkv,Modern Family,2009,1442437,9,17,Julie Bowen,31171.0,0.595
1060,852,312,1014,540,948,408,882,408,0.914,27048,0,"[-0.17837777733802795, 1.250130295753479, 0.8388551473617554, 0.5965574383735657, -1.246648907661438, -0.5254591107368469, -0.6700487732887268, 0.41579756140708923, -0.4048442542552948, 0.5963287949562073, 0.07281828671693802, 0.9461153745651245, 1.6768637895584106, -0.542547881603241, -0.8854717016220093, 0.12344516813755035, -0.41673585772514343, -0.243268683552742, -0.18345759809017181, 0.8782817125320435, -0.994430422782898, 1.751373529434204, 0.2884945571422577, 2.0546536445617676, 0.0766620934009552, 1.2141164541244507, -2.379962205886841, 2.232846260070801, 1.2507781982421875, -2.711200714111328, 0.07839330285787582, -1.2634819746017456, 0.5100992918014526, -0.7476549744606018, 1.8631088733673096, -0.644378662109375, 1.163906455039978, -0.21675783395767212, 1.2363057136535645, 1.082241177558899, -0.09997981041669846, 1.2665159702301025, -0.3825191259384155, 0.05868925154209137, -0.44923338294029236, 0.7564848065376282, 0.6698629260063171, -0.2909599840641022, 0.3434096574783325, -1.3997756242752075, 0.42978084087371826, -0.4559253752231598, -0.8532013893127441, -1.0585695505142212, -0.7459362149238586, 1.7561235427856445, 2.563753604888916, 1.3063801527023315, 0.1610831469297409, -0.34427735209465027, 1.8853139877319336, -0.7107431292533875, -1.1118736267089844, -0.7914254665374756, -0.6216726303100586, 1.0190613269805908, 2.0063929557800293, 0.7243521213531494, 1.3863245248794556, -0.2673901319503784, -0.5237705707550049, 1.5853524208068848, -0.6452273726463318, 1.4752449989318848, -0.6143991351127625, -0.3274741470813751, 0.7366112470626831, 1.1174837350845337, 0.2975398302078247, 0.496232271194458, 0.23055428266525269, -2.4257631301879883, 0.8308418393135071, -0.25332802534103394, -1.3053462505340576, -1.29680597782135, 0.8357101082801819, -0.38054949045181274, -0.5082215070724487, 0.06731298565864563, -0.02807258814573288, -1.868181586265564, -0.8566765785217285, -0.2920495271682739, 0.4540502727031708, -1.553800106048584, 0.6908173561096191, 0.14259272813796997, 0.3408030569553375, -1.6278733015060425, -0.6257898807525635, 0.9717233777046204, -1.4789596796035767, 0.5373013615608215, -0.3490474820137024, 1.3457798957824707, 0.27552780508995056, -2.28334641456604, 0.02010524272918701, 0.8646630644798279, 0.37624090909957886, 1.587032675743103, 0.8137705326080322, 0.21784429252147675, 0.22485922276973724, 1.868051528930664, 0.20809493958950043, -1.9521632194519043, 0.6745394468307495, 0.17713508009910583, -1.0644572973251343, 0.20744244754314423, -0.8297455906867981, 0.07625210285186768, 1.7335569858551025, -0.9417181015014648, 0.8460947871208191, -0.8129259347915649]",yunet,Facenet,1920,1080,/home/amos/media/tv/modern_family/Modern.Family.S09.1080p.DSNP.WEB-DL.DDP5.1.H.264-CRFW/Modern.Family.S09E17.Royal.Visit.1080p.DSNP.WEB-DL.DDP5.1.H.264-CRFW.mkv,Modern Family,2009,1442437,9,17,Ty Burrell,15232.0,0.737
1061,1266,108,1422,318,1350,186,1290,186,0.912,27048,1,"[-0.4849238097667694, 0.4471152126789093, -0.9250322580337524, -0.4608791470527649, 1.6532527208328247, -1.1750738620758057, -2.3439459800720215, 0.37325701117515564, 0.44388827681541443, -0.5109953284263611, 1.2743911743164062, 1.1561397314071655, -1.3442494869232178, -0.4936964213848114, 0.9022088050842285, -0.4185115694999695, 1.2746385335922241, -0.5898491740226746, -1.8475395441055298, -0.18785324692726135, -0.9857836961746216, -0.4404495358467102, 0.7550088167190552, 0.5886373519897461, 0.28348875045776367, 0.3201446533203125, -0.8539645671844482, 0.3564242422580719, -0.1849709004163742, -2.6453568935394287, 0.6093355417251587, -1.2544684410095215, -0.1738574504852295, -1.054592490196228, -0.020454982295632362, 2.1928892135620117, 0.001585882157087326, 1.8778403997421265, 0.6621635556221008, 0.8176522254943848, -1.317771077156067, -0.08152054250240326, 0.7347730398178101, -1.567898154258728, -1.0630929470062256, -0.1217406690120697, -1.020308017730713, -0.4773743450641632, -0.5250499248504639, -0.5868103504180908, 0.8171826601028442, -2.4612553119659424, 0.8277052044868469, 0.15157726407051086, -0.2284279763698578, -0.02114281803369522, 1.1131294965744019, -0.9320728182792664, -0.6014324426651001, -0.09311448037624359, -0.3258025646209717, -1.6269952058792114, -0.9141741394996643, -0.4779573976993561, 0.3679006099700928, -1.3328938484191895, -0.04819346219301224, -0.4712848365306854, 0.056482963263988495, 1.3207606077194214, -0.11152572184801102, 2.148448944091797, -3.3948817253112793, 1.2198007106781006, 0.9143213629722595, -0.08070901036262512, 1.511743187904358, 0.6495125889778137, -0.9335337281227112, 0.2357347458600998, -0.8697368502616882, 0.18270206451416016, -0.09008532762527466, -0.37768465280532837, -1.351454257965088, 1.01861572265625, 1.1118781566619873, -1.0305202007293701, -1.6054645776748657, -0.24993780255317688, 0.5916418433189392, -3.042593002319336, 0.32963165640830994, -0.8191222548484802, 0.0074343085289001465, -2.02622652053833, -0.3687760531902313, 1.8440443277359009, 1.3683154582977295, -0.28534966707229614, -0.6506392359733582, -1.7976378202438354, 0.29634976387023926, 1.184775948524475, 1.25404953956604, -0.34200507402420044, -0.3447105288505554, -1.7567009925842285, 0.08432109653949738, 0.8919187784194946, 1.3246041536331177, 0.025631941854953766, -0.2021535038948059, 0.8456663489341736, 0.4190998077392578, -0.05862520635128021, -0.5336184501647949, 0.40263208746910095, 0.1862982213497162, 0.9316978454589844, -0.37668895721435547, -0.8859990835189819, -0.7027444243431091, -0.12216182053089142, -1.0900624990463257, 0.05966479331254959, -1.2065646648406982, 0.9728095531463623]",yunet,Facenet,1920,1080,/home/amos/media/tv/modern_family/Modern.Family.S09.1080p.DSNP.WEB-DL.DDP5.1.H.264-CRFW/Modern.Family.S09E17.Royal.Visit.1080p.DSNP.WEB-DL.DDP5.1.H.264-CRFW.mkv,Modern Family,2009,1442437,9,17,Julie Bowen,31171.0,0.602
1062,852,318,1026,552,954,408,888,408,0.919,27072,0,"[0.4355706572532654, 1.5438785552978516, 0.832821249961853, -0.29325971007347107, -1.1577280759811401, 0.02096240408718586, 0.12094129621982574, 0.8720200061798096, -1.141280174255371, 0.426396906375885, 0.49846911430358887, 0.8353829383850098, 1.368210792541504, -0.31939929723739624, -1.1060243844985962, 0.8496143817901611, -0.13814857602119446, -0.543022632598877, -0.014651469886302948, 0.9722440242767334, -1.2388912439346313, 2.332286834716797, 0.007529173046350479, 1.1743121147155762, -0.4541908800601959, 1.1075408458709717, -2.5450830459594727, 1.818881630897522, 0.8887630701065063, -1.7990636825561523, -0.6281538009643555, -0.7472831010818481, 0.30367425084114075, -0.8136487007141113, 1.3919981718063354, -0.48782628774642944, 1.4661366939544678, 0.5343732237815857, 0.5627057552337646, 0.779077410697937, -0.3324909210205078, 1.0108171701431274, -0.824752688407898, 0.6577046513557434, -0.8932064771652222, 0.20823131501674652, 0.3716093599796295, -0.32363104820251465, 0.6269038915634155, -1.2573981285095215, 0.9843955636024475, -0.5946252942085266, -0.6826832294464111, -1.3362137079238892, -1.157570481300354, 1.5811463594436646, 1.8246400356292725, 0.9412208795547485, 0.2081199586391449, -0.38145673274993896, 0.5741108655929565, -0.28256678581237793, -0.7497093081474304, -0.3989231288433075, -0.2645946443080902, 0.6760541796684265, 2.0869970321655273, 0.6606420278549194, 2.0022356510162354, 0.29591846466064453, -0.41270458698272705, 1.921241283416748, -1.1586300134658813, 1.2957415580749512, -0.4280426502227783, 0.12805210053920746, -0.16843006014823914, 0.8277047276496887, -0.11188007891178131, 0.5365808606147766, 0.40715739130973816, -2.031097412109375, -0.26490744948387146, 0.038584381341934204, -0.8381713628768921, -1.3170166015625, 0.5981342196464539, -0.7090144753456116, -0.617568850517273, 0.22066444158554077, 0.4517257511615753, -2.0990805625915527, -0.48440566658973694, -0.48637112975120544, -0.1903676986694336, -1.0820763111114502, 1.6565146446228027, -0.42620450258255005, 0.9529290795326233, -1.4573756456375122, -0.8566153049468994, 0.14177358150482178, -1.580668330192566, 0.506554126739502, -1.0252634286880493, 1.2271875143051147, 0.10918018221855164, -2.450568437576294, 0.26921769976615906, 1.5104222297668457, 0.3954095244407654, 1.4273966550827026, 0.8127552270889282, 0.9122269749641418, 0.6073015332221985, 1.114586591720581, 0.12191535532474518, -2.1640844345092773, 0.24771884083747864, 0.09011721611022949, -0.4112005829811096, 0.3307211399078369, -1.271011233329773, 0.21160587668418884, 0.8671230673789978, -0.7054402232170105, 0.129853293299675, -1.207410454750061]",yunet,Facenet,1920,1080,/home/amos/media/tv/modern_family/Modern.Family.S09.1080p.DSNP.WEB-DL.DDP5.1.H.264-CRFW/Modern.Family.S09E17.Royal.Visit.1080p.DSNP.WEB-DL.DDP5.1.H.264-CRFW.mkv,Modern Family,2009,1442437,9,17,Ty Burrell,15232.0,0.716
1063,678,318,834,534,804,402,732,408,0.915,27096,0,"[0.16038109362125397, -1.129508137702942, -0.5211533904075623, -0.3047489821910858, -0.588283360004425, 0.7674523591995239, 1.4125441312789917, 0.6976765990257263, 0.7024626731872559, 0.06403513252735138, 0.8559793829917908, -0.7340170741081238, -1.4056918621063232, 0.17985737323760986, -1.516214370727539, -0.3610268235206604, -1.3218071460723877, -1.278755784034729, 0.3494134545326233, -1.2049590349197388, 0.21872827410697937, -0.419771283864975, 0.07167977094650269, -1.4193174839019775, -0.41404005885124207, 0.02444157749414444, 1.4653598070144653, -1.7271331548690796, -0.49056947231292725, -0.20079095661640167, -2.1022636890411377, 1.2158057689666748, -0.7661753296852112, -0.3141600787639618, 0.2011221945285797, 0.6136218309402466, -0.8555426001548767, 0.11706911027431488, 1.5212056636810303, -2.270991325378418, 0.17174524068832397, 0.5174540281295776, -2.070030927658081, -2.0671792030334473, 0.982978105545044, -1.2488418817520142, -0.2113652378320694, 1.682785987854004, 0.2933133840560913, -0.05078630894422531, 0.5004912614822388, 0.36163148283958435, -0.261196106672287, -0.3926812410354614, 0.08529224991798401, -0.7391363382339478, 0.6613120436668396, 1.7827138900756836, -0.9195826649665833, -0.4079914689064026, -1.277498722076416, -1.0455783605575562, 0.336340069770813, 0.22001101076602936, 1.7782630920410156, 0.633172869682312, 0.30807259678840637, 0.7501078844070435, -0.15389257669448853, -0.04420113563537598, 0.30806198716163635, 0.8266435861587524, -2.46687650680542, 2.292357921600342, -0.596172571182251, -1.0318667888641357, -1.4303858280181885, 1.0112487077713013, 0.3970314562320709, -0.037134479731321335, -1.2338035106658936, -0.317173570394516, 0.7263866662979126, -1.539596676826477, -0.7286238074302673, -0.17794574797153473, 1.0558050870895386, -0.09862736612558365, -1.271004319190979, -1.3112748861312866, 0.351013720035553, 1.4202122688293457, 1.2468777894973755, 1.8513219356536865, -0.07609158754348755, 1.307462453842163, -0.9764823317527771, 1.0213013887405396, -0.006747834384441376, 0.6549873948097229, -1.3920972347259521, -1.4051709175109863, 0.14576968550682068, -0.2221391350030899, -0.47033944725990295, 0.2834455966949463, 0.06550875306129456, 0.06070437282323837, -0.7275050282478333, 0.20464389026165009, 0.47270405292510986, -1.2386873960494995, 0.802278995513916, -0.27452364563941956, -0.11417994648218155, 2.023831605911255, 1.0985256433486938, 0.9312300682067871, -0.75539231300354, 1.3794180154800415, -1.9710357189178467, 1.2349640130996704, 0.20824499428272247, 0.974757969379425, -0.6446050405502319, 1.6418812274932861, -1.5075583457946777, -1.4383947849273682]",yunet,Facenet,1920,1080,/home/amos/media/tv/modern_family/Modern.Family.S09.1080p.DSNP.WEB-DL.DDP5.1.H.264-CRFW/Modern.Family.S09E17.Royal.Visit.1080p.DSNP.WEB-DL.DDP5.1.H.264-CRFW.mkv,Modern Family,2009,1442437,9,17,Chris Geere,62879.0,0.706
1064,570,354,750,576,678,444,606,450,0.914,27120,0,"[-0.4757349193096161, -1.760058879852295, -0.19116675853729248, -0.5815896391868591, -0.6002887487411499, 1.5949128866195679, 0.15098287165164948, 0.7981927394866943, 1.6974023580551147, -0.36424142122268677, 0.6685728430747986, -0.2500491142272949, -2.929567813873291, 0.5055176019668579, -1.1842459440231323, -1.4019707441329956, -0.3106835186481476, -0.33977359533309937, -0.3068331480026245, -1.5501340627670288, 0.4395991861820221, -1.7723661661148071, -0.7396114468574524, -1.94153892993927, 0.8792420625686646, -0.46116167306900024, 1.4757968187332153, -1.6893011331558228, -0.09145881235599518, -0.9913142323493958, -1.4372316598892212, 1.3127104043960571, -0.12091906368732452, -0.6236317753791809, 0.11297071725130081, 0.3700859844684601, -2.2195615768432617, 0.16153272986412048, -0.2509962320327759, -0.591218113899231, 0.3399893343448639, -0.07231121510267258, -1.9134584665298462, -0.9912485480308533, 1.450696349143982, -2.7145276069641113, -0.28369075059890747, 2.5682668685913086, 1.2910027503967285, -0.8230249881744385, 0.17503146827220917, 1.1950430870056152, -0.5049164891242981, -0.8753282427787781, 1.2727786302566528, -0.5299648642539978, 1.2228293418884277, 1.2534770965576172, -1.212719202041626, 0.46006008982658386, 0.7112728953361511, -1.5571194887161255, 0.5000073909759521, 1.0811504125595093, 1.8989616632461548, 1.6284127235412598, -0.22626188397407532, 2.079619884490967, -0.43770599365234375, -0.7809075117111206, -1.0531224012374878, -0.49983924627304077, -1.4399150609970093, 0.6973238587379456, 1.7136077880859375, -1.7468656301498413, -0.09569383412599564, 0.6655235290527344, -1.0208524465560913, 1.2440102100372314, -2.4357638359069824, 0.24084769189357758, 0.3432573080062866, -1.5200858116149902, -1.5304735898971558, 0.7915369272232056, -0.41282594203948975, -1.4113825559616089, -0.33033880591392517, -0.7866191864013672, -0.27788200974464417, 0.5724146366119385, 1.3232265710830688, 0.5411425232887268, 0.799660861492157, 1.018136978149414, -2.127781867980957, 1.498403549194336, -0.8202764987945557, 1.5717850923538208, -0.33982229232788086, -0.72288578748703, -0.33749261498451233, 0.9991584420204163, 0.7414537668228149, -0.3051849603652954, -0.6472511291503906, -0.2152758538722992, -0.16694849729537964, -0.45840761065483093, -0.26046574115753174, -0.642046332359314, 0.2520693242549896, -0.5854303240776062, -0.8898453116416931, 1.3354315757751465, 0.1341436207294464, 1.2581422328948975, -0.09878244251012802, 1.1419258117675781, -1.4998753070831299, 1.0222781896591187, -0.00995020940899849, 0.30954623222351074, -0.41096198558807373, 1.5812538862228394, -1.415224313735962, 0.6538078784942627]",yunet,Facenet,1920,1080,/home/amos/media/tv/modern_family/Modern.Family.S09.1080p.DSNP.WEB-DL.DDP5.1.H.264-CRFW/Modern.Family.S09E17.Royal.Visit.1080p.DSNP.WEB-DL.DDP5.1.H.264-CRFW.mkv,Modern Family,2009,1442437,9,17,Chris Geere,62879.0,0.515
1065,624,330,792,558,750,414,672,414,0.92,27144,0,"[-0.6046401262283325, -0.8232930898666382, -0.48554718494415283, -0.8147136569023132, 0.06595925986766815, 0.9692779779434204, 1.0442713499069214, 0.113456130027771, 0.8891260027885437, 0.49710318446159363, 1.0291192531585693, -0.6569558382034302, -2.1452865600585938, -0.2782531976699829, -0.8708114624023438, -0.743899405002594, -1.5956757068634033, -0.7581255435943604, -0.32008832693099976, -1.5875295400619507, -0.13896992802619934, -0.8932930827140808, -0.9031339287757874, -1.6839085817337036, -1.0214776992797852, 0.5022054314613342, 1.3049366474151611, -2.134979248046875, -0.6470493078231812, 0.1863986849784851, -1.1678999662399292, 0.9589894413948059, -1.192441463470459, -0.8094709515571594, 0.31661534309387207, 0.5969164967536926, -1.004958152770996, 0.9380381107330322, 1.4136462211608887, -1.2313681840896606, 0.4511469006538391, 0.24673837423324585, -1.8058820962905884, -1.604318618774414, 1.565460443496704, -2.1399481296539307, -0.1959410160779953, 2.303999423980713, 1.0882967710494995, -0.7973989248275757, -0.37556636333465576, 0.9772356748580933, -0.42463886737823486, -0.039717260748147964, -0.4201712906360626, -1.2432177066802979, 0.8306984901428223, 1.414106011390686, -1.0271399021148682, -0.575868546962738, -0.4934884309768677, -1.0240366458892822, -0.5420539379119873, 0.8856301307678223, 1.2636278867721558, 1.5904765129089355, 0.20568902790546417, 1.0766652822494507, 0.02159811556339264, -0.1973172277212143, -0.10103867948055267, 0.08744917809963226, -1.5835113525390625, 1.5384299755096436, 0.5182716846466064, -1.084428310394287, -1.134949803352356, 1.2652418613433838, -0.9187439680099487, 0.5051421523094177, -1.9956072568893433, -0.7196273803710938, -0.4872215986251831, -1.1623995304107666, -1.3839398622512817, 0.4646203815937042, 0.2873469889163971, -0.20073950290679932, -1.2507737874984741, -0.9553431272506714, 0.047268614172935486, 0.7429952025413513, 1.878517985343933, 1.012048602104187, 0.3941824734210968, 1.5922895669937134, -1.5129908323287964, 1.453304409980774, -0.22556757926940918, 0.48006612062454224, -1.1889592409133911, -1.1316455602645874, -0.3251347541809082, -0.3770056664943695, 0.5407060384750366, 0.5787429809570312, -0.22737929224967957, -0.17987272143363953, -0.16878628730773926, 0.6069760322570801, 0.4390643239021301, -1.0639675855636597, -0.09568513929843903, -0.21310873329639435, -0.7210039496421814, 2.8113255500793457, -0.514062762260437, 0.23725192248821259, -1.4051767587661743, 2.020826816558838, -2.376232862472534, 0.7240996360778809, 0.04871205613017082, 0.40426257252693176, -0.8087082505226135, 1.1077110767364502, -0.8748019337654114, -0.672100305557251]",yunet,Facenet,1920,1080,/home/amos/media/tv/modern_family/Modern.Family.S09.1080p.DSNP.WEB-DL.DDP5.1.H.264-CRFW/Modern.Family.S09E17.Royal.Visit.1080p.DSNP.WEB-DL.DDP5.1.H.264-CRFW.mkv,Modern Family,2009,1442437,9,17,Chris Geere,62879.0,0.619
1066,1308,84,1500,336,1434,180,1350,180,0.92,27168,0,"[-2.159261703491211, -0.35303112864494324, -0.32220593094825745, -0.10073897242546082, 0.9733849763870239, -0.998582661151886, -1.8959802389144897, -0.008682984858751297, -0.5565242171287537, -0.6410366296768188, 1.072477102279663, 1.6710145473480225, -0.12760087847709656, -0.6035245656967163, 0.23219813406467438, -0.49570590257644653, -0.4506474435329437, -0.4957695007324219, -2.380145311355591, -0.3366190791130066, -0.8078482151031494, 0.3813571333885193, -0.02964145876467228, -0.6597457528114319, -0.9453728199005127, -0.1361347734928131, -0.2616869807243347, 0.243839293718338, -0.1475653052330017, -2.7376444339752197, 1.2777243852615356, -1.0190322399139404, 1.2164562940597534, -2.677211284637451, -0.46005403995513916, 1.5314600467681885, -0.02761984057724476, 0.9771580696105957, 0.45231038331985474, -0.691581130027771, -1.253746509552002, 0.14796443283557892, 0.4572490155696869, -2.7495367527008057, -0.6876488327980042, -0.0010035410523414612, -0.5984577536582947, -0.27063003182411194, -0.9941954612731934, 0.2927226722240448, -0.2407410889863968, -1.1545987129211426, 1.2887970209121704, 0.14516523480415344, 0.1598529815673828, 0.21765577793121338, 0.3602101504802704, -0.5222063064575195, -0.5731782913208008, -0.7567312121391296, 0.2091120481491089, -1.2171988487243652, -1.1260974407196045, 0.7553518414497375, 0.33117926120758057, -0.2571585178375244, 0.9672001004219055, -0.6421919465065002, -0.20491039752960205, 1.3791124820709229, 0.07866727560758591, 1.3268287181854248, -2.5470097064971924, 1.5802675485610962, 1.0195046663284302, -0.03619524464011192, 0.35967838764190674, 0.7450801730155945, -0.07417016476392746, 0.5277389287948608, -0.32916975021362305, 0.43213391304016113, -0.6230248212814331, 0.784954845905304, 0.013469494879245758, 1.1366162300109863, 0.7497832775115967, 0.21660448610782623, -1.907910943031311, -0.0887795090675354, 0.22261187434196472, -1.9245052337646484, 1.1840664148330688, -0.11370321363210678, -0.11350676417350769, -0.26761728525161743, -0.8493645191192627, 2.778449535369873, 1.8526127338409424, -1.5318235158920288, -1.3488225936889648, -2.3754615783691406, 1.260339379310608, 0.8397727608680725, 1.8270275592803955, -0.3855453133583069, 0.06102735176682472, 0.24218173325061798, 0.6461613774299622, 0.9650028944015503, 1.0373283624649048, 0.05624831095337868, -0.13219164311885834, 1.678177833557129, -0.1685367077589035, 0.9845162630081177, -0.3229764401912689, 0.6384897828102112, -1.0881226062774658, 0.9460704922676086, -0.4641869068145752, -1.6065951585769653, -0.8038783073425293, 0.9301491379737854, -0.055662088096141815, 0.09448736160993576, -1.4074238538742065, 0.820389986038208]",yunet,Facenet,1920,1080,/home/amos/media/tv/modern_family/Modern.Family.S09.1080p.DSNP.WEB-DL.DDP5.1.H.264-CRFW/Modern.Family.S09E17.Royal.Visit.1080p.DSNP.WEB-DL.DDP5.1.H.264-CRFW.mkv,Modern Family,2009,1442437,9,17,Julie Bowen,31171.0,0.707
1067,858,420,1074,702,1020,528,918,522,0.916,27168,1,"[0.8382589817047119, 1.6776987314224243, 0.7920324206352234, -0.5746249556541443, 0.35991737246513367, 0.11022797971963882, -0.41481801867485046, 0.14374805986881256, -0.37548336386680603, -0.32444363832473755, 0.033634983003139496, 1.0289548635482788, 1.8714793920516968, -0.8582712411880493, -0.4435634911060333, 0.17794829607009888, -0.49576041102409363, -0.5298366546630859, 0.1092185378074646, 0.8800972700119019, -1.1695700883865356, 1.8249285221099854, -0.1251627653837204, 1.133180856704712, -0.4856381416320801, 1.586276650428772, -2.679636240005493, 2.262071132659912, 0.2997012734413147, -1.7845300436019897, -0.6261633634567261, -0.7259567379951477, -1.2231703996658325, -0.900464653968811, 1.3568722009658813, 0.06899082660675049, 1.2302374839782715, 0.31976285576820374, 1.2523255348205566, 1.2509428262710571, 0.5577975511550903, 0.4310134947299957, -0.4172298014163971, 0.11297935247421265, -1.1044220924377441, 0.6201817989349365, 0.4340460002422333, -0.630656361579895, 0.037889838218688965, -1.3805371522903442, 0.08216942101716995, 0.33220458030700684, -0.5667179822921753, -0.804567277431488, -0.5325689315795898, 0.44653692841529846, 1.625618577003479, -0.007651869207620621, -0.07666824758052826, 0.2518889605998993, 1.2478084564208984, -0.8747996687889099, -0.5940304398536682, -0.6285215020179749, -0.7181946635246277, 1.0752207040786743, 2.0544755458831787, 0.3942734897136688, 1.821751356124878, 0.4593172073364258, 0.2189120203256607, 1.695637583732605, -1.2913514375686646, 1.1577212810516357, 0.15664921700954437, 0.7349021434783936, -0.387365460395813, 1.3959017992019653, 0.07725007086992264, 0.3807554841041565, 0.6515985727310181, -1.455042839050293, 0.3369152247905731, -0.2204510122537613, -0.9118244051933289, -0.9221394062042236, 0.18820223212242126, -0.6346532106399536, -0.3207421898841858, -0.05582967773079872, 0.658761739730835, -2.6519229412078857, -0.4741414785385132, -1.269258737564087, 0.4821110963821411, -0.24866780638694763, 0.8906989097595215, 0.04417920112609863, 0.48505979776382446, -1.3267505168914795, -0.44730085134506226, 0.32285845279693604, -2.0249924659729004, -0.07487949728965759, -1.3903907537460327, 1.4612507820129395, 0.4103809893131256, -2.164630174636841, 0.4177797734737396, 1.150661826133728, -0.322590708732605, 1.913171410560608, 0.7372275590896606, -0.5966657400131226, 0.9118062257766724, 1.2499693632125854, -1.0997992753982544, -1.572142243385315, 0.5511597394943237, -0.2409733235836029, -0.4202870726585388, 0.19501782953739166, 0.22570283710956573, -0.860468327999115, 1.3067342042922974, -1.0072563886642456, 0.7433537840843201, -0.7778936624526978]",yunet,Facenet,1920,1080,/home/amos/media/tv/modern_family/Modern.Family.S09.1080p.DSNP.WEB-DL.DDP5.1.H.264-CRFW/Modern.Family.S09E17.Royal.Visit.1080p.DSNP.WEB-DL.DDP5.1.H.264-CRFW.mkv,Modern Family,2009,1442437,9,17,Ty Burrell,15232.0,0.813
1068,1296,84,1488,336,1428,186,1332,186,0.912,27192,0,"[-0.8913198709487915, 0.3805130124092102, -0.11583580076694489, -0.9417188167572021, 1.6107313632965088, -0.6068856716156006, -2.00341796875, 1.7540957927703857, -0.337520033121109, -0.7887418866157532, 1.3555269241333008, 1.0861551761627197, -1.8675851821899414, 0.1325369030237198, 0.19497036933898926, -0.5555687546730042, -0.096827432513237, -0.47268378734588623, -1.6205841302871704, 0.22771532833576202, -0.9919904470443726, 0.8452017903327942, 0.2737767994403839, 0.2714094817638397, -0.035683561116456985, 1.4141108989715576, -1.5781100988388062, -0.0610017329454422, 0.4530734419822693, -3.0685088634490967, 1.2448198795318604, -0.7474862337112427, 0.16174106299877167, -1.6191611289978027, 0.5185840129852295, 2.0922837257385254, -0.7071145176887512, 0.7405984401702881, 0.5399079322814941, -0.1950380802154541, -2.698676824569702, 0.8943175077438354, 0.5270748138427734, -1.1534126996994019, -0.25141242146492004, 0.10163238644599915, -1.2329349517822266, 0.18843995034694672, -0.6173133254051208, 1.3020299673080444, 1.294097661972046, -1.6308523416519165, 1.8692630529403687, -0.33414071798324585, -0.11821338534355164, -0.39001843333244324, 0.4378642439842224, -1.672065019607544, -0.5363050103187561, 0.6454245448112488, -0.20271533727645874, -0.8165512681007385, -0.5169427394866943, -0.4804910123348236, -0.26246389746665955, -1.2062857151031494, -0.5410076379776001, -0.48287233710289, 1.1098991632461548, 1.4319990873336792, -0.8488690257072449, 1.021170973777771, -3.8499698638916016, 0.358959436416626, 0.6745060682296753, -0.2843795120716095, 0.014729872345924377, 0.2506628930568695, -0.08244571834802628, 0.9342948198318481, 0.054277971386909485, -0.20792725682258606, -0.6719153523445129, -0.06344673037528992, -0.17083823680877686, 0.6489681005477905, 0.8252158164978027, 0.5601420402526855, -0.08381085842847824, -0.16524705290794373, 0.08090105652809143, -1.2158350944519043, -0.586144745349884, -0.34783247113227844, 0.2569042444229126, -0.6478241682052612, -0.6762011647224426, 0.5404929518699646, 1.8728415966033936, -0.6052863597869873, -0.08534283936023712, -2.4530928134918213, 0.2687324285507202, 0.6616354584693909, 1.252643346786499, -1.1516367197036743, 0.10159046947956085, -0.5030645132064819, 0.33090585470199585, 0.37538668513298035, 1.8739039897918701, -1.2765593528747559, -0.40216630697250366, 1.7041449546813965, 1.071229338645935, 0.37455034255981445, 0.1264280527830124, 0.5521354675292969, 0.4918321371078491, 0.22738231718540192, -0.2255539447069168, -1.4458686113357544, -1.8136296272277832, 0.8072475790977478, -0.3804163336753845, -1.242268443107605, -1.6001553535461426, 0.05520208552479744]",yunet,Facenet,1920,1080,/home/amos/media/tv/modern_family/Modern.Family.S09.1080p.DSNP.WEB-DL.DDP5.1.H.264-CRFW/Modern.Family.S09E17.Royal.Visit.1080p.DSNP.WEB-DL.DDP5.1.H.264-CRFW.mkv,Modern Family,2009,1442437,9,17,Julie Bowen,31171.0,0.692
1069,930,432,1122,702,1092,546,1050,546,0.91,27192,1,"[0.408719539642334, 0.20445826649665833, -0.22109225392341614, 0.6342760920524597, -1.3957045078277588, -0.18426990509033203, -1.5845235586166382, 0.5317864418029785, -0.5170486569404602, -1.3447715044021606, 0.2628225088119507, 1.1774426698684692, 0.22267137467861176, -0.011993639171123505, -1.9299631118774414, -0.7625645399093628, 0.5736976861953735, 0.4242181181907654, -0.7513871192932129, 1.5746219158172607, -2.120682716369629, 1.33356773853302, 0.11924401670694351, 0.49160686135292053, -0.9277220368385315, 0.4699752926826477, -1.6247273683547974, 1.9145737886428833, 0.3544742465019226, -2.11720609664917, -1.1498713493347168, 0.017596345394849777, 0.00012165587395429611, -0.09856542944908142, -0.09690835326910019, 1.6237413883209229, -0.1003558337688446, 0.1575668454170227, 0.4742732346057892, 1.6905286312103271, 1.099585771560669, 0.2887364625930786, -1.0036351680755615, -0.05529886111617088, 0.7033703327178955, -0.9382506012916565, 1.2011289596557617, 0.6769701242446899, -0.34242725372314453, -1.2736461162567139, 0.6152798533439636, -0.5720545053482056, 0.015840522944927216, -1.2776345014572144, 0.6894448399543762, 1.225306510925293, 1.412651777267456, 1.8810065984725952, -0.05374636501073837, -0.48954126238822937, 1.4947611093521118, -1.5529483556747437, -1.4282044172286987, 0.17907904088497162, 0.5195969939231873, 2.0859992504119873, 1.9646859169006348, 0.6332887411117554, 0.24716606736183167, -1.1288666725158691, -0.700054407119751, 1.1348154544830322, 0.3830494284629822, 1.9072645902633667, 1.019973874092102, 0.14277277886867523, -0.11047593504190445, 1.1199127435684204, 1.0569308996200562, 0.5115907788276672, -0.5738359689712524, -0.8780114650726318, 0.37701040506362915, -0.1609978973865509, -1.1529258489608765, 0.31445732712745667, 0.17711767554283142, 0.04802046716213226, 0.7935538291931152, 0.26466450095176697, 0.15483476221561432, -0.5651804804801941, -0.8490148186683655, -0.6862747669219971, 0.9468376040458679, -1.4473040103912354, 0.4821408987045288, -0.6298871040344238, -0.7763497233390808, -0.5834001898765564, -0.1040373295545578, 0.48776745796203613, -2.3778791427612305, 0.6036672592163086, -0.25571712851524353, 0.2265848070383072, 1.8187222480773926, -2.0235157012939453, 0.6598845720291138, -0.1014055460691452, 0.2475159615278244, 2.651780843734741, 0.8515708446502686, 0.5898585319519043, -0.38104140758514404, 1.0390139818191528, -0.948952317237854, -0.8417780995368958, 1.2349458932876587, 0.1722315549850464, -2.154632568359375, 0.9752594232559204, -0.4342023730278015, -1.5601117610931396, 0.9756847620010376, 0.40033063292503357, 1.2389134168624878, -0.8177469372749329]",yunet,Facenet,1920,1080,/home/amos/media/tv/modern_family/Modern.Family.S09.1080p.DSNP.WEB-DL.DDP5.1.H.264-CRFW/Modern.Family.S09E17.Royal.Visit.1080p.DSNP.WEB-DL.DDP5.1.H.264-CRFW.mkv,Modern Family,2009,1442437,9,17,Ty Burrell,15232.0,0.607
1070,918,444,1128,726,1098,558,1026,558,0.917,27216,0,"[0.7568145990371704, 1.8800944089889526, 0.8214715719223022, -0.311298131942749, -0.758439838886261, 0.5083635449409485, -2.2008018493652344, 0.5279904007911682, -0.46199873089790344, -0.25244712829589844, 0.15335240960121155, 1.597554087638855, -0.525005578994751, -0.1785900890827179, -1.4397218227386475, -0.05037733539938927, 0.4202497601509094, -0.15905152261257172, -0.13127021491527557, 0.6693389415740967, -1.2644457817077637, 2.0946502685546875, -0.5232704281806946, 0.3132743239402771, -1.1283526420593262, 0.3616581857204437, -1.7376638650894165, 1.8848220109939575, 0.19026806950569153, -2.404397964477539, -0.6166555881500244, -0.5559481978416443, 0.09022881090641022, -0.35975182056427, 0.7729414701461792, 1.3220891952514648, 0.8168032169342041, -0.7524686455726624, 0.3302048146724701, 1.6289947032928467, -0.2625201642513275, -0.43806731700897217, -0.8985885381698608, 0.2278018593788147, -0.43261057138442993, 0.02345501258969307, 0.4275737702846527, 0.048893630504608154, 0.6028685569763184, -1.661113977432251, 0.381553590297699, -1.0076026916503906, 0.3757556974887848, -0.5808992981910706, 0.743330717086792, 0.3203841745853424, 0.918513834476471, 0.7551910281181335, -0.4192025065422058, -1.2510625123977661, -0.05066840350627899, -1.1450105905532837, -0.8727295994758606, -0.11859311163425446, 0.1145721822977066, 1.9504436254501343, 1.9488469362258911, 0.7905230522155762, 0.7825435996055603, 0.27983495593070984, -0.02654847875237465, 1.1468578577041626, -0.1981545388698578, 1.6236414909362793, 0.32683712244033813, 0.8635901808738708, 0.4008522927761078, 1.4790219068527222, 1.1267317533493042, 1.112839937210083, -0.167312890291214, -1.7541722059249878, 0.38870134949684143, 0.009833445772528648, -0.48462000489234924, -0.3452126681804657, -0.7748098969459534, -0.07182154059410095, 0.5266470909118652, 0.3072849214076996, 0.6033201813697815, -1.3256876468658447, -0.6774222254753113, -1.1280466318130493, 0.8158541917800903, -1.3822909593582153, 0.35640713572502136, 0.4228726923465729, 0.49066662788391113, -0.8433220386505127, -0.29281342029571533, 0.3888821601867676, -2.3532252311706543, 0.8876398205757141, -0.6671846508979797, 1.0698503255844116, 0.7795079350471497, -1.4494130611419678, -0.08720260858535767, 0.37684527039527893, 0.044625941663980484, 2.015249490737915, 0.13260474801063538, 0.4491431415081024, 0.2521354556083679, 1.456287145614624, -0.4237956702709198, -1.3847343921661377, 1.4567112922668457, -0.08460356295108795, -1.696044921875, -0.3276527225971222, -0.531437337398529, -0.8862547874450684, 2.00577449798584, -0.6756928563117981, 1.4560880661010742, 0.12781469523906708]",yunet,Facenet,1920,1080,/home/amos/media/tv/modern_family/Modern.Family.S09.1080p.DSNP.WEB-DL.DDP5.1.H.264-CRFW/Modern.Family.S09E17.Royal.Visit.1080p.DSNP.WEB-DL.DDP5.1.H.264-CRFW.mkv,Modern Family,2009,1442437,9,17,Ty Burrell,15232.0,0.632
1071,1338,84,1530,330,1476,174,1380,174,0.927,27240,0,"[-1.3673423528671265, 0.6985769271850586, 0.6542525291442871, -0.9396279454231262, 0.5440924167633057, -1.2265775203704834, -2.5444397926330566, 0.7232265472412109, -0.4679100215435028, -0.9719772338867188, 1.3036247491836548, 0.6615093350410461, -0.8848329782485962, 0.12131628394126892, 0.5233315229415894, -0.40679341554641724, -0.4909903109073639, -0.08644194900989532, -1.871492624282837, 0.3976168632507324, -0.9255259037017822, 0.35389602184295654, 1.0314195156097412, 0.85235595703125, -0.22773969173431396, 1.1639965772628784, -1.5702273845672607, 0.7802749276161194, 1.0843006372451782, -3.0825088024139404, 0.41573163866996765, -1.1777160167694092, -0.0939815565943718, -0.6756997108459473, 0.2947828471660614, 2.10954213142395, 0.18391865491867065, 0.27547821402549744, 0.656619668006897, -0.33785155415534973, -1.86652410030365, 0.3838706314563751, 0.2648906111717224, -1.0631685256958008, -1.1315748691558838, 0.45684298872947693, -1.702235221862793, -0.010688945651054382, -0.29277437925338745, -0.03669431805610657, 2.0848445892333984, -2.6827075481414795, 0.7962304353713989, 0.6639453172683716, -0.417897492647171, -0.05006425082683563, 0.446148544549942, -0.9533922672271729, -1.171662449836731, 0.28654995560646057, -0.31743085384368896, -0.47943437099456787, -1.4331203699111938, 0.9458604454994202, -0.00032974593341350555, -0.3827618360519409, -0.46415066719055176, -0.5607096552848816, 1.6871362924575806, 1.5694897174835205, -0.7679647207260132, 1.997234582901001, -2.8057308197021484, 1.0373345613479614, 0.7268689870834351, 0.36456453800201416, 0.35344868898391724, 0.9176591038703918, -0.05306350067257881, 0.7738593220710754, -0.9825241565704346, 0.1156284511089325, -0.06705617904663086, -0.19176197052001953, -0.10420522838830948, 0.04805578291416168, 1.2534515857696533, 0.3943619132041931, -1.7398654222488403, -0.6400535702705383, 1.3171731233596802, -1.4615066051483154, -0.3625795841217041, -0.5547671318054199, 0.3195548951625824, -0.7339940667152405, -0.044703252613544464, 1.0031862258911133, 2.276378870010376, -1.848274827003479, -1.1089820861816406, -1.2569997310638428, 0.38669314980506897, 1.6771619319915771, 0.9544746279716492, -0.304670512676239, 0.44158223271369934, -1.0877869129180908, 0.0631757602095604, -0.29375970363616943, 1.7318601608276367, -1.3943328857421875, -0.8291585445404053, 0.9183363318443298, 1.0273535251617432, 2.0231969356536865, 1.5264959335327148, 0.6297561526298523, -0.13735124468803406, 0.5384891629219055, -0.2851468324661255, -0.9799507856369019, -0.22740359604358673, -0.40570834279060364, -0.7255001068115234, -1.4976049661636353, -1.5117340087890625, 0.7190316915512085]",yunet,Facenet,1920,1080,/home/amos/media/tv/modern_family/Modern.Family.S09.1080p.DSNP.WEB-DL.DDP5.1.H.264-CRFW/Modern.Family.S09E17.Royal.Visit.1080p.DSNP.WEB-DL.DDP5.1.H.264-CRFW.mkv,Modern Family,2009,1442437,9,17,Julie Bowen,31171.0,0.67
1072,906,444,1122,726,1050,558,954,558,0.907,27240,1,"[0.7046469449996948, 1.5035220384597778, 0.41910380125045776, 0.27512216567993164, -1.3755528926849365, 0.29051679372787476, -0.28436776995658875, 0.5747137665748596, -0.19466662406921387, -0.6490992903709412, 0.2977534830570221, 0.5008396506309509, 0.7519372701644897, 0.31504905223846436, -1.9664983749389648, -0.6601791381835938, -0.1155676543712616, -0.7660924196243286, -0.702796995639801, 1.2717875242233276, -1.5804743766784668, 0.931877613067627, 0.5341694951057434, 1.3073149919509888, -0.011447831988334656, 1.1490927934646606, -2.6076717376708984, 2.023024082183838, 1.7647020816802979, -2.248338460922241, -0.5959659814834595, -0.8833925724029541, -0.5928475260734558, 0.06945005804300308, 0.7782536149024963, 0.11084967851638794, -0.1519145965576172, -0.049663253128528595, 1.3884124755859375, 1.086922287940979, 0.24645888805389404, 0.33108100295066833, -0.9086028337478638, -0.10071385651826859, -0.4430793821811676, -0.12385508418083191, 0.7524088025093079, 0.3733241558074951, -0.6121561527252197, -1.9236197471618652, 0.5858619213104248, -0.34897279739379883, -0.2580675780773163, -0.6707643866539001, -0.8546003699302673, 0.9024460315704346, 2.0365066528320312, 1.2975133657455444, 0.7635768055915833, -0.3146180808544159, 0.6718664169311523, -0.9682781100273132, -0.7704627513885498, -0.27087488770484924, -0.007099810987710953, 1.4378166198730469, 1.4832570552825928, 0.7803949117660522, 1.797831416130066, -0.7941640615463257, -0.8498730659484863, 1.2143968343734741, -0.5090513229370117, 2.061689615249634, -0.7487566471099854, 1.0668209791183472, 0.6843016147613525, 1.0786840915679932, 1.7059775590896606, -0.06764736771583557, 0.8556844592094421, -1.6076326370239258, 0.12867900729179382, -1.4043108224868774, -0.7583032250404358, -1.1420809030532837, 0.5635585784912109, -0.6203851699829102, -0.44133076071739197, 1.0950772762298584, 0.8249011039733887, -1.3222332000732422, -1.0323045253753662, -0.918309211730957, -0.23750624060630798, -0.19639459252357483, 0.44687768816947937, -0.36308056116104126, -0.22227391600608826, -1.3755263090133667, -1.314163327217102, 0.6147865056991577, -1.4319108724594116, 1.1527907848358154, -1.3510425090789795, 1.824308156967163, 0.813443660736084, -2.322971820831299, -0.180033341050148, 0.024184701964259148, 0.6495375633239746, 2.369410753250122, 0.5855356454849243, -0.5398125052452087, 0.8673898577690125, 1.7843307256698608, -0.4297415614128113, -1.705880880355835, 1.411629557609558, 0.08193250000476837, -1.1531068086624146, 0.8984180688858032, -0.5284208655357361, -0.4988422095775604, 1.2409825325012207, -0.3274911046028137, 1.5066149234771729, -1.4561847448349]",yunet,Facenet,1920,1080,/home/amos/media/tv/modern_family/Modern.Family.S09.1080p.DSNP.WEB-DL.DDP5.1.H.264-CRFW/Modern.Family.S09E17.Royal.Visit.1080p.DSNP.WEB-DL.DDP5.1.H.264-CRFW.mkv,Modern Family,2009,1442437,9,17,Ty Burrell,15232.0,0.714
1073,510,240,828,636,714,384,576,390,0.935,27264,0,"[-0.957176685333252, -1.2930400371551514, -1.5866420269012451, -1.680916428565979, -0.09908579289913177, 0.5044718980789185, 0.4484485387802124, 0.321514368057251, -0.6868491172790527, -0.1038130521774292, 1.5538853406906128, -0.5907520651817322, -1.445519208908081, -1.0313228368759155, 0.07633469998836517, 0.3128383159637451, -0.5340038537979126, -1.1676859855651855, -0.4526031017303467, -1.6977730989456177, -0.05665738508105278, -1.0648679733276367, -0.8991737961769104, -0.948285698890686, -0.9057673811912537, -0.13415783643722534, 1.1839427947998047, -0.8429415822029114, 0.5994683504104614, 1.2094799280166626, -0.45272836089134216, 2.191330671310425, 0.36828431487083435, 0.14130431413650513, 1.1141321659088135, -0.40544593334198, -0.46114033460617065, 1.1197185516357422, 1.5778236389160156, -0.45983174443244934, -0.03401549160480499, 0.966055154800415, -2.2811336517333984, -1.7306123971939087, 0.29452013969421387, -3.798335313796997, 1.0747987031936646, 1.1607342958450317, 1.4602245092391968, -0.53203284740448, -0.946822464466095, 1.0641920566558838, 0.26131799817085266, 0.8896611928939819, 0.3963870108127594, -0.6289227604866028, -0.8234004378318787, 0.9676355123519897, -1.2427607774734497, 0.9531617164611816, -0.2703934907913208, -1.9717766046524048, 0.1935504972934723, -0.1509253829717636, 0.7436106204986572, 1.314998745918274, 0.3452175557613373, 3.4215757846832275, 0.7114666700363159, -0.4822494685649872, -0.718698263168335, 0.30136266350746155, -1.7614234685897827, 0.7622364163398743, 0.6529176831245422, -0.006123114377260208, -0.992817759513855, 0.4380027651786804, -0.32708975672721863, -0.6504693627357483, -1.500531554222107, -0.2736518085002899, -1.735949993133545, -0.5385168790817261, -1.0609287023544312, 1.203104853630066, -0.2092755138874054, -1.1961393356323242, -1.119741439819336, -0.44046056270599365, 0.18063504993915558, 0.5587449669837952, 0.7367541193962097, -0.32639265060424805, 0.2753152549266815, 2.5679550170898438, -2.746119499206543, 0.38873621821403503, -0.1756305694580078, 0.44925105571746826, -0.843819260597229, -0.272696316242218, -0.6440855860710144, -0.622809112071991, 0.8484407067298889, 0.4710800051689148, -1.0244351625442505, -1.5435999631881714, -0.6333302855491638, 0.20097805559635162, -0.35363876819610596, -0.5420975089073181, -0.33343055844306946, -1.5526223182678223, -0.7326456904411316, 1.3004668951034546, -1.7340542078018188, -0.979550838470459, -1.0558021068572998, 2.3580410480499268, -2.008086681365967, 0.39667484164237976, 1.0390933752059937, 0.17690463364124298, -0.14793527126312256, 1.8180227279663086, -0.33128076791763306, -0.14948493242263794]",yunet,Facenet,1920,1080,/home/amos/media/tv/modern_family/Modern.Family.S09.1080p.DSNP.WEB-DL.DDP5.1.H.264-CRFW/Modern.Family.S09E17.Royal.Visit.1080p.DSNP.WEB-DL.DDP5.1.H.264-CRFW.mkv,Modern Family,2009,1442437,9,17,,,
1074,588,168,906,606,858,342,720,348,0.93,27288,0,"[0.3575846254825592, -1.2829619646072388, -1.2897686958312988, -1.7541401386260986, -0.12283346801996231, 0.7020617723464966, 0.5245712995529175, 0.3231165111064911, 0.8630140423774719, -0.75383460521698, 0.921368420124054, 0.4838237762451172, -1.52671480178833, -0.2729155123233795, -0.9531253576278687, -0.5099571943283081, -1.2713892459869385, -1.0773210525512695, 0.2688116431236267, -1.362115740776062, 0.17664015293121338, -2.5567562580108643, 0.005165364593267441, -2.504185199737549, -0.7453086972236633, 0.1657470464706421, 1.7328780889511108, -2.5551886558532715, -1.0225664377212524, 0.5727090835571289, -1.8790183067321777, 2.2070822715759277, -0.5240498781204224, -0.3598507344722748, -0.9043140411376953, 0.4717341661453247, -0.37879908084869385, 0.1676207184791565, 0.8026538491249084, -0.8973308801651001, 1.71273672580719, 0.7507485151290894, -1.6943597793579102, -0.5243357419967651, 0.40743276476860046, -2.126399040222168, -0.5779649019241333, 1.469136357307434, -0.04590621963143349, -0.17397406697273254, -1.008473515510559, 0.2927283048629761, 0.1032089814543724, 0.31063395738601685, 1.023205280303955, -1.8061333894729614, 0.6641905307769775, 2.0551908016204834, -0.4679010212421417, -1.103075385093689, -0.7312034964561462, -2.1489312648773193, 0.44511833786964417, 0.8214543461799622, 0.6873578429222107, 0.8188103437423706, -0.45976656675338745, 0.06853589415550232, -0.2781887650489807, -1.0771136283874512, -0.3046492040157318, 0.45258596539497375, -2.448385238647461, 1.727670669555664, 0.5399352312088013, -1.2312055826187134, -1.5295835733413696, 1.3638845682144165, 0.13342690467834473, -1.258215069770813, -1.4031293392181396, -0.2231459766626358, -0.8425606489181519, -1.9561082124710083, -0.9321956634521484, -0.2350459098815918, -0.860058069229126, -0.6835231781005859, -1.4200682640075684, -0.4035715162754059, -0.6068216562271118, -0.8296483755111694, 0.8593199849128723, 0.07037447392940521, -0.08569978177547455, 2.0690841674804688, -1.3593189716339111, 0.21977141499519348, -1.4791784286499023, 0.016246160492300987, -1.3805826902389526, -1.4631069898605347, -0.10112026333808899, -0.1950896829366684, -0.4533930718898773, 0.39889752864837646, -0.019310608506202698, -0.5502595901489258, -0.6857786774635315, 1.117543339729309, 0.49679553508758545, -0.000538162887096405, 1.0363616943359375, -0.8653796911239624, -0.7114214897155762, 1.7770826816558838, -1.0741376876831055, -1.0960707664489746, -0.7313312292098999, 0.9381142854690552, -1.9207215309143066, 0.025435030460357666, 1.0284724235534668, -0.15812867879867554, -1.0959657430648804, 1.162622094154358, -0.5331509113311768, -0.17112763226032257]",yunet,Facenet,1920,1080,/home/amos/media/tv/modern_family/Modern.Family.S09.1080p.DSNP.WEB-DL.DDP5.1.H.264-CRFW/Modern.Family.S09E17.Royal.Visit.1080p.DSNP.WEB-DL.DDP5.1.H.264-CRFW.mkv,Modern Family,2009,1442437,9,17,Chris Geere,62879.0,0.691
1075,588,180,906,624,846,342,714,348,0.926,27312,0,"[-0.10259926319122314, -1.1685340404510498, -1.350199818611145, -1.6591770648956299, -0.21549059450626373, 1.0127451419830322, 0.5332562327384949, 0.7910900115966797, 0.9486523270606995, -0.3368982970714569, 1.184401512145996, -0.46136805415153503, -1.9194780588150024, 0.09932836890220642, -1.012165904045105, -0.5377687215805054, -1.618904709815979, -1.5526371002197266, -0.46828269958496094, -1.488182544708252, 0.1980690062046051, -2.2684051990509033, -0.24339193105697632, -2.1675751209259033, -0.957402765750885, 0.012558087706565857, 1.6569706201553345, -2.221677780151367, -0.8661544919013977, 0.4798504412174225, -1.643111228942871, 2.0888900756835938, 0.07726875692605972, -0.47878608107566833, -0.6089990735054016, 0.43293243646621704, -0.8138993382453918, 0.2731470465660095, 1.366182804107666, -0.7592737674713135, 1.2827376127243042, 0.4873758554458618, -1.7995702028274536, -1.487268328666687, 0.26247504353523254, -2.4460222721099854, -0.6872526407241821, 1.854557752609253, 0.09205664694309235, -0.4802166521549225, -0.5930297374725342, 0.7793212532997131, 0.22690454125404358, 0.2504715919494629, 0.7993879318237305, -1.6698365211486816, 0.48304983973503113, 1.3784804344177246, -0.7224961519241333, -0.9285587668418884, -0.6903706192970276, -1.8594802618026733, 0.154929518699646, 0.8763716816902161, 0.9012157320976257, 0.895293116569519, -0.3422935903072357, 0.7777320146560669, -0.058033935725688934, -1.0109361410140991, -0.5911775827407837, 0.2625129222869873, -1.698172926902771, 1.2535033226013184, 0.5954915285110474, -0.6813197135925293, -1.1038153171539307, 1.2666122913360596, 0.19320401549339294, -0.7300376296043396, -1.4510914087295532, -0.061061546206474304, -0.8790782690048218, -1.8320047855377197, -0.8838203549385071, 0.0424826517701149, -0.814016580581665, -0.48918628692626953, -1.0069059133529663, -0.03737915679812431, -0.20730313658714294, -0.08333362638950348, 1.1793657541275024, 0.8591691255569458, -0.005851142108440399, 2.35478138923645, -1.7590316534042358, 0.8651055693626404, -1.8097851276397705, 0.04492738097906113, -1.0488771200180054, -1.8422976732254028, -0.3614887297153473, 0.05394592881202698, -0.018863976001739502, 0.15563999116420746, -0.04896588996052742, -0.5070716142654419, -0.6732566952705383, 1.467681884765625, 0.7208734750747681, -0.34798526763916016, 0.39517155289649963, -0.6845945119857788, -0.9004653096199036, 1.673304557800293, -1.0400283336639404, -1.044903039932251, -0.7092213034629822, 1.0925956964492798, -2.1585090160369873, 0.18952864408493042, 0.49742746353149414, 0.18875308334827423, -0.9179955720901489, 1.206093430519104, -0.43986278772354126, -0.03396975249052048]",yunet,Facenet,1920,1080,/home/amos/media/tv/modern_family/Modern.Family.S09.1080p.DSNP.WEB-DL.DDP5.1.H.264-CRFW/Modern.Family.S09E17.Royal.Visit.1080p.DSNP.WEB-DL.DDP5.1.H.264-CRFW.mkv,Modern Family,2009,1442437,9,17,Chris Geere,62879.0,0.652
1076,486,240,834,666,690,390,552,408,0.913,27336,0,"[0.12697306275367737, -1.1071412563323975, -1.127800464630127, -0.27543824911117554, 0.5075713992118835, 0.7449926733970642, 1.0425596237182617, 0.8053648471832275, 0.7437736988067627, -0.5559096932411194, 0.913248598575592, -0.7915344834327698, -1.24602472782135, 0.6574182510375977, -0.6197675466537476, -1.3983739614486694, -1.3905224800109863, -0.7887341380119324, -0.03005688637495041, -1.6668758392333984, -0.2886425256729126, -0.9603489637374878, -0.4975437521934509, -2.7913625240325928, 0.29776060581207275, 0.0662853866815567, 0.5765212774276733, -1.6769828796386719, -0.19092892110347748, 0.06315574049949646, -0.5294927358627319, 1.377121090888977, -0.48316749930381775, -0.7404397130012512, 0.14662547409534454, -0.042772166430950165, -1.1015942096710205, 0.22840046882629395, 1.2388317584991455, -1.458083152770996, 1.4245495796203613, 1.3376823663711548, -1.4527056217193604, -2.142235040664673, 0.5971595048904419, -2.240184783935547, 0.26899945735931396, 1.5362308025360107, 0.5354769825935364, 0.5129626989364624, -0.7698073983192444, 1.9011973142623901, -0.6279117465019226, 0.10551132261753082, 0.4284115731716156, -1.5646626949310303, 1.1823927164077759, 1.2482430934906006, -1.169673204421997, 0.2183208167552948, 0.9625620245933533, -2.6033973693847656, 1.2184549570083618, 0.8541449904441833, 1.5761390924453735, 0.4103388786315918, -0.46797508001327515, 1.870428442955017, -0.47546592354774475, -0.15413808822631836, -0.3450246751308441, 0.4426575005054474, -2.674816846847534, 1.1462945938110352, 0.7283138632774353, -1.0310486555099487, -0.267855167388916, 1.1341639757156372, -0.07663551717996597, 0.4764723777770996, -1.5295131206512451, 0.7932915687561035, 0.978569746017456, -1.628766417503357, -1.3346707820892334, 0.37127751111984253, -0.3175719380378723, -0.9898444414138794, -1.4577213525772095, -0.9802443981170654, -0.5324534177780151, 0.5914134979248047, 0.9883408546447754, 0.7271701097488403, 0.2943533957004547, 1.2544660568237305, -2.572725296020508, 1.838268756866455, -0.7058399319648743, 0.19516877830028534, -1.2089524269104004, -0.5198907256126404, -0.33272814750671387, -0.007419439032673836, 0.4929656982421875, 1.0254114866256714, -0.5185950398445129, 0.16876068711280823, -0.9140737652778625, 0.06633015722036362, -0.5932793617248535, -0.027184657752513885, 0.4278217554092407, -0.9416273832321167, -0.01484558917582035, 1.3237186670303345, -0.1682908535003662, -0.5876410007476807, -0.39341801404953003, 1.3108097314834595, -1.6024104356765747, 1.0733599662780762, 0.8040807843208313, 0.559543251991272, -0.42951077222824097, 0.8071988821029663, -2.164287805557251, 0.4791068136692047]",yunet,Facenet,1920,1080,/home/amos/media/tv/modern_family/Modern.Family.S09.1080p.DSNP.WEB-DL.DDP5.1.H.264-CRFW/Modern.Family.S09E17.Royal.Visit.1080p.DSNP.WEB-DL.DDP5.1.H.264-CRFW.mkv,Modern Family,2009,1442437,9,17,Chris Geere,62879.0,0.747
1077,570,216,888,642,828,366,696,372,0.928,27360,0,"[0.04033975675702095, -0.9347492456436157, -2.1471643447875977, -1.1441233158111572, -0.03205891698598862, 0.4671163260936737, 0.48507827520370483, 0.18962974846363068, 0.5517045855522156, -0.5813987851142883, 1.760672926902771, -0.12239997088909149, -1.7214995622634888, -0.2254338562488556, -0.8219928741455078, -0.6889347434043884, -1.1619375944137573, -1.1077959537506104, -0.8667013645172119, -1.517478585243225, -0.09529481828212738, -2.5444223880767822, -0.10912428051233292, -2.329336643218994, -0.3382030427455902, 0.3228650987148285, 1.9723806381225586, -2.0031747817993164, -0.8459998369216919, 0.5120245814323425, -1.930721402168274, 2.732370376586914, -0.5989289879798889, -0.21938437223434448, -0.5565170645713806, 0.5001426935195923, -0.5226951241493225, 0.3254814147949219, 0.5574022531509399, -0.9715125560760498, 1.3330702781677246, 1.109861135482788, -1.2858623266220093, -0.6007826924324036, -0.058012425899505615, -2.9327661991119385, -0.356111615896225, 1.4975701570510864, 0.5428032279014587, 0.0868055447936058, -0.6427085399627686, 0.2571273744106293, 0.9731037020683289, 0.3423897624015808, 1.2957514524459839, -1.2484691143035889, 0.7201469540596008, 1.4649813175201416, -0.22159449756145477, -0.7631720900535583, -1.1489460468292236, -1.5153560638427734, 0.2892703413963318, 1.3892838954925537, 1.4218933582305908, 0.9168365597724915, -0.8216401934623718, 0.6972473859786987, -0.005586899816989899, -1.097178339958191, -0.6301862001419067, 0.7606610059738159, -2.3217921257019043, 1.8143976926803589, 0.21594317257404327, -0.7095020413398743, -1.2932499647140503, 1.0272198915481567, 0.08746839314699173, -1.5311230421066284, -1.1444789171218872, 0.27939605712890625, -1.3480544090270996, -1.4870644807815552, -0.32234862446784973, -0.17151303589344025, -1.076869249343872, -0.5531806349754333, -1.3399379253387451, -0.2992566227912903, -0.3085029125213623, -0.1523141711950302, 0.8415201902389526, 0.4336959719657898, -0.14031676948070526, 2.678903579711914, -1.600470781326294, 0.22792108356952667, -1.423337697982788, -0.5384820699691772, -1.2723363637924194, -2.245499849319458, -0.3061372935771942, -0.6023017764091492, 0.05327054113149643, 0.11735084652900696, 0.08747811615467072, -0.5907433032989502, -0.3190382122993469, 0.6721549034118652, 0.9492202401161194, -0.03712586313486099, 0.6927027702331543, 0.011406952515244484, -0.6728790402412415, 1.771843433380127, -1.048749566078186, -1.1126527786254883, -0.22767332196235657, 2.2671103477478027, -1.4022308588027954, -0.5335670709609985, 0.9776437878608704, -0.2577863037586212, -1.3054672479629517, 1.4261317253112793, 0.2868657410144806, -0.6438976526260376]",yunet,Facenet,1920,1080,/home/amos/media/tv/modern_family/Modern.Family.S09.1080p.DSNP.WEB-DL.DDP5.1.H.264-CRFW/Modern.Family.S09E17.Royal.Visit.1080p.DSNP.WEB-DL.DDP5.1.H.264-CRFW.mkv,Modern Family,2009,1442437,9,17,Chris Geere,62879.0,0.656
1078,558,240,876,636,804,384,654,396,0.927,27384,0,"[-0.48408809304237366, -1.1166942119598389, -1.2367795705795288, -0.3488810658454895, 0.18893349170684814, 0.8720532059669495, 0.5523445010185242, 0.8329238295555115, 1.4153327941894531, -0.2900077998638153, 0.8237093687057495, -0.14404934644699097, -2.7303426265716553, 0.2790498435497284, -0.43578729033470154, -0.3496239185333252, -1.2874410152435303, 0.04305657744407654, -0.6732915043830872, -0.5519273281097412, 0.737684965133667, -1.5525742769241333, -0.11920569092035294, -2.0380120277404785, -0.7161059379577637, -0.29209962487220764, 0.9335711002349854, -2.2806506156921387, -1.1168699264526367, 0.4725921154022217, -1.0275321006774902, 1.4040807485580444, -0.5529077649116516, -0.4262782037258148, -0.08879270404577255, 0.4935677647590637, -1.3406953811645508, 0.7138228416442871, 0.9767917394638062, -0.7943572998046875, 0.2383231669664383, 1.6197470426559448, -1.9166404008865356, -2.0713374614715576, 0.7319996356964111, -1.7657653093338013, -0.6475200057029724, 2.3968169689178467, 0.11075259745121002, 0.5123953223228455, 0.04714211821556091, 0.7279226779937744, 0.487807959318161, 0.054670318961143494, 1.0544512271881104, -1.097475528717041, 1.0568008422851562, 1.8531466722488403, -1.7863596677780151, -0.6301980018615723, 0.08294283598661423, -0.7401091456413269, -0.03101152926683426, 1.623558759689331, 1.9371302127838135, 0.4139484763145447, 0.11682820320129395, 1.6073857545852661, -0.1912592351436615, -0.5332789421081543, -0.11110928654670715, 0.9164421558380127, -2.066161632537842, 1.4780755043029785, 0.19628870487213135, -1.505146861076355, -1.155555248260498, 0.7384380102157593, -1.390217661857605, -0.03738589957356453, -2.5125927925109863, -0.8905694484710693, 0.19046273827552795, -0.8560712933540344, -1.4617481231689453, 0.36987924575805664, 0.6276155114173889, -0.5423799753189087, -1.3696627616882324, -1.6003230810165405, -0.07512282580137253, 0.6605581641197205, 1.1824482679367065, 1.8771696090698242, 0.15196684002876282, 0.7925943732261658, -1.1751054525375366, 0.8743398785591125, -0.7536430954933167, 0.6438363194465637, -0.8653085231781006, -0.37805214524269104, -1.116477131843567, -0.40165236592292786, 0.9965290427207947, -1.0376816987991333, -0.8206942081451416, -0.9782073497772217, -0.09431468695402145, 0.8516345620155334, 0.26138967275619507, -0.8082192540168762, 0.5825257301330566, -0.03822232782840729, -1.2914704084396362, 2.3180105686187744, -0.5987313985824585, 0.7089338898658752, -0.9963706731796265, 1.4090360403060913, -2.572740077972412, 1.2088196277618408, 0.4239351153373718, -0.5472736954689026, -0.9605926275253296, 0.6069165468215942, -1.8797533512115479, -0.2482553869485855]",yunet,Facenet,1920,1080,/home/amos/media/tv/modern_family/Modern.Family.S09.1080p.DSNP.WEB-DL.DDP5.1.H.264-CRFW/Modern.Family.S09E17.Royal.Visit.1080p.DSNP.WEB-DL.DDP5.1.H.264-CRFW.mkv,Modern Family,2009,1442437,9,17,Chris Geere,62879.0,0.699
1079,666,186,972,612,918,348,780,354,0.915,27408,0,"[0.7380626201629639, -1.3748809099197388, -1.2041598558425903, -1.8364226818084717, -0.6693360805511475, 0.9598100185394287, 0.22677655518054962, 1.4150792360305786, 0.546368420124054, -1.159608006477356, 1.5199337005615234, -0.15253140032291412, -2.091283082962036, 0.03869125247001648, -1.1966477632522583, -0.6660330891609192, -0.925923228263855, -1.213565468788147, 0.14698085188865662, -0.737648606300354, 0.7263275384902954, -2.193568706512451, -0.6466990113258362, -1.7297477722167969, 0.00120603758841753, -1.051483392715454, 0.6197155714035034, -1.7577306032180786, 0.3114408254623413, 0.7621251940727234, -1.1438831090927124, 2.1590189933776855, -0.14819498360157013, 0.3406285345554352, -0.973330557346344, -0.034961726516485214, -1.0401235818862915, 0.009419888257980347, 0.35972726345062256, -0.5241909027099609, 0.25550976395606995, 1.1685433387756348, -1.720750331878662, -0.9247663617134094, 0.10227222740650177, -2.9687726497650146, -0.1719641387462616, 2.0692319869995117, 0.9756379723548889, -0.4747414290904999, -0.20657499134540558, 0.04980316013097763, 0.5702909827232361, 0.11976829171180725, 0.7360807657241821, -1.5172630548477173, 0.5787166953086853, 1.517891526222229, -0.8937398791313171, 1.0488438606262207, -1.1608507633209229, -1.4217784404754639, 0.6785324215888977, 0.2943887412548065, 1.3555023670196533, 0.9237143993377686, 0.11837635934352875, 1.2817528247833252, 0.11120914667844772, -0.8637804985046387, -0.36791378259658813, 0.5732488632202148, -2.845034599304199, 2.029998540878296, -0.06730146706104279, -0.4792868196964264, -0.9324055910110474, 0.7193138003349304, 0.31320783495903015, -0.06242645904421806, -1.288711667060852, -0.02730792760848999, -0.3175661861896515, -2.3540773391723633, -0.4852185547351837, 0.09595642983913422, -1.0407058000564575, -1.033861756324768, -0.4517648220062256, -0.03302942216396332, 0.30892810225486755, 0.5342065691947937, -0.15154196321964264, 0.8784912824630737, -0.4465910792350769, 2.420541286468506, -2.5536530017852783, -0.05844368040561676, -0.6251865029335022, 0.45103195309638977, -0.5010340809822083, -2.2791619300842285, 0.06839996576309204, -0.0012781545519828796, -0.5163392424583435, -0.0031951535493135452, -0.4307518005371094, -0.867263674736023, -0.7317095994949341, 0.2955206334590912, 0.4080013632774353, -1.2089369297027588, 0.1903955638408661, -1.2898578643798828, -0.10255362838506699, 0.6218397617340088, -0.01754910685122013, -0.6339280009269714, -0.26917386054992676, 1.3583911657333374, -1.145359992980957, 0.615714430809021, -0.16828741133213043, 0.061232052743434906, -1.0839345455169678, 1.7011860609054565, -1.4844404458999634, -1.2670319080352783]",yunet,Facenet,1920,1080,/home/amos/media/tv/modern_family/Modern.Family.S09.1080p.DSNP.WEB-DL.DDP5.1.H.264-CRFW/Modern.Family.S09E17.Royal.Visit.1080p.DSNP.WEB-DL.DDP5.1.H.264-CRFW.mkv,Modern Family,2009,1442437,9,17,Chris Geere,62879.0,0.541
1080,642,210,948,630,882,366,750,372,0.925,27432,0,"[0.24230384826660156, -0.8136831521987915, -1.3695130348205566, -0.9859784841537476, -0.5313079357147217, 0.9816442728042603, 0.630967378616333, 0.8835844397544861, 0.86924147605896, -0.7615148425102234, 1.344817876815796, -0.047587767243385315, -2.0671546459198, -0.011922039091587067, -0.8514286279678345, -0.7048822045326233, -1.3060282468795776, -1.0744855403900146, -0.43404608964920044, -1.2439837455749512, -0.12605924904346466, -2.1309940814971924, -0.8784607648849487, -2.450320243835449, -0.6450605392456055, -0.31552428007125854, 0.9998868703842163, -1.9222389459609985, -0.8067997694015503, 0.8381274342536926, -1.2497084140777588, 1.4492595195770264, -0.6734330058097839, -0.1696682870388031, -0.4105042815208435, -0.012720180675387383, -0.8970715999603271, 0.1630648970603943, 1.8756465911865234, -0.3704957664012909, 1.3072428703308105, 0.6830260753631592, -1.6996597051620483, -1.377288579940796, 0.8014236092567444, -2.6078999042510986, 0.10299356281757355, 2.316288709640503, 0.3164994716644287, -0.31829673051834106, -0.48462921380996704, 0.8876715302467346, 0.4432373642921448, 0.6194925308227539, 0.584140419960022, -1.5405431985855103, 1.688749074935913, 1.8794127702713013, -0.7667814493179321, -0.24364805221557617, -0.4883291721343994, -2.1823368072509766, 0.643318235874176, 0.5434274077415466, 1.986041784286499, 0.3377111256122589, -0.3450402319431305, 0.5007980465888977, -1.3305130004882812, -1.303626537322998, -0.48578914999961853, 0.44750311970710754, -2.203115463256836, 1.6006085872650146, 0.24572528898715973, -1.1809687614440918, -0.6925050020217896, 1.5705974102020264, 0.395801305770874, -0.2096080183982849, -1.5210378170013428, -0.6256572008132935, 0.2192286252975464, -2.2764782905578613, -1.4345433712005615, 0.15886670351028442, -0.7552947998046875, -0.23801469802856445, -0.9491374492645264, -0.4966234862804413, -0.3921481668949127, 0.1256217509508133, 0.6794973015785217, 0.42728808522224426, 0.23703274130821228, 1.5671968460083008, -1.7012062072753906, 0.13017627596855164, -1.2560162544250488, 0.2997904419898987, -0.7379137873649597, -1.3285390138626099, -0.6221546530723572, 0.5821653008460999, 0.09599321335554123, 0.621738851070404, -0.35032638907432556, -0.6618005037307739, -0.35920363664627075, 0.9617518186569214, 0.5233529210090637, -0.5287185907363892, 0.6700804233551025, -0.9891591668128967, -0.7016304731369019, 0.8072274923324585, -0.7164175510406494, -0.20235633850097656, 0.09691565483808517, 0.9545166492462158, -2.4562458992004395, 0.5555384159088135, 0.6989395618438721, 0.04062839597463608, -1.1237430572509766, 1.6689419746398926, -1.0788904428482056, -0.5594364404678345]",yunet,Facenet,1920,1080,/home/amos/media/tv/modern_family/Modern.Family.S09.1080p.DSNP.WEB-DL.DDP5.1.H.264-CRFW/Modern.Family.S09E17.Royal.Visit.1080p.DSNP.WEB-DL.DDP5.1.H.264-CRFW.mkv,Modern Family,2009,1442437,9,17,Chris Geere,62879.0,0.701
1081,594,210,918,630,840,372,714,384,0.921,27456,0,"[0.5240204930305481, -0.4660200774669647, -1.2766672372817993, -1.777594804763794, -0.1671387106180191, 0.831251323223114, -0.36584582924842834, 1.3476766347885132, 1.082515835762024, -1.10896897315979, 1.2905359268188477, 0.5061108469963074, -1.4030088186264038, -0.07682223618030548, -0.2829551696777344, -1.4051733016967773, 0.16907045245170593, -0.7995843887329102, 0.4358271360397339, -0.5983531475067139, -0.14104709029197693, -2.207362651824951, -0.437887966632843, -2.1479954719543457, -1.0956645011901855, -0.5495051145553589, 0.15290594100952148, -1.7623298168182373, -0.16644249856472015, 0.39205071330070496, -1.4578101634979248, 1.011074423789978, -0.9208086133003235, -0.5588948726654053, 0.02041570469737053, 0.642121434211731, -0.7190507054328918, 0.6029886603355408, 0.9643775224685669, -0.5147589445114136, 0.360318124294281, 1.4395557641983032, -2.12423038482666, -0.9961168766021729, 0.9121337532997131, -2.53033447265625, 0.4971427023410797, 2.0974485874176025, 1.2635457515716553, 0.13799268007278442, -0.2643980383872986, 0.8399278521537781, -0.11878258734941483, -0.09756289422512054, 0.43242090940475464, -1.7828692197799683, 1.2997324466705322, 1.8746057748794556, -0.42189648747444153, 0.4140945076942444, -0.3169255256652832, -1.8866539001464844, 1.3152356147766113, 0.4166577458381653, 1.451723337173462, 0.9528293609619141, -0.05785537511110306, 0.6815571188926697, 0.5451778173446655, -1.4198073148727417, -1.1087065935134888, 0.4441642463207245, -3.359537124633789, 1.6303266286849976, 0.15295402705669403, -0.7190614938735962, -1.5870897769927979, 0.04458029940724373, -0.22758197784423828, -0.9584111571311951, -1.6006226539611816, -0.013732396066188812, 0.22050470113754272, -1.822277307510376, -1.2593094110488892, 0.3888091444969177, -0.43178465962409973, -0.25444546341896057, -1.3136796951293945, -0.13022442162036896, -0.5995596051216125, 0.5720909833908081, 0.6072050929069519, 0.48339879512786865, -0.627674400806427, 2.3587985038757324, -1.891114592552185, -0.2778192460536957, -0.540474534034729, 1.168529987335205, -0.976582944393158, -0.9386087656021118, -0.08272391557693481, 0.15657778084278107, -0.28561660647392273, 0.7589834332466125, -0.8846085071563721, 0.26959145069122314, 0.1410178542137146, 0.055142842233181, 0.22925372421741486, -1.1582475900650024, -0.2904896140098572, -0.6240348219871521, -0.3283401429653168, 1.2178032398223877, -0.4447631239891052, -0.8554067015647888, 0.24231386184692383, 0.9098737835884094, -2.2240147590637207, 0.910778284072876, -0.4066586494445801, -1.0472421646118164, -1.3167610168457031, 1.3012313842773438, -1.563515067100525, -2.302031993865967]",yunet,Facenet,1920,1080,/home/amos/media/tv/modern_family/Modern.Family.S09.1080p.DSNP.WEB-DL.DDP5.1.H.264-CRFW/Modern.Family.S09E17.Royal.Visit.1080p.DSNP.WEB-DL.DDP5.1.H.264-CRFW.mkv,Modern Family,2009,1442437,9,17,Chris Geere,62879.0,0.645
1082,876,456,1110,768,1008,582,918,576,0.91,27480,0,"[0.13625958561897278, -0.26963120698928833, -0.6846859455108643, 1.3831950426101685, -1.0129733085632324, 0.7480756640434265, -0.4054405093193054, 1.156282901763916, 0.8374519944190979, -0.14070728421211243, 0.519402801990509, 0.47397592663764954, -0.13406476378440857, 0.7200939655303955, -1.8524092435836792, -0.9633824229240417, -0.13292917609214783, -0.5490747690200806, -1.571618914604187, 2.2216994762420654, -0.9451053142547607, 0.7483828663825989, 0.8785309791564941, 0.5185475945472717, 0.21658511459827423, 0.11341231316328049, -2.002000093460083, 1.6227290630340576, 1.1699317693710327, -1.9847373962402344, -0.09209170937538147, -0.5628882646560669, -1.0911027193069458, 0.200546532869339, 0.18077798187732697, -0.019397486001253128, -0.6589078307151794, -0.5150271058082581, 0.6319552659988403, -0.09011372923851013, -0.5441891551017761, -0.2014710158109665, -1.1773520708084106, -0.7222937941551208, 0.040181130170822144, -1.0113056898117065, 0.7206354737281799, 0.607245922088623, -0.44640958309173584, -0.2708839476108551, 0.8946669697761536, -1.0045348405838013, -0.26046791672706604, -0.8499935865402222, -0.7303839325904846, 0.0653286948800087, 0.18304337561130524, 1.4956903457641602, 0.45761972665786743, -0.5338367819786072, -0.07191245257854462, -0.3487887978553772, -0.5704447031021118, -0.8609893918037415, 0.39495882391929626, 1.0099961757659912, 0.2244565635919571, 1.953101634979248, 0.6337426900863647, -0.8379383087158203, -1.1327847242355347, 0.5396866798400879, 0.04491689056158066, 0.8978396654129028, -0.8447999358177185, 0.46131759881973267, 1.6459505558013916, 0.2833714187145233, 0.9104218482971191, 0.8733971118927002, -0.9481982588768005, -1.977033257484436, 0.49556872248649597, -0.9758099913597107, -1.3522721529006958, -0.9405473470687866, 0.5440627336502075, -0.47564542293548584, 0.7994657754898071, -0.2118472009897232, 1.3441009521484375, -1.6508238315582275, -2.2048001289367676, -0.2796438932418823, 0.40453994274139404, -1.0982030630111694, 0.4598565101623535, 0.038395486772060394, -0.01169440895318985, -0.5398988723754883, 0.20219670236110687, 1.607940673828125, -1.047971487045288, 0.8989043831825256, -0.9627144932746887, 1.589371919631958, 2.4641177654266357, -3.290271520614624, 0.1408565640449524, -0.16992133855819702, 1.4948546886444092, 1.9848408699035645, 0.6299668550491333, -1.0999906063079834, 1.3703281879425049, 1.3225120306015015, -0.1966952681541443, -0.31579551100730896, 0.29639244079589844, -0.07288289070129395, -1.3590060472488403, 1.693493366241455, -0.029267311096191406, 0.013637954369187355, 0.4788190722465515, -0.6290032267570496, 0.7893079519271851, 0.14054901897907257]",yunet,Facenet,1920,1080,/home/amos/media/tv/modern_family/Modern.Family.S09.1080p.DSNP.WEB-DL.DDP5.1.H.264-CRFW/Modern.Family.S09E17.Royal.Visit.1080p.DSNP.WEB-DL.DDP5.1.H.264-CRFW.mkv,Modern Family,2009,1442437,9,17,,,
1083,1254,78,1458,366,1374,192,1296,192,0.903,27480,1,"[0.17043697834014893, 0.9604834318161011, -0.4650818109512329, -0.47459056973457336, 1.2132048606872559, -0.777486264705658, -1.5554039478302002, 1.0992441177368164, -0.582685649394989, 0.15688610076904297, 1.441962718963623, 0.8238047957420349, -1.7739523649215698, -0.5451731085777283, 0.48106828331947327, -1.0297085046768188, 1.091883659362793, -1.1226134300231934, -1.1978325843811035, -0.7648580074310303, -1.735530138015747, -0.026604581624269485, -0.06137721240520477, 0.8718412518501282, -0.20891405642032623, 1.300593614578247, -1.8989001512527466, 1.5629218816757202, 0.14179953932762146, -2.407078742980957, 0.6320148706436157, -0.5298842191696167, -0.9686628580093384, -1.2710951566696167, -0.24197344481945038, 2.004580020904541, -0.32514065504074097, 1.5268133878707886, 0.0942348837852478, -0.5657846927642822, -1.7902717590332031, 1.0650551319122314, 0.48686203360557556, -0.6913521885871887, -0.7604949474334717, 0.36908453702926636, -0.6651408672332764, 0.19134871661663055, -0.3262108564376831, 0.8765677213668823, 2.0395734310150146, -2.3503923416137695, 1.4069597721099854, -0.3034602999687195, -0.3083241581916809, 0.5672085881233215, 0.8290852904319763, -1.975932002067566, -0.7975088953971863, 0.7394447326660156, -1.5313819646835327, -0.7637524008750916, -0.10254641622304916, -0.0971577912569046, 0.5139358639717102, -0.9497655034065247, -0.9713648557662964, -0.030039791017770767, 1.2565993070602417, 2.1091649532318115, -0.14996469020843506, 2.217149257659912, -3.677894115447998, 0.7549238204956055, 0.36604881286621094, 0.7833686470985413, -0.3462987542152405, 0.2422655075788498, -0.6008622646331787, 1.2941434383392334, -0.36299487948417664, 0.10543107986450195, -0.26802125573158264, -1.397171139717102, -0.5071449875831604, 0.278556227684021, 0.7334413528442383, 0.5427246689796448, -0.14821989834308624, -0.1652756929397583, 0.9388449192047119, -1.9885174036026, 0.09568193554878235, 0.5871487855911255, 1.108000636100769, -1.6625858545303345, 0.02160048857331276, 1.3522734642028809, 1.6665871143341064, -0.5353754758834839, 0.621538519859314, -2.1428732872009277, 0.08411348611116409, 0.1680874526500702, 0.1977616548538208, -0.4927711486816406, -0.2197374552488327, -1.2586829662322998, 0.5092175602912903, 0.5630996823310852, 0.7858848571777344, -0.31297916173934937, -1.4160140752792358, 1.7995774745941162, 0.6928420066833496, 0.10665135085582733, 0.09856388717889786, -0.23061591386795044, 0.45560747385025024, 0.6986619234085083, 0.15078696608543396, -0.6933292150497437, -0.7934640645980835, -0.03162768483161926, -0.9215778112411499, -0.7665701508522034, -0.8040168881416321, -0.2104639858007431]",yunet,Facenet,1920,1080,/home/amos/media/tv/modern_family/Modern.Family.S09.1080p.DSNP.WEB-DL.DDP5.1.H.264-CRFW/Modern.Family.S09E17.Royal.Visit.1080p.DSNP.WEB-DL.DDP5.1.H.264-CRFW.mkv,Modern Family,2009,1442437,9,17,Julie Bowen,31171.0,0.52
1084,1272,102,1470,372,1392,204,1308,204,0.918,27504,0,"[0.6618080139160156, 2.347691535949707, 0.022034430876374245, -1.227461814880371, 1.0699870586395264, -0.7699991464614868, -0.8824986219406128, 1.1684068441390991, -0.6549444794654846, 0.10635794699192047, 1.2205206155776978, 0.8137316703796387, -1.200728416442871, 0.3578415811061859, 0.6277952194213867, -1.3443896770477295, 0.47592124342918396, -1.7726348638534546, -1.7349830865859985, -1.316845178604126, -2.216488838195801, 0.0481288880109787, 0.05563423037528992, 0.12617218494415283, -0.7307758927345276, 0.6790952086448669, -2.1111900806427, 1.8329912424087524, -0.5914655923843384, -1.5654240846633911, 0.17440319061279297, -1.1963509321212769, -1.7036056518554688, -1.78032648563385, 0.1432262808084488, 0.7300766706466675, 0.7411500811576843, 1.3764007091522217, 0.9009695649147034, -0.2452828288078308, -1.7091031074523926, 0.25265419483184814, 0.7546873092651367, -0.6372531056404114, -0.7377061247825623, 0.3479370176792145, -0.4786297678947449, -0.7148628234863281, 0.15816053748130798, 0.7699069976806641, 1.4601688385009766, -2.0325212478637695, 1.3628602027893066, -1.3030602931976318, -1.2959895133972168, 0.11104639619588852, 1.2374277114868164, -1.3896350860595703, -0.5638768672943115, 0.6940568089485168, -1.303771734237671, -0.30382925271987915, -0.31633418798446655, 0.1004008799791336, 0.022490279749035835, -0.9552276730537415, -1.3342140913009644, -0.3527184724807739, 1.4831078052520752, 1.7945042848587036, 0.1324545294046402, 2.9081857204437256, -3.085629463195801, 0.3126465678215027, 0.33203667402267456, 1.2498996257781982, 0.22911128401756287, 0.6247227787971497, -0.10617246478796005, 0.7019782662391663, -0.3226127326488495, 0.7523362636566162, 0.2673059403896332, -1.7254260778427124, -0.6833691000938416, -0.23000870645046234, 0.5936790704727173, -0.1420133113861084, -0.6583012342453003, -0.05764104798436165, 0.6218057870864868, -2.509345531463623, -0.1934981793165207, 0.1465674340724945, 1.2005857229232788, -1.054447054862976, -0.04638998210430145, 1.8542269468307495, 1.8240418434143066, -0.989681601524353, 0.4132019281387329, -1.7107027769088745, 0.24324023723602295, 0.07373040169477463, -0.3168582618236542, 0.08780208230018616, 0.13995203375816345, -0.97767174243927, 0.1836632639169693, 1.003333568572998, 1.0403038263320923, -0.12118802964687347, -1.3397196531295776, 1.6942481994628906, 0.5754726529121399, 0.8565142154693604, 0.7444953918457031, -0.05475056171417236, -0.3267914950847626, 0.9807026386260986, 0.5277189612388611, -0.5307973623275757, -0.665867805480957, -0.18602204322814941, -1.912391185760498, -0.8602031469345093, -1.5123271942138672, -0.9449463486671448]",yunet,Facenet,1920,1080,/home/amos/media/tv/modern_family/Modern.Family.S09.1080p.DSNP.WEB-DL.DDP5.1.H.264-CRFW/Modern.Family.S09E17.Royal.Visit.1080p.DSNP.WEB-DL.DDP5.1.H.264-CRFW.mkv,Modern Family,2009,1442437,9,17,,,
1085,870,486,1116,786,1008,612,918,606,0.902,27504,1,"[0.570083737373352, 0.18098130822181702, -0.17837905883789062, 0.020375438034534454, -1.169182538986206, 0.9041259288787842, -0.4941539764404297, 1.1071559190750122, 0.6121377944946289, -0.11458343267440796, 1.1883153915405273, 1.4118709564208984, -0.10539758205413818, 0.33195924758911133, -1.3952523469924927, -0.5024943947792053, 0.5750590562820435, -0.15199273824691772, -0.5153521299362183, 1.490657091140747, -0.8094414472579956, -0.2208542674779892, 0.42596152424812317, 0.7802018523216248, 0.03535483777523041, 0.39727041125297546, -2.0511128902435303, 1.8841931819915771, 1.0117497444152832, -1.8725723028182983, -0.2884410321712494, -0.1106494665145874, -1.237084150314331, 0.7059867978096008, 0.22833958268165588, 0.18099722266197205, -0.8624906539916992, -0.94951993227005, 0.05055154860019684, 0.5038777589797974, -0.134118914604187, -0.18273267149925232, -0.6874797344207764, 0.4076405167579651, -0.34743764996528625, -0.7243033051490784, 1.2807334661483765, -0.36726856231689453, 0.016826316714286804, -0.6617809534072876, 0.7035841941833496, -1.5326229333877563, -0.366666316986084, -0.9636594653129578, -0.04975322261452675, 0.02764151617884636, -0.21886174380779266, 1.3514758348464966, 0.4528425335884094, -0.06457290053367615, 0.10741310566663742, -0.28936806321144104, 0.061477579176425934, -1.1573255062103271, 0.5161122679710388, 1.0490211248397827, -0.16231638193130493, 1.8313392400741577, 1.683639407157898, -0.7917226552963257, -0.9360226392745972, 1.0401010513305664, 0.06327006220817566, 1.3432551622390747, -0.5097740292549133, 0.992033064365387, 1.4529211521148682, 0.06646645814180374, 1.307803750038147, 0.8885819315910339, -0.9577662944793701, -1.9646861553192139, 0.016704946756362915, -1.8946173191070557, -0.7471178770065308, -1.1730213165283203, -0.08521190285682678, -0.3830753564834595, 1.4435067176818848, 0.8224440217018127, 0.7755262851715088, -1.547043800354004, -1.970325231552124, -0.2485174834728241, 0.6727069616317749, -0.7788402438163757, 0.13521069288253784, 0.3454250693321228, 0.037115149199962616, -0.34649890661239624, 0.8201498985290527, 1.2779927253723145, -0.7307681441307068, 0.6432555913925171, -1.1067448854446411, 1.7123485803604126, 1.9131965637207031, -2.4073617458343506, -0.5149669051170349, -0.6804744005203247, 1.5848146677017212, 2.6590425968170166, 0.24097837507724762, -1.527245283126831, 1.397638201713562, 1.392796516418457, 0.23515692353248596, -0.6936343312263489, 1.1514464616775513, -0.16629759967327118, -1.2635753154754639, 1.7061673402786255, 0.1797581911087036, -0.0681610181927681, 0.31474781036376953, -0.6549685001373291, 0.6479467749595642, -0.4271721839904785]",yunet,Facenet,1920,1080,/home/amos/media/tv/modern_family/Modern.Family.S09.1080p.DSNP.WEB-DL.DDP5.1.H.264-CRFW/Modern.Family.S09E17.Royal.Visit.1080p.DSNP.WEB-DL.DDP5.1.H.264-CRFW.mkv,Modern Family,2009,1442437,9,17,,,
1086,618,294,834,582,786,408,690,414,0.906,27528,0,"[-0.5213198661804199, -0.19042620062828064, -0.26747187972068787, -0.6862784624099731, 0.41476643085479736, 0.03161933273077011, 0.5413603186607361, 0.7187076807022095, 0.4406939148902893, -0.2841266691684723, 2.482724189758301, -0.31556814908981323, -1.462934970855713, -1.1130475997924805, -0.01310606300830841, -1.5168787240982056, -0.7500995397567749, -0.39974457025527954, -0.012708194553852081, 0.2087089568376541, 0.17244121432304382, -1.6417964696884155, -0.7092467546463013, -2.1783578395843506, -0.8686457872390747, -0.41748273372650146, 0.16980993747711182, -0.8413357734680176, -0.5484905242919922, -0.4013736844062805, -1.001551628112793, 0.3096908628940582, -0.7067548632621765, -0.1335206925868988, -0.07070141285657883, 0.7251502871513367, -0.7867207527160645, -0.3769192397594452, 1.0712060928344727, -1.4891226291656494, -0.08405252546072006, 1.4846150875091553, -2.1356029510498047, -0.6417579650878906, 0.5622987151145935, -2.64018177986145, -0.4011248052120209, 2.5345025062561035, 1.2101340293884277, -0.24073955416679382, -0.19092656672000885, 1.4014099836349487, -0.9873090982437134, 0.46217405796051025, -0.027862966060638428, -1.2456765174865723, 1.6420676708221436, 1.5664819478988647, -2.3166465759277344, 0.11769386380910873, 0.022309675812721252, -1.3646564483642578, 0.7928872108459473, 0.616832971572876, 1.3075649738311768, 1.9188791513442993, -0.18339183926582336, 1.1448657512664795, 0.21487203240394592, 0.2203008085489273, -0.33928003907203674, -0.15227925777435303, -2.8383896350860596, 1.78373122215271, 0.34536024928092957, -0.1039305329322815, -1.0274131298065186, 0.43396300077438354, -0.8821369409561157, 1.4305171966552734, -1.6641108989715576, -0.11036624014377594, 0.29669976234436035, -1.3248863220214844, 0.09221987426280975, 0.5696674585342407, -0.5489495396614075, 0.043427228927612305, -1.1817923784255981, -0.6465386152267456, -0.4426629841327667, 1.0641872882843018, 1.5464465618133545, 2.174294948577881, -0.496681272983551, 0.9728325605392456, -2.6575381755828857, 0.6299679279327393, -1.139319658279419, -0.21138951182365417, -0.5740153193473816, -1.1950169801712036, -0.2508789002895355, -0.3057970106601715, 0.5033164620399475, 1.167343020439148, -0.39222952723503113, -0.8630176782608032, -0.3545258641242981, 0.6260733604431152, -0.30055439472198486, -0.5370946526527405, -0.45112165808677673, -0.5928208231925964, -0.019037296995520592, 2.4242424964904785, -0.6793512105941772, -1.3120689392089844, 0.07095489650964737, 1.9828768968582153, -2.012024164199829, 1.0739666223526, -0.16905561089515686, -0.4511955678462982, -0.27737897634506226, 0.45032307505607605, -1.215591311454773, -0.1062505692243576]",yunet,Facenet,1920,1080,/home/amos/media/tv/modern_family/Modern.Family.S09.1080p.DSNP.WEB-DL.DDP5.1.H.264-CRFW/Modern.Family.S09E17.Royal.Visit.1080p.DSNP.WEB-DL.DDP5.1.H.264-CRFW.mkv,Modern Family,2009,1442437,9,17,Steve Valentine,78311.0,0.523
1087,630,270,840,558,804,384,714,384,0.908,27552,0,"[-0.349963903427124, -0.6721137762069702, -0.3789685368537903, -1.0944390296936035, 0.15575096011161804, 0.11826810985803604, 0.276911199092865, 0.8701598644256592, 0.11440841108560562, -0.22303619980812073, 2.7372286319732666, -0.9906489849090576, -1.6693295240402222, -0.9087153673171997, -0.4140265882015228, -1.97967529296875, -1.0933761596679688, -1.014446496963501, -0.4141177237033844, 0.08912726491689682, 0.4960272014141083, -2.0122530460357666, -0.3037792146205902, -2.1262705326080322, -0.8381709456443787, -1.2226892709732056, 1.0312201976776123, -1.0194824934005737, -1.0149370431900024, 0.14537115395069122, -1.0242583751678467, 1.2916196584701538, -0.687663197517395, 0.42644017934799194, 0.09332487732172012, 0.3814825415611267, -0.32033571600914, -0.3975375294685364, 1.4083242416381836, -1.0805293321609497, -0.7173168659210205, 0.5601627230644226, -2.2538645267486572, -1.0629172325134277, -0.3415239751338959, -2.914468288421631, -0.2956404685974121, 2.2153749465942383, 0.926399290561676, -0.39591845870018005, -0.6732640862464905, 1.2274123430252075, 0.1190919429063797, 0.5702713131904602, 0.2753225564956665, -1.6309516429901123, 0.9600280523300171, 1.6019550561904907, -1.9894338846206665, -0.3278464078903198, -0.6170171499252319, -1.129658579826355, 0.19907361268997192, 0.5407154560089111, 1.2969446182250977, 1.8011350631713867, -0.2169657051563263, 1.3652153015136719, -0.12089664489030838, 0.16529716551303864, -0.26226696372032166, -0.9524860382080078, -2.4740099906921387, 1.5096323490142822, 0.22427153587341309, 0.8052847385406494, -0.7330045700073242, 0.6046499013900757, -0.817767322063446, 0.8244969844818115, -0.8505321145057678, 0.19813577830791473, -0.04382124915719032, -1.0172899961471558, 0.8516387343406677, 0.8382500410079956, -1.0131945610046387, -0.0823662057518959, -1.3930529356002808, -0.3688054382801056, -0.2853555679321289, 0.6295655369758606, 0.34696483612060547, 1.5690861940383911, -0.2559933066368103, 2.335148572921753, -3.0329248905181885, 0.22592072188854218, -0.605777382850647, -0.3862780034542084, -1.2827521562576294, -1.5446844100952148, -0.0059023648500442505, -0.7189058661460876, -0.08732868731021881, 1.2055370807647705, 0.45752930641174316, -0.3400768041610718, 0.20183533430099487, -0.25898444652557373, 0.08523789048194885, -1.370368480682373, -0.8372641801834106, -1.0850908756256104, -0.027131645008921623, 2.5726709365844727, -0.6350574493408203, -1.3209965229034424, -0.34937918186187744, 2.3620800971984863, -1.5812954902648926, 0.18815912306308746, -0.5022565126419067, -0.901803731918335, -0.2947266697883606, 0.9172360301017761, -0.939000129699707, -0.12002560496330261]",yunet,Facenet,1920,1080,/home/amos/media/tv/modern_family/Modern.Family.S09.1080p.DSNP.WEB-DL.DDP5.1.H.264-CRFW/Modern.Family.S09E17.Royal.Visit.1080p.DSNP.WEB-DL.DDP5.1.H.264-CRFW.mkv,Modern Family,2009,1442437,9,17,Steve Valentine,78311.0,0.614
1088,930,492,1146,780,1044,612,960,612,0.916,27576,0,"[0.9015315771102905, -0.44769367575645447, -1.1150323152542114, -0.03650004789233208, -1.2660269737243652, 0.6265844106674194, -2.396662712097168, 0.6022894978523254, 0.27523744106292725, -0.7875097393989563, -1.6273592710494995, 1.2261333465576172, 1.0775327682495117, 0.9379044771194458, -0.06677699089050293, -1.2322665452957153, 0.5174605250358582, -0.544938862323761, -0.29887714982032776, 1.2245409488677979, -1.3427631855010986, -0.0892731323838234, 0.7665195465087891, 0.694015622138977, -0.37177035212516785, -0.31842145323753357, -2.395441770553589, 1.6206575632095337, 1.1520776748657227, -0.44609612226486206, -0.15808409452438354, -0.7702546119689941, -0.4700058102607727, 0.17875611782073975, 0.10120341181755066, -0.12735424935817719, -0.022028706967830658, 0.320285439491272, -0.10702437162399292, 1.155468463897705, 1.3258821964263916, 0.2429981529712677, -1.3963075876235962, -0.06337784975767136, -0.8678537607192993, -1.0529528856277466, 1.814812421798706, -0.4056794345378876, -0.22633646428585052, -1.5747323036193848, 1.1256874799728394, -1.4292073249816895, -0.32851389050483704, -2.022571325302124, 0.44207489490509033, -0.6226987242698669, 1.0962891578674316, 1.308495044708252, 0.7162569165229797, -0.340619832277298, 1.363125205039978, -1.4190740585327148, -0.6697764992713928, -0.6722990870475769, -0.8614354729652405, 0.3914857506752014, 1.0237318277359009, 0.42640140652656555, 1.2436197996139526, -1.819204568862915, -0.538033127784729, 0.6917873620986938, 0.26173505187034607, 0.6499525308609009, 0.2773961126804352, 1.389663815498352, 1.0103034973144531, 0.6370359063148499, 1.2286756038665771, -0.9078879952430725, -1.0865877866744995, -0.6269121170043945, 0.7205071449279785, -0.1746043562889099, -1.9550853967666626, -0.8562487363815308, 0.6839299201965332, -0.6086767911911011, 0.5221972465515137, 0.8861817717552185, 0.6908422708511353, -2.4343245029449463, -2.3609681129455566, -0.6064457297325134, 0.3619076907634735, -0.4376988410949707, 1.0752062797546387, -0.057663366198539734, 0.10203711688518524, 0.13861340284347534, 0.24286888539791107, 1.6594088077545166, -1.6457017660140991, 1.1483653783798218, -0.39362847805023193, 0.4901579022407532, 1.1488980054855347, -1.822823166847229, 0.8225070238113403, -0.04051448404788971, -0.17691975831985474, 2.001100778579712, -0.25900354981422424, -1.4478123188018799, 0.24699468910694122, -0.03496171906590462, -0.6147664785385132, -1.3572391271591187, 0.31083327531814575, -1.2689282894134521, -0.722617506980896, 1.356974482536316, -1.0293998718261719, -1.0447683334350586, 0.4318637251853943, -0.44350627064704895, -0.3413999378681183, -1.4731314182281494]",yunet,Facenet,1920,1080,/home/amos/media/tv/modern_family/Modern.Family.S09.1080p.DSNP.WEB-DL.DDP5.1.H.264-CRFW/Modern.Family.S09E17.Royal.Visit.1080p.DSNP.WEB-DL.DDP5.1.H.264-CRFW.mkv,Modern Family,2009,1442437,9,17,,,
1089,1332,150,1530,432,1452,252,1374,252,0.905,27576,1,"[0.18112093210220337, -0.4545978903770447, -0.4034097194671631, -1.856666922569275, 0.4083611071109772, -0.8952057957649231, -1.567365288734436, 1.6941475868225098, -0.39391377568244934, -0.2851385176181793, 1.8878735303878784, 0.6816104054450989, -0.5558294653892517, -0.25938835740089417, -0.09586930274963379, 0.0904504805803299, 2.441809892654419, -0.5718053579330444, -1.2738916873931885, -1.3297865390777588, -0.0570441409945488, -0.7579004764556885, 0.2416645884513855, -0.44777581095695496, 0.5135916471481323, -0.2460944652557373, -0.5414843559265137, 1.110795021057129, -1.1333653926849365, -4.087101936340332, 0.16336041688919067, 0.9951962232589722, 1.2302156686782837, -1.0208415985107422, -0.6070492267608643, 1.0368653535842896, 0.7480213046073914, 1.5627336502075195, 1.0517456531524658, -0.42450568079948425, -1.9808745384216309, 0.6403185129165649, 0.028519392013549805, -2.274259328842163, -0.9131619930267334, -0.54874587059021, -0.6289717555046082, -0.22082458436489105, 0.5656661987304688, 0.024270838126540184, -0.3926306366920471, -2.808760643005371, -0.7768920660018921, -0.212430939078331, 1.1177773475646973, 1.032077670097351, 1.0894938707351685, 0.1578834503889084, -1.0912920236587524, -0.7889883518218994, -1.9027514457702637, -1.3304076194763184, -0.7381223440170288, 1.3993053436279297, 0.6466369032859802, -1.169447898864746, -0.567687451839447, -0.9741614460945129, 0.8257875442504883, 0.20011000335216522, -1.148205041885376, 2.47070050239563, -2.8582489490509033, 1.5594933032989502, 0.8171344995498657, -0.9108669757843018, -0.8014830350875854, -0.3841058015823364, 0.09539813548326492, 0.4048510193824768, -0.7776666879653931, -1.025030255317688, -0.28507909178733826, -1.2966076135635376, 0.20736366510391235, 1.1608341932296753, 1.2784137725830078, -0.848770260810852, -1.6703513860702515, 1.3525583744049072, 0.5530836582183838, -1.3488956689834595, -0.3299497067928314, -1.271981954574585, 0.8148064613342285, -0.5616016983985901, -0.9712710380554199, 1.4472078084945679, 0.7666539549827576, -1.196934461593628, -1.0078617334365845, -1.2383850812911987, 0.3582373559474945, -0.618701159954071, 1.480464220046997, -0.270893394947052, 0.13576950132846832, -2.064941644668579, -0.06938812136650085, 0.2727850079536438, 0.5304980278015137, 0.06408455967903137, -0.7232722043991089, 1.320570945739746, -0.02847699634730816, 0.5735368728637695, 0.656944751739502, 0.47116735577583313, 0.49661970138549805, 0.7205145955085754, -1.4047185182571411, -0.5699121952056885, -0.21704240143299103, 1.8384449481964111, -1.165594220161438, -0.25364503264427185, -1.5958317518234253, 0.48151716589927673]",yunet,Facenet,1920,1080,/home/amos/media/tv/modern_family/Modern.Family.S09.1080p.DSNP.WEB-DL.DDP5.1.H.264-CRFW/Modern.Family.S09E17.Royal.Visit.1080p.DSNP.WEB-DL.DDP5.1.H.264-CRFW.mkv,Modern Family,2009,1442437,9,17,Julie Bowen,31171.0,0.587
1090,888,468,1110,756,1008,594,924,588,0.927,27600,0,"[0.44062450528144836, 0.686111569404602, 0.37085264921188354, 0.23155343532562256, -0.7847797274589539, 0.2727867066860199, -1.4988994598388672, 0.6777482032775879, 0.6496120095252991, 0.3525063991546631, -0.737575352191925, 0.9775108695030212, 0.24395184218883514, -0.5511846542358398, -0.9883462190628052, -1.240970253944397, -0.05532519519329071, 0.9986574649810791, -0.6222885847091675, 0.8110082149505615, -0.4302966892719269, 1.1630295515060425, 0.86295086145401, 1.6579053401947021, 0.16616520285606384, 0.325270414352417, -2.395505905151367, 1.4945497512817383, 1.4694157838821411, -1.941515326499939, -0.4834769070148468, -1.1307874917984009, -0.44513019919395447, -0.4348953664302826, 1.1511286497116089, -0.477706640958786, -0.21479374170303345, 0.18120220303535461, 0.28513842821121216, 0.5991060733795166, 0.5616456270217896, -0.881205677986145, -1.3440485000610352, 0.1895885169506073, -0.8085962533950806, 0.20184765756130219, 1.25837242603302, -1.2801088094711304, 0.32900768518447876, -2.253330945968628, 0.7236557006835938, -1.1227941513061523, 0.10774119198322296, -1.658646821975708, 0.3203197419643402, 0.33755919337272644, 0.803118884563446, -0.1377796232700348, -0.0650334358215332, -0.374980092048645, 1.3327667713165283, -1.349163293838501, -1.1788188219070435, -1.8798905611038208, 0.06846637278795242, 1.555880069732666, 1.6504651308059692, 1.4431310892105103, 1.345557451248169, -0.004637440200895071, -0.6989973783493042, 1.7426671981811523, -0.07828471064567566, 0.12466298043727875, 0.1749633550643921, 0.12493409216403961, 1.077681541442871, 0.8295672535896301, 0.6254615187644958, 0.8076276183128357, -0.5914422869682312, -1.8644787073135376, 1.0508100986480713, -0.40418311953544617, -1.4300519227981567, 0.291854590177536, -0.3266526162624359, -1.152831792831421, 0.8408312797546387, 0.7197653651237488, 1.502160906791687, -1.8130438327789307, -2.333622694015503, -0.4054367244243622, 0.7027642726898193, -1.9878203868865967, 1.4219852685928345, 0.5311506390571594, 0.9978371262550354, -0.9432846307754517, 0.18149340152740479, 1.6445194482803345, -1.2615914344787598, 1.4595750570297241, -0.5860891938209534, 1.8847743272781372, 0.8437674641609192, -2.3125410079956055, -0.07269716262817383, 0.7394939661026001, -0.3529261350631714, 2.571683645248413, -0.37153321504592896, -1.2218241691589355, 0.5906952619552612, 0.6955511569976807, -1.0071265697479248, -1.3393200635910034, 1.0992599725723267, -0.840650200843811, -0.9172321557998657, 1.2807717323303223, -1.0461541414260864, -0.513302743434906, 0.6152992248535156, -0.8303967118263245, 0.2374444454908371, -0.19701923429965973]",yunet,Facenet,1920,1080,/home/amos/media/tv/modern_family/Modern.Family.S09.1080p.DSNP.WEB-DL.DDP5.1.H.264-CRFW/Modern.Family.S09E17.Royal.Visit.1080p.DSNP.WEB-DL.DDP5.1.H.264-CRFW.mkv,Modern Family,2009,1442437,9,17,Ty Burrell,15232.0,0.515
1091,1338,186,1530,450,1470,276,1380,282,0.924,27600,1,"[-1.0478228330612183, 0.5830602645874023, -0.25357866287231445, -0.9861024618148804, 0.537712574005127, -1.1191281080245972, -2.0915558338165283, 1.0099152326583862, 0.0516057014465332, -0.44141510128974915, 1.8338731527328491, 1.5276131629943848, -0.8605443835258484, 0.06248880922794342, -0.40771326422691345, 0.13576582074165344, 0.5238379240036011, 0.16634641587734222, -2.0870378017425537, 0.5964559316635132, -0.31308117508888245, -0.5305901169776917, 0.007924515753984451, -0.156155526638031, -0.4454476833343506, 0.11194394528865814, -1.5214248895645142, 0.9068334698677063, -0.19042573869228363, -2.528968334197998, 0.3934466242790222, 0.3539644479751587, -0.035245124250650406, -1.0781769752502441, -0.6893554925918579, 0.6038368344306946, 0.13967517018318176, 1.0368252992630005, 1.340144157409668, -0.4862460196018219, -1.0250239372253418, 0.07463501393795013, -0.028473004698753357, -1.8096717596054077, -1.0136061906814575, -1.1756130456924438, -0.8762394785881042, -0.41562286019325256, 0.6486390829086304, 0.6749609708786011, 1.02064049243927, -2.3654050827026367, 0.7763863801956177, -0.5558239817619324, -0.06718769669532776, 0.00184909300878644, 0.4838517904281616, -1.4203367233276367, -0.35467538237571716, 1.3800722360610962, -0.41252270340919495, -0.7185416221618652, -1.4800959825515747, 0.6448813676834106, 1.1944292783737183, -1.1561449766159058, 0.13886035978794098, -0.13711684942245483, 1.2928776741027832, 1.340403437614441, -1.2384319305419922, 2.638777256011963, -2.6538424491882324, 2.145387887954712, 1.5353199243545532, -0.43288224935531616, 0.9271223545074463, -0.11412206292152405, -0.13624998927116394, 0.13968968391418457, -1.0797133445739746, -0.6750293970108032, -0.2344275712966919, -0.9841257929801941, -0.05292271822690964, 1.0600863695144653, 0.4821597635746002, -0.8799340128898621, -2.132751941680908, 0.5785513520240784, 0.5384663939476013, -1.458446741104126, -0.624407172203064, -0.9328953623771667, 0.47951236367225647, -1.3986530303955078, -0.4578761160373688, 2.1443281173706055, 1.3207898139953613, -1.9910151958465576, -0.657065749168396, -1.3538167476654053, -0.1858908236026764, -0.08562003821134567, 1.016316294670105, -0.04212654381990433, 0.5696725249290466, -1.6505515575408936, -0.8949804306030273, 0.721735954284668, 1.7097887992858887, 0.7297805547714233, -0.946252703666687, 0.4751276671886444, 0.5578826069831848, 1.0667471885681152, 0.8913888931274414, 0.351279079914093, -0.9734362363815308, 1.6063870191574097, -0.08311928808689117, -1.1227697134017944, -0.02890334278345108, 0.6326547265052795, -1.7453030347824097, -1.176819086074829, -2.0723509788513184, 1.0221385955810547]",yunet,Facenet,1920,1080,/home/amos/media/tv/modern_family/Modern.Family.S09.1080p.DSNP.WEB-DL.DDP5.1.H.264-CRFW/Modern.Family.S09E17.Royal.Visit.1080p.DSNP.WEB-DL.DDP5.1.H.264-CRFW.mkv,Modern Family,2009,1442437,9,17,Julie Bowen,31171.0,0.668
1092,888,462,1092,738,1020,570,930,570,0.913,27624,0,"[0.6628483533859253, 0.4108790457248688, -0.4060017764568329, 1.1332898139953613, -0.38611459732055664, 0.3584023714065552, -1.4113638401031494, 1.0384052991867065, 0.5981556177139282, -0.3387826979160309, -1.2134373188018799, 0.8766234517097473, 0.6764799952507019, 0.7087173461914062, -1.382798194885254, -0.313223659992218, 0.15346264839172363, -0.6263828277587891, -1.2757465839385986, 1.4830009937286377, -1.2830172777175903, 0.9256678819656372, 0.9821550250053406, 1.4296718835830688, -0.7626909613609314, -0.2522884011268616, -2.4646458625793457, 2.1137571334838867, 1.6682881116867065, -0.8861890435218811, -0.17391474545001984, -1.5308160781860352, 0.0010597044602036476, -0.3051474988460541, -0.002735207322984934, -0.6080082058906555, -0.8639969825744629, 0.32143691182136536, 0.012868404388427734, 0.44908297061920166, 0.3152855932712555, -0.6262088418006897, -1.2733147144317627, -0.1714533567428589, -0.648939311504364, -0.7652378678321838, 1.4764899015426636, -0.3778112530708313, -0.45933347940444946, -1.9771636724472046, 1.4159642457962036, -0.8492653369903564, 0.14323648810386658, -1.9436650276184082, -0.09983868896961212, 0.4925432503223419, 1.4865992069244385, 0.5741396546363831, 1.015333890914917, 0.6212376356124878, 0.2954282760620117, -0.36074137687683105, -0.6420082449913025, -0.38625940680503845, 0.12430236488580704, 0.3464195132255554, 1.6455785036087036, 1.3810871839523315, 1.1905056238174438, -0.4197481870651245, -0.8626667261123657, 1.1971888542175293, -0.4910393953323364, 1.2754701375961304, -0.4072228968143463, 1.4289417266845703, 0.8372684717178345, 0.5533812046051025, 1.3259992599487305, -1.0133780241012573, 0.03622662276029587, -1.3503190279006958, 1.0104107856750488, -0.6611217856407166, -1.665549635887146, -1.2437517642974854, 0.4835936725139618, -1.0380709171295166, -0.005580473691225052, -0.19691860675811768, 1.4002190828323364, -1.8443584442138672, -1.9549851417541504, -0.7836270928382874, 0.023382045328617096, -1.6433799266815186, 0.8473173379898071, -0.1792287975549698, 0.34814319014549255, -0.40904533863067627, -0.522775411605835, 1.2699743509292603, -2.2556018829345703, 1.4786121845245361, -0.603205680847168, 0.9360480308532715, 0.870905876159668, -3.106581211090088, -0.1122373640537262, 0.7619647979736328, -0.21442948281764984, 2.9800586700439453, -0.16054563224315643, -0.7256554365158081, 0.26484915614128113, 0.1243409812450409, -0.5651097297668457, -1.2075729370117188, 0.16654573380947113, -0.6666651368141174, -0.08244985342025757, 1.3800609111785889, -0.8423130512237549, -0.44698143005371094, 1.181965708732605, -0.9315999150276184, 0.5943341255187988, -1.1474242210388184]",yunet,Facenet,1920,1080,/home/amos/media/tv/modern_family/Modern.Family.S09.1080p.DSNP.WEB-DL.DDP5.1.H.264-CRFW/Modern.Family.S09E17.Royal.Visit.1080p.DSNP.WEB-DL.DDP5.1.H.264-CRFW.mkv,Modern Family,2009,1442437,9,17,Ty Burrell,15232.0,0.556
1093,1380,162,1566,414,1524,258,1434,258,0.926,27648,0,"[-2.5438578128814697, -1.0537680387496948, 0.7214573621749878, -0.7634227871894836, 0.8129960894584656, -1.1781306266784668, -2.2105324268341064, 0.4910009503364563, -0.34775105118751526, 0.27261435985565186, 1.3351001739501953, 1.700480580329895, -1.5120233297348022, -0.5867050886154175, -0.08602254092693329, 0.3743612766265869, 0.059731096029281616, -0.05821099132299423, -1.5058131217956543, -0.578457236289978, -0.46476030349731445, -0.5970265865325928, -0.26717352867126465, 0.11982688307762146, -0.9738479852676392, -0.4607267379760742, -1.2518326044082642, 1.569460153579712, 0.012144342064857483, -1.4765121936798096, 1.552413821220398, -0.9542965292930603, 1.0091462135314941, -2.1860849857330322, 0.35535410046577454, 1.2587918043136597, -0.32981306314468384, 0.45583099126815796, -0.050137802958488464, -1.0993844270706177, -1.987718105316162, 0.017032377421855927, -0.17325562238693237, -1.4693927764892578, 0.04193217679858208, -0.23371224105358124, -0.9912510514259338, 0.047622717916965485, 0.21621786057949066, 0.8226124048233032, 1.4946213960647583, -2.650359630584717, 1.6697078943252563, -0.5436564683914185, -0.3169116675853729, 0.23955999314785004, -0.051549751311540604, -1.218012809753418, -0.4457712173461914, 1.1490815877914429, -0.1186591386795044, 0.3098706603050232, -1.1119805574417114, 0.24615561962127686, 0.5328398942947388, 0.19459664821624756, 0.7243875861167908, -0.19529476761817932, 1.8590682744979858, 2.5711863040924072, -0.2936003506183624, 0.9809417724609375, -2.4648897647857666, 0.9726725220680237, 0.4605691134929657, -0.16409891843795776, 0.7434636354446411, 0.17233969271183014, 0.1748017966747284, 1.3628202676773071, -1.1157342195510864, -0.26050204038619995, 0.4955557882785797, -0.42222684621810913, -0.7580573558807373, 0.3745996952056885, 1.211649775505066, 0.5505800247192383, -1.0279237031936646, 0.7442624568939209, 0.6784155368804932, -1.332729458808899, -0.9289500117301941, 0.741473376750946, 0.5859767198562622, -1.0033224821090698, -0.2948831021785736, 1.9771320819854736, 1.9382755756378174, 0.25146305561065674, -0.35575199127197266, -1.7159740924835205, 0.9536846876144409, 0.9440615773200989, 1.6337097883224487, -0.4203804135322571, 0.4074053466320038, -0.1319764256477356, 0.12154430150985718, 0.5292669534683228, 1.3619736433029175, -1.0070823431015015, -1.362363338470459, 1.4047353267669678, 0.2846124470233917, 0.5991204977035522, 2.016170024871826, 0.9814786911010742, -1.5512028932571411, -0.35197943449020386, 0.7120786905288696, -1.1585986614227295, -1.0562266111373901, 0.690596342086792, -0.2892574667930603, -1.326053500175476, -1.9578275680541992, -0.09500956535339355]",yunet,Facenet,1920,1080,/home/amos/media/tv/modern_family/Modern.Family.S09.1080p.DSNP.WEB-DL.DDP5.1.H.264-CRFW/Modern.Family.S09E17.Royal.Visit.1080p.DSNP.WEB-DL.DDP5.1.H.264-CRFW.mkv,Modern Family,2009,1442437,9,17,Julie Bowen,31171.0,0.635
1094,900,462,1110,738,1032,570,942,570,0.917,27648,1,"[1.0743341445922852, 1.194267749786377, 0.222593292593956, -0.008789755403995514, -0.5954116582870483, 0.6588743329048157, -1.1309853792190552, 1.0203280448913574, 0.03724765032529831, -0.2551041543483734, -0.7119147181510925, 0.6495904922485352, 0.5387598276138306, 0.38338702917099, -1.2697285413742065, -1.2463865280151367, 0.2223898023366928, 0.13180802762508392, -0.6074378490447998, 1.214251160621643, -0.4686148464679718, 1.3803555965423584, 0.4345638155937195, 0.6221699714660645, -0.6788843274116516, -0.5736131072044373, -2.79864764213562, 1.656951665878296, 1.1190218925476074, -1.724164605140686, -0.7536404132843018, -0.7058228850364685, -0.8976528644561768, -0.04614880308508873, 0.11126933246850967, -0.28309452533721924, -0.8568463921546936, 0.08975443243980408, -0.03284093737602234, 0.12537217140197754, 1.0967998504638672, -0.9598144888877869, -1.598020076751709, 0.10647492110729218, -0.6346889734268188, -0.4361099600791931, 1.5289722681045532, -0.6843345165252686, -0.28093522787094116, -1.830599308013916, 0.14514067769050598, -0.29035723209381104, -0.23878219723701477, -1.6302207708358765, -0.3170762062072754, 0.2618613541126251, 0.6428384780883789, 0.012438002973794937, -0.07091332226991653, -0.6036312580108643, 0.5232203602790833, -1.1380831003189087, -0.8347996473312378, -0.5138991475105286, -0.14183101058006287, 0.5502747893333435, 1.696499228477478, 0.630531370639801, 1.205584168434143, -0.5735664367675781, -0.9323517680168152, 1.5682049989700317, -0.23609155416488647, 0.46602189540863037, 0.15628018975257874, 0.7110567092895508, 0.7265077829360962, 0.47264623641967773, 0.7230905890464783, 0.20671872794628143, -0.04929015412926674, -1.3889625072479248, 0.6734890937805176, -0.8134928941726685, -0.5203803181648254, -0.19736209511756897, -0.08582521975040436, -1.2677621841430664, 0.7034457921981812, 0.3895322382450104, 0.969321608543396, -1.537102222442627, -1.7420294284820557, -0.3754124641418457, 1.105974793434143, -1.983924388885498, 1.3052098751068115, -0.06801197677850723, 0.9987273812294006, -0.7204422354698181, -0.047553181648254395, 2.0363361835479736, -1.7414849996566772, 1.335241675376892, -0.7674398422241211, 1.958117961883545, 1.3394110202789307, -1.9682297706604004, -0.17214173078536987, 0.4876457154750824, -0.5208815932273865, 3.1273558139801025, -0.6186628341674805, -0.5078991651535034, 0.0838930532336235, 0.6563433408737183, -0.6667690277099609, -1.4492141008377075, -0.1103634461760521, -0.7208070755004883, -1.0335240364074707, 2.3268072605133057, -0.8078062534332275, -0.6467145681381226, 0.5008496046066284, -0.6477831602096558, -0.17506840825080872, -0.289669007062912]",yunet,Facenet,1920,1080,/home/amos/media/tv/modern_family/Modern.Family.S09.1080p.DSNP.WEB-DL.DDP5.1.H.264-CRFW/Modern.Family.S09E17.Royal.Visit.1080p.DSNP.WEB-DL.DDP5.1.H.264-CRFW.mkv,Modern Family,2009,1442437,9,17,,,
1095,900,462,1104,738,1026,570,936,570,0.922,27672,0,"[1.1710283756256104, 0.9152395725250244, 0.18959634006023407, 0.041628189384937286, -0.2497759610414505, 1.1176388263702393, -1.185989260673523, 0.9357275366783142, 0.8254373073577881, -0.6385144591331482, -0.5633141994476318, 0.5329635739326477, 0.6788890361785889, 0.6082801818847656, -0.9927421808242798, -1.3753173351287842, 0.09422237426042557, -0.07930523157119751, -0.9535154104232788, 1.0043150186538696, -1.2087254524230957, 1.0263395309448242, 0.7679511904716492, 0.5636042952537537, -0.625757098197937, 0.2883617579936981, -2.8186089992523193, 1.6232690811157227, 1.02358877658844, -1.6852161884307861, -0.7643086910247803, -0.7317308187484741, -1.5568761825561523, 0.18415993452072144, 0.19383609294891357, 0.08112654089927673, -1.114069938659668, 0.5744375586509705, 0.35671937465667725, 0.7080177068710327, 1.6608558893203735, -0.9896522164344788, -1.0417450666427612, -0.03202332928776741, -0.5656203627586365, -0.35241231322288513, 1.1474602222442627, -0.6402437686920166, 0.2285604327917099, -1.7927418947219849, 0.6326318979263306, -0.23177488148212433, -0.04954127222299576, -1.798599123954773, -0.07004855573177338, -0.22427570819854736, 0.7035534381866455, -0.43408554792404175, -0.00010295026004314423, -0.18742941319942474, 0.6789236664772034, -1.0236523151397705, -1.0606976747512817, -0.31807565689086914, -0.05364836007356644, 0.6088622212409973, 1.2512125968933105, 0.5584475994110107, 1.3999052047729492, -0.6673574447631836, -1.0591241121292114, 1.8626642227172852, 0.038265399634838104, 0.42371225357055664, 0.26930201053619385, 0.9837079644203186, 0.3445018231868744, 0.39667555689811707, 0.709024965763092, 0.16414137184619904, -0.20094040036201477, -0.9807548522949219, 0.8449642062187195, -1.073473572731018, -1.0254523754119873, -0.8842006921768188, -0.12876592576503754, -0.8515968322753906, 0.7146898508071899, 0.4393448233604431, 1.0084826946258545, -1.5696908235549927, -1.737139105796814, -0.49600639939308167, 1.2907708883285522, -1.3701533079147339, 1.1193113327026367, 0.7975975275039673, 0.39829355478286743, -0.9004259705543518, 0.7623486518859863, 0.9679026007652283, -2.580254554748535, 1.6064039468765259, -0.8360273838043213, 2.3804900646209717, 1.5558009147644043, -2.330916166305542, -0.20525091886520386, 0.09590497612953186, -0.029545210301876068, 3.379120349884033, -0.5588735342025757, -1.0861454010009766, 0.6028555035591125, 0.639630913734436, -0.9652531147003174, -1.5922690629959106, 0.5387226343154907, -0.9230037927627563, -0.7455933690071106, 1.69822096824646, -0.37575602531433105, -0.817561686038971, 0.14310675859451294, -0.9797620177268982, 0.19089238345623016, -0.31673240661621094]",yunet,Facenet,1920,1080,/home/amos/media/tv/modern_family/Modern.Family.S09.1080p.DSNP.WEB-DL.DDP5.1.H.264-CRFW/Modern.Family.S09E17.Royal.Visit.1080p.DSNP.WEB-DL.DDP5.1.H.264-CRFW.mkv,Modern Family,2009,1442437,9,17,Ty Burrell,15232.0,0.566
1096,1308,60,1500,312,1446,156,1362,156,0.907,27672,1,"[-0.7427489757537842, -0.07062746584415436, -0.06453485786914825, -1.0596874952316284, 1.4897000789642334, -0.9313380718231201, -1.2621967792510986, 0.37911441922187805, -0.008029356598854065, -1.3095182180404663, 0.5793931484222412, 0.501257598400116, -0.6635755300521851, -0.046121370047330856, 0.10330644249916077, -1.3682175874710083, -1.041211485862732, -0.3903545141220093, -0.9674766063690186, -1.0247875452041626, -0.4341322183609009, 0.6919125914573669, 0.5661690831184387, -0.7834138870239258, -0.744439959526062, 0.2381131649017334, -1.3044466972351074, -0.3376001715660095, -0.9841848611831665, -3.327479124069214, 0.518120527267456, -0.7545372843742371, 0.3380119204521179, -0.46524596214294434, 1.0872453451156616, 2.0774922370910645, -0.1976185142993927, -0.8013619780540466, 1.1203545331954956, -0.5913795232772827, -1.3627849817276, 1.001981496810913, 0.8555377721786499, -1.4822016954421997, -0.6148632168769836, -0.567578911781311, -0.8668689131736755, 0.17581228911876678, -0.8460261225700378, 0.12930487096309662, 0.8063859939575195, -1.7386056184768677, -0.032784342765808105, -0.227450430393219, -0.4718661308288574, -0.09328803420066833, 0.6971076130867004, -0.6435818672180176, -1.3147244453430176, -1.1806318759918213, -0.19613808393478394, -2.117556095123291, -1.1274493932724, -0.39038267731666565, -0.4958074986934662, -0.2784655690193176, 0.03662887215614319, -1.0297858715057373, 0.05063880980014801, 1.0632233619689941, -0.06076414883136749, 0.8185487985610962, -2.302502393722534, -0.4139806032180786, 0.14459078013896942, -0.34540387988090515, 0.7432641983032227, 0.7950997948646545, -0.5853696465492249, 0.08038242161273956, -0.17207956314086914, 0.6617534160614014, 0.44345778226852417, 0.6918869614601135, -0.812532901763916, -0.42732319235801697, 1.8042263984680176, -0.21614322066307068, -0.17284581065177917, 0.8955428600311279, -0.27198123931884766, -1.4579323530197144, -1.2076753377914429, -0.3915133476257324, -0.19072869420051575, -0.4113231301307678, -1.0007692575454712, 0.2832339406013489, 1.4298501014709473, 0.12792609632015228, -0.6823104023933411, -2.3139774799346924, 0.37768274545669556, 1.0518988370895386, 1.8104217052459717, -0.246303990483284, 0.6988418698310852, -0.17270837724208832, 0.24538874626159668, -0.0352269746363163, 1.9549953937530518, -1.2070872783660889, -0.19960474967956543, 2.1354520320892334, 1.5332545042037964, 0.8780922889709473, 0.6900877952575684, 0.39987510442733765, 0.4142046868801117, -0.3752894401550293, -1.1718357801437378, -1.168958306312561, -1.157400369644165, 1.9820226430892944, 0.2588334381580353, -1.3891042470932007, -1.8901190757751465, 0.2163011133670807]",yunet,Facenet,1920,1080,/home/amos/media/tv/modern_family/Modern.Family.S09.1080p.DSNP.WEB-DL.DDP5.1.H.264-CRFW/Modern.Family.S09E17.Royal.Visit.1080p.DSNP.WEB-DL.DDP5.1.H.264-CRFW.mkv,Modern Family,2009,1442437,9,17,Julie Bowen,31171.0,0.674
1097,636,270,960,702,882,438,744,444,0.929,27696,0,"[-1.5059973001480103, -0.8381986618041992, -1.158811092376709, -1.0914617776870728, -0.19034473598003387, 0.3047788143157959, -0.810655415058136, 1.5636779069900513, 0.4229675531387329, -0.3220272660255432, 2.072280168533325, 0.6429231762886047, -3.06062650680542, -0.8000507354736328, 0.27747243642807007, -0.5436928868293762, -1.2103017568588257, 0.1492765098810196, -0.26950711011886597, -0.8071553707122803, -0.5694262981414795, -2.796557664871216, -0.8568466305732727, -1.692306399345398, -1.4056828022003174, -0.06731627136468887, 0.17056666314601898, -1.0664204359054565, -0.9845662117004395, 0.4823152720928192, -1.0382102727890015, 1.2957192659378052, -1.2987277507781982, -0.40173104405403137, 0.17776888608932495, 0.626377522945404, -0.5477309823036194, 0.025699611753225327, 0.7544823288917542, -0.7846953868865967, 0.3830835819244385, 0.825759768486023, -1.9407354593276978, -0.5611746907234192, 1.2870408296585083, -2.4353249073028564, 0.5471742749214172, 2.353253126144409, 1.4687293767929077, 0.7569460868835449, 0.01848519593477249, 1.0408329963684082, 1.2175499200820923, 0.5217524766921997, 0.3760532736778259, -1.161441683769226, 0.17276646196842194, 1.5483511686325073, -0.971031904220581, 1.3292086124420166, 0.22065961360931396, -0.9163457751274109, 0.16556447744369507, 1.090669870376587, 2.2557103633880615, 1.0750153064727783, -0.37559273838996887, 1.0753635168075562, 0.8736483454704285, -0.7333625555038452, -0.5948010683059692, -0.48897674679756165, -2.375662326812744, 1.829512596130371, 0.833736002445221, -1.0149699449539185, -1.293601393699646, 1.1843475103378296, -0.7835020422935486, 0.21712474524974823, -2.0771617889404297, -1.2658087015151978, -0.3818635046482086, -1.7961705923080444, -1.2244056463241577, 0.054195836186409, -0.9060303568840027, 0.5843278169631958, -1.116599440574646, -0.5527202486991882, -0.7115157842636108, 0.02925225906074047, 0.3069639503955841, 0.7719871997833252, 0.3128774166107178, 1.810083031654358, -1.8800785541534424, 0.22959931194782257, -0.5026285648345947, 1.2675116062164307, -0.8867694139480591, -0.8181173801422119, -0.3466396927833557, 0.06528246402740479, 0.6120968461036682, 0.011743247509002686, 0.028506282716989517, -0.1666085422039032, -0.3585298955440521, 0.2819300591945648, 0.4607808589935303, -0.6664765477180481, -0.30989253520965576, -0.8877204656600952, -0.7065548896789551, 1.8318564891815186, -0.09304199367761612, -0.2886474132537842, -0.6905009746551514, 1.5309784412384033, -2.130228042602539, -0.7931023836135864, 0.1672775149345398, -0.3789541721343994, -1.5126075744628906, 0.4540404975414276, -1.0662615299224854, -0.23777170479297638]",yunet,Facenet,1920,1080,/home/amos/media/tv/modern_family/Modern.Family.S09.1080p.DSNP.WEB-DL.DDP5.1.H.264-CRFW/Modern.Family.S09E17.Royal.Visit.1080p.DSNP.WEB-DL.DDP5.1.H.264-CRFW.mkv,Modern Family,2009,1442437,9,17,Steve Valentine,78311.0,0.554
1098,672,258,990,690,906,414,768,426,0.925,27720,0,"[0.04086920619010925, -2.101438522338867, -0.4420958459377289, -2.269503593444824, -0.8914092779159546, 0.4394180476665497, -0.9753696322441101, 1.5179846286773682, -0.06736600399017334, -0.7353948354721069, 0.6352540850639343, 0.49695926904678345, -2.34692120552063, 0.4599889814853668, -0.8036680221557617, -0.8894774913787842, -0.4894637167453766, -0.6579928994178772, 0.44609612226486206, -1.1037219762802124, -0.24177034199237823, -2.359661340713501, -1.5273146629333496, -1.360332727432251, -1.7381566762924194, -0.7554359436035156, -0.5812559127807617, -0.6355631351470947, 0.2253335565328598, 0.4762718975543976, -0.9927382469177246, 1.613432765007019, -1.032928228378296, 0.7914788722991943, -0.07408630847930908, 0.9978497624397278, -0.8512076735496521, -0.2540609538555145, 0.6659542918205261, -0.22593897581100464, 0.2586688697338104, 0.9626996517181396, -2.3171606063842773, -1.0729141235351562, 0.4294174909591675, -3.187685012817383, 0.18711741268634796, 2.8340532779693604, 0.3825981020927429, -0.5752960443496704, -0.24566565454006195, 0.21784481406211853, -0.06024438887834549, 0.39133864641189575, 0.5513509511947632, -0.9508055448532104, 0.05524253845214844, 1.5288244485855103, -0.46479254961013794, 0.631301760673523, -0.9033825993537903, -1.4291366338729858, 0.4506922662258148, 1.0971589088439941, 0.6800963878631592, 2.0032904148101807, 0.09092648327350616, 1.153979778289795, 0.5558747053146362, -0.96886146068573, -0.3525766432285309, -0.5926711559295654, -0.9386991858482361, 1.2448819875717163, 1.1423711776733398, -0.27586501836776733, -1.3230575323104858, 0.5881701111793518, -0.12345951050519943, -0.13061726093292236, -1.879186749458313, -1.3005372285842896, -1.4069255590438843, -2.1749391555786133, -1.3264764547348022, -0.34980374574661255, -1.1055988073349, -0.018240652978420258, 0.4974740445613861, 0.7997196316719055, -0.09734756499528885, 0.32073408365249634, -0.8609108328819275, -0.04428015649318695, 0.455960750579834, 2.185560941696167, -1.5068107843399048, -0.7969775199890137, 0.15344658493995667, 1.5793026685714722, -0.21836026012897491, 0.043843016028404236, -0.7391480207443237, -0.05992763489484787, 0.724905252456665, 0.4749686121940613, 0.4591943323612213, -1.4181365966796875, 0.030894026160240173, -0.46995627880096436, 1.1285065412521362, -0.8015252947807312, -0.8895388841629028, -1.3529021739959717, 0.0009078178554773331, 1.067197322845459, -0.052765753120183945, -0.20526713132858276, -0.8784915804862976, 0.4657032787799835, -2.7212862968444824, 0.5377881526947021, 0.03005700558423996, -0.96905118227005, -0.9210282564163208, 1.6318883895874023, -0.5989885330200195, -1.3513866662979126]",yunet,Facenet,1920,1080,/home/amos/media/tv/modern_family/Modern.Family.S09.1080p.DSNP.WEB-DL.DDP5.1.H.264-CRFW/Modern.Family.S09E17.Royal.Visit.1080p.DSNP.WEB-DL.DDP5.1.H.264-CRFW.mkv,Modern Family,2009,1442437,9,17,,,
1099,618,270,948,672,858,408,720,420,0.937,27744,0,"[-0.13921459019184113, -0.9558788537979126, -0.2517816722393036, -0.6660336256027222, 0.4030500054359436, 0.40705767273902893, 0.4763890504837036, 0.2655412554740906, 1.0419422388076782, -0.2550894618034363, 0.755037784576416, 0.5889200568199158, -1.830063819885254, 0.00016261637210845947, -1.1606875658035278, -1.013407826423645, -1.1373265981674194, -0.8506646156311035, -0.5559810996055603, -1.3245270252227783, -0.1085519790649414, -2.001058340072632, -0.5330519080162048, -2.456475257873535, -1.1577420234680176, 0.08318518847227097, 0.9497072696685791, -1.608946681022644, -1.18490731716156, -0.1120646521449089, -1.9600962400436401, 1.7831147909164429, -1.7799407243728638, -0.1928199976682663, 0.17533549666404724, 0.3849598467350006, -1.4051896333694458, 0.22371211647987366, 1.145526647567749, -1.5083417892456055, 1.2165247201919556, 0.8897294998168945, -1.8551684617996216, -0.7320219874382019, 0.6285303235054016, -2.630765914916992, -0.16716963052749634, 2.311368227005005, 0.08144088089466095, 0.7140207290649414, 0.01823234185576439, 0.8937032222747803, 0.7574384808540344, -0.6839446425437927, 0.8480418920516968, -1.269445538520813, 1.4873595237731934, 1.2804652452468872, -0.818751335144043, -0.5693185925483704, -0.9202189445495605, -2.1845479011535645, -0.04105645418167114, 1.356407880783081, 1.2855567932128906, 0.5787880420684814, -0.38991907238960266, -0.05282370746135712, -0.04005894064903259, -0.8269256353378296, -0.6750162243843079, 0.01069582998752594, -2.622649908065796, 2.0618457794189453, 0.30582720041275024, -1.3315794467926025, -1.3652980327606201, 1.045350193977356, -0.5787120461463928, -1.2494792938232422, -1.2723588943481445, -0.8616993427276611, 0.0037465132772922516, -1.4239774942398071, -0.8459773063659668, -0.611536979675293, 0.7397269010543823, -0.54377681016922, -1.6441221237182617, -0.41401803493499756, -1.6222214698791504, 0.003913432359695435, 0.6973856091499329, 0.5425999164581299, 0.9857965111732483, 1.2008219957351685, -1.0759245157241821, 0.22032149136066437, -0.5841630101203918, 0.21746164560317993, -1.1871756315231323, -0.8761929869651794, -1.3460909128189087, -0.3672204315662384, 0.23558935523033142, 0.6884880065917969, 0.09629963338375092, -0.48436030745506287, -0.45069649815559387, 0.032459281384944916, 1.146340012550354, 0.2930690050125122, 0.3820253610610962, 0.05749845504760742, -0.5144891738891602, 2.578857660293579, -0.1452556550502777, -0.29251179099082947, -1.2428234815597534, 1.1847139596939087, -1.949915885925293, -0.3982590138912201, 0.39317381381988525, -0.013236691243946552, -1.1827845573425293, 0.9743332266807556, -1.0812519788742065, -0.5291851758956909]",yunet,Facenet,1920,1080,/home/amos/media/tv/modern_family/Modern.Family.S09.1080p.DSNP.WEB-DL.DDP5.1.H.264-CRFW/Modern.Family.S09E17.Royal.Visit.1080p.DSNP.WEB-DL.DDP5.1.H.264-CRFW.mkv,Modern Family,2009,1442437,9,17,Chris Geere,62879.0,0.749
1100,810,414,1026,714,936,546,834,546,0.933,27768,0,"[0.9955700635910034, 0.9661356210708618, 0.14843279123306274, 0.19273608922958374, -0.008805092424154282, 1.2336665391921997, -1.1293504238128662, 0.9366938471794128, 0.6347280740737915, 0.5239565372467041, 0.737657904624939, 1.2106187343597412, 0.12469954788684845, -0.8132861852645874, -0.5961823463439941, 0.12622542679309845, -0.09119376540184021, -0.20575326681137085, -0.2021418809890747, 1.2375733852386475, -0.9435139894485474, 1.3821860551834106, 0.603139340877533, 0.3183900713920593, 0.013593224808573723, 0.6512662172317505, -2.3689558506011963, 2.003404378890991, 1.0124295949935913, -1.4527920484542847, -0.7659419775009155, -1.149269938468933, -1.312098741531372, -0.5031985640525818, 1.0310070514678955, 0.16039957106113434, 0.005522493273019791, 0.6605193018913269, 0.3538849353790283, 0.689937949180603, 0.8949824571609497, -0.40089407563209534, -1.520032286643982, -0.08939210325479507, 0.28815940022468567, -0.09285330772399902, 0.7675870656967163, -0.5160825252532959, 1.4719449281692505, -1.4398549795150757, 0.43206310272216797, 0.03471861034631729, -0.5754014253616333, -1.3900598287582397, -0.9922925233840942, 0.5710928440093994, 0.9250624179840088, -0.015923354774713516, -0.4205622375011444, 0.563389241695404, 1.4889217615127563, -0.41737306118011475, -0.3448100686073303, -1.0420105457305908, 0.06932941824197769, 1.073286533355713, 1.5970604419708252, 1.6722286939620972, 1.598893165588379, 0.04640937224030495, -0.4889892041683197, 1.3289806842803955, -1.3339227437973022, 0.7028829455375671, 1.4497767686843872, 0.06841357052326202, 0.6232528686523438, 1.2147064208984375, -0.44041067361831665, 1.5275858640670776, -1.0408543348312378, -1.9975289106369019, 1.127930760383606, -1.0668221712112427, -1.5098448991775513, -0.6197618246078491, -0.4066663682460785, -0.4458000063896179, 0.5133438110351562, -0.8300338983535767, 0.5539957880973816, -2.3108091354370117, -0.13759355247020721, -0.4220862090587616, 1.4820297956466675, -1.951232671737671, 0.7508971691131592, 0.7400487661361694, 0.2493283748626709, 0.010659364983439445, 0.552504301071167, 1.2374718189239502, -2.196108818054199, 0.9966467022895813, -0.5866386294364929, 2.512007713317871, 1.1177973747253418, -2.5622270107269287, -0.4851386547088623, 1.1967172622680664, -0.03821748495101929, 2.9623377323150635, -0.4105825424194336, -1.647303581237793, 1.0068001747131348, 1.3083559274673462, -1.236798644065857, -0.9914178848266602, 0.22270247340202332, -0.7409799695014954, -0.44879162311553955, 1.185034155845642, 0.2584773302078247, -0.3775334358215332, 1.0191822052001953, -1.4610843658447266, -0.43534332513809204, 1.0171808004379272]",yunet,Facenet,1920,1080,/home/amos/media/tv/modern_family/Modern.Family.S09.1080p.DSNP.WEB-DL.DDP5.1.H.264-CRFW/Modern.Family.S09E17.Royal.Visit.1080p.DSNP.WEB-DL.DDP5.1.H.264-CRFW.mkv,Modern Family,2009,1442437,9,17,Ty Burrell,15232.0,0.595
1101,1284,132,1476,390,1392,228,1326,228,0.915,27768,1,"[-0.5967438220977783, 1.4699095487594604, -1.3245365619659424, -0.9651066660881042, 0.7460763454437256, -0.5275326371192932, -0.9193745851516724, 2.3159515857696533, -0.6228535771369934, 0.46004462242126465, 2.185549020767212, 0.858848512172699, -1.2203233242034912, 0.09763337671756744, 0.7385332584381104, 0.6428974866867065, -0.40454569458961487, -1.1215150356292725, -2.3160858154296875, 0.5083030462265015, -0.9436379671096802, 0.5954985618591309, 0.30603140592575073, 0.905727207660675, -0.7751991748809814, 0.8677392601966858, -1.9478570222854614, 1.0265474319458008, -0.40806758403778076, -2.4179887771606445, 0.9410187005996704, -0.05950663611292839, -1.074694037437439, -0.03075774759054184, -0.23941779136657715, 0.3428703844547272, 0.249872088432312, 0.9755546450614929, 1.2493853569030762, -0.49282100796699524, -2.5836832523345947, 1.1079598665237427, 1.4225987195968628, -1.5957114696502686, -1.2267751693725586, -0.2575523853302002, -0.23199036717414856, -0.9367769956588745, -0.3717384338378906, 1.6089165210723877, 0.7265152335166931, -1.9514116048812866, 0.5984768867492676, 0.04108748584985733, -1.1219953298568726, -0.3604736924171448, 0.4626126289367676, -0.6252937316894531, -0.6258105635643005, -0.023711923509836197, -0.9968355298042297, 0.369442880153656, -0.44354528188705444, 0.492870032787323, 0.6113761067390442, -1.6631892919540405, -0.9729068279266357, 0.20319487154483795, 0.9352755546569824, 1.1591899394989014, -0.0774122029542923, 2.0124223232269287, -2.669739246368408, 1.884391188621521, 0.6050718426704407, 0.791099488735199, 0.19838324189186096, 0.14559714496135712, -0.6498264670372009, 1.04130220413208, -0.36912915110588074, -0.2929266691207886, -0.8813531994819641, -0.6880906820297241, -0.24727514386177063, 0.23078083992004395, 0.7060041427612305, 0.47326910495758057, -1.2565861940383911, -0.12446434795856476, 0.6050140261650085, -2.922738790512085, -0.2676214277744293, 0.2600787878036499, 0.7040042281150818, -1.0059380531311035, -1.0040018558502197, 1.744555115699768, 1.813783884048462, -1.6010042428970337, -0.8081916570663452, -2.4496023654937744, -0.439782977104187, 0.3186368942260742, 0.42772209644317627, -0.9001025557518005, 0.1192367672920227, -0.8745591640472412, -0.2083704024553299, 1.6560169458389282, 2.7156381607055664, -0.8331502676010132, -0.23635601997375488, 1.825965166091919, 0.6886886954307556, 0.8970891237258911, 0.5861307382583618, -0.8737450838088989, -0.8483961820602417, 1.0752860307693481, 0.04506940394639969, -0.5557658672332764, -1.1516910791397095, 0.6317264437675476, -2.1319451332092285, -1.4606711864471436, -1.6813064813613892, -0.6434203386306763]",yunet,Facenet,1920,1080,/home/amos/media/tv/modern_family/Modern.Family.S09.1080p.DSNP.WEB-DL.DDP5.1.H.264-CRFW/Modern.Family.S09E17.Royal.Visit.1080p.DSNP.WEB-DL.DDP5.1.H.264-CRFW.mkv,Modern Family,2009,1442437,9,17,Julie Bowen,31171.0,0.619
1102,810,420,1026,708,942,546,840,540,0.929,27792,0,"[0.265089213848114, 1.193310022354126, 0.6805480122566223, 0.6188821196556091, 0.11086080223321915, 0.15777060389518738, -0.7582318186759949, 0.9912151098251343, 0.2988796532154083, 0.5081097483634949, 0.37411993741989136, 1.298166275024414, 1.0192642211914062, -0.49193447828292847, -1.2848305702209473, 0.38816505670547485, 0.6368626356124878, -0.10504831373691559, -0.5564074516296387, 1.5864300727844238, -0.9898577928543091, 1.8720712661743164, 0.34484773874282837, 0.4707469344139099, -0.5275523662567139, 1.0097304582595825, -2.42209529876709, 1.9326733350753784, 0.8567352294921875, -1.871506929397583, -0.36515673995018005, -1.5753576755523682, -0.45732876658439636, -1.3409147262573242, 1.1184979677200317, -0.05727387219667435, 0.8758555054664612, 0.7412856817245483, 0.45322710275650024, 0.8280259370803833, 0.16305051743984222, 0.26202264428138733, -1.0120611190795898, 0.4530563950538635, 0.2671045660972595, 0.08959275484085083, 0.48502227663993835, -0.5732303857803345, 1.3863710165023804, -1.2905242443084717, 0.511634111404419, 0.1700405478477478, -1.041555643081665, -1.9226032495498657, -1.063690185546875, 1.0778981447219849, 1.6009881496429443, 0.2403896152973175, 0.6494088172912598, 0.3165089786052704, 1.2536338567733765, -0.0722556859254837, -0.5277724862098694, -0.7970744371414185, -0.4211864769458771, 1.257054090499878, 1.8276457786560059, 1.4692999124526978, 1.574762225151062, 0.4097840189933777, -1.0336501598358154, 1.6898167133331299, -1.1756591796875, 0.5145304799079895, 0.8156051635742188, -0.03913019970059395, 0.3024781048297882, 0.6684272885322571, -0.6219815611839294, 0.577441930770874, -0.647178053855896, -2.1208720207214355, 0.6112715005874634, -0.3303818106651306, -1.5784401893615723, -0.6241713762283325, -0.287492573261261, -0.691512405872345, -0.39520126581192017, -0.37222960591316223, 0.442200630903244, -1.94963538646698, -0.28703638911247253, -0.9187591671943665, 0.2843501567840576, -2.126983404159546, 1.4190586805343628, 0.2614476978778839, 0.4985465407371521, -0.5430864691734314, 0.024318218231201172, 1.2918874025344849, -2.091414451599121, 0.2960170805454254, -0.44195184111595154, 2.0914525985717773, 0.7190476655960083, -2.666126251220703, -0.40014562010765076, 1.7515332698822021, 0.14511781930923462, 2.798623561859131, 0.3962603211402893, -0.3419955372810364, 0.8305323123931885, 1.3589210510253906, -1.033337116241455, -1.5315907001495361, 0.15427492558956146, -0.48954132199287415, -0.20621050894260406, 0.5420305728912354, -0.594488263130188, -0.35903769731521606, 1.0840699672698975, -1.9488612413406372, 0.22625480592250824, 0.045658696442842484]",yunet,Facenet,1920,1080,/home/amos/media/tv/modern_family/Modern.Family.S09.1080p.DSNP.WEB-DL.DDP5.1.H.264-CRFW/Modern.Family.S09E17.Royal.Visit.1080p.DSNP.WEB-DL.DDP5.1.H.264-CRFW.mkv,Modern Family,2009,1442437,9,17,Ty Burrell,15232.0,0.683
1103,1308,126,1506,390,1416,216,1338,222,0.912,27792,1,"[-0.5063180923461914, 0.8322774171829224, -0.7054278254508972, -0.8296868801116943, 1.603419303894043, 0.23325693607330322, -0.26617252826690674, 0.8731648325920105, -0.8966348767280579, 0.2697749435901642, 2.2193150520324707, 1.4412766695022583, -0.730384349822998, -1.1616500616073608, 0.7873473167419434, 0.6654173135757446, 0.6222895383834839, -1.1066327095031738, -2.11989688873291, 1.079054355621338, -0.5753762722015381, 0.8034307956695557, 0.537285327911377, 0.009109031409025192, -1.0218250751495361, 1.6937940120697021, -0.9660162925720215, 1.0924930572509766, -0.7295182347297668, -2.778718948364258, 0.40434834361076355, 0.32356277108192444, -0.5268977880477905, -1.561246633529663, 0.5795748233795166, 1.4456199407577515, -0.5151265859603882, 0.6549679636955261, 1.152259111404419, -0.355197012424469, -3.057131767272949, 0.4492409825325012, 0.17351113259792328, -2.0247128009796143, -0.5675373673439026, -0.5139811038970947, -0.44951725006103516, -0.4054379463195801, -1.0852031707763672, 1.0806798934936523, 1.1091424226760864, -2.099050760269165, 0.3570452630519867, 0.047020189464092255, -0.1439821422100067, -0.08649910241365433, 0.7931968569755554, -1.1710710525512695, -0.38570037484169006, -0.282335489988327, -0.7773251533508301, -0.9155471324920654, 0.5168501734733582, -0.5761547684669495, 0.5454130172729492, -1.519338846206665, 0.2710610628128052, 0.431086927652359, 0.9235055446624756, 1.793487310409546, -0.8148545026779175, 1.8235721588134766, -3.3786561489105225, 2.030458688735962, 1.339996576309204, 0.8552200794219971, -0.36279892921447754, -0.2758405804634094, -0.888225257396698, 1.172256588935852, -0.37507233023643494, 0.2554498612880707, -1.9546196460723877, -0.09442604333162308, 0.0927332416176796, 0.7057915925979614, 1.1826404333114624, -0.21787451207637787, -0.7504961490631104, -0.13660408556461334, 0.20391884446144104, -2.4986367225646973, 0.7413226962089539, -0.3637167811393738, -0.026462242007255554, -0.7776222229003906, -0.4544031322002411, 1.4156064987182617, 1.5882964134216309, -1.2858037948608398, -0.6703627109527588, -3.227869987487793, -0.6146012544631958, 0.02066301368176937, 0.6433519721031189, -1.0952695608139038, -0.47391045093536377, -0.9421961307525635, 1.5290305614471436, 1.7974063158035278, 1.814967393875122, -0.19606713950634003, 0.03131537884473801, 1.7168858051300049, 1.2251358032226562, 0.9601353406906128, -0.8011085987091064, -0.045894891023635864, -0.08029443770647049, 1.0025124549865723, 0.015629906207323074, -0.532569169998169, -0.7911789417266846, 0.6089655160903931, -0.713721752166748, -0.4945257306098938, -1.4234423637390137, -0.5427394509315491]",yunet,Facenet,1920,1080,/home/amos/media/tv/modern_family/Modern.Family.S09.1080p.DSNP.WEB-DL.DDP5.1.H.264-CRFW/Modern.Family.S09E17.Royal.Visit.1080p.DSNP.WEB-DL.DDP5.1.H.264-CRFW.mkv,Modern Family,2009,1442437,9,17,Julie Bowen,31171.0,0.694
1104,654,180,942,558,828,330,690,336,0.925,27816,0,"[-0.10875187814235687, -2.0987040996551514, -0.6079172492027283, -0.7732855081558228, 0.2948780357837677, 1.1461268663406372, 0.5165086388587952, 0.8344018459320068, 0.6808766722679138, 0.3967552185058594, -0.024091601371765137, -0.7282312512397766, -1.7124184370040894, 1.2228178977966309, -0.6046756505966187, -1.4893627166748047, -1.0848007202148438, -1.0251226425170898, 1.4125308990478516, -1.4975643157958984, -0.3393775224685669, -1.4539973735809326, -0.0454009547829628, -0.9902331829071045, -0.48320141434669495, 0.06542612612247467, 0.8227585554122925, -2.692321300506592, 0.2853889465332031, -0.2988746166229248, 0.3487904667854309, 0.7263005375862122, 0.2938744127750397, -0.02369311824440956, -1.2075419425964355, 0.9046671390533447, -1.1597378253936768, 1.7370985746383667, 1.2761969566345215, -1.1953959465026855, 1.7366018295288086, 1.0653889179229736, -1.4728891849517822, -1.8464133739471436, 0.6124855875968933, -1.101108431816101, 0.2873137891292572, 1.8261568546295166, 0.8834637999534607, -0.6190264225006104, -0.9981335997581482, 1.6075656414031982, -1.100165605545044, -0.5989221334457397, -0.18986792862415314, -0.5404741168022156, 0.4031520187854767, 2.194319725036621, -0.47156020998954773, 0.4625885784626007, 0.4780704975128174, -1.97853684425354, -0.8813746571540833, 1.2804927825927734, 1.3166142702102661, 0.5431656837463379, 0.28823891282081604, 1.344655990600586, 0.31745031476020813, 0.34112221002578735, -0.1396084576845169, 0.3599776327610016, -1.7604749202728271, 2.1940557956695557, 0.27076244354248047, -0.8687273263931274, -0.7772958278656006, 0.12340089678764343, -1.4954428672790527, 0.8994251489639282, -2.4464669227600098, 0.04997088015079498, 1.6495018005371094, -1.2073456048965454, -1.5731655359268188, 0.49286338686943054, 0.8648080229759216, -0.17925885319709778, -1.6995245218276978, -0.7009120583534241, -0.7156956195831299, 0.6302876472473145, 1.0848848819732666, 1.04771888256073, 0.6051031351089478, 0.17850448191165924, -2.5725948810577393, 2.0040979385375977, -0.17635773122310638, 1.0236485004425049, -1.7926911115646362, -0.8082982897758484, -0.5824597477912903, 0.35037338733673096, 0.2686959207057953, 0.5225279331207275, 0.1687101125717163, 0.19818100333213806, -0.4282158315181732, -0.8049907088279724, -0.6113347411155701, -0.6558528542518616, -0.4930472671985626, -0.5724858641624451, -0.253492146730423, 1.7817059755325317, 0.6947400569915771, -0.3634927272796631, -0.8550066351890564, 1.037316918373108, -1.2474838495254517, 1.554813027381897, -0.6707520484924316, 0.6620978116989136, -1.0341687202453613, 0.3654702603816986, -1.546470046043396, 0.38198819756507874]",yunet,Facenet,1920,1080,/home/amos/media/tv/modern_family/Modern.Family.S09.1080p.DSNP.WEB-DL.DDP5.1.H.264-CRFW/Modern.Family.S09E17.Royal.Visit.1080p.DSNP.WEB-DL.DDP5.1.H.264-CRFW.mkv,Modern Family,2009,1442437,9,17,Chris Geere,62879.0,0.699
1105,726,222,1026,618,924,384,774,384,0.923,27840,0,"[-0.8979628086090088, -1.6258163452148438, -0.2384686917066574, -0.7490001320838928, -0.38501274585723877, 1.2476861476898193, 1.3450294733047485, 0.8579387664794922, 0.2993957996368408, 0.9745095372200012, 1.3353062868118286, -0.5912267565727234, -2.0605597496032715, 0.49244633316993713, -0.8577872514724731, -0.48777806758880615, -1.186336636543274, -0.6529325246810913, 0.034934379160404205, -1.411982774734497, 0.5102468729019165, -1.7272164821624756, -0.7876889705657959, -1.089314579963684, -0.3257499933242798, 0.30808621644973755, 0.7267570495605469, -1.6805720329284668, 0.022040177136659622, -0.7389803528785706, 0.16986298561096191, 1.5569688081741333, -0.06285098940134048, 0.0226849764585495, -0.5019384622573853, 0.016501393169164658, -1.3932315111160278, 0.9113597869873047, 1.4184985160827637, -0.966575026512146, 0.7907521724700928, 1.377508521080017, -1.6944421529769897, -1.8970774412155151, -0.014064587652683258, -1.5570292472839355, 0.11809982359409332, 1.592907428741455, 1.1377601623535156, -0.8098201751708984, -0.8256655335426331, 1.5396015644073486, -0.6406155824661255, -0.2607274651527405, 0.4055732786655426, -0.0568043515086174, 0.8799728155136108, 1.9431766271591187, -0.6374750137329102, -0.033645618706941605, -0.01553288847208023, -1.402632236480713, 0.028171077370643616, 1.7169355154037476, 2.1089906692504883, 0.6193360686302185, 0.4794076085090637, 2.5038347244262695, 0.7717235684394836, 0.15094047784805298, -0.9828974008560181, 0.7657996416091919, -1.7838459014892578, 1.4344319105148315, 0.47699040174484253, -0.799221932888031, -1.0816540718078613, 0.5549455285072327, -1.9470934867858887, 1.311785101890564, -2.1637697219848633, -1.126237392425537, 0.13639968633651733, -1.7800284624099731, -1.5000369548797607, 0.7046973705291748, -0.47043296694755554, -0.09255226701498032, -1.9303715229034424, -0.3143245577812195, 0.34722015261650085, -0.046301305294036865, 1.262099266052246, 1.1952136754989624, 0.8433285355567932, 0.65196293592453, -2.1115188598632812, 1.557344675064087, 0.6706339120864868, 0.5807906985282898, -1.8354402780532837, -0.3062058687210083, -0.6769767999649048, 0.0683613196015358, 0.38906383514404297, 0.4921489953994751, -0.6875752806663513, -0.3859255313873291, -0.7938145995140076, -0.18457873165607452, -0.07920153439044952, -0.016680382192134857, -0.23321637511253357, -0.5426872968673706, -0.20821945369243622, 2.501485824584961, 0.2975912094116211, -0.3792802095413208, -0.7196864485740662, 1.6960622072219849, -1.7270408868789673, 1.1042400598526, 0.14647287130355835, 0.21009410917758942, -0.9309653639793396, 0.1342582404613495, -1.1791863441467285, 0.5098839998245239]",yunet,Facenet,1920,1080,/home/amos/media/tv/modern_family/Modern.Family.S09.1080p.DSNP.WEB-DL.DDP5.1.H.264-CRFW/Modern.Family.S09E17.Royal.Visit.1080p.DSNP.WEB-DL.DDP5.1.H.264-CRFW.mkv,Modern Family,2009,1442437,9,17,Chris Geere,62879.0,0.582
1106,726,240,1014,630,960,408,828,408,0.942,27864,0,"[-0.14121782779693604, -1.0571320056915283, -0.528654932975769, -0.5633372068405151, 0.32021450996398926, 0.6518075466156006, 1.6071910858154297, 0.2834780812263489, 0.6353886127471924, -0.13553424179553986, 1.1113781929016113, -0.4489387273788452, -1.8356025218963623, 0.2181912362575531, -1.2426332235336304, -1.298621654510498, -1.6750773191452026, -1.5514358282089233, -0.5206754803657532, -1.696184515953064, -0.5131115913391113, -1.8488585948944092, -0.1469995379447937, -2.1626269817352295, -1.1067860126495361, -0.29579830169677734, 0.9334630966186523, -2.122706890106201, -0.9047820568084717, 0.26282230019569397, -1.189510703086853, 0.524559736251831, -0.870849072933197, -0.188015878200531, -0.37157315015792847, 0.1921011358499527, -1.4802815914154053, 0.6949098110198975, 2.1149978637695312, -1.2905062437057495, 0.8557155728340149, 0.6802100539207458, -1.9796751737594604, -1.330179214477539, 0.9149688482284546, -2.114969253540039, -0.5300702452659607, 2.4476161003112793, 0.5830482840538025, -0.5712878704071045, -0.5291419625282288, 1.0565557479858398, -0.18665945529937744, -0.4214845299720764, -0.1350444108247757, -0.9853038191795349, 1.3302206993103027, 1.3382422924041748, -1.022227168083191, -0.14754700660705566, -0.7155361771583557, -1.6626930236816406, -0.2543392479419708, 0.6340119242668152, 1.3118287324905396, 1.0762262344360352, -0.6746506690979004, 1.0997146368026733, -0.3638945519924164, -0.01957828737795353, -0.6292389631271362, 0.7441903352737427, -2.2251436710357666, 1.2317698001861572, 0.30928048491477966, -0.6736605167388916, -1.0075743198394775, 1.253866195678711, -0.4120682179927826, 0.09485740959644318, -1.6185882091522217, -0.3478850722312927, -0.0550764724612236, -1.9320248365402222, -1.0364577770233154, -0.13050170242786407, 0.09181103855371475, -0.3477228879928589, -1.6932424306869507, -0.4934968054294586, 0.1308281272649765, 0.7169957756996155, 1.3648672103881836, 1.0927155017852783, 0.40480831265449524, 1.1870732307434082, -1.5542521476745605, 1.3142178058624268, -1.0396013259887695, 0.1353333741426468, -0.9807065725326538, -1.7766002416610718, -0.5192059278488159, 0.3244802951812744, 0.5040590763092041, 0.8619291186332703, 0.20027698576450348, -1.1149886846542358, -1.1054285764694214, 0.33768343925476074, 0.7639467716217041, -0.24319930374622345, -0.0692404955625534, -0.5834548473358154, -0.3638978600502014, 2.2866430282592773, -0.5764390230178833, 0.0917605608701706, -0.5997425317764282, 1.8020927906036377, -2.0569164752960205, 0.720348596572876, 0.21624581515789032, 0.5592136979103088, -1.050475835800171, 0.5040409564971924, -1.408154845237732, -0.1406998336315155]",yunet,Facenet,1920,1080,/home/amos/media/tv/modern_family/Modern.Family.S09.1080p.DSNP.WEB-DL.DDP5.1.H.264-CRFW/Modern.Family.S09E17.Royal.Visit.1080p.DSNP.WEB-DL.DDP5.1.H.264-CRFW.mkv,Modern Family,2009,1442437,9,17,Chris Geere,62879.0,0.702
1107,870,408,1080,690,996,528,906,528,0.926,27888,0,"[0.3574480712413788, 0.5938504934310913, 0.8237692713737488, 0.31248340010643005, -0.33639079332351685, 0.051943711936473846, -0.6472477912902832, 0.7750367522239685, 0.06695014238357544, 0.4641718864440918, -0.33907172083854675, 1.769643783569336, 1.3623149394989014, -0.2238653600215912, -1.233052372932434, 0.2759108543395996, 0.47961869835853577, 0.17435821890830994, -0.12562160193920135, 1.0187660455703735, -1.2942185401916504, 1.1766467094421387, 0.1867130994796753, 0.7947431206703186, -0.6584653258323669, 1.0767143964767456, -2.4697611331939697, 1.9890254735946655, 0.8565956354141235, -1.900496006011963, -0.12347190082073212, -1.2871818542480469, -0.4905550479888916, -1.3550056219100952, 1.101994276046753, -0.305652379989624, 0.7755194902420044, 0.919568657875061, 0.7867907881736755, 1.1449859142303467, 0.5038221478462219, 0.5774311423301697, -0.6759393215179443, 0.15566731989383698, -0.16608332097530365, 0.28690263628959656, 0.8469485640525818, -0.6786583662033081, 0.7966203093528748, -1.5984495878219604, 0.5557669401168823, -0.11361171305179596, -0.9620604515075684, -1.6810131072998047, -0.31652742624282837, 0.7796947360038757, 1.3246243000030518, 0.9587397575378418, 0.8894437551498413, 0.36162641644477844, 1.701324462890625, -0.5134929418563843, -0.7663412690162659, -0.6715957522392273, -0.14449593424797058, 1.3229701519012451, 1.7377313375473022, 1.7227919101715088, 1.7371289730072021, 0.4686403274536133, -0.9072976112365723, 1.9198336601257324, -0.8961362838745117, 0.7814974784851074, 0.745360255241394, 0.2090124487876892, 0.17301669716835022, 0.9981122016906738, -0.09414134174585342, 0.27148938179016113, -0.6648962497711182, -2.054915428161621, 0.7387242913246155, -0.7687345147132874, -2.2895145416259766, -0.6389977931976318, 0.009956486523151398, -0.8787152171134949, -0.6854370832443237, -0.05120811238884926, 0.5690049529075623, -2.2409958839416504, -0.9000319242477417, -1.3968079090118408, 0.4469206631183624, -1.7489060163497925, 1.282536268234253, 0.3123341500759125, 1.0218784809112549, -0.34182173013687134, -0.4868847727775574, 1.9601502418518066, -2.0721473693847656, 0.26835981011390686, -0.7356860637664795, 1.8221391439437866, 0.572892427444458, -2.5073652267456055, -0.2759432792663574, 1.1449121236801147, -0.049870945513248444, 2.895477056503296, 0.3571467995643616, -1.0003716945648193, 0.5124714970588684, 1.6911838054656982, -0.9047002792358398, -1.2246752977371216, 0.11811861395835876, -0.7846048474311829, -0.6506847739219666, 0.6478322744369507, -0.14197301864624023, -0.6490015983581543, 1.0526889562606812, -1.6103179454803467, 0.21787667274475098, -0.5663661360740662]",yunet,Facenet,1920,1080,/home/amos/media/tv/modern_family/Modern.Family.S09.1080p.DSNP.WEB-DL.DDP5.1.H.264-CRFW/Modern.Family.S09E17.Royal.Visit.1080p.DSNP.WEB-DL.DDP5.1.H.264-CRFW.mkv,Modern Family,2009,1442437,9,17,Ty Burrell,15232.0,0.727
1108,1338,144,1524,396,1452,234,1374,234,0.918,27888,1,"[-0.2296774983406067, 1.2938039302825928, -1.215767502784729, -0.790876567363739, 1.0378613471984863, -0.9709277749061584, -0.34334099292755127, 1.0863856077194214, -1.5051517486572266, -0.23429954051971436, 2.474395990371704, 0.6844348311424255, 0.14708492159843445, -1.156407356262207, 1.3548955917358398, 0.19045650959014893, 1.2193809747695923, -1.1630241870880127, -2.3295133113861084, 0.722237229347229, -0.24229490756988525, 0.4093475937843323, 0.31835034489631653, 0.9410945177078247, -1.1261740922927856, 1.4414175748825073, -1.5602277517318726, 1.3848598003387451, -0.1622878611087799, -3.366849422454834, 0.773605465888977, 0.5297749042510986, -0.7609246373176575, -0.3196920156478882, 0.28095510601997375, 0.5286052227020264, -0.5539228916168213, 0.4251956343650818, 1.9984135627746582, -0.6168855428695679, -2.8391473293304443, 1.123339295387268, 0.822745680809021, -2.1781082153320312, -0.40401601791381836, -0.041838519275188446, 0.5655451416969299, -0.24036583304405212, -0.5926989912986755, 1.2798261642456055, 0.4368305206298828, -1.5598440170288086, -0.641924262046814, 0.45677733421325684, -0.21228249371051788, 1.0122251510620117, 1.248458743095398, -0.9139150977134705, -0.5899842977523804, 0.4699030816555023, -1.043944001197815, -0.9136608839035034, 0.42421314120292664, 0.4080753028392792, 0.6222307085990906, -1.9624402523040771, -0.464724063873291, -0.6187455654144287, 0.6137636303901672, 0.6658095121383667, -1.243673324584961, 2.1676106452941895, -2.778237819671631, 1.846816062927246, 0.8091228604316711, 0.19560880959033966, -0.9301403760910034, -1.0188769102096558, -0.8390111923217773, 0.17970319092273712, -0.0938667505979538, -0.0022934135049581528, -1.3081910610198975, -0.6048116683959961, 0.5327703356742859, 0.63200843334198, 1.0869947671890259, -0.000759422779083252, -1.0119664669036865, -0.3055599331855774, 0.21225625276565552, -1.2620164155960083, 0.5702667832374573, -0.5321172475814819, 1.1495554447174072, -0.8631024360656738, -0.5236315131187439, 0.9701458811759949, 1.2353627681732178, -2.069304943084717, -0.4929761290550232, -2.7169017791748047, -0.36728405952453613, 0.5796995162963867, 1.363967776298523, -0.9565311074256897, 0.0609758235514164, -0.7560174465179443, 0.7681451439857483, 0.7041112184524536, 1.608030915260315, -0.5987961888313293, -0.2055569887161255, 1.920064926147461, 0.6657778024673462, 0.47943153977394104, -0.112873874604702, 0.2922091484069824, 0.3799210786819458, 1.2865581512451172, -0.6417170166969299, 0.1089310348033905, -0.20385585725307465, 0.6932192444801331, -1.7127653360366821, -0.629683256149292, -1.6715986728668213, -1.1263978481292725]",yunet,Facenet,1920,1080,/home/amos/media/tv/modern_family/Modern.Family.S09.1080p.DSNP.WEB-DL.DDP5.1.H.264-CRFW/Modern.Family.S09E17.Royal.Visit.1080p.DSNP.WEB-DL.DDP5.1.H.264-CRFW.mkv,Modern Family,2009,1442437,9,17,Julie Bowen,31171.0,0.607
1109,876,420,1092,714,996,546,912,540,0.925,27912,0,"[0.8479690551757812, 1.0078212022781372, 0.9470604658126831, 0.026084206998348236, 0.45124351978302, 0.1433274745941162, -0.7774780988693237, 0.9204971790313721, 0.26811110973358154, 0.6294394731521606, 0.1526053547859192, 1.6487219333648682, 1.3381422758102417, -0.4111585319042206, -1.0016695261001587, 0.701154887676239, 0.6298744678497314, 0.1904761791229248, -0.17036008834838867, 1.47207772731781, -0.485716313123703, 1.741574764251709, 0.039059676229953766, 0.20102393627166748, -0.4415130317211151, 0.9502092599868774, -2.684623956680298, 2.1809511184692383, 0.5169007182121277, -1.6282614469528198, -0.15783672034740448, -1.300067663192749, -0.3456483483314514, -1.4481652975082397, 1.3231568336486816, -0.006273653358221054, 0.8250689506530762, 0.47503817081451416, 0.19260181486606598, 0.862899899482727, 0.32458579540252686, 0.3302827477455139, -0.8659228086471558, 0.2293873131275177, -0.27757924795150757, 0.056075569242239, 0.6204217672348022, -0.7222142219543457, 0.898293137550354, -1.289754867553711, 0.8635358810424805, -0.14436419308185577, -1.2218317985534668, -2.219841241836548, -0.36095935106277466, 0.7103497982025146, 1.5179954767227173, 0.2210177779197693, 0.956591784954071, 0.2383331060409546, 1.5001591444015503, -0.18305298686027527, -0.3042505085468292, -0.8841511011123657, -0.4172716736793518, 0.5948272347450256, 1.6841392517089844, 1.1143652200698853, 1.8695141077041626, 0.4308493733406067, -0.7870514988899231, 1.406687617301941, -1.2472381591796875, 0.6854365468025208, 0.7726495862007141, 0.21523192524909973, 0.3976220190525055, 0.5373603105545044, -0.3003324568271637, 0.2637363076210022, -0.5096518397331238, -2.0582473278045654, 0.8136923313140869, -0.25803422927856445, -1.4229580163955688, -0.8783086538314819, 0.1366153061389923, -0.7176907062530518, 0.12906131148338318, 0.0855010598897934, -0.16731920838356018, -1.849819540977478, -0.48577338457107544, -0.8766903281211853, 0.32613009214401245, -2.110546350479126, 1.576449990272522, -0.10204597562551498, 0.9339982271194458, -0.18535226583480835, 0.10136458277702332, 1.6108781099319458, -2.3306236267089844, -0.40016108751296997, -0.4927162230014801, 1.7729498147964478, 0.6963294148445129, -2.1316006183624268, -0.03824878856539726, 1.6954206228256226, 0.03503335267305374, 2.865690231323242, 0.26066988706588745, -0.6854933500289917, 1.142548680305481, 1.3065054416656494, -0.479769229888916, -1.2086478471755981, 0.1400778591632843, -1.0317423343658447, -0.05598415434360504, 0.8531489372253418, -0.6230262517929077, -0.18564698100090027, 1.302416443824768, -1.8716257810592651, -0.47701966762542725, -0.462186336517334]",yunet,Facenet,1920,1080,/home/amos/media/tv/modern_family/Modern.Family.S09.1080p.DSNP.WEB-DL.DDP5.1.H.264-CRFW/Modern.Family.S09E17.Royal.Visit.1080p.DSNP.WEB-DL.DDP5.1.H.264-CRFW.mkv,Modern Family,2009,1442437,9,17,Ty Burrell,15232.0,0.691
1110,1344,144,1530,396,1452,240,1374,240,0.912,27912,1,"[0.0760563313961029, 1.539241909980774, -1.868984580039978, -0.2271340787410736, 1.475008487701416, -0.6652130484580994, -0.7451813817024231, 1.4096242189407349, -0.4820815622806549, -0.33973148465156555, 2.1536643505096436, 0.8268182277679443, 0.017572812736034393, -0.7206679582595825, 1.0662082433700562, 0.44134169816970825, 0.5866657495498657, -0.6710342764854431, -2.2592523097991943, 0.7686892747879028, -0.970501184463501, 0.9717413187026978, 0.6199911236763, 1.0777249336242676, -0.49114733934402466, 1.1784168481826782, -1.998255729675293, 1.2223159074783325, -0.08923646807670593, -2.6714890003204346, 0.8260284662246704, 0.18749408423900604, -1.4734476804733276, 0.05174300819635391, 0.05896267294883728, 0.5928189158439636, 0.20288139581680298, 1.0480446815490723, 1.3123376369476318, -0.26667678356170654, -1.8998658657073975, 1.2844043970108032, 1.316370964050293, -1.4257616996765137, -1.1688339710235596, 0.20129698514938354, 0.5085415244102478, -1.3543518781661987, -0.45061177015304565, 1.9069381952285767, 0.2859632670879364, -2.0363364219665527, -0.21292880177497864, 0.5115677714347839, -0.5937077403068542, 0.35825735330581665, 0.5719581246376038, -1.270330548286438, -0.9148170351982117, 0.4404465854167938, -0.6590864658355713, -0.18157881498336792, -0.16206666827201843, 0.11478468775749207, 0.5946991443634033, -1.6098607778549194, -1.07589590549469, 0.18081891536712646, 0.8156251907348633, 0.5688109397888184, -0.3299385905265808, 2.5337417125701904, -2.7982892990112305, 1.8841451406478882, 1.1593592166900635, 0.6988052725791931, -0.2874998450279236, -0.3012014925479889, -0.7073572278022766, 0.6212215423583984, -0.30551043152809143, 0.010368498042225838, -0.6204178929328918, -0.5304116010665894, 0.2772197723388672, 0.5610424280166626, 1.059771180152893, 0.3669360876083374, -0.9804534912109375, -0.3370548188686371, 0.5988698601722717, -2.227989435195923, -0.02863597869873047, -0.6534093618392944, 0.9501963257789612, -0.8723081350326538, -0.7025031447410583, 1.3519340753555298, 1.3284904956817627, -2.0616416931152344, -0.5040695667266846, -1.8185603618621826, -0.805236279964447, -0.20843307673931122, 0.8932431936264038, -0.8639653325080872, 0.39964786171913147, -0.9891114234924316, 0.33810457587242126, 0.48292359709739685, 2.0451431274414062, -0.1425270438194275, -0.12110389769077301, 1.1966431140899658, 0.6699035167694092, 0.6261173486709595, -0.12429714947938919, -0.16885840892791748, 0.07131947576999664, 1.1164311170578003, -0.06412334740161896, -0.18753929436206818, 0.18779289722442627, 0.19355656206607819, -1.805783748626709, -1.3739509582519531, -1.868851661682129, -0.5308333039283752]",yunet,Facenet,1920,1080,/home/amos/media/tv/modern_family/Modern.Family.S09.1080p.DSNP.WEB-DL.DDP5.1.H.264-CRFW/Modern.Family.S09E17.Royal.Visit.1080p.DSNP.WEB-DL.DDP5.1.H.264-CRFW.mkv,Modern Family,2009,1442437,9,17,Julie Bowen,31171.0,0.576
1111,864,402,1092,714,996,540,900,534,0.931,27936,0,"[0.3873623013496399, 0.9345228672027588, 1.4209331274032593, -0.43995219469070435, -0.3252732455730438, -0.20584900677204132, -0.7011813521385193, 0.45157772302627563, 0.2989722490310669, 0.24192124605178833, -0.4614388346672058, 1.505861520767212, 1.3543713092803955, -0.5996118783950806, -1.0706536769866943, 0.5375277996063232, 0.4618343114852905, 0.14779144525527954, 0.030652275308966637, 1.310947299003601, -0.7954103946685791, 2.0787930488586426, 0.2002633810043335, 0.23345553874969482, -0.47622421383857727, 1.1415925025939941, -2.660322904586792, 2.0875678062438965, 0.9166600108146667, -1.751654028892517, -0.6046658754348755, -1.5654709339141846, -0.1764056384563446, -0.9479666352272034, 0.913490891456604, -0.21739599108695984, 1.4795700311660767, 0.5585328936576843, 0.6860684752464294, 0.2674289643764496, -0.4583694636821747, 0.41137969493865967, -1.2728720903396606, 0.36635226011276245, -0.49808797240257263, 0.6017846465110779, 0.18268516659736633, -0.7904782295227051, 0.262195885181427, -1.1357150077819824, 0.8189403414726257, -0.32647374272346497, -1.6969634294509888, -1.749306559562683, -0.6627177596092224, 0.41057088971138, 0.998676061630249, 0.5629348158836365, 0.583331286907196, 0.18139711022377014, 1.4927338361740112, -0.4497426748275757, -0.8936843276023865, -0.7349154949188232, -0.5464915037155151, 1.4445645809173584, 1.464442491531372, 1.1691714525222778, 1.8849248886108398, 0.06944406777620316, -0.7732875347137451, 1.1217669248580933, -0.9512577652931213, -0.044743482023477554, 1.0964868068695068, 0.859025239944458, 0.0035630986094474792, 0.4206327795982361, 0.16606047749519348, 0.32095152139663696, -0.7216454148292542, -1.7379769086837769, 0.1359916627407074, 0.15085071325302124, -1.6135808229446411, -0.9124628305435181, 0.27800726890563965, -0.6688718199729919, -0.4779580235481262, 0.13520219922065735, 0.4286635220050812, -2.0214250087738037, -0.4350196421146393, -1.4252489805221558, 0.07069194316864014, -1.6350977420806885, 1.1080180406570435, 0.1233835220336914, 0.7333828806877136, -0.8972437977790833, 0.3506854772567749, 1.6791282892227173, -1.9343994855880737, -0.2287861406803131, -1.0487812757492065, 2.088456392288208, 0.14775776863098145, -2.8667404651641846, -0.21984530985355377, 1.2487961053848267, 0.06105950474739075, 2.1200575828552246, 0.10960295796394348, -0.7441542148590088, 1.4074236154556274, 1.7203370332717896, -1.087838053703308, -1.3915519714355469, -0.054964326322078705, -0.24273988604545593, -0.4304116368293762, 0.7404224872589111, -0.6158801913261414, -0.10513139516115189, 1.2981899976730347, -1.8094696998596191, 0.33322790265083313, -0.15927359461784363]",yunet,Facenet,1920,1080,/home/amos/media/tv/modern_family/Modern.Family.S09.1080p.DSNP.WEB-DL.DDP5.1.H.264-CRFW/Modern.Family.S09E17.Royal.Visit.1080p.DSNP.WEB-DL.DDP5.1.H.264-CRFW.mkv,Modern Family,2009,1442437,9,17,Ty Burrell,15232.0,0.724
1112,1362,132,1560,390,1476,228,1398,228,0.91,27936,1,"[-0.17323040962219238, 1.0888434648513794, -1.466214656829834, -0.6098811626434326, 1.5530871152877808, -0.4256243109703064, -0.646879255771637, 1.6789846420288086, -1.0902330875396729, 0.19462138414382935, 2.6124730110168457, 1.3677854537963867, -0.2426093965768814, -0.7297663688659668, 1.0368856191635132, 0.6719439625740051, 0.6378220319747925, -0.9051296710968018, -1.7734320163726807, 0.7107006311416626, -0.8775653839111328, 0.4221304953098297, 0.7855702638626099, 1.2131856679916382, -0.5148122906684875, 1.158787488937378, -1.4930675029754639, 0.8054101467132568, -0.40164297819137573, -2.938676595687866, 1.3491199016571045, 0.48843514919281006, -1.3395161628723145, 0.12660551071166992, -0.19701258838176727, 0.6107835173606873, 0.536908745765686, 0.7725270986557007, 1.0639569759368896, -0.10744422674179077, -2.1232223510742188, 1.3187278509140015, 1.1397117376327515, -1.1795852184295654, -1.0375862121582031, 0.0975380390882492, 0.2502167820930481, -0.837516188621521, -0.20902378857135773, 1.7676775455474854, 0.2215912789106369, -1.948108196258545, -0.18342989683151245, 0.949234127998352, -0.39705774188041687, 0.05491071194410324, 0.502060055732727, -1.0082486867904663, -0.8204004168510437, -0.22797265648841858, -0.9379847049713135, -0.23297113180160522, 0.3016960620880127, -0.026834916323423386, 0.41816583275794983, -1.7337987422943115, -1.0681673288345337, 0.6121813654899597, 0.4154917001724243, 0.9694124460220337, -0.8472033739089966, 2.5241775512695312, -3.106613874435425, 2.417747735977173, 0.7588669657707214, 0.48561620712280273, -0.6329420804977417, -0.07834117114543915, -1.2456787824630737, 0.8420077562332153, -0.7958956360816956, -0.1719823032617569, -1.3613325357437134, -0.710634171962738, 0.2968674600124359, 0.7159450054168701, 0.7012979984283447, 0.601589560508728, -1.1528373956680298, -0.19864943623542786, 0.5093270540237427, -2.5987470149993896, 0.3998778164386749, -0.6471891403198242, 1.234643578529358, -0.8634331226348877, -0.23784317076206207, 1.4049969911575317, 1.9984314441680908, -1.8467326164245605, -0.8542425632476807, -2.111147880554199, -0.5623133778572083, -0.3687240183353424, 0.6001557111740112, -0.6379408836364746, -0.03761401027441025, -0.4546644389629364, 0.48730069398880005, 0.502420961856842, 1.633144497871399, -0.2651394009590149, 0.4284500479698181, 0.5240060091018677, 0.8201090693473816, 1.1988866329193115, -0.06258939206600189, -0.6848935484886169, -0.01926158368587494, 0.7427882552146912, -0.5621047019958496, -0.5428309440612793, 0.11584556847810745, 0.21024397015571594, -1.255735993385315, -1.565874457359314, -1.9852261543273926, -0.36962807178497314]",yunet,Facenet,1920,1080,/home/amos/media/tv/modern_family/Modern.Family.S09.1080p.DSNP.WEB-DL.DDP5.1.H.264-CRFW/Modern.Family.S09E17.Royal.Visit.1080p.DSNP.WEB-DL.DDP5.1.H.264-CRFW.mkv,Modern Family,2009,1442437,9,17,Julie Bowen,31171.0,0.612
1113,882,426,1092,714,996,546,906,546,0.926,27960,0,"[0.5894073247909546, 1.0938001871109009, 0.8095584511756897, 0.23227858543395996, -0.6004942059516907, -0.3052271604537964, -0.8749081492424011, 0.5437465906143188, 0.5503212213516235, 0.6889930963516235, -0.31960198283195496, 1.4141401052474976, 1.294379472732544, -0.8998878002166748, -0.8443918228149414, 0.6982455849647522, 0.5650491118431091, 0.5176817178726196, 0.0737902969121933, 1.4268550872802734, -0.7078261375427246, 1.41547691822052, 0.291198194026947, 0.9860468506813049, -0.19916220009326935, 0.5058477520942688, -2.726895809173584, 2.1289310455322266, 0.4104495048522949, -1.537714958190918, -0.6448277235031128, -1.6726714372634888, -0.8899081349372864, -0.3170510530471802, 1.0426946878433228, 0.0767044723033905, 0.3157321810722351, 0.8708087205886841, 0.8191691637039185, 1.1408467292785645, 0.48889490962028503, 0.6452655792236328, -0.5880035161972046, 0.6792677640914917, -0.2108595222234726, 0.5296971797943115, 0.8229315280914307, -0.5928328037261963, 0.6020688414573669, -1.41472327709198, 0.42793428897857666, 0.038985706865787506, -1.1381698846817017, -1.3685574531555176, -0.592126727104187, 0.19474594295024872, 1.331735372543335, 0.7953864932060242, 0.04602248966693878, 0.40250563621520996, 1.870085597038269, -0.32036399841308594, -1.4747496843338013, -0.9073234796524048, 0.682888925075531, 0.8163447976112366, 1.6044279336929321, 1.0358303785324097, 1.205440640449524, 0.050203993916511536, -0.48686811327934265, 1.4579106569290161, -0.6044230461120605, 0.20857049524784088, 1.0700339078903198, 0.13458091020584106, 0.32329967617988586, 0.9093630313873291, 0.07455909997224808, 0.40513646602630615, -0.19847849011421204, -2.1594371795654297, 1.4067339897155762, -0.651675820350647, -2.0531249046325684, -0.33182406425476074, 0.044796641916036606, -0.6722886562347412, -0.7292224168777466, -0.027173668146133423, 0.8248395919799805, -1.5986536741256714, -0.7338429093360901, -0.8593966364860535, 0.7003902792930603, -2.004603147506714, 0.8387035131454468, 0.09066342562437057, 0.21624520421028137, -0.13976635038852692, 0.38822007179260254, 2.21270751953125, -2.5995092391967773, 0.029350800439715385, -1.1236027479171753, 1.6597555875778198, 0.26868894696235657, -2.4025638103485107, -0.5802680253982544, 0.8131704926490784, -0.36390185356140137, 2.6661689281463623, 0.28311270475387573, -0.8868019580841064, 0.5315685272216797, 1.1603821516036987, -0.9402177333831787, -1.272100567817688, 0.5500253438949585, -0.4011458456516266, -0.48232948780059814, 0.5554293394088745, -0.4011878967285156, -0.9276829361915588, 1.2766042947769165, -2.1026158332824707, 0.5180387496948242, -0.22483204305171967]",yunet,Facenet,1920,1080,/home/amos/media/tv/modern_family/Modern.Family.S09.1080p.DSNP.WEB-DL.DDP5.1.H.264-CRFW/Modern.Family.S09E17.Royal.Visit.1080p.DSNP.WEB-DL.DDP5.1.H.264-CRFW.mkv,Modern Family,2009,1442437,9,17,Ty Burrell,15232.0,0.672
1114,1374,120,1584,402,1494,222,1404,222,0.909,27960,1,"[0.044250428676605225, 1.367900013923645, -1.640328049659729, -0.10387825965881348, 1.3494662046432495, -0.6451626420021057, 0.0366467721760273, 1.207939863204956, -0.9112736582756042, -0.030781788751482964, 2.31597638130188, 0.5932051539421082, -0.05131912976503372, -0.3962092101573944, 0.9280458688735962, 0.6721506714820862, 0.6001129150390625, -0.5845853686332703, -1.714746117591858, 1.3479180335998535, -0.7771879434585571, 0.82929927110672, 0.607443630695343, 1.4155669212341309, -0.9007965326309204, 1.6859047412872314, -1.7710174322128296, 0.27799832820892334, -0.09360851347446442, -2.5052907466888428, 1.0175541639328003, 0.5341867208480835, -1.7507108449935913, 0.7827279567718506, -0.029790150001645088, 0.7849405407905579, -0.0036636702716350555, 0.9609763622283936, 1.5394668579101562, -0.4135167598724365, -1.7668862342834473, 1.5713047981262207, 1.2140973806381226, -1.3355090618133545, -1.437166690826416, -0.14934900403022766, 0.5837433338165283, -1.1240471601486206, -0.9803568720817566, 1.8416718244552612, 0.49708735942840576, -1.984159231185913, -0.5450719594955444, 0.9083265066146851, -0.9893163442611694, 0.24374926090240479, 0.8339729905128479, -1.096911907196045, -1.1501977443695068, 0.1917995810508728, -0.9985131025314331, -0.2730475664138794, -0.03866645321249962, 0.09019389748573303, 0.6304444670677185, -2.078655481338501, -0.7301207780838013, 0.43726983666419983, 0.6404097676277161, 1.371838092803955, -0.17143891751766205, 2.482189655303955, -2.654837131500244, 2.2669503688812256, 1.1175068616867065, 0.6494475603103638, -0.3373912274837494, -0.5977224111557007, -1.4830843210220337, 0.40507185459136963, -0.3331702649593353, -0.3548095226287842, -1.1176362037658691, -0.6923654675483704, 0.48152053356170654, 0.9104598760604858, 1.3457860946655273, 0.3446837067604065, -1.1680989265441895, -0.467753142118454, 0.39291104674339294, -2.1333274841308594, 0.2564316689968109, -0.5586622357368469, 0.7805894613265991, -1.1907531023025513, -0.2960887849330902, 1.1659339666366577, 1.601038932800293, -2.132228374481201, -0.8863374590873718, -1.5236402750015259, -0.8890805244445801, -0.5038775205612183, 1.1159896850585938, -1.036516785621643, 0.22724314033985138, -0.9240550994873047, 0.3306737542152405, 0.38136377930641174, 1.958261251449585, 0.0672336146235466, 0.13803578913211823, 1.0435926914215088, 0.5649187564849854, 0.6644328832626343, -0.29718202352523804, -0.4742093086242676, -0.09803307801485062, 1.2455586194992065, -0.4303181767463684, -0.018029674887657166, 0.2286791056394577, 0.058444201946258545, -1.574264407157898, -1.4713804721832275, -1.9970556497573853, -0.18290075659751892]",yunet,Facenet,1920,1080,/home/amos/media/tv/modern_family/Modern.Family.S09.1080p.DSNP.WEB-DL.DDP5.1.H.264-CRFW/Modern.Family.S09E17.Royal.Visit.1080p.DSNP.WEB-DL.DDP5.1.H.264-CRFW.mkv,Modern Family,2009,1442437,9,17,Julie Bowen,31171.0,0.551
1115,636,306,924,684,870,450,750,450,0.93,27984,0,"[0.7358556985855103, -0.8130700588226318, -1.0490041971206665, -0.5255900025367737, -0.01691347546875477, 0.5136170983314514, 0.7736319303512573, 1.043324589729309, 0.3942953050136566, -0.1715053766965866, 1.8333709239959717, 0.09185762703418732, -1.6532021760940552, -0.2281879037618637, -0.9570976495742798, -1.3557581901550293, 0.659661054611206, -0.7906692624092102, 0.5454422235488892, -0.17996831238269806, 0.06879924237728119, -2.193840503692627, 0.5484371185302734, -2.226548194885254, -0.8179358839988708, -0.03090069442987442, -0.02011074684560299, -1.6893284320831299, -0.1946490854024887, -0.046652212738990784, -1.2712821960449219, 0.9155204892158508, -0.9461712837219238, 0.11833611875772476, -0.15773485600948334, 0.5174161195755005, -0.2967976927757263, 1.3666435480117798, 1.0309734344482422, -1.5437246561050415, -0.3992256224155426, 1.992639422416687, -1.9795089960098267, -1.1520448923110962, 0.30873599648475647, -2.1598076820373535, -0.717727541923523, 2.8539648056030273, 1.320992112159729, 0.39354729652404785, 1.0218373537063599, 0.46370935440063477, -0.08420062810182571, -0.2812960147857666, 0.5199645161628723, -0.7103342413902283, 1.345276117324829, 1.7931333780288696, -0.7367983460426331, -0.04476317763328552, -1.6583713293075562, -0.9344735145568848, 0.7296978831291199, 0.8329854607582092, 1.5725324153900146, 0.8742408752441406, -0.4137642979621887, 0.9123247265815735, 0.24019768834114075, 0.2041872888803482, -0.3956874907016754, 0.4892224967479706, -3.0922183990478516, 2.001758337020874, -0.21952518820762634, -0.39344269037246704, -1.835655689239502, -0.15704184770584106, -1.0407252311706543, -0.6978194117546082, -1.4320452213287354, -0.08187094330787659, -0.10608603060245514, -2.2058844566345215, -0.9231176376342773, 0.3951953649520874, -0.19250942766666412, -0.02757038176059723, -1.576187014579773, -0.4138193130493164, -0.25144022703170776, 1.2577379941940308, 0.8947867751121521, 1.4222596883773804, -0.4242851138114929, 1.2421162128448486, -0.7664229869842529, -0.001138078048825264, -0.6432992219924927, 0.3790639042854309, -0.7922160625457764, -1.6682286262512207, -0.3992884159088135, -0.48153018951416016, -0.2938089668750763, 0.8999052047729492, 0.2294231355190277, -1.2521252632141113, 0.21258115768432617, 0.0035960841923952103, -0.20163403451442719, -0.39136701822280884, -0.3210641145706177, -0.44438207149505615, 0.2868659496307373, 1.3293185234069824, -0.5120716094970703, -0.905249834060669, 0.36333146691322327, 1.1865640878677368, -1.886626958847046, 0.38872820138931274, -0.1370057463645935, -0.48854637145996094, -1.05990469455719, 1.0345091819763184, -0.9339412450790405, -1.4518542289733887]",yunet,Facenet,1920,1080,/home/amos/media/tv/modern_family/Modern.Family.S09.1080p.DSNP.WEB-DL.DDP5.1.H.264-CRFW/Modern.Family.S09E17.Royal.Visit.1080p.DSNP.WEB-DL.DDP5.1.H.264-CRFW.mkv,Modern Family,2009,1442437,9,17,Chris Geere,62879.0,0.621
1116,840,414,1056,708,966,540,882,534,0.905,28008,0,"[0.9219759702682495, 1.204806923866272, 0.21931739151477814, 0.17084786295890808, -0.28579646348953247, 1.1253613233566284, -1.1428468227386475, 1.2141377925872803, 0.13871309161186218, -0.0706997811794281, -0.009604047983884811, 1.4133217334747314, 0.7095001339912415, -0.4972865879535675, -0.8535176515579224, -0.4552255868911743, 0.6497387886047363, 0.07585901021957397, -0.48964589834213257, 1.5342315435409546, -0.6056370735168457, 1.109668254852295, 0.6455143094062805, 0.5465201735496521, -1.1548329591751099, 0.1486794501543045, -2.963757038116455, 2.621675968170166, 0.8851427435874939, -1.8101191520690918, -0.9663254022598267, -0.8834242820739746, -1.402549386024475, -0.20532658696174622, 0.7570489048957825, -0.20424304902553558, -0.7600895762443542, 0.13244330883026123, -0.03002205491065979, 0.36941593885421753, 0.6632166504859924, -0.45525166392326355, -1.2955782413482666, 0.22284060716629028, -0.17848645150661469, -0.35542580485343933, 1.6990381479263306, -0.7019311189651489, 0.457879900932312, -1.7441805601119995, 1.002631425857544, -0.09280100464820862, -0.5521771907806396, -1.894372820854187, -0.1654120236635208, 0.9664044976234436, 0.7706992626190186, 0.0803924947977066, -0.11178876459598541, 0.09633553773164749, 0.8430142998695374, -0.37563663721084595, -0.225458025932312, -0.48344752192497253, 0.020896218717098236, 0.8220534324645996, 1.7103346586227417, 1.2316663265228271, 1.792188286781311, -0.44150087237358093, -0.9222715497016907, 1.7632780075073242, -0.5751727819442749, 1.05950129032135, 0.6084786057472229, 1.177077054977417, 0.02401798963546753, 0.43138158321380615, 0.09654594212770462, 0.2698308825492859, -0.4788359999656677, -1.4004212617874146, 0.6824375987052917, -0.8685101866722107, -0.9989044666290283, -1.0862784385681152, 0.27450042963027954, -0.8178816437721252, 0.6167097091674805, 0.005245912820100784, 0.4106283187866211, -1.8538424968719482, -1.0937856435775757, -0.1352788209915161, 1.1980282068252563, -2.057431697845459, 1.3771759271621704, -0.02653849683701992, 0.9567307829856873, -0.15562944114208221, 0.4508312940597534, 1.3951398134231567, -2.4724936485290527, 1.3389627933502197, -0.6101784706115723, 1.8497921228408813, 1.1716324090957642, -2.1959714889526367, -0.01296212151646614, 0.7217705845832825, -0.062455564737319946, 3.3785781860351562, -0.4510931074619293, -0.7415376901626587, 0.4863387942314148, 1.2494181394577026, -0.8162678480148315, -1.048953652381897, 0.17240388691425323, -1.1058317422866821, -0.6696980595588684, 2.0341551303863525, -0.32507652044296265, -0.42751064896583557, 0.6326166987419128, -1.191509485244751, -0.33741554617881775, -0.7934750914573669]",yunet,Facenet,1920,1080,/home/amos/media/tv/modern_family/Modern.Family.S09.1080p.DSNP.WEB-DL.DDP5.1.H.264-CRFW/Modern.Family.S09E17.Royal.Visit.1080p.DSNP.WEB-DL.DDP5.1.H.264-CRFW.mkv,Modern Family,2009,1442437,9,17,Ty Burrell,15232.0,0.592
1117,1320,156,1518,444,1416,270,1350,270,0.904,28008,1,"[-0.10758483409881592, 0.0657627135515213, -0.27323856949806213, -0.8292422294616699, -0.05166759714484215, -1.5292599201202393, -0.8096349239349365, 0.7673673033714294, -0.6973890662193298, -0.1948060542345047, 1.784613847732544, 0.2634199261665344, -0.3737119436264038, -0.5881695747375488, -0.08080333471298218, -0.20056676864624023, 2.2282445430755615, -1.4214998483657837, -2.254561424255371, -0.7448136806488037, 0.1462143361568451, -0.46272292733192444, -0.8590252995491028, 0.42828935384750366, -0.591498851776123, 1.1323901414871216, 0.05155734717845917, 0.35957449674606323, -0.12491467595100403, -3.2179501056671143, 0.24590004980564117, 1.457532286643982, -0.23511219024658203, -0.5190456509590149, 0.37381717562675476, 0.2085033655166626, -0.45482635498046875, 0.9115650057792664, 2.429577112197876, -0.011485438793897629, -2.0311994552612305, 0.8468283414840698, 0.18228381872177124, -1.946966290473938, -0.6190623044967651, -0.7870583534240723, 0.6159377694129944, -0.0036904234439134598, 0.3132432699203491, -0.14282889664173126, -0.13652050495147705, -1.8366873264312744, -0.3433704972267151, -0.03675230219960213, 1.0463218688964844, 0.4623894989490509, 2.8467371463775635, -0.30722737312316895, -1.4998034238815308, 0.5893124938011169, -1.88872230052948, -1.9049376249313354, -0.702987551689148, 0.6725624203681946, 1.0202301740646362, -1.0074025392532349, 0.2549514174461365, -0.7797350287437439, -0.1322687864303589, 0.6268596649169922, -0.9816423654556274, 2.6814844608306885, -2.671340227127075, 1.634934902191162, 1.1657432317733765, -0.871314525604248, -0.8108915090560913, -0.5558141469955444, -0.035395536571741104, -0.391498327255249, -0.312887579202652, -1.2689685821533203, -0.053028255701065063, -1.8304145336151123, -0.21640098094940186, 1.5689349174499512, 0.28284624218940735, -1.0694209337234497, -1.4810223579406738, 0.06087270379066467, 0.3673402965068817, -0.4253794252872467, -0.16665607690811157, -1.376109004020691, 1.87570321559906, -0.09544724971055984, -0.9030305743217468, 1.9273144006729126, 0.6882808804512024, -2.4595444202423096, -0.11688592284917831, -2.0570173263549805, -0.9210212230682373, 0.1534164398908615, 2.139455795288086, -0.386874258518219, -0.06593065708875656, -1.679240107536316, -0.0031622089445590973, 0.09497958421707153, 0.6748165488243103, -0.2189069241285324, -0.02635239064693451, 1.027144193649292, -0.7726539969444275, 0.026742637157440186, -0.34134653210639954, 0.6001016497612, 0.8969930410385132, 1.4387094974517822, -1.1561601161956787, -1.0766342878341675, -0.18491001427173615, 0.5209254026412964, -1.1550368070602417, 0.38839712738990784, -1.2815066576004028, -0.489540696144104]",yunet,Facenet,1920,1080,/home/amos/media/tv/modern_family/Modern.Family.S09.1080p.DSNP.WEB-DL.DDP5.1.H.264-CRFW/Modern.Family.S09E17.Royal.Visit.1080p.DSNP.WEB-DL.DDP5.1.H.264-CRFW.mkv,Modern Family,2009,1442437,9,17,Julie Bowen,31171.0,0.544
1118,1350,138,1530,384,1440,228,1374,228,0.914,28032,0,"[-0.5789128541946411, -0.5176054239273071, -0.7563238143920898, -0.6460141539573669, 0.8580222129821777, -1.310864806175232, -0.6520355939865112, 0.48948416113853455, -1.1389732360839844, 0.6269444823265076, 0.8511438369750977, 0.8675677180290222, -1.08266019821167, -0.6466748714447021, 0.3662305474281311, -0.1983765810728073, 0.9109835624694824, -0.8032072186470032, -2.09184193611145, -0.7000715732574463, 0.0028190836310386658, -0.2513030171394348, -0.33947253227233887, 0.5878098011016846, -1.058793067932129, 0.701116144657135, -1.1336040496826172, 0.3974291682243347, 0.30038827657699585, -2.862142324447632, 1.1287487745285034, 0.6980807781219482, -0.23082304000854492, -0.5334389209747314, -0.6348149180412292, 0.8946968913078308, -1.5022201538085938, 1.1832035779953003, 2.144554615020752, -0.7694114446640015, -1.4163943529129028, 1.4079875946044922, 1.0493093729019165, -1.8516627550125122, -0.36679309606552124, -0.02178231067955494, 0.15634377300739288, 0.25272804498672485, -1.3528752326965332, 0.27354907989501953, -0.10881021618843079, -1.7070666551589966, -0.2994402050971985, 0.7870259881019592, -0.40687036514282227, 1.0304949283599854, 1.414696216583252, -1.016748070716858, -1.088836669921875, 0.649229109287262, -0.9632272720336914, -1.7964001893997192, -1.516314148902893, 0.8644710183143616, 1.6700439453125, -1.4713436365127563, 0.46520209312438965, -0.7731180191040039, -0.3469159007072449, 1.0072325468063354, -1.2169110774993896, 3.2167046070098877, -2.0839598178863525, 1.6771224737167358, 1.3553684949874878, -0.7919658422470093, -0.16756853461265564, -0.7047367691993713, -0.7482093572616577, 0.569235622882843, -0.883790135383606, -0.3576694428920746, -0.42244860529899597, -1.1132557392120361, -1.2231234312057495, 0.5034687519073486, 1.1247555017471313, -0.9593627452850342, -0.9663525819778442, 0.4808734357357025, 0.33144810795783997, -0.5586639642715454, -0.34040504693984985, -0.5018113255500793, 1.7501357793807983, -1.7795348167419434, -0.6554330587387085, 1.5544275045394897, 1.3065834045410156, -1.9129362106323242, -0.10951734334230423, -2.7254638671875, -1.238178014755249, 0.9120038151741028, 2.475121021270752, -0.7436521649360657, -0.16091103851795197, -1.8530097007751465, 0.7717438340187073, 0.35313019156455994, 1.4975907802581787, -0.22710876166820526, -0.36953428387641907, 2.182887554168701, 0.2545322775840759, -0.016062241047620773, -0.31885504722595215, 1.1167311668395996, -0.003927774727344513, 1.101367712020874, -0.8242835402488708, -0.32086843252182007, -0.4932398796081543, 1.587960958480835, -1.6725029945373535, -0.39242908358573914, -1.3301736116409302, -0.3945201635360718]",yunet,Facenet,1920,1080,/home/amos/media/tv/modern_family/Modern.Family.S09.1080p.DSNP.WEB-DL.DDP5.1.H.264-CRFW/Modern.Family.S09E17.Royal.Visit.1080p.DSNP.WEB-DL.DDP5.1.H.264-CRFW.mkv,Modern Family,2009,1442437,9,17,Julie Bowen,31171.0,0.586
1119,840,372,1056,666,990,498,882,498,0.924,28056,0,"[0.18140405416488647, 1.5617984533309937, 0.5558671355247498, -0.5277042984962463, 0.23379038274288177, 0.1444970816373825, -0.5680375695228577, 0.18187715113162994, -0.6057319045066833, -0.5100460648536682, -0.9095632433891296, 1.4685219526290894, 1.4915242195129395, -0.804611325263977, -0.23685482144355774, 0.3003436326980591, -0.5166183710098267, -0.2463492900133133, 0.5727909803390503, 0.5125693082809448, -0.8431622982025146, 2.234097957611084, -0.5896766185760498, 0.8696805834770203, -0.5509657263755798, 1.974099040031433, -2.6436705589294434, 1.891459584236145, 0.7062299847602844, -2.025937080383301, -0.6786147356033325, -0.3790861964225769, -0.8560159206390381, -1.0478184223175049, 1.7536368370056152, -0.4468061029911041, 1.4389011859893799, 0.37868770956993103, 0.8961201310157776, 0.6970745325088501, 0.47762829065322876, 0.7461313009262085, -1.1999397277832031, 0.07216286659240723, -0.621655285358429, 0.36699241399765015, 0.5391014218330383, -0.38094285130500793, 0.8312958478927612, -0.8929650783538818, 0.15088024735450745, 0.4433915615081787, -0.5854261517524719, -1.198522925376892, -0.06718111038208008, 0.6350462436676025, 1.0482443571090698, -0.14002473652362823, -0.41719284653663635, 0.8651391863822937, 1.22977614402771, -1.157681941986084, -1.170500636100769, -0.8617969155311584, -1.188247561454773, 1.2705950736999512, 2.137387752532959, 1.0225331783294678, 2.082718849182129, 0.6138203144073486, 0.5244513154029846, 1.6985565423965454, -1.5182421207427979, 0.8725069165229797, 0.6457664370536804, -0.06739658117294312, -0.34944435954093933, 1.3492436408996582, -0.29966023564338684, 0.5271610021591187, -0.3561287224292755, -1.7152040004730225, 0.3454780578613281, -0.24294573068618774, -1.1667506694793701, -0.23649264872074127, 0.36523231863975525, -0.8600059747695923, -0.16847199201583862, -0.6220744848251343, 0.35559773445129395, -2.4906225204467773, -0.4879262149333954, -1.7118762731552124, 0.9966250061988831, -0.7979108691215515, 1.0655367374420166, 0.42942726612091064, 0.9424525499343872, -0.8554859757423401, -0.006953723728656769, 1.035448431968689, -2.172290802001953, 0.025157654657959938, -1.0947108268737793, 0.9700077772140503, 0.6170756816864014, -2.4713294506073, 0.11530306935310364, 1.398307204246521, -1.1138525009155273, 1.7034980058670044, 0.4707726538181305, -0.7556328773498535, 0.43937256932258606, 1.2680236101150513, -0.9896001815795898, -1.1044085025787354, -0.007801607251167297, -0.3134210407733917, -0.34562188386917114, 0.45078766345977783, 0.42770302295684814, -0.5571314096450806, 1.2653828859329224, -0.8800013065338135, 0.29433760046958923, 0.2110927850008011]",yunet,Facenet,1920,1080,/home/amos/media/tv/modern_family/Modern.Family.S09.1080p.DSNP.WEB-DL.DDP5.1.H.264-CRFW/Modern.Family.S09E17.Royal.Visit.1080p.DSNP.WEB-DL.DDP5.1.H.264-CRFW.mkv,Modern Family,2009,1442437,9,17,Ty Burrell,15232.0,0.764
1120,1332,84,1512,336,1434,168,1368,168,0.922,28056,1,"[-1.2479609251022339, -0.10176169872283936, 0.6319822669029236, -1.2737765312194824, 0.5339052081108093, -0.3701304495334625, 0.10746225714683533, 0.47912585735321045, -0.8888364434242249, -1.0714939832687378, 1.6190465688705444, 0.44742336869239807, -1.3135470151901245, -1.437510371208191, 0.6614421606063843, -0.6886412501335144, 0.6503903865814209, -0.6910949349403381, -2.4942421913146973, -0.5195776224136353, -0.051215074956417084, -0.8468754887580872, -0.04478581249713898, -0.2974650263786316, -1.6110725402832031, 0.243258535861969, -0.7149693965911865, 0.13507118821144104, -1.334897518157959, -2.3221828937530518, 0.5835139751434326, 0.007466200739145279, 0.9173671007156372, -1.2851485013961792, -0.30123186111450195, 1.1332517862319946, -0.15371175110340118, 0.9647617340087891, 1.5359721183776855, -0.21060004830360413, -2.09114146232605, 0.3006591498851776, -0.47976455092430115, -2.2456088066101074, -0.4487982392311096, -0.26523327827453613, -0.18884839117527008, 0.6861943006515503, -0.8228554129600525, -0.5770155191421509, 0.7925015687942505, -2.1003987789154053, 0.7590299844741821, -0.9519243836402893, 0.27354952692985535, 2.0385055541992188, 1.360949158668518, -0.031480662524700165, -0.48529988527297974, 0.15166544914245605, -1.3572032451629639, -1.5479315519332886, -1.3850136995315552, 1.184728741645813, 1.2195297479629517, -1.354548454284668, 0.7092592716217041, -0.9349657297134399, 0.5925577878952026, 0.7474700212478638, -0.5488122701644897, 1.9065136909484863, -2.4135758876800537, 1.3889563083648682, 0.4472346603870392, 0.21854794025421143, -1.3220245838165283, -0.13796158134937286, -1.7256486415863037, 0.5233669877052307, -0.6927080154418945, -0.6233633756637573, -1.5286874771118164, -0.2485586553812027, 0.33944806456565857, 0.05443020164966583, 2.0946388244628906, -0.7051761150360107, -1.834523320198059, 0.7502788305282593, -0.2717861533164978, -1.1565667390823364, 0.018348339945077896, -0.2221055030822754, -0.46065622568130493, -0.521708607673645, -0.6908514499664307, 0.7070820927619934, 1.5745646953582764, -0.9041746258735657, -0.8675798177719116, -3.369926929473877, -0.04756425321102142, 0.5010939836502075, 1.3871186971664429, -1.23812997341156, -0.4861612617969513, -2.173316478729248, 1.3635809421539307, 0.8562867641448975, 0.8451634049415588, -0.6462987661361694, -0.36243337392807007, 2.052365303039551, 0.15186001360416412, 1.0911047458648682, 0.018033422529697418, 0.9677972197532654, -0.2570142149925232, 1.9207046031951904, -0.4768848419189453, -1.2023409605026245, -1.2543405294418335, 1.496396780014038, -2.13993501663208, 0.5598639249801636, -1.7295488119125366, -0.3194112181663513]",yunet,Facenet,1920,1080,/home/amos/media/tv/modern_family/Modern.Family.S09.1080p.DSNP.WEB-DL.DDP5.1.H.264-CRFW/Modern.Family.S09E17.Royal.Visit.1080p.DSNP.WEB-DL.DDP5.1.H.264-CRFW.mkv,Modern Family,2009,1442437,9,17,Julie Bowen,31171.0,0.604
1121,840,396,1050,672,954,510,876,510,0.927,28080,0,"[0.6177847385406494, 1.2304788827896118, -0.1754891723394394, 0.3872550129890442, -1.0221524238586426, 0.7002074122428894, -0.5026043653488159, 1.0654946565628052, 0.4066617786884308, -0.18627959489822388, -0.5715197920799255, 1.025242567062378, 1.0053123235702515, 0.14831224083900452, -0.7264176607131958, -0.20902788639068604, -0.36034438014030457, 0.033875852823257446, -0.2931235134601593, 1.71502685546875, -1.4643441438674927, 2.1853294372558594, 0.04627501219511032, 0.3941207528114319, 0.33292457461357117, 1.3457762002944946, -3.234907627105713, 1.8487755060195923, 1.0527710914611816, -2.4157402515411377, -0.772154688835144, -0.5589470267295837, -1.3893159627914429, -0.4578988254070282, 0.9516056180000305, -0.273373544216156, 0.5560324192047119, 0.2599603831768036, 0.39488017559051514, 0.02364250272512436, 0.54852694272995, 0.7202796936035156, -0.7363015413284302, 0.07990866899490356, -0.19767692685127258, 0.10310463607311249, 0.20817390084266663, -0.48450300097465515, 0.7313631176948547, -0.6851595640182495, 1.1288357973098755, -0.2512056529521942, -0.8879117369651794, -1.6399333477020264, -0.9034187197685242, -0.025182627141475677, 0.4364001452922821, 0.42951688170433044, -0.08927921950817108, 0.018294796347618103, 1.129204273223877, -0.1001989096403122, -1.3427492380142212, -0.42920157313346863, 0.03922766074538231, 1.0617667436599731, 1.5106501579284668, 1.021370530128479, 2.282151222229004, -0.4756050109863281, -0.0647469013929367, 1.409542202949524, -0.83261638879776, 0.6280867457389832, 0.41041287779808044, 0.13216613233089447, 0.29815536737442017, 0.6277609467506409, 0.3976818025112152, 0.9707175493240356, 0.006494767963886261, -1.4706494808197021, 0.43104034662246704, -0.7393129467964172, -1.5001544952392578, -1.5358737707138062, 0.20543654263019562, -0.5989522933959961, -0.33880624175071716, -0.16795334219932556, 0.7937331795692444, -2.3733015060424805, -1.372941255569458, -0.5494705438613892, 0.13119517266750336, -1.1446235179901123, 1.2368918657302856, 1.0674500465393066, 0.6071224212646484, -0.5269392132759094, 0.194936603307724, 1.002099633216858, -2.144214153289795, 0.6479557752609253, -1.700548529624939, 1.853643774986267, 1.4413347244262695, -2.9195706844329834, -0.5669691562652588, 0.956092894077301, 0.040223997086286545, 2.669327735900879, 0.6125798225402832, -1.0599827766418457, 1.2859809398651123, 1.315327525138855, -0.49125880002975464, -1.4561662673950195, 0.2597654163837433, -0.19498644769191742, -0.1281384974718094, 0.7636550664901733, -0.047817572951316833, 0.25015589594841003, 0.651835560798645, -1.5134602785110474, 0.15915969014167786, 0.23869656026363373]",yunet,Facenet,1920,1080,/home/amos/media/tv/modern_family/Modern.Family.S09.1080p.DSNP.WEB-DL.DDP5.1.H.264-CRFW/Modern.Family.S09E17.Royal.Visit.1080p.DSNP.WEB-DL.DDP5.1.H.264-CRFW.mkv,Modern Family,2009,1442437,9,17,Ty Burrell,15232.0,0.684
1122,822,378,1044,666,942,504,858,498,0.926,28104,0,"[1.1011035442352295, 1.050650715827942, -0.049924857914447784, 0.38313761353492737, -0.7726582884788513, 0.673900842666626, -0.9006741046905518, 0.4369827210903168, 0.3949733376502991, 0.51700758934021, 0.15265187621116638, 1.5607458353042603, 0.9084694981575012, -0.28703606128692627, -0.505771279335022, -0.13897743821144104, -0.07418715953826904, 0.3833284378051758, -0.2527494430541992, 1.859416127204895, -0.2761749029159546, 2.3444836139678955, 0.5393730401992798, 0.2405509054660797, 0.23168714344501495, 0.5499439835548401, -2.6942672729492188, 1.5270509719848633, 1.3616691827774048, -2.1925785541534424, -0.5410196781158447, -0.6214926838874817, -0.8063270449638367, -0.17902636528015137, 1.5439456701278687, -0.23862497508525848, 0.4629465341567993, -0.12054728716611862, 0.487862229347229, -0.2532956898212433, 0.34401220083236694, 0.7025768756866455, -1.4069015979766846, -0.548443615436554, -0.4135669767856598, -0.06582196056842804, 0.3249901533126831, -1.285740852355957, 1.273034930229187, -0.5434098243713379, 0.7384243011474609, -1.1266014575958252, -1.1256868839263916, -2.186387062072754, -0.19832469522953033, 0.5724900364875793, 0.4868723452091217, 0.10382711887359619, 0.31780385971069336, -0.6829627156257629, 1.3271644115447998, -0.2686878442764282, -0.6726570725440979, -1.3495614528656006, -0.2492198944091797, 1.3526848554611206, 1.5443367958068848, 1.808727741241455, 1.5571513175964355, 0.07929845154285431, -0.6160628795623779, 1.5742539167404175, -0.7059042453765869, 0.30993956327438354, 0.8290529847145081, -0.12423034012317657, 0.7202732563018799, 0.15928928554058075, -0.4435667395591736, 0.9578505754470825, -0.8748648166656494, -1.8690074682235718, 0.4227800965309143, 0.048174142837524414, -0.6866878867149353, -1.0320606231689453, -0.05263789743185043, -0.3966304063796997, 0.10463643074035645, -0.395010769367218, 0.6697876453399658, -1.5389142036437988, -1.1047451496124268, -0.3001382052898407, 0.6141414642333984, -2.3273203372955322, 1.5408313274383545, 1.0332942008972168, 1.0817270278930664, -0.8322182297706604, 0.11813725531101227, 1.2942794561386108, -1.9449280500411987, 0.2940253019332886, -0.29386472702026367, 2.238344669342041, 1.8210675716400146, -2.228792428970337, -0.644311249256134, 1.0195746421813965, 0.7875626683235168, 2.634047508239746, -0.020936109125614166, -1.152082920074463, 1.5433804988861084, 1.7600306272506714, -0.32549339532852173, -0.9910259246826172, 0.5053552389144897, -0.07158362120389938, -0.3457242250442505, 1.2736942768096924, 0.1674554944038391, 0.041488103568553925, 1.1494076251983643, -1.9178518056869507, -1.0108072757720947, 0.6417121291160583]",yunet,Facenet,1920,1080,/home/amos/media/tv/modern_family/Modern.Family.S09.1080p.DSNP.WEB-DL.DDP5.1.H.264-CRFW/Modern.Family.S09E17.Royal.Visit.1080p.DSNP.WEB-DL.DDP5.1.H.264-CRFW.mkv,Modern Family,2009,1442437,9,17,Ty Burrell,15232.0,0.549
1123,858,360,1080,666,1044,486,972,492,0.907,28128,0,"[-0.018921896815299988, 0.8127751350402832, 1.251518726348877, -0.6503006815910339, -0.8452414274215698, -0.9245396256446838, -1.5361937284469604, -0.5435876846313477, -0.5759086012840271, -0.790209949016571, -1.3054533004760742, 1.2066335678100586, 0.3779304027557373, -0.09893884509801865, -1.3420227766036987, -0.3269404172897339, 0.020556524395942688, -0.4225529432296753, -0.10339947044849396, -0.16853225231170654, -0.38008609414100647, 0.3792155385017395, -0.7893081903457642, 0.42853549122810364, -0.8696892857551575, 1.2668280601501465, -2.93571400642395, 2.55204439163208, 1.0842899084091187, -2.3607470989227295, -0.13023939728736877, -1.002281904220581, -0.2955973148345947, -0.18089115619659424, 0.21986888349056244, 0.36493808031082153, 0.7971870303153992, -0.3786967396736145, 1.0690045356750488, 0.8082584142684937, 0.2822830080986023, 0.7174833416938782, -1.2489686012268066, -0.32444486021995544, -1.0999444723129272, 0.5303722023963928, 0.3143724799156189, 1.0797754526138306, -0.6466343998908997, -2.269263744354248, 0.40018153190612793, -0.04212277755141258, -1.4600414037704468, -0.44378745555877686, 0.7098437547683716, 1.349534511566162, 2.3154919147491455, 0.9234944581985474, 0.6855794787406921, 0.6986806988716125, 1.0431437492370605, -1.9955111742019653, -1.1128804683685303, 0.9051623344421387, -0.2345341145992279, 2.2358806133270264, 1.8803378343582153, 0.35734182596206665, 1.2167154550552368, 0.491402804851532, -0.31087520718574524, 1.684800148010254, -0.4273104667663574, 1.1837345361709595, 0.532687246799469, 1.0609556436538696, 0.18953421711921692, 1.261472463607788, 0.4624772071838379, 0.07604293525218964, -1.1888543367385864, -1.3001765012741089, 0.9938291311264038, -0.6959735155105591, -1.8338069915771484, -1.0472906827926636, -0.2434839904308319, -0.9409682154655457, -0.34362736344337463, 0.6842250227928162, 0.7204458713531494, -2.508911371231079, -0.6072027087211609, -1.5986518859863281, 0.9784002900123596, -1.317577600479126, 0.5712262988090515, 0.4115627110004425, 0.9900417923927307, -1.071387767791748, -0.14656849205493927, 0.8185800313949585, -2.1952781677246094, 1.5949064493179321, -0.1612701416015625, 1.1932015419006348, 0.22242383658885956, -1.8513143062591553, 0.10742016136646271, 0.4097079038619995, -0.25439929962158203, 1.290366768836975, -0.04122113436460495, 0.05111563578248024, 0.6253615021705627, 1.4667845964431763, 0.13652490079402924, -0.9250518083572388, 0.1557941734790802, -0.5301350951194763, -0.2637355923652649, 0.8108527660369873, -0.2850417494773865, -1.31943941116333, 0.8474599123001099, -0.9068443775177002, 1.019665002822876, -0.8283240795135498]",yunet,Facenet,1920,1080,/home/amos/media/tv/modern_family/Modern.Family.S09.1080p.DSNP.WEB-DL.DDP5.1.H.264-CRFW/Modern.Family.S09E17.Royal.Visit.1080p.DSNP.WEB-DL.DDP5.1.H.264-CRFW.mkv,Modern Family,2009,1442437,9,17,Ty Burrell,15232.0,0.7
1124,828,426,1050,720,948,546,858,546,0.928,28152,0,"[0.683415412902832, 0.9920828342437744, -0.06378533691167831, 1.2298145294189453, 0.14556880295276642, 0.01861807517707348, -1.3433473110198975, 1.4422789812088013, 0.1972726285457611, -0.14267264306545258, -0.23309290409088135, 1.7592504024505615, 0.8282528519630432, -0.29123610258102417, -0.9462935924530029, -0.5456071496009827, 1.1591660976409912, 0.2068302184343338, -1.3859591484069824, 2.0273406505584717, -1.317460298538208, 1.6370853185653687, 0.18762052059173584, 0.2740240693092346, -0.5874336957931519, 0.49652916193008423, -2.7585904598236084, 2.390047073364258, 0.7148090600967407, -1.878983974456787, -0.31232157349586487, -1.272357702255249, -1.1738128662109375, -1.4438713788986206, 0.781558096408844, 0.08182112872600555, 0.11735925823450089, 0.17603853344917297, -0.34051087498664856, 1.0177292823791504, 0.6099868416786194, 0.001301710493862629, -0.7781195640563965, 0.8764083385467529, 0.513864278793335, -0.3054269850254059, 1.6738429069519043, -0.6268831491470337, 0.6709855198860168, -0.8963229656219482, 0.9750049114227295, -0.05167650803923607, -0.6778993606567383, -2.38197922706604, -0.03451915830373764, 0.5898380279541016, 1.0387297868728638, 0.49203258752822876, 0.45032933354377747, 0.31538909673690796, 1.4850258827209473, -0.9521602392196655, -0.2769871652126312, -1.2700432538986206, -0.21091395616531372, 1.1387079954147339, 1.1459335088729858, 1.4273080825805664, 1.0344822406768799, -0.27156826853752136, -0.9393038749694824, 1.7972056865692139, -0.8351596593856812, 0.7040815949440002, 0.8103653192520142, 0.14697273075580597, 0.6815798282623291, 0.6504967212677002, -0.019800812005996704, 0.7356715202331543, -1.060508131980896, -1.46039617061615, 1.2612649202346802, -0.21868407726287842, -1.7315338850021362, -0.5223715901374817, -0.2717486321926117, -1.2286157608032227, 0.7917506694793701, -0.5191700458526611, 0.08782745897769928, -2.1760129928588867, -1.3641566038131714, -0.6596543192863464, 0.6929400563240051, -2.6618919372558594, 1.6884502172470093, 0.1494714617729187, 0.663772702217102, -0.1989094614982605, 0.6866729855537415, 1.8282861709594727, -2.486328125, 0.781846284866333, -0.6399841904640198, 1.3993624448776245, 1.4842771291732788, -2.3609883785247803, 0.1130705177783966, 1.6062930822372437, -0.18432849645614624, 3.5374879837036133, 0.9568747282028198, -0.7159252762794495, 0.5663302540779114, 0.7716703414916992, -0.9610426425933838, -1.189173698425293, 0.20949286222457886, -1.406482219696045, -0.12340249121189117, 1.2112456560134888, -0.6369057297706604, -0.8924514055252075, 0.241902694106102, -1.393471360206604, -0.5210396647453308, -0.47322919964790344]",yunet,Facenet,1920,1080,/home/amos/media/tv/modern_family/Modern.Family.S09.1080p.DSNP.WEB-DL.DDP5.1.H.264-CRFW/Modern.Family.S09E17.Royal.Visit.1080p.DSNP.WEB-DL.DDP5.1.H.264-CRFW.mkv,Modern Family,2009,1442437,9,17,Ty Burrell,15232.0,0.634
1125,1482,762,1698,1050,1650,882,1548,882,0.92,28176,0,"[-0.9856126308441162, -1.8701075315475464, -0.7865673303604126, -0.4575101435184479, 0.7278334498405457, -0.3866576850414276, 0.7916111946105957, 1.1302447319030762, 0.6472928524017334, -1.1195018291473389, 0.6346859335899353, -0.23773473501205444, -0.5954558849334717, 0.8061890602111816, -0.9512566328048706, -0.7868579626083374, -1.1524163484573364, -0.9786437749862671, -0.14804516732692719, 0.18051131069660187, 0.39322179555892944, -1.6003855466842651, -1.2046931982040405, -2.761098623275757, -0.49592339992523193, -0.30906572937965393, 0.9586642980575562, -1.5108791589736938, -1.3208463191986084, -0.14634397625923157, -0.6298302412033081, 1.704236626625061, -0.21182964742183685, -1.1100846529006958, -1.9272792339324951, -0.1585179567337036, -0.12443163245916367, -0.2633211016654968, 0.9877605438232422, -1.10077965259552, -0.08620597422122955, 1.8852375745773315, -1.22532057762146, -1.6004266738891602, 0.5098206996917725, -2.3955774307250977, -0.8198556900024414, 1.9564274549484253, 0.9037148952484131, 0.8383100032806396, -1.473635196685791, 1.4055339097976685, -1.1491261720657349, -0.4784266948699951, 0.6911627054214478, -3.0002224445343018, 1.0574984550476074, 2.879169464111328, -0.11067786812782288, 0.4347071349620819, -0.21529480814933777, -1.4382472038269043, 0.6910709738731384, 1.5283282995224, 0.37003040313720703, 0.7741836905479431, -0.37469878792762756, 1.0089950561523438, -0.35191401839256287, -0.35740360617637634, -0.6950306296348572, -0.8158625364303589, -2.1540417671203613, 1.2263275384902954, 0.5692427158355713, -0.8614575862884521, -0.9137048721313477, 1.0504233837127686, -0.1536104381084442, 0.42204660177230835, -1.6412632465362549, -0.12231507897377014, -0.48196113109588623, -1.5011820793151855, -1.8733304738998413, 1.5200124979019165, -1.0729436874389648, -0.6009480953216553, -2.6032047271728516, -0.8410268425941467, 1.1379090547561646, 0.3517909646034241, 0.2695448398590088, -0.2651512920856476, -0.7945665121078491, 1.8733538389205933, -3.1058096885681152, 0.5249121189117432, -1.474013328552246, 0.14287663996219635, -1.6637771129608154, -0.6294793486595154, 0.16911539435386658, -1.7439050674438477, -0.04593340680003166, -1.0984776020050049, 0.003164157271385193, -1.3521686792373657, -0.9619225859642029, 1.054799199104309, -0.29845231771469116, -1.4084053039550781, 1.0276312828063965, -0.10453158617019653, -0.039639443159103394, 1.377807378768921, -0.5774825811386108, -0.5370402932167053, -1.1530917882919312, 2.477475643157959, -2.1452622413635254, 0.216690793633461, 0.04319699481129646, -0.324851393699646, -0.6945409774780273, 0.03518850356340408, -0.4415266811847687, 0.30531325936317444]",yunet,Facenet,1920,1080,/home/amos/media/tv/modern_family/Modern.Family.S09.1080p.DSNP.WEB-DL.DDP5.1.H.264-CRFW/Modern.Family.S09E17.Royal.Visit.1080p.DSNP.WEB-DL.DDP5.1.H.264-CRFW.mkv,Modern Family,2009,1442437,9,17,Chris Geere,62879.0,0.557
1126,564,168,690,336,660,234,612,234,0.912,28176,1,"[-1.3866487741470337, -1.6189767122268677, 0.6599966287612915, 2.454733371734619, 0.8919035792350769, 0.046610355377197266, 1.6474844217300415, -1.4480775594711304, -1.9714140892028809, 3.1555283069610596, -1.3364994525909424, 0.847544252872467, 0.8898007273674011, 1.1511660814285278, -0.785436749458313, -0.20836573839187622, 0.16292209923267365, -1.496021032333374, -0.743123471736908, 0.07772999256849289, 0.22308805584907532, -0.8347874879837036, 0.1480472981929779, -0.20118549466133118, 0.3424244225025177, 1.2649644613265991, 1.465517282485962, -0.5102840662002563, 1.9029359817504883, 0.7102144360542297, 1.0184381008148193, -0.35960853099823, -1.4340286254882812, -0.9647741913795471, 1.7097970247268677, -1.0544832944869995, -1.5095866918563843, -0.43492263555526733, -0.13857874274253845, -0.8500808477401733, 0.08276157081127167, 1.1001554727554321, -0.44963976740837097, 2.652825355529785, 1.3973239660263062, -0.6478058099746704, 0.2512192726135254, 1.6481927633285522, 0.16443589329719543, 0.6945902109146118, -1.5188573598861694, 3.072883129119873, 0.031375546008348465, -0.02974322810769081, -0.7179523706436157, 1.0075711011886597, 1.4924519062042236, 0.11417971551418304, 0.6933495998382568, 0.848736047744751, -0.03985898941755295, 0.31862175464630127, 0.530930757522583, -0.6138008236885071, -1.6971945762634277, 0.9671399593353271, -0.5617619156837463, 0.5707980394363403, 0.2623034119606018, 0.8239139318466187, -0.8728960156440735, 0.36741960048675537, -0.10707680881023407, 0.38068246841430664, 0.501785397529602, -1.6361600160598755, 0.36700689792633057, -1.1230148077011108, -0.508618950843811, -0.259464293718338, -0.33554986119270325, -0.8168222904205322, 0.29369738698005676, 0.1981726735830307, -0.18023282289505005, -0.05259408429265022, -0.4341891407966614, -0.8140625953674316, 0.8159987926483154, -0.8859395384788513, -2.2693915367126465, 1.0858180522918701, 0.44939523935317993, 0.6778352856636047, 2.1035914421081543, 1.237628698348999, 1.2732515335083008, -0.727444589138031, 0.2591121792793274, -0.6218190789222717, 0.4446437358856201, 1.3075615167617798, -1.5285255908966064, -0.05224662274122238, 1.485430121421814, 0.23912449181079865, 0.5820550918579102, -0.023436427116394043, 1.0836591720581055, -1.366213083267212, 0.501145601272583, 1.300620436668396, 1.3392471075057983, -0.0012146048247814178, -0.03639642149209976, 1.2620601654052734, -0.10157168656587601, 1.0424792766571045, -1.3199537992477417, -0.8501566052436829, 2.3419997692108154, -0.8995194435119629, 0.05439792945981026, -1.0651439428329468, -0.07026763260364532, 0.2679808735847473, 1.511562705039978, -0.675790011882782]",yunet,Facenet,1920,1080,/home/amos/media/tv/modern_family/Modern.Family.S09.1080p.DSNP.WEB-DL.DDP5.1.H.264-CRFW/Modern.Family.S09E17.Royal.Visit.1080p.DSNP.WEB-DL.DDP5.1.H.264-CRFW.mkv,Modern Family,2009,1442437,9,17,Sarah Hyland,91351.0,0.72
1127,642,168,804,390,774,258,702,258,0.919,28200,0,"[-0.8122531175613403, -1.4599690437316895, -0.02912585437297821, 2.516050100326538, 0.5096017122268677, 1.0040205717086792, 0.7226872444152832, -2.437591552734375, -1.6180912256240845, 2.9040632247924805, -1.778639554977417, 0.4815284013748169, 0.8073399662971497, 0.43592509627342224, -0.6556979417800903, 0.07153652608394623, 0.33416709303855896, -1.338024616241455, 0.12123851478099823, 0.30612874031066895, 0.5888146162033081, -0.13599668443202972, 0.6719282865524292, 0.19366347789764404, 0.6098222136497498, 0.7320096492767334, 1.2413021326065063, -0.8676764965057373, 2.571263074874878, 1.1133091449737549, 0.41042181849479675, -0.979157030582428, -1.5862644910812378, -0.6856528520584106, 1.7924307584762573, -0.9531154036521912, -1.606256365776062, 1.0484602451324463, 0.046957410871982574, -0.44948819279670715, 0.2826111912727356, 1.093027949333191, -0.038237929344177246, 2.6090798377990723, 0.3587646484375, -0.3119560480117798, 0.10782970488071442, 0.9686923027038574, -0.041778601706027985, -0.2595506012439728, -1.2581955194473267, 2.2933895587921143, 0.6857846975326538, -0.10500262677669525, -0.30607515573501587, 0.7229182720184326, 1.2116549015045166, 0.3184437155723572, 0.24198445677757263, 0.6131865382194519, 0.1819237768650055, 0.32086169719696045, -0.4693135917186737, -0.48793426156044006, -1.8187320232391357, 0.9480531811714172, 0.05144154280424118, 0.7860553860664368, -0.00025720521807670593, 0.11787737905979156, -0.52013099193573, 0.6853535175323486, -0.4965413212776184, 0.3013615608215332, 0.5413290858268738, -0.029142174869775772, 0.45853349566459656, -0.21231363713741302, -0.37377679347991943, -0.5924493074417114, -0.19226765632629395, -0.2762894332408905, -0.0589076429605484, 0.8190620541572571, -0.4753430187702179, -0.5579692125320435, 0.23305928707122803, -0.9799050092697144, -0.5880461931228638, -1.913594126701355, -1.003684163093567, 0.845672070980072, 0.6666996479034424, 0.7143398523330688, 1.9175939559936523, 0.5003498196601868, 0.8638264536857605, -0.5678794384002686, 0.17650070786476135, -1.0780959129333496, 0.498221755027771, 0.863028883934021, -1.830014705657959, 0.4630589783191681, 1.1063836812973022, -0.5789620280265808, 0.4769010841846466, -1.0209641456604004, 0.8717154860496521, -2.1032843589782715, 0.7115328907966614, 0.7743292450904846, 1.2170125246047974, 0.08744379132986069, -1.0005381107330322, 0.9377845525741577, -0.8439545631408691, 1.6773020029067993, -1.2412348985671997, 1.0081202983856201, 2.032181978225708, -0.513371467590332, 0.28207969665527344, -1.1768711805343628, 0.4203404188156128, 0.5705007910728455, 1.9424502849578857, -0.5081102848052979]",yunet,Facenet,1920,1080,/home/amos/media/tv/modern_family/Modern.Family.S09.1080p.DSNP.WEB-DL.DDP5.1.H.264-CRFW/Modern.Family.S09E17.Royal.Visit.1080p.DSNP.WEB-DL.DDP5.1.H.264-CRFW.mkv,Modern Family,2009,1442437,9,17,Sarah Hyland,91351.0,0.71
1128,750,210,924,438,900,300,822,300,0.903,28248,0,"[-0.9219225645065308, -1.4079148769378662, 0.008547874167561531, 2.5102810859680176, 1.0627530813217163, 0.06253834813833237, 0.9252994060516357, -2.4914588928222656, -0.6408476233482361, 2.263528823852539, -0.8496047258377075, 1.3680455684661865, 1.3033033609390259, -0.5250293016433716, -0.3681144118309021, 0.1691911220550537, 0.9814107418060303, -1.280747413635254, -0.8851406574249268, 1.0928696393966675, 0.4230164587497711, -0.3153894245624542, 0.08651185780763626, -0.23080462217330933, 0.2994435727596283, 0.3273361921310425, 1.5896532535552979, -1.1339541673660278, 2.208050012588501, 0.06838619709014893, -0.563125491142273, -1.0994542837142944, -1.044443130493164, -1.3286195993423462, 1.4518624544143677, -0.4035499691963196, -1.6772304773330688, 0.7316457629203796, -0.27063125371932983, -1.285114049911499, 0.3634510040283203, 0.5830389857292175, -0.7856762409210205, 2.7280452251434326, 0.12042666226625443, -0.38967111706733704, -0.6245294213294983, 0.9627922773361206, -0.27074477076530457, -0.12434585392475128, -1.2874716520309448, 1.9429590702056885, 0.02341216430068016, -0.39548051357269287, 0.012712693773210049, 0.7517441511154175, 1.9410933256149292, 0.07854849100112915, 0.5105196833610535, 0.079899363219738, -0.3946312963962555, 0.3844261169433594, -0.19593077898025513, 0.005057904869318008, -0.6846690773963928, 1.5757408142089844, 0.31172430515289307, -0.25945279002189636, 0.21039646863937378, 0.13660353422164917, -0.7905752062797546, -0.17168569564819336, -1.6993892192840576, 0.5740566253662109, 1.016304850578308, -1.0200622081756592, -0.12861746549606323, -1.1694334745407104, -0.6588252782821655, -0.802211344242096, 0.4712912142276764, -0.7077533006668091, -0.4795067310333252, 0.9029092192649841, 0.4425690770149231, -0.6913642883300781, -0.24574321508407593, -0.6984624266624451, -1.5297895669937134, -1.6888585090637207, -1.1170005798339844, 0.4121341407299042, 1.5436458587646484, 0.052533816546201706, 0.6778690814971924, 0.35465067625045776, 1.715171456336975, -0.5245271921157837, -0.6257654428482056, -1.069341778755188, -0.6277639269828796, 0.03969525545835495, -1.6971009969711304, 1.0409163236618042, 1.0838186740875244, 0.39551788568496704, 0.8534656167030334, -1.7785388231277466, 1.0718854665756226, -0.7994273900985718, 0.8634247183799744, 1.464084506034851, 1.6078349351882935, 0.1622326374053955, -0.7747869491577148, 0.4665200412273407, -1.4729855060577393, 1.6200822591781616, -0.35740068554878235, 0.8422073125839233, 2.1142423152923584, -0.8224955797195435, 0.5283810496330261, -1.2819035053253174, 0.46856361627578735, 0.7683326005935669, 1.803925633430481, 0.1521769016981125]",yunet,Facenet,1920,1080,/home/amos/media/tv/modern_family/Modern.Family.S09.1080p.DSNP.WEB-DL.DDP5.1.H.264-CRFW/Modern.Family.S09E17.Royal.Visit.1080p.DSNP.WEB-DL.DDP5.1.H.264-CRFW.mkv,Modern Family,2009,1442437,9,17,Sarah Hyland,91351.0,0.748
1129,564,570,798,870,774,690,702,684,0.92,28272,0,"[-0.339488685131073, -1.8916367292404175, -1.6982765197753906, -2.0594849586486816, 0.6051003932952881, 0.3653344213962555, -0.3662869334220886, 1.0603944063186646, -0.3102666735649109, -0.3815588057041168, -0.34873655438423157, -0.6941648721694946, 0.628261148929596, -0.682793140411377, 0.9784290790557861, -0.25410205125808716, -1.233435869216919, -1.0543850660324097, 2.0121917724609375, -2.0574936866760254, -0.05152435973286629, -1.5533256530761719, -0.3141063153743744, -1.5248005390167236, -0.9747161865234375, 0.9485577940940857, 0.8063504695892334, -0.778536856174469, -0.971338152885437, -0.013097729533910751, -1.3841115236282349, 1.9593236446380615, 0.5163677334785461, -0.5932908058166504, 0.11307881772518158, 1.5219100713729858, -0.11830008029937744, 0.6620752215385437, 1.0199410915374756, -2.0874745845794678, 2.077200174331665, 1.6883665323257446, -1.6709187030792236, -1.7073649168014526, -0.2949700951576233, -1.6641623973846436, 0.5348628163337708, 1.7817866802215576, 0.2277744859457016, -0.18673746287822723, -0.4827348589897156, 1.1533454656600952, -1.4282256364822388, 1.5625909566879272, 1.7026169300079346, -1.870019793510437, -0.9907573461532593, 1.2534713745117188, 0.0964912474155426, 0.10891643911600113, 0.02454981952905655, -2.6199162006378174, -0.0243987999856472, 1.0174946784973145, 1.501559853553772, -0.043649569153785706, -0.8132196068763733, 0.6112127304077148, 0.35030171275138855, 0.6999216079711914, -0.0827791839838028, 0.48561838269233704, -2.707461357116699, 1.7737360000610352, -0.19144076108932495, -0.14690740406513214, -2.422333240509033, 1.161993145942688, 0.4790307283401489, -0.5395663976669312, -1.5803815126419067, 0.7500380277633667, 0.6671411395072937, -0.8285519480705261, -0.6272544264793396, -0.3939283788204193, 0.9465423822402954, -0.11107200384140015, -2.297600269317627, -0.9691725373268127, 0.12853334844112396, 0.3062407374382019, 0.23908811807632446, -0.3542768955230713, -0.35875049233436584, 1.9915425777435303, -1.844264268875122, 0.5345679521560669, -0.36492598056793213, 0.9335649609565735, -1.9634170532226562, -0.8261141180992126, -0.8501491546630859, 0.050603099167346954, -0.9665003418922424, 0.5345901846885681, -0.15456032752990723, 0.44977837800979614, 0.4618491530418396, 0.7477215528488159, -1.5518285036087036, -2.220027208328247, -0.39829105138778687, -0.6208100914955139, -0.27814745903015137, 1.0529577732086182, 0.6050386428833008, -1.6291420459747314, -0.23768848180770874, -0.018105849623680115, -0.7641984820365906, 1.0655004978179932, 0.8646794557571411, 0.38775238394737244, -0.16705478727817535, 0.2773027718067169, -0.31687915325164795, -0.458435982465744]",yunet,Facenet,1920,1080,/home/amos/media/tv/modern_family/Modern.Family.S09.1080p.DSNP.WEB-DL.DDP5.1.H.264-CRFW/Modern.Family.S09E17.Royal.Visit.1080p.DSNP.WEB-DL.DDP5.1.H.264-CRFW.mkv,Modern Family,2009,1442437,9,17,Chris Geere,62879.0,0.669
1130,1500,90,1674,336,1590,180,1524,174,0.908,28272,1,"[-0.40487200021743774, 0.21231675148010254, 0.03200070559978485, -1.4017372131347656, 0.7007855772972107, -1.5456160306930542, -0.8716331720352173, 0.7809893488883972, -0.0562882199883461, -0.6258643269538879, 1.8248400688171387, -0.39445939660072327, -1.47482168674469, -0.03625655546784401, 0.696985125541687, -0.29588836431503296, -0.022438786923885345, -0.519883930683136, -1.5265246629714966, -1.1751705408096313, -0.04459231719374657, -1.2712887525558472, 0.5149974226951599, 0.49436789751052856, -0.05767209455370903, -0.14583322405815125, -1.1018218994140625, -0.11095170676708221, -0.7730756998062134, -2.154348373413086, 0.355057030916214, -0.31653892993927, -0.16662538051605225, -1.0027638673782349, 0.3231896162033081, 0.7918413877487183, 0.30178430676460266, 1.2645541429519653, 1.7494542598724365, 0.3235875368118286, -2.2134439945220947, 0.019032219424843788, 0.9969558715820312, -1.6706362962722778, -1.3227505683898926, 0.4551540017127991, -0.5570201277732849, -0.3061148524284363, -0.4629407525062561, -0.4356699585914612, 0.14616498351097107, -2.0891199111938477, 0.2283225655555725, 0.12353233993053436, -0.3465842306613922, 0.3714338541030884, 1.5320018529891968, 0.5058683156967163, -0.32078030705451965, 1.1439101696014404, -0.05208807811141014, -0.6615325212478638, -1.305500864982605, 0.4850310981273651, 1.0924142599105835, -1.2190978527069092, -0.21522000432014465, -0.916767954826355, 0.2979174256324768, 1.682434320449829, -0.1123608648777008, 1.7339102029800415, -2.590364694595337, 0.938005268573761, 0.3597966432571411, -0.008742902427911758, 0.7545270919799805, 0.6382281184196472, -1.0279617309570312, 0.24495916068553925, -0.16955453157424927, -0.38339367508888245, 0.2738429605960846, -0.999176025390625, -1.0725022554397583, 0.052171602845191956, 0.7552934288978577, -1.5662461519241333, -1.8616942167282104, -0.6117643117904663, 1.1043680906295776, -1.9851194620132446, -1.0469722747802734, -1.1174710988998413, -0.2847670316696167, -0.14760278165340424, -1.5997741222381592, 1.0724272727966309, 1.0555105209350586, -1.1917505264282227, -1.6898235082626343, -2.2525837421417236, 0.6197189092636108, 0.5362249612808228, 1.645861268043518, -1.172094702720642, 0.2621956467628479, -1.2074692249298096, 0.6047486066818237, 0.5834200978279114, 1.5137336254119873, -2.0168263912200928, -0.30572032928466797, 1.3115949630737305, -0.1696702092885971, 0.20098331570625305, 1.3273817300796509, 0.9344119429588318, -0.7327595949172974, 1.8080674409866333, -0.2882198691368103, -0.9077063798904419, -0.767235279083252, 0.5590430498123169, -1.7734280824661255, -0.2051919400691986, -1.86178719997406, -0.7188696265220642]",yunet,Facenet,1920,1080,/home/amos/media/tv/modern_family/Modern.Family.S09.1080p.DSNP.WEB-DL.DDP5.1.H.264-CRFW/Modern.Family.S09E17.Royal.Visit.1080p.DSNP.WEB-DL.DDP5.1.H.264-CRFW.mkv,Modern Family,2009,1442437,9,17,Julie Bowen,31171.0,0.642
1131,1134,426,1338,684,1248,528,1170,522,0.903,28272,2,"[0.26702457666397095, 0.38556191325187683, -0.04698196426033974, 1.309385061264038, -0.11912116408348083, -0.6979497671127319, -0.8360256552696228, 1.5020750761032104, 0.7817758321762085, -0.6789377927780151, -0.10864607989788055, 1.1530802249908447, 1.4191514253616333, 0.3107912540435791, -1.3304444551467896, -0.7077217102050781, 0.774216890335083, 0.12294375896453857, -1.5010651350021362, 2.4633355140686035, -1.5307673215866089, 0.8906083106994629, 1.0322091579437256, 0.23756232857704163, 0.09459100663661957, 0.3996744453907013, -2.9175453186035156, 2.4101319313049316, 0.2873091697692871, -2.7510266304016113, -0.9104454517364502, -0.9192755818367004, -0.9188341498374939, -1.2267423868179321, 0.608701765537262, 0.3966805338859558, 0.3286817967891693, 0.3958149552345276, 0.16157802939414978, 0.5662941932678223, -0.1545211225748062, 1.030548334121704, -0.26791810989379883, 0.5238785147666931, -0.16813528537750244, -0.28257283568382263, -0.14471279084682465, 0.2692909240722656, -0.49193763732910156, -0.10548858344554901, 1.6730875968933105, -0.07238496840000153, -0.6713644862174988, -2.057236909866333, 0.05574986711144447, 0.42011141777038574, 0.9968448281288147, 1.0100045204162598, 0.8266071677207947, 0.11748946458101273, 1.5317299365997314, 0.02834732085466385, -1.3743690252304077, -0.4580170810222626, 0.031266842037439346, 0.7446310520172119, 0.4705316722393036, 0.7635735869407654, 1.1411627531051636, -0.9358607530593872, -1.4089162349700928, 1.2577314376831055, -0.8742790222167969, 0.6541997790336609, 0.18010251224040985, 0.5194577574729919, 0.25331151485443115, 0.16653801500797272, 0.4499210715293884, -0.4569546580314636, 0.2154620885848999, -0.7128579616546631, 0.31397613883018494, -0.5163885951042175, -1.7539105415344238, -1.6816097497940063, 0.6291252970695496, -1.0823863744735718, -0.3749913275241852, -0.12038655579090118, 0.06785891205072403, -1.50713312625885, -1.9475798606872559, -0.5415716767311096, -0.48005616664886475, -1.3456177711486816, 1.151533603668213, -0.5295360684394836, -0.226162850856781, -0.567962110042572, 0.30764615535736084, 1.1122492551803589, -2.5684003829956055, -0.5082782506942749, -1.1684447526931763, 0.7414191961288452, 1.9713037014007568, -3.4529662132263184, 0.5517883896827698, 0.673881471157074, 0.6617251038551331, 2.7638485431671143, 1.4669909477233887, -0.5227281451225281, 0.802306592464447, 1.5149375200271606, -0.4713483452796936, -1.191748857498169, 0.10466170310974121, 0.012384679168462753, -0.4534013867378235, 0.32692575454711914, -0.536430299282074, -0.6737461090087891, 0.607200026512146, -1.1498143672943115, 0.7229495644569397, -0.9863995909690857]",yunet,Facenet,1920,1080,/home/amos/media/tv/modern_family/Modern.Family.S09.1080p.DSNP.WEB-DL.DDP5.1.H.264-CRFW/Modern.Family.S09E17.Royal.Visit.1080p.DSNP.WEB-DL.DDP5.1.H.264-CRFW.mkv,Modern Family,2009,1442437,9,17,Ty Burrell,15232.0,0.679
1132,1122,426,1332,702,1248,540,1158,534,0.91,28296,0,"[-0.5056769847869873, 0.4076414108276367, 0.3673386871814728, 0.9367982149124146, 0.3437995910644531, -0.5429983139038086, -1.0588703155517578, 1.3958016633987427, 0.2732994556427002, -0.3332386016845703, 0.43594735860824585, 0.8063132762908936, 0.5942817330360413, -0.42124903202056885, -0.9841973781585693, -0.4108927845954895, 0.6552624702453613, 0.023156285285949707, -1.8642609119415283, 1.9391396045684814, -1.1453744173049927, 0.8869155645370483, 0.933900773525238, 0.9642724990844727, -0.41873177886009216, 0.5698615312576294, -2.7908782958984375, 2.4016165733337402, 0.8244021534919739, -2.8160104751586914, -0.2498776614665985, -1.1355500221252441, -0.4176884889602661, -0.8758153319358826, 0.6395980715751648, 0.7965583205223083, 0.25757116079330444, -0.19262012839317322, 0.056852325797080994, 0.5124800205230713, -0.1712876707315445, 0.4411279559135437, -0.9846053123474121, 0.7066735029220581, -0.1582050323486328, -0.2312932014465332, 0.26255467534065247, 0.13937000930309296, -0.4242361783981323, -0.9458292722702026, 1.2094919681549072, -0.17093554139137268, -0.8238692879676819, -1.2319018840789795, -0.1732862889766693, 1.148244857788086, 0.9736208319664001, 0.1809733659029007, 0.47150588035583496, 0.20206743478775024, 1.317604899406433, -0.4556630849838257, -1.047914743423462, -0.6013829112052917, -0.2141130268573761, 1.2416882514953613, 0.9294866323471069, 1.216812252998352, 1.2651546001434326, -0.42997944355010986, -1.7965272665023804, 1.5649356842041016, -0.6336104273796082, 0.56243896484375, 0.3665417730808258, 0.7440523505210876, 0.12831665575504303, 0.3580697774887085, -0.0359116867184639, 0.42086052894592285, -0.6505498290061951, -1.1207711696624756, -0.24728643894195557, -0.41325652599334717, -1.4466863870620728, -1.3363330364227295, 0.17014211416244507, -0.9270574450492859, 0.414738267660141, 0.25451892614364624, 0.40146923065185547, -1.5532275438308716, -1.6323833465576172, -0.4764957129955292, -0.005040004849433899, -1.6905332803726196, 1.0495975017547607, -0.5447824597358704, 0.19012413918972015, -0.736793577671051, 0.37154722213745117, 0.8478617668151855, -2.6919565200805664, 0.3204004168510437, -0.05540519952774048, 1.1157512664794922, 1.362716794013977, -3.4383091926574707, 0.633421778678894, 1.0293195247650146, 0.33771854639053345, 2.672152280807495, 1.1503548622131348, -0.5624179244041443, 0.8025045394897461, 1.5769524574279785, -0.8003259897232056, -1.7448681592941284, 0.11907930672168732, -0.26031118631362915, -0.6424471735954285, 0.38467130064964294, -0.6575248837471008, -0.6218485236167908, 0.7868413925170898, -1.3670363426208496, 0.9612683653831482, -0.4866082966327667]",yunet,Facenet,1920,1080,/home/amos/media/tv/modern_family/Modern.Family.S09.1080p.DSNP.WEB-DL.DDP5.1.H.264-CRFW/Modern.Family.S09E17.Royal.Visit.1080p.DSNP.WEB-DL.DDP5.1.H.264-CRFW.mkv,Modern Family,2009,1442437,9,17,Ty Burrell,15232.0,0.643
1133,732,264,1026,612,954,396,822,408,0.925,28320,0,"[-0.44956114888191223, -0.808381199836731, 0.0560058057308197, -0.9649441838264465, -0.09989896416664124, 0.6649742126464844, -0.21126049757003784, 0.7359402775764465, 1.5740597248077393, -0.6266758441925049, 1.3890886306762695, 0.13868673145771027, -2.6129584312438965, 0.19736456871032715, -1.1820632219314575, -0.6975004076957703, -1.069162368774414, -0.6318322420120239, 0.08819054067134857, -1.1417261362075806, -0.12607266008853912, -2.1509199142456055, -0.7443274855613708, -2.462125301361084, -0.6567042469978333, -0.1636667251586914, 0.34917181730270386, -1.4811820983886719, -0.9919881820678711, -0.5525328516960144, -1.7167891263961792, 0.8922438621520996, -1.0937460660934448, -0.023873306810855865, 0.3964290916919708, 0.30357658863067627, -0.8443114161491394, 0.7030332684516907, 1.8331594467163086, -1.0049426555633545, 0.5718156099319458, 0.9663378596305847, -2.1535792350769043, -0.9613696336746216, -0.04946628957986832, -2.658062696456909, -0.4484604299068451, 2.2985496520996094, 1.0255846977233887, 0.8368486166000366, 0.18332825601100922, 0.9523382782936096, 0.924288809299469, -0.7455843687057495, 1.1735655069351196, -1.4157803058624268, 2.562934160232544, 1.286429524421692, -1.1609026193618774, 0.8670732975006104, 0.018753781914711, -1.7359596490859985, -0.2991761565208435, 1.1940369606018066, 1.7647411823272705, 1.1687121391296387, -0.10103554278612137, 0.42026177048683167, 0.0830809623003006, -0.32330548763275146, -0.8684306740760803, -0.6044435501098633, -3.055708169937134, 1.3901933431625366, 1.0959731340408325, -0.48618343472480774, -1.1661986112594604, 1.0907158851623535, -0.39883190393447876, -0.15202662348747253, -1.5168161392211914, -0.8318092823028564, 1.2991366386413574, -1.976222276687622, -0.8845881819725037, 0.28648778796195984, 0.03160455450415611, 0.6061410903930664, -1.5707528591156006, -0.059236910194158554, -1.0824919939041138, 0.06627779453992844, 0.5735890865325928, 0.4529576003551483, 0.7943499684333801, 1.2241995334625244, -2.5222740173339844, 0.4343527853488922, -0.949899435043335, 0.448117196559906, -0.7226855754852295, -1.1860287189483643, -1.5792908668518066, -0.016204241663217545, 0.875205397605896, 0.30368369817733765, -0.0011370191350579262, 0.03868623450398445, -0.523930549621582, -0.3125873804092407, 1.0295591354370117, -0.709430992603302, -0.4978269040584564, -0.2248966097831726, -1.031737208366394, 1.5205706357955933, 0.29680007696151733, -0.09637486934661865, -0.17638245224952698, 1.2283598184585571, -1.484822154045105, -0.6485580205917358, -0.35074782371520996, -0.41105857491493225, -0.5207822322845459, 0.26096731424331665, -1.3469643592834473, -0.24267391860485077]",yunet,Facenet,1920,1080,/home/amos/media/tv/modern_family/Modern.Family.S09.1080p.DSNP.WEB-DL.DDP5.1.H.264-CRFW/Modern.Family.S09E17.Royal.Visit.1080p.DSNP.WEB-DL.DDP5.1.H.264-CRFW.mkv,Modern Family,2009,1442437,9,17,Chris Geere,62879.0,0.633
1134,702,252,1002,618,936,384,804,384,0.921,28344,0,"[-0.48286548256874084, -0.8622349500656128, -0.6509084105491638, -1.0665132999420166, -0.08819580078125, 0.21186429262161255, -0.3416557013988495, 1.3496111631393433, 0.8384029269218445, 0.3561975657939911, 2.1723570823669434, 0.7150476574897766, -2.4099788665771484, 0.3343397378921509, -0.692396879196167, -0.858176589012146, -0.8195372819900513, -0.5412071943283081, -0.646823525428772, -1.4264881610870361, 0.109142005443573, -2.510460615158081, -1.412674069404602, -1.886117935180664, -0.6527320742607117, -0.5834000110626221, 0.4520946145057678, -0.9280108213424683, -1.155169129371643, -0.5401532649993896, -1.2671682834625244, 2.2184958457946777, -1.1077960729599, 0.11930831521749496, 0.7517474293708801, 0.11950226128101349, -1.0052833557128906, -0.47656530141830444, 0.9140632748603821, -1.4078494310379028, 0.36495038866996765, 1.011168360710144, -1.982401967048645, -1.067386269569397, 0.08337979763746262, -3.3678503036499023, 0.04343462362885475, 2.1948001384735107, 1.7398895025253296, 1.0398828983306885, 0.28990066051483154, 0.7490919828414917, 1.056186318397522, -0.915618360042572, 1.4879993200302124, -1.0284762382507324, 1.5997027158737183, 0.9941763877868652, -0.1107206642627716, 0.41859138011932373, -0.6954857707023621, -1.2813059091567993, 0.8527727723121643, 1.3162175416946411, 2.490065336227417, 0.5443352460861206, -0.5376775860786438, 0.6303108334541321, 0.42358264327049255, -0.4705663323402405, -1.0568904876708984, -0.7181603908538818, -2.6531786918640137, 1.870300531387329, 0.4594036042690277, -1.6460096836090088, -0.8543480634689331, 0.48103034496307373, -0.6610121130943298, -0.4557892084121704, -1.0752390623092651, -1.2198811769485474, 0.16070431470870972, -1.8648426532745361, -0.7742877006530762, 0.11345577239990234, -1.0140111446380615, 0.3775913119316101, -0.9633444547653198, 0.1402951031923294, -1.2982717752456665, 0.39520931243896484, -0.21724332869052887, 0.6811718940734863, 1.1969648599624634, 1.692734956741333, -1.5952653884887695, 0.07731430977582932, 0.054552800953388214, 1.0101629495620728, -1.436924695968628, -1.018791913986206, -1.1532760858535767, -0.4799644649028778, 0.692385196685791, 0.612054705619812, 0.4648921489715576, 0.3244285583496094, -0.32428810000419617, -0.24621988832950592, 1.1486806869506836, -0.41500455141067505, -0.40700361132621765, -0.07270736992359161, -0.1834869235754013, 1.5844463109970093, 1.2512378692626953, -0.5154021978378296, -0.32348090410232544, 1.4912774562835693, -1.8369085788726807, -0.9748055934906006, 0.026597613468766212, -0.447677880525589, -1.1782313585281372, 1.0179855823516846, -1.1748548746109009, -0.973408043384552]",yunet,Facenet,1920,1080,/home/amos/media/tv/modern_family/Modern.Family.S09.1080p.DSNP.WEB-DL.DDP5.1.H.264-CRFW/Modern.Family.S09E17.Royal.Visit.1080p.DSNP.WEB-DL.DDP5.1.H.264-CRFW.mkv,Modern Family,2009,1442437,9,17,Chris Geere,62879.0,0.587
1135,942,408,1152,696,1080,516,990,510,0.917,28368,0,"[1.1341421604156494, 0.7659201622009277, 1.0429887771606445, -0.23750120401382446, -0.3868076801300049, 0.4690694510936737, -0.47314897179603577, 0.18883240222930908, 0.05015634745359421, -0.21683743596076965, -0.42106229066848755, 1.1111266613006592, 0.9514181017875671, -0.7870768308639526, -1.3798141479492188, 0.3807299733161926, -0.4790795147418976, -0.05101679265499115, -0.08483611047267914, 0.9921283721923828, -0.7777488231658936, 1.3032078742980957, 0.2310115396976471, 1.490488886833191, -0.12051796913146973, 1.2541691064834595, -2.678083658218384, 1.6689013242721558, 1.3656526803970337, -1.6137886047363281, -0.7271088361740112, -0.9201166033744812, -1.38827645778656, -0.46684151887893677, 0.8162340521812439, 0.14933036267757416, -0.2776317596435547, 0.9663423299789429, 1.1690568923950195, 1.079925537109375, 0.6826319694519043, 0.5279306173324585, -0.7929185628890991, 0.18641021847724915, -0.29620420932769775, 0.5861541032791138, 0.8468726277351379, -0.3375892639160156, -0.016044579446315765, -1.9371074438095093, 0.1701674610376358, -0.6939153075218201, -0.10316579788923264, -1.0728371143341064, -0.2951582968235016, 0.27078548073768616, 1.5755228996276855, 0.25188618898391724, 0.5730181932449341, 0.9963011741638184, 1.2888379096984863, -0.5991098880767822, -1.1914352178573608, -0.9496206045150757, -0.1982557773590088, 1.388983130455017, 2.0548717975616455, 0.6117062568664551, 1.795591950416565, 0.23851725459098816, -0.5407017469406128, 1.9059576988220215, -1.2991667985916138, 1.5028613805770874, 0.35587185621261597, 0.5378389358520508, -0.5902762413024902, 1.6788278818130493, 0.9924492239952087, 0.4819525480270386, 0.27687522768974304, -2.4402925968170166, 0.41823306679725647, -1.0246325731277466, -1.2751914262771606, -0.6852381229400635, 0.5748817324638367, -0.8155786991119385, -0.0878470242023468, 0.11192633211612701, 1.5456970930099487, -1.3721798658370972, -1.0555630922317505, -1.2615103721618652, 0.5622742176055908, -0.5633026957511902, 0.6949459910392761, -0.4657444357872009, 0.6919167041778564, -1.0006182193756104, -0.4975702166557312, 0.605157732963562, -2.3231329917907715, 0.23327215015888214, -0.8490737676620483, 1.1905931234359741, 0.2618865668773651, -2.4019968509674072, -0.22651967406272888, 0.7012392282485962, 0.2473146766424179, 1.830002784729004, 0.31320977210998535, -1.044839859008789, 0.46831586956977844, 1.503660798072815, -1.2701284885406494, -0.7302781939506531, 0.39873310923576355, -0.3468329608440399, -0.5218756198883057, 0.6262650489807129, -0.3014985918998718, -0.6916553974151611, 1.066107153892517, -1.1479183435440063, 0.5586944818496704, -1.7844841480255127]",yunet,Facenet,1920,1080,/home/amos/media/tv/modern_family/Modern.Family.S09.1080p.DSNP.WEB-DL.DDP5.1.H.264-CRFW/Modern.Family.S09E17.Royal.Visit.1080p.DSNP.WEB-DL.DDP5.1.H.264-CRFW.mkv,Modern Family,2009,1442437,9,17,Ty Burrell,15232.0,0.74
1136,1368,78,1542,306,1476,168,1398,168,0.911,28368,1,"[0.6307681798934937, 0.3327741324901581, 0.5278120040893555, -1.5172033309936523, 1.9160380363464355, -0.47162458300590515, -0.8002278208732605, 0.4537773132324219, -0.0193545613437891, -0.25718870759010315, 0.34120580554008484, 0.35971465706825256, -0.6454484462738037, -0.4352625608444214, 0.85280442237854, 0.10446536540985107, -0.40458250045776367, -1.131277322769165, -0.6006829738616943, -0.3654741048812866, -0.07664193212985992, 0.41069021821022034, 0.6938729882240295, 0.576026976108551, -0.7364295721054077, 0.3393230736255646, -1.0329893827438354, 0.4520854353904724, -0.7732967734336853, -1.596960186958313, -0.1445797085762024, -0.3489483594894409, -1.0162922143936157, -0.540053129196167, -0.06723176687955856, 1.0990132093429565, 0.12408528476953506, 0.40331023931503296, 0.9455729126930237, 0.4940643012523651, -1.786906361579895, 0.9889719486236572, 1.2798476219177246, -1.070078730583191, -1.3768771886825562, 0.3972179889678955, -1.4236540794372559, -0.36678996682167053, -0.5341079831123352, -0.4293208122253418, 1.6302679777145386, -2.992502212524414, 0.17067497968673706, -0.04207233339548111, -0.9524820446968079, -1.0773835182189941, 1.36154043674469, -0.5998784899711609, -1.3412742614746094, 0.2409949004650116, -0.8232843279838562, -1.2023745775222778, -0.6234130859375, 0.23698878288269043, -0.47510746121406555, -1.7440423965454102, 0.4947807192802429, -1.1616148948669434, 0.7126961946487427, 1.3843461275100708, -0.13887661695480347, 2.5241963863372803, -2.8074135780334473, 1.0587140321731567, 0.4461716413497925, 0.6041744351387024, 0.42898502945899963, 1.4784003496170044, -1.027101755142212, 0.6156588196754456, -1.191226840019226, 0.7200555801391602, 0.014352824538946152, -0.728722870349884, -2.125443458557129, -0.6679822206497192, 2.191648483276367, -1.5191328525543213, -1.1896945238113403, -0.38264450430870056, 1.0712724924087524, -2.050920009613037, -0.9287311434745789, -0.08265631645917892, 0.6243948936462402, -1.4320158958435059, -0.8724879026412964, 0.14724573493003845, 1.7037785053253174, -0.579246461391449, -0.15246108174324036, -2.5700573921203613, -0.5603013038635254, 0.5533188581466675, 0.7353366613388062, -1.2799346446990967, -1.1277912855148315, -1.912028193473816, 0.3777770698070526, 0.6582542657852173, 1.8833751678466797, -2.162174940109253, -0.360503613948822, 2.010023593902588, 1.064630150794983, 0.9752218723297119, 0.5949887037277222, 0.4575367569923401, -0.9431523084640503, 0.8530084490776062, -0.6338887810707092, -0.5691934823989868, -1.0501822233200073, 0.3814249634742737, -1.2788093090057373, -0.788260817527771, -1.9800258874893188, -1.1007410287857056]",yunet,Facenet,1920,1080,/home/amos/media/tv/modern_family/Modern.Family.S09.1080p.DSNP.WEB-DL.DDP5.1.H.264-CRFW/Modern.Family.S09E17.Royal.Visit.1080p.DSNP.WEB-DL.DDP5.1.H.264-CRFW.mkv,Modern Family,2009,1442437,9,17,Julie Bowen,31171.0,0.571
1137,624,162,858,468,816,300,714,294,0.918,28464,0,"[0.46371719241142273, -1.9694124460220337, -1.3897329568862915, -1.0623210668563843, -0.2461179792881012, 1.3258955478668213, 1.3345179557800293, 0.9260194897651672, -0.2019985020160675, 0.33194902539253235, 0.248693585395813, -0.9664345979690552, -1.414327621459961, 0.851067304611206, -1.1442514657974243, 0.24697653949260712, -0.3574438691139221, -2.2633585929870605, -0.5906952619552612, -1.8107331991195679, 0.489045113325119, -1.2586885690689087, -0.7143471837043762, -1.8294765949249268, -0.6307103633880615, -0.03275775909423828, 1.0855542421340942, -1.7927523851394653, -0.23753134906291962, 0.8649420142173767, -0.7874178886413574, 2.4899797439575195, -0.5815815925598145, 1.028809666633606, -0.38221821188926697, -0.36987626552581787, -0.7842681407928467, 1.074867844581604, 1.805919885635376, -0.9973429441452026, 0.6527372002601624, 1.4956939220428467, -2.0374467372894287, -1.5865733623504639, -0.7273761034011841, -2.48779034614563, 0.4591433107852936, 1.6467820405960083, 0.15521299839019775, 0.07860167324542999, -1.020432949066162, 0.44159507751464844, -0.7630128264427185, 0.08884444832801819, 1.1846752166748047, -1.2872320413589478, 0.9231762290000916, 1.0589741468429565, -0.6469346880912781, -0.35186636447906494, -2.0019071102142334, -1.7473913431167603, -0.113835409283638, 1.4458590745925903, 1.3161510229110718, 0.3149142861366272, -0.9023351669311523, 2.2391324043273926, -0.3273005485534668, -0.6661323308944702, -0.6429216265678406, 0.9904682636260986, -1.6283453702926636, 1.0537045001983643, 1.271803855895996, 0.4294261634349823, -1.6497701406478882, 0.7080422639846802, -0.23868727684020996, -0.2072528898715973, -2.046847343444824, -0.4152280390262604, -0.7626962661743164, -1.899134635925293, -0.544327437877655, 0.5053421258926392, -0.17064115405082703, -0.3146718442440033, -1.7156859636306763, 0.2313242256641388, 0.8079167604446411, 0.4376918077468872, 0.5389427542686462, -0.36705440282821655, 1.1247317790985107, 2.2112576961517334, -1.378138780593872, 1.018680453300476, -0.37269169092178345, -0.18819092214107513, -1.0285067558288574, -0.9403916001319885, -2.17336368560791, -0.598007321357727, 0.28270041942596436, -0.2273080199956894, -0.08093081414699554, -1.2275341749191284, -0.28959500789642334, -0.016205690801143646, 0.25912874937057495, -0.7600837349891663, 0.16821922361850739, -1.1144740581512451, -0.6058765053749084, 0.9250286817550659, -0.4445621967315674, -0.2118527591228485, -0.4661373794078827, 1.035757064819336, -0.9340092539787292, 0.5539284944534302, 0.6788023710250854, -0.028661129996180534, -1.0128004550933838, 0.4372413456439972, -1.2777963876724243, -0.1267927885055542]",yunet,Facenet,1920,1080,/home/amos/media/tv/modern_family/Modern.Family.S09.1080p.DSNP.WEB-DL.DDP5.1.H.264-CRFW/Modern.Family.S09E17.Royal.Visit.1080p.DSNP.WEB-DL.DDP5.1.H.264-CRFW.mkv,Modern Family,2009,1442437,9,17,Chris Geere,62879.0,0.596
1138,696,174,936,486,900,294,840,288,0.909,28488,0,"[0.3568944036960602, -2.6858651638031006, -1.1209453344345093, -0.9425746202468872, 0.03153835982084274, 1.572225570678711, 0.8446450233459473, 1.1712102890014648, -0.1771891713142395, 0.0799209475517273, -1.0058969259262085, -1.669398546218872, -1.2554758787155151, 0.6390900611877441, -1.2999626398086548, -0.4813765287399292, -0.42481279373168945, -1.9483860731124878, -0.4252628982067108, -1.3608007431030273, 1.5950384140014648, -1.0714603662490845, 0.03137578070163727, -1.6622041463851929, 0.39474231004714966, -0.044788673520088196, 0.4475773274898529, -1.5788325071334839, 0.7792084217071533, 0.6362090110778809, -0.690576434135437, 2.095062494277954, -0.20855025947093964, -0.17027893662452698, -0.005453518591821194, -0.11226482689380646, -1.4912132024765015, 1.366876244544983, 0.542210578918457, -1.3177485466003418, 0.7673004865646362, 1.7391507625579834, -2.6675057411193848, -2.1230101585388184, 0.12332773208618164, -2.462444305419922, 0.5617218613624573, 2.533520460128784, -0.44512319564819336, -0.322726845741272, -1.0186485052108765, 1.0641306638717651, -0.4428538382053375, -0.15499275922775269, 0.5142492651939392, -0.7502569556236267, 1.2328314781188965, 0.9548248052597046, -0.6158989667892456, 0.3612338602542877, -0.730777382850647, -2.3059792518615723, 0.248014897108078, 1.5378249883651733, 0.2244013547897339, -0.4760739803314209, 0.3208563029766083, 1.413822889328003, 0.355007529258728, -0.9885996580123901, -0.6159842014312744, 0.6672276258468628, -2.383657693862915, 0.9466261267662048, 1.151644229888916, -0.8991678357124329, -1.4473415613174438, 0.8627767562866211, -0.22532251477241516, -0.3388407826423645, -1.7726383209228516, -0.334577351808548, -0.07996262609958649, -1.7311029434204102, -1.3240777254104614, 1.0253897905349731, 0.9302718639373779, -1.8483319282531738, -0.8772857189178467, -0.22605201601982117, 0.32080668210983276, 0.5368015170097351, 0.015975896269083023, 0.4102432429790497, 0.9511269330978394, 2.2099661827087402, -1.4304425716400146, -0.4306638538837433, 0.13018798828125, 0.8255362510681152, -0.9098725914955139, 0.2946770489215851, -1.6002366542816162, -0.2672306001186371, 0.399311900138855, -0.8438020944595337, -0.9299041032791138, -1.3796703815460205, 0.6694338321685791, 0.11177124083042145, -1.0999720096588135, -1.2602143287658691, 0.1846124529838562, -0.3798394203186035, -0.7771234512329102, 0.5840636491775513, -0.563321590423584, -0.04528096318244934, -1.9065369367599487, 0.13105690479278564, -0.5011531710624695, 1.3222450017929077, -0.45531558990478516, -0.09516528248786926, -1.1391080617904663, 1.502435326576233, -1.3354395627975464, -0.9914437532424927]",yunet,Facenet,1920,1080,/home/amos/media/tv/modern_family/Modern.Family.S09.1080p.DSNP.WEB-DL.DDP5.1.H.264-CRFW/Modern.Family.S09E17.Royal.Visit.1080p.DSNP.WEB-DL.DDP5.1.H.264-CRFW.mkv,Modern Family,2009,1442437,9,17,Chris Geere,62879.0,0.605
1139,594,168,834,480,804,288,714,288,0.909,28512,0,"[-0.684134840965271, -2.8517866134643555, -0.4019545912742615, -0.7661643624305725, -0.6947654485702515, 0.9369685053825378, 0.4479508399963379, 0.6699867844581604, -0.2977219521999359, -0.20463037490844727, -0.2143593430519104, -0.6529234647750854, -0.6915655136108398, -0.3725179135799408, -0.9069132804870605, -0.5110864043235779, -0.5840026140213013, -1.3024240732192993, 0.30901557207107544, -0.7172807455062866, 0.8058938980102539, -1.4687527418136597, -0.39838579297065735, -1.2285045385360718, -0.37770992517471313, -0.20317625999450684, 1.0609495639801025, -1.4199304580688477, 0.392500638961792, 0.7623512148857117, -1.1415739059448242, 1.9499398469924927, -0.37872761487960815, 0.2784159779548645, -0.9574840664863586, -0.3421037793159485, -0.007413968443870544, 0.6959137916564941, 1.370549201965332, -1.5146092176437378, 1.2106746435165405, 1.5843653678894043, -2.536879539489746, -1.2549700736999512, -0.13821208477020264, -2.2548422813415527, 1.1600136756896973, 1.9764868021011353, -0.23571884632110596, -0.10678106546401978, -0.5924897789955139, 0.5019752383232117, -0.7997403740882874, 0.3299162983894348, 0.31980666518211365, -0.8951424956321716, 1.4166572093963623, 1.673470139503479, -0.21005824208259583, 0.4568779766559601, -0.4464934468269348, -2.79654598236084, -0.08598414063453674, 1.1220191717147827, 1.1863622665405273, 0.5409442186355591, 0.5000622272491455, 1.3589967489242554, -0.8486999273300171, -1.0592856407165527, -1.2045025825500488, 0.521411657333374, -1.914946436882019, 2.0839040279388428, 0.9109123945236206, -0.16910365223884583, -1.543139100074768, 1.2295238971710205, -0.6779821515083313, 0.20342867076396942, -3.003056764602661, -0.4964781701564789, -0.3785324692726135, -0.9877375364303589, -0.9998470544815063, 0.6729623079299927, 1.3545341491699219, -0.6953586339950562, -2.3334434032440186, 0.09231196343898773, 0.34272605180740356, 0.3462451994419098, 0.11208023130893707, -0.3083041310310364, 0.40211933851242065, 1.4058901071548462, -1.29678213596344, -0.3125341534614563, -0.04875081032514572, -0.2841760814189911, -1.3023191690444946, -0.5485120415687561, -0.860806941986084, -0.3268105983734131, 0.07350849360227585, -0.02981519140303135, -1.17676842212677, -1.105650544166565, 0.9010897874832153, -0.027471695095300674, -0.3160952925682068, -1.9797101020812988, 0.6157773733139038, -0.8998476266860962, -0.3757614195346832, 1.049978256225586, -0.33658096194267273, -0.2738690972328186, -1.1498534679412842, 1.1917052268981934, -1.345590353012085, 0.556901216506958, -0.29002583026885986, 0.3843230605125427, -1.032726764678955, 1.0953590869903564, -1.1628743410110474, -0.5267861485481262]",yunet,Facenet,1920,1080,/home/amos/media/tv/modern_family/Modern.Family.S09.1080p.DSNP.WEB-DL.DDP5.1.H.264-CRFW/Modern.Family.S09E17.Royal.Visit.1080p.DSNP.WEB-DL.DDP5.1.H.264-CRFW.mkv,Modern Family,2009,1442437,9,17,Chris Geere,62879.0,0.632
1140,624,186,876,516,846,318,756,312,0.909,28536,0,"[-0.5190489292144775, -2.138653039932251, 0.00590965710580349, -1.0313897132873535, -0.6650357842445374, 1.6384156942367554, 1.1195131540298462, 1.376267433166504, -0.46375730633735657, -0.17524559795856476, 0.1769055724143982, -1.1641077995300293, -1.5641701221466064, -0.32600027322769165, -1.0685826539993286, 0.23530171811580658, -0.4886711537837982, -1.2496751546859741, 0.14345265924930573, -0.3193150758743286, 0.8881913423538208, -0.9046186804771423, 0.019987069070339203, -1.56721830368042, -0.18712936341762543, 0.7369502782821655, 0.18572545051574707, -1.5972230434417725, 0.6348937749862671, 0.7377742528915405, -1.139162540435791, 1.6893171072006226, -0.9114095568656921, 0.5045198202133179, -0.13144564628601074, -0.618337094783783, -0.06881409138441086, 1.42306649684906, 1.5910842418670654, -1.2692952156066895, 0.6644479632377625, 1.276204228401184, -2.7122819423675537, -1.1206157207489014, 0.44393491744995117, -1.750051736831665, 0.8236368894577026, 2.3829751014709473, 0.10431265830993652, 0.25755760073661804, -0.23587535321712494, 1.2354767322540283, -0.2438972294330597, 0.20738987624645233, -0.31414979696273804, -0.8226350545883179, 1.467954158782959, 1.5145963430404663, -0.43273380398750305, 1.1223593950271606, -0.06610620021820068, -1.9797261953353882, -0.5105394124984741, 1.6194088459014893, 1.2137999534606934, -0.1379227191209793, 0.5847015380859375, 0.7579438090324402, -0.06827439367771149, -1.0329983234405518, -0.9755208492279053, -0.12003934383392334, -1.9087908267974854, 1.4943199157714844, 1.7452162504196167, -0.5032191872596741, -1.753976821899414, 1.5001726150512695, -0.5598663687705994, 0.5633424520492554, -2.524799346923828, -0.8159509897232056, -0.3825659155845642, -1.935206651687622, -1.4361802339553833, 0.9653539657592773, 1.1009552478790283, -0.8293928503990173, -1.825730323791504, -0.1769542247056961, -0.09092894941568375, 0.6574268341064453, -0.02582486905157566, -0.6062830090522766, 1.1998205184936523, 1.5593470335006714, -0.9787628054618835, -0.9614927768707275, -0.212705597281456, 0.04322599619626999, -0.9098669290542603, -0.35247448086738586, -1.9501177072525024, 0.3597988188266754, -0.051859721541404724, 0.062142156064510345, -0.6827925443649292, -1.494839072227478, 0.8978100419044495, 0.012044953182339668, -0.7686894536018372, -1.7230703830718994, 0.6989560127258301, -0.892541766166687, -0.44123318791389465, 0.7611594200134277, -0.6746435165405273, -0.14049994945526123, -1.3719233274459839, 0.43178409337997437, -0.9643127918243408, 0.2099873572587967, -0.534270167350769, 0.2632739543914795, -1.5099936723709106, 0.9508971571922302, -1.073857307434082, -0.4903357923030853]",yunet,Facenet,1920,1080,/home/amos/media/tv/modern_family/Modern.Family.S09.1080p.DSNP.WEB-DL.DDP5.1.H.264-CRFW/Modern.Family.S09E17.Royal.Visit.1080p.DSNP.WEB-DL.DDP5.1.H.264-CRFW.mkv,Modern Family,2009,1442437,9,17,Chris Geere,62879.0,0.561
1141,666,186,900,498,876,306,786,300,0.909,28560,0,"[-0.4136771559715271, -2.4534618854522705, -0.29854318499565125, -1.5158711671829224, -0.3051171898841858, 1.5048580169677734, 0.2823600471019745, 2.0288960933685303, -0.2616042196750641, -0.193870410323143, -0.685265064239502, -1.379558801651001, -1.8197124004364014, 0.4895848333835602, -1.3818514347076416, -0.5022708177566528, -0.6383219957351685, -1.5158761739730835, 0.6891242265701294, -0.9448568820953369, 0.11637954413890839, -0.7530109882354736, -0.39757415652275085, -0.8151804208755493, -0.7888117432594299, 0.578618049621582, -0.019744347780942917, -1.6956349611282349, 1.145598292350769, 0.8580467700958252, -0.8232728242874146, 1.6265294551849365, -0.08265622705221176, -0.031356967985630035, -0.4399266242980957, 0.2687395513057709, -0.5446694493293762, 1.6937154531478882, 1.203141689300537, -1.426339864730835, 1.1533654928207397, 0.7535514831542969, -2.9363794326782227, -1.3260844945907593, 0.5804653763771057, -2.361527442932129, 0.8230467438697815, 2.542797565460205, -0.3553510904312134, -0.21691590547561646, -0.07748213410377502, 1.3433935642242432, 0.009211666882038116, -0.14587712287902832, -0.8795842528343201, -0.4028819799423218, 0.916441798210144, 0.7524248361587524, -0.1528453826904297, 1.1488893032073975, -0.7164595127105713, -2.2677721977233887, -0.8513936400413513, 1.2969937324523926, 0.667301595211029, -0.09508329629898071, 1.028196930885315, 0.5352757573127747, 0.41515642404556274, -0.936801552772522, -0.6687361598014832, -0.2784535586833954, -1.705119013786316, 1.7971937656402588, 1.1461492776870728, -0.5571204423904419, -1.759020209312439, 0.8139742016792297, -0.34020352363586426, -0.028801515698432922, -1.9604390859603882, -0.7132284641265869, -0.35602474212646484, -1.787779450416565, -1.2026578187942505, 0.6109458208084106, 1.4723026752471924, -0.6338078379631042, -0.8616889715194702, 0.6274536848068237, -0.611645519733429, 0.9027408361434937, -0.5281728506088257, -0.24302184581756592, 0.5095874071121216, 1.6149046421051025, -1.1717727184295654, -1.0284227132797241, -0.04190846532583237, 0.7170916795730591, -1.069469690322876, -0.3353733420372009, -1.4996777772903442, -0.018300658091902733, 1.4662742614746094e-05, 0.07306230068206787, -0.42912396788597107, -1.308343768119812, 1.1984994411468506, 0.09693403542041779, -0.7687016129493713, -1.4843394756317139, -0.1819111704826355, -0.4995407462120056, -0.3384849727153778, 0.22068998217582703, -0.1108054667711258, -0.6814774870872498, -1.6261965036392212, -0.006825808435678482, -0.9954465627670288, 0.5785472393035889, -1.378675937652588, 0.817171573638916, -1.2188326120376587, 1.4657443761825562, -0.7736107110977173, -0.9195182919502258]",yunet,Facenet,1920,1080,/home/amos/media/tv/modern_family/Modern.Family.S09.1080p.DSNP.WEB-DL.DDP5.1.H.264-CRFW/Modern.Family.S09E17.Royal.Visit.1080p.DSNP.WEB-DL.DDP5.1.H.264-CRFW.mkv,Modern Family,2009,1442437,9,17,Chris Geere,62879.0,0.536
1142,690,198,924,528,894,330,822,324,0.904,28584,0,"[-0.6206591129302979, -2.113445281982422, -0.6502178907394409, -1.181396722793579, -1.1820909976959229, 1.9230130910873413, 1.162325143814087, 1.1026347875595093, -0.0642283707857132, 0.33125174045562744, -0.3072119951248169, -1.286362886428833, -2.342109441757202, 0.020797789096832275, -1.3785483837127686, 0.2906450033187866, -1.3968130350112915, -0.9057110548019409, 0.4858388602733612, -0.9070360660552979, 1.0735315084457397, -0.7450864911079407, -0.4543660879135132, -1.2454745769500732, 0.1451634019613266, 0.5325271487236023, 0.5445106029510498, -2.603726863861084, 0.9244306683540344, 1.0710499286651611, -0.13547132909297943, 1.8815314769744873, 0.09841489791870117, 0.4615955352783203, -0.2708452343940735, -0.8305489420890808, -0.47069481015205383, 2.037503242492676, 1.821603775024414, -1.3089722394943237, 0.6575777530670166, 1.3151968717575073, -2.793511390686035, -1.799380898475647, 0.0717436894774437, -2.015554189682007, 0.7726483941078186, 2.0251846313476562, 0.016160793602466583, 0.21920974552631378, -1.296264886856079, 0.8725034594535828, 0.6732848882675171, 0.7248564958572388, -0.08366276323795319, -1.0704576969146729, 0.7152919769287109, 1.5912131071090698, -0.3684018552303314, 0.8665180206298828, -0.47740638256073, -1.8500727415084839, -1.2726006507873535, 1.0167417526245117, 1.6012086868286133, -0.3676697015762329, 0.7151100635528564, 1.7685235738754272, -0.05637234449386597, -0.7303258180618286, -0.7223384380340576, -0.02645144611597061, -2.042501926422119, 1.200227975845337, 0.8008943200111389, -0.7462266087532043, -1.5091359615325928, 1.0232386589050293, -0.14046022295951843, 0.45316600799560547, -1.7586601972579956, -1.790022611618042, -0.1911177635192871, -1.9004652500152588, -1.175081729888916, 1.4473854303359985, 0.7608364820480347, -0.18213984370231628, -1.7564430236816406, -0.0900111049413681, 0.24114374816417694, 0.4677225351333618, -0.3106304407119751, -0.5801005959510803, 0.691419243812561, 1.635594129562378, -2.1110103130340576, -0.3244265019893646, 0.5504963397979736, 0.11006178706884384, -1.235411524772644, 0.14329403638839722, -1.4632092714309692, -0.19232580065727234, -0.037471991032361984, -0.11015527695417404, -0.8540410995483398, -1.1967746019363403, 0.28740596771240234, -0.26335209608078003, -0.7220655679702759, -1.8235541582107544, -0.10845482349395752, -0.9929124712944031, -1.021677017211914, 0.6420727968215942, -0.7531560659408569, -0.30638429522514343, -1.1595484018325806, 1.3088757991790771, -0.924371600151062, 0.37926793098449707, -0.6803860664367676, 0.6856451630592346, -0.9204796552658081, 0.9785366654396057, -0.6066327691078186, 0.23047076165676117]",yunet,Facenet,1920,1080,/home/amos/media/tv/modern_family/Modern.Family.S09.1080p.DSNP.WEB-DL.DDP5.1.H.264-CRFW/Modern.Family.S09E17.Royal.Visit.1080p.DSNP.WEB-DL.DDP5.1.H.264-CRFW.mkv,Modern Family,2009,1442437,9,17,Chris Geere,62879.0,0.546
1143,672,162,900,474,882,294,810,282,0.908,28608,0,"[-0.2835564613342285, -2.6712255477905273, -0.11815373599529266, -0.6154406070709229, -0.06733492016792297, 1.2632005214691162, 0.6502390503883362, 1.0574274063110352, 0.6302749514579773, 0.19350093603134155, -0.8378724455833435, -1.0616692304611206, -1.2671031951904297, -0.11552953720092773, -1.2085602283477783, -1.1603087186813354, -1.1874765157699585, -1.2725207805633545, 0.9243746399879456, -1.4430968761444092, 0.44708773493766785, -1.110188364982605, -0.24183344841003418, -1.068265438079834, -0.19747468829154968, 0.2967444360256195, 0.6568273305892944, -2.344204902648926, 0.4998301863670349, 0.3839164674282074, -0.8847147226333618, 1.2732114791870117, -0.2907891571521759, -0.4744166135787964, -0.4179040193557739, 0.3137296438217163, -0.2739730179309845, 1.5138338804244995, 1.197789192199707, -1.6789188385009766, 1.9824845790863037, 1.5118485689163208, -2.340035915374756, -1.2891207933425903, -0.4328988194465637, -1.1515979766845703, 0.614678680896759, 2.1402323246002197, -1.6693229675292969, -0.07589421421289444, -0.6166010499000549, 1.2398402690887451, -0.38871023058891296, 0.5863140225410461, -0.09489463269710541, -0.9887644648551941, 1.1176209449768066, 1.3466814756393433, -0.9763405323028564, -0.7269123196601868, -0.06155794858932495, -3.085484266281128, -0.5137709975242615, 0.8451727032661438, 0.6148500442504883, 0.26800668239593506, 0.20180192589759827, 0.8099563717842102, -0.7215573191642761, -0.9162532091140747, -0.16698281466960907, -0.20768125355243683, -2.020423650741577, 1.4564967155456543, 0.46764156222343445, -0.6172524094581604, -1.3836307525634766, 1.7861429452896118, -0.6094537973403931, 0.27986711263656616, -1.9930813312530518, -1.1398887634277344, 0.15804904699325562, -1.3454322814941406, -1.4852584600448608, 0.3078288435935974, 1.9430426359176636, -0.5878338813781738, -1.4952242374420166, -0.017636515200138092, -0.45744845271110535, -0.027691923081874847, 0.3601197600364685, 0.2833653390407562, 0.4744076132774353, 1.2686964273452759, -0.9447653293609619, -0.23501792550086975, -0.3980826735496521, 0.11983335763216019, -1.5339828729629517, 0.47967225313186646, -0.8019495606422424, -0.42113804817199707, -0.06233915686607361, 0.3448564410209656, -0.8567422032356262, -1.1897748708724976, 1.132643461227417, 0.31634125113487244, -0.8041272759437561, -1.3773545026779175, 0.6734553575515747, -0.974851131439209, -0.9365589618682861, 1.11759352684021, -1.0364608764648438, -0.7140879034996033, -1.2368700504302979, -0.0735553577542305, -2.27488374710083, 0.5625571012496948, -0.48670506477355957, 0.9198236465454102, -0.23193617165088654, 1.402220606803894, -0.8858311176300049, 0.2676219940185547]",yunet,Facenet,1920,1080,/home/amos/media/tv/modern_family/Modern.Family.S09.1080p.DSNP.WEB-DL.DDP5.1.H.264-CRFW/Modern.Family.S09E17.Royal.Visit.1080p.DSNP.WEB-DL.DDP5.1.H.264-CRFW.mkv,Modern Family,2009,1442437,9,17,Chris Geere,62879.0,0.692
1144,612,456,876,804,792,594,672,594,0.926,28632,0,"[0.8273248672485352, 1.2779772281646729, 0.10765338689088821, -0.19923922419548035, 0.8533381819725037, -0.5493322014808655, -1.031644344329834, 0.4657341539859772, 0.27623823285102844, -0.2769666314125061, -1.2469559907913208, 1.5631235837936401, 1.3989346027374268, -0.5634185671806335, -0.6580640077590942, 0.467789888381958, 0.03701059892773628, -0.41872864961624146, 0.05394606292247772, 0.5877834558486938, -1.1928075551986694, 2.130466938018799, -0.5689756274223328, 0.9121868014335632, -0.8194543719291687, 1.076445460319519, -2.4577410221099854, 2.1226696968078613, 0.9310451149940491, -1.153422236442566, -0.25109347701072693, -1.1414947509765625, -0.8598476052284241, -1.131537914276123, 0.8299663066864014, -0.24380560219287872, 1.0037615299224854, 0.8842747807502747, 1.3214750289916992, 1.0010273456573486, -0.14123395085334778, 1.078284740447998, -0.9286508560180664, -0.25095266103744507, -0.5019513964653015, 0.12263599038124084, 0.4221259355545044, -0.2882300615310669, -0.49849754571914673, -0.620980978012085, -0.41741496324539185, 0.6490104794502258, -0.938675045967102, -0.41376805305480957, -0.14618848264217377, 0.030533861368894577, 1.7717927694320679, 0.062101397663354874, -0.0053411126136779785, 0.7824912071228027, 1.2105751037597656, -1.038665533065796, -0.6045923233032227, -0.6982380151748657, -0.9664502739906311, 1.3074231147766113, 1.540522813796997, 0.8261868357658386, 0.6192237138748169, -0.3261408507823944, -0.253168523311615, 1.5363383293151855, -1.0062965154647827, 0.748948335647583, 0.8051390647888184, 0.5715684294700623, -0.5717129707336426, 1.0919173955917358, 0.6981402635574341, -0.37005752325057983, -0.21187543869018555, -1.3196123838424683, 0.3545619249343872, -0.26699820160865784, -2.168379306793213, -0.3271785378456116, 0.28468722105026245, -0.5839781165122986, 0.065402552485466, -0.21968112885951996, 0.4970036447048187, -1.724287748336792, -0.6500933766365051, -2.10741925239563, 0.8318676352500916, -0.8690550327301025, 0.12230026721954346, -0.4294217824935913, 0.2932032644748688, -1.0074609518051147, 0.1952662318944931, 1.6135954856872559, -2.70680570602417, -0.7274267673492432, -0.01137629896402359, 0.7649573087692261, -0.053619734942913055, -2.674436092376709, 0.5615984797477722, 1.1183451414108276, -0.29253488779067993, 1.3658267259597778, 0.41974160075187683, -0.5009221434593201, 0.2646437883377075, 0.905738115310669, -1.9761173725128174, -0.9915251731872559, 0.246877521276474, -0.11534987390041351, -1.1636812686920166, 0.7045649290084839, -0.05524482578039169, -1.1119261980056763, 1.6013509035110474, -0.7831363081932068, 0.8901842832565308, -1.2592753171920776]",yunet,Facenet,1920,1080,/home/amos/media/tv/modern_family/Modern.Family.S09.1080p.DSNP.WEB-DL.DDP5.1.H.264-CRFW/Modern.Family.S09E17.Royal.Visit.1080p.DSNP.WEB-DL.DDP5.1.H.264-CRFW.mkv,Modern Family,2009,1442437,9,17,Ty Burrell,15232.0,0.746
1145,1140,108,1398,432,1308,216,1194,222,0.921,28632,1,"[-1.4389744997024536, -0.3401799499988556, 0.60001140832901, -1.0009636878967285, 1.4141898155212402, -1.498640775680542, -0.48132652044296265, -0.4112912714481354, 0.5002061724662781, -1.3004260063171387, 0.6453703045845032, 1.3527878522872925, 0.8937824368476868, -1.1513686180114746, 0.10170949995517731, 1.0591641664505005, 0.5969711542129517, -0.2523742914199829, -0.7658869624137878, 0.8119186162948608, 0.903538703918457, 0.8886331915855408, 0.34494802355766296, -0.30035722255706787, -0.7966707348823547, 0.7670396566390991, 0.24557003378868103, -1.0316615104675293, -1.0860515832901, -2.5905776023864746, 0.002826511859893799, -0.006629560142755508, 0.9352614879608154, 0.037358321249485016, -0.11393729597330093, 1.8216124773025513, -0.10900066792964935, 0.2288561761379242, 1.4815165996551514, 0.1082143560051918, -1.933526873588562, 0.8304579257965088, -0.07216954231262207, -1.165124773979187, -1.6162599325180054, 1.1119120121002197, -0.7479514479637146, -0.7175121307373047, -1.8786365985870361, 0.06435929238796234, -0.510457456111908, -1.3910632133483887, -1.3926273584365845, 0.7361064553260803, 0.6333012580871582, -1.0894235372543335, 0.8877488374710083, 0.34986039996147156, -1.5697145462036133, -0.6935641169548035, -0.2866111397743225, -1.9352401494979858, -1.5768239498138428, -0.25387823581695557, 0.9662622213363647, -1.5298103094100952, 0.6620321273803711, -0.9329083561897278, 0.05734831094741821, 0.5766384601593018, -0.09651600569486618, 1.0785413980484009, -2.9835782051086426, 1.2033027410507202, 1.1669284105300903, -0.16500607132911682, -0.23494437336921692, -0.38888537883758545, -0.3326587378978729, -0.4001004695892334, 0.11613268405199051, -0.4746439754962921, -0.20160961151123047, 0.9218839406967163, -0.47862812876701355, 1.335274338722229, 1.983614206314087, -0.46445322036743164, -3.059278726577759, 0.2542521357536316, 0.24153117835521698, -1.236682653427124, 0.8025819659233093, -2.124896287918091, -0.5248059630393982, -0.04754544049501419, -0.8166833519935608, 1.2130271196365356, 0.7558913230895996, -1.1908138990402222, -1.3615058660507202, -1.8268158435821533, -0.7608095407485962, 0.19266226887702942, 0.7558553218841553, -1.071313500404358, -0.8798084855079651, -1.157465934753418, 0.13342949748039246, -0.4006388187408447, 0.9384781122207642, -1.3220384120941162, 1.2283508777618408, 0.8988273739814758, 0.9865338206291199, 0.8004735708236694, -0.7055065631866455, 0.8481633067131042, 1.0463765859603882, 1.0442118644714355, -1.0767954587936401, -0.9968588352203369, -0.8839198350906372, 0.6153877973556519, 0.41871821880340576, -0.8016714453697205, -1.454119086265564, 1.3886802196502686]",yunet,Facenet,1920,1080,/home/amos/media/tv/modern_family/Modern.Family.S09.1080p.DSNP.WEB-DL.DDP5.1.H.264-CRFW/Modern.Family.S09E17.Royal.Visit.1080p.DSNP.WEB-DL.DDP5.1.H.264-CRFW.mkv,Modern Family,2009,1442437,9,17,Julie Bowen,31171.0,0.628
1146,600,462,882,840,786,606,660,606,0.915,28656,0,"[0.28662818670272827, 1.1707348823547363, 0.20039178431034088, -0.1440805196762085, -0.3754716217517853, -0.8875243663787842, -1.0646800994873047, 0.38704514503479004, -0.9440828561782837, -0.20076334476470947, -1.5834695100784302, 1.5259894132614136, 1.7609224319458008, -0.6925722360610962, -0.24660393595695496, 0.2702094316482544, -0.35463210940361023, -0.6629818677902222, -0.39484232664108276, 0.518427848815918, -1.6786961555480957, 2.2927587032318115, -1.0753451585769653, 0.8933108448982239, -1.0565015077590942, 0.6749540567398071, -2.9191715717315674, 3.031280994415283, 1.2924965620040894, -1.2965185642242432, -0.5209823846817017, -0.6599904894828796, -1.226955771446228, -0.8392441272735596, 0.7458205223083496, -1.0625256299972534, 0.9680060148239136, 0.47822335362434387, 1.0685817003250122, 0.23856477439403534, -0.35268017649650574, 1.1341887712478638, -1.1632325649261475, 0.24288907647132874, -0.12120307981967926, 0.07568205893039703, 0.9165182709693909, -0.3683643341064453, 0.5412014126777649, -0.7948900461196899, 0.16447605192661285, 0.348434180021286, -1.0279357433319092, -0.8164875507354736, -0.4847053587436676, 0.02658325806260109, 0.6406894326210022, 0.18752913177013397, -0.5130308270454407, 1.4269269704818726, 0.8635178208351135, -0.7538415789604187, -1.1595118045806885, -0.677692174911499, -0.9834166169166565, 1.8167145252227783, 1.6373149156570435, 0.7496680021286011, 1.9004697799682617, -0.5775237083435059, -0.30972084403038025, 1.524200439453125, -0.9691115021705627, 0.48547542095184326, 0.7534254193305969, 0.7870551943778992, -0.9927675724029541, 0.9259064197540283, 1.2233705520629883, 0.17045371234416962, 0.15172234177589417, -1.2037782669067383, 0.23760905861854553, -0.020820636302232742, -2.180300712585449, -0.7587288618087769, 0.13738861680030823, -0.5725542902946472, -0.3371395468711853, -0.23848283290863037, 1.08262038230896, -1.9050350189208984, -1.098433494567871, -1.5891187191009521, 1.2038770914077759, -0.3506987988948822, 0.4489043354988098, 0.0602879524230957, 1.2087857723236084, -0.8742825984954834, 0.25584256649017334, 1.367175817489624, -2.567164897918701, 0.136382594704628, -0.5613123178482056, 0.9160425662994385, 0.2944662570953369, -2.6855947971343994, -0.2766488194465637, 0.817579984664917, -0.4418310523033142, 1.1613507270812988, -0.16972851753234863, -0.7417292594909668, 0.37693455815315247, 1.2158257961273193, -1.3282212018966675, -1.0406845808029175, -0.7227215766906738, 0.0425509549677372, -0.590878963470459, 0.5438705682754517, -0.22017090022563934, -0.6055700778961182, 0.7864273190498352, -0.7747601270675659, 0.3101378083229065, -1.4379459619522095]",yunet,Facenet,1920,1080,/home/amos/media/tv/modern_family/Modern.Family.S09.1080p.DSNP.WEB-DL.DDP5.1.H.264-CRFW/Modern.Family.S09E17.Royal.Visit.1080p.DSNP.WEB-DL.DDP5.1.H.264-CRFW.mkv,Modern Family,2009,1442437,9,17,Ty Burrell,15232.0,0.741
1147,1146,120,1410,438,1314,216,1200,228,0.913,28656,1,"[-1.31049382686615, -0.32066869735717773, 0.3667648434638977, -1.230547308921814, 1.8666772842407227, -1.592460036277771, -0.5106599926948547, -0.3095656931400299, 0.31407850980758667, -1.1113115549087524, 0.2931349277496338, 1.149692177772522, 0.7910224199295044, -1.6728821992874146, 0.6053454875946045, 1.2531388998031616, -0.07141093909740448, -0.5222151279449463, -1.6659250259399414, 0.3296107351779938, 1.230128526687622, 0.5850619673728943, 0.2773238718509674, 0.42262741923332214, -1.4067364931106567, 0.6498289108276367, -0.3606714904308319, -0.7273420691490173, -0.5841891765594482, -2.200407028198242, 0.06305210292339325, -0.33005425333976746, 0.6430824398994446, -0.40544453263282776, -0.061874158680438995, 1.5641244649887085, -0.9834749102592468, 0.2865508198738098, 1.1669459342956543, -0.015537373721599579, -1.6127256155014038, 0.6649807095527649, 0.2823536992073059, -1.5019289255142212, -1.4784549474716187, 0.9350156784057617, -0.4126119017601013, -0.18704038858413696, -2.6997103691101074, -0.1699531227350235, -0.7197452783584595, -1.4229481220245361, -0.9272527694702148, 0.9678875207901001, 0.3021618723869324, -0.749544620513916, 1.2639163732528687, -0.24870625138282776, -1.7045212984085083, -0.44918084144592285, -0.6389279961585999, -1.8631069660186768, -1.6705944538116455, 0.29833415150642395, 0.42035868763923645, -1.6225770711898804, 0.9391801357269287, -1.6222515106201172, 0.2702638804912567, 0.2734410762786865, 0.18910376727581024, 1.3127562999725342, -2.8074114322662354, 1.5897929668426514, 1.0807465314865112, -0.27770495414733887, -0.567817747592926, -0.0339655838906765, -0.3420455753803253, -0.8248609900474548, 0.14885932207107544, -0.8006327152252197, -0.7125532627105713, 0.36995500326156616, -0.08177345246076584, 0.6744558811187744, 2.1592416763305664, -0.6847232580184937, -2.1373095512390137, 0.30787792801856995, 0.24468910694122314, -1.2231186628341675, 1.1209465265274048, -1.350056767463684, -0.22369521856307983, 0.19776317477226257, -0.7705696821212769, 1.0064104795455933, 0.5059412121772766, -1.6078016757965088, -1.0298793315887451, -2.3226187229156494, -0.7455282211303711, 0.48865941166877747, 1.3921902179718018, -1.503278136253357, -0.9438720941543579, -1.4511984586715698, 0.587295651435852, 0.7206125855445862, 1.0872516632080078, -0.9565313458442688, 0.9702519178390503, 1.3169894218444824, 0.2791614234447479, 0.46018263697624207, -0.8444421291351318, 0.7945945262908936, 0.08957111090421677, 0.601204514503479, -0.8754190802574158, -0.7457520961761475, -0.9143208861351013, 0.6226590275764465, -0.05561486631631851, -0.3958759307861328, -1.5011900663375854, 0.3993384540081024]",yunet,Facenet,1920,1080,/home/amos/media/tv/modern_family/Modern.Family.S09.1080p.DSNP.WEB-DL.DDP5.1.H.264-CRFW/Modern.Family.S09E17.Royal.Visit.1080p.DSNP.WEB-DL.DDP5.1.H.264-CRFW.mkv,Modern Family,2009,1442437,9,17,Julie Bowen,31171.0,0.65
1148,672,198,924,510,894,318,810,312,0.916,28680,0,"[-0.4264070689678192, -2.874990940093994, -0.29343903064727783, -0.688373863697052, 0.43711167573928833, 0.9413880109786987, 0.6692707538604736, 0.7717018723487854, 0.3055550754070282, -0.1895611733198166, -1.2924810647964478, -0.8240724205970764, -0.848793089389801, 0.40929514169692993, -0.9869221448898315, -0.788785457611084, -0.40903887152671814, -1.0002248287200928, 0.695418655872345, -0.5800986289978027, 1.1113717555999756, -1.0954242944717407, -0.09833691269159317, -0.7960134744644165, 0.15976814925670624, 0.6803058385848999, 0.45819783210754395, -2.1998167037963867, 0.9156014919281006, 0.6362513899803162, -0.5318425893783569, 1.4340935945510864, -0.6906187534332275, -0.0967012569308281, -1.295466423034668, 0.42512795329093933, -0.9594456553459167, 2.0742011070251465, 0.772631049156189, -1.325492262840271, 1.3590549230575562, 1.9549459218978882, -2.277555227279663, -1.219573974609375, 0.05760098248720169, -1.1206682920455933, 0.6381590962409973, 2.1865363121032715, -0.4482831358909607, -0.29350799322128296, -0.6763958930969238, 1.2151974439620972, -0.7750003337860107, -0.25231224298477173, 0.12824225425720215, -1.2450804710388184, 0.8744689226150513, 1.6830861568450928, 0.4896153509616852, 0.7388314008712769, -0.10296228528022766, -2.448330879211426, -0.8103139996528625, 1.3422613143920898, 0.8907662630081177, -0.34935539960861206, 0.37598830461502075, 0.8600634336471558, -0.13392549753189087, -0.621690034866333, -0.8975475430488586, 0.47915104031562805, -1.9636507034301758, 1.6135395765304565, 0.48322999477386475, -0.9468497633934021, -1.4846371412277222, 1.0204366445541382, -1.140272855758667, 0.013478845357894897, -2.788332462310791, -0.7971276044845581, -0.005774404853582382, -0.9871259331703186, -2.301422357559204, 1.3539727926254272, 1.9101065397262573, -1.341713547706604, -2.234515428543091, -0.5025609731674194, 0.8137102723121643, 0.850450873374939, -0.053851667791604996, -0.6046344041824341, 0.5584706664085388, 1.0566481351852417, -0.8265721797943115, -0.6924695372581482, 0.3032782971858978, 0.4883989095687866, -1.5607473850250244, 0.40735772252082825, -1.2296874523162842, -0.5323702692985535, -0.16132381558418274, -0.5712312459945679, -1.0006747245788574, -1.475555658340454, 1.097670555114746, -0.3304017186164856, -1.1414073705673218, -2.0639114379882812, 0.6555894613265991, -0.3622386157512665, 0.02002803236246109, 1.0298409461975098, -0.6129066944122314, 0.1958358883857727, -1.3064861297607422, 0.7418062090873718, -1.255888819694519, 1.2385152578353882, -0.8749732375144958, -0.09368035197257996, -1.3147456645965576, 0.7262239456176758, -0.6664934158325195, -0.7576714158058167]",yunet,Facenet,1920,1080,/home/amos/media/tv/modern_family/Modern.Family.S09.1080p.DSNP.WEB-DL.DDP5.1.H.264-CRFW/Modern.Family.S09E17.Royal.Visit.1080p.DSNP.WEB-DL.DDP5.1.H.264-CRFW.mkv,Modern Family,2009,1442437,9,17,Chris Geere,62879.0,0.651
1149,612,462,876,816,786,606,672,600,0.923,28704,0,"[1.2949678897857666, 1.69391930103302, 0.32919758558273315, -0.3016882836818695, -0.16654014587402344, -0.6642155051231384, -0.31012457609176636, -0.06610183417797089, -0.8195091485977173, 0.18499897420406342, -0.6317636966705322, 1.602090835571289, 1.8924692869186401, -1.2896548509597778, -0.6619755029678345, 0.7023133635520935, -0.3716725707054138, -1.258544921875, -0.07842913269996643, 0.24293231964111328, -1.0206029415130615, 2.1092638969421387, -0.919455349445343, 0.5739514231681824, -0.6466348171234131, 0.7133864164352417, -2.2242255210876465, 2.935398578643799, 0.5769484639167786, -1.2825238704681396, -1.0272618532180786, -0.4500918388366699, -1.221939206123352, -0.9384188055992126, 0.7423156499862671, -0.7202889323234558, 0.6871463656425476, 0.15592145919799805, 0.9655683636665344, 0.6228365898132324, 0.06965603679418564, 1.0383155345916748, -0.9610496759414673, 0.49973541498184204, 0.06512514501810074, 0.2916286289691925, 0.5964844226837158, 0.0819147527217865, 0.574289858341217, -1.3059266805648804, -0.08609959483146667, -0.04845307394862175, -1.250461459159851, -0.7011737823486328, -0.3695434331893921, 0.06714397668838501, 1.629073977470398, 0.892112672328949, -0.0843922346830368, 0.15833213925361633, 0.17148414254188538, -1.0007340908050537, -0.7258937954902649, -0.7562944293022156, -0.612834095954895, 1.2285480499267578, 1.4114165306091309, 0.11077630519866943, 0.9858551025390625, -0.5171866416931152, -0.4057803452014923, 1.6175568103790283, -1.3685868978500366, 0.9747157692909241, -0.08230331540107727, 0.13291898369789124, -0.707449197769165, 1.8497257232666016, 1.1129957437515259, 0.1382480263710022, 0.32564687728881836, -1.6648136377334595, 0.5198215842247009, -0.7504953742027283, -2.0548136234283447, -1.0459716320037842, 0.12245340645313263, -0.7063037753105164, -0.439811646938324, -0.5780740976333618, 1.252648115158081, -1.9177041053771973, -0.27039799094200134, -1.6834361553192139, 1.6100813150405884, -0.8141934871673584, 0.8931629061698914, -0.6045955419540405, 0.5603278875350952, -0.9281728267669678, -0.3034737706184387, 0.8044219613075256, -2.3888134956359863, 0.11011355370283127, -1.2267470359802246, 1.2794772386550903, 0.538148820400238, -2.38763165473938, -0.06629475951194763, 1.4119749069213867, -0.4192025661468506, 1.0779515504837036, 0.49267417192459106, -0.10364361107349396, 0.5460744500160217, 1.527854323387146, -0.9242026805877686, -1.057407021522522, 0.08606231957674026, -0.13286203145980835, -0.8931129574775696, 0.8602480888366699, 0.24157248437404633, -0.5864757895469666, 1.4432590007781982, -0.7769718170166016, 0.5265263319015503, -1.4486801624298096]",yunet,Facenet,1920,1080,/home/amos/media/tv/modern_family/Modern.Family.S09.1080p.DSNP.WEB-DL.DDP5.1.H.264-CRFW/Modern.Family.S09E17.Royal.Visit.1080p.DSNP.WEB-DL.DDP5.1.H.264-CRFW.mkv,Modern Family,2009,1442437,9,17,Ty Burrell,15232.0,0.77
1150,1122,120,1356,420,1260,222,1164,228,0.912,28704,1,"[-0.951278567314148, -0.13900719583034515, 0.5115216970443726, -0.8851659893989563, 1.5801613330841064, -1.4522408246994019, -0.9042290449142456, 0.3197963535785675, -0.19701209664344788, -0.9892506003379822, 0.11746647208929062, 1.01120126247406, 0.9647082686424255, -1.0728880167007446, 0.5460829734802246, 1.3773133754730225, 1.1183966398239136, -0.5876938104629517, -1.2354135513305664, 0.27975624799728394, 0.13112188875675201, 0.9583168625831604, 0.6488097310066223, 0.4282718896865845, -0.829367995262146, 1.4009835720062256, -0.396914541721344, 0.10987654328346252, -0.2746504545211792, -2.4150328636169434, -0.14102236926555634, -0.5820708870887756, 0.09905753284692764, 0.04062115401029587, 0.2152971476316452, 1.6281893253326416, -0.5536485314369202, 0.9426540732383728, 1.4247183799743652, 0.6464872360229492, -2.086587429046631, 0.6795015335083008, 0.4605734646320343, -1.3821730613708496, -0.7314180731773376, 0.7083818912506104, -0.2251797318458557, 0.044402800500392914, -1.880919337272644, -0.1993049681186676, -0.55802321434021, -1.0360543727874756, -1.384726643562317, 1.401289701461792, -0.3265049159526825, -0.5198690891265869, 1.7609163522720337, -0.4276253283023834, -1.9837912321090698, 0.18456551432609558, -0.7149152755737305, -1.6690202951431274, -1.4414653778076172, 0.49247151613235474, 0.27295511960983276, -1.7550485134124756, 0.5579084753990173, -1.0582045316696167, 0.1361878216266632, 0.3854740262031555, -0.043966569006443024, 1.7652007341384888, -2.6598598957061768, 1.7307019233703613, 2.01033353805542, -0.08104689419269562, -0.4510991871356964, -0.0914631336927414, -0.15935878455638885, -0.5907545685768127, -0.12495165318250656, -0.6219834089279175, -0.6355196237564087, -0.07375438511371613, -0.18090292811393738, 1.0261229276657104, 2.2738828659057617, -0.796684205532074, -2.304096221923828, 0.2789715528488159, 0.1440868228673935, -0.9160380363464355, 1.3455431461334229, -2.316767454147339, 0.1633693128824234, 0.08881719410419464, -0.8135020732879639, 1.2599226236343384, 0.43232154846191406, -1.635664463043213, -0.449227511882782, -1.6188074350357056, -1.1039648056030273, 0.267749160528183, 1.4435255527496338, -0.8571416735649109, -1.4023267030715942, -1.9415457248687744, 0.4340382516384125, 0.01369045116007328, 0.7311879992485046, -0.4788742661476135, 0.5317162275314331, 0.8756338953971863, 0.6889985203742981, 0.3467257618904114, -1.1872527599334717, 0.9144304990768433, 0.703852117061615, 0.4250379800796509, -0.6704567074775696, -0.9949694871902466, -0.7272282838821411, 0.5641160607337952, 0.2001793384552002, -0.6528019309043884, -1.1589460372924805, 0.811310350894928]",yunet,Facenet,1920,1080,/home/amos/media/tv/modern_family/Modern.Family.S09.1080p.DSNP.WEB-DL.DDP5.1.H.264-CRFW/Modern.Family.S09E17.Royal.Visit.1080p.DSNP.WEB-DL.DDP5.1.H.264-CRFW.mkv,Modern Family,2009,1442437,9,17,Julie Bowen,31171.0,0.58
1151,1260,120,1476,414,1410,234,1302,234,0.924,28728,0,"[-0.5518981218338013, -0.4041995704174042, 0.3628122806549072, -0.32709258794784546, 1.6997179985046387, -1.870393991470337, -0.7568303942680359, 0.1774945706129074, -0.32243484258651733, -0.538169264793396, 0.44959360361099243, 0.24801552295684814, 0.7389569282531738, -1.3715652227401733, 1.055205225944519, 0.25195616483688354, 0.884790301322937, 0.06504756957292557, -1.0756266117095947, -1.5688132047653198, 0.3585345149040222, -0.27440041303634644, 0.3143467903137207, -0.36411604285240173, -0.927207887172699, 1.3851860761642456, -0.6193327903747559, 0.26378846168518066, -0.9333027601242065, -2.2784550189971924, 0.28544384241104126, 0.01297769695520401, 0.038502153009176254, -1.1305643320083618, 1.6294846534729004, 1.1988979578018188, -0.9091188311576843, 0.8788252472877502, 1.2178921699523926, 0.9693800210952759, -2.0420634746551514, 0.2598479092121124, 0.8627556562423706, -1.5913044214248657, -0.7232071161270142, 1.422295331954956, 1.1469824314117432, 0.45156943798065186, -1.1810870170593262, -0.5003396272659302, -1.4396839141845703, -0.7715426683425903, -1.796462893486023, 1.8576229810714722, 0.8313667178153992, 0.05910154804587364, 1.491364598274231, 0.34054702520370483, -2.1855220794677734, 0.5405882000923157, -0.6082093715667725, -2.2043192386627197, -1.3250445127487183, 0.062106870114803314, 0.8947265148162842, -1.0295757055282593, -0.26191431283950806, -0.6331334710121155, 0.5214412212371826, 1.406588077545166, 0.8219417333602905, 1.4597307443618774, -2.346688985824585, 1.9215294122695923, 1.125794529914856, -0.36428722739219666, -0.11479359120130539, -0.07334615290164948, -0.6133094429969788, -0.024841226637363434, 0.3680584132671356, -1.801468014717102, 0.8246111273765564, -0.2533157467842102, 0.14857929944992065, 0.32488423585891724, 1.4178141355514526, -1.7389591932296753, -1.5646705627441406, -0.08341912925243378, 0.004410587251186371, -0.8010240197181702, 0.6821587085723877, -2.4677743911743164, -0.14518286287784576, 1.3240149021148682, -1.459489345550537, 2.5502750873565674, -0.07328357547521591, -2.055004119873047, -1.2067543268203735, -1.5059747695922852, -0.46348434686660767, 0.09121968597173691, 2.195481061935425, -0.6024015545845032, -0.3081068694591522, -1.0652120113372803, 1.1134145259857178, -0.09243249148130417, 0.05088752508163452, -0.4696502089500427, -0.5113612413406372, 0.5680640339851379, 0.2583315074443817, 0.25147488713264465, -0.34405574202537537, 0.8876044750213623, 1.0884191989898682, -0.13521026074886322, -0.3906075954437256, -1.196982979774475, -0.5473579168319702, 1.2125157117843628, 0.018268350511789322, -0.38837185502052307, -2.034219980239868, 0.8812034130096436]",yunet,Facenet,1920,1080,/home/amos/media/tv/modern_family/Modern.Family.S09.1080p.DSNP.WEB-DL.DDP5.1.H.264-CRFW/Modern.Family.S09E17.Royal.Visit.1080p.DSNP.WEB-DL.DDP5.1.H.264-CRFW.mkv,Modern Family,2009,1442437,9,17,Julie Bowen,31171.0,0.571
1152,726,516,1008,918,912,660,774,660,0.919,28728,1,"[0.4355008900165558, 0.9329979419708252, 0.636694073677063, 0.18014544248580933, -0.6520968079566956, -0.8771525025367737, -0.08256307989358902, 0.19321542978286743, -0.8626293540000916, 0.722684919834137, -0.7458275556564331, 1.0773859024047852, 2.253016948699951, -0.802775502204895, -0.039235398173332214, 0.34362196922302246, -0.8109482526779175, -0.08728992193937302, -0.21618935465812683, 0.1836506575345993, -1.2881094217300415, 2.146477699279785, -0.11747957766056061, 1.633249282836914, 0.4198608100414276, 0.8447213172912598, -2.577089548110962, 2.706993579864502, 1.307506799697876, -1.6627978086471558, -0.5729423761367798, -0.9846897721290588, -1.295977234840393, -0.2987861931324005, 1.95706045627594, -0.8910687565803528, 0.12983766198158264, -0.3404545783996582, 0.9493435025215149, 0.24119406938552856, 0.29697945713996887, 1.1358184814453125, -0.24245277047157288, 0.47472137212753296, 0.5069934725761414, 0.6625480651855469, 1.5161675214767456, -1.445272445678711, 0.5647841691970825, -1.0793849229812622, -0.46956831216812134, -0.30052649974823, -1.4335999488830566, -1.3724645376205444, -1.275467872619629, 0.21853023767471313, 1.0301953554153442, 0.5122073292732239, -0.02580355480313301, 1.0241641998291016, 2.481444835662842, -0.523781955242157, -1.022247314453125, -1.4773712158203125, -0.6936953067779541, 1.1798793077468872, 1.2604397535324097, 0.6285297870635986, 2.117366075515747, -0.4814390242099762, -0.13778036832809448, 1.5008854866027832, -0.6215819120407104, 0.7023294568061829, 0.8795706629753113, -0.1392592191696167, 0.49451592564582825, 1.5001771450042725, 1.4964053630828857, 0.9213922023773193, 0.46498799324035645, -1.389119267463684, 0.5492386221885681, -0.6483899354934692, -1.514890193939209, -1.1186623573303223, 0.7455753087997437, -0.9363997578620911, -0.15622545778751373, 0.1652212142944336, 0.5819564461708069, -1.0181655883789062, -1.3060789108276367, -0.6950857043266296, 1.1873846054077148, -0.7013925313949585, 0.12807077169418335, 0.5395810008049011, 0.8765687942504883, -0.6127662658691406, -0.18807344138622284, 1.4448819160461426, -1.558760166168213, -0.006717873737215996, -0.2586299479007721, 1.451803207397461, 0.4629391133785248, -1.6741772890090942, -1.1078476905822754, 0.32219958305358887, 0.2298687845468521, 1.6810386180877686, 0.280124306678772, -0.8688086271286011, 0.8258947134017944, 1.8958301544189453, -0.10870508849620819, -0.9606903791427612, -0.22387325763702393, 0.3865351378917694, -0.25547653436660767, 0.7206288576126099, -0.3708362579345703, 0.2798941731452942, 0.8755772113800049, -1.2196680307388306, -0.2958904206752777, -1.5328569412231445]",yunet,Facenet,1920,1080,/home/amos/media/tv/modern_family/Modern.Family.S09.1080p.DSNP.WEB-DL.DDP5.1.H.264-CRFW/Modern.Family.S09E17.Royal.Visit.1080p.DSNP.WEB-DL.DDP5.1.H.264-CRFW.mkv,Modern Family,2009,1442437,9,17,Ty Burrell,15232.0,0.65
1153,990,540,1182,810,1152,636,1050,636,0.913,28752,0,"[-2.020153522491455, -2.285835027694702, 1.0538867712020874, 1.8181133270263672, 1.6369878053665161, 0.29168111085891724, 0.7423140406608582, -2.103012800216675, -0.3953297734260559, 1.5130733251571655, -1.9097360372543335, -0.04153774678707123, 0.7165137529373169, 0.44390222430229187, -1.1543141603469849, -0.5048639178276062, 0.3330119252204895, -1.7841070890426636, -0.4806564450263977, -0.3935636281967163, -0.28180450201034546, -0.739052951335907, 0.03175651282072067, 0.26470986008644104, -0.9101576209068298, 0.4150178134441376, 2.0680651664733887, -0.2440636157989502, 1.9272489547729492, 1.8660396337509155, 0.394796222448349, -1.0117324590682983, -0.31937724351882935, -1.5780426263809204, 0.14145749807357788, 0.3438829481601715, -1.8730207681655884, 0.08636917918920517, -0.3277583122253418, -0.30806317925453186, 1.1489320993423462, -0.6648194789886475, -0.6188018321990967, 2.054562568664551, 1.316071629524231, 0.0350516252219677, -0.2999713718891144, 0.844796895980835, -0.7670444846153259, 0.0885578840970993, -0.9231360554695129, 2.1173181533813477, 0.8300487399101257, -0.3422706723213196, -0.7250431776046753, 0.30625829100608826, -0.01848623901605606, -1.2164918184280396, 0.7073703408241272, 1.8242188692092896, -0.07695308327674866, -0.5077937841415405, -0.11344387382268906, -0.7444583773612976, -2.00100040435791, 1.2779362201690674, 0.17572739720344543, 0.28610605001449585, 0.6058039665222168, 0.01637345738708973, -1.1116349697113037, 0.33294516801834106, 0.1121629923582077, -0.413989782333374, 0.8487134575843811, 0.43972915410995483, 0.22434699535369873, -0.692584216594696, 0.4516940116882324, -0.15414008498191833, -1.01191246509552, 1.4150545597076416, 0.2401408851146698, -0.2985573709011078, -0.5194363594055176, -0.018178924918174744, 0.055347517132759094, -0.05230613425374031, 0.6497359275817871, -0.2440410554409027, -1.2516461610794067, 1.6047260761260986, 0.8631798624992371, 1.3173388242721558, 1.5937470197677612, 0.586902916431427, -0.14803966879844666, 0.08236400783061981, -0.6276029348373413, 0.28088685870170593, 1.937885046005249, 0.13930806517601013, -0.6409230828285217, 0.5462215542793274, 0.45861345529556274, -0.2801573872566223, 0.09669357538223267, -0.07263697683811188, 0.3770570158958435, -1.9386520385742188, 0.6760512590408325, 0.5707303285598755, 0.24462218582630157, 0.1913032829761505, -0.7407474517822266, 0.3233333230018616, -0.12630869448184967, 1.2740229368209839, -1.7618510723114014, 0.20941020548343658, 2.040666103363037, -0.10646633803844452, -0.09240786731243134, -1.8161327838897705, -0.5027979016304016, 1.2640750408172607, 2.1854350566864014, -0.2619483172893524]",yunet,Facenet,1920,1080,/home/amos/media/tv/modern_family/Modern.Family.S09.1080p.DSNP.WEB-DL.DDP5.1.H.264-CRFW/Modern.Family.S09E17.Royal.Visit.1080p.DSNP.WEB-DL.DDP5.1.H.264-CRFW.mkv,Modern Family,2009,1442437,9,17,Sarah Hyland,91351.0,0.671
1154,600,246,858,570,822,366,750,372,0.912,28752,1,"[-0.45752665400505066, -2.534513235092163, -0.9579993486404419, -0.4566779136657715, 0.01369933970272541, 1.0491466522216797, 1.3951079845428467, -0.2691871225833893, 0.4242681860923767, 0.9988871812820435, 0.5871132612228394, -1.7927590608596802, -1.1871668100357056, -0.28294092416763306, -1.2790544033050537, 0.2665398120880127, -1.004318118095398, -0.8174101114273071, -1.0902308225631714, -0.9683612585067749, 1.664764165878296, -0.562822163105011, 0.5009916424751282, -1.18904447555542, 0.614286482334137, 1.080903172492981, 1.0825618505477905, -1.6836868524551392, 0.7847863435745239, 1.1091078519821167, -0.15301179885864258, 2.3641860485076904, -0.2576177418231964, 0.47342145442962646, 0.24037079513072968, -0.8777326345443726, -1.0338009595870972, 1.633475422859192, 0.471510112285614, -1.3009347915649414, 0.3875567615032196, 0.5617231130599976, -0.9958734512329102, -1.1696523427963257, 0.2840925455093384, -2.112704038619995, 0.5573093295097351, 0.9099217653274536, 0.8031065464019775, -0.8197152614593506, 0.017363090068101883, -0.5149942636489868, -0.7238081693649292, -1.0860599279403687, 0.10513022541999817, -1.1028337478637695, 0.7241320013999939, 2.3179128170013428, -0.033699896186590195, -0.4048159420490265, -0.7759032249450684, -1.315520167350769, -0.9572022557258606, 1.2449194192886353, 0.6062045097351074, -0.7025970816612244, -0.09018679708242416, 1.1806782484054565, 1.0277143716812134, -1.4961620569229126, -0.5037972927093506, -0.34813424944877625, -1.8156895637512207, 1.5901066064834595, 0.07014195621013641, -0.6506672501564026, -0.45837488770484924, 0.5837202668190002, -0.5223528742790222, -0.4474167227745056, -1.3455713987350464, -0.5717068910598755, -0.2726641297340393, -0.7410171627998352, -2.2016384601593018, 0.47952666878700256, 1.0354944467544556, -0.8779307007789612, -1.887833833694458, -0.9395667910575867, 0.14610141515731812, 0.06743326783180237, 0.16379013657569885, 0.4985906481742859, 0.9524688720703125, 1.304943561553955, -1.6886680126190186, 0.20505183935165405, 0.308956116437912, -0.4601968228816986, -1.4500724077224731, -1.0307743549346924, -1.2586629390716553, -0.6106966733932495, -0.4498322904109955, -0.31333982944488525, 0.19950751960277557, -1.847592830657959, 0.10015532374382019, -0.4350188374519348, 0.15180446207523346, -1.1775165796279907, 0.5642180442810059, -0.04443366453051567, 0.41635647416114807, 1.5599782466888428, 0.5235440731048584, -0.5847305059432983, -2.010061740875244, 2.215176820755005, -0.4534403681755066, 0.9807889461517334, -0.1869330108165741, 0.8493545055389404, -1.748011589050293, 1.3001563549041748, -0.5206258893013, -0.648807168006897]",yunet,Facenet,1920,1080,/home/amos/media/tv/modern_family/Modern.Family.S09.1080p.DSNP.WEB-DL.DDP5.1.H.264-CRFW/Modern.Family.S09E17.Royal.Visit.1080p.DSNP.WEB-DL.DDP5.1.H.264-CRFW.mkv,Modern Family,2009,1442437,9,17,Chris Geere,62879.0,0.548
1155,708,72,948,414,834,210,732,204,0.91,28776,0,"[0.5472214221954346, 0.5987764596939087, 0.2020857036113739, -0.11812133342027664, 0.36756324768066406, -1.325226902961731, -0.20685537159442902, 0.18006068468093872, -1.3849740028381348, -0.2881273925304413, -0.8668590784072876, 1.0252593755722046, 2.475074291229248, -1.1569634675979614, -0.6384855508804321, 1.380055546760559, -0.678436279296875, -1.4878307580947876, -0.3243216574192047, 1.9671798944473267, -0.6498128175735474, 2.553941011428833, -0.2630646824836731, 0.7369011044502258, -0.8736544847488403, 0.9496504664421082, -1.7790197134017944, 2.330493927001953, 0.9836186766624451, -1.1180169582366943, -0.20630621910095215, -0.25670138001441956, -0.34700658917427063, -0.7524057030677795, 0.23757271468639374, -1.0406497716903687, 1.6010438203811646, -0.11740613728761673, 1.7587549686431885, 0.3617297410964966, -0.7427671551704407, 1.8648266792297363, -1.1182942390441895, -0.6123403906822205, 0.7256479859352112, -0.5260006189346313, -0.05205431580543518, 0.8324623107910156, 0.5144963264465332, 0.09937633574008942, -0.34605491161346436, 0.49041157960891724, -1.5963345766067505, -0.23207707703113556, -0.9851819276809692, -0.006245647557079792, 0.900922417640686, 1.009865164756775, 0.3763362765312195, 1.7485979795455933, 1.1551350355148315, -1.229770302772522, -0.6813300251960754, -0.46843504905700684, -1.9472941160202026, 0.8478935956954956, 1.7491930723190308, 0.272662878036499, 0.7704887986183167, -0.41237157583236694, -1.1286104917526245, 1.1912022829055786, -1.2248098850250244, 1.367817997932434, 0.5066751837730408, -0.5047885179519653, -0.8991374969482422, 1.2266441583633423, 0.9171789288520813, -0.4539947509765625, -0.6769484877586365, -1.0581415891647339, -0.06718669086694717, 0.2496088445186615, -1.9226466417312622, -0.6957775354385376, 0.8723888993263245, -1.419948697090149, -0.7615278959274292, -1.288177251815796, 0.17067798972129822, -0.9805253744125366, -0.6216570734977722, -1.8372228145599365, 1.2135837078094482, -1.01137113571167, -0.233173668384552, -1.3057817220687866, 0.10475708544254303, -1.3326148986816406, 0.1399269998073578, 0.8680252432823181, -2.489983081817627, -0.44630059599876404, -0.4664902985095978, 0.4242691397666931, 0.380021870136261, -3.0701754093170166, -0.6618999242782593, 1.3133785724639893, 0.20826183259487152, 0.09323462843894958, 1.2526695728302002, -0.28021812438964844, 0.7084426283836365, 1.8192001581192017, -1.2621159553527832, -1.1310796737670898, -1.7029165029525757, 0.7092968821525574, -0.5460160374641418, 0.3479701280593872, -0.06451068073511124, -0.47393351793289185, 0.6114568114280701, -0.7955778241157532, 0.460384726524353, -1.2357450723648071]",yunet,Facenet,1920,1080,/home/amos/media/tv/modern_family/Modern.Family.S09.1080p.DSNP.WEB-DL.DDP5.1.H.264-CRFW/Modern.Family.S09E17.Royal.Visit.1080p.DSNP.WEB-DL.DDP5.1.H.264-CRFW.mkv,Modern Family,2009,1442437,9,17,Ty Burrell,15232.0,0.684
1156,666,120,930,498,768,258,684,258,0.904,28800,0,"[1.058834195137024, -1.3913326263427734, 1.8661936521530151, 1.0906709432601929, -0.13673469424247742, 0.31964871287345886, 0.746842086315155, 0.645037055015564, 0.4159619212150574, 0.6801765561103821, -0.10756734013557434, -0.2524336874485016, 1.5975141525268555, 0.6535688638687134, -1.8795690536499023, 0.5329809784889221, -0.1998136341571808, -1.2093703746795654, -0.8040527701377869, 2.2355926036834717, 0.8813894987106323, 0.5271738767623901, 0.5648394823074341, 0.278384804725647, 0.6559997797012329, 0.630033016204834, -1.2699980735778809, 1.501965880393982, 1.1739188432693481, -1.68212890625, 0.375240683555603, -0.5421921014785767, -0.7905669808387756, -1.0296026468276978, 0.17215873301029205, -0.9815564155578613, -0.42579901218414307, 0.17936962842941284, 1.3415894508361816, 0.32389771938323975, 0.1780414879322052, 1.3803423643112183, 0.2853243947029114, -1.4890732765197754, -0.10103129595518112, 0.403924822807312, 0.49320200085639954, 0.22735649347305298, -0.2581934332847595, -0.5239903926849365, -0.021230310201644897, -0.0930943638086319, -1.1888453960418701, -1.7736413478851318, -0.3898046314716339, -0.6774117350578308, 1.8723608255386353, 2.5160181522369385, 1.0336657762527466, 0.9276869893074036, 1.860068440437317, -0.637622058391571, 0.5283614993095398, 0.3130568861961365, -1.4649466276168823, 0.2768726348876953, 1.4148422479629517, 0.4635368287563324, 1.3891385793685913, 0.4318093955516815, -0.9410818219184875, 0.5445756912231445, -0.9660631418228149, 1.7460829019546509, -0.3478403091430664, -0.09708251059055328, 0.8042542934417725, 1.3591910600662231, 0.8528092503547668, 0.9786516427993774, -0.764991283416748, -2.3814003467559814, 2.179166555404663, -1.20992112159729, -1.950614333152771, -0.8693339824676514, 1.5199859142303467, -2.1172358989715576, -0.42326322197914124, -1.3240482807159424, 0.41523149609565735, -0.843612015247345, -1.0587307214736938, 0.5976893305778503, 0.9007599353790283, -1.1456440687179565, -0.9023821353912354, -0.19824528694152832, -0.2089741975069046, -0.9089135527610779, -0.5883010625839233, 1.9022893905639648, -1.5174883604049683, -0.1296803057193756, -0.37275341153144836, 0.7768807411193848, 0.564608097076416, -2.3435328006744385, -1.2796303033828735, 0.9761872887611389, 1.0322449207305908, 1.300089955329895, 1.4137345552444458, -0.7281672358512878, 0.2611912190914154, 2.0101261138916016, 0.020437166094779968, -0.2560911178588867, -1.9920505285263062, -1.041209101676941, -0.3137553930282593, 1.280489206314087, -0.3591313362121582, -0.16742095351219177, 0.10336412489414215, -0.9580861330032349, -0.4217623770236969, -1.4173976182937622]",yunet,Facenet,1920,1080,/home/amos/media/tv/modern_family/Modern.Family.S09.1080p.DSNP.WEB-DL.DDP5.1.H.264-CRFW/Modern.Family.S09E17.Royal.Visit.1080p.DSNP.WEB-DL.DDP5.1.H.264-CRFW.mkv,Modern Family,2009,1442437,9,17,Ty Burrell,15232.0,0.552
1157,1302,348,1494,618,1404,444,1332,444,0.903,28800,1,"[0.019390910863876343, 0.7848999500274658, 0.4039072096347809, -0.3250432312488556, 1.2938200235366821, -0.6214828491210938, 0.9200851917266846, -0.017467476427555084, -0.7512094378471375, -0.7643713355064392, 2.17465877532959, 1.4235094785690308, 0.8506117463111877, -1.0960643291473389, -0.341907262802124, -0.25243470072746277, 1.559763789176941, -1.5491944551467896, -1.340836524963379, 1.3933621644973755, 1.6201914548873901, -0.34001344442367554, 0.35085153579711914, -1.1216223239898682, -1.0363810062408447, 0.9106104373931885, -0.0025275060907006264, 0.03405778855085373, -0.9385266304016113, -2.4557580947875977, 0.28683382272720337, 0.8998426198959351, 0.15329928696155548, -0.7035432457923889, 0.9819608926773071, 0.08605784177780151, -0.7801925539970398, 0.05044575780630112, 1.8736116886138916, 0.5172345042228699, -2.6712324619293213, 1.21210515499115, 0.3129836618900299, -1.9607688188552856, -1.7061306238174438, 0.23142707347869873, -0.460091769695282, 0.26139116287231445, -1.388729453086853, -0.027423284947872162, 0.3506596088409424, -0.5545867681503296, -0.4361107647418976, -0.051871202886104584, 0.9632514119148254, 0.5600399374961853, 1.8246554136276245, 0.45878690481185913, -1.2860774993896484, -0.14838632941246033, -0.6565938591957092, -1.654757022857666, 0.3067379593849182, -0.13205586373806, 0.5398185849189758, -2.1873881816864014, 0.39724159240722656, -0.2635917067527771, 0.16405752301216125, 1.4556742906570435, 0.07389530539512634, 1.7750318050384521, -3.419785261154175, 2.4752304553985596, 0.6710925102233887, 0.2447196990251541, 0.7414036989212036, -0.32788822054862976, -1.075223445892334, -0.6895936131477356, 0.6783881187438965, -0.14932440221309662, -0.3502669632434845, -0.8796600699424744, 0.2905931770801544, 0.7491652965545654, 1.4952044486999512, -2.3437936305999756, -2.353193759918213, -0.7705800533294678, -1.4328608512878418, -1.0901578664779663, 0.8352094292640686, -0.8358798623085022, 0.4726431667804718, -0.24945048987865448, -0.4202870726585388, 1.1652324199676514, 0.8293696045875549, -1.9853225946426392, -1.1558878421783447, -2.4680235385894775, -0.4198760986328125, 0.5407577753067017, 0.6245877146720886, -0.622459888458252, 0.28682613372802734, -1.489266276359558, 0.4443914294242859, -0.07147736847400665, 1.1061382293701172, -0.012470893561840057, 0.8836935758590698, 0.9848312735557556, 0.5747250914573669, 1.4693472385406494, -0.6461163759231567, 1.15821373462677, 0.72235506772995, 1.1234756708145142, -0.480574369430542, -0.3824840784072876, -0.19767190515995026, 0.3647695481777191, -0.4443131685256958, 0.815723717212677, -2.3770148754119873, 0.4493037462234497]",yunet,Facenet,1920,1080,/home/amos/media/tv/modern_family/Modern.Family.S09.1080p.DSNP.WEB-DL.DDP5.1.H.264-CRFW/Modern.Family.S09E17.Royal.Visit.1080p.DSNP.WEB-DL.DDP5.1.H.264-CRFW.mkv,Modern Family,2009,1442437,9,17,Julie Bowen,31171.0,0.569
1158,168,270,432,594,354,390,228,390,0.915,28872,0,"[-0.4780927002429962, -0.702996015548706, 0.16163024306297302, -0.16465017199516296, 1.2525917291641235, -0.7550491690635681, -0.5166669487953186, 1.3026983737945557, -1.3391213417053223, 0.17568473517894745, -1.1344404220581055, 0.5473746657371521, -0.7582896947860718, 0.08851242065429688, 1.9252955913543701, -0.29116004705429077, 1.0652750730514526, 0.18413972854614258, 0.42767056822776794, -1.3279407024383545, -1.5886635780334473, -0.08184386789798737, -0.14985254406929016, 0.22674208879470825, 1.0271860361099243, -1.7956135272979736, -0.4125917851924896, 3.458159923553467, 0.104392871260643, -1.5001786947250366, -0.6230809688568115, 1.2768700122833252, -0.9729709029197693, 0.447517454624176, -0.8720608353614807, -0.2289411872625351, 0.2135332226753235, -0.7494938373565674, -2.1525990962982178, -1.0627914667129517, -0.5800025463104248, -0.35166794061660767, -0.6865696907043457, 0.8682873249053955, 0.050335563719272614, -1.2431812286376953, -0.09270691871643066, -1.077237844467163, 0.6084306240081787, 1.1406151056289673, -0.35900789499282837, 0.7152937650680542, -0.15228891372680664, 0.3497503399848938, 0.06716379523277283, 0.21805885434150696, -1.424406886100769, -0.35692277550697327, -1.9475524425506592, 0.37379735708236694, -1.4649806022644043, -0.31565970182418823, 0.514009952545166, 0.7839318513870239, -0.2990994155406952, 0.5246975421905518, 0.21883952617645264, 1.3435291051864624, 0.9865143299102783, -0.7989288568496704, -0.8935101628303528, -0.637322187423706, 0.306361585855484, -0.41959160566329956, 0.5582773685455322, 0.8016473054885864, -1.3284612894058228, -0.5425293445587158, -0.4817829728126526, 1.24088454246521, -0.04864783585071564, 2.4249565601348877, -0.6004896759986877, -1.0620638132095337, -0.635323703289032, 0.08106149733066559, 0.11598783731460571, 0.25659871101379395, 0.43770936131477356, 1.8049565553665161, 0.5328890681266785, -0.9110859632492065, -1.2775055170059204, -0.7632318139076233, 0.9609124064445496, -0.5101962089538574, -1.5979689359664917, -0.524513840675354, 1.860623836517334, 2.4151859283447266, -0.4345581531524658, 1.8786383867263794, -0.544607400894165, -1.4201626777648926, 0.26909545063972473, -0.647116482257843, -0.27816563844680786, -0.49737581610679626, 0.5616754293441772, -1.5569326877593994, -2.71679425239563, 1.4423085451126099, -0.5254111289978027, -0.8700363039970398, 0.9833566546440125, -0.3304085433483124, 0.9616107940673828, -0.10243387520313263, -0.1494327187538147, -0.019321678206324577, 0.11393237859010696, -0.059243448078632355, 0.7965604066848755, 0.29608258605003357, 0.9136658906936646, 0.19546818733215332, 0.4954586625099182, 1.4071515798568726]",yunet,Facenet,1920,1080,/home/amos/media/tv/modern_family/Modern.Family.S09.1080p.DSNP.WEB-DL.DDP5.1.H.264-CRFW/Modern.Family.S09E17.Royal.Visit.1080p.DSNP.WEB-DL.DDP5.1.H.264-CRFW.mkv,Modern Family,2009,1442437,9,17,Ed O'Neill,18977.0,0.724
1159,1422,258,1638,540,1524,372,1446,372,0.91,28872,1,"[0.2342216521501541, 1.0537728071212769, -0.39550089836120605, 0.08558046072721481, -0.020043354481458664, 0.6261252164840698, 0.5256791710853577, -0.05054033175110817, 0.0019922181963920593, 1.365050196647644, 0.1340336799621582, 2.955388069152832, 1.396083116531372, -1.1493598222732544, -0.9433102607727051, 1.7093095779418945, -0.0006318539381027222, -1.7791955471038818, -0.5298306345939636, 2.163991689682007, 1.753708839416504, 1.2208521366119385, 0.15003550052642822, -0.506913959980011, -0.3966398239135742, -0.3186876177787781, 0.03143451735377312, -0.5753210783004761, 2.830334186553955, -1.292583703994751, 0.35740286111831665, -0.19610826671123505, 2.031646728515625, -1.1239619255065918, 1.0533055067062378, -0.32969146966934204, -0.7330127954483032, -0.16936752200126648, 1.0558725595474243, -0.36214929819107056, -0.7651923894882202, 2.2063779830932617, -0.8373979330062866, -0.4826638400554657, -1.7845556735992432, 0.7730334401130676, -1.516974687576294, 0.13806161284446716, -1.8194875717163086, 0.642774224281311, 0.017236150801181793, 1.775872826576233, 0.14585210382938385, 1.3039113283157349, 0.3199543356895447, 0.9341288805007935, -0.7030786871910095, -0.39052197337150574, -1.1422343254089355, 0.07017292827367783, 0.25081461668014526, -0.5922671556472778, -1.190871238708496, -1.2701902389526367, 1.084954023361206, -0.17773358523845673, 1.4232176542282104, 0.8617551326751709, 0.688442051410675, -0.8180670738220215, -0.3097914159297943, 1.5781514644622803, -2.20334792137146, 1.5976492166519165, 1.616746187210083, -0.14207854866981506, 0.5131560564041138, -0.8492704629898071, 1.0022562742233276, -1.0096781253814697, 0.8143105506896973, 0.3662194311618805, 0.6150599122047424, -0.8528109788894653, 0.2563018202781677, -0.5483230352401733, 0.08271470665931702, -0.8233548402786255, -0.5326793193817139, 0.2186814546585083, -2.899082899093628, 0.9196258783340454, 1.5884745121002197, 0.3494708836078644, 0.5130904912948608, 0.6006082892417908, -0.19311551749706268, 0.1345973163843155, 0.45565736293792725, -1.2153762578964233, -0.3563039302825928, -0.4747236967086792, -2.3342275619506836, 1.1483298540115356, -0.45342662930488586, 0.4964570999145508, 0.6466864347457886, -0.40365538001060486, 0.1889575570821762, -0.09010203182697296, 1.1382205486297607, 1.7815132141113281, 1.2250492572784424, -1.3906774520874023, 0.30504781007766724, 1.8781236410140991, -0.8817359209060669, 0.8621285557746887, 0.7624772191047668, -0.8349767327308655, 1.0187453031539917, -0.9983252286911011, 0.4887305498123169, 0.3090141713619232, 1.482620120048523, 1.0153391361236572, -0.7733491063117981, 0.9856775999069214]",yunet,Facenet,1920,1080,/home/amos/media/tv/modern_family/Modern.Family.S09.1080p.DSNP.WEB-DL.DDP5.1.H.264-CRFW/Modern.Family.S09E17.Royal.Visit.1080p.DSNP.WEB-DL.DDP5.1.H.264-CRFW.mkv,Modern Family,2009,1442437,9,17,Sofía Vergara,63522.0,0.732
1160,144,252,402,570,336,378,204,378,0.916,28896,0,"[-0.3391555845737457, -0.6457774639129639, 0.3638567626476288, -0.1637393683195114, 0.8008970618247986, -0.8532359004020691, -0.5095020532608032, 0.8896052241325378, -1.1284533739089966, -0.09271876513957977, -1.0072927474975586, 0.8925971984863281, -1.1524529457092285, -0.06691865622997284, 1.9541926383972168, 0.12540867924690247, 1.0369457006454468, 0.9738324880599976, 1.1493666172027588, -1.0905669927597046, -1.8641111850738525, -0.0696815773844719, -0.15372075140476227, 0.25590983033180237, 1.4185012578964233, -1.2403786182403564, -0.5073639750480652, 3.41591739654541, 0.7465603351593018, -1.136427879333496, -0.6443623304367065, 1.6054190397262573, -1.2342461347579956, 0.8594794273376465, -0.5610544681549072, -0.3803000748157501, 0.4213293492794037, -0.2577056586742401, -1.9268271923065186, -0.3798617124557495, -0.7401869297027588, -0.07001660764217377, -0.19949129223823547, 1.1300137042999268, 0.148507222533226, -1.157674789428711, -0.8634522557258606, -0.9937422275543213, 0.6224974989891052, 1.272154688835144, 0.12726812064647675, 0.43738362193107605, 0.07738487422466278, 1.1913180351257324, 0.03920977562665939, 0.2929694950580597, -1.5015243291854858, -0.20625931024551392, -2.219271659851074, 0.7166894674301147, -1.087788462638855, -0.07306894659996033, -0.08674193918704987, 0.4651709496974945, -0.1787070333957672, 1.149275779724121, 0.5720048546791077, 1.5321452617645264, 0.5935343503952026, -0.5655395984649658, -0.6358095407485962, -0.43773940205574036, 0.8249253034591675, 0.16063140332698822, 0.3922288119792938, 0.7938974499702454, -1.0898202657699585, -0.6223111152648926, -0.7551997900009155, 1.3971236944198608, -0.16540095210075378, 2.6384894847869873, -0.8079928159713745, -1.1832945346832275, -0.9751268625259399, -0.5701490044593811, 0.28499332070350647, 0.01588144153356552, 0.36475086212158203, 1.746330976486206, 0.1509348303079605, -0.8496671319007874, -1.5875710248947144, -1.2500478029251099, 0.6157433390617371, -0.8682429790496826, -1.7228862047195435, -0.28251293301582336, 1.6812160015106201, 1.8136513233184814, -0.133284330368042, 1.303536057472229, -0.7620111107826233, -1.3433520793914795, 0.41009870171546936, -0.29049938917160034, -0.28826743364334106, -0.8714416027069092, 0.7381460070610046, -1.8696861267089844, -2.0969533920288086, 1.1988804340362549, -0.3405741751194, -1.3808391094207764, 1.235256314277649, -0.2542150020599365, 0.9453351497650146, -0.13808557391166687, 0.20720982551574707, 0.13391651213169098, 0.2924577295780182, -0.24245506525039673, 1.162522554397583, 0.26387837529182434, 1.1660985946655273, 0.5688844323158264, 0.5874772071838379, 1.5307413339614868]",yunet,Facenet,1920,1080,/home/amos/media/tv/modern_family/Modern.Family.S09.1080p.DSNP.WEB-DL.DDP5.1.H.264-CRFW/Modern.Family.S09E17.Royal.Visit.1080p.DSNP.WEB-DL.DDP5.1.H.264-CRFW.mkv,Modern Family,2009,1442437,9,17,Ed O'Neill,18977.0,0.758
1161,1374,246,1590,522,1548,348,1452,348,0.905,28896,1,"[-0.21228232979774475, 0.3551602065563202, 0.4733060300350189, -0.9182490706443787, -0.641983687877655, 0.42702528834342957, 0.4213305711746216, 0.4465804398059845, 0.3929029107093811, 2.090390920639038, 0.12800729274749756, 1.9420068264007568, -0.5566652417182922, -0.660158634185791, -0.494405597448349, 1.305626630783081, -0.2733820974826813, -1.0437979698181152, -0.6983822584152222, 0.5077403783798218, 2.310105323791504, 0.17979471385478973, 0.5401090383529663, -0.4969334900379181, 0.6191177368164062, -1.2553074359893799, -1.2214843034744263, 0.06888211518526077, 2.270477533340454, -1.7719563245773315, 0.5936057567596436, -0.5568090677261353, 2.5946967601776123, -1.415318250656128, 1.5974783897399902, -0.17853091657161713, -0.3695811629295349, -0.38803136348724365, 1.1044729948043823, -1.5480399131774902, -1.6368950605392456, 1.2981984615325928, -1.3644468784332275, -1.2261321544647217, -2.1910417079925537, 1.5767099857330322, -2.196002244949341, 0.127355694770813, -3.020944833755493, 1.0961493253707886, -0.5755836367607117, 0.4422771632671356, 0.32490620017051697, 1.4583120346069336, 0.8183630704879761, 0.7634662389755249, -1.242546796798706, 0.08053186535835266, -1.1632320880889893, -1.0714657306671143, -0.16493143141269684, -0.2747732400894165, -0.9732031226158142, -1.26707923412323, 1.1218042373657227, 0.2751690149307251, 0.5162707567214966, 0.5999959707260132, 1.5551778078079224, -0.7935646772384644, -0.1694582849740982, 0.6603986024856567, -1.3167026042938232, 0.540778398513794, -0.24193963408470154, -0.1363685429096222, 0.40817418694496155, -1.4172430038452148, 2.220689296722412, 0.170888289809227, 1.45916748046875, -0.9319788217544556, 0.41786712408065796, -1.2848869562149048, 0.3771250247955322, -1.2875070571899414, 0.1469193398952484, -0.12696604430675507, 0.569164514541626, 1.86510169506073, -1.572941780090332, 0.8184705376625061, 0.27498412132263184, 1.3420906066894531, -0.4638844132423401, 1.194090723991394, -0.3961608111858368, 0.7028904557228088, 0.15171855688095093, -0.8083657026290894, -0.7297238707542419, 0.060177817940711975, -1.257346749305725, 0.6027889847755432, -0.13935530185699463, 0.33140814304351807, 0.893634557723999, -1.1578965187072754, 0.6700168251991272, 0.5233645439147949, 0.6685363054275513, 1.1069092750549316, 1.0143959522247314, -1.502751111984253, 0.5008538961410522, 0.955217719078064, 0.49968984723091125, 0.7826201915740967, 1.1804310083389282, -1.2726866006851196, 0.03595339506864548, -0.5499449968338013, 0.13480056822299957, 1.454056978225708, 1.528725266456604, 1.334083080291748, -0.08736195415258408, 0.8710675239562988]",yunet,Facenet,1920,1080,/home/amos/media/tv/modern_family/Modern.Family.S09.1080p.DSNP.WEB-DL.DDP5.1.H.264-CRFW/Modern.Family.S09E17.Royal.Visit.1080p.DSNP.WEB-DL.DDP5.1.H.264-CRFW.mkv,Modern Family,2009,1442437,9,17,Sofía Vergara,63522.0,0.759
1162,222,282,468,576,402,396,288,396,0.904,28920,0,"[-0.3968261778354645, -0.6515051126480103, 0.2816416919231415, 0.07158907502889633, 0.8394701480865479, -0.8605238199234009, -0.4673025608062744, 1.2731941938400269, -1.0564130544662476, 0.18442970514297485, -0.8207781314849854, 0.998127818107605, -0.8991808891296387, -0.1466168463230133, 1.665187120437622, -0.09131234884262085, 1.6229214668273926, 0.5742715001106262, 1.0315817594528198, -0.8773740530014038, -1.1616259813308716, -0.41079458594322205, 0.2434472143650055, 0.31148308515548706, 1.4070367813110352, -1.652679204940796, -0.32712316513061523, 3.556631088256836, 0.4681880474090576, -1.509177803993225, -0.634274959564209, 1.4180887937545776, -0.9550771713256836, 0.8410082459449768, -0.6750089526176453, -0.41751641035079956, 0.6334768533706665, -0.7305070161819458, -2.169271469116211, -0.6414518356323242, -1.1394473314285278, -0.125457301735878, -0.47216132283210754, 1.0780035257339478, -0.07117097079753876, -0.7761745452880859, -0.2808206081390381, -1.186423897743225, 0.4196111559867859, 1.2082149982452393, -0.09658370912075043, 0.6149100661277771, -0.5027791261672974, 0.6976361274719238, 0.14626921713352203, 0.8526774644851685, -1.4979579448699951, 0.1250743716955185, -1.9060847759246826, 0.530868411064148, -1.2828044891357422, -0.017543964087963104, 0.42643123865127563, 0.2505825161933899, -0.03460223972797394, 0.8672584295272827, 0.28820085525512695, 2.0534706115722656, 0.5839841961860657, -0.7011221647262573, -0.6468258500099182, -0.3868167996406555, 0.49585995078086853, 0.2698954939842224, 0.40548521280288696, 1.0687626600265503, -0.8196465969085693, -0.8724409937858582, -1.0987871885299683, 1.2077858448028564, -0.4152388274669647, 2.4853994846343994, -0.4823271632194519, -1.2467107772827148, -0.5980220437049866, -0.3160701394081116, 0.21478018164634705, -0.1072622537612915, 0.27676549553871155, 1.7251282930374146, 0.009552545845508575, -1.0793861150741577, -1.2703688144683838, -0.963319718837738, 0.5295505523681641, -0.9326003789901733, -1.621190071105957, -0.2484007179737091, 1.855543851852417, 2.173443078994751, -0.3209652900695801, 1.7886439561843872, -0.30312809348106384, -1.655197024345398, -0.03719940036535263, -0.4341202974319458, -0.23046578466892242, -0.5665127038955688, 0.7691177129745483, -1.853076696395874, -2.3892993927001953, 1.4136219024658203, -0.16314730048179626, -1.5197491645812988, 1.359902024269104, 0.058609724044799805, 1.2472165822982788, 0.03886643052101135, 0.22550654411315918, 0.011242404580116272, 0.4391963481903076, 0.0779971331357956, 0.9861632585525513, 0.31451427936553955, 1.1532543897628784, 0.37519505620002747, 0.3556279242038727, 1.600563645362854]",yunet,Facenet,1920,1080,/home/amos/media/tv/modern_family/Modern.Family.S09.1080p.DSNP.WEB-DL.DDP5.1.H.264-CRFW/Modern.Family.S09E17.Royal.Visit.1080p.DSNP.WEB-DL.DDP5.1.H.264-CRFW.mkv,Modern Family,2009,1442437,9,17,Ed O'Neill,18977.0,0.776
1163,1434,270,1644,534,1596,378,1512,378,0.903,28920,1,"[-0.6254935264587402, 0.03172910213470459, 1.2872064113616943, -1.2994885444641113, 0.4222063422203064, 0.3418281674385071, -0.18708446621894836, 1.1402053833007812, 0.061002425849437714, 1.262758493423462, -0.13210228085517883, 2.396059274673462, -0.022275105118751526, -1.3922656774520874, 0.0013638809323310852, 2.253925085067749, -0.552746057510376, 0.016896530985832214, -0.8098132014274597, 0.3658777177333832, 1.6579376459121704, 1.1835123300552368, 0.31123363971710205, -0.28402236104011536, 0.6357328295707703, -1.0258852243423462, -2.027719736099243, 0.34468165040016174, 2.816133737564087, -1.5527980327606201, 0.6370999813079834, -2.150393009185791, 2.6661057472229004, -1.2934892177581787, 0.9473024010658264, -0.10622680187225342, -0.9531200528144836, 0.9454631805419922, -0.3855380415916443, -1.4402363300323486, -1.7506041526794434, 1.7696454524993896, -0.5763193368911743, -0.2972932755947113, -2.21216082572937, 1.4869996309280396, -1.7878243923187256, 0.2577563226222992, -2.86313796043396, 0.9826035499572754, -0.29446250200271606, 0.9187338948249817, 0.6533728241920471, 1.1288150548934937, 0.9245662093162537, 0.2629915475845337, -0.8170198798179626, -0.37301698327064514, -1.3387314081192017, -0.3522408902645111, 0.43354299664497375, -0.04768836870789528, -0.9488946795463562, 0.06767696142196655, 0.706308901309967, 0.11804677546024323, -0.024033837020397186, -0.05421048775315285, 1.726655125617981, -1.0980584621429443, -0.26063650846481323, -0.1778595745563507, -2.596669912338257, 0.20258139073848724, 1.028382658958435, 0.3275657892227173, -0.9107767343521118, -0.2662297189235687, 2.0740771293640137, 0.728851854801178, 1.1736911535263062, -0.8955034017562866, -0.34513941407203674, -0.37668901681900024, 0.7670917510986328, -0.5893340110778809, 0.8525338768959045, 0.6983100175857544, -0.06599105894565582, 1.5559473037719727, -1.2189511060714722, 0.932355523109436, 1.4669058322906494, 0.9385294318199158, -0.1336410641670227, 0.8427845239639282, -0.8068658709526062, -0.5916935205459595, 0.7974989414215088, -0.880876362323761, -0.5256584286689758, -0.11618368327617645, -1.2941128015518188, 1.094365119934082, 0.11231423169374466, -0.061717741191387177, -0.7516834139823914, -1.3226157426834106, 0.2735336720943451, 0.7038983702659607, 0.5711567401885986, 0.7920729517936707, 0.3667398989200592, -0.4330243170261383, 0.26096704602241516, 0.5374822616577148, -0.3471433222293854, 0.6336316466331482, 0.7821516990661621, -1.6209607124328613, 0.3560430407524109, -0.6847333908081055, -0.9577945470809937, 1.2474771738052368, 1.292002558708191, 0.510842502117157, -0.6810758113861084, 0.5111024975776672]",yunet,Facenet,1920,1080,/home/amos/media/tv/modern_family/Modern.Family.S09.1080p.DSNP.WEB-DL.DDP5.1.H.264-CRFW/Modern.Family.S09E17.Royal.Visit.1080p.DSNP.WEB-DL.DDP5.1.H.264-CRFW.mkv,Modern Family,2009,1442437,9,17,Sofía Vergara,63522.0,0.769
1164,252,282,498,576,444,390,330,390,0.919,28944,0,"[-0.39654865860939026, -0.887833833694458, 0.2647392749786377, 0.07848360389471054, 1.705891489982605, -0.7447077631950378, 0.3119523525238037, 1.1013203859329224, -0.7630861401557922, 0.27100181579589844, -1.297263264656067, 0.7759889364242554, -0.788028359413147, 0.11199674010276794, 1.2697609663009644, -0.6271317601203918, 1.5015795230865479, 0.4909505844116211, 1.0042016506195068, -1.420135736465454, -1.2500611543655396, -0.3616946041584015, -0.7843011021614075, 0.008480355143547058, 1.2296890020370483, -1.9142905473709106, -0.08681215345859528, 2.862133502960205, 0.3317462205886841, -1.1769062280654907, -0.5700106620788574, 1.4582587480545044, -1.2192217111587524, 0.30764731764793396, -0.6669234037399292, -0.8350849747657776, 0.13229122757911682, -0.7250423431396484, -2.5527045726776123, -0.7568942308425903, -1.175816535949707, -0.465753972530365, -0.16852667927742004, 1.517042636871338, 0.2203589379787445, -1.1783027648925781, -0.7451152801513672, -0.31117668747901917, 0.4918890595436096, 0.682709813117981, -0.06475469470024109, 0.7088582515716553, -1.074409008026123, 0.8450934290885925, -0.08209915459156036, 0.03372644633054733, -1.7339779138565063, -0.5853738784790039, -1.8098819255828857, 0.42991167306900024, -1.635061264038086, 0.3054355978965759, 0.29650387167930603, 0.3524573743343353, -0.2277250587940216, 1.3520095348358154, -0.3993273377418518, 1.8256853818893433, 0.6024368405342102, -0.8479702472686768, -0.6760503053665161, -0.8676648139953613, 0.7403753399848938, 0.24461506307125092, 0.2638733685016632, 0.8882150053977966, -0.3431137800216675, -0.7986230850219727, -0.728676974773407, 1.4965977668762207, -0.42105981707572937, 3.000995635986328, -1.304383397102356, -1.3661166429519653, -0.9101300239562988, -0.3674940764904022, 0.4718290865421295, -0.80405193567276, 0.2984953820705414, 2.248159170150757, 0.1082465648651123, -0.21784372627735138, -1.2090651988983154, -1.2161020040512085, 0.3745037913322449, -0.45434460043907166, -1.08931565284729, -0.08099747449159622, 1.7494378089904785, 2.4892771244049072, -0.4001237154006958, 1.3037043809890747, -0.061530858278274536, -1.4692041873931885, 0.028716109693050385, -0.4687733054161072, -0.24852396547794342, -0.8325082063674927, 0.9299931526184082, -2.081385374069214, -2.0798556804656982, 0.4012283682823181, -0.30324697494506836, -1.4422693252563477, 1.1434049606323242, 0.09782096743583679, 1.0860450267791748, 0.7037711143493652, -0.03795469552278519, 0.2989460527896881, 0.001680821180343628, 0.5651479959487915, 0.5433299541473389, 0.8390238881111145, 0.7721897959709167, 1.170800805091858, 0.1305215060710907, 1.0574661493301392]",yunet,Facenet,1920,1080,/home/amos/media/tv/modern_family/Modern.Family.S09.1080p.DSNP.WEB-DL.DDP5.1.H.264-CRFW/Modern.Family.S09E17.Royal.Visit.1080p.DSNP.WEB-DL.DDP5.1.H.264-CRFW.mkv,Modern Family,2009,1442437,9,17,Ed O'Neill,18977.0,0.731
1165,1458,264,1662,534,1614,366,1524,372,0.905,28944,1,"[-1.2481379508972168, 0.3825662136077881, 0.5326986312866211, -0.4756806790828705, 1.0776971578598022, 0.24501875042915344, 0.17742182314395905, 0.26733091473579407, 0.343036025762558, 1.1373766660690308, 0.9547626376152039, 2.8067634105682373, 0.5466512441635132, -2.2896888256073, 0.3841741681098938, 2.3940224647521973, -0.04432135075330734, -0.17562994360923767, -1.178669810295105, 0.4133770763874054, 1.521802306175232, 0.6427141427993774, 0.6303128004074097, 0.36604467034339905, 0.6009769439697266, -0.553989589214325, -1.619724988937378, 0.4707396924495697, 3.246821880340576, -1.7319427728652954, 0.8711243867874146, -2.329174757003784, 1.8095077276229858, -1.0964500904083252, 1.516990065574646, -0.30831968784332275, -1.0541768074035645, 0.995207667350769, 0.03627145290374756, -0.7942793369293213, -1.4473395347595215, 1.9707019329071045, -0.6665992736816406, 0.14814363420009613, -2.187748670578003, 1.0724303722381592, -1.491104245185852, -0.4033374488353729, -1.4974925518035889, 1.0660732984542847, -0.7247178554534912, 0.9866693615913391, 0.7143174409866333, 1.17156982421875, 1.1525315046310425, 0.7185383439064026, -0.3976224958896637, -0.549170970916748, -0.9943147897720337, -0.027514349669218063, 0.5066331028938293, -0.30276280641555786, -0.6034520864486694, -0.9696810841560364, 0.31940755248069763, 0.5793015360832214, -0.1570049226284027, 0.42272186279296875, 1.3362582921981812, -1.3210997581481934, -0.7919042110443115, 0.5171456336975098, -2.278217315673828, 0.6151599287986755, 0.9954332113265991, 0.3974490761756897, -0.7346878051757812, 0.053567226976156235, 1.4815475940704346, 0.4655790328979492, 0.4696587026119232, -0.7063634395599365, -0.8382722735404968, -0.9624401926994324, 0.3414176404476166, -0.1060517355799675, 0.23614947497844696, 0.7778396606445312, -0.17946429550647736, 1.6807454824447632, -0.8288827538490295, 1.0453321933746338, 1.5534101724624634, 0.684461236000061, 0.1394302099943161, 0.9361563324928284, -1.1312586069107056, -0.3823324739933014, 0.552258312702179, -1.4123479127883911, -0.222025528550148, -0.28997740149497986, -1.3564972877502441, 0.9147568941116333, 1.0829451084136963, 0.16909407079219818, -0.31322523951530457, -1.2137504816055298, 0.2258499264717102, 0.050168514251708984, 1.0698211193084717, 1.4245625734329224, 0.916141152381897, -0.970622181892395, 0.32765620946884155, 0.9967398643493652, -0.6069220304489136, 0.3208093047142029, 1.2749900817871094, -0.6857112646102905, 0.16500410437583923, -1.181006908416748, -0.10675877332687378, 0.38480693101882935, 1.0525434017181396, 0.608565628528595, -0.10333332419395447, -0.011813942342996597]",yunet,Facenet,1920,1080,/home/amos/media/tv/modern_family/Modern.Family.S09.1080p.DSNP.WEB-DL.DDP5.1.H.264-CRFW/Modern.Family.S09E17.Royal.Visit.1080p.DSNP.WEB-DL.DDP5.1.H.264-CRFW.mkv,Modern Family,2009,1442437,9,17,Sofía Vergara,63522.0,0.802
1166,240,252,486,564,426,378,306,378,0.912,28968,0,"[-0.3539597988128662, -0.7678383588790894, -0.1381721943616867, 0.23650872707366943, 1.5443929433822632, -0.6332024335861206, -0.2414505034685135, 1.207084059715271, -0.6657986640930176, 0.3610723912715912, -0.7995809316635132, 0.8524212837219238, -1.199241280555725, 0.2623039186000824, 0.932157039642334, -0.5077120661735535, 1.395708441734314, 0.11025157570838928, 0.8531387448310852, -1.0571800470352173, -1.169411540031433, -0.5447922348976135, -0.0014260485768318176, 0.4078081548213959, 1.1834001541137695, -2.0862555503845215, -0.2640758156776428, 3.0618085861206055, 0.036675263196229935, -1.3602091073989868, -0.3134564459323883, 1.2087833881378174, -0.9902372360229492, 0.7463414669036865, -1.0059155225753784, -0.09342657029628754, -0.04280534014105797, -0.8877825140953064, -2.554340124130249, -0.671776294708252, -0.8481599688529968, -0.956490695476532, -0.522247314453125, 1.3574937582015991, 0.40037834644317627, -0.9368897676467896, -0.11398307979106903, -0.5803872346878052, 0.10053950548171997, 0.5931887626647949, -0.24114830791950226, 0.39825984835624695, -1.0194538831710815, 0.33263468742370605, -0.16950653493404388, 0.6215166449546814, -1.704784870147705, -0.11659133434295654, -1.6461825370788574, 0.3459168076515198, -1.4668550491333008, 0.3287397027015686, 0.03335773944854736, -0.12461651861667633, -0.10116951912641525, 0.8102350234985352, -0.37233802676200867, 2.001887559890747, 0.6414049863815308, -0.9709166288375854, -0.5311806797981262, -0.7869166135787964, 0.5115996599197388, 0.7800663709640503, 0.10192438960075378, 1.1191574335098267, 0.004557855427265167, -0.8430671691894531, -0.6114665865898132, 1.324461817741394, -0.4096715450286865, 2.556279420852661, -0.46482279896736145, -1.4460186958312988, -0.6684669256210327, -0.33047381043434143, 0.5964857935905457, -0.10759786516427994, 0.7737393379211426, 1.9879412651062012, -0.09886962920427322, -0.8430527448654175, -0.953901469707489, -0.7769911289215088, 0.828518271446228, -1.0133854150772095, -1.2093079090118408, 0.15584255754947662, 1.5684404373168945, 2.8613455295562744, -0.4875291585922241, 1.3607155084609985, -0.29561811685562134, -1.5532560348510742, -0.17149192094802856, -0.804241955280304, 0.6367671489715576, -0.4144804775714874, 0.7484580874443054, -2.1665737628936768, -2.1210296154022217, 1.1255394220352173, -0.13286852836608887, -1.6485676765441895, 1.1275360584259033, 0.24018895626068115, 1.6353987455368042, 0.693917989730835, 0.03279947116971016, 0.14820729196071625, 0.14226925373077393, 0.9887208938598633, 0.4977118968963623, 0.7975583672523499, 1.1313402652740479, 0.6489355564117432, 0.02230210416018963, 1.4824392795562744]",yunet,Facenet,1920,1080,/home/amos/media/tv/modern_family/Modern.Family.S09.1080p.DSNP.WEB-DL.DDP5.1.H.264-CRFW/Modern.Family.S09E17.Royal.Visit.1080p.DSNP.WEB-DL.DDP5.1.H.264-CRFW.mkv,Modern Family,2009,1442437,9,17,Ed O'Neill,18977.0,0.739
1167,1494,252,1710,528,1662,360,1572,366,0.911,28968,1,"[-1.073040246963501, -0.1220049187541008, 0.3738117218017578, -1.030684232711792, 1.4090662002563477, -0.003858821466565132, 0.001493450254201889, 0.980852484703064, -0.15697012841701508, 1.7141469717025757, -0.18946602940559387, 1.749058723449707, -0.7712648510932922, -1.0870399475097656, -0.40068650245666504, 1.947975993156433, 0.3513306975364685, -0.9522364735603333, -0.40668871998786926, 0.006327807903289795, 1.7064611911773682, 0.7870509624481201, 0.4328806400299072, -0.42479392886161804, 0.8071566224098206, 0.014626149088144302, -0.3958078622817993, 0.17270949482917786, 2.7212905883789062, -1.0901439189910889, 0.4602264165878296, -1.1930474042892456, 2.417539596557617, -0.6639233231544495, 1.636818766593933, 0.08040426671504974, -0.7836036086082458, 0.8684854507446289, -0.2854202389717102, -1.0211925506591797, -1.761621356010437, 1.6739782094955444, 0.00024221837520599365, 0.4622856378555298, -1.9627803564071655, 1.0157041549682617, -2.166881561279297, 0.12084169685840607, -2.5919408798217773, 0.5729384422302246, -0.5341452360153198, 1.133670687675476, 0.7217090129852295, 1.7897495031356812, 0.5516375303268433, -0.2924456000328064, -0.8407827615737915, -0.4610099196434021, -1.428046464920044, -0.7092905044555664, -0.14918838441371918, -0.15260693430900574, -1.078296422958374, -0.13487198948860168, -0.027276892215013504, 0.5826156735420227, -0.47610968351364136, 0.7301941514015198, 1.9787213802337646, -0.21478644013404846, 0.040916237980127335, -0.037974677979946136, -2.729717493057251, 0.28347575664520264, 0.6099172830581665, 0.4912371337413788, 0.7612824440002441, -0.3786959648132324, 2.0991179943084717, 0.42317771911621094, 0.6855980157852173, 0.5550156831741333, 0.10080806165933609, -0.8272250890731812, -0.07770166546106339, -0.14490032196044922, 1.1020984649658203, -0.21075773239135742, -0.575332522392273, 1.6282092332839966, -1.8781417608261108, 0.47425997257232666, 0.9693835973739624, 0.5279785394668579, 0.48805391788482666, 0.03570648282766342, -0.645912766456604, -0.22930094599723816, 0.1472620964050293, 0.06438051909208298, -0.596113383769989, -0.6688317060470581, -1.5563162565231323, 2.214259147644043, -0.03745599091053009, 0.2717093229293823, -0.31181973218917847, -1.6560392379760742, -0.27428966760635376, 0.5658487677574158, 0.9297884702682495, -0.08858412504196167, 0.7527428865432739, 0.1277035027742386, 0.20679859817028046, 0.3667263686656952, -0.7862204313278198, 0.3721332252025604, 1.5137903690338135, -1.899433970451355, 1.1789029836654663, -0.14540041983127594, -1.1499369144439697, 0.8316653966903687, 1.1437636613845825, 0.7210586667060852, 0.6069940328598022, 1.3557298183441162]",yunet,Facenet,1920,1080,/home/amos/media/tv/modern_family/Modern.Family.S09.1080p.DSNP.WEB-DL.DDP5.1.H.264-CRFW/Modern.Family.S09E17.Royal.Visit.1080p.DSNP.WEB-DL.DDP5.1.H.264-CRFW.mkv,Modern Family,2009,1442437,9,17,Sofía Vergara,63522.0,0.786
1168,228,246,492,564,426,366,294,372,0.913,28992,0,"[-0.5321191549301147, -1.0972884893417358, 0.3332415819168091, 0.22917035222053528, 1.066257119178772, -0.5453821420669556, -0.1357194483280182, 0.8231961727142334, -1.25059974193573, -0.27876919507980347, -0.42332664132118225, 0.3185839354991913, -1.255685806274414, 0.4824165403842926, 1.1420594453811646, -0.12956887483596802, 1.0860854387283325, -0.30448204278945923, 0.8412612676620483, -1.3697192668914795, -1.7752974033355713, -0.2571716010570526, 0.38027864694595337, -0.3973613977432251, 1.241760492324829, -2.0767409801483154, 0.3512389361858368, 2.8628721237182617, 0.3058844804763794, -0.9603418111801147, -1.2166590690612793, 1.7737953662872314, -1.7328115701675415, 0.9615249633789062, -0.5209090709686279, -0.17810305953025818, 0.4943222999572754, -0.49152469635009766, -1.7721965312957764, -1.2602065801620483, -0.5017040967941284, -0.767011821269989, -0.7780102491378784, 1.2791827917099, 0.4811933636665344, -1.2262030839920044, -0.6293123960494995, -0.6924694776535034, -0.11674140393733978, 1.7591941356658936, -0.14623522758483887, 0.9615386724472046, -0.21186167001724243, 0.9046022891998291, -0.4065622389316559, 0.3787999451160431, -1.6124320030212402, -0.007384590804576874, -2.2899017333984375, -0.14643946290016174, -1.4847737550735474, -0.047942809760570526, 0.3554237186908722, 0.5293959379196167, -0.7145636081695557, 1.346426248550415, -0.05007100850343704, 1.5395395755767822, -0.057275332510471344, -0.9032750129699707, -0.704258143901825, -0.9698798656463623, 0.1785828024148941, 0.3348380923271179, 0.24723045527935028, 1.271312952041626, -0.9132522344589233, -0.1703687608242035, -0.9101007580757141, 1.025679349899292, -0.3860674500465393, 3.1830735206604004, -0.8528754711151123, -0.8372430801391602, -0.11665400117635727, -0.8562676906585693, 0.9005051255226135, -0.07682625204324722, -0.1478683054447174, 0.9434278011322021, -0.07220865041017532, -0.974459171295166, -0.6718698143959045, -0.9075807929039001, 1.025653600692749, -0.19754981994628906, -1.1680467128753662, -0.2411155104637146, 1.2878053188323975, 1.9840388298034668, -1.060927152633667, 1.2443467378616333, -0.28423452377319336, -1.3842415809631348, 0.03313867747783661, -0.09689361602067947, 0.5002027153968811, -0.000823676586151123, 0.7762484550476074, -2.068969964981079, -1.7769125699996948, 0.8337184190750122, 0.5316267013549805, -1.6709685325622559, 0.7027332186698914, 0.4496656358242035, 1.4886133670806885, 0.42233067750930786, -1.181402564048767, -0.16242703795433044, 0.08283650130033493, 0.23395895957946777, 1.7549357414245605, 0.34761562943458557, 1.3352307081222534, 0.8269752264022827, -0.28721898794174194, 1.5651658773422241]",yunet,Facenet,1920,1080,/home/amos/media/tv/modern_family/Modern.Family.S09.1080p.DSNP.WEB-DL.DDP5.1.H.264-CRFW/Modern.Family.S09E17.Royal.Visit.1080p.DSNP.WEB-DL.DDP5.1.H.264-CRFW.mkv,Modern Family,2009,1442437,9,17,Ed O'Neill,18977.0,0.716
1169,1506,246,1728,534,1674,354,1572,360,0.907,28992,1,"[-1.2657443284988403, -0.2896525263786316, 0.40404394268989563, -0.7794570326805115, 1.2528629302978516, 0.28892672061920166, -0.09858357906341553, 1.3360631465911865, 0.08712401986122131, 1.1872038841247559, 0.24389496445655823, 2.193756580352783, -0.055659495294094086, -1.7325465679168701, -0.17114761471748352, 1.503873586654663, 0.2117137908935547, -0.8685529828071594, -0.7833061218261719, 0.012747034430503845, 1.7517884969711304, 0.6542217135429382, 0.21050569415092468, -0.6886113286018372, 0.30218344926834106, -0.6178577542304993, -1.182495355606079, 0.44377601146698, 2.5873465538024902, -1.625419020652771, 0.6485828161239624, -1.5185902118682861, 2.582900285720825, -1.3043453693389893, 1.7863569259643555, 0.15844404697418213, -1.1032335758209229, 0.5265923738479614, -0.2755994498729706, -1.7018170356750488, -1.3575215339660645, 1.9484307765960693, -0.4689469039440155, -0.03947542607784271, -2.0097696781158447, 0.7022560834884644, -1.6372349262237549, -0.020921915769577026, -2.634232521057129, 1.0262296199798584, -0.6270108819007874, 1.478696346282959, 0.7738662958145142, 1.2873671054840088, 1.1628390550613403, 0.35202479362487793, -1.0383654832839966, -0.8606279492378235, -1.3424376249313354, -0.5453449487686157, 0.21011483669281006, -0.648880124092102, -0.27145031094551086, -0.7747774720191956, 0.09778153896331787, 0.4705582857131958, -0.39307892322540283, 0.6080088019371033, 1.2783057689666748, -0.3339855670928955, 0.08319791406393051, 0.05710586905479431, -3.136547803878784, 0.15691040456295013, 0.776604175567627, 0.40341734886169434, -0.2047017216682434, -0.3426819145679474, 1.9833273887634277, 0.5904816389083862, 1.173539400100708, 0.031172066926956177, -0.14152175188064575, -0.9276770949363708, 0.468669056892395, -0.4949510991573334, 0.5227320790290833, 0.0933554619550705, -0.01761394739151001, 1.287326455116272, -2.091176986694336, 0.5486911535263062, 0.7687541246414185, 1.1922335624694824, 0.05711294338107109, 0.45537883043289185, -1.1234846115112305, -0.20271198451519012, 0.3957105576992035, -0.1946135014295578, -0.15222829580307007, -0.6670128703117371, -1.4711757898330688, 1.7354058027267456, 0.274393767118454, 0.6617900133132935, -0.09087726473808289, -1.6178181171417236, -0.03650940954685211, 1.0253814458847046, 0.6879597902297974, 0.8234990835189819, 0.803638219833374, -0.29288578033447266, 0.049883581697940826, 0.17015333473682404, -0.7675302028656006, -0.24481722712516785, 0.9945119023323059, -1.9950060844421387, 0.8321617245674133, -0.560954213142395, -0.5926796793937683, 1.0744415521621704, 1.2459601163864136, 1.0765105485916138, 0.12260522693395615, 0.9129725098609924]",yunet,Facenet,1920,1080,/home/amos/media/tv/modern_family/Modern.Family.S09.1080p.DSNP.WEB-DL.DDP5.1.H.264-CRFW/Modern.Family.S09E17.Royal.Visit.1080p.DSNP.WEB-DL.DDP5.1.H.264-CRFW.mkv,Modern Family,2009,1442437,9,17,Sofía Vergara,63522.0,0.769
1170,258,240,510,558,468,366,360,366,0.91,29016,0,"[-0.26918914914131165, -0.4304763674736023, -0.052462391555309296, 0.7705994248390198, 0.7427880764007568, -0.7106460332870483, 0.2811373472213745, 1.9207428693771362, -0.7711581587791443, 0.5821585655212402, -0.45923319458961487, 0.5743867754936218, -1.3390872478485107, 0.9267997741699219, 0.7962145805358887, -0.5302804112434387, 2.0194504261016846, -0.039311423897743225, 1.0471413135528564, -0.9724783897399902, -1.7583422660827637, -0.3236261308193207, -0.28791436553001404, 0.8103700280189514, 2.297459840774536, -1.24660062789917, -0.01027866080403328, 2.512948989868164, 0.8848392963409424, -1.9810512065887451, -0.6841713190078735, 1.4351918697357178, -1.3838857412338257, 0.13402020931243896, -0.10658223927021027, -0.2832808196544647, 0.5594959259033203, 0.5050880908966064, -1.3908498287200928, -0.4051969647407532, -1.5277671813964844, 0.15462428331375122, -0.5385926961898804, 0.8770864009857178, 0.16344191133975983, -0.121432825922966, -1.2454757690429688, -0.6205182075500488, 1.5098950862884521, 1.3745348453521729, 0.5997747778892517, 0.9376776218414307, -0.1355447769165039, 0.2059451788663864, -0.22937119007110596, 0.948642909526825, -1.8815112113952637, -0.8821837306022644, -1.129370093345642, 0.9828052520751953, -1.5251133441925049, 0.9865747094154358, 0.029329903423786163, -0.7586851716041565, 0.34492167830467224, 1.345812201499939, -0.46603792905807495, 2.5512776374816895, 1.0428792238235474, 0.13483156263828278, -0.5934763550758362, -0.08315350115299225, 0.06085245683789253, 0.26907968521118164, 0.2541356682777405, 0.3556766211986542, -0.26272052526474, -0.7976446747779846, -1.237742304801941, 1.9388679265975952, -0.22385650873184204, 2.280027151107788, -0.5238924026489258, -1.748327612876892, -0.5536129474639893, 0.6031379699707031, 0.23553341627120972, -0.36066025495529175, -0.23630879819393158, 1.8892170190811157, 0.8178771138191223, 0.1534108817577362, -0.9972800016403198, -0.7045969367027283, 0.023072078824043274, -0.261694997549057, -0.23602163791656494, 0.5558637976646423, 1.9265000820159912, 2.740233898162842, -1.1123443841934204, 1.422836422920227, 0.37923601269721985, -1.7528882026672363, -0.43436336517333984, -0.534452497959137, 0.3030960261821747, 0.05731457471847534, 0.28753623366355896, -1.9136362075805664, -1.5921220779418945, 0.3161555528640747, -0.08623884618282318, -2.0959386825561523, 1.276558518409729, 0.2928234040737152, 1.6610435247421265, 1.3010705709457397, 0.6390380263328552, -0.09323789179325104, 0.6251886487007141, -0.16384901106357574, 0.4759112596511841, 0.3178948163986206, 0.45921146869659424, 0.7138758301734924, -0.4358823299407959, 1.0490851402282715]",yunet,Facenet,1920,1080,/home/amos/media/tv/modern_family/Modern.Family.S09.1080p.DSNP.WEB-DL.DDP5.1.H.264-CRFW/Modern.Family.S09E17.Royal.Visit.1080p.DSNP.WEB-DL.DDP5.1.H.264-CRFW.mkv,Modern Family,2009,1442437,9,17,Ed O'Neill,18977.0,0.693
1171,1470,252,1692,546,1638,372,1542,372,0.902,29016,1,"[-1.0338118076324463, 0.35261818766593933, 1.1348813772201538, -0.535117506980896, 1.6195027828216553, -0.6560096740722656, 0.6437011957168579, -0.6876369714736938, -0.18848666548728943, 1.1452873945236206, 1.0020711421966553, 2.442822217941284, 0.599129319190979, -2.030040740966797, 0.5854024291038513, 1.4713332653045654, 0.4660152494907379, -0.8149718046188354, -0.8667382597923279, 0.09945034980773926, 1.7951945066452026, 0.010965847410261631, -0.34231841564178467, -0.6051279902458191, -0.30684271454811096, 0.15106216073036194, -1.5132360458374023, 0.9053574204444885, 2.337897300720215, -1.7911773920059204, 0.8449522256851196, -1.614001989364624, 1.243951439857483, -0.8853423595428467, 2.1877996921539307, 0.9836419224739075, -0.9773856401443481, -0.03999368101358414, 0.691780686378479, -1.1405712366104126, -0.8271153569221497, 1.859477162361145, -0.5227129459381104, -0.1983337104320526, -2.1898155212402344, 1.5548136234283447, -1.3173303604125977, -0.02288249507546425, -2.420130729675293, 0.7069270610809326, -1.152787685394287, 1.7364989519119263, -0.2007085084915161, 1.371694803237915, 1.161569356918335, 1.2748994827270508, -0.22614030539989471, -0.23754429817199707, -0.464688241481781, -0.08617653697729111, 0.2252618968486786, -1.02944016456604, -0.13500471413135529, -0.6886976361274719, 0.5670413970947266, 0.9533998966217041, 0.09599602222442627, 0.14664582908153534, 1.670605182647705, 0.4536967873573303, 0.3629460036754608, 0.16863137483596802, -2.63143253326416, 0.5076345205307007, 0.4618337154388428, 0.4675106406211853, -0.238072469830513, -1.0989174842834473, 0.7311131954193115, 0.34596019983291626, 1.2236131429672241, -0.5922189950942993, 0.3575459122657776, -0.8276591300964355, 0.4725002646446228, -0.8970491886138916, 0.028614360839128494, 0.43494921922683716, -0.17611008882522583, 1.1449551582336426, -2.1822664737701416, 0.40751320123672485, 1.5543723106384277, 0.4699059724807739, 0.17075961828231812, 0.4122968316078186, -0.7166476249694824, -0.01654801331460476, 0.5188784599304199, -0.3349387049674988, -0.6265997290611267, -0.3487119972705841, -1.9623547792434692, 1.3164762258529663, 0.6343209147453308, 1.3184670209884644, 0.5991904735565186, -1.160040020942688, 0.418999582529068, 0.3097604513168335, 0.888458788394928, 1.5599156618118286, 0.9191153049468994, -0.6868431568145752, 1.117135763168335, 0.8155701160430908, -0.24668794870376587, 0.3962365388870239, 1.5222100019454956, -1.3403940200805664, 0.9896260499954224, -0.5485516786575317, 0.7003235816955566, -0.30552685260772705, 1.087965965270996, 0.9901526570320129, 0.6059027910232544, 0.7656295299530029]",yunet,Facenet,1920,1080,/home/amos/media/tv/modern_family/Modern.Family.S09.1080p.DSNP.WEB-DL.DDP5.1.H.264-CRFW/Modern.Family.S09E17.Royal.Visit.1080p.DSNP.WEB-DL.DDP5.1.H.264-CRFW.mkv,Modern Family,2009,1442437,9,17,Sofía Vergara,63522.0,0.774
1172,1440,270,1650,534,1602,372,1506,372,0.906,29040,0,"[-0.7065062522888184, 0.20611736178398132, 1.097581148147583, -0.7952813506126404, 1.6369796991348267, -0.21718518435955048, -0.16547122597694397, 0.6239571571350098, -1.1019580364227295, 1.136791467666626, 0.6067034602165222, 2.5115482807159424, 0.37984615564346313, -1.1341947317123413, 0.5006393194198608, 1.0287742614746094, 0.6042044162750244, -0.4002203941345215, -0.5596210956573486, 0.6737892627716064, 1.2211841344833374, 0.8620895743370056, 0.51004558801651, -0.6110813617706299, 0.09322503209114075, 0.336039662361145, -1.1675896644592285, 0.525692343711853, 2.605125904083252, -1.4887731075286865, 0.661957859992981, -1.5387214422225952, 1.4970537424087524, -0.8349611759185791, 1.9078174829483032, 0.6673793196678162, -0.7527201175689697, 0.324470579624176, -0.8573740124702454, -1.2714396715164185, -1.4889084100723267, 1.7628215551376343, 0.2415022850036621, 0.22426378726959229, -2.0651941299438477, 0.9761491417884827, -1.4764872789382935, -0.12374866008758545, -2.729505777359009, 0.9695789813995361, -0.21656708419322968, 1.4402669668197632, 0.6666145920753479, 1.171947717666626, 1.083230972290039, 0.06942355632781982, -0.922085702419281, -0.2563045918941498, -1.305019497871399, -1.0522935390472412, 0.2855532169342041, -0.6588039994239807, 0.6846950650215149, 0.03427824378013611, -0.7035920023918152, 0.23250679671764374, -0.7578984498977661, 0.4964229166507721, 1.8145948648452759, 0.42877140641212463, 0.5556991696357727, -0.2914610505104065, -3.1769795417785645, 0.5894033312797546, 0.8035562038421631, 0.5372075438499451, -0.07570560276508331, -0.5554129481315613, 1.2000062465667725, 0.2899075150489807, 1.2048921585083008, 0.34433263540267944, -0.7330938577651978, -0.13660764694213867, 0.8580841422080994, -0.14378638565540314, 0.5694008469581604, 0.17499099671840668, -0.31854483485221863, 0.18507874011993408, -2.4921741485595703, 0.16728462278842926, 1.7651288509368896, 0.8499823212623596, 0.6133167743682861, -0.06258472800254822, -0.0719003677368164, -0.29224810004234314, 1.1257376670837402, -0.5601256489753723, -0.6817131638526917, -0.001272495836019516, -0.935062050819397, 1.662562370300293, -0.09853943437337875, 0.7281594276428223, -0.04001324251294136, -1.3765450716018677, -0.035107970237731934, 0.3776952624320984, 0.4561750888824463, 1.3234230279922485, 0.9002577066421509, -0.142087921500206, 0.6908668875694275, 0.7789796590805054, -0.923419713973999, -0.06698226928710938, 1.060776948928833, -1.6313776969909668, 0.3579520583152771, -0.17912563681602478, -0.039872102439403534, -0.24587172269821167, 1.043035864830017, 1.213754415512085, 0.08067546039819717, 1.4113606214523315]",yunet,Facenet,1920,1080,/home/amos/media/tv/modern_family/Modern.Family.S09.1080p.DSNP.WEB-DL.DDP5.1.H.264-CRFW/Modern.Family.S09E17.Royal.Visit.1080p.DSNP.WEB-DL.DDP5.1.H.264-CRFW.mkv,Modern Family,2009,1442437,9,17,Sofía Vergara,63522.0,0.666
1173,150,246,414,570,324,378,198,378,0.901,29040,1,"[0.0588141605257988, 0.06353670358657837, 0.2422657459974289, 0.21220391988754272, 0.9045877456665039, -1.0883930921554565, -0.5004082918167114, 0.2659952938556671, -0.44261041283607483, 0.10410892963409424, -0.6063969135284424, 1.2942590713500977, -1.4659711122512817, -0.7885100841522217, 1.7269470691680908, -0.6707001328468323, 1.5567470788955688, 1.2472951412200928, 0.7468169927597046, -1.2439433336257935, -1.710105299949646, -1.55026113986969, -0.48453283309936523, 0.09696854650974274, 1.0446631908416748, -2.4046595096588135, -0.4217868745326996, 3.4092044830322266, 0.6195011734962463, -0.6555773019790649, -1.182176947593689, 1.1355866193771362, -2.0037224292755127, 0.35357043147087097, -0.9220697283744812, -0.785643994808197, -0.6981003880500793, 0.18717661499977112, -1.2518646717071533, -0.31976211071014404, -0.20943236351013184, -0.9417731761932373, 0.19949030876159668, 2.4498941898345947, 0.2838957607746124, -1.0427428483963013, 0.11771808564662933, -1.46077561378479, -0.25670793652534485, 0.4288453459739685, -0.387346088886261, 0.8425843715667725, -0.31571832299232483, 1.456861138343811, 0.42190730571746826, -0.06038134545087814, -1.254732370376587, 0.07879625260829926, -2.108102798461914, 0.5590340495109558, -1.053184986114502, -0.6404350399971008, 0.693670928478241, -0.9756042957305908, 0.3444415032863617, 2.016671657562256, -0.3901541233062744, 1.4882519245147705, 0.002434130758047104, -1.296225666999817, -1.4994536638259888, -0.8209439516067505, 0.32565414905548096, 0.029647722840309143, -0.22292648255825043, 1.5019869804382324, -1.1271425485610962, -0.830348014831543, -0.22781601548194885, 0.9870505332946777, 1.0798076391220093, 2.3869597911834717, -0.18193915486335754, -1.10539710521698, -1.3225687742233276, -0.1949787139892578, -0.12736763060092926, -0.025141224265098572, -0.07469095289707184, 1.8719984292984009, 0.5552254915237427, -1.1959480047225952, -0.8426613211631775, -1.46687650680542, 0.039791740477085114, -0.8248973488807678, -1.779555082321167, -0.9216058254241943, 0.8351776599884033, 1.9121054410934448, -1.3471641540527344, 1.4766762256622314, -0.3062842786312103, -0.8512668013572693, 0.031202755868434906, -0.3143165111541748, -0.6039690375328064, -0.2522031366825104, 0.6197709441184998, -1.257912278175354, -1.837190866470337, 1.405167579650879, -0.3244299292564392, -1.9625670909881592, 0.31049835681915283, -0.7072128057479858, -0.11082976311445236, 0.231119304895401, 0.9980627298355103, -0.27354246377944946, -0.518991231918335, 0.676424503326416, 1.5236293077468872, 0.05655951052904129, 1.0221809148788452, 1.0180481672286987, 0.5204511880874634, 0.7850280404090881]",yunet,Facenet,1920,1080,/home/amos/media/tv/modern_family/Modern.Family.S09.1080p.DSNP.WEB-DL.DDP5.1.H.264-CRFW/Modern.Family.S09E17.Royal.Visit.1080p.DSNP.WEB-DL.DDP5.1.H.264-CRFW.mkv,Modern Family,2009,1442437,9,17,Ed O'Neill,18977.0,0.749
1174,114,246,378,564,288,372,162,372,0.9,29064,0,"[-0.18681007623672485, -0.5381853580474854, 0.23632891476154327, 0.45123836398124695, 1.6686761379241943, -0.8571313619613647, -0.534509539604187, 0.6245619058609009, -0.40722185373306274, 0.2591334283351898, -0.8783897757530212, 0.7448335886001587, -1.5795059204101562, -0.7261446714401245, 1.4118092060089111, -0.6555269360542297, 1.2278070449829102, 0.8720155358314514, -0.03236202150583267, -1.501660943031311, -1.2280189990997314, -1.3525441884994507, -0.28219395875930786, -0.02883569896221161, 0.8001756072044373, -2.1501729488372803, -0.040800947695970535, 3.6666150093078613, 0.30304110050201416, -0.7096863985061646, -1.125292181968689, 1.7662581205368042, -2.114515781402588, 0.1942681074142456, -1.0820317268371582, -0.763772189617157, -0.5969723463058472, -0.5474510192871094, -1.966202974319458, -0.8094373941421509, -0.014613429084420204, -1.3108547925949097, 0.12995506823062897, 2.029247999191284, 0.3525558114051819, -1.3359531164169312, 0.6050300598144531, -1.3376997709274292, -0.617833137512207, 0.5656381845474243, -0.34799450635910034, 0.6662489175796509, -0.3482334315776825, 1.2152043581008911, 0.48291659355163574, -0.0877179503440857, -1.2760200500488281, -0.2515542209148407, -1.8810386657714844, 0.3267827033996582, -1.4660966396331787, -0.7977949976921082, 0.7990402579307556, -0.13527309894561768, -0.01667577028274536, 1.7177485227584839, -0.3294529318809509, 1.7714667320251465, 0.06723739206790924, -1.3658668994903564, -1.606621265411377, -0.8095419406890869, 0.4422273337841034, 0.39824730157852173, -0.13714614510536194, 1.7186014652252197, -1.0089350938796997, -0.4141237139701843, -0.4757208228111267, 0.8968769907951355, 0.20477759838104248, 2.571807622909546, -0.2921174168586731, -1.1047770977020264, -1.1601043939590454, -0.5693705081939697, 0.23640723526477814, -0.3247619867324829, 0.4040316045284271, 1.7315447330474854, 0.2838952839374542, -1.4945355653762817, -1.0993354320526123, -1.378210186958313, 0.6357957124710083, -0.9221143126487732, -1.74210786819458, -0.862345278263092, 1.1777164936065674, 1.8783214092254639, -1.1965559720993042, 1.447383999824524, -0.705376923084259, -1.1956408023834229, 0.12594926357269287, -0.39985042810440063, -0.4171657860279083, -0.2959328293800354, 1.0545796155929565, -0.9351667165756226, -1.9995085000991821, 1.4994137287139893, -0.15625576674938202, -1.6334285736083984, 0.40691062808036804, -0.19628868997097015, 0.201905757188797, -0.018984824419021606, -0.07935615628957748, -0.5403571724891663, -0.16291368007659912, 0.6811114549636841, 1.492446780204773, 0.34197789430618286, 0.9177574515342712, 0.7734324932098389, 0.5687576532363892, 0.9024239182472229]",yunet,Facenet,1920,1080,/home/amos/media/tv/modern_family/Modern.Family.S09.1080p.DSNP.WEB-DL.DDP5.1.H.264-CRFW/Modern.Family.S09E17.Royal.Visit.1080p.DSNP.WEB-DL.DDP5.1.H.264-CRFW.mkv,Modern Family,2009,1442437,9,17,Ed O'Neill,18977.0,0.747
1175,1452,306,1656,570,1578,402,1494,402,0.903,29088,0,"[-0.4647729694843292, -0.7084108591079712, -0.15583160519599915, 0.04826606065034866, 0.33449119329452515, 1.1422501802444458, -0.8765814900398254, -0.4322267770767212, -1.2086853981018066, 1.854482889175415, 0.07477816194295883, 2.7182729244232178, 1.3360663652420044, -1.3406106233596802, -0.2845359742641449, 2.4440910816192627, 0.20680032670497894, -0.6618393063545227, 1.3444148302078247, 1.2754080295562744, 1.224073886871338, 1.9329098463058472, 0.39774376153945923, -0.5016975402832031, 0.6729272603988647, 0.16043642163276672, -0.16370521485805511, 0.5594321489334106, 2.748337507247925, -1.2675224542617798, 0.11020197719335556, -0.8975828886032104, 0.8697637915611267, -0.631364643573761, 2.649338960647583, 0.5122585892677307, 0.00939847156405449, 0.8257566690444946, 0.161096453666687, -0.8017700910568237, -1.1477757692337036, 2.4221720695495605, -0.5483417510986328, 0.09517024457454681, -2.1432318687438965, -0.1292034238576889, -1.2896513938903809, 0.10908568650484085, -1.1275628805160522, 0.8222177028656006, 0.2282419204711914, 1.4870336055755615, 0.9841357469558716, 0.8458423018455505, 1.1823111772537231, 0.6062204837799072, -0.979954719543457, -0.05379685387015343, -0.2426539957523346, -1.1310747861862183, 0.9974057078361511, -0.12517331540584564, -0.9585042595863342, -1.15290367603302, -0.5059105157852173, 1.0167231559753418, 1.2799501419067383, 1.212341547012329, 0.08373598009347916, 0.11606646329164505, 0.5718200206756592, 0.39978596568107605, -2.4482500553131104, 1.705004334449768, 1.297029733657837, 1.5762602090835571, 0.4929598867893219, 0.8430435657501221, 0.3846886157989502, -0.0010478794574737549, -0.5820316672325134, 0.2907509207725525, -0.8798122406005859, 1.2556918859481812, 1.4278753995895386, -1.1472200155258179, 0.932034969329834, -0.2973024547100067, -0.48683780431747437, -0.4903651773929596, -2.1316208839416504, 0.4585268795490265, 1.0183054208755493, 1.0611613988876343, 0.3878917098045349, 0.13633544743061066, -0.13886694610118866, -0.5591386556625366, 1.5967261791229248, -1.1286932229995728, -0.018192196264863014, 0.1091768816113472, -1.7667728662490845, -0.36620664596557617, -0.19361910223960876, 1.0088704824447632, 0.38356196880340576, 0.0034577548503875732, 0.909443736076355, -0.6847085356712341, 1.7473641633987427, 1.1619117259979248, 1.1067241430282593, -0.9872133135795593, 0.7153521776199341, 2.3806188106536865, -0.10476240515708923, 0.4956818222999573, -0.8699866533279419, -0.29113224148750305, 1.4186937808990479, -0.817359209060669, 0.22599050402641296, -0.033784881234169006, 2.643690586090088, 0.6317026019096375, 0.09912093728780746, -0.455619752407074]",yunet,Facenet,1920,1080,/home/amos/media/tv/modern_family/Modern.Family.S09.1080p.DSNP.WEB-DL.DDP5.1.H.264-CRFW/Modern.Family.S09E17.Royal.Visit.1080p.DSNP.WEB-DL.DDP5.1.H.264-CRFW.mkv,Modern Family,2009,1442437,9,17,Sofía Vergara,63522.0,0.677
1176,1260,456,1452,714,1338,558,1284,552,0.909,29112,0,"[0.05779574066400528, 1.6271945238113403, -0.5299512147903442, 0.42724838852882385, 1.2282683849334717, 0.062146276235580444, 1.0929064750671387, -0.14501743018627167, 0.5832997560501099, 0.33839309215545654, 0.9049043655395508, 2.172312021255493, 1.330377459526062, -2.074624538421631, -0.8295878171920776, 2.0850870609283447, 0.1452838033437729, -1.7625619173049927, -0.3064488172531128, 2.4431252479553223, 1.5635544061660767, 1.538243293762207, 0.028221741318702698, -0.11645565181970596, -1.2520649433135986, 0.006219401955604553, 0.03907432407140732, 0.08063817769289017, 1.782474160194397, -0.35926705598831177, 0.5674370527267456, -0.8260575532913208, 1.789930820465088, -0.21908020973205566, 0.9379348158836365, 0.3463948965072632, -0.5983613133430481, 0.2906288504600525, 1.4959931373596191, 0.958420991897583, -0.6293355822563171, 2.093719720840454, -0.18849670886993408, -0.9486581683158875, -2.0155842304229736, 1.7132525444030762, -1.1158077716827393, -0.8828209638595581, -2.2291245460510254, 0.2687409222126007, -0.8766106367111206, 1.581702470779419, -0.07790226489305496, 1.4375114440917969, -0.19408993422985077, 1.1229509115219116, -0.12631894648075104, -0.11688375473022461, -1.0815767049789429, -0.0936078205704689, 0.43666937947273254, -0.05756407603621483, -0.8914911150932312, -1.1328034400939941, 0.8766992092132568, -0.1350650191307068, 1.5372315645217896, 1.1679761409759521, 0.7937513589859009, -0.28785672783851624, 0.8506628274917603, 0.9371520280838013, -2.0787947177886963, 1.776685357093811, 1.216434121131897, 1.2504425048828125, 0.6488281488418579, -0.34533119201660156, 0.5670630931854248, -0.6619572639465332, 1.4331743717193604, 0.46473485231399536, 1.1179081201553345, -0.9833505749702454, 0.21725037693977356, -0.03504045307636261, 0.7417638301849365, 0.23983041942119598, -1.4447156190872192, 0.6035913228988647, -2.3243327140808105, 0.37512508034706116, 2.0218725204467773, 0.2714236080646515, -0.1465408354997635, -0.40677931904792786, -0.9644905924797058, 0.012554308399558067, 0.001601632684469223, -0.21957211196422577, -1.0516681671142578, -0.7781540751457214, -2.2318429946899414, 1.1671245098114014, -0.2934795618057251, 0.14122997224330902, 0.5085095763206482, -0.26244881749153137, -0.538693904876709, 0.06697747111320496, 1.7103991508483887, 0.9665613174438477, 1.023361325263977, -0.4800383448600769, 0.205260768532753, 1.5452871322631836, -1.4208509922027588, 0.7336018085479736, 1.7997196912765503, -0.592582643032074, 1.0692758560180664, 0.004010637290775776, 0.03291602432727814, -0.7080441117286682, 1.437659740447998, 0.524914562702179, -0.6189253926277161, 1.0254417657852173]",yunet,Facenet,1920,1080,/home/amos/media/tv/modern_family/Modern.Family.S09.1080p.DSNP.WEB-DL.DDP5.1.H.264-CRFW/Modern.Family.S09E17.Royal.Visit.1080p.DSNP.WEB-DL.DDP5.1.H.264-CRFW.mkv,Modern Family,2009,1442437,9,17,Sofía Vergara,63522.0,0.701
1177,648,150,1008,600,846,318,714,324,0.907,29136,0,"[-0.3357645273208618, -0.15158113837242126, 0.2641049325466156, 0.034532330930233, 2.189324378967285, -0.6170108914375305, 0.48020243644714355, 0.7342961430549622, 0.44685059785842896, 0.09589311480522156, -0.15888109803199768, 1.8908339738845825, -1.3013159036636353, -0.8398643732070923, 1.0457524061203003, 0.05385071784257889, 0.9932931661605835, 1.21367347240448, 0.5607273578643799, -1.2135357856750488, -0.6053096055984497, -1.7677719593048096, 0.11851728707551956, -1.017189383506775, 0.3431755006313324, -2.4916493892669678, -0.1097947508096695, 2.476426601409912, -0.5852298736572266, -0.39733654260635376, -1.9040220975875854, 1.0712792873382568, -1.9798519611358643, 0.2517997622489929, -0.7717490196228027, -1.0390145778656006, -1.206479549407959, -0.144954651594162, -1.4291489124298096, -1.4942573308944702, 0.294249027967453, -0.8839124441146851, -0.6553895473480225, 2.2821667194366455, 0.042004868388175964, -1.8203966617584229, -0.24920356273651123, -1.2571535110473633, -0.7919317483901978, 1.5033290386199951, -0.9527909159660339, 1.878433346748352, -0.39668700098991394, 0.29679960012435913, 0.8781852126121521, 0.34141966700553894, -0.6285076141357422, -0.3069216310977936, -2.037583351135254, 0.6124036312103271, -0.9144504070281982, -0.19251249730587006, 0.6708714365959167, 0.05593252182006836, 0.8190461993217468, 1.0848320722579956, -0.9029700756072998, 2.060734272003174, -0.4706287384033203, -1.0258784294128418, -1.5872883796691895, -0.30555474758148193, -0.5772927403450012, 0.1313912570476532, 0.8295862674713135, 0.9721935987472534, -1.4616440534591675, -0.8914765119552612, -1.3101733922958374, -0.06167300418019295, 0.10585004836320877, 2.1846630573272705, -0.5044346451759338, -1.6594563722610474, -0.217540442943573, -0.7915157079696655, 0.0994572564959526, -0.14553247392177582, -0.6703001260757446, 1.0795478820800781, -0.751895010471344, -1.0210530757904053, -0.13634872436523438, -1.337098479270935, 0.6348164677619934, -1.4784437417984009, -1.6034049987792969, -0.7184457778930664, 0.2662310004234314, 1.633908987045288, -0.7871131896972656, 1.507609486579895, -1.2278708219528198, -1.7238901853561401, 0.3790742754936218, -0.2398577332496643, 0.13919641077518463, -0.9933006763458252, 0.39974015951156616, -0.695890486240387, -1.4700363874435425, 2.6539604663848877, 0.2889959514141083, -1.7236952781677246, -0.0034643393009901047, 0.15793783962726593, 0.1566174179315567, 0.6514437198638916, 0.18408477306365967, 0.3859461843967438, 0.05539219081401825, 1.065924882888794, 2.2511494159698486, 0.24029222130775452, 1.034769892692566, -0.028152287006378174, -0.33427420258522034, 1.9040868282318115]",yunet,Facenet,1920,1080,/home/amos/media/tv/modern_family/Modern.Family.S09.1080p.DSNP.WEB-DL.DDP5.1.H.264-CRFW/Modern.Family.S09E17.Royal.Visit.1080p.DSNP.WEB-DL.DDP5.1.H.264-CRFW.mkv,Modern Family,2009,1442437,9,17,Ed O'Neill,18977.0,0.67
1178,594,264,954,708,852,450,684,450,0.916,29160,0,"[1.4302338361740112, 0.08168773353099823, 0.20484589040279388, -0.001815006136894226, 0.43332910537719727, 0.4260300099849701, 1.6546666622161865, -0.9902699589729309, -0.8408896327018738, 0.38602909445762634, 0.09781727939844131, -0.13921739161014557, 0.7527315616607666, 0.6931356191635132, 0.6422147750854492, -1.2129442691802979, 1.9332209825515747, -2.765178680419922, -0.0732632428407669, -0.1923885941505432, 0.18458524346351624, -1.3389899730682373, -0.1920255720615387, 0.9176898002624512, 0.831159234046936, -1.0178196430206299, 1.4981956481933594, 0.02179539203643799, -0.7700855135917664, 1.5351828336715698, 0.30010396242141724, 0.5742284059524536, 0.6448155045509338, -0.7537645101547241, 0.27364370226860046, -0.23699405789375305, 1.0723495483398438, -0.47376883029937744, -1.2036018371582031, 0.40381571650505066, 1.269390344619751, 1.2572872638702393, -1.0610029697418213, 0.44701969623565674, -0.9446527361869812, -1.6372401714324951, 1.1622096300125122, 0.45275625586509705, -0.11657477915287018, -0.2973295748233795, -0.02424260973930359, 0.3816086947917938, 0.21456801891326904, -1.7640255689620972, 0.7003687024116516, 1.4397159814834595, 2.1256375312805176, 0.7910383939743042, 0.36939725279808044, 0.14341044425964355, 0.07962507754564285, -0.374337375164032, 2.2804970741271973, 0.35982659459114075, -0.44412484765052795, -0.04104946553707123, 0.09543731808662415, 1.5259692668914795, -0.10446751862764359, 1.2925405502319336, 0.3475869297981262, 0.8924136161804199, 0.5072987675666809, -0.04394015297293663, -1.958782434463501, -0.657059907913208, 0.14989450573921204, -0.9069398641586304, -0.7724509835243225, -1.2640663385391235, -0.6417665481567383, 0.7871049642562866, 0.7198514342308044, 0.4950614273548126, -0.3135562539100647, 0.4072170555591583, 1.969229817390442, -2.366196393966675, 0.6211289167404175, -0.4087033271789551, -0.7500525116920471, 0.09636305272579193, 0.38918182253837585, 0.3892490863800049, 0.9703061580657959, 0.7427766919136047, 1.547568917274475, -0.7839739918708801, -1.1995701789855957, 1.436033010482788, -0.2386271357536316, 0.8905959129333496, -0.6619660258293152, -0.7737697958946228, 0.48697638511657715, -1.4482892751693726, -0.8886296153068542, -0.888308048248291, 1.8771718740463257, 0.07313672453165054, -2.948024272918701, 0.01960563287138939, 2.5073964595794678, 0.4598761796951294, -1.5742952823638916, -1.045804738998413, -0.7684829235076904, 0.4303775429725647, 1.5216580629348755, -0.004263846203684807, 0.434662401676178, 0.5436803102493286, 0.5181134343147278, -1.1999229192733765, 1.0646556615829468, 1.562375545501709, 0.70680832862854, -0.79347163438797]",yunet,Facenet,1920,1080,/home/amos/media/tv/modern_family/Modern.Family.S09.1080p.DSNP.WEB-DL.DDP5.1.H.264-CRFW/Modern.Family.S09E17.Royal.Visit.1080p.DSNP.WEB-DL.DDP5.1.H.264-CRFW.mkv,Modern Family,2009,1442437,9,17,Jeremy Maguire,1676910.0,0.675
1179,618,300,972,744,876,474,708,468,0.934,29184,0,"[1.3444768190383911, -0.07496803253889084, 0.48925063014030457, -0.0038561969995498657, 0.3253289461135864, -0.0869772881269455, 1.5352699756622314, -1.2665718793869019, -0.25711700320243835, 0.9734959006309509, -0.05001365393400192, -0.35859259963035583, 0.6338005661964417, 0.5857356786727905, 0.2611733078956604, -0.815300464630127, 1.4963181018829346, -2.5374433994293213, 0.09523136913776398, -0.20112664997577667, 1.1876842975616455, -1.9458081722259521, -0.3419184386730194, 0.9792299270629883, 0.6136243343353271, -1.3945202827453613, 1.6563000679016113, -0.06932021677494049, -0.4507294297218323, 1.6013294458389282, -0.29587388038635254, 0.19350622594356537, 0.7209603190422058, -0.6918016076087952, 0.4096617102622986, -0.2831338047981262, 0.33580511808395386, -0.557941198348999, -1.2554540634155273, -0.07364239543676376, 1.6225899457931519, 0.7262694239616394, -0.8086997270584106, 0.36582064628601074, -1.594833493232727, -1.8234362602233887, 0.8296600580215454, 0.5601241588592529, -0.7331054210662842, -0.8602677583694458, 0.11383699625730515, 0.5557171106338501, 0.07793405652046204, -1.6645681858062744, 1.018171787261963, 1.1282849311828613, 2.003753185272217, 0.8549859523773193, 0.612023115158081, 0.09806086868047714, 0.008501704782247543, -0.14800922572612762, 1.7332178354263306, 0.45430198311805725, -0.21276319026947021, 0.4114055037498474, 0.06013239175081253, 1.3377748727798462, -0.3626568913459778, 1.770513653755188, 0.710817813873291, 0.12043824791908264, 1.0179004669189453, -0.13937819004058838, -1.790090560913086, -0.36626121401786804, 0.8407118320465088, -0.49900466203689575, -0.5224542021751404, -1.83617103099823, -0.5207494497299194, 0.5877604484558105, 1.204230546951294, -0.07908105850219727, -0.12917307019233704, 0.2814449667930603, 1.6251676082611084, -2.6251347064971924, 0.5607926845550537, -0.42511212825775146, -0.5950931906700134, 0.4814707934856415, 0.6457257270812988, 0.7004573941230774, 0.8502929210662842, 0.2790026068687439, 1.4108006954193115, -0.6830984950065613, -1.551318883895874, 1.435897946357727, -0.5905647277832031, 1.3384932279586792, -0.445659875869751, -0.4661964178085327, 0.6248576641082764, -1.3628543615341187, -0.1954595148563385, -0.5376397371292114, 1.2976006269454956, 0.613702118396759, -2.445007801055908, 0.2024090588092804, 2.1687958240509033, 0.30634835362434387, -2.0855185985565186, -1.11186945438385, -0.23739774525165558, 0.7681871056556702, 1.0854917764663696, -0.2439144104719162, 0.7324268221855164, 0.8533996343612671, 0.5426653027534485, -1.324591040611267, 1.3722864389419556, 1.6592321395874023, 0.946620762348175, -0.4646111726760864]",yunet,Facenet,1920,1080,/home/amos/media/tv/modern_family/Modern.Family.S09.1080p.DSNP.WEB-DL.DDP5.1.H.264-CRFW/Modern.Family.S09E17.Royal.Visit.1080p.DSNP.WEB-DL.DDP5.1.H.264-CRFW.mkv,Modern Family,2009,1442437,9,17,Jeremy Maguire,1676910.0,0.682
1180,792,90,1212,624,1146,282,990,282,0.917,29208,0,"[-0.010496146976947784, -0.23052023351192474, -0.014091519638895988, 0.020688563585281372, 0.7617064118385315, -0.24692855775356293, 0.8435242176055908, 1.2751762866973877, -0.0826328843832016, 0.6737657189369202, -0.7948839664459229, 0.7141658067703247, -0.68226557970047, -0.0006932243704795837, 0.8770040273666382, -0.29187554121017456, 2.08280611038208, 1.0224858522415161, 1.1446243524551392, -0.8552346229553223, -0.31316107511520386, -0.41287872195243835, -0.28110364079475403, 0.9410219192504883, 1.6251357793807983, -1.8262624740600586, 0.5608015060424805, 1.7358908653259277, 0.7293986082077026, -0.9432517886161804, -0.5214929580688477, 2.00506591796875, -1.2438373565673828, 0.3767843544483185, -0.25145354866981506, -1.1172549724578857, 0.14713561534881592, 0.13129660487174988, -1.1556422710418701, -0.5831354856491089, -0.9403536915779114, -0.35390225052833557, 0.09780726581811905, 0.7859706282615662, -0.22471879422664642, -0.02300151251256466, -0.03901883587241173, -2.110149383544922, 0.19210611283779144, 0.78000807762146, -0.9815817475318909, 0.9938886761665344, -0.3281998336315155, 0.8850775361061096, 0.16587664186954498, 0.30143287777900696, -1.8798139095306396, -0.22415798902511597, -0.8476846814155579, 0.04239533096551895, -1.2785882949829102, 0.8055678606033325, 0.3891400098800659, -0.21149267256259918, 1.2843784093856812, 0.916655421257019, 0.4175933599472046, 2.734501600265503, 0.48365193605422974, -0.6267454624176025, -0.8527344465255737, 0.44553783535957336, 0.400053471326828, 0.5930687189102173, -0.5452603697776794, 0.6413137316703796, -0.7873866558074951, -1.778914213180542, -0.9992643594741821, 0.6588813066482544, 0.5322949886322021, 2.3856825828552246, -0.6172516942024231, -1.414650559425354, -0.3315216898918152, 0.29809248447418213, 0.2552764415740967, -0.7056598663330078, -1.2208728790283203, 1.9319777488708496, 0.4089091122150421, 0.06373407691717148, -1.4857300519943237, -1.1780797243118286, -0.4778229594230652, -0.387698769569397, -0.957211971282959, 0.19053883850574493, 2.391319990158081, 2.1640594005584717, -1.708820104598999, 1.8722907304763794, 0.1941843330860138, -1.7998892068862915, -1.0054913759231567, 0.059326715767383575, -0.8790842890739441, 0.40292254090309143, 0.6389199495315552, -2.067227840423584, -1.9463467597961426, 0.5783330798149109, 0.48333626985549927, -2.033111810684204, 0.6595907211303711, 0.27105095982551575, 1.001032829284668, 0.7234898805618286, 0.8178413510322571, 0.5982945561408997, 0.31487542390823364, 0.967697024345398, 1.0916639566421509, 0.08386353403329849, 0.524246335029602, 0.916700541973114, 0.27649223804473877, 0.16317304968833923]",yunet,Facenet,1920,1080,/home/amos/media/tv/modern_family/Modern.Family.S09.1080p.DSNP.WEB-DL.DDP5.1.H.264-CRFW/Modern.Family.S09E17.Royal.Visit.1080p.DSNP.WEB-DL.DDP5.1.H.264-CRFW.mkv,Modern Family,2009,1442437,9,17,Ed O'Neill,18977.0,0.623
1181,858,102,1266,600,1218,276,1080,276,0.917,29232,0,"[0.3209499418735504, 0.21194273233413696, 0.7292061448097229, 0.34837207198143005, 0.7196528315544128, 0.28486958146095276, 1.2717750072479248, 1.5905200242996216, -0.13128748536109924, -0.002831520512700081, -0.9551361203193665, 0.13403292000293732, -1.0012383460998535, 0.5221970081329346, 0.6400762796401978, -1.1480010747909546, 1.8127336502075195, 0.08106724917888641, 0.8928516507148743, -1.5102189779281616, -0.6078972816467285, -0.4488355219364166, -0.4810117781162262, 0.6121086478233337, 2.15242600440979, -2.1628940105438232, 0.4283521771430969, 1.8648598194122314, 0.5730888247489929, -1.531955599784851, -0.8313640356063843, 1.411195993423462, -1.5637753009796143, -0.04362419620156288, -0.04050710052251816, -0.9391569495201111, -0.5560333132743835, -0.19448253512382507, -1.2459993362426758, -0.5889782905578613, -0.7498424649238586, -0.07452049851417542, 0.03977803885936737, 0.7049285173416138, 0.0034629302099347115, 0.3654332756996155, -0.19845566153526306, -1.7615382671356201, 0.14362911880016327, 1.1274824142456055, -0.7615270614624023, 1.2362920045852661, 0.5629789233207703, 0.265269935131073, 0.2549448609352112, 0.3785834312438965, -1.3515464067459106, -1.316611886024475, -1.0560606718063354, 0.7040809392929077, -0.91521817445755, 0.859535813331604, 0.8879101276397705, -0.4253510534763336, 0.6972840428352356, 0.731670081615448, -0.27236756682395935, 2.3460049629211426, 0.35340413451194763, -0.38087737560272217, -1.0355675220489502, 0.3362160325050354, 0.036303892731666565, -0.6317698359489441, -0.10491570830345154, 0.9266628623008728, -0.8178530931472778, -0.7494510412216187, -0.21733173727989197, 1.4022090435028076, 1.063488483428955, 2.902096748352051, -0.199357807636261, -2.485588788986206, 0.19206279516220093, 0.5129971504211426, 0.5477135181427002, -0.537786066532135, -0.4062766432762146, 2.0682485103607178, 0.6229329705238342, 0.9320849180221558, -1.2846511602401733, -0.5939774513244629, 0.18497401475906372, 0.07207144796848297, -1.1924004554748535, 0.034381330013275146, 2.3583624362945557, 2.90625262260437, -1.0019196271896362, 1.706407904624939, 0.4833694100379944, -1.389087200164795, -0.45016396045684814, -0.563315212726593, -0.9552662372589111, 1.3905715942382812, 0.12328040599822998, -2.431445360183716, -2.0144736766815186, 0.03128211200237274, 0.0838293507695198, -1.6878740787506104, -0.21195141971111298, 0.08321018517017365, 1.1092677116394043, 1.7241026163101196, 1.1339962482452393, 0.0779912918806076, 0.5308106541633606, 0.5669049024581909, 0.7449568510055542, 0.18442972004413605, 0.8018776774406433, 0.913511335849762, -0.4189266562461853, 0.0711614340543747]",yunet,Facenet,1920,1080,/home/amos/media/tv/modern_family/Modern.Family.S09.1080p.DSNP.WEB-DL.DDP5.1.H.264-CRFW/Modern.Family.S09E17.Royal.Visit.1080p.DSNP.WEB-DL.DDP5.1.H.264-CRFW.mkv,Modern Family,2009,1442437,9,17,Ed O'Neill,18977.0,0.61
1182,102,156,390,516,330,288,198,294,0.926,29256,0,"[-0.26799753308296204, -0.4758712947368622, 0.2965060770511627, -0.06292305141687393, 0.6923680305480957, -0.9766717553138733, -0.13964077830314636, 1.4990342855453491, -0.8123896718025208, 0.6217336058616638, -0.7507541179656982, 0.7749289274215698, -0.7167344093322754, -0.08813142776489258, 1.5904760360717773, -0.428000807762146, 1.5386662483215332, 1.0427014827728271, 1.3040920495986938, -1.0290067195892334, -1.017013669013977, -0.11869461089372635, -0.5262136459350586, 0.9841676354408264, 1.3671348094940186, -1.3594390153884888, -0.1329146772623062, 2.9739341735839844, 1.4848295450210571, -1.3477869033813477, -0.38556334376335144, 1.8291711807250977, -0.6855335831642151, 0.3813541829586029, -0.3337860405445099, -0.9399514198303223, 0.36883336305618286, -0.3643219470977783, -1.8655264377593994, -0.6013120412826538, -1.0608316659927368, -0.7894242405891418, -0.2378997504711151, 0.9168989658355713, 0.04462410882115364, -0.38683265447616577, -0.14474499225616455, -1.4689922332763672, 0.5309672951698303, 0.013765105977654457, 0.3776378035545349, 0.6035431623458862, -1.0345667600631714, 0.9917302131652832, -0.1670544296503067, 0.8000407814979553, -1.8936243057250977, -0.07824209332466125, -1.0383976697921753, 0.29554858803749084, -1.2321953773498535, 0.1667899638414383, 0.11856002360582352, -0.44173309206962585, 0.5302456021308899, 0.9941242337226868, 0.5841541290283203, 1.9881445169448853, 0.518945038318634, -0.8319545984268188, -0.8418377637863159, -0.5260504484176636, 0.8827141523361206, 0.8507088422775269, -0.3828677833080292, 0.7907581329345703, -0.25506651401519775, -1.0603692531585693, -1.1230415105819702, 1.214326024055481, -0.07757653295993805, 2.381265878677368, -0.8782472014427185, -1.3155748844146729, -1.0058454275131226, -0.4196702241897583, 0.20091617107391357, -0.5720006823539734, 0.0701039582490921, 1.8309074640274048, 0.0771227702498436, -0.26623475551605225, -1.5217283964157104, -1.433893084526062, -0.08139650523662567, -1.0731910467147827, -0.763685941696167, -0.14861422777175903, 2.624809503555298, 1.9144573211669922, -1.5272313356399536, 1.5220904350280762, 0.3310999870300293, -1.1953691244125366, -0.2982698082923889, 0.4762464761734009, -0.09910301864147186, -0.14054667949676514, 1.2005897760391235, -1.552675485610962, -2.144456386566162, 0.5593699216842651, -0.4045867323875427, -2.0959014892578125, 1.6359566450119019, 0.18224287033081055, 1.6309324502944946, 0.15332545340061188, 0.45879650115966797, -0.009843574836850166, -0.1255534589290619, 1.0117576122283936, 0.5624342560768127, 0.9512981176376343, 0.9807886481285095, 1.457572340965271, -0.09120839089155197, 0.7369143962860107]",yunet,Facenet,1920,1080,/home/amos/media/tv/modern_family/Modern.Family.S09.1080p.DSNP.WEB-DL.DDP5.1.H.264-CRFW/Modern.Family.S09E17.Royal.Visit.1080p.DSNP.WEB-DL.DDP5.1.H.264-CRFW.mkv,Modern Family,2009,1442437,9,17,Ed O'Neill,18977.0,0.716
1183,1482,234,1716,546,1566,348,1506,348,0.914,29256,1,"[0.15941084921360016, 0.8491747379302979, 0.11249756067991257, -1.0613439083099365, -0.32461193203926086, -0.0004114266484975815, 0.15363779664039612, -0.5031641125679016, -0.2908485531806946, 1.2464560270309448, 0.520411491394043, 2.5058908462524414, 0.4951411485671997, -1.317343831062317, -0.6768777370452881, 1.2134901285171509, 0.56914222240448, -2.219926595687866, -1.8262208700180054, 1.585545301437378, 1.8269543647766113, 1.1692432165145874, -0.3366997539997101, -1.6645642518997192, 0.14962732791900635, -0.420511931180954, -0.12210407108068466, -0.95448899269104, 3.1003072261810303, -1.7969386577606201, 0.6899601221084595, -1.5143752098083496, 2.2155568599700928, -1.0750789642333984, 1.4571731090545654, 0.36518728733062744, -0.5519073605537415, 0.6115979552268982, 0.6953096985816956, -1.3360451459884644, -1.5526148080825806, 2.303926706314087, -0.7633275985717773, 0.2245613932609558, -1.5002458095550537, -0.6280314922332764, -1.538074254989624, 0.0066736554726958275, -2.082115888595581, -0.42543503642082214, -0.35364192724227905, 0.5398812890052795, 0.014096248894929886, 0.6354287266731262, -0.21341310441493988, 0.14627055823802948, 0.7740054726600647, 0.20106226205825806, -1.0946050882339478, -0.9713401794433594, -0.1284954994916916, -0.3227784037590027, -1.891522765159607, -0.8357988595962524, 0.16354647278785706, 0.4947773814201355, 0.7572504878044128, -0.4440307319164276, 0.31158679723739624, -0.7365610599517822, -0.46948954463005066, 0.3026541471481323, -3.224274158477783, -0.7481609582901001, 2.0591931343078613, 0.14840896427631378, 0.3292240500450134, -0.8227411508560181, 1.7182096242904663, -1.1323535442352295, 1.3742362260818481, 0.2585391402244568, 0.22793105244636536, -0.6713879108428955, -0.11936933547258377, 0.061659783124923706, 0.1300026774406433, -0.16572746634483337, -0.22028374671936035, 0.3432168960571289, -2.7702267169952393, 0.0337078794836998, 1.432518482208252, -0.44016772508621216, 0.6266686916351318, 0.697171688079834, -0.6080029010772705, -1.0808756351470947, 1.3528077602386475, -0.6682730913162231, -0.15815472602844238, -0.5733067989349365, -2.3311309814453125, 1.7402609586715698, 0.9760263562202454, 1.1996667385101318, 0.8391531705856323, -1.1270649433135986, 0.6249411702156067, 0.6969695687294006, 0.9754536747932434, 0.8987595438957214, 0.7589905261993408, -0.34271618723869324, -0.2329784631729126, 1.2122571468353271, -2.1575870513916016, 0.6870840787887573, 0.8786033987998962, -1.1505471467971802, 1.2841678857803345, -1.0813325643539429, -0.5453749299049377, 0.6805146336555481, 2.0724165439605713, 0.6147985458374023, -0.15347233414649963, 0.6115062832832336]",yunet,Facenet,1920,1080,/home/amos/media/tv/modern_family/Modern.Family.S09.1080p.DSNP.WEB-DL.DDP5.1.H.264-CRFW/Modern.Family.S09E17.Royal.Visit.1080p.DSNP.WEB-DL.DDP5.1.H.264-CRFW.mkv,Modern Family,2009,1442437,9,17,Sofía Vergara,63522.0,0.686
1184,1482,228,1710,528,1578,336,1500,330,0.92,29280,0,"[0.49457764625549316, 1.3234062194824219, 0.02815190516412258, -1.046873927116394, -0.038582779467105865, -0.15441718697547913, 0.4276789128780365, -1.1178416013717651, 0.17595255374908447, 1.1527267694473267, 1.47232186794281, 2.6628308296203613, 0.1711384803056717, -1.8317636251449585, -0.38374119997024536, 1.2659674882888794, -0.12319953739643097, -2.0494890213012695, -1.721889853477478, 2.1970670223236084, 2.0341672897338867, 0.17145703732967377, 0.1621396243572235, -0.2639980912208557, 0.08246022462844849, -0.7496113777160645, -0.21765556931495667, -0.8225497007369995, 2.641817808151245, -1.5152275562286377, 1.2855581045150757, -1.1558914184570312, 2.0436923503875732, -0.6241071224212646, 0.9788477420806885, 0.5968814492225647, -0.73013836145401, 0.0005234256386756897, 0.7717977166175842, -0.5191926956176758, -1.2857919931411743, 2.220555067062378, -0.9363139867782593, -0.25440889596939087, -1.9543414115905762, -0.4492236375808716, -1.8553740978240967, 0.3388803005218506, -2.398618459701538, -0.1614912450313568, -0.18236586451530457, 0.05223032459616661, 0.3018140494823456, 1.2556331157684326, -0.03090950846672058, 0.8664753437042236, 0.8094334602355957, -0.048767901957035065, -1.3605815172195435, -0.4436788558959961, 0.37035176157951355, -0.05214636027812958, -1.5132379531860352, -1.1442652940750122, 0.6411741971969604, 0.553552508354187, 1.1232409477233887, 0.18435199558734894, 0.39084720611572266, 0.005209902301430702, -0.26748228073120117, 0.6709579229354858, -2.6111152172088623, 0.48443853855133057, 1.3128126859664917, 0.04229876771569252, 0.4245850145816803, -0.9335817098617554, 0.7666821479797363, -1.1040573120117188, 1.1478794813156128, 0.11429494619369507, 0.4628623425960541, -0.883309543132782, 0.38556158542633057, -0.031179364770650864, 0.17110680043697357, -0.26650047302246094, 0.3835824429988861, 0.4055917263031006, -2.52934193611145, -0.26267802715301514, 1.6893762350082397, 0.30591174960136414, 0.6042045950889587, 0.716270387172699, -0.8444462418556213, -0.8016493916511536, 0.8281339406967163, -0.932650625705719, -0.5225611925125122, -0.8132904171943665, -2.0871214866638184, 1.0438239574432373, 0.9653750061988831, 0.43192946910858154, 0.7814297676086426, -0.4887557327747345, 0.9551382064819336, 0.36068153381347656, 0.9674321413040161, 1.0690906047821045, 0.9931765794754028, -1.0609872341156006, -0.2614101469516754, 1.9263131618499756, -1.6623773574829102, 0.588042676448822, 0.9325832724571228, -0.7542654871940613, 1.2216429710388184, -0.9808658361434937, 0.20943917334079742, -0.39285627007484436, 2.2299633026123047, 0.5326281785964966, -0.5190427899360657, 0.4132259488105774]",yunet,Facenet,1920,1080,/home/amos/media/tv/modern_family/Modern.Family.S09.1080p.DSNP.WEB-DL.DDP5.1.H.264-CRFW/Modern.Family.S09E17.Royal.Visit.1080p.DSNP.WEB-DL.DDP5.1.H.264-CRFW.mkv,Modern Family,2009,1442437,9,17,Sofía Vergara,63522.0,0.703
1185,168,150,450,516,414,282,342,288,0.919,29280,1,"[-0.712841272354126, 0.3164302706718445, 0.4148652255535126, 0.46740081906318665, 0.07487331330776215, -0.21306928992271423, 1.252565622329712, 0.6635605096817017, -0.9856185913085938, 0.23236054182052612, -0.8564058542251587, 0.3029399812221527, -1.1374026536941528, 0.8040581941604614, 0.6532331705093384, -0.6826605796813965, 0.8731973171234131, 0.17795471847057343, 0.5660526752471924, -0.6813548803329468, -0.30309057235717773, -0.5477752685546875, 0.07269030064344406, -0.028106220066547394, 1.8369181156158447, -1.5880199670791626, 0.4173986613750458, 1.4915475845336914, 0.36635923385620117, -1.4760679006576538, -1.4407050609588623, 2.4096529483795166, -2.182651996612549, 0.48676490783691406, -0.32352933287620544, -1.1380492448806763, -0.4299658536911011, 0.4321080446243286, -0.2863217294216156, -1.3051395416259766, -0.7154818773269653, -0.022861089557409286, -0.008994363248348236, 1.2980433702468872, -0.025427838787436485, 0.10675537586212158, -0.6347415447235107, -2.1884074211120605, 0.08887314796447754, 1.442484974861145, -1.1209888458251953, 1.12255859375, 0.556525707244873, -0.02232690155506134, 0.16683745384216309, -0.454292893409729, -1.1849055290222168, 0.011706702411174774, -0.7599558234214783, -0.19453972578048706, -1.3427313566207886, 0.8694906830787659, -0.5065184831619263, -0.6277369856834412, 0.27617254853248596, 0.8210812211036682, 0.27094873785972595, 1.5194752216339111, 0.42362210154533386, -0.22687368094921112, -1.1531555652618408, 0.06557762622833252, -0.16413405537605286, 0.3673509359359741, -0.5890125632286072, 1.0374338626861572, -1.2356135845184326, -1.0445576906204224, -0.53042072057724, 1.011793613433838, 1.9992539882659912, 2.6090734004974365, -0.7716352939605713, -1.4027103185653687, 0.05964066460728645, 0.8304567337036133, 0.40494388341903687, 0.026171207427978516, -2.1720902919769287, 1.5573161840438843, 1.172838807106018, -0.02542613074183464, -1.2491868734359741, -0.8926929235458374, -0.4223736822605133, 0.38369330763816833, -1.0508347749710083, 0.17145130038261414, 2.121405839920044, 1.4578028917312622, -2.833613872528076, 0.27218037843704224, -0.2741412818431854, -1.7012590169906616, -0.8399378061294556, -1.2671327590942383, 0.15828843414783478, 1.305230736732483, 0.3548700511455536, -1.3006433248519897, -1.5798090696334839, -0.22013531625270844, 0.8216533660888672, -1.0204722881317139, -0.02003156952559948, 0.4237019121646881, 1.280394196510315, 0.7262052893638611, 0.2903859317302704, 0.8999943137168884, 0.878638744354248, 0.13062849640846252, 0.7240767478942871, 0.11545954644680023, 0.5087183117866516, 0.42540183663368225, 0.2115335315465927, 0.17899106442928314]",yunet,Facenet,1920,1080,/home/amos/media/tv/modern_family/Modern.Family.S09.1080p.DSNP.WEB-DL.DDP5.1.H.264-CRFW/Modern.Family.S09E17.Royal.Visit.1080p.DSNP.WEB-DL.DDP5.1.H.264-CRFW.mkv,Modern Family,2009,1442437,9,17,,,
1186,1470,198,1704,516,1590,318,1500,318,0.916,29304,0,"[-0.27999067306518555, 1.0512222051620483, 0.4638144373893738, -0.5762090682983398, 0.009056277573108673, 0.27453431487083435, 0.4658110737800598, -0.2942020893096924, 0.5422514081001282, 0.770978569984436, 0.45452380180358887, 2.6300785541534424, 1.0352509021759033, -0.6963812112808228, -1.0721099376678467, 1.3199409246444702, 0.21035438776016235, -1.973069429397583, -1.053527593612671, 1.9176510572433472, 1.5147303342819214, 1.4060437679290771, -0.766680896282196, -0.727445662021637, -0.7433311939239502, 0.15203258395195007, -0.5550401210784912, -0.5246890783309937, 2.598005771636963, -1.4663952589035034, 0.07192521542310715, -0.5504227876663208, 2.012423276901245, -1.3408182859420776, 1.1155833005905151, 0.5294021368026733, -1.0828477144241333, 0.16874364018440247, 1.2322890758514404, -0.8916580677032471, -0.6974399089813232, 2.2656359672546387, -1.6786351203918457, -0.34749436378479004, -2.159672260284424, 0.6184329390525818, -2.069566488265991, 0.13965755701065063, -1.7738834619522095, 0.8070131540298462, 0.38894981145858765, 1.1403957605361938, 0.2394915223121643, -0.05762149393558502, 0.8735865950584412, 0.37226933240890503, -0.005619775503873825, -0.6911223530769348, -0.7617165446281433, -0.029699791222810745, -0.19606035947799683, -0.5808866620063782, -1.1754213571548462, -0.7392012476921082, 1.0503596067428589, 0.05913909524679184, 0.9154890179634094, 0.5664522051811218, 1.5938682556152344, -0.5701310634613037, -0.7752108573913574, 1.2634425163269043, -2.8645081520080566, 0.3393210172653198, 1.250536322593689, 0.06679072231054306, -0.3703806400299072, -1.3173850774765015, 1.188175916671753, -0.7670992612838745, 1.03813898563385, -0.321405291557312, 0.24083703756332397, -0.8510518074035645, 0.21437150239944458, -0.3761052191257477, -0.019721422344446182, 0.3717583417892456, -0.9830896854400635, 0.27004510164260864, -1.763159990310669, 1.0626171827316284, 1.6979039907455444, 0.3720473349094391, 0.4696551561355591, 0.5771143436431885, 0.20925752818584442, 0.27665820717811584, 0.4984357953071594, -1.1482735872268677, -0.10947291553020477, -0.5109720230102539, -2.6380324363708496, 1.0094046592712402, -0.5017451047897339, 0.4292116165161133, 0.8135374784469604, -1.266223430633545, -0.06904967874288559, 0.05228739231824875, 1.2612676620483398, 1.1641286611557007, 0.9381831884384155, -0.5482155680656433, 0.32100963592529297, 1.556016445159912, -0.610159158706665, 0.8169944286346436, 1.4336776733398438, -0.1269848495721817, 0.5507779121398926, -0.4924410879611969, 0.23974603414535522, -0.5174534916877747, 1.4287443161010742, 0.5924513339996338, -0.4267446994781494, 0.9893872737884521]",yunet,Facenet,1920,1080,/home/amos/media/tv/modern_family/Modern.Family.S09.1080p.DSNP.WEB-DL.DDP5.1.H.264-CRFW/Modern.Family.S09E17.Royal.Visit.1080p.DSNP.WEB-DL.DDP5.1.H.264-CRFW.mkv,Modern Family,2009,1442437,9,17,Sofía Vergara,63522.0,0.716
1187,96,144,390,510,354,276,240,276,0.91,29304,1,"[-0.5616823434829712, -0.579578161239624, 1.1177195310592651, -0.24491405487060547, 1.1762621402740479, -0.16015461087226868, 1.4387167692184448, 1.062117099761963, -0.31950709223747253, 0.028253279626369476, -0.16628573834896088, 0.36261287331581116, -1.3030098676681519, 0.721985936164856, 1.087261438369751, -0.608625590801239, 1.3838729858398438, 0.840355634689331, 1.367396354675293, -1.0725280046463013, -0.5641811490058899, -1.053801417350769, -0.25062403082847595, 0.3636064827442169, 1.4758909940719604, -1.2751647233963013, 0.42408764362335205, 1.7201515436172485, -0.2976786494255066, -1.3949612379074097, -0.7417056560516357, 2.309328317642212, -1.6361843347549438, 0.2707572877407074, -0.0391535684466362, -0.3673160970211029, 0.015222184360027313, -0.23359131813049316, -0.8031586408615112, -0.8215484619140625, -0.875290036201477, -0.9351489543914795, 0.17510899901390076, 0.5781189203262329, -0.19269898533821106, 0.04665638133883476, -0.5032593011856079, -2.0515992641448975, 0.21148787438869476, 1.3967387676239014, -0.3639453053474426, 0.8478216528892517, 0.12874828279018402, -0.10538133978843689, 0.5635212659835815, -0.20907524228096008, -2.315870761871338, -0.03785083442926407, -0.36057254672050476, 0.48778024315834045, -1.1566604375839233, 0.7001445889472961, 0.46045204997062683, -0.6799594759941101, 0.7080908417701721, 0.8167609572410583, -0.007268548011779785, 2.351747989654541, 0.9992605447769165, 0.6986474990844727, -0.6285756230354309, -0.75519859790802, 0.45787307620048523, 0.21870176494121552, -0.8410753011703491, 1.0338506698608398, -0.7585465908050537, -1.4023842811584473, -1.221350073814392, 1.4299159049987793, 0.869776725769043, 2.4627292156219482, -0.6491585969924927, -1.6299101114273071, -0.16606667637825012, 0.5053436756134033, 0.5779398679733276, -0.1564588099718094, -0.7619236707687378, 1.842278003692627, 0.6110169887542725, 0.08262280374765396, -1.6288087368011475, -1.1893054246902466, -0.6619057059288025, 0.1043407991528511, -1.3042656183242798, 0.29309970140457153, 2.150083065032959, 2.806544303894043, -2.1836893558502197, 1.0121698379516602, 0.5227367877960205, -2.2914016246795654, -1.0428717136383057, -0.7357358336448669, 0.343326598405838, 0.9782872200012207, 0.6210899949073792, -1.8289154767990112, -1.8894627094268799, 0.21431516110897064, 0.5427485108375549, -2.01350474357605, 1.0804638862609863, 0.15476107597351074, 1.9836794137954712, 1.211688756942749, 0.6577001810073853, 0.326324462890625, 0.25956106185913086, 0.4636787474155426, 1.3597549200057983, 0.33408355712890625, 0.597092866897583, 0.7331406474113464, 0.08862540125846863, 0.7353034019470215]",yunet,Facenet,1920,1080,/home/amos/media/tv/modern_family/Modern.Family.S09.1080p.DSNP.WEB-DL.DDP5.1.H.264-CRFW/Modern.Family.S09E17.Royal.Visit.1080p.DSNP.WEB-DL.DDP5.1.H.264-CRFW.mkv,Modern Family,2009,1442437,9,17,Ed O'Neill,18977.0,0.581
1188,1500,198,1740,510,1674,318,1572,318,0.918,29328,0,"[-0.9826012849807739, 0.2628253400325775, 0.8057238459587097, -1.561134696006775, 0.3969532549381256, 0.20390717685222626, -0.8217069506645203, 0.46073654294013977, 0.32246580719947815, 1.3808902502059937, 0.14473915100097656, 2.045072317123413, 0.19856901466846466, -1.4322210550308228, -0.43950095772743225, 1.0493968725204468, 0.033692777156829834, -1.0559020042419434, -0.33721086382865906, -0.1146489754319191, 2.4339308738708496, 0.7513889074325562, -0.24999117851257324, -0.8348496556282043, -0.3853658139705658, -0.5024706721305847, -1.456472396850586, 0.5629076957702637, 2.753666639328003, -1.8738933801651, -0.03342844545841217, -0.5575957894325256, 2.197828769683838, -1.0485478639602661, 1.5880827903747559, 0.33027327060699463, -1.3426316976547241, 0.1076887920498848, 0.28463098406791687, -2.376404285430908, -1.1193771362304688, 1.4429702758789062, -0.7716063261032104, -0.3345474302768707, -2.5228617191314697, 1.0207500457763672, -1.4095854759216309, -0.36847996711730957, -2.871648073196411, 1.0448468923568726, -0.3323017954826355, 1.2396245002746582, 0.06059529632329941, 1.1667708158493042, 0.9830805659294128, 0.17331846058368683, -1.5594393014907837, -1.5945467948913574, -1.32050359249115, -0.44472065567970276, -0.00406612828373909, -0.9309361577033997, -0.7074061036109924, -0.8438833355903625, 0.31476226449012756, 0.45828425884246826, 0.009014345705509186, 0.16466480493545532, 1.6685775518417358, -0.33350685238838196, -0.3402317762374878, 0.01898236572742462, -2.502969980239868, -0.30060240626335144, 1.1500248908996582, 0.8662579655647278, 0.00772460550069809, -1.2036032676696777, 1.9028517007827759, -0.08417218923568726, 1.485722303390503, -0.1020248532295227, -0.10343383252620697, -0.5818803906440735, 0.7721753716468811, -0.7284353971481323, 0.19207510352134705, 0.16463057696819305, 0.19953078031539917, 1.26432204246521, -1.8202792406082153, 0.6970673203468323, 1.0754663944244385, 0.8660942316055298, 0.7046168446540833, 0.8571950197219849, -0.8979789018630981, 0.47619274258613586, 0.3747120201587677, -1.1004042625427246, 0.15484784543514252, -0.6200269460678101, -1.4116884469985962, 1.3810632228851318, 0.063956119120121, 1.0267056226730347, 0.37209734320640564, -0.6413689851760864, 0.08871699869632721, 0.6107857823371887, 1.0683540105819702, 0.520726203918457, -0.39301228523254395, -0.05989418178796768, 0.3049435317516327, 0.41635018587112427, -0.3992328643798828, -0.13476243615150452, 0.531328558921814, -1.4737476110458374, 0.3846096396446228, -0.26171788573265076, -0.19371795654296875, 1.3078187704086304, 1.623828649520874, 0.7078054547309875, 0.12531505525112152, 1.2076590061187744]",yunet,Facenet,1920,1080,/home/amos/media/tv/modern_family/Modern.Family.S09.1080p.DSNP.WEB-DL.DDP5.1.H.264-CRFW/Modern.Family.S09E17.Royal.Visit.1080p.DSNP.WEB-DL.DDP5.1.H.264-CRFW.mkv,Modern Family,2009,1442437,9,17,Sofía Vergara,63522.0,0.826
1189,162,138,438,498,408,270,330,270,0.917,29328,1,"[-0.3243459165096283, 0.39325228333473206, 0.6706931591033936, -0.218797504901886, 0.5708021521568298, 0.03093411959707737, 1.6457020044326782, 0.9084728956222534, -0.030598841607570648, 0.5096868872642517, -0.8971559405326843, -0.15271338820457458, -1.1297928094863892, 0.9179751873016357, 0.43581926822662354, -0.8372732996940613, 0.2434944063425064, 0.42630642652511597, 0.9276547431945801, -1.2468289136886597, -0.3071857988834381, -0.40185025334358215, -0.8267154693603516, 0.457434743642807, 1.91188645362854, -1.3574415445327759, 0.4847905933856964, 0.8717585206031799, 0.09482167661190033, -1.6369398832321167, -1.5359270572662354, 2.009927749633789, -2.0985610485076904, 0.019312120974063873, 0.3185277581214905, -0.7938186526298523, -1.0743368864059448, 0.43009600043296814, 0.12482036650180817, -0.9951033592224121, -0.4865803122520447, -0.17718583345413208, 0.42348161339759827, 1.2580736875534058, -0.040627725422382355, -0.4511265158653259, -1.5815069675445557, -1.2869070768356323, 0.2452007383108139, 0.8633880615234375, -1.0538522005081177, 1.673593282699585, 0.6904848217964172, 0.21131174266338348, -0.14242342114448547, -0.47609850764274597, -0.5402788519859314, -0.9685561656951904, -1.1755075454711914, -0.052619241178035736, -1.351148009300232, 1.317501425743103, -0.9009966850280762, -0.4254273474216461, 0.7421295046806335, 1.0696384906768799, 0.35243019461631775, 0.978740394115448, 0.1613594889640808, 0.2672382593154907, -0.7498278617858887, 0.2073262631893158, 0.07338850200176239, -0.23588456213474274, -0.6402931809425354, -0.0498390756547451, -1.1322792768478394, -1.0996860265731812, -0.6699752807617188, 1.296663522720337, 2.21284818649292, 2.266827344894409, -0.38237127661705017, -1.788654088973999, 0.23094168305397034, 0.6194359064102173, 0.2071809470653534, -0.19726915657520294, -1.162335753440857, 1.714616060256958, 0.9783605337142944, 0.8275842070579529, -1.547189712524414, -0.4642694890499115, -0.4425453543663025, 0.6932975053787231, -1.1977269649505615, -0.251493364572525, 1.5957005023956299, 1.598394751548767, -1.9818609952926636, 0.2027803659439087, -0.40622812509536743, -1.807437777519226, -0.7349302172660828, -0.8583354353904724, -0.004758560564368963, 0.8491925001144409, 0.7436468005180359, -1.1354142427444458, -1.1285009384155273, -0.5967622399330139, 0.4733750820159912, -0.6283128261566162, -0.17641964554786682, 0.18341979384422302, 1.395172119140625, 1.2446763515472412, 0.697554886341095, 0.7752235531806946, 0.7080346345901489, 0.33798038959503174, 0.7434268593788147, 0.09211814403533936, 0.6220764517784119, 0.6669489741325378, 0.7316019535064697, -0.35793760418891907]",yunet,Facenet,1920,1080,/home/amos/media/tv/modern_family/Modern.Family.S09.1080p.DSNP.WEB-DL.DDP5.1.H.264-CRFW/Modern.Family.S09E17.Royal.Visit.1080p.DSNP.WEB-DL.DDP5.1.H.264-CRFW.mkv,Modern Family,2009,1442437,9,17,,,
1190,114,126,390,486,360,264,282,264,0.913,29352,0,"[-0.9568580389022827, 0.5329983234405518, 0.044794775545597076, 0.561618983745575, 1.635257363319397, -0.4038369655609131, 1.9532947540283203, 0.5857715010643005, -0.005402214825153351, 0.45414671301841736, -1.0386604070663452, -0.04185711592435837, -1.1816078424453735, 0.4120592176914215, 0.9743937253952026, -0.3739001154899597, 0.26309865713119507, 0.24519629776477814, 0.5203898549079895, -0.9493494033813477, -0.2660605311393738, -0.2213190495967865, -0.025213468819856644, 0.25214841961860657, 1.3409504890441895, -0.9270215034484863, 0.7071241140365601, 0.8063440918922424, 0.3367701768875122, -1.5744290351867676, -1.5473825931549072, 1.6090368032455444, -2.111253023147583, -0.053485095500946045, 0.3737328350543976, -1.1062568426132202, -0.9477389454841614, 0.5514221787452698, 0.0772770494222641, -1.6814278364181519, -0.6355689764022827, -0.3989635407924652, -0.07226544618606567, 1.1358219385147095, 0.08359701186418533, -0.2482687383890152, -1.373803734779358, -1.7333440780639648, -0.1797398328781128, 1.2140859365463257, -0.9421882033348083, 2.19093918800354, 0.1746114045381546, 0.1425027698278427, 0.04826972633600235, -0.4045920968055725, -0.6049617528915405, -0.6525914072990417, -0.8337658643722534, -0.230055034160614, -1.273274540901184, 0.905012845993042, -0.582412600517273, -0.6501516699790955, 0.17597362399101257, 1.1355952024459839, 0.3446737825870514, 1.3666987419128418, 0.16218793392181396, 0.11439057439565659, -1.1139973402023315, -0.21579256653785706, -0.33050718903541565, -0.09546518325805664, -0.7643783688545227, 0.546194314956665, -1.3723292350769043, -1.0854368209838867, -1.199668526649475, 0.43165475130081177, 1.6187024116516113, 2.9611856937408447, -0.6026849746704102, -1.352174162864685, -0.28210487961769104, 0.4249759614467621, 0.5947210788726807, -0.043816592544317245, -1.7687793970108032, 1.1301391124725342, 0.6744572520256042, 0.17222203314304352, -0.6938311457633972, -0.710858166217804, -0.6385168433189392, -0.19836582243442535, -0.9372044801712036, -0.06369678676128387, 1.5884649753570557, 1.7330716848373413, -2.7330288887023926, 0.010711908340454102, -0.6973467469215393, -1.2041585445404053, -0.12515491247177124, -1.0003643035888672, 0.3058430254459381, 1.0331876277923584, 0.6063048243522644, -0.401093989610672, -1.3509610891342163, -0.16211892664432526, 1.0246912240982056, -0.7155795693397522, -0.18385489284992218, 0.3516961634159088, 0.9142427444458008, 0.8950743079185486, 0.35863229632377625, 0.6333995461463928, 0.9073911309242249, 0.7561556100845337, 0.7595136761665344, 0.15439565479755402, 0.6921533942222595, 0.37718018889427185, 0.4669470191001892, 0.019276529550552368]",yunet,Facenet,1920,1080,/home/amos/media/tv/modern_family/Modern.Family.S09.1080p.DSNP.WEB-DL.DDP5.1.H.264-CRFW/Modern.Family.S09E17.Royal.Visit.1080p.DSNP.WEB-DL.DDP5.1.H.264-CRFW.mkv,Modern Family,2009,1442437,9,17,,,
1191,1476,192,1716,510,1644,312,1536,312,0.912,29352,1,"[-0.7280720472335815, 0.0039384812116622925, 1.1436976194381714, -1.454092264175415, 0.7314755320549011, 0.1264578104019165, -0.6958240270614624, 0.5812552571296692, -0.18568310141563416, 1.2228785753250122, 0.06932499259710312, 2.4701199531555176, -0.14849397540092468, -1.4452776908874512, -0.1721189320087433, 1.1211166381835938, 0.015165265649557114, -0.4333153963088989, -0.011518195271492004, -0.10079681128263474, 2.552354335784912, 0.29593098163604736, 0.012917950749397278, -1.2299952507019043, -0.08544941246509552, 0.09832974523305893, -1.676820993423462, 0.41191837191581726, 2.414494037628174, -1.6007319688796997, -0.08513721823692322, -0.6069639921188354, 1.8405239582061768, -1.5551512241363525, 1.849661946296692, 1.0474251508712769, -1.090620756149292, -0.12734171748161316, -0.8451960682868958, -2.1973721981048584, -1.0705902576446533, 1.8692865371704102, -0.46510133147239685, -0.024063967168331146, -2.461054563522339, 1.5357904434204102, -1.5552397966384888, -0.2782094478607178, -2.987826347351074, 1.2024264335632324, -0.1547161042690277, 0.3733392357826233, 0.6183841228485107, 1.1099871397018433, 1.4121296405792236, 0.04288419708609581, -1.6928107738494873, -1.2231427431106567, -0.9343324899673462, -0.12339772284030914, 0.01959703117609024, -0.6064577698707581, -0.3735019266605377, -0.6463107466697693, 0.1966589093208313, 0.26087290048599243, -0.3049343228340149, 0.16184280812740326, 2.3287575244903564, 0.8564928770065308, 0.5435563921928406, 0.37483111023902893, -3.0798871517181396, 0.2391892820596695, 1.1844205856323242, 0.5894025564193726, 0.04984082281589508, -0.541375994682312, 1.777072548866272, 0.4113911986351013, 1.215963363647461, -0.4515206217765808, -0.24912527203559875, -1.1443204879760742, 1.0214941501617432, -0.9652400016784668, 0.2369147092103958, -0.07532505691051483, 0.38968130946159363, 0.9054642915725708, -1.8101071119308472, 0.5304728746414185, 0.7101726531982422, 0.8199772834777832, 0.13500651717185974, 0.7589125633239746, -0.366479754447937, 0.3799126148223877, 0.9076985716819763, -0.6463969349861145, -0.05849944427609444, -0.6220293045043945, -0.9555883407592773, 1.0405631065368652, 0.06790564209222794, 0.34793686866760254, 0.6492149233818054, -0.8123928308486938, 0.26426082849502563, 0.9414429068565369, 0.7683060169219971, 0.575639009475708, -0.14187142252922058, 0.0005410267040133476, 0.5053970813751221, 0.48809555172920227, 0.03281409665942192, 0.27585074305534363, 0.7075554132461548, -1.774275541305542, 1.104789137840271, -0.6670664548873901, -0.13364648818969727, 0.9532411694526672, 1.3068469762802124, 0.5445281863212585, -0.2346663624048233, 1.3523648977279663]",yunet,Facenet,1920,1080,/home/amos/media/tv/modern_family/Modern.Family.S09.1080p.DSNP.WEB-DL.DDP5.1.H.264-CRFW/Modern.Family.S09E17.Royal.Visit.1080p.DSNP.WEB-DL.DDP5.1.H.264-CRFW.mkv,Modern Family,2009,1442437,9,17,Sofía Vergara,63522.0,0.825
1192,858,156,1176,552,1062,300,930,300,0.916,29376,0,"[-0.7096186876296997, 0.29713174700737, -0.35304468870162964, -1.1097657680511475, 0.5955473780632019, 0.1951623558998108, 0.6183775067329407, 0.11932969093322754, 0.3378693759441376, 2.155801773071289, -0.524609386920929, 2.643531322479248, 1.0210261344909668, -2.111386775970459, -0.5837676525115967, 2.7968194484710693, -0.3504795730113983, -1.2345505952835083, -0.3836696445941925, 0.16454482078552246, 1.8641976118087769, 1.9726988077163696, 0.018836021423339844, 0.11239840090274811, 0.3308100998401642, -0.2808477282524109, -0.5283774137496948, 0.5784330368041992, 2.6689112186431885, -0.6423172950744629, 0.19758889079093933, -0.9222918748855591, 2.676064968109131, -0.5197791457176208, 1.9446661472320557, -0.8746078610420227, -1.1027032136917114, 1.0753116607666016, 0.6521996259689331, -0.952545166015625, -1.3372926712036133, 1.8554277420043945, -1.344476342201233, -0.21367833018302917, -1.8999381065368652, 0.379283607006073, -1.7579549551010132, -0.02730390429496765, -1.8317207098007202, 1.0414628982543945, -0.6822811961174011, 1.4107415676116943, 0.2828245460987091, 0.7230996489524841, 0.6795645356178284, 0.47274720668792725, -0.6014533638954163, -1.039655327796936, -1.1990340948104858, -1.159791350364685, -0.24867552518844604, -0.5423359274864197, -1.8103351593017578, -1.6612205505371094, 0.40441909432411194, 0.4502221941947937, 0.5980089902877808, 0.4851914346218109, 1.1137349605560303, -1.5485193729400635, -0.08067318797111511, 0.2653338313102722, -1.5577573776245117, 0.37566882371902466, 0.7967990040779114, -0.2049194872379303, -0.08355596661567688, -0.8241950869560242, 1.9531853199005127, -0.4079471230506897, 0.8034225702285767, -0.06246337294578552, -0.025787750259041786, -0.09534414857625961, 0.3459513783454895, 0.13173002004623413, 1.0303789377212524, 0.48704785108566284, 0.19270548224449158, 2.6366143226623535, -1.8865972757339478, 1.0490292310714722, 1.4125195741653442, 0.901395857334137, 0.8944080471992493, 0.6841075420379639, -0.21958890557289124, -0.1286500245332718, -0.022238310426473618, -0.7801488637924194, 0.36216020584106445, -0.6758993268013, -2.2371091842651367, 0.8035053610801697, -0.3356740176677704, 0.5792933106422424, -0.0952528715133667, -0.7102276086807251, 0.4414362609386444, 0.6318644881248474, 1.2686549425125122, 0.7043828964233398, 0.5867915153503418, -0.12274391949176788, 0.7339813709259033, 0.6428837776184082, -0.6728754043579102, 0.024325184524059296, 1.2989834547042847, -1.6099108457565308, 1.1900709867477417, -0.09345003217458725, -1.192916750907898, 0.9171304106712341, 1.5106074810028076, 0.9713672995567322, 0.09014636278152466, -0.1518736332654953]",yunet,Facenet,1920,1080,/home/amos/media/tv/modern_family/Modern.Family.S09.1080p.DSNP.WEB-DL.DDP5.1.H.264-CRFW/Modern.Family.S09E17.Royal.Visit.1080p.DSNP.WEB-DL.DDP5.1.H.264-CRFW.mkv,Modern Family,2009,1442437,9,17,Sofía Vergara,63522.0,0.771
1193,756,90,1158,660,1008,288,822,282,0.925,29400,0,"[-0.9876729249954224, -1.1264444589614868, -0.5313504338264465, -0.013957291841506958, 1.9577540159225464, -0.08649720251560211, -0.18621736764907837, 1.732022762298584, -0.15473061800003052, 0.2981600761413574, 0.43471336364746094, 0.05411414057016373, -1.7078371047973633, 0.24437227845191956, 0.9698268175125122, 0.5280216336250305, 1.0731146335601807, 0.747290313243866, 1.082844614982605, -1.1489962339401245, -1.1571635007858276, -0.7678288817405701, -0.7524762749671936, 0.7931835055351257, 1.0655560493469238, -1.477210521697998, 0.3357754647731781, 2.0630435943603516, 0.21648986637592316, -0.46008726954460144, -0.7674466371536255, 1.6325687170028687, -1.3078603744506836, 0.46390300989151, -0.37965208292007446, 0.27049142122268677, 0.32211169600486755, -0.5611058473587036, -1.1885550022125244, -0.7385965585708618, -0.5105582475662231, -1.2443569898605347, -0.17401650547981262, 1.7091983556747437, -0.21883776783943176, -0.9532676935195923, -0.06614671647548676, -1.5129472017288208, 0.032836295664310455, 0.11405254900455475, -0.22976349294185638, 1.563887119293213, -1.240215539932251, 1.2223411798477173, 0.21726849675178528, 0.1322060525417328, -2.3327884674072266, -0.61711186170578, -0.847746729850769, 0.8389257192611694, -0.6610364317893982, 0.8204087018966675, 1.1390422582626343, -0.46831515431404114, 0.7542657256126404, 2.2558813095092773, -0.4995988607406616, 3.1088619232177734, 0.36435428261756897, -0.12116594612598419, -0.5010427832603455, -0.9163872003555298, 0.3798820376396179, 0.5172097682952881, 0.4617796242237091, 1.8088972568511963, -0.4700598418712616, -0.24660040438175201, -1.118767499923706, 1.9892040491104126, -0.5818644762039185, 2.3053786754608154, -1.3046244382858276, -0.354724645614624, -0.6331555843353271, -0.260320246219635, -0.5589677691459656, -0.1962428092956543, -0.09025823324918747, 1.0284640789031982, 1.2899852991104126, -0.6586126089096069, -1.0191553831100464, -1.264417052268982, -0.8071827292442322, 0.1858898401260376, -1.1882911920547485, -0.32219767570495605, 0.6005431413650513, 2.5691604614257812, -2.068199634552002, 0.896416962146759, -0.24709224700927734, -1.533778190612793, -0.15341003239154816, -0.662109375, -0.007855519652366638, -0.4106416702270508, 0.6369816660881042, -0.5774270296096802, -1.2430270910263062, 0.16384492814540863, 0.9015054702758789, -2.6302850246429443, 0.9625716209411621, -0.2815536856651306, 0.8848345279693604, 0.6713108420372009, 0.16509279608726501, 0.06472066044807434, -0.22477875649929047, 0.9212150573730469, 1.8206478357315063, 0.45800843834877014, 1.0641820430755615, 0.2585318982601166, 0.422897607088089, 0.9017729163169861]",yunet,Facenet,1920,1080,/home/amos/media/tv/modern_family/Modern.Family.S09.1080p.DSNP.WEB-DL.DDP5.1.H.264-CRFW/Modern.Family.S09E17.Royal.Visit.1080p.DSNP.WEB-DL.DDP5.1.H.264-CRFW.mkv,Modern Family,2009,1442437,9,17,Ed O'Neill,18977.0,0.69
1194,504,516,726,774,654,624,546,624,0.9,29424,0,"[-1.2947331666946411, -0.17575334012508392, 0.5058077573776245, 0.7198902368545532, -0.021675677970051765, -0.8252508044242859, 0.01647276058793068, -0.46927690505981445, -0.953575074672699, -0.5752620100975037, -0.32166099548339844, 0.6974651217460632, -1.7187286615371704, 0.18576908111572266, 0.8342394828796387, -0.02721428871154785, 0.19920796155929565, 0.9241069555282593, -0.15966160595417023, -1.2766624689102173, -0.9753501415252686, -0.7609670758247375, 0.3523215353488922, 0.0026609860360622406, 1.4772282838821411, -1.261491060256958, -0.05949674919247627, 3.1151862144470215, 0.9401917457580566, -0.5937439203262329, -0.8013895750045776, 1.3335005044937134, -2.206970453262329, 1.8436745405197144, -0.7156891226768494, -1.2224304676055908, -0.33101117610931396, -1.547534465789795, -0.3733832836151123, -0.8376786708831787, 0.005458632484078407, -1.856581211090088, -0.11562906205654144, 1.5352821350097656, 0.7434291243553162, -1.1151196956634521, 0.9570810794830322, -2.391005277633667, -0.537092387676239, 0.6137958765029907, -0.7264150977134705, 0.5886579751968384, -0.5246312022209167, 0.9441499710083008, -0.2938171625137329, 0.6174338459968567, -0.6662442088127136, 0.31280985474586487, -1.8868755102157593, 0.9082445502281189, -0.312031090259552, -0.9877639412879944, 0.2657478451728821, -1.161407470703125, -0.06123771518468857, 1.8487217426300049, 0.18505646288394928, 1.9639663696289062, -1.1893221139907837, -0.6660863161087036, -0.5784726142883301, -0.25077205896377563, 1.8021111488342285, 0.15835128724575043, 0.7039628624916077, 1.3318722248077393, 0.6625922918319702, 0.19989663362503052, -0.04724058881402016, 1.4519438743591309, -0.4933524429798126, 2.470362901687622, 0.1566469967365265, -1.066877841949463, -1.0119669437408447, 0.4340668022632599, -0.22503601014614105, -0.26341938972473145, 0.565003514289856, 1.2309054136276245, 0.8481628894805908, -1.5562965869903564, -1.2523776292800903, -1.9345908164978027, 1.218545913696289, -0.9949678182601929, -1.9309778213500977, 0.4372755289077759, 0.7849690318107605, 0.568901002407074, -0.7549882531166077, 1.172398567199707, -0.10354684293270111, -0.250325471162796, 0.9218713641166687, -0.22117629647254944, 0.43563342094421387, 0.22293677926063538, -0.06919053941965103, -1.2725355625152588, -1.4136922359466553, 1.8612799644470215, 0.9525207281112671, -2.2676379680633545, 1.160321593284607, -0.46494361758232117, 1.0924309492111206, 0.914883553981781, 0.04443394020199776, -0.1362495720386505, 0.27738499641418457, 0.6788359880447388, 2.513817071914673, 0.712525486946106, 1.0372141599655151, 0.2369876205921173, 0.16851107776165009, 2.0675530433654785]",yunet,Facenet,1920,1080,/home/amos/media/tv/modern_family/Modern.Family.S09.1080p.DSNP.WEB-DL.DDP5.1.H.264-CRFW/Modern.Family.S09E17.Royal.Visit.1080p.DSNP.WEB-DL.DDP5.1.H.264-CRFW.mkv,Modern Family,2009,1442437,9,17,Ed O'Neill,18977.0,0.684
1195,1632,318,1848,588,1782,420,1686,420,0.904,29448,0,"[-1.7275173664093018, -1.5651946067810059, 0.5003972053527832, -0.73337322473526, 0.6768532395362854, -0.7989756464958191, -0.2330397069454193, -0.5613517165184021, -0.715232789516449, 0.566703200340271, -0.05105293169617653, 0.956785261631012, 0.5190615057945251, -1.7130675315856934, -0.3637244701385498, 0.8800102472305298, -0.30434349179267883, -0.42206037044525146, 0.49395158886909485, -1.932320237159729, 1.1190346479415894, -0.5135124325752258, -0.10625141113996506, 0.4964529573917389, -0.10104668140411377, -0.3659979999065399, -0.3080838918685913, 0.8043696284294128, 1.3630990982055664, -0.07191789150238037, 1.2710700035095215, -0.9373780488967896, 1.0400290489196777, 1.1154860258102417, 1.573746919631958, -0.4403911828994751, -0.7597546577453613, 0.5469949245452881, 0.8699537515640259, -1.8529002666473389, -0.32732221484184265, 1.4890151023864746, -1.5509424209594727, 0.09281273186206818, -0.5580851435661316, -0.40756210684776306, 0.7428234219551086, 0.4421064257621765, -1.1126621961593628, 0.19279693067073822, -1.3128330707550049, 1.3338183164596558, 1.0733188390731812, -0.23108156025409698, 1.9051653146743774, 1.0091053247451782, 0.38120466470718384, -0.8807095885276794, 0.8640366196632385, -0.48933541774749756, 0.5506694912910461, -0.3945280909538269, -1.5518461465835571, -1.5030531883239746, -0.9437773823738098, 2.3625965118408203, 0.2763547897338867, 0.3811042904853821, -1.0160068273544312, 0.5155676603317261, 0.45253661274909973, -0.21140700578689575, -1.425973653793335, 0.14240264892578125, -1.0730817317962646, 1.778531789779663, -1.0153566598892212, 0.6910143494606018, 0.7171629667282104, -0.755364179611206, -1.0484533309936523, -0.4665226340293884, -0.40006449818611145, 0.46973472833633423, 2.5319082736968994, -0.3705980181694031, 0.8896726369857788, 0.6764164566993713, 0.6023459434509277, 1.3982059955596924, -1.2004882097244263, 1.3647154569625854, -0.4536530077457428, 1.5483406782150269, 1.3514753580093384, 0.6143834590911865, -0.8154252171516418, -0.1716383695602417, 0.48457688093185425, -0.7473884224891663, 0.8637925982475281, -0.7751771807670593, -0.7872481942176819, -1.004883885383606, 0.8382848501205444, 2.3525705337524414, -0.20324794948101044, 1.262418270111084, -0.09306305646896362, -0.015998749062418938, 0.21716660261154175, 0.3789536952972412, -0.3663580119609833, -1.1524991989135742, -0.4084077477455139, 1.7183300256729126, 0.0018730293959379196, -1.5671188831329346, -1.2598265409469604, -1.0737504959106445, 1.4975078105926514, 0.39772263169288635, -0.8187741637229919, -0.014437440782785416, 2.1988325119018555, -0.592245876789093, 0.5209165215492249, -2.6334691047668457]",yunet,Facenet,1920,1080,/home/amos/media/tv/modern_family/Modern.Family.S09.1080p.DSNP.WEB-DL.DDP5.1.H.264-CRFW/Modern.Family.S09E17.Royal.Visit.1080p.DSNP.WEB-DL.DDP5.1.H.264-CRFW.mkv,Modern Family,2009,1442437,9,17,Sofía Vergara,63522.0,0.537
1196,450,300,690,582,606,414,504,414,0.903,29448,1,"[-1.4734915494918823, -0.6967962980270386, -0.5441192984580994, -0.3327687084674835, 1.0305489301681519, -0.42705053091049194, 0.06792177259922028, -0.6699407696723938, -0.5361420512199402, 0.24826878309249878, -0.022116024047136307, 0.41938644647598267, -0.7328547835350037, -0.5499041080474854, 0.567447304725647, 0.8274987936019897, -0.9082969427108765, -0.082066111266613, 0.12533925473690033, -1.5375254154205322, -0.8801496028900146, -1.1093230247497559, -0.3274402320384979, 0.382304310798645, 0.572310209274292, -0.1977299153804779, 1.3936811685562134, 2.202174186706543, -0.5564830899238586, -0.1806037724018097, -0.3505403995513916, 1.3147168159484863, 0.4614884555339813, -0.23884746432304382, -0.9305620193481445, -0.7571176886558533, 0.8281745910644531, -1.6106674671173096, 1.1495294570922852, -2.434597969055176, 0.435190349817276, -0.19008103013038635, -0.5115336179733276, 0.08888338506221771, 0.9738540053367615, -0.6912788152694702, -0.1085447371006012, -1.6889411211013794, -0.7163996696472168, 1.0433164834976196, 0.008671451359987259, 1.2005860805511475, 0.33188313245773315, -0.3991195559501648, -0.010610636323690414, 1.856077790260315, -0.5128719210624695, -1.0293315649032593, 0.23011785745620728, 1.3118152618408203, 1.4575223922729492, 0.26756829023361206, 0.7229614853858948, 0.27774864435195923, -0.31117066740989685, 1.3757107257843018, 0.28327473998069763, 0.509841799736023, 0.21647894382476807, -0.12193946540355682, -0.4582648277282715, -0.571027934551239, -0.1544063240289688, -0.9304569363594055, 1.5082978010177612, 0.5004156231880188, -0.4341607391834259, 0.5398849844932556, 0.3622041940689087, 0.08519484102725983, -1.0081470012664795, 2.1339073181152344, -0.1301196813583374, 0.4929901659488678, -0.08436930924654007, 0.039296917617321014, 0.494069367647171, 0.41919004917144775, 0.4481613337993622, -0.048599738627672195, -0.8470162153244019, -0.9087002277374268, -0.3839733600616455, 0.36481133103370667, 1.4829431772232056, -0.6396952867507935, -1.5665695667266846, -1.4368523359298706, -1.1799957752227783, 1.2205708026885986, -0.33768248558044434, 0.6760507822036743, 0.22372254729270935, -1.5795378684997559, 0.5296839475631714, -0.6311072707176208, -0.7579795718193054, 0.4112917482852936, -0.689900279045105, 0.8762246966362, -0.556431770324707, 1.129251480102539, -0.059261754155159, -0.43799692392349243, -0.16499006748199463, 1.1954901218414307, -0.20307409763336182, 1.0124211311340332, -2.1951427459716797, 0.406855970621109, 0.5487897396087646, 0.18824061751365662, 3.0452041625976562, 1.0517730712890625, 0.9153116345405579, -1.0996960401535034, 1.3553744554519653, 0.32572197914123535]",yunet,Facenet,1920,1080,/home/amos/media/tv/modern_family/Modern.Family.S09.1080p.DSNP.WEB-DL.DDP5.1.H.264-CRFW/Modern.Family.S09E17.Royal.Visit.1080p.DSNP.WEB-DL.DDP5.1.H.264-CRFW.mkv,Modern Family,2009,1442437,9,17,,,
1197,198,312,456,642,378,438,258,438,0.908,29472,0,"[-0.19296202063560486, -0.2647835612297058, 0.051713623106479645, 0.2459908127784729, 1.269099235534668, -0.7896159887313843, -0.2782154977321625, 0.4604218900203705, -0.703683614730835, 0.19782838225364685, -0.6949653029441833, 0.8615735173225403, -0.8465656042098999, -0.2319127917289734, 1.550902009010315, 0.020852796733379364, 1.0104398727416992, 0.5413393378257751, 0.6620404720306396, -1.6513243913650513, -1.413777232170105, -0.7311542630195618, -0.055609818547964096, 0.25434884428977966, 1.0956090688705444, -2.111562728881836, 0.21093691885471344, 3.53865909576416, 0.6244794726371765, -0.5685787796974182, -0.7841238975524902, 1.257044792175293, -1.306232213973999, 0.5552020072937012, -0.8820393681526184, -0.9833217859268188, -0.13272231817245483, -1.0006643533706665, -1.5141794681549072, -0.7179772853851318, -0.4788073003292084, -0.8282188773155212, -0.06898380815982819, 1.3527406454086304, 0.07859182357788086, -1.4335864782333374, 0.1084851622581482, -1.8797613382339478, -0.02567073330283165, 0.9524891376495361, -1.0201386213302612, 0.7159785032272339, -0.5209351778030396, 1.4979416131973267, 0.0008509792387485504, 0.5901579856872559, -0.8207617402076721, -0.4228411316871643, -1.964101791381836, 0.7596786618232727, -1.2998608350753784, -0.4852601885795593, 1.387629747390747, -0.11914125084877014, -0.15540733933448792, 1.41257643699646, 0.03080056607723236, 2.0280778408050537, -0.313717782497406, -0.7902065515518188, -1.227870225906372, -0.025019876658916473, 0.7969765067100525, 0.20040257275104523, 0.3132108151912689, 1.3238694667816162, -0.7085329294204712, -0.5323594212532043, -0.3340190649032593, 0.8908824920654297, -0.018447045236825943, 2.802003860473633, -0.36175301671028137, -1.2436844110488892, -0.6278983354568481, -0.4749037027359009, -0.17759937047958374, -0.19765329360961914, 0.3320961892604828, 1.6789950132369995, 0.505608081817627, -1.1226016283035278, -1.0292317867279053, -1.4972753524780273, 0.5556257367134094, -0.7307531833648682, -2.402587413787842, -0.3006194233894348, 1.0807294845581055, 1.3246166706085205, -0.7465050220489502, 1.4925153255462646, -0.025351032614707947, -1.2281798124313354, 0.9732936024665833, -0.266217440366745, -0.7660888433456421, -0.12741881608963013, 0.4279399812221527, -1.5151091814041138, -1.625636339187622, 1.4774885177612305, -0.28793203830718994, -1.302839994430542, 0.7729392647743225, -0.4819462299346924, 0.7619541883468628, 0.17470692098140717, 0.35139599442481995, 0.24939729273319244, 0.23127968609333038, 0.42518365383148193, 1.8596516847610474, 0.3891296684741974, 1.3228929042816162, 0.4548749029636383, 0.46115627884864807, 1.2416216135025024]",yunet,Facenet,1920,1080,/home/amos/media/tv/modern_family/Modern.Family.S09.1080p.DSNP.WEB-DL.DDP5.1.H.264-CRFW/Modern.Family.S09E17.Royal.Visit.1080p.DSNP.WEB-DL.DDP5.1.H.264-CRFW.mkv,Modern Family,2009,1442437,9,17,Ed O'Neill,18977.0,0.776
1198,144,216,408,552,348,324,246,330,0.911,29520,0,"[-0.16470900177955627, -0.9446612596511841, 0.23377402126789093, 0.12260007113218307, 1.2651481628417969, -1.0262320041656494, 0.46513938903808594, 1.44781494140625, -1.7806371450424194, 1.0178519487380981, -0.11045417189598083, 0.7086114287376404, 0.03826025873422623, -0.6904635429382324, 1.181963324546814, -0.48033660650253296, 1.396287441253662, 0.6102076172828674, 1.295715093612671, -0.24565435945987701, -1.0066757202148438, -0.4965803027153015, -0.5971694588661194, 1.464677333831787, 0.7019652128219604, -0.7131166458129883, -0.48446929454803467, 3.289100170135498, 0.25600549578666687, -1.857708215713501, 0.4340265393257141, 1.5052906274795532, -0.8336438536643982, 0.5434485673904419, -0.8514804244041443, -1.001025676727295, 0.4721662402153015, -0.8379476070404053, -1.6688196659088135, -0.6840523481369019, -1.5406038761138916, -0.16589957475662231, 0.16967323422431946, 0.8441734910011292, -0.1608927696943283, -0.23536987602710724, -0.26286447048187256, -0.7240345478057861, 1.3463276624679565, -0.1759607046842575, 0.7764306664466858, 0.1613551676273346, -1.0596674680709839, 0.2633117437362671, 0.16380734741687775, 0.8158696293830872, -2.16579270362854, -0.5314304828643799, -1.0019222497940063, 1.082729697227478, -1.1884980201721191, 1.0466523170471191, 0.5149475336074829, -0.12330056726932526, -0.22576621174812317, 0.824364960193634, -0.1140245571732521, 1.3984904289245605, 1.6216341257095337, 0.27308905124664307, -0.3883509635925293, -0.9114837646484375, 1.034440279006958, 0.7191337943077087, 0.17626743018627167, 1.0048893690109253, -0.803154468536377, -0.5602169036865234, -0.4822264611721039, 1.82515549659729, 0.11123605817556381, 1.7749606370925903, -1.2980996370315552, -1.6598339080810547, -0.7895094156265259, 0.34057748317718506, -0.28364402055740356, -0.009304583072662354, 0.8712968826293945, 2.0917625427246094, 0.6515227556228638, 0.07511343061923981, -1.7207722663879395, -0.31688985228538513, 0.9287313222885132, -0.8917399048805237, -0.31896936893463135, -0.46531960368156433, 2.2854177951812744, 2.032203435897827, -0.43089330196380615, 0.9432467818260193, 0.4458457827568054, -1.496565580368042, -0.14900891482830048, -0.4296814799308777, 0.7440675497055054, -0.748440146446228, 0.2498376965522766, -1.9582335948944092, -2.0276148319244385, 0.7102250456809998, -0.8766971826553345, -1.745081901550293, 1.6659799814224243, 0.42845043540000916, 0.8848633766174316, 0.4940963387489319, 0.3528049886226654, 0.12245769798755646, -0.2807285785675049, 0.31277936697006226, 0.15800411999225616, 0.9955860376358032, 0.3639175295829773, 0.4773331582546234, 0.2903375029563904, 0.22289223968982697]",yunet,Facenet,1920,1080,/home/amos/media/tv/modern_family/Modern.Family.S09.1080p.DSNP.WEB-DL.DDP5.1.H.264-CRFW/Modern.Family.S09E17.Royal.Visit.1080p.DSNP.WEB-DL.DDP5.1.H.264-CRFW.mkv,Modern Family,2009,1442437,9,17,Ed O'Neill,18977.0,0.637
1199,672,150,1044,618,930,300,768,300,0.918,29544,0,"[-1.3815809488296509, -1.6772446632385254, 0.23389644920825958, 1.1069731712341309, 0.9144311547279358, -0.5822773575782776, -0.24278098344802856, 1.2079895734786987, -1.0200207233428955, 0.46502894163131714, -0.2379036545753479, -0.16410931944847107, -0.49306291341781616, -0.13567078113555908, 0.6184622049331665, -0.8395171165466309, 1.1060149669647217, 0.7786555290222168, 1.637032389640808, 0.1879408210515976, -0.8584073781967163, -0.5031284689903259, -0.13137167692184448, 1.581489086151123, 1.6704018115997314, -0.44082337617874146, -0.3855879306793213, 2.2873916625976562, 1.5714613199234009, -1.7024649381637573, 0.9025118350982666, 0.35137030482292175, 0.08069644868373871, 0.5389783382415771, -0.43223458528518677, -0.4675934314727783, 0.6832011342048645, -0.42253345251083374, -1.695730209350586, -1.0611727237701416, -0.8673902750015259, -0.20785361528396606, -0.026507407426834106, 0.7185295820236206, -0.8963474035263062, -0.3227963447570801, -0.2380899041891098, -0.7712496519088745, 0.465503990650177, -0.5745006799697876, 1.4365633726119995, 0.9845216274261475, -0.7582467794418335, 0.31763148307800293, -0.10265812277793884, 1.172283411026001, -1.8659749031066895, -0.6815259456634521, -0.43356382846832275, 1.3477897644042969, 0.34225332736968994, 0.9444084763526917, 0.37628185749053955, -0.3913421928882599, -0.3682821989059448, 1.3923637866973877, 0.1727190613746643, 2.208543300628662, 1.1221143007278442, 0.6605989933013916, -0.12934668362140656, -2.05322527885437, 0.978532075881958, 0.22999684512615204, 0.19092988967895508, 1.8721446990966797, 0.4837298095226288, -0.17669875919818878, -0.5866795778274536, 1.7022322416305542, -0.05173579603433609, 2.1174111366271973, -0.7960183620452881, -0.6278120279312134, -0.7412647604942322, 0.3512020409107208, 0.3804289996623993, 0.21848724782466888, 0.32941874861717224, 1.7682794332504272, 0.49488499760627747, -0.023383844643831253, -1.4388765096664429, -0.08013992011547089, -0.39384546875953674, -0.892108678817749, -0.4311981201171875, -0.37242135405540466, 1.9169049263000488, 2.229963779449463, -0.9994055032730103, 1.2060809135437012, 1.0458356142044067, -0.6311629414558411, 0.4978834390640259, -0.31162768602371216, 0.6301620006561279, -0.2813093960285187, 0.34111589193344116, -2.1458072662353516, -1.9468848705291748, 0.2827490568161011, -0.31019845604896545, -2.277616024017334, 1.3708441257476807, -0.2630021572113037, 0.7654821872711182, 0.6091637015342712, 0.5635619163513184, -0.12929236888885498, 0.30307942628860474, 0.0861687883734703, -0.2357565313577652, 1.4809805154800415, 1.5904369354248047, 0.3566757142543793, 0.5965574383735657, 1.2561275959014893]",yunet,Facenet,1920,1080,/home/amos/media/tv/modern_family/Modern.Family.S09.1080p.DSNP.WEB-DL.DDP5.1.H.264-CRFW/Modern.Family.S09E17.Royal.Visit.1080p.DSNP.WEB-DL.DDP5.1.H.264-CRFW.mkv,Modern Family,2009,1442437,9,17,Ed O'Neill,18977.0,0.621
1200,822,186,1176,636,1128,354,990,354,0.908,29568,0,"[-0.21431705355644226, 0.1866365671157837, 0.640895664691925, 0.5477662086486816, -0.2425549328327179, -0.28393182158470154, 0.7584218382835388, 0.5059978365898132, -1.1507289409637451, 0.317396342754364, -0.2526598274707794, 1.079126238822937, -1.3057422637939453, 0.09657914936542511, 0.44340401887893677, -0.33353668451309204, 1.6849042177200317, 0.9193967580795288, 1.0544111728668213, -0.8368858098983765, -0.5912030339241028, -0.6399571299552917, -0.7420657873153687, 0.02578108198940754, 1.7313209772109985, -2.3751449584960938, 0.1784539520740509, 2.5497727394104004, 0.7560573220252991, -0.42425382137298584, -0.9799346923828125, 2.191196918487549, -2.070157051086426, 0.7920577526092529, -0.40256959199905396, -1.519924283027649, 0.05177009105682373, -0.006291292607784271, -1.1929621696472168, -0.5530052185058594, -0.8382662534713745, -0.3387673795223236, 0.3472820520401001, 1.8063405752182007, 0.052433744072914124, -0.4354681968688965, 0.06535223126411438, -1.7743295431137085, 0.2407774180173874, 0.6776317358016968, -0.09211063385009766, 0.3215157687664032, 0.2545711100101471, 0.8573576807975769, -0.006195094436407089, 0.06786367297172546, -1.6216531991958618, 0.07200294733047485, -1.8170075416564941, 0.06231947988271713, -1.4186348915100098, 1.1062264442443848, -0.11064041405916214, -0.8213472962379456, 0.7891364097595215, 1.6292418241500854, 0.22560667991638184, 2.332914352416992, -0.11175554990768433, -0.5596486330032349, -0.30239972472190857, -0.05474141240119934, 0.7822378873825073, 1.116930603981018, -0.4944092035293579, 1.60300612449646, -0.10299936681985855, -0.41325902938842773, -0.19088584184646606, 1.5230755805969238, 0.9576728940010071, 2.40547776222229, -0.8439093232154846, -1.5869587659835815, -0.22293198108673096, 0.5115717649459839, 0.5632010102272034, -0.5198867321014404, -1.0181784629821777, 1.9314286708831787, 0.8891404867172241, 0.3762442171573639, -1.0601385831832886, -0.9457764029502869, 0.019679345190525055, -0.05901806429028511, -0.6394478678703308, 0.15373584628105164, 2.0704169273376465, 1.5183137655258179, -1.8421951532363892, 1.1047155857086182, 0.3025158643722534, -1.9408135414123535, -0.7134100198745728, -0.5557801723480225, -0.28054171800613403, 0.596696138381958, 0.4908217191696167, -1.9363683462142944, -1.8878124952316284, 0.41839486360549927, 0.5162767171859741, -2.276421546936035, 0.2181263267993927, 0.38866764307022095, 1.155901312828064, 1.372424840927124, 0.4913555979728699, 0.46816492080688477, -0.11820362508296967, 0.5127794742584229, 1.4430607557296753, 0.6799011826515198, 1.3131139278411865, 1.3021146059036255, -0.4018251299858093, 0.3589305579662323]",yunet,Facenet,1920,1080,/home/amos/media/tv/modern_family/Modern.Family.S09.1080p.DSNP.WEB-DL.DDP5.1.H.264-CRFW/Modern.Family.S09E17.Royal.Visit.1080p.DSNP.WEB-DL.DDP5.1.H.264-CRFW.mkv,Modern Family,2009,1442437,9,17,Ed O'Neill,18977.0,0.663
1201,810,156,1176,612,1110,306,972,312,0.917,29592,0,"[0.381850928068161, 0.1573682427406311, 0.9167452454566956, 0.30018872022628784, 0.9607228636741638, 0.27507197856903076, 0.9907596111297607, 1.050785779953003, -0.2623869776725769, -0.039639901369810104, -0.9737449884414673, 0.7955257892608643, -1.6069930791854858, 0.317128449678421, 0.6083890199661255, -0.6526830196380615, 1.635692834854126, 0.9306827187538147, 1.3879410028457642, -1.3442233800888062, -0.9193421602249146, -0.46608126163482666, -0.7042625546455383, 0.327603280544281, 2.0265920162200928, -1.8423503637313843, -0.3191286623477936, 1.9834928512573242, 0.6304004192352295, -0.9180863499641418, -0.8649418354034424, 1.7250871658325195, -2.6408891677856445, 0.5327724814414978, -0.2673329710960388, -0.7826311588287354, -0.32480424642562866, 0.20433959364891052, -1.4857561588287354, -0.4806443154811859, -0.5063890814781189, -0.345468670129776, 0.3210020065307617, 1.3129914999008179, 0.18152087926864624, 0.1950521320104599, -0.4003307819366455, -1.242618441581726, -0.049345847219228745, 1.1614941358566284, -0.5051853656768799, 1.0089198350906372, 0.8362579941749573, 1.0898537635803223, -0.15089774131774902, -0.26663509011268616, -1.7458717823028564, -0.6995692849159241, -1.6384074687957764, 0.3028841018676758, -1.7299453020095825, 0.7297264933586121, 0.6059844493865967, -0.18533286452293396, 0.6809505224227905, 0.99139404296875, 0.10287326574325562, 1.7257169485092163, 0.563984751701355, -0.5732778310775757, -0.21844108402729034, -0.43959107995033264, 0.17698444426059723, 0.3689800500869751, -0.7679596543312073, 0.5936700701713562, -0.8978273868560791, -0.4020915627479553, -0.2516733407974243, 1.400579810142517, 1.4235929250717163, 1.9134479761123657, -0.5880710482597351, -2.2300162315368652, -0.701377272605896, 0.365680992603302, 0.7919105887413025, -0.40648460388183594, -0.4812910556793213, 2.113115072250366, 0.7993612289428711, 0.31606417894363403, -1.3512431383132935, -1.3148351907730103, 0.19474175572395325, 0.25605177879333496, -0.631201982498169, -0.540034294128418, 2.2076914310455322, 2.8554697036743164, -1.6412545442581177, 1.9086276292800903, 0.14158213138580322, -1.668120265007019, -1.0105031728744507, -0.2894693613052368, -0.796417772769928, 0.27357155084609985, 0.38113829493522644, -2.461299180984497, -2.3104147911071777, 0.5807898044586182, 0.4830750524997711, -2.1233458518981934, 0.5705907940864563, -0.1850847452878952, 0.6686258316040039, 1.5470094680786133, 0.9517724514007568, -0.30574560165405273, -0.4970692992210388, 0.14545507729053497, 1.486299753189087, 0.351050466299057, 0.9900659918785095, 1.3205052614212036, 0.3045186400413513, 0.4845639765262604]",yunet,Facenet,1920,1080,/home/amos/media/tv/modern_family/Modern.Family.S09.1080p.DSNP.WEB-DL.DDP5.1.H.264-CRFW/Modern.Family.S09E17.Royal.Visit.1080p.DSNP.WEB-DL.DDP5.1.H.264-CRFW.mkv,Modern Family,2009,1442437,9,17,Ed O'Neill,18977.0,0.676
1202,762,168,1116,630,1056,348,912,348,0.906,29616,0,"[-0.19462087750434875, -0.05218576639890671, 0.17744149267673492, 0.2742783725261688, 0.37323370575904846, 0.047025807201862335, 0.18158911168575287, 1.1481482982635498, -0.5092945694923401, -0.06349416077136993, -0.021083150058984756, 1.192152500152588, -0.8629676699638367, 0.5099753141403198, 0.3221707046031952, -0.44394439458847046, 1.8902764320373535, 1.0788393020629883, 1.2913817167282104, -0.6283122301101685, -0.9400935173034668, -0.5162004232406616, -0.32818636298179626, 0.03901322931051254, 1.2625830173492432, -2.0023159980773926, -0.11359183490276337, 2.090580463409424, 0.7736515402793884, -0.727088451385498, -1.025132417678833, 1.9329407215118408, -1.628586769104004, 0.38785669207572937, -0.28533074259757996, -0.545788586139679, 0.20412561297416687, -0.023120909929275513, -1.1948280334472656, -1.0159579515457153, -0.398166298866272, -0.4476067125797272, -0.0013780370354652405, 1.4389272928237915, -0.06353707611560822, -0.49266356229782104, 0.3304274082183838, -2.233105182647705, 0.143422469496727, 0.9280518293380737, -0.2952216863632202, 0.702828586101532, -0.10374859720468521, 0.4122345447540283, -0.04222854599356651, 0.5111609101295471, -1.8543238639831543, -0.30385497212409973, -0.6692177057266235, 0.06567505747079849, -1.2588073015213013, 1.1081517934799194, 0.7322049140930176, -0.5998345017433167, 1.0041568279266357, 1.5536282062530518, 0.308813214302063, 2.516160249710083, 0.5410383343696594, -0.46791577339172363, -0.7346463799476624, 0.04867182672023773, 0.1040177196264267, 1.1111845970153809, -0.5351480841636658, 1.465781569480896, -0.7167335748672485, -1.3180843591690063, -0.5071628093719482, 0.6847445964813232, 1.0794122219085693, 2.1334187984466553, -0.9065427184104919, -0.8893001675605774, 0.2632170021533966, -0.09705830365419388, 0.44116631150245667, 0.005183309316635132, -1.1492102146148682, 1.9254752397537231, 0.5991261601448059, 0.17304421961307526, -1.1742104291915894, -1.2903876304626465, -1.0311245918273926, 0.25046032667160034, -0.3789704740047455, -0.12387096136808395, 2.0064353942871094, 1.8903759717941284, -2.446199655532837, 1.2024731636047363, 0.4181913137435913, -2.042684555053711, -0.7326944470405579, 0.05137867480516434, -0.08960220217704773, 0.773830771446228, 0.6219301223754883, -1.7784210443496704, -1.4076160192489624, 0.9403185248374939, 0.4854964017868042, -2.0618982315063477, 0.8858730792999268, 0.15202853083610535, 1.2395223379135132, 0.9379308223724365, 0.9024414420127869, 0.1699942648410797, -0.03690401464700699, 0.6643438339233398, 1.5146743059158325, 0.772984504699707, 1.316210150718689, 0.5858842134475708, -0.24577824771404266, 0.12117116153240204]",yunet,Facenet,1920,1080,/home/amos/media/tv/modern_family/Modern.Family.S09.1080p.DSNP.WEB-DL.DDP5.1.H.264-CRFW/Modern.Family.S09E17.Royal.Visit.1080p.DSNP.WEB-DL.DDP5.1.H.264-CRFW.mkv,Modern Family,2009,1442437,9,17,Ed O'Neill,18977.0,0.672
1203,762,156,1158,654,1116,342,978,336,0.911,29640,0,"[-0.23861479759216309, 0.3048386871814728, 0.5825774073600769, 0.42708703875541687, 1.229391098022461, -0.404641330242157, 1.1912392377853394, 1.1459156274795532, -0.771011233329773, 0.6442767381668091, -0.6038005948066711, 0.6133967638015747, -0.4319390654563904, 0.20095780491828918, 1.0993732213974, -0.7334104180335999, 1.5121352672576904, 0.6733044981956482, 1.2425851821899414, -1.5321290493011475, -0.48634204268455505, -0.6051846742630005, -0.43086037039756775, 0.020220432430505753, 1.7222819328308105, -2.2105603218078613, 0.03004401922225952, 2.2400498390197754, 0.02849223092198372, -0.9997127056121826, -0.6676157712936401, 1.4366837739944458, -1.8054804801940918, -0.10152250528335571, 0.29318535327911377, -0.5151954293251038, -0.3491886258125305, -0.20097112655639648, -1.0392212867736816, -0.7897614240646362, -0.029128631576895714, 0.2397962212562561, 0.5443019270896912, 1.1653757095336914, 0.2837303578853607, 0.31045377254486084, -0.5841825008392334, -1.578771710395813, -0.08003810793161392, 1.2943193912506104, -1.4475375413894653, 1.4829111099243164, 0.2038263976573944, 1.1757737398147583, -0.3585436940193176, 0.14713849127292633, -1.3228716850280762, -0.7835700511932373, -1.2782349586486816, -0.5477398633956909, -1.0954079627990723, 1.0607942342758179, 0.2966427803039551, -0.2366519570350647, 0.7171022295951843, 0.43232637643814087, -0.1898179054260254, 1.4972258806228638, -0.07830095291137695, -0.10047426074743271, -0.5240650177001953, 0.45457330346107483, 0.32698777318000793, 0.1320847123861313, -0.7389891147613525, 0.3460702896118164, -0.5117051601409912, -0.5854306221008301, -0.40646156668663025, 1.3121922016143799, 1.5076950788497925, 2.4803030490875244, -0.3486000597476959, -2.2890424728393555, 0.17874005436897278, 0.14641717076301575, 0.6201675534248352, -0.14433905482292175, -1.1353888511657715, 2.166506767272949, 0.3608754277229309, 1.1353967189788818, -1.2464830875396729, -0.507856547832489, -0.047297537326812744, -0.14006955921649933, -0.6180827617645264, -0.1538417786359787, 1.9599435329437256, 2.3668737411499023, -1.8149616718292236, 1.863076090812683, 0.2515398859977722, -2.1165943145751953, -0.36388522386550903, -0.009989432990550995, -0.1928015947341919, 1.0784629583358765, 0.685213029384613, -1.7999247312545776, -2.2089810371398926, 0.510236382484436, 0.4682323932647705, -1.3411085605621338, 0.23201902210712433, 0.33456137776374817, 1.559208869934082, 1.099541187286377, 0.9786731004714966, -0.050823137164115906, 0.07075143605470657, 0.5164097547531128, 1.5330326557159424, 0.28549349308013916, 1.2913823127746582, 0.5290321707725525, 0.10941766202449799, 0.44868040084838867]",yunet,Facenet,1920,1080,/home/amos/media/tv/modern_family/Modern.Family.S09.1080p.DSNP.WEB-DL.DDP5.1.H.264-CRFW/Modern.Family.S09E17.Royal.Visit.1080p.DSNP.WEB-DL.DDP5.1.H.264-CRFW.mkv,Modern Family,2009,1442437,9,17,Ed O'Neill,18977.0,0.583
1204,270,174,606,582,528,330,378,336,0.917,29664,0,"[-0.3006792664527893, -0.9260231256484985, -0.2795804738998413, -1.0540040731430054, 1.1624199151992798, 0.26604270935058594, -0.42398175597190857, 1.447741985321045, 0.20882251858711243, -0.07890075445175171, -0.3270372748374939, 0.22568261623382568, -2.503246307373047, 0.5171025991439819, 0.39072874188423157, -0.38827788829803467, 1.4201273918151855, 0.4664091467857361, 1.31671941280365, -1.591088056564331, -0.4162358343601227, -2.0101516246795654, 0.28798091411590576, -0.0848202332854271, 0.8838074803352356, -1.8275177478790283, 0.30865010619163513, 1.479410171508789, -0.14028960466384888, -0.22807259857654572, -1.8795493841171265, 2.0350170135498047, -1.5352692604064941, 0.31364455819129944, -0.4887707531452179, 0.02048436924815178, -0.31120845675468445, 0.6323177814483643, -1.075340747833252, -1.1240801811218262, -0.5793226957321167, -2.3204665184020996, -1.1646283864974976, 1.3572274446487427, 1.100282907485962, -1.3969473838806152, -0.490807443857193, -0.21890591084957123, 0.29002559185028076, 0.2973339259624481, -0.1350376158952713, 1.1764193773269653, -0.6910600662231445, 0.2864775061607361, -0.06475922465324402, 0.8306954503059387, -2.074984073638916, -0.80433589220047, -0.9104744791984558, 1.3226525783538818, -1.4985259771347046, 0.9558609127998352, 0.2527761161327362, -0.5991020798683167, 0.4716411530971527, 1.568712830543518, -0.42560523748397827, 2.010307788848877, 0.5054523944854736, -0.27064475417137146, -0.5348018407821655, -0.7445003986358643, -0.2885532081127167, 0.6633426547050476, 0.5717141032218933, 0.5502634048461914, -0.9532020092010498, -1.3955402374267578, -1.440173625946045, 0.38263171911239624, -0.17103055119514465, 2.0712099075317383, -0.7208744287490845, -1.0628374814987183, 0.012160927057266235, 0.2541724443435669, 0.0016436222940683365, -0.8225962519645691, 0.21573376655578613, 0.7514435052871704, 0.3725486397743225, -0.5030173659324646, -0.4487284719944, -1.3287397623062134, -0.4049001634120941, 0.7243192195892334, -0.7064303755760193, -0.3833058178424835, 0.40753838419914246, 2.8284974098205566, -1.6399611234664917, 0.5569783449172974, 0.20669031143188477, -1.7240972518920898, -0.9345325231552124, -0.8431687355041504, 0.4488271474838257, -0.1154349148273468, 1.2086542844772339, -0.5757617950439453, -1.780896544456482, -0.02124037593603134, -0.26551157236099243, -2.3737878799438477, 0.3808373808860779, -0.38063591718673706, 1.3294957876205444, 1.6460858583450317, -0.9112396836280823, -0.36350592970848083, 0.4594477415084839, 1.486197829246521, 1.6830148696899414, 0.42663225531578064, 0.061082031577825546, 1.2786411046981812, -0.21802778542041779, 0.479476660490036]",yunet,Facenet,1920,1080,/home/amos/media/tv/modern_family/Modern.Family.S09.1080p.DSNP.WEB-DL.DDP5.1.H.264-CRFW/Modern.Family.S09E17.Royal.Visit.1080p.DSNP.WEB-DL.DDP5.1.H.264-CRFW.mkv,Modern Family,2009,1442437,9,17,Ed O'Neill,18977.0,0.702
1205,1014,402,1218,636,1176,492,1080,492,0.909,29664,1,"[0.5844384431838989, -0.36748650670051575, 0.4579930603504181, -0.061323851346969604, 0.03522176668047905, -0.4283037483692169, 1.207218885421753, -0.9584728479385376, -0.5196657776832581, 1.1059573888778687, -0.06456544995307922, -0.5339674949645996, 1.2743253707885742, 1.1392467021942139, -0.1167546957731247, -1.3300995826721191, 1.6290068626403809, -3.108199119567871, -0.2282876968383789, -0.6221338510513306, 1.0865111351013184, -1.4972275495529175, -1.503316879272461, 0.6979690790176392, -0.42717844247817993, -0.48428356647491455, 2.1061208248138428, -0.19644534587860107, 0.013571102172136307, 1.7681702375411987, -0.08053679764270782, 0.8336979746818542, 1.060084581375122, -1.0179741382598877, 0.9069787859916687, -0.13248035311698914, 0.026922650635242462, -0.9334824681282043, -1.0301718711853027, 0.35263022780418396, 1.8763118982315063, 0.6494196057319641, -1.045184850692749, 0.05196209251880646, -0.5196105241775513, -1.3968136310577393, 1.1582577228546143, 0.9965261220932007, 0.06351850926876068, -1.0907516479492188, -0.6087086200714111, 1.7847380638122559, -0.9622054100036621, -2.105128765106201, 0.9986556768417358, 1.2632288932800293, 1.8599803447723389, 0.8347625732421875, 0.9331763386726379, 0.06147720664739609, -0.1652994453907013, -0.17018693685531616, 1.8901909589767456, 0.7609353065490723, -0.8102900385856628, 0.6722456216812134, -0.31323114037513733, 1.9243675470352173, 0.5555095076560974, 0.7192256450653076, 0.4226599633693695, -0.08774852752685547, 0.6897922158241272, -0.4927681088447571, -1.0479010343551636, -0.8673069477081299, 0.4914620816707611, -1.5471751689910889, -0.7864746451377869, -2.0252180099487305, -0.3795947730541229, 0.22498974204063416, 0.8729868531227112, -0.3500767648220062, 0.04536810144782066, 0.4535864293575287, 0.23279200494289398, -1.2595044374465942, 0.22714242339134216, -0.8388684988021851, -1.4451837539672852, 1.1667555570602417, 2.0281107425689697, 0.8937801718711853, 1.6929757595062256, 0.8948675990104675, 1.684519648551941, 0.4810289442539215, -1.3827831745147705, 1.6492758989334106, -0.06960273534059525, 1.3970236778259277, -0.40063023567199707, -0.3337242901325226, 0.10691116005182266, -0.8104754090309143, 0.3731415867805481, -0.022183671593666077, 0.48498666286468506, 0.20406876504421234, -1.9097212553024292, -0.014134921133518219, 1.585758924484253, 0.11074686795473099, -2.0281810760498047, -0.4944981038570404, 0.2596498429775238, 0.7588362097740173, 1.1038944721221924, 0.18100248277187347, 0.3852576017379761, 1.6013386249542236, 0.5785984992980957, -2.2172164916992188, 0.9460020065307617, 2.0922768115997314, 0.793250560760498, 0.23589743673801422]",yunet,Facenet,1920,1080,/home/amos/media/tv/modern_family/Modern.Family.S09.1080p.DSNP.WEB-DL.DDP5.1.H.264-CRFW/Modern.Family.S09E17.Royal.Visit.1080p.DSNP.WEB-DL.DDP5.1.H.264-CRFW.mkv,Modern Family,2009,1442437,9,17,Jeremy Maguire,1676910.0,0.594
1206,204,132,570,600,474,300,324,306,0.923,29688,0,"[-0.3336253762245178, -0.29023659229278564, 0.8463890552520752, 0.03916309028863907, 0.9000204801559448, -1.2719058990478516, 0.5874720215797424, 0.5121141076087952, -0.5461425185203552, 0.09224247932434082, 0.020609892904758453, 0.6427668333053589, -0.8351209759712219, -0.4874781668186188, 1.9822978973388672, 0.07707155495882034, 1.7374929189682007, 0.5750542283058167, 0.8482986688613892, -0.8328471183776855, -0.9792633056640625, -1.1622862815856934, 0.46178871393203735, 0.6806564331054688, 0.765122652053833, -1.4996592998504639, 0.4800994098186493, 3.232954502105713, 0.36777591705322266, -0.5231243968009949, -1.8640094995498657, 2.008991003036499, -2.700061559677124, 1.0414581298828125, 0.05023426562547684, -0.813208281993866, 0.1620478332042694, -0.7153258323669434, -1.107121229171753, -0.6944876909255981, -0.9425392150878906, -1.547676920890808, -0.39379820227622986, 1.0457439422607422, 0.1575930416584015, -0.5256024599075317, -0.09020257741212845, -1.884069561958313, 0.12138566374778748, 1.3281707763671875, 0.13737428188323975, 0.502791166305542, -0.30436158180236816, 0.9844871759414673, -0.017658919095993042, -0.22462035715579987, -1.8035110235214233, 0.5139760971069336, -1.6493360996246338, 0.20867839455604553, -1.8442164659500122, -0.09523995220661163, 0.8276110291481018, -0.5998851656913757, 0.08851589262485504, 1.4277405738830566, 0.30754223465919495, 1.420028805732727, 0.4150984585285187, -0.4438883066177368, -0.5516650676727295, -0.860284686088562, 1.4934470653533936, 0.8105239272117615, -0.7367947101593018, 1.1894272565841675, -0.7844928503036499, -0.800270140171051, -1.0066360235214233, 0.42861640453338623, -0.05338367819786072, 2.6099612712860107, -0.7262693643569946, -1.7128139734268188, -0.7524531483650208, -0.3527314364910126, 0.5689778923988342, -0.6913406252861023, -0.31006330251693726, 1.5618798732757568, 0.645062267780304, -0.4690101146697998, -1.301888108253479, -1.3286036252975464, 0.23941156268119812, -0.19458195567131042, -0.8375194668769836, -0.0026893755421042442, 1.0885705947875977, 1.7516180276870728, -1.462181568145752, 1.4797643423080444, 0.367819607257843, -1.3352786302566528, -0.3467249870300293, 0.2171560525894165, 0.42183735966682434, 0.1614198386669159, 0.8684484362602234, -1.480222463607788, -1.696579098701477, 0.9797499179840088, 0.6789778470993042, -2.3443610668182373, 1.3113473653793335, 0.05909983813762665, 1.487088918685913, 0.37616464495658875, 0.1292552649974823, -0.226429283618927, -0.28992438316345215, 0.4426603317260742, 1.8247575759887695, -0.3970590829849243, 0.4784926772117615, 1.4670276641845703, 0.248172327876091, 0.46667560935020447]",yunet,Facenet,1920,1080,/home/amos/media/tv/modern_family/Modern.Family.S09.1080p.DSNP.WEB-DL.DDP5.1.H.264-CRFW/Modern.Family.S09E17.Royal.Visit.1080p.DSNP.WEB-DL.DDP5.1.H.264-CRFW.mkv,Modern Family,2009,1442437,9,17,Ed O'Neill,18977.0,0.688
1207,990,360,1206,612,1152,462,1056,468,0.906,29688,1,"[-0.7135052680969238, -0.820658802986145, -0.4593474268913269, -0.3241572082042694, 0.7081374526023865, -0.22629818320274353, 1.2861316204071045, -0.6673173308372498, -0.28022488951683044, 0.8786415457725525, -0.7942524552345276, -0.5931156873703003, 0.3538118004798889, 0.983476996421814, 0.26626622676849365, 0.3538373112678528, 2.2259023189544678, -2.4604427814483643, -0.6336802840232849, -0.26083821058273315, 0.9784033298492432, -0.43622103333473206, -1.6547774076461792, 0.378216415643692, -0.11623077094554901, -0.021315984427928925, 1.4470998048782349, -0.2593207359313965, -0.4078812599182129, 1.9331603050231934, 1.3940701484680176, 0.29548895359039307, 1.4145419597625732, 0.6031954884529114, 0.9712086915969849, 0.3198893666267395, 0.011505939066410065, -0.3967099189758301, -0.606380820274353, -0.2128499448299408, 0.6521602272987366, 1.5737402439117432, -1.2298426628112793, -0.14949622750282288, -0.07462684065103531, -1.7195391654968262, 0.6746499538421631, 1.2683261632919312, -0.4289989471435547, -0.47151097655296326, -0.5433383584022522, 0.8050630688667297, -1.3695745468139648, -0.5568939447402954, 0.4192671477794647, 0.1246311217546463, 1.3987361192703247, 0.3541513681411743, -0.18602478504180908, -0.46114346385002136, -0.3258301019668579, 0.5842863321304321, 0.7729484438896179, 1.446451187133789, -0.08859045803546906, 0.21686458587646484, -0.439253568649292, 1.730283260345459, 0.8377033472061157, 0.8815858364105225, 1.0832098722457886, -0.03913971036672592, 0.45563551783561707, -0.900941014289856, -0.869213342666626, -0.8113770484924316, 0.6106787919998169, -1.9413151741027832, 0.2646637260913849, -1.0074681043624878, -1.206707239151001, 0.37129804491996765, 0.986320972442627, 0.34912529587745667, -0.8571963906288147, 1.3020551204681396, 1.8996037244796753, -0.8790841102600098, -0.3295169770717621, 0.23608845472335815, -0.9347432255744934, 1.0332529544830322, 0.8139394521713257, 0.5799240469932556, 1.5116801261901855, 0.48230138421058655, 1.4900732040405273, 0.4038121700286865, -1.0155457258224487, 2.770857095718384, 0.33018922805786133, 1.751676321029663, -2.0102076530456543, 0.48584070801734924, 0.7082844972610474, -0.7914928793907166, -0.8863301277160645, -1.2029147148132324, 0.25867894291877747, -0.04384665936231613, -2.2098183631896973, -1.015508770942688, 1.6809900999069214, 0.485047310590744, -1.5844624042510986, -0.9290395975112915, -0.42289113998413086, 0.7381797432899475, 1.1286039352416992, -1.04690420627594, 0.8363756537437439, 1.9546935558319092, 0.15213081240653992, -1.6730823516845703, 0.8656981587409973, 0.6877782940864563, 0.9398061633110046, 0.0792941302061081]",yunet,Facenet,1920,1080,/home/amos/media/tv/modern_family/Modern.Family.S09.1080p.DSNP.WEB-DL.DDP5.1.H.264-CRFW/Modern.Family.S09E17.Royal.Visit.1080p.DSNP.WEB-DL.DDP5.1.H.264-CRFW.mkv,Modern Family,2009,1442437,9,17,Jeremy Maguire,1676910.0,0.598
1208,180,144,552,606,420,312,252,318,0.922,29712,0,"[-0.1288040429353714, 0.14379508793354034, -0.1312676966190338, 0.3511592149734497, 1.4099867343902588, -1.1483534574508667, 0.3802867829799652, 0.6206178665161133, -1.2677749395370483, -0.2905897796154022, 0.20319980382919312, 0.6439417600631714, -0.6796625256538391, -0.3993037939071655, 1.9023239612579346, -0.6917529106140137, 1.881690263748169, 0.41534894704818726, 0.4865286350250244, -0.6972243785858154, -0.9346626996994019, -1.2039618492126465, 0.18014544248580933, 0.10154140740633011, 0.23944231867790222, -2.1652679443359375, 0.6791950464248657, 2.999072551727295, 0.2798007130622864, -0.24943487346172333, -1.2447617053985596, 1.779373049736023, -2.0343260765075684, 1.2453163862228394, -0.8615291118621826, -0.9544621109962463, -0.01662915013730526, -1.199432134628296, -0.4648701548576355, -0.6762322187423706, -0.538749098777771, -1.3562544584274292, -0.2944994568824768, 1.1793713569641113, 0.17415405809879303, -0.9593982696533203, 0.4252147078514099, -1.6748014688491821, -0.2986655831336975, 0.9580249786376953, -1.0373070240020752, 1.3323830366134644, -0.7597821950912476, 1.6398754119873047, -0.035907991230487823, 0.6511725783348083, -1.3265414237976074, -0.01726122945547104, -1.7205039262771606, 0.10398133844137192, -1.661481261253357, -0.5471189022064209, 1.1752536296844482, -0.25663402676582336, 0.2613440454006195, 1.5190644264221191, -0.14609962701797485, 1.7281126976013184, -1.169357180595398, -0.41264432668685913, -0.8131932020187378, 0.11296100914478302, 1.4548450708389282, 0.914638340473175, 0.0054411496967077255, 1.608899474143982, -0.2185831516981125, -0.8477435111999512, -1.2557592391967773, 0.8379574418067932, -0.6838390231132507, 3.2053401470184326, -0.8144696354866028, -1.2028013467788696, 0.5648615956306458, -0.022641226649284363, -0.21640653908252716, -0.9840172529220581, -0.2815402150154114, 1.1612900495529175, 0.2913435995578766, -0.08006555587053299, -1.081113338470459, -1.4087235927581787, 0.3830070197582245, -1.0748783349990845, -1.2455549240112305, -0.21136273443698883, 0.40419331192970276, 0.6288855671882629, -1.2577706575393677, 1.162980079650879, 0.301113486289978, -0.8718225359916687, 0.3658515512943268, 0.5076366662979126, 0.41266992688179016, -0.059370800852775574, 0.8917250633239746, -1.1036016941070557, -1.6768156290054321, 1.4292597770690918, 0.270520955324173, -1.9379661083221436, 0.9347751140594482, -0.058302756398916245, 0.5885485410690308, 0.42135825753211975, 0.4426555633544922, 0.20334509015083313, -0.21809570491313934, 1.344104528427124, 2.3461456298828125, -0.35819917917251587, 0.3186630606651306, 0.9397873282432556, 0.05875705927610397, 1.137570858001709]",yunet,Facenet,1920,1080,/home/amos/media/tv/modern_family/Modern.Family.S09.1080p.DSNP.WEB-DL.DDP5.1.H.264-CRFW/Modern.Family.S09E17.Royal.Visit.1080p.DSNP.WEB-DL.DDP5.1.H.264-CRFW.mkv,Modern Family,2009,1442437,9,17,Ed O'Neill,18977.0,0.639
1209,996,390,1212,654,1146,492,1056,492,0.904,29712,1,"[0.670874834060669, -0.14020586013793945, 0.023473447188735008, -0.25976985692977905, -0.3190142810344696, 0.3534773588180542, 1.4197072982788086, -0.6437162160873413, -1.1375423669815063, 0.32815343141555786, -0.4219954311847687, 0.40461310744285583, 0.007322624325752258, 0.8702952861785889, 0.5579409003257751, 0.8730694651603699, 1.872847080230713, -1.120977520942688, 0.28676164150238037, -0.004217423032969236, 0.1461271047592163, -0.9458162784576416, -0.43861570954322815, 0.8224461674690247, 0.3886086940765381, -1.0311611890792847, 1.2669806480407715, -0.37084075808525085, -0.15794077515602112, 2.402618885040283, 0.2669476866722107, -0.4455419182777405, 1.580227017402649, -0.8062936663627625, 1.0706583261489868, -0.8126569986343384, 0.3379853069782257, 0.3391546308994293, -1.4699535369873047, 1.4905771017074585, 0.46097618341445923, 0.6729816794395447, -0.3991633355617523, 0.026109032332897186, -0.3121541738510132, -2.136392831802368, 0.4391080439090729, 1.4852794408798218, -0.0650324895977974, -0.21377268433570862, 0.5258824825286865, 0.4497472941875458, 1.1328575611114502, -1.2285614013671875, 1.2698220014572144, 0.8790704607963562, 1.7081102132797241, 1.4938119649887085, -0.23729008436203003, 0.5500954985618591, 0.2852243185043335, 0.6538160443305969, 1.0567221641540527, 1.4860215187072754, 0.10243160277605057, 0.17390698194503784, 0.42604896426200867, 1.8899118900299072, 0.18022161722183228, 0.8583850860595703, 1.2121481895446777, 0.14140447974205017, 1.186038851737976, 0.2637060284614563, -0.7506486177444458, -0.8341987729072571, 0.530146598815918, -0.33000531792640686, -0.048466090112924576, -1.5391322374343872, -1.2344963550567627, 0.962608814239502, 0.20757529139518738, -0.34399500489234924, 0.034510307013988495, 1.0200018882751465, 1.4687540531158447, -1.889556884765625, 0.09701402485370636, -0.21149775385856628, -0.7388062477111816, 1.4283355474472046, 1.3662173748016357, 0.4952046275138855, 0.6055457592010498, 0.3578647971153259, 1.4335086345672607, -0.17612792551517487, -1.5142829418182373, 1.8169242143630981, 0.030561402440071106, 1.274510145187378, -0.2434922754764557, 0.13134370744228363, 0.35241034626960754, -2.6794626712799072, -0.8906753063201904, -0.7374588251113892, 0.8464369773864746, 0.018096523359417915, -2.7004947662353516, 0.5899478793144226, 2.358004570007324, 0.14558809995651245, -2.741567611694336, -1.694442868232727, 0.11989735066890717, 1.9136911630630493, 1.410004734992981, -0.10379080474376678, 0.6319819688796997, 0.8121587038040161, 0.473347544670105, -1.8779780864715576, 0.9369093775749207, 2.114633560180664, 0.019300634041428566, -0.44431939721107483]",yunet,Facenet,1920,1080,/home/amos/media/tv/modern_family/Modern.Family.S09.1080p.DSNP.WEB-DL.DDP5.1.H.264-CRFW/Modern.Family.S09E17.Royal.Visit.1080p.DSNP.WEB-DL.DDP5.1.H.264-CRFW.mkv,Modern Family,2009,1442437,9,17,Jeremy Maguire,1676910.0,0.702
1210,582,168,906,576,852,312,774,318,0.919,29736,0,"[-0.11320848762989044, 0.9587595462799072, 0.8785778284072876, -0.004802480340003967, 1.0581860542297363, -0.3462800085544586, 1.400969386100769, 0.33849602937698364, -0.11050201952457428, -0.1432151347398758, -0.15257562696933746, 0.04099162667989731, -1.015695571899414, -0.04551035538315773, 1.0558478832244873, -0.6068683862686157, 0.5808813571929932, 0.7326799631118774, 0.6044138073921204, -0.2266710102558136, 0.046393975615501404, -0.06016017869114876, -0.3300824761390686, -0.2049769163131714, 1.2996596097946167, -1.4996172189712524, 0.43846920132637024, 1.1879277229309082, 0.4218951463699341, -1.3737754821777344, -1.9107760190963745, 1.8998969793319702, -2.5728466510772705, 0.3447710871696472, 0.42271488904953003, -0.6666090488433838, -0.8069487810134888, 0.34983697533607483, 0.46888360381126404, -1.5944297313690186, -0.5262570381164551, -0.29506170749664307, -0.4762061536312103, 0.8020003437995911, -0.25612249970436096, -0.36336764693260193, -1.4116591215133667, -2.0156326293945312, 0.018813185393810272, 1.301363468170166, -0.5306580662727356, 1.4618332386016846, 0.6436957716941833, 0.17710186541080475, 0.49199312925338745, -0.7053472995758057, -0.7861131429672241, -0.9620871543884277, -0.8574773073196411, -0.19252249598503113, -0.8657123446464539, 0.8181183934211731, -0.2780288755893707, -0.6268817782402039, 0.49536311626434326, 1.2300676107406616, 0.49766260385513306, 0.8237611651420593, -0.10333771258592606, 0.2355344295501709, -1.3548516035079956, -0.17941316962242126, -0.3736339807510376, -0.018102571368217468, -0.46397873759269714, 1.0780564546585083, -1.6587986946105957, -0.9213259816169739, -0.7946181297302246, 0.7536391615867615, 1.7699613571166992, 2.9057116508483887, -0.6711714267730713, -1.1203620433807373, 0.6868330240249634, 0.4536251127719879, 0.5721328854560852, -0.016355887055397034, -1.83567476272583, 1.0052427053451538, 0.6891424655914307, 1.1277567148208618, -1.1559531688690186, -0.6639723777770996, -0.5211586952209473, -0.33855921030044556, -0.9995776414871216, -0.7047215700149536, 2.0527145862579346, 1.1082531213760376, -2.485261917114258, 0.34722843766212463, -0.8490265011787415, -1.566592812538147, -0.11137589812278748, -0.2353466898202896, 0.2626609802246094, 1.4294462203979492, 0.5710994601249695, -0.9784316420555115, -0.9265804886817932, -0.5516942143440247, 0.4562241733074188, -1.1612522602081299, -0.00014059990644454956, 0.946894645690918, 0.921261191368103, 0.9593547582626343, 0.33120810985565186, 1.031738519668579, 0.4932903051376343, 0.7665178775787354, 1.091736912727356, -0.5807617902755737, 0.6526684761047363, 0.5558263063430786, -0.20418015122413635, -0.5201743841171265]",yunet,Facenet,1920,1080,/home/amos/media/tv/modern_family/Modern.Family.S09.1080p.DSNP.WEB-DL.DDP5.1.H.264-CRFW/Modern.Family.S09E17.Royal.Visit.1080p.DSNP.WEB-DL.DDP5.1.H.264-CRFW.mkv,Modern Family,2009,1442437,9,17,,,
1211,450,186,744,570,660,330,510,330,0.918,29760,0,"[0.05080859363079071, -0.23164759576320648, 0.3124302327632904, 0.6284855008125305, 1.1242448091506958, -1.3831287622451782, -0.05731459707021713, 0.4532133638858795, -1.0504169464111328, 0.5813315510749817, -0.8429625034332275, 0.8477655053138733, -0.9572983384132385, -0.9661552906036377, 1.4479219913482666, -0.41290366649627686, 1.9295498132705688, 0.48497146368026733, 1.2840865850448608, -0.7387938499450684, -1.0081589221954346, -0.7090859413146973, -0.3092733919620514, 0.1780661940574646, 1.3867231607437134, -1.7361657619476318, 0.9682821035385132, 3.335613250732422, 1.4348769187927246, -0.08935242891311646, -1.2687981128692627, 1.3645352125167847, -1.6571770906448364, 0.512732207775116, -1.0095815658569336, -1.5659899711608887, 0.46230196952819824, 0.18366378545761108, -0.8136543035507202, -0.892790675163269, -1.485971450805664, -0.554352879524231, -0.39870110154151917, 1.5370887517929077, -0.5759899020195007, -0.7632752656936646, -0.2998868227005005, -1.3772305250167847, -0.38450050354003906, 1.2807585000991821, -0.5601024627685547, 1.121169090270996, -0.16164448857307434, 2.223198890686035, 0.14281949400901794, -0.019246935844421387, -1.0907008647918701, -0.3298628032207489, -1.8645538091659546, 0.6969518661499023, -1.902640700340271, -0.5448012351989746, 0.8566926121711731, -0.7683364152908325, -0.13387534022331238, 2.0519745349884033, -0.39329206943511963, 1.9442973136901855, -0.8853659629821777, -0.37604179978370667, -1.0872774124145508, -0.8104566335678101, 0.7520599365234375, 0.6509198546409607, 0.10030224919319153, 2.127192497253418, -0.48776865005493164, -0.6328381299972534, -0.32348185777664185, 1.1411406993865967, -0.23434019088745117, 2.8613271713256836, -0.6134169697761536, -1.0023338794708252, 0.027039088308811188, 0.5384106636047363, 0.29990553855895996, -0.42607271671295166, -0.4239691495895386, 1.7997848987579346, 0.5280871987342834, -0.10630950331687927, -0.774634599685669, -1.7466884851455688, 0.09651549160480499, -0.9725817441940308, -1.741622805595398, -0.7722682356834412, 0.9414029717445374, 0.35683783888816833, -0.9552812576293945, 1.5766898393630981, 0.5873343348503113, -1.4761582612991333, 0.3493334650993347, 0.1523607224225998, -0.7576284408569336, -0.193123459815979, 1.14704167842865, -1.4010387659072876, -1.5809916257858276, 0.13017311692237854, -0.6350739002227783, -1.8195860385894775, 0.8648679256439209, -0.4212166666984558, -0.38047313690185547, 0.6367875933647156, 0.9649578928947449, 0.2152995616197586, 0.33097392320632935, 0.49038106203079224, 0.9428691267967224, 0.14240297675132751, 1.1115639209747314, 1.2686187028884888, 0.7185860276222229, 1.1253330707550049]",yunet,Facenet,1920,1080,/home/amos/media/tv/modern_family/Modern.Family.S09.1080p.DSNP.WEB-DL.DDP5.1.H.264-CRFW/Modern.Family.S09E17.Royal.Visit.1080p.DSNP.WEB-DL.DDP5.1.H.264-CRFW.mkv,Modern Family,2009,1442437,9,17,Ed O'Neill,18977.0,0.775
1212,480,228,810,624,684,378,546,384,0.913,29784,0,"[0.24288631975650787, -1.0501817464828491, 0.6948468685150146, 0.769955039024353, 0.6440459489822388, -0.7088842988014221, -0.5231484770774841, 0.5186006426811218, -0.31040531396865845, 0.0005263350903987885, 0.21578818559646606, 0.7377880811691284, -1.658952236175537, 0.09799274802207947, 0.3701440691947937, -0.2696231007575989, 2.0163321495056152, 0.38814884424209595, 0.6946197152137756, -0.5644680261611938, -0.7898831367492676, -1.3086633682250977, 0.6985178589820862, -0.4196752905845642, 1.7635009288787842, -2.0591468811035156, 0.3034907281398773, 3.2199392318725586, 0.5489619374275208, -0.3145943880081177, -1.3970693349838257, 2.080334186553955, -2.4575517177581787, 1.264416217803955, -1.5548404455184937, -0.48675915598869324, 0.5573206543922424, -0.04163045436143875, -1.139467477798462, -1.1923283338546753, -0.7136037945747375, -1.1050302982330322, -0.5632021427154541, 1.348271131515503, -0.5428439378738403, -0.7388500571250916, 0.313762366771698, -1.5976625680923462, -0.9937857389450073, 2.1183102130889893, -0.09593121707439423, 0.36446040868759155, -0.13907286524772644, 0.8866318464279175, 0.5962564945220947, 0.11686745285987854, -0.9724866151809692, 0.7231385707855225, -0.9860669374465942, 0.23614874482154846, -1.7646232843399048, -0.856216311454773, 1.3757281303405762, -0.39446645975112915, 0.42930108308792114, 1.3342002630233765, -0.5720115900039673, 1.803990125656128, -1.2132121324539185, -0.6937639713287354, -1.1739118099212646, -1.0884636640548706, 0.4357452988624573, 1.2253749370574951, -0.2899263799190521, 2.1061551570892334, -0.605160117149353, -0.5881077647209167, -0.7469757795333862, 0.9215624332427979, -0.3446747064590454, 2.208538055419922, 0.0368942990899086, -0.688201904296875, -0.4002363383769989, -0.07527251541614532, 0.5027428269386292, -0.11458447575569153, -0.3641403317451477, 1.146864652633667, 0.576073169708252, -1.359541654586792, -1.1870218515396118, -1.7946622371673584, 0.5544435977935791, -0.7214547991752625, -1.4690443277359009, -0.7106641530990601, 0.7054492235183716, 0.6573646068572998, -1.5200462341308594, 1.4642915725708008, -0.14132696390151978, -2.136723041534424, -0.5145285725593567, -0.038395509123802185, 0.2061958611011505, 0.05004442110657692, 1.4478347301483154, -1.7685567140579224, -1.2352566719055176, 0.8531091213226318, 0.7937175035476685, -2.0532279014587402, 1.5091519355773926, -0.48409247398376465, 1.04965078830719, 0.28122562170028687, -0.009295374155044556, -0.16034330427646637, 0.0887211412191391, 0.2378648817539215, 1.7257460355758667, -0.0928960070014, 0.8767614960670471, 0.8895428776741028, 0.37128162384033203, 1.1117478609085083]",yunet,Facenet,1920,1080,/home/amos/media/tv/modern_family/Modern.Family.S09.1080p.DSNP.WEB-DL.DDP5.1.H.264-CRFW/Modern.Family.S09E17.Royal.Visit.1080p.DSNP.WEB-DL.DDP5.1.H.264-CRFW.mkv,Modern Family,2009,1442437,9,17,Ed O'Neill,18977.0,0.757
1213,1260,414,1452,642,1398,504,1320,498,0.908,29784,1,"[1.0428729057312012, -1.6329880952835083, 0.23327507078647614, 0.29339486360549927, -0.01596147008240223, 0.30930468440055847, 0.9053210616111755, -0.32350870966911316, -1.2003519535064697, 0.12953364849090576, -0.23517784476280212, -2.04367995262146, 0.6046832203865051, 0.7251648902893066, 0.30873510241508484, -1.5415986776351929, 1.185168981552124, -1.959618330001831, -0.044191405177116394, -0.2679580748081207, 0.3408031761646271, -0.7227265238761902, -0.7697755098342896, -0.017768047749996185, 0.7745015621185303, 0.0108785480260849, 1.8621782064437866, -0.09651489555835724, -0.07563735544681549, 1.2240207195281982, -0.5482039451599121, 0.8847243189811707, 0.613723874092102, -1.5238642692565918, 0.9284635782241821, -0.29466697573661804, 0.7098248600959778, -0.6708332300186157, -1.197152853012085, 0.15107786655426025, 2.4235308170318604, 0.2905217409133911, -0.5186905860900879, -0.004559233784675598, -0.6026571393013, -1.71383798122406, 1.796650767326355, 0.6732661724090576, -0.40331321954727173, -0.7818379402160645, -0.4402400851249695, 1.6422885656356812, -0.31061655282974243, -2.2718334197998047, 0.9415958523750305, 1.4690250158309937, 2.5149595737457275, 1.2891148328781128, 0.6738923788070679, -0.25521373748779297, 0.8179606795310974, -0.9152388572692871, 2.205164909362793, 2.2722578048706055, -1.064807653427124, 0.8088419437408447, 0.16270609200000763, 1.7984267473220825, 0.522270143032074, 0.023223521187901497, -0.27166521549224854, -0.7748388051986694, 0.3133220970630646, -0.8912118673324585, -0.8052555918693542, -0.1429876834154129, -0.24054557085037231, -0.528645932674408, -1.1461448669433594, -1.2098623514175415, -0.9169970750808716, 0.6947314739227295, 0.7558419704437256, 0.9085239171981812, 1.2094429731369019, -0.9808123111724854, 1.05556058883667, -1.1351631879806519, -0.12244194000959396, -0.8855332732200623, -1.1749944686889648, 0.0207491647452116, 1.1291290521621704, 0.8089515566825867, 0.5514898300170898, -0.052580345422029495, 1.5387414693832397, -0.5481012463569641, -1.2222506999969482, 1.0960618257522583, -0.3298478126525879, 1.2777254581451416, 0.18380172550678253, 0.13619890809059143, 0.5359848141670227, -1.0503697395324707, 0.21417251229286194, -0.12738542258739471, 0.9990358352661133, 0.11091731488704681, -1.8212746381759644, 0.19932135939598083, 2.3419957160949707, 0.4316370487213135, -1.879686951637268, -1.2616333961486816, -0.04116954654455185, 1.2270612716674805, 1.2267552614212036, 0.1734725385904312, 1.0607340335845947, 1.6557133197784424, 0.18325595557689667, -0.7406291365623474, 0.729037880897522, 0.993244469165802, -0.08956924080848694, 0.630390465259552]",yunet,Facenet,1920,1080,/home/amos/media/tv/modern_family/Modern.Family.S09.1080p.DSNP.WEB-DL.DDP5.1.H.264-CRFW/Modern.Family.S09E17.Royal.Visit.1080p.DSNP.WEB-DL.DDP5.1.H.264-CRFW.mkv,Modern Family,2009,1442437,9,17,Jeremy Maguire,1676910.0,0.503
1214,834,216,1170,672,1098,396,936,390,0.928,29808,0,"[-0.5632278919219971, 0.086215540766716, 0.5134394764900208, 0.5021592378616333, 0.43115782737731934, -0.9945199489593506, -0.8056000471115112, 1.091594934463501, -0.5120815634727478, -0.6463323831558228, -0.46016260981559753, 1.2516372203826904, -0.8509534001350403, -0.33191579580307007, 1.2068707942962646, -0.5290453433990479, 1.2777384519577026, 1.4545505046844482, 0.7038064002990723, -0.4543769061565399, -1.4119099378585815, -0.5677627325057983, -1.2524373531341553, 0.8650105595588684, 1.0164393186569214, -0.6706327199935913, -0.7348692417144775, 3.4263925552368164, 2.2992379665374756, -1.4360952377319336, -0.1437256634235382, 1.3712375164031982, -0.8069381713867188, 0.2200334072113037, -0.6742017269134521, -0.13000406324863434, 0.06674008071422577, -1.6268705129623413, -1.505852460861206, -0.18646597862243652, 0.023225639015436172, 0.18092747032642365, 0.018982119858264923, 1.5068578720092773, 0.07091451436281204, 0.17641308903694153, -0.0807487964630127, -1.3175736665725708, -0.2521500587463379, 0.2035653442144394, 0.8040571212768555, -0.12824313342571259, -0.8742174506187439, 2.0819942951202393, 0.2552798390388489, 0.9414827823638916, -1.6025848388671875, -1.0478622913360596, -0.6943424344062805, 1.0600517988204956, -0.11085658520460129, 0.0004049241542816162, 0.5944254994392395, -0.24660798907279968, 0.5329914689064026, 2.4005351066589355, -0.021032504737377167, 2.014364004135132, 0.7730394601821899, -0.7265137434005737, -1.4035959243774414, 0.32514557242393494, 1.2024688720703125, 1.2051589488983154, 0.10617886483669281, 1.6393436193466187, 0.1319909542798996, -0.2152901142835617, 0.21496006846427917, 2.0250349044799805, -0.8784825801849365, 2.212056875228882, -0.7878109812736511, -1.6985770463943481, -0.22856149077415466, -1.2982243299484253, 0.12283779680728912, -0.052020907402038574, 0.5070557594299316, 2.381039619445801, 0.3197547197341919, 0.42179760336875916, -1.654201865196228, -1.4136762619018555, -0.600799024105072, -1.2324057817459106, -0.6499565243721008, -0.27471011877059937, 1.6772868633270264, 0.9240394830703735, -1.0065877437591553, 1.5166174173355103, 0.14138075709342957, -0.2569386959075928, 0.644960880279541, 0.5652162432670593, -0.33766961097717285, 0.2296048253774643, 0.5441787242889404, -1.3572808504104614, -0.811626136302948, 0.6215444207191467, -0.42228615283966064, -2.3669984340667725, 1.255837321281433, 0.9292894601821899, 1.2682099342346191, 0.40121912956237793, 1.404022455215454, -0.7616496086120605, -0.10106588900089264, 0.9094479084014893, 1.5004127025604248, 0.44147831201553345, 1.171038269996643, 0.21890708804130554, -0.13044330477714539, 0.5826285481452942]",yunet,Facenet,1920,1080,/home/amos/media/tv/modern_family/Modern.Family.S09.1080p.DSNP.WEB-DL.DDP5.1.H.264-CRFW/Modern.Family.S09E17.Royal.Visit.1080p.DSNP.WEB-DL.DDP5.1.H.264-CRFW.mkv,Modern Family,2009,1442437,9,17,Ed O'Neill,18977.0,0.671
1215,1224,420,1428,678,1344,522,1260,522,0.916,29832,0,"[1.3538798093795776, -0.9507497549057007, 0.4084685742855072, 0.12084382027387619, -0.24399569630622864, -0.13632932305335999, 0.865044116973877, -0.8760637640953064, -1.4175981283187866, 0.7108816504478455, 0.05364453047513962, -1.8027880191802979, 0.35011112689971924, 0.5166478157043457, 0.7378867864608765, -1.7037851810455322, 1.527456521987915, -1.9255406856536865, 0.2586204707622528, -0.5234150886535645, 0.5304954051971436, -1.5168694257736206, -0.7418757081031799, 0.7078737616539001, 0.587273120880127, -0.13077041506767273, 1.6143629550933838, 0.4362390339374542, -0.15349286794662476, 1.004873514175415, -0.1628633439540863, 1.2087883949279785, 0.02648124098777771, -1.0340912342071533, 0.46768918633461, -0.6758690476417542, 0.5336586236953735, -0.9341856837272644, -0.6283361315727234, 0.19589346647262573, 2.1293888092041016, 0.0803043469786644, -0.33357876539230347, -0.5296905040740967, -0.35115379095077515, -1.0591716766357422, 1.9716600179672241, 0.8073866367340088, -0.048902727663517, -0.767879843711853, -0.5656977295875549, 1.5661226511001587, -0.6235226988792419, -1.7867909669876099, 1.115096092224121, 1.42018723487854, 2.1011016368865967, 1.3288143873214722, 0.7544799447059631, 0.09672439843416214, 0.8355635404586792, -1.0359327793121338, 2.4296481609344482, 2.188330888748169, -0.6321337819099426, 0.8964868187904358, 0.14081670343875885, 1.8403574228286743, 0.4580335319042206, 0.37019580602645874, -0.3781597316265106, -0.6228294372558594, 1.151857852935791, -0.29121628403663635, -1.1475661993026733, -0.12863729894161224, -0.10571622103452682, -0.6692727208137512, -1.1501835584640503, -1.248520016670227, -1.0923274755477905, 0.643119215965271, 0.762474000453949, 0.20542432367801666, 0.8326494097709656, -0.5730545520782471, 0.4987296462059021, -1.5222203731536865, -0.16395197808742523, -0.820041835308075, -0.644028902053833, 0.5507698655128479, 1.425324559211731, 0.8858120441436768, 1.4613488912582397, -0.25625061988830566, 1.3219479322433472, 0.41726353764533997, -1.465378761291504, 0.7866472005844116, -0.4791191816329956, 1.3889538049697876, 0.46008774638175964, -0.07516656070947647, 0.335431307554245, -0.8312426805496216, 0.029789604246616364, 0.5179345607757568, 0.47357046604156494, -0.34279778599739075, -2.4486544132232666, 0.475056529045105, 1.9214483499526978, -0.13699698448181152, -1.7965694665908813, -0.7361202239990234, 0.17745108902454376, 1.1119548082351685, 1.1635637283325195, 0.6912355422973633, 0.3048864006996155, 1.6627113819122314, 0.8438276648521423, -1.1074419021606445, 0.6394394636154175, 1.016584873199463, 0.2159900963306427, 0.39377355575561523]",yunet,Facenet,1920,1080,/home/amos/media/tv/modern_family/Modern.Family.S09.1080p.DSNP.WEB-DL.DDP5.1.H.264-CRFW/Modern.Family.S09E17.Royal.Visit.1080p.DSNP.WEB-DL.DDP5.1.H.264-CRFW.mkv,Modern Family,2009,1442437,9,17,,,
1216,1320,282,1548,600,1410,414,1338,414,0.903,29856,0,"[-0.034674420952796936, -0.37652289867401123, 0.04879053682088852, -1.3854256868362427, -0.7542511224746704, 0.23132747411727905, -0.0792509987950325, -0.030415277928113937, -1.306058645248413, 2.1733009815216064, -0.07790490984916687, 2.9744579792022705, 1.1355820894241333, -0.45188552141189575, -0.27952978014945984, 1.6006579399108887, 1.1461504697799683, -1.893977165222168, 0.42801135778427124, 1.6597214937210083, 1.4068677425384521, 0.7632776498794556, -0.6132482290267944, -1.418104648590088, -0.730691134929657, 0.0722370371222496, 0.5250431299209595, 0.046247657388448715, 1.8032119274139404, -0.9907487034797668, 0.0399421863257885, 0.07203550636768341, 2.7452569007873535, -1.359201192855835, 1.9288859367370605, 0.8397238850593567, -0.7307299375534058, 0.045025378465652466, 0.20249581336975098, -1.0705537796020508, -1.9007858037948608, 2.1395018100738525, -1.376810073852539, 0.11711905896663666, -1.5832947492599487, -1.1157841682434082, -1.7344776391983032, 0.43262922763824463, -1.852371096611023, -0.27672094106674194, 0.6168165802955627, 0.6834090352058411, -0.6284374594688416, 0.27029186487197876, 0.9948536157608032, 0.25623440742492676, -0.21631939709186554, 0.7193277478218079, -1.0230441093444824, -1.0565850734710693, -0.3467124104499817, 0.15566115081310272, -0.8810154795646667, -0.8943690061569214, 0.5344043970108032, -0.2134944051504135, 0.8491024971008301, 1.1272611618041992, 1.1148440837860107, 0.5951234102249146, 0.08982552587985992, 0.39740273356437683, -2.6438052654266357, 0.3126556873321533, 1.933714747428894, 0.4482744336128235, -0.025026045739650726, -2.0098373889923096, 1.1602994203567505, -1.0618855953216553, 1.2438510656356812, 0.3497333824634552, -0.4692074656486511, -0.1917921006679535, 0.32680875062942505, -0.521084189414978, 0.059858955442905426, -0.08220207691192627, -0.41262492537498474, -0.21143220365047455, -2.9190266132354736, 0.23548361659049988, 1.224654197692871, 0.2178272306919098, 0.09290601313114166, 0.5307788848876953, 0.16066257655620575, -0.2844819128513336, 1.3224644660949707, 0.12391030043363571, -0.06381606310606003, 0.05477520823478699, -2.3698067665100098, 0.18345174193382263, -0.2368072271347046, -0.0030065830796957016, 0.8837707042694092, -1.2983053922653198, 1.3433572053909302, 0.33301419019699097, 0.3906209468841553, 0.9460669755935669, 0.39518582820892334, -0.5201395750045776, 0.21757125854492188, 1.2217413187026978, -0.565579891204834, 0.8186444640159607, 0.847675621509552, -0.5574103593826294, 1.2849303483963013, -5.89955598115921e-05, -0.09724345803260803, 0.09292775392532349, 2.736969232559204, 1.061540126800537, -0.033156752586364746, 0.807287335395813]",yunet,Facenet,1920,1080,/home/amos/media/tv/modern_family/Modern.Family.S09.1080p.DSNP.WEB-DL.DDP5.1.H.264-CRFW/Modern.Family.S09E17.Royal.Visit.1080p.DSNP.WEB-DL.DDP5.1.H.264-CRFW.mkv,Modern Family,2009,1442437,9,17,Sofía Vergara,63522.0,0.666
1217,876,162,1080,426,990,264,906,264,0.9,30024,0,"[-0.2642747163772583, -0.12778766453266144, 0.6880351901054382, -0.8561831712722778, 1.4663193225860596, -0.9277935028076172, 0.8047431707382202, 1.4663044214248657, 0.16674336791038513, -0.387993723154068, -0.8251375555992126, 1.959060549736023, -0.9366216063499451, 0.16299128532409668, 0.41079503297805786, 0.2688458561897278, -0.7016814947128296, 0.34363406896591187, 0.6654244661331177, -0.32106688618659973, -0.6835898160934448, -1.249068260192871, -1.0619163513183594, 0.2381976842880249, -0.9098444581031799, -0.8143458962440491, -0.14157389104366302, 2.652886390686035, -0.4742776155471802, -0.6788915395736694, -2.1849052906036377, 2.099870443344116, -2.7016024589538574, 0.3752315938472748, -1.9551630020141602, -1.5786534547805786, -0.8863049745559692, -1.2506661415100098, 0.8070433735847473, -1.5523312091827393, -0.11615298688411713, -1.676404356956482, -1.120463490486145, 0.6547405123710632, 0.31660038232803345, -1.286957025527954, -0.20276983082294464, -2.1087560653686523, -0.12671202421188354, 0.64461350440979, -0.9795399308204651, 1.2496516704559326, -0.7260777950286865, -0.6508983969688416, 0.017458325251936913, -0.19171765446662903, -0.5666207075119019, 0.07788366079330444, -0.3198660910129547, 1.5400677919387817, -2.1673429012298584, -0.4486958980560303, 1.1571931838989258, -0.8706585764884949, -0.020510904490947723, 1.4002131223678589, 0.6682037115097046, 0.5582751035690308, 0.47164279222488403, -0.04329635202884674, -0.9688591957092285, -0.09485849738121033, 0.567587673664093, 1.6763852834701538, -0.17522688210010529, 0.053932175040245056, -1.9548869132995605, -0.7431747913360596, -0.29805511236190796, 0.37678611278533936, 0.39201584458351135, 0.23201888799667358, -0.33478227257728577, -1.7488938570022583, -1.1358710527420044, -0.2593165636062622, -0.26570868492126465, -0.07399357855319977, -0.18232296407222748, 1.802188754081726, 0.9264963269233704, -1.6936978101730347, -1.9438384771347046, -2.1002063751220703, -0.07641103863716125, -0.9782820343971252, -1.1061437129974365, -0.8262651562690735, 0.8754827976226807, 1.164488434791565, -2.083738327026367, 0.43434813618659973, -0.5132620930671692, -1.1283208131790161, 0.06363663822412491, -0.4522310495376587, 0.7440299391746521, -1.0447853803634644, -0.6078730225563049, 1.2254056930541992, 0.30914306640625, 1.2563380002975464, 0.3939720094203949, -1.4863615036010742, 1.88529372215271, -0.06601502001285553, 0.7616353034973145, 1.0222196578979492, -0.10129635781049728, -0.4909302592277527, -0.3654589056968689, 1.313057780265808, 1.206744909286499, 0.9416923522949219, -0.8427101373672485, 0.05636564642190933, -0.17916864156723022, 0.0010039247572422028]",yunet,Facenet,1920,1080,/home/amos/media/tv/modern_family/Modern.Family.S09.1080p.DSNP.WEB-DL.DDP5.1.H.264-CRFW/Modern.Family.S09E17.Royal.Visit.1080p.DSNP.WEB-DL.DDP5.1.H.264-CRFW.mkv,Modern Family,2009,1442437,9,17,,,
1218,888,156,1116,432,1062,258,954,258,0.907,30072,0,"[0.5651758909225464, -0.26113373041152954, 0.035390838980674744, -0.20989161729812622, 2.256415367126465, -0.9923099279403687, 0.8591468334197998, 0.10607589781284332, 0.6766579151153564, 0.5172216296195984, -0.4920346140861511, 1.1135263442993164, -1.665579080581665, 0.3467878997325897, 1.0706907510757446, -0.31743377447128296, 1.2886914014816284, -0.08118673413991928, 0.30699479579925537, -1.6602931022644043, -1.1606098413467407, -1.9294819831848145, -1.031273603439331, 1.8238672018051147, 0.6144872903823853, -0.41074138879776, 0.35564616322517395, 2.223498821258545, 1.0057615041732788, -0.0854358896613121, -0.4378676116466522, 1.7409260272979736, -2.5272276401519775, 1.0885412693023682, -1.0267114639282227, -0.9612917900085449, -0.956500232219696, 0.04393225535750389, -0.13468673825263977, 0.42435938119888306, -0.6761151552200317, -1.6238120794296265, 0.015811212360858917, 0.9132033586502075, 0.31464511156082153, -0.5347208976745605, -0.5816812515258789, -0.6187471151351929, -0.008990712463855743, -0.5522439479827881, -0.10139429569244385, 0.07075716555118561, -1.6634536981582642, 0.7902473211288452, -0.17031390964984894, 0.6192319393157959, -0.561245322227478, -0.3963346779346466, 0.3274443745613098, 0.9591569900512695, -2.4164202213287354, -0.2351839393377304, 1.2074768543243408, -0.6493849158287048, 0.09395825862884521, 1.7538130283355713, -0.9025301933288574, 1.639530062675476, 0.6290358901023865, -0.7000582218170166, -0.9819746017456055, -0.4397677481174469, 1.2552073001861572, 1.9873114824295044, -1.101623296737671, 0.41018369793891907, 0.03136684000492096, -1.1686228513717651, -1.4829425811767578, 0.4625580310821533, -0.6485146284103394, 1.1271920204162598, -1.147438645362854, -1.5911154747009277, -1.9802807569503784, -0.6937395334243774, 0.5670022964477539, -1.038887619972229, 0.11384008824825287, 2.054591417312622, 0.870532751083374, -1.0482714176177979, -0.6049366593360901, -2.5630290508270264, 0.2207067906856537, -0.6432371735572815, -0.2365199625492096, -0.11105842143297195, 0.6907191276550293, 1.7484999895095825, -2.4500670433044434, 0.3152709901332855, -0.027024418115615845, -0.658037543296814, 0.03432365506887436, -0.04342561960220337, -0.09450776875019073, -1.2912837266921997, 0.6816089749336243, -0.8426321744918823, 0.2969212532043457, 0.03529469668865204, 0.008861109614372253, -2.2229883670806885, 2.1615817546844482, 0.30367186665534973, 0.8975701332092285, 1.5343681573867798, 0.9364402890205383, -0.11480160057544708, -0.5642211437225342, 1.7463270425796509, 1.5888640880584717, -0.03540034592151642, -0.9167674779891968, 1.7343238592147827, 0.2834179699420929, -0.4839077293872833]",yunet,Facenet,1920,1080,/home/amos/media/tv/modern_family/Modern.Family.S09.1080p.DSNP.WEB-DL.DDP5.1.H.264-CRFW/Modern.Family.S09E17.Royal.Visit.1080p.DSNP.WEB-DL.DDP5.1.H.264-CRFW.mkv,Modern Family,2009,1442437,9,17,Ed O'Neill,18977.0,0.535
1219,888,114,1158,456,1098,240,972,246,0.907,30120,0,"[0.1775645911693573, -0.2534077763557434, 0.7411478161811829, 1.2976106405258179, 1.9622429609298706, -1.230554461479187, 1.0840117931365967, 0.34214314818382263, 0.15602681040763855, 0.04613332077860832, -0.32056164741516113, 0.356778621673584, -1.2688021659851074, 0.24473968148231506, 1.215422511100769, -0.9357312321662903, 2.0797019004821777, 0.20598013699054718, 0.397073358297348, -0.21611133217811584, -0.3702011704444885, -1.810625672340393, 0.22897636890411377, -0.060299426317214966, 1.5474506616592407, -0.6448686718940735, 0.45114609599113464, 3.4680166244506836, 0.47326600551605225, -1.1157474517822266, -1.1077566146850586, 1.610885739326477, -2.756383180618286, 0.5202157497406006, -0.8108059167861938, -0.8553948998451233, -0.3995445966720581, -0.6922416687011719, -0.7367379665374756, -0.5866967439651489, -1.3181873559951782, -0.9744253754615784, -0.013530537486076355, 0.8110945820808411, 0.5726686716079712, 0.21703676879405975, -0.7902212142944336, -1.3595930337905884, 0.22689490020275116, 0.9546012878417969, 0.013401336967945099, 0.5619297623634338, -1.424962043762207, -0.002942584455013275, 0.5759889483451843, 0.2276425063610077, -2.7157366275787354e-06, 0.7497307062149048, 0.42093387246131897, 0.6135920882225037, -1.9218924045562744, 0.010998941957950592, 1.8871493339538574, -0.5157886147499084, -0.5005125999450684, 1.7281230688095093, -0.6680188775062561, 1.1311689615249634, 0.3913288712501526, -0.14844083786010742, -1.3742125034332275, -1.325415849685669, 0.8619698882102966, 1.171294927597046, -1.1145297288894653, 1.3577769994735718, -0.4510764181613922, -1.1100021600723267, -1.2934473752975464, 1.2570807933807373, -0.08063414692878723, 2.686889886856079, 0.45527976751327515, -1.9847967624664307, -1.400986909866333, -0.11664675921201706, 0.5217372179031372, -0.2721758484840393, -0.6073778867721558, 1.7423067092895508, 0.7920876741409302, -0.6494755744934082, -1.2087715864181519, -1.5283458232879639, -0.30937686562538147, -1.347580909729004, -1.026870608329773, -0.5223900079727173, 0.876653254032135, 2.1898653507232666, -2.503404378890991, 0.5610967874526978, 0.22236992418766022, -0.8676270246505737, 0.06775524467229843, -0.5121634602546692, 0.8028364777565002, 0.4112882912158966, 0.8228501677513123, -0.9578304290771484, -0.8062276244163513, -0.0993867814540863, 0.3406608998775482, -1.2870044708251953, 2.1331849098205566, 0.1618029773235321, 1.7902019023895264, 1.2513890266418457, 1.3313654661178589, -0.7533791661262512, 0.9268673062324524, 1.4019486904144287, 0.9736155271530151, -0.6135833263397217, -0.3314664959907532, 0.7256045937538147, 0.20256121456623077, -0.049302563071250916]",yunet,Facenet,1920,1080,/home/amos/media/tv/modern_family/Modern.Family.S09.1080p.DSNP.WEB-DL.DDP5.1.H.264-CRFW/Modern.Family.S09E17.Royal.Visit.1080p.DSNP.WEB-DL.DDP5.1.H.264-CRFW.mkv,Modern Family,2009,1442437,9,17,Ed O'Neill,18977.0,0.571
