,x1,y1,x2,y2,left_eye_x,left_eye_y,right_eye_x,right_eye_y,confidence,frame_num,face_num,encoding,detection_backend,recognition_model,img_width,img_height,filepath,title,year,imdb_id,season,episode,predicted_name,predicted_tmdb_id,predicted_confidence
0,864,108,1110,426,1050,240,942,240,0.91,72,0,"[-1.59475576877594, -0.2693693935871124, 0.18020424246788025, -0.3936944603919983, 1.3350155353546143, -1.824393630027771, -0.5358283519744873, 1.0307095050811768, -0.23752984404563904, -0.41099119186401367, 0.6385349631309509, -0.650977611541748, 0.16126777231693268, -0.7916998863220215, -0.09713959693908691, 1.5731443166732788, -0.6204941272735596, -0.844849705696106, -1.8415865898132324, -0.30263394117355347, 0.8508298397064209, 0.6974362134933472, 0.4040146470069885, 0.8215972185134888, -0.7858595252037048, 0.8305186033248901, -0.6829384565353394, -0.4191855192184448, 0.5069595575332642, -1.8532291650772095, -0.34873268008232117, -0.26017817854881287, 0.21282216906547546, -0.656749963760376, 0.9603932499885559, 2.6415295600891113, -1.7577465772628784, 0.08305245637893677, 1.149404525756836, -0.5232473611831665, -0.44720226526260376, -0.0004729069769382477, -0.017422109842300415, -0.4770510792732239, -0.7022832036018372, 1.1993978023529053, 0.04782627150416374, -1.2005354166030884, -2.1410603523254395, -0.6578593254089355, -0.8914151787757874, -1.3558692932128906, -0.5234196186065674, 1.1107888221740723, -0.8407355546951294, -0.6203743815422058, 0.015588004142045975, -0.81809002161026, -0.25280722975730896, 0.6235174536705017, -0.46790745854377747, -1.0685656070709229, -2.5382792949676514, -0.7862620949745178, 0.7788240909576416, -1.8073620796203613, 0.33034148812294006, -1.5588709115982056, 0.7741548418998718, 1.3030531406402588, 0.02203654870390892, 1.4385970830917358, -2.2666730880737305, 0.7978663444519043, 1.5596247911453247, -0.08699394762516022, 0.4487610161304474, 1.5628358125686646, 0.9996605515480042, 0.12284252047538757, 1.1185340881347656, -1.139232873916626, -0.08937269449234009, -1.6378834247589111, -0.014684982597827911, 0.18573585152626038, 0.8780635595321655, -0.9239904880523682, -1.6292810440063477, 0.012721531093120575, 1.4542657136917114, 0.25707387924194336, -1.174147605895996, -1.655125617980957, -0.6638344526290894, 0.44582369923591614, -0.9357574582099915, 0.26438814401626587, 0.8118857741355896, -0.8320424556732178, -2.276272773742676, -1.1039384603500366, -1.0134364366531372, 0.6239005923271179, 1.7356351613998413, -0.9313912391662598, 1.4471242427825928, -0.6569539308547974, -0.22529441118240356, 1.0762501955032349, 1.30597984790802, -0.8947951793670654, 0.5378475189208984, 0.7706840634346008, 0.09384305775165558, 0.28664669394493103, 1.2185803651809692, 0.30149543285369873, -0.6209143400192261, -0.006703884340822697, 0.6664051413536072, -1.1801440715789795, -0.7682275176048279, 0.6584035158157349, -0.12269173562526703, -1.225224256515503, -1.1503093242645264, 0.3043672740459442]",yunet,Facenet,1920,1080,/home/amos/media/tv/modern_family/Modern.Family.S09.1080p.DSNP.WEB-DL.DDP5.1.H.264-CRFW/Modern.Family.S09E21.The.Escape.1080p.DSNP.WEB-DL.DDP5.1.H.264-CRFW.mkv,Modern Family,2009,1442437,9,21,Julie Bowen,31171.0,0.732
1,300,144,462,354,414,222,336,222,0.934,96,0,"[-1.0163739919662476, -0.041250649839639664, 0.21210283041000366, -0.3327132761478424, 1.9874216318130493, -1.6512250900268555, -1.4985016584396362, 0.6333942413330078, -0.02518656477332115, -0.8815739154815674, 1.5557535886764526, -0.47728607058525085, 0.40371644496917725, -0.7091718912124634, -0.20067864656448364, 1.306404948234558, 0.4633663296699524, -0.19457873702049255, -1.3293545246124268, 0.36238521337509155, 0.024654895067214966, 0.8478080630302429, 0.6242250800132751, 0.7640813589096069, -0.5719836354255676, 0.945968747138977, -0.909063458442688, 0.2330990731716156, 0.9828119874000549, -1.9841411113739014, -0.34794971346855164, -0.30106446146965027, -0.22081270813941956, -0.7385978102684021, 0.2151762843132019, 2.968505620956421, -1.6640598773956299, 0.5774372816085815, 0.46671053767204285, -0.7609609365463257, -0.15155825018882751, -0.1815941482782364, 0.2447216808795929, -0.12622278928756714, -0.6292680501937866, 0.4160155951976776, -0.5809298753738403, -1.3994898796081543, -1.383084774017334, -0.29645758867263794, -0.2516162395477295, -2.280783176422119, -0.683658242225647, 1.3931753635406494, -1.1653234958648682, -0.6770696043968201, 0.8010920882225037, -1.524841547012329, -1.0476011037826538, 0.6541627645492554, -0.5247549414634705, -0.7309038043022156, -1.3652740716934204, 0.32761529088020325, 0.12551826238632202, -1.5138527154922485, 0.3418578803539276, -2.140568256378174, 1.1315068006515503, 1.7439104318618774, -0.4314020872116089, 1.7600278854370117, -2.8834939002990723, 1.6446938514709473, 1.9376311302185059, -0.05079254135489464, 0.3570196330547333, 1.1357789039611816, 1.0123552083969116, 0.4606953263282776, 0.7519165277481079, -0.4390459954738617, -0.10925590991973877, -1.5824285745620728, 0.4115692973136902, 0.5659835338592529, 1.129899501800537, -0.7128695249557495, -1.9024780988693237, -0.5059675574302673, 1.6404777765274048, 0.1487678438425064, -0.7513195872306824, -1.5145981311798096, -0.1520567536354065, -0.564845621585846, -0.9187082648277283, 0.21670809388160706, 0.278793603181839, -1.9382520914077759, -2.0374321937561035, -0.8837019205093384, -0.5628883242607117, 0.5687664747238159, 2.2487258911132812, -0.30914831161499023, 1.1319533586502075, -1.152634620666504, -0.2851142883300781, 0.34759488701820374, 1.3395168781280518, -0.3824670910835266, -0.3000161945819855, 1.4431066513061523, -0.05673977732658386, 0.1805092841386795, 1.061811923980713, -0.11822158098220825, -0.7907887697219849, 0.3709474802017212, 0.21190586686134338, -0.45625951886177063, 0.1651010513305664, -0.07291185855865479, -0.019555985927581787, -1.4902892112731934, -1.2192838191986084, 0.47048112750053406]",yunet,Facenet,1920,1080,/home/amos/media/tv/modern_family/Modern.Family.S09.1080p.DSNP.WEB-DL.DDP5.1.H.264-CRFW/Modern.Family.S09E21.The.Escape.1080p.DSNP.WEB-DL.DDP5.1.H.264-CRFW.mkv,Modern Family,2009,1442437,9,21,Julie Bowen,31171.0,0.795
2,348,120,498,312,450,198,384,198,0.928,120,0,"[-0.6165868043899536, 0.0897161066532135, -0.35393691062927246, -0.16331054270267487, 1.7431544065475464, -1.4282599687576294, -0.9109870195388794, 0.4425717890262604, -0.3022329807281494, -0.041571617126464844, 1.3672049045562744, 0.13069558143615723, 0.9296051859855652, -0.6761682033538818, 0.0795167088508606, 1.4825061559677124, -0.12721790373325348, -0.5572447776794434, -1.4557278156280518, 0.2286621630191803, -0.051316969096660614, 0.9305852651596069, 0.3409003019332886, 0.4720732569694519, -0.7508735060691833, 0.2041236162185669, -1.2858407497406006, 0.5064879655838013, 0.9259600639343262, -1.9157192707061768, -0.06357607245445251, -0.58472740650177, 0.3726165294647217, -1.1814827919006348, 0.26014718413352966, 2.351687431335449, -1.8831934928894043, 1.0436724424362183, 0.8824061155319214, -0.6967543363571167, -0.1664993017911911, 0.29704129695892334, 0.5345906019210815, -0.9125106334686279, -1.4181636571884155, 0.17599189281463623, -0.71762615442276, -1.3788838386535645, -1.3685308694839478, -0.571675181388855, 0.023960042744874954, -1.81446373462677, -0.5821996927261353, 1.0535345077514648, -0.7230018973350525, -0.6261082887649536, 0.6735386848449707, -1.0891705751419067, -0.6188793182373047, 0.5979816317558289, -0.1699022650718689, -0.8585414886474609, -1.6026102304458618, -0.06193174049258232, 1.0802136659622192, -1.8834985494613647, 0.6205296516418457, -1.8106682300567627, 0.6106729507446289, 1.862408995628357, -0.19207817316055298, 1.7757070064544678, -2.5533199310302734, 1.6244739294052124, 2.0749030113220215, 0.22982807457447052, 0.6512327194213867, 1.2395023107528687, 1.2207616567611694, 0.5259709358215332, 1.296671986579895, 0.15006721019744873, 0.1454043686389923, -1.6032308340072632, -0.6537132263183594, 0.5882670879364014, 0.6489718556404114, -0.782044529914856, -1.8729753494262695, -0.2582131326198578, 1.643621802330017, 0.10737372189760208, -0.632543683052063, -1.1928393840789795, -0.14851771295070648, -0.6084844470024109, -1.1966906785964966, 0.502744734287262, 0.5987560749053955, -1.6644423007965088, -2.3168506622314453, -1.4470449686050415, -1.2754685878753662, 0.789414644241333, 2.108370065689087, -0.6355647444725037, 1.383102297782898, -1.123528242111206, 0.1955050826072693, 0.8069905638694763, 1.291735053062439, -0.0006443038582801819, -0.4272702634334564, 1.479203462600708, 0.12349002808332443, -0.28398194909095764, 0.9579962491989136, -0.03415706753730774, -0.5907650589942932, 0.585166335105896, 0.26016753911972046, -0.627776026725769, -0.0733235776424408, 0.21578212082386017, 0.05430685356259346, -0.7132874727249146, -1.2597614526748657, -0.01943959668278694]",yunet,Facenet,1920,1080,/home/amos/media/tv/modern_family/Modern.Family.S09.1080p.DSNP.WEB-DL.DDP5.1.H.264-CRFW/Modern.Family.S09E21.The.Escape.1080p.DSNP.WEB-DL.DDP5.1.H.264-CRFW.mkv,Modern Family,2009,1442437,9,21,Julie Bowen,31171.0,0.761
3,1338,228,1428,342,1410,270,1368,270,0.906,120,1,"[-1.2705293893814087, -0.5966358184814453, 0.5564948916435242, 0.6612653136253357, 1.710128903388977, -0.674172043800354, -0.11310871690511703, -0.8514004349708557, 0.813935399055481, 3.0780065059661865, -0.8405297994613647, 1.2442495822906494, 0.19864623248577118, -0.4372897148132324, -0.16604068875312805, 1.1140339374542236, -0.4938742220401764, -0.9221881031990051, -0.9136746525764465, 0.627763032913208, 0.30309951305389404, 0.0251231100410223, 0.2236126959323883, 1.421689748764038, -1.0500380992889404, -0.2153201699256897, 1.457999587059021, -1.1215652227401733, 2.581472158432007, 1.8612462282180786, 0.006206586956977844, -2.19769549369812, -0.37830838561058044, -1.6209197044372559, 1.1795564889907837, -0.6079003214836121, -2.371173620223999, 0.9393439292907715, -0.8426323533058167, -1.9986038208007812, -0.5778056383132935, -0.7894026041030884, -0.49432000517845154, 1.9643471240997314, 0.12028912454843521, -1.6198278665542603, -0.20905685424804688, -0.64255690574646, -0.8691209554672241, 0.9855942726135254, -0.919914186000824, 1.0824613571166992, 1.5510854721069336, -0.44048136472702026, -0.769851803779602, -1.875081181526184, 0.2923566401004791, -0.758787214756012, 1.0834113359451294, 0.3966085910797119, -0.27821090817451477, 0.7017450332641602, 0.11564552038908005, -1.4022201299667358, -1.519148588180542, 1.6257840394973755, -0.265715628862381, -0.34426161646842957, 0.11724496632814407, 1.69965660572052, -0.4687102437019348, -1.8323743343353271, -0.1707538515329361, -0.47814875841140747, 0.4057847559452057, -0.6172345876693726, 0.420272558927536, -0.5716787576675415, 0.9994370341300964, -1.4606232643127441, 0.2518565058708191, -0.6231104135513306, -0.1279931664466858, 0.49621203541755676, -0.30502453446388245, 0.8913527727127075, -0.04099340736865997, -0.5228595733642578, 0.3479454219341278, -0.8910080790519714, -0.6103300452232361, 0.8013834953308105, 0.04798717424273491, 0.31447020173072815, 0.9734394550323486, 0.10756517946720123, -0.2985503673553467, -0.7526283860206604, -0.8370412588119507, -0.6542140245437622, -0.5214916467666626, 1.0689680576324463, -0.4191650152206421, 0.828545331954956, 1.687949299812317, 0.38061654567718506, 0.3134125769138336, 0.269612193107605, 0.18387246131896973, 1.2659790515899658, 1.7483545541763306, 0.20552977919578552, -0.017031647264957428, 1.160041093826294, -1.479362964630127, -0.37533634901046753, -1.1837061643600464, -0.7232394814491272, -1.8960851430892944, -0.6351019144058228, 1.8036534786224365, -0.6903315782546997, -1.5796856880187988, -1.60740065574646, 0.46425682306289673, 0.11992865055799484, 2.05769681930542, -1.3227418661117554]",yunet,Facenet,1920,1080,/home/amos/media/tv/modern_family/Modern.Family.S09.1080p.DSNP.WEB-DL.DDP5.1.H.264-CRFW/Modern.Family.S09E21.The.Escape.1080p.DSNP.WEB-DL.DDP5.1.H.264-CRFW.mkv,Modern Family,2009,1442437,9,21,Sarah Hyland,91351.0,0.687
4,324,132,468,318,432,204,366,198,0.921,144,0,"[-0.9985984563827515, 0.6794005632400513, -0.49370673298835754, 0.10375436395406723, 2.003221035003662, -1.877726674079895, -1.1462737321853638, 0.5247839689254761, 0.48977288603782654, -0.9850677251815796, 1.0727567672729492, 0.0525943860411644, 0.8370756506919861, -0.814446210861206, 0.2742931544780731, 1.5827986001968384, -0.30928146839141846, -0.29717522859573364, -1.6926242113113403, 0.6527324914932251, -0.17641231417655945, 1.3911529779434204, 0.5848376750946045, 1.3222819566726685, -0.5321244597434998, 0.7164337635040283, -1.4497123956680298, -0.07742534577846527, 1.0489614009857178, -1.707171082496643, 0.08265133202075958, -0.9673026204109192, -0.15465912222862244, -0.6211742162704468, 0.8603691458702087, 2.336289167404175, -1.6885548830032349, 0.9503580927848816, 0.7523936629295349, 0.2400829941034317, -0.35000932216644287, 0.31731709837913513, 0.7073922157287598, -0.44631969928741455, -0.8693179488182068, 0.7090615630149841, -0.8480324745178223, -1.2370604276657104, -1.1152373552322388, -0.21078848838806152, 0.03486666455864906, -1.8048653602600098, -0.11435890942811966, 1.2598042488098145, -1.1694669723510742, -0.9884729981422424, 0.6703178882598877, -1.2425123453140259, -1.2097952365875244, 0.8716893196105957, -0.057105302810668945, -0.5516093969345093, -2.206342935562134, -0.525275707244873, 0.4576345682144165, -1.8879154920578003, 0.6436857581138611, -2.040916919708252, 0.8882227540016174, 1.2826991081237793, 0.3959333300590515, 1.67396879196167, -2.679119825363159, 1.4429669380187988, 1.4205185174942017, -0.6135351657867432, 0.8698420524597168, 1.3921905755996704, 0.9174501299858093, -0.036369431763887405, 1.3655890226364136, -0.3784768581390381, 0.452582448720932, -1.466241717338562, -0.819205105304718, 0.6564686298370361, 1.087664246559143, -0.8227053284645081, -1.9204682111740112, -0.6896273493766785, 1.5484784841537476, -0.07798165082931519, -0.8634622693061829, -1.456815242767334, -0.23953017592430115, -0.2787296772003174, -0.8671098351478577, 0.4604640603065491, 0.3148134648799896, -1.3764723539352417, -1.9226938486099243, -1.125594139099121, -1.1571625471115112, 1.0543454885482788, 1.7798447608947754, -0.820183515548706, 1.2763255834579468, -1.3393210172653198, -0.3851141929626465, 0.48473283648490906, 1.334793210029602, -0.45500117540359497, 0.2955183684825897, 1.0486538410186768, -0.04124518483877182, -0.20240263640880585, 0.8204329013824463, -0.0504114031791687, -0.37213820219039917, 0.3100317418575287, 0.19448904693126678, -0.9792441129684448, -0.16670820116996765, -0.47247132658958435, -0.0952167809009552, -0.936291515827179, -1.3397645950317383, 0.14888383448123932]",yunet,Facenet,1920,1080,/home/amos/media/tv/modern_family/Modern.Family.S09.1080p.DSNP.WEB-DL.DDP5.1.H.264-CRFW/Modern.Family.S09E21.The.Escape.1080p.DSNP.WEB-DL.DDP5.1.H.264-CRFW.mkv,Modern Family,2009,1442437,9,21,Julie Bowen,31171.0,0.74
5,1392,258,1500,396,1470,312,1416,312,0.919,144,1,"[-1.9099199771881104, -0.4630812108516693, 0.5447540879249573, 0.5882163643836975, 0.45003756880760193, -0.1372874230146408, 0.665704071521759, -2.4044549465179443, 0.5587279200553894, 1.7340812683105469, -0.8970509767532349, 1.071249008178711, -0.1473815143108368, -0.37853381037712097, -0.5035734176635742, -0.30505186319351196, -0.7196550369262695, -0.4302384853363037, 0.21321123838424683, 0.34193089604377747, -0.06154193356633186, 0.018329719081521034, -0.5515285134315491, 0.3166140913963318, -1.9605607986450195, 0.4028181731700897, 1.1675158739089966, -2.3377556800842285, 3.142420530319214, 1.9619203805923462, -0.5907113552093506, -1.5887823104858398, -0.3078497052192688, -1.7614858150482178, 1.8212995529174805, 0.3392791152000427, -3.503828287124634, -0.42077094316482544, -0.2504113018512726, -2.7636406421661377, 0.8344445824623108, -1.0485690832138062, -1.952471137046814, 2.1675875186920166, 1.5124056339263916, -1.6048787832260132, -0.970988929271698, 0.20515714585781097, -1.0909827947616577, 0.04498543217778206, -0.2678704261779785, 1.1649880409240723, 0.837355375289917, -0.2634640038013458, -1.5392107963562012, -1.1418286561965942, 0.5145202875137329, -1.0568488836288452, 0.18156744539737701, -0.3346862494945526, 0.09653428941965103, -0.07156798243522644, -0.0825432538986206, -1.2592195272445679, -0.8597795367240906, 2.408510446548462, 1.2484303712844849, -0.7412904500961304, 0.3810877501964569, 1.5316880941390991, -0.11797178536653519, -1.3540775775909424, -0.07416538894176483, -0.6820626854896545, 0.7943798899650574, -1.3297230005264282, 0.5484105348587036, -0.898884117603302, 0.6837658882141113, -1.144521951675415, 0.46509337425231934, 0.26010555028915405, -1.1011353731155396, -0.4748326241970062, -0.025059692561626434, -0.17640499770641327, -0.802166759967804, -0.34240829944610596, -0.22164034843444824, -1.1324677467346191, -0.6638140082359314, 1.9949884414672852, 0.39933884143829346, 1.077559232711792, -0.008901022374629974, 0.1218988373875618, 0.7843166589736938, 0.2525414526462555, -1.258899211883545, -0.6523051857948303, -0.5442016124725342, 0.41033971309661865, 0.3935670852661133, 2.064924716949463, 1.502345085144043, 1.4740526676177979, 1.0082709789276123, 0.344472199678421, 0.18883396685123444, 0.35249194502830505, 0.8991682529449463, 0.9630551338195801, -0.06552550196647644, 0.8290481567382812, -1.2734556198120117, 0.14435334503650665, -0.43512627482414246, -0.3532397150993347, -1.53419029712677, 0.4272482693195343, 0.7291069030761719, 0.5151994824409485, 0.16875103116035461, -1.5511564016342163, 1.2200722694396973, 0.7205182909965515, 1.48228919506073, -0.5411419868469238]",yunet,Facenet,1920,1080,/home/amos/media/tv/modern_family/Modern.Family.S09.1080p.DSNP.WEB-DL.DDP5.1.H.264-CRFW/Modern.Family.S09E21.The.Escape.1080p.DSNP.WEB-DL.DDP5.1.H.264-CRFW.mkv,Modern Family,2009,1442437,9,21,Sarah Hyland,91351.0,0.661
6,1710,282,1866,486,1830,360,1758,366,0.931,168,0,"[-1.1569699048995972, -0.5224656462669373, 0.3660562336444855, 1.554530382156372, 1.6665147542953491, -0.2174699455499649, 0.5472027659416199, -2.1436877250671387, 0.3825285732746124, 2.349766969680786, -0.30227017402648926, 1.262943983078003, 0.1493043303489685, -0.6993584632873535, -0.08437448740005493, -0.1243923082947731, -0.19231784343719482, 0.27146780490875244, -0.5469433665275574, -0.14704284071922302, -0.40923768281936646, -0.2932421565055847, 0.6273285150527954, 1.1909676790237427, -1.0383864641189575, -0.09758248180150986, 1.9168457984924316, -1.4215952157974243, 3.0359585285186768, 1.748727560043335, 0.041090816259384155, -2.2659239768981934, -0.010662375018000603, -1.9997644424438477, 1.511157512664795, -0.2913927435874939, -2.9357078075408936, 0.9487963914871216, -1.3537073135375977, -1.5808279514312744, 0.4421224892139435, -1.2785468101501465, -0.6196427345275879, 2.2256407737731934, 1.273045301437378, -1.5114582777023315, -0.5053529739379883, -0.2772209048271179, 0.34023576974868774, -0.45887836813926697, -0.654665470123291, 1.0110210180282593, 1.3226139545440674, -0.6248427629470825, -0.3465845584869385, 0.18549807369709015, 0.9358683824539185, 0.29782307147979736, 0.9489458799362183, -0.5086977481842041, -0.19912248849868774, 0.5685447454452515, 0.6028168201446533, -0.2569084167480469, -1.0499807596206665, 2.436614513397217, 0.21182049810886383, -0.1893555372953415, -0.08253960311412811, 1.5684623718261719, -0.418206125497818, -1.3546302318572998, 0.12058092653751373, -0.011615164577960968, 0.19185513257980347, -1.6644586324691772, 0.05254870653152466, -0.21722011268138885, -0.32684198021888733, -0.99358069896698, 0.126191645860672, 0.17155078053474426, -0.19499501585960388, 0.1777009814977646, -0.5792677998542786, 0.8209865093231201, -0.6162464618682861, -0.3873732089996338, -0.32404693961143494, -2.082455635070801, -0.274047315120697, 1.5242280960083008, 0.664016842842102, 0.37807613611221313, 0.8687654733657837, -0.5963740348815918, 0.22471821308135986, -1.1893597841262817, -0.6687282919883728, -0.5626496076583862, -2.0123212337493896, 1.1836551427841187, 0.46646326780319214, 1.8211115598678589, 1.833361029624939, 0.7057976126670837, 1.0215578079223633, -0.04918228089809418, 0.7839453816413879, 0.021212102845311165, 0.48598670959472656, 1.2626070976257324, -0.17432720959186554, 1.6213703155517578, -1.6513845920562744, 0.49719175696372986, -0.4319596588611603, 0.11461217701435089, -1.0492619276046753, 0.1881919503211975, 0.8434499502182007, 0.3443063795566559, 0.5162487626075745, -2.4887070655822754, 0.426064670085907, 1.0790942907333374, 2.086441993713379, -1.0084881782531738]",yunet,Facenet,1920,1080,/home/amos/media/tv/modern_family/Modern.Family.S09.1080p.DSNP.WEB-DL.DDP5.1.H.264-CRFW/Modern.Family.S09E21.The.Escape.1080p.DSNP.WEB-DL.DDP5.1.H.264-CRFW.mkv,Modern Family,2009,1442437,9,21,Sarah Hyland,91351.0,0.641
7,204,150,348,336,306,228,240,222,0.929,168,1,"[-0.8916120529174805, 0.9251278638839722, 0.13524191081523895, -0.5145185589790344, 1.2507935762405396, -0.9734494686126709, -1.5180071592330933, 0.1954832822084427, 0.8920698165893555, -1.1067692041397095, 1.5907448530197144, 0.2560168504714966, 0.5767821073532104, -0.12760896980762482, -0.785545825958252, 1.4991669654846191, -0.8160407543182373, -0.3375616669654846, -1.769382119178772, 0.9585366249084473, 0.12713252007961273, 1.366138219833374, 0.5871713757514954, 1.020506739616394, -0.16397039592266083, 0.6002987623214722, -1.5767327547073364, -0.010314874351024628, 1.4370123147964478, -2.1980886459350586, 0.4617878496646881, -0.8938817381858826, 0.0992702767252922, -0.3186417818069458, 0.5935385823249817, 2.053826332092285, -1.1986438035964966, 0.6786047220230103, 0.880876898765564, 0.38131752610206604, -0.6329837441444397, 0.19031719863414764, 0.4529532492160797, -0.9333609938621521, -1.2862298488616943, 0.18397405743598938, -1.2158451080322266, -0.9153465032577515, -0.525831937789917, -0.5907412767410278, 0.16146323084831238, -1.7080963850021362, -0.3912092447280884, 1.0353422164916992, -1.191942811012268, -0.5194441080093384, 0.8987792134284973, -1.300302505493164, -0.6379686594009399, 0.9880197048187256, 0.4149979054927826, 0.23750723898410797, -2.232393503189087, 0.45773813128471375, 0.7095767855644226, -0.7497940063476562, 0.940304696559906, -0.7987843155860901, 1.3308157920837402, 1.2698872089385986, -0.550058126449585, 1.5770245790481567, -2.316438674926758, 1.477808952331543, 1.6429342031478882, 0.019284687936306, 1.0278278589248657, 1.0563640594482422, 0.5394721627235413, -0.10434270650148392, 0.8808345794677734, -0.3657272458076477, 0.48614373803138733, -0.8880391716957092, -0.32465073466300964, 0.31798189878463745, 0.8409020900726318, -0.3953489065170288, -2.2141175270080566, -0.3475099802017212, 1.6589430570602417, -0.5639110803604126, -0.333146870136261, -2.0681138038635254, -0.07199864089488983, 0.4191756844520569, -1.11491060256958, 0.7919143438339233, 0.9782670140266418, -1.816425085067749, -2.2915852069854736, -1.1705381870269775, -1.1376248598098755, 1.0587507486343384, 1.6143369674682617, -0.11821288615465164, 1.2162469625473022, -0.5425423383712769, -0.393891841173172, -0.4645899832248688, 2.014557361602783, -0.6426564455032349, -0.1636359989643097, 0.6479269862174988, 0.4562279284000397, 1.205730676651001, 1.2304424047470093, 0.3413325548171997, -0.3110998570919037, 0.6067571640014648, 0.5470439195632935, -0.9793524742126465, 0.1413087248802185, -0.46478551626205444, 0.7467876672744751, -2.0186312198638916, -1.4613717794418335, 0.38417723774909973]",yunet,Facenet,1920,1080,/home/amos/media/tv/modern_family/Modern.Family.S09.1080p.DSNP.WEB-DL.DDP5.1.H.264-CRFW/Modern.Family.S09E21.The.Escape.1080p.DSNP.WEB-DL.DDP5.1.H.264-CRFW.mkv,Modern Family,2009,1442437,9,21,Julie Bowen,31171.0,0.734
8,1128,192,1284,402,1230,264,1164,270,0.928,192,0,"[-1.9626060724258423, -1.4772766828536987, 0.9725932478904724, 1.394204020500183, 0.5617814064025879, -1.5195391178131104, 0.5839734673500061, -1.6574527025222778, -1.1829462051391602, 1.5362069606781006, -1.2028402090072632, 1.1771256923675537, 1.1784491539001465, -0.36463356018066406, -0.4448326528072357, -0.26393967866897583, -0.3179436922073364, -0.8432232737541199, -1.125126600265503, 1.1875815391540527, -0.013175301253795624, 0.06427976489067078, 0.3440752327442169, 0.8484158515930176, -0.33359143137931824, 0.37943458557128906, 0.9428529739379883, -1.307712435722351, 3.2212488651275635, 0.39344319701194763, 0.8674681186676025, -2.1876847743988037, -0.03312016651034355, -1.1626477241516113, 0.6769136786460876, -0.37936902046203613, -1.648431420326233, 1.0664727687835693, -0.2574138045310974, -2.426318407058716, -0.7572945952415466, 1.2905930280685425, -0.7327432632446289, 0.9661065340042114, 0.03147565945982933, -1.3569080829620361, -0.22840243577957153, 0.9177817106246948, -1.2994964122772217, 1.2954261302947998, -0.3697627782821655, 1.6539973020553589, 1.3945976495742798, -0.20648176968097687, -1.071295142173767, -0.10253096371889114, 0.8370738625526428, -0.06712941825389862, -0.17197805643081665, 1.3000967502593994, 0.4412602484226227, -0.5815179347991943, -1.0089499950408936, -0.2937442362308502, -1.4267078638076782, 1.7247751951217651, 0.4584900438785553, -0.65147864818573, 0.09554699808359146, 2.1707875728607178, 0.3104538023471832, -0.9046657085418701, -1.1053332090377808, -0.08056411147117615, 1.293800711631775, -1.1332443952560425, 0.19930782914161682, -0.5487781167030334, 0.20113089680671692, -0.8264527916908264, -0.3395427167415619, 0.3525477647781372, 0.423384428024292, 0.8461254239082336, 0.3700559735298157, 2.0495827198028564, 1.150777816772461, -0.972573459148407, -0.5241686105728149, -1.000975251197815, -1.4078705310821533, 1.1176655292510986, 0.39540913701057434, 0.7366824746131897, 1.17312753200531, 0.5284625291824341, -0.26613709330558777, -0.7240517735481262, 0.38161730766296387, -1.4147394895553589, -0.2896062135696411, 1.0656676292419434, 0.414577841758728, 1.0976406335830688, 1.7000476121902466, 0.22454898059368134, 0.329903244972229, 0.05718763917684555, 0.5924193859100342, -0.5220901370048523, 0.5217175483703613, 0.4001385569572449, 0.21676722168922424, 1.0513627529144287, -1.0263700485229492, 0.5536859035491943, -1.1790876388549805, 0.39657172560691833, -2.4236249923706055, -0.36636286973953247, 2.331022262573242, -1.2594860792160034, -1.2462670803070068, -1.6241494417190552, -0.21954812109470367, 0.6644969582557678, 0.784652054309845, -0.6751220226287842]",yunet,Facenet,1920,1080,/home/amos/media/tv/modern_family/Modern.Family.S09.1080p.DSNP.WEB-DL.DDP5.1.H.264-CRFW/Modern.Family.S09E21.The.Escape.1080p.DSNP.WEB-DL.DDP5.1.H.264-CRFW.mkv,Modern Family,2009,1442437,9,21,Sarah Hyland,91351.0,0.723
9,1032,168,1194,378,1140,246,1062,252,0.932,216,0,"[-1.4880353212356567, -0.5399419069290161, -0.45177534222602844, 1.7294669151306152, 1.4371143579483032, -0.9615826606750488, -0.5230204463005066, -0.8060401678085327, -0.06627911329269409, 1.5743186473846436, -1.5768582820892334, 0.6882409453392029, 0.5801398754119873, 0.391812264919281, -0.3003792464733124, -0.17836931347846985, -0.02040497213602066, -0.9174694418907166, -0.2875487506389618, 1.2048096656799316, -0.4070613980293274, 0.8008313179016113, 1.1584727764129639, 1.6992195844650269, 0.48848745226860046, 0.948363184928894, 1.9024863243103027, -0.7370697259902954, 3.0309691429138184, 1.3143730163574219, 0.5780695676803589, -2.3413121700286865, -0.23043854534626007, -0.9065954089164734, 1.5665000677108765, -0.4371926486492157, -1.3032869100570679, 1.146127462387085, -0.618685781955719, -0.6185691356658936, -0.8598637580871582, 0.4436953067779541, 0.47260379791259766, 1.6129242181777954, 0.5328511595726013, -1.0263384580612183, -0.41616562008857727, -0.1900922805070877, -0.7123770117759705, 0.81854248046875, -0.8272496461868286, 1.9878698587417603, 1.948115587234497, 0.29442673921585083, -1.335883378982544, -0.7297834753990173, 0.6513879895210266, 0.12140350043773651, -0.466675728559494, 0.6674387454986572, 0.7585757970809937, 0.6562709808349609, -0.23518696427345276, -0.9281821846961975, -2.4451534748077393, 1.4990140199661255, -0.112727589905262, 0.5805757641792297, -0.12119905650615692, 1.6552398204803467, 0.8281266689300537, -0.539438784122467, -0.652623176574707, -0.30201956629753113, -0.0504252053797245, -1.058487057685852, 1.777846097946167, -0.28905823826789856, 0.7066270112991333, -1.264416217803955, -0.1771273910999298, 0.827007532119751, 1.5000860691070557, 1.1119554042816162, -0.6672645211219788, 1.7467824220657349, 1.0836021900177002, -1.0061439275741577, 0.009265415370464325, -2.390822172164917, -1.1591085195541382, 0.23587346076965332, -0.10637810826301575, 0.6021027565002441, 1.3273967504501343, -0.4001496732234955, -0.4344324469566345, -0.7686205506324768, -0.48803675174713135, -0.48715072870254517, 0.23246939480304718, 1.895845651626587, 0.4602746367454529, 1.5676771402359009, 1.056763768196106, -0.019354481250047684, 0.28229278326034546, -0.47071781754493713, 0.013820286840200424, -0.4635927081108093, 0.7686868906021118, -0.23318307101726532, 0.7588509321212769, 1.3495960235595703, -1.3261635303497314, -0.004736870527267456, -1.4649935960769653, 0.5571438670158386, -0.893815279006958, -0.6709221005439758, 2.0584731101989746, 0.24594397842884064, -0.8406630158424377, -2.3370447158813477, 0.5816968083381653, 0.4740455448627472, 2.3061158657073975, -0.23354916274547577]",yunet,Facenet,1920,1080,/home/amos/media/tv/modern_family/Modern.Family.S09.1080p.DSNP.WEB-DL.DDP5.1.H.264-CRFW/Modern.Family.S09E21.The.Escape.1080p.DSNP.WEB-DL.DDP5.1.H.264-CRFW.mkv,Modern Family,2009,1442437,9,21,Sarah Hyland,91351.0,0.689
10,1026,174,1194,396,1146,258,1068,258,0.933,240,0,"[-1.7346550226211548, -0.9291393756866455, 0.4473116993904114, 1.7001142501831055, 0.9674355983734131, -0.5766205191612244, 0.3054361641407013, -1.2392833232879639, -0.6258503198623657, 2.154212713241577, -1.4837900400161743, 0.895579993724823, -0.0028565004467964172, 0.5859900712966919, -0.3902367949485779, -0.872107207775116, 0.6002942323684692, -1.5145050287246704, -0.5910906195640564, 0.8651237487792969, -0.4352056086063385, -0.08429601043462753, -0.12787316739559174, 0.9777272939682007, -0.36445870995521545, 0.8919488787651062, 1.6323894262313843, -1.026517391204834, 3.081711769104004, 1.4179595708847046, 0.44564610719680786, -1.817828893661499, -1.2862586975097656, -1.489140272140503, 1.100745677947998, -0.2889097034931183, -2.3064613342285156, 0.35202232003211975, -0.7868630290031433, -1.5840702056884766, -0.7252033948898315, 0.5301143527030945, -0.2923022210597992, 2.474158525466919, 1.197590708732605, -1.0140949487686157, -0.2553616762161255, 0.763785719871521, -1.2104226350784302, 1.0370876789093018, -0.5322929620742798, 2.332606792449951, 1.4013279676437378, -0.06644848734140396, -1.6640359163284302, -0.6470541954040527, 1.0013582706451416, -0.484785258769989, 0.02446817234158516, 0.9532632827758789, 0.2958722710609436, 0.4106345772743225, 0.5076882243156433, -0.3352712392807007, -1.8079376220703125, 1.6513105630874634, -0.2799709439277649, 0.3041227161884308, -0.062330733984708786, 1.555008053779602, -0.3191660940647125, -0.5736169219017029, -0.46498027443885803, -0.8889761567115784, 0.6899734735488892, -0.8870719075202942, 1.1392511129379272, -0.884369969367981, 0.07268238812685013, -0.6349414587020874, -0.6181765794754028, 0.7161071300506592, -0.10627282410860062, 0.25099170207977295, -0.7084729075431824, 0.7433282136917114, 0.27590298652648926, -1.0574501752853394, 0.1108907163143158, -2.075774908065796, -1.2384480237960815, 0.7863740921020508, 0.31324630975723267, 0.8550630807876587, 1.8076071739196777, -0.23239484429359436, 0.5822036266326904, -0.43139275908470154, -0.3401745557785034, -0.4365028738975525, 0.9401443004608154, 1.5192188024520874, 0.21692505478858948, 1.6676305532455444, 1.357105016708374, 0.22510047256946564, 0.04049216955900192, -0.36750027537345886, 0.6951228380203247, -0.6902143955230713, 0.8231964111328125, -0.03619614243507385, 0.7156991958618164, 1.4409029483795166, -1.3091689348220825, 0.1254054456949234, -1.416837215423584, 0.8625120520591736, -1.5377200841903687, 0.020660966634750366, 1.7780272960662842, 0.15207964181900024, -0.737761378288269, -2.23101806640625, 0.18360856175422668, 0.5056108236312866, 2.1231460571289062, -0.5400347113609314]",yunet,Facenet,1920,1080,/home/amos/media/tv/modern_family/Modern.Family.S09.1080p.DSNP.WEB-DL.DDP5.1.H.264-CRFW/Modern.Family.S09E21.The.Escape.1080p.DSNP.WEB-DL.DDP5.1.H.264-CRFW.mkv,Modern Family,2009,1442437,9,21,Sarah Hyland,91351.0,0.767
11,966,162,1146,396,1092,252,1008,252,0.935,264,0,"[-2.0395050048828125, -0.6735405921936035, -0.02869836799800396, 1.8693159818649292, 0.12945406138896942, -0.7130528688430786, 0.3672500252723694, -1.915350317955017, -1.0765007734298706, 1.8643758296966553, -0.8731764554977417, 1.6897166967391968, 1.1786363124847412, -0.5212020874023438, -0.17682436108589172, -0.1486031860113144, 0.01448892429471016, -1.061181664466858, -0.9650689363479614, 1.429161787033081, 0.07746472954750061, 0.825788676738739, -0.17613261938095093, 1.0771152973175049, 0.19354873895645142, 0.6437197923660278, 1.0523693561553955, -0.9096606969833374, 2.8773865699768066, 0.27713650465011597, 0.4412555396556854, -1.7638338804244995, -1.44483482837677, -0.8490469455718994, 1.5082056522369385, -0.9173485040664673, -1.8204848766326904, 0.4343262314796448, -0.1751686930656433, -1.7396479845046997, -0.7747573256492615, 1.1229404211044312, -0.15012341737747192, 1.8617116212844849, 0.5551908612251282, -0.9938141107559204, 0.3830324709415436, 0.5636105537414551, -0.8151052594184875, 1.3013533353805542, -0.8465198278427124, 2.0946035385131836, 1.5274715423583984, -0.19818978011608124, -0.8002683520317078, -0.956586480140686, 1.1366970539093018, 0.47732216119766235, -0.1785573810338974, -0.024929825216531754, 0.6828501224517822, -0.3211458921432495, -0.2568798065185547, -0.9286033511161804, -1.2710679769515991, 1.7958228588104248, 0.4763147830963135, -0.3317664563655853, -0.7426372170448303, 0.8326016664505005, 0.25791341066360474, -0.718332052230835, -0.9121643900871277, 0.04841816425323486, 0.14516231417655945, -1.2963427305221558, 0.9279003143310547, -0.1421557515859604, 0.3837352693080902, -0.3829319477081299, -0.2748947739601135, 0.07221533358097076, -0.029284289106726646, 1.311159610748291, -0.37114816904067993, 1.5568119287490845, 0.44055917859077454, -0.7470789551734924, -0.6019998788833618, -1.9672865867614746, -0.72950279712677, 0.26286062598228455, 0.5347712635993958, 0.9151357412338257, 1.9915332794189453, 0.19565707445144653, 0.7136627435684204, -0.1868608444929123, 0.07010134309530258, -1.4011059999465942, 0.28536421060562134, 0.7882826328277588, 0.08729247003793716, 1.7803075313568115, 0.6492379903793335, 0.416720449924469, 0.29357579350471497, 0.11087140440940857, 0.6883178353309631, -0.48765113949775696, 0.7697495222091675, 0.15600469708442688, 1.8903077840805054, 1.1612763404846191, -1.0611052513122559, 0.28005367517471313, -1.4599874019622803, 0.4752488136291504, -1.427823781967163, 0.24658332765102386, 1.266137719154358, -0.3864937126636505, -0.7113439440727234, -1.9743152856826782, 0.3175109624862671, 0.9039070010185242, 1.789553165435791, -1.163057565689087]",yunet,Facenet,1920,1080,/home/amos/media/tv/modern_family/Modern.Family.S09.1080p.DSNP.WEB-DL.DDP5.1.H.264-CRFW/Modern.Family.S09E21.The.Escape.1080p.DSNP.WEB-DL.DDP5.1.H.264-CRFW.mkv,Modern Family,2009,1442437,9,21,Sarah Hyland,91351.0,0.756
12,840,150,1008,384,972,246,888,252,0.923,288,0,"[-1.3850560188293457, 0.16563719511032104, -1.4171819686889648, 0.19643336534500122, 2.2864789962768555, -1.870124101638794, -1.6542041301727295, 0.37080326676368713, -0.13853734731674194, -0.8331679105758667, 1.949393391609192, -0.3352980613708496, -0.12988722324371338, -1.7151485681533813, 0.1466980278491974, 0.8714491724967957, 0.03159601613879204, -0.6950242519378662, -2.270808458328247, 0.3106558322906494, -0.7642457485198975, 0.4869588613510132, 0.6649433970451355, 1.2090741395950317, -0.38560622930526733, 0.1320752650499344, -0.6258238554000854, 1.5887200832366943, 0.5973809361457825, -1.5975699424743652, 0.45228320360183716, -1.1571834087371826, 0.8302695155143738, -0.7152712941169739, -0.5651901364326477, 2.8772032260894775, -0.9807388782501221, 1.3805780410766602, 0.15152452886104584, -0.22635811567306519, -0.2891954779624939, -0.6597707271575928, 0.7596821784973145, -1.0182284116744995, -0.9955036044120789, 0.006771037355065346, -1.0082002878189087, -1.349950909614563, -0.9798144102096558, -0.7169793844223022, 0.8697247505187988, -2.273159980773926, 0.8287667632102966, 0.7032935619354248, -0.6530601382255554, 0.41117072105407715, -1.2869157791137695, -1.8506304025650024, -0.1169687807559967, 0.7356860041618347, -0.5239959359169006, -0.5510975122451782, -1.9279484748840332, -0.6704522371292114, 0.11556228250265121, -1.1083552837371826, -0.48254215717315674, -0.9774529337882996, 0.7607630491256714, 1.504891037940979, 0.36477017402648926, 1.0002504587173462, -2.557915687561035, 0.8962345719337463, 1.4437339305877686, 1.3103808164596558, 1.2268908023834229, 1.7703386545181274, 0.8467846512794495, 0.7775888442993164, 0.3868107199668884, 1.3389084339141846, -0.06856669485569, -0.9975568652153015, 0.004215322434902191, 1.2429331541061401, 0.7995637059211731, 0.16796641051769257, -1.204086422920227, -0.2338603436946869, 1.5154855251312256, -1.1663204431533813, -0.1597071886062622, 0.018563158810138702, -0.049215562641620636, -1.9084060192108154, -1.3700439929962158, 0.3528273403644562, 0.7572394013404846, -0.18830814957618713, -1.0833848714828491, -1.6952286958694458, 0.3889710009098053, 1.109321117401123, 0.7809584736824036, -0.6710380911827087, 1.795154333114624, -1.1145708560943604, -0.9923645257949829, 0.8982461094856262, 1.646048903465271, -0.06792876124382019, -1.023704171180725, 1.1339747905731201, 0.19655919075012207, 0.05374135076999664, 0.5943703651428223, -0.05451270937919617, -1.0717699527740479, 0.813628613948822, 1.1080290079116821, -0.25149425864219666, -0.03264179825782776, -0.3745683431625366, -1.022823452949524, -0.30295509099960327, -0.3673415780067444, 1.028103232383728]",yunet,Facenet,1920,1080,/home/amos/media/tv/modern_family/Modern.Family.S09.1080p.DSNP.WEB-DL.DDP5.1.H.264-CRFW/Modern.Family.S09E21.The.Escape.1080p.DSNP.WEB-DL.DDP5.1.H.264-CRFW.mkv,Modern Family,2009,1442437,9,21,Julie Bowen,31171.0,0.716
13,924,198,1122,474,1068,318,984,318,0.915,312,0,"[-1.4261060953140259, -0.03320974484086037, -1.598610520362854, 0.5463831424713135, 1.730176329612732, -0.6653072237968445, -1.923851490020752, 0.31580260396003723, 0.7455156445503235, -0.7762292623519897, 1.9032349586486816, -0.3644309937953949, -0.20529599487781525, -1.6238712072372437, -0.740381121635437, 1.6353055238723755, -0.3700610399246216, 0.2024945467710495, -2.265014886856079, 0.9048291444778442, 0.11594335734844208, 1.3131479024887085, 0.8364995718002319, 0.8769471645355225, -0.1794380098581314, 0.15707948803901672, -0.17105059325695038, 1.207342267036438, 0.27352869510650635, -2.3790485858917236, 0.23767982423305511, 0.39106485247612, 0.7931698560714722, -0.24655047059059143, -0.43667441606521606, 3.1375467777252197, -1.427716612815857, 0.4231502413749695, -0.7973852157592773, 0.256992906332016, 0.1644212007522583, -0.7855024337768555, 1.284009337425232, -0.8292602300643921, -0.6474541425704956, -0.05885548144578934, -0.8270832896232605, -1.5208077430725098, -0.955295979976654, -0.7741620540618896, 0.3427079916000366, -2.3395440578460693, -0.1050388440489769, 1.4119170904159546, -0.9366171360015869, 0.8425244688987732, -1.8841211795806885, -1.4677298069000244, -1.0602226257324219, -0.7548043727874756, -0.2896968722343445, 0.14021208882331848, -2.540382146835327, 0.583793044090271, 0.5447568893432617, -0.6780198216438293, 0.6891341805458069, -0.6561539173126221, 0.9434406161308289, 0.5751395225524902, 0.34248626232147217, 0.7886077165603638, -0.9625951647758484, 1.587248682975769, 2.057922124862671, 0.45012059807777405, 1.5736734867095947, 1.6669539213180542, -0.14395903050899506, 0.9643951654434204, 0.36134833097457886, 0.588051438331604, -0.07022008299827576, -0.06618031859397888, 0.23284730315208435, 0.412231981754303, 1.1222015619277954, -0.49069976806640625, -1.0053644180297852, -0.16415418684482574, 1.1769005060195923, -1.6572308540344238, -0.3151475787162781, -0.46886539459228516, -0.04656335711479187, -1.23878014087677, -1.4656741619110107, 0.4575386345386505, 0.3975585401058197, -0.45959198474884033, -1.8853250741958618, -1.048141598701477, -0.3443993926048279, 0.8322029113769531, 1.1167292594909668, -0.8326154351234436, 2.084228515625, -0.49913033843040466, -0.5491805076599121, 0.24836094677448273, 2.197819709777832, 0.6662872433662415, -0.40228980779647827, 1.6847925186157227, 0.1508534848690033, 1.3669496774673462, 0.8335675001144409, -0.001907147467136383, -1.6435444355010986, 0.15212637186050415, 0.8387681841850281, -0.6166496276855469, 0.7511399984359741, 0.46665889024734497, -0.005800552666187286, -1.4275827407836914, -0.4351537823677063, 1.9861959218978882]",yunet,Facenet,1920,1080,/home/amos/media/tv/modern_family/Modern.Family.S09.1080p.DSNP.WEB-DL.DDP5.1.H.264-CRFW/Modern.Family.S09E21.The.Escape.1080p.DSNP.WEB-DL.DDP5.1.H.264-CRFW.mkv,Modern Family,2009,1442437,9,21,Julie Bowen,31171.0,0.69
14,888,234,1116,558,1068,372,966,372,0.908,336,0,"[-1.3284070491790771, 0.1529742032289505, -1.463767170906067, 0.45006105303764343, 2.087597131729126, -1.599936842918396, -2.0327091217041016, 0.27495771646499634, 1.3254358768463135, -1.6482146978378296, 1.1938960552215576, -1.259727954864502, -0.23072172701358795, -1.3333845138549805, -0.2307593822479248, 0.7666438221931458, -0.9615966081619263, -0.2839308977127075, -2.4346251487731934, -0.11300432682037354, -0.28814697265625, 1.189262866973877, 0.18531537055969238, 0.6151168346405029, -0.5349238514900208, 0.029452309012413025, -0.33559778332710266, 0.975590169429779, -0.20902107656002045, -1.7558029890060425, -0.2599872648715973, -0.37789618968963623, 0.5476117134094238, -0.43744155764579773, -0.5580435991287231, 3.4919207096099854, -1.4391076564788818, 0.4195544123649597, -0.7219479084014893, 0.2912130653858185, 0.5528653860092163, -0.8857340216636658, 0.9976999759674072, -0.7530544996261597, -1.047939419746399, 0.21582399308681488, -0.689555287361145, -1.4991204738616943, -1.0395442247390747, -1.1487637758255005, 0.5565593838691711, -2.3854663372039795, -0.1042800322175026, 0.6610630750656128, -0.6203936338424683, -0.1387394815683365, -1.307795524597168, -1.4021646976470947, -1.220584750175476, -0.4295927584171295, -0.6205322742462158, -0.593289852142334, -2.82651424407959, 0.1639396846294403, 0.17547544836997986, -0.6832728385925293, -0.06029897183179855, -1.3557084798812866, 0.8155017495155334, 0.5275774002075195, 1.0964189767837524, 0.4453079402446747, -1.3566648960113525, 0.4476214647293091, 1.5496047735214233, 1.049456238746643, 1.460170030593872, 2.3146204948425293, 0.2892124354839325, 0.7705664038658142, 0.41929084062576294, 0.7845022678375244, 0.744010329246521, -0.2581535279750824, -0.1293332278728485, 0.35070207715034485, 1.0240017175674438, -0.12341123074293137, -0.9192173480987549, -0.306505024433136, 1.840575933456421, -1.5371650457382202, -0.41618889570236206, -0.17876991629600525, -0.49404704570770264, -0.9758004546165466, -1.863761305809021, 0.7518652677536011, 0.07666684687137604, -0.06940041482448578, -1.3352066278457642, -1.150567889213562, -0.10847344994544983, 0.8272252082824707, 1.171581745147705, -1.2605398893356323, 2.0862298011779785, -0.4689708650112152, -0.9496650099754333, 0.7124984264373779, 1.901849627494812, -0.33677297830581665, -0.8562287092208862, 1.7720248699188232, -0.10073085874319077, 0.6451748609542847, 1.0751782655715942, -0.14975225925445557, -1.38677179813385, 0.4434407651424408, 0.7284311056137085, -0.3794589340686798, -0.09261953830718994, 0.03466079384088516, -0.4220989942550659, -1.2008752822875977, -0.8000047206878662, 1.7110323905944824]",yunet,Facenet,1920,1080,/home/amos/media/tv/modern_family/Modern.Family.S09.1080p.DSNP.WEB-DL.DDP5.1.H.264-CRFW/Modern.Family.S09E21.The.Escape.1080p.DSNP.WEB-DL.DDP5.1.H.264-CRFW.mkv,Modern Family,2009,1442437,9,21,Julie Bowen,31171.0,0.652
15,798,144,1014,456,954,264,846,264,0.925,360,0,"[-1.5865451097488403, -0.7622318267822266, -0.13446880877017975, -0.5760392546653748, 1.9270374774932861, -1.5220123529434204, -1.0018917322158813, 0.7018622159957886, -0.32111719250679016, 0.8050805330276489, 0.6888828277587891, -0.037595245987176895, 0.23946361243724823, -1.3172948360443115, 0.30085012316703796, 1.9330973625183105, -0.4291516840457916, -1.2486175298690796, -1.8097500801086426, -0.49242883920669556, -0.23112383484840393, 0.6140240430831909, 0.6041812300682068, 1.0167793035507202, -0.8192601203918457, 0.32018452882766724, -0.12689441442489624, 1.1592572927474976, 0.10472086817026138, -1.5464563369750977, -0.1069771945476532, -0.18047982454299927, 0.38986629247665405, -2.199298620223999, 1.0694363117218018, 2.045775890350342, -1.2576042413711548, 0.692929744720459, 1.005555272102356, -0.24751761555671692, -1.7376494407653809, -1.0699360370635986, -0.11367733776569366, -0.9157571196556091, -0.27985134720802307, 0.5421447157859802, -0.6609863042831421, -0.3477555513381958, -1.4593709707260132, 0.049050770699977875, -0.5098145604133606, -1.5609716176986694, -0.10707984119653702, 2.031398057937622, -0.9854393005371094, -1.1430782079696655, -0.837118923664093, -0.9047490358352661, -1.0788863897323608, 0.5533571243286133, -0.8635681867599487, -1.0660104751586914, -2.000613212585449, -1.3074009418487549, 0.3659229278564453, -0.8981490731239319, 0.5019604563713074, -1.055915355682373, 1.2269829511642456, 1.8815120458602905, -0.13133998215198517, 1.2552577257156372, -2.2103395462036133, 1.6908339262008667, 0.9891910552978516, -0.16532407701015472, 0.6800543069839478, 0.8935046195983887, 1.3129607439041138, 1.0726499557495117, 0.4999904930591583, -0.5187873840332031, 0.2604770064353943, -0.7569327354431152, -0.5289489030838013, 0.33996668457984924, 1.1315921545028687, -1.4029849767684937, -0.8910502195358276, -0.016586080193519592, 1.4628826379776, -1.0283417701721191, -0.8707480430603027, -1.0326364040374756, -0.31509873270988464, 0.7913303971290588, -1.3994648456573486, 1.1644668579101562, 0.10050638020038605, -1.0865062475204468, -1.5797066688537598, -1.2519927024841309, -0.6134604811668396, 0.4522528350353241, 0.8478681445121765, -0.5928665399551392, 0.8059582710266113, -1.0052132606506348, 1.0128681659698486, 1.475877285003662, 1.2222473621368408, -0.9818181395530701, -0.11390100419521332, 0.6235259771347046, 0.2542467415332794, 0.3683072030544281, 0.973214864730835, -0.08600124716758728, -1.8371312618255615, -0.5875115394592285, 0.776312530040741, -1.0971518754959106, -0.5545989274978638, 0.4315374493598938, -0.0970401018857956, -0.31682154536247253, -0.5091861486434937, -0.18556256592273712]",yunet,Facenet,1920,1080,/home/amos/media/tv/modern_family/Modern.Family.S09.1080p.DSNP.WEB-DL.DDP5.1.H.264-CRFW/Modern.Family.S09E21.The.Escape.1080p.DSNP.WEB-DL.DDP5.1.H.264-CRFW.mkv,Modern Family,2009,1442437,9,21,Julie Bowen,31171.0,0.704
16,606,150,804,432,750,270,666,270,0.922,384,0,"[-1.440370798110962, 0.14122925698757172, -0.5840925574302673, 0.10357312113046646, 2.532762289047241, 0.002928541973233223, -1.1832914352416992, -0.03959324583411217, 0.6831755042076111, -0.5885353684425354, 1.8762726783752441, -0.19080404937267303, 0.021442539989948273, -1.4949569702148438, -0.7134068012237549, 1.3585937023162842, -0.1356309950351715, -0.9969582557678223, -1.9956333637237549, -0.05073518678545952, 0.18022242188453674, 0.37672317028045654, 0.7798939347267151, 0.23559260368347168, -1.286685824394226, -0.4248846173286438, -0.20860208570957184, 0.9559496641159058, -0.30773335695266724, -1.2410236597061157, 0.3433712422847748, 0.1877567172050476, 0.5038142204284668, -1.3672523498535156, 0.3454230725765228, 3.011967658996582, -1.9669687747955322, -0.009093709290027618, -0.23495861887931824, 0.904814600944519, 0.2976895570755005, -1.6125246286392212, 0.6972682476043701, -0.34995314478874207, -0.20614439249038696, 0.5007473230361938, 0.04686564579606056, -1.2172058820724487, -1.6423299312591553, -0.8032079935073853, -1.1416739225387573, -1.3206195831298828, -0.4404149353504181, 1.6324902772903442, -1.3009047508239746, 0.30949175357818604, -1.2216758728027344, -1.5065706968307495, -0.43775951862335205, -0.04783940687775612, -0.0692499577999115, -0.425698459148407, -1.7469737529754639, -0.06750072538852692, 0.6221972107887268, -0.9343021512031555, 0.7730302214622498, -0.19219563901424408, 1.20773446559906, 0.7073569297790527, -0.5595234632492065, 0.8987452983856201, -1.45146906375885, 1.761178731918335, 1.8165374994277954, 1.2746460437774658, 1.6326876878738403, 1.325959324836731, 0.010028280317783356, 0.6238862872123718, 0.9679457545280457, 0.5332006216049194, -0.19836732745170593, -0.8836789727210999, 0.3378850817680359, -0.614749550819397, 0.9792786240577698, -0.9476608633995056, -1.4442123174667358, 0.2720071077346802, 0.6731847524642944, -1.4128385782241821, 0.09736625850200653, -1.5027023553848267, -0.32329487800598145, 0.36451593041419983, -1.916113018989563, 1.0769667625427246, -0.2341269701719284, -0.23924791812896729, -2.375490665435791, -1.6119252443313599, -0.7914506793022156, 0.6860507726669312, 1.0207667350769043, -0.5415156483650208, 1.7576730251312256, 0.27050065994262695, 0.4366700351238251, -0.07536754012107849, 1.7301026582717896, 0.5209319591522217, -0.26467880606651306, 1.0659034252166748, -0.1770397126674652, 1.2685108184814453, 0.9812352657318115, -0.024169236421585083, -1.407814383506775, 0.25203806161880493, 0.9831041097640991, -0.8130775690078735, 0.758659303188324, 0.31915873289108276, 0.7677155137062073, -1.4464499950408936, -0.702375590801239, 1.505332350730896]",yunet,Facenet,1920,1080,/home/amos/media/tv/modern_family/Modern.Family.S09.1080p.DSNP.WEB-DL.DDP5.1.H.264-CRFW/Modern.Family.S09E21.The.Escape.1080p.DSNP.WEB-DL.DDP5.1.H.264-CRFW.mkv,Modern Family,2009,1442437,9,21,Julie Bowen,31171.0,0.732
17,960,156,1158,414,1092,258,1008,258,0.926,408,0,"[-0.9333276748657227, -0.7436453104019165, 0.4666363596916199, 1.6007813215255737, 1.32161283493042, -0.7812642455101013, 0.47034889459609985, -2.1465067863464355, 0.06335508823394775, 2.2340738773345947, -1.1533386707305908, 1.1249444484710693, 0.7981359362602234, -0.7455376386642456, -0.5521374940872192, 0.28694671392440796, -1.0113048553466797, -0.7736613154411316, -0.8628689646720886, 0.7954189777374268, 0.7045189142227173, 0.22846046090126038, 0.6412622928619385, 1.0054835081100464, 0.01636091247200966, 0.264791876077652, 1.101019024848938, -1.668396234512329, 3.464639902114868, 1.2115437984466553, 0.8366873264312744, -2.459407329559326, -0.31673166155815125, -1.4131168127059937, 1.344317078590393, -0.6816822290420532, -1.9961118698120117, 1.4554513692855835, -0.7519119381904602, -1.6972849369049072, -0.5561971068382263, 0.9380028247833252, -0.12965410947799683, 1.1159776449203491, -0.1808343529701233, -1.19887375831604, -0.8239001035690308, 0.7594822645187378, -0.7331974506378174, 0.4320010542869568, -0.8236581087112427, 1.0225422382354736, 1.714310884475708, 0.4162219166755676, -0.822264552116394, -0.8115432858467102, 1.6489925384521484, -0.17800836265087128, -0.09871429204940796, 0.7409718036651611, 0.057002633810043335, 0.5483800768852234, -0.9027541875839233, -0.526858925819397, -1.4904283285140991, 1.903240442276001, 0.6555349230766296, -0.43460729718208313, -0.28787338733673096, 2.294686794281006, 0.7906270623207092, -0.8545705080032349, -1.2307755947113037, 0.42568230628967285, 0.5570102334022522, -1.1885701417922974, 0.49750474095344543, 0.18360358476638794, 0.3975852429866791, -1.1726384162902832, 0.36818060278892517, -0.19200807809829712, 0.8392924070358276, 0.1598111242055893, -0.2832821011543274, 1.4596378803253174, 0.4745118021965027, -0.8303020000457764, -0.2680249810218811, -1.725224494934082, -0.6627023816108704, 1.0560674667358398, 0.6249064207077026, 0.5449928641319275, 1.090340256690979, 0.7283169031143188, -0.539037823677063, -0.665417492389679, 0.06284792721271515, -1.5594724416732788, -0.775789201259613, 0.522499680519104, -0.26308032870292664, 0.9698411822319031, 1.9460735321044922, 0.21757417917251587, 0.3634476661682129, -0.14253586530685425, 0.8740732669830322, -0.05356715992093086, 0.588274359703064, -0.030809536576271057, 0.04995296895503998, 1.0162076950073242, -1.493906021118164, 0.4436085522174835, -1.3950806856155396, 0.23246243596076965, -1.695233702659607, -0.24391043186187744, 2.327617645263672, -1.2060145139694214, -0.8300728797912598, -2.000562906265259, 0.954535961151123, 0.6833834052085876, 1.5244189500808716, -1.1012053489685059]",yunet,Facenet,1920,1080,/home/amos/media/tv/modern_family/Modern.Family.S09.1080p.DSNP.WEB-DL.DDP5.1.H.264-CRFW/Modern.Family.S09E21.The.Escape.1080p.DSNP.WEB-DL.DDP5.1.H.264-CRFW.mkv,Modern Family,2009,1442437,9,21,Sarah Hyland,91351.0,0.716
18,1086,216,1296,492,1242,318,1134,312,0.927,432,0,"[-1.7980384826660156, -0.9812139272689819, 0.05954967439174652, 1.597609043121338, 1.6770174503326416, -0.266886830329895, 1.111538052558899, -2.170212507247925, -0.7866063714027405, 2.291445255279541, -0.42587533593177795, 0.657132089138031, -0.2142697125673294, -1.0120166540145874, -0.9550919532775879, -0.20690718293190002, -0.9055086374282837, 0.1287793070077896, -1.0787254571914673, -0.3398435413837433, 0.7812482118606567, -0.12873582541942596, 1.2693217992782593, 0.48396408557891846, 0.040187858045101166, 0.6260828375816345, 1.2548792362213135, -1.9068810939788818, 3.3786239624023438, 1.7308120727539062, 0.6870003938674927, -1.5238152742385864, -0.4064026176929474, -1.3736605644226074, 1.7680847644805908, -1.66897714138031, -2.6202268600463867, 1.7641475200653076, -1.3644187450408936, -2.1716482639312744, -0.3312455117702484, -0.34525933861732483, -0.3078710734844208, 2.3539721965789795, 0.30650854110717773, -1.5433940887451172, 0.05426943674683571, -0.050279393792152405, -0.331842303276062, -0.44251909852027893, -0.5477117300033569, 1.288663625717163, 1.7337316274642944, 0.0566740483045578, -0.5639251470565796, -0.1111847385764122, 0.9756758809089661, -0.6947061419487, 0.0036373473703861237, 0.19548499584197998, 0.25513216853141785, 0.33812808990478516, -0.18853002786636353, -0.9846056699752808, -1.452050805091858, 1.83575439453125, 0.045739635825157166, 0.6822713613510132, 0.01517731323838234, 2.069373846054077, -0.3699726462364197, -0.6117678880691528, -1.3265076875686646, -0.15113578736782074, 0.2949475049972534, -0.9799031615257263, 0.4578153192996979, 0.1719532012939453, -0.18977364897727966, -1.239079236984253, 0.45341211557388306, 0.42110374569892883, -0.6430925726890564, 0.661427915096283, -0.6583348512649536, 1.6313682794570923, 0.012026828713715076, -1.2838139533996582, -0.4980514645576477, -1.6333454847335815, -0.2678449749946594, 0.522756040096283, 0.6570850610733032, 0.37963294982910156, 1.3443495035171509, 0.26765939593315125, 0.71779865026474, -0.6913373470306396, 0.7121537327766418, -1.6842548847198486, -1.372301459312439, -0.2221689224243164, 0.3689610958099365, 1.9532642364501953, 2.2335965633392334, 0.38200342655181885, 0.21081291139125824, 0.028766635805368423, 0.6848568320274353, -0.1462945193052292, 0.16936010122299194, 0.32351577281951904, 0.16372835636138916, 1.2442903518676758, -1.4739878177642822, 0.15295761823654175, -1.6944507360458374, -0.05889327824115753, -1.6287033557891846, 0.007993821054697037, 1.8326014280319214, -0.10677959024906158, -0.779962420463562, -0.8050254583358765, 0.42595022916793823, 0.6834389567375183, 0.9092071652412415, -0.8036946058273315]",yunet,Facenet,1920,1080,/home/amos/media/tv/modern_family/Modern.Family.S09.1080p.DSNP.WEB-DL.DDP5.1.H.264-CRFW/Modern.Family.S09E21.The.Escape.1080p.DSNP.WEB-DL.DDP5.1.H.264-CRFW.mkv,Modern Family,2009,1442437,9,21,Sarah Hyland,91351.0,0.688
19,696,174,954,516,882,318,762,318,0.925,456,0,"[-1.8896989822387695, -0.47368383407592773, -0.4776349365711212, 0.4465814530849457, 1.9220566749572754, -1.5577986240386963, -1.0592013597488403, 0.13578172028064728, -0.15757325291633606, 0.007122121751308441, 1.7444050312042236, 0.3024957776069641, -0.05345544591546059, -1.3191626071929932, 0.24564899504184723, 1.9096119403839111, 0.00025622546672821045, -0.41137564182281494, -2.2579307556152344, 1.0966548919677734, 0.32471200823783875, 0.27165526151657104, 0.9418044686317444, 1.2205181121826172, -0.42660847306251526, 0.2481060028076172, -0.43312424421310425, 0.8311486840248108, 0.6757883429527283, -2.1185667514801025, 0.9198800325393677, -0.10440930724143982, 0.8769453167915344, -0.4496304988861084, 0.326494961977005, 2.8758864402770996, -2.4275496006011963, 0.15669295191764832, 0.20392313599586487, 0.4407598078250885, -1.2150503396987915, -0.2771223485469818, 1.0299044847488403, -0.4211294949054718, -1.0376908779144287, 0.5487388372421265, -0.892297089099884, -0.7999181747436523, -2.369173049926758, -0.4621942937374115, 0.36261093616485596, -1.3771967887878418, -0.06816016882658005, 2.0847880840301514, -0.15997330844402313, -0.44010648131370544, -1.30782151222229, -0.45513656735420227, -1.0988121032714844, 0.1460959017276764, 0.08653158694505692, -0.9680442214012146, -1.8629028797149658, -0.7867962718009949, 1.0203144550323486, -1.7596302032470703, 0.3201967775821686, -0.6718267202377319, 0.7028270363807678, 1.2740932703018188, -0.15870468318462372, 0.5013102293014526, -1.8167346715927124, 1.7128037214279175, 1.307070255279541, 0.5055598020553589, 1.4541680812835693, 0.8844797611236572, 0.6022703647613525, 0.739870011806488, 1.3054543733596802, 0.31840774416923523, -0.22487872838974, -0.5769038796424866, -0.8814480900764465, 0.47502651810646057, 0.8206181526184082, -1.14570951461792, -1.3056249618530273, -0.45971885323524475, 0.8714082837104797, -0.9076868295669556, -0.47090137004852295, -0.695512592792511, -0.2081899642944336, -0.48058897256851196, -1.7936604022979736, 0.4534543454647064, 0.29573240876197815, -0.6516801118850708, -2.095306873321533, -1.2884074449539185, -1.2315231561660767, 1.196394920349121, 1.0648128986358643, -1.4575179815292358, 1.234175443649292, -1.076020359992981, 0.08694392442703247, 0.06981457769870758, 1.3852591514587402, 0.3319151997566223, 0.7548633813858032, 0.5642702579498291, 0.47871971130371094, 0.5722223520278931, 0.6802282333374023, -0.14622312784194946, -0.8631388545036316, 0.1382828950881958, 0.35272306203842163, -1.1732596158981323, 0.20722782611846924, -0.1540527194738388, 0.38603734970092773, -0.4030907452106476, -0.20987042784690857, 1.272995114326477]",yunet,Facenet,1920,1080,/home/amos/media/tv/modern_family/Modern.Family.S09.1080p.DSNP.WEB-DL.DDP5.1.H.264-CRFW/Modern.Family.S09E21.The.Escape.1080p.DSNP.WEB-DL.DDP5.1.H.264-CRFW.mkv,Modern Family,2009,1442437,9,21,Julie Bowen,31171.0,0.759
20,876,228,1128,570,1044,360,930,360,0.921,480,0,"[-2.5116660594940186, -0.8927843570709229, 0.14197340607643127, -0.26193246245384216, 1.975703239440918, -1.7332683801651, -1.943521499633789, 0.5114685893058777, 0.39321058988571167, -0.32684633135795593, 1.3973840475082397, -0.47945186495780945, 0.2947670817375183, -0.19596776366233826, -0.24623078107833862, 1.560974359512329, -0.38965195417404175, -0.6820347309112549, -2.215209722518921, -0.3267717957496643, -0.5633895397186279, -0.02477971836924553, 0.0019827671349048615, 0.8215830326080322, -0.969810426235199, -0.2441658079624176, -0.33117932081222534, 1.4382896423339844, 0.1765120029449463, -1.6689722537994385, 0.4559674859046936, -0.08182716369628906, 0.3458288013935089, -0.987485408782959, -0.07804181426763535, 2.1312131881713867, -1.5829967260360718, 0.3144107758998871, 0.36281782388687134, -0.4869769513607025, -0.49788618087768555, -1.4660794734954834, 0.8259313106536865, -0.10723309218883514, -0.6722354292869568, -0.23492243885993958, -1.0457764863967896, -0.4312199354171753, -1.03629732131958, -0.23681578040122986, -0.05879717320203781, -1.2162196636199951, -0.48676934838294983, 1.7176591157913208, -0.6011738777160645, -1.09745454788208, -0.6702821850776672, -0.9277899861335754, -1.2372404336929321, 0.47458985447883606, -0.6847664713859558, 0.051017045974731445, -2.2820310592651367, 1.112270712852478, 0.517280101776123, -0.48006951808929443, -0.2268342673778534, -1.2388317584991455, 1.1372052431106567, 1.3829275369644165, -0.40511372685432434, 0.5516105890274048, -1.724116563796997, 1.8334671258926392, 0.8853374719619751, 0.644962728023529, 0.8812241554260254, 0.73951655626297, 1.074960708618164, 0.7269185781478882, 0.562767744064331, 0.282667338848114, 0.5915834903717041, -0.6149489283561707, -0.006571725010871887, -0.3525155186653137, 0.7690573334693909, -0.4190055727958679, -2.3235926628112793, -0.6249412894248962, 1.4365702867507935, -1.1014705896377563, -0.7473240494728088, -0.9505553245544434, 0.3001074194908142, 0.30452367663383484, -1.890552043914795, 1.6162569522857666, -0.0802200585603714, -1.5499814748764038, -2.0045130252838135, -0.9570044875144958, -0.905887246131897, 0.9139065146446228, 0.8540835976600647, -0.1805163472890854, 1.5993611812591553, -0.9058252573013306, -0.2017437368631363, -0.044061824679374695, 1.4712796211242676, -0.5423898696899414, -0.2489514946937561, 0.6444098949432373, -0.3648275136947632, 0.9180456399917603, 2.411715269088745, -0.35810884833335876, -2.4541947841644287, 0.16921158134937286, 0.7626695036888123, -0.6364983320236206, 0.8273603916168213, -0.2770095467567444, 0.004391442984342575, -1.315648078918457, -0.2895050346851349, 0.9118353128433228]",yunet,Facenet,1920,1080,/home/amos/media/tv/modern_family/Modern.Family.S09.1080p.DSNP.WEB-DL.DDP5.1.H.264-CRFW/Modern.Family.S09E21.The.Escape.1080p.DSNP.WEB-DL.DDP5.1.H.264-CRFW.mkv,Modern Family,2009,1442437,9,21,Julie Bowen,31171.0,0.793
21,1014,168,1242,456,1170,282,1068,282,0.935,504,0,"[-1.9440230131149292, -1.2740134000778198, 0.38904955983161926, 1.6847766637802124, 0.6798631548881531, -0.6368598937988281, -0.3538440465927124, -0.939138650894165, -0.4172719120979309, 2.233158588409424, -1.342413067817688, 0.694210410118103, -0.10149213671684265, 0.16203519701957703, -0.4258001744747162, -0.2176566869020462, -0.0925794392824173, -0.7211170196533203, -1.1035205125808716, 0.32152441143989563, -0.24861887097358704, 1.172488808631897, -0.49841365218162537, 0.5438446998596191, 0.3098525106906891, 1.1327611207962036, 0.6933300495147705, -0.7515146732330322, 3.786146640777588, 0.8367695212364197, 0.8336597681045532, -1.9325109720230103, -0.5680236220359802, -1.104280710220337, 1.7390340566635132, -0.6470729112625122, -2.089182138442993, 1.761426329612732, -0.690643310546875, -2.1075451374053955, -1.0358002185821533, 1.1424105167388916, -0.0719553679227829, 1.9989657402038574, 0.2756213843822479, -0.9677715301513672, -0.2793910801410675, 0.21689292788505554, -0.4705396294593811, 0.8544151782989502, 0.18416130542755127, 1.5794566869735718, 1.6640324592590332, -0.5609219670295715, -0.5887066125869751, -1.1104216575622559, 0.9280165433883667, -0.7159048914909363, -0.06574808806180954, 0.631449818611145, 0.3611766993999481, 0.6834664940834045, -0.8449158072471619, -0.5035539865493774, -1.4551922082901, 1.90806245803833, -0.3926583230495453, 0.3600817620754242, 0.14862748980522156, 1.3105322122573853, -0.03470658138394356, -1.2755906581878662, -1.4687504768371582, -1.3362847566604614, 0.9178692102432251, -0.1886151134967804, 0.49756285548210144, -0.3170412480831146, 0.5759711265563965, 0.032608985900878906, 0.06353799253702164, 0.11642097681760788, 0.17937928438186646, 0.9652136564254761, -0.828578770160675, 1.121057391166687, 0.17666095495224, 0.2746766209602356, -0.16533580422401428, -1.9190587997436523, -0.5040653944015503, 0.9176884889602661, 0.10995003581047058, 0.7825064659118652, 1.767062783241272, -0.03577063977718353, 0.11095333099365234, -0.3354034125804901, 0.8063893914222717, -0.9998337626457214, 0.49006128311157227, 0.7410858273506165, -0.8188338875770569, 1.4253581762313843, 1.4816606044769287, 0.5677230954170227, 0.2452792227268219, -0.5592327117919922, 0.5073469281196594, -0.253989577293396, 0.8936299085617065, -0.5930764079093933, -0.23257023096084595, 1.269310712814331, -1.0555825233459473, -0.07656916975975037, -1.4440966844558716, 0.2538265585899353, -1.316043496131897, -0.3139842748641968, 2.01916766166687, -0.38844773173332214, -1.4163362979888916, -1.3805150985717773, 0.7227367758750916, 0.15527784824371338, 1.5451210737228394, -0.7146058678627014]",yunet,Facenet,1920,1080,/home/amos/media/tv/modern_family/Modern.Family.S09.1080p.DSNP.WEB-DL.DDP5.1.H.264-CRFW/Modern.Family.S09E21.The.Escape.1080p.DSNP.WEB-DL.DDP5.1.H.264-CRFW.mkv,Modern Family,2009,1442437,9,21,Sarah Hyland,91351.0,0.765
22,768,144,1032,504,960,288,840,288,0.922,528,0,"[-1.5767954587936401, 0.7441505193710327, -0.009634178131818771, -0.7254349589347839, 0.7914695739746094, -2.0237886905670166, -1.3037840127944946, 1.3180385828018188, 0.0830741748213768, 0.5827820301055908, -0.550155758857727, 0.7893020510673523, -0.5842394232749939, -0.17951704561710358, 0.04098239913582802, 0.9788292050361633, -1.278817057609558, -1.0078935623168945, -1.6536141633987427, -0.4610480070114136, 0.48218628764152527, 0.5339900851249695, -0.24423560500144958, 1.1148760318756104, -1.258762240409851, 1.3583309650421143, -1.2326372861862183, 0.18719378113746643, 1.4626069068908691, -1.2539186477661133, -0.48682674765586853, -0.22891844809055328, 0.29065147042274475, -2.123086929321289, 1.2671478986740112, 1.1396913528442383, -1.9294912815093994, 0.7004977464675903, 1.1794559955596924, -0.4439272880554199, -1.0117385387420654, 0.4487708508968353, -0.773452639579773, -0.7558761835098267, -0.6313499212265015, 1.3648122549057007, -0.5777625441551208, -0.4201652407646179, -1.5070595741271973, 0.43412959575653076, 0.4460914731025696, -0.6213263273239136, 0.6356997489929199, 0.07202784717082977, -0.3049531579017639, -0.6724575161933899, 0.13923585414886475, -1.3852484226226807, -0.07901826500892639, 1.4533175230026245, -0.156022310256958, -0.8524510264396667, -2.6307246685028076, -1.1429942846298218, 0.6438444256782532, -1.299942970275879, 0.0504181832075119, -0.6254504919052124, 1.968785285949707, 1.033458948135376, -0.5270707607269287, 1.4909002780914307, -2.2419943809509277, 0.5497757196426392, 1.4088993072509766, -0.7229868173599243, 0.47238990664482117, 0.7933356761932373, 0.9567754864692688, -0.5690040588378906, 0.5088180899620056, -1.283948540687561, 0.433233380317688, -1.7455822229385376, -1.0527868270874023, 0.44134321808815, 0.521578311920166, -0.3730625510215759, -1.1752504110336304, 0.12563107907772064, 0.90052330493927, 0.21841831505298615, -0.48703357577323914, -1.0281152725219727, 0.41723957657814026, 0.09285184741020203, 0.18853317201137543, 1.0679715871810913, 0.9072897434234619, -0.9734481573104858, -1.5181111097335815, -0.5660706162452698, -1.0277243852615356, 0.8436019420623779, 1.1707087755203247, -1.6621267795562744, 1.1719058752059937, -0.03075321763753891, 0.013313811272382736, 1.7489572763442993, 1.5083136558532715, -1.285832166671753, -0.6438252925872803, 0.9238400459289551, -0.17108286917209625, 0.672189474105835, 1.3597040176391602, 0.8418636322021484, -0.3609243631362915, -0.34232985973358154, 0.6705260276794434, -0.7315433025360107, -1.5849454402923584, -0.07147998362779617, -0.4413222074508667, -1.0075668096542358, -1.6713144779205322, -0.000987909734249115]",yunet,Facenet,1920,1080,/home/amos/media/tv/modern_family/Modern.Family.S09.1080p.DSNP.WEB-DL.DDP5.1.H.264-CRFW/Modern.Family.S09E21.The.Escape.1080p.DSNP.WEB-DL.DDP5.1.H.264-CRFW.mkv,Modern Family,2009,1442437,9,21,Julie Bowen,31171.0,0.684
23,630,270,912,630,834,408,702,408,0.926,552,0,"[-2.7632687091827393, -0.8621611595153809, 0.4481068551540375, -0.6810033321380615, 2.3078060150146484, -1.5597748756408691, -1.214859127998352, 0.397119402885437, 0.1541004180908203, -0.3316507637500763, 1.2570871114730835, 0.06880618631839752, 0.5729672908782959, -0.6940652132034302, 0.26505863666534424, 1.9009605646133423, 0.20176680386066437, -0.6775602102279663, -2.151707887649536, -0.6995691061019897, -0.8822476863861084, 0.15286217629909515, -0.20966437458992004, 0.6102489233016968, -1.2576313018798828, -0.07231765240430832, -0.4732680320739746, 1.5196735858917236, 0.02549857646226883, -1.242545485496521, -0.007545463740825653, -0.48265475034713745, 0.5098676085472107, -1.4424078464508057, 0.43003031611442566, 2.487349033355713, -1.7667651176452637, 0.7148146033287048, -0.17933017015457153, -0.5515943765640259, -0.22462835907936096, -1.456939935684204, -0.24847975373268127, 0.030938565731048584, -0.6991676688194275, -0.9217260479927063, -1.0934169292449951, -1.271990418434143, -0.9210933446884155, -0.6303203105926514, 0.5464643836021423, -1.771303653717041, -0.7374820709228516, 0.5686074495315552, -0.7717788219451904, -1.020274043083191, -0.8884151577949524, -1.6719920635223389, -1.2632863521575928, 0.17717483639717102, -0.6411994695663452, -0.5938841700553894, -1.72231125831604, -0.06147065386176109, -0.23032882809638977, -1.0572600364685059, -0.24335095286369324, -0.9904272556304932, 1.7839021682739258, 1.54202139377594, -0.14941762387752533, 0.6204140186309814, -1.8686116933822632, 0.9757532477378845, 2.1885132789611816, 0.7348722815513611, 0.7305289506912231, 1.06764817237854, 0.8341038227081299, 0.8800173401832581, 0.3868257701396942, 0.47811806201934814, -1.004609227180481, -1.029045581817627, -0.4227108061313629, 0.5748443603515625, 1.1773099899291992, -0.7043084502220154, -2.1393308639526367, 0.3984258770942688, 1.4269274473190308, -1.2055128812789917, -0.19628840684890747, -0.8478068113327026, -0.2667112350463867, -0.010160455480217934, -1.2426179647445679, 1.4880646467208862, 0.39842939376831055, -0.4652034640312195, -1.6476114988327026, -0.2695308327674866, -0.6422204971313477, 0.2436266988515854, 1.3654004335403442, -0.5372629761695862, 0.8505700826644897, -1.470727801322937, -0.42741674184799194, 0.8392478823661804, 1.0335352420806885, 0.4439764618873596, -0.5038155317306519, 0.38641637563705444, -0.15593977272510529, 0.695792555809021, 1.694032907485962, -0.6693755388259888, -2.7393081188201904, 0.19975271821022034, 0.45387595891952515, -0.6116352081298828, 0.5670779943466187, -0.1616210788488388, -0.15804073214530945, -0.710442841053009, -1.0747708082199097, 1.1237977743148804]",yunet,Facenet,1920,1080,/home/amos/media/tv/modern_family/Modern.Family.S09.1080p.DSNP.WEB-DL.DDP5.1.H.264-CRFW/Modern.Family.S09E21.The.Escape.1080p.DSNP.WEB-DL.DDP5.1.H.264-CRFW.mkv,Modern Family,2009,1442437,9,21,Julie Bowen,31171.0,0.702
24,948,180,1164,456,1110,288,1002,288,0.935,576,0,"[-1.3200864791870117, -1.254042387008667, 1.0209991931915283, 1.3796743154525757, 1.2890262603759766, 0.5458135008811951, 0.36510929465293884, -2.3269357681274414, 0.6035661101341248, 2.4682393074035645, -1.6701878309249878, 1.4660489559173584, -0.08070407807826996, -0.19134272634983063, -0.2740095555782318, 0.3157832622528076, -0.3929716944694519, -0.34219539165496826, 0.19793114066123962, -0.2807398736476898, 0.1518993079662323, 0.49274328351020813, -0.7981404066085815, 0.4510631859302521, -0.20212756097316742, 0.5212602615356445, 0.49279436469078064, -1.8420644998550415, 3.3917384147644043, 1.8068991899490356, 0.8967869281768799, -2.5148024559020996, -0.7112430334091187, -1.9246764183044434, 1.801603078842163, -0.1912233978509903, -2.470391035079956, 1.6629321575164795, -1.3291313648223877, -1.5426310300827026, 0.0012341458350419998, 0.8181202411651611, -0.6349868774414062, 2.5745363235473633, 0.511489987373352, -0.7216134071350098, -0.6869232058525085, 0.7328777313232422, 0.065610870718956, 0.3222666382789612, -0.3128551244735718, 0.8929237723350525, 1.1477067470550537, -0.5795421600341797, -0.38365915417671204, -1.1312081813812256, 1.5562689304351807, -0.762515664100647, 0.8275258541107178, 0.8117631077766418, 0.1694110631942749, 0.9618965983390808, -0.4658363461494446, -0.8635555505752563, -1.0473326444625854, 2.1916589736938477, 0.33883216977119446, 0.43539148569107056, 0.19976219534873962, 1.674331784248352, -0.20278634130954742, -1.000827431678772, -1.4465854167938232, -0.9166766405105591, 0.6007241606712341, -0.5552791953086853, -0.12378884851932526, -0.37630215287208557, -0.3528138995170593, 0.08911828696727753, -0.2955526113510132, -0.5906404256820679, -0.05898372828960419, 0.285203218460083, -1.1379406452178955, 0.2256374955177307, -0.07295708358287811, 0.5502608418464661, -0.12648314237594604, -1.6214628219604492, -0.01747175306081772, 1.2685617208480835, 0.8338304758071899, 0.32658088207244873, 0.8823966383934021, 0.35487100481987, 0.3387749195098877, -0.3472963571548462, 0.6318517923355103, -0.13446789979934692, 0.10772006213665009, 0.41561537981033325, -1.1200441122055054, 0.7233269810676575, 1.5922436714172363, 0.18898874521255493, -0.2775894105434418, -0.13608604669570923, 1.409966230392456, -0.4864337146282196, 0.5425496101379395, -0.6278389692306519, -0.27428826689720154, 0.8494434356689453, -1.2557744979858398, -0.12819451093673706, -0.6998730897903442, 0.6986929178237915, -1.0135161876678467, 0.08543482422828674, 2.0079915523529053, -0.4258021116256714, -0.7453938126564026, -1.8714550733566284, 1.5217186212539673, 0.088503398001194, 1.3890297412872314, -1.2551873922348022]",yunet,Facenet,1920,1080,/home/amos/media/tv/modern_family/Modern.Family.S09.1080p.DSNP.WEB-DL.DDP5.1.H.264-CRFW/Modern.Family.S09E21.The.Escape.1080p.DSNP.WEB-DL.DDP5.1.H.264-CRFW.mkv,Modern Family,2009,1442437,9,21,Sarah Hyland,91351.0,0.722
25,870,156,1092,444,1050,264,936,270,0.923,600,0,"[-1.1382572650909424, -1.0970925092697144, 0.984222948551178, 1.647071123123169, 1.218382716178894, 0.25214484333992004, 1.0381810665130615, -2.1063761711120605, 0.6803247928619385, 2.0129828453063965, -1.5280342102050781, 0.44860464334487915, 0.30059850215911865, -0.841172456741333, -0.5623698234558105, -0.30800753831863403, -0.6063755750656128, -0.6370847225189209, -0.5812669992446899, -0.12871971726417542, 0.5465735197067261, -0.1505429595708847, 0.8007639050483704, 0.4397262632846832, -0.4628587067127228, 0.5999643802642822, 1.8397860527038574, -2.0962510108947754, 3.1449637413024902, 2.2044007778167725, -0.008432216942310333, -1.7138655185699463, -0.43525686860084534, -1.616428256034851, 1.194541335105896, -1.5041767358779907, -1.4892494678497314, 1.044538974761963, -0.658170223236084, -1.8089302778244019, 0.04944971948862076, -0.6087022423744202, -1.5020596981048584, 1.8963571786880493, 0.3741253614425659, -0.38469958305358887, 0.40542173385620117, -0.03513999655842781, -0.007367134094238281, 0.29853400588035583, -0.8511456847190857, 1.2037365436553955, 0.9814477562904358, -0.18197780847549438, -0.6230680346488953, -0.3264801800251007, 1.3365482091903687, -0.8674363493919373, 0.7474989295005798, 1.3829482793807983, -0.07922466099262238, -0.27300789952278137, 0.15125784277915955, -1.4227373600006104, -1.1569697856903076, 2.272671937942505, 0.41513338685035706, 0.41800054907798767, 0.12441494315862656, 1.3679561614990234, -0.6935317516326904, -0.6034116744995117, -0.625571608543396, -0.24345262348651886, 0.49422597885131836, -0.612878680229187, -0.2645026445388794, -0.7732330560684204, -0.14100465178489685, -0.9212237000465393, -0.7097460627555847, -0.27354100346565247, 0.563210666179657, 0.641387403011322, -0.25572752952575684, 0.6835899353027344, 0.16852183640003204, -0.7986998558044434, 0.029645919799804688, -0.9109542965888977, -0.7321760058403015, 1.0919078588485718, 0.580451250076294, -0.10456619411706924, 0.5110634565353394, 0.9562197923660278, 0.22285082936286926, -0.17858228087425232, -0.215628981590271, -1.455640435218811, -0.19044367969036102, -0.02287057414650917, -0.23294425010681152, 1.4422143697738647, 1.8321750164031982, 0.9648674130439758, -0.6043587327003479, 0.3617069721221924, 1.1477879285812378, -0.20533616840839386, 0.5448479652404785, -0.4037936329841614, -0.2907116413116455, 0.3330498933792114, -0.9522127509117126, -0.07606589794158936, -1.5144301652908325, 0.057736821472644806, -1.0221771001815796, -0.36086326837539673, 2.4751460552215576, -0.8184698820114136, -1.3299142122268677, -1.043164610862732, -0.08580411970615387, 0.7521536946296692, 0.9984970688819885, -0.9455837607383728]",yunet,Facenet,1920,1080,/home/amos/media/tv/modern_family/Modern.Family.S09.1080p.DSNP.WEB-DL.DDP5.1.H.264-CRFW/Modern.Family.S09E21.The.Escape.1080p.DSNP.WEB-DL.DDP5.1.H.264-CRFW.mkv,Modern Family,2009,1442437,9,21,Sarah Hyland,91351.0,0.731
26,816,168,1044,456,984,276,870,276,0.94,624,0,"[-0.8214401006698608, -0.7588168382644653, -0.010157277807593346, 1.4842244386672974, 1.5304704904556274, -0.2021586298942566, 0.3386647701263428, -2.416219711303711, 1.155301809310913, 2.7548937797546387, -1.1462560892105103, 0.4440929889678955, -0.36719810962677, -0.9199949502944946, -0.2726271450519562, -0.20488879084587097, -0.2569233775138855, -0.15008869767189026, -0.42987605929374695, -0.8108112812042236, 1.0080323219299316, -0.8912228941917419, 0.5639245510101318, 1.253123164176941, -0.7727462649345398, 0.13399991393089294, 1.963536262512207, -2.357644557952881, 2.833606719970703, 2.682029962539673, -0.28558433055877686, -1.0842562913894653, 0.10475698858499527, -1.404315710067749, 1.489607810974121, -1.054631233215332, -2.2152841091156006, 1.9190587997436523, -0.9272456765174866, -1.6364771127700806, 0.6534531712532043, -1.0104643106460571, -1.2045258283615112, 2.060248374938965, -0.3695312738418579, -1.0754022598266602, 0.6385741829872131, -0.6241260766983032, -0.10759171843528748, -0.9811991453170776, -0.5015109777450562, 0.29042088985443115, 1.0648438930511475, -0.44399696588516235, -0.012996722012758255, -0.07291894406080246, 1.4509987831115723, -1.049207329750061, 1.0865907669067383, 0.7791257500648499, -0.5710422992706299, 0.2156466692686081, -0.566611111164093, -1.6486728191375732, -0.2852080464363098, 1.6089046001434326, 0.46763235330581665, 0.8552808165550232, -0.004706013947725296, 1.7774561643600464, -0.4216671586036682, -0.6968259811401367, -0.6352667808532715, -0.058163825422525406, 0.21635256707668304, -0.6017258167266846, 0.4350353181362152, -0.8745833039283752, -0.8690114617347717, -2.1370034217834473, 0.19234797358512878, -0.9184058904647827, 0.10324195772409439, 0.4872017204761505, -0.7233895659446716, 0.9254034757614136, -0.00603245384991169, -0.941693127155304, -0.3591414988040924, -1.3788248300552368, -0.1514151692390442, 1.0252059698104858, 0.6209756135940552, -0.48173531889915466, 0.3027939796447754, 0.22037525475025177, 0.5865758061408997, -0.34762006998062134, -0.45811259746551514, -1.0288383960723877, -1.5489935874938965, 0.06687705963850021, -0.6385753750801086, 0.6308256983757019, 2.3151683807373047, 0.2534535527229309, -0.04562811926007271, -0.3291211426258087, 1.4141474962234497, 0.5980250835418701, 0.08775988221168518, 0.019209470599889755, -1.1038188934326172, 0.636641263961792, -1.8955243825912476, -0.6782854795455933, -1.6326298713684082, -0.15287524461746216, -0.5708559155464172, 0.5976616144180298, 1.6384090185165405, -0.3775600790977478, -0.7462742924690247, -1.0844180583953857, 0.861623227596283, 0.9195213913917542, 1.5311081409454346, -0.5632845163345337]",yunet,Facenet,1920,1080,/home/amos/media/tv/modern_family/Modern.Family.S09.1080p.DSNP.WEB-DL.DDP5.1.H.264-CRFW/Modern.Family.S09E21.The.Escape.1080p.DSNP.WEB-DL.DDP5.1.H.264-CRFW.mkv,Modern Family,2009,1442437,9,21,Sarah Hyland,91351.0,0.601
27,738,126,948,432,918,246,822,246,0.918,648,0,"[-1.1121337413787842, 0.15681098401546478, 0.19414997100830078, -0.8642837405204773, 0.670842170715332, -1.255624771118164, -0.64620441198349, 0.7311663627624512, 0.04283388704061508, -0.8872283697128296, -0.7534810304641724, 0.20757877826690674, 0.5235745906829834, -0.2821071147918701, 1.1499234437942505, 1.4061590433120728, -0.861051082611084, -1.3046869039535522, -2.2362868785858154, -0.7004774808883667, -0.2206181436777115, 1.4004048109054565, 0.6103675961494446, 0.3946904242038727, -0.6750296950340271, 0.23512259125709534, -0.9929138422012329, 0.07007104158401489, 0.8412927389144897, -2.1516168117523193, -1.010276198387146, -2.3379199504852295, 1.110863208770752, -1.9261001348495483, 0.6377812027931213, 2.5666704177856445, -0.6386824250221252, 0.5190416574478149, 0.5461274981498718, -1.1593977212905884, -1.5508008003234863, 0.052050165832042694, -0.2726052403450012, -1.3134279251098633, -0.9585690498352051, 1.8407762050628662, -0.7250931859016418, -1.4209338426589966, -2.2504420280456543, -0.4940710961818695, 0.18951505422592163, -1.6291530132293701, -0.2690049111843109, -0.25225043296813965, -0.4422300457954407, 0.021314969286322594, -0.5333476662635803, -0.3694438636302948, 0.43814003467559814, 0.5376123785972595, -0.6353063583374023, -0.41495460271835327, -2.130833864212036, -0.5224834680557251, 0.5004011392593384, -1.0864466428756714, -0.043894775211811066, -1.1580051183700562, 1.129004955291748, 0.7075471878051758, 0.3606925904750824, 1.5844776630401611, -2.682551383972168, -1.117104411125183, 1.608439564704895, 0.746464729309082, -0.5373992323875427, 0.9101939797401428, 1.138496994972229, -0.03835020586848259, 0.3928452432155609, -0.017649494111537933, -0.27831435203552246, -0.38564756512641907, -0.16664275527000427, -0.716138482093811, 1.2602558135986328, 0.019731968641281128, -1.2495369911193848, -0.7667706608772278, 1.864569902420044, -0.7190834283828735, 0.2315208613872528, -1.1442680358886719, -1.6399502754211426, 0.4672686457633972, -0.6040685772895813, 0.4994553327560425, 1.5910279750823975, 0.1913176029920578, -1.1111942529678345, -1.0402309894561768, -0.16347545385360718, 1.2316510677337646, 0.8852933049201965, -1.4862315654754639, 0.5090213418006897, -1.1703482866287231, 0.18586866557598114, 1.9574358463287354, 1.2908775806427002, -1.0537210702896118, 0.05763734504580498, 1.0361506938934326, 0.3199564516544342, 0.04283102601766586, 0.9153095483779907, 1.7908326387405396, -0.5403372645378113, 0.1770724505186081, 1.164658784866333, -0.6272046566009521, -0.7016527056694031, 0.7107638716697693, -0.3563617467880249, -0.6712594032287598, -0.9763442277908325, -0.020812831819057465]",yunet,Facenet,1920,1080,/home/amos/media/tv/modern_family/Modern.Family.S09.1080p.DSNP.WEB-DL.DDP5.1.H.264-CRFW/Modern.Family.S09E21.The.Escape.1080p.DSNP.WEB-DL.DDP5.1.H.264-CRFW.mkv,Modern Family,2009,1442437,9,21,Julie Bowen,31171.0,0.65
28,414,204,612,450,552,306,456,300,0.905,672,0,"[-1.2810221910476685, -0.0036652907729148865, 0.8110990524291992, -0.9965882301330566, 0.0765564814209938, -0.21041908860206604, -0.3263927698135376, 0.7910043001174927, -0.00859033316373825, -0.36262521147727966, 1.1897454261779785, 0.9721465706825256, 0.023396000266075134, 0.7634880542755127, -0.536730170249939, 0.42199230194091797, -0.03926362842321396, -0.3927140235900879, -0.26323628425598145, 0.07725811004638672, -0.860690712928772, -0.008770352229475975, 0.0328059121966362, 0.6786039471626282, -0.06229996308684349, 0.9007997512817383, 0.7203682661056519, 0.5284711122512817, -0.11420795321464539, -1.0195963382720947, -0.024223335087299347, 0.6051238179206848, 0.17127154767513275, 0.2263754904270172, 0.1695612519979477, 0.19825772941112518, -0.008137587457895279, -0.19153380393981934, 0.47576507925987244, 0.1267821192741394, -0.8133879899978638, -0.3940510153770447, -0.31407344341278076, 1.1282657384872437, -0.935065746307373, -0.45443883538246155, 0.04358630254864693, -0.9802663326263428, -0.45438456535339355, 0.9729926586151123, -0.09023788571357727, 0.401267945766449, 0.5207915306091309, -0.25377291440963745, 0.6301969289779663, 0.4322614073753357, 0.4882117509841919, 0.20379239320755005, -0.5446833968162537, -0.0346931554377079, -0.09431689977645874, 0.3532576560974121, -0.35573911666870117, 0.10604351758956909, 0.31960371136665344, 0.13471870124340057, -0.8598574995994568, 0.44871756434440613, 0.27547594904899597, 0.25396573543548584, -0.7512796521186829, 0.22836297750473022, -0.3015659749507904, 0.30286073684692383, 0.1124805212020874, 0.17656069993972778, -0.5768559575080872, -0.6961480379104614, 0.22527265548706055, -0.1306229680776596, -0.013641903176903725, -0.3901940584182739, 0.17270928621292114, 0.41013848781585693, 0.7799314856529236, 0.5126287937164307, 0.5625394582748413, 0.8355547189712524, -0.12920117378234863, 0.2368430346250534, -0.5240752696990967, -0.900059700012207, -0.47996968030929565, -1.2833101749420166, 1.317930817604065, 0.8668774366378784, -0.3688085973262787, -0.2314697653055191, 0.2216378152370453, -1.228910207748413, -0.33221662044525146, 0.2560904622077942, -0.5173332691192627, -0.3700712025165558, 0.14859098196029663, -0.4001285433769226, 0.4679214060306549, 0.23704996705055237, 0.6475486755371094, -1.3418638706207275, 1.0615158081054688, -0.2234787493944168, 0.8760449886322021, 0.32582148909568787, 0.13121730089187622, 0.9074999094009399, 0.8507455587387085, 0.5129265189170837, 1.0412677526474, -0.08949153125286102, 0.0423426479101181, -0.19036152958869934, 0.09879893809556961, -0.31868261098861694, 0.5267214179039001, -0.7402887344360352, 0.2988278269767761, 0.39026182889938354]",yunet,Facenet,1920,1080,/home/amos/media/tv/modern_family/Modern.Family.S09.1080p.DSNP.WEB-DL.DDP5.1.H.264-CRFW/Modern.Family.S09E21.The.Escape.1080p.DSNP.WEB-DL.DDP5.1.H.264-CRFW.mkv,Modern Family,2009,1442437,9,21,,,
29,1092,138,1242,336,1194,216,1128,216,0.935,696,0,"[0.7618539333343506, 0.9203262329101562, 0.37482523918151855, -0.09882184863090515, -0.050030436366796494, -0.4032590389251709, -1.232147455215454, 0.684749960899353, -0.1740245819091797, -1.0352516174316406, 0.24237966537475586, 1.238193392753601, 1.2216376066207886, -0.3709833323955536, -0.8448333740234375, 0.619832456111908, 0.1714860498905182, -0.4384852647781372, 0.20843398571014404, 1.4675556421279907, -1.0903704166412354, 1.847491979598999, -0.24748504161834717, 0.9951727390289307, 0.12652738392353058, 1.130806803703308, -2.0841116905212402, 2.627589702606201, 1.151663064956665, -1.8422398567199707, -0.24905076622962952, -0.530448317527771, -0.17703542113304138, -1.0340094566345215, 1.2546370029449463, 0.9286265969276428, 1.2719510793685913, -0.6256071925163269, 0.2972821593284607, 1.3383698463439941, -0.3848842978477478, 1.4728329181671143, -0.2785678803920746, -0.25281035900115967, -0.35383525490760803, 0.5532435178756714, 0.13073347508907318, -0.13872048258781433, -0.9461169242858887, -0.8233504295349121, 0.9417476654052734, -0.3879874646663666, -0.6991313695907593, -0.28684961795806885, 0.014273111708462238, 0.6719297766685486, 1.629922866821289, 1.2698057889938354, 0.39810389280319214, -0.22499844431877136, 1.8173483610153198, -0.3624473810195923, 0.5291340947151184, -0.4194033443927765, -1.094507098197937, 1.5604579448699951, 1.9026857614517212, 0.29443755745887756, 1.4878554344177246, -0.738524317741394, 0.06714347004890442, 0.8007984161376953, -1.278923511505127, 2.1944990158081055, -0.6675053238868713, 0.9236372113227844, -0.050678230822086334, 1.3950411081314087, 1.3527848720550537, 0.027559831738471985, 0.29182371497154236, -0.6886664628982544, 0.2822325527667999, 0.1328195482492447, -1.2602773904800415, -1.7068654298782349, 1.176417350769043, -0.3069610595703125, 0.39170777797698975, -0.013987850397825241, -0.19068005681037903, -1.5202947854995728, -0.5933210849761963, -0.45786648988723755, -0.46187853813171387, -0.23821529746055603, 0.46136733889579773, -1.1469216346740723, 0.4592694640159607, -0.2781241536140442, -0.9425241351127625, 0.5615148544311523, -1.3765007257461548, -0.2232806235551834, -0.4766067564487457, 0.3542139530181885, 0.055592749267816544, -1.1017394065856934, 0.6790400147438049, 0.6221479177474976, 0.6189360618591309, 0.5594868659973145, 1.7392526865005493, -0.21012039482593536, 0.730647087097168, 1.7273608446121216, -0.015613149851560593, -0.8610141277313232, 0.6135274767875671, -0.8157046437263489, -1.1130493879318237, 0.8445960283279419, -0.2965993285179138, -0.8232533931732178, 2.1302008628845215, 0.012232907116413116, 0.3461863696575165, -2.5560946464538574]",yunet,Facenet,1920,1080,/home/amos/media/tv/modern_family/Modern.Family.S09.1080p.DSNP.WEB-DL.DDP5.1.H.264-CRFW/Modern.Family.S09E21.The.Escape.1080p.DSNP.WEB-DL.DDP5.1.H.264-CRFW.mkv,Modern Family,2009,1442437,9,21,Ty Burrell,15232.0,0.746
30,270,318,432,534,384,396,312,402,0.927,696,1,"[-1.8732315301895142, -1.5152145624160767, 0.2664453089237213, -0.9134576916694641, 0.7648465633392334, -2.1387953758239746, -2.3501603603363037, 0.7089836597442627, 0.16502663493156433, -0.5223800539970398, 1.4423762559890747, -0.5255240201950073, 0.12970800697803497, 0.2247636914253235, -0.5570626258850098, 1.3280748128890991, 0.9052779674530029, -0.47572553157806396, -1.43721604347229, -1.0636653900146484, -1.0643808841705322, 0.017120730131864548, 0.18535116314888, 1.589394211769104, 0.5020442008972168, -0.4183007776737213, -0.1310569941997528, 1.5148646831512451, 0.06702982634305954, -2.2132420539855957, 0.01860629767179489, 0.15188142657279968, 0.5259522795677185, 0.32990145683288574, -0.25796371698379517, 1.335719108581543, -0.8120624423027039, 1.2116236686706543, 0.7382519841194153, -0.9944735765457153, -0.5670639872550964, -1.5412036180496216, 0.386385053396225, -0.49129998683929443, -1.08734929561615, -0.8010478019714355, -0.34796950221061707, -0.35823896527290344, -1.4167875051498413, 0.12882089614868164, -0.04913005977869034, -1.896952509880066, -0.4918241798877716, 1.6956901550292969, -0.07497096061706543, -0.5390356779098511, 1.1387802362442017, -1.3883763551712036, -1.6230449676513672, 0.38093602657318115, -0.4513367712497711, -0.4290653467178345, -1.6570881605148315, 1.3050788640975952, 1.139798879623413, -0.560611367225647, -0.36071375012397766, -1.3853868246078491, -0.21039044857025146, 1.282183289527893, -0.8379877805709839, 0.9135830402374268, -1.9345953464508057, 1.8494815826416016, 0.4591619372367859, -0.17012423276901245, 0.4317984879016876, -0.1845131665468216, 1.7207037210464478, 0.19712446630001068, 0.3026212751865387, 0.10146868228912354, 0.8220614194869995, -0.14685453474521637, 0.5559543967247009, 0.5442781448364258, 1.7924238443374634, -0.2556707262992859, -2.189008951187134, 0.22279402613639832, 1.476542592048645, -1.341566801071167, -0.5981502532958984, -1.5550333261489868, 1.4836419820785522, -0.4459734559059143, -0.6029800176620483, 2.0041165351867676, -0.1801735758781433, -2.0131547451019287, -1.242512822151184, -1.1885474920272827, -0.43251973390579224, 1.3447684049606323, 1.3906590938568115, 0.5640879273414612, 0.21901442110538483, -0.9679735898971558, -0.09241333603858948, -0.8337274193763733, 0.9473648071289062, -1.1815611124038696, 0.1801556944847107, 0.7048450708389282, -0.8841739296913147, -1.0769168138504028, 1.8998183012008667, 0.014599941670894623, -0.768466055393219, -0.1431017816066742, 0.1216898113489151, 0.13531416654586792, 0.062482766807079315, 0.44338908791542053, 0.4238027334213257, -0.5105472207069397, -0.6454061269760132, 0.543881893157959]",yunet,Facenet,1920,1080,/home/amos/media/tv/modern_family/Modern.Family.S09.1080p.DSNP.WEB-DL.DDP5.1.H.264-CRFW/Modern.Family.S09E21.The.Escape.1080p.DSNP.WEB-DL.DDP5.1.H.264-CRFW.mkv,Modern Family,2009,1442437,9,21,Julie Bowen,31171.0,0.679
31,1152,114,1326,336,1284,204,1206,204,0.942,720,0,"[0.5216376185417175, 1.9505115747451782, 0.5478575229644775, -0.6446399688720703, -0.16046592593193054, -0.8099936842918396, -1.4599897861480713, -0.13008533418178558, -1.0026240348815918, -1.5326935052871704, 0.2244991958141327, 1.3779875040054321, 1.3206350803375244, -0.769568920135498, -0.7182773351669312, -0.21943971514701843, 0.33296632766723633, -0.38280999660491943, -0.14573600888252258, 1.129569172859192, -1.5836068391799927, 1.4008761644363403, 0.21667999029159546, 1.0973269939422607, -0.22059603035449982, 1.7081716060638428, -2.9982669353485107, 3.1607232093811035, 0.5890874266624451, -1.8687227964401245, -0.862398624420166, -0.5275991559028625, -1.285891056060791, -0.4274695813655853, 1.2331987619400024, 1.446272373199463, 1.251961350440979, -0.1629667580127716, 0.6602172255516052, 1.5071752071380615, 0.20668284595012665, 0.9651641249656677, -0.8629509210586548, 0.3437400758266449, -0.07853192836046219, 0.816468358039856, 0.31336691975593567, 0.12763799726963043, -0.23909717798233032, -0.9515341520309448, 0.6356745362281799, -0.3698371350765228, 0.013912558555603027, -0.9601548314094543, -0.11647975444793701, 0.973601222038269, 1.3797045946121216, 0.30621546506881714, 0.9949868321418762, 0.43513455986976624, 1.5723531246185303, -0.5786736011505127, -0.9095950126647949, -0.1856055110692978, -0.825670599937439, 1.6169145107269287, 1.6693978309631348, -0.3765081465244293, 2.422928810119629, -0.47037574648857117, -0.20886793732643127, 1.4413036108016968, -0.9447792768478394, 1.8958173990249634, -0.23605599999427795, 1.1098175048828125, -0.47375157475471497, 1.3372846841812134, 1.3054214715957642, -0.4250977635383606, 0.6540358066558838, -0.4992353022098541, -0.3543878495693207, -0.14750932157039642, -0.5269415974617004, -1.1846036911010742, 0.7861790657043457, -0.10797549784183502, -0.2669793665409088, 0.9161367416381836, 0.42316851019859314, -1.286863088607788, -0.7836399674415588, -1.269726276397705, 0.2739297151565552, 0.1928127259016037, 1.3651198148727417, -0.7600213885307312, 0.37204405665397644, -0.6965386867523193, -0.5703880190849304, -0.13937997817993164, -1.7995421886444092, -0.16479991376399994, -1.2357017993927002, 0.7698855996131897, 0.9920247197151184, -1.11410653591156, 0.6214902997016907, -0.16211381554603577, -0.0020147226750850677, 1.214036464691162, 0.9620742797851562, 0.04259791225194931, 1.2330529689788818, 2.0283994674682617, -0.17375662922859192, -1.1103975772857666, 1.1770235300064087, 0.15319623053073883, -0.3688928484916687, 0.0377553254365921, -0.27819645404815674, -1.7318167686462402, 1.235512614250183, -0.769045889377594, 1.2500460147857666, -2.341776132583618]",yunet,Facenet,1920,1080,/home/amos/media/tv/modern_family/Modern.Family.S09.1080p.DSNP.WEB-DL.DDP5.1.H.264-CRFW/Modern.Family.S09E21.The.Escape.1080p.DSNP.WEB-DL.DDP5.1.H.264-CRFW.mkv,Modern Family,2009,1442437,9,21,Ty Burrell,15232.0,0.781
32,276,216,450,432,420,294,342,294,0.9,720,1,"[-1.4642868041992188, -0.4771369993686676, 0.972844660282135, -1.1127846240997314, 1.542353868484497, -1.5444517135620117, -1.102176547050476, 1.804505705833435, 0.01738494262099266, -0.4750826060771942, 0.08869811147451401, 0.5456192493438721, -0.4474297761917114, -0.2175626903772354, 0.3215186595916748, -0.11367440968751907, -0.26758095622062683, 0.9513156414031982, -0.9111445546150208, 0.21411748230457306, 1.1792161464691162, 1.004225492477417, 0.27278050780296326, -0.13099005818367004, -0.34092211723327637, 2.5052595138549805, -0.2188614159822464, -0.16069601476192474, 0.46169495582580566, -3.1771562099456787, -0.18715152144432068, 1.315494418144226, 1.1292246580123901, -1.789034128189087, 0.8275556564331055, 1.755422592163086, -1.4771912097930908, -0.5565153956413269, 0.3523567318916321, -1.1008074283599854, -1.6996653079986572, 0.9839097857475281, -0.12223881483078003, -0.9474477767944336, -1.1982321739196777, 1.6020350456237793, -0.7358907461166382, -1.1553750038146973, -2.2154951095581055, 1.388283133506775, 0.9280973076820374, -0.27581197023391724, -0.06295689195394516, -0.24205292761325836, 2.020158290863037, -0.569568932056427, -0.6560660004615784, -0.2666099965572357, -0.8766685128211975, -0.5301738381385803, 0.9170869588851929, -2.543318033218384, -0.3685181736946106, 0.09983009099960327, 0.1185271143913269, -1.369947910308838, -0.526107668876648, -1.5597951412200928, 1.4891687631607056, 0.808853030204773, -0.6146445274353027, 0.312910258769989, -1.5817480087280273, 0.4059606194496155, 1.2433032989501953, -1.2953461408615112, -0.5538413524627686, 0.3393447995185852, 0.3230527341365814, 0.6828851103782654, -0.26985904574394226, -0.27627432346343994, 0.20516562461853027, 0.6013141870498657, -0.5414154529571533, 1.2648500204086304, 1.2774840593338013, -1.2081393003463745, -0.1105944961309433, -0.031850576400756836, -0.596648097038269, 0.514555037021637, -1.4538376331329346, -0.5561710000038147, 0.4792317748069763, -0.3533674478530884, -0.5576525330543518, -0.26118364930152893, 0.8657346367835999, -1.7518643140792847, -1.6035809516906738, -0.06608521193265915, -0.20645269751548767, 0.47309377789497375, 1.469110369682312, -1.9720020294189453, 0.37370607256889343, 0.3906649351119995, 0.7273454666137695, 0.5702884793281555, 0.9537106156349182, -1.270294189453125, 0.5814846754074097, 2.3548078536987305, 1.081032156944275, 1.3479138612747192, 0.8729231357574463, 0.4199085533618927, 0.4159213602542877, -1.1791058778762817, -1.034044623374939, -0.38886839151382446, -1.5833656787872314, 0.7043179273605347, -1.1075220108032227, -0.5254283547401428, -1.7026362419128418, 0.2806679606437683]",yunet,Facenet,1920,1080,/home/amos/media/tv/modern_family/Modern.Family.S09.1080p.DSNP.WEB-DL.DDP5.1.H.264-CRFW/Modern.Family.S09E21.The.Escape.1080p.DSNP.WEB-DL.DDP5.1.H.264-CRFW.mkv,Modern Family,2009,1442437,9,21,Julie Bowen,31171.0,0.687
33,1320,102,1506,348,1464,198,1380,198,0.926,744,0,"[1.2111977338790894, 2.047299861907959, 0.0503501296043396, -0.36304551362991333, -0.01588273234665394, -0.30475306510925293, -1.3102885484695435, 0.17040811479091644, -0.39942666888237, -0.6727033853530884, 0.29130661487579346, 1.6319600343704224, 0.8013696670532227, -0.3328857421875, -0.8747843503952026, 0.11364081501960754, -0.06160217523574829, -1.1024357080459595, -0.47662097215652466, 0.686073899269104, -1.8763630390167236, 1.730198860168457, -0.5480728149414062, 0.5144305229187012, -0.3564947545528412, 0.7393972277641296, -2.562892198562622, 3.1873998641967773, 0.4737699031829834, -1.2588434219360352, -0.5556440353393555, -0.6312626004219055, -1.025606632232666, -1.0381397008895874, 1.277565360069275, 0.7418827414512634, 0.6580830812454224, 0.07661358267068863, 0.6554619073867798, 2.0062596797943115, 0.1742306798696518, 0.9155094027519226, -0.7145898342132568, 0.18824517726898193, -0.2514190077781677, 0.017082590609788895, 0.4087839722633362, -0.05036286264657974, -0.49179214239120483, -0.8457392454147339, 0.2160291075706482, -0.3188398778438568, 0.20988360047340393, -1.0601707696914673, -0.43391579389572144, 0.5077440738677979, 1.9679720401763916, 0.8675534129142761, 0.3306543529033661, -0.6572257280349731, 1.1494213342666626, -0.7128543257713318, -0.39755499362945557, -0.40354064106941223, -0.9515224695205688, 1.167149543762207, 1.440810203552246, 0.2633405923843384, 1.6476290225982666, -1.2793124914169312, -0.3255980312824249, 0.8993744850158691, -1.057154655456543, 1.3867676258087158, -0.3029749393463135, 1.1256873607635498, 0.3449702858924866, 1.8064601421356201, 1.2428687810897827, -0.2836865782737732, 0.8383136987686157, -1.1782097816467285, -0.028126312419772148, -0.36519283056259155, -1.279068112373352, -1.5444517135620117, 0.630466878414154, 0.04442967474460602, 0.18212772905826569, 0.5815821290016174, 0.13895751535892487, -2.246007204055786, -0.32842615246772766, -1.1434041261672974, 0.717694878578186, -0.31569623947143555, 0.6700170636177063, -0.8324723839759827, 0.13026584684848785, -0.4230155348777771, -0.6666373014450073, 0.8377245664596558, -1.9867585897445679, -0.4728805422782898, -0.767676055431366, 0.7165631651878357, 0.8119994401931763, -1.4396653175354004, 0.5925827026367188, 0.5077857375144958, 0.6523141264915466, 1.7281020879745483, 0.6941744089126587, 0.21794480085372925, 0.6133511066436768, 1.8964530229568481, -0.6380007266998291, -1.0753287076950073, 0.8819677829742432, -0.01714634895324707, -1.2333879470825195, 0.5230929851531982, -0.2205115407705307, -1.2719426155090332, 2.093585729598999, -0.5982426404953003, 0.6457834243774414, -1.7337549924850464]",yunet,Facenet,1920,1080,/home/amos/media/tv/modern_family/Modern.Family.S09.1080p.DSNP.WEB-DL.DDP5.1.H.264-CRFW/Modern.Family.S09E21.The.Escape.1080p.DSNP.WEB-DL.DDP5.1.H.264-CRFW.mkv,Modern Family,2009,1442437,9,21,Ty Burrell,15232.0,0.797
34,408,318,594,552,540,414,462,408,0.919,744,1,"[-1.702745795249939, 0.05432538688182831, -0.7066605091094971, 0.08027871698141098, 1.577899694442749, -1.7031190395355225, -1.554890513420105, 0.331079363822937, 0.14252570271492004, -0.24952293932437897, 1.3945338726043701, 0.4302472472190857, 0.7208263278007507, -1.8065398931503296, -0.020708270370960236, 1.5778182744979858, -0.4660188853740692, -0.3175358176231384, -1.592748761177063, 1.0152190923690796, 0.7111890316009521, 0.9845257997512817, 1.0856547355651855, 1.4918104410171509, -0.3310896158218384, 0.7613615989685059, -0.31669366359710693, 0.32024669647216797, 0.5951685309410095, -2.0747604370117188, -0.4370482861995697, -0.4695225954055786, -0.24973909556865692, 0.1015409454703331, 0.8306217193603516, 2.251251459121704, -1.465495228767395, 0.44734835624694824, 0.9610872268676758, 0.18513944745063782, -0.6129580736160278, 0.21578210592269897, 0.8915821313858032, -0.4965016841888428, -1.6758697032928467, 0.3539351522922516, -0.08347944915294647, -2.1118383407592773, -1.6842855215072632, -0.2858569622039795, -0.5959780812263489, -1.9551373720169067, 0.18051542341709137, 1.347241997718811, -0.7068305015563965, -1.050797939300537, -0.028498265892267227, -1.0571653842926025, -1.034632921218872, 0.03719521313905716, 0.16456368565559387, -1.3618826866149902, -1.932557463645935, -1.4992142915725708, 0.20693737268447876, -1.3677008152008057, 0.4953140318393707, -0.8861076831817627, 0.39250704646110535, 1.2408113479614258, 0.21974819898605347, 1.3979970216751099, -2.4086861610412598, 1.6615376472473145, 1.8289483785629272, 0.3490716814994812, 1.5734859704971313, 1.8450448513031006, 0.7195377349853516, 0.22663156688213348, 0.7379720211029053, -0.4480489492416382, -0.0854111760854721, -0.5300164222717285, -0.10442138463258743, 1.4623122215270996, 1.1994668245315552, -0.7543898224830627, -1.9749470949172974, 0.08646006882190704, 1.4670727252960205, -1.206237554550171, -0.6542656421661377, -1.0772852897644043, -0.13027828931808472, -0.5952140092849731, -1.3942681550979614, 0.5640041828155518, 0.6289187669754028, -1.552902102470398, -1.8173292875289917, -1.3184205293655396, -0.2841150462627411, 0.8451847434043884, 1.4420154094696045, -0.9384214878082275, 0.9261616468429565, -0.6583133935928345, -0.7394633293151855, 0.6196348071098328, 2.5474843978881836, -0.5386737585067749, 0.48688626289367676, 1.1262831687927246, 0.3256966769695282, 0.40209850668907166, 0.012765627354383469, -0.16506296396255493, -0.1796959638595581, 0.6459951400756836, 0.31475168466567993, -1.2270878553390503, -0.7806539535522461, -0.09239751100540161, -0.14515012502670288, -1.0008292198181152, -0.7528600096702576, 0.8367419838905334]",yunet,Facenet,1920,1080,/home/amos/media/tv/modern_family/Modern.Family.S09.1080p.DSNP.WEB-DL.DDP5.1.H.264-CRFW/Modern.Family.S09E21.The.Escape.1080p.DSNP.WEB-DL.DDP5.1.H.264-CRFW.mkv,Modern Family,2009,1442437,9,21,Julie Bowen,31171.0,0.737
35,1314,66,1500,318,1452,162,1368,162,0.934,768,0,"[1.2608226537704468, 1.8239723443984985, 0.39501267671585083, -0.46794629096984863, -0.12500354647636414, -0.2309713214635849, -1.5552533864974976, 0.21588338911533356, -0.2608904242515564, -0.5437829494476318, 0.4494234323501587, 1.0708330869674683, 0.7675784826278687, -0.6256545782089233, -0.6609009504318237, 0.24807752668857574, 0.25207793712615967, -0.9422740936279297, -0.3720105290412903, 1.095428228378296, -1.1390663385391235, 1.845989465713501, -0.15056772530078888, 0.8716768622398376, -0.06372664868831635, 0.85532546043396, -2.7466578483581543, 2.917750835418701, 1.1938945055007935, -1.6030981540679932, -0.3854215145111084, -0.9226386547088623, -0.8884204030036926, -0.7210158705711365, 1.6453920602798462, 1.0884846448898315, 0.615898072719574, 0.2385435700416565, 0.8228418827056885, 1.6674060821533203, -0.35385480523109436, 1.1849892139434814, -0.9689191579818726, -0.359985888004303, -0.38492077589035034, 0.4187218248844147, 0.2563920021057129, -0.048481106758117676, -0.43158113956451416, -1.1941214799880981, 0.5002613067626953, -0.11355417966842651, -0.4424757659435272, -0.785245954990387, -0.15684261918067932, 0.47847896814346313, 1.7130838632583618, 0.5878758430480957, 0.09572524577379227, -0.2015082836151123, 1.707879662513733, -0.619918704032898, -0.02973140776157379, -0.6186639666557312, -1.0960286855697632, 1.6671669483184814, 1.6928861141204834, 0.5191597938537598, 1.9950776100158691, -0.8847650289535522, -0.36319699883461, 0.7748210430145264, -1.2494748830795288, 1.2724249362945557, -0.0092204250395298, 1.4242212772369385, -0.1943722665309906, 1.4124754667282104, 1.166522741317749, -0.013942137360572815, 0.7841758131980896, -0.9402837753295898, 0.18539384007453918, 0.0209664236754179, -1.2194931507110596, -1.2701573371887207, 0.644945502281189, -0.04440402612090111, 0.1972169578075409, 0.31964945793151855, 0.348965048789978, -1.5722932815551758, 0.0018648840487003326, -0.599546492099762, 0.43574008345603943, -0.013695472851395607, 0.4158869981765747, -0.5727989077568054, 0.40374112129211426, -0.3214666247367859, -0.7086117267608643, 0.6711485385894775, -2.1563377380371094, -0.08860642462968826, -0.3567189872264862, 0.7596670985221863, 0.38549181818962097, -1.036586046218872, 0.4142138659954071, 0.39821821451187134, 0.43849873542785645, 1.0437771081924438, 0.629544734954834, -0.4020709991455078, 0.6767923831939697, 1.9759666919708252, -0.7940155267715454, -1.150207281112671, 0.8532981276512146, -0.31621530652046204, -1.0616958141326904, 0.6470974683761597, -0.5124677419662476, -1.494273066520691, 2.1474194526672363, -0.5747778415679932, 0.2821125388145447, -2.1550207138061523]",yunet,Facenet,1920,1080,/home/amos/media/tv/modern_family/Modern.Family.S09.1080p.DSNP.WEB-DL.DDP5.1.H.264-CRFW/Modern.Family.S09E21.The.Escape.1080p.DSNP.WEB-DL.DDP5.1.H.264-CRFW.mkv,Modern Family,2009,1442437,9,21,Ty Burrell,15232.0,0.786
36,432,216,618,468,558,306,474,306,0.933,768,1,"[-1.5695594549179077, -0.3297045826911926, -0.18189308047294617, -0.19463062286376953, 0.12944941222667694, -2.390955924987793, -2.2044198513031006, 0.3892642557621002, -0.43529728055000305, 0.42667245864868164, -0.13681364059448242, 0.6629263162612915, -0.24959348142147064, -0.8219406604766846, -0.2036692500114441, 1.123886227607727, -0.4558795392513275, -0.4463012218475342, -1.3414503335952759, 0.4462216794490814, 1.5088286399841309, 0.1954401284456253, 0.37036383152008057, 1.525085210800171, -0.5920389294624329, 0.6525664925575256, -0.7572945356369019, 0.4567771255970001, 0.7085670232772827, -2.4952402114868164, -0.23150867223739624, 0.01598520204424858, 0.69305819272995, -0.8413347601890564, 1.0387579202651978, 1.6814355850219727, -1.9101718664169312, 0.2077992856502533, 1.2950737476348877, -0.25154921412467957, -1.3075426816940308, 1.0358214378356934, 0.4498720169067383, -1.4454714059829712, -0.7052428126335144, 1.1147783994674683, -0.768008291721344, 0.11392179876565933, -2.3268449306488037, -0.16621294617652893, 0.6667458415031433, -2.062816858291626, 0.7501465082168579, 0.8743579983711243, 0.3196662366390228, -0.5513474941253662, 0.9043241739273071, -0.941351056098938, -0.9769686460494995, 0.13155844807624817, -0.06383389979600906, -0.5878412127494812, -2.688307046890259, -0.6626132130622864, 0.33555594086647034, -1.659027338027954, 0.9713703989982605, -1.4195135831832886, 0.6349079608917236, 0.8330118656158447, -0.40548792481422424, 1.2021175622940063, -2.3247783184051514, 0.8628365993499756, 0.8770782947540283, -0.7844250798225403, 0.8164029121398926, 1.1570030450820923, 1.1735082864761353, -1.0507124662399292, 0.9596954584121704, -1.3633136749267578, 0.3493295907974243, -1.2260525226593018, -0.609531581401825, 0.9259268045425415, 1.3652573823928833, 0.029811181128025055, -1.3022898435592651, -0.1046796590089798, 1.2901934385299683, 0.2686677575111389, -0.30989643931388855, -0.16166967153549194, 0.9042968153953552, -0.7578638792037964, 0.4842364192008972, 0.42648935317993164, 0.882579505443573, -0.800595760345459, -1.262672781944275, -1.013144850730896, -0.39072462916374207, 0.7035588026046753, 1.648837685585022, -2.2971558570861816, 0.9503956437110901, -0.18306690454483032, -0.21860335767269135, 0.966700553894043, 1.402309775352478, -1.462993860244751, -0.09222543239593506, 1.3255088329315186, -0.9207747578620911, 0.2838316261768341, 0.8153647184371948, 1.6710270643234253, -0.000630989670753479, -0.2675100266933441, -0.5956760048866272, -0.7643183469772339, -1.0949794054031372, 0.1590980440378189, 1.0844866037368774, -0.9137340784072876, -1.120078444480896, 0.09328615665435791]",yunet,Facenet,1920,1080,/home/amos/media/tv/modern_family/Modern.Family.S09.1080p.DSNP.WEB-DL.DDP5.1.H.264-CRFW/Modern.Family.S09E21.The.Escape.1080p.DSNP.WEB-DL.DDP5.1.H.264-CRFW.mkv,Modern Family,2009,1442437,9,21,Julie Bowen,31171.0,0.671
37,1314,66,1506,318,1452,162,1374,162,0.936,792,0,"[1.1038182973861694, 1.2911757230758667, 0.2558259963989258, -0.42229312658309937, -0.27403298020362854, -0.25695234537124634, -1.3707554340362549, -0.06870102882385254, -0.0908292680978775, -0.6898437738418579, -0.025743957608938217, 1.3279112577438354, 1.2916103601455688, -0.6295979022979736, -0.743531346321106, -0.19676651060581207, -0.00859290361404419, -0.6999174356460571, -0.40081119537353516, 1.1211994886398315, -1.124841332435608, 1.6102715730667114, -0.16203108429908752, 0.19262287020683289, -0.3229771554470062, 1.0155227184295654, -2.7927989959716797, 2.7439370155334473, 0.8335325121879578, -2.0214450359344482, -0.4645186960697174, -0.8121690154075623, -0.44445064663887024, -0.8607692718505859, 1.3511371612548828, 0.6310393214225769, 0.6787914633750916, 0.33958175778388977, 0.9960298538208008, 1.3682489395141602, -0.1769402176141739, 1.4192311763763428, -0.829220175743103, -0.4162504971027374, -0.7325324416160583, -0.11878123879432678, -0.20396429300308228, 0.26131173968315125, -0.2610284090042114, -1.3608115911483765, 0.8494417071342468, -0.31012240052223206, -1.0007928609848022, -1.1361042261123657, 0.3559110462665558, 0.5929741263389587, 2.0283150672912598, 0.6274214386940002, 0.1297837495803833, -0.4392379820346832, 1.607264518737793, -0.8990687131881714, -0.45273056626319885, -0.4519038498401642, -1.0417141914367676, 1.7374184131622314, 1.5270534753799438, 0.5071948766708374, 1.5572847127914429, -0.7819759845733643, -0.6132977604866028, 0.9332555532455444, -1.1884549856185913, 0.9203069806098938, 0.31905612349510193, 1.2923692464828491, -0.4365309178829193, 0.9742705821990967, 0.7466555237770081, -0.21905018389225006, 0.6090880036354065, -0.7705247402191162, 0.11466816812753677, 0.2372918426990509, -1.4158601760864258, -1.452807068824768, 0.42603248357772827, -0.008540868759155273, -0.034808192402124405, 0.4222155809402466, 0.23183473944664001, -2.005101442337036, -0.1351551115512848, -0.7699678540229797, 0.1553754359483719, -0.30604562163352966, 0.4994361698627472, -0.3571709394454956, 0.37537881731987, -0.8608428239822388, -0.2877735495567322, 0.09961054474115372, -2.386157989501953, -0.02579663135111332, -0.32143911719322205, 0.8365049958229065, 0.6259338855743408, -1.7923940420150757, 0.6646686792373657, 0.6499506831169128, 0.6071434020996094, 1.2425100803375244, 0.33781352639198303, -0.16911545395851135, 0.8941598534584045, 1.815247893333435, -0.9997372627258301, -1.254577875137329, 0.9764025211334229, -0.21660400927066803, -0.8598726987838745, 0.6151460409164429, -0.4332762360572815, -1.0326133966445923, 1.9587152004241943, -0.726091742515564, 0.26375141739845276, -1.6963629722595215]",yunet,Facenet,1920,1080,/home/amos/media/tv/modern_family/Modern.Family.S09.1080p.DSNP.WEB-DL.DDP5.1.H.264-CRFW/Modern.Family.S09E21.The.Escape.1080p.DSNP.WEB-DL.DDP5.1.H.264-CRFW.mkv,Modern Family,2009,1442437,9,21,Ty Burrell,15232.0,0.801
38,1032,372,1254,624,1176,480,1068,486,0.905,816,0,"[-3.1348624229431152, -1.2639479637145996, 1.2930964231491089, 1.3980668783187866, 1.3867506980895996, 0.40449243783950806, 1.378183364868164, -0.5228993892669678, 1.3125184774398804, -0.3317689895629883, -0.24072998762130737, 0.3657304346561432, -0.309700608253479, 0.7012492418289185, -1.3043206930160522, -0.6737920641899109, 0.36511799693107605, -0.7156084179878235, -1.0599974393844604, 0.7861894369125366, -1.1712725162506104, 0.9812425971031189, -1.5534778833389282, -0.44833335280418396, -2.2334818840026855, 2.0615532398223877, 1.9109920263290405, -0.5565916895866394, 1.0693854093551636, 1.1116943359375, 1.5646347999572754, -0.31263065338134766, 0.24728313088417053, -0.9131969213485718, 1.443350911140442, 0.3890470564365387, -2.003495931625366, -0.408536821603775, 0.8080610632896423, -0.8099246025085449, 0.27762681245803833, -0.5996137261390686, -1.4510180950164795, 0.4754411578178406, 1.6593273878097534, -1.2357592582702637, -0.2695150673389435, 0.3764297664165497, -1.3223252296447754, 1.4647961854934692, 0.0626525804400444, 2.5414059162139893, 0.887982189655304, -0.6949058175086975, -0.3530939221382141, 0.3143644332885742, 1.2751492261886597, -0.23668771982192993, -0.8974170684814453, -1.0309412479400635, 0.260536253452301, -0.032568175345659256, 0.36595258116722107, 0.6195676326751709, -0.7082372307777405, 1.9454084634780884, 0.8511952757835388, 0.5828545093536377, -0.37507736682891846, 1.083062767982483, 0.6324946284294128, -1.3336580991744995, 0.7537379264831543, -0.046474359929561615, -0.38279011845588684, -0.5687147974967957, -0.21921667456626892, -1.5936602354049683, -0.3353327810764313, 0.465121865272522, -0.7628159523010254, 0.3006296753883362, 1.0856684446334839, 0.700339138507843, -0.044744059443473816, 0.4409906566143036, 1.2019877433776855, 0.999941349029541, 0.3926101624965668, -0.8116946220397949, -2.8122050762176514, 0.8293141722679138, -0.3064654767513275, 1.0280784368515015, 1.0866223573684692, -0.2391301393508911, -0.10397118330001831, 0.602468729019165, -0.6076679229736328, -0.22215962409973145, 0.517885684967041, 1.3305573463439941, -1.466459035873413, 1.0954272747039795, 0.9934077858924866, 1.5876880884170532, 0.6085473299026489, 0.04050116613507271, 1.225996494293213, -0.8269485235214233, 0.580549955368042, 0.7442671060562134, 1.2547752857208252, 1.0133566856384277, -0.7036952972412109, 1.2386698722839355, -0.22564028203487396, 0.0013516992330551147, -0.6845709085464478, -1.7563750743865967, 0.4877018928527832, 1.2875295877456665, 0.4333871006965637, -1.868721604347229, 0.6828176975250244, 0.6873230934143066, 1.1919938325881958, -0.044164370745420456]",yunet,Facenet,1920,1080,/home/amos/media/tv/modern_family/Modern.Family.S09.1080p.DSNP.WEB-DL.DDP5.1.H.264-CRFW/Modern.Family.S09E21.The.Escape.1080p.DSNP.WEB-DL.DDP5.1.H.264-CRFW.mkv,Modern Family,2009,1442437,9,21,Sarah Hyland,91351.0,0.587
39,1152,96,1338,342,1278,204,1194,204,0.934,840,0,"[0.5619350075721741, 1.5544639825820923, 0.8034874796867371, -0.014190785586833954, -0.8222747445106506, -0.5347262024879456, -1.1483651399612427, 0.1630084365606308, -0.7053811550140381, -0.49921366572380066, -0.009231116622686386, 1.3680068254470825, 1.0193912982940674, -0.9585055112838745, -1.120254397392273, 0.47767776250839233, 0.2708241939544678, -0.9100172519683838, 0.16109898686408997, 0.47731688618659973, -1.3570668697357178, 1.9872705936431885, -0.529244065284729, 1.0058084726333618, -0.23072391748428345, 0.9899876117706299, -2.59541916847229, 3.1518096923828125, 1.2268035411834717, -2.0060157775878906, -0.49083206057548523, -0.9963735938072205, -0.5335466265678406, -0.7266834378242493, 1.282188892364502, 0.3124631643295288, 1.0097299814224243, -0.20964500308036804, 0.8895155191421509, 0.8840864896774292, -0.5640959143638611, 1.271346092224121, -0.8451744318008423, 0.10403898358345032, 0.14641393721103668, 1.399060606956482, 0.7050084471702576, -0.07062584161758423, 0.0940360426902771, -0.9153591394424438, 0.4865250587463379, -0.15770329535007477, -0.8382204174995422, -0.6654970645904541, -0.2579122483730316, 0.9772962927818298, 1.323273777961731, 0.7631485462188721, -0.24281078577041626, 0.8326364755630493, 1.516465187072754, -0.5235052704811096, -0.24884897470474243, -0.5550572276115417, -0.5766948461532593, 2.181792736053467, 1.6716457605361938, 0.6945265531539917, 2.211789608001709, -0.4461542069911957, 0.04266549274325371, 1.1067287921905518, -1.5571587085723877, 1.400421380996704, 0.2838786542415619, 1.1084070205688477, -0.3948153555393219, 1.6461284160614014, 1.6604337692260742, 0.7290201783180237, 0.40912285447120667, -1.1961873769760132, 0.8566861748695374, -0.5679659247398376, -1.2602022886276245, -1.1591112613677979, 0.44447872042655945, 0.10610279440879822, -0.2325255125761032, -0.04045714810490608, 0.6831316351890564, -1.402619481086731, 0.13827826082706451, -0.609172523021698, 0.9235053062438965, -0.23239421844482422, 0.28327980637550354, 0.24938331544399261, 0.4410519301891327, -0.36443597078323364, -0.3771928548812866, 0.5991463661193848, -1.528665542602539, 0.4565277099609375, -0.9751381278038025, 0.8879557847976685, 0.1697133183479309, -1.0416572093963623, -0.6481345295906067, 0.08460255712270737, -0.11148416250944138, 0.9600613117218018, 0.4864189922809601, -0.385364830493927, 0.4014119505882263, 1.921144723892212, -0.20719744265079498, -0.6356247067451477, 0.6251847147941589, -0.3170377314090729, -0.7696157097816467, 0.42770448327064514, -0.10678999125957489, -0.7146249413490295, 1.9251261949539185, -0.8628470301628113, 0.2854539453983307, -1.6510906219482422]",yunet,Facenet,1920,1080,/home/amos/media/tv/modern_family/Modern.Family.S09.1080p.DSNP.WEB-DL.DDP5.1.H.264-CRFW/Modern.Family.S09E21.The.Escape.1080p.DSNP.WEB-DL.DDP5.1.H.264-CRFW.mkv,Modern Family,2009,1442437,9,21,Ty Burrell,15232.0,0.788
40,432,222,612,462,588,312,492,318,0.906,840,1,"[-0.2377420961856842, -0.0847698450088501, -0.011122176423668861, -0.4759491980075836, 0.133189395070076, -0.7080179452896118, -2.720332384109497, 0.08616267144680023, -0.8846803307533264, 0.381343275308609, 0.5900771617889404, 0.02552145905792713, -0.202040895819664, -1.1926261186599731, 0.3274739384651184, 0.10039936006069183, -0.38112586736679077, -0.14401474595069885, -1.5006545782089233, -0.13793742656707764, 0.7911533117294312, 0.8295508623123169, 0.7432116270065308, 0.14977291226387024, -0.7885497808456421, 0.08295727521181107, -1.4967691898345947, 1.4468921422958374, 0.7412188649177551, -2.734117031097412, -0.4830860197544098, -0.3403400778770447, 0.09700943529605865, -1.6616675853729248, 1.1255848407745361, 1.9461557865142822, -0.7174064517021179, 0.45203477144241333, 0.076448455452919, -0.8492755889892578, -1.339441180229187, 0.9915255904197693, 1.2332911491394043, -1.1766180992126465, -1.1039655208587646, 0.17346058785915375, -0.07855115830898285, -1.1063446998596191, -0.5265336036682129, -0.668053150177002, 1.666402816772461, -3.654667615890503, 0.6405736207962036, -0.1952119767665863, 0.06034860014915466, 0.1620468944311142, 0.17465616762638092, -1.1718569993972778, -0.6355602145195007, 0.5016318559646606, -0.0024811476469039917, -0.2350456416606903, -1.862432599067688, 0.14944463968276978, -0.1631263792514801, -0.690075695514679, 0.825767457485199, -0.9246456027030945, 1.2121243476867676, 1.2501810789108276, -0.8292475938796997, 1.7764173746109009, -2.3993613719940186, -0.21732357144355774, 2.031315326690674, 1.339799404144287, 0.23053476214408875, 1.8081434965133667, 0.3145756721496582, 0.29335296154022217, 0.05639252811670303, 0.12751740217208862, 0.06941943615674973, -0.480705201625824, -0.6360307335853577, -0.2876272201538086, 0.9878829121589661, -0.16778111457824707, -0.26030969619750977, -0.9176196455955505, 1.7799354791641235, -0.517274796962738, -1.0791559219360352, -0.031410880386829376, 0.7895468473434448, -0.6948306560516357, -0.8743000626564026, -0.2849303185939789, 2.443833351135254, -1.0431015491485596, -0.5857166051864624, -1.5662224292755127, -0.3108704388141632, 0.33205339312553406, 2.152707099914551, -1.767221212387085, 1.2150858640670776, -0.3054235279560089, 0.7903704047203064, 0.5351633429527283, 1.7712117433547974, -1.4351003170013428, -2.0124828815460205, 2.517535924911499, -0.5166864991188049, 0.9313480854034424, 0.8609781265258789, 1.2538959980010986, -1.1821891069412231, 0.7009725570678711, 0.12528292834758759, -1.19598388671875, -0.634975790977478, 0.7767000198364258, 0.3898105025291443, -1.391556739807129, -1.4325706958770752, -0.8058472871780396]",yunet,Facenet,1920,1080,/home/amos/media/tv/modern_family/Modern.Family.S09.1080p.DSNP.WEB-DL.DDP5.1.H.264-CRFW/Modern.Family.S09E21.The.Escape.1080p.DSNP.WEB-DL.DDP5.1.H.264-CRFW.mkv,Modern Family,2009,1442437,9,21,Julie Bowen,31171.0,0.617
41,1146,90,1350,372,1266,210,1182,210,0.922,864,0,"[0.12755092978477478, 0.4436614215373993, 0.6119650602340698, 0.19539007544517517, -0.44330349564552307, -0.89641273021698, -1.7224031686782837, 0.39297401905059814, -0.22280293703079224, -0.17881785333156586, -0.846626877784729, 1.2774816751480103, 0.6723389625549316, -0.618931770324707, -0.9784084558486938, 0.12460917234420776, -0.6501460075378418, -0.07695789635181427, -0.804271936416626, 0.3061017692089081, -1.8816230297088623, 2.14582896232605, -0.8317957520484924, 1.1655036211013794, 0.19379180669784546, 1.0307824611663818, -2.6190266609191895, 2.8706984519958496, 1.1688148975372314, -1.8143473863601685, -0.18228065967559814, -0.9093022346496582, -0.3408728539943695, -1.6169042587280273, 1.5851598978042603, 0.6302627325057983, 0.7054029107093811, 0.013168036937713623, 0.10020872950553894, 1.150496482849121, -0.09692215174436569, 0.8164265155792236, -0.6317811012268066, 0.21774184703826904, 0.6439613699913025, 0.43455982208251953, 0.2607022225856781, 0.22649946808815002, 0.25762349367141724, -1.3566973209381104, 0.9381788372993469, -0.910516619682312, -0.2860540449619293, -1.1595690250396729, -0.5242927670478821, 0.454840749502182, 0.8924782276153564, 0.2953590452671051, -0.284169465303421, 0.5092982053756714, 1.5795668363571167, -0.4440877437591553, -1.27618408203125, -0.9756729602813721, -0.9809960722923279, 2.2547447681427, 1.7502164840698242, 0.7850947380065918, 2.6676931381225586, -0.5791168212890625, 0.10708242654800415, 0.9078061580657959, -1.4107078313827515, 0.9148818850517273, 0.13473081588745117, -0.08764436841011047, 0.14212137460708618, 1.602116346359253, 1.4466896057128906, 0.8787535429000854, 0.41531652212142944, -1.9481149911880493, 0.5687588453292847, 0.2178158015012741, -1.7734639644622803, -1.3841952085494995, 0.5918842554092407, -0.16186554729938507, 0.5934860706329346, 0.1944224238395691, 0.6950706243515015, -1.835671305656433, -0.84456866979599, -0.39772355556488037, 0.19111663103103638, -0.18844355642795563, 0.8180155754089355, 0.1604592651128769, 0.9051065444946289, 0.07305590063333511, -0.16930046677589417, 0.9904305338859558, -1.509305715560913, -0.2204478681087494, -0.7249425053596497, 0.7223835587501526, 0.44919079542160034, -2.188732862472534, -0.270502507686615, 0.9028088450431824, 0.22214433550834656, 1.3468072414398193, 0.35984399914741516, -0.6950778365135193, 0.7412006258964539, 1.8476959466934204, -0.2900073826313019, -0.6033438444137573, -0.17158231139183044, -0.6001648902893066, -0.606019139289856, 0.03323939070105553, -0.560355544090271, -0.27373695373535156, 1.6688934564590454, -0.7024607062339783, 0.15167301893234253, -1.3004801273345947]",yunet,Facenet,1920,1080,/home/amos/media/tv/modern_family/Modern.Family.S09.1080p.DSNP.WEB-DL.DDP5.1.H.264-CRFW/Modern.Family.S09E21.The.Escape.1080p.DSNP.WEB-DL.DDP5.1.H.264-CRFW.mkv,Modern Family,2009,1442437,9,21,Ty Burrell,15232.0,0.744
42,462,264,642,504,606,348,516,354,0.918,864,1,"[-0.35493016242980957, 0.3102063834667206, -0.408664733171463, -1.0658785104751587, 0.7437224388122559, -1.1363987922668457, -2.93945050239563, 0.5545474290847778, 0.2771608531475067, -0.7147449851036072, 0.20812106132507324, 0.5761746764183044, 0.39114582538604736, -0.5260207056999207, 0.4274483919143677, 0.9440094232559204, -0.045645780861377716, 0.12860964238643646, -0.8122384548187256, -0.40991052985191345, 0.21949031949043274, 1.0994549989700317, -0.19834870100021362, -0.11926072090864182, -1.3380628824234009, -0.08153947442770004, -2.6886744499206543, 0.8629108667373657, 0.9580379128456116, -2.6013095378875732, -0.6304277181625366, -1.0748602151870728, 0.6995806097984314, -1.5983314514160156, 0.778887927532196, 3.016056537628174, -1.406229853630066, 0.28367629647254944, 0.03974047303199768, -1.2951116561889648, -0.10235098004341125, 1.0164891481399536, 1.134759783744812, -0.6831948161125183, -0.5669162273406982, 0.349417507648468, -0.9882036447525024, -0.45740029215812683, -0.981257438659668, -0.05712537467479706, 1.3941601514816284, -2.577529191970825, -0.5870446562767029, 0.3259674310684204, -0.35948848724365234, -0.15540842711925507, -0.10977302491664886, -1.9314988851547241, -0.2925032675266266, 0.7991808652877808, -0.07944197952747345, -0.019537843763828278, -2.096514940261841, 0.7357982993125916, 0.6414229273796082, -0.9297441840171814, 0.5252914428710938, -2.167865753173828, 1.126386046409607, 0.8174499273300171, -0.5202798247337341, 1.5517576932907104, -2.5304815769195557, -0.5129295587539673, 2.331035614013672, 0.24774803221225739, 0.053528428077697754, 0.8946236968040466, 0.8810274600982666, -0.35735058784484863, 0.5595316290855408, 0.16015881299972534, 0.13755053281784058, -1.2163677215576172, -0.4277670085430145, -1.332205891609192, 0.44737961888313293, 0.3903486728668213, -0.5631728172302246, -0.6825594305992126, 1.421990990638733, 0.5208607316017151, -0.6539953351020813, -0.6659880876541138, -0.10835649073123932, -0.7165218591690063, -0.5256596803665161, -0.06401383876800537, 0.7629625201225281, -0.434475302696228, -0.34911131858825684, -1.35651433467865, -0.9231183528900146, 0.8193323016166687, 1.844146966934204, -0.8541352152824402, 1.6990387439727783, -0.6655442714691162, 0.1390565186738968, 1.030405879020691, 1.5697972774505615, -0.5416321754455566, -1.698349118232727, 2.273505449295044, -0.2963610887527466, -0.44761398434638977, 1.7376271486282349, 0.8676338195800781, -0.7419864535331726, -0.09410588443279266, 0.019283417612314224, -0.6522842645645142, 0.5481457710266113, 0.7290235161781311, 0.8317034244537354, -2.020885467529297, -1.2157444953918457, -0.26369452476501465]",yunet,Facenet,1920,1080,/home/amos/media/tv/modern_family/Modern.Family.S09.1080p.DSNP.WEB-DL.DDP5.1.H.264-CRFW/Modern.Family.S09E21.The.Escape.1080p.DSNP.WEB-DL.DDP5.1.H.264-CRFW.mkv,Modern Family,2009,1442437,9,21,Julie Bowen,31171.0,0.642
43,936,168,1212,528,1128,312,996,312,0.924,888,0,"[-1.9536291360855103, -1.0689207315444946, -0.13552819192409515, 1.8383079767227173, 1.515703797340393, -0.6373744606971741, 0.32987627387046814, -0.9425111413002014, -0.09354093670845032, 1.2579631805419922, -1.1263952255249023, 1.0143816471099854, 0.6947997808456421, 1.129812240600586, -0.2336522936820984, -0.31277793645858765, 0.07244733721017838, -1.248285174369812, -1.069294810295105, 1.6246181726455688, -0.9654148817062378, 1.0587421655654907, -0.4089055061340332, 1.0947234630584717, 0.41128289699554443, 1.108720064163208, 1.675456166267395, -1.3942958116531372, 2.5837600231170654, 0.5009831190109253, 0.750525712966919, -1.2451144456863403, -0.8370987772941589, -1.4334040880203247, 1.0302475690841675, 0.19499576091766357, -1.661914348602295, 0.4609275162220001, -0.8238890171051025, -1.3378961086273193, -0.3044506013393402, 0.16210691630840302, -0.6131516695022583, 2.031602382659912, 0.6039280295372009, -1.3240770101547241, -0.5402532815933228, 0.6017861366271973, -0.9994555711746216, 1.697685718536377, -0.4351620674133301, 2.4253883361816406, 1.345190405845642, -0.05897705256938934, -1.026523232460022, -1.1006364822387695, 0.4438745081424713, -0.32091766595840454, -0.02660352736711502, 0.414848655462265, 0.32144030928611755, -0.09293660521507263, 0.23930630087852478, -0.930473268032074, -1.4837040901184082, 1.0867562294006348, -0.06637930124998093, -0.14590418338775635, -0.17530256509780884, 1.231545090675354, 0.07681088894605637, -0.9355183839797974, -0.9890134930610657, -0.11146987229585648, -0.17913351953029633, -1.9980368614196777, 1.016719102859497, -1.2235572338104248, 0.11289853602647781, -0.2569541335105896, -0.23779460787773132, 0.3291640877723694, 0.44444599747657776, 1.6645561456680298, -0.5558122992515564, 1.4243510961532593, 0.6035311818122864, -0.8628568649291992, 0.39330071210861206, -2.2864582538604736, -1.2946008443832397, -0.07953417301177979, 0.07983765006065369, 0.3102962374687195, 1.1915467977523804, 0.30090102553367615, 0.866564929485321, -0.49359291791915894, -0.08939345926046371, -0.46826058626174927, 0.0619075745344162, 1.5655429363250732, -0.35295888781547546, 1.3181593418121338, 0.6213093996047974, 0.1689864993095398, 0.5003708600997925, -0.40969061851501465, 1.0964758396148682, -0.4857690632343292, 0.5794957280158997, 0.09805162250995636, 2.040815591812134, 0.8241246938705444, -0.5973847508430481, -0.30419862270355225, -0.9947733879089355, 0.497707724571228, -1.4144572019577026, -0.6822797656059265, 1.5313328504562378, 0.050142232328653336, -0.5286546349525452, -2.199803590774536, 0.07506898045539856, 1.2035495042800903, 1.7400274276733398, -0.15638777613639832]",yunet,Facenet,1920,1080,/home/amos/media/tv/modern_family/Modern.Family.S09.1080p.DSNP.WEB-DL.DDP5.1.H.264-CRFW/Modern.Family.S09E21.The.Escape.1080p.DSNP.WEB-DL.DDP5.1.H.264-CRFW.mkv,Modern Family,2009,1442437,9,21,Sarah Hyland,91351.0,0.772
44,924,174,1194,516,1098,318,978,318,0.931,912,0,"[-2.0552539825439453, -1.3693866729736328, -0.1234617680311203, 1.4128665924072266, 2.00213360786438, 0.047147609293460846, 0.31340882182121277, -1.851128101348877, -1.3577457666397095, 2.1049022674560547, -0.5549355149269104, 1.588295578956604, 0.30539780855178833, -0.34989720582962036, -0.16665470600128174, 0.4266260862350464, -0.6787313222885132, 0.7607033252716064, -1.2883987426757812, 0.03435728698968887, -0.1887425184249878, 0.0005335467867553234, 1.0737473964691162, 0.7059873938560486, -0.4904678463935852, 0.0025428272783756256, 0.4154011309146881, -1.024272084236145, 2.7810959815979004, 1.2717540264129639, 1.682945728302002, -1.8368269205093384, -0.4617293179035187, -0.8084377646446228, 1.4625048637390137, -1.621789574623108, -2.1039879322052, 1.813559889793396, -1.2449960708618164, -1.8334306478500366, -0.3985121548175812, -0.2287359982728958, 0.8368661403656006, 1.7255680561065674, 0.39729830622673035, -2.8262221813201904, 0.3953905403614044, 0.32037562131881714, 0.007641129195690155, 0.26630717515945435, -0.1312742531299591, 0.48060789704322815, 1.679565191268921, 0.40791231393814087, -0.6351194977760315, -0.11250936985015869, 0.4290217161178589, -1.1158828735351562, -0.06511794030666351, 1.1024709939956665, 0.30932044982910156, 1.022031307220459, -0.847902238368988, -0.12215481698513031, -1.1698585748672485, 1.144972801208496, -0.13578268885612488, 1.0150587558746338, -0.10525697469711304, 1.9430650472640991, -0.7427316308021545, -0.024307571351528168, -0.9122411608695984, 0.8592090010643005, 0.8060681223869324, -0.4649597108364105, 0.5584620237350464, -0.516119122505188, -0.18088090419769287, -1.1136550903320312, -0.3659300208091736, 0.8243623971939087, -0.9113654494285583, 1.0310512781143188, -0.27240750193595886, 1.2452479600906372, 1.1057476997375488, -0.5273027420043945, -0.31148040294647217, -1.205355167388916, -0.9591372609138489, 0.6421871185302734, 0.32978227734565735, -0.17306625843048096, 1.752240777015686, -0.14470525085926056, 0.16771934926509857, -0.45272496342658997, 1.6807751655578613, -1.4667876958847046, -0.6147520542144775, -0.33013859391212463, -0.5156327486038208, 1.2461495399475098, 2.719414710998535, 0.0013283547013998032, 0.3845226466655731, -0.5032646656036377, 1.0324050188064575, -1.1222039461135864, 0.6395018100738525, 0.8580822348594666, -0.3441590368747711, 0.8378591537475586, -1.3827619552612305, 0.1333828568458557, -0.9002546072006226, 0.82627934217453, -2.0809812545776367, 0.2718021869659424, 1.7943755388259888, -0.43699273467063904, -0.026282943785190582, -0.25663867592811584, 0.28608793020248413, 0.27696505188941956, 0.40681928396224976, -0.7791579961776733]",yunet,Facenet,1920,1080,/home/amos/media/tv/modern_family/Modern.Family.S09.1080p.DSNP.WEB-DL.DDP5.1.H.264-CRFW/Modern.Family.S09E21.The.Escape.1080p.DSNP.WEB-DL.DDP5.1.H.264-CRFW.mkv,Modern Family,2009,1442437,9,21,Sarah Hyland,91351.0,0.614
45,942,240,1218,588,1134,384,1008,390,0.914,936,0,"[-1.2846095561981201, -0.3633563220500946, 0.06352353096008301, 2.4517626762390137, 2.890695333480835, 0.3421213626861572, 1.309954047203064, -2.6218318939208984, -0.16742420196533203, 2.2486000061035156, -0.44369176030158997, 1.4466079473495483, 0.2249480038881302, -0.6470421552658081, 0.22507557272911072, -0.28650224208831787, 0.4267178475856781, -1.0808613300323486, -1.189673900604248, -0.2874453663825989, -0.46425861120224, 0.10355639457702637, 0.00188431516289711, 0.9826261401176453, -0.5281078219413757, 0.5762454867362976, 0.9535083770751953, -0.9055635333061218, 2.953845739364624, 0.670295238494873, 1.1734344959259033, -2.1945934295654297, -1.4280835390090942, -1.465238332748413, 1.7735202312469482, -0.29804307222366333, -2.101856231689453, 1.7829216718673706, -0.22624161839485168, -1.8685142993927002, 0.19969573616981506, 0.2942165434360504, -0.39373740553855896, 0.9875823259353638, -0.019379662349820137, -0.7552969455718994, 0.34083205461502075, -0.014892414212226868, -0.69040447473526, 0.8289005756378174, -0.650154173374176, 1.2765432596206665, 1.3939803838729858, -0.21489670872688293, -0.17382963001728058, 0.2156616747379303, 0.9831820130348206, -1.5208392143249512, 0.9473937153816223, 0.5733511447906494, -0.02761065401136875, 0.06789186596870422, 0.17183160781860352, -0.9683639407157898, -1.1247990131378174, 2.101034164428711, -0.18853303790092468, 1.0743107795715332, -0.000705324113368988, 2.053689479827881, -0.10528361797332764, -0.3236483633518219, -1.2415398359298706, 0.8777951002120972, 0.40277254581451416, 0.5409142374992371, 0.5132181644439697, -0.18161997199058533, -0.571952760219574, -0.10948078334331512, -0.7239553928375244, 0.7042059898376465, -0.4829687178134918, 0.2827185094356537, -0.04339773952960968, 1.0811269283294678, 1.3275986909866333, -0.15755458176136017, -0.22896476089954376, -1.1226834058761597, -0.8473218679428101, 1.1154181957244873, 1.6910457611083984, 0.3117019236087799, 1.575708031654358, -0.2905322313308716, 0.3557630181312561, 0.5248848795890808, 0.5824176073074341, -0.5821189880371094, -1.0611580610275269, 0.11642616242170334, -0.9795145988464355, 0.6863908767700195, 2.251887321472168, 0.5545651316642761, 0.4368765354156494, 0.17356544733047485, 1.3238581418991089, -0.5825958847999573, 0.5158814787864685, 1.0693069696426392, 0.040445033460855484, 0.29156559705734253, -1.3440649509429932, 0.8787490129470825, -1.6513259410858154, 1.0474544763565063, -1.0136610269546509, 0.3502805531024933, 1.4323147535324097, -0.16086257994174957, 0.4749622344970703, -1.5303267240524292, 0.6694091558456421, 1.0520139932632446, 1.246702790260315, -1.004927158355713]",yunet,Facenet,1920,1080,/home/amos/media/tv/modern_family/Modern.Family.S09.1080p.DSNP.WEB-DL.DDP5.1.H.264-CRFW/Modern.Family.S09E21.The.Escape.1080p.DSNP.WEB-DL.DDP5.1.H.264-CRFW.mkv,Modern Family,2009,1442437,9,21,Sarah Hyland,91351.0,0.695
46,1110,114,1290,348,1242,204,1158,204,0.925,960,0,"[0.8003756999969482, 1.9577745199203491, 0.6708147525787354, -0.8486518859863281, -0.11235527694225311, -0.692755401134491, -1.144494891166687, -0.5597841739654541, -0.9919136166572571, -0.4294394552707672, -0.3144715428352356, 1.5174827575683594, 1.1710847616195679, -0.5987023115158081, -1.051285982131958, 0.2509578466415405, -0.13499189913272858, -1.1010156869888306, -0.08076398074626923, 0.4641762673854828, -1.4140496253967285, 1.8100835084915161, -0.8845988512039185, 0.44613969326019287, -1.4529000520706177, 1.4275497198104858, -2.867762804031372, 2.954045295715332, 0.2927722930908203, -1.2807888984680176, -0.36748307943344116, -0.8644295930862427, -0.7713987231254578, -0.9544611573219299, 1.2388330698013306, 0.35813581943511963, 1.202284336090088, 0.17781221866607666, 1.4958252906799316, 1.2489995956420898, 0.17338398098945618, 0.6622852683067322, -0.9885095357894897, -0.17259809374809265, -0.48957154154777527, 0.08017952740192413, 0.6367571949958801, 0.4776703119277954, -0.18965303897857666, -1.1565881967544556, 0.5189563035964966, -0.19777525961399078, -0.6242563724517822, -1.14873206615448, -0.1658521592617035, 0.6112002730369568, 1.960734486579895, 0.7213749289512634, 0.4975348114967346, 0.11242837458848953, 0.983829915523529, -1.4693297147750854, -0.6653549671173096, -0.18602487444877625, -1.0150203704833984, 1.6183277368545532, 1.7902647256851196, -0.023582179099321365, 1.9921791553497314, 0.021155675873160362, -0.03536060452461243, 1.124969720840454, -1.0638549327850342, 1.518166422843933, -0.14967216551303864, 1.1240959167480469, -0.11523424088954926, 1.3788350820541382, 1.1760268211364746, -0.4579060673713684, 0.1967112123966217, -1.3417079448699951, 0.6191572546958923, 0.17428067326545715, -1.3842368125915527, -0.9860650300979614, 0.6322694420814514, -0.15644323825836182, -0.15830492973327637, 0.44597044587135315, 0.13352081179618835, -2.2347187995910645, 0.035641614347696304, -1.2671548128128052, 1.0747226476669312, -0.6597205996513367, 1.0394175052642822, -0.20623482763767242, 0.4381651282310486, -0.9837338328361511, -0.486003577709198, 0.4464886784553528, -2.2296528816223145, 0.27246177196502686, -0.9456583261489868, 0.9696003794670105, 0.7230267524719238, -1.330123782157898, 0.2459958791732788, 0.8566201329231262, 0.24690856039524078, 1.2991713285446167, 0.2822287380695343, 0.5681377053260803, 0.6274697184562683, 1.6017189025878906, -0.38147780299186707, -1.1647125482559204, 0.2631925940513611, -0.2804693281650543, -0.7886958718299866, 0.6769806146621704, -0.38594383001327515, -1.235422134399414, 1.2927212715148926, -0.6959210634231567, 0.5975601077079773, -1.882404088973999]",yunet,Facenet,1920,1080,/home/amos/media/tv/modern_family/Modern.Family.S09.1080p.DSNP.WEB-DL.DDP5.1.H.264-CRFW/Modern.Family.S09E21.The.Escape.1080p.DSNP.WEB-DL.DDP5.1.H.264-CRFW.mkv,Modern Family,2009,1442437,9,21,Ty Burrell,15232.0,0.843
47,552,216,726,456,696,306,612,306,0.921,960,1,"[-0.8630508184432983, -0.22015437483787537, -0.36183059215545654, -0.3478448987007141, 1.2921404838562012, -2.3714499473571777, -2.505248546600342, 1.2452223300933838, -0.7214540243148804, 0.24145376682281494, 0.09269418567419052, 0.6881920695304871, 0.37811899185180664, 0.07525499165058136, 0.43724524974823, 0.22075225412845612, -0.4792848527431488, 0.5562074184417725, -1.1346622705459595, 0.3982737362384796, -0.08528485149145126, 0.8883779048919678, 1.3406721353530884, 1.067242980003357, -0.07570812106132507, 1.3870996236801147, -1.0296188592910767, 0.5648133158683777, 0.9123416543006897, -3.284846544265747, 0.0973428338766098, -0.15070009231567383, 1.0347868204116821, -0.2811949551105499, 0.9557403326034546, 1.4002515077590942, -1.0443507432937622, 0.8822380304336548, 0.8124901652336121, -0.8211021423339844, -1.5357797145843506, 1.4117742776870728, 0.8077366352081299, -0.8402231335639954, -1.995076060295105, 0.027417585253715515, -1.3177112340927124, -0.7612557411193848, -1.1061385869979858, 0.6647228002548218, 1.6250340938568115, -2.0352916717529297, 0.6081595420837402, 0.3272618055343628, 1.412989854812622, -0.8600101470947266, -0.21756727993488312, -1.1041163206100464, -1.7190732955932617, -0.5220948457717896, -0.15161022543907166, -1.2858041524887085, -1.755614995956421, -0.5072062611579895, -0.9105165004730225, -1.5231603384017944, -1.2127798795700073, -1.2260361909866333, 1.4008721113204956, 1.155311107635498, -0.6290237903594971, 0.9894924163818359, -2.3986024856567383, 0.6599305272102356, 0.8128547668457031, -0.40797847509384155, 0.10508796572685242, 0.6279229521751404, 1.3625003099441528, -0.7110983729362488, 0.7471976280212402, -0.4961799085140228, 0.33661845326423645, 0.4708331823348999, -0.035791508853435516, 1.3098816871643066, 1.6091041564941406, 0.1742754429578781, -0.6251819133758545, -0.0395592637360096, 0.4534471333026886, 0.17382782697677612, -1.1046854257583618, -0.09475076198577881, 0.857383131980896, -0.9759157299995422, -0.1782110035419464, -0.1105748862028122, 1.1965093612670898, -2.2014849185943604, -1.2578692436218262, -0.21651238203048706, -0.5514776110649109, 0.2555234134197235, 1.9508004188537598, -1.6609944105148315, 1.2111443281173706, -1.0271638631820679, -0.6956746578216553, 0.12045668065547943, 1.6172610521316528, -0.47796428203582764, -1.014461636543274, 1.4491231441497803, 0.30622342228889465, 0.8611149787902832, 0.47049787640571594, 0.008693642914295197, 0.49730467796325684, -0.5713258981704712, -1.050845742225647, -0.9575209617614746, -1.168592929840088, 0.576430082321167, -0.014939546585083008, -1.2053000926971436, -1.3234100341796875, 0.6021465063095093]",yunet,Facenet,1920,1080,/home/amos/media/tv/modern_family/Modern.Family.S09.1080p.DSNP.WEB-DL.DDP5.1.H.264-CRFW/Modern.Family.S09E21.The.Escape.1080p.DSNP.WEB-DL.DDP5.1.H.264-CRFW.mkv,Modern Family,2009,1442437,9,21,Julie Bowen,31171.0,0.661
48,1092,120,1254,336,1206,210,1140,210,0.929,984,0,"[-0.03209090977907181, 2.022251844406128, -0.10991380363702774, -0.44646522402763367, 0.2781981825828552, -0.7799108624458313, -1.2014964818954468, -0.5437156558036804, -0.8053014874458313, -0.42650270462036133, -0.6124805212020874, 1.2900307178497314, 0.9901995062828064, -0.8199641704559326, -0.9130371809005737, -0.14233464002609253, 0.011874940246343613, -0.6470346450805664, -0.3653639256954193, 0.49167320132255554, -1.5072672367095947, 1.7759548425674438, -0.292518675327301, 1.5419989824295044, -1.4561798572540283, 1.0354959964752197, -2.8263232707977295, 2.4814038276672363, 0.11883784830570221, -1.6262407302856445, 0.27077245712280273, -1.1676512956619263, -0.10112687200307846, -0.6368288397789001, 1.1621326208114624, 0.3203204572200775, 1.518340826034546, 0.47914859652519226, 1.5346436500549316, 1.5576845407485962, -0.024372292682528496, 0.8746909499168396, -0.7979288101196289, 0.20519927144050598, -0.690077006816864, 0.20715972781181335, 0.5379485487937927, 0.2849719524383545, -0.9465993642807007, -1.449786901473999, 0.046783462166786194, -0.041102249175310135, -0.7546561360359192, -0.784940242767334, -0.3029972016811371, 1.7177585363388062, 2.5882961750030518, 0.34650951623916626, -0.1290331482887268, -0.35050928592681885, 1.4533882141113281, -0.87555330991745, -1.5912314653396606, 0.06530624628067017, -0.8498449325561523, 1.5704392194747925, 1.998270034790039, 0.47399598360061646, 1.4153894186019897, -0.7069594860076904, -0.1490745097398758, 1.632545828819275, -0.806326687335968, 1.418674349784851, 0.1481385976076126, 1.2781760692596436, -0.36462950706481934, 0.8827463388442993, 0.3744584619998932, -0.7813843488693237, 0.35566574335098267, -0.6377778053283691, 0.09818325191736221, 0.5196831822395325, -1.4372737407684326, -0.5075795650482178, 0.9289889931678772, 0.30368345975875854, -0.5275956392288208, 0.8302870988845825, -0.0743136927485466, -2.3461811542510986, -0.06325623393058777, -1.1123772859573364, 0.9552211165428162, -0.8886234164237976, 0.9486610293388367, -0.4706180691719055, 0.49703192710876465, -1.0313471555709839, -0.7319385409355164, 0.26020219922065735, -2.6852521896362305, -0.1218019500374794, -0.38335371017456055, -0.14861875772476196, 0.37086260318756104, -1.7856053113937378, 1.2142406702041626, 0.18111994862556458, -0.29831260442733765, 1.1438311338424683, 0.6516610383987427, 0.9070530533790588, -0.3237566649913788, 1.6955565214157104, -0.8428930044174194, -1.1199564933776855, 0.6514919996261597, 0.6795284748077393, -1.0811821222305298, 0.7116203308105469, -0.5316842794418335, -1.5418167114257812, 1.6052145957946777, -0.6894315481185913, 1.1655175685882568, -1.852582335472107]",yunet,Facenet,1920,1080,/home/amos/media/tv/modern_family/Modern.Family.S09.1080p.DSNP.WEB-DL.DDP5.1.H.264-CRFW/Modern.Family.S09E21.The.Escape.1080p.DSNP.WEB-DL.DDP5.1.H.264-CRFW.mkv,Modern Family,2009,1442437,9,21,Ty Burrell,15232.0,0.734
49,498,258,666,486,630,342,558,342,0.924,984,1,"[-1.70477294921875, -0.47216156125068665, -0.20560747385025024, -0.07557588070631027, 0.38222381472587585, -2.1325926780700684, -1.6640160083770752, 1.039184331893921, -0.39554426074028015, 0.09002099931240082, -0.39004749059677124, 1.3998088836669922, 0.747092604637146, -0.2925254702568054, -0.6252140998840332, 1.530694842338562, -1.054783821105957, -0.06019081920385361, -0.7259324193000793, 0.6971542835235596, 0.8872766494750977, 0.8068872690200806, 0.8250693082809448, 1.2659485340118408, -0.5673490166664124, 0.0695360004901886, -1.0257158279418945, 0.23030105233192444, 1.3286231756210327, -2.7380175590515137, -0.1426735669374466, -0.4050985276699066, 1.4665825366973877, -0.8325972557067871, 0.23356829583644867, 1.0547032356262207, -1.3881810903549194, 0.20409619808197021, 0.7184826135635376, -0.8845493793487549, -1.012452244758606, 2.25118350982666, 0.3957434296607971, -0.965583086013794, -1.2869089841842651, 0.8638056516647339, -1.671967625617981, -0.5114372968673706, -1.2878568172454834, 0.5065090656280518, 1.2810899019241333, -1.493656873703003, 0.5264043211936951, 0.2966197729110718, 0.18949759006500244, -0.37783095240592957, -0.028670571744441986, -0.6191896796226501, -1.1249617338180542, 0.18642672896385193, 0.36451199650764465, -0.36641496419906616, -2.4784159660339355, -0.14168192446231842, 0.014235276728868484, -1.2442610263824463, 0.9293961524963379, -1.2874510288238525, 1.1187763214111328, 0.646270751953125, -0.5330310463905334, 1.5127053260803223, -2.2101047039031982, 0.8244017958641052, 1.5646878480911255, -0.9667102694511414, 0.3357228934764862, 1.7404046058654785, 1.1313221454620361, -0.7958188056945801, 0.31945741176605225, -0.25934135913848877, 0.37606295943260193, -1.1472508907318115, -1.172163724899292, 1.065050721168518, 1.3187047243118286, -0.11198616772890091, -1.8043993711471558, 0.23668235540390015, 1.2813522815704346, 0.7433086633682251, -0.7835533022880554, 0.3366195559501648, 0.5731132626533508, -0.6921327710151672, -0.08376727998256683, -0.3629923462867737, 1.1739256381988525, -0.8788605332374573, -1.782716155052185, -0.2851073741912842, -0.2194206416606903, 0.5810385942459106, 1.54478919506073, -2.2067983150482178, 0.8346935510635376, -0.1728445291519165, -1.1519289016723633, 0.5143932700157166, 1.5295354127883911, -0.6791916489601135, -0.08860169351100922, 1.5111584663391113, -0.39850327372550964, 1.2480391263961792, 1.3905956745147705, 0.9034709930419922, -0.9052261710166931, -0.5780932903289795, -0.6830112934112549, -1.222804069519043, -0.8471761345863342, 0.3144451081752777, 0.6439429521560669, -1.598872423171997, -1.7628462314605713, -0.17539829015731812]",yunet,Facenet,1920,1080,/home/amos/media/tv/modern_family/Modern.Family.S09.1080p.DSNP.WEB-DL.DDP5.1.H.264-CRFW/Modern.Family.S09E21.The.Escape.1080p.DSNP.WEB-DL.DDP5.1.H.264-CRFW.mkv,Modern Family,2009,1442437,9,21,Julie Bowen,31171.0,0.66
50,1158,126,1314,324,1272,204,1200,204,0.941,1008,0,"[0.6231647729873657, 1.838830828666687, 0.47246935963630676, -0.6131848692893982, -0.28814998269081116, -0.36260563135147095, -0.710294246673584, -0.473452627658844, -0.6935542821884155, -0.5590508580207825, -0.44592395424842834, 1.6088621616363525, 1.2180172204971313, -1.156354546546936, -1.645068883895874, 0.003350280225276947, -0.4795490801334381, -1.2273157835006714, 0.0019920803606510162, 0.1900770664215088, -1.6114078760147095, 1.5661542415618896, -0.8574846386909485, 0.5002086162567139, -1.2869378328323364, 0.8583610653877258, -2.4594271183013916, 2.515380382537842, -0.05084839463233948, -1.2053953409194946, -0.5826187133789062, -1.3736032247543335, -0.5000943541526794, -1.0203840732574463, 0.9734641909599304, 0.07325322926044464, 0.8512660264968872, 0.20798325538635254, 1.3121776580810547, 1.5368812084197998, 0.7583107352256775, 0.5509344339370728, -0.8393418788909912, 0.8401069641113281, -0.06950008124113083, 0.058643508702516556, 1.3259345293045044, 0.46863481402397156, -0.8760806322097778, -1.857703685760498, -0.32862967252731323, 0.23961400985717773, -0.8964371085166931, -1.1503932476043701, -0.5402626395225525, 0.9057181477546692, 2.629580020904541, 1.156335711479187, -0.010461300611495972, 0.06452319771051407, 1.8318870067596436, -1.5387983322143555, -1.253716230392456, -0.48783138394355774, -0.7465266585350037, 1.9068607091903687, 1.56629478931427, 0.1413213610649109, 1.2586359977722168, -0.8410936594009399, 0.002976334420964122, 1.032280683517456, -1.3534417152404785, 1.4308192729949951, 0.5436757206916809, 1.197826862335205, 0.10185281932353973, 2.123227596282959, 1.4991546869277954, -0.1707448661327362, 0.3987061083316803, -1.194279670715332, 0.8873259425163269, -0.2754032015800476, -1.4620227813720703, -0.89802086353302, 0.8858581781387329, -0.18227162957191467, -0.2764827311038971, 0.5722178220748901, -0.374109148979187, -2.6579627990722656, 0.3479645550251007, -1.386659026145935, 1.3109915256500244, -0.6858574151992798, 0.4773882031440735, -0.5204382538795471, -0.1867353320121765, -0.6461883783340454, -0.47531312704086304, 0.345992773771286, -2.2405295372009277, 0.6069400906562805, -1.0586520433425903, 0.6878863573074341, 0.5852805972099304, -1.3822472095489502, 0.27571216225624084, 0.7023934125900269, 0.09467852115631104, 1.4249494075775146, 0.717057466506958, 0.5033466815948486, -0.5009294152259827, 1.7441632747650146, -1.0718841552734375, -0.9164420366287231, 0.4957728981971741, -0.10365062952041626, -0.8121696710586548, 0.9529742002487183, -0.7108991742134094, -0.7953247427940369, 1.6958973407745361, -0.6387397050857544, 0.5474433302879333, -1.6307876110076904]",yunet,Facenet,1920,1080,/home/amos/media/tv/modern_family/Modern.Family.S09.1080p.DSNP.WEB-DL.DDP5.1.H.264-CRFW/Modern.Family.S09E21.The.Escape.1080p.DSNP.WEB-DL.DDP5.1.H.264-CRFW.mkv,Modern Family,2009,1442437,9,21,Ty Burrell,15232.0,0.779
51,606,252,756,450,726,324,654,324,0.927,1008,1,"[-2.159501075744629, -0.24040064215660095, 0.1671970784664154, 0.079682357609272, 0.7253003120422363, -2.4625582695007324, -1.6181973218917847, 0.5074208974838257, -0.4208206236362457, 0.7018656730651855, -0.6693243980407715, 0.9855625033378601, -0.15154972672462463, -0.23759688436985016, -0.3073672950267792, 1.2079356908798218, -0.648734450340271, -0.29053357243537903, -1.3061497211456299, 0.008386371657252312, 0.7830784320831299, -0.10160230845212936, 0.44542405009269714, 1.7402262687683105, -0.5223032832145691, 0.6710178256034851, -1.3004603385925293, 0.26264041662216187, 1.5884987115859985, -1.7426823377609253, 0.4774809181690216, -0.8347907662391663, 0.4465911090373993, -0.9912911653518677, 1.0493077039718628, 0.7677065134048462, -2.3050484657287598, 0.7299588322639465, 0.6316444873809814, -0.5016908645629883, -1.1815440654754639, 1.4955956935882568, 0.2528144121170044, 0.0024801865220069885, -0.5267161130905151, 1.1265103816986084, -0.9638711810112, 0.18953941762447357, -1.5234596729278564, 0.04673721641302109, 1.1651360988616943, -1.3421205282211304, 0.6820394992828369, 0.6449964046478271, -0.3498152494430542, -0.6974831223487854, 0.7759009003639221, -1.3742417097091675, -1.2652602195739746, 1.0184788703918457, 0.3032864034175873, 0.0426507368683815, -2.7009057998657227, -0.5080304145812988, -0.08009221404790878, -1.3509143590927124, 0.19591280817985535, -1.0900132656097412, 1.8396095037460327, 1.0258985757827759, -0.714970588684082, 1.2657206058502197, -2.488588333129883, 0.37470465898513794, 1.107357382774353, -0.9493576884269714, 0.7704395055770874, 1.191663146018982, 1.1530187129974365, -1.0022873878479004, 0.6501333117485046, -1.0330885648727417, 0.624656617641449, -1.5522767305374146, -1.465132713317871, 1.0824134349822998, 1.5507234334945679, -0.19640159606933594, -1.7184213399887085, 0.2565447688102722, 1.2915420532226562, 0.4781874418258667, -0.39979881048202515, -0.023864347487688065, 1.2156405448913574, -0.3842790126800537, 0.7991474270820618, 0.28286898136138916, 1.1467280387878418, -0.5280305743217468, -1.4212913513183594, 0.05999700725078583, -0.5041670799255371, 1.1229517459869385, 1.895776391029358, -2.173473358154297, 0.3525351583957672, -0.0848468691110611, -0.8493830561637878, 0.2769670784473419, 0.9975898861885071, -1.1538926362991333, -0.5040940046310425, 0.9474239349365234, -1.006784439086914, 0.8152965307235718, 1.111535668373108, 1.3504095077514648, -0.7344530820846558, -0.9967449307441711, -0.0044129639863967896, -0.8644418716430664, -1.2621314525604248, -0.10638295114040375, 0.639036238193512, -1.8254179954528809, -1.8131953477859497, -0.2482520043849945]",yunet,Facenet,1920,1080,/home/amos/media/tv/modern_family/Modern.Family.S09.1080p.DSNP.WEB-DL.DDP5.1.H.264-CRFW/Modern.Family.S09E21.The.Escape.1080p.DSNP.WEB-DL.DDP5.1.H.264-CRFW.mkv,Modern Family,2009,1442437,9,21,Julie Bowen,31171.0,0.602
52,918,144,1188,522,1074,306,960,300,0.926,1032,0,"[-1.355741024017334, -0.6256335973739624, -0.1069888100028038, 2.6242973804473877, 0.8913416266441345, 0.13952255249023438, 0.34632763266563416, -1.7917273044586182, -0.9897232055664062, 1.9684622287750244, -1.004814624786377, 0.9365636706352234, 0.6869364380836487, 0.12438695132732391, -0.6686156988143921, -1.240796446800232, -0.6357170343399048, -0.06403016299009323, -1.2587743997573853, 0.7307438850402832, -0.16755956411361694, 1.083668828010559, 0.976535975933075, 0.1983117163181305, 0.20056739449501038, 0.6584064364433289, 0.2622428238391876, -1.293080449104309, 3.466787338256836, 0.34120213985443115, 1.5644694566726685, -2.058363437652588, -1.0567129850387573, -1.5768579244613647, 1.9299137592315674, -1.8211332559585571, -1.194130778312683, 1.5017694234848022, -0.4448928236961365, -1.8493880033493042, -1.2348711490631104, 1.2192356586456299, 0.9748132228851318, 1.7106024026870728, 0.0828392431139946, -1.5014983415603638, 0.7478291988372803, 0.2840534448623657, -0.22734208405017853, 1.0399811267852783, -0.2089989334344864, 1.400137186050415, 1.6136654615402222, 0.09772056341171265, -0.7783643007278442, -0.3108353316783905, 1.8671212196350098, 0.36177825927734375, -0.6359800696372986, 0.3232863247394562, 0.3025590777397156, 0.1269126832485199, -0.3356826901435852, -0.7906008958816528, -1.5890928506851196, 1.8319684267044067, 0.09064416587352753, 0.9007505178451538, -0.7100531458854675, 1.2889195680618286, -0.3898734152317047, -0.06701654195785522, -1.544100046157837, 0.07681560516357422, -0.31948697566986084, -0.3580639958381653, 0.3995858132839203, -0.7154914140701294, -0.13906563818454742, -0.6288185119628906, 0.37244781851768494, 0.5722655057907104, 1.015802025794983, 1.6445896625518799, -1.0524078607559204, 1.2449673414230347, 0.7864999175071716, -0.13865621387958527, -0.15967592597007751, -2.1975109577178955, -1.0106806755065918, 0.1868717074394226, -0.07712399959564209, 0.346162348985672, 1.4273203611373901, 0.4994950294494629, -0.2789423167705536, -0.7076730728149414, 1.5023682117462158, -2.3606491088867188, -0.3636093735694885, 0.11524472385644913, -0.47957879304885864, 1.2504987716674805, 1.8972214460372925, 0.06724835187196732, 0.34451594948768616, -0.11586706340312958, 2.0390102863311768, -1.2833483219146729, 0.49955451488494873, -0.18982498347759247, 0.5011996626853943, 1.5497374534606934, -1.109969139099121, 0.1498846560716629, -1.419301152229309, 0.38242021203041077, -0.9316675662994385, 0.08032794296741486, 1.3952356576919556, -0.7216113805770874, -0.8300354480743408, -0.6879175901412964, 0.7436205744743347, 0.475401371717453, 1.0619122982025146, -1.3664302825927734]",yunet,Facenet,1920,1080,/home/amos/media/tv/modern_family/Modern.Family.S09.1080p.DSNP.WEB-DL.DDP5.1.H.264-CRFW/Modern.Family.S09E21.The.Escape.1080p.DSNP.WEB-DL.DDP5.1.H.264-CRFW.mkv,Modern Family,2009,1442437,9,21,Sarah Hyland,91351.0,0.659
53,924,150,1194,522,1098,312,978,312,0.932,1056,0,"[-1.6329879760742188, -0.994444727897644, -0.06508580595254898, 2.9001333713531494, -0.12273658066987991, 0.37382301688194275, 0.265633761882782, -2.172079563140869, -0.5869541764259338, 2.158344030380249, -1.1713263988494873, 1.3329095840454102, 0.9624308943748474, 0.16416549682617188, -0.8345471620559692, -1.0891072750091553, -0.4443407356739044, 0.2372026890516281, -1.1627004146575928, 1.1562166213989258, 0.45614179968833923, 0.641375720500946, 0.6920225620269775, 0.41408976912498474, 0.2864619493484497, 0.48273134231567383, 0.602821946144104, -1.2434675693511963, 3.8577489852905273, -0.05403126776218414, 0.7754228115081787, -1.7839653491973877, -0.8973702192306519, -1.894476056098938, 2.1578240394592285, -1.6751569509506226, -2.2056210041046143, 0.5777193903923035, -0.8284240961074829, -1.9035041332244873, -0.9263355135917664, 1.141753911972046, 0.6029618382453918, 1.541669487953186, 0.47858551144599915, -1.5414732694625854, 0.34142276644706726, 0.4997239410877228, -0.06954468786716461, 0.8545798063278198, 0.569042444229126, 1.1201287508010864, 1.4776544570922852, -0.6807898879051208, -0.34795910120010376, -0.09744911640882492, 1.5661876201629639, 0.4400489628314972, -0.06925249844789505, 0.05856949836015701, 0.6807941794395447, 0.20033670961856842, -0.3021668791770935, -0.7551428079605103, -1.3529837131500244, 2.124188184738159, 0.5624783039093018, 0.743033230304718, -0.46737080812454224, 0.7451757192611694, -0.6413044333457947, -0.41896823048591614, -0.6495559811592102, -0.2990574240684509, 0.5607084035873413, -0.9586905837059021, 1.1119835376739502, -0.3560096323490143, -0.382138729095459, -0.5777996182441711, -0.32930058240890503, 0.5658011436462402, 0.49159833788871765, 0.9684861302375793, -0.9723879098892212, 1.1765917539596558, 0.3126419186592102, -0.5124450922012329, -0.034156978130340576, -2.1977672576904297, -0.6864557862281799, 0.9024693369865417, 0.021678511053323746, 1.0428435802459717, 1.4657706022262573, 0.2752339541912079, 0.33707135915756226, -0.5973483324050903, 0.9521515965461731, -1.877601981163025, -0.15759362280368805, 0.7852062582969666, 0.31327006220817566, 1.5348819494247437, 1.6581953763961792, -0.25653737783432007, 0.8635224103927612, 0.36565160751342773, 1.7122706174850464, -1.2040108442306519, 1.0013620853424072, 0.4707164168357849, 0.39968204498291016, 1.4600152969360352, -1.2946996688842773, 0.6680527925491333, -0.5564123392105103, 1.159708023071289, -1.421624779701233, 0.18789304792881012, 1.2253071069717407, -0.4700016379356384, -0.23327265679836273, -1.256300687789917, 0.7693021297454834, 0.6523082852363586, 0.908271074295044, -1.271888017654419]",yunet,Facenet,1920,1080,/home/amos/media/tv/modern_family/Modern.Family.S09.1080p.DSNP.WEB-DL.DDP5.1.H.264-CRFW/Modern.Family.S09E21.The.Escape.1080p.DSNP.WEB-DL.DDP5.1.H.264-CRFW.mkv,Modern Family,2009,1442437,9,21,Sarah Hyland,91351.0,0.687
54,948,228,1206,552,1122,366,1002,366,0.911,1080,0,"[-2.38765811920166, -0.781863808631897, 0.0012077372521162033, 2.1073081493377686, 1.917878270149231, 0.18815270066261292, 0.2456999570131302, -2.1444923877716064, 0.3123539090156555, 1.4255298376083374, -0.25518518686294556, 1.1777986288070679, 1.1367416381835938, -0.2533952593803406, 0.21604302525520325, 0.18379485607147217, 0.16179874539375305, -1.3751757144927979, -1.7378737926483154, 0.45706984400749207, -0.6997460126876831, 1.070064663887024, -1.1203709840774536, 0.7951151132583618, -0.5630190372467041, 1.133359432220459, 0.6994839906692505, -0.6635378003120422, 3.5755233764648438, -0.24589456617832184, 0.49440982937812805, -1.548348069190979, -1.0925512313842773, -1.5240424871444702, 1.8018051385879517, 0.5489445328712463, -2.2987217903137207, 0.9881465435028076, 0.017458051443099976, -2.008363962173462, 0.6408107876777649, 0.6899132132530212, -0.795712947845459, 1.9835033416748047, -0.2775435447692871, -1.2466108798980713, -0.06858117133378983, -0.22297461330890656, 0.22483916580677032, 0.804532527923584, 0.1501140594482422, 0.9220305681228638, 0.5963967442512512, -0.1423421949148178, -0.5854186415672302, -0.4953247606754303, 1.517746925354004, -1.6419858932495117, 0.909224808216095, 0.8682968616485596, -0.13752245903015137, -0.1432948112487793, -0.6514809131622314, -0.5670491456985474, -0.2570173144340515, 1.7406986951828003, 0.38891956210136414, -0.11155929416418076, 0.3093581199645996, 1.1338236331939697, -1.3184396028518677, -0.16875973343849182, -1.6524109840393066, 0.020170070230960846, 1.0941015481948853, -0.12936824560165405, 0.3902670741081238, -0.5302011370658875, -0.2525475323200226, 0.5120757222175598, -0.5929651260375977, 0.4369187355041504, -0.005841750651597977, 0.5570260286331177, -0.8304348587989807, 0.5700746774673462, 0.5841714143753052, 0.6783989071846008, -0.8002153635025024, -1.3649821281433105, 0.07573522627353668, 0.8983105421066284, 0.4140803813934326, -0.5996464490890503, 1.229357123374939, 0.3737829923629761, 0.3298032283782959, -0.34516122937202454, 0.6669502854347229, -1.111342191696167, -0.7929643988609314, -0.17446783185005188, -2.150912284851074, 1.7242311239242554, 2.140075445175171, 0.9083149433135986, 0.9345378875732422, -0.40911582112312317, 2.0026979446411133, -0.6495299935340881, 1.380502700805664, -0.21541576087474823, 0.22759516537189484, 1.1163182258605957, -0.573528528213501, 0.16375458240509033, -0.42516544461250305, 0.59000563621521, -0.639415442943573, 0.19509738683700562, 1.6953595876693726, -0.6599996089935303, 0.4721794128417969, -1.7449337244033813, 0.6773059368133545, 0.21797224879264832, 1.5770421028137207, -0.9279259443283081]",yunet,Facenet,1920,1080,/home/amos/media/tv/modern_family/Modern.Family.S09.1080p.DSNP.WEB-DL.DDP5.1.H.264-CRFW/Modern.Family.S09E21.The.Escape.1080p.DSNP.WEB-DL.DDP5.1.H.264-CRFW.mkv,Modern Family,2009,1442437,9,21,Sarah Hyland,91351.0,0.721
55,1236,126,1404,342,1368,210,1290,216,0.93,1104,0,"[1.343318223953247, 1.4233291149139404, 0.49771371483802795, -0.4194571375846863, -0.4654868245124817, -0.002883823588490486, -1.1798993349075317, -0.12470394372940063, -0.22609436511993408, -0.5681096315383911, -0.07087647169828415, 0.8232067227363586, 1.246980905532837, -0.9388546943664551, -1.3965119123458862, 0.01345500722527504, -0.12764935195446014, -0.9155376553535461, 0.06245842203497887, 0.5941228866577148, -1.2796682119369507, 1.9372035264968872, -0.35996079444885254, 0.6177430748939514, -0.7228583097457886, 1.1285656690597534, -1.903447151184082, 2.704130172729492, 0.6156971454620361, -1.6812326908111572, -0.8620073795318604, -0.6817014813423157, -0.6421836018562317, -0.9274511933326721, 0.8925695419311523, 0.7887113690376282, 0.7657769918441772, 0.10318633913993835, 1.1455295085906982, 1.3722208738327026, 0.2908003032207489, 0.6373053193092346, -0.35904884338378906, -0.07261631637811661, -0.47614169120788574, 0.94676673412323, 0.5799812078475952, -0.1880459189414978, -0.7882741093635559, -1.7573046684265137, 0.21495121717453003, -0.23135630786418915, -0.7516836524009705, -0.5022866129875183, 0.1757197082042694, 0.4719655513763428, 1.7736024856567383, 1.137615442276001, 0.06705299019813538, -0.7765148282051086, 1.3240365982055664, -0.9777556657791138, -0.2760162055492401, 0.06984038650989532, -0.6248401999473572, 2.1106555461883545, 1.7255276441574097, 0.03992835804820061, 1.33336341381073, -0.8355202674865723, -0.13561996817588806, 1.0167289972305298, -0.9732451438903809, 1.488525390625, -0.0435335747897625, 1.6673641204833984, -0.6744499206542969, 1.926295280456543, 1.656775712966919, 0.16958259046077728, 0.6777645945549011, -0.7406303882598877, 0.8316042423248291, -0.020347904413938522, -1.2133257389068604, -1.4184569120407104, 0.39222604036331177, 0.16229961812496185, -0.17546559870243073, -0.031462088227272034, 0.6610551476478577, -1.927224040031433, 0.04202977195382118, -0.7166707515716553, 0.717025637626648, -0.2917101979255676, 0.28321024775505066, -0.4595153331756592, 0.17802157998085022, -1.0204640626907349, -0.8139864206314087, 0.2121436595916748, -1.883458137512207, 0.5524892210960388, -1.2406808137893677, 1.051851749420166, 0.4236670136451721, -0.8653205633163452, 0.35947319865226746, 0.3306635618209839, 0.4590688943862915, 0.8562638163566589, 0.6054003238677979, 0.3870760202407837, 0.18918801844120026, 2.002513885498047, -0.824623703956604, -1.030465006828308, 0.8814483880996704, -0.4324926733970642, -1.1710983514785767, 1.0390150547027588, -0.1952250748872757, -1.2259809970855713, 1.8298211097717285, -0.4977286458015442, 0.9703691005706787, -2.230450391769409]",yunet,Facenet,1920,1080,/home/amos/media/tv/modern_family/Modern.Family.S09.1080p.DSNP.WEB-DL.DDP5.1.H.264-CRFW/Modern.Family.S09E21.The.Escape.1080p.DSNP.WEB-DL.DDP5.1.H.264-CRFW.mkv,Modern Family,2009,1442437,9,21,Ty Burrell,15232.0,0.794
56,474,258,648,486,618,348,534,342,0.917,1104,1,"[-0.5821574926376343, 0.19135531783103943, -0.812408447265625, -0.2018951177597046, 0.7464736700057983, -2.149940013885498, -0.8921813368797302, 0.8722770810127258, -0.8996982574462891, 0.32191264629364014, 0.3282056450843811, 0.9462219476699829, 0.5303881168365479, -0.4092050790786743, 0.7276097536087036, 1.1520721912384033, -0.7401913404464722, -0.6338863968849182, -0.5363795161247253, 0.5615769624710083, -0.03959129750728607, 0.30339741706848145, 0.8037933707237244, 1.9571706056594849, -0.4276474118232727, 1.1072301864624023, -1.626513957977295, 0.1987340748310089, 0.4435689449310303, -2.083428382873535, 0.43247756361961365, -1.1249804496765137, 0.6805403232574463, -0.2332993447780609, 0.5272700190544128, 2.354099988937378, -1.1061171293258667, 0.5052889585494995, 0.7935739755630493, -0.6079107522964478, -1.5559707880020142, 1.9646854400634766, 0.39511004090309143, -2.0366156101226807, -1.43691885471344, 0.6160933971405029, -0.8709887862205505, -0.1377810537815094, -0.9614488482475281, 0.12475493550300598, 1.337938904762268, -2.4515674114227295, 0.11249856650829315, 0.27903544902801514, -0.5571838617324829, -0.14343781769275665, -0.1325261890888214, -0.8748876452445984, -0.30042287707328796, 1.0050750970840454, -0.8387069702148438, -0.5084577798843384, -1.630062460899353, -1.3526556491851807, 0.543975293636322, -1.828503966331482, 0.08729977905750275, -0.46084505319595337, 1.7437058687210083, 3.1812500953674316, 1.5095224380493164, 1.6217540502548218, -2.696701765060425, 1.5255929231643677, 0.8857023119926453, -0.5168084502220154, 0.771874189376831, 0.8800302147865295, 0.207533597946167, -0.04943719506263733, 0.521917998790741, -1.1069700717926025, 0.2511564791202545, -1.1725857257843018, 0.013635024428367615, 1.1965186595916748, 1.5470932722091675, -0.17040063440799713, -1.2422863245010376, 0.2715221643447876, 1.6667401790618896, -0.26502087712287903, -0.24698394536972046, 0.3216736912727356, -0.9470460414886475, -0.515656054019928, -0.1211116760969162, 1.112480878829956, 1.1611270904541016, 0.02927759848535061, -1.6650824546813965, -1.2857943773269653, 0.6425967812538147, 0.052744150161743164, 0.9534961581230164, -1.8484020233154297, 0.7487744688987732, -0.6279767751693726, -1.0727863311767578, 1.4433000087738037, 1.279021978378296, -0.4376581907272339, -0.8926199674606323, 0.8992257714271545, 1.1943600177764893, 0.15107601881027222, 1.2382209300994873, 0.38082221150398254, 0.2478715479373932, -0.12540005147457123, 0.8413652181625366, -1.2531487941741943, -1.1846390962600708, 0.3454042673110962, -0.12400269508361816, -1.5530649423599243, -1.818507194519043, 0.20823365449905396]",yunet,Facenet,1920,1080,/home/amos/media/tv/modern_family/Modern.Family.S09.1080p.DSNP.WEB-DL.DDP5.1.H.264-CRFW/Modern.Family.S09E21.The.Escape.1080p.DSNP.WEB-DL.DDP5.1.H.264-CRFW.mkv,Modern Family,2009,1442437,9,21,Julie Bowen,31171.0,0.677
57,1260,126,1428,348,1392,216,1320,216,0.935,1128,0,"[1.1537272930145264, 1.0551302433013916, 0.9087768793106079, -0.24073052406311035, -0.36769646406173706, -0.0787203386425972, -0.7529451847076416, -0.03988051041960716, -0.33318597078323364, -0.7869771122932434, 0.2837466299533844, 0.7662274241447449, 1.1600183248519897, -0.5454314947128296, -1.6736366748809814, 0.29718393087387085, -0.09726306796073914, -1.12100088596344, -0.2776552736759186, 0.2638472616672516, -1.5859854221343994, 1.8539814949035645, -0.3805183172225952, 0.6239307522773743, -0.6051830649375916, 1.1969404220581055, -1.9393930435180664, 2.897003173828125, 0.9244852066040039, -1.9246000051498413, -0.6396530866622925, -0.5574395060539246, -0.44154462218284607, -0.8763908743858337, 1.027437686920166, 0.6755300164222717, 0.8047741651535034, 0.13447439670562744, 1.0427840948104858, 1.2775638103485107, 0.3651719093322754, 0.6826992630958557, -0.2744029760360718, -0.2550852298736572, -0.6454824209213257, 0.45317667722702026, 0.4320443570613861, -0.01758987084031105, -0.961829423904419, -1.321110486984253, 0.3946337103843689, -0.22656039893627167, -0.330066055059433, -0.5169774889945984, 0.07467885315418243, 1.1386456489562988, 2.0195584297180176, 1.164506435394287, 0.07164908945560455, -0.5309484004974365, 0.9905756115913391, -0.9868658185005188, -0.23620009422302246, 0.4516375958919525, -0.8306435346603394, 1.8652232885360718, 1.7534188032150269, 0.1598067283630371, 1.2363101243972778, -0.6539324522018433, -0.14528843760490417, 1.0528889894485474, -0.9862598776817322, 1.6611645221710205, -0.19122056663036346, 1.498960018157959, -0.5654077529907227, 1.8326473236083984, 1.5579217672348022, -0.02533998340368271, 0.7073304057121277, -0.9734941720962524, 0.5777425765991211, -0.5215640664100647, -1.0399788618087769, -1.8251806497573853, 0.672458827495575, 0.03634527325630188, 0.24424052238464355, -0.039830420166254044, 0.1055842936038971, -1.8939077854156494, -0.07368122786283493, -0.8096819519996643, 0.9129322171211243, -0.29841071367263794, -0.0033190064132213593, -0.6921590566635132, 0.23207926750183105, -1.2549803256988525, -0.5728819370269775, 0.44693589210510254, -2.052767276763916, 0.18340793251991272, -0.7785009145736694, 1.2908984422683716, 0.6219894886016846, -1.5769957304000854, 0.37950149178504944, 0.1506318747997284, 0.6546385288238525, 1.6266746520996094, 0.8460211753845215, 0.3385888338088989, 0.12194853276014328, 1.9305063486099243, -0.46831223368644714, -1.0719646215438843, 0.3856809437274933, -0.4032621383666992, -1.2017844915390015, 0.6704133749008179, 0.36199623346328735, -0.9282453060150146, 2.0000669956207275, -0.013608068227767944, 1.2149862051010132, -1.9540207386016846]",yunet,Facenet,1920,1080,/home/amos/media/tv/modern_family/Modern.Family.S09.1080p.DSNP.WEB-DL.DDP5.1.H.264-CRFW/Modern.Family.S09E21.The.Escape.1080p.DSNP.WEB-DL.DDP5.1.H.264-CRFW.mkv,Modern Family,2009,1442437,9,21,Ty Burrell,15232.0,0.826
58,954,210,1218,558,1134,354,1008,354,0.906,1152,0,"[-2.1577489376068115, -1.188995361328125, 0.08014681935310364, 2.25276780128479, 1.484938383102417, -0.6664708852767944, 0.3762785792350769, -2.609583616256714, 0.08531112968921661, 1.901317834854126, -0.5656476616859436, 1.4726158380508423, 1.2662814855575562, -0.7040708065032959, 0.35593515634536743, 0.030836686491966248, 0.5357229709625244, -0.9684414267539978, -1.408935785293579, 1.3124910593032837, 0.04821321368217468, 0.10741584748029709, -0.23690539598464966, 1.2076468467712402, -0.6631520390510559, 0.5557324290275574, 2.5916504859924316, -1.1826281547546387, 2.696866512298584, 0.3439174294471741, 0.13800090551376343, -1.2219957113265991, -1.1493650674819946, -1.288852572441101, 1.2377926111221313, 0.10806021094322205, -1.6672065258026123, -0.064214788377285, -0.5884623527526855, -1.6023176908493042, -0.023344261571764946, -0.22966468334197998, -0.2269197404384613, 1.7012214660644531, 0.15674054622650146, -1.0474611520767212, 0.1171952337026596, -0.41823574900627136, -0.7340171933174133, 0.28785714507102966, -0.9856299757957458, 1.1941051483154297, 0.46050581336021423, 0.6181581020355225, -0.4177805185317993, -0.8630489110946655, 0.7561653852462769, 0.20674031972885132, 0.2197548896074295, -0.4173251688480377, -0.22304579615592957, -0.16000613570213318, 0.4126322567462921, -0.6984808444976807, -1.0037622451782227, 2.3629653453826904, 0.7449786067008972, 0.24858011305332184, -0.4853437840938568, 1.427603840827942, 0.008273049257695675, -0.6958678960800171, -0.5732106566429138, 0.7274214029312134, 0.44428199529647827, -0.8866921067237854, 0.8345154523849487, -0.881951630115509, -0.3862902522087097, -0.554142951965332, -0.5872005224227905, 0.24948368966579437, -0.23588085174560547, 1.2689628601074219, -0.535171389579773, 1.2247512340545654, 0.15025854110717773, -0.8572306036949158, -0.8771219253540039, -2.25657320022583, -0.48371025919914246, 0.04289045184850693, 0.9597856998443604, 0.01551160216331482, 0.8424282670021057, 0.23833495378494263, 0.41040727496147156, 0.07596606761217117, 0.03848288208246231, -0.9889432787895203, -1.0749931335449219, 0.9746708273887634, -0.3090421259403229, 1.45248281955719, 1.4048151969909668, 0.7000501155853271, 0.27762967348098755, -0.39694568514823914, 1.1795796155929565, -0.23406293988227844, 0.8848027586936951, 0.5446699261665344, 1.607649326324463, 0.4747619926929474, -1.093756079673767, 0.67032790184021, -1.5842887163162231, 0.6142851114273071, -1.3599269390106201, 0.3489701449871063, 1.0318613052368164, -0.4158627986907959, 0.8129616975784302, -2.5081114768981934, 0.5103906989097595, 1.4520461559295654, 2.4702231884002686, -0.28663256764411926]",yunet,Facenet,1920,1080,/home/amos/media/tv/modern_family/Modern.Family.S09.1080p.DSNP.WEB-DL.DDP5.1.H.264-CRFW/Modern.Family.S09E21.The.Escape.1080p.DSNP.WEB-DL.DDP5.1.H.264-CRFW.mkv,Modern Family,2009,1442437,9,21,Sarah Hyland,91351.0,0.775
59,936,186,1230,558,1122,330,984,330,0.914,1176,0,"[-2.3327062129974365, -2.0654821395874023, -0.44934388995170593, 2.756641387939453, 0.7229475378990173, -0.6510116457939148, 0.15948761999607086, -2.1920182704925537, -0.6423425078392029, 2.7528076171875, -0.981988251209259, 1.3510680198669434, 0.5097541809082031, -0.4317479729652405, -0.29552391171455383, -0.2639176845550537, 0.38691145181655884, -0.357003390789032, -1.0696290731430054, 1.4066861867904663, -0.04120335727930069, 0.0984908938407898, 0.02576439082622528, 1.1050838232040405, -0.12615595757961273, 1.2047282457351685, 2.3178610801696777, -1.1726045608520508, 3.2078866958618164, 0.32592612504959106, 0.7678523063659668, -0.7685787081718445, -0.586207926273346, -1.1213706731796265, 1.083191990852356, -0.4286067485809326, -2.244729518890381, 0.6680026054382324, -0.39600443840026855, -1.7729761600494385, -0.7389287352561951, 0.30139946937561035, -0.13538989424705505, 1.5247925519943237, 0.8766680359840393, -1.0438239574432373, -0.1758827567100525, 0.5540062189102173, -0.18834972381591797, 0.7164390087127686, -0.14132098853588104, 1.3526272773742676, 0.9202461838722229, 0.4876936674118042, -0.20525790750980377, -0.5725443363189697, -0.21162252128124237, -0.19863194227218628, -0.041242532432079315, 0.1086212620139122, -0.15548163652420044, -0.136361226439476, -0.16696932911872864, -1.371817708015442, -1.0658297538757324, 2.354616165161133, 0.22812983393669128, 0.8209245800971985, -0.1359049677848816, 1.4691276550292969, -0.3629133701324463, -0.9917460680007935, -0.1932796686887741, 0.3358849883079529, 0.5951346158981323, -1.4128384590148926, 0.8629330396652222, -1.3506855964660645, -0.18119418621063232, 0.016102388501167297, -0.6766698360443115, -0.016830917447805405, -0.1856299340724945, 1.5595303773880005, -0.7898547053337097, 1.84481680393219, -0.08259077370166779, -0.36848145723342896, -0.08775217086076736, -1.769152045249939, -0.5793477296829224, 0.788750171661377, 0.7057856917381287, 0.9360781908035278, 1.3651474714279175, -0.20519965887069702, 0.7964423894882202, 0.44007983803749084, -0.027898158878087997, -1.038500428199768, -0.01621386408805847, 0.5934223532676697, 0.04800930619239807, 1.5984708070755005, 1.350419282913208, 0.2654527425765991, 0.5853643417358398, -0.35453516244888306, 0.6461998224258423, -0.6299919486045837, 1.1033040285110474, 0.47561120986938477, 0.623162031173706, 0.4369831681251526, -0.5631243586540222, 0.3148019313812256, -1.8139399290084839, 0.8296003937721252, -1.1143498420715332, -0.11698748171329498, 1.1595535278320312, -0.4692780375480652, -0.17132046818733215, -1.4429725408554077, 0.12904009222984314, 1.086161494255066, 2.1942710876464844, 0.20462293922901154]",yunet,Facenet,1920,1080,/home/amos/media/tv/modern_family/Modern.Family.S09.1080p.DSNP.WEB-DL.DDP5.1.H.264-CRFW/Modern.Family.S09E21.The.Escape.1080p.DSNP.WEB-DL.DDP5.1.H.264-CRFW.mkv,Modern Family,2009,1442437,9,21,Sarah Hyland,91351.0,0.835
60,1308,138,1500,402,1452,234,1374,240,0.935,1200,0,"[0.8176819086074829, 0.6982260942459106, 0.45382964611053467, -0.00027063488960266113, -0.42530179023742676, 0.2783691883087158, -1.0904942750930786, -0.07726988196372986, -0.4952804744243622, -0.7435513734817505, 0.01996900886297226, 0.7079731225967407, 0.9595416188240051, -0.677475094795227, -1.2974079847335815, 0.48441094160079956, -0.2906856834888458, -0.4038158059120178, -0.2627059817314148, 0.830030083656311, -1.5936881303787231, 2.1532158851623535, -0.5884392261505127, 0.5282089710235596, -0.8963598608970642, 0.6080603003501892, -2.3888070583343506, 2.4121198654174805, 0.8901318311691284, -1.2034469842910767, 0.23220351338386536, -1.245956301689148, -0.5265774726867676, -0.5298129320144653, 0.7280769348144531, 0.73422771692276, 1.2228548526763916, 0.6537495851516724, 0.8771682381629944, 1.5442487001419067, 0.4527101218700409, 1.2356030941009521, -0.3142734467983246, -0.5853699445724487, -0.21054357290267944, 0.27991071343421936, 0.7152319550514221, 0.35919511318206787, -0.8488433957099915, -1.2450741529464722, -0.2995782494544983, -0.40366652607917786, -0.5012271404266357, 0.049744054675102234, -0.7121497988700867, 1.1257354021072388, 2.0387916564941406, 1.0665702819824219, -0.0466306135058403, -0.5921289324760437, 1.5549513101577759, 0.04398299753665924, -0.7146018147468567, 1.1326640844345093, -0.9319943189620972, 2.1156749725341797, 2.096811056137085, 0.5039588212966919, 1.0239908695220947, -1.0773791074752808, -0.0710882693529129, 0.7817646265029907, -0.5990471839904785, 1.300536036491394, 0.5408768653869629, 1.7193769216537476, -0.74619460105896, 1.8725050687789917, 0.875677764415741, 0.4052774906158447, 0.014039188623428345, -1.3541301488876343, 0.04075013846158981, 0.040693819522857666, -0.8414586782455444, -1.404807686805725, 0.8907567262649536, 1.0410369634628296, 0.07882988452911377, 0.15087953209877014, 0.3545214533805847, -1.6856279373168945, 0.22321975231170654, -0.7315462827682495, 0.7042655944824219, -0.3520951271057129, 0.14382490515708923, -1.0072288513183594, 0.8029198050498962, -0.7293572425842285, -0.4895748496055603, 1.0561662912368774, -2.041243076324463, -0.21127885580062866, 0.16401979327201843, 1.0038877725601196, 0.3260098099708557, -1.4250303506851196, 0.7342545986175537, -0.12398701161146164, 0.7386106252670288, 1.0768903493881226, 0.22902782261371613, 0.2322550117969513, -0.40825334191322327, 2.0173916816711426, -1.1844658851623535, -0.5372728109359741, -0.08826389163732529, -0.17074958980083466, -1.3828221559524536, 0.8903032541275024, 0.039322223514318466, -1.2204558849334717, 2.096834182739258, -0.7164542078971863, 0.628109335899353, -1.899244785308838]",yunet,Facenet,1920,1080,/home/amos/media/tv/modern_family/Modern.Family.S09.1080p.DSNP.WEB-DL.DDP5.1.H.264-CRFW/Modern.Family.S09E21.The.Escape.1080p.DSNP.WEB-DL.DDP5.1.H.264-CRFW.mkv,Modern Family,2009,1442437,9,21,Ty Burrell,15232.0,0.69
61,258,258,444,498,396,348,306,348,0.928,1200,1,"[-1.8162287473678589, 0.5204352140426636, -0.29914391040802, -0.7483465075492859, 0.7773579359054565, -1.7785544395446777, -1.7347978353500366, 0.20436042547225952, -0.753876268863678, -0.38764238357543945, 0.6660944223403931, 0.8524218797683716, 0.32894760370254517, -0.610271692276001, -1.0325353145599365, 0.16697485744953156, -1.0845178365707397, -0.6282681226730347, -1.9464514255523682, 0.6127547025680542, 0.7054402828216553, 0.4255959987640381, 0.3347093164920807, 0.05081544816493988, -1.2993344068527222, 0.009264856576919556, -1.7019754648208618, 1.349139928817749, -0.22329430282115936, -2.710367202758789, -0.2305278480052948, 0.06553161144256592, 0.6842484474182129, -1.5509343147277832, -0.22662529349327087, 1.2444580793380737, -1.3087464570999146, -0.2866283357143402, 0.7724952101707458, -1.5512176752090454, -1.2197933197021484, 0.5921738147735596, 0.3308122754096985, -0.948030412197113, -0.7817659974098206, 0.12911610305309296, -1.489437222480774, 0.2348739504814148, -1.3273919820785522, 0.2330603450536728, 1.5173109769821167, -1.5962468385696411, 0.7105383276939392, -0.37425243854522705, -0.2197638899087906, -0.31126144528388977, -0.14866846799850464, -1.5764384269714355, -0.9973834753036499, -0.06953150779008865, -0.5440279245376587, -0.18625286221504211, -2.1546006202697754, 0.35985124111175537, -0.0034601129591464996, -1.0511881113052368, 0.5390328168869019, -1.895300269126892, 1.842434048652649, 0.7568669319152832, -0.8774337768554688, 1.2464042901992798, -2.521491289138794, 0.6118283271789551, 0.48929041624069214, -0.05411415919661522, 0.19344481825828552, 0.6622428297996521, 1.4240506887435913, -0.7770878076553345, 1.327216386795044, 0.4033115804195404, -0.06610014289617538, -0.2543339729309082, -0.2854473888874054, 0.6264885663986206, 1.0109238624572754, 0.24355994164943695, -1.5246633291244507, 0.5395810604095459, 1.371587872505188, -0.46307244896888733, -0.27546441555023193, 0.7358471751213074, 0.7465569376945496, -0.21511277556419373, 0.5639864802360535, 0.26088154315948486, 0.8407754302024841, -1.2398163080215454, -1.055832028388977, -2.099273681640625, 0.10414749383926392, 0.7585610747337341, 0.32339155673980713, -1.7462189197540283, 1.4542441368103027, -0.20711299777030945, -0.423238605260849, 0.8885389566421509, 1.3386462926864624, -0.7349824905395508, -0.5572900772094727, 2.481285572052002, 0.13961608707904816, 1.05228590965271, 1.215837836265564, 0.7409483790397644, -1.170583963394165, 0.19895771145820618, -0.3614414930343628, -0.5698864459991455, -0.7405379414558411, 0.8114582896232605, 0.09218846261501312, -1.6097112894058228, -1.06548273563385, -0.3037855327129364]",yunet,Facenet,1920,1080,/home/amos/media/tv/modern_family/Modern.Family.S09.1080p.DSNP.WEB-DL.DDP5.1.H.264-CRFW/Modern.Family.S09E21.The.Escape.1080p.DSNP.WEB-DL.DDP5.1.H.264-CRFW.mkv,Modern Family,2009,1442437,9,21,Julie Bowen,31171.0,0.681
62,552,294,738,546,696,396,600,396,0.927,1224,0,"[-1.2841148376464844, 1.1965984106063843, -0.46314847469329834, -0.8097265958786011, 0.047654565423727036, -1.8127068281173706, -1.8868759870529175, 0.8970358967781067, -0.4131932556629181, -0.0508294440805912, 1.0951929092407227, -0.016692260280251503, -0.7554271221160889, -1.170495629310608, -0.5529452562332153, -0.46399688720703125, -1.0739072561264038, -0.8122990727424622, -2.4273836612701416, -0.5368156433105469, 0.2508515417575836, 0.9760809540748596, -0.6012710928916931, 0.13030749559402466, -1.8325101137161255, 0.016535073518753052, -1.947089433670044, 1.192542314529419, -0.3810564875602722, -2.552297830581665, -0.6664727926254272, 0.2688794732093811, -0.46029162406921387, -1.778035283088684, 1.5323823690414429, 1.7640256881713867, -1.1648505926132202, -0.7359522581100464, 2.003659963607788, -1.2271314859390259, -0.8161731958389282, -0.6578848958015442, 0.18912117183208466, -1.2262465953826904, 0.31286656856536865, 0.6686073541641235, 0.5120410919189453, -0.19899232685565948, -1.7313642501831055, 0.31881460547447205, -0.06951093673706055, -1.3523167371749878, 0.5836696028709412, 0.37789130210876465, -1.3060332536697388, -0.12570029497146606, -0.30221444368362427, -1.2607225179672241, -1.128790020942688, -0.23986735939979553, -0.5587183833122253, -1.2417385578155518, -2.620706081390381, -0.7493475675582886, 1.078415870666504, -0.3381810784339905, 0.7103915214538574, -1.7924606800079346, 1.0063046216964722, 0.49938496947288513, 0.0014476191718131304, 1.0574167966842651, -1.9636725187301636, 0.2787551283836365, 0.5734263062477112, -0.5723005533218384, 0.9735740423202515, 0.9125069975852966, 1.2955307960510254, 0.21659664809703827, 1.5796443223953247, -1.2046147584915161, 0.8312307596206665, -0.8793593645095825, 0.027208760380744934, -0.2204613834619522, 0.2428627610206604, -0.17282286286354065, -0.3592207431793213, 0.10782045125961304, 0.8163275718688965, -0.6379238367080688, -1.359836459159851, -0.21140176057815552, 0.7479979991912842, 0.07723866403102875, -0.057319872081279755, 0.9155896902084351, 0.3913601338863373, -1.1150736808776855, -1.186834692955017, -1.448873519897461, -0.1512313187122345, 1.0786634683609009, 0.3102208375930786, 0.057414159178733826, 2.561732053756714, -0.00738351047039032, 0.28387677669525146, 1.723768711090088, 1.6302355527877808, -0.6338161826133728, -0.5173074007034302, 1.873819351196289, -0.13454456627368927, 0.5307891368865967, 1.2604467868804932, 0.4578917920589447, -0.912890613079071, -0.19456297159194946, -0.7435352206230164, -0.6566108465194702, -0.40336936712265015, 1.121575951576233, -0.21507398784160614, -0.929535984992981, -1.040936827659607, -0.12751178443431854]",yunet,Facenet,1920,1080,/home/amos/media/tv/modern_family/Modern.Family.S09.1080p.DSNP.WEB-DL.DDP5.1.H.264-CRFW/Modern.Family.S09E21.The.Escape.1080p.DSNP.WEB-DL.DDP5.1.H.264-CRFW.mkv,Modern Family,2009,1442437,9,21,Julie Bowen,31171.0,0.624
63,1338,138,1542,408,1512,240,1422,240,0.922,1224,1,"[0.615583062171936, 0.8079636096954346, 0.7134480476379395, -0.12047141045331955, -0.599640429019928, -0.40402621030807495, -1.3734091520309448, -0.13319231569766998, -0.35683751106262207, -0.4522496461868286, -0.3924943804740906, 1.2741907835006714, 0.8227035403251648, -0.25759533047676086, -1.4013073444366455, 0.37741631269454956, -0.06897760927677155, -0.33444464206695557, -0.27685531973838806, 0.6875187158584595, -1.2721127271652222, 1.8181471824645996, -0.39429882168769836, 0.42667922377586365, -0.5902169942855835, 0.5414350032806396, -2.054028034210205, 2.6748766899108887, 0.9807071685791016, -1.1063752174377441, -0.47781607508659363, -0.8641794323921204, -0.3400951325893402, -0.39942559599876404, 1.1723181009292603, 0.5787733793258667, 0.9150430560112, 0.1935061812400818, 0.8967827558517456, 1.1671274900436401, 0.11976418644189835, 0.894225001335144, -0.6344265937805176, -0.09532243758440018, -0.5514250993728638, 0.35752570629119873, 0.7153035402297974, -0.146577388048172, -1.6210322380065918, -0.9728162288665771, 0.24140635132789612, -0.5075820088386536, -0.38907912373542786, -0.711539089679718, -0.22288702428340912, 0.9620214104652405, 1.794752597808838, 1.1301676034927368, 0.6368409991264343, -0.7224906086921692, 1.7966759204864502, -0.33978891372680664, -1.1389143466949463, 0.3992314338684082, -0.6767774820327759, 1.8318963050842285, 1.5611026287078857, 0.4109640419483185, 1.1329281330108643, -1.2930045127868652, -0.2824479043483734, 0.4221974313259125, -0.4072502851486206, 1.47799551486969, 0.5258659720420837, 1.949959635734558, 0.36265406012535095, 1.5619856119155884, 1.3581393957138062, -0.3836321234703064, 0.10624196380376816, -1.0325126647949219, -0.0016795806586742401, 0.38131439685821533, -0.589891254901886, -1.7902300357818604, 1.4288381338119507, 0.37713682651519775, -0.13990452885627747, 0.6452723741531372, -0.4844518005847931, -1.4215346574783325, -0.3230030834674835, -1.0607138872146606, 0.49462196230888367, -0.6556609272956848, 0.4964554011821747, -0.9586328864097595, 0.6202183365821838, -0.8713933825492859, -0.8508532047271729, 1.2582694292068481, -2.0225749015808105, -0.46803921461105347, -0.10186553001403809, 0.9474899172782898, 0.6773135662078857, -1.0733357667922974, 0.7959215641021729, -0.1305881291627884, 1.2718178033828735, 1.1955889463424683, 0.30010104179382324, 0.15058405697345734, 0.11912406980991364, 2.387824058532715, -0.37340694665908813, -0.34489738941192627, 0.010054141283035278, -0.054044101387262344, -0.9299882650375366, 0.8598289489746094, -0.42189961671829224, -0.8584875464439392, 2.167647123336792, -0.5672840476036072, 0.4711657166481018, -1.9000065326690674]",yunet,Facenet,1920,1080,/home/amos/media/tv/modern_family/Modern.Family.S09.1080p.DSNP.WEB-DL.DDP5.1.H.264-CRFW/Modern.Family.S09E21.The.Escape.1080p.DSNP.WEB-DL.DDP5.1.H.264-CRFW.mkv,Modern Family,2009,1442437,9,21,Ty Burrell,15232.0,0.712
64,432,294,630,576,588,402,498,402,0.922,1248,0,"[-0.8103427886962891, 1.1294136047363281, 0.7981885671615601, -0.5392517447471619, 0.502243161201477, -0.913882851600647, -1.4202313423156738, 0.9645667672157288, 1.39561927318573, -0.4900808334350586, -0.2345237135887146, -0.9466696381568909, -1.9576044082641602, 0.024167217314243317, -0.9977411031723022, -0.4563175439834595, -1.4583971500396729, -1.3905832767486572, -1.6678606271743774, -1.323443055152893, 0.5071926116943359, 0.580208420753479, 0.11333506554365158, 0.6505120396614075, -1.0151060819625854, 1.1172670125961304, -0.9802979230880737, -0.3311096429824829, 0.5847123861312866, -2.1745660305023193, -0.14629890024662018, -0.13507501780986786, 0.8304855227470398, -2.9307467937469482, 0.2683899998664856, 2.5558431148529053, -1.595963716506958, -0.5237517356872559, 0.8649502992630005, -0.2404913604259491, -0.7648094296455383, -0.1663908064365387, -0.7062122821807861, -1.3675367832183838, 0.41325798630714417, 2.835984230041504, -0.5792988538742065, 0.28295567631721497, -2.323493242263794, -0.05110044777393341, 0.8243955373764038, -0.9677404761314392, 0.5913655757904053, 0.08295688033103943, -0.4691270887851715, 0.018433067947626114, 0.5057056546211243, -1.3908809423446655, -0.16862884163856506, 0.6646380424499512, -0.05657782033085823, -1.2525367736816406, -2.1486380100250244, -0.43575891852378845, 0.7704361081123352, -0.7978171706199646, 0.7534583806991577, -1.023977279663086, 1.4424707889556885, 0.17752401530742645, -1.2835426330566406, 1.4457060098648071, -1.7076568603515625, -0.38722485303878784, -0.1178450882434845, 0.021790530532598495, -0.09147889912128448, 1.257800817489624, 0.8159858584403992, -0.16518598794937134, 0.38218453526496887, -0.6427578926086426, 1.2046862840652466, -1.6747827529907227, -1.1170799732208252, -1.153767704963684, 0.731077253818512, 0.0017203688621520996, 0.17618463933467865, 0.09036047756671906, 1.1668682098388672, 0.46330583095550537, -0.0924215167760849, -0.22211208939552307, 0.029795650392770767, 0.4972473382949829, -0.5046092867851257, 1.2647100687026978, 0.13181142508983612, -0.48341259360313416, -0.9258934259414673, -1.6352263689041138, -0.32572540640830994, 0.6519603133201599, 0.8785812854766846, -1.651338815689087, 0.5756996273994446, 1.4687386751174927, 0.6915311217308044, 1.128561019897461, 0.6395646929740906, -1.8363772630691528, -0.30895066261291504, 1.640275001525879, -0.4154451787471771, 1.3565975427627563, 1.5275628566741943, 0.6823831796646118, 0.047540370374917984, -0.34350430965423584, -0.45087558031082153, -0.8475033044815063, -1.646026849746704, 0.9210542440414429, 0.972868800163269, -1.6379590034484863, -1.1603833436965942, -0.28259649872779846]",yunet,Facenet,1920,1080,/home/amos/media/tv/modern_family/Modern.Family.S09.1080p.DSNP.WEB-DL.DDP5.1.H.264-CRFW/Modern.Family.S09E21.The.Escape.1080p.DSNP.WEB-DL.DDP5.1.H.264-CRFW.mkv,Modern Family,2009,1442437,9,21,,,
65,1362,144,1590,444,1542,264,1446,258,0.918,1248,1,"[0.6970264911651611, 0.8642675876617432, 0.5385549664497375, -0.2681255042552948, -0.7895216345787048, 0.048545971512794495, -1.4086592197418213, -0.02566159889101982, -0.38944190740585327, -0.7952661514282227, -0.0037327557802200317, 1.2522717714309692, 0.7662891745567322, -0.3961089253425598, -1.2538162469863892, 0.3649328947067261, 0.0735294297337532, -0.4256516695022583, -0.12312814593315125, 0.8693819046020508, -1.6915528774261475, 2.0682361125946045, -1.0399844646453857, 0.3456292152404785, -0.3610319197177887, 0.9964280724525452, -2.2144663333892822, 2.6095023155212402, 1.1694755554199219, -1.232502818107605, -0.1550188809633255, -0.798143744468689, -0.22253280878067017, -0.9781206846237183, 1.1193283796310425, 0.787166953086853, 1.273844599723816, 0.5881910920143127, 0.5845637321472168, 1.666620135307312, 0.09416437149047852, 1.1944445371627808, -0.6344137191772461, -0.05436459556221962, -0.3132927119731903, -0.1013132631778717, 0.6765033006668091, 0.25950103998184204, -0.6370198726654053, -1.2214343547821045, 0.6761536002159119, -0.4393894076347351, -0.34319087862968445, -0.6895326375961304, -0.3851581811904907, 1.0271204710006714, 2.000426769256592, 1.1086949110031128, 0.4849899709224701, -0.20015156269073486, 1.7170990705490112, -0.3168856203556061, -0.8562145829200745, 0.28644317388534546, -0.5727612972259521, 2.033808469772339, 2.009901762008667, 0.7941562533378601, 1.290725588798523, -1.1429911851882935, -0.25796613097190857, 0.4335722029209137, -0.9867839217185974, 1.131900429725647, 0.6103727221488953, 1.643923044204712, -0.049671921879053116, 1.6216486692428589, 0.7685734629631042, 0.20419208705425262, -0.02118278667330742, -1.164413571357727, 0.002803400158882141, 0.30475810170173645, -1.1220917701721191, -1.2885421514511108, 0.8780689239501953, 0.6041095852851868, 0.1782890111207962, 0.2223990559577942, -0.060387007892131805, -1.8833259344100952, 0.038949254900217056, -1.3167474269866943, 0.28817492723464966, -0.19634808599948883, 0.39619511365890503, -1.1602420806884766, 0.9312353730201721, -0.4556017816066742, -0.5606727004051208, 1.0091181993484497, -1.8695158958435059, -0.5082796216011047, -0.43492433428764343, 0.8714524507522583, 0.30754080414772034, -1.2657266855239868, 1.2108442783355713, 0.11683766543865204, 0.6395561695098877, 0.9445726871490479, 0.2885289192199707, 0.044677186757326126, 0.20021459460258484, 1.8787859678268433, -0.7727397680282593, -0.419503390789032, 0.34623250365257263, -0.13849569857120514, -0.9058722257614136, 0.6405282020568848, -0.2641921043395996, -1.0532290935516357, 2.4042398929595947, -0.3730714023113251, 0.47894567251205444, -1.8003301620483398]",yunet,Facenet,1920,1080,/home/amos/media/tv/modern_family/Modern.Family.S09.1080p.DSNP.WEB-DL.DDP5.1.H.264-CRFW/Modern.Family.S09E21.The.Escape.1080p.DSNP.WEB-DL.DDP5.1.H.264-CRFW.mkv,Modern Family,2009,1442437,9,21,Ty Burrell,15232.0,0.751
66,396,306,606,600,552,420,462,420,0.933,1272,0,"[-1.3056987524032593, 0.7997353076934814, 0.5329033136367798, -0.8708963990211487, 0.7422288060188293, -1.778065800666809, -1.3872230052947998, -0.15791796147823334, -0.17467990517616272, 0.06862004101276398, 1.006439208984375, 0.609874963760376, -1.2575910091400146, -0.3081284165382385, -0.8126815557479858, 0.6837276816368103, -1.245863437652588, -1.1444377899169922, -2.4090397357940674, -0.03360596299171448, 0.25519534945487976, 0.10327649861574173, -0.001758091151714325, 0.4328865110874176, -1.6214247941970825, -0.24700412154197693, -1.070369839668274, 1.025552749633789, -0.45706450939178467, -1.5750434398651123, 0.0766790583729744, -0.0706169456243515, 0.07346902787685394, -1.5880438089370728, -0.23038363456726074, 2.2786808013916016, -1.5912100076675415, -0.5477675199508667, 1.1374704837799072, -0.5663515329360962, -0.7908894419670105, -0.6743589639663696, -0.3160465657711029, -1.184934377670288, -0.14287173748016357, 0.5832732319831848, -0.8205426335334778, -0.45538097620010376, -1.835855484008789, -0.2045569270849228, 0.7401015758514404, -2.5484073162078857, 0.8191882967948914, -0.15098422765731812, -0.9994077682495117, -0.49336710572242737, -0.008423194289207458, -1.0909087657928467, -0.3374638259410858, 0.2477811574935913, -0.5412676930427551, -0.5698750019073486, -2.2810068130493164, -0.30820879340171814, 0.8225090503692627, -1.0276106595993042, 0.9508091807365417, -1.3178125619888306, 1.4925686120986938, 1.4858481884002686, -0.7453736066818237, 1.5281131267547607, -1.6802812814712524, 1.0460896492004395, 0.5443900227546692, 0.20901162922382355, 1.0205281972885132, 1.2262741327285767, 1.135967493057251, -0.03540349379181862, 0.5740087628364563, -0.47886112332344055, 0.36322566866874695, -1.0783034563064575, -0.7429123520851135, 0.010955847799777985, 0.9444546699523926, -0.2679511606693268, -1.0215381383895874, 0.51011061668396, 1.6305084228515625, -0.7676411867141724, -0.4674379229545593, -0.12213937193155289, 0.5372847318649292, -0.6108471751213074, -0.1365097612142563, 1.097227931022644, 1.0683867931365967, -0.5878965258598328, -1.82120680809021, -1.490199327468872, -0.3566225469112396, 0.41382896900177, 0.9863187670707703, -1.4065744876861572, 1.4271495342254639, 0.40624773502349854, -0.34591221809387207, 1.1640123128890991, 1.6729174852371216, -0.49730002880096436, -0.4030957520008087, 1.6381678581237793, 0.14354208111763, 1.6181896924972534, 1.800674319267273, 0.9925422072410583, -1.4903538227081299, 0.4002951979637146, -0.12408944964408875, -0.717595100402832, -0.5888636112213135, 0.29029181599617004, 0.12332634627819061, -1.6656769514083862, -1.5716089010238647, -0.1473492830991745]",yunet,Facenet,1920,1080,/home/amos/media/tv/modern_family/Modern.Family.S09.1080p.DSNP.WEB-DL.DDP5.1.H.264-CRFW/Modern.Family.S09E21.The.Escape.1080p.DSNP.WEB-DL.DDP5.1.H.264-CRFW.mkv,Modern Family,2009,1442437,9,21,Julie Bowen,31171.0,0.704
67,1374,156,1608,456,1548,270,1452,270,0.916,1272,1,"[0.6185553073883057, 0.6459008455276489, 0.2784348726272583, -0.06258965283632278, -0.2020622342824936, -0.23714938759803772, -1.5220590829849243, 0.046604905277490616, -0.23438560962677002, -0.5828463435173035, -0.5155691504478455, 1.2939116954803467, 0.9243655800819397, -0.8078954219818115, -0.8648325204849243, 0.23523105680942535, -0.467385858297348, 0.10751920938491821, -0.14081372320652008, 0.7499773502349854, -1.6332252025604248, 1.947751522064209, -0.6426503658294678, 0.18755841255187988, -0.67693030834198, 0.9175727963447571, -2.3862287998199463, 2.756103992462158, 0.5928818583488464, -1.3196392059326172, -0.3586806356906891, -1.0074769258499146, -0.4392007887363434, -1.032945990562439, 0.8775214552879333, 0.8420900702476501, 0.9002665281295776, 0.27355778217315674, 0.6030881404876709, 1.4630259275436401, 0.07814481109380722, 1.2726116180419922, -0.47416576743125916, -0.33548426628112793, 0.04307118430733681, 0.004446232691407204, 0.36962974071502686, 0.42855674028396606, -0.7038561105728149, -1.4111387729644775, 0.3951324224472046, -0.3545987010002136, -0.9005273580551147, -0.33425766229629517, -0.14153482019901276, 0.5274986624717712, 1.9036275148391724, 1.019256353378296, 0.19746655225753784, -0.3821577727794647, 1.8489798307418823, -0.5604361295700073, -0.6773093342781067, 0.3502039611339569, -0.5575805306434631, 2.058145523071289, 1.798549771308899, 0.750136137008667, 1.0690803527832031, -1.1691455841064453, -0.4420245289802551, 0.6155368089675903, -0.820133626461029, 1.182748794555664, 0.7637034058570862, 1.4048073291778564, -0.5715926885604858, 1.8018122911453247, 0.8130398988723755, 0.3107811212539673, -0.07958246767520905, -0.9448192119598389, -0.11945430189371109, 0.37484416365623474, -1.6625944375991821, -1.5072214603424072, 0.6700440049171448, 0.6978237628936768, -0.09975887835025787, 0.2945373058319092, 0.35398438572883606, -1.7817206382751465, 0.002846546471118927, -1.1143487691879272, 0.08488768339157104, -0.5899847745895386, 0.1828562617301941, -0.8213005065917969, 0.7178239226341248, -0.3640612065792084, -0.5220453143119812, 0.6547065377235413, -2.0904183387756348, -0.3875766694545746, -0.09830676019191742, 0.5918340682983398, 0.04780367761850357, -1.5982686281204224, 0.9209693074226379, 0.46316179633140564, 0.6067354679107666, 0.8843511343002319, 0.1357422173023224, 0.15232670307159424, 0.49828600883483887, 1.9968147277832031, -1.1245086193084717, -0.6275134682655334, 0.5300823450088501, 0.0554962120950222, -1.3319889307022095, 0.7149287462234497, -0.4084749221801758, -0.8672852516174316, 2.194157838821411, -0.8125346302986145, 0.5166977643966675, -1.6711020469665527]",yunet,Facenet,1920,1080,/home/amos/media/tv/modern_family/Modern.Family.S09.1080p.DSNP.WEB-DL.DDP5.1.H.264-CRFW/Modern.Family.S09E21.The.Escape.1080p.DSNP.WEB-DL.DDP5.1.H.264-CRFW.mkv,Modern Family,2009,1442437,9,21,Ty Burrell,15232.0,0.735
68,462,282,666,564,624,390,528,390,0.929,1296,0,"[-0.964635968208313, 1.4584468603134155, 0.8894113302230835, -1.5819318294525146, 0.5402430891990662, -1.030500054359436, -1.4945039749145508, 0.9511001706123352, 0.4758899509906769, -0.237179234623909, -0.006722867488861084, -0.19671981036663055, -1.6213468313217163, -0.1000789999961853, -1.1590460538864136, -0.015355473384261131, -1.2014516592025757, -1.7896398305892944, -1.4284638166427612, -0.706804633140564, 0.8181601762771606, 0.5462668538093567, -0.2937559187412262, 0.8473522067070007, -1.5741102695465088, 1.6224693059921265, -0.5097436904907227, -0.48167622089385986, 0.7315244078636169, -1.9183597564697266, -0.26704925298690796, 0.4646551311016083, 0.26194795966148376, -2.092625379562378, 0.09335236996412277, 2.3584964275360107, -1.8524625301361084, -0.8824006915092468, 0.9945028424263, 0.14544245600700378, -0.9564757347106934, 0.2808159589767456, -0.45327994227409363, -0.12090294063091278, 0.4729086756706238, 2.036220073699951, -1.1605985164642334, 0.3660069704055786, -1.6787322759628296, -0.6215665340423584, 0.8944541811943054, -0.598745584487915, 0.584344208240509, 0.21118567883968353, -0.7466771602630615, -0.5880514979362488, 0.08285143971443176, -1.639440655708313, -0.5239332914352417, 0.5477309226989746, -0.4008445143699646, -0.920645534992218, -2.1233224868774414, -0.058499980717897415, 0.13789230585098267, -1.0100655555725098, 0.5684430599212646, -1.1772507429122925, 1.6630264520645142, 0.040623001754283905, -1.6409356594085693, 1.8909242153167725, -1.7746700048446655, -0.4601609706878662, 0.629176676273346, -0.19871601462364197, -0.2604905068874359, 1.486454725265503, 0.717811107635498, -0.7513512969017029, 0.26518964767456055, -0.40610459446907043, -0.12347263842821121, -1.8299891948699951, -1.326428771018982, -0.6651300191879272, -0.09242090582847595, -0.4599658250808716, -0.3446151912212372, -0.2198207676410675, 1.1094582080841064, 0.5758880376815796, -0.012641731649637222, -0.5057405829429626, 1.08938729763031, 0.5807881951332092, -0.03076009824872017, 0.3870317041873932, 0.6386235356330872, -0.7789456248283386, -0.5180922746658325, -1.496468186378479, -0.6719346046447754, 0.8084384799003601, 0.3082309663295746, -1.5408614873886108, 0.30931058526039124, 0.9149185419082642, -0.1973610818386078, 0.7186548709869385, 0.985840380191803, -1.8454355001449585, -0.006383836269378662, 1.6786253452301025, -0.17372414469718933, 2.305959939956665, 0.9529749155044556, 0.5173445343971252, -0.3461325764656067, 0.09488227963447571, -0.7554285526275635, -0.9702551364898682, -1.1972893476486206, 0.08897808194160461, 0.6174319982528687, -1.960744023323059, -0.6662217378616333, -0.42812880873680115]",yunet,Facenet,1920,1080,/home/amos/media/tv/modern_family/Modern.Family.S09.1080p.DSNP.WEB-DL.DDP5.1.H.264-CRFW/Modern.Family.S09E21.The.Escape.1080p.DSNP.WEB-DL.DDP5.1.H.264-CRFW.mkv,Modern Family,2009,1442437,9,21,Julie Bowen,31171.0,0.517
69,1332,144,1566,462,1512,276,1416,276,0.919,1296,1,"[0.8750272989273071, 0.9729194641113281, 0.17729651927947998, -0.6426759958267212, 0.2696201205253601, 0.19880323112010956, -1.081872582435608, 0.18472588062286377, 0.19286420941352844, -0.5097079277038574, -0.03384331986308098, 1.5607768297195435, 0.20882733166217804, -0.4001012146472931, -1.6871953010559082, 0.3286171555519104, -0.39272746443748474, -0.3649013042449951, -0.09089478850364685, -0.1926262378692627, -1.589505672454834, 1.6134531497955322, -0.700469434261322, 0.35709983110427856, -0.7193901538848877, 1.637100100517273, -2.2316105365753174, 2.0408005714416504, 0.867613673210144, -1.6260342597961426, -0.44280269742012024, -0.39631494879722595, -0.14929740130901337, -1.175757646560669, 1.2892731428146362, 1.094381332397461, 0.5351882576942444, 0.4649183452129364, 0.7834487557411194, 1.4312466382980347, 0.8544461131095886, 0.6750431060791016, -0.5641722679138184, 0.055761367082595825, -0.6186907887458801, 0.4913381338119507, 0.5037274956703186, -0.2309974730014801, -0.7846435904502869, -1.203151822090149, -0.04877052456140518, -0.4589398205280304, -0.37273913621902466, -0.7768294811248779, 0.4351787567138672, 0.873760998249054, 1.2148903608322144, 0.5579861402511597, 0.7649562358856201, -0.3691471517086029, 1.3313560485839844, -1.0709058046340942, -0.714780867099762, -0.09138664603233337, -0.30468812584877014, 2.266789197921753, 1.1453832387924194, 1.4154090881347656, 2.235267400741577, -0.46625298261642456, -0.27672213315963745, 1.1776196956634521, -1.519897222518921, 1.446898341178894, 0.49734675884246826, 1.1347321271896362, -0.07512527704238892, 1.4731097221374512, 1.0791988372802734, 0.21196921169757843, 0.04091773182153702, -1.5668903589248657, 0.262891560792923, -0.4046485424041748, -1.0866082906723022, -1.542662501335144, 0.2417115718126297, 0.41646409034729004, 0.2344720959663391, 0.6309243440628052, 0.01829829066991806, -2.2489736080169678, -0.006721321493387222, -1.5036722421646118, 0.43094852566719055, -0.5640749931335449, 0.4097738265991211, -0.08251294493675232, 0.2809036374092102, -0.4751463532447815, -0.9880055785179138, 0.485603392124176, -2.206021308898926, 0.10681674629449844, -0.8338140845298767, 1.1245392560958862, 0.8848205804824829, -1.5544005632400513, 0.10525393486022949, 0.6390931010246277, 1.1141782999038696, 1.8756715059280396, 0.2897675633430481, -0.05701615661382675, 0.48745280504226685, 1.9725706577301025, -0.6729236841201782, -0.8363585472106934, 1.1322990655899048, -0.5369384288787842, -0.8671673536300659, 0.9561253786087036, 0.24400681257247925, -0.793933629989624, 1.7437388896942139, -0.9208316802978516, 0.7238044738769531, -0.9252707958221436]",yunet,Facenet,1920,1080,/home/amos/media/tv/modern_family/Modern.Family.S09.1080p.DSNP.WEB-DL.DDP5.1.H.264-CRFW/Modern.Family.S09E21.The.Escape.1080p.DSNP.WEB-DL.DDP5.1.H.264-CRFW.mkv,Modern Family,2009,1442437,9,21,Ty Burrell,15232.0,0.814
70,960,90,1266,468,1188,228,1050,234,0.92,1320,0,"[0.3079918622970581, -0.045629117637872696, -0.16428396105766296, 1.9924492835998535, 0.03294055163860321, -0.6752318143844604, 0.2149246484041214, -0.6420161128044128, -1.4568586349487305, 1.7758575677871704, -0.522487223148346, 0.8464776873588562, 0.8513813018798828, 1.3840742111206055, 0.6093237400054932, 1.237269639968872, -0.18333420157432556, -0.926566481590271, -1.694432258605957, 1.1230639219284058, -1.5574179887771606, 0.7898483276367188, 0.9809924960136414, 1.7549033164978027, 0.9174891114234924, -0.1872200071811676, 2.048781633377075, -0.3889017105102539, 2.73386549949646, 1.4984471797943115, 0.32912060618400574, -1.0639033317565918, 0.1908009648323059, -0.6108596920967102, 0.1930968463420868, -1.167891502380371, -0.19566184282302856, 1.3461554050445557, -1.1231272220611572, 0.06031113490462303, -0.8033069372177124, -0.09045519679784775, -0.19263839721679688, 2.143160104751587, -0.2782907485961914, -1.48555326461792, 1.1691384315490723, 0.06497666239738464, 0.3521885871887207, 0.9802372455596924, -0.054119713604450226, 0.7372725009918213, 1.503603219985962, 0.2646874785423279, 0.08333313465118408, 0.36526012420654297, 1.02572762966156, 1.9582500457763672, 0.46127137541770935, 1.7149518728256226, -0.5317907333374023, 0.9203616380691528, -0.5255389213562012, -0.048575934022665024, 0.06012221798300743, 0.06902598589658737, -0.8789680004119873, 0.5468288660049438, -0.7026199698448181, 0.3609362244606018, -0.7509310841560364, -0.09627401828765869, 0.3345538377761841, 1.491123080253601, -0.2690049409866333, -0.8492081761360168, 0.011690251529216766, -0.7696866989135742, 0.7368156909942627, -1.1440283060073853, -0.19181811809539795, -0.43261829018592834, 1.266439437866211, 1.7443747520446777, -0.009175091981887817, 0.9726666212081909, 0.8322300910949707, -0.6009734272956848, 0.7105005979537964, -2.8502039909362793, -0.6444720029830933, 0.9917359948158264, 0.3142135739326477, -1.5867631435394287, 1.4250288009643555, 1.0157667398452759, -0.2279544174671173, -2.1456456184387207, 0.22343391180038452, -1.9937546253204346, -1.3708971738815308, 1.7642678022384644, -1.702085018157959, 0.0250555370002985, 1.4306130409240723, -1.5182199478149414, 0.5895115733146667, -0.5891408920288086, 2.202070474624634, -1.067264199256897, -0.19286154210567474, 0.2623440623283386, 1.1197751760482788, 0.3482758104801178, -1.3318535089492798, -0.14035344123840332, -0.012905318289995193, 1.1910320520401, -0.2753998339176178, 0.27785560488700867, 1.7820065021514893, -1.0552712678909302, -0.1438133716583252, -1.7058265209197998, 0.14611101150512695, 1.3976014852523804, 1.2262449264526367, -1.0222094058990479]",yunet,Facenet,1920,1080,/home/amos/media/tv/modern_family/Modern.Family.S09.1080p.DSNP.WEB-DL.DDP5.1.H.264-CRFW/Modern.Family.S09E21.The.Escape.1080p.DSNP.WEB-DL.DDP5.1.H.264-CRFW.mkv,Modern Family,2009,1442437,9,21,,,
71,882,132,1200,534,1080,276,936,276,0.93,1344,0,"[-1.549195647239685, -1.2464278936386108, -0.018795087933540344, 1.818808913230896, 1.1886669397354126, -0.03758087754249573, 0.13952139019966125, -1.6912925243377686, 0.12949219346046448, 2.0581328868865967, -1.8871291875839233, 1.4507590532302856, 1.5047744512557983, 0.7394214868545532, -0.14211709797382355, 1.014280080795288, -1.0365357398986816, -0.9430707693099976, -0.536515474319458, 1.8064125776290894, -0.5098150968551636, 1.4879236221313477, -0.06267402321100235, 0.616861879825592, -0.10283768177032471, 0.5497017502784729, 1.2824463844299316, -1.3005818128585815, 2.407407522201538, 1.0108529329299927, 0.7601114511489868, -2.1289663314819336, -1.1206789016723633, -0.5792490839958191, 0.6492128968238831, -0.5389243364334106, -1.2275521755218506, 0.7447064518928528, -0.3911028504371643, -1.2265846729278564, -0.8573236465454102, 0.7234084010124207, 0.27251574397087097, 1.48063063621521, 0.24060074985027313, -1.025701642036438, -0.9223150014877319, 0.889319658279419, -0.13567084074020386, 1.5563801527023315, -0.7853847146034241, 2.196815013885498, 0.5899646282196045, 0.46633481979370117, -1.3847095966339111, -1.4968204498291016, 0.041286733001470566, -0.04660709202289581, 0.03357035294175148, 0.9871095418930054, 0.3345871865749359, 0.9252593517303467, -0.5725365281105042, -0.28791549801826477, -1.3210755586624146, 1.4572654962539673, 0.23882073163986206, -0.10993248969316483, -0.27360999584198, 1.0808336734771729, 0.45251017808914185, -0.8699901103973389, -0.403055340051651, 0.2702958583831787, 0.8043806552886963, -1.074546217918396, 0.6539162397384644, -1.0710748434066772, 0.011122055351734161, -0.28234219551086426, -0.6598913073539734, 0.06504935771226883, 0.6355387568473816, 2.366847515106201, -0.7015290856361389, 0.4207060635089874, 0.5179181098937988, -0.3831433057785034, -0.281858891248703, -2.247162103652954, -1.0536748170852661, 0.010506412014365196, 0.7125205397605896, 0.3823462426662445, 1.0972929000854492, 0.6875600814819336, -0.25864654779434204, 0.03809817135334015, 0.16960984468460083, -0.9223803281784058, 0.7327063679695129, 0.7887839078903198, -1.1530753374099731, 1.1043280363082886, 0.7070087194442749, 0.27046167850494385, -0.1102074533700943, -0.4165300130844116, 0.3858491778373718, -1.0138956308364868, 2.0279576778411865, -0.3423510193824768, 0.9369417428970337, 0.8170251846313477, -0.01068909652531147, 0.4518912136554718, -0.9858494997024536, 0.8608772158622742, -2.360680103302002, 0.038678430020809174, 2.328273296356201, -0.9012527465820312, -0.7231447100639343, -1.6836895942687988, -0.1287967413663864, 0.19938042759895325, 1.712589979171753, -0.4834729731082916]",yunet,Facenet,1920,1080,/home/amos/media/tv/modern_family/Modern.Family.S09.1080p.DSNP.WEB-DL.DDP5.1.H.264-CRFW/Modern.Family.S09E21.The.Escape.1080p.DSNP.WEB-DL.DDP5.1.H.264-CRFW.mkv,Modern Family,2009,1442437,9,21,Sarah Hyland,91351.0,0.772
72,828,174,1134,576,1014,330,858,324,0.93,1368,0,"[-1.192474126815796, -1.421704888343811, -0.47349411249160767, 2.208247423171997, 1.5373561382293701, -0.7050110697746277, 1.061663269996643, -2.3595516681671143, -0.23491841554641724, 2.497793436050415, -1.388547658920288, 1.0832287073135376, 1.369840145111084, 1.0695034265518188, 0.12566596269607544, -0.14258098602294922, -0.563673734664917, -1.2726656198501587, -0.42416632175445557, 1.2984445095062256, -0.5440810918807983, 0.6284655332565308, 0.3570176064968109, 1.1952099800109863, -0.06761825084686279, 0.7288131713867188, 1.5468995571136475, -1.8736233711242676, 2.192821741104126, 0.5074146389961243, 1.22931706905365, -1.2461763620376587, -0.9556943774223328, -0.41764819622039795, -0.040064118802547455, -0.2963196933269501, -0.4115653932094574, 0.7689854502677917, 0.4818452298641205, -2.2685530185699463, 0.34928029775619507, 1.180406928062439, -0.17087054252624512, 0.5772125720977783, -0.059272877871990204, -0.608465313911438, -0.8058440089225769, 0.559096097946167, -0.7243855595588684, 2.1025679111480713, -1.2076224088668823, 2.011990547180176, 0.13383424282073975, 0.37752479314804077, -1.236811876296997, -0.4485012888908386, 0.48793989419937134, 0.3981766998767853, 0.5471097230911255, -0.29106539487838745, -0.20614385604858398, -0.4614548683166504, 0.6163884997367859, -0.6360300183296204, -1.637199878692627, 1.3979672193527222, 0.3374888598918915, -0.46468836069107056, -0.6219764947891235, 1.54766047000885, 0.3822272717952728, -0.37105536460876465, -0.1595742106437683, 0.8164578676223755, -0.8935108780860901, -2.1886210441589355, 0.23512929677963257, -1.9955357313156128, -0.7309666275978088, -0.6094185709953308, -0.7143667936325073, -0.07522452622652054, 0.771136999130249, 2.429642677307129, -1.13703453540802, 1.1919409036636353, 0.7797749638557434, -0.16407588124275208, 0.05243877321481705, -1.8318583965301514, -1.1368720531463623, -0.05759108066558838, 0.9486985206604004, 1.2008111476898193, 1.1763004064559937, -0.08430662006139755, 0.7501251101493835, 0.010906967334449291, -0.3486528694629669, -1.1107006072998047, -0.5646753907203674, 0.8925182223320007, -0.542855978012085, 0.5015519261360168, 1.0729994773864746, 0.5735887885093689, 0.1780281513929367, -0.45970192551612854, 0.7857481241226196, -0.25892260670661926, 1.1135032176971436, 0.34078723192214966, 1.7503387928009033, 1.0437641143798828, 0.18334655463695526, -0.03158067539334297, -1.215264081954956, -0.09308508038520813, -1.9024527072906494, -0.20070062577724457, 0.7312533855438232, -0.24963155388832092, 0.13407854735851288, -1.6741235256195068, -0.6656661629676819, 1.202478289604187, 2.291398048400879, -0.580940306186676]",yunet,Facenet,1920,1080,/home/amos/media/tv/modern_family/Modern.Family.S09.1080p.DSNP.WEB-DL.DDP5.1.H.264-CRFW/Modern.Family.S09E21.The.Escape.1080p.DSNP.WEB-DL.DDP5.1.H.264-CRFW.mkv,Modern Family,2009,1442437,9,21,Sarah Hyland,91351.0,0.742
73,918,84,1206,474,1086,234,960,228,0.92,1392,0,"[-0.7483929395675659, -0.9713951349258423, -0.716700553894043, 2.109820604324341, 1.8872188329696655, -0.09990658611059189, 0.44034796953201294, -2.6498286724090576, 1.0282117128372192, 2.476494312286377, -1.9674180746078491, 0.6715527772903442, 1.037500023841858, 0.7739293575286865, 0.27748388051986694, -0.04357276111841202, -1.1992170810699463, -1.1845946311950684, -0.07909330725669861, 0.7993448972702026, -0.30307886004447937, 0.38133394718170166, 0.8885611295700073, 1.696992039680481, 0.12365081906318665, 0.34617093205451965, 1.3153316974639893, -2.094109058380127, 2.7150392532348633, 1.25186288356781, 1.3865063190460205, -1.9865118265151978, -1.1110790967941284, -0.35112375020980835, -0.26340100169181824, -0.6858025193214417, -0.6600559949874878, 0.997135579586029, 0.14519502222537994, -1.4325512647628784, 0.7169312834739685, 0.6725504994392395, 0.01030392199754715, 0.79286128282547, 0.11558429151773453, -0.08194056153297424, -0.8164706230163574, 0.4806821346282959, -0.011434115469455719, 1.6327539682388306, -1.5065447092056274, 1.9464621543884277, 0.09142708778381348, 0.8656232953071594, -1.6556586027145386, -0.5842977166175842, 0.4564667046070099, -0.3007565140724182, 0.7736632823944092, 0.8119603395462036, 0.3078688085079193, -0.29934144020080566, 0.5149097442626953, -0.9785323143005371, -1.9042818546295166, 1.6095259189605713, 0.3935765027999878, -0.5586050152778625, -0.4262170195579529, 0.8123646974563599, -0.10062182694673538, -0.2353580892086029, 0.3131057322025299, 0.4508640766143799, -0.8217103481292725, -1.9633708000183105, 0.48225143551826477, -1.6713037490844727, -0.7590532898902893, -0.8598129749298096, -1.1803667545318604, 0.1690472960472107, 1.5772311687469482, 2.13631534576416, -1.9177919626235962, 0.6230676174163818, 0.5341259241104126, -0.34116363525390625, 0.5657620429992676, -1.5402673482894897, -0.8101621270179749, -0.1646411269903183, 0.9470670223236084, 1.0173659324645996, 1.3281160593032837, 0.14919671416282654, -0.1351085901260376, 0.12672960758209229, -0.7836555242538452, -0.8208438158035278, 0.07716002315282822, 0.5583435297012329, -0.5732638835906982, 1.2905551195144653, 1.495802879333496, 0.5165201425552368, -0.5007333159446716, 0.2825869023799896, 0.4377674460411072, -0.8244189023971558, 1.6091649532318115, -0.4278414249420166, 0.8505089282989502, 0.8943474292755127, -0.0006519276648759842, -0.26384109258651733, -1.1526967287063599, -0.18729880452156067, -1.90912663936615, -0.2848643362522125, 1.3172818422317505, -0.3720332384109497, -0.4281010031700134, -1.803629994392395, -0.9946616888046265, 0.784442663192749, 2.1922895908355713, -0.9628963470458984]",yunet,Facenet,1920,1080,/home/amos/media/tv/modern_family/Modern.Family.S09.1080p.DSNP.WEB-DL.DDP5.1.H.264-CRFW/Modern.Family.S09E21.The.Escape.1080p.DSNP.WEB-DL.DDP5.1.H.264-CRFW.mkv,Modern Family,2009,1442437,9,21,Sarah Hyland,91351.0,0.691
74,894,126,1182,516,1056,276,924,276,0.918,1416,0,"[-1.4396708011627197, -0.8731964826583862, -0.6465591788291931, 1.6440435647964478, 2.305828094482422, -0.11583725363016129, 0.361168771982193, -0.8424491882324219, 0.3471924364566803, 2.5073330402374268, -1.6360310316085815, 0.9720422029495239, 0.3897419571876526, 0.4437110722064972, -0.2595484256744385, 0.27329176664352417, -0.4780963957309723, -1.4337300062179565, -0.7948731184005737, 0.6369935274124146, -0.36363402009010315, 0.5162783861160278, -0.4273225963115692, 1.081721305847168, -0.6687973141670227, 1.3808050155639648, 1.028752326965332, -1.508590579032898, 2.6867334842681885, 0.9262027144432068, 0.894559383392334, -1.6032054424285889, -0.9441101551055908, -1.718661904335022, 0.4552779793739319, -0.13224799931049347, -1.2123992443084717, 1.423264741897583, -0.15769922733306885, -1.5685584545135498, 0.5222441554069519, 0.8911817073822021, -0.13851913809776306, 1.4692413806915283, 0.2797701060771942, -0.42337656021118164, -0.6841503381729126, 0.7108970880508423, -0.2768247723579407, 1.5764909982681274, -1.1103055477142334, 2.682358741760254, 0.8982575535774231, -0.05675768107175827, -1.0575592517852783, -0.34729138016700745, 0.1949918270111084, -0.6955554485321045, 1.7031702995300293, 0.7440332770347595, -0.3343525826931, -0.15527866780757904, 0.34195005893707275, -0.2048809677362442, -1.6055548191070557, 1.4029921293258667, -0.3279833197593689, -0.35294660925865173, 0.5522767901420593, 0.8966515064239502, -0.47891443967819214, -0.4308602213859558, -0.811564028263092, 0.17350159585475922, -0.09050698578357697, -1.64432954788208, -0.11851967126131058, -1.0595654249191284, -0.5329108834266663, -0.5853330492973328, -0.8201123476028442, -0.3564222753047943, 0.4409313201904297, 1.256971836090088, -1.4383000135421753, 0.5011023283004761, 0.06253761053085327, -0.09203508496284485, 0.0062728822231292725, -1.2944462299346924, -1.2186088562011719, 0.008063890039920807, 0.5913462042808533, 0.580769956111908, 1.119121789932251, -0.2088809609413147, 0.6625409126281738, -0.8908441066741943, -0.15504103899002075, -0.24473316967487335, -0.3675617575645447, 0.6888740658760071, -1.1759179830551147, 1.4797601699829102, 0.8604850172996521, 0.2800743579864502, 0.2992752492427826, -0.37285202741622925, 0.5705903172492981, 0.6312364935874939, 1.9147703647613525, -0.2027035802602768, 0.9660868644714355, 1.7837352752685547, -0.3652360737323761, -0.11648841202259064, -1.1103798151016235, -0.11408846080303192, -1.7125005722045898, -0.7926559448242188, 1.8962523937225342, -0.4174409508705139, -0.9482786655426025, -1.8819490671157837, -1.5956299304962158, 0.5777447819709778, 2.418050527572632, -1.10256028175354]",yunet,Facenet,1920,1080,/home/amos/media/tv/modern_family/Modern.Family.S09.1080p.DSNP.WEB-DL.DDP5.1.H.264-CRFW/Modern.Family.S09E21.The.Escape.1080p.DSNP.WEB-DL.DDP5.1.H.264-CRFW.mkv,Modern Family,2009,1442437,9,21,Sarah Hyland,91351.0,0.764
75,912,180,1194,540,1110,324,984,324,0.919,1440,0,"[-1.6843955516815186, -1.2499926090240479, 0.30651283264160156, 2.349109172821045, 2.114039182662964, -0.2155773639678955, 0.8342920541763306, -2.1121602058410645, -0.53041672706604, 1.913260817527771, -0.7925045490264893, 0.7282280921936035, 0.808975100517273, -0.17198854684829712, 0.2122313380241394, 0.09857131540775299, 0.09887488931417465, -1.2162716388702393, -0.9010210633277893, -0.023290349170565605, -0.09979867190122604, 0.061686258763074875, -0.6512331962585449, 1.142492413520813, -0.36983808875083923, 0.9674957394599915, 1.9873393774032593, -1.1860986948013306, 2.907677412033081, 1.5400530099868774, 0.6168515682220459, -0.8247629404067993, -1.123112678527832, -1.0545759201049805, 1.7196102142333984, -0.5133890509605408, -1.8637678623199463, 1.3028836250305176, -0.05170242488384247, -0.9633475542068481, 0.8822901248931885, 0.06187622249126434, -0.4671105444431305, 1.4633597135543823, -0.06722159683704376, -0.9266214966773987, 0.6373128294944763, 0.21580490469932556, -0.11843295395374298, 0.4669693410396576, -0.7627784013748169, 2.0102593898773193, 1.616812825202942, 0.03960909694433212, 0.005191689357161522, -0.07483281195163727, 1.1476058959960938, -1.2579466104507446, 1.3444617986679077, 1.7169512510299683, 0.12121719866991043, -0.2679080069065094, -0.32574325799942017, -0.9219223260879517, -0.6775193214416504, 1.0915127992630005, 0.38126957416534424, 0.6256526112556458, -0.6210063695907593, 1.7578036785125732, -0.23256941139698029, -0.32796037197113037, -0.9653810262680054, 0.9613105654716492, 0.5494985580444336, -0.32054463028907776, 0.715333104133606, -0.18172132968902588, -0.7673361301422119, -0.517647922039032, -0.5849037170410156, 0.17933954298496246, -0.08870036900043488, 0.484654039144516, -0.07262920588254929, 0.9682272672653198, 0.4500774145126343, -0.6916427612304688, -0.5235165357589722, -1.919496774673462, -1.1362934112548828, 1.4892828464508057, 0.7396639585494995, -0.48154428601264954, 1.6626259088516235, 0.2003031224012375, 0.4410594701766968, -0.11115243285894394, 0.49994826316833496, -0.8974626064300537, -0.6601911187171936, 0.01601368933916092, -1.505995512008667, 0.7602684497833252, 1.7804242372512817, 0.5239320397377014, 0.3871059715747833, -0.03592813014984131, 1.3539493083953857, -0.7163017392158508, 0.5140925049781799, 0.06577552109956741, 0.5345808267593384, -0.015618260949850082, -1.2086389064788818, -0.053294871002435684, -0.972236156463623, 0.9080977439880371, -1.1623597145080566, 0.5540737509727478, 2.1303374767303467, -0.8056261539459229, 0.14961975812911987, -1.986849069595337, 0.22874945402145386, 1.6990147829055786, 1.5015164613723755, -0.5714816451072693]",yunet,Facenet,1920,1080,/home/amos/media/tv/modern_family/Modern.Family.S09.1080p.DSNP.WEB-DL.DDP5.1.H.264-CRFW/Modern.Family.S09E21.The.Escape.1080p.DSNP.WEB-DL.DDP5.1.H.264-CRFW.mkv,Modern Family,2009,1442437,9,21,Sarah Hyland,91351.0,0.732
76,564,252,786,558,738,378,636,372,0.924,1464,0,"[-1.1512829065322876, 0.7543679475784302, -0.49125561118125916, -0.11666488647460938, 1.1041584014892578, -1.2866331338882446, -0.8444461822509766, -0.512873113155365, -0.018702935427427292, -0.2856869697570801, 1.5135713815689087, 0.3038078844547272, 0.08223788440227509, -1.1981358528137207, 0.4942508339881897, 1.733640193939209, -1.2288484573364258, -0.1903679370880127, -1.963350534439087, 0.7214511632919312, 0.13219858705997467, 1.0597128868103027, 0.8168371319770813, 1.1347826719284058, -0.8553302884101868, 0.15168407559394836, -1.176437497138977, 0.233237624168396, 0.4748260974884033, -1.3776543140411377, 0.8826074600219727, -0.7772873640060425, -0.04447096958756447, -0.3120218813419342, 0.42885616421699524, 1.9048185348510742, -1.5050541162490845, 0.09252892434597015, 1.146733045578003, 0.12440894544124603, -1.0996277332305908, 0.007286926731467247, 1.0529831647872925, -1.6325913667678833, -1.0185456275939941, 0.19987092912197113, -0.3171304166316986, -1.545129418373108, -1.4373424053192139, -0.27002930641174316, 0.06054005026817322, -2.367229700088501, 0.48155471682548523, 1.5608742237091064, -1.0077440738677979, -1.2523326873779297, -0.16064253449440002, -0.5275336503982544, -1.0450199842453003, 0.5052738785743713, 0.3757341802120209, -1.0117146968841553, -1.7639052867889404, -1.0199127197265625, 0.8918699026107788, -1.2780495882034302, 1.5388970375061035, -1.308464527130127, 0.257979154586792, 1.909778118133545, 0.6785590648651123, 1.545407772064209, -1.2393068075180054, 1.8392887115478516, 0.9092339277267456, 0.4275667071342468, 1.3953555822372437, 1.5962765216827393, 1.0409072637557983, 0.5623399019241333, 0.7954761385917664, 0.2377527505159378, 0.15938600897789001, -0.5861988663673401, -1.170025110244751, 0.7209568023681641, 0.7717363834381104, -1.2192350625991821, -1.0938009023666382, -0.15840394794940948, 1.7876721620559692, -0.8312603831291199, -0.9806879162788391, -0.48247888684272766, -0.3241587281227112, -0.11661921441555023, -2.142146348953247, 1.4369503259658813, 0.6959846019744873, -1.5999118089675903, -1.7310173511505127, -2.180553674697876, -0.5923140048980713, 1.140061616897583, 1.8679615259170532, -0.9867390990257263, 0.5636788010597229, -0.11292368173599243, -0.34842318296432495, 0.7198279500007629, 1.668617606163025, -0.2196309119462967, 0.33406758308410645, 1.1968863010406494, 0.4026454985141754, 0.2936139404773712, 0.5167386531829834, -0.5704540610313416, -1.090969204902649, 0.8792774081230164, 0.10582657158374786, -1.4893280267715454, -0.418251633644104, 0.09738893806934357, -0.0644204318523407, -0.7019577622413635, -1.0219560861587524, -0.48802903294563293]",yunet,Facenet,1920,1080,/home/amos/media/tv/modern_family/Modern.Family.S09.1080p.DSNP.WEB-DL.DDP5.1.H.264-CRFW/Modern.Family.S09E21.The.Escape.1080p.DSNP.WEB-DL.DDP5.1.H.264-CRFW.mkv,Modern Family,2009,1442437,9,21,Julie Bowen,31171.0,0.687
77,912,288,1164,612,1104,414,990,414,0.927,1488,0,"[-0.549674391746521, 0.7302815914154053, -0.06234060227870941, -1.0148372650146484, 0.8065474033355713, -1.0479828119277954, -1.2256113290786743, 0.1353408396244049, 0.7054584622383118, -0.9792912006378174, -0.7429376840591431, -0.27973052859306335, -0.7063448429107666, -1.3032177686691284, -0.5069102048873901, -1.1250253915786743, -0.913740873336792, -1.2519294023513794, -1.640401005744934, -1.7677247524261475, 1.0439575910568237, 0.5607523322105408, 0.08143433183431625, 0.11091683059930801, -1.3931703567504883, 0.4246017038822174, -0.45720940828323364, -0.8155748844146729, -0.11897426843643188, -2.2519240379333496, -0.5880595445632935, 0.14378488063812256, 0.8412754535675049, -2.5009605884552, 0.6848747134208679, 1.4492560625076294, -1.1326045989990234, -0.2686486542224884, 1.486710786819458, 0.4073127508163452, -0.7079147696495056, -0.25400200486183167, -0.1279115229845047, -0.8300510048866272, 0.5206953883171082, 2.5318281650543213, -0.01757241040468216, 0.18217504024505615, -1.6397420167922974, -1.1857961416244507, -0.23057197034358978, -0.685279905796051, -0.18187656998634338, 0.016713500022888184, -0.008491426706314087, 0.3254828453063965, 0.3923669457435608, -1.2681310176849365, -0.44933098554611206, 0.1414232850074768, -0.04367579147219658, -1.9820924997329712, -2.5757508277893066, -0.9962986707687378, 0.4181785583496094, -0.5696401000022888, 0.7626004815101624, -1.3766554594039917, 0.29883649945259094, -1.1622323989868164, -1.4543524980545044, 1.6107919216156006, -1.9060128927230835, -1.3470518589019775, 0.737849235534668, -0.5329605937004089, -0.3493923544883728, 1.2207087278366089, 0.13884958624839783, -1.0571165084838867, 0.5996015071868896, -0.12269574403762817, 0.4315088093280792, -0.8097471594810486, -1.4987338781356812, -0.41926127672195435, 0.20997676253318787, -0.5897031426429749, -0.25220656394958496, 0.06482207775115967, 0.9820231199264526, 0.15041480958461761, -0.0013808384537696838, -1.4492132663726807, 0.5339593887329102, 0.8732085824012756, 0.04879322275519371, 0.3056970536708832, 0.3920377194881439, -0.3546831011772156, -0.6001520156860352, -2.435079574584961, -0.1497291624546051, 1.205269455909729, 0.7443406581878662, -1.4816421270370483, 0.7180666327476501, 0.6302337646484375, 1.041472315788269, 0.7212985754013062, 0.38865935802459717, -2.1531119346618652, -0.15940725803375244, 1.4856131076812744, -0.5156744122505188, 0.7403799295425415, -0.09731239825487137, 1.6928436756134033, 0.6633628010749817, -0.02206449955701828, -1.1658520698547363, -0.8135325908660889, -1.125332236289978, 1.2505900859832764, 0.40906089544296265, -0.7469518780708313, -1.2915589809417725, -0.37234532833099365]",yunet,Facenet,1920,1080,/home/amos/media/tv/modern_family/Modern.Family.S09.1080p.DSNP.WEB-DL.DDP5.1.H.264-CRFW/Modern.Family.S09E21.The.Escape.1080p.DSNP.WEB-DL.DDP5.1.H.264-CRFW.mkv,Modern Family,2009,1442437,9,21,,,
78,870,216,1128,552,1062,342,942,336,0.924,1512,0,"[-1.0652800798416138, 0.2671532928943634, 0.674818754196167, -1.6503922939300537, 0.3063073456287384, -1.0923545360565186, -1.472710132598877, 0.5525743961334229, -0.4471665620803833, 0.44706690311431885, -0.08207964152097702, 0.5951282382011414, -1.0252723693847656, -1.0883337259292603, -0.3543994128704071, 0.5256703495979309, -0.893661618232727, -1.5530810356140137, -1.7574632167816162, -0.6727701425552368, 0.32980120182037354, 1.0188881158828735, -0.2928280830383301, 0.8854323625564575, -1.4100438356399536, 0.15373006463050842, -1.1289539337158203, 0.31471291184425354, -0.29674363136291504, -2.3758089542388916, -0.004732370376586914, -0.3697955012321472, 1.0065584182739258, -1.7960572242736816, 0.6921092867851257, 2.525580406188965, -1.3756927251815796, -0.03417894244194031, 2.065239906311035, 0.07034890353679657, -1.3940590620040894, -0.05414701998233795, -0.04974234104156494, -1.2109076976776123, 0.2810126543045044, 1.2601715326309204, -0.9683083891868591, 0.844637393951416, -2.348888874053955, -0.9735701084136963, 0.6713675856590271, -1.4196776151657104, 0.9564945101737976, 0.3538208603858948, -0.8391470313072205, -0.34896475076675415, 0.6493149399757385, -1.0139868259429932, -0.3107530176639557, -0.06802529841661453, -0.37910863757133484, -1.6582155227661133, -3.16762638092041, -0.5669442415237427, 1.7264039516448975, -1.6071144342422485, 1.8797065019607544, -1.8642686605453491, 0.10437788814306259, 0.3502845764160156, -0.9875954985618591, 1.609529733657837, -2.5058205127716064, 0.08557605743408203, 0.6713998317718506, -0.5278803110122681, 0.1010008156299591, 1.3581469058990479, 0.8133367896080017, 0.17024685442447662, 0.929053008556366, -0.45307204127311707, 0.08021995425224304, -0.9468485116958618, -1.6006336212158203, -0.44475769996643066, 0.7182483673095703, -0.26432085037231445, -0.7793325185775757, 0.29765772819519043, 0.9175638556480408, -0.2575458288192749, -0.7767677307128906, -0.6903490424156189, 0.7170068621635437, -0.25796693563461304, -0.13309793174266815, -0.011820042505860329, 1.297128677368164, 0.012195250019431114, -0.8989471793174744, -2.8264429569244385, -1.523943543434143, 1.222278118133545, -0.3547629117965698, -0.878740131855011, 0.36738866567611694, -0.6583926677703857, 1.3799018859863281, 1.342095136642456, 0.6919025182723999, -1.5498145818710327, 0.2690806984901428, 1.8241856098175049, 0.4026453495025635, 0.5141314268112183, 0.8264379501342773, 0.8620161414146423, -0.2008642554283142, 0.11380259692668915, -0.5847576260566711, -1.509418249130249, -1.4271382093429565, 0.7257660031318665, 0.7217775583267212, -0.48411643505096436, -0.187677264213562, -0.8593987226486206]",yunet,Facenet,1920,1080,/home/amos/media/tv/modern_family/Modern.Family.S09.1080p.DSNP.WEB-DL.DDP5.1.H.264-CRFW/Modern.Family.S09E21.The.Escape.1080p.DSNP.WEB-DL.DDP5.1.H.264-CRFW.mkv,Modern Family,2009,1442437,9,21,Julie Bowen,31171.0,0.596
79,780,240,1038,588,930,378,816,384,0.923,1536,0,"[0.07915899902582169, 0.4234420955181122, 1.4260916709899902, -0.08486193418502808, -0.6841505765914917, -0.6008010506629944, -1.2961674928665161, 0.24089844524860382, 0.26108336448669434, -0.7052695155143738, 0.061455465853214264, 1.2327725887298584, 0.8394887447357178, -0.23159262537956238, -0.7499572038650513, 0.5959546566009521, -0.15520650148391724, 0.35545700788497925, -0.6881253719329834, 1.2249932289123535, -1.4716966152191162, 1.8054921627044678, -0.1858510673046112, 1.1728317737579346, -0.4842415452003479, 1.4102156162261963, -2.88820219039917, 2.4060616493225098, 1.0698679685592651, -2.1100616455078125, 0.4184388220310211, -1.4909613132476807, 0.36029672622680664, -0.9477472305297852, 1.5680204629898071, 1.4695748090744019, 0.7119548916816711, -0.6694316864013672, 0.3582809567451477, 1.4028795957565308, -0.1090090423822403, 0.48777133226394653, -0.34969985485076904, -0.5775503516197205, 0.12618811428546906, 0.9305800795555115, 0.5104262232780457, -0.0992048978805542, -0.8169176578521729, -1.2300258874893188, 1.397922396659851, -1.3848086595535278, -1.0257624387741089, -1.0855896472930908, -0.26589879393577576, 0.7794081568717957, 0.6631453037261963, 1.2505104541778564, 0.5572041869163513, 0.08803874999284744, 2.193361759185791, -0.5982098579406738, -0.6916572451591492, -0.5353259444236755, -0.49553921818733215, 1.6167898178100586, 1.6923222541809082, 0.8571394085884094, 2.5487797260284424, -0.10131114721298218, 0.08699513226747513, 0.5491609573364258, -0.5072180032730103, 1.0660170316696167, -0.0957605242729187, 0.6137131452560425, 0.6120327711105347, 0.841310977935791, 1.0888102054595947, 0.656697154045105, -0.19480475783348083, -2.072892904281616, 0.5985662937164307, 0.24028116464614868, -1.3485443592071533, -2.017652750015259, 1.068389654159546, -0.02064674347639084, 0.775841474533081, 0.15526816248893738, -0.026612035930156708, -1.6781824827194214, -0.6216754913330078, -0.4822397530078888, -0.5187282562255859, -0.9288901686668396, 0.6144083142280579, 0.339077353477478, 0.6187377572059631, -0.01724865660071373, -0.19997066259384155, 1.3601211309432983, -1.4460474252700806, 0.290386825799942, -0.590038001537323, 1.1225197315216064, 0.6791866421699524, -1.9211809635162354, -0.206899031996727, 0.6398043036460876, 0.7932054400444031, 1.9908318519592285, 0.8230047225952148, -0.8599690198898315, 1.1936448812484741, 1.9606072902679443, 0.3963455259799957, -0.7930200099945068, 0.2380092442035675, -0.9334350228309631, -0.9913467168807983, 0.6003106832504272, -0.1716785430908203, -0.4219508767127991, 1.7116200923919678, -0.9601408839225769, 0.07848318666219711, -0.8965595364570618]",yunet,Facenet,1920,1080,/home/amos/media/tv/modern_family/Modern.Family.S09.1080p.DSNP.WEB-DL.DDP5.1.H.264-CRFW/Modern.Family.S09E21.The.Escape.1080p.DSNP.WEB-DL.DDP5.1.H.264-CRFW.mkv,Modern Family,2009,1442437,9,21,Ty Burrell,15232.0,0.767
80,744,216,1008,576,882,354,774,354,0.931,1560,0,"[0.2316644787788391, 0.9247691631317139, 0.8842654824256897, 0.2851601243019104, -0.712302565574646, -0.47227510809898376, -1.2686569690704346, 0.07142824679613113, 0.7219811677932739, -0.6572083234786987, -0.4692203104496002, 1.2719780206680298, 0.9557163119316101, -0.0698295384645462, -0.7185981273651123, 0.15794995427131653, -0.40596669912338257, 0.4778745174407959, -0.8285123705863953, 1.806776523590088, -0.9252671003341675, 2.3242249488830566, -0.21258512139320374, 1.2530443668365479, 0.445382684469223, 0.9599120616912842, -3.502411365509033, 1.981170415878296, 1.11295747756958, -2.590181350708008, 0.3409148156642914, -1.7475837469100952, 0.0181891992688179, -0.2678477466106415, 1.3881241083145142, 0.9437305331230164, 0.5952122807502747, -0.5132083296775818, 0.5416266918182373, 1.1827993392944336, 0.048153385519981384, 1.1223924160003662, -0.7933316230773926, -0.2701537609100342, -0.4252331256866455, 0.9879552125930786, -0.36867839097976685, 0.14212854206562042, -0.8651151657104492, -0.9136648178100586, 1.1647189855575562, -1.1777057647705078, -1.079196810722351, -1.4798086881637573, -0.35097429156303406, 0.7238410711288452, 1.2904176712036133, 0.4724169969558716, 0.04967619478702545, -0.5820633769035339, 2.2610721588134766, -0.38875526189804077, -1.4140979051589966, -0.6791991591453552, -0.7173434495925903, 1.1725170612335205, 1.4500247240066528, 0.5048221945762634, 1.9849960803985596, -1.0132501125335693, -0.04520420730113983, 0.6135193109512329, -0.6169747114181519, 0.103392094373703, 0.18307404220104218, 0.044239893555641174, 1.0036932229995728, 0.8330991268157959, 0.555363655090332, 0.8485379219055176, -0.09339851886034012, -2.3611176013946533, 0.32084035873413086, 0.4299583435058594, -1.087618350982666, -1.5719313621520996, 0.9693496823310852, 0.1752781718969345, 0.5808649063110352, 0.27948275208473206, 0.37748727202415466, -1.7745131254196167, -0.7265088558197021, -0.19627445936203003, -0.05813988298177719, -1.5512691736221313, 1.3939746618270874, 0.047521695494651794, 0.43091079592704773, -0.39021554589271545, 0.34543120861053467, 1.8189697265625, -1.8686312437057495, 0.039126038551330566, -0.6602447032928467, 0.9510818123817444, 0.8838082551956177, -2.780813694000244, -0.2756933569908142, 0.5501446723937988, 0.7522346377372742, 2.027231216430664, 0.8668279647827148, -0.9095616340637207, 1.2273591756820679, 1.8601832389831543, -0.12572196125984192, -0.569261372089386, 0.5097386837005615, -0.3673952519893646, -1.1607743501663208, 0.8683946132659912, -0.2437683790922165, -0.646577000617981, 1.8194928169250488, -1.435699462890625, -0.06407743692398071, -0.030106455087661743]",yunet,Facenet,1920,1080,/home/amos/media/tv/modern_family/Modern.Family.S09.1080p.DSNP.WEB-DL.DDP5.1.H.264-CRFW/Modern.Family.S09E21.The.Escape.1080p.DSNP.WEB-DL.DDP5.1.H.264-CRFW.mkv,Modern Family,2009,1442437,9,21,Ty Burrell,15232.0,0.678
81,660,192,942,570,798,336,684,330,0.93,1584,0,"[-0.1775488555431366, 0.6435728073120117, 1.0228134393692017, 0.9563802480697632, 0.407768577337265, -0.6292437314987183, -0.4578457176685333, -0.019558031111955643, 0.39972034096717834, 0.1568647176027298, 0.1907208263874054, 1.270352840423584, 0.6741593480110168, -1.1638025045394897, -0.7412453889846802, 0.32506996393203735, 0.5499502420425415, 0.16807331144809723, -0.9787157773971558, 2.8392014503479004, -0.42360830307006836, 1.6931654214859009, 0.5029425024986267, 0.5302183628082275, -0.06267052888870239, 0.9699175953865051, -2.2042715549468994, 1.9243882894515991, 0.67099529504776, -2.147883653640747, 0.09901656210422516, -1.9374665021896362, -0.46843990683555603, -0.7547354102134705, 1.1479475498199463, 0.5390458703041077, 0.6275879144668579, -0.4236162304878235, 0.8979054093360901, 0.6383692026138306, -1.091842532157898, 0.9475405812263489, -1.5694774389266968, 0.2902502417564392, 0.47403645515441895, 0.3522230386734009, -0.7169162631034851, 0.20168082416057587, 0.0937422513961792, -0.5995889902114868, 0.947812557220459, -0.43018314242362976, -1.4094576835632324, -1.534242033958435, -0.5586264729499817, 0.3755241632461548, 1.6010702848434448, 0.7090891599655151, -0.28011035919189453, -0.09752243757247925, 1.9039576053619385, -0.2538051903247833, -0.5784866213798523, -1.158082127571106, -1.2372525930404663, 1.729374647140503, 1.3487229347229004, 0.7774036526679993, 1.5971360206604004, -0.1093260869383812, -0.7836153507232666, 0.14445963501930237, -0.7946351170539856, -0.027881979942321777, 1.221971035003662, 0.1356314718723297, 0.3998631536960602, 0.7598864436149597, -0.06739390641450882, 1.1905934810638428, -0.8908522725105286, -1.7070708274841309, 0.2651774287223816, 0.1435820460319519, -1.5127203464508057, -0.04505874216556549, 0.43821072578430176, -0.2733008563518524, 0.13981051743030548, -0.10497123003005981, 0.3766445815563202, -1.1297746896743774, -0.444463849067688, -0.04564342647790909, 0.10569193959236145, -1.9690239429473877, 0.8577920198440552, -0.671822726726532, -0.20020008087158203, -0.24943776428699493, 0.3725671172142029, 1.8848960399627686, -2.0013794898986816, -0.3241513669490814, 0.09895124286413193, 0.6942991614341736, 0.8617940545082092, -2.940223217010498, -0.2088426798582077, 1.0015596151351929, 0.24703766405582428, 2.005753755569458, 0.9342999458312988, -0.9097635746002197, 1.1785043478012085, 2.3234193325042725, -1.3882070779800415, -0.5023754835128784, 0.09507256746292114, -0.2573985159397125, -0.7818940877914429, 0.45955681800842285, -0.45202046632766724, -1.1955565214157104, 1.4168950319290161, -1.9072853326797485, 0.18649688363075256, -0.014653783291578293]",yunet,Facenet,1920,1080,/home/amos/media/tv/modern_family/Modern.Family.S09.1080p.DSNP.WEB-DL.DDP5.1.H.264-CRFW/Modern.Family.S09E21.The.Escape.1080p.DSNP.WEB-DL.DDP5.1.H.264-CRFW.mkv,Modern Family,2009,1442437,9,21,Ty Burrell,15232.0,0.604
82,600,192,882,570,744,348,648,348,0.927,1608,0,"[0.10035400837659836, 0.5638384819030762, 0.8360385894775391, -0.05588684603571892, -0.8812373876571655, -0.08463511615991592, -1.6094242334365845, -0.05414361134171486, 0.32062584161758423, -1.248936653137207, -0.16692715883255005, 1.804717779159546, 1.1345529556274414, -0.8270690441131592, -0.7219364643096924, -0.5498175621032715, -0.23804858326911926, 0.044417425990104675, -0.5186290740966797, 1.2749722003936768, -0.7689251899719238, 1.4147027730941772, -0.23799845576286316, 0.02698371745646, -0.23254752159118652, 1.1716943979263306, -3.0137956142425537, 2.1377973556518555, 1.4724360704421997, -2.032667636871338, -0.32591351866722107, -1.3271702527999878, -0.40384602546691895, -0.7978658676147461, 1.2020206451416016, 0.7146333456039429, 0.4183599054813385, -0.31901541352272034, 0.29092711210250854, 0.8127988576889038, 0.5173967480659485, 1.0175272226333618, -1.3904370069503784, 0.007103331387042999, 0.14248661696910858, 0.5231282711029053, 0.3201844394207001, 0.33067038655281067, 0.1408688873052597, -1.0280416011810303, 0.31784892082214355, -0.7522963285446167, -1.0355844497680664, -1.3652759790420532, -0.39654847979545593, 1.15530526638031, 1.4026379585266113, 0.9511842131614685, 0.3996969163417816, -0.0874929279088974, 1.6372014284133911, -1.0917414426803589, -0.6389575600624084, -0.1879269778728485, -0.8319993019104004, 1.7620033025741577, 1.3991276025772095, 0.5726208090782166, 1.8258779048919678, -0.7962452173233032, -0.30493488907814026, 0.8033939599990845, -1.4655097723007202, 0.5239091515541077, 0.6533777117729187, -0.17019735276699066, 0.3219320476055145, 1.0927871465682983, -0.14619088172912598, 0.7234810590744019, -0.6164292693138123, -2.5865488052368164, 0.33158981800079346, -0.037049368023872375, -0.7902851700782776, -1.6956050395965576, 0.21863338351249695, -0.00650903582572937, -0.238582044839859, -0.5212810635566711, 0.37344077229499817, -2.393829584121704, -0.4289803206920624, -1.119183897972107, 0.0650099441409111, -0.921840488910675, 0.9294745326042175, -0.08708997815847397, 0.5497733354568481, -0.8338690400123596, -0.010412480682134628, 1.461361050605774, -1.0304079055786133, 0.8012524843215942, -0.7559506297111511, 1.977791666984558, 1.1127806901931763, -2.702925443649292, 0.0027084089815616608, 0.661905825138092, 0.6642923951148987, 1.8210906982421875, 0.1267409473657608, -0.5965049862861633, 1.3894745111465454, 2.0407779216766357, -0.3557322919368744, -0.6853626370429993, 0.32223930954933167, -0.5005424618721008, -0.6027161478996277, 0.8446000814437866, 0.43316125869750977, -0.8240194320678711, 1.196298599243164, -1.3561674356460571, -0.19185100495815277, 0.30751219391822815]",yunet,Facenet,1920,1080,/home/amos/media/tv/modern_family/Modern.Family.S09.1080p.DSNP.WEB-DL.DDP5.1.H.264-CRFW/Modern.Family.S09E21.The.Escape.1080p.DSNP.WEB-DL.DDP5.1.H.264-CRFW.mkv,Modern Family,2009,1442437,9,21,Ty Burrell,15232.0,0.713
83,546,192,822,576,720,348,594,348,0.935,1632,0,"[0.5546196103096008, 0.6421846151351929, 0.5974876880645752, -0.44400250911712646, -0.04623093083500862, -0.3901475965976715, -0.9829716086387634, 0.03853601589798927, -0.17703348398208618, -0.7730100750923157, -0.7399354577064514, 1.5336028337478638, 1.4714491367340088, -0.5333951711654663, -1.1122148036956787, 0.517285168170929, -0.42828264832496643, -0.2734965682029724, -0.13067935407161713, 0.21003520488739014, -0.8621641397476196, 2.157209634780884, -0.8229100704193115, 0.36224424839019775, -0.26010289788246155, 1.3712704181671143, -3.0081706047058105, 2.5643258094787598, 1.5287491083145142, -2.076948642730713, -0.19971907138824463, -0.8111258745193481, 0.1197890117764473, -1.1784274578094482, 0.9286720752716064, 0.5897554159164429, 0.15197566151618958, -0.2618730962276459, -0.10690568387508392, 0.5268492698669434, 0.08847149461507797, 1.3658745288848877, -0.9539352655410767, -0.21896301209926605, -0.09937051683664322, 0.545593798160553, -0.12903784215450287, 0.3374769985675812, -0.20330440998077393, -1.41105318069458, 0.3173845410346985, -0.5066325068473816, -1.6133819818496704, -0.7435135841369629, 0.027723250910639763, 0.8888517022132874, 1.4120302200317383, 0.2780355215072632, 0.49599361419677734, 0.18416094779968262, 1.1338586807250977, -0.7013980150222778, -0.0843624621629715, 0.15331819653511047, -0.8699670433998108, 1.5341273546218872, 1.6103956699371338, 0.642057478427887, 2.1819560527801514, -0.5128779411315918, -0.41662073135375977, 1.2243263721466064, -1.710972785949707, 0.7379863858222961, 0.5247385501861572, 0.1299319565296173, -0.5829164981842041, 1.1437526941299438, 0.9905022978782654, 0.2860700488090515, 0.28789791464805603, -1.6386194229125977, -0.27586811780929565, -0.4851156175136566, -1.5407370328903198, -1.6578818559646606, -0.06767957657575607, -0.0473141185939312, 0.15562957525253296, -0.04198714718222618, 1.0074964761734009, -1.729519248008728, 0.060732584446668625, -1.234010100364685, 0.26036888360977173, -0.46536722779273987, 0.7114953994750977, -0.23015204071998596, 1.0243630409240723, -0.47801652550697327, -0.3080848455429077, 0.7975677847862244, -1.638439655303955, 0.2463015764951706, -0.45818066596984863, 1.0742040872573853, 0.17065948247909546, -2.301191806793213, -0.21155667304992676, 0.7534523606300354, 0.10653126239776611, 1.4213124513626099, 0.13989999890327454, 0.07154814153909683, 1.2007614374160767, 1.5458205938339233, -0.2547570466995239, -0.819635808467865, 0.2859872281551361, -0.3639651834964752, -0.7622345089912415, 1.1786563396453857, 0.2509830594062805, -0.4623653292655945, 1.962969422340393, -0.9577299952507019, 0.2752593755722046, -1.058515191078186]",yunet,Facenet,1920,1080,/home/amos/media/tv/modern_family/Modern.Family.S09.1080p.DSNP.WEB-DL.DDP5.1.H.264-CRFW/Modern.Family.S09E21.The.Escape.1080p.DSNP.WEB-DL.DDP5.1.H.264-CRFW.mkv,Modern Family,2009,1442437,9,21,Ty Burrell,15232.0,0.745
84,870,150,1152,534,1032,300,906,300,0.929,1656,0,"[0.32189029455184937, 0.544244647026062, 0.8394737243652344, -0.06679224967956543, 0.04824172705411911, -0.26201438903808594, -1.2875845432281494, 0.02729109674692154, 0.0635453537106514, -0.8064290881156921, 0.01735452562570572, 1.7282603979110718, 1.372052788734436, -1.119681715965271, -0.6988275051116943, 0.47078442573547363, -0.037416599690914154, -0.0059143975377082825, -0.3252604603767395, 1.2148985862731934, -0.7188558578491211, 1.7926561832427979, -0.14119720458984375, 0.6749227643013, 0.23336228728294373, 1.228784203529358, -2.991476535797119, 2.1934752464294434, 1.9079961776733398, -1.873665452003479, 0.32179147005081177, -1.3601351976394653, 0.011217606253921986, -1.44969642162323, 0.8220539093017578, 0.6672483682632446, 0.5842347145080566, 0.1118224710226059, -0.4888233542442322, 0.5936822891235352, -0.0762641578912735, 1.42085599899292, -0.8893589973449707, 0.33954375982284546, 0.1860312670469284, 0.9985321760177612, 0.14304722845554352, -0.18640021979808807, 0.038176245987415314, -0.855039119720459, 0.27891525626182556, -0.8621264100074768, -1.035036325454712, -0.9850585460662842, -0.4809769093990326, 0.8822699785232544, 1.075040340423584, 0.5125676989555359, 0.6599039435386658, 0.5824841856956482, 1.7044003009796143, -0.2733312249183655, 0.11152192205190659, -0.45748376846313477, -1.3404897451400757, 1.3154007196426392, 1.4747507572174072, 0.5512328147888184, 2.4579479694366455, -0.6532342433929443, -0.5688875317573547, 0.7008382081985474, -2.322852373123169, 0.6181721687316895, 0.44244033098220825, 0.0687367245554924, -0.4865459203720093, 1.108568787574768, 0.5181997418403625, 0.49776798486709595, 0.23583537340164185, -2.267206907272339, -0.32311779260635376, -0.16476228833198547, -1.223280906677246, -1.3519748449325562, 0.1460750699043274, 0.10218705236911774, 0.07160058617591858, -0.6611160039901733, 0.8081261515617371, -1.9691156148910522, 0.08188942074775696, -1.043147087097168, -0.10423755645751953, -0.3855210542678833, 0.563713014125824, -0.7622610926628113, 0.9277330636978149, -0.5228672027587891, -0.36705905199050903, 1.2657419443130493, -0.9077093601226807, -0.26924818754196167, -0.5667089223861694, 1.0766277313232422, 0.1303398758172989, -2.380014657974243, -0.14890536665916443, 0.7453311085700989, -0.03223687782883644, 1.5519208908081055, 0.4091147482395172, -0.5789887309074402, 1.1152993440628052, 1.735705852508545, -0.7752063274383545, -0.9388455152511597, -0.11705053597688675, -0.3223198652267456, -0.563832700252533, 0.5129503011703491, 0.2826947569847107, -0.5917850732803345, 1.8655047416687012, -1.3164010047912598, 0.1244330033659935, -0.7409726977348328]",yunet,Facenet,1920,1080,/home/amos/media/tv/modern_family/Modern.Family.S09.1080p.DSNP.WEB-DL.DDP5.1.H.264-CRFW/Modern.Family.S09E21.The.Escape.1080p.DSNP.WEB-DL.DDP5.1.H.264-CRFW.mkv,Modern Family,2009,1442437,9,21,Ty Burrell,15232.0,0.712
85,918,162,1182,534,1086,312,966,312,0.932,1680,0,"[0.5335272550582886, 0.47001948952674866, 1.000387191772461, -0.826210081577301, -0.5312818288803101, -0.2645905911922455, -1.23650324344635, -0.35963183641433716, -0.3344768285751343, -0.7382869124412537, -0.4051261842250824, 1.0493236780166626, 1.3056336641311646, -0.7758430242538452, -0.7322356700897217, 0.49508136510849, -0.3470679819583893, -0.4752088189125061, -0.3276556134223938, 0.5910022258758545, -0.7381938695907593, 1.868600606918335, -0.35013547539711, 0.43765872716903687, -0.26750072836875916, 1.5569558143615723, -2.905808448791504, 2.135275363922119, 1.626704454421997, -1.9082406759262085, -0.2547810673713684, -0.8914412260055542, -0.40078166127204895, -0.898812472820282, 1.3649673461914062, 0.6837666034698486, 0.691876232624054, 0.2597329318523407, 0.4634089767932892, 0.8215810060501099, -0.20726044476032257, 1.5115702152252197, -0.8753896951675415, -0.28184860944747925, -0.22178173065185547, 0.48847007751464844, 0.04275108501315117, 0.2232692539691925, -0.16824287176132202, -1.3674585819244385, 0.45428234338760376, -0.636656641960144, -1.559618353843689, -0.7205323576927185, -0.1582496017217636, 0.37222418189048767, 1.0621302127838135, 0.506909966468811, 0.02350536920130253, 0.48722514510154724, 2.0012428760528564, -0.8410578966140747, -0.3770415484905243, -0.17327089607715607, -1.6451472043991089, 2.1081748008728027, 1.577039122581482, 0.7140548825263977, 2.430868148803711, -0.3629056513309479, -0.3125767707824707, 0.8713312149047852, -1.4483941793441772, 0.22763793170452118, 1.1928892135620117, 0.7355324625968933, -0.6577484607696533, 1.3169039487838745, 0.7536706924438477, 0.3191649317741394, -0.07007348537445068, -1.5494868755340576, -0.5138410329818726, 0.15619757771492004, -1.6521987915039062, -1.267388939857483, 0.18033887445926666, -0.5147832036018372, 0.20618343353271484, -0.43150389194488525, 0.9120872616767883, -1.9387195110321045, 0.23469629883766174, -1.1173654794692993, 0.4250871539115906, 0.3656098246574402, 0.3117857575416565, -0.07324248552322388, 0.6756270527839661, -0.8444392681121826, 0.03928495943546295, 0.8084994554519653, -1.7477881908416748, 0.12224841862916946, -0.1986791342496872, 0.9199116826057434, -0.006772737484425306, -2.216120958328247, -0.17057551443576813, 0.7516915798187256, 0.3387898802757263, 0.915375828742981, 0.2389204353094101, -0.5661059617996216, 0.7434101104736328, 1.967224359512329, -1.1952580213546753, -1.0586626529693604, -0.557122528553009, -0.30839648842811584, -0.8483065366744995, 0.5175970196723938, 0.14406050741672516, -0.878436267375946, 1.6753507852554321, -0.9319264888763428, 0.15044733881950378, -1.2411500215530396]",yunet,Facenet,1920,1080,/home/amos/media/tv/modern_family/Modern.Family.S09.1080p.DSNP.WEB-DL.DDP5.1.H.264-CRFW/Modern.Family.S09E21.The.Escape.1080p.DSNP.WEB-DL.DDP5.1.H.264-CRFW.mkv,Modern Family,2009,1442437,9,21,Ty Burrell,15232.0,0.773
86,900,180,1206,570,1110,330,960,330,0.927,1704,0,"[-1.742887258529663, -1.430982232093811, -0.4817853271961212, 2.8236312866210938, 2.720334053039551, 0.003960290923714638, 1.010823369026184, -2.4136555194854736, -0.5994556546211243, 1.8310292959213257, -0.9834814071655273, 0.9918569326400757, 1.9444267749786377, -0.027051381766796112, -0.2773869037628174, 0.17608007788658142, 0.35875722765922546, -1.1980946063995361, -0.9643620252609253, 0.586097002029419, -0.43939104676246643, 0.5479966402053833, 0.8085201382637024, 0.7250901460647583, 0.08533653616905212, 0.6455123424530029, 1.7670116424560547, -0.7265273332595825, 2.0605628490448, 0.16935575008392334, 0.4892851412296295, -1.502091407775879, -1.260154128074646, -0.8716301321983337, 1.5159989595413208, -0.5114242434501648, -1.0062614679336548, 1.0535246133804321, -0.29768475890159607, -1.599658489227295, -0.2246929407119751, 0.351782888174057, 0.1384679526090622, 1.0273131132125854, 0.2489783614873886, -0.9956293702125549, -0.3033270239830017, 0.47211241722106934, 0.3404964804649353, 0.8231751918792725, -0.7241818308830261, 1.9056432247161865, 0.45919716358184814, -0.2138516902923584, -0.620011031627655, 0.1722641885280609, 0.313598096370697, -0.8665136098861694, 0.9621185660362244, 0.37780556082725525, -0.08109920471906662, 0.28602027893066406, 0.21804025769233704, -0.5451719760894775, -1.9633383750915527, 1.8856230974197388, 0.10373505204916, 0.6543843150138855, 0.20527294278144836, 1.6644827127456665, 0.24870580434799194, -0.2911301553249359, -1.354768991470337, 1.1574214696884155, 0.515692412853241, -0.43872183561325073, 0.9025665521621704, -0.5494316220283508, -0.8764451742172241, -0.645226776599884, -0.7749574780464172, 1.0816893577575684, -0.29359322786331177, 1.9445908069610596, 0.12605619430541992, 1.0611276626586914, 1.2988580465316772, -1.2116159200668335, -1.190168857574463, -1.7597802877426147, -0.9751935601234436, 0.2986738085746765, 1.3224339485168457, 0.41018009185791016, 0.9940897226333618, 0.4446832537651062, 0.6650841236114502, 0.1884080022573471, 0.06083852797746658, -0.5257853269577026, -0.8785133957862854, 0.07049562782049179, -0.48152416944503784, 0.6268050074577332, 0.8660148978233337, 0.6971260905265808, 0.25466328859329224, -0.4740088880062103, 0.49552619457244873, -0.8955584764480591, 1.1247732639312744, 0.8378755450248718, 0.9207990169525146, 0.5179087519645691, -0.21281751990318298, 1.1187585592269897, -1.13718843460083, 0.7920573949813843, -2.4006590843200684, 0.30324673652648926, 2.183871269226074, -0.6442465782165527, 0.5626067519187927, -1.5452600717544556, -0.15168114006519318, 0.8982897400856018, 1.7208986282348633, -0.7378132939338684]",yunet,Facenet,1920,1080,/home/amos/media/tv/modern_family/Modern.Family.S09.1080p.DSNP.WEB-DL.DDP5.1.H.264-CRFW/Modern.Family.S09E21.The.Escape.1080p.DSNP.WEB-DL.DDP5.1.H.264-CRFW.mkv,Modern Family,2009,1442437,9,21,Sarah Hyland,91351.0,0.792
87,234,264,384,468,342,348,270,354,0.928,1728,0,"[-2.2997868061065674, 0.9533510208129883, -0.5602933764457703, -0.26350265741348267, 1.480035662651062, -1.1918094158172607, -2.0974743366241455, 0.5861487984657288, 0.16027545928955078, -1.6847347021102905, 1.149531364440918, 0.8290784358978271, 0.39940404891967773, -0.16907888650894165, -0.14769622683525085, 1.5343501567840576, -0.5451656579971313, -0.5136376023292542, -1.8180428743362427, 0.9928107261657715, -0.7497537136077881, 1.6519137620925903, 0.024866923689842224, 0.5764402151107788, -1.0084267854690552, 0.9282236695289612, -1.6406182050704956, 0.8182674050331116, 0.9668680429458618, -2.2188658714294434, 0.2670474052429199, -0.9759333729743958, 0.5858432650566101, -0.6844663619995117, 0.7047870755195618, 3.053696632385254, -1.694638967514038, -0.5002124309539795, 0.4576895833015442, 0.07387180626392365, -0.29419153928756714, 0.41082563996315, 0.005341149866580963, -0.5847975015640259, -0.12175820767879486, 0.14407245814800262, -1.0348130464553833, -0.6613751649856567, -0.9057309031486511, 0.20342110097408295, 0.7404237985610962, -1.407539963722229, -0.0015623494982719421, 0.7665605545043945, -1.3174653053283691, -0.5493947267532349, 0.16247954964637756, -1.809200406074524, -0.7328920364379883, 0.4896826446056366, 0.45407116413116455, -0.3767353296279907, -1.8905671834945679, 0.33353108167648315, 0.3818558156490326, -0.9730817675590515, 0.9024474024772644, -1.3167465925216675, 1.9825501441955566, 0.5740634202957153, -0.48543357849121094, 1.1951180696487427, -2.389800548553467, 1.2562757730484009, 1.7892228364944458, 0.043550968170166016, 1.2276965379714966, 1.2628172636032104, 1.1387132406234741, 0.26060575246810913, 0.3982847034931183, 0.4943541884422302, -0.057686369866132736, -0.5978867411613464, -0.017162494361400604, 0.1471184641122818, 1.3076756000518799, 0.5231627821922302, -2.0616488456726074, 0.4654252529144287, 1.0756381750106812, -0.3032917082309723, -0.09950612485408783, -1.0459389686584473, -0.34206223487854004, -0.14791476726531982, -0.4426543712615967, 0.8746540546417236, 0.4351440370082855, -0.42480552196502686, -1.7994900941848755, -1.3522255420684814, -0.7246149182319641, 1.871385097503662, 1.4620503187179565, -0.724270224571228, 1.1622893810272217, 0.21535322070121765, -0.8424996137619019, 0.09874746203422546, 1.9713481664657593, -0.24427850544452667, -0.019243814051151276, 1.5579402446746826, 0.6697957515716553, 0.9455552101135254, 1.6764850616455078, 0.2871573567390442, -0.07564165443181992, -0.162947416305542, 0.4234587550163269, -0.7742277383804321, -0.16239088773727417, -0.22463175654411316, 0.7044954299926758, -2.348318099975586, -1.576098084449768, 0.7696186304092407]",yunet,Facenet,1920,1080,/home/amos/media/tv/modern_family/Modern.Family.S09.1080p.DSNP.WEB-DL.DDP5.1.H.264-CRFW/Modern.Family.S09E21.The.Escape.1080p.DSNP.WEB-DL.DDP5.1.H.264-CRFW.mkv,Modern Family,2009,1442437,9,21,Julie Bowen,31171.0,0.708
88,1188,126,1356,354,1302,216,1218,216,0.92,1728,1,"[0.7505730390548706, 0.8694475889205933, 0.7132050395011902, -0.2751801311969757, -0.4131021797657013, 0.039156243205070496, -1.4794684648513794, -0.09946440160274506, -0.14229927957057953, -0.24964937567710876, -0.2665971517562866, 0.6451667547225952, 0.6746568083763123, -0.5887455940246582, -1.353243112564087, 0.5351768732070923, -0.2007112205028534, -0.9562458992004395, -0.5910266637802124, 0.633849024772644, -0.821830153465271, 2.132195234298706, -0.15667977929115295, 1.104143738746643, -0.1840580701828003, 0.9803717136383057, -2.461522102355957, 2.0764400959014893, 1.6530035734176636, -1.9533424377441406, -0.1066867858171463, -1.194994568824768, 0.49262574315071106, -0.9602006077766418, 1.0298324823379517, 0.890272319316864, 0.7697657942771912, 0.15011349320411682, 0.39365583658218384, 1.1600284576416016, -0.2785148024559021, 1.215794563293457, -1.059368371963501, -0.18959149718284607, -0.4704118072986603, 0.5218704342842102, -0.14152304828166962, 0.5363019704818726, -0.5540662407875061, -1.6868771314620972, 0.6381790637969971, -0.6373509168624878, -1.0784661769866943, -0.5364486575126648, -0.41316139698028564, 1.2392537593841553, 1.887350082397461, 0.1569308042526245, -0.17255860567092896, -0.2912936806678772, 1.288815975189209, -0.7782873511314392, -0.058354590088129044, -0.07266481220722198, -1.493142008781433, 2.015622138977051, 1.9937479496002197, 0.765429675579071, 2.024545907974243, -0.7074391841888428, -0.6264291405677795, 0.9442282915115356, -1.3489594459533691, 0.5576257109642029, 0.502967894077301, 0.7806293368339539, -0.4216846227645874, 1.3396755456924438, 0.7019437551498413, 0.28434985876083374, 0.15875455737113953, -1.705574870109558, -0.15186172723770142, 0.5230240821838379, -1.2568708658218384, -1.2625700235366821, 0.3727276623249054, -0.06316744536161423, 0.6042935848236084, 0.03823184221982956, 0.8679084777832031, -1.9163402318954468, 0.7165892720222473, -0.34189102053642273, 0.25523680448532104, -0.12135878205299377, 0.631122887134552, -0.612409234046936, 0.2315421998500824, -0.7976686358451843, -0.3379160165786743, 0.5737500786781311, -1.7773759365081787, 0.3462202250957489, -0.03765988349914551, 0.5055809617042542, -0.5011569857597351, -1.9959015846252441, 0.15892063081264496, 0.9992700219154358, 0.41317981481552124, 0.9967123866081238, 0.34957534074783325, 0.24789687991142273, 0.3041089177131653, 1.58939790725708, -1.1730787754058838, -1.2413110733032227, 0.06553198397159576, -0.5598192811012268, -1.137404441833496, 0.4528542160987854, -0.4624043107032776, -0.7393887639045715, 2.248668909072876, -0.8110650181770325, 0.623229444026947, -1.2794010639190674]",yunet,Facenet,1920,1080,/home/amos/media/tv/modern_family/Modern.Family.S09.1080p.DSNP.WEB-DL.DDP5.1.H.264-CRFW/Modern.Family.S09E21.The.Escape.1080p.DSNP.WEB-DL.DDP5.1.H.264-CRFW.mkv,Modern Family,2009,1442437,9,21,Ty Burrell,15232.0,0.753
89,918,186,1242,612,1152,366,990,360,0.935,1752,0,"[-1.2829179763793945, -0.3575999140739441, 0.06571945548057556, 1.9849774837493896, 1.9683678150177002, 0.44754958152770996, 1.2281162738800049, -2.132761240005493, -0.5726186633110046, 2.1196467876434326, -1.4097099304199219, 0.7256638407707214, 0.2055778056383133, -0.35212191939353943, 0.3351088762283325, 1.1070350408554077, -0.9281003475189209, -1.2238516807556152, -0.8903875946998596, 0.6536095142364502, 0.32947513461112976, -0.061525072902441025, 0.6959571242332458, 0.4239973723888397, -1.3045574426651, 0.06303230673074722, 0.5130269527435303, -1.276082158088684, 3.220531702041626, 2.125666618347168, 0.738521933555603, -2.3676319122314453, -0.3548591732978821, -1.1292755603790283, 1.097799301147461, -0.9527249336242676, -1.9174089431762695, 1.4493341445922852, -0.16020074486732483, -1.2908891439437866, 0.07745379954576492, -0.14302140474319458, -0.7430943250656128, 1.2101045846939087, 0.5676094889640808, -0.4333690404891968, -0.3964269459247589, 1.082336664199829, -0.7379600405693054, 0.7714484930038452, -1.25795316696167, 2.158660411834717, 0.9788053035736084, 0.5408405065536499, -1.0065233707427979, 0.5328904390335083, 0.6075713634490967, -0.7040091753005981, 1.6790146827697754, 1.861166000366211, -0.2507765293121338, 0.8003503680229187, -0.36119139194488525, -0.533964216709137, -1.5430145263671875, 1.1128493547439575, 0.3415980041027069, 0.34194889664649963, 0.3984338045120239, 0.9041150808334351, -0.7163572311401367, -0.9281356334686279, -0.802280068397522, 0.669417142868042, 0.5800349712371826, 0.37546056509017944, -0.289813756942749, -1.1929925680160522, -0.46588659286499023, -1.157814621925354, 0.2143896520137787, 0.2587936222553253, -0.4486486315727234, 0.28077206015586853, 0.23652079701423645, -0.42267906665802, 0.24196173250675201, 0.38758599758148193, -0.3632887005805969, -1.3579761981964111, -1.5171372890472412, 1.2583613395690918, 1.9056792259216309, 0.19624513387680054, 0.3473770320415497, 0.1504911631345749, -0.17586275935173035, -0.8328036665916443, -0.08354495465755463, -0.4156886637210846, -0.7659602165222168, -0.6170634627342224, -1.737221598625183, 1.5591551065444946, 1.7715084552764893, -0.31504255533218384, 0.536237895488739, -0.08772037923336029, 1.002894401550293, 0.1479315608739853, 1.2388896942138672, 0.21445335447788239, -0.25170376896858215, 0.452751487493515, -1.2884126901626587, -0.1645927131175995, -0.7354884147644043, 0.6412515044212341, -1.8755755424499512, 0.27017199993133545, 3.01068115234375, -0.34429287910461426, -0.43563997745513916, -1.5907760858535767, -0.19170938432216644, 1.0382838249206543, 1.4431792497634888, -0.6879878044128418]",yunet,Facenet,1920,1080,/home/amos/media/tv/modern_family/Modern.Family.S09.1080p.DSNP.WEB-DL.DDP5.1.H.264-CRFW/Modern.Family.S09E21.The.Escape.1080p.DSNP.WEB-DL.DDP5.1.H.264-CRFW.mkv,Modern Family,2009,1442437,9,21,Sarah Hyland,91351.0,0.694
90,948,192,1278,642,1182,396,1020,384,0.93,1776,0,"[-2.2664294242858887, -1.3802958726882935, -0.33311739563941956, 2.824392557144165, 2.1885135173797607, 0.2507438659667969, 0.8789846897125244, -2.7818429470062256, -0.1715106964111328, 2.3271923065185547, -1.3977320194244385, 1.5368152856826782, 0.9653993248939514, -0.6788705587387085, -0.3607999086380005, 0.08798392117023468, -0.21404269337654114, -0.596714198589325, -0.796670138835907, 0.35183173418045044, 0.3823259472846985, -0.03754091262817383, 0.12945163249969482, 0.5002278089523315, -0.8277782201766968, 0.46383368968963623, 1.2478798627853394, -1.3268975019454956, 2.2280406951904297, 1.1054733991622925, 0.7204694747924805, -1.7721309661865234, -1.6692625284194946, -1.3993322849273682, 1.951894998550415, -0.4812271296977997, -1.8441959619522095, 0.9548211693763733, -0.2610512971878052, -1.4473057985305786, 0.6228457689285278, 0.2090395838022232, -5.2697956562042236e-05, 1.373869776725769, 0.9636823534965515, -0.7268016934394836, 0.15418732166290283, 0.5576180219650269, -0.07804892957210541, 0.3229479491710663, -1.3892189264297485, 1.6859853267669678, 0.8993762731552124, -0.05108969658613205, -0.7073128819465637, -0.22862279415130615, 0.5678573250770569, -0.48723191022872925, 1.147782802581787, 0.20819804072380066, 0.07684895396232605, 0.31386083364486694, -0.4298672080039978, -1.07187819480896, -1.4582828283309937, 2.114651918411255, 0.7449966669082642, 0.6971815228462219, -0.09777922928333282, 1.4424433708190918, 0.41184669733047485, -0.1981862187385559, -1.053109884262085, 1.1349594593048096, 0.3081126809120178, -0.7982105016708374, 0.9482996463775635, -0.17185495793819427, -0.8508812189102173, -0.5507930517196655, -0.6112617254257202, -0.10806410014629364, -0.21596816182136536, 0.7837731838226318, -0.7447882890701294, 0.684478759765625, 0.5825332999229431, -0.5522128343582153, -1.1300244331359863, -1.6433184146881104, -0.8730297684669495, 0.48891380429267883, 1.007452368736267, 0.6274803876876831, 0.9167302250862122, 0.06773968040943146, 0.828098714351654, 0.42703843116760254, 0.4610927700996399, -0.037295158952474594, -0.8738843202590942, 0.20330524444580078, -0.7985473871231079, 0.9202603101730347, 1.1791990995407104, 0.531852662563324, 0.7137216925621033, -0.27169302105903625, 0.7137219309806824, -0.33167320489883423, 1.0897505283355713, 0.8000259399414062, 0.964159369468689, 0.3328666090965271, -1.0505759716033936, 0.9376358985900879, -1.0142005681991577, 1.0134122371673584, -2.2338478565216064, 0.34769877791404724, 1.7722923755645752, -0.4506303668022156, 0.5144845247268677, -1.7601732015609741, 0.04190922528505325, 0.9800170063972473, 1.8044387102127075, -0.8193857669830322]",yunet,Facenet,1920,1080,/home/amos/media/tv/modern_family/Modern.Family.S09.1080p.DSNP.WEB-DL.DDP5.1.H.264-CRFW/Modern.Family.S09E21.The.Escape.1080p.DSNP.WEB-DL.DDP5.1.H.264-CRFW.mkv,Modern Family,2009,1442437,9,21,Sarah Hyland,91351.0,0.808
91,864,174,1200,600,1104,342,930,342,0.935,1800,0,"[-0.9261950254440308, -1.5317790508270264, -0.16651573777198792, 2.6582436561584473, 1.8528918027877808, -0.059969574213027954, 0.16884282231330872, -1.9051918983459473, -0.019782334566116333, 2.423025369644165, -1.3107115030288696, 1.1770967245101929, 0.6507773995399475, -0.14709194004535675, -0.01734931766986847, -0.01437407173216343, -0.23226913809776306, -0.7724384665489197, -1.0173460245132446, 0.778555154800415, -0.06507927179336548, 0.013894916512072086, 0.6269872784614563, 0.7553629279136658, 0.33221718668937683, 0.2757105529308319, 1.7169344425201416, -1.2106817960739136, 2.809481382369995, 0.6874514222145081, 0.33875709772109985, -1.3623303174972534, -1.3689823150634766, -1.3053885698318481, 1.1893926858901978, -0.8776859641075134, -1.0859969854354858, 1.0440775156021118, -0.556777834892273, -1.841992735862732, -0.05864590406417847, 0.11324358731508255, -0.1330101639032364, 1.1093827486038208, 0.30285170674324036, -0.9338974952697754, -0.05032002925872803, 0.3478924632072449, 0.25143682956695557, 1.503010869026184, -1.5939629077911377, 1.1356470584869385, 1.419495701789856, 0.26270997524261475, -0.35347411036491394, -0.49931004643440247, 0.5222328305244446, -0.6379855275154114, 1.0690758228302002, 1.2920948266983032, -0.2163861095905304, 0.34564995765686035, 0.1432819962501526, -0.7760555744171143, -1.564675211906433, 2.4189538955688477, 0.14211881160736084, 0.30891644954681396, -0.07110585272312164, 1.858040690422058, 0.013700932264328003, -0.646653413772583, -0.8550496697425842, 1.3750402927398682, 0.46585342288017273, -1.1854400634765625, 0.5689581632614136, -0.7885420918464661, -0.09451877325773239, -0.2661529779434204, -0.6295519471168518, -0.5182735919952393, 0.45192277431488037, 1.1906365156173706, 0.37718963623046875, 0.6370114088058472, 0.2798435389995575, -0.9918098449707031, 0.04488702863454819, -1.804870367050171, -0.8983185887336731, 0.5878159403800964, 0.2134515345096588, 0.025224000215530396, 0.912055253982544, 0.5452251434326172, -0.09649106860160828, 0.16861842572689056, -0.22089697420597076, -1.2905733585357666, -0.7085325121879578, 0.21983793377876282, -0.6469849348068237, 0.6886834502220154, 1.8319013118743896, 0.6971964240074158, 0.7371529340744019, -0.49828585982322693, 0.7907810807228088, -0.21694780886173248, 1.394041657447815, 0.48441827297210693, 0.38906756043434143, 0.2413044571876526, -0.8394380807876587, 0.16728118062019348, -1.4005967378616333, 0.7091258764266968, -1.8160475492477417, -0.06090330705046654, 2.5682973861694336, -1.455307960510254, -0.07641290128231049, -1.4029260873794556, -0.3623701333999634, 0.9915418028831482, 1.9064183235168457, -0.5747513771057129]",yunet,Facenet,1920,1080,/home/amos/media/tv/modern_family/Modern.Family.S09.1080p.DSNP.WEB-DL.DDP5.1.H.264-CRFW/Modern.Family.S09E21.The.Escape.1080p.DSNP.WEB-DL.DDP5.1.H.264-CRFW.mkv,Modern Family,2009,1442437,9,21,Sarah Hyland,91351.0,0.831
92,924,102,1260,540,1146,270,972,270,0.933,1824,0,"[-1.0211821794509888, -1.5783231258392334, 1.1302510499954224, 0.9364513158798218, 0.99730384349823, -0.24596983194351196, 0.029702533036470413, -2.4674017429351807, 0.7941970229148865, 2.6389780044555664, -1.6217703819274902, 1.2071667909622192, -0.09320095181465149, -0.03751295432448387, -0.2322326898574829, 0.15619507431983948, -0.570175290107727, -1.025281310081482, -0.1927497684955597, 1.1388192176818848, 0.7092369794845581, -0.5872558951377869, 0.5112422108650208, 0.6282662153244019, -0.3296600878238678, -0.714774489402771, 0.910110354423523, -1.4287567138671875, 1.7097234725952148, 1.5868926048278809, 0.3934968113899231, -2.1291427612304688, -0.9132813215255737, -0.9600502848625183, 0.9929593205451965, 0.0826445072889328, -1.2995858192443848, 0.6810213327407837, -0.4966967701911926, -1.5891363620758057, -0.3960307240486145, 0.04984357953071594, -0.9996875524520874, 1.1900999546051025, 0.16184134781360626, -1.2497031688690186, -1.0670138597488403, 1.1208314895629883, -1.2087323665618896, 1.245648741722107, -0.9353655576705933, 1.072157382965088, 1.1283589601516724, -0.6279788613319397, -1.0868628025054932, -0.9765516519546509, 0.23238016664981842, 0.14073581993579865, 0.7098268866539001, 0.5639272928237915, 0.3830459415912628, -0.021998275071382523, -0.22208523750305176, -1.2543041706085205, -1.9100124835968018, 1.906380534172058, 0.6670177578926086, -0.17791208624839783, 0.13218402862548828, 1.6395628452301025, 0.3818501830101013, -1.7185959815979004, -0.321698397397995, -0.3003666400909424, 0.008171992376446724, -0.9948192238807678, 0.8276054859161377, -1.2777812480926514, -0.6240108609199524, -0.9639657139778137, -0.47033753991127014, -0.8837579488754272, 0.41775834560394287, 1.6693135499954224, -0.6068087220191956, -0.0014683157205581665, 0.7989607453346252, -1.1765739917755127, 0.42893630266189575, -1.2519279718399048, -1.4860589504241943, -0.3186935484409332, 0.3165316581726074, 1.2972158193588257, 0.5445284843444824, 0.22528399527072906, -0.2838616967201233, -0.35126039385795593, -0.5846962332725525, 0.2147616744041443, 0.42423015832901, 1.1933567523956299, -0.5261456370353699, 0.05841553956270218, 0.7942290902137756, 0.27991288900375366, 0.04496651515364647, -0.6368429660797119, 0.6440017223358154, -0.018977314233779907, 1.5725539922714233, 0.17730942368507385, 0.5665599703788757, 0.4542795717716217, -0.5743638873100281, 0.40133991837501526, -0.9060347080230713, 0.09010534733533859, -3.1079020500183105, 0.09533512592315674, 1.9721486568450928, -0.9566566944122314, -1.021693468093872, -1.9964733123779297, 0.12742012739181519, 0.8866600394248962, 1.9081628322601318, -0.5981699228286743]",yunet,Facenet,1920,1080,/home/amos/media/tv/modern_family/Modern.Family.S09.1080p.DSNP.WEB-DL.DDP5.1.H.264-CRFW/Modern.Family.S09E21.The.Escape.1080p.DSNP.WEB-DL.DDP5.1.H.264-CRFW.mkv,Modern Family,2009,1442437,9,21,Sarah Hyland,91351.0,0.75
93,552,234,654,372,630,282,582,288,0.904,1920,0,"[-1.0083147287368774, 0.937711238861084, -0.2502685785293579, -2.322127342224121, -0.5077252984046936, -0.4195875823497772, -0.38661208748817444, 2.8287901878356934, -0.11795679479837418, -1.7786158323287964, 1.199920415878296, -0.7325009703636169, -1.7545640468597412, 0.8741436004638672, -0.21893438696861267, -0.570593535900116, 1.4061061143875122, -2.30928111076355, -1.820006251335144, -1.7980642318725586, 0.1683429479598999, -0.6304280757904053, 0.2500704824924469, 1.9329701662063599, -0.6585592031478882, 0.8367102742195129, 0.7678626775741577, -0.9036269187927246, 0.5578511357307434, -1.5525847673416138, -0.4264352023601532, 1.306101679801941, 1.5436617136001587, 0.12327303737401962, 0.6868728399276733, 0.5162720680236816, -0.4169485867023468, -0.46396785974502563, 0.4804462492465973, -0.19876247644424438, -2.2690389156341553, -0.700261116027832, -1.1012436151504517, -1.1606534719467163, 0.058018460869789124, 0.13143211603164673, -0.206886887550354, -0.3005777597427368, -1.3458415269851685, -0.2968066930770874, 0.8128577470779419, -0.9149035811424255, 0.3427708148956299, -0.7981982827186584, 0.17599360644817352, 2.2152602672576904, 0.09362612664699554, -1.5506658554077148, -0.9855799674987793, -0.08882081508636475, -2.3572638034820557, 0.02030462771654129, 0.34295904636383057, 0.5801786184310913, -0.35246890783309937, -1.758643627166748, -1.6244754791259766, 1.2757936716079712, 1.0992655754089355, -0.8419593572616577, -0.2622528076171875, 1.9199323654174805, -2.259204626083374, -0.15805016458034515, 0.20659373700618744, -0.3316241204738617, -0.9754106998443604, -0.9997859001159668, -0.516414999961853, -1.9792569875717163, 0.13057157397270203, 0.05856806039810181, -2.56514835357666, -1.9662729501724243, 1.9473564624786377, -0.06046136096119881, 0.7368573546409607, -0.5990777611732483, -1.082140326499939, -0.47372356057167053, -0.31458526849746704, -0.20640385150909424, 0.786487877368927, -0.48129215836524963, 0.3969261348247528, 1.0899087190628052, 0.5663947463035583, 1.260210633277893, 0.8527356386184692, -0.08560023456811905, -0.44287848472595215, -1.153425693511963, 1.5838919878005981, 0.6640284657478333, -0.30073282122612, -1.4594916105270386, -0.6192067861557007, -1.0957177877426147, -0.9806267023086548, 0.26469549536705017, 0.28126394748687744, -1.3341389894485474, 0.6347142457962036, -0.09476596862077713, -1.1385554075241089, 0.8250128030776978, 1.3653572797775269, 0.9238914251327515, 0.3496552109718323, 1.089707851409912, -0.7909941077232361, 0.7139379978179932, 0.391973078250885, 0.4427129328250885, -1.0673571825027466, 1.0931154489517212, -1.7435932159423828, 0.6600178480148315]",yunet,Facenet,1920,1080,/home/amos/media/tv/modern_family/Modern.Family.S09.1080p.DSNP.WEB-DL.DDP5.1.H.264-CRFW/Modern.Family.S09E21.The.Escape.1080p.DSNP.WEB-DL.DDP5.1.H.264-CRFW.mkv,Modern Family,2009,1442437,9,21,Mira Sorvino,23931.0,0.585
94,966,120,1164,384,1110,216,1014,216,0.922,2016,0,"[-0.5855165719985962, 1.0823613405227661, -1.2316852807998657, -3.0476465225219727, -0.6571524143218994, -1.003176212310791, -1.6538766622543335, 2.9127185344696045, 0.06350623071193695, -1.1556518077850342, -0.3886532485485077, 1.8666960000991821, -1.3964022397994995, -0.23401688039302826, 0.6165157556533813, 0.5425939559936523, 0.5596683025360107, -1.3581243753433228, -0.7045833468437195, -0.562537431716919, -0.12748506665229797, -0.17860285937786102, -1.3004295825958252, 1.2242282629013062, -2.236968994140625, 0.022514935582876205, 0.430953711271286, -0.6722934246063232, 0.47547006607055664, 0.029706617817282677, -0.8612511157989502, 0.8479106426239014, 2.0941686630249023, -0.8980186581611633, -0.9033079743385315, 0.17312105000019073, 0.15715071558952332, -0.3103488087654114, 0.5729812383651733, 0.16673380136489868, -0.9163762331008911, -0.849428117275238, -0.8593193292617798, -0.7079500555992126, 0.4457642734050751, -0.380230575799942, -0.5742015242576599, -0.17821739614009857, -1.3838787078857422, 0.10339336842298508, 0.6742364764213562, -0.13202081620693207, 1.128616213798523, -0.27158018946647644, 0.08612887561321259, 0.8139211535453796, -1.0064048767089844, -1.305216908454895, -0.48580533266067505, 0.8313950896263123, -1.88847815990448, -0.4391118288040161, -0.9505659341812134, -0.33289119601249695, 0.7474156618118286, -1.8877755403518677, -0.13895940780639648, -0.0987592414021492, -0.4737253189086914, -1.7284371852874756, 0.17027771472930908, 1.6417670249938965, -1.3558201789855957, -0.039942819625139236, 1.4284182786941528, -1.243534803390503, -0.9126341342926025, -1.049149513244629, 0.4179283380508423, -2.37764048576355, -0.393858402967453, 0.10927298665046692, -2.0571987628936768, -2.126443862915039, 0.2755453586578369, 0.08840079605579376, -1.1655666828155518, 0.263263463973999, 0.2434917390346527, -0.21069134771823883, -1.4365558624267578, -0.15405668318271637, 0.46808120608329773, -0.826691210269928, 0.4004812240600586, -0.7097005248069763, 0.568861722946167, 0.2571296691894531, 0.436093807220459, 0.43623825907707214, 1.5064059495925903, -1.1299107074737549, 0.43895527720451355, 0.6798549294471741, -1.0585415363311768, -1.2809149026870728, -0.15169697999954224, -1.583287239074707, -0.49747544527053833, 2.354114294052124, 0.17697957158088684, -0.23984436690807343, 0.3508523404598236, -0.4259673058986664, -0.9384412169456482, -1.169520616531372, 0.08296559005975723, 0.9318774342536926, 0.33321675658226013, 0.5390051007270813, -0.9395352602005005, 0.34938907623291016, 0.1612963080406189, 0.2784518897533417, -1.285515308380127, 1.8979436159133911, -0.6521236896514893, 0.917144775390625]",yunet,Facenet,1920,1080,/home/amos/media/tv/modern_family/Modern.Family.S09.1080p.DSNP.WEB-DL.DDP5.1.H.264-CRFW/Modern.Family.S09E21.The.Escape.1080p.DSNP.WEB-DL.DDP5.1.H.264-CRFW.mkv,Modern Family,2009,1442437,9,21,Mira Sorvino,23931.0,0.742
95,1098,114,1266,342,1230,204,1152,204,0.927,2040,0,"[-1.4420886039733887, -1.0413250923156738, 0.6545149683952332, 2.404705286026001, 0.46156638860702515, -0.6255083680152893, 1.1397123336791992, -1.6525354385375977, -1.0017215013504028, 2.706211805343628, -1.4822324514389038, 1.1249555349349976, 1.5163826942443848, 0.2052856981754303, -0.7272739410400391, 0.547129213809967, 0.9650206565856934, -2.195035219192505, -1.3926491737365723, 0.8547954559326172, 0.3514458239078522, 0.5039637088775635, -0.2709386944770813, -0.23049640655517578, -0.19383704662322998, 1.0501952171325684, 1.5009950399398804, -0.015510819852352142, 2.000720977783203, 0.15175174176692963, 0.49745625257492065, -1.5135544538497925, -1.206969141960144, -1.4936888217926025, 2.217855930328369, -0.7809004783630371, -1.3688498735427856, 0.2204347848892212, 0.9136441946029663, -0.7658731937408447, -1.3731348514556885, 1.5045759677886963, 0.12031856179237366, 1.8031951189041138, 1.1693551540374756, 0.2546146810054779, -0.13386806845664978, 0.5547950267791748, -0.1342361867427826, 0.36710822582244873, -0.9320558905601501, 2.0039477348327637, 0.12383536994457245, -0.4381564259529114, -1.2236655950546265, 0.007047451566904783, 2.238323450088501, 0.5067824721336365, -0.2530573606491089, 0.8405908942222595, -0.1762319803237915, 1.0924144983291626, -0.8850457072257996, -0.4920893609523773, -1.0211217403411865, 1.0524822473526, 0.653110682964325, -0.214767724275589, 0.28267666697502136, 0.7415845394134521, -0.08393245190382004, 0.5105408430099487, -1.0739318132400513, -0.5887476205825806, 1.2602084875106812, -0.8089275360107422, 0.5696457624435425, -0.7740566730499268, 0.4702111482620239, -0.5612227320671082, 0.2998828887939453, -0.35409340262413025, 1.4398258924484253, -0.2169155478477478, -1.3369885683059692, 0.22640609741210938, 0.19028107821941376, -0.48913079500198364, -0.6907016038894653, -1.549691915512085, -1.2695237398147583, 0.8816757202148438, 0.39658060669898987, 0.32977765798568726, 1.964310646057129, 0.8840100765228271, 0.6698752045631409, -0.12310522049665451, 0.36314451694488525, -0.3190905749797821, 0.8180558085441589, 0.9239979982376099, -1.9105135202407837, 0.7066616415977478, 1.2892390489578247, 0.18857653439044952, 0.5799667239189148, -0.7462048530578613, 0.7804025411605835, -0.9522698521614075, 0.7744397521018982, 0.41279447078704834, 1.1951556205749512, 0.6828645467758179, -0.6136613488197327, 0.9867205619812012, -0.8950022459030151, 2.1877055168151855, -0.8385114073753357, -0.6162207126617432, 2.4294774532318115, -1.171797275543213, -0.2614799737930298, -1.2783247232437134, 0.784630537033081, -0.2764434516429901, 1.5000319480895996, -1.135171890258789]",yunet,Facenet,1920,1080,/home/amos/media/tv/modern_family/Modern.Family.S09.1080p.DSNP.WEB-DL.DDP5.1.H.264-CRFW/Modern.Family.S09E21.The.Escape.1080p.DSNP.WEB-DL.DDP5.1.H.264-CRFW.mkv,Modern Family,2009,1442437,9,21,Sarah Hyland,91351.0,0.71
96,642,414,810,648,792,510,714,510,0.913,2040,1,"[0.18383754789829254, 2.274940252304077, -1.4526793956756592, -0.6805141568183899, 1.1067534685134888, 0.5852321982383728, 0.16315552592277527, 1.839708685874939, -0.08513109385967255, -1.462326169013977, 1.8311494588851929, -0.4077516198158264, -0.4995843172073364, -0.9836854934692383, -0.07990635931491852, -0.22829681634902954, -0.612909197807312, -0.5568278431892395, -0.8847200870513916, 0.06622856855392456, -0.7281228303909302, 0.46189039945602417, 1.4540916681289673, -1.166822910308838, -0.8335302472114563, -0.5844742655754089, -0.2881503105163574, 0.4029325544834137, 0.2117414027452469, -0.6900829672813416, 0.22506052255630493, -1.3408305644989014, 0.6278748512268066, -1.022899866104126, 0.3415880799293518, -0.7320317625999451, 0.717045783996582, 0.477104127407074, 0.8909300565719604, 0.747524619102478, -1.1225699186325073, -0.7142490148544312, 1.1951173543930054, -0.7265124320983887, 1.0505306720733643, -0.4094397723674774, 0.2076815813779831, -0.8983302116394043, 0.8731575608253479, 0.4189107418060303, -2.3033130168914795, 2.045679807662964, 0.9196686744689941, 0.5412710309028625, -2.152658224105835, 2.352522134780884, -0.22571973502635956, 0.6979969143867493, 0.7129591703414917, 0.8091599941253662, 0.6940346956253052, 0.6549599170684814, -0.2435162365436554, 1.2340079545974731, -0.38615769147872925, 0.6382800936698914, 0.19495728611946106, -0.932461142539978, -0.20288854837417603, -0.9541689157485962, -0.5350912809371948, -0.029348328709602356, 0.3149124085903168, 0.2110929638147354, 0.5520732402801514, 0.4008450210094452, 0.16967689990997314, 0.5746456384658813, -0.21974965929985046, -0.642141580581665, 0.6454499959945679, 1.942838191986084, 0.5565563440322876, -0.48785680532455444, 0.7817429304122925, -1.0323309898376465, -0.2822246253490448, -0.8051607608795166, -0.22776591777801514, 0.5208985805511475, -2.0196642875671387, -0.6226781606674194, -0.8763291835784912, -1.355273723602295, -0.6503482460975647, 0.2938075661659241, -3.083068609237671, -1.5352492332458496, -0.6230613589286804, -0.3180714249610901, -1.241517424583435, -1.7185142040252686, 1.005169153213501, 2.27958345413208, 1.460708737373352, 0.972168505191803, 1.6848801374435425, 1.1560382843017578, 0.04415559768676758, 0.15547002851963043, 2.117946147918701, -0.07046283781528473, -0.3675554096698761, 2.492281198501587, -0.11681456118822098, 0.5925157070159912, -0.19765344262123108, -0.14152953028678894, 0.14403514564037323, 0.05702881142497063, 1.5777760744094849, -0.5952491760253906, -1.0481462478637695, 1.3270223140716553, -1.7263914346694946, -0.5293798446655273, -0.0315525084733963, -0.856365978717804]",yunet,Facenet,1920,1080,/home/amos/media/tv/modern_family/Modern.Family.S09.1080p.DSNP.WEB-DL.DDP5.1.H.264-CRFW/Modern.Family.S09E21.The.Escape.1080p.DSNP.WEB-DL.DDP5.1.H.264-CRFW.mkv,Modern Family,2009,1442437,9,21,Margaret Judson,1695597.0,0.796
97,1074,108,1248,342,1218,204,1134,204,0.927,2064,0,"[-1.3735828399658203, -1.4723392724990845, -0.2177577018737793, 2.2707650661468506, 0.9271732568740845, -0.1390070617198944, 0.7792590856552124, -1.7889407873153687, -0.08335433900356293, 2.655636787414551, -1.86580491065979, 1.0610570907592773, 0.42153453826904297, -0.28019124269485474, -0.904926061630249, 0.19473043084144592, 0.6811096668243408, -1.6667842864990234, -1.3344383239746094, 0.6813706159591675, 0.8273042440414429, 0.19317679107189178, 0.001772608608007431, -0.09544733911752701, -0.27798399329185486, 1.2807835340499878, 1.9382869005203247, -0.9553768634796143, 2.2751715183258057, 0.8558932542800903, 0.8555078506469727, -0.8709043860435486, -0.5386431813240051, -1.5277084112167358, 1.7805187702178955, -0.28738173842430115, -2.0990939140319824, 0.8604415059089661, 0.17628908157348633, 0.07330827414989471, -0.695410430431366, 1.0458500385284424, 0.3030203580856323, 1.3105722665786743, 1.0485255718231201, 0.30424782633781433, -0.5534961223602295, 0.5501856803894043, -0.8818662166595459, -0.1460878998041153, -1.1008282899856567, 2.019666910171509, 0.39153316617012024, 0.1072997897863388, -0.7554288506507874, 0.06728284060955048, 0.8589167594909668, -0.2399461418390274, -0.4930385947227478, 0.3279820382595062, -0.03526566922664642, 0.5409371256828308, -1.0469307899475098, -0.8914443254470825, -1.107304573059082, 1.1393781900405884, 0.6129278540611267, 1.0201292037963867, 0.2581677734851837, 0.34260591864585876, 0.09000052511692047, 0.33325645327568054, -0.5048627853393555, -0.7728389501571655, 1.6141690015792847, -0.8804646730422974, 0.8043051958084106, -0.9874987602233887, -0.33917805552482605, -0.861343264579773, 0.17855152487754822, -0.010656408965587616, 0.631239116191864, -0.04969419911503792, -1.7383984327316284, 0.4414310157299042, -0.2370724081993103, -0.6597071886062622, -0.2287689745426178, -1.1717535257339478, -1.4540122747421265, 0.38009026646614075, 1.0859280824661255, 0.4888058304786682, 1.5679569244384766, 0.5401997566223145, 0.5564697980880737, 0.6978384852409363, 0.09416478872299194, 0.1785864233970642, 1.019101858139038, 0.508508026599884, -1.61746084690094, 0.924064040184021, 1.2112023830413818, -0.40154320001602173, 0.4021773934364319, -0.8208639621734619, 0.5790188312530518, -0.7754679918289185, 0.9234578609466553, 0.7382094264030457, 0.987053632736206, 0.22840936481952667, -0.6964150667190552, 0.7055114507675171, -2.0975351333618164, 1.9781690835952759, -0.4432562291622162, -0.5756648182868958, 2.162938117980957, -0.8447587490081787, -0.2652539014816284, -1.2640029191970825, 0.6483625173568726, 0.3041132092475891, 1.5598596334457397, 0.38806137442588806]",yunet,Facenet,1920,1080,/home/amos/media/tv/modern_family/Modern.Family.S09.1080p.DSNP.WEB-DL.DDP5.1.H.264-CRFW/Modern.Family.S09E21.The.Escape.1080p.DSNP.WEB-DL.DDP5.1.H.264-CRFW.mkv,Modern Family,2009,1442437,9,21,Sarah Hyland,91351.0,0.736
98,636,432,804,660,774,528,696,528,0.909,2064,1,"[0.08157607167959213, 1.9434036016464233, -1.6429558992385864, -0.7072021961212158, 0.9339635372161865, 0.6755626797676086, -0.3396671414375305, 2.33060359954834, -0.14713361859321594, -0.7600137591362, 1.6488885879516602, -0.1247183158993721, -0.31638103723526, -1.0789923667907715, 0.10758206248283386, 0.45725589990615845, -0.7989673614501953, -0.4021959900856018, -1.3004591464996338, 0.30267319083213806, -0.7819006443023682, 0.4811059236526489, 1.2376384735107422, -0.7168808579444885, -0.8543808460235596, -0.6975880265235901, -0.8174968957901001, 0.6104245781898499, 0.37212294340133667, -0.23197293281555176, 0.5887256860733032, -1.6580272912979126, 0.8311293721199036, -1.0271295309066772, 0.5370957255363464, -0.8844117522239685, 0.0894412025809288, 1.0605199337005615, 0.11749105900526047, 0.989258885383606, -1.4269357919692993, -0.046801596879959106, 1.6065187454223633, -0.4373672306537628, 0.5490296483039856, -0.9573622941970825, 0.4245883524417877, -0.5674666166305542, 0.8999826312065125, 0.2446776181459427, -1.5781517028808594, 1.6176916360855103, 0.8916510939598083, 0.4700004458427429, -1.9339507818222046, 1.6935769319534302, -0.2848064601421356, 0.45185235142707825, 0.05925322696566582, 1.1117284297943115, 0.951599657535553, 1.3023715019226074, -0.6153119206428528, 1.5632461309432983, -0.12012218683958054, 0.45801180601119995, -0.2783980071544647, -0.31994885206222534, 0.6267009973526001, -0.765610933303833, -0.26230838894844055, -0.18885177373886108, -0.018023278564214706, 0.2866894602775574, 1.366385579109192, 0.7486464381217957, 0.17803239822387695, 0.85563063621521, -0.09486393630504608, -0.4241858124732971, 0.6635966897010803, 1.5130112171173096, 0.4506450295448303, -0.3065298795700073, 0.6873863339424133, -0.8601707220077515, 0.004863020032644272, -0.7361893653869629, -0.4755241572856903, 0.5296948552131653, -1.698056697845459, -0.8317257761955261, -0.6041328310966492, -0.8906206488609314, -0.44943076372146606, 0.7868357300758362, -3.0626726150512695, -1.186205267906189, -0.48165324330329895, -0.2997870445251465, -1.1919575929641724, -1.5721622705459595, 0.48149898648262024, 2.241291046142578, 1.5151640176773071, 0.1310698688030243, 1.2604376077651978, 0.884757399559021, -0.08764505386352539, 0.3787991404533386, 2.242779493331909, -0.11162637174129486, -0.9271939992904663, 2.4222304821014404, -0.6364706158638, 0.6112104654312134, -0.3420852720737457, -0.33491581678390503, -0.19312530755996704, -0.2600494623184204, 2.1157915592193604, -0.909873366355896, -1.6304776668548584, 1.1128953695297241, -1.6195982694625854, -1.1982454061508179, -0.8320565819740295, -0.9534488320350647]",yunet,Facenet,1920,1080,/home/amos/media/tv/modern_family/Modern.Family.S09.1080p.DSNP.WEB-DL.DDP5.1.H.264-CRFW/Modern.Family.S09E21.The.Escape.1080p.DSNP.WEB-DL.DDP5.1.H.264-CRFW.mkv,Modern Family,2009,1442437,9,21,Margaret Judson,1695597.0,0.761
99,1068,120,1242,336,1206,210,1122,210,0.929,2088,0,"[-1.5138145685195923, -1.414604902267456, -0.16968348622322083, 2.1571340560913086, 1.659260630607605, -0.038456421345472336, 0.11869123578071594, -0.7744965553283691, 0.012256015092134476, 2.550902843475342, -1.2146989107131958, 1.4985334873199463, 0.12058596312999725, -0.8936152458190918, -0.7151377201080322, 0.3738142251968384, 0.43501225113868713, -1.1694856882095337, -0.7178192734718323, 0.0965515524148941, 0.19290831685066223, -0.04833538457751274, -0.51945960521698, -0.47373154759407043, -1.4558429718017578, 1.075297236442566, 1.6563020944595337, -0.2932693064212799, 2.387150526046753, 1.94161057472229, 0.26370060443878174, -0.7845274806022644, -0.9751656651496887, -2.6884191036224365, 1.4689875841140747, -0.6826724410057068, -2.406891107559204, 1.253158688545227, -0.7507792115211487, -0.37182047963142395, -0.07648639380931854, 0.19540786743164062, -0.02114427089691162, 1.76673424243927, 1.1232584714889526, 0.2262890338897705, 0.3915161192417145, -0.016548413783311844, -0.2159574180841446, 0.9499086141586304, -1.241202473640442, 2.2863595485687256, 1.2163194417953491, -0.25969791412353516, -0.06918452680110931, -0.35707026720046997, -0.06645776331424713, -0.755918025970459, 0.5358846187591553, 1.873391032218933, 0.40384846925735474, 0.40903741121292114, -0.10138104110956192, -0.8188447952270508, -0.780266284942627, 1.2313531637191772, -0.16618704795837402, 1.3714946508407593, 0.40938329696655273, 0.6812310218811035, -0.398470014333725, 0.04192051291465759, -1.0304338932037354, 0.2431354969739914, 2.1748712062835693, 0.09398998320102692, 0.27406764030456543, -0.23861636221408844, -0.04225584492087364, -0.3690873980522156, -0.5438119769096375, 0.08946911245584488, 0.17225149273872375, -0.8760190010070801, -1.102156162261963, -0.20371824502944946, -1.249596118927002, -0.32767820358276367, -0.22651298344135284, -1.7911003828048706, -1.647514820098877, 0.76535964012146, 1.0000401735305786, 0.3716917634010315, 1.7796911001205444, -0.18267057836055756, -0.2598944902420044, 1.1822344064712524, 0.15222807228565216, -0.41399434208869934, 1.195987343788147, 0.20954331755638123, -1.2638241052627563, 0.7974081635475159, 1.2378374338150024, -0.06032294034957886, 0.841363787651062, 0.07508785277605057, 0.3083175718784332, -0.43250733613967896, 1.481865644454956, 0.7040737271308899, -0.08115407824516296, 0.45457878708839417, -1.3121941089630127, 0.49889180064201355, -1.2300313711166382, 1.1625335216522217, -1.4274870157241821, 0.20932050049304962, 2.5339365005493164, -0.5835176706314087, -0.6107909679412842, -1.5884875059127808, -0.33247071504592896, 0.5872325301170349, 0.813186526298523, -0.0738840401172638]",yunet,Facenet,1920,1080,/home/amos/media/tv/modern_family/Modern.Family.S09.1080p.DSNP.WEB-DL.DDP5.1.H.264-CRFW/Modern.Family.S09E21.The.Escape.1080p.DSNP.WEB-DL.DDP5.1.H.264-CRFW.mkv,Modern Family,2009,1442437,9,21,Sarah Hyland,91351.0,0.689
100,636,432,804,666,768,522,684,528,0.904,2088,1,"[-0.4508951008319855, 1.6979026794433594, -0.9283336400985718, -0.8646581768989563, 1.6658411026000977, 0.4401673674583435, 0.1927310973405838, 2.297260284423828, -0.0881289541721344, -0.5954357385635376, 1.503278136253357, -0.24891549348831177, -0.5807205438613892, -1.9024949073791504, 0.05482831969857216, 0.6773770451545715, -0.43864473700523376, -0.623508095741272, -1.1395142078399658, 0.12509170174598694, -0.5060275793075562, 0.18066388368606567, 1.698270559310913, -0.4380094110965729, -1.0079760551452637, 0.02040288969874382, 0.5828006267547607, 0.5786679983139038, 0.4102156162261963, 0.010973423719406128, -0.3481605052947998, -1.6908166408538818, 0.6326181888580322, -1.3745735883712769, 0.7864444255828857, -0.6699793934822083, 0.4568655490875244, 1.2161308526992798, 0.24604514241218567, 1.3487639427185059, -1.5659157037734985, -0.6453443765640259, 0.9258787631988525, -0.04869665950536728, 0.8106787204742432, -0.5566703677177429, -0.1459125280380249, -0.7622311115264893, 1.06686270236969, -0.5431269407272339, -1.3991615772247314, 1.9012261629104614, 1.1560680866241455, 0.49075746536254883, -1.9132224321365356, 1.7152923345565796, -0.4975729286670685, 0.5997070074081421, 0.4718140959739685, 0.7205386161804199, 0.584804356098175, 0.6918861865997314, -0.35521841049194336, 1.0072189569473267, -0.7724978923797607, 0.8471092581748962, -0.11272191256284714, -0.043900974094867706, 0.6429371237754822, -0.5160930156707764, -0.5336513519287109, 0.1016712337732315, -0.22085407376289368, 0.36379098892211914, 1.2334802150726318, 0.7177335619926453, -0.017145872116088867, 1.6191807985305786, -0.637188732624054, -0.46522194147109985, -0.37541112303733826, 1.7409896850585938, -0.1131463274359703, -0.5111997127532959, 0.18170949816703796, -0.3734002113342285, 0.2561996877193451, -1.4926332235336304, -1.005738377571106, 0.45801499485969543, -1.6134371757507324, -0.8799846172332764, -0.2803787291049957, -0.9166274070739746, -0.7635189294815063, 0.15768592059612274, -2.5941035747528076, -1.895188808441162, -0.18377897143363953, 0.16542507708072662, -1.3651793003082275, -1.2051805257797241, 0.8615733981132507, 2.4125587940216064, 0.9359379410743713, 0.523101270198822, 0.40317869186401367, 0.4245089590549469, -0.23661312460899353, 1.0562795400619507, 2.250782012939453, -0.48522210121154785, -0.3739754557609558, 2.201476573944092, -0.33795425295829773, 1.60525381565094, -0.8216897249221802, -0.41140609979629517, -0.49056413769721985, -0.37606915831565857, 1.9628063440322876, -0.7461941242218018, -1.81609308719635, 0.39346379041671753, -2.259446144104004, -0.4552619457244873, -0.06808443367481232, -1.087178349494934]",yunet,Facenet,1920,1080,/home/amos/media/tv/modern_family/Modern.Family.S09.1080p.DSNP.WEB-DL.DDP5.1.H.264-CRFW/Modern.Family.S09E21.The.Escape.1080p.DSNP.WEB-DL.DDP5.1.H.264-CRFW.mkv,Modern Family,2009,1442437,9,21,Margaret Judson,1695597.0,0.775
101,1032,90,1194,312,1158,174,1086,180,0.926,2112,0,"[-2.1830451488494873, -1.938468098640442, -0.10570772737264633, 2.154977560043335, 0.9491708874702454, -0.26803910732269287, 0.14363770186901093, -1.9025206565856934, -0.4000259041786194, 2.29988431930542, -1.7119282484054565, 1.5357327461242676, 0.8099934458732605, -1.0713483095169067, -1.0117427110671997, 0.2578631639480591, 0.725525975227356, -0.9994935393333435, -0.19605857133865356, 0.5938237905502319, 1.0196441411972046, -0.8348448872566223, 0.4508734345436096, -0.563119113445282, -0.5562252998352051, 0.8681900501251221, 1.5741000175476074, -0.28580206632614136, 1.8809642791748047, 1.2868307828903198, 0.3178825378417969, -1.467268466949463, -1.0423916578292847, -1.72952401638031, 1.3013529777526855, -0.4202687442302704, -2.148780345916748, 1.0369110107421875, -0.6608901023864746, -0.3039243221282959, -0.694654643535614, 0.6087653636932373, 0.1775926649570465, 2.3089206218719482, 1.4270811080932617, 0.09149016439914703, -0.05876960977911949, 1.0480824708938599, -0.43353819847106934, 0.2130395770072937, -0.9200045466423035, 2.148824453353882, 0.49679791927337646, 0.040715329349040985, -0.1954263597726822, -0.5301426649093628, -0.14181753993034363, 0.22681957483291626, 0.5720235705375671, 1.032745122909546, 0.6183757781982422, 0.09217546880245209, -0.6553685665130615, -1.74082612991333, -1.6120036840438843, 1.4503272771835327, -0.1672445833683014, 0.5279868245124817, -0.3627232015132904, 0.48778119683265686, -0.10423817485570908, -0.2913327217102051, -0.8237860798835754, -0.27941665053367615, 1.5687925815582275, 0.0022562406957149506, 0.9042929410934448, 0.18549303710460663, -0.07334953546524048, -0.6454854011535645, -0.8930686712265015, 0.45318397879600525, 0.24823281168937683, -0.1273677796125412, -1.5728869438171387, 0.8132948875427246, -0.6033920645713806, -0.9579970240592957, -0.2567375898361206, -1.485912561416626, -1.1116093397140503, 0.2616015374660492, 0.9961529970169067, 0.8542773127555847, 1.442649245262146, 0.3803616464138031, 0.029142528772354126, 0.23189249634742737, -0.007753301411867142, 0.12798969447612762, 1.5733044147491455, 0.41973280906677246, -0.27093610167503357, 0.8186193108558655, 0.30427923798561096, -0.36021894216537476, 0.4347710907459259, 0.32482481002807617, 0.45659029483795166, -0.8289806842803955, 1.0303800106048584, 0.19470521807670593, 0.5571262836456299, 0.3691435158252716, -0.8406726717948914, 0.8160085678100586, -1.2024959325790405, 1.2145074605941772, -2.0655508041381836, -0.4097956120967865, 2.450289726257324, -0.5113195180892944, -0.7690660357475281, -1.8144688606262207, -0.10852935910224915, 0.5786124467849731, 1.6263295412063599, -0.756270170211792]",yunet,Facenet,1920,1080,/home/amos/media/tv/modern_family/Modern.Family.S09.1080p.DSNP.WEB-DL.DDP5.1.H.264-CRFW/Modern.Family.S09E21.The.Escape.1080p.DSNP.WEB-DL.DDP5.1.H.264-CRFW.mkv,Modern Family,2009,1442437,9,21,Sarah Hyland,91351.0,0.768
102,618,420,774,636,750,504,678,504,0.91,2112,1,"[-0.8194580078125, 1.2010729312896729, -0.668136477470398, -0.5759032964706421, 0.7784048914909363, 0.3098832964897156, 0.8136654496192932, 2.868908643722534, 0.017447449266910553, -0.42266789078712463, 1.415698528289795, -0.8961052894592285, -0.9532917141914368, -1.7633323669433594, -0.47308388352394104, 0.9274925589561462, -0.46308639645576477, -0.3604726195335388, -0.954492449760437, -0.3171249032020569, -0.34062302112579346, -0.0713827833533287, 1.257070779800415, -0.8230389952659607, -1.344657063484192, 0.39785265922546387, 0.49746963381767273, 0.697175145149231, -0.3910042643547058, 0.15246330201625824, 0.05354595184326172, -1.1412382125854492, 0.8633047938346863, -1.3998444080352783, 0.8373099565505981, -0.9000920057296753, -0.04092632234096527, 0.8986815214157104, 0.6624714732170105, 0.9704046249389648, -1.5652903318405151, -1.0211060047149658, 0.6115107536315918, -0.8161839842796326, 2.2351090908050537, 0.05184650793671608, 0.5463988184928894, -0.1622248739004135, 0.8032534122467041, -0.022746074944734573, -2.0751664638519287, 2.3524837493896484, 0.6979554891586304, 0.6222080588340759, -1.9834243059158325, 2.059702157974243, -0.5965644717216492, 0.7286216616630554, 0.6525505781173706, 0.909047544002533, 0.5857354402542114, 1.2685341835021973, -0.5926440358161926, 1.0806878805160522, -0.14050942659378052, 0.7583596110343933, 0.027040831744670868, -0.0998486652970314, 0.44941246509552, -0.24058592319488525, -0.2584359645843506, -0.34806185960769653, 0.7315620183944702, 0.25799399614334106, 0.8254445195198059, 0.14240410923957825, -0.5517041683197021, 1.0062514543533325, -0.29694700241088867, -0.2081640064716339, 0.0021164901554584503, 0.5738451480865479, 0.3686213493347168, -1.3103634119033813, 0.8231858015060425, -0.8032631874084473, 0.006043747067451477, -0.9164413809776306, -0.45462551712989807, 0.8510518074035645, -1.910683512687683, -0.21133758127689362, -0.4179190993309021, -0.5937615036964417, -0.7443817853927612, 0.3155452013015747, -2.5001583099365234, -0.675114631652832, -0.813167154788971, 0.5288403630256653, -0.8204377293586731, -1.1250183582305908, 1.029367446899414, 2.029672145843506, 1.0916231870651245, 0.9860944151878357, 0.8144267797470093, 1.3496865034103394, -0.6330261826515198, 1.3941086530685425, 1.7837800979614258, -0.21471409499645233, -0.567550539970398, 1.9255180358886719, -0.724210262298584, 1.252776026725769, -0.2968873977661133, -0.4920703172683716, -0.5900458097457886, -1.2398347854614258, 2.2371461391448975, -0.3873613476753235, -2.086482524871826, 1.3515129089355469, -1.8979774713516235, -1.0913259983062744, -0.3535620868206024, -0.9613045454025269]",yunet,Facenet,1920,1080,/home/amos/media/tv/modern_family/Modern.Family.S09.1080p.DSNP.WEB-DL.DDP5.1.H.264-CRFW/Modern.Family.S09E21.The.Escape.1080p.DSNP.WEB-DL.DDP5.1.H.264-CRFW.mkv,Modern Family,2009,1442437,9,21,Margaret Judson,1695597.0,0.79
103,330,168,444,324,426,228,360,234,0.926,2136,0,"[-1.1049429178237915, -0.7067195177078247, -0.4248245656490326, -1.5857963562011719, -1.126832127571106, -1.8452200889587402, -0.5245685577392578, 2.2111687660217285, -0.21114039421081543, -0.15974032878875732, 0.34357520937919617, 0.09903348237276077, -1.8070098161697388, 0.32759732007980347, -0.018557026982307434, 2.083646535873413, 0.28285443782806396, -1.205042839050293, -2.330310344696045, -1.0889440774917603, -0.15052686631679535, -0.11055848747491837, -0.6407393217086792, 2.1100969314575195, -0.8319085836410522, -0.5856522917747498, 1.559061884880066, -0.4079030752182007, 0.2013201266527176, -0.8511500954627991, -0.5063720941543579, 0.3698957562446594, 1.8126881122589111, 0.06127987056970596, -1.2887928485870361, 1.1468040943145752, -0.3427063226699829, -0.028173893690109253, 1.198228359222412, -0.3725351095199585, -1.0526643991470337, -1.7147448062896729, -0.431616872549057, -1.6322150230407715, 0.25015726685523987, 0.9367262125015259, -0.32013678550720215, -1.24875009059906, -2.4250330924987793, -0.9920051097869873, -0.5619352459907532, -1.714338779449463, 0.403643935918808, 0.15117646753787994, 0.31565210223197937, 0.9983035326004028, -0.4468546509742737, 0.38972434401512146, 0.12921380996704102, -0.3581373691558838, -2.090001344680786, 0.6537680625915527, -1.8437350988388062, 0.7891002297401428, 1.9972285032272339, -0.9992117285728455, -0.04138169437646866, -0.1130775734782219, -0.7264713048934937, -0.6855939626693726, 0.39307376742362976, 1.7913035154342651, -0.6102036237716675, 0.8103673458099365, 0.737401008605957, -0.5590659976005554, -0.8838311433792114, -0.012164987623691559, 1.3792613744735718, -0.6373694539070129, -0.43844074010849, -0.7768685817718506, -1.1709719896316528, -1.9079439640045166, 0.8038231730461121, -0.04286479577422142, -0.3383691608905792, 0.6425177454948425, -1.0834015607833862, -0.17354421317577362, 1.1642934083938599, -0.05798657238483429, 0.2811810374259949, -0.4851877987384796, 0.10291877388954163, -1.019403100013733, 0.33551135659217834, 1.3945343494415283, 1.1056900024414062, 0.3039439916610718, -1.1275886297225952, -0.8616544008255005, 0.3078192472457886, 0.8255584239959717, 0.06072602421045303, -1.3304847478866577, 0.43226200342178345, -1.1885451078414917, -1.3171439170837402, 1.8682304620742798, 1.024315357208252, -0.36250126361846924, 1.5614185333251953, -0.6896576285362244, -1.2348103523254395, -0.22251062095165253, 1.6002851724624634, 2.2378945350646973, -0.2482900321483612, 0.7264031171798706, -0.24365048110485077, 0.812293529510498, 0.2630235552787781, 0.2854495644569397, -1.306174397468567, 1.1535634994506836, -0.6753977537155151, 0.2884144186973572]",yunet,Facenet,1920,1080,/home/amos/media/tv/modern_family/Modern.Family.S09.1080p.DSNP.WEB-DL.DDP5.1.H.264-CRFW/Modern.Family.S09E21.The.Escape.1080p.DSNP.WEB-DL.DDP5.1.H.264-CRFW.mkv,Modern Family,2009,1442437,9,21,Mira Sorvino,23931.0,0.7
104,366,138,486,294,456,192,396,192,0.915,2160,0,"[-0.5742548704147339, 1.0755746364593506, 0.19776739180088043, -2.355445623397827, -0.35228413343429565, -1.938501238822937, 0.3561978042125702, 2.3557896614074707, 0.2918334901332855, -0.8299247026443481, 0.4351692795753479, 0.49278944730758667, -1.3034305572509766, -0.12133154273033142, 0.6474000215530396, -0.03307119384407997, 0.2123064398765564, -2.039362907409668, -0.7619442343711853, -1.804072618484497, 1.3505213260650635, -1.940635323524475, -0.3220193386077881, 1.4107465744018555, -2.384005546569824, 0.2835873067378998, 1.1834828853607178, -1.363728642463684, -0.5164973735809326, -0.7925335764884949, -0.7662725448608398, 0.19253645837306976, 1.9223464727401733, 0.06520957499742508, -0.355818510055542, 1.203209638595581, -1.2144807577133179, -1.2864149808883667, 0.6566818356513977, -0.7181012630462646, -1.4203922748565674, 0.43998876214027405, -0.9016158580780029, -1.0351788997650146, -0.870517373085022, 1.0692037343978882, 0.20767654478549957, -0.5084185600280762, -2.661492347717285, -0.7769973278045654, 0.2692528963088989, -0.2878309190273285, -0.11422344297170639, -0.9110110402107239, 1.5617187023162842, 1.385756492614746, 0.37781912088394165, 0.5410634875297546, 0.02675463631749153, -0.11896588653326035, -2.1821110248565674, -0.6355655789375305, -0.3279373049736023, 0.04739747941493988, 1.354141354560852, -1.8496047258377075, -1.5016374588012695, 0.644032895565033, -0.4704035222530365, 0.45793381333351135, 0.8920261859893799, 1.7696874141693115, -1.966200590133667, -0.004971593618392944, -0.12355716526508331, 0.41968074440956116, -1.482938289642334, -0.14899906516075134, -0.6969876289367676, -2.6476244926452637, -0.31291091442108154, -0.3145507872104645, -0.819049060344696, -3.0006556510925293, 1.3374336957931519, -0.6038075685501099, -0.28531914949417114, -0.06067461147904396, -1.043105959892273, -0.8147246241569519, -0.7033115029335022, 0.4888610541820526, 1.06936514377594, 0.29799503087997437, -0.3106914460659027, -0.2965890169143677, -0.6514634490013123, 0.931293249130249, 0.9252143502235413, 0.6069015264511108, -0.7808141708374023, -1.0381966829299927, 0.9418807029724121, 0.13104523718357086, -0.30159735679626465, -1.7909166812896729, -0.25202542543411255, 0.28104740381240845, -1.1717513799667358, 1.882350206375122, -0.03815407305955887, -0.8466271758079529, 0.49962425231933594, 0.15537185966968536, -1.2617236375808716, 1.2596986293792725, 1.7282408475875854, 0.539992094039917, 0.9234182834625244, 0.8276931643486023, -0.2676554322242737, 0.8045859336853027, -0.33130598068237305, -0.35129502415657043, -0.6167173385620117, 0.448338121175766, -1.5322014093399048, 0.002205178141593933]",yunet,Facenet,1920,1080,/home/amos/media/tv/modern_family/Modern.Family.S09.1080p.DSNP.WEB-DL.DDP5.1.H.264-CRFW/Modern.Family.S09E21.The.Escape.1080p.DSNP.WEB-DL.DDP5.1.H.264-CRFW.mkv,Modern Family,2009,1442437,9,21,Mira Sorvino,23931.0,0.568
105,372,174,480,330,450,228,396,234,0.91,2184,0,"[0.4178481101989746, 1.038678765296936, 0.0104717668145895, -3.1364102363586426, -1.2606414556503296, -1.4130260944366455, -0.35743752121925354, 2.860166072845459, -0.17703473567962646, -1.339035987854004, 1.204790472984314, 0.26515117287635803, -0.8038496971130371, 0.7114684581756592, 0.31255587935447693, 1.5199990272521973, 1.0320552587509155, -1.8673404455184937, -0.9658941030502319, 0.06945451349020004, 1.1225262880325317, -0.6808935403823853, -0.7170996069908142, 2.0627024173736572, -1.014559030532837, 0.19953608512878418, 0.940220832824707, -1.3170775175094604, 0.35981959104537964, -0.8682150840759277, -0.995614767074585, 1.0634292364120483, 1.9325189590454102, 0.30571913719177246, -0.6394383907318115, 1.2196928262710571, -0.20449510216712952, -1.417718768119812, 0.12443424016237259, 0.016736064106225967, -1.8576711416244507, -0.8465609550476074, -0.3687542974948883, -0.7345588207244873, -0.7240211367607117, 0.16605563461780548, -0.6507546901702881, -0.5917280912399292, -2.0823163986206055, -1.1548748016357422, 0.8827047944068909, -1.3545325994491577, -0.3062218725681305, -0.29809218645095825, 0.4340113401412964, 0.8849986791610718, 0.12204946577548981, 0.29878804087638855, 0.3626742660999298, 0.3751436173915863, -2.4505012035369873, 0.7822113037109375, -0.12748461961746216, 0.6664864420890808, 1.379736065864563, -2.5361227989196777, -0.429360568523407, -0.3182438313961029, -0.29630643129348755, 0.19740818440914154, 0.9025774002075195, 1.5425819158554077, -1.9491353034973145, 0.5185586214065552, 0.7778821587562561, -0.6994507312774658, -0.6060364246368408, -0.6464458107948303, 0.003752864897251129, -2.3086044788360596, 0.3850165605545044, -0.5605618953704834, -1.9184404611587524, -2.807185649871826, 1.8546168804168701, -0.4437621235847473, -1.1499030590057373, -0.9845657348632812, -0.7344720363616943, -1.8415862321853638, -0.0218503400683403, -0.12708914279937744, 0.33240991830825806, -1.141762137413025, -0.5984132289886475, 0.1201542466878891, 0.39169517159461975, -0.14483843743801117, 0.8525183796882629, 0.01737298257648945, -0.7573745846748352, -0.8640419244766235, 0.9724562168121338, 0.33674004673957825, -1.36253023147583, -1.4836862087249756, 0.17813937366008759, -1.1821666955947876, -0.8649588227272034, 2.1122498512268066, 0.12554293870925903, -0.7793908715248108, 1.495413064956665, -0.6467429399490356, -0.8520418405532837, -0.35080280900001526, 2.114079713821411, 0.9542555809020996, 0.03831857442855835, 0.9005164504051208, 0.1778976321220398, 0.7592076063156128, 0.8469807505607605, -0.7113801836967468, -0.6474524140357971, 1.1513385772705078, -1.1003845930099487, 0.18131859600543976]",yunet,Facenet,1920,1080,/home/amos/media/tv/modern_family/Modern.Family.S09.1080p.DSNP.WEB-DL.DDP5.1.H.264-CRFW/Modern.Family.S09E21.The.Escape.1080p.DSNP.WEB-DL.DDP5.1.H.264-CRFW.mkv,Modern Family,2009,1442437,9,21,Mira Sorvino,23931.0,0.708
106,768,168,930,396,876,258,798,258,0.934,2208,0,"[-0.52898108959198, -0.1480335146188736, -0.7272822856903076, -2.2056944370269775, 0.8667271137237549, -1.918050765991211, 0.572159469127655, 2.3183956146240234, -0.5256569981575012, -0.27851414680480957, 0.8983120322227478, 1.1455520391464233, 0.2514999508857727, -0.7576005458831787, 0.557334303855896, 1.4916003942489624, 0.9022901058197021, -1.7568861246109009, -0.14199112355709076, -0.9171981811523438, 0.36122435331344604, -1.274507999420166, -0.059570569545030594, 0.04821116477251053, -2.105849266052246, -0.008676417171955109, 1.4799442291259766, -1.1182491779327393, -1.4549894332885742, -1.1220444440841675, -0.644706130027771, 0.010334037244319916, 2.2360246181488037, -0.15410655736923218, -0.5463802218437195, 1.3276969194412231, 0.6802409887313843, 0.3164793848991394, 1.0295588970184326, -1.466841459274292, -1.3053698539733887, 0.21661625802516937, -0.8061269521713257, -1.122593641281128, -1.0861393213272095, -0.48957744240760803, -0.3687092065811157, -0.8469432592391968, -0.8228390216827393, -0.6207643747329712, -0.28122377395629883, -0.31186699867248535, -0.912922739982605, -0.400076687335968, 1.2252376079559326, 0.9650406837463379, -1.495582103729248, 0.3404921889305115, 1.1852271556854248, 0.6091802716255188, -2.363936185836792, -0.05268993228673935, -1.0055146217346191, -0.4299035966396332, 1.5680921077728271, -1.5420302152633667, -1.5015374422073364, 0.805242657661438, -0.3622347116470337, 2.0190277099609375, 0.6872789263725281, 1.6426234245300293, -2.7614316940307617, 0.5744311809539795, 0.7912781238555908, 0.45217165350914, -1.686753511428833, -0.6023591756820679, -0.29412901401519775, -2.3979971408843994, -0.33721378445625305, 0.06305427849292755, -1.1384299993515015, -1.6813328266143799, 1.399852991104126, -0.21509627997875214, -0.1512298434972763, -0.47663360834121704, -2.1985678672790527, -0.48756441473960876, -0.8738329410552979, -0.20254306495189667, 0.4618224799633026, -1.5205565690994263, -1.4147059917449951, -0.5873622894287109, -0.5819473266601562, 0.6404260993003845, 1.473844289779663, 1.2124146223068237, -1.3464235067367554, -1.3350328207015991, 0.08569823205471039, -0.5113314986228943, -0.34503427147865295, -0.2211385816335678, 0.9039417505264282, -1.080586314201355, -1.6057220697402954, 2.157521963119507, 0.309952974319458, -0.06154097616672516, 0.43083620071411133, -0.8159739971160889, -0.09969554096460342, 0.65833580493927, 0.6529580354690552, 0.34827888011932373, 0.1615370512008667, 0.80093914270401, 1.2070364952087402, -0.306465208530426, -0.005287863314151764, 1.062934160232544, -0.9551575183868408, -0.05729499086737633, -1.0111966133117676, 0.7653340697288513]",yunet,Facenet,1920,1080,/home/amos/media/tv/modern_family/Modern.Family.S09.1080p.DSNP.WEB-DL.DDP5.1.H.264-CRFW/Modern.Family.S09E21.The.Escape.1080p.DSNP.WEB-DL.DDP5.1.H.264-CRFW.mkv,Modern Family,2009,1442437,9,21,Mira Sorvino,23931.0,0.589
107,948,132,1122,372,1062,222,978,222,0.935,2232,0,"[-0.8331078290939331, -0.0022715553641319275, -0.4821851849555969, -2.9342072010040283, -0.1565970778465271, -1.715541958808899, -1.2339478731155396, 2.6013975143432617, -0.10477069765329361, -1.1804025173187256, 0.39630675315856934, 0.5322216749191284, -1.1229748725891113, 0.29731443524360657, 0.3657718896865845, 1.5280858278274536, 1.0469597578048706, -2.1185030937194824, -0.7938162088394165, -0.9490810632705688, 0.57471764087677, -1.1417956352233887, -0.9377710223197937, 1.1594876050949097, -1.5358684062957764, -0.3187876343727112, 1.6219481229782104, -0.8987576961517334, -0.5277109742164612, -0.47660818696022034, -0.7996882200241089, 0.7865252494812012, 2.8281259536743164, -0.35249608755111694, -1.402448058128357, 1.5188074111938477, 0.4029618203639984, -0.39481157064437866, 0.16519036889076233, -0.24200135469436646, -1.364742398262024, -0.9977337718009949, -0.9484517574310303, -0.5629515647888184, -0.5843620896339417, 0.31797167658805847, -1.0996363162994385, -0.2779776155948639, -1.4648611545562744, -1.0320366621017456, 0.569133996963501, -1.1028871536254883, -0.032573945820331573, -0.40513408184051514, 1.2003594636917114, 0.623716413974762, -1.0932921171188354, -0.07719262689352036, 1.079888105392456, 0.33223623037338257, -2.554140090942383, 0.36246955394744873, -0.9441888332366943, 0.621353805065155, 0.9943860769271851, -2.158154249191284, -1.2183685302734375, -0.34812429547309875, -0.1985795497894287, -0.21121667325496674, 0.2076566368341446, 0.9407849311828613, -2.2405827045440674, 0.15122513473033905, 0.6962131261825562, -0.02874317392706871, -1.0510228872299194, -0.3008868098258972, 0.3760824203491211, -2.2585256099700928, -0.34367769956588745, -0.08835117518901825, -1.900189757347107, -1.7844494581222534, 1.1033014059066772, -0.2840486168861389, -0.7383208870887756, -0.04945269972085953, -1.6998289823532104, -1.0153101682662964, 0.026027582585811615, -0.3026593327522278, 0.603418231010437, -1.3136804103851318, -0.6399413347244263, -0.3261369466781616, 0.2802748382091522, 0.01788441464304924, 0.7679474353790283, 1.0992200374603271, -0.8203451037406921, -1.1696470975875854, 0.6235038042068481, 0.28059571981430054, -1.207689881324768, -1.7363851070404053, 0.13185085356235504, -1.1698262691497803, -1.2170737981796265, 2.083529233932495, 0.17731259763240814, -1.6065254211425781, 0.7414969205856323, -0.4050839841365814, -1.0025315284729004, -0.1919078528881073, 1.7503089904785156, 1.0209705829620361, -0.3431350588798523, 0.9116145372390747, 0.21439416706562042, 0.24622073769569397, 0.16667214035987854, -0.15671207010746002, -0.9578856229782104, 0.8756694793701172, -0.5603685975074768, 0.8181154131889343]",yunet,Facenet,1920,1080,/home/amos/media/tv/modern_family/Modern.Family.S09.1080p.DSNP.WEB-DL.DDP5.1.H.264-CRFW/Modern.Family.S09E21.The.Escape.1080p.DSNP.WEB-DL.DDP5.1.H.264-CRFW.mkv,Modern Family,2009,1442437,9,21,Mira Sorvino,23931.0,0.709
108,972,114,1158,366,1110,204,1020,204,0.928,2256,0,"[-0.8793394565582275, 0.41470012068748474, -0.9212214946746826, -2.146075963973999, -0.5749821066856384, -1.2110540866851807, -1.1264317035675049, 2.853349447250366, 0.7421041131019592, -0.43842312693595886, -0.45911046862602234, 2.24642276763916, -1.0590635538101196, 0.28469470143318176, -0.28977856040000916, 1.815066933631897, -1.0065034627914429, -0.7599243521690369, -0.9016250371932983, -0.11508508026599884, 0.8512413501739502, -0.5662755370140076, -0.2882019579410553, 1.4816551208496094, -1.3262279033660889, -0.1718238890171051, 0.4224189519882202, -1.6146208047866821, 0.09776639938354492, -1.140520691871643, -0.6462615728378296, 0.5809140801429749, 2.1954379081726074, -0.7014434933662415, -0.8863204121589661, 0.7508244514465332, -1.1550695896148682, -0.6833431720733643, -0.20246270298957825, -0.499080091714859, -0.7182241082191467, 0.3587283492088318, -0.14001469314098358, -0.48397114872932434, -0.16744235157966614, -0.0813249796628952, -1.9669219255447388, 0.2733331322669983, -1.6523324251174927, -0.03726448118686676, 0.9582690596580505, -1.1825569868087769, 1.6364585161209106, 0.01426289975643158, 0.9011098146438599, -0.29848137497901917, -0.6305969953536987, -0.45483484864234924, -0.5516543388366699, -0.2703782021999359, -2.1892611980438232, 0.9090008735656738, -2.1998062133789062, 0.19074155390262604, 1.4243788719177246, -2.2144322395324707, 0.13378913700580597, -1.0208600759506226, -0.3195447027683258, -0.3425791263580322, 0.6286582350730896, 2.1428067684173584, -1.777521014213562, 1.2518398761749268, 0.11442457139492035, -2.382641315460205, -0.9783154726028442, 0.31627240777015686, 1.0743818283081055, -2.4480810165405273, 0.34130945801734924, -1.0839284658432007, -1.1400728225708008, -2.801572799682617, 0.18872657418251038, -0.5605381727218628, -0.5789570808410645, 0.020859867334365845, -0.5703767538070679, -0.4037743806838989, -0.19116896390914917, 0.2634788155555725, -0.39830031991004944, 0.11472202092409134, -0.17508740723133087, -0.19353416562080383, 0.7286444306373596, 0.4000698924064636, 0.6864818334579468, 0.1817566305398941, -0.2630208134651184, -1.4750512838363647, -0.14390477538108826, 0.4397926926612854, -0.6923242211341858, -2.0126755237579346, 0.5562762022018433, -1.2508081197738647, -1.2528427839279175, 2.5558102130889893, 0.5446683168411255, 0.11067500710487366, 1.465324878692627, -0.10247693210840225, -1.2007942199707031, 0.20279347896575928, 1.4921913146972656, 0.6929285526275635, -0.01599159836769104, -0.3531762659549713, -0.4462583661079407, -0.8160989284515381, 0.006028801202774048, 0.5706368088722229, -0.1676519811153412, 0.19117829203605652, -0.7487423419952393, 0.28401488065719604]",yunet,Facenet,1920,1080,/home/amos/media/tv/modern_family/Modern.Family.S09.1080p.DSNP.WEB-DL.DDP5.1.H.264-CRFW/Modern.Family.S09E21.The.Escape.1080p.DSNP.WEB-DL.DDP5.1.H.264-CRFW.mkv,Modern Family,2009,1442437,9,21,Mira Sorvino,23931.0,0.662
109,888,120,1080,372,1014,210,924,210,0.923,2280,0,"[-1.2003523111343384, 0.08184580504894257, -0.6139472723007202, -2.4153754711151123, -0.29250842332839966, -1.3787920475006104, -1.1730178594589233, 1.6771982908248901, 0.5833362340927124, -1.0047341585159302, 0.24132069945335388, 2.441847085952759, -1.1966373920440674, -1.155324935913086, 0.3932023346424103, 1.4866160154342651, 0.24906159937381744, -0.234324648976326, -0.692010223865509, -0.3965134620666504, 0.8662257194519043, -1.1192958354949951, -0.908257246017456, 0.4205222725868225, -2.199491500854492, -0.32624492049217224, 0.8753042221069336, -0.9263206720352173, -0.5936240553855896, 0.3043241798877716, -0.9246863126754761, 0.11186113208532333, 2.074140787124634, -1.1446431875228882, -1.5751841068267822, 1.223772644996643, -0.23824647068977356, -0.8086441159248352, -1.0236341953277588, 0.023703040555119514, -1.2219419479370117, -0.2094600796699524, -0.0796293318271637, 0.15672631561756134, -0.5606942176818848, 0.2279752641916275, -0.6644649505615234, -1.3119478225708008, -1.5369454622268677, -0.40432652831077576, 0.7159785628318787, -1.9272525310516357, 0.9844271540641785, -0.8938261866569519, 1.3532354831695557, -0.39126357436180115, -1.0482022762298584, 0.6932544708251953, 0.4596179723739624, 0.04647013545036316, -1.5279839038848877, -0.20943114161491394, -0.4637356698513031, -0.28114786744117737, 1.0859521627426147, -1.360131025314331, -0.22871777415275574, -0.9784358739852905, -0.3923780024051666, -0.5328140258789062, 1.2552152872085571, 0.7973378896713257, -1.2489250898361206, 0.18035416305065155, 1.8041106462478638, -0.28615471720695496, -0.691367506980896, 0.7999750971794128, 0.5608648657798767, -1.3852745294570923, -0.7135787010192871, -0.06681320071220398, -2.131044864654541, -2.049663782119751, -0.7761701345443726, 0.7115286588668823, -1.7619892358779907, 0.054119259119033813, -0.2476309835910797, -0.10444959998130798, 0.2481120526790619, -0.6854743361473083, -0.03256585821509361, -0.20515045523643494, -0.918772280216217, -0.3210000991821289, -0.6537899374961853, -0.2915114164352417, 0.488544762134552, 0.7683661580085754, 0.2995656728744507, -1.4424214363098145, 1.3048723936080933, -0.015030336566269398, -0.5543617010116577, -2.693545341491699, -0.3059728145599365, -0.886573076248169, -0.6742278933525085, 2.629387378692627, 0.7246527075767517, -0.34182971715927124, 0.7635477781295776, 0.9717357754707336, -0.7063612341880798, -0.5927897691726685, 0.5006648302078247, 0.45305266976356506, -0.3179256021976471, 0.9297990798950195, -0.6126198768615723, -0.8241180181503296, -0.45544153451919556, -0.565498948097229, -1.503908395767212, 1.228988766670227, -0.24853113293647766, -0.3038226366043091]",yunet,Facenet,1920,1080,/home/amos/media/tv/modern_family/Modern.Family.S09.1080p.DSNP.WEB-DL.DDP5.1.H.264-CRFW/Modern.Family.S09E21.The.Escape.1080p.DSNP.WEB-DL.DDP5.1.H.264-CRFW.mkv,Modern Family,2009,1442437,9,21,Mira Sorvino,23931.0,0.606
110,858,156,1050,420,984,264,900,264,0.934,2304,0,"[-1.0590568780899048, 0.21226876974105835, -0.212087020277977, -2.166381597518921, -0.30932945013046265, -1.1413605213165283, -0.1759016215801239, 2.1147708892822266, 0.151913583278656, 0.4262560307979584, 1.5990232229232788, 0.40257036685943604, -2.136958122253418, -1.0179719924926758, 0.17283111810684204, 2.565157175064087, 1.0698636770248413, -1.0243356227874756, -1.776193618774414, -0.40701112151145935, 0.40204212069511414, -0.39755523204803467, -0.5977892279624939, 1.8569867610931396, -0.18226933479309082, -0.1476651430130005, 1.6023402214050293, -0.33718806505203247, -0.9711310863494873, -0.7062056064605713, -0.43660327792167664, 0.6899568438529968, 1.3658220767974854, -0.06771644949913025, -0.8560889959335327, 1.0809872150421143, 1.0672402381896973, 0.5256337523460388, 0.19230370223522186, 0.29826733469963074, -2.3842008113861084, -1.584093451499939, 0.21545684337615967, -0.317609965801239, -0.9974095225334167, 0.4500916302204132, -0.7079988718032837, -1.5002399682998657, -1.6260018348693848, -0.8352586030960083, -0.15649498999118805, -1.500255823135376, 1.3475759029388428, 0.231436088681221, 0.4125414490699768, -0.012577247805893421, -1.3252261877059937, 0.6070268154144287, 0.4401035010814667, -0.6320213675498962, -2.4332144260406494, 0.9190883040428162, -1.3810877799987793, 0.03085128404200077, 1.9798187017440796, -1.2867050170898438, -0.062366776168346405, 0.32966288924217224, -0.3222405016422272, 0.18574155867099762, 1.0723223686218262, 0.6047639846801758, -1.3626476526260376, 0.5425283908843994, 0.2191717028617859, 0.3210194706916809, -0.4751887917518616, 0.28224611282348633, 0.16481438279151917, -0.3710785508155823, 0.2536722421646118, -0.9611763954162598, -2.336514711380005, -1.2855396270751953, 0.2852970063686371, 0.6668150424957275, -1.0141887664794922, -0.5001275539398193, -1.204694390296936, -0.24476271867752075, 0.8812921047210693, -1.937984824180603, -0.02692364901304245, -0.9016976952552795, -0.7856060266494751, -0.23339684307575226, -0.5222837328910828, 0.3717951774597168, 1.0424668788909912, 0.6723533868789673, -0.8575159311294556, -1.2135345935821533, 0.30121520161628723, -0.620596170425415, -1.8866302967071533, -1.079708456993103, -0.718866765499115, -2.0183818340301514, -0.6100630164146423, 2.4731929302215576, 0.27120423316955566, -0.27748048305511475, 1.9713952541351318, -0.41068917512893677, -0.548423171043396, -0.26205912232398987, -0.007534639909863472, -0.024595201015472412, -0.49334999918937683, 1.520140290260315, 0.17812082171440125, -1.1821553707122803, -0.2182067483663559, -0.042325012385845184, -1.0019245147705078, 1.2878663539886475, 1.5283944606781006, 0.45922645926475525]",yunet,Facenet,1920,1080,/home/amos/media/tv/modern_family/Modern.Family.S09.1080p.DSNP.WEB-DL.DDP5.1.H.264-CRFW/Modern.Family.S09E21.The.Escape.1080p.DSNP.WEB-DL.DDP5.1.H.264-CRFW.mkv,Modern Family,2009,1442437,9,21,Mira Sorvino,23931.0,0.669
111,552,480,750,768,720,600,636,600,0.906,2328,0,"[-0.2386309802532196, 1.221591591835022, -0.314261794090271, -0.8856694102287292, 0.7391455173492432, -0.3878304064273834, 0.11111654341220856, 2.381809949874878, 0.24596759676933289, -0.4247060716152191, 1.7934260368347168, 0.260313481092453, -1.3870052099227905, -2.0225086212158203, -0.1035711020231247, 0.25404298305511475, 0.5011497735977173, 0.3702053427696228, -0.09310977160930634, 0.6329798698425293, 0.0406796932220459, -0.0507139191031456, 0.38190707564353943, -0.866123378276825, -1.3840065002441406, 0.4876241683959961, 1.9558426141738892, -0.3600269556045532, 0.6377405524253845, -0.31827402114868164, -0.3333403170108795, -0.6551179885864258, 0.9449723958969116, -1.0310543775558472, 0.046297647058963776, -0.7179122567176819, 1.0180212259292603, 0.019440848380327225, 1.2790963649749756, 0.9820061922073364, -2.3363163471221924, -0.1597566157579422, 0.8407164812088013, 0.917496919631958, 0.912175178527832, 0.42182615399360657, 0.07873417437076569, -1.524253010749817, 1.2648048400878906, 0.21917970478534698, -1.1868034601211548, 0.9320972561836243, 1.0430546998977661, 0.9174834489822388, -0.666592538356781, 0.9141323566436768, -0.48678919672966003, 1.6302170753479004, 0.2845039665699005, 1.036260962486267, 0.058774061501026154, 0.48917651176452637, -0.6450261473655701, 0.2347855418920517, 0.3931611180305481, 1.4133142232894897, -0.5026575922966003, -0.7422518134117126, -0.5623456835746765, -1.0072494745254517, -1.1620700359344482, -0.29180869460105896, 0.46967917680740356, -0.34099429845809937, 1.4503815174102783, 0.625318706035614, -0.326871782541275, 1.0607482194900513, 0.2903202772140503, 0.29254478216171265, -1.33382248878479, 1.0579168796539307, 0.7061489820480347, -1.4166165590286255, -0.1663154661655426, 0.47108736634254456, -1.0998835563659668, -0.17621874809265137, 0.2971934378147125, 0.48409444093704224, -1.818209171295166, 1.4678810834884644, -1.8788899183273315, -1.5854411125183105, -0.22890722751617432, -0.5098459720611572, -3.181903123855591, -3.0519931316375732, -0.16612732410430908, -0.523798406124115, -0.33911997079849243, -0.5254072546958923, 0.9126994609832764, 1.4527865648269653, 1.5520451068878174, 0.4420276880264282, 1.1282200813293457, 0.800133466720581, 0.11475691199302673, -0.09132320433855057, 2.4240646362304688, -1.6519733667373657, -0.6841957569122314, 1.775683879852295, -0.2843625545501709, 1.5234136581420898, -0.8365375995635986, 0.900665283203125, 1.51308012008667, -0.0435987189412117, 0.33904170989990234, -0.9591934680938721, -1.7440087795257568, 0.5271897912025452, -2.0722148418426514, -0.3382273018360138, 0.4261069595813751, -1.225874900817871]",yunet,Facenet,1920,1080,/home/amos/media/tv/modern_family/Modern.Family.S09.1080p.DSNP.WEB-DL.DDP5.1.H.264-CRFW/Modern.Family.S09E21.The.Escape.1080p.DSNP.WEB-DL.DDP5.1.H.264-CRFW.mkv,Modern Family,2009,1442437,9,21,Margaret Judson,1695597.0,0.675
112,1020,180,1218,432,1182,270,1098,276,0.901,2328,1,"[-1.761849045753479, -2.1989517211914062, 0.8168411254882812, 2.757638454437256, 0.9185178875923157, -0.6471540927886963, 0.432369589805603, -1.151962399482727, 1.0121225118637085, 2.852466344833374, -1.7295491695404053, 0.723593533039093, 1.6642401218414307, -0.7305742502212524, -1.5494310855865479, 1.1020135879516602, 0.28307393193244934, -0.43976378440856934, -1.6523970365524292, -1.2320412397384644, 0.7019224166870117, 0.9384133815765381, -0.07637488096952438, -0.2611926794052124, -0.37771522998809814, -0.6192559599876404, 2.2328362464904785, -0.3288443982601166, 2.5075273513793945, 0.500408947467804, 0.16103708744049072, -1.4198004007339478, 0.6890835165977478, -2.5805177688598633, 1.8570958375930786, -1.637821078300476, -1.6349213123321533, 1.545352816581726, -0.4158315658569336, -1.0867927074432373, -0.2968516945838928, -0.811197817325592, 0.1166091039776802, 0.4376329183578491, 0.5986740589141846, 1.030510425567627, 0.5469560623168945, -0.731364369392395, -0.025098513811826706, 0.4722471833229065, -2.239588737487793, 1.74622642993927, 0.3991098701953888, -0.4002895951271057, 0.32635942101478577, 0.07228240370750427, 0.3444550931453705, 0.14211954176425934, 0.12806665897369385, -0.3381586968898773, -0.6655581593513489, 0.5135934948921204, -1.6624467372894287, -0.3889692425727844, -0.5159875154495239, 2.2276322841644287, 0.6244217157363892, 0.26965993642807007, 0.046092428267002106, -0.5404162406921387, -0.03224710002541542, -0.8047503232955933, -0.09988489747047424, 0.008881546556949615, 1.1623016595840454, -0.7061434984207153, 0.14823490381240845, -0.34869682788848877, 0.9575954079627991, -0.6704601049423218, 0.36626407504081726, -1.0017857551574707, 1.6652326583862305, 0.020140638574957848, -0.032401978969573975, 0.3884904980659485, -0.1853039413690567, 0.06894855201244354, -0.9251995086669922, -0.16115403175354004, -1.0141502618789673, 1.6795189380645752, 1.067190408706665, 0.17679527401924133, 1.2573740482330322, 1.1144764423370361, -0.5202160477638245, 1.7140780687332153, -0.040473632514476776, -1.1264885663986206, -0.5065948367118835, 1.2380470037460327, -0.48795098066329956, 0.20752304792404175, 1.383759617805481, 1.2470779418945312, 0.9075180888175964, 0.7253278493881226, 0.03877631574869156, -0.7042038440704346, 1.1424839496612549, 1.3633748292922974, -0.19571688771247864, 0.066739521920681, -1.6221576929092407, 0.7535601854324341, -0.08211717009544373, 1.292568564414978, -1.7161409854888916, -0.9630372524261475, 1.9438570737838745, -1.2533243894577026, -0.6655123829841614, -0.1685200184583664, 0.6646443009376526, 0.8921919465065002, 0.729533851146698, -0.14991828799247742]",yunet,Facenet,1920,1080,/home/amos/media/tv/modern_family/Modern.Family.S09.1080p.DSNP.WEB-DL.DDP5.1.H.264-CRFW/Modern.Family.S09E21.The.Escape.1080p.DSNP.WEB-DL.DDP5.1.H.264-CRFW.mkv,Modern Family,2009,1442437,9,21,Sarah Hyland,91351.0,0.594
113,552,510,756,792,732,624,636,630,0.912,2352,0,"[-0.7794375419616699, 1.2602094411849976, -0.5902616381645203, -0.6324328780174255, 1.5415632724761963, 0.6313830614089966, 0.5724608898162842, 3.3631837368011475, 0.06412077695131302, -1.4759373664855957, 1.3515552282333374, -0.1392294019460678, -0.5589100122451782, -1.4650989770889282, -0.10171627998352051, 0.3509014844894409, -0.25786009430885315, -0.6692854762077332, -0.7836594581604004, -0.033130425959825516, -0.9506114721298218, 0.7405135631561279, 1.0000144243240356, -0.8417076468467712, -1.476101279258728, 0.2504938840866089, 2.107896327972412, -0.590018093585968, 0.6194653511047363, -0.1336001455783844, -0.8231052160263062, -1.2819092273712158, 1.1764637231826782, -1.5307984352111816, 0.5851471424102783, -0.9234374165534973, 1.3143013715744019, 0.409865140914917, 1.1164963245391846, 1.1558120250701904, -1.564916968345642, -0.6292060017585754, 0.35606083273887634, 0.3167749047279358, 0.6047413945198059, -0.6300188302993774, 0.535251796245575, -1.9823094606399536, 1.1443912982940674, 0.2389560490846634, -1.7495766878128052, 1.9288761615753174, 1.5171369314193726, 0.3509061336517334, -1.0831246376037598, 1.3398226499557495, -0.4491111636161804, 0.550690233707428, 0.7731491327285767, 1.0947933197021484, 0.04186931252479553, 0.04187730699777603, -0.18412858247756958, 0.04908507317304611, -0.5634869933128357, 0.9775963425636292, -0.6895502805709839, 0.7205072045326233, -0.8618121147155762, -1.091436505317688, -1.340198278427124, 0.40851089358329773, -0.18442614376544952, -0.1699705719947815, 1.770184874534607, 1.3541301488876343, -0.6359862089157104, 1.8120806217193604, -0.029075004160404205, -0.20954588055610657, -1.2933087348937988, 1.8445777893066406, -0.4949924349784851, -1.0137913227081299, 1.040543556213379, 0.023416034877300262, -0.17848016321659088, -0.45351487398147583, -0.6581478118896484, 0.6559868454933167, -1.9254337549209595, 0.7739872932434082, -1.2111027240753174, -2.274306058883667, -1.348448395729065, 0.2484072893857956, -3.2903220653533936, -2.519484043121338, 0.2740621268749237, -0.36629727482795715, -0.9368298053741455, -0.9866481423377991, 0.8994539976119995, 1.5050172805786133, 1.621392846107483, 0.4147610664367676, 0.560224711894989, 0.6129504442214966, -0.0693933367729187, 0.6753305792808533, 2.6063122749328613, -1.1550641059875488, 0.040144700556993484, 1.2769255638122559, -0.553355872631073, 1.3918758630752563, -1.0388866662979126, 0.4181132912635803, 1.0210850238800049, 0.15184518694877625, 1.172411561012268, -1.2960870265960693, -1.8151991367340088, 1.1248685121536255, -1.9641103744506836, -0.14268162846565247, -0.3034335672855377, -0.6567931771278381]",yunet,Facenet,1920,1080,/home/amos/media/tv/modern_family/Modern.Family.S09.1080p.DSNP.WEB-DL.DDP5.1.H.264-CRFW/Modern.Family.S09E21.The.Escape.1080p.DSNP.WEB-DL.DDP5.1.H.264-CRFW.mkv,Modern Family,2009,1442437,9,21,Margaret Judson,1695597.0,0.726
114,906,48,1092,318,1008,156,936,150,0.905,2376,0,"[0.13839976489543915, -0.6871939897537231, -0.9668006896972656, -2.159569263458252, -1.1578307151794434, -1.2032887935638428, -1.9704840183258057, 2.0921707153320312, -0.017918642610311508, -0.8244271278381348, -0.3170103430747986, 0.6182900071144104, -0.9258465766906738, 0.08680552244186401, 0.5900830626487732, 0.9056057333946228, -0.4247666895389557, -0.9072845578193665, -1.264337182044983, -0.6214907169342041, 0.730124831199646, -0.45841479301452637, 0.4094923734664917, 0.9353613257408142, -0.8106109499931335, -0.631291925907135, 1.269295334815979, -1.8126415014266968, 0.271237850189209, -1.6388392448425293, -1.1744304895401, 0.3224058747291565, 1.4072400331497192, -1.0237449407577515, -0.14046362042427063, 0.8786331415176392, 0.3966304063796997, -0.9036511182785034, 0.8245894908905029, -0.8508323431015015, -1.9120419025421143, -0.5947323441505432, 0.2408873587846756, -1.2480844259262085, -0.5689937472343445, -0.016344789415597916, 0.006306640803813934, -1.1080348491668701, -2.0383524894714355, -0.5479228496551514, -0.4766009449958801, -2.3886654376983643, 0.4133951961994171, 0.7946347594261169, 0.8843390941619873, -0.22384904325008392, -0.2826352119445801, 0.510073184967041, -0.07413478940725327, 0.5542837381362915, -1.163751482963562, -0.12190504372119904, -1.1838040351867676, -0.05856050178408623, 0.9385772943496704, -0.7191267013549805, -0.04031198471784592, -0.6482910513877869, -1.356610894203186, 0.09355257451534271, 0.20126128196716309, 2.049389362335205, -1.9625930786132812, 0.32745563983917236, 1.530680537223816, -0.6782949566841125, -0.7200051546096802, 0.5102015733718872, 1.18599534034729, -1.8773096799850464, -0.545911967754364, -0.5520616769790649, -0.8395440578460693, -1.1054959297180176, 0.8886291980743408, -0.9324758052825928, -0.7375807762145996, -1.2183103561401367, -0.2116975486278534, -1.9140803813934326, 0.6245948076248169, -0.7473602890968323, -1.4138011932373047, -1.7644977569580078, -0.8999269008636475, 0.8586024045944214, -0.9920182824134827, 0.21733663976192474, 1.2638850212097168, -0.980754017829895, -0.7845298647880554, -1.4144182205200195, 0.9394541382789612, 0.7073715925216675, 1.1428085565567017, -1.7091724872589111, 0.6116056442260742, -0.8031200170516968, 0.0044899433851242065, 1.8241589069366455, 1.468856930732727, -1.667011022567749, 1.0011239051818848, -0.3465420603752136, -1.5418555736541748, -0.2810365855693817, 0.7000845670700073, 2.03908109664917, -0.6575831770896912, 0.6764458417892456, 0.029925916343927383, -0.9729214906692505, 0.21017135679721832, 0.968069851398468, -0.6492377519607544, 0.5108317136764526, -1.320344090461731, -0.5774023532867432]",yunet,Facenet,1920,1080,/home/amos/media/tv/modern_family/Modern.Family.S09.1080p.DSNP.WEB-DL.DDP5.1.H.264-CRFW/Modern.Family.S09E21.The.Escape.1080p.DSNP.WEB-DL.DDP5.1.H.264-CRFW.mkv,Modern Family,2009,1442437,9,21,Mira Sorvino,23931.0,0.608
115,942,78,1128,348,1062,192,984,192,0.932,2400,0,"[-0.6459213495254517, 0.3094616234302521, -0.6744322776794434, -3.3723747730255127, -1.269696593284607, -1.3719956874847412, -1.695715069770813, 2.588503122329712, -0.41313132643699646, -0.9540187120437622, 0.40962016582489014, 0.5743517875671387, -1.5686153173446655, 1.2109168767929077, 0.5836148262023926, 1.6445363759994507, 0.6223345994949341, -2.0632693767547607, -0.8572965860366821, -0.967958927154541, -0.07735799252986908, -0.5512740612030029, -0.8948270082473755, 1.272484540939331, -0.9768087267875671, -0.7391239404678345, 0.9003665447235107, -0.8744734525680542, -0.17555607855319977, -0.905238687992096, -0.8483295440673828, 0.6569599509239197, 2.2998173236846924, 0.32768189907073975, -1.2302290201187134, 1.2116495370864868, 0.5457256436347961, -0.7474818825721741, 0.851836621761322, -0.7238463163375854, -1.7714754343032837, -1.2542444467544556, -0.5774408578872681, -0.9187995195388794, -0.12141825258731842, -0.23777450621128082, -1.224209189414978, 0.08224231004714966, -1.4594000577926636, -0.5081628561019897, 0.11826915293931961, -1.2658119201660156, 0.3293814957141876, 0.4234713315963745, -0.02772551402449608, 0.26578226685523987, -0.7194693088531494, -0.1009504646062851, 0.544281542301178, 0.42492610216140747, -2.620211362838745, 0.8022595643997192, -1.3053059577941895, 1.2311923503875732, 1.6795117855072021, -2.0557823181152344, -0.5130671262741089, -0.8074259757995605, -0.5929128527641296, -0.4444904625415802, 0.035842325538396835, 1.370258092880249, -1.7742176055908203, 0.2808016538619995, 0.2835330665111542, -0.7505518794059753, -0.519478440284729, -1.0301967859268188, 1.1204595565795898, -2.0366671085357666, -0.04296058416366577, -0.262321799993515, -1.943084478378296, -1.5827144384384155, 1.2227472066879272, -1.1557629108428955, -0.8384608030319214, -0.028037995100021362, -1.4080687761306763, -1.0104581117630005, 0.2612510025501251, -0.38628530502319336, -0.009685348719358444, -1.5738904476165771, -0.32860684394836426, -0.025701388716697693, 0.15677808225154877, 0.6837523579597473, 0.528683602809906, 0.43078675866127014, -0.30380529165267944, -1.7547742128372192, 0.45767921209335327, 1.0548375844955444, -0.9988537430763245, -0.761960506439209, 0.08593125641345978, -1.7400691509246826, -1.091067910194397, 1.7269463539123535, 0.5877728462219238, -1.5074082612991333, 0.9386510848999023, -0.23316894471645355, -0.6470826864242554, -1.0146104097366333, 1.9699950218200684, 1.2013516426086426, -0.1456775963306427, 1.402120590209961, -0.09511305391788483, 0.016265854239463806, 0.4671138525009155, 0.7222622632980347, -0.6129059791564941, 0.786803662776947, 0.06400708109140396, 0.8137789964675903]",yunet,Facenet,1920,1080,/home/amos/media/tv/modern_family/Modern.Family.S09.1080p.DSNP.WEB-DL.DDP5.1.H.264-CRFW/Modern.Family.S09E21.The.Escape.1080p.DSNP.WEB-DL.DDP5.1.H.264-CRFW.mkv,Modern Family,2009,1442437,9,21,Mira Sorvino,23931.0,0.78
116,894,54,1086,318,1044,162,948,162,0.924,2424,0,"[-0.6194236278533936, -0.7049659490585327, -0.26897329092025757, -3.0070078372955322, -0.42657122015953064, -2.3015987873077393, -0.3655296564102173, 2.7834646701812744, -0.8979349732398987, -0.4433170258998871, 0.5402271747589111, 0.5247334837913513, -0.7957833409309387, -0.5808546543121338, 0.909570574760437, 1.0727521181106567, 0.4118479788303375, -1.0953370332717896, -1.0942776203155518, -2.1811277866363525, 0.7892653942108154, -1.4954277276992798, -0.08536079525947571, 2.3341784477233887, -1.1978707313537598, 0.04591011255979538, 0.6539753675460815, -0.05140165984630585, -0.8602162003517151, -1.176626205444336, -0.7197592258453369, 1.2049765586853027, 1.6789647340774536, 0.11124592274427414, -0.31669938564300537, 0.5623167753219604, -0.30594882369041443, -0.16220325231552124, 0.8845264911651611, -0.7881563901901245, -1.1389739513397217, -0.7709479928016663, -0.46954110264778137, -1.7573661804199219, 0.33980709314346313, 0.8448807597160339, 0.47324517369270325, -0.06026967614889145, -2.269843816757202, -0.1413499265909195, -1.209124207496643, -0.602674663066864, 0.20751598477363586, -0.14240944385528564, 1.2343285083770752, 1.932181477546692, -0.19173642992973328, 0.25563451647758484, 0.371517151594162, 0.2935585379600525, -1.7994602918624878, -0.12491180002689362, -0.7294448614120483, 0.8309292197227478, 1.3740311861038208, -1.9111645221710205, -0.7948169708251953, -0.42553430795669556, -0.5995058417320251, 0.012534432113170624, 0.6949613690376282, 1.7739702463150024, -1.7341358661651611, 0.8621748685836792, -0.08257482945919037, -1.9178063869476318, -2.132887601852417, -0.5826370716094971, -0.09631991386413574, -1.9513936042785645, -0.06051204353570938, -1.50795578956604, -1.4466115236282349, -2.2229912281036377, 1.715145468711853, -0.23377971351146698, -0.2875719368457794, -0.1534939706325531, -0.39786961674690247, -0.8607600331306458, -0.18947914242744446, -0.2981228232383728, 0.1636805236339569, -0.6087192296981812, 0.9705618023872375, -0.21302923560142517, 0.4487595558166504, 0.5785319805145264, 0.7136130928993225, 0.20338444411754608, -0.5988003015518188, -1.0635743141174316, 0.9492058753967285, -0.13055163621902466, -0.6748501062393188, -1.0038710832595825, 0.28972887992858887, -1.2634459733963013, -0.4382055401802063, 2.3027844429016113, -0.4514530301094055, -0.5444257259368896, 1.10181725025177, -0.23226681351661682, -1.1641695499420166, -0.4309948980808258, 1.5973656177520752, 1.0295770168304443, -0.30978313088417053, 0.16754063963890076, -0.4288063049316406, 1.031928539276123, 0.6532133221626282, 0.14537377655506134, -1.518394947052002, 1.3438607454299927, -0.6671350002288818, -0.387420654296875]",yunet,Facenet,1920,1080,/home/amos/media/tv/modern_family/Modern.Family.S09.1080p.DSNP.WEB-DL.DDP5.1.H.264-CRFW/Modern.Family.S09E21.The.Escape.1080p.DSNP.WEB-DL.DDP5.1.H.264-CRFW.mkv,Modern Family,2009,1442437,9,21,Mira Sorvino,23931.0,0.71
117,918,54,1104,324,1062,156,972,162,0.934,2448,0,"[-0.6201614141464233, -0.8340320587158203, -1.307784914970398, -1.9389034509658813, -0.6024209856987, -1.4629426002502441, -0.9011803865432739, 2.547483205795288, -0.3078059256076813, -0.24542884528636932, 0.7983001470565796, 0.5936946868896484, -1.3499395847320557, -0.3268278241157532, 0.5744300484657288, 2.6431565284729004, 0.4944609999656677, -0.6304519772529602, -0.8188683390617371, -1.2167893648147583, -0.09586212038993835, -0.6908533573150635, 0.08654864877462387, 2.254089593887329, -0.5229523777961731, -1.7690963745117188, 1.0185823440551758, -0.21979233622550964, 0.041056472808122635, -0.6029267311096191, -0.056056998670101166, -0.015908297151327133, 2.7969202995300293, -0.03278638422489166, -1.3595622777938843, 0.712379515171051, -0.28657010197639465, 0.5262851715087891, 0.3131749629974365, -0.19059349596500397, -1.3397260904312134, -1.1154966354370117, 0.2032581865787506, -0.9668861031532288, 0.2261260449886322, 0.3646756410598755, -0.7984574437141418, -0.6205689907073975, -1.3561680316925049, -0.6633331775665283, -0.16275794804096222, -2.140216588973999, 0.6070563793182373, 1.0360541343688965, 0.4004877805709839, 1.2672008275985718, -1.164168357849121, 0.331811785697937, -0.08695469051599503, 0.22540777921676636, -1.9303536415100098, 1.5648348331451416, -1.8650673627853394, 0.4701124429702759, 1.9164859056472778, -1.6784275770187378, -0.39183297753334045, -0.7099781632423401, -1.181891918182373, -0.6230026483535767, 0.2039210945367813, 1.5410412549972534, -0.6948292851448059, 0.9316487908363342, 0.2776202857494354, -0.8869961500167847, -0.8699527978897095, 0.1883188784122467, 1.3472610712051392, -0.8606151342391968, -0.28218337893486023, -0.2963092029094696, -1.1932566165924072, -2.2845959663391113, 0.6327521800994873, -0.3143559992313385, -0.05194525420665741, 0.43448078632354736, -0.5120639801025391, -0.2361508309841156, 1.1876946687698364, 0.6040264368057251, -0.3820129930973053, -0.4459483027458191, -0.0744263082742691, -0.9613543748855591, -0.2937709093093872, -0.04732300341129303, 0.3752879798412323, 0.7371660470962524, -0.7682563662528992, -1.2435379028320312, 0.8347976207733154, 0.6128045320510864, 0.482310950756073, -1.7897140979766846, 0.5893053412437439, -1.3477646112442017, -0.7419429421424866, 1.4103245735168457, 0.4786827564239502, -0.8750052452087402, 0.7656561136245728, -0.39665931463241577, -1.6981582641601562, -1.1389445066452026, 1.982218861579895, 1.984724760055542, -0.17149317264556885, 0.32673242688179016, -0.4635995030403137, 0.5703152418136597, 0.5053310394287109, 1.1063323020935059, -0.5427274107933044, 0.9255601763725281, -0.7861427664756775, -0.2802629768848419]",yunet,Facenet,1920,1080,/home/amos/media/tv/modern_family/Modern.Family.S09.1080p.DSNP.WEB-DL.DDP5.1.H.264-CRFW/Modern.Family.S09E21.The.Escape.1080p.DSNP.WEB-DL.DDP5.1.H.264-CRFW.mkv,Modern Family,2009,1442437,9,21,Mira Sorvino,23931.0,0.712
118,954,84,1134,348,1062,186,984,186,0.925,2472,0,"[0.0923769399523735, -0.40711143612861633, -0.6144500970840454, -3.0386242866516113, -0.9103463888168335, -1.0257810354232788, -1.6747654676437378, 2.49493145942688, -0.1601618379354477, -1.3686827421188354, -0.14967574179172516, 0.3368251323699951, -1.1033707857131958, 0.6998053789138794, 0.5877337455749512, 1.4848283529281616, 0.8446187973022461, -1.225151777267456, -1.01164710521698, -0.998134970664978, -0.28252238035202026, -0.36778196692466736, -0.525314450263977, 1.393534541130066, -0.5514861941337585, -1.127271056175232, 1.2395262718200684, -0.5961551070213318, -0.5356146693229675, -0.5759179592132568, -0.665145754814148, 0.5320053100585938, 2.444404363632202, 0.07234521955251694, -1.4608876705169678, 0.8608830571174622, 1.1395199298858643, 0.009111858904361725, -0.3462805151939392, 0.42199692130088806, -1.79911470413208, -1.2931859493255615, 0.3360881209373474, -0.32984089851379395, -0.3952656388282776, -0.754865825176239, -0.9507263898849487, -0.28165772557258606, -1.1678307056427002, -1.2804772853851318, 0.7207158207893372, -2.055889368057251, 0.25184616446495056, -0.13863343000411987, 0.4656972587108612, 1.1313790082931519, -0.6399657130241394, 0.1182926595211029, 0.06923447549343109, 0.3102274537086487, -2.5013301372528076, 1.2993496656417847, -1.6732741594314575, 1.4070836305618286, 1.0355039834976196, -1.9608123302459717, -0.7614594101905823, -0.17763470113277435, -1.1086857318878174, -1.075016975402832, 0.24706928431987762, 1.4433757066726685, -1.3830673694610596, -0.352456271648407, 0.9061955213546753, -0.1712617725133896, -1.108743667602539, -0.6278048157691956, 0.12446675449609756, -2.1821396350860596, -0.3573661744594574, 0.1745082587003708, -1.9648208618164062, -0.8236322999000549, 1.044417142868042, -1.093233346939087, -0.2174369841814041, -0.2974945902824402, -0.7231706380844116, -1.26029634475708, 0.11281200498342514, -1.0020015239715576, -0.3021308481693268, -1.852081060409546, -0.49561530351638794, -0.1530163437128067, -0.10548309981822968, -0.6763387322425842, 1.4019627571105957, 0.64546138048172, 0.33116358518600464, -1.0406159162521362, 0.3766714334487915, -0.24289004504680634, -0.8679106831550598, -1.8835995197296143, -0.3098193407058716, -2.3869881629943848, -0.11203856021165848, 1.0337918996810913, 0.3517557978630066, -1.398797869682312, 0.7306138277053833, -0.33051618933677673, -1.099624752998352, -0.7748794555664062, 1.4843159914016724, 1.948036551475525, -0.5942495465278625, 1.4180264472961426, 0.29302072525024414, -0.04398548603057861, 0.5878883600234985, 0.6393936276435852, -0.6810981631278992, 1.0459959506988525, -0.37987616658210754, 0.47510209679603577]",yunet,Facenet,1920,1080,/home/amos/media/tv/modern_family/Modern.Family.S09.1080p.DSNP.WEB-DL.DDP5.1.H.264-CRFW/Modern.Family.S09E21.The.Escape.1080p.DSNP.WEB-DL.DDP5.1.H.264-CRFW.mkv,Modern Family,2009,1442437,9,21,Mira Sorvino,23931.0,0.713
119,1002,138,1152,348,1128,216,1056,216,0.92,2496,0,"[-1.5623773336410522, -2.250868797302246, 0.053097277879714966, 2.560041666030884, 1.5326061248779297, 0.49194470047950745, 0.9503183364868164, -1.7822017669677734, -0.11834008991718292, 3.279794931411743, -1.6966040134429932, 0.6658174395561218, 0.6133829355239868, 0.16109736263751984, -0.9515501260757446, 0.7380179166793823, 0.48531603813171387, -1.9221241474151611, -0.51087886095047, 0.5712802410125732, 0.8891156911849976, -0.4755042791366577, 0.7681862115859985, 0.4774910807609558, 0.12468457221984863, 0.3517414629459381, 2.551060914993286, -0.7960646748542786, 2.1320714950561523, 1.1538910865783691, 0.6635544300079346, -0.7940772771835327, -0.40108805894851685, -1.5844732522964478, 1.2621699571609497, -0.07625989615917206, -1.8248043060302734, 0.6394800543785095, -0.5404821038246155, -0.30571043491363525, 0.20666997134685516, 0.10033591836690903, -0.36048102378845215, 1.6808488368988037, 0.822071373462677, 0.08181862533092499, -0.3181806802749634, 0.22950336337089539, -0.9448642134666443, -0.16043563187122345, -1.9873689413070679, 2.0113019943237305, 0.02949649840593338, 0.662913978099823, -1.098203182220459, 0.33193346858024597, 0.6661531329154968, -0.252032995223999, 0.3723771274089813, 0.3487822115421295, -0.21008557081222534, 0.7747038006782532, -0.06606588512659073, -1.3250781297683716, -1.5062642097473145, 0.9278972744941711, 0.7556307911872864, 1.7034246921539307, 0.19699722528457642, 0.8585861921310425, -0.689041793346405, 0.30377131700515747, -0.6061595678329468, 0.18023435771465302, 0.8389266133308411, -0.6119909286499023, 0.8346704244613647, -1.2203510999679565, -0.592151939868927, -0.5339512228965759, -0.05862133204936981, -0.22452384233474731, 0.6136777400970459, -0.03104538470506668, -1.1136877536773682, 0.1461012363433838, 0.14912232756614685, -0.5420173406600952, -0.23439373075962067, -1.059529185295105, -1.1242737770080566, -0.13026583194732666, 1.2884399890899658, 0.5021901726722717, 1.0285184383392334, 0.3510647118091583, 0.46532899141311646, 0.30906084179878235, 0.14957885444164276, 0.7488606572151184, -0.00562705472111702, 1.0855498313903809, -1.3751009702682495, 0.3082084059715271, 1.241331696510315, -0.32371628284454346, 0.07717855274677277, -0.377595990896225, 0.929447591304779, -0.7670422196388245, 0.732136070728302, 0.7425023317337036, 1.2056132555007935, -0.3564947545528412, -0.8884338736534119, 0.5075998306274414, -1.1438913345336914, 1.4889087677001953, -1.2129136323928833, -0.6997612714767456, 2.498056650161743, -0.27039429545402527, -0.00025866925716400146, -1.234805703163147, 1.2382800579071045, 0.42136362195014954, 1.9443973302841187, 0.6912591457366943]",yunet,Facenet,1920,1080,/home/amos/media/tv/modern_family/Modern.Family.S09.1080p.DSNP.WEB-DL.DDP5.1.H.264-CRFW/Modern.Family.S09E21.The.Escape.1080p.DSNP.WEB-DL.DDP5.1.H.264-CRFW.mkv,Modern Family,2009,1442437,9,21,Sarah Hyland,91351.0,0.698
120,564,444,738,690,708,546,642,540,0.901,2496,1,"[-0.1914241909980774, 1.7947602272033691, -0.6434590816497803, -0.6524325609207153, -0.08534332364797592, 1.0243726968765259, -0.6040592193603516, 1.5810643434524536, 0.49529120326042175, -0.9612907767295837, 1.6567809581756592, 0.08783549070358276, -0.872265636920929, -1.5503567457199097, -0.7167892456054688, -0.41636186838150024, -1.0915600061416626, -0.6296782493591309, -0.6964358687400818, 0.08409186452627182, 0.2356889843940735, -0.21442650258541107, 1.079880714416504, -1.3927524089813232, -0.7833261489868164, -1.7136578559875488, -0.6633492708206177, 0.8298636674880981, 0.4515841007232666, -0.7375661730766296, 0.38327786326408386, -1.6122781038284302, 1.2651060819625854, -1.423284649848938, 0.7388197183609009, -0.860049843788147, 0.7822186946868896, 0.011800222098827362, 0.4600509703159332, 1.2581425905227661, -1.238377571105957, 0.11458782851696014, 1.1476422548294067, -0.32654374837875366, 0.3906204402446747, -0.2866382598876953, -0.20644532144069672, -0.43281811475753784, 0.9829527735710144, -0.21495947241783142, -1.6367948055267334, 1.7564254999160767, 1.5103973150253296, 0.3188796043395996, -1.5719197988510132, 2.2005679607391357, 0.11045539379119873, 1.1584004163742065, 0.3606700003147125, 0.5943281054496765, 1.1714153289794922, 1.0495225191116333, -0.738197386264801, 0.8854528069496155, -0.15355873107910156, 1.6387054920196533, 1.0527445077896118, -0.16439935564994812, -0.11685492098331451, -1.3819007873535156, -0.7641228437423706, -0.5779068470001221, 0.19706349074840546, -0.6461005806922913, 0.5722423791885376, 1.192840814590454, 0.3260667622089386, 1.2884552478790283, -0.27245691418647766, -0.29370617866516113, 1.0003544092178345, 1.5705817937850952, 1.2045284509658813, -0.961696982383728, -0.10962118953466415, -1.4997539520263672, -1.0710691213607788, -0.018501296639442444, -0.03458893299102783, 1.0161688327789307, -1.687538504600525, -0.8845442533493042, -1.171286702156067, -0.39517444372177124, -0.7584633231163025, 1.0667005777359009, -3.61969256401062, -1.991215467453003, -0.05146319046616554, 0.4233004152774811, -0.914872944355011, -1.6748466491699219, 0.7258097529411316, 2.0871307849884033, 0.9979379773139954, 0.6563272476196289, 1.53560209274292, 1.5604467391967773, 0.513873279094696, -0.0505925714969635, 2.0394227504730225, -0.5783975720405579, -0.7241197824478149, 2.0476441383361816, -0.6233716607093811, 1.0746386051177979, 0.10952866077423096, -0.25583112239837646, 0.21548330783843994, -0.33432891964912415, 1.5276530981063843, -1.610990285873413, -1.3687951564788818, 0.824938952922821, -0.18968041241168976, -0.732552707195282, 0.21954622864723206, -1.1235707998275757]",yunet,Facenet,1920,1080,/home/amos/media/tv/modern_family/Modern.Family.S09.1080p.DSNP.WEB-DL.DDP5.1.H.264-CRFW/Modern.Family.S09E21.The.Escape.1080p.DSNP.WEB-DL.DDP5.1.H.264-CRFW.mkv,Modern Family,2009,1442437,9,21,Margaret Judson,1695597.0,0.671
121,1056,84,1254,348,1206,186,1110,186,0.926,2520,0,"[-0.6724262237548828, 0.20386767387390137, -0.8392524719238281, -2.187859296798706, -0.9662615060806274, -1.017467737197876, -0.6173137426376343, 2.824434757232666, 0.1512719690799713, -0.8909057378768921, -0.3122793436050415, 1.3439284563064575, -1.0314866304397583, -1.1998080015182495, 0.23022377490997314, 2.2335033416748047, 0.3394804000854492, -1.0651661157608032, -0.9727853536605835, -0.34356585144996643, 0.6481417417526245, 0.662764310836792, -0.9441515803337097, 2.1206181049346924, -1.2557916641235352, 0.14834913611412048, 1.6760553121566772, -0.7970650792121887, 0.23794257640838623, -0.012337475083768368, -1.4361951351165771, 0.7334966063499451, 1.735011100769043, 0.38990429043769836, -0.5989323854446411, 0.09906451404094696, 0.11936309188604355, -0.4044646918773651, 0.6875742673873901, 0.2670976519584656, -1.190443515777588, -1.0349476337432861, -0.6561700105667114, -0.6573178768157959, 0.04817976802587509, 0.769750714302063, 0.027706440538167953, -0.8575396537780762, -1.9287434816360474, -0.7777450084686279, 0.27513980865478516, -0.4009825587272644, 0.9831322431564331, 0.148590087890625, 0.7927906513214111, 0.785757303237915, -0.7378872036933899, -0.3949930965900421, -0.5416611433029175, 0.1553708016872406, -2.1083920001983643, 0.20824305713176727, -1.380570888519287, -0.3276025056838989, 1.84457528591156, -1.337412714958191, 0.3731750249862671, 0.2445613294839859, -1.2156436443328857, -1.5686126947402954, 1.096394658088684, 1.7110964059829712, -1.3572989702224731, 0.6747600436210632, 0.9693999290466309, -0.874768853187561, -1.3890849351882935, 0.18851014971733093, 0.6588827967643738, -1.5936135053634644, -0.5872228741645813, -0.6263018846511841, -1.4914242029190063, -1.5550380945205688, 0.9506524205207825, 0.11763200163841248, -0.4896479845046997, 0.27956295013427734, -0.5433540344238281, -0.6347699165344238, -0.154288649559021, -0.0889785960316658, 0.554218590259552, -0.7563363909721375, 0.20664414763450623, -0.7117939591407776, 1.0325145721435547, 0.0809468999505043, 0.9622901082038879, 0.567852258682251, 0.5346202850341797, -1.3582282066345215, 0.04172161966562271, 1.0760067701339722, -1.6498533487319946, -1.1580185890197754, -0.641887903213501, -1.4442412853240967, -0.9503182768821716, 2.392979621887207, 0.3572872281074524, -0.7057264447212219, 1.9703737497329712, -1.1227924823760986, -0.8811230063438416, -0.7774665355682373, 0.10273486375808716, 1.8494360446929932, 0.8296979665756226, -0.04257770627737045, -0.11297199130058289, 0.5148337483406067, 0.04735974967479706, 0.19342587888240814, -0.9643857479095459, 1.7444019317626953, -0.678281843662262, 0.25176894664764404]",yunet,Facenet,1920,1080,/home/amos/media/tv/modern_family/Modern.Family.S09.1080p.DSNP.WEB-DL.DDP5.1.H.264-CRFW/Modern.Family.S09E21.The.Escape.1080p.DSNP.WEB-DL.DDP5.1.H.264-CRFW.mkv,Modern Family,2009,1442437,9,21,Mira Sorvino,23931.0,0.755
122,918,90,1086,342,1020,192,948,192,0.925,2544,0,"[0.35666123032569885, 0.9839884042739868, -0.05288109928369522, -3.4049956798553467, -0.9798941612243652, -0.6872453093528748, -1.3124045133590698, 3.402047634124756, -0.015760090202093124, -0.824943482875824, 1.3547718524932861, 1.5173746347427368, -1.6356160640716553, -0.19153578579425812, 0.3868686556816101, 1.6064915657043457, 1.0856367349624634, -0.7843111157417297, -0.15529665350914001, -0.5464600324630737, 0.7680106163024902, -0.8432921767234802, -0.39415159821510315, 1.44697904586792, -0.8622201085090637, -0.5869523882865906, 0.1199718713760376, -0.7278024554252625, -0.6984256505966187, -1.8190017938613892, -1.0695812702178955, 0.44907912611961365, 1.808726191520691, -0.5495420694351196, -0.3426440358161926, 1.2924994230270386, 0.46474844217300415, -0.6022819876670837, -0.11493518948554993, -0.23359104990959167, -2.466036558151245, -0.39855366945266724, -0.32022109627723694, -0.25690072774887085, -0.8935649394989014, 0.22230461239814758, -0.4273911118507385, -0.9538613557815552, -1.7084739208221436, -0.6013832092285156, 0.7587841153144836, -1.7129387855529785, 0.57619309425354, -0.5574644804000854, 1.1178526878356934, 1.0512397289276123, -0.45710864663124084, 0.3214363157749176, 0.27453070878982544, 0.0032711923122406006, -1.8354414701461792, 0.9444847702980042, -0.24186202883720398, 0.09700679779052734, 1.6430695056915283, -2.0355887413024902, -0.5679419636726379, 0.03027665615081787, -0.3270181715488434, 0.025071002542972565, 0.44579142332077026, 1.4236295223236084, -2.7986743450164795, 0.18277932703495026, 0.990541934967041, -0.15114864706993103, -1.3513519763946533, 0.23913903534412384, -0.1616470366716385, -1.675701379776001, 0.25288519263267517, -1.3083771467208862, -2.178894519805908, -2.22763729095459, 1.4693937301635742, -0.5700988173484802, -0.9300108551979065, -0.4498806595802307, -0.4320063889026642, -1.243649959564209, 0.06923465430736542, -1.0324139595031738, -0.24548374116420746, -1.205718755722046, -0.791225254535675, -0.03884105384349823, -0.09048280119895935, -0.9297696948051453, 1.5768330097198486, 0.7043547630310059, -0.8585532307624817, -0.5421367883682251, 0.9860788583755493, -0.8286743760108948, -1.1031314134597778, -1.736388921737671, -0.2434466928243637, -1.0549306869506836, -0.3339577317237854, 2.175414800643921, 0.1689666360616684, -0.43645530939102173, 0.9180327653884888, -0.36630839109420776, -1.0867527723312378, 0.20799192786216736, 1.3979086875915527, 1.041762113571167, 0.04220787435770035, 0.7849475741386414, -0.6550686955451965, -0.26419657468795776, 0.4176182150840759, 0.3952651619911194, 0.08658090233802795, 0.24513471126556396, -1.1301296949386597, -0.302965372800827]",yunet,Facenet,1920,1080,/home/amos/media/tv/modern_family/Modern.Family.S09.1080p.DSNP.WEB-DL.DDP5.1.H.264-CRFW/Modern.Family.S09E21.The.Escape.1080p.DSNP.WEB-DL.DDP5.1.H.264-CRFW.mkv,Modern Family,2009,1442437,9,21,Mira Sorvino,23931.0,0.64
123,954,144,1128,384,1062,240,978,240,0.936,2568,0,"[-0.011436805129051208, 0.3607272207736969, 0.14462034404277802, -2.9972259998321533, -0.5348429083824158, -1.2873561382293701, -0.8912768363952637, 2.731013536453247, -0.05748198181390762, -0.5429370999336243, 1.2113120555877686, 1.0387394428253174, -1.757481336593628, -0.06638199836015701, 0.6280304193496704, 1.9865179061889648, 0.9625259637832642, -1.1522339582443237, -1.1065025329589844, -0.5115890502929688, 0.17353463172912598, -0.6772411465644836, -0.40858539938926697, 1.5571943521499634, -0.6094932556152344, -0.28289732336997986, 0.9463814496994019, -0.5006482601165771, -0.5262277722358704, -0.8864654898643494, -0.6143513917922974, 0.2573183476924896, 2.0499722957611084, -0.3987141251564026, -1.2807470560073853, 1.3703199625015259, 0.5587442517280579, -0.21124526858329773, 0.05119305104017258, -0.31369277834892273, -1.99259352684021, -0.7733346819877625, -0.7334530353546143, -0.8836054801940918, -0.35050293803215027, 0.01664809137582779, -1.300681710243225, -0.8391695022583008, -1.1805459260940552, -0.5847963094711304, 0.5981327891349792, -2.2910118103027344, 0.9761227965354919, -0.8943256735801697, 0.5626590251922607, 0.8848515152931213, 0.12635941803455353, 0.4273858964443207, 0.735382616519928, -0.1792871356010437, -2.4230995178222656, 0.6683057546615601, -0.5470165014266968, 0.9872577786445618, 1.3832505941390991, -2.0793750286102295, -0.19173437356948853, -1.023106336593628, -0.3238646388053894, 0.3137250244617462, 0.6322168111801147, 1.5388038158416748, -2.031472682952881, 0.9005371928215027, 0.5645209550857544, -0.8816901445388794, -1.210480809211731, 0.21550007164478302, 0.08644566684961319, -1.0664070844650269, -0.6465370655059814, -1.0833609104156494, -2.0535051822662354, -1.9943759441375732, 1.2010622024536133, -0.37569460272789, -0.5185133218765259, -0.5072500705718994, -1.009748935699463, -0.7539575695991516, 0.312212735414505, -0.7603223323822021, -0.2895338833332062, -0.6211718320846558, -0.6508680582046509, -1.0252033472061157, -0.04292096942663193, -0.23046207427978516, 1.0195140838623047, 0.23430900275707245, -0.7703380584716797, -1.1163872480392456, 0.8020496964454651, -0.37966930866241455, -0.6867648363113403, -1.1416394710540771, -0.5216649174690247, -1.9245725870132446, -0.8267102241516113, 2.6417806148529053, 0.41328299045562744, -0.2830662131309509, 1.061782956123352, 0.2530971169471741, -0.38566723465919495, 0.14934717118740082, 1.605466365814209, 0.5021443367004395, -0.5313533544540405, 1.136336088180542, 0.1463659405708313, -0.42411118745803833, -0.04155100882053375, 0.010324177332222462, -1.2404903173446655, 0.6025673151016235, -0.5760352611541748, -0.20474861562252045]",yunet,Facenet,1920,1080,/home/amos/media/tv/modern_family/Modern.Family.S09.1080p.DSNP.WEB-DL.DDP5.1.H.264-CRFW/Modern.Family.S09E21.The.Escape.1080p.DSNP.WEB-DL.DDP5.1.H.264-CRFW.mkv,Modern Family,2009,1442437,9,21,Mira Sorvino,23931.0,0.684
124,948,138,1122,378,1068,234,978,234,0.936,2592,0,"[-0.2650589346885681, 0.9326488971710205, 0.27188730239868164, -3.3064444065093994, -0.3871099352836609, -0.7740559577941895, -0.3626313805580139, 2.47666335105896, 0.4506664574146271, -0.19582243263721466, 1.753691554069519, 1.2030597925186157, -1.5812675952911377, -0.7554416656494141, 0.6782222986221313, 2.0988969802856445, 1.0198107957839966, -1.1713531017303467, -1.2488330602645874, -0.8397257328033447, 0.3465729057788849, -0.7934413552284241, -0.8874588012695312, 1.6007364988327026, -1.087164044380188, 0.12177242338657379, 0.5720603466033936, -0.2999187707901001, -0.9130944013595581, -0.8064988255500793, -0.6042122840881348, 0.2861691415309906, 1.4598768949508667, -0.31922459602355957, -0.5465052723884583, 1.2117568254470825, 0.8576065897941589, -0.056624315679073334, 0.4097495973110199, 0.2566332519054413, -1.8177989721298218, -0.9957720041275024, -0.5651609897613525, -0.9701544046401978, -0.8221466541290283, -0.05323217064142227, -0.6060054898262024, -1.1106963157653809, -1.2627986669540405, -0.9379531145095825, -0.03582300990819931, -1.5571815967559814, 0.40879571437835693, -0.5345085859298706, 0.4890976548194885, 0.6413643956184387, 0.2263793796300888, 0.3838496208190918, 0.7115901112556458, -0.5871309638023376, -2.3126370906829834, 0.4040575623512268, -0.11329314112663269, 0.5425770282745361, 1.7986650466918945, -1.4626972675323486, -0.05148612707853317, 0.367348313331604, -0.10019679367542267, 0.3051392138004303, 0.8222912549972534, 1.4073799848556519, -2.0325028896331787, 0.7155340909957886, 0.6360409259796143, -0.17682893574237823, -1.2241266965866089, 0.0022028684616088867, -0.6422556042671204, -0.9026622772216797, -0.3701169490814209, -1.5265570878982544, -2.4610421657562256, -2.1169631481170654, 0.8595566153526306, -0.1095474436879158, -1.1764143705368042, -0.17327171564102173, -1.1665018796920776, -0.28805723786354065, 0.3628896474838257, -1.8742735385894775, 0.6338741779327393, -1.0594301223754883, -0.8643748760223389, -0.30390992760658264, -0.316989541053772, 0.48873597383499146, 1.0723857879638672, 0.4207558333873749, -0.8198980093002319, -1.019152283668518, 0.38183706998825073, -0.730735719203949, -1.5163698196411133, -0.3670470118522644, -1.1110615730285645, -1.9389824867248535, -0.4833817481994629, 3.151583194732666, 0.21769016981124878, 0.256900429725647, 1.2232598066329956, -0.421816349029541, -0.22865721583366394, 0.2264918088912964, 0.638153076171875, -0.41196608543395996, -0.02812352031469345, 1.250693440437317, -0.2681945562362671, -0.35883012413978577, 0.46328336000442505, -0.49411365389823914, -0.816003680229187, 0.7270963191986084, 0.18532879650592804, 0.06140090897679329]",yunet,Facenet,1920,1080,/home/amos/media/tv/modern_family/Modern.Family.S09.1080p.DSNP.WEB-DL.DDP5.1.H.264-CRFW/Modern.Family.S09E21.The.Escape.1080p.DSNP.WEB-DL.DDP5.1.H.264-CRFW.mkv,Modern Family,2009,1442437,9,21,Mira Sorvino,23931.0,0.711
125,798,144,906,288,888,210,834,210,0.911,2616,0,"[-1.4175207614898682, -1.511418104171753, 0.16320869326591492, 3.2410898208618164, 0.5536308884620667, -0.12522651255130768, 0.48325270414352417, -1.8879101276397705, -0.22716495394706726, 1.9366796016693115, -1.6801066398620605, 0.22439873218536377, 1.8945749998092651, 0.5018060207366943, -0.9446166753768921, -0.1573505699634552, 0.5135575532913208, -1.8781614303588867, -1.5349875688552856, 1.3131362199783325, 0.8889366388320923, 0.3691408038139343, -0.07888835668563843, -0.5028564929962158, -0.40386220812797546, 0.3920937180519104, 1.6668881177902222, -0.22802186012268066, 1.7559062242507935, 0.5327072143554688, 0.18526247143745422, -0.4961809515953064, -1.1071860790252686, -1.3637778759002686, 2.1302764415740967, -0.6777646541595459, -1.5147470235824585, -0.530381977558136, 0.24269303679466248, -0.41539615392684937, -0.4950769543647766, 0.8498290777206421, 0.4578169286251068, 1.6205357313156128, 0.8118950724601746, -0.43378373980522156, 0.39848628640174866, 0.2698674201965332, -0.3152812123298645, 0.6051522493362427, -0.9819042086601257, 1.8573044538497925, 0.026390664279460907, -0.5020766854286194, -1.1022149324417114, 0.11468958109617233, 1.8242111206054688, -0.13880373537540436, -0.2483992576599121, 1.0211033821105957, -0.17147532105445862, 0.951283872127533, -0.7769218683242798, -0.9042479991912842, -1.6882433891296387, 0.7848614454269409, 1.03236722946167, -0.0009010154753923416, -0.12402582913637161, 0.09552502632141113, 0.019691102206707, -0.33484947681427, -0.3306604027748108, -0.6118389964103699, 1.6768196821212769, -0.30863437056541443, 1.1683316230773926, -1.1754437685012817, -0.24974703788757324, -1.0844624042510986, 0.9729887843132019, -0.16463319957256317, 1.36931574344635, 0.3205685615539551, -0.5202217698097229, -0.07641366869211197, -0.0780472382903099, -0.536075234413147, 0.08860068023204803, -1.7069745063781738, -1.681371808052063, 0.7990087270736694, -0.045204129070043564, 0.3688458204269409, 1.161089301109314, 1.6386864185333252, -0.1915920227766037, -0.2693897485733032, -0.38651376962661743, -0.5032219886779785, 1.0444775819778442, 0.754288911819458, -1.8161014318466187, -0.33800867199897766, 1.6240744590759277, -0.6067230701446533, 1.2477998733520508, -0.37935298681259155, 1.2556403875350952, -1.2472108602523804, 1.158451795578003, 0.6189937591552734, 0.688823938369751, 0.5249183177947998, -0.9492260217666626, 0.259273499250412, -0.7064568996429443, 1.7740178108215332, -1.5661044120788574, -0.18469014763832092, 2.5722739696502686, -1.6490799188613892, 0.1367959827184677, -1.1497610807418823, 1.1614129543304443, 0.11675988882780075, 1.4844485521316528, -0.23076829314231873]",yunet,Facenet,1920,1080,/home/amos/media/tv/modern_family/Modern.Family.S09.1080p.DSNP.WEB-DL.DDP5.1.H.264-CRFW/Modern.Family.S09E21.The.Escape.1080p.DSNP.WEB-DL.DDP5.1.H.264-CRFW.mkv,Modern Family,2009,1442437,9,21,Sarah Hyland,91351.0,0.721
126,486,342,600,492,582,402,534,402,0.9,2616,1,"[-0.6806200742721558, 2.074352264404297, 0.21554937958717346, -0.8971670269966125, 1.1943163871765137, 0.9385448098182678, 0.9590195417404175, 1.7003730535507202, 0.175735741853714, -1.157463788986206, 2.297149896621704, -0.9269998669624329, -0.5048053860664368, -1.9070624113082886, -0.899193286895752, -0.31160324811935425, -0.5048075914382935, -0.9713355898857117, -0.9780995845794678, -0.20095109939575195, -0.10610312223434448, 0.20295637845993042, 0.7625132203102112, -0.8469566702842712, -1.7795848846435547, -0.4217589795589447, 0.06902032345533371, 0.4997234344482422, 0.4992687702178955, 0.29074329137802124, 0.5131325125694275, -1.4425427913665771, 0.728003978729248, -1.2235313653945923, 0.9250085353851318, -0.9648624658584595, 0.3244740664958954, 0.4477267861366272, 1.03580904006958, 1.7245526313781738, -1.148558497428894, -0.9948606491088867, 0.9616010189056396, 0.11714714765548706, 0.5294762849807739, 0.032679516822099686, 0.38147810101509094, -0.931804895401001, 0.7197203636169434, -0.5583145618438721, -2.1785683631896973, 2.8151159286499023, 1.2346785068511963, 0.3857835531234741, -2.2381608486175537, 2.061260938644409, -0.034131262451410294, 0.747377336025238, -0.061107128858566284, 0.6517782211303711, 0.44585782289505005, 0.38466542959213257, -0.2842559218406677, 0.9700132608413696, -0.691866397857666, 1.1557239294052124, 0.5597399473190308, 0.0062626381404697895, 0.48225098848342896, -1.0734074115753174, -0.46952012181282043, -0.5054880380630493, 0.27612632513046265, -0.4042273759841919, 0.6600157618522644, 1.6739144325256348, -0.047314755618572235, 1.1187098026275635, -0.6564133763313293, -0.008887134492397308, 0.9785714745521545, 1.613213062286377, 0.43209993839263916, -1.3957188129425049, 0.48723310232162476, -0.5571914315223694, -0.8427048921585083, -0.39560890197753906, -0.6102907657623291, 1.016729712486267, -1.9968475103378296, -0.3557455241680145, -0.45178455114364624, -0.5850933194160461, -0.355647474527359, 1.0751965045928955, -3.7207863330841064, -1.7475204467773438, -0.3809399902820587, -0.3278128504753113, -0.804890513420105, -1.2895123958587646, 0.839141309261322, 2.034472703933716, 0.35760897397994995, 1.3300632238388062, 0.9734206795692444, 1.0226188898086548, 0.02120669186115265, -0.3447282314300537, 1.7693548202514648, -0.15316860377788544, -0.5308893918991089, 1.9330840110778809, -0.4925382137298584, 1.4151824712753296, -0.4041588306427002, -0.9601531028747559, -0.06531213968992233, 0.10711081326007843, 1.2549891471862793, -0.7810912132263184, -1.2589647769927979, 0.07815861701965332, -1.3852572441101074, -0.13549703359603882, 0.4507167339324951, -0.8400649428367615]",yunet,Facenet,1920,1080,/home/amos/media/tv/modern_family/Modern.Family.S09.1080p.DSNP.WEB-DL.DDP5.1.H.264-CRFW/Modern.Family.S09E21.The.Escape.1080p.DSNP.WEB-DL.DDP5.1.H.264-CRFW.mkv,Modern Family,2009,1442437,9,21,Margaret Judson,1695597.0,0.793
127,798,156,906,306,888,216,828,216,0.922,2640,0,"[-1.8523457050323486, -1.5084340572357178, 0.3831664025783539, 2.3094749450683594, 0.9532248973846436, -0.7925242781639099, 0.47879523038864136, -1.1753376722335815, -0.4102495610713959, 2.6117215156555176, -1.3010064363479614, 0.3232211768627167, 0.3419974446296692, -0.3305566906929016, -0.8673453330993652, 1.0587654113769531, 0.9662009477615356, -1.7125349044799805, -1.258858323097229, 0.9222922325134277, 0.9267289638519287, -0.5101052522659302, 0.468744158744812, -0.25452306866645813, -0.9953237175941467, 1.219910740852356, 2.2572944164276123, 0.3425471782684326, 1.5523145198822021, 1.7387442588806152, 0.40319082140922546, -0.2249951809644699, -0.42382723093032837, -1.2884937524795532, 2.144962787628174, -0.1067209541797638, -1.9402252435684204, -0.11557463556528091, 0.5835875272750854, 0.9252068996429443, -0.8646306395530701, -0.2696792185306549, -0.1506340503692627, 1.5855293273925781, 2.0789997577667236, 0.28540492057800293, 0.3239140212535858, 0.14816471934318542, -0.39412009716033936, 0.18593423068523407, -1.5500882863998413, 2.0829997062683105, 0.42272165417671204, 0.21629978716373444, -1.2850031852722168, -0.024071823805570602, 0.8111838698387146, 0.33532068133354187, 0.5713372826576233, 1.3171168565750122, 0.032027676701545715, 0.47291135787963867, -0.9414374828338623, -1.709499716758728, -1.382500171661377, 0.5627255439758301, 1.1501473188400269, 0.1910495012998581, 0.4927145838737488, 0.4541003406047821, -0.3203089237213135, -0.7211805582046509, 0.5881831645965576, -0.28596097230911255, 1.7815138101577759, -0.4906900227069855, 1.4829168319702148, -0.9041249752044678, 0.215669184923172, -0.97487473487854, 0.4944915473461151, -0.4139368236064911, 1.2905329465866089, -0.799861490726471, -1.4366247653961182, 0.5358248949050903, -0.7661118507385254, -0.8510780930519104, 0.5499324798583984, -0.4234722852706909, -1.9975489377975464, 1.0352535247802734, -0.27553972601890564, -0.08604404330253601, 1.1521599292755127, 0.9383402466773987, -0.5804316997528076, -0.3850044310092926, -1.0518836975097656, 0.5869791507720947, 0.7717681527137756, 0.8574373722076416, -1.8849833011627197, 0.17701509594917297, 1.4025894403457642, -0.29826611280441284, 1.0987591743469238, 0.21257199347019196, 0.7317947149276733, -0.3194560110569, 1.0655066967010498, 0.8448696732521057, 0.40435791015625, 0.26954537630081177, -0.3617854416370392, 0.31779175996780396, -0.8503947257995605, 0.9048592448234558, -1.1582422256469727, -1.34955894947052, 2.9039714336395264, -1.5153480768203735, -0.8303678631782532, -1.6805506944656372, 0.4806678891181946, 0.07379599660634995, 2.114314317703247, -0.24580952525138855]",yunet,Facenet,1920,1080,/home/amos/media/tv/modern_family/Modern.Family.S09.1080p.DSNP.WEB-DL.DDP5.1.H.264-CRFW/Modern.Family.S09E21.The.Escape.1080p.DSNP.WEB-DL.DDP5.1.H.264-CRFW.mkv,Modern Family,2009,1442437,9,21,Sarah Hyland,91351.0,0.714
128,492,402,606,552,588,462,534,462,0.902,2640,1,"[-1.040263056755066, 1.3263744115829468, -0.8579989671707153, -0.7733145952224731, 1.5001846551895142, -0.18017777800559998, 1.2174040079116821, 2.988205671310425, -0.4339129626750946, -1.4856669902801514, 2.498850107192993, -0.34466552734375, 0.3941813111305237, -1.974701166152954, -0.19983252882957458, 1.573826551437378, -0.7226028442382812, -0.48337602615356445, -1.4577821493148804, -0.22618000209331512, -1.1611220836639404, 0.8315444588661194, 1.4022496938705444, -0.37089675664901733, -1.254181981086731, -0.1265539824962616, 0.5044273138046265, 0.9583992958068848, -0.2548215985298157, -0.5649095177650452, 0.17960000038146973, -1.7737263441085815, 1.020408034324646, -0.6319568753242493, 0.48431631922721863, -0.1441321074962616, 1.0924022197723389, 0.7357261776924133, 0.11174183338880539, 1.392601490020752, -1.4134868383407593, -0.0934126079082489, 1.3159842491149902, -0.4474242627620697, 0.4749194383621216, -0.47404494881629944, -0.23085401952266693, -1.324353575706482, 1.3610529899597168, -0.4861796200275421, -1.4225008487701416, 1.5327991247177124, 0.553307056427002, 0.8116260766983032, -1.4580124616622925, 1.5671569108963013, -1.0164180994033813, 1.73363196849823, -0.7321042418479919, -0.011276040226221085, 0.06673234701156616, 1.0216777324676514, -0.5615927577018738, 1.4842493534088135, -0.17006537318229675, 0.8344491720199585, -0.4315332770347595, 0.47339141368865967, 0.1912122368812561, -0.1778460592031479, 0.9784222841262817, 0.8127750158309937, -0.45683830976486206, 0.7752170562744141, 1.3070908784866333, 0.9423984289169312, -0.8708772659301758, 2.666203498840332, -0.12365429103374481, 0.5951797962188721, -0.4369048476219177, 2.13045597076416, 0.18828287720680237, -1.7500264644622803, 0.2172800600528717, 0.28921595215797424, -0.45344623923301697, -0.44111311435699463, -1.3799409866333008, 0.14748437702655792, -0.7231311202049255, -0.7672492265701294, -0.27579715847969055, -0.297895610332489, -0.7581641674041748, 0.5507444739341736, -3.516399383544922, -1.1975877285003662, 0.6722184419631958, 0.258059561252594, -1.4887480735778809, -0.7154294848442078, 0.8612419366836548, 1.6063448190689087, 0.08511877804994583, 0.639552891254425, 0.9217433333396912, 0.161851167678833, -1.1908456087112427, 0.6743054986000061, 1.3425198793411255, 0.2693330645561218, 0.6578859090805054, 1.298135757446289, -0.2975658178329468, 2.285769462585449, 0.4292016625404358, -1.0569663047790527, -0.772148847579956, -0.38717952370643616, 1.318277359008789, -0.6247653961181641, -0.42068105936050415, -0.3462982475757599, -2.182586669921875, -0.310060977935791, -0.5059256553649902, -0.9962419867515564]",yunet,Facenet,1920,1080,/home/amos/media/tv/modern_family/Modern.Family.S09.1080p.DSNP.WEB-DL.DDP5.1.H.264-CRFW/Modern.Family.S09E21.The.Escape.1080p.DSNP.WEB-DL.DDP5.1.H.264-CRFW.mkv,Modern Family,2009,1442437,9,21,Margaret Judson,1695597.0,0.691
129,900,216,1002,336,966,264,918,270,0.908,2760,0,"[-0.681894063949585, 0.625253438949585, -0.6145032048225403, -1.991947889328003, 1.0768383741378784, -2.598456382751465, -2.490997552871704, 0.15265600383281708, -0.15059003233909607, -1.0303568840026855, 0.1500164270401001, 0.38104990124702454, 0.08399656414985657, -0.8953666687011719, 0.5169130563735962, -1.6810029745101929, -0.2617246210575104, -0.6781322360038757, -0.9126827716827393, -1.4638783931732178, 0.3426125645637512, -1.6952061653137207, 0.5266047120094299, -0.8465325236320496, -1.026390552520752, -0.3092457950115204, -0.8259750604629517, 0.15388421714305878, -0.8187541961669922, -1.85275399684906, -0.26733267307281494, -0.860863208770752, 1.162865161895752, -0.895794153213501, -1.3808430433273315, 1.866032361984253, 0.10720904916524887, -0.16637197136878967, 0.7355571389198303, -1.0444964170455933, 0.32407230138778687, 0.2875089943408966, 0.8513426780700684, -0.35108354687690735, -0.8420796394348145, 0.44444531202316284, -0.42384687066078186, -0.3159109652042389, -0.53562992811203, -0.9696933031082153, 0.20248810946941376, -1.2047513723373413, -0.6189971566200256, -0.2884574830532074, 0.2755585014820099, -0.5964633226394653, -0.6167598962783813, -0.8455384969711304, 0.86210036277771, 0.34622469544410706, -0.013209577649831772, -2.5147433280944824, -1.6967849731445312, -0.11903572082519531, 0.2153032422065735, -0.5086230039596558, -1.576141119003296, -2.2711856365203857, 0.23966604471206665, 0.5948308706283569, -0.841516375541687, 0.9922571182250977, -1.9986491203308105, -0.9959513545036316, 0.8167392611503601, 0.35899800062179565, 0.6368002891540527, 0.9339442253112793, 0.7774414420127869, -1.4328693151474, -0.3723594844341278, 1.6869210004806519, 0.9022339582443237, -0.3143314719200134, -0.6918533444404602, 0.5525236129760742, -0.28080421686172485, -0.6270024180412292, -1.6405553817749023, 1.198341727256775, 0.4819605052471161, -0.7528748512268066, -0.40015456080436707, -0.9085708856582642, 0.016179509460926056, -0.6479302048683167, -0.8547771573066711, 0.4569019675254822, 0.016516946256160736, -0.2367153912782669, -0.7255235910415649, -2.3160107135772705, 1.4153918027877808, 1.6452192068099976, 0.20937353372573853, -0.0011703334748744965, 0.8286188840866089, 0.8765659332275391, -1.1697911024093628, 1.1232621669769287, 0.6819038391113281, -1.3503741025924683, -1.4451606273651123, 1.7738134860992432, 0.8233847618103027, 0.11741873621940613, 0.6094212532043457, -0.6130004525184631, 0.38033613562583923, 0.05009917542338371, 0.3550352454185486, -1.0042411088943481, -1.2970778942108154, 0.8983266949653625, -1.6004714965820312, -1.6428778171539307, -0.7076980471611023, 0.5505096316337585]",yunet,Facenet,1920,1080,/home/amos/media/tv/modern_family/Modern.Family.S09.1080p.DSNP.WEB-DL.DDP5.1.H.264-CRFW/Modern.Family.S09E21.The.Escape.1080p.DSNP.WEB-DL.DDP5.1.H.264-CRFW.mkv,Modern Family,2009,1442437,9,21,Julie Bowen,31171.0,0.615
130,630,228,732,366,708,294,666,288,0.907,2760,1,"[-2.1539034843444824, 1.0482032299041748, -0.32483312487602234, -0.8104600310325623, 0.07885824143886566, 0.44738584756851196, -1.3628288507461548, -2.076603412628174, 0.2349298894405365, -1.2250159978866577, 0.12774008512496948, 1.213388204574585, -0.42795872688293457, -0.7623796463012695, 1.0208438634872437, 0.15302371978759766, -1.002299427986145, -0.8065237402915955, -0.5004710555076599, 0.19762854278087616, -0.7556381225585938, -0.42901039123535156, -1.1079363822937012, -0.7544146776199341, -0.16002939641475677, 0.6474013924598694, 1.5060184001922607, 0.4328019320964813, -0.4141567349433899, 0.9401934742927551, 1.1333081722259521, 0.2827863395214081, 1.1768271923065186, 0.2775651514530182, -0.580796480178833, 1.270909309387207, 0.11691904813051224, -1.9862489700317383, 0.48523348569869995, 0.5115603804588318, 0.46014001965522766, -0.5313683748245239, -2.9878039360046387, -0.253059446811676, 0.11170756071805954, -2.6276261806488037, 0.05298508331179619, 0.7315655946731567, -0.00239003449678421, -0.7603131532669067, -0.40012234449386597, -0.044898319989442825, 0.3918052315711975, 2.340296983718872, -0.0749179869890213, -0.9690361022949219, 1.0316818952560425, -0.7420423626899719, 0.15662285685539246, -0.45578762888908386, 0.3324340283870697, -2.2026784420013428, 0.4308852255344391, -0.35473889112472534, 1.1860183477401733, 0.0937662124633789, 1.1758079528808594, 1.0121318101882935, -1.2393022775650024, 0.6330980062484741, -1.1278308629989624, -0.32799845933914185, -0.10668957233428955, 0.2932007312774658, -0.0984889417886734, 0.32231491804122925, 1.1380140781402588, 0.8297053575515747, 0.1139819547533989, -0.061660245060920715, -1.5078353881835938, 0.27345266938209534, -0.5429813265800476, 1.6426769495010376, 0.07559378445148468, 1.0366690158843994, 0.14852339029312134, 0.07942895591259003, -1.0951060056686401, 0.5291115045547485, 0.45721232891082764, -1.9094172716140747, 0.33420804142951965, -2.7299742698669434, -0.6221040487289429, 1.2383031845092773, -1.2777053117752075, 0.05202063173055649, 0.18936584889888763, -0.20252245664596558, -1.1176098585128784, 0.5259504318237305, -0.34095293283462524, 0.5847415924072266, 0.6072885990142822, 1.078237533569336, -2.3558096885681152, 1.085525393486023, 1.3447284698486328, -0.15936914086341858, -1.4617533683776855, -0.6024550795555115, -0.30282941460609436, -0.5468636751174927, 1.1463934183120728, 1.3002973794937134, -1.2380043268203735, -1.3143104314804077, 1.0793166160583496, 0.7423111200332642, 0.2521069645881653, -1.0571873188018799, 1.0282498598098755, -0.8617057204246521, 2.735635757446289, -1.1560553312301636, 1.3427159786224365, 2.018186569213867]",yunet,Facenet,1920,1080,/home/amos/media/tv/modern_family/Modern.Family.S09.1080p.DSNP.WEB-DL.DDP5.1.H.264-CRFW/Modern.Family.S09E21.The.Escape.1080p.DSNP.WEB-DL.DDP5.1.H.264-CRFW.mkv,Modern Family,2009,1442437,9,21,Nolan Gould,147710.0,0.854
131,1182,132,1284,270,1260,186,1212,186,0.911,2832,0,"[1.0001206398010254, -0.6102501153945923, -0.4702689051628113, -1.239073395729065, -1.98861563205719, -0.47364529967308044, 0.3699228763580322, -1.0818181037902832, -1.0959030389785767, 0.07965199649333954, -0.16332034766674042, -1.09931480884552, -0.2794436812400818, -0.6500756740570068, 0.007217824459075928, 0.7056096196174622, -0.3634727895259857, -0.9448087215423584, 1.0171656608581543, 1.2257914543151855, 0.5309263467788696, 0.30313414335250854, -0.013803426176309586, 0.8818836212158203, 1.7886755466461182, 0.623765230178833, 0.2752828001976013, 0.8277888894081116, 0.6619539856910706, 0.0020652562379837036, -0.6988672018051147, 1.148879885673523, -0.5228915810585022, 0.34892725944519043, 0.5440627932548523, -0.7107202410697937, -0.28597861528396606, -0.46147316694259644, 1.2079048156738281, -0.1661708801984787, -0.09323704242706299, 0.6310667991638184, 0.41488292813301086, -1.234670639038086, -0.30085301399230957, -0.8158186078071594, 0.39277374744415283, 0.8609122037887573, -2.1763765811920166, 0.8473974466323853, -0.7066970467567444, 0.8349317312240601, 0.6875359416007996, 0.8283759355545044, -1.5320863723754883, -0.0347617082297802, 0.5165624618530273, 0.7586361169815063, -1.1788978576660156, 0.3951374292373657, 1.8005229234695435, -0.46541547775268555, -0.8199931383132935, 1.2379496097564697, 0.17725330591201782, 1.1048882007598877, 2.181255578994751, 0.6544300317764282, 0.3360907733440399, 0.6363528966903687, 0.7954823970794678, -0.8565425872802734, 0.9230340719223022, -0.5901365280151367, 0.1639358252286911, -0.2354201078414917, 1.5341507196426392, -0.03622223064303398, 0.17333075404167175, -0.7168396711349487, -0.30716195702552795, 0.21660545468330383, 0.3975295126438141, 0.4477153420448303, 1.5751423835754395, -0.8224279880523682, 1.237255573272705, -2.4046847820281982, 0.033915698528289795, -0.18589414656162262, 0.24237924814224243, -1.2598280906677246, 0.011128738522529602, 0.5285268425941467, 0.6537249088287354, 0.00013525434769690037, -0.39325299859046936, 0.4681285321712494, -2.405040740966797, -0.8368786573410034, 1.0000718832015991, 0.7978927493095398, 1.3901379108428955, 0.29565727710723877, -0.8574135899543762, 0.33056968450546265, -0.3681049048900604, 0.09435023367404938, -0.37126263976097107, 0.09812167286872864, -0.1559019237756729, 0.6665576696395874, 1.4700015783309937, 0.02222951501607895, -0.35034507513046265, -0.5098890662193298, -1.162470817565918, 1.0300660133361816, -0.3968817889690399, 0.21635125577449799, 1.4894975423812866, 0.9575258493423462, 0.692664384841919, 0.54466313123703, 1.9355814456939697, -1.2091176509857178, 0.6139199733734131, 0.8499371409416199]",yunet,Facenet,1920,1080,/home/amos/media/tv/modern_family/Modern.Family.S09.1080p.DSNP.WEB-DL.DDP5.1.H.264-CRFW/Modern.Family.S09E21.The.Escape.1080p.DSNP.WEB-DL.DDP5.1.H.264-CRFW.mkv,Modern Family,2009,1442437,9,21,,,
132,732,114,942,384,870,204,774,204,0.912,3120,0,"[0.40114864706993103, -1.0433478355407715, 0.8061557412147522, 0.5948672294616699, 1.1043426990509033, -0.7272298336029053, -0.7791544795036316, 0.7438578009605408, -1.4412908554077148, -0.32529017329216003, -1.0236711502075195, 0.9201591610908508, -0.8060199618339539, -0.3132273256778717, 0.5653948783874512, -0.7753796577453613, 1.5483201742172241, -0.0017293468117713928, 0.48786184191703796, -1.3146452903747559, -1.3223670721054077, -0.7458729147911072, -0.42322349548339844, 0.22862902283668518, 2.0203497409820557, -1.3724921941757202, -0.2918362319469452, 4.1103291511535645, 1.6942976713180542, -0.6515039801597595, -0.16775842010974884, 1.549798846244812, -1.45909583568573, 0.8508068919181824, -2.0890378952026367, -1.4651199579238892, -0.1294194757938385, -0.42041346430778503, -2.1486175060272217, -0.6683108806610107, -0.7450118064880371, -0.1400665044784546, -0.1950300931930542, 2.2270286083221436, 0.3478420078754425, -0.3661773204803467, 0.6191932559013367, -1.4279876947402954, 0.7719929814338684, 0.4994261860847473, -0.4654995799064636, -0.4570089280605316, -0.1494218111038208, 0.30513638257980347, 0.3762296736240387, 0.6417542695999146, -0.7365558743476868, -0.9472472071647644, -0.9769124984741211, 2.138478994369507, -1.5786216259002686, -0.2786943018436432, 1.3456368446350098, -0.3837566077709198, -1.419886589050293, 1.3511887788772583, -0.865846574306488, 0.9054851531982422, 0.7580963969230652, -1.369977593421936, -1.5539031028747559, -0.468166708946228, -0.07518301904201508, 0.9806749224662781, 0.1957848221063614, 1.8866374492645264, -1.0791314840316772, -0.009514480829238892, 1.1431745290756226, 1.8170009851455688, 0.208634614944458, 1.6709102392196655, -0.6400553584098816, -1.2930793762207031, -0.2824001908302307, -0.1776685118675232, 0.26304250955581665, -0.0716133788228035, 1.0018380880355835, 2.276280164718628, 0.9159480929374695, -0.25896134972572327, -1.618976354598999, -1.560827374458313, 1.2689567804336548, -0.3242383301258087, -1.7899446487426758, -1.1611449718475342, 1.532630205154419, 0.6725081205368042, -0.10704665631055832, 0.5380998849868774, 0.06547150015830994, -1.420792818069458, 0.7126627564430237, -0.43931901454925537, -0.7992127537727356, -0.8187562227249146, -0.14660975337028503, -2.2785682678222656, -1.4752130508422852, 0.4524708390235901, -1.1203622817993164, -1.5007960796356201, 1.4945613145828247, -0.30136626958847046, 0.18497483432292938, 0.5475456714630127, 0.49909675121307373, -0.22715593874454498, 0.7752875685691833, -0.03104405477643013, 0.2445797622203827, 1.337154746055603, 0.4634348154067993, 0.5008515119552612, 0.14764399826526642, 0.09626156091690063]",yunet,Facenet,1920,1080,/home/amos/media/tv/modern_family/Modern.Family.S09.1080p.DSNP.WEB-DL.DDP5.1.H.264-CRFW/Modern.Family.S09E21.The.Escape.1080p.DSNP.WEB-DL.DDP5.1.H.264-CRFW.mkv,Modern Family,2009,1442437,9,21,Ed O'Neill,18977.0,0.814
133,1284,126,1446,348,1368,216,1320,216,0.902,3192,0,"[0.6680573225021362, -1.644032597541809, 0.006036495789885521, -0.0631498247385025, 3.0355265140533447, 0.7060902118682861, 0.9284061789512634, 0.9742051362991333, 1.8569741249084473, 0.2430247962474823, -2.0496158599853516, -1.7038657665252686, -0.7052016854286194, 1.7914289236068726, 0.04121012985706329, 0.422921359539032, -1.0014108419418335, -1.6639022827148438, -0.12082231044769287, 0.31504520773887634, -0.3901616334915161, 1.5533182621002197, 0.0898328647017479, 0.7752550840377808, 1.6249488592147827, 1.1193289756774902, 1.4240329265594482, -1.164754867553711, 0.1298760622739792, -0.85548335313797, 0.29528892040252686, 0.18101832270622253, -1.9759653806686401, 0.6416866779327393, -1.573270559310913, 0.43191829323768616, 0.9774397611618042, -1.1697975397109985, 1.3341138362884521, -1.242796540260315, -0.19495190680027008, -0.5156173706054688, -0.6737396717071533, -1.6940624713897705, 0.45124301314353943, 0.1499529480934143, -1.7471003532409668, 0.3032657206058502, -0.6086865663528442, 1.883531093597412, -1.2477927207946777, 0.8657560348510742, -1.8691664934158325, 0.3524436950683594, -0.9905791282653809, -2.8548786640167236, 0.3658032715320587, -0.8093320727348328, 0.07761082053184509, 0.9277304410934448, -0.13728520274162292, -0.68349689245224, 0.5613626837730408, 1.500882863998413, -1.0329722166061401, 0.546699047088623, -0.6774727702140808, -0.047211892902851105, -0.4687120318412781, -0.3745306134223938, -0.18092437088489532, -0.8262677192687988, 0.5480813980102539, 0.45334815979003906, 1.6928350925445557, -0.5831427574157715, -0.19130700826644897, 0.8264216184616089, 0.5073479413986206, 1.95702064037323, -3.4564177989959717, 1.7848749160766602, 0.945580005645752, -0.6703946590423584, -1.156741738319397, 0.6888896226882935, 0.9183281064033508, -0.39639103412628174, 0.4980688989162445, -0.047818373888731, 0.9233283996582031, 0.5476001501083374, -0.8809422850608826, -1.076482892036438, 1.4172219038009644, 0.18125590682029724, -1.96868896484375, 0.6360510587692261, -0.7548536658287048, 0.6179589629173279, 0.037399016320705414, 0.9575299620628357, -1.5299142599105835, -1.1231777667999268, -0.0018447265028953552, -0.5867820382118225, -0.18404830992221832, -0.5168784856796265, -0.20194794237613678, -0.9395906329154968, 0.06945651769638062, -1.83640456199646, 1.840752363204956, -1.6152362823486328, 1.770033836364746, 0.9779547452926636, 0.37959229946136475, 1.6255879402160645, -1.2434965372085571, 0.030340638011693954, 0.31399041414260864, 0.4018692374229431, 0.5506956577301025, -0.5317220091819763, -1.2312768697738647, -0.9555788636207581, 0.38266265392303467, 0.26514360308647156]",yunet,Facenet,1920,1080,/home/amos/media/tv/modern_family/Modern.Family.S09.1080p.DSNP.WEB-DL.DDP5.1.H.264-CRFW/Modern.Family.S09E21.The.Escape.1080p.DSNP.WEB-DL.DDP5.1.H.264-CRFW.mkv,Modern Family,2009,1442437,9,21,Eric Stonestreet,156962.0,0.591
134,726,294,882,492,840,378,774,378,0.91,3216,0,"[0.19313573837280273, 1.1466323137283325, 1.7288615703582764, -1.324736475944519, 0.18646521866321564, 0.03983686864376068, 0.5087549090385437, 0.06946003437042236, 0.413539320230484, 0.8051198720932007, 1.1713840961456299, 0.7525028586387634, 0.10980772972106934, -1.6965810060501099, -0.5648469924926758, 0.9125490188598633, -0.5603808164596558, -1.3198264837265015, -0.9457489252090454, 0.6631102561950684, 1.4420796632766724, 0.9998095631599426, 0.25773629546165466, -0.04295530915260315, 0.2739647626876831, 0.23244008421897888, -0.13757732510566711, 0.26532939076423645, 3.0563464164733887, -1.0867218971252441, -0.21294549107551575, -1.475279450416565, 1.2759464979171753, -0.33979398012161255, 1.6888171434402466, 0.25627273321151733, -2.0708611011505127, 0.8088947534561157, 1.2749090194702148, -0.8492248058319092, -1.5786259174346924, 0.7410711050033569, -1.4220092296600342, 0.3151737451553345, -2.3164210319519043, -0.4721607267856598, -0.7448438405990601, -0.9470016956329346, -2.2355315685272217, 0.09408820420503616, -0.8693950176239014, 1.0874212980270386, 0.7226338982582092, 0.5796580910682678, -0.06623071432113647, 0.6536142230033875, 0.9433067440986633, -0.42904141545295715, -1.5426918268203735, 0.1706002950668335, 0.09684265404939651, -1.1689863204956055, -1.1718337535858154, -1.1690539121627808, -0.03145536035299301, 0.6613564491271973, -0.007028549909591675, -0.5104289650917053, 0.6017601490020752, 0.20004090666770935, -0.5423163175582886, -0.6860674619674683, -1.207985520362854, -0.3864409327507019, 1.4790691137313843, 1.1837871074676514, -0.1260400265455246, 0.038392696529626846, 1.5526937246322632, 0.14979347586631775, 1.7094823122024536, -0.5964094400405884, 0.8060567378997803, -0.6013321876525879, 1.6844383478164673, 0.3395073711872101, 0.9897260665893555, -0.29104241728782654, 0.7025299072265625, 1.2361671924591064, -1.5851452350616455, 1.008924126625061, 0.18307939171791077, -0.6066322326660156, 0.5441563129425049, 1.1828120946884155, -2.737842082977295, -1.7045460939407349, 0.08779552578926086, -2.428548812866211, -0.6997252702713013, 0.3379571735858917, -1.350053310394287, 0.8795872330665588, 1.722899079322815, 0.9630804061889648, 0.7115226984024048, -0.17480972409248352, 0.955912709236145, -0.2967955470085144, 1.760627031326294, 0.28601789474487305, -0.7442219257354736, 0.4277837574481964, 0.27947765588760376, 1.3347924947738647, -0.9667656421661377, 0.0922720804810524, 1.367984652519226, -0.858836829662323, 1.4504703283309937, -0.6626037359237671, -1.3411352634429932, 0.36506879329681396, 1.4868289232254028, 0.2533983290195465, -0.13209949433803558, 0.07567769289016724]",yunet,Facenet,1920,1080,/home/amos/media/tv/modern_family/Modern.Family.S09.1080p.DSNP.WEB-DL.DDP5.1.H.264-CRFW/Modern.Family.S09E21.The.Escape.1080p.DSNP.WEB-DL.DDP5.1.H.264-CRFW.mkv,Modern Family,2009,1442437,9,21,Sofía Vergara,63522.0,0.742
135,1452,78,1626,330,1506,180,1482,180,0.904,3240,0,"[-0.6216206550598145, -2.1842329502105713, -0.21181951463222504, 0.2682591378688812, 1.8217356204986572, -0.27331146597862244, 1.0614705085754395, 0.9490166902542114, -0.0454823337495327, 0.6551781892776489, -1.3358397483825684, -0.655263364315033, -0.37883996963500977, 0.9224556684494019, 0.0964115634560585, 0.4437826871871948, -1.3822453022003174, -2.0025012493133545, -0.3288505971431732, -0.44793063402175903, -1.047668218612671, 0.254073828458786, -0.4675770401954651, 0.5056437253952026, 1.159517526626587, 0.5412962436676025, 2.0993828773498535, -1.09466552734375, -0.8036815524101257, -1.5564430952072144, 0.38642600178718567, 0.9274405241012573, -1.3244893550872803, 0.7046781182289124, -1.702629566192627, 0.39471715688705444, 0.9423178434371948, -1.6498515605926514, 1.1256802082061768, -2.608149766921997, -0.05828200280666351, 1.3941268920898438, -1.0036180019378662, -0.6413289308547974, 0.5988547205924988, -0.24430237710475922, -0.9478057026863098, 0.8572765588760376, -0.8256791234016418, 2.494633197784424, -1.1640808582305908, 1.0095481872558594, -1.1157804727554321, 0.5891736745834351, -0.6651171445846558, -1.816182017326355, 0.39968425035476685, 0.10477897524833679, -0.8354928493499756, 0.2636035084724426, -0.38600674271583557, -0.890491247177124, 0.5023889541625977, 2.1165974140167236, -0.3463468849658966, 0.1712283045053482, -1.1977461576461792, -0.30410850048065186, -0.1294819861650467, -0.32813727855682373, -0.08885395526885986, -1.083680510520935, -1.7504218816757202, 0.6798867583274841, 1.9428422451019287, -1.2100118398666382, -1.5874378681182861, 1.5473434925079346, 0.19780561327934265, 1.4991686344146729, -2.371579885482788, 0.8885538578033447, 0.5398686528205872, -0.5606390237808228, -0.1778014898300171, 0.8191840648651123, 1.0960546731948853, 0.6946921348571777, -1.1628937721252441, -0.5633692145347595, -0.0779508724808693, -0.4309737980365753, -0.09012481570243835, -0.012915410101413727, 1.9098258018493652, 0.9879593849182129, -1.9174861907958984, -0.3080030083656311, 0.19699007272720337, 1.1407347917556763, -1.4558929204940796, 1.4266237020492554, -0.7209333777427673, -1.61032235622406, -0.32087570428848267, -0.9610776305198669, -0.8579582571983337, 0.44715431332588196, -1.0055105686187744, -1.0953147411346436, -0.49442780017852783, -1.253337025642395, 1.6724660396575928, -1.1583585739135742, 0.4278632700443268, 2.5432653427124023, 0.5059119462966919, 0.9244348406791687, -2.4717817306518555, 0.10095834732055664, 0.057965341955423355, -1.1945163011550903, 1.1806219816207886, -0.18677909672260284, -0.7574577331542969, -1.5329439640045166, -0.30771344900131226, 0.5316531658172607]",yunet,Facenet,1920,1080,/home/amos/media/tv/modern_family/Modern.Family.S09.1080p.DSNP.WEB-DL.DDP5.1.H.264-CRFW/Modern.Family.S09E21.The.Escape.1080p.DSNP.WEB-DL.DDP5.1.H.264-CRFW.mkv,Modern Family,2009,1442437,9,21,,,
136,1332,84,1506,318,1452,174,1368,174,0.915,3264,0,"[1.5187398195266724, -0.20769791305065155, -1.5122199058532715, 0.5880129337310791, 2.7983436584472656, -0.34124308824539185, 1.1935056447982788, -0.03268445283174515, 0.783652663230896, -0.20456969738006592, -1.3960636854171753, -1.1469110250473022, -0.03418911620974541, 1.2234137058258057, 0.9396458864212036, 0.5778708457946777, -0.40825992822647095, -2.2028305530548096, -0.23161610960960388, -0.6481472253799438, -1.1981010437011719, 2.422495126724243, -0.2169066071510315, 1.4997695684432983, 1.7316899299621582, 0.8854825496673584, 0.8387211561203003, -0.8089920878410339, 1.8240941762924194, -0.5006099343299866, 0.392078697681427, 0.5246663689613342, -2.295624017715454, 1.8157223463058472, -0.6987775564193726, 0.4176044464111328, 0.37974971532821655, -1.2840684652328491, 0.1370736062526703, -1.7606936693191528, -0.13675038516521454, 0.6057121753692627, -0.9101479053497314, -0.6547606587409973, -0.1811298429965973, -0.025348564609885216, -0.8212345838546753, -0.5709503889083862, -1.2380521297454834, 2.4558463096618652, -1.0156773328781128, 0.37591829895973206, -1.7086100578308105, 0.9848589897155762, -0.8062347173690796, -1.6609666347503662, 0.5752609372138977, -1.498097538948059, -0.2550598680973053, 0.1367529034614563, -1.3137401342391968, -0.9912607073783875, 1.3807791471481323, 0.44900429248809814, -1.3382104635238647, 0.3531337380409241, -0.9490512609481812, -0.25723063945770264, -0.8425654172897339, -1.3880951404571533, 0.3163066804409027, -0.6113736629486084, -0.2569531500339508, 0.5579141974449158, 0.7933322191238403, 0.1386449933052063, -0.700505256652832, 0.526382327079773, 0.5470254421234131, 0.29588329792022705, -1.776836633682251, 2.667036771774292, -0.5206748247146606, -0.7972023487091064, -0.1659390926361084, -0.30697178840637207, 0.5750765800476074, 0.34736090898513794, 1.2219421863555908, -0.11217422783374786, 0.5874497294425964, 0.6031502485275269, -0.0005948580801486969, -1.0512840747833252, 1.627976417541504, 0.644626796245575, -1.2533804178237915, 0.23415236175060272, 0.16380512714385986, 0.1353188008069992, -0.4039563536643982, 0.3716219663619995, -1.2267237901687622, -1.1576721668243408, 0.8794056177139282, -0.21133162081241608, 0.04294363409280777, 0.6968274116516113, 0.00948263704776764, -1.8179737329483032, -0.07953820377588272, -0.9652605652809143, 1.8120394945144653, -1.3911359310150146, 1.6058149337768555, 0.2861625552177429, 0.49643638730049133, 0.2983291745185852, -0.477662593126297, 0.5556066036224365, 0.32005423307418823, 0.5198252201080322, 1.1497066020965576, -0.9107033014297485, 0.004759162664413452, 0.2610708773136139, -0.24239036440849304, -0.9310151934623718]",yunet,Facenet,1920,1080,/home/amos/media/tv/modern_family/Modern.Family.S09.1080p.DSNP.WEB-DL.DDP5.1.H.264-CRFW/Modern.Family.S09E21.The.Escape.1080p.DSNP.WEB-DL.DDP5.1.H.264-CRFW.mkv,Modern Family,2009,1442437,9,21,Eric Stonestreet,156962.0,0.619
137,726,222,876,432,852,300,798,300,0.904,3264,1,"[0.0750284194946289, -0.6853582859039307, 0.6739587783813477, 0.6868974566459656, 0.75026535987854, -1.4457083940505981, -0.3081645369529724, 0.9674987196922302, -0.1273927092552185, 0.2857241630554199, 1.5062719583511353, -0.4310269057750702, 0.018903061747550964, -1.380959391593933, -0.9567135572433472, -0.6616772413253784, 1.5575858354568481, -0.8269342184066772, -1.6062779426574707, 0.6135909557342529, 0.8655565977096558, 0.19931794703006744, -0.022341517731547356, -0.6069931983947754, -0.6422728300094604, 2.33732533454895, 0.4648660719394684, 0.14021006226539612, -0.06435824930667877, -3.298243761062622, -0.966549277305603, 0.4784015417098999, -1.0043857097625732, -2.283224582672119, 1.1659579277038574, 1.8432893753051758, -1.933093547821045, 0.853661298751831, 1.144263744354248, -1.341728925704956, -2.4175031185150146, 0.2830989360809326, 0.45782825350761414, -1.3227593898773193, -0.4749123454093933, -0.16845907270908356, 0.657081663608551, -0.5349708795547485, -1.6051368713378906, 0.012585557997226715, 0.8731374740600586, -1.0649428367614746, -0.16293439269065857, -0.793765127658844, 1.2460185289382935, -0.9066762924194336, 1.5007280111312866, 0.12311078608036041, -0.38164183497428894, 0.07805681973695755, -1.0691875219345093, -2.240893602371216, 0.3602204918861389, -1.274703025817871, 0.004154901951551437, -0.8614217042922974, -0.27312153577804565, -0.9968109130859375, -0.5390028953552246, 2.6877076625823975, 0.08163662999868393, 0.15070337057113647, -3.3852627277374268, 0.6552793979644775, 1.7600523233413696, 0.38942188024520874, -0.550389289855957, 0.9567369222640991, 0.08122146874666214, 0.2882038354873657, 1.0628163814544678, -1.162723422050476, 0.15241900086402893, -1.3756251335144043, 0.018544934689998627, 1.686889886856079, -0.065245121717453, -1.5752729177474976, -0.38810402154922485, -1.9880340099334717, 0.4836145043373108, -0.5631762146949768, -0.3336435854434967, -0.5422312021255493, -0.03145195543766022, -0.4855307340621948, -1.445753812789917, 0.5498682856559753, 0.7508842349052429, -1.8831770420074463, -0.7032487392425537, -0.9859147071838379, 0.2650834023952484, -0.6918981075286865, 1.0610250234603882, -0.5548988580703735, 1.0402954816818237, -0.5571348667144775, 0.5164652466773987, 1.777099609375, 0.9028469324111938, 0.09713442623615265, -0.02810666710138321, 1.5590448379516602, -0.19528767466545105, 0.29322147369384766, -1.1512202024459839, -0.054657161235809326, -0.5552951097488403, 0.16043822467327118, -0.11666156351566315, -0.9931262731552124, -1.151739239692688, 0.26785436272621155, -0.14454685151576996, 0.23799669742584229, -0.6116055250167847, -0.6584843993186951]",yunet,Facenet,1920,1080,/home/amos/media/tv/modern_family/Modern.Family.S09.1080p.DSNP.WEB-DL.DDP5.1.H.264-CRFW/Modern.Family.S09E21.The.Escape.1080p.DSNP.WEB-DL.DDP5.1.H.264-CRFW.mkv,Modern Family,2009,1442437,9,21,Julie Bowen,31171.0,0.691
138,1020,198,1260,528,1158,324,1062,324,0.916,3288,0,"[0.6046196222305298, 1.7048767805099487, 0.6785463690757751, -0.6304412484169006, -0.599064826965332, -1.2623423337936401, -1.1116605997085571, -0.088873490691185, -0.22152140736579895, -0.12027415633201599, -0.0694626197218895, 0.4653594493865967, 1.1963642835617065, 0.3719905912876129, -1.1213064193725586, -0.09665541350841522, -0.5877424478530884, -0.5537164807319641, -0.6040219664573669, 0.2569954991340637, -0.571231484413147, 1.7535808086395264, -0.8483319282531738, 1.4555740356445312, -0.10119226574897766, 0.5536936521530151, -3.8173880577087402, 2.1366934776306152, 1.2721339464187622, -2.2088990211486816, 0.282500684261322, -1.1546630859375, -0.36961376667022705, -0.33363428711891174, 1.654129981994629, 0.5883016586303711, 0.3604152202606201, 0.6951940059661865, 1.1282269954681396, 1.0913969278335571, 0.10284600406885147, 1.404815912246704, -0.2843315303325653, -0.1543503999710083, -1.7496540546417236, 0.7195361852645874, 1.0481575727462769, -0.4075782299041748, -0.9767165184020996, -1.6141777038574219, -0.3401467800140381, 0.15321040153503418, -1.2165738344192505, -1.501688838005066, 0.10532346367835999, 0.5353423357009888, 1.5178325176239014, 1.3819555044174194, 1.5444689989089966, -0.013558115810155869, 2.2345361709594727, -0.9796028137207031, -1.411422848701477, -0.538993775844574, -0.4081994891166687, 1.3275243043899536, 1.119826316833496, 0.6029589772224426, 2.1103246212005615, -0.4077534079551697, -0.4347648322582245, 0.5028533935546875, -1.0282176733016968, 0.41903913021087646, -0.8009654879570007, 1.2714345455169678, 0.5927461385726929, 0.8721064925193787, 0.9921085238456726, -0.5145483613014221, 1.6273475885391235, -2.0507407188415527, 0.6173563599586487, 0.4878169000148773, -1.810378074645996, -1.1681116819381714, 0.35130825638771057, -0.477292001247406, -0.5101674795150757, 0.33006995916366577, 0.8099791407585144, -1.9770193099975586, -0.8667193651199341, -1.29994535446167, 0.3839052617549896, -0.23734150826931, 0.1296175867319107, -0.3827533423900604, 1.2142364978790283, -0.7078095078468323, -1.7794809341430664, 1.3194025754928589, -2.3719143867492676, 0.022003548219799995, -0.502191960811615, 0.7320685982704163, 1.1050606966018677, -1.1164827346801758, -0.0865710973739624, 0.2025013417005539, 0.8359638452529907, 0.6450576186180115, 0.5258352160453796, 0.4648806154727936, 0.309958815574646, 1.5126266479492188, 0.35845956206321716, -1.7593467235565186, 0.22144314646720886, 0.7059599161148071, -0.9637410640716553, 1.0542505979537964, -1.3208208084106445, -1.2604734897613525, 1.5203098058700562, -0.7799763083457947, 0.7406591176986694, -2.2081899642944336]",yunet,Facenet,1920,1080,/home/amos/media/tv/modern_family/Modern.Family.S09.1080p.DSNP.WEB-DL.DDP5.1.H.264-CRFW/Modern.Family.S09E21.The.Escape.1080p.DSNP.WEB-DL.DDP5.1.H.264-CRFW.mkv,Modern Family,2009,1442437,9,21,Ty Burrell,15232.0,0.713
139,504,162,756,516,654,306,552,306,0.92,3312,0,"[0.2969942092895508, 1.6229389905929565, 0.7363957762718201, -0.21950456500053406, -0.9604822993278503, -2.109485149383545, -0.942375123500824, -0.22421294450759888, -1.2086862325668335, -1.0485799312591553, 0.5216615796089172, 0.16772043704986572, 1.7340776920318604, -1.3628710508346558, -0.7787158489227295, 0.26002228260040283, -0.42572182416915894, -0.7778014540672302, 0.31181514263153076, 2.2101993560791016, -0.10462839156389236, 2.360875368118286, -0.13313551247119904, 0.40712136030197144, -0.449092298746109, 1.4617080688476562, -2.7372665405273438, 2.859541416168213, 1.0234997272491455, -1.7024391889572144, -1.3229361772537231, -0.8186285495758057, -0.7688621878623962, -0.5497323274612427, 0.5325491428375244, 1.1510095596313477, 1.8794193267822266, -0.49759674072265625, 1.0260355472564697, -0.3689451813697815, -0.8519108295440674, 1.9350236654281616, -1.5692650079727173, -1.1634997129440308, -0.365651935338974, 1.0262056589126587, 0.8242189884185791, 0.2976919412612915, -0.5483112931251526, -0.10161541402339935, -0.4253966212272644, 0.846222460269928, -1.9200223684310913, -0.2484920173883438, -1.2043471336364746, 1.14254629611969, 1.1533969640731812, 1.8340221643447876, 0.662532389163971, 1.6879292726516724, 1.9984148740768433, -1.2807193994522095, 0.15903761982917786, -0.026392333209514618, -0.4036616384983063, 1.9620672464370728, 2.2178032398223877, 0.5666581392288208, 1.8667857646942139, 0.8897683620452881, 0.22829784452915192, 0.7470947504043579, -1.7232303619384766, 1.2779290676116943, -0.0058184415102005005, 0.6274580359458923, -0.5198249220848083, 0.6364361047744751, 0.44667941331863403, 0.004649259150028229, 0.139626145362854, -1.3551770448684692, 0.9573514461517334, 1.0083448886871338, -0.7398110032081604, -0.6596955060958862, 0.4629618227481842, -0.7937824130058289, -1.0688694715499878, -1.3747146129608154, 0.8740712404251099, -1.516105055809021, 0.5016655325889587, -0.8544029593467712, -0.35170432925224304, -0.6400377154350281, -0.16190092265605927, -0.4077039659023285, 0.365805447101593, -1.1310323476791382, -0.7867400646209717, 0.829281747341156, -0.6770129203796387, 0.06807120144367218, -0.7983149886131287, 0.927432119846344, 0.5016143918037415, -1.1640194654464722, -0.4458274245262146, 1.0147398710250854, 0.2682986259460449, -0.4758579134941101, 0.9440275430679321, 1.1526014804840088, 1.4712437391281128, 1.557122826576233, -0.39739400148391724, -1.1610654592514038, -0.20909196138381958, 1.4577256441116333, -0.004046879708766937, 1.1008307933807373, -0.994948148727417, -1.3285481929779053, 0.8691490888595581, -0.7724701762199402, 0.6806187629699707, -0.991003155708313]",yunet,Facenet,1920,1080,/home/amos/media/tv/modern_family/Modern.Family.S09.1080p.DSNP.WEB-DL.DDP5.1.H.264-CRFW/Modern.Family.S09E21.The.Escape.1080p.DSNP.WEB-DL.DDP5.1.H.264-CRFW.mkv,Modern Family,2009,1442437,9,21,Ty Burrell,15232.0,0.679
140,1650,300,1860,570,1776,396,1680,396,0.906,3312,1,"[-0.6698243618011475, -0.5478970408439636, 0.1229524090886116, -2.285750150680542, -1.2403689622879028, 0.45283594727516174, -0.6503339409828186, 0.9745767712593079, 1.2039504051208496, 0.6230440735816956, 0.40066972374916077, 1.8582732677459717, -0.29913997650146484, -1.0392595529556274, -1.4815007448196411, 1.9350799322128296, -1.260008454322815, 0.33687448501586914, -0.47824007272720337, 0.13893510401248932, 1.6117818355560303, 0.8231701254844666, -0.42769721150398254, 0.6198136210441589, 0.4094923734664917, -1.0957200527191162, -0.2679542601108551, -0.3187533915042877, 2.053941488265991, -0.4492230713367462, 1.6156318187713623, 0.2166876494884491, 2.485424518585205, 0.06808438152074814, -0.43858978152275085, -2.375250816345215, -0.13389739394187927, -0.264849990606308, 1.1748669147491455, -0.9640978574752808, -1.1695996522903442, 0.18295873701572418, -1.0562078952789307, -0.7720018625259399, -0.3416289687156677, 0.1041078269481659, -0.6783043742179871, -0.0769767090678215, -0.9366067051887512, 0.9699530601501465, -0.8584664463996887, 0.26306936144828796, 0.33868807554244995, 0.8576392531394958, 0.9447545409202576, -0.2706861197948456, -0.6718692779541016, -0.36642178893089294, -0.7717113494873047, -0.813973069190979, 0.9182912707328796, 0.37343478202819824, -1.1793560981750488, -0.4059692323207855, 0.6336873769760132, 1.8131664991378784, 0.8051478266716003, -0.38992658257484436, -0.4832768738269806, -2.565945625305176, -1.1863921880722046, -0.26240086555480957, 0.6924012899398804, 0.3923381567001343, -0.11296835541725159, -0.9353978633880615, -0.8335973024368286, -0.22969825565814972, 2.51119327545166, -0.11162145435810089, -0.977715253829956, -0.9747617244720459, 0.1416277289390564, 0.09603636711835861, 0.5188474655151367, 0.2740657329559326, -0.4625011682510376, 0.7210862040519714, 1.417209506034851, 2.348464250564575, -0.5317944288253784, 0.9927014708518982, -0.5964651107788086, 0.5311008095741272, 1.783602237701416, 1.495161771774292, -0.6346867084503174, 0.13248275220394135, -0.22983914613723755, -2.2252259254455566, 0.5213817954063416, -0.5393730998039246, -0.032408133149147034, 0.7031534910202026, 0.17080211639404297, 1.3608663082122803, -0.33034783601760864, 1.337109923362732, -0.254119336605072, -0.05620058625936508, 1.198614239692688, -0.43825167417526245, 0.7457716464996338, -1.4036386013031006, -0.13231465220451355, 1.113759160041809, 0.14854806661605835, -0.06665195524692535, -0.16227063536643982, -2.1168665885925293, -0.757072925567627, 0.3893767297267914, -0.6757344603538513, 1.439824104309082, 0.9202582836151123, -0.30897465348243713, -1.1554056406021118, -1.798612356185913]",yunet,Facenet,1920,1080,/home/amos/media/tv/modern_family/Modern.Family.S09.1080p.DSNP.WEB-DL.DDP5.1.H.264-CRFW/Modern.Family.S09E21.The.Escape.1080p.DSNP.WEB-DL.DDP5.1.H.264-CRFW.mkv,Modern Family,2009,1442437,9,21,,,
141,1098,216,1296,492,1188,330,1122,330,0.928,3360,0,"[0.38769635558128357, 1.4233778715133667, 0.8654056787490845, 0.8095178604125977, -0.29763558506965637, -0.3030967116355896, -1.1999597549438477, 0.06230272725224495, 0.3126094937324524, -0.24684599041938782, 0.8953161239624023, -0.02681143209338188, 1.0920528173446655, -0.12022769451141357, -0.9405122995376587, 0.18158800899982452, -0.4965020716190338, -0.36936652660369873, -1.586386799812317, 1.4716722965240479, -0.07394111156463623, 2.4923131465911865, -0.11966560035943985, 0.7215884923934937, -0.029549848288297653, 1.0422422885894775, -3.010572910308838, 2.5806241035461426, 1.078252911567688, -2.3872430324554443, 0.17526987195014954, -0.9200007319450378, -0.5668690800666809, -0.978729248046875, 2.0664007663726807, 0.24413836002349854, 0.7891541123390198, -0.383504718542099, 0.6221198439598083, 1.303745150566101, -0.3695485591888428, 0.7061179876327515, -0.4084470570087433, -0.9957715272903442, -0.7597087025642395, 0.24138695001602173, 0.3874858319759369, -0.7633452415466309, 0.6969938278198242, -1.2903605699539185, 0.12891371548175812, -0.6790716052055359, -1.0862383842468262, -1.788008689880371, -0.08566261827945709, 0.8587589263916016, 2.833428382873535, 0.7468633055686951, 0.4611867666244507, -0.4844653904438019, 1.472267985343933, -0.11768604815006256, 0.033985599875450134, -0.3360263407230377, -1.3256518840789795, 1.5513591766357422, 2.3577613830566406, 1.3314366340637207, 1.4689478874206543, 0.2191331833600998, -0.34161531925201416, 0.9309422969818115, -1.0077669620513916, 0.6172898411750793, -0.21857623755931854, 0.7678174376487732, 0.3797037601470947, 0.9984022974967957, -0.4382256865501404, 0.7111249566078186, 0.7210835218429565, -2.3621480464935303, 0.6373743414878845, 0.30723056197166443, -1.0244100093841553, -1.1890196800231934, -0.757914662361145, -0.04040524363517761, 0.0051473937928676605, -1.001990556716919, 1.4243314266204834, -2.269310474395752, -0.41438302397727966, -0.3293369710445404, -0.010087326169013977, -0.8558229804039001, 0.16208641231060028, 0.6327165961265564, 0.8708791732788086, -1.6236752271652222, -0.7738326191902161, 0.5554574131965637, -2.198788642883301, -0.3557474911212921, 0.3607039153575897, 0.9597488045692444, 1.0389306545257568, -1.8922208547592163, 0.02415073662996292, 1.5360699892044067, 0.6729407906532288, 1.4781897068023682, 0.7720581293106079, 0.2812495529651642, 0.6850326061248779, 1.4664241075515747, 0.11530856788158417, -1.846045732498169, 0.06009211391210556, 0.4844430983066559, -0.4694921374320984, 0.5131992101669312, -0.2541717290878296, -1.3762998580932617, 2.1028072834014893, -1.4212515354156494, 0.21484582126140594, -0.7908061742782593]",yunet,Facenet,1920,1080,/home/amos/media/tv/modern_family/Modern.Family.S09.1080p.DSNP.WEB-DL.DDP5.1.H.264-CRFW/Modern.Family.S09E21.The.Escape.1080p.DSNP.WEB-DL.DDP5.1.H.264-CRFW.mkv,Modern Family,2009,1442437,9,21,Ty Burrell,15232.0,0.665
142,474,144,666,396,630,246,546,246,0.915,3360,1,"[1.2465596199035645, -0.6207009553909302, -2.284670829772949, 1.6046068668365479, 2.043497085571289, 0.007663767784833908, 1.1668431758880615, 0.8410846590995789, 0.31061825156211853, 0.6979486346244812, -1.2133530378341675, -1.0472407341003418, -0.6450232863426208, 0.9027793407440186, 1.021728277206421, -0.7775689959526062, -0.2555553615093231, -1.367322564125061, -0.5574094653129578, -0.5385905504226685, -1.501236081123352, 1.6530182361602783, -0.502312421798706, 1.4303076267242432, 2.335198402404785, 0.6829441785812378, 1.2105648517608643, -0.26977595686912537, 1.0821735858917236, -1.496888518333435, 1.3817660808563232, 0.9099968075752258, -1.844369888305664, 1.6685117483139038, -0.6519553065299988, -0.3846208453178406, 0.7239992618560791, -1.9128531217575073, 0.13149835169315338, -1.5041289329528809, -0.5291047692298889, 0.8038038015365601, 0.35159599781036377, -1.28913152217865, 0.606245219707489, -0.8578382730484009, 0.0036626309156417847, 0.3994549810886383, -1.118666648864746, 2.3021607398986816, -1.1147773265838623, 0.6083537340164185, -1.7666994333267212, 1.8337708711624146, -0.6002639532089233, -0.9652020335197449, 0.7565540671348572, -0.891589879989624, -0.7731839418411255, -0.6850517392158508, -1.035766839981079, -1.0200679302215576, 1.7840888500213623, 0.40931421518325806, -0.5174567103385925, 0.7070250511169434, -1.5526617765426636, 1.215612769126892, -1.9923856258392334, -1.529707431793213, 0.45929601788520813, -0.977601170539856, 0.2488616406917572, 1.2363338470458984, 0.5776965022087097, -0.3970412611961365, 0.08827492594718933, 0.125382661819458, 0.22504588961601257, 1.56260085105896, -1.846469759941101, 2.4897189140319824, -0.16865840554237366, -0.8530105948448181, 0.10563253611326218, 0.30254215002059937, 0.3232266902923584, 0.6827810406684875, 1.8358632326126099, 0.35869720578193665, -0.5259974598884583, 0.21964311599731445, -0.10909883677959442, -0.1749039590358734, 1.50660240650177, -0.026661576703190804, -1.8431055545806885, 0.6704763770103455, 0.35451740026474, 0.5427519083023071, -0.2135978788137436, 0.5110530853271484, -0.4844917058944702, -1.314119577407837, 0.5258955955505371, -0.12340433895587921, -0.3398239016532898, 0.6774424314498901, 0.47495776414871216, -1.61484956741333, -0.5131673216819763, -0.48208534717559814, 1.6581976413726807, -1.7238147258758545, 1.3282856941223145, 0.4121004641056061, -0.044416770339012146, 0.38344863057136536, 0.507138729095459, 0.34207820892333984, -0.21301673352718353, 0.5227148532867432, 1.1564602851867676, 0.21468456089496613, 0.04294748976826668, 0.8455672860145569, 0.21340353786945343, -0.05485930293798447]",yunet,Facenet,1920,1080,/home/amos/media/tv/modern_family/Modern.Family.S09.1080p.DSNP.WEB-DL.DDP5.1.H.264-CRFW/Modern.Family.S09E21.The.Escape.1080p.DSNP.WEB-DL.DDP5.1.H.264-CRFW.mkv,Modern Family,2009,1442437,9,21,,,
143,1056,174,1266,450,1188,294,1086,294,0.928,3384,0,"[0.8593120574951172, 1.1969157457351685, 0.3779357671737671, -0.008688591420650482, 0.10348702222108841, -0.30835938453674316, -1.6093528270721436, 0.255916029214859, -0.2155206799507141, 0.21118053793907166, 0.2632307708263397, 0.2935696840286255, 1.1004682779312134, -0.1187824159860611, -0.711397647857666, -0.2276778221130371, -0.14963077008724213, -0.8768091797828674, -0.8605436086654663, 0.31964731216430664, -0.9807949066162109, 1.6282037496566772, 0.13047510385513306, 0.8390570878982544, -0.5681992769241333, 1.795934796333313, -2.468364953994751, 2.766270160675049, 1.1516004800796509, -2.1320960521698, -0.1849718689918518, -0.43568336963653564, -0.6002164483070374, -1.2941371202468872, 1.6730159521102905, 0.5431873798370361, 0.7663806080818176, 0.37345829606056213, 0.810314953327179, 0.9868909120559692, 0.05749431252479553, 0.8368979096412659, -0.05635656416416168, -0.41978609561920166, -0.8368133902549744, 0.43508967757225037, 1.111953854560852, -0.8237508535385132, -0.06124768406152725, -1.4762192964553833, 0.1786755621433258, -0.4084680676460266, -1.267075538635254, -1.459097146987915, 0.2190619558095932, 0.9595854878425598, 2.3359668254852295, 0.6664849519729614, 0.8659836649894714, -0.06735310703516006, 1.6164788007736206, -0.7446269989013672, -0.19095587730407715, -0.04529918357729912, -1.2213358879089355, 1.7838592529296875, 1.5027039051055908, 1.061631441116333, 2.05366587638855, 0.09911471605300903, -0.597671389579773, 1.5440526008605957, -1.228131890296936, 1.7686576843261719, 0.021035991609096527, 1.799121379852295, -0.22841036319732666, 0.8218250274658203, 0.2883206903934479, -0.04628131538629532, 0.3013963997364044, -1.2225533723831177, 0.6061149835586548, 0.3933267295360565, -0.9565514326095581, -1.9451210498809814, 0.08262257277965546, -0.3239961266517639, 0.03954591602087021, -0.44281670451164246, 0.26972079277038574, -2.284694194793701, -0.1838996559381485, -0.5974905490875244, 0.31716403365135193, -0.3952447175979614, -0.14608801901340485, 0.8500429391860962, 0.5848031640052795, -1.9564207792282104, -0.9839375019073486, -0.3014077842235565, -2.4346365928649902, -0.3165087401866913, 0.16943156719207764, 0.968022346496582, 0.7222380638122559, -1.1518983840942383, 0.6503403782844543, 1.1698493957519531, 0.8038210272789001, 1.3437193632125854, 0.15506227314472198, 0.552178680896759, 0.4848473370075226, 2.040881633758545, -0.1620410829782486, -2.1292672157287598, 0.17893776297569275, 0.20212961733341217, -0.05460004508495331, 0.6926183700561523, -0.6853408217430115, -0.7479072213172913, 1.495964527130127, -1.2123146057128906, 0.5299603939056396, -2.0512545108795166]",yunet,Facenet,1920,1080,/home/amos/media/tv/modern_family/Modern.Family.S09.1080p.DSNP.WEB-DL.DDP5.1.H.264-CRFW/Modern.Family.S09E21.The.Escape.1080p.DSNP.WEB-DL.DDP5.1.H.264-CRFW.mkv,Modern Family,2009,1442437,9,21,Ty Burrell,15232.0,0.781
144,1056,192,1272,480,1200,312,1098,312,0.94,3408,0,"[0.5489417314529419, 1.2036586999893188, 0.08938253670930862, -0.19948828220367432, -0.4464506208896637, -0.2626796066761017, -1.9029579162597656, 0.41347751021385193, -0.2688494026660919, -0.08418683707714081, 0.382354736328125, 0.8555960059165955, 1.052297830581665, -0.6556429862976074, -0.9652227163314819, -0.00616113469004631, -0.09104570746421814, -0.02496716007590294, -0.10240709781646729, 0.48912549018859863, -1.6705936193466187, 1.988905906677246, -0.6982301473617554, 0.5925984382629395, -0.672692060470581, 1.5187652111053467, -2.39705753326416, 2.362968921661377, 0.7389209270477295, -2.1741421222686768, -0.1343926191329956, -0.6338831782341003, 0.092107392847538, -1.7079697847366333, 1.8798258304595947, 0.9407351613044739, 1.5916160345077515, 0.29371926188468933, 0.5065469741821289, 1.4911633729934692, 0.5388448238372803, 0.8103795647621155, -0.34518668055534363, 0.07609494030475616, -0.2992771863937378, 0.010935399681329727, 0.7352628707885742, -0.37406593561172485, 0.42380911111831665, -1.7215509414672852, 0.08208700269460678, 0.0028897225856781006, -0.9640905857086182, -0.7010887265205383, -0.08883413672447205, 1.3524121046066284, 1.9253572225570679, 0.6424040198326111, 0.09835699945688248, -0.16263869404792786, 2.134040117263794, -0.5980404019355774, -0.4655270278453827, -0.14908243715763092, -0.7128772735595703, 2.4219021797180176, 2.2652151584625244, 0.9974015951156616, 1.8425480127334595, 0.03396514803171158, -0.07325879484415054, 1.3571981191635132, -1.314660668373108, 1.1076242923736572, 0.6463403701782227, 0.6282339096069336, -0.3279293179512024, 1.0539143085479736, 0.2655423879623413, 0.3831774592399597, 0.4521206319332123, -1.4775420427322388, 0.6992515921592712, 0.43474245071411133, -1.1871379613876343, -1.4623403549194336, -0.7282285094261169, 0.09723705053329468, 0.4535692632198334, -0.37072986364364624, -0.31955042481422424, -2.6906630992889404, -0.2730162441730499, -0.7981705665588379, 0.07881024479866028, -0.5172016620635986, 0.30983635783195496, 0.2198774665594101, 0.6652578115463257, -0.9134858250617981, -0.5432416796684265, 0.5377659797668457, -2.1147255897521973, 0.016754446551203728, -0.08382447808980942, 1.4498038291931152, 0.7232367396354675, -1.301917314529419, 0.6312705278396606, 1.1700032949447632, 0.2463793009519577, 1.7855349779129028, 0.28246039152145386, 0.24103370308876038, -0.09564998000860214, 1.52885901927948, -0.7747633457183838, -2.0860276222229004, 0.4046344459056854, -0.23074229061603546, -0.5750765800476074, 0.2951509356498718, -0.29944562911987305, -0.9853125214576721, 1.9593294858932495, -0.7804368138313293, 0.8186684846878052, -1.2139860391616821]",yunet,Facenet,1920,1080,/home/amos/media/tv/modern_family/Modern.Family.S09.1080p.DSNP.WEB-DL.DDP5.1.H.264-CRFW/Modern.Family.S09E21.The.Escape.1080p.DSNP.WEB-DL.DDP5.1.H.264-CRFW.mkv,Modern Family,2009,1442437,9,21,Ty Burrell,15232.0,0.765
145,384,156,582,420,558,258,474,252,0.907,3408,1,"[1.191129446029663, -0.9746522903442383, -2.1069164276123047, 1.2643793821334839, 2.7433719635009766, -0.8872473239898682, 1.451871395111084, 0.8099117875099182, -0.24055474996566772, 1.0051474571228027, -1.9363744258880615, -0.9887353181838989, 0.07103127241134644, 1.4193052053451538, 1.0506049394607544, 0.01703600212931633, -0.7036131620407104, -2.046452522277832, -0.02283545583486557, -0.7424806356430054, -1.988728642463684, 1.616451382637024, -0.7865704894065857, 1.311975359916687, 1.45448637008667, 0.5219568014144897, 1.1137688159942627, 0.010510057210922241, 0.11920233070850372, -0.5696220397949219, 1.0949338674545288, 0.7892988324165344, -2.301665782928467, 2.711960554122925, -1.438653588294983, 0.25710776448249817, 0.27655717730522156, -1.9346613883972168, 0.3049480617046356, -2.1301345825195312, 0.432090163230896, 1.024269700050354, -0.18487411737442017, -0.5209094285964966, 0.24538271129131317, -0.6912696361541748, 0.3876402676105499, 0.2605985999107361, -1.5029667615890503, 2.742072105407715, -1.429905652999878, 1.2601885795593262, -1.9890295267105103, 1.2841026782989502, -0.9602600932121277, -1.7769914865493774, -0.14224061369895935, -0.8434215188026428, -0.42967429757118225, 0.09996534138917923, -1.2919641733169556, -1.2220475673675537, 1.0894274711608887, 0.7948983907699585, -0.23138797283172607, -0.3971080780029297, -2.1478564739227295, 0.333717942237854, -1.1072649955749512, -1.2154251337051392, 0.6994882822036743, -1.3619612455368042, 0.03076101467013359, 0.908890426158905, 0.842453122138977, 0.09929409623146057, -0.21418139338493347, 0.34909629821777344, 0.8638815879821777, 0.9103143215179443, -1.6521556377410889, 2.43113374710083, 0.586183488368988, -0.7819972634315491, 0.01784394681453705, 0.03272394835948944, 0.774013876914978, 1.1193183660507202, 1.3211427927017212, 0.5802243947982788, -0.6651752591133118, 0.3313272297382355, -0.41639578342437744, -0.29713305830955505, 2.3081157207489014, -0.22253182530403137, -1.7614014148712158, 0.09737922996282578, 0.4395115375518799, 1.5862274169921875, -0.31397879123687744, 1.4642647504806519, -1.5241930484771729, -1.6690994501113892, -0.07977696508169174, -0.07662125676870346, 0.2649831175804138, 0.9559136629104614, -0.6997829675674438, -2.244508743286133, -0.5503659248352051, -0.05254095047712326, 1.1821714639663696, -1.5537807941436768, 1.8276206254959106, 0.537615180015564, 0.5774328708648682, 0.19017258286476135, -0.39359062910079956, 0.08187317848205566, 0.525897741317749, 0.5503616333007812, 0.8206712007522583, -0.1865486353635788, -0.45071834325790405, -0.35351818799972534, 0.09744869917631149, 0.030091505497694016]",yunet,Facenet,1920,1080,/home/amos/media/tv/modern_family/Modern.Family.S09.1080p.DSNP.WEB-DL.DDP5.1.H.264-CRFW/Modern.Family.S09E21.The.Escape.1080p.DSNP.WEB-DL.DDP5.1.H.264-CRFW.mkv,Modern Family,2009,1442437,9,21,Eric Stonestreet,156962.0,0.519
146,1086,168,1296,450,1248,288,1158,294,0.909,3432,0,"[0.6476113796234131, 0.4242168366909027, 0.7770698666572571, -0.15389004349708557, 0.01143316924571991, -1.0188157558441162, -1.7790074348449707, 0.05200862139463425, -0.3211384415626526, -0.6512536406517029, -0.29792657494544983, -0.5700517892837524, 0.49941134452819824, -0.41593432426452637, -1.239044427871704, 0.1681147813796997, -0.3478768467903137, -1.1227033138275146, -0.3069133162498474, -0.1928391456604004, -1.618851661682129, 1.8268407583236694, -0.3997294306755066, 1.1982524394989014, -0.4536912739276886, 1.629386305809021, -2.4456398487091064, 2.2577290534973145, 1.692012071609497, -1.1456987857818604, -0.2360580563545227, -1.2292484045028687, -0.6950594782829285, -0.44932281970977783, 0.8156193494796753, 1.9668025970458984, 0.9553965330123901, 1.3690353631973267, 1.2811989784240723, 1.3807034492492676, 0.8346632122993469, 0.6686589121818542, -0.40095260739326477, -0.5863422155380249, -0.3409137427806854, 1.2467405796051025, 0.5786978602409363, 0.7185982465744019, -0.9163856506347656, -1.7279341220855713, -0.5857301950454712, 0.561905026435852, -0.6479605436325073, 0.4143317937850952, -1.0376287698745728, 1.088536262512207, 1.0412495136260986, 0.381835013628006, 0.08983315527439117, 1.1133568286895752, 1.2471718788146973, -1.0549073219299316, -1.654665231704712, 0.41216132044792175, -0.7959478497505188, 2.282820463180542, 1.6853630542755127, 0.6369192004203796, 1.5491204261779785, 0.2592200040817261, 0.6704556345939636, 1.299386978149414, -1.191665530204773, 1.295152187347412, 0.2383820116519928, 1.4651446342468262, -0.26187020540237427, 1.6579809188842773, 0.8284243941307068, 0.33473026752471924, 0.11536934226751328, -1.8290691375732422, 0.9370638728141785, -0.01133536547422409, -0.8311751484870911, -1.6991585493087769, 0.26242008805274963, -0.2619403004646301, 0.0966753363609314, -0.8286195397377014, 0.7917762398719788, -1.348504900932312, 0.3175804615020752, -0.8960941433906555, 0.47331324219703674, 0.018089978024363518, -0.3957236409187317, 0.44749632477760315, -0.006229430437088013, -1.2362251281738281, -0.08200585842132568, 0.6056889295578003, -2.171027183532715, 0.00614376924932003, -0.5076958537101746, 1.86564302444458, 0.6708762049674988, -2.2984695434570312, -0.18378281593322754, 0.37343427538871765, 0.3133992552757263, 1.0110090970993042, 0.05686225742101669, -0.4417104125022888, 0.3901294469833374, 1.4431278705596924, -0.9145638942718506, -1.2507749795913696, -0.43895748257637024, 0.09168477356433868, -0.2722642421722412, 0.4048728942871094, -0.01657726615667343, -1.3056774139404297, 1.392913579940796, -0.46908366680145264, 1.6415780782699585, -0.7782347202301025]",yunet,Facenet,1920,1080,/home/amos/media/tv/modern_family/Modern.Family.S09.1080p.DSNP.WEB-DL.DDP5.1.H.264-CRFW/Modern.Family.S09E21.The.Escape.1080p.DSNP.WEB-DL.DDP5.1.H.264-CRFW.mkv,Modern Family,2009,1442437,9,21,Ty Burrell,15232.0,0.809
147,1074,192,1290,474,1230,306,1128,306,0.921,3456,0,"[0.8998029232025146, 0.5367662906646729, 0.3399864137172699, 0.47485020756721497, 0.35158178210258484, -0.7029098868370056, -1.2393478155136108, 0.09312210977077484, -0.366902232170105, 0.06731843948364258, -0.4987093508243561, -0.1528977006673813, 0.959150493144989, -0.605615496635437, -0.7804371118545532, -0.15329420566558838, -0.5707478523254395, -1.1346538066864014, -0.26979318261146545, 0.39501887559890747, -1.524953842163086, 1.7746901512145996, -0.13097497820854187, 1.8012754917144775, 0.044097013771533966, 2.0303750038146973, -2.0481560230255127, 2.279494285583496, 1.4854034185409546, -1.6688964366912842, -0.2565344274044037, -0.8902668356895447, -0.9910979866981506, -0.3360162377357483, 1.2682877779006958, 0.7478749752044678, 0.7670008540153503, 1.1180583238601685, 1.8086442947387695, 1.3416788578033447, 0.22627665102481842, 0.8045839667320251, -0.43927183747291565, -0.3580946922302246, -0.7199503779411316, 1.2172030210494995, 0.24249523878097534, 0.15356910228729248, -0.3381309509277344, -2.0655486583709717, 0.11227123439311981, 0.49210453033447266, -0.7179235816001892, -0.3391108512878418, -0.32642191648483276, 0.9275778532028198, 1.776247501373291, -0.07444566488265991, -0.13600532710552216, 0.8830922842025757, 1.287832260131836, -0.8218765258789062, -1.1123676300048828, -0.688835084438324, -1.1512266397476196, 2.068297863006592, 1.6161422729492188, 0.6426789164543152, 1.6009962558746338, 0.1969095766544342, 0.5489294528961182, 1.0703234672546387, -1.403028130531311, 1.501792311668396, 0.31251031160354614, 1.287984013557434, -0.4993903636932373, 1.737727403640747, 0.5887561440467834, 0.5838205218315125, 0.7099398970603943, -1.676218032836914, 0.8139537572860718, 0.17637120187282562, -1.1315433979034424, -1.139312744140625, 0.15624652802944183, -0.16040420532226562, 0.04905540496110916, -0.6896352767944336, 0.9583901166915894, -1.6839221715927124, -0.08232150971889496, -0.6253287196159363, 0.5978651642799377, -0.029582802206277847, 0.22752603888511658, 0.2971225082874298, 0.17348746955394745, -1.3482706546783447, -0.6854857206344604, -0.1057564914226532, -2.401700496673584, -0.02304103597998619, -0.47226905822753906, 1.1484034061431885, 0.6180945038795471, -2.4462218284606934, -0.05596475675702095, 0.6210198998451233, 0.20655499398708344, 0.9603925943374634, 0.16352976858615875, -1.0430119037628174, 0.7297911643981934, 1.533995270729065, -1.4892146587371826, -0.9884322881698608, 0.4900883436203003, -0.12430228292942047, -0.27562105655670166, 0.11573494970798492, -0.31685036420822144, -0.969539999961853, 1.4353667497634888, -0.4446125626564026, 1.1471047401428223, -1.1573985815048218]",yunet,Facenet,1920,1080,/home/amos/media/tv/modern_family/Modern.Family.S09.1080p.DSNP.WEB-DL.DDP5.1.H.264-CRFW/Modern.Family.S09E21.The.Escape.1080p.DSNP.WEB-DL.DDP5.1.H.264-CRFW.mkv,Modern Family,2009,1442437,9,21,Ty Burrell,15232.0,0.813
148,276,120,498,408,462,228,372,228,0.92,3528,0,"[1.172245740890503, -0.7964755296707153, -0.8419556617736816, 0.8726140260696411, 1.4945085048675537, -0.6223129630088806, 1.8667880296707153, -0.14585992693901062, 0.381468266248703, 0.45575210452079773, -1.4510160684585571, -1.399222731590271, 0.2748928666114807, 1.16825532913208, 0.8236663341522217, -0.08529068529605865, -1.3331882953643799, -2.135436534881592, -0.21591585874557495, -0.7408336400985718, -1.4455205202102661, 1.5282738208770752, -1.0480501651763916, 1.778627634048462, 1.6530853509902954, 0.9823331236839294, 1.6122297048568726, -0.04502645134925842, 0.2987390160560608, -1.406347393989563, 0.4448608160018921, 1.021702527999878, -2.600233316421509, 2.4722273349761963, -1.6566789150238037, -0.2368900179862976, 0.2821480929851532, -2.2338671684265137, 0.9588983654975891, -1.5105856657028198, 0.3088449537754059, 0.19804728031158447, -0.3637293577194214, -1.2179394960403442, -0.1804143190383911, -0.03559133782982826, -0.5396132469177246, -0.46295809745788574, -0.642044723033905, 1.7870022058486938, -1.2880078554153442, 0.2687031626701355, -1.7309361696243286, 0.827800989151001, -0.6910673975944519, -1.7215933799743652, 0.7919337153434753, -0.5749191641807556, -0.5091044306755066, -0.6110056638717651, -1.7787513732910156, -1.3916652202606201, 1.5117663145065308, 0.577609658241272, -1.0034444332122803, 0.302850604057312, -0.9237622022628784, -0.8990812301635742, -1.2437994480133057, -1.1207753419876099, 0.52139812707901, -1.330367922782898, 1.2151758670806885, 0.28551143407821655, 0.28393223881721497, -0.5082508325576782, -0.7744667530059814, 1.0097509622573853, 0.6675874590873718, 1.485958218574524, -1.3550983667373657, 1.5206964015960693, 0.3258154094219208, -1.2050007581710815, -0.38574931025505066, 0.4746691882610321, -0.004302592948079109, 1.288650393486023, 1.5081137418746948, 0.826650083065033, 1.1288574934005737, -0.35813596844673157, -0.3891235589981079, -0.22460225224494934, 2.298902750015259, 0.2712274193763733, -1.5105596780776978, 0.46831876039505005, 0.5540482401847839, 0.5150812268257141, -0.3134813904762268, 0.8564866781234741, -0.23222112655639648, -0.8926689624786377, 0.37379634380340576, -0.03299090266227722, 0.11682882905006409, 1.2818458080291748, -0.9820379614830017, -1.868901014328003, 0.19924455881118774, -0.725153923034668, 1.2818409204483032, -1.1801841259002686, 1.7969015836715698, 0.4551985561847687, 0.6717739105224609, 0.4471409320831299, -0.11954484134912491, 0.11561501026153564, -0.38291865587234497, 0.20092423260211945, 0.8660162091255188, -0.47287094593048096, -0.74478679895401, 0.24077332019805908, 0.3830011487007141, -0.31202736496925354]",yunet,Facenet,1920,1080,/home/amos/media/tv/modern_family/Modern.Family.S09.1080p.DSNP.WEB-DL.DDP5.1.H.264-CRFW/Modern.Family.S09E21.The.Escape.1080p.DSNP.WEB-DL.DDP5.1.H.264-CRFW.mkv,Modern Family,2009,1442437,9,21,Eric Stonestreet,156962.0,0.624
149,906,132,1110,426,1062,252,972,258,0.911,3528,1,"[-0.63252854347229, 0.58115553855896, -0.4386744499206543, 0.539273202419281, -0.017697762697935104, 0.574148416519165, -2.002110481262207, 0.20122145116329193, 0.627140998840332, -0.2727789580821991, 0.4299044907093048, 0.9948595762252808, -0.11052228510379791, -0.5447150468826294, -0.26863428950309753, -0.17410536110401154, -0.5676603317260742, -0.4420737028121948, -1.2595643997192383, 1.29295015335083, -0.7364987134933472, 0.6966975927352905, 0.4545471668243408, 0.9914758801460266, -1.5941734313964844, 1.7440319061279297, -1.5899567604064941, 1.9832063913345337, 1.439510703086853, -0.9253754019737244, 0.12760138511657715, -0.8291847705841064, -0.04834567755460739, -0.3088834583759308, 0.6440249085426331, 0.5779144167900085, 0.09846466034650803, -1.193545937538147, 0.2000601589679718, 0.7312463521957397, 0.18644332885742188, -0.8162711262702942, -1.1778208017349243, -0.4639330506324768, -0.41427552700042725, 0.07983826100826263, 1.9688514471054077, -0.6021281480789185, -0.6889615654945374, -1.8885958194732666, 0.7381846904754639, -0.9916399717330933, -1.1375020742416382, -0.8599197864532471, 0.1492798626422882, 0.6788823008537292, 1.066041111946106, 1.236656665802002, 1.1306926012039185, -0.6292811632156372, 0.7195931077003479, -0.8587393760681152, 0.008523430675268173, -0.06084718927741051, -0.2968478798866272, 1.8001891374588013, 1.0033631324768066, 2.3830413818359375, 1.6551413536071777, -0.8540185689926147, -0.6179081797599792, 0.04007938504219055, 0.054522596299648285, 1.8621968030929565, -0.11510507762432098, 2.3006651401519775, 0.9926550388336182, 0.8924075365066528, -0.08170118927955627, -0.024015143513679504, -1.6880909204483032, -1.9576847553253174, -0.2808782160282135, 0.46432745456695557, -0.8259662389755249, -1.9597272872924805, 0.12396328896284103, 0.6797319054603577, 0.010291114449501038, -0.43080273270606995, 0.7984330058097839, -2.6530845165252686, 0.061691466718912125, -1.2223796844482422, -0.1514628678560257, -1.0127187967300415, 0.47005632519721985, 1.023301362991333, -0.25602826476097107, -1.1746985912322998, -1.1228383779525757, 0.2524339258670807, -1.3669874668121338, 1.2949572801589966, -0.09357807040214539, 1.0436674356460571, 1.2363078594207764, -1.962118148803711, 0.595486044883728, 1.2751635313034058, 0.9202337861061096, 1.8573061227798462, 0.10282902419567108, -0.8841973543167114, 1.2468419075012207, 1.9735374450683594, -0.6460520029067993, -1.2038064002990723, 1.186880350112915, -0.005792061798274517, -0.9648722410202026, 1.3362396955490112, 0.09606678783893585, -0.198581263422966, 1.731186032295227, -1.6479160785675049, 0.8373363614082336, 0.6461845636367798]",yunet,Facenet,1920,1080,/home/amos/media/tv/modern_family/Modern.Family.S09.1080p.DSNP.WEB-DL.DDP5.1.H.264-CRFW/Modern.Family.S09E21.The.Escape.1080p.DSNP.WEB-DL.DDP5.1.H.264-CRFW.mkv,Modern Family,2009,1442437,9,21,Ty Burrell,15232.0,0.567
150,900,168,1128,462,1056,282,954,282,0.924,3552,0,"[0.22361020743846893, 1.2090506553649902, 0.11395884305238724, 0.8935762643814087, -0.9880390763282776, -0.3851234018802643, -1.1087150573730469, 0.4750119745731354, -0.1764172613620758, -0.3876694440841675, 0.14650923013687134, 0.9570010304450989, 1.7444926500320435, -0.47602012753486633, -0.6054801940917969, 0.4809269905090332, -1.2962470054626465, -0.7211267352104187, -1.2166627645492554, 1.7436203956604004, -1.4112659692764282, 2.5059518814086914, -0.5630212426185608, 0.8379181027412415, -0.6225101947784424, 1.5904573202133179, -1.8172649145126343, 2.6312623023986816, 1.2377679347991943, -1.4649635553359985, -0.25375306606292725, -0.6749391555786133, -0.7378100156784058, -1.0748169422149658, 1.1555347442626953, -0.7816183567047119, 1.3161128759384155, -0.8906858563423157, 0.8652334213256836, 1.140154480934143, -0.04245356470346451, 1.2045581340789795, -1.1059740781784058, -0.7295438051223755, -0.020646126940846443, -0.21770921349525452, 1.4186930656433105, -0.5478553771972656, 0.7108548283576965, -0.9021437168121338, 0.5017768144607544, -0.5735524892807007, -0.7473809123039246, -1.0660338401794434, -0.7689166069030762, 0.21641232073307037, 2.741198778152466, 1.5464569330215454, 0.05998656153678894, -0.03359083831310272, 1.71684992313385, -0.5958995819091797, -0.017966432496905327, -0.29107025265693665, -1.2311571836471558, 1.6431543827056885, 2.350785255432129, 0.8476722836494446, 1.2547509670257568, -0.8580417633056641, -0.37200069427490234, 0.9906049966812134, -0.4996274709701538, 1.579994797706604, 0.0921073853969574, 0.46498191356658936, 0.2679043710231781, 2.067897081375122, 0.6557134389877319, 0.4624367952346802, -0.8440837264060974, -2.303370952606201, 0.6555507779121399, 0.25735366344451904, -1.53447425365448, -1.2457236051559448, 0.24029624462127686, 0.06539289653301239, 0.23538747429847717, -0.8728583455085754, 0.6804490685462952, -2.5148653984069824, -0.5806569457054138, -0.7618018984794617, 0.550483226776123, -0.5560717582702637, 0.3731512129306793, 0.03231039643287659, 0.5196959376335144, -1.8571438789367676, -0.36793994903564453, 1.2641215324401855, -1.6312086582183838, 0.15512268245220184, 0.45802974700927734, 1.190867304801941, 0.3547482192516327, -1.5959869623184204, 0.13969381153583527, 1.7160203456878662, 0.8576596975326538, 1.2488795518875122, 0.6781481504440308, -0.18865488469600677, 0.453544020652771, 2.280263900756836, -0.9515674114227295, -1.6995245218276978, -0.22818639874458313, -0.15035247802734375, -1.124131202697754, 0.4631037414073944, -0.6431712508201599, -0.6451177597045898, 1.7098424434661865, -1.2896679639816284, -0.186189666390419, -1.412350058555603]",yunet,Facenet,1920,1080,/home/amos/media/tv/modern_family/Modern.Family.S09.1080p.DSNP.WEB-DL.DDP5.1.H.264-CRFW/Modern.Family.S09E21.The.Escape.1080p.DSNP.WEB-DL.DDP5.1.H.264-CRFW.mkv,Modern Family,2009,1442437,9,21,Ty Burrell,15232.0,0.695
151,348,162,558,456,522,276,432,276,0.912,3552,1,"[1.1073882579803467, -0.43055418133735657, -1.5148241519927979, 1.0496057271957397, 1.9655101299285889, -0.4828082025051117, 1.7092890739440918, 0.06115083396434784, 0.5549063086509705, 0.7637577652931213, -1.4768935441970825, -1.491830825805664, 0.12806731462478638, 1.4382779598236084, 1.1502282619476318, 0.03424307703971863, -0.750472903251648, -2.2022204399108887, -0.4223867654800415, -1.1101937294006348, -1.8588725328445435, 2.0452136993408203, -1.179744005203247, 1.916149616241455, 2.065711498260498, 0.7157734036445618, 1.7887922525405884, -0.18319666385650635, 0.4374490976333618, -1.1618181467056274, 0.3629990816116333, 0.9895894527435303, -2.4644572734832764, 2.0320191383361816, -0.7358589768409729, -0.3355700671672821, 0.445465624332428, -1.6885334253311157, 0.5588258504867554, -1.030935525894165, -0.16135258972644806, 0.09018100053071976, -0.18100422620773315, -0.9743437170982361, -0.044249825179576874, -0.7764902114868164, -0.5138235092163086, -0.23857411742210388, -0.26052993535995483, 1.6941713094711304, -1.0707160234451294, 0.7524011731147766, -1.730038046836853, 0.8406071066856384, -0.8538405895233154, -1.7462139129638672, 1.1264228820800781, -0.7080439329147339, -0.7613857984542847, -0.7134542465209961, -1.7639929056167603, -1.2258418798446655, 1.3062728643417358, 0.5265149474143982, -0.6394768953323364, 0.20762677490711212, -0.8911652565002441, -0.18419867753982544, -1.3939728736877441, -1.6315333843231201, 0.5521031618118286, -1.2750072479248047, 0.9107952117919922, 0.47028785943984985, 0.26253870129585266, -0.6503422260284424, -0.23013892769813538, 0.6817269325256348, 0.269266277551651, 1.126055359840393, -1.3287384510040283, 2.264446973800659, 0.0076233744621276855, -0.7092984318733215, -0.8346860408782959, 0.4931863844394684, 0.2955183684825897, 0.6232474446296692, 1.121679663658142, 0.6436564326286316, 0.6884151697158813, -0.14372770488262177, -0.07306107133626938, -0.5932947993278503, 2.0183935165405273, 0.5839296579360962, -1.5045928955078125, 0.7193819880485535, 0.4049283564090729, 0.8876314163208008, -0.5459315776824951, 0.6761333346366882, -0.7605604529380798, -1.1284444332122803, 0.3569468855857849, -0.35358673334121704, -0.37923651933670044, 0.9252409934997559, -0.19948656857013702, -1.9896575212478638, -0.17872196435928345, -0.917844831943512, 1.7359174489974976, -1.0827081203460693, 1.5524260997772217, 0.1336682289838791, 0.6799831390380859, 0.47443637251853943, 0.13393345475196838, 0.8715633153915405, -0.3854252099990845, 0.09394398331642151, 0.6555665731430054, -0.46926188468933105, -0.3965662717819214, 1.0511113405227661, 0.48361778259277344, -0.4928852915763855]",yunet,Facenet,1920,1080,/home/amos/media/tv/modern_family/Modern.Family.S09.1080p.DSNP.WEB-DL.DDP5.1.H.264-CRFW/Modern.Family.S09E21.The.Escape.1080p.DSNP.WEB-DL.DDP5.1.H.264-CRFW.mkv,Modern Family,2009,1442437,9,21,Eric Stonestreet,156962.0,0.577
152,906,108,1122,396,1068,222,966,222,0.925,3576,0,"[0.08354051411151886, 1.5519009828567505, -0.07387954741716385, 0.5267524123191833, 0.07762543857097626, -0.8576679229736328, -1.559424877166748, 1.036696195602417, -0.23881888389587402, -0.8123024106025696, -0.8162539005279541, 1.5007132291793823, 0.9233260750770569, 0.14223720133304596, -0.9546598196029663, 0.14725825190544128, -0.16087472438812256, -0.30615469813346863, -0.5438721179962158, 0.8764420747756958, -1.7044477462768555, 2.389955520629883, -1.0511406660079956, 0.3765796422958374, -0.8480108380317688, 1.1944656372070312, -2.9041495323181152, 2.994871139526367, 1.4864546060562134, -1.62843918800354, -0.19123926758766174, -1.0594347715377808, -0.31709352135658264, -1.2513303756713867, 1.184827446937561, -0.2537892460823059, 0.8439663052558899, -0.5844084620475769, 0.7397696375846863, 0.969876766204834, -0.39406126737594604, 1.374788522720337, -1.1168692111968994, -0.10304247587919235, -0.11791251599788666, -0.08284081518650055, 0.9925824403762817, -0.0762144923210144, -0.33238065242767334, -0.2814716696739197, -0.1963409036397934, 0.5136322975158691, -1.0160695314407349, -0.5622652769088745, -0.3956458270549774, 0.7548506855964661, 2.5953874588012695, 0.8382112383842468, 0.16360649466514587, 0.600004255771637, 1.500257134437561, -1.164054274559021, 0.29657256603240967, 0.13934455811977386, -0.788059413433075, 1.844843864440918, 1.6861211061477661, 1.0649954080581665, 1.5042065382003784, -0.9019913673400879, -0.5417238473892212, 1.101716160774231, -1.1542515754699707, 1.543850064277649, 0.46106886863708496, 0.5869234800338745, 0.2803371846675873, 1.0789825916290283, 1.1777924299240112, 0.2204710692167282, -0.24522057175636292, -1.5239660739898682, 0.7257322669029236, -0.07478385418653488, -1.6189720630645752, -1.209389328956604, 0.09145163744688034, -0.09696497768163681, -0.024135872721672058, 0.19616428017616272, 0.032389894127845764, -1.9347598552703857, -0.8439472317695618, -1.5916788578033447, 0.11968550086021423, -1.0553500652313232, -0.01663149520754814, -0.3136827051639557, 0.35886937379837036, -1.0953218936920166, -0.663591742515564, 1.6181318759918213, -2.1337943077087402, 0.4566178321838379, 0.5362611413002014, 0.7846832275390625, 0.08612097799777985, -1.929964542388916, 0.1707511991262436, 0.986203134059906, 0.5648764371871948, 1.387295126914978, 0.39993011951446533, 0.6549264192581177, 0.5717422962188721, 1.1558233499526978, -0.46600306034088135, -1.2884241342544556, 0.7340465188026428, -0.25189152359962463, -0.9410989284515381, 1.001004934310913, -0.7544856667518616, -0.8746334910392761, 1.5445114374160767, -0.9960662722587585, 0.2710621654987335, -1.2865777015686035]",yunet,Facenet,1920,1080,/home/amos/media/tv/modern_family/Modern.Family.S09.1080p.DSNP.WEB-DL.DDP5.1.H.264-CRFW/Modern.Family.S09E21.The.Escape.1080p.DSNP.WEB-DL.DDP5.1.H.264-CRFW.mkv,Modern Family,2009,1442437,9,21,Ty Burrell,15232.0,0.73
153,354,144,570,432,534,246,444,246,0.913,3576,1,"[0.6560447216033936, -0.4147101044654846, -0.8809975981712341, 0.694102942943573, 1.052074909210205, -0.6582350730895996, 2.0713560581207275, -0.22315683960914612, 0.5715863108634949, 0.18200404942035675, -0.2129824459552765, -2.1003570556640625, -0.7286614775657654, 1.5320104360580444, 0.0403863899409771, -0.004321867600083351, -0.8941869735717773, -2.082864284515381, -0.9830279350280762, -0.36077988147735596, -1.1111820936203003, 1.5881965160369873, -0.33499854803085327, 2.155289888381958, 1.8113397359848022, 1.4425225257873535, 1.5584044456481934, -0.8581693172454834, 1.229241967201233, -1.2699724435806274, 0.11922305822372437, 1.3181015253067017, -2.4902985095977783, 3.0377402305603027, -0.30714476108551025, -0.20435930788516998, 0.4432426393032074, -1.2953323125839233, 1.6470942497253418, -0.4590316712856293, -0.19293436408042908, -0.2494562268257141, -0.2736947536468506, -1.4012842178344727, -0.3677818477153778, -0.5196399688720703, -1.1543875932693481, -0.018382899463176727, -0.5780432820320129, 1.3543052673339844, -0.9799414277076721, 0.32734987139701843, -0.822609543800354, 0.7298040986061096, -1.4648122787475586, -0.8980355262756348, 1.4470208883285522, 0.004183270037174225, -1.178406000137329, -0.9880459308624268, -2.0685455799102783, -1.114703893661499, 0.11949869245290756, 0.9100093841552734, -0.8895176649093628, 0.6417818069458008, -0.0845419391989708, -0.18861664831638336, -0.6461764574050903, -1.5157755613327026, 0.9083611965179443, -0.8710230588912964, 1.0801844596862793, 0.9867084622383118, -0.17373068630695343, -0.8270753026008606, 0.4397784173488617, 0.45254287123680115, -0.2207544445991516, 0.7049837708473206, -1.2848724126815796, 1.2817918062210083, -0.1426021009683609, -1.4257258176803589, -0.21344628930091858, 0.5866148471832275, 0.25100407004356384, 0.476377010345459, 0.8251303434371948, 0.701197624206543, 0.4892636835575104, -0.06725803017616272, -0.19216635823249817, -0.06483221799135208, 2.0143861770629883, 0.5175275206565857, -1.1841572523117065, 0.7959945201873779, -0.08923014998435974, -0.394818514585495, -0.5895240306854248, 0.18489208817481995, -0.48304522037506104, -0.49202924966812134, 0.043665237724781036, 0.40799200534820557, 0.80223548412323, -0.28817519545555115, -0.7361681461334229, -2.1226654052734375, 0.9534804821014404, -0.336086630821228, 2.0769238471984863, -1.196854829788208, 1.6831729412078857, 0.7557644844055176, 0.9022867679595947, 0.36761918663978577, -0.005007728934288025, 1.2168571949005127, -0.6753632426261902, 0.29130426049232483, 0.9581702947616577, -1.1529614925384521, -1.1161483526229858, 1.4973236322402954, 0.8660023808479309, 0.0905609130859375]",yunet,Facenet,1920,1080,/home/amos/media/tv/modern_family/Modern.Family.S09.1080p.DSNP.WEB-DL.DDP5.1.H.264-CRFW/Modern.Family.S09E21.The.Escape.1080p.DSNP.WEB-DL.DDP5.1.H.264-CRFW.mkv,Modern Family,2009,1442437,9,21,Eric Stonestreet,156962.0,0.502
154,1236,234,1440,528,1332,348,1272,342,0.903,3600,0,"[-0.4644024670124054, 1.3692424297332764, 2.000001907348633, -2.1073336601257324, 0.2804535925388336, 0.5548886656761169, -0.7213113903999329, -0.4251236319541931, 1.888264775276184, 1.3028000593185425, 0.9651588797569275, 1.820395588874817, -0.2933109402656555, -1.3048168420791626, -1.464852213859558, 1.128735899925232, -0.373445987701416, -1.3492298126220703, -2.259427785873413, -0.9304674863815308, 1.8266667127609253, 1.2052899599075317, 0.08441223949193954, 0.0027665160596370697, 0.4257161319255829, -1.3170170783996582, -1.2080286741256714, 1.3293203115463257, 1.7951446771621704, -2.414191722869873, 0.23764553666114807, -1.5289647579193115, 1.02704656124115, -1.2738279104232788, 1.415690302848816, -0.18377619981765747, -1.528472900390625, 0.21518561244010925, 1.0777981281280518, -0.8050975799560547, -1.9052413702011108, -0.22546052932739258, -0.8204203844070435, -0.5254794359207153, -1.9539676904678345, 0.6536800265312195, -1.392155647277832, -0.7376530170440674, -2.54178786277771, -0.08950921893119812, -1.0015305280685425, 0.9035027623176575, 0.436054527759552, 0.17227336764335632, -0.13247215747833252, 0.5475561618804932, 0.9260590672492981, -1.193992257118225, -2.3831124305725098, -1.9393367767333984, 0.21029362082481384, -0.6001942157745361, -1.1417560577392578, -0.041557054966688156, 0.33514630794525146, 1.2505851984024048, 1.0750693082809448, -0.6835339665412903, 0.6716321706771851, -1.6601155996322632, -0.939886212348938, 0.5071461200714111, -0.8567419648170471, -0.7994402050971985, 0.7004405856132507, 0.34542614221572876, 0.23147210478782654, -0.032908257097005844, 1.6155434846878052, -0.12859536707401276, 1.2383579015731812, -0.9088380336761475, 0.4891374409198761, 0.089128278195858, -0.08868514746427536, -0.43761545419692993, 0.6010434031486511, -0.629879355430603, 0.7641187906265259, 2.004511833190918, -0.501417875289917, -0.715303361415863, 1.1999547481536865, 0.4625270366668701, 2.030392646789551, 1.8438235521316528, -1.378219485282898, 0.5626490712165833, 0.014564596116542816, -2.309446334838867, 0.22669251263141632, 0.199676513671875, -1.3178820610046387, 0.5686309933662415, 0.6853802800178528, 1.6248761415481567, -0.8078207969665527, -0.3159586191177368, 0.8579691648483276, -0.07731123268604279, 1.3364372253417969, 1.44822096824646, 0.42856156826019287, 0.5045208930969238, 0.27425557374954224, 2.176392078399658, -0.7140331268310547, 0.3724251985549927, -0.11698154360055923, -1.2188345193862915, -0.9083942770957947, -0.7127265930175781, -0.09462076425552368, 0.9832212924957275, 2.3529279232025146, -0.21142423152923584, 0.2557865381240845, -0.5471161007881165]",yunet,Facenet,1920,1080,/home/amos/media/tv/modern_family/Modern.Family.S09.1080p.DSNP.WEB-DL.DDP5.1.H.264-CRFW/Modern.Family.S09E21.The.Escape.1080p.DSNP.WEB-DL.DDP5.1.H.264-CRFW.mkv,Modern Family,2009,1442437,9,21,Sofía Vergara,63522.0,0.701
155,1296,126,1506,414,1374,240,1326,240,0.904,3672,0,"[0.7281334400177002, 0.4926746189594269, 0.8726821541786194, -0.181863471865654, 0.8781034350395203, -1.1019524335861206, 1.1588162183761597, 0.8535341620445251, -0.6910024881362915, -0.0682494193315506, -0.9372873306274414, 0.18249109387397766, -1.391305685043335, 0.9302958250045776, 0.46837151050567627, -0.8483679890632629, 0.24116745591163635, -1.0705534219741821, -0.5236420035362244, -0.5234867334365845, -0.4551777243614197, -0.7293475866317749, 0.07846065610647202, -0.23602578043937683, 1.1165945529937744, -1.4885698556900024, 0.8107538223266602, 2.498521327972412, 0.12922769784927368, -0.6992839574813843, -1.9268014430999756, 2.575061082839966, -2.5959012508392334, 0.7987533807754517, -2.042538642883301, -0.4438062012195587, -1.1778733730316162, -0.6264665126800537, -0.03015582263469696, -1.0738807916641235, -0.5772226452827454, -0.839550793170929, -1.6948728561401367, 0.24445834755897522, 0.525008499622345, -0.061128851026296616, -1.5767396688461304, -1.2990373373031616, -0.4009835124015808, 1.3451106548309326, -1.0823472738265991, 0.6543686389923096, 0.27085745334625244, -0.04170508682727814, -0.1318235844373703, -0.2845032215118408, -0.7108370661735535, -1.2203153371810913, -0.11080235242843628, 0.2850611209869385, -2.432880401611328, 0.16465313732624054, 0.14111971855163574, -0.46181729435920715, -0.36096346378326416, 0.633119523525238, -0.12941807508468628, 0.05027233436703682, -0.05100364238023758, -0.16865330934524536, -2.0861973762512207, 0.560572624206543, 1.2311122417449951, 0.23495621979236603, -0.18038134276866913, 0.6287475228309631, -1.5250202417373657, -0.8488370776176453, -0.02674354985356331, 0.8113202452659607, 0.6661726236343384, 2.459228277206421, -0.8470447659492493, -2.0804824829101562, 0.44527027010917664, 0.22669360041618347, 0.12284743040800095, -0.30073782801628113, 0.00922345370054245, 2.49656081199646, 1.349490761756897, 0.5641942620277405, -1.4249385595321655, -1.1089383363723755, 0.8154317140579224, -0.32786619663238525, -0.39097103476524353, -0.3822629153728485, 1.2961723804473877, 0.9135465025901794, -1.3829773664474487, -0.009059909731149673, -0.6427440047264099, -1.4686833620071411, 0.4753793478012085, -0.5356537699699402, 0.7933006286621094, 1.0871260166168213, 0.26301515102386475, -0.4705098569393158, -0.2482205480337143, -0.200735941529274, -0.267019659280777, -0.787629246711731, 1.462868332862854, 0.8684085607528687, 0.9412428140640259, 0.9812642335891724, 0.2288055419921875, -0.03426917642354965, 1.1291922330856323, 0.7742577791213989, -0.019731983542442322, -0.4693364202976227, -0.5350411534309387, 0.11824584752321243, -0.3772526681423187, -0.12174883484840393]",yunet,Facenet,1920,1080,/home/amos/media/tv/modern_family/Modern.Family.S09.1080p.DSNP.WEB-DL.DDP5.1.H.264-CRFW/Modern.Family.S09E21.The.Escape.1080p.DSNP.WEB-DL.DDP5.1.H.264-CRFW.mkv,Modern Family,2009,1442437,9,21,,,
156,1206,138,1452,450,1320,258,1248,258,0.907,3696,0,"[-0.005173623561859131, -1.184558391571045, 0.19618408381938934, -0.40347549319267273, 2.082707643508911, -0.62322598695755, -0.19523155689239502, 0.8750225901603699, -0.5322357416152954, 0.5227286219596863, -0.9588209986686707, -0.0546991303563118, -1.4687408208847046, 0.9830538034439087, 0.2175116389989853, -0.5375403761863708, -0.30595195293426514, 0.0658915787935257, 1.4462265968322754, -0.46821656823158264, -0.5380929112434387, -0.16031521558761597, -0.46176278591156006, 0.14537766575813293, 1.720611810684204, -0.7825090289115906, -0.18727445602416992, 1.9961305856704712, 0.3420690894126892, -0.8847799897193909, -0.4651409089565277, 1.5454679727554321, -0.9813928604125977, 0.28388917446136475, -1.723436713218689, 0.5208330750465393, -0.21043306589126587, -0.891974151134491, -0.4493468403816223, -2.077794313430786, -0.4063269793987274, 0.22797922790050507, -1.1355496644973755, 0.5631879568099976, 0.22320029139518738, -0.3616790473461151, -2.1572999954223633, -0.06329581141471863, -0.8046375513076782, 1.4104633331298828, -0.5752514600753784, 0.7708268165588379, -1.2569931745529175, 0.3913677930831909, -0.5708067417144775, 0.29333728551864624, -0.4267360270023346, -1.5643070936203003, -0.9609696865081787, 1.090760350227356, -0.02404458075761795, 0.4107363224029541, 0.6411643624305725, 0.4940720796585083, -0.8319730758666992, 1.4503432512283325, -0.2931075394153595, 0.13997846841812134, 0.813692033290863, 0.5036787986755371, -0.5095663666725159, -0.5071471333503723, -0.08941258490085602, 1.0436954498291016, 1.1091148853302002, 0.23584601283073425, -0.39247310161590576, -0.4906614422798157, -0.013677388429641724, 2.6012585163116455, -0.7192849516868591, 2.3122243881225586, -0.25156381726264954, -0.37062662839889526, 0.38656044006347656, 0.08356133103370667, 0.6970674991607666, 0.02697240561246872, 0.8304873704910278, 1.5406701564788818, 0.3569240868091583, 0.5455970168113708, -1.1723988056182861, 0.3943856656551361, 0.5875904560089111, -0.7261243462562561, -1.1837241649627686, -0.66852205991745, -0.01822279766201973, 0.8604084253311157, -1.0656132698059082, 0.18860378861427307, -0.23195227980613708, -2.0681312084198, 0.8651078939437866, -1.2195976972579956, 0.3828502297401428, -0.14446215331554413, 0.6700577735900879, -0.7965775728225708, -0.3493993282318115, -0.9909992814064026, -0.503386378288269, -0.22944168746471405, 1.617369294166565, 0.6825944185256958, 1.534366488456726, 1.2639816999435425, -0.8555816411972046, 0.2363697737455368, 0.7977134585380554, 1.4657599925994873, 0.3277379870414734, 0.4624468684196472, 0.19110499322414398, -0.386517196893692, -0.4029611051082611, 0.25101813673973083]",yunet,Facenet,1920,1080,/home/amos/media/tv/modern_family/Modern.Family.S09.1080p.DSNP.WEB-DL.DDP5.1.H.264-CRFW/Modern.Family.S09E21.The.Escape.1080p.DSNP.WEB-DL.DDP5.1.H.264-CRFW.mkv,Modern Family,2009,1442437,9,21,Ed O'Neill,18977.0,0.539
157,708,234,822,390,792,306,738,306,0.909,3720,0,"[-0.4691714346408844, 0.7367322444915771, 1.0375031232833862, -0.6464716792106628, 0.9252529144287109, -2.3650317192077637, -1.2074739933013916, 0.8942958116531372, 0.3395630717277527, -1.3898921012878418, 1.5059949159622192, 0.2247486263513565, 0.06957735121250153, 0.24675554037094116, 1.117034912109375, -0.6400728821754456, -0.4205731153488159, -0.07428121566772461, -2.406953811645508, -0.4013620913028717, -0.7874124050140381, -0.29421934485435486, -0.5073106288909912, 0.5488231182098389, -0.4602052867412567, 1.9442988634109497, -2.01543927192688, 0.5620037317276001, 0.010448165237903595, -3.335747003555298, -0.18312598764896393, -0.9037348628044128, -0.4744020104408264, -0.8478333353996277, 0.8324954509735107, 3.03177809715271, -1.4517735242843628, 0.6014304161071777, 0.3567173182964325, -0.8038641214370728, -0.7259520292282104, 1.0887479782104492, 0.007096379995346069, -1.6108225584030151, -1.8417164087295532, 0.02409135177731514, -0.6175937652587891, -0.3166313171386719, -0.7950559854507446, 0.226854607462883, 1.410617709159851, -2.02586030960083, 0.23306763172149658, -1.5065727233886719, 1.403984546661377, -0.029819518327713013, 1.4816714525222778, -0.5731315016746521, -0.3559505045413971, 0.540209174156189, -0.6165024042129517, -1.2088968753814697, -1.2174111604690552, 0.6405836939811707, 0.3769270181655884, -0.864445686340332, -1.3800361156463623, -1.6019971370697021, 1.7227288484573364, 2.777442693710327, 1.2654370069503784, 0.7533349990844727, -2.8636300563812256, 0.6601470708847046, 1.0915417671203613, -0.20337408781051636, -0.6961449384689331, 0.7881770133972168, -0.42617273330688477, 0.4464262127876282, 0.6303409934043884, -1.7879170179367065, 0.3360341489315033, -1.0774128437042236, 1.2182499170303345, 0.5065556764602661, 0.7654191851615906, 0.17245922982692719, -0.8410178422927856, -0.8210699558258057, 0.8117366433143616, -0.7673442363739014, -0.20136967301368713, -0.3638594150543213, -0.3096201419830322, 0.027190955355763435, -0.8949922323226929, 1.504313588142395, 1.027320384979248, -1.6056575775146484, -1.3889555931091309, -0.5316218733787537, -0.31631284952163696, -0.437886506319046, 1.6463044881820679, -0.7844690680503845, 1.5387611389160156, -1.0834447145462036, -0.3799765408039093, 1.3530776500701904, 1.0984623432159424, 0.5087181329727173, -1.1002277135849, 1.1186580657958984, 0.479422926902771, 1.184882640838623, 1.442489504814148, -0.3709927499294281, 0.13796401023864746, 0.4638274312019348, 0.3416662812232971, -1.2163987159729004, -0.33755266666412354, -0.9995797276496887, -0.9600651264190674, -1.061697244644165, -1.6973196268081665, 0.4584808051586151]",yunet,Facenet,1920,1080,/home/amos/media/tv/modern_family/Modern.Family.S09.1080p.DSNP.WEB-DL.DDP5.1.H.264-CRFW/Modern.Family.S09E21.The.Escape.1080p.DSNP.WEB-DL.DDP5.1.H.264-CRFW.mkv,Modern Family,2009,1442437,9,21,Julie Bowen,31171.0,0.625
158,1434,168,1578,366,1542,246,1470,252,0.906,3720,1,"[0.68073570728302, 0.40974050760269165, -0.15266187489032745, 1.66792631149292, 0.2897895872592926, -0.9752098917961121, -1.1288398504257202, -0.5569526553153992, 0.16313403844833374, -0.10025952756404877, 0.2156752049922943, 0.06219317018985748, 1.101364016532898, -0.9070017337799072, -1.1271828413009644, -0.8110957741737366, -0.5539853572845459, -1.1860543489456177, -2.2136263847351074, 1.4187577962875366, -0.7769672870635986, 0.5433394908905029, 0.7032953500747681, 0.9738315939903259, -0.10174906253814697, 1.340157151222229, -1.7672725915908813, 2.587348461151123, 1.089117407798767, -1.6958097219467163, -0.24597743153572083, -1.2830042839050293, -2.1368191242218018, -0.4792223274707794, 0.28760209679603577, 0.654129147529602, -0.05065780505537987, -0.3682463765144348, 0.7374137043952942, -0.05463019013404846, 0.3839135766029358, 0.7830002307891846, -0.5872217416763306, -0.07269581407308578, 0.09417364001274109, -0.28624847531318665, 1.8574336767196655, -0.0008989442139863968, -1.1848171949386597, -1.2901254892349243, -0.14194265007972717, -0.4010985791683197, -1.1064728498458862, -0.9692601561546326, -0.4952879250049591, 0.7340555787086487, 2.867663621902466, 0.8230780363082886, 1.5960475206375122, 0.21247461438179016, 1.341140866279602, -0.7323243021965027, 0.4183596968650818, -0.4208999276161194, -1.3367303609848022, 1.9269704818725586, 0.6858817934989929, 0.2510690987110138, 0.24657610058784485, -0.5564581155776978, -0.9995259642601013, 0.2888084650039673, -0.8880885243415833, 1.19609797000885, 0.17137297987937927, 1.5923126935958862, -0.23213070631027222, 1.9159210920333862, 0.6908231377601624, -0.7597131133079529, -0.004857741296291351, -1.8635509014129639, 0.3868615925312042, 0.18405970931053162, -1.0330588817596436, -1.206074595451355, 0.16598328948020935, -0.15515340864658356, 0.7858717441558838, -0.9374814629554749, 1.2197303771972656, -2.1722474098205566, -0.2501883804798126, -0.6697606444358826, 0.5125963687896729, -0.03779403865337372, 0.0031147561967372894, -1.1978553533554077, 0.08424121141433716, -1.5672541856765747, -0.8987942337989807, 0.8800656199455261, -1.5908373594284058, -0.7400777339935303, 0.870872437953949, 0.9435868859291077, 0.9905151724815369, -1.2748081684112549, 0.5784379839897156, 1.0457507371902466, 0.9380530118942261, 1.6883841753005981, 0.7121182680130005, -0.07464353740215302, 0.5535616278648376, 2.2023119926452637, -1.8219516277313232, -1.14533531665802, -0.5338696837425232, 0.03159652650356293, -0.2935009002685547, 0.2986236810684204, -0.19588322937488556, -1.1127244234085083, 1.4274895191192627, -1.4843987226486206, 1.3779624700546265, -2.5218539237976074]",yunet,Facenet,1920,1080,/home/amos/media/tv/modern_family/Modern.Family.S09.1080p.DSNP.WEB-DL.DDP5.1.H.264-CRFW/Modern.Family.S09E21.The.Escape.1080p.DSNP.WEB-DL.DDP5.1.H.264-CRFW.mkv,Modern Family,2009,1442437,9,21,Ty Burrell,15232.0,0.629
159,888,234,1188,582,1044,396,924,408,0.92,3744,0,"[1.1079715490341187, 0.6815741062164307, 0.1498456746339798, -0.632087767124176, 1.8067848682403564, -1.3996105194091797, -0.47077110409736633, 0.2580242156982422, -0.33805304765701294, -0.429898738861084, -0.244584858417511, 1.8590174913406372, -2.2768208980560303, 0.09219852089881897, 0.6816427707672119, -0.14248722791671753, 1.3609247207641602, 1.2630670070648193, 0.1866726577281952, -0.8649061918258667, -0.829800009727478, -1.341611385345459, 0.34886014461517334, -0.07586439698934555, 0.6778153777122498, -1.657941460609436, 0.3003847599029541, 2.747162342071533, -0.002331361174583435, 0.4610558748245239, -1.3387885093688965, 2.2965354919433594, -1.722074270248413, 0.9142993688583374, -1.9211682081222534, -0.6022471785545349, -0.5094022750854492, 0.18152710795402527, -0.9433913826942444, 0.7796998023986816, -0.32001256942749023, -1.6590105295181274, -0.692899227142334, 1.6222128868103027, 0.11910489201545715, -0.7976312637329102, -1.287123680114746, -1.8497533798217773, 0.7200919389724731, 0.7384471893310547, -0.7896085381507874, -0.7342148423194885, 1.1128826141357422, 0.6089392304420471, 1.1200612783432007, -0.060624703764915466, -0.9540590047836304, -0.9523825645446777, -0.8611699342727661, 0.2721748948097229, -2.6459574699401855, 0.11146970093250275, 0.3393467366695404, -0.8283063769340515, -0.02952605113387108, 1.3552109003067017, -0.1703704595565796, 1.2018952369689941, -0.07559166848659515, 0.09333434700965881, -1.7426472902297974, 0.9170300960540771, 1.2982311248779297, 0.3476603627204895, -0.39909374713897705, 0.3035286068916321, -0.7984163761138916, -1.0452511310577393, -0.37087714672088623, 0.12973012030124664, 0.08899716287851334, 1.5346847772598267, -0.676599383354187, -1.5154317617416382, -0.4078976809978485, 1.1451444625854492, -1.1980284452438354, -0.14002153277397156, 0.8546450138092041, 2.430863618850708, 1.8002699613571167, -0.22045134007930756, -1.702061653137207, -2.479327440261841, 0.7451639771461487, -1.5282793045043945, 0.007429277524352074, -1.146790623664856, 0.5172672271728516, 0.5629586577415466, -0.9661881327629089, 0.6322154998779297, -0.580962061882019, -1.626428246498108, 0.6432245969772339, -0.5268262624740601, 0.6598551273345947, -0.708782434463501, 0.3578523099422455, -0.35947033762931824, -0.9968627095222473, 1.5715581178665161, -0.7699819803237915, -1.1476187705993652, 1.4212878942489624, -0.7269843816757202, -0.14927956461906433, 0.8211663365364075, 2.003282308578491, -0.5189638137817383, -0.10922440886497498, 0.8265587091445923, 1.5685185194015503, -1.2062742710113525, 0.23464329540729523, -0.11736064404249191, 0.44212520122528076, 0.9804178476333618]",yunet,Facenet,1920,1080,/home/amos/media/tv/modern_family/Modern.Family.S09.1080p.DSNP.WEB-DL.DDP5.1.H.264-CRFW/Modern.Family.S09E21.The.Escape.1080p.DSNP.WEB-DL.DDP5.1.H.264-CRFW.mkv,Modern Family,2009,1442437,9,21,Ed O'Neill,18977.0,0.593
160,312,246,498,504,486,342,438,342,0.904,3744,1,"[-0.7319953441619873, -0.21090981364250183, 2.999079704284668, -0.1883140653371811, 0.7884935736656189, -1.0492323637008667, 1.94657564163208, -0.31684359908103943, -0.4696384072303772, 1.5217902660369873, 0.25425800681114197, 0.7589145302772522, -0.27420133352279663, 0.7318257093429565, -0.841628909111023, 0.4818178415298462, -1.3834545612335205, -0.6777811050415039, -1.4399865865707397, 1.495615005493164, -0.08009054511785507, -0.25257816910743713, 0.5638752579689026, 0.01881643757224083, -0.7545658349990845, 0.5031603574752808, 0.19567470252513885, -0.23527231812477112, 0.07578951865434647, 0.07606810331344604, 1.513942003250122, -1.5406038761138916, 0.1698838621377945, 0.13451120257377625, -0.21391883492469788, -0.0038305185735225677, -0.7995411157608032, -0.599392294883728, 0.7609965205192566, -1.0327949523925781, -1.800311803817749, 0.6890003681182861, -0.2607128620147705, 1.4531793594360352, -0.8091750741004944, -0.4224684536457062, -1.3589264154434204, 1.4119702577590942, -1.913642168045044, 1.1222593784332275, 1.2388522624969482, 1.2907055616378784, 0.6155479550361633, -0.3884919285774231, -0.38814234733581543, -0.09554031491279602, 0.8556734919548035, 1.1880815029144287, -0.6087020039558411, 0.24062585830688477, -0.08809875696897507, 0.5029783248901367, -1.0220078229904175, 0.5828799605369568, 0.4407772421836853, 0.23611600697040558, -0.9046674966812134, -0.5719998478889465, 0.2105451226234436, 2.1391260623931885, -0.33161669969558716, -0.8075618743896484, 0.29604998230934143, -0.08260451257228851, -0.7285014390945435, 0.09408984333276749, -0.7153139114379883, -1.0260511636734009, 0.04477868229150772, -0.0005952641367912292, 0.05105012655258179, -0.4118805229663849, 1.690390706062317, 1.0641988515853882, -0.0040889158844947815, -0.24219635128974915, 1.3015366792678833, -0.13650038838386536, 0.7446918487548828, 0.0062886690720915794, -1.8810642957687378, 0.621042013168335, -0.5225791335105896, 0.9555342197418213, 1.0229300260543823, 0.30557066202163696, -0.4807624816894531, -1.8649637699127197, 0.593757688999176, -1.3206533193588257, -0.11065679043531418, 0.7112330198287964, -2.0144171714782715, -0.2583008110523224, 0.03544580936431885, -0.04052332043647766, 0.13895969092845917, -0.2548374831676483, 1.0726805925369263, -0.8055751323699951, 0.7933027744293213, 0.2837165892124176, 1.1057885885238647, 0.7438161969184875, 1.2130869626998901, 2.42512583732605, 0.7377811670303345, 0.17538511753082275, -0.8351881504058838, -1.4411933422088623, 1.5533217191696167, -1.0891128778457642, -1.256882667541504, -0.7438179850578308, -0.028434529900550842, -1.3258388042449951, 0.3711177110671997, -0.9965589642524719]",yunet,Facenet,1920,1080,/home/amos/media/tv/modern_family/Modern.Family.S09.1080p.DSNP.WEB-DL.DDP5.1.H.264-CRFW/Modern.Family.S09E21.The.Escape.1080p.DSNP.WEB-DL.DDP5.1.H.264-CRFW.mkv,Modern Family,2009,1442437,9,21,,,
161,384,312,582,594,564,414,528,414,0.915,3768,0,"[-0.1595572531223297, -0.0549054816365242, 1.5900120735168457, -2.1992998123168945, -0.37962937355041504, -1.1797130107879639, 0.35955798625946045, -0.16455945372581482, -0.05442450940608978, 0.67820143699646, -0.1965024173259735, 1.1188949346542358, -0.03891222923994064, 0.7362735271453857, 0.08697134256362915, 1.006549596786499, -2.345525026321411, -1.2466531991958618, -1.5015087127685547, 1.2927685976028442, -0.13481950759887695, 0.215607687830925, -0.7445785403251648, 0.6683346629142761, -0.585185706615448, 0.6176967620849609, 1.0614229440689087, -0.9895491600036621, 0.14625822007656097, -0.03452824801206589, 1.1496977806091309, -0.18339291214942932, 1.088655710220337, 0.6944906711578369, -0.8415481448173523, 0.5274216532707214, 0.1304870843887329, -1.7249598503112793, 0.8867895603179932, 0.21297189593315125, -0.8879908919334412, 0.7093245387077332, -0.1679326295852661, 0.8322212100028992, -1.5506627559661865, -0.23378901183605194, -1.0838637351989746, 0.46369537711143494, -2.133554458618164, 0.17221717536449432, 0.26054060459136963, -0.0013914238661527634, 0.2633947730064392, 0.8037124872207642, 0.5308853983879089, -2.191394805908203, -0.11471840739250183, 1.279752254486084, -1.8232697248458862, -0.1538310945034027, 0.2431776523590088, -0.012929316610097885, -1.9284908771514893, 0.24531245231628418, 0.4879201352596283, 0.6908329725265503, -0.6721718311309814, -0.38564252853393555, 0.9056843519210815, 0.14076228439807892, 0.13257956504821777, -0.21959775686264038, 0.3288988471031189, -0.28477153182029724, -0.08953356742858887, 0.049381501972675323, -0.6128301620483398, -0.7661972045898438, 2.141411542892456, -0.242429718375206, -0.2828267812728882, -0.3773305118083954, 1.4284005165100098, 0.8791285753250122, 0.013776980340480804, -0.07132906466722488, 0.21840359270572662, 0.9063281416893005, 1.5507763624191284, 0.5054429173469543, -1.4092848300933838, -0.2189377248287201, -0.15367010235786438, 0.2076917588710785, 1.443171739578247, 1.8342418670654297, -0.9733083844184875, -0.3569985330104828, 0.3175487220287323, -1.2439671754837036, 0.7825508117675781, 0.15605589747428894, -2.1248044967651367, 0.20302774012088776, -0.370176762342453, -0.6511713266372681, 0.07747781276702881, 0.05197988077998161, 0.134104922413826, -0.5375964641571045, 0.8866336345672607, -0.651448130607605, 1.4194490909576416, -1.146493673324585, 0.49737611413002014, 2.0943119525909424, -0.2079838365316391, 0.32688039541244507, 0.7482935190200806, -1.1131068468093872, 0.3509647250175476, -0.8355964422225952, -0.8373767733573914, -0.9163398146629333, 0.5941363573074341, -0.8615330457687378, 0.2717897593975067, 0.04012337699532509]",yunet,Facenet,1920,1080,/home/amos/media/tv/modern_family/Modern.Family.S09.1080p.DSNP.WEB-DL.DDP5.1.H.264-CRFW/Modern.Family.S09E21.The.Escape.1080p.DSNP.WEB-DL.DDP5.1.H.264-CRFW.mkv,Modern Family,2009,1442437,9,21,,,
162,1002,186,1284,534,1128,354,1044,360,0.91,3768,1,"[0.9911863803863525, 0.7042357921600342, 0.5143235325813293, -0.5142300724983215, 1.1037722826004028, -0.41872650384902954, 0.18456587195396423, 0.31454867124557495, 0.013419095426797867, 0.008616488426923752, -1.030996322631836, 1.6093895435333252, -2.249760389328003, 0.38263288140296936, 0.5673141479492188, -0.11811010539531708, 1.079990029335022, 0.7910110950469971, -0.5582593083381653, -1.1360578536987305, -1.0033594369888306, -0.002731828484684229, -0.11995654553174973, -0.24982139468193054, 1.3641178607940674, -0.31179267168045044, 0.1902293711900711, 2.8631200790405273, 0.7082608342170715, -0.09526810050010681, -1.447006106376648, 3.060353994369507, -2.8606505393981934, 0.8077350854873657, -1.2373058795928955, -1.3676931858062744, -0.13168317079544067, -0.4144594073295593, -1.3898224830627441, -0.026372745633125305, -1.2950403690338135, -1.7365508079528809, -0.8876383304595947, 1.0665911436080933, 0.4166364073753357, -1.2298550605773926, -0.46059945225715637, -2.0560715198516846, 0.41998404264450073, 0.8430227041244507, 0.5634211897850037, -1.2724930047988892, 0.053008243441581726, -0.07865197956562042, 0.684788703918457, -1.156779170036316, -1.057682752609253, -0.8196629285812378, -0.20010590553283691, -0.3711555600166321, -2.631049156188965, -0.553742527961731, 0.5511671900749207, -0.9071460962295532, -0.08307844400405884, 1.3473728895187378, -0.24368420243263245, 1.9809011220932007, 0.17610308527946472, -1.0778179168701172, -1.8601051568984985, 0.1153784841299057, 1.8230605125427246, 0.8137809038162231, -0.03695673495531082, 1.1441797018051147, -0.4770081639289856, -0.4423719048500061, -0.17559421062469482, 0.4491947889328003, -0.7324087619781494, 2.081355571746826, -2.1822328567504883, -1.1353365182876587, -1.5319126844406128, 0.37374594807624817, -0.14771942794322968, -1.0334441661834717, 0.7514224052429199, 2.8199422359466553, 1.6693283319473267, -0.8640607595443726, -1.7233699560165405, -3.3835885524749756, 0.6015800833702087, -0.47552138566970825, 0.019602589309215546, -0.042183369398117065, 1.8179080486297607, 0.30498912930488586, -1.22303307056427, 0.5199687480926514, -0.9204732179641724, -2.197923421859741, -0.17819708585739136, -0.2716999650001526, -0.3743942677974701, -0.33986353874206543, 1.1720761060714722, -0.4544564485549927, -0.9261418581008911, 0.9992187023162842, 0.061192769557237625, -1.791968822479248, 2.719351053237915, 0.6432672739028931, -0.0081876739859581, 0.2812242805957794, 0.9332137703895569, 0.09095162153244019, -0.2186730057001114, 0.32036465406417847, 0.9026492834091187, 0.2703014314174652, 0.28042641282081604, 0.47959408164024353, 0.1114981546998024, 0.011102888733148575]",yunet,Facenet,1920,1080,/home/amos/media/tv/modern_family/Modern.Family.S09.1080p.DSNP.WEB-DL.DDP5.1.H.264-CRFW/Modern.Family.S09E21.The.Escape.1080p.DSNP.WEB-DL.DDP5.1.H.264-CRFW.mkv,Modern Family,2009,1442437,9,21,Ed O'Neill,18977.0,0.587
163,1008,144,1278,504,1110,264,1050,264,0.907,3792,0,"[-0.14730165898799896, -0.27781498432159424, 0.5801958441734314, 0.8354917168617249, 1.1864665746688843, -0.8092533946037292, 0.9856163263320923, -0.25633230805397034, -0.3946051597595215, 0.35351407527923584, -0.41485509276390076, -0.5965496301651001, -1.6340841054916382, 0.7273745536804199, 0.7291049957275391, -2.0318551063537598, 0.0608382523059845, -0.2577451467514038, -0.2979419231414795, -1.01729154586792, -0.5905442237854004, -1.3382856845855713, -0.04330568015575409, 0.5860117673873901, 1.8587621450424194, -1.7974131107330322, 0.5692359209060669, 1.3564192056655884, 0.9378573894500732, -1.20344877243042, -1.304012656211853, 1.4262055158615112, -2.608262538909912, 0.34406059980392456, -0.0024398374371230602, -0.5390774607658386, -1.524961233139038, 0.5934440493583679, 0.11589816212654114, -1.3793466091156006, -0.22891588509082794, -0.4555675685405731, -1.0868175029754639, 0.5231649875640869, -0.5225929617881775, -0.7510920763015747, -1.3178400993347168, -0.7068791389465332, 0.006495863199234009, 0.6952956914901733, 0.08937428146600723, 1.0062671899795532, 0.9436023235321045, -0.5285300612449646, 0.5114873647689819, 0.07328398525714874, -0.3484557867050171, -1.4553862810134888, -0.3883190155029297, 0.47499892115592957, -0.6353351473808289, 0.19648225605487823, -0.02395789325237274, -0.8569590449333191, -0.4311387538909912, 1.912969708442688, -0.42266136407852173, 0.6948564648628235, 0.44653230905532837, 0.30168429017066956, -1.623176097869873, -0.8986631631851196, 0.3896928131580353, -0.08720946311950684, -0.5233736634254456, 1.0476101636886597, -0.6558490991592407, -0.3426770269870758, -0.7481592893600464, 1.0170581340789795, 1.0345138311386108, 2.8122801780700684, -0.49784666299819946, -0.7092297077178955, 0.19809430837631226, 0.8174483776092529, 0.932311475276947, -0.361488938331604, -0.42774319648742676, 1.907619833946228, 1.2580666542053223, 1.0609474182128906, -1.0606637001037598, 0.22847503423690796, 0.30821922421455383, 0.36535704135894775, -0.36720308661460876, -0.558824896812439, 1.5346143245697021, 1.3699123859405518, -2.6039111614227295, 0.07710698992013931, 0.050562985241413116, -0.9363957047462463, 1.2500168085098267, -1.0604307651519775, 0.8295952081680298, 1.5925039052963257, 0.834135890007019, -1.7183781862258911, -0.18853439390659332, -1.0351303815841675, -0.40813708305358887, -1.0821564197540283, 0.11354701220989227, 0.8562295436859131, 0.9507861137390137, 1.716697096824646, -0.001638561487197876, 0.6190142035484314, 0.5391649007797241, 0.5089036226272583, -0.17445364594459534, -0.6582232713699341, -0.20650039613246918, 1.3247686624526978, -0.7237947583198547, -1.0697402954101562]",yunet,Facenet,1920,1080,/home/amos/media/tv/modern_family/Modern.Family.S09.1080p.DSNP.WEB-DL.DDP5.1.H.264-CRFW/Modern.Family.S09E21.The.Escape.1080p.DSNP.WEB-DL.DDP5.1.H.264-CRFW.mkv,Modern Family,2009,1442437,9,21,,,
164,324,354,534,642,492,456,456,468,0.901,3792,1,"[-0.6986925601959229, 0.7980931997299194, 0.26317742466926575, 0.09742770344018936, -0.058308836072683334, -0.8541001677513123, 0.4786510467529297, -1.263631820678711, -0.014521077275276184, 1.3078981637954712, 0.47476446628570557, 1.2606899738311768, 0.30619871616363525, -0.640133261680603, -0.027937740087509155, 1.1584141254425049, -2.045060157775879, -0.7827146649360657, -1.928369402885437, 1.737863540649414, 0.23769596219062805, 0.6608397364616394, -0.3100692331790924, 0.5402341485023499, -1.2822742462158203, -0.1812008023262024, 0.11829468607902527, -0.7680639028549194, 1.4178816080093384, 0.1465170532464981, 1.51186203956604, -0.870119035243988, 0.6817786693572998, 0.6661960482597351, -0.2637403905391693, -0.2156057059764862, -0.6902204155921936, -0.31074151396751404, 1.0482733249664307, -0.1571766436100006, -0.5825294256210327, 0.871150553226471, 0.34661436080932617, 0.7866246104240417, -1.6268624067306519, -0.12374718487262726, -0.10713040828704834, -0.05285119265317917, -1.3074198961257935, 0.22555053234100342, -0.12630990147590637, 0.7155816555023193, 0.130992591381073, 1.2414846420288086, -0.8297853469848633, -0.0023986659944057465, 0.15990355610847473, 1.031894326210022, -1.8852612972259521, 0.32304495573043823, -0.005421202629804611, 4.780292510986328e-05, -2.3439512252807617, 0.018297867849469185, 1.3518171310424805, 0.7148080468177795, 0.6508074998855591, -0.44898346066474915, 0.6029237508773804, 0.04330834001302719, 0.45790520310401917, -0.3335791230201721, 0.11603501439094543, 0.8529858589172363, 0.44028782844543457, 0.14431892335414886, 0.10338512063026428, -1.0395941734313965, 0.3638301491737366, -0.33169496059417725, 0.8511754870414734, -0.4985361397266388, 2.169025182723999, 1.3389246463775635, -0.4778996407985687, 0.12772779166698456, 0.30075913667678833, 0.7739183306694031, 0.13934043049812317, 0.15468531847000122, -1.6541423797607422, -0.4445348381996155, 0.5555596947669983, 0.2731601893901825, 1.0423532724380493, 1.068544626235962, -1.4264070987701416, -0.4294343888759613, 0.4236038029193878, -1.7483474016189575, -0.9162819385528564, -0.4746142625808716, -2.3841257095336914, 1.3593772649765015, 0.7894485592842102, -0.30263352394104004, 0.7823761701583862, 0.3242539167404175, 0.6155019402503967, -0.8545036911964417, 1.5829678773880005, 0.28906363248825073, 0.441483736038208, 0.2712615430355072, 0.29319652915000916, 1.4051520824432373, -0.30287817120552063, 0.17591212689876556, 0.09134750068187714, -0.5184507966041565, 1.1898235082626343, -1.4820915460586548, -0.6500385403633118, -0.3962581157684326, 0.038274046033620834, -0.4517359435558319, -0.07298216223716736, 0.2728266417980194]",yunet,Facenet,1920,1080,/home/amos/media/tv/modern_family/Modern.Family.S09.1080p.DSNP.WEB-DL.DDP5.1.H.264-CRFW/Modern.Family.S09E21.The.Escape.1080p.DSNP.WEB-DL.DDP5.1.H.264-CRFW.mkv,Modern Family,2009,1442437,9,21,Sofía Vergara,63522.0,0.521
165,270,114,486,396,462,228,378,222,0.915,3816,0,"[1.330142617225647, 0.36672544479370117, 0.11996112018823624, 0.14044204354286194, 0.31055983901023865, -0.8592376708984375, -0.7963499426841736, -1.1104581356048584, 0.07797922939062119, -0.08043253421783447, 0.15200358629226685, 0.7235311269760132, 0.8638855218887329, -0.8062844276428223, -1.7142002582550049, -1.6095575094223022, -0.06874965131282806, -0.4078124165534973, -0.8214481472969055, 1.208946943283081, -0.8083422183990479, 0.4339263141155243, 0.7870402336120605, -0.14043134450912476, -0.5064517855644226, 0.3553737699985504, -1.8414463996887207, 1.5289536714553833, 0.10074080526828766, -1.4839115142822266, -0.35446661710739136, -1.1033949851989746, -1.4389463663101196, -0.47576260566711426, 0.15331381559371948, 1.2333658933639526, -0.06972154974937439, 0.9294480085372925, 0.9292142987251282, 0.5470060110092163, 0.8955456614494324, 0.7172290086746216, -1.2240360975265503, -0.07632545381784439, -0.12233281135559082, -1.1442177295684814, 0.29708829522132874, 0.8944096565246582, -0.8243979811668396, -1.6236597299575806, -0.32809293270111084, -0.4124116003513336, -0.76804518699646, -1.1803265810012817, -0.3851946294307709, 0.4092710018157959, 2.1614019870758057, 1.1656012535095215, 0.705763041973114, -1.0992720127105713, 1.4815646409988403, -1.4358916282653809, -1.2651265859603882, -0.3480616509914398, -0.9417888522148132, 1.9286870956420898, 1.127506971359253, -0.1283387690782547, -0.022795546799898148, 0.034397125244140625, -1.0725747346878052, 0.9275540113449097, -0.43706297874450684, 0.5892580151557922, 0.2499794363975525, 0.600192666053772, 0.17880123853683472, 1.2045050859451294, 0.08897090703248978, -0.7741820216178894, -0.3530932664871216, -0.9698668718338013, 0.43102195858955383, 0.12036651372909546, -1.4289841651916504, -0.27085405588150024, 0.4604918360710144, -0.8576213121414185, 0.569348931312561, 0.08893848955631256, 0.3021402060985565, -1.6969256401062012, -0.7282689809799194, -0.5825380086898804, 1.0589900016784668, -1.2029727697372437, 0.5012547373771667, -1.2435063123703003, 0.13325046002864838, -1.1913740634918213, -0.1640641689300537, 1.2028003931045532, -1.8232852220535278, -0.7172120213508606, 0.40702322125434875, 1.7967652082443237, 1.8519119024276733, -1.7783000469207764, 1.1432522535324097, 0.07004138082265854, 0.5526960492134094, 2.045623302459717, -0.018840961158275604, 0.4591352045536041, 0.42553895711898804, 2.4727017879486084, -1.9794108867645264, -1.3802648782730103, -0.3987685739994049, 0.4019348919391632, -1.198419451713562, 1.1920506954193115, -0.6258173584938049, -1.741489052772522, 1.1782722473144531, -0.9240667223930359, 1.1153182983398438, -1.819471001625061]",yunet,Facenet,1920,1080,/home/amos/media/tv/modern_family/Modern.Family.S09.1080p.DSNP.WEB-DL.DDP5.1.H.264-CRFW/Modern.Family.S09E21.The.Escape.1080p.DSNP.WEB-DL.DDP5.1.H.264-CRFW.mkv,Modern Family,2009,1442437,9,21,Ty Burrell,15232.0,0.624
166,1128,252,1332,510,1284,348,1188,348,0.913,3816,1,"[-1.8404964208602905, 0.8649688959121704, -0.2948601245880127, 0.28407517075538635, 1.225687861442566, 0.24275586009025574, -0.4338286519050598, 1.36868155002594, 0.4148629903793335, 0.9717671871185303, -0.13961148262023926, 1.8264379501342773, -0.6225289106369019, -1.1349526643753052, 0.8388118743896484, 0.6246030330657959, -0.6676791906356812, -1.2393718957901, -1.8301029205322266, 0.4195890426635742, 0.22892135381698608, 0.9141448736190796, 0.4357556700706482, -0.22917869687080383, -0.8312110900878906, 0.27961111068725586, -0.5941535234451294, -1.029657244682312, 2.862287759780884, -0.917021632194519, 1.1200220584869385, -2.3480074405670166, 1.6260945796966553, -1.8966584205627441, 1.5898030996322632, 0.745960533618927, -1.5520579814910889, 0.8181776404380798, 0.1469901204109192, -0.6064913272857666, -1.3969733715057373, 1.2942471504211426, -0.7158914804458618, 0.585911750793457, -0.8724071383476257, 1.060355544090271, -0.0744309201836586, -0.4124946594238281, -2.1424148082733154, 0.9382064342498779, -0.9548115134239197, 2.0727615356445312, 1.2020238637924194, 1.2131468057632446, -0.07535745203495026, -0.20159730315208435, -0.5616201758384705, -0.038271140307188034, -0.4299270808696747, -0.07516712695360184, 0.20255348086357117, -1.2771837711334229, -1.050092101097107, -1.6199657917022705, 0.5362387895584106, -0.1217280924320221, -0.43140846490859985, 0.5965384840965271, 0.7122842669487, -0.8044455051422119, -0.8690558671951294, 0.060373783111572266, -2.614881992340088, -0.08925041556358337, 0.3896608352661133, 0.5864123702049255, -0.26670926809310913, -0.39472368359565735, 0.7522760629653931, 0.12023486196994781, 0.827937126159668, -0.24592778086662292, 0.3084629476070404, 0.0038950033485889435, -0.4983154237270355, -0.6007895469665527, 0.2988217771053314, 0.720574140548706, -0.4683533012866974, 0.3410448729991913, -1.9907995462417603, -0.08557091653347015, 0.6608926653862, -0.22996842861175537, -0.7560585141181946, 0.8007497191429138, -1.5583207607269287, -0.09612170606851578, 0.9860458970069885, -0.3238004148006439, -1.05845046043396, -0.8017008900642395, -1.7561630010604858, 2.5715627670288086, 1.0240141153335571, 0.0961720198392868, 0.013420725241303444, 0.022540945559740067, 1.1146745681762695, 0.9545591473579407, 1.1902430057525635, -0.002115577459335327, 0.6995774507522583, 0.24926501512527466, 0.04242825135588646, 0.5307177305221558, -1.1778870820999146, -0.6958491206169128, 1.4256709814071655, -1.3043813705444336, 1.1256765127182007, -1.4588052034378052, -2.1692306995391846, 0.5087470412254333, 0.4486883878707886, 0.1471569836139679, -0.05942583829164505, 0.5930852890014648]",yunet,Facenet,1920,1080,/home/amos/media/tv/modern_family/Modern.Family.S09.1080p.DSNP.WEB-DL.DDP5.1.H.264-CRFW/Modern.Family.S09E21.The.Escape.1080p.DSNP.WEB-DL.DDP5.1.H.264-CRFW.mkv,Modern Family,2009,1442437,9,21,Sofía Vergara,63522.0,0.748
167,366,204,570,456,546,300,462,300,0.914,3840,0,"[-1.732924222946167, 0.2615117132663727, 1.5490645170211792, -0.010449633002281189, 0.4713776409626007, 0.1039893701672554, -0.46118831634521484, -0.7393130660057068, -0.2207450568675995, 1.1396564245224, 0.33239489793777466, 1.6269932985305786, -0.07613757252693176, -0.5493661165237427, 1.0146733522415161, 1.0021206140518188, -1.4916447401046753, -1.2295424938201904, -2.381479263305664, 0.8493640422821045, -0.1107933297753334, 0.2512815296649933, 1.420790433883667, 0.12938030064105988, -0.18966323137283325, -0.6813988089561462, -0.5514218807220459, -0.07425557076931, 3.312648057937622, -0.9746392369270325, 0.08615235239267349, -2.5213305950164795, 1.0117241144180298, -1.6085946559906006, 0.6174752712249756, 0.9645742177963257, -1.2599674463272095, -0.5175920724868774, 0.7956705093383789, -1.1106295585632324, -0.789679229259491, -0.20223736763000488, -2.0480668544769287, 0.5111021995544434, -1.3499869108200073, 0.6933289766311646, -1.4997637271881104, -0.25503984093666077, -1.760798692703247, 0.7053290605545044, -0.786504328250885, 1.218953251838684, 0.8218703866004944, 1.0414066314697266, -0.053413476794958115, 0.1652209460735321, -0.11723580956459045, -0.02670680731534958, -0.09236019104719162, 0.6046568155288696, 0.3435684144496918, -1.9930262565612793, -0.21279984712600708, -0.9267441630363464, 0.42235422134399414, 0.8179270029067993, 0.26295536756515503, -0.046654630452394485, 1.2104153633117676, -0.7244222164154053, -2.348356246948242, 0.7303987741470337, -1.3982861042022705, 0.8627068996429443, 0.4897795617580414, 0.5836005210876465, -0.7724817991256714, -0.8128073811531067, 1.2982426881790161, 0.6973642706871033, 0.17489495873451233, 0.07015104591846466, -0.322868674993515, 0.8738769888877869, 0.3502276539802551, -1.6671489477157593, -0.315695196390152, 0.32889634370803833, -0.9199594259262085, 0.7395254373550415, -0.4750167429447174, 0.31248927116394043, 1.0574135780334473, 0.12540242075920105, -0.9217827916145325, 1.1775821447372437, -1.3873772621154785, 0.4006851017475128, 0.3824463486671448, -2.2948291301727295, -1.257437825202942, -1.1195429563522339, -1.734108328819275, 2.5252556800842285, 1.1345479488372803, 0.43589138984680176, -0.31661418080329895, -0.7073405981063843, 0.8811936378479004, -0.17545628547668457, 1.8406574726104736, 0.8711960315704346, 1.3503143787384033, -0.7965553402900696, 1.5925097465515137, 1.3029779195785522, 0.5088238716125488, -0.2494068443775177, 0.5038726329803467, 0.555316686630249, 1.2396886348724365, -1.9932748079299927, -0.7310312390327454, -0.3835808336734772, -0.22876621782779694, 0.5999683737754822, 0.36498725414276123, 0.6398018598556519]",yunet,Facenet,1920,1080,/home/amos/media/tv/modern_family/Modern.Family.S09.1080p.DSNP.WEB-DL.DDP5.1.H.264-CRFW/Modern.Family.S09E21.The.Escape.1080p.DSNP.WEB-DL.DDP5.1.H.264-CRFW.mkv,Modern Family,2009,1442437,9,21,Sofía Vergara,63522.0,0.793
168,966,264,1218,546,1140,384,1026,396,0.901,3840,1,"[0.121396005153656, -0.5362949967384338, -0.29792162775993347, -0.17524847388267517, 1.2126011848449707, -0.5071369409561157, -0.5557927489280701, 0.24664708971977234, -0.5718774199485779, -0.7098100185394287, -0.44097664952278137, 0.6711291074752808, -2.9551949501037598, 0.5314933061599731, -0.03789019584655762, -0.4879760146141052, 1.6509450674057007, -0.8154551386833191, -0.28474652767181396, -1.3355753421783447, -1.8815946578979492, -0.8630127906799316, -0.4042864441871643, 0.22694584727287292, 0.9661485552787781, -0.487476110458374, 0.8676832914352417, 1.9581842422485352, 0.17612262070178986, 0.5555387735366821, -1.1390753984451294, 1.4617925882339478, -2.321013927459717, 1.0774213075637817, -1.333208441734314, 1.1571097373962402, -0.3136037588119507, 0.10138905048370361, -0.2645072638988495, 0.34246137738227844, -1.369942545890808, -1.648634910583496, -1.7258310317993164, 1.3532377481460571, 1.3755090236663818, -0.9158086776733398, 0.12560099363327026, 0.4067654013633728, -0.5229505300521851, 0.48136261105537415, -0.4114202857017517, -0.20421257615089417, 0.15445047616958618, 0.6967035531997681, -0.3360595703125, 0.03213615342974663, -0.7203919291496277, 0.002924080938100815, -1.2703105211257935, 0.7251110672950745, -2.788696050643921, -0.8397994637489319, 0.3708130121231079, -0.7248372435569763, 0.11890161037445068, 1.7249338626861572, -1.0815296173095703, 1.660803198814392, 0.04457217454910278, -0.8997488021850586, 0.04132669046521187, -0.4222888648509979, -0.26779481768608093, 1.1997504234313965, 0.5107710361480713, 0.9934054613113403, -0.19078224897384644, 0.08546891808509827, 0.05395527929067612, 1.275836706161499, -1.2076159715652466, 0.804595947265625, -0.9082556962966919, -0.5790799260139465, -0.32237064838409424, 1.3620458841323853, 0.3985544741153717, -0.25148069858551025, 0.7829005718231201, 0.9679370522499084, 1.5931793451309204, -0.5209471583366394, -0.1579105705022812, -2.133420944213867, 0.5613914728164673, 1.0096620321273804, -0.7488947510719299, -0.7183231711387634, -0.14491869509220123, 1.5224717855453491, -0.993900716304779, 0.9772660136222839, -0.033893734216690063, -1.9235975742340088, -0.8802492618560791, -1.1421669721603394, -0.15750302374362946, -1.3374046087265015, 1.1169308423995972, -1.374734878540039, -1.130521297454834, 0.09828843176364899, 0.21533972024917603, -1.8142483234405518, 1.673367977142334, 0.3234459459781647, -0.16100750863552094, 2.1907434463500977, 0.488070011138916, 0.2682191729545593, -0.5288808941841125, 0.6729604005813599, 1.5514869689941406, -0.9189982414245605, -0.029392719268798828, 1.1930948495864868, 0.7259501218795776, 0.4358052909374237]",yunet,Facenet,1920,1080,/home/amos/media/tv/modern_family/Modern.Family.S09.1080p.DSNP.WEB-DL.DDP5.1.H.264-CRFW/Modern.Family.S09E21.The.Escape.1080p.DSNP.WEB-DL.DDP5.1.H.264-CRFW.mkv,Modern Family,2009,1442437,9,21,Ed O'Neill,18977.0,0.652
169,642,246,780,432,756,312,690,318,0.918,3888,0,"[-0.5778783559799194, 0.7901406288146973, 1.5304491519927979, 0.3757127821445465, -0.3057628273963928, 0.3192901313304901, 0.5143308639526367, -0.28217199444770813, 1.0769730806350708, 1.148903727531433, 0.38700923323631287, 1.08669912815094, -0.4175735116004944, -1.3622909784317017, -1.3543996810913086, 1.1340179443359375, -0.563395619392395, -1.0104649066925049, -2.101224660873413, 0.6945639848709106, 1.8040846586227417, 0.015378916636109352, 0.7549712657928467, -0.20521429181098938, 0.18698960542678833, 0.18563707172870636, -0.4936438202857971, 0.5976619720458984, 3.088747978210449, -1.363855242729187, 0.15398406982421875, -1.8585437536239624, 1.5410804748535156, -1.1258596181869507, 1.1410002708435059, 0.24563589692115784, -3.3508970737457275, 0.5860161185264587, 0.372376024723053, 0.18309558928012848, -1.4975459575653076, 0.3452501893043518, -1.1638612747192383, -0.2316434383392334, -0.8751654028892517, 0.895207941532135, -0.9504245519638062, 0.8029625415802002, -2.533961534500122, -0.4963041841983795, -0.27027779817581177, 2.153524875640869, 0.025416817516088486, 0.47899574041366577, 0.07605280727148056, 1.9967705011367798, 1.044557809829712, -0.3937235474586487, -1.1018710136413574, 0.20218420028686523, 0.3925674259662628, -0.18534253537654877, -1.431908130645752, -0.37350770831108093, 0.722508430480957, 0.7650076150894165, 0.30932295322418213, 0.4488956034183502, 0.9384869337081909, -1.0814985036849976, -1.1124651432037354, -0.9689514636993408, -0.0358237698674202, -0.3816641569137573, 2.188075065612793, 0.7218728065490723, -0.02995879203081131, -0.3347095549106598, 0.5659831762313843, -0.37179136276245117, 1.6290385723114014, -0.9554953575134277, 0.7354952692985535, -1.1349161863327026, 0.7598140835762024, -0.13744744658470154, 0.16568398475646973, 0.25773704051971436, 0.6966285705566406, 1.632408857345581, -1.307071328163147, 1.1387004852294922, 2.5270872116088867, 0.15506821870803833, 0.3988743722438812, 1.5390053987503052, -1.4558526277542114, -0.3629342019557953, -0.5952097177505493, -1.3000938892364502, -0.4843400716781616, 0.31658291816711426, -1.3670250177383423, 1.2431796789169312, 1.5576975345611572, -0.2832573652267456, 0.45822015404701233, 0.6672561168670654, 0.9495245218276978, -0.33956554532051086, 1.347999930381775, 1.8138582706451416, -0.5108065605163574, -0.15370742976665497, 0.18772590160369873, 1.8034532070159912, -0.7457334995269775, 1.502699851989746, 1.3130433559417725, -1.6683096885681152, 1.5371214151382446, -0.8980295658111572, -0.9889364242553711, 0.31488436460494995, 2.001638889312744, -0.3273686468601227, -0.3006614148616791, 0.8802473545074463]",yunet,Facenet,1920,1080,/home/amos/media/tv/modern_family/Modern.Family.S09.1080p.DSNP.WEB-DL.DDP5.1.H.264-CRFW/Modern.Family.S09E21.The.Escape.1080p.DSNP.WEB-DL.DDP5.1.H.264-CRFW.mkv,Modern Family,2009,1442437,9,21,Sofía Vergara,63522.0,0.743
170,216,222,342,396,312,294,264,294,0.913,3888,1,"[-0.10273554921150208, 1.4566407203674316, 0.4174433946609497, 0.33518239855766296, -0.29757651686668396, -0.865423321723938, -1.2470786571502686, -0.9760994911193848, -0.2052658200263977, -0.3082600235939026, -0.1658155620098114, 0.27592605352401733, 0.5970553159713745, -1.4925025701522827, -0.9369876384735107, -0.7633286118507385, -0.4857144057750702, -0.1716022789478302, -1.1963390111923218, 0.7430411577224731, -0.7490302324295044, 2.049231767654419, -0.3661489486694336, 1.1798832416534424, -0.7111378908157349, 1.7482082843780518, -1.7646381855010986, 2.27449369430542, 1.1531370878219604, -2.2298130989074707, -0.266105592250824, -0.6184613108634949, -0.46863824129104614, -0.6138747930526733, 1.414930820465088, 1.3068130016326904, 0.4914395809173584, -0.43609535694122314, 1.1251375675201416, 0.4689702093601227, 0.4879884123802185, -0.005727211944758892, -1.5530023574829102, -0.5602522492408752, -0.06328713893890381, 0.3862188756465912, 0.6335871815681458, -0.260090172290802, -0.5131800174713135, -2.24055552482605, 0.1740444004535675, -0.5310667753219604, -0.9166802167892456, -0.7034879326820374, 0.0039256662130355835, 1.3058242797851562, 1.7510885000228882, 0.21028321981430054, 0.09077001363039017, -1.1534696817398071, 0.9784124493598938, -1.4781705141067505, -1.4126173257827759, -0.5150195360183716, -0.6582520008087158, 2.6708343029022217, 2.344187021255493, 0.5388430953025818, 1.4717172384262085, -0.08716952055692673, 0.01799931935966015, 0.9191673994064331, -0.548235297203064, 1.2073198556900024, 0.11288619041442871, 0.895929217338562, -0.27788299322128296, 1.278786301612854, 0.35144051909446716, 0.33844244480133057, 0.18841931223869324, -1.281809687614441, 0.43519118428230286, 0.4650322198867798, -0.4318735897541046, -0.4378226697444916, 0.15351171791553497, 0.32982337474823, -0.07181331515312195, 0.1923525482416153, 0.6759985089302063, -1.6889573335647583, -0.10165538638830185, -0.43898722529411316, 0.33450332283973694, -0.977868378162384, 0.6650283336639404, 0.3694385588169098, 1.0277295112609863, -1.2688307762145996, -1.1900681257247925, 0.5818426609039307, -1.7704496383666992, 0.3108736574649811, -0.22489821910858154, 1.5383086204528809, 1.1172142028808594, -0.9572964906692505, 0.4259498417377472, 0.7208536267280579, -0.18267950415611267, 1.6041889190673828, 0.1558234691619873, -0.02467884123325348, 0.6248883008956909, 2.707028388977051, -0.6739110946655273, -1.4815095663070679, 0.5241243839263916, 0.32828623056411743, -0.5841411352157593, 0.8201748132705688, -0.14361664652824402, -1.4138950109481812, 1.7264626026153564, -0.6983696818351746, 1.1646502017974854, -0.796125590801239]",yunet,Facenet,1920,1080,/home/amos/media/tv/modern_family/Modern.Family.S09.1080p.DSNP.WEB-DL.DDP5.1.H.264-CRFW/Modern.Family.S09E21.The.Escape.1080p.DSNP.WEB-DL.DDP5.1.H.264-CRFW.mkv,Modern Family,2009,1442437,9,21,Ty Burrell,15232.0,0.708
171,636,216,786,414,732,294,672,300,0.921,3912,0,"[-2.8611435890197754, -0.0745701789855957, 0.544870913028717, 1.1104110479354858, 0.44748881459236145, 0.7105801701545715, 0.5854356288909912, 0.29341039061546326, -0.3841547966003418, 1.6180883646011353, 0.9188461899757385, 1.232508659362793, -0.5615962743759155, -1.2182154655456543, -0.10734257102012634, 1.1015652418136597, 0.024534162133932114, -1.6493571996688843, -1.3420507907867432, 0.3019903302192688, 0.4832961857318878, -0.37633636593818665, -0.33116140961647034, 0.23234695196151733, -0.9363002777099609, 0.6462661027908325, -1.1477874517440796, 1.1022868156433105, 2.4329559803009033, 0.19726631045341492, 0.3618778586387634, -1.979420781135559, -0.42406174540519714, -1.690429449081421, 2.9655420780181885, 0.5558851957321167, -2.136247158050537, 0.441106379032135, 1.2516601085662842, -0.10057979822158813, -0.24069976806640625, 0.6045719981193542, -2.0485193729400635, 0.974195122718811, -0.7965084314346313, 0.8362669348716736, 0.4955088198184967, -0.23255270719528198, -1.3105429410934448, 0.8685566186904907, -0.5931397676467896, 2.371445894241333, 1.8447080850601196, -0.6763315796852112, 0.20315232872962952, 1.4847267866134644, 0.27896392345428467, -0.7231643795967102, 1.488806962966919, 1.5117641687393188, 0.7407526969909668, -0.7450684309005737, -0.2817293703556061, -2.2210872173309326, 0.6975218057632446, 0.3767359256744385, 0.08054320514202118, 1.6490375995635986, 1.6583564281463623, -0.4641266465187073, -1.3192532062530518, 0.6502346992492676, -1.7131167650222778, 0.34357744455337524, 0.2812674045562744, 1.978933572769165, 0.1429409384727478, 0.10685810446739197, 0.3237970173358917, 0.9115585088729858, 0.052662819623947144, -0.9759314060211182, -0.36267340183258057, -1.3536477088928223, 0.30052798986434937, -1.5540058612823486, -0.32306981086730957, 1.2314302921295166, -0.5736589431762695, 1.336592674255371, -1.0483969449996948, 0.5167573690414429, 0.23165053129196167, 1.321833610534668, -0.212284117937088, 0.3756709098815918, -0.052318546921014786, 0.34119439125061035, 1.0133657455444336, 0.2397475391626358, 0.13926026225090027, -0.42941373586654663, -1.8950690031051636, 1.5347732305526733, 0.5263929963111877, 0.2164137065410614, 1.056494116783142, 0.17244744300842285, 0.7744082808494568, -0.21145334839820862, 2.4302830696105957, 0.8679810166358948, 1.1129790544509888, -0.6911317706108093, 0.415217787027359, 0.7295709848403931, 1.2039471864700317, 0.6136184334754944, 0.7839348912239075, 0.17567825317382812, 2.351862907409668, -0.5962318181991577, -1.4447039365768433, -1.0444175004959106, -0.3822745680809021, 0.6086631417274475, 0.11747457832098007, -0.8949833512306213]",yunet,Facenet,1920,1080,/home/amos/media/tv/modern_family/Modern.Family.S09.1080p.DSNP.WEB-DL.DDP5.1.H.264-CRFW/Modern.Family.S09E21.The.Escape.1080p.DSNP.WEB-DL.DDP5.1.H.264-CRFW.mkv,Modern Family,2009,1442437,9,21,Sofía Vergara,63522.0,0.672
172,1350,72,1608,390,1566,192,1458,192,0.909,3912,1,"[-0.5378541946411133, -0.4933793246746063, 1.0129588842391968, 0.6302967667579651, 0.7518661618232727, -1.045181393623352, 0.43699100613594055, 0.4115121066570282, -0.8869729042053223, 0.3000495135784149, -0.5784571766853333, 0.8792704939842224, -1.3433173894882202, -0.09023114293813705, 1.2774105072021484, -0.27220618724823, 0.9131525754928589, 0.6225690841674805, 0.20567108690738678, -1.5858354568481445, -1.3641821146011353, -1.655801773071289, 0.016379058361053467, 0.038738399744033813, 0.9272702932357788, -0.7712074518203735, 0.4493693709373474, 3.742105484008789, 0.1697845458984375, -0.9218465685844421, -1.175628423690796, 1.910847544670105, -2.9742114543914795, 0.9049298763275146, -1.1025898456573486, -0.4886302947998047, -1.2043501138687134, -0.7065197229385376, -0.9769741892814636, -0.4341795742511749, -0.13462600111961365, -0.8933518528938293, -0.3555164635181427, 0.999311089515686, 1.6078033447265625, -0.8596094846725464, 0.000549711287021637, -1.2510885000228882, 0.8849329948425293, 1.0329086780548096, -0.574353814125061, 0.032604217529296875, 0.004256211221218109, 0.9585831165313721, -0.17103326320648193, 0.1229613646864891, -0.7576960325241089, -0.24813801050186157, -1.0767455101013184, 0.5030662417411804, -2.2865753173828125, -0.3987497091293335, 1.049936294555664, -0.5491847991943359, -0.3120254874229431, 0.8651067018508911, -0.31236711144447327, 1.208856463432312, 0.0976189598441124, -0.3708755075931549, -1.8202556371688843, 0.04459790885448456, 1.2491655349731445, 0.42827969789505005, -0.2876105308532715, 0.3698490858078003, -1.3508150577545166, -0.1431187093257904, -0.5571219325065613, 1.2232444286346436, -0.1251683235168457, 1.407480239868164, -0.445695161819458, -2.5991742610931396, -1.0552114248275757, 0.389877051115036, 0.052278630435466766, 0.5619829893112183, 0.33943507075309753, 2.2845213413238525, 1.3572343587875366, -0.368171751499176, -1.0166373252868652, -1.355721354484558, 1.0646114349365234, -0.7712414264678955, -1.2051962614059448, -0.4239782392978668, 1.8704776763916016, 1.9585386514663696, -0.9067028164863586, 1.6783130168914795, 0.22908872365951538, -1.5525158643722534, 0.699630618095398, -0.07027985155582428, -0.2932238280773163, 0.706331729888916, -0.058909423649311066, -1.3189342021942139, -1.1385719776153564, 1.3017922639846802, -0.7088438272476196, -1.3903231620788574, 1.5191057920455933, 0.5739573240280151, 1.1901746988296509, 0.7131182551383972, 0.36925312876701355, -0.7512825727462769, -0.09071314334869385, 0.2994588613510132, 1.574568271636963, -0.07437625527381897, 0.20599541068077087, 0.11152485758066177, 0.2998732328414917, 0.647560179233551]",yunet,Facenet,1920,1080,/home/amos/media/tv/modern_family/Modern.Family.S09.1080p.DSNP.WEB-DL.DDP5.1.H.264-CRFW/Modern.Family.S09E21.The.Escape.1080p.DSNP.WEB-DL.DDP5.1.H.264-CRFW.mkv,Modern Family,2009,1442437,9,21,Ed O'Neill,18977.0,0.716
173,426,210,522,342,504,264,462,270,0.908,3912,2,"[0.07563214749097824, 0.9549939632415771, 0.6822592616081238, 0.3144223690032959, -0.5183083415031433, -1.1807211637496948, -1.2000349760055542, -0.6005164980888367, -1.4593747854232788, 0.054447393864393234, 0.6483669877052307, 0.5243656635284424, 1.2150598764419556, -2.2239959239959717, -1.1888738870620728, -0.28480207920074463, -0.4969818890094757, -0.5917743444442749, 0.3999926447868347, 1.1479804515838623, -0.6366876363754272, 2.2219676971435547, -0.12040619552135468, 0.03516532480716705, -0.5458256006240845, 1.283101201057434, -1.7928072214126587, 3.0537467002868652, 1.0810415744781494, -2.44553804397583, -0.6415995359420776, -0.6179748773574829, 0.5423442721366882, -1.5673620700836182, 0.42782461643218994, 0.8777163028717041, 1.0561093091964722, -0.6357098817825317, 0.5454260110855103, -1.0098994970321655, -0.5656251311302185, 1.7424659729003906, -1.5310224294662476, -0.30917680263519287, 0.581368625164032, 0.6500194072723389, 0.10459156334400177, 0.5391931533813477, 0.37905043363571167, -0.6962769031524658, -0.2823348045349121, 0.28584009408950806, -1.9176805019378662, -0.33620643615722656, -0.6210549473762512, 2.1927473545074463, 0.9399365782737732, 1.05979585647583, -0.48465627431869507, 0.8902196884155273, 2.0046565532684326, -1.1003957986831665, 0.09864569455385208, 0.6217947602272034, -0.7672815918922424, 2.6015257835388184, 1.612478494644165, 1.0316179990768433, 1.9558956623077393, 0.8428546190261841, -0.6164041757583618, 0.7467924356460571, -1.9943816661834717, 1.1385314464569092, 1.0527387857437134, 0.3483477234840393, -0.9661252498626709, 1.203940749168396, 0.5313127636909485, 1.2409144639968872, 0.0006145834922790527, -1.074823021888733, 0.5891568660736084, 0.761365532875061, -0.3952561616897583, -1.1129194498062134, -0.030152026563882828, -0.2529739737510681, -0.9381191730499268, -1.8274985551834106, 0.47231873869895935, -1.0871262550354004, 0.8845062851905823, -0.10024414211511612, 0.8146421313285828, -1.5574625730514526, -0.8011001944541931, -0.10507910698652267, 0.040832795202732086, -1.6668864488601685, -0.7215527892112732, 0.6098363995552063, -0.7572730183601379, 0.13303455710411072, -0.14111009240150452, 1.0322012901306152, 0.7826665043830872, -1.8118658065795898, -0.7042304277420044, 0.40539464354515076, -0.22355914115905762, 0.5658895373344421, -0.27590546011924744, 1.517946720123291, 0.6227561235427856, 3.0255072116851807, -0.6628576517105103, -1.067647933959961, -0.4933086931705475, 1.8570517301559448, -0.3586464524269104, 0.7938776016235352, 0.1773601472377777, -0.16964603960514069, 1.8171894550323486, -1.478316307067871, 0.8503914475440979, 0.321525901556015]",yunet,Facenet,1920,1080,/home/amos/media/tv/modern_family/Modern.Family.S09.1080p.DSNP.WEB-DL.DDP5.1.H.264-CRFW/Modern.Family.S09E21.The.Escape.1080p.DSNP.WEB-DL.DDP5.1.H.264-CRFW.mkv,Modern Family,2009,1442437,9,21,Ty Burrell,15232.0,0.647
174,714,246,882,468,852,336,786,330,0.9,3936,0,"[-0.7825385332107544, 1.2263246774673462, 0.10724686831235886, 1.4345967769622803, 0.8983021974563599, 0.6714491844177246, 1.784663200378418, 0.3793219327926636, -0.2136104702949524, 2.0094590187072754, -0.17159561812877655, 1.6474878787994385, -1.2009122371673584, -0.6668503284454346, -0.6104058027267456, 1.3329493999481201, -0.9390965700149536, -1.304498553276062, -1.7977724075317383, 1.1415491104125977, 0.6257442235946655, 0.3780154883861542, 1.0952340364456177, -0.34610092639923096, -0.5448007583618164, 0.3154551684856415, -0.7491821050643921, 0.1494855284690857, 2.244004964828491, -0.013017680495977402, 0.7731113433837891, -1.1751344203948975, 0.36863723397254944, -0.6185320615768433, 1.315494418144226, -0.4380517899990082, -1.7096582651138306, -0.34625956416130066, 1.2230706214904785, 0.4594535529613495, -1.1036858558654785, 0.8981570601463318, -1.1278482675552368, 0.12109920382499695, 0.04731222242116928, 1.3982932567596436, -1.0531947612762451, 0.753690242767334, -2.1869943141937256, 0.910676121711731, -0.9244789481163025, 2.731813669204712, 0.7172781229019165, 1.1532474756240845, -0.8891897797584534, 1.568795919418335, 0.3611127734184265, -0.14669249951839447, -0.35549628734588623, -0.0012541040778160095, -0.16117379069328308, -0.5470740795135498, -0.3422118127346039, -1.4252551794052124, 0.6420652270317078, 0.22594411671161652, 0.647465169429779, 1.28564453125, 1.2268297672271729, -1.2761187553405762, -0.8191248774528503, 0.6426371335983276, -0.3593169152736664, 1.7792208194732666, 0.2863716781139374, 0.2707056403160095, 0.14847084879875183, -0.9870257377624512, 0.46876060962677, 0.2077539712190628, 1.1012556552886963, -0.29097187519073486, 0.1254957616329193, -0.9510092735290527, -0.2821720242500305, -1.3972291946411133, 0.006226198747754097, 0.24549026787281036, 0.2856994569301605, 2.380110740661621, -2.558427572250366, 0.8204860091209412, 1.366370439529419, 1.15884268283844, -0.48922640085220337, 0.4133833944797516, -0.2288273274898529, 0.08945697546005249, -0.19609375298023224, -0.23963989317417145, -0.9019289016723633, -1.1134968996047974, -2.778381824493408, 1.5092076063156128, 0.532142162322998, -0.18806149065494537, 0.004667114466428757, -0.13567031919956207, 0.46693354845046997, 0.3711504638195038, 1.8330228328704834, 2.062023639678955, 1.5801541805267334, -0.7032067775726318, 1.52422297000885, 1.5383267402648926, -0.5188433527946472, 0.24943047761917114, 1.493159294128418, -1.2341415882110596, 1.5375592708587646, -1.1079853773117065, -1.3890750408172607, 0.3931092321872711, -0.08697877824306488, 0.5962682366371155, -0.010954491794109344, 0.15099778771400452]",yunet,Facenet,1920,1080,/home/amos/media/tv/modern_family/Modern.Family.S09.1080p.DSNP.WEB-DL.DDP5.1.H.264-CRFW/Modern.Family.S09E21.The.Escape.1080p.DSNP.WEB-DL.DDP5.1.H.264-CRFW.mkv,Modern Family,2009,1442437,9,21,Sofía Vergara,63522.0,0.784
175,1332,204,1572,510,1530,324,1434,324,0.909,3960,0,"[-0.17297351360321045, 0.3683372735977173, 0.8670179843902588, 0.0764334425330162, 0.374004989862442, 0.05473680794239044, 1.0536646842956543, -0.020051319152116776, -0.32443171739578247, 2.2099549770355225, 0.17293131351470947, 1.293624758720398, -0.3927026391029358, -0.45825374126434326, -0.941285252571106, 0.9928595423698425, -1.306480884552002, -1.9808892011642456, -1.1094081401824951, 0.6742681264877319, 1.025762915611267, 0.6490100026130676, 0.446500688791275, 0.15763333439826965, 0.7260577082633972, 0.33321624994277954, -0.549784779548645, 0.042506009340286255, 2.7198596000671387, -1.10379958152771, 0.8669047355651855, -0.8593874573707581, 1.4804258346557617, -0.3777908980846405, 1.3002811670303345, 0.04257582500576973, -1.4873062372207642, 0.47573891282081604, 1.8512380123138428, -0.9758844375610352, -1.2196027040481567, 1.8911505937576294, -1.4036206007003784, -0.8591880798339844, -1.9585920572280884, 0.08604153990745544, -1.6319702863693237, 0.9767869710922241, -2.380831480026245, 1.1868858337402344, -0.5705345869064331, 2.216770887374878, 1.456946611404419, 0.8041754961013794, -0.03784940019249916, 0.9460921883583069, 0.7173324227333069, -1.08070969581604, -0.35051053762435913, 0.48007526993751526, -0.10488836467266083, -1.1475378274917603, -1.1505239009857178, -1.5586825609207153, 0.6602866053581238, 0.3769657611846924, 0.7323364019393921, 0.7696079015731812, 0.6659943461418152, 0.669540286064148, -0.626378059387207, 0.10848891735076904, -1.334842324256897, 0.9378357529640198, 0.08957013487815857, 0.23602606356143951, 0.1212444007396698, -1.004360556602478, 1.164168357849121, 0.04525478184223175, 1.6323533058166504, -0.6592775583267212, 0.6570571064949036, -0.2224901169538498, 1.0088846683502197, -0.39852333068847656, 0.5560046434402466, 0.1646331399679184, 0.7991498708724976, 2.189481258392334, -2.0896780490875244, 1.2227755784988403, 0.8054805994033813, 0.9169331192970276, 0.22374488413333893, 1.122839331626892, -1.200606346130371, -0.103282131254673, -0.06314405053853989, -1.5027084350585938, -0.4352843761444092, -1.347809076309204, -2.4314870834350586, 0.3014145493507385, 0.721462070941925, 0.7259922623634338, 0.12491869926452637, -0.2815663814544678, 0.7707334160804749, 0.3019459843635559, 1.4732990264892578, 1.1687854528427124, 0.49978914856910706, -0.49289053678512573, 1.562018632888794, 0.8951852321624756, -0.8593941926956177, -0.2884475588798523, 1.5385335683822632, -0.9980859756469727, 1.8932826519012451, -1.8554699420928955, -1.6342036724090576, 0.9377191662788391, 1.6628243923187256, 0.40366318821907043, 0.6880720853805542, 0.2642875015735626]",yunet,Facenet,1920,1080,/home/amos/media/tv/modern_family/Modern.Family.S09.1080p.DSNP.WEB-DL.DDP5.1.H.264-CRFW/Modern.Family.S09E21.The.Escape.1080p.DSNP.WEB-DL.DDP5.1.H.264-CRFW.mkv,Modern Family,2009,1442437,9,21,Sofía Vergara,63522.0,0.804
176,828,150,954,318,906,222,858,222,0.904,3960,1,"[0.2918110191822052, -0.4872830808162689, -1.0870815515518188, 1.0612508058547974, 1.3760247230529785, -0.7887368202209473, 1.1260677576065063, 0.47048482298851013, 0.4839801490306854, 0.3923579752445221, -1.354069471359253, -1.1175328493118286, 0.6212854385375977, 0.8788071870803833, 0.7905328273773193, 0.823541522026062, -0.8925062417984009, -2.4606070518493652, -1.3410357236862183, 0.194594606757164, -1.0900837182998657, 1.7230385541915894, -0.6090748310089111, 2.265674591064453, 1.6863961219787598, 2.2125296592712402, 1.298759937286377, 0.5042093992233276, 1.8446455001831055, -0.8124602437019348, 0.24517136812210083, 0.8544914126396179, -2.511847734451294, 1.7284878492355347, -1.3450281620025635, -1.0516124963760376, 0.6726574301719666, -2.147610664367676, 0.8586434125900269, -1.0448853969573975, -0.3579064905643463, 0.20822227001190186, -0.2398260235786438, -0.7512658834457397, 0.16080090403556824, -0.02203582599759102, 0.060808371752500534, -0.8546981811523438, -0.300950288772583, 1.1414680480957031, -0.11230134963989258, 0.5565308928489685, -2.6438615322113037, 0.36276859045028687, -1.3351627588272095, -1.4363363981246948, 1.1180442571640015, -1.0450178384780884, 0.06661045551300049, 1.271669626235962, -0.5622071027755737, -0.967009961605072, 0.9608154892921448, 0.4563022553920746, -1.0017634630203247, 0.7242338061332703, -0.841545045375824, 0.39869728684425354, -0.6016567349433899, -1.4088537693023682, -0.00026056496426463127, -0.36205196380615234, 1.543319821357727, 1.066970705986023, 1.6690943241119385, 0.19907787442207336, 0.3109583556652069, 1.1630569696426392, 0.5761252045631409, 0.998821496963501, -2.9388155937194824, 2.0463945865631104, -0.31355637311935425, -0.8812081813812256, -1.1519678831100464, -0.08525622636079788, 0.21396180987358093, -0.422294020652771, 0.5962989330291748, 0.46723392605781555, 1.1483427286148071, -0.34883323311805725, -0.1215408593416214, -1.3844999074935913, 1.8895554542541504, 0.390855997800827, -0.8260309100151062, 1.5729156732559204, -0.3400760889053345, -0.8542232513427734, 0.11134292185306549, -0.04209262877702713, -0.9170318841934204, -0.2160077691078186, 0.633236289024353, -0.33966052532196045, -0.26146507263183594, 0.15832184255123138, -0.7058445811271667, -0.509362518787384, 0.5910409688949585, -0.8901875019073486, 2.267348051071167, -2.071695566177368, 2.3980555534362793, 0.8166037797927856, 0.2587120831012726, 0.5660037994384766, -0.3607273995876312, 0.35702192783355713, 1.0637085437774658, -0.11387893557548523, 0.48736464977264404, 0.1641566902399063, -1.0454543828964233, -0.5908295512199402, -0.14709672331809998, -0.30733251571655273]",yunet,Facenet,1920,1080,/home/amos/media/tv/modern_family/Modern.Family.S09.1080p.DSNP.WEB-DL.DDP5.1.H.264-CRFW/Modern.Family.S09E21.The.Escape.1080p.DSNP.WEB-DL.DDP5.1.H.264-CRFW.mkv,Modern Family,2009,1442437,9,21,Eric Stonestreet,156962.0,0.637
177,1404,30,1596,300,1578,126,1488,126,0.901,4032,0,"[0.6810877323150635, -0.1996680349111557, -0.49788227677345276, -0.23658820986747742, 1.6231356859207153, -0.7690403461456299, 2.099581241607666, -0.1586521714925766, -0.13830482959747314, 0.649682343006134, -1.092820405960083, -0.5512754917144775, -0.4182922840118408, 0.7219345569610596, -0.2193131446838379, 1.4824339151382446, -0.10938961803913116, -2.0736844539642334, 0.47182583808898926, -1.1949348449707031, -1.2753626108169556, 1.7647100687026978, -1.0541517734527588, 1.0519819259643555, 0.15270361304283142, 1.1986756324768066, 1.5876026153564453, 0.4379802942276001, -0.2786663770675659, -0.0759454146027565, -0.5112498998641968, 1.4900070428848267, -2.0746185779571533, 1.9569909572601318, -0.5303614735603333, -0.3999183177947998, 1.187695026397705, -2.5397050380706787, 1.0664997100830078, -1.9500690698623657, -0.8631824254989624, -0.1585121750831604, -0.8027206659317017, -1.3067702054977417, 0.11458113044500351, -0.9520335793495178, -0.23555836081504822, -0.3081807494163513, -1.3945139646530151, 3.348198890686035, -1.483153223991394, 0.7470057606697083, -0.7470232248306274, 1.120220422744751, -1.548575758934021, -0.8587302565574646, 0.653041422367096, -0.5554642081260681, -0.6952082514762878, 0.14546948671340942, -2.7269704341888428, -1.4875739812850952, 2.2223470211029053, 1.5328255891799927, -0.4194827377796173, 0.20536647737026215, 0.13745741546154022, -0.23979611694812775, -0.08287353813648224, -0.6386480331420898, 1.0187675952911377, -1.247875690460205, 0.7813277244567871, 0.6360334753990173, 0.8221042156219482, -0.7433500289916992, -0.6300560235977173, -0.056732725352048874, 1.0418121814727783, -0.4954513907432556, -1.1284593343734741, 1.3457329273223877, -0.3989163935184479, -1.5265177488327026, -0.1708490252494812, 0.37451714277267456, 0.3676348328590393, 0.548923909664154, 1.1425153017044067, 1.5092002153396606, -0.5328323245048523, -0.1742178201675415, -0.10699557512998581, -1.0280342102050781, 2.1933205127716064, 0.5991677641868591, -1.5744494199752808, -0.15018339455127716, -0.34495434165000916, 0.8990077376365662, 0.13770626485347748, 1.3020516633987427, -0.09231340885162354, -1.5586848258972168, -0.09813002496957779, 0.11989626288414001, -0.6694016456604004, 0.48359933495521545, -1.0424249172210693, -1.8013652563095093, 0.3453156352043152, 0.3973250985145569, 1.504324197769165, 0.4266713857650757, 1.7557789087295532, -0.3315366804599762, 0.7111918926239014, 0.5263639688491821, -0.5471391677856445, 0.7388704419136047, -0.31853872537612915, -0.6304395198822021, 1.4517561197280884, -0.32882577180862427, -0.4738529920578003, 0.8154520988464355, 1.5876379013061523, -0.139854297041893]",yunet,Facenet,1920,1080,/home/amos/media/tv/modern_family/Modern.Family.S09.1080p.DSNP.WEB-DL.DDP5.1.H.264-CRFW/Modern.Family.S09E21.The.Escape.1080p.DSNP.WEB-DL.DDP5.1.H.264-CRFW.mkv,Modern Family,2009,1442437,9,21,Eric Stonestreet,156962.0,0.521
178,936,84,1068,258,1026,156,972,150,0.924,4080,0,"[0.8594211339950562, 1.2396408319473267, 0.37006932497024536, -0.32129496335983276, -0.33344385027885437, -0.5725878477096558, -1.1421416997909546, -0.5814761519432068, -0.417916476726532, -0.9096972942352295, -1.0975717306137085, 1.2384324073791504, 0.8811806440353394, 0.2620086967945099, -0.7887152433395386, -0.28612780570983887, 0.18441127240657806, -0.8668419718742371, -0.12881413102149963, -0.06025410443544388, -1.3464102745056152, 1.724510669708252, -0.8968476057052612, 0.7967776656150818, -0.6608567833900452, 1.5635011196136475, -3.068549156188965, 2.1841392517089844, 1.4231759309768677, -2.2189536094665527, 0.1831456422805786, -0.6928906440734863, -0.6041444540023804, -0.7355553507804871, 1.3349536657333374, 0.6047741174697876, 0.6174724102020264, 0.5924776196479797, 1.3660094738006592, 0.8536797761917114, 0.0430033877491951, 1.4665420055389404, -0.8210240602493286, -1.0223654508590698, -0.6794662475585938, 0.17269264161586761, 0.3337755799293518, 0.5316513776779175, -0.6156608462333679, -0.8964463472366333, 0.33992910385131836, -0.1549389809370041, -0.9828906059265137, -0.8078606128692627, 0.6680684089660645, 0.9511466026306152, 1.8058527708053589, 0.44214755296707153, 0.19806823134422302, 0.490063339471817, 1.0638905763626099, -1.6237387657165527, -0.6412957310676575, -0.19187434017658234, -1.0714167356491089, 2.0302059650421143, 1.7109800577163696, 0.8609787821769714, 1.3973305225372314, 0.33309611678123474, 0.32400012016296387, 1.638184666633606, -1.084843635559082, 1.1795718669891357, 0.05125715583562851, 0.7951620221138, -0.46083199977874756, 0.706207275390625, 0.7280264496803284, -0.3212328553199768, 0.053527139127254486, -1.1717932224273682, 0.4689945876598358, -0.19108715653419495, -1.6010894775390625, -0.9482243061065674, 0.4610493779182434, -0.6121262907981873, 0.2628084123134613, -0.2661636471748352, 0.4890463650226593, -1.8100788593292236, -0.1576717346906662, -1.3707748651504517, 0.7837108373641968, -0.34312474727630615, 0.2466866374015808, 0.8618084788322449, 0.7446505427360535, -1.0383130311965942, -0.27088314294815063, 0.7093353867530823, -2.427170753479004, 0.050506725907325745, -0.04815139248967171, 0.6229121685028076, 0.5060092210769653, -1.8883733749389648, 0.2424471080303192, 0.376571923494339, -0.2590242624282837, 1.4937193393707275, 0.4008057415485382, -0.19317272305488586, 0.2161063700914383, 1.2215232849121094, -0.5625364780426025, -0.875117301940918, 0.25895920395851135, -0.1029677540063858, -0.9094607830047607, 0.8025282621383667, 0.4778903126716614, -1.3034021854400635, 1.6462644338607788, -0.09794679284095764, 0.6392943263053894, -1.5190441608428955]",yunet,Facenet,1920,1080,/home/amos/media/tv/modern_family/Modern.Family.S09.1080p.DSNP.WEB-DL.DDP5.1.H.264-CRFW/Modern.Family.S09E21.The.Escape.1080p.DSNP.WEB-DL.DDP5.1.H.264-CRFW.mkv,Modern Family,2009,1442437,9,21,Ty Burrell,15232.0,0.823
179,594,216,726,396,702,288,642,294,0.903,4080,1,"[-0.9864046573638916, 0.1631961464881897, -0.08356079459190369, -0.6679727435112, 0.8073533773422241, -1.5395748615264893, 0.04385503754019737, 0.49047330021858215, 0.5548097491264343, -1.3669270277023315, 0.6375184059143066, 0.7636479139328003, 1.557268738746643, -1.1211260557174683, 0.24641895294189453, 0.6032583117485046, -0.21955722570419312, -0.6916750073432922, -1.7549997568130493, 0.5075308084487915, 1.0167266130447388, 0.466439425945282, 0.1567857563495636, -0.39996376633644104, -1.9103655815124512, 0.6747348308563232, -0.14048606157302856, -0.1322646588087082, -0.25048816204071045, -2.420111656188965, -0.6332887411117554, -0.1973598450422287, 0.11621163040399551, -0.972835898399353, 0.6825604438781738, 0.6126869916915894, -1.270119547843933, -0.703357458114624, 2.1166486740112305, -0.47771450877189636, -1.6661595106124878, 0.8261152505874634, 0.6921212673187256, -1.914074182510376, -0.9930176138877869, 0.06442098319530487, 0.31262969970703125, -1.724229097366333, -1.7675589323043823, 0.38876956701278687, -0.17722778022289276, -0.6833761930465698, -1.3244280815124512, -0.14277878403663635, 0.0345146507024765, -0.29257845878601074, 0.6513842940330505, 0.21665865182876587, -1.1825367212295532, 0.44681963324546814, 0.3517972230911255, -2.066776752471924, -0.43052932620048523, -0.8024575710296631, -0.12755927443504333, -1.1874041557312012, 0.43560364842414856, -1.6479599475860596, -0.17633724212646484, 0.24172499775886536, 0.2777979373931885, 1.2912381887435913, -1.4503540992736816, 0.49353188276290894, 2.374682903289795, 0.0026087649166584015, 0.09443807601928711, 0.48061299324035645, 0.3150806128978729, -0.9764969944953918, 0.15797585248947144, 0.29329919815063477, 0.23352548480033875, -0.6149020195007324, -0.6579605340957642, 0.6580706834793091, 1.0498961210250854, -1.5994724035263062, -0.9389855861663818, -0.08391672372817993, -0.4802732765674591, -0.602948009967804, -0.4613606631755829, -0.8061213493347168, -0.469287633895874, 0.4390760660171509, -2.300835132598877, 0.575860321521759, 0.2895489037036896, -1.592114806175232, -0.5111026167869568, -1.0691850185394287, 0.18868781626224518, 0.5676207542419434, 2.234748601913452, -1.2855898141860962, 0.3539082109928131, -0.051221758127212524, -0.41734421253204346, 0.996191680431366, 2.576819658279419, -0.3158954381942749, 0.48444342613220215, 1.452021837234497, 0.1926705539226532, 0.8028290271759033, -0.046231843531131744, 0.8753110766410828, -0.9749798774719238, 0.1949494481086731, -0.5850009322166443, -0.663585901260376, -0.46150147914886475, 0.9079849123954773, -1.3481345176696777, -0.06502848863601685, -2.313563108444214, -0.9246339201927185]",yunet,Facenet,1920,1080,/home/amos/media/tv/modern_family/Modern.Family.S09.1080p.DSNP.WEB-DL.DDP5.1.H.264-CRFW/Modern.Family.S09E21.The.Escape.1080p.DSNP.WEB-DL.DDP5.1.H.264-CRFW.mkv,Modern Family,2009,1442437,9,21,Julie Bowen,31171.0,0.637
180,1020,162,1158,348,1092,240,1044,240,0.922,4104,0,"[1.2080678939819336, 1.9272114038467407, 0.8493105173110962, 0.10480617731809616, -0.4121081829071045, -0.2834309935569763, -0.6207056641578674, -0.44658902287483215, -0.3406229615211487, -0.3291616439819336, 0.09589109569787979, 0.799893856048584, 1.5543639659881592, -0.8634727001190186, -0.8076683282852173, -0.07922708243131638, -0.40934911370277405, -0.15262237191200256, -0.7087302207946777, 0.8111052513122559, -0.30878108739852905, 2.0288145542144775, -0.13365532457828522, 0.029726272448897362, -1.0824098587036133, 0.6061205267906189, -3.7124319076538086, 2.4777698516845703, 0.20654653012752533, -1.8890082836151123, -0.16665592789649963, -1.352517008781433, -1.0329527854919434, -0.391427606344223, 1.871517539024353, 0.23576563596725464, 0.25633126497268677, 0.0242014117538929, 1.1619703769683838, 1.1009904146194458, 0.19231271743774414, 0.8639123439788818, -0.17811065912246704, -0.8388926982879639, 0.037265826016664505, 0.34055736660957336, 1.1471846103668213, 0.24953944981098175, -0.018709689378738403, -1.697392463684082, -0.3659648895263672, -0.28674954175949097, -1.746259331703186, -1.261917233467102, -0.19947871565818787, 0.7634667158126831, 2.44667911529541, 1.1141548156738281, 0.521376371383667, -0.7126643061637878, 1.3052887916564941, -0.6751697063446045, -0.549662709236145, -0.2723478674888611, -0.5287113785743713, 1.2181000709533691, 1.7922619581222534, 0.8024805784225464, 0.9808645248413086, -0.09300388395786285, -0.16545037925243378, 1.0180753469467163, -1.097254991531372, 1.0009654760360718, -0.22823184728622437, 0.880791425704956, -0.41829410195350647, 0.8438640832901001, 0.1389615535736084, -0.19969651103019714, 1.3613206148147583, -2.1889445781707764, 0.5603121519088745, -0.030616197735071182, -0.9438714981079102, -1.623976707458496, 0.10064355283975601, 0.11070840060710907, -0.6718920469284058, -0.3897663354873657, 0.6155440211296082, -1.6729906797409058, 0.34324008226394653, -0.9180988073348999, 0.23233060538768768, -1.0557736158370972, 0.48374608159065247, 0.3948347568511963, 0.852206826210022, -0.9019211530685425, -0.7801905274391174, 0.3489415943622589, -2.6600584983825684, -0.02718169428408146, -0.4689454138278961, 1.417420744895935, 0.8404095768928528, -1.5900009870529175, -0.10021446645259857, 1.0961720943450928, 0.11924047768115997, 1.7803653478622437, 0.272926390171051, 0.1491633951663971, 0.5596146583557129, 1.6112204790115356, -0.41007375717163086, -1.5168733596801758, 0.5672878623008728, 0.3486316502094269, -0.9991495609283447, 1.0946094989776611, -0.07560223340988159, -0.7300434708595276, 2.0108582973480225, -1.3793381452560425, 0.07600288838148117, -1.2414981126785278]",yunet,Facenet,1920,1080,/home/amos/media/tv/modern_family/Modern.Family.S09.1080p.DSNP.WEB-DL.DDP5.1.H.264-CRFW/Modern.Family.S09E21.The.Escape.1080p.DSNP.WEB-DL.DDP5.1.H.264-CRFW.mkv,Modern Family,2009,1442437,9,21,Ty Burrell,15232.0,0.728
181,1122,168,1296,414,1260,276,1182,270,0.91,4128,0,"[0.36482664942741394, 0.7775142192840576, 0.8939943909645081, -0.23797452449798584, 0.008478699252009392, -0.6347869634628296, 0.012990955263376236, -0.9779546856880188, -0.8248221278190613, -0.5687214136123657, -0.3268391788005829, 0.8591551184654236, 0.8643900156021118, -1.10127592086792, -1.6604405641555786, -1.0659886598587036, -0.9686554670333862, -0.19222402572631836, -0.028994739055633545, 0.8516192436218262, -0.789932131767273, 2.1250154972076416, -0.8849589824676514, -0.09765063971281052, -0.6874322295188904, 2.807159185409546, -1.2525118589401245, 1.7090427875518799, 1.6367555856704712, -1.7920019626617432, -0.6771723031997681, -0.04828159138560295, -0.33877816796302795, -1.2273889780044556, 0.5425816774368286, 0.7120482921600342, 0.22905218601226807, -1.017411231994629, 0.8287572860717773, -0.7535672187805176, 0.02715606987476349, 0.3582189083099365, -1.9018903970718384, -0.31699323654174805, 0.5262202620506287, 0.08279570937156677, 0.22078338265419006, -0.2731204926967621, 0.30434536933898926, -1.9457131624221802, -0.05355571210384369, -0.6679737567901611, -1.6676356792449951, -1.4745539426803589, -0.22484691441059113, 0.7716994285583496, 1.0832382440567017, 0.7974270582199097, 0.5119476318359375, 0.012380078434944153, 0.47398608922958374, -1.8234078884124756, -0.01654990203678608, -0.5186878442764282, -1.3455214500427246, 3.432927131652832, 1.6720963716506958, 0.8516474366188049, 2.903876543045044, 1.0193467140197754, 0.23982501029968262, 0.7752617597579956, -1.4378950595855713, 1.7680619955062866, 0.31634044647216797, 0.310408353805542, -0.44835999608039856, 0.9739555716514587, 1.110595464706421, 1.2510846853256226, -0.34836435317993164, -1.3085471391677856, 0.06353651732206345, 0.2786127030849457, -0.10635685175657272, -0.28483617305755615, 0.010501187294721603, -0.32663166522979736, -0.14383354783058167, 0.026335591450333595, 0.750292181968689, -1.1274033784866333, -0.0698871836066246, -0.861241340637207, -0.3218221962451935, -0.7708019018173218, 0.24347025156021118, 0.48567456007003784, 0.7716310024261475, -1.6170321702957153, -1.4592680931091309, 0.03460758924484253, -0.1889229416847229, 0.39426901936531067, -0.7066263556480408, 1.7359639406204224, 1.2147623300552368, -1.6773556470870972, -0.8054956197738647, 0.9468355774879456, 0.3746952414512634, 1.2339637279510498, -0.28414738178253174, 0.3049905598163605, 2.1547799110412598, 3.0369436740875244, -0.661278247833252, -0.7814945578575134, 0.6416826844215393, 0.6776013374328613, -0.04496634006500244, 1.6844260692596436, -0.23468710482120514, -0.1770167052745819, 0.7010611891746521, -0.7408791780471802, 0.5131398439407349, -0.46907559037208557]",yunet,Facenet,1920,1080,/home/amos/media/tv/modern_family/Modern.Family.S09.1080p.DSNP.WEB-DL.DDP5.1.H.264-CRFW/Modern.Family.S09E21.The.Escape.1080p.DSNP.WEB-DL.DDP5.1.H.264-CRFW.mkv,Modern Family,2009,1442437,9,21,Ty Burrell,15232.0,0.673
182,1716,84,1944,414,1914,216,1836,216,0.913,4152,0,"[1.2727192640304565, 1.5802688598632812, -0.5517352223396301, 0.1722204089164734, -0.27250218391418457, -1.0089000463485718, -0.7503295540809631, -1.1128073930740356, -0.4509592652320862, -1.696513295173645, 0.5099458694458008, 0.5797155499458313, 0.21138371527194977, -0.7757987976074219, -1.3167215585708618, -0.5356997847557068, -0.8481488227844238, -0.9929829835891724, -0.8335863351821899, 2.0533268451690674, -1.2786946296691895, 2.4123008251190186, 0.7921221256256104, 0.9313408136367798, 0.12494716048240662, 1.3511664867401123, -2.134922742843628, 1.346131443977356, 1.6439344882965088, -1.6174753904342651, -0.06744396686553955, -0.7202697396278381, -0.30081865191459656, -0.003544434905052185, 0.20656132698059082, 1.5761616230010986, 0.20560118556022644, 0.05140702426433563, 1.236642599105835, 0.09863969683647156, -0.30866438150405884, 1.5645183324813843, -1.9033011198043823, -1.171337366104126, 0.533381998538971, -0.08977222442626953, 0.3192064166069031, 0.37253010272979736, -0.5399688482284546, -0.24686944484710693, 0.5924773812294006, -1.128514289855957, 0.2934320569038391, -1.4420533180236816, -0.015007473528385162, 0.15123558044433594, 0.8554669618606567, 1.378436803817749, 0.36331331729888916, 0.5860523581504822, 1.6238842010498047, -1.4891979694366455, -1.1756725311279297, -1.3938180208206177, -1.1611213684082031, 2.1619322299957275, 1.7109795808792114, 0.5724819302558899, 1.7101168632507324, -0.1023898646235466, -0.15283331274986267, 0.7400562763214111, -1.719341516494751, 1.3408968448638916, -0.8097103834152222, 0.7670466899871826, -0.2406269609928131, 1.1864306926727295, 2.016848087310791, -0.40227580070495605, 0.04525825381278992, -0.5244892835617065, 0.6032930016517639, 0.5113303065299988, -0.7958225607872009, 0.12052051723003387, 1.1456489562988281, -0.059481434524059296, 0.825774073600769, -0.9440029859542847, 0.9981014728546143, -0.23619091510772705, -0.2674598693847656, -0.10533054918050766, 0.5931574702262878, -0.6005085110664368, -0.5105111002922058, -0.542361319065094, -0.44281360507011414, -1.0303641557693481, -0.4020528793334961, -0.260616272687912, -1.5188593864440918, -0.2353966385126114, -0.4314921200275421, 0.24171726405620575, 1.7741903066635132, -1.367080807685852, -0.6765422821044922, 0.07356715947389603, 0.031083833426237106, 1.0987154245376587, 0.8857893943786621, 0.0002504047006368637, 0.8716503977775574, 2.344898223876953, -1.411418080329895, -1.0719261169433594, 0.5867424607276917, 1.3489820957183838, -1.0018987655639648, 1.181915044784546, -0.44250136613845825, -1.4115009307861328, 1.8215844631195068, -0.7161014676094055, 0.7140789031982422, -1.7870843410491943]",yunet,Facenet,1920,1080,/home/amos/media/tv/modern_family/Modern.Family.S09.1080p.DSNP.WEB-DL.DDP5.1.H.264-CRFW/Modern.Family.S09E21.The.Escape.1080p.DSNP.WEB-DL.DDP5.1.H.264-CRFW.mkv,Modern Family,2009,1442437,9,21,Ty Burrell,15232.0,0.689
183,1122,264,1350,564,1302,396,1212,390,0.904,4152,1,"[-0.9146215915679932, -0.12020763009786606, -0.3858451843261719, 0.5557002425193787, 1.7776418924331665, -1.2491369247436523, 1.1360591650009155, 1.3555845022201538, -0.6687139272689819, -0.613837718963623, 1.6181963682174683, 0.11013821512460709, -1.1830962896347046, -0.779327392578125, 0.010646462440490723, 0.3901529312133789, 1.1467680931091309, -0.39533543586730957, -1.1304901838302612, -0.360348105430603, -1.0765058994293213, 0.35706788301467896, -0.03350331261754036, 0.36323925852775574, -0.7498605847358704, 2.0388004779815674, -0.5446094274520874, -0.11062480509281158, -0.4200393557548523, -1.6959320306777954, 0.539961576461792, -0.08533628284931183, -1.3893492221832275, -0.6105452179908752, -0.08430515974760056, 1.748989224433899, -0.6248223781585693, 0.8876196146011353, 1.137516975402832, -0.7977379560470581, -1.5440105199813843, 0.6446854472160339, 0.661919116973877, -1.2724521160125732, -0.34818193316459656, 0.7507798671722412, 0.5865147709846497, -1.7658170461654663, -1.4573966264724731, 1.1705548763275146, -0.006394043564796448, -1.3870863914489746, 0.23637241125106812, 0.2403419464826584, -0.7060621976852417, 0.15673045814037323, -0.08520112931728363, -0.671541154384613, -0.6306447386741638, 1.199105978012085, -0.8976572155952454, -1.7082476615905762, 0.5372442007064819, -1.1099048852920532, 0.6643580794334412, -1.4177665710449219, -0.5481681823730469, 0.2687757611274719, 0.18029549717903137, 2.9219088554382324, 1.4915605783462524, 2.1882076263427734, -2.7389719486236572, 1.4781750440597534, 1.6965932846069336, 0.4315628707408905, 0.08937488496303558, 0.9819365739822388, -0.42744430899620056, 1.7573796510696411, -0.5494109392166138, -0.1804543435573578, -0.8808803558349609, -2.186937093734741, -0.616184413433075, 1.5678313970565796, 0.5745094418525696, -1.2189773321151733, -0.8386222124099731, -0.3465111553668976, 0.684472382068634, -1.2667796611785889, -0.6444121599197388, -0.2350415289402008, -0.41649532318115234, -1.6053035259246826, -1.4196335077285767, 1.8746192455291748, 1.2955288887023926, -0.4832923114299774, -0.3977448344230652, -1.2453863620758057, 0.6693574786186218, -0.3052879869937897, 1.291677474975586, -0.6805691719055176, -0.16141963005065918, -1.3550854921340942, -1.224510669708252, 1.02023184299469, 1.1718463897705078, 0.7962121963500977, 0.7172514200210571, 0.9256146550178528, 0.7209998965263367, -0.22776511311531067, -0.42772427201271057, -0.02726702392101288, -0.6767241954803467, 1.036529779434204, 0.09266211092472076, -0.6888915300369263, -0.28741616010665894, 0.5870723724365234, -2.3188726902008057, 0.06334201246500015, -1.4720959663391113, 0.2666938602924347]",yunet,Facenet,1920,1080,/home/amos/media/tv/modern_family/Modern.Family.S09.1080p.DSNP.WEB-DL.DDP5.1.H.264-CRFW/Modern.Family.S09E21.The.Escape.1080p.DSNP.WEB-DL.DDP5.1.H.264-CRFW.mkv,Modern Family,2009,1442437,9,21,Julie Bowen,31171.0,0.652
184,1344,144,1518,366,1428,228,1374,234,0.936,4176,0,"[-0.30644190311431885, 0.7109379768371582, 1.4546921253204346, -1.2978103160858154, 0.5632443428039551, 1.0364335775375366, -0.7196070551872253, 0.6343396306037903, 0.72598797082901, 1.346861720085144, -0.07099120318889618, 2.308706045150757, -0.3524017930030823, -0.5337094068527222, -0.2713780105113983, 0.9385911226272583, -1.0036762952804565, -1.1405768394470215, -0.4927927255630493, 0.9596496820449829, 0.9701821804046631, 0.8560702800750732, 0.7701624631881714, -0.5214832425117493, -0.4519747793674469, -0.7948181629180908, -0.949151873588562, -0.39149796962738037, 2.8632595539093018, -0.6059828996658325, -0.38091135025024414, -2.415651321411133, 1.681487798690796, -1.4150347709655762, 1.840130090713501, 0.9968107342720032, -1.4942179918289185, 0.5381708145141602, -0.03758968412876129, -0.9414516687393188, -1.2656034231185913, 0.9443976283073425, -1.4727948904037476, 0.7668606042861938, -2.508636236190796, -0.25182992219924927, -1.5408037900924683, -0.7212491035461426, -2.4618563652038574, 0.3623528778553009, -0.027990572154521942, 0.6464061737060547, 1.1167528629302979, 0.11143514513969421, 0.0723692774772644, -0.4466078579425812, -0.6432054042816162, -0.473548024892807, -1.116122841835022, -0.289342999458313, 0.0649602934718132, -0.6351814866065979, -0.8343566656112671, -1.6196492910385132, -0.29799792170524597, 0.61563640832901, -0.2877364456653595, 1.3549773693084717, 1.9670042991638184, 0.05180831998586655, -0.8041850328445435, -0.0826948806643486, -2.6311593055725098, -0.43454408645629883, 1.2467944622039795, 1.5793359279632568, 0.1365102380514145, -0.4330211579799652, 1.3006561994552612, -0.07876930385828018, 1.1655834913253784, -0.5399876832962036, 0.12565970420837402, -0.0046475473791360855, 0.771022617816925, -1.0578181743621826, 0.9911379218101501, 0.47509580850601196, -0.14383083581924438, 0.8476943969726562, -1.615771770477295, -0.041871327906847, 0.7344266772270203, 0.10563456267118454, -0.7896122336387634, 0.8226339817047119, -1.4540802240371704, -0.8295634388923645, 1.0116350650787354, -0.5391936898231506, -0.8368594646453857, 0.4430128335952759, -1.623778223991394, 1.1121811866760254, 0.3748006224632263, 0.19349364936351776, 0.35474616289138794, -1.0667787790298462, 0.5044245719909668, 0.36891210079193115, 2.0962891578674316, 0.6439353227615356, -0.44009867310523987, -0.48222044110298157, 0.4669899642467499, 1.4895306825637817, -0.5176674127578735, 0.23968814313411713, 1.0763123035430908, -0.8956591486930847, 1.0783517360687256, -0.7487895488739014, -1.253854513168335, 0.21473969519138336, 1.8582682609558105, -0.17840072512626648, -0.5580369830131531, 1.3225727081298828]",yunet,Facenet,1920,1080,/home/amos/media/tv/modern_family/Modern.Family.S09.1080p.DSNP.WEB-DL.DDP5.1.H.264-CRFW/Modern.Family.S09E21.The.Escape.1080p.DSNP.WEB-DL.DDP5.1.H.264-CRFW.mkv,Modern Family,2009,1442437,9,21,Sofía Vergara,63522.0,0.81
185,1350,162,1524,384,1446,246,1374,246,0.928,4200,0,"[-0.712612509727478, 0.7231367826461792, 1.1600477695465088, -1.5221713781356812, 0.9770874381065369, 0.930580198764801, -1.2610018253326416, 0.7143499851226807, 1.3065314292907715, 0.9013224244117737, -0.1639816164970398, 2.825645685195923, -0.49739640951156616, -0.7385009527206421, -0.11318546533584595, 0.8986278176307678, -0.8255401849746704, -0.8582190871238708, -0.4407215714454651, 0.24997155368328094, 0.9334608316421509, 0.33812814950942993, 0.35225439071655273, -0.4694318473339081, -0.6542100310325623, -0.592619001865387, -1.7346196174621582, 0.0715809017419815, 2.277737855911255, -0.6325556635856628, 0.051528818905353546, -2.361633777618408, 1.813878059387207, -1.2791146039962769, 1.3931329250335693, 1.1029127836227417, -1.8383299112319946, 0.7739900350570679, -0.03905211389064789, -0.7227671146392822, -0.8583086729049683, 1.22271728515625, -1.2488456964492798, 0.35653796792030334, -2.4133081436157227, 0.110527902841568, -1.6279041767120361, -0.24593639373779297, -2.2412567138671875, 0.7015969753265381, 0.05053725838661194, 0.8566192388534546, 1.285872459411621, -0.08277375251054764, 0.8330816626548767, -0.2533804178237915, -0.76180100440979, -1.5153058767318726, -0.8409671783447266, 0.39043280482292175, 0.3350292146205902, -0.6732872724533081, -0.8543556332588196, -1.3785488605499268, 0.27000880241394043, 0.3041749894618988, -0.5506378412246704, 1.2768535614013672, 1.880949854850769, -0.01962076686322689, -0.6940510272979736, 0.37407371401786804, -2.5652430057525635, -0.27311646938323975, 1.0686613321304321, 1.4170666933059692, -0.1355944275856018, -0.6671364903450012, 1.2615023851394653, -0.18692585825920105, 0.9104122519493103, -0.669120192527771, -0.033718906342983246, -0.1966133862733841, 0.5707381963729858, -1.2678791284561157, 0.6932532787322998, 0.7880874276161194, -0.007622435688972473, 1.401986002922058, -1.5045322179794312, 0.14067046344280243, 0.9983415603637695, 0.3754979372024536, -0.43751686811447144, 0.6937501430511475, -1.355697512626648, 0.3223835527896881, 0.4351159334182739, -0.4244498312473297, 0.28336405754089355, -0.5117636919021606, -1.9427796602249146, 0.9720253348350525, 0.3087882995605469, 0.1415998786687851, -0.13403823971748352, -1.1972020864486694, 0.11716160178184509, 0.45387840270996094, 1.845371961593628, 0.9078857898712158, -0.6952946186065674, -0.4173527956008911, 0.6683304309844971, 0.9024912118911743, -0.5716843605041504, 0.04087559133768082, 1.5581599473953247, -0.8007293939590454, 0.9466196894645691, -0.908815860748291, -1.1386164426803589, 0.43398234248161316, 1.636656641960144, -0.4781395494937897, -0.3437999188899994, 1.3002440929412842]",yunet,Facenet,1920,1080,/home/amos/media/tv/modern_family/Modern.Family.S09.1080p.DSNP.WEB-DL.DDP5.1.H.264-CRFW/Modern.Family.S09E21.The.Escape.1080p.DSNP.WEB-DL.DDP5.1.H.264-CRFW.mkv,Modern Family,2009,1442437,9,21,Sofía Vergara,63522.0,0.834
186,360,162,564,414,504,264,414,270,0.912,4200,1,"[-0.6687699556350708, -1.5112112760543823, 0.13432133197784424, 0.2949839234352112, 1.3769781589508057, -1.2979514598846436, -1.5809459686279297, -0.020855747163295746, -1.0585447549819946, 0.0680704414844513, -0.7110238671302795, 0.995162844657898, -1.5936697721481323, -0.5490140914916992, 0.3152344226837158, -0.003998732194304466, 1.6908659934997559, 0.648879885673523, 0.8760480880737305, -1.4698231220245361, -1.3322834968566895, -0.9416050314903259, -0.5449498891830444, 0.09960048645734787, 1.195397973060608, -0.9847107529640198, 0.5074306726455688, 3.36452054977417, 1.5774097442626953, 0.621755838394165, -0.7477673292160034, 2.1803174018859863, -1.31781804561615, 0.28969401121139526, -1.2648756504058838, -0.30886170268058777, 0.531351625919342, -0.15847507119178772, -2.6709234714508057, -0.2592118978500366, -0.5148158073425293, -0.7533928751945496, -0.4353552758693695, 2.432112693786621, 0.7047949433326721, -1.991574764251709, -0.22138458490371704, -0.3405698835849762, 0.45030510425567627, -0.0015271678566932678, 0.2477409839630127, -0.4853636622428894, -0.4559643566608429, 1.4377360343933105, -0.15170252323150635, 0.05702321603894234, -0.6032267212867737, -0.2829746603965759, -1.5706570148468018, 0.5362061262130737, -2.090989589691162, -0.28247737884521484, 0.5113734602928162, 0.1581086814403534, -1.209375262260437, 2.6818182468414307, 0.34754329919815063, 1.6460778713226318, 0.3228466808795929, -1.0587519407272339, -0.7029706835746765, -0.9395182132720947, 0.7093100547790527, 2.1092777252197266, 0.060086607933044434, 1.4757903814315796, -0.27026864886283875, 0.21720774471759796, -0.10733877122402191, 0.6372849941253662, -0.8679051399230957, 2.1182665824890137, -1.8416224718093872, -0.5440823435783386, -1.0122313499450684, -0.16595622897148132, 0.1959342658519745, -0.52549809217453, 0.2786458134651184, 2.1170709133148193, 0.8918888568878174, -0.3953933119773865, -0.7163031697273254, -1.84928297996521, 0.02394060045480728, 0.3014410436153412, -0.9685020446777344, -0.7061042189598083, 0.49202674627304077, 0.5318616628646851, -1.1708543300628662, 0.49664366245269775, 0.23919816315174103, -2.4168877601623535, 0.6814897656440735, -0.552973210811615, -0.6071370244026184, -1.1396934986114502, 1.4417188167572021, -1.2554858922958374, -1.8361881971359253, 0.4910305142402649, -0.08218057453632355, -1.507077693939209, 1.3032405376434326, 0.012140914797782898, 0.29937994480133057, -0.17418110370635986, -0.2758936285972595, 0.2804311513900757, -0.19006164371967316, -0.239345520734787, 1.080330491065979, 0.49979034066200256, 1.7433151006698608, 1.2198827266693115, 1.128937840461731, 0.37708553671836853]",yunet,Facenet,1920,1080,/home/amos/media/tv/modern_family/Modern.Family.S09.1080p.DSNP.WEB-DL.DDP5.1.H.264-CRFW/Modern.Family.S09E21.The.Escape.1080p.DSNP.WEB-DL.DDP5.1.H.264-CRFW.mkv,Modern Family,2009,1442437,9,21,Ed O'Neill,18977.0,0.77
187,1350,138,1536,372,1458,228,1380,234,0.938,4224,0,"[-0.3092702627182007, 0.6775339841842651, 1.4891334772109985, -1.621403455734253, 1.181656002998352, 0.7640255093574524, -0.9955779910087585, 0.656126081943512, 0.7839697599411011, 0.8738614916801453, -0.27233418822288513, 2.5282034873962402, 0.05363336205482483, -0.7392822504043579, -0.5260629653930664, 1.1574586629867554, -0.6452915668487549, -0.8843725323677063, 0.37487098574638367, 0.23046866059303284, 0.9909030199050903, 0.8679559826850891, 0.5450757145881653, -0.6309031844139099, -0.26891955733299255, -0.4783640503883362, -1.427464485168457, 0.14510655403137207, 2.497842788696289, -0.47569188475608826, -0.3552412688732147, -2.3906638622283936, 1.7849493026733398, -1.4686493873596191, 1.4140517711639404, 1.070785641670227, -1.3913440704345703, 0.8924784660339355, -0.1887054145336151, -0.9824903011322021, -0.7993976473808289, 1.132114052772522, -1.1892998218536377, 0.8712916970252991, -2.4714529514312744, 0.42725029587745667, -1.7605431079864502, -0.5328869819641113, -2.2727210521698, 0.8051248788833618, -0.2911947965621948, 0.9910609126091003, 1.1391428709030151, 0.172271266579628, 0.6247636079788208, -0.4592720568180084, -0.6911609172821045, -1.3141497373580933, -0.8647729158401489, 0.46275660395622253, 0.2626888155937195, -0.6901878118515015, -0.6559098958969116, -1.368064522743225, -0.20079299807548523, 0.35963910818099976, -0.5718011260032654, 0.8774167895317078, 1.8323713541030884, 0.41290339827537537, -0.462737113237381, 0.3745025098323822, -3.0880351066589355, -0.25883227586746216, 1.2440483570098877, 1.4424355030059814, -0.20434898138046265, -0.23222531378269196, 1.7936166524887085, 0.0025725290179252625, 1.1200863122940063, -0.23411884903907776, 0.3721558749675751, -0.43909770250320435, 0.933148980140686, -0.8012350797653198, 0.6547654867172241, 0.613124430179596, -0.21491648256778717, 1.0003609657287598, -1.314473032951355, 0.41488057374954224, 0.9423272013664246, 0.0378943607211113, -0.26720359921455383, 0.5907674431800842, -1.3802751302719116, -0.37780678272247314, 0.4484163820743561, -0.6848093867301941, -0.0034650154411792755, -0.027075178921222687, -1.5316349267959595, 0.7637971639633179, -0.21883922815322876, 0.31956201791763306, -0.025861196219921112, -0.9779599905014038, 0.030143454670906067, 0.22517408430576324, 1.4067416191101074, 0.5943364500999451, -0.5740454196929932, -0.22017031908035278, 0.5887647271156311, 0.7325283288955688, -0.2800678312778473, 0.11720375716686249, 1.352950930595398, -1.0010432004928589, 1.3275560140609741, -0.5579555034637451, -0.9375646710395813, 0.1033007800579071, 1.8435537815093994, -0.3967118263244629, -0.21641048789024353, 1.2156366109848022]",yunet,Facenet,1920,1080,/home/amos/media/tv/modern_family/Modern.Family.S09.1080p.DSNP.WEB-DL.DDP5.1.H.264-CRFW/Modern.Family.S09E21.The.Escape.1080p.DSNP.WEB-DL.DDP5.1.H.264-CRFW.mkv,Modern Family,2009,1442437,9,21,Sofía Vergara,63522.0,0.837
188,1344,138,1518,360,1428,222,1374,222,0.92,4248,0,"[-1.1468812227249146, 0.5088361501693726, 1.1726492643356323, -0.7282267808914185, -0.22487758100032806, 0.2874043881893158, -1.1497544050216675, -0.29612085223197937, 0.26376110315322876, 2.3106582164764404, -0.6565107703208923, 2.6313180923461914, -0.005603421479463577, -1.0464262962341309, -0.8522963523864746, 1.350137710571289, -0.5635590553283691, -0.6742643117904663, 0.42519667744636536, 0.9558417797088623, 2.1793980598449707, 0.7446842193603516, -0.08076212555170059, -0.8095025420188904, -1.6525903940200806, -0.2862352132797241, -1.1080188751220703, 0.6147100925445557, 2.722731828689575, 0.4879656136035919, -0.18353699147701263, -1.2834488153457642, 1.694366693496704, -2.0549368858337402, 2.992877244949341, 0.55196213722229, -2.614328622817993, -0.69866943359375, 0.04375733435153961, -0.46131399273872375, -1.3263570070266724, 1.1484606266021729, -1.3834936618804932, 0.8250302672386169, -0.4967033565044403, 0.829624354839325, -1.293436050415039, 0.11629427969455719, -1.7749238014221191, 0.314296156167984, 0.42542755603790283, 1.0386755466461182, 0.4817052185535431, -0.028593525290489197, -0.3613215386867523, -0.04374180734157562, -0.5973027348518372, -0.17314739525318146, -1.1993062496185303, -0.1378963440656662, 0.7485965490341187, -0.14892101287841797, -1.1112653017044067, -1.5427775382995605, -0.16852962970733643, 0.5306625366210938, 1.317622184753418, 0.31603941321372986, 2.810385227203369, -0.3796025514602661, -0.2335592359304428, -0.5579585433006287, -1.3521438837051392, -0.36039870977401733, 1.7130005359649658, 0.19405321776866913, 1.2403346300125122, -0.39903363585472107, 1.2369356155395508, -0.5324040055274963, 1.2731542587280273, -0.8232731819152832, 0.9907783269882202, -0.7980043888092041, -0.7023777961730957, -1.0882526636123657, 0.08912356197834015, 0.22404278814792633, 0.002581510692834854, 0.7391875982284546, -2.007736921310425, 1.2778979539871216, 0.44579458236694336, 1.2333481311798096, 0.5060631036758423, 0.6891807317733765, -0.3102162480354309, -0.4285416305065155, 0.12058480083942413, 0.21082137525081635, -0.33625471591949463, 0.9251757264137268, -1.2588016986846924, 1.3786523342132568, 0.2703665792942047, -0.2514123320579529, 1.1504827737808228, 0.4725115895271301, 0.37193143367767334, -0.06655529886484146, 1.7912713289260864, 0.5030896663665771, -1.0514031648635864, 0.6363205909729004, 0.3374885320663452, 1.7161043882369995, 1.059790015220642, 0.9253772497177124, 0.11617520451545715, -1.5987471342086792, 0.9156233668327332, -0.305513858795166, -1.010938286781311, -0.4352278709411621, 2.1736042499542236, -0.4517683684825897, -0.8836848735809326, 0.42276591062545776]",yunet,Facenet,1920,1080,/home/amos/media/tv/modern_family/Modern.Family.S09.1080p.DSNP.WEB-DL.DDP5.1.H.264-CRFW/Modern.Family.S09E21.The.Escape.1080p.DSNP.WEB-DL.DDP5.1.H.264-CRFW.mkv,Modern Family,2009,1442437,9,21,Sofía Vergara,63522.0,0.751
189,378,162,588,408,534,252,438,258,0.915,4248,1,"[-0.05047906935214996, -1.7760138511657715, 0.09718725830316544, -0.10884855687618256, 0.7513205409049988, -1.3574459552764893, -1.5536260604858398, 1.4828858375549316, -0.6581589579582214, 0.27668771147727966, -1.286246657371521, 1.5344537496566772, -0.4027823805809021, -0.640677809715271, 0.7321459054946899, -0.08181822299957275, 1.6593996286392212, 1.064918041229248, 1.982711672782898, -0.9881057739257812, -0.3193923830986023, -0.8811289072036743, -0.27098286151885986, 0.632781982421875, 0.6294683814048767, -0.6106656789779663, -0.12702928483486176, 3.2979989051818848, 1.5285238027572632, 0.24900998175144196, -0.6904914379119873, 2.144605875015259, -1.007340669631958, -0.057608429342508316, -1.3624855279922485, -0.6692979335784912, 0.7107273936271667, -0.4493405222892761, -2.266073703765869, -1.0899507999420166, -0.6885731816291809, 0.4235960841178894, -0.6634351015090942, 1.286371111869812, -0.13665741682052612, 0.11467850208282471, 1.2642096281051636, -2.214235782623291, -0.12175954878330231, 0.30578452348709106, -0.5811864137649536, -0.477630615234375, -1.233573317527771, 0.5721201300621033, 0.4865271747112274, 0.22552794218063354, -0.791270911693573, 0.7769129276275635, -0.5364912152290344, 1.2182813882827759, -1.0613110065460205, -0.02242877706885338, 1.2963234186172485, -0.016678214073181152, -0.22600463032722473, 1.7185786962509155, 0.7965711355209351, 1.9695897102355957, 1.0200209617614746, -0.4562309682369232, -0.15548521280288696, 0.15268051624298096, -0.13948841392993927, 2.231919765472412, 0.1925182193517685, 1.5630029439926147, -1.1976433992385864, -0.23959602415561676, -0.19551977515220642, 0.5786800980567932, -0.895099937915802, 0.8265252113342285, -0.4988259971141815, -1.2611416578292847, -1.0737090110778809, -0.5186857581138611, -0.12624448537826538, -0.27133363485336304, -0.1237320750951767, 1.254320502281189, 1.099242925643921, -0.786771833896637, -2.034855842590332, -1.5855731964111328, -0.423723965883255, -0.16122357547283173, -1.2819937467575073, -0.42810341715812683, 1.742091417312622, 0.6277880668640137, -1.5867035388946533, 1.6305763721466064, 0.6732359528541565, -2.7242684364318848, 0.2532620131969452, -0.24731795489788055, -0.6188496351242065, -0.5853077173233032, 1.188507318496704, -0.7325230836868286, -2.057633638381958, 0.36689674854278564, -0.5718032121658325, -1.5828094482421875, 1.5148813724517822, 0.2143670618534088, 0.7816838026046753, -0.32212311029434204, 0.05614423751831055, -0.27057981491088867, 0.161295086145401, 0.876057505607605, 0.5413604974746704, 0.41507193446159363, 1.2519510984420776, 0.03331168740987778, -0.01693890616297722, -0.7030485272407532]",yunet,Facenet,1920,1080,/home/amos/media/tv/modern_family/Modern.Family.S09.1080p.DSNP.WEB-DL.DDP5.1.H.264-CRFW/Modern.Family.S09E21.The.Escape.1080p.DSNP.WEB-DL.DDP5.1.H.264-CRFW.mkv,Modern Family,2009,1442437,9,21,Ed O'Neill,18977.0,0.765
190,1350,144,1536,378,1476,234,1398,234,0.937,4272,0,"[-1.8756076097488403, 0.3405669331550598, 1.4555540084838867, -1.4567334651947021, 1.1401880979537964, 0.5540454983711243, -1.3291163444519043, 0.8122349977493286, 0.46809646487236023, 1.2368489503860474, -0.27333131432533264, 3.2021994590759277, -0.22862717509269714, -0.9610871076583862, -0.35484668612480164, 1.055490493774414, -0.4956163465976715, -0.013934850692749023, 0.18367870151996613, -0.8347066640853882, 1.694675326347351, 0.3394933044910431, 0.3495813310146332, -1.0629262924194336, -0.6711888909339905, -0.32796430587768555, -1.9172090291976929, 0.9954349994659424, 1.7490085363388062, -0.7371023297309875, 0.0020691677927970886, -1.8548946380615234, 1.844377875328064, -1.8592817783355713, 2.42411732673645, 0.7953382134437561, -1.8708624839782715, 0.3834063708782196, -0.6127741932868958, -0.6887046098709106, -0.6506985425949097, 0.6294139623641968, -1.0919086933135986, 0.01628986746072769, -1.5302327871322632, 1.3163716793060303, -1.2153468132019043, -0.10300105065107346, -2.183960437774658, 0.8125507831573486, -0.6761817336082458, 2.000519275665283, 1.0201773643493652, -0.15926259756088257, 0.9146702885627747, 0.6911491751670837, -1.1942096948623657, -1.2119202613830566, -0.6552985310554504, -0.4439446032047272, 1.0630351305007935, -0.8001205325126648, -0.618202805519104, -0.797430694103241, 0.22365275025367737, 0.08338034898042679, -0.08313361555337906, 0.9116870164871216, 2.2239389419555664, -0.15360353887081146, 0.11742181330919266, 0.1874634325504303, -2.135172128677368, 0.33313119411468506, 1.1353603601455688, 0.3249223232269287, 0.656974196434021, -0.22096644341945648, 0.8302372694015503, 0.08713832497596741, 0.7485782504081726, -0.7074573040008545, 5.6356191635131836e-05, -0.2684735953807831, 0.5870584845542908, -0.9802467823028564, 0.542181134223938, 0.3349192142486572, -0.4394553601741791, 1.761471152305603, -2.1986401081085205, 0.21126699447631836, 1.430629849433899, 0.7635205388069153, 0.309945285320282, 0.4264884889125824, -0.1614726483821869, 1.1492595672607422, 0.6950818300247192, 0.0479261577129364, -0.23056599497795105, 0.08542800694704056, -0.8083281517028809, 1.2204710245132446, -0.11613597720861435, 0.5876051783561707, 0.1420559585094452, 0.020688194781541824, 0.1481579691171646, 0.34757906198501587, 1.1735756397247314, 1.3632749319076538, -0.3250323534011841, 0.16168278455734253, 0.9940751194953918, 1.217787265777588, 0.8716107606887817, 0.5132349729537964, 0.8017297387123108, -1.660808801651001, 0.7976523041725159, -0.28029078245162964, -0.9529881477355957, 0.6050251722335815, 1.3738632202148438, 0.01841973513364792, -0.8602219820022583, 1.5471431016921997]",yunet,Facenet,1920,1080,/home/amos/media/tv/modern_family/Modern.Family.S09.1080p.DSNP.WEB-DL.DDP5.1.H.264-CRFW/Modern.Family.S09E21.The.Escape.1080p.DSNP.WEB-DL.DDP5.1.H.264-CRFW.mkv,Modern Family,2009,1442437,9,21,Sofía Vergara,63522.0,0.768
191,384,150,582,396,528,240,426,246,0.911,4272,1,"[-0.036309145390987396, -1.6594542264938354, 0.0935199037194252, 0.8895416855812073, 0.01936592161655426, -1.2790369987487793, -2.252314805984497, 0.7208797931671143, -1.387306571006775, 0.13121555745601654, -0.6606640815734863, 0.881414532661438, -1.0736172199249268, -0.8552368879318237, 0.7597562074661255, -1.1531093120574951, 1.8296500444412231, 1.1142890453338623, 1.24779212474823, -0.9956889152526855, -1.0613240003585815, -0.8687542676925659, 0.6826585531234741, 0.08727679401636124, 0.9447162747383118, -0.5334542393684387, -0.4583476483821869, 3.9296183586120605, 1.7738468647003174, -0.5822365283966064, -1.0551718473434448, 2.1184608936309814, -1.821937084197998, 0.6551684141159058, -0.7662989497184753, -0.23323999345302582, 0.20692718029022217, -0.11817295104265213, -2.4452741146087646, -1.3333163261413574, -0.5979065895080566, 0.09204305708408356, -0.467047780752182, 1.2561225891113281, 0.6749261617660522, -0.8368574976921082, 1.4087340831756592, -1.2065231800079346, 0.1774887889623642, 0.4350857734680176, 0.45722460746765137, -0.7898336052894592, -0.4937036335468292, 0.44338852167129517, 0.7572752833366394, 0.5202879309654236, -0.6405246257781982, 1.003553867340088, -1.298498272895813, 0.3258879780769348, -1.0272738933563232, -0.7587127685546875, 0.9209604263305664, 0.016654938459396362, -0.9558579325675964, 1.9989709854125977, 0.2955183982849121, 1.4192426204681396, 0.18157410621643066, -0.9399571418762207, -0.3885902762413025, -0.8270577192306519, 0.31808021664619446, 2.3204686641693115, 0.14479659497737885, 1.899223804473877, -1.1780858039855957, 0.21701659262180328, 0.0769985243678093, 0.5628394484519958, -0.39303866028785706, 1.389121413230896, -0.8374884128570557, -0.8859618306159973, -0.9731022119522095, -0.5843304395675659, 0.22802725434303284, -0.027825377881526947, 0.38810399174690247, 0.7070229649543762, 0.5774549245834351, -0.3898835778236389, -1.6186907291412354, -0.8165175318717957, 0.6690295934677124, -0.5716236233711243, -1.397356629371643, -0.33375540375709534, 1.3422808647155762, 0.033276282250881195, -1.004941463470459, 1.0286335945129395, 0.16437429189682007, -2.1602468490600586, 0.756062924861908, -0.02423395961523056, 0.29784342646598816, -0.6052697896957397, 1.306718349456787, -1.613440990447998, -2.081681728363037, 1.0193015336990356, -0.7621246576309204, -1.1998486518859863, 1.1608072519302368, 0.49381449818611145, 0.4974585473537445, -0.9674818515777588, -0.2693069577217102, 0.22968906164169312, -0.6497511267662048, 0.1991281509399414, 0.6191487908363342, 0.5396319031715393, 1.4982410669326782, 0.9729194045066833, 0.6369598507881165, -0.33060434460639954]",yunet,Facenet,1920,1080,/home/amos/media/tv/modern_family/Modern.Family.S09.1080p.DSNP.WEB-DL.DDP5.1.H.264-CRFW/Modern.Family.S09E21.The.Escape.1080p.DSNP.WEB-DL.DDP5.1.H.264-CRFW.mkv,Modern Family,2009,1442437,9,21,Ed O'Neill,18977.0,0.738
192,1344,132,1524,360,1470,216,1386,222,0.94,4296,0,"[-0.37526822090148926, 0.33346909284591675, 1.0710901021957397, -1.4510371685028076, 1.1164714097976685, 0.6259799003601074, -1.1435651779174805, 0.6274173855781555, 0.19459471106529236, 1.9110300540924072, -0.40450534224510193, 2.929527521133423, 0.4351547360420227, -0.6383202075958252, -0.1881125569343567, 1.2509633302688599, -0.3162550926208496, -0.9674841165542603, 0.5440606474876404, -0.012631534598767757, 1.1571269035339355, 0.8562332987785339, 0.5339431762695312, -0.7303917407989502, 0.0040591806173324585, -0.5289640426635742, -1.553275227546692, 1.0006601810455322, 1.9291385412216187, -0.8866549730300903, -0.3425115942955017, -2.0791754722595215, 1.8468366861343384, -1.0811223983764648, 1.527590274810791, 0.981235682964325, -1.4451946020126343, 1.270909070968628, -0.3928278088569641, -1.2114306688308716, -0.8921571969985962, 1.4219199419021606, -0.9264439344406128, 0.22904619574546814, -2.676023006439209, 0.34023264050483704, -1.8074994087219238, 0.01550058089196682, -2.173964023590088, 0.7548134326934814, -0.049687035381793976, 1.5305602550506592, 0.7062163352966309, -0.20461231470108032, 0.9321101307868958, 0.12300411611795425, -0.9331482648849487, -1.0126957893371582, -0.6801284551620483, -0.4983294606208801, 0.2148941457271576, -0.7639846205711365, -0.648400068283081, -0.9303573369979858, 0.05059181898832321, -0.20987169444561005, -0.7091987729072571, 0.7745374441146851, 1.6771600246429443, 0.35552161931991577, 0.06630845367908478, 0.06464524567127228, -2.6812028884887695, 0.31696152687072754, 1.0378363132476807, 1.069649577140808, 0.21207261085510254, -0.570614755153656, 1.2152482271194458, 0.01051609218120575, 1.079601764678955, -0.2670465409755707, 0.20712769031524658, 0.41462790966033936, 0.7216688394546509, -0.8397045135498047, 1.1189117431640625, 0.42435556650161743, -0.4193609058856964, 1.198246955871582, -1.9127320051193237, 0.015155134722590446, 1.608721375465393, 0.7777289748191833, 0.37347933650016785, -0.04644924774765968, -0.5775742530822754, 0.21999500691890717, 0.5414769053459167, -0.29998329281806946, -0.045963436365127563, -0.08411569893360138, -1.7683069705963135, 0.6757157444953918, -0.5644254088401794, 0.4665343165397644, 0.01814844459295273, -1.125828504562378, 0.24584630131721497, 0.4306294620037079, 1.3766183853149414, 1.0637599229812622, -0.5942956209182739, 0.3048083484172821, 1.2475613355636597, 0.7793000936508179, -0.015614291653037071, 0.05155078321695328, 1.082444190979004, -1.102089524269104, 1.2173433303833008, -0.2804783582687378, -1.233214259147644, 0.5833423137664795, 1.6308246850967407, 0.1600448191165924, 0.0002451753243803978, 1.4103556871414185]",yunet,Facenet,1920,1080,/home/amos/media/tv/modern_family/Modern.Family.S09.1080p.DSNP.WEB-DL.DDP5.1.H.264-CRFW/Modern.Family.S09E21.The.Escape.1080p.DSNP.WEB-DL.DDP5.1.H.264-CRFW.mkv,Modern Family,2009,1442437,9,21,Sofía Vergara,63522.0,0.8
193,378,198,582,438,528,300,426,294,0.907,4296,1,"[-0.6897923946380615, -1.9553989171981812, 0.3567046821117401, 0.4976780116558075, 1.0748106241226196, -0.8508867621421814, -1.5942332744598389, -0.09015634655952454, -0.511640727519989, 0.09157474339008331, 0.5208211541175842, 0.5582661032676697, -2.0699939727783203, -0.6242400407791138, -0.1969567835330963, -0.13105829060077667, 1.2947221994400024, 0.7208864688873291, 0.21454454958438873, -0.748869776725769, -1.7509559392929077, -0.8832075595855713, -0.598588228225708, 0.09547500312328339, 1.1314880847930908, -0.15618810057640076, 0.6200841665267944, 3.2696027755737305, 0.8705732226371765, 0.16595178842544556, -0.8919802904129028, 2.137662410736084, -2.0233426094055176, 0.05519496649503708, -1.2461429834365845, 1.197922706604004, -0.15668556094169617, -0.18922805786132812, -1.7103135585784912, -0.5705571174621582, -0.0163589995354414, -1.5300333499908447, -0.8499897718429565, 2.1946091651916504, 1.7394248247146606, -1.7380319833755493, 0.18027716875076294, -0.5459729433059692, 0.6368047595024109, 0.5090838074684143, 0.6415050029754639, -1.3276432752609253, -0.5524001717567444, 0.528830349445343, -0.20113301277160645, 0.008100281469523907, -0.577261745929718, -0.2108713984489441, -1.448364496231079, 0.9168679118156433, -1.5615928173065186, -0.4395737648010254, 0.735484778881073, -0.74150151014328, -0.7857370376586914, 2.819075584411621, -0.19172200560569763, 0.7585760951042175, 0.8770332932472229, -0.6707735061645508, -0.7219201922416687, -1.3452574014663696, 0.23881413042545319, 2.1562564373016357, 0.7226206660270691, 0.8496773838996887, -0.7669095993041992, 0.21555298566818237, 0.38995325565338135, 2.280273199081421, -0.9223089814186096, 1.1195505857467651, -0.3500448763370514, -0.39204636216163635, -0.7445439100265503, 0.734693169593811, 0.3547237813472748, 1.0214169025421143, 1.3815619945526123, 1.577319622039795, 1.0286437273025513, -0.41983288526535034, -0.6910848617553711, -0.933844268321991, 0.5670604109764099, 0.32110100984573364, -1.1165534257888794, -0.759835958480835, 0.03360296040773392, 0.8482970595359802, -1.048935055732727, 0.34667423367500305, 0.15998326241970062, -2.3967535495758057, 0.5608521103858948, -0.9013161063194275, 0.7050080895423889, -0.2134806513786316, 1.4147363901138306, -1.231537938117981, -0.6669394969940186, 0.1849628984928131, -0.1911788284778595, -1.3772265911102295, 1.5252387523651123, 0.20115411281585693, 1.0575387477874756, 0.7348615527153015, -0.3047052323818207, -0.4234515428543091, -0.1451912224292755, 0.18662145733833313, 1.2022912502288818, 0.054373614490032196, 0.5837575197219849, 0.8451557159423828, 0.4060266315937042, -0.0035157091915607452]",yunet,Facenet,1920,1080,/home/amos/media/tv/modern_family/Modern.Family.S09.1080p.DSNP.WEB-DL.DDP5.1.H.264-CRFW/Modern.Family.S09E21.The.Escape.1080p.DSNP.WEB-DL.DDP5.1.H.264-CRFW.mkv,Modern Family,2009,1442437,9,21,Ed O'Neill,18977.0,0.731
194,1356,150,1536,378,1488,246,1398,240,0.932,4320,0,"[-1.4194865226745605, 0.8383151292800903, 1.2511053085327148, -0.8028130531311035, 0.7900861501693726, -0.05138670653104782, -1.9033057689666748, 0.07850191742181778, 0.1461992859840393, 1.7708085775375366, 0.8055025935173035, 3.967923402786255, -0.05103175342082977, -0.9607335329055786, 0.8692218065261841, 1.190446138381958, -0.08822222054004669, -0.27101367712020874, -0.47964179515838623, 1.0524855852127075, 0.5744510889053345, 0.23027154803276062, 0.3732137084007263, 0.3645215928554535, -0.517315149307251, -1.1790738105773926, -2.2613332271575928, 1.3929624557495117, 1.9515745639801025, -0.6649059653282166, 0.6312614679336548, -3.143925428390503, 0.661387026309967, -0.569614589214325, 1.8327082395553589, 1.0272215604782104, -1.7148672342300415, 0.3286789655685425, -0.33851397037506104, -0.9459590911865234, -1.5319098234176636, 1.0113481283187866, -0.3566673994064331, 0.33161064982414246, -2.253333330154419, 0.44152235984802246, -1.1476858854293823, -0.4381924569606781, -2.197110652923584, 1.0837591886520386, 0.20761516690254211, 0.5014144778251648, 1.5892155170440674, 0.31999748945236206, 0.3824281692504883, -0.4500483572483063, -1.063050389289856, -1.0414634943008423, -1.1376570463180542, 0.06296596676111221, 0.8739548921585083, 0.1599138081073761, 0.005473993718624115, -1.337414264678955, 0.5925878882408142, 0.06824448704719543, -0.56512850522995, 1.067556381225586, 1.689826488494873, 0.8948273658752441, 0.361660897731781, 0.09154355525970459, -2.4496097564697266, 0.7800910472869873, 0.44103288650512695, 1.140008807182312, 1.1367206573486328, -0.7842766046524048, 1.336856484413147, 0.3744659423828125, 1.096151351928711, -1.059449315071106, -0.2653999626636505, 0.5318970084190369, 0.5467233657836914, -0.9212301969528198, 0.7883505821228027, 0.8358617424964905, -0.6683298349380493, 0.5261855125427246, -1.2009817361831665, -0.38428887724876404, 1.374224066734314, 1.2554479837417603, 0.3982323706150055, -0.41752493381500244, -0.17611587047576904, 1.3216956853866577, 0.958569347858429, -0.3260422348976135, 0.14595624804496765, 0.08819463104009628, -0.9943990707397461, 1.4258824586868286, 0.1262294054031372, 0.7167847752571106, -0.17253686487674713, -1.3695145845413208, -0.4592072367668152, 0.014334926381707191, 1.8311209678649902, 1.5095030069351196, -0.08017861843109131, -0.6002832055091858, 1.0362176895141602, 0.74095618724823, -0.1709882766008377, 0.5324716567993164, 1.155362606048584, -0.35597774386405945, 0.30382484197616577, -0.7482523918151855, -0.5315622091293335, -0.2269289791584015, 1.663454294204712, -0.0926358625292778, -0.23796874284744263, 1.3885290622711182]",yunet,Facenet,1920,1080,/home/amos/media/tv/modern_family/Modern.Family.S09.1080p.DSNP.WEB-DL.DDP5.1.H.264-CRFW/Modern.Family.S09E21.The.Escape.1080p.DSNP.WEB-DL.DDP5.1.H.264-CRFW.mkv,Modern Family,2009,1442437,9,21,Sofía Vergara,63522.0,0.717
195,384,174,576,408,534,276,444,276,0.907,4320,1,"[-0.5977981090545654, -2.16841983795166, 0.545433521270752, 0.5968086123466492, 1.3979250192642212, -0.6872290372848511, -0.9819404482841492, 0.8307960629463196, -0.503871500492096, -0.390066534280777, 0.3279201090335846, 0.9506736993789673, -0.9454731941223145, -1.1471054553985596, -0.024155274033546448, 0.07143740355968475, 1.7827211618423462, 0.9510507583618164, 1.2586666345596313, -0.5009250640869141, -0.9718935489654541, -1.334354043006897, -0.6691946387290955, 0.13341031968593597, 1.1217432022094727, -1.020206332206726, 0.6773070096969604, 3.3298287391662598, 1.5097730159759521, -0.21917760372161865, -1.0031625032424927, 2.290093183517456, -1.1359742879867554, 0.0568893626332283, -0.9539600610733032, 0.022993218153715134, 0.05310454219579697, -0.5595501065254211, -2.3527989387512207, -0.7009168863296509, 0.005063082091510296, -0.4076961874961853, -0.4290364682674408, 2.2050952911376953, 0.8038272857666016, -1.823555827140808, -0.2001366913318634, -0.17623905837535858, 0.6273873448371887, 0.707629919052124, 0.5569356679916382, -0.16923709213733673, -0.34722915291786194, 1.3993980884552002, 0.3835826516151428, 0.7297183275222778, -0.5325286984443665, -0.8004010915756226, -1.399510383605957, 1.552389144897461, -1.5006566047668457, 0.3876205086708069, 0.9063647985458374, 0.07843375951051712, -0.39139679074287415, 2.978828191757202, 0.4164237976074219, 1.6617770195007324, 0.3974016010761261, -0.39479729533195496, -1.0055878162384033, -0.9617490768432617, -0.16663876175880432, 2.514082670211792, 0.46573567390441895, 1.3091791868209839, -1.0982975959777832, -0.19054807722568512, -0.2888011634349823, 1.584129810333252, -0.8307560682296753, 2.1080729961395264, -0.6798999309539795, -1.4988216161727905, 0.5496459603309631, -0.423614501953125, 0.36558666825294495, 0.38795799016952515, 0.6150984764099121, 1.9347736835479736, 0.03541626036167145, 0.5547574758529663, -1.0437630414962769, -1.026565432548523, -0.19421830773353577, 0.08486949652433395, -1.2963589429855347, -1.2855786085128784, 0.36536288261413574, 0.9934659004211426, -0.8495460748672485, 0.1495344042778015, 0.12289200723171234, -2.1841554641723633, 0.4503220319747925, -0.04785621911287308, 0.15723669528961182, -0.3616042137145996, 1.563191533088684, -1.4188573360443115, -1.204898715019226, 0.3488532304763794, -0.21948516368865967, -2.1157467365264893, 0.8973017930984497, 0.08856275677680969, 1.075961709022522, 0.44473251700401306, 0.16090857982635498, -0.8033571243286133, 0.7372865080833435, 0.13551828265190125, 1.5164874792099, 0.2883153557777405, 1.6400600671768188, 0.9523735642433167, 0.2869940996170044, 0.05810517445206642]",yunet,Facenet,1920,1080,/home/amos/media/tv/modern_family/Modern.Family.S09.1080p.DSNP.WEB-DL.DDP5.1.H.264-CRFW/Modern.Family.S09E21.The.Escape.1080p.DSNP.WEB-DL.DDP5.1.H.264-CRFW.mkv,Modern Family,2009,1442437,9,21,Ed O'Neill,18977.0,0.789
196,1362,150,1542,378,1494,246,1416,246,0.937,4344,0,"[-1.6001942157745361, 0.364908367395401, 1.7687246799468994, -1.210351824760437, 0.6497597694396973, 0.28802943229675293, -1.3984205722808838, -0.013573680073022842, 0.10141599923372269, 2.1027402877807617, -0.26534727215766907, 3.3045010566711426, -0.2889781594276428, -0.762326717376709, -0.2859514057636261, 1.9183975458145142, -0.5897740125656128, -0.3508960008621216, 0.27915775775909424, -0.2970336377620697, 1.5859959125518799, -0.2889832556247711, 0.28528186678886414, 0.17549355328083038, -0.3063344359397888, -0.9414244294166565, -2.0353779792785645, 1.3348520994186401, 2.2552735805511475, -0.02217557653784752, -0.0648767352104187, -2.519047975540161, 0.7964257001876831, -0.7049568891525269, 2.0772202014923096, 0.939150333404541, -2.6631102561950684, -0.23151525855064392, -0.5818881988525391, -0.5485208034515381, -0.9673922061920166, 0.5728322267532349, -0.5613670349121094, 1.2880160808563232, -1.6427158117294312, 0.6237995028495789, -1.5161244869232178, 0.6380102634429932, -2.357523202896118, 0.31925711035728455, 0.04941485822200775, 1.2515491247177124, 1.4414117336273193, 0.7167966961860657, 0.08905759453773499, -0.06605342030525208, -0.8765528202056885, -1.4386686086654663, -0.7514531016349792, 0.654133141040802, 0.4153122305870056, 0.03437276929616928, -1.0494003295898438, -1.1126233339309692, 0.7343710064888, -0.10311940312385559, -0.10588184744119644, 0.4503694176673889, 1.7539844512939453, 0.3210873305797577, 0.11332584917545319, 0.3492313623428345, -1.5689291954040527, 0.7011159062385559, 0.9381906390190125, 0.8150202631950378, 1.5522016286849976, 0.15260697901248932, 1.631589651107788, 0.04108200967311859, 0.8065881729125977, -0.882429838180542, -0.20760256052017212, -0.940108060836792, 0.46246176958084106, -1.5282875299453735, 0.37168896198272705, -0.05897792801260948, -0.008171848952770233, 1.6039938926696777, -1.1645251512527466, 0.9340683817863464, 0.9197997450828552, 1.0072687864303589, 0.6412717700004578, 0.5470837354660034, -0.26133719086647034, 0.4354657232761383, 0.31622111797332764, -0.1232663094997406, 0.5685933232307434, 0.05363480746746063, -1.251064419746399, 1.156215786933899, -0.27386659383773804, 0.3452955484390259, -0.15096008777618408, -0.7240797281265259, -0.049887482076883316, -0.3815500736236572, 1.6111584901809692, 1.4106974601745605, -0.24875906109809875, -0.41952916979789734, 1.162246584892273, 0.8576205968856812, 1.323674201965332, 0.9630091786384583, 0.47747868299484253, -0.9310219883918762, 1.2366608381271362, -0.9412897825241089, -0.5545887351036072, 0.06242460757493973, 1.8687717914581299, -0.14941199123859406, 0.30050063133239746, 0.7344781160354614]",yunet,Facenet,1920,1080,/home/amos/media/tv/modern_family/Modern.Family.S09.1080p.DSNP.WEB-DL.DDP5.1.H.264-CRFW/Modern.Family.S09E21.The.Escape.1080p.DSNP.WEB-DL.DDP5.1.H.264-CRFW.mkv,Modern Family,2009,1442437,9,21,Sofía Vergara,63522.0,0.772
197,1350,120,1548,354,1494,210,1404,210,0.939,4368,0,"[-0.1198289692401886, 1.1389998197555542, 1.5917319059371948, -1.9989160299301147, 0.9692782163619995, 0.5374270677566528, -0.5331342220306396, 0.6167434453964233, -0.1552596092224121, 1.9764180183410645, 1.3828270435333252, 3.280334711074829, 0.5659665465354919, -0.839113712310791, -0.10197101533412933, 1.991948127746582, 0.04506969451904297, -1.439696192741394, -0.26934313774108887, 1.3472304344177246, 1.4047927856445312, 1.1526753902435303, 0.22140663862228394, -0.2900780439376831, -0.1846570074558258, -0.5602505207061768, -0.9789086580276489, 1.2310959100723267, 1.4883086681365967, -1.6000934839248657, -0.14641769230365753, -1.401823878288269, 0.836895227432251, -0.32997363805770874, 1.6710948944091797, 0.8283467888832092, -1.4403764009475708, -0.019260630011558533, 0.49015793204307556, -1.3330986499786377, -2.1810109615325928, 0.8823564052581787, -0.8571370840072632, 0.27927929162979126, -2.78800368309021, -0.5297185778617859, -1.6371475458145142, -1.1394802331924438, -2.1610050201416016, 0.43493276834487915, 0.4266529679298401, 0.37312325835227966, 0.43998992443084717, 0.21487955749034882, 0.40563124418258667, -0.8171934485435486, -0.5455545783042908, -1.0106489658355713, -1.3811947107315063, -0.7631705403327942, -0.04792804270982742, -0.17640087008476257, 0.19294670224189758, -1.7211695909500122, 0.34989506006240845, -0.7253128886222839, -0.21224331855773926, 0.6142957210540771, 1.0962176322937012, 1.2593218088150024, -0.20064561069011688, 0.4939447343349457, -2.993006706237793, 0.7768857479095459, 1.2223180532455444, 1.328858733177185, 0.6208404302597046, -0.47712188959121704, 1.605670690536499, 0.37515753507614136, 1.380077838897705, -0.35503247380256653, -0.32283419370651245, 0.014144165441393852, 0.7509852051734924, -0.10581837594509125, 0.8709810972213745, -0.24707162380218506, -0.152359277009964, 0.4468238055706024, -1.4465932846069336, -0.5429342985153198, 0.9288761019706726, 0.29185721278190613, 0.9345803260803223, -0.0457368940114975, -0.7427380084991455, -0.20807971060276031, 1.6026716232299805, -0.8998748660087585, -0.3822523355484009, 0.006892465054988861, -2.0086398124694824, 0.3885670304298401, -0.2867675721645355, 0.950797975063324, -0.13579456508159637, -1.0819531679153442, 0.10393133759498596, 0.5892301797866821, 1.7474534511566162, 1.0442837476730347, 0.20527298748493195, -0.4634994864463806, 1.4807615280151367, 1.638501763343811, -0.30306610465049744, 0.13791517913341522, 0.5680086612701416, -0.8852153420448303, 0.4852094054222107, -0.22511987388134003, -0.36366724967956543, 0.3517247438430786, 2.11417293548584, -0.029927358031272888, -0.5529904365539551, 0.5747998952865601]",yunet,Facenet,1920,1080,/home/amos/media/tv/modern_family/Modern.Family.S09.1080p.DSNP.WEB-DL.DDP5.1.H.264-CRFW/Modern.Family.S09E21.The.Escape.1080p.DSNP.WEB-DL.DDP5.1.H.264-CRFW.mkv,Modern Family,2009,1442437,9,21,Sofía Vergara,63522.0,0.663
198,1356,138,1542,366,1500,228,1410,228,0.936,4392,0,"[-0.5634317398071289, 0.6827476024627686, 1.2782479524612427, -1.7073805332183838, 0.4332719147205353, 0.6941166520118713, -0.35383284091949463, 0.3961716294288635, 1.0329954624176025, 2.4254722595214844, -0.6529784202575684, 2.7762176990509033, -0.14115890860557556, -0.33773115277290344, -0.9003723859786987, 1.6622836589813232, -0.8378360271453857, -1.3852051496505737, 0.09127311408519745, 0.0252245906740427, 1.8160549402236938, 0.3374286890029907, 0.3110515773296356, -0.16035819053649902, -0.07429486513137817, -0.7824196219444275, -1.1273193359375, -0.2006743848323822, 2.339850664138794, -0.07185229659080505, -0.28722187876701355, -1.9714010953903198, 1.3030540943145752, -1.0735938549041748, 1.463917851448059, 0.22812151908874512, -2.5825533866882324, 0.597704291343689, 0.3212752640247345, -0.8863470554351807, -1.248672366142273, 0.6680370569229126, -1.1419367790222168, 0.9228593111038208, -2.025371551513672, 0.2826160192489624, -2.1948916912078857, 0.2278558909893036, -2.6563735008239746, 0.3092549443244934, -0.6163384914398193, 1.500909686088562, 0.9608154892921448, 0.6013466119766235, -0.013118743896484375, -1.2085343599319458, -0.5133567452430725, -1.2478865385055542, -1.0374335050582886, -0.35478538274765015, -0.3306834101676941, -0.2808535695075989, -1.1204696893692017, -1.9485559463500977, 0.4799099266529083, -0.4246322512626648, -0.25145387649536133, 0.4487136900424957, 1.0018293857574463, -0.07008040696382523, -0.3719204366207123, 0.5514887571334839, -1.824475646018982, -0.08536062389612198, 0.6482203602790833, 0.31841328740119934, 0.8184463977813721, -0.5996050238609314, 2.168231964111328, -0.5182160139083862, 1.5960094928741455, -1.0153712034225464, -0.2220243513584137, -1.1185027360916138, -0.020026899874210358, -0.7799190282821655, -0.05802781134843826, -0.3484511971473694, 0.095128133893013, 1.4939790964126587, -0.9597026705741882, 0.7254515886306763, 0.9834067821502686, 0.6411364078521729, 0.29631882905960083, 1.131178379058838, -0.6466709971427917, 0.494159072637558, -0.13125848770141602, -0.9163067936897278, 0.533724308013916, -0.08095633238554001, -1.713971734046936, 0.6913561820983887, -0.6126679182052612, 0.5461241602897644, -0.3818546235561371, -1.232573390007019, 0.04852709174156189, 0.5962541103363037, 1.4835340976715088, 0.9735938906669617, 0.13892504572868347, -0.5725950598716736, 0.7880675196647644, 0.5635621547698975, -0.2625560164451599, 0.07783136516809464, 0.8801230192184448, -0.8670066595077515, 0.7258429527282715, -0.5470759868621826, -1.1637169122695923, 0.48642078042030334, 1.9730154275894165, 0.2355407476425171, 0.5999364852905273, 0.6441251635551453]",yunet,Facenet,1920,1080,/home/amos/media/tv/modern_family/Modern.Family.S09.1080p.DSNP.WEB-DL.DDP5.1.H.264-CRFW/Modern.Family.S09E21.The.Escape.1080p.DSNP.WEB-DL.DDP5.1.H.264-CRFW.mkv,Modern Family,2009,1442437,9,21,Sofía Vergara,63522.0,0.795
199,1356,132,1542,360,1500,222,1410,222,0.941,4416,0,"[-0.3895180821418762, 0.4107975959777832, 1.800734281539917, -1.4301459789276123, 0.09898676723241806, 1.4630999565124512, 0.28527212142944336, 0.271511971950531, 0.5973556041717529, 2.1577980518341064, -0.60000079870224, 2.887176513671875, -0.05422041937708855, -1.0872503519058228, -1.2349625825881958, 1.5547616481781006, -0.6816525459289551, -1.123034119606018, 0.5625758767127991, -0.4103817045688629, 2.2703607082366943, 0.27859964966773987, 0.5594273209571838, -1.0342684984207153, 0.06653402745723724, -0.9842596650123596, -1.1334152221679688, 0.18402481079101562, 1.9512040615081787, -0.4812923073768616, -0.3335806131362915, -1.886530876159668, 1.0596966743469238, -1.3879839181900024, 1.7544326782226562, -0.27622106671333313, -2.040604829788208, 0.5366578698158264, -0.0791567862033844, -1.2778226137161255, -1.5103543996810913, 0.6596733331680298, -1.5080097913742065, 0.43466717004776, -2.0126266479492188, 0.9921537637710571, -1.290137767791748, 0.00877393875271082, -2.8801920413970947, 0.4888593554496765, -0.6734966039657593, 1.772596001625061, 0.5938776135444641, 0.10767947137355804, 0.6823062300682068, -0.16830667853355408, -0.9976598024368286, -0.8706768751144409, -0.8888861536979675, -0.6862675547599792, 0.2606108486652374, -0.4184954762458801, -0.5163971781730652, -2.00167179107666, 0.1607588827610016, 0.24091500043869019, -0.2986086308956146, 1.1370701789855957, 0.974852442741394, -0.16141417622566223, 0.012374401092529297, 0.06127135455608368, -1.9097212553024292, 0.061815857887268066, 1.2278318405151367, 1.443557620048523, 0.1825558841228485, 0.14636656641960144, 1.61140775680542, -0.010838016867637634, 1.11378014087677, -0.7552005052566528, -0.37028151750564575, -0.8998547792434692, 0.9533715844154358, -0.9096870422363281, 0.5072258710861206, -0.328552782535553, 0.13841107487678528, 1.7250267267227173, -1.5258039236068726, 0.2641519010066986, 1.7233896255493164, 0.9352229833602905, 0.25161951780319214, 1.4181362390518188, -0.6717099547386169, 0.727911651134491, 0.8154447674751282, -0.5672169923782349, 0.2428506761789322, 0.2948002815246582, -0.8738776445388794, 0.12996713817119598, -0.7279724478721619, 0.5132293701171875, -0.4960669279098511, 0.4375608563423157, 0.27281224727630615, 0.16645966470241547, 1.1672492027282715, 1.2313801050186157, 0.05935877561569214, -1.180788278579712, 0.5798995494842529, 1.715018630027771, -0.04982820153236389, 0.6859258413314819, 0.020513363182544708, -1.4132840633392334, 1.1365748643875122, -0.3926955759525299, -1.0720577239990234, 1.1297699213027954, 2.1485960483551025, 0.2264191210269928, -0.8487213253974915, 0.3351992070674896]",yunet,Facenet,1920,1080,/home/amos/media/tv/modern_family/Modern.Family.S09.1080p.DSNP.WEB-DL.DDP5.1.H.264-CRFW/Modern.Family.S09E21.The.Escape.1080p.DSNP.WEB-DL.DDP5.1.H.264-CRFW.mkv,Modern Family,2009,1442437,9,21,Sofía Vergara,63522.0,0.818
200,1350,150,1530,378,1488,246,1398,240,0.934,4440,0,"[-1.357715129852295, 0.4701138436794281, 1.062855839729309, -1.1577799320220947, 0.8472267985343933, 0.694972038269043, -0.9645418524742126, 0.6582736372947693, 0.9546485543251038, 2.2365353107452393, 0.1742604374885559, 3.2036662101745605, -0.2031635344028473, -1.0892674922943115, -0.9844337701797485, 2.21604585647583, -0.13880959153175354, -1.1688321828842163, -0.12009380757808685, -0.0396159365773201, 1.5658022165298462, 0.6191815733909607, 0.15418294072151184, -0.1660783886909485, 0.03633645921945572, -1.3286741971969604, -1.4164659976959229, 0.8345575928688049, 1.7314870357513428, -0.6124682426452637, 0.13817653059959412, -2.4150285720825195, 1.1563704013824463, -1.2175078392028809, 1.3021513223648071, 0.4197683036327362, -1.8605178594589233, 0.680959939956665, -0.21143874526023865, -1.4616334438323975, -1.3176767826080322, 0.5040289163589478, -0.9059330224990845, 0.829247772693634, -1.485168218612671, 1.105104684829712, -1.360177993774414, -0.32145169377326965, -2.225224256515503, 0.7391128540039062, -0.8130574226379395, 1.2773526906967163, 1.1800000667572021, 0.31462615728378296, -0.0044023580849170685, -0.651040256023407, -1.2689244747161865, -1.4561822414398193, -0.39858290553092957, -0.3450639545917511, 0.10769442468881607, 0.6059025526046753, -0.7768574953079224, -1.624468445777893, 0.7679278254508972, 0.05561506375670433, -0.14455357193946838, 0.46641844511032104, 1.263225793838501, -0.14319761097431183, -0.300977498292923, 0.3017197251319885, -2.4765377044677734, 0.28655487298965454, 0.18437646329402924, 0.792244553565979, 0.707818865776062, -0.11378814280033112, 2.311140775680542, 0.12064516544342041, 1.1952705383300781, -1.2397894859313965, -0.1473003327846527, -0.4645780920982361, 0.23180237412452698, -1.02190101146698, 0.4504023492336273, 0.3237447738647461, -0.4495120346546173, 1.4162158966064453, -0.6415767073631287, 0.11813781410455704, 1.2369083166122437, 0.9632071256637573, 0.5912426710128784, 0.47563937306404114, -0.05018329992890358, 0.9249657988548279, 0.3756241202354431, 0.07484737783670425, 0.27075695991516113, -0.2722369432449341, -1.1935474872589111, 0.9399667978286743, -0.7257598638534546, 1.165930151939392, -0.3760250508785248, -0.5815974473953247, -0.6214346289634705, 0.6314120292663574, 1.492993712425232, 1.030726432800293, 0.491832971572876, -0.4345465898513794, 0.6285684704780579, 0.7350635528564453, -0.09349748492240906, 0.40656960010528564, 0.35870179533958435, -1.2580715417861938, 0.8084627985954285, -0.5233243703842163, -1.1213222742080688, 1.1220027208328247, 2.1302976608276367, -0.5084202885627747, 0.36811763048171997, 0.3482024371623993]",yunet,Facenet,1920,1080,/home/amos/media/tv/modern_family/Modern.Family.S09.1080p.DSNP.WEB-DL.DDP5.1.H.264-CRFW/Modern.Family.S09E21.The.Escape.1080p.DSNP.WEB-DL.DDP5.1.H.264-CRFW.mkv,Modern Family,2009,1442437,9,21,Sofía Vergara,63522.0,0.763
201,1314,138,1506,372,1440,216,1350,228,0.929,4464,0,"[-0.7896822690963745, 1.0371400117874146, 1.2620731592178345, -1.3576396703720093, 0.8835216164588928, 0.6700135469436646, -0.8416979908943176, 0.8202650547027588, 0.27734798192977905, 2.062946319580078, 0.5784213542938232, 3.0276031494140625, 0.5835365056991577, -0.44653698801994324, -0.3631308674812317, 1.7545380592346191, -0.20317241549491882, -1.607149362564087, -0.7230152487754822, 0.6578503847122192, 1.2789360284805298, 1.2457501888275146, 0.2905086278915405, 0.05523388087749481, 0.3216169476509094, -0.9711601138114929, -1.0242654085159302, 0.9076487421989441, 1.7863097190856934, -1.45378577709198, -0.20274952054023743, -1.596841812133789, 0.929865300655365, -0.5719362497329712, 1.5052673816680908, 0.21373367309570312, -1.0643986463546753, 0.6546419858932495, 0.21678319573402405, -1.1243302822113037, -1.6105833053588867, 0.9553669095039368, -0.5235947370529175, 0.49872148036956787, -2.950260877609253, 0.15099143981933594, -1.526322603225708, -1.0680495500564575, -1.8090628385543823, 0.6942864656448364, -0.09690326452255249, 0.9715835452079773, 1.1644847393035889, 0.0520448163151741, 0.42286860942840576, -1.148711919784546, -0.9977942705154419, -1.1819920539855957, -1.1458714008331299, -0.7797682881355286, -0.17897707223892212, -0.10531804710626602, -0.5663846731185913, -1.5505305528640747, 0.2257089614868164, -0.588588535785675, -0.4691755771636963, 0.8729419112205505, 1.2875518798828125, 0.17676220834255219, -0.28366562724113464, 0.5822532176971436, -2.8382320404052734, 0.5053444504737854, 0.6638950705528259, 1.115831971168518, 0.8433634042739868, -0.11184617877006531, 1.8628308773040771, 0.19656644761562347, 1.4599311351776123, -0.6269558668136597, -0.3380725085735321, 0.13489289581775665, 0.30331429839134216, 0.03094235062599182, 0.7901058793067932, -0.1469794660806656, -0.8192260265350342, 0.7444065809249878, -0.8749240636825562, -0.42520979046821594, 1.0930360555648804, 0.3984353840351105, 1.0016310214996338, 0.6481723785400391, -0.5220390558242798, 0.4583677649497986, 1.1990141868591309, -0.8940038681030273, -0.37014901638031006, 0.003797706216573715, -1.930601954460144, 0.4847753942012787, -0.9351199865341187, 0.7719039916992188, -0.3938952088356018, -1.4025226831436157, -0.37118032574653625, 0.536514401435852, 1.4752192497253418, 0.9569172859191895, 0.5820873975753784, -0.5539606809616089, 0.9229346513748169, 1.2598700523376465, -0.49601709842681885, -0.09938102960586548, 0.5129175782203674, -0.5932332277297974, 0.27767351269721985, -0.982728123664856, -0.666935920715332, 0.48780423402786255, 1.7794408798217773, 0.21045559644699097, 0.251501202583313, 1.008307695388794]",yunet,Facenet,1920,1080,/home/amos/media/tv/modern_family/Modern.Family.S09.1080p.DSNP.WEB-DL.DDP5.1.H.264-CRFW/Modern.Family.S09E21.The.Escape.1080p.DSNP.WEB-DL.DDP5.1.H.264-CRFW.mkv,Modern Family,2009,1442437,9,21,Sofía Vergara,63522.0,0.707
202,1326,162,1506,402,1428,258,1356,258,0.931,4488,0,"[-0.9325466156005859, 0.6835306882858276, 1.047903060913086, -0.13546739518642426, 1.2362574338912964, 0.5116273164749146, -1.0602951049804688, 0.40292438864707947, 1.0229883193969727, 1.0560243129730225, 0.04104721546173096, 2.708611249923706, 0.1923840492963791, -1.910413146018982, -0.695580005645752, 1.2352724075317383, -0.3555999994277954, -0.48415130376815796, -0.3008004426956177, 0.9643131494522095, 1.5652400255203247, 1.2211085557937622, 0.7239581346511841, -0.8903592228889465, -0.9869226813316345, -0.28919148445129395, -0.4708279073238373, 0.28979331254959106, 2.577667236328125, -0.184539794921875, -0.44669029116630554, -1.8946921825408936, 1.7831332683563232, -1.746169924736023, 1.9485020637512207, 0.4760757088661194, -1.3912463188171387, 0.5989224910736084, -0.32680270075798035, -0.8122001886367798, -1.021533727645874, 0.7827135920524597, -1.2942891120910645, 0.33455759286880493, -1.9566670656204224, 1.25918447971344, -0.750728964805603, -0.9936703443527222, -2.1129188537597656, 1.3216073513031006, -0.8243020176887512, 1.147921085357666, 1.3252720832824707, 0.3495176434516907, 0.7098835110664368, 0.34814485907554626, -0.9272506237030029, -1.0614722967147827, -1.1158407926559448, 0.20370885729789734, 0.3212471008300781, -0.4416828155517578, -0.866791307926178, -1.2314295768737793, 0.051480576395988464, 0.9135459065437317, 0.04584074392914772, 1.3137810230255127, 2.0085792541503906, -0.0061137196607887745, -0.19420257210731506, -0.02395525574684143, -2.5093603134155273, 0.6962599158287048, 1.4175580739974976, 1.353127121925354, 0.2183721661567688, -0.507163405418396, 1.2399238348007202, -0.19219845533370972, 0.8375935554504395, -0.7679688930511475, 0.8491989374160767, 0.1569315642118454, 1.6502745151519775, -0.8392049074172974, 1.0336483716964722, 0.7184489965438843, -0.7261526584625244, 0.8312692046165466, -2.2445030212402344, 0.6434155106544495, 1.3789082765579224, 0.13841690123081207, -0.14561694860458374, 0.16572235524654388, -1.0106810331344604, 0.46759283542633057, 0.16930650174617767, -1.1548094749450684, -0.36549651622772217, -0.0028086453676223755, -1.2926640510559082, 1.2173444032669067, 0.48976361751556396, 0.5341428518295288, 0.6684426665306091, -0.23332080245018005, 0.05246783047914505, 0.06638802587985992, 2.109976053237915, 0.8513880968093872, -0.6605633497238159, 0.05152367427945137, 0.18620499968528748, 1.4489870071411133, -0.7197401523590088, 0.6742751002311707, 1.430122971534729, -1.0544387102127075, 1.6780989170074463, -0.7588245868682861, -1.236018419265747, 0.28229889273643494, 1.602584958076477, -0.35187020897865295, -0.7843162417411804, 1.9243347644805908]",yunet,Facenet,1920,1080,/home/amos/media/tv/modern_family/Modern.Family.S09.1080p.DSNP.WEB-DL.DDP5.1.H.264-CRFW/Modern.Family.S09E21.The.Escape.1080p.DSNP.WEB-DL.DDP5.1.H.264-CRFW.mkv,Modern Family,2009,1442437,9,21,Sofía Vergara,63522.0,0.822
203,348,162,546,396,492,252,402,252,0.908,4488,1,"[-0.35125163197517395, -1.7515865564346313, 0.5896416306495667, 0.39004960656166077, 1.1403391361236572, -1.8278617858886719, -1.2281386852264404, -0.7090152502059937, -0.46698662638664246, 0.24908849596977234, -1.389039158821106, -0.1719353049993515, -0.9069657325744629, -0.6304558515548706, 0.7873591184616089, -0.5399667620658875, 1.0877565145492554, 1.2995539903640747, 0.5980328321456909, -1.530194640159607, -1.0027382373809814, -0.5805438160896301, 0.8228616118431091, 0.2660985589027405, 1.074903964996338, -0.6299583911895752, 0.14454376697540283, 3.8288068771362305, 0.7697124481201172, 0.17214854061603546, -1.0243042707443237, 2.008293867111206, -1.6047444343566895, 0.2046186625957489, -1.0151928663253784, 0.35629746317863464, 0.4362400472164154, -0.33438190817832947, -2.225768804550171, -0.8044425249099731, -0.15576152503490448, -1.2692512273788452, -0.1692402958869934, 1.067587971687317, 0.854690670967102, -0.5964248776435852, 0.05868193879723549, -1.738724946975708, -0.7133608460426331, -0.40119069814682007, 0.2432861328125, -1.2187979221343994, -1.468320369720459, 0.5089847445487976, -0.06877218186855316, -0.10432863980531693, -0.5101768970489502, 0.6986376047134399, -1.0342822074890137, -0.11956865340471268, -0.5951820611953735, -0.5184745192527771, -0.13951802253723145, 0.37882065773010254, -1.0424675941467285, 2.0200350284576416, 0.971477210521698, 0.8523488640785217, 0.4762735962867737, -0.8284730911254883, -0.4331800639629364, -0.7423083782196045, 1.6060290336608887, 1.3295016288757324, 0.3292982578277588, 1.9011943340301514, -0.5848742723464966, 0.10064546018838882, -0.06708584725856781, 0.4420278072357178, -0.43182408809661865, 3.0447609424591064, -0.6991511583328247, -0.5806588530540466, -2.0961873531341553, -0.6452337503433228, 0.6756313443183899, -0.4377289414405823, 0.1770705133676529, 1.503676176071167, 1.114723801612854, -0.8203727006912231, -1.6175655126571655, -1.2194772958755493, 0.10511209070682526, -0.5777783989906311, -1.5417343378067017, -0.0951961949467659, 0.9445322751998901, 0.6597262024879456, -1.326159954071045, 0.9066028594970703, -0.17894864082336426, -2.7312021255493164, 0.6265813708305359, -0.5806951522827148, 0.15194974839687347, -0.5349146127700806, 1.9408358335494995, -1.3734509944915771, -2.2418618202209473, 0.6403995752334595, -0.2630029320716858, -0.8863539099693298, 1.4983797073364258, 0.6643528938293457, 1.1258184909820557, -0.616299569606781, -1.1067898273468018, 0.7031893730163574, 0.020741567015647888, 0.6597229242324829, 0.9996943473815918, -0.09315548837184906, 1.4141004085540771, 0.7696124315261841, 1.2147705554962158, -0.39490166306495667]",yunet,Facenet,1920,1080,/home/amos/media/tv/modern_family/Modern.Family.S09.1080p.DSNP.WEB-DL.DDP5.1.H.264-CRFW/Modern.Family.S09E21.The.Escape.1080p.DSNP.WEB-DL.DDP5.1.H.264-CRFW.mkv,Modern Family,2009,1442437,9,21,Ed O'Neill,18977.0,0.673
204,1332,138,1518,366,1452,222,1356,228,0.927,4512,0,"[-0.902104377746582, 0.26079854369163513, 1.3563730716705322, -1.2379072904586792, 1.1527013778686523, 0.14411567151546478, -0.3845483958721161, 0.12446098029613495, 0.187654048204422, 1.138087272644043, -0.46095889806747437, 2.5385069847106934, 0.27738916873931885, -0.49297553300857544, -0.521178126335144, 1.3477892875671387, -0.14809486269950867, -0.8243758678436279, 0.7153174877166748, 0.5861769914627075, 1.358377456665039, 1.005724310874939, -0.1634605973958969, -0.7565606832504272, -0.2875206470489502, 0.26575011014938354, -1.427163004875183, 0.5146249532699585, 2.078315496444702, -0.5732982158660889, -0.17539018392562866, -1.9836596250534058, 1.7240633964538574, -1.1969133615493774, 2.0990312099456787, 1.4313626289367676, -1.3625088930130005, 0.9238507151603699, 0.18899360299110413, -0.681166410446167, -0.6459097266197205, 1.9770151376724243, -1.175125241279602, 0.5522688627243042, -2.39141583442688, 0.6391128897666931, -2.275714635848999, 0.3633959889411926, -2.5025978088378906, 0.7000473737716675, -0.03817002475261688, 2.0722436904907227, 0.8210222721099854, -0.23723840713500977, 1.0300217866897583, 0.2766355574131012, -0.16865399479866028, -0.4608020782470703, -0.5438522100448608, -0.20535504817962646, 0.5599633455276489, -0.5367494225502014, -0.8839113712310791, -0.6704643368721008, 0.04196592792868614, 0.19351373612880707, 0.005714081227779388, 1.057100772857666, 1.904518723487854, 0.5459078550338745, 0.23156243562698364, 0.21174493432044983, -3.063953399658203, -0.2505706548690796, 0.6961979866027832, 0.8682254552841187, -0.05105357617139816, -0.8036067485809326, 0.7961444854736328, -0.21069058775901794, 1.1356360912322998, -0.24319279193878174, 0.4785459339618683, -0.03862347826361656, 0.37505799531936646, -0.7862008810043335, 0.7959517240524292, 0.8749237656593323, -0.8551361560821533, 0.5927441120147705, -1.962678074836731, 0.4311080873012543, 1.4404407739639282, 0.8053103089332581, -0.01658620685338974, -0.3265678584575653, -0.19456671178340912, -0.5110245943069458, 0.6552975177764893, 0.2741556465625763, 0.0661226138472557, 0.46091949939727783, -2.211167812347412, 0.6107114553451538, -0.8435603976249695, 0.11639140546321869, 0.23942121863365173, -1.4627488851547241, 0.261168897151947, 0.11710280179977417, 1.1031334400177002, 0.7223526835441589, 0.43553024530410767, 0.2180524319410324, 0.8956839442253113, 0.8630489110946655, 0.22453628480434418, 0.6512492895126343, 1.5071802139282227, -0.7795625925064087, 1.3016059398651123, 0.35829779505729675, -0.6396377086639404, -0.8983713388442993, 1.9408047199249268, 0.1784459948539734, 0.43790683150291443, 1.2537636756896973]",yunet,Facenet,1920,1080,/home/amos/media/tv/modern_family/Modern.Family.S09.1080p.DSNP.WEB-DL.DDP5.1.H.264-CRFW/Modern.Family.S09E21.The.Escape.1080p.DSNP.WEB-DL.DDP5.1.H.264-CRFW.mkv,Modern Family,2009,1442437,9,21,Sofía Vergara,63522.0,0.746
205,348,174,558,414,498,264,402,264,0.908,4512,1,"[0.12353138625621796, -2.4577784538269043, 0.20913207530975342, 0.29864317178726196, 1.4601402282714844, -0.533683180809021, -2.485466957092285, 0.46542349457740784, -0.2512430250644684, 0.5090249180793762, -1.0726546049118042, 0.9088038802146912, -1.5075486898422241, -0.2516269087791443, 0.3374115824699402, -0.7872053384780884, 1.5666037797927856, 1.795423150062561, 1.036207914352417, -1.0010815858840942, -0.79619300365448, -1.5750280618667603, 0.08539170771837234, 0.6042435169219971, 1.0094149112701416, -1.1708590984344482, -0.24652975797653198, 3.6203837394714355, 0.5574930310249329, -0.06243444234132767, -0.5794380903244019, 1.9431416988372803, -1.2178032398223877, -0.1436358392238617, -0.925535261631012, 0.7314024567604065, -0.47894322872161865, -0.22128096222877502, -2.500042676925659, 0.05821918323636055, 0.11630667746067047, -0.33365103602409363, 0.3575490713119507, 1.4708834886550903, 0.6224412322044373, -1.19340980052948, 0.30315348505973816, -0.6392369270324707, -0.23235158622264862, -0.4483925700187683, 0.40201902389526367, -1.832958459854126, -0.4351848065853119, 0.5246564745903015, 1.0070399045944214, 0.0863860622048378, -0.3182908892631531, -0.39351600408554077, -0.37017321586608887, 0.5030435919761658, -0.18416383862495422, 0.32259106636047363, 0.8750072121620178, 0.4413587749004364, -0.6895478963851929, 2.4593892097473145, 0.42495453357696533, 1.3011231422424316, 0.9521654844284058, -0.4312875270843506, -1.1500965356826782, -0.3490946888923645, 0.9238304495811462, 2.20047664642334, 0.2700543999671936, 1.5291008949279785, -0.310727059841156, 0.12745782732963562, 0.1723480224609375, 1.344958782196045, -0.9362002015113831, 1.3973361253738403, -0.7545108795166016, -0.22552067041397095, -1.090618371963501, -0.6741037368774414, 0.8836619257926941, -0.3005707263946533, 1.2479374408721924, 2.136113405227661, 1.1333236694335938, 0.015562450513243675, -2.2566845417022705, -0.6279129981994629, -0.056148506700992584, -0.44042304158210754, -0.8428859114646912, -1.1500468254089355, 0.5347083210945129, 1.257704257965088, -1.2631958723068237, 0.5484515428543091, -0.3203693628311157, -2.4305386543273926, 1.3330210447311401, -1.3186949491500854, -0.27015963196754456, -0.7580057382583618, 2.049933671951294, -1.1490532159805298, -0.7524695992469788, 0.10355260223150253, -1.0438977479934692, -0.5012006759643555, 0.7418754696846008, 0.23758867383003235, 0.6121834516525269, 0.5698144435882568, 0.1445111483335495, -0.5429430603981018, -0.39527416229248047, 0.7400256395339966, 0.38952142000198364, 0.05064188688993454, 1.2933615446090698, 0.28710463643074036, 0.7295097708702087, -1.4409538507461548]",yunet,Facenet,1920,1080,/home/amos/media/tv/modern_family/Modern.Family.S09.1080p.DSNP.WEB-DL.DDP5.1.H.264-CRFW/Modern.Family.S09E21.The.Escape.1080p.DSNP.WEB-DL.DDP5.1.H.264-CRFW.mkv,Modern Family,2009,1442437,9,21,Ed O'Neill,18977.0,0.621
206,1332,150,1518,378,1446,234,1356,246,0.934,4536,0,"[-0.8860000371932983, 0.5935020446777344, 1.1905163526535034, -1.5325645208358765, 1.480543613433838, 0.4307425618171692, -1.1954572200775146, 0.5606904029846191, 0.08003472536802292, 0.9115506410598755, -0.1278914213180542, 2.684035062789917, 0.17045044898986816, -0.7879632711410522, -0.38960132002830505, 1.2019634246826172, 0.07903866469860077, -0.5952687859535217, 1.044453740119934, 0.3191643953323364, 1.1554490327835083, 0.8786178231239319, 0.2846509516239166, -1.0366153717041016, -0.3458487391471863, 0.1499095857143402, -1.586573839187622, 1.0184597969055176, 1.915736198425293, -0.27552923560142517, -0.39154955744743347, -1.9685724973678589, 1.518708348274231, -1.2591392993927002, 2.2448153495788574, 1.0251107215881348, -1.0240623950958252, 1.2182936668395996, -0.0011520832777023315, -0.3529486656188965, -1.1387945413589478, 1.3015477657318115, -0.6411101818084717, 0.6577829122543335, -2.330582618713379, 0.44828540086746216, -1.798938512802124, -0.2562234699726105, -1.9982351064682007, 0.9161653518676758, -0.5406490564346313, 1.825613021850586, 1.0865694284439087, 0.19195334613323212, 0.7685295939445496, -0.17880834639072418, -0.7193976640701294, -0.9014714956283569, -0.5436398983001709, 0.4436515271663666, 0.7338245511054993, -0.5169621109962463, -0.3570450246334076, -1.0575999021530151, -0.4330751597881317, 0.07561581581830978, -0.5072159171104431, 1.312332034111023, 1.959104299545288, 0.7628631591796875, 0.17736577987670898, -0.046679072082042694, -3.1993095874786377, -0.010952487587928772, 1.2833876609802246, 1.4456350803375244, 0.5138041973114014, -0.5238639116287231, 1.1992098093032837, -0.059475380927324295, 1.4157850742340088, -0.031044024974107742, 0.09701814502477646, -0.10189984738826752, 0.5256789326667786, -0.40540921688079834, 0.5275208950042725, 0.5399868488311768, -0.9396920204162598, 0.6190887689590454, -1.867525577545166, -0.03255065158009529, 1.1585843563079834, -0.14658775925636292, -0.04615475982427597, -0.03128558024764061, -1.0808082818984985, -0.262672483921051, 0.41222020983695984, -0.08804139494895935, 0.10412536561489105, 0.07442601770162582, -1.549414038658142, 0.6869907975196838, -0.7347440123558044, 0.26580554246902466, 0.11432743072509766, -1.4485489130020142, 0.04310385137796402, 0.0898694097995758, 1.3613437414169312, 0.38508301973342896, -0.43820515275001526, 0.3598991334438324, 0.9130977392196655, 0.3199905455112457, -0.2778007388114929, 0.29515236616134644, 1.513160228729248, -0.5455189347267151, 1.3210879564285278, -0.0693439245223999, -0.7640430927276611, -0.4762035310268402, 1.754509687423706, 0.1380484402179718, 0.5300001502037048, 1.654350757598877]",yunet,Facenet,1920,1080,/home/amos/media/tv/modern_family/Modern.Family.S09.1080p.DSNP.WEB-DL.DDP5.1.H.264-CRFW/Modern.Family.S09E21.The.Escape.1080p.DSNP.WEB-DL.DDP5.1.H.264-CRFW.mkv,Modern Family,2009,1442437,9,21,Sofía Vergara,63522.0,0.739
207,1332,156,1512,384,1446,234,1356,246,0.932,4560,0,"[-0.9034256935119629, 0.6536694765090942, 1.0773422718048096, -1.625618815422058, 1.1281416416168213, 0.3130026161670685, -1.3224350214004517, 0.9875633716583252, -0.24431973695755005, 0.9199326634407043, -0.0538078173995018, 2.6901116371154785, -0.13571444153785706, -0.8793051242828369, -0.4025011956691742, 1.5167597532272339, -0.10993748903274536, -0.38614141941070557, 0.87739098072052, 0.6301168203353882, 1.4401905536651611, 0.9753787517547607, 0.7577166557312012, -0.8558080792427063, 0.021128812804818153, 0.3886553943157196, -1.5500870943069458, 0.8595018982887268, 2.3978209495544434, -0.6191256642341614, -0.4336978495121002, -1.5364962816238403, 2.0495498180389404, -1.180819034576416, 1.8537507057189941, 0.7660985589027405, -0.9814266562461853, 1.0727862119674683, -0.28160956501960754, -0.7374287843704224, -1.5886204242706299, 1.4525721073150635, -0.7478199005126953, 0.3038940131664276, -2.1885483264923096, 0.9135792255401611, -2.151498317718506, 0.08119522035121918, -2.039066791534424, 1.2118313312530518, -0.07436105608940125, 1.593485951423645, 1.3958301544189453, 0.6168086528778076, 0.6079428195953369, 0.06609673798084259, -1.01139235496521, -1.0502322912216187, -0.6518016457557678, 0.5115780234336853, 0.6372753977775574, -0.3800048828125, -0.5842213034629822, -0.5070315599441528, -0.1334172487258911, -0.18870119750499725, -0.17484280467033386, 0.799507737159729, 2.333838701248169, 0.7353196144104004, 0.06953231990337372, 0.004589468240737915, -3.236107587814331, 0.5634027123451233, 1.3513072729110718, 0.8104882836341858, 0.5227928161621094, -0.46695244312286377, 1.270430088043213, -0.02403590828180313, 1.182509183883667, -0.01525883749127388, -0.10713999718427658, -0.13359315693378448, 0.9227139949798584, -0.3625049293041229, 0.6893831491470337, 0.14652672410011292, -1.0054594278335571, 0.7213447093963623, -1.9292250871658325, 0.27330273389816284, 1.1647297143936157, 0.049295857548713684, -0.03366658836603165, -0.027669934555888176, -0.6876229047775269, -0.2845185399055481, 0.28582483530044556, -0.6123675107955933, -0.25739243626594543, -0.46130475401878357, -1.0959540605545044, 1.2787139415740967, -0.7710705399513245, 0.2657368779182434, -0.08578795194625854, -1.224403738975525, -0.04978694021701813, 0.4138083755970001, 1.2409865856170654, 0.253997802734375, -0.5392402410507202, 0.6290923953056335, 1.142557144165039, 0.5031430721282959, -0.1292468011379242, 0.1634514331817627, 1.3078320026397705, -0.9815748333930969, 1.5530157089233398, -0.42958864569664, -1.100067138671875, 0.06743074953556061, 1.4422327280044556, -0.03098773956298828, 0.15309518575668335, 1.7851699590682983]",yunet,Facenet,1920,1080,/home/amos/media/tv/modern_family/Modern.Family.S09.1080p.DSNP.WEB-DL.DDP5.1.H.264-CRFW/Modern.Family.S09E21.The.Escape.1080p.DSNP.WEB-DL.DDP5.1.H.264-CRFW.mkv,Modern Family,2009,1442437,9,21,Sofía Vergara,63522.0,0.785
208,348,162,558,414,504,264,408,270,0.906,4560,1,"[0.24362480640411377, -1.8208539485931396, 0.20111402869224548, 0.11470522731542587, 1.3169052600860596, -1.019848346710205, -1.8396614789962769, 1.1564205884933472, -0.6395713686943054, 0.3113619089126587, -2.250385284423828, 0.9861835837364197, -1.1358730792999268, 0.6256128549575806, 0.48691457509994507, -0.17162664234638214, 1.1922204494476318, 0.8336454033851624, 1.1002947092056274, -1.7082384824752808, -1.6048259735107422, -0.5051621794700623, -0.4053291380405426, 0.32620593905448914, 1.58159339427948, -0.704796314239502, 0.11252407729625702, 3.5734705924987793, 0.8770386576652527, 0.16291891038417816, -0.6959381103515625, 1.9487007856369019, -0.8444394469261169, -0.531766414642334, -1.570553183555603, 0.2932168245315552, 0.1935465931892395, -0.5789241790771484, -2.955404758453369, 0.2781660556793213, -0.20746801793575287, -0.31935420632362366, -0.17558038234710693, 1.3841636180877686, 0.7059361934661865, -0.8298494815826416, -0.5738564133644104, -0.7155722379684448, 0.23088975250720978, -0.36342543363571167, 0.15281078219413757, -0.7796367406845093, -0.6239306330680847, 0.7514259815216064, -0.289014607667923, 0.1802825778722763, -0.359035462141037, -0.7303436994552612, -1.208437204360962, 0.6303392052650452, -1.5788365602493286, -0.06502792984247208, 0.9678908586502075, 0.6664041876792908, -0.7752232551574707, 1.4483003616333008, 0.8807879090309143, 1.4293594360351562, 1.1917600631713867, -0.5440773963928223, -0.2951521575450897, 0.567401647567749, 0.5683618187904358, 1.7886232137680054, 0.5018811821937561, 0.5132989883422852, -0.2736033499240875, 0.1614348143339157, -0.029878325760364532, 1.1527990102767944, -0.8020707964897156, 1.623788833618164, -0.8246586322784424, -0.7530686259269714, -1.1918076276779175, -0.8571346998214722, 0.07430866360664368, -0.9365740418434143, 0.7740691900253296, 2.3379628658294678, 1.259742021560669, -0.8420473337173462, -1.5268174409866333, -1.1214377880096436, -0.677619457244873, -0.011244919151067734, -0.6104578375816345, -0.1322435885667801, 1.180699348449707, 1.3374090194702148, -0.8619793653488159, 1.1401172876358032, 0.353971004486084, -2.590883731842041, 0.3935483396053314, -0.8754201531410217, -1.5043256282806396, -1.1037365198135376, 1.0925613641738892, -0.6443529725074768, -1.8124806880950928, 1.0116798877716064, -0.6240230798721313, -0.9263526797294617, 2.0322859287261963, -0.05536693334579468, 0.9381753206253052, 0.25604158639907837, -0.08935374766588211, -0.6816620826721191, 0.6075496673583984, 0.010400294326245785, 0.39872580766677856, 0.6237074136734009, 1.1946605443954468, 0.22117123007774353, 0.2603845000267029, 0.05217064544558525]",yunet,Facenet,1920,1080,/home/amos/media/tv/modern_family/Modern.Family.S09.1080p.DSNP.WEB-DL.DDP5.1.H.264-CRFW/Modern.Family.S09E21.The.Escape.1080p.DSNP.WEB-DL.DDP5.1.H.264-CRFW.mkv,Modern Family,2009,1442437,9,21,Ed O'Neill,18977.0,0.733
209,1332,144,1506,366,1446,222,1368,222,0.931,4584,0,"[-0.7921801805496216, 0.8800392150878906, 0.582065224647522, -0.936522364616394, 1.111231803894043, 0.8043846487998962, -0.9349823594093323, 0.5772106051445007, 0.7998819947242737, 2.3353404998779297, -0.1636618822813034, 3.4102725982666016, -0.07220686227083206, -1.3800666332244873, -0.6125563383102417, 1.8152111768722534, -0.2801523804664612, -0.4712502956390381, 0.7800577282905579, 0.423317551612854, 1.829096794128418, 1.3187755346298218, 0.10359179228544235, -0.7494832277297974, -0.6954033374786377, -0.321514368057251, -1.9906084537506104, 1.1552164554595947, 1.9391419887542725, -0.28693056106567383, -0.03407806158065796, -1.5303267240524292, 1.0195190906524658, -1.654763102531433, 2.3985538482666016, 0.3580764830112457, -1.9147242307662964, 0.9408643245697021, 0.23392608761787415, -0.4547775089740753, -1.0611481666564941, 1.3292574882507324, -0.7806849479675293, -0.09353587031364441, -1.6568503379821777, 1.3577418327331543, -1.5351500511169434, -0.26339054107666016, -2.055328130722046, 1.332613229751587, -0.6389865279197693, 1.9236702919006348, 1.0395886898040771, 0.21558646857738495, 0.5756211280822754, -0.4034649729728699, -1.2702897787094116, -0.8224466443061829, -0.7907042503356934, -0.6833297610282898, 0.8276723027229309, -0.468982458114624, -0.5899630784988403, -1.7603766918182373, 0.4386639893054962, -0.058417245745658875, 0.5107641220092773, 1.0784612894058228, 1.778475284576416, -0.34091585874557495, 0.22859810292720795, 0.31758254766464233, -2.1151933670043945, 0.9394147992134094, 0.601749062538147, 0.5971260070800781, 0.8695361614227295, -0.3347291946411133, 1.3579070568084717, 0.18643517792224884, 1.1773325204849243, -0.9296883344650269, 0.2446117103099823, -0.49218663573265076, -0.513648509979248, -0.9661933183670044, 0.31593847274780273, 0.28049296140670776, -0.3245321810245514, 1.2648872137069702, -1.7954825162887573, 0.4323103427886963, 1.2291958332061768, 1.3013184070587158, 0.6301364898681641, -0.308152437210083, -0.3797394037246704, 1.0405323505401611, 0.20928522944450378, -0.20155782997608185, 0.2248505800962448, 0.04006637632846832, -1.937620759010315, 0.5746244192123413, -0.8049449324607849, 0.6139887571334839, 0.2826223373413086, -0.5554249286651611, 0.005312945693731308, 0.5745168328285217, 1.7338958978652954, 1.2953605651855469, 0.13136735558509827, 0.12091530114412308, 1.0772039890289307, 1.0429387092590332, -0.003700386732816696, 0.08427277207374573, 0.9089131355285645, -0.9776553511619568, 0.269155889749527, 0.09603491425514221, -1.0519988536834717, 0.2235591560602188, 1.7373721599578857, 0.30988284945487976, -0.07504330575466156, 0.62474524974823]",yunet,Facenet,1920,1080,/home/amos/media/tv/modern_family/Modern.Family.S09.1080p.DSNP.WEB-DL.DDP5.1.H.264-CRFW/Modern.Family.S09E21.The.Escape.1080p.DSNP.WEB-DL.DDP5.1.H.264-CRFW.mkv,Modern Family,2009,1442437,9,21,Sofía Vergara,63522.0,0.793
210,348,168,558,414,504,258,414,264,0.905,4584,1,"[-0.5600231885910034, -1.4402378797531128, -0.3260173201560974, 0.6064118146896362, 0.4689350128173828, -0.9507280588150024, -1.3266509771347046, 0.398875892162323, -0.9663234949111938, 0.298180490732193, -0.2111821472644806, 0.6078845262527466, -0.9817541241645813, -1.3665592670440674, 0.43161967396736145, -0.7397372126579285, 1.696676254272461, 1.5255464315414429, 0.7331190705299377, -0.5248466730117798, -0.884055495262146, -0.5116735696792603, -0.007324386388063431, 0.5437328815460205, 0.6528645157814026, -0.31022313237190247, -0.4334591031074524, 3.4551143646240234, 1.7483108043670654, -0.5234657526016235, -0.3013491630554199, 1.8925820589065552, -1.7306324243545532, 0.326433390378952, -0.7017814517021179, -0.2673349380493164, 0.33894890546798706, -0.731224775314331, -2.225550413131714, -1.1441478729248047, -0.542003870010376, -0.23571744561195374, -0.5975327491760254, 1.345718502998352, 0.7294030785560608, -1.1552680730819702, 1.4184694290161133, -1.5421569347381592, 0.31898248195648193, -0.4443439245223999, 0.10380822420120239, -0.5413817763328552, -1.3465851545333862, 0.8750801682472229, 0.12796008586883545, 0.5337073802947998, -0.4264187514781952, 0.7672773599624634, -1.2468377351760864, 0.4100561738014221, -0.6232209801673889, -0.3804541826248169, 1.2631232738494873, 0.44127991795539856, -0.1172281876206398, 2.69515323638916, 1.0994625091552734, 2.2541239261627197, 1.0591158866882324, -1.1025696992874146, -0.8215301632881165, -0.37232881784439087, 0.2680085003376007, 1.8835947513580322, 0.4771322011947632, 1.7791540622711182, -1.2658138275146484, -0.16191640496253967, -0.25224190950393677, 0.9861551523208618, -0.7633946537971497, 1.8714439868927002, -0.9458680748939514, -1.003904104232788, -1.6130778789520264, -0.14898690581321716, -0.5609914064407349, 0.2040727287530899, 0.09075744450092316, 1.3071154356002808, 1.0877783298492432, -0.9602099657058716, -1.5545599460601807, -0.8666257262229919, 0.18660825490951538, -0.4439714550971985, -1.3393419981002808, -0.44444188475608826, 1.9857604503631592, 0.7195508480072021, -1.3772448301315308, 1.310943365097046, 0.16045454144477844, -1.5990846157073975, 0.5118914842605591, 0.1973995417356491, -0.23604793846607208, -0.4721490442752838, 1.3170042037963867, -1.8032349348068237, -2.1732425689697266, 1.105014443397522, -0.21925872564315796, -1.4363644123077393, 1.3181828260421753, 0.7822393178939819, 0.3118249475955963, -0.8136845827102661, 0.0032889991998672485, 0.6270706653594971, -0.5069178342819214, 0.9702640771865845, 0.9457442164421082, -0.12698552012443542, 1.1697971820831299, 0.5039802193641663, 0.7429938316345215, -0.7800811529159546]",yunet,Facenet,1920,1080,/home/amos/media/tv/modern_family/Modern.Family.S09.1080p.DSNP.WEB-DL.DDP5.1.H.264-CRFW/Modern.Family.S09E21.The.Escape.1080p.DSNP.WEB-DL.DDP5.1.H.264-CRFW.mkv,Modern Family,2009,1442437,9,21,Ed O'Neill,18977.0,0.698
211,1302,162,1470,390,1380,258,1332,258,0.914,4608,0,"[-0.0716443806886673, 1.096208095550537, 0.6708332896232605, -0.7471414804458618, 0.2841483950614929, 0.4657072424888611, -0.06696358323097229, -1.3889751434326172, 0.4595182538032532, 1.7024495601654053, 1.61418616771698, 3.4534599781036377, -0.30632978677749634, -1.9284019470214844, -0.28531092405319214, 2.312408685684204, 0.2517251670360565, -0.7763704061508179, -1.034436821937561, 2.9565865993499756, 1.1123114824295044, 1.016836404800415, 0.8785565495491028, -0.8739874958992004, -0.7862873077392578, -0.5449306964874268, -0.3933451175689697, 0.04542821645736694, 1.8191912174224854, 0.07229603826999664, 0.21493926644325256, -2.199997663497925, 1.3890401124954224, -0.8871498107910156, 1.2498866319656372, 1.0985757112503052, -0.9121089577674866, 0.5351182222366333, 0.2624054551124573, -1.243764042854309, -2.068804979324341, 0.7640936970710754, -2.032433271408081, 0.8364505171775818, -1.5185151100158691, -0.3448169231414795, -1.1777666807174683, -0.7554339170455933, -2.2723548412323, 0.910819411277771, -0.4671914577484131, -0.5187084078788757, 0.3574179410934448, 0.386239230632782, -0.02747228741645813, 0.5591027140617371, 0.18578973412513733, 0.39462369680404663, -0.957481324672699, -0.2436068058013916, 0.08109451085329056, 1.034565806388855, -0.5342150926589966, -1.217065453529358, 1.146872878074646, 1.0654149055480957, 0.5290442109107971, 1.3096940517425537, 1.702571988105774, 0.7098139524459839, -0.7817081809043884, 0.19338268041610718, -2.4093258380889893, 0.7491947412490845, 0.823334813117981, 1.1032055616378784, -0.5087622404098511, -2.528017044067383, 1.1516214609146118, -0.5684599280357361, 1.1102319955825806, -1.2629088163375854, 0.2184702754020691, 1.4047976732254028, 1.1867891550064087, -1.0542751550674438, 1.0894665718078613, 1.2620513439178467, -0.453083336353302, 0.11200031638145447, -1.7347736358642578, -0.6446146965026855, 1.9186068773269653, -0.22493988275527954, -0.5380198359489441, -0.22956250607967377, -0.11706988513469696, -0.33699271082878113, 0.3754148781299591, -1.014875888824463, -0.4909428358078003, -0.2971267104148865, -2.436774253845215, 0.7831475734710693, 1.0241843461990356, 0.33682000637054443, 0.7141677737236023, -1.4567089080810547, 1.080903172492981, 0.11566600203514099, 2.1061487197875977, 1.2527495622634888, 0.6847186088562012, -0.14739975333213806, 0.6872748732566833, 1.4444446563720703, -1.6134971380233765, 1.3060237169265747, 1.9653023481369019, 0.11714236438274384, 1.7112339735031128, -0.07882340997457504, -0.40436941385269165, -0.061495520174503326, 2.351480484008789, -0.9215516448020935, -0.1445385068655014, 1.0151618719100952]",yunet,Facenet,1920,1080,/home/amos/media/tv/modern_family/Modern.Family.S09.1080p.DSNP.WEB-DL.DDP5.1.H.264-CRFW/Modern.Family.S09E21.The.Escape.1080p.DSNP.WEB-DL.DDP5.1.H.264-CRFW.mkv,Modern Family,2009,1442437,9,21,Sofía Vergara,63522.0,0.725
212,348,162,552,402,498,252,408,252,0.905,4608,1,"[-0.4121590852737427, -1.4556066989898682, 0.16404958069324493, 0.4547984302043915, 1.3535128831863403, -1.5648491382598877, -1.0958207845687866, 0.0458536259829998, -0.984836995601654, -0.46453770995140076, -1.0506608486175537, -0.06629453599452972, -0.9559993743896484, -0.4745078980922699, 0.783789873123169, -1.2229678630828857, 2.0062096118927, 0.9963828325271606, 0.5086510181427002, -0.7323464155197144, -1.6160410642623901, -0.5537747144699097, -0.04733283817768097, 0.16343674063682556, 0.42336341738700867, -0.4375043511390686, -0.03449391573667526, 3.0326595306396484, 1.463175654411316, -0.12531863152980804, -0.16836462914943695, 1.8617539405822754, -1.2973076105117798, 0.209056556224823, -0.768669605255127, 0.6430913209915161, 0.9644719362258911, -0.1502404510974884, -2.1784474849700928, -0.2362174391746521, -0.22131898999214172, -0.30982404947280884, -0.6434955596923828, 0.7643690705299377, 0.8613775372505188, -0.7820581197738647, -0.2805361747741699, -0.537615180015564, 0.3794618248939514, -0.2987064719200134, 0.6444839239120483, -0.5776758193969727, -0.8533151149749756, 0.9134036898612976, -0.26261258125305176, 0.40817713737487793, -1.1197012662887573, -0.3104281723499298, -0.7603765726089478, 0.3449079990386963, -0.820869505405426, -0.0004635751247406006, -0.22752222418785095, 1.0257928371429443, -1.0488969087600708, 2.7532808780670166, 1.1455299854278564, 1.1160094738006592, 1.460933804512024, -0.6747744083404541, -0.5167069435119629, -0.6065987348556519, 1.4051638841629028, 1.5328813791275024, 0.5185925960540771, 1.902571678161621, -0.7753678560256958, -0.4520988464355469, -0.4682818353176117, 0.5344618558883667, -1.0097646713256836, 3.324530601501465, -1.4000195264816284, -0.8806424140930176, -1.1098544597625732, -0.4033950865268707, 0.483110249042511, -0.3771975636482239, 0.1419215053319931, 2.4907944202423096, 0.1907568871974945, 0.46963757276535034, -1.6192339658737183, -0.8978024125099182, -0.36586466431617737, -0.1232449933886528, -0.6256412267684937, -0.2098442018032074, 1.5715374946594238, 1.3813344240188599, -1.0378446578979492, 0.8037732839584351, -0.1577644646167755, -1.882786512374878, 0.9420328736305237, 0.24834994971752167, 0.24221855401992798, -0.20244571566581726, 1.6152671575546265, -2.1568052768707275, -2.0162599086761475, 0.5167993307113647, -0.8106365203857422, -1.4317333698272705, 1.339104413986206, 1.1673049926757812, 0.47770848870277405, -0.561721920967102, -0.5616652965545654, 0.25675511360168457, 0.15002122521400452, 0.17661695182323456, 0.33277565240859985, -0.6578442454338074, 0.6469559073448181, 1.038737416267395, 0.7007148861885071, -0.7275596857070923]",yunet,Facenet,1920,1080,/home/amos/media/tv/modern_family/Modern.Family.S09.1080p.DSNP.WEB-DL.DDP5.1.H.264-CRFW/Modern.Family.S09E21.The.Escape.1080p.DSNP.WEB-DL.DDP5.1.H.264-CRFW.mkv,Modern Family,2009,1442437,9,21,Ed O'Neill,18977.0,0.64
213,1302,162,1482,396,1386,264,1332,264,0.928,4632,0,"[-0.33975663781166077, 0.997430682182312, 0.565142035484314, -0.38043367862701416, 1.0187801122665405, 0.5571919679641724, -0.21629036962985992, -1.412522792816162, 0.5122342705726624, 1.2092366218566895, 1.700439691543579, 3.0131728649139404, -0.37189584970474243, -1.6088709831237793, 0.028096437454223633, 1.5953810214996338, 0.5799715518951416, -1.1602882146835327, -1.6549049615859985, 2.4599835872650146, 0.6951695680618286, 0.5574687123298645, 0.8414859175682068, -0.6454528570175171, -0.8250764608383179, -0.26220017671585083, -0.42992183566093445, -0.06399308145046234, 2.0808568000793457, -0.7406794428825378, 0.8714442253112793, -2.497610330581665, 1.1972124576568604, -1.1122249364852905, 1.3142966032028198, 1.4849263429641724, -0.8458324074745178, 0.8243169188499451, 0.563805341720581, -0.5612006187438965, -1.885888695716858, 0.8200023174285889, -1.4754730463027954, 0.22009307146072388, -1.4604209661483765, -0.2421630322933197, -1.211055040359497, -0.6312364339828491, -1.8338420391082764, 0.5009981393814087, -0.5012181997299194, -0.16202610731124878, 0.4370822012424469, 0.247420534491539, -0.00720527209341526, 1.0176777839660645, 0.27704381942749023, -0.05224350467324257, -0.3767687678337097, 0.04205048084259033, 0.22409296035766602, 0.6513741612434387, -0.4122331142425537, -0.9791816473007202, 0.4685746729373932, 1.1555202007293701, 0.4025188684463501, 1.4677475690841675, 1.7331874370574951, 0.5403769016265869, -1.1174677610397339, 0.24065884947776794, -2.5030691623687744, 0.4209129214286804, 1.1782203912734985, 1.4969390630722046, -0.3344965875148773, -2.117777109146118, 0.3582197427749634, -0.5986514091491699, 0.7401225566864014, -0.750697135925293, -0.17541030049324036, 1.0548921823501587, 0.8484753966331482, -0.8135033845901489, 0.8788334131240845, 1.1951183080673218, -0.466421902179718, 0.1842355877161026, -1.7689796686172485, -0.7075933218002319, 2.2000603675842285, -0.429856538772583, -0.5170499086380005, 0.027847809717059135, -0.6183000206947327, -0.17922528088092804, 0.786445677280426, -0.5877951979637146, -0.6367459297180176, -0.4648395776748657, -2.220724105834961, 0.8375813364982605, 1.590567708015442, 0.30681419372558594, 0.7066729068756104, -1.2458560466766357, 0.9825649261474609, -0.25600185990333557, 2.2228825092315674, 1.4726020097732544, 0.40160810947418213, -0.4016968607902527, 0.6202920079231262, 1.7824196815490723, -1.8401895761489868, 1.4549260139465332, 1.689276099205017, 0.30121761560440063, 1.462785005569458, -0.6335965394973755, -0.08627845346927643, -0.41941505670547485, 1.9268381595611572, -0.71657395362854, 0.01790081150829792, 0.9921470880508423]",yunet,Facenet,1920,1080,/home/amos/media/tv/modern_family/Modern.Family.S09.1080p.DSNP.WEB-DL.DDP5.1.H.264-CRFW/Modern.Family.S09E21.The.Escape.1080p.DSNP.WEB-DL.DDP5.1.H.264-CRFW.mkv,Modern Family,2009,1442437,9,21,Sofía Vergara,63522.0,0.781
214,354,174,558,420,504,270,414,270,0.912,4632,1,"[-0.23053869605064392, -1.249267578125, 0.20391391217708588, 0.10050725191831589, 0.6859290599822998, -0.9023240208625793, -1.2947328090667725, -0.18087726831436157, -1.4920662641525269, 0.044970858842134476, -0.19183558225631714, 0.553848922252655, -1.1652153730392456, -0.9595432281494141, 0.06184530258178711, -0.24481447041034698, 1.2633987665176392, 1.297661304473877, 0.8209255933761597, -1.1211103200912476, -0.1593344807624817, -0.8649973273277283, -0.09882282465696335, 0.189424067735672, 0.9725359678268433, -1.0685869455337524, 0.19279523193836212, 4.003374099731445, 1.0074191093444824, -0.19251704216003418, -0.6459287405014038, 2.9505772590637207, -1.096496343612671, 0.46924591064453125, -0.8940948247909546, -0.3449666202068329, 0.30079030990600586, -1.122051477432251, -2.032336473464966, -0.5320414304733276, -0.17183451354503632, -0.7651857733726501, -0.16621872782707214, 1.076824426651001, 0.7457074522972107, -1.2903066873550415, 0.2047952264547348, -1.2830101251602173, 0.7395249605178833, -0.36151716113090515, -0.13060763478279114, -1.2861932516098022, -0.4366588890552521, 1.0371092557907104, 0.6715620160102844, 0.969539999961853, -0.7745534181594849, -0.43807145953178406, -0.6595323085784912, 0.6250826120376587, -1.0821512937545776, 0.28877943754196167, 0.6065138578414917, 0.4604499042034149, -0.555794358253479, 2.5757110118865967, 1.226514458656311, 1.5559979677200317, 0.5181640982627869, -0.1365671306848526, -0.9485930800437927, 0.09657515585422516, 1.345420479774475, 2.1935009956359863, 0.23492641746997833, 1.4775419235229492, -0.5412294268608093, 0.15619507431983948, 0.17554178833961487, 1.1426488161087036, -0.4690002501010895, 2.405731439590454, -1.0718050003051758, -1.0863494873046875, -0.32503369450569153, -0.1255178153514862, -0.32442229986190796, -0.3661589026451111, 0.5800801515579224, 2.065962553024292, 1.2609848976135254, 0.17190513014793396, -1.9563939571380615, -1.1773425340652466, 0.5736589431762695, -0.45978349447250366, -1.1221857070922852, -0.6387880444526672, 1.3832197189331055, 0.4392278492450714, -1.3623967170715332, 0.007762014865875244, 0.0605713352560997, -1.9936548471450806, 0.9408275485038757, -0.48754996061325073, 0.3669043481349945, 0.1392735242843628, 1.2121658325195312, -1.4402722120285034, -1.5985668897628784, 0.33880627155303955, -0.647559642791748, -0.8214555382728577, 1.0836116075515747, 0.5716246366500854, 1.3474714756011963, 0.15020477771759033, -0.15347036719322205, 0.34308522939682007, 0.4001237154006958, 0.5484796762466431, 1.4925533533096313, 0.17325936257839203, 1.3650678396224976, 0.5611521005630493, 0.7957846522331238, -0.5610443949699402]",yunet,Facenet,1920,1080,/home/amos/media/tv/modern_family/Modern.Family.S09.1080p.DSNP.WEB-DL.DDP5.1.H.264-CRFW/Modern.Family.S09E21.The.Escape.1080p.DSNP.WEB-DL.DDP5.1.H.264-CRFW.mkv,Modern Family,2009,1442437,9,21,Ed O'Neill,18977.0,0.654
215,1326,174,1494,402,1422,270,1356,264,0.933,4656,0,"[-1.2023483514785767, 0.970034122467041, 1.007765769958496, 0.18881940841674805, 1.6675879955291748, 0.4246324300765991, -0.7376267313957214, -0.17184771597385406, 1.503865122795105, 0.6681399345397949, 0.7800692319869995, 2.986888885498047, 0.40209174156188965, -1.982753872871399, -0.38539353013038635, 1.4953701496124268, 0.14221926033496857, 0.07039612531661987, -0.5317126512527466, 1.3590350151062012, 0.15721547603607178, 1.3444948196411133, 0.18820512294769287, -0.2310243844985962, -1.5288761854171753, -0.3832646608352661, -1.493920087814331, 0.4953831136226654, 2.258242130279541, -0.1053951308131218, 0.1453230381011963, -2.836028814315796, 1.3432809114456177, -1.6134356260299683, 1.857352614402771, 0.8729491233825684, -1.7212111949920654, 1.316291332244873, -0.6217015981674194, -0.8013910055160522, -1.1133028268814087, 0.5688602328300476, -1.0591849088668823, 1.2158143520355225, -1.4756360054016113, 0.3137862980365753, -1.0628128051757812, -0.48678359389305115, -1.3430039882659912, 1.1651201248168945, 0.41913414001464844, 0.36828815937042236, 0.855466365814209, 0.16004350781440735, 0.24829551577568054, 0.33414560556411743, -0.5546179413795471, -1.2225010395050049, -1.451439619064331, 0.5468840599060059, -0.1088513433933258, 0.592501163482666, -0.9220371842384338, -1.0823249816894531, 0.5441222190856934, 1.0416851043701172, -0.20295000076293945, 1.1262873411178589, 2.2346701622009277, 0.41772574186325073, -0.20716442167758942, -0.3616722822189331, -2.6972124576568604, 0.5267549753189087, 0.9053236246109009, 1.2038617134094238, -0.46781086921691895, -1.1621888875961304, 0.7911065816879272, -0.0026748105883598328, 1.3246040344238281, -1.024425983428955, 0.5063666701316833, 0.26941728591918945, 0.7600032091140747, -0.8991718292236328, 1.3466821908950806, 1.5543596744537354, -0.9513382911682129, 0.26828646659851074, -1.4142214059829712, 0.3883485198020935, 1.558160662651062, -0.06662619858980179, -0.41351795196533203, -0.1401921957731247, -0.5732466578483582, 0.19107221066951752, 0.07113900035619736, -0.6320880055427551, -0.3060619831085205, 0.006322398781776428, -1.8605328798294067, 1.1212126016616821, 0.48232704401016235, 0.466219425201416, 0.7344594597816467, -1.5536879301071167, 0.34186744689941406, -0.3214038908481598, 1.7037845849990845, 1.1891156435012817, -0.741923451423645, 0.1243755966424942, -0.009592307731509209, 0.8626141548156738, -0.6527360677719116, 0.5029340982437134, 1.479569673538208, -0.564012348651886, 0.9753824472427368, -0.5128864049911499, -0.40166425704956055, -0.20023883879184723, 1.8764846324920654, -0.5891804695129395, -0.4388769567012787, 1.452142357826233]",yunet,Facenet,1920,1080,/home/amos/media/tv/modern_family/Modern.Family.S09.1080p.DSNP.WEB-DL.DDP5.1.H.264-CRFW/Modern.Family.S09E21.The.Escape.1080p.DSNP.WEB-DL.DDP5.1.H.264-CRFW.mkv,Modern Family,2009,1442437,9,21,Sofía Vergara,63522.0,0.766
216,354,132,558,378,468,228,378,228,0.914,4656,1,"[-1.0452072620391846, -1.3499444723129272, 0.33207422494888306, 0.5098699331283569, 0.804197371006012, -0.6753772497177124, -0.6875805854797363, 0.5831626057624817, -0.9586027264595032, 0.14113974571228027, -0.9710581302642822, 0.19907885789871216, -0.8594465851783752, 0.29284584522247314, 0.942070722579956, -0.716126561164856, 1.2958885431289673, 1.0072540044784546, 0.4993569850921631, -0.23525862395763397, -0.8747025728225708, -1.2140483856201172, 0.30702728033065796, -0.23670920729637146, 0.3653188943862915, -0.960180938243866, -0.2113620936870575, 2.9216976165771484, 0.8370993137359619, -0.44329291582107544, -0.39823809266090393, 1.867027997970581, -1.9156768321990967, 0.32691463828086853, -0.6727738976478577, -0.7138642072677612, 0.7579957246780396, -0.9440392851829529, -2.086616039276123, -0.7051607370376587, -0.15604984760284424, -0.8707824349403381, -0.27949875593185425, 0.4994933009147644, 0.5065215229988098, -1.7559690475463867, 0.01809869334101677, -1.427152156829834, 1.1157598495483398, -0.22635498642921448, -0.13700182735919952, 0.21534718573093414, -0.6167618632316589, 0.022882193326950073, -0.6464859247207642, 0.046808015555143356, -0.4998384416103363, 0.4433056712150574, -1.1380739212036133, 0.400395929813385, -1.1293691396713257, 0.6026241779327393, 0.5733447670936584, 1.4742554426193237, -1.0322405099868774, 2.0060737133026123, 1.9391834735870361, 1.5785950422286987, 1.783203363418579, -0.42432901263237, -0.25901323556900024, -0.6751137971878052, 1.6007697582244873, 1.7612987756729126, 0.3804529309272766, 1.5352973937988281, -0.6306358575820923, -0.7877906560897827, -0.8360867500305176, 0.23175548017024994, -0.28661036491394043, 2.657855272293091, -1.0759190320968628, -1.3654557466506958, -1.1242185831069946, -0.49812406301498413, -0.30787739157676697, -0.5060724020004272, -0.7517110109329224, 2.558258056640625, 0.31872880458831787, -0.8482186198234558, -1.8679966926574707, -0.6090260148048401, -0.7176526784896851, 0.16098594665527344, -1.1597111225128174, 0.6629545092582703, 1.8434202671051025, 1.5870113372802734, -1.6144740581512451, 1.0238962173461914, -0.029884427785873413, -1.6835237741470337, 0.9029138684272766, -0.12628614902496338, 0.19339989125728607, -0.3044140636920929, 0.6765980124473572, -1.5478596687316895, -2.114044189453125, 1.8284826278686523, 0.001515895128250122, -1.7063260078430176, 1.3965423107147217, 0.5550758838653564, 1.0894854068756104, -0.6199725866317749, -0.9376972913742065, 0.4572088420391083, 0.6683894991874695, -0.35918277502059937, 0.5090782046318054, 0.0864272192120552, 0.5078878402709961, 0.4749763309955597, 0.6212899088859558, 0.16321997344493866]",yunet,Facenet,1920,1080,/home/amos/media/tv/modern_family/Modern.Family.S09.1080p.DSNP.WEB-DL.DDP5.1.H.264-CRFW/Modern.Family.S09E21.The.Escape.1080p.DSNP.WEB-DL.DDP5.1.H.264-CRFW.mkv,Modern Family,2009,1442437,9,21,Ed O'Neill,18977.0,0.619
217,1326,180,1500,408,1416,270,1356,264,0.931,4680,0,"[-1.4502959251403809, 0.8643820285797119, 1.2799248695373535, -0.08078084886074066, 1.537137508392334, 0.09909079223871231, -0.6074484586715698, -0.1938009262084961, 1.5300008058547974, 0.10767579078674316, 0.9342346787452698, 2.6199841499328613, 0.4448758363723755, -2.076061248779297, -0.2392273247241974, 1.4040688276290894, 0.13060495257377625, 0.34855544567108154, -0.7772859334945679, 1.4689860343933105, 0.18910551071166992, 1.391883134841919, 0.13432809710502625, -0.5270987749099731, -1.5577481985092163, -0.1535450518131256, -1.3921736478805542, 0.5230333805084229, 2.1511926651000977, -0.005326626822352409, -0.04789302498102188, -2.9376702308654785, 1.2748759984970093, -1.0823956727981567, 1.9360911846160889, 1.003154993057251, -1.5300018787384033, 1.2421249151229858, -0.34481674432754517, -0.7280117273330688, -1.0847822427749634, 0.3503025472164154, -1.0575155019760132, 1.0970721244812012, -1.7738511562347412, 0.19199246168136597, -0.8068405389785767, -1.0111981630325317, -1.6023304462432861, 1.0539908409118652, 0.19783931970596313, 0.4725325107574463, 0.5582376718521118, 0.008291438221931458, 0.17392408847808838, 0.39591243863105774, -0.6301988959312439, -1.0034103393554688, -1.4800392389297485, 0.5115596055984497, 0.24569249153137207, 0.26201069355010986, -0.9904134273529053, -0.9778224229812622, 0.44411492347717285, 1.2991911172866821, -0.4117847681045532, 1.0969593524932861, 2.262437582015991, 0.4137394428253174, 0.10821986943483353, -0.7442702054977417, -2.3632047176361084, 0.10647240281105042, 1.419721007347107, 1.6186436414718628, -0.294704794883728, -1.2411882877349854, 0.6697388291358948, 0.10505610704421997, 1.197846531867981, -0.8580949306488037, 0.5128960609436035, 0.7004132866859436, 1.189810872077942, -0.6444778442382812, 1.4624037742614746, 1.5107346773147583, -1.1003751754760742, 0.5913577675819397, -1.6616636514663696, 0.15134760737419128, 1.4491643905639648, -0.2860703766345978, -0.8159000277519226, -0.15482860803604126, -0.9747477769851685, 0.11716631054878235, 0.10321351885795593, -0.7533919215202332, -0.2833712100982666, 0.26226067543029785, -1.613250732421875, 1.2811921834945679, 0.6816388964653015, 0.7625493407249451, 0.74581378698349, -1.4965319633483887, 0.04863547533750534, -0.3506534993648529, 2.1740500926971436, 1.1593362092971802, -0.798974871635437, 0.1149231418967247, 0.33138805627822876, 0.8789278268814087, -0.7708452939987183, 0.5029782652854919, 1.5072197914123535, -0.5561622381210327, 1.3118456602096558, -0.3430735766887665, -0.5857040286064148, -0.3025084435939789, 1.3129346370697021, -0.6049001812934875, -0.6784930229187012, 1.7621952295303345]",yunet,Facenet,1920,1080,/home/amos/media/tv/modern_family/Modern.Family.S09.1080p.DSNP.WEB-DL.DDP5.1.H.264-CRFW/Modern.Family.S09E21.The.Escape.1080p.DSNP.WEB-DL.DDP5.1.H.264-CRFW.mkv,Modern Family,2009,1442437,9,21,Sofía Vergara,63522.0,0.774
218,348,162,552,414,504,258,408,258,0.904,4680,1,"[-0.6954622268676758, -1.093430519104004, 0.606069028377533, 0.03383449465036392, 1.6621816158294678, -1.2065794467926025, -1.121256947517395, -0.024110298603773117, -1.5537935495376587, -0.27055224776268005, -0.6373881697654724, 1.0186247825622559, -0.31372880935668945, -0.7764731645584106, 0.7463946342468262, -0.1575867235660553, 1.7599608898162842, 1.4053432941436768, 1.0118002891540527, -0.7288371324539185, -1.1836849451065063, -0.632849395275116, -0.46246689558029175, 0.09566491842269897, 0.4021839499473572, -0.8002800345420837, 0.12889188528060913, 3.879570484161377, 1.077702522277832, 0.1363336741924286, -0.39393386244773865, 2.1613142490386963, -0.9354556202888489, -0.30383750796318054, -0.7969105839729309, -0.21797242760658264, 0.6778040528297424, -0.8205723762512207, -2.045898675918579, 0.15356068313121796, 0.061184659600257874, -0.6822956204414368, 0.08082102239131927, 1.8275303840637207, 1.142357587814331, -1.4450331926345825, -0.3049728572368622, -1.0187286138534546, 0.8412879705429077, -0.5498957633972168, 0.11877289414405823, -0.5334384441375732, -0.9148787260055542, 1.1206647157669067, 0.022373594343662262, 0.4704078137874603, -0.8577097058296204, -0.4029150903224945, -0.7933784127235413, 0.619763970375061, -0.6254571676254272, 0.13031569123268127, 0.3396016061306, 0.5715920329093933, -1.2544037103652954, 2.593578577041626, 1.2046688795089722, 1.103736400604248, 0.8740040063858032, -0.43526098132133484, -1.047815203666687, 0.1658596396446228, 1.5435435771942139, 2.503892183303833, 0.19817303121089935, 1.466305136680603, -0.37923604249954224, 0.0103849396109581, 0.0831964835524559, 1.0375679731369019, -0.88700270652771, 3.0372066497802734, -1.6803061962127686, -0.6658922433853149, -0.6905132532119751, -0.5806699991226196, 0.45364540815353394, -0.9407980442047119, -0.10032287985086441, 2.40702223777771, 0.3191327452659607, 0.593528151512146, -1.6842615604400635, -1.5537500381469727, -0.27616310119628906, -0.623572587966919, -0.7503711581230164, -0.6307315826416016, 0.9068297147750854, 0.44578471779823303, -1.2831014394760132, 0.3162563741207123, -0.19640019536018372, -1.9988136291503906, 0.933888852596283, -0.18573914468288422, -0.11758841574192047, -0.6756579875946045, 1.4170645475387573, -1.2065459489822388, -1.7838340997695923, 0.7253854274749756, -0.0946040153503418, -1.1695971488952637, 1.2272120714187622, 0.9126265048980713, 0.957671046257019, -0.1986653208732605, -0.2902125418186188, 0.2778693735599518, 0.08953657001256943, 0.4706079363822937, 1.2574313879013062, 0.19594626128673553, 1.191299557685852, 0.7645543217658997, 0.7921892404556274, -0.5771077871322632]",yunet,Facenet,1920,1080,/home/amos/media/tv/modern_family/Modern.Family.S09.1080p.DSNP.WEB-DL.DDP5.1.H.264-CRFW/Modern.Family.S09E21.The.Escape.1080p.DSNP.WEB-DL.DDP5.1.H.264-CRFW.mkv,Modern Family,2009,1442437,9,21,Ed O'Neill,18977.0,0.636
219,1122,144,1338,438,1278,252,1182,252,0.903,4704,0,"[0.3411409258842468, -1.6680656671524048, 1.5522911548614502, 0.7888278961181641, 0.5290189981460571, -0.772287130355835, 0.40060222148895264, 0.976513683795929, 0.3515705168247223, -0.07157598435878754, -0.7103729248046875, 1.2757256031036377, -1.3693629503250122, 0.7980259656906128, 0.24650166928768158, -0.4494624137878418, 0.5827242136001587, 0.7401758432388306, 1.5482640266418457, -0.9464541673660278, -1.540401816368103, -1.517043113708496, -1.2165462970733643, 0.10607413947582245, 2.042825937271118, -1.4799708127975464, 1.0785744190216064, 2.4290761947631836, 0.8681884407997131, -0.3995537757873535, -1.4151464700698853, 1.6850957870483398, -1.9437859058380127, 0.6335817575454712, -2.025455951690674, -1.3322153091430664, -0.5447590351104736, -0.5420822501182556, -0.5774356722831726, -0.20186184346675873, -0.42198315262794495, -0.861312747001648, -0.12392419576644897, 1.588258147239685, -0.06429583579301834, -0.566622793674469, -1.279046893119812, -0.9519189596176147, 0.14406399428844452, 0.23767049610614777, 0.33571869134902954, 0.20049862563610077, -0.80733722448349, 0.9608902931213379, 0.5109180808067322, -0.33462363481521606, -0.2548580467700958, -0.007503710687160492, -0.9359610676765442, 1.6923085451126099, -1.0402432680130005, -0.3247581124305725, 1.3560855388641357, -0.9819560050964355, 0.5921769738197327, 2.0416252613067627, -0.7307553887367249, 1.5159485340118408, -1.423938512802124, 0.18946382403373718, -1.0347251892089844, -0.49790075421333313, 1.0560857057571411, 1.5599387884140015, 0.19364261627197266, 0.6254504919052124, 0.0614570677280426, 0.3104200065135956, -0.14464730024337769, 2.817312717437744, -0.6982191801071167, 1.4895083904266357, -0.12587954103946686, -1.7039631605148315, -1.3500893115997314, -0.5612146854400635, -0.025463029742240906, -0.9635825157165527, -0.11428307741880417, 1.424118161201477, 1.2680381536483765, -0.2405606061220169, -1.7185262441635132, -2.069594383239746, -0.21065905690193176, -1.2003040313720703, -1.2941168546676636, -0.09030712395906448, 0.5945862531661987, 0.7162407636642456, -1.3148852586746216, 0.4623956084251404, 0.401610791683197, -0.8665480017662048, 0.4464483857154846, 0.03714054822921753, -0.5762808322906494, -1.195755124092102, 0.11964993178844452, -1.0741333961486816, 0.15153130888938904, -0.4355674982070923, 0.21531614661216736, -2.6864266395568848, 1.7538564205169678, -0.3111116886138916, 0.9889445304870605, 1.8538048267364502, 0.9968137145042419, -0.2633441686630249, -0.16833949089050293, 0.5441586971282959, 1.0393542051315308, 0.9727081656455994, 0.3064984381198883, 1.4376815557479858, -0.6805369853973389, 1.0172703266143799]",yunet,Facenet,1920,1080,/home/amos/media/tv/modern_family/Modern.Family.S09.1080p.DSNP.WEB-DL.DDP5.1.H.264-CRFW/Modern.Family.S09E21.The.Escape.1080p.DSNP.WEB-DL.DDP5.1.H.264-CRFW.mkv,Modern Family,2009,1442437,9,21,Ed O'Neill,18977.0,0.685
220,888,120,1110,414,1068,228,960,228,0.904,4728,0,"[-0.11704565584659576, -1.179718255996704, 0.8386991620063782, 0.48484113812446594, 0.7038491368293762, -1.3679819107055664, -0.3599495589733124, 1.8951622247695923, -1.8656904697418213, 1.570502519607544, -1.3586153984069824, 0.27487754821777344, -1.1725088357925415, -0.08883987367153168, 0.8172504901885986, 0.09138435125350952, -0.1302211880683899, 0.3762713074684143, 0.6340363621711731, -1.230035424232483, -0.08845065534114838, -0.8879818320274353, -0.5357376933097839, 1.5136321783065796, 1.0850260257720947, -1.6874338388442993, -0.4695742428302765, 3.8704476356506348, 0.5726744532585144, -0.2346504032611847, -0.31055140495300293, 1.6553815603256226, -1.1698914766311646, 0.7938945889472961, -1.6209006309509277, -1.271993637084961, -0.09840692579746246, -0.7290398478507996, -1.646916389465332, -0.8657695055007935, -1.0987327098846436, -0.39783650636672974, -0.3741495907306671, 1.0850175619125366, -0.5271043181419373, 0.4967564344406128, 0.41501474380493164, -1.434291958808899, -0.3701637387275696, -1.046025037765503, -0.5101392269134521, -0.4587613046169281, -0.444410115480423, 0.5229663252830505, -0.11447052657604218, 0.8045395016670227, -0.7597867846488953, -0.21198469400405884, -0.7199199199676514, 0.9548658132553101, -2.0848236083984375, 0.9965077042579651, 0.4077041745185852, -0.3385481834411621, -0.20140710473060608, 0.5070281624794006, 0.39180421829223633, 1.7049133777618408, 0.9727972745895386, 0.2352384477853775, 0.017161741852760315, 0.12748613953590393, -0.028008557856082916, 1.94339120388031, -0.6712957620620728, 1.8519212007522583, -0.7696194648742676, 0.6762146353721619, -0.2844254672527313, 2.1072843074798584, 0.6860076189041138, -0.1187538355588913, -0.7540961503982544, -1.4143537282943726, -0.07129546254873276, -0.6473935842514038, -0.15512943267822266, -0.14952200651168823, 0.04145347326993942, 1.6257920265197754, 2.0821354389190674, -1.0008529424667358, -1.9129225015640259, -0.14006325602531433, -0.1518479436635971, -0.875155508518219, -0.6871504187583923, -0.6894146800041199, 2.9700510501861572, 1.1806305646896362, -2.3554840087890625, 0.9135534763336182, 0.18091896176338196, -2.3153791427612305, -0.16853095591068268, -1.02236807346344, -0.6853489279747009, -1.100597858428955, 0.11278432607650757, 0.24017982184886932, -1.6475952863693237, 0.05219930782914162, -1.1221492290496826, -1.6791834831237793, 1.4173578023910522, 0.5638324022293091, 1.4626679420471191, 0.2498810887336731, -0.7727535963058472, -0.08334599435329437, 0.8341138958930969, 0.7483441829681396, -0.4574597477912903, 1.0589640140533447, 0.5849379301071167, 0.16184350848197937, -0.38641297817230225, -0.1547517329454422]",yunet,Facenet,1920,1080,/home/amos/media/tv/modern_family/Modern.Family.S09.1080p.DSNP.WEB-DL.DDP5.1.H.264-CRFW/Modern.Family.S09E21.The.Escape.1080p.DSNP.WEB-DL.DDP5.1.H.264-CRFW.mkv,Modern Family,2009,1442437,9,21,Ed O'Neill,18977.0,0.614
221,690,156,924,456,882,270,768,270,0.908,4752,0,"[-1.1806857585906982, -0.6848371028900146, 1.1416410207748413, 0.6982173919677734, 1.062157154083252, -0.49208125472068787, 0.7607955932617188, 1.186616063117981, 0.7146779298782349, -0.47055956721305847, -0.4808546006679535, 0.386371374130249, -1.928200125694275, -0.21870583295822144, 0.35442066192626953, -0.4004061222076416, 1.409841775894165, 1.5429223775863647, 0.4002211093902588, 0.1327294260263443, -0.4927777349948883, -0.2067786604166031, -0.8307898044586182, 0.7248019576072693, 0.7658369541168213, 0.10131999850273132, 1.046739101409912, 1.2964637279510498, 1.6856670379638672, -0.42676055431365967, -1.4050469398498535, 2.18080472946167, -2.93302321434021, 0.05623141676187515, -0.3130156695842743, -0.48138096928596497, -0.49275049567222595, 0.174248605966568, -1.465665578842163, -0.3494749963283539, -0.9873223900794983, -1.5317580699920654, -0.453172892332077, 0.9740414619445801, 1.3462220430374146, 0.0685974508523941, -0.10235634446144104, -1.0023467540740967, 0.24679358303546906, 1.0193991661071777, 0.13176870346069336, 0.9546170830726624, 0.15221577882766724, 0.9207608699798584, -0.41849732398986816, -0.7243866920471191, -1.3920313119888306, -0.21563966572284698, -1.2990950345993042, 0.6669846773147583, -1.8778557777404785, 1.0113404989242554, -0.4770653545856476, -0.2228046953678131, 0.4752759337425232, 2.826120138168335, 0.9372682571411133, 2.218736171722412, 0.7098206281661987, -0.4424489736557007, -0.5111680626869202, -1.001792550086975, 1.1290899515151978, 1.315021276473999, -0.2935647964477539, 0.5250494480133057, -0.8883709907531738, -0.979395866394043, -1.5216331481933594, 1.5744484663009644, -1.0234025716781616, 1.6035324335098267, -0.7104920148849487, -1.8164598941802979, -0.45351752638816833, 1.1220415830612183, 0.7281697988510132, 0.0290243998169899, -0.26300951838493347, 1.4718408584594727, 0.8707651495933533, 0.8822039365768433, -0.8089447021484375, -1.6628098487854004, -0.26874786615371704, 0.07432901114225388, -0.09719100594520569, 0.2612120509147644, 1.7334606647491455, 1.5903631448745728, -1.4879851341247559, 1.2011226415634155, 0.4514714181423187, -1.292457103729248, -0.48388397693634033, 0.07335247099399567, 0.3036194443702698, 0.6362906694412231, 1.502277135848999, -1.1779184341430664, -1.2001081705093384, -0.43194037675857544, 0.5953844785690308, -2.3635752201080322, 0.8190997838973999, 0.8007951974868774, 0.6037484407424927, 1.750877022743225, 0.452715665102005, -0.6634141802787781, -0.007991105318069458, 1.146325707435608, 0.6587814092636108, -0.7621913552284241, 0.2183888554573059, 1.2760670185089111, -0.03324767202138901, 0.36368468403816223]",yunet,Facenet,1920,1080,/home/amos/media/tv/modern_family/Modern.Family.S09.1080p.DSNP.WEB-DL.DDP5.1.H.264-CRFW/Modern.Family.S09E21.The.Escape.1080p.DSNP.WEB-DL.DDP5.1.H.264-CRFW.mkv,Modern Family,2009,1442437,9,21,Ed O'Neill,18977.0,0.713
222,612,174,768,366,720,246,648,246,0.913,4776,0,"[-1.5240360498428345, 0.057209014892578125, 0.3581983149051666, -1.0192629098892212, 0.07600409537553787, -1.8487268686294556, -2.328941583633423, 0.0898420661687851, -1.0288677215576172, 0.4742121696472168, -0.15441876649856567, 1.22185480594635, 0.6067701578140259, -0.7747277021408081, 0.024746321141719818, -0.3385971188545227, -0.6954174041748047, -0.5302616357803345, -1.1461262702941895, -0.5866024494171143, 1.0423877239227295, -0.35946565866470337, -0.09650140255689621, 0.1922033727169037, -1.3224111795425415, -0.33780547976493835, -1.5672434568405151, 1.3131616115570068, -0.03285250812768936, -2.5574145317077637, -0.45705458521842957, 0.16897828876972198, 0.6379618644714355, -1.3114955425262451, -0.452709436416626, 0.8152050375938416, -1.0296082496643066, -0.22755131125450134, 0.2487598955631256, -2.1519100666046143, -1.009613037109375, 0.9282903075218201, 0.17146241664886475, -0.7908994555473328, -1.781960129737854, 0.9967513084411621, 0.021179910749197006, 0.07993977516889572, -1.509909987449646, -0.005366526544094086, 1.1857056617736816, -1.6297589540481567, -0.31697261333465576, -0.015224959701299667, 0.5567156672477722, -0.14706870913505554, -0.25528907775878906, -1.3228400945663452, -1.1121525764465332, 0.6011163592338562, -0.4001169502735138, -1.1486726999282837, -1.9641650915145874, 0.6641843914985657, 1.0290013551712036, -0.9434815049171448, -0.15887516736984253, -1.081415057182312, 1.8244391679763794, 1.2307069301605225, -0.6821102499961853, 1.6622692346572876, -2.7889139652252197, 0.8858515024185181, 0.9500260353088379, 0.5157899856567383, 0.10197362303733826, 0.19078345596790314, 0.6578900218009949, -0.33011695742607117, 0.19355148077011108, -0.17727221548557281, 0.5395175218582153, 0.22451257705688477, 0.10666606575250626, 0.04724349081516266, 1.3515633344650269, -0.33693936467170715, -2.1757125854492188, 0.23767752945423126, 1.0251260995864868, -0.933232843875885, 0.2587094008922577, 0.17610043287277222, 1.260092854499817, -0.34657904505729675, 0.4649465084075928, 1.6780239343643188, 1.4453799724578857, -1.6268154382705688, -1.0368825197219849, -1.6790715456008911, 0.1517365425825119, 1.1265841722488403, 0.3415359556674957, -1.2538481950759888, 0.2608572840690613, 0.13382397592067719, -0.08767249435186386, 0.5234046578407288, 0.780407726764679, -1.3271440267562866, -1.5662363767623901, 1.9083027839660645, -0.031866997480392456, 1.0428568124771118, 1.3928818702697754, 0.7384138107299805, -1.0159423351287842, 0.3576175570487976, 0.13641440868377686, -0.5505545139312744, -1.0963791608810425, 1.2520310878753662, -0.22797642648220062, -1.569338321685791, -1.9264767169952393, 0.5386879444122314]",yunet,Facenet,1920,1080,/home/amos/media/tv/modern_family/Modern.Family.S09.1080p.DSNP.WEB-DL.DDP5.1.H.264-CRFW/Modern.Family.S09E21.The.Escape.1080p.DSNP.WEB-DL.DDP5.1.H.264-CRFW.mkv,Modern Family,2009,1442437,9,21,Julie Bowen,31171.0,0.65
223,660,138,828,360,804,216,726,222,0.91,4800,0,"[-1.661498785018921, -1.0641497373580933, 0.45572298765182495, -0.24411264061927795, -0.052001647651195526, -2.2849910259246826, -0.7430146932601929, -0.09630456566810608, 0.11171077936887741, -0.18069273233413696, 0.23592251539230347, 1.1992005109786987, 0.5093039274215698, -0.49902018904685974, -0.7945448160171509, 0.5317057967185974, -0.6432106494903564, 0.5793883800506592, -1.5527204275131226, 0.06876050680875778, 1.5566315650939941, -0.3536096513271332, -0.07882054895162582, -0.735565721988678, -0.9276947975158691, 0.49645742774009705, -0.8555282354354858, 0.3320193588733673, -0.8897091150283813, -3.154038429260254, -0.6067968606948853, 0.3154306411743164, 0.21979212760925293, -0.16987091302871704, 0.6900895833969116, 1.286350965499878, -1.855258584022522, -0.1834692656993866, 0.8887180685997009, -0.4873100817203522, -0.7161964178085327, 1.5611692667007446, 1.0285195112228394, -1.330561876296997, -1.422481894493103, 0.314181923866272, -1.1287596225738525, 0.08883339911699295, -1.7503992319107056, -0.6453260183334351, 0.8317421078681946, -1.4211249351501465, -1.0503290891647339, -0.5428952574729919, 0.8886705636978149, 0.17804859578609467, 1.1211854219436646, 0.631848931312561, -1.5732430219650269, -1.2290732860565186, 0.29279762506484985, -0.8895993232727051, -2.662419080734253, 1.2613930702209473, 1.134039044380188, -0.7963083386421204, 0.4784777760505676, -1.183659315109253, 0.5074424743652344, 0.8604464530944824, 0.5110398530960083, 1.1217231750488281, -1.565172791481018, 0.5820290446281433, 2.0419909954071045, -0.9489346146583557, 0.776542067527771, 1.0708376169204712, -0.7815573215484619, -0.589651346206665, 0.11045915633440018, -0.9218825101852417, 0.5514427423477173, -0.6145099997520447, -0.9525940418243408, 0.1713184118270874, 1.1461775302886963, -0.7729628682136536, -2.391782283782959, 0.2330332100391388, 0.2715786099433899, -1.136936068534851, -0.06465695798397064, 0.09803339838981628, 0.6062623262405396, -1.013506293296814, 0.2135695070028305, 1.2523752450942993, 1.2436785697937012, -0.8811061382293701, -1.3682433366775513, -0.617660403251648, -0.4785836338996887, 0.6345932483673096, 1.506453275680542, -1.2633352279663086, 1.3467613458633423, -0.7856181859970093, -0.7702522873878479, 0.36359265446662903, 2.1771810054779053, 0.26829734444618225, 0.16214129328727722, 1.8098387718200684, 0.21306459605693817, 1.9041649103164673, 1.3646626472473145, 1.6360222101211548, -0.8062626123428345, -0.06767383217811584, -0.5030551552772522, -0.4978760778903961, -0.27776068449020386, 0.4954400062561035, -0.24028773605823517, -1.4271384477615356, -2.3484079837799072, 0.9748144149780273]",yunet,Facenet,1920,1080,/home/amos/media/tv/modern_family/Modern.Family.S09.1080p.DSNP.WEB-DL.DDP5.1.H.264-CRFW/Modern.Family.S09E21.The.Escape.1080p.DSNP.WEB-DL.DDP5.1.H.264-CRFW.mkv,Modern Family,2009,1442437,9,21,Julie Bowen,31171.0,0.565
224,822,150,996,378,966,228,882,228,0.923,4824,0,"[-3.2259621620178223, -0.4923013150691986, 1.0945771932601929, -1.4170434474945068, -0.08416537940502167, -1.239864706993103, 1.2955654859542847, -0.7247747778892517, -0.350728303194046, -0.5071344375610352, -0.02237684652209282, 1.4042950868606567, 1.24028742313385, -0.7847514152526855, -0.44969871640205383, 1.216903567314148, -0.9389078617095947, 0.15317538380622864, 0.09259450435638428, -0.40722307562828064, 1.5645443201065063, -0.17600780725479126, -0.7683398127555847, -0.5648970007896423, -3.1776528358459473, 0.45722445845603943, -1.594605803489685, 0.058760181069374084, 0.13943418860435486, -0.46087294816970825, -0.44224223494529724, -0.4791671633720398, 0.8620885610580444, -0.3546935021877289, 0.774607241153717, 0.56254643201828, -0.9832313060760498, -0.6620657444000244, 1.8010973930358887, -1.689098596572876, -0.5889434218406677, 1.761481761932373, -0.5496019124984741, -1.049210786819458, -1.3349339962005615, 0.5750138163566589, -0.8103625178337097, -1.69551682472229, -1.0724523067474365, 0.33872807025909424, -0.006339512765407562, -1.5443949699401855, -1.256095051765442, -0.5873103737831116, -0.8807384371757507, 0.21929804980754852, -0.46526995301246643, -0.20368309319019318, -0.5031779408454895, 0.5998472571372986, -0.5376064777374268, -0.4075254797935486, -1.3118541240692139, -0.598312258720398, 0.15229234099388123, -0.2883228063583374, 0.9988639950752258, -0.0469161681830883, 2.493633508682251, 1.5047444105148315, 0.548003077507019, 1.8670326471328735, -1.048927664756775, -0.5835346579551697, 1.7439002990722656, 0.4907720685005188, -0.09354935586452484, -0.37909671664237976, 0.2278364598751068, -0.05854851379990578, -0.07083911448717117, -0.419660747051239, -0.9258030652999878, -1.9202765226364136, -1.139175534248352, 0.895796537399292, 0.9473503232002258, 0.9640241861343384, -2.3081867694854736, 2.0409233570098877, 1.2350664138793945, 0.6020705699920654, -0.3950904607772827, 0.4774390757083893, -1.0108562707901, 0.19596365094184875, -0.6016794443130493, 0.802249550819397, 1.5147747993469238, 0.009215883910655975, -0.5336466431617737, -0.5021097660064697, 0.6768263578414917, 0.1725645214319229, 1.2908931970596313, -1.2911756038665771, 0.515282928943634, -0.8899588584899902, -1.3565176725387573, 0.5034489631652832, 2.341674566268921, -0.8660467863082886, -1.0504337549209595, 1.8488457202911377, 0.6364340782165527, 0.7363067865371704, 1.859601378440857, 1.1457774639129639, -0.8595895767211914, 1.044055461883545, -0.5467272400856018, 0.49765652418136597, 0.13053816556930542, 0.3159365653991699, -1.1714749336242676, -0.8546983003616333, -1.4851222038269043, -0.07330995798110962]",yunet,Facenet,1920,1080,/home/amos/media/tv/modern_family/Modern.Family.S09.1080p.DSNP.WEB-DL.DDP5.1.H.264-CRFW/Modern.Family.S09E21.The.Escape.1080p.DSNP.WEB-DL.DDP5.1.H.264-CRFW.mkv,Modern Family,2009,1442437,9,21,Julie Bowen,31171.0,0.565
225,1332,432,1440,570,1416,480,1356,480,0.902,4896,0,"[0.019988156855106354, 1.2079627513885498, -0.24075520038604736, -1.1281874179840088, -0.7831147909164429, 1.1031187772750854, -1.72023344039917, 3.105114459991455, 2.3059542179107666, -1.5544123649597168, 0.9373669028282166, -1.2507524490356445, -1.90431809425354, 1.5196441411972046, -0.3806709945201874, -0.3688881993293762, 1.129660725593567, 0.5414843559265137, -0.6376886367797852, 0.46603697538375854, -1.3588937520980835, 0.3142123222351074, -0.37062445282936096, 1.4274407625198364, 1.1187975406646729, 0.675501823425293, 0.4481944143772125, -0.9934440851211548, 0.5785515308380127, -0.8673546314239502, 0.1948903352022171, -0.26089802384376526, 0.11910875886678696, 0.7713793516159058, 0.4901842474937439, 0.553564727306366, 0.22566461563110352, 0.7154138088226318, -0.9748219847679138, 1.8938183784484863, 0.5938254594802856, -2.040048122406006, 0.43563786149024963, 0.10939401388168335, 0.8808223009109497, -1.7970935106277466, -1.1795456409454346, -0.46182069182395935, 0.5521499514579773, -1.013472080230713, 0.1392042636871338, -0.3358698785305023, 1.6371310949325562, 0.11288776993751526, -0.6935063004493713, -0.6260789632797241, 2.1869988441467285, -1.191789150238037, -1.2328184843063354, -2.505470037460327, -1.0899806022644043, 2.4962387084960938, 0.04715558886528015, 1.6146254539489746, -0.9463063478469849, -0.358390748500824, -0.10976051539182663, -0.08927711099386215, -0.5753207206726074, -1.752246618270874, 0.3143478333950043, -1.0620498657226562, -0.012452837079763412, -1.0538097620010376, -0.007356319576501846, -0.9714145064353943, -0.5070195198059082, -0.21831806004047394, 0.21766024827957153, -0.9523915648460388, 1.4293955564498901, -0.7376880645751953, -0.8437585830688477, -2.4125733375549316, 1.5677682161331177, 1.0230909585952759, -1.1891072988510132, 2.274833917617798, 0.3056636154651642, 0.4332488775253296, -0.41869834065437317, -0.8729683756828308, -0.1069992333650589, -0.37092047929763794, -0.13678613305091858, -0.013432743027806282, 0.5050826668739319, -0.2369430959224701, 0.17123952507972717, 0.9702518582344055, 0.25809669494628906, 1.6239478588104248, 0.44648465514183044, 0.17988090217113495, -0.37051892280578613, 1.1376627683639526, -0.33920177817344666, -0.2627764642238617, -0.6800813674926758, 0.2834726572036743, -0.5126931667327881, 0.7772411108016968, 0.4333705008029938, -1.2333850860595703, -2.144169330596924, -0.9861332178115845, -0.2530277371406555, -1.1721609830856323, 1.7571250200271606, -1.1680775880813599, -0.9244499802589417, 0.5340538024902344, 0.2319183051586151, -1.7343889474868774, 1.3281338214874268, 0.33013519644737244, 0.9965090155601501, 1.2615450620651245]",yunet,Facenet,1920,1080,/home/amos/media/tv/modern_family/Modern.Family.S09.1080p.DSNP.WEB-DL.DDP5.1.H.264-CRFW/Modern.Family.S09E21.The.Escape.1080p.DSNP.WEB-DL.DDP5.1.H.264-CRFW.mkv,Modern Family,2009,1442437,9,21,Mary Louise Wilson,115767.0,0.545
226,306,198,456,396,432,288,378,282,0.906,4920,0,"[-2.1137454509735107, -0.8860474824905396, -1.0499026775360107, 0.2352316975593567, 0.828774094581604, -0.7593192458152771, -0.33294180035591125, -0.03181174024939537, 2.988813638687134, -1.3626772165298462, 1.3791210651397705, -1.9762169122695923, -0.3291841149330139, -1.8599601984024048, -0.8647160530090332, 0.8143160343170166, -0.5732225179672241, 0.023660771548748016, -1.3288472890853882, 0.28465917706489563, 1.52599036693573, 0.5479274988174438, 0.597297728061676, -0.0737212523818016, -0.8071629405021667, 1.0244147777557373, 1.099816918373108, -1.5632479190826416, 1.178699254989624, -0.04190701246261597, -2.1153347492218018, 0.5524582862854004, -0.9957815408706665, 0.3658914864063263, 1.4070072174072266, 1.1871519088745117, 0.25199055671691895, -0.868820309638977, -0.4297482371330261, -1.6514034271240234, -0.022095976397395134, 0.575035572052002, -1.1780976057052612, -0.3671964406967163, 0.15129269659519196, -0.8124424815177917, -0.0777335911989212, 0.17503046989440918, -0.9620893597602844, 1.2073239088058472, -0.8921890258789062, 0.5797815322875977, -1.320197343826294, 1.3082762956619263, -0.8954822421073914, -0.4739053547382355, 2.0482141971588135, 0.008911311626434326, -1.3474724292755127, -0.7799065113067627, -0.5861781239509583, 0.3567444086074829, -0.04616503790020943, 1.8812774419784546, 0.16329535841941833, 2.52449107170105, 1.1611284017562866, 0.7304552793502808, 0.4138893485069275, -2.420626163482666, -0.26012906432151794, -0.8083891868591309, -1.8834245204925537, 0.1607021540403366, 1.070515751838684, 0.08698372542858124, -1.8137117624282837, -0.20465116202831268, -1.440426230430603, -2.145144462585449, -1.3106417655944824, 0.32151922583580017, -0.6496902108192444, -0.5917915105819702, 0.5410023927688599, -0.672382116317749, -0.24014508724212646, 1.5326662063598633, -1.5088967084884644, -0.6994141936302185, 0.21262672543525696, 0.3654550611972809, 1.7004631757736206, 0.6387701630592346, -1.0154805183410645, 2.5173215866088867, -1.4630643129348755, -0.10463100671768188, -1.1811165809631348, -0.7225697040557861, -0.4278219938278198, -0.7702522277832031, -0.06496906280517578, -0.6264750361442566, 1.010934829711914, 0.5234290957450867, -0.3366607427597046, 0.3962538540363312, 0.4594218134880066, -0.2401292473077774, 1.5922865867614746, -1.6822941303253174, 1.4417240619659424, 0.678373396396637, -0.8419569730758667, 1.358153223991394, -0.013444398529827595, -0.9680734872817993, -0.7723129391670227, 1.675912857055664, -0.4354621171951294, 0.11546286195516586, 0.5486469268798828, -1.914970874786377, 0.5781790614128113, -0.10284288972616196, 0.5353444814682007, -0.7328354120254517]",yunet,Facenet,1920,1080,/home/amos/media/tv/modern_family/Modern.Family.S09.1080p.DSNP.WEB-DL.DDP5.1.H.264-CRFW/Modern.Family.S09E21.The.Escape.1080p.DSNP.WEB-DL.DDP5.1.H.264-CRFW.mkv,Modern Family,2009,1442437,9,21,Jesse Tyler Ferguson,204815.0,0.803
227,684,186,864,426,834,288,774,294,0.904,4944,0,"[-0.6946556568145752, -0.96977698802948, -1.8734115362167358, -0.4100886881351471, 0.3495018482208252, -0.2243490219116211, 0.4623936414718628, 0.33923012018203735, 2.4486608505249023, -0.7460245490074158, 0.8630231022834778, -1.6154112815856934, -0.43074560165405273, -0.44817039370536804, -1.3970688581466675, 0.06078099459409714, -0.7722111940383911, -1.2434017658233643, -0.5464555025100708, -0.47472909092903137, 0.5636852979660034, 0.7055361866950989, 0.04562299698591232, -0.28275614976882935, -0.1438932865858078, 0.7885989546775818, 1.7065997123718262, -2.7548937797546387, 1.9475117921829224, 0.3185669183731079, -0.9215304851531982, 0.7953088283538818, -0.5164973139762878, 0.42086243629455566, 1.1539297103881836, 0.5234072804450989, 0.21708279848098755, -0.7674973011016846, -0.03059402108192444, -1.2676746845245361, 0.16904085874557495, 0.8116501569747925, -1.3396357297897339, -0.27399954199790955, 0.6852554678916931, -1.6738282442092896, -0.24351584911346436, -0.16018815338611603, -0.4408996105194092, 0.12345641106367111, -1.4737657308578491, 0.357256680727005, -1.9761849641799927, 0.8692464232444763, -1.861072063446045, -1.0774180889129639, 1.6551029682159424, 0.7008731365203857, -1.30025053024292, -1.9688990116119385, -0.9473863244056702, -0.22360262274742126, 0.351921409368515, 0.42579221725463867, -1.0779762268066406, 2.7728686332702637, 0.7587342858314514, 1.0361552238464355, 0.3049338757991791, -2.800123691558838, 0.1908079832792282, -0.7312608957290649, -1.6486891508102417, 0.2544138431549072, 0.60552978515625, -0.40536224842071533, -0.7807965278625488, 0.19730770587921143, -0.5638817548751831, -1.9347785711288452, -1.1334468126296997, 0.651705265045166, -0.9359059929847717, -1.1521453857421875, -0.12404332309961319, -0.6107120513916016, -0.6168226599693298, 0.7232744693756104, -0.6980422735214233, 0.1867695301771164, -0.22250959277153015, -0.043784335255622864, 1.162861943244934, 0.4955846965312958, -1.2372514009475708, 3.0984904766082764, -1.6007027626037598, 0.3499433696269989, -0.6834478974342346, -0.1626875251531601, -1.3114941120147705, -0.3843723237514496, 1.0231750011444092, -0.6699879765510559, 0.8537197113037109, 1.4023423194885254, 0.009670846164226532, 0.8493988513946533, -0.3959944248199463, -0.2833128273487091, 1.6247094869613647, -1.1979185342788696, 1.4936740398406982, -0.6602450013160706, -0.22801995277404785, 1.9287562370300293, -0.24757176637649536, -1.4849903583526611, -0.7715324759483337, 0.8573426008224487, -0.9028390645980835, 0.7728245258331299, 0.13589829206466675, -0.6728894710540771, 0.7778096795082092, 0.4103945195674896, -0.6159953474998474, -1.2956182956695557]",yunet,Facenet,1920,1080,/home/amos/media/tv/modern_family/Modern.Family.S09.1080p.DSNP.WEB-DL.DDP5.1.H.264-CRFW/Modern.Family.S09E21.The.Escape.1080p.DSNP.WEB-DL.DDP5.1.H.264-CRFW.mkv,Modern Family,2009,1442437,9,21,Jesse Tyler Ferguson,204815.0,0.765
228,1074,216,1254,450,1218,306,1128,306,0.925,4968,0,"[1.4777058362960815, 1.8506066799163818, -1.4450454711914062, 0.094661183655262, 0.3480137288570404, 1.5338997840881348, -1.5472806692123413, 2.438270330429077, 1.0733516216278076, -0.6119565963745117, 0.5554524660110474, -0.8694004416465759, -1.3408968448638916, 1.3831208944320679, -0.18883073329925537, 1.03714120388031, -0.3774893581867218, 0.8643195033073425, -0.46536529064178467, 0.13890540599822998, -1.4038805961608887, 0.6652000546455383, 1.438442587852478, 1.3788572549819946, 1.6380054950714111, 0.5258417725563049, -0.2265232503414154, 0.4714745283126831, 0.1791655272245407, -0.9326949119567871, -0.7761261463165283, 0.2171224057674408, -1.6558791399002075, 1.3422064781188965, 0.2902999520301819, -0.5293313264846802, 0.12213852256536484, 0.8574553728103638, -1.194908618927002, 1.4599045515060425, 1.2776156663894653, -2.191612958908081, 1.0320161581039429, -0.303961843252182, 0.7209128737449646, -1.4392868280410767, 0.02152102068066597, -0.7532440423965454, 0.8078770637512207, -0.7603249549865723, -1.1433614492416382, 0.6919062733650208, 1.1921573877334595, 0.9863197803497314, 0.028252476826310158, -0.0211709626019001, 1.8604716062545776, -1.437393307685852, 0.3268432319164276, -1.2158894538879395, 0.10604546219110489, 2.9471685886383057, 1.2373172044754028, 1.8132787942886353, -0.782482922077179, 0.005108930170536041, 0.1935582160949707, 0.49697527289390564, -0.71079021692276, -1.1530910730361938, -0.5186876058578491, -0.0043725669384002686, 0.6273691654205322, 1.6580020189285278, -0.2225506603717804, -0.20881256461143494, -1.1097335815429688, 0.5355463624000549, 0.7421839833259583, -1.623752474784851, 1.771424651145935, -0.32983043789863586, -0.9593015909194946, -1.0490788221359253, 1.6868568658828735, -0.5756130218505859, -1.2144489288330078, 1.2117853164672852, 0.7901535034179688, -0.10931386053562164, 0.24907904863357544, -1.3728837966918945, 0.6956126689910889, -1.0268551111221313, 0.34451404213905334, -0.005424787290394306, 0.6652042269706726, 0.021407270804047585, 0.16607920825481415, -0.001167144626379013, -1.1828235387802124, 0.030245088040828705, -1.2513329982757568, 0.24179287254810333, 0.9546651244163513, 0.750023603439331, -0.2743338942527771, 1.0862352848052979, -0.8605294823646545, 0.6916704773902893, 0.02958620712161064, 1.8559962511062622, 0.8695392608642578, -0.9137219190597534, -1.7256348133087158, -0.7289066314697266, -0.7347506284713745, -1.2314573526382446, 1.1950279474258423, -1.0460450649261475, 0.12857899069786072, 0.5106004476547241, 0.5057687163352966, -0.7179552316665649, 1.4159003496170044, -0.4502052664756775, 1.1014766693115234, -0.540648877620697]",yunet,Facenet,1920,1080,/home/amos/media/tv/modern_family/Modern.Family.S09.1080p.DSNP.WEB-DL.DDP5.1.H.264-CRFW/Modern.Family.S09E21.The.Escape.1080p.DSNP.WEB-DL.DDP5.1.H.264-CRFW.mkv,Modern Family,2009,1442437,9,21,Mary Louise Wilson,115767.0,0.625
229,978,210,1176,456,1122,294,1014,294,0.925,5040,0,"[0.918648362159729, 0.27460697293281555, -1.569206714630127, -0.21954146027565002, 0.7506733536720276, 1.942439079284668, -1.3600943088531494, 2.5696229934692383, 1.359263300895691, -0.8699777126312256, 0.2179735004901886, -0.5051742792129517, -1.9431629180908203, 1.092250943183899, -0.8341445922851562, 0.6451492309570312, -0.42259058356285095, 0.7507783770561218, -0.5388839840888977, -0.4733719825744629, -1.42934250831604, 0.929266631603241, 1.0914344787597656, 1.5684611797332764, 1.5413758754730225, 0.7889525294303894, 0.2860701084136963, -0.3887289762496948, 0.11150868237018585, -1.0279141664505005, -0.4254489541053772, 1.041412115097046, -0.852946400642395, 0.7379727363586426, 0.7036654353141785, 0.10711556673049927, -0.4637286067008972, 0.914093017578125, -1.4810714721679688, 1.3466380834579468, 0.9212654829025269, -1.4483673572540283, 0.3554619550704956, 0.027008362114429474, 1.1213253736495972, -2.32818865776062, 0.290717214345932, -0.542259931564331, 0.3555176258087158, -0.07740376144647598, -0.38670384883880615, -0.12416000664234161, 1.7559778690338135, -0.2175927609205246, 0.3996395766735077, 0.39160874485969543, 1.4695463180541992, -2.005769968032837, -0.21859343349933624, -1.2659282684326172, -0.33959096670150757, 1.705545425415039, 0.6432899236679077, 0.47125446796417236, -1.193308711051941, 0.23463092744350433, 0.23627838492393494, 1.576101303100586, -0.42601147294044495, -1.606066107749939, -1.0251961946487427, 0.011948108673095703, -0.3646920323371887, 0.5727509260177612, -0.014724045991897583, -0.7424988746643066, -1.5707417726516724, 0.4239238500595093, -0.3209497034549713, -1.383918046951294, 0.7683702111244202, -0.4414314925670624, -1.3588151931762695, -0.4202058017253876, 1.4047033786773682, -0.10871827602386475, 0.08135374635457993, 1.4570965766906738, 1.8364636898040771, 0.5535082221031189, -0.22051042318344116, -1.5286951065063477, -0.04405822977423668, -0.991715133190155, 0.5139015913009644, 0.32017701864242554, 0.6040859222412109, -0.8258918523788452, 0.5728945732116699, 1.0082423686981201, -0.504894495010376, -0.28158074617385864, -1.0194411277770996, -0.8155342936515808, 0.951332151889801, -0.437826931476593, -0.32586097717285156, 0.7876076698303223, 0.09659646451473236, 0.403312623500824, 0.38876044750213623, 1.3468410968780518, 0.9575475454330444, -0.6708235144615173, -1.4466946125030518, -0.5633431673049927, -0.8791600465774536, -0.6357071995735168, 1.1267402172088623, -1.479403018951416, -0.09242330491542816, 0.2882191836833954, 0.02419227920472622, 0.04379569739103317, 1.7735536098480225, -0.6475451588630676, 0.05382866412401199, -0.4231758713722229]",yunet,Facenet,1920,1080,/home/amos/media/tv/modern_family/Modern.Family.S09.1080p.DSNP.WEB-DL.DDP5.1.H.264-CRFW/Modern.Family.S09E21.The.Escape.1080p.DSNP.WEB-DL.DDP5.1.H.264-CRFW.mkv,Modern Family,2009,1442437,9,21,Mary Louise Wilson,115767.0,0.774
230,930,192,1128,450,1080,288,972,288,0.924,5064,0,"[0.4512992203235626, -0.1125999242067337, -1.509561538696289, 0.34255579113960266, 0.04352395609021187, 1.5003753900527954, -1.3645179271697998, 1.8838387727737427, 1.057527780532837, -1.1802531480789185, 0.48004186153411865, -0.3505707383155823, -0.647930920124054, 1.3997374773025513, -0.20572492480278015, 0.41251444816589355, -0.09972839057445526, 1.7183676958084106, -0.6391610503196716, 0.47723689675331116, -1.6044929027557373, 1.2369669675827026, 1.132340908050537, 1.5746737718582153, 1.9100466966629028, 1.133116364479065, 0.02087225392460823, -0.4467545747756958, 0.5366519689559937, -1.6173877716064453, -0.17129042744636536, 0.8716270327568054, -0.8045847415924072, 0.7115112543106079, 1.1345354318618774, 0.14956806600093842, 0.7207849621772766, 0.8039343953132629, -1.7207047939300537, 0.9572856426239014, 1.0284533500671387, -0.9715094566345215, 0.9990358352661133, -0.2681199312210083, -0.16666658222675323, -2.6109254360198975, -0.2993845045566559, -1.3941231966018677, 0.8503415584564209, 0.014012204483151436, 1.03207266330719, -1.4391201734542847, 1.676493763923645, -0.3255060911178589, 0.7814242839813232, 0.2873933017253876, 1.4035173654556274, -1.6955525875091553, -0.2845577597618103, -1.9178123474121094, -0.17645332217216492, 2.018564224243164, 0.6055294275283813, 0.49618569016456604, -1.1984193325042725, 0.23827005922794342, 0.5677267909049988, 1.1407793760299683, -0.5130804181098938, -0.6172151565551758, -0.10392598807811737, 0.5219801664352417, 0.04879941791296005, 0.6546833515167236, -0.10428708791732788, -0.7888631224632263, -1.0073983669281006, 0.09031059592962265, -0.43989601731300354, -1.1010936498641968, 0.5581026077270508, 0.0837264209985733, -1.4518705606460571, 0.1588648557662964, 1.3947099447250366, 0.32502394914627075, 0.08113516867160797, 1.452643632888794, 1.5058103799819946, 0.24908500909805298, 0.18633894622325897, -1.6401540040969849, -0.8811684846878052, -0.44044768810272217, -0.44542598724365234, 0.1388760209083557, 1.4735963344573975, -0.47213736176490784, 1.6475183963775635, -0.007924038916826248, -0.41843849420547485, 0.13759005069732666, -0.39683544635772705, -0.9759729504585266, 1.1618247032165527, -0.23997926712036133, 0.1737799197435379, 0.2950249910354614, 0.6317177414894104, 0.17974628508090973, 0.48049598932266235, 1.557011365890503, 1.3510117530822754, -0.8459647297859192, -1.0223281383514404, -0.885643482208252, -0.124742791056633, -0.6895809173583984, 0.9314308762550354, -1.1638590097427368, -0.06329300999641418, -0.09361904114484787, 0.7531360387802124, -0.45049503445625305, 1.2605280876159668, 0.11456146091222763, -0.022964581847190857, -0.5512514710426331]",yunet,Facenet,1920,1080,/home/amos/media/tv/modern_family/Modern.Family.S09.1080p.DSNP.WEB-DL.DDP5.1.H.264-CRFW/Modern.Family.S09E21.The.Escape.1080p.DSNP.WEB-DL.DDP5.1.H.264-CRFW.mkv,Modern Family,2009,1442437,9,21,Mary Louise Wilson,115767.0,0.735
231,912,174,1116,432,1062,270,960,270,0.936,5088,0,"[0.2521592378616333, -0.11172056198120117, -1.2106611728668213, -0.3477424383163452, 0.15116754174232483, 1.4444606304168701, -1.8022019863128662, 2.073324203491211, 1.5368496179580688, -0.7307466268539429, 0.37623149156570435, -0.19879861176013947, -1.389773964881897, 1.2192076444625854, -0.6974273920059204, 0.65841144323349, 0.13808362185955048, 1.2433348894119263, -0.48451316356658936, -0.24497206509113312, -1.1605384349822998, 0.8935784697532654, 0.4682188034057617, 1.7369065284729004, 1.7705131769180298, 1.2291887998580933, 0.35270074009895325, -0.7054303288459778, 0.5639837980270386, -1.4886401891708374, -0.0031945034861564636, 1.1066054105758667, -0.366674542427063, 0.20891523361206055, 1.0493561029434204, 0.37168845534324646, 0.46150773763656616, 0.5091267824172974, -1.5936179161071777, 1.1231813430786133, 0.9815919399261475, -1.4279563426971436, 0.6231318712234497, 0.1499853879213333, 0.33779773116111755, -2.5547120571136475, -0.22901110351085663, -1.1207069158554077, 0.6622226238250732, -0.2961365580558777, 0.513698160648346, -1.3186553716659546, 1.469468593597412, -0.011335019022226334, 0.7452830672264099, -0.0338895209133625, 1.5439790487289429, -2.133472204208374, -0.16797517240047455, -1.4628660678863525, -0.4434404969215393, 1.515403151512146, 0.6579631567001343, 0.007542027160525322, -0.9630565047264099, 0.19028444588184357, 0.5106220841407776, 1.369786262512207, -0.6036691665649414, -0.8313486576080322, -0.7143816351890564, 0.5216796398162842, -0.3555010259151459, 0.2919558882713318, -0.009611159563064575, -1.233899474143982, -0.9005900621414185, 0.08794698119163513, -0.058618951588869095, -1.2406970262527466, 0.46838465332984924, -0.5543209314346313, -1.3579646348953247, -0.5333806872367859, 0.8175379633903503, 0.4285888373851776, -0.594748318195343, 1.3449649810791016, 1.834187388420105, 0.49105125665664673, 0.16917748749256134, -1.6608449220657349, -0.7144758105278015, -1.185691475868225, -0.013899646699428558, 0.2874206304550171, 1.1708636283874512, -0.3333059251308441, 1.3750977516174316, 0.39176562428474426, -0.15000782907009125, 0.19108286499977112, -0.5351887941360474, -1.0360691547393799, 0.9648541808128357, -0.16805733740329742, -0.29949620366096497, 0.3450135886669159, 0.48221683502197266, 0.48364773392677307, 0.16215693950653076, 1.1788759231567383, 1.4125328063964844, -1.1022045612335205, -1.210882306098938, -1.1742026805877686, -0.1890047788619995, -0.7292627692222595, 1.2031965255737305, -1.3046114444732666, -0.30098265409469604, -0.2773956060409546, 0.667741596698761, -0.23879091441631317, 1.8067988157272339, 0.009295269846916199, 0.422852098941803, -0.17766228318214417]",yunet,Facenet,1920,1080,/home/amos/media/tv/modern_family/Modern.Family.S09.1080p.DSNP.WEB-DL.DDP5.1.H.264-CRFW/Modern.Family.S09E21.The.Escape.1080p.DSNP.WEB-DL.DDP5.1.H.264-CRFW.mkv,Modern Family,2009,1442437,9,21,Mary Louise Wilson,115767.0,0.763
232,1338,384,1494,582,1440,462,1374,462,0.912,5112,0,"[-0.33127251267433167, 0.3524059057235718, 0.18121902644634247, -0.9639485478401184, -0.1664097011089325, 0.18951937556266785, -0.5111210346221924, 0.9265622496604919, 0.1621820032596588, -0.8490183353424072, 0.710345447063446, 1.1426098346710205, -0.7553403973579407, 0.5966664552688599, -1.0830227136611938, -0.891200840473175, 0.9774595499038696, -0.817145049571991, -0.1137196272611618, -0.2574605345726013, -1.3339248895645142, 0.029483845457434654, -0.7485257387161255, 0.5286444425582886, 0.07837291061878204, 1.1850088834762573, 0.6024717092514038, -0.5126355886459351, -0.2367013543844223, -0.9733644723892212, -0.2082214653491974, 1.294418215751648, -1.830438494682312, 1.7538684606552124, 0.31441283226013184, 0.2240961194038391, 0.01026984304189682, -0.7486705780029297, -0.5872794389724731, -0.06927228718996048, 0.4666634798049927, 0.9044303297996521, -0.008210733532905579, 1.4879933595657349, 0.16192945837974548, -2.4419100284576416, 0.4475920796394348, -0.7141375541687012, 0.8308392763137817, 0.9608350992202759, -0.3563233017921448, -1.7909181118011475, 1.5486992597579956, -0.548419713973999, -0.5334807634353638, -1.2382285594940186, 1.779165506362915, -1.3690218925476074, -1.9254462718963623, -1.259583830833435, -2.29624342918396, 0.09314025938510895, 0.14547306299209595, 0.3246040940284729, -1.1553194522857666, 0.5837750434875488, -0.5960253477096558, 0.4763897955417633, 0.8358643651008606, -0.2200499176979065, -0.24447493255138397, 1.0711376667022705, -1.240395426750183, 0.4073852300643921, -0.5137842297554016, -0.7504409551620483, -0.6764626502990723, -0.29724884033203125, 0.841912031173706, -0.9663251638412476, 0.018020756542682648, -0.9458192586898804, -0.9321144223213196, -1.686574101448059, 1.0803359746932983, 0.7799394130706787, 1.0322179794311523, 1.2625794410705566, -0.1400471031665802, 2.2106637954711914, -0.5566064715385437, -0.8139472007751465, -1.0570300817489624, -0.779807984828949, 1.9427820444107056, 0.5977947115898132, 0.8071525692939758, 0.5674356818199158, 1.00978422164917, 0.0623352974653244, 0.976086437702179, -0.23141780495643616, -0.08282463252544403, -0.4160858392715454, 0.5592811703681946, 1.0120419263839722, -0.25211313366889954, -0.39176473021507263, -1.5813363790512085, -1.7611712217330933, 1.0316171646118164, 0.5173200368881226, 0.7253639698028564, 0.26382118463516235, -0.3001765310764313, 0.5237010717391968, -0.6741026639938354, -0.7382258772850037, 2.232909679412842, -0.1589168906211853, -0.6927111148834229, -1.0218889713287354, -0.38014405965805054, -0.025481702759861946, 0.7119891047477722, -1.0272431373596191, 0.09429316222667694, 0.564271092414856]",yunet,Facenet,1920,1080,/home/amos/media/tv/modern_family/Modern.Family.S09.1080p.DSNP.WEB-DL.DDP5.1.H.264-CRFW/Modern.Family.S09E21.The.Escape.1080p.DSNP.WEB-DL.DDP5.1.H.264-CRFW.mkv,Modern Family,2009,1442437,9,21,,,
233,534,84,750,366,708,198,606,198,0.925,5184,0,"[0.8653268814086914, 1.413574457168579, 0.6839564442634583, -0.0303148552775383, -0.06984922289848328, -0.21923604607582092, -1.5592684745788574, -0.1082904040813446, 0.2878235876560211, -0.9755141735076904, -0.31398820877075195, 0.5832781195640564, 0.13341741263866425, -0.294891893863678, -1.59928560256958, 0.17244412004947662, 0.4695085287094116, -0.38755232095718384, -0.40798360109329224, 1.1183561086654663, -0.9707165956497192, 1.5965943336486816, 0.1792430877685547, 0.4379884898662567, -0.9133614897727966, 1.8859530687332153, -2.500094175338745, 2.431065559387207, 1.1586248874664307, -1.5107147693634033, -0.11207251250743866, -1.3509596586227417, 0.08999735116958618, -0.7436036467552185, 0.7528182864189148, 1.0665134191513062, 0.8623729348182678, 0.3717624247074127, 1.0144879817962646, 1.3367928266525269, -0.4421907365322113, 0.08537764102220535, -0.6981968879699707, -0.9931046366691589, -0.5699579119682312, 0.3989202380180359, 0.04814988002181053, 0.768074631690979, -1.4365887641906738, -1.6917872428894043, 1.1061009168624878, -0.20388366281986237, -0.6501386165618896, -0.3819587826728821, 0.11955386400222778, 1.2594070434570312, 2.679706335067749, 0.5061641931533813, 0.404513955116272, -0.07595521956682205, 0.7450408935546875, -0.6651521325111389, -0.3812428116798401, 0.6868045926094055, -0.4991629421710968, 1.700602412223816, 2.145353078842163, 0.7463883757591248, 1.1179518699645996, 0.08189251273870468, 0.13668635487556458, 0.8115285634994507, -0.8646934628486633, 1.7178303003311157, 0.14301571249961853, 1.972119688987732, -0.18516364693641663, 0.6436668038368225, 0.8261642456054688, -0.799283504486084, 0.2107248604297638, -1.0209696292877197, 0.5743248462677002, -0.10687465965747833, -0.7373960614204407, -1.3149722814559937, 0.29328617453575134, 0.1492401659488678, 0.18002349138259888, 0.04256235808134079, 0.1599339246749878, -1.7422072887420654, 0.5955015420913696, -0.9956974387168884, -0.33994290232658386, -0.9621156454086304, 0.40445974469184875, 0.04087444394826889, -0.08792570233345032, -1.373640537261963, -0.19011349976062775, 0.12944698333740234, -2.185196876525879, 0.20110546052455902, -0.5290041565895081, 0.958321750164032, 0.049924347549676895, -1.9178798198699951, 0.7798938155174255, 0.8424789905548096, -0.101981982588768, 1.9023677110671997, 0.2544442415237427, 0.12626436352729797, 0.6731706857681274, 1.124584674835205, -1.0190322399139404, -0.9828084707260132, 1.0687288045883179, -0.41402313113212585, -0.4542209506034851, 0.8577873706817627, -0.18552808463573456, -1.1816092729568481, 2.324939012527466, -0.6706340909004211, 1.4527839422225952, -1.1286317110061646]",yunet,Facenet,1920,1080,/home/amos/media/tv/modern_family/Modern.Family.S09.1080p.DSNP.WEB-DL.DDP5.1.H.264-CRFW/Modern.Family.S09E21.The.Escape.1080p.DSNP.WEB-DL.DDP5.1.H.264-CRFW.mkv,Modern Family,2009,1442437,9,21,Ty Burrell,15232.0,0.776
234,1152,192,1344,438,1314,288,1230,288,0.921,5184,1,"[-0.6873409748077393, 1.9011372327804565, 0.5388453006744385, -0.8318939208984375, -0.018341775983572006, 1.0334488153457642, -1.0451457500457764, 0.8599862456321716, 1.1613965034484863, 0.8379127383232117, 0.5545229911804199, 2.203275680541992, -0.28579702973365784, -0.8802703619003296, -0.16543132066726685, 0.21617747843265533, -0.2340250313282013, -1.5141183137893677, -1.9958107471466064, 1.0895333290100098, 1.56723153591156, 0.35982707142829895, 0.3086608946323395, -0.6740412712097168, -1.0719200372695923, -1.7192474603652954, -0.9998242855072021, -0.26854169368743896, 2.749697685241699, -0.4933927059173584, -0.45082953572273254, -2.1148204803466797, 1.5627212524414062, -1.7623120546340942, 1.316590666770935, -0.41390132904052734, -1.3055227994918823, 0.04176831617951393, 0.4257853925228119, -0.9747563600540161, -1.3730708360671997, 0.2342844158411026, -0.8453325033187866, 0.5528457760810852, -2.7865042686462402, 0.04941369965672493, -0.4419949948787689, -1.5767651796340942, -2.5939228534698486, 0.9360153675079346, -0.7541825771331787, 0.434262752532959, 1.723685622215271, 0.1139201670885086, 0.06549814343452454, -0.33136090636253357, -0.1923309564590454, -0.7401410937309265, -1.143271803855896, -0.3398035764694214, -0.6487318277359009, -0.6669992804527283, -0.4493162930011749, -1.382935643196106, 0.06160374730825424, 0.022632375359535217, -0.5162397027015686, 0.20920564234256744, 1.2363650798797607, -1.6075985431671143, -0.897182047367096, 0.17067816853523254, -1.9732117652893066, -0.26649630069732666, 1.041744351387024, 1.8005696535110474, 0.8140169382095337, -0.8314359784126282, 2.1133999824523926, -0.6478104591369629, 1.7511568069458008, -0.6088064908981323, -0.08476515859365463, -0.6882337331771851, 1.2211681604385376, -0.6192330121994019, 0.11064136773347855, 0.3423278331756592, -0.28898584842681885, 1.311120867729187, -1.6253081560134888, 0.11168190091848373, 0.47049060463905334, 0.2272319793701172, -0.6039021611213684, 1.3033487796783447, -1.6844618320465088, -0.200445294380188, -0.10781554877758026, -1.9438755512237549, -0.3680536150932312, -0.30460119247436523, -0.8554686307907104, 1.7444019317626953, 0.6809366345405579, -0.0923280194401741, 0.5664114952087402, -1.0389509201049805, 0.5236668586730957, 0.8245964050292969, 2.4643545150756836, 0.752591609954834, -0.3035992681980133, 0.2538355588912964, -0.6941152811050415, 0.152695432305336, -0.8598405122756958, 0.23973356187343597, 1.4036166667938232, -0.07807255536317825, 0.43066906929016113, -1.202657699584961, -1.212146282196045, 0.5794031023979187, 0.5078946948051453, 0.9065787196159363, -0.2411060631275177, 1.0483535528182983]",yunet,Facenet,1920,1080,/home/amos/media/tv/modern_family/Modern.Family.S09.1080p.DSNP.WEB-DL.DDP5.1.H.264-CRFW/Modern.Family.S09E21.The.Escape.1080p.DSNP.WEB-DL.DDP5.1.H.264-CRFW.mkv,Modern Family,2009,1442437,9,21,Sofía Vergara,63522.0,0.761
235,924,174,1140,468,1050,276,960,276,0.924,5208,0,"[0.9011365175247192, -0.3512827455997467, -1.3429512977600098, 0.20558473467826843, -0.06622682511806488, 1.5894982814788818, -1.4074112176895142, 2.052600860595703, 0.8425520062446594, -0.6917522549629211, -0.14783242344856262, 0.13304361701011658, -1.9065518379211426, 0.514162540435791, -0.37896937131881714, 0.518153965473175, -0.1896357238292694, 0.9084585309028625, -1.6255792379379272, -0.42852216958999634, -0.7823940515518188, -0.18455052375793457, 0.5945725440979004, 1.3001402616500854, 1.0390862226486206, 0.29766449332237244, -0.08175481110811234, -0.17597773671150208, 0.22679361701011658, -0.9492546319961548, -0.3467819392681122, 1.4461417198181152, -2.126159429550171, 0.7967256903648376, 0.26582470536231995, 0.0962459146976471, -0.7275555729866028, 0.05390918627381325, -2.055304527282715, 0.7690010070800781, 1.7476062774658203, -1.1945855617523193, 0.5524768829345703, -0.03616083413362503, 1.6367462873458862, -2.3950743675231934, 1.2398691177368164, -0.637974739074707, 0.11770443618297577, -0.38721224665641785, -0.6230676770210266, -0.838665246963501, 1.5275321006774902, -0.5218513607978821, 0.8492392301559448, 0.10721870511770248, 1.1981545686721802, -1.2829291820526123, 0.18417014181613922, -1.6757876873016357, -0.9180526733398438, 1.616618275642395, 0.8067592978477478, 0.938372790813446, -1.1874295473098755, 0.7326229810714722, 0.4501985013484955, 1.318366289138794, -0.592507004737854, -1.9039801359176636, -0.5685625076293945, -0.02824283391237259, 0.2717426121234894, 0.7974197268486023, 0.44288983941078186, -0.8465877175331116, -2.217761993408203, 0.8616387248039246, -0.36092445254325867, -1.6085054874420166, 0.6032540202140808, -1.247721791267395, -2.053043842315674, -1.3157565593719482, 1.1889452934265137, -0.4032938480377197, -0.7995620369911194, 1.4087144136428833, 1.7737857103347778, 0.5593827962875366, 0.33019566535949707, -1.6687716245651245, -0.20610292255878448, -0.7559987902641296, 0.6531699299812317, 0.7105553150177002, 1.160418152809143, -0.5446723103523254, 1.3136019706726074, 1.3303171396255493, -0.7379850745201111, 0.43077507615089417, -1.1092544794082642, -1.2812074422836304, 1.1048657894134521, -0.5492680668830872, 0.1714993715286255, 0.7913123369216919, -0.15626278519630432, 1.0623661279678345, -0.20548437535762787, 2.667476177215576, 1.5969802141189575, -1.8618690967559814, -1.7196834087371826, -0.17093735933303833, -0.9760969877243042, -0.5112954378128052, -0.011373773217201233, -1.791066288948059, -0.22095586359500885, -0.4148770570755005, 1.2284983396530151, -0.41060924530029297, 1.2908844947814941, -0.5760018229484558, -0.0014199530705809593, -0.7917266488075256]",yunet,Facenet,1920,1080,/home/amos/media/tv/modern_family/Modern.Family.S09.1080p.DSNP.WEB-DL.DDP5.1.H.264-CRFW/Modern.Family.S09E21.The.Escape.1080p.DSNP.WEB-DL.DDP5.1.H.264-CRFW.mkv,Modern Family,2009,1442437,9,21,Mary Louise Wilson,115767.0,0.69
236,924,174,1122,444,1008,276,948,276,0.926,5232,0,"[0.8318942785263062, -0.3242604434490204, -1.1863616704940796, -0.21573412418365479, -0.34783706068992615, 1.4351710081100464, -1.5501331090927124, 2.626662254333496, 1.3743607997894287, -0.9816551804542542, 0.010540127754211426, -0.2740757465362549, -1.4203537702560425, 0.4008769392967224, -0.46606650948524475, 0.9618167281150818, -0.31391969323158264, 0.9567223787307739, -1.2517800331115723, -0.43630269169807434, -1.146210789680481, 0.6749346852302551, 0.41436710953712463, 2.020855188369751, 0.8884493112564087, 0.781713604927063, 0.04438943788409233, -0.4542998671531677, 0.18114960193634033, -0.8566659092903137, -0.38752204179763794, 1.035613775253296, -1.6615381240844727, 1.1823887825012207, 0.6228491067886353, 0.41671913862228394, -0.3857504427433014, 0.3988029956817627, -1.7271909713745117, 1.2019119262695312, 1.7662732601165771, -1.022394061088562, 0.6175496578216553, -0.07276752591133118, 1.79469633102417, -2.087728261947632, 1.3141530752182007, -0.8370221853256226, 0.3873191475868225, -0.3462989330291748, -0.43430638313293457, -0.9034945368766785, 1.2835949659347534, -0.5289564728736877, 0.3069876432418823, 0.2958971858024597, 1.516454815864563, -1.5589547157287598, -0.11244094371795654, -1.383357048034668, -0.5054331421852112, 2.019609212875366, 0.32742372155189514, 0.8883243799209595, -1.017924427986145, 0.3423619270324707, 0.4620074927806854, 1.0940061807632446, -0.7008225321769714, -2.1347897052764893, -0.34937340021133423, 0.05196920037269592, 0.07856187969446182, 0.22744201123714447, 0.8612269759178162, -1.234913945198059, -2.566746234893799, 0.8397387862205505, -0.49218785762786865, -1.6346745491027832, 0.5268975496292114, -1.568278431892395, -1.5272800922393799, -1.3327280282974243, 1.2666314840316772, -0.28001609444618225, -0.449167937040329, 2.2788608074188232, 1.8723937273025513, 0.24152271449565887, 0.003628075122833252, -1.4330275058746338, -0.11894634366035461, -0.7703442573547363, 0.9408383369445801, 0.5714592933654785, 1.050271987915039, -0.7990671992301941, 1.4043035507202148, 1.5226681232452393, 0.021045923233032227, 0.6752423644065857, -1.175830602645874, -1.2714824676513672, 0.997203528881073, -0.22637751698493958, -0.10088981688022614, 0.9345601797103882, -0.3564986288547516, 0.7619845867156982, 0.22495315968990326, 1.832456350326538, 1.2876149415969849, -1.62626051902771, -1.9542514085769653, -0.30938658118247986, -0.696337103843689, -0.5838078260421753, 0.24250167608261108, -1.9240294694900513, -0.29224538803100586, -0.22909240424633026, 0.8239756226539612, -0.6442053318023682, 1.3442617654800415, -0.8617070913314819, -0.30386126041412354, -0.90839022397995]",yunet,Facenet,1920,1080,/home/amos/media/tv/modern_family/Modern.Family.S09.1080p.DSNP.WEB-DL.DDP5.1.H.264-CRFW/Modern.Family.S09E21.The.Escape.1080p.DSNP.WEB-DL.DDP5.1.H.264-CRFW.mkv,Modern Family,2009,1442437,9,21,Mary Louise Wilson,115767.0,0.755
237,1416,282,1620,564,1536,402,1458,402,0.93,5256,0,"[-2.003446102142334, 0.25530895590782166, 0.07907120883464813, -0.6952616572380066, 0.34744274616241455, -1.4434579610824585, -1.8429332971572876, 0.7434937953948975, 0.47430410981178284, -0.7061241269111633, -0.48578789830207825, 1.076208233833313, 0.469382107257843, 0.8027013540267944, 0.3897308111190796, 0.4141111969947815, -1.000514030456543, -0.8355120420455933, -2.5266029834747314, 0.055245887488126755, -0.6541274785995483, 0.7756968140602112, -0.4915924668312073, 0.5069396495819092, -0.9330148696899414, 0.034319497644901276, -1.072283148765564, -0.5293511748313904, 0.6010995507240295, -2.21549916267395, -0.294964075088501, -1.1262985467910767, 0.1734297275543213, -1.1595373153686523, -0.3847118318080902, 1.381103277206421, -1.0121502876281738, 0.746169924736023, 0.9533486366271973, -0.7066245079040527, -0.39482206106185913, 0.07203023880720139, -0.07124854624271393, -1.1083532571792603, -1.6235547065734863, -0.047868795692920685, -0.4922180473804474, -0.6195881366729736, -2.0726919174194336, 0.17394806444644928, -0.10248573124408722, -1.0407658815383911, 0.17611458897590637, 0.08138440549373627, -0.8096492290496826, -1.2773488759994507, 1.2405105829238892, -1.039925456047058, -1.0243662595748901, 0.05241470783948898, -0.25427475571632385, -1.3754490613937378, -2.511453866958618, 0.5164359211921692, 0.8532430529594421, -1.5395935773849487, 0.4238513708114624, -1.2560268640518188, 0.3500531017780304, 0.33895987272262573, -0.15059907734394073, 1.9464807510375977, -2.7578983306884766, 1.0733224153518677, 1.766579508781433, -0.22604313492774963, 0.7445946931838989, 0.23603980243206024, 0.385004460811615, -0.2770589590072632, -0.04897868633270264, -0.6199485063552856, -0.23567920923233032, -0.01098674163222313, 0.061220407485961914, 0.3909653127193451, 1.211568832397461, -0.2717677652835846, -2.6681759357452393, -0.061776790767908096, 0.5936146974563599, -1.9393023252487183, 0.4607885181903839, -1.040935754776001, -0.3320382237434387, -0.12004846334457397, -0.40848690271377563, 2.4312193393707275, 1.3124186992645264, -2.0177574157714844, -1.0576170682907104, -1.011696696281433, -0.6377291679382324, 1.136840581893921, 1.0190926790237427, -0.6086295247077942, -0.38092681765556335, -1.0581648349761963, -0.028850890696048737, 1.258927822113037, 1.77499520778656, -0.20862270891666412, 0.09212663769721985, 0.9392245411872864, -0.3446406126022339, 0.29822489619255066, 0.6172131299972534, 0.1828038990497589, -1.3287605047225952, 1.0308897495269775, 0.13480982184410095, -0.9217358827590942, -1.1605056524276733, 0.1370217502117157, -0.7644593119621277, -0.6034746170043945, -1.7124515771865845, 1.111423373222351]",yunet,Facenet,1920,1080,/home/amos/media/tv/modern_family/Modern.Family.S09.1080p.DSNP.WEB-DL.DDP5.1.H.264-CRFW/Modern.Family.S09E21.The.Escape.1080p.DSNP.WEB-DL.DDP5.1.H.264-CRFW.mkv,Modern Family,2009,1442437,9,21,Julie Bowen,31171.0,0.698
238,912,174,1128,450,1056,282,954,276,0.919,5256,1,"[0.4861719012260437, 0.10873951017856598, 0.14627842605113983, -0.6005150079727173, 2.654005765914917, -0.0169325340539217, 2.9419312477111816, -0.042000722140073776, 0.6017886996269226, 0.5950354337692261, -0.6598060727119446, -0.3939615488052368, -0.8223061561584473, 1.822007417678833, -0.3102058172225952, 0.8403083086013794, -1.8800842761993408, -1.9757969379425049, -0.7979402542114258, -0.4369608163833618, -0.626166582107544, 1.324035406112671, -0.7541890740394592, 1.1140501499176025, 1.4786347150802612, 0.9254245758056641, 1.2043612003326416, -0.36265718936920166, -0.4115285277366638, -1.4356420040130615, 0.6730042695999146, 1.3041315078735352, -1.5412230491638184, 1.8250764608383179, -1.2385900020599365, -1.0799148082733154, 0.2652199864387512, -2.982152223587036, 1.1226530075073242, -1.4188677072525024, -1.2545918226242065, -0.6887151598930359, -0.4093322455883026, -0.5681893825531006, -0.5723460912704468, -0.6534374356269836, -2.256324529647827, -0.08948428183794022, -0.422452449798584, 2.240659475326538, -0.8972750306129456, 0.1355360448360443, -0.6500085592269897, -0.011480309069156647, -0.7187293767929077, -2.2369470596313477, 0.166439026594162, -1.211411952972412, -0.2947366237640381, 0.05217423290014267, -2.190729856491089, 0.04936222732067108, 0.2755308151245117, 0.903523862361908, -0.5336630940437317, 0.2868780493736267, -1.0473151206970215, 0.48276689648628235, 0.5735089778900146, 0.03528609871864319, -0.3117794096469879, -1.027355670928955, 0.8137576580047607, -0.17165865004062653, 0.18080903589725494, -0.5081717371940613, 0.593338131904602, 0.2214113473892212, 0.7901477813720703, 1.278052806854248, -1.4911051988601685, 1.5351935625076294, -0.5747398734092712, -1.7713462114334106, 0.17375564575195312, 0.4568117558956146, -0.16555318236351013, 0.4150351881980896, 1.3136281967163086, 1.6485899686813354, 0.9202568531036377, -0.12372136116027832, -0.9184143543243408, -1.1816258430480957, 2.2638187408447266, 0.5299572944641113, -1.4224961996078491, 0.5407858490943909, -0.17204925417900085, 0.1761770099401474, -0.08345088362693787, -0.03630084916949272, -0.7906630635261536, -1.4109750986099243, -0.7098928689956665, -0.3165104389190674, 0.7825583219528198, -0.35233667492866516, -1.1942508220672607, -1.4234155416488647, 0.38166165351867676, 0.10040232539176941, 1.4379254579544067, -1.1975336074829102, 2.5794618129730225, 1.3299458026885986, 1.203852891921997, 1.144797682762146, 0.10691744089126587, 0.8396920561790466, 0.3373003602027893, -0.14854185283184052, 1.4244848489761353, 0.17839303612709045, 0.04307788610458374, -1.4379183053970337, 0.949088990688324, 1.0999969244003296]",yunet,Facenet,1920,1080,/home/amos/media/tv/modern_family/Modern.Family.S09.1080p.DSNP.WEB-DL.DDP5.1.H.264-CRFW/Modern.Family.S09E21.The.Escape.1080p.DSNP.WEB-DL.DDP5.1.H.264-CRFW.mkv,Modern Family,2009,1442437,9,21,Eric Stonestreet,156962.0,0.619
239,510,246,714,516,678,354,582,354,0.918,5256,2,"[-1.7359464168548584, -0.9098755121231079, -1.217844843864441, -0.15637367963790894, 0.7406246662139893, -0.6732380390167236, 0.17073312401771545, 0.7199214100837708, 3.1294479370117188, -1.261815071105957, 0.4192030429840088, -0.8102251291275024, 0.07072457671165466, -0.020883433520793915, -0.5067845582962036, 1.0141892433166504, -0.5122983455657959, -0.8556292653083801, -0.40720340609550476, -0.16765260696411133, 0.1871795654296875, 1.4693793058395386, 0.8784623146057129, 0.8459198474884033, -0.9307089447975159, 0.8877754807472229, 0.907113790512085, -1.7630908489227295, 1.6714376211166382, -0.706261396408081, -1.1837807893753052, 0.2660733461380005, 0.08895569294691086, -0.037036072462797165, 0.8658644556999207, 0.4908316731452942, 0.7507621645927429, -0.9477645754814148, -0.6281996369361877, -1.7014145851135254, -0.723527193069458, 0.3683294951915741, -1.2879760265350342, -1.2208468914031982, 0.48599714040756226, -0.04037440940737724, -0.9182642102241516, -0.5456405878067017, -0.7619078159332275, 1.3934698104858398, 0.1088198646903038, 0.4303927421569824, -2.151033878326416, -0.09285078197717667, -1.1485965251922607, -0.4635424315929413, 0.814184308052063, 0.7174922227859497, -1.6237733364105225, -1.2259458303451538, -0.6720259189605713, 0.8751115202903748, -0.4522995352745056, 1.2125259637832642, -0.7193253040313721, 2.1703364849090576, 1.3649767637252808, 1.4561998844146729, 0.7849905490875244, -2.5869433879852295, 0.24901893734931946, -0.28584495186805725, -0.6371044516563416, 0.28138476610183716, 0.08668815344572067, -0.20887064933776855, -1.418684720993042, -0.9791991710662842, -1.271780252456665, -2.3925058841705322, -2.055800199508667, 1.4053977727890015, -0.9382629990577698, -0.9957083463668823, -1.0120437145233154, -1.7123541831970215, 0.4736751616001129, 1.3517992496490479, -0.9402428865432739, -0.6811314225196838, -0.005117692053318024, 0.031538620591163635, 1.6200809478759766, 0.5696596503257751, -0.6246790885925293, 1.598995566368103, -0.6548101305961609, 2.1723179817199707, -0.9703750014305115, -0.015410059131681919, -0.014104455709457397, -0.7446446418762207, 0.28871333599090576, -0.5423635244369507, 0.7474072575569153, 0.3789038062095642, 0.535983681678772, -0.11666750907897949, 0.05866312235593796, -0.2522071897983551, 0.7860365509986877, -0.7277557849884033, 2.274388074874878, -0.6603895425796509, -0.15093515813350677, 1.5909916162490845, 0.9738079309463501, -0.7742122411727905, -0.8511056900024414, 1.1369898319244385, -1.4655768871307373, 1.1021862030029297, 0.6231901049613953, -0.4344371259212494, 1.5673272609710693, -0.10573281347751617, -0.5013919472694397, -0.3077685236930847]",yunet,Facenet,1920,1080,/home/amos/media/tv/modern_family/Modern.Family.S09.1080p.DSNP.WEB-DL.DDP5.1.H.264-CRFW/Modern.Family.S09E21.The.Escape.1080p.DSNP.WEB-DL.DDP5.1.H.264-CRFW.mkv,Modern Family,2009,1442437,9,21,Jesse Tyler Ferguson,204815.0,0.838
240,750,246,966,528,834,342,780,342,0.925,5280,0,"[0.6331268548965454, -1.1625341176986694, -2.4564120769500732, 0.7592838406562805, -0.06817613542079926, 0.42319679260253906, -2.040205717086792, 2.362917423248291, 1.4457149505615234, -1.1294962167739868, -0.40481188893318176, 0.025007648393511772, -1.0839502811431885, 1.3020182847976685, -0.23392558097839355, 0.5648782849311829, -1.128775954246521, 2.3664300441741943, -0.1398722380399704, -0.7197725772857666, -2.353242874145508, 1.0195869207382202, 1.3300765752792358, 0.4870777428150177, 1.4317303895950317, -0.5140453577041626, 0.5498511791229248, -0.4029788076877594, -0.6211998462677002, -1.0988199710845947, -1.347992181777954, 0.8090779781341553, -1.2935363054275513, 1.5173826217651367, 0.37933459877967834, 0.6256828308105469, 0.2670685648918152, 0.7489737272262573, -2.4370932579040527, 0.6267406940460205, 1.920764446258545, -0.9371328949928284, 0.8391809463500977, 0.01020590215921402, 1.0965089797973633, -3.1591668128967285, -0.510421872138977, -0.8915293216705322, 1.6257575750350952, 0.033165886998176575, -0.23669598996639252, -1.235990047454834, 1.8404855728149414, -0.10378889739513397, 0.7960336208343506, -0.1687326431274414, 0.34188807010650635, -0.44147276878356934, -0.24527043104171753, -2.5792675018310547, -0.9148577451705933, 2.2684133052825928, -0.8296300172805786, 0.9984874129295349, -0.5504960417747498, 0.8815099596977234, 0.3841554522514343, 0.6665078997612, -1.9638395309448242, -1.5285378694534302, 0.0941474437713623, 0.33916446566581726, 0.7782391905784607, 0.3697911500930786, -0.2579510509967804, -1.6621520519256592, -1.597320318222046, 1.0387941598892212, -0.5295173525810242, -1.7469359636306763, 0.09552975744009018, -0.2044370323419571, -1.1721237897872925, -0.22968804836273193, 0.7165617942810059, -1.2626521587371826, -0.7972849011421204, 1.8357696533203125, 1.3400925397872925, 0.030635112896561623, 0.4518376588821411, -1.3597317934036255, -1.8309768438339233, -0.5359194874763489, -0.3311349153518677, -0.7057570219039917, 0.8193899989128113, -0.5966557264328003, 1.5346856117248535, 1.3977404832839966, -0.18302883207798004, 0.39472174644470215, -0.7118617296218872, -1.1682082414627075, 1.6509418487548828, 0.7001264691352844, 1.4211034774780273, -0.02184145897626877, -0.6289234161376953, 0.009024934843182564, 1.1551674604415894, 2.132153272628784, 0.8584671020507812, -0.6675093173980713, -0.9591484069824219, -0.4475822150707245, 0.23327764868736267, -0.9540268182754517, 0.2523278295993805, -0.783906102180481, -0.44335609674453735, -0.3456064760684967, 0.49355703592300415, -0.10440229624509811, 1.2307016849517822, -0.43044865131378174, 0.24210862815380096, -0.19238053262233734]",yunet,Facenet,1920,1080,/home/amos/media/tv/modern_family/Modern.Family.S09.1080p.DSNP.WEB-DL.DDP5.1.H.264-CRFW/Modern.Family.S09E21.The.Escape.1080p.DSNP.WEB-DL.DDP5.1.H.264-CRFW.mkv,Modern Family,2009,1442437,9,21,Mary Louise Wilson,115767.0,0.629
241,768,228,972,510,864,336,792,336,0.925,5304,0,"[0.6122336387634277, 0.44629666209220886, -1.5717641115188599, -0.5101872682571411, -0.19904834032058716, 1.3534208536148071, -1.3445544242858887, 2.2633860111236572, 1.0986477136611938, -0.8936455249786377, 0.7665449976921082, 0.042309656739234924, -1.5031414031982422, 0.6750525236129761, -0.7187879085540771, 0.34844619035720825, -0.11941124498844147, 0.633855402469635, -0.6182469725608826, -1.0192993879318237, -1.1263500452041626, 0.635212779045105, -0.07871252298355103, 1.717474341392517, 1.1204019784927368, 0.9269198179244995, -0.17209425568580627, -0.32365772128105164, -0.20720069110393524, -1.0239509344100952, -0.41053780913352966, 1.3716464042663574, -1.4465397596359253, 0.7124821543693542, 1.1796042919158936, 0.37798890471458435, -0.036534760147333145, -0.08320615440607071, -1.5398550033569336, 0.3778635263442993, 1.5402215719223022, -1.2447909116744995, -0.2276211977005005, -0.2112727016210556, 1.3135995864868164, -1.9563393592834473, 0.7773239612579346, -0.9286303520202637, 1.1369067430496216, -0.09180015325546265, -0.39229273796081543, -0.7777754664421082, 1.5991568565368652, -0.8716863393783569, 0.45018669962882996, 0.7247567176818848, 1.4370452165603638, -2.503390073776245, 0.09061144292354584, -1.4852184057235718, -1.0941237211227417, 2.1980440616607666, 1.1520246267318726, 0.36726123094558716, -0.5118226408958435, 0.4607967734336853, 0.39468303322792053, 1.505568265914917, -0.008227311074733734, -0.8145458698272705, 0.04801429808139801, 0.5801745653152466, -0.8098171353340149, 0.0580667108297348, -0.14933963119983673, -1.7224313020706177, -2.0117578506469727, 0.16687223315238953, -0.422125905752182, -1.4783689975738525, 1.0728027820587158, -1.602856993675232, -1.5423614978790283, -1.3075597286224365, 1.89666748046875, -0.02979343757033348, -1.2436466217041016, 2.3338189125061035, 1.5403045415878296, 0.3763425052165985, 0.6217856407165527, -1.6303526163101196, -0.0905369445681572, -0.5221548676490784, 0.7571427226066589, 0.6909098029136658, 2.207942485809326, 0.24266214668750763, 1.4507920742034912, 1.5132815837860107, -0.22307410836219788, 0.19499966502189636, -0.14171408116817474, -1.1344819068908691, 0.3929460048675537, 0.5288359522819519, 0.25206458568573, 1.0836609601974487, -0.6502649188041687, 0.805435061454773, -0.27439993619918823, 1.786672830581665, 1.090050220489502, -1.388204574584961, -1.2289503812789917, -0.7538410425186157, -0.07110217213630676, -0.49476730823516846, 1.2193074226379395, -1.3868038654327393, -0.1667354255914688, 0.14510807394981384, 1.31161630153656, -0.4482899010181427, 1.7250498533248901, -0.9323047399520874, -0.23884299397468567, -0.3731541633605957]",yunet,Facenet,1920,1080,/home/amos/media/tv/modern_family/Modern.Family.S09.1080p.DSNP.WEB-DL.DDP5.1.H.264-CRFW/Modern.Family.S09E21.The.Escape.1080p.DSNP.WEB-DL.DDP5.1.H.264-CRFW.mkv,Modern Family,2009,1442437,9,21,Mary Louise Wilson,115767.0,0.727
242,918,186,1164,510,1104,312,996,318,0.92,5328,0,"[0.12160412967205048, -0.4249836206436157, -0.702168881893158, 0.8880836963653564, 2.6828770637512207, -0.8786328434944153, 1.3364359140396118, -0.045516904443502426, 0.9403544068336487, 1.0900806188583374, -1.0853420495986938, -0.377972275018692, -0.7158330082893372, 1.0522404909133911, 0.5630429983139038, 0.6231997013092041, -1.0213606357574463, -0.6989864110946655, -0.882799506187439, -0.23231860995292664, -0.47392359375953674, 0.9622446298599243, 0.059881314635276794, 2.1335766315460205, 2.018010139465332, 1.4324188232421875, 1.4685146808624268, 0.048995837569236755, 1.112485647201538, -0.23546114563941956, 1.1344484090805054, 0.6139363646507263, -1.711602807044983, 1.460236668586731, -1.6310374736785889, -1.1319705247879028, 0.9375368356704712, -2.3092854022979736, -0.0820525735616684, -1.0912020206451416, -0.38943395018577576, -0.47913429141044617, 0.2580201029777527, 0.09564873576164246, -0.19719484448432922, 0.3189176917076111, -0.7300631999969482, -1.7810585498809814, -0.4336874485015869, 1.6524378061294556, -0.8313955664634705, -0.5027903914451599, -1.1056365966796875, 0.24176760017871857, -0.9622741937637329, -1.1853446960449219, 0.5819740295410156, -1.314652442932129, 0.8418653607368469, 0.9262995719909668, -0.576765239238739, 0.1733330935239792, 0.8642297983169556, 0.2970709502696991, -0.8322846293449402, 0.5093109011650085, -1.0077909231185913, 0.5779679417610168, -0.33452656865119934, -0.4870554208755493, -0.28182142972946167, -0.24126166105270386, 1.848153829574585, 0.5244235396385193, 0.7250298857688904, -0.20796900987625122, 1.2707902193069458, 0.5778277516365051, 0.2617199718952179, 1.0692217350006104, -2.9233486652374268, 1.8232216835021973, -0.34674423933029175, -1.0387951135635376, -0.9385697841644287, 0.41410014033317566, -0.31908589601516724, 0.05894602835178375, 1.6891459226608276, 1.2149193286895752, 0.9422028660774231, -0.10540362447500229, -1.2540688514709473, -1.22174870967865, 1.7221769094467163, -0.8722617626190186, -0.8668392896652222, 0.5669375658035278, 0.07412119209766388, -0.4869147539138794, 0.06325321644544601, 0.4383220374584198, -0.1024818867444992, -1.3937543630599976, 1.104026436805725, -0.5222818851470947, 0.048578470945358276, 0.022390425205230713, -0.43787840008735657, -0.8869120478630066, 0.4491318464279175, -0.16254904866218567, 1.5397531986236572, -1.199882984161377, 2.4603190422058105, 0.6245319843292236, 0.58360755443573, 0.8853795528411865, 0.18565034866333008, 0.7508339285850525, 0.9996405243873596, -0.012626295909285545, 0.6253023147583008, 0.057874053716659546, -0.7670902609825134, -1.1773324012756348, 0.8462040424346924, 0.2110612988471985]",yunet,Facenet,1920,1080,/home/amos/media/tv/modern_family/Modern.Family.S09.1080p.DSNP.WEB-DL.DDP5.1.H.264-CRFW/Modern.Family.S09E21.The.Escape.1080p.DSNP.WEB-DL.DDP5.1.H.264-CRFW.mkv,Modern Family,2009,1442437,9,21,Eric Stonestreet,156962.0,0.734
243,492,216,720,522,690,336,594,336,0.905,5328,1,"[-1.2983953952789307, -1.8284248113632202, -0.8473250865936279, 0.6745424866676331, 1.2629536390304565, -0.3812425136566162, 0.6868326663970947, -0.015905365347862244, 3.6204304695129395, -0.8266419768333435, 0.8167931437492371, -2.1308634281158447, -0.17073345184326172, -0.5120409727096558, -1.6266745328903198, -0.08495891094207764, -0.22775283455848694, -0.21910543739795685, -1.3251415491104126, 0.22729375958442688, 0.7198096513748169, 0.655551016330719, 1.4372793436050415, -0.40935084223747253, 0.09248867630958557, 1.3134015798568726, 1.298514723777771, -2.686976909637451, 0.8231396675109863, -0.49224919080734253, -0.9652323722839355, 0.296502947807312, -0.9623394012451172, -0.20702460408210754, 1.0771783590316772, 1.5268245935440063, 0.10964076966047287, 0.30125683546066284, -0.4133719205856323, -1.3876875638961792, 0.07276846468448639, 0.8101471662521362, -0.25671011209487915, -0.4537573754787445, 0.2442329078912735, -0.3463909327983856, -0.5230905413627625, -0.1444169133901596, -1.4354842901229858, 1.6670516729354858, -0.8202706575393677, 0.14158865809440613, -1.4238183498382568, 0.26220250129699707, -1.0411427021026611, -1.6955498456954956, 1.455161213874817, 0.9396551847457886, -1.889214038848877, -1.9885056018829346, -0.5524460673332214, 0.0825120061635971, -0.7192676663398743, 1.0774785280227661, -0.6149905323982239, 2.100060224533081, 0.22164882719516754, 1.0930112600326538, 0.7442024350166321, -2.0838968753814697, 0.22556760907173157, -0.8022819757461548, -1.940592646598816, -0.4945029020309448, 0.5366488695144653, -0.14019335806369781, -1.3383365869522095, -0.6648306250572205, -1.0957059860229492, -1.7150192260742188, -0.9912201762199402, 0.594548225402832, 0.36550596356391907, -0.8076428771018982, -0.44406458735466003, 0.030375346541404724, 0.5113857984542847, 1.37546706199646, -1.0132957696914673, -0.478759229183197, -0.06072705239057541, 0.0033312980085611343, 1.3299168348312378, 1.1739877462387085, -0.9449340105056763, 2.6577906608581543, -1.7082451581954956, 0.9420995712280273, -1.3981332778930664, -0.4206660985946655, -0.14645616710186005, 0.07382061332464218, 0.08134664595127106, -1.8630229234695435, 0.025440216064453125, 0.48248106241226196, 0.37047454714775085, 0.021352309733629227, 0.4198300242424011, -0.9085350632667542, 1.0173819065093994, -0.4697142243385315, 2.0019896030426025, -0.11160352826118469, -0.5210729241371155, 1.7186545133590698, -0.4063444137573242, -1.174307107925415, -0.8614261150360107, 0.7611998915672302, -0.7460203766822815, 0.2152470350265503, 0.4185839891433716, -1.5426887273788452, 0.7359764575958252, -0.471160888671875, 0.3268268406391144, -0.26104307174682617]",yunet,Facenet,1920,1080,/home/amos/media/tv/modern_family/Modern.Family.S09.1080p.DSNP.WEB-DL.DDP5.1.H.264-CRFW/Modern.Family.S09E21.The.Escape.1080p.DSNP.WEB-DL.DDP5.1.H.264-CRFW.mkv,Modern Family,2009,1442437,9,21,Jesse Tyler Ferguson,204815.0,0.824
244,870,150,1122,492,1038,294,918,294,0.924,5352,0,"[0.998611569404602, -0.32283973693847656, -0.40265530347824097, 0.40215152502059937, 2.5123791694641113, -0.3485547602176666, 1.4769054651260376, -0.38809844851493835, 0.6798728108406067, 0.8622167110443115, -1.2212622165679932, -0.360808402299881, -0.23740217089653015, 0.6219851970672607, 0.46130532026290894, 0.40455126762390137, -1.1880383491516113, -1.86583411693573, -0.9624133110046387, -0.3781777024269104, -0.5685542225837708, 1.2865180969238281, -0.2622617185115814, 1.4504263401031494, 1.976006269454956, 1.1770224571228027, 1.4952970743179321, 0.33581066131591797, 1.2031720876693726, -0.3271951377391815, 0.9428986310958862, 0.8532023429870605, -2.0043106079101562, 1.5354770421981812, -1.9394488334655762, -1.518978238105774, 0.7015442848205566, -1.8159799575805664, 0.4372309446334839, -0.9877595901489258, -0.6097925305366516, -0.3678433895111084, -0.37386611104011536, -0.06860964000225067, -0.5963141322135925, -0.15630939602851868, -1.0417454242706299, -1.1395398378372192, -0.16102781891822815, 1.3751230239868164, -0.9172970056533813, -0.41444724798202515, -1.1879725456237793, 0.5755489468574524, -0.5801000595092773, -1.9134016036987305, 0.538370668888092, -1.522446870803833, 0.17673251032829285, 0.6186631321907043, -1.4601209163665771, -0.7814672589302063, 0.9144821166992188, -0.1172381043434143, -1.3614516258239746, 0.5854988098144531, -1.2831592559814453, 0.5295182466506958, -0.8710132241249084, -0.6628462076187134, -0.8031007051467896, -0.23260687291622162, 1.2326626777648926, 0.14954182505607605, 0.5871724486351013, 0.3824981451034546, 0.4409702718257904, 0.9312690496444702, 0.63263338804245, 1.2942054271697998, -2.5713019371032715, 1.7559722661972046, -0.4998045563697815, -0.9708865880966187, -0.8555899262428284, 0.32350295782089233, -0.37884655594825745, -0.11360114812850952, 1.547037959098816, 0.9871849417686462, 1.4540106058120728, -0.6117942929267883, -0.8930152058601379, -1.777066946029663, 2.3474581241607666, -0.2624674439430237, -1.2282878160476685, 0.5493932366371155, 0.27651679515838623, -1.196988821029663, 0.5357803702354431, 0.01760105788707733, -0.7309996485710144, -1.1016247272491455, 0.5516681671142578, 0.1677292287349701, -0.15637914836406708, -0.4437333643436432, -0.3771890699863434, -0.9860546588897705, 0.3064510226249695, -0.5828841328620911, 1.0900728702545166, -1.7753217220306396, 2.625504970550537, 0.8278768062591553, -0.39414167404174805, 0.42965081334114075, 0.13026666641235352, 0.5626590251922607, 0.8460072875022888, -0.10197588056325912, 0.745866596698761, 0.10970045626163483, -0.37820345163345337, -0.9427153468132019, 0.6439107060432434, 0.39237669110298157]",yunet,Facenet,1920,1080,/home/amos/media/tv/modern_family/Modern.Family.S09.1080p.DSNP.WEB-DL.DDP5.1.H.264-CRFW/Modern.Family.S09E21.The.Escape.1080p.DSNP.WEB-DL.DDP5.1.H.264-CRFW.mkv,Modern Family,2009,1442437,9,21,Eric Stonestreet,156962.0,0.757
245,462,210,690,528,654,336,552,342,0.907,5352,1,"[-1.8362535238265991, -0.7886524200439453, -0.8819249868392944, 0.5692633986473083, 1.2639116048812866, -0.744202196598053, 0.6948419809341431, 0.3255196809768677, 3.2928876876831055, -0.6638713479042053, 1.1870144605636597, -1.680540919303894, -0.31437432765960693, -0.8235719203948975, -1.0810880661010742, 0.30118733644485474, -0.6221519708633423, -0.43578094244003296, -1.6570289134979248, -0.3578070104122162, 0.6191034317016602, 1.1337087154388428, 0.3536987006664276, 0.1211015060544014, -0.39125531911849976, 1.1412221193313599, 1.5496020317077637, -2.1679158210754395, 1.4956883192062378, -0.19019345939159393, -1.2954461574554443, 0.276396781206131, -0.8240416646003723, -0.3095267117023468, 1.7803043127059937, 0.8403717279434204, 0.08671020716428757, -1.389829397201538, -0.6606852412223816, -1.9702532291412354, -0.5930420160293579, -0.03141968697309494, -0.9445098638534546, -0.31593257188796997, 0.29605457186698914, -0.6260667443275452, -0.2643279433250427, -0.30131199955940247, -1.5366414785385132, 1.1530213356018066, -0.263038694858551, 0.7186076045036316, -1.733044147491455, 0.7552531957626343, -1.1932010650634766, -1.0373903512954712, 0.9989051818847656, -0.016285372897982597, -1.2432667016983032, -2.018948554992676, -0.978522002696991, 0.026852890849113464, 0.4898023009300232, 0.6716265678405762, -0.14344492554664612, 2.5893235206604004, 0.10603591799736023, 1.6090021133422852, 0.3664502501487732, -2.3918774127960205, 0.036833520978689194, -1.0689929723739624, -1.429621934890747, -0.11498609930276871, 0.03146238252520561, 0.04933379963040352, -0.7914606332778931, -0.2934211194515228, -1.0702155828475952, -1.9619064331054688, -1.2730085849761963, 0.7306344509124756, -1.1840046644210815, -0.3654212951660156, 0.16152451932430267, -1.3233425617218018, 0.01854432001709938, 0.7744742631912231, -1.0038957595825195, -0.41913607716560364, -0.1943822205066681, 0.2718711197376251, 1.6549761295318604, 0.7049793601036072, -1.4453771114349365, 2.5585763454437256, -0.770114004611969, 1.1728286743164062, -0.7497464418411255, -0.5423650741577148, -0.860599935054779, -0.27451205253601074, 0.8928428888320923, -0.8180861473083496, 0.3587360382080078, 1.379093885421753, -0.20992977917194366, 0.5412075519561768, 0.09262742102146149, -0.16727513074874878, 1.6497068405151367, -0.815704345703125, 2.2987146377563477, -0.5088290572166443, 0.16658484935760498, 2.1252686977386475, 0.2682721018791199, -1.125004529953003, -0.7573184967041016, 1.1690336465835571, -1.0029513835906982, 0.35167592763900757, 0.513526976108551, -0.6791362166404724, 0.9917711019515991, 0.24685609340667725, -0.19484925270080566, -0.4802846312522888]",yunet,Facenet,1920,1080,/home/amos/media/tv/modern_family/Modern.Family.S09.1080p.DSNP.WEB-DL.DDP5.1.H.264-CRFW/Modern.Family.S09E21.The.Escape.1080p.DSNP.WEB-DL.DDP5.1.H.264-CRFW.mkv,Modern Family,2009,1442437,9,21,Jesse Tyler Ferguson,204815.0,0.848
246,900,192,1128,504,1026,312,930,306,0.928,5376,0,"[1.1914557218551636, -0.506101131439209, -0.03043064847588539, 0.0396750345826149, 3.265223741531372, -0.32772400975227356, 1.789753794670105, -0.9697250127792358, 1.1543480157852173, 0.8810169696807861, -1.3057348728179932, -0.9185625314712524, -0.29437878727912903, 0.8563166856765747, 0.35230234265327454, 1.0069522857666016, -0.8791710138320923, -1.9593713283538818, -0.4699224829673767, -0.8301182985305786, -0.6839557886123657, 1.7758522033691406, 0.056994952261447906, 1.0160009860992432, 1.4769127368927002, 0.9524185061454773, 2.2066493034362793, -0.4604954719543457, 0.5776344537734985, -0.11347876489162445, 1.100300908088684, 0.4983355700969696, -1.0581672191619873, 1.0481692552566528, -1.5804615020751953, -0.5159395933151245, 0.6982445120811462, -1.195419192314148, 0.7601956725120544, -0.9460854530334473, -0.3490707278251648, -0.8241598606109619, -0.8456016778945923, -0.663972795009613, -0.4616817831993103, -0.3239091634750366, -1.8547077178955078, -1.2791191339492798, -0.03322469815611839, 1.559816837310791, -1.2000375986099243, -0.3496008813381195, -1.003612995147705, 0.2136702984571457, -0.1610567718744278, -2.2836413383483887, 0.6807657480239868, -1.3553788661956787, -0.06044332683086395, 0.050229184329509735, -1.5940628051757812, -0.9111418128013611, 0.36244997382164, 0.15240252017974854, -1.4603525400161743, 0.3303202986717224, -0.5896464586257935, 0.19470083713531494, -0.97944176197052, 0.040246106684207916, -0.7147768139839172, -0.33620011806488037, 1.1230294704437256, -0.41428691148757935, 0.6053391695022583, 0.33795130252838135, -0.20477011799812317, 0.5858968496322632, 0.6679657101631165, 0.7195481061935425, -2.426697015762329, 2.445338487625122, 0.2161717712879181, -1.0111500024795532, -0.7518490552902222, 0.6302878856658936, -0.20604047179222107, 0.34438347816467285, 1.3655855655670166, 0.7934425473213196, 1.0759154558181763, 0.2619055211544037, -0.520412266254425, -1.5044909715652466, 2.2278220653533936, -0.5478839874267578, -2.0171828269958496, 0.846489667892456, 0.0025822222232818604, -0.6646779179573059, 0.5763959884643555, 0.2806961238384247, -1.4547021389007568, -1.8173110485076904, 0.9624648690223694, 0.08911815285682678, 0.10995553433895111, 0.1967039853334427, -0.3685210943222046, -1.3630121946334839, -0.45803314447402954, -0.14526274800300598, 0.9893420934677124, -1.4213688373565674, 1.919558048248291, 0.7920039892196655, 0.09349174797534943, 0.16189497709274292, -0.1651630997657776, 0.7753139138221741, 0.8923467397689819, -0.145554319024086, 0.9695478677749634, -0.556458592414856, 0.4770714044570923, -1.1306514739990234, 0.8591894507408142, 0.49149832129478455]",yunet,Facenet,1920,1080,/home/amos/media/tv/modern_family/Modern.Family.S09.1080p.DSNP.WEB-DL.DDP5.1.H.264-CRFW/Modern.Family.S09E21.The.Escape.1080p.DSNP.WEB-DL.DDP5.1.H.264-CRFW.mkv,Modern Family,2009,1442437,9,21,Eric Stonestreet,156962.0,0.749
247,474,210,714,528,654,330,546,336,0.92,5376,1,"[-1.4227992296218872, -2.1213393211364746, -0.9815011024475098, 1.0646225214004517, 0.7827747464179993, -0.23474931716918945, 0.2481955736875534, 0.5849911570549011, 3.0981063842773438, -0.31411802768707275, 0.6504281759262085, -1.7229903936386108, -0.7909267544746399, -0.009677879512310028, -1.9227330684661865, 0.010705605149269104, 0.9544316530227661, -0.8322100043296814, -1.3885948657989502, -0.5012171268463135, 0.6563606262207031, 0.34472882747650146, 1.6084405183792114, 0.11822204291820526, 0.6234163045883179, 0.7986845970153809, 1.3452293872833252, -2.330068588256836, 2.3168110847473145, -0.531786322593689, -0.8094873428344727, 0.25583934783935547, -0.19824473559856415, -0.46830201148986816, 1.6936817169189453, 1.1970024108886719, -0.20844238996505737, 0.7480575442314148, -1.3219883441925049, -1.3845311403274536, -0.768164336681366, 1.1047950983047485, -1.0636075735092163, -0.3738032877445221, -0.18015211820602417, -0.6485374569892883, -0.3580605387687683, -0.03728064149618149, -1.1998958587646484, 1.3664767742156982, -0.0448310524225235, 0.07446702569723129, -0.9810377359390259, -0.10544154047966003, -0.4573401212692261, -0.7362236380577087, 1.312878131866455, 0.4451925456523895, -1.4313013553619385, -1.5947517156600952, -1.0052011013031006, 0.1943981796503067, -0.34504038095474243, 0.7615267038345337, -0.5757419466972351, 2.544354200363159, 0.17842033505439758, 2.5883727073669434, 1.0575921535491943, -1.9517742395401, -0.25461235642433167, -0.5374069809913635, -1.8986073732376099, -0.2551776170730591, 0.6795287728309631, 0.5185837745666504, -0.9201755523681641, -0.6651788949966431, -1.1495312452316284, -2.0094656944274902, -1.3892396688461304, 1.0220236778259277, -0.5032210350036621, -1.2641407251358032, -0.45435723662376404, -0.1251804679632187, 0.46913647651672363, 0.612355649471283, -1.0719950199127197, 0.20850086212158203, 0.23215624690055847, 0.5348334312438965, 1.3309450149536133, 0.9602998495101929, -1.0930134057998657, 2.9339566230773926, -1.1010886430740356, 1.4521585702896118, -0.7645609974861145, -0.00767134502530098, -0.6326158046722412, 0.09977426379919052, 0.29679399728775024, -1.467281460762024, 0.7030384540557861, 0.27771705389022827, 0.0727318674325943, 0.14427319169044495, 0.6762416958808899, -1.2357089519500732, 0.6665530800819397, -0.2502634525299072, 1.803690791130066, -0.6582345366477966, -0.697624683380127, 1.538287878036499, -0.011152570135891438, -1.093013882637024, -0.5216346383094788, 0.4501892030239105, -0.2185460478067398, -0.20635001361370087, -0.20560406148433685, -1.3168542385101318, 1.4657907485961914, 0.08842644840478897, -0.18509884178638458, -0.5942803621292114]",yunet,Facenet,1920,1080,/home/amos/media/tv/modern_family/Modern.Family.S09.1080p.DSNP.WEB-DL.DDP5.1.H.264-CRFW/Modern.Family.S09E21.The.Escape.1080p.DSNP.WEB-DL.DDP5.1.H.264-CRFW.mkv,Modern Family,2009,1442437,9,21,Jesse Tyler Ferguson,204815.0,0.851
248,1068,102,1296,414,1182,222,1092,216,0.91,5400,0,"[0.24533583223819733, -0.828454852104187, -1.2066129446029663, -1.3501118421554565, 1.3970168828964233, 0.520257830619812, 0.2694361209869385, 0.4913977384567261, -0.28705325722694397, 0.9505124688148499, 0.22609370946884155, -1.132563829421997, -0.1398586928844452, -0.9868249893188477, 0.1921536922454834, 0.8477640748023987, -1.8947757482528687, -1.358965277671814, 0.14075088500976562, -0.5562481880187988, -0.9607861042022705, 1.6492249965667725, 0.13017058372497559, 1.6267658472061157, 0.785664975643158, 1.4543288946151733, 0.9263585805892944, 1.0888804197311401, -0.07226228713989258, -0.12384390830993652, 0.5732574462890625, 0.7058809995651245, -0.0356592983007431, 1.0037332773208618, -1.2811503410339355, 0.9569879770278931, 0.6655292510986328, -1.7672948837280273, 0.5748056173324585, -2.04612398147583, -0.28791144490242004, -0.5541093349456787, -1.332865595817566, -0.7631829977035522, 0.7092946171760559, -0.49310240149497986, -0.573081374168396, 0.20928844809532166, -0.24583488702774048, 0.5790164470672607, -0.5008364319801331, -0.3220365643501282, -1.0749694108963013, 1.341473937034607, -1.5003355741500854, 0.1577286422252655, -0.9252549409866333, -1.1124807596206665, -1.3786585330963135, 0.5548952221870422, -0.6814417839050293, -0.1319284439086914, 0.3503026068210602, 0.9333051443099976, 0.2140728235244751, -0.13135822117328644, -0.7658278346061707, -0.17157649993896484, 0.7347951531410217, -0.23576213419437408, 0.6534488201141357, 0.2634753882884979, -0.25197792053222656, 0.7075182795524597, 0.9736658930778503, -0.5805484652519226, -0.9762469530105591, 0.6093758940696716, 1.6112335920333862, 2.036046028137207, -1.8501039743423462, 0.7858365774154663, 0.3360425531864166, -0.10781481117010117, 0.4448007345199585, -0.1126081645488739, 0.4171909987926483, 1.1920197010040283, 2.0026094913482666, -0.3983165919780731, 0.5011182427406311, -0.27926862239837646, -0.5960140824317932, 0.8163817524909973, 2.488359212875366, 0.28013965487480164, -1.736326813697815, -0.4533868134021759, -0.32506445050239563, -0.34865668416023254, 1.3727771043777466, 0.12719622254371643, -0.433102011680603, -0.7625670433044434, -0.8838249444961548, 0.39398664236068726, 0.1476147621870041, -1.1621829271316528, 0.0778459906578064, -1.1472277641296387, -0.302618145942688, -0.8797807693481445, -0.12169066071510315, -0.23200270533561707, 2.1307473182678223, 1.4714938402175903, 0.6029022932052612, 0.22626766562461853, -0.8703321814537048, 0.9599141478538513, 0.34553778171539307, 1.1231639385223389, 1.358638882637024, 0.6629646420478821, -0.5619410872459412, -0.7980331778526306, 1.3774967193603516, 0.17095693945884705]",yunet,Facenet,1920,1080,/home/amos/media/tv/modern_family/Modern.Family.S09.1080p.DSNP.WEB-DL.DDP5.1.H.264-CRFW/Modern.Family.S09E21.The.Escape.1080p.DSNP.WEB-DL.DDP5.1.H.264-CRFW.mkv,Modern Family,2009,1442437,9,21,,,
249,738,204,864,372,834,276,780,276,0.92,5424,0,"[1.2622106075286865, -0.13395103812217712, -0.5645176768302917, 0.5690203309059143, 1.4169836044311523, -1.7348350286483765, -0.5847371220588684, 1.380957007408142, -0.4142298102378845, 0.8992838263511658, -2.1696643829345703, 1.7058132886886597, 1.4378306865692139, -0.40603601932525635, 1.8096730709075928, -2.6233444213867188, 0.13616755604743958, -1.3830819129943848, 0.07597760856151581, -0.9397783279418945, -1.004784107208252, -1.237282395362854, -1.1134032011032104, 0.8210241198539734, -0.6930713653564453, -3.126983880996704, -0.5313754081726074, 2.867105484008789, -1.0752092599868774, -1.5194729566574097, -0.5840235948562622, 0.007174253463745117, -1.5383299589157104, 0.002052903175354004, -0.07202006876468658, -2.015611171722412, -1.0494712591171265, -1.805268406867981, -0.5504077076911926, -0.2198193371295929, -1.1968997716903687, 1.1113039255142212, 0.19048531353473663, -0.2431328296661377, 0.18446333706378937, -0.9906537532806396, -0.012713110074400902, 1.2819480895996094, 0.4366435408592224, -0.354746550321579, -0.5318016409873962, 0.3515423834323883, -1.3506824970245361, -0.5174813270568848, 0.6319876313209534, -0.49065643548965454, 0.06513082981109619, -0.8200860023498535, -0.2735426425933838, -0.05445351079106331, -0.651531457901001, 0.008802592754364014, 0.8001266717910767, -0.561927855014801, -1.1426587104797363, 0.9551715850830078, -1.3652808666229248, 0.10404878854751587, -0.563379168510437, -1.3267282247543335, -0.9748317003250122, -0.5455322265625, 0.7052870988845825, 1.0626248121261597, -0.7817520499229431, 0.4453122019767761, -0.01844704896211624, 0.05289145186543465, 0.25748515129089355, -0.4479631781578064, 0.4154243767261505, 1.0444782972335815, -1.0440948009490967, -0.8470240831375122, -0.3708883225917816, -2.404897451400757, 0.8836795687675476, -1.4919474124908447, 0.0506315678358078, 1.8624420166015625, -0.4630375802516937, 0.48961910605430603, -1.5319387912750244, 0.36428284645080566, 0.8083470463752747, -0.5405383110046387, -0.20341770350933075, 0.4255111515522003, 0.8547009229660034, 1.6610510349273682, -0.11666484922170639, -0.18485325574874878, -0.10527028143405914, -0.4226588010787964, 1.1440155506134033, -0.02368476614356041, 0.11932779848575592, -0.6016308069229126, -0.3790096342563629, -0.7003447413444519, 0.7088738679885864, -0.7711408138275146, -1.4391826391220093, -0.7197155356407166, 0.14369770884513855, 1.5710245370864868, -0.08300001919269562, 0.5378365516662598, 0.19879066944122314, 0.5484136343002319, -1.1848797798156738, 0.37397363781929016, -1.7210639715194702, 1.0191426277160645, 0.10379103571176529, 0.7800860404968262, -1.300580382347107, -2.0572304725646973]",yunet,Facenet,1920,1080,/home/amos/media/tv/modern_family/Modern.Family.S09.1080p.DSNP.WEB-DL.DDP5.1.H.264-CRFW/Modern.Family.S09E21.The.Escape.1080p.DSNP.WEB-DL.DDP5.1.H.264-CRFW.mkv,Modern Family,2009,1442437,9,21,Lawrence Pressman,6564.0,0.672
250,1122,114,1260,306,1194,204,1134,204,0.914,5424,1,"[1.5627175569534302, 1.0109277963638306, -0.22905108332633972, 0.7668336033821106, 0.5117955803871155, -0.5320494771003723, -0.6126577258110046, -0.6825493574142456, 0.2538761794567108, 0.25540998578071594, 0.6939742565155029, 1.0215109586715698, 1.6614328622817993, -1.4904613494873047, -0.6094319820404053, -0.683343768119812, -0.4587689936161041, -0.25593698024749756, -0.8120303750038147, 2.2029998302459717, -0.6586015224456787, 1.8284962177276611, 0.26166895031929016, 0.747062087059021, 0.03945070505142212, 0.9240698218345642, -2.6320853233337402, 2.444459915161133, 0.2471037358045578, -1.5991027355194092, 0.4320053160190582, -1.3618582487106323, -1.5295217037200928, -0.24996700882911682, 1.2470623254776, 0.7673585414886475, 0.08997782319784164, -0.4569474458694458, 1.1378426551818848, 0.7861751317977905, 0.3448893129825592, 1.1704394817352295, -0.7319293022155762, -0.2819209694862366, 0.12442632019519806, -0.12206807732582092, 0.5112972259521484, 0.12093903124332428, -0.0874166339635849, -0.5210946798324585, 0.09315639734268188, -1.0717568397521973, -1.1553844213485718, -1.0956732034683228, -0.6459429860115051, 0.06670650839805603, 1.8502007722854614, 0.5430843234062195, -0.0818423330783844, -0.8120492100715637, 1.751917839050293, -0.7710132002830505, -0.38092297315597534, -1.6528058052062988, -1.0808048248291016, 1.2704558372497559, 0.741805911064148, 0.31282275915145874, 0.5780918002128601, 0.0651247501373291, -0.08981435745954514, 0.46615877747535706, -0.8330588936805725, 0.021313779056072235, 0.4097299873828888, 0.014299385249614716, 0.8454400300979614, 1.3887717723846436, 0.28706640005111694, 1.021436333656311, -0.17828842997550964, -2.0487918853759766, 1.327222466468811, -0.126007542014122, -1.0140460729599, -0.12303287535905838, 0.1810227483510971, 0.35912972688674927, 1.5314769744873047, -0.711633026599884, 0.7400078177452087, -1.7434980869293213, -0.9866390228271484, 0.042232587933540344, 1.579180359840393, -1.6614301204681396, 0.6225539445877075, -1.0384211540222168, -0.17905111610889435, -0.9088989496231079, 0.6904948353767395, 1.8944461345672607, -1.7364118099212646, -0.85601806640625, -0.3394662141799927, 1.6813242435455322, 2.187793731689453, -2.0311598777770996, 0.5010010004043579, 0.6253842711448669, 0.5524622797966003, 2.002673387527466, -0.013044126331806183, -0.5050587058067322, 1.3128948211669922, 1.9965355396270752, -1.3972049951553345, -0.966976523399353, 0.48252010345458984, -0.5015518069267273, -0.9928568601608276, 1.4214609861373901, 0.5401805639266968, -1.7308193445205688, 1.746114730834961, -1.9904767274856567, 0.24219076335430145, -0.7612012028694153]",yunet,Facenet,1920,1080,/home/amos/media/tv/modern_family/Modern.Family.S09.1080p.DSNP.WEB-DL.DDP5.1.H.264-CRFW/Modern.Family.S09E21.The.Escape.1080p.DSNP.WEB-DL.DDP5.1.H.264-CRFW.mkv,Modern Family,2009,1442437,9,21,Ty Burrell,15232.0,0.619
251,450,102,606,306,570,186,498,186,0.906,5448,0,"[0.965469241142273, -0.12846940755844116, -0.1460765153169632, 0.8080958127975464, 1.4752503633499146, -0.15179386734962463, 2.242459774017334, -0.7174286842346191, 0.5551819205284119, 0.9750040769577026, -0.8515041470527649, -1.6236404180526733, -0.2824684977531433, 1.1780349016189575, 0.20699214935302734, 0.39644861221313477, -1.3410760164260864, -1.9830901622772217, -1.0325489044189453, -0.8463444709777832, -0.5489225387573242, 1.917656421661377, -0.3057161271572113, 1.1821290254592896, 1.5627388954162598, 1.3396896123886108, 1.6104656457901, -0.435261070728302, 0.5935417413711548, -0.6286875009536743, 0.6194546222686768, 0.8743398785591125, -2.2758705615997314, 2.232750415802002, -0.553818941116333, -0.3719308078289032, 0.1705302596092224, -1.4907437562942505, 0.8382792472839355, -0.7839409112930298, 0.019203517585992813, -0.4680100977420807, -0.18446430563926697, -1.204897403717041, -0.5739365220069885, 0.057930413633584976, -0.6444224715232849, -1.1502397060394287, -0.44793808460235596, 1.1421922445297241, -1.1867051124572754, -0.06835891306400299, -1.141905665397644, 0.06365485489368439, -0.5246527194976807, -1.6806758642196655, 0.9885677099227905, -0.7988777756690979, -0.301504909992218, -0.7850752472877502, -1.7001856565475464, -0.606116771697998, 0.06444858759641647, 0.372913122177124, -0.7796485424041748, 0.29094812273979187, -0.6160280108451843, 0.6460062265396118, -0.8171789050102234, -0.48031488060951233, 0.37507691979408264, -0.5556191205978394, 1.4403470754623413, 0.02612176537513733, 0.5201225280761719, 0.7224956154823303, 0.02615860104560852, 0.7960678935050964, 0.17379257082939148, 1.0134334564208984, -1.2664785385131836, 1.7519488334655762, 0.030466482043266296, -1.4094194173812866, 0.0744880959391594, 0.22751346230506897, -0.21438081562519073, 1.1826740503311157, 0.9203330278396606, 0.9128037691116333, 0.9133046269416809, 0.016584688797593117, 0.18457257747650146, -0.5515966415405273, 2.179281234741211, 0.16539347171783447, -1.3758147954940796, 1.9376811981201172, 0.9912557005882263, -0.39868974685668945, -0.022910788655281067, -0.1324463039636612, -1.169169306755066, -1.2643077373504639, 0.4884338974952698, 0.20970793068408966, 0.7875428795814514, 1.2557077407836914, -0.7470958232879639, -1.7744163274765015, 0.3332631587982178, -0.07342317700386047, 1.2113103866577148, -1.4664862155914307, 1.7605271339416504, 1.088891863822937, 0.8867584466934204, 0.32592135667800903, 0.28860148787498474, 1.0534043312072754, 0.9094712138175964, -0.09440453350543976, 0.5941141247749329, -0.5559043884277344, 0.07490557432174683, -0.4259767532348633, 0.1841258853673935, 0.572775661945343]",yunet,Facenet,1920,1080,/home/amos/media/tv/modern_family/Modern.Family.S09.1080p.DSNP.WEB-DL.DDP5.1.H.264-CRFW/Modern.Family.S09E21.The.Escape.1080p.DSNP.WEB-DL.DDP5.1.H.264-CRFW.mkv,Modern Family,2009,1442437,9,21,Eric Stonestreet,156962.0,0.593
252,288,78,438,264,402,150,330,150,0.922,5472,0,"[1.0311388969421387, -0.038951192051172256, -0.016222475096583366, 1.0112755298614502, 2.5733931064605713, -0.16673322021961212, 1.7984222173690796, -0.07970006763935089, 1.3384318351745605, 0.6217097640037537, -0.9180600047111511, -0.33447128534317017, -0.2532758116722107, 0.8868736028671265, 0.022280722856521606, 0.39026808738708496, -0.7989587783813477, -1.8535730838775635, -1.019077181816101, -0.5774831771850586, -0.39283159375190735, 1.4418609142303467, -0.41349947452545166, 0.8462969660758972, 2.076179265975952, 0.538581132888794, 2.0359551906585693, 0.1926194727420807, 0.3628004193305969, -0.7345622181892395, 0.3827614486217499, 0.6311476826667786, -1.9105528593063354, 1.1982159614562988, -1.5102397203445435, -0.5616132020950317, 0.15134716033935547, -2.4189000129699707, -0.3144054114818573, -1.1247942447662354, -0.4065283536911011, -0.31902074813842773, -0.46308401226997375, -0.04803705960512161, -0.591686487197876, -0.16414494812488556, -0.9822112321853638, -1.4298657178878784, -0.6125611066818237, 1.6541463136672974, -0.797623336315155, -0.25699955224990845, -1.0643564462661743, -0.02436259388923645, 0.0704767107963562, -1.8004143238067627, 0.7965317964553833, -1.4512959718704224, 0.24990129470825195, -0.3770884871482849, -1.6041712760925293, -0.613464891910553, 1.4909648895263672, -0.22850793600082397, -0.7981813549995422, 0.32318300008773804, -1.536969542503357, 0.7321237325668335, -1.5583010911941528, -0.551261305809021, -0.5171365737915039, -0.42265814542770386, 0.9722927808761597, -0.013473160564899445, 0.5279098153114319, 0.5674527883529663, 0.3656657934188843, 1.2837799787521362, 0.5758397579193115, 1.2485771179199219, -2.057626485824585, 2.0079002380371094, -0.19177106022834778, -1.2282308340072632, -0.1321197748184204, 0.18501418828964233, -0.16480806469917297, 0.16132564842700958, 1.3897535800933838, 0.9707649350166321, 1.1034700870513916, -0.03085557371377945, -0.40195906162261963, -1.221732497215271, 1.7363758087158203, -0.33519360423088074, -1.323764681816101, 0.6652792096138, 0.5438152551651001, -0.20486567914485931, 0.12786126136779785, 0.46855026483535767, -0.6284030079841614, -1.734133005142212, 0.5964275598526001, -0.14767584204673767, -0.20772622525691986, 0.8591302633285522, -0.5367577075958252, -1.1223679780960083, 0.2874676585197449, -0.18597657978534698, 1.6441442966461182, -1.3713321685791016, 2.1267454624176025, 1.2026169300079346, 0.44467517733573914, 0.6745747327804565, 0.5069639682769775, 0.442015141248703, 0.8394480347633362, -0.24348744750022888, 0.6934213042259216, -0.07738802582025528, 0.4850674271583557, -0.8867506384849548, 0.12219815701246262, 0.40946313738822937]",yunet,Facenet,1920,1080,/home/amos/media/tv/modern_family/Modern.Family.S09.1080p.DSNP.WEB-DL.DDP5.1.H.264-CRFW/Modern.Family.S09E21.The.Escape.1080p.DSNP.WEB-DL.DDP5.1.H.264-CRFW.mkv,Modern Family,2009,1442437,9,21,Eric Stonestreet,156962.0,0.734
253,678,102,816,294,780,174,714,180,0.91,5520,0,"[0.8893216848373413, -0.05967278406023979, -0.731281042098999, 0.95355224609375, 2.9350454807281494, -0.3205917179584503, 1.5853290557861328, -0.04458264634013176, 1.5231512784957886, 0.331236332654953, -1.2731362581253052, -0.8833432793617249, -0.8522231578826904, 1.6176307201385498, 0.1839417964220047, 0.27026617527008057, -1.0194318294525146, -1.8626428842544556, -1.318576693534851, -0.8881736993789673, -1.09898042678833, 2.0522513389587402, -0.8603236675262451, 1.3501008749008179, 2.093834161758423, 0.641076922416687, 1.5138550996780396, -0.6717180013656616, 0.5895541310310364, -1.041896939277649, 1.0344034433364868, 0.28968170285224915, -1.86785888671875, 1.5160044431686401, -0.9516979455947876, 0.2762477695941925, -0.10262656211853027, -1.9634459018707275, 0.20841723680496216, -0.8084166049957275, -0.28474533557891846, -0.049335457384586334, -0.31360116600990295, -0.49591854214668274, -0.14423848688602448, -0.45274341106414795, -1.390871286392212, -0.7409454584121704, -0.9896050691604614, 1.9863663911819458, -1.5561785697937012, 0.2646044194698334, -0.9678294658660889, 0.4434264302253723, -0.5093933343887329, -1.7644838094711304, 1.1165730953216553, -1.7817425727844238, -0.6607084274291992, -0.6294475793838501, -1.7170839309692383, -0.6064184308052063, 1.0436078310012817, 0.046421803534030914, -1.1775007247924805, 0.5188180208206177, -1.2940523624420166, 0.5314009785652161, -1.1969656944274902, -1.0561130046844482, 0.15740051865577698, -0.7002551555633545, 0.47143229842185974, -0.37456458806991577, 0.6098254919052124, -0.35362371802330017, 0.11496195197105408, 0.5661067962646484, 0.5422342419624329, 1.1702239513397217, -1.2851969003677368, 1.665151834487915, -0.0992913544178009, -0.9764502048492432, -0.10011836141347885, 0.602974534034729, -0.22099237143993378, 0.9327206611633301, 1.8849927186965942, 0.9872742295265198, 0.7982140183448792, 0.15568028390407562, -0.010895781219005585, -0.7534044981002808, 1.6345045566558838, 0.3069743812084198, -1.7584463357925415, 0.7368500232696533, 0.2696429193019867, 0.4652247130870819, 0.07028353959321976, 0.7322136163711548, -1.117266058921814, -1.883520483970642, 1.0102137327194214, -0.5945455431938171, -0.19601722061634064, 0.5157591104507446, -0.7503078579902649, -1.4786630868911743, 0.3032371997833252, -0.007833592593669891, 1.7738908529281616, -1.270664930343628, 1.6128325462341309, 0.6335837841033936, 0.20466871559619904, 0.852300226688385, 0.4842091500759125, 0.5190507173538208, 0.20832042396068573, -0.16529865562915802, 0.9600724577903748, -0.6529065370559692, 0.4955756664276123, -0.42521700263023376, 0.40881603956222534, 0.5061807632446289]",yunet,Facenet,1920,1080,/home/amos/media/tv/modern_family/Modern.Family.S09.1080p.DSNP.WEB-DL.DDP5.1.H.264-CRFW/Modern.Family.S09E21.The.Escape.1080p.DSNP.WEB-DL.DDP5.1.H.264-CRFW.mkv,Modern Family,2009,1442437,9,21,Eric Stonestreet,156962.0,0.687
254,768,102,918,300,876,180,804,180,0.911,5544,0,"[0.8665826320648193, -0.48598065972328186, -0.7209479808807373, 0.6082171201705933, 2.840362548828125, -0.12853412330150604, 0.8283489942550659, 0.02790694311261177, 1.9333875179290771, 0.48676130175590515, -1.3257355690002441, -0.3948657810688019, -0.9423328042030334, 1.33595609664917, -0.1624106466770172, 0.2092590630054474, -0.6845520734786987, -1.616042971611023, -0.699135422706604, -1.4329270124435425, -0.8429273366928101, 1.4721237421035767, -0.8859520554542542, 1.4843350648880005, 2.5588936805725098, 0.7171303033828735, 1.827061653137207, -0.8561623692512512, 0.8732717633247375, -1.0322630405426025, 0.7049264907836914, 0.5166656374931335, -1.3612377643585205, 0.9753707647323608, -0.7660582065582275, 0.18857954442501068, 0.3033565282821655, -1.8582091331481934, -0.1723651885986328, -0.9935760498046875, -0.10173870623111725, -0.17386706173419952, -0.32887521386146545, -0.03816670924425125, -0.6591470837593079, -0.43833693861961365, -1.4734961986541748, -0.5754737854003906, -1.0428345203399658, 1.7949273586273193, -0.8685071468353271, 0.1049031913280487, -0.7679436802864075, 0.6284298896789551, -0.09215979278087616, -1.3736275434494019, 0.9601940512657166, -2.2814338207244873, -0.40122053027153015, -0.36903128027915955, -1.5082629919052124, -0.9557368755340576, 1.2960224151611328, -0.042357657104730606, -0.7502906322479248, 0.732122004032135, -1.451352834701538, 0.6171067953109741, -1.2071858644485474, -0.9392162561416626, 0.12243839353322983, -0.5676299333572388, -0.03982865437865257, -0.03648189827799797, 0.7176626920700073, -0.6819930672645569, 0.5604389905929565, 0.7951042652130127, 0.4186328053474426, 0.8533230423927307, -1.7915879487991333, 1.5503488779067993, -0.03076319769024849, -0.6685287356376648, -0.042084917426109314, 0.2677178382873535, -0.07490842044353485, 0.23574231564998627, 1.7969492673873901, 0.9907276630401611, 0.4296966791152954, -0.21816201508045197, -0.09385322034358978, -1.060863971710205, 1.436192512512207, 0.5214702486991882, -1.2219828367233276, 0.6056215167045593, 0.06051747500896454, 0.2356165200471878, 0.014205005019903183, 0.684283971786499, -0.435117244720459, -1.7233161926269531, 0.5960993766784668, -0.2572208046913147, -0.7356398105621338, 0.47066548466682434, -0.3294333219528198, -1.427635669708252, 0.34538453817367554, -0.25756704807281494, 1.7534875869750977, -1.5087099075317383, 1.673020601272583, 0.47442421317100525, 0.36910104751586914, 1.0129218101501465, 0.5312440395355225, 0.09910315275192261, 0.34547537565231323, -0.6215982437133789, 1.19398033618927, -0.09302032738924026, 0.6132556796073914, -0.1497218906879425, 0.400856077671051, 0.5882577300071716]",yunet,Facenet,1920,1080,/home/amos/media/tv/modern_family/Modern.Family.S09.1080p.DSNP.WEB-DL.DDP5.1.H.264-CRFW/Modern.Family.S09E21.The.Escape.1080p.DSNP.WEB-DL.DDP5.1.H.264-CRFW.mkv,Modern Family,2009,1442437,9,21,Eric Stonestreet,156962.0,0.693
255,708,114,846,300,810,192,744,192,0.918,5568,0,"[0.8148064613342285, -0.12507936358451843, -0.5353633761405945, 0.12008047848939896, 3.055077075958252, -0.2637476921081543, 1.2861928939819336, -0.1615026295185089, 1.7799408435821533, 0.642338752746582, -1.0392035245895386, -0.9954038858413696, -0.6953989863395691, 1.1149821281433105, 0.058437954634428024, 0.6594797372817993, -1.2325104475021362, -2.017167568206787, -1.2015823125839233, -1.3751572370529175, -0.6553366184234619, 1.7230864763259888, -0.3970775306224823, 1.333613634109497, 2.25032114982605, 0.9824894666671753, 1.8041666746139526, -0.015177436172962189, 0.23370493948459625, -0.8385633826255798, -0.25282710790634155, 0.41360360383987427, -2.1542420387268066, 1.4283535480499268, -0.6088592410087585, -0.05998081713914871, -0.20810016989707947, -1.97676682472229, 0.3166554570198059, -1.1073944568634033, -0.7372463941574097, -1.130175232887268, -0.6881328821182251, -0.15249422192573547, -0.41922420263290405, -0.9051514267921448, -1.5408436059951782, -0.9343184232711792, -0.49888861179351807, 1.331647515296936, -0.9595231413841248, 0.05704980343580246, -0.994987964630127, 0.15060986578464508, -0.4924120008945465, -2.1192986965179443, 1.0190796852111816, -2.061613082885742, -0.55251544713974, -0.5158272981643677, -2.112640619277954, -1.0695452690124512, 1.6082209348678589, -0.6200287342071533, -1.433395266532898, 0.4149695038795471, -1.4911084175109863, -0.20344007015228271, -0.8396949768066406, -0.957216739654541, -0.0036276374012231827, -0.9018001556396484, 0.46805885434150696, -0.5188579559326172, 0.41004613041877747, -0.5386012196540833, 0.3177012801170349, 0.9585976004600525, 1.0096919536590576, 0.8269650340080261, -1.33085298538208, 1.4257398843765259, -0.21373626589775085, -0.4649612605571747, -0.6271620988845825, 0.7037559747695923, -0.19561831653118134, 0.04436574876308441, 2.1898114681243896, 1.132790207862854, 1.4533767700195312, -0.5669217109680176, -0.2375703752040863, -0.9308032989501953, 1.6990654468536377, 0.7864922881126404, -1.4320461750030518, 0.245412677526474, -0.32494521141052246, 0.1490795612335205, 0.3590870499610901, 0.28545090556144714, -0.6072326302528381, -1.3603782653808594, 0.5994904041290283, -0.29261672496795654, -0.6436640620231628, -0.004665449261665344, -0.7338486909866333, -0.7080449461936951, 0.8027563095092773, -0.5275876522064209, 1.5533949136734009, -0.8218675851821899, 2.4606690406799316, 0.1839430332183838, 0.1376320719718933, 0.6411190629005432, 0.2372944951057434, 0.1779271513223648, 0.1267271339893341, -0.15091176331043243, 0.5739436745643616, -0.08050981163978577, -0.08387115597724915, -0.05530260130763054, 0.9716179370880127, -0.10722282528877258]",yunet,Facenet,1920,1080,/home/amos/media/tv/modern_family/Modern.Family.S09.1080p.DSNP.WEB-DL.DDP5.1.H.264-CRFW/Modern.Family.S09E21.The.Escape.1080p.DSNP.WEB-DL.DDP5.1.H.264-CRFW.mkv,Modern Family,2009,1442437,9,21,Eric Stonestreet,156962.0,0.719
256,330,234,468,420,444,300,378,300,0.904,5568,1,"[-2.500666379928589, -0.5125250816345215, 0.5069100260734558, 0.22297659516334534, 0.856269896030426, -1.3520511388778687, -1.1826122999191284, -0.5931750535964966, 1.2172421216964722, -0.6961252093315125, 0.7619088888168335, 1.0788651704788208, 0.7935399413108826, -0.35170868039131165, -1.2753560543060303, -0.12249867618083954, 0.10101985931396484, 0.7528233528137207, -0.736167311668396, -0.7941766977310181, 0.7212878465652466, -0.09000459313392639, -1.2017695903778076, -0.7263545989990234, -1.8798269033432007, 0.2456444501876831, -1.6937448978424072, 0.5370619297027588, -0.13301272690296173, -2.225635051727295, 0.29380345344543457, 0.08729156851768494, 0.061267584562301636, -0.6914567947387695, 1.2226231098175049, 1.4830856323242188, -2.125748634338379, 0.44003790616989136, 0.6347323060035706, 0.1318691372871399, 0.7471126914024353, 1.151047706604004, 1.4119876623153687, -0.019783131778240204, -2.0167713165283203, -0.4220931828022003, -0.35857608914375305, -0.9275487661361694, -0.6430500745773315, -0.806054949760437, 1.0904583930969238, -1.3262726068496704, -0.8996440172195435, -0.14825788140296936, 0.09442850947380066, 0.03200049325823784, 1.6154297590255737, -0.4259914457798004, -2.268899917602539, -0.4479941129684448, -0.13632610440254211, -1.443742036819458, -2.4682135581970215, 0.6592495441436768, 1.4832764863967896, -0.8136820197105408, 1.132899522781372, -0.6727483868598938, 0.769589900970459, 1.066527247428894, 0.33497944474220276, 1.7308495044708252, -1.9285944700241089, 0.5492425560951233, 1.5585538148880005, -0.07089033722877502, 1.5620315074920654, 0.7005534172058105, -1.0429202318191528, -0.03339791297912598, 0.6380888819694519, -0.2638731896877289, 1.821147084236145, -1.5350810289382935, -2.459291934967041, 0.4867115318775177, 0.9438431262969971, -0.08645249903202057, -2.67781400680542, 0.748259961605072, 0.42892542481422424, -1.2252848148345947, -0.8940203189849854, -0.5303317308425903, 0.6973243355751038, -0.8814009428024292, -0.900639533996582, 1.5069838762283325, 1.4578471183776855, -0.7913606762886047, -1.2038534879684448, -0.4307432472705841, -1.1367244720458984, 0.9236299991607666, 1.6600955724716187, -0.4795788526535034, 1.340097188949585, -0.7935338020324707, -0.01017044112086296, -1.1614720821380615, 1.6699144840240479, 0.3602595329284668, -0.7248817682266235, 2.2617549896240234, -0.20796974003314972, 0.4613814055919647, 2.172590732574463, 0.4979362487792969, -0.1505955159664154, 0.15132500231266022, -0.9264620542526245, -0.478874146938324, 0.47458934783935547, -0.007195780053734779, 0.3601723313331604, -1.0393590927124023, -1.8855777978897095, 1.196679949760437]",yunet,Facenet,1920,1080,/home/amos/media/tv/modern_family/Modern.Family.S09.1080p.DSNP.WEB-DL.DDP5.1.H.264-CRFW/Modern.Family.S09E21.The.Escape.1080p.DSNP.WEB-DL.DDP5.1.H.264-CRFW.mkv,Modern Family,2009,1442437,9,21,Julie Bowen,31171.0,0.557
257,630,156,786,366,750,252,678,252,0.916,5592,0,"[1.8511559963226318, 1.4542653560638428, 0.8643936514854431, 0.7929572463035583, -0.9819977283477783, 0.23697617650032043, -0.43770426511764526, -0.685594916343689, -0.6327844262123108, -0.7134672403335571, -0.31626981496810913, 0.8374085426330566, 1.4758203029632568, -0.8530385494232178, -1.4493314027786255, -0.9709844589233398, -1.2381857633590698, -0.08827818930149078, -0.06839646399021149, 1.437581181526184, -0.9504400491714478, 2.308422565460205, 0.2587634325027466, -0.032437875866889954, 0.06957805156707764, 1.2308422327041626, -2.752333641052246, 2.214768409729004, 0.4541317820549011, -2.018265724182129, -1.0605392456054688, -1.1476483345031738, -1.6033087968826294, -0.22654464840888977, 1.01163649559021, 0.5460883378982544, 0.6834778785705566, -0.7537246942520142, 0.8509946465492249, 0.2857692241668701, 0.581859290599823, 1.045778751373291, -0.46594682335853577, -0.3834626376628876, -0.4947197735309601, 0.867737889289856, 0.8163796663284302, -0.072574183344841, -0.6529018878936768, -1.4043662548065186, -0.2293149083852768, -1.0899235010147095, -0.5818901062011719, -1.054373860359192, -0.3227389454841614, 0.6057889461517334, 2.2975716590881348, 1.231242060661316, 0.24064187705516815, -0.7339446544647217, 1.3099647760391235, -0.8395519256591797, -0.19755828380584717, -0.017891615629196167, -0.4947069585323334, 2.0803089141845703, 1.7332048416137695, 0.3577542006969452, 0.9679521322250366, 0.7518304586410522, 1.0079431533813477, 1.146068811416626, -1.371752381324768, 1.6639902591705322, 0.16202348470687866, 0.9953221678733826, 0.03312556445598602, 2.2621359825134277, 1.0758965015411377, 1.2271721363067627, 0.9200121164321899, -2.0946547985076904, 0.8867295980453491, 0.06296873092651367, 0.30415698885917664, -1.5520278215408325, 0.21549509465694427, -0.2097204029560089, -0.23185476660728455, -0.954704225063324, 1.2720087766647339, -2.0733537673950195, -0.6331385970115662, -0.5436744689941406, -0.010592460632324219, -0.8946523070335388, 0.5312286019325256, -0.06595766544342041, 0.5431380271911621, -1.8651701211929321, -0.9700777530670166, 0.42904338240623474, -1.3342236280441284, 0.15002338588237762, -1.3258558511734009, 1.7263569831848145, 1.1291791200637817, -2.0206103324890137, -0.18870918452739716, 0.6918277144432068, 0.3721809983253479, 1.903783917427063, 0.33953163027763367, 0.26902762055397034, 1.1373357772827148, 2.1915905475616455, -1.0066254138946533, -0.8867297172546387, 0.8054679036140442, 0.3947983980178833, -0.27202606201171875, 0.6688159704208374, 0.2716499865055084, -0.7613593339920044, 1.749083161354065, -1.3452240228652954, 0.6400097608566284, -0.7819040417671204]",yunet,Facenet,1920,1080,/home/amos/media/tv/modern_family/Modern.Family.S09.1080p.DSNP.WEB-DL.DDP5.1.H.264-CRFW/Modern.Family.S09E21.The.Escape.1080p.DSNP.WEB-DL.DDP5.1.H.264-CRFW.mkv,Modern Family,2009,1442437,9,21,Ty Burrell,15232.0,0.706
258,1200,186,1338,366,1290,252,1230,252,0.913,5592,1,"[-0.9255168437957764, 0.5222307443618774, 0.8273690938949585, -0.6954159140586853, -0.7181879878044128, 0.3941210210323334, -0.3947150707244873, -0.1954004168510437, 0.38547468185424805, 1.0868033170700073, 0.2984568476676941, 2.286959648132324, 0.1712327003479004, -0.7336465120315552, -0.3785272538661957, 1.2509561777114868, 0.4440164268016815, -1.3146913051605225, -0.7204335331916809, 1.661370038986206, 1.0557938814163208, 0.7337893843650818, -0.2611367404460907, -0.8015374541282654, 0.2508111000061035, 0.5949041247367859, -0.362480103969574, -0.7984182238578796, 3.2132606506347656, -1.2272288799285889, -0.33375221490859985, -1.2440025806427002, 1.7281908988952637, -1.7013636827468872, 1.4753822088241577, 0.799396812915802, -1.551697850227356, 0.915466845035553, 0.8427029848098755, -1.1610804796218872, -2.2118256092071533, 1.250975489616394, -2.010263204574585, 0.0942039042711258, -1.8650879859924316, -0.1180352121591568, -1.4615181684494019, 0.0667169988155365, -1.8155781030654907, 0.6832400560379028, 0.04540127143263817, 0.6612114310264587, 0.31524643301963806, 0.8642255067825317, 0.11642932891845703, -0.6486467719078064, 0.14210112392902374, -0.7233908176422119, -0.5705312490463257, 0.940631628036499, 0.01285235583782196, -0.8889440894126892, -0.9326412677764893, -1.7872145175933838, 1.2003741264343262, 0.1723572313785553, 0.44397038221359253, 0.9011797308921814, 1.3031630516052246, 0.708376407623291, -0.9056170582771301, 0.08453091979026794, -3.0280919075012207, 0.02216724306344986, 2.355607509613037, 0.49622273445129395, 0.43595924973487854, -1.4453097581863403, 1.3325042724609375, 0.09202682971954346, 1.1687278747558594, -1.0104161500930786, -0.626437783241272, -0.35993653535842896, 0.7682631611824036, 0.5152448415756226, -0.17770859599113464, -0.3104797899723053, -1.1072884798049927, 0.23187480866909027, -0.8347760438919067, 0.3750416040420532, 1.4300856590270996, -1.0710604190826416, -1.194117546081543, 1.631829857826233, -1.1447449922561646, 0.6979420781135559, 0.23795843124389648, -1.7439141273498535, -0.3375784158706665, -0.3474838435649872, -1.185971975326538, 0.9328440427780151, 0.3470214307308197, 0.4430519938468933, -0.3842877149581909, -1.1449308395385742, 0.8669873476028442, 0.44780436158180237, 1.2219626903533936, 0.36245864629745483, -0.29029032588005066, -0.7145658731460571, 0.6537495255470276, 0.3789115250110626, -1.3638943433761597, 0.4434533417224884, 1.312157392501831, 0.34359607100486755, 1.5049387216567993, -1.5166664123535156, -0.8826290965080261, 0.19639289379119873, 1.7948604822158813, 0.3426777124404907, 0.04887950420379639, 1.5551460981369019]",yunet,Facenet,1920,1080,/home/amos/media/tv/modern_family/Modern.Family.S09.1080p.DSNP.WEB-DL.DDP5.1.H.264-CRFW/Modern.Family.S09E21.The.Escape.1080p.DSNP.WEB-DL.DDP5.1.H.264-CRFW.mkv,Modern Family,2009,1442437,9,21,Sofía Vergara,63522.0,0.796
259,1434,192,1608,420,1548,270,1470,270,0.935,5616,0,"[-0.5930523872375488, 1.2062160968780518, 0.6779153347015381, -0.724782407283783, 0.17464205622673035, 0.7442440390586853, -0.6306661367416382, 0.49633485078811646, 1.3481886386871338, 0.8663665652275085, 0.669674277305603, 2.127549171447754, -1.0447062253952026, -0.9202249050140381, 0.0553336963057518, 1.6230895519256592, -0.10774606466293335, -0.7821353673934937, -1.7649693489074707, 1.5101778507232666, 0.981706976890564, 0.7604647874832153, 0.03285413980484009, 0.06387409567832947, 0.3998202085494995, -0.17900428175926208, -1.106389045715332, -0.6981890797615051, 3.500995635986328, -1.1228400468826294, 0.22976331412792206, -1.5421619415283203, 1.8559130430221558, -1.343166708946228, 0.762415885925293, 1.028497338294983, -1.4407358169555664, 1.1921428442001343, 0.08258098363876343, -0.5153681039810181, -1.5021047592163086, 0.9638412594795227, -1.5570567846298218, 0.16144011914730072, -1.9809850454330444, 0.34302377700805664, -1.87198007106781, -0.17884156107902527, -1.7988531589508057, 0.8402656316757202, 0.2311616986989975, 0.35121530294418335, 1.1507890224456787, 0.9447479248046875, 0.158692866563797, 0.13444650173187256, -0.5662171840667725, -1.2220579385757446, -0.23403695225715637, 1.0363162755966187, -0.10764740407466888, -0.31345269083976746, -1.3466594219207764, -1.1274216175079346, 1.480576753616333, -0.07345497608184814, 0.10216345638036728, 0.8325783610343933, 1.5627895593643188, -0.4563958942890167, -1.4162894487380981, 0.24559780955314636, -2.366058111190796, 0.09777767956256866, 1.6230065822601318, 0.37399858236312866, 0.02886006236076355, -1.3430454730987549, 0.8592483401298523, 0.3376483917236328, 0.9434800744056702, -1.0249320268630981, -0.6310139894485474, -0.49189576506614685, 0.33129793405532837, -0.3439383804798126, 0.0539495125412941, 0.2156074196100235, -0.2940461039543152, 0.7650672197341919, -1.0303376913070679, 0.45797014236450195, 1.114404320716858, -0.8343551158905029, -0.9692885875701904, 0.7378536462783813, -1.2855497598648071, -0.24235138297080994, 0.38046929240226746, -1.1012675762176514, -0.45328962802886963, -0.4798809885978699, -2.2690157890319824, 1.223570466041565, 0.5805673599243164, -0.006033517420291901, -0.27076470851898193, -1.678665041923523, 0.8793902397155762, 0.6840105056762695, 1.6649761199951172, 0.5484853982925415, -0.06895248591899872, -0.7207790613174438, 0.5623095035552979, 0.4546567499637604, -1.0543577671051025, 0.20687595009803772, 1.404650092124939, 0.1536480337381363, 1.2733267545700073, -1.6278917789459229, -0.8288077712059021, 0.09073415398597717, 0.8476248979568481, 0.42894646525382996, 0.2615428864955902, 1.5693652629852295]",yunet,Facenet,1920,1080,/home/amos/media/tv/modern_family/Modern.Family.S09.1080p.DSNP.WEB-DL.DDP5.1.H.264-CRFW/Modern.Family.S09E21.The.Escape.1080p.DSNP.WEB-DL.DDP5.1.H.264-CRFW.mkv,Modern Family,2009,1442437,9,21,Sofía Vergara,63522.0,0.816
260,726,150,918,414,864,264,780,258,0.932,5616,1,"[1.074201226234436, 0.8761459589004517, 0.8814457058906555, 0.3987616300582886, -0.3927706182003021, 0.1860833615064621, -0.5458483695983887, -0.686427652835846, 0.07814478874206543, -0.388073205947876, -0.1829797476530075, 0.5858474373817444, 0.9105340242385864, -0.9916311502456665, -1.4849967956542969, 0.060644663870334625, -1.1075413227081299, -0.12535354495048523, -0.2115125060081482, 1.4874799251556396, -0.7874692678451538, 1.941477656364441, -0.14290788769721985, 0.8479423522949219, -0.07047106325626373, 2.0755615234375, -2.1902244091033936, 2.2215919494628906, 1.0630398988723755, -1.6683427095413208, -0.25479957461357117, -1.0800212621688843, -1.384677767753601, -0.4026099443435669, 0.6174943447113037, 0.9226954579353333, 0.32788747549057007, -0.7185298204421997, 1.0136759281158447, 0.7606856822967529, 0.3325161337852478, 0.5901210904121399, -0.2655365765094757, -0.18291833996772766, -0.03554639220237732, 1.5293692350387573, 0.2570136785507202, -0.3062761425971985, -1.0673753023147583, -1.760786533355713, -0.09771537780761719, -1.3558744192123413, -0.9766325950622559, -0.32374149560928345, -0.526953399181366, 0.07823792845010757, 1.8133273124694824, 1.0690417289733887, 0.3097609281539917, -0.5671412348747253, 1.3759056329727173, -0.16165834665298462, -0.346212238073349, 0.0762951597571373, -0.9917413592338562, 2.356013536453247, 1.6121259927749634, 0.10499639064073563, 1.8501088619232178, 0.039203643798828125, 0.6608865857124329, 0.6558254957199097, -0.8290798664093018, 1.6426408290863037, 0.2669966220855713, 1.3307034969329834, -0.01737073063850403, 2.340205192565918, 1.6333212852478027, 1.4874653816223145, 0.29621434211730957, -2.0962748527526855, 0.5755611658096313, -0.5794086456298828, -0.5673266649246216, -1.4147205352783203, 0.19550584256649017, 0.5538234710693359, 0.22263258695602417, -0.4596741497516632, 1.5852504968643188, -1.9257341623306274, -0.40841639041900635, -0.4257126748561859, 0.23815910518169403, -0.5957739949226379, 0.2668982148170471, -0.14005929231643677, 0.22390207648277283, -1.4555346965789795, -0.8519709706306458, 0.7020782232284546, -1.2094972133636475, 0.13705146312713623, -1.063642978668213, 1.223352313041687, 0.9617539048194885, -1.7791216373443604, -0.32527992129325867, 0.5440989136695862, 0.8465132713317871, 1.2930984497070312, 0.42804646492004395, -0.3684020936489105, 1.026500940322876, 2.652764081954956, -0.8844753503799438, -0.44359296560287476, 0.5098133683204651, -0.196213960647583, -0.5911751389503479, 1.1536781787872314, 0.4813762903213501, -1.108157992362976, 1.7125030755996704, -1.5712989568710327, 1.1179262399673462, -1.234110713005066]",yunet,Facenet,1920,1080,/home/amos/media/tv/modern_family/Modern.Family.S09.1080p.DSNP.WEB-DL.DDP5.1.H.264-CRFW/Modern.Family.S09E21.The.Escape.1080p.DSNP.WEB-DL.DDP5.1.H.264-CRFW.mkv,Modern Family,2009,1442437,9,21,Ty Burrell,15232.0,0.705
261,648,120,858,402,804,228,720,228,0.928,5640,0,"[0.9759933948516846, 0.6042482852935791, 0.9831522107124329, 1.025814175605774, -0.44130098819732666, -0.09545697271823883, -0.41499167680740356, -0.3840942680835724, -0.11971896141767502, -0.28836503624916077, -0.7719698548316956, 0.5226742625236511, 0.9409549832344055, -0.28797096014022827, -2.1219871044158936, -0.4694024920463562, -0.4344167411327362, -0.19716741144657135, -0.3240901529788971, 0.9694451093673706, -0.7872586250305176, 1.8987363576889038, -0.11578281223773956, -0.16481688618659973, 0.4707150459289551, 2.0833311080932617, -2.525347948074341, 2.5505170822143555, 1.3755987882614136, -2.0977535247802734, -0.5716159343719482, -0.8654130697250366, -1.034221887588501, -1.0411244630813599, 0.5808202028274536, 0.3261357843875885, 0.2102939486503601, -0.04392623156309128, 0.6670586466789246, 0.12530961632728577, 0.06689950823783875, 1.2414336204528809, -0.7175357341766357, -0.3144368529319763, -0.25353530049324036, 1.0587537288665771, -0.07545536756515503, 0.2576698362827301, -1.0001028776168823, -1.3880857229232788, 0.6304833292961121, -0.5090399980545044, -1.2686140537261963, -1.1348564624786377, -0.004341980442404747, 0.5350542664527893, 2.5170414447784424, 0.766808807849884, 0.4901111125946045, -0.5910162925720215, 1.197746753692627, -0.7609887719154358, 0.07534473389387131, 0.29991161823272705, -1.1263495683670044, 2.1237051486968994, 1.3076649904251099, 0.40452975034713745, 1.6646454334259033, -0.17239148914813995, -0.05854976922273636, 0.5827430486679077, -1.138074278831482, 1.227884292602539, 0.5401639342308044, 1.2442330121994019, -0.1967967450618744, 2.0373480319976807, 1.4755216836929321, 0.9372603893280029, 0.5031900405883789, -1.5936236381530762, 0.3113900125026703, -0.5162138938903809, -1.0818413496017456, -1.1180999279022217, 0.2698172628879547, 0.019565977156162262, -0.18709689378738403, 0.09831993281841278, 1.3775790929794312, -1.4977058172225952, -0.00027254223823547363, -0.42332255840301514, 0.05399838462471962, -0.6329852342605591, 0.7644598484039307, -0.05775446444749832, 0.26840630173683167, -1.6337109804153442, -0.8953801989555359, 0.8823409080505371, -1.336530089378357, -0.3342773914337158, -0.6322826743125916, 0.9594810009002686, 0.501656711101532, -1.9252402782440186, -0.16096153855323792, 0.6626492142677307, 0.25526487827301025, 1.7470512390136719, 0.3164399266242981, 0.13782921433448792, 1.2006458044052124, 2.227334499359131, -0.9816610813140869, -0.6189738512039185, 0.5257464647293091, -0.24509383738040924, -0.624897301197052, 0.9085458517074585, -0.1375998705625534, -0.4142407178878784, 1.8794467449188232, -1.2453185319900513, 0.7618544697761536, -1.14618718624115]",yunet,Facenet,1920,1080,/home/amos/media/tv/modern_family/Modern.Family.S09.1080p.DSNP.WEB-DL.DDP5.1.H.264-CRFW/Modern.Family.S09E21.The.Escape.1080p.DSNP.WEB-DL.DDP5.1.H.264-CRFW.mkv,Modern Family,2009,1442437,9,21,Ty Burrell,15232.0,0.739
262,1446,216,1632,450,1590,294,1506,300,0.926,5640,1,"[-0.6015417575836182, 0.6548864841461182, 1.2169712781906128, -1.4936270713806152, -0.010838022455573082, 0.528975784778595, -1.0787415504455566, 0.13241617381572723, 0.8442294597625732, 0.8479208946228027, 0.33639809489250183, 2.529892683029175, -0.2247985452413559, -0.9563357830047607, 0.04017850384116173, 1.534930944442749, -0.5463650226593018, -1.3530199527740479, -1.2376630306243896, 0.503252387046814, 1.345780611038208, 0.09523729979991913, -0.2705058157444, -0.6461725831031799, -0.036490898579359055, -0.9166311621665955, -1.4246474504470825, -0.4505388140678406, 2.9218881130218506, -1.5014568567276, 0.039964914321899414, -2.134167432785034, 1.9282981157302856, -1.0986449718475342, 0.44819769263267517, 0.9567294716835022, -1.0399032831192017, 1.0768693685531616, 0.10357938706874847, -1.3179903030395508, -0.971937358379364, 1.6466728448867798, -1.7068793773651123, 0.0023041442036628723, -3.0741007328033447, 0.06083221361041069, -1.6998987197875977, 0.14345034956932068, -1.7454757690429688, 0.5911527872085571, -0.17261818051338196, 0.5944638252258301, 0.7477522492408752, 0.34046471118927, 1.0964058637619019, -0.02861359342932701, -0.3745013177394867, -1.0129342079162598, -0.12484671175479889, 0.8808213472366333, -0.08541718125343323, -0.8501895070075989, -1.4331474304199219, -0.47481855750083923, 0.8945091366767883, 0.5723302960395813, -0.3091558814048767, 0.3012198209762573, 1.4162298440933228, -0.20706933736801147, -1.0601978302001953, 0.13682401180267334, -2.76574969291687, -0.12242260575294495, 1.9688630104064941, 1.305829644203186, -0.6647545099258423, -0.4778748154640198, 1.0718210935592651, -0.056207768619060516, 0.4343562722206116, -0.9723855257034302, -0.4467194974422455, -0.33907651901245117, 0.9795495867729187, -0.7098397016525269, -0.008194971829652786, 0.5556682348251343, -0.7258419990539551, 1.2355022430419922, -1.0393379926681519, 0.0987958237528801, 1.6721229553222656, -0.4353749454021454, -0.3755674362182617, 1.3112515211105347, -1.6102312803268433, 0.20469368994235992, 0.7575758099555969, -1.2324433326721191, -0.2835446894168854, -0.7549612522125244, -2.068336009979248, 1.117871880531311, 0.8274363279342651, 0.29970234632492065, -0.19881591200828552, -0.9167988300323486, 0.21030491590499878, 0.55657958984375, 1.7408212423324585, 0.5438028573989868, -0.5481749773025513, -0.7502149939537048, 0.26882168650627136, 0.9270346164703369, -0.5949009656906128, -0.011081233620643616, 0.6860181093215942, -0.08089949190616608, 1.5114259719848633, -2.065009593963623, -1.049627423286438, 0.256819486618042, 1.0533231496810913, -0.08068765699863434, -0.3058643937110901, 1.2673673629760742]",yunet,Facenet,1920,1080,/home/amos/media/tv/modern_family/Modern.Family.S09.1080p.DSNP.WEB-DL.DDP5.1.H.264-CRFW/Modern.Family.S09E21.The.Escape.1080p.DSNP.WEB-DL.DDP5.1.H.264-CRFW.mkv,Modern Family,2009,1442437,9,21,Sofía Vergara,63522.0,0.814
263,762,240,990,540,942,360,840,360,0.916,5664,0,"[-1.8173279762268066, -2.2217471599578857, -0.04052333906292915, -0.10280292481184006, -0.32449671626091003, -0.498161643743515, 0.30834659934043884, -0.7408636808395386, 2.60465669631958, -0.6070329546928406, 0.9394800066947937, -1.6837220191955566, -0.5946598649024963, -1.200538992881775, -1.7642897367477417, 0.6357380151748657, 0.34188130497932434, -0.23786458373069763, -0.5788860321044922, -0.6249047517776489, 1.1616179943084717, -0.09667524695396423, 1.2730820178985596, 0.14754799008369446, 0.5459742546081543, 1.5028117895126343, 1.6015229225158691, -1.5213981866836548, 2.321164846420288, -0.9873104095458984, -1.098449945449829, 0.4857625961303711, 0.5906392931938171, 0.7480494976043701, 0.41989633440971375, 0.2963658273220062, 0.7340778708457947, -0.8006437420845032, -0.8492946624755859, -2.067168951034546, -0.16856372356414795, 0.4649777114391327, -1.2111215591430664, -0.1333143711090088, 0.11782467365264893, -0.749347984790802, -1.4507942199707031, 0.11530786007642746, -0.27628105878829956, 0.011198973283171654, 1.1157622337341309, -0.8202987313270569, -2.168586492538452, 0.16756099462509155, -0.5744525194168091, 0.3154175877571106, 1.6637661457061768, 0.6073756814002991, -1.7036231756210327, -1.1413944959640503, -0.48511621356010437, -0.25086694955825806, -0.0785617083311081, 1.997588038444519, -0.8375553488731384, 2.763725996017456, 0.7672699093818665, 0.844952404499054, 0.9573591947555542, -2.362077474594116, -0.5710732340812683, -0.7687262296676636, -0.7180837988853455, -0.5448808073997498, 1.4624087810516357, -0.13467934727668762, -1.0677157640457153, -0.04317491129040718, -0.7869181036949158, -1.583504319190979, -2.611809492111206, 1.5418657064437866, -0.7832453846931458, -1.6380091905593872, -1.174639105796814, -0.6091653108596802, -0.1635015606880188, 0.8518103361129761, -0.8133903741836548, 0.2762022018432617, 0.03165821731090546, 0.04624899476766586, 1.6086742877960205, 1.1362224817276, 0.20243512094020844, 1.1668490171432495, -0.989362359046936, 0.7796685099601746, -1.0696849822998047, -0.7009637951850891, 0.6809338331222534, -0.46882423758506775, 0.9036274552345276, 0.21443653106689453, 0.7660702466964722, 1.1321195363998413, -0.4011557102203369, -0.7166739702224731, -0.5903527736663818, -1.3053570985794067, 0.5882042646408081, -0.3320401906967163, 1.4051624536514282, -0.4362090528011322, 0.01846720091998577, 1.7584813833236694, 0.5200201272964478, -1.1019024848937988, -1.0197806358337402, 0.9175212979316711, -0.7339169383049011, 0.18868809938430786, 0.9623581767082214, -0.4763568043708801, 0.7179785966873169, 0.19914263486862183, 0.5756539106369019, 0.19531135261058807]",yunet,Facenet,1920,1080,/home/amos/media/tv/modern_family/Modern.Family.S09.1080p.DSNP.WEB-DL.DDP5.1.H.264-CRFW/Modern.Family.S09E21.The.Escape.1080p.DSNP.WEB-DL.DDP5.1.H.264-CRFW.mkv,Modern Family,2009,1442437,9,21,Jesse Tyler Ferguson,204815.0,0.81
264,372,180,588,456,552,288,456,288,0.912,5664,1,"[-0.2891983687877655, -1.0168120861053467, 0.9409418106079102, 0.9018722772598267, 1.04618501663208, -1.3072770833969116, 0.06387950479984283, 1.184597373008728, 0.015689801424741745, 0.03595863655209541, -0.6724790930747986, 0.9825990796089172, -0.6112402081489563, -0.6579370498657227, 0.22822637856006622, -0.659599781036377, 1.91818106174469, 1.502745509147644, 0.8711879849433899, 0.11722263693809509, -0.2863195538520813, -1.137427568435669, -0.9262377619743347, 0.36861833930015564, 1.2368979454040527, -1.7375290393829346, 0.5101548433303833, 3.133396625518799, 1.3538672924041748, -1.0811125040054321, -0.7763148546218872, 2.0354163646698, -1.0984983444213867, -0.09737586975097656, -0.9632306098937988, -0.9785804748535156, -0.46889960765838623, -0.8739036917686462, -1.3726599216461182, -1.048094391822815, -0.7424520254135132, -0.6845777034759521, -0.05818028748035431, 1.4486194849014282, 0.8564038872718811, -0.4892658591270447, -0.8919516205787659, -1.3443288803100586, 0.44946974515914917, 0.5223134756088257, 0.34713828563690186, -0.05776805803179741, -0.41708043217658997, 0.9442121982574463, 0.687303364276886, 0.1532832235097885, -1.7971495389938354, -0.9526155591011047, 0.06083134189248085, 1.3282557725906372, -1.271658182144165, 0.9080327749252319, 0.47263067960739136, -0.951207160949707, 0.24893063306808472, 2.097649335861206, 0.07801274955272675, 1.152878761291504, 0.03938496112823486, -0.2358422726392746, -1.7504830360412598, -0.8651037216186523, 0.8553761839866638, 0.9565642476081848, -0.19275200366973877, 0.7505907416343689, -0.6263478994369507, -0.8789289593696594, 0.36463382840156555, 1.4020233154296875, 0.4831923544406891, 2.296239137649536, -0.37963467836380005, -2.317141532897949, -0.41375240683555603, 0.02078181505203247, -0.069489486515522, -0.37277817726135254, -0.01820853352546692, 2.158082962036133, 0.4173504412174225, 1.4340555667877197, -2.7372491359710693, -1.4066016674041748, -0.47344130277633667, -1.3381235599517822, -0.9484063982963562, -1.355148434638977, 1.7984368801116943, 1.8917196989059448, -1.4009658098220825, 1.249228835105896, 0.2977254390716553, -1.4120427370071411, 0.0653650090098381, 0.351684033870697, 0.6477296352386475, 0.08214692771434784, 0.3195391297340393, -1.3753745555877686, -0.9544000625610352, -0.036632828414440155, -0.6204769611358643, -2.190995454788208, 0.9324531555175781, 0.302299827337265, 1.3391761779785156, 1.0398038625717163, 0.4885004460811615, -0.6343386173248291, 0.5664466023445129, 0.7103371620178223, 0.965047299861908, 0.24062290787696838, 0.617978036403656, 1.0464446544647217, 0.33485373854637146, -0.20502878725528717]",yunet,Facenet,1920,1080,/home/amos/media/tv/modern_family/Modern.Family.S09.1080p.DSNP.WEB-DL.DDP5.1.H.264-CRFW/Modern.Family.S09E21.The.Escape.1080p.DSNP.WEB-DL.DDP5.1.H.264-CRFW.mkv,Modern Family,2009,1442437,9,21,Ed O'Neill,18977.0,0.71
265,816,210,1044,516,990,330,882,330,0.926,5688,0,"[-1.9680532217025757, -2.0339980125427246, 0.009615520015358925, -0.4038231372833252, -0.20376057922840118, -0.3288913071155548, 0.711976945400238, -0.4558144509792328, 2.5371861457824707, -0.6219526529312134, 0.3650234341621399, -1.5394166707992554, -1.4701229333877563, -0.7686655521392822, -1.967651128768921, 0.21655379235744476, 0.035641539841890335, 0.21090571582317352, -0.7335267663002014, -0.8216356039047241, 1.0597327947616577, 0.10073775053024292, 0.5448659658432007, -0.13916951417922974, 0.11804282665252686, 2.274036407470703, 1.3058589696884155, -1.859336495399475, 2.4336981773376465, -0.41299453377723694, -0.6841793060302734, 1.071144700050354, 0.3256671130657196, 0.17146503925323486, 0.9181101322174072, 0.11483027040958405, 0.35275450348854065, -1.0948817729949951, -0.8038920760154724, -2.331557035446167, -0.6115208268165588, -0.11934240907430649, -1.2897591590881348, -0.33197033405303955, 0.677247166633606, -1.233394742012024, -1.0357379913330078, 0.28492483496665955, -0.8121688365936279, 0.288593053817749, 1.1042803525924683, -0.6136445999145508, -1.905516505241394, 0.060101285576820374, -0.8900162577629089, 0.27199822664260864, 1.0604281425476074, 0.7510169148445129, -1.1385468244552612, -0.990114152431488, -0.9465335011482239, -0.8805064558982849, 0.3080882132053375, 1.869653344154358, -0.5443755388259888, 2.6739072799682617, 0.7704464793205261, 1.1692278385162354, 1.4661271572113037, -1.8864818811416626, -0.04108482226729393, -1.1257712841033936, -0.6121695637702942, -0.006032474339008331, 0.8982241153717041, -0.8060454726219177, -0.7488095760345459, -0.6313791275024414, -0.8976852297782898, -1.5353986024856567, -2.2524776458740234, 0.994350790977478, -1.0048964023590088, -1.2733802795410156, -1.3965191841125488, -0.8018910884857178, 0.012955786660313606, -0.026198558509349823, -0.6364748477935791, 0.31657758355140686, -0.6409332156181335, -0.360342413187027, 0.6478683948516846, 0.47616997361183167, -0.6217418909072876, 1.358207106590271, -1.0706647634506226, 0.7435738444328308, -0.4199519455432892, -0.5299379229545593, -0.1585370898246765, -0.13606737554073334, 1.2091710567474365, 0.30960017442703247, 0.1999710500240326, 1.1448601484298706, -0.45974108576774597, -0.8830537796020508, -0.22482159733772278, -0.9384214878082275, 0.7477952241897583, -0.37363481521606445, 1.533897042274475, -0.019606463611125946, 0.7608168125152588, 1.7158563137054443, 0.9696286916732788, -1.0750032663345337, -1.416221022605896, 0.7914953231811523, -0.4238525629043579, 0.37139785289764404, 0.8294197916984558, 0.010302750393748283, -0.2586376667022705, 0.8284281492233276, 0.5016372799873352, -0.005094138905405998]",yunet,Facenet,1920,1080,/home/amos/media/tv/modern_family/Modern.Family.S09.1080p.DSNP.WEB-DL.DDP5.1.H.264-CRFW/Modern.Family.S09E21.The.Escape.1080p.DSNP.WEB-DL.DDP5.1.H.264-CRFW.mkv,Modern Family,2009,1442437,9,21,Jesse Tyler Ferguson,204815.0,0.766
266,426,132,654,414,576,240,468,240,0.914,5688,1,"[0.835433840751648, -2.25581431388855, 0.1467479020357132, 1.0404495000839233, 0.1765879988670349, -0.6350405812263489, -1.0628671646118164, 1.2879009246826172, -0.4549274742603302, -0.2956794202327728, -2.2552883625030518, -0.09586971253156662, -0.7959945797920227, 0.5767015218734741, 0.04588267579674721, -1.2790790796279907, 2.0916225910186768, 0.5107528567314148, 1.0397617816925049, -0.27869945764541626, -1.2514132261276245, -0.6172669529914856, -0.45393142104148865, 0.45502009987831116, 1.3699122667312622, -1.1243561506271362, 0.08278022706508636, 3.0254464149475098, 1.404965877532959, -0.48577389121055603, 0.5559043288230896, 1.7951335906982422, -0.6509039402008057, 0.622514545917511, -2.916187047958374, -0.5081020593643188, 0.1978190839290619, 0.883025050163269, -1.612029790878296, 0.09940852224826813, -0.11382591724395752, -0.4518527686595917, 0.5694012641906738, 1.1804654598236084, 0.43822863698005676, 0.4757870137691498, -0.4534195065498352, -1.0766340494155884, 0.11532965302467346, -0.6455076932907104, 0.3189265727996826, -1.612742304801941, -0.6109685897827148, 0.7259578704833984, 0.11498068273067474, 0.7072589993476868, -1.2561334371566772, 0.013836201280355453, -0.25394484400749207, 0.5053853392601013, -2.2880468368530273, 0.6927714943885803, -0.6793396472930908, 0.14007903635501862, -0.8581885695457458, 0.7648499608039856, 0.07252462208271027, -0.04954938217997551, -0.3980969190597534, -0.8320916891098022, -0.7633168697357178, 0.18878749012947083, 1.466084599494934, 0.9711282849311829, -0.789350152015686, 1.5044649839401245, -0.8052529096603394, -0.8465588092803955, 0.4019998610019684, 1.7910813093185425, -0.016805481165647507, 1.4433938264846802, 0.453617662191391, -1.4803264141082764, -1.2359083890914917, -0.7991583347320557, 0.6447985768318176, 0.11383558809757233, 0.7140828371047974, 1.720367431640625, 1.178639531135559, -0.47729307413101196, -3.394361972808838, -1.1541173458099365, 0.04428841918706894, -1.9701299667358398, -0.571621835231781, -1.0065399408340454, 2.066227436065674, 1.0005420446395874, -0.053073905408382416, 0.8646092414855957, -0.23406869173049927, -0.9573778510093689, 0.11167233437299728, -0.10613150894641876, 0.7505897283554077, -1.57646906375885, 1.0518463850021362, -1.8170478343963623, -1.0512583255767822, -0.38871699571609497, -1.318305253982544, -1.1590287685394287, 1.008169174194336, -0.8962547779083252, 0.8463207483291626, 0.7000582218170166, 0.12334614992141724, -1.327508807182312, 0.9298005104064941, 1.2481333017349243, -0.17438702285289764, 0.8993439078330994, -0.28523027896881104, 0.7371615767478943, 0.577528715133667, -0.14919160306453705]",yunet,Facenet,1920,1080,/home/amos/media/tv/modern_family/Modern.Family.S09.1080p.DSNP.WEB-DL.DDP5.1.H.264-CRFW/Modern.Family.S09E21.The.Escape.1080p.DSNP.WEB-DL.DDP5.1.H.264-CRFW.mkv,Modern Family,2009,1442437,9,21,Ed O'Neill,18977.0,0.613
267,240,234,390,444,354,306,282,306,0.93,5712,0,"[-1.532982349395752, -0.24494074285030365, 0.8840686678886414, -0.8775759935379028, 1.2997843027114868, -1.5214756727218628, -1.4310252666473389, 0.700646698474884, 1.633030652999878, -0.32908838987350464, 0.04335610568523407, -0.14372168481349945, -0.5303628444671631, 0.3365512192249298, -0.7293624877929688, 1.1846535205841064, -0.4831884205341339, 0.488763689994812, -0.921765923500061, -0.6816519498825073, 0.9481241703033447, -0.36955726146698, -0.3051294684410095, 0.339708536863327, -0.5749910473823547, 0.9964277148246765, -1.593487024307251, -0.23687180876731873, -0.26963818073272705, -1.3809813261032104, -0.35047951340675354, -0.18212713301181793, 0.3391295075416565, -0.7933314442634583, 0.09912041574716568, 1.4569491147994995, -1.8279094696044922, 0.9820981025695801, 0.4911487400531769, -0.07893878221511841, -0.2763461470603943, 0.05016925185918808, 0.47797173261642456, -0.5610281229019165, -1.8183012008666992, 0.891781747341156, -1.0960935354232788, -0.21654024720191956, -1.5008879899978638, -0.5443247556686401, 0.5252615213394165, -1.8607934713363647, -0.640232264995575, 0.27857422828674316, 0.2111079841852188, -1.591525673866272, 1.5453338623046875, -1.11594820022583, -0.9307994246482849, 0.8258127570152283, -0.2798267900943756, -0.7820037603378296, -1.9550771713256836, 0.8782687187194824, 1.2040483951568604, -1.7155077457427979, 0.03143678605556488, -1.3412396907806396, 1.9605042934417725, 1.513554334640503, -0.009473118931055069, 1.3826372623443604, -2.4918417930603027, 1.3645553588867188, 0.8509480953216553, -0.361471027135849, 0.9165199995040894, 0.5510517954826355, 0.5107899904251099, -0.010158918797969818, 0.4225017726421356, -1.7574090957641602, 0.8348374962806702, -1.3157932758331299, -1.0154685974121094, 0.14449487626552582, 1.2382272481918335, -0.8712393641471863, -2.6235547065734863, 0.6670364141464233, 1.573490023612976, -0.9042589664459229, -0.30431997776031494, -0.8580710291862488, -0.4776768088340759, -0.4208986759185791, -0.5026944875717163, 2.168311357498169, -0.21137410402297974, -1.449578881263733, -1.4064083099365234, -1.2596807479858398, -0.8980704545974731, 0.721336841583252, 1.1277704238891602, -1.2684898376464844, -0.46333518624305725, -1.4449045658111572, -0.9938440918922424, 0.958889901638031, 1.4901132583618164, -1.040281891822815, -0.6496227979660034, 1.6069896221160889, -0.17012478411197662, -0.31284695863723755, 1.5938634872436523, -0.09884089231491089, -0.21576431393623352, 0.3106946349143982, 0.02094392478466034, -0.35852330923080444, -1.3939530849456787, 0.40378862619400024, -0.5840669870376587, -1.639888048171997, -1.5646995306015015, 0.913520872592926]",yunet,Facenet,1920,1080,/home/amos/media/tv/modern_family/Modern.Family.S09.1080p.DSNP.WEB-DL.DDP5.1.H.264-CRFW/Modern.Family.S09E21.The.Escape.1080p.DSNP.WEB-DL.DDP5.1.H.264-CRFW.mkv,Modern Family,2009,1442437,9,21,Julie Bowen,31171.0,0.689
268,624,126,780,336,726,204,648,204,0.914,5712,1,"[0.5499867796897888, -0.762610673904419, -1.1500717401504517, 1.0279847383499146, 0.6867375373840332, -0.466846764087677, 0.8869686126708984, -0.4049338400363922, 1.2983096837997437, -0.05799493566155434, -0.29221341013908386, -1.0714718103408813, -1.0520198345184326, 0.6786632537841797, -0.07386715710163116, 0.33012503385543823, -0.5791038274765015, -1.5101723670959473, -0.9581693410873413, -0.20619550347328186, -0.9244756698608398, 1.2375264167785645, 0.2051345407962799, 2.6315255165100098, 2.1991117000579834, 1.2957602739334106, 1.782275915145874, -1.2082451581954956, 2.506068229675293, -0.5524004697799683, 0.8876272439956665, 0.8687188625335693, -1.4537910223007202, 2.5634965896606445, -0.5203447341918945, -0.9146760702133179, 0.8489649891853333, -2.1639697551727295, 0.5056973695755005, -0.9580881595611572, -0.6687415838241577, 0.11578690260648727, -0.38674354553222656, -0.7423719763755798, -0.1468908190727234, -0.662684440612793, -0.5907431244850159, -0.7352210283279419, -0.6972744464874268, 1.8690284490585327, 0.1566590666770935, -1.0525559186935425, -0.5775452852249146, 1.042828917503357, -1.0875930786132812, -0.7438783645629883, 1.1026138067245483, -1.1238303184509277, -0.6857913732528687, 0.0027735307812690735, -0.9131149649620056, -1.0087294578552246, 1.3792786598205566, -0.23156079649925232, -1.3685688972473145, 1.425767421722412, -0.4114546775817871, 0.5294309854507446, -1.156581997871399, -1.4640222787857056, 0.3089645206928253, -1.0043463706970215, 1.3211448192596436, 0.5725122094154358, 0.5905995965003967, -0.6203333139419556, 0.9342900514602661, 0.6090999841690063, 0.48037028312683105, 0.147112637758255, -2.3792409896850586, 1.487036943435669, -0.7451857328414917, -0.8878424763679504, -0.38559892773628235, 0.2022484540939331, 0.10189637541770935, -0.011515721678733826, 1.9426074028015137, 0.7377530932426453, 0.30313006043434143, -0.034923095256090164, -0.6675457954406738, -0.36306893825531006, 1.5752946138381958, 0.5012238025665283, -1.147356629371643, 0.643162190914154, -0.6540592908859253, -0.9560222625732422, 0.47601377964019775, 0.05730929225683212, 0.5575059652328491, -0.22481077909469604, 1.382146954536438, 0.34858912229537964, -0.5055665373802185, 0.2669944167137146, -0.8880223035812378, -1.7736775875091553, 1.2383480072021484, -0.4469432830810547, 2.0140843391418457, -1.9326903820037842, 1.4273953437805176, 0.3279130756855011, -0.054461993277072906, -0.0842599868774414, -0.11833260208368301, 0.43463751673698425, -0.29439592361450195, -0.8265416622161865, 1.0054707527160645, -0.16044926643371582, -0.11198797821998596, 0.6197013258934021, 0.31027618050575256, -0.2632145285606384]",yunet,Facenet,1920,1080,/home/amos/media/tv/modern_family/Modern.Family.S09.1080p.DSNP.WEB-DL.DDP5.1.H.264-CRFW/Modern.Family.S09E21.The.Escape.1080p.DSNP.WEB-DL.DDP5.1.H.264-CRFW.mkv,Modern Family,2009,1442437,9,21,Eric Stonestreet,156962.0,0.542
269,1062,150,1206,336,1164,222,1098,228,0.904,5712,2,"[1.3499559164047241, -0.9779789447784424, 0.24094678461551666, 0.15864869952201843, 0.7775208353996277, 0.03556454926729202, 0.0692979246377945, 1.5894403457641602, -0.43000462651252747, -0.08015956729650497, -1.3922877311706543, -0.11562363803386688, -1.0389511585235596, 0.6915770769119263, -0.2622164487838745, -1.3279353380203247, 2.2113895416259766, 0.015401475131511688, 1.2438669204711914, -1.315047025680542, -1.4252021312713623, -0.41374632716178894, -0.13991710543632507, -0.5626728534698486, 1.8325467109680176, -1.7358940839767456, -0.17291082441806793, 2.681304454803467, 0.5822462439537048, 0.09535753726959229, -0.7633582353591919, 1.3986469507217407, -1.8605939149856567, 0.8875352740287781, -1.9711952209472656, -0.7550606727600098, 0.2561795711517334, 0.7982680797576904, -1.781317949295044, -0.1433008313179016, -0.6957120895385742, -0.5864814519882202, 0.22050908207893372, 1.9936726093292236, 0.3943474590778351, 0.061333175748586655, -0.7413421869277954, -1.045318603515625, 0.563469648361206, -0.28372398018836975, -0.32628709077835083, -0.38573554158210754, -0.7886215448379517, 0.5429787039756775, -0.950210690498352, 0.18196478486061096, -1.4280022382736206, -0.9454678297042847, -0.7563667893409729, 0.35589420795440674, -2.3322408199310303, 1.1127033233642578, 0.35373735427856445, 0.05474281311035156, -0.43212658166885376, 0.9627147316932678, -1.0081508159637451, 0.8419334292411804, 0.0041380152106285095, -0.9955620765686035, -0.763158917427063, 0.3802884519100189, 0.8646615743637085, -0.051533043384552, 0.0779276117682457, 1.763837218284607, -0.4813045859336853, -0.5048357844352722, 0.28919410705566406, 1.7500848770141602, 0.36412250995635986, 2.342867136001587, -0.9008634090423584, -1.782117247581482, -0.796948254108429, -0.758259654045105, 0.047712188214063644, -0.8400360345840454, 0.22603049874305725, 2.393670082092285, 1.4762638807296753, -0.07295603305101395, -2.3136303424835205, -1.3810774087905884, -0.027143016457557678, -0.43729886412620544, -0.3464096486568451, -0.7399084568023682, 1.491194248199463, 1.513965368270874, 0.08514340221881866, 0.6128367781639099, 0.217687726020813, -1.3770947456359863, -0.6235651969909668, 0.6583653092384338, -0.17786945402622223, -1.497126817703247, 0.4386118948459625, -2.1190881729125977, -0.9761947989463806, -0.21790631115436554, -1.1015084981918335, -1.1852078437805176, 1.693165898323059, -0.540427565574646, 0.17321498692035675, 0.7451475262641907, 0.5266849398612976, -0.34515953063964844, 0.7022773027420044, 0.9707404375076294, -0.09081234037876129, 1.1178680658340454, -0.32312899827957153, 0.5637931823730469, 0.2217596024274826, -0.143504336476326]",yunet,Facenet,1920,1080,/home/amos/media/tv/modern_family/Modern.Family.S09.1080p.DSNP.WEB-DL.DDP5.1.H.264-CRFW/Modern.Family.S09E21.The.Escape.1080p.DSNP.WEB-DL.DDP5.1.H.264-CRFW.mkv,Modern Family,2009,1442437,9,21,Ed O'Neill,18977.0,0.699
270,678,150,852,366,798,222,720,228,0.919,5736,0,"[1.7792447805404663, -1.0084720849990845, 0.5327588319778442, -0.3815583884716034, 0.6132107973098755, 0.18314148485660553, -0.6639798879623413, 1.3812397718429565, 0.05031305551528931, 0.18921560049057007, -1.5965039730072021, 0.5259676575660706, -0.8528450727462769, 1.0113319158554077, 0.0704699456691742, -1.6479438543319702, 2.567138195037842, 0.2913210391998291, 1.8106794357299805, -1.0489954948425293, -1.0330665111541748, -0.9960780143737793, -0.6757407188415527, -0.03278566151857376, 1.420192003250122, -2.6727943420410156, -0.3513351082801819, 2.560633659362793, 0.08652714639902115, 0.06446817517280579, -0.5660375356674194, 1.3625415563583374, -1.558983325958252, 0.37646248936653137, -2.0310592651367188, -0.69985431432724, 0.4007311165332794, 1.1370502710342407, -1.5393283367156982, 0.21934141218662262, -0.5224031805992126, -0.6153832674026489, 0.47735095024108887, 1.504644513130188, -0.09617700427770615, 0.36094096302986145, -0.6315491795539856, -0.594397783279419, 0.02324005961418152, -0.3326192796230316, 0.1719112992286682, -0.84527587890625, -0.7864420413970947, 0.2623750567436218, -0.40549954771995544, 0.14534318447113037, -1.5672184228897095, -0.8555401563644409, -0.2921146750450134, 0.18969005346298218, -1.404539704322815, 1.5128117799758911, -0.039163392037153244, 0.13260073959827423, -0.12248765677213669, 0.9172426462173462, -0.8285065293312073, 0.3252222239971161, -0.2324722409248352, -0.8796486854553223, -0.7266894578933716, 0.18311381340026855, 1.4869388341903687, 0.4643838405609131, -0.3922656774520874, 1.7662913799285889, 0.18118342757225037, -0.9096376895904541, 0.03346157819032669, 1.543677806854248, -0.14212629199028015, 1.9891844987869263, -0.5472140908241272, -0.9887203574180603, -0.7501473426818848, -0.90932297706604, 1.2053515911102295, -1.2899928092956543, 0.5120757818222046, 2.306267738342285, 0.9278210997581482, 0.23237861692905426, -2.3850104808807373, -1.1435128450393677, 0.18605002760887146, -0.7924203872680664, 0.384584903717041, -0.7909701466560364, 1.251094102859497, 1.6802855730056763, -0.062423959374427795, 1.0812809467315674, 0.23530127108097076, -1.7386187314987183, -0.5544014573097229, 0.18791033327579498, -0.14882315695285797, -1.003202199935913, 1.565682053565979, -2.01208233833313, -0.7132726311683655, -1.0278209447860718, -1.443066120147705, -1.1711843013763428, 0.7401047348976135, -0.3276131749153137, 0.46774813532829285, 1.6594103574752808, 0.039619334042072296, -0.646634042263031, -0.20230649411678314, 1.6733633279800415, -0.2548930048942566, 0.9500351548194885, -0.14222592115402222, 1.0312094688415527, -0.29339319467544556, -1.1077141761779785]",yunet,Facenet,1920,1080,/home/amos/media/tv/modern_family/Modern.Family.S09.1080p.DSNP.WEB-DL.DDP5.1.H.264-CRFW/Modern.Family.S09E21.The.Escape.1080p.DSNP.WEB-DL.DDP5.1.H.264-CRFW.mkv,Modern Family,2009,1442437,9,21,Ed O'Neill,18977.0,0.595
271,144,120,336,372,282,204,192,204,0.916,5736,1,"[0.3747187554836273, -0.6102333068847656, -0.8220036625862122, 0.636021614074707, 0.8799837827682495, -0.666663408279419, 0.9914587736129761, -0.4820745587348938, 1.2402583360671997, 0.02211587131023407, -0.4378827214241028, -0.6224948167800903, -0.7325654625892639, 1.2959831953048706, -0.17037159204483032, 0.549156904220581, -0.808613657951355, -1.4078772068023682, -0.8999380469322205, -0.22850312292575836, -0.8076770305633545, 1.3952906131744385, 0.2548969089984894, 2.270577907562256, 1.9856500625610352, 1.1583036184310913, 1.9858437776565552, -1.1049081087112427, 1.8606096506118774, -0.5760376453399658, 0.6678531169891357, 1.081035852432251, -1.03529953956604, 2.201174259185791, -0.5926032066345215, -1.0016229152679443, 0.6388978958129883, -2.3419106006622314, 0.8599492311477661, -0.6464537382125854, -0.41450393199920654, -0.4734855592250824, -0.4734640419483185, -1.0274081230163574, -0.13129496574401855, -0.59642094373703, -0.9128531217575073, -1.4717293977737427, -0.574174702167511, 2.1035192012786865, -0.6342339515686035, -1.0031123161315918, -0.4450070559978485, 0.26893478631973267, -0.9291369915008545, -1.0596531629562378, 1.1242194175720215, -1.0272494554519653, -0.7655990719795227, -0.11731873452663422, -0.6802002191543579, -0.9760794639587402, 0.9760044813156128, -0.3238627314567566, -1.5165468454360962, 0.8556011319160461, -0.15329566597938538, 0.3567325174808502, -0.9029741883277893, -1.2777791023254395, 0.2980520725250244, -0.7021571397781372, 1.7924107313156128, 0.5135342478752136, 0.9984775185585022, -1.0978111028671265, 1.3908922672271729, 0.37733763456344604, 0.9085869193077087, 0.08071808516979218, -2.0976614952087402, 1.4178398847579956, -0.5581064224243164, -1.122739315032959, -0.16552790999412537, 0.7985105514526367, -0.19772297143936157, 0.06861923635005951, 1.848997712135315, 1.1151232719421387, 0.2647468149662018, 0.23018299043178558, -0.7072576880455017, -0.6513516306877136, 1.8506726026535034, 0.2621691823005676, -1.2594325542449951, 1.3804371356964111, -0.9994126558303833, -1.2299026250839233, 0.4561736583709717, 0.3192996680736542, 0.515939474105835, -0.8059171438217163, 1.5370837450027466, -0.09240707755088806, 0.16683338582515717, 0.32314807176589966, -1.2719621658325195, -1.6567268371582031, 1.1518551111221313, 0.31782472133636475, 1.9958117008209229, -1.734605073928833, 1.4679474830627441, 0.25085315108299255, 0.383620947599411, 0.4015905261039734, 0.10519734770059586, 0.7856577634811401, -0.41299915313720703, -0.6404892206192017, 1.1340452432632446, -0.15576466917991638, 0.01904284581542015, 0.3428081274032593, 0.1551869660615921, 0.5650506019592285]",yunet,Facenet,1920,1080,/home/amos/media/tv/modern_family/Modern.Family.S09.1080p.DSNP.WEB-DL.DDP5.1.H.264-CRFW/Modern.Family.S09E21.The.Escape.1080p.DSNP.WEB-DL.DDP5.1.H.264-CRFW.mkv,Modern Family,2009,1442437,9,21,Eric Stonestreet,156962.0,0.604
272,1188,198,1374,450,1350,294,1266,294,0.908,5736,2,"[-1.0541045665740967, -1.5630536079406738, -0.4643060266971588, -1.1769546270370483, 0.2204987108707428, 0.34925106167793274, -0.18189737200737, -0.3024742901325226, 3.206658363342285, -0.45694252848625183, 1.2561858892440796, -1.6490989923477173, -0.6870113611221313, -0.1316184401512146, -1.481521725654602, 0.8502674698829651, 0.0159696526825428, -0.16484567523002625, -0.4907788038253784, -0.1358761191368103, 1.478616714477539, 0.7368664741516113, 1.3174245357513428, 0.1500607430934906, 0.258070707321167, 1.2810403108596802, 0.8568387031555176, -3.237689971923828, 2.5516350269317627, -0.44066792726516724, -0.13379234075546265, 0.8669989705085754, 0.5719679594039917, 0.16538405418395996, 1.0005214214324951, 0.7386949062347412, 0.7398939728736877, 0.8507494926452637, -0.011666074395179749, -1.345413327217102, 0.15980349481105804, 0.251970499753952, -0.9498900175094604, -1.04777193069458, -0.43801039457321167, -0.40353259444236755, -1.381095290184021, -0.800761342048645, -0.5000702142715454, 0.8379479646682739, -0.1752813756465912, -0.44988369941711426, -1.5577924251556396, 0.17624041438102722, -0.6650515794754028, -1.189782977104187, 0.8420320749282837, 0.4703032374382019, -1.0810269117355347, -1.8696701526641846, -0.122461698949337, -0.20605498552322388, -0.42020702362060547, 1.1116182804107666, -1.0903639793395996, 1.7883012294769287, 1.1668204069137573, 0.7741900682449341, 1.3709864616394043, -2.3287880420684814, -0.7191815972328186, -0.7280431985855103, -1.399190068244934, -0.44896429777145386, 0.6982446908950806, -0.49685534834861755, -1.2572779655456543, -1.262272596359253, -0.9976147413253784, -2.100821018218994, -1.2376996278762817, 0.7535372972488403, -0.6645152568817139, -0.6827300786972046, -1.0817335844039917, 0.067542165517807, -0.29343581199645996, 1.2100944519042969, -1.0467357635498047, 0.019837025552988052, -0.18418776988983154, -0.10378997027873993, 1.4427287578582764, 0.5268269777297974, -0.31892746686935425, 2.208726406097412, -1.1346409320831299, 1.1389267444610596, -0.6232989430427551, -1.021227478981018, -0.6358148455619812, -0.4503771960735321, 0.12549340724945068, -0.5324551463127136, 0.4305439591407776, 1.1059544086456299, 0.08504395186901093, 0.3580606281757355, 0.06089495122432709, -0.8290594816207886, 1.0101673603057861, -0.8211804628372192, 1.572539210319519, -0.8128831386566162, -0.27376052737236023, 1.1703331470489502, 0.2660331428050995, -1.8830482959747314, -1.2252646684646606, 0.592363178730011, -1.2314600944519043, 0.4001004695892334, 0.6282678842544556, -1.1061831712722778, 0.6372568011283875, 0.21801742911338806, -0.1590835154056549, -0.25656723976135254]",yunet,Facenet,1920,1080,/home/amos/media/tv/modern_family/Modern.Family.S09.1080p.DSNP.WEB-DL.DDP5.1.H.264-CRFW/Modern.Family.S09E21.The.Escape.1080p.DSNP.WEB-DL.DDP5.1.H.264-CRFW.mkv,Modern Family,2009,1442437,9,21,Jesse Tyler Ferguson,204815.0,0.824
273,630,150,816,378,762,234,672,234,0.92,5760,0,"[1.3229594230651855, -1.5418189764022827, 0.34810778498649597, 0.2990112900733948, 0.1498052179813385, 0.26991957426071167, -0.9880613088607788, 1.6249674558639526, 0.05694589018821716, -0.053284890949726105, -2.0446763038635254, 0.3162461817264557, -0.6684357523918152, 0.728873610496521, -0.4033506214618683, -1.2381874322891235, 2.4492971897125244, 0.14510005712509155, 1.5399844646453857, -1.0617175102233887, -1.4065964221954346, -0.5743386745452881, -0.40821972489356995, -0.18914279341697693, 1.9374969005584717, -1.6906380653381348, 0.3560079336166382, 2.9971814155578613, 0.7031201720237732, -0.26279017329216003, -0.9786535501480103, 1.9183961153030396, -1.381156086921692, 0.2303362488746643, -2.154592275619507, -0.7008121609687805, 0.10682626813650131, 1.238674283027649, -1.7722053527832031, 0.0769834965467453, -0.36168017983436584, -0.6019816994667053, 0.3146819472312927, 1.6619846820831299, 0.21612605452537537, -0.31097516417503357, -0.38762179017066956, -0.97637939453125, 0.20188651978969574, -0.2231535017490387, 0.24115759134292603, -0.5689217448234558, -0.28321683406829834, 0.5576386451721191, -0.1838957667350769, 0.19903215765953064, -1.1004936695098877, -0.7284908890724182, -0.8548503518104553, 0.4645674526691437, -2.23358416557312, 0.6667505502700806, 0.08450467139482498, -0.0025212448090314865, -0.22522851824760437, 0.4923771619796753, -0.42305678129196167, 0.5066586136817932, -0.43829551339149475, -1.439035177230835, -1.1026153564453125, 0.25384485721588135, 0.8276720643043518, 0.5644164681434631, -0.1390334516763687, 1.4647047519683838, -0.7976663112640381, -0.6885974407196045, 0.6227670907974243, 1.1078486442565918, 0.5904646515846252, 1.824317216873169, -0.09650905430316925, -1.342063307762146, -1.0884524583816528, -0.6482800245285034, 0.9691558480262756, -0.6418946385383606, 0.26500585675239563, 2.1121528148651123, 0.9281065464019775, -0.38250842690467834, -2.4552359580993652, -1.6985200643539429, 0.136809840798378, -0.43257996439933777, -0.5331966280937195, -1.0789079666137695, 1.5720787048339844, 1.3765957355499268, 0.13029706478118896, 1.1455663442611694, -0.08595544099807739, -1.740606665611267, -0.6498661041259766, 0.03855035454034805, -0.5465965270996094, -1.252355694770813, 1.2954425811767578, -2.2477898597717285, -1.0919804573059082, -0.3572695851325989, -1.1396527290344238, -1.119598627090454, 0.9631978869438171, -0.8816276788711548, 0.21339194476604462, 1.128879427909851, 0.524634838104248, -0.8289141654968262, 0.41389745473861694, 0.6517982482910156, -0.08908955752849579, 1.350972056388855, 0.3540881276130676, 1.1433565616607666, 0.5357130765914917, -0.2754305899143219]",yunet,Facenet,1920,1080,/home/amos/media/tv/modern_family/Modern.Family.S09.1080p.DSNP.WEB-DL.DDP5.1.H.264-CRFW/Modern.Family.S09E21.The.Escape.1080p.DSNP.WEB-DL.DDP5.1.H.264-CRFW.mkv,Modern Family,2009,1442437,9,21,Ed O'Neill,18977.0,0.708
274,1194,228,1386,480,1314,330,1230,330,0.915,5760,1,"[-1.1963677406311035, -1.329831838607788, -0.9742323756217957, -0.18098978698253632, -0.005509210284799337, -0.3881428837776184, 0.5186396837234497, -0.058202799409627914, 2.247652053833008, -0.4535313844680786, 1.644073724746704, -1.9497263431549072, -0.8599861264228821, -0.5191020965576172, -1.5842758417129517, 0.41525107622146606, 0.08225110918283463, -0.6320742964744568, -1.121743083000183, -0.5877230167388916, 1.322164535522461, 0.2333260327577591, 1.4504461288452148, -0.5442526936531067, -0.19905364513397217, 0.9538052678108215, 1.8628990650177002, -2.376199722290039, 1.3733439445495605, 0.03602304309606552, -0.7948664426803589, 1.7521088123321533, 0.26389211416244507, 0.46410036087036133, 0.7763068079948425, 0.3915341794490814, 0.5046111941337585, -0.4631207585334778, -0.2590542435646057, -1.9151556491851807, -0.5433744192123413, 0.056411586701869965, -0.8687335252761841, -1.0390002727508545, 0.19261784851551056, -0.7579132914543152, -0.6525040864944458, -0.44368448853492737, -0.6652831435203552, 1.149095892906189, 0.038797155022621155, -0.5585571527481079, -1.2116858959197998, 0.5194399356842041, -0.31980276107788086, -1.0020259618759155, 0.5096299052238464, 0.9073896408081055, -1.119046926498413, -2.226980447769165, -1.5049313306808472, -0.2730322480201721, 0.22835808992385864, 1.0264219045639038, -0.27869275212287903, 1.3459092378616333, 0.25505608320236206, 1.3536691665649414, 0.25047242641448975, -1.960802435874939, -0.39065515995025635, -0.590096116065979, -1.2795493602752686, 0.10104867815971375, 0.016271203756332397, 0.03471652418375015, -1.1347227096557617, -0.7926119565963745, -0.6089640259742737, -2.4079136848449707, -0.9464676380157471, 1.2556889057159424, -1.0349377393722534, -1.1562680006027222, -0.3140924274921417, -0.2560714781284332, -0.7018879652023315, 0.832476019859314, -1.32798433303833, -0.4841137230396271, 0.0008263066411018372, 0.45991531014442444, 1.2944648265838623, 0.906883180141449, -0.4527035355567932, 2.1832172870635986, -1.2659032344818115, 1.3231488466262817, -0.6970343589782715, -1.1085454225540161, -0.7137791514396667, -1.0389282703399658, 0.7308029532432556, -0.9492117762565613, -0.12780962884426117, 0.9754480719566345, 0.2236856371164322, 0.5745558738708496, -0.29114848375320435, -0.6436293721199036, 0.6745375394821167, -0.7119953036308289, 1.6847307682037354, -0.37891101837158203, -0.10693704336881638, 1.5522727966308594, 0.644417405128479, -1.9894487857818604, -1.1608740091323853, 1.3947948217391968, -1.0778260231018066, 0.13872934877872467, 0.9682531952857971, -0.698594868183136, 0.5250601768493652, 0.589171826839447, 0.06550378352403641, -0.21542170643806458]",yunet,Facenet,1920,1080,/home/amos/media/tv/modern_family/Modern.Family.S09.1080p.DSNP.WEB-DL.DDP5.1.H.264-CRFW/Modern.Family.S09E21.The.Escape.1080p.DSNP.WEB-DL.DDP5.1.H.264-CRFW.mkv,Modern Family,2009,1442437,9,21,Jesse Tyler Ferguson,204815.0,0.848
275,108,120,318,396,288,222,210,216,0.912,5760,2,"[1.520985722541809, -0.4545906186103821, 0.5340457558631897, 0.4676872193813324, 1.6762008666992188, -0.4876929521560669, 2.5849640369415283, -0.9465993642807007, 0.9221631288528442, 0.9417181611061096, -1.379002332687378, -1.0729875564575195, -1.071629285812378, 0.44875040650367737, -0.4480639398097992, 0.43441206216812134, -0.8022394180297852, -2.015019178390503, -0.27521297335624695, -0.41929200291633606, 0.15006154775619507, 1.415802240371704, 0.3851602375507355, 1.3399686813354492, 2.1296803951263428, 1.5499883890151978, 2.050454616546631, -0.8087013363838196, 0.6082562804222107, -0.8382827043533325, 0.05164853110909462, 1.3830173015594482, -2.4491703510284424, 2.019859552383423, -0.7415180206298828, -0.7588979005813599, -0.05378461629152298, -1.3501683473587036, 0.8934875726699829, -1.197590708732605, -0.8066607117652893, -0.7687019109725952, -0.9445160627365112, -1.3302334547042847, -0.1007131040096283, 0.3997894525527954, -1.146057367324829, -0.41649433970451355, -1.1088086366653442, 1.8750020265579224, -0.8909867405891418, 0.07333727180957794, -0.5435497760772705, -0.06134670972824097, 0.0204390287399292, -2.158864974975586, 0.6534401178359985, -0.39208415150642395, -0.24767783284187317, 0.36747559905052185, -1.3955632448196411, -1.5752449035644531, 0.146793931722641, -0.09276559948921204, -0.667235255241394, 0.13709083199501038, -0.3014511168003082, 0.3306795358657837, -0.7209648489952087, -0.012711668387055397, 0.15960311889648438, -1.275783896446228, 0.7788524031639099, 0.42874079942703247, 0.6269603371620178, -0.3682929575443268, -0.07879605144262314, 0.7439597249031067, 0.5738353729248047, 0.3991171717643738, -1.314058780670166, 1.7977378368377686, 0.48303845524787903, -2.140014886856079, -0.8066557049751282, 0.8891565799713135, 0.33228424191474915, -0.37850356101989746, 0.9401485919952393, 0.4793933629989624, 0.2964458763599396, 0.09153436124324799, -0.2618749439716339, -1.2501940727233887, 2.939155340194702, -0.34553444385528564, -1.6100027561187744, 1.3800444602966309, 0.3869513273239136, 0.12246368080377579, 0.10435903072357178, 0.1466660499572754, -1.1030073165893555, -1.089056134223938, -0.3863750100135803, -0.12662559747695923, 0.6103456020355225, 0.8080282211303711, -0.9612088203430176, -2.162010908126831, -0.5364913940429688, -0.19813226163387299, 1.8581467866897583, -1.8705294132232666, 1.7155791521072388, 1.0274759531021118, 0.29814279079437256, 0.8156031966209412, -0.021017394959926605, 0.9055879712104797, 0.9163328409194946, -0.4489251375198364, 0.405634343624115, -0.6851823329925537, -0.05925878882408142, 0.3067147731781006, 0.5349241495132446, 0.6994219422340393]",yunet,Facenet,1920,1080,/home/amos/media/tv/modern_family/Modern.Family.S09.1080p.DSNP.WEB-DL.DDP5.1.H.264-CRFW/Modern.Family.S09E21.The.Escape.1080p.DSNP.WEB-DL.DDP5.1.H.264-CRFW.mkv,Modern Family,2009,1442437,9,21,Eric Stonestreet,156962.0,0.595
276,1098,144,1326,438,1260,258,1158,264,0.926,5784,0,"[1.0501728057861328, 1.2372205257415771, 0.24955759942531586, 0.5275433659553528, -0.6436143517494202, -0.04766178876161575, -1.4290615320205688, -0.529701292514801, -0.46372291445732117, -0.5832696557044983, -0.26080209016799927, 0.8017641305923462, 1.4863662719726562, -0.6187523603439331, -1.649977684020996, -0.425725519657135, 0.21018384397029877, -0.4493017792701721, -0.1693408340215683, 1.0086935758590698, -0.9514602422714233, 2.3398597240448, -0.17605432868003845, 0.5410780906677246, 0.6811348795890808, 1.0036122798919678, -2.729135036468506, 2.8215761184692383, 1.630326509475708, -2.204214096069336, -0.3748820424079895, -0.8701552152633667, -0.2159578800201416, -0.8455598950386047, 1.1913487911224365, 0.29266080260276794, 0.46418875455856323, 0.24615737795829773, 0.6202470064163208, 0.6488618850708008, -0.4006703794002533, 1.6053476333618164, -0.6384475231170654, 0.019035086035728455, -0.5498315095901489, 0.26420173048973083, 0.08289381861686707, 0.1452161967754364, -0.3089766502380371, -1.1637625694274902, 0.4025843143463135, -0.17534759640693665, -0.9651356935501099, -0.902604341506958, 0.19545356929302216, 1.2132846117019653, 2.4003443717956543, 0.05061290040612221, 0.06956090778112411, -0.025536488741636276, 1.6965402364730835, -0.6806609630584717, 0.27463972568511963, -0.1494668573141098, -1.1102540493011475, 2.0982272624969482, 1.5756791830062866, 0.6221022605895996, 1.4047002792358398, -0.708322286605835, -0.568626880645752, 0.7037343978881836, -1.601694941520691, 0.7782654762268066, 0.6824328899383545, 1.117051124572754, -0.3938925266265869, 1.2219728231430054, 1.3657482862472534, 0.3306337594985962, 1.4233521223068237, -0.7990838289260864, 0.15385356545448303, 0.5755764842033386, -0.755133330821991, -0.6944072246551514, 0.0629546046257019, 0.049140095710754395, -0.22533351182937622, -0.11829695105552673, 1.0742878913879395, -1.3739088773727417, 0.07297702133655548, -0.7266302704811096, 0.35394614934921265, -0.0013100060168653727, 0.2395440638065338, -0.6607446670532227, 0.18926621973514557, -1.5121378898620605, -0.6820439100265503, 0.366290807723999, -1.570820689201355, -0.11310259997844696, -0.4237355887889862, 0.527262806892395, 0.07760211825370789, -1.5945290327072144, 0.2670413553714752, -0.20014184713363647, 0.08469048887491226, 1.054337978363037, 0.1811336874961853, 0.6197071671485901, 0.5584280490875244, 1.2968242168426514, -1.1068849563598633, -0.8755790591239929, 1.0199642181396484, 0.46001991629600525, -0.5881156325340271, 0.4689081311225891, -0.08750642836093903, -0.9091319441795349, 2.4934868812561035, -0.7296203970909119, 0.9214884042739868, -1.5780410766601562]",yunet,Facenet,1920,1080,/home/amos/media/tv/modern_family/Modern.Family.S09.1080p.DSNP.WEB-DL.DDP5.1.H.264-CRFW/Modern.Family.S09E21.The.Escape.1080p.DSNP.WEB-DL.DDP5.1.H.264-CRFW.mkv,Modern Family,2009,1442437,9,21,Ty Burrell,15232.0,0.713
277,444,246,678,558,654,366,588,378,0.912,5784,1,"[0.8851133584976196, -1.0203654766082764, -1.9404484033584595, 1.2011643648147583, 1.170272946357727, -1.8838295936584473, -0.5194409489631653, 1.6933372020721436, -0.6533012986183167, 1.190146803855896, -2.400864362716675, 0.9999963045120239, 1.439595341682434, -0.49538758397102356, 2.6925511360168457, -1.7730934619903564, -0.4897936284542084, -0.9395861625671387, 1.5969816446304321, -0.6700311899185181, -1.2259243726730347, -1.301426887512207, -0.21305829286575317, 1.320806860923767, 0.09147568047046661, -1.9309171438217163, -0.11700466275215149, 1.909484624862671, -0.48205554485321045, -2.008909225463867, -1.1919052600860596, 0.017460014671087265, -1.1244033575057983, 0.8348466753959656, -0.06055823713541031, -1.4468483924865723, -0.48934662342071533, -1.4517772197723389, -0.519758939743042, -1.254991888999939, -0.8666843771934509, 2.4964253902435303, 0.6085014343261719, -0.006326109170913696, -0.5858569741249084, -0.28410089015960693, -1.1392803192138672, 1.0078246593475342, 0.36666709184646606, -0.2808868885040283, -0.2837897539138794, 0.633188784122467, -2.038828134536743, 1.0072779655456543, 0.6424504518508911, -0.35466092824935913, -0.31105831265449524, -0.04341290518641472, -1.4185470342636108, -0.26748165488243103, -0.6349641680717468, 0.2256772369146347, 1.4362215995788574, -0.17486870288848877, -1.1618056297302246, 1.1893526315689087, -1.3387421369552612, 0.15998978912830353, -0.06620589643716812, -0.5256739854812622, 0.45498526096343994, -0.4430261552333832, -0.4327947795391083, 1.5132379531860352, -0.7851186990737915, -0.11513535678386688, -0.8929657936096191, 0.3050336539745331, -0.1431179791688919, 0.04964481294155121, 0.6351333260536194, 1.1466867923736572, -0.7187613844871521, -0.5972999334335327, -0.6675460934638977, -2.753450870513916, 0.4880850613117218, -0.8984419107437134, -0.8701703548431396, 0.40913110971450806, 0.24515792727470398, -0.32815051078796387, -1.0745223760604858, 1.5727335214614868, -0.6380591988563538, -0.6014172434806824, -0.43305161595344543, 0.4728824198246002, 0.24551746249198914, 1.7929562330245972, -1.223619818687439, -0.5275468826293945, 0.38384076952934265, 0.47465088963508606, 1.0491844415664673, -0.5768886804580688, -0.26374778151512146, -1.5477933883666992, -1.3249783515930176, 0.0490659698843956, 0.4918143153190613, -1.1204824447631836, -0.7783498764038086, -0.7507249116897583, 0.19588269293308258, 0.7928956747055054, -0.264682799577713, -0.14831829071044922, 0.6207672357559204, 0.2517772912979126, -0.948532223701477, 0.3169477581977844, -0.8920150399208069, 1.1892807483673096, -0.08322857320308685, 0.7629696726799011, -0.6706586480140686, -1.0536333322525024]",yunet,Facenet,1920,1080,/home/amos/media/tv/modern_family/Modern.Family.S09.1080p.DSNP.WEB-DL.DDP5.1.H.264-CRFW/Modern.Family.S09E21.The.Escape.1080p.DSNP.WEB-DL.DDP5.1.H.264-CRFW.mkv,Modern Family,2009,1442437,9,21,Lawrence Pressman,6564.0,0.59
278,1122,150,1350,462,1266,270,1164,276,0.925,5808,0,"[1.3325550556182861, 1.1556183099746704, 0.1352604329586029, 0.6952455639839172, -0.18103353679180145, 0.012763982638716698, -1.534067153930664, -0.21693859994411469, -0.37489205598831177, -0.2536207139492035, -0.06963814795017242, 0.5997293591499329, 1.3381158113479614, -0.5547024011611938, -1.5560767650604248, -0.3045276403427124, 0.47996750473976135, -0.9123890399932861, -0.28898659348487854, 1.411732792854309, -0.9452528953552246, 2.056452989578247, 0.24097362160682678, 0.4635390043258667, 0.7287402153015137, 1.5316964387893677, -2.3369064331054688, 3.108332633972168, 1.8012312650680542, -2.155491828918457, -0.5712577104568481, -0.4833224415779114, -0.44972139596939087, -1.2519869804382324, 0.7544754147529602, 0.5119731426239014, 0.42714112997055054, 0.2934347987174988, 0.33261042833328247, 0.42863091826438904, -0.3973279595375061, 1.4822062253952026, -1.0268322229385376, -0.16844487190246582, -0.1702962964773178, 0.3358004093170166, -0.4504167139530182, 0.5694140195846558, 0.25057560205459595, -0.9536539316177368, 0.9649477601051331, -0.03729591891169548, -0.794391930103302, -0.9142151474952698, -0.06482625007629395, 1.1435500383377075, 2.3482720851898193, -0.05636942759156227, 0.12189019471406937, 0.020936012268066406, 0.9962783455848694, -0.541058361530304, 0.7619546055793762, 0.287182092666626, -1.3760713338851929, 1.8528550863265991, 1.7796577215194702, 0.23080949485301971, 2.007368326187134, -0.40957558155059814, -0.7599313855171204, 0.8389865159988403, -1.798700213432312, 1.2918012142181396, 0.3225029408931732, 0.7051428556442261, -0.6218291521072388, 1.088227391242981, 1.0523021221160889, 0.2586117386817932, 0.911139726638794, -0.8109244108200073, 0.44439390301704407, 0.309481143951416, -0.8236042857170105, -0.8505568504333496, -0.011132560670375824, -0.2303771674633026, -0.03656047582626343, -0.487489253282547, 1.1064832210540771, -1.3758994340896606, 0.29150116443634033, -0.1830950379371643, 0.46653345227241516, -0.11090917885303497, 0.6829949021339417, -0.7109302282333374, -0.25047099590301514, -1.5500061511993408, -0.618611752986908, 0.36751171946525574, -1.5413938760757446, -0.12058117985725403, -0.7192193269729614, 0.8687788248062134, 0.12127220630645752, -1.7622957229614258, 0.3770535886287689, 0.4075362980365753, -0.2143627107143402, 1.4029486179351807, 0.07727058976888657, 0.6451233625411987, 1.0809811353683472, 1.5810306072235107, -1.0846112966537476, -1.2690403461456299, 0.586842954158783, -0.2106698751449585, -0.23741813004016876, 0.45531174540519714, 0.01660558208823204, -1.1227613687515259, 2.1367077827453613, -0.9341961741447449, 1.134474277496338, -1.6008199453353882]",yunet,Facenet,1920,1080,/home/amos/media/tv/modern_family/Modern.Family.S09.1080p.DSNP.WEB-DL.DDP5.1.H.264-CRFW/Modern.Family.S09E21.The.Escape.1080p.DSNP.WEB-DL.DDP5.1.H.264-CRFW.mkv,Modern Family,2009,1442437,9,21,Ty Burrell,15232.0,0.741
279,408,228,642,540,612,336,546,342,0.903,5808,1,"[0.5491917133331299, -0.9837023019790649, -1.6511943340301514, 1.751501441001892, 0.926447868347168, -1.0156574249267578, -0.5179754495620728, 1.5915607213974, 0.44773271679878235, 0.34363240003585815, -1.5338362455368042, 1.4202938079833984, 0.7101657390594482, 0.2999245524406433, 0.8421527147293091, -2.076676845550537, -0.6401000022888184, -0.7933856844902039, 0.16566979885101318, -0.12184058129787445, -0.155303955078125, -1.4066933393478394, -0.24570953845977783, 0.5074829459190369, 0.19443777203559875, -1.1103837490081787, 0.24580436944961548, 1.4534870386123657, -0.11982400715351105, -2.0688443183898926, -1.6379749774932861, 1.0312926769256592, -2.4636070728302, 0.43751585483551025, 0.14566005766391754, -1.315803050994873, -1.2955870628356934, -2.281937599182129, -0.28364548087120056, -1.5580344200134277, -0.5031178593635559, 1.9891701936721802, 0.1930508315563202, -0.7879012823104858, -0.08795833587646484, -1.3957579135894775, 0.5097745060920715, 0.30489152669906616, -0.010038278996944427, 0.5534707307815552, -1.0151094198226929, 0.35678550601005554, -1.1675878763198853, -0.31448566913604736, 1.5454704761505127, -1.0386468172073364, 0.9461035132408142, 0.5342550873756409, 0.2939344346523285, 0.23559144139289856, -0.2176133394241333, -0.15451940894126892, 1.8060853481292725, -0.29755911231040955, -0.5927213430404663, 1.9096115827560425, -0.9964470863342285, 1.2650537490844727, -0.995369017124176, -0.40257570147514343, -0.08352426439523697, -0.02335619181394577, -0.13590197265148163, 2.7944495677948, -0.3579442501068115, -0.013738591223955154, -0.06642773747444153, 0.8376646637916565, 0.43798983097076416, -0.2747228145599365, -0.4393447935581207, 0.354783296585083, -0.6110847592353821, -1.407694935798645, -0.45210549235343933, -1.7308402061462402, 0.17289802432060242, -1.3233925104141235, -0.32837286591529846, -0.004494445398449898, 0.4662614166736603, 0.30053529143333435, -1.8522249460220337, 0.21950626373291016, -0.10988941788673401, 0.18196642398834229, -1.2305974960327148, 0.959968626499176, -0.027305083349347115, 0.5365329384803772, -1.5034188032150269, -0.5485014915466309, -0.17137682437896729, -0.6325752139091492, 1.6964879035949707, -0.6827511191368103, 0.823141872882843, -0.7631937265396118, -0.6794512271881104, 0.2086205929517746, 1.3400441408157349, -0.46287304162979126, 0.4628587067127228, -0.7330755591392517, 0.1318114697933197, 1.5224223136901855, -0.09539373964071274, 0.4564432203769684, 0.6771906018257141, 0.9587435126304626, -1.0089837312698364, 0.35410425066947937, -0.3396788239479065, 0.5962743163108826, 0.24140116572380066, 0.5615870952606201, -0.2729518413543701, -1.8540480136871338]",yunet,Facenet,1920,1080,/home/amos/media/tv/modern_family/Modern.Family.S09.1080p.DSNP.WEB-DL.DDP5.1.H.264-CRFW/Modern.Family.S09E21.The.Escape.1080p.DSNP.WEB-DL.DDP5.1.H.264-CRFW.mkv,Modern Family,2009,1442437,9,21,,,
280,1050,180,1272,498,1152,312,1074,312,0.93,5832,0,"[0.6672807931900024, 1.0916199684143066, 0.9007245898246765, 1.3326362371444702, -0.6058868169784546, -0.6420092582702637, -1.3638298511505127, -0.1822516769170761, 0.07036474347114563, 0.37127870321273804, 0.4768873453140259, 0.5344670414924622, 0.7301813364028931, -0.7370980978012085, -1.0350254774093628, 0.562585175037384, 0.12446875870227814, -0.7414530515670776, -1.2542328834533691, 2.2969725131988525, -0.4658823013305664, 2.0920603275299072, 0.2103671431541443, 0.8552836179733276, 0.6482692956924438, 0.8672826886177063, -2.392376184463501, 3.2748327255249023, 1.6910384893417358, -2.066039562225342, -0.013937704265117645, -1.3090312480926514, -1.0255082845687866, -0.8300192356109619, 1.6773624420166016, 0.6296066045761108, 0.0984717383980751, -0.6600744724273682, 0.5362659692764282, 0.481275349855423, -0.9210572242736816, 1.4504183530807495, -1.36732816696167, -0.7896511554718018, 0.3288467526435852, 0.27639666199684143, -0.10721065104007721, 0.2843102812767029, 0.7855653166770935, -0.2215890884399414, 1.4403680562973022, -0.949131429195404, -0.1784360706806183, -1.1456307172775269, -0.630837082862854, 0.12146078050136566, 1.4987577199935913, 0.5022446513175964, -0.41153621673583984, 0.2936646640300751, 1.4089157581329346, -0.1578294336795807, 0.18845412135124207, -0.8567996025085449, -1.4192160367965698, 1.8099924325942993, 1.9194923639297485, 0.5199436545372009, 2.455324172973633, 0.283500075340271, -0.4358583390712738, 0.2669932246208191, -0.9249762296676636, 0.5557408332824707, -0.02041151374578476, 0.24604709446430206, 0.7279961109161377, 1.5068024396896362, 1.3000037670135498, 0.9933587312698364, -0.06834293901920319, -2.1572234630584717, 1.5911800861358643, -0.11039038747549057, -1.2562958002090454, -0.5474575757980347, 0.6349706053733826, -0.3797473907470703, 0.7872637510299683, -0.5447654128074646, 1.2357122898101807, -0.8356711864471436, -0.5637027621269226, 0.9687411189079285, 0.8733641505241394, -0.8698863387107849, 0.39014869928359985, -0.2608841359615326, 0.12448419630527496, -0.44286829233169556, 0.24463795125484467, 2.2616374492645264, -1.527545690536499, -0.07102300971746445, 0.22436770796775818, 1.0906567573547363, 0.7036892175674438, -1.339166522026062, -0.9578959345817566, 0.6285246014595032, 0.5166676640510559, 1.6744990348815918, 0.1735292375087738, -0.3950320780277252, 0.9542108774185181, 2.368502140045166, -0.3611428737640381, -0.8852216005325317, -0.4878157675266266, -0.9361734986305237, -0.4094020128250122, 0.06344129145145416, -0.32101142406463623, -1.3560566902160645, 2.0619168281555176, -1.7797410488128662, 0.11720757931470871, -1.218199610710144]",yunet,Facenet,1920,1080,/home/amos/media/tv/modern_family/Modern.Family.S09.1080p.DSNP.WEB-DL.DDP5.1.H.264-CRFW/Modern.Family.S09E21.The.Escape.1080p.DSNP.WEB-DL.DDP5.1.H.264-CRFW.mkv,Modern Family,2009,1442437,9,21,Ty Burrell,15232.0,0.645
281,1062,168,1290,480,1176,294,1092,288,0.928,5856,0,"[0.8601803779602051, 0.7831200361251831, 0.4247087240219116, 1.3357163667678833, 0.18126510083675385, -0.3380883038043976, -1.5221601724624634, 0.173032745718956, 0.7028101682662964, 0.3917098939418793, 0.41147035360336304, 0.5296239852905273, 1.2116456031799316, -0.7711015939712524, -0.7030767202377319, -0.39146411418914795, -0.07121187448501587, 0.03799574822187424, -1.2714751958847046, 2.086134195327759, -0.4450269341468811, 1.8934799432754517, 0.24162805080413818, -0.1434568464756012, 0.4832003712654114, 0.6054725646972656, -2.884779691696167, 2.952061176300049, 1.1715339422225952, -2.1705520153045654, 0.054418839514255524, -1.428747296333313, -1.2309409379959106, -1.2609210014343262, 1.4067020416259766, 0.843013346195221, -0.20811831951141357, -0.523641049861908, 0.21627460420131683, 0.18554969131946564, -0.14464224874973297, 1.427491545677185, -1.1147792339324951, -0.6601468324661255, 0.19306723773479462, -0.0032218247652053833, -0.23450545966625214, 0.1599791944026947, 0.48873192071914673, -0.49395546317100525, 0.7646471261978149, -0.3148035407066345, -1.1579585075378418, -1.2445632219314575, -0.5570964217185974, 0.03472370281815529, 2.0777947902679443, 0.31379643082618713, 0.2568221688270569, -0.9937617778778076, 1.564375638961792, -0.4039750099182129, 0.7139132022857666, -0.15373867750167847, -0.9456033110618591, 1.3914121389389038, 1.4530723094940186, 0.33433035016059875, 1.5328441858291626, -0.5056438446044922, -1.2153784036636353, 0.010831579566001892, -1.1448044776916504, -0.059426449239254, 0.3350696563720703, 0.16961830854415894, 0.1174263209104538, 1.2460898160934448, 0.10323534160852432, 0.8490299582481384, 0.27844300866127014, -1.8845250606536865, 0.9916177988052368, 0.1869530975818634, -1.3360679149627686, -1.2491230964660645, -0.236875981092453, 0.25368034839630127, 0.07058179378509521, -0.35888415575027466, 1.1879628896713257, -1.4020771980285645, -0.6461821794509888, 0.4713907241821289, 0.13289733231067657, -1.1241976022720337, 0.5567484498023987, -0.6712032556533813, 0.48295217752456665, -0.5667558908462524, -0.44427019357681274, 2.208704948425293, -1.6030045747756958, -0.4214991629123688, 0.27738168835639954, 1.8351681232452393, 0.8228538036346436, -1.3715550899505615, 0.05810696631669998, 0.8240593075752258, 0.5519079566001892, 1.9793757200241089, -0.12210366129875183, -0.046282023191452026, 1.6575324535369873, 2.246706485748291, -0.5813498497009277, -1.5478821992874146, -0.016485534608364105, -0.7062806487083435, -0.7193055152893066, 0.47387245297431946, -0.20042841136455536, -1.2578507661819458, 2.021611452102661, -2.3997926712036133, -0.07458887249231339, -0.9236773252487183]",yunet,Facenet,1920,1080,/home/amos/media/tv/modern_family/Modern.Family.S09.1080p.DSNP.WEB-DL.DDP5.1.H.264-CRFW/Modern.Family.S09E21.The.Escape.1080p.DSNP.WEB-DL.DDP5.1.H.264-CRFW.mkv,Modern Family,2009,1442437,9,21,Ty Burrell,15232.0,0.595
282,150,216,312,432,264,294,186,294,0.933,5904,0,"[-1.4137675762176514, 0.22188133001327515, 0.3861307203769684, -0.420098215341568, 1.1604602336883545, -1.5104337930679321, -1.1714627742767334, 0.33190253376960754, 0.3180469870567322, -0.8782904744148254, -0.454553484916687, 0.30142903327941895, -0.2363274246454239, 0.6097825765609741, -0.23989790678024292, 0.8241664171218872, -0.9344857931137085, 0.08293525874614716, -1.5092337131500244, -0.17945145070552826, -0.2918967008590698, 0.5412307977676392, 0.3265233635902405, 0.291218638420105, -0.7332252264022827, 1.5220046043395996, -0.9474304914474487, -0.43336910009384155, -0.0365963876247406, -1.5860320329666138, -1.0734001398086548, 0.1797862946987152, -0.6340644955635071, -0.6629844903945923, -0.43791472911834717, 1.3135297298431396, -1.272541880607605, 0.2891561985015869, 0.6990606188774109, -0.7542821168899536, -0.2682470679283142, 0.05067366361618042, -0.10303245484828949, -0.6272135376930237, -1.5236825942993164, 0.5348536968231201, -0.7820355892181396, -0.6633096933364868, -1.6964479684829712, 0.31307363510131836, 0.5747014284133911, -2.1027495861053467, 0.18476083874702454, 0.4410877227783203, 0.10095173120498657, -2.1551804542541504, 1.5074195861816406, -1.1639333963394165, -1.6449939012527466, 0.6216238737106323, -0.7152426242828369, -1.7266223430633545, -1.5749738216400146, 0.7713087201118469, 0.6328063607215881, -1.5055433511734009, 0.3634132146835327, -1.457879662513733, 1.7024885416030884, 1.40524160861969, -0.0022057457827031612, 2.5410754680633545, -2.696540355682373, 2.301126718521118, 1.1638208627700806, -0.2508963346481323, 0.23789384961128235, 0.9098155498504639, 1.2311174869537354, -0.03383496403694153, -0.25634485483169556, -0.6119585037231445, -0.005440481007099152, -0.8371222615242004, -0.3466451168060303, 0.5904026031494141, 1.4056702852249146, -0.9450526237487793, -2.5603740215301514, 0.2172900140285492, 1.6948076486587524, -1.009857416152954, -0.12029528617858887, -0.8045571446418762, -0.17940160632133484, -0.25446924567222595, -0.11162340641021729, 2.617091655731201, 0.19664163887500763, -2.686927080154419, -1.240386962890625, -1.8252179622650146, -0.8428951501846313, 0.8989285230636597, 1.1593220233917236, -1.4910868406295776, -0.7280317544937134, -1.3254326581954956, -0.9934256672859192, 0.8804987072944641, 1.1667530536651611, -0.2957753539085388, 0.19636669754981995, 1.4883747100830078, 0.0324411503970623, 0.18621185421943665, 0.7992205619812012, -0.21986648440361023, -0.4108392000198364, 0.9993367195129395, -0.17111751437187195, -0.7872039079666138, -1.0412408113479614, 0.13889653980731964, -1.1240670680999756, -1.1707112789154053, -1.6511874198913574, 0.7505602836608887]",yunet,Facenet,1920,1080,/home/amos/media/tv/modern_family/Modern.Family.S09.1080p.DSNP.WEB-DL.DDP5.1.H.264-CRFW/Modern.Family.S09E21.The.Escape.1080p.DSNP.WEB-DL.DDP5.1.H.264-CRFW.mkv,Modern Family,2009,1442437,9,21,Julie Bowen,31171.0,0.662
283,618,114,786,336,738,204,660,204,0.92,5904,1,"[0.25645676255226135, -0.4315134286880493, -0.5180315375328064, 0.6906048655509949, 1.8526012897491455, -0.9491310715675354, 1.1484944820404053, -0.4679886996746063, 1.2879821062088013, 0.9953935146331787, -1.257305383682251, -0.6206455826759338, -0.43333351612091064, 0.3942120671272278, 0.6566753387451172, 0.5002346038818359, -1.917991042137146, -1.6367121934890747, -1.0956683158874512, -0.8505237102508545, -0.2287551760673523, 1.1840161085128784, -1.0503276586532593, 2.3717336654663086, 2.266742467880249, 1.091098427772522, 2.074744939804077, -0.23288396000862122, 0.6537236571311951, -1.330576777458191, 0.5439209938049316, 0.8860656023025513, -1.5170928239822388, 1.5079551935195923, -1.0930017232894897, -0.9905651807785034, 0.15388959646224976, -2.8714494705200195, 0.327720582485199, -1.2246763706207275, -0.5352844595909119, -0.23364822566509247, -0.05990666151046753, -0.1647803783416748, -0.7013300061225891, 0.09909941256046295, -1.424235463142395, -0.7763837575912476, -0.45798641443252563, 1.1966533660888672, -0.48931455612182617, -0.5935816764831543, -1.0713151693344116, 0.6266653537750244, 0.06999258697032928, -1.9174197912216187, 0.868725597858429, -1.5753958225250244, -0.8200808763504028, -0.31033363938331604, -1.3335175514221191, -0.7185186743736267, 0.7354373335838318, -0.3587803542613983, -1.1051181554794312, 0.8813649415969849, -1.1955773830413818, -0.290459543466568, -0.9611173272132874, -0.6974154710769653, 0.3968762457370758, -1.0603495836257935, 1.1363142728805542, 0.05098038911819458, 0.36065927147865295, -0.901613175868988, 0.6117587089538574, 1.3758784532546997, 0.7932302355766296, 1.5113379955291748, -1.779839277267456, 0.9480201005935669, -0.02377847395837307, -0.7313829660415649, -0.3940468728542328, 0.4725288450717926, -0.4426400661468506, 0.3300594091415405, 1.808009386062622, 0.7161831259727478, 1.4267529249191284, -0.5063103437423706, -0.4514846205711365, -0.2118171751499176, 2.085202217102051, 0.20741133391857147, -1.166088342666626, 1.0254127979278564, -0.22074300050735474, -0.6385931372642517, 0.22238050401210785, -0.023865677416324615, -0.022410064935684204, -0.8265562653541565, 0.7336050271987915, -0.7887771129608154, -0.3553072214126587, 0.4440247714519501, -1.0631358623504639, -0.5141863822937012, 0.5546155571937561, -1.059626579284668, 1.6054366827011108, -1.4249839782714844, 1.5495573282241821, 0.8224579095840454, 0.48544207215309143, 0.717205822467804, 0.11909040808677673, 0.293036550283432, 0.19714747369289398, -0.6825222969055176, 0.7580346465110779, 0.15049006044864655, 0.048715077340602875, -0.42835578322410583, 0.5411946773529053, 0.45784613490104675]",yunet,Facenet,1920,1080,/home/amos/media/tv/modern_family/Modern.Family.S09.1080p.DSNP.WEB-DL.DDP5.1.H.264-CRFW/Modern.Family.S09E21.The.Escape.1080p.DSNP.WEB-DL.DDP5.1.H.264-CRFW.mkv,Modern Family,2009,1442437,9,21,Eric Stonestreet,156962.0,0.713
284,426,138,600,372,576,228,516,228,0.924,5928,0,"[1.1446242332458496, 1.3460136651992798, 0.3046163022518158, -0.08315105736255646, -0.5159603953361511, 0.3117917776107788, -1.9121061563491821, -0.5428344011306763, 0.5305569767951965, -1.183243989944458, 0.7505666017532349, 1.3465158939361572, 0.3598814606666565, -0.740066409111023, -1.5698902606964111, -0.16564857959747314, -0.5479533672332764, -0.6042094826698303, -0.6757684350013733, 2.1908814907073975, -0.5801140069961548, 1.6116085052490234, 0.19579213857650757, 0.12700152397155762, -0.6830248236656189, 0.9012137055397034, -2.1724679470062256, 2.3099446296691895, 0.5924463272094727, -1.6620292663574219, -0.8341853618621826, -0.5061068534851074, -1.2888612747192383, -0.2659221291542053, 0.08262061327695847, 1.431441307067871, 0.6133776903152466, -0.7853225469589233, 0.5448558330535889, 1.106749176979065, 0.2881913483142853, 0.48248833417892456, -1.0701556205749512, -0.9118344187736511, -0.3877416253089905, 0.4678862988948822, 0.4283233880996704, 0.14800746738910675, -1.2804304361343384, -0.8044401407241821, 0.21998032927513123, -0.9652495384216309, -0.3844594359397888, -0.6873022317886353, -0.10996007919311523, 0.2292506992816925, 1.670291543006897, 1.1540029048919678, 0.05938317999243736, -0.9485961198806763, 1.5674688816070557, -0.5502386689186096, -0.13173258304595947, 0.43949204683303833, -0.8497011065483093, 2.183480978012085, 1.9224344491958618, 0.46133506298065186, 1.2700031995773315, -1.0345479249954224, -0.10834787786006927, 0.35663914680480957, -0.6847036480903625, 1.7531044483184814, 0.5677862167358398, 1.579554557800293, 0.2771073579788208, 1.6832164525985718, 0.9614586234092712, 0.06416679918766022, -0.3842293322086334, -1.572428822517395, 0.11458755284547806, 0.21781522035598755, -0.4930741488933563, -1.2019776105880737, 0.4166940450668335, 0.5358532667160034, 0.48372188210487366, -0.44334691762924194, 0.6073397397994995, -2.270451545715332, 0.4924544394016266, -0.5478782653808594, 0.9394892454147339, -0.5285043716430664, 0.47297969460487366, -0.15884189307689667, -0.4614904820919037, -1.3033164739608765, -0.2704334855079651, 0.5984381437301636, -1.5938316583633423, -0.08974377810955048, -0.5297102332115173, 0.8488447666168213, 1.2800997495651245, -1.2589918375015259, 0.3421856760978699, 0.36588847637176514, 1.2829954624176025, 1.601305603981018, 0.6518735885620117, -0.11007079482078552, 0.6404701471328735, 2.6372694969177246, -1.4086862802505493, -0.4682503938674927, 0.3478265404701233, 0.27676627039909363, -1.6996514797210693, 1.0333845615386963, 0.3437352776527405, -1.6233961582183838, 2.221898317337036, -1.1305973529815674, 0.7102122902870178, -0.6215898394584656]",yunet,Facenet,1920,1080,/home/amos/media/tv/modern_family/Modern.Family.S09.1080p.DSNP.WEB-DL.DDP5.1.H.264-CRFW/Modern.Family.S09E21.The.Escape.1080p.DSNP.WEB-DL.DDP5.1.H.264-CRFW.mkv,Modern Family,2009,1442437,9,21,Ty Burrell,15232.0,0.691
285,1074,204,1236,420,1224,288,1152,282,0.905,5928,1,"[-0.4552666246891022, 2.4081034660339355, 0.7017204165458679, -1.7158231735229492, -0.757296085357666, 0.6476823687553406, -1.3592579364776611, 0.26549720764160156, -0.2663418650627136, 1.9763503074645996, -0.6579676270484924, 2.9066920280456543, -1.214814305305481, -0.3315287232398987, 0.8402407169342041, 0.39379173517227173, -0.7916837930679321, -1.047911524772644, -0.687370240688324, 0.45010849833488464, 0.8500080108642578, -0.17723265290260315, 0.2512040436267853, -0.07231808453798294, -1.5619834661483765, -0.6936453580856323, -1.7059401273727417, -0.08850552141666412, 2.0672969818115234, 0.4493865668773651, 0.5205927491188049, -2.1459789276123047, 0.754976212978363, -1.4851648807525635, 1.5039645433425903, -0.05372500792145729, -1.1305495500564575, -0.7763336300849915, -0.10884541273117065, 0.007485013455152512, -1.9000744819641113, 0.914078414440155, -0.5424321889877319, 1.8551777601242065, -0.7750833630561829, 0.774342954158783, -0.37350931763648987, 0.3070581555366516, -1.8823497295379639, 0.43939515948295593, 0.8330560922622681, 0.40217459201812744, 0.9649766087532043, 0.42777931690216064, -0.9557850956916809, 0.17722293734550476, -0.34800994396209717, -0.16749507188796997, -1.1177722215652466, 0.2551592290401459, 0.2582845389842987, 0.11265230178833008, -1.1300628185272217, -1.009220838546753, 0.4834851622581482, -0.33463162183761597, -0.5178005695343018, -0.045679736882448196, 1.8989747762680054, -1.408168077468872, -0.8663684129714966, 0.616450309753418, -0.6627429723739624, -0.597773015499115, 0.9033234119415283, 0.8372042179107666, 0.6655200719833374, -0.8007313013076782, 0.902141273021698, -0.9706882834434509, 0.3367571532726288, -0.3342965841293335, 0.1629393994808197, -0.14292293787002563, -0.6665931344032288, -1.7663086652755737, 0.31133121252059937, 0.22952933609485626, 0.7484613656997681, 1.0768283605575562, -2.183364152908325, 0.08506100624799728, 0.5868220925331116, 0.4208610951900482, 0.5961573123931885, 1.2059004306793213, 0.044230613857507706, -0.659429669380188, 0.8808647990226746, -0.42393845319747925, 0.3727044463157654, 0.07063890248537064, -1.2055190801620483, 1.7796919345855713, 0.3571614921092987, -1.2109898328781128, -0.26679348945617676, 0.666919469833374, 1.5037764310836792, -0.18918472528457642, 1.5263948440551758, -0.2861875891685486, -0.5172197818756104, 0.5615809559822083, 0.1542407125234604, 1.5168017148971558, 0.5639275312423706, 1.076853632926941, 0.9190608263015747, -0.8173978924751282, 0.6449564695358276, -1.232588529586792, -1.6204289197921753, 0.3286130428314209, 0.47659140825271606, -0.6167569160461426, -0.9894489049911499, -0.4284970462322235]",yunet,Facenet,1920,1080,/home/amos/media/tv/modern_family/Modern.Family.S09.1080p.DSNP.WEB-DL.DDP5.1.H.264-CRFW/Modern.Family.S09E21.The.Escape.1080p.DSNP.WEB-DL.DDP5.1.H.264-CRFW.mkv,Modern Family,2009,1442437,9,21,Sofía Vergara,63522.0,0.641
286,468,174,636,408,618,264,558,264,0.922,5952,0,"[1.1463913917541504, 1.7247122526168823, -0.30218467116355896, 0.3125652074813843, -0.4260651767253876, 0.06490268558263779, -1.7808367013931274, -0.44910794496536255, 0.27408069372177124, -1.55214262008667, 0.5680171251296997, 1.2023402452468872, 0.2525344491004944, -0.3541243076324463, -1.7088526487350464, -0.3016548156738281, -0.715600848197937, -1.0053644180297852, -1.0233843326568604, 2.5611798763275146, -0.907556414604187, 2.0250771045684814, 0.019442223012447357, 0.1925855278968811, -0.7761536836624146, 0.23587378859519958, -2.0885117053985596, 2.0556483268737793, 0.7104414105415344, -0.9796174168586731, -0.6228337287902832, -0.6892531514167786, -1.2204972505569458, 0.0469081774353981, -0.21171608567237854, 1.5806050300598145, 0.4643307328224182, -1.0979706048965454, 0.4415167570114136, 0.8894928693771362, 0.132217675447464, 0.5605638027191162, -1.401801347732544, -0.5765306949615479, -0.32457417249679565, -0.15316027402877808, 0.6127743721008301, 0.2159590870141983, -2.0077550411224365, -0.431008905172348, 0.06682527810335159, -1.0394561290740967, 0.02449015900492668, -0.43147510290145874, -0.9145162105560303, 0.36850619316101074, 1.7823525667190552, 0.6994940042495728, 0.12088052183389664, -0.9452901482582092, 1.0765608549118042, -0.15858598053455353, -0.36777716875076294, 0.1071426272392273, -0.7744385004043579, 1.753757119178772, 1.8758246898651123, 0.37531694769859314, 0.5460676550865173, -1.2413794994354248, 0.02500785142183304, 0.3127107620239258, -0.6651579141616821, 1.7596451044082642, 0.36592191457748413, 1.9346641302108765, 0.7259962558746338, 1.590244174003601, 1.231189250946045, -0.3910422921180725, 0.04199623316526413, -1.2481460571289062, -0.2822473347187042, 0.4574184715747833, 0.3269589841365814, -1.2537420988082886, 0.7453656792640686, 0.6383181214332581, 0.7465537786483765, -0.3092235028743744, 0.5338128805160522, -1.8189104795455933, 0.13502416014671326, -0.622433602809906, 0.34440141916275024, -0.3163367807865143, 0.48105135560035706, -0.9141891598701477, -0.28317421674728394, -1.2942297458648682, -0.4481697678565979, 0.694937527179718, -1.4513994455337524, -0.6227741837501526, -0.1731114685535431, 0.5045742392539978, 1.4268014430999756, -1.0280529260635376, 0.7257715463638306, 0.18301299214363098, 1.4349712133407593, 1.39524507522583, 0.6704094409942627, 0.1468832939863205, 0.5200250744819641, 2.3701624870300293, -1.3671722412109375, -0.26046222448349, 0.1773519217967987, 0.6844581961631775, -1.329116940498352, 1.0633288621902466, 0.05475423485040665, -1.5244450569152832, 2.607980489730835, -1.1126240491867065, 0.500808835029602, -0.9688535332679749]",yunet,Facenet,1920,1080,/home/amos/media/tv/modern_family/Modern.Family.S09.1080p.DSNP.WEB-DL.DDP5.1.H.264-CRFW/Modern.Family.S09E21.The.Escape.1080p.DSNP.WEB-DL.DDP5.1.H.264-CRFW.mkv,Modern Family,2009,1442437,9,21,Ty Burrell,15232.0,0.599
287,1104,216,1272,426,1224,294,1152,300,0.919,5952,1,"[-1.579303503036499, 1.5214260816574097, 0.29429125785827637, -0.7249589562416077, 0.4895508289337158, 0.1911093145608902, -0.7566877603530884, -1.1126824617385864, -0.08895635604858398, 1.3364685773849487, 0.42028501629829407, 3.413839340209961, 0.6695770025253296, -1.9279472827911377, 0.9215598106384277, 1.8712518215179443, 0.2135557383298874, -0.6177923679351807, -0.5806799530982971, 1.346839189529419, 1.0386155843734741, 0.4862075448036194, -0.5532527565956116, 1.1007474660873413, -0.569078266620636, 1.4344189167022705, -0.8749914169311523, 0.16576218605041504, 2.9681718349456787, -0.09479176253080368, 0.6623417139053345, -1.8163858652114868, -0.19839297235012054, -0.694868803024292, 2.3321144580841064, 0.7122347354888916, -1.905164361000061, 0.6684973239898682, -0.5022797584533691, 1.1678619384765625, -1.5014910697937012, 1.7702538967132568, 0.017338432371616364, 1.6042424440383911, -1.4476717710494995, 0.24289047718048096, -1.2275853157043457, 0.06193351000547409, -0.5039321780204773, -0.9680690765380859, 0.9755368232727051, 0.20408552885055542, 0.670773446559906, 1.4050887823104858, -0.3603135943412781, -0.6691327095031738, 0.30908119678497314, -0.6361322402954102, -1.7661947011947632, 0.3801752030849457, 0.317326158285141, 0.08784410357475281, -0.9909802079200745, -1.2657434940338135, 0.19302982091903687, -0.012818485498428345, 0.6967777013778687, 0.3260478675365448, 1.9825656414031982, 0.35030776262283325, 0.8546133637428284, 1.0971323251724243, -2.14249587059021, 1.0121527910232544, 1.754355788230896, 0.044582366943359375, 1.115828275680542, 0.5184733271598816, -0.039914049208164215, 0.08624085783958435, 0.2159423828125, -0.536857008934021, -0.7796018123626709, -0.7301186323165894, -1.5751688480377197, 0.774234414100647, 0.10222087055444717, -0.43658918142318726, -0.9986526966094971, -0.2535099387168884, -0.4866323173046112, -0.7695666551589966, 1.7341053485870361, -0.11154647916555405, 0.8341019153594971, 1.0742136240005493, 0.26246896386146545, 0.2342320680618286, 1.4450442790985107, -0.6462875008583069, 0.04692331701517105, -0.18562352657318115, -1.313211441040039, 2.0867602825164795, 0.10052118450403214, -0.4171486496925354, -0.9691648483276367, -1.080647587776184, 0.7604096531867981, -0.2219407558441162, 1.0468347072601318, 0.13318687677383423, 0.3552384376525879, -0.19064362347126007, 0.5055307745933533, 1.4924625158309937, -0.9355543851852417, 0.5583299398422241, 0.9201343059539795, -0.3691699802875519, 0.7868360280990601, -1.1396839618682861, -0.0731409341096878, -2.0171730518341064, 0.8553355932235718, 0.5460091233253479, 0.0707058385014534, 0.009435854852199554]",yunet,Facenet,1920,1080,/home/amos/media/tv/modern_family/Modern.Family.S09.1080p.DSNP.WEB-DL.DDP5.1.H.264-CRFW/Modern.Family.S09E21.The.Escape.1080p.DSNP.WEB-DL.DDP5.1.H.264-CRFW.mkv,Modern Family,2009,1442437,9,21,Sofía Vergara,63522.0,0.668
288,492,180,666,408,642,264,588,264,0.918,5976,0,"[0.9561337232589722, 1.6898934841156006, 0.28126510977745056, -0.33572864532470703, -0.8865436315536499, 0.1974233239889145, -1.3885884284973145, -0.512933611869812, -0.06899233162403107, -1.7158740758895874, 1.2889246940612793, 1.5452284812927246, 0.200703963637352, -0.9130136966705322, -1.3601467609405518, 0.15176261961460114, -0.560827374458313, -0.20204176008701324, -0.6595733165740967, 2.2695140838623047, -0.814200758934021, 1.3709884881973267, -0.43217095732688904, -0.14411479234695435, -1.084701418876648, 0.7580005526542664, -2.471742868423462, 2.4527645111083984, 0.6203421950340271, -1.1152632236480713, -0.6400347948074341, -0.3170526921749115, -1.5063008069992065, 0.3430577516555786, -0.38796013593673706, 1.3620303869247437, 0.6552528142929077, -1.3927092552185059, 0.3500405550003052, 1.0335363149642944, 0.5129716992378235, 0.577508807182312, -0.8403812646865845, -0.5083398818969727, -0.04915183037519455, -0.1079649031162262, 0.46766355633735657, 0.22172145545482635, -1.0316991806030273, -0.7457399368286133, 0.056943245232105255, -1.0586479902267456, -0.1462828814983368, 0.09450513124465942, -0.7125272750854492, 0.4754737317562103, 1.4547251462936401, 1.2200018167495728, -0.0230124332010746, -0.7146881222724915, 0.7938873171806335, -0.1794198602437973, 0.35477370023727417, 0.9432570934295654, -0.33888721466064453, 2.063084125518799, 2.1414313316345215, 0.1530824601650238, 1.0173217058181763, -0.9746831655502319, 0.18774180114269257, 0.5373486280441284, -0.33808475732803345, 1.882561445236206, 0.3371453583240509, 1.337198257446289, -0.03217841684818268, 1.6263306140899658, 1.000113606452942, 0.19242827594280243, -0.09574612230062485, -1.6649357080459595, -0.5956329107284546, -0.5097278952598572, -0.19718235731124878, -1.327668309211731, -0.37887677550315857, 0.8330734372138977, 0.6481493711471558, -0.1713206022977829, 0.8132230043411255, -2.009881019592285, 0.2532593905925751, -0.6414205431938171, 0.5027352571487427, -0.3505042791366577, 0.3421821892261505, -0.817080020904541, -0.10569024085998535, -1.2045035362243652, -0.17452560365200043, 0.5497146844863892, -1.1473135948181152, 0.020034944638609886, -0.5568142533302307, 1.2674665451049805, 1.065877914428711, -1.498902678489685, -0.008643444627523422, 0.3607104420661926, 1.0978957414627075, 2.0536410808563232, 0.6980160474777222, -0.013931704685091972, 0.9382517337799072, 2.125751495361328, -1.214534044265747, -0.7035500407218933, 0.463734894990921, 0.4345077574253082, -1.8190284967422485, 0.903033971786499, 1.131466269493103, -1.6527820825576782, 1.8378627300262451, -0.8828670978546143, 1.0511958599090576, -0.7053026556968689]",yunet,Facenet,1920,1080,/home/amos/media/tv/modern_family/Modern.Family.S09.1080p.DSNP.WEB-DL.DDP5.1.H.264-CRFW/Modern.Family.S09E21.The.Escape.1080p.DSNP.WEB-DL.DDP5.1.H.264-CRFW.mkv,Modern Family,2009,1442437,9,21,Ty Burrell,15232.0,0.618
289,1074,222,1242,450,1224,306,1146,306,0.916,5976,1,"[-0.46690675616264343, 2.324756622314453, 0.43942251801490784, -0.7532366514205933, 0.302194207906723, 1.260560154914856, -0.8470668792724609, -0.4326818287372589, 0.3117640018463135, 1.6872539520263672, -0.23654934763908386, 2.551527976989746, -0.859595537185669, -2.1497654914855957, 0.8690515756607056, 1.118200659751892, -0.8175665140151978, -0.3909262418746948, 0.3602173328399658, 0.9021663665771484, 1.547498345375061, -0.03912786394357681, 0.36421892046928406, 0.5182714462280273, -1.6131666898727417, 0.4416176676750183, -1.844866156578064, -0.5919262170791626, 2.069485664367676, 1.114385724067688, 0.3584223985671997, -1.5476202964782715, -0.5075444579124451, -1.0553741455078125, 1.2190577983856201, -0.40706002712249756, -0.36333978176116943, 0.21828153729438782, 0.3357667028903961, 0.6590590476989746, -0.5044251084327698, 1.1238330602645874, -1.587583303451538, 0.9944145679473877, -1.180681824684143, 1.8716957569122314, 0.42503952980041504, -0.07078905403614044, -0.5452595949172974, 1.1432621479034424, -0.5867636203765869, 1.1987426280975342, 1.1089057922363281, 0.5766105055809021, 0.048803217709064484, 0.24836772680282593, -0.28371357917785645, -1.3940072059631348, 0.759538471698761, 1.6111620664596558, 0.9424136877059937, -0.909797191619873, 0.12663355469703674, -1.9683723449707031, 0.3311527371406555, 0.3097173273563385, 0.647266685962677, 0.937831699848175, 1.9288822412490845, -1.0642685890197754, -1.3335193395614624, 0.8473755121231079, -0.9141162633895874, 0.9913318753242493, 0.7377678751945496, 1.3190749883651733, -0.8204172849655151, -0.30457717180252075, -0.5451405644416809, -0.5606474280357361, -0.6116682291030884, -1.312442421913147, -0.7879011631011963, 0.07884077727794647, 0.006724268198013306, -1.063638687133789, -0.6125673055648804, 0.7219604849815369, -0.030426472425460815, 1.7269312143325806, -1.2785552740097046, 0.23165786266326904, 1.6473461389541626, 0.2083178162574768, -0.047924213111400604, 0.9109982252120972, 0.2085500806570053, 0.3214465379714966, 0.7202421426773071, -0.9415715336799622, 0.28739213943481445, -1.189068078994751, -1.5559507608413696, 0.9491869211196899, 0.34588733315467834, -0.7111240029335022, -1.3641482591629028, 1.8446663618087769, 0.7994319796562195, 0.084881991147995, 1.65683913230896, -0.39283818006515503, -0.15395192801952362, -0.4090234041213989, 0.5456884503364563, 1.0734007358551025, -0.7021006345748901, -0.4803704023361206, 1.2411848306655884, 0.3224236071109772, 1.1344985961914062, -1.7771040201187134, -2.2340850830078125, -0.754149317741394, -0.4579933285713196, -0.5186985731124878, -0.783458411693573, -0.9218199253082275]",yunet,Facenet,1920,1080,/home/amos/media/tv/modern_family/Modern.Family.S09.1080p.DSNP.WEB-DL.DDP5.1.H.264-CRFW/Modern.Family.S09E21.The.Escape.1080p.DSNP.WEB-DL.DDP5.1.H.264-CRFW.mkv,Modern Family,2009,1442437,9,21,Sofía Vergara,63522.0,0.604
290,510,168,690,420,666,264,618,264,0.923,6000,0,"[1.6178568601608276, 1.0267865657806396, 0.6065455079078674, 0.5164351463317871, -1.0782166719436646, -0.2890114486217499, -1.2414073944091797, -0.4075203835964203, -0.4425673186779022, -0.35272416472435, 1.230850100517273, 0.6071947813034058, 0.7762565016746521, -0.16384145617485046, -2.2703778743743896, -0.3201882243156433, -0.5721259117126465, -1.1324193477630615, -1.0142451524734497, 2.2704861164093018, -0.7275702953338623, 1.7241466045379639, -0.26222726702690125, -0.2166612148284912, -0.24552671611309052, 0.47416719794273376, -2.304461717605591, 2.4718246459960938, 0.8598472476005554, -1.5093308687210083, -0.8621768951416016, -0.48205363750457764, -1.0639241933822632, 0.00952911376953125, 0.015660472214221954, 1.3358901739120483, -0.03982923924922943, 0.05435468256473541, 0.7255830764770508, 0.6024360656738281, 0.609653890132904, 1.2479991912841797, -0.8600704669952393, -0.48895740509033203, -0.547003984451294, -0.5271980166435242, 0.9215747117996216, 0.8899105787277222, -0.9629366993904114, -0.9963772296905518, 0.6695113778114319, -0.37694087624549866, -0.3093750774860382, -1.4622904062271118, -0.592035710811615, 0.6247420907020569, 2.2550764083862305, 1.5273493528366089, 0.540891706943512, -0.2652727961540222, 1.50322425365448, -0.5693569183349609, -0.702709972858429, 0.34586718678474426, -0.21828734874725342, 1.5407742261886597, 1.6396585702896118, 0.10166377574205399, 0.8878987431526184, -0.4614467918872833, -0.3568114936351776, -0.007284253835678101, -1.1042605638504028, 1.6892279386520386, 0.4748651683330536, 1.4780018329620361, 0.6446348428726196, 1.610848069190979, 1.1102728843688965, 0.12179723381996155, 0.5717167854309082, -1.9283170700073242, 0.817967414855957, 0.36552268266677856, -0.2614964246749878, -0.8937947750091553, 0.5897429585456848, 0.21015344560146332, 0.6399761438369751, -0.7156440019607544, 0.17335036396980286, -1.128300666809082, 0.5264602899551392, 0.059781763702631, 1.234902262687683, -0.6718790531158447, 0.2812310755252838, -1.16146719455719, -0.3466421663761139, -1.4736177921295166, -0.45443493127822876, 0.5537443161010742, -2.205092430114746, -0.5902148485183716, -0.4559265077114105, 1.1752201318740845, 1.7578322887420654, -1.354479193687439, 0.26885202527046204, 0.406069815158844, 1.383119821548462, 1.801074504852295, 0.16176289319992065, 0.668458878993988, 0.6120466589927673, 2.185965061187744, -1.0383086204528809, -0.8231930732727051, -0.14635008573532104, 0.5301468968391418, -1.0309572219848633, 0.8949745893478394, -0.6355367302894592, -1.1364284753799438, 2.1241230964660645, -0.7637425065040588, 0.6075781583786011, -1.2403206825256348]",yunet,Facenet,1920,1080,/home/amos/media/tv/modern_family/Modern.Family.S09.1080p.DSNP.WEB-DL.DDP5.1.H.264-CRFW/Modern.Family.S09E21.The.Escape.1080p.DSNP.WEB-DL.DDP5.1.H.264-CRFW.mkv,Modern Family,2009,1442437,9,21,Ty Burrell,15232.0,0.683
291,264,252,396,426,348,330,294,330,0.921,6024,0,"[-1.580289602279663, 0.4555741250514984, 0.34804150462150574, -0.35125622153282166, 1.2264704704284668, -1.847433090209961, -2.0606496334075928, -0.5463725924491882, 0.2228824496269226, -0.9721940159797668, 0.12018857151269913, 1.2414106130599976, 1.4236130714416504, 0.28723567724227905, -0.0515255481004715, 0.17193107306957245, -0.47453704476356506, 0.2463608831167221, -0.9014405608177185, 0.3825809955596924, 0.01909482479095459, 0.3343714475631714, 0.4973592162132263, -0.054629892110824585, -1.0102254152297974, 0.29323112964630127, -1.84388267993927, 0.044796172529459, 0.31190019845962524, -2.075260639190674, 0.08826650679111481, -1.0542244911193848, -0.03699430078268051, -0.7391984462738037, -0.2216859757900238, 1.6916099786758423, -1.1515864133834839, 0.2915767729282379, 0.33833199739456177, -0.4881953299045563, 0.05535619705915451, 1.050297498703003, 0.986054539680481, 0.03590773046016693, -2.093223810195923, 0.6700887680053711, -0.339022159576416, -1.2572402954101562, -1.6401060819625854, -0.24465715885162354, 0.8158296942710876, -1.1938101053237915, -0.9433841705322266, 0.24632297456264496, -0.024691946804523468, -1.514122724533081, 1.0738810300827026, -0.8417730331420898, -1.182529330253601, 0.8377185463905334, 1.2133663892745972, -1.4014763832092285, -1.56840181350708, 0.38338953256607056, 0.7232376933097839, -1.594861388206482, 0.23807156085968018, -0.9706435203552246, 1.2959070205688477, 0.956805944442749, -0.870779275894165, 2.0623443126678467, -3.283284902572632, 0.6784849166870117, 1.7832525968551636, 0.8865170478820801, 0.8152796030044556, 0.5786529183387756, 0.4544391632080078, -1.0179953575134277, 0.537278950214386, 0.9119162559509277, 0.8833437561988831, -0.07638087868690491, -1.4139808416366577, 0.4343033730983734, 1.012662410736084, -0.18248465657234192, -3.2025463581085205, -0.35395365953445435, 0.9873355627059937, -1.4431332349777222, 0.4102224111557007, -1.1845256090164185, 0.300189733505249, -0.47286340594291687, -0.5302786827087402, 1.6354107856750488, 1.490757703781128, -1.642406940460205, -1.451836347579956, -1.0124646425247192, -0.6901972889900208, 1.0898489952087402, 1.1296038627624512, -1.1054247617721558, -0.07100142538547516, 0.16088126599788666, -0.6951810717582703, -0.8608505725860596, 1.0166850090026855, -0.2662453055381775, -0.2737477421760559, 1.2955327033996582, 0.13624224066734314, 0.6354914903640747, 0.9827146530151367, 0.14324557781219482, -0.2802479565143585, 1.0551836490631104, -0.19511409103870392, -0.594423770904541, -0.4310481548309326, -0.44457578659057617, 0.39743560552597046, -2.1265711784362793, -2.1948440074920654, 0.8438490033149719]",yunet,Facenet,1920,1080,/home/amos/media/tv/modern_family/Modern.Family.S09.1080p.DSNP.WEB-DL.DDP5.1.H.264-CRFW/Modern.Family.S09E21.The.Escape.1080p.DSNP.WEB-DL.DDP5.1.H.264-CRFW.mkv,Modern Family,2009,1442437,9,21,Julie Bowen,31171.0,0.64
292,708,150,864,342,816,216,744,222,0.911,6024,1,"[0.33309078216552734, -0.9027818441390991, -0.3738807439804077, 0.5581686496734619, 0.6960670948028564, -0.1692505180835724, 0.2419215589761734, -0.9014433026313782, 2.227687358856201, -0.49598565697669983, -0.6228834390640259, -0.7409839630126953, -0.4685927629470825, 0.4585631787776947, -0.26979365944862366, -0.06014517694711685, -0.4540539085865021, -1.3304389715194702, -0.9849718809127808, -0.28045886754989624, -0.6241918802261353, 1.4736497402191162, 0.5095111131668091, 2.403688907623291, 2.368335723876953, 0.6818795204162598, 1.7386106252670288, -0.9524648189544678, 1.948263168334961, -1.035955786705017, 0.12344394624233246, 0.30685311555862427, -1.3858356475830078, 2.117755889892578, -0.2386927306652069, -0.5008865594863892, 0.886564314365387, -1.9544014930725098, 0.4082057476043701, -0.6381890773773193, -0.1923208385705948, -0.9884775876998901, -0.8705545663833618, -0.705964982509613, -0.24429528415203094, -0.542251467704773, -0.7851065993309021, -1.4156180620193481, -0.5707536935806274, 1.3375244140625, -0.33682990074157715, -1.110292911529541, -0.5505161881446838, -0.18949362635612488, -0.793703019618988, -0.7637326121330261, 1.0468871593475342, -1.3740370273590088, -0.7279778122901917, -0.23740333318710327, -0.34050455689430237, -1.1837618350982666, 0.6412946581840515, -0.6831982135772705, -1.7219265699386597, 1.570852279663086, 0.04838114604353905, 0.2072821408510208, -1.1271713972091675, -2.0631282329559326, 0.17339690029621124, -1.0803831815719604, 1.4767773151397705, -0.298038125038147, 1.0752745866775513, -0.6666111946105957, 1.0066039562225342, 0.5636705160140991, 0.5201531052589417, -0.031739771366119385, -2.1282639503479004, 1.3782497644424438, -0.5240793824195862, -0.4485398530960083, -0.3238949477672577, 0.3468581736087799, 0.22461292147636414, -0.010553784668445587, 1.8704171180725098, 0.9556402564048767, 0.4180009067058563, -0.44263938069343567, -0.6583537459373474, -0.8243788480758667, 1.6956355571746826, 0.5673301219940186, -1.1139893531799316, 1.0472593307495117, -0.7295175790786743, -0.6904892921447754, 1.0873371362686157, 0.4321247935295105, 0.4782234728336334, -0.5744596123695374, 1.0278079509735107, 0.5657078623771667, -0.04787173867225647, -0.14290554821491241, -0.7285739779472351, -2.1212961673736572, 1.0740617513656616, 0.05266105756163597, 2.055635929107666, -2.2530517578125, 1.447750449180603, 0.35367751121520996, -0.14934183657169342, 0.5261501669883728, -0.05533679574728012, 0.8128511309623718, -0.42092669010162354, -0.8466582298278809, 1.0202291011810303, -0.28141430020332336, 0.3277530074119568, 0.7631271481513977, 0.5806416869163513, 0.44201502203941345]",yunet,Facenet,1920,1080,/home/amos/media/tv/modern_family/Modern.Family.S09.1080p.DSNP.WEB-DL.DDP5.1.H.264-CRFW/Modern.Family.S09E21.The.Escape.1080p.DSNP.WEB-DL.DDP5.1.H.264-CRFW.mkv,Modern Family,2009,1442437,9,21,Eric Stonestreet,156962.0,0.549
293,1548,204,1716,438,1614,294,1578,294,0.904,6024,2,"[-1.0100734233856201, -1.8497508764266968, -0.8903496265411377, 0.25385957956314087, 0.6833398938179016, 0.12045904248952866, 0.38782668113708496, 0.7822170257568359, 2.870868682861328, -1.2425249814987183, 0.4859884977340698, -1.4223859310150146, -0.1474248319864273, 0.056746989488601685, -1.4081897735595703, -0.248651385307312, 0.26805391907691956, -1.0452929735183716, -0.6509691476821899, -0.6501951217651367, 0.15375173091888428, 1.1636135578155518, 0.46629226207733154, -0.6384608149528503, 0.09128281474113464, 0.7646493911743164, 1.3051950931549072, -2.3586606979370117, 1.9455723762512207, -0.7160786986351013, -1.2172313928604126, 1.128876805305481, -0.13141804933547974, 0.019794948399066925, 0.9515799880027771, 0.4054989814758301, 0.3926278054714203, 0.23860514163970947, -0.7403944134712219, -1.6681627035140991, 0.17600108683109283, 1.2511532306671143, -1.1398924589157104, -0.486875057220459, 0.19010396301746368, -0.9002398252487183, -1.07504403591156, 0.6139203310012817, -0.5337488651275635, 1.875581979751587, 0.037217505276203156, 0.6030066609382629, -1.4630967378616333, -0.0012095719575881958, -0.6833522319793701, -0.5044206380844116, 1.4643512964248657, 0.2891896963119507, -1.9890800714492798, -2.057593584060669, -1.3471128940582275, -0.4627997875213623, -0.29028716683387756, 1.7517144680023193, -0.9695268869400024, 2.0053553581237793, 0.23793107271194458, 0.841076672077179, 0.22961267828941345, -3.2849538326263428, -0.43285176157951355, -0.68647301197052, -1.7181142568588257, 0.07575425505638123, 0.4425271153450012, -0.6503281593322754, -1.6885250806808472, -0.8085794448852539, -1.403089165687561, -1.6724730730056763, -1.6497803926467896, 1.2220724821090698, -0.7610200643539429, -0.9316744804382324, -0.2400197684764862, -1.1854082345962524, 0.8933098912239075, 1.1012349128723145, -1.1691296100616455, -0.03685687109827995, -1.0948110818862915, 0.6187655329704285, 1.4611419439315796, 0.7553761005401611, -0.07034531235694885, 2.10888671875, -0.7239578366279602, 0.9477398991584778, -1.0574514865875244, -0.6178590059280396, 0.07997741550207138, -0.7405710220336914, -0.12712694704532623, -0.6464178562164307, 0.4624814987182617, 1.1619069576263428, 0.21516230702400208, -0.4554312527179718, 0.532784104347229, -1.2355509996414185, 1.1600369215011597, -0.964128315448761, 1.8001165390014648, -0.13805416226387024, -0.38438910245895386, 1.419771432876587, 0.38491082191467285, -1.1799308061599731, -0.6978734135627747, 0.5129389762878418, -1.2796430587768555, 0.3225911259651184, 0.3202288746833801, -0.3345261216163635, 0.6352475881576538, 0.8986234068870544, -0.7831490635871887, 0.01264188438653946]",yunet,Facenet,1920,1080,/home/amos/media/tv/modern_family/Modern.Family.S09.1080p.DSNP.WEB-DL.DDP5.1.H.264-CRFW/Modern.Family.S09E21.The.Escape.1080p.DSNP.WEB-DL.DDP5.1.H.264-CRFW.mkv,Modern Family,2009,1442437,9,21,Jesse Tyler Ferguson,204815.0,0.866
294,1224,162,1440,456,1326,270,1254,270,0.93,6048,0,"[1.5108240842819214, 0.755535364151001, 0.10689198225736618, 1.3496097326278687, 0.3285960853099823, -0.5316632390022278, -1.2477009296417236, -0.006412927061319351, 0.08689050376415253, 0.7173670530319214, 0.32783231139183044, 0.49861598014831543, 0.853965699672699, -1.1890878677368164, -0.6622803211212158, -0.3077506422996521, -0.06009581685066223, 0.10918746888637543, -1.0237408876419067, 2.1123955249786377, -0.4998380243778229, 1.678205966949463, 0.5541569590568542, 0.5674142837524414, 1.2477285861968994, 0.6786105632781982, -2.702929735183716, 2.989665985107422, 1.1099263429641724, -1.6556758880615234, -0.1391931176185608, -1.5504674911499023, -2.041339874267578, -0.38179606199264526, 1.7051786184310913, 0.7446058392524719, -0.580984890460968, -0.46577703952789307, 0.14767852425575256, 0.7014521360397339, -0.13303430378437042, 1.4755159616470337, -0.7681684494018555, 0.10435040295124054, 0.5088472366333008, -0.5262657403945923, 0.5003032684326172, 0.19674921035766602, 0.11935003101825714, -0.8601057529449463, 0.591781497001648, -0.46789294481277466, -0.6374829411506653, -1.1995177268981934, -0.6218568682670593, -0.30856356024742126, 2.718742609024048, 0.40315645933151245, -0.09538506716489792, -0.23094967007637024, 2.3625693321228027, -0.6382105946540833, 0.5084499716758728, -1.107545256614685, -1.1783792972564697, 1.3948625326156616, 1.2559539079666138, -0.17953737080097198, 1.058319330215454, -0.5630828142166138, -0.5660498738288879, -0.2626122534275055, -0.863685131072998, 0.3927236795425415, 0.9415598511695862, 0.16232405602931976, 0.7058250904083252, 2.103242874145508, 1.0890246629714966, 1.0469250679016113, 0.3754775822162628, -1.3486535549163818, 1.2354141473770142, -0.24435675144195557, -1.6757614612579346, -0.2450721114873886, 0.12757843732833862, -0.338748037815094, 1.4051553010940552, 0.13517160713672638, 0.7298033237457275, -0.9461103081703186, -1.2513854503631592, 0.5673186779022217, 1.0861244201660156, -1.150209903717041, 0.23177459836006165, -1.6289703845977783, 0.05955816060304642, -0.10783564299345016, 0.09507603943347931, 1.894355297088623, -2.036644458770752, -0.4357162415981293, 0.7571943402290344, 1.0157499313354492, 0.8423339128494263, -1.169509768486023, 0.25469979643821716, 0.40330809354782104, 0.3732704520225525, 1.8423073291778564, 0.2791742980480194, -0.2196708768606186, 1.3092790842056274, 1.6310701370239258, -1.2758803367614746, -1.16131591796875, 0.39950990676879883, -0.8363704085350037, -0.4486161470413208, 0.3992599546909332, -1.028460144996643, -1.5259417295455933, 1.8122707605361938, -1.5826940536499023, 0.12174441665410995, -2.1244022846221924]",yunet,Facenet,1920,1080,/home/amos/media/tv/modern_family/Modern.Family.S09.1080p.DSNP.WEB-DL.DDP5.1.H.264-CRFW/Modern.Family.S09E21.The.Escape.1080p.DSNP.WEB-DL.DDP5.1.H.264-CRFW.mkv,Modern Family,2009,1442437,9,21,Ty Burrell,15232.0,0.573
295,498,228,720,540,696,342,648,348,0.906,6048,1,"[1.0902349948883057, -0.9298830032348633, -1.442147970199585, 1.4369226694107056, 1.2060047388076782, -1.3739080429077148, 0.06321674585342407, 0.9498802423477173, 0.1055024042725563, 0.32933688163757324, -1.2726337909698486, 0.6836807131767273, 0.7477412223815918, -0.8996577262878418, 1.1674766540527344, -2.1759274005889893, -1.6234272718429565, -1.0180541276931763, 0.9230647087097168, -0.1707315593957901, -0.9196178913116455, -1.612781286239624, 0.31596940755844116, 0.6325969696044922, -0.5101206302642822, -1.588050127029419, 0.6529260873794556, 0.9551090598106384, -0.9722498655319214, -0.989081084728241, -1.8577980995178223, 0.05676012113690376, -1.6593574285507202, 0.9326186180114746, -0.5710501670837402, -0.8714385628700256, -0.9766910672187805, -1.8342088460922241, 0.12887871265411377, -1.1945595741271973, 0.48309212923049927, 0.9205581545829773, 0.05926239863038063, -0.18327881395816803, -0.08631864190101624, -0.6024863719940186, -0.8422425985336304, 1.060458779335022, -0.5760013461112976, -1.0445408821105957, -0.04630492627620697, 0.13136237859725952, -1.038860559463501, 0.43497419357299805, 0.6135483980178833, -0.6105981469154358, 0.5601447224617004, -0.006549675017595291, -0.4261224567890167, -0.6449800133705139, -0.39609643816947937, -0.10919912159442902, 0.8857260346412659, -0.7800288200378418, -0.7470306158065796, 1.6321663856506348, -0.8755218982696533, -0.5172043442726135, -1.557253122329712, -0.1947823017835617, 0.46142637729644775, -0.553666353225708, 0.11468397080898285, 2.3508355617523193, -1.0203452110290527, 0.37399575114250183, -0.38795244693756104, 1.6414768695831299, 0.38956791162490845, -0.22302669286727905, 0.2741166055202484, 1.0950909852981567, -0.6252902746200562, -1.0968888998031616, -0.07266738265752792, -2.823418617248535, 0.5182293653488159, -0.7025864124298096, -0.2694509029388428, 0.29397839307785034, 0.15118548274040222, 0.14042457938194275, -1.0778307914733887, 1.4473085403442383, -0.516687273979187, -0.8889690041542053, 0.08760252594947815, 0.26050707697868347, -0.6822100281715393, 0.8436506986618042, -1.3165099620819092, -2.191257953643799, 0.3140178322792053, 0.7931507229804993, 1.1008810997009277, 0.19985619187355042, 1.147729516029358, -0.9691752195358276, -0.9489234089851379, 0.7304821610450745, 1.3503084182739258, -0.7992786765098572, -0.0494711771607399, -0.9965054392814636, 0.1636955291032791, 1.2087188959121704, -0.6644147634506226, 0.028582684695720673, 0.8113415241241455, 0.2914150059223175, -1.0723317861557007, 0.5515809059143066, -0.9349460005760193, 1.1578218936920166, 0.10737594217061996, 0.9702152609825134, -0.6345527768135071, -1.3360404968261719]",yunet,Facenet,1920,1080,/home/amos/media/tv/modern_family/Modern.Family.S09.1080p.DSNP.WEB-DL.DDP5.1.H.264-CRFW/Modern.Family.S09E21.The.Escape.1080p.DSNP.WEB-DL.DDP5.1.H.264-CRFW.mkv,Modern Family,2009,1442437,9,21,Lawrence Pressman,6564.0,0.585
296,1212,138,1434,438,1326,258,1248,258,0.937,6072,0,"[1.0146807432174683, 0.7528936862945557, 0.7774180173873901, 1.3367797136306763, -0.3443688750267029, -0.4435487389564514, -1.3215320110321045, -0.22766762971878052, 0.04699912667274475, 0.13421684503555298, 0.21889007091522217, 0.6134685277938843, 0.08030273020267487, -1.1492546796798706, -0.8728817701339722, -0.6661221385002136, -0.25396817922592163, 0.15211178362369537, -1.4302387237548828, 2.2606725692749023, 0.0018156766891479492, 1.1452815532684326, 0.5814206004142761, 0.4073449969291687, 0.8719323873519897, 0.7815127372741699, -3.4159185886383057, 2.887789726257324, 1.0702078342437744, -1.7958159446716309, -0.10896767675876617, -1.405112385749817, -2.2006337642669678, -0.1989290565252304, 1.357870101928711, 0.6770755648612976, -0.48467496037483215, -0.2951758801937103, 0.15397106111049652, 0.6985433101654053, -0.5347338318824768, 1.3183218240737915, -1.178796410560608, -0.13964815437793732, 0.1329900175333023, 0.42027318477630615, 0.6184813380241394, 0.8106124401092529, -0.5924004912376404, -1.085780382156372, 1.064687728881836, -0.7949417233467102, -0.4900127351284027, -1.5216333866119385, -0.1274588257074356, -0.0242677740752697, 2.478123903274536, 0.9596918821334839, -0.21015478670597076, -0.06357207149267197, 2.0975751876831055, -0.5064804553985596, -0.28370389342308044, -0.6925795674324036, -0.8738822340965271, 1.4567210674285889, 1.2557666301727295, 0.3852153718471527, 1.5771323442459106, -0.6243972778320312, -0.17717736959457397, -0.3521800637245178, -1.2378703355789185, 0.8244175910949707, 0.6368461847305298, 0.9770050644874573, 0.47645267844200134, 2.0547144412994385, 0.521985650062561, 1.1269932985305786, 0.2994859218597412, -2.221177577972412, 0.8040140271186829, -0.2913694381713867, -1.4544271230697632, -0.6241624355316162, 0.33236294984817505, -0.1971326619386673, 0.6937216520309448, -0.35610976815223694, 1.1421657800674438, -1.5276403427124023, -0.702705979347229, 0.5412637591362, 0.8476362228393555, -0.8912048935890198, 0.6578734517097473, -0.8200782537460327, 0.4604046940803528, -0.4923587739467621, -0.17509612441062927, 1.5727821588516235, -2.1302361488342285, -0.4937717020511627, -0.08104138821363449, 0.4641488194465637, 0.9957892298698425, -1.8931859731674194, 0.39113134145736694, 0.411163330078125, -0.07331986725330353, 1.740742564201355, 0.33881497383117676, -0.9227904081344604, 1.1851614713668823, 2.297175884246826, -1.14581298828125, -0.6989313960075378, 0.012299537658691406, -0.3128586709499359, -0.679436981678009, 0.4483695924282074, -0.8470597267150879, -1.586137056350708, 1.7492948770523071, -1.512520432472229, -0.201779305934906, -1.3987704515457153]",yunet,Facenet,1920,1080,/home/amos/media/tv/modern_family/Modern.Family.S09.1080p.DSNP.WEB-DL.DDP5.1.H.264-CRFW/Modern.Family.S09E21.The.Escape.1080p.DSNP.WEB-DL.DDP5.1.H.264-CRFW.mkv,Modern Family,2009,1442437,9,21,Ty Burrell,15232.0,0.616
297,1194,150,1410,444,1302,270,1230,270,0.927,6096,0,"[1.636377215385437, 0.6496899127960205, 0.07199854403734207, 1.5166465044021606, 0.32412558794021606, -0.29572710394859314, -1.3684403896331787, 0.4295254349708557, -0.12435203045606613, 0.5739401578903198, 0.48937737941741943, 0.627090334892273, 0.7415698170661926, -1.4885523319244385, -0.610273003578186, -0.9600327610969543, -0.2911848723888397, 0.11190830171108246, -1.0457086563110352, 2.4228219985961914, -0.1200750470161438, 1.0805705785751343, 0.7582775950431824, 0.27377620339393616, 0.8278760313987732, 0.5382465720176697, -3.3310670852661133, 2.9023690223693848, 0.879798948764801, -1.7048749923706055, -0.10943493247032166, -1.209294319152832, -2.052119016647339, -0.7563454508781433, 1.3070287704467773, 0.5451319813728333, -0.2985886335372925, -0.1497756838798523, -0.006872266530990601, 0.4861297905445099, -0.02179202251136303, 1.4217627048492432, -0.7859604358673096, 0.0019520968198776245, -0.05657003074884415, -0.132761150598526, 0.9216998219490051, 0.6775267124176025, -0.43086403608322144, -1.0149000883102417, 0.6762488484382629, -0.525580644607544, -0.5451671481132507, -1.202513337135315, -0.12992917001247406, -0.1580025851726532, 2.704633951187134, 0.9332147240638733, 0.2356942594051361, -0.4152027666568756, 1.7479846477508545, -0.8377053141593933, 0.3651431202888489, -1.0637215375900269, -0.7761594653129578, 1.0435692071914673, 1.1442512273788452, 0.29083898663520813, 0.9322181344032288, -0.3952917456626892, -0.45845720171928406, -0.21752852201461792, -1.8856589794158936, 1.4419772624969482, 0.036412231624126434, 0.784456193447113, 0.22394055128097534, 1.9805785417556763, 0.33300769329071045, 1.0398560762405396, 0.7558839321136475, -2.0833561420440674, 1.046776533126831, -0.2757641673088074, -1.1228886842727661, -0.9364199638366699, 0.08111966401338577, -0.1530468463897705, 0.6478639841079712, -0.444582998752594, 0.7688437700271606, -1.7604212760925293, -1.118384599685669, 0.46718236804008484, 0.3170578181743622, -1.208419680595398, 0.574811577796936, -1.4210171699523926, 0.39130881428718567, -0.6913546323776245, -0.7551494240760803, 1.0703359842300415, -2.0967154502868652, -0.6888226270675659, -0.32720375061035156, 0.961280107498169, 1.2622016668319702, -1.8741528987884521, 1.0601341724395752, 1.1902871131896973, -0.17473869025707245, 1.8239864110946655, 0.36762863397598267, -0.7347292304039001, 1.3532495498657227, 1.598387598991394, -1.2737540006637573, -1.6615474224090576, 0.4909437298774719, -0.6413220763206482, -0.4378132224082947, 0.5124329924583435, -1.0360803604125977, -1.1786612272262573, 1.8006595373153687, -1.4048826694488525, -0.10234371572732925, -1.6146808862686157]",yunet,Facenet,1920,1080,/home/amos/media/tv/modern_family/Modern.Family.S09.1080p.DSNP.WEB-DL.DDP5.1.H.264-CRFW/Modern.Family.S09E21.The.Escape.1080p.DSNP.WEB-DL.DDP5.1.H.264-CRFW.mkv,Modern Family,2009,1442437,9,21,Ty Burrell,15232.0,0.602
298,462,276,678,570,660,396,612,396,0.919,6096,1,"[0.9254217147827148, -0.35959699749946594, -1.6073414087295532, 1.5414457321166992, 1.2208428382873535, -1.2256251573562622, 0.025341372936964035, 0.8158703446388245, 0.6878334283828735, 0.41497838497161865, -0.9255924820899963, 1.183497667312622, -0.05791370943188667, -0.2846798896789551, 0.9409841299057007, -2.017159938812256, -0.827553391456604, -0.11529535055160522, 0.528228759765625, 0.35819488763809204, -1.1567338705062866, -0.8848958611488342, -0.8687592148780823, 0.7795658707618713, 0.18197183310985565, -0.3676900267601013, -0.45108288526535034, 0.7514943480491638, -0.15313851833343506, -1.561892032623291, -1.0120928287506104, 0.5080559253692627, -2.2786686420440674, 1.0074278116226196, -0.23970399796962738, -0.5406469702720642, -1.2195959091186523, -1.1824268102645874, -0.8656165599822998, -1.586759328842163, 0.16183462738990784, 2.0042665004730225, -0.17267385125160217, -0.20577865839004517, 0.39344722032546997, -1.45561945438385, -0.5868198275566101, 1.8597428798675537, 0.7076824903488159, 0.6920104026794434, 1.088972806930542, 0.19069154560565948, -0.6884499788284302, -0.7277059555053711, 0.5975332856178284, -0.2651844620704651, 1.3023731708526611, -0.7324835658073425, -0.12520147860050201, 0.7712182998657227, -0.08866637945175171, 0.6933435201644897, 0.3627666234970093, 0.3678550124168396, 0.40129345655441284, 1.5999385118484497, -0.6288262009620667, -0.39507046341896057, -0.08163868635892868, -0.4261668026447296, 0.37787574529647827, -1.2022972106933594, -0.23886942863464355, 2.475151300430298, -0.019045036286115646, -0.7737435698509216, -0.6061173677444458, 0.21280649304389954, -0.39250701665878296, -0.14789316058158875, -0.3480565547943115, 0.8651381731033325, -0.25184544920921326, -1.2854925394058228, -0.4134422540664673, -1.4516797065734863, 0.7583106160163879, 0.23675258457660675, 0.615623950958252, 0.8051568865776062, -0.9119661450386047, 1.1742770671844482, -0.6796734929084778, 1.4050002098083496, 0.6281558871269226, -0.6147432327270508, 0.16478092968463898, 0.26682570576667786, 0.06701254099607468, 1.4732855558395386, -0.509343683719635, -1.5915199518203735, -0.7762216925621033, -0.3693421185016632, 1.520107626914978, -0.37796086072921753, 1.1497474908828735, -0.008192874491214752, -0.2118573933839798, -0.7833829522132874, 0.937194287776947, -0.45217984914779663, -0.6185088157653809, -0.14034785330295563, 0.43746426701545715, 1.2197190523147583, 0.1391405612230301, 0.5435044765472412, 0.9616478085517883, 0.8540894985198975, -0.4262266755104065, 0.0533846840262413, -1.313874363899231, 0.3709506094455719, -0.26572638750076294, 0.7148240804672241, -0.8382479548454285, -1.9824497699737549]",yunet,Facenet,1920,1080,/home/amos/media/tv/modern_family/Modern.Family.S09.1080p.DSNP.WEB-DL.DDP5.1.H.264-CRFW/Modern.Family.S09E21.The.Escape.1080p.DSNP.WEB-DL.DDP5.1.H.264-CRFW.mkv,Modern Family,2009,1442437,9,21,,,
299,1218,168,1452,474,1338,300,1248,306,0.938,6120,0,"[1.3607617616653442, 1.0280983448028564, 0.271503746509552, 1.788944959640503, -0.0012134560383856297, -0.8240654468536377, -1.1502635478973389, 0.6328721642494202, -0.4247014820575714, 0.1177457869052887, -0.47771400213241577, 0.4807821810245514, 0.8290932178497314, -0.3496311604976654, -0.9847811460494995, -0.9693217873573303, -0.0002852901816368103, 0.05639004707336426, -1.2850158214569092, 1.8883877992630005, -0.8499057292938232, 1.6704270839691162, 1.0010547637939453, 0.616453230381012, 1.2283157110214233, 0.3201611340045929, -3.6044557094573975, 3.1214184761047363, 1.2645105123519897, -2.032038450241089, 0.09392757713794708, -1.741761326789856, -1.5154527425765991, -0.5463703870773315, 1.351995587348938, 0.48624610900878906, -0.3356221616268158, -0.33775395154953003, -0.08472561836242676, 0.9077421426773071, -0.5934680104255676, 1.441025972366333, -0.329403817653656, -0.005269326269626617, 0.19583722949028015, 0.42379921674728394, 0.5622000694274902, 0.9055643081665039, -1.1561843156814575, -0.9526511430740356, 0.6301847100257874, -0.15878593921661377, -0.44463983178138733, -0.8621418476104736, -0.45144426822662354, 0.1858234852552414, 2.5390074253082275, 1.1974060535430908, 0.46134278178215027, -0.40800732374191284, 1.8962068557739258, -0.8673190474510193, -0.056163087487220764, -0.5159850120544434, -0.561517059803009, 0.6792969107627869, 0.9881630539894104, 0.24247926473617554, 0.7136827111244202, -0.8277548551559448, -0.4947457015514374, 0.29250845313072205, -1.1950559616088867, 1.2792150974273682, -0.36784881353378296, 0.636647641658783, 0.8984614610671997, 1.8874801397323608, 1.2631202936172485, 0.6135269999504089, 1.1530894041061401, -1.198838233947754, 0.9222350716590881, -0.4075918197631836, -1.6184040307998657, -1.3371976613998413, 0.46642789244651794, -0.9228019714355469, 0.2827686369419098, -0.08945968747138977, 0.7088005542755127, -1.1701977252960205, -1.5755635499954224, -0.02341209352016449, 0.14988049864768982, -1.2916077375411987, 0.5424832105636597, -1.2030996084213257, 0.5369868874549866, -0.5659602880477905, -0.7815439105033875, 1.4953352212905884, -2.081246852874756, -0.01630881428718567, -0.5598689317703247, 0.8015871047973633, 0.7984973788261414, -2.1126773357391357, 0.6789156794548035, 0.2028231918811798, -0.30423784255981445, 1.912461519241333, 0.9625587463378906, -0.1577247679233551, 1.3997529745101929, 1.4918216466903687, -0.5376672744750977, -1.425045132637024, 0.6486499309539795, -0.30095726251602173, -0.5034973621368408, 0.48059120774269104, -1.2986868619918823, -1.165779709815979, 1.730939507484436, -0.8996438384056091, 0.5278698205947876, -1.8751981258392334]",yunet,Facenet,1920,1080,/home/amos/media/tv/modern_family/Modern.Family.S09.1080p.DSNP.WEB-DL.DDP5.1.H.264-CRFW/Modern.Family.S09E21.The.Escape.1080p.DSNP.WEB-DL.DDP5.1.H.264-CRFW.mkv,Modern Family,2009,1442437,9,21,Ty Burrell,15232.0,0.641
300,462,282,696,618,678,408,636,408,0.911,6120,1,"[1.3902124166488647, -0.9938795566558838, -1.5265759229660034, 2.0856635570526123, 0.557910144329071, -0.7132840752601624, 0.006136979907751083, 0.6270383596420288, 0.006892051547765732, 0.6318443417549133, -1.790199875831604, 0.24635091423988342, 0.6133480668067932, 0.18196889758110046, 0.795151948928833, -2.8759255409240723, -0.6843721866607666, -0.3481578230857849, 1.2827768325805664, 0.1369154155254364, -0.9751121997833252, -0.8809857964515686, -0.8408330082893372, 0.8715220093727112, 0.9984667301177979, -1.3097788095474243, 0.40508607029914856, 0.5579761862754822, -0.10721215605735779, -1.9529789686203003, -0.5247703790664673, 0.4097452163696289, -1.5466543436050415, 0.3531232178211212, -0.8800180554389954, -1.1420644521713257, -0.12098585069179535, -0.9581589102745056, -0.4359598755836487, -0.9527605772018433, 0.6185868382453918, 2.288007974624634, 0.9654184579849243, -0.965742290019989, 0.24207347631454468, -0.5857477188110352, -0.8954787254333496, 2.0112955570220947, 0.3522603511810303, -0.2960331439971924, 0.07016105949878693, 0.5410298109054565, -1.0155199766159058, 0.39669865369796753, 0.4959262013435364, -0.011826354078948498, 1.3890811204910278, -0.15145814418792725, -0.26075005531311035, 0.16766121983528137, 0.8332452178001404, 0.8369306921958923, 0.38975581526756287, 1.1198149919509888, -0.3495495021343231, 1.9731903076171875, -0.15721818804740906, -0.393309623003006, -1.4959827661514282, -0.5173664093017578, 0.3893941044807434, -0.6767860651016235, 0.7928393483161926, 2.2920706272125244, -0.11936749517917633, -0.5507834553718567, -0.048052527010440826, 1.0800325870513916, -0.11219437420368195, 0.7349548935890198, -0.4824504554271698, 1.801050066947937, -0.011022981256246567, -1.239227056503296, -0.6106271147727966, -1.284471869468689, 0.8418233394622803, -0.44120848178863525, 0.1771727353334427, 0.31708166003227234, -0.46054700016975403, 1.4071648120880127, -0.6827490925788879, 1.5722733736038208, 0.7090563774108887, -0.867284893989563, -0.10462330281734467, 0.4533562660217285, -0.013395506888628006, 1.1610029935836792, -0.732681155204773, -1.186535120010376, 0.18218180537223816, -0.07924532890319824, 1.7083122730255127, -0.6251026391983032, 0.7187827825546265, 0.034111350774765015, 0.10421222448348999, -1.0768412351608276, 0.21147863566875458, -1.425628900527954, -0.3366185128688812, -0.26520684361457825, -0.9634848833084106, 1.0985171794891357, -0.467835932970047, 1.326841950416565, 0.7323589324951172, 1.038468599319458, -1.1527910232543945, 0.39926642179489136, -0.9333497881889343, 0.6880654096603394, 0.24050186574459076, 1.5068371295928955, -0.27355313301086426, -1.6404356956481934]",yunet,Facenet,1920,1080,/home/amos/media/tv/modern_family/Modern.Family.S09.1080p.DSNP.WEB-DL.DDP5.1.H.264-CRFW/Modern.Family.S09E21.The.Escape.1080p.DSNP.WEB-DL.DDP5.1.H.264-CRFW.mkv,Modern Family,2009,1442437,9,21,,,
301,1548,210,1728,444,1662,300,1590,306,0.929,6144,0,"[-1.555026650428772, -1.1690058708190918, -1.0470484495162964, 0.41217347979545593, -0.18010175228118896, -0.233620285987854, 0.061961982399225235, 1.3292889595031738, 2.8054544925689697, -1.0828356742858887, 0.9377384781837463, -1.415809988975525, -0.3844507932662964, 0.5061068534851074, -1.8893986940383911, -0.05016985163092613, -0.8823072910308838, -1.426500678062439, -0.8432309627532959, -0.6342868804931641, -0.02372412383556366, 0.7903013825416565, 0.7195307612419128, -0.32534363865852356, 0.16380541026592255, 0.3907027244567871, 1.0233947038650513, -1.8821971416473389, 1.7653162479400635, -0.8207266926765442, -1.2267863750457764, 0.8318073749542236, 0.7542773485183716, -0.14692920446395874, 0.4274420142173767, 0.27982765436172485, 0.4796323776245117, -0.3755115270614624, 0.009053334593772888, -1.7488102912902832, 0.18548300862312317, 1.1917405128479004, -0.9512404203414917, -0.695097029209137, -0.15117955207824707, -0.13638976216316223, -1.4097270965576172, 0.201152965426445, -0.7967671751976013, 1.5795787572860718, 0.30945372581481934, 0.7059217095375061, -1.1647660732269287, 0.1405092477798462, -1.0557780265808105, -0.14581944048404694, 0.8737596273422241, 0.326528400182724, -1.1524770259857178, -1.7769097089767456, -0.7576364278793335, 0.05248056352138519, -0.3071189522743225, 1.2913191318511963, -0.0661851018667221, 1.6481657028198242, -0.12282650917768478, 1.4985485076904297, 0.2346566617488861, -2.777958869934082, -0.8588624000549316, -0.29554617404937744, -1.6697746515274048, -0.07813350856304169, -0.19093666970729828, -0.2830594778060913, -0.7876244783401489, -0.1766071617603302, -0.6318736672401428, -1.6606541872024536, -0.8912622928619385, 0.8697426319122314, -0.4742402136325836, -0.9513022303581238, -0.3502311706542969, -1.8794835805892944, 0.24199382960796356, 1.351112723350525, -2.0242137908935547, -0.21695256233215332, -0.09393569082021713, 0.21764151751995087, 1.3295636177062988, 0.9412857294082642, -0.8361688852310181, 1.8682239055633545, -0.6564486622810364, 1.3433685302734375, -1.2798032760620117, -0.8214980959892273, -0.8825398683547974, -1.0661755800247192, 0.5735107064247131, -0.039677102118730545, -0.16607868671417236, 1.1360595226287842, 0.3711603283882141, -0.1315246820449829, -0.6291788816452026, -0.38154327869415283, 1.8408875465393066, -1.2045376300811768, 1.8209718465805054, -0.12092497944831848, -0.06993050873279572, 1.6657373905181885, 1.1184977293014526, -1.3119992017745972, -0.38850289583206177, 0.8422976136207581, -1.1857094764709473, 0.11683467775583267, 0.37824225425720215, 0.4053729176521301, 1.038124442100525, -0.1957278549671173, -0.6402709484100342, 0.6129715442657471]",yunet,Facenet,1920,1080,/home/amos/media/tv/modern_family/Modern.Family.S09.1080p.DSNP.WEB-DL.DDP5.1.H.264-CRFW/Modern.Family.S09E21.The.Escape.1080p.DSNP.WEB-DL.DDP5.1.H.264-CRFW.mkv,Modern Family,2009,1442437,9,21,Jesse Tyler Ferguson,204815.0,0.878
302,684,180,840,390,798,270,720,264,0.919,6144,1,"[-0.031701162457466125, 0.25351372361183167, -0.6822499632835388, 1.2698757648468018, 2.2381694316864014, -1.3157932758331299, 1.011911392211914, -0.38333335518836975, 1.9377810955047607, 1.43177330493927, -0.3606521785259247, -0.29201260209083557, -0.22892948985099792, 0.504362940788269, 0.7649482488632202, 0.6505258083343506, -1.1831187009811401, -1.06094491481781, -1.7050316333770752, -0.5070540904998779, -0.9149545431137085, 1.2448738813400269, -0.715781569480896, 2.4608004093170166, 2.1193482875823975, 0.7783363461494446, 2.0044121742248535, 0.2369912564754486, 0.8096068501472473, -0.9611459970474243, -0.17645163834095, 0.04702719673514366, -2.3422746658325195, 1.810377597808838, -0.14757601916790009, -1.0657367706298828, -0.08377261459827423, -2.9649670124053955, 0.07243439555168152, -0.9324393272399902, -0.9432035088539124, -0.7921068668365479, 0.1996045559644699, 0.5507271885871887, -0.3894205391407013, -0.5449551343917847, -1.3457577228546143, -1.2968577146530151, 0.21567405760288239, 1.0329431295394897, -0.0373130738735199, -0.5381147861480713, -1.0758808851242065, 0.3221203088760376, -0.723406970500946, -2.225098133087158, 1.1179996728897095, -1.7665557861328125, -0.6451349854469299, -0.6972101330757141, -1.3571141958236694, 0.1539551317691803, 1.0866713523864746, -0.539862334728241, -0.7568047046661377, 1.3771038055419922, -1.524543046951294, 0.01629587635397911, -0.578866183757782, -1.4094074964523315, -0.027937445789575577, -1.3223382234573364, 1.6670949459075928, -0.04797975718975067, 0.3528410494327545, -0.6304736137390137, 1.567824363708496, 1.0798304080963135, 0.8637259006500244, 0.8401696085929871, -1.720287799835205, 1.1459158658981323, -0.722910463809967, -0.6208077073097229, -0.692772626876831, 0.11781907081604004, -0.5802401304244995, 0.24100454151630402, 1.4147380590438843, 1.3167179822921753, 1.3857334852218628, 0.12938500940799713, -0.34035518765449524, -0.2772526741027832, 1.6250431537628174, 0.12285152822732925, -0.49325838685035706, 1.0625630617141724, -0.7464829683303833, -0.40707361698150635, 0.17432568967342377, 0.3340936303138733, 0.07385259866714478, -0.7087826132774353, 1.0810251235961914, 0.2982168197631836, -0.370172381401062, -0.06242547929286957, -1.4596202373504639, -0.7802948355674744, 1.6307120323181152, -0.13031892478466034, 1.5528630018234253, -1.4791128635406494, 2.139327049255371, 1.0741333961486816, 0.2307543158531189, 0.5504114627838135, 0.8133577108383179, 0.906244695186615, -0.42577487230300903, -0.7920764684677124, 0.5327895283699036, -0.12669922411441803, 0.08089285343885422, -0.4027605652809143, 0.9522076845169067, 0.04717479273676872]",yunet,Facenet,1920,1080,/home/amos/media/tv/modern_family/Modern.Family.S09.1080p.DSNP.WEB-DL.DDP5.1.H.264-CRFW/Modern.Family.S09E21.The.Escape.1080p.DSNP.WEB-DL.DDP5.1.H.264-CRFW.mkv,Modern Family,2009,1442437,9,21,Eric Stonestreet,156962.0,0.621
303,216,246,360,438,306,318,240,324,0.915,6144,2,"[-2.246601104736328, 0.3620511293411255, 0.1536596268415451, 0.01128467172384262, 1.6423442363739014, -1.8016793727874756, -2.117020845413208, -0.25790971517562866, 1.011771559715271, -1.732455849647522, 1.0326969623565674, 0.820097804069519, 1.134103775024414, -0.17579954862594604, -0.6497979164123535, -0.054514117538928986, -0.3867015540599823, 0.5387564897537231, -0.872161328792572, 0.30875322222709656, -0.47942352294921875, 0.29058554768562317, 0.6623114943504333, -0.06741581857204437, -1.0639915466308594, -0.3029279112815857, -1.0754611492156982, -0.2691955268383026, -0.10780973732471466, -1.5067129135131836, 0.3105274736881256, -0.9626241326332092, 0.12238188832998276, -0.38450103998184204, -0.7311781644821167, 1.5885789394378662, -0.5641095042228699, 0.49816808104515076, 0.3828182816505432, -0.16071820259094238, 0.7440232634544373, 0.12803438305854797, 1.253743290901184, 0.23664233088493347, -2.0377676486968994, 0.011860113590955734, -0.022421305999159813, -2.212047576904297, -1.3889753818511963, 0.08510659635066986, -0.08224084973335266, -1.2721078395843506, 0.013122353702783585, 0.7509824633598328, -0.4525299072265625, -1.885042667388916, 0.6166467666625977, -0.9733282923698425, -1.452479600906372, 0.6320067644119263, 1.1815578937530518, -1.714324951171875, -1.579400658607483, -0.24148455262184143, 0.561590313911438, -1.3894354104995728, 0.3329371213912964, -0.8773821592330933, 0.08021574467420578, 0.9062550067901611, -0.4854429066181183, 1.8755834102630615, -2.9146714210510254, 1.1583174467086792, 1.3169174194335938, 1.163753628730774, 1.4469468593597412, 1.1163122653961182, 0.8804671764373779, -0.7582828998565674, 0.6399800777435303, 1.1964797973632812, 0.8523512482643127, -0.38540154695510864, -1.136614203453064, 1.1521888971328735, 0.747043251991272, -0.29983046650886536, -3.2467219829559326, 0.028032800182700157, 0.7797835469245911, -1.5097349882125854, -0.4083147346973419, -1.2726489305496216, -0.10964936017990112, -0.6593693494796753, -1.909494161605835, 1.8453856706619263, 0.8227988481521606, -2.0499627590179443, -1.276121735572815, -1.170559048652649, -0.05340966582298279, 0.655775785446167, 1.1071842908859253, -0.18085341155529022, -0.02279367670416832, -0.017057940363883972, -1.3190196752548218, -1.0370800495147705, 1.1792625188827515, 0.1193835586309433, 0.11199161410331726, 1.0705599784851074, -0.3591241240501404, 0.17364029586315155, 0.4815758168697357, -1.15977942943573, -0.5659422278404236, 1.677788257598877, -0.6532190442085266, -1.148107647895813, -0.35130876302719116, -0.31491100788116455, 0.20865948498249054, -1.351667881011963, -1.374464750289917, 1.397754430770874]",yunet,Facenet,1920,1080,/home/amos/media/tv/modern_family/Modern.Family.S09.1080p.DSNP.WEB-DL.DDP5.1.H.264-CRFW/Modern.Family.S09E21.The.Escape.1080p.DSNP.WEB-DL.DDP5.1.H.264-CRFW.mkv,Modern Family,2009,1442437,9,21,Julie Bowen,31171.0,0.678
304,1524,192,1704,426,1644,288,1560,288,0.916,6168,0,"[-1.5250662565231323, -1.4187986850738525, -0.3158254623413086, 0.3470461964607239, 0.09030018001794815, -0.04724337160587311, 0.38362669944763184, 1.1413545608520508, 2.5283753871917725, -0.873734712600708, 1.0749298334121704, -1.672850251197815, -0.7211290597915649, 0.4862869083881378, -1.8839725255966187, -0.09428001940250397, -0.6356067657470703, -1.5355740785598755, -0.994499921798706, -0.48606061935424805, -0.0603589229285717, 0.4955105781555176, 0.8299779891967773, -0.02377280592918396, -0.11210222542285919, 0.6111245155334473, 1.3404861688613892, -1.9750038385391235, 1.756043791770935, -0.686108410358429, -1.0743385553359985, 1.0233651399612427, 0.26209962368011475, -0.0745469182729721, 0.2910377085208893, 0.4421345591545105, 0.46997737884521484, -0.3729488253593445, 0.017258085310459137, -1.601706624031067, 0.1943981647491455, 0.7628269791603088, -1.126038908958435, -0.5986765027046204, -0.18080881237983704, -0.03114290162920952, -1.2391374111175537, 0.06747793406248093, -0.8161628246307373, 1.3370933532714844, 0.4704403877258301, 0.699099063873291, -0.7620890140533447, -0.09800917655229568, -1.0334500074386597, -0.2506824731826782, 0.962776780128479, 0.454248309135437, -0.9525256752967834, -1.6362011432647705, -0.8866459131240845, -0.21888847649097443, -0.05307639390230179, 1.5825483798980713, -0.2706979215145111, 1.7986623048782349, 0.39189404249191284, 1.2234563827514648, 0.6782125234603882, -2.3515186309814453, -0.9972661137580872, -0.4444522261619568, -1.4525072574615479, 0.27352648973464966, -0.2688363790512085, 0.0342920646071434, -1.1730016469955444, -0.09541954100131989, -0.9794211387634277, -1.4177906513214111, -1.133104681968689, 1.012697458267212, -0.5289646983146667, -0.984897255897522, -0.4768218696117401, -1.7125905752182007, 0.3768341541290283, 1.0767639875411987, -1.970780611038208, -0.020736180245876312, -0.2438763678073883, 0.08146964758634567, 1.059950590133667, 1.080182433128357, -0.5762738585472107, 1.84598970413208, -0.637097954750061, 1.1161282062530518, -0.9014877080917358, -0.6812827587127686, -1.1887030601501465, -1.138095498085022, 0.3292185068130493, 0.11975131183862686, -0.15685394406318665, 1.1885169744491577, 0.14989526569843292, 0.15609434247016907, -0.40819844603538513, -0.6391758918762207, 1.6746840476989746, -1.0456856489181519, 1.9712553024291992, -0.17759017646312714, -0.02955426089465618, 1.9655091762542725, 1.068341612815857, -1.595655918121338, -0.8696945309638977, 0.6414366364479065, -1.012951135635376, -0.2053052932024002, 0.061499081552028656, -0.16240446269512177, 0.5138418674468994, -0.0011486485600471497, -0.472633957862854, 0.06978759169578552]",yunet,Facenet,1920,1080,/home/amos/media/tv/modern_family/Modern.Family.S09.1080p.DSNP.WEB-DL.DDP5.1.H.264-CRFW/Modern.Family.S09E21.The.Escape.1080p.DSNP.WEB-DL.DDP5.1.H.264-CRFW.mkv,Modern Family,2009,1442437,9,21,Jesse Tyler Ferguson,204815.0,0.902
305,678,156,846,372,798,246,720,246,0.913,6168,1,"[0.09145788848400116, 0.24575364589691162, -0.48493480682373047, 0.7013343572616577, 2.2635445594787598, -1.0481468439102173, 1.455256462097168, -0.33634981513023376, 1.722899317741394, 0.7859558463096619, -0.4303065538406372, -0.760080099105835, -1.2035669088363647, 0.4610276520252228, 0.45439326763153076, 1.0567418336868286, -1.4314823150634766, -1.11212158203125, -2.125638246536255, -0.4349983036518097, -0.27334022521972656, 1.634894847869873, -0.22303524613380432, 1.857404351234436, 2.021517276763916, 1.5452678203582764, 1.73501718044281, -0.19293111562728882, 1.3064371347427368, -0.7997732758522034, 0.00873827189207077, 0.5805836915969849, -2.033378839492798, 2.062455415725708, -0.3021361529827118, -0.8539429903030396, -0.3459533452987671, -2.636232376098633, 0.1840229034423828, -0.6875817775726318, -1.1514047384262085, -1.3175301551818848, -0.33836984634399414, -0.14862313866615295, -0.19301551580429077, -0.7116060256958008, -1.3966313600540161, -1.0866990089416504, -0.46209776401519775, 0.9199155569076538, -0.23587168753147125, -0.32384276390075684, -1.0809133052825928, 0.46943098306655884, -0.6315878033638, -1.9340441226959229, 1.52591073513031, -1.433770775794983, -0.5059309005737305, -0.457506000995636, -1.6131938695907593, -0.6147180795669556, 0.638521134853363, -0.2676745057106018, -0.5672602653503418, 0.7951290011405945, -0.7892651557922363, 0.3376465141773224, -0.9317758679389954, -1.3492642641067505, -0.2977857291698456, -1.2587037086486816, 1.5613452196121216, -0.03376716375350952, 0.8006735444068909, -0.5800572037696838, 1.08547842502594, 0.7642560005187988, 0.40464353561401367, 0.5619221925735474, -1.7526975870132446, 1.5067659616470337, -0.8315632939338684, -1.1315079927444458, -0.9600675106048584, 0.3999477028846741, -0.86356121301651, 0.21880890429019928, 1.6969023942947388, 1.25795316696167, 1.1005791425704956, -0.17495609819889069, -0.19555264711380005, -1.2435791492462158, 1.6770830154418945, -0.11398472636938095, -1.0071014165878296, 0.8613731861114502, -0.21676607429981232, -0.6655744314193726, 0.15797144174575806, -0.41430461406707764, -0.8506299257278442, -0.3173813819885254, 1.2194840908050537, 0.0004205908626317978, -0.07401832938194275, -0.1063612699508667, -0.6864100098609924, -0.5402491688728333, 1.0731573104858398, -0.07866513729095459, 1.9272160530090332, -1.3841204643249512, 2.592907190322876, 0.5244617462158203, 0.2729082405567169, 0.3941711187362671, 0.938207745552063, 0.7866572141647339, 0.2725899815559387, -0.4653182625770569, 0.37931734323501587, -0.23564457893371582, 0.02474099025130272, -0.18271327018737793, 0.80492103099823, 0.5660009980201721]",yunet,Facenet,1920,1080,/home/amos/media/tv/modern_family/Modern.Family.S09.1080p.DSNP.WEB-DL.DDP5.1.H.264-CRFW/Modern.Family.S09E21.The.Escape.1080p.DSNP.WEB-DL.DDP5.1.H.264-CRFW.mkv,Modern Family,2009,1442437,9,21,Eric Stonestreet,156962.0,0.615
306,1314,156,1542,456,1446,270,1356,270,0.933,6192,0,"[0.7840795516967773, 0.689110279083252, 0.5066433548927307, 0.899485170841217, -0.3987371623516083, -0.3226417303085327, -0.8149017095565796, 0.16136929392814636, -0.3995954990386963, 0.07509736716747284, -0.42245689034461975, -0.15267792344093323, 1.2299925088882446, -0.5278298854827881, -1.1075685024261475, -1.0106948614120483, -0.4509691894054413, -0.2286064177751541, -0.8593555688858032, 1.1578058004379272, -0.5672937631607056, 1.5912121534347534, 0.35010966658592224, 1.0446813106536865, 0.46769583225250244, 0.7605633735656738, -3.308941602706909, 2.5989909172058105, 0.987916886806488, -2.1605312824249268, -0.3725567162036896, -1.044499397277832, -1.3845254182815552, -0.5027544498443604, 1.4453561305999756, 0.6822510361671448, 0.1153697744011879, -0.03681887686252594, 0.666657030582428, 0.5613932609558105, 0.3209907114505768, 1.6572660207748413, -0.1730547845363617, 0.025015853345394135, -0.6463403105735779, 1.2490063905715942, 0.6732627749443054, 0.4520706832408905, -1.666447639465332, -1.3178925514221191, 0.3159602880477905, -0.19871918857097626, -1.0679142475128174, -0.7701089382171631, -0.6650755405426025, 0.840547502040863, 2.1684889793395996, 0.7679305076599121, -0.13511095941066742, -0.9556935429573059, 1.9879063367843628, -0.6630764603614807, -0.5275425314903259, 0.1956859976053238, -0.8397995829582214, 1.4455831050872803, 1.2622050046920776, -0.010162988677620888, 1.8586255311965942, -1.08829927444458, -0.043035849928855896, 0.6993919610977173, -1.1107661724090576, 1.1247589588165283, -0.14487656950950623, 1.1000510454177856, 0.09761282801628113, 1.7379868030548096, 0.7306792736053467, 0.8822792172431946, 1.1053606271743774, -1.479206919670105, 0.5682618021965027, 0.17919938266277313, -0.9354504346847534, -1.5591397285461426, 1.1571781635284424, -0.28081589937210083, -0.2029806673526764, 0.24082952737808228, 0.8455088138580322, -1.5597844123840332, -0.7302031517028809, 0.6972070932388306, 0.2226078063249588, -0.2094787210226059, 0.9946999549865723, -0.8180204629898071, 0.3779749274253845, -0.9861434102058411, -1.2058656215667725, 1.0397138595581055, -1.7003535032272339, -0.03619374334812164, -0.8105234503746033, 0.5864591002464294, 0.5757294297218323, -1.7969428300857544, 0.7869136929512024, 0.2002924382686615, 0.35362666845321655, 1.000653862953186, 0.7324731349945068, 0.3507348895072937, 0.5589430332183838, 2.077775001525879, -0.4647623896598816, -1.0827229022979736, 0.1044725552201271, -0.3036036789417267, -0.9823100566864014, 0.9797803163528442, -0.7867704033851624, -0.956663191318512, 1.2267682552337646, -0.7991992831230164, 0.37002289295196533, -2.0582616329193115]",yunet,Facenet,1920,1080,/home/amos/media/tv/modern_family/Modern.Family.S09.1080p.DSNP.WEB-DL.DDP5.1.H.264-CRFW/Modern.Family.S09E21.The.Escape.1080p.DSNP.WEB-DL.DDP5.1.H.264-CRFW.mkv,Modern Family,2009,1442437,9,21,Ty Burrell,15232.0,0.69
307,576,216,804,540,780,330,732,330,0.916,6192,1,"[1.608471393585205, 0.0819966048002243, -1.6257617473602295, 1.615526556968689, 0.9111557602882385, -1.6771150827407837, 1.0135748386383057, 1.2698594331741333, 0.028486870229244232, 0.39042237401008606, -1.5480399131774902, 0.5594848990440369, 1.224056363105774, -0.04458073154091835, 1.007106900215149, -2.0579230785369873, -0.8265458345413208, -1.5992180109024048, -0.3500095009803772, -0.035290587693452835, -0.6112227439880371, -0.7130841016769409, -1.2762211561203003, 0.21069452166557312, 0.2925676703453064, -0.7537282109260559, 0.14662718772888184, 1.1228110790252686, -0.36323410272598267, -2.1844372749328613, -1.6335861682891846, 1.2905648946762085, -2.3364193439483643, 0.6070210933685303, 0.07088146358728409, -1.6072511672973633, -1.442164421081543, -2.424675464630127, -0.3905472159385681, -1.4529106616973877, -0.18302854895591736, 1.4803718328475952, 0.19390705227851868, -0.602235734462738, 0.3862471878528595, -1.2145131826400757, -0.48053544759750366, 1.780951976776123, -0.1133136972784996, -0.2861488163471222, 0.37314385175704956, 1.6341450214385986, -2.0957083702087402, -0.20136715471744537, 1.0545823574066162, -1.1680618524551392, 0.5649951696395874, -0.06771748512983322, -0.16475805640220642, -0.07896601408720016, -0.4282324016094208, -0.41459351778030396, 1.296770691871643, -0.05028126761317253, -0.30873650312423706, 1.291407823562622, -1.1993054151535034, -0.38427111506462097, -1.0116649866104126, -0.8837854862213135, 0.44406238198280334, -1.5059431791305542, 0.31550270318984985, 1.643031120300293, -0.06795641779899597, -0.8197982311248779, -0.20012041926383972, 1.0099976062774658, 0.5118005275726318, -0.602644145488739, 0.902309000492096, 1.5606753826141357, -0.7325355410575867, -1.7918425798416138, -0.9255752563476562, -1.9275801181793213, -0.44358283281326294, -1.9533421993255615, 0.22750434279441833, -0.04606827720999718, -0.58397376537323, 0.5245093107223511, -0.6148694157600403, 0.3661302328109741, 0.6262432932853699, 0.20014697313308716, 0.18569788336753845, 0.707859992980957, -0.411030650138855, 1.3850641250610352, -1.2309544086456299, -0.9984940886497498, -0.7451892495155334, 0.5748518109321594, 0.4549773931503296, -0.01618196628987789, 1.3725343942642212, -0.3275858163833618, -1.0481499433517456, 0.6925193071365356, 0.0954362004995346, -0.05485884100198746, 0.7964519262313843, -1.3328726291656494, 0.30614757537841797, 1.1310513019561768, -0.5596379041671753, -0.025661110877990723, 0.3269861936569214, 0.059743788093328476, -0.7905434966087341, 0.2525433301925659, -0.4261624813079834, 0.7156991958618164, -0.0923660546541214, 1.6608482599258423, -0.6975706219673157, -1.442503571510315]",yunet,Facenet,1920,1080,/home/amos/media/tv/modern_family/Modern.Family.S09.1080p.DSNP.WEB-DL.DDP5.1.H.264-CRFW/Modern.Family.S09E21.The.Escape.1080p.DSNP.WEB-DL.DDP5.1.H.264-CRFW.mkv,Modern Family,2009,1442437,9,21,Lawrence Pressman,6564.0,0.552
308,1320,162,1548,456,1440,276,1350,276,0.936,6216,0,"[0.7975866794586182, 1.36680006980896, 0.3994760811328888, 1.0670875310897827, 0.2919270992279053, -0.4247497320175171, -0.8204130530357361, -0.04284139350056648, -0.6052350401878357, 0.3831252157688141, 0.041437990963459015, 0.7387685179710388, 0.6341012120246887, -1.486578106880188, -0.9432970285415649, -0.38299769163131714, -0.14748182892799377, 0.6758630871772766, -0.7411141991615295, 1.8447858095169067, -0.6349332332611084, 1.5928608179092407, 0.40344345569610596, 0.3780518174171448, 0.29362547397613525, 0.874901294708252, -3.317505121231079, 3.204540252685547, 0.6347761750221252, -1.5926976203918457, -0.15225359797477722, -1.486585259437561, -1.823644995689392, -0.9844145774841309, 1.602396011352539, 0.26213356852531433, -0.18363049626350403, -0.15822374820709229, 0.3563444912433624, 0.8632208108901978, -0.29660943150520325, 1.1830356121063232, -0.5368725061416626, 0.19907373189926147, 0.9264371991157532, -0.5174989104270935, 0.6440712809562683, 0.7368369102478027, -0.10737048834562302, -1.1821800470352173, 0.029773838818073273, 0.09039023518562317, -0.5066192746162415, -0.6181120872497559, -1.1099412441253662, 0.6103615164756775, 2.9348843097686768, 0.733623206615448, -0.24548295140266418, 0.04651014506816864, 2.0511093139648438, -0.5907525420188904, 0.175889790058136, -0.29337528347969055, -0.7844811677932739, 1.425323724746704, 2.06502103805542, 0.2613586187362671, 1.262058138847351, -0.11888576298952103, -0.4833208918571472, 0.5522621870040894, -1.083140254020691, 1.152632713317871, 0.4512951672077179, -0.030939731746912003, 0.2065695822238922, 1.7236604690551758, 0.5419449210166931, 0.863650381565094, 0.8376495838165283, -1.6363568305969238, 0.7041893601417542, -0.3731689453125, -1.7410545349121094, -0.3552587032318115, 0.2499515265226364, -0.6878727674484253, 0.3774793744087219, 0.06127876415848732, 0.570755660533905, -1.4896910190582275, -0.9828445315361023, -0.058458589017391205, 0.5052527189254761, -1.4089730978012085, 0.2652580440044403, -1.5840123891830444, 0.3231130540370941, -0.44478562474250793, -0.4261029362678528, 1.5357919931411743, -1.987181544303894, -0.2791900038719177, 0.18263405561447144, 0.8223138451576233, 0.2309267818927765, -2.1121346950531006, 0.6494452953338623, 0.8059537410736084, -0.38279300928115845, 2.077166795730591, 0.3884531259536743, 0.6685697436332703, 0.8436051607131958, 1.5634675025939941, -1.4131722450256348, -1.2803646326065063, 0.2589389383792877, -0.039207883179187775, -0.667605459690094, 0.6177017688751221, -0.730900228023529, -1.2222920656204224, 1.6128326654434204, -1.2878742218017578, 0.9021851420402527, -1.808278203010559]",yunet,Facenet,1920,1080,/home/amos/media/tv/modern_family/Modern.Family.S09.1080p.DSNP.WEB-DL.DDP5.1.H.264-CRFW/Modern.Family.S09E21.The.Escape.1080p.DSNP.WEB-DL.DDP5.1.H.264-CRFW.mkv,Modern Family,2009,1442437,9,21,Ty Burrell,15232.0,0.646
309,1254,168,1458,462,1326,300,1278,300,0.913,6240,0,"[1.7086858749389648, 0.062287941575050354, -0.9111559987068176, -0.25466448068618774, -0.03252505883574486, 1.23261296749115, -1.4168890714645386, 0.5637725591659546, 0.805332362651825, -0.17393743991851807, 0.7332391738891602, 1.3511751890182495, 0.8135164380073547, -0.5230251550674438, -0.31647130846977234, -0.3644323945045471, -1.0363819599151611, -0.14566347002983093, 0.25682705640792847, 1.7440568208694458, -1.910186767578125, 0.8259479403495789, 1.1146348714828491, -0.2406449019908905, -0.6726131439208984, 1.3594812154769897, -1.7499324083328247, 1.7539561986923218, 0.5576341152191162, -0.5139567255973816, -0.6943788528442383, -0.18341752886772156, -1.6783239841461182, -1.4094130992889404, 0.9715872406959534, -0.06591016799211502, 0.35047078132629395, 1.31056547164917, 0.830436110496521, 0.52555912733078, 1.0342429876327515, 0.22205102443695068, -0.9234542846679688, -1.1902024745941162, 0.8501181602478027, -1.3175264596939087, 0.5167825818061829, -0.25615769624710083, 1.8092355728149414, -0.7003083229064941, 0.99665766954422, -0.7702750563621521, 0.4687303602695465, -1.6359049081802368, -0.9171518087387085, -0.37201595306396484, 1.5603564977645874, 1.8589893579483032, -0.4914560317993164, 0.24802380800247192, 1.428748607635498, -0.0485750250518322, 0.008218765258789062, -0.02253967896103859, -0.6964185237884521, 0.9100563526153564, 2.2651801109313965, 0.30715641379356384, 2.217249631881714, -0.10175284743309021, 0.04220893234014511, 1.1080663204193115, -2.0641109943389893, 2.2438058853149414, -0.11833851039409637, -0.5396863222122192, -0.654593825340271, 0.7861583828926086, 0.11652461439371109, -0.22033903002738953, -0.4529721438884735, -1.6046276092529297, 1.9732879400253296, -0.5191622376441956, -2.2385356426239014, -1.524592399597168, 0.6650002002716064, 0.14832855761051178, 0.22197505831718445, -2.0131289958953857, -0.30739396810531616, -3.0628654956817627, -1.1376718282699585, 0.24724629521369934, 0.9429283738136292, -0.7157401442527771, -0.05763978138566017, -0.045059479773044586, 0.0888361930847168, -0.482967734336853, -0.1135435625910759, 0.5740966200828552, -1.6842870712280273, 0.2666572034358978, -0.6844725012779236, 2.1289141178131104, 1.7183181047439575, -2.3896751403808594, 0.5303695797920227, 0.9545732140541077, 0.5845502018928528, 2.2709124088287354, -0.4836403429508209, -0.8210774064064026, 0.7896493673324585, 1.8484445810317993, -1.0306094884872437, -1.2636033296585083, -0.736801266670227, -0.6665342450141907, -0.8039538860321045, 1.3952189683914185, 0.6611666679382324, -0.7418468594551086, 0.47440141439437866, -0.8366511464118958, -0.4632657766342163, -1.4659501314163208]",yunet,Facenet,1920,1080,/home/amos/media/tv/modern_family/Modern.Family.S09.1080p.DSNP.WEB-DL.DDP5.1.H.264-CRFW/Modern.Family.S09E21.The.Escape.1080p.DSNP.WEB-DL.DDP5.1.H.264-CRFW.mkv,Modern Family,2009,1442437,9,21,Ty Burrell,15232.0,0.653
310,282,162,462,408,384,264,318,264,0.901,6288,0,"[0.8316566944122314, -0.9418299198150635, 1.2545078992843628, -0.24806809425354004, -0.5375222563743591, 1.0410267114639282, -0.8310146927833557, 1.1243425607681274, -0.9765495657920837, 0.23826077580451965, 0.47079676389694214, 0.1743306815624237, 0.9623008370399475, 0.1632208526134491, -1.4887092113494873, 0.26397091150283813, -0.09126424789428711, -0.6915724873542786, 0.1459217369556427, 1.325161099433899, -1.0042351484298706, 0.7992486357688904, 0.09569758921861649, -0.21842476725578308, -1.0557812452316284, 0.28843867778778076, -2.411008596420288, 2.5229039192199707, 0.7985347509384155, -0.32568350434303284, 0.7243841886520386, -0.19195491075515747, -0.24858957529067993, -1.4286727905273438, 0.7604036927223206, 0.3616390526294708, 0.27208760380744934, 1.267344355583191, 0.4523303210735321, 1.3440091609954834, 0.8198432326316833, 0.7541917562484741, -0.5692887306213379, -1.1533814668655396, 0.3825172185897827, -0.3903379738330841, 0.733221709728241, 1.3816792964935303, 0.07742553949356079, -1.2917877435684204, 0.9524933099746704, 0.15521849691867828, 0.1410103440284729, -0.6930035352706909, -1.1694841384887695, 0.5020445585250854, 0.43027928471565247, 1.8547011613845825, 0.08889798820018768, 0.07016579061746597, 1.483012318611145, -0.04071279615163803, -0.679010808467865, 1.1737983226776123, -0.8975018262863159, 0.24978993833065033, 2.3066234588623047, 0.7602123618125916, 2.09183406829834, 0.08960530161857605, -0.4334852993488312, 0.6103208065032959, -0.842752993106842, 1.7446421384811401, -0.2846865952014923, 0.915114164352417, -0.027277521789073944, 1.5056895017623901, 0.10725074261426926, 0.6532625555992126, -0.37650516629219055, -1.9877206087112427, 0.8613468408584595, -0.8194750547409058, -1.5493232011795044, -1.8356510400772095, 1.373559832572937, -0.7595334649085999, -0.002763252705335617, -0.8912350535392761, -0.44163814187049866, -1.4270169734954834, -0.9386205077171326, 0.5210249423980713, 1.1119023561477661, -0.5330919623374939, 0.31033191084861755, -0.847230076789856, 0.8654882907867432, -0.05279255658388138, -0.23867394030094147, 2.002227783203125, -1.8677186965942383, -0.27558186650276184, -1.0926589965820312, 1.8966675996780396, 1.0429394245147705, -2.1982040405273438, 0.7038021087646484, 0.23080022633075714, -0.13372421264648438, 1.911695957183838, -0.3832895755767822, -0.7908822894096375, 0.07371450215578079, 2.308549404144287, 0.009004764258861542, -1.3279322385787964, -2.442699670791626, -1.4239522218704224, -1.0715596675872803, 1.2385172843933105, 0.04638497903943062, -0.6158624887466431, 1.2838101387023926, -0.5764779448509216, -0.38380566239356995, -1.2128790616989136]",yunet,Facenet,1920,1080,/home/amos/media/tv/modern_family/Modern.Family.S09.1080p.DSNP.WEB-DL.DDP5.1.H.264-CRFW/Modern.Family.S09E21.The.Escape.1080p.DSNP.WEB-DL.DDP5.1.H.264-CRFW.mkv,Modern Family,2009,1442437,9,21,Ty Burrell,15232.0,0.614
311,954,102,1134,390,1014,210,978,210,0.909,6312,0,"[0.012063629925251007, -0.33364683389663696, -1.1590895652770996, 0.5032523274421692, 1.612082600593567, 0.05970184504985809, 1.3753020763397217, 0.9878205060958862, 0.6980737447738647, 1.33123779296875, -0.6666091084480286, -0.6948975920677185, -1.112442970275879, 0.7811428308486938, -0.09848545491695404, 0.7594789862632751, -0.13692158460617065, -3.0635898113250732, -1.3017367124557495, -0.5461241006851196, -1.301613450050354, 0.6112248301506042, 0.05614117532968521, 1.6340810060501099, 1.307077407836914, 0.6146244406700134, 1.901075839996338, 0.20557184517383575, -0.35604822635650635, -0.9562850594520569, 0.045437734574079514, 0.8827869892120361, -1.7792314291000366, 1.6695277690887451, -0.42399168014526367, -0.6431498527526855, 0.9082592129707336, -2.3530080318450928, 1.5681169033050537, -1.4098937511444092, -1.3832899332046509, -0.11585146188735962, -1.0649325847625732, -0.16850730776786804, 0.7658246159553528, -0.4996317923069, -0.46898990869522095, 0.23774446547031403, -0.8015206456184387, 2.6839287281036377, -0.9160095453262329, -0.0011880174279212952, -0.5862600207328796, 0.6186806559562683, -1.6956074237823486, -1.09410560131073, 1.0920124053955078, -0.5188773274421692, -1.1326875686645508, 0.19034627079963684, -1.9599627256393433, -0.5405659079551697, 0.5604938864707947, 0.6565166711807251, -0.30483365058898926, -0.4626307487487793, -1.5483312606811523, -0.1652759611606598, 0.15353059768676758, -2.1981184482574463, -0.09899456799030304, -0.828498363494873, -0.2511664927005768, 0.9202826619148254, 1.2360608577728271, -0.7554181218147278, 0.3486006557941437, 0.5610505938529968, 1.4920724630355835, 0.6945058703422546, -1.7980469465255737, 0.8404290676116943, 0.30772119760513306, -2.0593013763427734, -0.5126984119415283, 0.26730877161026, 1.0944935083389282, 0.48203009366989136, 0.6844598054885864, 1.1176172494888306, -0.7278916239738464, -0.3385915458202362, -0.8478810787200928, -0.31877219676971436, 2.756955146789551, 0.974431574344635, -1.7650717496871948, -0.07408896088600159, -1.244582176208496, 0.873365044593811, 0.27649182081222534, 0.9655341506004333, -1.2541385889053345, -1.2024247646331787, -0.44105854630470276, -0.6216378211975098, -0.19825787842273712, -0.8577474355697632, -0.6319101452827454, -1.7993253469467163, 0.5470908284187317, -0.35331326723098755, 1.694445013999939, -1.1170670986175537, 1.03199303150177, 1.4292774200439453, 0.6819294691085815, 0.9335366487503052, -0.5310298800468445, 0.6717113852500916, -0.11938287317752838, -1.179938554763794, 0.9012052416801453, 0.17888128757476807, -0.931525707244873, -0.14564116299152374, 1.1365902423858643, 0.12208528816699982]",yunet,Facenet,1920,1080,/home/amos/media/tv/modern_family/Modern.Family.S09.1080p.DSNP.WEB-DL.DDP5.1.H.264-CRFW/Modern.Family.S09E21.The.Escape.1080p.DSNP.WEB-DL.DDP5.1.H.264-CRFW.mkv,Modern Family,2009,1442437,9,21,,,
312,672,162,840,372,804,240,714,240,0.928,6336,0,"[-0.35859060287475586, 0.41658222675323486, 0.22221602499485016, -0.34357136487960815, 1.6479403972625732, 0.257428914308548, 0.5124054551124573, -0.6782914400100708, -1.519181489944458, 0.9570541977882385, -0.09780919551849365, 1.620513677597046, 0.1463954746723175, -1.1216676235198975, 0.3374395966529846, 1.1600772142410278, -1.3490169048309326, -0.1817837953567505, 0.3926166296005249, 1.1821314096450806, 0.573540210723877, -0.6278241276741028, 0.7497994899749756, -0.277297705411911, -1.4829158782958984, 0.9481894373893738, -0.4580684006214142, -1.0247185230255127, 1.7726869583129883, 2.0484461784362793, 0.5835634469985962, -1.2020982503890991, 0.45039424300193787, 0.22639873623847961, 0.3403282165527344, 0.9188404679298401, -1.343120813369751, 0.7406572103500366, -0.3434019684791565, 0.28551948070526123, -0.14827582240104675, 1.4961262941360474, 0.2081892490386963, 1.5308945178985596, -2.571516513824463, -0.8361514210700989, -0.4034595191478729, 0.13891008496284485, -1.7814944982528687, -0.1278134286403656, -0.17829488217830658, 0.6048237085342407, 1.0375003814697266, 1.6874449253082275, -0.05028342828154564, -0.19738517701625824, -0.9415105581283569, -0.4783075749874115, -0.5877678394317627, 1.9946850538253784, -0.3599579632282257, -1.0226396322250366, -0.7674074172973633, -0.9365001916885376, -0.00997873768210411, -0.39039885997772217, -0.7745497822761536, 1.0961722135543823, 1.5667357444763184, 2.3843324184417725, 1.1761020421981812, 0.7665231227874756, -1.5506139993667603, 2.156216621398926, 1.8808834552764893, 2.0528223514556885, 0.3209206759929657, 0.149519681930542, 0.08762791007757187, -0.15491093695163727, 0.43470922112464905, 0.3291892409324646, -0.5786239504814148, -0.04787132143974304, 1.189853549003601, 0.1823284924030304, 0.5090372562408447, -0.6552559733390808, -0.6502599716186523, 0.6374459266662598, -1.7382404804229736, 0.3424333930015564, 0.6776392459869385, -0.1769859492778778, -1.0753240585327148, 0.8391733169555664, -1.8705476522445679, -0.8298791646957397, 0.5271307826042175, -1.5046615600585938, -0.7832449078559875, -1.3356316089630127, -1.4582736492156982, 0.5527518391609192, 0.65420001745224, -1.5008912086486816, -0.08059149980545044, -0.8729187250137329, 0.216151624917984, -0.3673270344734192, 1.6585627794265747, 0.5923157930374146, -0.8246570825576782, 0.18927624821662903, 0.848339319229126, 0.6195386648178101, -0.830049991607666, -0.4508681297302246, 0.5039964318275452, 0.5863422751426697, 2.894199848175049, -1.6667811870574951, -0.995887279510498, -0.7609484791755676, -0.8660094738006592, 0.09743966907262802, -0.16560178995132446, 1.0993105173110962]",yunet,Facenet,1920,1080,/home/amos/media/tv/modern_family/Modern.Family.S09.1080p.DSNP.WEB-DL.DDP5.1.H.264-CRFW/Modern.Family.S09E21.The.Escape.1080p.DSNP.WEB-DL.DDP5.1.H.264-CRFW.mkv,Modern Family,2009,1442437,9,21,Sofía Vergara,63522.0,0.603
313,540,24,708,258,606,108,564,108,0.908,6384,0,"[1.5320398807525635, 0.3195939064025879, -0.09008067101240158, -0.26131197810173035, 2.0858051776885986, 0.33713969588279724, 2.288665771484375, -0.40429043769836426, 0.6603193283081055, 0.34947025775909424, -1.8984143733978271, -0.029250267893075943, -0.5040526986122131, 1.1610078811645508, 0.575964093208313, 0.008018430322408676, -0.5922378301620483, -1.8974610567092896, -0.4696505665779114, -0.7993408441543579, -1.2162758111953735, 2.3654987812042236, -0.6498813629150391, 0.2772485613822937, 1.841758131980896, 1.21498703956604, 1.4002432823181152, -0.5337200164794922, 0.1965365707874298, -0.9911976456642151, 0.22128866612911224, 0.8384671807289124, -2.8759307861328125, 1.0122523307800293, -0.6122728586196899, -0.9658427834510803, 0.5488995909690857, -1.7278283834457397, 1.0391929149627686, -1.2071738243103027, -0.3633187413215637, -0.3842707872390747, -1.1315845251083374, -0.7513595223426819, 0.5025514960289001, -0.24061493575572968, -0.9580992460250854, -1.0776625871658325, -0.4706770181655884, 2.5774242877960205, -1.4001775979995728, 0.7056871056556702, -1.144749641418457, -0.31762680411338806, -0.6748337149620056, -2.600325107574463, 0.4432024657726288, -1.1567062139511108, -1.2768272161483765, -0.5180078148841858, -0.6715462803840637, -1.6082323789596558, 0.9906061887741089, 0.02503347396850586, -1.3301479816436768, 0.5055860877037048, -0.9217000007629395, 0.4185313284397125, -0.7968854904174805, -0.816930890083313, 0.019004549831151962, -0.4229653477668762, 0.982835054397583, -1.1955699920654297, 1.9200431108474731, -0.837101936340332, -0.044959768652915955, 0.7724948525428772, 0.6834699511528015, 1.396849274635315, -2.405738592147827, 2.2967607975006104, -0.012731973081827164, -1.2820017337799072, -0.9070249199867249, 1.3280818462371826, 0.07657589018344879, -0.29369062185287476, 1.6511107683181763, 0.6591311693191528, 0.3651602268218994, -0.4852549731731415, -0.21015557646751404, -1.5821477174758911, 3.1965770721435547, -0.07010834664106369, -1.0087816715240479, 1.3193349838256836, 0.36695244908332825, 0.23717553913593292, 1.0766335725784302, 1.910200834274292, -1.050903081893921, -1.3520474433898926, 0.07148493081331253, 0.20284819602966309, -0.07250702381134033, 0.6911526918411255, -0.5816049575805664, -1.4680867195129395, -0.9405128955841064, 0.6014166474342346, 1.8601990938186646, -1.95166015625, 1.7464890480041504, 1.161401391029358, -0.6848373413085938, 1.3083536624908447, -0.2613644003868103, 0.012938518077135086, -0.14610262215137482, 0.37798231840133667, 1.6223231554031372, -0.5377308130264282, -0.13444921374320984, -0.7044954895973206, -0.443718820810318, 0.8416945338249207]",yunet,Facenet,1920,1080,/home/amos/media/tv/modern_family/Modern.Family.S09.1080p.DSNP.WEB-DL.DDP5.1.H.264-CRFW/Modern.Family.S09E21.The.Escape.1080p.DSNP.WEB-DL.DDP5.1.H.264-CRFW.mkv,Modern Family,2009,1442437,9,21,Eric Stonestreet,156962.0,0.652
314,546,126,768,420,726,234,642,234,0.902,6408,0,"[-0.738922119140625, -1.2974580526351929, -1.0962432622909546, -0.4056991636753082, 1.4957112073898315, 0.7871931791305542, 0.7397797107696533, -0.7160261273384094, 2.590465545654297, 0.03985000029206276, 0.8053691387176514, -1.8345108032226562, -1.0385738611221313, -0.9082885980606079, -0.8346998691558838, 1.337873101234436, 0.3836737871170044, -0.6620936989784241, -0.3964385390281677, 0.2409047931432724, 1.1901657581329346, 1.5490646362304688, 1.975632905960083, 0.29303422570228577, 0.7691023945808411, 1.5025430917739868, 2.5349674224853516, -3.512789249420166, 2.0170559883117676, -0.37221187353134155, 0.7280513048171997, 0.47921624779701233, 0.9258732199668884, -0.3919316530227661, 0.8874140977859497, 0.6262892484664917, 1.2682881355285645, 0.6343268752098083, 0.022117331624031067, -1.4776240587234497, -1.166845679283142, 0.13765649497509003, -1.2303673028945923, -0.9635104537010193, 0.1972687840461731, -0.01816375181078911, -1.7103244066238403, -0.8885613679885864, -0.5786202549934387, 1.2631638050079346, -0.639692485332489, -0.6997699737548828, -0.9968805313110352, 1.2403554916381836, -0.6694488525390625, -1.3476380109786987, 0.9100033044815063, 0.23029831051826477, -2.053046703338623, -2.070378303527832, -0.6364010572433472, 0.28842735290527344, -0.23168140649795532, 0.7687910795211792, -1.3336695432662964, 1.569104552268982, 1.3129194974899292, 1.3438465595245361, 0.748083233833313, -1.3470804691314697, -0.39591050148010254, -0.1062268316745758, -2.238004446029663, -0.2729955315589905, 0.5662630796432495, -0.052160244435071945, -1.5573220252990723, -0.9901721477508545, -0.8489142060279846, -1.2893236875534058, -1.9992395639419556, 1.8553017377853394, -0.2547924518585205, -0.3778691291809082, -0.17034628987312317, 0.7311694622039795, 0.23041725158691406, 1.0590637922286987, -0.75065016746521, -0.9758729934692383, -0.14016029238700867, -0.07877924293279648, 1.692439317703247, 0.8224586248397827, -0.33250075578689575, 1.6369129419326782, -1.7850148677825928, 1.0668773651123047, -0.25485146045684814, -0.9385564923286438, -0.34680289030075073, -0.3626636862754822, 0.1070842444896698, -1.0878114700317383, 0.4905378222465515, 0.4484957456588745, -0.8057615756988525, 0.673585057258606, 0.6280723214149475, -1.0344219207763672, -0.4765623211860657, -0.9792316555976868, 1.8927119970321655, -1.0050795078277588, -0.7639434337615967, 1.8950570821762085, -0.7100563049316406, -1.121024250984192, -1.1786112785339355, 0.7127200961112976, -0.10928532481193542, 0.4235255718231201, 0.988973081111908, -1.1705598831176758, 1.4833883047103882, -0.41318848729133606, 0.020814234390854836, -0.17159681022167206]",yunet,Facenet,1920,1080,/home/amos/media/tv/modern_family/Modern.Family.S09.1080p.DSNP.WEB-DL.DDP5.1.H.264-CRFW/Modern.Family.S09E21.The.Escape.1080p.DSNP.WEB-DL.DDP5.1.H.264-CRFW.mkv,Modern Family,2009,1442437,9,21,Jesse Tyler Ferguson,204815.0,0.685
315,930,144,1188,486,1104,258,984,264,0.914,6432,0,"[0.7848691940307617, 0.30226436257362366, -0.4667268991470337, 1.1072255373001099, 3.280946731567383, -0.16883045434951782, 1.224414587020874, -0.8413198590278625, 1.051919937133789, 0.8219941854476929, -1.2203552722930908, -0.23620472848415375, -0.4817922115325928, 1.2371159791946411, 0.686776876449585, 0.4442342519760132, -0.08018694818019867, -2.006348133087158, -0.5122306942939758, -0.7840957641601562, -1.3500134944915771, 1.181724190711975, -0.5222529172897339, 1.9488680362701416, 2.291217565536499, 1.0935239791870117, 1.8551552295684814, -0.6537756323814392, 0.8033593893051147, -0.5507235527038574, 1.2600014209747314, -0.740049421787262, -2.2123806476593018, 1.1911283731460571, -1.0777815580368042, 0.12470132112503052, 0.4116261899471283, -1.5695570707321167, -0.1514931619167328, -0.5920575857162476, -0.456768274307251, 0.19162125885486603, -0.019961684942245483, 0.34210115671157837, 0.3467947244644165, 0.22165840864181519, -0.5224400162696838, 0.10380803048610687, -0.4625208377838135, 1.6728190183639526, -0.7318611741065979, 0.7160109877586365, -1.2351561784744263, 0.5971384644508362, -0.8974654078483582, -1.457686424255371, 1.2318816184997559, -2.0929644107818604, 0.4372083246707916, 1.267403483390808, -0.0032539665699005127, 0.028634093701839447, 1.101786732673645, 0.49932390451431274, -0.74745774269104, 0.705970287322998, -1.72312331199646, 0.5175241231918335, -0.938915491104126, -0.5367392301559448, -0.21681296825408936, -0.7640222311019897, 0.6170183420181274, 0.3283534049987793, 1.400408387184143, 0.31733208894729614, 0.9616978168487549, 1.1935933828353882, 0.2801364064216614, 0.7876255512237549, -3.029752731323242, 2.404700756072998, -0.20603856444358826, -0.4767996370792389, -0.31068965792655945, 0.7100528478622437, 0.7864224910736084, -0.15212802588939667, 1.4578016996383667, 0.42961177229881287, 0.29775944352149963, 0.9613637328147888, 1.2526068687438965, -1.3848545551300049, 2.375807762145996, 0.45255884528160095, -1.0110474824905396, 0.7676607370376587, -0.3379051685333252, 0.6337210536003113, 0.308344304561615, 0.6859728097915649, -0.6772662997245789, -1.580885648727417, 1.1789487600326538, -0.6585637927055359, -1.301126480102539, 1.5316073894500732, -0.20252725481987, -2.2939212322235107, -0.3900566101074219, -0.6022195219993591, 1.5268042087554932, -1.5328798294067383, 1.2503571510314941, 1.4449973106384277, -0.33006271719932556, 1.920701265335083, 0.245880126953125, 0.7809180617332458, 0.7685673832893372, -0.6828633546829224, 0.738435685634613, -0.6211023926734924, 0.7083750367164612, -1.0403863191604614, 0.4553891718387604, -0.3738323450088501]",yunet,Facenet,1920,1080,/home/amos/media/tv/modern_family/Modern.Family.S09.1080p.DSNP.WEB-DL.DDP5.1.H.264-CRFW/Modern.Family.S09E21.The.Escape.1080p.DSNP.WEB-DL.DDP5.1.H.264-CRFW.mkv,Modern Family,2009,1442437,9,21,Eric Stonestreet,156962.0,0.674
316,942,162,1194,492,1116,288,996,288,0.911,6456,0,"[0.7172657251358032, 0.10014529526233673, -0.8319191932678223, 0.7085928916931152, 3.371840000152588, -0.10587586462497711, 1.0486061573028564, -0.5842576622962952, 0.9191659688949585, 0.865642786026001, -1.8613197803497314, -0.12481169402599335, -0.6089520454406738, 0.9665147066116333, 0.5266696214675903, 1.0246100425720215, -0.12264767289161682, -1.518763780593872, -0.20366203784942627, -1.3133882284164429, -1.6930428743362427, 1.637654185295105, -1.1772652864456177, 1.8672062158584595, 2.06687068939209, 1.4981311559677124, 1.4646811485290527, -0.6277851462364197, 0.829899251461029, -0.37696215510368347, 0.9313349723815918, -0.5170565843582153, -2.434281587600708, 1.273748755455017, -0.5924938917160034, 0.42227235436439514, 0.5322107076644897, -1.5607270002365112, -0.3914565443992615, -1.2140415906906128, -0.36279189586639404, 0.3752569854259491, 0.030846185982227325, 0.6530244946479797, 0.7433426380157471, -0.6596735715866089, -0.5374496579170227, 0.8369913101196289, -0.46212154626846313, 1.778552770614624, -0.33291465044021606, 0.6803182363510132, -1.3053638935089111, 1.2455261945724487, -1.1436203718185425, -1.5612547397613525, 0.9415349960327148, -2.4837350845336914, 0.05937064066529274, 1.3379795551300049, -0.9185304641723633, -0.05223222076892853, 0.9770933389663696, 1.0510135889053345, -0.3039415776729584, 0.9129124879837036, -1.6446456909179688, 0.40861010551452637, -0.5202592611312866, -0.6428155899047852, 0.34033775329589844, -0.8025109767913818, -0.06313274800777435, 0.6050547361373901, 1.5180435180664062, -0.28351932764053345, 0.26352444291114807, 1.1528984308242798, 0.5889885425567627, 0.47106850147247314, -2.8537838459014893, 2.1287779808044434, -0.3825192153453827, -0.43080809712409973, -0.35048893094062805, 0.41439998149871826, 1.0165966749191284, 0.015139743685722351, 1.4276639223098755, 0.5521798133850098, 0.0715843066573143, 0.9925777316093445, 1.0559327602386475, -1.6499696969985962, 2.0248703956604004, 0.9006409645080566, -0.8426128625869751, 0.0639241561293602, 0.06277835369110107, 1.2434701919555664, 0.259080171585083, 0.9806299805641174, -1.065039873123169, -1.7496484518051147, 0.5075821280479431, -0.43988651037216187, -1.7900546789169312, 0.9248641729354858, -0.16503940522670746, -2.1802241802215576, -0.6354132890701294, -0.5412250757217407, 1.4596312046051025, -1.3646318912506104, 1.4632039070129395, 1.1215295791625977, -0.06934287399053574, 1.8411865234375, -0.09796831756830215, 0.39879196882247925, 0.8740625381469727, -0.9144287109375, 1.3061832189559937, -0.34971103072166443, 0.5815134048461914, -0.79482501745224, 0.9011343121528625, -0.7625246644020081]",yunet,Facenet,1920,1080,/home/amos/media/tv/modern_family/Modern.Family.S09.1080p.DSNP.WEB-DL.DDP5.1.H.264-CRFW/Modern.Family.S09E21.The.Escape.1080p.DSNP.WEB-DL.DDP5.1.H.264-CRFW.mkv,Modern Family,2009,1442437,9,21,Eric Stonestreet,156962.0,0.615
317,954,138,1206,480,1122,264,1002,258,0.92,6480,0,"[0.5545523762702942, -0.21021977066993713, -0.4522903859615326, 0.6473819613456726, 3.6469666957855225, 0.3124178946018219, 1.7619338035583496, -0.7050255537033081, 1.1401766538619995, 0.9993919134140015, -1.5102863311767578, -0.48666635155677795, -0.8373388051986694, 1.2863126993179321, 0.27479201555252075, 1.097548007965088, -0.051387540996074677, -1.9806286096572876, -0.5879884362220764, -0.8834929466247559, -1.1390571594238281, 1.337032437324524, -0.4466996192932129, 1.4840325117111206, 2.0062897205352783, 1.0110926628112793, 1.9472206830978394, -0.6847982406616211, 0.540989875793457, -0.298339307308197, 1.3243812322616577, -0.19831480085849762, -1.9839869737625122, 0.9177979230880737, -1.155669093132019, -0.21051079034805298, 0.34163808822631836, -1.439926028251648, -0.17294058203697205, -1.031685709953308, -0.5147926807403564, -0.23065462708473206, -0.011891566216945648, 0.3729425370693207, 0.5063138008117676, -0.6518096923828125, -0.5217425227165222, -0.2836371064186096, -0.6391838788986206, 2.1015703678131104, -0.9382005333900452, 0.6465936899185181, -1.1132389307022095, 0.23404864966869354, -1.0655043125152588, -1.8453779220581055, 1.164060115814209, -1.8847366571426392, 0.24703975021839142, 1.2465835809707642, -0.6045374274253845, -0.13528414070606232, 0.9450348615646362, 0.8846666812896729, -0.8055850267410278, 0.42049312591552734, -1.1781773567199707, 0.867350697517395, -0.3797045946121216, -0.6859018802642822, -0.6009981036186218, -0.8324742317199707, 0.2376714050769806, 0.21903859078884125, 1.4523241519927979, 0.4983285367488861, 0.49441400170326233, 0.5985761880874634, 0.3781247138977051, 0.5475496649742126, -2.9098057746887207, 2.9082608222961426, -0.059332139790058136, -0.7640357613563538, -0.5474047064781189, 0.7086285352706909, 1.0386220216751099, -0.021210849285125732, 1.232889175415039, 0.9473233222961426, -0.06751926988363266, 0.43251553177833557, 0.7922274470329285, -1.4408570528030396, 2.2014572620391846, 0.31191837787628174, -1.843499779701233, 0.5273757576942444, -0.11859657615423203, 1.0668861865997314, 0.3028686046600342, 0.6710753440856934, -1.2547566890716553, -1.9980658292770386, 0.7354641556739807, -0.9987457394599915, -1.3913280963897705, 1.300451397895813, -0.12176452577114105, -2.162858009338379, -0.6120250225067139, -0.11972562968730927, 1.738279938697815, -1.2310190200805664, 1.1845636367797852, 1.0637097358703613, 0.08173014968633652, 1.5836316347122192, -0.48096707463264465, 0.7791674137115479, 1.4002799987792969, -0.5037586688995361, 0.855414867401123, -0.2752682566642761, 0.564464807510376, -1.2721284627914429, 0.6340634822845459, -0.3561584949493408]",yunet,Facenet,1920,1080,/home/amos/media/tv/modern_family/Modern.Family.S09.1080p.DSNP.WEB-DL.DDP5.1.H.264-CRFW/Modern.Family.S09E21.The.Escape.1080p.DSNP.WEB-DL.DDP5.1.H.264-CRFW.mkv,Modern Family,2009,1442437,9,21,Eric Stonestreet,156962.0,0.663
318,636,144,876,462,828,270,720,270,0.905,6504,0,"[-1.1771492958068848, -0.9167362451553345, -1.1255346536636353, -1.0359936952590942, 1.5665544271469116, 0.4861869513988495, 0.32935112714767456, -0.5559728145599365, 2.7620370388031006, -0.6004353761672974, 0.9730845093727112, -1.8587785959243774, -1.4362421035766602, -0.4158959686756134, 0.013751022517681122, 1.759229302406311, 0.26922333240509033, -0.06261661648750305, 0.1364768147468567, 0.11601069569587708, 1.135481834411621, 1.5099886655807495, 1.6509597301483154, 1.4033855199813843, 1.27364182472229, 1.8481292724609375, 0.910752534866333, -3.189584732055664, 2.2242372035980225, -0.8036893606185913, 1.0788134336471558, 0.11762053519487381, 1.06210458278656, 0.6302431225776672, 1.3141685724258423, 1.549933671951294, 1.2788572311401367, 0.007202543318271637, -1.132908582687378, -0.8536797761917114, -0.9753120541572571, -0.014661179855465889, -0.7877126932144165, -0.6533058881759644, 0.2811428904533386, 0.23454847931861877, -1.8734315633773804, 0.27603796124458313, -0.8936240077018738, 0.9656248092651367, 0.6521934866905212, -0.441906601190567, -1.6329617500305176, 1.258361577987671, -1.027119517326355, -0.8712958097457886, 0.5553964376449585, 0.266445517539978, -1.4149316549301147, -1.5631814002990723, 0.21873915195465088, 0.7631898522377014, -0.835122287273407, 1.1939924955368042, -0.8256550431251526, 0.8904139995574951, 1.317949652671814, 0.9910113215446472, 1.1582698822021484, -1.9581117630004883, 0.2752562463283539, -1.406173586845398, -1.5361859798431396, -0.47084176540374756, 0.32819631695747375, -0.42199188470840454, -0.4514894485473633, -0.973900556564331, -1.740122675895691, -1.359804391860962, -2.2498018741607666, 2.113616943359375, -0.8462716937065125, -0.6417235136032104, -0.940116286277771, 0.14125551283359528, 0.40121373534202576, 1.2573059797286987, 0.29432669281959534, -0.9087579846382141, -0.453559011220932, -0.09294474869966507, 1.966827154159546, 0.5507670044898987, -0.19165655970573425, 1.4823517799377441, -1.0624432563781738, 0.4948704242706299, -0.43207335472106934, 0.6603546142578125, -0.06615495681762695, -0.3423215448856354, -0.04835622012615204, -0.7589219808578491, -0.21040621399879456, -0.00209176167845726, -0.395961731672287, 0.5961779356002808, 1.3557242155075073, -1.3425894975662231, -1.2764784097671509, -1.1526957750320435, 2.3252227306365967, -1.2561991214752197, -0.013389667496085167, 1.1208713054656982, 0.8123346567153931, -1.1109861135482788, -0.9948029518127441, 0.4993515908718109, -0.5486302971839905, 0.8375879526138306, 1.2171574831008911, -1.4653264284133911, 2.069363832473755, -0.040080830454826355, 0.46488508582115173, 0.03998829796910286]",yunet,Facenet,1920,1080,/home/amos/media/tv/modern_family/Modern.Family.S09.1080p.DSNP.WEB-DL.DDP5.1.H.264-CRFW/Modern.Family.S09E21.The.Escape.1080p.DSNP.WEB-DL.DDP5.1.H.264-CRFW.mkv,Modern Family,2009,1442437,9,21,Jesse Tyler Ferguson,204815.0,0.674
319,948,90,1212,450,1110,222,996,222,0.924,6528,0,"[1.0690510272979736, -0.7001398801803589, -0.28516125679016113, 0.7601042985916138, 1.952736496925354, 0.12024302035570145, 1.6441110372543335, -0.5471718907356262, 0.97109454870224, 0.5484642386436462, -1.787577509880066, -0.9830032587051392, -0.8102474212646484, 1.2845723628997803, 0.44667696952819824, 0.7678171992301941, -0.40524810552597046, -2.1046485900878906, -0.5753982067108154, -0.9581605195999146, -0.6503673791885376, 1.9627436399459839, 0.4336872696876526, 1.6607459783554077, 2.2576191425323486, 1.3636958599090576, 0.875739574432373, -1.0568970441818237, 1.741804838180542, -1.4881490468978882, 1.2218879461288452, 0.5884541869163513, -2.1635282039642334, 1.344618797302246, -0.7129022479057312, -0.3742920458316803, 0.40762943029403687, -0.8429090976715088, 0.14180387556552887, -1.2879375219345093, -0.6379008889198303, 0.6900585889816284, -0.5436660051345825, -1.1076068878173828, 0.20714835822582245, 0.7988575100898743, -0.9568891525268555, -0.6068885326385498, -0.4217866063117981, 2.6826846599578857, -0.9915435910224915, -0.30680105090141296, -1.3373247385025024, 0.3181505799293518, -0.4614860713481903, -1.9271703958511353, 0.8394988775253296, -0.5966837406158447, -0.8435861468315125, 0.17205139994621277, -1.1369847059249878, -1.2081317901611328, 0.9292276501655579, 0.6015475988388062, -1.63028883934021, 0.2864263653755188, -0.4752223491668701, 0.7231968641281128, 0.0039027146995067596, -0.8264502286911011, -0.261039137840271, -0.3643590807914734, -0.18912577629089355, -0.13584581017494202, 0.7806959748268127, -0.6360952258110046, -0.9310804605484009, 0.4375418722629547, 0.04685365408658981, 0.8824648261070251, -2.1129674911499023, 1.7541648149490356, 0.42653700709342957, -1.5765717029571533, -1.597960114479065, 0.606285572052002, 0.4827018082141876, 0.4810662865638733, 0.8711273670196533, -0.08200262486934662, 1.1318062543869019, -0.47300833463668823, 0.3255360722541809, -0.9170212149620056, 2.6262879371643066, 0.3171948790550232, -1.6691174507141113, 1.5724133253097534, 0.8182625770568848, 0.33935630321502686, -0.01970292069017887, 0.9505051970481873, -1.2533997297286987, -1.0306453704833984, 0.571610689163208, -0.8444198369979858, -0.5418652296066284, 0.8271728754043579, -0.6204087734222412, -2.1332807540893555, -0.963047444820404, -0.4555341601371765, 2.033189535140991, -1.625037431716919, 1.140694260597229, 0.7638647556304932, 0.581154465675354, 0.3934650421142578, -0.791720986366272, 0.09212923049926758, 0.3210791349411011, -0.3653896450996399, 1.2254059314727783, -0.8827968239784241, 0.14928466081619263, -0.7114132642745972, -0.21180832386016846, 0.14787660539150238]",yunet,Facenet,1920,1080,/home/amos/media/tv/modern_family/Modern.Family.S09.1080p.DSNP.WEB-DL.DDP5.1.H.264-CRFW/Modern.Family.S09E21.The.Escape.1080p.DSNP.WEB-DL.DDP5.1.H.264-CRFW.mkv,Modern Family,2009,1442437,9,21,Eric Stonestreet,156962.0,0.659
320,1044,102,1314,462,1254,240,1134,240,0.915,6552,0,"[0.8499917984008789, -0.23949381709098816, -0.3109937310218811, 0.7703484892845154, 2.457110643386841, -0.4369359612464905, 1.3933172225952148, -0.9121474623680115, 1.1845808029174805, 0.6566381454467773, -1.4143929481506348, -0.8318061828613281, -0.1904364973306656, 0.5944325923919678, 0.6320381164550781, 0.5713493227958679, -0.6182341575622559, -2.118903636932373, -0.7123401761054993, -0.7591490745544434, -0.829780101776123, 1.2657541036605835, -0.8096405267715454, 2.0834765434265137, 1.755719780921936, 1.6003113985061646, 2.159273386001587, -0.24795088171958923, 0.8757920265197754, -0.9065085053443909, 0.572879433631897, 0.6539711356163025, -2.3888707160949707, 1.3477962017059326, -1.319476842880249, -0.3429517149925232, 0.5430586934089661, -1.9624767303466797, 0.48432618379592896, -0.7618093490600586, -0.17232446372509003, -0.4034039080142975, 0.0848642960190773, -0.26479190587997437, -0.3485059142112732, 0.16521456837654114, -0.6823623776435852, -0.7457679510116577, -1.0339752435684204, 1.3480886220932007, -0.8896952867507935, 0.3409721255302429, -1.625697374343872, 1.065477728843689, -0.44161686301231384, -1.7115364074707031, 1.3137487173080444, -1.4822415113449097, -0.30093324184417725, 0.1397685706615448, -1.3347125053405762, -1.2191611528396606, 1.4498504400253296, 0.352165162563324, -1.1617465019226074, 0.9842776656150818, -0.7652096748352051, 0.18212610483169556, -1.2535312175750732, -0.6868124008178711, -0.024118617177009583, -0.8061481714248657, 0.9978182315826416, 0.28759855031967163, 0.8341741561889648, 0.1790357530117035, -0.10453381389379501, 1.0096421241760254, 0.08763491362333298, 0.7719727158546448, -2.1934425830841064, 1.9691736698150635, -0.05287736654281616, -0.7506260871887207, -0.6773962378501892, 0.4163316488265991, 0.003405541181564331, 0.1598915308713913, 1.3099284172058105, 0.43597081303596497, 0.9361765384674072, -0.7732248902320862, 0.6488991975784302, -1.3992773294448853, 2.088128089904785, 0.34677979350090027, -1.3331838846206665, 0.9544352889060974, -0.10432340204715729, -0.2879304885864258, 0.009063754230737686, 0.37493303418159485, -0.6226650476455688, -1.0997836589813232, 0.5371372103691101, -0.41807103157043457, -0.9979592561721802, 1.0366135835647583, -0.21696531772613525, -1.1534833908081055, -0.08920828253030777, -0.5449218153953552, 1.9576359987258911, -1.5723071098327637, 1.4401179552078247, 0.666967511177063, -0.31126993894577026, 0.7640244960784912, 0.04104899242520332, 0.21279670298099518, 0.4542554020881653, -0.4988996684551239, 1.3652279376983643, -0.7052693963050842, 0.25392019748687744, -0.30105915665626526, 0.9743448495864868, 0.11933542788028717]",yunet,Facenet,1920,1080,/home/amos/media/tv/modern_family/Modern.Family.S09.1080p.DSNP.WEB-DL.DDP5.1.H.264-CRFW/Modern.Family.S09E21.The.Escape.1080p.DSNP.WEB-DL.DDP5.1.H.264-CRFW.mkv,Modern Family,2009,1442437,9,21,Eric Stonestreet,156962.0,0.737
321,564,246,804,570,714,378,618,378,0.916,6576,0,"[-1.8022104501724243, -0.7858238220214844, -1.1764649152755737, 0.7841981649398804, 1.7498921155929565, -1.5598434209823608, -0.853744387626648, 0.9295588135719299, 3.8201417922973633, 0.25883057713508606, 0.23384055495262146, -0.719174861907959, -0.23323163390159607, -0.1411558985710144, -0.427053838968277, -0.39279305934906006, -0.904443621635437, -0.8447224497795105, -1.222508430480957, -0.33101359009742737, 0.07301916182041168, 0.6246359944343567, -0.6428084969520569, 1.1111464500427246, 0.2501741945743561, 1.3746633529663086, 1.0903087854385376, -1.319000005722046, 2.2416038513183594, -1.1674864292144775, -1.0630614757537842, 0.18749113380908966, -0.5209147334098816, -0.8866021633148193, 0.9120448231697083, 0.12435345351696014, -0.03994075208902359, -0.6189435124397278, -1.2859063148498535, -2.06608247756958, -0.5571779608726501, 0.9255064129829407, -0.8764845132827759, 0.4495978355407715, -0.8858514428138733, -1.1020307540893555, -0.8123469352722168, 0.45539572834968567, -0.5901081562042236, 0.6674580574035645, 1.1168345212936401, 1.0622159242630005, -1.8781356811523438, -0.3392835259437561, -0.4816473424434662, -1.3656052350997925, 1.9856008291244507, -0.3291589617729187, -0.9016872644424438, -0.8941168189048767, -0.49361637234687805, 0.1879432648420334, -0.8578112721443176, 0.8910497426986694, -0.1714479625225067, 2.8631885051727295, -0.16052702069282532, 1.1926100254058838, 0.5725336074829102, -2.1362411975860596, -0.3458317220211029, -1.507979393005371, -1.212283968925476, 0.8503310084342957, -0.3694841265678406, 0.07230411469936371, 0.05828480422496796, -0.18479587137699127, -1.5274527072906494, -1.7803877592086792, -2.0976524353027344, 0.5576393604278564, -0.4840257167816162, 0.08340384066104889, -1.0620571374893188, -1.8641846179962158, 0.4508039951324463, 0.21586312353610992, -0.8502740859985352, -0.27757853269577026, -0.39249923825263977, -0.2136869877576828, 1.1064363718032837, 0.3746914565563202, -0.7655049562454224, 1.541008710861206, -0.5792960524559021, 1.7029632329940796, -1.2303459644317627, -1.1946290731430054, -0.7936109900474548, -0.8439972400665283, -0.202982097864151, -0.9013758301734924, 1.0375454425811768, 0.949874997138977, 0.09095682203769684, -0.4347364008426666, 1.0267205238342285, 0.5904441475868225, 1.3468235731124878, -1.3178132772445679, 1.4590656757354736, -0.34937784075737, 0.3261891007423401, 2.1535675525665283, 0.2805992662906647, -1.7087706327438354, -0.3315994441509247, 1.1507775783538818, -0.6070665121078491, -0.06664656102657318, -1.2090705633163452, 0.12346424907445908, 1.6571176052093506, -0.28770187497138977, 0.1486349254846573, -0.5575375556945801]",yunet,Facenet,1920,1080,/home/amos/media/tv/modern_family/Modern.Family.S09.1080p.DSNP.WEB-DL.DDP5.1.H.264-CRFW/Modern.Family.S09E21.The.Escape.1080p.DSNP.WEB-DL.DDP5.1.H.264-CRFW.mkv,Modern Family,2009,1442437,9,21,Jesse Tyler Ferguson,204815.0,0.766
322,576,270,840,606,756,414,642,414,0.925,6600,0,"[-1.8939039707183838, -1.0655237436294556, -1.1493972539901733, 0.3939244747161865, 1.442201852798462, -0.7268745303153992, -0.06555045396089554, 1.007719874382019, 3.12589430809021, -0.09113863110542297, 1.0417412519454956, -1.7100727558135986, -0.6729042530059814, -0.7038794755935669, -0.8551832437515259, 1.035666823387146, -1.2956156730651855, -0.19703814387321472, -1.0158239603042603, 0.418063223361969, 0.3281294107437134, 1.6009145975112915, 0.09110739082098007, 0.22852706909179688, 0.09057991206645966, 1.976508617401123, 1.306043028831482, -2.0032148361206055, 1.7824406623840332, -0.7627098560333252, -0.6742703914642334, 0.7436895370483398, 0.13214056193828583, -0.5881847739219666, 0.7742042541503906, -0.1334029585123062, 0.9593653678894043, -0.3970281183719635, -0.12626788020133972, -1.980665922164917, -0.6984118223190308, 0.5799601674079895, -0.874974250793457, -0.28238439559936523, -0.4101644456386566, -0.714165449142456, -1.385655403137207, -0.06827624142169952, -0.2354140281677246, 1.3953231573104858, 0.35750824213027954, 1.2093743085861206, -1.5646295547485352, 0.8456101417541504, -0.859964907169342, -1.329977035522461, 1.7643944025039673, -0.1407235711812973, -1.8403711318969727, -0.6370109915733337, -0.21948367357254028, 0.31630438566207886, -0.34300917387008667, 1.6216320991516113, 0.04927920550107956, 2.326647996902466, 0.894380509853363, 1.3479770421981812, 0.7565131187438965, -1.670924186706543, -0.5416096448898315, -1.1376113891601562, -1.965527892112732, 0.13891586661338806, 0.6882253885269165, -0.40099141001701355, -1.2946197986602783, -0.42912784218788147, -1.411839485168457, -0.9801381826400757, -1.6615546941757202, 0.6846466064453125, -0.09080775082111359, -0.02607252635061741, -0.8327425122261047, -0.945691704750061, -0.6894258856773376, 1.260080337524414, -1.329455852508545, -1.022611141204834, -0.22231343388557434, -0.6221631169319153, 1.2115672826766968, 0.41667884588241577, -0.6723979711532593, 1.328111171722412, -1.3276151418685913, 1.1958582401275635, -1.1585466861724854, -1.5542832612991333, -0.560096800327301, -1.1419309377670288, -0.619376540184021, -0.3333444595336914, 0.6797187924385071, 0.9969051480293274, -0.2714531123638153, -0.5397753715515137, 0.21262285113334656, 0.6071587204933167, 1.0143660306930542, -1.26610267162323, 1.79249906539917, -0.23956134915351868, 0.13516463339328766, 1.2990485429763794, -0.2410973459482193, -1.9133248329162598, -0.6111647486686707, 1.0331897735595703, -0.24010051786899567, -0.23344337940216064, -0.13862884044647217, -0.2237430363893509, 1.1018706560134888, -0.9302269816398621, 0.07741618901491165, 0.6063050031661987]",yunet,Facenet,1920,1080,/home/amos/media/tv/modern_family/Modern.Family.S09.1080p.DSNP.WEB-DL.DDP5.1.H.264-CRFW/Modern.Family.S09E21.The.Escape.1080p.DSNP.WEB-DL.DDP5.1.H.264-CRFW.mkv,Modern Family,2009,1442437,9,21,Jesse Tyler Ferguson,204815.0,0.781
323,588,234,834,564,774,354,666,354,0.924,6624,0,"[-1.9057974815368652, -1.142200231552124, -0.8056225776672363, 0.1875229775905609, 1.4953550100326538, -0.8346732258796692, -0.171977236866951, 0.6321527361869812, 3.428126811981201, -0.13427826762199402, 0.8833255171775818, -1.4565701484680176, -1.3299022912979126, -0.6376290321350098, -0.6933798789978027, 0.6461573243141174, -0.8694515228271484, -0.038517843931913376, -1.1339467763900757, -0.15248870849609375, 0.1020340621471405, 1.4481266736984253, 0.11478143185377121, 0.7131873965263367, 0.2044343799352646, 1.6286225318908691, 1.5933454036712646, -1.7858418226242065, 1.5223639011383057, -0.8829852342605591, -0.5890707969665527, 0.5514861345291138, 0.18144698441028595, -0.6506956219673157, 0.471851646900177, 0.5606504678726196, 0.8693854808807373, -0.9892672896385193, -1.0981640815734863, -2.073394298553467, -1.1447848081588745, -0.32889696955680847, -0.9519935846328735, -0.0755087286233902, 0.13972632586956024, -0.4042918384075165, -1.497160792350769, 0.05741370841860771, -0.5772101879119873, 1.1027394533157349, 1.017957329750061, 0.49270451068878174, -1.6501867771148682, 0.43648630380630493, -0.548977255821228, -1.1219532489776611, 0.6264853477478027, 0.0373649038374424, -1.767840027809143, -1.1769362688064575, -0.5896213054656982, 0.44634753465652466, -0.3140069842338562, 1.3998208045959473, 0.04902614280581474, 2.7668235301971436, 0.38135653734207153, 1.4314583539962769, 0.6691246628761292, -1.8927710056304932, -0.18254680931568146, -1.541681170463562, -0.9066956639289856, -0.1753178983926773, 0.07769741117954254, -0.3522932231426239, -1.0183980464935303, -0.46420907974243164, -1.3131569623947144, -0.7968723177909851, -2.2801709175109863, 1.10089910030365, -0.6123118996620178, 0.23651450872421265, -1.1950773000717163, -1.1431602239608765, -0.4194191098213196, 0.972962498664856, -0.2384924292564392, -1.003286361694336, 0.0949518233537674, -0.38854071497917175, 1.2531532049179077, 0.6017838716506958, -0.4642825722694397, 1.1747294664382935, -0.9142236709594727, 1.4746454954147339, -1.0549485683441162, -0.7372739315032959, -0.14337024092674255, -0.8117433786392212, 0.10265994817018509, -0.5705854296684265, 0.27146536111831665, 0.6885678768157959, -0.08917373418807983, -0.5427156686782837, 0.5391308665275574, 0.13820013403892517, 0.4693942666053772, -1.1596421003341675, 2.096525192260742, -0.440238893032074, 0.47119271755218506, 1.715987205505371, 0.2558157444000244, -1.261531949043274, -0.754687488079071, 1.1024632453918457, -0.9433588981628418, 0.11912434548139572, 0.18168534338474274, -0.16457366943359375, 1.2515642642974854, -0.29230645298957825, 0.5177913308143616, 0.46692338585853577]",yunet,Facenet,1920,1080,/home/amos/media/tv/modern_family/Modern.Family.S09.1080p.DSNP.WEB-DL.DDP5.1.H.264-CRFW/Modern.Family.S09E21.The.Escape.1080p.DSNP.WEB-DL.DDP5.1.H.264-CRFW.mkv,Modern Family,2009,1442437,9,21,Jesse Tyler Ferguson,204815.0,0.774
324,588,198,828,534,768,336,660,336,0.925,6648,0,"[-1.9910470247268677, -1.318861484527588, -0.728876531124115, 0.1383829414844513, 1.8269925117492676, -0.7714890241622925, -0.07512229681015015, 0.34027478098869324, 3.4527602195739746, 0.053755562752485275, 0.665820837020874, -1.633471131324768, -1.1454248428344727, -0.8597962856292725, -0.9651998281478882, 1.2411091327667236, -0.982215166091919, -0.21317127346992493, -0.8552030324935913, 0.07905837148427963, 0.4709700047969818, 1.5710951089859009, 0.07931721955537796, 0.984129011631012, 0.1492544412612915, 1.6177774667739868, 2.0711147785186768, -1.9480172395706177, 1.553566813468933, -0.6665346622467041, -0.7359445095062256, 0.4366786479949951, 0.18201091885566711, -0.5500863790512085, 0.44483327865600586, 0.7696948051452637, 0.7481595277786255, -0.9482288956642151, -0.6766651272773743, -2.2159225940704346, -0.7734200954437256, -0.6131450533866882, -1.3894718885421753, -0.21201887726783752, 0.41628172993659973, -0.5930407047271729, -1.8009274005889893, 0.12725287675857544, -0.43808966875076294, 0.8367979526519775, 0.5474980473518372, 0.642254650592804, -1.5612537860870361, 0.54464191198349, -0.8000578284263611, -1.0626063346862793, 0.8808974027633667, -0.21838325262069702, -1.3732413053512573, -0.9382990002632141, -0.7267516851425171, 0.5553542375564575, -0.416616290807724, 1.4541994333267212, -0.17520540952682495, 2.6853721141815186, 1.0092588663101196, 0.7658736705780029, 0.6862116456031799, -1.7384921312332153, -0.19559787213802338, -1.546717882156372, -1.0540878772735596, 0.3100084662437439, 0.17883168160915375, -0.7374467253684998, -1.2161870002746582, -0.25157442688941956, -1.0223500728607178, -0.986477792263031, -2.246934175491333, 0.9324499368667603, -0.37588080763816833, 0.1553751677274704, -0.9002915024757385, -0.8542778491973877, -0.1806727647781372, 1.0149297714233398, -0.49459508061408997, -0.935981035232544, 0.06976032257080078, 0.06226202845573425, 1.2584258317947388, 0.6716122031211853, -0.45015156269073486, 1.029923915863037, -0.9796097278594971, 0.8913676738739014, -1.02775239944458, -0.4468657970428467, -0.5144025087356567, -0.6557122468948364, -0.10236401855945587, -0.6037113666534424, 0.4104123115539551, 0.6955277323722839, -0.10419568419456482, -0.3200814127922058, 0.2208729386329651, 0.11844043433666229, 0.6433721780776978, -1.3494069576263428, 2.1641697883605957, -0.35277262330055237, 0.300133615732193, 1.8307561874389648, 0.480620414018631, -0.9150075912475586, -1.2357783317565918, 1.1309908628463745, -0.548835277557373, 0.1959221065044403, 0.18119019269943237, -0.4583679735660553, 1.090103030204773, -0.18141767382621765, 0.8279193639755249, 0.011838238686323166]",yunet,Facenet,1920,1080,/home/amos/media/tv/modern_family/Modern.Family.S09.1080p.DSNP.WEB-DL.DDP5.1.H.264-CRFW/Modern.Family.S09E21.The.Escape.1080p.DSNP.WEB-DL.DDP5.1.H.264-CRFW.mkv,Modern Family,2009,1442437,9,21,Jesse Tyler Ferguson,204815.0,0.784
325,618,144,870,492,816,282,702,282,0.914,6672,0,"[-1.4727628231048584, -1.2377588748931885, -0.7929413318634033, -0.427141010761261, 1.8476860523223877, -0.38444650173187256, -0.025530748069286346, -0.48019111156463623, 3.071779251098633, -0.3033260703086853, 1.122424840927124, -2.0056099891662598, -2.0678770542144775, -0.6000533103942871, -0.5245497226715088, 1.3369238376617432, 0.7142214775085449, 0.0700308084487915, -0.45157331228256226, 0.13435134291648865, 1.3608194589614868, 1.0062187910079956, 2.000087022781372, 0.434742271900177, 0.7139831185340881, 1.3785412311553955, 1.8073850870132446, -2.6750617027282715, 1.701338529586792, -0.181292325258255, 0.045627813786268234, 0.5396299958229065, 0.8246296048164368, 0.25974398851394653, 1.0449079275131226, 0.8293465375900269, 1.1232846975326538, 0.35670360922813416, -0.6195793151855469, -1.241243600845337, -2.019930124282837, -0.46756717562675476, -1.2897613048553467, -0.904322624206543, -0.01733669824898243, -0.1954820305109024, -2.3716702461242676, 0.10128926485776901, -0.41057831048965454, 1.6683294773101807, 0.5839129090309143, -0.29627707600593567, -0.7237558364868164, 0.8792199492454529, -0.16686366498470306, -1.3166273832321167, 0.6357308626174927, 0.4753156304359436, -1.6794949769973755, -1.465303897857666, -0.7974323630332947, 0.17747880518436432, -0.38425543904304504, 1.219976544380188, -0.887439489364624, 1.4942677021026611, 0.9568767547607422, 0.9112623333930969, 0.7754968404769897, -1.5082188844680786, -0.31771886348724365, -1.5563685894012451, -1.0807081460952759, -0.44170260429382324, -0.04476122185587883, -0.33143770694732666, -0.7295376062393188, -1.3956727981567383, -1.4459409713745117, -1.7727022171020508, -2.24875545501709, 1.9302021265029907, -0.5881507396697998, -0.08947352319955826, -1.2916887998580933, 0.5241518020629883, 0.055235475301742554, 0.5638895630836487, -0.4983486235141754, -0.746480405330658, -0.12932810187339783, 0.4176180958747864, 1.185035228729248, 0.6585373878479004, -0.22556614875793457, 1.0035933256149292, -1.4678559303283691, 0.774495005607605, -1.3471691608428955, -0.4261946976184845, 0.1291486918926239, -0.7424629330635071, -0.054997846484184265, -0.6197184324264526, 0.6291727423667908, 0.03017229214310646, -0.3729453980922699, -0.29655128717422485, 0.7885894775390625, -1.1248723268508911, -0.2552974224090576, -1.4857498407363892, 1.8704447746276855, -0.13659076392650604, 0.09866044670343399, 0.8079054355621338, 0.21920570731163025, -1.328122854232788, -0.8591084480285645, 1.2078826427459717, -0.7953016757965088, 0.12298581749200821, 0.2382710725069046, -1.5722359418869019, 1.0097057819366455, 0.35001617670059204, 0.9613185524940491, 0.23063556849956512]",yunet,Facenet,1920,1080,/home/amos/media/tv/modern_family/Modern.Family.S09.1080p.DSNP.WEB-DL.DDP5.1.H.264-CRFW/Modern.Family.S09E21.The.Escape.1080p.DSNP.WEB-DL.DDP5.1.H.264-CRFW.mkv,Modern Family,2009,1442437,9,21,Jesse Tyler Ferguson,204815.0,0.735
326,606,150,864,504,816,282,702,288,0.917,6696,0,"[-1.786473035812378, -1.0519734621047974, -0.14801695942878723, -1.115275263786316, 1.9925649166107178, 0.21032069623470306, 0.5123615860939026, -0.8869547843933105, 3.6191186904907227, -0.31965893507003784, 0.6995152235031128, -1.8700741529464722, -2.013451099395752, -0.5289939045906067, -0.9045089483261108, 1.1255033016204834, 0.1671602725982666, 0.22378648817539215, -0.3442390263080597, 0.023860497400164604, 1.32687509059906, 0.9527568817138672, 1.694161295890808, 0.9481463432312012, 0.9067420363426208, 1.8299164772033691, 2.0390496253967285, -3.221489906311035, 1.6838141679763794, -0.9074627161026001, 0.12868288159370422, -0.21958018839359283, 1.4272727966308594, -0.2422965168952942, 1.1892249584197998, 0.9904668927192688, 0.38519445061683655, 0.23914238810539246, -0.41887521743774414, -1.2261254787445068, -1.3749260902404785, -1.0126909017562866, -1.5942381620407104, -0.2828349471092224, 0.27059289813041687, -0.21545295417308807, -2.601984977722168, -0.371438592672348, -0.5694036483764648, 0.30681735277175903, 0.7371377348899841, -0.49353116750717163, -1.232097864151001, -0.2992268204689026, -0.7234570980072021, -0.8129947185516357, 1.2955381870269775, -0.1407388597726822, -2.106184482574463, -1.3021562099456787, 0.3497178852558136, 0.5494321584701538, -1.0255179405212402, 1.0991368293762207, -1.2810981273651123, 1.6775175333023071, 1.214770793914795, 0.7552098035812378, 2.2142765522003174, -1.6286803483963013, -0.3744026720523834, -1.477329134941101, -1.624984860420227, -0.9466484189033508, 1.0377086400985718, -0.5148344039916992, -0.39046213030815125, -1.2276155948638916, -1.2723268270492554, -1.3549047708511353, -2.2061805725097656, 1.9358346462249756, -0.24359366297721863, -0.2828599810600281, -0.8298055529594421, 0.9810919761657715, 0.7968957424163818, 0.7406194806098938, -0.25574442744255066, -0.1895887702703476, -0.5869114398956299, 0.11210443824529648, 1.8805081844329834, 1.122653603553772, -0.34855273365974426, 0.8806301355361938, -1.5177605152130127, 0.673703134059906, -1.0778985023498535, 0.22042028605937958, -0.11991996318101883, -0.10874633491039276, 0.33977675437927246, -0.5776838660240173, 0.6031200885772705, -0.3748311996459961, -0.7274892330169678, 0.015294119715690613, 0.303242951631546, -1.1965539455413818, -0.37775665521621704, -0.8423030972480774, 1.3627854585647583, -0.3990441560745239, -0.4233757257461548, 2.017221450805664, 0.2774858772754669, -0.1859324872493744, -1.0433388948440552, 1.0220142602920532, -0.43071818351745605, 1.0505677461624146, 0.23864153027534485, -1.1506098508834839, 1.2488977909088135, -0.3251039385795593, 0.19491438567638397, 0.30301758646965027]",yunet,Facenet,1920,1080,/home/amos/media/tv/modern_family/Modern.Family.S09.1080p.DSNP.WEB-DL.DDP5.1.H.264-CRFW/Modern.Family.S09E21.The.Escape.1080p.DSNP.WEB-DL.DDP5.1.H.264-CRFW.mkv,Modern Family,2009,1442437,9,21,Jesse Tyler Ferguson,204815.0,0.672
327,630,150,888,504,828,282,714,288,0.923,6720,0,"[-2.107628583908081, -1.5259878635406494, -0.597623348236084, 0.591061532497406, 1.662447452545166, -0.5912501215934753, -0.09808806329965591, 0.3225138783454895, 3.333888530731201, -0.08414804190397263, 0.24669307470321655, -1.5014079809188843, -1.3554620742797852, -0.752503514289856, -0.577468991279602, 0.3899298310279846, -0.4493595063686371, -0.19402751326560974, -0.9456832408905029, -0.26292651891708374, 0.7587335109710693, 0.9120876789093018, 0.8997898101806641, 0.7024977207183838, 0.651481568813324, 1.1418993473052979, 1.950560450553894, -2.2229137420654297, 1.1271733045578003, -0.7699569463729858, -0.5405035018920898, 0.06895376741886139, 0.24050408601760864, -1.121889352798462, 1.0981335639953613, 0.9628355503082275, 0.5777925848960876, -0.8825098276138306, -1.596189260482788, -1.993753433227539, -1.1651238203048706, 0.037395864725112915, -1.2991682291030884, -0.2568155527114868, 0.6368392705917358, 0.15652726590633392, -1.3767019510269165, 0.46120280027389526, -1.2421475648880005, 1.4906049966812134, 0.8367133736610413, 0.3135950267314911, -1.0840193033218384, 0.280550479888916, -0.5661637187004089, -1.172324538230896, 0.7059091925621033, -0.02273033931851387, -2.0700197219848633, -1.8133409023284912, -0.2171969711780548, 0.39487147331237793, 0.01361905038356781, 0.8534853458404541, -0.9699435830116272, 2.19450306892395, 0.3651098906993866, 1.0407603979110718, 0.9629969596862793, -1.9977556467056274, 0.17574164271354675, -1.8166857957839966, -1.4664138555526733, -0.3838762044906616, -0.03859492763876915, -0.7260401248931885, -0.7985068559646606, -0.06685054302215576, -1.2977920770645142, -1.0745725631713867, -2.2070698738098145, 1.007180094718933, -0.43326979875564575, 0.2708069384098053, -0.6735291481018066, -0.39861994981765747, 0.900698721408844, 0.7921112179756165, -0.1195511445403099, -0.7984068989753723, -0.2537197768688202, -0.021158618852496147, 1.860745906829834, 1.765520691871643, -0.6917614936828613, 1.7394959926605225, -0.45924240350723267, 1.1193221807479858, -1.0543992519378662, 0.39580729603767395, -0.2872593402862549, 0.1580263376235962, 1.0804624557495117, -1.1422637701034546, 0.44927501678466797, -0.37677592039108276, -0.7598851919174194, 0.6122820377349854, 0.6870651245117188, -0.025158289819955826, -0.18280066549777985, -1.3583426475524902, 2.228583574295044, -0.4580123722553253, -0.489216148853302, 2.0837771892547607, 0.18255333602428436, -0.5280851125717163, -1.4303772449493408, 0.21107259392738342, -1.0702145099639893, 0.046672794967889786, -0.14146007597446442, -0.4423276484012604, 1.5623197555541992, -0.10972597450017929, -0.22753813862800598, 0.056117016822099686]",yunet,Facenet,1920,1080,/home/amos/media/tv/modern_family/Modern.Family.S09.1080p.DSNP.WEB-DL.DDP5.1.H.264-CRFW/Modern.Family.S09E21.The.Escape.1080p.DSNP.WEB-DL.DDP5.1.H.264-CRFW.mkv,Modern Family,2009,1442437,9,21,Jesse Tyler Ferguson,204815.0,0.754
328,546,138,822,510,774,294,648,294,0.909,6744,0,"[-0.764600396156311, -1.0587105751037598, -0.6774036884307861, -0.4594973921775818, 0.8869004845619202, -0.3858621418476105, -0.05637774616479874, -0.46764492988586426, 2.9966976642608643, 0.42056745290756226, 1.0421228408813477, -1.6184775829315186, -0.7093268632888794, -1.5935121774673462, -0.5984379053115845, 0.903829038143158, -0.5074636936187744, -0.3718053698539734, -0.908588171005249, 0.34198659658432007, 2.128833293914795, 0.8057569861412048, 0.8177611827850342, 0.480285108089447, 0.6626879572868347, 1.2841548919677734, 1.0295438766479492, -2.2026772499084473, 2.6056535243988037, -0.5168617963790894, 0.17820769548416138, 0.63455730676651, 0.03218832612037659, 0.11070271581411362, 0.8752089738845825, -0.27495306730270386, 0.501512348651886, -0.06917601078748703, -0.4007626175880432, -1.7052372694015503, -0.9311404228210449, 0.49178457260131836, -1.503827452659607, -0.6159725189208984, -0.9560871124267578, -0.7148492336273193, -0.7304790616035461, -0.5655981302261353, -0.9243795871734619, 0.3772027790546417, -0.536869466304779, 0.0004236716777086258, -2.2105050086975098, 1.0991541147232056, -0.4001830816268921, -1.3971391916275024, 2.0029220581054688, 0.4559195339679718, -1.9117710590362549, -1.3801332712173462, -0.17983290553092957, -0.66166752576828, 0.21332409977912903, 0.5270413160324097, -0.9420314431190491, 1.8904756307601929, 1.1432595252990723, 1.4116188287734985, 0.5393170118331909, -2.016069173812866, -0.6698603630065918, -1.2045414447784424, -2.1218488216400146, -0.24255716800689697, 0.8284968733787537, 0.13021959364414215, -1.2196152210235596, -0.6134653687477112, -1.5039970874786377, -1.5129481554031372, -1.4525954723358154, 0.22067856788635254, -0.3111996054649353, -0.5752524733543396, -0.9863543510437012, 0.02255675196647644, -0.8836087584495544, 0.628008246421814, -0.5764528512954712, -0.8248569965362549, 0.012893013656139374, -1.3295258283615112, 1.5741724967956543, 0.37592756748199463, -0.027235552668571472, 1.5553869009017944, -2.0560126304626465, 0.7655919790267944, -0.08015457540750504, -1.688197135925293, -0.5249046087265015, 0.10628143697977066, -0.29095354676246643, -0.8962405323982239, 0.961742103099823, 1.0328829288482666, -0.8468050956726074, 0.02172314003109932, 0.5751703381538391, -0.09443701803684235, 0.07154509425163269, -0.9207578897476196, 1.2833075523376465, -1.341355323791504, -0.14677537977695465, 1.6364703178405762, -0.8316203355789185, -2.355065107345581, -1.2529970407485962, 1.0054755210876465, -0.4956359267234802, 0.5034621953964233, 0.1681918203830719, -1.1448004245758057, 1.5681242942810059, -0.2387830913066864, -0.2834305465221405, 0.04515565559267998]",yunet,Facenet,1920,1080,/home/amos/media/tv/modern_family/Modern.Family.S09.1080p.DSNP.WEB-DL.DDP5.1.H.264-CRFW/Modern.Family.S09E21.The.Escape.1080p.DSNP.WEB-DL.DDP5.1.H.264-CRFW.mkv,Modern Family,2009,1442437,9,21,Jesse Tyler Ferguson,204815.0,0.693
329,828,108,1116,498,1032,264,888,258,0.919,6768,0,"[1.0908904075622559, -0.04536439850926399, -0.5932124257087708, 0.9016687273979187, 2.3505947589874268, -0.12040194869041443, 1.8153536319732666, -0.7350746989250183, 0.9690938591957092, 0.9570430517196655, -1.4670886993408203, -0.9127153158187866, -0.2845722734928131, 0.9326329231262207, 0.602824330329895, 0.48785221576690674, -0.5640344619750977, -1.9206299781799316, -0.8797807097434998, -0.7216647863388062, -0.8153971433639526, 1.8476921319961548, -0.7614167928695679, 2.0663485527038574, 1.8071680068969727, 1.3383560180664062, 1.709429383277893, -0.5906182527542114, 1.0518581867218018, -0.831584632396698, 0.7395237684249878, 0.7022625207901001, -2.4420852661132812, 1.2829113006591797, -0.621899425983429, -0.785932719707489, 0.4484088718891144, -1.4299558401107788, 0.4845955967903137, -0.9222335815429688, -0.525946855545044, -0.3827956020832062, 0.167277529835701, -0.7283795475959778, -0.23586080968379974, 0.1199726015329361, -0.47295695543289185, -0.7093256711959839, -0.8841548562049866, 1.9177672863006592, -0.848370373249054, 0.22719387710094452, -1.3298189640045166, 0.5532581210136414, -0.4457865357398987, -1.7829893827438354, 0.7933142781257629, -1.5623246431350708, 0.04810728132724762, -0.018907461315393448, -1.2386620044708252, -0.7204567790031433, 1.1917799711227417, 0.20706915855407715, -1.1239147186279297, 0.793825089931488, -1.002411127090454, 0.5355378985404968, -0.9073032736778259, -0.8342185020446777, 0.04881402105093002, -1.2042139768600464, 1.163338303565979, 0.09988433122634888, 0.7992023229598999, 0.04037117585539818, 0.0729881078004837, 0.6096730828285217, 0.17022216320037842, 0.7034375667572021, -1.79512357711792, 1.9411791563034058, -0.43098846077919006, -0.6356221437454224, -0.5130642652511597, 0.7354130744934082, 0.32634496688842773, 0.2350665181875229, 1.4311707019805908, 0.5366954207420349, 0.7797549962997437, -0.09342993795871735, 0.5695407390594482, -1.3354129791259766, 2.2182154655456543, 0.47381529211997986, -0.9288558959960938, 1.0676518678665161, 0.2368212640285492, 0.01399567537009716, -0.2424200177192688, 0.5105584859848022, -0.6914743781089783, -1.2838387489318848, 0.48332488536834717, -0.6826186180114746, -0.450090229511261, 1.2431265115737915, -0.057970210909843445, -1.405081033706665, 0.05321528762578964, -0.7010092735290527, 1.7728874683380127, -1.4620444774627686, 1.1960147619247437, 0.4896358549594879, -0.13081993162631989, 1.1418565511703491, -0.08368786424398422, 0.4405881464481354, 0.3009870946407318, -0.2502215802669525, 1.048237681388855, -0.5600203275680542, 0.006053615361452103, 0.12485209852457047, 0.5205932855606079, -0.24292908608913422]",yunet,Facenet,1920,1080,/home/amos/media/tv/modern_family/Modern.Family.S09.1080p.DSNP.WEB-DL.DDP5.1.H.264-CRFW/Modern.Family.S09E21.The.Escape.1080p.DSNP.WEB-DL.DDP5.1.H.264-CRFW.mkv,Modern Family,2009,1442437,9,21,Eric Stonestreet,156962.0,0.679
330,822,132,1104,504,1032,270,900,270,0.929,6792,0,"[0.5672122240066528, -0.08035861700773239, -0.4155457019805908, 0.6346322894096375, 3.087224245071411, -0.753470242023468, 1.5467153787612915, -0.971215009689331, 1.218928575515747, 0.8424954414367676, -2.029576063156128, -0.5010995864868164, -0.6041862964630127, 1.1837013959884644, 0.8934099674224854, 0.8870530724525452, -0.3731796443462372, -1.5242478847503662, -0.6599181890487671, -1.1122077703475952, -1.1961034536361694, 1.479171633720398, -0.8063879013061523, 1.9673938751220703, 1.7305254936218262, 1.5440175533294678, 1.807246446609497, -0.6423770785331726, 0.7630777359008789, -0.35191136598587036, 0.846631646156311, -0.043179091066122055, -2.270190715789795, 1.1815885305404663, -0.8351190686225891, -0.26748770475387573, 0.8177564144134521, -1.6917754411697388, 0.11289554089307785, -0.7778393030166626, -0.7328016757965088, -0.030481141060590744, 0.0799868255853653, 0.008292466402053833, -0.09089597314596176, 0.1451607197523117, -1.0591938495635986, -0.6593935489654541, -0.5019271969795227, 1.7439285516738892, -0.48915785551071167, -0.14624421298503876, -1.4826266765594482, 0.4905128479003906, -0.6675878763198853, -2.0758566856384277, 0.8762680292129517, -1.727605938911438, -0.1322082281112671, 0.7352158427238464, -1.0586864948272705, -0.3901152014732361, 0.7512933015823364, 0.6151251792907715, -1.0270895957946777, 1.121788740158081, -1.217417597770691, 0.544666051864624, -0.15220999717712402, -0.4172261357307434, 0.30247387290000916, -0.5892788171768188, 1.143646478652954, -0.049415472894907, 1.1715980768203735, 0.10657037794589996, 0.432715505361557, 0.7359527349472046, 0.2951800525188446, 0.5954872369766235, -2.964420795440674, 2.401195764541626, -0.259294331073761, -0.5528064370155334, -1.0757020711898804, 0.6121300458908081, 0.575962483882904, -0.10363967716693878, 1.1496913433074951, 1.0350090265274048, 0.895162045955658, 0.28025931119918823, 0.3678058683872223, -1.4636244773864746, 1.6891191005706787, 0.343220978975296, -0.9969426393508911, 1.2117120027542114, 0.045825496315956116, 0.5016716122627258, 0.2082001119852066, 0.7849656343460083, -0.7583431005477905, -1.5955028533935547, 0.9502148032188416, -1.0276157855987549, -1.2275396585464478, 0.744225263595581, -0.4540024697780609, -1.6274760961532593, -0.14810024201869965, -0.7227411866188049, 1.6356061697006226, -1.3678886890411377, 1.6312459707260132, 0.967519998550415, 0.11567804217338562, 1.5321040153503418, -0.0017188340425491333, 0.6783499717712402, 0.7720291018486023, -0.6554914712905884, 0.887819766998291, -0.7208166122436523, -0.12901976704597473, -0.8169465661048889, 0.5744699835777283, -0.32534319162368774]",yunet,Facenet,1920,1080,/home/amos/media/tv/modern_family/Modern.Family.S09.1080p.DSNP.WEB-DL.DDP5.1.H.264-CRFW/Modern.Family.S09E21.The.Escape.1080p.DSNP.WEB-DL.DDP5.1.H.264-CRFW.mkv,Modern Family,2009,1442437,9,21,Eric Stonestreet,156962.0,0.731
331,804,96,1074,480,1002,246,882,246,0.916,6816,0,"[0.26213255524635315, -0.2572630047798157, -1.0456082820892334, 0.8092997074127197, 3.726045846939087, -0.11104975640773773, 1.64137864112854, 0.04612448066473007, 1.6165008544921875, 0.670103132724762, -1.564082384109497, -0.9376595616340637, -1.5824519395828247, 0.48485067486763, 0.7270781993865967, 0.8642283082008362, -1.0513838529586792, -1.1242157220840454, -0.6662495732307434, -1.063383936882019, -0.961597204208374, 1.9168238639831543, -1.2075769901275635, 1.9309535026550293, 0.9460263848304749, 1.157463788986206, 1.2571145296096802, -1.597867488861084, 0.6175897121429443, -0.5346440076828003, 0.669459342956543, -0.2081078737974167, -2.4699831008911133, 1.0440497398376465, 0.06747692823410034, 0.11915071308612823, -0.0629347637295723, -1.6571645736694336, 0.4804278612136841, -1.8114867210388184, -0.6380937695503235, -0.20265449583530426, -0.1867372691631317, -0.6508089303970337, 0.8626894950866699, -0.3236168622970581, -0.8948737382888794, 0.24468210339546204, -1.066293716430664, 2.589672327041626, -1.5328487157821655, 0.8181281685829163, -0.4724594056606293, 1.2409175634384155, -1.085548996925354, -1.7417875528335571, 0.7580851316452026, -2.526381254196167, -0.3975270986557007, 0.7435740828514099, -1.3790254592895508, 0.10572506487369537, 1.245076060295105, 0.6482579112052917, -0.7717570662498474, 1.1343098878860474, -0.7311670780181885, 0.020365945994853973, -0.5490362644195557, -0.6078809499740601, 0.7325384616851807, -1.5952738523483276, -0.11320154368877411, 0.007207594811916351, 1.0621389150619507, -1.0752832889556885, -0.6340656280517578, 0.5627219676971436, 0.32657843828201294, 0.6548173427581787, -1.6633869409561157, 0.9597879648208618, -0.7729781866073608, -0.9934478402137756, -0.09821117669343948, 0.4839405119419098, 0.3226943016052246, 0.850996196269989, 1.96003258228302, 0.3069823086261749, 0.20194977521896362, 1.1906993389129639, 0.30125126242637634, -0.5635586977005005, 1.4871636629104614, 0.661047101020813, -1.448186993598938, 0.08764044940471649, -0.23562125861644745, 1.3819067478179932, 0.03848021477460861, 0.41368868947029114, -0.9307677745819092, -1.4045089483261108, 1.5562583208084106, -0.7677276730537415, -0.8175463676452637, 0.40495970845222473, -0.6324519515037537, -0.9978505969047546, 0.35472893714904785, -0.8204034566879272, 1.4764653444290161, -0.7935763001441956, 0.5167669653892517, 0.04553047567605972, -0.5341135263442993, 1.687512993812561, -0.4134525954723358, 0.6322677731513977, -0.2166677564382553, -0.5767076015472412, 1.009476661682129, -0.33053329586982727, -0.1252509355545044, 0.055381886661052704, 0.9834102392196655, -0.6090854406356812]",yunet,Facenet,1920,1080,/home/amos/media/tv/modern_family/Modern.Family.S09.1080p.DSNP.WEB-DL.DDP5.1.H.264-CRFW/Modern.Family.S09E21.The.Escape.1080p.DSNP.WEB-DL.DDP5.1.H.264-CRFW.mkv,Modern Family,2009,1442437,9,21,Eric Stonestreet,156962.0,0.503
332,570,150,828,492,762,282,642,282,0.918,6840,0,"[-1.8165088891983032, -1.6636244058609009, -0.44856002926826477, -0.6748102903366089, 1.277443766593933, -0.10180202126502991, -0.0859912633895874, 0.05293014645576477, 2.890209436416626, -0.30287623405456543, 0.8911507725715637, -1.8425590991973877, -0.9922499060630798, -1.0260738134384155, -1.081663966178894, 0.6765843629837036, -0.5135884284973145, -0.5181761384010315, -0.5243279337882996, -0.372933954000473, 1.2726854085922241, 0.6872496008872986, 1.4753590822219849, 0.8623595833778381, 0.43437305092811584, 1.275863766670227, 1.7498732805252075, -2.5974936485290527, 1.96346116065979, -0.8747373223304749, -0.06860734522342682, 0.048026952892541885, 1.4790102243423462, -0.7650109529495239, 0.7021123170852661, 1.112381100654602, 0.07430116832256317, -0.12515756487846375, -0.7574436664581299, -1.6975650787353516, -0.5352773666381836, -0.23338882625102997, -1.5836094617843628, -0.41501930356025696, 0.6210237741470337, -0.16137383878231049, -1.6738437414169312, 0.4177027642726898, -0.545935332775116, 0.2962031662464142, 0.4315582513809204, 0.02824227325618267, -1.5753751993179321, 0.45459359884262085, -0.6382670998573303, -0.5680561661720276, 0.8789225220680237, -0.2152508944272995, -1.8417209386825562, -1.275862693786621, -0.059660859405994415, 0.018099181354045868, -0.523632287979126, 0.6918820738792419, -1.0623642206192017, 1.8130630254745483, 0.7477795481681824, 0.8811206817626953, 1.0975711345672607, -1.7108361721038818, -0.8527343273162842, -0.8720132112503052, -1.8357689380645752, -0.4165636897087097, 0.364437997341156, -0.7613139152526855, -1.34048330783844, -0.521783173084259, -0.9690244197845459, -1.173676609992981, -1.9705123901367188, 1.2933998107910156, -0.17352956533432007, -0.48107004165649414, -0.49090471863746643, 0.09587079286575317, 0.2857200503349304, 1.1085922718048096, -0.2618444263935089, -0.5555387735366821, 0.04858699440956116, 0.44630590081214905, 2.0522396564483643, 1.4608943462371826, -0.2878043055534363, 1.5469655990600586, -1.125656247138977, 0.8344076871871948, -0.9782660007476807, -0.31652721762657166, -0.14887720346450806, -0.7991172671318054, 0.7310197353363037, -0.22413182258605957, 0.48939061164855957, 0.18893486261367798, -0.4234279692173004, 0.5672857761383057, 0.4236323833465576, -0.3524184823036194, -0.2983044981956482, -1.4707372188568115, 1.4843075275421143, -0.5726616978645325, -0.466374009847641, 1.7913132905960083, 0.516983151435852, -1.0369932651519775, -1.0586726665496826, 0.17524667084217072, -0.6679010987281799, 0.8248951435089111, 0.08372389525175095, -0.4732967019081116, 1.4899897575378418, -0.3854405879974365, -0.29433777928352356, 0.004036515951156616]",yunet,Facenet,1920,1080,/home/amos/media/tv/modern_family/Modern.Family.S09.1080p.DSNP.WEB-DL.DDP5.1.H.264-CRFW/Modern.Family.S09E21.The.Escape.1080p.DSNP.WEB-DL.DDP5.1.H.264-CRFW.mkv,Modern Family,2009,1442437,9,21,Jesse Tyler Ferguson,204815.0,0.772
333,570,144,834,486,768,288,654,288,0.919,6864,0,"[-1.651414155960083, -1.5996407270431519, -0.651586651802063, -0.29988324642181396, 1.540863275527954, -0.2706451714038849, 0.1313139945268631, 0.08067569136619568, 2.7809817790985107, -0.6468418836593628, 0.7120243906974792, -1.832951545715332, -0.5877759456634521, -0.791995644569397, -0.8292845487594604, 1.2584527730941772, -0.2464548945426941, -0.3270362615585327, -0.525858461856842, -0.08879981935024261, 0.7254352569580078, 1.451581597328186, 1.0425678491592407, 0.8051299452781677, 0.5773170590400696, 1.4011077880859375, 1.604933500289917, -2.1599597930908203, 2.2016031742095947, -0.9429156184196472, -0.1470336765050888, 0.24866533279418945, 0.9271784424781799, -0.5106620192527771, 0.9249621033668518, 0.8302466869354248, 0.3235946297645569, -0.34845131635665894, -0.3242756724357605, -1.7230064868927002, -0.5554454326629639, -0.1611444056034088, -1.4260836839675903, -0.6299529075622559, 0.6355994343757629, 0.023725144565105438, -1.855011224746704, -0.24998509883880615, -0.512988269329071, 0.8943922519683838, 0.17144060134887695, 0.3448561728000641, -1.6855653524398804, 0.829907238483429, -0.6363528370857239, -0.7861545085906982, 0.8993716835975647, -0.4391162693500519, -2.0240964889526367, -1.068466067314148, 0.048087961971759796, 0.08162149786949158, 0.12882766127586365, 0.8987250924110413, -1.1851896047592163, 2.0908515453338623, 1.1306886672973633, 0.55543452501297, 1.2175098657608032, -1.8814647197723389, -0.6208050847053528, -0.9097119569778442, -1.7694787979125977, -0.4609505534172058, 0.6789880394935608, -0.8662235736846924, -1.6021857261657715, -0.6389328241348267, -0.41273221373558044, -0.9343991279602051, -1.6087641716003418, 1.6705271005630493, -0.06385008990764618, -0.420550137758255, -0.6646978855133057, 0.049732089042663574, 0.07246925681829453, 1.201119065284729, -0.40133851766586304, -0.52577805519104, 0.11589556187391281, 0.42568957805633545, 1.5736032724380493, 1.097460150718689, -0.22431686520576477, 1.437609076499939, -1.0622450113296509, 0.7528104782104492, -0.9575901031494141, -0.21258237957954407, -0.3056110143661499, -0.401725709438324, 0.27624744176864624, 0.1002565547823906, 0.7888256907463074, 0.44550639390945435, -0.46576520800590515, 0.4676664173603058, -0.08172936737537384, -0.5771123170852661, 0.008269473910331726, -1.18915855884552, 1.923629641532898, -0.80477374792099, -0.27796319127082825, 1.2152546644210815, 0.40740966796875, -0.7958706617355347, -1.0160932540893555, -0.1145135760307312, -0.600915253162384, 0.85859215259552, 0.6798111200332642, -0.8527212738990784, 1.2466003894805908, -0.15520161390304565, -0.33068281412124634, -0.20994211733341217]",yunet,Facenet,1920,1080,/home/amos/media/tv/modern_family/Modern.Family.S09.1080p.DSNP.WEB-DL.DDP5.1.H.264-CRFW/Modern.Family.S09E21.The.Escape.1080p.DSNP.WEB-DL.DDP5.1.H.264-CRFW.mkv,Modern Family,2009,1442437,9,21,Jesse Tyler Ferguson,204815.0,0.79
334,576,114,852,480,780,258,660,252,0.92,6888,0,"[-2.0048604011535645, -2.0055668354034424, -0.36451777815818787, -0.4345291554927826, 1.245876431465149, -0.3468293249607086, 0.09675608575344086, 0.23277989029884338, 2.8048551082611084, -0.48902568221092224, 0.43115341663360596, -1.8343586921691895, -0.6618799567222595, -0.8162362575531006, -1.0515011548995972, 0.933262825012207, -0.3998340368270874, -0.3971341848373413, -0.5609486103057861, -0.659318208694458, 1.0194977521896362, 0.846181333065033, 0.8524080514907837, 0.9866184592247009, 0.525819718837738, 1.499646782875061, 1.9234875440597534, -2.4902873039245605, 2.484919309616089, -0.878524661064148, -0.2783204913139343, 0.486522912979126, 1.2427904605865479, -0.5321462154388428, 0.8209179639816284, 0.8186784982681274, 0.039724864065647125, -0.27444133162498474, -0.35526034235954285, -1.8995603322982788, 0.061262063682079315, -0.0779673233628273, -1.7099182605743408, -0.6331674456596375, 0.43016722798347473, -0.1638869047164917, -1.3960344791412354, 0.03322700411081314, -0.6968994140625, 0.6032798290252686, 0.22446393966674805, 0.5014994144439697, -1.6378037929534912, 0.8534977436065674, -0.5106720924377441, -0.48698338866233826, 0.7478676438331604, -0.7144110202789307, -1.6437662839889526, -0.781990647315979, 0.00019268691539764404, -0.6164402365684509, -0.16068144142627716, 0.8398250937461853, -0.7654496431350708, 1.9860591888427734, 0.8755362629890442, 0.992316484451294, 1.0759717226028442, -1.7773059606552124, -0.9730178713798523, -0.6919529438018799, -1.730581283569336, -0.42226260900497437, 0.8206357359886169, -1.1143094301223755, -1.4306113719940186, -0.4399878680706024, -0.7519111037254333, -1.1514294147491455, -2.1391634941101074, 1.2768422365188599, -0.07398934662342072, -0.6633210778236389, -0.5410669445991516, 0.20184177160263062, 0.30423831939697266, 0.8566985130310059, -0.5931835174560547, -0.2043609917163849, -0.052995674312114716, 0.6397239565849304, 1.6763637065887451, 0.8334169983863831, -0.14524953067302704, 1.5161207914352417, -0.9406479597091675, 0.8115851879119873, -0.6750351190567017, -0.22739899158477783, -0.48439061641693115, -0.13642501831054688, 0.561227560043335, 0.21987439692020416, 0.754284679889679, 0.697650671005249, -0.7651616334915161, 0.660851001739502, -0.10717380046844482, -0.5048237442970276, -0.03589394688606262, -1.276145577430725, 1.617034673690796, -1.0009684562683105, -0.36846235394477844, 1.4276561737060547, 0.5447028875350952, -0.817635178565979, -1.0550646781921387, -0.31468579173088074, -0.5292125940322876, 0.7046480178833008, 0.5358606576919556, -0.5530772805213928, 1.0060393810272217, -0.047894299030303955, -0.5274613499641418, 0.20379510521888733]",yunet,Facenet,1920,1080,/home/amos/media/tv/modern_family/Modern.Family.S09.1080p.DSNP.WEB-DL.DDP5.1.H.264-CRFW/Modern.Family.S09E21.The.Escape.1080p.DSNP.WEB-DL.DDP5.1.H.264-CRFW.mkv,Modern Family,2009,1442437,9,21,Jesse Tyler Ferguson,204815.0,0.789
335,1134,132,1422,522,1356,288,1224,288,0.921,6912,0,"[0.7651585340499878, 0.003315173089504242, -0.943514347076416, -0.4221976697444916, 3.8642172813415527, -0.20726081728935242, 1.1684215068817139, -0.6387895345687866, 1.4757578372955322, 1.0317800045013428, -1.8179141283035278, -0.43178775906562805, -0.5444071888923645, 0.5462092161178589, 0.9475793838500977, 1.4570741653442383, -1.0477854013442993, -1.590275764465332, -0.007874704897403717, -1.276773452758789, -0.8588854074478149, 1.4850926399230957, -1.1904124021530151, 2.432827949523926, 1.4687411785125732, 0.8959762454032898, 1.446073055267334, -0.6312536597251892, -0.2237231582403183, -0.2707349956035614, 1.0267754793167114, 0.029358476400375366, -2.128509759902954, 1.267777442932129, -0.8326371312141418, 0.07741053402423859, 0.7175734639167786, -1.5808918476104736, 0.1237969622015953, -0.8370667695999146, 0.07294849306344986, -0.9084324836730957, 0.06936311721801758, 0.1967441737651825, 0.2861274480819702, -0.44909530878067017, -0.9660748839378357, -0.1098630279302597, -0.4913408160209656, 1.285754680633545, -1.1866891384124756, 0.06751850247383118, -1.27516770362854, 1.0239826440811157, -1.3525785207748413, -1.9535326957702637, 0.5678418874740601, -2.369615077972412, 0.046075183898210526, 0.6975932717323303, -1.2891607284545898, 0.15634118020534515, 0.2861712574958801, 0.36753135919570923, -0.8917582035064697, 0.12557825446128845, -0.7190985679626465, -0.6788864135742188, -0.26023897528648376, -0.6876922845840454, 0.4829571843147278, -1.0361223220825195, 0.42909443378448486, 0.3131176829338074, 0.5189273953437805, -0.8179700374603271, 0.26892927289009094, 0.7322807312011719, 0.37050992250442505, 0.28304606676101685, -2.1035139560699463, 1.5077944993972778, 0.04125888645648956, -0.5547151565551758, -0.7603083252906799, 0.3395756781101227, 0.9410757422447205, 0.3355805277824402, 1.9644728899002075, 1.0046476125717163, 0.3195633888244629, -0.4021153748035431, 0.09821522235870361, -1.4746917486190796, 2.1337523460388184, 0.3424470126628876, -0.9370239973068237, -0.19047114253044128, 0.1561432033777237, 1.666885256767273, 0.16108772158622742, 0.6931368708610535, -1.1428295373916626, -1.7918330430984497, 0.37824803590774536, -0.7361059784889221, -0.8548328876495361, 0.7699503898620605, -0.059283848851919174, -1.1956387758255005, -0.32108306884765625, -0.9843316674232483, 1.3660272359848022, -1.265172004699707, 1.2637814283370972, 0.3652951419353485, 0.3647685647010803, 1.5322554111480713, -0.7110839486122131, 0.07219281792640686, 0.5963822603225708, -0.1138753890991211, 1.0751506090164185, -0.14320902526378632, 0.15165561437606812, -0.7087361216545105, 1.009842872619629, -0.7248474359512329]",yunet,Facenet,1920,1080,/home/amos/media/tv/modern_family/Modern.Family.S09.1080p.DSNP.WEB-DL.DDP5.1.H.264-CRFW/Modern.Family.S09E21.The.Escape.1080p.DSNP.WEB-DL.DDP5.1.H.264-CRFW.mkv,Modern Family,2009,1442437,9,21,Eric Stonestreet,156962.0,0.677
336,606,150,834,462,786,270,690,276,0.902,6936,0,"[-1.4552685022354126, -1.3133361339569092, -0.7550908923149109, -0.7521703839302063, 1.7091747522354126, 0.3073418140411377, 0.2577116787433624, -0.4553679823875427, 2.7917046546936035, -0.32770243287086487, 0.7095746994018555, -1.647879958152771, -1.0539071559906006, -0.9373949766159058, -0.6962071657180786, 1.2530531883239746, 0.3200644254684448, -0.39656317234039307, -0.48306804895401, -0.13064229488372803, 1.297099232673645, 1.0336873531341553, 1.6063168048858643, 0.35618337988853455, 0.6465017795562744, 1.7362539768218994, 1.9713516235351562, -3.0366926193237305, 2.2333431243896484, -0.7433174848556519, 0.1585693061351776, 0.25846078991889954, 1.3478262424468994, -0.7274812459945679, 1.4972560405731201, 0.9668541550636292, 0.8333950042724609, 0.12958690524101257, -0.45224010944366455, -1.5491300821304321, -1.057166337966919, 0.08410339057445526, -1.6693370342254639, -0.49257832765579224, 0.24802467226982117, -0.40945154428482056, -2.0586376190185547, -0.04999192804098129, -0.4268752336502075, 0.9530078172683716, 0.31284695863723755, -0.37284937500953674, -1.2898941040039062, 0.7727388143539429, -0.25989606976509094, -0.9345053434371948, 0.8670706748962402, -0.20296743512153625, -1.3616173267364502, -1.7017093896865845, -0.41263529658317566, -0.0718342661857605, -0.22368502616882324, 0.8134438395500183, -1.4090529680252075, 1.8131113052368164, 0.8101089000701904, 1.0642788410186768, 1.3833370208740234, -1.6536331176757812, -0.9367951154708862, -0.8624731302261353, -2.137547492980957, -0.6700724363327026, 0.622130811214447, -0.45624080300331116, -1.3303205966949463, -0.820523738861084, -1.024583101272583, -1.6676560640335083, -2.210284471511841, 1.6962811946868896, -0.7373239994049072, -0.32486027479171753, -0.3544744849205017, 0.2870011031627655, 0.36290624737739563, 0.8127224445343018, -0.6539508104324341, -0.4273311197757721, -0.3057258129119873, 0.34666740894317627, 1.6635750532150269, 0.5351147651672363, -0.708322286605835, 1.7459932565689087, -1.1430631875991821, 0.31481823325157166, -0.6419506669044495, -0.34760454297065735, -0.517805814743042, -0.2474880814552307, 0.22589713335037231, -0.5532010793685913, 0.6013498902320862, 0.29450249671936035, -0.6527484655380249, 0.4638826251029968, 0.7146536111831665, -0.6267304420471191, -0.23140060901641846, -1.2496718168258667, 1.6703485250473022, -0.7222376465797424, -0.3772142231464386, 1.8845974206924438, 0.08482809364795685, -1.0883195400238037, -0.9645754098892212, 0.2739715576171875, -0.2559470534324646, 0.34626173973083496, 0.7382547855377197, -1.1076457500457764, 1.4265742301940918, -0.3509600758552551, 0.06406650692224503, -0.18225215375423431]",yunet,Facenet,1920,1080,/home/amos/media/tv/modern_family/Modern.Family.S09.1080p.DSNP.WEB-DL.DDP5.1.H.264-CRFW/Modern.Family.S09E21.The.Escape.1080p.DSNP.WEB-DL.DDP5.1.H.264-CRFW.mkv,Modern Family,2009,1442437,9,21,Jesse Tyler Ferguson,204815.0,0.767
337,642,186,876,504,810,312,696,306,0.918,6960,0,"[-1.6663376092910767, -1.0087242126464844, -1.2381742000579834, 0.09622431546449661, 1.1841907501220703, -0.08480677008628845, 0.3484223783016205, 0.15661245584487915, 2.9965016841888428, -0.5715149641036987, 0.306765079498291, -1.9991977214813232, -0.8845722079277039, -0.4588125944137573, -1.05760657787323, 1.2182754278182983, -0.9561818838119507, -0.43503355979919434, -1.1916816234588623, -0.4339832663536072, 0.5296518802642822, 1.964726448059082, 0.7223829627037048, 0.2840912342071533, 0.49165794253349304, 1.5829569101333618, 2.2026562690734863, -2.60776948928833, 1.1013190746307373, -0.41608408093452454, -1.1028423309326172, 0.875054121017456, 0.3097074627876282, -0.544189989566803, 1.1971096992492676, 0.8488808274269104, 0.6978048086166382, -0.5287991166114807, -0.6001974940299988, -1.7834458351135254, -0.5648888945579529, -0.02824264205992222, -1.0205425024032593, -0.5885075926780701, 0.3695905804634094, -0.3120138943195343, -1.5354969501495361, -0.007976651191711426, -0.9427533149719238, 1.2041212320327759, 0.5072154998779297, 0.4396750032901764, -1.0551539659500122, 0.7337376475334167, -0.636730968952179, -1.0936235189437866, 0.7572841644287109, -0.5368524789810181, -1.8418209552764893, -1.8472343683242798, -0.5334925055503845, 0.5161058902740479, -0.39949145913124084, 1.4154855012893677, -0.1404741406440735, 1.8825346231460571, 0.7751402258872986, 1.2368106842041016, 0.5948895215988159, -1.9762145280838013, 0.04325878247618675, -0.5988234281539917, -1.589647650718689, -0.42271220684051514, 0.45033401250839233, -0.6747235059738159, -1.3367384672164917, -0.1848902702331543, -0.8358161449432373, -1.6243622303009033, -1.548689603805542, 1.5794428586959839, -0.6617061495780945, 0.5545458197593689, -0.26175424456596375, -0.5791500806808472, 0.36216217279434204, 0.7827308773994446, -0.9756864309310913, -1.0401332378387451, 0.18851405382156372, 0.08638575673103333, 1.9125933647155762, 0.904331386089325, -0.7994917631149292, 2.1523759365081787, -0.40499523282051086, 1.1670864820480347, -0.8526552319526672, -0.3668164312839508, -0.5047838091850281, -0.845892071723938, -0.016325198113918304, -0.6396879553794861, -0.010357387363910675, -0.009009959176182747, -0.9088976383209229, 0.5456292629241943, 0.2569361925125122, 0.028215302154421806, 0.4540485739707947, -1.5023821592330933, 2.5261828899383545, -0.04716901481151581, -0.390794038772583, 1.6825255155563354, 0.11163344979286194, -0.5722624063491821, -1.1174150705337524, 0.8154004216194153, -0.36189520359039307, 0.10993106663227081, 0.6182494759559631, -0.48942336440086365, 1.2102388143539429, -0.16249653697013855, -0.01732492633163929, -0.11810198426246643]",yunet,Facenet,1920,1080,/home/amos/media/tv/modern_family/Modern.Family.S09.1080p.DSNP.WEB-DL.DDP5.1.H.264-CRFW/Modern.Family.S09E21.The.Escape.1080p.DSNP.WEB-DL.DDP5.1.H.264-CRFW.mkv,Modern Family,2009,1442437,9,21,Jesse Tyler Ferguson,204815.0,0.81
338,666,174,900,492,840,306,732,300,0.912,6984,0,"[-1.4745632410049438, -1.0563900470733643, -0.615784764289856, -0.20220515131950378, 2.133604049682617, -0.5547119975090027, 0.24241118133068085, -0.45053374767303467, 3.7362329959869385, -0.6565886735916138, 0.3753492534160614, -1.910733699798584, -1.8137520551681519, -0.26343995332717896, -0.33984291553497314, 1.4984632730484009, -0.06282147765159607, -0.08377189189195633, -0.19471940398216248, 0.33573979139328003, 1.0383095741271973, 1.5767338275909424, 1.4819254875183105, 0.7142767906188965, 0.23360781371593475, 1.6815117597579956, 1.674456000328064, -3.3306164741516113, 1.317407250404358, 0.03575609624385834, -0.5274401903152466, -0.11770522594451904, 0.2599509060382843, 0.04773268848657608, 0.8849184513092041, 1.3754547834396362, 1.3485366106033325, -0.24665072560310364, -0.6323144435882568, -1.632153034210205, -1.3477323055267334, -0.5547212362289429, -1.889793872833252, -1.0179195404052734, -0.12250058352947235, 0.32423317432403564, -2.0590426921844482, 0.10442395508289337, -1.3551908731460571, 1.8719191551208496, 1.0671428442001343, 0.010048538446426392, -1.148179531097412, 0.5097227096557617, -0.5962799191474915, -1.986692190170288, 1.0051796436309814, -0.06434731185436249, -1.3090922832489014, -1.2077778577804565, -0.16414031386375427, 0.27270299196243286, -0.5218588709831238, 0.8622749447822571, -0.6346345543861389, 1.659185528755188, 1.38615083694458, 0.5572406053543091, 0.323398619890213, -1.1680294275283813, 0.30671456456184387, -1.9670374393463135, -0.6518989205360413, -0.9112324118614197, 0.5399063229560852, -0.18621592223644257, -0.5593370199203491, -0.610019862651825, -1.5770721435546875, -1.820464849472046, -2.986584424972534, 1.8275890350341797, -0.5406727194786072, 0.005843775346875191, -1.420635461807251, 0.4528137147426605, 0.3902527093887329, 0.8747203946113586, 0.21170973777770996, -0.888801634311676, 0.23560526967048645, 0.5480654239654541, 1.593829870223999, 0.4524346888065338, -0.5593227744102478, 1.119378685951233, -0.4596313238143921, 0.8695729374885559, -1.6131577491760254, 0.14620275795459747, 0.25718653202056885, -0.35162627696990967, -0.1300285905599594, -0.9975400567054749, 0.9193852543830872, -0.24194954335689545, -0.31468790769577026, 0.46184056997299194, 1.254908561706543, -0.16949188709259033, -0.5098413228988647, -1.6286026239395142, 2.2926864624023438, -0.5389553904533386, -0.00878073088824749, 0.564910888671875, -0.11995437741279602, -0.7792928218841553, -1.0132153034210205, 0.6059271097183228, -1.0825914144515991, 0.19304247200489044, -0.026319652795791626, -1.6339647769927979, 1.7292598485946655, -0.17980346083641052, 0.42527487874031067, 0.009031016379594803]",yunet,Facenet,1920,1080,/home/amos/media/tv/modern_family/Modern.Family.S09.1080p.DSNP.WEB-DL.DDP5.1.H.264-CRFW/Modern.Family.S09E21.The.Escape.1080p.DSNP.WEB-DL.DDP5.1.H.264-CRFW.mkv,Modern Family,2009,1442437,9,21,Jesse Tyler Ferguson,204815.0,0.717
339,672,210,906,516,852,330,750,330,0.905,7008,0,"[-0.652777910232544, -1.0875277519226074, -0.8624087572097778, -0.5206573009490967, 1.91376793384552, -0.05717100948095322, 0.16200387477874756, -0.15165777504444122, 2.6209278106689453, -0.6813090443611145, 0.872852087020874, -1.4866442680358887, -1.1244906187057495, -0.3436068296432495, -0.5145678520202637, 0.9510602951049805, 0.33151963353157043, -0.6385889053344727, -0.6127389073371887, -0.10220838338136673, 0.6288654804229736, 1.2654527425765991, 2.116111993789673, 0.0688554123044014, 1.0244911909103394, 1.9753996133804321, 1.547318935394287, -2.3126959800720215, 2.2240395545959473, -0.314479798078537, 0.10395224392414093, 0.22229966521263123, 0.61192387342453, -0.8515405654907227, 1.0147597789764404, 0.881639838218689, 1.0700894594192505, -0.04045087844133377, -0.7024676203727722, -1.1162563562393188, -1.693718433380127, -0.0621037632226944, -1.5957980155944824, -0.9432118535041809, 0.7451340556144714, -0.3224099278450012, -2.3189125061035156, -0.1010354608297348, -0.042958278208971024, 0.6556668281555176, 0.9557557702064514, -0.342737078666687, -1.592591404914856, 0.25157809257507324, -0.5996994972229004, -0.9237603545188904, 1.3004953861236572, 0.2812987267971039, -1.412577748298645, -1.2611395120620728, -0.3957509398460388, -0.27949151396751404, 0.6883223056793213, 0.5869238376617432, -1.5205252170562744, 1.5409737825393677, 0.9669260382652283, 1.1923269033432007, 0.8280540704727173, -1.3848832845687866, -0.4735060930252075, -0.024434082210063934, -1.9364420175552368, 0.04117165505886078, 0.1787046194076538, -0.5338384509086609, -1.0800875425338745, -0.5550279021263123, -1.1999671459197998, -1.567476749420166, -2.574442148208618, 2.365764856338501, -0.749200701713562, -0.259331077337265, -1.5528260469436646, -0.4256252944469452, -0.04549570381641388, -0.20705842971801758, -0.39682450890541077, -1.1620972156524658, 0.13783906400203705, -0.12282033264636993, 1.4131969213485718, 0.4523981213569641, -0.8201930522918701, 1.3761093616485596, -0.9040322303771973, 1.1579394340515137, -0.6414269804954529, -0.7599039673805237, -0.1146414652466774, -1.0672565698623657, 0.3425906300544739, -0.5977524518966675, 0.5847475528717041, 0.4438052773475647, -0.7764472365379333, -0.3333210349082947, 0.8135188817977905, -0.2759477496147156, -0.48066389560699463, -0.9633998274803162, 2.3618571758270264, -0.9811163544654846, 1.1097216606140137, 1.7203243970870972, 0.22268208861351013, -1.2684890031814575, -0.9316296577453613, 0.6700440049171448, -0.32903385162353516, 0.5553535223007202, 0.5966225266456604, -0.926727831363678, 1.1004199981689453, -0.0029487013816833496, -0.4902249276638031, -0.66322922706604]",yunet,Facenet,1920,1080,/home/amos/media/tv/modern_family/Modern.Family.S09.1080p.DSNP.WEB-DL.DDP5.1.H.264-CRFW/Modern.Family.S09E21.The.Escape.1080p.DSNP.WEB-DL.DDP5.1.H.264-CRFW.mkv,Modern Family,2009,1442437,9,21,Jesse Tyler Ferguson,204815.0,0.734
340,636,192,876,510,840,312,732,312,0.913,7032,0,"[-1.1286227703094482, -1.430153250694275, -0.4299103915691376, -0.632807731628418, 1.5918360948562622, -0.2875712215900421, 0.25894367694854736, 0.06412560492753983, 2.7760982513427734, -0.21376053988933563, 0.31732243299484253, -1.316092610359192, -1.1542853116989136, -0.05450994521379471, -0.8374412059783936, 1.0542082786560059, -0.26764971017837524, -0.48206812143325806, -0.08425141870975494, 0.28051072359085083, 0.8818320035934448, 1.518066644668579, 1.384130835533142, 0.07418125122785568, 0.8203586935997009, 1.757008671760559, 1.884701132774353, -2.9258975982666016, 2.158740758895874, -0.24451610445976257, 0.12753623723983765, 0.10795801877975464, 1.0456695556640625, -1.1015434265136719, 0.6105127930641174, 0.7421268820762634, 0.9518501162528992, -0.12662526965141296, -0.6901381611824036, -1.8167212009429932, -1.679418683052063, 0.07990888506174088, -2.2604711055755615, -0.9395939111709595, 0.7108615636825562, -0.36964988708496094, -2.3654372692108154, 0.12061458081007004, -0.4372909665107727, 0.9058250188827515, 0.9601534605026245, -0.16643553972244263, -1.7252283096313477, 0.040652304887771606, -0.8585128784179688, -1.6100871562957764, 1.0938860177993774, 0.4339119493961334, -1.560173511505127, -1.297876000404358, -0.15615016222000122, -0.06102941185235977, 0.06436576694250107, 0.44647452235221863, -1.4534709453582764, 1.4627104997634888, 1.0379893779754639, 1.0968925952911377, 0.9905945062637329, -1.3592407703399658, -0.4661860764026642, -0.925845742225647, -2.0265824794769287, -0.26599520444869995, 0.46958455443382263, -0.7627976536750793, -0.9410828351974487, -0.4672292470932007, -0.9443562626838684, -1.3539808988571167, -2.7458608150482178, 1.6772483587265015, -0.5795713663101196, -0.16939955949783325, -1.3733100891113281, 0.2654370963573456, 0.3548256456851959, 0.3396781086921692, -0.4664663076400757, -1.0566400289535522, -0.020869694650173187, 0.3288115859031677, 1.5961750745773315, 0.6319899559020996, -0.8049793243408203, 1.2159287929534912, -0.8102323412895203, 0.916397750377655, -0.32802730798721313, -0.39927321672439575, -0.41519469022750854, 0.02682509273290634, 0.7155521512031555, -1.201980710029602, 0.5624977350234985, 0.16841676831245422, -0.7519680857658386, 0.1606341004371643, 0.6141037344932556, -0.1395617574453354, -0.5943872332572937, -1.4683043956756592, 1.900187611579895, -1.1422092914581299, 0.6496474146842957, 2.1672892570495605, 0.29444652795791626, -0.8131062388420105, -1.5091382265090942, 0.6140459179878235, -0.7076808214187622, 0.8596354722976685, -0.12217672169208527, -0.6329750418663025, 1.6191937923431396, -0.27919989824295044, -1.0126667022705078, -0.21114133298397064]",yunet,Facenet,1920,1080,/home/amos/media/tv/modern_family/Modern.Family.S09.1080p.DSNP.WEB-DL.DDP5.1.H.264-CRFW/Modern.Family.S09E21.The.Escape.1080p.DSNP.WEB-DL.DDP5.1.H.264-CRFW.mkv,Modern Family,2009,1442437,9,21,Jesse Tyler Ferguson,204815.0,0.714
341,1002,96,1266,462,1140,228,1038,228,0.918,7056,0,"[1.4468536376953125, -0.7316850423812866, -1.1024130582809448, 0.0696602389216423, 3.6352362632751465, 0.6608155965805054, 1.272422194480896, 0.0381680391728878, 1.0826398134231567, 0.6361035704612732, -2.168503761291504, -0.031241707503795624, -0.5649539232254028, 1.0540351867675781, -0.006134971976280212, 1.7412830591201782, -1.0367680788040161, -2.172905445098877, 0.5133758187294006, -0.8409010171890259, -1.583945393562317, 2.3660101890563965, -0.6905739903450012, 0.7753389477729797, 1.0862590074539185, 1.3386489152908325, 1.186409592628479, -0.9248001575469971, 0.624505341053009, -0.11544022709131241, 1.544861912727356, 0.5014000535011292, -1.6659775972366333, 0.490672767162323, -2.277245044708252, -0.21889370679855347, 0.8830270767211914, -0.978868305683136, -0.450286328792572, -1.7716249227523804, 0.1680602729320526, 0.045279212296009064, -0.5119785070419312, 0.31110671162605286, 1.2030037641525269, -0.2657858431339264, -0.9178920984268188, -0.06722163408994675, -0.08863693475723267, 2.3939709663391113, -1.1360998153686523, 0.04293745756149292, -1.8164745569229126, 0.4040999412536621, -1.0095552206039429, -2.4945268630981445, 0.20877806842327118, -0.9041934609413147, -0.11985012888908386, 0.9961063861846924, -1.5314509868621826, -0.2238074392080307, 0.4068109691143036, 1.0943244695663452, -1.4701623916625977, 0.11459164321422577, -0.880710780620575, -0.04581442102789879, -0.14340540766716003, -1.0176538228988647, -0.22095987200737, -0.6460288763046265, -0.7299663424491882, 1.0356844663619995, 0.9377279281616211, -0.21853241324424744, -1.3149499893188477, 0.809597373008728, 1.0103814601898193, 0.7524253726005554, -2.73288631439209, 1.929621934890747, 0.4400184750556946, -1.236812949180603, -1.4457848072052002, -0.5696008205413818, 0.6478810906410217, 1.0404052734375, 1.3699535131454468, -0.39491575956344604, 0.022739820182323456, -0.5127872824668884, 0.13733607530593872, -1.8375869989395142, 2.6089649200439453, -0.2550864517688751, -1.9231077432632446, 0.3928242027759552, 0.21500283479690552, 0.7720823287963867, 0.33959436416625977, 0.3528337776660919, -2.222769260406494, -1.9736424684524536, -0.018262937664985657, -0.6120705008506775, 0.048184044659137726, 0.2739192843437195, -0.34310224652290344, -1.391125202178955, -1.0564587116241455, -0.285378634929657, 1.5839279890060425, -1.465766429901123, 1.290595293045044, 1.0149507522583008, 0.46560046076774597, 0.42760616540908813, -1.5603950023651123, 0.007374199107289314, 0.9901227951049805, 0.16011092066764832, 1.3399428129196167, 0.4594563841819763, 0.6007870435714722, -1.8038697242736816, 0.1724850833415985, -0.15618370473384857]",yunet,Facenet,1920,1080,/home/amos/media/tv/modern_family/Modern.Family.S09.1080p.DSNP.WEB-DL.DDP5.1.H.264-CRFW/Modern.Family.S09E21.The.Escape.1080p.DSNP.WEB-DL.DDP5.1.H.264-CRFW.mkv,Modern Family,2009,1442437,9,21,Eric Stonestreet,156962.0,0.612
342,1032,96,1302,468,1182,228,1074,222,0.916,7080,0,"[0.8599200248718262, -1.8100550174713135, -0.08273705095052719, 0.816766083240509, 2.700650453567505, 0.8485077619552612, 1.5424481630325317, -0.28462836146354675, 1.5132988691329956, 1.1354727745056152, -2.0482892990112305, -0.8204053044319153, -0.9595479965209961, 1.2799396514892578, -0.7558995485305786, 1.1476104259490967, -1.4284831285476685, -1.8814773559570312, -0.3809927999973297, -0.8174600601196289, -1.0081396102905273, 1.5285320281982422, -0.19951176643371582, 1.3343486785888672, 2.2999813556671143, 1.2317763566970825, 1.5565099716186523, -1.273954153060913, 0.6621701121330261, -1.0194505453109741, 1.4664955139160156, 0.2821367383003235, -1.8842768669128418, 1.2683438062667847, -1.9817615747451782, -0.33051082491874695, 0.4726964831352234, -0.9859035611152649, 0.07780497521162033, -2.1056981086730957, 0.3761437237262726, 0.16838671267032623, -0.36379170417785645, -0.021421462297439575, 0.3268515169620514, -0.8211759328842163, -0.7410048842430115, 0.019231395795941353, -0.2936897575855255, 2.158276319503784, -0.6427227258682251, -0.3900938034057617, -1.0601186752319336, -0.014318078756332397, -0.5270273685455322, -2.324108600616455, 0.7770513892173767, -1.3140084743499756, -0.1289166659116745, 1.4280993938446045, -0.9629824161529541, -0.6876623034477234, 0.22130975127220154, 0.7514081597328186, -0.9443675875663757, 0.387043833732605, -1.0958207845687866, 0.5626509189605713, -0.600006103515625, -0.2587263882160187, -0.5013537406921387, -0.7585495710372925, -0.46428242325782776, 0.436790406703949, 1.3184032440185547, -0.3718624711036682, -0.8163950443267822, 1.2255587577819824, 0.9432999491691589, 1.4051491022109985, -2.8370964527130127, 1.210924744606018, 1.0833054780960083, -1.1251051425933838, -1.2986865043640137, 0.4611184895038605, 0.9341105818748474, 0.6646043658256531, 1.5714893341064453, 0.07289980351924896, 0.5527594685554504, -0.414532870054245, -0.4116925597190857, -1.1226946115493774, 2.7968757152557373, 0.03253758326172829, -2.3657584190368652, 0.4587372839450836, 0.5344678163528442, 0.5919890999794006, 0.5693354606628418, 0.6734596490859985, -2.1358089447021484, -1.9490772485733032, 0.3074474036693573, -0.6726043820381165, -0.5938164591789246, 0.07128243148326874, -0.8425019979476929, -1.9469794034957886, -0.5576171278953552, -0.22154425084590912, 1.6725459098815918, -1.8736824989318848, 1.1358230113983154, 1.0107994079589844, 0.27144989371299744, 0.7891204357147217, -1.557668924331665, 0.0185757614672184, 1.2459253072738647, -0.9870607852935791, 0.9829443693161011, 0.5702638030052185, 0.23675884306430817, -1.6266742944717407, 0.552513062953949, 0.1922648847103119]",yunet,Facenet,1920,1080,/home/amos/media/tv/modern_family/Modern.Family.S09.1080p.DSNP.WEB-DL.DDP5.1.H.264-CRFW/Modern.Family.S09E21.The.Escape.1080p.DSNP.WEB-DL.DDP5.1.H.264-CRFW.mkv,Modern Family,2009,1442437,9,21,Eric Stonestreet,156962.0,0.64
343,1068,102,1350,486,1278,234,1146,234,0.92,7104,0,"[0.7064450979232788, 0.5009346008300781, -0.540785014629364, 0.5541982650756836, 4.052371978759766, -0.24049536883831024, 1.53049635887146, -0.033776458352804184, 1.2437776327133179, 0.7634625434875488, -1.824785828590393, -0.18478430807590485, -1.0865973234176636, 1.0399922132492065, 0.9472092390060425, 1.0957295894622803, -0.167105570435524, -1.4652827978134155, -0.696562647819519, -0.7989962100982666, -1.3532832860946655, 1.3031744956970215, -0.5955758094787598, 1.6299103498458862, 1.3129194974899292, 1.2154656648635864, 1.2475879192352295, -0.3804931640625, 0.2585785984992981, -0.15051083266735077, 0.9122153520584106, -0.6272192597389221, -2.8559610843658447, 0.9954342842102051, -0.6734591126441956, 0.29591941833496094, 0.0671314224600792, -1.9721944332122803, -0.25165531039237976, -0.6454415321350098, -0.8339494466781616, 0.021234018728137016, -0.1141650378704071, 0.28090882301330566, 0.877206563949585, -0.35418468713760376, -0.6864901185035706, -0.04955745488405228, -0.7573021054267883, 2.190758466720581, -1.1971688270568848, 0.7469239830970764, -0.9418696165084839, 0.8780893087387085, -1.4157098531723022, -2.0161256790161133, 1.1692699193954468, -2.1370227336883545, -0.12037284672260284, 1.2601590156555176, -1.0534800291061401, 0.09060269594192505, 1.3348606824874878, 0.9587116241455078, -0.8011837005615234, 0.4067150354385376, -1.1623462438583374, 0.35992762446403503, 0.04444551467895508, -0.6396641731262207, -0.04159798100590706, -0.5404151678085327, 0.4537164270877838, 0.26250797510147095, 1.4439061880111694, -0.05721440538764, 0.09411865472793579, 0.7169060111045837, 0.38242223858833313, 0.3803112506866455, -2.616081953048706, 2.1277225017547607, -0.3500840365886688, -1.3383570909500122, -0.6599476337432861, 0.37481221556663513, 0.7106947302818298, -0.05114555358886719, 1.6429941654205322, 1.2719841003417969, 0.08850329369306564, 0.7341077327728271, 0.31162768602371216, -1.3808039426803589, 1.6592735052108765, 0.4734756052494049, -1.528671383857727, 0.06734544038772583, -0.006115507334470749, 1.5862655639648438, 0.41911154985427856, 1.26063072681427, -1.3078986406326294, -1.9204542636871338, 1.2479695081710815, -0.9949243068695068, -1.6164014339447021, 0.8953324556350708, -0.34749093651771545, -1.707376480102539, -0.3230634331703186, 0.0382964052259922, 1.4550458192825317, -1.0036044120788574, 1.4976863861083984, 1.1159685850143433, -0.21508318185806274, 1.5750102996826172, -0.004999004304409027, 0.3468511998653412, 0.8870406746864319, -0.703005313873291, 0.6576228737831116, -0.8799422979354858, 0.03903492912650108, -1.3713773488998413, 0.6788351535797119, -0.8462098240852356]",yunet,Facenet,1920,1080,/home/amos/media/tv/modern_family/Modern.Family.S09.1080p.DSNP.WEB-DL.DDP5.1.H.264-CRFW/Modern.Family.S09E21.The.Escape.1080p.DSNP.WEB-DL.DDP5.1.H.264-CRFW.mkv,Modern Family,2009,1442437,9,21,Eric Stonestreet,156962.0,0.647
344,1098,120,1374,504,1278,258,1152,258,0.92,7128,0,"[0.41520020365715027, -0.45346590876579285, 0.34867939352989197, 0.19186696410179138, 3.364380359649658, 0.35648831725120544, 1.269415020942688, -0.4938918352127075, 1.8406610488891602, 0.6010564565658569, -1.1846531629562378, -0.6533095836639404, -1.4276262521743774, 0.8101469278335571, -0.18424612283706665, 1.2462297677993774, -0.2839772701263428, -1.4097896814346313, -0.9494019746780396, -0.7832317352294922, -0.9657617807388306, 1.7714558839797974, -0.131890207529068, 1.865096092224121, 2.169809341430664, 1.7673776149749756, 1.3017094135284424, -0.4861494302749634, 0.8480378985404968, -1.02359139919281, 0.9299864768981934, 0.09175467491149902, -2.311992645263672, 1.104385256767273, -0.9331943392753601, 0.6856734156608582, 0.7144785523414612, -1.572637677192688, 0.23198851943016052, -1.2829171419143677, -0.3240795433521271, -0.5734128355979919, -0.6233718395233154, 0.09869585931301117, -0.06878145784139633, 0.01967981457710266, -0.7596777081489563, -1.0205817222595215, -1.142425775527954, 2.439800262451172, -0.677217960357666, -0.1358686238527298, -0.5522685647010803, 0.3609098196029663, -0.8555921316146851, -1.8258060216903687, 0.8397831320762634, -2.0817201137542725, -0.1693601906299591, 0.8186027407646179, -1.0400282144546509, -1.072953224182129, 1.0932015180587769, 0.5080655217170715, -0.7265228629112244, 0.734652578830719, -0.6611952781677246, 0.6232932209968567, 0.3835105001926422, -0.5795202255249023, -0.560316264629364, -0.550501823425293, -0.18074707686901093, -0.13458991050720215, 1.1553895473480225, 0.038875892758369446, -0.2870768904685974, 0.563383936882019, 0.6007070541381836, 1.1047953367233276, -2.6726856231689453, 1.5474956035614014, 0.3777351677417755, -0.693831205368042, -0.8128628730773926, 0.8418806791305542, 0.8771494030952454, 0.5516010522842407, 1.8028093576431274, 1.281479835510254, 0.6076946258544922, -0.4558277130126953, -0.14524415135383606, -1.426322340965271, 2.0715017318725586, 0.35020148754119873, -1.6938871145248413, 0.04409102350473404, 0.24972966313362122, 0.6672340035438538, 0.4421548843383789, 1.2779982089996338, -1.5145972967147827, -1.9417076110839844, 0.18019834160804749, -0.3306761384010315, -1.4185210466384888, 0.4547105133533478, -0.1859237253665924, -1.9027119874954224, -0.26218706369400024, 0.25644296407699585, 2.0812089443206787, -1.4401030540466309, 2.07362699508667, 0.9135733842849731, 0.02146037295460701, 0.9221246838569641, -0.229686439037323, -0.053872860968112946, 0.7855707406997681, -0.9145243167877197, 1.266135811805725, -0.6418054699897766, 0.19812577962875366, -1.3679696321487427, 1.2756719589233398, -0.01298261433839798]",yunet,Facenet,1920,1080,/home/amos/media/tv/modern_family/Modern.Family.S09.1080p.DSNP.WEB-DL.DDP5.1.H.264-CRFW/Modern.Family.S09E21.The.Escape.1080p.DSNP.WEB-DL.DDP5.1.H.264-CRFW.mkv,Modern Family,2009,1442437,9,21,Eric Stonestreet,156962.0,0.713
345,1080,114,1362,498,1260,252,1140,252,0.915,7152,0,"[0.43819525837898254, -0.7525324821472168, -0.3567386567592621, 0.6416940689086914, 2.6184940338134766, 0.27366340160369873, 0.8423734307289124, -0.8344783186912537, 1.4747291803359985, 0.9865012168884277, -1.0652341842651367, -0.5710431337356567, -1.136824131011963, 1.1857990026474, 0.23969978094100952, 1.1714006662368774, 0.0919312834739685, -1.4276838302612305, -0.7929748296737671, -0.8243881464004517, -1.3053361177444458, 1.349955439567566, -0.2911223769187927, 1.9534945487976074, 2.4860785007476807, 1.6244765520095825, 1.512221336364746, -0.7589656710624695, 0.7157574892044067, -0.891466498374939, 1.6512917280197144, -0.1455727219581604, -1.7857775688171387, 1.4325718879699707, -0.8517761826515198, 0.9205499887466431, 0.8259032368659973, -1.276376485824585, -0.09284453094005585, -0.718825101852417, -0.6977308988571167, 0.4290625751018524, -0.012006811797618866, -0.19837407767772675, 0.02756631001830101, -0.458331435918808, -0.5559530258178711, -0.13509854674339294, -0.7726086974143982, 2.158925771713257, 0.07890550047159195, -0.5630277395248413, -1.0387219190597534, 0.5882700085639954, -0.6639998555183411, -1.670581579208374, 1.252005696296692, -1.6782358884811401, -0.058801986277103424, 0.6827716827392578, -0.5502848029136658, -0.5325279235839844, 0.9124554991722107, 0.7208733558654785, -0.3075932264328003, 0.24691283702850342, -1.2638038396835327, 0.9602566361427307, -0.33267953991889954, -0.8684762716293335, -0.3547852039337158, -0.9784682989120483, 0.12742193043231964, -0.16780179738998413, 1.7365117073059082, 0.20844992995262146, 0.16402369737625122, 0.6058308482170105, 0.2979833483695984, 0.7887564301490784, -2.889349937438965, 1.867189884185791, -0.01822281815111637, -0.386768639087677, -1.1516642570495605, 1.186780571937561, 1.021226406097412, 1.0314407348632812, 1.6266752481460571, 1.0650672912597656, 0.3936057388782501, 0.10118497908115387, 0.7106105089187622, -1.2273157835006714, 2.136826992034912, 0.8352170586585999, -1.6790746450424194, 0.2869584560394287, 0.31385940313339233, 1.0855541229248047, 0.6079362034797668, 1.176195740699768, -1.3138381242752075, -2.4746007919311523, 0.7388997673988342, -1.2086979150772095, -1.8136353492736816, 1.0586400032043457, 0.27197736501693726, -2.718535900115967, -0.3627170920372009, -0.3701719045639038, 1.6448044776916504, -1.4764001369476318, 1.6579595804214478, 0.9846634864807129, 0.07039251923561096, 1.3514670133590698, 0.07141953706741333, 0.6105002760887146, 0.41507214307785034, -1.467910885810852, 1.0866464376449585, -0.6274439096450806, 0.8335224986076355, -1.1823333501815796, 0.9542736411094666, -0.18345551192760468]",yunet,Facenet,1920,1080,/home/amos/media/tv/modern_family/Modern.Family.S09.1080p.DSNP.WEB-DL.DDP5.1.H.264-CRFW/Modern.Family.S09E21.The.Escape.1080p.DSNP.WEB-DL.DDP5.1.H.264-CRFW.mkv,Modern Family,2009,1442437,9,21,Eric Stonestreet,156962.0,0.636
346,1086,114,1344,468,1254,252,1134,252,0.912,7176,0,"[0.4477469027042389, -0.33051037788391113, -0.5027244091033936, 0.6644604802131653, 2.848323345184326, -0.02808314561843872, 0.727077066898346, -0.641698956489563, 1.5261728763580322, 0.6007927060127258, -1.4039000272750854, -0.6055963039398193, -0.9792273044586182, 1.1606024503707886, 0.3137821853160858, 1.0269845724105835, -0.42901697754859924, -1.3801628351211548, -0.7634958624839783, -1.2156490087509155, -1.2957760095596313, 1.6520179510116577, -0.7865419387817383, 1.9567283391952515, 2.079925060272217, 1.2016620635986328, 1.777849793434143, -0.9028504490852356, 0.9385192394256592, -0.32675421237945557, 0.6272919178009033, -0.08791454136371613, -2.6755003929138184, 1.4763877391815186, -0.3378760516643524, 0.5152405500411987, 0.4435182213783264, -1.4088842868804932, 0.15071307122707367, -0.7652645111083984, -0.2167845517396927, -0.07793813198804855, -0.1299833208322525, 0.1087191104888916, 0.07506954669952393, -0.41055577993392944, -0.4446355700492859, -0.42987191677093506, -0.6037046313285828, 1.988882064819336, -0.8292776346206665, -0.013227656483650208, -0.5805577635765076, 1.0179888010025024, -0.7539663314819336, -2.126288890838623, 1.104112982749939, -2.2166826725006104, -0.12280577421188354, 0.7510307431221008, -0.778892993927002, -0.38795894384384155, 0.8679827451705933, 0.5675357580184937, -0.43017804622650146, 1.1519205570220947, -1.105555534362793, 0.631252646446228, -0.7181091904640198, -0.6880264282226562, 0.034972790628671646, -0.5711751580238342, 0.2981768250465393, 0.1593153327703476, 1.4107033014297485, -0.030468199402093887, 0.3164706230163574, 1.2011165618896484, 0.5890544056892395, 0.710928201675415, -2.7563364505767822, 1.7549407482147217, -0.059007734060287476, -0.3606994152069092, -0.4793722927570343, 0.8217172622680664, 0.6967106461524963, 0.3738160729408264, 1.2716234922409058, 0.7421215772628784, 0.8888647556304932, 0.518738865852356, 0.27413856983184814, -1.5522043704986572, 1.9981197118759155, 1.0451266765594482, -1.253806710243225, 0.5378618836402893, 0.22882375121116638, 0.6591203212738037, 0.12205363810062408, 0.9758558869361877, -1.0930356979370117, -1.596038818359375, 1.0401263236999512, -0.48545700311660767, -1.5090579986572266, 1.2822436094284058, -0.23133377730846405, -2.2151577472686768, 0.3487308621406555, -0.9322181940078735, 1.6657798290252686, -1.4219434261322021, 1.1735183000564575, 0.8585256338119507, 0.03708311915397644, 1.586539387702942, -0.05065005272626877, 0.47600623965263367, 0.5229271650314331, -1.0173449516296387, 1.0847468376159668, -1.0462379455566406, 0.3529071807861328, -0.7582805156707764, 0.6695308685302734, -0.680656909942627]",yunet,Facenet,1920,1080,/home/amos/media/tv/modern_family/Modern.Family.S09.1080p.DSNP.WEB-DL.DDP5.1.H.264-CRFW/Modern.Family.S09E21.The.Escape.1080p.DSNP.WEB-DL.DDP5.1.H.264-CRFW.mkv,Modern Family,2009,1442437,9,21,Eric Stonestreet,156962.0,0.678
347,1056,126,1320,486,1248,258,1134,258,0.911,7200,0,"[0.15853804349899292, -0.6582902669906616, -0.5816841721534729, 0.27811452746391296, 2.803924322128296, -0.23250256478786469, 1.1104843616485596, -0.560157060623169, 0.9942938685417175, 1.0215178728103638, -1.4984923601150513, -1.1161495447158813, -1.0613362789154053, 0.9289699792861938, 0.9663949012756348, 0.9866852164268494, -0.48380306363105774, -1.6788811683654785, -0.7157069444656372, -1.5521951913833618, -1.175113558769226, 1.4040764570236206, -0.5405091047286987, 1.821694016456604, 1.8522549867630005, 1.0418671369552612, 1.815388560295105, -0.6093779802322388, 0.8573647737503052, -0.07304045557975769, 0.8330910205841064, 0.07766494154930115, -2.4656782150268555, 1.7321033477783203, -0.37469688057899475, 0.21490967273712158, 0.5718256235122681, -1.479894757270813, 0.1379946768283844, -1.0092148780822754, -0.464543879032135, -0.49408772587776184, -0.2922997772693634, -0.16988331079483032, -0.09274327009916306, -0.6108986735343933, -0.03308767452836037, -0.7379400730133057, -1.118060827255249, 1.7665011882781982, -1.296019196510315, 0.17931537330150604, -1.1400095224380493, 1.3916698694229126, -1.3257935047149658, -2.2182981967926025, 0.7930200099945068, -1.597442865371704, -0.39532288908958435, 0.36175864934921265, -1.0205888748168945, -1.0328818559646606, 0.807142436504364, 0.49285703897476196, -0.607437014579773, 0.632466197013855, -1.0231882333755493, 0.866360068321228, -0.6996060609817505, -0.8184006214141846, 0.032617680728435516, -1.0184104442596436, 0.6202186346054077, -0.2099941074848175, 1.3565126657485962, 0.4783743619918823, 0.5573389530181885, 0.8751703500747681, 0.2486976981163025, 0.7728671431541443, -2.766352891921997, 2.198523759841919, -0.3134922683238983, -0.5764981508255005, -0.8105639219284058, 0.6815791130065918, 0.762330949306488, 0.2471555918455124, 1.1659824848175049, 1.1396448612213135, 0.6011139154434204, -0.3661670982837677, 0.12062999606132507, -1.6410682201385498, 1.945128083229065, 0.7711430788040161, -1.854744791984558, 0.7314998507499695, 0.5260351896286011, 0.9213948845863342, 0.05528543144464493, 1.1731213331222534, -0.8592749834060669, -1.3618927001953125, 1.022869348526001, -0.21391622722148895, -1.4912382364273071, 1.1183500289916992, 0.1117531955242157, -2.025163412094116, -0.09296528995037079, -0.887470006942749, 1.4248251914978027, -1.5373711585998535, 1.4963606595993042, 0.5236518383026123, 0.06065433472394943, 0.8421381711959839, -0.45724424719810486, 0.5832890272140503, 0.6555317044258118, -0.5923409461975098, 0.7292852997779846, -0.5974328517913818, 0.2014983892440796, -0.4888901710510254, 0.7241880297660828, -0.018050620332360268]",yunet,Facenet,1920,1080,/home/amos/media/tv/modern_family/Modern.Family.S09.1080p.DSNP.WEB-DL.DDP5.1.H.264-CRFW/Modern.Family.S09E21.The.Escape.1080p.DSNP.WEB-DL.DDP5.1.H.264-CRFW.mkv,Modern Family,2009,1442437,9,21,Eric Stonestreet,156962.0,0.661
348,588,174,864,540,828,318,696,312,0.92,7224,0,"[-1.385440707206726, -1.2691730260849, -0.6120572090148926, -0.6275956034660339, 0.9489518404006958, -0.21719999611377716, 0.13124214112758636, -0.14604845643043518, 2.277921676635742, -0.07542881369590759, 0.6813658475875854, -1.6355235576629639, -1.3118237257003784, -0.5656863451004028, -0.6023690700531006, 1.4840335845947266, 0.09379564970731735, -0.5738265514373779, -0.7190831303596497, -0.5923130512237549, 1.1131242513656616, 1.4080722332000732, 1.413659691810608, 0.7759776711463928, 0.6180463433265686, 1.6759213209152222, 1.6681606769561768, -2.1625142097473145, 2.444178342819214, -0.49510616064071655, -0.04041367769241333, 0.667256772518158, 0.9409407377243042, -0.4696510136127472, 1.2508776187896729, 0.6707819700241089, 0.8649511337280273, -0.39268890023231506, -0.4933433532714844, -1.7469267845153809, -1.3356761932373047, -0.11325012892484665, -1.730697512626648, -1.116182565689087, 0.5750797390937805, -0.03951074182987213, -1.6794284582138062, -0.5125703811645508, -0.2346135675907135, 0.871475338935852, 0.7335929274559021, -0.6865497827529907, -1.5768930912017822, 0.4125402569770813, -0.6026611328125, -0.46626073122024536, 1.0000842809677124, -0.059388838708400726, -1.440267562866211, -1.4129420518875122, -0.6508236527442932, -0.019091404974460602, 0.19107434153556824, 0.8253085613250732, -0.9749173521995544, 1.6944671869277954, 1.2300260066986084, 1.291184902191162, 1.1558189392089844, -1.4639383554458618, -0.5361810922622681, -0.2866475582122803, -1.373008370399475, -0.2456989586353302, 0.5603711009025574, -0.7134379744529724, -1.2643836736679077, -0.72406405210495, -0.9461206197738647, -1.3544070720672607, -2.359414577484131, 1.6574695110321045, -0.6726627945899963, -0.5081586837768555, -1.0587791204452515, -0.03288549929857254, 0.07594103366136551, 0.7201494574546814, -0.5131405591964722, -0.5100338459014893, 0.3993336856365204, 0.33158233761787415, 1.5057824850082397, 0.7388803362846375, -0.23153483867645264, 1.3196572065353394, -0.6313678622245789, 1.2435526847839355, -0.1150544211268425, -0.46093958616256714, -0.5021775960922241, -0.5603839755058289, 0.36786341667175293, -0.3581816852092743, 0.892391562461853, 0.1557464897632599, -0.7128011584281921, 0.5920740365982056, 0.46028417348861694, -0.3160220980644226, -0.1957169473171234, -1.38783860206604, 1.9271408319473267, -0.6255519986152649, 0.29070335626602173, 1.5320557355880737, 1.0506975650787354, -0.8317707180976868, -1.1368685960769653, 0.41966545581817627, -0.36318743228912354, 0.5221378803253174, 0.6555643677711487, -0.7315491437911987, 1.1343570947647095, -0.11189036071300507, -0.5929380655288696, -0.48581069707870483]",yunet,Facenet,1920,1080,/home/amos/media/tv/modern_family/Modern.Family.S09.1080p.DSNP.WEB-DL.DDP5.1.H.264-CRFW/Modern.Family.S09E21.The.Escape.1080p.DSNP.WEB-DL.DDP5.1.H.264-CRFW.mkv,Modern Family,2009,1442437,9,21,Jesse Tyler Ferguson,204815.0,0.792
349,516,192,792,558,744,330,636,336,0.911,7248,0,"[-0.486346036195755, -0.574556291103363, -0.8040528297424316, -0.8396813273429871, 1.1757087707519531, 0.5738556385040283, 0.17383259534835815, 0.04665420204401016, 3.1687867641448975, -0.4759008288383484, 1.2990120649337769, -1.4714665412902832, -1.8014812469482422, -0.7290847301483154, -1.444982647895813, 0.8879934549331665, 0.047976646572351456, 0.0617295578122139, -0.5228421688079834, 0.48517128825187683, 1.8042880296707153, 1.4525195360183716, 1.739861011505127, -0.04271632432937622, 0.8547723889350891, 1.4143058061599731, 0.9042226076126099, -2.7361927032470703, 2.4831271171569824, -0.3057757616043091, -0.2815287113189697, 0.5812957286834717, -0.5245634317398071, -0.03397727757692337, 1.4764833450317383, 0.3149058222770691, 1.377332329750061, -0.2602938413619995, -0.5505237579345703, -1.5011695623397827, -1.1580991744995117, -0.2477051466703415, -1.7286336421966553, -0.5949394106864929, 0.1747601330280304, -0.28288742899894714, -1.8618361949920654, -0.8035311698913574, -0.3661365509033203, 1.0632919073104858, -0.29320257902145386, -0.38397637009620667, -0.9727820158004761, 0.5918981432914734, -1.2946783304214478, -0.7704145908355713, 1.2048684358596802, -0.03921079635620117, -1.9270939826965332, -1.8084877729415894, -0.4736093282699585, 0.6724238991737366, 0.11929317563772202, 0.781886875629425, -1.4522144794464111, 2.5551648139953613, 1.7320998907089233, 1.1695938110351562, 1.0320124626159668, -1.7483727931976318, 0.10499520599842072, -0.12947553396224976, -1.5194011926651, -0.30231285095214844, 0.678726851940155, -0.6207592487335205, -0.7125687599182129, -0.5778186917304993, -1.4375334978103638, -1.307478904724121, -2.3223025798797607, 0.9987450838088989, -0.5955050587654114, -1.0248585939407349, -0.590681254863739, -0.16974478960037231, -0.7556560635566711, 0.14731787145137787, 0.33095917105674744, -0.6165497303009033, -0.1003708466887474, -0.6325743794441223, 0.5244582891464233, 0.7123450636863708, -0.20916613936424255, 1.4431793689727783, -0.6660095453262329, 0.5937380194664001, -0.2652878165245056, -1.0543590784072876, 0.15940263867378235, 0.08427517861127853, 0.2840765714645386, -0.74019855260849, 0.6523869037628174, 1.5147298574447632, 0.1635119616985321, -0.2003011405467987, 0.6089000105857849, -0.35894498229026794, 0.3871293067932129, -0.43801558017730713, 2.058565855026245, -1.1563122272491455, 0.33783236145973206, 1.9008597135543823, -0.21090885996818542, -1.2497589588165283, -1.4314512014389038, 0.27834099531173706, -0.45589375495910645, 0.8638864755630493, 0.909229040145874, -1.4006811380386353, 0.964867889881134, -0.3006524443626404, -0.2986525893211365, -0.44385653734207153]",yunet,Facenet,1920,1080,/home/amos/media/tv/modern_family/Modern.Family.S09.1080p.DSNP.WEB-DL.DDP5.1.H.264-CRFW/Modern.Family.S09E21.The.Escape.1080p.DSNP.WEB-DL.DDP5.1.H.264-CRFW.mkv,Modern Family,2009,1442437,9,21,Jesse Tyler Ferguson,204815.0,0.707
350,1104,156,1206,288,1176,216,1128,216,0.911,7272,0,"[-1.626002550125122, 0.7673635482788086, 1.4686626195907593, -1.6998491287231445, 0.17575176060199738, 0.2532421350479126, -0.31046000123023987, -0.45076367259025574, -1.045670986175537, 1.279585599899292, 0.41677263379096985, 2.826601982116699, 0.10482773184776306, -1.5911027193069458, 1.143794059753418, 2.0539846420288086, 0.5999641418457031, -0.9736977815628052, -0.641716718673706, 0.6619508266448975, 0.7143107652664185, -0.5931247472763062, 0.6306245923042297, 0.2365598976612091, -0.876374363899231, -0.022466115653514862, -0.8764423131942749, 1.0036425590515137, 2.7797157764434814, -0.1685226410627365, -0.2739194631576538, -2.532118797302246, 0.812839686870575, -0.897630512714386, 1.766684651374817, 1.1197460889816284, -2.4191877841949463, -0.2651251256465912, -0.42215585708618164, -0.532856822013855, -2.3319754600524902, 0.3539334833621979, -1.0194593667984009, 2.2553627490997314, -0.9638210535049438, -0.13663621246814728, -1.0350022315979004, 0.034035637974739075, -2.489454746246338, -0.5247883796691895, 0.008478377014398575, 0.6733618974685669, -0.2258835732936859, 1.8084813356399536, -0.6637951731681824, 0.5426350235939026, -0.5689622759819031, -0.1561686396598816, -1.9406012296676636, 1.0001647472381592, -0.05219881981611252, -0.1956188678741455, -0.17229413986206055, -0.8363557457923889, 0.27878066897392273, 0.05836586654186249, -0.6445862054824829, 0.5799810886383057, 2.0782113075256348, 0.28411051630973816, -0.48020482063293457, 0.8078864812850952, -1.9889805316925049, 0.1625179797410965, 2.2594573497772217, 1.2664233446121216, 0.06199091672897339, -0.9228256344795227, 1.1985024213790894, 0.16531313955783844, 0.6181496381759644, 0.09939871728420258, -1.3136436939239502, -0.7819225788116455, 0.4614998996257782, -1.0367865562438965, 0.5187258124351501, -0.6680222749710083, -0.5778260231018066, 0.16156542301177979, -1.1598795652389526, -0.2870844304561615, 1.5989700555801392, -0.3689252734184265, -0.16615453362464905, 1.1768475770950317, -1.1072821617126465, -0.5822577476501465, 0.530539870262146, -0.6949206590652466, 0.19513829052448273, 0.4036450982093811, -1.0010173320770264, 2.2483561038970947, 0.512032687664032, -0.4139668941497803, -0.8894943594932556, -1.8504621982574463, 0.9570982456207275, -0.3957522213459015, 1.0228271484375, 0.9205026626586914, 0.09565483033657074, -0.41835692524909973, 0.5194130539894104, 1.1849610805511475, -0.07636962831020355, 1.1440829038619995, 0.46266883611679077, -0.27247780561447144, 1.5823363065719604, -0.33638155460357666, 0.4257206916809082, -0.5307880640029907, 0.9022231698036194, 0.2956460416316986, 0.25259101390838623, 0.7872465252876282]",yunet,Facenet,1920,1080,/home/amos/media/tv/modern_family/Modern.Family.S09.1080p.DSNP.WEB-DL.DDP5.1.H.264-CRFW/Modern.Family.S09E21.The.Escape.1080p.DSNP.WEB-DL.DDP5.1.H.264-CRFW.mkv,Modern Family,2009,1442437,9,21,Sofía Vergara,63522.0,0.744
351,948,366,1146,612,1050,444,978,450,0.928,7296,0,"[0.6646316051483154, -0.4560120105743408, -1.3578263521194458, -0.699716329574585, 0.8208678960800171, 1.4114969968795776, -1.3298064470291138, 2.8388724327087402, 0.6761865615844727, -0.36785203218460083, 0.24016410112380981, -0.5451909303665161, -1.698559284210205, 0.9121594429016113, -0.09319157898426056, 0.7280463576316833, -0.20704075694084167, 0.6246017217636108, -0.27082234621047974, -1.2027363777160645, -1.0258327722549438, 0.47766250371932983, 0.94878751039505, 1.5794994831085205, 1.7597101926803589, 1.035752534866333, 0.624614953994751, -0.2324700951576233, -0.3282524347305298, -1.0595240592956543, -0.2633986175060272, 1.2114001512527466, -0.8503204584121704, 0.5769893527030945, 0.7530480027198792, 0.1383313238620758, 0.18684884905815125, 0.6032137274742126, -2.1751484870910645, 0.5867289304733276, 0.7309346795082092, -1.1189358234405518, -0.04965609312057495, -0.21735289692878723, 1.3595250844955444, -2.415318250656128, 0.19480280578136444, -0.6490172147750854, 1.2531615495681763, -0.308425635099411, -0.2569120526313782, -0.6733818054199219, 1.4653809070587158, -0.7587816715240479, 0.7159966230392456, 0.2675867974758148, 1.4300858974456787, -2.00174880027771, 0.8535709977149963, -1.899980068206787, -1.0048984289169312, 2.020932197570801, 1.6804664134979248, 0.4696602523326874, -1.8480621576309204, -0.3081735372543335, -0.151561439037323, 1.4225717782974243, -0.44880229234695435, -1.1073590517044067, -1.2217105627059937, -0.11978235840797424, -0.7798739671707153, -0.15977007150650024, -0.6053054332733154, -1.2514432668685913, -2.4336187839508057, 0.6302162408828735, -0.8192883729934692, -1.6725068092346191, 0.34658434987068176, -0.913581132888794, -2.417895555496216, -0.5285261273384094, 1.3293715715408325, -0.05981955677270889, -0.4264177083969116, 1.9693410396575928, 1.7510944604873657, 0.48345810174942017, 0.4973425567150116, -1.6542913913726807, -0.03602425009012222, -0.6809498071670532, 0.3635369539260864, 0.2337854653596878, 1.6185249090194702, -1.2065156698226929, 1.9971253871917725, 1.875298023223877, -0.5711595416069031, 0.07950227707624435, -0.003362692892551422, -1.6082671880722046, 1.1254719495773315, -0.1768602877855301, -0.794166088104248, 1.132885456085205, -0.11051960289478302, 1.1422693729400635, -0.22425925731658936, 0.6988131999969482, 0.9183752536773682, -0.746164858341217, -0.9218708276748657, -0.518234372138977, -0.39694178104400635, -0.983893632888794, 0.6783216595649719, -1.5799899101257324, -0.20657624304294586, 0.22881542146205902, -0.13736948370933533, 0.1513420194387436, 1.7016483545303345, -0.8623765110969543, -0.040788643062114716, -1.0199981927871704]",yunet,Facenet,1920,1080,/home/amos/media/tv/modern_family/Modern.Family.S09.1080p.DSNP.WEB-DL.DDP5.1.H.264-CRFW/Modern.Family.S09E21.The.Escape.1080p.DSNP.WEB-DL.DDP5.1.H.264-CRFW.mkv,Modern Family,2009,1442437,9,21,Mary Louise Wilson,115767.0,0.731
352,390,96,606,414,588,216,528,216,0.921,7320,0,"[0.6818292140960693, 0.5382646322250366, 0.8844698071479797, -0.08345988392829895, -1.4789817333221436, -0.42552417516708374, -1.1216671466827393, -0.31863102316856384, 0.5183547735214233, -1.6617738008499146, 0.5299780964851379, 1.1209851503372192, 0.6511260271072388, -0.45516034960746765, -2.200455904006958, 0.07958211749792099, -0.080158531665802, -0.6613526344299316, -1.0176774263381958, 2.467621326446533, -0.5809500217437744, 0.8328036665916443, 0.02535100281238556, 0.15237580239772797, -0.4447108507156372, 1.123265266418457, -1.8681448698043823, 1.6130644083023071, 1.4133692979812622, -1.627669334411621, -0.9425594806671143, -0.73978590965271, -1.4930591583251953, 0.05240759998559952, -0.3580044209957123, 1.1981008052825928, 0.7168124318122864, -0.18159973621368408, 1.057137370109558, 0.5315593481063843, 0.29727548360824585, 1.5345375537872314, -1.1695913076400757, -0.34673839807510376, -0.5294701457023621, -0.345358282327652, 0.6254073977470398, 0.48262035846710205, -1.7033979892730713, -0.4695493280887604, 0.9299495816230774, -0.6609695553779602, -0.2888910174369812, -0.41487765312194824, -0.37748849391937256, 0.23256288468837738, 1.5278671979904175, 1.2315162420272827, 0.7030084133148193, 0.6513912081718445, 1.9431897401809692, -0.6825266480445862, -0.758714497089386, 0.05836258456110954, -0.4759809672832489, 2.404144525527954, 1.5605859756469727, 0.4233878254890442, 0.4320100247859955, -0.561214804649353, -0.8031151294708252, 1.1091057062149048, -0.541251003742218, 0.9375113844871521, 1.0282036066055298, 1.6502283811569214, 0.04002875089645386, 1.6029669046401978, 1.214485764503479, -0.6746432185173035, -1.3308640718460083, -1.3906654119491577, 0.043484605848789215, -0.38174864649772644, -0.8676435351371765, -0.8532429933547974, 0.7382786870002747, -0.5867284536361694, 0.772466778755188, -0.4155641198158264, 0.4073885381221771, -1.443083643913269, -0.3439173102378845, -0.8852214217185974, 0.551334023475647, -0.06870781630277634, 0.19831719994544983, -1.264318823814392, 0.029419928789138794, -1.600175380706787, 0.8376731276512146, 1.4102963209152222, -1.5988088846206665, -0.3527902066707611, -0.04561110585927963, 1.3135689496994019, 0.7134409546852112, -1.4467748403549194, 0.16495965421199799, 0.2580302357673645, 1.7201945781707764, 1.3918399810791016, 1.1112611293792725, -0.6911488175392151, 0.17221681773662567, 2.6278700828552246, -1.8560186624526978, -0.4283981919288635, -0.7654849886894226, -0.07405595481395721, -1.031575083732605, 0.5574700832366943, 0.11986242979764938, -1.7180182933807373, 1.3729140758514404, -0.9434934854507446, 0.8097782731056213, -1.9532662630081177]",yunet,Facenet,1920,1080,/home/amos/media/tv/modern_family/Modern.Family.S09.1080p.DSNP.WEB-DL.DDP5.1.H.264-CRFW/Modern.Family.S09E21.The.Escape.1080p.DSNP.WEB-DL.DDP5.1.H.264-CRFW.mkv,Modern Family,2009,1442437,9,21,Ty Burrell,15232.0,0.684
353,1116,282,1296,534,1272,378,1182,384,0.915,7320,1,"[-1.3741563558578491, -0.6024506092071533, -0.18440131843090057, -0.3821491599082947, 0.36167216300964355, -1.8426146507263184, -2.100374221801758, 0.9220704436302185, -0.0034222304821014404, -0.6543986797332764, -0.30610400438308716, 0.05405357480049133, -0.24530597031116486, -0.6542837619781494, 0.17558419704437256, 0.5986354947090149, -0.9256225824356079, -0.022480741143226624, -1.251015543937683, -0.1629297286272049, 1.2751407623291016, 0.1468477100133896, 0.7978320717811584, 0.10809174925088882, -0.015048041939735413, 0.5072948336601257, -1.3523379564285278, 0.19595693051815033, 1.0487884283065796, -2.5458991527557373, -0.7181586027145386, -0.7386280298233032, 0.549998939037323, -0.9323790669441223, 1.0857998132705688, 2.234781265258789, -1.9083492755889893, -0.26207730174064636, -0.3656805753707886, -0.49596962332725525, -1.208358883857727, 1.4475582838058472, 0.9467618465423584, -0.5413827896118164, -1.1576586961746216, 0.8519261479377747, -0.7416071891784668, -0.5171674489974976, -1.84455144405365, -0.8240013122558594, 1.3122583627700806, -1.3770755529403687, -0.48377367854118347, 0.13711567223072052, 0.00879700481891632, -0.45297911763191223, -0.11975321173667908, -0.38449984788894653, -0.8214814066886902, 0.6919626593589783, 1.2955665588378906, -1.1247929334640503, -2.0048322677612305, -0.07049800455570221, 0.197698175907135, -0.9183197617530823, 0.20538794994354248, -0.996719241142273, 1.0137659311294556, 0.9401792287826538, 0.4405916929244995, 0.629321813583374, -2.490746021270752, -0.40807247161865234, 2.979309320449829, 0.26944443583488464, 1.3815021514892578, 2.4283790588378906, 0.0034865587949752808, -0.07541383802890778, 0.06656079739332199, 0.522580623626709, 0.27491042017936707, -0.866054892539978, -1.224441409111023, -0.10348152369260788, 0.5069140195846558, -1.7361024618148804, -1.315068244934082, -0.7721449136734009, 1.1792792081832886, -0.8107312321662903, -0.7915707230567932, -0.13740429282188416, -0.5692853331565857, -0.04986472427845001, -1.3319823741912842, 0.14751894772052765, 1.1791410446166992, -0.08628582209348679, -1.3899632692337036, -0.8248330354690552, 0.2573709189891815, 1.435083031654358, 1.5535622835159302, -2.0696027278900146, 0.6294553875923157, 0.10326036810874939, -0.6202395558357239, 0.9324628710746765, 1.5700764656066895, -1.1510800123214722, -0.38577979803085327, 1.5416901111602783, 0.15160760283470154, 0.9107954502105713, 1.31704843044281, 0.7535153031349182, -1.4989967346191406, -0.34349754452705383, 0.9219051599502563, -1.2193025350570679, -1.1379457712173462, 0.3267158269882202, -0.01221880316734314, -1.5653023719787598, -2.2159149646759033, 0.22864948213100433]",yunet,Facenet,1920,1080,/home/amos/media/tv/modern_family/Modern.Family.S09.1080p.DSNP.WEB-DL.DDP5.1.H.264-CRFW/Modern.Family.S09E21.The.Escape.1080p.DSNP.WEB-DL.DDP5.1.H.264-CRFW.mkv,Modern Family,2009,1442437,9,21,Julie Bowen,31171.0,0.639
354,1176,300,1368,558,1332,402,1242,402,0.926,7344,0,"[-1.9249552488327026, -0.6437946557998657, 0.305817574262619, -0.5576814413070679, 1.1507731676101685, -1.6356273889541626, -2.1979072093963623, 0.04174482822418213, 0.6478162407875061, -0.9095458984375, 0.3060005009174347, 0.3204977214336395, 0.06190338730812073, -0.5682592988014221, -0.06173206865787506, 0.22166679799556732, -1.5898746252059937, 0.19719649851322174, -2.4607419967651367, -0.4131913185119629, 0.9542096853256226, -0.12025333195924759, 0.8297542333602905, 0.13873474299907684, -0.5279726982116699, 0.060017313808202744, -1.7611925601959229, 0.6392312049865723, 0.16238966584205627, -2.7694616317749023, -0.2397668957710266, -1.2811027765274048, 0.6670957207679749, -1.1500190496444702, 0.5219969749450684, 2.56062912940979, -2.0842041969299316, -0.057551078498363495, -0.4398815631866455, -0.838661789894104, -0.15992572903633118, 0.3147546648979187, 0.867866039276123, -1.0232172012329102, -1.5069366693496704, 0.39206236600875854, -0.7019506096839905, -0.38445693254470825, -2.4861323833465576, -0.9172000885009766, 0.7829623222351074, -1.6076703071594238, -0.12919560074806213, -0.3590105175971985, 2.9355287551879883e-05, 0.40655356645584106, 0.7590450644493103, -1.1786741018295288, -0.535172164440155, -0.12435780465602875, 0.9962024092674255, -0.707563042640686, -2.2152934074401855, 0.9359118342399597, 0.38110116124153137, -0.7965524792671204, 0.36155664920806885, -1.4103378057479858, 1.1546001434326172, 0.911351203918457, -0.14935708045959473, 0.8290902376174927, -2.344862699508667, -0.10865239053964615, 1.733399510383606, 0.20613089203834534, 0.8398830890655518, 1.290963888168335, -0.3351915776729584, -0.5049886703491211, 0.4830409586429596, -0.09270855784416199, 0.38025152683258057, 0.3147580325603485, -0.17128434777259827, -0.6885485649108887, 1.3998267650604248, -0.3107216954231262, -1.2324185371398926, 0.03565957769751549, 0.9462158679962158, -1.8361488580703735, 0.07522623240947723, 0.042681075632572174, -0.26152878999710083, -0.2618550658226013, -0.436452716588974, 0.6282356381416321, 1.2367987632751465, -0.6376151442527771, -1.4238096475601196, -1.518224835395813, -0.023730367422103882, 1.421379804611206, 1.973867654800415, -1.3602919578552246, 0.8869847655296326, -0.10752643644809723, 0.21534398198127747, 0.9817609190940857, 2.065596580505371, -0.3122468590736389, -0.49680837988853455, 2.185401439666748, 0.1887960284948349, 0.8746256828308105, 1.3623433113098145, 0.9292371869087219, -1.2577178478240967, -0.3958052694797516, 0.8266999125480652, -0.638818621635437, -0.8637768626213074, 0.579317033290863, 0.24800017476081848, -1.9427396059036255, -1.8387507200241089, 0.5525379180908203]",yunet,Facenet,1920,1080,/home/amos/media/tv/modern_family/Modern.Family.S09.1080p.DSNP.WEB-DL.DDP5.1.H.264-CRFW/Modern.Family.S09E21.The.Escape.1080p.DSNP.WEB-DL.DDP5.1.H.264-CRFW.mkv,Modern Family,2009,1442437,9,21,Julie Bowen,31171.0,0.663
355,456,120,672,426,648,240,588,240,0.918,7344,1,"[0.9776574373245239, 1.0768479108810425, 0.7568413615226746, -0.526027500629425, -0.757861316204071, -0.5205987095832825, -0.7524696588516235, -0.3688269853591919, -0.007347732782363892, -1.3959615230560303, 0.7620561718940735, 1.6918648481369019, 0.7087330222129822, -0.6460350751876831, -1.6528854370117188, 0.02359849587082863, -0.7655998468399048, -0.6471579670906067, -0.9387966394424438, 2.7275173664093018, -0.607119083404541, 1.2773945331573486, 0.16872745752334595, -0.09834233671426773, -0.8326115012168884, 1.0151480436325073, -2.042335033416748, 1.5772637128829956, 0.924323558807373, -1.6125797033309937, -0.17140460014343262, -0.5303435921669006, -0.8759381771087646, 0.04770832508802414, -0.6761475801467896, 0.7725468277931213, 0.6778259873390198, -0.9668219685554504, 0.9180305004119873, 0.6608232259750366, -0.2617262303829193, 0.8744730353355408, -1.424216866493225, -0.49447518587112427, -0.3113299608230591, -0.4083195924758911, -0.25042131543159485, 0.39768949151039124, -0.9647654294967651, -0.7260923385620117, 0.552888035774231, -1.2613439559936523, -0.5133594870567322, -0.42624348402023315, -0.20017430186271667, -0.5027877688407898, 1.253833293914795, 1.4192132949829102, 0.7713645696640015, -0.3867426812648773, 0.9883247017860413, -0.8829129934310913, -0.5338093042373657, -0.42541804909706116, -0.7998037934303284, 1.8423435688018799, 1.5537443161010742, 0.3763316869735718, 0.45413756370544434, -0.057121045887470245, -1.0666255950927734, 0.8828443288803101, -0.629543125629425, 1.123521089553833, 0.08295682817697525, 1.102297306060791, -0.01909399777650833, 1.2799115180969238, 1.1083025932312012, -0.20798976719379425, -0.7799399495124817, -1.3727375268936157, -0.4535274803638458, -0.4618910253047943, -0.8807480931282043, -0.9120439291000366, -0.21735411882400513, -0.09730953723192215, 0.518547773361206, -0.2396034300327301, 0.810911238193512, -1.985828161239624, -0.7140226364135742, -1.3484834432601929, 0.4906073212623596, -0.9424353241920471, 0.40991848707199097, -0.8344252705574036, 0.46171045303344727, -1.8135837316513062, 0.20746435225009918, 0.4133835434913635, -1.5391954183578491, 0.1229061558842659, -0.5428112149238586, 1.6729366779327393, 1.418423056602478, -1.808739185333252, -0.04301285743713379, 0.7837067246437073, 1.2582578659057617, 1.4718270301818848, 0.9202439785003662, -0.7462712526321411, 1.3566827774047852, 2.598660469055176, -1.48595130443573, -1.4037692546844482, 0.03745144605636597, 0.12192411720752716, -1.1533796787261963, 0.8191866874694824, -0.01497303694486618, -1.512372374534607, 1.6446912288665771, -1.477089762687683, 0.5857167840003967, -0.9247930645942688]",yunet,Facenet,1920,1080,/home/amos/media/tv/modern_family/Modern.Family.S09.1080p.DSNP.WEB-DL.DDP5.1.H.264-CRFW/Modern.Family.S09E21.The.Escape.1080p.DSNP.WEB-DL.DDP5.1.H.264-CRFW.mkv,Modern Family,2009,1442437,9,21,Ty Burrell,15232.0,0.661
356,804,198,1074,534,942,300,852,300,0.931,7368,0,"[1.3246632814407349, -1.1759828329086304, -2.0973165035247803, -0.5613349676132202, -0.29663148522377014, 1.3962655067443848, -2.1095244884490967, 2.7302207946777344, 0.5766656398773193, -0.5413286685943604, -0.8301121592521667, 0.06913543492555618, -1.3191006183624268, 0.8787704706192017, -0.26417702436447144, 0.8279832601547241, 0.23010696470737457, 1.1157103776931763, -0.2833562195301056, -0.8728872537612915, -1.4570690393447876, 0.27649155259132385, 1.656646966934204, 1.2240689992904663, 1.6951525211334229, -0.0029929503798484802, 0.17619429528713226, -0.4497023820877075, -0.2110210508108139, -0.8037029504776001, -0.6038722991943359, 0.6508487462997437, 0.2991754412651062, 1.1198532581329346, -0.4055986702442169, 0.7272675037384033, -0.44247543811798096, 1.6176109313964844, -2.450202226638794, 0.382600873708725, 1.301068663597107, -0.9553195238113403, -0.019521653652191162, -0.09255941212177277, 1.360808253288269, -2.0507924556732178, -0.1862681359052658, -0.20089662075042725, 0.2399848848581314, -0.998621940612793, 0.09435427188873291, -1.878679633140564, 0.9547085165977478, -0.6883834600448608, 1.0102458000183105, 0.49751701951026917, 0.3080165684223175, -1.1944555044174194, 0.055498115718364716, -3.1273248195648193, -1.4435311555862427, 1.951392650604248, 0.34526902437210083, 1.0348204374313354, -1.3578011989593506, -0.5913071036338806, -0.819429337978363, 0.5125177502632141, -0.5359187722206116, -1.9821860790252686, -0.19421133399009705, -0.19281773269176483, -0.5118517279624939, 0.09798090159893036, 0.32300373911857605, -1.476874828338623, -2.549360990524292, 0.69249427318573, 0.20992088317871094, -1.8393248319625854, 0.8598490953445435, -1.4206358194351196, -2.4218125343322754, -0.12726813554763794, 1.6531449556350708, -0.11378950625658035, 0.2052099108695984, 1.8331811428070068, 0.9123244285583496, 0.4640922248363495, 0.9255561232566833, -1.478388786315918, 0.20752736926078796, -0.3643835783004761, -0.15888747572898865, -0.07652921229600906, 2.2204058170318604, -1.14308500289917, 0.8097776770591736, 1.6895487308502197, -1.0159991979599, 0.7147862315177917, 0.0022126957774162292, -1.1096059083938599, 0.2867299020290375, -0.5702294707298279, -0.30323800444602966, -0.5894570350646973, -0.6991464495658875, 1.2286897897720337, -0.510464608669281, 1.9686380624771118, 0.33739376068115234, -1.0320258140563965, -1.2527055740356445, -0.7073408365249634, -0.9116477966308594, -0.6248320937156677, 0.4972021281719208, -2.176693916320801, -0.610100269317627, 0.48842653632164, 0.45488691329956055, 0.5991620421409607, 1.3638315200805664, -0.775009274482727, -0.3130160868167877, 0.06009546294808388]",yunet,Facenet,1920,1080,/home/amos/media/tv/modern_family/Modern.Family.S09.1080p.DSNP.WEB-DL.DDP5.1.H.264-CRFW/Modern.Family.S09E21.The.Escape.1080p.DSNP.WEB-DL.DDP5.1.H.264-CRFW.mkv,Modern Family,2009,1442437,9,21,Mary Louise Wilson,115767.0,0.661
357,780,216,1080,582,924,336,816,336,0.927,7392,0,"[1.900413990020752, -0.2003517746925354, -2.190586566925049, -0.9421277642250061, 0.1989320069551468, 1.6491215229034424, -1.868437647819519, 2.688133955001831, 1.0376474857330322, -0.39293625950813293, -1.200056791305542, -0.2730311155319214, -1.3354437351226807, 0.8610693216323853, -0.20097407698631287, 0.5784327983856201, -0.2082788050174713, 0.45752090215682983, 0.44165676832199097, -0.9533462524414062, -0.5616933107376099, 0.14406274259090424, 2.0617001056671143, 1.280202865600586, 1.4368507862091064, 0.7049079537391663, 0.5781892538070679, -0.3283745050430298, -0.406589150428772, -0.7570761442184448, -1.1461910009384155, 1.1352778673171997, -0.5630190968513489, 0.33010587096214294, 0.4529649615287781, -0.30813002586364746, -0.09260396659374237, 1.2403792142868042, -1.86728835105896, 0.9725056886672974, 0.7063085436820984, -0.8542482256889343, 0.3592371344566345, -0.6110602617263794, 1.4852551221847534, -1.9153364896774292, -0.07463335990905762, -0.17642882466316223, 0.26112526655197144, -0.4190494418144226, -0.5791398882865906, -0.5966320037841797, 0.9748483896255493, -0.4397938847541809, 0.8296051025390625, 0.612326443195343, 1.5558184385299683, -1.292679786682129, 0.27507928013801575, -2.07415509223938, -0.6193358302116394, 2.001349449157715, 1.097700595855713, 0.8778476715087891, -2.148507833480835, -0.5394675731658936, -0.1063123568892479, 1.0231192111968994, -0.8264085650444031, -1.7681818008422852, -0.8353725075721741, 0.5090755224227905, -0.4052581489086151, 0.20498846471309662, -0.05886862054467201, -1.3940272331237793, -2.469041109085083, 0.26309236884117126, -0.5373795032501221, -3.017875909805298, 0.5678197145462036, -0.503767728805542, -1.6259921789169312, -0.5251768827438354, 1.1427758932113647, -0.7994403839111328, 0.2002382129430771, 1.0554592609405518, 1.511495590209961, -0.18783892691135406, -0.15957921743392944, -2.0234341621398926, 0.3320203721523285, -0.6511899828910828, 0.3927169740200043, -0.018305543810129166, 1.4279197454452515, -1.0575754642486572, 0.6610201597213745, 1.357778549194336, -0.15312746167182922, 0.16589239239692688, -0.24134013056755066, -1.193845510482788, 0.8356391787528992, -1.0943728685379028, -0.6894943118095398, 0.7348054647445679, 0.1968192309141159, 1.3878663778305054, -0.040357254445552826, 0.7035656571388245, 0.5855387449264526, -0.23145121335983276, -1.858999490737915, -0.5410109162330627, -0.9612832069396973, -0.39187443256378174, 0.48628124594688416, -1.8128299713134766, -0.0037313923239707947, 0.9948383569717407, -0.004697386175394058, 0.22335058450698853, 1.5509417057037354, -0.7646326422691345, -0.10987091064453125, -1.0877126455307007]",yunet,Facenet,1920,1080,/home/amos/media/tv/modern_family/Modern.Family.S09.1080p.DSNP.WEB-DL.DDP5.1.H.264-CRFW/Modern.Family.S09E21.The.Escape.1080p.DSNP.WEB-DL.DDP5.1.H.264-CRFW.mkv,Modern Family,2009,1442437,9,21,Mary Louise Wilson,115767.0,0.684
358,786,192,1074,546,942,318,816,312,0.926,7416,0,"[1.646356225013733, -0.5421228408813477, -2.316988229751587, -0.3670635521411896, 0.05626126006245613, 1.97355055809021, -1.9201440811157227, 2.6398303508758545, 1.025190830230713, -0.687545657157898, -0.8282357454299927, -0.22471866011619568, -0.6010428667068481, 1.2156729698181152, -0.32932063937187195, 0.5747117400169373, -0.06840862333774567, 0.47474461793899536, 0.12899303436279297, -0.15791469812393188, -1.2368286848068237, 0.858340859413147, 1.7780084609985352, 0.9360751509666443, 1.5624247789382935, -0.007675088942050934, 0.14966626465320587, -0.36186131834983826, -0.4067921042442322, -1.0589284896850586, -0.7299841642379761, 0.785790741443634, -0.8010272979736328, 0.8783718943595886, -0.0771431103348732, -0.04667831212282181, -0.13417880237102509, 1.5563840866088867, -2.009389877319336, 0.3805887699127197, 1.1303116083145142, -0.6804032325744629, 0.2825027108192444, -0.3010309636592865, 1.2788912057876587, -2.0325863361358643, -0.13607662916183472, -0.5558698177337646, 0.6523246169090271, -0.19476549327373505, -0.5389471054077148, -0.7137928009033203, 0.5474922060966492, -0.8987172245979309, 0.4155391752719879, 0.2436382919549942, 1.0675355195999146, -1.0841810703277588, -0.08384176343679428, -2.8271124362945557, -0.5959254503250122, 2.5436489582061768, 0.8375695943832397, 1.44533109664917, -2.120791435241699, -0.42124778032302856, -0.2187025249004364, 0.313344806432724, -0.5664836764335632, -2.122588872909546, -0.5062452554702759, -0.18290060758590698, -0.532255232334137, 0.26363497972488403, 0.23545409739017487, -1.1320717334747314, -2.617955207824707, 0.27936312556266785, -0.34250056743621826, -2.1208670139312744, 1.0425106287002563, -0.5366874933242798, -1.5659841299057007, 0.27330029010772705, 1.510890245437622, -0.6698050498962402, 0.5042589902877808, 1.733076810836792, 0.5977474451065063, -0.2718452513217926, 0.2665437161922455, -2.211789846420288, 0.18208864331245422, -0.28111881017684937, 0.32726946473121643, 0.16547754406929016, 1.6057251691818237, -0.9563335180282593, 0.8277976512908936, 1.349912166595459, -0.8934149146080017, 0.5997645854949951, -0.45833802223205566, -1.0311195850372314, 0.6140804290771484, -0.5673691034317017, 0.00672299787402153, 0.5876010656356812, -0.24032919108867645, 0.6831141114234924, 0.13564693927764893, 1.1408600807189941, 0.6419402360916138, -0.3999750018119812, -1.6981096267700195, -0.2753887176513672, -0.7900270223617554, -0.611484944820404, -0.21288636326789856, -1.9088338613510132, -0.09949842095375061, 0.9453942775726318, 0.22394226491451263, 0.2503577768802643, 1.3994022607803345, -1.2673470973968506, -0.6588643789291382, -0.8413743376731873]",yunet,Facenet,1920,1080,/home/amos/media/tv/modern_family/Modern.Family.S09.1080p.DSNP.WEB-DL.DDP5.1.H.264-CRFW/Modern.Family.S09E21.The.Escape.1080p.DSNP.WEB-DL.DDP5.1.H.264-CRFW.mkv,Modern Family,2009,1442437,9,21,Mary Louise Wilson,115767.0,0.673
359,846,192,1146,582,1014,324,882,324,0.929,7440,0,"[0.10957306623458862, -0.3274683356285095, -1.2612645626068115, -1.4488004446029663, -0.47717365622520447, 1.826937198638916, -1.7557108402252197, 2.6434903144836426, 1.0957236289978027, -0.5262501239776611, 0.27950066328048706, -0.20588690042495728, -2.385192632675171, 1.255320429801941, -0.6197322607040405, 1.181158185005188, -0.21856355667114258, 0.8292630314826965, -0.21185839176177979, -1.8006269931793213, -0.9292829036712646, 0.5501678586006165, 0.4686158299446106, 0.5457524657249451, 0.9843894839286804, 0.31509891152381897, 0.20927877724170685, -0.6906164884567261, -0.9388887882232666, -0.808780312538147, -0.9642550945281982, 1.0108529329299927, -0.7196117639541626, 0.9125515818595886, 0.9261211156845093, 0.44983357191085815, -0.09162114560604095, 0.5541467070579529, -1.8862025737762451, -0.10281391441822052, 0.9194445610046387, -1.9421802759170532, -0.7954355478286743, -0.2618604302406311, 0.8721314668655396, -2.5370419025421143, 0.5641624927520752, -1.1213383674621582, 0.20262594521045685, -0.5638045072555542, -0.5976737141609192, -1.536497950553894, 0.7662525773048401, -0.6280649304389954, 0.24861039221286774, 0.2355266511440277, 1.55496084690094, -1.6397721767425537, -0.017659634351730347, -2.9567651748657227, -1.0487738847732544, 1.837571620941162, 1.1761009693145752, 1.1118555068969727, -0.7596447467803955, -0.31338244676589966, -0.014997325837612152, 0.9590587615966797, -0.46978336572647095, -1.1096391677856445, -0.3247455954551697, -0.023725926876068115, -0.6176178455352783, -0.06367488205432892, 0.5187180042266846, -1.0942714214324951, -1.7011123895645142, 0.5616393089294434, -0.37488049268722534, -1.3607757091522217, 0.3635368049144745, -1.6705551147460938, -2.441256523132324, -0.3517305850982666, 1.5558266639709473, -0.41170933842658997, -0.11239348351955414, 1.7700293064117432, 0.7211778163909912, 0.8535761833190918, 0.6104030609130859, -2.802020311355591, 0.12614618241786957, -1.0153568983078003, 0.05347217991948128, 0.21810075640678406, 1.8832374811172485, 0.12691091001033783, 1.7092998027801514, 1.5616447925567627, -1.1260148286819458, 0.4343295991420746, 0.07883785665035248, -0.5543278455734253, 1.508442997932434, 0.14860405027866364, -0.8126628398895264, 0.9655245542526245, -0.35690954327583313, 1.3304357528686523, 0.5768904685974121, 0.8182129263877869, 0.6582907438278198, -0.17066100239753723, -1.523406982421875, -0.7602313756942749, 0.15630094707012177, -0.6740878820419312, 0.07463151216506958, -1.5105916261672974, -0.5998757481575012, 0.6965770721435547, -0.0881226658821106, 0.8716626167297363, 1.4916661977767944, -0.9466726183891296, -1.1144161224365234, -0.1168287843465805]",yunet,Facenet,1920,1080,/home/amos/media/tv/modern_family/Modern.Family.S09.1080p.DSNP.WEB-DL.DDP5.1.H.264-CRFW/Modern.Family.S09E21.The.Escape.1080p.DSNP.WEB-DL.DDP5.1.H.264-CRFW.mkv,Modern Family,2009,1442437,9,21,Mary Louise Wilson,115767.0,0.654
360,828,264,1146,648,1008,402,870,402,0.932,7464,0,"[-0.15087288618087769, -0.13290715217590332, -1.3293390274047852, -1.181835412979126, 0.5436345934867859, 1.040090799331665, -1.9329193830490112, 1.5679899454116821, 0.27319449186325073, 0.0202934630215168, 0.587092399597168, 0.5751681923866272, -1.3857287168502808, -0.120567187666893, 0.5872002243995667, 0.7464770674705505, 0.10456394404172897, 1.2529131174087524, -0.3581756055355072, -1.6359747648239136, -0.9358452558517456, -0.0736500471830368, 0.5069019794464111, 2.007291316986084, 1.4367774724960327, 0.738944411277771, -0.01335114799439907, 0.7948132157325745, -0.12941184639930725, -1.2485703229904175, -0.22788077592849731, 0.9573259353637695, -0.7439044117927551, 0.45963728427886963, 1.2393823862075806, 0.3689737021923065, -0.02654758282005787, 0.19771404564380646, -2.238795042037964, 0.5498073101043701, 0.9781728982925415, -1.4205946922302246, -0.4837944805622101, -0.07004772126674652, 1.1279339790344238, -3.172029495239258, 0.6761602163314819, -0.6044657230377197, 1.7041205167770386, -0.8869043588638306, -0.2712646722793579, -1.1214793920516968, 1.2609002590179443, -0.29278337955474854, 0.8710339069366455, 0.7712978720664978, 1.4172779321670532, -2.248408555984497, 0.666660726070404, -1.661454200744629, -0.8168003559112549, 1.1917259693145752, 1.5463640689849854, 0.11533622443675995, -0.9424496293067932, 0.3761488199234009, 0.4816916286945343, 1.6883660554885864, -0.09347537159919739, -0.7151228189468384, -1.3620800971984863, 0.28000375628471375, -0.25159475207328796, 0.014746792614459991, -0.39507144689559937, -1.6461548805236816, -1.8226476907730103, 0.30341193079948425, -0.8744948506355286, -1.4634757041931152, -0.05453116446733475, -1.1060234308242798, -2.6113228797912598, -0.2929462492465973, 0.8452444076538086, 0.6047589778900146, -0.7170434594154358, 1.7246804237365723, 1.8148730993270874, 1.3811335563659668, 1.043603539466858, -1.9126689434051514, 0.05927642062306404, -1.2004430294036865, 0.6804839372634888, 0.25298842787742615, 1.8067728281021118, -0.8352604508399963, 2.03680157661438, 1.761358618736267, -0.5278864502906799, 0.3440699577331543, 0.10595142841339111, -1.1336603164672852, 1.4491338729858398, 0.2166220247745514, -1.012862205505371, 0.8018596172332764, 0.6004520654678345, 0.9879823327064514, -0.8102874159812927, 1.406818151473999, 0.46485185623168945, -0.6953360438346863, -0.4627089500427246, -0.8296260833740234, -0.34715548157691956, -0.9782427549362183, 1.3157966136932373, -1.1429400444030762, -0.6158450245857239, 0.08658846467733383, 0.6070740222930908, -0.15411359071731567, 2.0103962421417236, -0.5194453597068787, 0.7295815348625183, -0.7672260403633118]",yunet,Facenet,1920,1080,/home/amos/media/tv/modern_family/Modern.Family.S09.1080p.DSNP.WEB-DL.DDP5.1.H.264-CRFW/Modern.Family.S09E21.The.Escape.1080p.DSNP.WEB-DL.DDP5.1.H.264-CRFW.mkv,Modern Family,2009,1442437,9,21,Mary Louise Wilson,115767.0,0.709
361,996,414,1248,726,1122,516,1032,522,0.919,7488,0,"[0.7083625793457031, 0.6905524730682373, -1.7949135303497314, -1.220207929611206, 0.14864207804203033, 1.3772656917572021, -2.2321183681488037, 2.153266191482544, 0.8042369484901428, -1.1196942329406738, -0.12612751126289368, 0.5220596194267273, -1.4916578531265259, 1.2465894222259521, 0.6179001331329346, 0.9006596803665161, 0.05917487293481827, 1.5786460638046265, 0.39003321528434753, -0.8629120588302612, -1.7021229267120361, 0.9682374596595764, 1.0904181003570557, 1.1889970302581787, 1.6223176717758179, 0.652759313583374, -0.713422417640686, -0.07421058416366577, -0.43503785133361816, -0.9118970036506653, -0.7938010692596436, 0.7554206848144531, -0.9162514805793762, 1.0595812797546387, 0.30373600125312805, 0.5898875594139099, 0.7064946889877319, 0.5388445258140564, -2.0549752712249756, 0.29486674070358276, 1.1706874370574951, -1.3089337348937988, -0.3407086431980133, -0.29633545875549316, 0.7666120529174805, -1.7834315299987793, -0.01648852974176407, -1.4488288164138794, 0.8018441200256348, -0.19910122454166412, -0.11844362318515778, -1.089306116104126, 0.8498901128768921, -0.2938295602798462, 0.4947364628314972, -0.17038968205451965, 0.8238111138343811, -1.6623759269714355, 0.16535939276218414, -2.3785059452056885, -0.4877324104309082, 1.4835151433944702, 1.8595006465911865, 0.8456058502197266, -0.8670610189437866, -0.435510516166687, 0.2821613550186157, 0.896193265914917, 0.1985326111316681, -1.2628310918807983, -0.33374494314193726, 0.4429929554462433, -0.6508567333221436, 0.2559095025062561, -0.3892746567726135, -1.3845322132110596, -1.9890233278274536, -0.00735270231962204, -0.15968239307403564, -1.681989073753357, 0.731675386428833, -0.6445361375808716, -2.389594554901123, 0.40626248717308044, 0.7317119240760803, -0.13795070350170135, -0.3552248179912567, 1.7575256824493408, 0.3909725546836853, 0.5967366695404053, 1.131363034248352, -2.5856106281280518, 0.18863576650619507, -1.233174204826355, -0.4106892943382263, -0.14828641712665558, 2.303218364715576, -0.02446872927248478, 1.3476009368896484, 1.5725343227386475, -1.1910905838012695, 0.44709300994873047, 0.03896012902259827, -0.5286657214164734, 0.47125136852264404, 0.0898272842168808, -1.3477957248687744, 0.38414278626441956, -0.6189315319061279, 1.0961095094680786, -0.7445576190948486, 1.53005051612854, 1.1588224172592163, -0.7250850796699524, -0.2135065495967865, -1.3147368431091309, -0.501643180847168, -1.259609341621399, 1.3965703248977661, -1.0998896360397339, -1.0511528253555298, 0.6214814186096191, 0.7223024964332581, 0.06021912395954132, 1.512671709060669, -0.9285251498222351, -0.10079304873943329, 0.04341563954949379]",yunet,Facenet,1920,1080,/home/amos/media/tv/modern_family/Modern.Family.S09.1080p.DSNP.WEB-DL.DDP5.1.H.264-CRFW/Modern.Family.S09E21.The.Escape.1080p.DSNP.WEB-DL.DDP5.1.H.264-CRFW.mkv,Modern Family,2009,1442437,9,21,Mary Louise Wilson,115767.0,0.729
362,1290,168,1398,300,1374,228,1320,222,0.915,7536,0,"[-0.9337025880813599, -0.7452067136764526, -0.9791917204856873, -0.4069697856903076, 0.10501397401094437, 1.4253109693527222, -0.879740834236145, -0.08892858028411865, 0.060087449848651886, 0.9179849028587341, -2.151067018508911, 1.0174566507339478, 0.7227884531021118, -0.1185586005449295, 1.3235130310058594, 0.40642106533050537, -2.5237371921539307, 0.86601322889328, 0.9263119697570801, -0.37219977378845215, 0.22517523169517517, 0.16093584895133972, 1.5053234100341797, -0.10807222872972488, -0.2649339437484741, 0.5666444897651672, -1.0467098951339722, -1.5145692825317383, 1.266249418258667, 0.6991147398948669, 0.66590416431427, -2.668280601501465, -0.21431563794612885, -0.4994199573993683, 1.812002182006836, -0.6264843940734863, -0.7655317783355713, -0.19668519496917725, 0.406596839427948, -0.40347346663475037, -0.2259005606174469, 0.1137903705239296, -0.8195900917053223, 0.040969058871269226, 0.457620769739151, -0.09559209644794464, -0.6594367027282715, 1.4951565265655518, -0.21596190333366394, 0.514694333076477, -1.6535756587982178, 1.1274470090866089, 0.07770717144012451, 1.2633436918258667, 0.44716939330101013, -0.6696751117706299, -0.4963732063770294, -0.24162885546684265, 0.291300892829895, -0.2121911346912384, 0.890839159488678, -0.4061378240585327, -0.2622769773006439, -1.0722506046295166, -1.275166630744934, 0.5753676295280457, -1.0371391773223877, 0.3676498830318451, -0.3990575075149536, -0.8341920375823975, 0.05536959692835808, 0.9605015516281128, -0.37955841422080994, 0.10045677423477173, -0.08136758208274841, -0.4919680058956146, -0.7434554100036621, 0.1961875557899475, 0.2738887667655945, -0.24611997604370117, -1.8086110353469849, -0.9357855319976807, -0.662082314491272, 0.9427061080932617, 1.394148826599121, -2.1704423427581787, -0.6940102577209473, 0.6003016829490662, 0.47124937176704407, -0.5874199867248535, -0.4830857813358307, -0.069484643638134, -0.08637462556362152, 0.9019275903701782, -0.6931151747703552, 1.1129330396652222, -0.2503771185874939, 1.1185282468795776, 0.46894609928131104, -1.4535963535308838, 1.510807991027832, -0.08778399229049683, 0.24403460323810577, 1.315099835395813, 0.2921888530254364, 0.5132706165313721, -0.17060358822345734, 0.16967444121837616, 0.23725613951683044, -0.38226208090782166, 1.722842812538147, -0.3120887279510498, -0.016007952392101288, -1.2917704582214355, 0.5879173278808594, 0.9573403596878052, 0.8092219829559326, 0.053107522428035736, -0.595559298992157, -0.016909221187233925, 1.3317621946334839, 0.42874854803085327, -0.5212993025779724, -0.29071974754333496, -0.8419517874717712, -0.5548738241195679, -0.5383317470550537, -0.6484295129776001]",yunet,Facenet,1920,1080,/home/amos/media/tv/modern_family/Modern.Family.S09.1080p.DSNP.WEB-DL.DDP5.1.H.264-CRFW/Modern.Family.S09E21.The.Escape.1080p.DSNP.WEB-DL.DDP5.1.H.264-CRFW.mkv,Modern Family,2009,1442437,9,21,,,
363,1122,240,1302,522,1194,342,1158,342,0.901,7584,0,"[-0.11352913081645966, 0.6465033292770386, -1.0970056056976318, -0.20336191356182098, -0.7205075621604919, -2.350093126296997, -2.113417148590088, 0.2980506420135498, 0.9409968852996826, -1.4625310897827148, 0.9138208627700806, 0.10422120243310928, 0.5222590565681458, -1.0248098373413086, -0.6787047386169434, -0.1831897348165512, -0.5019646883010864, 0.9715179204940796, -0.5749989151954651, 1.126244306564331, 0.6998203992843628, 0.21292619407176971, 0.9438281059265137, 1.3060134649276733, 1.1201757192611694, 0.4631258547306061, -0.6735398769378662, -1.0800060033798218, 0.5255980491638184, -2.8704209327697754, 0.19590124487876892, 0.1552329659461975, 0.08314552158117294, 1.0316065549850464, -1.6931158304214478, 0.3131565749645233, -0.035446904599666595, 1.4225753545761108, 1.0346994400024414, -0.3171566128730774, -1.5160421133041382, 1.6562176942825317, 1.9659069776535034, -0.7343883514404297, -1.9595640897750854, 1.322245478630066, 0.004537895321846008, -0.5154727697372437, -1.475183129310608, 0.6497492790222168, -0.23075450956821442, -0.5559681057929993, -0.45775172114372253, 1.760191798210144, -0.04806356504559517, -0.017001133412122726, 0.10325299203395844, -0.23370231688022614, -1.9012207984924316, 1.2290524244308472, 1.533405065536499, -0.5751962661743164, -2.6586687564849854, 0.4533502459526062, 1.370385766029358, -0.231515035033226, -0.19288435578346252, -1.738486886024475, -1.230069875717163, 0.5163968801498413, 0.7818920612335205, 0.8210053443908691, -1.4419794082641602, 0.9738815426826477, 1.8190854787826538, -0.5599126219749451, 0.5490150451660156, 0.7014493942260742, -0.2771189510822296, -0.8435994982719421, 0.5104426145553589, -0.37013158202171326, 1.1966763734817505, 0.9902889728546143, 0.4090859889984131, 1.8256473541259766, 0.5139720439910889, -1.709104061126709, -1.6104124784469604, -1.2634397745132446, 0.7614265084266663, -1.261324167251587, -0.1872609406709671, -1.2193217277526855, 0.5894118547439575, 0.48733919858932495, -2.0131378173828125, 0.9697109460830688, -0.6071324348449707, -3.6931216716766357, -0.6802322864532471, -1.2322735786437988, 1.2175625562667847, 0.26462507247924805, 0.9337826371192932, -0.8016640543937683, -0.11534427106380463, 0.5631186962127686, -0.8554689884185791, -0.845654308795929, 1.3298008441925049, -1.3054583072662354, -0.218623548746109, 1.169180154800415, -0.6799092292785645, 0.5892342329025269, -1.3171353340148926, -0.049662232398986816, -0.5879976153373718, 1.115106225013733, -0.08174335956573486, -1.678553581237793, -0.8430536985397339, 0.6547917723655701, -0.5588014721870422, -1.6182695627212524, -1.1793419122695923, 0.5439974069595337]",yunet,Facenet,1920,1080,/home/amos/media/tv/modern_family/Modern.Family.S09.1080p.DSNP.WEB-DL.DDP5.1.H.264-CRFW/Modern.Family.S09E21.The.Escape.1080p.DSNP.WEB-DL.DDP5.1.H.264-CRFW.mkv,Modern Family,2009,1442437,9,21,Julie Bowen,31171.0,0.515
364,1158,258,1344,516,1248,360,1188,354,0.912,7608,0,"[-0.8776041269302368, 0.5557825565338135, 0.5554304718971252, 0.09996994584798813, 0.7965551614761353, -1.5323281288146973, -0.6967121362686157, -0.817573606967926, -0.21018409729003906, -1.1471689939498901, 0.6487999558448792, 0.7922594547271729, -0.14522473514080048, -0.7768628597259521, -0.8555349111557007, -1.8072447776794434, 0.8343023061752319, -0.47422295808792114, -0.20137733221054077, -0.17310070991516113, 0.7357248067855835, -1.7752217054367065, 0.9013068675994873, -0.9931520223617554, -1.1105934381484985, -0.48628729581832886, -1.525051474571228, 0.1962679922580719, -0.7104890942573547, -0.8959086537361145, -0.12432302534580231, -0.7073416113853455, -1.2771146297454834, -0.6412292718887329, -1.2766449451446533, 0.5368423461914062, -1.2722586393356323, -0.21249458193778992, -0.3750925064086914, -1.5826960802078247, -1.3014620542526245, 1.4739444255828857, 1.069917917251587, 1.5864999294281006, -1.5641378164291382, 0.6801281571388245, 1.0121411085128784, -1.240405797958374, -1.7384591102600098, 0.5401885509490967, 1.1136753559112549, -1.5870656967163086, -0.1416262984275818, -0.8344767689704895, -0.3229280710220337, -0.5385034680366516, 0.6598726511001587, -0.5931063294410706, -0.8978937864303589, 2.118943929672241, 0.35058391094207764, -1.5991753339767456, 0.10835214704275131, -0.8175719380378723, 0.30152419209480286, -1.2532411813735962, -1.136613130569458, -0.5754094123840332, 0.401238352060318, 1.8994394540786743, -0.5878881216049194, 1.8443588018417358, -3.287959575653076, -0.4275352358818054, 1.1553999185562134, 2.3221473693847656, 0.8521661758422852, 0.6256937980651855, -0.21713092923164368, -0.8473068475723267, 0.22484925389289856, 1.4867470264434814, 0.589459240436554, -1.0253244638442993, -1.332120418548584, 0.3687894344329834, 0.8970517516136169, -1.9048058986663818, -2.1130874156951904, -0.458543598651886, 0.8615553379058838, -1.677255392074585, -0.7632151246070862, 0.007200401276350021, 0.3846881687641144, -0.7468187808990479, -1.5100643634796143, 0.706545352935791, 0.8672158122062683, -1.1810131072998047, 0.4036073088645935, -1.7273719310760498, 1.3880985975265503, 0.3922531306743622, 0.8386505842208862, -1.6974530220031738, -0.6912065744400024, 0.3962802588939667, -0.9644136428833008, -1.318291187286377, 0.7573016285896301, -0.8348186016082764, -0.833185076713562, 2.4747703075408936, -0.23443055152893066, 0.2231251299381256, 0.13274067640304565, 0.011416696012020111, -1.0186262130737305, 1.92379629611969, 0.6014840602874756, -0.8813894987106323, -1.249462366104126, 0.587384045124054, -0.8556161522865295, -2.092764377593994, -2.0316665172576904, -0.2769762873649597]",yunet,Facenet,1920,1080,/home/amos/media/tv/modern_family/Modern.Family.S09.1080p.DSNP.WEB-DL.DDP5.1.H.264-CRFW/Modern.Family.S09E21.The.Escape.1080p.DSNP.WEB-DL.DDP5.1.H.264-CRFW.mkv,Modern Family,2009,1442437,9,21,Julie Bowen,31171.0,0.535
365,678,120,876,444,840,252,834,264,0.902,7608,1,"[-0.4708222448825836, -0.31021368503570557, 0.0909229964017868, 0.013331986963748932, 0.4822959005832672, 1.0488994121551514, 0.6468824148178101, -0.2830895483493805, 0.1425958275794983, 0.3054632544517517, 1.3709533214569092, 0.1039968878030777, 1.0970840454101562, -0.6364622116088867, -0.04450082778930664, -0.05686241388320923, 0.6761462688446045, -0.2707862854003906, -0.23277658224105835, 1.069810152053833, 0.28257280588150024, 0.4189774692058563, -0.967380702495575, -0.3794196844100952, -0.021914809942245483, -0.4327053427696228, 0.567115306854248, 0.40557369589805603, -0.2288983315229416, 0.31873276829719543, 0.00725942850112915, 0.9085211753845215, -0.44497019052505493, -0.053820010274648666, 0.0387297123670578, -0.25344324111938477, -0.11910755932331085, -0.013009890913963318, -0.9649948477745056, -0.2709641456604004, 0.7993708252906799, 0.12665556371212006, -0.28147244453430176, 0.04444354772567749, -0.8718532919883728, -1.5339813232421875, 1.0003533363342285, -0.5555355548858643, 0.6228521466255188, 0.3668331503868103, -1.2188435792922974, -0.21731659770011902, -0.10102193802595139, 0.08166316151618958, -0.27510178089141846, -0.8076265454292297, -0.17776063084602356, 0.140559121966362, -0.4496503174304962, -0.6948504447937012, -0.35982629656791687, 0.26817405223846436, 0.63812255859375, 0.9626575112342834, 0.3735509216785431, 0.24345621466636658, 0.1087188869714737, 1.1020277738571167, 1.0643229484558105, 0.012185473926365376, -0.3469843864440918, -0.3200872540473938, -0.02565132826566696, 0.7813764214515686, -0.47491732239723206, 0.24370229244232178, 0.4304525554180145, -0.7335084676742554, 0.09122320264577866, 0.9108158349990845, -0.20032697916030884, -0.6457762718200684, -0.635504424571991, 0.3778318166732788, 0.8676950931549072, 0.6073238849639893, 1.1853995323181152, -0.28168103098869324, -1.0564637184143066, 0.6308842301368713, 0.08828523755073547, -0.12297353148460388, 0.08886535465717316, -0.3526584208011627, 0.6205387711524963, 0.38575372099876404, -0.11505849659442902, 0.4655669927597046, -0.13676302134990692, -0.23310336470603943, -0.32282930612564087, 0.7471004128456116, -0.23207393288612366, -0.2421666383743286, -0.020363889634609222, 0.7985925078392029, 0.06888499855995178, -1.0778270959854126, 0.23758473992347717, -0.9210540652275085, 0.32530391216278076, 0.019308242946863174, 0.33291205763816833, 0.45370131731033325, -0.279236763715744, 0.2506311535835266, -0.860089898109436, -0.21551433205604553, 0.6234896779060364, 1.3521181344985962, -0.37933647632598877, 0.7838159799575806, 0.005834043025970459, -0.021775435656309128, 0.14209714531898499, 0.4759015738964081, 0.5551895499229431, 1.1824315786361694]",yunet,Facenet,1920,1080,/home/amos/media/tv/modern_family/Modern.Family.S09.1080p.DSNP.WEB-DL.DDP5.1.H.264-CRFW/Modern.Family.S09E21.The.Escape.1080p.DSNP.WEB-DL.DDP5.1.H.264-CRFW.mkv,Modern Family,2009,1442437,9,21,,,
366,1170,306,1344,576,1254,414,1188,408,0.916,7632,0,"[-1.669374704360962, -0.00529102236032486, 0.6522791385650635, -0.40128204226493835, 0.9421191215515137, -0.9120604991912842, -1.11374831199646, -0.7338387966156006, -0.42480066418647766, -0.6656569838523865, 0.4785665273666382, 2.0450751781463623, 0.10031023621559143, -1.2552757263183594, -0.2752646505832672, -0.3770771622657776, -0.30464354157447815, 0.3080751895904541, -0.45661985874176025, -0.1211877390742302, 1.2222352027893066, -1.950645089149475, 1.5315605401992798, 0.260582834482193, -0.5470545291900635, -0.445926308631897, -1.3250067234039307, -0.0916474461555481, 0.02641194686293602, -1.2747821807861328, 0.1841619610786438, -0.7921003699302673, -0.5229721665382385, -0.6976214647293091, -1.6480251550674438, 0.8691239356994629, -1.486387014389038, -0.5868875980377197, -1.3210163116455078, -1.5350563526153564, -0.7049382328987122, 1.4231582880020142, 0.9639649391174316, 1.5474449396133423, -2.1353161334991455, 1.2816358804702759, 0.3608238101005554, -1.405031681060791, -2.2117855548858643, 0.35390743613243103, 0.7884500622749329, -2.081254243850708, 0.5030381679534912, 0.29919856786727905, 0.2882601320743561, -0.36595550179481506, -0.3743193447589874, -1.2927049398422241, -0.9266542196273804, 1.6337708234786987, 0.6460879445075989, -1.0895251035690308, -0.11618722975254059, -0.49128374457359314, 0.5183548331260681, -1.3228695392608643, -0.835528552532196, -0.36143195629119873, 0.995979905128479, 1.7574914693832397, -0.6601101756095886, 2.725886106491089, -3.121528148651123, 0.8346304297447205, 1.4742121696472168, 1.566862940788269, 0.4259096682071686, 1.2367300987243652, 0.021996356546878815, -0.2924237847328186, -0.5054938197135925, 0.8412896394729614, -0.6536151766777039, -0.7934499979019165, -0.3077879846096039, 0.3691917061805725, 0.9244574904441833, -1.4537749290466309, -1.8886853456497192, 0.11127308011054993, 1.4241933822631836, -1.7160978317260742, -0.07246332615613937, 0.3499162793159485, 0.2440756857395172, -0.09335391968488693, -0.767378032207489, 0.8840746283531189, 1.5135366916656494, -1.7542755603790283, -0.20544765889644623, -1.7544748783111572, 1.6311644315719604, 0.5101308822631836, 0.8648906350135803, -2.1832919120788574, -1.4002643823623657, 0.5332517623901367, -0.7531617283821106, -0.9090639352798462, 0.7879573106765747, -0.17203882336616516, -0.20724794268608093, 1.4373090267181396, -0.08414773643016815, 1.0983874797821045, 0.36728692054748535, 0.33807459473609924, -1.1903125047683716, 1.2661296129226685, 0.6762508749961853, -1.4362062215805054, -0.4510622024536133, 0.5732372403144836, -0.6615380048751831, -2.2583506107330322, -1.9899145364761353, 0.13222035765647888]",yunet,Facenet,1920,1080,/home/amos/media/tv/modern_family/Modern.Family.S09.1080p.DSNP.WEB-DL.DDP5.1.H.264-CRFW/Modern.Family.S09E21.The.Escape.1080p.DSNP.WEB-DL.DDP5.1.H.264-CRFW.mkv,Modern Family,2009,1442437,9,21,Julie Bowen,31171.0,0.625
367,690,168,882,492,870,306,852,300,0.908,7632,1,"[0.024453021585941315, -0.5137096643447876, -0.588232159614563, -0.48216313123703003, 0.5604729652404785, 0.8325247168540955, -0.2959001958370209, 0.6752517819404602, 0.23144572973251343, 0.5294889807701111, 0.3350929915904999, 0.271531879901886, -0.10982286930084229, -0.41237956285476685, 0.02533770352602005, -0.3861351013183594, -0.465286523103714, -0.5291253328323364, 0.21236851811408997, 0.909948468208313, -0.008395068347454071, 0.2220160961151123, -0.29667070508003235, 0.5990263223648071, 0.4871746301651001, -0.176812082529068, 0.34233593940734863, 0.33961984515190125, -0.45886850357055664, -0.9895174503326416, -0.5024440288543701, 0.9378509521484375, -0.8901670575141907, 0.5314686894416809, -0.14164401590824127, 0.44279944896698, -0.18499085307121277, -0.7046640515327454, -0.11256049573421478, -0.27972057461738586, 0.1413220763206482, 0.28203126788139343, -1.011938214302063, -0.1630532145500183, -0.24813182651996613, -1.1859151124954224, 0.4520978331565857, 0.4001937806606293, -0.08978919684886932, 0.007761338725686073, -1.0684123039245605, 0.416716605424881, -0.3681933879852295, 0.07567650079727173, 0.06474734097719193, -0.8341008424758911, 0.3684018552303314, 0.3627670109272003, -0.6557246446609497, -0.33477914333343506, 0.4159945547580719, -0.10451899468898773, -0.2816441059112549, 0.38056039810180664, 0.4564524292945862, 0.6700297594070435, 0.2890665829181671, 0.9678710699081421, 0.5167085528373718, -0.8474552631378174, -0.415471613407135, -0.6042133569717407, -0.5473514795303345, 1.1064621210098267, 0.7489968538284302, -0.04937780275940895, -0.21972806751728058, 0.23717381060123444, 0.033974818885326385, 0.9932971000671387, -0.7186470627784729, -0.34483271837234497, -0.27455443143844604, -0.2413717806339264, 0.1286775767803192, 0.622011661529541, 0.6204568147659302, 0.3114964962005615, 0.051114484667778015, 0.3628954589366913, -0.07400795072317123, -0.4505632221698761, -0.3952443599700928, -0.21650630235671997, 1.392329454421997, 0.4924672544002533, -0.8286088705062866, -0.32113543152809143, -0.13081152737140656, 0.6653153300285339, -0.41587644815444946, 0.3513932526111603, -1.212194561958313, -0.7230336666107178, -0.26421430706977844, -0.24911127984523773, 0.48791977763175964, -0.6776328086853027, 0.7023444771766663, -0.9679911136627197, -0.029947331175208092, -0.3416897654533386, 0.4189563989639282, -0.5660622119903564, 0.04637143015861511, 1.2882691621780396, -0.674060583114624, 0.22519947588443756, 0.6362806558609009, 1.1394261121749878, -0.815293550491333, 0.6102765798568726, -0.3519880175590515, -0.4130854308605194, 0.7527488470077515, -0.09160979092121124, 0.662121057510376, 0.4477696716785431]",yunet,Facenet,1920,1080,/home/amos/media/tv/modern_family/Modern.Family.S09.1080p.DSNP.WEB-DL.DDP5.1.H.264-CRFW/Modern.Family.S09E21.The.Escape.1080p.DSNP.WEB-DL.DDP5.1.H.264-CRFW.mkv,Modern Family,2009,1442437,9,21,,,
368,1200,312,1374,564,1296,414,1218,408,0.924,7656,0,"[-0.8702397346496582, 0.2627779543399811, 0.4082878530025482, -0.15258032083511353, 0.5303727984428406, -1.9732465744018555, -2.690264940261841, -0.7090154886245728, 0.16790765523910522, -0.15892009437084198, 1.0272237062454224, 0.9152019619941711, 0.17491203546524048, -0.8702685832977295, -0.2726376950740814, -0.37507426738739014, 0.5616207122802734, 0.49731743335723877, -1.0135034322738647, 0.41871970891952515, 1.198925495147705, -1.243988037109375, 1.320750117301941, 0.2574555277824402, 0.03635908663272858, 0.5106645226478577, -1.4280155897140503, 0.09230346232652664, -0.3524779677391052, -2.7164273262023926, -0.12125688791275024, -0.41585707664489746, -0.5174277424812317, 0.07224627584218979, -0.8112821578979492, 2.0108628273010254, -1.3726806640625, 0.6532991528511047, -0.15760231018066406, -0.796667218208313, -0.5845565795898438, 1.59148108959198, 1.5457648038864136, 0.17253190279006958, -2.0247983932495117, 0.3884850740432739, 0.0921996533870697, -0.5573605298995972, -1.5586369037628174, -0.3940391540527344, 1.1317956447601318, -2.316894292831421, -0.2775352895259857, -0.02156198024749756, 0.19314640760421753, -0.5830772519111633, 1.5493065118789673, -0.9478273987770081, -0.7492092847824097, 0.5516258478164673, 0.8346434831619263, -1.344336986541748, -1.6825088262557983, 0.6205397844314575, 0.7921225428581238, -1.8165218830108643, -0.14724746346473694, -1.9163821935653687, 0.38254252076148987, 1.64493727684021, -0.6415084004402161, 1.5412412881851196, -2.6587371826171875, 1.1389210224151611, 1.9482948780059814, 0.6407764554023743, 1.2301255464553833, 1.106452465057373, -0.582244336605072, -1.198801875114441, 0.2535257339477539, -0.4286610782146454, 0.09999855607748032, 0.0062102098017930984, -0.40587374567985535, 0.7827380895614624, 1.322972297668457, -1.5372122526168823, -2.4128494262695312, -0.16457197070121765, 0.8450944423675537, -1.3290084600448608, 0.17289693653583527, -0.5110489130020142, 0.6110683679580688, -0.7763656973838806, -0.7452549338340759, 1.018871784210205, 0.40727245807647705, -2.4263432025909424, -0.9093296527862549, -1.708925485610962, 0.1746712476015091, -0.12907244265079498, 1.8771547079086304, -1.2053089141845703, -0.45127108693122864, 0.007478766143321991, -0.4783917963504791, -0.3117850422859192, 1.1435680389404297, 0.12085961550474167, -0.8763130903244019, 2.392108201980591, -0.010547062382102013, 0.9580683708190918, -0.16789449751377106, -0.5126795172691345, -0.6406969428062439, 1.4323400259017944, 0.03164902701973915, -2.2600724697113037, -1.1698154211044312, 0.5729957818984985, 0.22509802877902985, -2.6646909713745117, -1.191150188446045, 0.5738364458084106]",yunet,Facenet,1920,1080,/home/amos/media/tv/modern_family/Modern.Family.S09.1080p.DSNP.WEB-DL.DDP5.1.H.264-CRFW/Modern.Family.S09E21.The.Escape.1080p.DSNP.WEB-DL.DDP5.1.H.264-CRFW.mkv,Modern Family,2009,1442437,9,21,Julie Bowen,31171.0,0.646
369,708,120,906,408,864,228,786,228,0.913,7704,0,"[1.2023777961730957, 0.6912919282913208, 1.0326882600784302, 0.5988947749137878, -1.4787867069244385, -1.5055735111236572, -0.577846109867096, -1.0630940198898315, -0.3125458061695099, -0.7879586219787598, 0.10373321920633316, 1.044358491897583, 1.143614411354065, -0.8482238054275513, -1.7387454509735107, 0.3843681812286377, -0.8259776830673218, -0.10565139353275299, -0.3476789593696594, 1.2538621425628662, -1.5164581537246704, 2.2570114135742188, -0.8359505534172058, 1.3237560987472534, 1.0698045492172241, 1.4290531873703003, -1.7211556434631348, 2.9246129989624023, 1.5191911458969116, -1.506249189376831, -0.21017006039619446, -0.7665808200836182, -0.5965131521224976, 0.04774511605501175, 0.3497313857078552, 0.6719244122505188, 0.9645215272903442, -0.5871140360832214, 0.7981536984443665, 1.2854037284851074, 0.3709324300289154, 1.2791167497634888, -0.3951583802700043, -0.015613041818141937, 0.12147422134876251, 0.8177003264427185, 0.011904969811439514, 0.21726326644420624, -0.5579970479011536, -1.429808497428894, 1.2438724040985107, -1.340190052986145, -0.4699260890483856, -0.8705750703811646, -0.30119821429252625, 1.076521635055542, 2.2818996906280518, 1.5001640319824219, 0.3435259461402893, 0.5347752571105957, 2.151059627532959, -0.34434640407562256, -1.6373649835586548, -0.3121238052845001, 0.07523061335086823, 2.339529275894165, 1.9247695207595825, 0.04216938465833664, 0.5001041293144226, -0.38530534505844116, 0.5681148767471313, 0.8289961814880371, -0.32494303584098816, 1.4265098571777344, 0.35283562541007996, 0.4653608798980713, 0.7625813484191895, 2.4965670108795166, 1.6978144645690918, 0.9692853689193726, -0.3231603801250458, -1.0825573205947876, 1.343915343284607, -0.5678424835205078, -1.2343535423278809, -1.1077003479003906, 0.4748477637767792, 0.2430964857339859, 0.8080981969833374, -0.4919563829898834, 0.7140974998474121, -0.9862589836120605, -0.6049993634223938, -0.5539231896400452, 1.3040202856063843, -1.3906701803207397, 0.43426746129989624, -0.7031406760215759, 0.5838099718093872, -1.2674866914749146, 0.2760127782821655, 0.911050021648407, -1.380342721939087, -0.4632221758365631, -0.9142305254936218, 1.29353928565979, 1.2163268327713013, -1.4261701107025146, -0.12369845062494278, -0.43153634667396545, 0.52622389793396, 1.235878586769104, 0.9619438648223877, -0.6707670092582703, 1.0982143878936768, 2.4788575172424316, 0.2140059918165207, 0.1912485510110855, 0.4887183606624603, 0.4167101979255676, -0.2552536725997925, 0.7625434398651123, 0.39725810289382935, -1.407975196838379, 2.1678614616394043, -0.5304661989212036, 0.607861340045929, -1.6259479522705078]",yunet,Facenet,1920,1080,/home/amos/media/tv/modern_family/Modern.Family.S09.1080p.DSNP.WEB-DL.DDP5.1.H.264-CRFW/Modern.Family.S09E21.The.Escape.1080p.DSNP.WEB-DL.DDP5.1.H.264-CRFW.mkv,Modern Family,2009,1442437,9,21,Ty Burrell,15232.0,0.694
370,738,132,930,384,906,234,816,234,0.919,7728,0,"[0.2646896243095398, 0.867957353591919, 1.368805170059204, -0.2209215760231018, -0.31011027097702026, -0.054116390645504, -0.5931434631347656, -0.3198818862438202, 0.42935803532600403, -1.3818755149841309, -0.3345593512058258, 1.5994824171066284, -0.20223630964756012, -0.07289836555719376, -2.3013498783111572, 0.4662354588508606, 0.07351920008659363, -0.4775620698928833, -0.3436671197414398, 1.2589308023452759, -1.543736457824707, 1.457083821296692, -0.4572988748550415, 0.04142596572637558, -0.3378527760505676, 1.4539320468902588, -2.007523775100708, 2.0216598510742188, 1.0199110507965088, -1.408491611480713, 0.3042297959327698, -1.4315240383148193, 0.023793313652276993, -1.2101120948791504, -0.7317888736724854, 0.842161238193512, 1.3482214212417603, -0.41068246960639954, 0.5414299964904785, 0.9614851474761963, -0.8394262790679932, 0.3118791878223419, -0.8296535015106201, 0.04239521920681, 0.4169332683086395, 0.6634598970413208, -0.2898930609226227, 0.6142339706420898, -1.6138182878494263, -1.030812382698059, 1.0873407125473022, -0.7498841285705566, -1.1085740327835083, -0.7666112184524536, -0.5067126154899597, 0.6041761636734009, 1.7306749820709229, 1.3960431814193726, 1.0252089500427246, 0.6482701897621155, 1.373451590538025, -0.40186333656311035, -0.5446358323097229, 0.44714245200157166, -0.3286946713924408, 2.362457752227783, 1.3860284090042114, 1.2324247360229492, 1.1764910221099854, -0.531899094581604, -0.5691995024681091, 0.5712903738021851, -0.9445838928222656, 1.4292060136795044, 0.6296080946922302, 1.9951364994049072, 0.15768450498580933, 1.4020761251449585, 1.3698461055755615, 0.41428571939468384, -1.147459626197815, -0.41902169585227966, -0.101335808634758, -0.5241365432739258, -1.6213252544403076, -1.3823609352111816, 0.7055302858352661, 0.13808657228946686, -0.11116482317447662, 0.27078813314437866, 0.3602765202522278, -2.0103442668914795, 0.4287077486515045, -1.8238052129745483, -0.3109931945800781, -0.846195638179779, -0.12875130772590637, -0.14376884698867798, 0.2705223262310028, -0.6273848414421082, -0.2102961242198944, 0.43489497900009155, -1.222366213798523, -0.3645147383213043, -1.287094235420227, 0.45244932174682617, -0.06374041736125946, -1.7507317066192627, 0.3263479173183441, 0.1694096028804779, 0.2943829298019409, 1.2792882919311523, 1.2238538265228271, -0.6074528694152832, 1.1150381565093994, 2.4602859020233154, -0.513453483581543, 0.15898241102695465, 0.16537180542945862, 0.3456466495990753, -0.4944543242454529, 0.7865740060806274, 0.12535080313682556, -0.5586181879043579, 2.0884926319122314, -1.2368316650390625, 0.8849217295646667, -0.9575746059417725]",yunet,Facenet,1920,1080,/home/amos/media/tv/modern_family/Modern.Family.S09.1080p.DSNP.WEB-DL.DDP5.1.H.264-CRFW/Modern.Family.S09E21.The.Escape.1080p.DSNP.WEB-DL.DDP5.1.H.264-CRFW.mkv,Modern Family,2009,1442437,9,21,Ty Burrell,15232.0,0.726
371,1026,234,1260,540,1170,348,1074,348,0.937,7752,0,"[-0.8860602378845215, 0.6427160501480103, 1.1054456233978271, -1.1978607177734375, 1.0394693613052368, -1.6939247846603394, 0.021092068403959274, 0.26735085248947144, -0.12380920350551605, -0.6122307777404785, 0.49084681272506714, 0.5471511483192444, 0.1057753711938858, -0.8650292158126831, 0.6381170749664307, 1.5089341402053833, -0.4646724760532379, -0.04434216767549515, 0.1392725110054016, -1.3806252479553223, 0.8235377073287964, 0.516852080821991, -0.14890602231025696, 0.36108627915382385, -0.693824291229248, 1.6521029472351074, -1.8120839595794678, 0.34453457593917847, 0.8089935183525085, -0.9701948761940002, 0.22359003126621246, -0.7861883044242859, 0.5166094899177551, -1.280335783958435, 1.6993777751922607, 1.189736008644104, -1.5104624032974243, 0.2944636642932892, 0.9381071329116821, -0.46408483386039734, -1.613489031791687, 0.6438162326812744, -0.1479049026966095, -1.0316864252090454, -1.8519165515899658, 2.6688477993011475, 0.40826132893562317, -1.0147069692611694, -3.073822259902954, 0.8272931575775146, -0.2816014885902405, -0.5531101822853088, -0.4320048391819, 1.5183184146881104, 1.4043991565704346, -1.1035701036453247, 0.5042758584022522, -0.46410560607910156, -0.9499756693840027, 1.626596212387085, 0.8594193458557129, -1.7176915407180786, -0.08912097662687302, -1.459426999092102, 1.1142768859863281, -1.3619956970214844, -0.5398826599121094, -0.08818782866001129, 1.1571106910705566, 2.1466643810272217, 0.8073019981384277, 1.2625192403793335, -2.9487555027008057, 0.7335238456726074, 0.3433637320995331, 1.1168020963668823, -0.27300387620925903, 0.4442152976989746, 1.8537553548812866, 0.3811582922935486, 1.0939323902130127, -0.5336092710494995, 0.7606582641601562, -1.6512309312820435, -0.2540420889854431, 0.13859449326992035, 0.5244675874710083, -0.08549243956804276, -0.6267555952072144, -0.24239152669906616, 0.9226230978965759, -0.0032219840213656425, 0.5549722909927368, -1.0361950397491455, -0.17796070873737335, 0.5475144982337952, -1.2592276334762573, 2.1299023628234863, 0.6843779683113098, -1.5444629192352295, -0.6621665954589844, -1.1099967956542969, -0.30475619435310364, 0.7703151106834412, 0.9727349877357483, -1.218152642250061, -0.5900983214378357, 0.7438781261444092, 0.15479245781898499, 0.4907374083995819, -0.002432306297123432, -1.4441035985946655, 0.1766365021467209, 0.1658450961112976, -0.014887051656842232, -0.7763235569000244, 1.1374894380569458, 0.2887455224990845, 1.2623540163040161, -0.33896759152412415, 0.12014289200305939, 0.49961549043655396, -0.7037323117256165, -0.04605990648269653, 0.8670132160186768, -0.13343359529972076, -1.9690898656845093, -0.37880387902259827]",yunet,Facenet,1920,1080,/home/amos/media/tv/modern_family/Modern.Family.S09.1080p.DSNP.WEB-DL.DDP5.1.H.264-CRFW/Modern.Family.S09E21.The.Escape.1080p.DSNP.WEB-DL.DDP5.1.H.264-CRFW.mkv,Modern Family,2009,1442437,9,21,Julie Bowen,31171.0,0.561
372,978,240,1212,552,1116,360,1026,360,0.927,7776,0,"[-1.5486878156661987, 1.8955625295639038, -0.4450007379055023, -0.6929706335067749, 1.1038564443588257, -1.4546284675598145, -1.3154197931289673, 0.06114834174513817, -0.06674688309431076, -1.3683513402938843, 1.0521671772003174, 1.5602267980575562, 0.9873821139335632, -0.9830710887908936, 0.5937304496765137, 0.6688296794891357, -0.23901230096817017, -0.3750689625740051, -0.9170085191726685, 1.6346426010131836, 0.09643025696277618, 0.9143697023391724, 0.7490273714065552, 1.7466744184494019, -0.7891612648963928, 0.6782726645469666, -1.5183708667755127, 0.20541153848171234, 0.5810683369636536, -2.2001514434814453, 0.28598880767822266, -0.8047084808349609, 0.5708326697349548, -0.5088191628456116, -1.0638995170593262, 1.8462988138198853, -0.24123361706733704, 0.45247864723205566, 0.9020531177520752, -0.4300576150417328, -0.6874071359634399, 0.941704511642456, -0.22564324736595154, -0.5854892134666443, -2.236837148666382, 1.7833298444747925, -0.5992166996002197, -1.6917577981948853, -2.1390700340270996, 0.8015537261962891, 0.7829545736312866, -1.6835460662841797, 0.249673992395401, 0.6572262048721313, -0.3919096887111664, -0.1889537125825882, -0.3011709749698639, -1.2320091724395752, -0.8182176947593689, 0.5474017858505249, 0.3645680248737335, -1.1117256879806519, -1.4689290523529053, -0.8230385184288025, 0.6935816407203674, -2.445861577987671, 0.16976791620254517, -1.1347612142562866, 1.2653294801712036, 0.5498722791671753, -0.26870980858802795, 2.254896640777588, -3.0023694038391113, 1.6163532733917236, 0.7724372744560242, 0.7365080118179321, 0.3785052001476288, 0.49663540720939636, 0.48096781969070435, -0.2590921223163605, 0.37614190578460693, 0.3111780285835266, -0.39843231439590454, -0.18643330037593842, 0.10014929622411728, 1.6906802654266357, 1.7267791032791138, 0.3637567162513733, -2.4055142402648926, -0.12542396783828735, 1.2982975244522095, -1.147745132446289, 0.6974546313285828, -0.653398871421814, -0.13042670488357544, -0.871819257736206, -0.0253656804561615, 0.5264017581939697, 1.1610960960388184, -1.9081395864486694, -1.5701100826263428, -0.8456627130508423, 0.3090851306915283, 0.3490639328956604, -0.17052865028381348, -1.8628385066986084, -0.10066232085227966, -0.23827406764030457, -0.08141321688890457, 0.11122675240039825, 0.640606701374054, -0.6637585759162903, 0.32761627435684204, 1.0107489824295044, 0.32733696699142456, 0.9372419118881226, 0.39510518312454224, 0.21870359778404236, 0.2304137945175171, 1.440268635749817, -0.6741140484809875, -0.17727072536945343, -0.20778127014636993, -0.6076514720916748, -0.3543859124183655, -0.9826018810272217, -1.386795997619629, 0.7378835678100586]",yunet,Facenet,1920,1080,/home/amos/media/tv/modern_family/Modern.Family.S09.1080p.DSNP.WEB-DL.DDP5.1.H.264-CRFW/Modern.Family.S09E21.The.Escape.1080p.DSNP.WEB-DL.DDP5.1.H.264-CRFW.mkv,Modern Family,2009,1442437,9,21,Julie Bowen,31171.0,0.652
373,1020,240,1254,546,1182,354,1074,354,0.937,7800,0,"[-0.8726704120635986, 1.0193907022476196, 0.2918640077114105, -1.210042119026184, 2.0154197216033936, -1.4960594177246094, -1.8813973665237427, 0.5133472681045532, 0.5528099536895752, -2.2066256999969482, 1.3190793991088867, 0.5158747434616089, 1.2151399850845337, -0.9252326488494873, 0.9355435371398926, 0.354917049407959, 0.20455139875411987, 0.6381109356880188, -0.6741898655891418, 0.47903141379356384, -0.6000162363052368, 0.8312342166900635, 0.5798829793930054, 1.062891960144043, 0.38700398802757263, 0.3902199864387512, -1.8007757663726807, 0.036647994071245193, 0.8759142160415649, -2.2382383346557617, -0.4212214946746826, -1.1331719160079956, 0.31084108352661133, -0.6653438210487366, -1.0856866836547852, 2.0308241844177246, -0.14136603474617004, 0.8825723528862, -0.17318585515022278, -1.8268245458602905, -0.24653872847557068, -0.36582186818122864, -0.3971274793148041, -0.2107771635055542, -2.0698659420013428, 0.6927812099456787, -0.43700724840164185, -1.3310714960098267, -1.6410908699035645, 0.9680331945419312, -0.06022753566503525, -1.2938857078552246, -0.2746909558773041, 1.1874680519104004, -0.26223990321159363, -0.8077492713928223, -0.31852227449417114, -2.2770347595214844, -1.0449495315551758, 1.3649002313613892, 0.19829440116882324, -1.483638882637024, -0.4748855233192444, -0.02187350019812584, 0.3023587465286255, -1.2551507949829102, -0.6201961636543274, -2.354030132293701, 1.0762838125228882, 1.3866143226623535, 0.3266235589981079, 1.0759555101394653, -3.442389488220215, 1.6998931169509888, 1.0893105268478394, 0.09530377388000488, -0.20797523856163025, 0.11469417810440063, 1.1271005868911743, 0.4258037805557251, 0.5742194056510925, -0.1624019891023636, -0.6401312947273254, 0.4761725962162018, 2.0679030418395996, 1.2670507431030273, 1.466126799583435, -0.936179518699646, -1.6907542943954468, -0.397152304649353, 1.2032520771026611, -0.6546537280082703, 0.2965322434902191, -1.4916454553604126, -0.9757972955703735, 0.20482607185840607, -0.9905312657356262, 0.8280605673789978, -0.47299113869667053, -3.0106425285339355, -1.2182855606079102, -0.863819420337677, 0.9828537702560425, 0.13415132462978363, 0.5356271266937256, 0.3094356060028076, -0.6796410083770752, -1.3195974826812744, -0.24650108814239502, 0.5775808691978455, -0.09128979593515396, -0.027523741126060486, -0.36020997166633606, 0.43922117352485657, 0.5126194953918457, -0.5933071374893188, -0.1418648064136505, -1.0994032621383667, -0.5183729529380798, 0.9759360551834106, -0.10370633006095886, -0.5400891304016113, 0.15423928201198578, 0.3853258788585663, -0.5113077759742737, -0.5655052065849304, -0.9712429642677307, 1.1025123596191406]",yunet,Facenet,1920,1080,/home/amos/media/tv/modern_family/Modern.Family.S09.1080p.DSNP.WEB-DL.DDP5.1.H.264-CRFW/Modern.Family.S09E21.The.Escape.1080p.DSNP.WEB-DL.DDP5.1.H.264-CRFW.mkv,Modern Family,2009,1442437,9,21,Julie Bowen,31171.0,0.71
374,1014,252,1248,564,1182,360,1068,360,0.934,7824,0,"[-1.726942539215088, 0.81130051612854, 1.2322697639465332, -1.6465359926223755, 0.9444800615310669, -0.925477921962738, -0.8606491684913635, -0.6192002296447754, 0.7007557153701782, -0.9810128808021545, -0.12212812155485153, 0.5069490075111389, 0.27522963285446167, -0.6842619180679321, -0.30535417795181274, -0.1550021767616272, -1.2000304460525513, -0.3095701336860657, -0.7260979413986206, -0.833479642868042, 1.5894273519515991, -0.608493983745575, -0.36560186743736267, 0.18665102124214172, -1.6253619194030762, 1.0385817289352417, -1.9052127599716187, -0.9976195096969604, 0.9585086107254028, -1.2131222486495972, -0.6619060039520264, -0.3578159809112549, 0.37148037552833557, -1.6230260133743286, 0.6310890913009644, 1.6409863233566284, -2.5087101459503174, -0.3101389706134796, 0.5137201547622681, -1.5874240398406982, 0.11750060319900513, 0.18203188478946686, -1.032637119293213, -0.1654467135667801, -2.1945104598999023, 0.9230180382728577, -0.17156048119068146, -0.2540481686592102, -2.9959022998809814, -0.36350786685943604, 0.1559959203004837, -0.827200174331665, -0.40267980098724365, 0.6907969117164612, 0.5400261878967285, -1.434713363647461, 0.4187946319580078, -2.2901670932769775, -0.9049410223960876, 1.3113652467727661, 0.2806994318962097, -2.237840175628662, -1.0245110988616943, -0.7293626666069031, 0.49394091963768005, -0.8887859582901001, 0.07214044034481049, -1.0452998876571655, 2.0966107845306396, 1.7567379474639893, -0.1069488376379013, 1.3900318145751953, -2.9369492530822754, 0.6497495770454407, 1.3325741291046143, 0.6923614740371704, 0.09131011366844177, 0.42673996090888977, 1.1347310543060303, -0.6733736395835876, 1.1276960372924805, -0.7975986003875732, -0.6592088341712952, -1.2988290786743164, 0.5305115580558777, 0.3810698986053467, 0.5376321077346802, -1.1485217809677124, -1.5293716192245483, 0.44029223918914795, 1.1905004978179932, -0.06837048381567001, 0.637245237827301, -0.7131572365760803, -0.7673496603965759, 1.6918810606002808, -0.6707579493522644, 1.9148696660995483, -0.053508415818214417, -2.3605313301086426, -1.1932119131088257, -1.4929014444351196, 0.043250612914562225, 0.860100507736206, 0.8677907586097717, -1.1004412174224854, -0.5716559290885925, 0.03540073335170746, -0.06646645069122314, 0.9574871063232422, 0.2804144620895386, -0.7039877772331238, -0.8110277652740479, 0.7334792613983154, -0.5385968089103699, 0.24497416615486145, 0.43240922689437866, -0.5714901089668274, -0.41080647706985474, 0.6304715871810913, -0.1448652744293213, -0.46091416478157043, -0.4852573275566101, 0.1056511402130127, 0.4053007960319519, -0.7159601449966431, -1.4099557399749756, 0.48483404517173767]",yunet,Facenet,1920,1080,/home/amos/media/tv/modern_family/Modern.Family.S09.1080p.DSNP.WEB-DL.DDP5.1.H.264-CRFW/Modern.Family.S09E21.The.Escape.1080p.DSNP.WEB-DL.DDP5.1.H.264-CRFW.mkv,Modern Family,2009,1442437,9,21,Julie Bowen,31171.0,0.673
375,1032,246,1260,552,1146,354,1068,354,0.918,7848,0,"[-0.9263180494308472, 1.2880873680114746, -0.3921741545200348, 0.4003824293613434, -0.18162529170513153, -0.7291962504386902, -1.4936504364013672, -0.6361879706382751, 0.2924965023994446, -0.46415063738822937, 0.261160284280777, 0.9687544703483582, -0.9385722279548645, -1.5941492319107056, -0.2568526864051819, -0.9577246308326721, -0.2786460220813751, 1.2394015789031982, -1.0974452495574951, -0.5541547536849976, 0.9744553565979004, -0.5829958319664001, 1.1206190586090088, 0.5461486577987671, -0.9337324500083923, 0.5480412244796753, -1.5878961086273193, -0.9072532057762146, -0.27767413854599, -1.9260891675949097, 0.20614124834537506, -0.08321532607078552, -0.2378387451171875, -1.2605586051940918, -0.08709725737571716, 0.8733044266700745, -0.9833877086639404, -0.1135663166642189, -0.4837026000022888, -0.20025213062763214, -0.7402873039245605, 0.7125176787376404, 1.5589146614074707, 0.2093202769756317, -1.24613618850708, 2.1266062259674072, 1.7854434251785278, -0.4963724911212921, -2.237168550491333, 0.052501093596220016, 0.23811471462249756, -2.040315866470337, 0.6791598796844482, 1.2295706272125244, 0.3994441628456116, 0.25268247723579407, 0.7934597730636597, -0.34582746028900146, -1.8592071533203125, 0.411712646484375, 0.07801390439271927, -1.3943504095077515, -1.7320443391799927, 0.1950635462999344, 2.355698823928833, -0.9527639746665955, 0.6113864779472351, -0.0756412073969841, 0.6316156387329102, 0.58902907371521, 0.09736230224370956, 2.5537190437316895, -2.0495567321777344, 1.345078468322754, 0.3591923415660858, 0.293439656496048, 0.3207765817642212, 0.5359057188034058, -0.4763382375240326, -0.7644261121749878, 0.5309690237045288, -0.9164961576461792, 0.6338793635368347, -0.5254137516021729, -0.4475882947444916, 0.20329266786575317, 0.6006525158882141, -0.8314011693000793, -1.3005067110061646, -0.1595556139945984, 1.0944522619247437, -1.3202838897705078, 0.3089241087436676, -0.5571824908256531, 0.0066047608852386475, 0.4450615644454956, -0.38317662477493286, 2.059307813644409, 0.6046915054321289, -2.3614068031311035, -0.840602695941925, -2.1106584072113037, 0.6909685134887695, 0.6966562271118164, 0.7002168297767639, -2.122474193572998, -0.732806384563446, 0.6192703247070312, 0.9547016620635986, -0.5576301217079163, -0.41366249322891235, 0.13195276260375977, -0.0030285418033599854, 2.0278618335723877, -1.0908141136169434, 0.23083341121673584, -0.3179759979248047, 0.3928154408931732, 1.2242158651351929, 1.2846981287002563, -0.7170036435127258, -1.8313579559326172, -0.5983484983444214, 1.1072126626968384, 0.2892560064792633, -1.5271270275115967, -1.1133761405944824, 0.623598575592041]",yunet,Facenet,1920,1080,/home/amos/media/tv/modern_family/Modern.Family.S09.1080p.DSNP.WEB-DL.DDP5.1.H.264-CRFW/Modern.Family.S09E21.The.Escape.1080p.DSNP.WEB-DL.DDP5.1.H.264-CRFW.mkv,Modern Family,2009,1442437,9,21,,,
376,1158,240,1434,594,1332,378,1200,372,0.901,7872,0,"[-0.9976663589477539, -0.31738266348838806, -0.7931630611419678, 0.33303242921829224, 0.9971268773078918, -0.44091731309890747, -0.5984421968460083, -0.08149336278438568, 0.22035130858421326, 0.23567095398902893, 0.45789265632629395, 0.9862601161003113, -0.24627409875392914, -0.5158447027206421, -2.001626968383789, 0.32250547409057617, 0.593741774559021, 0.8516786694526672, 0.2852281332015991, -0.8885260820388794, 1.0521337985992432, 1.1005795001983643, 0.24619576334953308, -1.8210792541503906, -1.6394684314727783, 0.7684208750724792, 0.5182337760925293, -1.086923599243164, -1.4947972297668457, -1.5016001462936401, 0.25644218921661377, 1.132716417312622, 0.5824069976806641, -0.6572504043579102, 0.7556788325309753, 0.5314979553222656, -0.023157594725489616, 0.17934811115264893, 1.148237943649292, -0.33924612402915955, -0.9354361891746521, 0.6694416403770447, 1.9106544256210327, -0.6920076012611389, -0.20471802353858948, 0.6257364153862, 1.0790022611618042, -1.3423713445663452, -0.27816253900527954, 0.7539414167404175, -1.2559278011322021, -1.1324926614761353, 0.11861732602119446, 0.5448370575904846, 0.6842537522315979, -0.5063107013702393, 0.3312365412712097, 0.5105242133140564, -0.27519893646240234, -1.0182465314865112, -0.8804627656936646, -1.0914915800094604, -1.1728590726852417, -0.12372460961341858, 1.6032918691635132, -0.6778314113616943, 0.9157995581626892, 0.07863698154687881, -0.8546528816223145, 0.8701220750808716, -0.1683192402124405, 1.7509804964065552, -1.7061820030212402, 0.922878086566925, 0.1767788827419281, -0.398394912481308, 0.48920002579689026, -0.041205789893865585, 0.33828112483024597, -1.0610432624816895, 0.36864104866981506, -0.45550647377967834, 1.2312089204788208, 0.013519125059247017, -1.4445933103561401, 1.0090646743774414, 0.1404503583908081, 0.017356187105178833, -1.5069894790649414, 0.34047502279281616, -0.27869537472724915, 0.09290260076522827, -0.9716752171516418, -1.6299397945404053, 0.6138466000556946, -0.635877251625061, -0.9508248567581177, 1.08388090133667, 0.9547149538993835, -0.8228578567504883, -0.8798330426216125, -2.104912519454956, -0.4779188632965088, -0.04864254221320152, 1.0489814281463623, -0.2641037106513977, 0.5743924379348755, 0.7359960079193115, -0.27952492237091064, -0.8951003551483154, 1.4943822622299194, -0.5380358099937439, 0.3016217052936554, 3.1708486080169678, 0.034937337040901184, -0.24596038460731506, 0.01777222380042076, 0.6473990082740784, 1.4167492389678955, 0.5953229069709778, -1.1178635358810425, -1.20352041721344, -0.788686215877533, 1.9302152395248413, 0.4614744782447815, -1.0891647338867188, -0.04316575825214386, 0.2052178978919983]",yunet,Facenet,1920,1080,/home/amos/media/tv/modern_family/Modern.Family.S09.1080p.DSNP.WEB-DL.DDP5.1.H.264-CRFW/Modern.Family.S09E21.The.Escape.1080p.DSNP.WEB-DL.DDP5.1.H.264-CRFW.mkv,Modern Family,2009,1442437,9,21,,,
377,1056,222,1296,558,1224,354,1104,348,0.922,7896,0,"[-1.7967424392700195, 0.4379124343395233, -0.36170414090156555, -0.32991698384284973, 0.8116480112075806, -2.211432456970215, -2.41304612159729, -0.013141315430402756, 0.31572502851486206, -0.9383437633514404, 0.3794127106666565, 0.022739311680197716, -0.05411504581570625, -0.052342046052217484, -0.2304048240184784, -0.2866058349609375, -1.1612225770950317, 0.3489493131637573, -1.150541067123413, -0.26454079151153564, -0.6326994895935059, 0.6585803031921387, 0.37254008650779724, -0.08376731723546982, -0.5380792021751404, 0.03183421120047569, -1.6158785820007324, 1.123788595199585, -0.611542820930481, -2.620976686477661, 0.2140434980392456, -1.1872166395187378, 0.33449819684028625, 0.3272986114025116, -0.7088831067085266, 1.9764478206634521, -0.5914649963378906, 0.9719024896621704, 1.310079574584961, -0.6694788932800293, 0.11224035918712616, 0.15938493609428406, 1.3898018598556519, -1.0656120777130127, -2.486098051071167, 0.11589309573173523, -0.7288233637809753, -0.6806913614273071, -2.2939934730529785, -0.24907982349395752, 0.7972090244293213, -1.089802622795105, 0.12015575170516968, 0.8692764043807983, 0.08318962156772614, -1.0200077295303345, 0.7444681525230408, 0.12284290790557861, -1.7196298837661743, -1.071386456489563, 0.5994529128074646, -2.281235694885254, -2.6205313205718994, 0.9113606810569763, 1.1747711896896362, -1.1060922145843506, -0.03440486639738083, -2.0137693881988525, -0.5163538455963135, 0.9636279344558716, 0.7481448650360107, 0.8431090116500854, -2.028531789779663, 1.1762661933898926, 0.34776172041893005, 1.1531710624694824, 1.471937894821167, 1.6243728399276733, 0.9108296036720276, 0.2798653841018677, 0.4856381118297577, 1.1359477043151855, 2.194472551345825, 0.6321518421173096, -1.1880497932434082, 0.9426141977310181, 1.45774245262146, 0.22193913161754608, -2.4598262310028076, 0.17196619510650635, 0.7981054782867432, -2.4400177001953125, -0.4785093665122986, 0.07814449071884155, 0.5055937767028809, -1.8726005554199219, -1.733875036239624, 1.3834036588668823, 0.9199537634849548, -1.7816267013549805, -1.6576306819915771, -1.2071723937988281, -0.4451863765716553, 1.7884210348129272, 0.28553685545921326, -0.25782114267349243, 0.6111762523651123, -0.050470203161239624, -0.4665357768535614, -0.09174131602048874, 1.3096778392791748, -0.5670236349105835, -0.34749817848205566, 2.536592721939087, 0.2778584361076355, 0.22128784656524658, 1.4403996467590332, -0.8807676434516907, -0.5066936612129211, 0.34545212984085083, -0.4486682415008545, -0.10285140573978424, -1.089284062385559, -0.03901735693216324, -0.5061399340629578, -0.7694984078407288, -0.6791772842407227, 0.9133603572845459]",yunet,Facenet,1920,1080,/home/amos/media/tv/modern_family/Modern.Family.S09.1080p.DSNP.WEB-DL.DDP5.1.H.264-CRFW/Modern.Family.S09E21.The.Escape.1080p.DSNP.WEB-DL.DDP5.1.H.264-CRFW.mkv,Modern Family,2009,1442437,9,21,Julie Bowen,31171.0,0.595
378,558,108,816,522,780,276,762,270,0.913,7896,1,"[1.00420081615448, -0.09524345397949219, 0.021922642365098, -0.7350061535835266, 0.03897693380713463, 0.42087090015411377, -0.5831525325775146, 0.03162960708141327, -0.6116634607315063, -0.2352968007326126, -0.9573312997817993, 1.0347994565963745, 0.00972197949886322, -0.08302998542785645, -1.068729281425476, -0.9495970010757446, -0.8729585409164429, -0.9126603603363037, 0.24782255291938782, 0.9503105878829956, -0.047124870121479034, 1.0512419939041138, -0.2703624963760376, 0.47000613808631897, 0.5024685263633728, -0.30438128113746643, -0.9707982540130615, 1.1985098123550415, 0.7166610956192017, -1.273760199546814, 0.46955451369285583, 0.2024708390235901, -0.5045220255851746, 0.4178317189216614, -1.48861563205719, 0.3037561774253845, -0.447622686624527, -1.5847946405410767, -0.22171655297279358, -0.30818864703178406, -0.04931218922138214, 0.8430415391921997, -1.249751091003418, -0.10212381184101105, 0.44867992401123047, -0.23746147751808167, 0.5087774395942688, 0.03946229815483093, -0.6040990948677063, -0.706805944442749, -1.394225001335144, -1.0864298343658447, -0.8241984248161316, -0.730517566204071, -0.15369923412799835, -0.6780890226364136, -0.16207097470760345, 0.8373023271560669, 0.716695249080658, 0.04828934371471405, 0.9498622417449951, -0.8489242792129517, -0.22525432705879211, -0.1137518435716629, -1.0832561254501343, 1.0599271059036255, 0.23967432975769043, 0.5426355004310608, 0.8722983002662659, -1.1328184604644775, -1.0978028774261475, 0.25752562284469604, -0.07636754214763641, 0.9779259562492371, 0.3802378475666046, 0.5658096671104431, 0.32647204399108887, 1.229005217552185, 2.0639352798461914, 1.2007508277893066, -0.9731685519218445, -0.3972132205963135, -0.5998546481132507, -0.5808218717575073, -0.6410470604896545, -0.2120082974433899, 0.6168796420097351, -0.3872137665748596, 0.8787362575531006, 0.8069761395454407, 0.9171282649040222, -0.2766265869140625, -1.5644123554229736, -0.8095095753669739, 1.7023768424987793, -0.7378878593444824, -1.0374858379364014, -0.7877671718597412, 0.790129542350769, 0.11193259805440903, -0.07530099898576736, 0.8539979457855225, -0.6995385885238647, -0.320771187543869, -0.10945528745651245, -0.21256381273269653, 0.8652419447898865, -0.9764435291290283, -0.6523473262786865, -1.3743261098861694, 0.36750829219818115, -0.13949386775493622, 0.11850341409444809, -0.17176604270935059, 1.0111463069915771, 2.3836944103240967, -0.4820437431335449, 0.3522687554359436, 0.12592695653438568, 1.3425792455673218, -0.9599113464355469, 1.553160548210144, -0.8549468517303467, 0.18059706687927246, 0.8428339958190918, -1.036582589149475, 0.46233850717544556, -0.6608451008796692]",yunet,Facenet,1920,1080,/home/amos/media/tv/modern_family/Modern.Family.S09.1080p.DSNP.WEB-DL.DDP5.1.H.264-CRFW/Modern.Family.S09E21.The.Escape.1080p.DSNP.WEB-DL.DDP5.1.H.264-CRFW.mkv,Modern Family,2009,1442437,9,21,,,
379,972,216,1218,570,1122,354,1002,354,0.931,7920,0,"[-1.7315760850906372, 0.8934284448623657, -1.0001896619796753, -0.4858074486255646, 0.6930153965950012, -1.3372809886932373, -2.080284595489502, 0.14274093508720398, 0.3583303689956665, -0.9660431146621704, 0.32147303223609924, 0.24734798073768616, 0.9638516306877136, -0.590336799621582, 0.011864811182022095, 0.3083001375198364, -1.7667603492736816, 0.5290656685829163, -0.9287209510803223, 0.22901268303394318, 0.06862466037273407, 0.3894125819206238, 1.1943222284317017, 1.2274460792541504, -0.3429923951625824, 0.18429088592529297, -1.5107773542404175, 0.09602858871221542, 0.10768084228038788, -1.5621167421340942, -0.34593522548675537, -0.7270146608352661, -0.6091138124465942, 0.7421280145645142, -0.7049948573112488, 0.7487062811851501, -0.157404363155365, 0.5054001212120056, 0.44617390632629395, -0.14910094439983368, 0.2868591248989105, 0.519584596157074, 2.060767889022827, 0.05634097754955292, -2.727484941482544, -0.14369559288024902, 0.048168111592531204, -2.128674030303955, -1.2532833814620972, -0.21288719773292542, -0.1336631327867508, -1.631105899810791, 0.47935378551483154, 1.235756754875183, -1.0439872741699219, -1.6246893405914307, -0.04702791944146156, -1.2385523319244385, -1.714012861251831, 0.5081961154937744, 0.5402654409408569, -1.1867480278015137, -2.266659736633301, -0.44710543751716614, 0.02687290497124195, -1.1942728757858276, 0.1829235553741455, -0.7294932007789612, 0.2604394853115082, 0.8481385707855225, 0.7561437487602234, 2.278986692428589, -1.9188705682754517, 1.0761688947677612, 1.3952542543411255, 1.223783016204834, 1.6905521154403687, 1.7924792766571045, 0.49231743812561035, -0.3433714509010315, 0.39568978548049927, 0.7587425708770752, 0.23097023367881775, -0.1733889877796173, -0.4616626799106598, 1.32351815700531, 0.48892292380332947, -0.6788743734359741, -2.1258347034454346, 0.2142571657896042, 1.754178762435913, -2.6093525886535645, -0.8217728137969971, -0.4005579948425293, -0.12565526366233826, -0.1507893055677414, -2.013472557067871, 1.4100613594055176, 0.7294598817825317, -2.6013190746307373, -0.5692568421363831, -1.60086190700531, 0.49344053864479065, 0.6509935855865479, 0.22773954272270203, -0.8590863347053528, -0.3136771023273468, -0.5797215700149536, -1.2932841777801514, 0.35556238889694214, 1.7451457977294922, -0.255809485912323, -0.3778875768184662, 1.3907825946807861, -0.043727681040763855, -0.026011794805526733, 0.038817889988422394, -1.6487284898757935, -1.1162259578704834, 1.5428285598754883, 0.24633462727069855, -1.290487289428711, -0.5932780504226685, -0.036136142909526825, -0.8646451830863953, -1.4666028022766113, -0.37841832637786865, 0.9563897252082825]",yunet,Facenet,1920,1080,/home/amos/media/tv/modern_family/Modern.Family.S09.1080p.DSNP.WEB-DL.DDP5.1.H.264-CRFW/Modern.Family.S09E21.The.Escape.1080p.DSNP.WEB-DL.DDP5.1.H.264-CRFW.mkv,Modern Family,2009,1442437,9,21,Julie Bowen,31171.0,0.559
380,546,96,834,534,786,264,774,264,0.91,7920,1,"[0.46714550256729126, -0.4672693908214569, 1.0282288789749146, -0.871234655380249, -1.9654878377914429, 0.25893351435661316, -1.0297813415527344, 0.7923746109008789, -1.0986912250518799, -0.7495260834693909, -0.33019378781318665, 1.3779125213623047, 0.911454975605011, 0.5520857572555542, -1.201738953590393, -0.1898881047964096, -0.22138336300849915, -0.32953256368637085, 0.634635329246521, 0.9479696750640869, -0.6502567529678345, 0.8678447008132935, 0.3273942172527313, -0.23170381784439087, -0.3937259614467621, -0.07479102164506912, -1.3965870141983032, 1.5760377645492554, 1.2843513488769531, -1.1185706853866577, -1.1336779594421387, 0.60987788438797, -0.13755589723587036, -0.028113849461078644, 0.18785929679870605, 0.042846616357564926, 0.35377198457717896, -0.5352013111114502, 0.1577281802892685, 0.3371956944465637, 0.49454209208488464, 1.0766704082489014, -1.2592545747756958, -0.22023312747478485, -0.3533376455307007, 0.0022797342389822006, 1.0928252935409546, -0.663352370262146, -0.9006723165512085, -0.7246242761611938, -0.1542101353406906, -0.881331205368042, -0.3427976667881012, -0.9978293776512146, -0.054971348494291306, -0.13445262610912323, -0.001291198655962944, 2.6689000129699707, 0.24712364375591278, -0.7099803686141968, 1.9695395231246948, -1.1398041248321533, -0.5604702234268188, 0.27867695689201355, -0.9927980303764343, 1.1322894096374512, 1.5151231288909912, 0.22721245884895325, 1.4348622560501099, -1.157523274421692, -0.3985896408557892, 0.8078360557556152, 0.2574051022529602, 2.00036883354187, 0.5249373912811279, 0.8658357262611389, 0.6007857322692871, 1.5699992179870605, 1.8949041366577148, 0.2883542776107788, -0.7591037154197693, -1.1090586185455322, -0.7163639068603516, -0.45932450890541077, -0.8090021014213562, -1.378878116607666, 1.3150657415390015, -1.4254049062728882, -0.19506844878196716, 0.3384001553058624, -0.26597437262535095, -0.6731308698654175, -1.6950875520706177, -0.5843736529350281, 0.6537681818008423, -0.13457125425338745, -0.06270159780979156, -0.33018842339515686, 0.3345056176185608, -1.153251051902771, -0.7811511158943176, 1.5677235126495361, -0.7604417204856873, 0.1994808167219162, -0.05785685032606125, 0.9169695377349854, 0.9695571064949036, -1.4513754844665527, -0.19133540987968445, -0.37657490372657776, 1.0012644529342651, 1.1625534296035767, 0.6568869352340698, -0.3393741548061371, 0.16955187916755676, 2.4748377799987793, 0.06615328043699265, -0.9675769805908203, -0.9696890115737915, 0.21778833866119385, -1.919430136680603, 1.1559432744979858, -0.7223479747772217, 0.12356241792440414, 0.8447327613830566, 0.30549952387809753, -0.3294273614883423, -1.2334959506988525]",yunet,Facenet,1920,1080,/home/amos/media/tv/modern_family/Modern.Family.S09.1080p.DSNP.WEB-DL.DDP5.1.H.264-CRFW/Modern.Family.S09E21.The.Escape.1080p.DSNP.WEB-DL.DDP5.1.H.264-CRFW.mkv,Modern Family,2009,1442437,9,21,Ty Burrell,15232.0,0.539
381,636,168,834,438,804,270,744,270,0.907,7944,0,"[0.2893097996711731, 0.8905177116394043, 1.0816174745559692, -0.9083932042121887, -0.7713730931282043, -0.19628193974494934, -0.6492687463760376, -0.3354797959327698, 0.09341280907392502, -2.5723304748535156, 0.5157650709152222, 1.3042837381362915, 0.8149674534797668, -0.6370707750320435, -1.7606035470962524, 0.024868927896022797, -0.35352563858032227, -0.36155444383621216, -0.413257896900177, 1.9050003290176392, -1.320306420326233, 1.9047540426254272, -0.42624980211257935, -0.36037731170654297, -0.9128766655921936, 2.5430169105529785, -2.1261110305786133, 2.135498046875, 1.0400408506393433, -1.4106084108352661, -1.5102375745773315, 0.19133970141410828, -1.1035109758377075, -0.9175043106079102, 0.14818541705608368, 1.5043359994888306, 0.607567310333252, -0.7685401439666748, 1.1460065841674805, 0.4518716633319855, 0.33699414134025574, 0.531183660030365, -1.6177430152893066, -0.9500047564506531, 0.652336835861206, -0.16991834342479706, 0.2701052725315094, 0.012439836747944355, -1.1190266609191895, -0.3722798824310303, 0.7716727256774902, -0.4832906126976013, -0.8941598534584045, -1.3226054906845093, -0.14927244186401367, -0.07343325018882751, 1.2608532905578613, 1.3321465253829956, -0.12922266125679016, 0.6099250316619873, 1.6086883544921875, -1.7832719087600708, -0.13192522525787354, -0.08398303389549255, -1.0389398336410522, 2.783872127532959, 2.166515350341797, 0.36994338035583496, 2.2093496322631836, -0.43636050820350647, 0.29756247997283936, 1.07085382938385, -0.9219308495521545, 2.280571222305298, 0.823914110660553, 0.9632970094680786, -0.6964720487594604, 1.0881786346435547, 1.8362126350402832, 0.38371849060058594, -0.739635705947876, -0.6481714248657227, -0.37007176876068115, -0.3306538462638855, -0.5828514695167542, -0.7816765308380127, 0.9243969917297363, -0.30947309732437134, 0.20565825700759888, 0.0397370345890522, 0.1864093840122223, -1.1896376609802246, 0.21658751368522644, -0.940310001373291, -0.1762658804655075, 0.2750726044178009, -0.08904558420181274, 0.6790401935577393, -1.018193244934082, -1.7536704540252686, 0.2567789554595947, -0.3588351011276245, -1.210680365562439, -0.22607851028442383, -1.0778203010559082, 0.8761756420135498, 1.0284702777862549, -1.9607861042022705, -0.1927899718284607, 0.9782012104988098, 0.7652022838592529, 1.7738292217254639, 1.6208486557006836, -0.4904775023460388, 1.4192612171173096, 2.2542240619659424, -0.9428043365478516, -0.7334049940109253, 0.28809115290641785, 0.4801730215549469, -1.1513186693191528, 1.2651530504226685, 0.552536129951477, -1.020974040031433, 0.9785473942756653, -0.12287704646587372, 0.39773815870285034, -1.0723369121551514]",yunet,Facenet,1920,1080,/home/amos/media/tv/modern_family/Modern.Family.S09.1080p.DSNP.WEB-DL.DDP5.1.H.264-CRFW/Modern.Family.S09E21.The.Escape.1080p.DSNP.WEB-DL.DDP5.1.H.264-CRFW.mkv,Modern Family,2009,1442437,9,21,Ty Burrell,15232.0,0.77
382,642,144,828,414,798,246,756,246,0.904,7968,0,"[0.139084592461586, 0.6899566650390625, 1.1371501684188843, 0.13052594661712646, -1.1972804069519043, -0.4194190502166748, -0.9918625354766846, -0.3957538306713104, -0.35449492931365967, -1.3755314350128174, 0.9738125205039978, 0.6986883878707886, 0.04865023493766785, -0.16538262367248535, -2.6371278762817383, 0.02391345426440239, 0.09665600955486298, -0.7703269124031067, -1.4099072217941284, 2.4408583641052246, -1.644454002380371, 1.7884670495986938, -0.04247809574007988, -0.266079843044281, -1.2080730199813843, 1.6555273532867432, -0.7580742835998535, 1.731428861618042, 0.7310890555381775, -1.3116364479064941, -0.8771436214447021, 0.18071815371513367, -0.8142296075820923, -0.8681676387786865, -0.7376316785812378, 1.810270071029663, 1.4647386074066162, -0.6203650236129761, 0.9028235673904419, 0.738601565361023, 0.09702971577644348, 0.13856078684329987, -1.2092162370681763, -0.46966221928596497, 0.46746307611465454, -0.004243457689881325, 0.2037016898393631, 0.18803533911705017, -1.9620640277862549, -0.22835290431976318, 0.750990629196167, -0.5789427161216736, -0.12420281022787094, -0.5926445722579956, -0.9456355571746826, 0.4620662331581116, 0.8869125247001648, 1.7111053466796875, 0.2820105254650116, -1.0296390056610107, 1.263606071472168, -0.9057885408401489, -0.6713519096374512, 1.0293807983398438, -1.062767505645752, 2.752048969268799, 2.0222105979919434, 0.2164745330810547, 0.999036431312561, -0.6698606014251709, -0.47064611315727234, 0.39862796664237976, 0.49959295988082886, 1.7369792461395264, 1.0699177980422974, 1.6063106060028076, 0.0449291467666626, 1.5209877490997314, 1.2545031309127808, 0.003046683967113495, -1.0729869604110718, -0.7190845012664795, -0.9195910096168518, 0.513893723487854, -0.3057210445404053, -0.7146934270858765, 0.6726885437965393, -0.18663626909255981, 0.3148949146270752, -0.16252662241458893, -0.20162317156791687, -1.4845870733261108, 0.3777506947517395, -0.6954663395881653, 0.4091624617576599, -0.292672723531723, 0.5566328167915344, -0.37542685866355896, -0.7638755440711975, -2.126110792160034, -0.2267679125070572, 0.9698393940925598, -1.07047700881958, -0.7168754935264587, -0.5552380084991455, 1.0082268714904785, 1.2832313776016235, -1.1908481121063232, 0.3973991274833679, 0.5544102787971497, 1.4477496147155762, 2.1108286380767822, 1.6755928993225098, 0.27900734543800354, 0.35345444083213806, 3.304234266281128, -1.634264588356018, -0.9398586750030518, -1.2120273113250732, 0.4995481073856354, -1.6470297574996948, 0.18162952363491058, 0.24340468645095825, -1.462684154510498, 1.294441819190979, -0.5469218492507935, 1.4177320003509521, -0.7086196541786194]",yunet,Facenet,1920,1080,/home/amos/media/tv/modern_family/Modern.Family.S09.1080p.DSNP.WEB-DL.DDP5.1.H.264-CRFW/Modern.Family.S09E21.The.Escape.1080p.DSNP.WEB-DL.DDP5.1.H.264-CRFW.mkv,Modern Family,2009,1442437,9,21,Ty Burrell,15232.0,0.643
383,1056,222,1278,528,1188,336,1086,336,0.931,7992,0,"[-2.7836966514587402, 0.3267216384410858, -0.6613830924034119, -0.03597475215792656, 1.4118397235870361, -2.2607505321502686, -2.171114444732666, 0.10328933596611023, 0.46481218934059143, -0.816976010799408, 0.7578991651535034, 0.22891521453857422, 1.4410029649734497, -0.07857796549797058, 0.683557391166687, 0.33391720056533813, -0.5575662851333618, -0.19673585891723633, -2.2903666496276855, -0.39187848567962646, 0.06292104721069336, 0.004522152245044708, 0.3918377459049225, 1.2724134922027588, -0.568031370639801, -0.1490662395954132, -1.3196536302566528, 1.1620594263076782, -0.47213202714920044, -2.760505437850952, -0.3176130950450897, -0.27545759081840515, -0.03867032378911972, -0.07966382801532745, 0.6213628053665161, 1.1033607721328735, -0.7952982187271118, 0.5370376110076904, 0.6496956944465637, -0.3601258099079132, 0.25264713168144226, -0.32870978116989136, 1.2918704748153687, -0.956749677658081, -2.4313974380493164, -0.15809740126132965, -0.14355799555778503, -0.8523472547531128, -1.5129144191741943, -0.03389713168144226, 0.19842101633548737, -0.8153911232948303, -0.21261218190193176, 0.6416692733764648, -0.1172969788312912, -0.5538821220397949, 0.8531574010848999, -1.0222315788269043, -1.3793364763259888, -0.5776316523551941, 0.15395522117614746, -1.1880123615264893, -2.585906982421875, 0.8242130875587463, 0.6439473628997803, -1.7486063241958618, 0.10836219787597656, -1.4442671537399292, 0.4380964934825897, 0.5050386190414429, 0.3449113070964813, 1.228005290031433, -1.9645041227340698, 1.5612958669662476, 0.4895760715007782, -0.009242396801710129, 1.937580943107605, 0.683908224105835, -0.2965189814567566, -0.8919388651847839, 0.6910107135772705, 0.20996755361557007, 0.5272437930107117, 0.2622568905353546, -0.2356029450893402, 0.7256476879119873, 1.6986147165298462, -0.7051829695701599, -3.084688901901245, -0.0969676524400711, 0.8165690898895264, -2.385859966278076, -0.023586129769682884, -0.7579452395439148, 0.612365186214447, -0.33028197288513184, -0.32868608832359314, 2.135669469833374, 0.3004651665687561, -1.9284722805023193, -1.8879927396774292, -1.0293046236038208, -0.44374364614486694, 1.134475588798523, 0.7043687701225281, -0.5334441661834717, 0.8855416178703308, -0.9265984296798706, 0.08392219245433807, 0.514025866985321, 1.121910810470581, -0.06651031970977783, 0.27130842208862305, 1.4873676300048828, -0.49149084091186523, 0.024529561400413513, 1.6338270902633667, -0.6224502325057983, -1.2571189403533936, 0.7898072600364685, -0.30955278873443604, -0.6227600574493408, 0.14729684591293335, -0.2568417191505432, -0.3373258113861084, -0.456481009721756, -0.6877989172935486, 1.4078911542892456]",yunet,Facenet,1920,1080,/home/amos/media/tv/modern_family/Modern.Family.S09.1080p.DSNP.WEB-DL.DDP5.1.H.264-CRFW/Modern.Family.S09E21.The.Escape.1080p.DSNP.WEB-DL.DDP5.1.H.264-CRFW.mkv,Modern Family,2009,1442437,9,21,Julie Bowen,31171.0,0.671
384,1188,180,1428,522,1314,312,1218,312,0.932,8016,0,"[-0.9299520254135132, 0.6543654203414917, -0.1285831481218338, -1.0838791131973267, 0.8471492528915405, -0.9180586338043213, -2.066331386566162, 0.598579466342926, 0.7109240293502808, 0.5370680093765259, -0.4870777428150177, 1.5585402250289917, -0.426453173160553, 0.009415581822395325, -0.3423098623752594, -0.004450023174285889, -0.5578378438949585, -0.3018805980682373, 0.6449093222618103, -1.4176028966903687, 1.362432837486267, -1.6661280393600464, 0.5577744841575623, -0.05315113812685013, -0.9312952756881714, 0.04271180182695389, -2.005796194076538, 0.2909741699695587, 0.4296475648880005, -1.2194658517837524, -0.7489469051361084, -1.0033873319625854, -0.5851476192474365, -2.4529967308044434, 0.655461847782135, 0.8817020058631897, -1.8954319953918457, 0.10857122391462326, 0.05426151305437088, -0.7136701345443726, -0.6375952363014221, 0.6503294110298157, 1.1898127794265747, 0.6972428560256958, -1.5757611989974976, 1.4480048418045044, 0.22657346725463867, -0.680171012878418, -2.035515308380127, 0.631145715713501, -0.8735866546630859, -0.7992322444915771, 0.27777227759361267, 1.0416395664215088, -0.5412212610244751, -0.8026646375656128, 1.0799661874771118, -0.8443230390548706, 0.07652483135461807, 1.8626538515090942, 0.3648250102996826, -0.7442606687545776, -0.664600133895874, -0.7220664024353027, 0.9613292813301086, -1.2116810083389282, -0.1791582703590393, -0.8476032018661499, 0.967892050743103, 1.8949825763702393, -0.4162769019603729, 2.483999252319336, -2.8983638286590576, 0.6959529519081116, 0.9754666686058044, 0.23368802666664124, 1.768401861190796, 0.668018639087677, 0.6210988163948059, -0.7932897806167603, 0.3889524042606354, -0.7241522073745728, 1.4702603816986084, -2.4757978916168213, -1.107804298400879, -0.6875603199005127, -0.2694227695465088, -1.3314570188522339, -0.8857645988464355, -0.009230436757206917, 1.1047159433364868, -1.5593476295471191, -0.9099726676940918, -0.8928266763687134, -0.15138877928256989, 0.3610435128211975, -1.2589188814163208, 1.1000399589538574, 0.18628443777561188, -1.2871164083480835, -0.6236320734024048, -0.9638326168060303, 0.9428611993789673, 0.8744282126426697, 1.0938212871551514, -1.3312959671020508, 0.15928277373313904, 0.8386876583099365, 0.7005617618560791, 0.8028214573860168, 1.6560559272766113, -1.0574251413345337, -1.1394140720367432, 2.4336893558502197, -0.6264767646789551, -0.7954994440078735, 1.8255795240402222, 0.7483906745910645, -0.1880548894405365, -0.20207658410072327, 1.017717719078064, -0.44314441084861755, -0.8591042757034302, 0.35836002230644226, 0.11295218765735626, -1.8538738489151, -0.8808225393295288, -0.6674641370773315]",yunet,Facenet,1920,1080,/home/amos/media/tv/modern_family/Modern.Family.S09.1080p.DSNP.WEB-DL.DDP5.1.H.264-CRFW/Modern.Family.S09E21.The.Escape.1080p.DSNP.WEB-DL.DDP5.1.H.264-CRFW.mkv,Modern Family,2009,1442437,9,21,Julie Bowen,31171.0,0.558
385,294,120,462,330,450,186,384,192,0.911,8208,0,"[0.40580493211746216, 1.1630358695983887, 0.3244936168193817, -1.2315058708190918, -0.6318429708480835, -0.25786659121513367, 0.013661254197359085, -0.7803421020507812, -1.080360770225525, 2.4288995265960693, 0.1649923324584961, 2.7278897762298584, -0.6232061982154846, -0.40684443712234497, -0.12969885766506195, 1.727756381034851, -1.2735105752944946, -0.5701757669448853, -1.5901788473129272, 1.897009253501892, 0.21904218196868896, 0.03529174625873566, 0.5410512089729309, 0.07318568229675293, -0.856107234954834, 0.023895729333162308, -0.49061164259910583, -0.3278978765010834, 1.5475276708602905, 0.30813854932785034, 0.8652936220169067, -1.4057978391647339, 0.7983930706977844, 0.19900566339492798, 0.16983699798583984, 0.4043785631656647, -1.8808189630508423, -0.19874274730682373, 0.12583814561367035, 0.0522240586578846, -1.8402252197265625, 0.9217200875282288, 0.18080076575279236, 1.618570327758789, -0.8875868320465088, -1.2992912530899048, -1.1531567573547363, 1.1378196477890015, -1.9486690759658813, -0.36820870637893677, 0.8039148449897766, -0.8481968641281128, 0.3314186930656433, 1.3997503519058228, -1.1321868896484375, -0.3411930799484253, 0.25381723046302795, 0.47772759199142456, -2.176649570465088, -0.059158772230148315, -0.6559540033340454, 0.8391515612602234, -2.357250452041626, 0.020021885633468628, 1.3575336933135986, 0.016725391149520874, -0.3662239611148834, -0.07961214333772659, 1.403476595878601, 0.4919903576374054, -0.18131466209888458, 0.5581767559051514, -0.09210343658924103, 1.0068684816360474, 1.6698921918869019, 0.04442713037133217, 0.6240583658218384, -1.1127464771270752, 1.43074631690979, -0.6090396046638489, 0.7457775473594666, -0.6233168840408325, 0.3139161765575409, 0.24000751972198486, 0.2417023777961731, -0.3964608907699585, 0.5675526857376099, 0.09377560019493103, 0.829028844833374, 1.1265243291854858, -1.5290257930755615, 0.02713443525135517, 0.9570589065551758, -0.029545389115810394, 0.749350368976593, 0.85414057970047, -0.19547496736049652, -0.7418028116226196, 0.3757370114326477, -1.6409612894058228, -0.15873432159423828, -0.4828636646270752, -2.1430563926696777, 1.1237430572509766, 0.7994688749313354, -1.0219069719314575, 0.5422927141189575, -0.8177477121353149, 1.075840950012207, -0.3255552053451538, 1.7517917156219482, 1.2478586435317993, -0.3045790195465088, 0.3246760666370392, 0.8114829659461975, 1.7378355264663696, -0.5822429656982422, 1.2436169385910034, 1.0561820268630981, -0.8183647394180298, 1.5738528966903687, -1.2584929466247559, -0.8693600296974182, 0.3015735149383545, 0.8292239904403687, -1.2722442150115967, -0.4492068886756897, 0.3239349126815796]",yunet,Facenet,1920,1080,/home/amos/media/tv/modern_family/Modern.Family.S09.1080p.DSNP.WEB-DL.DDP5.1.H.264-CRFW/Modern.Family.S09E21.The.Escape.1080p.DSNP.WEB-DL.DDP5.1.H.264-CRFW.mkv,Modern Family,2009,1442437,9,21,Sofía Vergara,63522.0,0.609
386,696,120,858,330,810,204,738,204,0.929,8232,0,"[-0.6218533515930176, 2.0330655574798584, 0.020875578746199608, 0.1027250811457634, 0.4657614827156067, 1.3315931558609009, -1.0120435953140259, -0.10681934654712677, 1.2612255811691284, 0.5153287053108215, 0.2938389778137207, 2.666404962539673, -0.3739205598831177, -1.7377864122390747, 0.1867344081401825, 1.6594736576080322, -0.6310381889343262, -0.3962196707725525, -0.9065012335777283, 1.6593033075332642, -0.22047875821590424, 0.9040818214416504, 0.4632977843284607, 0.6939725875854492, -0.7994691729545593, -0.4458101987838745, -1.505720615386963, -0.06040668487548828, 2.983907699584961, 0.6740931868553162, -0.09671510756015778, -3.0284688472747803, 0.8356019854545593, -1.3347598314285278, 1.1326773166656494, 0.8203555345535278, -1.8602681159973145, 1.241836667060852, -0.6978198289871216, 0.8257187604904175, -0.9216632843017578, 0.6965579390525818, -0.7868965864181519, 1.0547691583633423, -1.1641381978988647, 0.09365949034690857, -1.8562525510787964, 0.4024493396282196, -0.7514411211013794, 0.2596265375614166, 0.3995462656021118, 0.28172993659973145, 2.1464076042175293, 0.96744704246521, -0.7562445402145386, 0.26909616589546204, -0.3117832541465759, -1.2941280603408813, -1.3251901865005493, 0.9699962139129639, -0.29360154271125793, 0.8668525815010071, -1.2907888889312744, -0.5590779781341553, 0.6556601524353027, 0.6330564022064209, 0.5270596742630005, 0.5219182372093201, 1.895054578781128, -0.6255271434783936, 0.31231582164764404, 0.4305722415447235, -1.3751100301742554, 1.241057276725769, 1.4745410680770874, 0.8385358452796936, 0.0883965790271759, 0.1705733835697174, 0.8927991986274719, 0.09850476682186127, 1.16715407371521, -0.7842934131622314, -0.8633113503456116, -0.714667558670044, 0.5739049315452576, -0.9818004369735718, 0.1424262672662735, 0.5972198247909546, -0.8039815425872803, 0.5595777630805969, -0.40152087807655334, 0.655933141708374, 1.5981075763702393, 0.37109529972076416, -1.1397353410720825, 1.0699201822280884, -1.0025525093078613, 0.08154755085706711, -0.7036142349243164, -1.0532366037368774, -0.005415152758359909, -0.8750773668289185, -1.4371989965438843, 1.645534873008728, 0.17112025618553162, -0.5192771553993225, -0.23713752627372742, -1.902162790298462, 0.32918581366539, 0.002491949126124382, 1.813876748085022, 1.3220083713531494, -0.4755599796772003, 0.022894641384482384, -0.09386239945888519, 0.7515501976013184, -1.0255476236343384, 0.2847674489021301, 1.382458209991455, 0.654824435710907, 1.3089443445205688, -2.007265090942383, -0.4873696565628052, -0.9837659001350403, 0.8670529127120972, 0.27906185388565063, 0.5378138422966003, 0.8306618332862854]",yunet,Facenet,1920,1080,/home/amos/media/tv/modern_family/Modern.Family.S09.1080p.DSNP.WEB-DL.DDP5.1.H.264-CRFW/Modern.Family.S09E21.The.Escape.1080p.DSNP.WEB-DL.DDP5.1.H.264-CRFW.mkv,Modern Family,2009,1442437,9,21,Sofía Vergara,63522.0,0.739
387,690,132,852,342,810,210,732,210,0.933,8256,0,"[-1.3227007389068604, 1.7596811056137085, 0.13461126387119293, -0.7062288522720337, 0.3295659124851227, 1.4278613328933716, -0.7581472396850586, 0.7019048929214478, 0.8036742806434631, -0.08232580870389938, 1.4008337259292603, 1.9226330518722534, -0.5585198998451233, -1.525420904159546, -0.22932428121566772, 1.8952676057815552, -0.10520720481872559, -0.33560842275619507, -1.9375555515289307, 1.5149987936019897, 0.11508716642856598, 1.0668238401412964, 0.5767816305160522, 0.3863197863101959, -0.5044813752174377, -0.02790389209985733, -0.9653581380844116, 0.05092163383960724, 3.0564205646514893, -0.40234461426734924, 0.6687103509902954, -2.3803656101226807, 1.4429818391799927, -1.038311243057251, 1.317550778388977, 0.28105196356773376, -1.5975016355514526, 1.3419538736343384, -0.32411372661590576, 0.8445026874542236, -1.9753210544586182, -0.23646849393844604, -0.31319090723991394, 0.20956066250801086, -0.839296281337738, -0.871792197227478, -1.4461259841918945, -0.23300442099571228, -0.5823894143104553, -0.3088548481464386, -0.13975118100643158, 0.3198186457157135, 1.6524147987365723, 1.478337287902832, -0.9919788837432861, 0.5985658764839172, -0.3517185151576996, -1.1593308448791504, -1.5590627193450928, 0.4924270808696747, -0.41654476523399353, 1.160110354423523, -1.1326922178268433, 0.011815697886049747, 0.24988830089569092, 0.5433921217918396, 0.514108419418335, 0.8590391874313354, 1.5660208463668823, -0.5691026449203491, -0.24780768156051636, 0.22536906599998474, -1.2115939855575562, 0.7812204360961914, 1.9022363424301147, 0.8387890458106995, 0.1663113534450531, -0.13386505842208862, 0.9381386637687683, 0.1032988578081131, 1.2512140274047852, -0.4105798900127411, -1.4433048963546753, -0.8299375176429749, 0.9229071736335754, 0.17780473828315735, 0.0034056156873703003, 0.23027120530605316, -0.7154699563980103, 0.7634609937667847, -0.5137434005737305, -0.028973661363124847, 1.333202838897705, -0.7918068170547485, -0.8348074555397034, 1.5616663694381714, -1.7276943922042847, -0.006680702790617943, 0.23543652892112732, -1.4181181192398071, -0.4838802218437195, -0.7834022641181946, -0.7815163135528564, 2.0945706367492676, 0.9090844392776489, 0.11305035650730133, -0.17652975022792816, -1.6345200538635254, 0.27656152844429016, 0.03458917886018753, 1.733783483505249, 1.1835147142410278, -0.36223170161247253, -0.06511189788579941, -0.2497556507587433, 0.8201502561569214, -1.3181707859039307, 0.31954506039619446, 0.9866690039634705, 0.01147504523396492, 1.1604573726654053, -1.5384093523025513, -0.2352195829153061, -0.17571502923965454, 0.8268442749977112, 0.2668026089668274, 0.29744064807891846, 1.0734033584594727]",yunet,Facenet,1920,1080,/home/amos/media/tv/modern_family/Modern.Family.S09.1080p.DSNP.WEB-DL.DDP5.1.H.264-CRFW/Modern.Family.S09E21.The.Escape.1080p.DSNP.WEB-DL.DDP5.1.H.264-CRFW.mkv,Modern Family,2009,1442437,9,21,Sofía Vergara,63522.0,0.73
388,726,138,882,336,828,210,756,210,0.93,8280,0,"[-1.321374535560608, 1.0614055395126343, 0.32744136452674866, -1.173322319984436, 0.5666510462760925, 1.5591621398925781, -2.0361721515655518, 0.8218774795532227, 1.5464929342269897, 0.1305343210697174, 0.5399884581565857, 1.64496648311615, -0.388974130153656, -0.9916517734527588, -0.2588505744934082, 1.2850632667541504, 0.02058279886841774, -0.22978255152702332, -1.3613699674606323, 0.6202378273010254, 0.04090088605880737, 1.0066609382629395, 0.5423036813735962, 0.4885626435279846, 0.3086149990558624, -0.03987565636634827, -1.290067195892334, 0.42229026556015015, 3.335618495941162, -1.0847618579864502, 0.1529644876718521, -2.3456079959869385, 1.6465128660202026, -1.20112943649292, 0.8043792247772217, 0.6200984120368958, -1.4701060056686401, 1.7506314516067505, -0.9401764273643494, -0.0565689355134964, -1.5914644002914429, -0.116546131670475, -0.3023563325405121, 0.7576087713241577, -1.609625220298767, -0.6389804482460022, -1.62615966796875, -0.287116676568985, -0.5567246079444885, -0.013147223740816116, 0.42214906215667725, 0.29531434178352356, 1.1608179807662964, 1.1196916103363037, -0.28443285822868347, -0.09714394062757492, -0.8639323115348816, -2.2025678157806396, -1.2375105619430542, 0.7027029395103455, -0.12248537689447403, 0.6293370127677917, -1.0452399253845215, -0.04735110327601433, -0.02664429321885109, 0.9496709704399109, -0.4347437024116516, 0.8288161158561707, 1.949461579322815, -0.8345052003860474, -1.1537489891052246, -0.03316996246576309, -1.6342494487762451, -0.31502291560173035, 1.9973442554473877, 1.289127230644226, 0.019555866718292236, -0.4774014949798584, 1.274459719657898, 0.3936256170272827, 0.681553840637207, 0.019669312983751297, -1.0832366943359375, 0.053461551666259766, 0.6284927129745483, 0.12722252309322357, 0.22256453335285187, 0.49841606616973877, -0.28155195713043213, 1.0275782346725464, 0.08508119732141495, -0.25923341512680054, 1.2733341455459595, -0.732422411441803, -0.4010356068611145, 1.6652419567108154, -1.7582199573516846, 0.11747749894857407, -0.04972205311059952, -1.4535950422286987, 0.3538890480995178, -0.6467187404632568, -0.8221981525421143, 1.908960223197937, 0.43780261278152466, 0.28599005937576294, -0.8249075412750244, -1.5022670030593872, 0.4439111649990082, -0.1616586595773697, 1.6597516536712646, 0.36365294456481934, -1.2827211618423462, 0.20989172160625458, 0.014524845406413078, 0.2758992612361908, -1.2472765445709229, -0.16578194499015808, 0.9503374099731445, -0.36483141779899597, 1.0854403972625732, -1.283620834350586, -0.6323752999305725, 0.18238551914691925, 1.0325549840927124, -0.2990760803222656, 0.9136050939559937, 1.2111167907714844]",yunet,Facenet,1920,1080,/home/amos/media/tv/modern_family/Modern.Family.S09.1080p.DSNP.WEB-DL.DDP5.1.H.264-CRFW/Modern.Family.S09E21.The.Escape.1080p.DSNP.WEB-DL.DDP5.1.H.264-CRFW.mkv,Modern Family,2009,1442437,9,21,Sofía Vergara,63522.0,0.746
389,984,156,1206,438,1098,270,1026,270,0.905,8376,0,"[0.8090310096740723, -0.36308354139328003, 0.7697963714599609, -0.5881043076515198, 0.8520600199699402, 0.35069337487220764, 0.12041836977005005, 1.2649543285369873, 0.9794961810112, 0.5154479742050171, -0.7541473507881165, 0.6530779600143433, -1.2099817991256714, 0.03253326565027237, -1.0251824855804443, -1.188325047492981, 2.067490339279175, -0.3371853232383728, 0.45422402024269104, -1.4296681880950928, -0.03174769878387451, -1.550084114074707, -1.5299463272094727, 1.4778729677200317, 0.910754382610321, -1.8758437633514404, 1.009528398513794, 2.211026668548584, -0.16089306771755219, -0.6558021903038025, -0.9255326986312866, 1.6333377361297607, -1.216394066810608, -0.2827117443084717, -1.5503789186477661, -0.21191440522670746, -0.9945381879806519, -0.5052306056022644, -1.0045807361602783, 0.6888163089752197, -0.9340869784355164, -1.3129643201828003, -0.49976494908332825, 1.059103012084961, 0.8913530707359314, 0.27447259426116943, 0.21368089318275452, -0.34049755334854126, 0.37658780813217163, -1.1464545726776123, -1.2356817722320557, 0.22710944712162018, -0.9998966455459595, 0.09578962624073029, 0.008675581775605679, 1.113533854484558, -0.7922530770301819, -1.732140302658081, -0.07058802247047424, 1.3949812650680542, -1.7776768207550049, 1.2615035772323608, 1.026850938796997, -0.5621976256370544, 0.8060441613197327, 2.267448663711548, -0.3017914593219757, 2.2200217247009277, 0.9862895011901855, -0.7923011779785156, -1.3686741590499878, 0.7451145648956299, 0.6582273840904236, 0.5796374082565308, 0.29742106795310974, 0.5573487281799316, -0.584431529045105, -1.2187732458114624, -0.2150205671787262, 1.5517786741256714, -0.14366479218006134, 0.5252591371536255, -0.3732242286205292, -1.8454091548919678, 0.1406957507133484, 0.718896746635437, -0.17628586292266846, -0.8335533142089844, 1.0274755954742432, 2.6712889671325684, 1.433268427848816, 0.5784769654273987, -0.5249040722846985, -1.0127297639846802, 0.39050835371017456, 0.8888716697692871, -0.5237343907356262, -0.22836849093437195, 0.7863760590553284, 2.562699556350708, -0.4429582357406616, 0.9023086428642273, 0.7297152876853943, -1.8234422206878662, -0.8722280859947205, -0.52925705909729, -1.2665953636169434, 0.1894344985485077, 0.43509551882743835, -1.468249797821045, -0.4734629988670349, -0.5863669514656067, -1.1617785692214966, -1.4087004661560059, 0.2800334692001343, 0.8095214366912842, 0.166046142578125, 2.568619966506958, 1.1375049352645874, -0.165793776512146, -0.015764765441417694, 1.5447431802749634, 0.24322275817394257, -0.18501171469688416, 0.029552273452281952, 0.7388843297958374, 0.41958826780319214, -1.100400447845459]",yunet,Facenet,1920,1080,/home/amos/media/tv/modern_family/Modern.Family.S09.1080p.DSNP.WEB-DL.DDP5.1.H.264-CRFW/Modern.Family.S09E21.The.Escape.1080p.DSNP.WEB-DL.DDP5.1.H.264-CRFW.mkv,Modern Family,2009,1442437,9,21,Ed O'Neill,18977.0,0.579
390,678,198,828,390,804,276,738,276,0.923,8400,0,"[-1.4072694778442383, 1.9901050329208374, 0.9032120704650879, -1.340789556503296, -0.8650813698768616, 0.5858967304229736, -1.7236512899398804, 0.21721012890338898, -0.2780195474624634, 2.212279796600342, 0.09297849982976913, 3.1707193851470947, -0.3464197516441345, -0.6150130033493042, 1.277645468711853, 1.3556784391403198, -1.4490827322006226, -1.162475824356079, -0.7757099270820618, 1.3538578748703003, 0.6942561864852905, 0.1614869087934494, 0.23425430059432983, 0.9715027213096619, -1.5305211544036865, -0.9828726649284363, -2.1360366344451904, 0.3906097412109375, 1.6369417905807495, 0.8568992614746094, -0.5020184516906738, -2.300684928894043, -0.42859241366386414, -1.4802048206329346, 2.534456968307495, 0.7518085241317749, -1.6682672500610352, -1.1023907661437988, 0.6153010725975037, 0.12454302608966827, -1.3456709384918213, 0.15263374149799347, -1.3069002628326416, 1.1296225786209106, -1.517663836479187, 0.2823270559310913, -0.5415545105934143, 0.10409560799598694, -2.465492010116577, 0.8612937927246094, -0.07214108109474182, 0.27336257696151733, 1.9488002061843872, 0.8802700042724609, -1.2033034563064575, -1.2073349952697754, -0.4624260365962982, -0.5673364400863647, -1.5570259094238281, 0.240410715341568, 0.17133590579032898, -0.329057514667511, -0.7734752893447876, -2.1212093830108643, 0.8933439254760742, -0.93693608045578, 0.451969176530838, 0.42493078112602234, 1.8439364433288574, -0.42113709449768066, 0.13244910538196564, 1.251655101776123, -1.224902868270874, 1.2809354066848755, 0.16184347867965698, 0.5324890613555908, 1.309102177619934, -0.3011391758918762, 1.4347648620605469, -0.19596727192401886, 1.1690540313720703, -2.0678865909576416, -0.936917245388031, -0.11483588814735413, 0.5119785070419312, -2.1241137981414795, 0.11868270486593246, -0.07135781645774841, -0.5166151523590088, 0.4943632483482361, -0.6322038173675537, -0.33032578229904175, 0.42660003900527954, 1.0064609050750732, -0.5349886417388916, 1.640647530555725, 0.33933180570602417, 1.2124741077423096, 0.2099420428276062, -1.433266043663025, 0.1363479197025299, -0.07526508718729019, -1.1863625049591064, 1.1140023469924927, -0.5693418383598328, -0.7370927333831787, -0.18229269981384277, -1.1377532482147217, 1.0472774505615234, 0.7219332456588745, 2.0406627655029297, 0.5936924815177917, 0.9662832021713257, -0.7874478101730347, 0.617162823677063, 0.8450734615325928, 0.888396143913269, 0.37587472796440125, 0.579354465007782, 0.7913894057273865, 0.18003207445144653, -1.6669278144836426, -0.9055379033088684, -0.5340108871459961, 0.8945690393447876, 0.3036677837371826, -0.4139118492603302, 0.3907404839992523]",yunet,Facenet,1920,1080,/home/amos/media/tv/modern_family/Modern.Family.S09.1080p.DSNP.WEB-DL.DDP5.1.H.264-CRFW/Modern.Family.S09E21.The.Escape.1080p.DSNP.WEB-DL.DDP5.1.H.264-CRFW.mkv,Modern Family,2009,1442437,9,21,Sofía Vergara,63522.0,0.671
391,660,198,798,378,768,276,708,270,0.905,8424,0,"[-1.8133286237716675, 1.8091583251953125, -0.18501704931259155, 0.633758544921875, 0.040810320526361465, 0.28168362379074097, -1.1043891906738281, -1.134638786315918, -0.609965980052948, 2.035682201385498, 0.6506453156471252, 2.9832687377929688, 0.16122455894947052, -0.624308705329895, -0.1321297585964203, 0.7722134590148926, -1.873589038848877, 0.13456127047538757, -1.2256027460098267, 2.7216525077819824, 0.5550955533981323, 0.7692808508872986, 0.6583988070487976, 1.3229823112487793, -1.1776072978973389, 0.40207618474960327, -0.8277068138122559, -0.9901496171951294, 2.343628406524658, -0.059817664325237274, 1.396805763244629, -1.0786372423171997, 0.5262288451194763, -0.5670817494392395, 0.4488235116004944, -0.18342185020446777, -1.6158527135849, 0.42543867230415344, -0.036112695932388306, -0.4007711112499237, -1.333199381828308, 1.0190093517303467, 0.10641581565141678, 1.118367314338684, -1.9763785600662231, -0.3661769926548004, -0.6291229128837585, 0.1291116327047348, -0.7398726344108582, 0.6842712163925171, 1.5177830457687378, -0.16867072880268097, 2.2242467403411865, 1.0698189735412598, 0.00706247054040432, -1.1001874208450317, -1.4688351154327393, -1.2474147081375122, -0.84236079454422, 0.6267203092575073, -0.004523169249296188, 0.623546838760376, -1.845456600189209, -1.6395810842514038, 1.143462061882019, -0.7536905407905579, -0.04276152700185776, 1.7585698366165161, 1.4300358295440674, 0.9072026014328003, -1.156912088394165, 0.7961010932922363, -1.4045641422271729, 1.7104580402374268, -0.14203527569770813, 0.7604902982711792, 0.8417402505874634, -0.7132464647293091, 0.49998044967651367, -0.9156585931777954, 1.158197283744812, -0.9155664443969727, -0.9880462884902954, 1.464884638786316, 0.07753323763608932, 0.841825008392334, 0.2355811595916748, 0.9372721910476685, -1.2959121465682983, -0.5903097987174988, 0.026733383536338806, 0.4347184896469116, 1.3904162645339966, 0.23331695795059204, 0.47313565015792847, 0.6210793852806091, 0.5372229814529419, 0.7290383577346802, 1.751451015472412, -2.6215503215789795, -0.9937554001808167, -1.0424162149429321, -1.2091656923294067, 0.6951002478599548, -0.2629067003726959, -1.4640145301818848, 0.17981688678264618, 0.014030195772647858, 0.3092731535434723, -0.9450355172157288, 1.4347388744354248, 0.2826884984970093, -0.16341948509216309, -0.11032551527023315, 0.3217129409313202, 1.898427963256836, -0.8231507539749146, 0.2144678831100464, 0.81606125831604, 1.768833875656128, 0.07741737365722656, -1.9960881471633911, -0.7511051297187805, -0.231141597032547, 1.2891710996627808, -0.8762593269348145, 0.17094583809375763, 1.3013218641281128]",yunet,Facenet,1920,1080,/home/amos/media/tv/modern_family/Modern.Family.S09.1080p.DSNP.WEB-DL.DDP5.1.H.264-CRFW/Modern.Family.S09E21.The.Escape.1080p.DSNP.WEB-DL.DDP5.1.H.264-CRFW.mkv,Modern Family,2009,1442437,9,21,Sofía Vergara,63522.0,0.563
392,582,78,732,276,690,168,618,168,0.9,8448,0,"[-0.2301880121231079, -2.0883615016937256, 0.5837472677230835, 0.17696309089660645, 2.216470956802368, -0.3459523320198059, 0.047389741986989975, 0.7962970733642578, 0.17569500207901, 0.39808472990989685, -0.5791005492210388, 1.0552773475646973, -1.1573840379714966, -0.6337671279907227, 0.28686439990997314, -1.0033615827560425, 1.7072502374649048, 1.2103476524353027, 0.7283897995948792, -0.7665667533874512, -1.2640774250030518, -2.185932159423828, -1.5265923738479614, -0.6117662191390991, 0.2843027710914612, -1.365681529045105, 0.7141894102096558, 2.9243040084838867, -0.5265622735023499, 0.032763369381427765, 0.0663878545165062, 1.7455458641052246, -1.4466902017593384, -0.7239632606506348, -2.506883382797241, -0.01980590634047985, -0.5973735451698303, -0.1697152853012085, -1.7112293243408203, 0.17385528981685638, 0.20364975929260254, -0.338130384683609, 0.2644280195236206, 2.1527557373046875, 1.2077465057373047, -1.4430571794509888, -0.9776882529258728, 0.1596103459596634, 0.6855390667915344, -0.07376616448163986, -0.5888270735740662, -0.22889958322048187, -1.273550033569336, 1.217890739440918, -0.05365803465247154, 0.22978012263774872, -0.4766558110713959, -0.5234989523887634, -1.0685044527053833, 0.7577275633811951, -1.6643143892288208, 0.5002851486206055, 0.8310540914535522, 1.088721752166748, 0.20166581869125366, 2.113632917404175, -0.6406300663948059, 1.2338883876800537, 0.3026319146156311, -0.41652363538742065, -1.8753858804702759, 0.13262289762496948, 0.8001981973648071, 1.1128336191177368, 0.517340898513794, 0.6294587254524231, -1.2466927766799927, -0.8116536140441895, -1.1554079055786133, 2.651360034942627, -1.3961776494979858, 1.721045970916748, -0.49175015091896057, -1.6891387701034546, -1.0803269147872925, -0.33090758323669434, 0.023623919114470482, 0.15838132798671722, 0.1781451404094696, 2.5514581203460693, 0.5039357542991638, -0.3553054928779602, -1.562287449836731, -0.9989295601844788, -0.0656617134809494, -1.1303620338439941, -1.3692142963409424, -1.1728788614273071, 0.7668594717979431, 1.7241361141204834, -0.3161383271217346, 0.964959442615509, -0.130021333694458, -2.024385452270508, 0.47968554496765137, -0.2727946639060974, -0.4939073324203491, -1.4169560670852661, 1.5519243478775024, -1.3154271841049194, -0.661376953125, 0.1650066375732422, -1.1399649381637573, -0.8084723353385925, 1.0164439678192139, 0.7193698883056641, 0.2977488040924072, 1.093281626701355, 0.27353960275650024, -0.3694891631603241, 0.16313908994197845, 1.1623663902282715, 1.0790386199951172, -0.03182925283908844, -0.4494825005531311, -0.11072330921888351, 0.3889976441860199, 0.24863339960575104]",yunet,Facenet,1920,1080,/home/amos/media/tv/modern_family/Modern.Family.S09.1080p.DSNP.WEB-DL.DDP5.1.H.264-CRFW/Modern.Family.S09E21.The.Escape.1080p.DSNP.WEB-DL.DDP5.1.H.264-CRFW.mkv,Modern Family,2009,1442437,9,21,Ed O'Neill,18977.0,0.664
393,756,216,894,390,864,294,810,294,0.906,8544,0,"[-3.570716142654419, 0.6000756025314331, -0.1795543134212494, -0.19158011674880981, 1.6079150438308716, 0.4659750461578369, -0.8837375044822693, 0.14130599796772003, 1.7910369634628296, 0.4138546586036682, 2.2910878658294678, 2.3676705360412598, 0.6268857717514038, -2.69191575050354, 0.08532340824604034, 1.607438325881958, -1.307919979095459, 0.3350369334220886, -2.0423085689544678, 0.897085428237915, 0.9802476167678833, -0.5957576632499695, -0.5922096371650696, 1.562029242515564, -2.219036102294922, -0.4998597502708435, -2.31610369682312, 0.7588149309158325, 1.37997567653656, -0.7855837941169739, 1.428118109703064, -2.1926801204681396, 0.18175727128982544, -0.40259653329849243, 1.126933217048645, 0.13630671799182892, -2.004141330718994, 0.3941946029663086, 0.3226926028728485, -0.20958805084228516, -0.044632941484451294, 0.2143522948026657, 0.38167062401771545, 0.41948509216308594, -1.8802095651626587, -0.22584933042526245, -0.09032741189002991, -0.22376957535743713, -0.16326913237571716, 0.40951815247535706, -0.2965606451034546, 0.7254435420036316, 0.7964727878570557, 0.8887699246406555, -0.13124112784862518, 0.6292119026184082, -1.2895851135253906, -2.112299919128418, -0.17519505321979523, 1.1707435846328735, 0.39042314887046814, 0.8561031818389893, -1.3037805557250977, -0.49162742495536804, 1.4348376989364624, 1.0881083011627197, -0.08713982254266739, 1.0924688577651978, 1.8190507888793945, -0.015743006020784378, -0.5022845268249512, 0.3598039746284485, -1.2212045192718506, 1.2626875638961792, 0.34521156549453735, 1.009304404258728, 0.22770056128501892, -0.18570256233215332, -0.7186287641525269, 0.5765308737754822, 0.014719702303409576, -1.6394315958023071, -0.6559330224990845, -0.23215459287166595, 0.4679929316043854, -0.6006828546524048, -0.14320938289165497, 1.474831223487854, -1.3300492763519287, 1.325910210609436, 0.20679262280464172, -0.8558019399642944, 0.7350407242774963, 0.79799485206604, -0.0023425519466400146, 0.865303635597229, -1.0194810628890991, 1.174324631690979, 0.38190436363220215, -1.0129430294036865, -0.2499976009130478, -1.5364753007888794, -0.9328728914260864, 1.9347261190414429, 0.3208441436290741, 0.7665371894836426, 0.6957380771636963, -0.7391949892044067, -0.35397619009017944, 0.17985862493515015, 3.1673357486724854, 0.6623938679695129, -0.3204098343849182, -0.18241147696971893, 0.13003823161125183, 1.1462591886520386, 0.44012272357940674, -0.5072062015533447, -0.1839217245578766, 0.1673073023557663, 0.675794780254364, -1.0015169382095337, 0.19973187148571014, -0.45650628209114075, -0.6370846629142761, -1.1293129920959473, 0.08861616998910904, 0.2409014254808426]",yunet,Facenet,1920,1080,/home/amos/media/tv/modern_family/Modern.Family.S09.1080p.DSNP.WEB-DL.DDP5.1.H.264-CRFW/Modern.Family.S09E21.The.Escape.1080p.DSNP.WEB-DL.DDP5.1.H.264-CRFW.mkv,Modern Family,2009,1442437,9,21,Sofía Vergara,63522.0,0.645
394,684,150,834,348,816,228,750,228,0.918,8568,0,"[-1.6181076765060425, 0.7949943542480469, 0.8480315804481506, -0.8571372032165527, 0.13230770826339722, 0.363349586725235, -1.148666262626648, -0.2295299470424652, 0.3149716556072235, 0.8111247420310974, -0.5470886826515198, 2.3646678924560547, -0.4572256803512573, -1.3540408611297607, 0.4907095730304718, 0.9019089937210083, -1.744431972503662, -1.2302547693252563, -1.4664703607559204, -0.13160838186740875, 1.1977578401565552, -0.5672240257263184, 0.5935742259025574, -0.17687764763832092, -2.383842706680298, -1.691715955734253, -0.8394685983657837, -0.25942566990852356, 1.5470460653305054, 0.5705885291099548, 0.44225457310676575, -2.007676601409912, 1.25800621509552, -1.0978320837020874, 1.185257077217102, 0.27646586298942566, -1.5751962661743164, -1.2822761535644531, 0.37083178758621216, 0.06172001361846924, -0.4483073949813843, -0.1867242157459259, -1.7034811973571777, 0.9294109344482422, -0.6665724515914917, 0.6092694401741028, 0.11994032561779022, 0.2518004775047302, -2.5337512493133545, 0.0999440997838974, -1.410549521446228, 1.4605803489685059, 0.5487604737281799, 1.1575324535369873, 0.22836008667945862, 0.6985607147216797, -0.5071362257003784, -0.6760051250457764, -1.2287604808807373, 0.26600077748298645, 0.25074124336242676, -0.7085931301116943, -1.1159719228744507, -1.5747374296188354, 0.0869210809469223, 0.617066502571106, 0.12078395485877991, 0.9691879153251648, 0.5805546641349792, -1.7812000513076782, -1.30126953125, 0.6471647024154663, -0.5648852586746216, 0.14079967141151428, 0.5756586790084839, 1.3766143321990967, -0.8589920997619629, -0.8981773257255554, 0.9169661402702332, -1.3933465480804443, 0.6846264004707336, -0.7610325813293457, -0.2091292440891266, 0.2934473752975464, 0.9281712174415588, -2.5359530448913574, -0.2298429310321808, 1.1892766952514648, 0.3732447624206543, 1.4026588201522827, -1.9785088300704956, 0.21853335201740265, 1.4139890670776367, 0.2964666783809662, -0.25689858198165894, 1.7964732646942139, -0.9025147557258606, 0.5185125470161438, 0.41564488410949707, -0.7509115934371948, 0.29448509216308594, -0.7609854340553284, -2.0030150413513184, 1.3632678985595703, 1.3835853338241577, -0.6715973615646362, 0.027227316051721573, 0.7525495290756226, 0.9134549498558044, -0.09349960833787918, 1.567266821861267, 0.5713611841201782, 0.46929362416267395, -1.4192426204681396, -0.3981591463088989, 1.4926351308822632, 0.09018170088529587, 0.541325569152832, 0.5137286186218262, -0.5432143211364746, 0.6904439926147461, -1.2877027988433838, -0.8093562722206116, 0.33624833822250366, 1.4188852310180664, -0.2957729995250702, -0.9570867419242859, 0.5038827061653137]",yunet,Facenet,1920,1080,/home/amos/media/tv/modern_family/Modern.Family.S09.1080p.DSNP.WEB-DL.DDP5.1.H.264-CRFW/Modern.Family.S09E21.The.Escape.1080p.DSNP.WEB-DL.DDP5.1.H.264-CRFW.mkv,Modern Family,2009,1442437,9,21,Sofía Vergara,63522.0,0.754
395,696,234,846,426,828,318,750,312,0.92,8592,0,"[-2.347368001937866, 0.20930051803588867, 0.31863418221473694, 0.6210740208625793, 1.6391793489456177, 1.6890186071395874, -1.5612863302230835, -1.0604581832885742, 0.8574935793876648, 1.877862572669983, 0.5663053393363953, 2.9893457889556885, -0.5896708369255066, -1.3871359825134277, -0.36865493655204773, 1.3236123323440552, -1.0063378810882568, -0.05212138593196869, -0.6037312746047974, 1.5605863332748413, 0.7469635009765625, -0.3350186347961426, 0.2440493106842041, 0.0337272509932518, -2.161133050918579, -0.5934900045394897, -1.1171821355819702, -0.5675491690635681, 1.398071527481079, 0.7191200852394104, 1.3457181453704834, -1.8456000089645386, 0.9103880524635315, -1.7245275974273682, 0.6790030598640442, 1.4438108205795288, -2.6018640995025635, 0.43059247732162476, -0.8791281580924988, -0.10029415786266327, 0.09727517515420914, 0.07294793426990509, -0.5790284872055054, 1.1169404983520508, -1.0713326930999756, -0.29190316796302795, -0.5748515725135803, 0.6629880666732788, -1.369107723236084, 0.6464066505432129, 0.4309156537055969, 0.5004773736000061, 1.8044692277908325, 0.48010700941085815, 0.09917429089546204, -0.4047749638557434, -1.5149835348129272, -2.1026451587677, 0.1806654930114746, 0.6593442559242249, 0.5340580344200134, 0.29749447107315063, -1.0670661926269531, -1.1670327186584473, 0.8435261249542236, -0.05372875928878784, 0.5691506266593933, 1.4465067386627197, 1.7260442972183228, 0.36384665966033936, -1.210944652557373, -0.401970773935318, -1.2367546558380127, 1.7829269170761108, 0.9209005832672119, 1.732890009880066, 0.6761342287063599, -0.4099006652832031, -0.12837140262126923, -0.1779872477054596, 0.41256242990493774, -0.9663032293319702, -1.368285894393921, 0.8876711130142212, 0.5516420006752014, -1.117315649986267, 0.4201106131076813, 1.2524023056030273, -0.7824312448501587, 0.9737557172775269, -1.1124688386917114, 0.5003865957260132, 1.9120887517929077, 0.904025137424469, -0.5314198136329651, 0.6256154179573059, -0.3380846679210663, 1.1775461435317993, 0.10397413372993469, -0.49772515892982483, -0.447335422039032, -1.5983175039291382, -1.7384611368179321, 0.4102711081504822, 0.6352154612541199, -1.0388257503509521, 0.1835869699716568, 0.4352666735649109, 0.7781558036804199, -0.5383742451667786, 2.014176607131958, 1.4217069149017334, -0.5466568470001221, -0.06891632825136185, 0.03559882938861847, 1.3398817777633667, -0.41591736674308777, 0.0793956071138382, -0.0959424152970314, 0.7778236865997314, 0.8306871652603149, -2.158229112625122, -0.889970600605011, 0.21163047850131989, 1.7492055892944336, -1.1074154376983643, 0.13203148543834686, 1.3338675498962402]",yunet,Facenet,1920,1080,/home/amos/media/tv/modern_family/Modern.Family.S09.1080p.DSNP.WEB-DL.DDP5.1.H.264-CRFW/Modern.Family.S09E21.The.Escape.1080p.DSNP.WEB-DL.DDP5.1.H.264-CRFW.mkv,Modern Family,2009,1442437,9,21,Sofía Vergara,63522.0,0.715
396,714,192,852,384,834,264,780,264,0.902,8616,0,"[-1.3234249353408813, 1.2019742727279663, -0.515967071056366, 0.08760204166173935, 0.04915275424718857, 0.8284923434257507, -0.6434180736541748, -0.5717171430587769, -0.29076918959617615, 2.421619415283203, -0.35064083337783813, 2.599381923675537, -0.41288697719573975, -0.3979429006576538, 0.16187810897827148, 1.4600976705551147, -1.3959367275238037, -1.0810078382492065, -1.4678049087524414, 1.5554572343826294, 0.8729290962219238, 0.08415740728378296, 1.1857917308807373, 0.683925449848175, -1.08132803440094, -1.139714002609253, -0.6684744358062744, -0.6431974768638611, 2.3896923065185547, 0.8469955325126648, 0.9241189956665039, -1.9891146421432495, 1.1624867916107178, -0.9283401966094971, 1.5359573364257812, -0.4333379566669464, -1.7321897745132446, 0.09981085360050201, 0.5814493894577026, 0.4685920178890228, -1.2077757120132446, 0.2779677212238312, -0.6322364807128906, 1.1970958709716797, -1.053719401359558, -0.5713457465171814, -1.1179497241973877, 0.7791633605957031, -1.6735892295837402, 0.3536339998245239, -0.46831077337265015, 0.7238350510597229, 1.5330424308776855, 1.5678024291992188, -0.8756043910980225, 0.262580931186676, -0.6687310934066772, -0.37999773025512695, -1.3004848957061768, -0.0014545619487762451, -0.4779852032661438, 0.4438786506652832, -1.8458045721054077, -1.6514261960983276, 0.3212985396385193, -0.4699910283088684, -0.03927791863679886, 1.2066868543624878, 1.021126389503479, -1.1601005792617798, -1.0721673965454102, 0.9771332740783691, -0.2353041172027588, 1.1280877590179443, 0.008824747987091541, 0.08821025490760803, 1.1578071117401123, -1.2831257581710815, 1.1424317359924316, -1.2712655067443848, 1.0865182876586914, -1.0120148658752441, -0.44628873467445374, 0.48816171288490295, -0.00825192779302597, -1.0967897176742554, 0.4635181725025177, 0.23561061918735504, -0.19744566082954407, 0.8821284174919128, -1.3238061666488647, 0.5548604726791382, 0.9295579791069031, 0.3473206162452698, -0.044842593371868134, 1.1935197114944458, 0.06466680765151978, -0.0714578703045845, 0.02624596655368805, -1.4146602153778076, -0.36373335123062134, -0.3492998480796814, -1.997158408164978, 1.490209937095642, 0.7605670690536499, -1.42068350315094, 0.6425410509109497, -1.3152759075164795, 1.0760679244995117, -0.48710691928863525, 2.0909557342529297, 0.805332601070404, 0.7480777502059937, -0.5467666387557983, -0.04013938456773758, 0.9567282199859619, -0.1968105584383011, 1.287681221961975, 1.007493019104004, 0.3366447985172272, 0.6873001456260681, -1.383655071258545, -0.6248924732208252, 0.2767311930656433, 0.9044830203056335, 0.32337966561317444, 0.2901226282119751, 0.9853439331054688]",yunet,Facenet,1920,1080,/home/amos/media/tv/modern_family/Modern.Family.S09.1080p.DSNP.WEB-DL.DDP5.1.H.264-CRFW/Modern.Family.S09E21.The.Escape.1080p.DSNP.WEB-DL.DDP5.1.H.264-CRFW.mkv,Modern Family,2009,1442437,9,21,Sofía Vergara,63522.0,0.718
397,672,186,822,384,780,270,714,270,0.929,8640,0,"[-1.4024202823638916, 0.2263544499874115, 1.1711117029190063, -0.576196551322937, 1.6058303117752075, 0.7450171113014221, -0.5187646150588989, -0.7245030999183655, 0.17842504382133484, 0.7952658534049988, 1.4752912521362305, 1.9020425081253052, 0.5658531785011292, -1.492272138595581, 0.16535380482673645, 1.8173290491104126, -0.943408727645874, 0.19229312241077423, -2.24746036529541, 0.9293067455291748, 0.4853045642375946, 0.08001589775085449, 0.10382386296987534, -0.21538621187210083, -1.5330411195755005, -0.15251266956329346, 0.155048668384552, -0.12458828091621399, 0.8607971668243408, -0.35260769724845886, 0.7621374130249023, -1.2852468490600586, 0.598088800907135, -1.7322518825531006, 0.03707830607891083, 0.923579216003418, -1.8031796216964722, 0.48279890418052673, -0.7096436023712158, -0.10849471390247345, -0.8379201889038086, -1.761010766029358, 0.2171953320503235, 0.05055677890777588, -1.3319329023361206, -0.6487863659858704, 0.27955496311187744, -0.7511651515960693, -1.35760498046875, -0.44788774847984314, -1.15402090549469, -0.06000922992825508, 0.5930744409561157, 1.2380657196044922, 0.4733700156211853, -0.6377920508384705, -0.8697041273117065, -1.0555968284606934, 0.1715185046195984, 0.5668721795082092, -0.10473816096782684, 0.28761518001556396, -0.5274765491485596, 0.0739426463842392, 0.9262132048606873, 0.20933139324188232, 0.17934304475784302, 0.3066854476928711, 0.8407043218612671, 1.121000051498413, -0.853400707244873, -0.23960834741592407, -0.9055300354957581, 1.7886465787887573, 1.8349453210830688, 1.5811197757720947, -0.43059834837913513, -0.2944028973579407, 0.6085377335548401, 0.20560206472873688, 0.8709897994995117, -0.7739049196243286, -1.4819092750549316, 0.8624808192253113, 1.8128513097763062, 0.252370685338974, -0.3539036512374878, 0.21229340136051178, -0.4591663181781769, 0.3030107915401459, -0.2487090826034546, -0.5189347267150879, 1.861822247505188, -1.5280234813690186, -0.5380709171295166, 1.821860909461975, -1.5822956562042236, 0.949266791343689, 1.0927770137786865, -2.2064719200134277, -1.4821799993515015, -1.4871940612792969, -0.8530392050743103, 0.43938353657722473, 1.2952494621276855, -0.08870138227939606, 0.05601734295487404, 0.5518308877944946, 1.2385354042053223, 0.2475365847349167, 1.6334081888198853, 1.2572590112686157, -0.43184855580329895, -0.10474278032779694, -4.338286817073822e-05, 1.109395980834961, -0.8595038652420044, 0.4084608256816864, -0.5769124031066895, 0.45798441767692566, 1.433117151260376, -1.746645212173462, -0.21352125704288483, 0.0559912845492363, 0.5722051858901978, -0.15023967623710632, -0.049432456493377686, 0.6360547542572021]",yunet,Facenet,1920,1080,/home/amos/media/tv/modern_family/Modern.Family.S09.1080p.DSNP.WEB-DL.DDP5.1.H.264-CRFW/Modern.Family.S09E21.The.Escape.1080p.DSNP.WEB-DL.DDP5.1.H.264-CRFW.mkv,Modern Family,2009,1442437,9,21,Sofía Vergara,63522.0,0.63
398,366,198,540,432,498,288,408,288,0.92,8664,0,"[-0.7931342124938965, 2.4178342819213867, 1.2943049669265747, -1.7834080457687378, -0.43926551938056946, 1.804571270942688, -0.27037888765335083, 0.7450933456420898, 0.7082477807998657, 0.4215409457683563, 1.3678219318389893, 2.51786208152771, -1.2205605506896973, -0.3559543192386627, 0.6854783296585083, 1.6472890377044678, -0.8474469184875488, 0.06354530155658722, -0.8757797479629517, 1.109794020652771, -0.41067227721214294, 0.28716596961021423, 0.10903195291757584, 0.2235807478427887, -0.9777790307998657, -0.2550017535686493, -1.8094714879989624, -0.1796000897884369, 1.9160857200622559, 0.4357573091983795, 0.5388367772102356, -2.6750502586364746, 0.5864731073379517, -0.3881225287914276, 1.6578621864318848, 0.2790813446044922, -1.2618902921676636, 0.18787506222724915, 0.29217904806137085, 1.136427879333496, -2.0783348083496094, -0.45567724108695984, -0.6299625635147095, 1.2256660461425781, -1.4544224739074707, -0.7965174317359924, -0.8884287476539612, -0.07202698290348053, -1.1733062267303467, 0.3873881995677948, -0.6778770685195923, 0.9420177340507507, 1.5001628398895264, 1.0922844409942627, -0.48973461985588074, 0.2551918029785156, -0.21561677753925323, 0.22903627157211304, -1.0504521131515503, 0.5543068051338196, -0.31029772758483887, 0.701423704624176, -0.20395079255104065, -0.41995111107826233, 1.2894848585128784, 0.4866982102394104, -0.452531635761261, 1.6760174036026, 1.4826701879501343, -0.33849388360977173, -0.22978967428207397, 0.3328930735588074, -0.5643708109855652, 0.8266443014144897, 0.2612181305885315, 1.360302209854126, -0.23184499144554138, -1.3568326234817505, 0.5258105993270874, 0.4403841495513916, 1.1857136487960815, -1.6493630409240723, -1.3065818548202515, -0.0010831784456968307, 1.573538899421692, -1.8707715272903442, -0.4841897487640381, 0.672631561756134, -0.1996903121471405, 0.8481752872467041, -1.216840147972107, -0.5713955163955688, 0.7955157160758972, -0.7993559837341309, -1.6382641792297363, 1.8321268558502197, -2.0055086612701416, 0.2541375756263733, 0.23018288612365723, -1.6085460186004639, -0.13193434476852417, -0.3491615355014801, -1.4189413785934448, 1.3578073978424072, -0.1429465413093567, 0.2521633505821228, -0.6520857214927673, -1.6273921728134155, 0.8010889887809753, -0.3352462351322174, 2.2424869537353516, 1.3061463832855225, 0.33445173501968384, -0.6437132358551025, 0.7832854986190796, 0.8778754472732544, 0.07102294266223907, -0.10350717604160309, 2.075772523880005, 0.9261643886566162, 0.9457705020904541, -1.2134736776351929, -0.3276917338371277, -0.4002818763256073, 0.4894590973854065, 0.06196937710046768, 0.5515557527542114, 0.7743790745735168]",yunet,Facenet,1920,1080,/home/amos/media/tv/modern_family/Modern.Family.S09.1080p.DSNP.WEB-DL.DDP5.1.H.264-CRFW/Modern.Family.S09E21.The.Escape.1080p.DSNP.WEB-DL.DDP5.1.H.264-CRFW.mkv,Modern Family,2009,1442437,9,21,Sofía Vergara,63522.0,0.711
399,570,72,762,318,696,162,606,162,0.936,8688,0,"[-0.5452487468719482, 2.5077717304229736, 0.7613707780838013, -0.7143102884292603, -0.3408970534801483, 1.4767082929611206, -0.5261904001235962, 0.8742165565490723, 1.9920769929885864, 0.4264407455921173, -0.4289076626300812, 2.603684425354004, -0.420166015625, -0.7424430847167969, -0.043751269578933716, 2.3251140117645264, -1.3721904754638672, 0.11800937354564667, -1.4196499586105347, 0.4479764699935913, -0.11500724405050278, 1.840661644935608, 0.529473602771759, 0.8123639225959778, 0.13667762279510498, -0.9332097768783569, -2.070857286453247, 0.4717399477958679, 2.5510854721069336, 0.43047580122947693, -0.6940711736679077, -3.536832571029663, 0.608447790145874, -0.9756929278373718, 0.9671663045883179, -0.3065957725048065, -1.5180743932724, 0.7480399012565613, -1.063823938369751, 0.2511918544769287, -1.0990980863571167, 0.05033346265554428, -0.6723971366882324, 1.3762811422348022, -1.9670994281768799, 1.1538972854614258, -0.3712242841720581, -1.345996618270874, -2.105311393737793, 1.0289357900619507, 0.06647244840860367, 0.5945817232131958, 1.498862385749817, -0.008438225835561752, -0.1626335233449936, -0.09718964248895645, -0.5179523229598999, -0.9932170510292053, -1.2706118822097778, 0.5728178024291992, 0.5876792073249817, 0.8294240236282349, -1.0251528024673462, -0.754603922367096, 1.4706882238388062, 0.573049008846283, -0.7889856100082397, 1.6091194152832031, 1.7318531274795532, -1.8953131437301636, -0.0830116793513298, 0.9044280052185059, -0.8847236037254333, -0.39893728494644165, 1.344021201133728, 1.653963565826416, -0.07838331907987595, 0.15750844776630402, 1.8318599462509155, 0.36236995458602905, 0.46253037452697754, -0.6775671243667603, 0.05411607772111893, -0.07537337392568588, 0.7352294921875, -1.1927958726882935, 0.6133179068565369, 0.9908839464187622, -0.09946213662624359, 1.284334659576416, 0.1567055732011795, -0.3757854104042053, 1.7278194427490234, 0.0888773500919342, -0.4962695837020874, 1.0382153987884521, -0.8027247190475464, 0.7105721831321716, 0.10254697501659393, -1.0496073961257935, 0.6333932280540466, 0.5381593704223633, -1.3083301782608032, 1.5677882432937622, -0.709652304649353, -0.7348002791404724, -1.357814908027649, -0.46666327118873596, -0.1285037398338318, 0.17163872718811035, 1.9724420309066772, 1.2469956874847412, 0.41277068853378296, -0.29318833351135254, -0.06733443588018417, 0.6041945219039917, -0.016961365938186646, 0.8953381776809692, 1.665747880935669, -0.2647194564342499, 1.475248098373413, -0.4559742510318756, -1.0625371932983398, -0.23437322676181793, 0.6636884808540344, -0.6843100190162659, -0.779913604259491, 0.4665132761001587]",yunet,Facenet,1920,1080,/home/amos/media/tv/modern_family/Modern.Family.S09.1080p.DSNP.WEB-DL.DDP5.1.H.264-CRFW/Modern.Family.S09E21.The.Escape.1080p.DSNP.WEB-DL.DDP5.1.H.264-CRFW.mkv,Modern Family,2009,1442437,9,21,Sofía Vergara,63522.0,0.707
400,306,42,516,324,432,144,336,138,0.906,8712,0,"[-1.531059741973877, 1.4201041460037231, 0.7114976048469543, -1.9692482948303223, -1.3890984058380127, -0.027501408010721207, -0.23013675212860107, 0.6125682592391968, 0.6106485724449158, 1.196874737739563, -0.8992236852645874, 2.644876718521118, 0.9023647904396057, -1.5607891082763672, 0.6557750701904297, 2.6526734828948975, -2.2896697521209717, 0.2639443278312683, -0.379112184047699, 0.7131298780441284, 1.6025042533874512, 1.5918582677841187, 0.5910322666168213, 1.849747657775879, -1.7603566646575928, -0.104770727455616, -1.0734670162200928, -0.7908161282539368, 2.4923930168151855, 0.48549529910087585, -0.3360278308391571, -2.6713759899139404, 0.7074899077415466, -0.5795789361000061, 2.005096912384033, -0.7053646445274353, -1.0239598751068115, -0.6793157458305359, 0.008001655340194702, -0.9758750200271606, -1.5979030132293701, 1.0553990602493286, -1.1335042715072632, 0.28189072012901306, -1.0484038591384888, 0.7884605526924133, 0.7869420647621155, -1.656656265258789, -2.1760032176971436, 0.9654204845428467, -1.1070091724395752, 0.3576081693172455, 0.29647988080978394, 0.5478096008300781, -0.8187404870986938, -0.3625483512878418, -0.5421053767204285, 0.7376567125320435, -1.6456438302993774, -0.39800071716308594, 0.8033543229103088, 0.4379342794418335, -1.2067970037460327, -1.336414098739624, -0.05836867541074753, 1.2334285974502563, 0.973533570766449, 0.43671032786369324, 1.4656493663787842, -0.7381330728530884, 1.0893337726593018, 0.9146262407302856, 0.11386576294898987, -0.23365619778633118, 1.0694518089294434, -0.30505356192588806, -0.9110867977142334, 0.1390230804681778, 1.0830662250518799, -0.9814916849136353, -0.5993196368217468, -1.8322267532348633, 0.14872917532920837, 0.14363597333431244, 0.6186978816986084, 0.031738802790641785, 0.8009970784187317, 0.6353999972343445, 0.4903607666492462, 0.6472529768943787, -0.3196137547492981, -0.04798310250043869, 0.6405560374259949, 0.8010463118553162, 0.02835553139448166, 1.881913185119629, -0.6263616681098938, 0.0853867381811142, 1.0409069061279297, -1.3260166645050049, -0.07273951172828674, 1.6343129873275757, 0.32004493474960327, 1.2006696462631226, 0.7159131169319153, -0.7053089141845703, -0.7687875032424927, 1.3864332437515259, 0.09734100103378296, 1.233400821685791, 1.8741519451141357, -0.14356856048107147, 0.6921929121017456, 0.22300823032855988, -0.791602373123169, 1.7072769403457642, 0.42162132263183594, 0.23954980075359344, -0.4355548918247223, -1.4755585193634033, 0.5229210257530212, 0.10311645269393921, -1.3839201927185059, -0.6539171934127808, 0.44628971815109253, -0.8946786522865295, -1.4487744569778442, -1.6050571203231812]",yunet,Facenet,1920,1080,/home/amos/media/tv/modern_family/Modern.Family.S09.1080p.DSNP.WEB-DL.DDP5.1.H.264-CRFW/Modern.Family.S09E21.The.Escape.1080p.DSNP.WEB-DL.DDP5.1.H.264-CRFW.mkv,Modern Family,2009,1442437,9,21,Sofía Vergara,63522.0,0.541
401,966,270,1194,552,1068,360,1008,360,0.904,8904,0,"[1.464125394821167, -0.7229819297790527, -2.669135808944702, 0.16356819868087769, -0.22947397828102112, 1.098978877067566, -1.3517818450927734, 1.0998423099517822, 0.5714484453201294, -0.7446845173835754, -1.5974228382110596, 0.11387354880571365, -0.11529475450515747, 1.104837417602539, -0.6928743124008179, -0.055892713367938995, 0.06114110350608826, 0.4158191680908203, 0.48142972588539124, -1.415860652923584, -1.9938886165618896, 0.12857067584991455, 0.9564494490623474, 0.1898406445980072, 0.4329114258289337, -0.12899106740951538, -0.07987608015537262, -0.18407714366912842, -0.6006860733032227, -0.32583916187286377, -0.6595213413238525, 0.20088233053684235, -0.7158962488174438, 1.282286286354065, -0.45749253034591675, 0.4877070188522339, -0.7133168578147888, 1.00751793384552, -1.5585541725158691, 0.29550087451934814, 2.693828821182251, -0.010612651705741882, 0.1417635828256607, -0.2044919729232788, 1.6025662422180176, -2.4999868869781494, 0.3617561459541321, 0.3255845606327057, 0.3695058822631836, -1.0340279340744019, -1.239880919456482, -0.531517505645752, -0.0654839351773262, -0.2263994961977005, -0.13024376332759857, 0.9259009957313538, 2.2819554805755615, -0.6076685190200806, -0.37841513752937317, -2.655355215072632, -0.9605922102928162, 1.298617959022522, 0.45075783133506775, 2.1768109798431396, -1.1503733396530151, 0.1575116515159607, 0.47518041729927063, -0.5908101201057434, -0.9745251536369324, -1.9681415557861328, 0.3096867799758911, 0.7456674575805664, 0.4491945803165436, 0.7316871285438538, 0.49855905771255493, -1.5018970966339111, -2.156015157699585, 0.30015575885772705, 0.41404932737350464, -2.5442116260528564, 0.8537020087242126, -0.22920900583267212, -0.8521878719329834, -0.8452219367027283, 0.5763784646987915, -0.9843472242355347, 0.13971050083637238, 1.7440381050109863, 0.6767553091049194, 1.1326290369033813, -0.07314761728048325, -1.352280616760254, 0.2826693058013916, 0.038782887160778046, 0.45760008692741394, -0.0019586323760449886, 1.3165193796157837, -0.3658982217311859, -0.08808466792106628, 1.501930594444275, -0.20949576795101166, 0.4696475863456726, -0.7430004477500916, -0.3253070116043091, 1.728545069694519, 0.22197970747947693, -0.04153269901871681, 0.15841707587242126, -0.5304952263832092, -0.17984382808208466, -0.23492011427879333, 2.5770909786224365, 0.058873891830444336, 0.5806171894073486, -1.638867735862732, -0.9053003787994385, -0.8998777866363525, -0.7825520634651184, 0.6678404211997986, -1.4526793956756592, -0.5275824666023254, 0.8733786344528198, 0.5165308713912964, 0.22037295997142792, 1.266755223274231, -0.7300272583961487, 0.377063125371933, -1.0975185632705688]",yunet,Facenet,1920,1080,/home/amos/media/tv/modern_family/Modern.Family.S09.1080p.DSNP.WEB-DL.DDP5.1.H.264-CRFW/Modern.Family.S09E21.The.Escape.1080p.DSNP.WEB-DL.DDP5.1.H.264-CRFW.mkv,Modern Family,2009,1442437,9,21,Mary Louise Wilson,115767.0,0.538
402,1008,264,1248,558,1116,354,1044,354,0.924,8928,0,"[1.5502315759658813, -0.5012716054916382, -2.1319010257720947, 0.9072898626327515, -0.2889798581600189, 0.7526854872703552, -1.24980628490448, 0.7091466188430786, 0.6454716920852661, -1.0693153142929077, -1.3527387380599976, 0.3332286477088928, 0.8099215030670166, 1.507489562034607, 0.11868855357170105, 0.07972034811973572, 0.1146191954612732, 0.8030675053596497, -0.7639122605323792, -0.06391096860170364, -2.3679277896881104, 0.5066287517547607, 1.229931116104126, 1.3217403888702393, 1.7061660289764404, 0.26850494742393494, -0.8716195821762085, 0.028634972870349884, 0.07510629296302795, -1.117941975593567, 0.12056351453065872, 0.746734082698822, -1.5920780897140503, 1.6140069961547852, -0.5130888819694519, -0.08226822316646576, 0.37174704670906067, 1.0813372135162354, -1.6175813674926758, 0.7314082384109497, 2.90375018119812, 0.4276549816131592, 0.8488590717315674, -0.5168201923370361, 0.7164146900177002, -1.962751030921936, 0.09097152948379517, -0.2695808410644531, 0.549117386341095, 0.018605520948767662, 0.3318338394165039, -1.327719807624817, 0.5200060606002808, -0.5339009761810303, 0.05101237818598747, 0.2836720645427704, 1.4310816526412964, -1.465381145477295, 0.026552310213446617, -2.0373640060424805, -0.2308254837989807, 1.295480489730835, -0.07897698134183884, 1.5984268188476562, -1.451821208000183, -0.49639755487442017, 0.5090470314025879, -0.49167126417160034, -0.450768381357193, -2.103126287460327, -0.09563823789358139, 0.9240559339523315, 0.8174096345901489, 0.7609383463859558, 0.11861519515514374, -1.5891832113265991, -1.624506950378418, 0.20640163123607635, -0.12113024294376373, -2.4875447750091553, 0.6646209359169006, -0.13662713766098022, -1.3819562196731567, -0.26001331210136414, 0.31397902965545654, -0.8535255193710327, 0.7863559126853943, 1.1123722791671753, 0.6317603588104248, 1.0815280675888062, 0.0832642912864685, -1.8151177167892456, -0.29504430294036865, -0.41273021697998047, 0.7022151350975037, 0.09633047878742218, 2.499178171157837, 0.11475283652544022, 0.6407349109649658, 0.686749279499054, 0.002078268676996231, 0.808872640132904, -1.2034684419631958, -1.1235581636428833, 0.9978627562522888, 0.3742252588272095, -0.04928842931985855, -0.2628188729286194, -0.504685640335083, -0.3725140690803528, -0.45229780673980713, 3.315358877182007, 1.1146857738494873, -1.4076206684112549, -0.8126954436302185, -0.5698844194412231, -1.0497688055038452, -1.2306840419769287, -0.03604775667190552, -1.566464900970459, -0.38889801502227783, -0.5649209022521973, 1.3198485374450684, -0.15034015476703644, 0.9198663234710693, -0.7591275572776794, -0.12986759841442108, -0.6164477467536926]",yunet,Facenet,1920,1080,/home/amos/media/tv/modern_family/Modern.Family.S09.1080p.DSNP.WEB-DL.DDP5.1.H.264-CRFW/Modern.Family.S09E21.The.Escape.1080p.DSNP.WEB-DL.DDP5.1.H.264-CRFW.mkv,Modern Family,2009,1442437,9,21,Mary Louise Wilson,115767.0,0.642
403,774,90,954,318,900,180,816,186,0.906,8976,0,"[0.993086576461792, 0.12427091598510742, 0.5361606478691101, 0.6347934603691101, 1.4618160724639893, -0.3915269374847412, 0.837893545627594, 1.427857518196106, -0.4842393398284912, 0.6131161451339722, -1.443988561630249, -0.07845930010080338, -1.0585814714431763, -0.2067599594593048, -0.19540581107139587, -0.5638850927352905, 2.442046642303467, 0.4305139183998108, 0.4032112956047058, -0.2065320760011673, -0.5676010847091675, -0.19645243883132935, -1.2326023578643799, 0.4622209966182709, 1.454305648803711, -0.9711284041404724, 0.9384480714797974, 2.604989528656006, 0.797599732875824, -0.38911762833595276, -0.08883360028266907, 1.5642637014389038, -1.2209879159927368, -0.42796072363853455, -1.621663212776184, -1.0664619207382202, 0.5441994667053223, 0.21074247360229492, -1.5590484142303467, 0.6455737352371216, -1.5177638530731201, -0.343500554561615, 0.562978982925415, 1.2227593660354614, 0.20038029551506042, 0.005578093230724335, -0.4199410080909729, -0.9630007743835449, 0.3652196526527405, -1.095060110092163, -0.39482468366622925, 0.8314750790596008, -0.45712968707084656, 1.1994521617889404, -0.3140914738178253, 0.3066418766975403, -0.47039294242858887, -0.8216524124145508, -0.16222016513347626, 1.0325016975402832, -1.9922376871109009, 1.430951714515686, 0.6181672811508179, 0.9170131087303162, 0.6819873452186584, 1.7224719524383545, 0.8227422833442688, 2.3628389835357666, 0.6253103017807007, -0.11038559675216675, -1.1092160940170288, 0.39912858605384827, 0.49444299936294556, 0.7659015655517578, 0.14473670721054077, 1.9925504922866821, -0.8067537546157837, -0.481411337852478, -0.5473458766937256, 1.287183403968811, 0.2988974452018738, 2.631850481033325, -0.5763541460037231, -1.829910159111023, -0.5923322439193726, 0.4764496982097626, -0.45661479234695435, -1.2038074731826782, -0.5957754850387573, 2.262547492980957, 1.0579005479812622, 0.18222790956497192, -1.2365225553512573, -1.7319731712341309, -0.9528254270553589, -0.5246033668518066, -0.9686700701713562, -1.0561336278915405, 2.5891871452331543, 2.0147643089294434, -1.5195074081420898, 1.2271736860275269, -0.14663565158843994, -1.8495383262634277, -0.8661496043205261, -0.18182620406150818, -1.7220665216445923, -0.13007564842700958, 0.8151536583900452, -1.1733394861221313, -2.256039619445801, 0.14378777146339417, -0.5428378582000732, -1.3080358505249023, 0.7829402089118958, 0.5898243188858032, -0.6204270124435425, 1.0246946811676025, 1.0270044803619385, 0.09146229922771454, 1.4814289808273315, 0.5259107351303101, -0.12830574810504913, -0.29540377855300903, 0.5329384803771973, 0.3984091579914093, 1.0503114461898804, -0.7226867079734802]",yunet,Facenet,1920,1080,/home/amos/media/tv/modern_family/Modern.Family.S09.1080p.DSNP.WEB-DL.DDP5.1.H.264-CRFW/Modern.Family.S09E21.The.Escape.1080p.DSNP.WEB-DL.DDP5.1.H.264-CRFW.mkv,Modern Family,2009,1442437,9,21,Ed O'Neill,18977.0,0.589
404,852,96,1068,384,984,210,894,216,0.907,9000,0,"[1.363632321357727, -1.2644085884094238, 0.3956732749938965, 0.6422259211540222, 0.9683017730712891, 0.04877232760190964, -0.11813874542713165, 0.9464380145072937, -0.3267486095428467, 0.9925200939178467, -0.6357885599136353, -0.5547052621841431, -1.7357357740402222, -0.5810636281967163, 0.43237626552581787, -0.32801729440689087, 2.836822509765625, 0.0757935494184494, 0.6264734864234924, 0.11409393697977066, 0.5315722227096558, -0.9077098965644836, 0.6171798706054688, 1.181775689125061, 1.821401834487915, -1.6205053329467773, 0.7138229608535767, 2.5314431190490723, 1.5472867488861084, -0.4257752299308777, -6.452947854995728e-05, 1.4879666566848755, -1.3359248638153076, 0.941983699798584, -2.0776729583740234, -0.4448651671409607, -0.31805235147476196, 0.8425638675689697, -1.5860974788665771, -0.11549083888530731, -1.5375754833221436, -0.9241392016410828, -0.7897238731384277, 0.38572928309440613, 0.12004872411489487, 0.6774554252624512, 0.08372916281223297, -1.6644444465637207, 0.692084789276123, -0.6583927869796753, -0.3833397626876831, -0.49262529611587524, -0.30878785252571106, 0.45080435276031494, 0.059149160981178284, 0.8432310819625854, -0.767089307308197, -0.5189638733863831, -0.8303390741348267, 1.444655418395996, -2.1571426391601562, 0.9583556056022644, 1.0077354907989502, -0.34564587473869324, -0.11199963837862015, 0.7122272253036499, 1.0558868646621704, 1.663388729095459, 0.7241692543029785, -0.26454371213912964, -1.1573007106781006, 0.0018423348665237427, 0.04946216195821762, 0.27619123458862305, 0.6188457012176514, 1.84325110912323, -1.3137413263320923, -1.1651462316513062, -0.9450360536575317, 1.6997190713882446, -0.2361423671245575, 1.654455304145813, 0.40190622210502625, -2.1206464767456055, -0.7625472545623779, 1.4735337495803833, -0.5402541160583496, -0.13410231471061707, 0.9196679592132568, 1.28267502784729, 1.803479552268982, -0.035444475710392, -1.2476613521575928, -0.2704969346523285, 0.8001479506492615, -1.2094460725784302, -1.369046926498413, -1.1518136262893677, 2.3619658946990967, 2.2174363136291504, -0.376592218875885, 1.3916929960250854, -0.16085654497146606, -1.5051586627960205, 0.15843194723129272, -0.5756476521492004, -0.7069226503372192, -0.19660794734954834, 0.7424518465995789, -1.8860198259353638, -2.3439691066741943, 0.267988383769989, -1.5374348163604736, -1.9628915786743164, 0.8569475412368774, -0.5405517816543579, -0.2752714157104492, 1.1535738706588745, 0.16580238938331604, -0.4437287449836731, 1.1656415462493896, 1.235805630683899, -0.04335511475801468, -0.877766489982605, 0.10651944577693939, 0.625997006893158, 0.27108749747276306, -0.293824166059494]",yunet,Facenet,1920,1080,/home/amos/media/tv/modern_family/Modern.Family.S09.1080p.DSNP.WEB-DL.DDP5.1.H.264-CRFW/Modern.Family.S09E21.The.Escape.1080p.DSNP.WEB-DL.DDP5.1.H.264-CRFW.mkv,Modern Family,2009,1442437,9,21,Ed O'Neill,18977.0,0.713
405,888,120,1122,432,1050,234,942,234,0.918,9024,0,"[1.0366073846817017, -1.3874913454055786, 0.3654080927371979, 0.9314026832580566, 1.0708972215652466, -0.0607394278049469, 0.24270616471767426, 1.3287279605865479, -0.3665646016597748, 0.827627956867218, -0.36246007680892944, -0.6389234066009521, -1.4882798194885254, -0.2510378360748291, 0.21866336464881897, -0.5078380703926086, 2.9641597270965576, -0.07842576503753662, 0.49977126717567444, -0.46858683228492737, -0.32176366448402405, -0.8965513110160828, 0.431869238615036, 0.8396971225738525, 1.948782205581665, -1.9382438659667969, 0.682012677192688, 2.5800423622131348, 1.1456042528152466, -0.47922027111053467, -0.5415076017379761, 1.4201562404632568, -1.8925433158874512, 0.7219185829162598, -1.576128363609314, -0.34898287057876587, 0.1934087872505188, 0.7717742323875427, -1.9405088424682617, -0.34952646493911743, -1.2418235540390015, -0.7748289704322815, -0.4837088882923126, 0.6117033362388611, 0.1670043021440506, -0.0696716457605362, 0.13482865691184998, -1.2629331350326538, 0.6299332976341248, -0.4220418632030487, -0.06749612092971802, 0.3005339801311493, -0.47906604409217834, 0.4164156913757324, -0.35155320167541504, 0.8614484667778015, -0.7356123924255371, -0.48607367277145386, -0.6791654825210571, 1.1846134662628174, -1.9846163988113403, 0.9899211525917053, 1.3248965740203857, 0.21651889383792877, 0.3331318199634552, 1.1396539211273193, 0.742084801197052, 2.211132049560547, 0.31379151344299316, -0.4297826886177063, -1.027259111404419, -0.13463900983333588, 0.08116698265075684, 0.4820411801338196, 0.6184276938438416, 1.93616783618927, -1.2141852378845215, -0.7077926993370056, -1.2492371797561646, 1.3615962266921997, -0.24064603447914124, 2.470485210418701, -0.3534242510795593, -2.0569896697998047, -0.9678175449371338, 0.7212045192718506, -0.34740912914276123, -0.641192615032196, 0.14671924710273743, 1.4621139764785767, 1.499654769897461, -0.05024190992116928, -0.961605429649353, -0.4783984124660492, 0.27274155616760254, -0.564355194568634, -1.0245290994644165, -0.8239578008651733, 2.320301055908203, 2.665905237197876, -0.8482387065887451, 1.2594059705734253, -0.03025825321674347, -1.804044246673584, -0.15293872356414795, -0.08143250644207001, -0.9147526621818542, -0.25223642587661743, 0.8815796971321106, -2.016261577606201, -2.335617780685425, 0.5228133797645569, -0.5158663988113403, -2.134143829345703, 0.9450326561927795, -0.368825227022171, -0.015257538296282291, 0.8781014680862427, -0.11607610434293747, 0.007629610598087311, 0.8969372510910034, 0.6109544038772583, 0.19960840046405792, -0.5628963708877563, 0.2666751742362976, 1.1379457712173462, 0.3110182583332062, -0.5175765156745911]",yunet,Facenet,1920,1080,/home/amos/media/tv/modern_family/Modern.Family.S09.1080p.DSNP.WEB-DL.DDP5.1.H.264-CRFW/Modern.Family.S09E21.The.Escape.1080p.DSNP.WEB-DL.DDP5.1.H.264-CRFW.mkv,Modern Family,2009,1442437,9,21,Ed O'Neill,18977.0,0.737
406,888,132,1092,414,1038,246,942,246,0.93,9048,0,"[-0.2885982394218445, -1.3161201477050781, 0.018740711733698845, 0.5803226828575134, 0.1244070753455162, -0.14678755402565002, -1.337809681892395, 1.245269536972046, -0.13934312760829926, 0.7676950097084045, 0.0024440214037895203, 1.3144065141677856, -1.096604585647583, -0.6151738166809082, 0.1093345507979393, -0.023731328547000885, 1.9403406381607056, 0.6231459975242615, 1.148060917854309, -1.021168828010559, -1.2248467206954956, -0.21839763224124908, -0.9278981685638428, 1.4434648752212524, 1.0018221139907837, -0.9586413502693176, 0.47325119376182556, 2.636530876159668, 1.7042123079299927, -0.4498305320739746, -0.1682862937450409, 1.1469632387161255, -1.3106509447097778, 0.17465868592262268, -0.8224323987960815, -0.3973149359226227, 0.737952709197998, -0.45190542936325073, -2.01884388923645, -0.570160984992981, -1.089744210243225, -0.5142359733581543, -0.38620471954345703, 1.3389718532562256, 0.5562579035758972, -0.28192833065986633, 1.4370323419570923, -1.5388903617858887, 0.9470828175544739, -0.1375988870859146, 0.21086955070495605, -0.858589231967926, -0.7787243723869324, 0.8751811981201172, -0.20425759255886078, 0.6538147926330566, -1.012068271636963, 0.25378188490867615, -0.9093406200408936, 0.7380386590957642, -1.4944946765899658, 0.5416491627693176, 1.6822625398635864, -0.6278796195983887, 0.37291625142097473, 2.3003222942352295, 0.2735503017902374, 2.434321403503418, 0.580953061580658, -1.1598273515701294, -0.356216162443161, -0.1919776350259781, -0.023265328258275986, 2.0199596881866455, -0.11202305555343628, 1.187349796295166, -0.5923135280609131, 0.011748947203159332, 0.0799701139330864, 1.66549551486969, -1.2475979328155518, 0.2782785892486572, -0.6065184473991394, -0.8921334743499756, -1.1507092714309692, -0.037739843130111694, 0.015420662239193916, 0.5462276339530945, 0.6465989351272583, 1.1148761510849, 1.199587106704712, -0.5486652851104736, -0.808180034160614, -0.8791468739509583, 0.27903446555137634, 0.04522405192255974, -0.768248975276947, -0.0366022065281868, 2.1497817039489746, 1.442549228668213, -0.9552374482154846, 1.5706329345703125, 1.1334292888641357, -1.5952579975128174, 0.0967288687825203, 0.2557671070098877, -1.043823480606079, -0.13198663294315338, 0.6490730047225952, -1.851179599761963, -0.9035381078720093, 0.010718077421188354, -0.19735485315322876, -2.0346767902374268, 1.0457994937896729, 0.4561179578304291, 0.7454310655593872, 0.8337903618812561, 0.39690324664115906, 0.047311920672655106, -1.0822265148162842, 0.5680100917816162, 0.6354400515556335, 0.7509571313858032, 1.0307438373565674, 1.1287355422973633, 0.15625546872615814, -0.8010177612304688]",yunet,Facenet,1920,1080,/home/amos/media/tv/modern_family/Modern.Family.S09.1080p.DSNP.WEB-DL.DDP5.1.H.264-CRFW/Modern.Family.S09E21.The.Escape.1080p.DSNP.WEB-DL.DDP5.1.H.264-CRFW.mkv,Modern Family,2009,1442437,9,21,Ed O'Neill,18977.0,0.729
407,888,138,1098,414,1038,246,942,240,0.93,9072,0,"[0.41029852628707886, -1.2070246934890747, 0.6198611259460449, -0.1619924008846283, 0.7036749720573425, 0.1985626220703125, -0.8098166584968567, 1.629015326499939, -0.08493094891309738, 0.33740004897117615, -0.28554609417915344, 1.3434799909591675, -1.1681879758834839, -0.39305010437965393, 0.5267724990844727, 0.06129946559667587, 2.046813726425171, 0.6519317626953125, 1.4108806848526, -1.1615701913833618, -1.3072556257247925, -0.4003104865550995, -1.0962769985198975, 0.7127084136009216, 1.267851710319519, -1.0841306447982788, 0.4861011207103729, 2.683811664581299, 1.4407118558883667, -0.548146665096283, -1.0774714946746826, 1.8354997634887695, -1.540048599243164, 0.03997555375099182, -0.488547146320343, -0.48420554399490356, 0.4519217610359192, -0.34677281975746155, -2.3957605361938477, -0.44224634766578674, -1.2384083271026611, -0.34795427322387695, -0.3133171498775482, 1.5123404264450073, 0.41065743565559387, -0.9889039397239685, 0.1539476215839386, -0.82835853099823, 1.2257925271987915, 0.051892418414354324, 1.1442530155181885, -0.5491043925285339, -0.4051486849784851, 0.7521694898605347, 0.07057428359985352, 0.2197936624288559, -1.0503360033035278, -0.586311936378479, -0.8472599387168884, 1.0229270458221436, -1.777211308479309, 0.720969021320343, 1.6789034605026245, 0.07042551040649414, 0.5262778401374817, 2.065560817718506, 0.3639877438545227, 2.021904230117798, 0.8610764741897583, -0.9039391279220581, -0.8679728507995605, -0.41669782996177673, -0.25100013613700867, 1.815415620803833, 0.16911867260932922, 1.091910719871521, -1.012858510017395, -0.10572546720504761, -0.421892911195755, 1.4635869264602661, -0.964471697807312, 1.4634265899658203, -1.30758535861969, -1.1773358583450317, -0.8478718400001526, -0.8398646116256714, 0.43235668540000916, -0.40809857845306396, 0.42122095823287964, 1.5793288946151733, 0.6257030367851257, 0.007793007418513298, -1.1292070150375366, -1.3708208799362183, -0.20167973637580872, 0.3652510344982147, -0.5679642558097839, -0.8259152173995972, 2.22772216796875, 1.9825384616851807, -1.0237609148025513, 0.7507695555686951, 0.4385887086391449, -1.5865460634231567, -0.22182568907737732, 0.37208080291748047, -1.4482066631317139, -0.34203416109085083, 1.1881368160247803, -1.6450657844543457, -0.9349269270896912, -0.3236287832260132, -0.43348369002342224, -1.934415578842163, 1.4362813234329224, 0.45565053820610046, 0.8835657835006714, 0.8779690861701965, 0.36621084809303284, -0.31879425048828125, -0.3744781017303467, 0.0793585479259491, 0.6160691380500793, 0.817858099937439, 0.9321120977401733, 1.4199937582015991, -0.21871840953826904, -1.1280441284179688]",yunet,Facenet,1920,1080,/home/amos/media/tv/modern_family/Modern.Family.S09.1080p.DSNP.WEB-DL.DDP5.1.H.264-CRFW/Modern.Family.S09E21.The.Escape.1080p.DSNP.WEB-DL.DDP5.1.H.264-CRFW.mkv,Modern Family,2009,1442437,9,21,Ed O'Neill,18977.0,0.748
408,888,138,1104,420,1038,246,942,246,0.93,9096,0,"[0.4058314859867096, -1.1036932468414307, 0.2901734709739685, -0.16243267059326172, 0.043022237718105316, 0.09299808740615845, -1.5241320133209229, 1.6449106931686401, 0.023337509483098984, 0.6082718968391418, -0.21947404742240906, 1.740584373474121, -0.7546507716178894, -0.6037203073501587, 0.37711530923843384, -0.17184248566627502, 2.3518028259277344, 0.6893979907035828, 1.693823218345642, -0.7407855987548828, -1.3604954481124878, -0.5328508019447327, -1.0811288356781006, 1.0033153295516968, 1.0888890027999878, -1.254041314125061, 0.436187207698822, 2.8189940452575684, 1.6303367614746094, -0.6972888708114624, -0.7873474359512329, 1.2808431386947632, -1.0624690055847168, 0.06444241851568222, -0.5306787490844727, -0.37673598527908325, 0.5931097865104675, -0.2831609845161438, -1.9936964511871338, -0.4523581564426422, -1.351202368736267, -0.2060336470603943, -0.2989048957824707, 1.5071649551391602, 0.3748696446418762, -0.9597599506378174, 0.6392951011657715, -1.0685673952102661, 1.232344627380371, -0.24745506048202515, 0.9315383434295654, -0.5776842832565308, -0.6525059342384338, 0.9260274171829224, 0.008717474527657032, 0.39800146222114563, -1.3302146196365356, -0.19101333618164062, -1.009368896484375, 0.9960463047027588, -1.4937925338745117, 0.6911906599998474, 1.7542887926101685, -0.5490344166755676, 0.5807619690895081, 2.261749744415283, 0.19286119937896729, 2.1496174335479736, 0.8545933365821838, -1.0715874433517456, -0.6843249201774597, -0.4360587000846863, -0.33250364661216736, 1.7279095649719238, 0.1799934208393097, 1.1274302005767822, -0.8385860919952393, -0.46957898139953613, 0.19224056601524353, 1.2423498630523682, -0.6519703269004822, 0.8319087028503418, -0.6846380233764648, -0.8834234476089478, -0.8757199645042419, -0.4476381540298462, 0.22668993473052979, -0.018863648176193237, 0.5358580350875854, 1.4146571159362793, 0.4752419888973236, -0.1625727266073227, -1.0922356843948364, -1.1496198177337646, -0.2637854218482971, 0.3833968937397003, -0.8721179366111755, -0.8246124386787415, 2.072417974472046, 1.9491491317749023, -0.8088107109069824, 1.532793641090393, 0.8620507121086121, -1.4999505281448364, -0.41672512888908386, 0.6800951361656189, -1.4138498306274414, -0.38493475317955017, 0.7862386107444763, -1.8452961444854736, -0.8367920517921448, -0.053147658705711365, -0.8271018266677856, -2.2201454639434814, 1.258070707321167, 0.46853235363960266, 0.4500183165073395, 0.8300052285194397, 0.7580408453941345, -0.4479832053184509, -0.7952438592910767, 0.24417713284492493, 0.6369634866714478, 0.8599343299865723, 1.1965965032577515, 1.341261863708496, 0.16253800690174103, -1.0376908779144287]",yunet,Facenet,1920,1080,/home/amos/media/tv/modern_family/Modern.Family.S09.1080p.DSNP.WEB-DL.DDP5.1.H.264-CRFW/Modern.Family.S09E21.The.Escape.1080p.DSNP.WEB-DL.DDP5.1.H.264-CRFW.mkv,Modern Family,2009,1442437,9,21,Ed O'Neill,18977.0,0.755
409,888,144,1098,414,1038,246,942,246,0.927,9120,0,"[0.2498287856578827, -0.901174783706665, 0.4755004346370697, -0.29275497794151306, 0.7414798736572266, 0.44998806715011597, -0.9264922738075256, 1.636910319328308, 0.36333128809928894, 0.26663145422935486, -0.2766050398349762, 1.5845885276794434, -1.0079654455184937, -0.3110545873641968, 0.3591146469116211, -0.1391402781009674, 1.8745678663253784, 0.6056545972824097, 1.4125300645828247, -1.3113712072372437, -1.2916501760482788, -0.47065356373786926, -1.3818997144699097, 1.2264716625213623, 1.243056297302246, -1.2872437238693237, 0.3707389235496521, 2.398709774017334, 1.6702693700790405, -0.9022083282470703, -0.6440637111663818, 1.4526246786117554, -1.1858481168746948, -0.11583846062421799, -0.36124902963638306, -0.4080130457878113, 0.09635856002569199, -0.6570004224777222, -2.0952272415161133, -0.5393016338348389, -0.8247582912445068, -0.31021443009376526, -0.4606381952762604, 1.3630974292755127, 0.6921602487564087, -0.8570544123649597, 0.4115174412727356, -0.9648844003677368, 1.3741523027420044, -0.09935972094535828, 0.7209852337837219, -0.37208595871925354, -0.6137572526931763, 0.8085541129112244, -0.05794086679816246, 0.5285246968269348, -1.230941653251648, -1.1304610967636108, -0.6409681439399719, 1.3371905088424683, -1.1906172037124634, 0.7602561116218567, 2.0308549404144287, -0.33653315901756287, 0.5710210204124451, 2.2932796478271484, 0.2522464692592621, 2.2071237564086914, 1.2101305723190308, -0.9695405960083008, -1.1196069717407227, -0.16531959176063538, -0.4721284806728363, 1.6741317510604858, 0.10108311474323273, 0.5179209113121033, -0.8847243785858154, -0.36262091994285583, -0.04372579976916313, 1.5096094608306885, -0.8428933620452881, 1.108124017715454, -0.8604345917701721, -1.1929408311843872, -0.7764573097229004, -0.58351731300354, 0.49633854627609253, -0.23988743126392365, 0.6340501308441162, 1.7229511737823486, 0.5184386372566223, 0.20292331278324127, -0.9704264998435974, -1.229838252067566, -0.09040571749210358, 0.5027263760566711, -0.6610869765281677, -0.6985279321670532, 2.2185440063476562, 2.4831509590148926, -1.182231068611145, 1.218999981880188, 0.7244540452957153, -1.1260089874267578, -0.040439411997795105, 0.57685786485672, -1.7277271747589111, 0.20492586493492126, 0.5603153705596924, -1.810293436050415, -0.7464911937713623, -0.35859984159469604, -0.6042163372039795, -2.1704421043395996, 1.0848243236541748, 0.669037938117981, 0.9312599897384644, 1.153444766998291, 0.5696776509284973, -0.655203104019165, -0.6626521944999695, 0.4882117807865143, 0.8633401393890381, 0.9055866003036499, 0.982235312461853, 1.2013471126556396, -0.41819730401039124, -1.2844756841659546]",yunet,Facenet,1920,1080,/home/amos/media/tv/modern_family/Modern.Family.S09.1080p.DSNP.WEB-DL.DDP5.1.H.264-CRFW/Modern.Family.S09E21.The.Escape.1080p.DSNP.WEB-DL.DDP5.1.H.264-CRFW.mkv,Modern Family,2009,1442437,9,21,Ed O'Neill,18977.0,0.739
410,888,132,1104,420,1038,246,942,246,0.921,9144,0,"[0.20188751816749573, -1.433233380317688, 0.20191778242588043, -0.1906096637248993, 0.1261284351348877, 0.3671874701976776, -1.4124538898468018, 1.5094743967056274, -0.3467863202095032, 0.32186007499694824, -0.4653083086013794, 1.1759659051895142, -0.9435973763465881, -0.6535725593566895, 0.11804944276809692, 0.022683002054691315, 2.1650333404541016, 0.5717421770095825, 1.5982005596160889, -1.1757879257202148, -1.2710332870483398, -0.2253604382276535, -0.654212474822998, 0.8192278742790222, 0.9073050618171692, -0.8222596049308777, 0.341614305973053, 3.1643567085266113, 1.0689252614974976, -0.5877287983894348, -0.9310729503631592, 1.5259031057357788, -1.1910955905914307, 0.13627800345420837, -0.7474479079246521, 0.14506028592586517, 0.5849664807319641, -0.7087886929512024, -2.192683696746826, -0.5975770950317383, -1.0746663808822632, -0.6528775095939636, -0.8425227403640747, 0.98874831199646, 1.079303503036499, -0.6626333594322205, 0.7475757002830505, -1.210389494895935, 1.4593019485473633, -0.41937145590782166, 0.5379174947738647, -0.8877050280570984, -0.8716617822647095, 0.589516818523407, -0.422441303730011, 1.124036192893982, -1.2807694673538208, -0.5594781637191772, -0.9869166612625122, 0.957571268081665, -1.8021739721298218, 0.6670762896537781, 2.1081626415252686, -0.09177541732788086, 0.19416794180870056, 1.972174882888794, 0.7946495413780212, 1.8856126070022583, 1.27765953540802, -0.8754831552505493, -0.37512651085853577, 0.013926565647125244, -0.020647939294576645, 1.434735655784607, 0.7769461870193481, 0.743175208568573, -1.3133188486099243, -0.16175976395606995, 0.02962341159582138, 1.5124009847640991, -0.8792086839675903, 0.7024941444396973, -0.8811968564987183, -1.0711469650268555, -0.8580111265182495, -0.23592284321784973, -0.024912521243095398, 0.1717667132616043, 0.9284814596176147, 1.5804635286331177, 1.222829818725586, -0.4210571348667145, -1.092970609664917, -0.8947133421897888, -0.017524786293506622, 0.4830033779144287, -0.5738096237182617, -0.6952762007713318, 2.1416451930999756, 2.3579788208007812, -0.528874933719635, 1.4516918659210205, 1.08957839012146, -1.5949314832687378, -0.11567646265029907, 0.31123167276382446, -1.3536152839660645, -0.32077017426490784, 0.5397074222564697, -1.7853087186813354, -1.2073161602020264, 0.2890744209289551, -0.9538193941116333, -1.5320868492126465, 1.652515172958374, 0.28879281878471375, 0.7396255731582642, 1.0725594758987427, 0.2608456611633301, -0.5570279359817505, -0.5120127201080322, 0.3130255341529846, 0.8868119716644287, 0.9159843325614929, 0.8322953581809998, 0.8433346748352051, 0.14970070123672485, -0.8695297241210938]",yunet,Facenet,1920,1080,/home/amos/media/tv/modern_family/Modern.Family.S09.1080p.DSNP.WEB-DL.DDP5.1.H.264-CRFW/Modern.Family.S09E21.The.Escape.1080p.DSNP.WEB-DL.DDP5.1.H.264-CRFW.mkv,Modern Family,2009,1442437,9,21,Ed O'Neill,18977.0,0.739
411,882,114,1098,402,1044,222,942,222,0.926,9168,0,"[0.41451096534729004, -1.4333230257034302, 0.32968324422836304, 0.10780137032270432, -0.9331446290016174, 0.3618490993976593, -2.3007428646087646, 1.7582275867462158, -0.39209243655204773, -0.3889845907688141, -0.630353569984436, 1.2930352687835693, -1.4072680473327637, -0.13192588090896606, 0.10704173147678375, -0.17221978306770325, 1.6162742376327515, 1.1986275911331177, 1.8569358587265015, -0.6719608306884766, -1.5049821138381958, 0.0069503579288721085, -0.34875553846359253, 0.8188138008117676, 1.7424557209014893, -1.1403045654296875, -0.2856777012348175, 2.766756057739258, 2.2241086959838867, -0.5231639742851257, -0.999075174331665, 1.4758206605911255, -1.0011605024337769, 0.3422178328037262, -0.7372899055480957, -0.12004725635051727, 0.8368828892707825, -0.11105082184076309, -2.081348180770874, -0.7392717599868774, -0.7520721554756165, 0.228901207447052, -0.7100136280059814, 1.2806763648986816, 0.24175342917442322, -0.6577277183532715, 0.8470882773399353, -1.435343623161316, 0.63798588514328, 0.5708966255187988, 1.3346060514450073, -1.4804377555847168, 0.6745029091835022, 0.8431270122528076, 0.15580207109451294, 0.6313514113426208, -0.9812091588973999, -0.44440945982933044, -1.2158963680267334, 1.3185423612594604, -0.8486731648445129, 0.35444509983062744, 1.3639943599700928, -0.7043702602386475, 0.196146160364151, 1.9081299304962158, 0.8402724862098694, 1.5814032554626465, 0.38199537992477417, -1.0693241357803345, -0.49792665243148804, 0.04776836931705475, -0.39614105224609375, 1.6486150026321411, 0.3568691611289978, 1.2560926675796509, -1.090904951095581, 0.3522367775440216, 0.8486667275428772, 1.5476830005645752, -0.7047708034515381, 0.6791690587997437, -0.4303229749202728, -0.7490187883377075, -0.4632590711116791, -0.4078350365161896, 0.6026451587677002, 0.41991227865219116, 1.2182316780090332, 1.2602729797363281, 1.0159748792648315, -0.022069815546274185, -2.07545804977417, -0.7967477440834045, -0.27601194381713867, 0.27170079946517944, -0.8107054829597473, -1.2999101877212524, 2.170229196548462, 1.106931447982788, -0.3661730885505676, 1.317660927772522, 0.81864994764328, -1.596312165260315, 0.2936079502105713, -0.01450522430241108, -1.3849189281463623, -0.07791435718536377, 1.0285193920135498, -1.8424016237258911, -0.9345715641975403, -0.2795320749282837, -0.7512019872665405, -1.8501379489898682, 0.9243809580802917, -0.3367709219455719, 0.7541539669036865, 0.6933355927467346, 0.43908053636550903, -0.8049201965332031, -0.5906354188919067, -0.15320579707622528, 0.39919513463974, 1.068243384361267, 1.4726892709732056, 1.0969804525375366, -0.3807107210159302, -1.1743416786193848]",yunet,Facenet,1920,1080,/home/amos/media/tv/modern_family/Modern.Family.S09.1080p.DSNP.WEB-DL.DDP5.1.H.264-CRFW/Modern.Family.S09E21.The.Escape.1080p.DSNP.WEB-DL.DDP5.1.H.264-CRFW.mkv,Modern Family,2009,1442437,9,21,Ed O'Neill,18977.0,0.745
412,864,156,1098,426,1050,258,942,258,0.916,9192,0,"[0.06740342080593109, -1.5001285076141357, 0.45576953887939453, 0.5478513836860657, 1.5097403526306152, 0.018209373578429222, -1.340497612953186, 1.4332714080810547, -0.27010834217071533, -0.15996305644512177, -0.49116143584251404, 0.7659493088722229, -2.303054094314575, -0.3572206497192383, -0.10997988283634186, 0.1512974500656128, 0.6893219947814941, 1.0044910907745361, 1.2548812627792358, -0.875045895576477, -1.29270339012146, -1.2080609798431396, -0.17918729782104492, -0.011970125138759613, 0.8368206024169922, -1.75204336643219, 0.3003765642642975, 2.976435661315918, 0.05147611349821091, 0.5223341584205627, -1.2249990701675415, 1.681520938873291, -1.6517287492752075, -0.4903908967971802, -1.8044707775115967, 0.2783963978290558, 0.3680330514907837, -0.17319148778915405, -1.7942209243774414, -0.3168441355228424, 0.09228608757257462, -0.7266004085540771, -0.6739585399627686, 1.5805883407592773, 1.236196517944336, -0.6303927898406982, -0.4638436734676361, -0.4088362753391266, 0.22376520931720734, 0.5452684164047241, 0.08133291453123093, -0.5596462488174438, 0.6762928366661072, 1.2211886644363403, -0.18237106502056122, 0.4640986919403076, -0.2038472443819046, -0.899176836013794, -1.3128169775009155, 1.2024505138397217, -1.7009153366088867, 0.989698588848114, 1.4869401454925537, 0.08273786306381226, -0.3577742576599121, 2.0779786109924316, 0.8900238871574402, 1.09885573387146, 0.5146141648292542, -0.53412926197052, -1.010822057723999, 0.07935568690299988, -0.6768801212310791, 2.3129570484161377, -0.19931292533874512, 1.1136112213134766, -1.8852789402008057, 0.6723183393478394, -0.06176145002245903, 1.786519169807434, -0.3719336986541748, 0.9441448450088501, -0.25553762912750244, -1.1213247776031494, -0.15161195397377014, -0.5641177892684937, 0.5044879913330078, 0.9980154037475586, 0.6581237316131592, 1.690158486366272, 1.288675308227539, -0.18089225888252258, -0.9788198471069336, -0.20766478776931763, -0.7013124823570251, 0.01007777638733387, -0.6979342103004456, -1.74202299118042, 0.8633581399917603, 1.8669933080673218, -1.5638864040374756, 0.11855735629796982, 0.22789138555526733, -2.5144882202148438, 0.537852942943573, -1.2237662076950073, -0.9903435707092285, -0.0968344509601593, 1.0941224098205566, -0.3084662854671478, -1.0154057741165161, -0.15184004604816437, -0.4382254183292389, -1.2818279266357422, 0.4428403377532959, -0.019347913563251495, 0.7042049169540405, 1.222242832183838, -0.13793188333511353, -1.0354139804840088, -0.10885317623615265, 0.12303255498409271, 0.8473353385925293, 0.43030837178230286, 1.0814366340637207, 0.25976186990737915, -0.3720231354236603, -0.7324945330619812]",yunet,Facenet,1920,1080,/home/amos/media/tv/modern_family/Modern.Family.S09.1080p.DSNP.WEB-DL.DDP5.1.H.264-CRFW/Modern.Family.S09E21.The.Escape.1080p.DSNP.WEB-DL.DDP5.1.H.264-CRFW.mkv,Modern Family,2009,1442437,9,21,Ed O'Neill,18977.0,0.701
413,840,120,1074,408,1020,216,912,216,0.92,9216,0,"[0.11763349175453186, -1.3042093515396118, 1.015933632850647, -0.82362961769104, 0.29434934258461, 0.4265550374984741, -2.1840386390686035, 1.8086880445480347, -0.34777501225471497, -0.6189652681350708, -1.0590283870697021, 0.5978295803070068, -1.409647822380066, -0.144426628947258, 0.44121384620666504, -0.4451138973236084, 1.1361461877822876, 0.9975070953369141, 1.6793406009674072, -0.8514752388000488, -0.7100285291671753, -0.23876114189624786, -0.9634957909584045, 1.2438244819641113, 1.1269091367721558, -1.0665405988693237, -0.704458475112915, 3.188204765319824, 1.5115580558776855, -0.5589989423751831, -0.506942868232727, 1.8112804889678955, -1.3701038360595703, 0.3469289541244507, -0.935549795627594, -5.567818880081177e-05, -0.05136338993906975, -0.7696851491928101, -1.875112771987915, -0.25624194741249084, -0.5303956866264343, -1.2129147052764893, -0.46745166182518005, 1.0699986219406128, 0.6878495216369629, 0.048152338713407516, 1.148698329925537, -1.2236684560775757, 0.09450890123844147, -0.5245298147201538, 0.12488212436437607, -0.6037774682044983, -0.2193499505519867, 0.8447346091270447, -0.02435636892914772, 0.14810948073863983, -1.1914793252944946, -0.8831843137741089, -0.8542450070381165, 2.064415454864502, -0.30022963881492615, 0.46068644523620605, 0.9445640444755554, 0.030782239511609077, 0.022608939558267593, 1.537389874458313, 1.143691062927246, 0.9757805466651917, 1.186078429222107, -0.9276629686355591, -0.5189126133918762, -0.55391526222229, 0.021905751898884773, 1.9173027276992798, 0.36648714542388916, 1.5037716627120972, -0.8645545244216919, 0.14779166877269745, 0.8015730977058411, 2.129525899887085, -0.17205408215522766, 0.9194304943084717, -0.19165882468223572, -1.0002820491790771, -0.3997551202774048, -0.5551623106002808, 0.5652793645858765, -0.0836203396320343, 1.1229020357131958, 1.3795137405395508, 1.015494704246521, -0.21102814376354218, -2.3862884044647217, -1.4942772388458252, 0.34691500663757324, 0.37617984414100647, -1.3307780027389526, -0.9335839152336121, 2.1695797443389893, 1.697478175163269, -0.9314801096916199, 0.8865324258804321, 0.1526724249124527, -0.9848002195358276, -0.19053003191947937, -0.29637545347213745, -0.9129382371902466, 0.17270159721374512, 1.250902533531189, -1.892357349395752, -1.578166127204895, -1.0351656675338745, -0.9725022315979004, -1.9371390342712402, 0.9458488821983337, -0.18758609890937805, 1.2974110841751099, 1.1219017505645752, -0.07792776077985764, -0.8628690242767334, -0.09483560919761658, 0.950281023979187, 0.22016093134880066, 0.7621266841888428, 1.0270894765853882, 0.836310625076294, -0.26599276065826416, -1.1280385255813599]",yunet,Facenet,1920,1080,/home/amos/media/tv/modern_family/Modern.Family.S09.1080p.DSNP.WEB-DL.DDP5.1.H.264-CRFW/Modern.Family.S09E21.The.Escape.1080p.DSNP.WEB-DL.DDP5.1.H.264-CRFW.mkv,Modern Family,2009,1442437,9,21,Ed O'Neill,18977.0,0.739
414,834,114,1068,408,996,222,882,228,0.912,9240,0,"[0.05272046476602554, -1.4865899085998535, 0.24787770211696625, -0.029523849487304688, 0.41359472274780273, 0.1787736713886261, -2.2642464637756348, 1.3773809671401978, -0.8515124917030334, -0.3991599380970001, -1.055167555809021, 1.0118225812911987, -0.8017776012420654, -0.04705287143588066, 0.5221149921417236, -0.37554794549942017, 1.9268324375152588, 0.5922213196754456, 2.046571969985962, -1.06067955493927, -1.4684479236602783, 0.26423290371894836, -0.3354618549346924, 0.11288464814424515, 1.1046240329742432, -0.6616968512535095, -0.8216335773468018, 3.5385494232177734, 1.552601933479309, -0.6071796417236328, -0.41105130314826965, 1.6377640962600708, -0.8014335632324219, -0.2909907400608063, -1.0215485095977783, 0.6216331720352173, 0.6783416867256165, -0.1655218005180359, -2.882538080215454, -0.6300755739212036, -0.3127644658088684, -0.1477551907300949, -1.2096902132034302, 0.8590716123580933, 0.8028777837753296, -0.5562008619308472, 0.4075046181678772, -0.8094565868377686, 0.8780920505523682, 0.32946428656578064, 0.5504584312438965, -0.5294438600540161, -0.5849742889404297, 0.557774007320404, -0.47047874331474304, 1.0745329856872559, -0.5717852711677551, -0.5408967733383179, -1.7179548740386963, 0.6059061884880066, -1.5224030017852783, -0.055783648043870926, 1.424487590789795, 0.34847772121429443, -0.8267188668251038, 1.1122063398361206, 1.5461406707763672, 1.111972689628601, 1.2040966749191284, -0.9274705648422241, -0.10390549898147583, -0.11630748212337494, -0.46201851963996887, 1.668776035308838, 0.4709526598453522, 0.9013050198554993, -1.3884260654449463, -0.2705825865268707, -0.31179118156433105, 1.454967737197876, -0.47934627532958984, 1.1255091428756714, -0.46688276529312134, -0.915885329246521, -0.6917019486427307, -0.4374426603317261, 0.3969990015029907, 0.6989877820014954, 0.9591833353042603, 1.461101770401001, 0.7100474834442139, -0.8390792608261108, -1.0102230310440063, -0.7540160417556763, 0.08470982313156128, 0.10824791342020035, -0.6055880188941956, -0.4225449562072754, 1.9973056316375732, 1.571994423866272, -0.3541851043701172, 1.4156941175460815, 0.5091753005981445, -2.0865044593811035, 0.2650550603866577, -0.03970503434538841, -0.8231198787689209, -0.26321321725845337, 1.6756601333618164, -1.7290016412734985, -2.567713975906372, 0.7390267848968506, -1.0397759675979614, -1.1219749450683594, 1.6482387781143188, -0.43713656067848206, 1.211246371269226, -0.05087810754776001, -0.12453072518110275, -0.9453887343406677, -0.21394522488117218, 0.3791138231754303, 0.6472330093383789, 0.7791295051574707, 1.9581801891326904, 0.6090844869613647, -0.24029214680194855, 0.12943527102470398]",yunet,Facenet,1920,1080,/home/amos/media/tv/modern_family/Modern.Family.S09.1080p.DSNP.WEB-DL.DDP5.1.H.264-CRFW/Modern.Family.S09E21.The.Escape.1080p.DSNP.WEB-DL.DDP5.1.H.264-CRFW.mkv,Modern Family,2009,1442437,9,21,Ed O'Neill,18977.0,0.77
415,834,114,1062,396,990,204,882,204,0.918,9264,0,"[0.16195343434810638, -1.3600218296051025, 0.5877180099487305, -0.39908793568611145, 0.019127946346998215, 0.7052655220031738, -2.3625106811523438, 0.957878828048706, -0.7830014824867249, -0.7951874136924744, -1.2581108808517456, 0.20764857530593872, -1.681957483291626, 0.2957351505756378, 0.04454624652862549, -0.8582447171211243, 1.873028039932251, 0.9495421648025513, 1.7950315475463867, -1.007024884223938, -0.870643138885498, -0.23029841482639313, 0.37555068731307983, 0.10746002197265625, 1.5066637992858887, -0.9459124207496643, -1.0052474737167358, 3.2319626808166504, 1.772642970085144, -0.3702492415904999, -0.513939619064331, 1.7914526462554932, -0.9636310935020447, 0.1873932182788849, -0.9805522561073303, 0.7945454120635986, -0.07418321818113327, 0.0913403332233429, -2.3347342014312744, -0.44062262773513794, 0.03741098940372467, -0.8721895217895508, -1.011214017868042, 0.7505372762680054, 0.796962320804596, -0.44326329231262207, 0.8410691618919373, -1.5620771646499634, 0.16605740785598755, -0.29510268568992615, 0.13919250667095184, -0.7971668839454651, -0.046024397015571594, 0.40636467933654785, -0.24419844150543213, 0.5535503625869751, -1.1208902597427368, -0.691371738910675, -1.164196252822876, 1.016343593597412, -0.52853924036026, -0.3689771294593811, 1.2455670833587646, -0.07712368667125702, -0.9295157790184021, 1.3095698356628418, 1.6483937501907349, 1.286542296409607, 1.5878771543502808, -0.7075700759887695, -0.6390686631202698, -0.1688699573278427, 0.05919953063130379, 1.2252196073532104, 0.5355499386787415, 1.692447304725647, -0.9263774156570435, -0.3168111741542816, 0.6352993249893188, 1.4746259450912476, 0.26173529028892517, 1.7291059494018555, -0.243499755859375, -0.8194741606712341, -0.771826446056366, 0.17932695150375366, 0.5989462733268738, 0.014227733016014099, 0.9072798490524292, 1.9597880840301514, 1.2511017322540283, -0.5605508685112, -1.8028452396392822, -0.9160519242286682, -0.17165511846542358, 0.2893734574317932, -1.314540147781372, -0.5518176555633545, 1.8232619762420654, 1.821352243423462, -0.8871390223503113, 1.2465804815292358, 0.38277751207351685, -1.3557640314102173, 0.28767186403274536, -0.4978160262107849, -0.9203231930732727, 0.3672921657562256, 1.145583987236023, -2.0598556995391846, -2.507039785385132, 0.46188127994537354, -1.1566282510757446, -1.1880695819854736, 1.1566379070281982, -0.7508152723312378, 0.8449050188064575, 0.05369868129491806, -0.007401615381240845, -0.9544017314910889, 0.04651930555701256, 0.7858291864395142, 0.37331390380859375, 0.6377767324447632, 1.594992756843567, 0.5228474736213684, 0.09243832528591156, -0.24356797337532043]",yunet,Facenet,1920,1080,/home/amos/media/tv/modern_family/Modern.Family.S09.1080p.DSNP.WEB-DL.DDP5.1.H.264-CRFW/Modern.Family.S09E21.The.Escape.1080p.DSNP.WEB-DL.DDP5.1.H.264-CRFW.mkv,Modern Family,2009,1442437,9,21,Ed O'Neill,18977.0,0.735
416,840,150,1074,432,1008,270,900,270,0.912,9288,0,"[-0.24272862076759338, -1.4973766803741455, 0.4625851511955261, 0.6241645216941833, 1.2645512819290161, -0.8363704681396484, -1.2995936870574951, 0.9536064267158508, -0.5204998254776001, -0.02786087617278099, -0.3441184163093567, 0.4997721314430237, -1.226685643196106, -0.8457825183868408, 0.18383680284023285, -0.12308527529239655, 2.204591751098633, 0.3151371479034424, -0.04093112796545029, -1.0005854368209839, -1.1955574750900269, -0.8349835276603699, -0.04528767615556717, 0.030575869604945183, 0.49211010336875916, -1.110521912574768, 0.4673062860965729, 3.821234703063965, 0.7450984120368958, 0.0926012322306633, -1.2453006505966187, 1.9698785543441772, -2.1039528846740723, -0.012730978429317474, -1.5957818031311035, 0.17998471856117249, 0.49679285287857056, -0.3587525486946106, -2.4956698417663574, -0.3412688970565796, -0.5091698169708252, -1.5424182415008545, -0.8900829553604126, 1.5666885375976562, 1.1275252103805542, -1.1892907619476318, 0.6338499188423157, -1.0616393089294434, 1.0582109689712524, 0.03201635926961899, 0.42703068256378174, -0.7148897051811218, -0.33728304505348206, 0.6577233672142029, -0.36682185530662537, 0.30520370602607727, -0.6229875683784485, -0.6836563348770142, -1.0439499616622925, 0.7448545694351196, -2.9799935817718506, 0.0074128806591033936, 1.154788613319397, -0.1253233402967453, -0.4628943204879761, 1.9699616432189941, 0.8809769153594971, 1.2633296251296997, 0.467104434967041, -0.9130567312240601, -1.2360905408859253, -0.14525963366031647, 0.5746758580207825, 1.352291464805603, 0.24484825134277344, 1.5365852117538452, -1.4808202981948853, -0.1241726279258728, -0.4093848764896393, 0.8662132620811462, -0.9011874794960022, 1.6220163106918335, -0.7918076515197754, -1.3299920558929443, -0.980043888092041, 0.1469096839427948, -0.32435300946235657, 0.2542884945869446, 0.9123005867004395, 2.2666432857513428, 1.6157575845718384, -0.5695077776908875, -1.133961796760559, -1.3735394477844238, 0.10816419124603271, 0.22634345293045044, -0.4121628999710083, -0.86696457862854, 1.4905102252960205, 1.447516679763794, -0.4102824330329895, 0.6801462173461914, 0.06962306797504425, -2.2247018814086914, 0.3341270983219147, 0.0552191287279129, -0.3873654901981354, -0.33088332414627075, 1.5555884838104248, -0.8544270992279053, -1.797102451324463, 0.9194167256355286, -0.48014315962791443, -1.4992878437042236, 1.7118422985076904, -0.40259796380996704, 0.413236141204834, 0.02976129949092865, -0.20214956998825073, -0.8886718153953552, 0.21286062896251678, -0.2812262177467346, 0.6153115630149841, 0.061773769557476044, 0.6938623189926147, 0.6412602066993713, 0.6551750302314758, -0.4393397271633148]",yunet,Facenet,1920,1080,/home/amos/media/tv/modern_family/Modern.Family.S09.1080p.DSNP.WEB-DL.DDP5.1.H.264-CRFW/Modern.Family.S09E21.The.Escape.1080p.DSNP.WEB-DL.DDP5.1.H.264-CRFW.mkv,Modern Family,2009,1442437,9,21,Ed O'Neill,18977.0,0.769
417,858,144,996,318,966,210,900,210,0.902,9384,0,"[0.40936774015426636, -2.221700429916382, -1.574122667312622, -0.9035986661911011, 0.4867400527000427, 0.37974944710731506, 0.17425619065761566, 0.4499742090702057, -0.537580668926239, -0.8248289227485657, 0.2094542682170868, -0.8035154342651367, 0.1139921098947525, -0.431328147649765, -0.1266675889492035, 0.18807503581047058, -2.2980453968048096, -1.4670366048812866, 0.7046477794647217, -0.09210441261529922, 0.2191542685031891, -0.3567400276660919, 0.38246989250183105, -1.2203598022460938, 0.7278359532356262, 1.2358611822128296, 1.3397670984268188, -1.2253165245056152, 0.5637592673301697, -0.35130542516708374, -0.5177806615829468, 1.9776030778884888, -0.5543909072875977, 0.7106140851974487, -1.0599826574325562, 0.2498505711555481, -0.3160688877105713, 0.21780073642730713, 1.427424669265747, -2.458178997039795, 0.8338096141815186, 2.27109432220459, -1.631903052330017, -1.8999820947647095, 1.0147444009780884, -2.59773325920105, -0.24894176423549652, 2.2655110359191895, 1.021167516708374, 0.7744325399398804, -0.1631416529417038, 0.2849598228931427, -0.6102352142333984, 0.9780874252319336, 0.738408088684082, -1.9381442070007324, 0.41474753618240356, 1.6455727815628052, -0.18855245411396027, 1.3838989734649658, 0.2506401240825653, -2.0966784954071045, -0.04052035138010979, 0.8615651726722717, -0.09079459309577942, -0.12626208364963531, -0.5000997185707092, -0.4878048002719879, -0.8523437976837158, -0.05758867785334587, -0.5990718007087708, 0.21448993682861328, -3.143300771713257, 2.823998212814331, 0.24424228072166443, -1.2836741209030151, -2.081521987915039, 1.870900273323059, 1.087991714477539, 0.04905387759208679, -2.379371404647827, 0.6927555799484253, 0.859690248966217, -0.7114279866218567, -0.7820398211479187, 0.3143431544303894, 1.3848400115966797, -0.39802610874176025, -1.0591644048690796, -2.45878529548645, -0.19280222058296204, 0.8707058429718018, -0.32068362832069397, 0.09627529233694077, 1.439801812171936, 1.157960057258606, -2.9572103023529053, -0.9744002819061279, -0.009419582784175873, -0.6706701517105103, -0.8707625269889832, -1.4802522659301758, -1.19942045211792, -0.15827377140522003, 0.2068045437335968, 0.09308469295501709, 0.19419404864311218, -0.24791312217712402, -0.4941823184490204, -0.26125890016555786, -0.04113205149769783, -2.6754519939422607, 0.4901242256164551, -0.717093288898468, 0.3585226535797119, 2.1870806217193604, 0.2817186415195465, -0.5918160676956177, -2.058922052383423, 0.9758619666099548, -0.3258535861968994, 0.7411515712738037, 0.6760921478271484, 0.4958171844482422, -0.9374363422393799, 0.38044825196266174, -0.9562839865684509, -1.482588291168213]",yunet,Facenet,1920,1080,/home/amos/media/tv/modern_family/Modern.Family.S09.1080p.DSNP.WEB-DL.DDP5.1.H.264-CRFW/Modern.Family.S09E21.The.Escape.1080p.DSNP.WEB-DL.DDP5.1.H.264-CRFW.mkv,Modern Family,2009,1442437,9,21,Chris Geere,62879.0,0.653
418,420,366,534,516,516,426,456,426,0.9,9384,1,"[-1.8362171649932861, -1.1410564184188843, -0.25107845664024353, 2.395627737045288, 1.8774243593215942, 0.17180266976356506, 0.7887319326400757, -1.301612377166748, -1.5990440845489502, 2.072094440460205, -1.2272295951843262, 0.9670886993408203, 1.0216703414916992, -0.2990298867225647, 0.7646114826202393, 0.35182809829711914, -0.05496044456958771, -0.7551451921463013, -0.07140688598155975, 0.6179673671722412, -1.3723878860473633, 0.4835090935230255, 0.39078500866889954, 1.8794937133789062, -0.19255493581295013, 0.594998836517334, 1.1478859186172485, -0.9682444334030151, 3.185349941253662, 1.3957217931747437, 0.8650617599487305, -2.4202628135681152, -1.1226969957351685, -1.0211915969848633, 1.5979098081588745, -1.036195158958435, -1.0151633024215698, 1.8784083127975464, -0.7394405007362366, -1.5753161907196045, -0.30311980843544006, 0.29593488574028015, -0.19517040252685547, 2.3701164722442627, 0.01295982301235199, -1.4969943761825562, 0.4363865852355957, 0.5301762819290161, 0.03877653181552887, 1.2095704078674316, -0.47070544958114624, 1.5793616771697998, 1.8534690141677856, 0.5820578932762146, -0.8299771547317505, 0.04446030780673027, 0.27764493227005005, -0.6345050930976868, 0.2623215317726135, 1.6840547323226929, -0.23337939381599426, 0.43823039531707764, -0.2343634068965912, -1.0022391080856323, -1.7524924278259277, 1.4411996603012085, -0.5895218253135681, 0.7608382701873779, -0.16287177801132202, 2.0426533222198486, 0.4362662434577942, -0.41519829630851746, -1.2447115182876587, 1.2856475114822388, 0.23592811822891235, 0.0027564391493797302, 0.13088980317115784, -0.055499907582998276, -0.22144165635108948, 0.2363274246454239, -0.8609767556190491, 0.4551227390766144, -0.44160133600234985, 0.9673977494239807, 0.6539782285690308, 1.0438287258148193, 1.4455465078353882, -0.3437916040420532, -0.5390483140945435, -2.1245625019073486, -0.940470278263092, 0.7184668779373169, 0.3071329891681671, 0.2281629741191864, 1.050302267074585, -0.06952867656946182, 0.1999441236257553, -0.7636610269546509, 0.7473992705345154, -1.0440670251846313, -0.44415515661239624, 0.7584854960441589, -0.4062747359275818, 1.1462786197662354, 1.285267949104309, -0.22055643796920776, 0.2878274619579315, -0.8738497495651245, 1.324127435684204, -1.0008702278137207, 0.46256524324417114, -0.12425902485847473, 0.4538002014160156, 0.21642161905765533, -1.6373426914215088, -0.19208219647407532, -0.7265956401824951, 0.6187169551849365, -1.8402719497680664, 0.4719230830669403, 2.464815855026245, -0.5661935806274414, -0.3119136095046997, -1.6656453609466553, -0.4602857828140259, 1.5140966176986694, 1.500360369682312, -0.8313757181167603]",yunet,Facenet,1920,1080,/home/amos/media/tv/modern_family/Modern.Family.S09.1080p.DSNP.WEB-DL.DDP5.1.H.264-CRFW/Modern.Family.S09E21.The.Escape.1080p.DSNP.WEB-DL.DDP5.1.H.264-CRFW.mkv,Modern Family,2009,1442437,9,21,Sarah Hyland,91351.0,0.696
419,942,156,1170,468,1080,264,984,270,0.913,9408,0,"[-0.23978182673454285, 2.5497653484344482, -0.8275260925292969, -0.15296822786331177, -0.6269784569740295, -0.6658604741096497, -2.262794256210327, 1.434942603111267, -0.6926579475402832, -0.22774247825145721, 0.3219177722930908, -0.19763292372226715, -0.23734423518180847, 1.2677743434906006, 0.8615859746932983, 0.5072448253631592, -0.010022290050983429, -1.6013283729553223, -2.3657844066619873, 1.0325361490249634, 1.3360910415649414, 2.3164637088775635, 0.37073972821235657, 0.16999024152755737, 0.5334610939025879, 0.22551235556602478, -1.1860051155090332, 1.8042378425598145, 1.1207528114318848, 0.29154762625694275, -1.2629870176315308, 1.103867769241333, -0.7279101014137268, 0.26533234119415283, 1.5905966758728027, -0.30190083384513855, -0.06845495849847794, -1.9906408786773682, -1.2070038318634033, 0.4624396562576294, -1.6982086896896362, -1.3856136798858643, -2.086904287338257, -1.2868037223815918, -0.7250699996948242, -0.6884443163871765, 1.6177453994750977, -0.3537953197956085, 0.03590051829814911, 0.9513567686080933, 0.0983375757932663, 0.8220007419586182, 0.45845529437065125, -1.3244215250015259, -0.7214310169219971, -0.8241516351699829, 1.5231566429138184, -1.0273853540420532, -0.9400420784950256, -0.5020084381103516, -1.3610689640045166, -0.21312741935253143, -0.08508189022541046, -0.33100736141204834, -0.03309113159775734, -1.1589292287826538, 1.772757649421692, 1.2663050889968872, 0.6555849313735962, -0.8131201267242432, 1.0473440885543823, 0.05352075397968292, 0.246288001537323, 0.9192923903465271, 0.43754953145980835, 0.5172939896583557, 2.4724252223968506, -0.34241101145744324, -0.6534250974655151, -1.087198257446289, -0.2663940191268921, -0.5923210382461548, -0.5456705093383789, 0.7719793915748596, 2.5640106201171875, 0.7867039442062378, -1.370120644569397, -1.1273802518844604, 0.8114892244338989, -0.10061131417751312, 1.1823099851608276, -0.3446040749549866, 1.032881498336792, -0.4426986575126648, 0.26740166544914246, 1.9635683298110962, 1.299830436706543, 2.6506261825561523, -0.5754060745239258, -2.1670820713043213, 0.0728633850812912, -0.19307583570480347, -0.3107643723487854, -1.060869574546814, -0.4790229797363281, -0.33997124433517456, 0.5429291725158691, 0.9961163997650146, 1.3917083740234375, 2.1987266540527344, -1.6208032369613647, 1.2909698486328125, 0.6894842386245728, -0.34266576170921326, 1.8417266607284546, -0.8265029191970825, 1.1413347721099854, -1.066720724105835, 0.43482354283332825, 0.13466714322566986, 1.4244880676269531, -0.20196989178657532, -1.2023131847381592, -0.8625084757804871, 1.9824771881103516, -0.7042328715324402, -1.4313915967941284, 1.2731093168258667]",yunet,Facenet,1920,1080,/home/amos/media/tv/modern_family/Modern.Family.S09.1080p.DSNP.WEB-DL.DDP5.1.H.264-CRFW/Modern.Family.S09E21.The.Escape.1080p.DSNP.WEB-DL.DDP5.1.H.264-CRFW.mkv,Modern Family,2009,1442437,9,21,Jim Piddock,120560.0,0.555
420,1308,114,1530,420,1434,222,1338,222,0.912,9432,0,"[0.13640564680099487, 2.482167959213257, -0.5052366852760315, -0.15715822577476501, -0.23816512525081635, -0.20744752883911133, -2.0414273738861084, 1.5140697956085205, -0.42175960540771484, -0.0159127339720726, -0.37819480895996094, 0.27499881386756897, 0.8942763805389404, 1.3522233963012695, 0.9712855815887451, 0.8731627464294434, 0.4207818806171417, -1.5529322624206543, -0.7532871961593628, 0.5756109952926636, 0.9995361566543579, 2.6127519607543945, -0.17987117171287537, 0.9917850494384766, -0.27316415309906006, -0.27464085817337036, -0.9447319507598877, 1.0041756629943848, 1.034487009048462, -0.16051670908927917, -0.886661171913147, 0.7114732265472412, -0.23016220331192017, -0.17183348536491394, 1.7660316228866577, -1.0662940740585327, 1.069671630859375, -1.9612901210784912, -0.9468019604682922, 0.3072856366634369, -0.8632447719573975, -1.2137287855148315, -0.7556536197662354, -1.2311968803405762, -1.383731722831726, 0.1323634386062622, 1.442612886428833, -1.1672210693359375, -0.005777284502983093, 0.9183275699615479, 0.00041240453720092773, 0.8645442128181458, 0.03959091380238533, -0.7036688923835754, -0.9422677159309387, -0.38287076354026794, 0.7591729760169983, -1.8143692016601562, -0.7311078906059265, -0.77535080909729, -1.039996862411499, 0.2369905561208725, 0.5392929911613464, -0.10191991925239563, -0.6047182679176331, -0.9704609513282776, 2.1837360858917236, 0.9885799884796143, 0.08171053975820541, 0.021638331934809685, 1.4277681112289429, 0.44794121384620667, 0.7981985807418823, 0.8458132147789001, 0.05937673896551132, 0.19623415172100067, 2.4521381855010986, -0.2369987517595291, -0.8954635858535767, -1.538503885269165, -0.21691444516181946, -0.6235122680664062, -0.6375142931938171, 0.9310177564620972, 2.357105016708374, -0.3353538513183594, -0.6816939115524292, -1.7875211238861084, 0.31471362709999084, -0.4006389379501343, 0.543383002281189, -0.6047489047050476, 0.75838303565979, -0.8407213687896729, 0.18282774090766907, 0.9568740129470825, 2.163581609725952, 2.8525290489196777, -0.32859718799591064, -1.8746109008789062, -0.16589322686195374, 0.3925457000732422, 0.17463763058185577, -0.37751948833465576, -0.12178558856248856, 0.3765122890472412, 0.011598967015743256, 1.043653130531311, 0.6262508630752563, 2.2454490661621094, -1.2488117218017578, 1.2273461818695068, 1.0635584592819214, -0.3919026553630829, 0.5693750381469727, -1.3205299377441406, 0.9219217300415039, -0.9266951084136963, -0.13898181915283203, -0.6733366250991821, 0.5821604132652283, -0.48002174496650696, -0.2849372625350952, 0.21873842179775238, 2.342214345932007, -0.6779810786247253, -1.4155093431472778, 1.3740565776824951]",yunet,Facenet,1920,1080,/home/amos/media/tv/modern_family/Modern.Family.S09.1080p.DSNP.WEB-DL.DDP5.1.H.264-CRFW/Modern.Family.S09E21.The.Escape.1080p.DSNP.WEB-DL.DDP5.1.H.264-CRFW.mkv,Modern Family,2009,1442437,9,21,Jim Piddock,120560.0,0.694
421,966,210,1188,498,1146,324,1038,330,0.914,9456,0,"[-0.7281444072723389, -0.9286850690841675, -0.8302023410797119, -1.5130325555801392, 0.00583649892359972, 1.4879041910171509, 0.44497835636138916, 1.3695884943008423, 1.0269213914871216, -1.0142549276351929, 2.67439866065979, -0.7275403738021851, -1.543800711631775, 0.9467381238937378, -1.1325713396072388, -0.06964141130447388, -0.8275535106658936, -0.9477490186691284, 0.1074385792016983, -1.2124403715133667, -0.25651299953460693, -0.28598523139953613, 0.213826984167099, -1.322523593902588, -0.36331528425216675, -0.0277240052819252, 0.8172582387924194, -2.1087441444396973, -0.4286043047904968, -0.5588832497596741, -1.4637885093688965, 2.6486363410949707, -0.009670213796198368, -0.037288375198841095, 0.7001423835754395, 0.4634985327720642, -0.21256288886070251, 1.4299849271774292, 1.021805763244629, -0.8675733804702759, 0.6335622668266296, -0.04588925093412399, -1.8113501071929932, -1.6721776723861694, -1.009490966796875, -1.6438747644424438, -0.2140219360589981, 0.0007125586271286011, 1.2735657691955566, 1.1712051630020142, 0.04415350407361984, 1.397868037223816, 1.1966713666915894, -1.5571680068969727, 1.5096521377563477, -0.9192666411399841, -0.6887281537055969, 1.6321684122085571, -0.71628338098526, -0.5358964204788208, -0.13959062099456787, -1.1567622423171997, -0.25976598262786865, 1.1653164625167847, 1.725656270980835, 0.03325800597667694, 0.20970308780670166, 1.770871639251709, 1.0144728422164917, -1.0065549612045288, -0.5441507697105408, -0.26403164863586426, -2.333998918533325, 1.3155841827392578, -0.1272093504667282, -0.20507386326789856, -1.51920485496521, 0.3507595360279083, -0.8676118850708008, -0.6180112957954407, -0.48459386825561523, 0.38215407729148865, -0.5865654349327087, -0.704155445098877, -0.616675078868866, 0.3909571170806885, -0.266633540391922, 0.30303460359573364, -2.2575955390930176, -1.1216330528259277, -0.12319063395261765, 0.17639853060245514, 0.5786528587341309, 0.24624043703079224, 0.7916964292526245, 2.319873094558716, -1.7038549184799194, 1.5053473711013794, -0.31180962920188904, -0.06014309078454971, -2.0210211277008057, -1.5948588848114014, -0.9258953332901001, -0.4770001471042633, -0.9548548460006714, 0.062487103044986725, 1.3336399793624878, 0.10579369217157364, -0.361084520816803, -1.22182035446167, 0.316345751285553, -0.3614058494567871, 1.2916021347045898, -0.5195125341415405, -0.47431522607803345, 1.3328683376312256, 1.211060643196106, -0.8951030969619751, -0.5605189204216003, 2.539506673812866, -2.3061816692352295, 0.04402061551809311, 0.6783201098442078, -0.23737409710884094, -0.5668251514434814, 1.5022363662719727, -1.085126519203186, 0.3258204460144043]",yunet,Facenet,1920,1080,/home/amos/media/tv/modern_family/Modern.Family.S09.1080p.DSNP.WEB-DL.DDP5.1.H.264-CRFW/Modern.Family.S09E21.The.Escape.1080p.DSNP.WEB-DL.DDP5.1.H.264-CRFW.mkv,Modern Family,2009,1442437,9,21,Chris Geere,62879.0,0.643
422,276,348,444,558,426,426,354,426,0.905,9456,1,"[-0.21016892790794373, 0.30098551511764526, 1.2132357358932495, 1.1626938581466675, 0.7217963933944702, 0.06846427917480469, 0.9885631799697876, -2.607924699783325, -0.5721552968025208, 1.7025984525680542, -0.08925239741802216, 1.2976833581924438, 1.1395007371902466, 0.4050336480140686, -0.7857626676559448, 0.41140180826187134, -1.0105966329574585, -0.322640597820282, 0.022710412740707397, 1.6674667596817017, -0.31179970502853394, 1.2794617414474487, 0.9802065491676331, 0.8058812022209167, -0.13455472886562347, 0.31280457973480225, 0.646747350692749, -0.8171967267990112, 2.8077757358551025, 0.8568253517150879, 0.28561288118362427, -2.297593832015991, -0.5256566405296326, 0.38005563616752625, 1.834753155708313, -0.04005853459239006, -2.8124897480010986, -0.038331806659698486, -0.5901647210121155, -1.8356586694717407, -0.20805509388446808, 0.12871511280536652, -0.5406986474990845, 1.6571192741394043, -0.17791347205638885, -2.733926773071289, -1.2220216989517212, 0.6589796543121338, -0.37544894218444824, 0.0669429749250412, 0.676648736000061, 1.2983005046844482, 0.8610791563987732, -0.22128716111183167, -0.7221168279647827, -0.06825578212738037, 1.1285805702209473, -0.2674635350704193, -0.7470536828041077, -0.021416615694761276, 0.5269084572792053, 0.5444955229759216, 0.23218181729316711, -0.22451263666152954, -0.9164839386940002, 1.854986548423767, 0.5155691504478455, 0.27292153239250183, -0.3823719322681427, 3.158095359802246, 0.49312880635261536, -0.7548320293426514, 0.22470688819885254, 0.5797550678253174, 0.1362462341785431, -0.8931368589401245, 0.7669155597686768, -0.5733084678649902, 0.3445536196231842, -0.8972818851470947, 0.7542266845703125, 0.7555309534072876, 0.6622433662414551, 1.5039507150650024, 0.6558672189712524, 0.27503490447998047, 0.9316498041152954, -1.198807954788208, 0.021400131285190582, -2.213709592819214, -0.9719300866127014, 1.4328078031539917, 0.5654317140579224, 0.6848710775375366, 1.4517912864685059, -0.4938875436782837, 0.16294828057289124, -0.6688966155052185, -0.13263189792633057, -1.709861159324646, -0.7446737885475159, 0.8412945866584778, -1.1021946668624878, 1.843427300453186, 1.4689043760299683, 1.210435152053833, 0.9083641171455383, -0.2641031742095947, 0.0006906352937221527, -1.484188199043274, 0.8548412919044495, 1.5508571863174438, 0.5810972452163696, 1.152848720550537, -0.07227185368537903, 1.148679256439209, -0.10095186531543732, 0.07261703908443451, -0.7232437133789062, 0.011402316391468048, 1.8458163738250732, 0.17205309867858887, 0.5521770715713501, -1.8118878602981567, 1.94772207736969, -0.026573598384857178, 1.1317325830459595, -0.3075731098651886]",yunet,Facenet,1920,1080,/home/amos/media/tv/modern_family/Modern.Family.S09.1080p.DSNP.WEB-DL.DDP5.1.H.264-CRFW/Modern.Family.S09E21.The.Escape.1080p.DSNP.WEB-DL.DDP5.1.H.264-CRFW.mkv,Modern Family,2009,1442437,9,21,Sarah Hyland,91351.0,0.61
423,978,138,1182,420,1074,240,1008,234,0.913,9480,0,"[-0.08353196084499359, -1.026457667350769, -0.6444681882858276, -2.3915247917175293, 0.582606315612793, 1.9083980321884155, 0.6269732713699341, 0.8609451651573181, 0.9333472847938538, -1.0175509452819824, 1.3539817333221436, -0.42753085494041443, -2.482297897338867, 0.5099390745162964, -0.07513809204101562, -0.3057302236557007, -0.7975046634674072, 0.45706307888031006, 0.3938363194465637, -1.9891090393066406, 0.41245850920677185, -1.0646005868911743, 0.503804624080658, -2.1891398429870605, 0.34903454780578613, 0.4633809030056, 0.03889823704957962, -2.8338770866394043, 0.6079041361808777, 0.33753857016563416, 0.3393763303756714, 1.211230993270874, -0.33143672347068787, 0.3534664213657379, 0.5386016964912415, 0.47436052560806274, -0.7310811281204224, 0.9623367786407471, 0.7937158942222595, -1.1319047212600708, 1.3416699171066284, 0.3379766047000885, -2.171877861022949, -1.8294646739959717, 1.0915275812149048, -1.7305116653442383, -0.3779169023036957, 1.159828782081604, 1.8548728227615356, 0.19708463549613953, -0.6402925252914429, 0.5833735466003418, 0.14254750311374664, 0.5400078296661377, 0.1932063102722168, -1.0699526071548462, 0.06316140294075012, 0.6518948674201965, -0.5765345096588135, 0.04437874257564545, 0.5239604711532593, -1.689839482307434, 0.3831571340560913, 1.5392438173294067, 1.8033382892608643, 0.09759960323572159, 0.19188275933265686, 1.2809354066848755, 0.5587000250816345, 0.1309773325920105, -0.8362924456596375, 1.5458415746688843, -2.641136407852173, 0.7066698670387268, 0.5570961833000183, -2.052837371826172, -0.9742720127105713, 0.3916955590248108, -1.214255928993225, 0.5279034376144409, -3.2019920349121094, 0.4606497585773468, 0.5266544818878174, -1.9125750064849854, -1.102828025817871, 0.5482083559036255, -0.37153950333595276, -0.7935581207275391, -1.1714131832122803, -0.6918933987617493, -0.3075866401195526, 0.43932202458381653, -0.04842548072338104, 0.03621639683842659, 0.8885873556137085, 0.8724828362464905, -1.4938609600067139, 1.0904892683029175, 1.0224711894989014, 0.7281537652015686, -0.8712577223777771, -0.3025535047054291, -0.479786217212677, 1.3810162544250488, 0.3298463523387909, 2.357008695602417, -0.7371472120285034, 0.49684956669807434, -0.5736101269721985, -0.7844790816307068, -0.8344692587852478, -0.38921695947647095, -0.11443108320236206, -1.3809046745300293, 0.519186794757843, 1.6456809043884277, 0.9929536581039429, -0.6955289244651794, -0.9110310673713684, 0.008102230727672577, -0.9537380933761597, 1.6115760803222656, 1.391191840171814, -0.4037884473800659, -1.682039737701416, -0.0934450551867485, -2.529435396194458, -0.07308414578437805]",yunet,Facenet,1920,1080,/home/amos/media/tv/modern_family/Modern.Family.S09.1080p.DSNP.WEB-DL.DDP5.1.H.264-CRFW/Modern.Family.S09E21.The.Escape.1080p.DSNP.WEB-DL.DDP5.1.H.264-CRFW.mkv,Modern Family,2009,1442437,9,21,Chris Geere,62879.0,0.612
424,378,360,546,594,528,456,474,456,0.91,9480,1,"[0.07374317198991776, -0.5217241048812866, 0.9659226536750793, 1.9025367498397827, 1.9028809070587158, 0.2706751525402069, 1.3597856760025024, -2.586771249771118, -0.6313253045082092, 2.3268020153045654, -0.4966925382614136, 1.0367687940597534, 1.2979873418807983, 0.5397709608078003, 0.09786879271268845, 0.019660640507936478, 0.17599010467529297, -2.316467523574829, -0.34096965193748474, 1.3307448625564575, -1.0422515869140625, 0.6717092394828796, 0.12858563661575317, 0.3970598578453064, -0.3604264557361603, 0.10246585309505463, 1.5795243978500366, -0.8053452372550964, 1.8639947175979614, 0.6520600914955139, 0.07229819148778915, -1.9685012102127075, -1.2610349655151367, -1.0910604000091553, 0.96412593126297, 0.6442467570304871, -1.3038272857666016, -0.12260586768388748, -0.21629515290260315, -2.628211736679077, -0.46264851093292236, 0.42286914587020874, -0.8425256013870239, 1.9362869262695312, 0.01711300201714039, -1.1033698320388794, -0.7343205213546753, 0.5585340261459351, -0.9838857650756836, 0.6612082719802856, -0.6024829745292664, 1.0090534687042236, -0.07992664724588394, 0.2369871288537979, -1.612943410873413, -0.3141077756881714, 1.8865553140640259, -0.5365302562713623, -0.08651270717382431, 0.4985857307910919, -0.7374076843261719, 1.0601379871368408, 1.22920560836792, -0.21710337698459625, -1.0843048095703125, 1.9163832664489746, 0.480451375246048, -0.3191301226615906, 0.3284682631492615, 3.068040370941162, 0.2036125659942627, -0.3395432233810425, -1.5748320817947388, 1.1753450632095337, -0.1445658802986145, -0.027581263333559036, -0.1033877432346344, -1.815621256828308, 0.31170275807380676, 0.03504320979118347, 0.7996049523353577, 0.27575719356536865, 0.48213908076286316, 1.6568381786346436, 0.8524409532546997, -0.9781205654144287, 1.4092382192611694, -0.5203655958175659, -0.20285896956920624, -2.281071662902832, -1.0151851177215576, 0.47728419303894043, 1.1919859647750854, 0.5213419795036316, 0.3281573951244354, 0.5816879272460938, 0.5106136798858643, -0.29605478048324585, -0.4978872239589691, -0.9130791425704956, -0.9669456481933594, -0.24644377827644348, -1.5700634717941284, 0.6427509188652039, 1.6377735137939453, 1.074263334274292, 0.11003194749355316, -1.0757849216461182, 1.5438860654830933, -0.47076570987701416, 0.7065097689628601, 0.4727799892425537, 0.8031138181686401, 0.9127046465873718, -0.21365630626678467, 0.5685181617736816, -1.2803363800048828, 0.7452293634414673, -0.8770425319671631, 0.1856555938720703, 2.253964424133301, -0.43491852283477783, 0.43433845043182373, -1.0372618436813354, 1.7839831113815308, 0.1556713879108429, 1.8448227643966675, -0.928791880607605]",yunet,Facenet,1920,1080,/home/amos/media/tv/modern_family/Modern.Family.S09.1080p.DSNP.WEB-DL.DDP5.1.H.264-CRFW/Modern.Family.S09E21.The.Escape.1080p.DSNP.WEB-DL.DDP5.1.H.264-CRFW.mkv,Modern Family,2009,1442437,9,21,Sarah Hyland,91351.0,0.701
425,222,438,444,714,396,546,306,546,0.924,9504,0,"[-0.6504154205322266, -1.6667484045028687, 0.7143707275390625, 1.9066907167434692, 0.8877356052398682, 0.23995241522789001, 0.8076784014701843, -0.4509525001049042, 0.38026389479637146, 2.580923080444336, -1.8208824396133423, 0.18012461066246033, 0.32551783323287964, 0.4898594915866852, -1.0607126951217651, -0.07042372226715088, 0.19202956557273865, -1.3272396326065063, 0.7261702418327332, 0.3059355616569519, 0.10538578033447266, 0.6736785173416138, 0.03208017349243164, 0.6782833933830261, 0.6357739567756653, 0.9316469430923462, 1.2175780534744263, -1.559857964515686, 2.950930118560791, 1.164575219154358, -0.15016764402389526, -1.7995071411132812, -0.6950675845146179, -1.2332963943481445, 1.1671873331069946, -0.531157374382019, -1.7713861465454102, 1.8358935117721558, -0.47584688663482666, -1.9172966480255127, 0.18987737596035004, 0.8781989216804504, -1.3503860235214233, 1.751230001449585, 0.1982707679271698, -0.6081736087799072, -0.2419503778219223, 0.9167886972427368, -0.4808470606803894, 1.2011773586273193, -0.7391546368598938, 2.721715211868286, 1.0871052742004395, -1.0458956956863403, -0.5243806838989258, -0.5162650346755981, 1.3038835525512695, -0.30235669016838074, 1.3476266860961914, 0.8094426393508911, 0.11333180218935013, -0.4938035011291504, 0.41691213846206665, -1.2098356485366821, -1.369128942489624, 1.2711330652236938, 0.015424899756908417, 0.11384337395429611, -0.7233021259307861, 1.3624787330627441, -0.2235269695520401, -1.1149312257766724, -0.9232155680656433, -0.3563483953475952, -0.05652429535984993, -1.056565284729004, -0.03006364405155182, -0.28346747159957886, -0.22439968585968018, -0.1472105234861374, -0.558588981628418, -0.8523306846618652, 0.621460497379303, 0.46485400199890137, -0.45729413628578186, 0.460011750459671, 0.3226279020309448, -0.8102250695228577, 0.2713559865951538, -1.4884819984436035, -0.9357761740684509, 1.2482300996780396, 0.1771823912858963, 0.9270278811454773, 0.9213935732841492, -0.39183104038238525, 0.406903475522995, -0.7309154868125916, -0.4908635914325714, -0.45980942249298096, 0.45424365997314453, 1.184872031211853, -0.732978880405426, 0.5876157879829407, 0.6698013544082642, 1.0696704387664795, -0.1763041615486145, -0.37301141023635864, 0.6387134194374084, 0.14299732446670532, 0.6432546973228455, -0.07660935819149017, 0.7050448656082153, 0.9816280007362366, -0.6458999514579773, -0.6879866123199463, -1.017922282218933, -0.5536771416664124, -1.2149018049240112, -0.6423927545547485, 2.0567188262939453, -0.12539637088775635, -2.079864263534546, -1.2231595516204834, 0.262576162815094, 0.9058747887611389, 1.8447706699371338, -1.1092503070831299]",yunet,Facenet,1920,1080,/home/amos/media/tv/modern_family/Modern.Family.S09.1080p.DSNP.WEB-DL.DDP5.1.H.264-CRFW/Modern.Family.S09E21.The.Escape.1080p.DSNP.WEB-DL.DDP5.1.H.264-CRFW.mkv,Modern Family,2009,1442437,9,21,Sarah Hyland,91351.0,0.753
426,792,174,990,438,924,282,834,282,0.909,9504,1,"[-0.34971117973327637, -1.3805975914001465, -1.4884922504425049, -0.592112123966217, -0.018843363970518112, 1.0167131423950195, 0.3001190423965454, 0.4783186912536621, 1.4471796751022339, -0.653250515460968, 1.339278221130371, -1.6753289699554443, -2.704054355621338, 0.9575415849685669, -0.6793789863586426, -1.9742484092712402, -1.7273595333099365, 0.18951396644115448, -1.1315258741378784, -1.3328626155853271, -0.3937380909919739, -1.14150869846344, 0.7310924530029297, -2.406111717224121, 1.0110630989074707, 0.8636615872383118, 1.8447026014328003, -2.5029568672180176, -0.28762900829315186, -0.6051157116889954, -0.6578372716903687, 1.3902426958084106, -0.30989745259284973, -0.564727246761322, -0.3818681836128235, 1.7032033205032349, -1.154863715171814, 0.2008744478225708, 0.5092629194259644, -2.065713882446289, 1.0939961671829224, 0.037604786455631256, -1.3304582834243774, -1.8997056484222412, 1.7835763692855835, -2.289180278778076, -0.15102176368236542, 1.1620475053787231, 1.2508844137191772, 0.1373012214899063, -0.12399426102638245, 0.3673451542854309, 0.2893015146255493, -0.37572163343429565, 0.34562256932258606, -1.155612826347351, -0.2681039273738861, 1.8359638452529907, -0.6512688398361206, -0.5465400815010071, 0.45094895362854004, -1.7566728591918945, 0.36923015117645264, 1.158064365386963, 1.7278517484664917, 1.1451058387756348, -0.8156189322471619, 0.8592074513435364, 0.3365490436553955, -0.055608779191970825, -0.3445422649383545, 0.5390583276748657, -2.0099847316741943, 0.742624044418335, -0.16048164665699005, -1.9922237396240234, -0.5775551795959473, 0.37803253531455994, -0.05200687795877457, 0.8328513503074646, -2.356157064437866, 0.8804008960723877, 1.6849501132965088, -0.10148698091506958, -0.9174103736877441, 0.9367908239364624, -0.15517330169677734, -0.5592597126960754, -0.05691149830818176, -1.7025783061981201, -0.12947213649749756, 0.5158870220184326, 0.2273496389389038, 1.8261566162109375, -0.14790931344032288, 1.462368369102478, -2.7235946655273438, 1.1623140573501587, -0.24973556399345398, 0.5086024403572083, -1.143007755279541, -0.7333869934082031, 0.7030940651893616, 0.5250916481018066, 0.15034997463226318, 0.8571587800979614, 0.17055276036262512, 0.8616591691970825, -0.6277635097503662, -0.19756735861301422, 0.10826646536588669, -0.5639469027519226, 0.19773977994918823, 0.365844190120697, 0.45969071984291077, 2.356407642364502, 0.5906401872634888, -0.16722142696380615, -0.8918111324310303, 1.072027564048767, -0.9094448089599609, 1.2897295951843262, 0.5456701517105103, 0.22723986208438873, -2.2044546604156494, 0.6630299687385559, -0.8497082591056824, -0.3098851442337036]",yunet,Facenet,1920,1080,/home/amos/media/tv/modern_family/Modern.Family.S09.1080p.DSNP.WEB-DL.DDP5.1.H.264-CRFW/Modern.Family.S09E21.The.Escape.1080p.DSNP.WEB-DL.DDP5.1.H.264-CRFW.mkv,Modern Family,2009,1442437,9,21,Chris Geere,62879.0,0.697
427,1206,156,1404,414,1326,264,1242,264,0.909,9528,0,"[0.6951248645782471, 1.8621066808700562, -1.0027977228164673, 0.19854411482810974, 0.23184743523597717, -0.3819580376148224, -1.9448323249816895, 1.2402970790863037, -0.14635087549686432, 0.00039816275238990784, -0.39204713702201843, 0.746422529220581, 1.5343209505081177, 0.7409149408340454, 0.4354843497276306, -0.25340649485588074, 1.4248871803283691, -1.962147831916809, -0.8654718995094299, 0.6674295663833618, 0.18764206767082214, 2.0558042526245117, -1.3201439380645752, -0.35137781500816345, -0.40710127353668213, -1.2284412384033203, -0.6897386312484741, 1.0910898447036743, 0.6508190035820007, 0.5175029635429382, -0.8774117231369019, 0.47602933645248413, -0.913536787033081, -0.08151093125343323, -0.09683484584093094, -0.6826948523521423, 0.8326692581176758, -1.3764989376068115, -1.856429100036621, -0.6284911632537842, -0.21103344857692719, -0.5526903867721558, -1.5200749635696411, 0.6838417649269104, -1.1992720365524292, -0.9014394879341125, 1.1463847160339355, -0.4707423150539398, 1.7823421955108643, 0.46279317140579224, 0.2390674203634262, 0.7034972906112671, -0.8303613662719727, -0.8537229299545288, -1.1003626585006714, -1.1545416116714478, 0.3087014853954315, -2.5272042751312256, -0.7680818438529968, -0.42355114221572876, -2.477795124053955, 0.5097267031669617, 0.6553187966346741, -0.021813631057739258, 0.21991115808486938, 0.04142337664961815, 0.9439119696617126, 0.5715106725692749, -0.21684351563453674, 0.3534540832042694, 0.8492728471755981, 0.6551539897918701, -0.06371606886386871, -0.15713635087013245, 0.7312513589859009, 0.36813515424728394, 1.4434171915054321, -0.5455076098442078, -0.8967028260231018, -0.6354928016662598, -0.6557380557060242, -0.16091026365756989, -0.25204968452453613, 0.8198791742324829, 1.9673784971237183, 0.2679159939289093, -1.9749773740768433, -1.4293341636657715, 0.01618366688489914, -0.13419096171855927, 1.6859937906265259, -0.4045090079307556, 0.39013728499412537, -0.8612294793128967, 0.24611927568912506, 1.2202057838439941, 2.4536173343658447, 2.102470636367798, -0.025149190798401833, -1.3270524740219116, 0.7105603814125061, 0.5382938385009766, -0.1351558119058609, -0.5300300717353821, -0.729311466217041, 1.851789116859436, 0.11812099814414978, 0.3601813018321991, 0.4602692127227783, 1.591477632522583, -1.8098899126052856, 1.1668267250061035, -0.3297470510005951, -0.5190510153770447, 1.2300196886062622, -1.3986519575119019, -0.13839253783226013, -1.4468233585357666, -0.06710540503263474, -0.8688272833824158, 1.3831307888031006, -0.5881346464157104, -0.2893497347831726, -0.3842789828777313, 1.5192092657089233, -1.5568264722824097, -1.2652658224105835, 1.0508595705032349]",yunet,Facenet,1920,1080,/home/amos/media/tv/modern_family/Modern.Family.S09.1080p.DSNP.WEB-DL.DDP5.1.H.264-CRFW/Modern.Family.S09E21.The.Escape.1080p.DSNP.WEB-DL.DDP5.1.H.264-CRFW.mkv,Modern Family,2009,1442437,9,21,Jim Piddock,120560.0,0.767
428,1128,144,1332,402,1242,240,1158,246,0.908,9552,0,"[-0.04633109271526337, 2.013765335083008, -0.9638797044754028, -0.3315267264842987, 0.19333001971244812, -0.6961644291877747, -2.21022891998291, 1.0753018856048584, -0.36175650358200073, -0.40836673974990845, -0.7645861506462097, 0.006624901667237282, 0.9238710403442383, 0.7656645774841309, 0.78383469581604, 0.028905168175697327, 0.572140097618103, -1.9296478033065796, -0.6904752850532532, 0.3945446014404297, 0.4451393783092499, 2.1195218563079834, -0.5543584227561951, 0.8411125540733337, -0.2806873619556427, -0.03304433077573776, -0.5785253047943115, 0.6902890801429749, 1.633118987083435, 0.2194892019033432, -0.7452201843261719, 0.6486620903015137, -0.3160114288330078, -0.41523030400276184, 0.2990463376045227, -1.0807229280471802, 1.6300777196884155, -1.0251004695892334, -0.8652572631835938, -0.6061719655990601, -0.3784244656562805, -0.9180383682250977, -1.7200158834457397, -0.21683375537395477, -1.9765039682388306, -0.37028607726097107, 1.5816832780838013, -0.9352289438247681, 0.29251009225845337, 0.8657979965209961, -0.16930614411830902, 1.252145528793335, 0.02727367728948593, -0.4111735224723816, -0.8881970643997192, -0.6553995609283447, 0.8639968633651733, -1.9394855499267578, -0.6582684516906738, 0.22832655906677246, -1.6585835218429565, -0.7057250142097473, 0.06108420342206955, 0.09260259568691254, -0.4716179072856903, -0.020705699920654297, 1.9366358518600464, 0.695595383644104, 0.12220223993062973, 0.08878099173307419, 0.9020819664001465, 0.6800546646118164, -0.24442672729492188, 0.6143040060997009, 0.12629151344299316, 0.8226326704025269, 1.3714169263839722, -0.3544299900531769, -0.9844391345977783, -1.572346568107605, -1.057112216949463, -0.04644772410392761, -0.14113901555538177, 1.1055952310562134, 2.166973829269409, 0.3788406252861023, -1.173486351966858, -1.6440508365631104, -0.05470980331301689, -0.3858862519264221, 1.0965185165405273, -1.2063698768615723, 0.4749741852283478, -1.2797449827194214, 0.10141494870185852, 1.373088002204895, 1.3975648880004883, 2.1837329864501953, -0.2292928695678711, -2.6164307594299316, 0.021470241248607635, 0.3597656786441803, 0.22570104897022247, -0.5009852051734924, -0.5144122242927551, 0.9897351861000061, -0.2966589331626892, 0.6753442287445068, 1.0989720821380615, 1.8866229057312012, -2.14601993560791, 0.8674250245094299, 0.4206624925136566, -0.4949907064437866, 0.5989109873771667, -1.4284082651138306, -0.023950668051838875, -1.830262303352356, -0.4252508580684662, -0.30314189195632935, 1.3914533853530884, -0.5941606760025024, -0.5192849040031433, -0.393327921628952, 1.5966275930404663, -0.9017351865768433, -0.6635621786117554, 1.018847942352295]",yunet,Facenet,1920,1080,/home/amos/media/tv/modern_family/Modern.Family.S09.1080p.DSNP.WEB-DL.DDP5.1.H.264-CRFW/Modern.Family.S09E21.The.Escape.1080p.DSNP.WEB-DL.DDP5.1.H.264-CRFW.mkv,Modern Family,2009,1442437,9,21,Jim Piddock,120560.0,0.772
429,1116,150,1326,420,1230,258,1146,258,0.909,9576,0,"[0.37962615489959717, 1.9801236391067505, -0.9502301812171936, -0.4534769356250763, 0.0839957445859909, -0.5039827227592468, -2.095590591430664, 0.9763898849487305, 0.07475347071886063, -0.6840325593948364, -0.6780262589454651, 0.0605749636888504, 1.1181793212890625, 0.44957175850868225, 0.8946725130081177, -0.2672978639602661, 0.6402175426483154, -1.691148042678833, -1.0782990455627441, 0.21890410780906677, 0.8429570198059082, 2.194200038909912, -0.7320152521133423, 0.6949560642242432, -0.4362103343009949, -0.6887572407722473, -1.0853941440582275, 0.5699208974838257, 1.5124928951263428, -0.1633906364440918, -0.7684264183044434, 0.3808732032775879, -0.1863492727279663, -0.5956698656082153, 0.7731863260269165, -1.4789913892745972, 1.288292646408081, -0.9002321362495422, -0.9247594475746155, -0.45096051692962646, -0.5000497102737427, -1.1444584131240845, -1.6065608263015747, -0.5914967656135559, -2.2849814891815186, -0.5645778775215149, 1.4062178134918213, -0.9078836441040039, 0.3194305896759033, 0.26743295788764954, 0.1385640799999237, 0.8227392435073853, -0.1297922134399414, -0.735697865486145, -0.4428826868534088, -0.47344091534614563, 1.150097370147705, -2.033906936645508, -1.2081390619277954, -0.5506538152694702, -1.8587051630020142, -0.651336133480072, 0.2587968409061432, -0.14130541682243347, -0.6305954456329346, -0.09240037202835083, 2.0180246829986572, 0.4060605764389038, -0.2995030879974365, -0.30093902349472046, 1.01442289352417, 0.4593378007411957, -0.16077488660812378, -0.2882719039916992, 0.01873294822871685, 0.4461817145347595, 1.1719592809677124, -0.44513043761253357, -1.1477404832839966, -1.7570773363113403, -0.4247537851333618, -0.4590621888637543, -0.3147698938846588, 1.064439058303833, 1.7629226446151733, 0.3749094605445862, -1.3934364318847656, -1.6781505346298218, 0.45302286744117737, -0.4783368408679962, 1.456742763519287, -1.4056693315505981, 0.37575897574424744, -1.1050761938095093, 0.14053304493427277, 1.3366626501083374, 1.9375276565551758, 1.8347184658050537, -0.0054153576493263245, -2.4809396266937256, 0.30886906385421753, 0.5083425045013428, 0.24167950451374054, -0.10933279246091843, -0.09981010854244232, 0.9803009629249573, -0.07708203792572021, 0.007691539824008942, 1.3839285373687744, 2.176128625869751, -2.171957492828369, 0.9834396243095398, 0.3187442421913147, -0.59080970287323, 0.22082868218421936, -2.049513339996338, -0.43633392453193665, -1.4231107234954834, -0.25209692120552063, -0.7158275246620178, 0.41740965843200684, -0.20551489293575287, -0.24220924079418182, -0.22078654170036316, 1.7793869972229004, -0.2915623188018799, -1.1398028135299683, 0.8232426643371582]",yunet,Facenet,1920,1080,/home/amos/media/tv/modern_family/Modern.Family.S09.1080p.DSNP.WEB-DL.DDP5.1.H.264-CRFW/Modern.Family.S09E21.The.Escape.1080p.DSNP.WEB-DL.DDP5.1.H.264-CRFW.mkv,Modern Family,2009,1442437,9,21,Jim Piddock,120560.0,0.748
430,846,162,1056,438,1020,276,930,270,0.91,9600,0,"[0.11614763736724854, -1.9993709325790405, -0.5553791522979736, -1.3244500160217285, 0.6517726182937622, 1.3213613033294678, 0.21376191079616547, 1.1585702896118164, 0.8379693031311035, -0.900053858757019, 0.9719228148460388, -0.7009702920913696, -0.5661584734916687, -0.13903622329235077, -0.5748773813247681, -1.126908540725708, -0.9507794380187988, -1.026599407196045, 0.23498575389385223, -1.3719896078109741, -0.3195924460887909, -1.2882816791534424, 0.004724383354187012, -1.918760895729065, -0.9366593360900879, -0.43130674958229065, 0.6808969974517822, -1.8784191608428955, -0.9221117496490479, -0.6197274327278137, -1.4077717065811157, 1.6772849559783936, -0.5252554416656494, -0.7738368511199951, -0.8278099894523621, 1.11195969581604, -0.711108386516571, 1.178019642829895, 0.8944284319877625, -2.0593526363372803, 1.7338632345199585, 0.46387988328933716, -1.775367021560669, -0.9106093645095825, 0.2615841329097748, -1.616721510887146, -0.16279497742652893, 1.782585859298706, 0.6731019020080566, 0.227804496884346, 0.10453398525714874, 0.9018748998641968, -0.11390360444784164, -0.1950274556875229, 1.2522509098052979, -1.2053680419921875, -0.305686891078949, 0.9275133013725281, -0.6958318948745728, -0.34476661682128906, -0.9085504412651062, -1.9893310070037842, 0.1121937558054924, 1.0066652297973633, 1.3307347297668457, 0.10274792462587357, -0.5413256287574768, -0.4042871594429016, -0.2798237204551697, -0.6178570985794067, -1.1641627550125122, 0.640619158744812, -3.147364616394043, 1.2968543767929077, -0.46420159935951233, -0.8743507862091064, -3.2492005825042725, 0.5053311586380005, -0.3418247103691101, -0.027597054839134216, -1.1056610345840454, 0.09691356867551804, 0.4578789174556732, -0.6938178539276123, -0.7133405804634094, -0.5195440053939819, 0.5169961452484131, 0.1606101244688034, -1.4087774753570557, -1.398036003112793, -0.051311276853084564, 0.33585089445114136, 0.20765924453735352, 0.8057205080986023, 0.546238899230957, 1.679517149925232, -1.1680539846420288, -0.12164170295000076, -0.07719777524471283, 0.22877517342567444, -0.9669658541679382, -1.6201461553573608, -1.200984001159668, 0.14540579915046692, -0.785883367061615, 0.7972763180732727, 0.33902907371520996, -0.4740317165851593, 0.46145230531692505, -0.13728423416614532, -0.27828091382980347, -1.2266645431518555, 0.4086313247680664, -0.46573325991630554, -0.5502369999885559, 1.185706377029419, 0.31602418422698975, -0.8489945530891418, -1.3073135614395142, 0.4413287341594696, -1.9579434394836426, 0.6503947973251343, 0.633235514163971, 0.40451300144195557, -1.433641791343689, 1.0908498764038086, -1.093083381652832, -1.0041955709457397]",yunet,Facenet,1920,1080,/home/amos/media/tv/modern_family/Modern.Family.S09.1080p.DSNP.WEB-DL.DDP5.1.H.264-CRFW/Modern.Family.S09E21.The.Escape.1080p.DSNP.WEB-DL.DDP5.1.H.264-CRFW.mkv,Modern Family,2009,1442437,9,21,Chris Geere,62879.0,0.768
431,372,510,600,816,570,630,486,624,0.91,9600,1,"[-1.0353100299835205, -1.7756390571594238, 1.5946842432022095, 1.7292163372039795, -0.3347581923007965, 0.10722420364618301, 1.0555700063705444, -1.2246677875518799, 0.7409826517105103, 2.1176469326019287, -1.6962229013442993, -0.6134705543518066, 0.5096694827079773, -0.8035050630569458, -2.0441787242889404, 0.1907622218132019, 0.1594301462173462, -1.6062595844268799, 0.6926834583282471, 0.518276572227478, 1.1291494369506836, 0.7654500603675842, -0.20561465620994568, 0.8490384221076965, 0.4295644462108612, 0.5328006744384766, 2.1424546241760254, -0.9140110015869141, 2.545903205871582, 1.077052116394043, -0.9543697834014893, -1.3396258354187012, 0.2531583309173584, -1.5567504167556763, 0.7196202278137207, -0.5742301940917969, -1.9338434934616089, 1.4037137031555176, -0.2490227222442627, -1.8930697441101074, -0.11436465382575989, -0.09159932285547256, -2.448396682739258, 1.1827894449234009, 0.38036420941352844, 0.4485400915145874, -0.5716297626495361, 0.9289292097091675, -1.2557764053344727, 0.14158323407173157, -0.9929866194725037, 2.40155291557312, 0.9134427905082703, -0.8809400200843811, -0.05394196882843971, -0.026513151824474335, 1.1935687065124512, -0.5014145374298096, 0.9033986330032349, 0.11743835359811783, -0.15001720190048218, 0.06297062337398529, 0.08594638109207153, -1.275029182434082, -1.3545808792114258, 2.012694835662842, 1.0569491386413574, 0.4280952215194702, -0.6467422246932983, 0.9479109048843384, -0.5409270524978638, -1.4860678911209106, -0.6926152110099792, -1.097973346710205, -0.3963489830493927, -0.2027094066143036, -0.9601529836654663, -0.2490505427122116, 0.36561378836631775, -0.23947495222091675, 0.36262115836143494, -1.3185300827026367, 0.19689440727233887, 0.3539443910121918, 0.7968443036079407, 0.46633484959602356, 0.07494442164897919, -0.0968182235956192, -0.271420955657959, -1.401627779006958, 0.29884475469589233, 1.3325488567352295, 1.33919358253479, 1.5381031036376953, 0.5227956771850586, -0.1473945826292038, 0.7166794538497925, -0.2783783972263336, -0.8088286519050598, -0.6245225071907043, 0.7555451393127441, 1.1902555227279663, 0.17841756343841553, 0.2768365740776062, -0.2621735632419586, 1.0377812385559082, -0.6323064565658569, 0.04274814575910568, 0.14704617857933044, 0.3693181574344635, 0.07576440274715424, -0.5454304218292236, 0.510410487651825, 0.5332599878311157, -1.601907730102539, -0.022644642740488052, -1.5013331174850464, -0.0860946923494339, -1.2300153970718384, -0.08761785924434662, 1.8115681409835815, 0.6922664642333984, -1.8615895509719849, -1.3793015480041504, 1.746535301208496, 0.9299187064170837, 2.2911622524261475, -0.6150139570236206]",yunet,Facenet,1920,1080,/home/amos/media/tv/modern_family/Modern.Family.S09.1080p.DSNP.WEB-DL.DDP5.1.H.264-CRFW/Modern.Family.S09E21.The.Escape.1080p.DSNP.WEB-DL.DDP5.1.H.264-CRFW.mkv,Modern Family,2009,1442437,9,21,Sarah Hyland,91351.0,0.685
432,1224,174,1416,450,1302,270,1248,270,0.905,9624,0,"[-0.6205171346664429, 0.7028892040252686, -0.8033533096313477, 0.5022009015083313, -0.44701752066612244, -0.24932514131069183, -1.935941457748413, 1.138785481452942, -0.43703749775886536, -0.20419161021709442, 1.1298166513442993, -1.125604271888733, 0.7485155463218689, 0.21953049302101135, 0.7786245346069336, 0.560732901096344, -0.5241293907165527, -1.0695198774337769, -1.1700098514556885, 1.0604772567749023, 2.1778905391693115, 1.4224454164505005, 0.16388800740242004, 0.9382244944572449, -0.022752530872821808, 0.09822608530521393, -1.7582839727401733, 0.5444620847702026, 1.6563525199890137, 0.3532453775405884, -0.11392220854759216, 0.9915046095848083, -0.7968655824661255, 0.46598100662231445, 1.1219425201416016, -0.08260475844144821, 0.19150078296661377, -1.5750446319580078, -1.489687204360962, -1.0582211017608643, 0.5378851294517517, -0.4141012728214264, -1.4211524724960327, -1.573955774307251, -1.4267833232879639, -0.2785283923149109, 2.6711769104003906, -0.010829556733369827, -0.6100110411643982, 0.9322390556335449, -0.21506206691265106, 0.6756904125213623, -0.31336137652397156, 0.0960536003112793, -0.4792152941226959, -0.8114591240882874, 1.6848636865615845, -0.8052239418029785, -0.6945585012435913, -0.0517011359333992, -0.5411953926086426, -0.05779249593615532, 0.54071044921875, 0.406896710395813, 0.24162572622299194, -1.113407015800476, 2.1496684551239014, 0.8051695823669434, -0.31424951553344727, 0.11615991592407227, 1.523391604423523, -0.40049082040786743, -0.5556973218917847, 1.7561217546463013, -0.10434186458587646, 0.5237765312194824, 1.1088216304779053, 0.4548744559288025, -1.1694036722183228, -0.7029244899749756, -0.4397585690021515, -1.452134609222412, -0.013138074427843094, -0.31384411454200745, 2.3337409496307373, 0.47561511397361755, -1.3567242622375488, 0.05974201858043671, 0.5709018707275391, -1.5757193565368652, 1.5821799039840698, -0.13258157670497894, 1.0748839378356934, 0.46808481216430664, 0.6852555274963379, 1.9356626272201538, 1.0837610960006714, 2.233260154724121, -0.21317200362682343, -2.3769900798797607, -0.5437905192375183, -0.14672473073005676, -0.13235604763031006, -0.9591096639633179, 0.10399084538221359, 0.26952141523361206, 0.9905375838279724, 1.3726317882537842, 1.7322325706481934, 1.904940128326416, -2.5700321197509766, 0.5667171478271484, 1.0515673160552979, -1.1244125366210938, 0.10271535068750381, -1.6598097085952759, 1.325782299041748, -2.0654594898223877, -0.8073245882987976, -0.386798232793808, 0.4676985740661621, 0.19631722569465637, 0.10744086652994156, -0.9729475975036621, 2.4784903526306152, -0.5070732831954956, -1.4199109077453613, 0.7824322581291199]",yunet,Facenet,1920,1080,/home/amos/media/tv/modern_family/Modern.Family.S09.1080p.DSNP.WEB-DL.DDP5.1.H.264-CRFW/Modern.Family.S09E21.The.Escape.1080p.DSNP.WEB-DL.DDP5.1.H.264-CRFW.mkv,Modern Family,2009,1442437,9,21,Jim Piddock,120560.0,0.545
433,1146,168,1356,480,1212,276,1170,276,0.906,9648,0,"[-0.7023310661315918, 1.2546098232269287, -0.5161512494087219, 0.9408636093139648, -0.6305361986160278, 0.22418078780174255, -2.273620367050171, 0.7432107329368591, -0.24952003359794617, -0.33302876353263855, 1.397271752357483, -0.9863225817680359, 0.7014946341514587, -0.1669197976589203, 0.7926164865493774, 0.26421624422073364, -0.5330557823181152, -0.6851319074630737, -2.215393543243408, 1.8762415647506714, 1.6826664209365845, 1.868467926979065, -0.08908955752849579, 0.24403342604637146, -0.6508679389953613, 0.6678392887115479, -1.4588927030563354, 1.485414981842041, 1.6298748254776, 0.48439404368400574, -0.37609443068504333, 0.9270111918449402, -0.6867311000823975, -0.10802973061800003, 1.4719841480255127, -0.52056485414505, -0.3122723698616028, -1.7027904987335205, -1.274278163909912, -0.21496760845184326, 0.17380574345588684, -1.3050551414489746, -0.9410456418991089, -1.676513910293579, -0.24292053282260895, -0.8092003464698792, 2.7077012062072754, 0.0014787949621677399, -0.04211273044347763, 0.12707072496414185, 0.4647045135498047, 0.5165845155715942, -0.22540318965911865, -0.5659981966018677, -0.7798853516578674, -0.4447573721408844, 1.838638186454773, -0.8027216196060181, -0.12538881599903107, -0.19717493653297424, 0.23245161771774292, 0.3628841042518616, 0.5641207098960876, 0.8136666417121887, -0.17579618096351624, -0.7590614557266235, 2.30985426902771, 0.6371976733207703, -0.16948243975639343, -0.6193027496337891, 0.7837188243865967, -1.3362447023391724, 0.5120560526847839, 1.4816561937332153, 0.7073869109153748, 0.8234431743621826, 1.8018558025360107, 0.5281684994697571, -1.1328024864196777, -0.5862473845481873, -0.19922566413879395, -1.5418832302093506, -0.766814112663269, 0.5386549234390259, 2.070564031600952, -0.043546970933675766, -1.2596004009246826, -0.20450538396835327, 0.7012263536453247, -2.0332069396972656, 0.8369515538215637, -0.10083942115306854, 1.324695348739624, -0.04405643790960312, 0.7077689170837402, 1.2579643726348877, 1.0309730768203735, 1.8402574062347412, -0.8655042052268982, -2.7730791568756104, -0.25788408517837524, -0.443578839302063, -0.43596529960632324, -0.28155893087387085, 0.531227171421051, 0.6619502902030945, 1.1500945091247559, 0.5863430500030518, 1.7776488065719604, 2.4322750568389893, -1.4027315378189087, 1.0159400701522827, 0.20727753639221191, -0.2918819487094879, 0.22253724932670593, -0.8662687540054321, 0.20633484423160553, -1.6869375705718994, -0.8700132369995117, 0.09250573813915253, 0.21720027923583984, 0.19917750358581543, 0.05500996857881546, -0.5397040247917175, 2.3823227882385254, -0.41912710666656494, -0.8574956655502319, 1.086397409439087]",yunet,Facenet,1920,1080,/home/amos/media/tv/modern_family/Modern.Family.S09.1080p.DSNP.WEB-DL.DDP5.1.H.264-CRFW/Modern.Family.S09E21.The.Escape.1080p.DSNP.WEB-DL.DDP5.1.H.264-CRFW.mkv,Modern Family,2009,1442437,9,21,,,
434,684,150,864,390,822,252,744,252,0.912,9672,0,"[0.053840577602386475, -0.8412474393844604, -0.4978363811969757, -1.0879403352737427, 0.1944897323846817, 0.6475108861923218, 0.37010520696640015, 0.015255730599164963, 1.4126235246658325, -0.9002038240432739, 1.8668196201324463, -0.5674151182174683, -1.6118597984313965, 1.0584454536437988, -1.0761555433273315, -1.284187912940979, -1.5294994115829468, -0.7324267625808716, 0.42300423979759216, -1.2506579160690308, -0.4975736141204834, -0.6989989876747131, 0.6147407293319702, -1.8116942644119263, 0.6325074434280396, -0.01720016449689865, 1.2462797164916992, -2.584855556488037, -0.4471621513366699, -1.3684760332107544, -1.8508497476577759, 1.1479045152664185, -0.33448463678359985, 0.07982642203569412, -0.14673160016536713, 1.8208513259887695, -1.0334339141845703, 1.181567668914795, 0.9215489625930786, -1.8270224332809448, 1.0902072191238403, 0.20306195318698883, -1.7498180866241455, -1.2978019714355469, 0.06271922588348389, -1.3106948137283325, -1.7061063051223755, 1.116965413093567, 1.2661446332931519, 0.045303575694561005, 0.6016274690628052, 0.7060278058052063, 0.5044680237770081, -1.6565728187561035, 0.9027904868125916, -1.0369713306427002, 0.10864384472370148, 1.8537687063217163, -0.4510248601436615, -1.1786054372787476, 0.017495781183242798, -1.2876307964324951, -0.9356757402420044, 0.9253193140029907, 1.5197861194610596, 0.667844831943512, -0.32100993394851685, -0.3902257978916168, 0.2582406997680664, -0.14309999346733093, -0.15043799579143524, -0.3550764322280884, -2.7990164756774902, 1.1936299800872803, -0.3107689321041107, -1.3486087322235107, -0.9032307863235474, 0.9682736992835999, -0.559791624546051, -0.13617035746574402, -0.8137628436088562, 0.8418246507644653, 0.7582796216011047, -0.43668481707572937, -0.7160269021987915, 0.2898307740688324, 0.45649731159210205, 0.1658749133348465, -1.9449889659881592, -1.6704306602478027, -0.08557523041963577, 0.7433797717094421, 1.0662199258804321, 1.2041778564453125, 0.5478267669677734, 1.0947316884994507, -1.4033037424087524, 0.9387147426605225, -0.417036771774292, 0.4135579764842987, -2.204792022705078, -1.8195152282714844, -0.06352837383747101, 0.2535325586795807, -0.6105879545211792, 0.7921140193939209, 1.6018058061599731, 0.5766762495040894, -0.7843148708343506, -1.098030686378479, 0.631824791431427, -0.7588720917701721, 0.47139865159988403, 0.22188405692577362, 0.2844400405883789, 2.4949283599853516, 1.518053412437439, 0.03210916370153427, -0.5944758653640747, 2.0996830463409424, -1.8594012260437012, 0.6170856952667236, 0.3850841522216797, -0.11179202795028687, -0.6753131747245789, 1.0149985551834106, -1.073196530342102, -0.010110592469573021]",yunet,Facenet,1920,1080,/home/amos/media/tv/modern_family/Modern.Family.S09.1080p.DSNP.WEB-DL.DDP5.1.H.264-CRFW/Modern.Family.S09E21.The.Escape.1080p.DSNP.WEB-DL.DDP5.1.H.264-CRFW.mkv,Modern Family,2009,1442437,9,21,Chris Geere,62879.0,0.746
435,240,348,450,624,420,450,342,450,0.901,9672,1,"[0.26664307713508606, -1.1265106201171875, -0.24686580896377563, 2.657099723815918, 0.1712440550327301, 1.0630418062210083, 0.597265362739563, -0.5873283743858337, -0.24882647395133972, 2.571070671081543, -1.200762391090393, 0.30677056312561035, 1.135042428970337, 0.7677217721939087, -1.0132039785385132, 0.6340656280517578, -0.005853481590747833, -1.3680859804153442, -0.39213740825653076, 1.6278189420700073, 0.055477142333984375, 1.362053632736206, 1.007431983947754, 0.2624490261077881, 1.6536387205123901, 0.23484912514686584, 0.939355731010437, -1.3770452737808228, 4.183000087738037, 0.07537668198347092, 0.21224813163280487, -2.0751049518585205, -0.20208710432052612, -1.9978388547897339, 1.9957436323165894, -1.3615514039993286, -1.1333781480789185, 2.3868534564971924, 0.005143307149410248, -0.9938609600067139, -1.0282396078109741, 1.4007511138916016, -0.7022744417190552, 0.7826142907142639, -0.3581199049949646, -1.234636902809143, -1.343552827835083, 1.120937466621399, 0.2683919072151184, 0.7303617000579834, -0.22845040261745453, 2.681666135787964, 1.031701922416687, -0.2995380163192749, -0.41355106234550476, 0.3045309782028198, 1.40654718875885, 0.5474227666854858, 0.47638651728630066, 0.5199286341667175, 0.32763707637786865, 0.6809750199317932, 0.10614068061113358, -0.5810724496841431, -1.8080084323883057, 1.277159571647644, 0.3326322138309479, 0.6989213228225708, -0.4221566319465637, 0.08394703269004822, -0.7415017485618591, -0.8492056131362915, -1.1662641763687134, 0.07898645102977753, 0.9445024132728577, -0.7851947546005249, -0.06643258780241013, -0.07981538772583008, 0.020675741136074066, -0.6795495748519897, 0.5782373547554016, -0.35278838872909546, 0.24458250403404236, 0.7897738218307495, -0.36125966906547546, 0.08816951513290405, 0.024072157219052315, -0.9524526000022888, -0.42276057600975037, -2.386531114578247, -0.8471822142601013, 1.1607266664505005, 0.79461669921875, 0.43632635474205017, 0.25933587551116943, 0.9903878569602966, -0.07653134316205978, -1.3964827060699463, 0.08421659469604492, -1.525761365890503, -0.736335813999176, 1.5757086277008057, -1.153813123703003, 0.47206875681877136, 1.3480421304702759, 0.06504582613706589, 0.7004037499427795, -1.088139533996582, 1.1508768796920776, -0.6558748483657837, 1.1010578870773315, 0.6722636222839355, 1.0400835275650024, -0.25920793414115906, -0.9465564489364624, 0.41681063175201416, -1.2319347858428955, 0.8993876576423645, -1.3789373636245728, 0.0028314106166362762, 1.9193748235702515, -1.1145691871643066, -0.5812165141105652, -1.060354471206665, 1.0221574306488037, 1.2815158367156982, 1.0536636114120483, -0.942939817905426]",yunet,Facenet,1920,1080,/home/amos/media/tv/modern_family/Modern.Family.S09.1080p.DSNP.WEB-DL.DDP5.1.H.264-CRFW/Modern.Family.S09E21.The.Escape.1080p.DSNP.WEB-DL.DDP5.1.H.264-CRFW.mkv,Modern Family,2009,1442437,9,21,Sarah Hyland,91351.0,0.669
436,354,396,564,672,552,504,456,504,0.923,9696,0,"[0.3862902820110321, -1.647053837776184, -0.07434498518705368, 1.6428133249282837, -0.22189176082611084, 1.4200921058654785, -0.07009555399417877, -1.6908655166625977, -0.865667462348938, 2.813082695007324, -1.3668279647827148, 0.1518867313861847, -0.020622342824935913, 0.2548263370990753, -1.1476783752441406, -0.20374207198619843, 0.10048545897006989, -1.4716883897781372, 1.238863229751587, 1.1200735569000244, -0.40817534923553467, 0.9745581746101379, 0.4382554292678833, -0.4189842939376831, 0.9473481774330139, -0.08125191181898117, 1.0191432237625122, -1.683954119682312, 2.656039237976074, 0.6503651142120361, -0.14756858348846436, -1.5720174312591553, -1.0509016513824463, -2.0499308109283447, 1.0775172710418701, -0.7266871333122253, -0.7779729962348938, 1.7474336624145508, 0.8821805715560913, -1.9327733516693115, 0.13300804793834686, 0.5925851464271545, -1.9239526987075806, 1.9702749252319336, 0.42759832739830017, -1.1396229267120361, -0.8358545303344727, 0.9534140825271606, 0.0029255151748657227, 0.5372120141983032, -1.2167502641677856, 1.5465452671051025, 1.1126492023468018, -0.7490704655647278, -1.1014423370361328, -0.0695841908454895, 1.9096404314041138, -0.0498017780482769, 0.46524205803871155, -0.003712974488735199, 0.35585835576057434, 0.004078321158885956, 0.027918852865695953, -0.7899312973022461, -1.80514395236969, 1.614755630493164, 1.1147798299789429, -0.09860014170408249, -0.43619146943092346, 0.10925063490867615, -1.6789029836654663, -0.19201825559139252, -1.6926920413970947, -0.15898971259593964, 0.2291553020477295, -0.0948386937379837, -0.6393051147460938, -0.39889663457870483, 0.33362308144569397, -0.25091010332107544, -0.018617253750562668, -0.940642237663269, -0.37018999457359314, 1.5046385526657104, 0.6816948056221008, -1.4527018070220947, -0.014566674828529358, -0.21723629534244537, -0.7073765993118286, -1.63409423828125, -0.3959365785121918, 0.4741531312465668, 0.21278494596481323, 0.9738904237747192, 0.2678879499435425, -0.357841432094574, 0.8487651348114014, -0.8123872876167297, -0.21705734729766846, -1.759202241897583, 0.2704072594642639, 0.6500966548919678, -0.8167033791542053, -0.05401243269443512, 1.286685824394226, 0.8821545839309692, 0.35358870029449463, -0.8774882555007935, 0.9653921127319336, -1.0655195713043213, 1.1445010900497437, 0.45158249139785767, 0.8768937587738037, 0.07033137232065201, -0.9266999363899231, 0.2975269556045532, -1.4375425577163696, 0.8033596277236938, -1.381328821182251, 1.5273951292037964, 1.5739243030548096, -0.3614691495895386, -1.086592197418213, 0.12167283892631531, 1.4770281314849854, -0.19269096851348877, 1.0618562698364258, -1.0083595514297485]",yunet,Facenet,1920,1080,/home/amos/media/tv/modern_family/Modern.Family.S09.1080p.DSNP.WEB-DL.DDP5.1.H.264-CRFW/Modern.Family.S09E21.The.Escape.1080p.DSNP.WEB-DL.DDP5.1.H.264-CRFW.mkv,Modern Family,2009,1442437,9,21,Sarah Hyland,91351.0,0.61
437,840,180,1032,438,972,282,882,282,0.912,9696,1,"[-0.1069277822971344, -1.5947233438491821, -0.4957278370857239, -1.0059977769851685, -0.3129020631313324, 1.983795166015625, 0.5857189297676086, 0.2619048058986664, 1.7961502075195312, -0.4770204722881317, 1.6842610836029053, -0.9101999402046204, -1.763649582862854, 0.15761356055736542, -0.6892346143722534, -0.793880045413971, -1.669453501701355, 0.02262285351753235, -0.23068836331367493, -2.2045977115631104, -0.25943493843078613, -1.0863101482391357, 0.7574427723884583, -1.8531889915466309, 0.9018818140029907, 0.09643834084272385, 1.4017963409423828, -2.495760440826416, -0.21899639070034027, -0.6084269285202026, -0.6094228029251099, 0.6195594668388367, 0.3694227635860443, -0.7329159379005432, 0.5165264010429382, 1.0604628324508667, -1.0510748624801636, 1.3877149820327759, 1.2446684837341309, -0.7917835712432861, 1.9518166780471802, -0.23646536469459534, -1.20842444896698, -2.0079665184020996, 1.0465167760849, -1.5937764644622803, 0.01717548817396164, 0.6777185201644897, 1.7825909852981567, -1.1873880624771118, 0.0663047656416893, 0.20137813687324524, 0.21850863099098206, -0.3430570960044861, 0.7435100674629211, -0.7889841794967651, 0.05218825861811638, 1.7362492084503174, -0.2049856334924698, -0.6949112415313721, 1.0856255292892456, -1.9633437395095825, -0.0006096363067626953, 0.028137793764472008, 2.238501787185669, 0.4641191363334656, -0.09155239909887314, 1.4150948524475098, -0.47370055317878723, -0.13270306587219238, -1.1358191967010498, 1.0774133205413818, -2.2898926734924316, 0.42884767055511475, -0.3945775032043457, -1.7784627676010132, -0.7061548233032227, 1.3616929054260254, -0.4224390685558319, 0.778863251209259, -1.957413673400879, -0.049879156053066254, 1.624409556388855, -0.7105540037155151, -1.9960273504257202, 0.22658446431159973, 0.3596985340118408, -0.2871018648147583, -1.0485976934432983, -1.5127969980239868, 0.3702563941478729, 0.04966646432876587, 0.7604970335960388, 0.7130235433578491, 0.15658728778362274, 0.9385712146759033, -1.9750169515609741, 1.2133116722106934, 0.40381380915641785, 0.9797412753105164, -1.3509117364883423, -0.9875369071960449, -0.034729063510894775, 1.3053820133209229, 0.06778260320425034, 1.7451438903808594, -0.34473153948783875, 0.5389129519462585, -0.6075210571289062, -0.1426134705543518, 0.0803021565079689, -0.5522179007530212, 0.4008648097515106, -0.9976478219032288, -0.08146768808364868, 1.7597222328186035, 0.5374987125396729, -0.01138065755367279, -0.15185797214508057, 0.45039102435112, -1.8809772729873657, 1.0852351188659668, 1.0270873308181763, 0.9712876677513123, -0.766001284122467, 0.7335109710693359, -1.5187954902648926, -0.07163409888744354]",yunet,Facenet,1920,1080,/home/amos/media/tv/modern_family/Modern.Family.S09.1080p.DSNP.WEB-DL.DDP5.1.H.264-CRFW/Modern.Family.S09E21.The.Escape.1080p.DSNP.WEB-DL.DDP5.1.H.264-CRFW.mkv,Modern Family,2009,1442437,9,21,Chris Geere,62879.0,0.704
438,954,156,1158,426,1080,264,996,270,0.92,9720,0,"[-0.321163535118103, -0.398013174533844, -1.326620101928711, -0.8274418711662292, 0.5954972505569458, 1.874350666999817, 1.0528619289398193, 1.546784520149231, 0.5505847334861755, -0.6718525290489197, 1.8719664812088013, -0.9257184267044067, -2.342813014984131, 0.726733922958374, -0.6960469484329224, -0.4985143542289734, -1.1530579328536987, -0.4197733402252197, -0.7100889682769775, -0.9546582698822021, -0.263929545879364, -0.4150755703449249, 0.8360698819160461, -2.0639567375183105, -0.13127794861793518, 0.2906893789768219, 0.5462524890899658, -2.3016233444213867, -0.029648281633853912, -0.023237669840455055, -0.15192687511444092, 1.0480811595916748, 0.3167867064476013, -0.8456783294677734, 0.5769685506820679, 0.5206727981567383, -1.0707329511642456, 1.4129096269607544, 1.1940393447875977, -0.6957412958145142, 0.6387761235237122, 0.4147670567035675, -1.786579966545105, -2.3770575523376465, 1.60400390625, -1.8541102409362793, -0.5937854647636414, 1.8504023551940918, 1.7925163507461548, 0.055614735931158066, 0.046114835888147354, 1.7691668272018433, 0.8867775201797485, -0.21925759315490723, -0.12029966711997986, -0.12000009417533875, -0.13180485367774963, 0.8937532305717468, -0.24944764375686646, -0.05217285081744194, 0.6294907331466675, -0.5961299538612366, 0.05342211574316025, 1.3672847747802734, 1.9585785865783691, -0.05315697193145752, 0.3986614942550659, 2.0735256671905518, 0.30211445689201355, 0.26398417353630066, -1.1363133192062378, 1.385050654411316, -2.293295383453369, 0.9326145052909851, -0.029455386102199554, -1.6716632843017578, -0.7857180833816528, 0.587521493434906, -1.3830558061599731, 0.2272939532995224, -2.0021631717681885, 0.55361008644104, 0.10077423602342606, -1.0128041505813599, -0.9784766435623169, 0.33532604575157166, -0.07537584006786346, -0.9557337760925293, -1.3836922645568848, -1.7256144285202026, -0.1786540448665619, 1.0949945449829102, 0.895175576210022, 0.9308058619499207, 0.1481991410255432, 0.786590576171875, -1.1094731092453003, 0.9521600604057312, 0.01848267763853073, 0.7555118799209595, -1.400766372680664, -1.2161591053009033, -0.721626877784729, 1.0432136058807373, 0.17164739966392517, 1.1560351848602295, 0.005165461450815201, -0.08732466399669647, -0.39327341318130493, 0.4754507839679718, -0.437416136264801, -0.056088246405124664, 0.39728716015815735, -0.2540481984615326, -0.14192163944244385, 2.010472059249878, 0.04458758980035782, -0.26212161779403687, -0.8054800629615784, 0.8743118643760681, -1.2713273763656616, 1.3242015838623047, 0.6684086918830872, 0.21989229321479797, -1.041946530342102, 0.1321970820426941, -1.7602760791778564, -0.11265923082828522]",yunet,Facenet,1920,1080,/home/amos/media/tv/modern_family/Modern.Family.S09.1080p.DSNP.WEB-DL.DDP5.1.H.264-CRFW/Modern.Family.S09E21.The.Escape.1080p.DSNP.WEB-DL.DDP5.1.H.264-CRFW.mkv,Modern Family,2009,1442437,9,21,Chris Geere,62879.0,0.656
439,414,408,648,708,624,522,516,522,0.919,9744,0,"[-0.04523678123950958, -1.6304467916488647, -0.14447371661663055, 2.1336379051208496, -0.10143651813268661, 1.1901682615280151, 0.622090220451355, -1.0498411655426025, -0.3497733473777771, 3.2362828254699707, -2.421013355255127, 0.09598603844642639, 0.9664044976234436, -0.028807561844587326, -1.1700221300125122, 0.10169929265975952, 0.19610430300235748, -0.9149187207221985, 0.9808852076530457, -0.12663200497627258, 0.9547079801559448, 1.2114551067352295, 0.9981496930122375, 0.6988654732704163, 1.0994892120361328, 0.2063922882080078, 1.3775724172592163, -1.2573782205581665, 2.387484550476074, 0.7262848615646362, -1.3032169342041016, -1.5655969381332397, -1.3212652206420898, -1.2333606481552124, 1.6338845491409302, -1.2240747213363647, -1.9681875705718994, 1.947230577468872, -0.2699127495288849, -2.0750346183776855, -0.1508229374885559, 0.26690036058425903, -0.9781255722045898, 1.161940336227417, -0.010469051077961922, -0.6352498531341553, 0.8181681632995605, 0.12512239813804626, -1.0363081693649292, 0.43059003353118896, -1.2906392812728882, 1.634194016456604, 0.812163233757019, -1.376408576965332, 0.11026173830032349, -0.47440916299819946, 1.037907600402832, 0.14681990444660187, 1.0313835144042969, -0.6400613188743591, -0.14467307925224304, -0.9105949997901917, 0.03757148236036301, -1.8660657405853271, -1.6690342426300049, 0.7820656895637512, 0.06390461325645447, 0.5883839726448059, -1.469581127166748, 0.16515704989433289, -0.1149565577507019, -0.024736538529396057, -0.7052467465400696, 0.23014099895954132, 0.2335377335548401, -0.03132951632142067, 0.2736780643463135, 0.6684159636497498, 0.24737343192100525, -0.4096675515174866, -0.6795849204063416, -0.7867715358734131, -0.4726948142051697, 0.9353601932525635, 0.5110981464385986, 0.3474063277244568, 1.0505433082580566, -1.420359492301941, -0.2857818901538849, -1.6142348051071167, 0.019120648503303528, 0.9208825826644897, 0.5500925779342651, 1.2388293743133545, 0.9807735085487366, -0.628370463848114, 0.614277720451355, 0.09235797077417374, -0.08161535859107971, -1.3832018375396729, 0.4865802526473999, 1.106695294380188, 0.03995675593614578, -0.20873849093914032, 0.2506650388240814, 0.031019117683172226, -0.19855883717536926, -0.2594156861305237, 0.6921566724777222, -0.011595441028475761, 0.9822487831115723, 0.38257265090942383, 0.8612878322601318, 0.8940469026565552, -1.2571148872375488, -0.13430887460708618, -0.9441937208175659, 0.44173863530158997, -1.7388794422149658, 1.0280991792678833, 1.4314972162246704, 0.6852114200592041, -1.8303582668304443, -0.14711923897266388, 0.4297195076942444, 1.3418887853622437, 1.3145453929901123, -1.4444509744644165]",yunet,Facenet,1920,1080,/home/amos/media/tv/modern_family/Modern.Family.S09.1080p.DSNP.WEB-DL.DDP5.1.H.264-CRFW/Modern.Family.S09E21.The.Escape.1080p.DSNP.WEB-DL.DDP5.1.H.264-CRFW.mkv,Modern Family,2009,1442437,9,21,Sarah Hyland,91351.0,0.624
440,966,162,1170,426,1122,270,1032,270,0.911,9744,1,"[-0.8717999458312988, -1.3723564147949219, -0.8182099461555481, -0.008314013481140137, -0.0545918233692646, 0.2606968581676483, 0.34386512637138367, 0.3572874367237091, 0.7491024136543274, -0.9249837398529053, 2.134859085083008, -0.26382914185523987, -0.28741538524627686, -0.48808589577674866, 0.2247348129749298, -1.418923020362854, -0.5595146417617798, 0.44487327337265015, -0.20055177807807922, -1.2373193502426147, -1.0255768299102783, -1.7015488147735596, -0.049418143928050995, -1.6633679866790771, -0.40348461270332336, -0.11899875849485397, 0.7598364353179932, -1.4280413389205933, -1.0885474681854248, -1.4612983465194702, -1.480812668800354, 1.1730533838272095, -1.2237064838409424, -0.2251969277858734, 0.35947832465171814, 1.5320405960083008, -0.755750298500061, 0.43008172512054443, 0.9431542754173279, -1.861800193786621, 1.979487419128418, 0.6763612031936646, -1.112992763519287, -0.7636597752571106, 0.7608699798583984, -1.5685746669769287, 0.43234723806381226, 1.4262717962265015, 1.0453811883926392, 0.13180822134017944, 0.457783043384552, 1.3107590675354004, -0.4182656407356262, 0.5695405006408691, 1.1996715068817139, -0.3836386799812317, 0.35373634099960327, 1.7975153923034668, -1.0188130140304565, -0.6075946688652039, 0.550563395023346, -1.7956125736236572, 0.7564454078674316, 1.1070126295089722, 2.9224114418029785, 0.40530312061309814, -0.5570607781410217, -0.20668917894363403, -0.786466121673584, -0.5747799873352051, -0.6866632103919983, 0.3923496901988983, -2.8263237476348877, 1.283072829246521, -0.08263178169727325, -1.8405675888061523, -2.3327722549438477, 0.6955596208572388, -0.8088482618331909, 0.0453251451253891, -0.7427816390991211, 0.24801994860172272, 0.951503336429596, -0.7083487510681152, -1.4265403747558594, 0.18715235590934753, -0.14155754446983337, 0.5416655540466309, -1.84685480594635, -2.103945016860962, -0.353497713804245, 0.4084913432598114, 0.8147631287574768, 0.9118185043334961, 0.5005910396575928, 1.4231462478637695, -0.905322253704071, 0.029385842382907867, 0.33153992891311646, 0.8060523271560669, -1.8169841766357422, -0.40548649430274963, -0.5174492597579956, 0.6819775700569153, -0.15192535519599915, 1.4037481546401978, 0.2396148145198822, 0.373562216758728, 0.2924084961414337, -1.0910893678665161, -0.5696044564247131, -0.21750439703464508, 0.988097071647644, -0.5888981819152832, -0.5291767716407776, 1.540267825126648, 0.638272762298584, -0.29564765095710754, -0.3401636779308319, 0.9897363185882568, -2.893049716949463, 0.3922916054725647, 1.9557077884674072, -0.6132611632347107, -1.2399492263793945, 1.7497807741165161, -0.8137083649635315, -0.7913392186164856]",yunet,Facenet,1920,1080,/home/amos/media/tv/modern_family/Modern.Family.S09.1080p.DSNP.WEB-DL.DDP5.1.H.264-CRFW/Modern.Family.S09E21.The.Escape.1080p.DSNP.WEB-DL.DDP5.1.H.264-CRFW.mkv,Modern Family,2009,1442437,9,21,Chris Geere,62879.0,0.789
441,1056,192,1290,522,1152,324,1080,324,0.912,9768,0,"[0.13276124000549316, 1.6378239393234253, -1.357050895690918, 0.44081947207450867, 0.5672171711921692, -0.4342251420021057, -1.6675701141357422, 0.9796698093414307, 0.3287336230278015, -0.8959484696388245, -0.22069057822227478, 0.6542322039604187, 1.2759257555007935, -0.12640424072742462, 0.4575885534286499, -0.3122040629386902, 0.462949275970459, -1.9315330982208252, -1.7884305715560913, 1.4935623407363892, 0.7018300294876099, 2.025800943374634, -0.23360997438430786, 0.26494696736335754, -0.6650215983390808, -0.40892156958580017, -0.2987406551837921, 0.20036408305168152, 1.4904026985168457, 0.5319409370422363, -0.3596733510494232, 0.5680068135261536, -0.13770121335983276, -0.21780261397361755, -0.038126830011606216, -0.9223202466964722, 0.621975302696228, -1.43134605884552, -1.403268814086914, -0.8263397216796875, 0.13970880210399628, -1.1514471769332886, -2.2852249145507812, 0.19213229417800903, -1.533716082572937, -0.8108475804328918, 1.8025671243667603, -0.8208234310150146, -0.35645419359207153, 0.696340799331665, 0.13082537055015564, 0.6757569313049316, 0.05762535333633423, -0.5905739068984985, -0.322808176279068, -1.0431426763534546, 0.7810956239700317, -1.7552162408828735, -1.1073883771896362, -0.964068591594696, -2.224658250808716, -0.6551910042762756, -0.10363736748695374, -0.8969998359680176, -0.3766384720802307, -0.34245413541793823, 1.3023314476013184, 0.7152296304702759, -0.6374815106391907, -0.6569241285324097, 0.6824713349342346, 0.19835743308067322, -0.6715691089630127, 0.4678918123245239, -0.2731952667236328, 0.6988422870635986, 0.9764680862426758, -0.6159996390342712, -0.6146736145019531, -1.823960781097412, -0.5577050447463989, -0.48497435450553894, -0.09278170019388199, 0.8114770650863647, 2.458439588546753, 0.32745084166526794, -1.0450844764709473, -0.6306567788124084, 0.525793194770813, -0.6034954786300659, 0.6091325879096985, -1.2059974670410156, 0.4460664689540863, -1.049597144126892, 0.22422975301742554, 1.0035535097122192, 2.125295639038086, 1.57717764377594, -0.33989447355270386, -2.4649996757507324, 0.4158704876899719, 0.27739208936691284, -0.42725038528442383, -0.27198663353919983, -0.6441182494163513, 1.472057819366455, 0.9352114796638489, 0.04315200075507164, 1.4435381889343262, 2.0975983142852783, -2.256288766860962, 1.819943904876709, 0.8896909952163696, -1.6484909057617188, 0.6591562628746033, -1.2203574180603027, -0.9837998151779175, -1.960387945175171, 0.3048977255821228, -1.2748594284057617, 1.0692180395126343, 0.014526785351336002, -0.12681864202022552, -0.39279595017433167, 2.291449546813965, -1.0015586614608765, -1.2004446983337402, 1.6642718315124512]",yunet,Facenet,1920,1080,/home/amos/media/tv/modern_family/Modern.Family.S09.1080p.DSNP.WEB-DL.DDP5.1.H.264-CRFW/Modern.Family.S09E21.The.Escape.1080p.DSNP.WEB-DL.DDP5.1.H.264-CRFW.mkv,Modern Family,2009,1442437,9,21,Jim Piddock,120560.0,0.727
442,828,114,1038,396,1014,222,942,228,0.926,9792,0,"[-0.2834485173225403, -1.88614821434021, -1.5770161151885986, -0.6123698949813843, 0.6123842000961304, 0.2028294801712036, -0.7900723218917847, 1.2961866855621338, 0.7949976325035095, -0.424933522939682, 0.5945330858230591, -0.7547893524169922, 0.5815985202789307, -0.27262717485427856, 0.8678398132324219, -0.24534916877746582, -0.26173073053359985, -0.9785391688346863, 1.260804295539856, 0.07027170807123184, -0.06520156562328339, -1.312091588973999, 0.3655985891819, -0.5987863540649414, -0.7138164639472961, -0.6458943486213684, 0.4501047134399414, -1.153444528579712, -0.22610624134540558, -0.4945065975189209, -1.7122008800506592, 1.1863549947738647, -0.4056051969528198, -0.355211079120636, 0.014427252113819122, 0.9978867173194885, 0.43864595890045166, 1.7725542783737183, 0.9616310000419617, -1.531630277633667, 1.224928379058838, 2.4030189514160156, -1.4751317501068115, -0.9229554533958435, -1.1279996633529663, -1.3306070566177368, 0.040181536227464676, 1.2728451490402222, 0.3356449007987976, 0.39456045627593994, 0.5620821714401245, 1.248725414276123, -1.1862186193466187, 0.5717760920524597, 0.8887930512428284, -1.4116325378417969, 0.2005658745765686, 1.8969221115112305, -1.1913167238235474, 0.20833858847618103, 0.830821692943573, -1.038383960723877, -0.3425823748111725, 1.0055221319198608, 0.8638882040977478, 0.3293645977973938, 0.12698397040367126, 0.3904552757740021, 0.2868582308292389, -0.6758626699447632, -0.46096116304397583, 0.212070494890213, -3.1091408729553223, 1.834679126739502, 0.10805389285087585, 0.3238767683506012, -2.198791742324829, 0.578558087348938, -1.1388428211212158, -0.758691132068634, -1.5984792709350586, 0.6005153656005859, 0.8584281206130981, -0.014783289283514023, -1.5090816020965576, -0.32929113507270813, 1.693935513496399, -0.23719894886016846, -2.6453545093536377, -2.126612663269043, -0.0874691978096962, 0.0899605005979538, 0.4547843039035797, 1.026445984840393, -0.3261883556842804, 1.518452525138855, -1.449959635734558, -0.5324777960777283, -0.7267426252365112, 0.6013655662536621, -1.8903008699417114, -0.12397055327892303, -1.6258972883224487, -0.6452419757843018, 0.034211546182632446, -0.40836232900619507, -0.1211579442024231, -0.7417087554931641, 1.0750627517700195, 0.18766343593597412, -0.5108287334442139, -2.185542106628418, 0.45563778281211853, -0.8472975492477417, -1.5501090288162231, 1.3799070119857788, -0.11585310846567154, -1.1308629512786865, -1.5649874210357666, 0.7670058012008667, -1.9865097999572754, 0.9254053831100464, 0.30719077587127686, -0.7821182012557983, -0.19972260296344757, 0.7801057696342468, -1.1311204433441162, -1.4157860279083252]",yunet,Facenet,1920,1080,/home/amos/media/tv/modern_family/Modern.Family.S09.1080p.DSNP.WEB-DL.DDP5.1.H.264-CRFW/Modern.Family.S09E21.The.Escape.1080p.DSNP.WEB-DL.DDP5.1.H.264-CRFW.mkv,Modern Family,2009,1442437,9,21,Chris Geere,62879.0,0.707
443,372,396,612,690,576,504,480,504,0.92,9792,1,"[-0.3678792417049408, -1.6935291290283203, 0.6808212399482727, 2.2723283767700195, 1.0939949750900269, 0.7298547029495239, -0.1663317084312439, -1.7073487043380737, -0.19066518545150757, 3.147400379180908, -1.8628036975860596, 1.0928250551223755, -0.34961873292922974, 0.532230019569397, -0.6625739336013794, 0.10732686519622803, -0.37951159477233887, -1.1962335109710693, -0.27699288725852966, 0.5887221097946167, 0.38100892305374146, 0.1890564262866974, 0.28557461500167847, -0.7578192353248596, 0.14294734597206116, 0.3248712122440338, 0.7152930498123169, -0.8533602952957153, 2.3307056427001953, 0.8530993461608887, -0.7288256883621216, -1.3778022527694702, -2.177001953125, -1.7617872953414917, 1.2976608276367188, 0.5210801362991333, -2.4704599380493164, 0.9960008263587952, -0.6378946900367737, -1.8652307987213135, 0.25340327620506287, 0.15666159987449646, -1.178759217262268, 1.3733174800872803, 0.7550486326217651, -0.7566450238227844, -0.8954721093177795, 1.4076441526412964, -0.4644063115119934, 1.0126583576202393, -0.7396432161331177, 1.637736201286316, 1.1629558801651, -1.153049111366272, -0.2767344117164612, -0.7966699600219727, 0.74497389793396, -0.4710876941680908, 2.25258207321167, 0.6765064597129822, 0.008843019604682922, -0.400701105594635, 0.18581995368003845, -0.6828931570053101, -1.208518147468567, 1.2000784873962402, 0.36118894815444946, -0.37272313237190247, -0.31938013434410095, 1.2350642681121826, -0.6999823451042175, -0.8338488340377808, -1.0148741006851196, 0.9772002100944519, 1.2320191860198975, -0.4437457323074341, 0.44223448634147644, 0.13659869134426117, -0.4504092037677765, 0.10448847711086273, -0.5374667644500732, -0.7477737665176392, -0.5621005296707153, 0.7548102140426636, -0.25850909948349, -1.2868372201919556, -0.42211443185806274, -1.1712467670440674, -0.08761432766914368, -1.8308634757995605, -0.8561369776725769, 0.839692234992981, 0.4823831021785736, 0.8291559219360352, 0.6186137795448303, -0.3379359841346741, 0.446662575006485, 0.023488804697990417, 0.24285262823104858, -0.55364590883255, -0.21747121214866638, -0.010723251849412918, -1.7542593479156494, 0.18930652737617493, 1.0519602298736572, 0.46899110078811646, 0.8880707621574402, -0.2593914270401001, 0.9631874561309814, 0.09127897769212723, 2.088958978652954, 0.8005566596984863, 0.42069360613822937, 0.8688478469848633, 0.2560967803001404, 0.7855477333068848, -0.12218962609767914, 0.5936446785926819, -2.7624197006225586, 0.7351189851760864, 2.6643595695495605, -1.262345790863037, -1.1351017951965332, -1.3714778423309326, -0.24983064830303192, 0.799555242061615, 1.4260815382003784, -1.0703848600387573]",yunet,Facenet,1920,1080,/home/amos/media/tv/modern_family/Modern.Family.S09.1080p.DSNP.WEB-DL.DDP5.1.H.264-CRFW/Modern.Family.S09E21.The.Escape.1080p.DSNP.WEB-DL.DDP5.1.H.264-CRFW.mkv,Modern Family,2009,1442437,9,21,Sarah Hyland,91351.0,0.793
444,1164,156,1362,432,1248,264,1188,258,0.918,9816,0,"[-0.26076796650886536, 2.1372768878936768, -0.9225804805755615, 0.8640843629837036, 1.0442869663238525, -0.41605129837989807, -1.8190603256225586, 1.6260887384414673, 0.5968902111053467, -0.8711982369422913, 0.09129377454519272, 0.649113655090332, 1.236218810081482, 0.17070579528808594, 0.09843666106462479, 0.6081896424293518, 0.8899155855178833, -2.0381107330322266, -2.060976028442383, 2.0283093452453613, 1.4120657444000244, 2.0941927433013916, -0.5265198349952698, 0.43697723746299744, -1.1967469453811646, -0.2961949408054352, -0.19242683053016663, 1.1446998119354248, 1.0041263103485107, -0.0950048416852951, -0.9771914482116699, 0.9255996942520142, -1.2606221437454224, -0.37017402052879333, 0.0253117885440588, -0.4989986717700958, -0.7208636403083801, -2.3651070594787598, -1.412086009979248, -0.8855623006820679, -0.567875862121582, -1.2952930927276611, -2.0014781951904297, -0.3948497474193573, -0.37666481733322144, -0.27016520500183105, 1.6248974800109863, -0.5923521518707275, 0.5690943598747253, 1.115906834602356, 0.026454661041498184, 1.3506394624710083, 0.11911441385746002, -1.0363144874572754, -0.043365541845560074, -1.5018610954284668, 0.5147027969360352, -2.007550001144409, -0.9156038761138916, -0.2533018887042999, -2.5357892513275146, 0.6727504730224609, 0.3698572516441345, 0.18283604085445404, -0.073201484978199, -0.27794861793518066, 1.7523465156555176, 0.36292850971221924, 0.10327551513910294, -0.12814177572727203, 0.7733561992645264, 0.40170183777809143, -0.18832585215568542, 1.6113436222076416, -0.1483156830072403, 0.42794498801231384, 0.6963443756103516, -0.3449155390262604, -0.197358176112175, -1.5339747667312622, -0.6210640072822571, -0.6470162868499756, 0.17737287282943726, -0.027110787108540535, 2.7840781211853027, 0.39200955629348755, -1.2287561893463135, -1.0538185834884644, -0.11125216633081436, -1.0943992137908936, 1.4160926342010498, 0.48337385058403015, 0.6077185273170471, -0.3684510886669159, 0.7464313507080078, 1.103729248046875, 1.8432179689407349, 2.4574317932128906, -0.8917520046234131, -1.937239646911621, 0.2793859839439392, 0.2902590036392212, -0.8603804707527161, -0.4124599099159241, -0.6034637093544006, 0.7509680390357971, 1.0439612865447998, 0.9465875625610352, 0.16923746466636658, 2.0743250846862793, -1.9487850666046143, 1.8494988679885864, 1.1846680641174316, -1.0662221908569336, 0.5112887620925903, -0.18724925816059113, 0.20567122101783752, -1.0367990732192993, -0.3467273712158203, -1.1397260427474976, 1.149397373199463, 0.04243182763457298, 0.12910044193267822, -0.9972267746925354, 2.0888073444366455, -1.9142972230911255, -1.034516453742981, 0.7342987656593323]",yunet,Facenet,1920,1080,/home/amos/media/tv/modern_family/Modern.Family.S09.1080p.DSNP.WEB-DL.DDP5.1.H.264-CRFW/Modern.Family.S09E21.The.Escape.1080p.DSNP.WEB-DL.DDP5.1.H.264-CRFW.mkv,Modern Family,2009,1442437,9,21,Jim Piddock,120560.0,0.693
445,1212,96,1428,408,1302,204,1242,198,0.906,9840,0,"[-1.2192715406417847, 0.19522789120674133, -1.052392840385437, 0.2642075717449188, -0.9832393527030945, -0.028538793325424194, -2.1833245754241943, 1.2472038269042969, 0.20983043313026428, -0.5855124592781067, 0.4039290249347687, -1.4931907653808594, 0.495072603225708, -0.2647832930088043, 1.0872734785079956, 0.9270974397659302, -0.7718907594680786, -0.47697967290878296, -1.0280022621154785, 1.5384441614151, 1.874333143234253, 1.6795928478240967, -0.0983816385269165, 1.0950067043304443, -0.077003613114357, 0.6152125597000122, -1.200942039489746, 0.11172818392515182, 2.0182008743286133, 1.1167083978652954, -0.531827449798584, 1.1545106172561646, -0.498877614736557, 1.2388828992843628, 0.6807288527488708, 0.15146122872829437, 0.07663792371749878, -1.3047856092453003, -0.9726222157478333, -1.6013031005859375, 0.507652759552002, -0.1346549540758133, -1.1338690519332886, -1.3688491582870483, -1.2192448377609253, -0.5569097399711609, 2.614071846008301, -0.4043342173099518, -1.320743203163147, 1.4036250114440918, -0.08021955192089081, 0.480071097612381, 0.0212845541536808, 1.0502134561538696, -1.1385676860809326, -1.5016865730285645, 0.5962898135185242, -0.9159067869186401, -1.6190235614776611, 0.060086317360401154, -0.8203904628753662, -0.16925179958343506, 0.21024170517921448, 0.40013766288757324, 0.3415047228336334, -1.1293156147003174, 1.8483654260635376, 0.36989182233810425, -0.014628564938902855, -0.6381115913391113, 2.1398236751556396, -1.2479006052017212, -0.3402608036994934, 1.223093032836914, 0.2650110423564911, 0.4179200828075409, 0.6313538551330566, -0.20299308001995087, -0.19311180710792542, -0.6225577592849731, 0.12056008726358414, -1.8876700401306152, -0.1464630365371704, 0.5662387013435364, 2.3481712341308594, 0.8643664121627808, -0.366157203912735, 0.6123554706573486, 0.3655169904232025, -1.4084360599517822, 1.2820580005645752, 0.1810426563024521, 0.637719988822937, 0.6453959345817566, -0.24817544221878052, 2.453421115875244, -0.008770940825343132, 1.2654569149017334, -1.144035816192627, -2.2500388622283936, 0.02503170073032379, 0.43514519929885864, -0.05958941578865051, -0.9338826537132263, -0.3162364065647125, 0.11013935506343842, -0.22895053029060364, 0.15126124024391174, 1.1752886772155762, 2.0059516429901123, -1.9163837432861328, -0.03186996281147003, 0.6600154638290405, -0.9414520263671875, 0.18225762248039246, -2.226210832595825, 0.03351966664195061, -2.15104341506958, -0.7891122102737427, -0.4130021929740906, 0.17878949642181396, -0.1870867758989334, 0.3192068934440613, -0.3037988543510437, 1.8654370307922363, -0.21053621172904968, -0.13704092800617218, 1.396990180015564]",yunet,Facenet,1920,1080,/home/amos/media/tv/modern_family/Modern.Family.S09.1080p.DSNP.WEB-DL.DDP5.1.H.264-CRFW/Modern.Family.S09E21.The.Escape.1080p.DSNP.WEB-DL.DDP5.1.H.264-CRFW.mkv,Modern Family,2009,1442437,9,21,,,
446,378,396,588,654,558,498,474,498,0.921,9864,0,"[0.44381240010261536, -0.9843524694442749, -0.031435780227184296, 3.28193736076355, 0.7900887131690979, 0.93800950050354, 0.9475667476654053, -1.8321266174316406, -0.18074482679367065, 2.4064228534698486, -1.941077709197998, 0.6281595230102539, 1.188048005104065, 0.5893447399139404, -0.5260635614395142, -0.5826502442359924, -0.2559484839439392, -0.6663784980773926, -0.20211878418922424, 1.1357824802398682, -0.03292102366685867, 0.9662676453590393, 1.0289095640182495, -0.19159212708473206, 1.380902886390686, 0.5652602910995483, 0.6696828603744507, -1.5933493375778198, 3.0777857303619385, -0.2885805666446686, -0.49182209372520447, -2.172485589981079, -1.2624154090881348, -1.5766866207122803, 2.0045125484466553, -0.44033968448638916, -1.98516047000885, 1.5034832954406738, -0.45273399353027344, -1.5237364768981934, -0.17939385771751404, 1.1121768951416016, -0.33030450344085693, 1.1189695596694946, -0.283895879983902, -0.6863886713981628, -0.9937493801116943, 1.551775336265564, -0.5355629324913025, 0.6776305437088013, 0.17991146445274353, 2.3618690967559814, 0.8738510608673096, -0.8660717010498047, 0.09295560419559479, -0.12643612921237946, 1.054479956626892, 0.4413559138774872, 0.6545630693435669, -0.4499465823173523, 0.18491819500923157, -0.686485767364502, 0.2436811327934265, -0.8504647016525269, -1.6183807849884033, 1.3701858520507812, -0.06647390872240067, -0.2808109521865845, -0.5022065043449402, 0.6108804941177368, 0.4012584686279297, -1.4182997941970825, -0.9544682502746582, 0.2855321764945984, 0.7672674059867859, -0.9052745699882507, 0.663762092590332, 0.4803779423236847, -0.5496766567230225, -0.23140577971935272, 0.4045071303844452, -0.2758653163909912, 0.20788073539733887, 1.3845494985580444, -0.01597876101732254, 0.05032506585121155, 0.5005066394805908, -1.5491869449615479, -0.015666577965021133, -2.3523969650268555, -0.957905113697052, 1.0556573867797852, 1.0554039478302002, 1.088768482208252, 0.07623258978128433, 0.5353260636329651, 0.5408449769020081, -0.9831433892250061, -0.4967239499092102, -1.1654977798461914, -0.9176514148712158, 1.2576606273651123, -0.6419122815132141, 0.5323204398155212, 0.5457032918930054, 0.15162114799022675, 0.8396002650260925, -0.7852814197540283, 1.1623787879943848, -0.4668211042881012, 0.8103960156440735, 1.6945027112960815, 0.806751012802124, 0.427572101354599, -0.16710039973258972, 0.6669291257858276, -1.270032525062561, 0.7941175699234009, -1.418038010597229, -0.11339528858661652, 1.5243968963623047, -1.123505711555481, -0.2673025131225586, -1.1254204511642456, 0.48260927200317383, 1.4882922172546387, 1.3200773000717163, -0.5971381664276123]",yunet,Facenet,1920,1080,/home/amos/media/tv/modern_family/Modern.Family.S09.1080p.DSNP.WEB-DL.DDP5.1.H.264-CRFW/Modern.Family.S09E21.The.Escape.1080p.DSNP.WEB-DL.DDP5.1.H.264-CRFW.mkv,Modern Family,2009,1442437,9,21,Sarah Hyland,91351.0,0.763
447,810,132,990,396,966,228,900,228,0.916,9864,1,"[0.2645418047904968, -1.8405070304870605, -1.4416115283966064, -0.3050747811794281, 0.22013753652572632, 1.261242151260376, -0.599785566329956, 1.437644124031067, 0.17543372511863708, -0.03484645485877991, 0.9921273589134216, -0.9687103629112244, -0.5629432201385498, -0.5732920169830322, -0.770906925201416, -0.3416460156440735, -0.7830959558486938, -1.4795289039611816, 0.8847026824951172, -0.2400156557559967, -0.0811668336391449, -0.9515613913536072, 0.3351874351501465, -1.1525665521621704, 0.3650112748146057, -1.1371861696243286, 1.0685038566589355, -0.7029273509979248, -0.25976717472076416, -0.09579607099294662, -1.7571115493774414, 1.2524079084396362, -0.45524200797080994, -0.8938371539115906, -0.5691124796867371, 0.6470881700515747, 0.06624185293912888, 1.4945991039276123, 0.12846064567565918, -1.5734457969665527, 1.0004929304122925, 1.6993205547332764, -1.1755117177963257, -0.2050982266664505, 0.12533988058567047, -1.4286168813705444, 0.20274317264556885, 1.9509602785110474, 0.3769499659538269, -0.13351160287857056, 0.08853624761104584, 1.5408202409744263, -0.01633813977241516, 0.5315295457839966, -0.01947963610291481, -0.3164225220680237, -0.059088777750730515, 1.3943266868591309, -1.3893177509307861, 0.8760259747505188, 1.0034657716751099, -0.01745733618736267, -0.21792146563529968, 1.4703714847564697, 1.0456503629684448, 0.7531929612159729, 0.05745647847652435, 0.7126643657684326, 0.07431986927986145, -0.8505614995956421, -0.3927626311779022, 0.4563477337360382, -3.409662961959839, 2.1779024600982666, 0.4549657702445984, 0.22876103222370148, -1.5915018320083618, 1.663125991821289, -0.1779942810535431, 0.24871768057346344, -1.3136417865753174, 0.5562522411346436, 0.7922555208206177, -0.042221035808324814, -0.5606092214584351, -0.9409228563308716, 1.5088950395584106, -0.9659809470176697, -1.6568365097045898, -2.6023619174957275, -0.3919779360294342, 0.14781805872917175, 0.8749816417694092, 1.64177405834198, 0.5342914462089539, 1.6063963174819946, -1.6490180492401123, -0.8211274743080139, -0.8330793380737305, 0.5695786476135254, -1.103162407875061, -0.8468825817108154, -0.980968713760376, -0.44688108563423157, -0.42784005403518677, -0.3139140009880066, -0.28844135999679565, -0.7669171094894409, 0.5421514511108398, -0.18875031173229218, -0.22681772708892822, -1.9043930768966675, 0.5862716436386108, -0.3571067452430725, -1.8108588457107544, 1.9929347038269043, -0.5072156190872192, 0.1806168407201767, -2.239495038986206, 1.2359564304351807, -0.9710958003997803, 0.7766216993331909, 0.1559576690196991, 0.622676432132721, -0.008406184613704681, 0.8524367809295654, -0.8901768922805786, -1.2578134536743164]",yunet,Facenet,1920,1080,/home/amos/media/tv/modern_family/Modern.Family.S09.1080p.DSNP.WEB-DL.DDP5.1.H.264-CRFW/Modern.Family.S09E21.The.Escape.1080p.DSNP.WEB-DL.DDP5.1.H.264-CRFW.mkv,Modern Family,2009,1442437,9,21,Chris Geere,62879.0,0.639
448,900,162,1128,468,1110,282,1026,276,0.919,9888,0,"[0.5542181134223938, -2.397644281387329, -2.03525972366333, -0.38463926315307617, -0.005846445914357901, 1.1493558883666992, -0.8915188312530518, 1.1021006107330322, 0.5822897553443909, -0.28181707859039307, 0.3967305123806, -0.8896318078041077, -0.34974217414855957, 0.06283465027809143, -0.2472294569015503, -0.3248634934425354, -0.07231633365154266, -1.5627362728118896, 0.8326863646507263, 0.11557923257350922, 0.009332932531833649, -1.5775928497314453, 0.733746349811554, -0.7649155855178833, 0.2790067791938782, -1.2977311611175537, 1.4165101051330566, -1.35611891746521, -0.18512071669101715, -0.010823399759829044, -1.1994726657867432, 1.143350601196289, -0.7085927128791809, -0.36808717250823975, -1.4225375652313232, 0.8410722017288208, 0.3136637210845947, 1.4651222229003906, 0.41750505566596985, -1.3457783460617065, 0.890469491481781, 1.6613192558288574, -1.059818983078003, -0.47857189178466797, -0.023866651579737663, -1.5776368379592896, 0.44256001710891724, 1.3730955123901367, 0.6582366228103638, -0.2910974323749542, -0.3622245192527771, 0.4541616141796112, -0.5803656578063965, 0.776950478553772, 0.30987119674682617, -1.230830430984497, 0.42237037420272827, 2.5917551517486572, -0.8552803993225098, 0.537852942943573, -0.024838898330926895, -0.49027061462402344, 0.2573937773704529, 1.4313143491744995, 1.061370849609375, 0.5462930202484131, 0.2834599018096924, 0.3432197868824005, -0.41248244047164917, -0.8742551803588867, -0.6261481046676636, 1.0576947927474976, -3.1785755157470703, 2.272064685821533, -0.3441987633705139, -0.022781606763601303, -2.039222240447998, 0.781808078289032, -0.23098784685134888, -0.2534472942352295, -1.9137755632400513, 0.6270228624343872, 1.592089295387268, -0.11939091980457306, -1.6439133882522583, -0.3886897563934326, 1.1107215881347656, -0.7305970191955566, -2.0733206272125244, -2.598918914794922, 0.7511118650436401, -0.6930607557296753, -0.10114067047834396, 0.9654096364974976, -0.020129352807998657, 1.6177048683166504, -1.9753073453903198, -0.846530020236969, -0.39742374420166016, 0.840193510055542, -1.5038203001022339, -0.5495281219482422, -0.9383934736251831, 0.017882822081446648, -0.3854822814464569, -0.5979098081588745, -0.5384808778762817, -0.7388887405395508, 0.8268685936927795, -0.43048325181007385, -0.4348852038383484, -2.332723379135132, 1.0407427549362183, -0.5543757081031799, -1.5093703269958496, 1.0389914512634277, -0.193522110581398, -0.05874195694923401, -1.7674123048782349, 0.7769753932952881, -0.9451426267623901, 1.0487414598464966, 0.3352550268173218, -0.4142546057701111, -0.7678784728050232, 0.6558155417442322, -0.5159984230995178, -2.094109535217285]",yunet,Facenet,1920,1080,/home/amos/media/tv/modern_family/Modern.Family.S09.1080p.DSNP.WEB-DL.DDP5.1.H.264-CRFW/Modern.Family.S09E21.The.Escape.1080p.DSNP.WEB-DL.DDP5.1.H.264-CRFW.mkv,Modern Family,2009,1442437,9,21,Chris Geere,62879.0,0.674
449,396,486,642,798,618,606,516,612,0.913,9888,1,"[0.0805024653673172, -1.1819703578948975, 0.010982969775795937, 3.135141134262085, 0.32271841168403625, 0.7198877930641174, 0.8763647675514221, -1.9959638118743896, -0.06716111302375793, 2.158036947250366, -1.8703395128250122, 0.3082341253757477, 1.731178641319275, 1.065214991569519, -0.7577074766159058, -0.22034040093421936, -0.27432534098625183, -1.107313871383667, -0.3062646985054016, 1.5133246183395386, 0.38364553451538086, 0.9406360387802124, 0.9223988056182861, -0.31269651651382446, 1.334620475769043, 0.524158775806427, 0.7453441619873047, -1.364772915840149, 2.9188990592956543, -0.16959179937839508, -0.26394954323768616, -2.073446273803711, -0.6784114241600037, -1.081656575202942, 1.9632160663604736, -0.2611558437347412, -2.4128897190093994, 1.4038165807724, -0.12426415085792542, -1.0674548149108887, -0.3686484396457672, 1.249531865119934, -0.13744695484638214, 1.1589547395706177, -0.3285842537879944, -0.721142053604126, -1.3399834632873535, 1.8401881456375122, -0.8164677619934082, 0.36934900283813477, 0.19181397557258606, 2.630084753036499, 0.47289326786994934, -0.8140719532966614, -0.030531875789165497, -0.04687673971056938, 1.3446553945541382, 0.8016512393951416, 0.3765413463115692, -0.37193426489830017, 0.2034977376461029, -0.022641967982053757, -0.503946840763092, -0.6401135325431824, -1.5595356225967407, 0.552146315574646, -0.00992041826248169, -0.6455855369567871, -0.7143357992172241, 0.17056168615818024, 0.3832710087299347, -1.516216516494751, -0.7059189677238464, -0.18650439381599426, 0.6540539860725403, -0.7637472748756409, 0.9159629344940186, -0.08452533185482025, -0.32263848185539246, -0.7568435668945312, 1.0882302522659302, -0.29546409845352173, 0.6100710034370422, 1.3449814319610596, -0.088948555290699, -0.23299843072891235, 0.5346725583076477, -1.1055104732513428, -0.10592889785766602, -2.674262046813965, -1.1167066097259521, 1.225880742073059, 1.1225841045379639, 1.127063274383545, 0.2947520911693573, 0.8925591111183167, 0.23174680769443512, -1.0995265245437622, -0.795244574546814, -1.1961274147033691, -0.2697199583053589, 1.2207763195037842, -1.1728332042694092, 0.43102288246154785, 0.4661794900894165, -0.20897060632705688, 1.2807599306106567, -1.0676255226135254, 1.237215518951416, -1.0162264108657837, 0.9401962161064148, 1.3386509418487549, 0.8303314447402954, 0.5447052121162415, -0.24819138646125793, 0.4918341338634491, -0.7924236059188843, 1.162775993347168, -1.326542854309082, 0.050980862230062485, 1.710691213607788, -0.7742147445678711, -0.15446515381336212, -1.2265136241912842, 1.0971933603286743, 1.282392978668213, 1.628404140472412, -0.33133769035339355]",yunet,Facenet,1920,1080,/home/amos/media/tv/modern_family/Modern.Family.S09.1080p.DSNP.WEB-DL.DDP5.1.H.264-CRFW/Modern.Family.S09E21.The.Escape.1080p.DSNP.WEB-DL.DDP5.1.H.264-CRFW.mkv,Modern Family,2009,1442437,9,21,Sarah Hyland,91351.0,0.734
450,1134,126,1338,432,1212,252,1164,252,0.901,9912,0,"[-1.3266218900680542, -0.27885180711746216, -0.45917588472366333, 1.2914537191390991, -0.619426429271698, -1.0514472723007202, -2.3819000720977783, 0.5675677061080933, 0.032104507088661194, 0.1150350421667099, 0.2863769829273224, -1.274823784828186, 1.4060062170028687, -0.43520745635032654, 0.6647528409957886, 0.024947479367256165, -0.449230819940567, -0.659903883934021, -2.2191922664642334, 1.6699368953704834, 1.489227056503296, 1.8145153522491455, -0.42480817437171936, 0.7842274904251099, 0.4515271484851837, 0.40949809551239014, -0.7678830623626709, 0.6072578430175781, 2.1820006370544434, 0.501022219657898, 0.6975113153457642, 0.29655036330223083, 0.05154142901301384, -0.03821073845028877, 0.20363271236419678, 0.06243981793522835, 0.6073970198631287, -1.532166838645935, -1.4799830913543701, -1.0230693817138672, 1.0030463933944702, -0.2053830325603485, -0.7988647222518921, -0.7519466876983643, -0.3788151741027832, 0.26728856563568115, 2.1567771434783936, 0.3592253029346466, -0.9714945554733276, 0.859548807144165, -0.02694416046142578, 0.5937311053276062, -0.9191766381263733, 0.7604597806930542, -1.6959508657455444, -0.6169292330741882, 0.8692367672920227, -1.1980081796646118, -0.9391219019889832, -0.5373592376708984, 0.10446301847696304, -0.4118077754974365, -0.4251866340637207, 0.5888476371765137, -0.3100389540195465, -0.5365086793899536, 1.263566017150879, -0.012509136460721493, -0.4975294768810272, -1.010053038597107, 0.9576146006584167, -0.9945887327194214, -0.052039746195077896, 0.23861809074878693, 0.6587351560592651, -0.39118435978889465, 1.8112165927886963, 0.12505698204040527, -1.021755337715149, 0.08145640790462494, -1.1959497928619385, -1.735977292060852, 0.4949418604373932, 1.220890998840332, 2.180870771408081, 0.36942407488822937, -0.6369127631187439, 0.2232939749956131, 0.5738660097122192, -1.5162347555160522, 0.45054975152015686, -0.33826589584350586, 1.2482184171676636, 0.7529805898666382, 0.7383655309677124, 0.9791040420532227, 1.3804893493652344, 1.5690138339996338, -0.721872091293335, -2.663518190383911, 0.742913007736206, 1.3175098896026611, 0.5405632257461548, -0.5236025452613831, -0.1978994607925415, 1.5363678932189941, 0.32027971744537354, 0.4628874957561493, 1.2489820718765259, 1.8794734477996826, -1.5837219953536987, 0.5274607539176941, 0.5479941368103027, -1.1145052909851074, 0.47059839963912964, -0.7571237087249756, 0.09052817523479462, -1.82184898853302, -1.6636406183242798, -1.1538512706756592, 0.8203051686286926, -0.14086510241031647, 0.12379865348339081, -0.44306614995002747, 1.638436198234558, -1.0653049945831299, -0.8856908082962036, 2.344393491744995]",yunet,Facenet,1920,1080,/home/amos/media/tv/modern_family/Modern.Family.S09.1080p.DSNP.WEB-DL.DDP5.1.H.264-CRFW/Modern.Family.S09E21.The.Escape.1080p.DSNP.WEB-DL.DDP5.1.H.264-CRFW.mkv,Modern Family,2009,1442437,9,21,,,
451,1080,120,1290,402,1188,216,1110,216,0.921,9936,0,"[-0.6841094493865967, 1.2996106147766113, -0.8405662775039673, 0.5520475506782532, -0.13749375939369202, -0.6611290574073792, -1.9035366773605347, 1.7012248039245605, -0.16125409305095673, -0.6219968795776367, -0.5873652100563049, 0.18822234869003296, 1.5706396102905273, 0.6542881727218628, 0.22230811417102814, 0.8900338411331177, 0.3971005380153656, -1.5201390981674194, -0.6678428649902344, 1.7072969675064087, 0.8830099105834961, 2.6919333934783936, -0.4606083035469055, 1.4870271682739258, -0.12957113981246948, 0.5100061893463135, -0.3308020532131195, 0.1143813356757164, 2.3811421394348145, -0.48969340324401855, -0.4509458839893341, 0.3833242654800415, 0.7001090049743652, -0.7842071056365967, 0.551394522190094, -1.392636775970459, 1.5620474815368652, -1.1909223794937134, -0.031893715262413025, -0.4650140702724457, -0.40009066462516785, -0.16576038300991058, -1.6574716567993164, -0.9119452834129333, -1.6491267681121826, -0.13017776608467102, 1.2611212730407715, -1.020020842552185, 0.19076676666736603, 1.2952024936676025, -0.3678521513938904, 1.306384801864624, 0.016523141413927078, -0.32117509841918945, -0.5869178771972656, -0.2673626244068146, 1.7119555473327637, -1.5618648529052734, -0.5320309996604919, 0.4824581444263458, -1.01156747341156, -0.7315409183502197, 0.38828885555267334, -0.4349532425403595, -0.8367091417312622, 0.046091288328170776, 2.694517135620117, 0.7529954314231873, -0.31410330533981323, 0.17871223390102386, 0.6481479406356812, 0.9612208604812622, -0.549301266670227, 1.3662922382354736, 0.10284699499607086, -0.385450541973114, 1.1168702840805054, -0.32519254088401794, -0.6106259822845459, -1.0510505437850952, -1.154221534729004, -1.0910314321517944, 0.2289499044418335, 0.9070124626159668, 2.3602454662323, 0.9400041103363037, -0.8770657181739807, -1.1402544975280762, -0.29192638397216797, -0.6696567535400391, 0.9468199014663696, -0.4242188334465027, 0.3127001225948334, -0.9178697466850281, -0.4581366181373596, 0.6331231594085693, 1.4295358657836914, 1.8736488819122314, -0.7315400242805481, -3.1638381481170654, -0.21405644714832306, 0.3032219409942627, 0.2522227168083191, -0.05436444282531738, 0.17231422662734985, 0.5134826302528381, -0.2528058886528015, 0.16447922587394714, 0.549649178981781, 2.705904960632324, -1.342608094215393, 0.7360353469848633, 1.5456064939498901, -0.5987680554389954, 0.12089507281780243, -1.843566656112671, -0.029169052839279175, -1.5087302923202515, 0.10209880769252777, -0.8793086409568787, 1.0654245615005493, -0.4700433611869812, -0.6606590151786804, -0.24612031877040863, 1.723575472831726, -0.798851490020752, -0.9212435483932495, 1.0862315893173218]",yunet,Facenet,1920,1080,/home/amos/media/tv/modern_family/Modern.Family.S09.1080p.DSNP.WEB-DL.DDP5.1.H.264-CRFW/Modern.Family.S09E21.The.Escape.1080p.DSNP.WEB-DL.DDP5.1.H.264-CRFW.mkv,Modern Family,2009,1442437,9,21,Jim Piddock,120560.0,0.73
452,1140,108,1344,390,1236,204,1164,198,0.906,9960,0,"[-0.30684274435043335, 1.4688206911087036, -1.1048641204833984, 0.052020587027072906, -0.11293717473745346, -0.5694448947906494, -1.6958658695220947, 0.7948865294456482, 0.03603646904230118, -0.35119572281837463, -0.20893791317939758, 0.728526771068573, 1.693302869796753, 0.5068106651306152, 0.46323361992836, 0.8565158843994141, 0.6220163106918335, -1.7554376125335693, -0.08859843015670776, 1.4011013507843018, 0.422611266374588, 2.407484292984009, -0.10952291637659073, 1.3224430084228516, 0.20531946420669556, 0.242230623960495, 0.022169943898916245, -0.2725515365600586, 2.137403964996338, 0.23232044279575348, -0.23911923170089722, 0.5041855573654175, 0.2912597358226776, -0.276358962059021, 0.4185979664325714, -1.5488311052322388, 1.7542897462844849, -0.5481699705123901, -0.26991701126098633, -0.3399393856525421, -0.24254316091537476, 0.3641988933086395, -1.5151938199996948, -0.25845372676849365, -1.70637047290802, -0.2136927843093872, 1.3978646993637085, -1.4546443223953247, 0.7272685766220093, 1.9817554950714111, -0.954420268535614, 1.0095877647399902, 0.16719269752502441, -0.40467458963394165, -0.993516206741333, -0.9738147854804993, 1.076758623123169, -1.2128205299377441, -1.2841993570327759, 0.46953269839286804, -0.7133292555809021, -0.5456258654594421, -0.041819509118795395, -0.6109470129013062, -0.945440948009491, 0.25593724846839905, 2.151007890701294, 1.32501220703125, 0.3835154175758362, 0.00934723298996687, 0.843294084072113, 1.1247416734695435, -0.8551778793334961, 1.146081566810608, 0.06336218863725662, -0.1523277312517166, 1.3441656827926636, -0.7830986976623535, -0.7085778713226318, -1.3915534019470215, -1.3866124153137207, -0.7098075151443481, 0.2952381670475006, 1.0665208101272583, 2.294440984725952, 1.0233334302902222, -0.5461853742599487, -1.206836462020874, -0.7284219264984131, -0.6292940378189087, 0.6427924633026123, -0.8053478002548218, 0.8489095568656921, -0.8742191791534424, 0.23448994755744934, 1.1753020286560059, 0.8169238567352295, 2.7661969661712646, -1.2510488033294678, -3.1672189235687256, 0.3301435708999634, 0.48273766040802, 0.4743257462978363, -0.8058913350105286, -0.35134798288345337, 0.9658375978469849, -0.5053509473800659, 0.2950292229652405, -0.027898356318473816, 1.5081170797348022, -1.4718751907348633, 1.132307529449463, 1.3032935857772827, -1.0368783473968506, 0.09081797301769257, -1.0904027223587036, -0.6251134872436523, -1.9027302265167236, 0.04423702508211136, -0.051981400698423386, 1.1461037397384644, -0.6244776248931885, -0.2633800506591797, -0.4509184658527374, 1.996193766593933, -1.3569689989089966, -1.0196441411972046, 1.5558656454086304]",yunet,Facenet,1920,1080,/home/amos/media/tv/modern_family/Modern.Family.S09.1080p.DSNP.WEB-DL.DDP5.1.H.264-CRFW/Modern.Family.S09E21.The.Escape.1080p.DSNP.WEB-DL.DDP5.1.H.264-CRFW.mkv,Modern Family,2009,1442437,9,21,Jim Piddock,120560.0,0.695
453,1152,114,1350,402,1230,216,1182,216,0.913,9984,0,"[-0.8280495405197144, 0.21208283305168152, -0.5898193717002869, 1.1472234725952148, -0.5793851613998413, -0.7184867858886719, -2.511955976486206, 0.5653088092803955, 0.1514171063899994, -0.043241776525974274, 0.42782190442085266, -0.7603586912155151, 1.5296212434768677, -0.5347899198532104, 0.7534128427505493, 0.44565194845199585, -0.5190505981445312, -0.5165047645568848, -1.3430747985839844, 2.1850032806396484, 1.7697043418884277, 1.8478376865386963, -0.2692282199859619, 0.5522333383560181, 0.07339929044246674, 0.5263387560844421, -0.9257559776306152, 0.5061157941818237, 1.7512253522872925, 0.6471525430679321, -0.08004796504974365, 0.44676539301872253, -0.09815014898777008, 0.36077699065208435, 0.13317260146141052, -0.1644304394721985, 0.9727613925933838, -0.8970663547515869, -0.3081256151199341, -1.2582117319107056, 1.2514350414276123, 0.49363934993743896, -0.8891113996505737, -1.552236557006836, -1.2965868711471558, 0.15455901622772217, 1.9910968542099, 0.39410901069641113, -0.8090134263038635, 1.6082361936569214, 0.2490697205066681, 0.6968448758125305, -0.13702788949012756, 0.7326494455337524, -0.96112060546875, -0.7023177742958069, 1.2860113382339478, -1.3671092987060547, -0.5691599249839783, 0.21595188975334167, 0.26585713028907776, -0.4431037902832031, -0.45157068967819214, 0.7826738357543945, 0.5652103424072266, -1.0638667345046997, 1.573114037513733, 0.06043153628706932, -1.0220057964324951, -0.20704783499240875, 0.9533268809318542, -0.2960778772830963, -0.5501796007156372, 1.104360580444336, 0.5327335000038147, -0.13231609761714935, 1.5424811840057373, 0.09658049046993256, -0.981141984462738, -0.4438692331314087, -1.4205106496810913, -2.032863140106201, 0.8844807147979736, 1.3591063022613525, 2.5294668674468994, 0.4514947235584259, -0.03019580990076065, 0.3439766764640808, -0.20249278843402863, -2.0057969093322754, 0.36358821392059326, 0.3444337546825409, 1.2916710376739502, 0.541925311088562, 0.8253868222236633, 0.2392541468143463, 1.3722783327102661, 1.4082331657409668, -1.1387085914611816, -3.2989683151245117, 0.8510485887527466, 0.6880660057067871, -0.3517013490200043, -0.7336210012435913, -0.1641119122505188, 1.4431852102279663, 0.1700119823217392, 0.001012563705444336, 1.152264952659607, 2.161375045776367, -1.1487423181533813, 0.21840254962444305, 0.3476754128932953, -0.7035242319107056, 0.3061976730823517, -1.1633799076080322, -0.2797180116176605, -1.4162861108779907, -0.8891743421554565, -0.41434505581855774, 0.6048871874809265, -0.21147263050079346, 0.34215235710144043, -0.4474997818470001, 1.6344215869903564, -1.1290185451507568, -0.682819664478302, 2.249321222305298]",yunet,Facenet,1920,1080,/home/amos/media/tv/modern_family/Modern.Family.S09.1080p.DSNP.WEB-DL.DDP5.1.H.264-CRFW/Modern.Family.S09E21.The.Escape.1080p.DSNP.WEB-DL.DDP5.1.H.264-CRFW.mkv,Modern Family,2009,1442437,9,21,,,
454,324,414,552,738,534,540,444,540,0.904,10008,0,"[-0.31912800669670105, -1.783610463142395, -0.8060693740844727, 2.7527616024017334, 0.046402186155319214, 0.9794281721115112, -0.4166865348815918, -1.6541873216629028, -0.695606529712677, 2.122079610824585, -1.157303810119629, -0.14661410450935364, 0.6675873398780823, 0.4124700427055359, -0.9930320978164673, 0.6264737844467163, 0.802742600440979, -1.586470603942871, -0.24141710996627808, 1.1345174312591553, -0.6131833791732788, 1.2398256063461304, 0.5789983868598938, -0.025603003799915314, 1.5900121927261353, -0.07852842658758163, 1.1321767568588257, -0.9273319244384766, 2.7996718883514404, -0.18466991186141968, -0.2215048372745514, -2.018937110900879, -1.1066290140151978, -2.040414333343506, 1.6908949613571167, -0.23262304067611694, -1.1987483501434326, 2.3275740146636963, 0.3824969232082367, -0.7586830854415894, -0.2765658497810364, 0.2293418049812317, -0.9085452556610107, 1.5738255977630615, 0.19558663666248322, -1.1493455171585083, -0.6974205374717712, 0.9486558437347412, -0.19451570510864258, 0.022507572546601295, -0.6440532803535461, 1.8608696460723877, 1.0256632566452026, -0.5883463025093079, -0.31750020384788513, 0.09705104678869247, 1.5709471702575684, -0.10575267672538757, 0.5906140804290771, 0.0887664183974266, 0.5475370287895203, 0.5176781415939331, -0.5962384939193726, -0.7096545696258545, -1.6489479541778564, 1.1557351350784302, 0.5841935276985168, 0.3587053716182709, -0.9775163531303406, -0.7256031036376953, -1.4374078512191772, -0.47366300225257874, -1.5124809741973877, -0.48567622900009155, 1.0465600490570068, 0.6155245304107666, 0.03548718988895416, 0.4517365097999573, 0.4406659007072449, -0.7763347029685974, 0.3084263503551483, -0.1513606160879135, -0.8103507161140442, 1.4379318952560425, 0.28691914677619934, -0.8684757947921753, -0.06965920329093933, -0.37447285652160645, -1.0089789628982544, -2.2272531986236572, 0.3277874290943146, 0.3879561126232147, 1.1203553676605225, 0.2926498055458069, 0.24875397980213165, 0.29369181394577026, 0.8642544150352478, -0.4691444933414459, -0.014588221907615662, -1.195800542831421, 0.20676635205745697, 0.931827962398529, -1.106449842453003, -0.005986200645565987, 1.3857029676437378, -0.22488312423229218, 0.8426567912101746, -0.899060845375061, 0.9973800182342529, -1.4362754821777344, 1.1041346788406372, 0.9318278431892395, 1.6577380895614624, -0.5739499926567078, -1.4700241088867188, -0.0012289881706237793, -1.3779675960540771, 1.9465082883834839, -1.4874844551086426, 1.6104730367660522, 1.67732572555542, -0.7838716506958008, -0.3396140933036804, -0.5600378513336182, 1.8541775941848755, 0.5262519121170044, 1.2509881258010864, -0.7815663814544678]",yunet,Facenet,1920,1080,/home/amos/media/tv/modern_family/Modern.Family.S09.1080p.DSNP.WEB-DL.DDP5.1.H.264-CRFW/Modern.Family.S09E21.The.Escape.1080p.DSNP.WEB-DL.DDP5.1.H.264-CRFW.mkv,Modern Family,2009,1442437,9,21,Sarah Hyland,91351.0,0.609
455,792,144,1014,456,978,270,894,270,0.904,10008,1,"[0.3436213433742523, -1.6396722793579102, -1.0500414371490479, -1.3657097816467285, 0.6291289329528809, 1.5792298316955566, 0.2504866421222687, 1.8754403591156006, 1.1058862209320068, -0.19052566587924957, 0.5094839930534363, -0.4218050241470337, -1.1009156703948975, 1.1092860698699951, -0.32659807801246643, -0.46574217081069946, -1.5991603136062622, -1.342581868171692, 1.1488187313079834, -0.9591975212097168, 0.23180609941482544, -0.7455735206604004, -0.821116030216217, -0.5056695938110352, -0.707173228263855, -1.1119067668914795, 0.8518668413162231, -2.592365264892578, -0.6647772192955017, -0.7979877591133118, -0.3286443054676056, 1.3524410724639893, 0.14824646711349487, -0.6319212317466736, -1.2964961528778076, -0.1728678047657013, -0.390422523021698, 0.6960231065750122, 2.009666919708252, -0.896820068359375, 1.540242075920105, 0.4693191647529602, -1.831166386604309, -2.2988362312316895, -0.13907630741596222, -1.3435345888137817, -0.15975821018218994, 1.2147295475006104, 1.1346633434295654, 0.060535456985235214, -1.4397706985473633, 1.4531151056289673, -0.6575642824172974, -0.1991666704416275, 0.8822678923606873, -1.6091725826263428, 0.776490330696106, 1.6318256855010986, -0.8433375954627991, 0.08348206430673599, 0.04854091256856918, -1.7811530828475952, 0.5974023938179016, 0.7520168423652649, 1.0495963096618652, -0.1250830739736557, 0.6195756196975708, 0.7062740325927734, -1.0045804977416992, -0.5181032419204712, -0.9062343835830688, 0.5800317525863647, -2.0298900604248047, 1.5865415334701538, -0.08735443651676178, -1.829790472984314, -1.6730996370315552, 0.9635658264160156, -0.7571359276771545, 0.9954694509506226, -2.117860794067383, -0.8065762519836426, 1.1781762838363647, -1.4967374801635742, -1.8069175481796265, 1.0433584451675415, -0.3539942502975464, 0.15627433359622955, -1.0633654594421387, -1.5101799964904785, 0.8542327284812927, 0.12471286207437515, 0.290884405374527, 0.3852045238018036, 1.2479498386383057, 0.4752735197544098, -1.9197998046875, 0.715812623500824, -0.4101754426956177, 0.6723387241363525, -1.697461724281311, -0.4214218258857727, -0.8953109979629517, 0.24511371552944183, 0.3542010188102722, -0.43573611974716187, 0.16647574305534363, -0.3134157359600067, -0.2924169600009918, 0.5588425397872925, -0.552891194820404, -1.609039545059204, 0.7841402292251587, -1.066633939743042, -1.3375403881072998, 0.36922985315322876, 0.38045641779899597, 0.19505155086517334, -0.7218076586723328, 0.6648224592208862, -3.3086040019989014, 1.7262108325958252, 0.4395960569381714, 0.17454522848129272, -0.6928751468658447, 0.8165274262428284, -1.807593584060669, -0.08411753177642822]",yunet,Facenet,1920,1080,/home/amos/media/tv/modern_family/Modern.Family.S09.1080p.DSNP.WEB-DL.DDP5.1.H.264-CRFW/Modern.Family.S09E21.The.Escape.1080p.DSNP.WEB-DL.DDP5.1.H.264-CRFW.mkv,Modern Family,2009,1442437,9,21,Chris Geere,62879.0,0.67
456,1152,138,1380,468,1248,258,1170,264,0.915,10032,0,"[-1.3045225143432617, 0.7652713060379028, -1.1296181678771973, 1.0629945993423462, -0.3732549846172333, -0.1785954236984253, -2.3241920471191406, 1.3089625835418701, 0.01483144611120224, -0.9234046339988708, 0.7334591150283813, 0.1274396926164627, 0.3372049927711487, 1.0218899250030518, 0.8201680183410645, 0.5533633232116699, -0.16803233325481415, -0.8941024541854858, -2.3826537132263184, 2.034428834915161, 1.1358860731124878, 1.6086772680282593, 0.2989104986190796, -0.015253104269504547, -0.6267277598381042, 0.6528493762016296, -0.5360574722290039, 0.05612102150917053, 1.4567999839782715, 0.46465200185775757, -0.1751396358013153, 1.4073479175567627, -0.46541905403137207, -0.2255895733833313, 0.5790339112281799, -0.26473361253738403, 0.5119749307632446, -1.506483793258667, -0.6655662655830383, -0.3331875801086426, 0.35249048471450806, -0.3641869127750397, -1.7493326663970947, -2.19136905670166, -0.6202843189239502, -0.5016658306121826, 1.9840372800827026, -0.5378588438034058, -0.414847195148468, 2.385951280593872, -0.09761859476566315, 0.6390030980110168, 0.9013009667396545, -0.6250753402709961, -0.2570987641811371, -1.0503538846969604, 1.8627849817276, -0.7414110898971558, -0.4143841862678528, -0.6723982691764832, -0.41957375407218933, -0.06579116731882095, 0.050597935914993286, 1.0173087120056152, -0.045794300734996796, -1.1477222442626953, 2.212923765182495, 0.6315048336982727, -0.5294943451881409, -0.8438014984130859, 0.6434716582298279, -0.3334615230560303, 0.48811882734298706, 1.6215832233428955, 1.060385823249817, -0.15791410207748413, 1.2453429698944092, -0.07603541016578674, -1.1424051523208618, -1.358221411705017, -1.3992490768432617, -1.2201220989227295, -0.6281585097312927, 0.3152921795845032, 2.2084810733795166, 1.1308776140213013, -0.919191300868988, 0.5971279740333557, -0.08688236773014069, -0.9135878086090088, 0.5192700624465942, 0.21304118633270264, 0.9663593769073486, -0.5156151056289673, 0.6401738524436951, 1.5578597784042358, 1.5777496099472046, 2.466439962387085, -1.083847999572754, -2.868943691253662, -0.3593042492866516, 0.1552335023880005, -0.5367270112037659, -1.1140778064727783, 1.1902605295181274, -0.24567416310310364, 1.1744929552078247, 1.196592092514038, 1.8088942766189575, 2.1363372802734375, -1.3763195276260376, 1.4388562440872192, 1.3769904375076294, -0.8358719348907471, 0.15627829730510712, -0.9653539657592773, 0.14432676136493683, -1.1099456548690796, -0.27992022037506104, -0.4700440764427185, 0.018225431442260742, -0.9672656059265137, 0.21013930439949036, -1.0818309783935547, 1.9701017141342163, -1.107250690460205, -1.510071873664856, 1.859950065612793]",yunet,Facenet,1920,1080,/home/amos/media/tv/modern_family/Modern.Family.S09.1080p.DSNP.WEB-DL.DDP5.1.H.264-CRFW/Modern.Family.S09E21.The.Escape.1080p.DSNP.WEB-DL.DDP5.1.H.264-CRFW.mkv,Modern Family,2009,1442437,9,21,,,
457,1026,96,1272,414,1248,222,1176,222,0.933,10056,0,"[0.545090913772583, -2.255563974380493, -1.07511305809021, -0.11466315388679504, 0.4986623227596283, 1.4953292608261108, 0.7460280656814575, 1.461377501487732, 0.6647627353668213, 0.18551385402679443, 0.0946313664317131, -1.1146636009216309, -0.006620075553655624, 0.5519052743911743, -0.8736443519592285, -1.1605620384216309, -0.7603925466537476, -1.5704338550567627, 1.1336554288864136, -0.6008695363998413, -0.25983092188835144, -0.357483446598053, -0.2919344902038574, -0.4319789409637451, 0.17395341396331787, -0.33547306060791016, 1.1129332780838013, -1.9115278720855713, 0.08196116983890533, -1.3953505754470825, -0.55573570728302, 1.2031396627426147, 0.28240901231765747, -1.4561010599136353, -0.42263007164001465, 0.27373838424682617, -0.5426326990127563, 1.3274855613708496, 1.4957337379455566, -1.512283205986023, 0.880609929561615, 1.504401683807373, -1.4382437467575073, -1.819189429283142, 0.22894287109375, -0.9735050797462463, -0.48178723454475403, 1.7181055545806885, 1.0934808254241943, -0.6534328460693359, 0.2590743601322174, 1.2660695314407349, -1.3189098834991455, -0.3910549283027649, 0.8147762417793274, -0.8605924844741821, 0.5832670331001282, 1.3196083307266235, -0.6770070195198059, 0.11726772040128708, 0.3515874147415161, -1.3001083135604858, 0.6210600733757019, 0.41919100284576416, 0.8181519508361816, 0.7920295000076294, 0.41757944226264954, 0.9414331912994385, 0.05176589637994766, -0.05206209048628807, -0.9337274432182312, 0.6356680393218994, -2.926492214202881, 1.7671291828155518, -0.311495840549469, -1.0736368894577026, -2.1386618614196777, 0.841111421585083, -0.38477790355682373, 1.1316500902175903, -1.224677324295044, 0.5144141912460327, 1.3812665939331055, -0.698187530040741, -1.8149572610855103, 0.3972399830818176, 0.9999296069145203, -0.413959264755249, -1.681997299194336, -1.6817761659622192, 0.7479366660118103, 0.769620954990387, 0.42222946882247925, 1.3402611017227173, 0.1409006118774414, 1.130995750427246, -1.224290132522583, 0.3926053047180176, 0.05285634845495224, 1.00858473777771, -2.231781244277954, -1.0621851682662964, -0.6328966021537781, 0.3117204010486603, -0.3391458988189697, -0.33762961626052856, -0.09870421886444092, -0.1894800066947937, 0.28411585092544556, -0.08179426938295364, -0.671112060546875, -2.2392849922180176, 0.67560875415802, -0.7718846201896667, -0.9805616140365601, 1.323366403579712, 0.2904437184333801, 0.3196792006492615, -0.7004038095474243, 0.27017611265182495, -1.9570109844207764, 1.6029374599456787, -0.11565308272838593, 0.6028730869293213, -0.3800011873245239, 1.1302001476287842, -1.7607070207595825, -1.6295607089996338]",yunet,Facenet,1920,1080,/home/amos/media/tv/modern_family/Modern.Family.S09.1080p.DSNP.WEB-DL.DDP5.1.H.264-CRFW/Modern.Family.S09E21.The.Escape.1080p.DSNP.WEB-DL.DDP5.1.H.264-CRFW.mkv,Modern Family,2009,1442437,9,21,Chris Geere,62879.0,0.682
458,402,450,642,768,612,570,522,570,0.911,10056,1,"[-0.9413888454437256, -2.202120304107666, 0.6346157193183899, 3.018099069595337, 1.5556895732879639, -0.059997230768203735, 0.06896130740642548, -1.7373738288879395, -0.32538631558418274, 2.642406463623047, -2.2630345821380615, 0.5980796813964844, 1.4634846448898315, 0.09532034397125244, 0.055997900664806366, 0.04239239543676376, 0.13808013498783112, -0.6647481322288513, -0.4727718234062195, 0.38161543011665344, -0.38199296593666077, 0.46109288930892944, 0.6904838681221008, 1.0243275165557861, 0.1430712193250656, -0.0883379802107811, 1.9519108533859253, -0.9854903221130371, 3.2028985023498535, 0.42810189723968506, 0.41032901406288147, -2.2525594234466553, 0.012763758189976215, -1.9778354167938232, 0.6700751185417175, -0.7867416143417358, -0.9067786335945129, 1.7074204683303833, -0.9085856080055237, -1.6824748516082764, -0.330705851316452, 0.1639731228351593, -0.3838596045970917, 1.262440800666809, -0.017623169347643852, 0.00464986264705658, -0.07462835311889648, 0.37992313504219055, -0.010377272963523865, 0.1823199987411499, -0.572544515132904, 1.8599443435668945, 0.11306461691856384, -0.04070745408535004, 0.10688236355781555, 0.3157683312892914, 0.411135196685791, 0.026649150997400284, 0.9316563010215759, 0.8323385119438171, -0.0573233962059021, 0.1342770904302597, 0.46391284465789795, -0.47641369700431824, -1.9284241199493408, 2.1384339332580566, 0.04175097495317459, 0.5373262166976929, -0.09514967352151871, 1.0126615762710571, -0.7398769855499268, -1.2857178449630737, -0.688049852848053, 0.09988677501678467, 0.795174241065979, -0.30997446179389954, -0.6975909471511841, -0.6330515146255493, -0.5695037245750427, -0.33455902338027954, -0.39894312620162964, -0.19296415150165558, 0.500385046005249, 2.109057903289795, -0.551316499710083, 0.6411840915679932, 0.6154013872146606, -0.2595096826553345, -0.49731141328811646, -2.232379913330078, -0.38408979773521423, 0.8049370646476746, 1.4301888942718506, 0.11548810452222824, 0.49189701676368713, 0.2918873131275177, 0.22064702212810516, -0.8119874596595764, 0.5595179796218872, -0.6058116555213928, -1.2725087404251099, 1.4858988523483276, -0.4276077151298523, 0.6956237554550171, 1.7860592603683472, -0.12951555848121643, -0.3249921500682831, -0.32459837198257446, 1.1063172817230225, -0.6177364587783813, 0.3402743339538574, 0.13367652893066406, -0.1273116171360016, 0.14675372838974, -1.141808271408081, 0.2967851459980011, -1.4102487564086914, 1.1137011051177979, -1.9100894927978516, -0.517021894454956, 1.6195603609085083, -0.9434981346130371, -0.4683508276939392, -1.1836556196212769, 0.4774588942527771, 1.0394251346588135, 1.495888352394104, -0.46522727608680725]",yunet,Facenet,1920,1080,/home/amos/media/tv/modern_family/Modern.Family.S09.1080p.DSNP.WEB-DL.DDP5.1.H.264-CRFW/Modern.Family.S09E21.The.Escape.1080p.DSNP.WEB-DL.DDP5.1.H.264-CRFW.mkv,Modern Family,2009,1442437,9,21,Sarah Hyland,91351.0,0.757
459,1068,168,1278,468,1260,300,1242,288,0.91,10080,0,"[0.2099643349647522, 0.2626953423023224, -1.016978144645691, -1.3061480522155762, 1.5247138738632202, 1.0842517614364624, 0.7165622115135193, 0.6305572986602783, 1.1459261178970337, 0.036901358515024185, 0.8848651647567749, -0.14487549662590027, -0.5688334107398987, -1.1831086874008179, 0.5460906028747559, -0.9917381405830383, -1.392765760421753, 0.33132368326187134, 0.8033226728439331, 0.03512429818511009, -0.43977877497673035, 0.03448757156729698, -0.4417737126350403, 0.5534939169883728, 0.10832233726978302, 0.42306092381477356, 0.6899267435073853, -0.5336337089538574, -1.4206186532974243, -0.5832787156105042, -0.8431527614593506, 1.3354265689849854, -0.8427147269248962, 0.1653437316417694, 0.5013050436973572, 0.15522213280200958, 0.013586655259132385, -1.2127431631088257, 0.6706516742706299, -0.5080673694610596, 0.05383170396089554, -0.19111262261867523, -0.8167387247085571, -0.13024011254310608, 0.2561694085597992, -0.7620424628257751, -0.15664617717266083, 0.5209738612174988, 0.6861321330070496, -0.2795603573322296, -0.5094923377037048, 0.5156784057617188, -0.6898393034934998, 0.5224562287330627, 0.34560737013816833, -1.2905486822128296, -0.2088034451007843, -0.060815028846263885, -1.6464380025863647, 0.38546299934387207, 1.0436193943023682, 0.0295439213514328, -0.20355656743049622, 0.2221638709306717, 1.7037272453308105, 1.3681246042251587, -0.23200488090515137, 1.420417308807373, 1.4521853923797607, -0.389675498008728, 0.20878006517887115, 0.1595638394355774, -1.4683449268341064, 1.6616863012313843, 0.25688642263412476, -0.4117165207862854, -0.6029090881347656, -0.0030366256833076477, 0.08250240236520767, 1.6374640464782715, -1.007913589477539, 0.8724616765975952, 0.33892905712127686, -0.44750645756721497, 0.0697917565703392, 0.030057884752750397, 0.5076536536216736, -0.02542807161808014, -0.27858400344848633, -0.29510945081710815, -0.49736645817756653, 0.18653573095798492, -0.4647550880908966, 0.5416289567947388, 0.7403017282485962, 0.8468049168586731, -1.610346794128418, 0.6761239171028137, -0.8139085173606873, 0.6657195687294006, -0.3847082853317261, -1.2056114673614502, -1.0166947841644287, -0.2911682426929474, -1.3805702924728394, 0.1889992356300354, -0.02977336198091507, -0.8094666004180908, 0.3053874969482422, -1.069728136062622, -0.3939133286476135, -1.262927532196045, 0.14666733145713806, -1.0753719806671143, 0.22534722089767456, 2.2651281356811523, -0.2769792079925537, 0.2216976135969162, 1.2526123523712158, 2.1690475940704346, -1.115592122077942, 1.457901954650879, 0.5286324620246887, -0.2110280692577362, -0.27080726623535156, 0.16774782538414001, 0.08653191477060318, -0.09122321009635925]",yunet,Facenet,1920,1080,/home/amos/media/tv/modern_family/Modern.Family.S09.1080p.DSNP.WEB-DL.DDP5.1.H.264-CRFW/Modern.Family.S09E21.The.Escape.1080p.DSNP.WEB-DL.DDP5.1.H.264-CRFW.mkv,Modern Family,2009,1442437,9,21,,,
460,444,474,654,774,618,588,558,588,0.906,10080,1,"[-0.8504054546356201, -1.466127634048462, 0.7468230724334717, 2.7648167610168457, 0.5193877816200256, 0.08770576864480972, 0.5138853192329407, -2.79683780670166, 0.4665839970111847, 2.3615574836730957, -1.662068486213684, 0.24755945801734924, 1.0159720182418823, 0.29941046237945557, -0.6815372705459595, -0.021713651716709137, -0.7037063837051392, -0.5044337511062622, 0.27358779311180115, 0.6243551969528198, -0.056658029556274414, 0.5320692658424377, 0.24049174785614014, 1.576206088066101, 0.6348078846931458, -0.3966773450374603, 1.004693865776062, -1.2347664833068848, 2.6707563400268555, 0.6363535523414612, 0.5633008480072021, -2.037062883377075, -0.9737557768821716, 0.07080536335706711, 0.9045975804328918, -0.6684602499008179, -1.046097755432129, 0.4767395257949829, 0.1092006117105484, -2.585425853729248, 0.8927452564239502, 0.31105837225914, -0.9347163438796997, 1.7675597667694092, 0.39618200063705444, -0.5783488750457764, -0.31543001532554626, 0.7942458391189575, 0.000697702169418335, 0.5044609308242798, -0.7599508166313171, 1.5316802263259888, 0.06210312619805336, 0.1986093372106552, -0.803520917892456, 0.43730124831199646, 1.4498169422149658, -0.9319596290588379, 0.5327122807502747, 0.7413336634635925, 0.30564504861831665, 1.056990385055542, -0.019521985203027725, -1.0447909832000732, -1.1222432851791382, 2.924332618713379, 0.961687445640564, -0.13734829425811768, -0.991300106048584, 1.6661443710327148, -0.07051016390323639, -0.9793517589569092, 0.1520247757434845, 0.07466717064380646, -0.7038047909736633, -1.1460635662078857, -0.3875829875469208, -1.2404637336730957, -0.11638815701007843, -0.20759150385856628, 0.25634896755218506, -0.9387195110321045, 1.4461817741394043, 1.9535491466522217, 0.138184055685997, -0.06438060849905014, 0.5709255933761597, 0.38241368532180786, 0.4398359954357147, -1.7443183660507202, -0.03923260420560837, 1.2846438884735107, 0.40517541766166687, 1.0799905061721802, 0.9463090300559998, 0.23895692825317383, 0.8483283519744873, -0.5674777626991272, -0.39303067326545715, -0.7232912182807922, -0.3732061982154846, 0.9190577864646912, -1.2343776226043701, 0.5025234818458557, 1.6703790426254272, 1.3272329568862915, 0.06621810793876648, 0.010556533932685852, 0.6182416081428528, -1.013003945350647, 0.3065844774246216, 0.11217702925205231, 0.6173580884933472, -0.20110058784484863, -0.967290997505188, -0.13133102655410767, -0.6548107862472534, 0.46682050824165344, -1.416453242301941, -0.5824748277664185, 1.6777762174606323, -0.44649723172187805, 0.3973090648651123, -1.0755703449249268, 1.7383867502212524, 0.09567449241876602, 2.194136619567871, -1.143633246421814]",yunet,Facenet,1920,1080,/home/amos/media/tv/modern_family/Modern.Family.S09.1080p.DSNP.WEB-DL.DDP5.1.H.264-CRFW/Modern.Family.S09E21.The.Escape.1080p.DSNP.WEB-DL.DDP5.1.H.264-CRFW.mkv,Modern Family,2009,1442437,9,21,Sarah Hyland,91351.0,0.722
461,1128,126,1326,384,1224,216,1152,210,0.911,10104,0,"[-0.241196870803833, 1.9245339632034302, -0.9020957946777344, 0.5895668864250183, -0.3553762137889862, -0.6437250375747681, -2.0500001907348633, 1.5134780406951904, 0.1854325532913208, -0.5003142952919006, -0.06500563025474548, 0.1655994951725006, 1.5109254121780396, 0.7829093933105469, 0.6118302345275879, 0.29667526483535767, 0.8608098030090332, -1.5968049764633179, -1.0102511644363403, 1.5169466733932495, 0.7294020652770996, 2.5109951496124268, -0.05126656964421272, 1.348907232284546, 0.010959484614431858, 0.700272798538208, -1.142595648765564, 0.7270468473434448, 2.2268505096435547, -0.7820121645927429, -0.5883852243423462, 0.5887641906738281, -0.09285829961299896, -0.3971882462501526, 1.3291624784469604, -0.6073607206344604, 1.0404338836669922, -1.2737476825714111, -0.21105241775512695, -0.4654446542263031, -0.3501942753791809, -0.28011780977249146, -1.5754464864730835, -1.534093976020813, -1.2397335767745972, 0.41966184973716736, 1.5259531736373901, -1.0494954586029053, 0.08789768815040588, 1.417899250984192, -0.011192120611667633, 1.3450888395309448, -0.5533158779144287, -0.6334418058395386, -0.6750732660293579, -0.14267459511756897, 0.8272978663444519, -1.6176629066467285, -0.355222225189209, 0.11448446661233902, -0.6047617793083191, -0.6280810832977295, 0.6614479422569275, -0.5766279101371765, -0.42754149436950684, -0.169591024518013, 2.084989309310913, 1.1492265462875366, 0.5170521140098572, -0.008696520701050758, 0.9216335415840149, 0.6720216274261475, -0.21716788411140442, 1.2639764547348022, 0.02116869017481804, -0.25032147765159607, 1.4763599634170532, -0.9226765632629395, -0.7531874179840088, -1.313450574874878, -0.42646604776382446, -0.9763745069503784, 0.0982137992978096, 0.7633806467056274, 2.1079626083374023, 0.25471192598342896, -0.7651309967041016, -1.2516244649887085, -0.25571903586387634, -0.7916749119758606, 0.6546937823295593, -0.33657515048980713, 0.8019096851348877, -0.7149856686592102, -0.21673613786697388, 1.0478261709213257, 1.7679479122161865, 3.0510764122009277, -0.8835229873657227, -2.4774842262268066, -0.31726783514022827, 0.5251169800758362, 0.05730843171477318, -0.1510605812072754, -0.3566054403781891, 1.1382942199707031, 0.4072573482990265, 0.4702734053134918, 0.33746373653411865, 2.1642332077026367, -1.4096317291259766, 1.4353196620941162, 1.3400717973709106, -1.147937297821045, 0.8603283166885376, -1.200092077255249, 0.23709967732429504, -1.7017087936401367, 0.3838338553905487, -0.7259626388549805, 0.717377245426178, -0.27303430438041687, -0.05943242460489273, -0.3803784251213074, 1.7944748401641846, -0.7095707058906555, -1.0323233604431152, 1.3669840097427368]",yunet,Facenet,1920,1080,/home/amos/media/tv/modern_family/Modern.Family.S09.1080p.DSNP.WEB-DL.DDP5.1.H.264-CRFW/Modern.Family.S09E21.The.Escape.1080p.DSNP.WEB-DL.DDP5.1.H.264-CRFW.mkv,Modern Family,2009,1442437,9,21,Jim Piddock,120560.0,0.686
462,1152,156,1350,414,1254,258,1182,258,0.913,10128,0,"[-0.3227039873600006, 1.7965965270996094, -0.8265412449836731, -0.14157333970069885, 0.31257617473602295, -0.51993727684021, -2.147066116333008, 1.1020519733428955, 0.4642322361469269, -0.3535189628601074, -0.3931199610233307, 0.4099245071411133, 1.1101309061050415, 0.6800869703292847, 0.32297465205192566, 0.026049744337797165, 0.3841695785522461, -1.7086563110351562, -0.9291329383850098, 0.7320995330810547, 0.8631317615509033, 2.210280418395996, -0.7919489741325378, 0.3795032799243927, -0.28674620389938354, 0.03923794627189636, -0.5234018564224243, 0.6494196057319641, 1.8001601696014404, 0.16586408019065857, -1.1859580278396606, 0.8637072443962097, -0.10811471194028854, -0.4619288146495819, 0.37382495403289795, -0.6356696486473083, 0.40925297141075134, -0.9842018485069275, -1.2744362354278564, -0.8144819736480713, -0.08279776573181152, -0.9398866891860962, -2.442744016647339, -0.23695102334022522, -1.861230731010437, -0.5845773220062256, 0.785514235496521, -1.1081078052520752, 0.5630861520767212, 0.28360486030578613, -0.1591711789369583, 1.0324960947036743, -0.2914598286151886, -0.9795194864273071, -0.8269801139831543, -0.8005517721176147, 1.012702226638794, -2.143442153930664, -0.7958800792694092, -0.7654502391815186, -2.1398279666900635, -0.1889302283525467, 0.04403406381607056, -0.07283234596252441, -0.47003427147865295, -0.1517026126384735, 1.9734256267547607, 0.6199778318405151, 0.6254493594169617, -0.1841667890548706, 0.835198163986206, 0.27198511362075806, -0.4838632345199585, 0.5193662643432617, 0.3508780598640442, 0.22823743522167206, 1.3324682712554932, -0.5136837363243103, -1.0266330242156982, -1.4113677740097046, -0.21209275722503662, -1.0418751239776611, -0.752781867980957, 0.7356378436088562, 2.1730217933654785, 0.4924089014530182, -1.4408535957336426, -1.0180515050888062, -0.4580766558647156, -0.19715061783790588, 1.5358508825302124, -0.828973650932312, 0.7895529866218567, -1.0760000944137573, -0.27105915546417236, 1.4436421394348145, 1.8881992101669312, 2.2178616523742676, -0.3997153043746948, -2.473601818084717, -0.49877339601516724, 0.5496620535850525, 0.1331862211227417, -0.7724862694740295, -0.2865850031375885, 1.3676905632019043, 0.2843021750450134, -0.1732158362865448, 0.7480310201644897, 2.2314960956573486, -1.6879957914352417, 1.4003974199295044, -0.05519615113735199, -0.5299432277679443, 1.1068099737167358, -0.94873046875, -0.21223680675029755, -1.8308991193771362, 0.066016286611557, -0.205103799700737, 0.8315706253051758, -0.18506456911563873, -0.40313684940338135, -0.3320051431655884, 2.216137170791626, -1.0148886442184448, -0.7339160442352295, 1.8329240083694458]",yunet,Facenet,1920,1080,/home/amos/media/tv/modern_family/Modern.Family.S09.1080p.DSNP.WEB-DL.DDP5.1.H.264-CRFW/Modern.Family.S09E21.The.Escape.1080p.DSNP.WEB-DL.DDP5.1.H.264-CRFW.mkv,Modern Family,2009,1442437,9,21,Jim Piddock,120560.0,0.726
463,258,36,498,372,384,162,288,162,0.923,10152,0,"[0.6422973871231079, -1.823150396347046, -1.304847240447998, -1.8378303050994873, -0.7037106156349182, 1.7031084299087524, 0.2736665606498718, 1.2686212062835693, 0.9495705366134644, -1.291947364807129, 0.3581770956516266, -1.0099787712097168, -0.18019983172416687, 1.0696723461151123, -0.008568786084651947, -0.8563628196716309, -0.37749183177948, 0.13160179555416107, 0.5857132077217102, -0.6459445953369141, 0.6335564851760864, -1.0679618120193481, 1.288467526435852, -2.9679722785949707, 0.34429219365119934, -0.09314867109060287, 1.269898772239685, -2.4872536659240723, -0.1458498239517212, 0.38539814949035645, -0.7192474603652954, 1.7611818313598633, 0.1487172394990921, 0.5024904608726501, 0.37970200181007385, 0.4885374903678894, 0.3179323375225067, 0.8116595149040222, 2.2230119705200195, -1.5345877408981323, 1.647597074508667, 0.7133128046989441, -1.6474952697753906, -3.1613314151763916, 0.3628353178501129, -1.8645317554473877, 0.2137306034564972, 0.09590219706296921, -0.03671686351299286, 0.020984569564461708, -0.8528425693511963, 0.47088897228240967, -0.6679159998893738, 1.2789641618728638, 0.8582009077072144, -2.10792875289917, -0.21445952355861664, 2.099001169204712, 0.3985368609428406, -1.6486423015594482, 0.8121665716171265, -1.9578994512557983, 0.9729887247085571, 0.8325600028038025, 1.5834579467773438, -0.6271347403526306, -0.06961021572351456, 0.6299851536750793, -1.2211155891418457, -0.5352948904037476, -0.9512908458709717, 1.3705297708511353, -1.9882261753082275, 0.5573133230209351, -0.2171461135149002, -0.9752244353294373, -1.1195074319839478, -0.13759686052799225, 0.6494126319885254, -0.9917278289794922, -1.7539809942245483, 1.1653538942337036, 1.203116774559021, -0.6426610946655273, -0.91159588098526, 0.4181455075740814, 0.7244684100151062, -0.7248372435569763, -1.988651990890503, -1.0299090147018433, -0.5680242776870728, 0.4770660102367401, -1.201395869255066, -0.4529101848602295, -0.75974440574646, 1.4726861715316772, -1.3675519227981567, -0.1625937670469284, 0.7670285105705261, 0.5387938618659973, -1.7947767972946167, 0.6588031649589539, -0.4123784899711609, 0.865318238735199, -0.3517175018787384, 2.60416841506958, -0.502996563911438, 0.6027388572692871, 0.2557542622089386, -0.01592729613184929, -0.2839030623435974, -1.3484797477722168, 0.49589744210243225, -1.7812020778656006, 0.2368568331003189, 1.0755833387374878, -0.10998234152793884, -0.7561830878257751, -0.3621610403060913, -0.8857608437538147, -1.5503365993499756, 2.2919161319732666, 1.455243706703186, -0.17627467215061188, -1.2278286218643188, 0.9638517498970032, -1.6330368518829346, -1.0605815649032593]",yunet,Facenet,1920,1080,/home/amos/media/tv/modern_family/Modern.Family.S09.1080p.DSNP.WEB-DL.DDP5.1.H.264-CRFW/Modern.Family.S09E21.The.Escape.1080p.DSNP.WEB-DL.DDP5.1.H.264-CRFW.mkv,Modern Family,2009,1442437,9,21,Chris Geere,62879.0,0.724
464,1032,456,1290,780,1242,582,1134,582,0.903,10152,1,"[-0.15274791419506073, -1.0758602619171143, 0.43642905354499817, 1.769659161567688, 0.8352851867675781, 0.6918339729309082, 0.24124397337436676, -1.418306827545166, -0.7912713885307312, 1.7315312623977661, -2.354687213897705, 0.5908066034317017, 1.4122241735458374, 0.050997138023376465, -0.1310918629169464, -0.045209042727947235, -0.27862349152565, 0.30641257762908936, -0.09359090030193329, 0.17049044370651245, -0.7637784481048584, 1.4550575017929077, 1.4971262216567993, 0.2936493754386902, 0.7805047035217285, 0.9220231771469116, 0.11378419399261475, -0.8133944869041443, 2.5021612644195557, 0.36661621928215027, -0.4413595497608185, -3.687044858932495, -2.0808327198028564, -0.7101824283599854, 2.1085565090179443, -0.5296193361282349, -1.2789679765701294, 1.290791630744934, -0.5876283049583435, -0.8659161329269409, -0.9662498831748962, 0.5605975985527039, 1.0756458044052124, 1.8497895002365112, 0.2896103858947754, -0.688214898109436, -0.12077978253364563, 0.7398474216461182, -0.2515704035758972, 0.648086428642273, -0.8549928069114685, 1.7209995985031128, 1.1980050802230835, -0.9151345491409302, -0.31487834453582764, -0.5277510285377502, 0.4129919409751892, 0.6235337257385254, 0.4983958601951599, 0.17964902520179749, 0.5865031480789185, -0.4595162868499756, -0.2656298875808716, 0.15124616026878357, -2.337648868560791, 2.00942063331604, -1.098382830619812, -0.2124510556459427, -0.4095005393028259, 0.31060555577278137, 0.9744369983673096, -0.21992017328739166, -0.32534366846084595, -0.5007401704788208, 1.5245579481124878, 0.18322543799877167, 0.3173987567424774, 1.2254117727279663, 0.2510632276535034, 0.030686110258102417, -1.3058314323425293, 0.3817709684371948, -0.41185832023620605, 1.58177649974823, 0.6839802861213684, -0.3656173348426819, 0.452614426612854, -1.5349901914596558, -0.08336851745843887, -2.0013697147369385, -0.5941008925437927, 0.7651511430740356, 0.04153845086693764, 0.8497158288955688, 0.8091107606887817, 0.15082098543643951, -0.6864693760871887, -0.61612868309021, -0.03396342694759369, -1.7287718057632446, 1.481162428855896, 1.341749668121338, 0.14969541132450104, 0.9024112820625305, 0.04392384737730026, 0.4673811197280884, -0.03006318025290966, -1.3266267776489258, -0.11264517158269882, -1.5387177467346191, 1.961080551147461, 1.3894332647323608, 0.6559174060821533, 1.1761891841888428, 0.02076537162065506, 1.0377352237701416, -0.792056679725647, 0.8809869885444641, -1.9897996187210083, 0.9985551834106445, 2.2719383239746094, -0.8570965528488159, -0.6531723737716675, -1.6771197319030762, -1.3365200757980347, 0.429370254278183, 1.8981876373291016, -1.5088896751403809]",yunet,Facenet,1920,1080,/home/amos/media/tv/modern_family/Modern.Family.S09.1080p.DSNP.WEB-DL.DDP5.1.H.264-CRFW/Modern.Family.S09E21.The.Escape.1080p.DSNP.WEB-DL.DDP5.1.H.264-CRFW.mkv,Modern Family,2009,1442437,9,21,Sarah Hyland,91351.0,0.67
465,1302,138,1518,432,1368,258,1332,246,0.906,10200,0,"[-0.0385604053735733, -1.6849631071090698, -0.5656465888023376, -1.0643545389175415, -0.2092047929763794, 0.9016391634941101, -1.4736205339431763, 0.9047497510910034, 0.33751147985458374, -0.43796372413635254, 1.0453128814697266, -0.2697971761226654, -0.11351238191127777, 0.6702369451522827, 0.8429381847381592, 0.3816486597061157, 0.36705079674720764, -0.25444337725639343, 1.0823087692260742, -0.012293500825762749, 0.748732328414917, -0.45316383242607117, 1.7264633178710938, -0.12282077223062515, 1.518648386001587, 0.12444181740283966, -0.7484983205795288, -0.044044673442840576, 1.528549075126648, -0.3336544632911682, 0.13021597266197205, 0.8088623881340027, 0.6118851900100708, 2.0702567100524902, 0.24868431687355042, 1.04025137424469, -0.03849811106920242, 0.054746076464653015, -0.32417553663253784, -0.5201594829559326, 0.568110466003418, 0.22465497255325317, -1.626240849494934, -1.5867819786071777, -0.7736450433731079, -1.0864551067352295, 0.024854928255081177, 0.2059813290834427, 0.6238614320755005, -0.2524104118347168, 0.37649810314178467, 0.1554434597492218, -1.6339137554168701, 0.3509729504585266, 0.2664090692996979, 0.15475189685821533, -0.1993941366672516, 0.8693318367004395, 0.30119797587394714, 0.4164862334728241, 1.0434510707855225, -1.595459222793579, 0.7057151198387146, 0.35704657435417175, 0.9098017811775208, -1.4434702396392822, 0.192608043551445, 1.1934432983398438, -0.36857593059539795, -0.3268289566040039, -0.24024005234241486, -0.0598929300904274, -0.8314645290374756, 1.4576504230499268, 0.9708479046821594, -0.35732051730155945, 0.8268235921859741, -0.20798517763614655, -1.1313542127609253, 0.17117933928966522, -1.9100573062896729, 0.41047894954681396, -0.04470429942011833, -0.35373297333717346, -0.8130219578742981, -0.519129753112793, 0.18332384526729584, -0.8900384306907654, -0.8110076189041138, -0.896342933177948, -0.2564665377140045, -0.36566197872161865, -0.4280039072036743, -0.7882543802261353, 0.5183371901512146, 0.0056310477666556835, -1.2218577861785889, 0.8838061690330505, 0.05313178151845932, 0.0678747221827507, -0.5003777146339417, -0.03904440253973007, -0.9051671028137207, 0.6588634848594666, 0.15998953580856323, 1.482143759727478, 0.24034500122070312, -1.163282871246338, 0.40073636174201965, -1.2956386804580688, -0.6724576354026794, -0.03571988642215729, 0.3364885151386261, -1.984471321105957, 2.372504472732544, -0.19263297319412231, 1.6931910514831543, -1.4048314094543457, -0.04502914100885391, 0.5453234910964966, -0.1780756562948227, 0.7417232990264893, 0.8142105937004089, 0.1605759561061859, 0.3162786364555359, 0.43111786246299744, -0.8450442552566528, 1.6538904905319214]",yunet,Facenet,1920,1080,/home/amos/media/tv/modern_family/Modern.Family.S09.1080p.DSNP.WEB-DL.DDP5.1.H.264-CRFW/Modern.Family.S09E21.The.Escape.1080p.DSNP.WEB-DL.DDP5.1.H.264-CRFW.mkv,Modern Family,2009,1442437,9,21,,,
466,288,186,492,462,468,300,390,300,0.908,10224,0,"[-0.12338288128376007, 0.5289288759231567, 1.1171612739562988, -1.5919780731201172, 1.4842805862426758, -0.6240949630737305, -0.555454671382904, 3.0931644439697266, 2.016369342803955, -0.747315526008606, 1.5119898319244385, 0.7765175104141235, -1.0108765363693237, 0.742377758026123, -1.475767731666565, 0.5612390637397766, -0.3751033842563629, 0.4018118977546692, 0.46429961919784546, -0.3078018128871918, -0.7952286005020142, -0.11822690814733505, 0.16184791922569275, 0.6116123199462891, 0.19586768746376038, 1.643471360206604, 2.2306230068206787, -0.44086259603500366, -1.5480650663375854, -0.27742722630500793, -1.0333260297775269, 0.818015992641449, -0.4979846775531769, -0.06375981122255325, -1.2100564241409302, 0.2168850600719452, -0.7970035672187805, -0.09512125700712204, -0.6382148861885071, 1.346497893333435, -0.594789445400238, -1.5996062755584717, 0.4587354362010956, 2.270796298980713, -0.84366774559021, -0.40038183331489563, -0.11745648086071014, -2.177351474761963, 0.08289040625095367, 0.27565377950668335, 0.15660764276981354, 0.24442341923713684, 0.9188395738601685, -0.914246678352356, 1.765480875968933, -2.561736583709717, 1.0971550941467285, 0.6571745872497559, -0.5491762161254883, -0.29226154088974, 0.16878658533096313, -0.20802022516727448, 0.6098811030387878, -0.4020591974258423, 0.7091689705848694, -0.921186625957489, -2.3089864253997803, -0.17303265631198883, -1.4704216718673706, 0.7957675457000732, -0.5008354187011719, 0.22312238812446594, -0.4149980843067169, 0.9901013970375061, 0.44028037786483765, -0.1462305635213852, -0.3002067804336548, 1.9491772651672363, 1.0074964761734009, 0.26466310024261475, -0.8226723670959473, -0.0008391719311475754, 1.054945945739746, -1.3317302465438843, -0.5847294330596924, 1.8492501974105835, -1.012293815612793, -0.3382039964199066, 0.18067066371440887, -0.4949570596218109, 0.2811140716075897, -0.9175183176994324, -1.4832956790924072, -1.7810790538787842, 1.526788592338562, -0.5566619038581848, -1.604487657546997, -0.34317129850387573, -0.3022725582122803, -1.604938268661499, -0.2929522395133972, 0.2549368739128113, -0.12210609018802643, -0.7082398533821106, -0.537351667881012, -0.6561259031295776, -0.2819582521915436, 1.2196623086929321, -0.6587138175964355, -0.04818398505449295, 0.9083508253097534, -0.8314968347549438, 1.4196851253509521, 0.729001522064209, -0.07845579832792282, 0.9717694520950317, 0.7241311073303223, -1.046088695526123, 1.5455451011657715, -0.606336772441864, -0.6184074878692627, 0.1913573294878006, -1.6042495965957642, -1.156261682510376, -0.37835198640823364, -1.267128586769104, -0.3735813498497009, -0.4620975852012634]",yunet,Facenet,1920,1080,/home/amos/media/tv/modern_family/Modern.Family.S09.1080p.DSNP.WEB-DL.DDP5.1.H.264-CRFW/Modern.Family.S09E21.The.Escape.1080p.DSNP.WEB-DL.DDP5.1.H.264-CRFW.mkv,Modern Family,2009,1442437,9,21,Kate Burton,20879.0,0.668
467,372,150,606,462,570,276,474,276,0.919,10248,0,"[0.5758695602416992, 1.2544405460357666, 0.9262962341308594, -1.0435789823532104, 2.072702407836914, -0.4781242311000824, -0.5758073329925537, 2.681692123413086, 1.5394103527069092, -1.0416240692138672, 2.448272705078125, 1.1008782386779785, -0.6538079380989075, 0.35553258657455444, -1.6919492483139038, 0.6616044640541077, 0.9262588024139404, 0.020465455949306488, 0.672889232635498, 1.219548225402832, -0.6161983013153076, 0.14138588309288025, 0.1858927607536316, 0.20829853415489197, 0.12866294384002686, 2.0686910152435303, 1.9910510778427124, -0.2609717845916748, -1.371942400932312, -1.1640838384628296, -0.6320614814758301, 0.7878707647323608, -0.761376678943634, -0.16324569284915924, -1.2063233852386475, 0.9306957125663757, -0.7114731073379517, -0.18068000674247742, -0.13967183232307434, 1.4302754402160645, -1.27577805519104, -0.9640014171600342, 0.7417371273040771, 2.331373691558838, -1.289780855178833, 0.21134212613105774, -0.574967086315155, -1.993238091468811, -0.3171389102935791, 0.3111441135406494, 0.8855531215667725, 0.7902378439903259, 0.4223048985004425, -0.541290283203125, 2.1092822551727295, -1.8930470943450928, 0.9816864728927612, 0.41330522298812866, -0.33750492334365845, -0.10566313564777374, 0.44595667719841003, -0.17755934596061707, 1.689204216003418, -0.15355581045150757, 0.9045259952545166, -1.1610499620437622, -2.2749879360198975, -0.32616400718688965, -1.2706217765808105, 1.2336355447769165, -0.7648163437843323, 0.16251027584075928, -1.563757300376892, 1.5410897731781006, 0.7813684344291687, 0.7202096581459045, -0.4678047001361847, 1.6634008884429932, 0.7307168841362, 0.036243095993995667, -0.13647761940956116, 0.6466752290725708, 0.9544088244438171, -0.7162262797355652, -0.2195914387702942, 1.5431400537490845, -1.0563433170318604, -0.7475603818893433, -0.6268918514251709, -1.3738327026367188, -0.23134702444076538, -0.9451389908790588, -0.744261622428894, -1.929963231086731, 1.2599899768829346, -1.0074577331542969, -1.1479610204696655, -0.976125180721283, -0.09561759233474731, -1.7120610475540161, -0.9937467575073242, 0.047305814921855927, -0.5573862195014954, -0.3681268095970154, -0.8322200179100037, -0.731497585773468, -0.16844038665294647, 1.467979073524475, -0.7676560878753662, -0.797607958316803, 1.1150909662246704, -0.5234769582748413, 2.0009655952453613, 0.6691500544548035, 0.3983537554740906, 1.544520378112793, 0.16751274466514587, -0.42355024814605713, 1.9271706342697144, -0.4413965344429016, -0.43364930152893066, 0.04758071154356003, -0.8865091800689697, -1.530501365661621, -0.08492130041122437, -1.531684160232544, -0.6027594208717346, -0.5691954493522644]",yunet,Facenet,1920,1080,/home/amos/media/tv/modern_family/Modern.Family.S09.1080p.DSNP.WEB-DL.DDP5.1.H.264-CRFW/Modern.Family.S09E21.The.Escape.1080p.DSNP.WEB-DL.DDP5.1.H.264-CRFW.mkv,Modern Family,2009,1442437,9,21,Kate Burton,20879.0,0.634
468,552,198,798,516,768,330,660,330,0.923,10272,0,"[0.4278145134449005, 0.5677639245986938, 0.7445348501205444, -0.30095210671424866, 1.2071915864944458, 0.05511246621608734, -0.28386563062667847, 2.2032036781311035, 1.1544393301010132, -0.8099013566970825, 0.6121476888656616, 0.8518891930580139, 0.011312924325466156, 1.2491731643676758, 0.4820708632469177, -0.2239280641078949, 0.0017278343439102173, 0.27742767333984375, 0.23648439347743988, 1.0312491655349731, -1.0490731000900269, 0.010447950102388859, 1.500633955001831, 1.091765284538269, 1.1544171571731567, 1.890952229499817, 1.26751708984375, -0.12211504578590393, -1.1178663969039917, -1.872363805770874, -1.1065828800201416, 1.4604856967926025, -2.591233015060425, 1.111467719078064, -1.2337837219238281, -0.2580949664115906, 0.3450619578361511, -0.8982374668121338, -0.7029621005058289, 0.5907620191574097, -0.18872036039829254, -0.3576856851577759, 1.0819963216781616, 1.4588295221328735, -1.93923819065094, -0.024734914302825928, -0.3557685613632202, -2.8507838249206543, -0.005534112453460693, 1.5196802616119385, 1.7789890766143799, -0.39917418360710144, 0.6094174385070801, -0.7950752377510071, 1.8294072151184082, -2.927079677581787, -0.11466701328754425, -0.3109305202960968, -0.6807587146759033, -1.0635640621185303, 0.17002582550048828, -1.2681177854537964, 2.2995128631591797, -1.0876190662384033, -0.777036726474762, -1.5447824001312256, -2.0014681816101074, 0.4947854280471802, -1.0536363124847412, 0.6793206930160522, -1.0428415536880493, 1.2168312072753906, -0.21328900754451752, 0.9638271927833557, -0.3903571367263794, 0.5848520994186401, -0.5332223773002625, 1.1665931940078735, -0.5017739534378052, 0.15752072632312775, -1.3786028623580933, 1.329720377922058, -0.3397526144981384, 0.03274022042751312, -0.710870623588562, 0.7463086843490601, 0.0011361893266439438, -1.057604432106018, -0.04619977995753288, -0.5673729777336121, 0.6044434905052185, -2.5394606590270996, -1.3731621503829956, -0.5782853960990906, 0.8904426693916321, -1.1532078981399536, 0.07711635529994965, 0.6087315678596497, 1.1813843250274658, -1.6325466632843018, 0.20527715981006622, 0.2227853536605835, -0.12108348309993744, -0.6120114922523499, -1.0573643445968628, -0.5964224338531494, -1.4180855751037598, 1.103834629058838, -1.0022571086883545, -0.12841597199440002, 0.8446558117866516, 0.2877485156059265, 2.630829334259033, -0.827416181564331, 1.362702488899231, 1.0855780839920044, 0.028225023299455643, -1.9467673301696777, 0.7245870232582092, -0.7769267559051514, -0.8275864720344543, -0.5038111209869385, -0.4227399230003357, -0.9234118461608887, -1.1653528213500977, -1.1783262491226196, -0.9306854009628296, -0.04690348729491234]",yunet,Facenet,1920,1080,/home/amos/media/tv/modern_family/Modern.Family.S09.1080p.DSNP.WEB-DL.DDP5.1.H.264-CRFW/Modern.Family.S09E21.The.Escape.1080p.DSNP.WEB-DL.DDP5.1.H.264-CRFW.mkv,Modern Family,2009,1442437,9,21,Kate Burton,20879.0,0.737
469,1296,90,1542,420,1392,216,1332,216,0.91,10296,0,"[-0.5713810920715332, -2.86213755607605, -0.009039275348186493, -1.1744294166564941, -0.19548587501049042, 1.0801758766174316, 0.19215984642505646, 1.32042396068573, 0.05749931186437607, -0.6826067566871643, 0.9059225916862488, -0.2095356285572052, -0.9016538858413696, 0.6991442441940308, -0.05333074927330017, -1.0869452953338623, 0.1790584921836853, -0.14533631503582, -0.14989246428012848, -0.39654767513275146, 0.6361439228057861, -2.4526774883270264, 1.548189640045166, -1.9884241819381714, 0.3642936944961548, -0.5422619581222534, 0.7084838151931763, -1.4018902778625488, -0.699874997138977, -0.7987580895423889, -0.5320882797241211, 1.7181624174118042, -0.1556033045053482, 0.7245092391967773, -0.7342073321342468, 0.6678069233894348, -0.815696120262146, 0.16661788523197174, 0.11284833401441574, -1.9597434997558594, 0.8084041476249695, 0.9365658760070801, -2.1629559993743896, -1.5112699270248413, 0.3684609532356262, -2.5517895221710205, 0.1388438194990158, 1.1130105257034302, 0.6075659990310669, 0.5519951581954956, 0.09058119356632233, -0.05221009626984596, -0.9171070456504822, -0.9728512167930603, 1.4096482992172241, -0.8902806639671326, 0.6633103489875793, 1.6741570234298706, -0.19174933433532715, -0.4719483256340027, 0.37776681780815125, -1.7607300281524658, 0.6774513125419617, 1.6614786386489868, 1.1516087055206299, -0.3527010679244995, -0.6031310558319092, 1.2122150659561157, -0.29476165771484375, 0.2705312669277191, -1.5359797477722168, 0.5061320066452026, -1.9878830909729004, 1.3007545471191406, 1.370413899421692, -0.7675163745880127, -1.6786025762557983, -0.0603862889111042, -1.4497443437576294, 0.2835332751274109, -2.7625508308410645, 0.9534391164779663, -0.03505586087703705, -1.1769601106643677, -0.04810676723718643, 0.7506897449493408, 0.7811398506164551, -0.6273602843284607, -2.0994913578033447, -0.26822829246520996, -0.38071998953819275, 0.039513953030109406, -0.48367902636528015, 0.4692012667655945, 0.40809592604637146, 0.7372522354125977, -1.4871721267700195, 0.6754243969917297, 0.5451256036758423, 0.5491794943809509, -1.383838176727295, -0.3321191668510437, -0.5723039507865906, -0.2203579545021057, 0.39603662490844727, 0.3683992624282837, -0.06027011573314667, 0.1334236115217209, 0.32661327719688416, -0.6929525136947632, -0.9170752167701721, -0.14644281566143036, 0.35940980911254883, -1.2234141826629639, 0.27690789103507996, 1.7972170114517212, 1.2090752124786377, -0.8799710869789124, -1.2744572162628174, 0.20431846380233765, -0.3653600811958313, 0.7174006700515747, 0.4829014539718628, -0.26201581954956055, -1.2646687030792236, -0.49746161699295044, -2.402435302734375, 0.19893470406532288]",yunet,Facenet,1920,1080,/home/amos/media/tv/modern_family/Modern.Family.S09.1080p.DSNP.WEB-DL.DDP5.1.H.264-CRFW/Modern.Family.S09E21.The.Escape.1080p.DSNP.WEB-DL.DDP5.1.H.264-CRFW.mkv,Modern Family,2009,1442437,9,21,Chris Geere,62879.0,0.658
470,366,150,552,414,534,246,510,252,0.908,10296,1,"[0.045037075877189636, -0.42495936155319214, 1.5397179126739502, -0.448932409286499, 1.5369511842727661, -0.904998242855072, 0.5280076861381531, 1.754319429397583, 0.5736476182937622, -0.7601602673530579, 1.2444736957550049, -0.13744822144508362, 0.2046070545911789, 0.5815160274505615, -1.0411642789840698, 0.3947680592536926, -0.500218391418457, -0.4547584652900696, 1.1249257326126099, 0.8299518823623657, -1.1993991136550903, 0.7652081847190857, 0.1788611114025116, 0.4390316307544708, -1.2314786911010742, 1.4107130765914917, 1.3940080404281616, 0.3119491934776306, -2.057619333267212, -0.6825987100601196, 0.03687918931245804, 0.649211585521698, -1.275658130645752, 1.943164348602295, -1.1600021123886108, 0.43531879782676697, -0.6171608567237854, -0.6356831192970276, 1.1465566158294678, 0.3707868158817291, -0.2307792603969574, -0.2265673130750656, 1.366995930671692, 0.48674994707107544, -1.3867638111114502, -0.7693100571632385, 0.2715804874897003, -2.098325729370117, -1.3431178331375122, 0.7671403884887695, 0.8985652923583984, -0.12709473073482513, -0.0555306002497673, -0.16510532796382904, 0.5382539629936218, -2.3865389823913574, 1.3385553359985352, 0.10041302442550659, -1.6725081205368042, -0.47346949577331543, 0.16367188096046448, -1.0025875568389893, 1.2127394676208496, -0.7436677813529968, -0.32942119240760803, -1.340527892112732, -0.7671064734458923, -0.16589224338531494, -1.9989571571350098, 2.1858365535736084, 0.0011305599473416805, 0.16387087106704712, -0.5157032608985901, 1.1965655088424683, -0.3203793168067932, 1.8489885330200195, -0.6816405057907104, 0.9548317790031433, 0.598341166973114, 0.30874574184417725, 0.06592617928981781, 1.1868088245391846, 1.5819374322891235, -0.4213748574256897, -0.4394611418247223, 0.6417227983474731, 1.1515618562698364, 0.7486881613731384, -0.040957871824502945, -0.04989521577954292, -0.6955719590187073, -1.306808352470398, -1.2528693675994873, 0.06804511696100235, 1.4894323348999023, -2.2536747455596924, -1.8103983402252197, 0.21035107970237732, 0.9818102717399597, -0.934890627861023, 0.45476019382476807, -0.9324894547462463, -1.0469175577163696, -0.30181649327278137, 0.41152870655059814, 0.14749810099601746, -0.5706532597541809, 1.4699217081069946, -1.5143461227416992, -0.8628142476081848, 1.8012787103652954, -0.7405000925064087, 1.1966688632965088, 0.8070195913314819, 0.5102459192276001, 0.3610035181045532, 0.2848038673400879, -1.5374709367752075, 0.7297513484954834, -0.9837487936019897, -0.6337054371833801, 0.629773736000061, -1.677100419998169, -0.14061836898326874, 0.3916512131690979, -1.4108086824417114, -1.3142503499984741, -0.5596316456794739]",yunet,Facenet,1920,1080,/home/amos/media/tv/modern_family/Modern.Family.S09.1080p.DSNP.WEB-DL.DDP5.1.H.264-CRFW/Modern.Family.S09E21.The.Escape.1080p.DSNP.WEB-DL.DDP5.1.H.264-CRFW.mkv,Modern Family,2009,1442437,9,21,Kate Burton,20879.0,0.566
471,1266,84,1488,402,1350,210,1308,210,0.906,10320,0,"[0.04490556940436363, -1.4846725463867188, -1.1406335830688477, -0.8926922082901001, 0.5062592029571533, 1.4890424013137817, -0.3724616765975952, 0.6156479716300964, 0.2519257366657257, -0.08551620692014694, 0.2632203698158264, -0.39694344997406006, -0.6895957589149475, 0.4305759370326996, 0.21537703275680542, 0.17466916143894196, 0.13454677164554596, -0.4891992211341858, -0.32917699217796326, -0.3034837245941162, 0.2799292206764221, 0.24471531808376312, 1.1924471855163574, -1.828090786933899, 2.069446086883545, 0.6741565465927124, 0.6369129419326782, -0.6593368053436279, -0.08839039504528046, -0.5626974701881409, 0.21817439794540405, 1.8170701265335083, -0.27573782205581665, 0.8819345235824585, 0.9279311299324036, 0.9543987512588501, 0.1939622163772583, 0.3549689054489136, 0.11262159049510956, -0.8407976627349854, 0.4647204577922821, 1.223588228225708, -2.0848307609558105, -1.4970320463180542, 0.7548372745513916, -2.126477003097534, -0.40819334983825684, 1.5284479856491089, -0.07217483222484589, 1.4190233945846558, 0.08963893353939056, 0.5552864074707031, -0.7814167141914368, 0.6719741225242615, 0.4674959182739258, -1.02811861038208, 0.5007348656654358, 0.7382313013076782, -0.802089512348175, -1.208228349685669, 1.5798951387405396, -1.6405174732208252, -0.22234293818473816, 1.6029560565948486, 0.6779754757881165, -1.644225835800171, -0.7809960842132568, 0.49377885460853577, -0.6271142363548279, -1.7520133256912231, -0.9975757002830505, -0.3832179009914398, -1.533733606338501, 0.571227490901947, 2.2893474102020264, -1.4213218688964844, -0.02384534478187561, 0.8284936547279358, -0.3313122093677521, 0.14212380349636078, -2.393707275390625, 1.3929035663604736, 0.06974884122610092, -0.23735149204730988, -1.0444869995117188, 0.8528156280517578, 1.7228939533233643, -0.6118026375770569, -0.6119272708892822, -0.7827218770980835, -1.9533084630966187, -0.07248931378126144, -0.21603111922740936, -0.8105922341346741, 2.3292667865753174, 1.0537469387054443, -1.1674857139587402, -0.6789044737815857, 0.37165918946266174, 0.6829419732093811, -0.341286301612854, 1.6426427364349365, -2.3363542556762695, -0.9306594133377075, 0.24905434250831604, 0.4612782597541809, -0.08828325569629669, 0.07297968119382858, 1.7622392177581787, -1.9249505996704102, -1.276000738143921, -0.5439549684524536, 0.851577639579773, -1.1966843605041504, 0.6218200922012329, 2.2751755714416504, 0.3768048584461212, -0.3067513704299927, -1.3850688934326172, 0.036984290927648544, -0.606435239315033, 0.2676846981048584, 1.2965863943099976, -0.5125208497047424, 0.2194616198539734, 0.134616881608963, -1.1789823770523071, 0.702178418636322]",yunet,Facenet,1920,1080,/home/amos/media/tv/modern_family/Modern.Family.S09.1080p.DSNP.WEB-DL.DDP5.1.H.264-CRFW/Modern.Family.S09E21.The.Escape.1080p.DSNP.WEB-DL.DDP5.1.H.264-CRFW.mkv,Modern Family,2009,1442437,9,21,Chris Geere,62879.0,0.537
472,318,246,558,564,534,378,426,372,0.924,10344,0,"[1.3528300523757935, 1.189487338066101, 0.2545364499092102, -1.0558643341064453, 1.2195630073547363, -0.20213629305362701, -1.1638014316558838, 2.0196409225463867, 1.1288663148880005, 0.11896800994873047, 0.2805776298046112, 0.46966126561164856, 0.04432772099971771, 1.1334285736083984, 0.25071191787719727, -0.44693440198898315, -0.15650945901870728, -0.25761234760284424, 1.2025262117385864, 0.27388128638267517, -1.1896592378616333, 0.07412778586149216, 1.4603859186172485, 0.7614856958389282, 1.1289347410202026, 1.7688769102096558, 1.2255529165267944, 0.3858368396759033, -0.9336315393447876, -1.2949988842010498, -1.5216805934906006, 1.4363852739334106, -2.3049333095550537, 0.8213776350021362, -1.2512786388397217, -0.6392985582351685, 1.013296365737915, 0.2597511112689972, -0.20694538950920105, 0.5597507953643799, -0.09712868183851242, -0.8030432462692261, 0.771632194519043, 1.5064057111740112, -2.0367560386657715, -0.25139564275741577, -0.5666815638542175, -2.6333489418029785, 0.9523525834083557, 1.0090551376342773, 1.0286709070205688, 0.08823112398386002, 0.22811779379844666, -0.4537339210510254, 1.3570841550827026, -3.0005156993865967, -0.279157429933548, -0.6784016489982605, -0.30496707558631897, -0.5169106125831604, -0.05350375175476074, -1.088858962059021, 1.6588534116744995, -1.4222424030303955, -1.1101620197296143, -1.0799700021743774, -2.2519304752349854, 0.5135083794593811, -0.764167070388794, 0.7848438024520874, -1.492495059967041, 1.0339125394821167, -0.27197325229644775, 0.5854511260986328, -0.4120642840862274, 0.9527612328529358, -0.4115968346595764, 0.7479022741317749, 0.07092047482728958, -0.5429396629333496, -0.8182820677757263, 1.273411512374878, 0.32113760709762573, 0.15891875326633453, -0.846149742603302, 0.6280096769332886, -0.6664722561836243, -0.8438193798065186, 0.08784946799278259, -0.4640161693096161, 0.5469416975975037, -2.6049931049346924, -1.0499240159988403, -1.314245343208313, 1.3265517950057983, -1.056679368019104, -0.362586110830307, 0.6533369421958923, 0.75373375415802, -1.9655125141143799, 0.41838258504867554, 0.1703760027885437, -0.35687944293022156, -0.9161412119865417, -1.187628149986267, 0.3432692289352417, -0.8679922223091125, 1.2117446660995483, -1.0139079093933105, -0.015538825653493404, 0.828130841255188, -0.3439250588417053, 0.8723747730255127, -0.6275467276573181, 1.3153076171875, 0.7922343015670776, -0.41482552886009216, -2.4751596450805664, 0.9260822534561157, -0.34360605478286743, -0.3857400417327881, -0.22770607471466064, -0.9476135969161987, -0.6068316698074341, -0.7352955937385559, -1.3665814399719238, -0.049054451286792755, 0.09445708990097046]",yunet,Facenet,1920,1080,/home/amos/media/tv/modern_family/Modern.Family.S09.1080p.DSNP.WEB-DL.DDP5.1.H.264-CRFW/Modern.Family.S09E21.The.Escape.1080p.DSNP.WEB-DL.DDP5.1.H.264-CRFW.mkv,Modern Family,2009,1442437,9,21,Kate Burton,20879.0,0.747
473,1266,66,1500,384,1356,198,1302,198,0.913,10344,1,"[-0.3822188675403595, -2.221446990966797, -0.3716318905353546, 0.22493737936019897, 0.3401206135749817, 1.391487956047058, 0.32294079661369324, -0.07561255991458893, 0.7545555830001831, -0.6204520463943481, 0.7195818424224854, -1.492470622062683, 0.3363341689109802, -0.3853001296520233, -0.8688274621963501, -0.3785111904144287, -0.32016462087631226, -1.0107476711273193, -0.8730564713478088, 0.8176683187484741, 1.3729699850082397, -0.3794737756252289, 0.9290015697479248, -1.5145840644836426, 0.793546736240387, 0.6090908050537109, 1.142176866531372, -0.48692435026168823, 0.20146502554416656, -0.8279157280921936, -0.07534563541412354, 1.640336036682129, -0.24920806288719177, 0.7720456123352051, -0.16579876840114594, 0.8405970335006714, -0.9306097626686096, -0.7874782681465149, -0.06403866410255432, -1.5829395055770874, 0.9912042021751404, 0.46381232142448425, -1.5378177165985107, -1.8126301765441895, 0.5735065340995789, -2.2409322261810303, 0.47468116879463196, 1.6391669511795044, -0.9382889270782471, 0.43813955783843994, -0.5423005223274231, 0.5535141825675964, -1.7042863368988037, 0.5897957682609558, 0.37905362248420715, -0.6367812752723694, 1.3896044492721558, 1.2428107261657715, -0.9834580421447754, -0.621635377407074, 0.6082260608673096, -1.6665863990783691, 0.3760797679424286, 2.042991876602173, 0.10718566924333572, -0.43346142768859863, 0.104070745408535, 0.38835829496383667, -0.6090273261070251, -1.1126505136489868, -0.6302918195724487, -0.9187036752700806, -1.4864232540130615, 1.6716630458831787, 1.6733094453811646, -0.2967454493045807, -0.4929249584674835, 0.42790451645851135, -0.27469709515571594, 0.28113293647766113, -1.6925787925720215, 0.8359394073486328, 0.8545207381248474, -0.9036802649497986, 0.4172055423259735, 0.42213180661201477, 1.501397728919983, -0.18727019429206848, -0.6925803422927856, -1.3300120830535889, -1.5379589796066284, -0.15521764755249023, 0.6007095575332642, 0.33500373363494873, 1.6050102710723877, 1.0677244663238525, -2.4393532276153564, -0.002312730997800827, -0.5243048667907715, -0.37777432799339294, -0.36290180683135986, 0.4028366804122925, -1.4260064363479614, -0.28876641392707825, 0.23854166269302368, 0.5113224387168884, 0.6624470353126526, -0.06455545127391815, 1.087954044342041, -1.43878972530365, -0.6465622782707214, -0.17014627158641815, 0.7401787042617798, -0.7289762496948242, -0.16743016242980957, 1.9949207305908203, 0.4704788327217102, -0.5624598264694214, -1.7789682149887085, 0.38508307933807373, 0.12020428478717804, 1.0773615837097168, 1.2889289855957031, -0.5167204737663269, 0.3085012435913086, 0.40230080485343933, -0.5378312468528748, 0.9662582874298096]",yunet,Facenet,1920,1080,/home/amos/media/tv/modern_family/Modern.Family.S09.1080p.DSNP.WEB-DL.DDP5.1.H.264-CRFW/Modern.Family.S09E21.The.Escape.1080p.DSNP.WEB-DL.DDP5.1.H.264-CRFW.mkv,Modern Family,2009,1442437,9,21,Chris Geere,62879.0,0.512
474,330,228,552,510,510,348,402,348,0.926,10368,0,"[0.7247135639190674, 0.6121454238891602, 1.456674575805664, -0.6371982097625732, 1.0856701135635376, 0.4037543535232544, -0.6550566554069519, 2.0131618976593018, 0.7048289179801941, -0.8199142217636108, -0.28739622235298157, 0.36886611580848694, 0.32087844610214233, 1.5283331871032715, -0.8528656959533691, -0.5293332934379578, -0.6840435266494751, -0.2560569643974304, 1.431322455406189, 0.12833870947360992, -1.4012058973312378, 1.157754898071289, 0.9407448768615723, -0.20492249727249146, 0.5461320281028748, 2.142502546310425, 0.7450746297836304, -0.3795371651649475, -0.08952601253986359, -1.1595048904418945, -1.1284130811691284, 1.1076908111572266, -2.308567762374878, 0.45415204763412476, -0.9907321929931641, -0.5004411935806274, 0.09519881755113602, 0.14710628986358643, -0.2524077892303467, -0.31041786074638367, 0.15650047361850739, 0.3744548261165619, 0.5427477359771729, 1.9359111785888672, -1.515696406364441, -0.3521159887313843, -0.12102176249027252, -2.20281720161438, 0.43290776014328003, 1.720640778541565, 1.1521052122116089, 0.21313007175922394, 0.6589338779449463, -0.22024661302566528, 0.9194988012313843, -3.119981050491333, 0.3024224042892456, -1.5474649667739868, -1.2205873727798462, 0.8790329694747925, 0.24192923307418823, -1.2297565937042236, 1.312653660774231, -0.979408860206604, -1.1500312089920044, -1.1992312669754028, -1.8250384330749512, 0.5564234852790833, -0.6884311437606812, 1.2433080673217773, -1.9432966709136963, 1.982224941253662, -1.574674367904663, 0.44513994455337524, 0.15395396947860718, 1.2613716125488281, -1.4096835851669312, 1.0372799634933472, 0.8711491823196411, -0.16227717697620392, -0.7073467373847961, 1.2932945489883423, 0.6311585307121277, -0.313829630613327, -0.3824234902858734, 0.027718007564544678, 0.44289064407348633, -0.4220985770225525, -0.17949095368385315, -0.793696403503418, 0.057098306715488434, -1.0854049921035767, -1.2708953619003296, -1.426669716835022, 1.6388863325119019, -0.555562436580658, -0.9001423716545105, 0.6726966500282288, 1.7991454601287842, -2.539994239807129, 1.2476125955581665, -0.2676205337047577, -1.0202776193618774, -0.6121067404747009, -0.07577228546142578, 0.34595048427581787, -1.4330767393112183, 1.4454210996627808, -1.3054280281066895, -1.465155839920044, 1.0011639595031738, -0.946121871471405, 0.6884027719497681, -0.07243012636899948, 0.6781524419784546, 1.0221365690231323, -0.16713713109493256, -1.7823134660720825, 0.627511203289032, -0.3289307653903961, 0.020241647958755493, -0.6163686513900757, -1.3234375715255737, 0.3057572543621063, 0.006958570331335068, -2.0112318992614746, -1.3644487857818604, -0.048828043043613434]",yunet,Facenet,1920,1080,/home/amos/media/tv/modern_family/Modern.Family.S09.1080p.DSNP.WEB-DL.DDP5.1.H.264-CRFW/Modern.Family.S09E21.The.Escape.1080p.DSNP.WEB-DL.DDP5.1.H.264-CRFW.mkv,Modern Family,2009,1442437,9,21,Kate Burton,20879.0,0.723
475,1314,96,1566,438,1386,240,1350,240,0.905,10368,1,"[-0.5829170942306519, -2.388423204421997, -0.5573741793632507, -1.2268595695495605, 0.6991229057312012, 0.48991861939430237, -0.8094380497932434, 1.1239869594573975, 0.35111138224601746, 0.1642247438430786, 1.3095684051513672, -0.5564342737197876, -0.5901969075202942, -0.3676207959651947, 0.5900092124938965, -0.2583099901676178, 0.67650306224823, -1.1625018119812012, 1.019991397857666, 0.765784502029419, 1.130770206451416, -1.9033548831939697, 1.644065260887146, -0.5521845817565918, 0.5297348499298096, -0.18194863200187683, 1.5640413761138916, -0.8718110918998718, -0.008308902382850647, -0.3630789816379547, -1.0139282941818237, 2.118856191635132, -0.16103412210941315, 0.692311704158783, -0.14847441017627716, 0.00927622988820076, 0.25517547130584717, 0.8004325032234192, 0.43575209379196167, -1.6338486671447754, -0.5155636072158813, 0.247422456741333, -2.209174394607544, -1.330641269683838, -0.150129497051239, -2.4381327629089355, 0.25399526953697205, 1.246375322341919, 0.4679153561592102, 1.3763729333877563, -0.015953466296195984, 1.1293827295303345, -0.58942049741745, -0.42519932985305786, 0.6939571499824524, -1.4617713689804077, 0.47100427746772766, 2.2533204555511475, -0.720930814743042, 0.7427256107330322, 0.7378448843955994, -1.6551532745361328, -0.054661527276039124, 1.0246102809906006, 0.020145799964666367, -0.7705183625221252, 0.09229075163602829, 0.21714232861995697, -0.011219285428524017, -0.7403287887573242, -0.7826879024505615, -2.0650432109832764, -1.9659385681152344, 2.550783634185791, 1.319077730178833, -0.2476135790348053, -0.4806281328201294, -0.13960015773773193, -1.249515414237976, -0.7384787201881409, -2.289780616760254, 1.0399813652038574, 0.20006915926933289, -0.6435230374336243, -0.3723568022251129, 1.3169550895690918, 1.6432870626449585, -1.095819354057312, -1.7042357921600342, -1.4093921184539795, -1.9918047189712524, 0.10126199573278427, -0.09510119259357452, -0.09649325162172318, 1.5040632486343384, 1.1643097400665283, -2.8356707096099854, -0.2632341980934143, -1.3844513893127441, 0.00632389634847641, -1.2237564325332642, -0.15106770396232605, -0.7659664154052734, -1.2350783348083496, -0.020776402205228806, -0.3189657926559448, 0.7753806710243225, -0.33989158272743225, 1.5326567888259888, -1.108501672744751, -1.189376950263977, -1.321824550628662, 0.4049779176712036, -1.3309414386749268, -0.2775236964225769, 1.3340309858322144, 0.5240414142608643, -1.0973268747329712, -2.0925936698913574, 1.47260582447052, -0.743648111820221, 0.0833808034658432, -0.20684288442134857, -0.4212084710597992, -0.3437473773956299, 1.2327533960342407, -0.5570101141929626, 0.3266868591308594]",yunet,Facenet,1920,1080,/home/amos/media/tv/modern_family/Modern.Family.S09.1080p.DSNP.WEB-DL.DDP5.1.H.264-CRFW/Modern.Family.S09E21.The.Escape.1080p.DSNP.WEB-DL.DDP5.1.H.264-CRFW.mkv,Modern Family,2009,1442437,9,21,Chris Geere,62879.0,0.541
476,1290,420,1506,702,1434,534,1332,534,0.933,10392,0,"[-1.3209301233291626, -0.7366167306900024, 0.07540637254714966, 2.1315503120422363, 2.150294065475464, 0.19839033484458923, 0.3021034002304077, 0.36318105459213257, -0.4265393316745758, 1.8597376346588135, -1.3017258644104004, 0.9408079981803894, -0.8661832809448242, 0.49897846579551697, -0.657498836517334, 0.04361793398857117, -0.5624300241470337, 0.19983811676502228, -1.5209726095199585, 0.4794612526893616, -1.0319195985794067, -0.06827111542224884, 1.9421645402908325, -0.2146073877811432, -0.29767122864723206, 0.36952197551727295, 0.9997022151947021, -0.8770840167999268, 2.2077383995056152, 1.1356871128082275, 0.15200293064117432, -2.3723509311676025, -0.8677276968955994, -1.7114189863204956, 0.9533355832099915, -0.3534497618675232, -2.3063573837280273, 1.1632426977157593, -2.168853521347046, -1.4090975522994995, -0.4867326617240906, -0.9139928221702576, 0.3918607532978058, 2.623673915863037, 0.7436094284057617, -1.4055830240249634, 0.40296846628189087, 0.339682400226593, -1.6379916667938232, 0.48263227939605713, -0.23365457355976105, 1.68367338180542, 1.2705780267715454, 0.7688734531402588, -1.354857087135315, -0.2532516121864319, -0.11673140525817871, 0.025665123015642166, -0.9913796186447144, 0.45005229115486145, -0.013642624020576477, 0.6650975346565247, -0.36737558245658875, 0.334511935710907, -0.815389096736908, 1.1183921098709106, -1.4400677680969238, 1.4961520433425903, 0.518974781036377, 1.731931209564209, -0.151618093252182, -0.11307081580162048, -0.9558349251747131, 0.8779119849205017, 1.2120964527130127, -0.07968617975711823, 0.9450863599777222, 0.08427540957927704, 0.07924842089414597, -0.38686466217041016, -0.5619733333587646, 0.5912520885467529, 0.6768664121627808, 0.48512396216392517, 0.06734530627727509, -0.08079928904771805, 1.4213207960128784, -1.5188130140304565, -0.22154901921749115, -1.6390336751937866, -1.6870055198669434, -0.556858479976654, 0.4282395541667938, -0.12675312161445618, 0.36804842948913574, -0.5066084861755371, 0.016208384186029434, -0.35227474570274353, 0.43165504932403564, -0.6721071004867554, -1.1474902629852295, 1.5538591146469116, -0.4721149206161499, 1.9886195659637451, 1.613869309425354, -0.08759172260761261, 0.48416534066200256, -0.6639690399169922, 0.7301861047744751, -0.0872795358300209, 0.7249087691307068, 1.789322018623352, 0.33308613300323486, 0.7732492089271545, -1.1615214347839355, 1.0128326416015625, -0.9159647226333618, 0.7392905950546265, -1.6177910566329956, -1.6222320795059204, 2.629528284072876, -0.09324873983860016, -0.7739531397819519, -0.19206316769123077, -0.19364680349826813, -0.6490086317062378, 0.021966947242617607, 0.9904849529266357]",yunet,Facenet,1920,1080,/home/amos/media/tv/modern_family/Modern.Family.S09.1080p.DSNP.WEB-DL.DDP5.1.H.264-CRFW/Modern.Family.S09E21.The.Escape.1080p.DSNP.WEB-DL.DDP5.1.H.264-CRFW.mkv,Modern Family,2009,1442437,9,21,Sarah Hyland,91351.0,0.565
477,768,150,978,426,954,270,900,264,0.918,10392,1,"[-0.2954934537410736, -2.2487101554870605, -0.8754186630249023, -1.479007363319397, 0.651580810546875, 0.940365731716156, -0.34204739332199097, 1.0785863399505615, 0.7323908805847168, 0.4849325120449066, 1.6444188356399536, -1.381351351737976, -0.8945140242576599, -0.38357359170913696, -0.017467863857746124, -0.9942333102226257, -0.3174020051956177, -0.6727350354194641, 1.6933772563934326, -0.8434625864028931, 0.03898255527019501, -1.6663051843643188, 0.4375286400318146, -0.483391135931015, -0.6383181810379028, -0.3247314691543579, 0.41142508387565613, -2.0012593269348145, 0.13638801872730255, -0.6481520533561707, -0.1458427757024765, 0.38871142268180847, 0.2530865967273712, 0.3797628581523895, 0.43587759137153625, 1.4271845817565918, -0.46354156732559204, 1.903850793838501, 1.80393648147583, -1.774368166923523, 1.4476970434188843, 0.9062156081199646, -1.8222121000289917, -1.3829410076141357, -0.3767215609550476, -1.7295942306518555, 0.06383103132247925, 1.0200949907302856, 1.232829213142395, -0.3376942574977875, -1.0424866676330566, 1.453960657119751, -0.8030126690864563, 0.1804685741662979, 0.020943913608789444, -0.5430768728256226, 0.7660648226737976, 1.6338595151901245, -1.457127571105957, 0.03338602930307388, 0.3793219327926636, -1.5215702056884766, 0.06781215965747833, 0.9404548406600952, 0.8529413938522339, 0.7749224305152893, 0.42288511991500854, 0.16131679713726044, 1.1113636493682861, 0.34205594658851624, -0.13172191381454468, -0.743152379989624, -3.2144968509674072, 1.227989912033081, 0.5087766647338867, -0.6925694942474365, -2.1221134662628174, -0.36172518134117126, -1.0591527223587036, 0.5312820672988892, -0.7039573788642883, -0.19297462701797485, 2.1325316429138184, -1.1273291110992432, -0.7232173681259155, 1.1138558387756348, 0.3079424798488617, 1.443510890007019, -1.689742922782898, -0.6587153077125549, -0.8409872055053711, 0.14937207102775574, 0.2845025360584259, 1.7829872369766235, 0.5557000637054443, 1.0258100032806396, -2.8452272415161133, -0.09975612163543701, -0.31347495317459106, 1.323387861251831, -1.9257049560546875, -0.20654842257499695, -0.6734249591827393, 0.5159355998039246, 0.4483162760734558, 1.274048924446106, 0.6941437125205994, 0.16076284646987915, -0.03575363755226135, -1.1148602962493896, -0.4544665217399597, -1.095513105392456, -1.0638103485107422, -0.6435288786888123, -0.8449965119361877, 0.6721528768539429, 0.5539525747299194, -1.4182618856430054, -0.5108290910720825, 0.23866291344165802, -1.4371658563613892, 1.1722450256347656, -0.07827839255332947, -0.6754068732261658, -0.752835214138031, 0.49526068568229675, -0.7877976298332214, -0.389576256275177]",yunet,Facenet,1920,1080,/home/amos/media/tv/modern_family/Modern.Family.S09.1080p.DSNP.WEB-DL.DDP5.1.H.264-CRFW/Modern.Family.S09E21.The.Escape.1080p.DSNP.WEB-DL.DDP5.1.H.264-CRFW.mkv,Modern Family,2009,1442437,9,21,Chris Geere,62879.0,0.603
478,1254,180,1410,384,1356,258,1284,258,0.912,10392,2,"[-0.21723854541778564, 1.5902268886566162, -0.1995079070329666, -0.4243145287036896, 0.22520838677883148, -0.33822405338287354, -2.6563849449157715, 1.4553302526474, 0.00849495455622673, -0.9352801442146301, -1.0927938222885132, 0.11086414009332657, 0.7887799739837646, 0.7262789011001587, 0.9603862762451172, -0.5276843905448914, 0.8884893655776978, -1.351367712020874, -0.659784197807312, 0.29105281829833984, 0.6334928274154663, 1.6022305488586426, -0.38120758533477783, 1.2889277935028076, -1.2929737567901611, -0.05842093378305435, -0.8440805673599243, 1.161915898323059, 1.1357954740524292, 0.10555713623762131, -1.0759904384613037, 0.5794427394866943, -0.28381386399269104, -0.6146954298019409, 0.8367486596107483, -0.39208877086639404, 0.5362775921821594, -1.775351643562317, -0.7137250304222107, 0.4356686472892761, -0.5913358330726624, -2.220637559890747, -1.761513590812683, -1.1246044635772705, -1.054502248764038, -0.5679025650024414, 1.8947187662124634, -0.6007307767868042, 0.07330463826656342, -0.4111846387386322, -0.14626596868038177, 1.2100591659545898, -0.3093612492084503, -0.42830580472946167, -0.4008319675922394, -0.28438055515289307, 1.0711063146591187, -2.022455930709839, -0.7282729744911194, 0.26541000604629517, -1.7668185234069824, -1.1744954586029053, 0.8407400846481323, -0.5536377429962158, -0.46203118562698364, 0.1953505426645279, 2.847651243209839, 0.9339686632156372, -0.4333133399486542, 0.6207828521728516, 1.19599449634552, 0.7840232849121094, 1.0192607641220093, 1.0977706909179688, 0.11458013951778412, 0.38586798310279846, 1.2064595222473145, -0.6042683720588684, -1.2390271425247192, -1.3366976976394653, -0.735863208770752, -0.5967799425125122, -0.44603633880615234, 0.7549275159835815, 1.7993829250335693, 0.44363901019096375, -1.4231539964675903, -2.1378164291381836, 0.8130197525024414, -0.19858652353286743, 1.475526213645935, -0.6325332522392273, -0.03507440537214279, -1.5345923900604248, -0.5663942694664001, 1.540248990058899, 1.3672544956207275, 2.61928129196167, -0.6335649490356445, -2.0304648876190186, 0.1302715688943863, -0.06805644929409027, 0.23542991280555725, -0.08447075635194778, -0.010248377919197083, 0.6219562888145447, -0.35358211398124695, 0.06974358856678009, 1.7120620012283325, 2.3626925945281982, -2.434971809387207, 1.2002403736114502, 0.3660881221294403, -0.7578520774841309, 0.851070761680603, -2.2233262062072754, -0.0029552243649959564, -1.4056215286254883, 0.41152942180633545, -0.8726362586021423, 0.3184570074081421, -0.27854499220848083, -0.42150163650512695, -0.5235830545425415, 1.8516929149627686, 0.06049322336912155, -0.29447537660598755, 0.8319154381752014]",yunet,Facenet,1920,1080,/home/amos/media/tv/modern_family/Modern.Family.S09.1080p.DSNP.WEB-DL.DDP5.1.H.264-CRFW/Modern.Family.S09E21.The.Escape.1080p.DSNP.WEB-DL.DDP5.1.H.264-CRFW.mkv,Modern Family,2009,1442437,9,21,Jim Piddock,120560.0,0.757
479,1266,192,1428,408,1374,264,1302,264,0.93,10416,0,"[-0.06264956295490265, 1.8437693119049072, -0.5188685059547424, 0.47618356347084045, -0.16320841014385223, -0.0227437075227499, -1.7544574737548828, 1.729909062385559, 0.15656861662864685, -0.5926192402839661, -1.0397034883499146, 0.00321836955845356, 0.5160524249076843, 1.1567294597625732, 0.5923875570297241, -0.7802519202232361, 0.3034629225730896, -1.4226312637329102, -0.9054832458496094, -0.03104257583618164, 0.6212358474731445, 1.9636045694351196, -0.9238864183425903, 1.1110249757766724, -0.6855726838111877, -0.13578373193740845, -0.49370458722114563, 0.6861155033111572, 1.4846993684768677, -0.22954431176185608, -1.022390365600586, 0.6548835039138794, -0.6732136607170105, -0.12338642030954361, 0.8543740510940552, -1.0268516540527344, -0.3319055140018463, -2.2568235397338867, -0.7697615623474121, -0.3764774203300476, -0.46581563353538513, -1.8576452732086182, -1.5522465705871582, -1.0058085918426514, -0.7899593710899353, -0.3663192689418793, 2.167970895767212, -0.9362207651138306, 0.535903811454773, -0.24224188923835754, -0.48726511001586914, 1.2961537837982178, -0.3204001784324646, -0.7928601503372192, -0.7191099524497986, -0.09442645311355591, 1.1670420169830322, -1.9190032482147217, -1.0584392547607422, -0.18081119656562805, -2.3415963649749756, -0.7562481760978699, 1.2187331914901733, -0.4585393965244293, 0.04773825407028198, 0.26296713948249817, 2.287590980529785, 1.2365432977676392, -0.4074971377849579, 0.5389090776443481, 1.790407419204712, 0.6975178718566895, 0.5816518664360046, 1.2686269283294678, -0.13766655325889587, -0.18502315878868103, 1.5710358619689941, -0.29257628321647644, -1.1479787826538086, -0.48429709672927856, -0.3492475748062134, -1.2358806133270264, 0.09381241351366043, 0.3389168977737427, 2.436880350112915, 0.3837244212627411, -1.6256446838378906, -1.917879581451416, 0.5585963726043701, -0.5635338425636292, 1.705463171005249, -0.3600606918334961, 0.10758134722709656, -0.7830772399902344, -0.48386281728744507, 1.4029266834259033, 1.190476655960083, 3.1097700595855713, -0.18741749227046967, -1.9291490316390991, -0.6147008538246155, 0.24320772290229797, 0.8388761281967163, 0.29360973834991455, -0.16098064184188843, 1.0548051595687866, -0.2758897542953491, 0.49799972772598267, 0.4276410639286041, 2.1987833976745605, -1.972030520439148, 1.5196975469589233, 0.21909813582897186, -0.6520666480064392, 0.962907075881958, -1.6280466318130493, 0.5673214197158813, -0.935373067855835, 0.5097270011901855, -0.8888871073722839, 0.5985990762710571, 0.10082796961069107, -0.17024442553520203, 0.17667825520038605, 1.4928919076919556, -0.20449259877204895, -1.1182256937026978, 1.140587568283081]",yunet,Facenet,1920,1080,/home/amos/media/tv/modern_family/Modern.Family.S09.1080p.DSNP.WEB-DL.DDP5.1.H.264-CRFW/Modern.Family.S09E21.The.Escape.1080p.DSNP.WEB-DL.DDP5.1.H.264-CRFW.mkv,Modern Family,2009,1442437,9,21,Jim Piddock,120560.0,0.763
480,1350,456,1536,714,1440,552,1374,546,0.916,10416,1,"[-1.638381838798523, -1.4927096366882324, 0.48685553669929504, 1.9218111038208008, 1.2138806581497192, -0.9325317740440369, -0.14151045680046082, -1.2002360820770264, -0.166483074426651, 1.9723058938980103, -0.9928091764450073, 0.8263628482818604, 1.0151855945587158, 0.10258056223392487, 0.061791110783815384, 0.25651079416275024, 0.2768004536628723, -1.0266857147216797, -0.5168258547782898, 2.1115646362304688, 0.2304883897304535, 0.8161914348602295, -0.08236721158027649, 0.9104667901992798, -0.965289831161499, 1.1557375192642212, 1.1409876346588135, -0.23255717754364014, 2.7306652069091797, 1.2098238468170166, -0.01637367159128189, -1.2280329465866089, -0.8725107908248901, -0.48898714780807495, 1.8288228511810303, 0.5251941680908203, -2.0995142459869385, 0.0263851135969162, -0.1628069281578064, -1.587215781211853, -0.7618577480316162, 1.1256381273269653, -0.5234235525131226, 1.9754998683929443, 0.1145121231675148, -0.889679491519928, -0.10521401464939117, 0.09999556094408035, -1.4177217483520508, 1.460890769958496, -0.04074105620384216, 2.0276694297790527, 0.23953881859779358, -0.3341009020805359, -0.9122678637504578, -0.19622892141342163, 1.0565582513809204, 0.11017715930938721, -0.2992860674858093, 0.7224879860877991, 0.28508880734443665, 0.16336338222026825, 0.5741913318634033, -0.8338701725006104, -1.5707672834396362, 1.3743447065353394, 0.3058370053768158, 0.12891018390655518, 0.37530517578125, 1.4685431718826294, 0.4039122760295868, -1.4206361770629883, -0.9422134160995483, -0.3112536370754242, 0.9498068690299988, -0.6132044792175293, 0.3594933748245239, -1.7930229902267456, -0.6896795630455017, -0.4978652000427246, 0.16806495189666748, -0.42240506410598755, 1.0004290342330933, 1.8427191972732544, -0.42193683981895447, 0.3709773123264313, 0.6940931081771851, -0.05019087716937065, 0.18503844738006592, -2.547168016433716, -1.6336556673049927, 0.48113515973091125, 0.020055096596479416, 1.0736064910888672, 1.0431220531463623, -0.2544078528881073, 0.09544296562671661, -1.5479631423950195, -0.5197650790214539, -0.507590115070343, 0.20434901118278503, 1.5849872827529907, -1.5323433876037598, 0.8271488547325134, 1.2397156953811646, -0.09499475359916687, 0.5878967642784119, -1.0456757545471191, 1.1214423179626465, -0.21989306807518005, 1.7718851566314697, -0.16694901883602142, 0.6335287094116211, 1.521843671798706, -0.09919426590204239, -0.01906949281692505, -0.8119641542434692, 0.4010654389858246, -1.3641409873962402, -0.7641659379005432, 1.9401525259017944, 0.23173396289348602, -0.44012248516082764, -2.610814332962036, 0.4331827163696289, 0.31896018981933594, 1.6698919534683228, -0.44411349296569824]",yunet,Facenet,1920,1080,/home/amos/media/tv/modern_family/Modern.Family.S09.1080p.DSNP.WEB-DL.DDP5.1.H.264-CRFW/Modern.Family.S09E21.The.Escape.1080p.DSNP.WEB-DL.DDP5.1.H.264-CRFW.mkv,Modern Family,2009,1442437,9,21,Sarah Hyland,91351.0,0.824
481,708,150,930,438,906,276,834,270,0.901,10416,2,"[0.024033095687627792, -2.753852605819702, -1.443464756011963, -0.8044554591178894, 0.9930978417396545, 1.7269902229309082, -0.3712596297264099, 0.4453468918800354, 1.8452911376953125, -0.03272879496216774, 0.7778895497322083, -1.3598886728286743, -1.656613826751709, 1.1140602827072144, -0.6252074241638184, -1.0222687721252441, -0.09801129996776581, 0.088579460978508, 0.3234003782272339, -1.8786897659301758, -0.4300227463245392, -1.4441537857055664, 1.1176011562347412, -2.358910322189331, 0.32051512598991394, 0.18664759397506714, 1.4390307664871216, -2.7654166221618652, 0.13624224066734314, -0.0645117536187172, 0.21633557975292206, 1.0504066944122314, 0.5186032056808472, -0.8714988231658936, 0.519923210144043, 1.3466743230819702, -0.2596266269683838, 2.442094326019287, 1.2783355712890625, -1.1881264448165894, 1.9830410480499268, 0.5644078850746155, -0.9437655210494995, -2.3244240283966064, 0.2997702658176422, -2.445044994354248, -0.647095799446106, 0.35756754875183105, 0.8304291367530823, -0.061139173805713654, -0.8777755498886108, 0.048776280134916306, -0.2499784231185913, 0.20395706593990326, 0.8011541366577148, -1.227117657661438, 0.8656260967254639, 1.8378093242645264, -0.6103330850601196, -1.749184489250183, 0.5005961656570435, -1.9635342359542847, 0.42962345480918884, 1.6926884651184082, 0.4885278642177582, 0.6392520070075989, -0.09575296193361282, 0.8609509468078613, -0.030707769095897675, -0.1624690592288971, -0.671518862247467, 0.5596476793289185, -2.305462598800659, 1.0641539096832275, 0.27569690346717834, -1.2084054946899414, -1.0883431434631348, 0.06964882463216782, -0.4862164556980133, -0.2689768671989441, -1.8714056015014648, 0.7427442073822021, 1.500693440437317, -0.5592158436775208, -1.9949156045913696, 0.5002090930938721, 0.7987851500511169, -0.05775489658117294, -1.8373624086380005, -0.7946918606758118, -0.8250560164451599, -0.18561393022537231, -0.19606012105941772, 0.6159393191337585, -0.23178642988204956, 0.8729552030563354, -2.5606203079223633, 0.9731897115707397, -0.347611665725708, 0.5100012421607971, -2.1466171741485596, 0.12247840315103531, -0.7807326912879944, 0.10018875449895859, 1.4169247150421143, 1.3130892515182495, -0.0027784891426563263, -0.3170193135738373, 0.30215081572532654, -0.6453997492790222, 0.16666539013385773, -0.2547030448913574, -0.023205921053886414, -0.278473824262619, -0.8188729286193848, 1.1368284225463867, 0.08997951447963715, -1.0877476930618286, -0.9452382326126099, 0.11799216270446777, -1.7210160493850708, 1.0322617292404175, 1.1171832084655762, -0.07956252247095108, -0.9404751062393188, 0.8478790521621704, -0.8202915191650391, -0.19803152978420258]",yunet,Facenet,1920,1080,/home/amos/media/tv/modern_family/Modern.Family.S09.1080p.DSNP.WEB-DL.DDP5.1.H.264-CRFW/Modern.Family.S09E21.The.Escape.1080p.DSNP.WEB-DL.DDP5.1.H.264-CRFW.mkv,Modern Family,2009,1442437,9,21,Chris Geere,62879.0,0.73
482,1338,420,1554,696,1470,534,1374,528,0.929,10440,0,"[-0.9534953832626343, -0.41681891679763794, -0.23190292716026306, 3.105111598968506, 2.092677354812622, -0.24841316044330597, 0.3869873583316803, -1.6714519262313843, 0.20038902759552002, 2.0272345542907715, -1.2727947235107422, 0.4441525638103485, -0.20924870669841766, 0.8241748809814453, -0.6175136566162109, -0.9966266751289368, -0.15887252986431122, -0.7438457608222961, -1.2562872171401978, 1.1255079507827759, -0.8023849725723267, -0.21924513578414917, 0.799018144607544, 0.18088674545288086, -0.44898173213005066, 0.3643796443939209, 0.8436323404312134, -0.46075671911239624, 2.380842924118042, 1.1894679069519043, 0.4009094536304474, -1.3787535429000854, -1.380460262298584, -1.1952683925628662, 0.7287153005599976, -0.660923182964325, -1.5816187858581543, 0.906672477722168, -0.31679272651672363, -1.6851530075073242, -0.21631202101707458, -0.30256086587905884, 0.17014385759830475, 2.129903793334961, 0.3621073067188263, -0.6172831654548645, -0.16960309445858002, 0.5383216142654419, -0.4970409870147705, 1.8210479021072388, -0.11817486584186554, 1.8574284315109253, 1.281821370124817, -0.06517380475997925, -1.1981359720230103, 0.1575327068567276, 0.03832704573869705, -0.7445464730262756, 0.5626100301742554, 1.7881739139556885, -0.3116477131843567, 0.6538623571395874, -0.2981889247894287, -0.5100575089454651, -1.0756796598434448, 1.8787000179290771, -0.7479763627052307, 0.27702659368515015, 0.8210859894752502, 1.563421607017517, -0.40352413058280945, -1.1737916469573975, -0.11774909496307373, 0.36318206787109375, 0.2277424931526184, -0.08942131698131561, 1.2526367902755737, -1.6698594093322754, -0.18564903736114502, -0.49781304597854614, 0.26559972763061523, 0.5510386228561401, 1.6445157527923584, 1.2562183141708374, -0.4178982079029083, 0.15867139399051666, 0.6741155982017517, -0.6460415720939636, 0.4287782907485962, -1.542272925376892, -1.518117904663086, 0.5912014842033386, -0.2214377373456955, 0.2701379656791687, 0.9055075645446777, 0.017910443246364594, -0.12156759202480316, -0.6806970238685608, -1.0620663166046143, -0.8663508296012878, -0.5513224601745605, 0.6566952466964722, -1.1972652673721313, 1.0492854118347168, 1.2496802806854248, -0.0069186631590127945, 1.6359659433364868, -0.5108846426010132, 1.0590291023254395, -0.9835318922996521, 1.417205572128296, 0.7390151023864746, -0.5210096836090088, 1.2676937580108643, -0.4858642816543579, 0.07215312123298645, -0.8686144351959229, 0.8836201429367065, -1.3802703619003296, -0.4317470192909241, 2.5923562049865723, -0.774164080619812, -0.182069793343544, -1.241244912147522, -0.6906890869140625, 0.12569451332092285, 1.9850908517837524, 0.04453900083899498]",yunet,Facenet,1920,1080,/home/amos/media/tv/modern_family/Modern.Family.S09.1080p.DSNP.WEB-DL.DDP5.1.H.264-CRFW/Modern.Family.S09E21.The.Escape.1080p.DSNP.WEB-DL.DDP5.1.H.264-CRFW.mkv,Modern Family,2009,1442437,9,21,Sarah Hyland,91351.0,0.753
483,720,168,942,444,918,288,846,282,0.915,10440,1,"[-0.08505158126354218, -2.284795045852661, -0.9616935849189758, -1.3096764087677002, 0.3981671929359436, 0.9894764423370361, -0.19269239902496338, 0.5319370627403259, 0.9970917105674744, 0.6651221513748169, 1.7996264696121216, -1.7534743547439575, -1.3047525882720947, -0.46203866600990295, -0.034168243408203125, -0.4187357425689697, -0.8673373460769653, -0.4608265161514282, 0.48355281352996826, -0.460906445980072, 0.7082669734954834, -1.9130218029022217, 1.5811643600463867, -1.990101933479309, -0.03692617639899254, 0.31407055258750916, 1.120856523513794, -2.1270647048950195, 0.09657274931669235, 0.46266642212867737, -0.8065518140792847, 0.8049464225769043, -0.2782999575138092, 0.25450146198272705, -0.13276682794094086, 0.9578761458396912, -0.35806989669799805, 2.502934694290161, 1.3998312950134277, -1.963881492614746, 1.1112732887268066, 0.5448481440544128, -1.4085301160812378, -1.251294732093811, 0.04291654750704765, -2.1271297931671143, 0.112335205078125, 0.7319653034210205, 1.3182450532913208, -0.15975110232830048, -0.6600634455680847, 0.2527335584163666, -0.42421045899391174, 0.20316936075687408, 0.12217618525028229, -2.031782627105713, 0.4154326617717743, 2.5796520709991455, -0.3952360451221466, -0.35739052295684814, 0.15535014867782593, -1.565073847770691, -0.48274773359298706, 0.6076773405075073, 0.6156075596809387, 0.38648223876953125, -0.42596137523651123, -0.27757930755615234, 0.294048547744751, 0.25601741671562195, -0.7143814563751221, -0.6724584102630615, -2.600372552871704, 1.2126810550689697, 0.11606694757938385, -0.2926653027534485, -1.488520860671997, 0.3008769154548645, -0.43671736121177673, 0.14167989790439606, -1.6846204996109009, -0.1792406588792801, 1.7549333572387695, -0.5380536317825317, -1.402047038078308, 1.0125362873077393, 0.6151763200759888, 0.2684482932090759, -1.6013728380203247, -1.3250378370285034, -0.29063108563423157, -0.03131534159183502, 0.01883181557059288, 1.1111681461334229, 0.2378244698047638, 1.0961177349090576, -3.0085384845733643, -0.25030025839805603, -0.895585298538208, -0.12124648690223694, -1.557510495185852, -0.9918221235275269, -0.8871342539787292, 0.3274265229701996, 0.532684326171875, 1.3628544807434082, 0.6485828161239624, -0.22453075647354126, 0.2791406214237213, 0.3615386188030243, 0.3463475704193115, -1.6526947021484375, -0.8504530191421509, -0.12486474215984344, -0.3037300109863281, 1.0266973972320557, -0.25014805793762207, -2.039469003677368, -1.3712294101715088, 0.3532320559024811, -0.7437772750854492, 0.8709536790847778, -0.6112950444221497, -0.027493955567479134, -1.6186059713363647, 0.2689783573150635, -0.3000468611717224, -0.6459848284721375]",yunet,Facenet,1920,1080,/home/amos/media/tv/modern_family/Modern.Family.S09.1080p.DSNP.WEB-DL.DDP5.1.H.264-CRFW/Modern.Family.S09E21.The.Escape.1080p.DSNP.WEB-DL.DDP5.1.H.264-CRFW.mkv,Modern Family,2009,1442437,9,21,Chris Geere,62879.0,0.644
484,1260,138,1422,348,1392,216,1308,222,0.909,10440,2,"[-0.39207130670547485, 1.7391598224639893, -0.5452556014060974, 0.17821502685546875, 0.3694945275783539, -0.5302160382270813, -2.697751760482788, 1.2313041687011719, 0.06728094816207886, -0.39565324783325195, -0.6774627566337585, 0.6143109202384949, 1.294672966003418, 0.3841969668865204, 1.2226824760437012, -0.7101783752441406, 0.6091985702514648, -1.082077980041504, 0.5068539381027222, 0.36394667625427246, 0.5778038501739502, 1.8384648561477661, -0.8039616942405701, 2.0716612339019775, -1.1268649101257324, -0.6161330342292786, -0.00956830196082592, 0.8910470604896545, 0.8968627452850342, -0.5187608599662781, -0.7766411304473877, 0.588016152381897, 0.1688564568758011, -0.6827523708343506, 0.251954585313797, -1.049767017364502, 0.7043040990829468, -1.9143767356872559, -0.751679539680481, -0.4739512503147125, -0.4766819477081299, -1.7223292589187622, -1.27032470703125, -0.9025636911392212, -1.5048333406448364, -0.2190815508365631, 2.1845598220825195, -1.4148865938186646, 0.8580552935600281, 0.2602602541446686, -0.15180373191833496, 1.2281978130340576, -0.009696125984191895, -0.8923783302307129, 0.07379646599292755, -0.35619857907295227, 1.0068340301513672, -1.7440853118896484, -0.9871034622192383, 0.12216324359178543, -1.4709948301315308, -0.6735385656356812, 0.9624741673469543, -0.7011081576347351, -0.15579518675804138, 0.12180215120315552, 2.7616701126098633, 0.8347265124320984, -0.9855627417564392, 0.9085451364517212, 1.4162331819534302, 0.10643655061721802, 0.599845290184021, 1.4329112768173218, -0.32138362526893616, 0.2762508690357208, 1.220188021659851, -0.26323261857032776, -1.3783801794052124, -0.967668890953064, -0.6413933038711548, -0.510820746421814, 0.25057342648506165, 1.014316201210022, 2.173222541809082, 1.347493290901184, -1.3668943643569946, -1.1298609972000122, 0.32798439264297485, -1.031828761100769, 1.701877474784851, -0.08460914343595505, 0.30817195773124695, -0.778205394744873, 0.14413505792617798, 0.6968870162963867, 0.7487139701843262, 2.5935637950897217, -0.5655912160873413, -2.1742358207702637, -0.5517804622650146, 0.16237762570381165, 1.2290213108062744, -0.8181948661804199, -0.079117551445961, 0.16582871973514557, -0.2159784436225891, 1.2390683889389038, 1.1890721321105957, 1.7842209339141846, -2.9057514667510986, 0.8694425821304321, 0.02805989608168602, -0.3011297285556793, 0.041382841765880585, -1.8988391160964966, 0.3991815149784088, -1.0880934000015259, 0.559585690498352, 0.007468827068805695, -0.4189900755882263, -0.2389608919620514, -0.15137438476085663, -0.15909361839294434, 2.7163209915161133, -0.3180619478225708, -0.39008966088294983, 0.9739910364151001]",yunet,Facenet,1920,1080,/home/amos/media/tv/modern_family/Modern.Family.S09.1080p.DSNP.WEB-DL.DDP5.1.H.264-CRFW/Modern.Family.S09E21.The.Escape.1080p.DSNP.WEB-DL.DDP5.1.H.264-CRFW.mkv,Modern Family,2009,1442437,9,21,Jim Piddock,120560.0,0.762
485,1320,150,1476,354,1440,228,1356,228,0.915,10464,0,"[-0.661466121673584, 1.8810606002807617, -0.5168620944023132, -0.40130501985549927, 0.2289699912071228, -0.6692739129066467, -2.9442331790924072, 1.2319660186767578, -0.22434455156326294, -0.471164733171463, -1.4864000082015991, 0.5999931693077087, 0.7282243967056274, 0.405781090259552, 1.3914929628372192, -1.0847724676132202, 0.4633272588253021, -1.1998610496520996, 0.2375151813030243, 0.1878206431865692, 0.7454845905303955, 1.4973297119140625, -0.29697704315185547, 1.8321020603179932, -1.477390170097351, -0.5366631150245667, -0.116816446185112, 0.8277233242988586, 1.0300235748291016, -0.39434605836868286, -1.255938172340393, 0.5837692022323608, -0.36617472767829895, -0.693839967250824, 0.12354075908660889, -0.9039750099182129, 0.5967907309532166, -2.080950975418091, -0.7630561590194702, -0.8908581733703613, -0.581075131893158, -2.1492350101470947, -1.8847306966781616, -0.6197421550750732, -1.4845316410064697, -0.15363864600658417, 2.1700990200042725, -1.2109663486480713, 0.11419451236724854, 0.2692350149154663, -0.6602566242218018, 1.1903362274169922, 0.3578183650970459, -0.3995310068130493, -0.3406658172607422, -0.6337651610374451, 0.9461579918861389, -1.6477560997009277, -1.2352396249771118, -0.2844679057598114, -2.127825975418091, -1.0718278884887695, 0.22879117727279663, -0.2081938087940216, -0.16822057962417603, 0.2986687123775482, 2.9706978797912598, 0.443737655878067, -0.7436661720275879, 0.9169808626174927, 1.285207748413086, 0.7288748025894165, 0.8006889820098877, 1.4462350606918335, -0.4965667128562927, 0.35410383343696594, 1.1179006099700928, -0.4704251289367676, -1.2880457639694214, -1.350649356842041, -1.1196295022964478, -0.39210450649261475, 0.14187952876091003, 0.8403683304786682, 2.480053663253784, 0.9880011081695557, -1.1984244585037231, -1.6092888116836548, 0.11564868688583374, -0.5775304436683655, 1.8602588176727295, -0.6039666533470154, -0.31110474467277527, -1.0532938241958618, 0.04120618849992752, 0.8251833915710449, 1.0473296642303467, 2.6601290702819824, -0.3429742157459259, -2.634158134460449, -0.47921597957611084, 0.35524436831474304, 1.1983819007873535, -0.20759081840515137, -0.19002903997898102, 0.4558093547821045, -0.16610395908355713, 1.08590567111969, 1.7932981252670288, 1.909023404121399, -3.095669984817505, 0.8744375705718994, -0.016539469361305237, -0.0014194715768098831, 0.15282778441905975, -1.6242035627365112, 0.4072943925857544, -1.2544069290161133, 0.28351205587387085, -0.2551030218601227, 0.09728720039129257, -0.07657238095998764, -0.48117804527282715, -0.3856869041919708, 2.2004666328430176, -0.6825660467147827, -0.016911614686250687, 0.9582024216651917]",yunet,Facenet,1920,1080,/home/amos/media/tv/modern_family/Modern.Family.S09.1080p.DSNP.WEB-DL.DDP5.1.H.264-CRFW/Modern.Family.S09E21.The.Escape.1080p.DSNP.WEB-DL.DDP5.1.H.264-CRFW.mkv,Modern Family,2009,1442437,9,21,Jim Piddock,120560.0,0.744
486,1362,450,1578,738,1506,564,1398,564,0.913,10464,1,"[-0.2811408042907715, -0.7425117492675781, -0.6944853663444519, 3.0404434204101562, 1.693954586982727, 0.5799538493156433, 0.261452317237854, -1.7542539834976196, 0.3389783203601837, 2.81335711479187, -1.5581926107406616, 0.8283786177635193, 0.34546607732772827, 0.13435977697372437, -0.38817042112350464, -0.8772781491279602, -0.05087035894393921, -0.46855628490448, -0.8311560153961182, 0.7464888095855713, 0.07012391090393066, 0.37489765882492065, 0.4243440628051758, 0.24251660704612732, -0.31088441610336304, 0.3798278868198395, 1.851394772529602, -1.5566375255584717, 2.440244436264038, 1.675004482269287, 0.35031020641326904, -0.40425628423690796, -1.4626977443695068, -1.3857961893081665, 1.0229823589324951, -1.261648416519165, -1.5303031206130981, 1.3160021305084229, -0.7958449125289917, -1.25194251537323, 0.3949415981769562, -0.11854434758424759, 0.7416079044342041, 2.4550862312316895, -0.35071271657943726, -0.5679921507835388, 1.0856629610061646, -0.4817516505718231, -0.7533237338066101, 0.9457056522369385, -1.0308467149734497, 1.554015874862671, 1.1471822261810303, 0.37598878145217896, -0.4575607180595398, -0.36467060446739197, 0.71836918592453, -0.17524433135986328, -0.2955542802810669, 0.4857421815395355, -0.4725629687309265, 0.2564806342124939, -0.46868574619293213, -0.7268389463424683, -0.40861693024635315, 1.1408061981201172, -0.1687653660774231, 0.68899005651474, -0.6538618803024292, 0.8375307321548462, 0.1467178910970688, -0.2684954106807709, -0.3070748746395111, 1.0238630771636963, 0.40697699785232544, -0.3449707329273224, 0.968349814414978, -1.317741870880127, -0.5570164322853088, -0.6959075331687927, 0.3870779275894165, -0.14921046793460846, 1.4177451133728027, 1.4592620134353638, -0.6990993618965149, 0.30441439151763916, 0.3739323019981384, -1.0173825025558472, 0.22159194946289062, -2.3931362628936768, -1.6854275465011597, 0.1999243199825287, -0.12442229688167572, -0.28422269225120544, 1.4729937314987183, 0.23741421103477478, -0.0002571120858192444, -0.2782621383666992, -0.231928288936615, -1.9485329389572144, -0.6012904644012451, 0.5921977758407593, -1.8320765495300293, 0.4429641664028168, 1.3333406448364258, -0.09573475271463394, 0.9648920893669128, -0.6865510940551758, 2.2617814540863037, -0.9843928813934326, 0.7285863757133484, 0.6567361950874329, 0.26485979557037354, 0.9810846447944641, -1.3176206350326538, -0.20582294464111328, -1.8526718616485596, 0.7753115892410278, -0.7805305123329163, 0.1245499849319458, 1.8891583681106567, -0.797688364982605, -0.031948432326316833, -0.8093994855880737, 0.048358723521232605, 1.0329326391220093, 1.7882992029190063, 0.12245361506938934]",yunet,Facenet,1920,1080,/home/amos/media/tv/modern_family/Modern.Family.S09.1080p.DSNP.WEB-DL.DDP5.1.H.264-CRFW/Modern.Family.S09E21.The.Escape.1080p.DSNP.WEB-DL.DDP5.1.H.264-CRFW.mkv,Modern Family,2009,1442437,9,21,Sarah Hyland,91351.0,0.661
487,714,102,966,426,936,228,840,228,0.909,10464,2,"[0.301315575838089, -2.412163496017456, -1.474089503288269, -1.8079999685287476, 0.470644474029541, 1.4276591539382935, -0.7312355637550354, 0.8074115514755249, 0.9912126660346985, -0.3703884482383728, 1.0539348125457764, -1.24770987033844, -2.3893377780914307, 0.5606127977371216, -0.18859153985977173, -0.5377473831176758, 0.26141276955604553, 0.6884403824806213, 0.33857885003089905, -1.2655590772628784, 0.269414484500885, -1.952294945716858, 1.413140058517456, -2.0064902305603027, 0.5844445824623108, 0.6751784682273865, 0.27561748027801514, -2.1191253662109375, 0.7513958215713501, 0.2625977396965027, 0.28356295824050903, 1.3680812120437622, 0.14536604285240173, 0.4995424747467041, 1.5168317556381226, 0.9135911464691162, -0.6304806470870972, 2.427746057510376, 1.5768468379974365, -0.9102129936218262, 0.33538442850112915, 1.116734504699707, -1.3291221857070923, -2.357475519180298, 0.6751729846000671, -2.4099252223968506, -1.1883878707885742, 1.556313157081604, 1.623403787612915, 0.1629750281572342, 0.13653048872947693, -0.5154842734336853, 0.49285903573036194, 0.9132688641548157, 1.191426157951355, -1.140812873840332, -0.03824805095791817, 0.9761370420455933, -0.6637828350067139, 0.06676583737134933, 0.723794162273407, -0.6919995546340942, -0.07972174882888794, 1.7775310277938843, 0.7195638418197632, 0.6470072865486145, -0.672882080078125, 0.6726559400558472, 1.3090178966522217, 0.27099546790122986, -0.7404375076293945, 0.2992675304412842, -2.250077486038208, 0.5621811747550964, 0.8660277724266052, -1.4230067729949951, -1.2626075744628906, -0.34517794847488403, 0.19803515076637268, -0.4303290843963623, -1.7877920866012573, 0.44547057151794434, 0.9514501690864563, -1.2103297710418701, -1.6065813302993774, 0.7543398141860962, 0.6121367812156677, -0.40064358711242676, -1.1199417114257812, -0.6135650277137756, -0.6435346007347107, 1.1870416402816772, -1.4668430089950562, 0.3401731550693512, 0.5686942338943481, 1.5112992525100708, -2.0005440711975098, -0.20687374472618103, -0.1652752012014389, 0.8703112006187439, -1.0502830743789673, -0.0016983933746814728, -1.314997673034668, 0.9583059549331665, 1.544195532798767, 1.1518751382827759, 0.34422382712364197, -0.9347203969955444, -0.07744188606739044, -1.5121506452560425, 0.3582710027694702, -1.4530181884765625, -1.2995880842208862, -0.904499351978302, -0.42452195286750793, 1.137714147567749, 0.02011501044034958, -0.2039753794670105, -0.5417051911354065, -0.3542346656322479, -1.057656168937683, 0.8974337577819824, 1.0531443357467651, -0.7670029997825623, -1.700653076171875, 0.48214003443717957, -0.9877569675445557, -1.0822399854660034]",yunet,Facenet,1920,1080,/home/amos/media/tv/modern_family/Modern.Family.S09.1080p.DSNP.WEB-DL.DDP5.1.H.264-CRFW/Modern.Family.S09E21.The.Escape.1080p.DSNP.WEB-DL.DDP5.1.H.264-CRFW.mkv,Modern Family,2009,1442437,9,21,Chris Geere,62879.0,0.573
488,1356,192,1512,396,1470,264,1404,264,0.915,10488,0,"[-0.8321089744567871, 1.4437358379364014, -0.3712345361709595, -0.5126054286956787, 1.0462031364440918, -0.5898895263671875, -2.617091655731201, 1.5605101585388184, -0.24114617705345154, -0.5025848150253296, -0.9339861869812012, -0.14799894392490387, 0.9442749619483948, 0.8890620470046997, 1.454681634902954, -0.8755165934562683, 0.4386068284511566, -1.2732287645339966, 0.08736366778612137, 0.4739028513431549, 0.37552887201309204, 2.0298726558685303, -0.6665250658988953, 1.482004165649414, -1.5553392171859741, 0.16611164808273315, 0.056233979761600494, 0.28469735383987427, 1.4417659044265747, -0.6392562985420227, -0.8191395998001099, 0.3786037266254425, -0.3691825270652771, -0.5117925405502319, 0.6881861686706543, -0.22055575251579285, 0.4711862802505493, -1.5439105033874512, 0.13855662941932678, -0.6409910917282104, -0.7157689929008484, -1.807753086090088, -2.084472894668579, -1.3012932538986206, -1.518898606300354, -0.6325448751449585, 1.3704921007156372, -1.3449523448944092, 1.1596165895462036, 0.18988198041915894, -1.3887041807174683, 2.115791082382202, 0.21256354451179504, -0.524409830570221, -0.5577565431594849, -1.0342541933059692, 0.8622806668281555, -1.9265012741088867, -1.0895239114761353, -0.0020209476351737976, -2.098522901535034, -0.9030048251152039, 0.4473308324813843, 0.1705847680568695, -0.7942876815795898, 0.7425198554992676, 3.1111769676208496, 0.6235926747322083, 0.1684027910232544, 1.3464884757995605, 1.2314456701278687, 0.24216607213020325, 0.3630615770816803, 0.9788838028907776, 0.2814783453941345, 0.4173039197921753, 0.5454472303390503, -0.731766402721405, -1.562224268913269, -0.8230496048927307, -0.7941086292266846, -0.47237253189086914, -0.20248153805732727, 0.9284422993659973, 2.8694546222686768, 1.5487620830535889, -2.039215564727783, -1.0035649538040161, -0.26452818512916565, -0.4461084306240082, 1.8609341382980347, 0.21889765560626984, -0.2671367824077606, -1.0589001178741455, -0.5336121916770935, 1.5157350301742554, 0.03448820859193802, 2.6145830154418945, -0.14718914031982422, -2.42118501663208, -0.8875153064727783, 0.5230187177658081, 0.7504810690879822, -0.5465490221977234, 0.44127023220062256, 1.1596431732177734, 0.12283171713352203, 0.7883684635162354, 0.9239566326141357, 1.5729188919067383, -2.4418492317199707, 1.0804342031478882, -0.5479384660720825, -0.37001147866249084, 0.8259397745132446, -1.2319421768188477, -0.03162830322980881, -1.5911816358566284, 0.30581578612327576, 0.10969842970371246, 0.2765870690345764, -0.4431518018245697, -0.5379555225372314, -1.100805401802063, 1.8404852151870728, -0.9577047228813171, 0.18419288098812103, 1.121817946434021]",yunet,Facenet,1920,1080,/home/amos/media/tv/modern_family/Modern.Family.S09.1080p.DSNP.WEB-DL.DDP5.1.H.264-CRFW/Modern.Family.S09E21.The.Escape.1080p.DSNP.WEB-DL.DDP5.1.H.264-CRFW.mkv,Modern Family,2009,1442437,9,21,Jim Piddock,120560.0,0.647
489,1428,432,1620,702,1530,522,1452,516,0.909,10488,1,"[-1.5603563785552979, -1.5574384927749634, -0.9569063186645508, 2.9723494052886963, 2.28501558303833, -0.8657799959182739, -0.26100289821624756, -1.2043863534927368, 0.3335210084915161, 2.2653918266296387, -0.9860934615135193, 0.7745643854141235, 0.5950881242752075, 0.844005823135376, 0.23418943583965302, 0.14331619441509247, 0.346036434173584, -0.39652228355407715, -1.306099534034729, 0.8253003358840942, -0.27445855736732483, 0.1325751394033432, 0.1332036256790161, 1.173197627067566, 0.35973599553108215, 0.530508816242218, 0.24509018659591675, -0.23213717341423035, 2.640836000442505, 0.47607895731925964, 1.0704104900360107, -2.0007920265197754, -1.794792890548706, -0.6329740881919861, 1.300601601600647, -0.2802274525165558, -1.3387123346328735, 1.6599817276000977, -0.39551806449890137, -1.1756541728973389, -0.41830796003341675, 0.822119414806366, 1.5635076761245728, 1.2278748750686646, -0.8947206735610962, -0.459144651889801, -0.06885196268558502, -0.03542793169617653, -0.9439305067062378, 1.6274396181106567, 0.25696513056755066, 2.423041343688965, 0.8476099371910095, -0.4976879358291626, 0.10625654458999634, -0.2915666699409485, -0.3169180452823639, -0.25737184286117554, 1.5019680261611938, 1.1089056730270386, 0.8830397725105286, 0.24056489765644073, 0.26413747668266296, -0.9256855845451355, -1.2957807779312134, 1.3974287509918213, -1.0554405450820923, 0.44164255261421204, -0.5529857277870178, 0.9033395051956177, 0.5860002636909485, -1.1299453973770142, -0.3980497717857361, 0.03881724178791046, 0.40012437105178833, 0.3083127737045288, 1.6236497163772583, -0.6004880666732788, -0.9162283539772034, -0.4562869668006897, -0.8005645871162415, 0.8294031620025635, 0.5822352766990662, 1.9156343936920166, -1.7519199848175049, 0.44497379660606384, 0.10249058157205582, -0.8010265827178955, 0.42964616417884827, -2.190518379211426, -1.0486294031143188, -0.23994511365890503, 0.09197814762592316, 1.2467014789581299, 1.1507554054260254, -0.5883052349090576, 7.851049304008484e-07, -0.25575605034828186, 0.15541251003742218, -0.28785017132759094, 0.18961602449417114, 0.8624323606491089, -1.064949631690979, 0.70810866355896, 1.1328226327896118, -0.31806838512420654, 0.9882826209068298, -0.49548038840293884, 0.6182387471199036, -0.427146315574646, 2.3211417198181152, 0.5717320442199707, 1.1615196466445923, 0.6756523847579956, -0.1517075002193451, -0.5590488910675049, -0.5211962461471558, 0.6989357471466064, -2.3997275829315186, -0.16501381993293762, 1.8303552865982056, -0.3814435303211212, -0.2521551251411438, -2.1431901454925537, -1.331649661064148, 1.3320677280426025, 1.8565531969070435, -1.3891968727111816]",yunet,Facenet,1920,1080,/home/amos/media/tv/modern_family/Modern.Family.S09.1080p.DSNP.WEB-DL.DDP5.1.H.264-CRFW/Modern.Family.S09E21.The.Escape.1080p.DSNP.WEB-DL.DDP5.1.H.264-CRFW.mkv,Modern Family,2009,1442437,9,21,Sarah Hyland,91351.0,0.727
490,462,228,696,546,666,342,570,342,0.91,10512,0,"[1.2049397230148315, 0.5745714902877808, 1.0494731664657593, -1.4844566583633423, 0.8785421252250671, 0.3236524760723114, 0.20699386298656464, 1.9076871871948242, 1.9485812187194824, -1.1400641202926636, 2.0017952919006348, 0.9855667352676392, -0.6453304290771484, 0.5305825471878052, -1.2363640069961548, 0.2676119804382324, 0.5894604921340942, -0.2705005407333374, 0.28794053196907043, 0.9552298784255981, 0.15008708834648132, -0.6255579590797424, 1.367573618888855, -0.3472394049167633, 2.472299575805664, 1.334993600845337, 0.46609655022621155, -0.9125281572341919, -1.5591968297958374, -1.6931829452514648, -0.8059102296829224, 0.6153201460838318, -2.8100168704986572, 1.9511287212371826, -1.8700132369995117, 0.4410998523235321, -0.2759690284729004, 0.3382972776889801, 0.4326997399330139, -0.3428591787815094, -0.9233959317207336, 0.6895127296447754, 0.11680679023265839, 1.6375986337661743, -1.5494499206542969, 0.8568511605262756, -0.6331021189689636, -2.128551483154297, -0.5893807411193848, 1.577093243598938, -0.02899010479450226, -0.5106459856033325, 0.008832976222038269, -0.8435975313186646, 1.0136936902999878, -2.6803464889526367, 0.5758028030395508, -0.20512129366397858, -0.47013619542121887, -0.24177244305610657, 0.696789026260376, -0.26592931151390076, 1.4953821897506714, -0.7166224718093872, 0.5438728928565979, -1.5101546049118042, -3.129396915435791, -0.7046456336975098, -0.8545137643814087, 0.5778812170028687, -0.7843791246414185, 1.0272074937820435, -2.435051441192627, 0.18429751694202423, 0.7276644706726074, 0.25634124875068665, -0.7205600738525391, 1.316422939300537, 0.6802933216094971, 0.6853777766227722, -0.6443368196487427, -0.475048691034317, 0.3074745237827301, -0.6743395924568176, 0.09526313841342926, 1.3144032955169678, 0.33824026584625244, -1.0535950660705566, -1.0484466552734375, -0.3756052255630493, 0.9670248031616211, -2.0449185371398926, -1.029675841331482, -1.2798418998718262, 1.527397632598877, 0.06957080960273743, -0.5829033851623535, -0.07222113013267517, 0.08075471222400665, -1.5374735593795776, 0.2610548734664917, 0.14905595779418945, -0.1359717696905136, -1.0027129650115967, -1.1762715578079224, 0.58381587266922, -1.3283112049102783, 0.4327501654624939, -2.018220901489258, -1.0591505765914917, 1.467354655265808, -0.5460131168365479, 2.0591485500335693, -0.9229533076286316, 1.559990406036377, 1.7605210542678833, -0.9880000352859497, -0.5650637745857239, 0.9529346227645874, -0.44509947299957275, -0.1579776555299759, -0.32634779810905457, -0.5380252003669739, -0.27172335982322693, -1.1121031045913696, -2.8197264671325684, -1.5188169479370117, -0.2683942914009094]",yunet,Facenet,1920,1080,/home/amos/media/tv/modern_family/Modern.Family.S09.1080p.DSNP.WEB-DL.DDP5.1.H.264-CRFW/Modern.Family.S09E21.The.Escape.1080p.DSNP.WEB-DL.DDP5.1.H.264-CRFW.mkv,Modern Family,2009,1442437,9,21,Kate Burton,20879.0,0.558
491,558,174,810,504,750,306,648,312,0.919,10536,0,"[-0.3626044988632202, -1.9121884107589722, -0.7441568970680237, 0.08138003200292587, 0.5108965039253235, -0.15540599822998047, 1.8311419486999512, 0.1309557408094406, 0.9489216208457947, -0.6693852543830872, 0.9515509009361267, -0.296306312084198, -0.9252404570579529, 0.10550819337368011, -0.5982990264892578, -1.7335530519485474, -1.371361255645752, 0.0761009007692337, 0.30284494161605835, -0.6339948177337646, 0.34710437059402466, -1.771548867225647, -0.7474045753479004, -0.6042263507843018, -0.2840811610221863, -0.494676411151886, 1.3574328422546387, -2.767787456512451, -0.6307161450386047, -0.30557212233543396, 0.09155900031328201, 1.1342437267303467, -0.5459123849868774, 0.45390617847442627, -1.4158241748809814, -0.12296414375305176, -1.15213143825531, -0.15656191110610962, 1.4511191844940186, -1.632948398590088, 1.1844233274459839, 1.133974313735962, -2.1334285736083984, -1.8207263946533203, 0.09307153522968292, -1.5949485301971436, 0.8807599544525146, 1.256311058998108, 0.8438449501991272, 0.18211045861244202, -1.595999836921692, 1.0834890604019165, -0.6111145615577698, -0.28711768984794617, 1.23435378074646, -0.8459283113479614, 1.1474086046218872, 2.136324644088745, -0.5965707898139954, 1.1068516969680786, 0.11204075068235397, -2.1737849712371826, 0.9367824196815491, 0.41158562898635864, 2.3949813842773438, 0.8661981225013733, 0.05377484858036041, 1.7457691431045532, -0.7123069763183594, 0.512088418006897, -0.3321196734905243, 0.6389721632003784, -2.343778371810913, 1.684005618095398, -0.4852803349494934, -1.8318458795547485, -1.4471598863601685, 0.1290101855993271, -1.1550829410552979, 0.7665989398956299, -2.168290853500366, -0.7429912090301514, 1.4226518869400024, -1.348199486732483, -0.9091024398803711, 2.067902088165283, -0.5928343534469604, -0.03969462215900421, -1.2666754722595215, -1.1779236793518066, 0.8158054351806641, 0.9475381374359131, 0.2203516960144043, 0.7856062054634094, 0.36613836884498596, 0.5906537771224976, -2.3485522270202637, 0.8208203911781311, 0.3789371848106384, 0.5036782026290894, -1.693079948425293, 0.03016628324985504, 0.46570155024528503, -0.4154914319515228, 0.42325907945632935, 0.1514316350221634, -0.2653484642505646, -0.07843518257141113, -0.9430241584777832, -1.101206660270691, -0.863663911819458, -0.6516468524932861, 0.4987170100212097, -1.1742115020751953, -0.27323439717292786, 1.3132959604263306, -0.02578730881214142, 0.5406811237335205, 0.17849630117416382, 2.2445907592773438, -2.1671717166900635, 1.7535895109176636, 0.47804510593414307, -0.8732045292854309, -1.5581464767456055, 1.0580462217330933, -1.637859582901001, -0.34445667266845703]",yunet,Facenet,1920,1080,/home/amos/media/tv/modern_family/Modern.Family.S09.1080p.DSNP.WEB-DL.DDP5.1.H.264-CRFW/Modern.Family.S09E21.The.Escape.1080p.DSNP.WEB-DL.DDP5.1.H.264-CRFW.mkv,Modern Family,2009,1442437,9,21,Chris Geere,62879.0,0.691
492,1116,480,1350,798,1218,606,1146,612,0.918,10536,1,"[-1.0977901220321655, -1.5220816135406494, 0.46872931718826294, 2.31831693649292, 0.924136757850647, 0.969668447971344, 0.47056829929351807, -1.1406452655792236, 1.0045323371887207, 2.1069328784942627, -2.722621202468872, -0.48105141520500183, 0.8661583065986633, 0.18501928448677063, -1.5301014184951782, 0.14363591372966766, -1.345613718032837, -0.6699087619781494, -0.15051321685314178, -0.4903610944747925, 1.0808981657028198, 0.5062693953514099, 1.026759386062622, 0.6595115065574646, -0.199432373046875, 0.6457735300064087, 1.9540632963180542, -0.9674383401870728, 2.922032594680786, 1.3392618894577026, -0.5248403549194336, -1.0544568300247192, 0.3050524592399597, -1.2545994520187378, 0.7662897109985352, -1.3960126638412476, -1.9514907598495483, 0.496406227350235, -1.7091798782348633, -1.4340465068817139, 0.1180914118885994, -0.29019758105278015, -0.3665889501571655, 1.9046329259872437, 0.15025578439235687, 0.398860365152359, -0.17230695486068726, 0.5330603122711182, -0.49813932180404663, 0.19865059852600098, -0.7142981290817261, 1.8310482501983643, 0.2700231075286865, 6.962567567825317e-05, -0.0647144764661789, 0.5506485104560852, 0.5921510457992554, -0.8306494951248169, 0.4155025780200958, 0.3923702538013458, -0.6784326434135437, 1.0452760457992554, -0.4463578462600708, -0.020222172141075134, -1.9713186025619507, 1.9934241771697998, -0.14781790971755981, 0.6856535077095032, 0.18427330255508423, 0.1183001846075058, -0.3068234920501709, -0.8176846504211426, 0.4056642949581146, -0.39775145053863525, 0.7448654770851135, 0.011819504201412201, -0.3371473550796509, -0.28465500473976135, -0.2924814224243164, -0.7127255201339722, -0.43543046712875366, -0.13879919052124023, 0.9498513340950012, 0.553301215171814, 0.4681144058704376, -0.3161064386367798, 0.1842365264892578, 0.047284215688705444, 0.7818518877029419, -1.4347630739212036, -0.5304355621337891, 1.0442038774490356, 0.9429681897163391, 0.9467827677726746, 1.074970006942749, 1.0791174173355103, -0.28162258863449097, -0.5759438872337341, -0.664410412311554, -1.3057254552841187, 0.3780662417411804, 0.656695544719696, -0.46973657608032227, 0.7222632765769958, 0.8473008275032043, -0.4101596474647522, 0.0076527222990989685, 0.5886995792388916, 0.9659225940704346, -0.5569224953651428, 1.0752872228622437, -0.47313445806503296, -0.9526768922805786, 1.4111433029174805, -1.494935154914856, 0.7501308917999268, -0.10988859832286835, 0.35530465841293335, -1.8549879789352417, -1.0334193706512451, 2.6893279552459717, 0.0504845529794693, -0.8035970330238342, -0.919745147228241, 0.6471230387687683, 0.023611389100551605, 1.808701992034912, -0.3383721113204956]",yunet,Facenet,1920,1080,/home/amos/media/tv/modern_family/Modern.Family.S09.1080p.DSNP.WEB-DL.DDP5.1.H.264-CRFW/Modern.Family.S09E21.The.Escape.1080p.DSNP.WEB-DL.DDP5.1.H.264-CRFW.mkv,Modern Family,2009,1442437,9,21,Sarah Hyland,91351.0,0.645
493,1086,462,1302,792,1176,594,1122,588,0.918,10560,0,"[-1.034696102142334, -1.3887475728988647, 0.9460985064506531, 2.075822353363037, 0.36365342140197754, 0.41584348678588867, 0.6761451363563538, -1.5793997049331665, -0.4369976818561554, 1.6329768896102905, -1.1172032356262207, -1.2079538106918335, 0.44750791788101196, 1.5965057611465454, -0.22871708869934082, -1.2838584184646606, -1.6455694437026978, -2.3324215412139893, -1.374140739440918, 0.6490463018417358, -0.10679946094751358, -0.3159126937389374, 0.18685391545295715, 1.2961739301681519, 0.10867556929588318, 1.0513865947723389, 1.2898262739181519, -1.2184191942214966, 2.9023756980895996, 0.9215745329856873, 0.20039008557796478, -0.8211633563041687, -1.3495920896530151, 0.09037066251039505, 1.035898208618164, -0.4238292872905731, -1.1233608722686768, -1.1737406253814697, 0.20311307907104492, -2.1413466930389404, 0.5237131714820862, 0.6869618892669678, -0.8278272151947021, 1.5508193969726562, -0.31431740522384644, -1.201719880104065, 0.24340444803237915, 1.0845682621002197, -0.5359495878219604, 0.4434623420238495, -0.7321905493736267, 1.628038763999939, 0.38540327548980713, 0.21398739516735077, -1.4060492515563965, 0.4360131621360779, 2.53739857673645, -1.228037714958191, 0.4114375412464142, 2.067126512527466, -0.30443984270095825, 0.6275377869606018, 0.8762984871864319, 0.13660866022109985, -1.595894455909729, 2.147324323654175, 0.07919073849916458, 0.9716138243675232, 0.327136367559433, 2.0550754070281982, -0.5957524180412292, 0.13627034425735474, -0.5410318374633789, 0.084374338388443, -0.24394288659095764, -0.1781584918498993, -0.1114107221364975, -1.775941252708435, -0.5793430209159851, -0.03465961664915085, -0.1643252968788147, -0.6658483743667603, 0.8538645505905151, 1.170676350593567, 1.1978923082351685, -1.360499620437622, 0.16251084208488464, 0.03292081505060196, 0.7598251104354858, -2.1673130989074707, -0.6249358057975769, 0.4358578324317932, 0.007625356316566467, 1.0726141929626465, 0.8216397762298584, 1.6829339265823364, -0.04942882061004639, -0.11680922657251358, -0.38061001896858215, -1.8229644298553467, 0.4523014426231384, -0.6245846748352051, -1.5329184532165527, 1.2604124546051025, 2.0469136238098145, 0.6351052522659302, -0.08973182737827301, -0.9441318511962891, 1.0259897708892822, -0.609645664691925, 1.4760996103286743, -0.9814767241477966, 0.3768661618232727, 0.3772815763950348, -0.4323044717311859, 0.08641289174556732, -0.3702021837234497, 0.07131628692150116, -0.9043420553207397, 0.33449268341064453, 2.9283571243286133, -0.714870810508728, -0.11155267059803009, -1.280576229095459, 0.39513587951660156, -0.18870633840560913, 2.0329172611236572, -0.2892879247665405]",yunet,Facenet,1920,1080,/home/amos/media/tv/modern_family/Modern.Family.S09.1080p.DSNP.WEB-DL.DDP5.1.H.264-CRFW/Modern.Family.S09E21.The.Escape.1080p.DSNP.WEB-DL.DDP5.1.H.264-CRFW.mkv,Modern Family,2009,1442437,9,21,Sarah Hyland,91351.0,0.676
494,1470,156,1638,372,1578,240,1506,240,0.907,10560,1,"[-0.3927016258239746, 2.2122111320495605, -0.6267440915107727, -0.45031487941741943, 0.5895445346832275, 0.08537160605192184, -2.5027453899383545, 1.3852542638778687, -0.5730910897254944, -0.1254875361919403, -0.7688421010971069, 0.08879045397043228, 0.08985234797000885, 1.2863709926605225, 0.5447900295257568, -0.7699443697929382, 0.44641438126564026, -1.2569833993911743, -0.5848203897476196, 0.4866715967655182, 1.2764427661895752, 1.578649640083313, 0.11082968860864639, 0.32683783769607544, -0.654179573059082, 0.554032564163208, -1.4933545589447021, 0.7740171551704407, 1.3905433416366577, -0.3331352770328522, -0.16753746569156647, 0.5422597527503967, -0.34567564725875854, -1.0652979612350464, 1.4836679697036743, -1.0204702615737915, 1.0769948959350586, -0.9908490777015686, -0.37850451469421387, 0.1833295077085495, -0.64101243019104, -1.5727797746658325, -1.4854851961135864, -1.475568413734436, -1.1688487529754639, -0.3081333637237549, 1.4312310218811035, -0.515630841255188, 0.5553467869758606, 0.25350135564804077, -1.2453374862670898, 2.018584966659546, 0.2516495883464813, -1.0464125871658325, -0.7242539525032043, -0.03483402729034424, 1.882768988609314, -1.65599524974823, -0.054434120655059814, 0.08743273466825485, -0.9877109527587891, -0.2926877439022064, 0.15764692425727844, 0.5985095500946045, -0.9047510027885437, 0.0339762382209301, 2.900493860244751, 1.4627768993377686, 0.8073030114173889, 0.7691301107406616, 0.944151759147644, 0.6038670539855957, -0.1586662381887436, 1.3030258417129517, 0.38782456517219543, 0.510422945022583, 1.722975254058838, -0.8376914858818054, -1.801120400428772, -1.4490216970443726, -0.3849859833717346, -0.4344269037246704, -0.08184661716222763, 0.3334248661994934, 2.3187167644500732, 0.7476738691329956, -1.9687212705612183, -1.288098931312561, -0.24149611592292786, -0.0819387435913086, 0.559283435344696, -1.156068205833435, 0.45780107378959656, -1.3696911334991455, -0.1164284199476242, 1.278843641281128, 1.1500365734100342, 3.0000789165496826, 0.06165681779384613, -2.275268793106079, -0.8985088467597961, -0.14819613099098206, 0.010283000767230988, -0.46536898612976074, -0.15146924555301666, 0.6579211950302124, 0.6640181541442871, 0.8979870080947876, 1.6764447689056396, 2.106325626373291, -2.52825927734375, 1.5466700792312622, 0.02043841779232025, -0.2970419228076935, 0.7403711676597595, -1.2265613079071045, 0.4313749372959137, -1.3857402801513672, 0.2802704870700836, -0.25723370909690857, 1.5652967691421509, -0.21673813462257385, -0.6779193878173828, -0.7930477857589722, 1.9118777513504028, -1.1184371709823608, -0.45080357789993286, 1.4043972492218018]",yunet,Facenet,1920,1080,/home/amos/media/tv/modern_family/Modern.Family.S09.1080p.DSNP.WEB-DL.DDP5.1.H.264-CRFW/Modern.Family.S09E21.The.Escape.1080p.DSNP.WEB-DL.DDP5.1.H.264-CRFW.mkv,Modern Family,2009,1442437,9,21,Jim Piddock,120560.0,0.648
495,522,132,768,474,714,258,588,258,0.906,10560,2,"[-1.3179309368133545, -1.8286426067352295, -1.5603841543197632, 0.4186082184314728, -0.8945705890655518, -0.3148249685764313, 1.270272135734558, -0.08693265914916992, 0.8935947418212891, -0.9550662636756897, 0.10951174050569534, -0.9907801747322083, -0.7414180636405945, 0.4337905943393707, -0.21503904461860657, -0.44092947244644165, -0.7799988985061646, 0.17913462221622467, -0.21832329034805298, 0.04719310626387596, 0.9640148878097534, -1.6976796388626099, 0.6094104647636414, -1.0438073873519897, 1.0178601741790771, 0.3629550635814667, 0.916511058807373, -2.607008457183838, 0.365261435508728, 0.24561356008052826, -0.9140236377716064, 0.5060271620750427, -1.2684296369552612, 1.2176258563995361, -0.5642103552818298, -0.11780926585197449, -0.6017096042633057, 0.25810155272483826, 1.298832654953003, -2.103018045425415, 1.2374494075775146, 2.0517828464508057, -2.230318784713745, -1.3543832302093506, 0.1988442987203598, -1.4017261266708374, 0.937777042388916, 0.339748740196228, 0.9748135209083557, 0.6974673271179199, -1.6856518983840942, 0.7828639149665833, -0.5192842483520508, 0.1252862960100174, -0.16006365418434143, -1.2892800569534302, 1.704579472541809, 2.5925605297088623, -0.5940163135528564, 1.3927162885665894, 0.7562544941902161, -1.5868092775344849, 0.6843832731246948, 1.079399585723877, 2.0349385738372803, 0.48993372917175293, 0.6205096244812012, 0.9130204319953918, 0.22618511319160461, 0.26536673307418823, 0.3260733485221863, 1.2910785675048828, -2.377021312713623, 0.5489991903305054, 0.653996467590332, -2.2961935997009277, -0.5879502296447754, 0.39821624755859375, -0.5223237872123718, 0.026750169694423676, -2.5120973587036133, -0.6497480869293213, 2.0121915340423584, -1.3993090391159058, -1.6838234663009644, 2.536947011947632, -0.4562043845653534, -0.8813337683677673, -2.3995890617370605, -1.4066599607467651, 1.8291743993759155, -0.016720566898584366, -0.4251985251903534, 0.7984746694564819, -0.44842731952667236, 1.3725011348724365, -1.9060828685760498, 0.48946326971054077, -0.16786351799964905, 0.6012784838676453, -1.4134918451309204, 1.3358350992202759, 0.5915795564651489, 0.7952664494514465, 0.7100528478622437, 0.167632594704628, -1.0706846714019775, -0.4291856586933136, -1.60466468334198, -0.3743399977684021, -0.8696732521057129, -0.6145507097244263, 1.1687169075012207, -0.4242216646671295, -0.27529212832450867, 0.26936075091362, -0.18931783735752106, 0.1727457493543625, -0.6207982301712036, 1.2768727540969849, -0.2736641764640808, 1.1502846479415894, 0.6134467124938965, -1.6729958057403564, -2.4460718631744385, -0.00900927186012268, -0.9425098299980164, -0.5386435985565186]",yunet,Facenet,1920,1080,/home/amos/media/tv/modern_family/Modern.Family.S09.1080p.DSNP.WEB-DL.DDP5.1.H.264-CRFW/Modern.Family.S09E21.The.Escape.1080p.DSNP.WEB-DL.DDP5.1.H.264-CRFW.mkv,Modern Family,2009,1442437,9,21,Chris Geere,62879.0,0.631
496,1494,150,1656,354,1584,234,1518,228,0.903,10584,0,"[-0.25837284326553345, 2.4074838161468506, -0.20145507156848907, 0.21262109279632568, 0.3938711881637573, -0.7163048982620239, -2.90281081199646, 2.179069995880127, -0.19591286778450012, -0.804693877696991, -0.5604678392410278, 0.1973639875650406, 0.4614964723587036, 1.4524486064910889, 0.5228159427642822, -0.643488883972168, 0.06823037564754486, -1.3359261751174927, -1.2184025049209595, 1.4255919456481934, 0.8428061008453369, 2.566478967666626, -0.2800671458244324, 0.43482837080955505, -0.3637719452381134, 0.16370953619480133, -1.156119704246521, 1.2620991468429565, 1.4072555303573608, -0.6851677894592285, -0.430751234292984, 0.5719181299209595, -0.21462704241275787, -0.8809608221054077, 0.9066494107246399, -0.3519035577774048, 0.7498342990875244, -2.416196584701538, -0.7684640288352966, -0.1767602264881134, -0.7120712995529175, -1.9171522855758667, -1.7541404962539673, -1.5004489421844482, -1.1252779960632324, 0.03297087922692299, 1.664762020111084, -1.0591259002685547, 0.07099640369415283, 0.9271382093429565, -0.6465564370155334, 1.8672820329666138, 0.42840495705604553, -1.1464455127716064, -0.2699390947818756, -0.938883900642395, 0.9064692258834839, -1.5294044017791748, 0.07552862167358398, 0.06174805015325546, -1.0532381534576416, -0.8463850617408752, 0.42207610607147217, -0.20342528820037842, -0.2729094624519348, -0.28680574893951416, 2.344865560531616, 1.0526622533798218, 0.09526323527097702, 0.7121506929397583, 0.9546282291412354, -0.028910286724567413, 0.12054413557052612, 1.4792346954345703, -0.2388973832130432, 0.4323437213897705, 2.0286448001861572, -0.4739326238632202, -0.4921149015426636, -0.8737858533859253, -0.06634105741977692, -0.5300353765487671, 0.7263405919075012, 0.8428203463554382, 2.8277523517608643, 0.34564703702926636, -1.829494833946228, -1.2180501222610474, 0.07426303625106812, -0.4757121801376343, 0.6449535489082336, -0.5395578145980835, -0.3854193389415741, -1.4849472045898438, -0.3939545154571533, 0.6857649683952332, 1.0014383792877197, 3.010387659072876, 0.07714453339576721, -2.3150875568389893, -0.9307724237442017, 0.2656925320625305, -0.031308650970458984, -0.1316589117050171, -0.6023856997489929, 1.0470497608184814, 1.2200297117233276, 1.461438536643982, 0.8593253493309021, 2.2026944160461426, -2.105262279510498, 1.4711331129074097, 0.8240317106246948, -0.801170825958252, 1.6216390132904053, -1.172804832458496, 1.2036147117614746, -1.5916608572006226, 0.7144761681556702, -0.7681241035461426, 1.6096546649932861, -0.4856925308704376, -1.0739858150482178, -0.5337260961532593, 2.172858238220215, -1.3061903715133667, -0.9581101536750793, 1.9449880123138428]",yunet,Facenet,1920,1080,/home/amos/media/tv/modern_family/Modern.Family.S09.1080p.DSNP.WEB-DL.DDP5.1.H.264-CRFW/Modern.Family.S09E21.The.Escape.1080p.DSNP.WEB-DL.DDP5.1.H.264-CRFW.mkv,Modern Family,2009,1442437,9,21,Jim Piddock,120560.0,0.655
497,450,168,714,510,636,324,516,318,0.912,10608,0,"[0.6341361999511719, -1.6641842126846313, -1.084946870803833, -1.4571682214736938, 0.3515509068965912, 1.7694207429885864, 0.34791263937950134, 1.7607327699661255, 1.4339838027954102, -0.8748434782028198, 1.583748459815979, -0.8444485664367676, -2.0036187171936035, 0.7592302560806274, -0.9285805225372314, -0.7705807089805603, -1.757919192314148, 0.39936912059783936, 0.4620080888271332, -1.0185062885284424, 0.5652189254760742, -1.0172632932662964, -0.975861132144928, -1.1309348344802856, 0.5031958818435669, -0.402364045381546, 0.980392336845398, -2.4892616271972656, -0.24728073179721832, -0.7185820937156677, 0.1534745991230011, 1.6329259872436523, 0.41793206334114075, -0.559805691242218, -0.7854086756706238, 0.08742386102676392, -0.9142170548439026, -0.1519956886768341, 0.9782763719558716, 0.07914888858795166, 1.740117073059082, -0.22460860013961792, -0.6896398067474365, -2.2633392810821533, 1.054060459136963, -1.656485915184021, -0.4307321608066559, 1.1032027006149292, 2.3832314014434814, -1.1423888206481934, -1.8181571960449219, 0.8155004978179932, -0.30330321192741394, 0.22777728736400604, 0.9333782196044922, -0.8759504556655884, 0.6729558110237122, 1.41683828830719, -0.5018024444580078, 0.7786080241203308, 1.0058965682983398, -0.8268951773643494, 1.258763074874878, 1.467618703842163, 1.8104610443115234, 1.1317088603973389, 0.7791444063186646, 1.2596131563186646, -0.30057671666145325, 0.11702154576778412, -0.42290404438972473, 0.9586710929870605, -1.7431973218917847, 1.4514409303665161, 0.41915419697761536, -2.9396297931671143, -0.6335722208023071, 1.0057320594787598, -0.4284880459308624, 2.1581196784973145, -2.0554094314575195, -0.604505181312561, 1.617268681526184, -2.075066089630127, -1.2721893787384033, 1.0759716033935547, -2.2649669647216797, -0.5182088613510132, 0.14090484380722046, -1.5109670162200928, 0.8701716065406799, 0.43353429436683655, -0.4169243574142456, 0.5326621532440186, 0.6521186828613281, 0.4985538125038147, -2.5218942165374756, 0.8447505235671997, -0.15679332613945007, 0.9076264500617981, -1.3161548376083374, -0.9584914445877075, 0.16329821944236755, 1.3920040130615234, 0.468991756439209, 0.6967702507972717, 0.3191259801387787, -0.19495218992233276, -1.2719511985778809, 0.2878834307193756, -0.0677194744348526, -0.9791911244392395, 0.42070162296295166, -0.9598076939582825, -0.5816580653190613, 0.426491379737854, 0.6678212881088257, 0.7207019329071045, 0.1576160192489624, 0.4673938751220703, -1.9110162258148193, 2.155942916870117, 1.151699185371399, -0.25961387157440186, -1.6024450063705444, 0.922070324420929, -1.6415724754333496, -0.024648215621709824]",yunet,Facenet,1920,1080,/home/amos/media/tv/modern_family/Modern.Family.S09.1080p.DSNP.WEB-DL.DDP5.1.H.264-CRFW/Modern.Family.S09E21.The.Escape.1080p.DSNP.WEB-DL.DDP5.1.H.264-CRFW.mkv,Modern Family,2009,1442437,9,21,,,
498,1500,156,1662,360,1584,234,1530,234,0.901,10608,1,"[-0.8376004695892334, 1.9944711923599243, -0.9685213565826416, 0.346886545419693, 0.3460941016674042, -0.750679612159729, -3.0912277698516846, 1.8824535608291626, -0.0701446533203125, -0.794167160987854, 0.673567533493042, -0.0527026429772377, 1.1708476543426514, 0.5127842426300049, 0.7380738258361816, -0.4075453281402588, 0.4655453860759735, -1.1477144956588745, -1.552659034729004, 2.1540849208831787, 1.141022801399231, 2.2110745906829834, -0.8489020466804504, 0.6058538556098938, -0.9497956037521362, -0.20309695601463318, -0.863915205001831, 0.736423134803772, 0.9700620770454407, -0.4936603605747223, -0.04891645908355713, 0.6961585879325867, -0.18804967403411865, -0.5908937454223633, 0.6190544366836548, 0.11969117820262909, 1.0222615003585815, -2.112990379333496, -0.4317336082458496, 0.12469886243343353, -0.004444871097803116, -1.4948593378067017, -1.5531277656555176, -1.4038211107254028, -1.550805687904358, -0.2724685072898865, 2.4180188179016113, -0.6405713558197021, -0.34039461612701416, 1.1189765930175781, -1.3127586841583252, 2.522388458251953, -0.12180101126432419, -0.03617391735315323, 0.23976558446884155, -1.4135199785232544, 0.7193183302879333, -1.0046461820602417, -0.5841094255447388, -0.5297042727470398, -0.6881150603294373, -1.1539559364318848, 0.6102316975593567, -0.07718096673488617, 0.17345088720321655, -0.05897305905818939, 1.9793527126312256, 1.174172043800354, -0.506274402141571, -0.39828455448150635, 0.8041613698005676, -0.5120360851287842, -0.21192391216754913, 1.3364204168319702, 0.022439928725361824, 0.6930112838745117, 1.3730242252349854, -0.6436066031455994, -0.766943633556366, -0.8079379796981812, -0.2541774809360504, -0.8716835975646973, 0.5415776371955872, 1.2639007568359375, 2.9914188385009766, 1.4790538549423218, -2.4547388553619385, -0.04201950877904892, -0.12037941813468933, -0.9119356870651245, 0.6248600482940674, -0.5305044054985046, 0.8418542742729187, -0.9179801940917969, 0.10925182700157166, 1.407278060913086, 0.760581374168396, 2.6340014934539795, -0.6111815571784973, -2.501877546310425, -0.6955852508544922, 0.6726276278495789, -0.21889877319335938, -0.4564184546470642, -0.9321617484092712, 0.9121489524841309, 1.23371160030365, 1.6455978155136108, 1.1857801675796509, 1.95144522190094, -2.2057301998138428, 1.3332667350769043, 1.3916215896606445, -1.34938383102417, 0.47912344336509705, -1.396934986114502, 0.12988750636577606, -2.0285773277282715, 0.7518647313117981, -0.3920190930366516, 0.22204120457172394, -0.14562959969043732, -0.3602825403213501, -1.8375496864318848, 2.097456693649292, -0.6670587658882141, -0.5502575039863586, 2.1428890228271484]",yunet,Facenet,1920,1080,/home/amos/media/tv/modern_family/Modern.Family.S09.1080p.DSNP.WEB-DL.DDP5.1.H.264-CRFW/Modern.Family.S09E21.The.Escape.1080p.DSNP.WEB-DL.DDP5.1.H.264-CRFW.mkv,Modern Family,2009,1442437,9,21,Jim Piddock,120560.0,0.589
499,510,138,750,486,642,276,540,276,0.908,10632,0,"[0.2059255838394165, -1.4474042654037476, -1.301493525505066, -1.3543932437896729, 0.5317789912223816, 0.5355693697929382, -0.20875489711761475, 1.0655269622802734, 1.7745440006256104, -0.5980340242385864, 0.5997832417488098, -0.22941535711288452, -2.6199941635131836, 0.90528404712677, -0.4164087474346161, -0.1995212286710739, -0.9395308494567871, -0.09187041223049164, 0.3444201350212097, -1.339787483215332, 1.1974612474441528, -2.443063259124756, 0.11313606053590775, -0.4414770007133484, 0.600955605506897, -0.7084372639656067, 0.9726519584655762, -2.317185878753662, -0.6577688455581665, 0.05027243494987488, -0.6940138339996338, 1.4427521228790283, -0.3763912320137024, 0.0851922556757927, -0.7445175647735596, 0.8761445879936218, -1.1847738027572632, -0.15997490286827087, 0.3110051453113556, -0.4363301694393158, 0.25838470458984375, 0.25585776567459106, -1.2103891372680664, -1.8065321445465088, 0.305440753698349, -0.8836345076560974, 0.30951473116874695, 1.6137605905532837, 0.32475191354751587, 0.01943058706820011, -1.3689277172088623, 0.8997257351875305, -0.032498739659786224, 0.042150259017944336, 1.5584440231323242, -1.2200977802276611, 0.44551974534988403, 2.573910713195801, 1.0628420114517212, 1.404870867729187, 0.2721506953239441, -1.132179856300354, 1.2100880146026611, 1.8000407218933105, 3.0694425106048584, -0.033609479665756226, -0.17251649498939514, 1.7630876302719116, 0.3008066415786743, -0.42911720275878906, -0.569331705570221, 0.12473174929618835, -2.735596179962158, 1.8820090293884277, -0.4032987952232361, -1.797301173210144, -0.6217426061630249, 0.3822336792945862, -0.9569421410560608, -0.6428800225257874, -1.9055191278457642, -0.49598070979118347, 1.2637009620666504, -1.3756637573242188, -1.7513835430145264, 0.3922502398490906, -0.9762855172157288, -1.018524169921875, -1.7231091260910034, -1.7964962720870972, 1.0507348775863647, -0.1387692242860794, 0.17157094180583954, -0.4442753493785858, -0.15708667039871216, 1.556593656539917, -2.5507595539093018, 0.21789515018463135, -0.09947921335697174, 2.160788059234619, -2.7119247913360596, -0.24086415767669678, 0.12337328493595123, 0.227244570851326, -0.9205532670021057, -1.174958348274231, -0.7962849736213684, 0.44980812072753906, -0.5389561057090759, -0.6941367983818054, -0.39449673891067505, -1.6877232789993286, 1.0954002141952515, -0.5901974439620972, -0.08652930706739426, 0.8517979383468628, 1.538565993309021, 1.2074579000473022, -0.09376620501279831, 1.8035744428634644, -1.152901291847229, 1.2361671924591064, 0.7529522776603699, -1.4268198013305664, -1.4841200113296509, 0.6601814031600952, -0.7245817184448242, -0.9727881550788879]",yunet,Facenet,1920,1080,/home/amos/media/tv/modern_family/Modern.Family.S09.1080p.DSNP.WEB-DL.DDP5.1.H.264-CRFW/Modern.Family.S09E21.The.Escape.1080p.DSNP.WEB-DL.DDP5.1.H.264-CRFW.mkv,Modern Family,2009,1442437,9,21,Chris Geere,62879.0,0.638
500,414,216,672,564,630,348,516,348,0.919,10680,0,"[1.083030104637146, 0.25194332003593445, 1.3665822744369507, -0.6789146661758423, 1.300683856010437, -0.06738393008708954, -0.9038684964179993, 0.9775999188423157, 1.2594377994537354, -1.0431301593780518, 0.5788015127182007, 0.6936827301979065, 0.3140031695365906, 0.624321460723877, -0.32554352283477783, 0.06966260820627213, -0.19862118363380432, 0.2528938055038452, 1.1343514919281006, 0.9637571573257446, -1.5287665128707886, 0.6098721027374268, 1.6059447526931763, 0.5965197682380676, 1.0595871210098267, 1.5872756242752075, 1.2621021270751953, 0.4147283136844635, -0.4326520562171936, -0.8063251376152039, -1.1415165662765503, 0.8867747187614441, -2.3333141803741455, 1.531160593032837, -1.7904614210128784, -0.4573078751564026, 0.5263186693191528, 0.5581623315811157, 0.13359948992729187, 0.6064884662628174, 0.02428564801812172, -0.9299225211143494, 0.3913494050502777, 1.3158974647521973, -1.8882629871368408, -0.41775593161582947, -0.6583489179611206, -2.6934263706207275, 0.5599406957626343, 1.211077332496643, 1.0100629329681396, -0.04579358920454979, 0.669402539730072, -0.210362508893013, 1.497978687286377, -2.764395236968994, -0.017812099307775497, -0.9627285003662109, -0.9000709056854248, 0.7806419730186462, 0.7262983918190002, -1.2680552005767822, 1.7060678005218506, -1.1621513366699219, -0.958265483379364, -0.6019930243492126, -1.4007409811019897, 0.4034072458744049, -1.312777042388916, 1.0756487846374512, -1.6270779371261597, 0.99967360496521, -0.35131996870040894, 0.8930379748344421, 0.22218884527683258, 1.4038515090942383, -1.2075262069702148, 0.7467174530029297, 0.5254307389259338, -0.13469189405441284, -0.8601795434951782, 1.4978400468826294, 0.41724032163619995, 0.6466993093490601, -0.5943993926048279, 0.6698437929153442, -0.08311836421489716, -0.5167228579521179, -0.04679081588983536, -0.7493810653686523, 0.5766271352767944, -1.9700071811676025, -0.96162348985672, -1.6238237619400024, 1.608612298965454, -1.2482049465179443, -1.1594600677490234, 0.5706067085266113, 0.8423168063163757, -2.589080810546875, 1.201917290687561, -0.26393187046051025, -0.8959202766418457, -0.5976065397262573, -0.3440811038017273, 0.7049340009689331, -1.3500982522964478, 0.6274398565292358, -1.4176104068756104, -1.5747650861740112, 1.1033042669296265, -0.047054752707481384, 1.1128326654434204, -1.1319422721862793, 1.4646011590957642, 0.6160827875137329, -1.0830492973327637, -1.7210890054702759, 0.7861816883087158, 0.13567031919956207, -0.2385551780462265, -0.46117648482322693, -0.5377949476242065, -0.8295512199401855, -0.36214500665664673, -1.1757937669754028, -0.3366812467575073, 0.1860143095254898]",yunet,Facenet,1920,1080,/home/amos/media/tv/modern_family/Modern.Family.S09.1080p.DSNP.WEB-DL.DDP5.1.H.264-CRFW/Modern.Family.S09E21.The.Escape.1080p.DSNP.WEB-DL.DDP5.1.H.264-CRFW.mkv,Modern Family,2009,1442437,9,21,Kate Burton,20879.0,0.725
501,732,168,966,474,864,282,774,288,0.922,10704,0,"[1.1335078477859497, -0.7794790267944336, -1.1236848831176758, -1.422910451889038, -1.0736665725708008, 1.908841609954834, 0.30511048436164856, 0.9425315260887146, 1.5010980367660522, -0.2969698905944824, 1.06309175491333, -0.22542789578437805, -2.38982892036438, 1.2344661951065063, -1.281523585319519, -1.0055938959121704, -0.4746430814266205, -0.8864051699638367, 0.7125203013420105, -0.9876316785812378, 1.1570740938186646, -1.8882758617401123, 0.8928433060646057, -1.9683340787887573, 0.6483842730522156, -1.1847666501998901, 0.8088629245758057, -3.1658973693847656, -0.04746558517217636, -0.5510238409042358, -0.8780672550201416, 1.0341870784759521, 0.2122911661863327, 0.22643789649009705, -0.3608038127422333, 0.6527551412582397, -1.5241138935089111, 1.5498889684677124, 1.0726414918899536, -0.9389752149581909, 0.948129415512085, 0.5083455443382263, -2.1183247566223145, -1.9219681024551392, 0.041750647127628326, -1.6340396404266357, -0.32429537177085876, 1.637290120124817, 0.882409930229187, -0.6587347984313965, -0.3331207036972046, 0.8665230870246887, 0.054584670811891556, -0.7656247615814209, 1.0177483558654785, -0.5543937087059021, 0.4546320140361786, 2.292337417602539, -0.075407475233078, -0.6163257360458374, 0.011981941759586334, -1.2857637405395508, -0.3116587996482849, 0.6214867234230042, 2.577307939529419, -0.27478963136672974, 0.0359291136264801, 1.5744659900665283, -0.7880916595458984, -0.018186300992965698, -0.8081197142601013, 0.9730346202850342, -2.5839836597442627, 0.8809869289398193, -0.04707631096243858, -1.3878936767578125, -0.3623194992542267, 0.19153374433517456, -1.2793387174606323, -0.6163429617881775, -1.5988690853118896, -0.19300612807273865, 1.59190833568573, -1.648671269416809, -0.975915789604187, 0.5641697645187378, -0.26694977283477783, -1.1212159395217896, -1.6648391485214233, -1.642145037651062, 0.1186906173825264, 0.09838123619556427, 0.7685871124267578, 0.5068155527114868, 0.31195318698883057, 0.6401799917221069, -1.4477468729019165, 0.8647845983505249, 0.19348789751529694, 1.1920833587646484, -1.8427809476852417, -0.2935190796852112, -0.3814008831977844, 0.9198387861251831, -0.6217811703681946, 0.7268548607826233, 0.430317759513855, 0.6990001201629639, -0.3833140730857849, -0.3843952715396881, -0.4465330243110657, -0.38896334171295166, 0.17416557669639587, -1.0473480224609375, -0.7063127756118774, 1.4411649703979492, 0.8059996366500854, 0.38438981771469116, -0.21806111931800842, 0.5957047939300537, -1.152374029159546, 1.7674217224121094, 0.4324643611907959, -0.13943316042423248, -0.4645581841468811, 0.4083687961101532, -2.1319618225097656, 0.05870342627167702]",yunet,Facenet,1920,1080,/home/amos/media/tv/modern_family/Modern.Family.S09.1080p.DSNP.WEB-DL.DDP5.1.H.264-CRFW/Modern.Family.S09E21.The.Escape.1080p.DSNP.WEB-DL.DDP5.1.H.264-CRFW.mkv,Modern Family,2009,1442437,9,21,Chris Geere,62879.0,0.72
502,1410,450,1590,690,1506,546,1422,546,0.915,10704,1,"[-1.7742462158203125, -1.1878771781921387, -0.054109297692775726, 2.246644973754883, 0.5348715782165527, 0.053366824984550476, 0.3231349587440491, -2.2915496826171875, 0.3497816026210785, 1.5207393169403076, -2.374361753463745, 0.8962212800979614, 0.9566453099250793, 0.061690524220466614, -1.1338300704956055, 0.5715816020965576, -1.2279083728790283, 0.8339465260505676, -0.556212306022644, 0.42697346210479736, 0.7665261030197144, 1.3939284086227417, 0.2971493899822235, 0.6355550289154053, -0.21471302211284637, 1.0357872247695923, 0.4480128586292267, -1.5974795818328857, 3.4104812145233154, 1.0034255981445312, 0.5067811608314514, -1.2773730754852295, -0.5209676027297974, -0.823148787021637, 0.841175377368927, -2.0629281997680664, -2.095034599304199, 1.036158800125122, -1.0040991306304932, -1.9374678134918213, -0.6980008482933044, 0.931012749671936, 0.6614327430725098, 2.201188087463379, -0.10765409469604492, 0.06998558342456818, 0.041236761957407, 0.40056946873664856, -0.36543208360671997, 0.9156771898269653, 0.5365771055221558, 0.9180057048797607, 0.6959828734397888, -0.12897035479545593, 0.39638546109199524, -0.8673646450042725, 0.5319143533706665, -0.39860376715660095, -0.4275880455970764, 0.8921656012535095, 0.2848438024520874, 0.9916043877601624, -1.654171109199524, 0.003040468320250511, -0.8230053782463074, 2.0763628482818604, 0.27661553025245667, 0.14436613023281097, 0.10021207481622696, 0.10684613883495331, -0.030216172337532043, -0.19200915098190308, -0.13189877569675446, -0.056557536125183105, 0.5746324062347412, -0.2466767132282257, -0.07316570729017258, -0.3452018201351166, 0.38306957483291626, -0.8920803666114807, -0.7939768433570862, 0.1716727912425995, 0.42543259263038635, 1.5261223316192627, -0.8900666832923889, 0.6045342683792114, 0.4132120609283447, -0.23516994714736938, -0.11062747240066528, -1.9115358591079712, 0.4017919898033142, 1.6281077861785889, 0.4165908396244049, 0.7327133417129517, 1.5890010595321655, 0.8310168981552124, 0.3736363351345062, 0.12253192067146301, 0.09044931828975677, -2.705501079559326, 0.6686932444572449, -0.136391282081604, -0.8361690640449524, 1.0080033540725708, 1.1327629089355469, -0.9879472851753235, -0.11533567309379578, 0.07590052485466003, 0.6434280872344971, -1.4403102397918701, 0.8854985237121582, -0.4076195955276489, 0.12645429372787476, 1.4133379459381104, -1.278319001197815, 0.48122820258140564, -0.5232317447662354, 1.139827847480774, -1.7269905805587769, 0.23820112645626068, 1.484078288078308, -0.16276337206363678, -0.49981409311294556, -0.7027319073677063, 0.39678066968917847, -0.30072712898254395, 0.9084975719451904, -1.5328631401062012]",yunet,Facenet,1920,1080,/home/amos/media/tv/modern_family/Modern.Family.S09.1080p.DSNP.WEB-DL.DDP5.1.H.264-CRFW/Modern.Family.S09E21.The.Escape.1080p.DSNP.WEB-DL.DDP5.1.H.264-CRFW.mkv,Modern Family,2009,1442437,9,21,Sarah Hyland,91351.0,0.666
503,744,168,966,474,870,282,780,288,0.923,10728,0,"[0.18070128560066223, -1.2935729026794434, -1.3936718702316284, -0.4546564519405365, -1.3938233852386475, 0.9391504526138306, 0.24227239191532135, 0.319144070148468, 0.6751648783683777, -0.8028036952018738, 1.4871183633804321, -0.7882406115531921, -1.4805318117141724, 0.7960810661315918, -0.644542932510376, -1.3257476091384888, -0.7967873811721802, -0.5183999538421631, 0.44604402780532837, -0.898457407951355, 0.42570242285728455, -1.7859551906585693, 0.37821832299232483, -1.1697498559951782, 1.3123395442962646, -0.5389496684074402, 1.19708251953125, -1.8965345621109009, 0.013783622533082962, -0.9818701148033142, -1.0138236284255981, 1.634820580482483, -0.27058109641075134, 0.41234856843948364, -0.38047268986701965, 0.6740677952766418, -0.9041206240653992, -0.10113015025854111, 0.3688855469226837, -1.779800534248352, 0.822844922542572, 1.2015228271484375, -1.1809086799621582, -1.5795830488204956, 0.6052724123001099, -1.618290901184082, 0.7366544008255005, 1.7649697065353394, 0.7491608262062073, 0.19333516061306, 0.6077937483787537, 0.02532842941582203, -0.025330200791358948, -0.2958167791366577, 1.0403188467025757, -0.7081004977226257, 0.5084428787231445, 3.092611074447632, -0.16304448246955872, -0.02272344008088112, 0.5796966552734375, -1.5620485544204712, 0.5906453728675842, 1.0369161367416382, 2.27156400680542, 0.07892122864723206, -0.4246237874031067, 0.41473421454429626, -0.2311137318611145, -1.0425121784210205, -0.3064292371273041, 0.010000735521316528, -2.6441314220428467, 2.062472343444824, -0.8906790018081665, -1.3521438837051392, -0.19580315053462982, 0.9447084069252014, 0.07620982080698013, 0.010533712804317474, -1.8194772005081177, 0.6046993732452393, 1.648533821105957, -1.115418553352356, -1.036856770515442, 0.556190013885498, 0.86554354429245, -0.5819764733314514, -1.145359992980957, -1.977838158607483, -0.06123960763216019, 0.6773859858512878, 0.49097517132759094, 1.5656660795211792, 0.6120624542236328, 1.4770562648773193, -2.0804457664489746, 0.10829497128725052, -0.06450263410806656, 1.0656993389129639, -1.915219783782959, -0.5873482823371887, 0.9664309620857239, 0.6224536299705505, -0.8157765865325928, -0.17834356427192688, 0.04839791730046272, 1.3806029558181763, -0.2654280662536621, -1.4264285564422607, -0.3539181351661682, -1.6179245710372925, 0.7873983383178711, -0.17790348827838898, -0.6319722533226013, 1.767347812652588, 1.9653501510620117, 0.5357166528701782, -0.6862960457801819, 1.456066370010376, -1.8139606714248657, 1.526790976524353, 0.6716303825378418, 0.0032545565627515316, -1.0413094758987427, 1.761141300201416, -1.479712724685669, -1.4736772775650024]",yunet,Facenet,1920,1080,/home/amos/media/tv/modern_family/Modern.Family.S09.1080p.DSNP.WEB-DL.DDP5.1.H.264-CRFW/Modern.Family.S09E21.The.Escape.1080p.DSNP.WEB-DL.DDP5.1.H.264-CRFW.mkv,Modern Family,2009,1442437,9,21,Chris Geere,62879.0,0.764
504,1284,186,1440,384,1392,264,1320,264,0.91,10728,1,"[-0.37957775592803955, 1.5637457370758057, -0.6932461857795715, 0.7058470845222473, 0.42548665404319763, 0.04496161639690399, -1.979159951210022, 2.1037371158599854, -0.2192671298980713, -1.0635030269622803, 0.13235679268836975, 0.03030330128967762, 0.9251528978347778, 0.8866873979568481, 0.6101789474487305, -1.4983272552490234, 0.284623920917511, -1.180314540863037, -0.5835558772087097, 1.5204397439956665, 0.4033714234828949, 2.0143284797668457, -0.06551150232553482, 1.0885707139968872, -0.3546135127544403, -0.22548827528953552, -0.45417362451553345, 0.29263970255851746, 1.1601182222366333, -0.5411249995231628, -0.38090425729751587, 0.8038688898086548, -0.07047465443611145, -0.6894665956497192, 0.3933027386665344, -0.8310491442680359, 0.8791825771331787, -1.9058600664138794, -0.5335443019866943, -0.6314916610717773, -0.10687528550624847, -1.8279048204421997, -1.6519297361373901, -0.8368221521377563, -1.543623685836792, -0.45256516337394714, 2.2468833923339844, -1.4005005359649658, 0.4374396800994873, 0.695588231086731, -0.180629700422287, 1.4913690090179443, 0.967455267906189, -1.1725564002990723, -0.24519199132919312, -0.6202407479286194, 0.9030842781066895, -1.548429012298584, -0.5607854127883911, -0.18996742367744446, -1.521347999572754, -0.9529610276222229, 0.7740462422370911, -1.2427414655685425, -0.04918797314167023, -0.22478361427783966, 2.494901180267334, 0.9484238028526306, -0.7569209337234497, 0.9040637016296387, 1.1746039390563965, 0.2717127203941345, -0.09703129529953003, 1.731256365776062, -1.2257752418518066, 0.38039666414260864, 1.5085147619247437, -0.47501325607299805, -0.9578503370285034, -0.350954532623291, -0.10633987188339233, -0.5286645889282227, 0.4614114463329315, 1.0086753368377686, 3.027035713195801, 1.1101875305175781, -1.2699260711669922, -1.0638761520385742, 0.46204230189323425, -0.5557716488838196, 1.1407512426376343, -0.263558030128479, -0.9016025066375732, -0.628364622592926, -0.8024408221244812, 1.019899845123291, 1.2524244785308838, 2.2779951095581055, -0.34702518582344055, -2.6122872829437256, -0.8514226675033569, -0.5698685050010681, 0.8896152377128601, -0.3606674075126648, -0.7009113430976868, 1.092732548713684, 1.0262000560760498, 0.744450569152832, 1.5891962051391602, 2.04913592338562, -2.689697742462158, 1.4450936317443848, 1.119516134262085, -1.0967323780059814, 1.1188857555389404, -2.103520154953003, 0.24432173371315002, -1.7666670083999634, 1.2668160200119019, -0.6978841423988342, 0.5243307948112488, -0.3663816452026367, -0.7999311685562134, 0.2668052911758423, 2.053954839706421, -0.37275466322898865, -0.7751291394233704, 1.3755656480789185]",yunet,Facenet,1920,1080,/home/amos/media/tv/modern_family/Modern.Family.S09.1080p.DSNP.WEB-DL.DDP5.1.H.264-CRFW/Modern.Family.S09E21.The.Escape.1080p.DSNP.WEB-DL.DDP5.1.H.264-CRFW.mkv,Modern Family,2009,1442437,9,21,Jim Piddock,120560.0,0.707
505,1422,450,1602,714,1506,564,1428,558,0.907,10728,2,"[-2.1078426837921143, -1.405564546585083, 0.20218990743160248, 2.065422296524048, -0.11120079457759857, 0.5012516975402832, 0.15340599417686462, -1.4319515228271484, 0.10889463871717453, 2.750772714614868, -2.008714437484741, 0.7992704510688782, 1.170905351638794, -0.5412631034851074, -1.2385810613632202, 0.7687954306602478, -0.5617942810058594, 0.06019259989261627, 0.04152686893939972, 1.545919418334961, 1.4247363805770874, 0.9181722402572632, 0.7324177622795105, -0.07205864042043686, -1.3197193145751953, 0.5308333039283752, 0.394779235124588, -0.9190689921379089, 2.7068943977355957, 0.9862080812454224, -0.150451198220253, -1.4147487878799438, -0.4012804627418518, -0.9717036485671997, 1.4300596714019775, -1.6746399402618408, -1.692750334739685, 0.8550272583961487, -0.2549363970756531, -2.4723875522613525, -1.012162446975708, 0.7084383964538574, -0.6416751146316528, 2.047706127166748, 0.3298088014125824, -0.034666094928979874, -0.010420311242341995, 0.4469195008277893, -0.5015717148780823, 0.7870125770568848, 0.215115487575531, 1.694280982017517, -0.6123241186141968, -0.34240323305130005, -0.6946195363998413, -0.1544351875782013, 0.2756088078022003, 0.32734233140945435, -0.20783007144927979, 0.08943318575620651, 0.21952641010284424, 0.9587723612785339, -0.8884621858596802, -0.5044502019882202, -1.1925972700119019, 1.7122975587844849, 0.5916956663131714, 0.34107449650764465, 0.689410924911499, 0.07725553959608078, -0.4563007652759552, -0.9530094861984253, -0.6847410798072815, -0.22098512947559357, 1.2757437229156494, 0.07052665948867798, -0.41748759150505066, -1.2092196941375732, -0.5144636631011963, -0.7304746508598328, -0.29123252630233765, -0.5690640211105347, 0.667728841304779, 1.581478476524353, -0.7641956806182861, 0.0056195929646492004, 0.39145126938819885, 0.23816125094890594, -1.1362988948822021, -1.888526439666748, -0.8633673191070557, 0.39490067958831787, 0.5942432880401611, 1.4364901781082153, 0.8617377281188965, 0.09239900857210159, 0.5750507116317749, -0.5605519413948059, 0.25065287947654724, -1.399874210357666, -0.0020684190094470978, 0.9709324240684509, -1.166943907737732, 1.231340765953064, 0.3660357892513275, -0.13878989219665527, 0.32864487171173096, -0.03474324941635132, 0.7357712984085083, -0.43746495246887207, 1.5556588172912598, -0.41579127311706543, -0.33961254358291626, 1.3104238510131836, -1.0013480186462402, 1.095550537109375, -0.23025284707546234, 0.23367616534233093, -2.8106794357299805, -0.4865644574165344, 1.9116437435150146, 0.3257680833339691, -1.027397632598877, -0.8586833477020264, 0.061123836785554886, -0.5749263167381287, 0.6888161897659302, -0.9358495473861694]",yunet,Facenet,1920,1080,/home/amos/media/tv/modern_family/Modern.Family.S09.1080p.DSNP.WEB-DL.DDP5.1.H.264-CRFW/Modern.Family.S09E21.The.Escape.1080p.DSNP.WEB-DL.DDP5.1.H.264-CRFW.mkv,Modern Family,2009,1442437,9,21,Sarah Hyland,91351.0,0.713
506,1422,438,1638,726,1542,552,1464,552,0.934,10752,0,"[-1.6060413122177124, -1.1334244012832642, -0.3686913549900055, 2.882026195526123, 1.1884446144104004, 0.3710561692714691, -0.057527776807546616, -2.13309645652771, -0.9127029776573181, 2.43224835395813, -1.0596580505371094, 1.1911182403564453, 0.6808593273162842, -0.8793572187423706, -0.9276882410049438, 0.07010757923126221, -0.7703418731689453, -0.12328692525625229, -1.1130512952804565, 0.6427046060562134, 0.5749118328094482, 0.7604953646659851, 1.169367790222168, 0.4238668382167816, 0.05015639588236809, 0.2939670979976654, 1.2607828378677368, -0.5321177244186401, 3.48783802986145, 1.5675543546676636, 0.3421344757080078, -1.4006863832473755, -1.0799201726913452, -1.2467982769012451, 1.6970819234848022, -2.0458481311798096, -1.7224550247192383, 1.3221783638000488, -0.9749382138252258, -1.2375221252441406, -0.6343215703964233, 0.47090092301368713, 0.49390292167663574, 2.5644307136535645, -0.031182466074824333, -0.8960310816764832, 0.532329797744751, -0.13552185893058777, 0.44691532850265503, 0.48186978697776794, -0.23079679906368256, 1.1654610633850098, 2.0038270950317383, -0.1785510778427124, 0.041143421083688736, -0.12699855864048004, 0.613735020160675, -0.0376463457942009, -0.029178481549024582, 0.8111463785171509, 0.16352030634880066, 0.40801000595092773, -0.5861957669258118, -0.9495846629142761, -1.5640628337860107, 1.974066138267517, -0.05840504914522171, 1.1648781299591064, -0.09693410992622375, 0.4160820245742798, -0.6193112730979919, 0.03290887176990509, -1.1578550338745117, 0.8391568660736084, 0.511151134967804, 0.27005788683891296, 0.7067530155181885, 0.4217921793460846, 0.09909822791814804, -0.49182796478271484, -0.42579710483551025, 0.4933028817176819, 0.3342117667198181, 1.5586590766906738, -0.7052064538002014, 0.6672848463058472, 0.26001864671707153, -0.5337746143341064, -0.7088055610656738, -2.246429681777954, -0.40245315432548523, 0.669494092464447, 0.21530330181121826, 0.7178319096565247, 1.8857066631317139, 0.10304929316043854, 0.02531208097934723, -0.811812698841095, 0.7989271879196167, -2.3116369247436523, -0.19281139969825745, -0.2227250635623932, -0.8264011144638062, 1.4123033285140991, 1.236046552658081, -0.45484763383865356, 0.5716204047203064, -0.41881421208381653, 0.9161850810050964, -1.3606832027435303, 1.5262038707733154, -0.08419822156429291, 0.2894308269023895, 1.163642406463623, -1.0697804689407349, 0.8921880722045898, -0.9508204460144043, 0.9201709628105164, -1.6261868476867676, 0.8109917044639587, 2.1318750381469727, -0.7419425249099731, -0.5129014849662781, -1.2191133499145508, -0.06412389874458313, 0.6434891223907471, 1.2095268964767456, -1.0716028213500977]",yunet,Facenet,1920,1080,/home/amos/media/tv/modern_family/Modern.Family.S09.1080p.DSNP.WEB-DL.DDP5.1.H.264-CRFW/Modern.Family.S09E21.The.Escape.1080p.DSNP.WEB-DL.DDP5.1.H.264-CRFW.mkv,Modern Family,2009,1442437,9,21,Sarah Hyland,91351.0,0.711
507,816,168,1044,462,954,282,858,282,0.915,10752,1,"[-0.23716795444488525, -1.2918254137039185, -2.1165316104888916, -0.9795652627944946, -0.25927162170410156, 1.0490986108779907, 0.13896211981773376, 0.43506595492362976, 0.8444140553474426, -1.598318338394165, 2.1560299396514893, -0.48256346583366394, -2.152496099472046, 0.9065135717391968, -0.9230843782424927, -0.8825154900550842, -1.5370129346847534, -0.33372706174850464, -0.6459774374961853, -0.005398944020271301, 0.10438381135463715, -1.4690946340560913, 0.6898564696311951, -1.3690152168273926, 1.2636075019836426, 0.000978127121925354, 0.8826018571853638, -3.066283702850342, 0.3900030255317688, -0.32094916701316833, 0.5488190650939941, 1.2775202989578247, 1.3101410865783691, 0.07171054929494858, -0.4072325825691223, 1.6455029249191284, -1.3869621753692627, 0.047737833112478256, -0.04349486529827118, -0.21419286727905273, 1.6808617115020752, 1.0823171138763428, -0.8978046178817749, -1.3868685960769653, 1.7379770278930664, -2.281243085861206, -0.4726840555667877, 2.0158379077911377, 1.2259495258331299, -0.29770439863204956, 0.21989725530147552, -0.33154067397117615, 0.4728667736053467, -0.8097627758979797, 0.2876920998096466, -0.7113754749298096, -0.29846522212028503, 2.3614280223846436, 0.3091062009334564, 0.19206202030181885, 1.7769176959991455, -1.06807279586792, -0.537136435508728, 0.8436324596405029, 1.382213830947876, -0.012652188539505005, -0.4270544648170471, 1.1387860774993896, 0.9626092314720154, -1.0416109561920166, -0.6279422640800476, 0.14998140931129456, -2.8556597232818604, 1.5941184759140015, -0.18385981023311615, -2.286607503890991, 0.9859211444854736, 0.8597612380981445, -0.0684209018945694, 0.056407734751701355, -1.9809767007827759, 0.8201109170913696, 0.7852527499198914, -1.0250946283340454, -0.7915539145469666, 0.5009826421737671, 0.2446957379579544, -0.5276205539703369, -0.7202106714248657, -1.571291208267212, -0.8355240821838379, 0.7262464165687561, 0.6162306666374207, 1.3915281295776367, -0.044649556279182434, 0.9694621562957764, -1.9998174905776978, 0.29544368386268616, -0.7783533334732056, 1.5844424962997437, -1.7016555070877075, -1.520300269126892, 0.6039599180221558, 1.1204301118850708, -0.533711314201355, -0.28501492738723755, 1.278770923614502, 0.47978636622428894, -1.309484839439392, -0.6285378336906433, 0.3104441165924072, -0.4905239939689636, 1.1956653594970703, -0.6613005995750427, -0.15755808353424072, 2.1282989978790283, 1.4330190420150757, 0.1787884384393692, -0.5190719962120056, 1.3584325313568115, -0.8275970220565796, 1.5091086626052856, 0.7485641241073608, -0.18905924260616302, -1.1155774593353271, 0.5274516344070435, -2.0007150173187256, 0.12980832159519196]",yunet,Facenet,1920,1080,/home/amos/media/tv/modern_family/Modern.Family.S09.1080p.DSNP.WEB-DL.DDP5.1.H.264-CRFW/Modern.Family.S09E21.The.Escape.1080p.DSNP.WEB-DL.DDP5.1.H.264-CRFW.mkv,Modern Family,2009,1442437,9,21,Chris Geere,62879.0,0.645
508,1284,168,1440,366,1392,246,1320,246,0.911,10752,2,"[-0.4956572353839874, 1.5219048261642456, -1.160027265548706, 0.477803498506546, 0.5530340075492859, -0.21586352586746216, -1.9949235916137695, 1.7447878122329712, -0.2033083438873291, -0.9442763924598694, -0.10977325588464737, -0.005487528163939714, 0.7952103018760681, 0.731776237487793, 0.8099031448364258, -1.1123201847076416, -0.17797622084617615, -1.0804561376571655, -0.4956388473510742, 0.8768543004989624, 0.3637291193008423, 2.487107276916504, -0.12563244998455048, 1.0063806772232056, -0.43006742000579834, -0.02650926262140274, -0.3739481270313263, 0.22856993973255157, 1.2285393476486206, -0.3609936833381653, -0.10579186677932739, 0.9852221608161926, 0.5291550755500793, -0.7620564103126526, 0.7842733860015869, -0.826904833316803, 0.8629961013793945, -2.076660633087158, -0.9750067591667175, -0.6664611101150513, -0.31956207752227783, -1.7694611549377441, -1.501316785812378, -1.0127685070037842, -1.040353536605835, -0.820666491985321, 1.9132614135742188, -1.2393351793289185, 0.6844263672828674, 0.6932871341705322, -0.11443302035331726, 0.9636933207511902, 0.5168061852455139, -0.975868284702301, -0.1642797440290451, -0.6714423298835754, 0.4574601352214813, -1.5093860626220703, -0.8374035954475403, -0.42377397418022156, -1.5962297916412354, -0.9370877742767334, 0.32193708419799805, -1.4408297538757324, -0.44774308800697327, -0.12488614022731781, 2.2776083946228027, 1.3445582389831543, -0.6971021890640259, 0.7278577089309692, 1.3680046796798706, 0.22819697856903076, 0.10164682567119598, 1.5641363859176636, -1.3365073204040527, 0.06796535849571228, 1.6116968393325806, -0.582076370716095, -0.8234424591064453, -0.6184174418449402, -0.28428593277931213, -0.13708001375198364, 0.14393934607505798, 1.0711853504180908, 2.6106269359588623, 0.6591269969940186, -1.2030375003814697, -0.943059504032135, 0.8024746179580688, -0.7024053335189819, 0.882876992225647, -0.17518748342990875, -0.659100353717804, -0.684533953666687, -0.6801588535308838, 0.81693434715271, 0.8993173837661743, 2.8638641834259033, -0.3167436420917511, -2.4328110218048096, -0.46776121854782104, -0.9671501517295837, 0.8124434947967529, -0.47486454248428345, -0.36011338233947754, 0.7859156131744385, 1.256226658821106, 0.666010856628418, 1.3751736879348755, 2.0591137409210205, -2.629894733428955, 1.124341368675232, 1.0082027912139893, -0.9257320165634155, 1.115558385848999, -1.9218924045562744, 0.7029640674591064, -1.965325117111206, 1.0662420988082886, -0.24673764407634735, 0.5061231851577759, -0.13290338218212128, -0.6699146628379822, 0.7446635961532593, 2.465484142303467, -0.2636508047580719, -0.8849555850028992, 1.7128751277923584]",yunet,Facenet,1920,1080,/home/amos/media/tv/modern_family/Modern.Family.S09.1080p.DSNP.WEB-DL.DDP5.1.H.264-CRFW/Modern.Family.S09E21.The.Escape.1080p.DSNP.WEB-DL.DDP5.1.H.264-CRFW.mkv,Modern Family,2009,1442437,9,21,Jim Piddock,120560.0,0.689
509,288,168,534,510,504,300,444,306,0.907,10824,0,"[0.5882701873779297, -0.4495602548122406, 1.4168814420700073, -1.1738204956054688, 1.212553858757019, -1.234917402267456, -0.040199145674705505, 2.3977694511413574, 1.4058483839035034, -1.3219397068023682, 0.8097929954528809, 0.08460451662540436, -0.14137238264083862, 0.7946113348007202, -0.47457966208457947, 0.4400504231452942, -0.14055341482162476, -0.15385666489601135, 2.0053749084472656, 0.41891658306121826, -0.9190036058425903, -0.1402462273836136, 0.6341606378555298, 1.2376631498336792, 0.8928893208503723, 2.2865610122680664, 1.830865740776062, -0.3244461417198181, -1.6353846788406372, -1.2574080228805542, -0.6383064985275269, 0.9435490965843201, -1.3564505577087402, 1.9934823513031006, -1.4839680194854736, 0.5419159531593323, -0.48238077759742737, 0.2593746781349182, 0.23433274030685425, 1.0047807693481445, -0.7695579528808594, 0.8567422032356262, 0.7789477109909058, 1.0415540933609009, -1.7262580394744873, 0.36887648701667786, -0.6849551796913147, -1.744946002960205, -0.5938190221786499, 0.7294238805770874, 0.7800346612930298, 0.16937288641929626, 0.19358327984809875, -0.43106746673583984, 1.9294342994689941, -2.6340553760528564, 1.9816570281982422, 0.7342872619628906, -1.1580359935760498, 0.06841724365949631, 0.863516628742218, -0.5421334505081177, 1.093854546546936, -0.14912918210029602, -0.09731373935937881, -1.4315011501312256, -1.5544952154159546, -0.3344457745552063, -1.698203682899475, 1.8495593070983887, -0.0001348312944173813, 0.330277681350708, -1.4810067415237427, 1.0172380208969116, -0.18942995369434357, 0.7278050780296326, -1.5289137363433838, 1.5037795305252075, -0.0028927698731422424, 0.0394228994846344, -0.5759412050247192, 0.7073386907577515, 1.4002944231033325, -0.9627193808555603, -0.6220714449882507, 1.0320173501968384, 0.6619182229042053, 0.062180981040000916, -0.8229889869689941, -0.9690062403678894, 0.1595650464296341, -1.5544224977493286, -1.2206687927246094, -0.6854591965675354, 1.4994710683822632, -1.4541985988616943, -1.7965447902679443, -0.0025389082729816437, 0.6090736985206604, -0.9273554086685181, 0.27550268173217773, -0.3507879078388214, -0.5939144492149353, -0.8078368902206421, -0.1701323539018631, -0.5788193345069885, -1.6264373064041138, 1.384084939956665, -1.5274198055267334, -1.1977657079696655, 0.7948505282402039, -1.813559651374817, 1.5534658432006836, 0.23720893263816833, 0.2961614429950714, 0.9990719556808472, 0.16978055238723755, -1.50823175907135, 1.5338274240493774, -0.5429090261459351, -0.24079208076000214, 0.3543979823589325, -1.9413710832595825, -1.420338749885559, 0.3165603280067444, -1.8279378414154053, -1.0228252410888672, -0.8647989630699158]",yunet,Facenet,1920,1080,/home/amos/media/tv/modern_family/Modern.Family.S09.1080p.DSNP.WEB-DL.DDP5.1.H.264-CRFW/Modern.Family.S09E21.The.Escape.1080p.DSNP.WEB-DL.DDP5.1.H.264-CRFW.mkv,Modern Family,2009,1442437,9,21,Kate Burton,20879.0,0.58
510,1236,192,1410,408,1344,288,1266,288,0.919,10848,0,"[-0.7375377416610718, 1.5595289468765259, -0.44144299626350403, 0.2554253935813904, 0.2723381519317627, -0.7041835188865662, -2.394885540008545, 2.179363965988159, -0.758489727973938, -0.9023264646530151, -0.48292142152786255, 0.3446529507637024, 0.7945278882980347, 0.9186221361160278, 0.508933424949646, -0.3033577799797058, 0.5987136363983154, -1.358670949935913, -0.8294885754585266, 1.2519004344940186, 0.15546903014183044, 2.3441245555877686, -0.026731351390480995, 0.9888731241226196, -1.1261972188949585, -0.39419159293174744, -0.35038337111473083, 0.6572197675704956, 1.5498400926589966, -0.3228401839733124, -0.4336802363395691, 0.9673011302947998, 0.8413069844245911, -0.824890673160553, 0.004164985381066799, -0.5750967264175415, 1.3942519426345825, -2.1141295433044434, -0.9224713444709778, -0.8829766511917114, -0.3272598683834076, -1.4047179222106934, -2.015564441680908, -1.030573844909668, -1.2466803789138794, -0.2929939031600952, 1.6278241872787476, -1.1543391942977905, -0.04106120765209198, 1.2596231698989868, 0.44830960035324097, 1.0888679027557373, 0.7506800889968872, -0.46343499422073364, -0.40294185280799866, -0.5201430320739746, -0.13603028655052185, -1.9489375352859497, -0.3909326493740082, -0.06298615783452988, -1.5093961954116821, -1.186059832572937, 0.6553918123245239, -0.4569510519504547, -0.36388325691223145, -0.2925679683685303, 2.5851714611053467, 0.8514620661735535, -0.08062845468521118, 0.6484540700912476, 0.4092542827129364, 0.7108645439147949, 0.18110604584217072, 1.6628562211990356, -0.5168678164482117, 0.4442409873008728, 1.2178806066513062, -0.5995350480079651, -0.2996136248111725, -1.154279112815857, -0.8825967311859131, 0.25438743829727173, -0.3069210648536682, 1.0869461297988892, 2.605133056640625, 0.5300801992416382, -0.8440629839897156, -1.4040342569351196, 0.18654288351535797, 0.007644128054380417, 0.4714350700378418, 0.13583609461784363, -0.41738662123680115, -0.6456785798072815, -0.6215305924415588, 0.4446732997894287, 1.5938868522644043, 2.229729175567627, -0.06547030061483383, -2.316847085952759, -0.5667266845703125, -0.11321651935577393, 0.47530657052993774, 0.0124290119856596, -0.30331361293792725, 0.9763103127479553, 0.14591120183467865, 1.0514723062515259, 0.8110527396202087, 2.2637381553649902, -2.2598726749420166, 1.4161938428878784, 0.9493364095687866, -0.649462878704071, 0.8048357963562012, -1.4746931791305542, 0.5192540884017944, -2.3068814277648926, -0.10728449374437332, -1.0127499103546143, 0.5402935147285461, -0.766356348991394, -0.9597903490066528, 0.1996694803237915, 1.72455894947052, -0.4551146924495697, -0.9769271016120911, 1.2680001258850098]",yunet,Facenet,1920,1080,/home/amos/media/tv/modern_family/Modern.Family.S09.1080p.DSNP.WEB-DL.DDP5.1.H.264-CRFW/Modern.Family.S09E21.The.Escape.1080p.DSNP.WEB-DL.DDP5.1.H.264-CRFW.mkv,Modern Family,2009,1442437,9,21,Jim Piddock,120560.0,0.7
511,1314,492,1548,792,1458,618,1356,618,0.918,10848,1,"[-1.7332919836044312, -0.8433983325958252, -0.6024526357650757, 2.9383747577667236, -0.354832261800766, 0.75016188621521, 0.3899420499801636, -2.8628671169281006, -0.255260169506073, 1.8121379613876343, -1.069236397743225, 0.9133440852165222, 0.3970053195953369, -0.1016908809542656, -0.6093261241912842, -0.24175617098808289, -0.2490103542804718, 0.10981357097625732, -1.10489821434021, 2.0838050842285156, 0.02747437357902527, 1.2991046905517578, 0.8110556602478027, 0.6345809102058411, 0.46804848313331604, 0.12698212265968323, 0.93596351146698, -1.1694300174713135, 3.6174302101135254, 0.6952706575393677, -0.06801243126392365, -1.3295228481292725, -1.0727266073226929, -0.354768306016922, 0.9911332726478577, -0.8799681067466736, -1.462538242340088, 0.8112139105796814, -0.9165793061256409, -2.085793972015381, -0.3938944637775421, 0.2563662827014923, -0.3779653012752533, 2.2083072662353516, -0.15752533078193665, -1.2502399682998657, -0.03716723620891571, 0.21917490661144257, -0.709888756275177, 1.2540977001190186, 1.034574270248413, 1.0965032577514648, 0.8968257904052734, -0.24475707113742828, -1.0805299282073975, 0.7902235388755798, 0.07895581424236298, 0.27153825759887695, -0.18110604584217072, -0.11107677221298218, 0.4622131586074829, -0.11892355978488922, -0.4858611524105072, -0.5717160105705261, -0.4359380304813385, 2.097532272338867, 0.6932150721549988, 0.5135742425918579, -0.4284151494503021, -0.060209788382053375, -0.10735194385051727, -0.9648634195327759, 0.013248234055936337, 0.054584696888923645, 1.0768237113952637, -0.4488014876842499, 1.2563159465789795, -0.9959162473678589, -1.1682630777359009, 0.07785986363887787, -0.9059277772903442, 1.0793254375457764, 0.1669442057609558, 2.860490322113037, -0.6718617677688599, 0.9850605726242065, 0.9007444381713867, -0.8277778625488281, -0.3042951822280884, -2.2928342819213867, -0.6733280420303345, -0.16634145379066467, 0.6194839477539062, 1.1455012559890747, 0.950424075126648, -0.24931825697422028, 0.7764560580253601, -1.152089238166809, 0.3187631070613861, -1.5898877382278442, -0.4415488839149475, 0.901264488697052, -0.37459707260131836, 1.9686362743377686, 0.3433067500591278, -0.32859712839126587, 0.4574526250362396, -0.2912112772464752, 1.8417237997055054, -1.5594167709350586, 1.5879207849502563, 0.3703054189682007, 1.0028455257415771, 1.588026762008667, -0.3720408082008362, 0.4239768087863922, -0.5521523952484131, 1.1234618425369263, -2.3076822757720947, 0.7541995048522949, 1.8509342670440674, -0.09554199874401093, 0.20511676371097565, -1.7003370523452759, -0.6923645734786987, 1.554399013519287, 1.3285183906555176, -0.35733139514923096]",yunet,Facenet,1920,1080,/home/amos/media/tv/modern_family/Modern.Family.S09.1080p.DSNP.WEB-DL.DDP5.1.H.264-CRFW/Modern.Family.S09E21.The.Escape.1080p.DSNP.WEB-DL.DDP5.1.H.264-CRFW.mkv,Modern Family,2009,1442437,9,21,Sarah Hyland,91351.0,0.679
512,630,138,882,480,828,288,726,288,0.909,10848,2,"[0.3436371088027954, -2.7174489498138428, -1.006532073020935, -1.4371589422225952, 0.9550924897193909, 1.210628867149353, -0.24094535410404205, 0.582491934299469, 0.5915674567222595, -0.6886716485023499, 1.4397883415222168, -1.052573323249817, -0.9504218101501465, -0.3662928342819214, -0.2088933289051056, -0.9931877255439758, -0.14720654487609863, 0.35628050565719604, 1.0453829765319824, -1.339361310005188, 0.16335368156433105, -1.1755667924880981, 0.559180498123169, -1.7597416639328003, 0.2886538505554199, -0.0705009177327156, 0.783221960067749, -1.9544087648391724, 0.9367899894714355, -0.6416141986846924, -0.09766179323196411, 1.678981900215149, 0.6405016183853149, -0.4767334461212158, -0.03816581517457962, 1.0629206895828247, -0.20351752638816833, 1.2021862268447876, -0.24958258867263794, -2.0907981395721436, 1.5484291315078735, 0.9868161082267761, -1.193212866783142, -1.5356274843215942, 0.43094488978385925, -2.5542197227478027, -0.5026849508285522, 1.1428014039993286, 1.2619606256484985, -0.5828074216842651, 0.10436657071113586, 0.22635304927825928, -1.0634469985961914, 0.4833381772041321, 0.8307956457138062, -0.08230296522378922, 0.13259829580783844, 1.135850429534912, -0.9179590940475464, -0.1228795051574707, 0.6030018925666809, -1.677917242050171, 1.202194094657898, 1.9318983554840088, 0.5359556674957275, 0.9878734350204468, 0.5044944882392883, 0.7863866686820984, 0.5717113018035889, -0.23814569413661957, -0.7527470588684082, 0.4382993280887604, -3.464918851852417, 1.8905390501022339, 0.49603354930877686, -1.0380866527557373, -2.181241989135742, -0.05032654479146004, -1.097817301750183, -0.02272053062915802, -1.8368061780929565, 1.502065658569336, 0.23900118470191956, -0.6677424907684326, -0.8266397714614868, -0.4181087017059326, 0.26185548305511475, -0.5775507092475891, -1.1770923137664795, -1.5053657293319702, -1.1861193180084229, 0.3547075390815735, 0.43981266021728516, 1.1594421863555908, -0.11827540397644043, 0.7581759095191956, -2.393590211868286, -0.02248563803732395, 0.7948769927024841, 0.5160956978797913, -1.6152784824371338, -1.0933446884155273, -0.10797445476055145, 0.186517134308815, 0.7037253379821777, 1.5285547971725464, -0.4440821409225464, -0.37186571955680847, 0.1596377193927765, -1.0149942636489868, -0.7302750945091248, -0.6118563413619995, -0.14783336222171783, -0.7465978860855103, -0.18620134890079498, 1.5048154592514038, 0.6046208143234253, -1.2655471563339233, -1.7034850120544434, 0.890484631061554, -1.2393749952316284, 1.5186597108840942, 1.2537564039230347, 0.296183705329895, -0.8259630799293518, 1.6162028312683105, -1.6362067461013794, -0.8784939050674438]",yunet,Facenet,1920,1080,/home/amos/media/tv/modern_family/Modern.Family.S09.1080p.DSNP.WEB-DL.DDP5.1.H.264-CRFW/Modern.Family.S09E21.The.Escape.1080p.DSNP.WEB-DL.DDP5.1.H.264-CRFW.mkv,Modern Family,2009,1442437,9,21,Chris Geere,62879.0,0.631
513,1320,492,1560,804,1470,618,1368,618,0.916,10872,0,"[-1.8963546752929688, -1.340881586074829, -0.4192180633544922, 2.9712650775909424, -0.4150018095970154, 1.0081764459609985, 0.15534740686416626, -2.9341766834259033, -0.26720428466796875, 1.6991547346115112, -1.0035752058029175, 0.9631404280662537, 0.17456655204296112, -0.46685001254081726, -0.2637990415096283, -0.29940253496170044, -0.3589303493499756, -0.31308281421661377, -1.627848744392395, 2.000714063644409, -0.011328727006912231, 0.9578574299812317, 0.6750121116638184, 0.48676785826683044, 0.15687783062458038, -0.3276612460613251, 1.2781531810760498, -0.9135098457336426, 3.32382869720459, 1.143527626991272, -0.19290998578071594, -1.4565036296844482, -1.2380685806274414, -0.4292081892490387, 1.0440673828125, -0.6758553981781006, -1.3382648229599, 0.35875263810157776, -0.9244608283042908, -2.176504611968994, 0.001699524000287056, 0.020341845229268074, -0.9058772325515747, 2.5739083290100098, -0.21083565056324005, -1.6388639211654663, 0.485397070646286, -0.14733196794986725, -0.9025121331214905, 1.2960176467895508, 0.6204783320426941, 0.47550535202026367, 1.2728880643844604, -0.4638040065765381, -0.5340755581855774, 0.7494872808456421, 0.35755959153175354, 0.11968009173870087, 0.059217553585767746, 0.03773362934589386, 0.3307647109031677, -0.18225175142288208, -0.1356523334980011, -0.996262788772583, -0.6152029633522034, 2.457674741744995, 0.45307520031929016, 0.8236178159713745, -0.8417678475379944, -0.1978587657213211, -0.5655148029327393, -0.6642497777938843, -0.06082441285252571, -0.020018190145492554, 0.8336268663406372, 0.29507237672805786, 0.6195758581161499, -1.0103970766067505, -0.7706131935119629, 0.3543209433555603, -1.210379958152771, 0.827296257019043, 0.039558686316013336, 3.059840202331543, -0.050803087651729584, 0.17149600386619568, 0.8578633069992065, -0.12246684730052948, 0.15513785183429718, -2.2003636360168457, -0.6096187829971313, -0.37402382493019104, 0.2205498218536377, 1.2877371311187744, 0.734921395778656, -0.19697609543800354, 0.6339098215103149, -1.2213220596313477, 0.6030740141868591, -1.5839756727218628, 0.1188412457704544, 0.47320353984832764, -0.9511468410491943, 1.8731087446212769, 0.9407927393913269, -0.4580998420715332, 0.558148980140686, -0.4436011016368866, 2.232778310775757, -1.3254027366638184, 1.992272138595581, 0.056513506919145584, 1.3171786069869995, 1.175999641418457, -0.7373433709144592, 0.21714171767234802, -0.5896117687225342, 1.2466351985931396, -2.0278122425079346, 0.859354555606842, 2.304388999938965, -0.20535503327846527, 0.13189774751663208, -1.7628488540649414, -0.6640715003013611, 1.5917757749557495, 1.3154842853546143, -0.7046517729759216]",yunet,Facenet,1920,1080,/home/amos/media/tv/modern_family/Modern.Family.S09.1080p.DSNP.WEB-DL.DDP5.1.H.264-CRFW/Modern.Family.S09E21.The.Escape.1080p.DSNP.WEB-DL.DDP5.1.H.264-CRFW.mkv,Modern Family,2009,1442437,9,21,Sarah Hyland,91351.0,0.665
514,1230,186,1404,402,1332,264,1254,270,0.911,10872,1,"[-0.7941451072692871, 1.60830819606781, -0.9558389186859131, 0.2770264446735382, 0.19249294698238373, -1.1532808542251587, -2.1475653648376465, 1.6494590044021606, -0.7927067279815674, -0.5069416761398315, -0.5328092575073242, 0.026372460648417473, 0.6076163053512573, 0.5903759002685547, 1.0201572179794312, -0.25730252265930176, 0.6587871313095093, -1.1987214088439941, -1.3272321224212646, 0.8544780015945435, 0.9197465181350708, 2.1728153228759766, -0.37941333651542664, 1.2842458486557007, -0.5341169834136963, -0.489291250705719, -1.0839526653289795, 0.7223592400550842, 1.5923534631729126, -0.21837380528450012, -0.16618797183036804, 0.7338645458221436, 0.21514923870563507, -0.17552146315574646, 0.8955554366111755, -0.9593431353569031, 1.2191710472106934, -1.7360366582870483, -0.7541189193725586, -0.6174588203430176, -0.7325361371040344, -0.9139712452888489, -1.6608777046203613, -0.9086540937423706, -2.318293333053589, -0.287895143032074, 2.1552906036376953, -0.8510849475860596, -0.7459916472434998, 1.4764320850372314, 0.30695900321006775, 1.4193180799484253, 0.43207645416259766, -0.2177392840385437, 0.027627700939774513, -0.4484870731830597, 0.34523752331733704, -1.9350630044937134, -1.24774169921875, -0.015154536813497543, -1.4718540906906128, -1.5121890306472778, 0.2195187211036682, -0.827189028263092, 0.03936906158924103, -0.3704535961151123, 1.867177128791809, 1.5194904804229736, -0.19755685329437256, 0.17341028153896332, 1.0121798515319824, 0.4865749180316925, -0.12655919790267944, 0.5768617391586304, -0.2205018401145935, 0.7447545528411865, 1.6477371454238892, -0.8783572316169739, -1.0066301822662354, -1.177091121673584, -0.8737340569496155, 0.010731755755841732, 0.12259716540575027, 1.2463322877883911, 2.4527828693389893, 1.228925108909607, -1.0077905654907227, -1.175125002861023, 0.5780696868896484, 0.12504687905311584, 0.7121790647506714, -0.5098763108253479, 0.07409748435020447, -0.38137078285217285, 0.013599976897239685, 0.8430166840553284, 1.6465682983398438, 2.2519285678863525, 0.1797841340303421, -2.238349437713623, 0.08955727517604828, 0.4586920738220215, 0.19711342453956604, -0.20842932164669037, -0.37073972821235657, 0.1819220781326294, 0.11463293433189392, 0.9594942331314087, 1.335874319076538, 1.8727631568908691, -2.393739938735962, 1.162686824798584, 1.0617831945419312, -1.0080201625823975, 0.6090126037597656, -2.248302936553955, 0.45789384841918945, -1.564688801765442, 0.3114299178123474, -0.9080543518066406, 0.7747979164123535, -0.3716803789138794, -0.78768390417099, -0.5314280986785889, 1.5277576446533203, -0.17708244919776917, -1.4072531461715698, 1.5080267190933228]",yunet,Facenet,1920,1080,/home/amos/media/tv/modern_family/Modern.Family.S09.1080p.DSNP.WEB-DL.DDP5.1.H.264-CRFW/Modern.Family.S09E21.The.Escape.1080p.DSNP.WEB-DL.DDP5.1.H.264-CRFW.mkv,Modern Family,2009,1442437,9,21,Jim Piddock,120560.0,0.696
515,300,186,552,510,522,312,426,318,0.915,10896,0,"[0.6106952428817749, 0.7228628396987915, 0.834024965763092, -0.9127384424209595, 1.1136122941970825, 0.08545610308647156, -0.6618117094039917, 1.943100094795227, 1.0431872606277466, -1.5435295104980469, 0.6432824730873108, 1.3242772817611694, -0.010436728596687317, 1.0069122314453125, 0.047065116465091705, -0.013071749359369278, -0.17432646453380585, -0.15072950720787048, 0.9702159762382507, 1.152726411819458, -0.6619203090667725, 0.6873508095741272, 0.5384765267372131, 0.41687101125717163, 1.1933059692382812, 1.7919561862945557, 1.4103261232376099, -0.8528349995613098, -0.5835540294647217, -1.8166613578796387, -1.0325112342834473, 1.4565643072128296, -1.7104572057724, 1.1779043674468994, -1.431942343711853, 0.3257130980491638, 0.6644654870033264, -0.7586542963981628, -0.22432971000671387, 0.33491626381874084, 0.35500839352607727, 0.2853061258792877, 0.4184996485710144, 0.8776638507843018, -2.6902740001678467, 0.5216240882873535, -0.7170720100402832, -2.971280336380005, -0.8881530165672302, 1.3505982160568237, 0.9642296433448792, 0.44269517064094543, 0.8916499018669128, -0.44910335540771484, 2.2506954669952393, -2.845553159713745, -0.1361263394355774, -0.4703555107116699, -0.8167039752006531, -0.7558732628822327, 0.9039363265037537, -1.8664662837982178, 2.1910274028778076, -0.6955430507659912, -0.4154824912548065, -1.3104411363601685, -1.24368155002594, 0.26295575499534607, -1.2246299982070923, 0.678363561630249, -0.24204522371292114, 0.9671140909194946, -1.6300066709518433, 1.1152570247650146, 0.450567364692688, 0.7630038857460022, -0.668869137763977, 1.694935917854309, 0.07824849337339401, 0.15642444789409637, -0.8530720472335815, 1.423999309539795, -0.17505839467048645, 0.12367977201938629, -0.16363877058029175, 0.9745570421218872, -0.32618531584739685, -0.7688111662864685, -0.8742382526397705, -1.0217442512512207, -0.11172053962945938, -2.4517126083374023, -0.547981858253479, -1.0511702299118042, 1.0481003522872925, -1.1028366088867188, -0.330412358045578, 0.7487432956695557, 1.4144201278686523, -1.5246375799179077, -0.35460716485977173, -0.04982034116983414, -0.28703773021698, -0.0748070627450943, -1.1911646127700806, -0.12828168272972107, -1.4913268089294434, 1.3113234043121338, -1.7662439346313477, -0.3816204071044922, 0.6234134435653687, 0.04162468761205673, 2.8248064517974854, -1.197094202041626, 1.05392324924469, 1.0491811037063599, -0.6814463138580322, -1.4846327304840088, 1.1353665590286255, -0.4011806547641754, -0.8066278696060181, -0.5950549840927124, -0.20211826264858246, -1.0794556140899658, -0.35974031686782837, -0.6189649701118469, -1.2876890897750854, 0.9837031364440918]",yunet,Facenet,1920,1080,/home/amos/media/tv/modern_family/Modern.Family.S09.1080p.DSNP.WEB-DL.DDP5.1.H.264-CRFW/Modern.Family.S09E21.The.Escape.1080p.DSNP.WEB-DL.DDP5.1.H.264-CRFW.mkv,Modern Family,2009,1442437,9,21,Kate Burton,20879.0,0.709
516,1230,126,1482,462,1320,258,1278,258,0.906,10896,1,"[-0.2947227954864502, -2.6141374111175537, -0.6248010396957397, -0.6054959893226624, 0.7825045585632324, 0.23861262202262878, 0.0317196361720562, 0.662384569644928, 0.48333629965782166, -0.16540062427520752, 1.442892074584961, -0.5245578289031982, 0.21453483402729034, -0.4941084384918213, 0.09329382330179214, -1.0294331312179565, 0.7710275650024414, -0.6203702688217163, 0.5790674090385437, 1.9298080205917358, 1.5473072528839111, -1.6604998111724854, 1.580880045890808, -0.9349820017814636, 0.4968873858451843, 0.08640877157449722, 1.0395841598510742, -1.5451722145080566, 0.5428245067596436, -0.573659360408783, 0.12950435280799866, 1.816244125366211, 0.5783653259277344, 0.11076071113348007, -0.43076440691947937, 0.22626519203186035, 0.42074525356292725, 0.7201941013336182, 0.20371563732624054, -1.955319881439209, -0.2780933082103729, 1.4715205430984497, -2.067448616027832, -1.6588075160980225, 0.04723740369081497, -2.462928533554077, -0.2061235010623932, 1.7070330381393433, 0.1190667599439621, 1.3772190809249878, 0.4357762336730957, 0.568446695804596, -1.275206208229065, -0.7456645965576172, 0.44162610173225403, -0.7871748208999634, 0.46692216396331787, 2.062798500061035, 0.19289474189281464, 0.4050467312335968, 1.18522310256958, -1.1138757467269897, -0.3227763772010803, 0.9310247302055359, -0.2512163817882538, -0.5196616649627686, 0.11377083510160446, 0.6039474010467529, -0.15585307776927948, -0.40811237692832947, -1.1749931573867798, -1.720191240310669, -1.9482213258743286, 1.865287184715271, 1.183977484703064, -0.46270129084587097, -0.3760937750339508, -0.7599015831947327, -1.961814045906067, -0.9123537540435791, -2.5317959785461426, 0.9614826440811157, -0.3197612762451172, -0.597402811050415, 0.021891571581363678, 1.184403657913208, 1.6952844858169556, -0.9950255155563354, -1.2609490156173706, -1.5059568881988525, -2.234787702560425, 0.9436725378036499, -0.1888366937637329, 0.27486753463745117, 0.5602288246154785, 0.6421862840652466, -2.0795066356658936, -0.9184446930885315, -0.897890031337738, -0.3725166320800781, -0.9070680737495422, 0.22407928109169006, -0.32802507281303406, -2.1787750720977783, 0.23006194829940796, 0.1682753562927246, 1.4468519687652588, -0.7932660579681396, 1.9978864192962646, -0.859988808631897, -1.1532773971557617, -0.8509763479232788, 0.2685604393482208, -1.4108457565307617, 0.06768257170915604, 2.1091647148132324, 0.020438145846128464, -1.1197736263275146, -2.1797292232513428, 1.554931879043579, -0.6143112778663635, 0.6583276987075806, 0.12663576006889343, -0.4446568191051483, 0.03707028552889824, 0.5955024361610413, -0.9365220665931702, 0.2032468616962433]",yunet,Facenet,1920,1080,/home/amos/media/tv/modern_family/Modern.Family.S09.1080p.DSNP.WEB-DL.DDP5.1.H.264-CRFW/Modern.Family.S09E21.The.Escape.1080p.DSNP.WEB-DL.DDP5.1.H.264-CRFW.mkv,Modern Family,2009,1442437,9,21,,,
517,282,168,582,570,528,342,384,342,0.935,10920,0,"[0.16790616512298584, -0.06375817954540253, 0.44333696365356445, -0.16837593913078308, 1.2028841972351074, -0.21044515073299408, -0.11747793108224869, 1.2472776174545288, 1.0093053579330444, -0.2662274241447449, 0.29508620500564575, 0.9033623933792114, -0.3738178014755249, 0.44993510842323303, -0.21360942721366882, 0.414977490901947, -1.1870993375778198, 1.0169532299041748, 0.919259786605835, 1.292019009590149, -0.8959214687347412, 0.256794810295105, 1.301120400428772, 0.6496274471282959, -0.10146673023700714, 1.9433060884475708, 2.3311009407043457, -0.5876979827880859, -1.5420162677764893, 0.2180628776550293, -0.9586334228515625, 1.4820348024368286, -2.4127585887908936, 1.5355720520019531, -1.843766689300537, -0.2904146909713745, 0.253449022769928, -0.6730584502220154, -0.3996425271034241, 0.5142699480056763, 0.6686719059944153, -1.2906568050384521, 0.46323394775390625, 1.2224485874176025, -1.3779985904693604, -0.8383995890617371, 0.0873030424118042, -3.076549530029297, -0.0703759640455246, 0.5805679559707642, 1.0400117635726929, -0.707910418510437, 0.593120276927948, -0.029480844736099243, 1.1292856931686401, -3.0218546390533447, -0.39541691541671753, -0.08172379434108734, -1.0544649362564087, -0.8628683090209961, 0.24758151173591614, -1.009448528289795, 1.4935855865478516, -1.498075008392334, -0.4872882068157196, -0.9844744801521301, -0.9710558652877808, 0.8196143507957458, -1.751372218132019, 1.6268889904022217, -0.16498951613903046, 1.2106926441192627, 0.8136109709739685, 1.7971128225326538, 0.09018471837043762, 0.6708319187164307, -0.3594353497028351, 1.394436240196228, -0.16777950525283813, 0.008696593344211578, -1.8297561407089233, 0.8882671594619751, 0.17347684502601624, 0.44934317469596863, -0.8642417788505554, 1.2855644226074219, -0.14398843050003052, -0.5219627618789673, 0.31169968843460083, -0.550498902797699, 0.3951282203197479, -2.4364802837371826, -1.245910406112671, -0.5094755291938782, 0.8469575047492981, -2.090416193008423, -0.1419488489627838, 0.7924173474311829, 1.5192415714263916, -1.7305506467819214, 0.34279394149780273, 0.28968140482902527, -0.21465879678726196, -0.768740713596344, -0.04599132388830185, -0.208695650100708, -1.035504698753357, 1.3800811767578125, -1.3473889827728271, 0.019703993573784828, 1.2234418392181396, 0.3619937300682068, 1.82224440574646, -0.8943323493003845, 1.1849433183670044, 1.2083362340927124, -0.665023684501648, -1.6248599290847778, 0.12747418880462646, -0.5287188291549683, -0.5191966891288757, 0.20706970989704132, -0.7760544419288635, -0.6986998915672302, -1.0126718282699585, -1.1414932012557983, -1.0699286460876465, 0.3285555839538574]",yunet,Facenet,1920,1080,/home/amos/media/tv/modern_family/Modern.Family.S09.1080p.DSNP.WEB-DL.DDP5.1.H.264-CRFW/Modern.Family.S09E21.The.Escape.1080p.DSNP.WEB-DL.DDP5.1.H.264-CRFW.mkv,Modern Family,2009,1442437,9,21,Kate Burton,20879.0,0.658
518,1506,54,1758,396,1584,186,1542,186,0.918,10920,1,"[0.23988495767116547, -2.684650421142578, -0.02281062677502632, -0.7107311487197876, 0.8349681496620178, 1.6569623947143555, 0.7770059704780579, 0.8749599456787109, 0.9224498867988586, -0.49991947412490845, 0.8215453624725342, -1.366297960281372, -0.9071794748306274, -0.1541343480348587, -1.1202781200408936, -0.5020474791526794, 0.5355599522590637, -0.7214846014976501, 0.19373491406440735, 0.3525892198085785, 2.019658327102661, -1.326316237449646, 1.358520746231079, -1.9151124954223633, 0.0598854161798954, -0.3937007784843445, 0.5622444152832031, -1.353746771812439, -0.4095768332481384, -0.1745196431875229, -0.6082664728164673, 1.9599106311798096, -0.33868736028671265, 0.12772047519683838, -0.46982648968696594, 0.11283840239048004, -0.650520384311676, 0.6878251433372498, 0.5848081111907959, -2.208590030670166, -0.12539058923721313, 0.24767941236495972, -2.213534355163574, -2.4618093967437744, 0.09091124683618546, -1.978508472442627, 0.6624727845191956, 1.5660187005996704, -0.2336098551750183, 1.3818262815475464, -0.7473651170730591, 0.8048776984214783, -0.8129420876502991, -0.6794425249099731, 1.0615617036819458, -0.7123540043830872, 1.0790696144104004, 1.5804487466812134, 0.023929022252559662, 1.1590518951416016, -0.21456176042556763, -1.6948515176773071, 0.9475728869438171, 1.849613904953003, 1.2578951120376587, -0.7925131916999817, 0.5764731168746948, 1.1395652294158936, -0.034161847084760666, -0.016533907502889633, -1.1895103454589844, -0.49619215726852417, -2.853384256362915, 1.8643802404403687, 1.075843095779419, -0.1821126639842987, -1.825387954711914, -0.9106261134147644, -1.2011619806289673, -0.27703607082366943, -1.7321428060531616, 0.46166425943374634, 1.0365262031555176, -1.3942991495132446, -0.014450296759605408, 0.8550101518630981, 1.1015424728393555, -0.7873485684394836, -1.541642189025879, -1.2529680728912354, -0.9450512528419495, 0.47426801919937134, -0.2032582014799118, 0.13083313405513763, 0.7780017852783203, 1.00788414478302, -2.855661153793335, -0.12358196824789047, -0.14056366682052612, 0.31424951553344727, -0.8190935850143433, -0.562501847743988, -1.3403476476669312, -0.9984971284866333, -0.2959972620010376, -0.08163315802812576, 0.22683043777942657, -0.4524312913417816, 1.2274037599563599, -1.2597756385803223, -1.0702153444290161, -0.8844701051712036, 0.23860213160514832, -0.4486294686794281, -0.11790797859430313, 0.549614429473877, 0.824103593826294, -0.16049924492835999, -1.801304817199707, 1.2505125999450684, 0.16403698921203613, 1.0928921699523926, 0.28887659311294556, -0.3926424980163574, -1.0508272647857666, 0.7320609092712402, -1.198766827583313, -0.2852286398410797]",yunet,Facenet,1920,1080,/home/amos/media/tv/modern_family/Modern.Family.S09.1080p.DSNP.WEB-DL.DDP5.1.H.264-CRFW/Modern.Family.S09E21.The.Escape.1080p.DSNP.WEB-DL.DDP5.1.H.264-CRFW.mkv,Modern Family,2009,1442437,9,21,Chris Geere,62879.0,0.589
519,474,186,642,402,606,264,528,270,0.915,10992,0,"[-1.388820767402649, 0.9918159246444702, 0.4206874370574951, -0.2624655067920685, -0.6389124989509583, -0.6122792959213257, -2.4959747791290283, 1.6566730737686157, -1.2360920906066895, -0.10371536016464233, -0.7692115306854248, -0.07907973974943161, 0.6249554753303528, 0.07207800447940826, 1.368235468864441, -0.4502025246620178, 0.26178184151649475, -1.0605624914169312, -0.028583243489265442, 0.6281864643096924, 0.9090011119842529, 2.079202175140381, -0.39037948846817017, 1.95994234085083, -0.3112080693244934, -0.38831865787506104, -0.16156962513923645, 1.6983262300491333, 1.4644794464111328, -0.7156034111976624, -0.9443577527999878, 0.6631259918212891, -0.5037792325019836, -0.43829113245010376, 0.7401935458183289, -1.3978233337402344, 0.6860809326171875, -1.635133147239685, -0.534163236618042, -0.953514814376831, -1.3265206813812256, -2.2340452671051025, -2.2625021934509277, -1.012681007385254, -1.018796682357788, -0.29946956038475037, 2.3737566471099854, -1.4988219738006592, 0.5603220462799072, 0.5793826580047607, -0.7502719163894653, 1.9205334186553955, 0.990746021270752, -0.8128849864006042, -0.9025679230690002, -0.017533909529447556, 0.6905540227890015, -1.421868920326233, -1.2816295623779297, 0.7619579434394836, -0.8820971846580505, -0.6503993272781372, 0.12864211201667786, -0.571252703666687, -0.607081413269043, -0.13009212911128998, 3.4825429916381836, 0.09666430950164795, -0.6648373603820801, 0.7797404527664185, 1.2124427556991577, -0.5761888027191162, 1.1581159830093384, 0.4978470206260681, 0.6408196687698364, 0.06955008208751678, 1.0636321306228638, 0.15521326661109924, -1.1547741889953613, -0.02195657789707184, -0.6051425337791443, -0.804485559463501, -0.12122518569231033, 0.7921727299690247, 2.2684035301208496, 2.0706446170806885, -1.2686487436294556, -1.4480804204940796, 0.9348088502883911, -0.680046558380127, 1.6438350677490234, -0.4243965744972229, -0.8488378524780273, -0.8050590753555298, 1.0481939315795898, 1.1396188735961914, 0.39121752977371216, 1.5845520496368408, 0.598507821559906, -2.156435489654541, 0.0008936859667301178, 1.122817873954773, 1.3883839845657349, -0.49333441257476807, 0.4325430393218994, 0.41055822372436523, 0.12557977437973022, 1.2552759647369385, 1.7557371854782104, 1.354905128479004, -3.0865821838378906, 0.598703920841217, -0.012475356459617615, -0.30073049664497375, 0.319004088640213, -1.8209551572799683, 0.38046106696128845, -0.6377423405647278, -0.8932360410690308, -0.31057408452033997, 0.5287730097770691, -0.6722240447998047, -1.1298500299453735, -0.1255856603384018, 1.9683398008346558, 0.0380861833691597, -0.22029456496238708, 0.9005451202392578]",yunet,Facenet,1920,1080,/home/amos/media/tv/modern_family/Modern.Family.S09.1080p.DSNP.WEB-DL.DDP5.1.H.264-CRFW/Modern.Family.S09E21.The.Escape.1080p.DSNP.WEB-DL.DDP5.1.H.264-CRFW.mkv,Modern Family,2009,1442437,9,21,Jim Piddock,120560.0,0.602
520,222,228,360,414,324,306,258,312,0.91,10992,1,"[-0.470152884721756, -2.36320161819458, -0.3122301995754242, -0.6665177941322327, 0.35578230023384094, 0.9056233763694763, 0.48665738105773926, 1.0686520338058472, -1.2500600814819336, 0.08526401221752167, -0.8260374665260315, 2.0383145809173584, -0.6038724780082703, -0.5639244318008423, 0.3250284790992737, -0.6045846343040466, 1.2552106380462646, 0.823444664478302, 0.6026878952980042, -0.6093831062316895, 0.7905666828155518, -1.1269323825836182, 0.98843914270401, -1.218762993812561, 0.5500925779342651, 0.11955267190933228, 1.433566927909851, -0.3417276442050934, 0.16013263165950775, -0.5613607168197632, 0.2186501920223236, 1.3496075868606567, 1.2427687644958496, -1.0593303442001343, -0.5266176462173462, -1.0059072971343994, -0.9592350125312805, 1.0032769441604614, -1.8429534435272217, -1.8190168142318726, -1.4968197345733643, 1.3547970056533813, -0.4355420768260956, 0.02967114746570587, 2.0690391063690186, 0.32527193427085876, 1.6541606187820435, -0.37769952416419983, -0.3506650924682617, 0.5109838247299194, -1.4291894435882568, 0.5110225081443787, 0.5975560545921326, -1.9856370687484741, 2.5552589893341064, 0.03700200840830803, -1.612458348274231, 1.8994319438934326, 1.7510391473770142, -1.258671760559082, 1.1172736883163452, 1.2240368127822876, -0.33330240845680237, 0.04255041107535362, -0.7804339528083801, 1.6419416666030884, -0.7741386890411377, 2.4607834815979004, 0.056556738913059235, 0.33105602860450745, -0.7144045233726501, -0.6227164268493652, -1.2399331331253052, -0.44281578063964844, 0.26894280314445496, 0.3347061574459076, -1.5252890586853027, -0.8094869256019592, -0.38299232721328735, 0.030113622546195984, -1.834281325340271, 0.13299718499183655, -2.268789052963257, 0.6387292742729187, 1.1576495170593262, 1.0211663246154785, 1.2025067806243896, -0.8050401210784912, -0.056911077350378036, -0.9735907912254333, -0.7392080426216125, 0.7807061672210693, -0.21944478154182434, -0.23608475923538208, 0.8595883846282959, -0.3345120847225189, 0.053562913089990616, -0.37018394470214844, 0.1628919541835785, 1.114505410194397, -0.17934007942676544, 0.06405767053365707, 0.6020882725715637, -1.4126957654953003, -0.1558125913143158, -0.21143148839473724, -0.2498742789030075, 0.00942007452249527, 0.7259681820869446, 1.2987661361694336, -1.7774180173873901, 0.601394534111023, -0.15474079549312592, -0.27414053678512573, -1.1516871452331543, 2.13799786567688, -2.629950523376465, 0.5255507230758667, -0.6754874587059021, -0.6862397789955139, 0.22569343447685242, 2.124520778656006, -0.330880343914032, 1.1829437017440796, 1.5655219554901123, -1.361726999282837, 0.30998507142066956, -0.6345617771148682]",yunet,Facenet,1920,1080,/home/amos/media/tv/modern_family/Modern.Family.S09.1080p.DSNP.WEB-DL.DDP5.1.H.264-CRFW/Modern.Family.S09E21.The.Escape.1080p.DSNP.WEB-DL.DDP5.1.H.264-CRFW.mkv,Modern Family,2009,1442437,9,21,,,
521,1152,234,1344,480,1320,330,1236,330,0.904,10992,2,"[0.5681905746459961, 0.39365068078041077, -0.8452447056770325, -0.2576681673526764, 2.8347747325897217, -0.22798997163772583, -0.19810400903224945, 2.173084020614624, 0.10106358677148819, -0.751010537147522, 1.1105678081512451, 1.1288478374481201, 0.08668661117553711, -0.539361298084259, 0.06935092806816101, 0.3529028296470642, 0.7468187808990479, -0.5406751036643982, 1.7912997007369995, 1.0748051404953003, -1.2768080234527588, 0.7418033480644226, 1.0675400495529175, 0.8063865900039673, 0.11775396764278412, 1.65276038646698, 2.3139305114746094, 0.11448325961828232, -1.2370988130569458, -0.18588846921920776, -1.0995606184005737, 1.7533282041549683, -1.6818453073501587, 1.2423139810562134, -0.9918239116668701, -0.16073094308376312, 1.194419503211975, 0.6025204062461853, -0.13969767093658447, 0.0903981626033783, -0.17736372351646423, -0.048686228692531586, 0.08012145757675171, 1.1842714548110962, -2.0563714504241943, -0.6290366649627686, 0.20860975980758667, -3.0596721172332764, -0.1733439862728119, 1.6626651287078857, 0.7309843897819519, 0.4470307230949402, 1.0303527116775513, -0.2531265616416931, 1.3232523202896118, -1.4627814292907715, -0.5930150151252747, -0.8931916952133179, -0.9006767272949219, -0.047123782336711884, 0.1275438368320465, -1.069183349609375, 1.768515706062317, -1.4914504289627075, -0.8521232008934021, -1.2538126707077026, -1.4656497240066528, 1.0240919589996338, -1.3141629695892334, 1.5586867332458496, 0.49210450053215027, 0.7537206411361694, -1.8414039611816406, 2.400481939315796, 0.7958002090454102, 1.5615339279174805, -0.4876270294189453, 1.4739426374435425, -0.5115518569946289, -0.2522125244140625, -1.2749872207641602, 2.181431293487549, -0.2762881815433502, 0.2436821460723877, 0.3103518784046173, 1.7534762620925903, 1.0951241254806519, -0.8816879391670227, -0.836572527885437, -0.9897135496139526, -1.1440867185592651, -2.0728681087493896, -0.8791059851646423, -1.0168240070343018, 1.4569199085235596, -2.1335318088531494, -0.5143530964851379, -0.32659897208213806, 0.9016973972320557, -0.8826557993888855, -0.42979246377944946, -0.37214556336402893, -0.4273780584335327, -1.150972604751587, -0.5567452907562256, -0.3634512424468994, -0.5011520981788635, 0.700257420539856, -0.8850380778312683, -0.4362833499908447, 0.6960611343383789, -0.3118959069252014, 1.5948303937911987, -0.404137521982193, 0.5185014605522156, 0.8664004802703857, -1.2759912014007568, -1.3540327548980713, 0.44859179854393005, 0.06965403258800507, 0.14976590871810913, 0.15440644323825836, -0.6244917511940002, -0.7177809476852417, -0.7135728597640991, -0.16665494441986084, -1.1422566175460815, 0.31402063369750977]",yunet,Facenet,1920,1080,/home/amos/media/tv/modern_family/Modern.Family.S09.1080p.DSNP.WEB-DL.DDP5.1.H.264-CRFW/Modern.Family.S09E21.The.Escape.1080p.DSNP.WEB-DL.DDP5.1.H.264-CRFW.mkv,Modern Family,2009,1442437,9,21,Kate Burton,20879.0,0.612
522,426,348,558,516,516,414,450,414,0.923,11016,0,"[-1.0833678245544434, -1.0154428482055664, -0.009054500609636307, 1.7898361682891846, 1.040259599685669, 0.7329854965209961, 0.37586042284965515, -1.5412647724151611, -0.25369057059288025, 2.6326138973236084, 0.18167349696159363, 0.7738407850265503, -0.2137608826160431, -1.0636383295059204, -0.8763978481292725, -0.12773022055625916, -1.0581225156784058, 0.030741803348064423, -1.4492515325546265, 0.5194410085678101, 0.7436679601669312, -0.44071468710899353, 1.4700472354888916, 0.5955992937088013, -0.01948147639632225, -0.5306004285812378, 0.9727710485458374, -0.40701520442962646, 2.8215150833129883, 0.5862319469451904, 0.7633011341094971, -1.6393263339996338, -0.18290989100933075, -2.0428783893585205, 1.1195285320281982, -1.3034716844558716, -2.471000909805298, 1.191285490989685, -1.8527851104736328, -1.5550435781478882, -0.7706170678138733, -0.4515050947666168, 0.7695586681365967, 1.0668591260910034, 0.034342601895332336, -1.5222605466842651, -0.5284868478775024, 1.1041992902755737, -0.9412847757339478, 0.4652163088321686, -0.43986326456069946, 0.8500503301620483, 1.8569575548171997, 0.6493293046951294, -0.9291775226593018, 1.3518478870391846, 1.2454572916030884, -0.04548400267958641, -0.4810744524002075, -0.3177519738674164, 0.10378999263048172, 1.2916591167449951, -0.30707141757011414, 1.3402197360992432, -0.8044425249099731, 2.0969645977020264, 0.5507853627204895, -0.07862754911184311, -0.13592563569545746, 1.335443139076233, -0.17163237929344177, -0.8827686309814453, 0.1221984475851059, 1.4358747005462646, 0.5266113877296448, -0.7229288220405579, 0.7770341634750366, -0.0007844045758247375, -0.9268400073051453, -0.08424550294876099, -0.14252081513404846, 0.65234375, 0.27351126074790955, 0.5407829284667969, 0.6692588329315186, -0.05811257287859917, 0.749994158744812, -0.9847562909126282, 0.34369561076164246, -1.179436445236206, -1.2189629077911377, -0.15157173573970795, 0.7770968675613403, 1.5254595279693604, 1.46003258228302, 0.21949933469295502, -0.4036729633808136, -0.5935052633285522, -0.08140718936920166, -2.1684868335723877, -1.1987179517745972, -0.5560629963874817, 0.6920062899589539, 1.9714654684066772, 2.137195587158203, -0.1379273384809494, 1.0666218996047974, 0.49133846163749695, 2.485846519470215, -0.504263162612915, 1.619382619857788, 0.5275732278823853, -0.31746989488601685, 2.5364112854003906, -1.729321837425232, 0.9593685865402222, -0.10075199604034424, 0.8213043212890625, -2.2697815895080566, -0.46709147095680237, 2.4589123725891113, -0.372468501329422, -0.5668241381645203, -0.7470883131027222, 0.037825047969818115, 0.8362509608268738, 0.7798300981521606, -1.016847848892212]",yunet,Facenet,1920,1080,/home/amos/media/tv/modern_family/Modern.Family.S09.1080p.DSNP.WEB-DL.DDP5.1.H.264-CRFW/Modern.Family.S09E21.The.Escape.1080p.DSNP.WEB-DL.DDP5.1.H.264-CRFW.mkv,Modern Family,2009,1442437,9,21,Sarah Hyland,91351.0,0.543
523,954,162,1110,372,1068,240,996,246,0.927,11040,0,"[-0.1729009449481964, -0.36166074872016907, -0.9265959858894348, -0.8312161564826965, 1.1376270055770874, 1.1590725183486938, 1.070422649383545, 0.8274189829826355, 1.186804175376892, -0.47862955927848816, 1.562753677368164, -1.1092698574066162, -2.250579595565796, -0.6764346361160278, -0.8101688623428345, -0.712207019329071, -1.2883719205856323, -0.4487415552139282, 0.25907957553863525, -0.6073358058929443, 0.4072231352329254, 0.3799452781677246, 0.5674629211425781, -1.1622718572616577, 0.7203801274299622, 0.7216396331787109, 1.4548007249832153, -2.1768670082092285, 0.9240607619285583, -1.2505804300308228, -1.1293922662734985, 0.7791295647621155, 0.40364834666252136, -0.9087896943092346, 0.2444399893283844, 0.8159138560295105, -1.5161811113357544, 0.5874709486961365, 0.6936704516410828, -1.9855523109436035, 0.08586503565311432, -0.08593129366636276, -2.7395248413085938, -1.2108845710754395, 1.8748818635940552, -1.6524277925491333, -1.119299054145813, 0.9279433488845825, 2.233757734298706, -0.675154447555542, -0.10667799413204193, 0.809005856513977, -0.1730443239212036, -0.9208366274833679, -0.03556408733129501, -0.5558305978775024, 0.3602253794670105, 1.1816505193710327, -1.4546290636062622, 0.2241133451461792, 0.06390747427940369, -1.4495421648025513, -0.09509533643722534, -0.15191605687141418, 0.6448590755462646, 1.140273094177246, 0.7130301594734192, 0.7526193261146545, 1.0736085176467896, -0.09378258138895035, -0.6487389206886292, 0.3947581946849823, -3.313153028488159, 1.5053120851516724, 0.07369202375411987, -1.995908498764038, -1.0571198463439941, 1.0104176998138428, -0.2661139965057373, 1.4481691122055054, -1.9185200929641724, 0.7179244756698608, 1.041406512260437, -1.4480814933776855, -0.8691220879554749, 1.3210735321044922, 0.2400263398885727, -0.7240198850631714, -0.6084907054901123, -1.782323956489563, 0.13863444328308105, 1.4781075716018677, 0.8248341083526611, 1.5489182472229004, 0.2344682365655899, -0.07439441978931427, -2.6064248085021973, 0.3991956412792206, -0.25955313444137573, 0.6475540995597839, -1.5079485177993774, -1.309975504875183, 0.07539640367031097, 0.8805017471313477, 0.21292826533317566, 0.5914700031280518, 0.47131404280662537, -0.28527483344078064, -1.0669809579849243, 0.2706751525402069, -0.7914372086524963, -0.832368016242981, 0.15535709261894226, -0.03824637830257416, 0.1272570788860321, 2.5234735012054443, 0.48242148756980896, -0.10592915117740631, -0.4982365667819977, 1.617209553718567, -1.1916508674621582, 2.143920421600342, -0.14888660609722137, 0.5745095014572144, -0.80317622423172, 0.8259048461914062, -1.4014521837234497, -0.24304023385047913]",yunet,Facenet,1920,1080,/home/amos/media/tv/modern_family/Modern.Family.S09.1080p.DSNP.WEB-DL.DDP5.1.H.264-CRFW/Modern.Family.S09E21.The.Escape.1080p.DSNP.WEB-DL.DDP5.1.H.264-CRFW.mkv,Modern Family,2009,1442437,9,21,Chris Geere,62879.0,0.528
524,426,384,570,582,528,462,462,456,0.911,11040,1,"[-0.9495902061462402, -0.9390398263931274, -1.6806998252868652, 2.9223804473876953, 1.4722914695739746, 0.07051780819892883, -0.31476616859436035, -2.2676594257354736, -0.12817884981632233, 1.135007619857788, -0.752408504486084, 0.47855210304260254, -0.10362835228443146, -0.47981831431388855, -2.4192304611206055, -0.6877911686897278, 0.8618749380111694, -0.011183399707078934, -0.3436344563961029, 0.23411157727241516, 0.47263845801353455, -0.6394466757774353, 1.4378161430358887, -0.5861667990684509, 0.22702328860759735, 0.8737917542457581, 0.5206215381622314, -1.1244137287139893, 1.3946528434753418, 0.309696763753891, 0.8771852254867554, -1.326629400253296, -1.5873732566833496, -0.4381627142429352, 1.3282748460769653, -1.2514482736587524, -1.6418248414993286, 1.919894814491272, 0.7715108394622803, -1.0066379308700562, -0.8503308296203613, -0.13565823435783386, -0.05985116958618164, 1.3678855895996094, 1.5364786386489868, -0.9436423778533936, 0.21028798818588257, 2.263644218444824, 0.4856060743331909, 0.8080289363861084, -1.071058750152588, 1.4981805086135864, 1.6810476779937744, -0.41266024112701416, 0.8644577264785767, 0.5007568001747131, 1.319738507270813, -1.0313745737075806, 1.6038448810577393, 0.5053473711013794, -0.17372050881385803, 0.4320942759513855, -1.1856046915054321, -1.2839796543121338, -1.5802476406097412, 2.3808560371398926, -0.4220414161682129, -0.10916604101657867, -1.459674596786499, 0.6241995096206665, -0.2693687975406647, -0.08984510600566864, -1.3237797021865845, 1.3740819692611694, -0.4728713631629944, 0.3077128529548645, 0.7538363933563232, 0.022643454372882843, 0.3252706229686737, -1.9775198698043823, -0.6984297633171082, -0.18518537282943726, 0.04682028293609619, 0.9898134469985962, 1.5060101747512817, 0.6876047849655151, -0.41871142387390137, -1.025228500366211, -0.036792561411857605, -1.0568135976791382, -0.7571977972984314, 1.3981242179870605, 0.15354984998703003, 0.7504539489746094, 1.156675100326538, 0.2933594584465027, 0.6565118432044983, 0.44500428438186646, -1.3212532997131348, -2.2774031162261963, 0.9044573307037354, -1.365229606628418, -0.24700823426246643, -0.13843576610088348, 0.7300277948379517, 0.8765678405761719, 1.4417356252670288, 0.6717187166213989, 0.09043015539646149, -1.5036126375198364, 1.331552505493164, 1.1513828039169312, 0.0873357355594635, 0.43973517417907715, -1.1145656108856201, 0.8696408271789551, -1.3080315589904785, 0.5441892147064209, -1.6987028121948242, 0.6967535018920898, 2.2865407466888428, -0.4213925004005432, -0.6483832001686096, -0.9220404624938965, 0.04292155057191849, -0.21480846405029297, 1.7651921510696411, -2.4906461238861084]",yunet,Facenet,1920,1080,/home/amos/media/tv/modern_family/Modern.Family.S09.1080p.DSNP.WEB-DL.DDP5.1.H.264-CRFW/Modern.Family.S09E21.The.Escape.1080p.DSNP.WEB-DL.DDP5.1.H.264-CRFW.mkv,Modern Family,2009,1442437,9,21,Sarah Hyland,91351.0,0.637
525,1524,168,1722,420,1698,270,1620,270,0.911,11040,2,"[0.5553104281425476, 0.26799172163009644, -0.27589982748031616, -1.1401711702346802, 0.5449350476264954, -0.2921818196773529, -1.5730971097946167, 0.7789500951766968, -0.5563046932220459, -0.16108155250549316, -1.6092673540115356, 1.127704381942749, 1.2729412317276, -1.5131595134735107, 1.1456454992294312, -0.651129424571991, 1.3787248134613037, -0.13162395358085632, 0.19599758088588715, 0.3173045814037323, 0.5008319616317749, 2.0674047470092773, -0.31264856457710266, 1.896463394165039, -0.922882616519928, -0.43389081954956055, -0.40840423107147217, 0.9931202530860901, 1.2228103876113892, 0.038774654269218445, 0.2990338206291199, 0.8307003974914551, -0.4658621847629547, -0.9515646696090698, 0.5403926968574524, -0.5154134035110474, -0.048459846526384354, -0.35807207226753235, -0.016756445169448853, -0.39202892780303955, -0.8066469430923462, -1.0003236532211304, -0.9295263290405273, -1.3723224401474, -0.11378593742847443, -0.1113336980342865, 2.1822564601898193, -1.6750410795211792, -0.21501967310905457, 1.0458247661590576, -1.9504743814468384, 0.5374909043312073, 0.9371512532234192, -0.27702003717422485, -0.2569552958011627, -0.12344351410865784, 0.07495568692684174, -1.543060064315796, -1.1958751678466797, 0.43617698550224304, -1.4971081018447876, -1.0002647638320923, -0.390676349401474, -0.337297260761261, 0.33978670835494995, 0.010205268859863281, 3.1683177947998047, 0.27898770570755005, -0.16588431596755981, 0.1911516934633255, 0.8953635096549988, 1.0981229543685913, 0.17062918841838837, 0.8478353023529053, 0.6593834757804871, -0.5766561031341553, -1.320612907409668, -1.7518658638000488, -0.4075251817703247, -0.9325029253959656, 0.349290132522583, -0.07956155389547348, 0.2558068335056305, 0.00966593436896801, 1.9944789409637451, 1.5312331914901733, -0.36055150628089905, -0.42885082960128784, 0.4710361659526825, 0.6981394290924072, 0.5366349220275879, 0.6031619310379028, -1.5673452615737915, -1.1265368461608887, 0.8141124844551086, 0.9654818773269653, -0.5268546938896179, 1.0818190574645996, 1.2406597137451172, -1.3520567417144775, 0.7172874212265015, 0.6903495192527771, 0.2501969337463379, -1.5989453792572021, -0.3910224139690399, 0.5101372003555298, -0.12001772224903107, 0.6728485822677612, 2.1456809043884277, -0.5848745107650757, -2.7415850162506104, 1.2936309576034546, -0.19513684511184692, -0.39016976952552795, 0.5232500433921814, -1.5408416986465454, -0.3904757499694824, 0.05781250074505806, 0.7184981107711792, -0.022603195160627365, 0.9095615148544312, -0.334592342376709, 0.04168764129281044, -0.6815568804740906, 1.1491416692733765, -0.16718581318855286, 0.012367619201540947, -0.7170394062995911]",yunet,Facenet,1920,1080,/home/amos/media/tv/modern_family/Modern.Family.S09.1080p.DSNP.WEB-DL.DDP5.1.H.264-CRFW/Modern.Family.S09E21.The.Escape.1080p.DSNP.WEB-DL.DDP5.1.H.264-CRFW.mkv,Modern Family,2009,1442437,9,21,,,
526,972,150,1128,360,1050,240,990,240,0.916,11064,0,"[0.43121811747550964, -1.012189269065857, -0.5539089441299438, -1.4558559656143188, 0.07520943135023117, 1.3326735496520996, -0.12544210255146027, 0.9536771774291992, 1.7664629220962524, -0.1606421023607254, 1.507038950920105, -0.6789485812187195, -2.4341142177581787, 0.5270949602127075, -0.8322224617004395, -1.2568029165267944, -0.9663523435592651, 0.08162929117679596, 0.8826634883880615, -0.32049787044525146, 1.6723982095718384, -1.8420281410217285, 0.9363594055175781, -1.669446349143982, 0.485797256231308, -0.24093413352966309, 0.8192055225372314, -2.313779354095459, 0.028470922261476517, -0.8135445713996887, -0.918656587600708, 1.289952278137207, 0.15715272724628448, 0.19637727737426758, -0.7659907341003418, 1.9534060955047607, -1.3645457029342651, 0.39178338646888733, 0.6032776832580566, -1.8624236583709717, 1.075952410697937, 0.2818679213523865, -1.9994579553604126, -2.176682710647583, -0.025501659139990807, -0.8386458158493042, -0.24447986483573914, 1.5032542943954468, 0.07432805001735687, -0.11085638403892517, -0.33348506689071655, 0.658932089805603, -0.40791261196136475, -0.12933097779750824, 0.8248161673545837, -0.4761238396167755, -0.04473752900958061, 2.273433208465576, 0.554863691329956, -0.5231959223747253, 0.08839952200651169, -1.669451117515564, 0.12348981946706772, 1.3625694513320923, 2.9403743743896484, -0.007679380476474762, -0.00801096111536026, 1.1869940757751465, 0.3824864327907562, 0.23406216502189636, -0.7714727520942688, 0.34590944647789, -2.9848759174346924, 2.286545515060425, -0.6614158153533936, -0.9590049386024475, -0.34153836965560913, -0.1855330616235733, -1.4991374015808105, 0.33463072776794434, -2.291875123977661, -0.10859954357147217, 2.1199676990509033, -1.0282307863235474, 0.08435223996639252, 0.18043792247772217, 0.5091630220413208, -0.28910017013549805, -1.6584774255752563, -1.349469542503357, -0.475942462682724, 0.533295750617981, 0.731764554977417, 1.2367066144943237, -0.3647894859313965, -0.00689841341227293, -2.1860880851745605, 0.4071126878261566, 0.4163561165332794, 0.9613000750541687, -2.63116455078125, -0.3770831525325775, 0.20849759876728058, 0.44310078024864197, -1.2612059116363525, 1.0930451154708862, 0.40615493059158325, 1.304442286491394, 0.09002058207988739, -0.5326219201087952, 0.11671353876590729, -1.1164034605026245, -0.3194880485534668, -0.217527374625206, 0.7854118347167969, 2.5509865283966064, 2.1293907165527344, 0.07713188230991364, -0.1882656216621399, 0.9353132843971252, -0.6812571883201599, 2.424654245376587, 0.17213177680969238, -0.4146312177181244, -1.1902875900268555, 0.21559318900108337, -1.5251251459121704, 0.1842377930879593]",yunet,Facenet,1920,1080,/home/amos/media/tv/modern_family/Modern.Family.S09.1080p.DSNP.WEB-DL.DDP5.1.H.264-CRFW/Modern.Family.S09E21.The.Escape.1080p.DSNP.WEB-DL.DDP5.1.H.264-CRFW.mkv,Modern Family,2009,1442437,9,21,Chris Geere,62879.0,0.665
527,516,426,660,618,630,498,576,492,0.916,11064,1,"[0.27825671434402466, -0.5157029628753662, 0.24164514243602753, 2.0370593070983887, -0.1920493245124817, 1.1204025745391846, 0.6771983504295349, -3.469597101211548, 0.026378490030765533, 3.772291421890259, -0.8110491633415222, 1.675330400466919, 0.669086217880249, -0.7620799541473389, -1.1269221305847168, 0.2153167575597763, -0.3186989426612854, -0.7751449942588806, -0.793618381023407, 0.08049672096967697, 0.9171719551086426, -0.20192135870456696, 0.49419355392456055, 0.3815182149410248, 0.08002421259880066, -0.5196248292922974, 0.6566288471221924, -0.5095083117485046, 1.8802645206451416, 0.5493215918540955, 0.5750806331634521, -1.9166648387908936, -1.6242917776107788, -1.3614815473556519, 1.7700129747390747, -1.5806233882904053, -2.338040828704834, 1.222952127456665, 0.48335975408554077, -1.1130163669586182, -0.487773060798645, 0.33460375666618347, -0.11594854295253754, 0.34337887167930603, 0.11587148159742355, -1.3425614833831787, -0.38146528601646423, 1.4522178173065186, -0.22690778970718384, -0.14870493113994598, -0.5445148944854736, 0.27173054218292236, 0.9472058415412903, -0.7000144720077515, -0.1647777110338211, 0.5719475150108337, 2.3754770755767822, -0.3514544665813446, -0.10514958202838898, -0.8019273281097412, -0.13178426027297974, 0.9922247529029846, -0.9792357087135315, -0.01639975979924202, -0.5489211678504944, 2.0494368076324463, 0.9079432487487793, -0.025020364671945572, -1.004530668258667, 0.5965030193328857, -0.03169526532292366, 0.15449082851409912, 1.0344047546386719, 1.1753352880477905, 0.7772570252418518, -0.21688783168792725, 0.7228388786315918, 0.3848229646682739, -0.16659484803676605, -0.9241511225700378, -0.40663954615592957, -1.0011382102966309, -0.26597079634666443, 0.3581492006778717, 0.3734655976295471, -0.5301253795623779, 0.5078974962234497, -0.8455064296722412, 0.14987322688102722, -0.5022602677345276, -0.23822632431983948, 1.1638282537460327, 1.524714469909668, 1.4460923671722412, 2.128605842590332, 0.7279559969902039, 0.717111349105835, 1.2626899480819702, -0.3723992109298706, -2.549912691116333, 0.2821184992790222, 0.0619891956448555, -0.7417809963226318, -0.5206923484802246, 2.108761787414551, 0.2520299553871155, 0.798770546913147, 0.20768724381923676, 1.5699783563613892, -1.2639271020889282, 1.4455201625823975, 1.9424728155136108, -0.10191145539283752, 0.42529937624931335, -1.3236979246139526, 2.0043489933013916, -0.880060076713562, 2.0069565773010254, -1.5841541290283203, 1.1702218055725098, 1.111653447151184, -1.1356027126312256, 0.35224223136901855, -0.3946528732776642, 1.5382555723190308, 0.20282763242721558, 0.799799919128418, -1.9653466939926147]",yunet,Facenet,1920,1080,/home/amos/media/tv/modern_family/Modern.Family.S09.1080p.DSNP.WEB-DL.DDP5.1.H.264-CRFW/Modern.Family.S09E21.The.Escape.1080p.DSNP.WEB-DL.DDP5.1.H.264-CRFW.mkv,Modern Family,2009,1442437,9,21,Sarah Hyland,91351.0,0.545
528,1122,162,1302,402,1266,258,1182,258,0.919,11088,0,"[-0.34598109126091003, -2.1239326000213623, -0.3058592677116394, -0.8859294652938843, -0.04921060428023338, 1.361509084701538, 0.6252186894416809, 0.48188644647598267, 0.4921008050441742, 0.5527431964874268, 1.537495732307434, -1.4488131999969482, -0.8402395844459534, -0.8359884023666382, -0.35281112790107727, -0.4696594476699829, -0.9142657518386841, 0.1055704653263092, 0.8286958932876587, -1.8554869890213013, 0.2268340289592743, -0.6418499946594238, -0.0072260648012161255, -1.8507039546966553, 0.8083900213241577, 0.9958640336990356, 1.3128149509429932, -1.7269178628921509, 0.8249642848968506, -0.510938823223114, -1.041385293006897, 1.6594715118408203, -0.3096875846385956, -1.172405481338501, 0.9745641946792603, 0.212969109416008, 0.2197202742099762, 1.5238134860992432, 0.9324663877487183, -1.675891399383545, 1.105994462966919, 0.8508328199386597, -1.334360122680664, -1.324291706085205, 0.16028617322444916, -1.7408288717269897, -0.6049050092697144, 0.6491897106170654, 1.94916832447052, -1.0005756616592407, -0.08897674083709717, 0.5423294901847839, -0.782736599445343, 1.1723296642303467, 0.24348598718643188, -1.0473958253860474, 0.7675378322601318, 1.3406424522399902, -1.1051181554794312, -0.9184495210647583, -0.024636298418045044, -1.9634020328521729, 1.2042571306228638, 0.7320553064346313, 0.9627363681793213, 0.9731532335281372, 0.47993096709251404, 1.030739665031433, 0.13524377346038818, 0.04740471765398979, -0.9153171181678772, 0.57958984375, -2.960995674133301, 1.001813292503357, 0.216483011841774, -1.4271490573883057, -1.9671289920806885, 1.3462222814559937, -0.7813794612884521, 1.1565296649932861, -1.2583037614822388, -0.1263515204191208, 0.024860404431819916, -1.019372820854187, -2.0498805046081543, 0.4363035261631012, -0.4351957142353058, -0.32288312911987305, -2.044347047805786, -1.2712252140045166, 0.7349777817726135, -0.0709022656083107, 0.6203998923301697, 0.49595242738723755, -0.32362183928489685, 1.5629204511642456, -1.63701593875885, 0.25235873460769653, 0.9952183365821838, -0.2983935475349426, -2.0244269371032715, -0.5786676406860352, 0.20188796520233154, 0.2837299108505249, 0.32541412115097046, 1.8854272365570068, -1.2508361339569092, -0.614989161491394, 0.2403441071510315, 0.16730336844921112, -0.4427647590637207, -1.6059015989303589, 0.20331934094429016, -0.7421027421951294, 0.1762169897556305, 1.377459168434143, -0.19654227793216705, -1.2706788778305054, -0.7142376899719238, 0.9521767497062683, -2.0721914768218994, 0.41862812638282776, 0.9389150142669678, 0.713167130947113, -0.6572872400283813, 1.6523534059524536, -0.7083356380462646, -0.37363526225090027]",yunet,Facenet,1920,1080,/home/amos/media/tv/modern_family/Modern.Family.S09.1080p.DSNP.WEB-DL.DDP5.1.H.264-CRFW/Modern.Family.S09E21.The.Escape.1080p.DSNP.WEB-DL.DDP5.1.H.264-CRFW.mkv,Modern Family,2009,1442437,9,21,Chris Geere,62879.0,0.572
529,714,420,858,618,834,498,786,492,0.915,11088,1,"[0.47436749935150146, -0.9730825424194336, -0.7723464369773865, 1.9137132167816162, -0.4237668812274933, -0.09223778545856476, 0.30020448565483093, -1.9881870746612549, -1.4831078052520752, 3.041559934616089, -0.6421538591384888, 0.4033808410167694, -0.02936004474759102, 0.018773891031742096, -0.10149331390857697, 0.19290031492710114, 0.2225939780473709, -1.0339103937149048, -1.4896636009216309, 0.7719528675079346, -1.1510266065597534, 1.0507944822311401, -0.09995735436677933, 0.8427746891975403, 0.974664568901062, 0.02965489774942398, 0.9425668716430664, -0.9916204214096069, 2.601835012435913, 0.2645360231399536, 0.6674618721008301, -1.5273785591125488, -2.3468270301818848, -2.091585874557495, 1.5201475620269775, -1.6711071729660034, -0.6391004323959351, 1.785080075263977, 0.9754583239555359, -0.6869717836380005, -0.19312447309494019, 0.4188552796840668, 0.33941131830215454, 0.7482361793518066, 0.4684576094150543, -1.3364909887313843, -0.17605343461036682, 0.559982180595398, -0.17015086114406586, 0.24146197736263275, -0.8443078994750977, 0.6568974852561951, 1.2026013135910034, -0.31871917843818665, -1.3272368907928467, -0.19599010050296783, 2.399184226989746, 0.5445165634155273, -0.34324562549591064, -0.8799574375152588, 0.6183681488037109, 0.563285231590271, -0.5540610551834106, 1.2276962995529175, -0.9270271062850952, 1.918308138847351, 0.807720959186554, 0.2577993869781494, -0.6994100213050842, -0.3045313358306885, -1.0557886362075806, 0.4215147793292999, 0.12281283736228943, 0.11136539280414581, 0.8146514296531677, -0.8553485870361328, 0.255598247051239, 0.5404998064041138, -0.0799138993024826, -0.6774901747703552, -0.7314099073410034, -0.32573142647743225, -0.9512561559677124, 1.0369012355804443, -0.39705803990364075, -0.932248592376709, -0.08155284076929092, -1.0061283111572266, -1.3507224321365356, -1.6026884317398071, 0.5238600969314575, -0.26491236686706543, 0.8189881443977356, 0.478697270154953, 1.6852110624313354, -0.5960325002670288, 1.9000555276870728, 0.7169893980026245, 0.5132593512535095, -2.4030189514160156, -0.48367881774902344, 1.246979832649231, -0.3279830813407898, 0.6603938341140747, 2.1370480060577393, 0.2916266918182373, 0.6213415861129761, -0.7559608221054077, 0.797682523727417, -0.8647028803825378, 1.3250023126602173, 1.3825385570526123, 2.144757032394409, -0.1562245488166809, -1.6624321937561035, 0.927048921585083, -1.5912373065948486, 2.2510790824890137, -1.5186814069747925, 1.7170333862304688, 0.6560162305831909, -0.6337699890136719, 0.29576611518859863, -0.662876546382904, 0.3505995273590088, -0.02981714904308319, 0.022503124549984932, -1.3860965967178345]",yunet,Facenet,1920,1080,/home/amos/media/tv/modern_family/Modern.Family.S09.1080p.DSNP.WEB-DL.DDP5.1.H.264-CRFW/Modern.Family.S09E21.The.Escape.1080p.DSNP.WEB-DL.DDP5.1.H.264-CRFW.mkv,Modern Family,2009,1442437,9,21,,,
530,246,810,474,1098,450,936,372,936,0.914,11088,2,"[0.8078795671463013, 0.12006865441799164, -1.2477984428405762, -0.24206450581550598, 0.9084095358848572, -0.09292453527450562, 0.6872398257255554, -0.7754497528076172, 0.18700450658798218, 0.24723777174949646, 0.4004038870334625, -1.7694162130355835, -1.0700328350067139, -0.6204960346221924, -2.0983479022979736, 0.4435046911239624, -1.0387202501296997, 0.12703247368335724, -0.6340866088867188, -1.5351516008377075, -0.31013184785842896, 1.7895811796188354, -1.6206852197647095, -1.1605830192565918, 0.47760438919067383, 0.3030635714530945, 2.811072587966919, 0.41290998458862305, 0.3075231611728668, 1.6338359117507935, -0.28849440813064575, 2.618833541870117, 1.671638011932373, -1.8161677122116089, -1.247794508934021, 1.1868098974227905, -2.3596551418304443, -0.12142374366521835, 0.08062538504600525, -0.37349528074264526, 1.1574879884719849, -1.983925223350525, -1.2068586349487305, 0.33614417910575867, 2.186253547668457, -1.9130594730377197, 0.06273674964904785, -0.70836341381073, 0.10472333431243896, -0.13311868906021118, -1.6799585819244385, 0.3390352725982666, -0.2741883099079132, 0.9844223260879517, 0.43830081820487976, 0.13591577112674713, -1.273781180381775, -1.405937671661377, -0.713953971862793, -0.89583820104599, -2.200838327407837, -2.267760992050171, 1.2521047592163086, -2.0202176570892334, 0.22513210773468018, 1.5434682369232178, -0.19561341404914856, 1.1759905815124512, -0.10068780183792114, -0.34172970056533813, -1.4543490409851074, 0.5251803398132324, -0.6362720131874084, -0.3139392137527466, -1.0622615814208984, -0.8870021104812622, -1.3678470849990845, -0.733683168888092, 1.760365605354309, 1.1833267211914062, 1.1214061975479126, 0.9826593399047852, 1.476619005203247, 1.4694054126739502, 1.7856791019439697, 1.9444504976272583, -1.3839752674102783, 0.574256956577301, 1.876521348953247, 0.742899477481842, 1.1978578567504883, 1.276357650756836, 1.1437861919403076, 0.39925095438957214, -0.7546079158782959, 0.39676132798194885, -2.083221912384033, -0.7265321016311646, -0.8184090256690979, -0.49898561835289, -1.2547531127929688, -0.22360491752624512, 1.0069243907928467, -1.3098121881484985, -0.9807409048080444, -0.2737581133842468, -0.5955212712287903, 2.7873425483703613, -0.7320423126220703, 1.0906156301498413, 0.1963997334241867, -0.09204578399658203, -0.7314721345901489, 1.4561197757720947, 0.6147430539131165, -0.17556168138980865, 0.4457760751247406, -0.36109378933906555, 0.5265743732452393, -0.5065200924873352, 1.259307861328125, 2.7331748008728027, 0.6524822115898132, 0.16316260397434235, 0.09648749232292175, 0.6058861613273621, -0.2803438603878021, -0.026334915310144424]",yunet,Facenet,1920,1080,/home/amos/media/tv/modern_family/Modern.Family.S09.1080p.DSNP.WEB-DL.DDP5.1.H.264-CRFW/Modern.Family.S09E21.The.Escape.1080p.DSNP.WEB-DL.DDP5.1.H.264-CRFW.mkv,Modern Family,2009,1442437,9,21,,,
531,942,132,1122,378,1086,234,1008,234,0.917,11112,0,"[-0.488668292760849, -1.6756203174591064, -0.7613868117332458, 0.08389245718717575, 0.075453020632267, 1.7224645614624023, 1.5736979246139526, 0.23378664255142212, 1.266180396080017, 0.012139655649662018, 1.41144597530365, -1.042374849319458, -1.4859539270401, -0.0374772846698761, -1.0492433309555054, -0.6978342533111572, -1.6584416627883911, -0.31368470191955566, 0.16127118468284607, -1.0264137983322144, -0.10840936005115509, -0.22626633942127228, 0.03368265926837921, -0.7840596437454224, 1.3527625799179077, 0.6473727822303772, 1.9610668420791626, -3.166597366333008, 0.22782379388809204, -1.3649988174438477, -0.35527342557907104, 0.8931347131729126, -0.09627186506986618, -0.5887565612792969, 0.0049511101096868515, 0.5603381395339966, -0.6398379802703857, 1.4865416288375854, 1.2318620681762695, -0.9063584804534912, 1.2392929792404175, 0.4476402997970581, -1.4556145668029785, -1.2833160161972046, 0.39114147424697876, -1.0658903121948242, -0.7728226184844971, 0.5977697372436523, 1.731286883354187, -1.0372960567474365, -0.6022939085960388, 0.36255115270614624, 0.07540513575077057, -0.31038782000541687, 0.25207263231277466, -0.4192140996456146, 0.9001199007034302, 1.611838459968567, -1.1050325632095337, -1.0330657958984375, -0.13259215652942657, -1.2782490253448486, -0.5641324520111084, -0.040871474891901016, 1.3310085535049438, 0.7312154769897461, 0.42352280020713806, 1.361451268196106, -0.1655588448047638, -0.24270448088645935, -0.39748698472976685, 0.8444375991821289, -2.9143452644348145, 1.2103654146194458, -0.2527599632740021, -1.8793282508850098, -1.1514971256256104, 1.4133719205856323, -1.2259505987167358, 1.741422176361084, -1.508925437927246, -0.6965769529342651, 0.7266579866409302, -0.9657449126243591, -1.0768905878067017, 1.188751459121704, 0.29205361008644104, 0.38307708501815796, -1.7774056196212769, -1.3278770446777344, 0.8427736163139343, -0.1674773246049881, 1.038367748260498, 0.987554132938385, -0.06606204807758331, 0.6819852590560913, -1.4842488765716553, 0.992799699306488, 0.8945722579956055, 0.3709762692451477, -2.0631048679351807, -0.9319471716880798, 0.25163698196411133, 0.2646494209766388, -0.01464816927909851, 0.5375046133995056, -0.0248158760368824, -0.33343496918678284, -0.6039520502090454, -0.5219954252243042, 0.1076800748705864, -0.8601245880126953, 1.0574454069137573, -1.0824179649353027, -0.31331953406333923, 2.1407570838928223, 0.085471011698246, 0.5944131016731262, 0.00685679167509079, 1.6545536518096924, -1.6363681554794312, 0.8239011764526367, 0.44103384017944336, 0.7113221883773804, -0.6949520707130432, 0.9854504466056824, -1.3307127952575684, 0.6282507181167603]",yunet,Facenet,1920,1080,/home/amos/media/tv/modern_family/Modern.Family.S09.1080p.DSNP.WEB-DL.DDP5.1.H.264-CRFW/Modern.Family.S09E21.The.Escape.1080p.DSNP.WEB-DL.DDP5.1.H.264-CRFW.mkv,Modern Family,2009,1442437,9,21,Chris Geere,62879.0,0.633
532,732,402,882,606,852,492,798,492,0.907,11112,1,"[0.4505347013473511, -2.1276628971099854, -0.4593709111213684, 1.5367541313171387, -0.9971382021903992, -0.20230969786643982, -0.014184042811393738, -2.05611515045166, -1.9566493034362793, 3.2145445346832275, -0.7339096665382385, 0.3047662377357483, 0.04373385012149811, -0.027541302144527435, -0.3465651571750641, 0.2915017604827881, 0.27625519037246704, -1.4981743097305298, -0.8780575394630432, 0.7126553058624268, -0.3608030080795288, -0.30842217803001404, 0.03291548043489456, 0.2871018946170807, 0.8391643166542053, -0.6550464034080505, 1.040687084197998, -0.4377579092979431, 2.5919907093048096, 0.3621186912059784, 0.009996101260185242, -0.7992641925811768, -0.9756362438201904, -1.7143758535385132, 0.898953378200531, -0.9207872152328491, -1.6438472270965576, 1.1471099853515625, 0.3908316195011139, -1.5711641311645508, 0.1276039183139801, 0.574102520942688, -0.6936568021774292, 1.547523856163025, 0.10380484163761139, -2.182795286178589, -0.689903736114502, 1.597444772720337, -0.845851480960846, -0.4710041582584381, -0.200447216629982, 0.5398655533790588, 0.41234472393989563, -0.21819107234477997, -0.5482323169708252, 0.7860375642776489, 2.4316818714141846, 0.444502055644989, -0.20279449224472046, -0.14403460919857025, 0.16033896803855896, 0.3975124955177307, -0.7165822982788086, 1.2172619104385376, -0.2815726101398468, 1.396089792251587, 0.627810537815094, 0.10916870087385178, -0.9253961443901062, 0.18013672530651093, -1.6682891845703125, 0.21155014634132385, -0.3033997714519501, 0.23941932618618011, 1.227133870124817, -0.45980408787727356, -0.1900475025177002, -0.22717814147472382, 0.008707605302333832, -0.8942971229553223, -0.18813621997833252, -0.17144319415092468, -0.9412502646446228, 0.7135509848594666, 0.36644625663757324, -2.0698165893554688, -0.32220250368118286, -1.096316933631897, -1.025639295578003, -1.684191346168518, 0.08663125336170197, 0.18538418412208557, 0.5791082978248596, 0.7279226183891296, 1.2580599784851074, -0.6156520843505859, 1.5325257778167725, -0.23915722966194153, -0.022155636921525, -2.221999168395996, -0.27408263087272644, 0.5384427309036255, -1.214952826499939, 0.5606729388237, 2.1799373626708984, -0.1505538672208786, 1.1030259132385254, -1.5007009506225586, 1.5219452381134033, -0.8037916421890259, 0.9110888242721558, 1.3071880340576172, 1.3577320575714111, -0.16539844870567322, -1.4982728958129883, 0.4343753755092621, -0.6060352325439453, 1.9728628396987915, -1.6359506845474243, 1.6708513498306274, 1.751259684562683, -0.41686323285102844, 0.4603360891342163, -0.16370025277137756, 1.1804850101470947, 0.06861037760972977, 0.33068156242370605, -0.8096131086349487]",yunet,Facenet,1920,1080,/home/amos/media/tv/modern_family/Modern.Family.S09.1080p.DSNP.WEB-DL.DDP5.1.H.264-CRFW/Modern.Family.S09E21.The.Escape.1080p.DSNP.WEB-DL.DDP5.1.H.264-CRFW.mkv,Modern Family,2009,1442437,9,21,Sarah Hyland,91351.0,0.506
533,1308,240,1470,450,1434,324,1368,324,0.904,11160,0,"[0.28169873356819153, -0.17157848179340363, 0.37359657883644104, -1.5456011295318604, 1.4188451766967773, -0.4887334108352661, 0.45351171493530273, 2.5439956188201904, 0.09640324860811234, -0.9500672221183777, 2.6504862308502197, -0.006227749399840832, 0.7020888924598694, 0.8065623044967651, 0.2625136077404022, 1.2911434173583984, 0.9794138669967651, -1.6418086290359497, -0.5602131485939026, 0.26967528462409973, -1.5401595830917358, -0.17238065600395203, 1.4907691478729248, 0.7497913241386414, 1.0151869058609009, 1.4930166006088257, 1.9104251861572266, 0.9022547602653503, -1.5247838497161865, -0.8083368539810181, -0.320463627576828, 1.0491620302200317, -1.5323811769485474, 2.524522304534912, -0.3927847743034363, 0.0838104784488678, 0.2851179540157318, -0.07337918132543564, 1.6185884475708008, 0.6186960935592651, -2.405691385269165, -0.5707859396934509, -0.03811882436275482, -0.12398450821638107, -0.7148299813270569, -1.8596553802490234, -0.17508499324321747, -1.7294412851333618, 1.4375778436660767, 1.2009130716323853, -0.43604451417922974, -0.5786018967628479, -0.1256994605064392, 0.0812559723854065, 0.4152641296386719, -1.9386060237884521, 0.7601088285446167, 0.3732265532016754, -0.4955684542655945, -0.002917081117630005, -1.726342797279358, -0.28989243507385254, 1.7120147943496704, -0.6092149615287781, -0.08376496285200119, -1.6580331325531006, -2.6079418659210205, 0.3577131927013397, -1.2441619634628296, 1.6250135898590088, -0.4404570758342743, 1.0763524770736694, -0.9952049851417542, 1.885328769683838, -0.3135053813457489, 0.3639412224292755, -0.8143848180770874, 0.12812630832195282, 0.7581191658973694, 0.23640112578868866, -0.7754595875740051, 0.18640153110027313, -0.2915526032447815, -0.4037834107875824, 1.1308752298355103, 1.2675188779830933, 0.6478405594825745, -0.9313827157020569, -1.2838541269302368, -0.12547199428081512, 0.8306136131286621, -0.9853802919387817, -1.802249550819397, -2.085200548171997, 0.8755039572715759, 0.9770158529281616, -2.185075521469116, 0.44047489762306213, -0.11568275094032288, -1.9033089876174927, -0.11659838259220123, -0.7691172957420349, -0.495061457157135, -1.107027292251587, -0.30670031905174255, 1.2029780149459839, -0.8452491164207458, -0.8511337041854858, -1.2910187244415283, -0.9362276792526245, 1.5754338502883911, -0.8030853867530823, 1.425499677658081, -0.925198495388031, 2.4322783946990967, 1.0668621063232422, 0.45064929127693176, -1.554588794708252, 1.0732418298721313, 0.17533957958221436, 0.4359431266784668, -0.6370761394500732, -0.07876162230968475, -0.373809278011322, -1.2202318906784058, -1.3417749404907227, -0.2789504826068878, -0.7923186421394348]",yunet,Facenet,1920,1080,/home/amos/media/tv/modern_family/Modern.Family.S09.1080p.DSNP.WEB-DL.DDP5.1.H.264-CRFW/Modern.Family.S09E21.The.Escape.1080p.DSNP.WEB-DL.DDP5.1.H.264-CRFW.mkv,Modern Family,2009,1442437,9,21,,,
534,1116,156,1284,360,1200,228,1146,228,0.908,11184,0,"[-0.5708270072937012, 0.08583085238933563, -0.42689815163612366, -0.7695515751838684, 1.090402603149414, -0.3455464839935303, -0.9837870597839355, 0.7596176266670227, -0.09476542472839355, -0.9523023366928101, -0.42973554134368896, 0.11405113339424133, 1.376163363456726, -1.1698145866394043, 0.5248323678970337, -0.14390912652015686, 0.6582841873168945, -0.2098279744386673, 0.44365403056144714, 0.7912577390670776, 0.7769649028778076, 2.073016405105591, -0.6106094121932983, 1.4877548217773438, -1.2414158582687378, 0.7521770596504211, -0.4730388820171356, -0.13738758862018585, 0.9600597620010376, -0.4173640310764313, 0.3142164647579193, 0.06636235117912292, 0.6139618754386902, -0.6473770141601562, 0.5245415568351746, -0.6770849823951721, 0.17292433977127075, -0.32670241594314575, -0.15618965029716492, -0.8484079837799072, -0.5119152069091797, -1.1715768575668335, -0.8898001909255981, -1.230336308479309, -1.8274588584899902, -1.1974083185195923, 1.4573057889938354, -1.433308482170105, 0.35189467668533325, 0.08306047320365906, -0.2921749949455261, 1.3091508150100708, 0.007826648652553558, -1.495664119720459, 0.022138753905892372, 0.09476049244403839, 0.38907545804977417, -1.1968910694122314, -0.4054294228553772, 0.07866659015417099, -1.1332570314407349, -1.3539775609970093, 0.37113121151924133, 0.4133160412311554, -0.3293171226978302, 0.0997532308101654, 2.694143533706665, 0.20403996109962463, -0.06230051442980766, 1.4422364234924316, 1.6017036437988281, -1.135251522064209, 0.32876795530319214, -0.04535460099577904, 0.9753707647323608, -0.08582235872745514, -0.24213488399982452, -0.23563571274280548, -1.8275526762008667, -1.1706171035766602, -0.07198788225650787, -0.3876749575138092, -0.5520577430725098, 1.0247753858566284, 1.654847502708435, 1.9046014547348022, -0.9138019680976868, -1.0469589233398438, -0.4584536850452423, -0.08935610949993134, 1.3262684345245361, -0.6048120260238647, -0.700397789478302, -1.2473077774047852, -0.47114115953445435, 0.5353571176528931, -0.1495979130268097, 0.6852763891220093, 0.0850934237241745, -1.6391146183013916, -0.7020760774612427, 0.3631988763809204, 1.3552496433258057, -0.3961262106895447, 0.057373352348804474, 0.27549833059310913, 0.5402845740318298, 0.01623763144016266, 0.7718855738639832, 0.8920106887817383, -2.203057050704956, 1.5219446420669556, 0.27982401847839355, 0.5452017188072205, 0.8449177145957947, -2.159691333770752, -0.5308902263641357, -0.913935661315918, 0.2386784553527832, -0.05325597897171974, 0.646680474281311, -0.6456378698348999, -0.20607693493366241, 0.09111717343330383, 1.1544232368469238, -0.9351193904876709, -0.1310744732618332, 0.8061932325363159]",yunet,Facenet,1920,1080,/home/amos/media/tv/modern_family/Modern.Family.S09.1080p.DSNP.WEB-DL.DDP5.1.H.264-CRFW/Modern.Family.S09E21.The.Escape.1080p.DSNP.WEB-DL.DDP5.1.H.264-CRFW.mkv,Modern Family,2009,1442437,9,21,Jim Piddock,120560.0,0.593
535,1314,264,1482,480,1440,348,1362,354,0.935,11232,0,"[0.11131174862384796, -0.9140936136245728, -0.8254426121711731, 1.3565303087234497, -0.23947855830192566, 1.2663646936416626, 0.5529863238334656, -1.9040032625198364, -1.6046018600463867, 2.3150429725646973, -0.5100223422050476, 1.7020940780639648, 0.7065011858940125, -0.3269003927707672, 0.5596693754196167, -0.3055921792984009, 0.6775182485580444, -1.1476762294769287, -0.3520297408103943, 0.7093557119369507, -0.5876733064651489, -0.3851741850376129, 0.434287965297699, 0.15998050570487976, 1.1764572858810425, 0.014849107712507248, -0.282823771238327, -0.11170448362827301, 1.79814612865448, 0.09027688205242157, 0.23458649218082428, -2.012253999710083, -2.5624876022338867, -0.8597824573516846, 1.6281592845916748, -0.8401153087615967, -1.5818403959274292, 0.49122747778892517, -0.13813650608062744, -1.9395853281021118, -0.17347769439220428, 1.5810247659683228, -0.6467245817184448, 2.269793748855591, 0.5830482840538025, -2.364884853363037, 0.7289146184921265, 1.7181528806686401, -0.39259451627731323, 1.3769522905349731, -0.6284376382827759, 0.946332573890686, 0.4279666841030121, -0.36309540271759033, -0.36895886063575745, 0.6863516569137573, 2.013240337371826, -0.5767059326171875, 0.802726149559021, 0.498617559671402, 0.8402217030525208, -0.007164426147937775, 1.1760280132293701, -0.5245011448860168, -0.5663331151008606, 1.810625672340393, -0.9091638326644897, 0.8017588257789612, -1.2214604616165161, 0.7425310611724854, -1.4270226955413818, 1.2246307134628296, -0.9481019973754883, 0.0982474684715271, 0.32959967851638794, -0.22436249256134033, -0.09675247967243195, -0.5795187950134277, -0.5580841302871704, 0.18923760950565338, -1.8993757963180542, 0.04125116765499115, -1.062975287437439, 1.4297878742218018, 1.3365123271942139, -1.6223316192626953, 0.7050416469573975, -1.1211704015731812, 0.4852757751941681, -1.249651551246643, -0.4097065031528473, -0.46817708015441895, 0.47550079226493835, 0.8834900259971619, 1.31002676486969, -0.08526506274938583, 1.6171542406082153, -0.15935364365577698, 0.03102719783782959, -1.5129578113555908, 1.564447045326233, -0.031512364745140076, -0.6320068836212158, 0.9587491154670715, 1.405672311782837, 0.7038444876670837, -0.12969517707824707, -0.4155624210834503, 1.9742333889007568, -0.7198536992073059, 1.3959039449691772, 0.9511963725090027, 1.6074947118759155, 0.33218106627464294, -0.4359859526157379, 0.2273724377155304, -0.9426097869873047, 1.2756495475769043, -0.6583784222602844, 0.5327885746955872, 2.581085205078125, 0.3044932782649994, 0.21622730791568756, -0.5349507331848145, 0.17258045077323914, -0.5770728588104248, 0.28679609298706055, -2.261279344558716]",yunet,Facenet,1920,1080,/home/amos/media/tv/modern_family/Modern.Family.S09.1080p.DSNP.WEB-DL.DDP5.1.H.264-CRFW/Modern.Family.S09E21.The.Escape.1080p.DSNP.WEB-DL.DDP5.1.H.264-CRFW.mkv,Modern Family,2009,1442437,9,21,Sarah Hyland,91351.0,0.576
536,858,186,1068,468,972,306,888,306,0.935,11256,0,"[0.07770764082670212, 0.9389297962188721, 0.629062831401825, 0.091573067009449, -1.118090033531189, 0.26999497413635254, -0.9375670552253723, 0.34515827894210815, -0.051186829805374146, -0.2438705712556839, 0.29785460233688354, 0.2803252339363098, 0.10685321688652039, -0.1004132479429245, -2.06247878074646, -0.00015037134289741516, 0.21375712752342224, -0.6688046455383301, -1.300722360610962, 0.5162315368652344, -0.3072846233844757, 1.7494382858276367, 0.15884697437286377, 1.0861577987670898, 0.06668797135353088, 0.8167628049850464, -2.4419360160827637, 1.7628445625305176, 1.8551957607269287, -2.949198007583618, -0.16015560925006866, -0.9305439591407776, -0.03160561993718147, -0.22712135314941406, 1.5154454708099365, 0.24094223976135254, 0.6393176317214966, 0.136531263589859, 1.3284175395965576, 1.253456473350525, -0.2306920289993286, 0.4225699305534363, -1.0859651565551758, -0.32499030232429504, -0.5827435255050659, 0.3748459219932556, 0.3664310872554779, 0.11769955605268478, -0.18329676985740662, -1.8185793161392212, -0.11494570970535278, -0.7929532527923584, -1.1220824718475342, -0.5220888257026672, 0.09694385528564453, 1.365222692489624, 1.9329392910003662, 0.7309993505477905, 0.5397009253501892, -0.8945296406745911, 1.009926199913025, -1.0195298194885254, -0.8996539115905762, -0.4584667980670929, -0.7737072110176086, 2.405461549758911, 1.351712703704834, 1.6472386121749878, 1.0661677122116089, -0.878545880317688, -1.519647240638733, 1.6204988956451416, -0.47950279712677, 0.5964975357055664, 0.19970981776714325, 0.7962562441825867, 0.4082813560962677, 1.2176908254623413, 0.7761383652687073, 0.8399002552032471, -0.5149892568588257, -1.877643346786499, -0.015909237787127495, -0.6136218905448914, -1.2372487783432007, -0.5153747797012329, -0.1783735156059265, -0.18920710682868958, 0.10843014717102051, 0.6660468578338623, 1.436541199684143, -1.5898754596710205, -0.47241947054862976, -1.1830034255981445, 0.7353484034538269, -0.8442230820655823, 0.7784867882728577, -0.010972615331411362, 0.7526910305023193, -1.328223705291748, -0.7150024175643921, 0.8060111403465271, -2.0891194343566895, 1.3151295185089111, 0.0078033581376075745, 1.243867039680481, 0.8899729251861572, -2.0395216941833496, 0.07422535121440887, 0.44663017988204956, 1.0715218782424927, 0.9350340962409973, 0.896892786026001, -0.26934513449668884, 0.03463243320584297, 1.7188515663146973, -0.29962387681007385, -0.9590761661529541, 0.8777955770492554, -0.30748996138572693, -1.4206047058105469, 1.1653226613998413, -0.36146390438079834, -0.949674665927887, 1.3408948183059692, -0.5696936249732971, 0.8613185286521912, -0.9408013820648193]",yunet,Facenet,1920,1080,/home/amos/media/tv/modern_family/Modern.Family.S09.1080p.DSNP.WEB-DL.DDP5.1.H.264-CRFW/Modern.Family.S09E21.The.Escape.1080p.DSNP.WEB-DL.DDP5.1.H.264-CRFW.mkv,Modern Family,2009,1442437,9,21,Ty Burrell,15232.0,0.663
537,798,180,1008,474,918,306,834,306,0.935,11280,0,"[0.5801812410354614, 1.019585132598877, 1.0779811143875122, -0.2818591892719269, 0.25353679060935974, 0.48247256875038147, -0.8321216106414795, -0.032323695719242096, -0.014961827546358109, -0.6073892712593079, 0.5925182700157166, 0.28731757402420044, 0.46986454725265503, -0.4209955334663391, -2.1813313961029053, -0.361301064491272, -0.4679293930530548, -0.5914064049720764, -1.1310310363769531, 0.47401559352874756, -0.6265869140625, 1.6902140378952026, -0.29104146361351013, 0.5620312094688416, -0.8126490712165833, 1.5092108249664307, -2.323143482208252, 1.698338270187378, 0.2551173269748688, -2.501743793487549, -0.30243077874183655, -0.5205748677253723, -0.789919912815094, -0.8192358613014221, 1.2418444156646729, 0.9959309697151184, 0.6453014016151428, 0.19779233634471893, 1.5421373844146729, 1.0923106670379639, 0.8116799592971802, 0.06894441694021225, -0.5861159563064575, -0.41196778416633606, -0.8577337265014648, 0.2317928969860077, 0.7146623730659485, 0.2238422930240631, -0.34450697898864746, -1.404361367225647, -0.19323904812335968, -0.12578964233398438, -0.38964930176734924, -1.3093461990356445, 0.7908218502998352, 0.8320007920265198, 2.050088882446289, 0.0920703262090683, 0.8144444823265076, -0.5202340483665466, 1.020538091659546, -1.2967324256896973, -0.4663546681404114, 0.18187102675437927, -0.6633062362670898, 2.4352099895477295, 1.4089319705963135, 0.9240812063217163, 1.5090819597244263, 0.23689261078834534, -0.8150337338447571, 1.1976521015167236, -1.2275503873825073, 1.2368108034133911, 0.06667046248912811, 1.1677606105804443, -0.8197287321090698, 1.4412282705307007, 0.5286644697189331, 0.6032905578613281, 0.20736074447631836, -1.8516664505004883, 0.6242022514343262, 0.24719130992889404, -0.22193032503128052, -0.46596989035606384, -0.12725897133350372, 0.38685715198516846, 0.1622418761253357, 0.35718515515327454, 0.8926863074302673, -1.8152658939361572, -0.013327818363904953, -0.9439247846603394, 0.8697600364685059, -0.17644087970256805, 0.6183677911758423, -0.09106966108083725, 0.4699856638908386, -1.4615517854690552, -1.0407278537750244, -0.2630006968975067, -2.527097702026367, 0.27110517024993896, -0.7996803522109985, 1.0930784940719604, 1.0986844301223755, -1.0953946113586426, 0.26789918541908264, 0.6970784068107605, 0.788703978061676, 1.3794910907745361, 0.8733919858932495, 0.29951897263526917, 0.22049345076084137, 1.819605827331543, -0.605525016784668, -1.1053258180618286, 0.7890085577964783, -0.5114582777023315, -0.8375464677810669, 0.5083654522895813, -0.08035284280776978, -1.3724290132522583, 1.1376641988754272, -1.1117548942565918, 0.9411765933036804, -1.3803421258926392]",yunet,Facenet,1920,1080,/home/amos/media/tv/modern_family/Modern.Family.S09.1080p.DSNP.WEB-DL.DDP5.1.H.264-CRFW/Modern.Family.S09E21.The.Escape.1080p.DSNP.WEB-DL.DDP5.1.H.264-CRFW.mkv,Modern Family,2009,1442437,9,21,Ty Burrell,15232.0,0.752
538,780,186,984,450,936,282,846,288,0.927,11352,0,"[0.6062496900558472, 1.2601789236068726, 0.5252241492271423, -0.10248374938964844, 0.15474805235862732, -0.4979759454727173, -1.2414239645004272, -0.0520034097135067, -0.8293548226356506, -0.35072246193885803, -0.5267161726951599, 1.0802980661392212, 1.2901952266693115, -0.20992738008499146, -1.12864351272583, -0.3455946445465088, 0.6366966962814331, -1.0227365493774414, 0.26317089796066284, 0.6628729104995728, -1.2791115045547485, 1.4549006223678589, 0.05249366909265518, 0.8985635638237, 0.1444501131772995, 0.37348508834838867, -2.986435651779175, 2.8606362342834473, 1.1192517280578613, -2.3544723987579346, 0.04144147038459778, -1.383724570274353, -0.1695060133934021, -0.6214300990104675, 1.0201852321624756, 0.26600348949432373, 1.2778284549713135, 0.44826585054397583, 0.8921775221824646, 0.4032061994075775, -0.10892753303050995, 1.6266145706176758, -1.1128668785095215, 0.30332693457603455, -0.5435169339179993, -0.024983372539281845, -0.11752696335315704, 0.7741012573242188, -0.8695025444030762, -0.5357210636138916, 0.0015151351690292358, 0.5271562337875366, -0.8099430203437805, -0.6281923055648804, -0.7627611756324768, 1.9603462219238281, 2.4545817375183105, -0.07615452259778976, -0.008903946727514267, 0.5125573873519897, 1.853867530822754, -0.6147354245185852, -0.4908202588558197, 0.2065569907426834, -1.630555510520935, 1.3365737199783325, 1.568145751953125, -0.22373530268669128, 1.3024005889892578, -0.5778707265853882, -0.5397863984107971, 1.0172462463378906, -1.4907070398330688, 1.0319923162460327, 0.608222246170044, 0.8159804344177246, -0.026598677039146423, 0.8525203466415405, 0.845569372177124, -0.27725887298583984, 0.5225558280944824, -0.5961796045303345, 0.21998381614685059, -0.11650482565164566, -0.7613275051116943, -0.9686775207519531, 1.1538300514221191, -0.5623060464859009, 0.28045007586479187, 0.4331395924091339, -0.6891779899597168, -1.5709744691848755, -0.3123292326927185, -0.6587135791778564, 1.116524577140808, -0.6673879027366638, 0.3151419758796692, -1.3527203798294067, 0.12134869396686554, -0.8124872446060181, -0.10942435264587402, 1.3244094848632812, -2.0799593925476074, -0.5282610654830933, 0.14161604642868042, 0.8444169163703918, 0.21034277975559235, -2.1136667728424072, 0.7867446541786194, -0.27158746123313904, -0.38213902711868286, 1.5383234024047852, 0.22638316452503204, 0.4569857120513916, -0.09550636261701584, 1.5136514902114868, -0.7994071245193481, -1.0527713298797607, -0.3698764443397522, 0.01666758954524994, -0.647092342376709, 0.4761940538883209, -0.22011230885982513, -0.8378459215164185, 2.0468759536743164, -0.42515701055526733, 1.1140425205230713, -1.6560158729553223]",yunet,Facenet,1920,1080,/home/amos/media/tv/modern_family/Modern.Family.S09.1080p.DSNP.WEB-DL.DDP5.1.H.264-CRFW/Modern.Family.S09E21.The.Escape.1080p.DSNP.WEB-DL.DDP5.1.H.264-CRFW.mkv,Modern Family,2009,1442437,9,21,Ty Burrell,15232.0,0.719
539,780,192,990,468,942,294,852,300,0.922,11376,0,"[0.8067022562026978, 1.087720513343811, 0.5443620681762695, -0.17909115552902222, -0.5167151689529419, -0.10887480527162552, -1.1334489583969116, -0.2304500937461853, -0.771967351436615, -0.6242601275444031, -0.5155516862869263, 0.8983690738677979, 0.5989232063293457, -0.35590511560440063, -1.2213078737258911, -0.47614622116088867, 0.6046570539474487, -0.7692643404006958, -0.27159929275512695, 0.21712662279605865, -0.832039475440979, 1.4124300479888916, -0.2262333333492279, 0.7326406240463257, 0.5158106088638306, 0.5799853205680847, -3.379230499267578, 2.7429542541503906, 2.043830394744873, -2.432368040084839, 0.0885845348238945, -1.1522750854492188, -0.5941249132156372, -0.22303393483161926, 1.2563111782073975, 0.3266734182834625, 0.5395277142524719, 0.3429586589336395, 0.4496181011199951, 0.16906598210334778, -0.24890488386154175, 1.5851844549179077, -1.232308030128479, 0.19643062353134155, -0.5943455696105957, 0.046433378010988235, 0.4916215240955353, 0.6555935144424438, -1.0298653841018677, -1.0061599016189575, 0.3501533269882202, -0.2944395840167999, -0.8840776085853577, -0.4077828526496887, -0.17243017256259918, 1.7248748540878296, 1.721771240234375, -0.24704468250274658, 0.2074585258960724, 0.4700911343097687, 1.4890216588974, -0.8535282015800476, -0.2869204580783844, -0.3143357038497925, -1.399720311164856, 1.9549731016159058, 1.0688982009887695, 0.48711737990379333, 1.5481160879135132, -0.8083999156951904, -0.7175924181938171, 1.040593147277832, -1.339841365814209, 0.5683985352516174, 0.40457019209861755, 1.3640708923339844, -0.11675997078418732, 0.9722931981086731, 1.3467116355895996, 0.12318174540996552, 0.3382001519203186, -0.9361976385116577, -0.28410741686820984, -0.35463419556617737, -0.8042688965797424, -1.1342549324035645, 0.9674752950668335, -0.5849774479866028, 1.0039269924163818, 0.7374953031539917, 0.22204232215881348, -1.3695029020309448, -0.42440134286880493, -0.8214317560195923, 0.9691454172134399, -0.17957399785518646, 0.5009481310844421, -1.0785701274871826, 0.9712243676185608, -0.681746244430542, 0.0708198994398117, 1.2323079109191895, -1.8853068351745605, 0.1206207349896431, 0.35555940866470337, 1.0134071111679077, 0.1617438793182373, -1.8339166641235352, 0.5595968961715698, -0.4217507541179657, -0.06433065980672836, 1.240605354309082, 0.015508178621530533, -0.22072337567806244, 0.17232100665569305, 1.4658594131469727, -0.8999042510986328, -0.6964817643165588, 0.04423178359866142, -0.3849310874938965, -0.7157558798789978, 0.930993914604187, -0.1669122874736786, -0.46975207328796387, 1.9095326662063599, -0.17193306982517242, 0.659968912601471, -1.9893124103546143]",yunet,Facenet,1920,1080,/home/amos/media/tv/modern_family/Modern.Family.S09.1080p.DSNP.WEB-DL.DDP5.1.H.264-CRFW/Modern.Family.S09E21.The.Escape.1080p.DSNP.WEB-DL.DDP5.1.H.264-CRFW.mkv,Modern Family,2009,1442437,9,21,Ty Burrell,15232.0,0.697
540,732,216,930,486,900,306,810,306,0.924,11400,0,"[0.7067960500717163, 0.828142523765564, 0.4296260476112366, 0.04413118213415146, -0.4350952208042145, -0.4740346372127533, -0.9227348566055298, 0.2757469415664673, -0.740156352519989, -0.7979287505149841, 0.22401556372642517, 1.2326343059539795, 0.7956366539001465, -0.2700974941253662, -1.5921505689620972, 0.7683838605880737, 0.8056691884994507, -1.2986658811569214, -0.757498025894165, 1.0660783052444458, -0.809162974357605, 1.325190782546997, 0.03504644334316254, 0.795664370059967, 0.37623703479766846, 0.20258712768554688, -2.7945425510406494, 2.674633026123047, 2.129034996032715, -2.103642463684082, -0.08340395987033844, -1.151876449584961, 0.024410076439380646, -0.03615701198577881, 1.131264328956604, 0.25250834226608276, 0.5957744121551514, 0.2094327211380005, 0.4700711667537689, 0.5559331178665161, -0.40529733896255493, 1.6949374675750732, -1.3840484619140625, 0.47819632291793823, -0.5474988222122192, -0.3117564022541046, 0.3393353223800659, 0.7287087440490723, -1.324073314666748, -0.3674653172492981, 0.528424859046936, -0.24304215610027313, -0.45572933554649353, -0.4227944016456604, -0.30987727642059326, 1.7834686040878296, 1.6329967975616455, 0.4071721136569977, 0.6524613499641418, 0.515825629234314, 1.3929307460784912, -0.5082275867462158, -0.27852463722229004, -0.4868480861186981, -1.6278600692749023, 1.4161558151245117, 0.9081506133079529, 0.23398083448410034, 1.3146072626113892, -1.352073311805725, -1.1707640886306763, 0.4882839024066925, -1.438744068145752, 0.6796635985374451, 0.42073938250541687, 1.114964246749878, 0.3054386377334595, 1.176314353942871, 1.657902717590332, -0.6352828741073608, 0.22300809621810913, -1.3911619186401367, -0.4740307331085205, -0.5597791075706482, -0.6194605827331543, -1.2854708433151245, 1.2386115789413452, -0.5903995037078857, 1.1858519315719604, 0.5042642951011658, -0.446725457906723, -1.1640958786010742, -0.39021995663642883, -1.0250872373580933, 0.993593156337738, -0.33049073815345764, 0.6377881169319153, -2.3835954666137695, 0.16260963678359985, -0.49649596214294434, -0.009070370346307755, 1.6991121768951416, -2.0942840576171875, 0.0499439463019371, 0.5344178080558777, 0.8670955300331116, 0.7292170524597168, -2.1901235580444336, 0.21887046098709106, 0.07257900387048721, 0.8383130431175232, 1.6678074598312378, 0.7544102668762207, -0.39122647047042847, -0.15055665373802185, 1.4180922508239746, -0.90674889087677, -0.6552222371101379, -0.39757484197616577, -0.9453440308570862, -0.8088664412498474, 0.6664817333221436, -0.08434033393859863, -0.6300808191299438, 2.107635736465454, -0.15555566549301147, 0.6248567700386047, -1.9325764179229736]",yunet,Facenet,1920,1080,/home/amos/media/tv/modern_family/Modern.Family.S09.1080p.DSNP.WEB-DL.DDP5.1.H.264-CRFW/Modern.Family.S09E21.The.Escape.1080p.DSNP.WEB-DL.DDP5.1.H.264-CRFW.mkv,Modern Family,2009,1442437,9,21,Ty Burrell,15232.0,0.673
541,1290,60,1404,204,1362,120,1308,120,0.903,11424,0,"[1.2188175916671753, -1.2264710664749146, -0.8545584082603455, 0.5412903428077698, 2.126697540283203, -0.19084803760051727, 0.7919421792030334, -0.6082572937011719, 1.1667990684509277, 1.2104300260543823, -1.2966293096542358, -0.23307494819164276, -0.5598335266113281, 0.6824700832366943, 0.6852598190307617, 0.41954147815704346, -1.0914956331253052, -1.330163836479187, -0.40682271122932434, -0.9650768041610718, -0.6680914163589478, 0.41848447918891907, -0.1253611147403717, 1.7744163274765015, 1.6244640350341797, 1.3550658226013184, 0.8692178726196289, 0.11254942417144775, 1.091149926185608, -0.9392217397689819, 1.3481757640838623, 0.8151341676712036, -1.7829992771148682, 1.7837072610855103, -1.7301725149154663, -1.1116509437561035, 0.8939903974533081, -2.155687093734741, 0.6039764881134033, -1.4791710376739502, -0.009529383853077888, 0.1306537389755249, 0.4773108959197998, -0.9962260723114014, -0.43108874559402466, -0.22377316653728485, -0.8633344173431396, -0.6293303966522217, -0.6700028777122498, 1.704559087753296, -0.35090702772140503, -0.9885252714157104, -2.2257275581359863, 0.9464172124862671, -0.12017354369163513, -1.2683430910110474, 0.6547881364822388, -1.3857245445251465, 0.02767031639814377, 0.5927287340164185, -0.6983515024185181, -1.1726837158203125, 1.701934814453125, 0.3681296110153198, -1.310268521308899, 1.0427407026290894, -1.5035120248794556, 0.6883541941642761, -1.1499637365341187, -0.45528027415275574, -0.21422986686229706, -0.6001459360122681, 1.6211183071136475, 0.4346046447753906, 1.3521133661270142, -0.13961055874824524, 0.3613438904285431, 0.6377508640289307, 0.3038884699344635, 1.1411365270614624, -3.131139039993286, 1.4690688848495483, -0.16802921891212463, -1.1796813011169434, -1.5876206159591675, -0.37283027172088623, -0.3898913562297821, 0.2848002314567566, 2.274867057800293, 0.6773880124092102, 0.7192435264587402, -1.0259532928466797, -0.5055760741233826, -1.054352879524231, 2.651641607284546, -0.7290201783180237, -1.508139729499817, 1.2940776348114014, -0.5524221062660217, -0.7662866115570068, 0.8749423027038574, 0.06739301234483719, -0.7857251763343811, -0.9517540335655212, 1.3253883123397827, -0.08471786230802536, -0.14146938920021057, -0.49003157019615173, -0.5950493216514587, -0.8032989501953125, 0.6530910134315491, -0.0037849172949790955, 0.9708694219589233, -1.9966909885406494, 2.1132006645202637, 0.3286297023296356, -0.09430213272571564, 0.3203302025794983, -0.3474322259426117, -0.03100714460015297, -0.08045311272144318, -0.26693445444107056, 1.985627293586731, 0.5145533680915833, -0.31128615140914917, -0.8620085716247559, 0.6106232404708862, 0.628105103969574]",yunet,Facenet,1920,1080,/home/amos/media/tv/modern_family/Modern.Family.S09.1080p.DSNP.WEB-DL.DDP5.1.H.264-CRFW/Modern.Family.S09E21.The.Escape.1080p.DSNP.WEB-DL.DDP5.1.H.264-CRFW.mkv,Modern Family,2009,1442437,9,21,Eric Stonestreet,156962.0,0.699
542,1314,48,1434,204,1404,102,1350,102,0.903,11448,0,"[0.399553120136261, 0.036331601440906525, -1.2462477684020996, 0.8122833371162415, 2.897676467895508, -0.3425031900405884, 1.5396013259887695, 0.5433874130249023, 0.37082675099372864, 0.56467205286026, -0.9494977593421936, -0.5101807713508606, -0.621936023235321, 0.7360230684280396, 1.4806710481643677, 0.19133305549621582, -0.5046460628509521, -1.6486574411392212, -1.0463347434997559, -1.1462836265563965, -1.7061865329742432, 1.0110608339309692, 0.3004297614097595, 1.6973799467086792, 1.5561741590499878, 0.5752933025360107, 0.8785558938980103, 0.5400971174240112, 0.3271154761314392, -0.9170448780059814, 0.9243570566177368, 0.47543099522590637, -1.9869792461395264, 1.0295019149780273, -1.0682148933410645, -1.0604546070098877, 1.1306854486465454, -2.4253368377685547, -0.18806377053260803, -1.2184092998504639, -1.2167446613311768, -0.28695690631866455, -0.017054766416549683, -0.24563053250312805, 0.5525320172309875, -0.05513550341129303, -1.068493127822876, -0.7063968181610107, 0.17264698445796967, 2.085171699523926, -0.19123835861682892, -0.253438264131546, -1.4316251277923584, 0.947933554649353, -0.9495391249656677, -1.379482626914978, -0.3241070508956909, -1.667875051498413, -0.5373721718788147, 0.025758519768714905, -1.6148319244384766, -0.4966997504234314, 2.0524840354919434, -0.2143091857433319, -1.4834158420562744, 0.6083409190177917, -1.6992818117141724, 0.6581050157546997, -0.4121738374233246, -0.8411250114440918, -0.3721854090690613, -0.1369636207818985, 1.3043383359909058, 0.0984208732843399, 0.010377788916230202, -0.22481441497802734, 0.01946967840194702, 0.6275180578231812, 0.3343764841556549, 1.365559458732605, -2.4399328231811523, 2.695624828338623, -1.2029050588607788, -1.02293062210083, -1.325546383857727, -0.21718408167362213, 0.00829500425606966, -0.31422924995422363, 1.7086992263793945, 1.2201920747756958, 1.2470768690109253, -0.438605397939682, -0.7652269005775452, -0.5745818614959717, 1.4582046270370483, 0.182973250746727, -0.7587674856185913, 1.0365785360336304, -0.2142254263162613, 0.47443658113479614, 0.33063143491744995, -0.20519804954528809, -0.02243100106716156, -0.720111608505249, 0.762729287147522, -0.515662670135498, -0.6720011234283447, -0.1711217164993286, -0.4772889018058777, -0.6107977032661438, -0.367145836353302, -0.3244084119796753, 1.7478681802749634, -1.5320589542388916, 2.2064268589019775, 0.4506622850894928, 0.2159067839384079, -0.041088253259658813, -0.11780213564634323, 0.04383445158600807, -0.27342772483825684, -0.47833600640296936, 1.121046781539917, 0.6169448494911194, -0.7823079824447632, -0.48633861541748047, 0.273458868265152, -0.16904275119304657]",yunet,Facenet,1920,1080,/home/amos/media/tv/modern_family/Modern.Family.S09.1080p.DSNP.WEB-DL.DDP5.1.H.264-CRFW/Modern.Family.S09E21.The.Escape.1080p.DSNP.WEB-DL.DDP5.1.H.264-CRFW.mkv,Modern Family,2009,1442437,9,21,Eric Stonestreet,156962.0,0.651
543,1248,54,1374,228,1350,120,1296,120,0.908,11472,0,"[0.5631572008132935, -0.8957529067993164, -0.41201868653297424, -0.3387920558452606, 1.7468351125717163, -0.2970854938030243, 1.0194696187973022, -0.7531805038452148, 0.600436270236969, 0.21902962028980255, -0.6011224985122681, -0.997086226940155, -0.9765933156013489, 1.1611428260803223, -0.012541532516479492, 0.9111152291297913, -0.8242895603179932, -1.6014636754989624, -0.6113635301589966, -0.7827723026275635, -0.7089636325836182, 1.0570006370544434, 0.23370733857154846, 1.2409759759902954, 0.8658913969993591, 1.7193987369537354, 1.6589552164077759, -0.2275659739971161, 1.4638445377349854, -0.16721957921981812, 0.5804404020309448, 1.419437289237976, -1.3768229484558105, 1.831102967262268, -1.1472008228302002, -0.6536152958869934, 0.4247022569179535, -1.8967913389205933, 0.6876240372657776, -0.7245422601699829, -0.47051650285720825, -1.1408071517944336, -0.6312776803970337, -1.242508053779602, 0.10727257281541824, -0.7468968033790588, -1.0272728204727173, -0.9679509401321411, 0.08996371924877167, 1.2334606647491455, -0.552422821521759, -0.774772047996521, -1.341388463973999, 0.3402830958366394, -0.3225460648536682, -1.6824994087219238, 0.5606524348258972, -0.6544046998023987, -0.26757532358169556, 0.6516722440719604, -1.091886281967163, -1.1850874423980713, 0.8511109948158264, 0.9633638858795166, -1.4207608699798584, 1.2904174327850342, -0.12999895215034485, 0.589704692363739, 0.01939120888710022, -0.44090884923934937, -0.3078036308288574, -0.5759750604629517, 1.9088127613067627, 0.667864203453064, 1.4917545318603516, 0.17512309551239014, 0.29390421509742737, 0.5771968364715576, 0.7818312644958496, 0.46273475885391235, -3.0132265090942383, 2.4696481227874756, -0.45183065533638, -1.598212718963623, -1.1728169918060303, 0.49828436970710754, -0.7262093424797058, -0.05912674963474274, 1.4539777040481567, 0.9207177758216858, 0.9757149815559387, -0.000894453376531601, -0.48169630765914917, -1.4550243616104126, 2.5954513549804688, 0.14778071641921997, -1.8746036291122437, 1.7863353490829468, -0.5665861368179321, -0.923271894454956, 0.31959086656570435, -0.5004514455795288, -0.6606159210205078, -0.2102886438369751, 1.2545615434646606, -0.12784570455551147, 0.6023187041282654, 0.3219733238220215, -0.9468520879745483, -1.6768118143081665, 0.46348077058792114, -0.09273654222488403, 1.0278136730194092, -1.3973889350891113, 1.931275486946106, 0.6586296558380127, 0.7670184373855591, 0.22453796863555908, -0.4063275158405304, 0.7740755677223206, 0.26133933663368225, 0.07644061744213104, 1.248855710029602, -0.6444178223609924, -0.5286439061164856, -0.26778340339660645, 0.4376489520072937, 0.37424007058143616]",yunet,Facenet,1920,1080,/home/amos/media/tv/modern_family/Modern.Family.S09.1080p.DSNP.WEB-DL.DDP5.1.H.264-CRFW/Modern.Family.S09E21.The.Escape.1080p.DSNP.WEB-DL.DDP5.1.H.264-CRFW.mkv,Modern Family,2009,1442437,9,21,Eric Stonestreet,156962.0,0.662
544,774,180,966,438,936,276,858,276,0.912,11544,0,"[0.1123502254486084, 0.18413692712783813, -0.11188045144081116, 1.1407055854797363, -0.12307599931955338, -1.2854537963867188, -0.6536999940872192, -0.6245408654212952, -0.6785610318183899, -0.2546837329864502, 0.048188529908657074, 1.031607985496521, 0.9265625476837158, -0.29310792684555054, -1.362788438796997, -0.4477007985115051, 0.6116892099380493, -1.0633902549743652, -1.7059308290481567, 0.7539925575256348, -1.2840462923049927, 0.16877546906471252, 0.6811122298240662, 1.2366284132003784, 0.4270143210887909, -0.3708552420139313, -2.4212632179260254, 2.69166898727417, 1.3277990818023682, -2.165017604827881, 0.30184710025787354, -1.7411543130874634, -0.32600098848342896, 0.5978484749794006, 0.41188564896583557, 0.7667388319969177, -0.39303067326545715, -0.15729275345802307, 0.5471636056900024, 0.7487313747406006, 0.10628249496221542, 1.6935309171676636, -0.8318649530410767, 1.0168452262878418, -0.09702090919017792, -0.26483219861984253, 0.16071577370166779, 1.1798372268676758, -1.3720296621322632, -1.0822428464889526, 0.25920066237449646, -0.7545251250267029, -0.8416308164596558, -0.5570588111877441, -0.25836944580078125, 1.7368983030319214, 1.5672118663787842, 0.6488742232322693, 1.3060599565505981, -0.32330548763275146, 1.4185905456542969, -0.4682440161705017, -1.1464757919311523, -0.32712236046791077, -0.9690737128257751, 1.547347903251648, -0.36909061670303345, 0.3269127309322357, 0.43903329968452454, -1.6451303958892822, -1.9945704936981201, 0.5769388675689697, -0.02738998457789421, -0.069393090903759, 0.1899799406528473, 1.087509036064148, 0.9532332420349121, 1.4837840795516968, 1.3612937927246094, -0.5115822553634644, -0.15303298830986023, -0.8911222219467163, -0.8683765530586243, -0.5694069266319275, -1.3048202991485596, -1.2618627548217773, 0.9240208268165588, -0.27968376874923706, 0.6141552925109863, 1.0597864389419556, 0.8362351059913635, -0.5006365776062012, -0.8680779337882996, -0.7921696901321411, 1.2314374446868896, -0.878694474697113, 0.972818911075592, -2.2219626903533936, -0.34386324882507324, -0.2718132734298706, -0.17665396630764008, 1.5807366371154785, -1.9180742502212524, 0.13559217751026154, 0.8011279702186584, 0.6463192105293274, 1.5518789291381836, -2.681023359298706, 0.1922595500946045, -0.8927335739135742, 1.0946800708770752, 1.906786561012268, 0.6227058172225952, -0.08554677665233612, 0.2764658033847809, 2.091897964477539, -0.9367316961288452, -0.27007147669792175, 0.39222899079322815, 0.18114285171031952, -1.2801977396011353, 0.5625878572463989, 0.0691533237695694, -1.0925812721252441, 1.6973165273666382, -0.9982467889785767, 1.6116797924041748, -1.6457245349884033]",yunet,Facenet,1920,1080,/home/amos/media/tv/modern_family/Modern.Family.S09.1080p.DSNP.WEB-DL.DDP5.1.H.264-CRFW/Modern.Family.S09E21.The.Escape.1080p.DSNP.WEB-DL.DDP5.1.H.264-CRFW.mkv,Modern Family,2009,1442437,9,21,Ty Burrell,15232.0,0.54
545,216,282,342,438,318,348,264,342,0.915,11592,0,"[0.09969501197338104, 1.4653836488723755, 0.11691948026418686, -0.48737767338752747, 0.818733811378479, -0.454155832529068, 1.220964789390564, 0.14063552021980286, -1.1221704483032227, 0.784735381603241, 1.4264044761657715, 1.1073676347732544, -1.2692242860794067, -0.5259627103805542, 0.31349194049835205, 0.1435321569442749, -0.1348121017217636, -0.7892882823944092, -1.9921369552612305, 0.8999909162521362, -0.8935295343399048, 0.09304479509592056, 0.795194685459137, 1.1328749656677246, -0.4780176281929016, 1.8240820169448853, -0.2684679627418518, -1.1387522220611572, 2.496567487716675, -1.5343486070632935, 1.1962134838104248, -0.29247814416885376, 0.6422150731086731, -0.3759121298789978, -1.394567608833313, 1.1792837381362915, -1.0083471536636353, 0.2804933488368988, 0.8527167439460754, -1.1956498622894287, -1.5184342861175537, 0.9043980240821838, -0.502592921257019, 0.8440485000610352, -1.4834040403366089, 0.8085635900497437, -0.28378334641456604, -0.5470556020736694, -1.606796383857727, 0.44607627391815186, 0.9600680470466614, -0.7963218092918396, 0.17922979593276978, 1.5666948556900024, -0.23911374807357788, 0.8257588744163513, -0.523420512676239, -0.5063459277153015, -0.4855573773384094, 1.5060943365097046, -1.2957454919815063, -1.5575445890426636, -0.6896747350692749, -0.40413039922714233, 2.310683250427246, -0.37097883224487305, -1.2122135162353516, 0.6046090722084045, 1.6138520240783691, 1.499369502067566, -1.725068211555481, 2.4957222938537598, -1.6783411502838135, 1.5583584308624268, 0.5592196583747864, 0.5532629489898682, -1.066750407218933, -1.549497127532959, 0.62247633934021, 0.8843352794647217, -0.4074361324310303, 0.5152109861373901, -0.2687564194202423, -0.5191677808761597, -0.003411129117012024, 0.44793984293937683, 0.3309640884399414, -0.3043537139892578, 0.0026976242661476135, 0.7165754437446594, -0.16078954935073853, 0.480978399515152, 0.3075869381427765, -1.0501339435577393, 0.08105636388063431, -0.2259606271982193, -0.7132608890533447, -0.04346437752246857, 1.111605167388916, -2.640285015106201, -1.2365655899047852, -1.9607175588607788, -1.4931883811950684, 1.7786602973937988, 0.7599782943725586, -0.5286415815353394, -0.24626260995864868, -0.9292820692062378, 0.9128807187080383, -0.5368307828903198, 0.8038978576660156, 0.45243632793426514, 0.2998051047325134, 0.39438140392303467, 1.6896227598190308, 1.2110329866409302, -0.7162995338439941, -0.080082967877388, 2.2733163833618164, 0.6921460032463074, 0.937038779258728, -1.0058327913284302, -0.6610509157180786, 0.6537790894508362, -1.6570208072662354, -0.5541322827339172, -0.10947337746620178, 0.34083840250968933]",yunet,Facenet,1920,1080,/home/amos/media/tv/modern_family/Modern.Family.S09.1080p.DSNP.WEB-DL.DDP5.1.H.264-CRFW/Modern.Family.S09E21.The.Escape.1080p.DSNP.WEB-DL.DDP5.1.H.264-CRFW.mkv,Modern Family,2009,1442437,9,21,,,
546,1314,150,1464,348,1428,228,1362,222,0.917,11616,0,"[0.3648843765258789, -0.634397029876709, -0.7261468768119812, 0.8053537011146545, 2.0945816040039062, -0.5473625659942627, 1.2767030000686646, -0.35474711656570435, 0.5723075866699219, 1.0988277196884155, -1.7938936948776245, -0.7455224990844727, 0.23064248263835907, 0.8079510927200317, 1.284583568572998, 0.06253788620233536, -0.9523317813873291, -1.8090870380401611, -0.6582335233688354, -1.2361310720443726, -1.159101128578186, 1.1434658765792847, -0.28777799010276794, 2.1092681884765625, 1.9126715660095215, 0.8780362010002136, 1.6286391019821167, 0.272087037563324, 0.5429291129112244, -0.8345011472702026, 0.7570177316665649, 0.4562746584415436, -1.8196346759796143, 1.4039164781570435, -1.0208203792572021, -0.8357146382331848, 0.33434057235717773, -1.90407133102417, 0.4968221187591553, -0.9228653907775879, -0.3852959871292114, -0.1735306829214096, -0.1945044994354248, -0.5351579189300537, -0.37623563408851624, 0.027844898402690887, -0.634271502494812, -1.0858821868896484, -0.5693591833114624, 1.4341531991958618, -0.8231105804443359, -0.03716589882969856, -1.6219054460525513, 0.6244680881500244, -0.32175591588020325, -1.9077199697494507, 0.43938374519348145, -1.504372000694275, -0.5279834270477295, -0.2185710072517395, -0.9051348567008972, -1.3833746910095215, 1.2742745876312256, -0.5350403189659119, -1.382758617401123, 0.3096510171890259, -1.53510320186615, 0.4265534281730652, -1.0521326065063477, -0.8650367259979248, -0.14257685840129852, -0.7102565765380859, 1.641669750213623, -0.4064825177192688, 0.8370340466499329, 0.006768211722373962, 0.2865111827850342, 1.0474884510040283, 0.6283093690872192, 1.3780689239501953, -2.0067124366760254, 2.1643569469451904, -0.4036162495613098, -0.6269835233688354, -1.108277678489685, 0.8610198497772217, 0.14763934910297394, 0.24250991642475128, 1.3293086290359497, 1.2642215490341187, 1.4625037908554077, -0.4216128885746002, -0.3442736566066742, -0.8548427820205688, 2.0819339752197266, 0.2855692505836487, -1.2263450622558594, 1.3057239055633545, 0.009038202464580536, 0.019150471314787865, 0.20357196033000946, 0.6918074488639832, -0.18526387214660645, -1.0577396154403687, 0.7846344113349915, -0.8103569746017456, -0.7464280128479004, 0.641277551651001, -0.3518967032432556, -1.2205256223678589, -0.258102148771286, -0.744831919670105, 1.2629731893539429, -1.6368279457092285, 1.7793679237365723, 0.36253267526626587, 0.006378930062055588, 0.43085774779319763, 0.21067273616790771, 0.29707053303718567, -0.050273530185222626, -0.3334178924560547, 0.662101686000824, -0.06771808117628098, -0.17278943955898285, -0.26418736577033997, 0.41285550594329834, 0.29604658484458923]",yunet,Facenet,1920,1080,/home/amos/media/tv/modern_family/Modern.Family.S09.1080p.DSNP.WEB-DL.DDP5.1.H.264-CRFW/Modern.Family.S09E21.The.Escape.1080p.DSNP.WEB-DL.DDP5.1.H.264-CRFW.mkv,Modern Family,2009,1442437,9,21,Eric Stonestreet,156962.0,0.745
547,1062,114,1230,336,1164,192,1098,192,0.915,11616,1,"[0.4494513273239136, 0.13917124271392822, 1.128538966178894, 0.34997835755348206, -0.4154866635799408, -0.7713533043861389, -1.255728840827942, -0.5162238478660583, -0.9879552125930786, 0.07895651459693909, -1.7130706310272217, 0.29996877908706665, 0.6721059679985046, 0.0691375583410263, -0.6941231489181519, -0.711184561252594, 0.14703798294067383, -0.5239813327789307, -0.4775577783584595, -0.2473752796649933, -1.978471040725708, 1.003995418548584, -0.13471204042434692, 1.6162960529327393, 0.4165833592414856, 1.0185132026672363, -2.9793713092803955, 2.6549057960510254, 1.0960668325424194, -2.05904483795166, 0.6703910827636719, -1.624237060546875, -1.2641074657440186, -0.12401165068149567, 1.1189757585525513, 0.6590940952301025, 0.8007445931434631, 0.6652260422706604, 1.1531436443328857, 1.239890694618225, 0.14919349551200867, 1.0308635234832764, 0.448623925447464, 0.2945374846458435, 0.13661344349384308, 1.0837472677230835, 0.8699550032615662, 0.8268473148345947, -1.2275174856185913, -1.859740138053894, 0.6166412234306335, -0.021956950426101685, -1.209261178970337, -0.6291840076446533, -0.1743110567331314, 0.5351755023002625, 0.9945002794265747, 0.4189630448818207, -0.05679207295179367, 1.275960922241211, 2.7992711067199707, -0.9366463422775269, -1.9741531610488892, -0.19737574458122253, -1.1556023359298706, 2.457235336303711, 0.6973193287849426, 0.7742019891738892, 1.6348416805267334, -0.22207000851631165, 0.2850685119628906, 0.975517988204956, -0.2141425609588623, 0.875433623790741, 0.8923938274383545, 1.9843982458114624, 0.3356437087059021, 1.7163015604019165, 1.560247778892517, 0.9147118330001831, -0.20166784524917603, -0.0939786359667778, 0.7621312141418457, 0.0920887142419815, -1.8890334367752075, -1.357539415359497, 1.321324110031128, -0.9744959473609924, 0.35481661558151245, 0.34548816084861755, 0.1408347338438034, -1.3143863677978516, -0.6424264311790466, -0.5235167741775513, 1.3153208494186401, -0.24110986292362213, -0.019035611301660538, 0.8956390023231506, 0.5959451198577881, -0.19782033562660217, 0.30289405584335327, 0.8310836553573608, -2.6143999099731445, 0.04439976066350937, -0.6240783929824829, 0.37886977195739746, 0.24783453345298767, -1.7525707483291626, -0.0031945928931236267, -0.8422303795814514, -0.5644065737724304, 1.256630539894104, 0.5355330109596252, -1.5442237854003906, -0.053093425929546356, 2.109819173812866, -0.71651291847229, -0.3050042986869812, -0.6605920791625977, -0.18340998888015747, -0.1625712364912033, 0.09121422469615936, -0.34440046548843384, -0.7485663890838623, 1.1490271091461182, -0.5566864013671875, 0.901742160320282, -1.838798999786377]",yunet,Facenet,1920,1080,/home/amos/media/tv/modern_family/Modern.Family.S09.1080p.DSNP.WEB-DL.DDP5.1.H.264-CRFW/Modern.Family.S09E21.The.Escape.1080p.DSNP.WEB-DL.DDP5.1.H.264-CRFW.mkv,Modern Family,2009,1442437,9,21,Ty Burrell,15232.0,0.709
548,882,138,1098,432,1026,258,930,258,0.934,11640,0,"[0.5726532936096191, -0.0702989250421524, 1.4317506551742554, -0.16859087347984314, 0.2599714398384094, -0.5429433584213257, -1.9101144075393677, -0.9286093711853027, 0.44847995042800903, -0.2344912439584732, -0.7659094333648682, 1.0501996278762817, 0.775338351726532, -0.20994256436824799, -0.703866720199585, -0.3000534176826477, 0.033431656658649445, 0.6237983107566833, -0.5771946310997009, -0.013201733119785786, -1.2151234149932861, 0.7330890893936157, -0.5718300938606262, 1.0232657194137573, -0.10027776658535004, 1.3597975969314575, -3.287398099899292, 2.6858205795288086, 0.30238139629364014, -2.357490062713623, 0.4945489764213562, -1.5766618251800537, -0.634392499923706, -1.0061702728271484, 0.8567458391189575, 2.0039520263671875, 0.47235310077667236, 0.557253897190094, 0.2904965877532959, 1.209275245666504, 0.957826554775238, 0.8454856276512146, 0.6327461004257202, -0.40566325187683105, -0.332096129655838, 0.3757726550102234, 0.286124050617218, 1.232750654220581, -0.8878215551376343, -1.5419679880142212, 1.0459529161453247, -0.8593661189079285, -1.1383419036865234, -0.9758751392364502, 0.5448748469352722, 1.3383586406707764, 1.4929190874099731, 0.18137754499912262, 1.130481481552124, 0.6073216199874878, 2.0323665142059326, -0.9226351976394653, -1.0687212944030762, 0.7136963605880737, -0.21268349885940552, 1.8114533424377441, 1.0103940963745117, 0.32822394371032715, 1.4836891889572144, 0.39930063486099243, -0.17544953525066376, 1.0082199573516846, -0.48492079973220825, 0.821182131767273, 0.11078669130802155, 0.5173028707504272, -0.12175266444683075, 0.6837183237075806, 0.0453970804810524, 0.31087857484817505, -0.45830318331718445, -1.874316930770874, 0.9096468687057495, 0.8851615786552429, -1.659377932548523, -1.910549521446228, 1.1346771717071533, -0.16473963856697083, 0.9015291929244995, 0.024109287187457085, 0.1843709498643875, -1.8492255210876465, -0.07620342075824738, -0.7856122851371765, 0.5315248966217041, -1.048149824142456, 0.6002463102340698, 0.0036042225547134876, 0.6269526481628418, -0.17739343643188477, 0.4645029306411743, 0.9300803542137146, -2.426919460296631, -0.5769959092140198, -0.3158175051212311, 0.714236855506897, 0.19769898056983948, -2.2771379947662354, 0.8883684277534485, 0.11646601557731628, 0.393094539642334, 1.7415281534194946, 0.17886921763420105, 0.1223217099905014, 0.8898159265518188, 1.446026086807251, -0.06630519032478333, -0.1128971129655838, 0.0002520829439163208, -0.3972622752189636, -0.5997934937477112, 0.2644975781440735, 0.47560834884643555, -0.8679422736167908, 1.298878788948059, -0.948776125907898, 1.4565057754516602, -1.236465573310852]",yunet,Facenet,1920,1080,/home/amos/media/tv/modern_family/Modern.Family.S09.1080p.DSNP.WEB-DL.DDP5.1.H.264-CRFW/Modern.Family.S09E21.The.Escape.1080p.DSNP.WEB-DL.DDP5.1.H.264-CRFW.mkv,Modern Family,2009,1442437,9,21,Ty Burrell,15232.0,0.772
549,1350,180,1536,420,1494,270,1398,264,0.919,11640,1,"[0.22711001336574554, -0.5431722402572632, -0.49714937806129456, 0.45286688208580017, 2.74696683883667, -0.8448542952537537, 1.048000454902649, -0.6701565980911255, 1.3554558753967285, 0.9417248964309692, -1.5612207651138306, -0.5981761813163757, 0.20121882855892181, 0.9275838136672974, 1.232985258102417, 0.32146531343460083, -0.7206175327301025, -1.1027824878692627, -0.3153214156627655, -1.1790999174118042, -1.0514625310897827, 0.9655753374099731, -1.0326908826828003, 2.4963691234588623, 1.984412431716919, 1.3504464626312256, 1.555124044418335, 0.035686686635017395, 0.4362252354621887, -1.063519835472107, 0.926363468170166, 0.12236779928207397, -1.571412205696106, 1.302037000656128, -0.8538103699684143, -0.4392525851726532, 0.5145657062530518, -2.262073040008545, 0.5875987410545349, -0.7845999002456665, -0.0579889714717865, -0.38769325613975525, 0.24909251928329468, -0.15261615812778473, -0.5044891834259033, -0.0934983491897583, -1.378906011581421, -0.8780186176300049, -0.31482845544815063, 1.360304594039917, -0.5622653961181641, -0.09700380265712738, -1.845409631729126, 0.5380855202674866, -0.23894169926643372, -1.633966088294983, 0.7893036007881165, -2.1000893115997314, -0.19211429357528687, 0.17406299710273743, -0.5441413521766663, -0.9257409572601318, 1.379817247390747, -0.0033172741532325745, -1.3289406299591064, 0.7421702742576599, -1.5939222574234009, -0.3276509642601013, -0.7332820296287537, -0.5522096157073975, 0.21104750037193298, -1.0662649869918823, 1.943341612815857, -0.5160357356071472, 1.0030919313430786, -0.7496647834777832, 0.8318970203399658, 0.8038724660873413, 0.5203381180763245, 1.3651092052459717, -2.3523263931274414, 1.7859852313995361, -0.23498231172561646, -0.48243287205696106, -0.9083420634269714, 0.8624858856201172, -0.10512922704219818, 0.19891934096813202, 1.882223129272461, 1.3787034749984741, 1.1105538606643677, 0.039137691259384155, -0.4510597288608551, -0.9135643243789673, 1.885790228843689, -0.03429129719734192, -0.9992086887359619, 0.840086042881012, -0.7646422982215881, 0.04186002165079117, 0.4967172145843506, 1.0503239631652832, -0.0006799027323722839, -1.2622348070144653, 1.0499666929244995, -0.6509870290756226, -0.670537531375885, 0.21980096399784088, -0.5264988541603088, -1.1633747816085815, 0.15691038966178894, -0.577274739742279, 1.2601323127746582, -1.344700574874878, 1.8864301443099976, 0.11635792255401611, 0.3882371485233307, 0.9684445261955261, 0.4193026125431061, 0.23612205684185028, -0.16941730678081512, -0.3114551305770874, 1.298325538635254, -0.34260255098342896, -0.31634998321533203, -0.371452659368515, 1.0629358291625977, 0.239252969622612]",yunet,Facenet,1920,1080,/home/amos/media/tv/modern_family/Modern.Family.S09.1080p.DSNP.WEB-DL.DDP5.1.H.264-CRFW/Modern.Family.S09E21.The.Escape.1080p.DSNP.WEB-DL.DDP5.1.H.264-CRFW.mkv,Modern Family,2009,1442437,9,21,Eric Stonestreet,156962.0,0.765
550,576,240,750,450,708,318,630,324,0.923,11664,0,"[-0.8708477020263672, 0.36113211512565613, 0.03126677870750427, -1.1482348442077637, 1.0582220554351807, 1.1042068004608154, -1.5343643426895142, -0.30926480889320374, 1.2422112226486206, 1.0524729490280151, -0.45071712136268616, 2.4413986206054688, -0.3506958484649658, -1.5407007932662964, 0.1010085791349411, 2.2258479595184326, -1.061428427696228, -0.8004148006439209, -1.1670076847076416, 0.15712150931358337, 0.9438303709030151, 0.35135334730148315, 1.094173789024353, -0.8400269746780396, 0.07594995200634003, -1.0317662954330444, -0.7028192281723022, 0.5178059339523315, 1.5065969228744507, -0.2030893862247467, 0.006306733936071396, -2.512136220932007, 1.1786328554153442, -0.719011664390564, 0.648420512676239, 0.7650341987609863, -1.1157782077789307, 1.020012378692627, -0.22207239270210266, 0.5790997743606567, -1.0532612800598145, -0.12395139783620834, -0.19856229424476624, 0.20602667331695557, -1.5181539058685303, -0.1881602555513382, -1.7566754817962646, 0.15214911103248596, -1.7157237529754639, 0.12306533008813858, -1.25271737575531, 1.5598673820495605, 1.1756260395050049, 0.9267086982727051, 0.5630479454994202, -0.3030843138694763, -1.072742223739624, -0.8494136929512024, 0.10821011662483215, -0.18880367279052734, 0.56560218334198, -0.5326172113418579, -1.2099401950836182, -0.9392566680908203, 0.03161386027932167, 0.689202070236206, 0.11713441461324692, 0.10792987793684006, -0.030665969476103783, -1.6277070045471191, -0.4965410828590393, -0.28719574213027954, -0.7428997159004211, 0.31734585762023926, 1.6136291027069092, 1.5859239101409912, 0.07329551875591278, 0.2123606652021408, 1.2404321432113647, -0.5972849130630493, 0.40757253766059875, 0.4854564964771271, -0.8174477219581604, 1.053790807723999, 0.1671159267425537, -1.311580777168274, -0.44922998547554016, 0.100990429520607, 0.2855055630207062, 1.8018816709518433, -1.3528650999069214, -0.8738626837730408, 1.6742031574249268, 0.041286688297986984, -0.5941750407218933, 1.5062378644943237, -2.2420575618743896, 0.2614304721355438, -0.1448507308959961, -0.5553606152534485, 0.8198752999305725, -1.7561168670654297, -1.976218342781067, 1.0624934434890747, 0.18613752722740173, 0.046595752239227295, -0.7578433156013489, -0.1348520666360855, 0.5012388229370117, 0.3695897161960602, 2.469930410385132, 1.0960756540298462, 0.46539542078971863, -0.20487859845161438, 1.0743298530578613, 0.6235092878341675, -1.0908071994781494, -0.1440643072128296, 0.08804010599851608, -0.315758615732193, 1.9664229154586792, -2.1248040199279785, -1.3434175252914429, 0.22432391345500946, 0.6571894288063049, 0.4186416566371918, 1.2801393270492554, 0.08693051338195801]",yunet,Facenet,1920,1080,/home/amos/media/tv/modern_family/Modern.Family.S09.1080p.DSNP.WEB-DL.DDP5.1.H.264-CRFW/Modern.Family.S09E21.The.Escape.1080p.DSNP.WEB-DL.DDP5.1.H.264-CRFW.mkv,Modern Family,2009,1442437,9,21,Sofía Vergara,63522.0,0.793
551,366,306,486,468,450,360,396,360,0.917,11712,0,"[-1.6834903955459595, 0.6458615064620972, -0.5480695366859436, 0.41352012753486633, 1.0415422916412354, 1.4636549949645996, -0.43702855706214905, -0.38697391748428345, 1.3769021034240723, 2.060028314590454, 0.4820575714111328, 2.570044755935669, 0.10963724553585052, -1.9090921878814697, -0.29840606451034546, 0.9295288324356079, -0.815155029296875, -1.0626558065414429, -1.8643653392791748, 0.26330286264419556, 1.2730870246887207, 0.8213092088699341, 0.3718242049217224, 0.6091005802154541, -1.1796174049377441, -0.62828528881073, -0.04863633215427399, -0.8926003575325012, 2.8051350116729736, -0.4795507490634918, 0.5543651580810547, -1.537599802017212, 1.2115447521209717, -1.5807734727859497, 1.4857685565948486, -0.022855764254927635, -2.4686203002929688, 0.5110581517219543, -0.1063317060470581, -0.7489016056060791, -0.20089225471019745, 0.1538059562444687, -1.0097529888153076, 0.8487915992736816, -1.9188897609710693, 0.3096965253353119, 0.26579946279525757, -1.2098253965377808, -1.726080060005188, 0.2561701536178589, -0.8671559691429138, 1.08964204788208, 1.107903003692627, 0.4984288215637207, 0.9127176403999329, 0.08915029466152191, -0.9629917740821838, -1.4828771352767944, -0.4627411663532257, -1.0986255407333374, -0.3822258710861206, -1.0550380945205688, -0.5423110127449036, -2.3276755809783936, 0.9107536673545837, 0.6740328073501587, -0.04195747524499893, 1.8921337127685547, 0.6739698648452759, -1.553123116493225, -1.7046211957931519, 0.8297356367111206, -1.533843755722046, 0.4603210687637329, 0.12806673347949982, 1.0430494546890259, -0.12616847455501556, -0.7432015538215637, 0.6848214268684387, -0.4685015082359314, 0.6070731282234192, -0.7433218955993652, -0.7275074124336243, 0.6516467928886414, 0.09229624271392822, -0.6241967678070068, -0.13317571580410004, 0.9944785833358765, -0.1926143616437912, 1.1389542818069458, -0.6676843166351318, 0.039497457444667816, 1.7353311777114868, 0.5902867317199707, 0.2616664171218872, 0.9733139872550964, -0.30501121282577515, 1.0433639287948608, 0.7004556655883789, -1.4265263080596924, -0.5522931814193726, -1.202494740486145, -1.730265736579895, 1.8300361633300781, 0.649791419506073, 0.1912771612405777, 0.02909492328763008, 0.18066109716892242, 0.8554479479789734, 0.12136982381343842, 2.1831936836242676, 1.1951215267181396, 0.7485374212265015, -0.31645169854164124, -0.12368307262659073, 0.962512731552124, -1.2892040014266968, -0.15599697828292847, 1.6007905006408691, -0.05273548513650894, 0.12196306139230728, -0.7900309562683105, -0.8890841007232666, 0.55670166015625, 1.129638910293579, 0.4600506126880646, 0.19836394488811493, 0.4987640678882599]",yunet,Facenet,1920,1080,/home/amos/media/tv/modern_family/Modern.Family.S09.1080p.DSNP.WEB-DL.DDP5.1.H.264-CRFW/Modern.Family.S09E21.The.Escape.1080p.DSNP.WEB-DL.DDP5.1.H.264-CRFW.mkv,Modern Family,2009,1442437,9,21,Sofía Vergara,63522.0,0.708
552,420,222,558,396,528,288,462,288,0.905,11736,0,"[-0.8706320524215698, 1.8204694986343384, 0.27480217814445496, -1.2937794923782349, -1.2550734281539917, 1.017533302307129, 0.43894511461257935, 0.8358619809150696, 0.524649441242218, 1.0124071836471558, 0.5492010116577148, 1.4789602756500244, -1.1894649267196655, -1.9306344985961914, -0.6782492399215698, 1.4312379360198975, -1.853273868560791, -1.1028634309768677, -1.721100091934204, 0.4848156273365021, 1.4055790901184082, 1.2873129844665527, -0.02042028307914734, -0.32054436206817627, -0.9142382144927979, -0.4668431878089905, -0.8538933992385864, -0.06378032267093658, 2.2437522411346436, -0.7693170309066772, -0.0896923840045929, -0.41691961884498596, 1.3849983215332031, -1.210400104522705, 1.2887581586837769, -0.32144731283187866, -1.1017485857009888, -0.9072609543800354, 1.1043797731399536, -0.7700823545455933, -1.4327963590621948, 0.2290569543838501, -1.9040247201919556, -0.12292458117008209, -0.3659133017063141, 1.1441881656646729, -1.037821888923645, -0.3196098208427429, -2.0718576908111572, 0.6126977205276489, -1.2854056358337402, 1.099743366241455, 0.9205650687217712, 1.3633298873901367, -0.4726445972919464, 0.7454279065132141, -1.032163143157959, -0.19275817275047302, -1.59294593334198, -1.1874980926513672, -0.44742918014526367, -0.15962910652160645, -1.48179030418396, -1.1116045713424683, 0.9940804243087769, 1.2929489612579346, 1.0708829164505005, 0.26045671105384827, 1.2527124881744385, -2.0863308906555176, -0.5889219641685486, 0.5407450199127197, -0.257468044757843, 0.30427461862564087, 0.26036739349365234, 0.16319099068641663, -1.1132398843765259, -0.4205301105976105, 1.932140588760376, 0.5307681560516357, 1.5330361127853394, -0.9851553440093994, -0.4479832351207733, -0.874593198299408, 0.8960860967636108, -1.605988621711731, -0.7820059061050415, 0.8825570940971375, 0.6542322635650635, 1.9350144863128662, -1.1213457584381104, 0.35166385769844055, 0.36407849192619324, 0.85737144947052, -0.35236620903015137, 1.94387686252594, -1.048962950706482, 0.2549349367618561, 0.21510687470436096, -1.5192266702651978, -0.435871958732605, -1.0419176816940308, -1.5024162530899048, 1.646846890449524, -0.13984382152557373, 0.5131279230117798, 0.6337245106697083, 0.3355972468852997, 0.676763653755188, 1.0548442602157593, 1.6510202884674072, 0.3994680643081665, 0.9371054172515869, -0.44052037596702576, 0.21725864708423615, 1.969733476638794, -0.1631247103214264, -0.3661636710166931, 0.8070442080497742, -0.808782160282135, 0.4403124451637268, -0.8219685554504395, -0.8244662284851074, 1.0533978939056396, 0.6840869188308716, 0.3702683448791504, -0.07361280918121338, -0.17737732827663422]",yunet,Facenet,1920,1080,/home/amos/media/tv/modern_family/Modern.Family.S09.1080p.DSNP.WEB-DL.DDP5.1.H.264-CRFW/Modern.Family.S09E21.The.Escape.1080p.DSNP.WEB-DL.DDP5.1.H.264-CRFW.mkv,Modern Family,2009,1442437,9,21,Sofía Vergara,63522.0,0.754
553,384,210,522,384,486,276,420,276,0.917,11760,0,"[-1.0293755531311035, 0.5230910778045654, 0.577820897102356, -0.5000918507575989, 0.7390580773353577, -0.22733251750469208, 0.3262988030910492, 0.7942402958869934, -0.20307931303977966, 0.7866417169570923, -0.16068719327449799, 1.4249471426010132, -0.5136116743087769, -0.7167644500732422, -0.28277090191841125, 1.4902704954147339, -0.564538836479187, -1.4264724254608154, -0.9735757112503052, 1.0348831415176392, 0.6529269218444824, 0.4571695029735565, 0.1722215712070465, 0.19562217593193054, -0.7079662680625916, 1.1958945989608765, -0.6627140045166016, -0.053746119141578674, 3.1893458366394043, -0.4486556351184845, 0.1940564513206482, -1.206408977508545, 2.1107871532440186, -0.932706356048584, 1.1324682235717773, 0.9330004453659058, -1.599334478378296, 0.7437243461608887, 1.3074078559875488, -0.1816781610250473, -1.1998053789138794, 1.607690691947937, -1.48298978805542, 0.0988151878118515, -1.2730300426483154, 0.4959724545478821, -2.2200469970703125, 1.0350674390792847, -2.1702237129211426, 0.705551028251648, 0.0009928494691848755, 1.8989639282226562, 1.107641339302063, 1.1146799325942993, 0.25525984168052673, 1.0422031879425049, 0.08370911329984665, -0.8487197756767273, -0.26841995120048523, 1.2471708059310913, -0.6001035571098328, -0.6123065948486328, -1.4859423637390137, -0.7378125786781311, 0.33630701899528503, 0.1277090609073639, 0.05098282918334007, 0.6179030537605286, 1.6390666961669922, 0.03453502431511879, -0.7813137173652649, 0.48786380887031555, -1.8138247728347778, 0.6040104627609253, 1.0246278047561646, 0.4340369701385498, -0.7781016826629639, -1.2131184339523315, 1.1173490285873413, -0.2608925402164459, 1.1060823202133179, -0.3796868622303009, -0.24831819534301758, -1.1519451141357422, 0.7346542477607727, -0.642992377281189, 0.1085415631532669, 0.8963848352432251, -0.09857193380594254, 1.2265435457229614, -1.8418529033660889, 1.695760726928711, 0.933592677116394, 0.07201914489269257, -0.6735626459121704, 0.5744248628616333, -0.9917297959327698, -0.9796316623687744, -0.3852939009666443, -1.0117669105529785, -0.10519569367170334, -1.0406664609909058, -2.597531795501709, 1.2360742092132568, 0.40123477578163147, -0.41905319690704346, 0.48398077487945557, -1.8413314819335938, 0.6462705731391907, 0.7490916848182678, 1.5210120677947998, 0.45579850673675537, 0.14232632517814636, -0.19810885190963745, 0.8463088870048523, 0.5600296258926392, -0.5077151656150818, 0.2238103151321411, 1.9186375141143799, -0.663604736328125, 1.7693921327590942, -0.9651498794555664, -0.9518744945526123, -0.3980029225349426, 0.5644914507865906, 0.5358598828315735, 1.0438191890716553, 0.8617513179779053]",yunet,Facenet,1920,1080,/home/amos/media/tv/modern_family/Modern.Family.S09.1080p.DSNP.WEB-DL.DDP5.1.H.264-CRFW/Modern.Family.S09E21.The.Escape.1080p.DSNP.WEB-DL.DDP5.1.H.264-CRFW.mkv,Modern Family,2009,1442437,9,21,Sofía Vergara,63522.0,0.827
554,660,144,846,390,804,246,714,246,0.933,11784,0,"[0.29939836263656616, 0.9602228403091431, 0.12637633085250854, 0.16376128792762756, 0.3305407762527466, -0.6592730283737183, -1.0113829374313354, -0.05511551722884178, 0.18003356456756592, 0.25706619024276733, -0.5082129836082458, 1.097959280014038, 0.13942040503025055, -0.7314556837081909, -1.1780505180358887, -0.11711052060127258, 0.06769036501646042, -0.04316427558660507, -0.6171219348907471, 0.1342460960149765, -1.0829674005508423, 1.0258065462112427, 0.5641046166419983, 0.9513846039772034, -0.06847460567951202, 1.912924885749817, -2.0050129890441895, 2.6517977714538574, 1.0897948741912842, -1.8246766328811646, -0.934356689453125, -0.6278991103172302, -0.2662300765514374, -0.23359709978103638, 1.4083300828933716, 0.759198009967804, 0.3617129921913147, 0.16719137132167816, 0.8324384689331055, 0.7442632913589478, 0.3655184805393219, 0.7172923684120178, -0.8406201601028442, 0.3190062344074249, -0.2989782691001892, 0.10875044763088226, -0.06724298000335693, 0.3868468105792999, -1.0495843887329102, -1.5037040710449219, 0.7608621120452881, -0.2129344642162323, -0.885969340801239, -0.7288203239440918, -0.053760696202516556, 1.896119475364685, 2.1540398597717285, 0.06517662107944489, 0.602678120136261, -0.3368390202522278, 1.3280651569366455, -0.9199966788291931, -1.5016781091690063, 0.10233183205127716, -0.11264512687921524, 1.968048095703125, 1.091217279434204, 1.0978977680206299, 1.4340710639953613, -0.4448598027229309, -0.5844562649726868, 1.5845333337783813, -0.40874576568603516, 1.6927130222320557, 0.6434934735298157, 0.7991718053817749, 0.6201386451721191, 0.8330480456352234, 0.27457159757614136, -0.32111304998397827, -0.6786326766014099, -0.8151965141296387, 0.01779046282172203, -0.26034238934516907, -0.9929345846176147, -1.830841302871704, 0.9862772226333618, -0.5357733964920044, 0.1794099062681198, 0.9215428233146667, -0.6125901937484741, -1.4099665880203247, -0.3532281219959259, -0.8445301651954651, 0.47970467805862427, -1.667739987373352, 0.9136552214622498, -0.18434090912342072, -0.44578248262405396, -1.199620008468628, -0.1903480589389801, 0.18848896026611328, -2.714803695678711, 0.049242228269577026, -0.11565744876861572, 1.416479229927063, 0.7082674503326416, -2.767242670059204, 0.8398844003677368, 0.8142441511154175, 0.7547071576118469, 2.2758097648620605, 0.23606419563293457, 0.29329878091812134, 1.1390732526779175, 2.2930145263671875, -0.6646620035171509, -1.1582404375076294, 1.1774612665176392, 0.08390046656131744, -0.12640130519866943, 0.8046032190322876, -0.13583610951900482, -0.4515867531299591, 1.4625823497772217, -0.9494582414627075, 1.6886719465255737, -0.7433834075927734]",yunet,Facenet,1920,1080,/home/amos/media/tv/modern_family/Modern.Family.S09.1080p.DSNP.WEB-DL.DDP5.1.H.264-CRFW/Modern.Family.S09E21.The.Escape.1080p.DSNP.WEB-DL.DDP5.1.H.264-CRFW.mkv,Modern Family,2009,1442437,9,21,Ty Burrell,15232.0,0.748
555,1434,138,1686,468,1662,264,1566,264,0.916,11784,1,"[0.32991835474967957, 0.28836730122566223, -1.1398282051086426, 0.9958614110946655, 1.977337121963501, -0.9680641293525696, 1.6367506980895996, 0.08989106118679047, 0.8397343158721924, 0.6901667714118958, -1.0250358581542969, -1.448522686958313, -0.5341060757637024, 0.8689771890640259, 0.9364240169525146, 0.12850704789161682, -1.4497120380401611, -1.995807409286499, -0.7699206471443176, -0.508436918258667, -1.2219525575637817, 1.8345093727111816, -0.401573121547699, 2.287736177444458, 1.7062119245529175, 1.2496037483215332, 1.3768315315246582, 0.062399886548519135, 0.9365385174751282, -1.9303624629974365, 0.43164145946502686, 1.1144822835922241, -1.4458136558532715, 1.5621412992477417, -1.025244951248169, -1.242993712425232, 0.9151568412780762, -2.552504777908325, 1.0089318752288818, -1.6796973943710327, -0.6775683164596558, -0.21144822239875793, -0.2085346281528473, -1.5436599254608154, -0.5376229286193848, 0.031758420169353485, -1.5253205299377441, -0.3948212265968323, -0.8041901588439941, 2.502607822418213, -0.013918042182922363, 0.5406805276870728, -1.0457203388214111, 1.0190935134887695, -0.585434079170227, -1.7279964685440063, 1.0379279851913452, -1.217575192451477, -1.2068872451782227, -0.4372805058956146, -1.369628667831421, -1.4845950603485107, 1.125058650970459, 0.37914830446243286, -1.1058628559112549, 0.45606982707977295, -0.42723578214645386, -0.42711105942726135, -0.6574839353561401, -1.4013704061508179, -0.02639193832874298, -1.517662525177002, 1.3047776222229004, 0.5170094966888428, -0.15639862418174744, -0.5569166541099548, 0.1592995524406433, 0.43558964133262634, 0.9248116612434387, 0.90977942943573, -1.3602190017700195, 2.772400379180908, 0.132712721824646, -1.3769773244857788, -1.0152535438537598, 0.5370768308639526, 0.0667065754532814, 0.9650822877883911, 1.5191782712936401, 1.302367925643921, 0.32088759541511536, -0.09342469274997711, -0.05681779608130455, 0.23032373189926147, 2.2578227519989014, -0.347066193819046, -1.4615825414657593, 1.3115484714508057, -0.7454644441604614, -0.35228508710861206, 0.005817938596010208, -0.4850112199783325, -0.4059540033340454, -0.17606647312641144, 0.5230507850646973, -0.5748119354248047, 0.003985497169196606, 0.865678071975708, -0.6464259028434753, -0.9374234080314636, -0.15143509209156036, -0.6676639318466187, 1.8495243787765503, -0.906356692314148, 1.4635818004608154, -0.03817392885684967, 0.686306357383728, -0.3751678168773651, 0.4423115849494934, 0.5785467028617859, -0.7359997034072876, -0.34116390347480774, 0.43336808681488037, 0.1435587853193283, -0.14089785516262054, 0.7066189050674438, 0.919969916343689, 0.43404144048690796]",yunet,Facenet,1920,1080,/home/amos/media/tv/modern_family/Modern.Family.S09.1080p.DSNP.WEB-DL.DDP5.1.H.264-CRFW/Modern.Family.S09E21.The.Escape.1080p.DSNP.WEB-DL.DDP5.1.H.264-CRFW.mkv,Modern Family,2009,1442437,9,21,Eric Stonestreet,156962.0,0.571
556,258,240,396,420,348,306,288,306,0.911,11784,2,"[-0.8707108497619629, 1.5369224548339844, -0.21041852235794067, -0.6091986298561096, 0.9004941582679749, 0.7444245219230652, -1.173661470413208, 0.7684792876243591, 0.7032330632209778, 1.648859977722168, 0.13282173871994019, 2.0548341274261475, -0.6232030391693115, -0.503209114074707, 0.6581569910049438, 1.0256661176681519, -1.1513333320617676, -1.44417405128479, -1.4375253915786743, 0.4055697023868561, 0.2778501510620117, 0.8021489977836609, 0.5446627736091614, 0.31356123089790344, -0.03747231140732765, -0.40557101368904114, -0.914098858833313, -0.226133793592453, 3.500396490097046, -0.8547064661979675, 0.16228844225406647, -2.0905134677886963, 1.0946340560913086, -1.0763977766036987, 1.3655253648757935, 0.7255370020866394, -1.7936195135116577, 0.7587699294090271, -0.03762245178222656, -0.7130507230758667, -1.2130205631256104, 0.74083012342453, -0.5114569664001465, 1.3714048862457275, -2.507446050643921, 0.15990972518920898, -0.9143502712249756, -0.9771491289138794, -2.146839141845703, 0.7821930646896362, -0.6330268383026123, 1.415075421333313, 1.3445996046066284, 1.628480315208435, 0.07770407944917679, -0.7614641189575195, -1.3010985851287842, -0.907089352607727, -0.7045218348503113, 0.3390761911869049, -0.004108399152755737, -0.9339163303375244, -0.9603368639945984, -1.869515299797058, 0.5523309707641602, 0.24117451906204224, -1.1603230237960815, 1.0284289121627808, 1.1441138982772827, -0.5958238840103149, -1.1735670566558838, 0.3420180082321167, -2.1443541049957275, -0.03298792988061905, 0.7567796111106873, 1.4999955892562866, 0.6381628513336182, -0.5249817371368408, 1.7146443128585815, 0.24524299800395966, 1.230206847190857, 0.13130350410938263, 0.07117839902639389, 0.1387931853532791, -0.11362309008836746, -0.9774205684661865, -0.17115889489650726, 0.2674468159675598, 0.20207661390304565, 0.4258568584918976, -1.1782867908477783, -0.4693567752838135, 0.492626816034317, -0.4800114929676056, -0.17177808284759521, 1.1249057054519653, -2.135897159576416, -0.18386727571487427, 0.5554341673851013, -1.3030130863189697, -0.6917246580123901, -0.4975159466266632, -2.268075466156006, 2.3021233081817627, 0.509499728679657, 0.12557855248451233, 0.2145165055990219, -0.6840879917144775, 0.8491461277008057, 0.3718951344490051, 2.2526471614837646, 0.18078085780143738, -0.028020717203617096, -0.13560068607330322, 0.38859570026397705, 0.49370458722114563, -0.8025251626968384, -0.7213512063026428, 1.3827370405197144, -0.3815464675426483, 1.301150918006897, -1.2913134098052979, -1.2059507369995117, 0.11577064543962479, 0.7559742331504822, 0.3959179222583771, 0.9390944838523865, 0.991997480392456]",yunet,Facenet,1920,1080,/home/amos/media/tv/modern_family/Modern.Family.S09.1080p.DSNP.WEB-DL.DDP5.1.H.264-CRFW/Modern.Family.S09E21.The.Escape.1080p.DSNP.WEB-DL.DDP5.1.H.264-CRFW.mkv,Modern Family,2009,1442437,9,21,Sofía Vergara,63522.0,0.847
557,258,258,420,462,378,336,294,336,0.906,11904,0,"[-1.424652338027954, 1.5431158542633057, 0.9960034489631653, -0.5773117542266846, 0.48892784118652344, 0.6620499491691589, -0.32990455627441406, -0.04723915830254555, 1.7156946659088135, 1.8438245058059692, 0.6158398389816284, 2.705819845199585, -0.26547369360923767, -2.1985421180725098, -0.2961949110031128, 1.5996685028076172, -0.89618980884552, -0.6037893295288086, -1.7678114175796509, 0.1037912517786026, 1.0923460721969604, 0.5598148703575134, -0.48587578535079956, 0.4586470127105713, -1.0946053266525269, -0.6434227824211121, -0.9161864519119263, 0.2970154881477356, 2.313678503036499, 0.6163421869277954, 0.14179307222366333, -2.6858320236206055, -0.07878921180963516, -1.418179988861084, 1.9157936573028564, -0.8578317165374756, -2.368929147720337, 0.8562995195388794, 0.10907820612192154, 0.6389331817626953, -1.3047993183135986, -0.23528577387332916, -0.4053346812725067, 1.8235949277877808, -1.553594946861267, 0.8961920142173767, 0.2612287402153015, -1.3853163719177246, -1.1055245399475098, -0.18884193897247314, -1.0786749124526978, 1.1318471431732178, 1.4006506204605103, 0.0827372670173645, 0.33347779512405396, -1.1907126903533936, 0.11518509685993195, -0.4611276686191559, -0.8311636447906494, -0.041112616658210754, 0.2289726734161377, 0.023338906466960907, -0.8393217325210571, -2.197822093963623, 0.8815398216247559, 1.38291597366333, -0.305623322725296, 0.9892860651016235, 1.2635809183120728, -1.4342526197433472, -0.7728556394577026, -0.012597724795341492, -1.2523740530014038, -0.38119250535964966, 0.5542389750480652, 1.4722378253936768, 0.12929515540599823, 0.3073074519634247, 1.560137152671814, 0.2834763526916504, 1.070732831954956, -1.5223488807678223, 0.25520971417427063, -0.4635764956474304, -0.7685878872871399, -0.1873491108417511, -0.8246692419052124, 0.9527353048324585, -0.2728661596775055, 1.4695981740951538, 0.00462736189365387, -0.3823837637901306, 1.1923587322235107, 0.17609930038452148, 0.6264362931251526, 1.4641952514648438, -1.0549520254135132, 0.6299501657485962, 0.50575852394104, -1.1144953966140747, 0.12036219239234924, -0.4375040829181671, -1.5117192268371582, 1.9534273147583008, 0.044715993106365204, 0.397397518157959, -0.5240961313247681, 0.24403230845928192, 0.10253308713436127, 0.34614452719688416, 2.4907805919647217, 0.35203856229782104, 0.225454643368721, -0.28717491030693054, -0.27416378259658813, 0.8537635803222656, -1.0411111116409302, 0.14543725550174713, 1.5813078880310059, -0.5278140902519226, 0.6446460485458374, -0.8003668785095215, -1.8510522842407227, -0.7668783664703369, 0.531542181968689, 0.004777602851390839, 0.02012811414897442, -0.832429051399231]",yunet,Facenet,1920,1080,/home/amos/media/tv/modern_family/Modern.Family.S09.1080p.DSNP.WEB-DL.DDP5.1.H.264-CRFW/Modern.Family.S09E21.The.Escape.1080p.DSNP.WEB-DL.DDP5.1.H.264-CRFW.mkv,Modern Family,2009,1442437,9,21,Sofía Vergara,63522.0,0.655
558,702,150,876,426,780,264,732,264,0.901,11904,1,"[1.7458362579345703, 0.05591835081577301, 0.3842158019542694, 0.046485237777233124, -2.3134727478027344, 1.1224675178527832, -0.14880847930908203, 0.0756395235657692, -0.529536247253418, 0.43476802110671997, 0.7423869371414185, 0.15634462237358093, 0.7887406349182129, -0.07630259543657303, -2.2270216941833496, -0.18375356495380402, 0.17266352474689484, -1.6390368938446045, -0.39912131428718567, 1.5662510395050049, -0.18703831732273102, 0.7675487995147705, 1.1763352155685425, 0.12166441231966019, 0.3845881223678589, 0.2693963050842285, -0.8816314935684204, 1.527709722518921, 1.0890823602676392, -1.2033342123031616, -1.176482081413269, 0.16255834698677063, -1.1914814710617065, -0.18007792532444, 0.7984825372695923, -0.21092170476913452, -0.020349858328700066, 1.1774311065673828, 0.9525973200798035, 1.0708009004592896, 0.9116586446762085, 1.1916486024856567, -1.0774545669555664, -0.4267740547657013, 0.054244644939899445, -0.35850971937179565, 1.8030118942260742, -0.07933612167835236, 0.06359481811523438, -1.2518210411071777, 0.1976555585861206, -0.09848032891750336, -0.24339419603347778, -2.115853786468506, -0.501450777053833, 0.45627689361572266, 1.44596529006958, 3.0923609733581543, -0.5426214337348938, -0.3760264217853546, 2.5224289894104004, -0.7408884167671204, -1.109495997428894, -0.03546292334794998, -0.8642776012420654, 1.4676401615142822, 1.6921268701553345, 1.114452838897705, 1.328278660774231, -1.0224146842956543, -0.39547502994537354, 1.032486081123352, -0.28943726420402527, 1.0818569660186768, 1.3019793033599854, 0.8334473371505737, 0.6010104417800903, 2.079761266708374, 0.8081339001655579, 0.28054696321487427, -0.9624947905540466, -1.1273983716964722, 1.7489506006240845, -1.0318421125411987, -1.6438877582550049, 0.2067762017250061, 1.1502403020858765, -1.5168637037277222, 0.403011679649353, -1.1825549602508545, -0.08510956913232803, -1.54120671749115, -0.044999539852142334, 0.6760709881782532, 2.7337112426757812, -0.15888474881649017, -0.19176125526428223, -0.38102081418037415, -0.5001245737075806, -0.7258238792419434, 0.036835819482803345, 2.0703725814819336, -1.8578319549560547, 0.17164543271064758, -0.8535091280937195, 0.8115056157112122, 1.61403489112854, -0.8818908929824829, -0.010971665382385254, -0.1898769587278366, 0.25907397270202637, 2.0296454429626465, 0.8155200481414795, -0.5723236203193665, -1.2225819826126099, 2.9549121856689453, -1.1541578769683838, -0.6046704053878784, -1.4195542335510254, -0.5616881251335144, -0.9772340059280396, 1.5999609231948853, -0.2576146721839905, -1.3803601264953613, 0.9469984769821167, -0.29922181367874146, -0.3840750455856323, -1.6059671640396118]",yunet,Facenet,1920,1080,/home/amos/media/tv/modern_family/Modern.Family.S09.1080p.DSNP.WEB-DL.DDP5.1.H.264-CRFW/Modern.Family.S09E21.The.Escape.1080p.DSNP.WEB-DL.DDP5.1.H.264-CRFW.mkv,Modern Family,2009,1442437,9,21,Ty Burrell,15232.0,0.585
559,342,228,504,438,480,300,408,300,0.92,11928,0,"[-0.46675845980644226, 0.2509441077709198, 0.5147269368171692, -1.2263935804367065, -1.4942901134490967, 0.7336886525154114, 0.194794699549675, -0.17740949988365173, -1.4104061126708984, 2.0804104804992676, 0.802673876285553, 1.2344882488250732, -1.425011396408081, -0.1497972011566162, 0.46591565012931824, 1.9684453010559082, -1.6212388277053833, -1.327682614326477, -0.6647581458091736, 1.2028391361236572, -0.6173086166381836, 0.33079177141189575, -0.04389304295182228, 0.5171216130256653, 0.17214272916316986, -0.0179884135723114, -1.3835242986679077, -0.4035407304763794, 1.6877036094665527, 0.26149460673332214, 0.8685948848724365, -0.7695814371109009, -0.9974056482315063, -0.19679495692253113, 0.3837199807167053, 0.3337520360946655, -1.0161046981811523, -1.295308232307434, 2.0689408779144287, -1.053747296333313, -0.6301873326301575, 0.42227521538734436, -2.6324241161346436, 0.732082188129425, 0.7130410671234131, -0.6466805934906006, -0.7674584984779358, 1.0155812501907349, -1.2804629802703857, 0.9586095809936523, -0.4566090703010559, 0.6723865866661072, 0.21441644430160522, 1.1304428577423096, -1.43967866897583, -0.9540383815765381, 0.40571683645248413, -0.644408643245697, -0.35072025656700134, 0.8943493962287903, 1.2259660959243774, -0.6076959371566772, 0.03719046711921692, -1.4132719039916992, 1.118217945098877, 0.352175772190094, 0.9475640058517456, 0.12301722168922424, 0.43221086263656616, -0.7308158874511719, -2.1169283390045166, 1.0808998346328735, -0.14468364417552948, 1.1517037153244019, 0.6345778703689575, 0.09632430970668793, -1.1048749685287476, -0.24133814871311188, 1.8294415473937988, 1.081591010093689, -0.47168582677841187, -0.9395960569381714, -1.9300744533538818, -0.14394032955169678, 0.40448933839797974, -2.3545053005218506, -1.2448527812957764, 0.38635116815567017, 0.564966082572937, 1.389866828918457, 0.2012401670217514, 0.6011941432952881, 0.1692703813314438, 1.0246858596801758, 0.02331213280558586, 1.341775894165039, 0.16013431549072266, 1.0821646451950073, 0.1577736735343933, -1.7419475317001343, 0.5205035209655762, -1.2674064636230469, -2.0502867698669434, 0.3597024381160736, 0.8435659408569336, 0.5357935428619385, -0.7762075662612915, 0.46841052174568176, 0.22785136103630066, -0.0617825873196125, 1.1828241348266602, 0.8437724709510803, 2.308377742767334, -2.4959068298339844, 1.5547465085983276, 1.2815121412277222, 0.3838396966457367, -0.518373966217041, -0.3444712460041046, 0.9912896156311035, 0.5157577395439148, -1.3066437244415283, -0.7160422205924988, 0.6946265697479248, 0.7301190495491028, -1.1304744482040405, -0.9420645833015442, -1.560650110244751]",yunet,Facenet,1920,1080,/home/amos/media/tv/modern_family/Modern.Family.S09.1080p.DSNP.WEB-DL.DDP5.1.H.264-CRFW/Modern.Family.S09E21.The.Escape.1080p.DSNP.WEB-DL.DDP5.1.H.264-CRFW.mkv,Modern Family,2009,1442437,9,21,,,
560,768,222,888,384,864,294,816,288,0.902,12480,0,"[0.22105291485786438, 1.6194398403167725, 0.8799993395805359, -0.010134696960449219, -0.3600333034992218, -0.5609889030456543, -1.1615160703659058, -0.2367769479751587, -0.9730789661407471, -0.4633590579032898, -0.29044008255004883, 1.1768012046813965, 0.015365153551101685, -0.7613450288772583, -1.8764070272445679, -0.008429676294326782, 0.4837872385978699, -1.6474491357803345, -0.9705318212509155, 0.4001448154449463, -0.7717739343643188, 1.2552781105041504, 0.46198517084121704, 0.6486161947250366, -0.7569737434387207, 0.17667897045612335, -2.4237000942230225, 2.877750873565674, 1.0010693073272705, -2.4345180988311768, -0.411329060792923, -1.1986256837844849, 0.16285060346126556, -0.47469156980514526, 0.15850023925304413, 0.3560677170753479, 0.7892307639122009, -0.6430009603500366, 0.5521158576011658, 0.25204139947891235, -0.7035728693008423, 0.5280055999755859, -1.7430373430252075, 0.5507692098617554, -0.5717951655387878, 0.5291658639907837, 0.4681551158428192, 0.8781532049179077, -1.356136679649353, -1.0049967765808105, 0.7188532948493958, -0.5398558378219604, -0.801123321056366, -0.6439558267593384, 0.44375523924827576, 1.3579188585281372, 1.6985448598861694, 0.7239171862602234, 0.04270607605576515, -0.14941585063934326, 0.5651321411132812, -1.7168519496917725, -0.8023815155029297, -0.006374124437570572, -0.7724760174751282, 1.9581103324890137, 0.865020215511322, 0.9198020696640015, 1.0942058563232422, -0.6194471120834351, -1.501133918762207, 1.3062735795974731, -1.0926812887191772, 1.1505677700042725, 0.08808578550815582, 2.0033843517303467, -0.05273310840129852, 1.5244004726409912, 1.635304570198059, -0.08704540133476257, -0.6866710782051086, -0.3780808448791504, 0.25427964329719543, -0.4823252856731415, -1.068741798400879, -1.058346152305603, 0.7934694886207581, -0.5064864158630371, -0.0954253077507019, 0.604915201663971, 0.5890070796012878, -1.7341989278793335, 0.1646665781736374, -1.0032683610916138, 1.6326478719711304, -1.3955612182617188, 0.6098331809043884, -0.3569321632385254, 0.12827140092849731, -1.1941691637039185, -0.2586948275566101, 0.3542313575744629, -2.396148681640625, 1.1517775058746338, -0.5638662576675415, 0.2820087671279907, 0.578806459903717, -1.6072636842727661, 0.1860833615064621, 0.09585210680961609, -0.3135817050933838, 1.2886396646499634, 0.8586405515670776, 0.4186820685863495, -0.1274414360523224, 2.1198043823242188, -0.26801979541778564, -1.1142070293426514, 0.2818949520587921, -0.05111166089773178, -0.82846999168396, 0.6518071889877319, -0.5639016628265381, -0.7771879434585571, 1.9214426279067993, -1.0399867296218872, 0.9492524862289429, -0.8871195912361145]",yunet,Facenet,1920,1080,/home/amos/media/tv/modern_family/Modern.Family.S09.1080p.DSNP.WEB-DL.DDP5.1.H.264-CRFW/Modern.Family.S09E21.The.Escape.1080p.DSNP.WEB-DL.DDP5.1.H.264-CRFW.mkv,Modern Family,2009,1442437,9,21,Ty Burrell,15232.0,0.692
561,762,210,870,360,852,270,810,270,0.912,12504,0,"[0.26957035064697266, 1.807459831237793, 0.8936842679977417, -0.3440750241279602, 0.07836013287305832, -0.24655264616012573, -2.25110125541687, 0.7533418536186218, 0.12507277727127075, -0.6287968158721924, 0.25354617834091187, 1.3862285614013672, -0.31562450528144836, -0.9564239978790283, -1.4312959909439087, 0.10177333652973175, 0.47340065240859985, -0.16725695133209229, -0.781300961971283, 1.8159925937652588, -0.5063638687133789, 1.7751517295837402, -0.06289729475975037, 0.398456871509552, -0.39451009035110474, -0.0872713252902031, -2.5114264488220215, 2.4010252952575684, 0.489487886428833, -2.4146885871887207, -0.2753913998603821, -1.570652961730957, 0.01001028437167406, -0.7212508320808411, 0.38552126288414, 1.049456238746643, 1.2421329021453857, -0.7396935820579529, 0.19088952243328094, 0.6142491102218628, -0.9738851189613342, 0.31816962361335754, -1.4102349281311035, 0.7285639047622681, -0.5095316767692566, -0.3573354184627533, 0.5340985059738159, 0.2078702747821808, -0.880372166633606, -0.9394949674606323, 0.3712032437324524, -0.24795083701610565, -0.33984920382499695, -0.7082037925720215, 0.3707638382911682, 0.3919960558414459, 1.7915993928909302, 0.4910653829574585, -0.08214211463928223, 0.16138282418251038, 1.458844542503357, -0.8428792357444763, -0.7126551866531372, -0.45634356141090393, -0.36096543073654175, 2.123495578765869, 1.53916597366333, 0.6387401223182678, 0.7678664922714233, -0.5746604204177856, -1.1058785915374756, 0.6485397815704346, -1.333428144454956, 1.2141262292861938, 0.4203004837036133, 1.748913049697876, -0.052878424525260925, 1.0146818161010742, 1.447166085243225, 0.46077579259872437, -0.38643088936805725, -0.9516574144363403, 0.6042805314064026, 0.5648607611656189, -0.5128629803657532, -0.5953197479248047, 0.3565124273300171, -0.16752418875694275, 0.660545825958252, 0.5702320337295532, -0.1997092366218567, -1.5799883604049683, -0.7459697723388672, -0.9375780820846558, 0.3330821394920349, -1.3388049602508545, -0.35377392172813416, -1.0761176347732544, 0.38209837675094604, -0.7603049874305725, 0.16167107224464417, 0.6028198003768921, -2.7275991439819336, 0.060962751507759094, -0.0748288705945015, 0.4302709698677063, 0.20025014877319336, -1.4511786699295044, 0.6288504600524902, 0.6304821968078613, -0.0062914700247347355, 1.1456818580627441, 0.9217984676361084, 0.13290584087371826, 0.07743815332651138, 1.6703011989593506, -0.9702413082122803, -1.3323484659194946, 0.7389417886734009, 0.08956702053546906, -0.6927990317344666, 0.17584426701068878, -1.5195420980453491, -0.7797712087631226, 2.1883163452148438, -1.3150289058685303, 1.0756839513778687, -1.1406348943710327]",yunet,Facenet,1920,1080,/home/amos/media/tv/modern_family/Modern.Family.S09.1080p.DSNP.WEB-DL.DDP5.1.H.264-CRFW/Modern.Family.S09E21.The.Escape.1080p.DSNP.WEB-DL.DDP5.1.H.264-CRFW.mkv,Modern Family,2009,1442437,9,21,Ty Burrell,15232.0,0.632
562,1284,228,1410,384,1392,288,1332,288,0.905,12504,1,"[-0.8704501390457153, 0.212874174118042, 1.5421510934829712, -0.36554718017578125, 1.1068696975708008, 0.743141770362854, -0.25817206501960754, -0.34937527775764465, -0.08790680766105652, 2.0459537506103516, -0.3359594941139221, 2.4139695167541504, -0.03269314765930176, -0.5137450098991394, -0.3851024806499481, 1.4462348222732544, -0.809085488319397, -1.2111823558807373, -0.3731292188167572, 1.1350268125534058, 1.1248042583465576, 1.1085059642791748, 0.023066118359565735, 0.08871155977249146, -0.8799885511398315, 0.11735886335372925, -1.2427308559417725, -0.2165297567844391, 3.263639211654663, -0.2571409344673157, 1.398223876953125, -2.9145853519439697, 0.7512449622154236, -1.096278190612793, 1.6137245893478394, 0.553501307964325, -2.345571756362915, 0.45274075865745544, 0.3933469355106354, -0.5611873865127563, -1.194133996963501, 1.8541308641433716, -0.7724337577819824, 0.47246360778808594, -1.2730016708374023, 0.5405344367027283, -1.5059858560562134, 0.7237230539321899, -2.3606793880462646, 0.5469979047775269, -0.3410627841949463, 2.305925130844116, 0.5609909892082214, 0.3889816403388977, -0.01548779383301735, -0.02653227001428604, 0.5051517486572266, -0.5686891674995422, -0.8066855669021606, -0.2981424629688263, 0.9926840662956238, -0.15427008271217346, 0.08811195194721222, -0.37967684864997864, -0.8984236121177673, 0.9106013178825378, 0.23197713494300842, 0.7247503399848938, 1.2062828540802002, -0.0790235698223114, -0.7254616022109985, -0.43276435136795044, -1.6055892705917358, -0.06827934831380844, 1.1698956489562988, 0.9539681673049927, -0.4542747139930725, -0.20878808200359344, 0.7411500215530396, -0.006280519068241119, 0.4486413896083832, -0.603514552116394, -0.13934461772441864, 0.33438801765441895, -0.12022248655557632, -0.7665872573852539, 0.47415396571159363, 1.0923256874084473, 0.005721457302570343, 0.45155003666877747, -1.5751032829284668, 0.9913228154182434, 2.1558592319488525, 1.339245080947876, 1.064836025238037, 0.33120736479759216, -0.42815154790878296, -0.4561382234096527, 0.9081531167030334, -0.6742619872093201, -0.12298347800970078, 0.48516732454299927, -1.9921754598617554, 1.4653323888778687, 1.2684611082077026, -0.07751719653606415, -0.43367040157318115, 0.17265108227729797, 0.18806441128253937, -0.5344881415367126, 1.9224311113357544, 0.6815222501754761, 0.5363256335258484, 0.03478112816810608, 0.3743015229701996, 1.7734503746032715, -0.6514041423797607, 0.8849406838417053, 0.3786322772502899, -1.2384344339370728, 0.5550352334976196, -0.2601906657218933, -1.1082409620285034, -0.8246298432350159, 1.9110931158065796, -0.5886303782463074, -0.35507500171661377, -0.2324899137020111]",yunet,Facenet,1920,1080,/home/amos/media/tv/modern_family/Modern.Family.S09.1080p.DSNP.WEB-DL.DDP5.1.H.264-CRFW/Modern.Family.S09E21.The.Escape.1080p.DSNP.WEB-DL.DDP5.1.H.264-CRFW.mkv,Modern Family,2009,1442437,9,21,Sofía Vergara,63522.0,0.706
563,438,162,582,360,564,240,510,240,0.913,12528,0,"[0.410313218832016, 0.15614080429077148, -1.2603387832641602, 0.526081383228302, 2.4410300254821777, -0.7787925601005554, 1.594334602355957, 0.14932428300380707, 0.5033696293830872, 0.9107751250267029, -1.2138713598251343, -0.862086832523346, -0.11647593230009079, 0.31538939476013184, 1.0348811149597168, 0.9915580153465271, -1.8767685890197754, -1.6684365272521973, -0.7051436901092529, -0.08620788156986237, -0.36774352192878723, 1.8171645402908325, -1.4500393867492676, 1.9362586736679077, 1.198257327079773, 1.5858410596847534, 1.636899709701538, 0.07950980961322784, 0.17885275185108185, -1.3237929344177246, 0.4706171751022339, 1.4151337146759033, -2.019890308380127, 1.6210559606552124, -1.233497977256775, -0.8535335659980774, 0.39548003673553467, -3.2442233562469482, 0.7470752000808716, -1.5078414678573608, -0.7163141369819641, 0.271892249584198, 0.2738015055656433, -0.8762133121490479, -0.2947947382926941, -0.42117995023727417, -1.0860722064971924, -0.15526682138442993, -0.6412091851234436, 1.367746353149414, -0.5453094840049744, 0.29206642508506775, -2.0889651775360107, 1.5497947931289673, -0.08847412467002869, -2.7036943435668945, 0.8077672123908997, -0.968461811542511, -0.913632333278656, -0.4914679229259491, -1.61006498336792, -0.7893440127372742, 1.3224520683288574, 0.6683950424194336, -0.6923940777778625, 0.8159933090209961, -0.8542279601097107, 0.10507862269878387, -0.7222567200660706, -0.6319516897201538, 0.4794533848762512, -1.045364499092102, 0.8791379332542419, 1.3564090728759766, 0.13519206643104553, -0.3095148801803589, -0.22547200322151184, 1.1303514242172241, 0.9502295851707458, 1.4559890031814575, -1.8125413656234741, 1.886273980140686, -0.2993547320365906, -0.781284511089325, -0.6232114434242249, 0.3859942853450775, -0.19585390388965607, 0.5269684195518494, 0.8611742258071899, 0.5834575295448303, 1.242035984992981, -0.14354701340198517, 0.010691389441490173, -0.3455275595188141, 1.7010776996612549, 0.019954577088356018, -1.3976739645004272, 0.9755545258522034, -0.19472692906856537, -0.23443977534770966, -0.6728420853614807, -0.49254390597343445, -1.0000925064086914, -0.6662778854370117, 0.13728976249694824, -1.107991099357605, -0.5745956897735596, 0.6395848989486694, -0.9236515164375305, 0.020171569660305977, 0.06520380824804306, -1.450600504875183, 2.153859853744507, -1.1176438331604004, 1.7247920036315918, 0.9944666624069214, 0.402383416891098, 0.2014581263065338, 0.30999141931533813, 0.509761393070221, -0.22319795191287994, 0.24117432534694672, 0.8691336512565613, 0.0018378738313913345, -0.05124781280755997, -0.49219387769699097, 0.6589248776435852, -0.1468953639268875]",yunet,Facenet,1920,1080,/home/amos/media/tv/modern_family/Modern.Family.S09.1080p.DSNP.WEB-DL.DDP5.1.H.264-CRFW/Modern.Family.S09E21.The.Escape.1080p.DSNP.WEB-DL.DDP5.1.H.264-CRFW.mkv,Modern Family,2009,1442437,9,21,Eric Stonestreet,156962.0,0.639
564,828,204,942,354,924,258,876,258,0.909,12528,1,"[-0.34535953402519226, 1.752659559249878, 0.9551790952682495, -1.2680516242980957, -0.10128490626811981, -0.8181032538414001, -1.3899630308151245, 0.35105863213539124, -0.6538920402526855, -0.9527970552444458, 0.17909294366836548, 1.87613844871521, 0.20643199980258942, -1.3972748517990112, -1.2902302742004395, 0.9381392002105713, 0.2692231833934784, -0.543696403503418, 0.25032076239585876, 0.716255784034729, -0.6746201515197754, 0.8897165060043335, -0.623224675655365, 0.7114819884300232, -0.9481192827224731, 0.9272001385688782, -2.2077038288116455, 2.825033664703369, 0.4191054105758667, -2.3928496837615967, -0.7165101766586304, -0.8592849969863892, 0.33788734674453735, -0.8271796703338623, 0.4341594874858856, 0.5572686195373535, 1.6329878568649292, -1.0583505630493164, 0.6505630016326904, 0.3439479470252991, -0.7438045740127563, 0.6717514991760254, -1.418891429901123, 0.611789882183075, -0.6924124956130981, -0.11740106344223022, 0.24976858496665955, 0.7469139099121094, -1.210066318511963, -1.0214062929153442, 0.5143449306488037, 0.40952974557876587, -0.9148373603820801, 0.255779504776001, 0.40151268243789673, 1.4467483758926392, 1.912224531173706, 0.8043463826179504, -0.14913049340248108, 0.9256611466407776, 1.2840046882629395, -1.3957687616348267, -0.10086464136838913, 0.35815584659576416, -0.0655440241098404, 2.2173373699188232, 1.8340420722961426, 0.49487900733947754, 1.5435285568237305, -0.1173115074634552, -0.5928555130958557, 1.2455815076828003, -1.9089438915252686, 2.290832757949829, 0.24487723410129547, 1.249497413635254, -0.6493383646011353, 1.104491949081421, 1.3318350315093994, -0.26492980122566223, -0.5677706599235535, -0.5486963987350464, 0.3337465226650238, -0.23003287613391876, -0.6939965486526489, -1.1747936010360718, 0.6086357831954956, -0.543212890625, -0.25259482860565186, 0.670687198638916, -0.776597797870636, -2.3769590854644775, 0.21580779552459717, -1.2275835275650024, 0.31731802225112915, -0.8642358779907227, -0.15231582522392273, -0.8853017687797546, 0.3608463406562805, -0.7126399278640747, -0.4738258719444275, 0.12530237436294556, -1.8981150388717651, 0.7662025690078735, -0.7046908736228943, 0.44471800327301025, -0.606576681137085, -1.269871473312378, 0.278348833322525, 0.7790465354919434, -0.19942305982112885, 0.9451712965965271, 1.3152340650558472, 0.3094290494918823, 0.0470748096704483, 1.8387092351913452, -0.09699805080890656, -1.145660638809204, 0.41424018144607544, -0.06710268557071686, -0.45498812198638916, 0.4482017159461975, -0.3849375247955322, -0.6695820689201355, 1.662444829940796, -0.4707040786743164, 1.1092979907989502, -1.4477840662002563]",yunet,Facenet,1920,1080,/home/amos/media/tv/modern_family/Modern.Family.S09.1080p.DSNP.WEB-DL.DDP5.1.H.264-CRFW/Modern.Family.S09E21.The.Escape.1080p.DSNP.WEB-DL.DDP5.1.H.264-CRFW.mkv,Modern Family,2009,1442437,9,21,Ty Burrell,15232.0,0.7
565,1350,222,1476,378,1434,282,1380,288,0.908,12528,2,"[-1.5681463479995728, 0.5110955238342285, 1.2806496620178223, -1.7888113260269165, 0.410582959651947, 0.8749374151229858, -0.9052588939666748, -0.4035855531692505, 0.14244487881660461, 1.058579921722412, 0.3706008493900299, 3.002980947494507, 0.9184248447418213, -1.5177052021026611, 0.12726497650146484, 1.472610592842102, -0.7501205205917358, -0.5223039984703064, 0.07442909479141235, -0.0398164801299572, 1.1332659721374512, 0.4659244120121002, -0.03847043961286545, -0.18844333291053772, -0.9416019320487976, -0.3465491831302643, -1.6494250297546387, 0.22277964651584625, 3.156773090362549, -1.1260958909988403, 0.6275972127914429, -2.86818265914917, 1.4410414695739746, -1.0621415376663208, 1.9201935529708862, 0.2875710129737854, -2.0184218883514404, 0.7702509164810181, 0.6913126707077026, -0.5533292293548584, -0.5197161436080933, 1.3946479558944702, -1.3779131174087524, 0.010166071355342865, -2.0214836597442627, -0.665364682674408, -1.4069232940673828, 0.3143848776817322, -1.2144891023635864, 0.05390797555446625, -0.8536146283149719, 2.3355178833007812, 0.3043278157711029, 0.5114782452583313, 0.907160758972168, 0.5701823234558105, 0.2001551389694214, -0.7360544204711914, -0.9252374172210693, -0.21889790892601013, 1.235532522201538, -1.4199808835983276, -0.36503708362579346, -0.3502514064311981, -0.25866472721099854, 1.1698631048202515, 0.31245294213294983, 0.5667070746421814, 0.8699111938476562, -0.7689642906188965, -1.0877195596694946, 0.34918031096458435, -1.502171277999878, 0.1603216677904129, 1.7438498735427856, 0.8514627814292908, -0.8566973209381104, 0.12424848973751068, 0.7280305624008179, -0.3381534516811371, -0.04748793691396713, -0.14095528423786163, -0.8611936569213867, -0.14224067330360413, 0.5847817659378052, -0.5422670841217041, -0.12493963539600372, 0.8182909488677979, -0.8098591566085815, 1.531359314918518, -1.4772286415100098, 0.7141420245170593, 2.123652935028076, 0.4499730169773102, 0.7294726371765137, 1.0123428106307983, -1.49198317527771, 0.30317991971969604, 0.9049620032310486, -1.586106538772583, 0.04832550138235092, 0.08473273366689682, -1.2495131492614746, 1.751999855041504, 1.2591153383255005, 0.9387569427490234, -0.42594656348228455, 0.21201322972774506, 0.16854125261306763, -0.8103069067001343, 1.7553699016571045, 1.2600760459899902, -0.03424787521362305, -0.39265307784080505, 0.34156516194343567, 1.7454781532287598, 0.026526447385549545, -0.00964103639125824, 0.6973042488098145, -0.22211259603500366, 0.204182431101799, -0.5524783134460449, -0.4141033887863159, -0.5008439421653748, 1.4062449932098389, 0.2064809501171112, -0.43025127053260803, 0.03297284618020058]",yunet,Facenet,1920,1080,/home/amos/media/tv/modern_family/Modern.Family.S09.1080p.DSNP.WEB-DL.DDP5.1.H.264-CRFW/Modern.Family.S09E21.The.Escape.1080p.DSNP.WEB-DL.DDP5.1.H.264-CRFW.mkv,Modern Family,2009,1442437,9,21,Sofía Vergara,63522.0,0.768
566,426,168,564,348,528,234,468,234,0.913,12552,0,"[0.4026927053928375, -0.27254801988601685, -1.1504061222076416, 1.3351490497589111, 2.7838075160980225, -0.8328314423561096, 1.0940017700195312, -0.16895616054534912, 0.8000250458717346, 1.0968265533447266, -0.8379393815994263, -0.7762435674667358, 0.6517990827560425, 0.5650479793548584, 1.4290636777877808, 0.5302885174751282, -0.23360425233840942, -1.5488165616989136, -0.5934993028640747, -0.9979239702224731, -1.5891971588134766, 1.621006965637207, -1.511257529258728, 2.5340769290924072, 1.6828296184539795, 1.3129040002822876, 1.7239439487457275, 0.8081452250480652, 0.7517086267471313, -1.2492538690567017, 0.9673699140548706, 0.4451400339603424, -2.020519495010376, 1.309890627861023, -0.581021249294281, -0.16953648626804352, 0.5464901924133301, -2.561213254928589, 0.13130350410938263, -1.0712112188339233, -0.5095937848091125, 0.3703517019748688, 0.8374875783920288, -0.6604238748550415, -0.15945793688297272, -0.25787273049354553, -0.8723905086517334, -0.5948867797851562, 0.006317585706710815, 1.5791038274765015, -0.1516486406326294, 0.34943336248397827, -2.0740761756896973, 1.4199448823928833, -0.42081525921821594, -1.3301054239273071, 0.6194343566894531, -2.0149502754211426, -0.6830657720565796, -0.22737067937850952, -1.4274699687957764, -0.3216429352760315, 2.283560276031494, 0.5984126925468445, -0.9157816767692566, 1.0397588014602661, -1.57181978225708, 0.2304423451423645, -0.8099634647369385, -0.770155668258667, 0.5265701413154602, -1.0356751680374146, 1.552486538887024, 0.4494684934616089, 0.5045967102050781, -0.2454274594783783, 0.08324021100997925, 0.6915314793586731, 0.6142024993896484, 1.4054744243621826, -1.8434398174285889, 2.274663209915161, -0.4693033695220947, -0.507265567779541, -0.6485863327980042, 0.2544569969177246, 0.10648448020219803, 0.8672639727592468, 1.462552785873413, 0.9310075640678406, 0.9507299661636353, 0.6580797433853149, 0.3743431866168976, -0.2272990345954895, 1.8648672103881836, 0.34829363226890564, -0.9886431097984314, 1.069932460784912, -0.24458566308021545, 0.3909936547279358, 0.15912559628486633, 0.6184366941452026, -0.13171237707138062, -1.1994775533676147, 1.1267714500427246, -0.38468945026397705, -0.8935173749923706, 0.7520277500152588, -0.5817409157752991, -1.501381516456604, 0.2824189066886902, -0.7361504435539246, 1.4719181060791016, -1.1908936500549316, 1.8483933210372925, 0.4432697594165802, 0.45011231303215027, 0.8586224317550659, 0.7434045672416687, 0.35996147990226746, -0.4934706687927246, -0.40510180592536926, 1.6144700050354004, -0.17598262429237366, 0.1724187731742859, 0.09149286895990372, 1.034909725189209, -0.33618712425231934]",yunet,Facenet,1920,1080,/home/amos/media/tv/modern_family/Modern.Family.S09.1080p.DSNP.WEB-DL.DDP5.1.H.264-CRFW/Modern.Family.S09E21.The.Escape.1080p.DSNP.WEB-DL.DDP5.1.H.264-CRFW.mkv,Modern Family,2009,1442437,9,21,Eric Stonestreet,156962.0,0.644
567,840,210,948,360,930,264,882,264,0.902,12552,1,"[-0.49273934960365295, 1.4674535989761353, 1.50271737575531, -0.6544155478477478, -1.4344935417175293, -0.5508171916007996, -0.47974151372909546, -0.5691509246826172, -0.20882976055145264, -0.813704252243042, -0.06041001155972481, 1.4823304414749146, 0.441456139087677, -0.6000963449478149, -2.1053593158721924, 1.3952560424804688, -0.18942943215370178, -0.862983763217926, -0.5333756804466248, 0.2706904411315918, -0.9770709276199341, 1.4258040189743042, -0.7664032578468323, 0.6854535341262817, -1.0902495384216309, 1.1169135570526123, -1.5582424402236938, 2.23150634765625, 0.5759524703025818, -2.2947237491607666, -0.5580599308013916, -1.0348902940750122, 0.21074248850345612, -0.3918047845363617, 0.6158098578453064, -0.07979828119277954, 1.293930172920227, -0.9862233996391296, 1.2307047843933105, 0.785230278968811, -0.2875256836414337, 0.021391162648797035, -0.9207826852798462, 0.4489881992340088, -0.20386095345020294, 0.17456893622875214, 0.5959838032722473, 0.34853512048721313, -1.233514428138733, -0.9774277210235596, 0.3549565076828003, -0.4082759916782379, -0.9717071056365967, -0.3011026978492737, 0.17514105141162872, 0.9680469632148743, 2.079821825027466, 1.8485122919082642, 0.14763011038303375, -0.27838656306266785, 1.0199487209320068, -1.1258959770202637, -0.9837966561317444, 0.4981571137905121, -0.4036511182785034, 2.3306326866149902, 1.5656532049179077, 0.304776132106781, 0.857158362865448, -0.8751844167709351, -0.6832043528556824, 0.6201117038726807, -0.1440541297197342, 1.2223265171051025, 0.19718994200229645, 1.0881279706954956, -0.09287004917860031, 1.6670620441436768, 1.9310574531555176, -0.40864741802215576, -0.623121976852417, -1.3228223323822021, 0.4303531050682068, -0.6541645526885986, -1.2347509860992432, -1.13784658908844, 0.6001197099685669, 0.15629015862941742, -0.06814238429069519, 0.5314327478408813, -0.09064804762601852, -2.279209613800049, 0.4589587152004242, -1.6955353021621704, 1.2038414478302002, -0.7028111815452576, 0.06470982730388641, -0.2751828134059906, 0.07013346999883652, -1.1616668701171875, -0.2753552198410034, 1.0843392610549927, -1.8179075717926025, 0.9830146431922913, -0.6523127555847168, 0.6345653533935547, 0.2569653391838074, -0.887731671333313, -0.31807082891464233, 0.33849528431892395, 0.5691608190536499, 1.3925330638885498, 1.663757085800171, 0.24452213943004608, -0.6994109153747559, 2.1317920684814453, 0.18992099165916443, -0.6241458058357239, -0.051621221005916595, -0.30798375606536865, -1.250993013381958, 0.44945934414863586, 0.26699894666671753, -0.6328464150428772, 1.9466238021850586, -0.6330599784851074, 1.4055174589157104, -1.1701252460479736]",yunet,Facenet,1920,1080,/home/amos/media/tv/modern_family/Modern.Family.S09.1080p.DSNP.WEB-DL.DDP5.1.H.264-CRFW/Modern.Family.S09E21.The.Escape.1080p.DSNP.WEB-DL.DDP5.1.H.264-CRFW.mkv,Modern Family,2009,1442437,9,21,Ty Burrell,15232.0,0.719
568,912,216,1020,366,1002,276,954,276,0.923,12576,0,"[-0.30855926871299744, 1.8108923435211182, 0.8161441087722778, -0.17827561497688293, -0.9929547309875488, -0.5952895283699036, -1.3671663999557495, 0.06701129674911499, -1.1331983804702759, -0.9593207836151123, -0.06055202707648277, 1.2828865051269531, 0.6757833957672119, -0.953436017036438, -1.2630292177200317, -0.038786765187978745, 0.024592649191617966, -0.4912155270576477, -0.7101799249649048, 0.27141907811164856, -1.1958519220352173, 1.6039671897888184, -0.9421911835670471, 1.200853705406189, -1.0086095333099365, 0.6689662933349609, -2.850518226623535, 2.945011615753174, 0.9130620956420898, -2.5202674865722656, -0.17414315044879913, -1.0133403539657593, -0.5007236003875732, -0.038099803030490875, 1.0035611391067505, 0.5019981861114502, 0.5200048685073853, -0.46490609645843506, 0.9457042813301086, 1.0104577541351318, 0.39371463656425476, 0.8527103662490845, -0.5374292135238647, 0.35780975222587585, -0.09074994921684265, 0.238897442817688, 1.7617281675338745, 0.6202712059020996, -0.8726720809936523, -1.4886895418167114, -0.13225597143173218, 0.2991240322589874, -0.6183339953422546, -0.3058479428291321, 0.24733978509902954, 1.6867088079452515, 1.9378256797790527, 1.0017483234405518, 0.03211183845996857, 0.6297776699066162, 1.8171184062957764, -1.211552619934082, -1.758154034614563, 0.6840968728065491, 0.3274747133255005, 2.0612430572509766, 1.5496405363082886, 0.6234195232391357, 0.8389397263526917, -0.8258196115493774, -0.4961276650428772, 1.4959503412246704, -0.6049431562423706, 1.9328893423080444, 0.39921966195106506, 1.367908239364624, -0.14206811785697937, 1.6902390718460083, 1.4167375564575195, 0.32759594917297363, -0.13186442852020264, -0.9553612470626831, 0.6243880391120911, -0.5672141313552856, -0.7488055229187012, -1.1394418478012085, 0.8818861842155457, -0.01978975534439087, -0.40570729970932007, 0.31915730237960815, -0.2909228205680847, -1.2434240579605103, -0.2826327681541443, -1.4413213729858398, 1.8487099409103394, -1.1074671745300293, -0.012549476698040962, -0.0779743567109108, 0.8438115119934082, -0.9825248718261719, -0.3408166170120239, 0.4279641807079315, -2.832070827484131, 1.2964129447937012, -0.2764808237552643, 0.7349658012390137, 0.8220774531364441, -1.1298236846923828, 0.25043511390686035, -0.5152727961540222, -0.08824872225522995, 1.2085914611816406, 0.9059563875198364, 0.4057478606700897, -0.7696505188941956, 2.0564568042755127, 0.12529678642749786, -0.6667949557304382, 0.7069143652915955, 0.5268989205360413, -0.868959367275238, 0.6890714168548584, -0.28899866342544556, -0.9037443399429321, 1.5728024244308472, -0.5109256505966187, 1.028092861175537, -1.3474040031433105]",yunet,Facenet,1920,1080,/home/amos/media/tv/modern_family/Modern.Family.S09.1080p.DSNP.WEB-DL.DDP5.1.H.264-CRFW/Modern.Family.S09E21.The.Escape.1080p.DSNP.WEB-DL.DDP5.1.H.264-CRFW.mkv,Modern Family,2009,1442437,9,21,Ty Burrell,15232.0,0.69
569,1434,264,1560,426,1518,324,1464,324,0.91,12576,1,"[-2.0311007499694824, -0.04232832416892052, 0.7777649164199829, -0.7658802270889282, 0.3590264916419983, 1.0501877069473267, -1.0703082084655762, -0.04587635025382042, 0.7183045744895935, 0.707607626914978, 0.6343018412590027, 2.7942605018615723, 0.6189139485359192, -1.1396677494049072, -0.6893236637115479, 1.3523097038269043, 0.043306779116392136, -0.655698299407959, 0.1866096407175064, 0.6245439052581787, 0.7435295581817627, 0.9236757159233093, -0.3630886673927307, 0.07486863434314728, -0.5283145308494568, -0.4089500904083252, -1.8874529600143433, -0.10019077360630035, 2.675043821334839, -0.928270161151886, 0.3402728736400604, -3.0002434253692627, 0.8858669996261597, -1.0511122941970825, 1.9042608737945557, 1.2954504489898682, -2.1861631870269775, 1.4102990627288818, 0.5117905735969543, -0.21977528929710388, -0.11331012845039368, 1.4473248720169067, -1.6195930242538452, 0.17926090955734253, -1.313983678817749, -0.01210540160536766, -1.2180734872817993, 0.35529661178588867, -1.3786050081253052, 0.09460658580064774, -1.024757981300354, 2.4329569339752197, 0.8780573010444641, -0.7051122188568115, 0.3011184632778168, 0.42580318450927734, 0.09480662643909454, -0.8232107758522034, -0.02563578635454178, -0.5655943155288696, 1.3517229557037354, -0.6652656197547913, -0.6232057809829712, -0.9394308924674988, -0.10263947397470474, 0.9867851138114929, 0.8834952116012573, 0.9090731739997864, 1.0063729286193848, -1.241744041442871, -0.5893086791038513, 0.15840381383895874, -2.3219850063323975, 0.23076076805591583, 1.113681435585022, 0.867865800857544, -0.2632702887058258, 0.26349958777427673, 0.33679842948913574, -0.05151892453432083, 0.31764405965805054, -1.1818407773971558, -1.6826311349868774, 0.06039377301931381, 0.7068703770637512, -0.7521274089813232, 0.022590331733226776, 1.1822117567062378, -1.5307406187057495, 1.1541798114776611, -0.7570523619651794, 0.6276431083679199, 2.244131326675415, 1.2224838733673096, -0.14224687218666077, 0.5616355538368225, -0.28006282448768616, 0.8780344128608704, 0.3811611533164978, -0.3802359998226166, 0.2534242868423462, -0.06642356514930725, -0.9270329475402832, 0.905359148979187, 0.14467820525169373, 1.1221004724502563, -0.17582130432128906, -0.6700810194015503, -0.5198400020599365, -0.4991320073604584, 2.023122787475586, 1.750996708869934, 0.9059734344482422, -0.5946249961853027, 0.3929920494556427, 1.3075973987579346, -0.43592631816864014, 0.06668819487094879, 0.604676365852356, 0.720950186252594, -0.21416814625263214, -0.19025340676307678, -0.8972052931785583, -0.6727049350738525, 1.802918791770935, 0.11919144541025162, 0.05821762979030609, 0.1535325050354004]",yunet,Facenet,1920,1080,/home/amos/media/tv/modern_family/Modern.Family.S09.1080p.DSNP.WEB-DL.DDP5.1.H.264-CRFW/Modern.Family.S09E21.The.Escape.1080p.DSNP.WEB-DL.DDP5.1.H.264-CRFW.mkv,Modern Family,2009,1442437,9,21,Sofía Vergara,63522.0,0.706
570,1260,300,1422,528,1332,396,1272,396,0.918,12672,0,"[-0.09919841587543488, 0.08780290186405182, 1.3320555686950684, -0.2229894995689392, 0.506335973739624, -1.4917951822280884, -0.14141914248466492, 0.8339169025421143, -0.08878101408481598, -0.800965428352356, 0.7987596392631531, 1.2383993864059448, 0.16197286546230316, 0.9605069160461426, -0.06951208412647247, 0.558803141117096, -1.0533273220062256, 0.036778710782527924, 0.19433698058128357, 1.0353703498840332, -2.1185107231140137, -0.2232152670621872, 1.1135178804397583, 0.032458990812301636, -0.6756559610366821, 1.2074849605560303, 1.5054486989974976, -0.4315780997276306, -1.3190813064575195, -0.007314224727451801, 0.1245872974395752, -0.8727788925170898, -2.200883150100708, 1.4706836938858032, -1.6855770349502563, 0.5877051949501038, 0.20860520005226135, -1.3733927011489868, 0.40885210037231445, 0.41695931553840637, -0.08363009244203568, -0.3341573178768158, 0.9909067153930664, 1.3793479204177856, -0.19159150123596191, -0.4409727454185486, -0.1487044095993042, -2.5946078300476074, -0.01744333654642105, 0.47420594096183777, 0.5018917322158813, -1.339251160621643, 0.5006557106971741, -0.09642425924539566, 0.1749875396490097, -3.5835113525390625, 0.456064373254776, 0.8869098424911499, -1.2343716621398926, -0.2534634470939636, 0.20776242017745972, -0.23089730739593506, 1.1080251932144165, -1.1646873950958252, -0.9752907156944275, -0.3876248002052307, -1.5233879089355469, -0.1866798996925354, -1.354392170906067, 1.879319667816162, 0.07869672030210495, 1.1503428220748901, -0.3211171329021454, 0.7871289253234863, 0.479909747838974, 1.3506757020950317, -0.7282881736755371, 2.10459566116333, 1.6500979661941528, -0.14702853560447693, -1.030922770500183, 0.8988518714904785, 0.6007275581359863, -1.0854806900024414, -0.43523362278938293, 0.67893385887146, -0.8119629621505737, 0.991851806640625, -0.5161392688751221, -0.5387763977050781, 0.8349987268447876, -1.3542863130569458, -0.772077739238739, -0.21388748288154602, 0.6893917322158813, -0.9767347574234009, -1.1201913356781006, 1.2640334367752075, 1.6769063472747803, -1.2185876369476318, 0.43364107608795166, 0.17264419794082642, 0.5722880363464355, -0.4718000888824463, 0.5671752095222473, 0.2560698390007019, -0.4409756362438202, 1.8766835927963257, -3.172046422958374, -0.8788093328475952, 1.2987233400344849, 0.7936124205589294, 1.5485572814941406, -1.4688529968261719, 0.8560621738433838, 1.8542735576629639, 0.11495481431484222, -1.0132677555084229, 0.2561248540878296, -0.38775062561035156, -0.318126916885376, -0.9553269147872925, -0.4131159782409668, -1.160965919494629, -0.1286381632089615, -2.6181979179382324, -1.665834903717041, -0.2106698900461197]",yunet,Facenet,1920,1080,/home/amos/media/tv/modern_family/Modern.Family.S09.1080p.DSNP.WEB-DL.DDP5.1.H.264-CRFW/Modern.Family.S09E21.The.Escape.1080p.DSNP.WEB-DL.DDP5.1.H.264-CRFW.mkv,Modern Family,2009,1442437,9,21,Kate Burton,20879.0,0.54
571,1248,288,1434,540,1338,396,1266,402,0.915,12696,0,"[0.2796529531478882, -0.06030702963471413, 1.439516544342041, -0.8165121674537659, 0.2201256901025772, -1.0019594430923462, -0.22302541136741638, 1.8897649049758911, 0.24731120467185974, -0.39384371042251587, 0.4589230418205261, 0.7938922047615051, 0.06500841677188873, 1.2715708017349243, 0.004524946212768555, 0.8813509345054626, -0.7390966415405273, -0.7380387783050537, 0.40730801224708557, 0.43430328369140625, -2.1601555347442627, -0.026552721858024597, 0.2699013352394104, 1.0769885778427124, 0.20717157423496246, 1.6045277118682861, 1.711093544960022, -0.25002649426460266, -0.7818765640258789, -0.18037468194961548, 0.0927155464887619, -0.2919836938381195, -2.091343402862549, 1.7309391498565674, -1.3803768157958984, 0.41621750593185425, 0.09943260997533798, -1.383953332901001, 0.4812658429145813, 0.7787169218063354, 0.012325864285230637, -0.04021617770195007, 0.5609406232833862, 1.590301275253296, 0.04283510521054268, -0.3728988468647003, -0.09228711575269699, -2.275507688522339, 0.5501602292060852, 0.38193702697753906, 0.623989462852478, -1.1520477533340454, 0.05635731667280197, -0.3075389266014099, -0.20201748609542847, -3.2371301651000977, 0.8203608989715576, -0.13754786550998688, -0.7965996861457825, 0.06882435828447342, 0.03183089941740036, -0.05841292068362236, 1.0704673528671265, -1.1448860168457031, -0.9221519827842712, -0.5492430329322815, -1.8649353981018066, -0.010665158741176128, -1.0189626216888428, 1.3132134675979614, -0.453046977519989, 1.069972038269043, -0.1576942354440689, 0.42627424001693726, 0.7850567698478699, 0.7409744262695312, -0.7157484292984009, 2.0829741954803467, 1.336846113204956, 0.47551172971725464, -1.5617475509643555, 0.313585489988327, 0.5327234268188477, -1.4643954038619995, -0.04736606031656265, 0.35310912132263184, -0.38177722692489624, 0.8827231526374817, -0.17712797224521637, 0.18625541031360626, 0.7673444151878357, -1.1047886610031128, -1.0996307134628296, -0.5925520062446594, 1.1877758502960205, -0.6788138151168823, -0.7029074430465698, 0.9402958750724792, 1.5486788749694824, -0.6312416195869446, 0.6942263245582581, 0.5841698050498962, 0.2125294804573059, -0.5227835774421692, 0.27969884872436523, 0.5915129780769348, -1.0880869626998901, 2.079059600830078, -2.998849391937256, -0.7035549283027649, 1.5276720523834229, -0.14962033927440643, 1.2517300844192505, -1.8884508609771729, 1.0379960536956787, 1.881084680557251, 0.6616779565811157, -1.0046086311340332, 0.5189681053161621, -1.2434636354446411, 0.3000425100326538, -0.8584885597229004, -0.794164776802063, -0.8342429995536804, -0.14784328639507294, -3.0875613689422607, -1.980154037475586, -0.4814522862434387]",yunet,Facenet,1920,1080,/home/amos/media/tv/modern_family/Modern.Family.S09.1080p.DSNP.WEB-DL.DDP5.1.H.264-CRFW/Modern.Family.S09E21.The.Escape.1080p.DSNP.WEB-DL.DDP5.1.H.264-CRFW.mkv,Modern Family,2009,1442437,9,21,Kate Burton,20879.0,0.553
572,384,162,552,372,510,246,438,252,0.902,12696,1,"[-0.823827862739563, 1.4159355163574219, -0.8515140414237976, 0.1437700390815735, 1.0247732400894165, -1.1461461782455444, -2.2719109058380127, 1.7993614673614502, -0.6678345799446106, 0.09946845471858978, -1.2202856540679932, 0.3902124762535095, 1.031482219696045, 0.6797009706497192, 0.645301103591919, 0.08911614120006561, 0.2734898328781128, -1.2038146257400513, -0.7571739554405212, 0.5869890451431274, 0.9625623226165771, 2.3346688747406006, -0.6550432443618774, 1.6957224607467651, -0.5013521313667297, -0.2715926468372345, -0.8691941499710083, 0.8679649829864502, 1.2450379133224487, -0.6616916060447693, -0.47611144185066223, 0.42185211181640625, 0.10028447210788727, -0.8709899187088013, 1.133863091468811, -0.7038565874099731, 0.3022701144218445, -1.0819889307022095, -0.805166482925415, -0.23466899991035461, -0.6215358972549438, -0.9272795915603638, -1.5580185651779175, -0.6771001815795898, -2.186537027359009, -1.0569686889648438, 1.4679970741271973, -0.6431090831756592, -0.579754114151001, 0.8087741136550903, -1.0718295574188232, 2.438542366027832, 0.883246898651123, -0.725566029548645, 0.008271480910480022, -0.04886431619524956, 1.7508872747421265, -2.2125678062438965, -1.1253576278686523, 0.14846870303153992, -1.6517800092697144, -0.9296941757202148, -0.37036067247390747, -0.3484545946121216, -0.37346574664115906, -0.6629496812820435, 2.817528009414673, 1.0236457586288452, -0.49634724855422974, 0.5645707845687866, 1.166967511177063, 0.7598733901977539, -0.4986945390701294, 1.0906221866607666, 0.14509248733520508, -0.03725514933466911, 0.9876530170440674, -0.7507255673408508, -1.3125851154327393, -1.6659841537475586, 0.25177666544914246, -0.6396660804748535, -0.1319296956062317, 0.856050968170166, 2.7045185565948486, 1.228261113166809, -1.4048020839691162, -1.152514934539795, 0.37871554493904114, 0.0705552026629448, 0.5366958975791931, -0.5684544444084167, -0.042482469230890274, -0.735886812210083, 0.059025559574365616, 0.7739315629005432, 0.9864770174026489, 1.7919801473617554, 0.305073082447052, -2.2463719844818115, -0.07278221845626831, 0.46303242444992065, -0.5606520771980286, -1.330964207649231, 0.2147195041179657, -0.36977970600128174, 0.1965348720550537, 0.25249922275543213, 1.7292935848236084, 1.9631539583206177, -2.422520875930786, 1.8293365240097046, 0.9780822992324829, -0.06915728747844696, 0.14861512184143066, -2.244457483291626, 0.26200971007347107, -1.3349387645721436, 0.2778241038322449, -0.0058874646201729774, 1.3198120594024658, -0.6994717121124268, -1.2507669925689697, -0.7769832611083984, 2.355149030685425, -0.23691555857658386, -0.14139501750469208, 1.136592149734497]",yunet,Facenet,1920,1080,/home/amos/media/tv/modern_family/Modern.Family.S09.1080p.DSNP.WEB-DL.DDP5.1.H.264-CRFW/Modern.Family.S09E21.The.Escape.1080p.DSNP.WEB-DL.DDP5.1.H.264-CRFW.mkv,Modern Family,2009,1442437,9,21,Jim Piddock,120560.0,0.7
573,1236,282,1434,534,1374,372,1284,372,0.92,12720,0,"[-0.6647671461105347, -1.4179304838180542, 0.441536545753479, 1.8016735315322876, 1.5934572219848633, 0.410031795501709, 0.6085631847381592, 0.2699120342731476, -0.09043456614017487, 2.4252493381500244, -1.1334679126739502, -0.2659701704978943, -0.5026243329048157, 0.9154739379882812, -0.6045857667922974, -0.24545979499816895, 0.5377926230430603, -0.5509667992591858, -0.5311590433120728, 0.7862420082092285, 0.11780206859111786, -0.834523618221283, 0.903197705745697, 0.46748751401901245, -0.7964327931404114, 1.263622760772705, 2.0646657943725586, -0.7150965332984924, 1.4087741374969482, 1.9433774948120117, 0.5922425985336304, -1.003666877746582, -0.16069504618644714, -1.4009793996810913, 0.2945241332054138, -0.7423318028450012, -1.0201023817062378, 0.9676183462142944, -1.035848617553711, -0.4976397454738617, -0.4203437566757202, -0.5108898282051086, 0.05471048131585121, 1.4566179513931274, 1.199826717376709, -0.1663074791431427, 0.7730867266654968, 1.1434919834136963, -0.953213095664978, 1.210654854774475, -1.5444114208221436, 2.9568912982940674, 0.5938504338264465, -0.2543810307979584, -0.43637901544570923, 1.3503515720367432, 0.8719848990440369, 0.7106108665466309, 1.7199422121047974, 0.945256233215332, 0.06646616756916046, 1.2270046472549438, 1.422743797302246, 1.244408130645752, -1.4318360090255737, 1.131949782371521, -1.074794054031372, 1.0920788049697876, 0.08976734429597855, 1.05280601978302, -0.6629720330238342, -1.1675249338150024, 0.7013266682624817, 0.30649375915527344, 0.12574012577533722, -0.6119626760482788, -0.35541296005249023, -1.955621600151062, -1.4051117897033691, -0.7471777200698853, -1.1564513444900513, -0.9304103851318359, 0.7687562704086304, 1.212311863899231, 0.6771410703659058, -0.06749995797872543, 0.14573529362678528, -0.33502405881881714, 1.1246047019958496, -2.0558924674987793, -2.5296618938446045, 0.3931179642677307, 0.8796466588973999, 0.5581919550895691, 1.077015995979309, -0.4428190290927887, 0.18465736508369446, -1.3819639682769775, -1.0908336639404297, -0.4368744194507599, 0.17284688353538513, 1.6754206418991089, -0.5389389991760254, 0.4306134283542633, 1.0545932054519653, -0.21309398114681244, 0.08711375296115875, -0.1451607346534729, 1.5554039478302002, 0.20940032601356506, 1.049912452697754, 0.277104914188385, 0.09077975153923035, 1.8854479789733887, -1.2926323413848877, 0.18621039390563965, -0.9909540414810181, 0.5316072702407837, -1.2777096033096313, -1.1706031560897827, 2.4048893451690674, 0.8157515525817871, -1.097385287284851, -1.8101273775100708, -1.174380898475647, 0.24641135334968567, 2.2705540657043457, -0.4259757697582245]",yunet,Facenet,1920,1080,/home/amos/media/tv/modern_family/Modern.Family.S09.1080p.DSNP.WEB-DL.DDP5.1.H.264-CRFW/Modern.Family.S09E21.The.Escape.1080p.DSNP.WEB-DL.DDP5.1.H.264-CRFW.mkv,Modern Family,2009,1442437,9,21,Sarah Hyland,91351.0,0.58
574,384,174,630,486,594,306,522,300,0.906,12720,1,"[0.49518755078315735, -2.0650131702423096, -0.6488157510757446, -1.2401344776153564, 1.733184814453125, 1.7963545322418213, 0.3261997103691101, 3.0386664867401123, 0.7812641263008118, 0.12280425429344177, 1.127748727798462, -1.2239381074905396, 0.301563560962677, 0.10677190124988556, -0.38050663471221924, 0.08573950082063675, -0.6359764337539673, -1.8163340091705322, 0.9243897199630737, -0.10116955637931824, -0.4958875775337219, -0.22547464072704315, 0.2843928039073944, -0.7972500324249268, -0.2541309595108032, -0.2661236524581909, 0.6425298452377319, -0.5590602159500122, -1.2409570217132568, -0.6865280270576477, -1.008367896080017, 0.4330032765865326, -0.37880560755729675, -0.8061984777450562, -0.8226338028907776, 1.6422659158706665, -0.6886950731277466, 1.2650096416473389, 1.477843999862671, -0.7894225120544434, 1.3164767026901245, 0.6262845396995544, -1.692128300666809, -0.9253569841384888, 1.095238447189331, -0.879798948764801, 0.4240589141845703, 1.4906740188598633, 1.819460391998291, -0.06404799968004227, -0.6300753951072693, 1.828145980834961, -1.2346930503845215, -0.5542780160903931, -0.4213816523551941, -1.5007410049438477, -0.3667009174823761, 1.2350733280181885, -0.06882338970899582, 1.2474642992019653, 0.3615398108959198, -0.8115314841270447, 0.09625836461782455, 0.5909702181816101, 1.4805359840393066, -1.02005136013031, -0.7116507887840271, 0.08868113905191422, 0.5608870387077332, -0.6387201547622681, -1.5562365055084229, 0.4137825667858124, -2.9028780460357666, 1.1653966903686523, 0.652479350566864, -0.8211957216262817, -2.19722580909729, 1.335792899131775, 0.05061536282300949, 1.8652085065841675, -2.0121407508850098, -0.29288339614868164, 2.1938159465789795, -1.3507146835327148, -1.4221457242965698, 0.5427396297454834, 1.0627257823944092, 0.37269681692123413, -0.8686413764953613, -1.31330406665802, 0.6622573733329773, 1.2484431266784668, -0.1943790465593338, 0.49548637866973877, 1.1167163848876953, 1.0620054006576538, -2.0571494102478027, -1.3625973463058472, -0.5962556004524231, 2.1255476474761963, -0.8527567982673645, 0.08036219328641891, -1.8289806842803955, -0.35677865147590637, -1.2922242879867554, 0.3991926312446594, 0.5514718294143677, -0.5984382629394531, 0.2365916669368744, -0.167887881398201, -0.4919782876968384, -1.866532564163208, 0.08562617748975754, -0.7433870434761047, 0.424225777387619, 1.3711953163146973, 0.6932404041290283, 0.3355664014816284, -0.5789873003959656, -0.5917440056800842, -1.31193208694458, 1.6328339576721191, -0.37603431940078735, 0.3057006597518921, -1.2365238666534424, -0.7440326809883118, -1.2110930681228638, -1.2079755067825317]",yunet,Facenet,1920,1080,/home/amos/media/tv/modern_family/Modern.Family.S09.1080p.DSNP.WEB-DL.DDP5.1.H.264-CRFW/Modern.Family.S09E21.The.Escape.1080p.DSNP.WEB-DL.DDP5.1.H.264-CRFW.mkv,Modern Family,2009,1442437,9,21,Chris Geere,62879.0,0.555
575,1302,330,1500,576,1440,432,1362,432,0.913,12744,0,"[-1.2206735610961914, -2.5240700244903564, 0.5653305053710938, 1.4690874814987183, 1.5135705471038818, 0.8245559930801392, 0.2639436721801758, -1.2387335300445557, 0.7858505249023438, 2.963792324066162, -1.9892276525497437, 0.9452523589134216, 0.7736974358558655, -0.7177650928497314, -0.8322644233703613, 0.012105617672204971, -0.1524329036474228, -0.3141070008277893, -0.3817707300186157, -0.7862229347229004, 0.8577849864959717, -1.0371650457382202, 0.3477315902709961, -0.16801583766937256, -0.9430494904518127, -0.5325546264648438, 1.171545147895813, -1.186539888381958, 1.54159677028656, 1.4821264743804932, -0.14730465412139893, -1.363186001777649, -0.47364670038223267, -1.4379550218582153, 0.7884603142738342, -0.7008503079414368, -2.1954479217529297, 0.9702454805374146, -2.0765445232391357, -2.3989832401275635, 1.09785795211792, -0.39138877391815186, 0.024318210780620575, 3.72261905670166, 0.29174771904945374, -0.9378047585487366, 0.7538802623748779, 0.6729451417922974, -0.7372722625732422, 0.0036036521196365356, -1.021789789199829, 1.0294228792190552, -0.27232587337493896, -0.2997046113014221, -0.31640660762786865, 0.22187818586826324, 0.3745860457420349, -0.5921087265014648, 0.28893497586250305, 0.29029086232185364, -0.9882894158363342, 0.9104806184768677, -1.1197973489761353, 0.11166177690029144, -0.5683237910270691, 1.798257827758789, -0.9122596979141235, -0.16140326857566833, 0.13272196054458618, 0.5950908660888672, -0.6175687909126282, -0.6424309015274048, -0.45072394609451294, -0.40831661224365234, 0.7546522617340088, -0.4735001027584076, -0.5237549543380737, -1.1572771072387695, -0.6855745911598206, -0.6119068264961243, -0.503212034702301, -0.9349169731140137, 0.9717696905136108, 0.7156842947006226, 0.06807658076286316, -1.3750264644622803, 0.7383432984352112, -0.2878637909889221, 0.4113599359989166, -0.8569636940956116, -1.4802933931350708, 0.042690426111221313, -0.1315360963344574, 0.20101401209831238, 1.2661473751068115, 0.5990613102912903, 0.6085994839668274, -1.0067822933197021, -0.3544054329395294, -0.39458155632019043, 0.31319236755371094, 0.4628661870956421, -1.5908840894699097, 0.85325688123703, 1.077365517616272, 0.6436209082603455, 0.9878078699111938, -0.8809435367584229, 2.0536417961120605, -0.2775764763355255, 0.8877497315406799, 0.49764537811279297, -0.5305192470550537, 1.0966901779174805, -1.535194754600525, -0.05724938586354256, -0.34388041496276855, 0.43904411792755127, -1.9398709535598755, -1.7054623365402222, 2.937570810317993, -0.36821916699409485, -0.4275383949279785, 0.13987959921360016, 0.06894976645708084, -0.5714458227157593, 1.4172905683517456, -0.34656453132629395]",yunet,Facenet,1920,1080,/home/amos/media/tv/modern_family/Modern.Family.S09.1080p.DSNP.WEB-DL.DDP5.1.H.264-CRFW/Modern.Family.S09E21.The.Escape.1080p.DSNP.WEB-DL.DDP5.1.H.264-CRFW.mkv,Modern Family,2009,1442437,9,21,Sarah Hyland,91351.0,0.646
576,390,198,630,528,594,330,558,324,0.906,12744,1,"[0.23341430723667145, -2.1493563652038574, -0.4021020829677582, -1.5249178409576416, 0.9755235910415649, 1.2877200841903687, -0.4316549301147461, 1.8416783809661865, 0.814208447933197, -0.4726337790489197, 0.20523566007614136, -1.0202337503433228, -0.5940282344818115, 0.20481359958648682, 0.22900421917438507, -0.010734736919403076, -1.0086653232574463, -1.7056148052215576, 0.9227319359779358, -0.2862532138824463, 0.6768859624862671, -0.38525933027267456, -0.14181318879127502, -0.8091440200805664, -0.3976416289806366, 0.14848706126213074, 0.6099693775177002, -1.3451616764068604, -0.3150486946105957, -1.0917034149169922, -1.5453107357025146, 1.975464940071106, -1.0379747152328491, 0.4084644019603729, -0.5402208566665649, 0.8024592399597168, -0.19085222482681274, 0.35470110177993774, 1.4192321300506592, -1.871780514717102, 0.6728967428207397, 0.956217348575592, -2.277827024459839, -2.1149275302886963, -0.4068133234977722, -1.3052748441696167, -0.5678507089614868, 1.9331164360046387, 0.6358189582824707, 0.7582753896713257, -0.02556600421667099, 1.291079044342041, -0.9903358221054077, 0.11777408421039581, 0.9759495258331299, -1.9383295774459839, 0.6462135314941406, 0.9234825968742371, -0.9729794263839722, 0.6193251013755798, -0.2975582182407379, -1.7389461994171143, 0.20474398136138916, 1.9729832410812378, 0.796055793762207, -0.4197077751159668, 0.3683890998363495, -0.5920906066894531, -0.13006043434143066, -0.6750591993331909, -0.5869058966636658, -0.5190200805664062, -2.3883042335510254, 2.1362686157226562, 1.1143214702606201, -0.8360586762428284, -2.5197103023529053, 0.9973083138465881, -0.5641061067581177, 0.5686788558959961, -2.1094439029693604, 0.08285509794950485, 0.6260878443717957, -1.0752357244491577, -1.1403666734695435, 0.045752301812171936, 0.9428839683532715, -0.05388588458299637, -1.4862608909606934, -1.5608876943588257, 0.035866476595401764, 0.6536182165145874, -0.13439562916755676, 0.07657159864902496, 1.5694912672042847, 1.4451550245285034, -1.8617324829101562, -0.1860813945531845, -0.3455857038497925, 0.39472058415412903, -1.1347261667251587, -0.9756487607955933, -2.3481979370117188, 0.0052193533629179, 0.025662913918495178, -0.2295915186405182, 0.24685266613960266, -0.736316442489624, 0.7702473998069763, -0.35822734236717224, -0.3985956907272339, -2.6183838844299316, 0.5886075496673584, -0.8553927540779114, -0.013330137357115746, 1.091855764389038, 0.725506067276001, -0.1305963397026062, -1.4777064323425293, 0.5270679593086243, -1.7713518142700195, 0.40002527832984924, 0.1592845618724823, -0.17121006548404694, -0.9398797750473022, 0.7935848832130432, -1.1187046766281128, -0.6451946496963501]",yunet,Facenet,1920,1080,/home/amos/media/tv/modern_family/Modern.Family.S09.1080p.DSNP.WEB-DL.DDP5.1.H.264-CRFW/Modern.Family.S09E21.The.Escape.1080p.DSNP.WEB-DL.DDP5.1.H.264-CRFW.mkv,Modern Family,2009,1442437,9,21,Chris Geere,62879.0,0.643
577,1296,204,1488,486,1374,330,1320,330,0.917,12768,0,"[0.4552335739135742, 0.01825527846813202, 1.3021990060806274, -1.344571590423584, 0.4588204622268677, -1.2214821577072144, -0.4710391163825989, 2.674513339996338, 0.3445872962474823, -0.919101357460022, 0.3267379105091095, 0.6561427116394043, -0.9794917106628418, 1.2333519458770752, -1.1236017942428589, 0.4935639500617981, -0.2905753254890442, -1.0862280130386353, -0.061945199966430664, 0.12720100581645966, -1.9790639877319336, 0.8105173707008362, -0.5022438168525696, 0.5015527009963989, 0.20753473043441772, 1.5387284755706787, 2.8347604274749756, -1.5410224199295044, -0.4667835831642151, 0.055460862815380096, 0.0831175446510315, 0.395059734582901, -0.7724714279174805, 0.8263779878616333, -1.9262261390686035, 0.40676209330558777, 0.314862459897995, -0.5790507197380066, 0.6585944890975952, 0.7838960886001587, -0.5611429214477539, -0.28860461711883545, -0.11904697120189667, 1.4737313985824585, -0.14098310470581055, -0.3073805570602417, -0.02434227056801319, -2.0365724563598633, -0.35991352796554565, 0.29258525371551514, 0.5070204138755798, -0.1628587692975998, 0.8796879649162292, -0.445920467376709, 0.785014271736145, -3.5480196475982666, 0.23485955595970154, -0.09199310094118118, -1.083503007888794, 0.13318735361099243, 0.22336211800575256, -1.0977741479873657, 0.33011993765830994, -1.0137224197387695, -0.3768194317817688, -0.3770145773887634, -2.0847854614257812, 0.027035273611545563, -1.8067363500595093, 0.6570862531661987, -0.39342743158340454, 0.7201330661773682, -0.7685651183128357, 0.2982133626937866, 1.4936100244522095, 0.6453915238380432, -0.8137621879577637, 2.546860694885254, 2.2280831336975098, 0.19189943373203278, -1.6599851846694946, 0.853974461555481, 0.2915757894515991, -0.9325577616691589, -0.20583119988441467, 1.7203679084777832, -0.6200501918792725, -0.2595134377479553, -0.18113163113594055, -0.24386805295944214, -0.01555720716714859, -0.04323222488164902, -0.9930291771888733, -1.4511702060699463, 1.6715703010559082, -0.36644235253334045, -1.1075255870819092, 0.6089566349983215, 1.1741669178009033, -1.1907944679260254, 0.42753762006759644, 0.4005795419216156, -0.10065266489982605, -0.500295877456665, 0.013591699302196503, 0.10470518469810486, -1.2789376974105835, 1.8881638050079346, -2.828838348388672, -0.5870975255966187, 0.778866171836853, -0.7846711277961731, 1.870991826057434, -1.765383005142212, 0.101274773478508, 1.923629879951477, -0.7613945007324219, -0.6272388696670532, 0.5755388736724854, -0.7929955124855042, -0.452833354473114, -1.101314663887024, -1.7186875343322754, -0.5660543441772461, -0.2959752678871155, -1.672394871711731, -2.072525978088379, -0.260972797870636]",yunet,Facenet,1920,1080,/home/amos/media/tv/modern_family/Modern.Family.S09.1080p.DSNP.WEB-DL.DDP5.1.H.264-CRFW/Modern.Family.S09E21.The.Escape.1080p.DSNP.WEB-DL.DDP5.1.H.264-CRFW.mkv,Modern Family,2009,1442437,9,21,Kate Burton,20879.0,0.653
578,1260,222,1446,492,1326,336,1278,330,0.918,12792,0,"[0.6706374883651733, 0.663110613822937, 0.8183695077896118, -0.7510554194450378, 0.6396698951721191, -1.1018292903900146, 0.3596770465373993, 2.2072346210479736, -0.7533469200134277, -1.228890061378479, 0.40843626856803894, 1.7093844413757324, 0.5921624302864075, 0.5289878845214844, 0.1244504302740097, 1.105400562286377, -0.3703860938549042, -0.9371956586837769, 0.7960965037345886, 1.254085659980774, -1.9338152408599854, 1.29693603515625, -0.07120348513126373, 0.36725738644599915, -0.7823014259338379, 2.602750062942505, 2.2494232654571533, -0.5780404806137085, -0.22383801639080048, -0.06810721009969711, -1.032078742980957, 0.10510783642530441, -1.9334299564361572, 1.5324572324752808, -0.4574752748012543, 0.1634615808725357, 0.04416041076183319, -0.9816376566886902, 0.9266412258148193, 0.9585928916931152, -0.855650007724762, 0.9594894051551819, 0.6720997095108032, 1.0827610492706299, -0.28818660974502563, -0.6957765817642212, -0.6005975604057312, -2.0831284523010254, 0.528628945350647, 0.8412607908248901, 0.9660910964012146, -0.0907902866601944, 1.2214351892471313, -0.3612155318260193, 0.9262083768844604, -3.1106700897216797, 0.4913536012172699, 0.0670011043548584, -1.0930484533309937, 0.15939491987228394, -0.7453595995903015, -0.39361417293548584, 1.2742990255355835, -1.2316334247589111, -1.2143632173538208, -0.5556818842887878, -1.5466127395629883, 0.2749970555305481, -1.5645569562911987, 1.4930039644241333, 0.5176877975463867, 1.329477310180664, -1.05531907081604, 0.8764808773994446, 1.2578213214874268, 0.7903335690498352, -1.4879344701766968, 2.3185079097747803, 1.4336656332015991, -0.4265286326408386, -1.0546525716781616, 1.0193886756896973, -0.6210005283355713, -1.568772792816162, 0.41490551829338074, 0.9990051984786987, -0.7018898725509644, 0.6386645436286926, -0.5158720016479492, -1.0733307600021362, -0.008812330663204193, 0.30491217970848083, -0.5021182298660278, -0.9830858111381531, 1.1224522590637207, -0.9422754645347595, -0.4779176712036133, 0.07832374423742294, 1.644104242324829, -1.1119574308395386, 1.0126721858978271, -0.43128928542137146, -0.23638644814491272, -0.15033672749996185, -0.059125181287527084, 0.05968301743268967, -0.5475254058837891, 0.8694301843643188, -3.117764949798584, -0.14302504062652588, 1.724544644355774, -0.12077760696411133, 1.8147720098495483, -1.1849455833435059, 0.9591044783592224, 1.5572377443313599, -0.7984271049499512, -0.2033432424068451, 1.7437350749969482, -0.5060030221939087, -0.1015910804271698, -0.8893542289733887, -0.5242458581924438, -1.415303111076355, -0.2459120899438858, -1.2952847480773926, -1.5026501417160034, -0.4602334797382355]",yunet,Facenet,1920,1080,/home/amos/media/tv/modern_family/Modern.Family.S09.1080p.DSNP.WEB-DL.DDP5.1.H.264-CRFW/Modern.Family.S09E21.The.Escape.1080p.DSNP.WEB-DL.DDP5.1.H.264-CRFW.mkv,Modern Family,2009,1442437,9,21,Kate Burton,20879.0,0.651
579,372,174,540,384,498,264,426,264,0.91,12792,1,"[-1.104561686515808, 1.0502668619155884, -0.13900499045848846, 0.08219610899686813, 1.5517891645431519, -1.1826162338256836, -2.164475440979004, 1.2284634113311768, -0.002775382250547409, 0.518005907535553, -1.177762746810913, 0.1379956603050232, 1.6604002714157104, 0.4181215465068817, 0.5973728895187378, -0.12573152780532837, 0.47328004240989685, -1.2227437496185303, -0.17491236329078674, 0.4263516664505005, 1.418468713760376, 2.152705669403076, -0.3064264953136444, 1.8881500959396362, -0.9596803784370422, -0.48449915647506714, -0.07795916497707367, 0.6718635559082031, 1.3992979526519775, -0.386949360370636, -0.45063695311546326, 0.18151141703128815, -0.2780904769897461, -0.7093937397003174, 0.9254372119903564, -1.1806772947311401, 0.04371923208236694, -1.3321722745895386, -0.698499858379364, -0.755176305770874, -0.9112279415130615, -1.2477986812591553, -1.1370093822479248, -0.6813206672668457, -1.8970482349395752, -0.5904361009597778, 1.2335213422775269, -1.1806641817092896, -0.15883702039718628, 0.864166259765625, -1.4869790077209473, 2.1133689880371094, 0.28304702043533325, -0.345065712928772, -0.8156326413154602, -0.9859390258789062, 1.3312700986862183, -2.2120401859283447, -0.9296653270721436, -0.3313005268573761, -1.6299968957901, -0.4595257043838501, 0.024095527827739716, 0.20625413954257965, -1.114134669303894, -0.45774394273757935, 2.6255855560302734, 0.29741203784942627, -0.6514769196510315, 0.6590234041213989, 0.6110736131668091, -0.017578646540641785, 0.583321213722229, 0.5959423184394836, 0.17354878783226013, -0.004773437976837158, 1.4510605335235596, -0.3888166844844818, -1.273779273033142, -1.8533052206039429, -0.24418923258781433, -0.46096447110176086, -0.4743533432483673, 0.5843007564544678, 2.079404592514038, 1.3191078901290894, -0.9992575645446777, -1.4855599403381348, -0.31017062067985535, -0.0860624611377716, 1.1805695295333862, 0.2796482741832733, -0.3160599172115326, -1.0356497764587402, 0.6999447345733643, 0.8146297335624695, 0.5210902690887451, 1.7307780981063843, -0.12951454520225525, -2.617276906967163, -0.273678183555603, 1.1906864643096924, 0.5833290219306946, -1.2445437908172607, 0.819554328918457, 0.5148977041244507, 0.05700875446200371, 0.5804615020751953, 1.268924593925476, 1.0457202196121216, -1.897642970085144, 0.9213754534721375, 0.1839858591556549, 0.5147805213928223, 0.11209988594055176, -1.400708556175232, 0.11901278793811798, -1.283036708831787, -0.501846969127655, 0.29935941100120544, 0.2273259311914444, -0.6676173210144043, -0.9784762859344482, -0.6101464033126831, 2.5103111267089844, -0.8966876268386841, 0.4006267488002777, 0.9666467905044556]",yunet,Facenet,1920,1080,/home/amos/media/tv/modern_family/Modern.Family.S09.1080p.DSNP.WEB-DL.DDP5.1.H.264-CRFW/Modern.Family.S09E21.The.Escape.1080p.DSNP.WEB-DL.DDP5.1.H.264-CRFW.mkv,Modern Family,2009,1442437,9,21,Jim Piddock,120560.0,0.64
580,1278,216,1512,516,1416,336,1314,336,0.918,12816,0,"[1.280442476272583, 1.628739833831787, 1.418954610824585, -1.1086715459823608, 0.5135284662246704, 0.014483744278550148, -0.832837700843811, 1.6080371141433716, 0.9300962686538696, -0.7119168043136597, 0.5476531982421875, 0.24715790152549744, -0.24351046979427338, -0.06068001687526703, 0.13805462419986725, -0.3516770005226135, 0.11439326405525208, 0.4066735506057739, 1.7381319999694824, 1.2241166830062866, -0.9073740243911743, 0.17426998913288116, 1.1194148063659668, 0.5566574931144714, 0.049522243440151215, 2.2768630981445312, 1.19781494140625, -0.3009788990020752, -0.6730114817619324, -0.4415324330329895, -1.3412150144577026, 0.6658902168273926, -2.3241498470306396, 1.224341630935669, -1.4310561418533325, 0.06811732053756714, 0.5236700773239136, -0.49265581369400024, -0.17540901899337769, 1.0116658210754395, -0.09174637496471405, -0.4854688346385956, 0.3173191249370575, 2.0876104831695557, -1.1497762203216553, 0.21997575461864471, 0.3183179199695587, -2.5421462059020996, 0.34328389167785645, 0.29363009333610535, 1.8633577823638916, -0.48308849334716797, -0.05597842484712601, -0.2973126769065857, 0.8734058737754822, -3.313136100769043, -0.051026660948991776, -0.4457152485847473, -0.9965387582778931, -0.12313766777515411, 0.6542170643806458, -1.691042184829712, 1.7862509489059448, -1.756009578704834, -1.230409860610962, -0.8911846280097961, -1.7277642488479614, -0.023245934396982193, -0.6731276512145996, 0.4806635081768036, -1.1620193719863892, 0.2870512902736664, -0.08323580026626587, 0.2738596200942993, 0.863785982131958, 2.080336332321167, -0.8723607063293457, 1.999162197113037, 0.20513081550598145, -0.012460485100746155, -1.3954004049301147, 1.234520673751831, 0.01325395330786705, -0.49190929532051086, -0.47114160656929016, 1.2387903928756714, -0.35284870862960815, -0.5181347727775574, 0.19578295946121216, -0.1972111612558365, 0.29860520362854004, -1.2759732007980347, -0.475311279296875, -0.9026544094085693, 0.8630558848381042, -1.1874028444290161, -0.857556939125061, -0.24299320578575134, 0.7222245335578918, -1.6507688760757446, 0.7506663799285889, 0.6230862736701965, 0.25426629185676575, -0.7378730773925781, -0.991084098815918, -0.0009921938180923462, -1.8814557790756226, 2.358548164367676, -1.6254432201385498, -0.4394010603427887, 0.3760375380516052, -0.4507066607475281, 0.370840847492218, -0.9789998531341553, 0.8745325207710266, 1.6952697038650513, -1.1151643991470337, -2.484546422958374, 0.9550438523292542, -0.5629649758338928, -0.9528522491455078, -0.39622166752815247, -1.5034624338150024, -1.0133006572723389, -0.45124369859695435, -1.8595380783081055, -1.228364109992981, -0.20862489938735962]",yunet,Facenet,1920,1080,/home/amos/media/tv/modern_family/Modern.Family.S09.1080p.DSNP.WEB-DL.DDP5.1.H.264-CRFW/Modern.Family.S09E21.The.Escape.1080p.DSNP.WEB-DL.DDP5.1.H.264-CRFW.mkv,Modern Family,2009,1442437,9,21,Kate Burton,20879.0,0.713
581,336,162,516,384,474,246,390,246,0.901,12816,1,"[-0.3637317717075348, 1.8404228687286377, -0.7033730149269104, 0.35339146852493286, 0.3438985049724579, -1.5577850341796875, -2.0590009689331055, 1.0174891948699951, -0.6737276911735535, -0.10826252400875092, -1.326623558998108, 0.5894289612770081, 1.3005173206329346, 0.3698981702327728, 0.16857582330703735, -0.15852907299995422, 1.1710823774337769, -1.101726770401001, -0.6375604271888733, 1.1625549793243408, 1.6562401056289673, 2.1925618648529053, -0.6599138975143433, 1.6753734350204468, -0.7080417275428772, -0.3384045362472534, -0.8662493228912354, 0.8345348834991455, 2.0795676708221436, -0.7572059631347656, -0.7465707063674927, 0.5916162133216858, 0.09280484914779663, -0.68243408203125, 0.7693850994110107, -1.3289251327514648, 0.21598678827285767, -0.8212639093399048, -1.0588526725769043, -0.37675124406814575, -1.3249239921569824, -0.6298344135284424, -1.6069355010986328, -0.3895006775856018, -2.0060482025146484, -0.725403904914856, 1.130801796913147, -0.19205355644226074, -0.16647452116012573, 0.3122727572917938, -0.260989785194397, 1.3777965307235718, 0.20248925685882568, -0.6351269483566284, -0.04709891602396965, 0.09853198379278183, 1.8839858770370483, -1.860399603843689, -0.9235121607780457, -0.17723500728607178, -2.4230687618255615, -0.23012593388557434, -0.7446073889732361, -0.16085785627365112, -0.6330828666687012, -0.020839698612689972, 2.9419548511505127, 0.5627642273902893, -0.46103858947753906, 0.49399682879447937, 0.7973736524581909, 0.6671304702758789, 0.07204818725585938, 1.1108825206756592, -0.17758306860923767, 0.02473754994571209, 1.1921359300613403, -1.0008023977279663, -1.3301239013671875, -2.2858409881591797, 0.05541491508483887, -0.7210224866867065, -0.5273512005805969, 0.48148831725120544, 2.4528141021728516, 1.5315450429916382, -1.1302436590194702, -1.6878662109375, 0.09450952708721161, -0.04611993953585625, 1.3628770112991333, 0.2841755151748657, 0.18494491279125214, -1.133283019065857, 0.059216588735580444, 0.5885820388793945, 1.9715498685836792, 1.2879002094268799, 0.30072101950645447, -2.8664002418518066, -0.3255510926246643, 0.6251808404922485, 0.06330274045467377, -1.0522887706756592, 0.3434019982814789, -0.28630781173706055, 0.5289821028709412, 0.12567269802093506, 1.9130617380142212, 1.7632685899734497, -2.478085994720459, 1.1671901941299438, 0.3485906720161438, 0.34613820910453796, -0.169117271900177, -1.7792221307754517, 0.03845858573913574, -0.8174682259559631, 0.2712806165218353, -0.047154903411865234, 0.8172204494476318, -0.0636894479393959, -1.1406842470169067, -0.9506778120994568, 2.514981746673584, -0.1768523007631302, -0.1699499785900116, 0.3852485716342926]",yunet,Facenet,1920,1080,/home/amos/media/tv/modern_family/Modern.Family.S09.1080p.DSNP.WEB-DL.DDP5.1.H.264-CRFW/Modern.Family.S09E21.The.Escape.1080p.DSNP.WEB-DL.DDP5.1.H.264-CRFW.mkv,Modern Family,2009,1442437,9,21,Jim Piddock,120560.0,0.719
582,1296,222,1518,516,1398,342,1314,342,0.927,12840,0,"[0.3649018704891205, 1.2957801818847656, 0.8008016347885132, -0.3874415457248688, -0.06792381405830383, 0.1480475217103958, -0.3341803550720215, 1.7130004167556763, 0.9001840949058533, -1.0395084619522095, 0.16062748432159424, 1.5588792562484741, -0.21860858798027039, 0.9936734437942505, -0.6415790319442749, 0.1860751360654831, -1.2197566032409668, 0.1401938796043396, 0.4510909616947174, 0.8756189346313477, -1.2022966146469116, 1.0429261922836304, 0.5628483891487122, 0.35392796993255615, 0.14813102781772614, 1.7260818481445312, 1.8425465822219849, -1.148266077041626, -0.05962619185447693, -0.06755145639181137, -0.7606079578399658, 0.1175474226474762, -1.7942179441452026, 0.4791647791862488, -0.8775712847709656, -0.23755601048469543, -0.18454915285110474, -1.5276812314987183, -0.23979035019874573, 0.7713993787765503, 0.2729932367801666, 0.008894238620996475, 0.37119898200035095, 1.5301040410995483, -0.357730507850647, -0.49503663182258606, 0.32693031430244446, -2.9435372352600098, -0.1327018290758133, 0.7501598596572876, 0.7174720168113708, -0.06959408521652222, 1.4639922380447388, -0.5590782761573792, 0.8229114413261414, -2.9753453731536865, 0.9386084675788879, -0.040240272879600525, -1.055912733078003, -0.4860137104988098, 0.9008688926696777, -0.9389506578445435, 1.802492618560791, -1.704216718673706, -0.7035305500030518, -0.42442190647125244, -0.7078919410705566, 0.27142128348350525, -2.0153210163116455, 0.39366188645362854, -0.23722690343856812, 1.6489195823669434, 0.013234843499958515, 0.6503655314445496, 0.734469473361969, 0.26341184973716736, -0.5307391881942749, 2.4881906509399414, 1.4249646663665771, -0.25377383828163147, -1.224597454071045, 1.0215567350387573, 0.32262009382247925, -0.8568989038467407, -0.6568046808242798, 1.1923882961273193, -0.9846714735031128, -0.13713686168193817, 0.7436938285827637, -0.6345533728599548, 0.15889576077461243, -0.7860504984855652, -0.8998913168907166, -0.47121280431747437, 1.0169506072998047, -0.4340797960758209, -0.7104289531707764, 0.40025976300239563, 1.3823087215423584, -1.662179708480835, 0.7172569632530212, 0.33705946803092957, 0.3047615885734558, -0.09449486434459686, 0.31857380270957947, -0.30297714471817017, -1.516075611114502, 2.6295533180236816, -1.8686879873275757, -0.11015477031469345, 1.023937463760376, 0.3665185570716858, 2.3309309482574463, -0.6176401376724243, 0.23669740557670593, 1.441427230834961, -0.5896369218826294, -1.0598307847976685, 1.169451355934143, -0.8182638883590698, -0.7342013120651245, -0.7344098091125488, -0.9223423600196838, -0.9840697646141052, 0.17815472185611725, -1.2517704963684082, -1.5198466777801514, -0.9101567268371582]",yunet,Facenet,1920,1080,/home/amos/media/tv/modern_family/Modern.Family.S09.1080p.DSNP.WEB-DL.DDP5.1.H.264-CRFW/Modern.Family.S09E21.The.Escape.1080p.DSNP.WEB-DL.DDP5.1.H.264-CRFW.mkv,Modern Family,2009,1442437,9,21,Kate Burton,20879.0,0.698
583,324,174,510,408,450,270,372,276,0.902,12840,1,"[-0.45876839756965637, 1.4284700155258179, -0.3291950821876526, 0.18429580330848694, 0.7796009182929993, -0.8222935199737549, -1.9556888341903687, 1.1713311672210693, 0.08817263692617416, -0.22199812531471252, -1.1175622940063477, 0.17991864681243896, 1.697916030883789, 0.1952444314956665, 0.439323365688324, -0.1428956389427185, 1.1158514022827148, -1.7352728843688965, -0.7307387590408325, 0.6247166395187378, 1.3368784189224243, 2.2861263751983643, -0.7472280859947205, 2.046877861022949, -0.4935353398323059, -0.22111207246780396, -0.09262426942586899, 0.7161403894424438, 1.9019887447357178, -1.0168499946594238, -1.1167874336242676, 0.7803996801376343, -0.027121998369693756, -0.5236356854438782, 0.6449136734008789, -1.0412105321884155, 0.24890276789665222, -1.3128461837768555, -1.002089500427246, -0.6613842248916626, -0.5796905755996704, -1.082874059677124, -1.5737007856369019, -0.1885644495487213, -2.042315721511841, -0.24597510695457458, 0.8946698904037476, -0.80588698387146, 0.3044148087501526, -0.020724907517433167, 0.33385032415390015, 1.387769341468811, -0.19839629530906677, -0.819036066532135, -0.03133824095129967, -0.23809295892715454, 1.27535080909729, -2.817955732345581, -0.8949377536773682, -0.34642186760902405, -2.225489854812622, -0.4821047782897949, -0.03899515047669411, -0.1834854781627655, -0.6636778712272644, 0.07257568091154099, 2.5687308311462402, 0.17622488737106323, -0.36639782786369324, 0.2643533945083618, 0.5680714249610901, 0.6028118133544922, 0.16920706629753113, 0.6731312870979309, 0.11506704986095428, 0.012566894292831421, 0.9125305414199829, -0.45201605558395386, -1.3023087978363037, -1.5564976930618286, -0.4201231598854065, -0.10450237989425659, -0.5613371133804321, 0.6941795349121094, 2.1329360008239746, 1.0389631986618042, -0.8818216919898987, -1.8436018228530884, -0.046342864632606506, -0.14931300282478333, 1.61983060836792, 0.21550650894641876, 0.25228774547576904, -0.8589784502983093, 0.44463837146759033, 0.8996903300285339, 2.1355626583099365, 1.6213676929473877, -0.12868520617485046, -2.4084129333496094, -0.15730449557304382, 0.09787959605455399, -0.018886610865592957, -0.26228320598602295, -0.0775613859295845, 0.4472156763076782, -0.11844305694103241, 0.23117591440677643, 1.350211501121521, 1.7833088636398315, -2.2246546745300293, 0.7385995388031006, 0.6896337270736694, -0.15802277624607086, 0.2011178731918335, -1.544357180595398, 0.035334087908267975, -1.0553852319717407, 0.10670215636491776, -0.6661055088043213, 0.6223999857902527, -0.42112982273101807, -0.5884341597557068, -0.5353450179100037, 2.143216371536255, -0.26250579953193665, -0.18893781304359436, 0.5197229981422424]",yunet,Facenet,1920,1080,/home/amos/media/tv/modern_family/Modern.Family.S09.1080p.DSNP.WEB-DL.DDP5.1.H.264-CRFW/Modern.Family.S09E21.The.Escape.1080p.DSNP.WEB-DL.DDP5.1.H.264-CRFW.mkv,Modern Family,2009,1442437,9,21,Jim Piddock,120560.0,0.78
584,1272,264,1482,576,1350,390,1302,384,0.914,12864,0,"[1.5585423707962036, 0.20248103141784668, 1.0354810953140259, -1.415984034538269, 0.30489465594291687, -1.0707383155822754, 0.32378682494163513, 1.7823355197906494, 0.4376841187477112, -1.5874069929122925, 0.6171862483024597, 0.719093918800354, -0.14741069078445435, 1.1569679975509644, -1.3005659580230713, 0.38256943225860596, -0.25022539496421814, -0.6371002197265625, 0.27735549211502075, 1.2776906490325928, -1.523987054824829, 0.5863286256790161, -0.45113566517829895, 0.4979766011238098, 0.3673686981201172, 1.458467721939087, 2.588330030441284, -2.2508111000061035, -0.8439918160438538, -0.26691171526908875, 0.43754976987838745, 1.0420846939086914, -0.4944939911365509, 1.3386892080307007, -2.1995604038238525, -0.04562563821673393, 0.26382583379745483, -0.4885393977165222, 0.7954585552215576, 1.6110590696334839, -1.1679072380065918, 0.557572066783905, 0.6744073629379272, 1.5660676956176758, -0.8285718560218811, -0.6148225665092468, -0.6412033438682556, -0.9122360944747925, -0.3198382258415222, -0.1551685333251953, 1.6969847679138184, -0.7518113851547241, 0.41760191321372986, -0.08742083609104156, 1.4306279420852661, -3.5345230102539062, 0.6613555550575256, 0.353023499250412, -1.9255629777908325, 0.4279293119907379, 0.2384420931339264, -0.4012288451194763, -0.47742706537246704, -0.7741681933403015, 0.16016599535942078, -0.770546019077301, -1.8602190017700195, -0.2547735273838043, -1.871294379234314, 0.48828640580177307, -0.28144845366477966, 0.7247457504272461, -0.8238540887832642, 0.5879629850387573, 1.18783700466156, 0.6700645089149475, -1.0197235345840454, 1.8479254245758057, 1.826643943786621, -0.5821825861930847, -0.9972062110900879, 1.2302803993225098, 0.3794955313205719, -0.6985249519348145, -0.26568281650543213, 1.7805877923965454, -0.11328423023223877, -0.703026294708252, -0.0024718567728996277, -0.5927097201347351, -0.2385004460811615, 0.49633100628852844, -0.9508835673332214, -1.6890203952789307, 1.535534143447876, 0.3639204502105713, -0.9533907771110535, -0.2712920010089874, 0.8083460330963135, -1.7437973022460938, 0.7347146272659302, -0.3990830183029175, -0.706647515296936, -1.095637321472168, -0.34367531538009644, -0.9831682443618774, -1.119735598564148, 1.274703860282898, -1.9117618799209595, -1.7878499031066895, 0.4104645848274231, -1.1742253303527832, 1.89844810962677, -2.1078414916992188, -0.05748365819454193, 2.0737154483795166, -1.2125420570373535, 0.16539767384529114, 1.2503663301467896, -0.25181907415390015, -0.915794849395752, -1.0596325397491455, -1.2432501316070557, -0.5904496312141418, 0.33789193630218506, -1.4522547721862793, -2.4195001125335693, -0.7967070937156677]",yunet,Facenet,1920,1080,/home/amos/media/tv/modern_family/Modern.Family.S09.1080p.DSNP.WEB-DL.DDP5.1.H.264-CRFW/Modern.Family.S09E21.The.Escape.1080p.DSNP.WEB-DL.DDP5.1.H.264-CRFW.mkv,Modern Family,2009,1442437,9,21,Kate Burton,20879.0,0.588
585,342,180,528,414,480,276,390,276,0.902,12864,1,"[-0.660609245300293, 1.4147404432296753, -0.16380062699317932, -0.3835495412349701, 0.5286652445793152, -1.6231082677841187, -1.853192687034607, 0.9586443901062012, -0.3078978657722473, -0.5396929383277893, -1.0746102333068848, 0.5118608474731445, 1.554425597190857, -0.20104467868804932, 0.581554651260376, -0.05737689137458801, 1.0804377794265747, -1.280491828918457, -0.5945990681648254, 0.5255378484725952, 1.2929617166519165, 2.4458725452423096, -0.5525999069213867, 1.902463674545288, -0.962043046951294, 0.06783785670995712, -0.2194741815328598, 0.2593086361885071, 2.416001319885254, -1.154701828956604, -0.7190731763839722, 0.08303873240947723, 0.33553099632263184, -0.8571295142173767, 1.0033836364746094, -1.0257991552352905, 0.2674160301685333, -1.1017805337905884, -0.7433258295059204, -0.51307213306427, -1.2208034992218018, -0.8508723378181458, -1.1873334646224976, -0.4663851857185364, -2.372781276702881, -0.43162092566490173, 0.7243068814277649, -0.8030461072921753, -0.0954531580209732, 0.624108076095581, 0.015401434153318405, 1.4195069074630737, 0.22474181652069092, -0.6005707383155823, 0.004117397591471672, -0.26516497135162354, 1.56130051612854, -1.61687171459198, -1.3705661296844482, -0.863781750202179, -2.5124380588531494, -1.2744176387786865, -0.6459519863128662, 0.45969051122665405, -0.6564418077468872, 0.41224420070648193, 2.693384885787964, -0.05742833763360977, -0.6479478478431702, 0.4396139979362488, 0.8679419755935669, 0.21489885449409485, 0.37048420310020447, 0.13893060386180878, 0.45152047276496887, -0.2078930139541626, 0.7100540399551392, -0.3081134557723999, -1.6056954860687256, -2.1142659187316895, -0.7210556864738464, 0.1548304408788681, -0.30096420645713806, 0.24769669771194458, 2.263291597366333, 1.543867826461792, -1.221107006072998, -1.4159679412841797, -0.44362926483154297, 0.1321699172258377, 1.4850903749465942, 0.2104162722826004, 0.16065149009227753, -1.269192099571228, 0.36006104946136475, 0.7822461724281311, 1.3147733211517334, 1.369714617729187, 0.19274701178073883, -3.1078426837921143, -0.3500772714614868, 0.6484756469726562, 0.9713084101676941, 0.040784530341625214, 0.22313377261161804, 0.30312079191207886, 0.5213417410850525, 0.8243030309677124, 1.5964245796203613, 1.1716532707214355, -2.1252403259277344, 1.0419915914535522, 0.7827256917953491, 0.5498179197311401, 0.197488471865654, -1.6110306978225708, 0.6232442855834961, -0.8364979028701782, 0.5055102705955505, -0.6593239307403564, 0.6725522875785828, -0.8145672082901001, -0.5718981623649597, -1.1306753158569336, 2.0624165534973145, -0.5851784944534302, -0.42415851354599, 0.7475178837776184]",yunet,Facenet,1920,1080,/home/amos/media/tv/modern_family/Modern.Family.S09.1080p.DSNP.WEB-DL.DDP5.1.H.264-CRFW/Modern.Family.S09E21.The.Escape.1080p.DSNP.WEB-DL.DDP5.1.H.264-CRFW.mkv,Modern Family,2009,1442437,9,21,Jim Piddock,120560.0,0.68
586,1320,246,1518,528,1380,354,1356,360,0.921,12888,0,"[0.7741607427597046, 0.29550525546073914, 0.8535152077674866, -1.2084213495254517, 0.3270889222621918, -0.9180259704589844, -0.22256231307983398, 1.282907485961914, 0.04192127287387848, -2.3888862133026123, 1.5393701791763306, -0.6213581562042236, -0.6717828512191772, 0.2864477336406708, -1.566596508026123, 0.5531185269355774, 0.08058194816112518, -0.35492146015167236, 0.8541998267173767, 0.9977434873580933, -1.2897461652755737, 1.3333804607391357, -0.24575084447860718, 0.32509931921958923, -0.017754310742020607, 1.8665059804916382, 2.843529462814331, -1.355308175086975, -1.4590394496917725, -0.5830615162849426, 0.07676248252391815, 1.886762022972107, -0.3407744765281677, 1.645063042640686, -1.240372896194458, 1.0605289936065674, 0.843722403049469, -0.29065728187561035, 0.5530103445053101, 1.4366254806518555, -1.531851887702942, -0.4616900384426117, 0.3224804997444153, 0.9306833744049072, -0.21056120097637177, -0.34557998180389404, -0.3768433928489685, 0.018108967691659927, -0.808465838432312, -0.17353789508342743, 0.7003466486930847, -0.13479328155517578, 0.3316504657268524, 1.5727155208587646, 0.6679933071136475, -0.9375344514846802, 0.9195945858955383, 0.6107507944107056, -2.5135879516601562, 0.07682127505540848, -0.0400717668235302, 0.5670888423919678, -1.1419237852096558, 1.299797534942627, 0.6700869798660278, -0.32944101095199585, -0.32957082986831665, -0.827420175075531, -2.169917583465576, 1.1017260551452637, 0.7859331369400024, 0.2274220883846283, -0.5227383971214294, 1.9124528169631958, 0.4540959298610687, 0.5595709681510925, -1.3271055221557617, 1.2871742248535156, 0.47340208292007446, -0.5880792140960693, -0.2912878692150116, 0.9250012636184692, 0.5847811698913574, 0.4683225154876709, 1.3269251585006714, 0.5680228471755981, 1.02228844165802, -0.6816974878311157, -0.3785204589366913, -1.964309811592102, -1.1121667623519897, -0.08400144428014755, -0.7003932595252991, -2.3034327030181885, 1.5459893941879272, 0.4926837682723999, -1.1613197326660156, -0.5151590704917908, 0.5127551555633545, -2.094369888305664, -0.10768482834100723, -0.9244908690452576, -0.8015905618667603, -0.7656903266906738, 0.28626272082328796, -0.3715471029281616, -0.19655285775661469, 1.2101242542266846, -0.001147296279668808, -2.7410428524017334, 0.10674009472131729, -2.1640007495880127, 1.7320083379745483, -0.15103241801261902, -0.731360137462616, 2.211919069290161, -0.41710004210472107, 0.5248396992683411, 0.628583550453186, 0.4106680750846863, -0.3775961399078369, -0.5679506063461304, -0.5303239822387695, -0.3794354200363159, 1.2607362270355225, -0.7930004000663757, -1.1335771083831787, -0.2364300638437271]",yunet,Facenet,1920,1080,/home/amos/media/tv/modern_family/Modern.Family.S09.1080p.DSNP.WEB-DL.DDP5.1.H.264-CRFW/Modern.Family.S09E21.The.Escape.1080p.DSNP.WEB-DL.DDP5.1.H.264-CRFW.mkv,Modern Family,2009,1442437,9,21,,,
587,330,174,504,396,462,264,378,270,0.909,12888,1,"[-1.4393415451049805, 1.497808575630188, -0.2062472552061081, -0.12449311465024948, 0.2385755181312561, -1.5565375089645386, -2.0655078887939453, 1.071476936340332, -0.46529725193977356, 0.13856472074985504, -0.7929611206054688, 0.2483384907245636, 1.8001353740692139, -0.2039148062467575, 0.5096679329872131, -0.02022012136876583, 0.2790834903717041, -1.1420365571975708, -0.3537808656692505, 0.4919651746749878, 1.41083562374115, 2.372501850128174, -0.6302719712257385, 2.34757661819458, -1.115120768547058, -0.26726579666137695, -0.2931995689868927, 0.46015796065330505, 1.5376330614089966, -1.1364864110946655, -0.8967654705047607, 0.005076751112937927, 0.30218634009361267, -0.4409688413143158, 1.105058193206787, -1.206176519393921, 0.4042068123817444, -1.5077242851257324, -0.13077521324157715, -0.996198296546936, -1.0150455236434937, -0.879614531993866, -1.1324849128723145, -0.356902152299881, -2.300588607788086, -0.7108010649681091, 1.0203007459640503, -0.8476330041885376, -0.04191126301884651, 0.6050902605056763, -0.4445204734802246, 1.8473831415176392, 0.40732139348983765, -0.5100292563438416, -0.454266756772995, 0.035836465656757355, 1.6433380842208862, -2.0373337268829346, -1.1145336627960205, -0.5249627828598022, -1.8500069379806519, -0.8352657556533813, -0.7329784631729126, 0.05139617621898651, -0.42092499136924744, -0.1656925529241562, 2.697272777557373, -0.35395345091819763, -1.331692099571228, 0.6456441879272461, 0.8329002261161804, 0.28910842537879944, 0.7622405290603638, 0.29122304916381836, 0.2161296159029007, -0.4486089050769806, 1.020142674446106, -0.17877186834812164, -1.378050446510315, -1.8657784461975098, -0.1767851710319519, -0.5344753265380859, -0.5542513728141785, 0.8328612446784973, 2.360689640045166, 1.390199899673462, -1.1906160116195679, -1.1829051971435547, -0.4283858835697174, -0.13316360116004944, 1.297386884689331, 0.37683549523353577, -0.31536146998405457, -0.7478769421577454, 0.5925744771957397, 0.5298640131950378, 1.1323683261871338, 1.2197177410125732, -0.1490197330713272, -3.2978663444519043, -0.005807124078273773, 0.3722231388092041, 0.6830247640609741, -0.32113566994667053, 0.5659297108650208, 0.26223063468933105, 0.3599482774734497, 0.46368408203125, 1.3939570188522339, 1.4469730854034424, -1.59364914894104, 0.5728882551193237, 0.6974796056747437, 1.1205191612243652, -0.11930619925260544, -1.7678261995315552, 0.603973388671875, -1.2433396577835083, 0.019290007650852203, 0.45660367608070374, 0.16975069046020508, -1.152793049812317, -0.9494386911392212, -0.4155087172985077, 2.105107307434082, -0.5490428805351257, 0.5297936201095581, 0.7081573009490967]",yunet,Facenet,1920,1080,/home/amos/media/tv/modern_family/Modern.Family.S09.1080p.DSNP.WEB-DL.DDP5.1.H.264-CRFW/Modern.Family.S09E21.The.Escape.1080p.DSNP.WEB-DL.DDP5.1.H.264-CRFW.mkv,Modern Family,2009,1442437,9,21,Jim Piddock,120560.0,0.668
588,1236,288,1422,540,1386,378,1296,378,0.912,12912,0,"[0.3458464741706848, -0.26726746559143066, 0.6544261574745178, 2.739417314529419, 1.182533621788025, 0.39197856187820435, 1.1359949111938477, -1.3801425695419312, -0.3485948443412781, 3.07978892326355, -2.054969549179077, 1.3634358644485474, 0.11231248080730438, 0.8394662141799927, 0.03720769286155701, -1.4110567569732666, 0.23954401910305023, -0.9643244743347168, -1.9945738315582275, 0.05997752025723457, -0.7311044931411743, -0.8398661017417908, 0.9982956051826477, 0.5695503950119019, -0.023410890251398087, 0.741346001625061, 1.2677615880966187, -1.7861120700836182, 1.9345343112945557, 1.0337241888046265, -0.0032634809613227844, -1.4495817422866821, -1.8350006341934204, -2.054741859436035, 1.1211262941360474, -0.6906707286834717, -2.0865085124969482, 0.685001790523529, -1.79317045211792, -0.6285854578018188, -0.09584497660398483, 0.18695400655269623, 0.32957059144973755, 3.30930495262146, 0.8158700466156006, -0.2055908888578415, 1.0240534543991089, 1.1563560962677002, -0.4836798906326294, -0.07259892672300339, 0.2815154194831848, 1.019669771194458, 0.5808285474777222, -0.8038655519485474, -0.9098823070526123, 0.17160625755786896, 1.683558702468872, 0.0973038375377655, 0.28058508038520813, 0.7126750349998474, -0.9469243884086609, 0.31827855110168457, -0.3203043043613434, -0.22817346453666687, -0.16717079281806946, 0.8257664442062378, -1.2360577583312988, 0.6274996399879456, 0.7699719667434692, 1.0678857564926147, -0.8084925413131714, 0.40551623702049255, -0.2964404225349426, 0.10967546701431274, 0.6750524044036865, -1.4371387958526611, 0.4702353775501251, -1.0676233768463135, -1.3062626123428345, -0.9244405627250671, -0.1681607961654663, -0.8583619594573975, 0.6826276779174805, 0.6588140726089478, -0.990174412727356, -0.4287702441215515, 0.8720071911811829, -1.838850736618042, 0.42769375443458557, -1.6130813360214233, -1.3155169486999512, 0.28989171981811523, 0.7382293343544006, -0.7436293363571167, 1.177137017250061, 1.0966311693191528, 2.0496230125427246, -0.5688550472259521, -0.06380166113376617, -0.7082443833351135, -0.8492938280105591, 0.8060559630393982, -1.5073350667953491, 0.9075234532356262, 1.146807074546814, -0.6953586339950562, 0.22646629810333252, -0.9592410326004028, 2.5326225757598877, -0.3643288314342499, -0.07726391404867172, 1.476531744003296, 0.4286453425884247, 0.7305442094802856, -0.7098194360733032, 0.7958799600601196, -1.5922757387161255, 1.4904409646987915, -0.006556600332260132, -0.963906466960907, 2.17401385307312, -1.7737085819244385, -0.6536356210708618, -0.7309727668762207, -0.357211172580719, -0.17877653241157532, 0.7697138786315918, -0.225245863199234]",yunet,Facenet,1920,1080,/home/amos/media/tv/modern_family/Modern.Family.S09.1080p.DSNP.WEB-DL.DDP5.1.H.264-CRFW/Modern.Family.S09E21.The.Escape.1080p.DSNP.WEB-DL.DDP5.1.H.264-CRFW.mkv,Modern Family,2009,1442437,9,21,Sarah Hyland,91351.0,0.608
589,330,156,576,486,540,288,474,288,0.905,12912,1,"[0.23983757197856903, -1.2592099905014038, -1.8093130588531494, -1.3315500020980835, 1.120065450668335, 0.21888194978237152, -0.06188216432929039, 0.46276357769966125, 1.346233606338501, -0.29971662163734436, -0.004291459918022156, -0.32966148853302, -0.294498085975647, 0.22456815838813782, 1.2944914102554321, -0.35494154691696167, -1.032124638557434, -1.0507283210754395, 0.7361984252929688, -0.09902048110961914, -0.27502667903900146, -1.0293099880218506, 1.1628457307815552, 0.11600501835346222, 0.07131179422140121, 0.12346789240837097, 1.1994644403457642, -1.976392149925232, -0.3463730216026306, 0.007984776049852371, -0.3240429759025574, 0.44716185331344604, -0.02032143622636795, 0.9329895973205566, -0.6542077660560608, 1.1488045454025269, 0.3086659908294678, -0.18006974458694458, 1.3925981521606445, -1.1109997034072876, 1.1342487335205078, 1.8042794466018677, -1.4732943773269653, -1.3479784727096558, 0.10380508750677109, -1.7312123775482178, -0.40448957681655884, 1.006850242614746, -0.23592452704906464, 0.4724739193916321, 0.15837207436561584, -0.5074673295021057, -1.646101474761963, 0.45454782247543335, -0.17403149604797363, -1.853583812713623, 1.001980185508728, 1.8738899230957031, -0.790103018283844, -0.816843569278717, 0.7530220746994019, -2.184507131576538, 0.02045922353863716, 0.5029250979423523, 0.4011339247226715, -0.19483806192874908, -0.44305336475372314, 0.08717735856771469, -0.25810152292251587, -1.1950443983078003, -0.46657595038414, 0.9007731676101685, -1.7806291580200195, 2.2169320583343506, -0.443521648645401, -0.7759484052658081, -0.46257930994033813, 0.5705605745315552, -0.5687733888626099, -0.5031813979148865, -3.671914577484131, 1.3690484762191772, 0.9976140260696411, -0.05173388496041298, -1.3332092761993408, -0.3731542229652405, 2.512615442276001, -0.45893239974975586, -1.2936713695526123, -0.5382909774780273, -0.7222612500190735, 0.06492092460393906, 0.08980920910835266, 1.110876202583313, -0.2098838984966278, 0.25810328125953674, -1.9586726427078247, 0.08638641238212585, -1.1082782745361328, 0.47138476371765137, -1.265184760093689, -0.42634525895118713, -0.6887636184692383, -0.30595675110816956, 0.1838582456111908, -0.09787024557590485, -0.917457103729248, -0.26093101501464844, 0.3673273026943207, 0.005436280742287636, 0.15870951116085052, -1.7328007221221924, 1.097116470336914, -0.8060007691383362, 0.4474182724952698, 2.337221145629883, 0.627713680267334, -1.0231695175170898, -0.5027046799659729, 0.7573561668395996, -1.6121667623519897, 1.6067728996276855, 0.18360567092895508, -0.28715071082115173, -0.989640474319458, -0.11880170553922653, -1.4947259426116943, -1.3363667726516724]",yunet,Facenet,1920,1080,/home/amos/media/tv/modern_family/Modern.Family.S09.1080p.DSNP.WEB-DL.DDP5.1.H.264-CRFW/Modern.Family.S09E21.The.Escape.1080p.DSNP.WEB-DL.DDP5.1.H.264-CRFW.mkv,Modern Family,2009,1442437,9,21,Chris Geere,62879.0,0.727
590,294,192,528,498,498,312,432,312,0.918,12936,0,"[0.638494610786438, -1.3848499059677124, -1.4122459888458252, -0.6736959218978882, 1.3169941902160645, 1.3217103481292725, 0.4212414026260376, 0.887622594833374, 1.8933007717132568, -0.683631181716919, 0.10966110974550247, -0.690258264541626, -1.423038363456726, -0.14610451459884644, -0.0043794140219688416, -0.7153157591819763, -0.9979792833328247, -0.5260164737701416, -0.021150358021259308, 0.5595690011978149, 0.9927029609680176, -0.5159186124801636, 0.2199784219264984, -0.37720823287963867, 0.610724925994873, -0.6912325024604797, 1.5223183631896973, -2.6222329139709473, -0.05392900109291077, -0.3429984748363495, -0.7975889444351196, 0.44269952178001404, -0.4352743923664093, 0.3707062304019928, -0.4125731885433197, 1.0993638038635254, -1.1340515613555908, -0.41948339343070984, 0.616373598575592, -1.1412160396575928, 0.8547415733337402, 0.8214700222015381, -1.9150747060775757, -0.9935266375541687, 0.7253409028053284, -2.1900556087493896, 0.08972188830375671, 1.504557728767395, 0.0039977580308914185, -0.49371984601020813, -0.8054386377334595, 0.3242838680744171, -0.9762183427810669, -0.048067960888147354, 0.1525428742170334, -1.114885926246643, 1.4571231603622437, 1.2492756843566895, -1.2912063598632812, 0.4185381233692169, 0.6154136061668396, -1.2796998023986816, 0.01732667163014412, 0.6367131471633911, 1.4130642414093018, 0.9308293461799622, 0.5425028800964355, 1.1367005109786987, -0.5013110041618347, -0.6111888885498047, -0.09234223514795303, 0.9892466068267822, -2.9279189109802246, 2.162522077560425, 0.4439201056957245, -1.293887734413147, -0.429146945476532, 0.5268398523330688, -1.0791653394699097, 0.9241405725479126, -3.3339052200317383, 0.5075474381446838, 1.8023990392684937, -0.32019248604774475, 0.07192429900169373, 0.3057626187801361, 1.4998992681503296, -1.3757871389389038, -0.4136422872543335, -1.750386357307434, -0.47434476017951965, 0.5582100749015808, 0.03519764915108681, 1.210564374923706, -0.32164880633354187, 0.13594107329845428, -2.3974757194519043, -0.35577553510665894, -0.4092334806919098, 1.1314058303833008, -1.0709805488586426, -0.3799305856227875, -1.1166973114013672, 0.20510822534561157, 0.1508486270904541, -0.2502380907535553, -0.672645628452301, -0.6781513690948486, 0.3901035785675049, 0.12853054702281952, -0.15498419106006622, -1.4266260862350464, 1.1231855154037476, -1.0104453563690186, -0.4749995470046997, 2.058619260787964, 0.09178031980991364, 0.9767642617225647, -0.6198592782020569, 0.8567066192626953, -0.2953883409500122, 2.4969072341918945, 0.12862074375152588, -0.6318036317825317, -0.9607417583465576, 0.36811017990112305, -1.9853949546813965, -1.036494493484497]",yunet,Facenet,1920,1080,/home/amos/media/tv/modern_family/Modern.Family.S09.1080p.DSNP.WEB-DL.DDP5.1.H.264-CRFW/Modern.Family.S09E21.The.Escape.1080p.DSNP.WEB-DL.DDP5.1.H.264-CRFW.mkv,Modern Family,2009,1442437,9,21,Chris Geere,62879.0,0.628
591,1146,246,1344,492,1296,336,1206,336,0.911,12936,1,"[-1.0206208229064941, -0.7077809572219849, -0.041387222707271576, 2.1272456645965576, 1.0379844903945923, -0.06100527197122574, -0.5357548594474792, -2.1835012435913086, -0.07014129310846329, 2.3577423095703125, -1.758033037185669, 1.687562108039856, -0.11412984132766724, -1.5227562189102173, -1.1843291521072388, -0.1436072587966919, -0.21694105863571167, -0.12142559140920639, -0.47618532180786133, 0.3416041433811188, 0.3441246449947357, -0.5974040627479553, 2.072159767150879, -0.7219814658164978, 0.25434792041778564, 0.1409914791584015, 0.4487396478652954, -0.055687978863716125, 0.8438414931297302, 0.9236578941345215, -0.28495481610298157, -1.9296948909759521, -2.3474202156066895, -0.22544148564338684, 0.6877033710479736, -0.6796813011169434, -0.8284599781036377, 1.246217966079712, 0.23274284601211548, -0.30709192156791687, 0.12058551609516144, -0.407246470451355, -1.2596091032028198, 2.1909830570220947, 1.3891494274139404, -0.018513284623622894, 0.0040523819625377655, 1.8289283514022827, 0.09014956653118134, 0.7490969896316528, -1.3393094539642334, 2.1569414138793945, 1.159865140914917, 0.08379784226417542, 0.22226186096668243, -0.36716946959495544, 0.06216417998075485, -0.12538813054561615, 0.8014513254165649, 0.21471261978149414, 0.5931082963943481, -1.704643964767456, -0.8312513828277588, -2.398031711578369, -1.2892485857009888, 1.9529811143875122, -0.33965107798576355, -0.41423147916793823, -1.099733829498291, -0.8686879873275757, -0.9325419068336487, 0.16948509216308594, -0.2892531752586365, 1.289184331893921, 0.09205833077430725, -0.2881883382797241, 0.07967768609523773, 0.6694966554641724, 0.34339475631713867, -0.8183614015579224, -1.4350643157958984, -0.34841957688331604, 0.6530075073242188, 1.5812873840332031, -0.77752286195755, 0.28421592712402344, -0.3398823142051697, -1.0502257347106934, 0.3922392725944519, 0.3030676543712616, -1.3814725875854492, -0.04914843291044235, 0.7672083973884583, 0.9933821558952332, 1.515429973602295, 0.06953056901693344, 0.6279060244560242, 0.044466532766819, -0.3736453056335449, -1.1289489269256592, 1.3615717887878418, -0.19351813197135925, -1.4293937683105469, 0.46414169669151306, -0.3237226903438568, 1.2074577808380127, -0.10432063043117523, 0.647502064704895, 0.2580626904964447, -1.072228193283081, 1.179376482963562, 1.3848695755004883, 1.0555061101913452, -0.4496179521083832, 0.6987394094467163, 1.6453949213027954, -1.4826602935791016, -0.49331700801849365, -1.7118054628372192, -0.37076231837272644, 1.8077088594436646, -1.5342901945114136, -1.7652448415756226, -1.428250789642334, -1.3359845876693726, 0.6803072094917297, 1.6793723106384277, -1.638107180595398]",yunet,Facenet,1920,1080,/home/amos/media/tv/modern_family/Modern.Family.S09.1080p.DSNP.WEB-DL.DDP5.1.H.264-CRFW/Modern.Family.S09E21.The.Escape.1080p.DSNP.WEB-DL.DDP5.1.H.264-CRFW.mkv,Modern Family,2009,1442437,9,21,Sarah Hyland,91351.0,0.689
592,1176,336,1356,564,1314,414,1218,420,0.919,12960,0,"[-0.5803077220916748, -1.921218752861023, 0.31604018807411194, 1.9685986042022705, 1.7154364585876465, 0.9430735111236572, 0.6557990312576294, -0.548493504524231, 1.148524522781372, 2.1418933868408203, -1.6712615489959717, 0.8125245571136475, 0.2419082671403885, -0.4227273166179657, -1.0239830017089844, 0.0842992290854454, -0.11520455777645111, 0.09226499497890472, -0.029290229082107544, -0.3060007691383362, 0.17950382828712463, -0.429770290851593, 1.0266860723495483, -0.678131639957428, 0.561276376247406, -0.3079080581665039, 1.3494415283203125, -1.0703611373901367, 1.39451003074646, 1.156415343284607, -0.47741779685020447, -1.8088841438293457, -1.2355402708053589, -1.241180419921875, 0.5321564078330994, -1.4659465551376343, -1.5313081741333008, 1.8647509813308716, -1.4278411865234375, -2.052746295928955, 0.4454496502876282, -0.49092766642570496, -0.3563533127307892, 1.9945156574249268, 1.2927287817001343, -0.8189979791641235, 0.009416081011295319, 0.7982933521270752, 0.08372394740581512, 1.572090983390808, -2.6787703037261963, 2.3039913177490234, 0.7802926301956177, -0.6232396364212036, -0.1345258504152298, -0.1417170763015747, 0.5442270040512085, -0.040413953363895416, 1.7834771871566772, -0.018330469727516174, 0.06805258244276047, 0.833833634853363, 0.3440096378326416, 0.23981156945228577, -1.5819672346115112, 2.5444130897521973, -1.0151281356811523, -0.4596613049507141, -1.0212242603302002, 0.5187133550643921, -0.39399752020835876, -1.751704216003418, 0.13432659208774567, 0.4385693073272705, 0.3388111889362335, -1.2621766328811646, -0.5767146348953247, -0.303682804107666, -0.22131723165512085, -0.12473965436220169, -0.6977408528327942, -1.0802373886108398, 0.17562225461006165, 1.0006725788116455, 0.9056431651115417, -0.46001070737838745, 0.41838759183883667, -0.9188112020492554, 0.06778639554977417, -0.7673429846763611, -1.4164212942123413, 0.3819737434387207, 0.07325074076652527, 0.06429970264434814, 0.6463361382484436, 0.1304284930229187, -0.26715514063835144, -0.5876148343086243, -1.4782941341400146, -0.7551205158233643, -0.13250315189361572, 0.6905966401100159, -0.37938210368156433, 0.4660382568836212, 1.2186439037322998, 1.619881272315979, 0.4512401521205902, -0.21038278937339783, 0.6129118204116821, 0.31521350145339966, 1.5356674194335938, 0.7733964323997498, 0.20238691568374634, 1.251683235168457, -1.1629208326339722, 0.15292717516422272, -1.3739756345748901, -0.2783648371696472, -2.1328718662261963, -1.104689598083496, 2.662750244140625, -0.44816866517066956, -1.169354796409607, -0.26562589406967163, -0.75296950340271, 0.03483141213655472, 2.0043535232543945, -0.9852214455604553]",yunet,Facenet,1920,1080,/home/amos/media/tv/modern_family/Modern.Family.S09.1080p.DSNP.WEB-DL.DDP5.1.H.264-CRFW/Modern.Family.S09E21.The.Escape.1080p.DSNP.WEB-DL.DDP5.1.H.264-CRFW.mkv,Modern Family,2009,1442437,9,21,Sarah Hyland,91351.0,0.669
593,336,180,552,504,510,312,486,312,0.907,12960,1,"[0.21174269914627075, -1.5795320272445679, -1.7426973581314087, -1.0948621034622192, 0.4532931447029114, 1.1079939603805542, 0.2596605718135834, 1.6822385787963867, 0.9969682097434998, 0.14268964529037476, 0.8216884136199951, -1.5454081296920776, -1.3142012357711792, 0.08721932768821716, -0.14668048918247223, 0.03190367668867111, -1.287995457649231, -1.4294764995574951, 0.043025992810726166, -0.8147916793823242, 0.7570313215255737, -0.65394526720047, -0.1896260678768158, -0.9432408809661865, 0.5012921094894409, -0.5677112936973572, 1.4045296907424927, -1.9715625047683716, -0.6211609840393066, 0.09344731271266937, -1.2937999963760376, 0.9944759607315063, -0.23488768935203552, -0.11738424003124237, -0.1695692539215088, 1.1814301013946533, -1.018308401107788, 0.6183767318725586, 1.0234875679016113, -0.7018507719039917, 0.7596257925033569, 0.5594887733459473, -1.6500487327575684, -1.454091191291809, 0.5776476263999939, -1.9278521537780762, 0.45994696021080017, 1.6992812156677246, 0.8696731328964233, -0.8626724481582642, -0.7879929542541504, 1.501108169555664, -1.4378581047058105, 0.2952706217765808, 0.23577822744846344, -1.6441620588302612, 0.22415384650230408, 1.4961453676223755, -0.4963375926017761, 0.6390750408172607, 0.5295354127883911, -1.4004342555999756, 0.23954513669013977, 0.14510880410671234, 2.151686906814575, 0.017213769257068634, -0.4648360013961792, 1.7030175924301147, -0.7695420384407043, -0.6309012174606323, -0.5949477553367615, 0.28807955980300903, -2.4628121852874756, 0.9434570670127869, 0.9594202637672424, -0.9590016007423401, -0.7680270671844482, 1.318273901939392, -0.6219586133956909, 0.93220055103302, -2.191439151763916, 0.3050764203071594, 1.1726683378219604, -0.6395467519760132, -1.4596235752105713, 0.9464156627655029, -0.13287784159183502, -0.7814901471138, -1.012643575668335, -1.793750286102295, 1.0355644226074219, 0.5910964012145996, 1.0462706089019775, 0.5324808359146118, 0.017588738352060318, 1.5790961980819702, -2.3003203868865967, 0.16280916333198547, -0.415493905544281, 1.750343680381775, -1.4244897365570068, -0.7548404932022095, -0.9797823429107666, 0.21030360460281372, -0.37176835536956787, -0.6669235825538635, -0.45064449310302734, 0.22663022577762604, 0.040708668529987335, 0.6844247579574585, -0.31781893968582153, -2.5323243141174316, 0.8857117891311646, -0.9712697267532349, -0.3038973808288574, 0.815192699432373, 0.3205632269382477, 0.5813034772872925, -0.47551944851875305, 0.9738284349441528, -1.012178659439087, 1.6844927072525024, -0.24161042273044586, -0.06961440294981003, -0.9224951267242432, 0.6658128499984741, -1.632662296295166, -0.664459228515625]",yunet,Facenet,1920,1080,/home/amos/media/tv/modern_family/Modern.Family.S09.1080p.DSNP.WEB-DL.DDP5.1.H.264-CRFW/Modern.Family.S09E21.The.Escape.1080p.DSNP.WEB-DL.DDP5.1.H.264-CRFW.mkv,Modern Family,2009,1442437,9,21,Chris Geere,62879.0,0.651
594,1320,288,1500,552,1374,390,1350,390,0.93,12984,0,"[1.1766180992126465, 0.25657984614372253, 1.3842650651931763, -0.5304262638092041, 0.5268930792808533, -0.16455896198749542, -0.3403422236442566, 1.7141404151916504, 0.29665297269821167, -1.2845641374588013, 0.1597287356853485, -0.05389322340488434, -0.28537917137145996, 0.9391372203826904, -1.0153721570968628, 0.2807035446166992, -0.1290709674358368, -0.8266781568527222, 1.676417350769043, 1.1927831172943115, -1.9974639415740967, 1.4416093826293945, 0.06685629487037659, 0.9727362394332886, -0.37859606742858887, 1.9484996795654297, 2.5362424850463867, -1.1714003086090088, -0.5523993372917175, 0.8711345195770264, -0.1053929477930069, 0.733329176902771, -1.8355463743209839, 1.3214999437332153, -1.524780035018921, 0.8254442811012268, 1.1243832111358643, -0.758285403251648, -0.37023699283599854, 1.878961205482483, -0.1960912048816681, 0.4782075881958008, 1.1511895656585693, 1.7295023202896118, 0.023933695629239082, 0.0408623106777668, -0.5351412296295166, -1.8687546253204346, 0.7615406513214111, 0.6051626205444336, 1.270134449005127, -1.0436922311782837, 1.5026880502700806, -0.10196924954652786, -0.38497409224510193, -3.0483460426330566, 0.1375153362751007, -0.324580579996109, -1.3251625299453735, 0.35275745391845703, -0.4666011929512024, 0.45814716815948486, 0.7025036215782166, -0.3651982247829437, -1.5929909944534302, -0.4499095678329468, -0.5284714698791504, 0.38848185539245605, -1.0688846111297607, 1.1459835767745972, 0.30193623900413513, 1.0616110563278198, -0.3231845200061798, 0.4696197509765625, 0.5762548446655273, 1.4496561288833618, -1.1151375770568848, 2.3235459327697754, 0.5542054772377014, -0.08544129878282547, -1.3130234479904175, 1.4002760648727417, 0.11865533143281937, -1.2232104539871216, -0.0987371876835823, 0.4438718855381012, -0.13660959899425507, 0.5626254677772522, -0.0020989663898944855, -1.1316773891448975, 0.12868686020374298, 0.03555198758840561, -1.1433298587799072, -0.44338488578796387, 1.2698496580123901, -0.6418727040290833, -0.9943615198135376, -0.1710532307624817, 1.6215007305145264, -0.512732982635498, 1.5875872373580933, 0.011463366448879242, 0.13704529404640198, -1.4240115880966187, -0.7347992658615112, -0.2690398097038269, -1.2246501445770264, 1.7327815294265747, -2.3643929958343506, -2.026390552520752, 1.018039345741272, -1.2973287105560303, 1.1978756189346313, -0.6756559610366821, 0.10107821971178055, 1.8842304944992065, -0.31432291865348816, -0.8575549125671387, 0.3644773066043854, 0.16978709399700165, -0.08541254699230194, -1.3229678869247437, -0.9927231073379517, -1.7028921842575073, 0.38468658924102783, -1.8350285291671753, -0.9258784055709839, -0.503201961517334]",yunet,Facenet,1920,1080,/home/amos/media/tv/modern_family/Modern.Family.S09.1080p.DSNP.WEB-DL.DDP5.1.H.264-CRFW/Modern.Family.S09E21.The.Escape.1080p.DSNP.WEB-DL.DDP5.1.H.264-CRFW.mkv,Modern Family,2009,1442437,9,21,Kate Burton,20879.0,0.555
595,504,210,666,414,600,288,540,288,0.911,12984,1,"[0.27065348625183105, 1.7232580184936523, -0.9853206276893616, -0.3535090386867523, 0.06990449875593185, 0.08645014464855194, -2.0962374210357666, 1.2408990859985352, -0.263882040977478, -0.25806576013565063, -1.2725313901901245, 0.20699580013751984, 0.5108897686004639, 0.2575536072254181, 0.5583630800247192, -0.618942141532898, 1.2545071840286255, -1.41243577003479, 0.024487849324941635, 0.3550153374671936, 1.3842573165893555, 1.595860481262207, -0.41647639870643616, 1.6986080408096313, 0.27099093794822693, 0.32807254791259766, -0.9569271802902222, 0.09680230915546417, 1.928542971611023, -0.7121109962463379, -0.26756948232650757, 0.5772806406021118, 0.20872904360294342, -0.39200979471206665, 0.8990756273269653, -1.0695053339004517, 0.8907545804977417, -0.5015560984611511, -0.6620329022407532, -0.09651437401771545, -0.6582330465316772, -1.0508540868759155, -1.626671552658081, -0.21426503360271454, -2.3563461303710938, -0.03603623807430267, 1.9445830583572388, -0.5257982015609741, -0.46272706985473633, -0.09506390988826752, -0.2102423459291458, 1.7439738512039185, 0.03636392578482628, -0.34356194734573364, 0.5101004242897034, 0.038205720484256744, 0.8918079733848572, -1.984705924987793, -0.8932901620864868, 0.03607555478811264, -1.5899194478988647, -1.4097446203231812, 0.3847121000289917, -1.247517466545105, -0.44535571336746216, -0.08676108717918396, 1.8602194786071777, 1.318629503250122, -0.26855331659317017, 0.1834535002708435, 1.2355514764785767, 0.25892364978790283, -0.4346556067466736, 0.4037901759147644, -0.1789441555738449, 0.49343642592430115, 0.9662189483642578, -0.7153666019439697, -1.0865919589996338, -1.4181448221206665, -0.02960534207522869, -0.8450289964675903, -0.01480497419834137, 0.9152893424034119, 2.0349998474121094, 1.5911781787872314, -1.282197117805481, -1.658577561378479, 0.954604983329773, -0.1236410140991211, 1.0641130208969116, -1.171905517578125, 0.4321301579475403, -1.3773196935653687, -0.04643065482378006, 1.5236310958862305, 1.6060165166854858, 1.5597723722457886, -0.0731719583272934, -1.972000002861023, -0.10890261828899384, 0.6014421582221985, 0.20105567574501038, -0.3238901197910309, -0.9275299906730652, -0.02825058437883854, -0.36618396639823914, 0.3792015314102173, 1.8708226680755615, 1.7439621686935425, -3.3576810359954834, 1.0830881595611572, 0.8054789304733276, -1.3385746479034424, 0.19067084789276123, -2.568575143814087, -0.9005366563796997, -1.165622353553772, 1.227063536643982, -1.2459803819656372, 0.7128503918647766, -0.1937536895275116, -0.5303583145141602, -0.20707982778549194, 2.202737331390381, 0.14012357592582703, -0.031203309074044228, 1.084694266319275]",yunet,Facenet,1920,1080,/home/amos/media/tv/modern_family/Modern.Family.S09.1080p.DSNP.WEB-DL.DDP5.1.H.264-CRFW/Modern.Family.S09E21.The.Escape.1080p.DSNP.WEB-DL.DDP5.1.H.264-CRFW.mkv,Modern Family,2009,1442437,9,21,Jim Piddock,120560.0,0.755
596,198,168,456,534,420,300,384,300,0.914,13008,0,"[0.7701685428619385, -1.357513189315796, -1.6367768049240112, -1.5391110181808472, 1.2488497495651245, 0.6857741475105286, 0.43702027201652527, 1.0043652057647705, 1.126552939414978, 0.24877089262008667, -0.08430122584104538, -0.9879943132400513, -0.9439657330513, 0.34903684258461, -0.005071453750133514, 0.7018496990203857, -0.9579825401306152, -2.1724302768707275, 0.5233675837516785, -1.2059293985366821, 0.3651362359523773, -0.5053738951683044, 0.6743611693382263, -0.459685355424881, 0.0545656681060791, 0.5498433113098145, 1.3904294967651367, -1.9898127317428589, -0.665194034576416, -0.24732959270477295, -2.1600146293640137, 1.4488657712936401, -1.317903995513916, 1.441091775894165, 0.47609275579452515, 0.9722018837928772, -0.7644525766372681, 1.0433971881866455, 1.7855923175811768, -1.70493745803833, 0.6363663673400879, 0.6360195279121399, -1.9219614267349243, -1.5393562316894531, -0.4417979121208191, -1.8434447050094604, -0.7642995715141296, 1.5408909320831299, 0.019012078642845154, -0.030663058161735535, 0.28139036893844604, 0.9457253813743591, -1.1227596998214722, 0.051381684839725494, 0.5828457474708557, -1.9084579944610596, 0.7612029910087585, 0.554248571395874, -1.1863579750061035, 0.03319963812828064, -0.6488900184631348, -1.3060487508773804, -0.7701027989387512, 0.9611160755157471, 1.305678367614746, -0.47436612844467163, -0.5872761011123657, 0.05575762316584587, -0.32169440388679504, -0.21159584820270538, 0.4625800848007202, 0.17172729969024658, -2.405965566635132, 1.642648696899414, 1.409830927848816, -0.7907207608222961, -1.3342581987380981, 1.1535680294036865, -0.196492537856102, -1.0705592632293701, -1.8407648801803589, 0.9036098718643188, 0.7975327372550964, -1.1692118644714355, -1.3713089227676392, 0.2349013090133667, 1.4073362350463867, -0.8585845232009888, -1.5307414531707764, -1.4402108192443848, -0.07209462672472, 0.3475838601589203, 0.6437656283378601, -0.04581329971551895, 1.5808597803115845, 1.4264731407165527, -1.1122961044311523, 0.39640286564826965, -0.8682560324668884, 1.0445512533187866, -1.274645447731018, -1.1565648317337036, -2.6531758308410645, 0.17310366034507751, -0.14151030778884888, -0.24284511804580688, 0.3673262596130371, -0.7442456483840942, -0.0597296804189682, -0.06066150963306427, -0.008489744737744331, -1.7697398662567139, 0.9038503170013428, -1.0730116367340088, -0.09753135591745377, 1.2060878276824951, 0.24691927433013916, 0.401996374130249, -0.896775484085083, 0.4338129460811615, -0.762535810470581, 0.7579867839813232, 0.5274799466133118, -0.23650819063186646, -0.7800120115280151, 0.6291639804840088, -1.0601035356521606, -0.8043543100357056]",yunet,Facenet,1920,1080,/home/amos/media/tv/modern_family/Modern.Family.S09.1080p.DSNP.WEB-DL.DDP5.1.H.264-CRFW/Modern.Family.S09E21.The.Escape.1080p.DSNP.WEB-DL.DDP5.1.H.264-CRFW.mkv,Modern Family,2009,1442437,9,21,Chris Geere,62879.0,0.723
597,1158,276,1368,552,1332,378,1230,384,0.913,13008,1,"[-1.0482066869735718, -2.1549551486968994, 1.0953800678253174, 2.349065065383911, 1.5216187238693237, -0.15026237070560455, 0.7784544825553894, -0.8081233501434326, 0.06304948776960373, 3.0370802879333496, -2.0482442378997803, 1.4069808721542358, -0.08958645164966583, -0.5757732391357422, -1.399579405784607, 0.05672620236873627, -0.7708132266998291, -0.9094714522361755, -1.0634149312973022, -0.3904488980770111, 0.3688924312591553, -0.6802124977111816, 1.2528477907180786, 0.534024715423584, 0.442887544631958, 0.10602235794067383, 1.8033534288406372, -1.1076545715332031, 1.8982609510421753, 1.1100826263427734, -0.05126204341650009, -1.4386076927185059, -0.9053491353988647, -1.951906442642212, 0.3568340241909027, -0.8186168074607849, -1.7535407543182373, 1.411819577217102, -1.3549110889434814, -1.3401334285736084, 0.407666951417923, -0.16281867027282715, -0.7291947603225708, 1.9137184619903564, 0.4791838228702545, 0.40309834480285645, -0.051950499415397644, 1.0770902633666992, -1.118125557899475, 0.8324257135391235, -1.1096478700637817, 2.041092872619629, 1.9224621057510376, -0.3223230242729187, 0.1493218094110489, -0.08565165102481842, 0.07769696414470673, -0.636199951171875, 0.840297520160675, 0.9639745950698853, -0.15239223837852478, -0.4361231327056885, -0.6553894281387329, -1.242742657661438, -0.7277647852897644, 1.5127863883972168, -0.4281175136566162, 0.683135449886322, -0.4499830901622772, 1.326094150543213, -0.5384006500244141, 0.12894010543823242, -0.7235099077224731, 0.8681027293205261, 0.326064795255661, -1.276273250579834, -0.2364494353532791, 0.39877820014953613, -0.06538291275501251, -0.2824503779411316, -0.8111287951469421, -0.86424720287323, 0.7198452353477478, 0.2967495620250702, -0.40310028195381165, 0.17598992586135864, 0.35980331897735596, -1.3039246797561646, 0.3587246537208557, -0.6059529185295105, -1.1037355661392212, 0.34372198581695557, 0.684573233127594, 0.7161692380905151, 1.523364543914795, 0.18785345554351807, 1.0148910284042358, 0.27485424280166626, 0.23596340417861938, -0.6699538826942444, 0.14136990904808044, 0.23178473114967346, -0.8257231712341309, 0.5619520545005798, 0.49815964698791504, 0.34214168787002563, -0.016368582844734192, -0.05663760006427765, 0.7404865026473999, 0.16348116099834442, 0.579555094242096, 1.0682672262191772, 1.1462860107421875, -0.1922989785671234, -0.6739194989204407, 0.7735068798065186, -1.2532557249069214, 0.5426124334335327, -1.7728044986724854, -1.4157021045684814, 2.7064080238342285, -1.7227870225906372, -1.6140064001083374, -0.6492802500724792, -0.45861250162124634, 0.6687475442886353, 1.110446810722351, -0.26729705929756165]",yunet,Facenet,1920,1080,/home/amos/media/tv/modern_family/Modern.Family.S09.1080p.DSNP.WEB-DL.DDP5.1.H.264-CRFW/Modern.Family.S09E21.The.Escape.1080p.DSNP.WEB-DL.DDP5.1.H.264-CRFW.mkv,Modern Family,2009,1442437,9,21,Sarah Hyland,91351.0,0.732
598,1254,300,1464,570,1428,396,1326,396,0.925,13032,0,"[-0.7000771760940552, -1.6220422983169556, 0.7356098294258118, 2.180758237838745, 1.1442601680755615, -0.09002169966697693, 0.5562388300895691, -0.6377266645431519, 0.28052088618278503, 3.9478249549865723, -1.9173636436462402, 1.8343429565429688, -0.6606683731079102, -0.513326108455658, -1.5737810134887695, 0.21681655943393707, -0.6840225458145142, -0.5079706907272339, -1.0080198049545288, -0.31947097182273865, 0.5708140134811401, -0.589703381061554, 0.8807560801506042, 0.25175997614860535, -0.13463148474693298, 0.4508252441883087, 1.8614270687103271, -1.402735948562622, 2.1109235286712646, 1.6174633502960205, 0.3192983865737915, -1.4276450872421265, -0.6783819794654846, -2.4928221702575684, 0.7460243701934814, -1.383426547050476, -2.521564245223999, 1.4140232801437378, -1.2941434383392334, -1.2703979015350342, -0.13141651451587677, -0.4143052399158478, -0.36893126368522644, 1.939253330230713, 0.7682018280029297, 0.395784854888916, 0.3203713297843933, 0.8636682033538818, -1.2108665704727173, 0.7439069747924805, -0.9569823145866394, 1.7949336767196655, 1.74855375289917, -0.14541080594062805, 0.4672541618347168, -0.894338846206665, -0.007232442498207092, -0.3440273702144623, 0.40657874941825867, 0.5728042125701904, 0.011993549764156342, -0.030787404626607895, -0.4398963451385498, -1.3617911338806152, -0.28408774733543396, 1.6318244934082031, -0.893568217754364, 1.055053949356079, -0.19371718168258667, 1.3154034614562988, -0.679967999458313, -0.1251463145017624, -0.14252249896526337, 0.7499595880508423, 0.4327648878097534, -1.2940528392791748, 0.17601299285888672, 0.11808545887470245, 0.8380100727081299, -0.5272130370140076, -0.6410236358642578, -1.281980037689209, 0.9889782667160034, -0.009285112842917442, -0.8845118284225464, 0.2969486713409424, -0.23008820414543152, -1.0684449672698975, 0.770818829536438, -0.6738884449005127, -1.1835776567459106, 0.8197843432426453, 0.9141132831573486, 0.7434775233268738, 1.9728983640670776, -0.003688683034852147, 1.2036049365997314, 1.082606315612793, -0.050027959048748016, -1.1322983503341675, 0.1735849678516388, 0.5097392201423645, -0.7119154334068298, 1.0564886331558228, 1.0341557264328003, 0.1559211015701294, 0.3421591818332672, 0.6042157411575317, 0.4973609447479248, 0.32755938172340393, 0.8354734778404236, 1.1538923978805542, 0.6714717149734497, 0.0028047431260347366, -1.228291630744934, 0.7265444993972778, -1.5406811237335205, 0.8858904838562012, -0.9099538922309875, -1.7416938543319702, 2.086211919784546, -1.12062406539917, -1.9332724809646606, -0.27187347412109375, -0.06442135572433472, 0.24401995539665222, 0.5821589827537537, -0.33968043327331543]",yunet,Facenet,1920,1080,/home/amos/media/tv/modern_family/Modern.Family.S09.1080p.DSNP.WEB-DL.DDP5.1.H.264-CRFW/Modern.Family.S09E21.The.Escape.1080p.DSNP.WEB-DL.DDP5.1.H.264-CRFW.mkv,Modern Family,2009,1442437,9,21,Sarah Hyland,91351.0,0.681
599,270,192,540,516,498,318,396,318,0.909,13032,1,"[-0.04628394544124603, -2.7354838848114014, -0.18475817143917084, -0.5709140300750732, 1.5312995910644531, 1.8231861591339111, 1.2866679430007935, 0.8606348633766174, 1.003707766532898, -0.3735979199409485, 0.2513355612754822, -1.0152679681777954, 0.3452373743057251, 0.682226300239563, 0.15740545094013214, -0.7071484327316284, -1.4014819860458374, -0.5712876915931702, 0.9455176591873169, -0.45489537715911865, -0.5788164138793945, -0.9376046657562256, 0.8854045271873474, -1.0202337503433228, 0.23408196866512299, 0.8745033144950867, 1.088775396347046, -1.6426727771759033, -1.64954674243927, -0.8085564374923706, -0.4595396816730499, 0.5082945227622986, -0.5401042103767395, -1.1259639263153076, -0.3953624963760376, 0.5051856637001038, -0.13646799325942993, 0.8453464508056641, 1.7630422115325928, -0.6292016506195068, 1.6664880514144897, 1.0107123851776123, -0.26038309931755066, -1.4577229022979736, 1.102963924407959, -1.073046326637268, -0.19043786823749542, 1.341328740119934, 1.7019609212875366, -0.10574488341808319, 0.6369351148605347, 0.026094580069184303, -1.3457585573196411, -1.2041268348693848, 0.2690896987915039, -1.8403345346450806, 0.5882871747016907, 1.9362674951553345, 0.1410619616508484, 0.7212184071540833, 1.8307629823684692, -1.4708881378173828, 0.0228218175470829, 0.7529088854789734, 0.4580318331718445, -0.4961203932762146, -0.6154986023902893, 0.30302372574806213, 0.11033514887094498, 0.266588419675827, -1.2776713371276855, 1.0361744165420532, -1.6989057064056396, 1.4368454217910767, -0.00523512065410614, -1.2848947048187256, -0.9202505350112915, 1.7601933479309082, -0.7673712372779846, 1.694648265838623, -3.650822877883911, 0.6332714557647705, 1.6926394701004028, -0.49906986951828003, -2.537933349609375, 0.007690764963626862, 2.5817055702209473, -0.8924830555915833, -1.3755043745040894, -1.6809459924697876, 0.4899563491344452, 0.5518490672111511, -0.44869303703308105, 0.6744059920310974, 0.5240994095802307, 0.1380922496318817, -1.5533418655395508, 0.20130555331707, -0.772179365158081, 0.9285457730293274, -0.7237609624862671, -0.8778425455093384, -0.7648575305938721, -0.11874321103096008, -0.21029692888259888, -0.4799370765686035, -0.08453139662742615, -0.9510113000869751, 0.2981884479522705, -0.10646048188209534, -0.034768424928188324, -2.002657890319824, 1.032601237297058, -0.4238261580467224, 0.21780075132846832, 2.045287847518921, 0.8691037893295288, 0.9740790724754333, -1.013811469078064, 0.2637997269630432, -1.748284101486206, 1.5145087242126465, 0.4576883316040039, 1.0603450536727905, -1.6690692901611328, -0.6612920761108398, -1.807939052581787, -1.1368820667266846]",yunet,Facenet,1920,1080,/home/amos/media/tv/modern_family/Modern.Family.S09.1080p.DSNP.WEB-DL.DDP5.1.H.264-CRFW/Modern.Family.S09E21.The.Escape.1080p.DSNP.WEB-DL.DDP5.1.H.264-CRFW.mkv,Modern Family,2009,1442437,9,21,Chris Geere,62879.0,0.663
600,1350,294,1566,570,1530,390,1428,396,0.917,13056,0,"[-0.44492480158805847, -1.4506957530975342, 1.0915473699569702, 1.790531039237976, 1.8180304765701294, -0.4021340310573578, 0.541556179523468, -0.6278536915779114, -0.6671764850616455, 3.3654117584228516, -0.982829749584198, 1.7559016942977905, -0.4348948001861572, -0.40545958280563354, -1.0205641984939575, -0.11633475124835968, -0.7422114610671997, -0.8214687705039978, -1.4203791618347168, -0.420549601316452, -0.43474987149238586, -1.1870719194412231, 0.83627849817276, 0.17389583587646484, -0.7157033681869507, 0.2684677541255951, 1.6616477966308594, -0.7278721928596497, 1.8355380296707153, 1.4123657941818237, -0.08123385906219482, -1.2969715595245361, -1.293235421180725, -2.1274847984313965, 0.27813786268234253, -0.6905235648155212, -1.7023919820785522, 1.0356377363204956, -0.895651638507843, -1.4041528701782227, 0.49905240535736084, -0.6209424734115601, -0.6197428703308105, 2.311333417892456, 0.7995911836624146, -0.2777637839317322, 0.3023228049278259, 0.8212461471557617, 0.024781957268714905, 0.817285418510437, -1.4759538173675537, 1.6219193935394287, 1.852254867553711, -0.4990729093551636, -0.12289687991142273, 0.20899027585983276, 0.051121193915605545, -0.3869688808917999, 1.6590114831924438, 1.5000966787338257, -0.7901337146759033, -0.09615616500377655, -0.2367437481880188, -0.3140735924243927, -0.37982189655303955, 2.1213765144348145, -1.1192927360534668, 0.6113642454147339, 0.5061240196228027, 1.9707050323486328, -1.2988096475601196, 0.18330085277557373, -0.48430484533309937, 1.25037682056427, 0.6675212383270264, -1.1650198698043823, -0.4569509029388428, -0.060352545231580734, -0.0774211660027504, -0.22636348009109497, -0.9280127882957458, -1.3338463306427002, 0.5939810872077942, 0.06866104155778885, 0.27338290214538574, -0.4321616291999817, -0.6185119152069092, -0.8712919354438782, 0.24990051984786987, -0.6075406074523926, -1.211753249168396, 0.6863084435462952, 0.24145573377609253, -0.2389695942401886, 1.6515166759490967, -0.050808534026145935, 0.8380416631698608, -0.24063843488693237, 0.14081987738609314, -1.2178140878677368, -0.8018542528152466, 0.17017796635627747, -1.0060580968856812, 0.8439894914627075, 1.0963104963302612, 1.056849718093872, 1.2294048070907593, -0.20553281903266907, 0.5143642425537109, 0.29651200771331787, 1.5499228239059448, 1.5685837268829346, -0.010411985218524933, 0.32167965173721313, -0.23808088898658752, 1.3161675930023193, -0.8284753561019897, 0.5844255685806274, -1.2852765321731567, -0.997694730758667, 2.903892755508423, -1.8299752473831177, -1.0161789655685425, -0.9109309315681458, -1.3625601530075073, -0.27959224581718445, 1.1207572221755981, -0.33509474992752075]",yunet,Facenet,1920,1080,/home/amos/media/tv/modern_family/Modern.Family.S09.1080p.DSNP.WEB-DL.DDP5.1.H.264-CRFW/Modern.Family.S09E21.The.Escape.1080p.DSNP.WEB-DL.DDP5.1.H.264-CRFW.mkv,Modern Family,2009,1442437,9,21,Sarah Hyland,91351.0,0.684
601,420,204,690,540,654,336,564,330,0.908,13056,1,"[-0.156060129404068, -2.2415895462036133, -0.6924142837524414, -0.6944532990455627, 1.3373708724975586, 0.9755719304084778, 0.5023691058158875, 0.8270431160926819, 1.3171284198760986, -0.5588258504867554, 1.0236200094223022, -0.7543210983276367, -0.7111190557479858, 0.06141233444213867, 0.19055941700935364, -0.22626721858978271, -1.1393771171569824, -0.5183992981910706, 0.23928304016590118, -0.4421084523200989, -0.5057739615440369, -1.9315571784973145, 1.4757221937179565, -1.276458740234375, 0.052776433527469635, 0.4770277738571167, 1.4049725532531738, -1.43178391456604, -1.4720962047576904, -0.41159042716026306, -1.1216609477996826, 0.44026586413383484, -0.7900468111038208, 0.1964590847492218, -0.08644800633192062, 1.646723985671997, -0.5510271191596985, 0.8608782291412354, 1.7921276092529297, -1.0555880069732666, 1.3625046014785767, 1.0226678848266602, -1.487593173980713, -1.6625539064407349, 0.6798108816146851, -1.929253339767456, -0.3518648147583008, 1.7858610153198242, 0.4937813878059387, 0.1179063469171524, 0.5735161900520325, 0.44760096073150635, -0.2798703610897064, -0.061342183500528336, 0.8714016079902649, -1.4233403205871582, 0.8261141777038574, 2.1275057792663574, -0.18096676468849182, 0.33880379796028137, 1.0154558420181274, -1.655243992805481, -0.13488346338272095, 1.2018126249313354, 1.5930424928665161, -0.47927379608154297, -0.8544861078262329, 0.24797864258289337, -0.2965952455997467, -0.1493760645389557, -0.9499384164810181, 0.5862725973129272, -2.6155052185058594, 1.995146632194519, 0.1794935017824173, -0.7345428466796875, -1.5868046283721924, 1.5837832689285278, -0.47928717732429504, -0.04794090986251831, -2.980224847793579, 0.5644608736038208, 1.6053967475891113, -0.8799518346786499, -1.6029521226882935, -0.20932358503341675, 2.2484145164489746, -0.2615278661251068, -1.8264952898025513, -1.6052783727645874, -0.5737869739532471, 0.4677947163581848, -0.06505423039197922, 0.7131409645080566, 0.3618355691432953, 0.567682683467865, -2.2113454341888428, -0.6030656099319458, -0.6679593324661255, 1.2761995792388916, -1.2582614421844482, -0.31772395968437195, -1.5930777788162231, -0.22901077568531036, -0.002222605049610138, 0.2249428778886795, -0.19430015981197357, -0.7447154521942139, 0.1600068211555481, -0.611328125, 0.18388517200946808, -1.0840833187103271, 0.7764203548431396, -1.039731740951538, 0.10860127955675125, 2.744476318359375, 0.5551450252532959, 0.24027231335639954, -0.8448330163955688, 0.6005136966705322, -1.4590473175048828, 0.8014732599258423, 0.8424049019813538, -0.3638650178909302, -1.304754614830017, -0.0627104789018631, -1.0123106241226196, -1.0652621984481812]",yunet,Facenet,1920,1080,/home/amos/media/tv/modern_family/Modern.Family.S09.1080p.DSNP.WEB-DL.DDP5.1.H.264-CRFW/Modern.Family.S09E21.The.Escape.1080p.DSNP.WEB-DL.DDP5.1.H.264-CRFW.mkv,Modern Family,2009,1442437,9,21,Chris Geere,62879.0,0.81
602,1356,312,1572,588,1530,414,1434,414,0.914,13080,0,"[-0.41437768936157227, -1.3188931941986084, 0.08147567510604858, 1.9893465042114258, 2.7898123264312744, 0.2944827079772949, 0.34227028489112854, -1.0976723432540894, -0.4606107771396637, 3.7453196048736572, -0.5722658038139343, 2.0573654174804688, -0.20765545964241028, -0.36937272548675537, -0.82877516746521, 0.31258004903793335, 0.20230376720428467, -1.4369525909423828, -1.5146641731262207, -0.14226792752742767, -0.10952309519052505, -1.3974066972732544, 1.1348975896835327, 0.21253573894500732, -0.4420546591281891, -0.24113836884498596, 2.216970443725586, -0.5995379090309143, 1.2796344757080078, 0.9584352374076843, 0.6909061670303345, -1.511742115020752, -0.9019684195518494, -2.02604603767395, 0.08337798714637756, -0.46460551023483276, -1.7669670581817627, 1.5395538806915283, -0.9956731200218201, -0.8100566864013672, -0.022096561267971992, -0.694899320602417, 0.19872602820396423, 2.137390613555908, 0.09161727875471115, -0.6305180788040161, 0.5413997769355774, 0.6172857284545898, -0.44549208879470825, 0.17547324299812317, -1.7471129894256592, 1.619287133216858, 1.3413108587265015, 0.16307200491428375, 0.1980612874031067, 0.027377132326364517, 0.19778697192668915, -0.08060145378112793, 1.4939182996749878, 0.5750166177749634, -0.8872864842414856, 0.09386712312698364, 0.23915767669677734, -0.4285014569759369, -0.36944350600242615, 1.5087493658065796, -1.188462734222412, 1.0896188020706177, 0.08441756665706635, 1.701708436012268, -1.443877935409546, 0.25309842824935913, -1.0038588047027588, 1.8919223546981812, 0.11045584082603455, -0.1565462052822113, 0.36623114347457886, -0.3463347554206848, -0.1700703203678131, -0.5890719294548035, -0.8668071031570435, -0.6026864051818848, 0.678598940372467, 0.9075897336006165, -0.21186619997024536, 0.017562389373779297, 0.2518726587295532, -1.12358558177948, -0.07551813125610352, -0.664786159992218, -1.3368117809295654, -0.4519926607608795, 1.2301656007766724, -0.37356701493263245, 1.6567811965942383, -0.06921912729740143, 0.43613123893737793, -0.08141335844993591, 0.16757063567638397, -0.6661521792411804, -1.366050124168396, -0.16866672039031982, -1.3071662187576294, 0.9354076981544495, 1.2494548559188843, 0.40092331171035767, 0.5918187499046326, -0.0038314461708068848, 1.1270170211791992, -0.010885940864682198, 1.443220615386963, 1.5429778099060059, 0.4534374177455902, 0.5209277272224426, -0.6008457541465759, 1.1758228540420532, -1.5860248804092407, 0.9468708634376526, -0.8669778108596802, -1.0089493989944458, 2.5399608612060547, -1.2478634119033813, -0.8944970965385437, -0.610492467880249, -0.48981916904449463, -0.08093921840190887, 1.5378451347351074, -0.4487738013267517]",yunet,Facenet,1920,1080,/home/amos/media/tv/modern_family/Modern.Family.S09.1080p.DSNP.WEB-DL.DDP5.1.H.264-CRFW/Modern.Family.S09E21.The.Escape.1080p.DSNP.WEB-DL.DDP5.1.H.264-CRFW.mkv,Modern Family,2009,1442437,9,21,Sarah Hyland,91351.0,0.631
603,420,210,666,540,642,336,558,336,0.911,13080,1,"[0.35486671328544617, -2.9511451721191406, -1.5250970125198364, -0.129187673330307, 1.3905577659606934, 1.454377293586731, 0.523138701915741, 0.9191457033157349, 1.4384264945983887, 0.47983023524284363, 0.2579505741596222, -1.2214277982711792, -0.8692051768302917, 1.0211577415466309, -0.675290584564209, -0.028095882385969162, -1.0949293375015259, -0.8240398168563843, 0.12600894272327423, -0.7891120910644531, -0.31398212909698486, -1.384824275970459, 1.5785177946090698, -1.2862380743026733, 0.5280392169952393, 0.5984923839569092, 1.7557454109191895, -1.660665512084961, -1.1718562841415405, -0.18429499864578247, -0.32727453112602234, 0.49228009581565857, -0.05082990601658821, -0.5226843953132629, -0.30228736996650696, 1.7225993871688843, -0.7315212488174438, 1.2179346084594727, 1.1948425769805908, -1.1189181804656982, 1.1285693645477295, 1.037697672843933, -0.7494333982467651, -2.155194044113159, 0.9772294163703918, -2.0957932472229004, -0.38232049345970154, 1.516761064529419, 0.7194632887840271, -0.2479439079761505, 0.43358057737350464, -0.16637954115867615, -0.6081777811050415, -0.5757774114608765, 0.5423619151115417, -1.1698411703109741, 0.6559553146362305, 2.0816993713378906, 0.5608131885528564, 0.11292114108800888, 0.495780348777771, -0.8595976233482361, 0.005965281277894974, 1.1639209985733032, 1.2937613725662231, -0.6346456408500671, -0.7475111484527588, 0.9809895753860474, -0.11569587886333466, 0.2693028450012207, -0.7007020115852356, 0.9863615036010742, -2.232936143875122, 1.8224955797195435, 0.08316567540168762, -0.8875214457511902, -0.9689483642578125, 1.1373120546340942, -0.17510050535202026, -0.055340446531772614, -2.886695623397827, 0.6379731893539429, 2.0275301933288574, -0.6772303581237793, -2.1622419357299805, -0.1995028406381607, 1.9490275382995605, -0.3198404610157013, -0.9891115427017212, -1.592054843902588, -0.07093378156423569, 0.4432329535484314, -0.22646042704582214, 1.13144850730896, -0.02566630393266678, 0.5001961588859558, -2.282545804977417, -0.11098234355449677, -0.2946400046348572, 1.7324235439300537, -1.2038638591766357, -0.3721199631690979, -1.3391554355621338, -0.8092110753059387, 0.24900993704795837, -0.46986544132232666, 0.04516158998012543, -0.5869858264923096, 0.21767377853393555, -0.3519885540008545, 0.44170665740966797, -0.9778457283973694, 0.5433175563812256, -0.27828681468963623, 0.3194705843925476, 2.165966272354126, 0.9421991109848022, 0.7072299718856812, -1.1374537944793701, 0.3608201742172241, -0.5720036029815674, 1.15062415599823, 0.43571728467941284, 0.4099009037017822, -1.0972511768341064, -0.3566286265850067, -0.742928683757782, -1.4974933862686157]",yunet,Facenet,1920,1080,/home/amos/media/tv/modern_family/Modern.Family.S09.1080p.DSNP.WEB-DL.DDP5.1.H.264-CRFW/Modern.Family.S09E21.The.Escape.1080p.DSNP.WEB-DL.DDP5.1.H.264-CRFW.mkv,Modern Family,2009,1442437,9,21,Chris Geere,62879.0,0.74
604,360,192,624,522,588,330,492,324,0.915,13104,0,"[0.2094106525182724, -2.1668779850006104, -1.2099010944366455, -0.7393613457679749, 1.3945099115371704, 1.1347615718841553, 0.586929440498352, 0.784906804561615, 1.455464243888855, -0.04743722081184387, 0.38109880685806274, -1.056741714477539, -0.3931782841682434, 0.1461523324251175, 0.0961533933877945, -0.04549675062298775, -1.3946081399917603, -0.49542200565338135, 0.7235628366470337, 0.031184552237391472, 0.2250971496105194, -1.2931241989135742, 0.8468208312988281, -0.9813810586929321, 0.7347881197929382, 0.35938721895217896, 1.6945966482162476, -2.091437816619873, -1.319719910621643, 0.14446069300174713, -0.7945836782455444, 0.11008116602897644, 0.8417097330093384, -0.8605833053588867, -0.37285059690475464, 1.5629898309707642, -0.5799655318260193, 0.8872358798980713, 0.7987558841705322, -0.5034494400024414, 1.2642399072647095, 1.2117249965667725, -0.7716935873031616, -1.0841138362884521, 0.5167386531829834, -2.181051731109619, -0.4915769398212433, 1.9347224235534668, 0.9782997965812683, -0.9787935018539429, 0.6713617444038391, 0.07681486010551453, -0.9763228893280029, -0.5025023818016052, 0.6616744995117188, -1.8148982524871826, 0.7731602787971497, 1.8998467922210693, 0.5705142021179199, 0.7266250252723694, 1.37869131565094, -1.1244192123413086, -0.3826817274093628, 0.23542408645153046, 1.5840762853622437, -0.24167250096797943, -0.5599958896636963, 1.0323094129562378, -0.22946369647979736, 0.7339624166488647, -0.7170454263687134, 0.5692287683486938, -2.4587490558624268, 1.4589307308197021, -0.19050544500350952, -0.9633724093437195, -0.2658068537712097, 1.3053747415542603, -0.5872896313667297, 0.5875175595283508, -3.0234014987945557, 0.6701699495315552, 1.8387800455093384, 0.122860848903656, -1.534712791442871, 0.2639024257659912, 1.955377459526062, -1.1493710279464722, -1.2455693483352661, -1.6260064840316772, 0.2772367298603058, 0.7529357075691223, 0.23583081364631653, 0.8211866021156311, -1.1924022436141968, 0.3279465436935425, -2.0525760650634766, -0.5297459959983826, -1.3018174171447754, 1.5953569412231445, -1.1905220746994019, -1.2586169242858887, -0.8839076161384583, -0.26498791575431824, -0.41641297936439514, -0.8378499150276184, -0.6581827402114868, -0.7740825414657593, 0.4573596119880676, 1.0588136911392212, -0.177324116230011, -2.140777826309204, 0.7765035629272461, -0.20483306050300598, 0.10790129005908966, 1.4077544212341309, 0.3479257822036743, 0.33192959427833557, -0.011090263724327087, 0.5908531546592712, -0.16865383088588715, 1.4257522821426392, -0.4755778908729553, 0.42542651295661926, -0.6043045520782471, -0.46894940733909607, -0.9433667659759521, -0.9401562809944153]",yunet,Facenet,1920,1080,/home/amos/media/tv/modern_family/Modern.Family.S09.1080p.DSNP.WEB-DL.DDP5.1.H.264-CRFW/Modern.Family.S09E21.The.Escape.1080p.DSNP.WEB-DL.DDP5.1.H.264-CRFW.mkv,Modern Family,2009,1442437,9,21,Chris Geere,62879.0,0.646
605,1224,300,1428,558,1392,396,1296,396,0.917,13128,0,"[-0.1729622781276703, -1.6827889680862427, 0.30443599820137024, 2.050342559814453, 2.452972412109375, -0.01790263131260872, 0.3355257511138916, -1.1999293565750122, -0.023551102727651596, 3.992924928665161, -1.0604628324508667, 1.9136899709701538, -0.38553982973098755, -0.35319873690605164, -0.8742791414260864, 0.6112388372421265, -0.154300719499588, -1.1463485956192017, -1.4346572160720825, -0.16325458884239197, 0.09589883685112, -1.3763912916183472, 1.2681978940963745, 0.35939541459083557, 0.04944900423288345, -0.3776671886444092, 2.478868007659912, -0.8422650694847107, 1.5197752714157104, 1.1937603950500488, 0.43695271015167236, -1.4313102960586548, -0.7206400632858276, -1.7153728008270264, -0.12592753767967224, -0.7295289635658264, -1.9831353425979614, 1.4793033599853516, -1.0458197593688965, -0.9252421855926514, -0.1948888599872589, -0.9413193464279175, 0.34064197540283203, 2.0379559993743896, 0.047388650476932526, -0.2907434403896332, 0.1981879621744156, 0.8001692295074463, -0.7714739441871643, 0.18323174118995667, -1.698487401008606, 1.351373553276062, 1.3736716508865356, 0.7027034759521484, 0.05789085105061531, -0.4787766933441162, 0.051850639283657074, -0.18732471764087677, 1.0855512619018555, 0.808540403842926, -0.9502608180046082, 0.3208179473876953, -0.405036985874176, -0.4842641055583954, 0.10597047954797745, 1.6293050050735474, -1.0106946229934692, 0.7932648062705994, -0.16494998335838318, 1.8159211874008179, -1.1649513244628906, -0.05683402717113495, -0.402662068605423, 1.8458306789398193, 0.17027664184570312, -0.566768229007721, 0.7440445423126221, -0.4763873815536499, 0.30520594120025635, -0.5427495241165161, -0.7578983306884766, -0.8740949630737305, 1.0405782461166382, 0.8308531641960144, -0.22100520133972168, -0.16210293769836426, 0.30483174324035645, -1.4527482986450195, 0.22781777381896973, -0.4825873076915741, -1.112870693206787, -0.00984223559498787, 0.9981869459152222, -0.4915136992931366, 1.5707249641418457, 0.07575889676809311, 0.37368741631507874, 0.3101356029510498, -0.43034183979034424, -0.9989991188049316, -1.0156463384628296, -0.33509859442710876, -1.2783101797103882, 1.0762593746185303, 1.3643325567245483, 0.617098331451416, 0.4502599239349365, -0.2621375024318695, 1.0146664381027222, 0.020703298971056938, 1.4433273077011108, 1.3881628513336182, 0.2761470675468445, 0.16923359036445618, -0.4500052332878113, 0.7260085344314575, -1.7677315473556519, 1.1876530647277832, -0.6691179275512695, -1.314815640449524, 2.7421743869781494, -1.5864434242248535, -1.1144068241119385, -0.06687914580106735, -0.16505461931228638, -0.12879037857055664, 1.677762508392334, -0.01925979182124138]",yunet,Facenet,1920,1080,/home/amos/media/tv/modern_family/Modern.Family.S09.1080p.DSNP.WEB-DL.DDP5.1.H.264-CRFW/Modern.Family.S09E21.The.Escape.1080p.DSNP.WEB-DL.DDP5.1.H.264-CRFW.mkv,Modern Family,2009,1442437,9,21,Sarah Hyland,91351.0,0.652
606,312,168,570,510,534,300,456,300,0.914,13128,1,"[0.7912893295288086, -1.6972901821136475, -1.5592268705368042, -0.7309533357620239, 1.6984869241714478, 0.8728417158126831, 0.4323256313800812, 1.096777319908142, 1.6924952268600464, 0.26820263266563416, 0.49076056480407715, -1.199988842010498, -0.27980464696884155, 0.7282700538635254, 0.028338007628917694, -0.1703629344701767, -1.5437496900558472, -1.397762656211853, 0.6048476696014404, 1.2327677011489868, -0.03945647180080414, -0.46890148520469666, 1.0691704750061035, -0.29910242557525635, 0.4033491313457489, 0.44886600971221924, 1.7112922668457031, -2.375338077545166, -0.65114426612854, -0.06062697619199753, -0.48671600222587585, -0.28080910444259644, 0.02300119772553444, -0.0033924728631973267, -0.8726867437362671, 1.5899170637130737, -0.7066318392753601, 0.9364225268363953, 1.738981008529663, -0.618198037147522, 0.6939695477485657, 0.9149852991104126, -1.1367460489273071, -1.0749306678771973, 0.742155134677887, -1.914596676826477, -0.8123876452445984, 1.1071630716323853, 1.3798494338989258, -1.0340195894241333, -0.024182312190532684, 0.2973797917366028, -1.4387683868408203, -1.1842137575149536, -0.45573925971984863, -2.3114898204803467, 0.6139689683914185, 2.065593719482422, 0.956795334815979, 0.6800940632820129, 1.1828373670578003, -0.4471677541732788, -0.9393782019615173, -0.2658456861972809, 0.6035454869270325, 0.0747210681438446, -0.3186417818069458, 0.29294970631599426, -0.20806628465652466, 0.5639580488204956, -0.7195343971252441, 0.1994350254535675, -1.8803507089614868, 1.5107829570770264, 0.026518158614635468, -0.6308242678642273, -0.022087566554546356, 1.0419256687164307, -0.5576276183128357, 0.6291005611419678, -2.9824938774108887, 0.5470366477966309, 1.891868233680725, 0.16984441876411438, -1.560617208480835, 0.24805361032485962, 1.4141219854354858, -0.9904437065124512, -0.9657973051071167, -2.027726173400879, 0.5245307087898254, 0.7999342679977417, -0.5716875195503235, 0.6883249282836914, -0.6920762658119202, -0.0906125009059906, -2.4166054725646973, -0.5755591988563538, -1.347313404083252, 1.1179839372634888, -1.3846147060394287, -1.1315667629241943, -1.341426134109497, -0.2678624987602234, -0.09491933882236481, -0.1286771297454834, 0.8333309888839722, -0.8823758363723755, -0.15548548102378845, 0.8743349313735962, 0.8691107034683228, -2.1067392826080322, 0.547039270401001, -0.5010613203048706, 0.7770888209342957, 2.1854982376098633, 0.04830034077167511, 0.02620510756969452, -0.5705147385597229, 0.9113015532493591, -0.029546618461608887, 1.833494782447815, -1.134966492652893, -0.038029491901397705, -0.9457796812057495, -1.2875065803527832, -0.7973050475120544, -1.499756097793579]",yunet,Facenet,1920,1080,/home/amos/media/tv/modern_family/Modern.Family.S09.1080p.DSNP.WEB-DL.DDP5.1.H.264-CRFW/Modern.Family.S09E21.The.Escape.1080p.DSNP.WEB-DL.DDP5.1.H.264-CRFW.mkv,Modern Family,2009,1442437,9,21,Chris Geere,62879.0,0.555
607,288,162,540,504,510,288,426,294,0.922,13152,0,"[-0.20764926075935364, -2.1167781352996826, -1.0453451871871948, -0.5538007020950317, 0.9133126735687256, 1.0439467430114746, 0.6078141927719116, 1.0147371292114258, 0.945488691329956, 0.13828317821025848, 0.12559708952903748, -0.7768605351448059, -0.8221145272254944, 0.21089404821395874, -0.3319796621799469, -0.469524085521698, -1.335094690322876, -1.0423128604888916, 0.37315717339515686, -0.10282240808010101, -0.07150918245315552, -0.9301570057868958, 0.6917501091957092, -0.6341497302055359, 0.5800673961639404, 1.360167384147644, 1.7094205617904663, -1.8429704904556274, -0.31094908714294434, -0.08008415251970291, -0.7813348770141602, 0.5396503806114197, 0.3348137140274048, -1.0603677034378052, -0.5549451112747192, 1.0237380266189575, -0.6440081596374512, 0.9319145679473877, 0.5969055891036987, -0.714462399482727, 0.4258204996585846, 1.0865886211395264, -1.3947269916534424, -1.028113603591919, 1.5394798517227173, -2.3957183361053467, -0.09854303300380707, 2.2579336166381836, 1.4280648231506348, -0.9084144830703735, 0.8889216184616089, 0.27602049708366394, -0.9878246784210205, -1.3578554391860962, -0.29568538069725037, -0.858945906162262, 1.3351380825042725, 2.072763681411743, 1.4084861278533936, 1.0586689710617065, 0.7431710362434387, -1.2582662105560303, -0.6989032626152039, 0.4777507483959198, 1.0854040384292603, -0.3400270342826843, -0.20361381769180298, 0.8514690399169922, -0.28142455220222473, -0.12118712067604065, -1.2447775602340698, 0.10205265879631042, -1.8571135997772217, 2.012385368347168, 0.3232003152370453, -1.3538308143615723, -0.42963531613349915, 1.4396101236343384, -1.2588789463043213, 0.2207089215517044, -3.3875603675842285, 0.2704240679740906, 0.4624156057834625, -0.2870694398880005, -2.066610336303711, 0.16756384074687958, 1.9480857849121094, -1.2091121673583984, -1.1559244394302368, -1.4174578189849854, -0.05114201456308365, 0.8145328164100647, 0.18861958384513855, -0.12599414587020874, -0.6318028569221497, 0.4828808605670929, -1.8472017049789429, -0.7741774916648865, -0.6181709170341492, 1.0481867790222168, -1.3126263618469238, -1.48701012134552, -0.5533045530319214, -0.6806005835533142, -0.01665227860212326, -0.9156427979469299, -0.31728243827819824, -0.8988189697265625, 1.189072847366333, 0.6864831447601318, 0.03865961730480194, -2.2300586700439453, 0.6391395330429077, 0.36919280886650085, 0.8731226921081543, 2.1462242603302, 0.5061445236206055, 0.43429240584373474, -0.5706834197044373, 1.528172492980957, -0.2711791396141052, 0.7498593330383301, -1.25715172290802, 1.1292150020599365, -0.9198099970817566, -0.1326306164264679, -0.6198595762252808, -1.367108702659607]",yunet,Facenet,1920,1080,/home/amos/media/tv/modern_family/Modern.Family.S09.1080p.DSNP.WEB-DL.DDP5.1.H.264-CRFW/Modern.Family.S09E21.The.Escape.1080p.DSNP.WEB-DL.DDP5.1.H.264-CRFW.mkv,Modern Family,2009,1442437,9,21,Chris Geere,62879.0,0.584
608,1206,228,1416,492,1374,324,1278,324,0.916,13152,1,"[-1.3102012872695923, -2.163058042526245, 1.1240648031234741, 1.7923945188522339, 1.902500867843628, -0.08228020370006561, 0.7559699416160583, -0.8866048455238342, -0.10768036544322968, 2.6116390228271484, -2.6232786178588867, 2.050760507583618, 0.8580693602561951, 0.6647175550460815, -0.9811921119689941, 0.08311363309621811, -1.01983642578125, -0.5153411030769348, -1.1124392747879028, 0.5666226148605347, -0.9010167121887207, 0.20560583472251892, 1.4933183193206787, 0.41242286562919617, -0.14121580123901367, 0.2578732967376709, 1.818341612815857, -1.4277907609939575, 1.6158274412155151, 0.9768249988555908, 0.6131399869918823, -2.5143163204193115, 0.06904405355453491, -1.7903305292129517, 0.11236182600259781, 0.02782895788550377, -1.7446467876434326, 1.1941567659378052, -0.9898560643196106, -0.4764750897884369, 0.722736656665802, 0.38534799218177795, -0.36526861786842346, 2.2209396362304688, 0.4186362624168396, -1.049233317375183, -0.6704899668693542, 1.2157021760940552, -1.1260255575180054, 0.16324464976787567, 0.02707967907190323, 2.2493011951446533, 1.0742775201797485, -0.7264052629470825, -0.5356202125549316, -0.31331220269203186, 0.5522757172584534, 0.6043639183044434, -0.19392530620098114, -0.01925307884812355, 0.5179334878921509, -1.1373944282531738, -1.1939945220947266, -0.4060685336589813, -0.7199196815490723, 0.9119563102722168, -0.191555917263031, 0.5002453327178955, -0.26709863543510437, 0.8416508436203003, -0.8374654054641724, 0.7239663600921631, -0.13698342442512512, 0.5451983213424683, 0.5963349938392639, -1.7777646780014038, 0.16251620650291443, 0.023017121478915215, -0.351237952709198, -0.5448176860809326, -1.7667880058288574, 0.3940184414386749, 1.6025640964508057, 1.7846381664276123, -1.8021342754364014, 0.5049960613250732, 1.7833905220031738, -1.2743604183197021, 0.015581950545310974, -0.3786522150039673, -1.9297553300857544, 0.18479561805725098, 0.5293049216270447, 0.6083012819290161, 1.2641884088516235, -0.4852520525455475, 0.9175668954849243, -0.8401262760162354, 0.560996413230896, -0.2216312438249588, -0.10246607661247253, 1.385745882987976, -1.6631196737289429, 1.1828008890151978, 0.6094474792480469, -0.16327959299087524, -0.36028316617012024, -0.825331449508667, 1.228910207748413, -0.6138702630996704, 0.6281924247741699, 1.7420791387557983, 1.7313429117202759, 0.5714158415794373, 0.2594563961029053, 1.5248137712478638, -0.866885781288147, 0.9207673072814941, -1.2112702131271362, -1.928989291191101, 1.88175630569458, -1.0234819650650024, -1.5764482021331787, -0.9774661064147949, -0.5320553779602051, 0.06318572908639908, 0.610137403011322, -0.1146496832370758]",yunet,Facenet,1920,1080,/home/amos/media/tv/modern_family/Modern.Family.S09.1080p.DSNP.WEB-DL.DDP5.1.H.264-CRFW/Modern.Family.S09E21.The.Escape.1080p.DSNP.WEB-DL.DDP5.1.H.264-CRFW.mkv,Modern Family,2009,1442437,9,21,Sarah Hyland,91351.0,0.601
609,246,168,510,510,474,306,384,306,0.916,13176,0,"[-0.19552510976791382, -2.3990097045898438, -0.5919705033302307, -0.7147024273872375, 1.546408772468567, 0.8994163870811462, 0.4770757555961609, 0.8655204772949219, 1.8728148937225342, 0.17248964309692383, -0.5912912487983704, -0.7670069336891174, -0.7510367035865784, -0.22092270851135254, -0.3342856168746948, -0.501883327960968, -1.6010801792144775, -0.8369007110595703, 0.4850767254829407, 0.023994190618395805, 0.03911791741847992, -1.1593618392944336, 0.862203061580658, -0.454371839761734, 0.1427355259656906, 0.9205982089042664, 1.5468266010284424, -2.0295753479003906, -0.5639163255691528, -0.04129890352487564, -1.0739234685897827, -0.2025475651025772, -0.05058813840150833, -1.0669021606445312, -0.4424252510070801, 0.9914730191230774, -0.9271498322486877, 0.6990649700164795, 0.8329683542251587, -0.844556450843811, 0.6534482836723328, 0.6711710095405579, -0.8407238721847534, -0.4906371831893921, 1.3400498628616333, -1.7969328165054321, -0.34307363629341125, 1.9157326221466064, 0.4063159227371216, -1.4130922555923462, 0.38757747411727905, 0.5627118945121765, -1.4923185110092163, -1.029337763786316, -0.5031375885009766, -1.6920244693756104, 0.9661457538604736, 2.187377452850342, 0.19515134394168854, 0.9951367378234863, 1.2561231851577759, -1.3630483150482178, -0.8071317076683044, 0.46987026929855347, 0.6060338616371155, 0.6881992816925049, -0.09145428985357285, 0.6325262784957886, 0.46734970808029175, -0.11675088107585907, -0.5659105181694031, -0.0246523916721344, -2.1321403980255127, 1.9994076490402222, 0.2155943512916565, -1.0505865812301636, -0.41621002554893494, 1.317021131515503, -0.7232222557067871, 0.2881167531013489, -2.996528148651123, 0.2200177013874054, 1.308140754699707, 0.0436435267329216, -2.357130289077759, -0.768187403678894, 2.376599073410034, -1.8577569723129272, -1.4893521070480347, -1.5113747119903564, -0.34930047392845154, 0.001635093241930008, 0.016455192118883133, 0.48682525753974915, -1.0309287309646606, 0.37689587473869324, -2.330612897872925, -0.17509926855564117, -1.4604480266571045, 1.2482330799102783, -1.2298924922943115, -1.2902923822402954, -0.8307135701179504, 0.13699717819690704, -0.39769667387008667, -0.5616655945777893, -0.6542925834655762, -1.8108807802200317, 0.22025704383850098, 0.9719032645225525, 0.3806918263435364, -1.8282207250595093, 1.0580769777297974, -0.23263590037822723, 0.4542047083377838, 2.3544466495513916, -0.21934089064598083, 0.31975027918815613, -1.0185322761535645, 0.8827873468399048, -0.30852895975112915, 1.1182329654693604, -1.1502496004104614, 1.1824935674667358, -1.082749366760254, -0.4126879572868347, -0.5053558945655823, -1.1588176488876343]",yunet,Facenet,1920,1080,/home/amos/media/tv/modern_family/Modern.Family.S09.1080p.DSNP.WEB-DL.DDP5.1.H.264-CRFW/Modern.Family.S09E21.The.Escape.1080p.DSNP.WEB-DL.DDP5.1.H.264-CRFW.mkv,Modern Family,2009,1442437,9,21,Chris Geere,62879.0,0.579
610,1176,306,1380,576,1344,402,1248,408,0.916,13176,1,"[-0.6673628091812134, -0.9868361949920654, 0.7490612268447876, 2.41499400138855, 2.5642282962799072, -0.09932601451873779, 1.080132007598877, -0.6970053315162659, 0.2585466504096985, 2.777622699737549, -1.1973848342895508, 1.5015062093734741, 0.13009098172187805, -0.20284825563430786, -0.7188602685928345, 0.18108221888542175, -0.37913861870765686, -0.9391074776649475, -1.8421319723129272, -0.17273637652397156, -0.6560772657394409, -0.055553730577230453, 0.7541642189025879, 0.5603241324424744, -0.20880989730358124, 0.17860537767410278, 2.038924217224121, -1.2941564321517944, 1.4096238613128662, 0.735291063785553, 0.3984839916229248, -2.149405002593994, -1.3388899564743042, -1.813509225845337, 0.09898017346858978, -0.8527020812034607, -1.4093682765960693, 1.6147390604019165, -0.8251217007637024, -0.8114856481552124, 0.11563500016927719, -0.5212335586547852, 0.3533894717693329, 1.3195664882659912, 0.30032601952552795, 0.26260000467300415, 0.29392188787460327, 0.5348430871963501, -1.0093870162963867, 0.835949182510376, -2.4906811714172363, 2.6813089847564697, 1.5206502676010132, 0.031054578721523285, -0.38748326897621155, 0.016591478139162064, 0.7766274809837341, -0.026116257533431053, 1.0437819957733154, -0.030982229858636856, -0.44966626167297363, 0.09546197950839996, 0.12181419879198074, 0.6480887532234192, -0.5000826120376587, 1.8669527769088745, -0.694736897945404, 0.5150198936462402, -0.6467598676681519, 1.234374761581421, -0.3599332273006439, -0.14782525599002838, -0.14030097424983978, 1.4654828310012817, 0.016497263684868813, -1.130965232849121, -0.1835925579071045, -0.0012120120227336884, -0.5237414240837097, -0.4168820381164551, -0.6746828556060791, -1.127217173576355, 0.2048121988773346, 1.2599679231643677, 0.20523831248283386, -0.0928688645362854, 0.5601338744163513, -1.2323353290557861, -0.6722067594528198, -0.8533700108528137, -1.3218741416931152, -0.10565969347953796, 1.5760549306869507, -0.3369740843772888, 1.282645344734192, -0.0906079038977623, 0.628800630569458, 0.6760557889938354, -0.29108384251594543, -1.2995730638504028, -1.1409707069396973, 0.3605424463748932, -0.8518477082252502, 1.058274269104004, 1.3536499738693237, 1.0323888063430786, -0.2312382012605667, -0.4480452239513397, 0.47297489643096924, 0.28528574109077454, 1.4436477422714233, 1.711096167564392, 1.4978840351104736, 0.8576937913894653, -0.7800416946411133, 1.0861226320266724, -2.2650442123413086, 0.7016499042510986, -0.9665453433990479, -0.5941701531410217, 1.8843927383422852, -1.5224331617355347, -1.2119542360305786, -0.6753873229026794, -0.8275290131568909, 0.2817147970199585, 1.7138065099716187, -0.051013074815273285]",yunet,Facenet,1920,1080,/home/amos/media/tv/modern_family/Modern.Family.S09.1080p.DSNP.WEB-DL.DDP5.1.H.264-CRFW/Modern.Family.S09E21.The.Escape.1080p.DSNP.WEB-DL.DDP5.1.H.264-CRFW.mkv,Modern Family,2009,1442437,9,21,Sarah Hyland,91351.0,0.637
611,234,150,492,492,462,282,372,282,0.91,13200,0,"[-0.07451324164867401, -1.9488482475280762, -1.2531025409698486, -0.9097831845283508, 2.555720567703247, 0.6958593726158142, 0.3381686806678772, 1.113410472869873, 1.8500392436981201, -0.05297583341598511, -0.7179577350616455, -0.6049688458442688, -0.7110396027565002, 0.674492359161377, 0.2207241654396057, -0.4349464774131775, -1.1942715644836426, -1.235187292098999, 0.5080763101577759, 0.4207632839679718, -0.6085324287414551, -0.549897313117981, 0.7947577238082886, -0.101617731153965, -0.5470587611198425, 0.5748540163040161, 1.3609168529510498, -2.3174610137939453, -0.6554444432258606, 0.0714225172996521, -0.44952717423439026, -0.07997636497020721, 0.3036953806877136, -0.8534056544303894, -0.6299623847007751, 1.3073471784591675, -0.4403750002384186, 0.4703378677368164, 0.6405686140060425, -0.5368515253067017, 0.573049008846283, 0.5818384885787964, -1.3602643013000488, -0.8019278645515442, 1.0837348699569702, -2.026705503463745, -1.012845516204834, 1.742601990699768, -0.08399259299039841, -0.7697399854660034, 0.019419409334659576, 0.9895486831665039, -1.8728877305984497, -1.2712435722351074, -0.7329188585281372, -1.6286656856536865, 1.157590389251709, 1.6995095014572144, -0.30279895663261414, 0.13527706265449524, 1.1003738641738892, -0.8830142617225647, -0.8013297915458679, 1.0389050245285034, -0.3262954652309418, 0.674630880355835, 0.38768523931503296, 0.6077604293823242, 0.7271047234535217, -0.6130905151367188, -0.22423313558101654, -0.2824070453643799, -1.467360496520996, 2.2823424339294434, 0.4484122693538666, -0.6858314871788025, -0.45822790265083313, 0.3763813376426697, -1.2851967811584473, -0.29056674242019653, -3.0816047191619873, 1.2200884819030762, 0.3474370241165161, 0.33502644300460815, -1.7390568256378174, -0.8901996612548828, 2.2610018253326416, -1.3509184122085571, -1.1141833066940308, -0.8866195678710938, -1.1299649477005005, 0.08192821592092514, 0.37533771991729736, 0.6717233061790466, -1.0726203918457031, 0.30309292674064636, -1.9433950185775757, 0.3888983130455017, -1.9261767864227295, 1.2829080820083618, -1.4059181213378906, -1.2297468185424805, -1.4434878826141357, -0.7071978449821472, 0.2935936152935028, -1.000528335571289, -0.07381083071231842, -1.7014846801757812, 0.786309540271759, 0.8832685947418213, -0.007875440642237663, -1.0105985403060913, 1.3418540954589844, -0.4387383460998535, 0.300184041261673, 2.3760364055633545, -0.2561604380607605, -0.2666762173175812, -1.2011319398880005, 1.098426342010498, -0.6973682641983032, 1.489991545677185, -1.1386680603027344, 0.41517314314842224, -0.46080589294433594, -0.41579046845436096, -0.8139668703079224, -0.9877434372901917]",yunet,Facenet,1920,1080,/home/amos/media/tv/modern_family/Modern.Family.S09.1080p.DSNP.WEB-DL.DDP5.1.H.264-CRFW/Modern.Family.S09E21.The.Escape.1080p.DSNP.WEB-DL.DDP5.1.H.264-CRFW.mkv,Modern Family,2009,1442437,9,21,Chris Geere,62879.0,0.552
612,1152,264,1350,534,1320,366,1230,366,0.907,13200,1,"[-1.9926618337631226, -2.587397575378418, 0.8160355091094971, 1.419512391090393, 1.544561743736267, -0.25289157032966614, 0.2962598502635956, -1.6983858346939087, -0.4723041355609894, 3.2040767669677734, -2.448103904724121, 1.9018833637237549, 0.7783458232879639, 0.09977243840694427, -0.8174035549163818, 0.512275218963623, -1.1388661861419678, -0.5046367645263672, -0.10319557785987854, -0.6085566282272339, 0.48399463295936584, 0.29082146286964417, 1.1181374788284302, 0.6991087198257446, 0.36807459592819214, 0.2254384458065033, 1.424822449684143, -1.2058602571487427, 2.3917324542999268, 0.8205376863479614, 0.7090195417404175, -2.2621452808380127, 0.04971533268690109, -1.3887112140655518, 0.7081505656242371, -0.19365182518959045, -2.607515573501587, 1.2065162658691406, -1.0766966342926025, -1.9476364850997925, 0.2707570791244507, 0.7585372924804688, -0.15341496467590332, 1.87190580368042, -0.12335002422332764, -0.5833882093429565, -0.05530143529176712, 0.3420921266078949, -1.6833733320236206, 0.4300958812236786, -0.9400536417961121, 2.107316732406616, 1.1919301748275757, -0.5111254453659058, 0.49644991755485535, -1.3027434349060059, -0.2247588187456131, 0.22026512026786804, 0.24548225104808807, -0.2623952031135559, 0.8126735091209412, -1.2827107906341553, -0.6466086506843567, -1.5908564329147339, -1.2615563869476318, 1.1202483177185059, -0.3262861669063568, 0.8310597538948059, -0.7830906510353088, 1.2290494441986084, -0.4393061697483063, 0.08488984405994415, -0.5901668071746826, 0.03016567975282669, -0.10235178470611572, -0.8143062591552734, 0.3196394741535187, 0.3756224811077118, 0.8015658259391785, -0.4938243627548218, -1.0809130668640137, 0.16881915926933289, 0.4603515565395355, 1.6550514698028564, -1.5576105117797852, 0.8715794086456299, 1.0303984880447388, -0.750802755355835, 0.1768520176410675, -0.7768236994743347, -0.5161648988723755, 0.6966545581817627, 0.874579131603241, 1.3404574394226074, 1.7833713293075562, -0.27235233783721924, 0.10316374897956848, 0.38367581367492676, 0.6511783003807068, -0.6707143783569336, 0.4184949994087219, 0.7464590668678284, -0.6647801995277405, 0.7122886776924133, 0.931190550327301, -0.2636653184890747, -0.6170507073402405, 0.11218932271003723, 0.3602532744407654, -0.5128002166748047, 0.39678269624710083, 0.9111517071723938, 1.5513800382614136, 0.6733109354972839, -0.20445048809051514, 0.584534764289856, -0.8659911155700684, 0.3284569978713989, -1.4580824375152588, -0.7467948794364929, 1.192203164100647, -0.3386593759059906, -1.5017452239990234, -0.3102511167526245, 0.9599249362945557, 0.2713647186756134, 1.5715105533599854, -0.5685920715332031]",yunet,Facenet,1920,1080,/home/amos/media/tv/modern_family/Modern.Family.S09.1080p.DSNP.WEB-DL.DDP5.1.H.264-CRFW/Modern.Family.S09E21.The.Escape.1080p.DSNP.WEB-DL.DDP5.1.H.264-CRFW.mkv,Modern Family,2009,1442437,9,21,Sarah Hyland,91351.0,0.703
613,282,192,516,516,492,324,438,318,0.92,13224,0,"[0.7276104688644409, -1.9013484716415405, -1.3370449542999268, -0.537394106388092, 2.1831324100494385, 0.6721132397651672, 0.5988832712173462, 0.8678678274154663, 2.040461540222168, 0.2355876863002777, -0.4317973554134369, -0.8381642699241638, -0.9356749057769775, 0.652134895324707, -0.556222677230835, -0.021638307720422745, -1.6390923261642456, -0.6665453910827637, 0.9131950736045837, 0.9511710405349731, 0.2259836494922638, -0.2156408131122589, -0.06644250452518463, -0.06723382323980331, 0.5307212471961975, 1.016416311264038, 1.322851538658142, -2.203702926635742, -0.7345970273017883, -0.6246368288993835, -0.9377943277359009, 0.3628051280975342, -0.6300207376480103, -0.20430395007133484, -0.8274422287940979, 1.4322431087493896, -1.0309194326400757, 0.1202441155910492, 0.6124017238616943, -1.1557937860488892, 0.5524262189865112, 0.6478261947631836, -0.7819467782974243, -1.0856683254241943, 0.8544917106628418, -1.477270483970642, -1.559512972831726, 1.9418163299560547, 0.2699844241142273, -1.0235992670059204, 0.5109111070632935, 0.8012961745262146, -1.7514867782592773, -1.2870792150497437, -0.2552272081375122, -1.7779366970062256, 1.3347147703170776, 1.452725887298584, -0.08736260235309601, 0.6779029965400696, 0.984113872051239, 0.09682856500148773, -0.44426923990249634, 1.442568302154541, 0.6370618939399719, 0.7090020179748535, 0.4939989447593689, -0.34305909276008606, 0.944123387336731, 0.07359104603528976, 0.7885732650756836, -0.8787999153137207, -2.1816186904907227, 2.4786126613616943, 0.8430185317993164, -1.4467097520828247, -0.3271229863166809, 0.9015073776245117, -0.6673309206962585, 0.5494698882102966, -2.224616527557373, 0.675254225730896, 1.4479811191558838, -0.20984064042568207, -1.6254322528839111, -0.1536862850189209, 1.4233225584030151, -0.8955222368240356, -0.716305136680603, -1.6676665544509888, -0.38523080945014954, 0.3055284023284912, 0.3846867084503174, 1.3268895149230957, -0.3300204277038574, -0.08277630805969238, -1.5297123193740845, -0.16025009751319885, -1.3199374675750732, 1.8989458084106445, -1.610318660736084, -1.2625936269760132, -1.2432518005371094, -0.32136794924736023, -0.3724980652332306, -1.1652069091796875, 0.4386497735977173, -1.055521011352539, -0.26310816407203674, 0.5469219088554382, 0.5063775777816772, -1.520582914352417, 1.0931975841522217, -0.1708233803510666, 0.5993700623512268, 2.027344226837158, 0.38622555136680603, 1.2687560319900513, -1.0773934125900269, 0.9033827781677246, -0.15528947114944458, 1.9263486862182617, -0.7659282088279724, -0.007141987327486277, -0.9053547382354736, -0.19312337040901184, -0.8105905055999756, -1.3771837949752808]",yunet,Facenet,1920,1080,/home/amos/media/tv/modern_family/Modern.Family.S09.1080p.DSNP.WEB-DL.DDP5.1.H.264-CRFW/Modern.Family.S09E21.The.Escape.1080p.DSNP.WEB-DL.DDP5.1.H.264-CRFW.mkv,Modern Family,2009,1442437,9,21,Chris Geere,62879.0,0.53
614,1056,294,1254,540,1212,390,1128,390,0.914,13224,1,"[-0.7766323089599609, -1.7820106744766235, 1.4980567693710327, 1.6491049528121948, 1.7616510391235352, -0.7869035005569458, 0.5080679655075073, -1.9166381359100342, -0.8069421052932739, 3.329831600189209, -1.6127407550811768, 1.3543856143951416, -0.23188740015029907, 0.6425879001617432, -0.2792227864265442, -0.5291160345077515, -0.563926100730896, -1.074014663696289, -0.020718611776828766, -0.26292774081230164, -0.6349599361419678, -1.4506174325942993, 0.6382895708084106, 0.6880901455879211, -0.364090234041214, -0.34246140718460083, 1.9113717079162598, -1.0001580715179443, 1.5256727933883667, 2.1084601879119873, 0.49841374158859253, -1.7237768173217773, -0.6455001831054688, -1.0951919555664062, 0.06396044045686722, -0.3169287145137787, -1.1006484031677246, 0.717119574546814, -0.711750328540802, -1.5522170066833496, 0.4814075827598572, -0.47090429067611694, -0.6753401756286621, 2.360621929168701, -0.31344980001449585, -0.6631649732589722, 0.26201143860816956, 0.7276657819747925, -0.8452232480049133, 0.6030054092407227, -1.299183964729309, 1.6421992778778076, 1.3242405652999878, -0.11202554404735565, -0.44025370478630066, -0.24343004822731018, 0.42803746461868286, 0.06874173879623413, 0.9900915622711182, 1.8285222053527832, -0.257683128118515, -0.46893084049224854, 0.10036268085241318, -0.8673782348632812, -0.47393015027046204, 1.680578589439392, -0.6992195844650269, 1.2378262281417847, 0.1642027199268341, 3.1242220401763916, -0.3029451072216034, -0.3440335690975189, -0.5928472280502319, 1.0169508457183838, -0.29266807436943054, -0.42147475481033325, 0.6184742450714111, -1.308761715888977, -0.2781045138835907, -0.35711193084716797, -0.6542004346847534, -0.5773656368255615, 1.4037822484970093, 1.2962607145309448, -0.07551690191030502, 0.008834876120090485, 0.4246186912059784, -0.9418691992759705, -0.12298867106437683, -1.0201483964920044, -1.4625468254089355, 0.1336750090122223, 0.48542067408561707, 0.13306158781051636, 1.105286955833435, -0.4249970316886902, 0.13456599414348602, 0.25867894291877747, -0.010852638632059097, -0.45392361283302307, -0.6142926216125488, 0.7061367630958557, -0.8457797169685364, 0.46251219511032104, 0.9275161623954773, 0.5286056995391846, -0.08925817906856537, -0.5264700651168823, 0.6110451817512512, -0.7034391164779663, 0.45789772272109985, 0.773642361164093, 0.08008696138858795, 0.0329572856426239, -0.21472832560539246, 0.16292007267475128, -0.6152468919754028, 0.4802548289299011, -1.0099365711212158, -0.01963336020708084, 2.7376747131347656, -1.1220033168792725, -1.0116342306137085, -1.1806979179382324, -0.09451587498188019, 0.368733286857605, 1.773618221282959, 0.6313115358352661]",yunet,Facenet,1920,1080,/home/amos/media/tv/modern_family/Modern.Family.S09.1080p.DSNP.WEB-DL.DDP5.1.H.264-CRFW/Modern.Family.S09E21.The.Escape.1080p.DSNP.WEB-DL.DDP5.1.H.264-CRFW.mkv,Modern Family,2009,1442437,9,21,Sarah Hyland,91351.0,0.676
615,276,186,522,510,486,306,426,306,0.917,13248,0,"[-0.04785338044166565, -1.8116101026535034, -0.9513317942619324, -0.9592863917350769, 2.2546606063842773, 0.9930068254470825, 0.9546175003051758, 0.5617343783378601, 2.055210828781128, 0.08888044953346252, 0.0971907451748848, -0.9024490714073181, -0.6985323429107666, 0.6262038946151733, 0.5895475745201111, -0.521134614944458, -1.3785268068313599, -0.7078646421432495, 0.234699085354805, 0.15200060606002808, -0.12272585928440094, -1.148409128189087, 0.6622183918952942, -0.26030516624450684, 0.0018078042194247246, 0.5833012461662292, 1.5675334930419922, -2.404909133911133, -1.6721580028533936, -0.3678973913192749, -0.8939632177352905, 0.06302890181541443, -0.0006611663848161697, -0.54986172914505, 0.1244727075099945, 1.175060749053955, -0.7887454628944397, 0.7597717642784119, 1.1494324207305908, 0.013912715017795563, 0.7879855036735535, 0.4802130162715912, -0.8305528163909912, -0.6755135655403137, 0.48508623242378235, -1.8643887042999268, -1.4260374307632446, 1.9289613962173462, 1.0485490560531616, -0.9630624055862427, 0.5983065366744995, 0.11492812633514404, -1.1166044473648071, -1.517641544342041, 0.2910171449184418, -1.9561960697174072, 1.2420536279678345, 1.6163997650146484, -0.4394388198852539, -0.010499939322471619, 1.1549623012542725, -0.4076441526412964, -1.5188336372375488, 0.680271327495575, 0.4782511591911316, 0.3053804039955139, -0.35153985023498535, 0.23721103370189667, 0.6051735877990723, 0.1846577227115631, -0.14091703295707703, 0.15989771485328674, -1.371443510055542, 1.385252833366394, 0.1653597503900528, -1.1887037754058838, 0.1662202775478363, 0.7651243209838867, -1.5094890594482422, 0.7209954261779785, -3.3369083404541016, 0.6245592832565308, 1.075406789779663, -0.020576024428009987, -1.592086911201477, -0.016965538263320923, 2.1169965267181396, -1.3605639934539795, -0.7600734233856201, -1.2853623628616333, -0.25156354904174805, 0.5229619741439819, -0.003128405660390854, 1.1921093463897705, -0.33387207984924316, 0.16554595530033112, -1.477779746055603, 0.30366241931915283, -2.098193883895874, 1.1911929845809937, -0.6683374047279358, -1.396809458732605, -1.6095894575119019, -0.3914516866207123, 0.04459569603204727, -1.0990736484527588, 0.4093266427516937, -1.9625828266143799, 0.7884436845779419, 0.8530603647232056, 0.3293244242668152, -1.5520567893981934, 0.8038036823272705, -0.20816414058208466, -0.1531701683998108, 2.2400166988372803, 0.17100875079631805, 0.63662189245224, -0.5547962188720703, 1.0579431056976318, -0.8815150856971741, 1.6486232280731201, -0.5906811356544495, -0.203513041138649, -1.1357989311218262, -0.32178404927253723, -0.7996272444725037, -0.8484120965003967]",yunet,Facenet,1920,1080,/home/amos/media/tv/modern_family/Modern.Family.S09.1080p.DSNP.WEB-DL.DDP5.1.H.264-CRFW/Modern.Family.S09E21.The.Escape.1080p.DSNP.WEB-DL.DDP5.1.H.264-CRFW.mkv,Modern Family,2009,1442437,9,21,Chris Geere,62879.0,0.574
616,1116,282,1320,546,1272,378,1176,378,0.911,13248,1,"[-0.5888949632644653, -1.9440494775772095, 0.7169529795646667, 1.8365591764450073, 0.9606472849845886, -0.042042769491672516, 0.03442749008536339, -1.252213716506958, 0.18693280220031738, 3.5049312114715576, -2.1771578788757324, 2.0602943897247314, 0.2862545847892761, -0.954798698425293, -0.8678499460220337, 0.8161003589630127, -1.006058931350708, -0.37661290168762207, -0.6762011647224426, -0.006554612889885902, 0.5934019088745117, -1.0333435535430908, 2.0575637817382812, 1.1025081872940063, 0.6044046878814697, -0.21889394521713257, 2.0153613090515137, -1.349935531616211, 1.6406828165054321, 1.3965611457824707, -0.34869304299354553, -1.7435075044631958, -0.6162300109863281, -1.1511521339416504, -0.00465079490095377, -0.9370914697647095, -1.08029043674469, 1.21873939037323, -1.0552897453308105, -0.36535272002220154, 0.5355343222618103, -0.23767824470996857, -0.35026636719703674, 2.135523796081543, -0.13024649024009705, 0.18490399420261383, 0.200026735663414, 0.6386593580245972, -0.49610763788223267, 0.2620124816894531, -1.6212505102157593, 0.8175839781761169, 1.7574598789215088, 0.24873529374599457, 0.31799179315567017, -0.848239004611969, 0.28901830315589905, 0.2646120488643646, 0.7269986271858215, 0.6704820394515991, -0.411758154630661, -0.7876290082931519, -1.0964120626449585, -1.6019318103790283, -0.33105605840682983, 1.4666578769683838, -0.22998368740081787, 0.7794679999351501, -0.4322906732559204, 0.7726908922195435, -0.7014144659042358, 0.6974999904632568, -0.17341001331806183, 1.5562784671783447, 0.288749098777771, -1.3127020597457886, 0.14643773436546326, 0.5281369090080261, 0.37452763319015503, -0.6554281115531921, -1.3549003601074219, -1.5772794485092163, 0.9698885679244995, 0.6276406645774841, -0.4654666483402252, 0.48375287652015686, 0.14367415010929108, -1.1449270248413086, 0.06207789480686188, 0.18533867597579956, -0.3720933198928833, 0.06986945122480392, 0.5921595096588135, 0.11552687734365463, 1.0525798797607422, 0.45391184091567993, 0.5500796437263489, 0.22190572321414948, -0.33685195446014404, -1.2743953466415405, -0.0220001433044672, 0.10982126742601395, -0.8740596771240234, 0.41570591926574707, 0.2310050129890442, 0.031229913234710693, -0.49852848052978516, -0.44439491629600525, 0.5333235263824463, 0.14273346960544586, 0.8869652152061462, 1.3261327743530273, 1.1158367395401, -0.6061413288116455, -0.23247388005256653, 0.6194584369659424, -1.4797648191452026, 0.289016455411911, -0.5276979207992554, -0.9703989624977112, 2.3873445987701416, -2.4257333278656006, -1.6374739408493042, -0.7459708452224731, -0.46936047077178955, 0.14496207237243652, 1.6879581212997437, -0.042134374380111694]",yunet,Facenet,1920,1080,/home/amos/media/tv/modern_family/Modern.Family.S09.1080p.DSNP.WEB-DL.DDP5.1.H.264-CRFW/Modern.Family.S09E21.The.Escape.1080p.DSNP.WEB-DL.DDP5.1.H.264-CRFW.mkv,Modern Family,2009,1442437,9,21,Sarah Hyland,91351.0,0.65
617,1146,228,1356,498,1320,324,1230,318,0.914,13272,0,"[-0.6626875400543213, -1.888746738433838, 0.45936888456344604, 1.8979917764663696, 1.1901443004608154, 0.7819963097572327, 0.2262858897447586, -1.8719983100891113, 0.15694302320480347, 3.3071656227111816, -2.844423770904541, 2.5344691276550293, 0.11736024916172028, -0.36291688680648804, -0.7226216793060303, 0.5289076566696167, -0.6624027490615845, -0.2832489609718323, -0.27525779604911804, 0.02364152856171131, -0.01085488498210907, 0.2029777467250824, 1.6355732679367065, -0.05614817887544632, 0.5448374152183533, 0.27397969365119934, 1.7373098134994507, -1.6649388074874878, 1.7231367826461792, 1.4166895151138306, 0.17519384622573853, -2.34859299659729, -0.20819750428199768, -1.6396013498306274, 0.5863468050956726, -0.03792869672179222, -1.4560832977294922, 1.7264455556869507, -1.2529678344726562, -0.03503480553627014, 0.2826804220676422, 0.1937725841999054, -0.7180978059768677, 1.9660673141479492, -0.08614441007375717, 0.06456269323825836, -0.09801876544952393, 0.6368541717529297, -1.1090457439422607, -0.0027582012116909027, -0.8124663829803467, 1.5622118711471558, 1.1176413297653198, -0.3898807764053345, 0.6461226344108582, -0.7847611904144287, -0.02930058166384697, 0.5285348892211914, 0.2925119698047638, -0.23081496357917786, 0.5197931528091431, -1.5897618532180786, -0.7323935627937317, -2.113344192504883, -0.4490150809288025, 1.2551532983779907, -0.20144274830818176, 1.6286884546279907, -0.40839532017707825, 0.3299711048603058, -0.3688557744026184, 0.5205563306808472, -0.5842565298080444, 0.5977879762649536, 0.9847918748855591, -0.6510688662528992, 0.270537793636322, 0.1028381809592247, -0.020143769681453705, -0.23863889276981354, -1.4927951097488403, -0.27620458602905273, 0.7739957571029663, 1.9715585708618164, -1.6833816766738892, 0.6709837913513184, 0.6078523993492126, -0.8371759653091431, 0.23945510387420654, -0.08942766487598419, -1.190289855003357, -0.37802737951278687, 1.6974868774414062, 0.4196397662162781, 0.7467423677444458, -0.015708887949585915, 0.7190442681312561, 0.5809783935546875, 0.5826026201248169, -0.13274286687374115, 0.3956025242805481, 0.499650776386261, -1.5149871110916138, 0.6704634428024292, 0.14233121275901794, -0.5702947974205017, -1.0784038305282593, -0.18282967805862427, 1.1111116409301758, -0.5403278470039368, 0.6374106407165527, 1.5704760551452637, 1.4090043306350708, -0.38044634461402893, 0.3672901391983032, 0.785516619682312, -1.9412795305252075, 0.9424611330032349, -0.1382107436656952, -0.8633083701133728, 1.968159556388855, -1.4271267652511597, -1.8998759984970093, -0.7976518869400024, 0.06794949620962143, 0.7902938723564148, 0.953360915184021, 0.2959771454334259]",yunet,Facenet,1920,1080,/home/amos/media/tv/modern_family/Modern.Family.S09.1080p.DSNP.WEB-DL.DDP5.1.H.264-CRFW/Modern.Family.S09E21.The.Escape.1080p.DSNP.WEB-DL.DDP5.1.H.264-CRFW.mkv,Modern Family,2009,1442437,9,21,Sarah Hyland,91351.0,0.649
618,348,180,570,540,522,312,522,312,0.91,13272,1,"[0.715882420539856, -2.5075273513793945, 0.07015933096408844, -1.7372989654541016, 1.1341732740402222, 0.7210268974304199, -0.3094826936721802, 1.2972248792648315, 0.9890286326408386, 0.4503093361854553, -0.684170126914978, -0.7438399791717529, -0.727867066860199, 0.560992956161499, 0.1557142287492752, 0.10072994232177734, -1.1729047298431396, -2.075112819671631, 2.1542556285858154, -0.9832891225814819, -0.22271260619163513, -0.4837368130683899, -0.48222893476486206, 0.10825034976005554, 0.19502004981040955, -0.01397799700498581, 1.796966314315796, -1.3155980110168457, -0.6529444456100464, -0.7661032676696777, -1.8957178592681885, 1.4022138118743896, -0.6721603870391846, 0.2792268693447113, -0.9358939528465271, 1.023772954940796, -0.19824060797691345, 0.5498834848403931, 0.8844685554504395, -1.186232566833496, 0.7042933106422424, -0.3218194544315338, -1.5625802278518677, -1.0104882717132568, -0.04268208146095276, -1.011966586112976, -1.119551658630371, 1.8738843202590942, 0.5323318243026733, -0.3862220346927643, -0.06563465297222137, 0.7750826478004456, -1.3775110244750977, -0.02400493621826172, 0.44749876856803894, -2.5646536350250244, 0.0002738703042268753, 1.0242199897766113, -0.9435039162635803, 0.938766598701477, -0.1674129217863083, -1.0758403539657593, -1.0456372499465942, 0.7989723682403564, 0.35212305188179016, 0.4339689612388611, -0.025154702365398407, -0.7756588459014893, -0.3511911630630493, 0.08077064156532288, 0.28934791684150696, -1.4021315574645996, -1.002558946609497, 2.0870883464813232, 1.1485074758529663, -0.7171943783760071, -1.0240144729614258, 1.5174204111099243, 0.3104603588581085, 1.0977448225021362, -2.157803773880005, 0.4775075912475586, 0.8670357465744019, -1.282962679862976, -1.4923813343048096, -0.02811727672815323, 1.3247973918914795, -0.5856844186782837, -0.35859566926956177, -1.1217167377471924, 0.14903704822063446, 0.7788330912590027, 0.09698063135147095, -0.4915236532688141, 1.7443783283233643, 1.049607276916504, -1.8583950996398926, 0.6269406080245972, -1.2798235416412354, 1.2262641191482544, -0.7952181696891785, -1.2422112226486206, -1.5785714387893677, -0.2962557375431061, -0.21771708130836487, -0.5130187273025513, 0.946581244468689, -0.7866542339324951, 0.5296445488929749, -0.4238141179084778, -0.4747557044029236, -2.823970317840576, 0.349744588136673, -1.3862743377685547, -0.17362162470817566, 0.7699903249740601, 0.714634895324707, 0.930479884147644, -0.9780441522598267, 0.4381216764450073, -1.418902039527893, 0.49205970764160156, -0.5000657439231873, 0.6913866996765137, 0.09714959561824799, 1.1932283639907837, -0.3126409649848938, -0.010820500552654266]",yunet,Facenet,1920,1080,/home/amos/media/tv/modern_family/Modern.Family.S09.1080p.DSNP.WEB-DL.DDP5.1.H.264-CRFW/Modern.Family.S09E21.The.Escape.1080p.DSNP.WEB-DL.DDP5.1.H.264-CRFW.mkv,Modern Family,2009,1442437,9,21,Chris Geere,62879.0,0.502
619,1068,258,1278,516,1230,354,1140,354,0.91,13296,0,"[-1.5047920942306519, -2.226167678833008, 1.192161202430725, 1.8467975854873657, 1.438855767250061, -0.038645002990961075, 0.583515465259552, -1.4361646175384521, -0.47662433981895447, 3.718114137649536, -1.8680269718170166, 1.9233310222625732, 0.19883807003498077, -0.2138500213623047, -0.5994093418121338, 0.8542198538780212, -0.39064890146255493, -0.871087908744812, -0.7670974135398865, 0.3082743287086487, 0.02941940724849701, -0.5133560299873352, 0.9566397070884705, 0.335486501455307, -0.3814058005809784, 0.14218732714653015, 1.7316465377807617, -0.6588989496231079, 1.5208631753921509, 1.7936232089996338, 0.19234515726566315, -2.134751796722412, -0.7825402021408081, -1.2839910984039307, 0.9205264449119568, -0.22553032636642456, -1.916897177696228, 1.2472150325775146, -0.6677956581115723, -0.8756527900695801, 0.13576222956180573, -0.056877732276916504, -0.5848211050033569, 2.0854599475860596, 0.6409823298454285, -0.6186472177505493, -0.06349993497133255, 1.1301528215408325, -0.8353466987609863, -0.024651050567626953, -0.6654912233352661, 1.8749165534973145, 0.8994131088256836, -0.3922693133354187, -0.56193608045578, -0.4636619985103607, 0.5424438118934631, 0.47222381830215454, 0.6869097352027893, 0.5084612965583801, 0.2411963939666748, -0.2889203727245331, -0.6854017376899719, -0.797494649887085, -0.32414817810058594, 1.3837050199508667, 0.018547475337982178, 0.8917598128318787, -0.06998664140701294, 1.6564035415649414, -0.47795766592025757, -0.021695755422115326, -0.25706541538238525, 1.0003498792648315, 0.5979991555213928, -0.8880580067634583, 0.5966892242431641, -0.12771305441856384, -0.3806624114513397, -0.0647931918501854, -1.4227943420410156, -0.6600208282470703, 0.8739379644393921, 1.3729126453399658, -1.3782627582550049, -0.056441545486450195, 1.088460087776184, -1.1828519105911255, -0.5238397121429443, -0.7190375328063965, -1.310092806816101, 0.09196536988019943, 0.8633682727813721, 0.6058506965637207, 1.351814866065979, -0.5216582417488098, 1.0564621686935425, 0.07121708989143372, 0.24051442742347717, 0.05977242439985275, -0.2792808413505554, 0.5681663751602173, -1.7726593017578125, 1.2783515453338623, 0.7182477116584778, 0.4328347444534302, -0.2304568886756897, -0.8225451707839966, 0.9651049375534058, 0.11182752251625061, 1.090869665145874, 1.013846755027771, 1.101441740989685, 0.3157883882522583, 0.06417900323867798, 0.9807925224304199, -0.9511086940765381, 0.9050989151000977, -1.4950759410858154, -1.1919666528701782, 2.496605157852173, -0.9518908262252808, -1.4891189336776733, -1.0302705764770508, -0.27119123935699463, 0.17559245228767395, 1.2303539514541626, -0.29604867100715637]",yunet,Facenet,1920,1080,/home/amos/media/tv/modern_family/Modern.Family.S09.1080p.DSNP.WEB-DL.DDP5.1.H.264-CRFW/Modern.Family.S09E21.The.Escape.1080p.DSNP.WEB-DL.DDP5.1.H.264-CRFW.mkv,Modern Family,2009,1442437,9,21,Sarah Hyland,91351.0,0.74
620,1398,216,1614,510,1494,336,1428,336,0.921,13320,0,"[0.8339232206344604, 1.0890545845031738, 0.6465511918067932, -0.590429425239563, 1.0646355152130127, 0.04671643674373627, -0.6580114960670471, 1.5192537307739258, 0.27027544379234314, -0.5921116471290588, 0.07837716490030289, 0.8732777833938599, 0.1695832461118698, 0.7882245779037476, 0.046620819717645645, 0.20969213545322418, -0.2749558389186859, -0.42331767082214355, 1.0973658561706543, 0.5694079399108887, -1.32541823387146, 1.2979518175125122, 0.7336204051971436, -0.20175260305404663, 0.3760770857334137, 2.068902015686035, 2.2860751152038574, -0.6896862387657166, -0.32787084579467773, -0.990666389465332, -0.9943158626556396, 1.0903234481811523, -2.02278995513916, 1.0887423753738403, -0.7098421454429626, 0.134255051612854, 0.2044888436794281, -1.024254322052002, 0.13131040334701538, 0.7210352420806885, -0.15456917881965637, -0.12746280431747437, 0.835412859916687, 1.341194748878479, -0.9257693290710449, -0.1189352422952652, -0.16935795545578003, -2.5184171199798584, -0.018527783453464508, 0.5184134244918823, 0.5327789187431335, 0.23544909060001373, 0.285116970539093, 1.0004315376281738, 1.0943238735198975, -3.804262638092041, -0.38589712977409363, -0.40200281143188477, -1.369112253189087, -0.9699785709381104, 0.3548620045185089, -1.9076571464538574, 1.6780378818511963, -1.2640619277954102, -0.9594234824180603, -0.743150532245636, -1.3904931545257568, 0.21574115753173828, -1.6295444965362549, 0.5423511266708374, -0.8827905654907227, 1.229156494140625, -0.5329007506370544, 1.163479208946228, 0.5571287274360657, 1.1736595630645752, -0.2902611494064331, 2.221818685531616, 1.3710834980010986, -0.04819129779934883, -1.1182606220245361, 1.9698154926300049, -0.0978403314948082, -0.08215472847223282, -0.6825084090232849, 0.5443018674850464, -0.24746397137641907, -1.1743669509887695, -0.5010122656822205, -0.7579845190048218, -0.17459842562675476, -1.0264660120010376, -0.5893810391426086, -1.6496917009353638, 1.3473479747772217, -0.7144150733947754, -0.9469059705734253, 0.9813104271888733, 1.3832614421844482, -1.7833632230758667, 0.0195278599858284, -0.2228354513645172, -0.5304667353630066, 0.5184244513511658, -0.1607477366924286, 0.7403739094734192, -1.60898756980896, 2.121943473815918, -2.0613765716552734, -0.9494094252586365, 0.9770405292510986, -0.4122409224510193, 1.803841471672058, -0.8977239727973938, 0.9784186482429504, 1.8815957307815552, -1.135612964630127, -1.6454181671142578, 1.1978379487991333, -0.6111689805984497, -0.9272123575210571, -0.8044987916946411, -0.7765073180198669, -0.2724682688713074, 0.2167118936777115, -1.040993332862854, -1.063786268234253, 0.2981312572956085]",yunet,Facenet,1920,1080,/home/amos/media/tv/modern_family/Modern.Family.S09.1080p.DSNP.WEB-DL.DDP5.1.H.264-CRFW/Modern.Family.S09E21.The.Escape.1080p.DSNP.WEB-DL.DDP5.1.H.264-CRFW.mkv,Modern Family,2009,1442437,9,21,Kate Burton,20879.0,0.745
621,402,216,588,444,534,306,438,306,0.919,13320,1,"[0.26035237312316895, 2.3269293308258057, -0.3087615966796875, -0.3540861904621124, 1.0506170988082886, 0.14711503684520721, -1.8928877115249634, 1.115174412727356, -0.1266118884086609, -0.15796639025211334, -0.7952988743782043, 0.9789597988128662, 0.6702711582183838, 0.6158515214920044, 0.19833092391490936, 0.2419751137495041, 1.119272232055664, -1.2528823614120483, -0.5909351706504822, 0.08831827342510223, 1.2988386154174805, 2.063091278076172, -0.6784214973449707, 1.3946813344955444, -0.5978823900222778, 0.10539736598730087, -1.0970134735107422, 0.7721872925758362, 0.8514864444732666, -0.7891505360603333, -0.9079920053482056, 0.3742308020591736, -0.5924018025398254, -0.33552348613739014, 1.4100772142410278, -0.8470699191093445, 0.39207977056503296, -1.238147258758545, -0.6944078803062439, 0.6062265634536743, -0.7273522019386292, -1.39608895778656, -0.8728052377700806, -0.45591193437576294, -1.3721466064453125, -0.683933436870575, 0.9271906018257141, -0.04328155517578125, 1.019826054573059, -0.14181570708751678, -0.22260712087154388, 1.1443184614181519, 0.16118033230304718, -0.9653284549713135, 0.09119853377342224, 0.3124549984931946, 1.934424877166748, -2.9247496128082275, 0.008422669023275375, 0.13513782620429993, -2.224601984024048, -0.157394677400589, 0.41055428981781006, 0.04447869956493378, -0.07859761267900467, -0.03438474237918854, 2.3488364219665527, 1.031248688697815, -0.5103785395622253, 0.990774393081665, 0.6984872221946716, 1.3896840810775757, 0.14347578585147858, 1.1548532247543335, 0.2536589801311493, -0.4456261396408081, 1.3258236646652222, -0.3809022307395935, -1.7526496648788452, -1.371138572692871, -0.5809935331344604, -0.8446335792541504, -0.7112919092178345, 0.40650856494903564, 2.126342535018921, 0.726814866065979, -1.4193750619888306, -1.8444424867630005, 0.3750340938568115, 0.08638681471347809, 1.3758996725082397, -0.1444316804409027, 0.5043900609016418, -1.9018796682357788, 0.4664037227630615, 0.6369040608406067, 2.3504140377044678, 1.8787169456481934, -0.006705913692712784, -1.8051681518554688, 0.015407837927341461, -0.7539320588111877, -0.731856644153595, -0.17888282239437103, -0.13500556349754333, 0.2834451198577881, -0.09409423172473907, -0.08679892122745514, 1.380110263824463, 2.02351975440979, -1.7202280759811401, 1.215803623199463, 0.6948007345199585, 0.24306663870811462, 0.7052606344223022, -1.9642763137817383, 0.31692197918891907, -0.24528610706329346, 1.2578039169311523, -0.5019561052322388, 0.9226648807525635, -0.6742335557937622, -0.10923659801483154, -0.5559069514274597, 1.8705506324768066, -0.6635169982910156, -0.0330033153295517, 0.5814211964607239]",yunet,Facenet,1920,1080,/home/amos/media/tv/modern_family/Modern.Family.S09.1080p.DSNP.WEB-DL.DDP5.1.H.264-CRFW/Modern.Family.S09E21.The.Escape.1080p.DSNP.WEB-DL.DDP5.1.H.264-CRFW.mkv,Modern Family,2009,1442437,9,21,Jim Piddock,120560.0,0.799
622,1230,306,1422,558,1338,402,1266,396,0.922,13344,0,"[-0.7885977029800415, -1.4416872262954712, -0.3904460370540619, 2.5606937408447266, 0.6150836944580078, -0.18263378739356995, 0.12711752951145172, -1.0810215473175049, -0.7769429683685303, 2.7964060306549072, -1.6746162176132202, 1.1811434030532837, 0.8543562889099121, -0.24477294087409973, 0.33658963441848755, -0.6023761630058289, -0.259317010641098, 0.10770916938781738, -1.5609526634216309, 0.8629918098449707, 0.03520257771015167, 0.02998458221554756, 1.3102679252624512, 0.5551687479019165, 0.18372873961925507, 0.5784063935279846, 1.286210298538208, -0.5678022503852844, 2.7941367626190186, 1.0069977045059204, 0.5678418874740601, -1.4733593463897705, -1.0382331609725952, -1.4900654554367065, 1.684057354927063, -1.985575556755066, -1.4678596258163452, 1.6181105375289917, -1.0311219692230225, -0.6077148914337158, -0.9598267078399658, 0.23651331663131714, 1.2099192142486572, 2.1173737049102783, -0.034157223999500275, -0.4015505611896515, 1.1021543741226196, 0.431018590927124, -1.1267547607421875, 0.7900091409683228, -0.8708665370941162, 2.225233793258667, 0.6833516359329224, 0.7306684255599976, 0.23714010417461395, 0.20483797788619995, 0.2755449116230011, 1.347548484802246, -0.8585159182548523, 0.26754820346832275, 0.6028693318367004, 0.2036397010087967, -0.26459801197052, -0.4437366724014282, -1.0086432695388794, 1.6397074460983276, -1.345726490020752, 1.5410994291305542, -0.5933451056480408, 0.3676633834838867, -0.12872739136219025, -0.3525879383087158, -0.0648416131734848, -0.001960158348083496, 0.5930637121200562, -0.8026649355888367, 0.35650622844696045, -1.2876672744750977, -0.7091620564460754, -0.569927990436554, -0.25313082337379456, -0.2903364896774292, 1.2845488786697388, 2.0655417442321777, -0.8607909679412842, 0.37518224120140076, 0.3125697672367096, -1.0099949836730957, 0.4255383014678955, -2.9949028491973877, -1.6488429307937622, -0.8418509364128113, 0.5790839195251465, 0.07341020554304123, 1.9052777290344238, 0.25969937443733215, 0.352411150932312, -0.4312923848628998, 0.3829454481601715, -2.0479719638824463, 0.16278076171875, 1.643641710281372, -0.8958052396774292, 1.7225449085235596, 1.0117850303649902, -0.44364404678344727, 0.7484025359153748, -1.0569207668304443, 2.1957356929779053, -0.7147247791290283, 0.8646036982536316, 0.519688606262207, 0.7957921028137207, 0.4397694170475006, -1.356523871421814, 0.2052699327468872, -1.8724523782730103, 1.3697409629821777, -0.8899379968643188, -1.0131618976593018, 1.8766262531280518, 0.10867653787136078, -0.1711837649345398, -1.421208381652832, -0.6791677474975586, 1.1338741779327393, 1.1223151683807373, 0.1313365250825882]",yunet,Facenet,1920,1080,/home/amos/media/tv/modern_family/Modern.Family.S09.1080p.DSNP.WEB-DL.DDP5.1.H.264-CRFW/Modern.Family.S09E21.The.Escape.1080p.DSNP.WEB-DL.DDP5.1.H.264-CRFW.mkv,Modern Family,2009,1442437,9,21,Sarah Hyland,91351.0,0.649
623,426,192,672,528,642,330,570,324,0.92,13344,1,"[0.14509975910186768, -2.4833738803863525, -1.0642189979553223, -1.150181531906128, 0.8565430641174316, 1.7075875997543335, -0.027247920632362366, 1.6509653329849243, 1.907060146331787, -0.8553527593612671, 0.15815520286560059, -1.1880156993865967, -0.38000887632369995, 0.7494670152664185, -0.7682240009307861, -0.798202633857727, -2.03411602973938, -0.45603835582733154, 1.3378682136535645, -0.1630784124135971, 0.6685460805892944, -0.8585754036903381, -0.2454758584499359, -0.5842583179473877, 0.279302716255188, 0.7840116024017334, 1.4676733016967773, -2.758556365966797, -0.47368520498275757, -1.302588701248169, -0.8223986625671387, 1.483580231666565, -0.0668877512216568, -1.0818336009979248, -0.1638040989637375, 1.1791568994522095, -0.7699534893035889, 0.5800430774688721, 1.6150670051574707, -1.089593768119812, 1.997155785560608, 1.1007392406463623, -0.8429608345031738, -2.3845274448394775, 0.3693137764930725, -1.7182968854904175, -0.1986989676952362, 1.2207390069961548, 0.9651841521263123, -0.4658353626728058, -0.8549847602844238, 1.2808797359466553, -0.5767595767974854, -0.3473736047744751, 1.0687382221221924, -1.759056568145752, 0.5819640755653381, 1.5689038038253784, 0.23266582190990448, 0.7392047047615051, 1.6061111688613892, -1.3721786737442017, 0.4278493821620941, 0.8789907097816467, 0.7499016523361206, 0.7314212322235107, 0.814693808555603, 0.4549065828323364, -0.0068699028342962265, 0.5685293674468994, -0.1933484524488449, 0.43507346510887146, -2.6366286277770996, 2.186293601989746, -0.06637625396251678, -2.012918472290039, -1.4432486295700073, 1.29469633102417, -0.39027732610702515, 0.7092685103416443, -1.953288197517395, -0.3488245904445648, 2.0793144702911377, -0.5610501766204834, -1.153138279914856, 0.5629096031188965, 0.8056365251541138, -0.7813898324966431, -0.9773545265197754, -2.1739916801452637, 0.14248299598693848, 0.35019710659980774, -0.6107381582260132, 0.7569817304611206, -0.42719361186027527, 1.3890539407730103, -2.649331569671631, 0.04185184836387634, -0.4129331409931183, 1.0134570598602295, -2.044826030731201, -0.6682047843933105, -0.4618329405784607, 0.0316309779882431, -0.05722036585211754, -0.265619695186615, 0.12162438035011292, 0.35090768337249756, -0.21374551951885223, 0.6303970813751221, 0.2879846692085266, -2.2735543251037598, 1.02350914478302, -0.542018473148346, -0.8685155510902405, 1.511393427848816, 0.4716704785823822, 0.3186782896518707, -1.0129063129425049, 0.04557623341679573, -1.331883192062378, 1.6087738275527954, 0.26445111632347107, 0.0735984742641449, -0.9234154224395752, 0.41334155201911926, -1.0335917472839355, -1.494727611541748]",yunet,Facenet,1920,1080,/home/amos/media/tv/modern_family/Modern.Family.S09.1080p.DSNP.WEB-DL.DDP5.1.H.264-CRFW/Modern.Family.S09E21.The.Escape.1080p.DSNP.WEB-DL.DDP5.1.H.264-CRFW.mkv,Modern Family,2009,1442437,9,21,Chris Geere,62879.0,0.692
624,1296,330,1494,594,1422,426,1326,426,0.928,13368,0,"[-1.3492817878723145, -2.4602363109588623, -0.24136751890182495, 2.051532506942749, 0.5745806694030762, 0.2872157692909241, 0.09042312204837799, -0.9315035939216614, -0.5936154127120972, 3.3784332275390625, -2.169776201248169, 0.6210721731185913, 0.7247809171676636, 0.7918648719787598, -0.18631544709205627, -0.020394597202539444, -0.38407814502716064, -0.26898759603500366, -1.1546657085418701, -0.07885638624429703, 0.06847122311592102, -0.18852072954177856, 0.9195492267608643, 0.05842634290456772, 0.24971237778663635, 0.12538683414459229, 2.2502734661102295, -1.02476167678833, 2.4184765815734863, 1.492732286453247, 0.11596116423606873, -1.2031446695327759, -0.9433000683784485, -1.2977248430252075, 1.2210941314697266, -2.0061402320861816, -0.9776000380516052, 1.511827826499939, -1.2864665985107422, -1.3264209032058716, -0.3633643686771393, -0.5005466938018799, 1.0288021564483643, 2.3875184059143066, -0.039208680391311646, -1.2995259761810303, 0.8226707577705383, -0.09150999039411545, -0.5044397711753845, 0.2965507507324219, -1.7250269651412964, 1.893743872642517, 0.293342262506485, 0.44203174114227295, -0.2751879096031189, -0.5135056972503662, 0.17770947515964508, 1.2455472946166992, 0.09365247935056686, -0.0809900164604187, -0.11654306948184967, 0.811644434928894, -0.36575689911842346, 0.25236234068870544, -1.3387861251831055, 1.8497180938720703, -1.2895368337631226, 1.4779335260391235, -0.6402473449707031, 0.4498957097530365, -0.37430164217948914, -0.3295257091522217, 0.3476584553718567, -0.1028762236237526, 0.8437884449958801, -0.5489067435264587, 0.6327266693115234, -1.177042007446289, -0.27948278188705444, -0.5622632503509521, -0.8933641910552979, -0.18704620003700256, 0.6097027659416199, 1.8891887664794922, -0.7609065771102905, 0.0012620389461517334, 0.013175097294151783, -0.981846809387207, -0.17546534538269043, -2.3679871559143066, -1.223373293876648, -0.9423040151596069, 0.13888952136039734, -0.24038979411125183, 1.5224199295043945, 0.5126256942749023, 0.08216357231140137, -0.01626112312078476, 0.6575129628181458, -1.5923428535461426, -0.0348970927298069, 1.6149048805236816, -0.7683704495429993, 1.3125773668289185, 1.2833256721496582, 0.13475796580314636, 0.5553754568099976, -1.1209295988082886, 1.574332356452942, -0.5667713284492493, 1.4872796535491943, 0.12740245461463928, 0.63038170337677, 0.6470910906791687, -1.4571857452392578, 0.06144116818904877, -1.0642861127853394, 1.0970180034637451, -2.0247743129730225, -0.4144170880317688, 2.3912909030914307, 0.03989012539386749, -0.4022124409675598, -0.8257010579109192, -0.8986484408378601, 0.9620963931083679, 1.8305243253707886, 0.13239358365535736]",yunet,Facenet,1920,1080,/home/amos/media/tv/modern_family/Modern.Family.S09.1080p.DSNP.WEB-DL.DDP5.1.H.264-CRFW/Modern.Family.S09E21.The.Escape.1080p.DSNP.WEB-DL.DDP5.1.H.264-CRFW.mkv,Modern Family,2009,1442437,9,21,Sarah Hyland,91351.0,0.668
625,492,216,744,546,720,336,624,336,0.914,13368,1,"[-0.7268315553665161, -2.85504412651062, -0.602418065071106, -0.19408780336380005, 1.0203367471694946, 1.4131543636322021, 0.7154954671859741, 1.7883182764053345, 0.9748629927635193, -0.4931812286376953, 0.1716786026954651, -0.754612386226654, 0.01312437653541565, 0.13327659666538239, 0.0028038620948791504, -0.39673006534576416, -1.5563851594924927, -0.19398246705532074, 0.3094155788421631, -0.16447465121746063, -0.6062219142913818, -1.4448381662368774, 1.3791956901550293, -1.3744730949401855, -0.06953240931034088, -0.03231004625558853, 1.4508980512619019, -0.9457569122314453, -2.527651786804199, -0.31524792313575745, -1.3254082202911377, 0.38309890031814575, -0.009576385840773582, -1.1168497800827026, -0.27156201004981995, 0.9818581938743591, 0.12762680649757385, 0.4809219241142273, 1.282210350036621, -0.5586259365081787, 1.6587390899658203, 1.2518223524093628, -0.4096048176288605, -1.6170111894607544, 0.9250205159187317, -1.1963180303573608, 0.024182114750146866, 1.5525692701339722, -0.3895419239997864, 0.19340741634368896, 0.13073179125785828, 1.0936356782913208, -0.4522542655467987, -0.10286414623260498, 0.2248358577489853, -0.9228353500366211, 0.34687018394470215, 2.273409605026245, -1.087591528892517, -0.10524851083755493, 2.136563301086426, -1.0750558376312256, 0.19833800196647644, 1.4337130784988403, 1.1303715705871582, -0.4587860703468323, -0.46625852584838867, 0.9965619444847107, -0.3094768226146698, -0.37787020206451416, -0.37758734822273254, 1.046742558479309, -1.9436630010604858, 1.472258448600769, 0.4522877633571625, -1.0863467454910278, -1.171036958694458, 1.8804348707199097, -0.6232085227966309, 0.9283009767532349, -2.835779905319214, 0.3766372501850128, 1.5759592056274414, -0.040957432240247726, -1.6059575080871582, -0.42651158571243286, 2.794079303741455, -0.7266173362731934, -1.5944370031356812, -1.7086787223815918, -0.6708599925041199, -0.32670485973358154, 0.1011134535074234, 1.6351566314697266, -0.26427868008613586, 0.47948116064071655, -1.555836796760559, -0.36233049631118774, -1.2694602012634277, 1.5449812412261963, -0.7488610744476318, 0.17659783363342285, -0.6836091876029968, -0.42203155159950256, -0.46890318393707275, -0.7961442470550537, -0.8654106259346008, -1.479009985923767, 0.358516126871109, 0.7317656874656677, -0.05777962505817413, -0.901453971862793, 1.585927128791809, -0.4137009084224701, -0.7502569556236267, 2.226685047149658, -0.22548995912075043, 0.9126537442207336, -1.2433522939682007, -0.1894780397415161, -1.8423994779586792, 1.1772981882095337, 0.7164339423179626, 0.7343120574951172, -1.142132043838501, -0.14412380754947662, -1.2919954061508179, -0.18570265173912048]",yunet,Facenet,1920,1080,/home/amos/media/tv/modern_family/Modern.Family.S09.1080p.DSNP.WEB-DL.DDP5.1.H.264-CRFW/Modern.Family.S09E21.The.Escape.1080p.DSNP.WEB-DL.DDP5.1.H.264-CRFW.mkv,Modern Family,2009,1442437,9,21,Chris Geere,62879.0,0.718
626,1290,330,1488,588,1404,426,1326,426,0.923,13392,0,"[-0.6836659908294678, -2.0051729679107666, 0.19275455176830292, 2.767962694168091, 0.6064409017562866, 0.4830639660358429, 0.9248234033584595, -1.4267466068267822, -0.9245935678482056, 3.199913263320923, -1.6643129587173462, 0.627000093460083, 0.39432162046432495, 0.5044728517532349, -0.5277624130249023, -0.4967372417449951, -0.32335585355758667, -1.0887898206710815, -1.473228931427002, 0.2851669490337372, -0.3323628306388855, -0.8106346726417542, 1.2113773822784424, 0.018565107136964798, 0.9314733147621155, -0.26081106066703796, 2.0072367191314697, -0.738791286945343, 1.9042675495147705, 1.047034502029419, -0.014005914330482483, -1.3985873460769653, -1.649736762046814, -0.8388746380805969, 0.2839144766330719, -1.5004661083221436, -0.6233845949172974, 1.0917414426803589, -1.0280466079711914, -1.5122036933898926, 0.3247773349285126, -0.10243339091539383, -0.019038990139961243, 2.7640321254730225, 0.0021121641620993614, -1.1048766374588013, 0.6614845991134644, 0.8632773160934448, -0.484683632850647, 0.7466830015182495, -1.3499661684036255, 2.230386734008789, 0.9051510691642761, -0.08993247151374817, 0.03554011508822441, 0.13032110035419464, 0.3527548313140869, 1.093139410018921, 0.8829262852668762, 0.3288843333721161, -0.2113773226737976, -0.14726898074150085, 0.14836642146110535, -0.323121041059494, -1.1372393369674683, 2.066044807434082, -1.5462818145751953, 0.99245685338974, -0.974287748336792, 0.3886287808418274, -0.883388340473175, -0.313167929649353, 0.20787321031093597, 0.33960574865341187, 0.09209083020687103, -0.2990509271621704, 0.10249078273773193, -0.44811195135116577, -0.19130581617355347, 0.017991743981838226, -1.1488882303237915, -0.11976878345012665, 0.7366456389427185, 1.7774957418441772, -0.3328714072704315, -0.1568664014339447, 0.12082996964454651, -1.1279295682907104, 0.43816202878952026, -1.68202543258667, -1.2866222858428955, -0.6686757802963257, 0.32912737131118774, 0.44230014085769653, 1.6477034091949463, 0.4171084463596344, 0.4658024311065674, -0.8098803162574768, 0.1817525327205658, -1.2302416563034058, 0.04218907654285431, 1.1683313846588135, -1.3128576278686523, 0.959852933883667, 0.5545993447303772, 0.33797287940979004, 0.567743182182312, -0.8570969104766846, 1.441491961479187, -0.7094078063964844, 1.0133821964263916, 0.9556789398193359, 1.5000137090682983, 0.03965438902378082, -0.819953441619873, 0.5839908123016357, -1.280258059501648, 0.5964711904525757, -1.8729360103607178, -0.4030313193798065, 2.626948118209839, -0.8981037139892578, -0.49899423122406006, -1.1391518115997314, -1.325283408164978, 1.1960182189941406, 2.2597639560699463, -0.3943645656108856]",yunet,Facenet,1920,1080,/home/amos/media/tv/modern_family/Modern.Family.S09.1080p.DSNP.WEB-DL.DDP5.1.H.264-CRFW/Modern.Family.S09E21.The.Escape.1080p.DSNP.WEB-DL.DDP5.1.H.264-CRFW.mkv,Modern Family,2009,1442437,9,21,Sarah Hyland,91351.0,0.701
627,516,318,744,594,714,432,618,432,0.912,13392,1,"[-0.9534028768539429, -2.4497146606445312, 0.6076899170875549, -1.1466063261032104, -0.34837207198143005, 1.7524850368499756, 0.9222299456596375, 0.02819364331662655, 0.6728913187980652, 0.31836581230163574, 1.3414968252182007, -2.1112136840820312, -0.8358176350593567, 0.24457797408103943, -0.9012855291366577, -0.02936682291328907, -2.1281583309173584, 0.1703997105360031, 0.4285869300365448, -1.6331990957260132, 0.47570642828941345, -0.9274698495864868, 1.0467331409454346, -2.235459089279175, 0.6225011944770813, 2.0700504779815674, 0.7263790369033813, -1.205128788948059, -0.7139168381690979, -0.2815704643726349, -0.9327434301376343, 1.7425180673599243, -0.05603732541203499, -0.26364973187446594, 1.2151415348052979, 0.9313438534736633, -0.07076773792505264, 2.0267062187194824, 1.797661304473877, -1.806329607963562, 1.8597153425216675, 0.7046806812286377, -0.5656708478927612, -2.3886208534240723, -0.47376304864883423, -1.3995401859283447, 0.4355125427246094, 0.7775874137878418, 0.5621047019958496, 0.2687114179134369, 1.0955040454864502, 0.036959223449230194, 0.47607940435409546, -0.8089814186096191, 0.6855512857437134, -1.2001640796661377, -0.016339518129825592, 2.0851476192474365, 0.3918038010597229, -0.022761009633541107, 1.473938226699829, -1.7281432151794434, -1.5304245948791504, 1.615256667137146, 1.7875782251358032, -0.9075613617897034, -0.29279080033302307, 0.7715570330619812, 1.2210673093795776, 0.7131490707397461, -0.3073229193687439, -0.24587002396583557, -2.144130229949951, 1.3224304914474487, 0.13302691280841827, 0.2022944986820221, -0.635124921798706, 1.5767744779586792, -0.2103385180234909, 0.4857546091079712, -1.677032709121704, -0.20751270651817322, 1.6544854640960693, -0.3881061375141144, -1.0893592834472656, -0.0009589195251464844, 2.5006062984466553, 0.22996468842029572, -2.0117053985595703, -1.1254080533981323, -0.8257900476455688, 0.2932158410549164, 0.10104085505008698, 0.8894250392913818, 0.5271683931350708, 1.3841460943222046, -2.509626626968384, 0.6198676824569702, 0.37108391523361206, -0.30154135823249817, -1.4033310413360596, -0.6164326071739197, -1.1261324882507324, -0.9481935501098633, -0.9304580092430115, 0.9262101650238037, 0.30044013261795044, 0.2601161003112793, 0.4413738250732422, -0.6298162341117859, 0.29057222604751587, -1.185851812362671, -0.4085294306278229, 0.10170147567987442, 0.371571809053421, 2.529059886932373, 1.6552902460098267, -0.6386118531227112, -1.8032920360565186, 1.0656898021697998, -0.4721565842628479, 0.20086658000946045, 0.5042198896408081, 1.3484214544296265, -0.9661914110183716, 0.12347813695669174, -0.5069447755813599, -0.049062784761190414]",yunet,Facenet,1920,1080,/home/amos/media/tv/modern_family/Modern.Family.S09.1080p.DSNP.WEB-DL.DDP5.1.H.264-CRFW/Modern.Family.S09E21.The.Escape.1080p.DSNP.WEB-DL.DDP5.1.H.264-CRFW.mkv,Modern Family,2009,1442437,9,21,Chris Geere,62879.0,0.662
628,1152,312,1362,588,1284,420,1194,420,0.926,13416,0,"[-1.0920008420944214, -2.0174310207366943, -0.5890016555786133, 2.7530603408813477, 0.14271003007888794, 0.5365198850631714, 0.2403562217950821, -1.4390687942504883, -1.2971073389053345, 3.4780144691467285, -1.8256254196166992, 0.4992883801460266, 0.06957229971885681, 0.7817946672439575, -0.10921616852283478, -0.30788302421569824, -0.16698192059993744, -0.803717315196991, -0.6458557844161987, 0.21473614871501923, -0.502124547958374, -0.6831548810005188, 1.1137700080871582, 0.5428481101989746, 0.8291565775871277, -0.12929010391235352, 1.9568058252334595, -0.7461923360824585, 1.8407164812088013, 1.6626569032669067, 0.0911959856748581, -1.2900115251541138, -1.576926827430725, -0.5274307131767273, 0.9483697414398193, -1.5618221759796143, -0.6525141000747681, 1.2993038892745972, -0.8745966553688049, -1.0188336372375488, -0.07177354395389557, -0.044851236045360565, 0.37463006377220154, 2.6569113731384277, 0.2556072771549225, -1.4694970846176147, 0.8009118437767029, 0.9965988397598267, -0.27859658002853394, 0.9112602472305298, -1.4310015439987183, 1.9163216352462769, 1.387420415878296, 0.13569919764995575, -0.28414279222488403, 0.06146629527211189, 0.3200785517692566, 1.1169934272766113, 0.6846938729286194, 0.27608612179756165, -0.17022648453712463, 0.22861303389072418, -0.035412564873695374, -0.5760762691497803, -1.3348822593688965, 1.6527234315872192, -1.2681399583816528, 1.4844008684158325, -1.1161646842956543, 0.4708571434020996, -0.25671637058258057, -0.20614579319953918, 0.28971150517463684, 0.6033246517181396, -0.19899927079677582, -0.24129801988601685, 0.9157456159591675, -0.6211709976196289, -0.476046621799469, -0.13578994572162628, -1.2190310955047607, -0.3469865322113037, 0.16853547096252441, 2.0151877403259277, -0.024929344654083252, -0.2163221836090088, 0.12972426414489746, -1.0238717794418335, 0.20818179845809937, -2.15437650680542, -1.2006757259368896, -0.665706217288971, 0.19083069264888763, 0.9195083379745483, 1.4091730117797852, 0.08639725297689438, 0.3544004261493683, -0.2313719242811203, -0.0816916674375534, -1.221656322479248, 0.5036089420318604, 1.0735948085784912, -0.7379889488220215, 0.632622480392456, 0.43163448572158813, -0.16177615523338318, 0.32718557119369507, -1.0984350442886353, 1.325387716293335, -0.8185163736343384, 1.2951781749725342, 0.5677862763404846, 1.181803584098816, 0.4377075433731079, -1.2137902975082397, 0.029806077480316162, -0.8899933099746704, 0.561017632484436, -1.9912675619125366, 0.6739771366119385, 2.4696381092071533, -0.5689544677734375, -0.5698679089546204, -1.2658071517944336, -1.075927972793579, 1.4374980926513672, 2.5678279399871826, -0.2832931876182556]",yunet,Facenet,1920,1080,/home/amos/media/tv/modern_family/Modern.Family.S09.1080p.DSNP.WEB-DL.DDP5.1.H.264-CRFW/Modern.Family.S09E21.The.Escape.1080p.DSNP.WEB-DL.DDP5.1.H.264-CRFW.mkv,Modern Family,2009,1442437,9,21,Sarah Hyland,91351.0,0.679
629,330,198,600,558,570,330,462,330,0.922,13416,1,"[0.0756416916847229, -2.7222306728363037, -1.0285098552703857, -1.0095605850219727, 1.3664522171020508, 1.5688396692276, 0.7809489369392395, 1.5519773960113525, 0.7201424837112427, -0.40866589546203613, 0.4540777802467346, -1.4654698371887207, 0.7246242165565491, 0.5134007930755615, 0.07224537432193756, -0.41832566261291504, -1.4669450521469116, -1.465020775794983, 0.28751319646835327, -1.2392905950546265, -0.30147039890289307, -1.5041885375976562, 0.8848242163658142, -1.8688149452209473, 0.25779926776885986, -0.886849582195282, 1.6589065790176392, -0.8038641214370728, -2.042128324508667, -0.8522983193397522, -0.6358634233474731, 0.8717437982559204, 0.33155786991119385, -0.7788339257240295, -0.5081154704093933, 0.45708009600639343, -0.45486390590667725, 0.6521351933479309, 1.125730276107788, -1.269085168838501, 1.7820382118225098, 1.3217723369598389, -0.3910617530345917, -1.6546523571014404, 0.8147978186607361, -2.257096290588379, 0.16428564488887787, 1.330418348312378, 0.8020598888397217, 0.14815250039100647, -1.1007163524627686, 1.2616218328475952, -1.0770061016082764, 0.03480357676744461, 0.6414632797241211, -1.5263627767562866, -0.18345269560813904, 1.9272069931030273, -0.7376067042350769, -0.023545458912849426, 1.5006873607635498, -1.2395329475402832, 0.6151373386383057, 1.419924020767212, -0.064912810921669, -0.44272905588150024, -1.234239101409912, 0.08868172764778137, -0.32425424456596375, -0.6307457685470581, -1.1937981843948364, 0.4750352203845978, -2.103821039199829, 0.7631574273109436, -0.006052842363715172, -0.8440556526184082, -1.647711157798767, 1.5914820432662964, 0.5199174880981445, 0.5674190521240234, -2.0044713020324707, 1.1434659957885742, 1.8522402048110962, -0.41774022579193115, -1.2840907573699951, -0.2621169984340668, 2.132756471633911, -0.9786553978919983, -0.8855183124542236, -1.5027095079421997, -0.6005104780197144, 0.04447786509990692, -0.18656867742538452, 1.2177467346191406, 0.8479546308517456, 1.537033200263977, -3.218320369720459, -0.5770109295845032, -1.080669641494751, 1.538006067276001, -0.8410400152206421, 0.05064034461975098, -0.9019221067428589, -0.20988091826438904, 0.2777286171913147, -0.08615322411060333, -0.3259524405002594, -0.2233649492263794, -0.39563417434692383, 0.053596071898937225, -0.17842383682727814, -1.4634711742401123, 0.5580934286117554, -0.20950737595558167, -1.3164476156234741, 2.043738842010498, 0.0921572595834732, -0.18126165866851807, -2.093229293823242, -0.5125949382781982, -1.4037463665008545, 1.476396918296814, 0.7079296112060547, 1.1023679971694946, -1.0128246545791626, -0.023904375731945038, -1.2012025117874146, -1.1523487567901611]",yunet,Facenet,1920,1080,/home/amos/media/tv/modern_family/Modern.Family.S09.1080p.DSNP.WEB-DL.DDP5.1.H.264-CRFW/Modern.Family.S09E21.The.Escape.1080p.DSNP.WEB-DL.DDP5.1.H.264-CRFW.mkv,Modern Family,2009,1442437,9,21,Chris Geere,62879.0,0.725
630,1194,312,1392,570,1320,414,1236,414,0.927,13440,0,"[-1.5884698629379272, -2.083646297454834, 0.2482479363679886, 2.4856412410736084, 0.06821316480636597, -0.44390884041786194, 1.2055195569992065, -0.807844340801239, -1.1015101671218872, 2.92746901512146, -1.5418497323989868, 0.43728354573249817, 0.2589731812477112, 0.46644970774650574, -0.02779679000377655, 0.29085099697113037, -0.5569236278533936, -0.950025737285614, -1.9242079257965088, 0.4253929853439331, -0.2579444646835327, -0.9093481302261353, 0.778793454170227, 0.45717334747314453, 0.1487829089164734, 0.45023298263549805, 2.562425374984741, -0.7419265508651733, 1.6934852600097656, 2.158952236175537, -0.0030159279704093933, -0.8690007925033569, -1.1198636293411255, -0.5828744173049927, 0.7198475003242493, -2.147808790206909, -1.3274017572402954, 0.8615032434463501, -0.42891228199005127, -1.073428988456726, -0.5811825394630432, -0.3366786539554596, 0.02689221501350403, 2.4034388065338135, 0.4170994758605957, -1.1506726741790771, 1.194628357887268, 0.7579015493392944, -0.7690860629081726, 0.827569842338562, -1.1241990327835083, 2.0283408164978027, 1.1902692317962646, 0.2259397953748703, -0.23224151134490967, -0.24633732438087463, 1.0886430740356445, 1.2290596961975098, 0.2371082901954651, 1.1536638736724854, -0.263843834400177, 0.3606571555137634, -0.4904807209968567, -0.3531854748725891, -0.27161532640457153, 1.357453465461731, -1.0543086528778076, 0.9732240438461304, -1.038948655128479, 1.2038145065307617, -0.1911846399307251, -0.03851557523012161, 0.5097360014915466, 0.8379061222076416, 0.11240582168102264, -0.6580020189285278, 0.4829934537410736, -1.0213557481765747, -0.13613981008529663, -0.15036603808403015, -1.1547902822494507, -0.5858231782913208, 0.9737427234649658, 1.4559229612350464, 0.08654456585645676, 0.0540454238653183, 0.3473948836326599, -1.407106637954712, 0.053581103682518005, -1.9294856786727905, -1.4147100448608398, -0.3021393120288849, -0.10833467543125153, 0.41607528924942017, 1.3481926918029785, 0.5360709428787231, 0.28871312737464905, 0.11797590553760529, -0.35760727524757385, -1.920162558555603, 0.3989049196243286, 0.3373680114746094, -1.2364040613174438, 1.449813723564148, 1.0456382036209106, 0.006659515202045441, 0.04683539271354675, -0.922602653503418, 1.4552643299102783, 0.23672671616077423, 1.1637306213378906, 0.19740016758441925, 1.2797093391418457, 0.3676428496837616, -1.1775484085083008, -0.08807533979415894, -0.9648178815841675, 0.5911637544631958, -1.6602952480316162, -0.5994114279747009, 3.365448474884033, -0.6323535442352295, -1.2286856174468994, -1.0569123029708862, -1.5608030557632446, 0.974554717540741, 1.4416602849960327, -0.5751257538795471]",yunet,Facenet,1920,1080,/home/amos/media/tv/modern_family/Modern.Family.S09.1080p.DSNP.WEB-DL.DDP5.1.H.264-CRFW/Modern.Family.S09E21.The.Escape.1080p.DSNP.WEB-DL.DDP5.1.H.264-CRFW.mkv,Modern Family,2009,1442437,9,21,Sarah Hyland,91351.0,0.653
631,342,162,600,504,570,282,468,282,0.92,13440,1,"[0.14148321747779846, -2.514012336730957, -1.2152904272079468, -0.7897403836250305, 1.6637578010559082, 1.351218819618225, 0.5102580785751343, 1.7381656169891357, 0.8226414322853088, -0.6686871647834778, -0.07697124779224396, -1.1882728338241577, 0.6342911124229431, 0.8564921617507935, 0.4136083126068115, 0.019550058990716934, -1.1882017850875854, -0.9845749139785767, 0.9276961088180542, -0.3497089147567749, -0.8406565189361572, -0.5946305394172668, 0.8794266581535339, -1.1267261505126953, 0.23461347818374634, -0.08933994919061661, 1.249528169631958, -1.3519461154937744, -1.518921136856079, -0.6379384398460388, -0.4987008273601532, 0.5657082200050354, 1.2220683097839355, -0.8745050430297852, -0.6386868357658386, 0.9742245078086853, 0.09540661424398422, 1.104427695274353, 1.314556360244751, -0.4818914830684662, 1.5511586666107178, 1.8897923231124878, -0.5613687038421631, -1.9033074378967285, 0.272095650434494, -1.7313567399978638, -0.8450601696968079, 1.7849093675613403, 0.35573965311050415, 0.2864648103713989, -0.1169385313987732, 1.34079110622406, -0.9896957874298096, 0.17512311041355133, 0.7184776067733765, -1.4391807317733765, 0.525515615940094, 1.6791887283325195, -0.85837322473526, -0.00633750855922699, 1.5002615451812744, -1.421066403388977, 0.326433390378952, 1.537732720375061, 0.28729069232940674, -0.7968358397483826, -0.4018782377243042, 0.4415411651134491, -0.18652403354644775, -0.4708041548728943, -0.9157441854476929, 0.7338346242904663, -2.293351650238037, 1.2549227476119995, -0.07236865162849426, -1.0252786874771118, -1.6822623014450073, 0.9667776823043823, -0.09488948434591293, 0.5007897615432739, -2.1975362300872803, 1.209596037864685, 1.4201478958129883, 0.18203198909759521, -1.471205472946167, -0.20229659974575043, 2.3990347385406494, -0.5413519144058228, -1.427647590637207, -1.3499295711517334, -0.5571401715278625, 0.4660472571849823, 0.2985757887363434, 1.0926295518875122, -0.24708646535873413, 0.6398864388465881, -2.27825927734375, -0.49100548028945923, -1.6749458312988281, 1.250764012336731, -0.8545805215835571, -0.48747876286506653, -1.5008635520935059, -0.30841371417045593, -0.03339223563671112, -0.8141592144966125, -1.0379427671432495, -1.3834470510482788, 0.17489752173423767, 0.5236390829086304, -0.5484158992767334, -1.436242938041687, 1.0814688205718994, -0.17234502732753754, -0.7094092965126038, 1.1319743394851685, -0.2966495156288147, -0.31891486048698425, -0.6529204845428467, -0.10883554816246033, -1.6947760581970215, 1.3763858079910278, 0.27833306789398193, 0.6633448004722595, -0.44707727432250977, 0.0320109948515892, -0.9386357069015503, -0.467118501663208]",yunet,Facenet,1920,1080,/home/amos/media/tv/modern_family/Modern.Family.S09.1080p.DSNP.WEB-DL.DDP5.1.H.264-CRFW/Modern.Family.S09E21.The.Escape.1080p.DSNP.WEB-DL.DDP5.1.H.264-CRFW.mkv,Modern Family,2009,1442437,9,21,Chris Geere,62879.0,0.717
632,1164,294,1350,534,1290,384,1194,378,0.923,13464,0,"[-1.2802186012268066, -2.021145820617676, 0.14846926927566528, 2.198786497116089, 0.26402363181114197, 0.2503650486469269, 0.5776587128639221, -0.6756404638290405, -0.5086263418197632, 3.243046522140503, -1.9838157892227173, 0.9542696475982666, -0.055616334080696106, 0.9428495168685913, -0.6819179058074951, -0.1638818234205246, -0.7767033576965332, -0.39377015829086304, -0.9171462655067444, 0.40645912289619446, -0.14624089002609253, -0.387772798538208, 0.8452419638633728, -0.028374597430229187, 0.5284361243247986, -0.061591170728206635, 1.4103742837905884, -1.1101255416870117, 2.092616081237793, 1.6448917388916016, 0.2335004210472107, -1.5825731754302979, -1.143434762954712, -1.3311724662780762, 0.8632014393806458, -2.144331693649292, -1.366678237915039, 1.4444104433059692, -0.832155168056488, -1.775404930114746, -0.37627559900283813, 0.09652034938335419, 0.2573125958442688, 2.576585292816162, 0.7796122431755066, -1.3214354515075684, 0.33566468954086304, 0.9409880638122559, -0.42659884691238403, 1.4612245559692383, -1.5007487535476685, 1.9499034881591797, 1.4670833349227905, -0.4104461669921875, -0.7074781656265259, -0.6022710800170898, 1.045379638671875, 1.3707627058029175, 0.6027688980102539, 0.301361083984375, -0.061096303164958954, 0.8118040561676025, -0.5025253295898438, -0.02151915431022644, -1.1026958227157593, 1.6238387823104858, -1.0465203523635864, 0.3279617726802826, -0.7331924438476562, 0.6522674560546875, -0.4911741018295288, -0.8048025369644165, 0.10867440700531006, 0.21071244776248932, -0.23593196272850037, -1.5083163976669312, 0.5030148029327393, -0.9002196788787842, 0.18854212760925293, -0.16211733222007751, -0.6088178157806396, -1.0366828441619873, 1.023804783821106, 1.3399776220321655, -0.6427417993545532, -0.032538965344429016, 0.432066410779953, -0.7457788586616516, 0.03961502015590668, -1.7490211725234985, -1.293657898902893, -0.19249090552330017, -0.6102097630500793, 0.5174630880355835, 1.4796346426010132, 0.11700712889432907, 0.34766554832458496, -0.7159693241119385, -0.29188016057014465, -1.3923563957214355, 0.0021856650710105896, 1.1658645868301392, -0.8078413605690002, 1.1659682989120483, 0.964457094669342, 0.11653423309326172, 0.7393916249275208, -1.0868717432022095, 1.3870118856430054, -0.06380143016576767, 1.424082636833191, 0.11957527697086334, 0.9693353176116943, 1.3187029361724854, -1.2559616565704346, -0.18667370080947876, -0.6372532844543457, 0.7110327482223511, -1.860867977142334, -0.6609656810760498, 2.448585271835327, -0.3930620551109314, -1.3280844688415527, -0.6177505850791931, -0.9915667772293091, 0.4941605031490326, 1.853423833847046, -0.6908954381942749]",yunet,Facenet,1920,1080,/home/amos/media/tv/modern_family/Modern.Family.S09.1080p.DSNP.WEB-DL.DDP5.1.H.264-CRFW/Modern.Family.S09E21.The.Escape.1080p.DSNP.WEB-DL.DDP5.1.H.264-CRFW.mkv,Modern Family,2009,1442437,9,21,Sarah Hyland,91351.0,0.686
633,366,192,606,516,582,324,516,318,0.915,13464,1,"[0.3371829390525818, -1.31840181350708, -1.1282588243484497, -0.45036715269088745, 1.0620977878570557, 1.4627313613891602, 0.32305648922920227, 1.769953727722168, 1.420318365097046, -0.5914685726165771, 0.3584385812282562, -1.437602162361145, -1.532706379890442, 0.9103270769119263, 0.3504010736942291, 0.3138306736946106, -1.3100001811981201, -1.0615748167037964, 0.2005874663591385, -0.013184608891606331, -0.5473973751068115, 0.03733661770820618, 0.3595080077648163, -0.038748763501644135, 1.0013588666915894, -0.20065617561340332, 1.5272510051727295, -2.024080276489258, -0.5737197995185852, -0.32209712266921997, -0.44910624623298645, 0.2562691569328308, -0.6352440714836121, 0.581710934638977, -0.3214861750602722, 1.892297387123108, -0.7407138347625732, 0.24733495712280273, 0.7257300615310669, -0.2637942135334015, 0.4554801285266876, 1.4846343994140625, -1.1813021898269653, -1.142625093460083, 0.33668386936187744, -1.032607078552246, -0.7261123061180115, 1.2202777862548828, -0.11664846539497375, 0.014024501666426659, -0.007261022925376892, 0.9232919216156006, 0.06833449006080627, 0.7274846434593201, 0.1739378720521927, -1.9838961362838745, 0.6874151825904846, 1.2039719820022583, -1.939273715019226, 0.05453577637672424, 1.1164307594299316, -0.014237962663173676, -0.08410502970218658, 1.2445632219314575, 1.2731832265853882, -0.05195668339729309, -0.04859574884176254, 0.7169984579086304, -0.49133673310279846, -0.4681330919265747, 0.42652592062950134, 0.5443447828292847, -2.043955087661743, 1.0914591550827026, 0.6836624145507812, -0.30888697504997253, -1.1052390336990356, 1.958196759223938, -0.008184172213077545, 1.4537084102630615, -2.289546251296997, 1.013264536857605, 1.3518377542495728, -0.6955696940422058, -1.0425564050674438, 0.3561675250530243, 1.3477164506912231, -0.2426593005657196, -0.35927385091781616, -1.9692583084106445, 0.49932801723480225, 0.9311419725418091, 0.020228248089551926, 1.5896649360656738, 0.3840842545032501, 1.3688377141952515, -2.518766164779663, -0.337474524974823, -0.420138418674469, 1.7094690799713135, -0.7831113338470459, 0.14800763130187988, -1.766680121421814, -0.3345843255519867, 0.36491864919662476, -1.11600923538208, -1.0834182500839233, -0.05776308476924896, 0.0877566933631897, -0.6356918215751648, -0.5056149959564209, -1.8752669095993042, 1.41011381149292, -1.0921440124511719, -0.9329479336738586, 2.0819177627563477, -0.08854098618030548, 0.6756107211112976, -0.6767134666442871, 0.3942834436893463, -1.2322368621826172, 0.9953854084014893, 0.1693357676267624, -1.049060583114624, 0.06444797664880753, -0.0717969536781311, -1.2136346101760864, -1.233462929725647]",yunet,Facenet,1920,1080,/home/amos/media/tv/modern_family/Modern.Family.S09.1080p.DSNP.WEB-DL.DDP5.1.H.264-CRFW/Modern.Family.S09E21.The.Escape.1080p.DSNP.WEB-DL.DDP5.1.H.264-CRFW.mkv,Modern Family,2009,1442437,9,21,Chris Geere,62879.0,0.633
634,372,186,600,504,588,306,528,306,0.917,13488,0,"[-0.43913814425468445, -2.0457165241241455, -0.8836352825164795, -1.2312930822372437, 0.6974341869354248, 1.4834016561508179, 0.36861708760261536, 1.9879324436187744, 1.1991928815841675, 0.039655838161706924, -0.5715203881263733, -1.739390254020691, -0.970883846282959, 1.1689201593399048, 0.054448217153549194, -0.22714601457118988, -1.9719135761260986, -1.0481228828430176, 0.785992443561554, -0.9001909494400024, -0.3423011898994446, -0.8546323776245117, -0.7553529143333435, -0.17325222492218018, 0.4059167206287384, 0.17970813810825348, 2.0736210346221924, -1.9249898195266724, -1.5561572313308716, -0.8490563631057739, -0.42471909523010254, 1.0595194101333618, 0.8718358874320984, -0.5386559963226318, -0.8716687560081482, 1.1119540929794312, -0.1872636377811432, -0.0513015016913414, 1.782531976699829, -0.8667869567871094, 0.9231138825416565, 1.3279683589935303, -0.904778242111206, -1.9742273092269897, 0.19822131097316742, -1.148611307144165, -1.0967875719070435, 1.876184105873108, 0.374489963054657, -0.2913685441017151, -0.5905300378799438, 1.337967872619629, -0.3562543988227844, 0.5632337331771851, 0.7356274724006653, -1.7661540508270264, 0.7188344597816467, 1.120386004447937, -1.097388744354248, 0.24705788493156433, 0.6944127678871155, -0.520217776298523, -0.0036870241165161133, 2.1986238956451416, 1.3888120651245117, 0.2134305238723755, 0.00640520453453064, 0.20256443321704865, 0.4679967164993286, -0.1475764960050583, 0.08194444328546524, 0.3096429705619812, -1.9183822870254517, 1.4145468473434448, 0.20575828850269318, -1.1456433534622192, -1.7517489194869995, 1.2416291236877441, 0.44922536611557007, 1.66274893283844, -1.9185419082641602, 0.42712441086769104, 1.7793464660644531, -0.4856540858745575, -0.6039001941680908, 0.5821914672851562, 1.1232633590698242, 0.2600773572921753, -1.2058134078979492, -0.7877382636070251, 0.23494425415992737, 0.8702603578567505, -0.07850871980190277, 1.833690881729126, -0.23674136400222778, 1.8987739086151123, -2.9246153831481934, 0.13548462092876434, -0.9223006367683411, 1.616729974746704, -1.511096715927124, -0.5085219740867615, -0.8856672644615173, -0.28278350830078125, -0.4670891761779785, -1.3415937423706055, -1.5777299404144287, 0.03740653023123741, -0.2992638051509857, 0.21517877280712128, -0.45956724882125854, -2.687758445739746, 0.45400112867355347, -0.105160191655159, -1.133252739906311, 1.7624040842056274, 0.633737325668335, 0.5745260119438171, -0.5244075059890747, 0.39475932717323303, -1.1029794216156006, 0.782436728477478, -0.16151446104049683, 0.011663203127682209, -0.9468930959701538, 0.11546958237886429, -0.2784402072429657, -1.0258240699768066]",yunet,Facenet,1920,1080,/home/amos/media/tv/modern_family/Modern.Family.S09.1080p.DSNP.WEB-DL.DDP5.1.H.264-CRFW/Modern.Family.S09E21.The.Escape.1080p.DSNP.WEB-DL.DDP5.1.H.264-CRFW.mkv,Modern Family,2009,1442437,9,21,Chris Geere,62879.0,0.628
635,1188,306,1380,546,1338,396,1254,390,0.91,13488,1,"[-1.0860029458999634, -1.3814871311187744, 0.9616085886955261, 2.409794569015503, 1.3953454494476318, -0.5154402852058411, 0.4902881383895874, -2.093823194503784, -0.7464754581451416, 3.1954846382141113, -1.2817288637161255, 1.2634892463684082, 0.7935347557067871, -0.018623746931552887, -0.1406351923942566, 1.0852012634277344, -0.9467270374298096, -1.326594591140747, -1.2789585590362549, 0.6469866037368774, -0.17589083313941956, 0.36310431361198425, 0.18404847383499146, 1.282487392425537, 0.17454922199249268, -0.29244986176490784, 1.350512981414795, -0.8282674551010132, 2.5500266551971436, 1.2742561101913452, 0.7664934396743774, -2.007725238800049, -1.5425041913986206, -0.3088221549987793, 0.6010732650756836, -0.8374922275543213, -1.060575008392334, 1.155806064605713, 0.05929930508136749, -1.0755622386932373, 0.35207340121269226, 0.40674448013305664, -0.04392199218273163, 1.9840044975280762, -0.05105619132518768, -0.2675985097885132, 0.031074661761522293, 1.0927942991256714, -0.2137988954782486, 0.8506596088409424, -1.7928622961044312, 2.2125351428985596, 1.1989572048187256, 0.656836748123169, -0.9534426927566528, -0.07550087571144104, 1.338922142982483, -0.09979230910539627, 1.0914933681488037, 1.558785319328308, -0.07157142460346222, 0.5239276885986328, -1.0288622379302979, 0.06114726886153221, -0.15314018726348877, 1.6519047021865845, 0.3856152296066284, 0.11592790484428406, -0.8968676328659058, 1.3694530725479126, -0.6622472405433655, -0.12472005188465118, -0.466409832239151, 1.3540908098220825, 0.030271360650658607, -0.9746637940406799, 0.08723369240760803, -0.5417875647544861, -0.4839779734611511, -0.16138264536857605, -0.5009787678718567, -1.0439515113830566, 1.0454671382904053, 1.7089840173721313, -0.2498578429222107, -0.37683331966400146, 0.36692070960998535, -0.3233482241630554, -0.8585876226425171, -1.6488564014434814, -0.8124215602874756, 0.5942999124526978, 0.8753880262374878, -0.29864227771759033, 2.011106014251709, 0.039631906896829605, 0.49703285098075867, -0.37761184573173523, 0.5072129368782043, -1.3652969598770142, -0.652722179889679, 0.04770532250404358, -2.4996509552001953, 1.1265445947647095, 1.2880316972732544, 0.9247552156448364, 0.05862540379166603, -0.5959358215332031, 0.9708436727523804, -0.9100074768066406, 1.4585955142974854, 0.0704791471362114, 1.3495794534683228, 0.18448413908481598, -0.35272032022476196, 0.4454016387462616, -0.7099610567092896, 0.9703050851821899, -1.5302470922470093, 0.16812363266944885, 2.8564329147338867, -1.796209692955017, -0.6300124526023865, -1.6324414014816284, -0.06345666944980621, 0.27823585271835327, 1.9765210151672363, -0.6039098501205444]",yunet,Facenet,1920,1080,/home/amos/media/tv/modern_family/Modern.Family.S09.1080p.DSNP.WEB-DL.DDP5.1.H.264-CRFW/Modern.Family.S09E21.The.Escape.1080p.DSNP.WEB-DL.DDP5.1.H.264-CRFW.mkv,Modern Family,2009,1442437,9,21,Sarah Hyland,91351.0,0.726
636,270,198,540,534,498,324,378,318,0.919,13512,0,"[0.32523423433303833, -2.169774055480957, -0.3709222972393036, -0.9491649270057678, 0.13469712436199188, 1.6634899377822876, 1.0458239316940308, 1.0597705841064453, 0.26319682598114014, -1.1505424976348877, 0.55953049659729, -1.0433802604675293, 0.023748457431793213, 1.2957113981246948, -0.48638227581977844, 0.09131431579589844, -1.4861971139907837, -0.8779125809669495, 0.49550342559814453, -0.6853634119033813, -0.005751349031925201, -1.0368468761444092, 1.089895486831665, -2.24739146232605, 0.6741102933883667, -0.12578657269477844, 1.5609960556030273, -1.3560210466384888, -1.4956923723220825, -0.4784305989742279, -1.1627203226089478, 1.732992172241211, 0.2882670760154724, 0.018604330718517303, -0.2388458549976349, 0.03629882261157036, 0.12903323769569397, 0.7509599328041077, 1.770766258239746, -1.332362413406372, 1.296684741973877, 1.3923546075820923, -0.9885532855987549, -2.594093084335327, -0.12562596797943115, -1.7419880628585815, -0.6530945301055908, 1.5211290121078491, 0.25156348943710327, 0.9111813306808472, 0.2782929241657257, 0.5596153736114502, 0.5301531553268433, -0.26153016090393066, 1.336438536643982, -1.0942307710647583, 0.7093238830566406, 2.097508192062378, -0.4729982018470764, -0.23123425245285034, 0.8355942368507385, -1.155093789100647, -0.012459415942430496, 2.3492937088012695, 1.0351148843765259, -1.052460789680481, -0.1905752718448639, -0.13111044466495514, -0.5013761520385742, -0.048198554664850235, -0.4466797411441803, 0.9226768016815186, -2.281677722930908, 2.020277976989746, -0.3171475827693939, -0.813589334487915, -1.3799726963043213, 1.559717059135437, 0.2856568992137909, -0.08544236421585083, -2.0607757568359375, 0.9430389404296875, 1.5012147426605225, -0.4440242350101471, -0.07927075773477554, -0.43816259503364563, 2.647500991821289, -0.9143047332763672, -2.128777027130127, -1.6442729234695435, -0.8561211228370667, 0.5050209164619446, -0.28402912616729736, 0.8368730545043945, 0.6059221625328064, 1.165412187576294, -1.8092514276504517, -0.15037353336811066, -0.5273967981338501, 0.06258554011583328, -1.4229135513305664, -0.7063083648681641, -1.0038388967514038, -0.12522119283676147, -0.31711962819099426, 0.015613231807947159, -0.28170907497406006, -0.21337223052978516, -0.10949346423149109, -0.384963721036911, 0.01546412892639637, -1.2761880159378052, 0.9739233255386353, -0.2714477479457855, -0.704240083694458, 2.1168742179870605, 1.1406818628311157, 0.5152072906494141, -1.6014691591262817, 0.12395013868808746, -0.9188756346702576, 0.8752917051315308, 1.1083805561065674, 0.7158381938934326, -0.9589225053787231, 0.4349266588687897, -1.8438818454742432, -0.7530269622802734]",yunet,Facenet,1920,1080,/home/amos/media/tv/modern_family/Modern.Family.S09.1080p.DSNP.WEB-DL.DDP5.1.H.264-CRFW/Modern.Family.S09E21.The.Escape.1080p.DSNP.WEB-DL.DDP5.1.H.264-CRFW.mkv,Modern Family,2009,1442437,9,21,Chris Geere,62879.0,0.803
637,1428,270,1632,564,1506,408,1446,408,0.915,13536,0,"[0.2203907072544098, -0.4679878056049347, 1.0173677206039429, -0.8124980330467224, 1.9214533567428589, -1.2175549268722534, -0.3666612207889557, 1.9634021520614624, 1.9258394241333008, -1.3705079555511475, 1.2866237163543701, 0.3105953633785248, 0.5210341811180115, -0.42031604051589966, -1.0252559185028076, 0.9545592069625854, -0.5817559957504272, 0.757390558719635, -0.4849500060081482, 1.2712278366088867, -0.010580532252788544, 0.47785496711730957, 0.7360290288925171, 0.644835352897644, -0.3156290650367737, 0.5863226652145386, 1.6757973432540894, -1.7123019695281982, -0.2063976675271988, -1.0018402338027954, 0.456603080034256, -0.08796873688697815, 0.5289417505264282, 0.046312667429447174, -1.8160383701324463, 0.3185126483440399, -0.30999359488487244, 0.3328779339790344, -0.08692504465579987, 0.3956925868988037, -0.9581378698348999, -0.34825125336647034, 0.7983815670013428, 1.0468477010726929, -1.1567583084106445, -0.018250301480293274, -0.21928755939006805, -1.1740355491638184, -0.6665254235267639, 0.16152462363243103, -0.057136669754981995, -0.05757464841008186, -0.5694396495819092, 0.8573073744773865, 1.0734597444534302, -1.5462150573730469, 0.2268114984035492, 0.8312798142433167, -1.468868613243103, 0.9207000732421875, 0.6201983690261841, -0.1449667513370514, -1.0657939910888672, 0.6133784651756287, 0.8385910987854004, -0.3058633804321289, -1.2107216119766235, -0.9045711159706116, -1.530443787574768, 0.8563424348831177, -0.5700258612632751, 0.4985661208629608, -0.9280573129653931, 1.3905202150344849, 1.0026514530181885, -0.27619361877441406, -1.1082960367202759, 1.0196031332015991, 0.2711470425128937, -0.2561770975589752, -1.216737151145935, -0.03450939059257507, 1.7472270727157593, 0.09274842590093613, 0.057319238781929016, 0.8883633613586426, 0.5472031831741333, -1.2894998788833618, -0.43024951219558716, -1.6738295555114746, -0.47885575890541077, 0.0362740159034729, -1.3384513854980469, -2.1350321769714355, 0.8225850462913513, -0.17456267774105072, -2.4285638332366943, -0.8870579600334167, 0.07664540410041809, -2.736485719680786, -0.688031792640686, 0.13406363129615784, -0.7954006195068359, -0.15487168729305267, 1.08741295337677, -0.18565694987773895, 0.23709119856357574, 0.09156029671430588, -0.239341601729393, -0.9704644680023193, 1.0008482933044434, -1.0318132638931274, 1.1481375694274902, -0.19681350886821747, -0.477444052696228, 1.8226251602172852, -0.22864502668380737, -0.21669572591781616, -0.22614198923110962, -0.5657229423522949, -0.10293582081794739, -0.45392531156539917, -0.8657399415969849, -0.2376537173986435, -0.47246450185775757, -1.6601091623306274, -1.657226800918579, -0.20057381689548492]",yunet,Facenet,1920,1080,/home/amos/media/tv/modern_family/Modern.Family.S09.1080p.DSNP.WEB-DL.DDP5.1.H.264-CRFW/Modern.Family.S09E21.The.Escape.1080p.DSNP.WEB-DL.DDP5.1.H.264-CRFW.mkv,Modern Family,2009,1442437,9,21,,,
638,246,204,486,540,456,330,396,330,0.913,13560,0,"[0.1423371285200119, -2.1904683113098145, -1.2677122354507446, -1.376947045326233, 1.3014333248138428, 1.5165798664093018, 0.302774578332901, 1.6508394479751587, 0.9167553186416626, -0.30252277851104736, -0.458901047706604, -1.10152006149292, -0.11647102236747742, 1.2432883977890015, -0.289987713098526, 0.025619711726903915, -1.2316533327102661, -1.3988062143325806, 1.3294298648834229, -0.793665885925293, -0.12649399042129517, -0.12330164760351181, 1.0710163116455078, -0.5531754493713379, 0.5284157991409302, 0.2301444113254547, 1.0176814794540405, -1.6591252088546753, -0.8185564279556274, -0.8713008165359497, -1.6960808038711548, 0.9037024974822998, 0.5428555011749268, 0.14820191264152527, -0.5602158308029175, 1.7242108583450317, -0.8802280426025391, 1.161124587059021, 0.5750112533569336, -1.7301206588745117, 1.1170356273651123, 0.917438805103302, -1.6046338081359863, -1.4900145530700684, 0.23075729608535767, -1.7394195795059204, -0.5732585787773132, 1.5151182413101196, 0.8138603568077087, -0.43407705426216125, 0.48508745431900024, 1.0654863119125366, -1.406663417816162, -1.4458736181259155, 0.2769908010959625, -0.91656094789505, -0.08897159993648529, 1.1413105726242065, 0.20541787147521973, 0.6346784234046936, 0.43511664867401123, -0.8763015270233154, -0.8978263735771179, 1.266020655632019, 1.3020025491714478, -0.8558361530303955, -0.1943070888519287, 0.6335076689720154, 0.7175813913345337, -0.12789957225322723, -0.39054208993911743, 0.4796697199344635, -2.5028045177459717, 1.8499912023544312, 0.6118025183677673, -0.7868850827217102, -1.2943329811096191, 0.5848067998886108, -0.5213168859481812, 0.004828207194805145, -2.1254677772521973, 1.33253014087677, 1.007731318473816, 0.03468102961778641, -0.9956274032592773, -0.10982263833284378, 2.469282627105713, -0.6988909840583801, -1.7182693481445312, -1.2231967449188232, 0.09784772992134094, 1.0120320320129395, 0.41772890090942383, 0.5864995718002319, -0.09962251782417297, 0.916715145111084, -1.6997220516204834, 0.026773622259497643, -0.5826070308685303, 1.9191832542419434, -1.619907259941101, -1.4079726934432983, -1.5865980386734009, -0.3650108575820923, -0.858140230178833, -0.9536741375923157, 0.09911689162254333, -0.6841665506362915, 0.20682284235954285, -0.26052233576774597, -0.43835264444351196, -1.7759288549423218, 0.49390244483947754, 0.17067548632621765, 0.637641429901123, 1.4472696781158447, 1.5153446197509766, 0.545136570930481, -0.8142269849777222, 0.9692305326461792, -0.24343065917491913, 1.6328153610229492, -0.5232899785041809, 1.1067436933517456, -0.6291275024414062, -0.12930357456207275, -1.0481497049331665, -0.7778012156486511]",yunet,Facenet,1920,1080,/home/amos/media/tv/modern_family/Modern.Family.S09.1080p.DSNP.WEB-DL.DDP5.1.H.264-CRFW/Modern.Family.S09E21.The.Escape.1080p.DSNP.WEB-DL.DDP5.1.H.264-CRFW.mkv,Modern Family,2009,1442437,9,21,Chris Geere,62879.0,0.676
639,1098,258,1296,504,1260,354,1170,354,0.912,13560,1,"[-0.9389338493347168, -1.791136622428894, 0.25749003887176514, 2.8352255821228027, 0.7547807097434998, 0.449329137802124, 0.7365579605102539, -0.9606595635414124, -0.5234100818634033, 3.1386497020721436, -1.9756184816360474, 1.4166072607040405, 0.5116621255874634, 0.45336076617240906, -2.395927667617798, -1.1459743976593018, -1.1731796264648438, -0.4137907028198242, -0.23279574513435364, 0.009010696783661842, 0.03297071158885956, -0.31796079874038696, 1.1183055639266968, 0.7682408690452576, 0.5879461169242859, 0.5952616333961487, 1.149256944656372, -0.7752628922462463, 2.506256341934204, 0.6485486030578613, 1.1056309938430786, -1.727256417274475, -0.32998204231262207, -1.5700150728225708, 0.7077578902244568, -1.2920958995819092, -2.3426852226257324, 1.4142706394195557, -0.9083033204078674, -0.970415472984314, 0.3289399743080139, 1.4089927673339844, 0.7474544048309326, 2.030914306640625, -0.03854448348283768, -0.8075048327445984, -0.32963091135025024, 1.8964389562606812, -0.37756186723709106, 0.2721593379974365, 0.4944603443145752, 2.16597056388855, 2.2087061405181885, -0.6034182906150818, 0.1166883111000061, 0.567977786064148, 0.8308627605438232, 0.2119523584842682, -0.03271572291851044, 0.09443443268537521, -0.07936252653598785, 0.01611926406621933, -1.1296449899673462, -0.42572885751724243, -0.6769518852233887, 1.6912715435028076, -0.6456660628318787, 1.173442006111145, -0.5039724111557007, 1.4926650524139404, -0.1647842526435852, 0.5419765710830688, -0.0872349888086319, 0.8512206673622131, -0.5968132615089417, -1.1235368251800537, 0.8499659299850464, 0.7476309537887573, -0.023751750588417053, -0.1689087599515915, -0.7176182866096497, 0.005112847313284874, 2.0718626976013184, 0.39249542355537415, -1.0193392038345337, 0.7748992443084717, 0.8896597027778625, -0.6223251223564148, 0.48266127705574036, -0.6889205574989319, -0.9499132037162781, 1.0864272117614746, -0.12911954522132874, 1.9448634386062622, 2.210296392440796, -0.11244717240333557, 0.7926806211471558, -0.7115553617477417, 0.48362427949905396, -1.2571848630905151, 0.10122960805892944, 0.7333171367645264, -0.29827913641929626, 0.9458864331245422, 0.057720161974430084, -0.18251632153987885, 0.8995914459228516, 0.04850047081708908, 1.1029727458953857, -1.4518593549728394, 0.7192935347557068, 1.058488368988037, 0.4074373245239258, 1.2786664962768555, -0.5426172018051147, 1.4259365797042847, -0.20233690738677979, 1.0650990009307861, -0.5698265433311462, -1.5592992305755615, 1.9660090208053589, -0.7132641077041626, -1.1474313735961914, -0.677198052406311, 0.24399839341640472, -0.0009071230888366699, 1.3816524744033813, -0.9582561254501343]",yunet,Facenet,1920,1080,/home/amos/media/tv/modern_family/Modern.Family.S09.1080p.DSNP.WEB-DL.DDP5.1.H.264-CRFW/Modern.Family.S09E21.The.Escape.1080p.DSNP.WEB-DL.DDP5.1.H.264-CRFW.mkv,Modern Family,2009,1442437,9,21,Sarah Hyland,91351.0,0.61
640,744,174,984,474,936,282,828,288,0.908,13584,0,"[-0.8813196420669556, -1.382084608078003, 0.4751860201358795, 2.4041714668273926, 1.0342358350753784, -0.14656652510166168, -0.1486230343580246, -2.5290133953094482, 0.10210400074720383, 2.988374948501587, -1.2410602569580078, 1.6607089042663574, 0.9283077716827393, 0.3831563889980316, -1.1259369850158691, -0.07616457343101501, -0.38998672366142273, -1.0513572692871094, -1.2590789794921875, 1.13368821144104, -0.36164391040802, 0.6642716526985168, 1.2010551691055298, 0.11262355744838715, 1.1659287214279175, 0.6100785136222839, 2.4695475101470947, -0.9562637805938721, 2.319108724594116, -0.051771342754364014, 0.827583909034729, -1.4949321746826172, -0.20755784213542938, -1.4168256521224976, 0.88704913854599, 0.20385296642780304, -1.1070984601974487, 0.7940168380737305, -0.20678013563156128, -0.21994200348854065, -0.35558128356933594, 0.05913732200860977, 0.1593858152627945, 1.644402265548706, -0.4921306073665619, -0.7219023108482361, -0.4923875033855438, 0.2954208254814148, -0.8943661451339722, 0.3978116810321808, -0.9291922450065613, 1.9823516607284546, 0.8722655177116394, 0.7068513631820679, -0.27234143018722534, -0.6571410894393921, 0.6872119307518005, 0.4181106388568878, -0.2485637068748474, -0.1977916955947876, 0.7140312194824219, -1.049941897392273, -0.6197828054428101, -1.5522125959396362, -0.5069366693496704, 1.7641271352767944, 0.33325064182281494, 0.9339394569396973, -0.7808096408843994, 1.1468700170516968, -0.7866759300231934, -0.15952886641025543, -0.18212994933128357, 0.5119615793228149, 0.5898126363754272, -0.9035037755966187, 1.5329220294952393, -1.013864278793335, 0.3814454674720764, -0.38811928033828735, -0.047410547733306885, 0.31981921195983887, 1.9109165668487549, 2.7279677391052246, -1.2465873956680298, 1.0705946683883667, 0.2017296403646469, -1.0240750312805176, 0.46214017271995544, -0.9164925217628479, -1.5278414487838745, -0.5543380975723267, 1.030871033668518, -0.3216683268547058, 1.2267625331878662, 0.8355705142021179, -0.3104751408100128, 0.29668378829956055, 0.072196364402771, -1.6401129961013794, -0.15179899334907532, 0.7375868558883667, -1.4542360305786133, 0.7444453835487366, 0.929337203502655, 0.6276527643203735, -0.019125690683722496, 0.23311741650104523, 1.667651653289795, -1.584334135055542, 1.1536146402359009, 1.2896524667739868, 1.5553665161132812, 0.17744603753089905, 0.6644763350486755, 0.9429426193237305, -1.9309860467910767, 0.7439113259315491, -0.029804706573486328, -0.712959349155426, 2.0056073665618896, -2.0125343799591064, -0.783044159412384, -1.0227973461151123, 1.3215587139129639, 0.5571545362472534, 2.3224170207977295, 0.6316347122192383]",yunet,Facenet,1920,1080,/home/amos/media/tv/modern_family/Modern.Family.S09.1080p.DSNP.WEB-DL.DDP5.1.H.264-CRFW/Modern.Family.S09E21.The.Escape.1080p.DSNP.WEB-DL.DDP5.1.H.264-CRFW.mkv,Modern Family,2009,1442437,9,21,Sarah Hyland,91351.0,0.715
641,210,198,450,528,420,336,354,336,0.91,13608,0,"[-0.6543983221054077, -1.6134535074234009, -1.2137826681137085, -0.8851602077484131, 0.8654301762580872, 0.33893129229545593, -0.43097323179244995, 1.747918725013733, 0.8144464492797852, 0.6163762211799622, 2.365582227706909, -1.394676923751831, -0.48969149589538574, -0.5823827981948853, 0.5491747260093689, 0.44348984956741333, -0.9644638299942017, -0.22401824593544006, 0.9753426313400269, 1.2302662134170532, 0.3173050582408905, -0.9688717722892761, 0.7799146175384521, -0.18679583072662354, 0.43633121252059937, 1.657633662223816, 0.7056789398193359, -1.3342907428741455, 0.47163569927215576, -0.40657034516334534, -0.718445897102356, 0.8406054377555847, 0.2672741711139679, 0.37709999084472656, 0.030927566811442375, 2.057307004928589, -0.06037008762359619, 1.239485263824463, 0.6308308839797974, -1.323378562927246, 1.3951433897018433, 1.512655258178711, -1.3105119466781616, -0.5683779716491699, -0.10335301607847214, -1.966721773147583, 0.06327259540557861, 1.1306540966033936, 0.6373130679130554, -0.27500998973846436, 0.9576261043548584, 1.7253403663635254, -1.4352389574050903, 0.0387318953871727, -0.7386007308959961, -0.4549944996833801, 0.6040487289428711, 1.6955170631408691, 0.09669071435928345, 0.7113163471221924, 2.0970706939697266, -0.7255121469497681, -0.5310924649238586, 0.7454677224159241, 1.2820459604263306, -0.5468551516532898, 0.06941848248243332, 0.23667486011981964, 0.6263109445571899, -0.04584434628486633, -0.3216271698474884, -1.1824685335159302, -2.4190456867218018, 2.088202953338623, 1.3829909563064575, -0.42181771993637085, -0.47062182426452637, 0.7252325415611267, -1.8488703966140747, 0.36334484815597534, -2.1443679332733154, 0.022539956495165825, 0.7842178344726562, -0.09824638813734055, -0.6984615325927734, 0.3786146640777588, 0.9802132844924927, 0.16760487854480743, -0.895038366317749, -1.7752107381820679, -1.72718346118927, 0.4012928903102875, 0.9025115370750427, 1.3322679996490479, -0.3376656174659729, 0.2855914831161499, -2.13226580619812, -1.3691154718399048, -1.110297679901123, 0.444804847240448, -1.5708085298538208, -0.2689860165119171, -1.27769136428833, -0.9815499186515808, 0.13774627447128296, 0.610614538192749, 0.47341853380203247, -0.2027457058429718, 0.9573642015457153, 0.9052575826644897, 0.06846323609352112, -0.9190245270729065, 0.2193434089422226, -0.6022758483886719, 0.6221508979797363, 1.9307557344436646, 0.25969198346138, -1.9154715538024902, -1.1944235563278198, 0.7568373680114746, -0.3712231516838074, 0.8531628847122192, -0.5916945338249207, -0.015897858887910843, -0.3824169635772705, -0.23398299515247345, -0.4179431200027466, -0.17276118695735931]",yunet,Facenet,1920,1080,/home/amos/media/tv/modern_family/Modern.Family.S09.1080p.DSNP.WEB-DL.DDP5.1.H.264-CRFW/Modern.Family.S09E21.The.Escape.1080p.DSNP.WEB-DL.DDP5.1.H.264-CRFW.mkv,Modern Family,2009,1442437,9,21,Chris Geere,62879.0,0.521
642,486,198,636,390,582,270,516,270,0.905,13632,0,"[-0.09070956707000732, 1.5389987230300903, -0.24317429959774017, -0.28520336747169495, -0.4017176032066345, -0.5057528018951416, -2.3836944103240967, 1.336732268333435, -0.6406699419021606, -0.6796898245811462, -0.9977045655250549, 0.5499444603919983, 0.7783969640731812, 0.29178938269615173, 0.7429274320602417, -0.07633243501186371, 1.6189420223236084, -0.6223089694976807, -0.2574193775653839, 0.3157937526702881, 1.6297951936721802, 1.4456744194030762, -0.6907796263694763, 1.3657269477844238, -0.028965961188077927, -0.14020970463752747, -1.3426238298416138, 1.5384845733642578, 1.7754265069961548, -0.686197817325592, -0.7743327617645264, 0.9338433146476746, -0.04954306781291962, -0.25798627734184265, 1.4524708986282349, -1.504853367805481, 0.8646368980407715, -1.6466513872146606, -1.3433208465576172, 0.2869611382484436, -1.2876067161560059, -1.2748193740844727, -1.0876752138137817, -0.3467205762863159, -1.705815315246582, -0.18692906200885773, 1.865859866142273, -0.5979284048080444, 0.2851063013076782, -0.2794593572616577, 0.2664903402328491, 1.0308387279510498, -0.08024217933416367, -0.47900617122650146, 0.5194662809371948, 0.5242834091186523, 1.1729164123535156, -1.7249411344528198, -1.1263703107833862, 0.5543336272239685, -1.6230107545852661, -0.557529091835022, 0.7482374310493469, -0.43346741795539856, -0.36920681595802307, 0.2743951082229614, 2.679673194885254, 1.0803537368774414, 0.10928568989038467, 0.27687621116638184, 1.4991227388381958, 0.6772701740264893, 0.2281418889760971, 0.9560648798942566, -0.09474089741706848, 0.21787039935588837, 1.3900853395462036, -0.8040363788604736, -1.090276837348938, -1.215358853340149, -0.24118664860725403, -0.7223492860794067, -0.1780042052268982, 0.4933360517024994, 2.034026622772217, 0.6336205005645752, -1.489071011543274, -2.2671592235565186, 0.9694799184799194, -0.06386463344097137, 1.0310996770858765, -0.7912319302558899, -0.25562790036201477, -1.1919697523117065, -0.10884267091751099, 1.2289232015609741, 1.8095349073410034, 1.8668749332427979, 0.22946995496749878, -1.8700675964355469, 0.3951651453971863, 0.3506191670894623, 0.4113590717315674, -0.00199677050113678, -0.395735502243042, 0.1384047567844391, -0.4089934527873993, -0.032934240996837616, 1.5522239208221436, 1.737863540649414, -2.8475098609924316, 1.2296518087387085, 0.6627516746520996, -0.9656620621681213, 0.460564523935318, -2.5261216163635254, 0.4364834427833557, -0.6676030158996582, 0.6818230748176575, -1.2041645050048828, 0.9091852903366089, -0.1587194949388504, -0.19209308922290802, -0.2680959701538086, 1.923601746559143, 0.4564320147037506, -0.5347495079040527, 0.5603732466697693]",yunet,Facenet,1920,1080,/home/amos/media/tv/modern_family/Modern.Family.S09.1080p.DSNP.WEB-DL.DDP5.1.H.264-CRFW/Modern.Family.S09E21.The.Escape.1080p.DSNP.WEB-DL.DDP5.1.H.264-CRFW.mkv,Modern Family,2009,1442437,9,21,Jim Piddock,120560.0,0.761
643,516,210,672,414,606,282,540,282,0.907,13656,0,"[-0.22216525673866272, 1.5014758110046387, 0.13742288947105408, -0.8258841037750244, 0.23693035542964935, -0.6147528290748596, -2.0742475986480713, 1.2102123498916626, -0.48180723190307617, -0.47455039620399475, -0.8712275624275208, 0.07834842056035995, 0.771454393863678, 0.3752094805240631, 0.718855619430542, 0.2548408508300781, 0.764755368232727, -0.8934330344200134, 0.022998813539743423, -0.20291176438331604, 1.7160917520523071, 1.7381681203842163, -0.39944350719451904, 1.5844206809997559, 0.0376368910074234, -0.03770064562559128, -1.1620289087295532, 0.8244068026542664, 1.4539843797683716, -1.0955946445465088, -0.6884196996688843, 0.5452713966369629, 0.06447654962539673, -0.2935142517089844, 1.8853914737701416, -0.9791351556777954, 1.089715838432312, -1.435322642326355, -0.8774119019508362, -0.22135117650032043, -1.0971819162368774, -1.3854308128356934, -1.3194423913955688, -0.714468777179718, -2.4233641624450684, -0.4034631550312042, 1.450351357460022, -0.9539302587509155, -0.09155014157295227, 0.0257546566426754, -0.31341373920440674, 1.4097098112106323, 0.046779364347457886, -0.47326767444610596, 0.3950248956680298, 0.3411659002304077, 1.1000010967254639, -2.010237693786621, -0.7490096688270569, 0.40166375041007996, -1.215403437614441, -0.8575989603996277, 0.4783563017845154, -0.5224220156669617, -0.6572794914245605, 0.044938281178474426, 2.6319327354431152, 0.9283769726753235, -0.1813529133796692, 1.260191559791565, 1.5424680709838867, 0.2945679724216461, -0.03185812011361122, 0.3931986093521118, 0.20576919615268707, 0.2040775716304779, 1.2065863609313965, -0.26369377970695496, -1.3980391025543213, -1.4773914813995361, -0.05225216597318649, -0.7131785154342651, -0.22154095768928528, 0.6816688179969788, 2.3295342922210693, 0.8102035522460938, -1.395241618156433, -2.2838966846466064, 0.8886301517486572, -0.24384286999702454, 1.0189673900604248, -1.0617159605026245, -0.34081533551216125, -1.5170286893844604, -0.11595480144023895, 1.4280186891555786, 1.0477240085601807, 1.5657734870910645, 0.6392866969108582, -1.9020037651062012, -0.25428831577301025, 0.7180129289627075, 0.3295454978942871, -0.5714786052703857, 0.09763465076684952, 0.22254393994808197, -0.1901891678571701, 0.6482571363449097, 1.455889344215393, 1.7165940999984741, -2.6505024433135986, 1.0214742422103882, 0.7570164203643799, -0.7390829920768738, 0.3167096674442291, -2.155071258544922, 0.6747410297393799, -1.0532535314559937, -0.07784724980592728, -0.9135648012161255, 1.110948920249939, -0.7129431962966919, -0.1984231024980545, -0.34248965978622437, 2.305100917816162, -0.057095348834991455, -0.38831907510757446, 0.6626867651939392]",yunet,Facenet,1920,1080,/home/amos/media/tv/modern_family/Modern.Family.S09.1080p.DSNP.WEB-DL.DDP5.1.H.264-CRFW/Modern.Family.S09E21.The.Escape.1080p.DSNP.WEB-DL.DDP5.1.H.264-CRFW.mkv,Modern Family,2009,1442437,9,21,Jim Piddock,120560.0,0.714
644,1434,228,1626,516,1488,342,1458,342,0.917,13704,0,"[0.5215053558349609, -0.6149466037750244, 0.35278138518333435, -0.03728558123111725, 1.1047677993774414, -1.5977458953857422, -0.452853798866272, 1.4603145122528076, 0.485863596200943, -0.8981800079345703, 0.4665939211845398, 1.8180181980133057, 0.3437100052833557, 0.7776353359222412, -0.8599544763565063, 0.9575594067573547, -0.13175731897354126, -0.920460045337677, -0.446389377117157, 1.603651523590088, -1.3424718379974365, 1.0500472784042358, -0.02912132628262043, 0.4134506285190582, 0.48239538073539734, 1.264669418334961, 4.058619976043701, -1.5702126026153564, -0.8722972869873047, -0.7874284982681274, 0.16071262955665588, 0.6324913501739502, -0.4246588349342346, 1.0865092277526855, -1.6965759992599487, 0.6405447125434875, 0.5753509998321533, -0.22480767965316772, 0.6955131888389587, 1.1515642404556274, -0.9378068447113037, 0.2504799962043762, 0.2850574851036072, 0.3146057724952698, -0.9067503213882446, -0.5780004262924194, -0.7861438393592834, -1.7111743688583374, -0.4798423647880554, 0.12863478064537048, 0.7302861213684082, -0.2812519073486328, 0.534049391746521, -0.08767779171466827, 2.029003620147705, -2.713362693786621, 0.055649787187576294, 0.6657965779304504, -1.096155047416687, -0.8559665679931641, 0.29169395565986633, -0.41274696588516235, -0.2536253333091736, -1.0510687828063965, -0.23494568467140198, -0.20500577986240387, -1.6532676219940186, 0.24668638408184052, -2.936394214630127, 0.9870694875717163, 0.37200728058815, 0.5281106233596802, -0.6111613512039185, 1.6812653541564941, 1.376410722732544, 0.13658863306045532, -0.4163638651371002, 2.1595335006713867, 1.2524268627166748, -0.6340106129646301, -1.711281180381775, 0.9701741933822632, 0.5057793259620667, 0.834464967250824, -0.0517893061041832, 2.1192498207092285, 0.5056136846542358, -0.4648336172103882, -0.72239089012146, -1.3927359580993652, -0.6447985768318176, -0.30655768513679504, -0.09853112697601318, -1.7950973510742188, 1.5591697692871094, -0.7294229865074158, -0.29199278354644775, 0.5018064379692078, 1.5532207489013672, -1.2406959533691406, -0.548780083656311, 0.25368285179138184, -0.6734371185302734, -0.8694655895233154, 0.7311211228370667, -0.5696877241134644, -0.16795653104782104, 1.4285072088241577, -1.900071620941162, -0.9463562369346619, 1.425949215888977, -0.6751620769500732, 2.715609312057495, -2.1035821437835693, 0.21932072937488556, 2.810807704925537, -1.4484549760818481, 1.2091875076293945, 0.812057614326477, -0.7329703569412231, -0.5199257731437683, -1.1408212184906006, -0.783073902130127, -0.8254557847976685, 0.4666728973388672, -0.7450379133224487, -2.1287264823913574, 0.25670376420021057]",yunet,Facenet,1920,1080,/home/amos/media/tv/modern_family/Modern.Family.S09.1080p.DSNP.WEB-DL.DDP5.1.H.264-CRFW/Modern.Family.S09E21.The.Escape.1080p.DSNP.WEB-DL.DDP5.1.H.264-CRFW.mkv,Modern Family,2009,1442437,9,21,Kate Burton,20879.0,0.575
645,1422,270,1632,570,1488,384,1452,384,0.924,13728,0,"[0.9243742227554321, -0.5051897764205933, 1.1661866903305054, -0.5517070889472961, 0.4311639964580536, -0.851948618888855, -0.39281323552131653, 1.7318367958068848, 0.20512622594833374, -0.4319576621055603, -0.49269530177116394, 1.532275915145874, -0.00276879221200943, 1.4540029764175415, -0.6163016557693481, 0.5707080960273743, -0.5917713642120361, -0.9969197511672974, 0.8381639122962952, 1.4253902435302734, -1.4506949186325073, 0.8019298911094666, 0.40148961544036865, 0.329545795917511, -0.000743434764444828, 1.915088176727295, 3.0791890621185303, -1.2318315505981445, -0.0006140992045402527, -0.032986175268888474, -1.0509732961654663, 0.7139472365379333, -1.835049033164978, 1.5022063255310059, -1.5647025108337402, 0.3070462644100189, 0.015473324805498123, -0.9224640727043152, 0.5614587068557739, 0.5616599321365356, -0.0799427181482315, 0.14325976371765137, 0.2622499167919159, 1.115942120552063, -0.440207302570343, -0.6316423416137695, -0.9032424688339233, -2.174215078353882, -0.526102602481842, 0.803234338760376, 0.12839040160179138, -0.15542325377464294, 0.7872195243835449, -0.027785848826169968, 0.9151650071144104, -3.714700222015381, 0.17786362767219543, -0.006030544638633728, -0.6811506152153015, -0.44637706875801086, -0.46459800004959106, -0.7021848559379578, 1.4123910665512085, -1.3845326900482178, -1.5251473188400269, -0.23007945716381073, -1.427614688873291, 0.8144881129264832, -2.082390785217285, 1.152969479560852, -0.6645985841751099, 0.9795950651168823, -0.4963722825050354, 0.760740339756012, 0.9147339463233948, 0.47511744499206543, -1.10715651512146, 1.3466746807098389, 1.3961986303329468, -0.7177472710609436, -1.16042959690094, 0.5998163223266602, -0.38621243834495544, -0.636039137840271, 0.046000633388757706, 0.5972028970718384, -0.7449449896812439, 0.4521598219871521, -0.22046402096748352, -1.0442428588867188, -0.02136816829442978, -0.6350088715553284, -0.39900052547454834, -1.3294806480407715, 1.140283465385437, -1.2500743865966797, -0.2578003406524658, 0.5919011831283569, 1.5426523685455322, -1.2247116565704346, 0.7713910341262817, 0.2900679111480713, -0.38278400897979736, -0.5135799646377563, 0.03926784545183182, 0.4088819622993469, -0.7973970770835876, 0.9484543800354004, -2.851118326187134, -0.29647380113601685, 1.935024619102478, -0.11615292727947235, 2.0778825283050537, -1.9085712432861328, 0.9319254755973816, 1.4927259683609009, -1.372612714767456, -0.3275061249732971, 1.202782392501831, -0.728640079498291, -0.3278277516365051, -0.5483487844467163, -0.6488503813743591, -1.1081737279891968, 0.4289512038230896, -1.3625203371047974, -0.8888562321662903, 0.6716257929801941]",yunet,Facenet,1920,1080,/home/amos/media/tv/modern_family/Modern.Family.S09.1080p.DSNP.WEB-DL.DDP5.1.H.264-CRFW/Modern.Family.S09E21.The.Escape.1080p.DSNP.WEB-DL.DDP5.1.H.264-CRFW.mkv,Modern Family,2009,1442437,9,21,Kate Burton,20879.0,0.704
646,486,210,672,444,624,306,534,306,0.912,13728,1,"[-0.15816140174865723, 1.3937932252883911, 0.3973849415779114, -1.0326396226882935, 0.9100360870361328, -0.2245975285768509, -2.3633933067321777, 1.2353613376617432, -0.03294641152024269, -0.7574344873428345, -1.1900184154510498, 0.6371524333953857, 1.1390756368637085, 0.19144439697265625, 0.63338303565979, -0.05521833151578903, 0.8578835725784302, -0.8347261548042297, 0.07278599590063095, -0.21150828897953033, 1.3947782516479492, 1.9967290163040161, -0.795351505279541, 1.3628872632980347, -1.0239851474761963, -0.11847669631242752, -1.1076571941375732, 0.711364209651947, 1.0050525665283203, -0.5503995418548584, -0.8019484281539917, 0.2122172713279724, -0.2805302143096924, -0.4531007409095764, 1.4507100582122803, -0.9380339980125427, 0.6961049437522888, -0.9860698580741882, -0.21743836998939514, 0.17425787448883057, -0.5137044787406921, -1.5475623607635498, -0.8293046951293945, -0.9153692126274109, -2.398395538330078, -0.282421737909317, 1.3048787117004395, -0.8545558452606201, 0.11826255917549133, 0.07769900560379028, -0.5794923901557922, 1.9025020599365234, 0.6359415650367737, -0.7321688532829285, 0.284335732460022, 0.022178804501891136, 1.4328974485397339, -2.579469919204712, -0.6070236563682556, 0.31454527378082275, -1.5243322849273682, -0.7830647826194763, 0.08916055411100388, 0.5494880080223083, -0.1307743489742279, -0.10285274684429169, 2.922173500061035, 0.2553556263446808, -0.7414525151252747, 1.0720902681350708, 1.3432564735412598, 0.5041388273239136, 0.42429012060165405, 0.29622960090637207, 0.7061299681663513, 0.09952233731746674, 0.7669752836227417, -0.2098941057920456, -1.6541531085968018, -1.7054649591445923, -0.16799572110176086, -0.7479313611984253, -0.23681706190109253, 0.7006080150604248, 2.207834482192993, 0.7361836433410645, -1.3060318231582642, -1.6601439714431763, 0.09067113697528839, -0.0190747007727623, 1.0681819915771484, -0.34557288885116577, -0.4148634970188141, -1.9770848751068115, 0.4466593265533447, 1.1585125923156738, 1.2781356573104858, 1.4861890077590942, 0.23068475723266602, -2.2083864212036133, 0.21665920317173004, 0.18331798911094666, -0.17188072204589844, -0.2705146074295044, 0.13283956050872803, 0.7336047887802124, -0.11819522082805634, 0.13940957188606262, 1.6517879962921143, 1.3130720853805542, -2.1656198501586914, 1.1319316625595093, 0.3368064761161804, -0.006445981562137604, 0.45616912841796875, -2.4643688201904297, 0.09962212294340134, -0.3532351851463318, 0.6485001444816589, -0.7574202418327332, 0.6241499185562134, -1.1372133493423462, -0.00268380343914032, -0.4860454797744751, 2.0727713108062744, -0.5864112973213196, 0.037613674998283386, 0.8011828660964966]",yunet,Facenet,1920,1080,/home/amos/media/tv/modern_family/Modern.Family.S09.1080p.DSNP.WEB-DL.DDP5.1.H.264-CRFW/Modern.Family.S09E21.The.Escape.1080p.DSNP.WEB-DL.DDP5.1.H.264-CRFW.mkv,Modern Family,2009,1442437,9,21,Jim Piddock,120560.0,0.749
647,648,294,900,612,840,426,726,426,0.922,13776,0,"[-1.0722724199295044, -1.8976075649261475, 0.8596802353858948, 1.9493553638458252, 1.8264153003692627, 0.30661123991012573, 0.701869785785675, -1.158413290977478, 0.31089329719543457, 2.433762550354004, -2.2955048084259033, 0.9814056754112244, 0.06631280481815338, -0.08481565117835999, -0.2782473564147949, -0.5029289126396179, -0.433992475271225, -0.6741039752960205, -1.592076063156128, -0.5848954916000366, 0.374252587556839, -1.1348342895507812, 1.1075190305709839, 0.892786979675293, -0.21079762279987335, 0.0725291520357132, 1.7736691236495972, -1.8132679462432861, 2.455512523651123, 1.2237038612365723, -0.00780157744884491, -2.0249197483062744, -0.27040642499923706, -2.0098347663879395, 0.9348841905593872, -0.48130860924720764, -2.961458444595337, 0.965002715587616, -2.2038116455078125, -1.0430470705032349, 0.12972530722618103, -0.2427087128162384, 0.3811134994029999, 2.659115791320801, -0.1861429661512375, -0.5032675862312317, 0.028498195111751556, 0.8051778078079224, -2.071714401245117, -0.5103429555892944, -0.6283456683158875, 1.2035226821899414, 1.2170711755752563, -0.12094497680664062, 0.2006787657737732, -0.1306615173816681, 0.9970300197601318, -0.2139078825712204, -0.29606762528419495, 0.10910051316022873, -0.7275498509407043, -0.04413217306137085, -0.4734906852245331, 0.08286713808774948, -1.2159733772277832, 1.4395548105239868, -0.9582453966140747, 0.5763163566589355, 0.22645321488380432, 1.017966389656067, -0.18727828562259674, -0.1040806919336319, -0.5099693536758423, 0.11146223545074463, 0.5092921257019043, -0.6025570631027222, 0.1527407467365265, -0.22480370104312897, -0.4629574716091156, -0.8335983753204346, -0.3437311053276062, -0.23347941040992737, 0.002026699483394623, 0.3970967233181, -0.11296310275793076, -0.5414087772369385, 1.1660525798797607, -1.5328171253204346, 0.10015329718589783, -1.1364997625350952, -1.1123992204666138, 0.1665048897266388, 0.8155531883239746, 0.4534818232059479, 0.6784881353378296, 0.6922699213027954, 0.5081908106803894, -0.18447373807430267, -0.4048534035682678, -0.8635121583938599, -0.4131230115890503, 0.2276754081249237, -0.5815870761871338, 1.6803011894226074, 1.6079599857330322, -0.9835360646247864, -0.14525994658470154, -1.3383653163909912, 1.618949055671692, 0.08632185310125351, 0.6417735815048218, 0.9601475596427917, 0.6467413902282715, 0.8470038175582886, -1.793492317199707, 0.2444239854812622, -1.3806525468826294, 1.0522387027740479, -0.8779995441436768, -1.023316740989685, 2.2775659561157227, -0.8469679355621338, -0.9249576330184937, -0.7470840215682983, -0.04874729365110397, 0.711071252822876, 1.2457844018936157, 0.1598045825958252]",yunet,Facenet,1920,1080,/home/amos/media/tv/modern_family/Modern.Family.S09.1080p.DSNP.WEB-DL.DDP5.1.H.264-CRFW/Modern.Family.S09E21.The.Escape.1080p.DSNP.WEB-DL.DDP5.1.H.264-CRFW.mkv,Modern Family,2009,1442437,9,21,Sarah Hyland,91351.0,0.654
648,1260,330,1446,558,1410,420,1320,420,0.916,13800,0,"[-0.8391926288604736, -1.9058977365493774, 0.7664691805839539, 2.1120171546936035, 1.1783732175827026, -0.004952801391482353, 0.8725923895835876, -1.3262217044830322, 0.2155536413192749, 2.583338975906372, -2.042800188064575, 0.5190885663032532, 0.5805761218070984, -0.49225741624832153, -0.49920985102653503, 0.043072499334812164, -0.4594530165195465, -0.7809873223304749, -1.7808743715286255, -0.48548245429992676, 0.6926602125167847, -0.7970719933509827, 0.9234662652015686, 0.9674461483955383, 0.6940436959266663, 0.344590425491333, 1.8466541767120361, -1.078819990158081, 2.7160980701446533, 0.48902109265327454, -0.5018162727355957, -1.5099408626556396, -0.6057935357093811, -1.568662405014038, 1.042335867881775, -0.9772441983222961, -2.4977688789367676, 1.2102980613708496, -1.6530959606170654, -1.3458349704742432, -0.10230020433664322, 0.025528138503432274, 0.3764082193374634, 2.342071771621704, -0.2740345895290375, -0.3220053017139435, -0.15051499009132385, 0.962367057800293, -1.3864084482192993, -0.24874523282051086, -0.8557232022285461, 1.3013806343078613, 0.9615641832351685, 0.19739927351474762, 0.21499419212341309, 0.15799929201602936, 1.2812750339508057, -0.24782271683216095, -0.05326259881258011, 0.4245546758174896, -0.7233925461769104, 0.41266095638275146, -1.0774338245391846, 0.3947758674621582, -0.918505847454071, 2.0318844318389893, -0.6870377659797668, -0.10617919266223907, 0.005655333399772644, 0.9435402154922485, -0.15423555672168732, -0.4061913788318634, -0.1031058132648468, 0.13622261583805084, 0.8731108903884888, -0.9293558597564697, 0.02508927881717682, 0.04520730301737785, -0.14600491523742676, -0.4300077557563782, -0.21653929352760315, -0.4931274354457855, 0.41803058981895447, 0.2807963490486145, 0.23331555724143982, -0.1795368194580078, 0.8545405268669128, -1.5913734436035156, 0.24403327703475952, -1.0527350902557373, -0.5717225074768066, 0.41348400712013245, 0.5768058896064758, 0.10515043139457703, 1.1879210472106934, 1.2199616432189941, 0.37415969371795654, -0.49816471338272095, -0.7182449698448181, -1.5256074666976929, -0.3738238215446472, 0.18420454859733582, -0.8542304635047913, 1.4723056554794312, 1.544105887413025, -0.3843161463737488, 0.29583272337913513, -1.1567497253417969, 1.7695125341415405, 0.16220781207084656, 0.7694783210754395, 0.5574393272399902, 0.47234684228897095, 0.8713926672935486, -1.64194917678833, 0.2956567704677582, -1.3536651134490967, 1.145865797996521, -1.1100398302078247, -1.2557144165039062, 2.8971667289733887, -1.2377452850341797, -0.6819854378700256, -0.7373440861701965, -0.09582020342350006, 0.658877968788147, 1.8512340784072876, -0.3868221938610077]",yunet,Facenet,1920,1080,/home/amos/media/tv/modern_family/Modern.Family.S09.1080p.DSNP.WEB-DL.DDP5.1.H.264-CRFW/Modern.Family.S09E21.The.Escape.1080p.DSNP.WEB-DL.DDP5.1.H.264-CRFW.mkv,Modern Family,2009,1442437,9,21,Sarah Hyland,91351.0,0.722
649,1284,330,1458,564,1404,414,1314,414,0.919,13824,0,"[-1.2468816041946411, -1.4186023473739624, 0.4726063907146454, 2.075279951095581, 0.31409913301467896, -0.05542024224996567, 0.29097309708595276, -1.149291753768921, -1.0575000047683716, 3.030759811401367, -1.717476487159729, 0.890893280506134, -0.1229262501001358, 0.7702369689941406, -0.2429230511188507, -0.30510395765304565, -0.8069744110107422, 0.2482290416955948, -1.5286234617233276, 0.5298283100128174, -0.07526201754808426, -0.6226344108581543, 1.0697327852249146, -0.252027690410614, -0.23631493747234344, 0.3059108853340149, 0.9429512023925781, -0.8701547384262085, 2.2219786643981934, 1.7066318988800049, 0.03699243813753128, -1.1498569250106812, -1.6170198917388916, -0.8355013132095337, 0.8106944561004639, -2.080674409866333, -1.6451780796051025, 0.8849349021911621, -1.0245206356048584, -1.9365557432174683, -0.8650742769241333, -0.17252421379089355, 0.7129703760147095, 3.56689453125, 0.041839029639959335, -1.5213299989700317, 1.298770546913147, 0.6288522481918335, -0.6597661375999451, 1.0540311336517334, -0.11334787309169769, 1.0829890966415405, 0.9583161473274231, 0.17962418496608734, -0.5945286750793457, -0.7178507447242737, 1.020436406135559, 0.9573677778244019, -0.06628893315792084, 1.227018117904663, -0.46347934007644653, 0.6158469915390015, -1.0470741987228394, 0.09063838422298431, -0.05721934139728546, 1.1381410360336304, -1.4319994449615479, 0.5544896721839905, -0.2732267677783966, 0.9798052310943604, -1.1103861331939697, -0.2690387964248657, -0.05558674409985542, 0.3274015784263611, 0.5502123236656189, -0.1652158796787262, 0.4853024184703827, -1.3925836086273193, -0.12673673033714294, -0.5678432583808899, -0.6406676769256592, -0.49866774678230286, 1.1031497716903687, 1.6501041650772095, -0.5363381505012512, -0.2165088802576065, 0.5121518969535828, -0.889945387840271, 0.09515935182571411, -1.893910527229309, -1.1847814321517944, -0.051802538335323334, -0.7489215135574341, -0.3861963450908661, 1.4973801374435425, 0.4986017346382141, 0.18461184203624725, -1.1160471439361572, 0.47734004259109497, -2.497105836868286, 0.009014248847961426, 0.6181080937385559, -1.6027343273162842, 1.1827222108840942, 1.3255220651626587, -0.41485124826431274, 0.4963815212249756, -0.8769991397857666, 2.263889789581299, -0.8625993132591248, 1.2528190612792969, 0.029075466096401215, -0.023709431290626526, 1.3592846393585205, -0.7837302684783936, 0.050399549305438995, -0.3740445375442505, 0.8928570747375488, -1.5337917804718018, -0.3020487427711487, 2.749140501022339, -0.8343217372894287, -1.0752559900283813, -0.3157460689544678, -1.0114881992340088, -0.326662540435791, 1.161301851272583, -0.6438046097755432]",yunet,Facenet,1920,1080,/home/amos/media/tv/modern_family/Modern.Family.S09.1080p.DSNP.WEB-DL.DDP5.1.H.264-CRFW/Modern.Family.S09E21.The.Escape.1080p.DSNP.WEB-DL.DDP5.1.H.264-CRFW.mkv,Modern Family,2009,1442437,9,21,Sarah Hyland,91351.0,0.628
650,468,240,672,534,660,354,612,348,0.913,13824,1,"[0.548891544342041, -1.5524324178695679, -1.1642645597457886, -1.0821698904037476, 2.1361238956451416, 0.785085916519165, 0.3519705533981323, 0.9119994640350342, 1.3586968183517456, -0.16128341853618622, 0.2404596209526062, -0.9232708811759949, 0.7003223896026611, 0.244029700756073, 0.06819947063922882, 0.06126338243484497, -1.4342790842056274, -0.7632235884666443, 1.3199447393417358, -0.4772646129131317, -0.4552352726459503, -1.3514208793640137, 0.8469426035881042, -0.47769686579704285, -0.05044000223278999, 0.41545620560646057, 1.3614565134048462, -1.1602306365966797, -2.2540318965911865, -0.14437901973724365, -1.031334638595581, 0.32290560007095337, -0.47448673844337463, 0.5493095517158508, -0.49201616644859314, 1.7335795164108276, 0.3615483045578003, 1.2658833265304565, 1.8545122146606445, -1.0197863578796387, 2.1541571617126465, 2.177373170852661, 0.2598249912261963, -1.2925398349761963, -0.286812961101532, -0.8873345255851746, -0.5977703332901001, 1.6549631357192993, 0.18832288682460785, 0.349979966878891, -0.034993574023246765, 1.044219970703125, -0.4621928036212921, 0.649039626121521, 0.2876659631729126, -1.2378919124603271, 0.2582140862941742, 0.641594648361206, -0.4445728659629822, 0.6729360222816467, 1.4393750429153442, 0.34110701084136963, -1.0028914213180542, 1.9614044427871704, 1.2757045030593872, -0.11120063066482544, -1.1241350173950195, -0.5711717009544373, 0.43664246797561646, 0.6381325721740723, 0.4053313136100769, 1.1364954710006714, -2.172955274581909, 2.027862310409546, -0.060975778847932816, -0.34555014967918396, -1.3663221597671509, 1.1032174825668335, 0.2968173027038574, -0.34447115659713745, -2.1227238178253174, 0.925249457359314, 2.689265489578247, 0.07004936784505844, -0.3236021101474762, -0.2761242985725403, 3.3601651191711426, 0.16390712559223175, -1.3116456270217896, -1.030522108078003, -1.1752995252609253, 1.225409984588623, 0.28493860363960266, 1.5555485486984253, 0.7446606159210205, 1.081451654434204, -1.6802270412445068, -0.8608067035675049, -1.5584397315979004, 1.3380258083343506, -0.6077466607093811, -0.6227967143058777, -1.8936105966567993, -0.9788796305656433, -0.2992747724056244, 0.035892002284526825, -0.3314109742641449, -0.08546116948127747, -0.1170085221529007, -0.49989068508148193, 0.6376679539680481, -1.998037576675415, 0.006061732769012451, 0.12840063869953156, -0.7430012226104736, 2.496000289916992, -0.0038099605590105057, 0.7228989005088806, -0.5601774454116821, -0.29217594861984253, -0.5232799053192139, 1.0297030210494995, 0.6365503668785095, -0.056435152888298035, -0.9359434843063354, -1.0117464065551758, -0.1514393538236618, -1.7876328229904175]",yunet,Facenet,1920,1080,/home/amos/media/tv/modern_family/Modern.Family.S09.1080p.DSNP.WEB-DL.DDP5.1.H.264-CRFW/Modern.Family.S09E21.The.Escape.1080p.DSNP.WEB-DL.DDP5.1.H.264-CRFW.mkv,Modern Family,2009,1442437,9,21,Chris Geere,62879.0,0.688
651,1284,306,1452,540,1380,402,1314,396,0.921,13848,0,"[-1.446060061454773, -1.725895643234253, -0.13047625124454498, 2.1543924808502197, 0.3571809232234955, -0.4978814423084259, -0.1313086450099945, -1.642513394355774, -0.33977457880973816, 3.0304412841796875, -1.5238630771636963, 1.462412714958191, -0.318156361579895, 0.1999286413192749, -0.26005202531814575, -0.23915909230709076, -1.013014793395996, 0.4591614603996277, -2.035322904586792, 0.8647161722183228, 0.13225390017032623, -0.5548955798149109, 1.2319087982177734, -0.05586741119623184, 0.07693777978420258, 0.6206040978431702, 1.079986810684204, -1.18677818775177, 2.5581393241882324, 1.0584825277328491, 0.6726723909378052, -1.1426737308502197, -1.619999647140503, -0.7992289066314697, 0.6273766756057739, -1.8348380327224731, -1.9381767511367798, 1.1321768760681152, -0.6178216338157654, -1.6708505153656006, -0.9461227059364319, 0.2620430290699005, 0.6425943374633789, 2.6415109634399414, 0.37638232111930847, -1.2744991779327393, 0.7380418181419373, 0.4866359531879425, -0.5213096737861633, 1.211639404296875, -0.5404587388038635, 0.8481667637825012, 0.7636252045631409, 0.6460228562355042, -0.4477410316467285, -0.8958731889724731, 0.7048171758651733, 0.6212306618690491, -0.4554130434989929, 1.0103740692138672, 0.29705387353897095, 0.3750837445259094, -1.2181494235992432, -0.44893547892570496, -0.16849902272224426, 1.7559752464294434, -1.153497576713562, 0.7759238481521606, -0.4869535565376282, 0.8252109289169312, -1.4186468124389648, -0.011206604540348053, 0.19786015152931213, -0.05803738161921501, 0.9585747122764587, -1.145475149154663, 0.5206998586654663, -1.5310968160629272, -0.2022358477115631, -0.5956397652626038, -1.0832175016403198, -0.7136340141296387, 1.1768580675125122, 1.8725889921188354, -1.4965589046478271, 0.4309352934360504, 0.11361013352870941, -0.7014496922492981, 0.4273533821105957, -1.694409966468811, -0.8268470168113708, -0.4770493507385254, -0.4037652909755707, -0.3862375020980835, 1.9958734512329102, 0.28209248185157776, 0.21597011387348175, -0.1835300624370575, 0.4974015951156616, -2.5352671146392822, 0.46372145414352417, 0.5757229328155518, -1.459316372871399, 1.569591999053955, 2.306774616241455, -0.1960550844669342, 0.5717445611953735, -0.6346338987350464, 1.7042577266693115, -0.91731858253479, 1.8511278629302979, 0.10454392433166504, 0.20464570820331573, 0.871716320514679, -0.5180583000183105, 0.3982720971107483, -1.5023510456085205, 1.1836416721343994, -1.2345749139785767, -0.600365400314331, 2.1670970916748047, -0.9285695552825928, -0.9518886804580688, -0.4239040017127991, -0.9195525646209717, -0.7222828269004822, 0.8811460137367249, -0.2456262707710266]",yunet,Facenet,1920,1080,/home/amos/media/tv/modern_family/Modern.Family.S09.1080p.DSNP.WEB-DL.DDP5.1.H.264-CRFW/Modern.Family.S09E21.The.Escape.1080p.DSNP.WEB-DL.DDP5.1.H.264-CRFW.mkv,Modern Family,2009,1442437,9,21,Sarah Hyland,91351.0,0.685
652,510,246,702,534,672,354,654,354,0.902,13848,1,"[0.5294638276100159, -1.3223611116409302, -0.9628282189369202, -1.1492695808410645, 1.0653843879699707, 0.948180079460144, -0.06197952851653099, 0.7944631576538086, 0.49105367064476013, 0.07663103938102722, 0.34805041551589966, -0.8501311540603638, -0.752555251121521, 0.188979834318161, -0.12525364756584167, -0.3251071572303772, -0.8146001100540161, -1.32381272315979, 0.5108290910720825, 0.21373695135116577, -0.11849471926689148, 0.17011263966560364, 0.2320077121257782, -0.38680794835090637, 0.32310613989830017, 0.8343991041183472, 0.6946971416473389, -0.7516656517982483, -0.0890185683965683, -0.9478682279586792, -0.8485387563705444, 1.3617521524429321, -1.473365068435669, 1.5356775522232056, -0.10434777289628983, 0.8582878112792969, 0.018108800053596497, 0.11111387610435486, 1.3287522792816162, -1.807995080947876, 0.5639795660972595, 0.9117157459259033, -1.8624271154403687, -1.4882259368896484, 0.09926008433103561, -1.5636036396026611, -0.8551681041717529, 1.3928523063659668, 0.2770816683769226, 0.7605477571487427, 0.3109511137008667, 0.10568706691265106, -0.8793243765830994, 0.2613922357559204, -0.2331957221031189, -1.502882480621338, 0.9207979440689087, 0.017520681023597717, -1.6316678524017334, -0.4602930545806885, 0.0464046373963356, -0.5918263792991638, -0.28616979718208313, 1.547127604484558, -0.21817728877067566, 0.40014415979385376, -0.2856912910938263, -0.9337871074676514, 0.6380228996276855, -0.774165153503418, 0.10499323159456253, -0.8578952550888062, -1.417376160621643, 1.507551670074463, 1.6867657899856567, -0.6277630925178528, -1.1611533164978027, 0.8141778111457825, 0.46454501152038574, 0.7252424359321594, -1.994125247001648, 0.8486824035644531, 0.7457234263420105, -0.9481633901596069, -0.537954568862915, 1.0533801317214966, 1.765658974647522, 0.9004796147346497, 0.014122501015663147, -0.059939194470644, -0.7307188510894775, 0.5885701775550842, -0.0889991894364357, 0.7948644161224365, 2.58393931388855, 0.8287239074707031, -0.8351021409034729, -0.604692816734314, -0.3930511772632599, 0.6452108025550842, -0.45112377405166626, -0.12474367767572403, -1.8408499956130981, -0.06808152794837952, 0.6158732175827026, 0.2547948360443115, 0.8773011565208435, -0.16793762147426605, 0.4094793498516083, -1.3072726726531982, 0.3323249816894531, -1.7781344652175903, -0.20772865414619446, -0.6151789426803589, 0.2529831528663635, 1.8904590606689453, -0.000936334952712059, 0.47584739327430725, -0.7984634041786194, -0.2638861835002899, -1.3210262060165405, 1.0724207162857056, 0.16611966490745544, -0.4506138563156128, -0.6542301774024963, 0.20737755298614502, -0.8722869753837585, -0.7113573551177979]",yunet,Facenet,1920,1080,/home/amos/media/tv/modern_family/Modern.Family.S09.1080p.DSNP.WEB-DL.DDP5.1.H.264-CRFW/Modern.Family.S09E21.The.Escape.1080p.DSNP.WEB-DL.DDP5.1.H.264-CRFW.mkv,Modern Family,2009,1442437,9,21,Chris Geere,62879.0,0.51
653,1254,306,1434,546,1362,402,1284,396,0.927,13872,0,"[-0.9235432147979736, -1.3663558959960938, -0.3638416528701782, 2.448190689086914, -0.3867970108985901, 0.35112136602401733, -0.1294606328010559, -2.50374436378479, -0.8629094958305359, 3.190788507461548, -0.5812801122665405, 1.165558099746704, -0.13510039448738098, 0.18298780918121338, -0.31670689582824707, -0.6305499076843262, -0.500670313835144, -0.2600252330303192, -1.0198942422866821, 1.3993538618087769, 0.3791583478450775, -1.2967712879180908, 1.2956477403640747, 0.349754273891449, 1.1988922357559204, -0.1990952491760254, 1.9076400995254517, -0.878638505935669, 2.494081735610962, 0.9958056211471558, 0.3363901972770691, -0.157586470246315, -1.4954274892807007, -0.726594090461731, 0.7109338045120239, -1.5009595155715942, -0.9991394281387329, 0.4590524137020111, -1.0178265571594238, -1.014096975326538, -0.23356634378433228, -0.2784425616264343, 0.20059281587600708, 3.26039719581604, -0.26247912645339966, -1.6244992017745972, 0.13960957527160645, 0.7459793090820312, 0.10375526547431946, 0.7832095623016357, -0.591978132724762, 0.8816412091255188, 1.5065077543258667, 1.1155929565429688, -0.5230445861816406, 0.2292332798242569, 0.30540549755096436, 1.0294240713119507, -0.22166027128696442, 0.5953302979469299, -0.056954823434352875, 0.33860665559768677, -0.5318256616592407, -0.9607672095298767, -0.4270923435688019, 1.6097121238708496, -0.3673805892467499, 0.5125904679298401, -0.7448822855949402, 0.8174841403961182, -0.8662618398666382, -0.2926939129829407, 0.4776795208454132, 0.8807059526443481, 0.023736629635095596, -1.282028317451477, 1.5565985441207886, -1.2445884943008423, -0.6733013987541199, -0.196115180850029, -0.33030685782432556, -0.5223637819290161, 0.9895457029342651, 1.7805266380310059, -0.6045011878013611, 0.31023168563842773, -0.5635218620300293, -1.548346757888794, 0.788669228553772, -2.1960880756378174, -1.0698480606079102, -1.0026782751083374, -0.6409645080566406, 0.10817843675613403, 1.5971307754516602, 0.8978073000907898, 0.25555241107940674, -1.1415354013442993, 0.0054046399891376495, -2.379164218902588, -0.19472962617874146, 0.9545624852180481, -0.6611668467521667, 0.9594829678535461, 0.9557890295982361, -0.09265263378620148, 1.166359782218933, -0.6726248264312744, 2.5071520805358887, -1.6286661624908447, 1.11463463306427, 0.5174113512039185, 0.870125412940979, 0.2741040885448456, -0.6137128472328186, 0.4073359966278076, -0.7036769390106201, 0.8382567763328552, -1.5653488636016846, 0.2203834056854248, 2.3243091106414795, -1.5181254148483276, 0.4083443880081177, -1.2238281965255737, -0.42409437894821167, 1.1716489791870117, 2.3062238693237305, 0.22959385812282562]",yunet,Facenet,1920,1080,/home/amos/media/tv/modern_family/Modern.Family.S09.1080p.DSNP.WEB-DL.DDP5.1.H.264-CRFW/Modern.Family.S09E21.The.Escape.1080p.DSNP.WEB-DL.DDP5.1.H.264-CRFW.mkv,Modern Family,2009,1442437,9,21,Sarah Hyland,91351.0,0.65
654,378,228,618,546,594,360,504,360,0.905,13872,1,"[-0.8833670616149902, -2.5168144702911377, -0.07249773293733597, -0.5046837329864502, 0.5357815623283386, 1.3170372247695923, 0.9201387763023376, 0.6137765049934387, 0.6288758516311646, -0.09704986214637756, 1.53466796875, -1.5247762203216553, -0.2725488543510437, 0.2834729850292206, -0.3857094943523407, 0.35476547479629517, -1.165251612663269, 0.0768267959356308, 0.2781293988227844, -0.846098780632019, -0.4953189492225647, -1.640882968902588, 1.0538314580917358, -1.8552703857421875, 0.01185090746730566, 1.112721562385559, 1.3786098957061768, -0.427232563495636, -2.005897045135498, -0.6214931607246399, -0.8501787185668945, 1.0126078128814697, -0.40640103816986084, -0.3855319619178772, -0.010582773014903069, 1.3650596141815186, -0.2185414433479309, 1.0606393814086914, 2.1977481842041016, -1.5003796815872192, 1.9147720336914062, 0.7849543690681458, -0.9747670888900757, -2.250850200653076, 0.7511967420578003, -1.455288290977478, -0.3224143087863922, 1.0637167692184448, 1.175202488899231, 0.19028118252754211, 0.8493484854698181, 0.5318291187286377, -0.10621615499258041, -0.12155018001794815, 0.7275542616844177, -0.6181055307388306, 0.909885823726654, 1.8931896686553955, -0.07246553897857666, 0.12344575673341751, 1.4325296878814697, -0.9223539233207703, 0.3061666786670685, 2.322094202041626, 1.9707450866699219, -0.7910937070846558, -0.06853995472192764, -0.49172067642211914, 0.3248618245124817, 0.7501703500747681, -0.9136627912521362, 0.8176771402359009, -1.856611967086792, 1.4422203302383423, 0.429301381111145, -0.961615264415741, -1.9438557624816895, 1.6490733623504639, -0.05918169394135475, 0.8376404047012329, -2.3404130935668945, 0.47164034843444824, 2.34334135055542, -0.859423041343689, -1.7149014472961426, 0.4203156530857086, 1.8499987125396729, 0.5288372039794922, -1.9110491275787354, -1.3411586284637451, -0.1222519651055336, 0.428186297416687, -0.17345166206359863, 1.5304985046386719, 0.875370979309082, 0.5161136984825134, -1.7691644430160522, -0.46532535552978516, -0.19224242866039276, 0.9856841564178467, -1.3250670433044434, 0.07736905664205551, -1.2385057210922241, -0.06554264575242996, 0.2531622052192688, 0.545229434967041, -0.2702651917934418, 0.3381468951702118, -0.005541957914829254, -0.5347611904144287, -0.011141840368509293, -0.8041380047798157, 0.20631884038448334, 0.2917662262916565, -0.1663667857646942, 2.3032679557800293, 1.3941177129745483, 0.3043828308582306, -1.523376226425171, -0.1886747032403946, -1.1543852090835571, 0.7977142333984375, 1.3620916604995728, -0.06618589162826538, -1.622339129447937, -0.4617171585559845, -0.7482048273086548, -1.3168575763702393]",yunet,Facenet,1920,1080,/home/amos/media/tv/modern_family/Modern.Family.S09.1080p.DSNP.WEB-DL.DDP5.1.H.264-CRFW/Modern.Family.S09E21.The.Escape.1080p.DSNP.WEB-DL.DDP5.1.H.264-CRFW.mkv,Modern Family,2009,1442437,9,21,Chris Geere,62879.0,0.721
655,1368,210,1548,444,1470,306,1398,306,0.921,13896,0,"[0.13110113143920898, 0.6510578393936157, 1.7828277349472046, -0.7832798361778259, 0.3794288635253906, -0.24001166224479675, -0.08215497434139252, 1.0836808681488037, 0.30759096145629883, -0.9410241842269897, -0.6117004156112671, 1.8016631603240967, -0.16898706555366516, -0.11336696147918701, 0.22023683786392212, -0.20145094394683838, -0.38825923204421997, 0.5022008419036865, 1.733701229095459, 0.06125030666589737, -1.3522487878799438, 0.6979019045829773, 0.12320853024721146, 0.07832878828048706, 0.02806892991065979, 1.956727147102356, 1.2517939805984497, -1.014687180519104, -0.4826587438583374, -0.5116387605667114, -1.3651676177978516, -0.0808035135269165, -2.636965036392212, 1.0462706089019775, -0.7227142453193665, 0.6861178278923035, -0.6034905910491943, -1.046338677406311, -0.7094858288764954, 0.1490972340106964, 0.23260347545146942, 0.9913575053215027, 0.3354973793029785, 3.106708288192749, -0.6552239060401917, 0.19401633739471436, -0.04434950277209282, -1.9269145727157593, -0.45190781354904175, 0.5936959981918335, 1.7390822172164917, -0.44345566630363464, 1.1126295328140259, 0.18404482305049896, 0.9477659463882446, -3.61726713180542, -0.11129133403301239, -0.7128289341926575, -1.7658045291900635, -0.4330607056617737, 0.22488757967948914, -1.7777777910232544, 0.969314455986023, -1.9121354818344116, -0.3054659962654114, -0.6944094300270081, -1.4970629215240479, -0.07725192606449127, -1.6688880920410156, 0.8734983205795288, -0.5706495642662048, 1.5986469984054565, -1.1104532480239868, -0.7569172978401184, 0.6374836564064026, 0.8587645888328552, -1.2382756471633911, 2.7470598220825195, 0.6353865265846252, 0.344687283039093, -1.5603280067443848, 1.0644162893295288, -0.5117009878158569, -0.9616038203239441, -1.141322374343872, 0.5890293121337891, 0.035875771194696426, -0.2861674427986145, 0.09766742587089539, -0.48845967650413513, 0.6815969347953796, -0.5050726532936096, -0.9500964283943176, -0.7974218726158142, 1.2278685569763184, -1.040506362915039, 0.15827248990535736, -0.41351908445358276, 2.1632304191589355, -0.6171709299087524, 1.6954014301300049, 0.4926225543022156, 0.026570625603199005, -0.008293002843856812, -0.5967697501182556, 0.2945595383644104, -2.3840105533599854, 1.4354780912399292, -1.6220989227294922, -1.0094308853149414, 0.19333834946155548, -0.36835581064224243, 1.5407631397247314, -0.660997748374939, 0.8114550709724426, 1.4990713596343994, -1.176116943359375, -0.966984748840332, 1.4651129245758057, -0.8482916951179504, -1.1606543064117432, -1.0039397478103638, -0.9051560759544373, -0.664646565914154, 0.4978933334350586, -1.6676164865493774, -1.1930080652236938, -0.2336316853761673]",yunet,Facenet,1920,1080,/home/amos/media/tv/modern_family/Modern.Family.S09.1080p.DSNP.WEB-DL.DDP5.1.H.264-CRFW/Modern.Family.S09E21.The.Escape.1080p.DSNP.WEB-DL.DDP5.1.H.264-CRFW.mkv,Modern Family,2009,1442437,9,21,Kate Burton,20879.0,0.649
656,528,156,690,360,654,240,582,240,0.906,13896,1,"[-0.1494314819574356, 1.4691524505615234, -0.41623663902282715, 0.6358749866485596, 0.15746282041072845, -0.4389079213142395, -2.0159010887145996, 2.0370638370513916, -1.3175617456436157, -0.10234223306179047, -0.07842878252267838, 0.38193219900131226, 0.6864061951637268, 0.9602494239807129, 0.5152242183685303, 0.429013729095459, 0.7430281639099121, -0.7954980731010437, -0.8340488076210022, 0.5713819265365601, 0.7637592554092407, 2.4208219051361084, 0.035781823098659515, 1.040817141532898, -0.4948897957801819, 0.19078582525253296, -1.5437761545181274, 1.4401181936264038, 1.7558925151824951, -0.19450564682483673, -0.957635760307312, 0.9346024990081787, -0.04686405137181282, 0.21112608909606934, 1.7486613988876343, -0.4997348189353943, 0.09187094122171402, -1.2855982780456543, -1.3333022594451904, -0.005697082728147507, -0.4564783573150635, -0.7545218467712402, -1.4081754684448242, -0.746016800403595, -1.3373411893844604, -0.8429909348487854, 1.2983487844467163, -0.29959604144096375, 0.6962809562683105, 0.5359635949134827, 0.299311101436615, 0.4592398703098297, 0.6439425945281982, -0.5351223945617676, -0.054207559674978256, 0.6783240437507629, 1.4429874420166016, -2.63432240486145, -0.6706595420837402, 0.2986087203025818, -1.9399831295013428, 0.060774266719818115, -0.06728339195251465, -0.2806421220302582, 0.019185688346624374, -0.5205684304237366, 2.3517050743103027, 1.421657681465149, -0.4263610243797302, 1.6560544967651367, 1.1929869651794434, 1.8672517538070679, 0.43561434745788574, 2.140186309814453, 0.22770418226718903, -0.06069980189204216, 1.636860728263855, -0.4688820242881775, -1.1463602781295776, -0.41463541984558105, -0.5099359750747681, -0.9946086406707764, -0.9398965835571289, -0.020763974636793137, 3.1704165935516357, -0.07525072246789932, -1.1522419452667236, -1.5201618671417236, 0.8802813291549683, -0.16819113492965698, 0.9334693551063538, 0.973159909248352, -0.4430859684944153, -0.7041106224060059, 0.15326011180877686, 0.027735065668821335, 2.4020333290100098, 2.622037172317505, -0.05930514261126518, -2.9077963829040527, 0.43734127283096313, -1.0966236591339111, -1.1234242916107178, -0.24950574338436127, 0.9961450695991516, 0.8017396926879883, 1.0604617595672607, -0.815199613571167, 1.4227662086486816, 2.3111732006073, -1.498552918434143, 1.8043733835220337, 0.27981603145599365, -0.08613038063049316, 0.9034146070480347, -2.196105480194092, 1.0795881748199463, -1.5497400760650635, 0.9904537796974182, -0.5136973857879639, 1.4208481311798096, -0.4791206419467926, -0.6847838163375854, -0.03885234147310257, 2.050816774368286, -0.3088410794734955, -0.9553290009498596, 1.3259975910186768]",yunet,Facenet,1920,1080,/home/amos/media/tv/modern_family/Modern.Family.S09.1080p.DSNP.WEB-DL.DDP5.1.H.264-CRFW/Modern.Family.S09E21.The.Escape.1080p.DSNP.WEB-DL.DDP5.1.H.264-CRFW.mkv,Modern Family,2009,1442437,9,21,Jim Piddock,120560.0,0.722
657,1374,252,1584,522,1482,354,1404,354,0.916,13944,0,"[0.895527720451355, 1.0432592630386353, 1.204683542251587, -0.42695483565330505, 0.8149966597557068, -0.06560350209474564, -1.2974458932876587, 1.4935232400894165, 0.8311359286308289, -0.6030046939849854, -0.25771740078926086, 1.3302075862884521, -0.07155953347682953, 0.03749781847000122, 0.22610147297382355, -0.12459631264209747, -0.514777660369873, 0.3828580379486084, 1.8090969324111938, 0.9525296688079834, -0.8262715339660645, 0.524346113204956, 1.8026620149612427, -0.26266130805015564, 0.5563365817070007, 1.941611647605896, 2.0514955520629883, -0.2927177846431732, -0.2517620325088501, -0.718112051486969, -1.9250746965408325, 0.23863601684570312, -2.0525732040405273, 0.7949662208557129, -0.9477788805961609, 0.6119211912155151, -0.3220164179801941, -0.9573734402656555, -0.9998028874397278, 0.29547420144081116, 0.11442186683416367, -0.2607460916042328, 0.15935488045215607, 2.294236421585083, -0.5907459855079651, 0.2221476137638092, -0.42193180322647095, -2.4453279972076416, 0.06726285815238953, 0.6735807657241821, 1.4106614589691162, -0.0901930034160614, 0.8190921545028687, 0.31965547800064087, 1.3336682319641113, -3.46354341506958, -0.7341049909591675, -0.45805227756500244, -1.12136709690094, -0.7082155346870422, 0.5557172298431396, -1.6860405206680298, 1.7149624824523926, -2.2228708267211914, -1.4086321592330933, -0.6910374760627747, -1.7430363893508911, -0.19725340604782104, -1.5392411947250366, 0.8600715398788452, -1.1090697050094604, 0.7839373350143433, -0.5400094389915466, 0.33825188875198364, 0.47018808126449585, 1.0906238555908203, -0.6418720483779907, 2.4551239013671875, 0.9376084208488464, -0.20797502994537354, -1.3738682270050049, 1.518999695777893, 0.4396032989025116, -0.14139051735401154, -0.3388266861438751, 0.426115483045578, -0.14421504735946655, -0.6856476068496704, 0.45577600598335266, -1.0283753871917725, -0.01114819198846817, -0.9466671347618103, -0.5941444039344788, -0.8216338753700256, 0.8747490048408508, -1.4651525020599365, -0.5536285042762756, -0.21545012295246124, 1.1401913166046143, -1.3006962537765503, 0.8034695386886597, 0.5437236428260803, 0.29987800121307373, 0.21901056170463562, -0.34625521302223206, 0.5051142573356628, -1.3529683351516724, 2.491746664047241, -1.8029234409332275, -0.29866114258766174, 0.7403416037559509, -0.15071269869804382, 0.9152605533599854, -0.7404205203056335, 1.1221094131469727, 1.9189422130584717, -0.9981139898300171, -1.7031370401382446, 1.1874698400497437, -1.5523353815078735, -0.3657495975494385, -0.6439083814620972, -1.1964329481124878, -0.5291199684143066, 0.48480385541915894, -1.7699096202850342, -1.033320665359497, 0.45029279589653015]",yunet,Facenet,1920,1080,/home/amos/media/tv/modern_family/Modern.Family.S09.1080p.DSNP.WEB-DL.DDP5.1.H.264-CRFW/Modern.Family.S09E21.The.Escape.1080p.DSNP.WEB-DL.DDP5.1.H.264-CRFW.mkv,Modern Family,2009,1442437,9,21,Kate Burton,20879.0,0.708
658,576,252,738,462,684,336,612,336,0.912,13944,1,"[-0.023863568902015686, 1.343231439590454, -0.2646772563457489, 0.1899724304676056, 0.6953651905059814, -0.1794695407152176, -1.8467007875442505, 1.170088529586792, -0.4984901547431946, -0.8721111416816711, -0.6911982893943787, 0.1951121687889099, 0.8276488780975342, 0.28623709082603455, 0.26378750801086426, -0.24634024500846863, 0.9848670959472656, -0.9077490568161011, -0.8080139756202698, 0.3817864656448364, 1.3811054229736328, 1.7268030643463135, -0.40839987993240356, 0.9902248978614807, -0.4653366804122925, 0.4436131417751312, -0.7996242046356201, 0.8055950999259949, 1.290117859840393, -0.12383678555488586, -0.6223737001419067, 0.8021272420883179, 0.08835054188966751, -0.447574257850647, 1.155992031097412, -0.5425708293914795, 0.821347177028656, -1.7328448295593262, -1.0457220077514648, 0.3448677957057953, -0.2151939868927002, -1.5035109519958496, -1.2844361066818237, -0.6778402328491211, -1.894020915031433, -0.4743497669696808, 1.6440143585205078, -0.6385135650634766, -0.11567357182502747, -0.7201262712478638, 0.3285207748413086, 0.8948214054107666, 0.17025181651115417, -0.6834742426872253, 0.47920504212379456, 0.5400058627128601, 1.9264254570007324, -2.401973009109497, -0.3619800806045532, -0.07576652616262436, -2.0053610801696777, -0.9112191796302795, 0.8048700094223022, -0.39438167214393616, -0.1913793683052063, -0.04788532853126526, 2.773498773574829, 1.0917524099349976, -0.5397281050682068, 0.935927152633667, 1.4992555379867554, 1.0813302993774414, 0.04671049863100052, 1.5062956809997559, 0.046038392931222916, 0.5487489104270935, 1.1747087240219116, -0.1261599063873291, -1.351596713066101, -1.2691282033920288, -0.3493627905845642, -0.5035073757171631, -0.49879223108291626, 0.5693877339363098, 2.574883222579956, 0.6099106073379517, -1.4135956764221191, -1.6503002643585205, 0.7512601613998413, 0.2737308442592621, 1.0811591148376465, -0.34386909008026123, 0.0624396987259388, -1.2263954877853394, -0.7537627816200256, 1.1260509490966797, 2.224607229232788, 1.7615158557891846, 0.2129061222076416, -2.2268307209014893, -0.24174433946609497, -0.8106725215911865, -0.111292764544487, -0.4488837420940399, -0.012710675597190857, 0.33482909202575684, -0.1180940568447113, 0.04688558727502823, 1.9051355123519897, 2.253234624862671, -2.5911097526550293, 1.636215329170227, 1.0262378454208374, -0.8128342032432556, 1.0793741941452026, -2.333498001098633, 0.1528250277042389, -0.930040717124939, 1.3278719186782837, -1.1042348146438599, 1.22428297996521, -0.6333862543106079, -0.2322791963815689, -0.2449357807636261, 2.1303045749664307, 0.04454074054956436, -0.5472148060798645, 0.7637225985527039]",yunet,Facenet,1920,1080,/home/amos/media/tv/modern_family/Modern.Family.S09.1080p.DSNP.WEB-DL.DDP5.1.H.264-CRFW/Modern.Family.S09E21.The.Escape.1080p.DSNP.WEB-DL.DDP5.1.H.264-CRFW.mkv,Modern Family,2009,1442437,9,21,Jim Piddock,120560.0,0.785
659,564,252,720,444,678,324,600,324,0.909,13968,0,"[0.07218029350042343, 1.3777588605880737, -0.36693891882896423, 0.25837433338165283, 0.7547341585159302, -0.18798428773880005, -1.5091410875320435, 1.8050562143325806, -0.5318493247032166, -1.058130145072937, -0.5871884822845459, 0.4643286168575287, 0.9327325820922852, 0.13251543045043945, 0.3130126893520355, -0.5209584832191467, 0.5785927772521973, -0.5651348233222961, -1.1705985069274902, 1.0943386554718018, 1.4296907186508179, 2.3513429164886475, 0.12714368104934692, 0.25317955017089844, -0.5828374028205872, 0.5184416174888611, -1.099456787109375, 0.5446326732635498, 1.3697688579559326, -0.06294046342372894, -0.6619236469268799, 0.7356173396110535, 0.05874615162611008, -0.6073059439659119, 1.1776669025421143, -0.7731993794441223, 0.21777889132499695, -1.6487243175506592, -1.1220707893371582, 0.03618336468935013, -0.1937074214220047, -1.6164498329162598, -1.9009753465652466, -1.062263011932373, -1.1895815134048462, -0.18972580134868622, 1.4810843467712402, -0.6157749891281128, -0.37501412630081177, -0.27597570419311523, -0.04549393057823181, 1.2174289226531982, 0.4269365966320038, -0.8577291369438171, 0.3860420882701874, 0.02312743291258812, 1.8790571689605713, -2.294034957885742, -0.5115617513656616, -0.5089846849441528, -1.4973446130752563, -0.7292783260345459, 0.4556671977043152, -0.550045371055603, -0.11227963119745255, -0.6784026026725769, 2.8110108375549316, 0.49916955828666687, -0.760495126247406, 0.485625296831131, 1.0732945203781128, 1.1479564905166626, 0.10133031010627747, 1.4512417316436768, 0.09933668375015259, -0.10684323310852051, 0.9011144638061523, -0.4383760690689087, -0.7839425802230835, -1.134283185005188, -0.08090830594301224, -0.4774447977542877, -0.6611672639846802, 0.16239362955093384, 2.6752078533172607, 0.4832722842693329, -1.4721182584762573, -1.2622966766357422, 1.0669091939926147, 0.28639331459999084, 0.5234915614128113, 0.2917425334453583, -0.2787468731403351, -1.0165818929672241, -0.35409823060035706, 0.5308630466461182, 2.7912673950195312, 1.9510893821716309, 0.31143102049827576, -2.575345754623413, 0.3293977975845337, -1.1161437034606934, -0.5230202078819275, 0.14410461485385895, 0.42716431617736816, 0.9817857146263123, 0.8213364481925964, -0.0630386620759964, 2.0897483825683594, 2.4388439655303955, -2.557447910308838, 1.9158892631530762, 1.129247784614563, -0.8686728477478027, 1.2976508140563965, -2.311892509460449, -0.31672203540802, -1.0917942523956299, 1.741582989692688, -1.378325343132019, 0.9941617846488953, 0.06989079713821411, -1.0815383195877075, 0.024958742782473564, 1.9565720558166504, 0.00585387647151947, -1.2631542682647705, 0.9091034531593323]",yunet,Facenet,1920,1080,/home/amos/media/tv/modern_family/Modern.Family.S09.1080p.DSNP.WEB-DL.DDP5.1.H.264-CRFW/Modern.Family.S09E21.The.Escape.1080p.DSNP.WEB-DL.DDP5.1.H.264-CRFW.mkv,Modern Family,2009,1442437,9,21,Jim Piddock,120560.0,0.712
660,1368,252,1578,540,1482,372,1404,378,0.908,13968,1,"[1.0436850786209106, 0.920703649520874, 1.5911285877227783, -1.0370299816131592, 0.9451858401298523, 0.3360241949558258, -1.3368971347808838, 1.9360846281051636, 1.3577778339385986, -1.4893524646759033, 0.009245596826076508, 0.17157377302646637, -0.38001424074172974, 0.3556002378463745, -0.08035285770893097, 0.08729363977909088, -0.16990076005458832, 0.4204217195510864, 1.888363003730774, 0.538902759552002, -0.7413796186447144, 0.8261920213699341, 0.8824638724327087, 0.11613323539495468, 0.8574122190475464, 1.9173578023910522, 1.3502753973007202, -0.5071874856948853, -0.34797799587249756, -0.8008717894554138, -1.2998061180114746, 1.174310326576233, -2.054014205932617, 1.0328948497772217, -1.225343108177185, 0.367940217256546, 0.10558725148439407, -0.7969932556152344, -1.0072054862976074, 0.8810815811157227, 0.3166462481021881, -0.46095114946365356, 0.7044942378997803, 2.377589225769043, -1.0186307430267334, 0.5735776424407959, 0.2271740436553955, -2.4195690155029297, -0.46362829208374023, 0.9740375280380249, 1.0528147220611572, -0.11445285379886627, 0.4934829771518707, 0.8187053799629211, 1.2900331020355225, -3.7542731761932373, -0.4749554693698883, -1.0625556707382202, -1.3500508069992065, 0.26320239901542664, 0.9727968573570251, -1.6075875759124756, 1.4997460842132568, -1.401788592338562, -1.0584179162979126, -1.2578752040863037, -1.5953223705291748, -0.012971901334822178, -1.3353699445724487, 0.08645661920309067, -1.519376277923584, 0.5674843788146973, -0.9118888974189758, 0.11798103153705597, 0.4578838646411896, 1.7250609397888184, -0.8347749710083008, 2.1000823974609375, 0.9481635689735413, 0.04102005064487457, -1.012405514717102, 1.3532497882843018, 0.2348746657371521, -0.5163982510566711, -0.18887904286384583, 0.009905047714710236, -0.026459932327270508, -0.75717693567276, 0.5162450075149536, -0.9388027787208557, -0.03676087409257889, -1.1306337118148804, -0.955077052116394, -1.746856451034546, 1.2084085941314697, -0.842886209487915, -1.342606544494629, -0.11091900616884232, 0.954447329044342, -1.5674104690551758, 1.3119434118270874, 0.3891838490962982, -0.4227246642112732, -0.43912577629089355, -0.6867406368255615, 0.2492704540491104, -2.0547757148742676, 2.2865049839019775, -1.4954578876495361, -1.1620811223983765, 0.2370453029870987, -0.9498576521873474, 1.1274200677871704, -1.1504971981048584, 0.324862539768219, 1.0668202638626099, -0.8413263559341431, -2.024784564971924, 0.8828989863395691, -0.8970641493797302, -0.6754162907600403, -0.5367648601531982, -0.9921838045120239, -0.2902054488658905, 0.7983459234237671, -1.7654273509979248, -1.105183720588684, 0.5246967673301697]",yunet,Facenet,1920,1080,/home/amos/media/tv/modern_family/Modern.Family.S09.1080p.DSNP.WEB-DL.DDP5.1.H.264-CRFW/Modern.Family.S09E21.The.Escape.1080p.DSNP.WEB-DL.DDP5.1.H.264-CRFW.mkv,Modern Family,2009,1442437,9,21,Kate Burton,20879.0,0.796
661,1362,276,1578,540,1494,378,1410,378,0.915,13992,0,"[1.1345406770706177, 0.45943328738212585, 1.993772029876709, -1.0701689720153809, 0.23719388246536255, -0.34971508383750916, -1.0492916107177734, 1.507511019706726, 1.1305993795394897, -0.4583679437637329, 0.10599087923765182, 0.11395104974508286, -0.5282042622566223, 0.17970460653305054, 0.2010321021080017, -0.20433549582958221, -0.08606237173080444, -0.05963055044412613, 1.5718880891799927, 0.19687584042549133, -1.067334532737732, -0.3015442490577698, 1.3169305324554443, 0.768143355846405, 0.8092027306556702, 1.538761854171753, 2.1147069931030273, 0.42619797587394714, -0.9507794380187988, -0.18874195218086243, -1.3302760124206543, 0.6040255427360535, -2.569007396697998, 1.4317001104354858, -1.2478688955307007, 0.03647145256400108, 0.5779768228530884, -0.9332863688468933, -0.5110878348350525, 1.1765300035476685, -0.28076621890068054, -0.7899549603462219, 0.46633219718933105, 1.7546294927597046, -0.17180006206035614, 0.5974065065383911, 0.0723852813243866, -2.3711490631103516, 0.5260974168777466, 0.6341509819030762, 0.887292206287384, -0.8353173136711121, 0.36486655473709106, -0.14007845520973206, 0.402998149394989, -3.046133279800415, -0.25823974609375, -0.17309248447418213, -0.9320901036262512, -0.11465615034103394, 0.6344196796417236, -0.9484987258911133, 1.5580365657806396, -1.313244104385376, -1.7322583198547363, -0.16908837854862213, -1.8280408382415771, -0.0011647394858300686, -0.91059410572052, 0.5306740999221802, -0.9714385271072388, 0.15588340163230896, 0.6084005832672119, -0.1919202208518982, 0.45819929242134094, 1.412321925163269, -0.4665272533893585, 2.219557285308838, 0.2800486087799072, 0.33497297763824463, -2.0038819313049316, 0.9521356821060181, 0.6269662976264954, -0.6428046226501465, -0.23830771446228027, 0.2102544903755188, 0.1461794376373291, -0.6142277717590332, 0.5549288988113403, -0.2247704565525055, 0.29083701968193054, -1.5714449882507324, -1.0443722009658813, -0.7651230692863464, 1.5778045654296875, -1.029361367225647, -1.1624630689620972, 0.2494107335805893, 0.7065587043762207, -0.7835209965705872, 1.3536450862884521, 1.1532608270645142, 0.9712576270103455, -0.733034074306488, -0.629392147064209, 0.7260987162590027, -1.7703688144683838, 2.540349006652832, -2.0156400203704834, -0.968474268913269, 1.0243136882781982, -0.9597421288490295, 0.30092179775238037, -1.2055461406707764, 0.8300447463989258, 2.2394587993621826, -0.3159291744232178, -1.581405520439148, 0.13005772233009338, -1.1843026876449585, -0.16136407852172852, -0.5837037563323975, -1.2202059030532837, -0.9751228094100952, -0.259859561920166, -2.1777892112731934, -1.1146806478500366, -0.08563047647476196]",yunet,Facenet,1920,1080,/home/amos/media/tv/modern_family/Modern.Family.S09.1080p.DSNP.WEB-DL.DDP5.1.H.264-CRFW/Modern.Family.S09E21.The.Escape.1080p.DSNP.WEB-DL.DDP5.1.H.264-CRFW.mkv,Modern Family,2009,1442437,9,21,Kate Burton,20879.0,0.663
662,564,234,732,444,678,318,600,318,0.914,13992,1,"[-0.063240185379982, 1.3569285869598389, -0.21075765788555145, -0.16063642501831055, 0.5699950456619263, -0.24808533489704132, -2.5471434593200684, 1.4093058109283447, -0.6080155372619629, -0.8155722618103027, -0.8103665113449097, 0.6036012172698975, 0.8216050863265991, 0.36035507917404175, 0.749459981918335, -0.4338904023170471, 0.7787035703659058, -1.1161963939666748, -0.5749160051345825, 0.25324153900146484, 1.2769619226455688, 1.461370587348938, -0.1807686686515808, 1.1074738502502441, -0.5589455366134644, -0.014378055930137634, -1.3061792850494385, 0.9604069590568542, 1.1311761140823364, -0.3502361476421356, -0.7619880437850952, 0.5740436911582947, 0.11028902232646942, -0.3809833824634552, 1.2617872953414917, -0.35328927636146545, 0.7448192238807678, -1.4421453475952148, -0.8345691561698914, 0.21704402565956116, 0.05701398849487305, -1.3375413417816162, -1.5003502368927002, -1.0359208583831787, -1.6229785680770874, -0.25066447257995605, 1.7040029764175415, -0.05784826725721359, -0.07033796608448029, -0.18198300898075104, -0.06161394715309143, 1.2750129699707031, 0.5036153793334961, -0.6744658946990967, 0.4225136935710907, 0.5920030474662781, 1.5999447107315063, -2.4953184127807617, -0.30309292674064636, 0.4179200828075409, -1.4598240852355957, -0.9596340656280518, 0.3885979652404785, -0.3560965359210968, -0.09781504422426224, -0.4091169238090515, 2.613877773284912, 0.817128598690033, -0.5060803294181824, 0.8936711549758911, 1.3014060258865356, 1.0454744100570679, -0.19639569520950317, 1.5862970352172852, -0.06420484185218811, -0.02563842013478279, 1.131274938583374, -0.44322794675827026, -1.2957736253738403, -1.420276403427124, -0.27671682834625244, -0.9599208831787109, -0.21356257796287537, 0.7000110745429993, 2.684274911880493, 0.2860431969165802, -1.0117518901824951, -1.494123101234436, 0.7187029123306274, -0.04108971729874611, 0.6041014790534973, -0.18273504078388214, 0.1967933177947998, -1.2318145036697388, -0.10709653794765472, 1.0019090175628662, 2.290106773376465, 1.9959713220596313, -0.11662326008081436, -1.9372856616973877, 0.07844788581132889, -0.8368970155715942, -0.47112154960632324, -0.15238793194293976, 0.003533579409122467, 0.517580509185791, 0.18138864636421204, -0.11071263253688812, 1.9043219089508057, 2.2387242317199707, -2.6192898750305176, 1.4196199178695679, 0.7457261085510254, -0.8681938052177429, 0.8214663863182068, -2.4755096435546875, 0.2034723162651062, -0.8047069907188416, 1.231153964996338, -1.1505396366119385, 0.9702864289283752, -0.7195507287979126, -0.32883554697036743, -0.12939444184303284, 2.1525566577911377, 0.019917435944080353, -0.5334354043006897, 1.1566344499588013]",yunet,Facenet,1920,1080,/home/amos/media/tv/modern_family/Modern.Family.S09.1080p.DSNP.WEB-DL.DDP5.1.H.264-CRFW/Modern.Family.S09E21.The.Escape.1080p.DSNP.WEB-DL.DDP5.1.H.264-CRFW.mkv,Modern Family,2009,1442437,9,21,Jim Piddock,120560.0,0.778
663,396,198,654,558,624,354,540,354,0.917,14016,0,"[-0.8451118469238281, -2.3483798503875732, -0.9185469746589661, -0.675966739654541, 0.44468358159065247, 1.0679092407226562, 1.0598437786102295, 0.2540348172187805, 1.1387680768966675, -0.5134449005126953, 1.0159164667129517, -1.1337372064590454, -0.38562899827957153, -0.6903504133224487, -0.004586763679981232, 0.1645488291978836, -1.4563411474227905, 0.2917810082435608, 0.03405788540840149, -0.27674075961112976, 0.0751466304063797, -0.814826250076294, 0.7556358575820923, -1.2291971445083618, 0.4874723255634308, 1.3329217433929443, 1.3039366006851196, -2.1191062927246094, -0.36164236068725586, -0.42788252234458923, -0.7343485355377197, 0.8139117360115051, 0.13786360621452332, -0.18345847725868225, 0.10691122710704803, 1.7252494096755981, -0.24599295854568481, 1.2570035457611084, 1.0359013080596924, -1.0576471090316772, 2.141695261001587, 1.7965537309646606, -1.2600585222244263, -1.273039698600769, 1.013663649559021, -1.8429924249649048, -0.32450371980667114, 1.3441091775894165, 1.1729053258895874, -0.784622311592102, 0.6459830403327942, -0.048008184880018234, -1.0135958194732666, 0.13999085128307343, 0.04657399654388428, -0.8223519921302795, 0.4555734097957611, 2.0873212814331055, -0.3463554084300995, -0.16570423543453217, 1.4936593770980835, -1.2795069217681885, -1.1925182342529297, 1.0733119249343872, 1.6451530456542969, 0.1251433938741684, 0.16937661170959473, 0.8368809223175049, 0.3371052145957947, -0.27062538266181946, -0.785589873790741, 1.1654654741287231, -2.419367790222168, 1.048446774482727, 0.6258442401885986, -1.5626486539840698, -1.3374377489089966, 1.478075385093689, -1.1144238710403442, 0.7145758271217346, -3.1967151165008545, 0.20543469488620758, 1.0038678646087646, -0.5683162212371826, -1.9951611757278442, 0.4239022433757782, 1.9126087427139282, -0.15015311539173126, -1.6654428243637085, -1.5995709896087646, -0.0411035493016243, 0.6120405793190002, 0.4314223825931549, 0.9351312518119812, -0.2946587800979614, 0.4903249144554138, -1.5863797664642334, -0.7090187072753906, 0.05622856318950653, 1.0826150178909302, -1.087087631225586, -0.15211966633796692, -1.2610881328582764, -0.1912945657968521, 0.0693046823143959, 0.47993457317352295, -0.3424581289291382, -1.059232234954834, 0.2852898836135864, 0.236697718501091, -0.2095136195421219, -1.1486494541168213, 0.8667770624160767, -0.6125584840774536, -0.02046593837440014, 2.769881010055542, 0.07184221595525742, -0.11558683216571808, -1.011920690536499, 0.7762472629547119, -1.176077961921692, 1.2868040800094604, 1.0091246366500854, 0.03650519996881485, -1.1011189222335815, -0.1424514800310135, -0.9027851819992065, -0.5199736952781677]",yunet,Facenet,1920,1080,/home/amos/media/tv/modern_family/Modern.Family.S09.1080p.DSNP.WEB-DL.DDP5.1.H.264-CRFW/Modern.Family.S09E21.The.Escape.1080p.DSNP.WEB-DL.DDP5.1.H.264-CRFW.mkv,Modern Family,2009,1442437,9,21,Chris Geere,62879.0,0.697
664,1332,306,1536,570,1494,414,1404,414,0.915,14016,1,"[-0.7805541753768921, -2.1770009994506836, 0.4811412990093231, 2.1444573402404785, 1.6476995944976807, -0.07226420193910599, -0.20506082475185394, -0.7801224589347839, 0.2649591863155365, 2.7657763957977295, -1.9814037084579468, 1.311240315437317, -0.2230330854654312, -0.0842447429895401, -0.5409427881240845, -0.18361374735832214, -0.8051035404205322, -0.21281181275844574, -1.9619100093841553, -0.426108181476593, -0.24423396587371826, -1.3178266286849976, 1.5544508695602417, 0.7839415669441223, 0.028720874339342117, -0.10361283272504807, 1.6957036256790161, -1.0909982919692993, 2.454977512359619, 0.9400296807289124, 0.14125946164131165, -2.2362613677978516, -0.221055269241333, -1.988598108291626, 0.5133001208305359, -0.9278959631919861, -2.5612125396728516, 1.0280308723449707, -1.9220070838928223, -1.028923749923706, -0.3235936164855957, -0.32989302277565, 0.9232485294342041, 2.7038474082946777, 0.33948251605033875, -0.8929660320281982, 0.12834705412387848, 1.3115466833114624, -1.1122123003005981, 0.07544012367725372, -0.6073517799377441, 0.5610578656196594, 1.437654733657837, 0.4441108703613281, 0.23742452263832092, -0.3635065257549286, 1.1077861785888672, 0.0484200157225132, -0.24822470545768738, 0.8876892328262329, -0.6179113984107971, 0.5886810421943665, -1.0037343502044678, 0.44995179772377014, -0.7745869755744934, 2.359049081802368, -1.460822582244873, 0.49770087003707886, 0.11039856821298599, 1.1183605194091797, -0.9219998121261597, -0.1296369880437851, -0.1416027694940567, 0.6549299359321594, 0.6868605017662048, -0.851830780506134, 0.2785247564315796, -0.1682220697402954, 0.46654021739959717, -0.5056794881820679, -1.0165191888809204, -0.5734341144561768, 1.0824034214019775, 0.5255500078201294, -0.04404181241989136, -0.6012765169143677, 0.8375049829483032, -0.9894360303878784, 0.7765636444091797, -0.9276858568191528, -0.802001416683197, 0.4648563861846924, 0.1990283727645874, 0.0287046916782856, 1.1937816143035889, 0.6971678137779236, -0.025712134316563606, -0.36540380120277405, -1.0288223028182983, -1.6452370882034302, -0.1387968361377716, -0.10810352861881256, -0.7886366248130798, 1.821123480796814, 2.160250663757324, -0.6424140334129333, 0.5285910367965698, -1.2493809461593628, 1.6237000226974487, -0.0032699760049581528, 1.3620030879974365, 0.8355011343955994, -0.0825321227312088, 0.9109277725219727, -1.627754807472229, 0.31397390365600586, -1.2452338933944702, 1.380587100982666, -0.5283248424530029, -1.6823941469192505, 2.5789132118225098, -1.3942676782608032, -1.0153892040252686, -0.29036685824394226, -0.09804677963256836, -0.424807071685791, 1.3779529333114624, -0.23107308149337769]",yunet,Facenet,1920,1080,/home/amos/media/tv/modern_family/Modern.Family.S09.1080p.DSNP.WEB-DL.DDP5.1.H.264-CRFW/Modern.Family.S09E21.The.Escape.1080p.DSNP.WEB-DL.DDP5.1.H.264-CRFW.mkv,Modern Family,2009,1442437,9,21,Sarah Hyland,91351.0,0.633
665,1272,288,1464,546,1374,390,1302,390,0.91,14040,0,"[-0.21966567635536194, -1.2506548166275024, -0.09843555837869644, 2.3113787174224854, 0.513271152973175, 0.3695645332336426, -0.08040689677000046, -1.8722227811813354, 0.07514848560094833, 2.877342462539673, -1.6745091676712036, 1.5300936698913574, 1.0507327318191528, -0.2391587793827057, -0.4125692546367645, -0.058867089450359344, -0.7771438360214233, -0.20413939654827118, -1.4027838706970215, 0.21599474549293518, 0.22714969515800476, 0.1984274685382843, 0.7392700910568237, 0.8385716080665588, -0.035904787480831146, -0.33972975611686707, 1.0714309215545654, -1.1312966346740723, 3.701850175857544, 1.2624231576919556, 0.5695356130599976, -2.0749599933624268, -1.1675161123275757, -1.4636696577072144, 1.213284969329834, -1.654128909111023, -2.167637586593628, 1.3367384672164917, -1.51814866065979, -0.8410593271255493, -0.22809290885925293, 0.4536547064781189, 1.6732150316238403, 2.379401445388794, -0.28549614548683167, -0.8159530758857727, 0.5294361114501953, 0.12145764380693436, -0.43330705165863037, -0.004678931087255478, -0.5183324813842773, 0.68455970287323, 0.9063161015510559, 0.5205320119857788, -0.5933985114097595, -0.1681775599718094, 1.0615838766098022, 0.19592216610908508, -0.4368329644203186, 0.6588711738586426, -0.14047133922576904, 1.0966051816940308, -1.0370420217514038, 0.08355090767145157, -0.5542938709259033, 2.062969207763672, -0.3681495487689972, 0.8515418171882629, -0.7364535331726074, 0.5445268154144287, -0.1908913254737854, 0.34897667169570923, -0.1231548935174942, 0.13316316902637482, 1.4114731550216675, -0.4008300304412842, 0.7397729158401489, -0.2954954206943512, -0.36378082633018494, -0.727642834186554, -0.3959396183490753, 0.10829009115695953, 1.0923686027526855, 0.5799757242202759, -0.871309757232666, -0.3319743573665619, -0.1267538070678711, -0.7233775854110718, 0.2223903238773346, -2.2867419719696045, -0.5193523168563843, 0.1758466213941574, 0.4716756045818329, -0.008490297943353653, 1.9201929569244385, 0.6317593455314636, -0.17287781834602356, -0.3053308427333832, 0.7803674936294556, -2.1601738929748535, 0.1572985202074051, 0.6022090315818787, -0.8553603887557983, 1.569930076599121, 1.6263883113861084, -0.03953809663653374, 0.6953950524330139, -0.46865400671958923, 1.8053702116012573, -1.2246432304382324, 1.6897740364074707, 0.5241004228591919, -0.16830508410930634, 0.7316072583198547, -1.5241676568984985, 0.4496329724788666, -0.9269827604293823, 1.6515154838562012, -1.3550832271575928, -0.34394997358322144, 2.403465509414673, -0.822230339050293, 0.20280346274375916, -1.2892998456954956, 0.18688833713531494, 0.31566593050956726, 0.8628671169281006, -0.8536306619644165]",yunet,Facenet,1920,1080,/home/amos/media/tv/modern_family/Modern.Family.S09.1080p.DSNP.WEB-DL.DDP5.1.H.264-CRFW/Modern.Family.S09E21.The.Escape.1080p.DSNP.WEB-DL.DDP5.1.H.264-CRFW.mkv,Modern Family,2009,1442437,9,21,Sarah Hyland,91351.0,0.64
666,426,204,678,540,642,336,564,336,0.909,14040,1,"[-0.41419512033462524, -2.724097967147827, -0.6009271740913391, -0.39992883801460266, 1.1817470788955688, 1.261458396911621, 0.6676121354103088, 0.14469024538993835, 2.3876092433929443, -0.0404687374830246, 0.7445372343063354, -1.2804962396621704, -1.369873046875, -0.7473452091217041, -0.6970536708831787, -0.7250476479530334, -1.3947464227676392, -0.24503010511398315, 0.11692801117897034, -0.3596494793891907, 0.7236931324005127, -1.314393162727356, 0.9804628491401672, -0.23829254508018494, 0.6019311547279358, 0.7134265303611755, 1.9967750310897827, -3.0724544525146484, 0.03400689363479614, -0.36777976155281067, -0.2758939564228058, -0.012744676321744919, -0.006571277044713497, -0.4434482455253601, -0.2736395597457886, 2.011871099472046, -1.0985291004180908, 1.0416734218597412, 1.1875288486480713, -0.8942524194717407, 1.4532554149627686, 0.739009439945221, -1.4980530738830566, -1.338430404663086, 0.8090620040893555, -1.0505893230438232, -0.4572719931602478, 1.423842191696167, 0.2468874603509903, -1.3069145679473877, 0.15422981977462769, -0.4067659080028534, -0.6783704161643982, 0.04498296231031418, 0.159899041056633, -1.3547288179397583, 0.9107764959335327, 1.7029643058776855, -0.6169497966766357, -0.6079109311103821, 0.57350093126297, -1.6722720861434937, -0.719020426273346, -0.158307284116745, 1.1080776453018188, 0.7896665930747986, 0.0001810714602470398, 0.8473862409591675, -0.09655408561229706, -0.32237163186073303, -0.6380941867828369, 0.5656274557113647, -2.708073616027832, 1.3137493133544922, -0.279644250869751, -1.2586946487426758, -0.9618765115737915, 1.4324369430541992, -0.945720374584198, 0.9314285516738892, -3.16333270072937, -0.38695627450942993, 1.738078236579895, -0.7065305113792419, -1.7075194120407104, 0.8283630609512329, 1.9084045886993408, 0.142379030585289, -1.010790228843689, -1.141215443611145, 0.5190428495407104, 0.6616882681846619, 0.5659351944923401, 1.5756983757019043, -0.435145765542984, 0.5341981649398804, -1.8521111011505127, -0.26228898763656616, -0.2282680720090866, 1.1932861804962158, -1.2831255197525024, -0.49690917134284973, -0.1538028120994568, -0.016321439296007156, 0.049355439841747284, 0.198307603597641, -0.49146637320518494, -0.44988498091697693, 0.3262183964252472, -0.18348966538906097, 0.290652334690094, -1.8645107746124268, 0.809619665145874, -1.1995065212249756, -0.010930458083748817, 2.6303436756134033, -0.05918605625629425, 0.6302289366722107, -0.31208428740501404, 0.3192020654678345, -1.5748310089111328, 1.5686900615692139, 0.00026693195104599, -0.09752994030714035, -0.736138105392456, 0.08950098603963852, -1.0812132358551025, -0.7905071973800659]",yunet,Facenet,1920,1080,/home/amos/media/tv/modern_family/Modern.Family.S09.1080p.DSNP.WEB-DL.DDP5.1.H.264-CRFW/Modern.Family.S09E21.The.Escape.1080p.DSNP.WEB-DL.DDP5.1.H.264-CRFW.mkv,Modern Family,2009,1442437,9,21,Chris Geere,62879.0,0.662
667,1392,294,1608,600,1494,414,1410,414,0.903,14064,0,"[-0.6282098293304443, -1.151755690574646, -0.104442298412323, 1.7561885118484497, 0.010141205042600632, 0.22000554203987122, -0.795908510684967, -1.3055741786956787, -0.777902364730835, 3.516883373260498, -1.8786675930023193, 1.7669752836227417, 0.09389495849609375, 0.502643346786499, -0.7837830781936646, -0.5399773120880127, -0.3872542679309845, -1.1227922439575195, -1.1295822858810425, 0.023249918594956398, 0.8817275762557983, -0.3065316677093506, 1.1311886310577393, 0.2180146872997284, 0.6491847038269043, 0.5107524991035461, 1.4378371238708496, -0.6483362913131714, 3.3909895420074463, 0.4393235146999359, 0.1415327489376068, -1.164654016494751, -0.8443488478660583, -1.719435691833496, 2.005092144012451, -1.146186113357544, -2.1347665786743164, 0.7343412041664124, -1.0446996688842773, -0.9783531427383423, -1.0754053592681885, 1.1250568628311157, 0.5271986722946167, 1.93925142288208, -0.08087002485990524, -1.0817135572433472, 0.23461046814918518, 0.7257331609725952, -0.64699387550354, 0.2802894413471222, -0.5246836543083191, 1.484969973564148, 1.4142606258392334, 0.22796477377414703, -0.09577451646327972, -0.11466716974973679, 1.2257119417190552, 0.18587638437747955, -0.14694705605506897, 0.2547743022441864, 0.1282128095626831, 0.10506013035774231, -0.37011682987213135, -0.7508444786071777, -1.1503850221633911, 1.7043808698654175, -0.37531566619873047, 1.3708114624023438, -0.27719026803970337, 0.9228637218475342, -0.85960853099823, 0.6677039861679077, -0.5747537016868591, -0.027645573019981384, 1.0177721977233887, -0.9079309701919556, 1.3181641101837158, -0.4768791198730469, 0.030238553881645203, -1.183018684387207, -0.5232134461402893, -0.14494256675243378, 0.9464592337608337, 0.8909892439842224, -1.0583844184875488, 0.11605623364448547, -0.08216007053852081, -1.3890188932418823, 0.6885284185409546, -1.6609442234039307, -1.2325891256332397, -0.046532195061445236, 0.36329036951065063, 0.32015860080718994, 2.197305679321289, 0.9147895574569702, 0.3590386211872101, -0.11744800955057144, 0.7917994260787964, -1.6602431535720825, 0.3670651912689209, 0.6940665245056152, -0.7946188449859619, 1.448621392250061, 1.8070448637008667, -0.331367552280426, 0.3066524565219879, 0.1453799307346344, 1.744616985321045, -0.7077558636665344, 1.553518295288086, 0.23262420296669006, 0.22402609884738922, 1.1538686752319336, -0.8352054357528687, 0.8669761419296265, -1.0959938764572144, 1.388410210609436, -0.6533247232437134, -0.8568341135978699, 2.2702109813690186, -1.0902328491210938, -0.9445540904998779, -0.8417840003967285, 0.8064070343971252, 0.2037772834300995, 1.3255091905593872, -0.6383433938026428]",yunet,Facenet,1920,1080,/home/amos/media/tv/modern_family/Modern.Family.S09.1080p.DSNP.WEB-DL.DDP5.1.H.264-CRFW/Modern.Family.S09E21.The.Escape.1080p.DSNP.WEB-DL.DDP5.1.H.264-CRFW.mkv,Modern Family,2009,1442437,9,21,Sarah Hyland,91351.0,0.716
668,348,198,642,594,594,354,492,354,0.921,14088,0,"[0.033810943365097046, -1.4757566452026367, -1.0856225490570068, -1.6952892541885376, 0.9918752908706665, 2.1422107219696045, 1.2557486295700073, 1.372143268585205, 0.3633226752281189, 0.007381264120340347, 1.0992674827575684, -1.9064669609069824, -0.31701183319091797, 0.24646338820457458, -0.5016689300537109, -0.09599125385284424, -2.5187294483184814, -0.6409643292427063, 0.8702354431152344, -1.868033528327942, 0.8383917808532715, -0.1437142789363861, -0.4238179922103882, -1.724153995513916, 0.08771435916423798, 0.8067441582679749, 0.41204744577407837, -2.0461058616638184, -0.32097429037094116, -0.28973108530044556, -0.44172683358192444, 1.9458143711090088, 0.48006701469421387, -1.1957091093063354, 0.7991454601287842, 0.18774308264255524, -0.5342563986778259, 1.9016047716140747, 1.3620178699493408, -1.2725129127502441, 2.0208280086517334, 1.128491759300232, -0.9287911653518677, -2.6321492195129395, -0.6433727145195007, -1.5497076511383057, 0.20221956074237823, 1.1341896057128906, 1.1422280073165894, -0.6461187601089478, -1.0913039445877075, 1.8523030281066895, -0.2564173936843872, 0.0795595645904541, 0.9580984711647034, -1.0796759128570557, -0.06761482357978821, 0.8285804986953735, 0.5734700560569763, 0.07186231762170792, 0.7231915593147278, -1.1712900400161743, -0.23830056190490723, 1.3751477003097534, 1.4602398872375488, -0.37049514055252075, 0.2619142234325409, 1.8956533670425415, 0.8950762152671814, 0.3859361708164215, -0.8864161372184753, 0.8693332672119141, -3.3180699348449707, 1.2923762798309326, -0.6559070944786072, -0.34618982672691345, -1.794047474861145, 1.1558173894882202, -0.8711958527565002, 0.5037798285484314, -0.8492696285247803, -0.012184742838144302, 0.5058449506759644, -0.7313987612724304, -0.3493175506591797, -0.19152964651584625, 0.5111687779426575, 0.05928100645542145, -2.0358166694641113, -1.3344099521636963, 0.25139379501342773, 0.35411378741264343, 0.8234971165657043, 0.4131816625595093, -0.131538987159729, 1.7386480569839478, -1.997043251991272, 0.5961909294128418, 0.9720386862754822, 0.36344146728515625, -2.3990890979766846, -1.625905990600586, -1.0438557863235474, -0.1990506500005722, -0.6590463519096375, 0.7374801635742188, 0.037333812564611435, 0.4589173495769501, 0.16250093281269073, 0.7536046504974365, -0.26631104946136475, -1.9595839977264404, -0.16582918167114258, -0.2666264474391937, -0.538982093334198, 1.4859066009521484, 0.6635055541992188, -0.7709425091743469, -0.7553293108940125, 1.151863694190979, -0.6785051822662354, 1.8639142513275146, 0.2271755039691925, 1.0116571187973022, -0.45693838596343994, 0.3904809057712555, -1.460128903388977, -0.540165364742279]",yunet,Facenet,1920,1080,/home/amos/media/tv/modern_family/Modern.Family.S09.1080p.DSNP.WEB-DL.DDP5.1.H.264-CRFW/Modern.Family.S09E21.The.Escape.1080p.DSNP.WEB-DL.DDP5.1.H.264-CRFW.mkv,Modern Family,2009,1442437,9,21,Chris Geere,62879.0,0.646
669,354,204,642,582,576,360,450,354,0.918,14112,0,"[0.34527823328971863, -1.6748920679092407, -0.21306288242340088, -1.8518922328948975, 1.2422012090682983, 1.2449467182159424, 2.0989890098571777, 0.8589482307434082, 0.6241912841796875, 0.40675389766693115, 1.3600022792816162, -1.1661254167556763, -0.7283596992492676, -0.13988985121250153, -0.680622935295105, -1.0159448385238647, -1.6378000974655151, -1.0751333236694336, -0.15127739310264587, -1.8394920825958252, 0.2851376533508301, -0.832176923751831, -0.9734421372413635, -1.6901566982269287, 0.30495986342430115, 0.4898240864276886, 1.2279361486434937, -1.274850845336914, -1.9329063892364502, -0.5826132297515869, -0.600922703742981, 2.002230167388916, -1.818599820137024, 0.1279553472995758, 0.7068822383880615, -0.6671409010887146, -1.0675597190856934, 0.24462518095970154, 1.9014222621917725, -0.9084463119506836, 0.10527344793081284, -0.7205219268798828, -1.4937130212783813, -1.144873023033142, 0.4793636202812195, -1.786351203918457, -0.16722653806209564, 1.231771469116211, 2.2544260025024414, -0.6454291343688965, -1.3769676685333252, 1.2263330221176147, -0.9842076301574707, -0.6791349649429321, 0.8228784799575806, -2.3025434017181396, -0.12430773675441742, 0.7379617094993591, -1.7079497575759888, 0.25978270173072815, -0.6859983801841736, -1.1816790103912354, 0.20592531561851501, 0.06680084764957428, 1.0008924007415771, 0.6579654812812805, -1.3463897705078125, 1.1004537343978882, 1.164451241493225, 0.19899079203605652, -0.12535372376441956, 0.017474770545959473, -2.4639525413513184, 0.32799869775772095, 0.31857818365097046, -1.3317677974700928, -1.4201323986053467, 0.5535313487052917, -0.13647259771823883, 2.009523391723633, -0.9654300212860107, -0.39264926314353943, 1.0992562770843506, -1.467815637588501, -0.7507297396659851, 1.1852948665618896, -0.8548362851142883, -0.362945556640625, -0.49203696846961975, -0.5615270733833313, 0.627193808555603, -0.4217471182346344, -0.22905251383781433, 0.3650669455528259, 1.9355239868164062, 2.3037617206573486, -1.924582839012146, 1.4400521516799927, 0.458126962184906, 0.7937561869621277, -0.33687466382980347, -0.8635859489440918, -0.7161567807197571, -0.15175920724868774, -1.351716160774231, 1.2435460090637207, 0.8166146278381348, -0.6714211702346802, -0.9771213531494141, -0.9097554683685303, -0.1509629637002945, -1.290382742881775, -0.16699670255184174, -1.9886856079101562, 0.8032892942428589, 1.9766628742218018, 0.20552551746368408, 0.6751641035079956, -0.47539475560188293, 0.7128404974937439, -1.007657527923584, 1.592424988746643, 0.5687952637672424, 0.22303766012191772, -2.050916910171509, 0.5161463618278503, -1.7656669616699219, -0.1825120896100998]",yunet,Facenet,1920,1080,/home/amos/media/tv/modern_family/Modern.Family.S09.1080p.DSNP.WEB-DL.DDP5.1.H.264-CRFW/Modern.Family.S09E21.The.Escape.1080p.DSNP.WEB-DL.DDP5.1.H.264-CRFW.mkv,Modern Family,2009,1442437,9,21,,,
670,378,210,672,576,624,360,492,360,0.916,14136,0,"[0.3242238163948059, -1.8173433542251587, 0.15234076976776123, -2.2768118381500244, 0.7472580075263977, 1.7319986820220947, 1.1183511018753052, 0.6607581973075867, 0.005851320922374725, -0.7585233449935913, 0.5314431190490723, -0.7776884436607361, -0.836399257183075, 1.9088318347930908, -0.13887222111225128, -0.33372408151626587, -2.370037794113159, -0.6678788661956787, 0.9807849526405334, -1.6264081001281738, 0.1563689112663269, -0.71602863073349, -0.2561745345592499, -1.8966269493103027, 0.2827526926994324, -0.07350293546915054, 0.5455582141876221, -1.900858759880066, -2.5087125301361084, -0.4548861086368561, -0.12026293575763702, 1.8832242488861084, -0.1622929573059082, -0.1126268208026886, -0.6104841828346252, 1.0307210683822632, -0.2728774845600128, 0.3166491687297821, 1.2842628955841064, -0.7504005432128906, 1.3457982540130615, 0.6839417815208435, -1.0607105493545532, -2.631559371948242, -0.022164179012179375, -1.4126225709915161, -1.1685473918914795, 1.7958308458328247, 1.4782426357269287, 0.3271123468875885, -0.23379935324192047, 0.2924340069293976, 0.1673227846622467, -1.2640306949615479, 1.1582691669464111, -1.5468125343322754, -0.20511342585086823, 1.1773760318756104, 0.09201696515083313, -0.05751052498817444, 0.40472719073295593, -0.9173480272293091, -0.42060962319374084, 1.847328782081604, 1.2217509746551514, -1.1049549579620361, -0.010259434580802917, 0.09955080598592758, 0.2678982615470886, 1.3286367654800415, 0.11396849155426025, 1.0632497072219849, -1.6330389976501465, 1.275098443031311, -0.4406929314136505, -1.5074220895767212, -1.1591136455535889, 1.1624958515167236, -0.9961641430854797, 1.3352177143096924, -2.193166732788086, 0.3073107898235321, 0.7782893776893616, -0.2495948076248169, -0.3202149271965027, 0.17842614650726318, 1.0798156261444092, -0.4831897020339966, -1.0889090299606323, -0.9857974052429199, 0.5445458889007568, 0.4127137362957001, -0.24048243463039398, 0.875802755355835, 0.8825545310974121, 1.3243690729141235, -1.3546189069747925, 1.149867296218872, 0.6465439796447754, 0.9695309400558472, -1.0687928199768066, -1.5007827281951904, -0.7087514996528625, -0.9690632820129395, -0.6593095660209656, -0.5860124230384827, 0.249446302652359, 0.5504350662231445, -0.1567058265209198, -0.4418974816799164, -0.3553059697151184, -1.7352427244186401, 0.38048383593559265, -0.03211136907339096, 0.5943268537521362, 1.8773106336593628, 2.3415534496307373, 0.8483335971832275, -1.5707279443740845, 0.9583293199539185, -0.9321757555007935, 0.9828290939331055, 0.6237820982933044, 0.43083491921424866, -1.3140149116516113, -0.35350415110588074, -2.28965425491333, -0.43820953369140625]",yunet,Facenet,1920,1080,/home/amos/media/tv/modern_family/Modern.Family.S09.1080p.DSNP.WEB-DL.DDP5.1.H.264-CRFW/Modern.Family.S09E21.The.Escape.1080p.DSNP.WEB-DL.DDP5.1.H.264-CRFW.mkv,Modern Family,2009,1442437,9,21,Chris Geere,62879.0,0.664
671,1392,282,1608,600,1494,420,1404,420,0.901,14136,1,"[-0.1619308590888977, -0.8889458179473877, 0.03933457285165787, 1.409101963043213, -0.5896553993225098, 0.40203797817230225, -0.6068025827407837, -2.1313815116882324, -0.8591836094856262, 3.662245512008667, -2.130056381225586, 1.8170424699783325, 0.3004435896873474, 0.7231613397598267, -0.7956550121307373, -0.09611405432224274, -0.884752631187439, -0.5835146903991699, -0.3287937343120575, 0.10739250481128693, 1.1548327207565308, -0.18981273472309113, 1.1031749248504639, 0.46404555439949036, 0.7904194593429565, 0.18730157613754272, 1.014898657798767, -0.8820284605026245, 3.1337931156158447, 0.8639432191848755, -0.24277913570404053, -1.3744183778762817, -1.0838046073913574, -0.7978251576423645, 1.5580509901046753, -1.527435541152954, -2.692073345184326, 0.43020278215408325, -1.0676751136779785, -1.1607133150100708, -1.145650863647461, 0.8036711812019348, 0.6740213632583618, 1.9573538303375244, 0.16985082626342773, -0.9747312664985657, -0.4882345199584961, 1.9495326280593872, -0.5171517729759216, -0.3548434376716614, -0.1734248846769333, 1.1489657163619995, 1.0741044282913208, 0.615489661693573, 0.18509434163570404, -0.8160891532897949, 0.9683080911636353, 0.3189724385738373, -0.2255624234676361, -0.022784646600484848, -0.05060245841741562, 0.6263844966888428, -0.544112503528595, -0.29062747955322266, -0.6443037390708923, 1.7092362642288208, -0.3985210657119751, 0.9602363705635071, -0.6300154328346252, 0.8670539855957031, -0.563523530960083, 0.8942387104034424, -0.036101099103689194, 0.6542484760284424, -0.1305023729801178, -1.153998851776123, 1.4228671789169312, -0.47408705949783325, 0.6582217812538147, -1.263137698173523, -0.6479331254959106, -0.43280690908432007, 0.21924519538879395, 1.2327098846435547, -0.714092493057251, -0.7653716802597046, -0.13789832592010498, -1.886019229888916, 0.31977319717407227, -2.237473249435425, -0.26472634077072144, 0.8777366280555725, 0.9398488402366638, 0.9477695226669312, 2.300921678543091, 0.5678132772445679, 1.1804769039154053, 0.6952639222145081, 0.07692612707614899, -2.30435848236084, 0.9190303683280945, -0.11051525175571442, -0.6956197619438171, 1.931937336921692, 0.8039900660514832, 0.01485167071223259, -0.19709402322769165, -0.6022481918334961, 0.8816041350364685, -0.9506331086158752, 1.5037331581115723, 0.04089163616299629, 0.40901437401771545, 0.962418258190155, -0.6001344323158264, 0.9703543186187744, -0.682091474533081, 1.5306274890899658, -0.7122358083724976, 0.28073710203170776, 1.5550819635391235, -0.1393798142671585, -0.6096594333648682, -0.7025159001350403, 0.962156355381012, 0.4882626235485077, 1.7222572565078735, -0.946692705154419]",yunet,Facenet,1920,1080,/home/amos/media/tv/modern_family/Modern.Family.S09.1080p.DSNP.WEB-DL.DDP5.1.H.264-CRFW/Modern.Family.S09E21.The.Escape.1080p.DSNP.WEB-DL.DDP5.1.H.264-CRFW.mkv,Modern Family,2009,1442437,9,21,Sarah Hyland,91351.0,0.691
672,1218,282,1440,576,1338,402,1254,402,0.922,14160,0,"[-0.8135528564453125, -1.7901177406311035, -0.47158083319664, 3.036404609680176, 0.03287274017930031, 0.8039583563804626, -0.005317851901054382, -2.015833616256714, -1.1796576976776123, 2.3205604553222656, -2.1054205894470215, 1.1797224283218384, 0.9197975397109985, 0.21916449069976807, -0.0805894136428833, -0.463188111782074, -0.26774081587791443, 0.11079730093479156, -1.0136429071426392, -0.2199876457452774, -0.5557190775871277, 0.14939649403095245, 1.4642841815948486, 0.25967302918434143, 0.8250436782836914, -0.046361468732357025, 1.0884077548980713, -0.568215548992157, 3.440847158432007, 0.4313390552997589, 0.1151019036769867, -2.059995651245117, -1.2831488847732544, -1.1210076808929443, 1.7402547597885132, -1.8607103824615479, -1.731930136680603, 0.8911977410316467, -1.1775660514831543, -1.14705491065979, -0.534958004951477, 0.09432215988636017, 0.5834416747093201, 2.0423126220703125, 1.3589404821395874, -0.9609214067459106, 0.41470491886138916, 1.4541224241256714, 0.47378236055374146, 0.6291886568069458, -0.6290414333343506, 1.4276518821716309, 1.0706639289855957, 0.31784719228744507, -0.03707471489906311, 0.8731106519699097, 0.9039586782455444, 0.36267369985580444, 0.1270316243171692, 0.595367968082428, 0.15595436096191406, 0.46167880296707153, -0.4117804169654846, -0.025533203035593033, -1.4422436952590942, 2.440181016921997, -0.572441816329956, 0.46901288628578186, -1.009636402130127, -0.46137019991874695, -0.6847890615463257, 0.024106532335281372, 0.2385425716638565, 0.24142979085445404, 1.191672444343567, -0.954073965549469, 0.3796323835849762, -0.14609529078006744, -0.0887455865740776, -0.2381056547164917, -1.3174434900283813, 0.5466176271438599, 0.1597442626953125, 1.0770474672317505, 0.043870892375707626, -0.3754850924015045, -0.055363729596138, -0.6504994034767151, 0.7506312131881714, -2.111027717590332, -0.8913576006889343, 1.0171936750411987, 0.5434269905090332, 0.4445086121559143, 1.991294503211975, 0.6862701773643494, 0.45340511202812195, -0.3796357810497284, 0.23936688899993896, -1.7666231393814087, 0.8119459748268127, 0.4815819263458252, -0.24656417965888977, 1.875646948814392, 1.6431200504302979, 0.1746855527162552, 0.7864149212837219, -0.31797298789024353, 1.670669674873352, -1.9586797952651978, 1.1643229722976685, 0.9942688941955566, 0.12790818512439728, 0.42733579874038696, -1.1042038202285767, 0.49443867802619934, -0.40971270203590393, 2.0378246307373047, -1.5798521041870117, -0.1365707367658615, 2.1171560287475586, -0.663994312286377, 0.40742719173431396, -1.0077604055404663, -0.34342461824417114, 1.224736213684082, 1.2643426656723022, -1.0971693992614746]",yunet,Facenet,1920,1080,/home/amos/media/tv/modern_family/Modern.Family.S09.1080p.DSNP.WEB-DL.DDP5.1.H.264-CRFW/Modern.Family.S09E21.The.Escape.1080p.DSNP.WEB-DL.DDP5.1.H.264-CRFW.mkv,Modern Family,2009,1442437,9,21,Sarah Hyland,91351.0,0.702
673,246,186,528,540,486,336,378,336,0.92,14160,1,"[-0.15057332813739777, -2.5153722763061523, -0.1667138934135437, -1.2587108612060547, 1.384947657585144, 1.801961898803711, 0.5039308071136475, 1.6468181610107422, 0.22748279571533203, -0.8187665343284607, 0.6025627255439758, -1.075194239616394, 0.37453359365463257, 0.9411356449127197, 0.23207923769950867, -0.033076927065849304, -1.757371187210083, -0.32768112421035767, 1.3055073022842407, 0.2948114573955536, 0.0699365884065628, -0.3198009729385376, 0.6234651207923889, -1.609700083732605, -0.13525764644145966, 0.7867893576622009, 1.187765121459961, -1.7088855504989624, -1.5035113096237183, -0.9297803044319153, -0.06367562711238861, 1.4385076761245728, 1.0357401371002197, -1.297007441520691, -0.7235573530197144, 1.183526873588562, 0.13903042674064636, 0.6905501484870911, 1.0889414548873901, -0.7863234281539917, 1.320536494255066, 1.2639755010604858, -0.8216685056686401, -2.568603754043579, 0.6443464159965515, -1.465961217880249, -0.6875818967819214, 1.4137604236602783, 1.7671668529510498, 0.30619102716445923, 0.16137924790382385, 0.7542769312858582, -0.7139059901237488, -0.8378502130508423, 1.0024783611297607, -1.5982985496520996, -0.17528225481510162, 1.8197988271713257, 0.5860821008682251, 0.3922845721244812, 1.4606491327285767, -0.9801197052001953, 0.24585482478141785, 1.5983036756515503, 0.3301657736301422, -0.9169321656227112, 0.47078460454940796, 0.3603484630584717, 0.45001643896102905, 1.0150179862976074, -1.1024941205978394, 0.3063119053840637, -2.1054258346557617, 1.8893482685089111, -0.07157297432422638, -1.1639868021011353, -1.9058592319488525, 1.079746961593628, -1.0244569778442383, 1.2431432008743286, -2.537409543991089, 0.5586271286010742, 1.1225610971450806, 0.30445951223373413, -0.654498279094696, 0.4053225517272949, 1.7458244562149048, -0.17342086136341095, -1.5611201524734497, -1.8028579950332642, -0.049295879900455475, 0.9740264415740967, -0.07304057478904724, 0.6500622034072876, -0.4384925961494446, 0.6998997926712036, -2.133260726928711, -0.2040814757347107, -0.008691247552633286, 0.8318560719490051, -1.8025410175323486, -1.1190388202667236, -0.750873327255249, -0.8319427967071533, -0.17226411402225494, -0.7577976584434509, 0.025572385638952255, 0.37499403953552246, 0.36794808506965637, 0.527299165725708, -0.5846110582351685, -2.0482101440429688, 0.47345611453056335, 0.0666133463382721, 0.22119957208633423, 1.9978222846984863, 1.184183955192566, -0.07699286937713623, -1.3070648908615112, 0.13171768188476562, -0.9762668609619141, 1.0808939933776855, 0.013360939919948578, 0.7436546683311462, -0.7107427716255188, -0.8271868824958801, -1.8236103057861328, -0.5490376949310303]",yunet,Facenet,1920,1080,/home/amos/media/tv/modern_family/Modern.Family.S09.1080p.DSNP.WEB-DL.DDP5.1.H.264-CRFW/Modern.Family.S09E21.The.Escape.1080p.DSNP.WEB-DL.DDP5.1.H.264-CRFW.mkv,Modern Family,2009,1442437,9,21,Chris Geere,62879.0,0.617
674,1452,150,1728,504,1614,288,1500,288,0.914,14184,0,"[0.8561617136001587, 1.7092509269714355, 1.3717314004898071, -0.5623900890350342, 0.24644465744495392, 0.42267560958862305, -0.4915491044521332, 1.489513635635376, 1.0438443422317505, -0.3477447032928467, 0.45534396171569824, 0.4747520685195923, -0.6895079016685486, 0.6645647287368774, -0.19023185968399048, 0.2844316363334656, -0.5079327821731567, 1.0415970087051392, 1.3829478025436401, 1.256432294845581, -0.7620841264724731, 0.8939145803451538, 1.3794623613357544, 0.7351213097572327, 0.9076517224311829, 2.288853168487549, 1.1731886863708496, -0.46761828660964966, -0.23714439570903778, -0.758797824382782, -0.8802907466888428, 0.7086201906204224, -2.1210877895355225, 1.3354418277740479, -1.023964524269104, 0.04535791650414467, 0.0030005425214767456, -0.6342959403991699, -0.505463719367981, 1.3380323648452759, -0.31606683135032654, -0.6545025706291199, 0.45228835940361023, 1.603955864906311, -1.2828257083892822, 0.6248540282249451, 0.01418047770857811, -2.7364044189453125, 0.03519926965236664, 0.21623429656028748, 1.8573155403137207, -0.37093737721443176, 0.18176548182964325, 0.2436743825674057, 0.795785665512085, -3.1178131103515625, -0.3374861180782318, -0.13519713282585144, -1.6060413122177124, -0.8971906900405884, 0.9495857357978821, -1.3788831233978271, 1.505183219909668, -1.6810325384140015, -0.5078256726264954, -0.9771522879600525, -1.172773838043213, 0.6481269001960754, -0.4478263556957245, 0.5117214918136597, -0.7715471386909485, 0.7121814489364624, 0.5684629678726196, 0.9327002167701721, 0.36777323484420776, 1.3660504817962646, 0.0047290995717048645, 2.029494524002075, 0.34531906247138977, 0.6363523006439209, -1.3147594928741455, 1.0428403615951538, 0.4011630713939667, 0.006913008168339729, -0.8847638368606567, 1.3737051486968994, 0.10661684721708298, -0.7950131893157959, 0.20562094449996948, 0.11200973391532898, 0.5870047807693481, -1.399767279624939, -0.3257753551006317, -0.6813015341758728, 0.7591444253921509, -1.1500798463821411, -0.44061267375946045, 0.6509486436843872, 1.334296703338623, -1.6347603797912598, -0.06691854447126389, 1.0303030014038086, 0.17862609028816223, -0.14903368055820465, -0.703751802444458, -0.2987439036369324, -2.093648910522461, 2.7757692337036133, -1.6156765222549438, -0.9086868166923523, 0.5200380682945251, -0.04124201089143753, 1.1770719289779663, -1.0772876739501953, 1.320375680923462, 2.0797550678253174, -0.44515568017959595, -1.7605489492416382, 1.278043508529663, -0.9920451045036316, -1.1034910678863525, -0.148568794131279, -1.4719408750534058, -0.5787861347198486, -0.06843577325344086, -1.7128783464431763, -1.7058582305908203, 0.29486680030822754]",yunet,Facenet,1920,1080,/home/amos/media/tv/modern_family/Modern.Family.S09.1080p.DSNP.WEB-DL.DDP5.1.H.264-CRFW/Modern.Family.S09E21.The.Escape.1080p.DSNP.WEB-DL.DDP5.1.H.264-CRFW.mkv,Modern Family,2009,1442437,9,21,Kate Burton,20879.0,0.675
675,402,150,618,408,558,240,456,240,0.913,14184,1,"[-0.5161828994750977, 1.2528709173202515, -0.4626413583755493, 0.31777775287628174, -0.15246224403381348, -1.3781641721725464, -1.7358192205429077, 0.9040836095809937, -0.984838604927063, -0.4261537194252014, -0.880609393119812, 0.5981150269508362, 1.318740725517273, -0.2171812206506729, 0.6493210792541504, -0.23911410570144653, 1.2109695672988892, -0.7637258768081665, -0.7636163830757141, 1.4466991424560547, 1.7487019300460815, 1.5153300762176514, -0.20953503251075745, 1.7001761198043823, -0.013345358893275261, 0.6047766208648682, -0.6257823705673218, 0.8524372577667236, 2.2657926082611084, -0.8671468496322632, -0.6422591209411621, 0.8088734149932861, -0.16171963512897491, -0.06790170818567276, 0.2695635259151459, -1.4197502136230469, 0.8318338990211487, -1.934567928314209, -1.5127780437469482, -0.37755292654037476, -1.1301770210266113, -0.46668168902397156, -1.272558569908142, 0.46857476234436035, -2.0112802982330322, -0.29247474670410156, 1.3685325384140015, -0.3058750331401825, -0.08858781307935715, 0.34257858991622925, 0.12191279232501984, 0.4447840750217438, -0.3476327359676361, 0.018035680055618286, 0.34266048669815063, -0.15148498117923737, 1.6858829259872437, -1.383261799812317, -1.1231040954589844, -0.09104803949594498, -2.273841142654419, -0.9199278950691223, 0.01286301389336586, -0.3554733097553253, -0.732361376285553, 0.5606574416160583, 2.0664525032043457, 0.6444857120513916, -0.4864012598991394, 0.5439674854278564, 0.8226918578147888, 1.1266472339630127, 0.45450377464294434, 1.3157798051834106, -0.22422130405902863, 0.038636475801467896, 1.212123155593872, -0.6505378484725952, -1.207977056503296, -0.9512092471122742, -1.4672051668167114, -0.5517178773880005, -0.6122115254402161, 0.267365962266922, 2.6253247261047363, 1.255357265472412, -1.4973665475845337, -1.840734601020813, 0.7325283288955688, 0.11648386716842651, 1.639199137687683, -0.3659074008464813, -0.16986237466335297, -0.9627261757850647, 0.020291611552238464, 0.5538963079452515, 2.124804735183716, 1.603124976158142, -0.17034608125686646, -3.659043312072754, 0.6237871646881104, -0.02956773154437542, 0.6924869418144226, -0.12524019181728363, -0.11572906374931335, 0.06826350837945938, 0.18930085003376007, -0.2919062077999115, 1.835154414176941, 1.9395393133163452, -2.4777984619140625, 1.0490258932113647, 1.2140140533447266, -0.43848705291748047, 0.7243855595588684, -1.832170009613037, 0.03614433482289314, -1.3568071126937866, 1.0329705476760864, -0.7864677906036377, 1.2621006965637207, -0.14545457065105438, -0.7057216167449951, -0.8278723359107971, 1.5533303022384644, -0.44990622997283936, -0.10828687250614166, 0.8743124008178711]",yunet,Facenet,1920,1080,/home/amos/media/tv/modern_family/Modern.Family.S09.1080p.DSNP.WEB-DL.DDP5.1.H.264-CRFW/Modern.Family.S09E21.The.Escape.1080p.DSNP.WEB-DL.DDP5.1.H.264-CRFW.mkv,Modern Family,2009,1442437,9,21,Jim Piddock,120560.0,0.745
676,1344,210,1608,552,1518,342,1398,342,0.927,14208,0,"[1.2690105438232422, 1.6098809242248535, 1.5255764722824097, -0.28473758697509766, 0.1209910660982132, 0.24869120121002197, -0.3910704255104065, 1.2097891569137573, 0.774222731590271, -0.9476550817489624, 0.7449021935462952, 0.6974858045578003, -1.0005817413330078, 0.49441173672676086, -0.9002014398574829, -0.4811401963233948, -0.6332361698150635, 0.5813451409339905, 0.5768274664878845, 0.3883523941040039, -0.8270163536071777, -0.17669332027435303, 2.264496088027954, 0.20390835404396057, 0.9084271192550659, 1.857715368270874, 1.4858956336975098, 0.03632957115769386, -0.05121438205242157, -0.7965473532676697, -1.6865782737731934, 0.8033979535102844, -2.173910617828369, 0.7220394611358643, -1.0452972650527954, 0.3858809769153595, -0.6052233576774597, -0.9424837231636047, -1.261824369430542, 1.5114275217056274, 0.08957488089799881, -0.9630322456359863, -0.22675061225891113, 1.8681644201278687, -0.9152256846427917, 0.008224554359912872, -0.27507925033569336, -2.4126486778259277, 0.10152609646320343, -0.38868680596351624, 1.777433156967163, -0.7659888863563538, 0.8686033487319946, -0.18143874406814575, 1.1766598224639893, -1.553130030632019, 0.3565928637981415, -0.403398722410202, -1.4314241409301758, -0.7886678576469421, 0.19302719831466675, -1.3829978704452515, 1.7845678329467773, -1.7490158081054688, -0.8766592741012573, -0.5927137136459351, -1.363053321838379, 1.3308873176574707, -0.8648352026939392, 0.7256463766098022, -1.3463746309280396, 1.9480419158935547, 0.15141938626766205, 0.8284138441085815, 0.7090831995010376, 1.330066204071045, -0.4798830449581146, 2.4220333099365234, -0.006092436611652374, -0.2675665020942688, -1.1320987939834595, 1.1905442476272583, -0.13963717222213745, -1.256640911102295, -0.127512127161026, 0.6325548887252808, -0.7598810195922852, -1.0517030954360962, 0.8195235729217529, -0.11416085064411163, 0.7818295955657959, -1.458563208580017, -0.019507810473442078, -0.6521324515342712, 0.6386510133743286, -0.8719680905342102, -0.32507652044296265, 0.2808244824409485, 1.6102311611175537, -1.9587279558181763, 0.27900826930999756, 0.7953347563743591, 0.5651122331619263, -0.6676003336906433, -0.08497561514377594, -0.28992146253585815, -1.482280969619751, 2.3934292793273926, -1.375970482826233, -0.9028910994529724, 0.4905931353569031, 1.2643729448318481, 0.8985282182693481, -1.2302324771881104, 1.0985594987869263, 2.7573578357696533, -0.23008425533771515, -1.4152076244354248, 1.2218341827392578, -0.6268113851547241, -0.5545679926872253, -0.3867778480052948, -0.5052695870399475, -1.0236690044403076, 0.3490321636199951, -1.5143871307373047, -1.7444205284118652, 0.38751134276390076]",yunet,Facenet,1920,1080,/home/amos/media/tv/modern_family/Modern.Family.S09.1080p.DSNP.WEB-DL.DDP5.1.H.264-CRFW/Modern.Family.S09E21.The.Escape.1080p.DSNP.WEB-DL.DDP5.1.H.264-CRFW.mkv,Modern Family,2009,1442437,9,21,Kate Burton,20879.0,0.647
677,360,144,576,420,516,246,414,246,0.91,14208,1,"[-0.975214958190918, 1.2091355323791504, -0.5316005945205688, 0.3558543026447296, 0.40921273827552795, -1.4437958002090454, -2.1162681579589844, 1.0197885036468506, -0.3794580101966858, -0.1436913013458252, -1.4570269584655762, 0.7032926082611084, 1.5398792028427124, -0.21948806941509247, 0.5067957043647766, -0.1747240275144577, 0.947257399559021, -0.5985351800918579, -0.5604599714279175, 1.0095247030258179, 1.7138700485229492, 1.9676746129989624, -0.3860456645488739, 2.0249338150024414, -0.3252856433391571, 0.3763938248157501, -0.18367864191532135, 0.7595093846321106, 2.2127487659454346, -1.0916237831115723, -1.1189000606536865, 0.7954254746437073, 0.06991682946681976, -0.6266268491744995, 0.39880332350730896, -1.1777366399765015, 0.22904258966445923, -1.909989833831787, -1.450087070465088, -1.0362235307693481, -0.9368261098861694, -0.9749820828437805, -1.686984896659851, 0.3341890871524811, -2.0482327938079834, -0.47499439120292664, 1.2110328674316406, -0.9091521501541138, 0.12513625621795654, 0.2631763219833374, -0.08482593297958374, 0.8971477150917053, -0.011317789554595947, -0.3049893379211426, 0.39626532793045044, -0.4427945017814636, 1.4293997287750244, -1.9773304462432861, -0.9711593389511108, -0.3236737847328186, -2.6187691688537598, -1.0167368650436401, -0.23066186904907227, -0.43646469712257385, -0.3991561233997345, 0.4515053629875183, 2.6645114421844482, 0.4175737798213959, -0.45838674902915955, 0.7336663007736206, 0.6439389586448669, 0.9988406896591187, 0.2895108759403229, 1.069512963294983, -0.11710910499095917, -0.3993143141269684, 0.9942759275436401, -0.5760617852210999, -1.1081042289733887, -1.3823180198669434, -1.0092319250106812, -0.6431494951248169, -0.4536502957344055, 0.45412498712539673, 2.486219882965088, 1.6093273162841797, -1.5743567943572998, -1.7411729097366333, 0.2356068193912506, 0.05238644406199455, 2.086642026901245, 0.016007600352168083, -0.5390839576721191, -1.112905502319336, -0.14375253021717072, 0.5420976877212524, 1.846342921257019, 1.4941151142120361, -0.0018903166055679321, -3.3871498107910156, -0.011941742151975632, 0.48910409212112427, 0.6975724101066589, -0.43069422245025635, -0.029753249138593674, 0.21152660250663757, 0.12733067572116852, -0.011180147528648376, 1.683892011642456, 2.007780075073242, -2.6803815364837646, 1.3126860857009888, 0.761867880821228, 0.07438108325004578, 0.6447681188583374, -1.8088099956512451, 0.24033764004707336, -1.397580862045288, 0.7730028033256531, -0.5191490054130554, 1.0324758291244507, -0.39911824464797974, -0.6592070460319519, -0.7214661836624146, 2.0626323223114014, -0.7585036158561707, 0.45467984676361084, 0.8917189836502075]",yunet,Facenet,1920,1080,/home/amos/media/tv/modern_family/Modern.Family.S09.1080p.DSNP.WEB-DL.DDP5.1.H.264-CRFW/Modern.Family.S09E21.The.Escape.1080p.DSNP.WEB-DL.DDP5.1.H.264-CRFW.mkv,Modern Family,2009,1442437,9,21,Jim Piddock,120560.0,0.749
678,1356,216,1620,540,1524,336,1404,342,0.926,14232,0,"[1.0571959018707275, 1.3622723817825317, 2.0836002826690674, -0.2460685670375824, 0.2909295856952667, -0.17953886091709137, 0.08263219892978668, 1.57071053981781, 1.170708179473877, 0.44315725564956665, 0.5110925436019897, 0.6134453415870667, -1.0773861408233643, 0.1045566201210022, -1.511635661125183, 0.5456506013870239, -0.4395352303981781, 0.18687430024147034, 0.31759488582611084, 0.018298650160431862, -0.3417755961418152, -0.1733691543340683, 1.770585298538208, 0.020237501710653305, 0.6638789772987366, 1.3685029745101929, 1.9673889875411987, 0.4264613687992096, -0.8697121739387512, -0.08107543736696243, -2.0820460319519043, 0.12205654382705688, -2.077151298522949, 0.95809006690979, -0.7513350248336792, -0.3660561740398407, -1.5421234369277954, -0.36852478981018066, -0.38276225328445435, 1.6572990417480469, -0.5544103980064392, -1.3753035068511963, 0.21471640467643738, 2.240673303604126, -0.49584463238716125, 0.2970329225063324, -0.1959848701953888, -1.9857312440872192, -0.3563684821128845, -0.9454647302627563, 1.2577182054519653, -0.22552920877933502, 0.6077801585197449, -0.2571801543235779, 0.6781010031700134, -2.435155153274536, 1.0837751626968384, 0.01795472949743271, -1.856608510017395, -1.0899856090545654, -0.11759700626134872, -0.9752843379974365, 0.9561503529548645, -1.7418677806854248, -0.2357211410999298, -0.9296221137046814, -1.7434186935424805, 0.5730433464050293, -1.1472662687301636, 0.34965887665748596, -1.2256369590759277, 1.1599375009536743, 0.31304264068603516, 0.6573279500007629, 0.6609912514686584, 1.206208348274231, 0.20340752601623535, 2.7900311946868896, 1.0125027894973755, -0.10644993185997009, -0.612086832523346, 0.19884184002876282, 0.7264090180397034, -1.5111043453216553, -0.7526442408561707, 0.6758520603179932, -0.06609904766082764, -1.2175077199935913, 0.09868690371513367, 0.49106425046920776, 0.572539746761322, -0.9702364206314087, 0.23730483651161194, -0.46026986837387085, 1.3889390230178833, -1.381428599357605, -0.3394956886768341, 0.3680584728717804, 0.48063552379608154, -1.5547165870666504, 0.44376736879348755, 0.7059729099273682, -0.12615424394607544, -0.043722428381443024, -0.26136744022369385, 0.11210897564888, -1.8324683904647827, 1.7168858051300049, -2.146449565887451, -0.23548361659049988, 1.1972242593765259, 0.8551027178764343, 0.7283169031143188, -0.6291098594665527, 0.7315720915794373, 2.403613805770874, -0.6226130723953247, -0.9173213243484497, 1.419324278831482, -1.2615255117416382, -0.6162109971046448, -0.13162073493003845, -1.8184953927993774, -0.2230626791715622, 0.3511062264442444, -1.7785396575927734, -1.5122942924499512, 0.21774150431156158]",yunet,Facenet,1920,1080,/home/amos/media/tv/modern_family/Modern.Family.S09.1080p.DSNP.WEB-DL.DDP5.1.H.264-CRFW/Modern.Family.S09E21.The.Escape.1080p.DSNP.WEB-DL.DDP5.1.H.264-CRFW.mkv,Modern Family,2009,1442437,9,21,Kate Burton,20879.0,0.652
679,408,138,618,396,564,228,462,228,0.914,14232,1,"[-0.7065198421478271, 1.1358250379562378, -0.0375896617770195, 0.3764987289905548, 0.10005691647529602, -1.1785521507263184, -1.9959083795547485, 1.2640973329544067, -0.6618072986602783, -0.24870723485946655, -1.2335911989212036, 0.7150029540061951, 1.8033363819122314, -0.08957558870315552, 0.08475124835968018, -0.32108306884765625, 1.1971491575241089, -0.4439961910247803, -0.13196030259132385, 1.412610650062561, 1.9198986291885376, 2.0642361640930176, -0.47029706835746765, 1.6674822568893433, -0.27296701073646545, 0.17286252975463867, -0.3650243878364563, 0.4267992377281189, 2.366670846939087, -1.390523076057434, -0.7994449138641357, 0.6652246117591858, 0.3197587728500366, -0.888664722442627, 0.5316780209541321, -1.7068910598754883, 0.6379292011260986, -1.6578854322433472, -1.3298923969268799, -0.7322171926498413, -0.9748847484588623, -0.7325304746627808, -1.1979669332504272, 0.2292361855506897, -1.783496618270874, -0.4392034113407135, 0.7780836224555969, -0.393517404794693, 0.6565256714820862, -0.03586427867412567, 0.1521030068397522, 1.23711359500885, -0.14859473705291748, -0.37261831760406494, 0.26769110560417175, -0.16451741755008698, 1.733150839805603, -1.8391902446746826, -1.0762214660644531, -0.18411916494369507, -2.068491220474243, -0.6019498109817505, -0.18946561217308044, -0.09163773059844971, -0.7166630029678345, 0.586847722530365, 3.043714761734009, 0.2633635401725769, -0.8149870038032532, 1.013441801071167, 0.630695104598999, 1.078972339630127, 0.15083655714988708, 1.2165042161941528, 0.03400178998708725, -0.7617579698562622, 1.0566970109939575, -0.4845951199531555, -1.3876755237579346, -1.1806386709213257, -0.9422711133956909, -0.5008156299591064, -0.3352746367454529, 0.27643439173698425, 2.458409547805786, 1.5344765186309814, -1.7356865406036377, -2.2012577056884766, -0.05149665102362633, -0.3815828859806061, 1.5402108430862427, 0.3551182150840759, -0.42704272270202637, -0.9590471982955933, -0.002314820885658264, 0.17357517778873444, 2.1634230613708496, 1.459675669670105, 0.18366238474845886, -3.551297187805176, 0.10013079643249512, 0.24667000770568848, 0.774721086025238, -0.0396004393696785, -0.07942786067724228, 0.5912873148918152, 0.17462195456027985, -0.09293563663959503, 1.4838283061981201, 1.9836268424987793, -2.7553234100341797, 1.1497976779937744, 0.9785526990890503, -0.10154149681329727, 0.2295074313879013, -1.731197476387024, 0.2471715211868286, -1.2440439462661743, 0.4026936888694763, -0.7782667279243469, 0.9420172572135925, -0.391365647315979, -0.6908696889877319, -0.5588419437408447, 2.0812952518463135, -0.5019378662109375, -0.09117859601974487, 0.8305581212043762]",yunet,Facenet,1920,1080,/home/amos/media/tv/modern_family/Modern.Family.S09.1080p.DSNP.WEB-DL.DDP5.1.H.264-CRFW/Modern.Family.S09E21.The.Escape.1080p.DSNP.WEB-DL.DDP5.1.H.264-CRFW.mkv,Modern Family,2009,1442437,9,21,Jim Piddock,120560.0,0.747
680,432,204,672,528,642,330,564,330,0.917,14256,0,"[0.6705375909805298, -2.3940014839172363, -1.1190400123596191, -0.8393810391426086, 0.562415361404419, 1.9829943180084229, -0.007214449346065521, 1.4627920389175415, 0.6050548553466797, 0.8845216631889343, 0.3162762522697449, -1.157719612121582, -0.6644763350486755, 0.28455010056495667, -0.951707124710083, -1.017903208732605, -1.1970815658569336, -0.9315603971481323, 1.3471424579620361, -1.061630368232727, 1.1032315492630005, -0.973284125328064, -0.3147710859775543, -1.2651726007461548, 0.681454062461853, 0.24108320474624634, 1.0625089406967163, -1.6042835712432861, -0.46565133333206177, -1.2384669780731201, -0.08828026056289673, 1.7265690565109253, 0.3912767171859741, -1.8568894863128662, -0.13268204033374786, 0.44593000411987305, -0.6732892990112305, 1.432315707206726, 0.7620562314987183, -1.014063835144043, 0.9805848598480225, 1.1320393085479736, -0.41271528601646423, -2.3189854621887207, 0.5620743036270142, -0.9844604730606079, -0.0314042903482914, 2.2551612854003906, 1.1682071685791016, -1.0662647485733032, -0.39815473556518555, 1.4660483598709106, -1.3150509595870972, -0.19691108167171478, 1.246936559677124, -0.803792417049408, 0.00714782252907753, 1.5963088274002075, 0.7873542904853821, 0.16196119785308838, 1.1880016326904297, -0.9572159051895142, 0.38311028480529785, 1.1984193325042725, 1.2002546787261963, 0.1864122897386551, -0.13193467259407043, 1.5372246503829956, -0.10302823036909103, 0.19130182266235352, -1.0762786865234375, 0.02299274504184723, -2.804914712905884, 1.7000627517700195, 0.08267295360565186, -1.0891858339309692, -1.1708598136901855, 1.328902244567871, -1.0477705001831055, 1.0563873052597046, -1.6214808225631714, 0.025687580928206444, 1.322710633277893, -0.6013029217720032, -1.6440868377685547, 0.14829908311367035, 0.41317418217658997, -0.7400041818618774, -1.4520996809005737, -2.241995096206665, 0.18798872828483582, 0.18321476876735687, 0.7999567985534668, 0.5976418852806091, 0.6446785926818848, 0.9334364533424377, -1.7155287265777588, 0.4120873808860779, 0.6072971224784851, 1.2990150451660156, -2.2720038890838623, -0.9734936356544495, -0.3256934583187103, -0.14562852680683136, -0.8424428105354309, -0.3267345428466797, 0.22205571830272675, 0.7425533533096313, 0.653648853302002, 0.198745459318161, -0.5464728474617004, -2.6301050186157227, 0.031918734312057495, -0.3430962562561035, -0.726061224937439, 1.8912572860717773, 0.7009248733520508, 0.7668617963790894, -1.120710015296936, 0.4384285807609558, -1.0913114547729492, 1.752237319946289, 0.004292532801628113, 0.9448760747909546, -0.2677362561225891, 0.4840222895145416, -1.403815746307373, -0.8636191487312317]",yunet,Facenet,1920,1080,/home/amos/media/tv/modern_family/Modern.Family.S09.1080p.DSNP.WEB-DL.DDP5.1.H.264-CRFW/Modern.Family.S09E21.The.Escape.1080p.DSNP.WEB-DL.DDP5.1.H.264-CRFW.mkv,Modern Family,2009,1442437,9,21,Chris Geere,62879.0,0.617
681,444,186,678,510,648,318,582,318,0.917,14280,0,"[0.20214436948299408, -2.07759428024292, -1.002269983291626, -1.7258992195129395, 0.5081751346588135, 1.0742664337158203, -0.8471958637237549, 0.8976910710334778, 1.2013499736785889, -0.6251254677772522, 0.20804858207702637, -0.5797635912895203, 0.23547203838825226, -0.3241382837295532, -0.3714381456375122, -0.9223188161849976, -1.973520040512085, -0.9789537191390991, 1.6170647144317627, -0.9532556533813477, 1.1260195970535278, -0.7030360698699951, -0.5947047472000122, -0.8307271599769592, -0.21114718914031982, -0.4172554314136505, 0.7655526399612427, -2.3512654304504395, 0.14126203954219818, -0.9272748231887817, -0.5213416814804077, 1.2757192850112915, 0.9380816221237183, -0.9439812898635864, -0.709374725818634, 0.8154993057250977, -0.6150364875793457, 0.7959449291229248, 1.2624130249023438, -1.3179893493652344, 1.9595788717269897, 1.0449951887130737, -1.5693390369415283, -1.8836042881011963, -0.41943857073783875, -1.0899450778961182, 0.48073431849479675, 1.0477403402328491, 0.7052160501480103, -0.9329738616943359, -1.5819270610809326, 1.2234909534454346, -1.6869710683822632, -0.004431076347827911, 1.763332724571228, -1.8723467588424683, -0.3282613158226013, 1.6519566774368286, 0.46765151619911194, 0.43616464734077454, 1.3573130369186401, -2.6751198768615723, 0.19831189513206482, -0.10183686017990112, 0.7186704277992249, 0.6564133167266846, -0.010271809995174408, 1.0527530908584595, -0.41358593106269836, -0.5038222074508667, -1.127779483795166, -0.17588432133197784, -3.275264024734497, 1.530347466468811, -0.06716933846473694, -0.7499866485595703, -1.7796825170516968, 1.2297054529190063, -0.14101320505142212, 0.3391460180282593, -1.3416945934295654, -0.418381005525589, 1.2013578414916992, -0.053275641053915024, -1.0773004293441772, 0.3803561329841614, -0.07294631749391556, -0.03910767287015915, -1.9140450954437256, -2.0043649673461914, 0.6848354935646057, 0.10494928061962128, 0.6554901599884033, -0.35094141960144043, 0.0015298053622245789, 1.3434436321258545, -2.816744565963745, 0.48474621772766113, 0.03433423489332199, 0.36648231744766235, -2.4462814331054688, -0.9848632216453552, -0.3671431839466095, 0.19745585322380066, -0.6211386322975159, 0.07203532010316849, 0.20227791368961334, 0.6309558153152466, -0.36130228638648987, 0.28398674726486206, -0.38333308696746826, -2.8089182376861572, 0.2234397977590561, -1.2354681491851807, -0.7260240316390991, 1.284995198249817, 0.30179664492607117, -0.649330735206604, -0.5808199644088745, 1.1076542139053345, -1.9157353639602661, 1.7324539422988892, 0.0568222850561142, 0.37676161527633667, 0.07111120969057083, 0.5235133171081543, -1.4639520645141602, -0.271666556596756]",yunet,Facenet,1920,1080,/home/amos/media/tv/modern_family/Modern.Family.S09.1080p.DSNP.WEB-DL.DDP5.1.H.264-CRFW/Modern.Family.S09E21.The.Escape.1080p.DSNP.WEB-DL.DDP5.1.H.264-CRFW.mkv,Modern Family,2009,1442437,9,21,Chris Geere,62879.0,0.635
682,426,180,666,504,636,312,552,318,0.921,14304,0,"[0.6447054147720337, -2.1871306896209717, -1.1837702989578247, -1.8825024366378784, 0.41439884901046753, 1.6195822954177856, -0.5796363949775696, 1.7496594190597534, 0.7899377346038818, -0.4266386330127716, -0.3022412061691284, -0.9012857675552368, -0.31381016969680786, 0.7718058824539185, -0.5029803514480591, -0.9594136476516724, -2.11378812789917, -1.1723581552505493, 1.9135470390319824, -1.368664026260376, 0.3978433310985565, -0.4822579324245453, -0.7500010132789612, -0.992613673210144, 0.11059100925922394, -0.436737060546875, 0.54123854637146, -1.8716013431549072, -0.02716248482465744, -0.869072675704956, -0.3933837413787842, 1.2027522325515747, 0.6351901888847351, -0.7577247023582458, -0.8270688652992249, 0.6738645434379578, -0.6704489588737488, 0.4679342210292816, 1.4478709697723389, -1.0473970174789429, 1.679154634475708, 0.6965588331222534, -0.8008120059967041, -2.0862584114074707, 0.2541045844554901, -1.134024739265442, 0.0424078069627285, 1.5878968238830566, 0.9340110421180725, -1.2406439781188965, -1.2572096586227417, 1.4043023586273193, -1.8364826440811157, 0.3278076648712158, 0.8353872299194336, -1.7307627201080322, -0.5783820152282715, 1.7888565063476562, 0.5216304063796997, 0.5782430171966553, 1.0972005128860474, -2.219675064086914, 0.40808752179145813, 0.6662566065788269, 1.1230523586273193, 0.41863811016082764, -0.23164355754852295, 0.9782314896583557, -0.4876585304737091, -0.3105855882167816, -0.7737368941307068, 0.1919902265071869, -2.630084991455078, 1.7187403440475464, -0.13902996480464935, -1.0901299715042114, -1.0051980018615723, 1.4525864124298096, 0.2063191533088684, 1.2621434926986694, -1.6770356893539429, 0.23989444971084595, 1.656906008720398, -0.5099868178367615, -1.7549299001693726, -0.3635580539703369, 0.060308363288640976, -0.6450014710426331, -1.6326980590820312, -1.8780993223190308, 0.7478969097137451, 0.04887370020151138, -0.2011791467666626, -0.306309312582016, 0.1381770819425583, 0.8969840407371521, -2.7194247245788574, 0.4630542993545532, 0.20804214477539062, 1.1697107553482056, -2.3531956672668457, -1.0800524950027466, -0.3244057893753052, 1.2228388786315918, -1.109283685684204, 0.3161930441856384, 0.20103193819522858, 0.19949743151664734, -0.5151504278182983, 0.09382341057062149, 0.009655779227614403, -3.1307263374328613, 0.2119760662317276, -0.8681660294532776, 0.03888024017214775, 0.9936312437057495, 1.2873587608337402, 0.19050689041614532, -0.6339244246482849, 0.45490264892578125, -1.587786078453064, 2.2821483612060547, 0.13863281905651093, 1.0206162929534912, -0.7445405125617981, 0.5912746787071228, -1.5168216228485107, -0.5102187991142273]",yunet,Facenet,1920,1080,/home/amos/media/tv/modern_family/Modern.Family.S09.1080p.DSNP.WEB-DL.DDP5.1.H.264-CRFW/Modern.Family.S09E21.The.Escape.1080p.DSNP.WEB-DL.DDP5.1.H.264-CRFW.mkv,Modern Family,2009,1442437,9,21,Chris Geere,62879.0,0.618
683,1284,270,1458,504,1380,372,1314,366,0.901,14304,1,"[-1.2190330028533936, -0.858707070350647, -0.5829480290412903, 2.1708240509033203, 0.8442800045013428, 0.314090758562088, 0.5140367150306702, -1.3277411460876465, -0.9131113290786743, 2.3669028282165527, -0.7844119668006897, 1.9662491083145142, 0.31770968437194824, -0.16728226840496063, -0.7975199222564697, -0.4996063709259033, -0.3875165283679962, 0.18026624619960785, -2.3293309211730957, 0.6678692102432251, 0.022013366222381592, 0.5964325666427612, 0.9247691035270691, -0.6487319469451904, -0.8202868103981018, 1.2714442014694214, 1.3449933528900146, -1.1355774402618408, 2.6936118602752686, 0.46279892325401306, 0.2667372226715088, -0.5959123373031616, -1.2568788528442383, -2.147475481033325, 1.8619970083236694, -1.6442277431488037, -2.7691338062286377, 0.5829635262489319, -0.7131761312484741, -1.2667509317398071, -1.028922438621521, -0.1180003434419632, 0.8152801990509033, 1.8314043283462524, 0.9610506296157837, -1.332935094833374, 0.7485076189041138, -0.16535912454128265, -0.717185914516449, 0.785876989364624, -0.5231032967567444, 1.2025717496871948, 1.0771443843841553, -0.08871950209140778, -0.010867290198802948, -0.2790709137916565, 0.8978148102760315, 0.23737671971321106, -0.9004924893379211, -0.5608918070793152, -0.025301039218902588, -0.11384689807891846, -0.0024902410805225372, -0.3960031270980835, -0.8724068999290466, 1.707190990447998, -0.4249761700630188, 0.8047943115234375, -0.0915042906999588, 0.42826762795448303, -0.8337797522544861, 0.5391985177993774, -0.33435744047164917, 0.563399612903595, 1.5582985877990723, -1.258837342262268, 0.4610041677951813, -0.9164640307426453, 0.14425164461135864, -0.7086893916130066, -0.17577698826789856, 0.2805304229259491, -0.17392057180404663, 1.0836660861968994, -0.7130019664764404, 0.7004523277282715, -0.29063764214515686, -0.9564896821975708, 0.35880857706069946, -1.6877118349075317, -1.4637867212295532, 0.06397578120231628, 0.46039214730262756, 0.031527165323495865, 1.9534509181976318, 0.4403722882270813, 0.8278910517692566, 0.3982343077659607, 0.4687366485595703, -2.770556926727295, -0.14718665182590485, -0.2128649652004242, -0.6906925439834595, 2.0570685863494873, 2.1660921573638916, -0.25744473934173584, 1.194791555404663, -0.1828010082244873, 1.626141905784607, -0.3870503306388855, 1.8721760511398315, 1.5297746658325195, 0.7833048105239868, 1.5986318588256836, -0.8312340974807739, 0.8332020044326782, -1.7008475065231323, 1.397072434425354, -0.6994451284408569, -0.5846680998802185, 1.241242527961731, -0.2811025381088257, -0.20175786316394806, -0.45756855607032776, -0.5837214589118958, 0.48729273676872253, 0.1703033596277237, -0.5537744760513306]",yunet,Facenet,1920,1080,/home/amos/media/tv/modern_family/Modern.Family.S09.1080p.DSNP.WEB-DL.DDP5.1.H.264-CRFW/Modern.Family.S09E21.The.Escape.1080p.DSNP.WEB-DL.DDP5.1.H.264-CRFW.mkv,Modern Family,2009,1442437,9,21,Sarah Hyland,91351.0,0.661
684,414,162,672,510,636,306,540,306,0.929,14328,0,"[0.31868040561676025, -2.7804059982299805, -0.9868925213813782, -1.4104671478271484, 0.10531418025493622, 1.6013041734695435, -1.1831109523773193, 1.8918362855911255, 1.007803201675415, -0.014798332005739212, -0.4923017919063568, -0.9683864116668701, -0.7341316938400269, 0.4511575996875763, -0.24598780274391174, -0.7502747774124146, -2.1095011234283447, -0.7943909764289856, 1.413748025894165, -0.7742043733596802, 1.3691818714141846, -0.6642764806747437, -0.6109545826911926, -0.6088680028915405, 0.3303600251674652, -0.3957310616970062, 0.7113262414932251, -2.2043538093566895, 0.1365935504436493, -0.5644518136978149, -0.45229628682136536, 1.336478590965271, 0.19893202185630798, -0.7895808815956116, -0.8397396802902222, 0.8739817142486572, -0.5183373093605042, 0.7079253196716309, 0.6456372737884521, -1.273766040802002, 1.8341046571731567, 1.0472248792648315, -1.084639072418213, -2.1948227882385254, -0.008806316182017326, -1.0203442573547363, 0.8197997808456421, 1.3678340911865234, 0.7578646540641785, -1.1880464553833008, -1.0429816246032715, 1.0258513689041138, -1.365234375, -0.011722717434167862, 0.9235014319419861, -1.6803476810455322, -0.3334031105041504, 1.5613311529159546, 0.5400639772415161, 1.0064719915390015, 1.5183387994766235, -1.7152069807052612, 0.0008791796863079071, 0.6178550720214844, 1.1914516687393188, 0.4751831293106079, 0.5362732410430908, 1.224261999130249, -0.5864968299865723, 0.3041492700576782, -0.3479933440685272, 0.43639931082725525, -2.5086939334869385, 1.8693876266479492, 0.2974940538406372, -1.1750870943069458, -0.9116982221603394, 1.561997890472412, -0.8147561550140381, 1.4236629009246826, -2.6216647624969482, -0.7090744972229004, 1.8159011602401733, 0.061794497072696686, -1.494146466255188, -0.004206046462059021, 0.44128093123435974, -1.0051108598709106, -1.1080971956253052, -2.401106119155884, 0.8307721614837646, -0.22045694291591644, -0.29702872037887573, 0.2673811912536621, 0.16095691919326782, 0.7983117699623108, -2.1473605632781982, 0.619279682636261, 0.7342945337295532, 1.1142934560775757, -1.9117555618286133, -0.7805181741714478, -0.5728080868721008, 0.6363731622695923, -0.22447723150253296, -0.1687072068452835, -0.1077776551246643, 0.39919236302375793, 0.1690976619720459, 1.0096937417984009, -0.17938072979450226, -3.285888910293579, 0.32247939705848694, -1.0073590278625488, -0.5375925302505493, 0.9528820514678955, 0.7267953157424927, 0.28648102283477783, -1.5393975973129272, 0.04658598080277443, -0.8719625473022461, 1.8463884592056274, -0.5871895551681519, 0.809766411781311, -0.7758710384368896, 0.21350699663162231, -1.9840672016143799, -0.6222371459007263]",yunet,Facenet,1920,1080,/home/amos/media/tv/modern_family/Modern.Family.S09.1080p.DSNP.WEB-DL.DDP5.1.H.264-CRFW/Modern.Family.S09E21.The.Escape.1080p.DSNP.WEB-DL.DDP5.1.H.264-CRFW.mkv,Modern Family,2009,1442437,9,21,Chris Geere,62879.0,0.584
685,1296,270,1482,510,1380,372,1326,372,0.906,14328,1,"[-1.4271665811538696, -0.761980414390564, -0.3073488473892212, 2.3039631843566895, 0.709987998008728, -0.4545823037624359, 0.21476997435092926, -1.5667659044265747, -1.3454368114471436, 2.195068836212158, -0.8814020752906799, 1.1267929077148438, 0.7857769131660461, -0.5554515719413757, -0.055312395095825195, -1.1858723163604736, -0.5243192911148071, -0.07209444791078568, -2.4778177738189697, 0.32036563754081726, -0.07578742504119873, 0.3217180669307709, 0.8723039627075195, -0.05317101627588272, -0.8980541229248047, 0.9322942495346069, 0.9428144693374634, -0.7183831334114075, 3.047100305557251, 0.6036004424095154, 0.5551242828369141, -0.9732703566551208, -1.4620341062545776, -1.5584958791732788, 2.480989456176758, -1.8945552110671997, -2.4352519512176514, 0.5421677827835083, -0.5063179135322571, -1.4310294389724731, -1.131892442703247, -0.06525593996047974, 1.1128262281417847, 1.9389078617095947, 1.0644654035568237, -1.421746850013733, 1.1429519653320312, 0.5558885335922241, -0.39645636081695557, 0.3331148326396942, -0.19295336306095123, 1.4234473705291748, 0.9073016047477722, 0.6803808808326721, -0.7360981106758118, -0.09451999515295029, 0.9212337732315063, -0.026603585109114647, -1.51669442653656, 0.23798257112503052, -0.1750418245792389, 0.06490880250930786, -0.7142918109893799, -0.3754726052284241, -1.0281100273132324, 1.7462013959884644, -0.5277170538902283, 0.5378342866897583, -0.22374409437179565, 0.7207416296005249, -0.461764931678772, 0.05569559335708618, -0.4195067882537842, 0.1069113165140152, 1.0352320671081543, -1.146409273147583, 0.572917103767395, -1.0089833736419678, -0.19074228405952454, -1.0153101682662964, 0.39626505970954895, 0.3676375448703766, 0.44812434911727905, 1.072656512260437, -0.6497095227241516, 0.408687561750412, 0.07862895727157593, -1.0077979564666748, 0.18755775690078735, -2.331716775894165, -1.5361932516098022, 0.33837395906448364, 0.18609373271465302, -0.08838775008916855, 2.2317168712615967, 0.9405491948127747, 0.5787243843078613, 0.09390679746866226, 0.7175999283790588, -2.639909267425537, 0.026251226663589478, -0.06705387681722641, -0.6380506753921509, 2.396263360977173, 2.1145312786102295, 0.4160354733467102, 1.3022147417068481, -0.5256150960922241, 1.8693187236785889, -0.8667088747024536, 0.9747585654258728, 0.6700045466423035, 0.035580214112997055, 1.0315077304840088, -1.0579867362976074, 0.6233000755310059, -1.5486644506454468, 1.1323914527893066, -1.0321753025054932, -0.6814634203910828, 1.3975962400436401, -0.6431217193603516, 0.09829533100128174, -0.48641201853752136, -0.24179209768772125, 0.6378917098045349, 0.399058073759079, -0.40365973114967346]",yunet,Facenet,1920,1080,/home/amos/media/tv/modern_family/Modern.Family.S09.1080p.DSNP.WEB-DL.DDP5.1.H.264-CRFW/Modern.Family.S09E21.The.Escape.1080p.DSNP.WEB-DL.DDP5.1.H.264-CRFW.mkv,Modern Family,2009,1442437,9,21,Sarah Hyland,91351.0,0.689
686,408,198,654,522,624,342,516,348,0.927,14352,0,"[0.14616352319717407, -2.9287662506103516, -0.8307850956916809, -1.5960545539855957, 0.3114556670188904, 1.546101450920105, -0.807426393032074, 0.45675140619277954, 1.370698094367981, 0.3176272213459015, 0.013703934848308563, -1.0244410037994385, -2.1232481002807617, -0.14258432388305664, -0.5304243564605713, 0.3131270408630371, -1.9675683975219727, 0.6941890120506287, 1.5680922269821167, -1.4197555780410767, 1.2665965557098389, -1.2784345149993896, 0.22042310237884521, -1.1023402214050293, 0.8471892476081848, 0.7534603476524353, 0.8130598068237305, -2.0213942527770996, 0.47567516565322876, 0.21992868185043335, -0.21315214037895203, 1.2128474712371826, 0.09958326071500778, 0.36209607124328613, -0.49320170283317566, 1.4094626903533936, -0.9670728445053101, 1.0106760263442993, 0.2416529804468155, -1.1541823148727417, 1.5021182298660278, 0.5020703077316284, -0.18787431716918945, -1.4447523355484009, 0.40579530596733093, -1.604127049446106, -0.32686662673950195, 1.5221096277236938, 0.9954213500022888, -1.2457987070083618, -0.703312337398529, -0.49035078287124634, -0.7488101124763489, 1.0819015502929688, 0.5741023421287537, -1.1957080364227295, 0.07658286392688751, 1.9146032333374023, 0.3119467496871948, 0.7684639692306519, 0.29994603991508484, -1.2183705568313599, -0.6225647330284119, 1.756798505783081, 2.016146659851074, 0.5060665607452393, 0.28895848989486694, 0.9234961867332458, -0.018686465919017792, 0.6483806371688843, 0.08817338943481445, 0.3717113435268402, -2.2822821140289307, 2.451456308364868, 0.1448380947113037, -1.3226053714752197, -0.695465087890625, 1.0040245056152344, -0.6289623379707336, 1.083211898803711, -2.5005011558532715, -0.6095082759857178, 1.842350721359253, -0.7229563593864441, -1.5591274499893188, -0.7313389778137207, 0.38752326369285583, -0.3114657998085022, -1.2875393629074097, -1.5913361310958862, 0.39840784668922424, -0.1730060875415802, -0.5092783570289612, 0.1035088375210762, -0.22900161147117615, 0.1882620006799698, -3.1571640968322754, 0.2872793674468994, 0.6257500052452087, 0.7583507895469666, -1.5232040882110596, -1.322593092918396, -0.7599986791610718, 0.7047514319419861, -0.15345877408981323, 0.4424290060997009, -0.34345436096191406, -0.49930229783058167, -0.0862889513373375, -0.445104718208313, 0.6047154068946838, -2.3570353984832764, -0.336060494184494, -0.12958575785160065, 0.6962181329727173, 1.0346744060516357, 1.750718355178833, 0.22338581085205078, -0.8190786242485046, 0.8224477767944336, 0.28110575675964355, 1.2602137327194214, 0.43365478515625, 0.771864652633667, -1.1551575660705566, -0.022163204848766327, -0.3171347677707672, -0.1467134803533554]",yunet,Facenet,1920,1080,/home/amos/media/tv/modern_family/Modern.Family.S09.1080p.DSNP.WEB-DL.DDP5.1.H.264-CRFW/Modern.Family.S09E21.The.Escape.1080p.DSNP.WEB-DL.DDP5.1.H.264-CRFW.mkv,Modern Family,2009,1442437,9,21,Chris Geere,62879.0,0.522
687,1536,198,1722,474,1620,318,1560,312,0.913,14376,0,"[0.3965999186038971, 0.5408333539962769, 0.7373908162117004, 0.23011067509651184, 1.0670268535614014, -0.20606350898742676, 0.04094700887799263, 1.9688615798950195, 0.903272271156311, -1.19353449344635, 1.0954376459121704, -0.16148458421230316, 0.38172072172164917, 0.13182777166366577, -1.0071357488632202, 1.0314589738845825, 0.1998387575149536, 0.5471997261047363, 1.3797733783721924, 1.1722302436828613, -0.7703092098236084, 1.042418360710144, 1.1048901081085205, 1.8293156623840332, 0.9932369589805603, 2.285922050476074, 2.3832435607910156, -0.8202643394470215, 0.45027589797973633, -0.42908430099487305, -0.8702167272567749, 0.9568270444869995, -1.8363409042358398, 1.8884772062301636, -0.8611209988594055, -0.7642415761947632, -0.13872608542442322, 0.26388776302337646, 0.06745848059654236, 1.4034359455108643, -0.5787821412086487, -0.01764710806310177, 1.0420303344726562, 1.8142839670181274, -1.5571839809417725, 0.0841214507818222, 0.7484377026557922, -3.2824854850769043, 0.5444023609161377, 0.6353362798690796, 0.798170804977417, -0.14012131094932556, 0.690212607383728, 0.4061952233314514, 0.7942053079605103, -2.2883479595184326, 0.39774253964424133, -0.6191204190254211, -1.3437175750732422, 1.0079166889190674, 0.8002200126647949, -0.5588935017585754, 1.2174290418624878, -1.4440981149673462, -0.8720153570175171, -0.8199084401130676, -1.2733644247055054, 0.6507427096366882, -1.244142770767212, 0.8547452688217163, -0.44476792216300964, 0.8275411128997803, -0.3717392086982727, 1.4453177452087402, 1.4402037858963013, 1.3800737857818604, -0.11940150707960129, 2.6507139205932617, 0.4767467975616455, 0.13763798773288727, -1.2779461145401, 0.893296480178833, 0.2493411898612976, -0.8368291258811951, 0.19323399662971497, 2.508646011352539, 0.4652828872203827, -1.1185591220855713, -0.48621654510498047, -0.7476195096969604, 0.714919924736023, -0.10151349008083344, -1.0453370809555054, -1.5122123956680298, 1.351088047027588, -0.6329861879348755, -1.7383265495300293, -0.49473702907562256, 0.7086255550384521, -2.357733726501465, -0.0744713693857193, 0.7287788987159729, 0.5321750640869141, -0.7109439969062805, 0.5294511914253235, -0.5998284220695496, -1.6883649826049805, 1.978853702545166, -2.326029062271118, -1.8794902563095093, 1.423171877861023, -0.8053653836250305, 1.0844322443008423, -0.7012258172035217, -0.17207317054271698, 1.3719581365585327, -0.8259671926498413, -0.9087358713150024, 0.7482075691223145, -0.06048744544386864, -0.37283945083618164, -0.5482057332992554, -1.105765700340271, -0.9040090441703796, -0.36023133993148804, -1.3531455993652344, -1.538292646408081, -0.5180206894874573]",yunet,Facenet,1920,1080,/home/amos/media/tv/modern_family/Modern.Family.S09.1080p.DSNP.WEB-DL.DDP5.1.H.264-CRFW/Modern.Family.S09E21.The.Escape.1080p.DSNP.WEB-DL.DDP5.1.H.264-CRFW.mkv,Modern Family,2009,1442437,9,21,Kate Burton,20879.0,0.644
688,510,204,678,420,624,288,552,288,0.905,14376,1,"[-0.09379340708255768, 1.3262211084365845, -0.8292228579521179, 0.47090110182762146, -0.2617183327674866, -0.7535147070884705, -2.43269944190979, 1.216124415397644, -0.4481181204319, -0.4083755612373352, -0.5935128331184387, 0.3558753728866577, 1.3118308782577515, 0.1862121820449829, 0.4974520802497864, -0.18054673075675964, 0.2765677869319916, -1.2141427993774414, -0.4177051782608032, 0.9745327234268188, 1.1749353408813477, 2.11763072013855, -0.7544347047805786, 1.4626648426055908, -0.46215635538101196, 0.0578044094145298, 0.09508240967988968, 0.9320068955421448, 1.289172649383545, -0.2871934771537781, -1.1548887491226196, 1.425976037979126, 0.2451983392238617, -0.5384261608123779, 0.7517207860946655, -1.3448190689086914, 0.7746530771255493, -1.8646241426467896, -0.8154681921005249, -0.06064552068710327, -0.603000283241272, -1.4647966623306274, -1.2668081521987915, -0.8943753838539124, -1.568382740020752, -0.8815763592720032, 1.5630100965499878, -0.6695965528488159, 0.613806426525116, -0.030933625996112823, 0.24604971706867218, 0.6681968569755554, 0.43179985880851746, -0.633643388748169, 0.4458884298801422, -0.40601247549057007, 1.5185226202011108, -1.4602724313735962, -1.0509754419326782, -0.3195476233959198, -2.1816279888153076, -0.7657738327980042, 0.4214446246623993, -0.9456151723861694, -0.5709752440452576, -0.16315512359142303, 2.708728313446045, 0.5453895330429077, -1.1295113563537598, 0.4525621235370636, 1.573627233505249, 0.20116057991981506, 0.3715120553970337, 1.835432767868042, -0.5306320190429688, -0.32995885610580444, 1.3624814748764038, -0.11012810468673706, -0.6371041536331177, -1.3269331455230713, 0.06700655072927475, -1.129634976387024, -0.1809850037097931, 0.8677871823310852, 2.3232975006103516, 1.0581625699996948, -1.5197738409042358, -1.3222757577896118, 0.652629017829895, -0.9216748476028442, 1.3161813020706177, -0.22006535530090332, -0.018584473058581352, -0.8794950246810913, -0.03485237807035446, 0.9117072820663452, 1.611303687095642, 1.965230941772461, -0.5948392748832703, -2.9287004470825195, -0.12322945147752762, -0.5444455146789551, 0.490517258644104, -0.6678933501243591, -0.20913949608802795, -0.0016077104955911636, 0.5093759894371033, -0.04419109970331192, 1.3836374282836914, 2.5114262104034424, -2.18268084526062, 0.8144283294677734, 0.8448173999786377, -0.5333266258239746, 0.3676334023475647, -2.2912893295288086, 0.14560793340206146, -1.1526672840118408, 0.7910582423210144, -0.27477386593818665, 0.1771150529384613, -0.6010820865631104, -0.4095131754875183, 0.040982626378536224, 2.4764788150787354, 0.6167927980422974, -0.17182187736034393, 1.1518959999084473]",yunet,Facenet,1920,1080,/home/amos/media/tv/modern_family/Modern.Family.S09.1080p.DSNP.WEB-DL.DDP5.1.H.264-CRFW/Modern.Family.S09E21.The.Escape.1080p.DSNP.WEB-DL.DDP5.1.H.264-CRFW.mkv,Modern Family,2009,1442437,9,21,Jim Piddock,120560.0,0.755
689,1506,222,1686,486,1566,348,1512,348,0.923,14400,0,"[1.233390212059021, 0.020431727170944214, 1.5972083806991577, -1.4352880716323853, 0.6297945380210876, -0.8256752490997314, -0.2586894929409027, 2.082533359527588, 1.002101182937622, -1.555393934249878, 1.298923373222351, 0.08214154094457626, -0.7673630714416504, 0.010099120438098907, -1.524049162864685, 0.797048032283783, -0.26281434297561646, -0.23961438238620758, 0.810930609703064, 2.1242127418518066, 0.46742942929267883, -0.054359354078769684, 0.35603436827659607, 1.29104483127594, 0.02539263293147087, 1.5817773342132568, 2.7669365406036377, -2.2256383895874023, -1.0179009437561035, 0.20749956369400024, -0.14764125645160675, 1.310295820236206, -0.8649598360061646, 2.051727533340454, -1.862623691558838, 0.5264765620231628, 0.15463531017303467, -1.0205235481262207, 0.3937182128429413, 1.4425172805786133, -1.2111923694610596, 0.1628798395395279, 0.2583531439304352, 0.9848161935806274, -1.0378973484039307, 0.2680107355117798, -0.36463499069213867, -1.2462730407714844, -0.8314962983131409, -0.0968700498342514, 0.7418897151947021, -1.3872747421264648, 0.7395652532577515, 0.12660497426986694, 0.8372208476066589, -2.659522533416748, 0.7556125521659851, 0.3303002715110779, -1.6013164520263672, 0.22032642364501953, 0.03696347028017044, 0.1601959615945816, 0.14917492866516113, -0.17573480308055878, -0.6254781484603882, -0.6802487969398499, -0.9194755554199219, -0.8481802344322205, -1.0383237600326538, 1.4138349294662476, 0.9335008263587952, 0.02665826678276062, -0.8495762348175049, 2.0210225582122803, 1.1410828828811646, 0.46196210384368896, -0.5458173751831055, 2.418142080307007, 0.5289971828460693, -0.28192412853240967, -1.2847634553909302, -0.6703842878341675, 0.3808276355266571, -0.8217805624008179, 1.5261378288269043, 1.767838716506958, 0.7005571722984314, -1.1946139335632324, -0.3931563198566437, -0.9294437766075134, -0.3087093234062195, 0.13879863917827606, -1.2471965551376343, -0.7960731983184814, 1.0265156030654907, 0.0162285715341568, -1.1444292068481445, -0.851331353187561, 0.13073033094406128, -1.8202767372131348, -0.38591569662094116, -0.02055276557803154, 0.500993013381958, -1.2191189527511597, -0.038339897990226746, -0.9885644316673279, -0.9639480710029602, 1.392516851425171, -2.290558099746704, -0.9435372352600098, 1.401826024055481, -1.7627466917037964, 1.362011194229126, -1.190537691116333, -0.3617189824581146, 2.7169549465179443, -0.704161524772644, -0.1571904718875885, 0.07513564079999924, -0.5724889039993286, -0.3223257064819336, -0.9141874313354492, -1.5241526365280151, -1.2082908153533936, -0.2893272638320923, -1.8951518535614014, -2.396521806716919, -0.4873836934566498]",yunet,Facenet,1920,1080,/home/amos/media/tv/modern_family/Modern.Family.S09.1080p.DSNP.WEB-DL.DDP5.1.H.264-CRFW/Modern.Family.S09E21.The.Escape.1080p.DSNP.WEB-DL.DDP5.1.H.264-CRFW.mkv,Modern Family,2009,1442437,9,21,,,
690,516,204,678,414,624,288,546,288,0.905,14400,1,"[-0.5255699157714844, 1.4961051940917969, -0.5273954272270203, 0.11044584959745407, -0.3106754720211029, -0.887671947479248, -2.5604262351989746, 0.939153790473938, -0.30883145332336426, -0.3070794939994812, -0.29471883177757263, 0.656670093536377, 1.383703589439392, 0.14124196767807007, 0.3191950023174286, 0.2253529280424118, -0.048989295959472656, -1.290759563446045, -0.7294598817825317, 1.0577664375305176, 1.499525547027588, 1.75739324092865, -0.579451858997345, 1.4809564352035522, -0.45441699028015137, -0.0038281232118606567, 0.16348345577716827, 0.7498655915260315, 0.9807225465774536, -0.2605123221874237, -1.2839573621749878, 1.3491801023483276, 0.40794873237609863, -0.48918721079826355, 0.5491200089454651, -1.2363250255584717, 0.9132394194602966, -2.000370502471924, -0.945368230342865, -0.09324468672275543, -0.20269179344177246, -1.3518184423446655, -1.6169826984405518, -0.4737447202205658, -1.805792212486267, -1.2496380805969238, 1.5619908571243286, -0.8734793663024902, 0.805669903755188, 0.07317662984132767, 0.22144082188606262, 0.5218721032142639, 0.5792413949966431, -1.1321262121200562, 0.4340793192386627, -0.39138340950012207, 1.7525643110275269, -1.7712328433990479, -0.21000832319259644, 0.015063628554344177, -1.5855547189712524, -0.8219497799873352, 0.13963615894317627, -1.036634922027588, -0.5141933560371399, -0.40475213527679443, 2.6887686252593994, 0.42273926734924316, -1.1314994096755981, 0.6217250823974609, 0.8090481758117676, 0.3685717284679413, 0.4276971220970154, 1.4783746004104614, -0.07723446190357208, -0.46957698464393616, 1.5608389377593994, 0.12012763321399689, -0.9186185598373413, -1.7733906507492065, -0.3859484791755676, -1.2731988430023193, -0.4672102630138397, 1.0792832374572754, 2.2880239486694336, 1.2241765260696411, -1.598334550857544, -1.4751907587051392, 0.5035490989685059, -0.5890626311302185, 1.2192848920822144, -0.5369681715965271, 0.022263798862695694, -1.2351375818252563, 0.1797526776790619, 0.8312329053878784, 1.743401050567627, 1.6490947008132935, -0.5889027118682861, -2.9998221397399902, -0.044826094061136246, -0.6123532652854919, 0.22303588688373566, -0.8580315113067627, 0.13412749767303467, -0.0823354721069336, 0.32293641567230225, 0.4150089919567108, 1.2482454776763916, 2.8369555473327637, -1.758223533630371, 0.8261722922325134, 0.9479113817214966, -0.1887865960597992, 0.3141261637210846, -1.9645576477050781, 0.21631957590579987, -1.603326439857483, 0.3487328886985779, -0.007452945224940777, 0.6382405161857605, -1.221265196800232, -0.7738665342330933, -0.14414741098880768, 2.41438627243042, -0.1391649842262268, -0.12815377116203308, 1.1585487127304077]",yunet,Facenet,1920,1080,/home/amos/media/tv/modern_family/Modern.Family.S09.1080p.DSNP.WEB-DL.DDP5.1.H.264-CRFW/Modern.Family.S09E21.The.Escape.1080p.DSNP.WEB-DL.DDP5.1.H.264-CRFW.mkv,Modern Family,2009,1442437,9,21,Jim Piddock,120560.0,0.749
691,1362,306,1578,612,1422,438,1386,438,0.913,14472,0,"[0.5058709383010864, 0.08828017115592957, 1.1522759199142456, -0.7553080916404724, 1.7084739208221436, -0.40543705224990845, 0.36532917618751526, 1.7572635412216187, 1.8141506910324097, -1.7465689182281494, 1.6252468824386597, 0.9197332262992859, 0.43362128734588623, -0.16183528304100037, -1.1002976894378662, 1.0302228927612305, -0.14330042898654938, -0.4320589303970337, -0.1614072471857071, 1.549735426902771, -0.7012476921081543, 0.34722816944122314, -0.5343610644340515, 0.11775758117437363, -1.379307746887207, 1.723496437072754, 2.6257951259613037, -2.0087738037109375, -1.624887466430664, -0.10869647562503815, 0.39119958877563477, 0.179107666015625, -1.5386567115783691, 1.129638433456421, -1.5184952020645142, 1.11342191696167, -0.22100552916526794, -1.2000093460083008, 0.8776066303253174, 1.4682964086532593, 0.04863163083791733, -0.28348085284233093, 0.6246811151504517, 0.992200493812561, -0.5181928873062134, -0.2791440784931183, 0.4497253894805908, -2.3086395263671875, -0.762769877910614, -0.06577381491661072, -0.6931695938110352, -0.4987928867340088, -0.6051362156867981, 0.3283923864364624, 0.713340699672699, -2.712033987045288, 0.9729569554328918, 0.19742877781391144, -1.3126837015151978, -0.5706950426101685, -0.03575301915407181, -0.41094762086868286, 1.0940372943878174, -0.6326998472213745, -0.33763769268989563, -0.24223189055919647, -1.3557465076446533, -0.3023732900619507, -2.0263421535491943, 1.0794093608856201, 0.5227622985839844, 0.9002940654754639, -0.70958411693573, 1.5963976383209229, 1.364227294921875, 0.7791582942008972, -1.206870675086975, 1.893485188484192, 0.489412784576416, -0.04310291260480881, -1.402559518814087, -0.6196507215499878, 0.5045705437660217, -0.7795698046684265, 0.8706266283988953, 0.8523156642913818, -0.08308785408735275, 0.012819655239582062, -0.4367998242378235, -0.6917999386787415, -0.6842975616455078, -0.9214780330657959, -0.42826175689697266, -1.5456361770629883, 0.5247213244438171, -0.19799982011318207, -1.496090054512024, 0.5038775205612183, 0.6075671315193176, -1.5515438318252563, 0.06269729137420654, 0.1844896674156189, -0.47903573513031006, -0.830878496170044, 0.9565728306770325, 0.4361564517021179, -0.659191370010376, 1.5248855352401733, -2.2174930572509766, -0.5109777450561523, 2.2682316303253174, -0.10540458559989929, 2.1646745204925537, -1.5369842052459717, -0.04153013229370117, 2.4866621494293213, -1.182381510734558, -0.4179968237876892, 0.6276727914810181, -0.9942550659179688, -0.5761573314666748, -0.4869355261325836, -0.3820451498031616, -0.9918676614761353, -0.29270368814468384, -2.1991729736328125, -2.340895652770996, -0.2594563663005829]",yunet,Facenet,1920,1080,/home/amos/media/tv/modern_family/Modern.Family.S09.1080p.DSNP.WEB-DL.DDP5.1.H.264-CRFW/Modern.Family.S09E21.The.Escape.1080p.DSNP.WEB-DL.DDP5.1.H.264-CRFW.mkv,Modern Family,2009,1442437,9,21,Kate Burton,20879.0,0.56
692,480,288,672,528,630,378,540,378,0.903,14472,1,"[-0.8965479135513306, 1.4745771884918213, 0.20423194766044617, -0.7885614037513733, 1.264241099357605, -0.7499616146087646, -1.5114436149597168, 1.0325144529342651, -0.3080451190471649, -0.5378082990646362, -0.9495474696159363, 0.2003549188375473, 1.3008133172988892, -0.10519439727067947, 0.4469763934612274, -1.0341732501983643, -0.1940702497959137, -0.7548746466636658, -0.48090672492980957, 0.2502872943878174, 0.9019256830215454, 2.3356645107269287, -1.2547835111618042, 1.3338826894760132, -1.5820043087005615, 0.027033407241106033, -0.5221608877182007, 0.15029162168502808, 0.9896287322044373, -0.3185795247554779, -0.33127129077911377, 0.13040710985660553, -0.4929816722869873, -0.8430094718933105, 1.0221223831176758, -0.9492948055267334, -0.3558950126171112, -1.2381986379623413, -0.32785764336586, -0.13863953948020935, -0.3026318848133087, -1.9540519714355469, -1.4013760089874268, -0.1426132619380951, -2.089092254638672, -0.854832649230957, 1.435094952583313, -1.1079552173614502, 0.20919851958751678, -0.282367080450058, -1.1646273136138916, 1.7403665781021118, 1.0003994703292847, -0.9919030666351318, -0.6154494285583496, -0.9830265641212463, 1.6129118204116821, -2.1657285690307617, -1.522817850112915, -1.0615386962890625, -2.4233715534210205, -1.1790536642074585, -0.7606607675552368, 0.03645840287208557, -0.5795021653175354, 0.09252282232046127, 2.963670492172241, -0.24735306203365326, -0.10822568088769913, 0.7982054948806763, 1.1870508193969727, 0.08392095565795898, 0.1109166145324707, 0.1064651608467102, -0.15667971968650818, 0.05932667851448059, 0.7286278009414673, -0.043995779007673264, -1.5617265701293945, -1.032386064529419, 0.23092788457870483, -0.867938756942749, -0.14345583319664001, 0.5523227453231812, 2.836376667022705, 1.726952075958252, -1.4627128839492798, -0.7143511772155762, -0.1351209282875061, 0.7637088894844055, 1.5151525735855103, -0.45056605339050293, -0.7676284313201904, -1.032151699066162, 0.19363512098789215, 1.1548664569854736, 1.064713954925537, 1.3133469820022583, 0.8634316921234131, -2.710280656814575, -0.489952027797699, 0.4946547746658325, 0.897358775138855, -0.325348436832428, -0.15258710086345673, 1.0858988761901855, 0.5879788398742676, 0.8309907913208008, 1.593881607055664, 1.0773621797561646, -2.1013646125793457, 1.2697898149490356, -0.25029313564300537, 0.49332693219184875, 0.5788180828094482, -1.4221876859664917, 0.17078807950019836, -1.1663289070129395, 0.5907853841781616, -0.4408762454986572, 0.5286564826965332, -0.339443176984787, -1.2117589712142944, -0.8687645196914673, 1.7482186555862427, -1.0147279500961304, -0.48224517703056335, 0.8312287330627441]",yunet,Facenet,1920,1080,/home/amos/media/tv/modern_family/Modern.Family.S09.1080p.DSNP.WEB-DL.DDP5.1.H.264-CRFW/Modern.Family.S09E21.The.Escape.1080p.DSNP.WEB-DL.DDP5.1.H.264-CRFW.mkv,Modern Family,2009,1442437,9,21,Jim Piddock,120560.0,0.661
693,1338,288,1584,606,1494,414,1386,420,0.915,14496,0,"[0.8089866638183594, 0.7908895015716553, 1.3071719408035278, -1.3666032552719116, 0.931940495967865, 0.47544795274734497, -1.070125937461853, 1.1109644174575806, 0.6321815848350525, 0.10117501020431519, 1.032929539680481, 1.458267331123352, -0.42793571949005127, -0.09891600906848907, -0.8923279047012329, 1.2530508041381836, 0.7609374523162842, 0.05000315606594086, 1.0715125799179077, 0.22870977222919464, 0.16328004002571106, 0.2953968346118927, 0.8546304106712341, -1.0755865573883057, 0.19546112418174744, 1.7053228616714478, 1.6709635257720947, -0.2032184600830078, -0.6013016104698181, -0.9939680099487305, -1.3525383472442627, 1.0063456296920776, -1.2063590288162231, 0.47945648431777954, -1.174686074256897, 1.6788333654403687, -1.5103205442428589, -0.982936441898346, -1.0559051036834717, -0.027127929031848907, -0.08437070995569229, -0.48263072967529297, -0.08562251925468445, 2.7369186878204346, -1.1737749576568604, -0.17840786278247833, -0.029295939952135086, -3.1127920150756836, -0.7963757514953613, -0.5183488130569458, 0.9176827669143677, -1.1247209310531616, -0.7511652708053589, 0.4160887598991394, 1.768502950668335, -2.9889156818389893, -0.23959602415561676, -0.9171697497367859, -1.127791166305542, -0.9960793256759644, 0.2078022062778473, -1.69051992893219, 2.0407581329345703, -1.6574715375900269, 0.051266446709632874, -1.484752893447876, -1.7090202569961548, -0.2902872562408447, -1.065613865852356, 1.0281310081481934, -1.6312828063964844, 1.6264979839324951, -1.1375025510787964, 0.6222882866859436, 2.1212847232818604, 1.7096458673477173, -0.6625245809555054, 2.114118814468384, 1.7759038209915161, 0.2378809005022049, -0.7026284337043762, 1.0306833982467651, -0.5262197256088257, -0.7795719504356384, -0.6035451292991638, 0.6386109590530396, -0.8544648885726929, -1.2049572467803955, 0.20933428406715393, -0.12363575398921967, 0.5518502593040466, -0.9191666841506958, -0.1315872073173523, -1.5314968824386597, 1.1327102184295654, -0.8489813804626465, -0.9042202234268188, 0.23659585416316986, 1.166407585144043, -1.681451678276062, 0.18168190121650696, -0.021140635013580322, -0.9967348575592041, -0.256251722574234, 0.720842182636261, -0.1368655562400818, -1.7083022594451904, 2.137373208999634, -1.5319949388504028, -0.5089976787567139, 0.7898855209350586, 0.5628373026847839, 1.0082310438156128, -0.067144475877285, 0.9493752121925354, 1.6361632347106934, -0.6998268365859985, -1.516832947731018, 1.1265195608139038, -0.8999369740486145, -0.5030362010002136, -0.49866870045661926, -0.7229971885681152, 0.28875309228897095, 0.985215961933136, -2.151000738143921, -1.3414716720581055, 0.14672118425369263]",yunet,Facenet,1920,1080,/home/amos/media/tv/modern_family/Modern.Family.S09.1080p.DSNP.WEB-DL.DDP5.1.H.264-CRFW/Modern.Family.S09E21.The.Escape.1080p.DSNP.WEB-DL.DDP5.1.H.264-CRFW.mkv,Modern Family,2009,1442437,9,21,Kate Burton,20879.0,0.689
694,1362,294,1602,588,1512,408,1410,414,0.908,14520,0,"[0.9493815898895264, -0.16392730176448822, 1.6366420984268188, -0.4277844727039337, 0.3928578495979309, -0.4640903174877167, -0.484611451625824, 1.2932490110397339, 0.5886890292167664, -0.07976704835891724, 0.8529447317123413, 0.5159858465194702, 0.029747620224952698, 0.622246265411377, -0.30079376697540283, 0.3575976490974426, 0.5620094537734985, 0.18003247678279877, 0.7101308107376099, 1.2247413396835327, -0.9655667543411255, -0.04766474664211273, 1.578751802444458, 0.04682588204741478, 1.066534161567688, 1.1913340091705322, 2.2404582500457764, -0.46634823083877563, -0.6673111319541931, -1.2626558542251587, -0.679781436920166, 0.4714989960193634, -1.7918694019317627, 1.523695707321167, -1.4291709661483765, 0.3207548260688782, -0.41782763600349426, -0.5586740374565125, -0.3527670204639435, 0.8125016689300537, -0.8508425354957581, -0.4928942918777466, 0.6967144012451172, 2.024202823638916, -0.8607978224754333, -0.4431416094303131, -0.9459972977638245, -2.398287296295166, 0.4592561721801758, -0.1147046834230423, 1.779790997505188, -1.6241885423660278, -0.29090631008148193, 0.07411511242389679, 0.695680558681488, -3.3249521255493164, 0.035730063915252686, 0.06783168017864227, -1.4042820930480957, -1.2688416242599487, 0.062252484261989594, -1.161492109298706, 1.3918161392211914, -1.5173909664154053, -1.1681184768676758, -1.2232316732406616, -1.8429909944534302, -0.7865698337554932, -1.4612040519714355, 0.9949605464935303, -1.5779143571853638, 0.5835883617401123, -0.06462344527244568, 0.1999015063047409, 0.9738664031028748, 0.8974697589874268, -0.04489517956972122, 1.9298444986343384, 0.5394682288169861, 0.4775697588920593, -1.326871395111084, 1.225567102432251, 0.06925967335700989, -0.3445533514022827, -0.695389449596405, 0.9022277593612671, 0.10223264247179031, -1.262147307395935, -0.2861337661743164, -0.09850983321666718, 0.5311458706855774, -1.3782105445861816, -1.241685390472412, -0.7829028367996216, 0.967031717300415, -1.5266571044921875, -0.6007300019264221, -0.04774919152259827, 1.3868086338043213, -1.4963147640228271, 0.33647745847702026, 0.6434178948402405, 0.4426293969154358, 0.03411802649497986, 0.4082862138748169, 0.559044361114502, -1.4034059047698975, 1.681656837463379, -2.069636821746826, -1.2308900356292725, 1.575165033340454, -0.1291099339723587, 0.8891385793685913, -0.9785618185997009, 1.2648773193359375, 1.9833731651306152, -0.34235879778862, -1.5160391330718994, 0.18169663846492767, -1.2646312713623047, -0.5164952278137207, -0.8884886503219604, -1.4043740034103394, -0.24593162536621094, -0.36443525552749634, -1.9981918334960938, -2.0032455921173096, 0.06110618636012077]",yunet,Facenet,1920,1080,/home/amos/media/tv/modern_family/Modern.Family.S09.1080p.DSNP.WEB-DL.DDP5.1.H.264-CRFW/Modern.Family.S09E21.The.Escape.1080p.DSNP.WEB-DL.DDP5.1.H.264-CRFW.mkv,Modern Family,2009,1442437,9,21,Kate Burton,20879.0,0.616
695,1350,246,1596,564,1506,378,1392,378,0.92,14544,0,"[1.4350005388259888, 0.8170936107635498, 1.5299783945083618, -0.9783324599266052, 0.7100257873535156, 0.028805719688534737, 0.12101788818836212, 1.3466187715530396, 0.9706562161445618, 0.7235493063926697, 0.10491441935300827, 0.9420877695083618, -0.39730125665664673, 0.5859694480895996, -0.4349575340747833, -0.0820731520652771, -0.1259717494249344, -0.5135286450386047, 1.023755431175232, 0.1128699779510498, -0.593889057636261, -0.44539564847946167, 1.0896179676055908, 0.4106381833553314, 0.8135477900505066, 1.782577395439148, 1.7063877582550049, -0.3481738567352295, -0.4264572262763977, -0.5980528593063354, -0.6701825857162476, 0.06917605549097061, -2.220780372619629, 0.3652366101741791, -1.2682803869247437, -0.26182031631469727, -0.7251545786857605, -0.7819198369979858, -0.5369777679443359, 0.8361557722091675, -0.2851046025753021, -0.49970123171806335, 0.34654074907302856, 2.3883585929870605, -0.47300615906715393, 0.20165233314037323, -0.639360785484314, -1.7939904928207397, 0.20055650174617767, -0.4148423373699188, 1.327168345451355, -0.7716292142868042, -0.3046269714832306, 0.04883258044719696, 0.5134967565536499, -3.1786651611328125, 0.7558336853981018, -0.567175030708313, -0.9010589718818665, -0.8484333753585815, -0.11627867072820663, -1.1113080978393555, 1.9873385429382324, -2.161923408508301, -1.0779266357421875, -0.9604532122612, -2.1366729736328125, 0.09127300977706909, -1.2409611940383911, 0.9868553876876831, -1.841314673423767, 1.698668360710144, -0.17717374861240387, -0.2087002992630005, -0.010370191186666489, 0.513238251209259, -0.29892945289611816, 1.7853721380233765, 0.6775887608528137, 0.2799991965293884, -1.674614667892456, 0.8265382051467896, 0.5211667418479919, -1.5830274820327759, -1.5259406566619873, 0.4297831356525421, -0.6452792882919312, -0.9222383499145508, 1.0009952783584595, 0.13240981101989746, 0.7616535425186157, -1.6458719968795776, -0.4205566346645355, -0.507155179977417, 1.6269792318344116, -1.491013765335083, 0.32120606303215027, 0.35835137963294983, 1.3980066776275635, -1.1124324798583984, 1.3397408723831177, 0.5647915005683899, 0.329653799533844, 0.23457472026348114, -0.25328266620635986, 0.6415404081344604, -1.93377685546875, 2.0038821697235107, -1.423891305923462, -0.13056951761245728, 0.7951253056526184, -0.2872413992881775, 0.9720133543014526, -1.070054054260254, 1.139786958694458, 1.6978380680084229, -0.4942212700843811, -1.3669553995132446, 1.2050745487213135, -1.9305921792984009, -0.43984854221343994, 0.3257804214954376, -1.4534893035888672, -0.3947274684906006, -0.016927048563957214, -2.063605785369873, -1.481091856956482, -0.6212747097015381]",yunet,Facenet,1920,1080,/home/amos/media/tv/modern_family/Modern.Family.S09.1080p.DSNP.WEB-DL.DDP5.1.H.264-CRFW/Modern.Family.S09E21.The.Escape.1080p.DSNP.WEB-DL.DDP5.1.H.264-CRFW.mkv,Modern Family,2009,1442437,9,21,Kate Burton,20879.0,0.68
696,318,180,516,438,486,276,396,282,0.9,14544,1,"[-0.9232578277587891, 1.5730770826339722, 0.2674974501132965, -0.7213093042373657, 0.4762047529220581, -1.2635486125946045, -1.8116801977157593, 1.0098203420639038, -0.5287715792655945, -0.2855741083621979, -0.604004442691803, 1.082660436630249, 1.3081915378570557, -0.7791393995285034, 0.8291679620742798, -0.10660773515701294, 0.14726220071315765, -0.46213412284851074, -0.9538836479187012, 0.24801962077617645, 1.2868680953979492, 2.3126935958862305, -0.4532817602157593, 1.9129291772842407, -1.2939578294754028, -0.321452260017395, -0.387300580739975, 0.8319081664085388, 1.248084306716919, -0.736762285232544, -0.9741334915161133, 0.31853023171424866, -0.6853236556053162, -0.3077661991119385, 0.7588611245155334, -0.9129489064216614, -0.12292857468128204, -1.8918800354003906, -0.9321613907814026, -0.7622065544128418, -0.9450865387916565, -1.339784026145935, -0.8948932886123657, -0.1967010349035263, -2.2876389026641846, -0.30218157172203064, 1.8813962936401367, -1.657384991645813, -0.1003885269165039, 0.9226754903793335, -0.9542708992958069, 1.1870149374008179, 1.3470277786254883, -0.6691737771034241, -0.11270156502723694, -0.3555196225643158, 1.0334975719451904, -1.6192760467529297, -1.7211172580718994, -0.6487430930137634, -2.6423449516296387, -0.9178467988967896, -0.8480234146118164, 0.7106309533119202, 0.678607165813446, -0.010168209671974182, 2.722022533416748, 0.12039220333099365, -0.4910948872566223, 0.5382999181747437, 1.118224859237671, 0.9155423641204834, 0.5871280431747437, 0.4888308048248291, 0.2888053059577942, -0.21700313687324524, 0.2632274031639099, -0.29654982686042786, -1.407657504081726, -1.5107531547546387, -0.41467341780662537, -0.7107419967651367, -0.16346684098243713, 0.35793858766555786, 2.9103190898895264, 1.3338878154754639, -1.3267340660095215, -0.72725510597229, -0.24404628574848175, 0.4015924036502838, 1.6469851732254028, 0.031003357842564583, -0.6041572093963623, -1.052169680595398, 1.0612019300460815, 0.9568697214126587, 0.7919752597808838, 1.496718168258667, 0.9148256778717041, -3.2020263671875, 0.19530987739562988, 0.4862114191055298, 0.7474677562713623, -0.4682355523109436, -0.10570932179689407, 0.5570036768913269, 0.374271959066391, 0.8243216276168823, 1.495371699333191, 0.4821031987667084, -1.8892124891281128, 1.6912882328033447, 0.5498417615890503, 0.8515609502792358, 0.7671342492103577, -1.1862263679504395, 0.7733405828475952, -0.519892156124115, 0.8719916343688965, 0.21032975614070892, 0.6763029098510742, -1.2629468441009521, -0.38715052604675293, -0.8128926753997803, 1.6181674003601074, -1.265587329864502, -0.038990482687950134, 0.9438190460205078]",yunet,Facenet,1920,1080,/home/amos/media/tv/modern_family/Modern.Family.S09.1080p.DSNP.WEB-DL.DDP5.1.H.264-CRFW/Modern.Family.S09E21.The.Escape.1080p.DSNP.WEB-DL.DDP5.1.H.264-CRFW.mkv,Modern Family,2009,1442437,9,21,Jim Piddock,120560.0,0.656
697,1218,246,1404,492,1362,342,1272,342,0.918,14568,0,"[-0.7960895299911499, -1.247733235359192, 0.48909905552864075, 1.315975546836853, 1.0233154296875, 0.5401427745819092, 0.4117773473262787, -1.0363616943359375, 0.24217447638511658, 3.16629695892334, -1.4537415504455566, 2.0390024185180664, 0.11279411613941193, -1.3043568134307861, -0.845706582069397, 0.15317782759666443, -0.6693428754806519, -0.17316432297229767, -1.01676344871521, -0.14865002036094666, 0.8289988040924072, -0.6930500864982605, 0.9488542675971985, 0.5512827634811401, -0.7887787222862244, -0.33198463916778564, 0.8879759311676025, -1.2933226823806763, 2.3333740234375, 1.3913294076919556, 0.007042977958917618, -2.185201406478882, -0.47778117656707764, -1.4680126905441284, 0.6283003687858582, -1.6954150199890137, -2.8989412784576416, 1.305854320526123, -1.2609994411468506, -1.7483772039413452, -0.06701664626598358, 0.047662071883678436, 0.09983114898204803, 2.4382660388946533, 0.035497765988111496, -0.9811833500862122, 0.4268071949481964, 0.9744032621383667, -1.1198606491088867, 0.2369585484266281, -0.6391096115112305, 1.0625228881835938, 1.4022772312164307, -0.18037764728069305, -0.1279393881559372, -0.0943237841129303, 1.2139623165130615, -0.6261521577835083, -0.3195832073688507, 0.25991231203079224, -0.5360150337219238, 0.09190241992473602, -0.7021958827972412, -0.25563883781433105, -0.26685306429862976, 1.6101477146148682, -0.5029899477958679, -0.005471107549965382, -0.4419875144958496, 0.6734861135482788, -0.6784892082214355, 0.14867451786994934, -0.34001362323760986, 0.7071694731712341, 0.7619611620903015, -0.833955705165863, -0.1279664784669876, -0.2523663341999054, 0.04148983210325241, -0.730756938457489, -0.7822588086128235, -0.8623839616775513, 0.2282184362411499, 0.3045632839202881, 0.09960061311721802, -0.1854458898305893, 0.6290231943130493, -0.8468488454818726, 0.33717212080955505, -0.21177580952644348, -1.1688669919967651, 0.6761928200721741, 0.802286684513092, 1.012661337852478, 1.7108638286590576, -0.11506404727697372, 0.6299102306365967, -0.20222783088684082, -0.5590700507164001, -1.955848217010498, 0.5482743382453918, -0.5950797200202942, -0.7152621150016785, 1.8556206226348877, 1.5133458375930786, 0.2751159071922302, -0.16253288090229034, -0.6755653619766235, 1.231675624847412, 0.3571909964084625, 1.4431596994400024, 1.11137056350708, -0.11883264780044556, 1.3703148365020752, -1.3908400535583496, 0.15229056775569916, -1.561336874961853, 0.5318280458450317, -0.7995061278343201, -1.0818915367126465, 1.992653489112854, -0.7432193756103516, -1.5965020656585693, 0.07371049374341965, -0.33709102869033813, 0.027643106877803802, 0.703987181186676, -0.956666886806488]",yunet,Facenet,1920,1080,/home/amos/media/tv/modern_family/Modern.Family.S09.1080p.DSNP.WEB-DL.DDP5.1.H.264-CRFW/Modern.Family.S09E21.The.Escape.1080p.DSNP.WEB-DL.DDP5.1.H.264-CRFW.mkv,Modern Family,2009,1442437,9,21,Sarah Hyland,91351.0,0.649
698,318,150,576,492,540,288,462,288,0.914,14568,1,"[1.4254775047302246, -1.059831976890564, -2.226961374282837, -1.6376492977142334, 0.42805400490760803, 1.9365934133529663, 1.022942304611206, 0.9776647090911865, 0.6891550421714783, 0.7512388229370117, 0.019448310136795044, -0.8835959434509277, -2.1273951530456543, -0.0012822449207305908, -0.867737889289856, 0.38307279348373413, -1.0787465572357178, -1.0637097358703613, 0.6568894982337952, 4.443025682121515e-05, 1.0175827741622925, -0.033849649131298065, 0.6222373843193054, -0.9671046733856201, 0.8591271638870239, 0.45072630047798157, 0.5512481927871704, -2.2836904525756836, 1.0491987466812134, 0.6019366979598999, -0.30861639976501465, 0.7663871049880981, 0.37685102224349976, 0.013271793723106384, 0.009342983365058899, -0.16842539608478546, -1.271580457687378, 2.1636509895324707, 0.7004605531692505, -0.9546345472335815, -0.2008974552154541, 1.3537132740020752, -1.9972151517868042, -0.9993367791175842, 0.9264893531799316, -2.304997444152832, -0.23030364513397217, 1.475776195526123, 1.1021474599838257, -0.6140271425247192, -0.6692432165145874, -0.26975831389427185, -0.4213874638080597, -0.8419983983039856, -0.39564940333366394, -1.111417293548584, 0.1444655805826187, 1.8360440731048584, -0.4892517924308777, 0.7292374968528748, 0.2762279808521271, -0.320936381816864, -1.230540156364441, 0.06044250354170799, 0.1426052749156952, 0.28038281202316284, -0.15329131484031677, 1.439915418624878, 1.5003553628921509, -0.7394453287124634, -0.3076549470424652, 0.34167784452438354, -2.5183517932891846, 1.0652045011520386, 0.7786660194396973, -0.8426413536071777, -0.2686666250228882, 0.5919049978256226, 0.26693299412727356, 0.47178512811660767, -2.335223913192749, -0.3084244728088379, 0.6825242638587952, -1.2608561515808105, -1.2986341714859009, 0.9145835638046265, 1.236967921257019, -1.2873852252960205, 0.28080788254737854, -1.0580872297286987, -0.07509683817625046, 0.5906786322593689, -0.05332391336560249, 0.7749444246292114, 0.5869072675704956, 0.35448911786079407, -2.3890421390533447, -0.8250433802604675, -0.5547093749046326, 1.032436728477478, -0.5526196956634521, -0.2152816653251648, -1.2928396463394165, -0.10874483734369278, 0.07798827439546585, -0.7817721962928772, 0.47606244683265686, -1.5942713022232056, -0.25343555212020874, 0.4692588746547699, 0.15840111672878265, -1.3734701871871948, -0.656751275062561, -0.1772555410861969, -0.5627063512802124, 1.7315291166305542, -0.8137394189834595, 0.42363759875297546, -1.0628840923309326, 1.0159626007080078, 0.005852729082107544, 2.7743420600891113, -1.0859332084655762, 0.6516777276992798, -1.1271171569824219, 0.13733655214309692, -1.2713637351989746, -1.3098740577697754]",yunet,Facenet,1920,1080,/home/amos/media/tv/modern_family/Modern.Family.S09.1080p.DSNP.WEB-DL.DDP5.1.H.264-CRFW/Modern.Family.S09E21.The.Escape.1080p.DSNP.WEB-DL.DDP5.1.H.264-CRFW.mkv,Modern Family,2009,1442437,9,21,,,
699,294,192,546,534,516,324,438,324,0.919,14592,0,"[0.7084964513778687, -1.684441089630127, -1.107909083366394, -0.6724863052368164, 0.9258986115455627, 1.3645297288894653, 0.978040337562561, 0.3954086899757385, 1.254377007484436, 0.17103910446166992, 0.18597066402435303, -1.0992400646209717, -1.6141200065612793, -0.3114408254623413, -1.3158122301101685, -0.376625657081604, -0.880172848701477, -0.6388041377067566, 0.5595276355743408, 0.5790280103683472, 1.1794936656951904, 0.022854015231132507, 0.7058709263801575, -1.1621067523956299, 0.8495242595672607, 0.16790291666984558, 0.6718533039093018, -2.1695809364318848, 0.7895727753639221, 0.09826543927192688, -0.6178008317947388, 0.3974367380142212, -0.48192885518074036, -0.013473637402057648, -0.10824396461248398, -0.008735669776797295, -0.67045658826828, 1.995546579360962, 0.9615688323974609, -1.6685158014297485, -0.2035050094127655, 1.559893012046814, -2.1664955615997314, -1.2731194496154785, 0.3863794803619385, -2.298548936843872, -0.507438600063324, 1.594903588294983, 0.7389953136444092, -0.4673111140727997, -0.03877183794975281, 0.36487382650375366, -0.6527617573738098, -1.0641170740127563, -0.4008871912956238, -0.8353784084320068, 1.3137160539627075, 1.525384783744812, -0.9112346768379211, 0.9082249999046326, 0.7390994429588318, -0.4888601303100586, -1.0094900131225586, 0.5487786531448364, 0.36754125356674194, 1.0377042293548584, 0.7285289764404297, 1.450402855873108, 0.5950367450714111, -0.21158990263938904, -0.3778172433376312, 0.3317659795284271, -3.0069713592529297, 1.432326316833496, 0.7552742958068848, -0.36587855219841003, -0.7254122495651245, 0.5788929462432861, -0.8517760038375854, 0.3428974151611328, -2.6224212646484375, 0.24681836366653442, 1.0993473529815674, -0.4154345989227295, -1.329259991645813, 0.8519454002380371, 1.9502389430999756, -1.2779062986373901, -0.9030238389968872, -1.4392900466918945, -0.18127265572547913, 0.6514365077018738, 0.15906162559986115, 1.1529316902160645, 0.25004345178604126, 0.05421384423971176, -2.1923141479492188, -0.6868186593055725, 0.0980565994977951, 0.5277439951896667, -0.6443535685539246, -0.40208715200424194, -1.325401782989502, -0.6989225149154663, 0.5198442935943604, -0.2123602330684662, -0.10719574987888336, -1.575044870376587, 0.23693445324897766, -0.3223706781864166, 0.0864693820476532, -1.662839651107788, 0.005093559622764587, -0.3153434097766876, -0.2786597013473511, 2.284450054168701, -0.8425313234329224, 0.7559178471565247, -1.5722788572311401, 1.6952146291732788, -0.19170068204402924, 2.2712485790252686, -1.0595037937164307, 0.29922279715538025, -0.6685647368431091, 0.17554467916488647, -1.5546557903289795, -1.4800424575805664]",yunet,Facenet,1920,1080,/home/amos/media/tv/modern_family/Modern.Family.S09.1080p.DSNP.WEB-DL.DDP5.1.H.264-CRFW/Modern.Family.S09E21.The.Escape.1080p.DSNP.WEB-DL.DDP5.1.H.264-CRFW.mkv,Modern Family,2009,1442437,9,21,Chris Geere,62879.0,0.537
700,1266,294,1470,540,1428,378,1332,378,0.905,14592,1,"[-1.3471492528915405, -1.9983289241790771, 0.8089314103126526, 1.4711198806762695, 1.164554238319397, 0.2567713260650635, 0.9129819869995117, -0.16790249943733215, 0.7853535413742065, 3.2016334533691406, -1.796684741973877, 0.8780524730682373, 0.13402150571346283, -0.08726929128170013, -1.14371919631958, 0.7561097145080566, -1.1900943517684937, -0.5090657472610474, -0.9797059297561646, -1.2425616979599, 1.0594147443771362, -0.6960881352424622, 0.5974422097206116, 1.025747299194336, -0.2045203447341919, 0.4518607258796692, 1.100408911705017, -1.4618295431137085, 2.201782703399658, 1.4714739322662354, 0.6339578628540039, -2.180494785308838, -0.9099583029747009, -0.998910665512085, 1.1930205821990967, -1.6830503940582275, -3.1717355251312256, 1.5114375352859497, -0.5779888033866882, -0.7706078290939331, 0.3963005840778351, -0.16389335691928864, 0.32910147309303284, 1.2787996530532837, 0.23048177361488342, -0.4695168137550354, 0.5320953130722046, 0.9646421670913696, -1.026315689086914, -0.01595894619822502, -1.7559046745300293, 2.5379557609558105, 1.0214595794677734, -0.12380719184875488, 0.36348646879196167, -0.6062370538711548, 1.152949571609497, -0.19037482142448425, 0.7125458121299744, 0.47234949469566345, 0.155947744846344, -0.1879599541425705, -0.3054448962211609, -0.5079628229141235, -0.6112590432167053, 1.0852264165878296, -0.9108885526657104, 0.6531140208244324, -1.2878814935684204, 0.7262463569641113, -0.3019115626811981, 0.23489674925804138, 0.5323140025138855, 0.5339681506156921, 0.06575542688369751, -1.2103124856948853, 0.08633160591125488, 0.6342602968215942, 0.14355775713920593, -0.6440721154212952, -1.115739107131958, -1.4855197668075562, 0.5710847973823547, -0.4756598472595215, -0.8269209861755371, -0.17893806099891663, -0.15469032526016235, -1.1024590730667114, 0.5067071914672852, -0.477620393037796, -0.7232867479324341, 0.8619551658630371, 0.5731680393218994, 0.9264254570007324, 1.9694677591323853, 0.2409878969192505, 0.026461005210876465, 0.9822379946708679, -0.055733971297740936, -1.3620240688323975, 0.6719524264335632, 0.3260299563407898, -0.9376449584960938, 1.565102219581604, 1.6079245805740356, 0.5983761548995972, -0.278799444437027, 0.033177927136421204, 0.06123419106006622, 0.2904718518257141, 1.6480029821395874, 0.744586169719696, 1.0193527936935425, 0.32551902532577515, -1.2471284866333008, 0.1237768679857254, -0.5287081003189087, 0.22365757822990417, -1.3189135789871216, -1.3778305053710938, 1.8233217000961304, -0.27983930706977844, -1.7871941328048706, -0.554811954498291, -0.7760238647460938, 0.5209605097770691, 0.8617221713066101, -1.404361605644226]",yunet,Facenet,1920,1080,/home/amos/media/tv/modern_family/Modern.Family.S09.1080p.DSNP.WEB-DL.DDP5.1.H.264-CRFW/Modern.Family.S09E21.The.Escape.1080p.DSNP.WEB-DL.DDP5.1.H.264-CRFW.mkv,Modern Family,2009,1442437,9,21,Sarah Hyland,91351.0,0.625
701,1440,234,1704,576,1602,366,1482,372,0.918,14616,0,"[1.318625569343567, 0.6783469915390015, 1.2175899744033813, -0.6546255350112915, 0.8574284315109253, -0.0689387246966362, -0.770693302154541, 2.0301759243011475, 1.2048957347869873, 0.03494033217430115, 0.45759713649749756, 0.606626570224762, -0.1527787446975708, 0.5933892726898193, -0.2238653302192688, 0.3027878999710083, 0.08628194779157639, 0.14092190563678741, 1.7959214448928833, 1.0679699182510376, -1.1105483770370483, -0.027390524744987488, 1.264015793800354, 1.3159282207489014, 0.821118950843811, 1.4483366012573242, 2.0076897144317627, -0.39766305685043335, -0.853797435760498, -0.4616077244281769, -0.989447832107544, 0.6995729207992554, -1.7918227910995483, 1.739387035369873, -1.616010308265686, -0.10569730401039124, 0.5270174145698547, 0.09201852232217789, 0.08179090917110443, 1.4256236553192139, 0.08942735195159912, -0.6443406939506531, 0.23688608407974243, 1.7761561870574951, -1.5840715169906616, 0.3380242586135864, -0.10302042961120605, -2.568826675415039, 0.4125279188156128, 0.06293033063411713, 1.2223355770111084, -0.3797232210636139, -0.06700920313596725, -0.214850515127182, 0.9697860479354858, -2.8780646324157715, -0.13399659097194672, -0.17692647874355316, -1.006126880645752, -0.6197370290756226, 0.3218749463558197, -1.0301120281219482, 1.2442964315414429, -1.7732824087142944, -0.8598399758338928, -0.975120484828949, -1.9411401748657227, 0.6178197860717773, -0.8110703825950623, 0.5505079030990601, -0.9547089338302612, 0.3218126893043518, -0.03555888310074806, 1.2232060432434082, 0.41524171829223633, 1.4122462272644043, -0.345805823802948, 1.8363378047943115, 0.058795951306819916, 0.1626117080450058, -1.3857167959213257, 0.35145965218544006, 0.6116609573364258, -0.1480364352464676, -0.19224512577056885, 1.2293223142623901, 0.4523373544216156, -0.3760780096054077, -0.5169867277145386, 0.16449955105781555, 0.24150139093399048, -1.5128209590911865, -0.4546491205692291, -1.0291149616241455, 1.0096076726913452, -1.4891550540924072, -0.4073719084262848, 0.13318730890750885, 0.730412483215332, -1.1169050931930542, -0.3547401428222656, 1.198366641998291, -0.011521346867084503, -0.9894672632217407, -0.9012043476104736, 0.15828126668930054, -1.5825202465057373, 1.8336976766586304, -2.0583722591400146, -0.816663920879364, 0.9093109369277954, -0.20395533740520477, 0.7051085233688354, -1.9524974822998047, 0.9305790662765503, 2.0058541297912598, -0.644896388053894, -1.6460100412368774, 1.1765635013580322, -1.073439598083496, -0.8444235324859619, -0.2730082869529724, -1.4010523557662964, -0.6573321223258972, -0.1191546618938446, -1.9519844055175781, -1.614601731300354, 0.5721210241317749]",yunet,Facenet,1920,1080,/home/amos/media/tv/modern_family/Modern.Family.S09.1080p.DSNP.WEB-DL.DDP5.1.H.264-CRFW/Modern.Family.S09E21.The.Escape.1080p.DSNP.WEB-DL.DDP5.1.H.264-CRFW.mkv,Modern Family,2009,1442437,9,21,Kate Burton,20879.0,0.654
702,1380,258,1656,606,1542,396,1434,402,0.922,14640,0,"[1.3223627805709839, 1.0623321533203125, 1.087377667427063, -0.5004443526268005, 0.725683331489563, -0.11738541722297668, -0.5494880080223083, 1.774886131286621, 0.1981494426727295, -0.6159749031066895, 0.3729604184627533, 0.940217137336731, -0.03074602410197258, 0.4209214150905609, -0.47591719031333923, 0.3838197588920593, -0.05583028495311737, -0.2651132643222809, 1.3368475437164307, 1.2247320413589478, -0.8526033163070679, 0.4238147437572479, 1.7126357555389404, -0.13551494479179382, 0.5247248411178589, 2.1190366744995117, 2.1769096851348877, -0.5376896858215332, -0.33138084411621094, -0.6461930274963379, -1.5678622722625732, 0.7858544588088989, -2.0783703327178955, 1.1586076021194458, -1.4455039501190186, 0.31848523020744324, -0.33136773109436035, -0.8431437611579895, -0.2743562161922455, 0.6238304376602173, -0.26760685443878174, -0.20658265054225922, 0.29837238788604736, 2.1633756160736084, -0.8442500829696655, 0.2568459212779999, -0.3630211651325226, -2.6636903285980225, -0.1977355182170868, 0.5143517851829529, 0.8559394478797913, -0.42073431611061096, 0.4816962778568268, 0.44455814361572266, 1.155966877937317, -3.309783458709717, -0.05858885869383812, -0.35618850588798523, -1.1075223684310913, -0.3671630620956421, 0.13379010558128357, -1.4150387048721313, 1.9228557348251343, -1.7288438081741333, -1.2241491079330444, -1.2187265157699585, -1.8789591789245605, -0.26154619455337524, -1.4318398237228394, 1.0634020566940308, -1.1277841329574585, 1.3710256814956665, -0.7588697671890259, 1.1143348217010498, 1.1084940433502197, 1.323374629020691, -0.7788741588592529, 2.429680824279785, 1.4710172414779663, -0.1423475444316864, -0.8983963131904602, 1.3489640951156616, -0.035246506333351135, -0.9904381632804871, 0.08994561433792114, 0.8216695785522461, -0.5492756962776184, -1.007733702659607, -0.12484916299581528, -0.7885898947715759, 0.28350260853767395, -0.8341902494430542, -0.636108934879303, -1.2481181621551514, 1.0648856163024902, -1.1090000867843628, -0.7464227676391602, 0.019229263067245483, 0.8962621092796326, -2.1327688694000244, 0.3069148063659668, 0.04954630136489868, -0.02527223527431488, -0.021589260548353195, -0.12909568846225739, 0.0473044291138649, -1.2935935258865356, 2.0839040279388428, -2.300328493118286, -0.5824794173240662, 1.0128774642944336, 0.03045821189880371, 1.3047345876693726, -0.8463162183761597, 0.8680067658424377, 1.8237072229385376, -1.0513074398040771, -1.605158805847168, 1.1841551065444946, -0.9535282850265503, -0.16425831615924835, -0.7553139925003052, -1.0991263389587402, -0.6079226136207581, -0.058426037430763245, -1.8462798595428467, -1.3603774309158325, 0.165524423122406]",yunet,Facenet,1920,1080,/home/amos/media/tv/modern_family/Modern.Family.S09.1080p.DSNP.WEB-DL.DDP5.1.H.264-CRFW/Modern.Family.S09E21.The.Escape.1080p.DSNP.WEB-DL.DDP5.1.H.264-CRFW.mkv,Modern Family,2009,1442437,9,21,Kate Burton,20879.0,0.733
703,294,180,498,450,450,276,366,276,0.909,14640,1,"[-0.777114987373352, 1.4511711597442627, -0.23221415281295776, -0.2740899920463562, 0.20881842076778412, -1.4385422468185425, -1.49091637134552, 1.1912620067596436, -0.7842233180999756, -0.38050875067710876, -0.5166552662849426, 1.0004780292510986, 1.4376858472824097, -0.8697859048843384, 0.739140510559082, -0.04552631825208664, 0.2915903925895691, -0.7526541352272034, -1.2278494834899902, 0.1878422200679779, 0.690367579460144, 2.5155258178710938, -0.47776275873184204, 1.9139609336853027, -1.1326320171356201, -0.3654558062553406, -0.07907918095588684, 0.502640426158905, 1.7571176290512085, -0.8469277620315552, -0.5752431154251099, 0.028750993311405182, -0.35037684440612793, -0.6671923398971558, 0.8120093941688538, -0.9856775999069214, -0.30739569664001465, -1.647942304611206, -0.8455710411071777, -0.6769764423370361, -1.3024232387542725, -0.8056357502937317, -0.7205733060836792, -0.12076255679130554, -1.6826627254486084, -0.7851017117500305, 1.6449729204177856, -1.2302097082138062, 0.003673657774925232, 1.1652168035507202, -0.8519984483718872, 1.3252182006835938, 1.2436059713363647, -0.43260663747787476, -0.27457401156425476, 0.11381613463163376, 1.3384943008422852, -1.3175303936004639, -1.9575408697128296, -0.7522637844085693, -2.844449281692505, -1.0504348278045654, -0.7629516124725342, 0.6589217782020569, 0.558505117893219, 0.0952417179942131, 2.3720529079437256, 0.19837655127048492, -1.2592636346817017, 0.2235482931137085, 1.0033090114593506, 1.0383278131484985, 0.3197709619998932, 0.41353005170822144, 0.5226619243621826, -0.5794188976287842, -0.17651399970054626, -0.12551814317703247, -1.4640001058578491, -1.5954477787017822, -0.3958289325237274, -0.2557113766670227, -0.29386571049690247, 0.13705462217330933, 2.9883453845977783, 1.2178646326065063, -1.5045942068099976, -0.7107017040252686, -0.3724188804626465, 0.011175482533872128, 1.3941956758499146, 0.32777032256126404, -0.3757418096065521, -0.9397720098495483, 0.8080174922943115, 1.0255231857299805, 0.3317053020000458, 1.2652136087417603, 0.9070843458175659, -3.400463819503784, 0.1747148633003235, 0.4786902070045471, 1.0169527530670166, -0.44980865716934204, 0.14362481236457825, 0.32415539026260376, 0.33023133873939514, 0.9730490446090698, 1.5054997205734253, 0.32709622383117676, -1.7327033281326294, 1.7271581888198853, 0.914671778678894, 0.8653758764266968, 0.43368348479270935, -1.0411893129348755, 0.889283299446106, -0.5295228362083435, 0.6804680228233337, 0.3300243020057678, 0.8983346223831177, -1.503515362739563, -0.21476097404956818, -0.8212812542915344, 1.542128086090088, -1.0228936672210693, -0.442056804895401, 0.556890070438385]",yunet,Facenet,1920,1080,/home/amos/media/tv/modern_family/Modern.Family.S09.1080p.DSNP.WEB-DL.DDP5.1.H.264-CRFW/Modern.Family.S09E21.The.Escape.1080p.DSNP.WEB-DL.DDP5.1.H.264-CRFW.mkv,Modern Family,2009,1442437,9,21,Jim Piddock,120560.0,0.627
704,330,210,558,522,516,336,456,342,0.908,14664,0,"[-0.1574183851480484, -1.5129504203796387, -1.5251388549804688, -0.7589763402938843, -0.18390488624572754, 0.7582281827926636, -0.49664512276649475, 0.061308354139328, 1.3028982877731323, -0.5074710845947266, 1.1850978136062622, 0.04416925460100174, -0.8368765115737915, -1.1676595211029053, -0.3752037286758423, -0.06560155749320984, -0.4078778028488159, -0.6962329149246216, -0.5033552646636963, 0.10479222238063812, 0.5886170864105225, -0.6914799809455872, 0.8424661755561829, -1.0488700866699219, 0.6173809766769409, 0.6678434610366821, 0.8725287914276123, -0.628205418586731, 0.7148977518081665, -0.17816220223903656, -1.3115578889846802, 0.3765883445739746, -0.5431147813796997, 0.23011839389801025, -0.10166607052087784, 1.4966990947723389, -0.9848238825798035, 0.282830148935318, 0.08100232481956482, -0.8688946962356567, 0.8026052713394165, 1.1683783531188965, -2.336939573287964, -0.6293657422065735, 1.3256527185440063, -2.2503468990325928, 0.8197230100631714, 1.1046453714370728, 1.3666417598724365, -0.9360148906707764, 0.8336542844772339, -0.513060450553894, -1.7963038682937622, -0.9685264229774475, -0.18920427560806274, 0.0020324280485510826, 1.336501121520996, 1.9400488138198853, 0.059985242784023285, 0.5241881608963013, 1.1940921545028687, -1.7581472396850586, -0.102617546916008, 0.31496524810791016, 1.6995011568069458, 0.7166315913200378, -0.031025774776935577, 1.4331778287887573, 0.02096359059214592, -1.4952069520950317, -1.3504810333251953, 0.8934297561645508, -2.404040813446045, 1.1874879598617554, 1.7890026569366455, -0.844214677810669, -0.2984233796596527, 1.2470735311508179, -1.186885952949524, 0.14815694093704224, -4.041293144226074, 0.5158621072769165, 1.120943307876587, -0.38753703236579895, -2.053684711456299, 0.2851603329181671, 1.0327479839324951, -0.5346762537956238, -0.9211931228637695, -1.388291358947754, 0.292292058467865, -0.32983875274658203, 0.9299721121788025, 0.20203897356987, 0.6031619906425476, 0.09293873608112335, -1.4407931566238403, -0.5634620189666748, 0.14217346906661987, 1.0001392364501953, -0.4025169610977173, -0.20892983675003052, -0.7742277979850769, 0.5843279361724854, 0.2442048192024231, 0.34483593702316284, -0.17231914401054382, -0.18513968586921692, 0.6219141483306885, -0.3123306334018707, 0.5876036286354065, -1.18735933303833, 0.4652617275714874, -0.3169982433319092, 1.1495556831359863, 2.589446783065796, 0.5893296003341675, 0.616897463798523, -0.49665364623069763, 1.0022392272949219, -0.1822037696838379, 1.8948168754577637, 0.17767244577407837, -0.48257139325141907, -0.9454977512359619, -0.44270867109298706, -1.8639329671859741, -1.146525263786316]",yunet,Facenet,1920,1080,/home/amos/media/tv/modern_family/Modern.Family.S09.1080p.DSNP.WEB-DL.DDP5.1.H.264-CRFW/Modern.Family.S09E21.The.Escape.1080p.DSNP.WEB-DL.DDP5.1.H.264-CRFW.mkv,Modern Family,2009,1442437,9,21,Chris Geere,62879.0,0.512
705,324,234,552,546,522,360,462,360,0.903,14688,0,"[-0.482855886220932, -1.5071263313293457, -1.1561158895492554, -0.8119562268257141, 1.2507548332214355, 1.441921353340149, 0.8165302276611328, 1.1722265481948853, 1.9516428709030151, -1.0652313232421875, 1.1924535036087036, -0.18379516899585724, -0.1570248156785965, -0.9253631830215454, 0.1603207290172577, 0.061661139130592346, -1.3189550638198853, 0.1318902224302292, 0.6305960416793823, 0.18546459078788757, 0.4696945250034332, -0.3870677947998047, -0.5882043838500977, -1.0928367376327515, -0.33088216185569763, 0.754626989364624, 0.5258356332778931, -1.8788442611694336, -0.7644040584564209, -0.2704574167728424, -0.8508955240249634, 0.1320045292377472, 0.31553083658218384, -0.902079701423645, -0.33021149039268494, 1.7717716693878174, -0.8865094780921936, 0.157922625541687, 0.7994639277458191, -0.7572420835494995, 1.926590919494629, 1.3705041408538818, -1.9688900709152222, -1.2704013586044312, 0.6666292548179626, -1.5260531902313232, 0.2975766956806183, 1.2549067735671997, 1.0715628862380981, -0.3588034212589264, -0.0525108203291893, 0.35303521156311035, -1.6451793909072876, -0.30614131689071655, 0.3899202346801758, -0.7751885652542114, 1.3167462348937988, 1.1682559251785278, -0.005234133452177048, 0.5087451934814453, 0.8556464910507202, -1.536217212677002, 0.5628326535224915, 0.09199889004230499, 2.2784605026245117, -0.20070986449718475, 0.0485205352306366, 1.1491320133209229, -0.09074370563030243, -0.4780927896499634, -0.8833523988723755, 0.976351261138916, -3.018996477127075, 1.1438673734664917, 0.5693897604942322, -1.5810043811798096, -1.4387657642364502, 0.9637396931648254, -1.3103388547897339, 1.4748133420944214, -3.148681402206421, -0.7803435325622559, 1.30462646484375, -0.9537937641143799, -1.1496731042861938, 0.6918644905090332, 1.0015307664871216, 1.0028260946273804, -0.9166162014007568, -1.0406694412231445, 0.5949875712394714, 0.680976390838623, 0.9667693376541138, 0.5358608365058899, -0.9059435129165649, 0.05343341454863548, -1.3525539636611938, -0.6750278472900391, -0.2543439269065857, 1.547505497932434, -0.7599209547042847, -0.4825562536716461, -0.6778061985969543, -0.06993941962718964, 0.07886477559804916, -0.16597875952720642, -0.4734119474887848, -0.5271304845809937, 0.646984338760376, 0.9601295590400696, 0.058113858103752136, -1.66787850856781, 0.6020047664642334, -0.32095929980278015, 0.49755972623825073, 1.0314446687698364, 0.5056393146514893, 0.7672218084335327, 1.0762419700622559, 0.5178426504135132, -1.44347083568573, 2.3817121982574463, 0.3488531708717346, -0.003314739326015115, -0.7376997470855713, -0.40848568081855774, -2.016388416290283, -0.30099475383758545]",yunet,Facenet,1920,1080,/home/amos/media/tv/modern_family/Modern.Family.S09.1080p.DSNP.WEB-DL.DDP5.1.H.264-CRFW/Modern.Family.S09E21.The.Escape.1080p.DSNP.WEB-DL.DDP5.1.H.264-CRFW.mkv,Modern Family,2009,1442437,9,21,Chris Geere,62879.0,0.568
706,294,228,528,546,492,366,438,366,0.908,14712,0,"[0.01387099176645279, -1.9837965965270996, -1.2529268264770508, -0.4193028509616852, 0.5975816249847412, 0.8825602531433105, 0.05094454810023308, 0.597131073474884, 1.4364253282546997, -0.6703723669052124, 0.7739359140396118, -1.0754411220550537, -1.0180981159210205, -0.13349846005439758, 0.010388083755970001, 0.4412931203842163, -1.179530382156372, -0.002649948000907898, 0.5925714373588562, 1.1430268287658691, 0.5576869249343872, -0.22956861555576324, 0.7001484036445618, -0.1613767445087433, 0.5055002570152283, 0.23843249678611755, 0.9082791805267334, -1.841481328010559, -0.14696037769317627, -0.09825204312801361, -1.0673614740371704, 0.7617112398147583, -0.8837228417396545, 1.644970417022705, -1.1645195484161377, 1.453668236732483, -0.8447777628898621, 0.6152485013008118, 0.7525734305381775, -0.9488697052001953, 1.1209943294525146, 1.0276864767074585, -0.7095919847488403, -0.6376095414161682, 0.5080128312110901, -1.2416383028030396, 0.08933572471141815, 0.8992156982421875, 0.7312046885490417, -0.20743204653263092, 0.11647757142782211, 0.19872798025608063, -1.2414889335632324, -0.4626518487930298, 0.08550061285495758, -1.3908981084823608, 0.6774290800094604, 2.0998589992523193, -0.6552950143814087, 1.14276921749115, 1.252791166305542, -0.2704997956752777, -1.2263538837432861, 1.3172870874404907, 1.9635038375854492, 0.38646823167800903, 0.4387548863887787, 0.4853075444698334, -0.26893284916877747, -0.5697909593582153, 0.020469725131988525, 0.11743921041488647, -1.7764517068862915, 2.229830503463745, 0.9605140686035156, -0.3754466474056244, -0.8630077838897705, 0.6062836647033691, -0.9636650085449219, 1.0961191654205322, -2.867111921310425, 0.7453253269195557, 1.7357847690582275, 0.009157439693808556, -1.0939162969589233, 0.23368459939956665, 1.3602635860443115, 0.11232154071331024, -1.369379997253418, -2.0833168029785156, 0.39319363236427307, 0.8527088165283203, 0.11054939031600952, 1.0352340936660767, 0.38671860098838806, -0.3109765350818634, -2.3996479511260986, -0.15438419580459595, -0.8730491995811462, 0.7733409404754639, -0.6814278364181519, -1.4840751886367798, -2.0244717597961426, 0.16439692676067352, -0.2155822515487671, -0.8153226375579834, 0.4012207090854645, -0.6984999179840088, -0.05882157385349274, -0.7313937544822693, 0.4517667889595032, -1.918466567993164, 1.1335283517837524, -0.4158940613269806, 0.2186112403869629, 1.3666516542434692, 0.7486402988433838, 0.7212571501731873, -0.5692409873008728, 1.685880422592163, -0.17486076056957245, 1.8420761823654175, -0.05268695950508118, -0.5114194750785828, -1.2214772701263428, -0.49699148535728455, -0.9523060321807861, -0.7645954489707947]",yunet,Facenet,1920,1080,/home/amos/media/tv/modern_family/Modern.Family.S09.1080p.DSNP.WEB-DL.DDP5.1.H.264-CRFW/Modern.Family.S09E21.The.Escape.1080p.DSNP.WEB-DL.DDP5.1.H.264-CRFW.mkv,Modern Family,2009,1442437,9,21,Chris Geere,62879.0,0.572
707,1164,312,1350,552,1320,408,1230,408,0.908,14712,1,"[-0.39240598678588867, -1.2499240636825562, 0.5986306667327881, 1.5747270584106445, 1.9653708934783936, 0.9908421039581299, 0.3245229423046112, -3.357501268386841, 0.12263267487287521, 2.4904496669769287, -2.3329997062683105, 1.199292778968811, 0.5604737401008606, -0.2726268768310547, -0.12608680129051208, -0.3608909845352173, -0.5590771436691284, -1.170983076095581, 0.8441899418830872, -1.044921875, -0.05805487185716629, -1.5051440000534058, 0.39499273896217346, 0.553774893283844, -1.0069538354873657, -0.6396771669387817, 1.4350813627243042, -1.5033835172653198, 1.5644915103912354, 2.52675461769104, -0.34190669655799866, -2.0665619373321533, -1.4832391738891602, 0.15698525309562683, -0.575395405292511, -0.10505986213684082, -1.1735886335372925, 1.2869906425476074, -0.4141031503677368, -0.8979086875915527, 2.6233696937561035, -0.43155762553215027, -0.8051915168762207, 2.512238025665283, -0.6911553740501404, -0.2976452112197876, 0.48202863335609436, 0.5720529556274414, -0.13878145813941956, -0.6550742387771606, -1.818924903869629, 1.6069259643554688, 0.2684314250946045, -0.28402525186538696, -0.32920122146606445, 0.5923493504524231, 1.0031553506851196, -1.2786086797714233, 1.6087247133255005, 1.6556625366210938, -0.5020782947540283, -0.7272911071777344, -0.33022230863571167, -0.5157879590988159, -0.9260414242744446, 1.9347550868988037, -0.16546568274497986, 0.30228909850120544, -0.07621468603610992, 0.7394416332244873, -0.462335467338562, 0.2972904443740845, -0.07266011834144592, 1.1816610097885132, 0.9326920509338379, 1.072438359260559, -0.1945083737373352, -0.6265987157821655, -1.0080132484436035, -0.8358805775642395, -1.353657841682434, 0.2269778847694397, 0.3637080192565918, 1.0807876586914062, 0.30702102184295654, -0.6080784797668457, 0.6111529469490051, 0.31330835819244385, -0.6051212549209595, 0.39267534017562866, -1.1892974376678467, 0.533024787902832, 2.0941717624664307, 0.183185875415802, 1.1229116916656494, -0.056256841868162155, 0.2554083466529846, 0.1673468053340912, -0.4441823363304138, -0.1271689534187317, 0.08162370324134827, -0.7981702089309692, -1.6801517009735107, 0.6724340915679932, 1.222621202468872, 0.24511472880840302, -0.529517650604248, 0.17648950219154358, 0.5621615648269653, -1.5613768100738525, 1.3433727025985718, 0.6626154780387878, -0.7840093374252319, 0.003277430310845375, -0.6102774143218994, 0.057379767298698425, -0.9673522710800171, 0.8768260478973389, -0.7463997006416321, 1.084492802619934, 2.6253483295440674, -0.8318198919296265, -0.538801908493042, -1.323378562927246, -0.7853901386260986, 0.675692081451416, 1.8664876222610474, -0.08334162831306458]",yunet,Facenet,1920,1080,/home/amos/media/tv/modern_family/Modern.Family.S09.1080p.DSNP.WEB-DL.DDP5.1.H.264-CRFW/Modern.Family.S09E21.The.Escape.1080p.DSNP.WEB-DL.DDP5.1.H.264-CRFW.mkv,Modern Family,2009,1442437,9,21,Sarah Hyland,91351.0,0.585
708,312,240,546,564,504,378,462,378,0.911,14736,0,"[0.725426435470581, -1.2697566747665405, -1.6320819854736328, -1.0573309659957886, 1.0698931217193604, 1.3623048067092896, 0.06961798667907715, 1.103379487991333, 1.1467339992523193, -0.7336345314979553, 1.098512053489685, -0.514801025390625, -1.245625615119934, -0.7038309574127197, 0.3166692852973938, 0.35123151540756226, -0.9774507284164429, -0.19983497262001038, 0.5647593140602112, 0.3780558407306671, 1.0487152338027954, -0.5265829563140869, 0.8710971474647522, -0.9985753297805786, 0.024792484939098358, -0.25803831219673157, 0.3379479646682739, -1.804283857345581, -0.31910961866378784, 0.7098100185394287, -1.1184948682785034, 0.698503315448761, -1.3063198328018188, 1.2069199085235596, -0.26508593559265137, 1.8001881837844849, -0.8800424337387085, 0.027296315878629684, 0.24479776620864868, -1.1781842708587646, 1.5043038129806519, 1.116769552230835, -1.3910799026489258, -0.7642697095870972, 0.9031454920768738, -1.5461148023605347, 0.8594262003898621, 1.1708502769470215, 0.04166173189878464, 0.13944195210933685, -0.40199822187423706, 0.312059611082077, -1.0159037113189697, 0.4629170894622803, -0.36179476976394653, -0.9223783612251282, 0.0890740305185318, 1.2654892206192017, -0.7043841481208801, 0.6904876828193665, 0.9531540274620056, -0.7627394795417786, -0.06508729606866837, 0.6144826412200928, 1.922687292098999, -0.18048317730426788, 0.038048163056373596, 0.8558273911476135, -0.6936466693878174, -0.4904991090297699, 0.28261813521385193, 1.1530860662460327, -2.445158004760742, 2.10858416557312, 0.937423050403595, -0.6490421891212463, -0.6319626569747925, 1.0322951078414917, -1.1758421659469604, 0.550175666809082, -3.316579818725586, 0.33345159888267517, 1.189500331878662, -0.672192394733429, -0.31723183393478394, -0.49112385511398315, 1.3015106916427612, -0.7577007412910461, -0.16487635672092438, -2.1373038291931152, -0.4526362121105194, 0.7535247802734375, 0.2017916738986969, 1.0674097537994385, 0.3458767533302307, 0.08224005997180939, -1.729312539100647, -0.6859005689620972, -0.3438301384449005, 1.1990230083465576, -0.2175857573747635, -0.5888099670410156, -1.5951005220413208, -0.12234137952327728, 0.00036031752824783325, 0.27210259437561035, 0.10698193311691284, -0.28338393568992615, 0.4247635006904602, 0.09580571949481964, 0.15652136504650116, -1.1656527519226074, 0.9692437648773193, -0.9531511664390564, 0.2793921232223511, 1.6322556734085083, 0.4707971215248108, 0.4308489263057709, -1.0956544876098633, 0.5401961803436279, -0.3915713429450989, 2.264585256576538, 0.7955682277679443, -0.3458513021469116, -1.0846874713897705, -0.2961615025997162, -2.0206429958343506, -1.0438646078109741]",yunet,Facenet,1920,1080,/home/amos/media/tv/modern_family/Modern.Family.S09.1080p.DSNP.WEB-DL.DDP5.1.H.264-CRFW/Modern.Family.S09E21.The.Escape.1080p.DSNP.WEB-DL.DDP5.1.H.264-CRFW.mkv,Modern Family,2009,1442437,9,21,Chris Geere,62879.0,0.632
709,1152,300,1338,540,1308,390,1218,396,0.902,14736,1,"[-0.9938162565231323, -1.5845192670822144, 0.14850273728370667, 1.5841087102890015, 2.5941879749298096, 1.1367697715759277, 0.02957579866051674, -2.1636548042297363, 0.783753514289856, 3.0751726627349854, -1.5384734869003296, 1.899167537689209, 0.0370466485619545, -0.6766071319580078, -0.8462251424789429, 0.5007246136665344, 0.016447868198156357, -1.220623254776001, 0.345431387424469, -0.8057225942611694, 0.06061236560344696, -1.2648417949676514, 0.18397513031959534, 0.032515957951545715, -1.1643810272216797, -0.8936850428581238, 0.9955363273620605, -1.2590937614440918, 1.1416555643081665, 1.9844441413879395, 0.34053879976272583, -2.121490240097046, -0.9693759679794312, -1.2509510517120361, -0.2719365358352661, 0.026847243309020996, -1.501585841178894, 2.101808547973633, -0.34383171796798706, -1.258628487586975, 1.9364359378814697, -0.310551255941391, -0.9788161516189575, 2.4350507259368896, -0.2970488667488098, -0.7680062651634216, 0.2517862021923065, 0.6715035438537598, -0.13237158954143524, 0.0890931561589241, -1.759824514389038, 1.673161268234253, 0.7483146786689758, -0.4254567623138428, 0.06891819834709167, -0.011266692541539669, 0.5430281162261963, -1.5104883909225464, 2.0807604789733887, 1.3704299926757812, -0.5356103777885437, -0.2107483148574829, -0.5832076072692871, -1.129753589630127, -0.18592104315757751, 1.485239863395691, -0.23300659656524658, 0.7427140474319458, -0.39006733894348145, 0.7423200607299805, -1.5147483348846436, 0.44847241044044495, -1.0014305114746094, 1.277019739151001, 0.3362942039966583, 0.9035689234733582, -0.4872700572013855, -0.6844038963317871, -0.4025346040725708, -0.8661368489265442, -1.120583176612854, -0.48660990595817566, 0.10779248923063278, 0.7176254987716675, -0.46440431475639343, -0.8373973369598389, 0.373127281665802, 0.47735023498535156, -0.655665397644043, 0.5576152205467224, -1.0213853120803833, 0.5414390563964844, 1.4702956676483154, 0.058746952563524246, 0.8662294149398804, -0.31176626682281494, 0.30357763171195984, 0.29652929306030273, -0.1901339888572693, 0.10725817829370499, 0.1317988932132721, -0.971425473690033, -2.4703755378723145, -0.03604720160365105, 1.2774860858917236, 0.5168530344963074, -0.04987265542149544, -0.18488454818725586, 0.9256314635276794, -0.6803491711616516, 1.417019248008728, 0.9696158766746521, -0.07089608907699585, -0.04647037386894226, -0.7961740493774414, -0.03551148250699043, -1.1470091342926025, 0.4582451581954956, -0.8685898780822754, 0.656971275806427, 2.2618141174316406, -1.0972011089324951, -0.9948335886001587, -0.4040941298007965, 0.04850798845291138, 0.01810178905725479, 1.879809856414795, -0.7274388670921326]",yunet,Facenet,1920,1080,/home/amos/media/tv/modern_family/Modern.Family.S09.1080p.DSNP.WEB-DL.DDP5.1.H.264-CRFW/Modern.Family.S09E21.The.Escape.1080p.DSNP.WEB-DL.DDP5.1.H.264-CRFW.mkv,Modern Family,2009,1442437,9,21,Sarah Hyland,91351.0,0.599
710,1182,300,1374,534,1326,384,1236,384,0.928,14760,0,"[-1.1274182796478271, -1.4678875207901, -0.2415931075811386, 2.3659584522247314, 2.1778862476348877, 0.41603654623031616, 0.3617873787879944, -1.0005345344543457, 0.11529173702001572, 3.8181211948394775, -0.9636499285697937, 1.4176827669143677, 0.08906175196170807, -0.6537227630615234, -1.474947214126587, 1.0739811658859253, 0.0373508483171463, -1.371842622756958, -1.0152283906936646, -0.216949462890625, 0.6279175281524658, -0.40979039669036865, 0.22084856033325195, 0.22620850801467896, 0.10361148416996002, 0.34279346466064453, 1.9059025049209595, -0.29043465852737427, 1.832126259803772, 1.2207390069961548, 0.3863199055194855, -1.3469228744506836, -1.0574108362197876, -1.8383418321609497, 0.2800010144710541, -1.0969760417938232, -2.171066999435425, 2.3751792907714844, -0.6364607214927673, -0.6701023578643799, 0.3243127465248108, -0.33641910552978516, 0.3185129165649414, 1.8487664461135864, 0.06809809803962708, -0.17953844368457794, 0.27591416239738464, 0.9931443929672241, -0.3273024559020996, 0.597642183303833, -1.8589956760406494, 2.948979377746582, 1.8679568767547607, -0.17160171270370483, 0.39591771364212036, -0.14612466096878052, 0.729731023311615, -0.35146254301071167, 1.9251142740249634, 0.7341623902320862, -0.4020234942436218, 0.28709787130355835, -0.6133863925933838, -0.31671226024627686, -0.22156712412834167, 1.1116993427276611, -0.35089847445487976, -0.17536503076553345, -0.740956723690033, 0.24106568098068237, -0.9766160845756531, -0.32922059297561646, -0.29538461565971375, 1.9059191942214966, -0.007561221718788147, -0.17995114624500275, 0.43663421273231506, 0.2780735492706299, 0.46239805221557617, -0.508831262588501, -0.6204059720039368, -0.6487160921096802, 0.6021466851234436, 0.5319086909294128, -0.577759325504303, 0.2056523859500885, -0.15402540564537048, -0.5456474423408508, 0.13246507942676544, -0.21570506691932678, -1.3667773008346558, 0.6921834945678711, 1.376978874206543, 0.6392166614532471, 2.226789951324463, 0.005136854946613312, 0.2779357433319092, 0.12191390991210938, -0.4498901963233948, -1.1890640258789062, 0.0900275856256485, -0.8477596640586853, -1.7464675903320312, 0.7430663704872131, 0.9457213282585144, 0.3549143671989441, 0.5828762650489807, 0.5150707960128784, 1.1375466585159302, -0.13754023611545563, 1.8518853187561035, 0.8999280333518982, 0.9246097803115845, 1.3521392345428467, -0.8785693645477295, 0.14617832005023956, -1.1765130758285522, 0.7214251160621643, -1.1382410526275635, -0.38795170187950134, 2.6700496673583984, -1.135644793510437, -2.067798614501953, -0.5718890428543091, -0.704733669757843, 1.0638407468795776, 2.519073486328125, -1.64180588722229]",yunet,Facenet,1920,1080,/home/amos/media/tv/modern_family/Modern.Family.S09.1080p.DSNP.WEB-DL.DDP5.1.H.264-CRFW/Modern.Family.S09E21.The.Escape.1080p.DSNP.WEB-DL.DDP5.1.H.264-CRFW.mkv,Modern Family,2009,1442437,9,21,Sarah Hyland,91351.0,0.665
711,378,264,612,582,588,402,534,390,0.906,14760,1,"[0.4600023329257965, -1.0814363956451416, -1.420363426208496, -1.1175901889801025, 1.8261878490447998, 0.8885678648948669, -0.03980050981044769, 0.6850951910018921, 1.664469599723816, -1.4823640584945679, 1.2026615142822266, -0.11634110659360886, -1.211379051208496, -0.7764390707015991, 0.34673064947128296, -0.29802072048187256, -0.32970067858695984, -0.40444546937942505, 0.5856770277023315, 0.3112754821777344, 0.6584609746932983, -0.613632082939148, 0.7512431144714355, -0.836661696434021, -0.23522460460662842, 0.22518083453178406, 0.6047533750534058, -2.3079476356506348, 0.06546730548143387, 0.17555737495422363, -1.4239932298660278, 0.8101041316986084, -1.2966903448104858, 0.5709214806556702, -0.31189408898353577, 1.9249083995819092, -0.8123462200164795, 0.43225929141044617, 0.30114877223968506, -1.247164249420166, 1.34504234790802, 0.9728394150733948, -2.0153520107269287, -0.6485782265663147, 0.3861609995365143, -1.4675856828689575, 0.3208303153514862, 1.0235106945037842, 0.1133294552564621, 0.7071597576141357, -0.2152399867773056, 0.45189952850341797, -0.8219114542007446, -0.3243834376335144, 0.34839367866516113, -1.0186676979064941, 0.8855323791503906, 0.9484391808509827, -0.550952672958374, 0.7375838160514832, 0.6310601234436035, -1.5389580726623535, -0.028900325298309326, 0.713542640209198, 1.4908040761947632, 0.30511412024497986, 0.10996579378843307, 0.5702782869338989, -0.3427715599536896, -0.5907882452011108, -0.22309646010398865, 0.804205060005188, -3.059110403060913, 2.301990509033203, 1.0489851236343384, -0.5839712619781494, -1.143733263015747, 0.4883933961391449, -1.6950784921646118, -0.10231728106737137, -3.368774890899658, 0.9044687747955322, 0.6855307221412659, -0.7310585379600525, -0.14774245023727417, -0.02384272590279579, 1.3190964460372925, -0.4840632677078247, -0.950559139251709, -1.7881618738174438, -0.6393556594848633, 0.7991571426391602, 0.6612489223480225, 0.38477739691734314, 0.2212837040424347, 0.14253683388233185, -1.6198781728744507, -0.25652453303337097, -0.7426353096961975, 0.5425373315811157, -0.6080854535102844, -1.2488545179367065, -1.4014776945114136, -0.2510673701763153, 0.26685672998428345, 0.05267082154750824, 0.3444150388240814, -0.18441453576087952, 0.8985245823860168, -0.34104838967323303, 0.0733880028128624, -1.181134581565857, 1.1332210302352905, -0.6922636032104492, 0.21379096806049347, 1.5539257526397705, 0.3565199673175812, 0.24742256104946136, -0.41451743245124817, 1.3036516904830933, -0.606968104839325, 1.8545478582382202, 0.5729132890701294, -1.0703022480010986, -1.05219304561615, 0.04126942902803421, -2.000441789627075, -0.9181954264640808]",yunet,Facenet,1920,1080,/home/amos/media/tv/modern_family/Modern.Family.S09.1080p.DSNP.WEB-DL.DDP5.1.H.264-CRFW/Modern.Family.S09E21.The.Escape.1080p.DSNP.WEB-DL.DDP5.1.H.264-CRFW.mkv,Modern Family,2009,1442437,9,21,Chris Geere,62879.0,0.676
712,396,258,624,594,588,396,552,396,0.918,14784,0,"[0.6039316654205322, -1.828625202178955, -1.3217427730560303, -1.2547096014022827, 1.119608998298645, 0.9101380705833435, -0.8774557709693909, 1.6115962266921997, 0.8127411603927612, -0.5920366644859314, 1.0703645944595337, -1.087773323059082, -0.1673395335674286, 0.007085636258125305, 0.5494053363800049, -0.23242171108722687, -0.3184201717376709, -1.1831942796707153, 0.9088854193687439, 0.3719820976257324, -0.006311669945716858, 0.12647473812103271, 1.653648018836975, -0.9553084373474121, 0.6132379174232483, -1.2278894186019897, 1.2051879167556763, -1.0735241174697876, -0.5314162969589233, -0.2013431042432785, -1.541452407836914, 0.7734866738319397, -0.9181076288223267, 1.252736210823059, -0.8121616840362549, 1.8052173852920532, -0.47765281796455383, 0.9258344173431396, 0.5457998514175415, -1.2197843790054321, 0.7961717247962952, -0.051135867834091187, -1.799405813217163, -0.8641054034233093, 0.5124258399009705, -1.2774959802627563, 0.1589299738407135, 0.24892964959144592, 0.8640958666801453, 0.2550429105758667, -0.7460492253303528, 1.227986216545105, -1.2659856081008911, -0.14140751957893372, -0.27179256081581116, -1.7396241426467896, -0.7788470387458801, 1.433590054512024, -1.316818118095398, 0.21294718980789185, 0.9393325448036194, -1.0261253118515015, -0.4612199664115906, 0.4030725955963135, 1.1769583225250244, -0.7247893810272217, -0.3462980091571808, 0.09327606111764908, -0.8836491703987122, -1.1549690961837769, -0.5790044665336609, 0.016164511442184448, -2.2923436164855957, 1.2448365688323975, 1.3334928750991821, -0.09457601606845856, -1.109640121459961, 0.5319792628288269, -0.4631361663341522, 0.6014326810836792, -2.0738134384155273, 1.899977207183838, 1.5067802667617798, 0.19367969036102295, -0.5601734519004822, 0.4125666916370392, 1.0547484159469604, -0.29514580965042114, -1.3341758251190186, -2.1139233112335205, -0.07248999923467636, 0.6395885348320007, 0.01917218789458275, 0.4471572935581207, 1.2312607765197754, 0.4766503572463989, -2.366180181503296, -0.13140791654586792, -0.31441977620124817, 1.1178815364837646, -0.5795642733573914, -0.43044161796569824, -1.496492624282837, -0.05348604917526245, -0.5483882427215576, 0.5815884470939636, 0.8542213439941406, 0.15221834182739258, 0.32362043857574463, -1.5559208393096924, -0.3906468152999878, -1.7672512531280518, 0.6217374801635742, -1.3012027740478516, 0.6575301289558411, 1.307361364364624, 0.6725846529006958, 0.08636806905269623, -1.1545689105987549, 1.030808925628662, -0.6693505048751831, 1.7742376327514648, -0.09499919414520264, -0.4010072946548462, -0.7763096690177917, 0.10082120448350906, -1.7519018650054932, -0.1620388627052307]",yunet,Facenet,1920,1080,/home/amos/media/tv/modern_family/Modern.Family.S09.1080p.DSNP.WEB-DL.DDP5.1.H.264-CRFW/Modern.Family.S09E21.The.Escape.1080p.DSNP.WEB-DL.DDP5.1.H.264-CRFW.mkv,Modern Family,2009,1442437,9,21,Chris Geere,62879.0,0.623
713,402,234,642,576,600,378,570,378,0.907,14808,0,"[0.7320429086685181, -1.6584219932556152, -1.0482555627822876, -1.1826543807983398, 1.0117194652557373, 1.1225205659866333, -0.3891233503818512, 1.400899887084961, 0.8061955571174622, -0.716917097568512, 1.0406769514083862, -1.220452070236206, -0.38977575302124023, -0.1481088548898697, 0.525467038154602, -0.2238674908876419, -0.5462297201156616, -0.7879599332809448, 1.03368079662323, 0.9637624025344849, 0.2667676508426666, 0.5916882753372192, 1.3373886346817017, -1.0130146741867065, 0.45911917090415955, -0.8223838806152344, 0.8344255685806274, -1.5079649686813354, -0.18489302694797516, 0.21390946209430695, -1.173197627067566, 0.5418761968612671, -0.9429348111152649, 1.2362878322601318, -0.8522480726242065, 1.7868050336837769, -0.15058335661888123, 0.8039546608924866, 0.6629530787467957, -1.2451622486114502, 0.8048457503318787, 0.24648311734199524, -2.0338308811187744, -1.0997761487960815, 0.5771963000297546, -1.1460151672363281, 0.09496434032917023, 0.6790741682052612, 0.489138662815094, 0.42482537031173706, -0.48479676246643066, 0.9334105849266052, -1.2817790508270264, 0.20332001149654388, -0.8563739061355591, -1.605247974395752, -0.4843582808971405, 1.4069852828979492, -1.518794298171997, 0.14006826281547546, 0.8921927809715271, -1.068626046180725, -0.5093934535980225, 0.34892213344573975, 1.0545848608016968, -0.5991679430007935, 0.15258938074111938, -0.01841118186712265, -0.960986316204071, -0.9464867115020752, -0.15535227954387665, 0.10350681841373444, -2.0732600688934326, 1.2996580600738525, 1.1603021621704102, -0.2801347076892853, -0.8811991214752197, 0.5327799916267395, -0.8716813325881958, 1.1526256799697876, -2.7371010780334473, 1.3318883180618286, 1.4360392093658447, 0.2173408567905426, -0.3341487646102905, 0.5471705198287964, 1.4458963871002197, -0.24754813313484192, -0.6676186323165894, -2.112514019012451, -0.2249201536178589, 0.917772650718689, 0.07547266781330109, 0.8023975491523743, 0.9237937331199646, 0.10441906750202179, -1.9594463109970093, -0.5184424519538879, -0.25020653009414673, 0.7429934740066528, -0.14322751760482788, -0.15493637323379517, -1.2749037742614746, -0.20679871737957, -0.3957562744617462, 0.7820032835006714, 0.6547791361808777, -0.19474032521247864, 0.7899640202522278, -1.1117838621139526, -0.38779425621032715, -1.8854504823684692, 0.5625666379928589, -1.2417585849761963, 0.832999587059021, 1.305296778678894, 0.39066779613494873, 0.18840381503105164, -1.277860403060913, 0.7882158160209656, -0.8985715508460999, 2.212019443511963, -0.15530462563037872, -0.41221022605895996, -0.8636202216148376, 0.2074509561061859, -2.0422918796539307, -0.1289585679769516]",yunet,Facenet,1920,1080,/home/amos/media/tv/modern_family/Modern.Family.S09.1080p.DSNP.WEB-DL.DDP5.1.H.264-CRFW/Modern.Family.S09E21.The.Escape.1080p.DSNP.WEB-DL.DDP5.1.H.264-CRFW.mkv,Modern Family,2009,1442437,9,21,Chris Geere,62879.0,0.587
714,1572,204,1758,480,1614,318,1596,318,0.917,14832,0,"[1.0183594226837158, 0.02003806084394455, 1.2795114517211914, -0.6255240440368652, 0.6979070901870728, -1.193760633468628, -0.5155624151229858, 1.8726552724838257, 0.4701246917247772, -1.989031434059143, 0.8887476325035095, 0.25000426173210144, -0.3561633229255676, 0.6563214063644409, -1.364181637763977, 0.5113340616226196, 0.2040618360042572, -0.6432466506958008, 0.5401612520217896, 2.002502202987671, -1.3199462890625, 1.2213140726089478, -0.24296000599861145, 0.9366413950920105, 0.1990981101989746, 1.4694633483886719, 3.234917163848877, -1.6278634071350098, -0.8521393537521362, -0.05184011906385422, 0.3318724036216736, 1.002020239830017, -0.709719181060791, 1.712633728981018, -1.4792360067367554, 0.4409891963005066, 0.6422132849693298, -0.8690035939216614, 1.3375473022460938, 2.209319829940796, -1.531360387802124, 0.40226948261260986, 0.37836572527885437, 0.7314669489860535, -0.34661564230918884, -0.16213186085224152, -0.13676705956459045, -0.9082117080688477, -0.3380909562110901, 0.3491639494895935, 0.9153196215629578, -0.4706452488899231, 0.9523705244064331, 0.5079626441001892, 0.7227949500083923, -2.677191972732544, 1.4390920400619507, 0.42450985312461853, -2.0889854431152344, 0.8377805948257446, 0.7079945206642151, -0.5730092525482178, -0.15472708642482758, -0.17415417730808258, -0.009464755654335022, -0.3232261538505554, -0.4648929238319397, -0.44773954153060913, -2.0031898021698, 0.7898777723312378, 0.19488868117332458, 0.43837031722068787, -0.8683807849884033, 1.915521502494812, 1.1567248106002808, 0.5575544834136963, -0.32095229625701904, 2.1950249671936035, 1.1612087488174438, -0.04364097863435745, -1.5799921751022339, 0.9131439924240112, 1.4152791500091553, 0.10148502886295319, 0.5828373432159424, 1.8260085582733154, 1.1025469303131104, -0.9356008768081665, -0.6934571266174316, -0.9555045366287231, -0.8827453255653381, 0.7139843702316284, -1.3619123697280884, -1.6892722845077515, 1.5645546913146973, -0.19110101461410522, -1.5053467750549316, -0.5230785608291626, 0.4587743878364563, -1.632881999015808, 0.021742835640907288, -0.25311383605003357, -0.47016167640686035, -0.5631627440452576, 0.3706888258457184, -0.6445006132125854, -1.3130664825439453, 1.7209874391555786, -1.7320417165756226, -2.387932062149048, 1.1985143423080444, -2.1205339431762695, 1.8857885599136353, -1.179445505142212, -0.1365213245153427, 2.380610942840576, -0.8515204191207886, 0.7493248581886292, 1.1432327032089233, -0.30201417207717896, -0.46251678466796875, -1.2221729755401611, -1.7009590864181519, -1.232548713684082, 0.2936587333679199, -1.3569085597991943, -2.5397775173187256, -0.7493573427200317]",yunet,Facenet,1920,1080,/home/amos/media/tv/modern_family/Modern.Family.S09.1080p.DSNP.WEB-DL.DDP5.1.H.264-CRFW/Modern.Family.S09E21.The.Escape.1080p.DSNP.WEB-DL.DDP5.1.H.264-CRFW.mkv,Modern Family,2009,1442437,9,21,,,
715,738,264,984,588,936,378,822,378,0.915,14856,0,"[-1.3118501901626587, -1.8183634281158447, 0.7289268970489502, 1.8781455755233765, 2.2475905418395996, 0.15618552267551422, 1.370553731918335, -0.44564288854599, -0.25817522406578064, 3.8776817321777344, -1.3862402439117432, 2.14117431640625, -0.033666014671325684, -0.019996188580989838, -0.9645226001739502, -0.30375444889068604, 0.28276267647743225, -1.3675481081008911, -0.8315383791923523, -1.1558194160461426, 0.04824496805667877, -1.393755316734314, -0.1397540420293808, -0.07614434510469437, -0.7107586860656738, 0.5313301682472229, 1.294389009475708, -0.7975601553916931, 1.2635831832885742, 1.2879244089126587, 0.4378707706928253, -1.8419389724731445, -1.4144941568374634, -2.002877950668335, 0.9789729118347168, -0.6931008696556091, -1.970777153968811, 1.448567509651184, -0.8031655550003052, -1.458055019378662, 0.5132731199264526, 0.9798387885093689, -0.3388373553752899, 2.833402156829834, -0.4321674108505249, -0.5940138697624207, 0.9190207719802856, 0.7556710243225098, -0.683171272277832, 0.5666110515594482, -0.752281665802002, 2.8481273651123047, 0.9182494282722473, -1.5388619899749756, 0.6372202634811401, 0.13592314720153809, 0.728337824344635, 0.1401110142469406, 1.938888430595398, 0.2716766893863678, -0.5299230217933655, -0.8588597178459167, 0.5496593117713928, -0.9222912788391113, -0.10410962253808975, 1.313653588294983, -1.982403039932251, 1.7151738405227661, -0.07444029301404953, 1.2896980047225952, -1.0524049997329712, 0.3710286319255829, -1.1096891164779663, 0.27946317195892334, 0.04728543758392334, -0.08449918031692505, -0.08638668060302734, -0.10836514830589294, -0.9360039234161377, -0.3791661262512207, -1.5836459398269653, -0.8933194875717163, 0.3777564764022827, 0.4424457550048828, -1.4324551820755005, -0.21607333421707153, 0.27851584553718567, -0.7430006861686707, -0.2558557391166687, 0.005739317275583744, -1.6303915977478027, 0.08643108606338501, 0.7211732864379883, 0.7467958927154541, 1.5382933616638184, -0.3799678683280945, 1.242348313331604, -0.4448787569999695, 0.905281662940979, 0.23621509969234467, -0.1974087357521057, 0.9042112231254578, -1.6323330402374268, 0.3594162166118622, 0.5757110118865967, 0.44237232208251953, -0.09775698184967041, -0.3351159989833832, 1.0548555850982666, 0.1771748661994934, 1.4136523008346558, 1.3118443489074707, 1.1380399465560913, 0.7442202568054199, -0.051547251641750336, 1.0811611413955688, -0.8106191158294678, 0.5179003477096558, -0.6616941094398499, -1.0006245374679565, 2.0491182804107666, -0.7655003070831299, -1.6031221151351929, -0.7746152877807617, -1.1482876539230347, 0.1380390226840973, 1.2128913402557373, -1.3150612115859985]",yunet,Facenet,1920,1080,/home/amos/media/tv/modern_family/Modern.Family.S09.1080p.DSNP.WEB-DL.DDP5.1.H.264-CRFW/Modern.Family.S09E21.The.Escape.1080p.DSNP.WEB-DL.DDP5.1.H.264-CRFW.mkv,Modern Family,2009,1442437,9,21,Sarah Hyland,91351.0,0.647
716,678,276,930,594,882,396,768,396,0.908,14880,0,"[-1.1822230815887451, -1.5792531967163086, 0.09504132717847824, 2.4154622554779053, 2.0585708618164062, 1.1306942701339722, 1.2954859733581543, -1.9862096309661865, -0.32562366127967834, 2.714478015899658, -2.368680715560913, 1.3680446147918701, 0.8951018452644348, 0.1736552119255066, -0.5122116804122925, -0.22416628897190094, -0.39685699343681335, -1.5808223485946655, -0.450778603553772, -0.5882039070129395, -0.3927202820777893, -0.5598828792572021, 0.36314767599105835, 0.41809937357902527, -0.35093358159065247, 0.34646719694137573, 1.5872849225997925, -1.6686476469039917, 1.0332444906234741, 1.8502272367477417, 0.26034826040267944, -1.834434151649475, -1.7637664079666138, -0.9867887496948242, 0.07767433673143387, -0.36153721809387207, -1.201494812965393, 1.5017132759094238, -0.7001131176948547, -0.8207379579544067, 1.9740012884140015, 0.3094230592250824, -0.32467934489250183, 2.809230327606201, -0.174994096159935, -0.10360343754291534, 1.1557072401046753, 0.7802845239639282, -0.872157871723175, 0.1376459002494812, -1.507260799407959, 2.595531463623047, 0.7106252312660217, -0.5977705121040344, -0.7416641712188721, 0.5004493594169617, 1.2023370265960693, -0.9695628881454468, 1.4642729759216309, 0.9635624885559082, -0.18241757154464722, -0.3828634023666382, -0.5522576570510864, -0.631627082824707, -0.31738030910491943, 0.7854824066162109, -0.39357689023017883, 0.9068699479103088, -0.5256133675575256, 0.6059739589691162, -0.5654579401016235, 1.0910447835922241, -0.7640109658241272, 0.7874004244804382, 0.534243106842041, 0.16879872977733612, -0.00232107937335968, -0.2885476052761078, -1.4160064458847046, -0.5469164252281189, -1.4685988426208496, -0.058427922427654266, 0.32412129640579224, 1.4344550371170044, -0.2922336161136627, -0.40569552779197693, 1.1830660104751587, -0.25325077772140503, -0.49776944518089294, -0.3026014566421509, -1.404111385345459, -0.3928395211696625, 1.7271345853805542, 0.1611134111881256, 1.244807481765747, 0.33910223841667175, 1.6228562593460083, 0.11681612581014633, 0.5075374841690063, -0.030373699963092804, 0.2462061494588852, -0.35649529099464417, -1.9008742570877075, 0.45682987570762634, 0.558354377746582, -0.024648429825901985, -0.5902346968650818, 0.05532333254814148, 1.7092887163162231, -0.8042013645172119, 0.7609235644340515, 0.9923895001411438, 1.2401459217071533, 0.3222084641456604, -0.5050559639930725, 0.22316664457321167, -1.4270107746124268, 1.2409648895263672, -0.893227756023407, -0.08796000480651855, 2.943474054336548, -0.9633846282958984, -1.009397268295288, -0.7031124234199524, -0.6930806040763855, 0.12656927108764648, 1.3161872625350952, -0.47895336151123047]",yunet,Facenet,1920,1080,/home/amos/media/tv/modern_family/Modern.Family.S09.1080p.DSNP.WEB-DL.DDP5.1.H.264-CRFW/Modern.Family.S09E21.The.Escape.1080p.DSNP.WEB-DL.DDP5.1.H.264-CRFW.mkv,Modern Family,2009,1442437,9,21,Sarah Hyland,91351.0,0.625
717,690,252,930,570,888,366,774,366,0.905,14904,0,"[-1.537820816040039, -1.9654496908187866, 0.7202783823013306, 2.0366387367248535, 2.162921905517578, 0.8815471529960632, 1.6014238595962524, -1.6517199277877808, -0.6459584832191467, 2.6829724311828613, -2.1380369663238525, 0.9379327893257141, 0.6560714840888977, 1.0466755628585815, -0.4167780578136444, -0.26023069024086, -0.1294001191854477, -2.0938334465026855, -0.16329441964626312, -0.5352983474731445, -1.0646511316299438, -0.2585982382297516, 0.25139644742012024, 0.7903522849082947, 0.19192025065422058, 1.0119574069976807, 2.2700235843658447, -1.3814542293548584, 1.60372793674469, 1.8870415687561035, 0.784982442855835, -2.164290428161621, -1.0504682064056396, -0.7877586483955383, 0.26499268412590027, 0.38952311873435974, -1.3868792057037354, 1.2480816841125488, -0.4774318337440491, -0.3951391279697418, 1.6186062097549438, 0.40318816900253296, -0.6098397970199585, 2.9677162170410156, 0.10392189770936966, -0.3973902761936188, 0.4986162483692169, 0.8878934383392334, -0.9414013028144836, 0.142518550157547, -1.3166533708572388, 3.258575916290283, 1.0666389465332031, -0.5975155234336853, -0.8088372349739075, 0.36391690373420715, 1.0784910917282104, -0.35352978110313416, 1.6474618911743164, 0.7329486608505249, -0.00057205930352211, -0.883584201335907, 0.14157059788703918, -0.9571918845176697, -0.8363924622535706, 0.73231440782547, -0.7371916770935059, 1.301254153251648, -0.6397275924682617, 1.0044852495193481, -0.8519296646118164, 0.8918732404708862, -0.5837112665176392, 0.037955015897750854, -0.4825049638748169, -0.005238231271505356, 0.2936917543411255, -0.5561553239822388, -0.959481418132782, 0.06578698754310608, -1.8360453844070435, 0.4473875164985657, 0.6308183073997498, 1.6291863918304443, -0.7009499073028564, -0.13324376940727234, 1.2243918180465698, -0.14027869701385498, 0.18133988976478577, -0.5133604407310486, -1.6123392581939697, 0.04661665856838226, 1.3402105569839478, 0.5552555918693542, 1.355362892150879, -0.18713146448135376, 1.142643690109253, -0.5347729325294495, 0.5504257082939148, 0.5327091813087463, 0.7817335724830627, 0.47412538528442383, -1.7509273290634155, 0.8594576716423035, 0.1737442910671234, 0.4649391174316406, -0.9694409966468811, -0.26550155878067017, 1.5050981044769287, -1.1780472993850708, 0.705105185508728, 0.668506920337677, 1.8541136980056763, 0.44695845246315, 0.2708396315574646, 0.2201521098613739, -1.0173741579055786, 0.8821428418159485, -0.24671512842178345, -0.43986672163009644, 2.7776894569396973, -0.12938006222248077, -1.240135669708252, -1.4547927379608154, -0.47007447481155396, 0.6410342454910278, 2.363600254058838, -0.4646430015563965]",yunet,Facenet,1920,1080,/home/amos/media/tv/modern_family/Modern.Family.S09.1080p.DSNP.WEB-DL.DDP5.1.H.264-CRFW/Modern.Family.S09E21.The.Escape.1080p.DSNP.WEB-DL.DDP5.1.H.264-CRFW.mkv,Modern Family,2009,1442437,9,21,Sarah Hyland,91351.0,0.619
718,648,282,918,606,870,408,750,408,0.905,14928,0,"[-0.2974674105644226, -0.6208453178405762, 0.17156556248664856, 1.6842920780181885, 2.1421186923980713, 0.7871987223625183, 1.943319320678711, -0.6390914916992188, -0.03803420066833496, 2.3578224182128906, -2.511728048324585, 1.1568533182144165, -0.5412311553955078, 0.4649740159511566, -0.7119967937469482, -0.4414021372795105, -0.9304736852645874, -1.277535319328308, -1.1357289552688599, -1.7005330324172974, -0.8338367938995361, -0.9638355374336243, 0.4150773286819458, 0.7565590739250183, -0.6018997430801392, 0.46578270196914673, 1.5470561981201172, -2.304842472076416, 1.9980581998825073, 2.74196195602417, 0.3309209644794464, -2.2456982135772705, -0.5316357612609863, -2.0046346187591553, -0.13274210691452026, -1.353128433227539, -2.044708728790283, 1.9264501333236694, -1.7233281135559082, -0.7492854595184326, 1.300252914428711, -0.2743622958660126, -0.16320529580116272, 2.745504379272461, -0.3464932441711426, -0.09205898642539978, 1.0544532537460327, 0.6441084146499634, -1.6849969625473022, 0.05197487026453018, -1.13576340675354, 2.2578125, 1.7439653873443604, -0.7490503191947937, -0.2744280993938446, 0.7746736407279968, 1.0275593996047974, -1.052468180656433, 1.372259497642517, 1.3260865211486816, -0.8124688267707825, -0.15423931181430817, -0.20360109210014343, -0.008623078465461731, -0.3140273988246918, 0.9994955062866211, -1.7879785299301147, 1.4638104438781738, 0.21924984455108643, 0.9879804849624634, -0.3420121967792511, 0.9263310432434082, -0.46084821224212646, 0.42010200023651123, 0.3630765378475189, 0.03501104190945625, -0.28136110305786133, -0.16521592438220978, -0.5682170391082764, -1.0988190174102783, -1.0656583309173584, 0.03476724773645401, -0.022471293807029724, 0.03978869318962097, 0.291904091835022, -0.5447602272033691, 0.9117205739021301, -0.8324050903320312, 0.18615604937076569, 0.09200271964073181, -1.5927996635437012, 0.0843857154250145, 1.747861385345459, -0.07168899476528168, 0.7668235898017883, 0.22458407282829285, 1.2712923288345337, 0.17605547606945038, 0.009954482316970825, -0.5357748866081238, -0.26368433237075806, -0.32401132583618164, -0.6854246854782104, 1.4858274459838867, 1.0724722146987915, -0.7272079586982727, -0.7578979134559631, 0.0005291104316711426, 1.0716866254806519, 0.3241064250469208, 0.7397375702857971, 1.2050535678863525, 0.40738487243652344, 0.8281862139701843, -1.6372731924057007, -0.20729631185531616, -1.4860572814941406, 1.0630005598068237, -0.11302218586206436, -0.7346082329750061, 3.2703940868377686, -0.44859665632247925, -1.7801512479782104, -0.28758108615875244, -1.4126912355422974, 0.43999066948890686, 0.4059097170829773, -0.39429447054862976]",yunet,Facenet,1920,1080,/home/amos/media/tv/modern_family/Modern.Family.S09.1080p.DSNP.WEB-DL.DDP5.1.H.264-CRFW/Modern.Family.S09E21.The.Escape.1080p.DSNP.WEB-DL.DDP5.1.H.264-CRFW.mkv,Modern Family,2009,1442437,9,21,,,
719,666,276,912,588,870,390,744,390,0.908,14952,0,"[-1.3702671527862549, -1.78683340549469, 0.03855685144662857, 2.008927583694458, 2.287226676940918, 0.726017951965332, 0.9814358949661255, -1.6094484329223633, -0.1804969608783722, 2.9842512607574463, -2.383636474609375, 1.226976990699768, 0.6317278146743774, 0.9798007011413574, -0.5405120849609375, 0.03202841430902481, -0.6475869417190552, -1.5112217664718628, 0.0185772106051445, -0.46641528606414795, -0.511474609375, -0.43356016278266907, 0.4786316752433777, 1.1223214864730835, 0.04482228681445122, 0.5211792588233948, 1.6567368507385254, -1.5696526765823364, 1.7709828615188599, 2.1680877208709717, 0.560968279838562, -2.2307233810424805, -1.5129601955413818, -0.7675002217292786, 0.02310173586010933, -0.22446958720684052, -1.8508464097976685, 1.7382382154464722, -0.7045118808746338, -0.8668996095657349, 1.6893490552902222, 0.6371358036994934, 0.36030927300453186, 2.7659027576446533, -0.34000837802886963, -0.531312108039856, 0.25519490242004395, 0.8064346313476562, -1.0299179553985596, 0.29280877113342285, -1.0494557619094849, 2.5664517879486084, 1.202592134475708, -0.2963981628417969, -1.2261444330215454, -0.14081920683383942, 1.0663989782333374, -0.7221859693527222, 1.1575547456741333, 1.0029001235961914, 0.03485044836997986, -0.1550317108631134, -0.5413596630096436, -0.29337358474731445, -0.5946531295776367, 0.6026639342308044, -0.5864222049713135, 0.666900098323822, -0.5237582921981812, 1.2822211980819702, -0.299591600894928, 1.3056426048278809, -0.48826587200164795, 0.9271565079689026, -0.22783124446868896, -0.3262082636356354, 0.9782569408416748, -0.13965937495231628, -0.9302977919578552, -0.3753461241722107, -1.9302968978881836, 0.4704221785068512, 0.890933096408844, 1.308297872543335, -1.0167441368103027, -0.28893089294433594, 1.72524893283844, -0.7455683946609497, -0.46971261501312256, -0.7079453468322754, -1.1372311115264893, -0.032917048782110214, 1.0355043411254883, 0.8795562982559204, 1.5860847234725952, -0.5050464868545532, 1.184842586517334, 0.010498454794287682, 0.21142861247062683, -0.18522262573242188, 0.4246665835380554, -0.01707005873322487, -1.3654779195785522, 1.2174961566925049, 0.6727581024169922, -0.011307531967759132, -0.6954379677772522, -0.36162620782852173, 1.1755350828170776, -0.8785130381584167, 1.4215384721755981, 0.3294036388397217, 1.2976669073104858, 1.188204288482666, -0.337044358253479, 0.011782586574554443, -0.6338294744491577, 1.1823370456695557, -1.0606415271759033, -0.2995713949203491, 2.80611252784729, -0.06939878314733505, -1.2623993158340454, -1.0050064325332642, -0.9167617559432983, 0.128094881772995, 1.6520181894302368, -0.7959933876991272]",yunet,Facenet,1920,1080,/home/amos/media/tv/modern_family/Modern.Family.S09.1080p.DSNP.WEB-DL.DDP5.1.H.264-CRFW/Modern.Family.S09E21.The.Escape.1080p.DSNP.WEB-DL.DDP5.1.H.264-CRFW.mkv,Modern Family,2009,1442437,9,21,Sarah Hyland,91351.0,0.628
720,690,258,942,582,906,372,780,372,0.917,14976,0,"[-0.5633041858673096, -1.5463166236877441, 0.1691785752773285, 1.8551599979400635, 1.5385992527008057, 0.9925761222839355, 0.9201074242591858, -1.4449561834335327, -0.2228720486164093, 3.6741623878479004, -2.4354164600372314, 2.1101627349853516, -0.13666346669197083, 0.5362076759338379, -1.1532820463180542, -0.09714527428150177, -0.858579158782959, -1.310804843902588, -0.3110722303390503, -0.6598635911941528, 0.33179569244384766, -0.9599804878234863, 0.7030200362205505, 0.3468015193939209, 0.40573644638061523, 0.22516024112701416, 1.2171710729599, -1.6332460641860962, 1.8192241191864014, 1.793700098991394, 0.34909969568252563, -1.9484761953353882, -1.3662598133087158, -1.1662876605987549, 0.3812689781188965, -0.7060493230819702, -2.338716506958008, 1.4146147966384888, -1.134765863418579, -0.7260111570358276, 1.11156165599823, 0.9143534302711487, -0.1727040708065033, 2.893615245819092, -0.4999329149723053, -0.34921175241470337, 0.32491737604141235, 1.225416898727417, -1.078165054321289, 0.2944973111152649, -0.9916194081306458, 2.381559371948242, 1.485303521156311, -0.9571371674537659, 0.10951648652553558, -0.11905856430530548, 0.8616936206817627, -0.3843540549278259, 1.4339104890823364, 0.6594202518463135, -0.0010607428848743439, -0.5641191005706787, -0.4281497001647949, -0.9511256814002991, -0.28919193148612976, 0.94340580701828, -1.2119404077529907, 1.2488651275634766, -0.1186850517988205, 0.5952186584472656, -0.8505067825317383, 0.8535172939300537, -0.551494836807251, 0.6674309968948364, 0.2589544951915741, -0.38443616032600403, 0.6700130701065063, 0.11156316101551056, -0.42798537015914917, -0.6030657291412354, -1.445029377937317, -0.3446226418018341, 0.6130850911140442, 0.8600326776504517, -0.9553325176239014, -0.4067833423614502, 0.6615557074546814, -0.7741681933403015, 0.22378024458885193, 0.2570692002773285, -1.3277828693389893, 0.09956354647874832, 1.1677918434143066, 0.8512067794799805, 1.7493877410888672, 0.07595192641019821, 1.414066195487976, -0.06058453023433685, 0.41147950291633606, -0.14586502313613892, 0.3354424834251404, -0.038764603435993195, -1.5958890914916992, 0.9553187489509583, 0.5039805173873901, -0.5704542398452759, -0.2888500392436981, 0.24316668510437012, 1.0307201147079468, -0.8005560040473938, 1.5761213302612305, 1.0184166431427002, 1.1707435846328735, 0.5907391905784607, -0.09053871035575867, 0.6028634309768677, -0.867622971534729, 1.3659675121307373, -0.2563435733318329, -0.6509605646133423, 2.8169665336608887, -0.8732942342758179, -1.9171700477600098, -0.6411007046699524, -0.691728949546814, -0.01621723175048828, 1.0066874027252197, -0.8329383134841919]",yunet,Facenet,1920,1080,/home/amos/media/tv/modern_family/Modern.Family.S09.1080p.DSNP.WEB-DL.DDP5.1.H.264-CRFW/Modern.Family.S09E21.The.Escape.1080p.DSNP.WEB-DL.DDP5.1.H.264-CRFW.mkv,Modern Family,2009,1442437,9,21,Sarah Hyland,91351.0,0.654
721,750,252,1014,594,960,384,840,384,0.923,15000,0,"[-0.27013617753982544, -0.9203395843505859, 0.739799976348877, 2.6648082733154297, 1.2537574768066406, 0.8290503621101379, 0.8912913799285889, -1.9687856435775757, -0.07593390345573425, 3.1159281730651855, -1.6531108617782593, 1.5182870626449585, 0.6969411969184875, 0.10932904481887817, -0.9302071332931519, -0.10514705628156662, -0.42659667134284973, -1.5417546033859253, -0.8835656046867371, 0.0701320692896843, -0.07466217875480652, 0.321001797914505, 0.5337590575218201, 0.08249552547931671, 0.27390873432159424, 0.15036419034004211, 1.756479263305664, -1.523116111755371, 2.2639434337615967, 0.778354823589325, 0.46656692028045654, -2.0488555431365967, -1.6637133359909058, -1.2698935270309448, 0.5501202344894409, -1.180099606513977, -1.2697949409484863, 0.9340741038322449, -0.1370123028755188, -0.974187970161438, 0.4089404046535492, 0.15313969552516937, -0.5225703716278076, 1.9338722229003906, -0.12731681764125824, 0.6346468329429626, 0.8513506650924683, 0.13777843117713928, -0.564674437046051, 0.5320768356323242, -2.4224801063537598, 2.4937775135040283, 0.5783848166465759, -0.28360700607299805, -0.1882161647081375, 0.020223770290613174, 1.3494070768356323, -0.23517465591430664, 0.930623471736908, 0.5602054595947266, 0.07921404391527176, -0.35920780897140503, 0.38765066862106323, -0.7891059517860413, -0.761511504650116, 1.971506953239441, -0.36357247829437256, 1.090316653251648, -0.42222633957862854, 0.2805069088935852, -1.0505504608154297, 0.38913193345069885, -0.6889362931251526, 0.9226766228675842, 0.45214375853538513, 0.034627243876457214, -0.20186138153076172, -0.5159220695495605, -0.06626833975315094, -0.24756523966789246, -0.5918749570846558, -0.944006085395813, 0.7428717613220215, 1.5300108194351196, 0.24094021320343018, -0.5739493370056152, -0.006879586726427078, -0.3029037117958069, -0.4594396948814392, -0.7110681533813477, -1.1804144382476807, 0.08601289242506027, 1.9405324459075928, -0.07652438431978226, 1.5463684797286987, 0.5605805516242981, 0.6454368829727173, 1.093777060508728, 0.44674620032310486, -1.5443387031555176, -0.2590181231498718, 0.17023301124572754, -1.4483234882354736, 0.9239621758460999, 1.3147846460342407, 0.8832135200500488, -0.43956589698791504, 0.620101809501648, 0.42607372999191284, -1.3361848592758179, 1.5829228162765503, 1.1701581478118896, 1.2691643238067627, -0.32038208842277527, -0.3398551642894745, 1.171553611755371, -1.8295729160308838, 1.2682852745056152, -0.23483172059059143, 0.1093541830778122, 2.315333366394043, -1.292291522026062, -1.2370548248291016, -0.5019376873970032, 0.08752605319023132, 0.03079911321401596, 0.8918218612670898, -0.27099066972732544]",yunet,Facenet,1920,1080,/home/amos/media/tv/modern_family/Modern.Family.S09.1080p.DSNP.WEB-DL.DDP5.1.H.264-CRFW/Modern.Family.S09E21.The.Escape.1080p.DSNP.WEB-DL.DDP5.1.H.264-CRFW.mkv,Modern Family,2009,1442437,9,21,Sarah Hyland,91351.0,0.679
722,858,270,1116,594,1068,390,942,396,0.921,15024,0,"[-0.1521017700433731, -1.5081617832183838, 0.5630456805229187, 1.1654655933380127, 0.7636861205101013, 0.5739132761955261, 0.2489970475435257, -1.5642722845077515, -1.855544924736023, 3.345954179763794, -1.339684009552002, 1.3760242462158203, 0.7919324040412903, -0.009273618459701538, 0.27142950892448425, 0.24785344302654266, -1.5998120307922363, -1.021679401397705, -0.026982665061950684, -0.3735162913799286, -0.6286795139312744, -0.5509179830551147, 0.4815524220466614, 1.6748336553573608, -0.20358583331108093, -0.01118653267621994, 1.0637766122817993, -0.4662034511566162, 2.288776397705078, 1.6568735837936401, 0.4729940593242645, -2.4172935485839844, -1.7191122770309448, 0.2737082839012146, 0.8860654234886169, -0.6939910650253296, -1.920477271080017, 0.5268208980560303, 0.34100788831710815, -1.0950506925582886, 1.032568335533142, 0.3170318901538849, 0.12749119102954865, 1.166176438331604, -0.013782097026705742, -1.8488479852676392, 0.40412068367004395, 1.6277103424072266, 0.3348754644393921, 0.04796386882662773, -1.210960865020752, 0.9617771506309509, 1.94880211353302, 0.17542186379432678, -0.5920568108558655, 0.20087027549743652, 0.7777450680732727, -0.7342905402183533, 1.1222397089004517, 1.4863612651824951, -0.41903743147850037, -0.3115369379520416, -0.5419958233833313, 0.08739084005355835, -0.6196396946907043, 1.7034379243850708, -0.675298810005188, 0.5169602632522583, -0.7790101170539856, 2.2756147384643555, 0.04705424979329109, 1.12006413936615, 0.34563231468200684, 2.0979416370391846, 0.25399017333984375, -0.369010329246521, 0.6434987783432007, 1.0129399299621582, 0.013322889804840088, 0.49464887380599976, -2.361767530441284, -0.6738042831420898, 0.2994898855686188, 0.5447905659675598, 1.8358689546585083, -0.9183763265609741, 0.835700511932373, -0.6531022191047668, 0.12652315199375153, -0.730357825756073, -0.6828154921531677, 1.4317796230316162, 0.13674241304397583, 1.0549993515014648, 2.293910264968872, -0.6040568351745605, 0.19760248064994812, 0.31497111916542053, 0.5220410227775574, -1.7431026697158813, 0.4709019660949707, -0.31812846660614014, -0.6092990636825562, 1.5184409618377686, 1.1400750875473022, 1.2972067594528198, 0.5123853087425232, -0.36431095004081726, -0.005256243050098419, -1.0299452543258667, 2.372401475906372, 0.8030756115913391, -0.37040257453918457, 0.060647714883089066, 0.040928781032562256, 1.1885725259780884, 0.4684537351131439, 1.1997090578079224, -1.2082489728927612, 0.41706031560897827, 3.0017502307891846, -0.7922403812408447, -0.3976694345474243, -1.0753204822540283, -1.1827619075775146, 0.04327204078435898, 0.9412914514541626, -1.0323604345321655]",yunet,Facenet,1920,1080,/home/amos/media/tv/modern_family/Modern.Family.S09.1080p.DSNP.WEB-DL.DDP5.1.H.264-CRFW/Modern.Family.S09E21.The.Escape.1080p.DSNP.WEB-DL.DDP5.1.H.264-CRFW.mkv,Modern Family,2009,1442437,9,21,Sarah Hyland,91351.0,0.592
723,1308,114,1488,342,1428,204,1344,198,0.924,15096,0,"[-1.346897840499878, -1.3722128868103027, -1.541089653968811, 2.875296115875244, 1.5592337846755981, 1.06623375415802, 0.2782944142818451, -0.507708728313446, 0.41602954268455505, 1.3868755102157593, -1.6049026250839233, 0.38082000613212585, -1.0166763067245483, 0.5837703943252563, -2.1045303344726562, -0.592806875705719, 0.3965050280094147, 0.42887192964553833, -0.4115815758705139, -0.6428831815719604, -0.21206924319267273, -0.1293962597846985, 1.0746183395385742, -0.946810245513916, 0.04297444224357605, 0.7692491412162781, 0.540016770362854, -0.7875703573226929, 0.6875230669975281, 1.3581198453903198, 0.16100916266441345, -1.378096103668213, -1.9503158330917358, -0.5715685486793518, 0.6238749027252197, -1.1073777675628662, -1.725986123085022, 2.203667402267456, -0.48368561267852783, -1.6026811599731445, 0.020823119208216667, -0.38751575350761414, 0.28940990567207336, 1.9843690395355225, 1.317176342010498, -0.7029836773872375, 0.9424272179603577, 1.0504306554794312, -0.8094736337661743, 1.4118832349777222, -1.0519651174545288, 2.545560598373413, 1.662407636642456, -1.5736308097839355, 0.9263195991516113, 0.6563088893890381, 0.3291245102882385, 0.13887639343738556, 1.3159337043762207, -0.4301711618900299, -0.12067180871963501, 0.5388646721839905, -0.6420722603797913, -0.22627973556518555, -1.0828932523727417, 1.958641529083252, -1.5823485851287842, 0.5210817456245422, -1.6467963457107544, -0.21780188381671906, 0.9054155945777893, 0.0015468597412109375, -0.18671195209026337, 1.2027109861373901, -0.41659408807754517, 0.7159476280212402, 0.25325191020965576, 0.2444790154695511, -0.06530819088220596, -0.5785358548164368, -1.5924713611602783, 0.08248557150363922, 0.1659528613090515, 1.4484996795654297, 0.650244414806366, -0.10527043789625168, 0.44669821858406067, -0.7693248391151428, 0.4253803491592407, -1.4119884967803955, -1.3570388555526733, 0.4756116569042206, -0.11776244640350342, 1.8044437170028687, 1.155395269393921, -0.6114073395729065, 0.3859514594078064, 0.4894312918186188, -1.2035603523254395, -1.3554601669311523, 1.1578892469406128, -0.22480159997940063, -0.8470115065574646, -0.24901360273361206, 0.03339776396751404, 0.03943636268377304, 1.094069242477417, -0.21577057242393494, 0.4911832809448242, -0.46235930919647217, 1.4285084009170532, 1.6556743383407593, 1.0954041481018066, 1.4840190410614014, -1.2121050357818604, 0.586072564125061, -0.6337687969207764, 0.4395448863506317, -2.3052868843078613, 0.17455393075942993, 2.0871469974517822, 0.948222279548645, -0.8870906829833984, -0.4655522108078003, -1.542182445526123, 0.4184117615222931, 1.796860933303833, -2.1368367671966553]",yunet,Facenet,1920,1080,/home/amos/media/tv/modern_family/Modern.Family.S09.1080p.DSNP.WEB-DL.DDP5.1.H.264-CRFW/Modern.Family.S09E21.The.Escape.1080p.DSNP.WEB-DL.DDP5.1.H.264-CRFW.mkv,Modern Family,2009,1442437,9,21,Sarah Hyland,91351.0,0.539
724,1278,138,1464,372,1404,222,1314,228,0.912,15120,0,"[-1.4890581369400024, -1.0903791189193726, -1.7545946836471558, 3.024404287338257, 1.2748370170593262, 1.740871787071228, 0.2816171944141388, -0.7401458024978638, 0.5019673705101013, 1.1426044702529907, -2.0295472145080566, -0.8359936475753784, -0.9523324370384216, 0.051365748047828674, -2.067253828048706, -1.2094131708145142, 0.426239013671875, 0.5679360628128052, 0.6394672989845276, -1.2294831275939941, 0.6792044639587402, 0.1443481594324112, 1.1596614122390747, -1.1425893306732178, -0.3431952893733978, 1.2034281492233276, 0.40199044346809387, -0.908054530620575, -0.08452989161014557, 1.170846700668335, -0.41548416018486023, -0.3184623420238495, -1.8400856256484985, -0.3230484426021576, 1.2434008121490479, -1.4331388473510742, -1.3594313859939575, 2.0148942470550537, -0.6527281403541565, -1.736221432685852, 0.10988251864910126, -1.0790117979049683, -0.6903820037841797, 0.9160507917404175, 1.1839380264282227, -0.2099877893924713, 1.4674015045166016, 1.2580379247665405, -0.3110654950141907, 0.8862097263336182, -0.7733191847801208, 2.199237108230591, 0.8085843324661255, -1.5377390384674072, 1.1323444843292236, 1.2887687683105469, 0.4222610592842102, -0.9033435583114624, 1.2501541376113892, -0.6645677089691162, -0.5529617071151733, 0.019765987992286682, -0.38971513509750366, -0.5689541697502136, -1.2869176864624023, 1.2555347681045532, -0.7714106440544128, 0.6922407746315002, -1.2808058261871338, -0.27415716648101807, 1.080450415611267, -0.3388241231441498, -0.07593393325805664, 1.3226879835128784, -0.5232906341552734, 1.069693922996521, -0.013387471437454224, 0.1553025096654892, -1.1590505838394165, -0.7803014516830444, -1.3418450355529785, 0.001838184893131256, -0.29788148403167725, 1.4335066080093384, 1.1466946601867676, -0.022093866020441055, 0.8178912997245789, -0.6876359581947327, 0.04839092493057251, -0.9261593818664551, -1.1978123188018799, 0.21531282365322113, 0.3577982783317566, 1.7052221298217773, 0.8358699083328247, -0.48755279183387756, 1.081330418586731, 1.5363376140594482, -0.7533723711967468, -0.962798535823822, 0.9048444628715515, -1.0407994985580444, -0.2918371260166168, -0.2273218333721161, 0.07687633484601974, -0.24466748535633087, 0.7671707272529602, 0.8450615406036377, 0.7888278365135193, -0.7298514246940613, 0.656976044178009, 0.5028466582298279, -0.061807408928871155, 1.7586259841918945, -1.363940715789795, 0.13515439629554749, -0.21993589401245117, 0.014214649796485901, -2.171415328979492, 0.6696856617927551, 1.898014783859253, 1.2542577981948853, -1.711673617362976, 0.34548667073249817, -1.3514872789382935, 0.9105404019355774, 0.9394197463989258, -1.474789023399353]",yunet,Facenet,1920,1080,/home/amos/media/tv/modern_family/Modern.Family.S09.1080p.DSNP.WEB-DL.DDP5.1.H.264-CRFW/Modern.Family.S09E21.The.Escape.1080p.DSNP.WEB-DL.DDP5.1.H.264-CRFW.mkv,Modern Family,2009,1442437,9,21,,,
725,1170,138,1368,384,1314,228,1230,228,0.936,15144,0,"[-1.4048787355422974, -0.9538021087646484, 0.4761878550052643, 1.7544736862182617, 1.8460485935211182, 0.2232367843389511, 1.3719488382339478, -0.6878654956817627, -1.2449171543121338, 2.8335983753204346, -1.3954230546951294, 1.272341251373291, 0.8314123749732971, 0.07850746810436249, -0.10994663834571838, 0.4071810841560364, -0.2457364797592163, -1.328511357307434, -1.399582862854004, -0.011837756261229515, -0.31356966495513916, -0.40604597330093384, 0.6696119904518127, 1.3431904315948486, -0.3084208071231842, 0.8792285919189453, 1.0858328342437744, -0.07717041671276093, 2.0585391521453857, 0.8425348401069641, 0.48832282423973083, -1.9661344289779663, -1.6791480779647827, -0.9568182229995728, 0.6284382343292236, -1.3036894798278809, -2.517610549926758, 0.878278911113739, -0.6699231266975403, -1.431279182434082, -0.30440691113471985, 0.41725361347198486, 0.7727408409118652, 2.451080322265625, 0.5955329537391663, -0.5962333679199219, 0.732001781463623, 1.0879260301589966, -1.1231744289398193, 0.9826490879058838, -0.9323807954788208, 2.346891164779663, 1.2094488143920898, 0.11960126459598541, -0.9793189764022827, 0.22433508932590485, 1.4325785636901855, -0.4968678653240204, 0.37524598836898804, 1.1059181690216064, -0.3340318202972412, 0.5365439653396606, -0.023148290812969208, 0.6136927008628845, -0.7963143587112427, 0.8609704375267029, -0.9692206382751465, -0.2126534879207611, -0.13473770022392273, 1.2740106582641602, -0.5248708128929138, 0.6127185821533203, -0.25251761078834534, 1.1119027137756348, 0.3797086477279663, -0.6100903153419495, 0.12651823461055756, -0.0657295435667038, -0.07956948131322861, 0.01435966044664383, -1.2307498455047607, 0.23626433312892914, 0.3849293887615204, 0.2006261646747589, 0.16711977124214172, 0.21114987134933472, 1.3967901468276978, -0.9982172846794128, 0.2581159472465515, -0.9554234147071838, -1.1929473876953125, 0.4757172763347626, 0.7437092065811157, 0.7621263861656189, 2.6315836906433105, 0.11651790887117386, 0.6828863620758057, -0.5687580704689026, -0.09542027115821838, -1.3558517694473267, 0.30114448070526123, -0.007029913365840912, -1.0036287307739258, 1.816294550895691, 1.0716763734817505, -0.10261502116918564, -0.24914689362049103, -0.17162835597991943, 1.426590085029602, -0.2490871548652649, 1.0671703815460205, 0.6741177439689636, 0.8616740703582764, 1.8100996017456055, -0.9533969163894653, 0.5047792196273804, -0.6010395288467407, 1.088503360748291, -1.4244757890701294, -1.2748430967330933, 2.768667221069336, -0.15277555584907532, -0.8768539428710938, -1.0185633897781372, -1.1505022048950195, -0.06585274636745453, 1.4881116151809692, -1.7712098360061646]",yunet,Facenet,1920,1080,/home/amos/media/tv/modern_family/Modern.Family.S09.1080p.DSNP.WEB-DL.DDP5.1.H.264-CRFW/Modern.Family.S09E21.The.Escape.1080p.DSNP.WEB-DL.DDP5.1.H.264-CRFW.mkv,Modern Family,2009,1442437,9,21,Sarah Hyland,91351.0,0.647
726,702,300,906,594,876,408,840,408,0.909,15192,0,"[1.157787799835205, -2.91548228263855, -0.9137145280838013, -0.22749322652816772, 1.5454508066177368, 0.9837523698806763, 0.8401787281036377, 0.9181308150291443, 1.9489028453826904, -0.19590644538402557, -1.036415934562683, -0.604698896408081, -0.5252501368522644, 1.1824004650115967, -0.9592324495315552, -0.9687685966491699, -1.019385576248169, -1.4349615573883057, 1.1383309364318848, 0.31733521819114685, -0.2696421146392822, -0.9165307879447937, 0.26330018043518066, -0.47128918766975403, 0.16824549436569214, 0.35103079676628113, 1.298181176185608, -2.330988883972168, -0.8294785618782043, -0.7385203242301941, -0.6814684867858887, 0.49840179085731506, -1.1280311346054077, 0.6591448783874512, -2.24251651763916, 1.25352942943573, -0.9791046977043152, 0.2847554385662079, 1.003549337387085, -1.5196987390518188, 1.1941713094711304, 1.4056999683380127, -0.7308311462402344, -1.2919628620147705, 0.7263871431350708, -0.9216206073760986, -1.0241146087646484, 2.1535565853118896, -0.317441463470459, 0.09785348176956177, -0.12242783606052399, 0.24790343642234802, -1.8862437009811401, -0.9157924652099609, -0.2785760462284088, -1.7273404598236084, 1.554903507232666, 1.8070635795593262, -0.1801721155643463, 0.11539822071790695, -0.2416139841079712, -0.901917040348053, 0.2025957703590393, 1.881675124168396, 0.45724648237228394, 0.1487058699131012, -0.33989474177360535, -1.0049461126327515, -0.16710564494132996, -0.8231947422027588, 0.032487913966178894, -0.3922116160392761, -1.782188057899475, 2.4077930450439453, 0.41576558351516724, -1.3356012105941772, -1.4481914043426514, 0.5223698019981384, -0.2993887662887573, 0.4584067463874817, -2.426255702972412, 0.4003685414791107, 1.6830662488937378, -1.009866714477539, -1.8254271745681763, -0.3508255183696747, 2.0429069995880127, 0.17887713015079498, -0.8197857141494751, -0.6680597066879272, -0.24166765809059143, 0.4642263948917389, 0.0985669195652008, 1.1723546981811523, 0.5051723718643188, 0.19244951009750366, -1.5794460773468018, -0.2952718734741211, -1.1195275783538818, 1.5925325155258179, -0.9815026521682739, -1.0470625162124634, -1.0127719640731812, -0.2974627912044525, -0.2118242084980011, -0.7352260947227478, 0.16903091967105865, -0.9609785079956055, -0.15933194756507874, -0.9663780927658081, 0.8334920406341553, -1.7048413753509521, 0.9194893836975098, -0.006438553333282471, 0.6830593347549438, 1.486045002937317, 0.3750389814376831, 1.2634105682373047, -0.6292571425437927, 0.17826054990291595, -1.1984667778015137, 1.5602599382400513, -0.6037593483924866, 0.34596869349479675, -1.5380094051361084, -0.05000457912683487, -0.9031079411506653, -1.5075355768203735]",yunet,Facenet,1920,1080,/home/amos/media/tv/modern_family/Modern.Family.S09.1080p.DSNP.WEB-DL.DDP5.1.H.264-CRFW/Modern.Family.S09E21.The.Escape.1080p.DSNP.WEB-DL.DDP5.1.H.264-CRFW.mkv,Modern Family,2009,1442437,9,21,Chris Geere,62879.0,0.656
727,780,252,1032,588,990,384,942,384,0.905,15216,0,"[0.1273864358663559, -2.272387981414795, -1.3826278448104858, 0.37822675704956055, 2.2435226440429688, 0.609313428401947, 0.712469756603241, 0.8322609066963196, 2.584383249282837, -0.1561174839735031, -0.6866231560707092, 0.06532090902328491, -0.8867636919021606, 0.40838223695755005, -0.6127692461013794, -0.17016738653182983, -0.9769841432571411, -0.03374280780553818, -0.011572524905204773, 0.7583492994308472, -0.4152235686779022, -0.3726896345615387, 0.6316660642623901, -0.685160219669342, 0.9970865845680237, 1.2078083753585815, 1.3532686233520508, -2.28969144821167, -0.5197547078132629, 0.04514329880475998, 0.10359171777963638, -0.2897024154663086, -1.0379955768585205, -0.4703883230686188, -1.0599353313446045, 0.8493340015411377, -0.576630175113678, 0.46783268451690674, 0.6574276089668274, -0.5586529970169067, 0.8593599796295166, 1.3619446754455566, -0.3754591941833496, -0.8377798795700073, 1.524770975112915, -1.598556399345398, -0.4761309325695038, 1.1924879550933838, -0.09555141627788544, 0.110495924949646, 0.19536907970905304, 0.614087700843811, -1.5030648708343506, -0.661892831325531, -0.5990344882011414, -2.1299073696136475, 1.5107297897338867, 1.8074185848236084, -0.10255111753940582, 0.5850952863693237, 1.7012686729431152, -1.2447888851165771, 0.44941964745521545, 0.6127570867538452, 0.8528967499732971, -0.017344430088996887, -0.39997488260269165, 1.0036271810531616, -0.4030889868736267, -0.8942981958389282, -0.4057099223136902, 0.35384663939476013, -2.2869160175323486, 1.7417317628860474, 0.8219329714775085, -1.846468448638916, -0.016353942453861237, 1.0495312213897705, -0.6391058564186096, 0.18294470012187958, -3.4141571521759033, 0.5592862367630005, 1.6011683940887451, -0.16717009246349335, -3.310239791870117, 0.2906970679759979, 1.855272650718689, -1.0351603031158447, -1.0385652780532837, -1.3927478790283203, -0.6195045709609985, -0.4290529787540436, 0.14942717552185059, 0.3415434956550598, -0.3558347225189209, -0.5680476427078247, -1.751131296157837, -0.168721541762352, -0.6748362183570862, 1.625278115272522, -0.6026214361190796, 0.35352814197540283, -1.0113235712051392, -0.6655433177947998, 0.014240540564060211, -0.5423070192337036, -1.2380766868591309, -1.417325735092163, -0.3454913794994354, 0.030683020129799843, 0.4286951422691345, -0.6192349791526794, 2.1815736293792725, -0.9026626944541931, 1.0608547925949097, 1.9853897094726562, -0.8526144027709961, 1.0076701641082764, -0.6372049450874329, 0.5125837922096252, -0.9062614440917969, 1.3703045845031738, -0.16347405314445496, 0.22905832529067993, -1.2306652069091797, -0.6839657425880432, -1.170333981513977, -0.9003698229789734]",yunet,Facenet,1920,1080,/home/amos/media/tv/modern_family/Modern.Family.S09.1080p.DSNP.WEB-DL.DDP5.1.H.264-CRFW/Modern.Family.S09E21.The.Escape.1080p.DSNP.WEB-DL.DDP5.1.H.264-CRFW.mkv,Modern Family,2009,1442437,9,21,Chris Geere,62879.0,0.613
728,810,252,1068,600,1038,396,972,396,0.916,15240,0,"[0.20456959307193756, -2.526944637298584, -1.2254981994628906, -0.18584977090358734, 1.3837472200393677, 0.8543699383735657, 0.4784200191497803, 0.84659343957901, 2.33642578125, -0.2500150799751282, -0.7368387579917908, -0.010042255744338036, -1.5074846744537354, 0.5070610046386719, -1.1934854984283447, -0.42867159843444824, -1.6511759757995605, 0.23367030918598175, 0.6876657009124756, 0.15522649884223938, 0.5641614198684692, -0.6905485987663269, -0.24066779017448425, -1.3550772666931152, 0.8418855667114258, 0.9713066220283508, 1.1955114603042603, -2.5997815132141113, -0.41378694772720337, -0.25785133242607117, -0.35223230719566345, 0.4135105609893799, -0.212179034948349, -0.7296227216720581, -1.2748548984527588, 1.1916844844818115, -0.9910362958908081, 0.09766669571399689, 0.4459010362625122, -1.3782975673675537, 1.2398655414581299, 1.4572523832321167, -0.8676683902740479, -1.2919743061065674, 1.317685604095459, -1.6579886674880981, -0.7482579350471497, 1.9057390689849854, -0.0005339086055755615, -0.20807495713233948, -0.04675518721342087, 0.1502475142478943, -1.379534125328064, -0.6484410762786865, 0.06208323314785957, -1.5011003017425537, 1.2073163986206055, 1.8266077041625977, 0.22233043611049652, 0.7227186560630798, 1.1171317100524902, -1.2565160989761353, 0.017682936042547226, 1.0079306364059448, 1.3988784551620483, 0.34650754928588867, -0.17514494061470032, 0.7199615836143494, -0.3365825116634369, -0.20419244468212128, 0.07581721246242523, 0.3490655720233917, -2.5109190940856934, 2.117091178894043, 0.7660634517669678, -2.320686101913452, -0.04449303448200226, 1.1583155393600464, -0.4750015139579773, 0.8080623149871826, -3.355239152908325, -0.35810205340385437, 1.7285914421081543, -0.6764745116233826, -2.260150671005249, 0.09597082436084747, 1.3483818769454956, -0.8653724193572998, -0.6689401865005493, -1.4932833909988403, -0.4149356782436371, 0.23407530784606934, 0.014825236052274704, 0.6386303305625916, -0.5952823758125305, -0.6114060878753662, -1.9235252141952515, -0.09438822418451309, -0.5075597763061523, 1.4688045978546143, -0.8758005499839783, -0.16102340817451477, -0.4919590353965759, -0.5260117650032043, 0.09351795166730881, -0.682015061378479, -0.45612579584121704, -1.2379004955291748, -0.4063597023487091, 0.49489203095436096, 0.6047194004058838, -1.2746788263320923, 1.192117691040039, -0.21809124946594238, 0.7555788159370422, 1.8494175672531128, 0.2624838650226593, 1.5113328695297241, -0.7303905487060547, 0.7193543910980225, -0.7415902018547058, 1.817457914352417, -0.10472346842288971, 0.8466916680335999, -1.2060359716415405, -0.2925603985786438, -1.3245580196380615, -0.44553542137145996]",yunet,Facenet,1920,1080,/home/amos/media/tv/modern_family/Modern.Family.S09.1080p.DSNP.WEB-DL.DDP5.1.H.264-CRFW/Modern.Family.S09E21.The.Escape.1080p.DSNP.WEB-DL.DDP5.1.H.264-CRFW.mkv,Modern Family,2009,1442437,9,21,Chris Geere,62879.0,0.625
729,930,228,1074,426,1008,312,954,306,0.92,15264,0,"[-0.48974910378456116, 0.07770618796348572, 1.3227702379226685, 1.4167759418487549, 0.48450711369514465, 1.7520924806594849, 1.003191351890564, -0.9705749154090881, -0.1296590119600296, 1.8765943050384521, -0.5882731676101685, 1.4013745784759521, 0.548427402973175, 0.7889233827590942, -0.6368563175201416, -0.7041277885437012, 0.41286545991897583, -1.700736165046692, -0.5774900317192078, 1.8655650615692139, -0.5775668621063232, 0.5774338841438293, 0.4931336045265198, -0.1436212956905365, -0.9988548159599304, 0.03064708039164543, 1.0289052724838257, -0.4766464829444885, 1.9534406661987305, 0.4720343351364136, -0.13212214410305023, -2.0943408012390137, -1.3897684812545776, -1.7563199996948242, 1.060715913772583, -0.23421308398246765, -1.7068172693252563, -0.42477947473526, 0.01797165721654892, -1.0052393674850464, -0.39429786801338196, 0.06724630296230316, -0.8116596937179565, 2.458566904067993, -0.24783964455127716, -0.35990381240844727, 0.1594955325126648, -0.2706751227378845, -2.053520917892456, 0.6429572105407715, -1.2861021757125854, 2.184107780456543, 0.4439546465873718, -0.3359900116920471, -1.2402044534683228, 0.5460582375526428, 1.848754644393921, 1.0659010410308838, -1.0762518644332886, -0.7498164176940918, 0.1819859743118286, 0.47966182231903076, 1.2589386701583862, 0.7496575713157654, -0.7638009786605835, 1.4188358783721924, 0.10041289031505585, 1.0313376188278198, 0.3934542238712311, 0.056502509862184525, -0.8577695488929749, 0.737525463104248, -0.5121080875396729, 0.49890244007110596, 0.3378511965274811, 0.836625337600708, -0.14890578389167786, -1.3494335412979126, 0.0791238471865654, 0.15126445889472961, -0.05590549111366272, -0.2436971366405487, 0.4043256640434265, 0.7823165059089661, 0.5769960284233093, -1.6947866678237915, 0.9251013398170471, -0.4531635046005249, -0.5806775093078613, -1.8296467065811157, -1.6545723676681519, -0.312972754240036, 0.7134000658988953, 0.7876423001289368, 0.877392053604126, 0.1782495528459549, 0.15519949793815613, -0.41006308794021606, -0.10463893413543701, -1.781954288482666, -0.16077306866645813, 1.8754602670669556, -1.4403810501098633, 1.2501357793807983, 0.7240312099456787, 0.40621668100357056, 0.14630672335624695, -1.3473200798034668, 1.7068796157836914, -1.6995636224746704, 1.4498857259750366, 1.609017014503479, 1.7773200273513794, 0.9785010814666748, -0.9116389751434326, 1.9531593322753906, -0.8912837505340576, 1.5852086544036865, -0.043961502611637115, 0.5890066027641296, 0.9350959658622742, 0.7627983093261719, 0.3208920955657959, -1.463552474975586, 0.7926136255264282, 0.08621574193239212, 1.2212638854980469, -0.14214909076690674]",yunet,Facenet,1920,1080,/home/amos/media/tv/modern_family/Modern.Family.S09.1080p.DSNP.WEB-DL.DDP5.1.H.264-CRFW/Modern.Family.S09E21.The.Escape.1080p.DSNP.WEB-DL.DDP5.1.H.264-CRFW.mkv,Modern Family,2009,1442437,9,21,Sarah Hyland,91351.0,0.514
730,594,168,786,402,732,252,648,258,0.913,15408,0,"[0.2625894546508789, 0.2781675457954407, 0.5883634090423584, 0.4165608584880829, 1.5539146661758423, -0.2437429279088974, 1.114505410194397, 1.0625544786453247, 0.1253238320350647, 0.5236175060272217, -0.017327886074781418, 0.27212533354759216, -1.8918566703796387, 0.0023249387741088867, 0.25603652000427246, 0.10381178557872772, 1.5231306552886963, 0.958460807800293, 0.5726264119148254, 0.0331355556845665, -0.5715095400810242, -0.1860099583864212, -1.0412908792495728, 0.822265088558197, 1.328139066696167, -0.7347327470779419, 0.22892625629901886, 2.328181743621826, 1.176347255706787, -0.3248600363731384, -0.3456408381462097, 2.0468907356262207, -2.346609115600586, 0.6515334844589233, -1.0570123195648193, -0.6754336357116699, 0.22811532020568848, -0.13278073072433472, -1.2046825885772705, 0.026295233517885208, -0.6847405433654785, -1.1045989990234375, -0.004727758467197418, 1.149086833000183, 0.1678745150566101, -0.01186275016516447, -0.4860475957393646, -1.4363209009170532, 0.21634165942668915, 0.3722311854362488, -0.3731239438056946, 0.546207070350647, -0.39516621828079224, 1.160909652709961, -0.6217269897460938, -0.04742013290524483, -0.8529439568519592, -0.0747828483581543, -0.2877658009529114, 0.6124339699745178, -2.0276947021484375, 1.2799986600875854, 0.3439955711364746, 0.6542986035346985, 1.1286481618881226, 1.5967278480529785, 0.6462870836257935, 2.2768850326538086, 1.0842796564102173, -0.7080562114715576, -1.087087869644165, -0.6233898401260376, 0.7573568224906921, 1.5851877927780151, -0.5314439535140991, 1.3922799825668335, -0.516371488571167, -0.7832919955253601, -1.0848709344863892, 1.6946063041687012, 3.3020973205566406e-05, 1.973135232925415, -0.48997896909713745, -2.4016971588134766, -0.852318286895752, 0.20300868153572083, -0.052312999963760376, 0.4741653800010681, -0.628581166267395, 2.151752471923828, 0.8620112538337708, -0.07981143146753311, -1.1412124633789062, -1.9001493453979492, -0.10156145691871643, -0.9531042575836182, -0.7730944156646729, -0.7829957604408264, 2.342073678970337, 2.07751727104187, -2.4261345863342285, 1.381778597831726, -0.49570441246032715, -1.631982445716858, -0.9254171848297119, 0.11193998157978058, 0.20312875509262085, 0.12037259340286255, 1.0487782955169678, -1.761949062347412, -1.370705008506775, 0.2485598623752594, 0.23438557982444763, -1.9924273490905762, 1.478752613067627, 0.6517070531845093, 1.2697131633758545, 1.0853707790374756, 1.1529463529586792, 0.3536972403526306, 0.4278895854949951, 1.2503949403762817, 1.072166919708252, -0.7321248650550842, 0.3804078698158264, 0.6417640447616577, 0.6118203401565552, 0.3032056391239166]",yunet,Facenet,1920,1080,/home/amos/media/tv/modern_family/Modern.Family.S09.1080p.DSNP.WEB-DL.DDP5.1.H.264-CRFW/Modern.Family.S09E21.The.Escape.1080p.DSNP.WEB-DL.DDP5.1.H.264-CRFW.mkv,Modern Family,2009,1442437,9,21,Ed O'Neill,18977.0,0.638
731,570,180,768,420,714,288,624,288,0.909,15432,0,"[0.9980660676956177, 0.3321739435195923, 0.4626910984516144, 0.503198504447937, 1.1338340044021606, -0.0784677192568779, 0.44912654161453247, 1.4581592082977295, 0.43034374713897705, 0.3749961256980896, -0.5648497343063354, 1.7446860074996948, -2.4966022968292236, 0.1525740772485733, -0.022949963808059692, -0.11215067654848099, 1.5926029682159424, 1.3669875860214233, 1.270006537437439, 0.09755760431289673, -0.8335305452346802, -0.6746201515197754, -1.031299114227295, 0.3265131711959839, 1.7976305484771729, -1.6037107706069946, 0.03562590107321739, 2.0057201385498047, 1.109641194343567, -0.297956258058548, -0.45140889286994934, 1.6001784801483154, -1.8731918334960938, 0.47228682041168213, -1.5136699676513672, -0.9313490986824036, -0.1453341543674469, 0.007270351052284241, -2.0039639472961426, 0.19444556534290314, -1.1128071546554565, -0.5939573049545288, 0.12525835633277893, 1.629538655281067, 0.2247757464647293, 0.047170769423246384, -0.9722958207130432, -0.9478884935379028, -0.08535657078027725, 0.6503549814224243, -0.1479688584804535, 0.46310141682624817, 0.5151605010032654, 1.1508708000183105, -0.023884586989879608, -0.03229345753788948, -1.2783777713775635, -0.07838399708271027, -0.5415905117988586, 1.0144283771514893, -1.6666804552078247, 1.523808479309082, 0.7143908739089966, 0.2185831367969513, 1.4125077724456787, 1.4498329162597656, 0.10727912187576294, 2.408097982406616, 0.6240665316581726, -0.7008775472640991, -0.7141581773757935, -0.844017505645752, 0.00041801296174526215, 1.5080351829528809, -0.22561314702033997, 0.8783519864082336, -0.21462562680244446, -0.6631986498832703, -0.5379895567893982, 1.470570683479309, 0.5666833519935608, 1.4994535446166992, -0.5398871898651123, -2.423426389694214, -0.8904658555984497, -0.16306819021701813, -0.33510828018188477, -0.01946699619293213, -0.28654929995536804, 1.807608962059021, 0.21787242591381073, -0.34354034066200256, -1.182181715965271, -1.9831321239471436, -0.30534833669662476, -1.3412989377975464, -0.7708927392959595, -0.9898943901062012, 2.120201587677002, 2.6539480686187744, -1.9495640993118286, 1.5916690826416016, -0.1052687019109726, -1.4506127834320068, -1.116365909576416, -0.22002074122428894, -0.34468162059783936, -0.4202502369880676, 0.32826316356658936, -1.8076201677322388, -1.219942331314087, 0.7497149705886841, -0.031771399080753326, -2.307598829269409, 1.1714664697647095, 0.30553513765335083, 0.38712722063064575, 1.6486092805862427, 1.5203365087509155, 0.1611398160457611, 0.27203425765037537, 0.6979433298110962, 0.838511049747467, -0.1810539960861206, 0.8518193960189819, 0.903593122959137, 0.291856586933136, 0.9137966632843018]",yunet,Facenet,1920,1080,/home/amos/media/tv/modern_family/Modern.Family.S09.1080p.DSNP.WEB-DL.DDP5.1.H.264-CRFW/Modern.Family.S09E21.The.Escape.1080p.DSNP.WEB-DL.DDP5.1.H.264-CRFW.mkv,Modern Family,2009,1442437,9,21,Ed O'Neill,18977.0,0.691
732,894,186,1116,474,1056,288,954,288,0.921,15600,0,"[1.0362329483032227, 0.03712909668684006, -1.474222183227539, -0.07019663602113724, 0.7350845336914062, 1.6268001794815063, -1.4536092281341553, 2.2274770736694336, 1.34175443649292, -1.5414336919784546, -0.3026009500026703, -0.2876768410205841, -0.9417616724967957, 0.5899072885513306, -0.6142094135284424, 0.5010190010070801, -0.10393892228603363, 0.6976411938667297, -0.21403226256370544, -0.4023381173610687, -1.9497272968292236, 0.4503403306007385, 1.6332474946975708, 1.4973803758621216, 1.0918349027633667, 0.7207212448120117, 0.4870327413082123, -0.004624612629413605, -0.3168923258781433, -0.34927770495414734, -0.6046448945999146, 0.8176355361938477, -0.4501463770866394, 0.474714457988739, 0.1523681879043579, 0.29752618074417114, -0.5716579556465149, 0.9911682605743408, -2.0236523151397705, 1.847499132156372, 1.8913174867630005, -1.557721734046936, -0.0006443783640861511, 0.2268521785736084, 1.547622561454773, -2.0050742626190186, -0.0912618488073349, 0.23069395124912262, 0.26266342401504517, -0.4685003459453583, 0.580263078212738, 0.14885877072811127, 1.6885459423065186, -0.2095557004213333, 0.5790724754333496, 0.881953775882721, 1.5670528411865234, -2.1486778259277344, -0.8045751452445984, -1.2595988512039185, 0.05179137736558914, 1.5472779273986816, 0.42966750264167786, 0.9784151911735535, -1.2154300212860107, -0.4653964042663574, 0.4679652154445648, 0.7321808934211731, -0.5812102556228638, -1.9264864921569824, -0.7280207872390747, 0.5786391496658325, -0.16363678872585297, 0.9747768044471741, 0.1456066519021988, -0.9143263101577759, -2.1176655292510986, 0.5421971082687378, -0.33773916959762573, -2.2595341205596924, 0.5663211345672607, 0.4756018817424774, -1.0797003507614136, -0.6879025101661682, 1.531550645828247, -0.7751467227935791, 0.48639756441116333, 1.2462413311004639, 1.549961805343628, 0.3506900370121002, -0.9696468710899353, -1.2722219228744507, 0.6249980926513672, -0.11620859056711197, 0.6079031825065613, 0.06310819089412689, 1.4205405712127686, -0.5571665167808533, -0.04328364133834839, 0.970157265663147, 0.5276177525520325, -0.19156917929649353, -1.0457525253295898, -0.6855534911155701, 0.431365966796875, -0.29648011922836304, -0.6476479768753052, 0.812879204750061, 0.21847635507583618, 0.013049012050032616, -0.6954529285430908, 2.2708799839019775, 1.0132290124893188, -1.1776578426361084, -1.75553297996521, -0.2856019139289856, -0.7024356126785278, -0.9149136543273926, 0.6660674810409546, -1.8879847526550293, 0.15903808176517487, 0.38290396332740784, 0.44591015577316284, -0.4944363236427307, 1.7536592483520508, -0.3758249580860138, -0.3947546184062958, -0.47729048132896423]",yunet,Facenet,1920,1080,/home/amos/media/tv/modern_family/Modern.Family.S09.1080p.DSNP.WEB-DL.DDP5.1.H.264-CRFW/Modern.Family.S09E21.The.Escape.1080p.DSNP.WEB-DL.DDP5.1.H.264-CRFW.mkv,Modern Family,2009,1442437,9,21,Mary Louise Wilson,115767.0,0.722
733,846,204,1086,492,1020,306,900,300,0.917,15624,0,"[1.6372891664505005, 0.15089109539985657, -1.7594232559204102, -0.19537122547626495, -0.5768548846244812, 1.7696689367294312, -0.9563760161399841, 2.5339202880859375, 0.4617370069026947, -0.6564927101135254, 0.017849333584308624, 0.017536185681819916, -1.3867287635803223, 0.6040587425231934, -0.4791731536388397, 1.3558839559555054, -0.28993743658065796, 0.6095387935638428, -0.2760390639305115, -0.6904878616333008, -1.2654945850372314, 0.389101505279541, 1.0441904067993164, 1.9521924257278442, 1.7289096117019653, 0.1867232322692871, -0.19524335861206055, 0.3419685363769531, -0.24485917389392853, -0.6969259977340698, -0.5086609125137329, 1.3757193088531494, -1.1143672466278076, 1.2427173852920532, 0.21387694776058197, -0.6846027374267578, -0.6508083939552307, 1.2557348012924194, -2.1469297409057617, 2.061495780944824, 1.1360236406326294, -0.42903363704681396, 0.6501703262329102, 0.2756495177745819, 1.088486671447754, -1.828270435333252, 0.4813872277736664, 0.4555303156375885, 0.6670151948928833, -0.5653445720672607, 0.21628780663013458, -0.6150269508361816, 1.859768271446228, -0.07782755047082901, 0.6852560639381409, 0.9747818112373352, 2.4801042079925537, -0.8975794315338135, -1.784071922302246, -1.2416982650756836, -0.5927274823188782, 2.5965447425842285, -0.4337049126625061, 1.4532071352005005, -0.3811403214931488, -0.6095076203346252, 0.8468455672264099, 0.8109022974967957, -0.7573644518852234, -1.9875705242156982, 0.2620687484741211, 1.1609413623809814, -0.1969895362854004, 1.5287941694259644, 0.25713908672332764, -1.2303475141525269, -2.1163365840911865, 1.0638597011566162, -0.461444616317749, -1.2220724821090698, 0.6389943361282349, -0.7273764610290527, -0.8114858269691467, -1.9132542610168457, 1.1099817752838135, -0.29830223321914673, 0.07670515775680542, 1.292637825012207, 1.9149482250213623, 0.13307355344295502, 0.02885136753320694, -1.564917802810669, 0.33805766701698303, 0.23240679502487183, 1.867497444152832, 0.37735235691070557, 1.2563363313674927, -0.5536475777626038, 0.47119903564453125, 0.736069917678833, 0.5871654152870178, -0.3427978754043579, -1.6810802221298218, -1.0398708581924438, 0.5005479454994202, -1.2857756614685059, -0.4814281463623047, 0.2428145408630371, 0.608393132686615, 0.21777065098285675, -1.0576733350753784, 1.9952723979949951, 1.130147099494934, -1.0142524242401123, -2.5261549949645996, -0.5644670724868774, -0.323744535446167, -0.32469093799591064, 0.6275291442871094, -1.753037452697754, 0.00011723488569259644, 0.4125688672065735, 0.47001075744628906, -0.5033295154571533, 1.8621472120285034, -0.2683517336845398, -0.7361915111541748, -1.2061142921447754]",yunet,Facenet,1920,1080,/home/amos/media/tv/modern_family/Modern.Family.S09.1080p.DSNP.WEB-DL.DDP5.1.H.264-CRFW/Modern.Family.S09E21.The.Escape.1080p.DSNP.WEB-DL.DDP5.1.H.264-CRFW.mkv,Modern Family,2009,1442437,9,21,Mary Louise Wilson,115767.0,0.694
734,876,228,1086,486,1014,306,918,306,0.926,15696,0,"[1.5273377895355225, 0.3247925043106079, -1.247182011604309, -0.3036459684371948, -0.5162761807441711, 0.7182512283325195, -1.5652005672454834, 1.7571910619735718, 0.8015335202217102, -1.4313846826553345, 0.10786434262990952, -0.0345005989074707, -1.7003884315490723, 0.7762209177017212, -0.11359214782714844, 0.5115623474121094, 0.26355719566345215, 0.9419124126434326, -0.7868094444274902, -1.3085978031158447, -2.4043188095092773, 0.3515644073486328, 1.561730980873108, 1.9377639293670654, 1.711133599281311, 0.7462738156318665, 0.4726293087005615, -0.37628093361854553, 0.13038721680641174, -1.3531187772750854, -0.3965187072753906, 0.5300951600074768, -0.6710792183876038, 0.9476484060287476, 0.06932259351015091, 1.1105164289474487, -0.66582190990448, 0.8441739082336426, -2.1754696369171143, 1.5075485706329346, 0.9549210667610168, -1.3625603914260864, 0.19888034462928772, 0.09102560579776764, 1.7400381565093994, -2.145043134689331, -0.04200176149606705, 0.01925078220665455, 0.23363901674747467, -1.0804866552352905, 1.0022462606430054, -1.6656980514526367, 1.48162043094635, 0.2234203964471817, 0.7307702898979187, 1.0389078855514526, 1.7844061851501465, -1.5678342580795288, -1.0164583921432495, -1.9894226789474487, -1.0609736442565918, 1.2355750799179077, 0.3372141718864441, 0.5525587797164917, -0.5280061960220337, -0.33162921667099, 0.1272195279598236, 0.6620252728462219, -1.6406995058059692, -1.2443287372589111, -0.44749391078948975, 1.3196183443069458, -0.18288685381412506, 0.5513041615486145, -0.051451440900564194, -1.3986505270004272, -2.3566040992736816, 0.8854789137840271, -0.33567243814468384, -2.1980175971984863, 0.4909203350543976, -0.22188808023929596, -1.8431824445724487, -1.0649018287658691, 1.340448260307312, -0.5716120004653931, -0.15141667425632477, 0.9606573581695557, 1.9451833963394165, -0.12826161086559296, 0.4787923991680145, -1.3096791505813599, 0.6822904348373413, -0.7139668464660645, 0.3303244113922119, 0.11668698489665985, 1.4541574716567993, -0.16076822578907013, 1.2130959033966064, 0.5511203408241272, 0.14029602706432343, -0.012834403663873672, -0.2023048996925354, -1.0143852233886719, 1.1118561029434204, -0.1514066904783249, -1.0955886840820312, 0.7263753414154053, 0.04032902419567108, 0.08501764386892319, -1.048918604850769, 2.546802282333374, 1.1400411128997803, -1.3735172748565674, -1.4393532276153564, -0.08602666109800339, -0.506258487701416, -0.7422561645507812, 1.0009509325027466, -1.357737421989441, -0.6240556240081787, -0.2885328233242035, 1.0861871242523193, -0.25298768281936646, 2.1826024055480957, -0.26464173197746277, -0.5101761817932129, -0.7493891716003418]",yunet,Facenet,1920,1080,/home/amos/media/tv/modern_family/Modern.Family.S09.1080p.DSNP.WEB-DL.DDP5.1.H.264-CRFW/Modern.Family.S09E21.The.Escape.1080p.DSNP.WEB-DL.DDP5.1.H.264-CRFW.mkv,Modern Family,2009,1442437,9,21,Mary Louise Wilson,115767.0,0.757
735,906,216,1122,498,1050,318,948,318,0.924,15720,0,"[1.0795289278030396, -0.06881161779165268, -0.9184557795524597, -0.6001499891281128, 0.1113291084766388, 0.7643071413040161, -1.9893453121185303, 2.073782205581665, 1.3643068075180054, -1.6064319610595703, -0.43020203709602356, 0.31452542543411255, -0.864686906337738, 0.4228535592556, 0.14624935388565063, 1.1166527271270752, 0.13215629756450653, 0.6113029718399048, -0.1927873194217682, -0.3368849754333496, -2.0424482822418213, 0.47570985555648804, 1.3202117681503296, 2.045907974243164, 1.5524413585662842, 1.1938754320144653, 0.8957525491714478, 0.09239298105239868, 0.006772175431251526, -0.9806798100471497, -0.7029093503952026, 0.5307929515838623, -0.604043185710907, 0.6537263989448547, -0.2895021140575409, 0.9508617520332336, -0.18974265456199646, 0.6273611187934875, -1.979140281677246, 1.6454951763153076, 1.0879935026168823, -0.7901977300643921, -0.18743029236793518, 0.34789907932281494, 1.850692629814148, -1.890046238899231, -0.4517672657966614, -0.3311343789100647, 1.1974202394485474, -0.5674281120300293, 0.9348809719085693, -0.963577151298523, 1.490605115890503, -0.38870370388031006, 0.9939673542976379, -0.04962455481290817, 1.6862103939056396, -1.598578691482544, -0.44740116596221924, -0.8539765477180481, -0.3806491196155548, 1.452826738357544, 0.6385645866394043, 0.37878644466400146, -1.3227665424346924, -0.10851019620895386, 0.5189758539199829, 0.29313668608665466, -0.8303225040435791, -1.3359401226043701, -0.9561968445777893, 0.8228724002838135, -0.4082503914833069, 0.19684208929538727, 0.1785956472158432, -1.4372879266738892, -2.9776275157928467, 0.8754399418830872, 0.003898702561855316, -2.0139787197113037, -0.022569963708519936, -0.05585557967424393, -1.0550471544265747, -0.771401584148407, 0.6017091274261475, -0.11415714025497437, -0.13409918546676636, 1.5430556535720825, 1.6557003259658813, -0.15253548324108124, 0.5335261821746826, -1.2115520238876343, 0.1858893781900406, -0.7831387519836426, 0.49184682965278625, 0.18821664154529572, 1.0063049793243408, -0.9949016571044922, 0.6947667002677917, 1.260394811630249, 0.7614787817001343, 0.15412232279777527, -0.8408032655715942, -1.06549072265625, 0.6588746905326843, -0.4487037658691406, -1.3726028203964233, 0.775314211845398, -0.2947503924369812, 0.5452312231063843, -0.9811304807662964, 1.4979301691055298, 1.2118226289749146, -1.387071132659912, -1.131082534790039, -0.14831212162971497, -0.852597713470459, -0.9613540172576904, 1.020819902420044, -1.9718308448791504, 0.016145266592502594, -0.47395023703575134, 0.5625907182693481, -1.0783710479736328, 2.026621103286743, -1.118072748184204, 0.12312614172697067, -1.1553053855895996]",yunet,Facenet,1920,1080,/home/amos/media/tv/modern_family/Modern.Family.S09.1080p.DSNP.WEB-DL.DDP5.1.H.264-CRFW/Modern.Family.S09E21.The.Escape.1080p.DSNP.WEB-DL.DDP5.1.H.264-CRFW.mkv,Modern Family,2009,1442437,9,21,Mary Louise Wilson,115767.0,0.797
736,918,252,1122,510,1026,342,942,342,0.929,15744,0,"[1.337141752243042, 0.8001792430877686, -1.913070559501648, -0.8871862292289734, -0.10507185757160187, 1.24784255027771, -2.649163007736206, 2.6371755599975586, 1.0643690824508667, -0.7150745987892151, -0.9762804508209229, 0.02134057693183422, -0.8196289539337158, 1.8022546768188477, 0.6031079292297363, 1.0390812158584595, -0.6219435930252075, 0.8940520882606506, -0.059041671454906464, -1.3102588653564453, -1.9687399864196777, 0.4092470407485962, 1.952775239944458, 2.3085036277770996, 2.158292055130005, 0.31007304787635803, -0.20370623469352722, 0.8904982805252075, -0.2630874514579773, -1.074461817741394, -1.4324638843536377, 0.41163626313209534, -1.1551357507705688, 1.3602970838546753, 0.7158396244049072, -0.02518371492624283, -0.31898653507232666, 0.534782886505127, -2.1860764026641846, 1.510007381439209, 1.429613709449768, -1.6311345100402832, 0.6392070055007935, -0.12702792882919312, 1.4256060123443604, -2.327678680419922, 0.12483754754066467, -0.7420773506164551, 1.4989722967147827, -0.6927840709686279, -0.37606245279312134, -0.5493921041488647, 1.1679033041000366, -0.39129745960235596, 0.11713716387748718, 0.4221908450126648, 1.7894158363342285, -2.055385112762451, 0.1902729719877243, -1.1899443864822388, -0.00849144160747528, 2.486034870147705, 0.793856680393219, 1.1965535879135132, -1.1848450899124146, -0.4271164536476135, 0.15101809799671173, 0.8083344101905823, -0.2005634605884552, -1.3867250680923462, -0.6656205058097839, 1.030402421951294, 0.4426197409629822, 0.6550425291061401, 0.048917271196842194, -1.712956428527832, -1.3356950283050537, 0.32116785645484924, 0.01333562284708023, -2.434577703475952, 0.7326727509498596, -0.18961164355278015, -1.0247914791107178, -0.3166790306568146, 1.4399769306182861, -0.9466996192932129, -0.06828925013542175, 0.9655940532684326, 1.2841789722442627, 0.4697480797767639, 0.6511098742485046, -2.0747451782226562, 0.009097587317228317, -1.0235601663589478, 0.46484020352363586, 0.2751242518424988, 1.3920848369598389, 0.013969607651233673, 0.4848957657814026, 1.3908880949020386, -0.31386083364486694, 0.32123032212257385, -0.6063539385795593, -0.3285579979419708, 0.8726008534431458, -0.19943246245384216, -1.0776968002319336, 1.1044420003890991, -0.6006516814231873, 0.8703405857086182, -0.09526512026786804, 1.7222319841384888, 0.3919411599636078, -0.5422918796539307, -1.1077152490615845, -0.8924696445465088, 0.3741615414619446, -0.8517197966575623, 0.9773027300834656, -1.7544703483581543, 0.716404139995575, 0.3863776624202728, 0.3908063769340515, -0.2917795479297638, 1.605097770690918, -1.455875277519226, 0.16218042373657227, -0.9053773880004883]",yunet,Facenet,1920,1080,/home/amos/media/tv/modern_family/Modern.Family.S09.1080p.DSNP.WEB-DL.DDP5.1.H.264-CRFW/Modern.Family.S09E21.The.Escape.1080p.DSNP.WEB-DL.DDP5.1.H.264-CRFW.mkv,Modern Family,2009,1442437,9,21,Mary Louise Wilson,115767.0,0.76
737,630,252,870,546,822,378,738,378,0.902,15792,0,"[-0.7208501100540161, -0.8068560361862183, 0.23559357225894928, 0.7226244807243347, 0.5109944939613342, -0.5512011051177979, -0.16243256628513336, 2.1528196334838867, -0.6285418272018433, -0.19732245802879333, 0.10491951555013657, 0.1608773022890091, -1.0515639781951904, 0.7863926887512207, -0.6543879508972168, -0.0788438618183136, 1.558964490890503, 0.2652761936187744, 0.6429068446159363, 0.6969889402389526, -1.1234092712402344, -0.15824466943740845, 0.05954296141862869, 0.2535298764705658, 1.1149224042892456, -0.8832157850265503, 0.04679503291845322, 2.8529701232910156, 0.8273197412490845, -1.240862488746643, -0.8409578800201416, 1.4819295406341553, -1.0998375415802002, 0.11059276014566422, -0.8181708455085754, 0.9315311312675476, 0.5037180185317993, -0.4917965531349182, -0.3182976245880127, -0.5810384750366211, -0.64410799741745, -0.44793701171875, -1.4358736276626587, 0.4321820139884949, 1.3290811777114868, -0.49135851860046387, -0.8483870029449463, -1.1759936809539795, 0.6559802293777466, 0.6696431636810303, -0.42434781789779663, 0.553612470626831, -0.6354309916496277, 0.38396745920181274, -1.3617640733718872, 1.4076119661331177, -0.896949052810669, -0.17892396450042725, 0.05845995247364044, 0.7389406561851501, -1.4646093845367432, 1.1943849325180054, 0.6422009468078613, -0.3735819160938263, 0.10454707592725754, 1.446068286895752, 1.0306452512741089, 1.7849748134613037, 1.0768098831176758, -0.027112927287817, -1.2108572721481323, 0.22519713640213013, -0.12004901468753815, 1.2287096977233887, 0.4452798366546631, 0.38973087072372437, -0.8171770572662354, -0.7547654509544373, -0.47169333696365356, 1.7335013151168823, 0.20265528559684753, 1.2153106927871704, -0.009579434990882874, -1.8265190124511719, 0.03267281875014305, 0.655441164970398, -0.05496778339147568, 0.8664197325706482, -0.5119360685348511, 1.870315670967102, 1.0620436668395996, 0.2443791627883911, -1.8143049478530884, -0.8953174352645874, -1.2106000185012817, -0.4039400517940521, -0.5434706211090088, -1.4390673637390137, 1.8522322177886963, 2.4783263206481934, -2.3735532760620117, 1.9493942260742188, 0.26241186261177063, -2.044921398162842, -0.33049947023391724, 0.04438060522079468, 0.9897603392601013, 0.026317287236452103, 0.3880698084831238, -0.9474855065345764, -0.6487665176391602, 0.4950252175331116, 0.02415793389081955, -1.510810375213623, 1.8088842630386353, 0.8233108520507812, 1.9570224285125732, 1.049235463142395, 0.18652939796447754, -0.6517623066902161, 0.7082770466804504, 0.8821783065795898, 0.8875316381454468, -0.44029951095581055, 0.48906320333480835, -0.21913844347000122, 0.10824014246463776, 0.18564818799495697]",yunet,Facenet,1920,1080,/home/amos/media/tv/modern_family/Modern.Family.S09.1080p.DSNP.WEB-DL.DDP5.1.H.264-CRFW/Modern.Family.S09E21.The.Escape.1080p.DSNP.WEB-DL.DDP5.1.H.264-CRFW.mkv,Modern Family,2009,1442437,9,21,Ed O'Neill,18977.0,0.637
738,726,156,864,336,834,222,774,222,0.91,15888,0,"[-0.035478539764881134, 0.9792568683624268, 0.28267237544059753, -2.081024646759033, 0.979667067527771, -1.2564833164215088, -1.5706976652145386, 0.25787773728370667, 1.4707735776901245, -1.7472492456436157, 0.6541333198547363, 0.49573010206222534, 0.6928926110267639, -0.35591447353363037, 0.7450188398361206, 0.20355531573295593, -0.8990167379379272, 0.10069061815738678, -0.6487095355987549, -0.8786622285842896, 0.17436739802360535, -0.11060906201601028, -0.09981924295425415, 0.5263378024101257, -1.5379165410995483, 0.3449627459049225, -2.3684399127960205, -0.24640437960624695, -0.5796046853065491, -1.6987825632095337, -0.9353518486022949, -1.6062978506088257, 0.37369096279144287, -0.6772240996360779, 0.7456158399581909, 3.684563159942627, -1.372058391571045, -0.8874719738960266, -0.17380937933921814, -0.9487125873565674, 0.922659158706665, -0.0708220899105072, -0.08598978817462921, -0.3079841732978821, -1.585646390914917, 0.16884437203407288, 0.05132212117314339, -1.1269453763961792, -1.529066562652588, -0.9213452339172363, 0.9151143431663513, -2.9319510459899902, -1.4124648571014404, -0.8378812074661255, -0.5571728348731995, 0.491895467042923, 0.734067440032959, -1.535873293876648, 0.04065870866179466, 0.5041022300720215, -0.4908302426338196, -0.7202932238578796, -1.4870495796203613, -0.042689938098192215, 1.3225374221801758, -1.185579538345337, -0.35999831557273865, -1.6819816827774048, 1.7121278047561646, 1.942640781402588, 1.0299265384674072, 1.7311224937438965, -2.4120559692382812, -0.3492501378059387, 1.2976888418197632, -0.05083444342017174, 0.28734689950942993, 0.2586820125579834, -0.4466978907585144, -0.8413560390472412, 0.2737574577331543, -1.1395189762115479, 0.9828615188598633, -0.8426592350006104, 1.253437876701355, -1.492526650428772, 1.20512056350708, 0.0967807024717331, -0.5127156972885132, 0.19337980449199677, 1.0768249034881592, -1.1427794694900513, -0.521668016910553, -1.044784665107727, -1.6331989765167236, -0.04728488251566887, -0.06925062835216522, 0.4313284456729889, 0.5469571352005005, 0.047062188386917114, -1.0585992336273193, -0.6766456365585327, 0.2566415071487427, 0.41300439834594727, 1.0287665128707886, -0.3411704897880554, 1.3076218366622925, -0.2181057333946228, 0.06284194439649582, 1.274112582206726, 1.5686579942703247, -0.009409517049789429, -1.2865785360336304, 1.4119603633880615, 0.8652409911155701, -0.0007761046290397644, 2.6633479595184326, 0.5093561410903931, 0.4502967596054077, -0.39816784858703613, 1.0565165281295776, 0.16056203842163086, 0.3581278920173645, 0.33062925934791565, 0.05065353214740753, -2.6285643577575684, -2.413241386413574, 0.3346494436264038]",yunet,Facenet,1920,1080,/home/amos/media/tv/modern_family/Modern.Family.S09.1080p.DSNP.WEB-DL.DDP5.1.H.264-CRFW/Modern.Family.S09E21.The.Escape.1080p.DSNP.WEB-DL.DDP5.1.H.264-CRFW.mkv,Modern Family,2009,1442437,9,21,Julie Bowen,31171.0,0.586
739,810,210,990,438,966,300,882,294,0.908,15936,0,"[0.6526346206665039, -1.0976576805114746, 0.011949380859732628, 0.007442064583301544, 0.17464309930801392, 0.4613310992717743, -1.5276306867599487, 0.667073130607605, -1.1640712022781372, 0.682799220085144, -1.8362557888031006, 0.8920714855194092, 0.33462637662887573, -0.5402659177780151, 0.8980178833007812, 0.01976129785180092, 2.0962913036346436, 0.4517843723297119, 1.733880877494812, -0.7996664047241211, -0.9199662208557129, 0.1354140341281891, 0.28056925535202026, 0.2291826605796814, 0.8073336482048035, -0.9472635388374329, 0.24367475509643555, 4.071390628814697, 1.0480754375457764, 0.12612640857696533, -0.5809084177017212, 1.8240476846694946, -1.4075144529342651, 0.39631423354148865, -1.2565494775772095, -0.9837669134140015, 0.314257949590683, -0.17745807766914368, -1.9149701595306396, -0.09130033850669861, -0.4369652569293976, -0.8386406302452087, -0.013142861425876617, 0.8996482491493225, 0.8283103704452515, -0.7250566482543945, 1.1028915643692017, -2.1849329471588135, 1.2168341875076294, -0.41193750500679016, -0.8367956876754761, -1.0346475839614868, -0.7187491059303284, 1.0527552366256714, -0.745972216129303, 0.220608651638031, -0.8839436769485474, -0.0246357973664999, -1.3201643228530884, 0.009285546839237213, -2.262594699859619, -0.007910698652267456, 1.3273359537124634, 0.19599725306034088, -0.9926243424415588, 0.36856257915496826, 1.359235405921936, 1.1566616296768188, 0.7363715171813965, -1.2062937021255493, -0.7615410089492798, 0.7659687995910645, 0.804733395576477, 1.5030626058578491, 0.017119472846388817, 1.43511962890625, -0.9953407049179077, -0.6320821642875671, 0.475730299949646, 0.7742310762405396, -0.030870074406266212, 1.2899993658065796, -0.30326327681541443, -0.9289700388908386, -0.7923560738563538, -0.4369916319847107, 0.43040522933006287, -0.15464428067207336, -0.04874395206570625, 1.7684273719787598, 1.1967871189117432, -1.2070136070251465, -1.8103046417236328, -1.455081820487976, 0.4105583429336548, -0.5684624314308167, -1.240515112876892, -0.35975614190101624, 2.1271371841430664, 0.8517041802406311, -0.17703698575496674, 1.8033169507980347, 0.3087586760520935, -1.5886094570159912, -0.27595990896224976, 0.5219733119010925, -1.3588440418243408, -0.668474555015564, 0.7816410660743713, -1.8419021368026733, -1.8551709651947021, 1.0697389841079712, -1.416550874710083, -0.8654448986053467, 1.6389824151992798, -0.31204211711883545, 0.3686468005180359, -0.12581230700016022, 0.04903043806552887, -0.40764281153678894, 0.4587278366088867, 0.7790030241012573, 0.8190616965293884, 0.9573719501495361, 1.0053014755249023, 0.2374931275844574, 0.8800822496414185, -0.07449690252542496]",yunet,Facenet,1920,1080,/home/amos/media/tv/modern_family/Modern.Family.S09.1080p.DSNP.WEB-DL.DDP5.1.H.264-CRFW/Modern.Family.S09E21.The.Escape.1080p.DSNP.WEB-DL.DDP5.1.H.264-CRFW.mkv,Modern Family,2009,1442437,9,21,Ed O'Neill,18977.0,0.705
740,624,324,768,528,762,402,696,408,0.916,15984,0,"[-0.21044230461120605, 1.1679681539535522, -1.7865885496139526, 0.044374026358127594, 1.1796655654907227, -1.4966347217559814, -1.8688862323760986, -0.14741040766239166, 0.8572731018066406, -0.9758244752883911, 1.2561877965927124, 0.3446832001209259, 0.8076916933059692, -1.1886341571807861, 1.0621931552886963, 0.0004391483962535858, -0.023974701762199402, 0.12218165397644043, -1.4099857807159424, 0.26937463879585266, -0.19532108306884766, 0.9809173345565796, 0.6306987404823303, 0.9237642884254456, -0.6492331027984619, 0.7316660284996033, -1.1237590312957764, -0.47068876028060913, 0.8507463932037354, -2.4540371894836426, -0.16875490546226501, -0.9634780287742615, 0.6899796724319458, -0.9485895037651062, 0.20671777427196503, 3.233757257461548, -0.7732118964195251, 1.1702775955200195, 0.4580325782299042, -0.4041704535484314, 0.6289820075035095, 0.24199578166007996, 0.5863476991653442, -1.9648574590682983, -1.946010947227478, 0.974334180355072, 0.056325074285268784, -2.3855745792388916, -0.9068632125854492, -0.7804309129714966, 0.20763061940670013, -2.0861153602600098, -0.7127965688705444, 0.24622158706188202, 0.12287384271621704, 0.42280498147010803, -1.1306102275848389, -1.0892869234085083, 0.15411899983882904, 0.13830333948135376, 0.3552008271217346, -1.8614100217819214, -1.3984594345092773, -0.9624156951904297, 1.237310528755188, -1.078802466392517, 0.18627695739269257, -0.5619595646858215, 0.8295711874961853, 1.5334281921386719, 0.9514035582542419, 2.001279592514038, -2.362365484237671, 0.9618791937828064, 1.7182385921478271, 0.24141135811805725, 0.9960589408874512, 0.7790858745574951, -0.44492441415786743, -0.2020483911037445, 0.3740134537220001, 0.22367233037948608, 0.32871246337890625, -0.0001366008073091507, -0.060537390410900116, 0.704422116279602, 0.21026510000228882, -0.7107058763504028, -1.7168275117874146, -1.058607816696167, 1.3739100694656372, -1.264902949333191, 0.5010458827018738, -0.9014034271240234, -1.3505600690841675, -1.1930954456329346, -0.9579387903213501, 2.144993782043457, 0.9175166487693787, -1.0243326425552368, -2.1960325241088867, -1.15836501121521, 0.49254631996154785, 1.116943359375, 1.1823432445526123, -0.3066669702529907, 1.5592721700668335, -0.24491384625434875, -0.8399665355682373, 1.1431058645248413, 1.3555997610092163, 0.7087730765342712, -0.6973578929901123, 0.9097715616226196, 0.47854042053222656, 0.11293081939220428, 0.15661178529262543, -0.3181121051311493, 0.3449667692184448, 1.3799010515213013, 0.17213304340839386, -0.41298454999923706, 0.3388020992279053, -0.11745507270097733, -0.9792970418930054, -0.3918868601322174, -1.4599061012268066, 1.4682379961013794]",yunet,Facenet,1920,1080,/home/amos/media/tv/modern_family/Modern.Family.S09.1080p.DSNP.WEB-DL.DDP5.1.H.264-CRFW/Modern.Family.S09E21.The.Escape.1080p.DSNP.WEB-DL.DDP5.1.H.264-CRFW.mkv,Modern Family,2009,1442437,9,21,Julie Bowen,31171.0,0.677
741,600,336,750,534,732,408,672,414,0.905,16008,0,"[-0.9693043231964111, 0.8901052474975586, -0.7412997484207153, -0.7141179442405701, 1.3296338319778442, -1.907053828239441, -1.5912420749664307, 1.1678593158721924, 0.08594486117362976, -1.739106297492981, 0.7355294823646545, 0.4179351031780243, 0.4736493229866028, -1.3321479558944702, 0.2983071208000183, 0.7838581204414368, -0.7429471015930176, -0.185510516166687, -2.0731260776519775, -0.24660928547382355, 0.09589779376983643, 0.3963319659233093, 0.838817298412323, -0.23275381326675415, -1.026281714439392, 0.10531067848205566, -0.6701371669769287, 0.6853621602058411, -0.2642338275909424, -1.5792088508605957, -1.480481505393982, -0.675851583480835, 0.8037060499191284, -1.2504886388778687, -0.5027613639831543, 2.695716619491577, -1.5629223585128784, 0.18564584851264954, -0.34507402777671814, -0.635496973991394, 0.5972101092338562, -0.771178126335144, -0.28776875138282776, -0.8797979354858398, -1.078150987625122, 0.44886380434036255, 0.3818843960762024, -1.9715135097503662, -2.00295352935791, -0.5079628229141235, -0.42752891778945923, -1.2759342193603516, 0.13220082223415375, -0.24686765670776367, 0.1620735228061676, 0.15229396522045135, -0.8026556968688965, -0.6924607753753662, -0.5708015561103821, 0.5081198811531067, 0.042292676866054535, -2.0368800163269043, -1.8869640827178955, -0.09147047996520996, 0.8623157739639282, -1.7023879289627075, -0.2487279772758484, -1.7703715562820435, 0.8114035129547119, 0.7993533611297607, 0.9701313376426697, 1.6993379592895508, -2.3463375568389893, 1.338779091835022, 2.5478298664093018, 0.3559989035129547, 0.5741734504699707, 2.216658592224121, 1.0450820922851562, -0.2751370072364807, 0.28501638770103455, 0.4132131040096283, 0.3888449966907501, -1.0544649362564087, 1.180349588394165, 0.6247906684875488, 0.6566653251647949, -1.363709807395935, -1.5420889854431152, -0.21335141360759735, 0.6231977939605713, -1.1127923727035522, -0.02666747011244297, -0.882676362991333, -0.7378952503204346, -0.6964697241783142, -1.4935475587844849, 1.0419976711273193, 0.17731571197509766, -1.122272253036499, -1.834710955619812, -0.8708984851837158, 0.43163931369781494, 1.0146504640579224, 0.9013649225234985, -1.1412632465362549, 1.5957432985305786, -0.029527828097343445, -1.1181035041809082, 1.9240546226501465, 0.9261510968208313, 1.1841932535171509, -0.34888359904289246, 1.4649896621704102, -0.11396469920873642, 0.5637786388397217, 1.0236932039260864, -0.12373264133930206, -1.0029641389846802, 0.316726952791214, 1.2874191999435425, -0.40519583225250244, -0.4978732466697693, 0.22114957869052887, -1.497327208518982, -0.7100157141685486, -2.155888080596924, 1.3916388750076294]",yunet,Facenet,1920,1080,/home/amos/media/tv/modern_family/Modern.Family.S09.1080p.DSNP.WEB-DL.DDP5.1.H.264-CRFW/Modern.Family.S09E21.The.Escape.1080p.DSNP.WEB-DL.DDP5.1.H.264-CRFW.mkv,Modern Family,2009,1442437,9,21,Julie Bowen,31171.0,0.684
742,1062,282,1260,546,1176,378,1098,372,0.911,16032,0,"[1.2493654489517212, 0.3115575909614563, -1.6180058717727661, 0.2720281779766083, 0.3527267575263977, 1.4950053691864014, -2.0208370685577393, 2.124366044998169, 0.77388596534729, -1.1995878219604492, -0.3821013271808624, -0.4599493443965912, -0.7785552740097046, 1.087363600730896, 0.12587612867355347, -0.8349469900131226, 0.35899558663368225, -0.16660244762897491, -1.3096327781677246, -0.9549404382705688, -1.445115327835083, -0.26567724347114563, 1.7781771421432495, 0.9291284680366516, 2.413161516189575, 0.5100424885749817, -0.12244191765785217, 0.9947142004966736, 0.30629652738571167, -1.6391254663467407, -0.8501033782958984, 0.831537663936615, -1.9950695037841797, 0.9564343690872192, 0.4906650483608246, 0.23451009392738342, -0.42395028471946716, 0.2070397436618805, -2.2401227951049805, 0.8677873611450195, 1.8551530838012695, -0.5395257472991943, 0.4694407880306244, 0.09947533905506134, 1.002746820449829, -2.1562180519104004, 0.540452241897583, -0.1198464184999466, 0.845233142375946, -0.08731651306152344, -0.19481293857097626, 0.12657366693019867, 1.4322285652160645, -0.5304495096206665, 0.666086733341217, 0.8983754515647888, 2.0561881065368652, -2.4483418464660645, 0.4724588096141815, -1.0470244884490967, -0.05354050174355507, 1.1195883750915527, 1.0585166215896606, 1.528149962425232, -1.267364740371704, 0.02689538151025772, -0.5547035336494446, 0.7904294729232788, -0.6970081925392151, -1.8195006847381592, -1.5022698640823364, 1.1827409267425537, -0.15270669758319855, 0.4081194996833801, 0.21693143248558044, -0.48818090558052063, -1.4173388481140137, 0.4909675419330597, -0.3726264536380768, -1.8962756395339966, 0.13244932889938354, 1.042202353477478, -0.9501327872276306, -0.8471012711524963, 1.7346235513687134, -1.3597575426101685, 0.055172961205244064, 0.5569398999214172, 1.2178622484207153, 0.8381999135017395, -0.4187818467617035, -1.6164038181304932, -0.2473139613866806, -0.5826699137687683, 1.1863785982131958, 0.4992944598197937, 1.2054246664047241, -0.03646603226661682, 0.8249099254608154, 0.7364155650138855, 0.5379488468170166, -0.49521520733833313, -1.0983268022537231, 0.02403026632964611, 1.0966103076934814, 0.6003950834274292, -0.3501981496810913, 1.2870773077011108, 0.2813115417957306, -0.34792065620422363, -0.07831856608390808, 1.7976188659667969, 0.9136859178543091, -0.695976972579956, -0.7783936858177185, -0.144023597240448, -0.2741648554801941, -0.962960958480835, 1.1618154048919678, -1.603401780128479, 1.517502784729004, -0.38199642300605774, 0.2971433103084564, -0.4351634085178375, 0.9240344762802124, -1.0020415782928467, 0.08859957754611969, -0.7855181097984314]",yunet,Facenet,1920,1080,/home/amos/media/tv/modern_family/Modern.Family.S09.1080p.DSNP.WEB-DL.DDP5.1.H.264-CRFW/Modern.Family.S09E21.The.Escape.1080p.DSNP.WEB-DL.DDP5.1.H.264-CRFW.mkv,Modern Family,2009,1442437,9,21,Mary Louise Wilson,115767.0,0.651
743,942,240,1170,522,1080,348,972,348,0.918,16056,0,"[0.9699938297271729, 0.37468239665031433, -1.3995674848556519, 0.22627690434455872, 0.6097342371940613, 1.627144455909729, -1.9692647457122803, 2.5706417560577393, 0.9999158978462219, -0.9085968136787415, -0.7846446633338928, -0.8841598629951477, -0.6403130292892456, 1.5474876165390015, -0.15814629197120667, 0.34535300731658936, -0.0680418610572815, 0.44187378883361816, -0.5905834436416626, -0.3659753203392029, -1.6436899900436401, 1.002854347229004, 1.2937419414520264, 2.0864920616149902, 1.9881782531738281, -0.17336592078208923, -0.350210577249527, 0.8171272277832031, 0.32499080896377563, -1.252607822418213, -0.42751219868659973, 0.6439213752746582, -0.4255021810531616, 0.3189145624637604, 0.49534326791763306, -0.05499891936779022, -0.18635404109954834, 1.3437108993530273, -2.0821495056152344, 2.42497181892395, 1.4100598096847534, -0.9410073161125183, 0.8503775596618652, -0.3228253722190857, 0.7161532640457153, -1.0457072257995605, -0.17336490750312805, -0.21714049577713013, 1.0543931722640991, -0.7029231786727905, -0.18303212523460388, 0.6592376232147217, 2.1561872959136963, -0.6438636183738708, 0.29088065028190613, 0.5775663256645203, 1.5969176292419434, -1.9400652647018433, 0.11567797511816025, -0.8117857575416565, 0.44033536314964294, 2.585012435913086, -0.2323409914970398, 1.8151671886444092, -1.162835955619812, -0.5509544014930725, 1.3072471618652344, 0.7317419052124023, 0.7082565426826477, -2.632439136505127, -1.276039719581604, 0.24390599131584167, 0.08463528007268906, 0.41997915506362915, -0.2347434163093567, -0.37924712896347046, -1.39431893825531, 0.3145149052143097, -0.08295250684022903, -1.7592817544937134, 1.6384966373443604, 0.6281883716583252, -0.8466210961341858, -0.5916579365730286, 0.7998874187469482, -0.6169523000717163, 0.11190999299287796, 1.4532952308654785, 0.9489542245864868, 1.030321717262268, 0.07766354084014893, -0.761543869972229, 0.014806937426328659, -0.16441115736961365, 0.6282203793525696, 0.6647878289222717, 0.9634106755256653, -0.7621488571166992, 0.7357845306396484, 1.7367584705352783, -0.30318981409072876, -0.1232716292142868, -1.5753532648086548, -0.6137105226516724, 0.35077187418937683, -0.8151326775550842, -0.5948102474212646, 0.8847911357879639, 0.3467002809047699, -0.5427703857421875, -0.7134770750999451, 1.4372340440750122, 0.5063883066177368, -0.4395161271095276, -1.7414826154708862, -0.7293022871017456, -0.2901497185230255, -0.557366669178009, 1.0245997905731201, -1.0669963359832764, 0.2932553291320801, -0.118311807513237, -0.6321671009063721, -0.8865410089492798, 1.8639271259307861, -0.30322498083114624, 0.6759412288665771, -1.1072605848312378]",yunet,Facenet,1920,1080,/home/amos/media/tv/modern_family/Modern.Family.S09.1080p.DSNP.WEB-DL.DDP5.1.H.264-CRFW/Modern.Family.S09E21.The.Escape.1080p.DSNP.WEB-DL.DDP5.1.H.264-CRFW.mkv,Modern Family,2009,1442437,9,21,Mary Louise Wilson,115767.0,0.707
744,696,198,852,408,828,282,750,282,0.918,16128,0,"[-2.2106094360351562, -0.580600380897522, 0.7916620373725891, -0.16087128221988678, 1.4690024852752686, -1.9584203958511353, -0.2839837074279785, 0.5043264627456665, -0.49579116702079773, -1.0835280418395996, 0.4147948622703552, 0.2412342131137848, 0.19798363745212555, -0.826250433921814, 0.4797835946083069, 0.3598487973213196, -0.2681872546672821, 0.2942875027656555, -1.3081446886062622, -0.4451720714569092, 0.8411866426467896, -0.7646531462669373, 1.1308575868606567, -0.18638545274734497, -0.14881029725074768, 1.1989715099334717, -1.2583996057510376, 0.27317455410957336, 0.780751645565033, -1.8757882118225098, -0.8668414354324341, -0.8734081983566284, 0.5508200526237488, -1.0339678525924683, 0.8100743293762207, 1.8665944337844849, -1.784671664237976, 0.5628721714019775, -0.4805283546447754, -1.8736997842788696, -1.1125446557998657, 0.44778501987457275, -0.31910672783851624, -0.7709814310073853, -1.8069403171539307, 0.6716733574867249, -0.5404497981071472, -0.4112812280654907, -2.091604709625244, 0.4354293942451477, 0.4284323453903198, -1.3652808666229248, 0.15221917629241943, 0.39726293087005615, 0.3543739318847656, 0.044824063777923584, -0.14866739511489868, -0.8892109990119934, -0.34960341453552246, 1.405513882637024, -0.3595711290836334, -1.4590110778808594, -1.3142577409744263, -0.014697171747684479, 0.4812627136707306, -1.1833454370498657, -0.8336611390113831, -0.891625165939331, 1.863662600517273, 3.1766254901885986, 1.0636118650436401, 0.9132117033004761, -3.013742446899414, 1.3370050191879272, 1.5690972805023193, 0.17548370361328125, 0.8298119306564331, 0.7532668709754944, 0.2270895540714264, 0.4814407229423523, 0.22557860612869263, -0.340644896030426, -0.33306199312210083, -1.1819446086883545, 1.2955743074417114, 0.8250201940536499, 1.7828552722930908, -1.7562047243118286, -2.1447882652282715, 0.09813275933265686, 0.8720757961273193, -0.3342309892177582, -0.32555335760116577, -0.6718748807907104, -1.5414674282073975, 0.06176929920911789, -0.8833156228065491, 1.2969754934310913, 0.4353669583797455, -1.4747849702835083, -1.8197746276855469, -1.1803350448608398, 1.0321412086486816, 1.0975732803344727, 1.4089319705963135, -1.0107046365737915, 0.5850637555122375, -1.3169723749160767, -0.23458966612815857, 1.2340741157531738, 0.7445726990699768, -0.24792389571666718, -0.76300048828125, 1.4377145767211914, 0.6113801598548889, 0.011738531291484833, 1.2962827682495117, 0.19363461434841156, -0.7090985178947449, 0.09784355759620667, 1.9188176393508911, -0.8372853994369507, -0.8702985048294067, 0.5679501295089722, -1.2051326036453247, -0.48351162672042847, -1.5027624368667603, 1.465177059173584]",yunet,Facenet,1920,1080,/home/amos/media/tv/modern_family/Modern.Family.S09.1080p.DSNP.WEB-DL.DDP5.1.H.264-CRFW/Modern.Family.S09E21.The.Escape.1080p.DSNP.WEB-DL.DDP5.1.H.264-CRFW.mkv,Modern Family,2009,1442437,9,21,Julie Bowen,31171.0,0.74
745,714,240,870,450,834,330,768,324,0.909,16152,0,"[-2.4034221172332764, -0.32499849796295166, -0.08268175274133682, -0.2816607654094696, 2.3211259841918945, -1.5757263898849487, -1.4116723537445068, 0.3669819235801697, 0.26808637380599976, -0.5229915380477905, 1.4349461793899536, 0.8146677613258362, 0.5455701947212219, -2.22015643119812, 0.5383241176605225, 0.6513776183128357, -0.2631416320800781, -0.5776723027229309, -2.2292041778564453, -0.5261058807373047, 1.1118587255477905, -0.4681568443775177, 0.5993645787239075, 0.3697972893714905, -1.2673468589782715, 0.2878108024597168, -0.9319932460784912, 1.2844964265823364, 0.31190788745880127, -2.2033870220184326, -0.6416100263595581, -0.7531468868255615, 0.3706982433795929, -1.238336443901062, 1.0075409412384033, 2.4751484394073486, -2.2560832500457764, 0.12443550676107407, -0.25997161865234375, -1.4462870359420776, 0.16299943625926971, -0.21867579221725464, -0.17421779036521912, -0.7173917889595032, -1.4821243286132812, 0.5640947222709656, 0.3942451477050781, -1.6443198919296265, -1.829944133758545, -0.1802547127008438, -0.4332845211029053, -1.2589207887649536, -0.06712629646062851, -0.11623077094554901, 0.3897729814052582, 0.5697224736213684, -0.6605157256126404, -1.8073822259902954, 0.044068343937397, 0.4117944836616516, 0.051208533346652985, -1.4954848289489746, -1.1983741521835327, -0.6491578221321106, 0.27178025245666504, -0.6570318937301636, -0.3490949869155884, -0.6662350296974182, 1.6417680978775024, 1.8026609420776367, 0.05350194871425629, 1.0426405668258667, -3.016207218170166, 1.035199522972107, 1.712285041809082, 0.7198482751846313, 0.7552807331085205, 1.1355246305465698, -0.17075936496257782, 0.28449708223342896, 0.12814447283744812, -0.35143688321113586, -0.11649491637945175, -0.7042344212532043, 1.074069857597351, 0.12472587823867798, 1.3515143394470215, -0.5978193283081055, -1.7009614706039429, 0.24309320747852325, 0.5755775570869446, -1.4309898614883423, 0.18830178678035736, -0.2317264974117279, -0.11939960718154907, -0.7481923699378967, -0.7997603416442871, 1.312869668006897, 0.698679506778717, -0.5383880138397217, -1.746330976486206, -1.5093410015106201, 0.15369267761707306, 1.5005035400390625, 1.650501012802124, -0.23660553991794586, 1.522792100906372, -0.2350953221321106, -0.47267279028892517, 1.712776780128479, 1.9681318998336792, 0.31341007351875305, -0.6858800649642944, 1.4355134963989258, 0.14592108130455017, 0.7547216415405273, 0.9774172306060791, -0.055826008319854736, -0.9699463844299316, -0.3556414544582367, 1.4947569370269775, -0.28767675161361694, -0.33959031105041504, 0.31664663553237915, -0.6799638271331787, -1.172814965248108, -1.5374702215194702, 1.2010477781295776]",yunet,Facenet,1920,1080,/home/amos/media/tv/modern_family/Modern.Family.S09.1080p.DSNP.WEB-DL.DDP5.1.H.264-CRFW/Modern.Family.S09E21.The.Escape.1080p.DSNP.WEB-DL.DDP5.1.H.264-CRFW.mkv,Modern Family,2009,1442437,9,21,Julie Bowen,31171.0,0.72
746,570,198,702,372,672,264,606,264,0.908,16176,0,"[-2.273803472518921, 0.4924214780330658, 0.9969514012336731, -0.35573944449424744, 2.4053738117218018, -1.5906057357788086, -0.7337719798088074, 0.70682293176651, 0.38908225297927856, -1.0472699403762817, 1.4296846389770508, 1.081892967224121, 1.0066633224487305, -0.3715488314628601, 0.8047960996627808, 0.21781079471111298, -0.49278149008750916, -0.790647566318512, -2.036963701248169, -0.24004769325256348, -0.6724872589111328, -1.1475908756256104, 1.182275652885437, 0.6469420790672302, -1.168457269668579, 0.23297429084777832, -1.3707469701766968, 1.4688924551010132, -0.27650928497314453, -0.8883545398712158, -0.37604615092277527, -2.1247060298919678, -0.5006247758865356, -1.0810537338256836, 0.8144552707672119, 1.5004181861877441, -1.0676981210708618, 0.16201066970825195, -0.08883826434612274, -0.10699398815631866, -0.960357129573822, -0.20949365198612213, 0.2870718836784363, 0.21623453497886658, -2.0291733741760254, -0.08004657924175262, -0.36960703134536743, -1.438466191291809, -0.6886624693870544, 0.2525433599948883, 0.7064747214317322, -0.7956317067146301, 0.3139877915382385, -1.0419766902923584, -0.4169372022151947, -0.2521701753139496, 0.24884538352489471, -0.8595646023750305, 0.24635322391986847, 1.47346830368042, 0.19592493772506714, -0.6657619476318359, -0.1668984293937683, -0.46205830574035645, -0.1415901780128479, -0.9445434212684631, -1.5474207401275635, 0.30619657039642334, 1.7804349660873413, 2.6944282054901123, 0.44398432970046997, 1.1732314825057983, -2.647688150405884, 0.8591908812522888, 1.3432941436767578, 1.4988380670547485, 1.2821656465530396, 1.2036890983581543, -0.7646887302398682, 0.14210917055606842, -0.16228556632995605, 0.29203101992607117, -0.1211116686463356, -0.6296537518501282, 0.2917560636997223, 0.1498633772134781, 0.9956868290901184, -1.1520339250564575, -2.621654510498047, -0.2580832839012146, 1.0714646577835083, -2.109609365463257, -0.26015445590019226, -0.6215673685073853, -1.1297358274459839, 0.28730687499046326, -1.3970712423324585, 1.2001640796661377, 0.5094614624977112, -0.9672842621803284, -1.568871259689331, -0.6464312672615051, 0.6351567506790161, 0.4699401259422302, 0.31643858551979065, -0.5541088581085205, 0.2913135588169098, -1.1856887340545654, -0.5375950932502747, 0.9977208971977234, 1.8414607048034668, 0.32452070713043213, -0.41605690121650696, 0.825195848941803, 1.1350356340408325, 1.2174489498138428, 1.7046653032302856, -0.6190183758735657, -1.2567452192306519, 0.6428142786026001, 1.7623399496078491, -1.1766302585601807, -0.14850829541683197, -1.29777991771698, -1.3921842575073242, -1.5893503427505493, -1.3862934112548828, 0.512726902961731]",yunet,Facenet,1920,1080,/home/amos/media/tv/modern_family/Modern.Family.S09.1080p.DSNP.WEB-DL.DDP5.1.H.264-CRFW/Modern.Family.S09E21.The.Escape.1080p.DSNP.WEB-DL.DDP5.1.H.264-CRFW.mkv,Modern Family,2009,1442437,9,21,Julie Bowen,31171.0,0.654
747,954,276,1170,564,1074,378,990,372,0.923,16200,0,"[0.999101996421814, 0.04714241623878479, -1.8873928785324097, 0.19124636054039001, 0.7106906175613403, 1.127177357673645, -1.633112907409668, 2.0306999683380127, 0.8829392194747925, -0.7108883857727051, -0.6637941598892212, -0.6186789274215698, -0.536358118057251, 1.5274499654769897, 0.10701856762170792, 0.37678200006484985, -0.5076899528503418, 0.6878368258476257, -0.7162843346595764, -0.9235692024230957, -1.8203614950180054, 0.7257383465766907, 1.4135003089904785, 1.048438310623169, 2.3391337394714355, 0.5596714019775391, 0.08591599762439728, 0.775772213935852, -0.8644684553146362, -1.4948091506958008, -0.7846300601959229, 0.9237292408943176, -1.2664127349853516, 0.7609732151031494, 0.5876108407974243, -0.1404983103275299, -0.7326581478118896, 1.6085478067398071, -2.3604841232299805, 1.3575339317321777, 1.5571249723434448, -1.2167651653289795, 0.6723934412002563, 0.11031363904476166, 1.0010148286819458, -3.177551507949829, -0.24127492308616638, 0.47773125767707825, 1.2158925533294678, -0.38173708319664, 0.5835567712783813, 0.4324556291103363, 1.599149465560913, -0.8335421681404114, 1.0376191139221191, 0.36018097400665283, 2.2118382453918457, -1.9897373914718628, 0.048620663583278656, -1.5182338953018188, -0.013639699667692184, 1.9535562992095947, -0.17469361424446106, 1.2545610666275024, -1.0807913541793823, -1.283427119255066, -0.058566175401210785, 0.12449271976947784, -1.481912612915039, -1.7157082557678223, -1.3387864828109741, 0.1507996916770935, 0.17976856231689453, 0.012350894510746002, -0.41086822748184204, -1.2855970859527588, -1.6917836666107178, 0.5236197113990784, -0.6566166281700134, -2.4636759757995605, 1.0542837381362915, 0.665671706199646, -0.9717786908149719, 0.14330658316612244, 0.6943116784095764, -0.5354909300804138, 0.36205628514289856, 1.0629318952560425, 1.7772802114486694, 0.08367486298084259, -0.25920039415359497, -1.767213225364685, 0.0749925822019577, -0.7567396759986877, 1.331046462059021, -0.02829175442457199, 1.549696445465088, -0.9170238971710205, 1.1335694789886475, 1.1115971803665161, 0.4689257740974426, -0.2435135543346405, -1.8741464614868164, -1.0701074600219727, 1.175026297569275, -0.5671634674072266, -0.07441271841526031, 1.0036388635635376, 1.0508882999420166, 0.07068711519241333, -0.6821429133415222, 1.5598175525665283, 0.8471149206161499, 0.05838870257139206, -1.378677487373352, -1.010154366493225, -0.20320719480514526, -0.749717116355896, 0.5164719223976135, -1.3852025270462036, 0.6693262457847595, 0.15047518908977509, -0.3559544086456299, -0.10601365566253662, 1.8499995470046997, -0.3908640146255493, 0.26376742124557495, -1.0723624229431152]",yunet,Facenet,1920,1080,/home/amos/media/tv/modern_family/Modern.Family.S09.1080p.DSNP.WEB-DL.DDP5.1.H.264-CRFW/Modern.Family.S09E21.The.Escape.1080p.DSNP.WEB-DL.DDP5.1.H.264-CRFW.mkv,Modern Family,2009,1442437,9,21,Mary Louise Wilson,115767.0,0.723
748,888,270,1104,534,996,348,918,348,0.917,16224,0,"[1.7451103925704956, 0.2784709632396698, -2.098662853240967, 0.43522658944129944, 0.11807229369878769, 1.511258602142334, -1.7133309841156006, 1.3831263780593872, 1.6246836185455322, -1.2771978378295898, -0.1375725120306015, -0.19471845030784607, -0.035896942019462585, 1.4045864343643188, 0.19154322147369385, 0.3807333707809448, -0.2131240963935852, 1.0154132843017578, -0.7813462018966675, -0.02352828159928322, -1.898095726966858, 0.9638001322746277, 0.2005966305732727, 0.8653789758682251, 1.7439574003219604, -0.6383876800537109, -0.9077357053756714, 0.1783703863620758, -0.07993698120117188, -1.4863499402999878, -0.5260777473449707, 0.633948028087616, -1.768879771232605, 1.3442587852478027, -0.1366773396730423, 0.27613431215286255, -0.4548369348049164, 0.6003892421722412, -2.2290170192718506, 0.706576943397522, 2.6299660205841064, -1.023147463798523, 0.9603090286254883, 0.15286093950271606, 0.4088122248649597, -2.696213960647583, 0.001216292381286621, -0.8802546262741089, 1.316720724105835, -0.3768269419670105, -0.42891114950180054, -0.665296733379364, 0.8874562978744507, -0.5166425108909607, 0.5454725027084351, -0.434070348739624, 1.5995817184448242, -1.7108618021011353, 0.20292043685913086, -1.8774138689041138, -0.7396330237388611, 2.290678024291992, 0.6593655347824097, 1.654375433921814, -0.6313872337341309, -0.06104522943496704, 0.6249496340751648, -0.4423734247684479, -0.8233317732810974, -2.1745502948760986, -0.5585492253303528, -0.45906907320022583, 0.25543951988220215, -0.22931598126888275, 0.0012072399258613586, -1.041882038116455, -1.8794089555740356, 0.04662996158003807, 0.05871816724538803, -1.6928377151489258, 2.128950834274292, -0.26036831736564636, -1.0537934303283691, -0.5722715854644775, 0.8466551899909973, -0.9675159454345703, -1.2752598524093628, 2.138284206390381, 1.2709134817123413, 0.3639962673187256, 0.9657825231552124, -1.8859468698501587, -0.5113888382911682, -0.9899013638496399, 0.3336663544178009, 0.3705686032772064, 1.1361162662506104, -0.7746235728263855, 0.8046407699584961, 1.3951555490493774, -0.4258608818054199, 0.36491042375564575, -1.667654275894165, -0.604361355304718, 0.9221739172935486, 0.5661924481391907, 0.6823229789733887, 0.2754853665828705, -0.2700534760951996, -0.05101334676146507, -0.21190209686756134, 2.6957852840423584, 0.7592418193817139, -0.9192736148834229, -1.1890815496444702, -1.8804564476013184, -0.5951131582260132, -1.1298174858093262, 0.9150269627571106, -1.1455862522125244, -0.16339454054832458, -0.15316997468471527, 1.3737207651138306, -0.6525879502296448, 1.8308042287826538, -0.6675348877906799, 0.6918550133705139, -0.4751186966896057]",yunet,Facenet,1920,1080,/home/amos/media/tv/modern_family/Modern.Family.S09.1080p.DSNP.WEB-DL.DDP5.1.H.264-CRFW/Modern.Family.S09E21.The.Escape.1080p.DSNP.WEB-DL.DDP5.1.H.264-CRFW.mkv,Modern Family,2009,1442437,9,21,Mary Louise Wilson,115767.0,0.686
749,894,246,1110,522,1038,342,936,342,0.929,16248,0,"[1.000958800315857, 0.25493717193603516, -1.3972617387771606, 0.3604086637496948, 0.44298815727233887, 1.344746470451355, -1.5909314155578613, 2.3919854164123535, 0.8096610307693481, -0.5509577393531799, -0.012985192239284515, -1.3606911897659302, -1.5987284183502197, 1.7104787826538086, -0.5549896955490112, 0.10548530519008636, 0.5119401216506958, 0.2013823539018631, -0.4636530876159668, -1.2405043840408325, -1.7089916467666626, 0.4457254707813263, 1.3355470895767212, 1.5232526063919067, 2.291005849838257, 0.8192285299301147, 0.6811330318450928, 0.06674165278673172, 0.13804782927036285, -1.4916714429855347, -0.4508780539035797, 1.443098783493042, -1.264361023902893, 0.05737074464559555, 0.7968534231185913, -0.1404198706150055, 0.39663413166999817, 1.132167100906372, -1.791337490081787, 1.0849031209945679, 0.9774203896522522, -1.755204439163208, 0.48765599727630615, 0.05109994113445282, 1.124983549118042, -1.6682795286178589, 0.3299368619918823, -0.8316695690155029, 0.6564552187919617, -0.18360444903373718, 0.2736471891403198, -0.5151643753051758, 1.3064265251159668, -0.1251707375049591, 0.270522803068161, 0.38583722710609436, 1.4747365713119507, -2.260571241378784, -0.06661799550056458, -1.4462132453918457, -0.40395769476890564, 1.7025036811828613, 1.0447245836257935, 0.3422190546989441, -1.9782692193984985, -0.5140259861946106, -0.26399126648902893, 1.0616397857666016, -0.41142430901527405, -1.4823812246322632, -1.2530666589736938, 0.2759292721748352, -0.4404071867465973, 0.44182050228118896, -0.20116662979125977, -0.3733670115470886, -1.1383204460144043, 0.7451593279838562, -0.0851212590932846, -1.7637135982513428, 0.9054675698280334, 0.28247615694999695, -1.4098068475723267, -0.8639740347862244, 1.1631495952606201, -0.13632553815841675, 0.15073375403881073, 0.7563883662223816, 1.4715121984481812, 0.22589856386184692, 0.03902192413806915, -1.6564104557037354, 0.1784891039133072, -0.8460432291030884, 0.5851835012435913, 0.5160351991653442, 1.3588738441467285, -0.13573305308818817, 1.2143144607543945, 0.8245006799697876, -0.7703744769096375, 0.5678074359893799, -0.12602609395980835, -1.5186337232589722, 1.062122106552124, -0.45192068815231323, -0.5302845239639282, 1.7245335578918457, 0.1466204673051834, 0.10537135601043701, -0.5743784308433533, 1.1275962591171265, 0.9000179767608643, -1.244394063949585, -1.967547059059143, -0.3494448959827423, -0.13963031768798828, -0.6981828808784485, -0.05947462469339371, -1.4453392028808594, -0.13141612708568573, -0.026034396141767502, 0.31883394718170166, 0.23107171058654785, 1.7435508966445923, -0.10471173375844955, -0.4188733994960785, -0.7083371877670288]",yunet,Facenet,1920,1080,/home/amos/media/tv/modern_family/Modern.Family.S09.1080p.DSNP.WEB-DL.DDP5.1.H.264-CRFW/Modern.Family.S09E21.The.Escape.1080p.DSNP.WEB-DL.DDP5.1.H.264-CRFW.mkv,Modern Family,2009,1442437,9,21,Mary Louise Wilson,115767.0,0.735
750,792,234,1002,504,900,324,822,318,0.904,16272,0,"[1.5199042558670044, -0.25195181369781494, -3.0174596309661865, 1.478646159172058, -0.07126905024051666, 1.9508534669876099, -1.972255825996399, 0.9357587099075317, 1.175612449645996, -0.777337908744812, -1.0367376804351807, 0.6791355609893799, 0.43466615676879883, 1.2767629623413086, -0.24362415075302124, -0.4734988212585449, 0.7373526096343994, -0.39722907543182373, -0.7184246182441711, 0.033530447632074356, -1.2222198247909546, 0.7104921936988831, -0.062394458800554276, 1.0511887073516846, 1.2099777460098267, -0.4872139096260071, -0.8674712181091309, -0.1450497955083847, 1.264272689819336, -0.9695106148719788, 0.044410500675439835, 1.0790314674377441, -1.7261030673980713, 0.5460916757583618, 0.22977189719676971, -0.1294444352388382, -0.876041054725647, 0.4554956257343292, -2.361489772796631, 0.8054742813110352, 2.3463187217712402, 0.1633710116147995, 0.25061243772506714, 0.46027153730392456, 0.12545131146907806, -2.5237011909484863, 1.2061152458190918, -0.675885796546936, 1.4033836126327515, -0.44940096139907837, -0.16085408627986908, -0.8959018588066101, 0.5272532105445862, -1.2478419542312622, 0.4959077537059784, -0.03821361064910889, 1.8485044240951538, -1.2434484958648682, 0.4319925308227539, -2.0006372928619385, -1.782976508140564, 0.847029983997345, 0.9946975708007812, 0.4502762258052826, -1.1985427141189575, 0.00350835919380188, 1.0246529579162598, 0.5466076731681824, -0.435222327709198, -2.6819119453430176, -0.3231180012226105, 0.00865115225315094, -0.3253635764122009, 0.6564061641693115, -0.06854258477687836, -0.7852626442909241, -0.9849115610122681, 0.194105327129364, -0.6932570934295654, -1.9948867559432983, 1.3593530654907227, -0.7539055347442627, -1.091947078704834, -0.6220255494117737, -0.044185444712638855, -0.6171331405639648, -0.9996464252471924, 1.2859523296356201, 0.7268970012664795, 0.4920303225517273, 1.2800370454788208, -2.0732007026672363, -0.6709115505218506, -1.034552812576294, 0.1532406210899353, 1.2398978471755981, 1.6806896924972534, -0.4339147210121155, 0.9078852534294128, 1.1674113273620605, -1.1242674589157104, 0.5057645440101624, -1.2114498615264893, -0.7068761587142944, 0.621633768081665, -0.29336726665496826, 0.8639717698097229, 0.13101157546043396, 0.7254982590675354, -0.26881271600723267, -0.5096897482872009, 2.629244804382324, 0.9413797855377197, -1.0164246559143066, -0.7439853549003601, -1.7080090045928955, -0.563686728477478, -0.9941821098327637, 0.9139574766159058, -1.3566807508468628, -0.12616552412509918, -0.5383936166763306, 1.1482101678848267, -0.5747473239898682, 1.9253653287887573, -0.33159518241882324, 0.03159382939338684, -0.8938710689544678]",yunet,Facenet,1920,1080,/home/amos/media/tv/modern_family/Modern.Family.S09.1080p.DSNP.WEB-DL.DDP5.1.H.264-CRFW/Modern.Family.S09E21.The.Escape.1080p.DSNP.WEB-DL.DDP5.1.H.264-CRFW.mkv,Modern Family,2009,1442437,9,21,Mary Louise Wilson,115767.0,0.577
751,948,78,1128,318,1062,174,984,174,0.904,16296,0,"[0.6118415594100952, -1.131842017173767, 0.5645281672477722, 0.7554240822792053, 1.126461386680603, -0.43681415915489197, 0.9305396676063538, 1.0805959701538086, -0.035389818251132965, -0.8278084397315979, -1.7016582489013672, 0.31237879395484924, -1.0151773691177368, 0.9079252481460571, -0.5505841970443726, -0.8736310005187988, 2.364006280899048, 0.8838289380073547, 0.36341920495033264, -0.6918389797210693, -1.6542282104492188, 0.08039883524179459, -0.3471287786960602, -0.6955662965774536, 1.8128710985183716, -0.8209779262542725, 0.3982405662536621, 2.517944812774658, 0.5683111548423767, -0.4457698464393616, -0.6869643926620483, 1.9526573419570923, -0.8411511778831482, -0.033773016184568405, -1.8298463821411133, -0.6042541861534119, -0.02652452327311039, 0.4217732548713684, -2.310213088989258, 0.5062728524208069, -0.9499356746673584, -0.7398009300231934, 0.13764140009880066, 1.7080292701721191, 1.0776406526565552, -0.9157302379608154, -1.2909386157989502, -1.248778223991394, 0.6876207590103149, -0.187225803732872, -0.08416613936424255, -0.28500059247016907, -0.7070655226707458, -0.5534241795539856, -0.13807907700538635, 0.5776875615119934, -0.3147584795951843, -0.23392178118228912, -1.060235619544983, 0.44316795468330383, -2.5313844680786133, 0.7340309619903564, 0.06282425671815872, 0.23063023388385773, -0.48567673563957214, 1.5277889966964722, 0.5547456741333008, 1.7748271226882935, 0.5792315602302551, -0.8590587377548218, -0.7336258292198181, 0.5171122550964355, 0.7950313687324524, 0.36125773191452026, 0.21141619980335236, 0.8715488314628601, -1.0125985145568848, -1.5010417699813843, -0.4566921591758728, 1.3569601774215698, 0.5216444730758667, 2.792572259902954, -0.9351437091827393, -1.759427785873413, -0.9148256778717041, 0.008074678480625153, -0.1650547981262207, -0.7483848333358765, 0.21703693270683289, 2.611898422241211, 0.8146551251411438, -0.164499431848526, -1.8609890937805176, -1.6729568243026733, -1.2261518239974976, -0.6351415514945984, -1.0184437036514282, -0.21409928798675537, 1.3317644596099854, 1.6127336025238037, -0.20701716840267181, 0.2576839327812195, -0.2861984074115753, -2.342780113220215, -0.5049588084220886, -0.5287531614303589, -0.2875310480594635, -2.008556365966797, 0.7159816026687622, -1.48081636428833, -1.892326831817627, 1.6037200689315796, -0.01563791185617447, -0.9364510774612427, 1.7736552953720093, -0.6025818586349487, 0.3117433488368988, 0.5980367064476013, 1.0982987880706787, 0.19547487795352936, 1.3346956968307495, 0.708203911781311, 0.26965776085853577, 0.46462568640708923, 0.31951141357421875, 0.9109207987785339, 0.6194702386856079, 0.5166184902191162]",yunet,Facenet,1920,1080,/home/amos/media/tv/modern_family/Modern.Family.S09.1080p.DSNP.WEB-DL.DDP5.1.H.264-CRFW/Modern.Family.S09E21.The.Escape.1080p.DSNP.WEB-DL.DDP5.1.H.264-CRFW.mkv,Modern Family,2009,1442437,9,21,Ed O'Neill,18977.0,0.666
752,588,204,762,432,732,288,672,288,0.902,16320,0,"[-0.9608985185623169, 0.06363311409950256, -1.080495834350586, -0.9381290674209595, 1.3931992053985596, -1.3496917486190796, -2.0196738243103027, 0.9347321391105652, -0.21487054228782654, -0.5188691020011902, 0.3481671214103699, 0.7476046085357666, 0.6046916842460632, -0.5406009554862976, 0.7780647277832031, 1.1506940126419067, -0.28638458251953125, -0.7471393942832947, -2.4105706214904785, 0.0656161978840828, 0.51459801197052, 0.08532606065273285, 0.9266511797904968, 0.7130458950996399, -0.33763647079467773, 0.10326296091079712, -0.5703058242797852, 1.4172521829605103, 0.47409236431121826, -1.9877628087997437, -0.5875822305679321, -0.4177180826663971, 0.8881759643554688, -0.4457372725009918, -0.5800199508666992, 1.4396591186523438, -0.46094343066215515, 0.8598666191101074, 0.21447192132472992, -0.42926907539367676, -0.5040238499641418, -0.05685753375291824, 0.6644760370254517, -1.9038548469543457, -2.2310791015625, -0.49047255516052246, -0.9693565964698792, -1.7867915630340576, -1.302423119544983, -0.6272958517074585, 0.6650521159172058, -2.0045738220214844, 0.1331576257944107, -0.3249729871749878, 0.2921079099178314, 0.7336490750312805, -0.9388458728790283, -1.732366919517517, 0.4193410873413086, 0.5368887186050415, -0.37405267357826233, -0.8332439661026001, -1.3328676223754883, 0.279221773147583, -0.3478866219520569, -2.1069865226745605, -0.6260114908218384, -0.6886717081069946, 0.6604345440864563, 0.5465502738952637, 0.02626517415046692, 2.0885634422302246, -1.6730690002441406, 1.1593931913375854, 2.4382638931274414, 0.8777213096618652, 1.037221074104309, 1.072102427482605, 0.24682912230491638, -0.8087489008903503, -0.5114253759384155, 0.8009514808654785, -1.2738118171691895, -0.12358179688453674, 0.3294122517108917, 0.3606111705303192, 1.1191867589950562, -1.2363945245742798, -1.382223129272461, 0.12768636643886566, 0.6187741756439209, -1.7407245635986328, 0.07614502310752869, -0.6271480917930603, -0.19293910264968872, -1.3250114917755127, -0.805121123790741, 0.7535112500190735, 1.4941074848175049, -1.1735444068908691, -0.7560277581214905, -1.190216302871704, -0.023233041167259216, 0.48037657141685486, 1.383127212524414, -1.4841536283493042, 0.5689440965652466, -1.7089296579360962, -0.8729971647262573, 1.7345219850540161, 2.443686008453369, 0.28393110632896423, -0.6928746700286865, 1.0739071369171143, 0.6307042241096497, 0.5549699068069458, 0.5818305015563965, 0.6775664687156677, -1.6242016553878784, 1.0353363752365112, 1.1193536520004272, -0.5322916507720947, -0.14258983731269836, 0.6181468963623047, -1.9752919673919678, -0.0013581141829490662, -1.1658458709716797, 0.9419412016868591]",yunet,Facenet,1920,1080,/home/amos/media/tv/modern_family/Modern.Family.S09.1080p.DSNP.WEB-DL.DDP5.1.H.264-CRFW/Modern.Family.S09E21.The.Escape.1080p.DSNP.WEB-DL.DDP5.1.H.264-CRFW.mkv,Modern Family,2009,1442437,9,21,Julie Bowen,31171.0,0.672
753,474,204,642,432,564,288,504,288,0.902,16344,0,"[-1.505553126335144, 0.1734279990196228, -0.710123598575592, -0.8000341057777405, 0.16634604334831238, -1.6307650804519653, -1.0950838327407837, -0.24647289514541626, -0.016482872888445854, 0.40275946259498596, 0.7164393663406372, 1.3501685857772827, 0.7602319717407227, -1.0455549955368042, -0.13271404802799225, -0.3053168058395386, 0.05661972239613533, -0.7207356095314026, -1.238625407218933, 0.5572265386581421, 0.6146146059036255, -0.39036399126052856, -0.42273756861686707, 0.11591575294733047, -0.9843002557754517, 0.40801945328712463, -0.7543462514877319, -0.5565562844276428, 1.3455076217651367, -2.18585205078125, -0.0700918585062027, 0.5828531384468079, -0.0075125666335225105, -1.9041134119033813, -1.250532627105713, 0.4824488162994385, -0.9240260124206543, 0.8976747393608093, 1.3113658428192139, -2.249204158782959, -0.1460765302181244, 0.9081785082817078, -0.2962920069694519, -0.10446637123823166, -1.363677978515625, 0.023914281278848648, -0.1414516270160675, -0.43844202160835266, -0.9305710196495056, 1.156144142150879, -0.08714726567268372, -0.6544134020805359, -0.5581298470497131, 1.0715694427490234, -1.0366266965866089, -0.36341002583503723, 0.04549533873796463, -1.1276875734329224, -0.652445912361145, 1.5275951623916626, -0.23735365271568298, -2.2769904136657715, -2.091606855392456, -0.25236064195632935, 1.7825754880905151, -0.8028203248977661, 0.6246030330657959, -1.9717637300491333, 0.33514219522476196, 1.1700810194015503, -1.4693269729614258, 2.623180866241455, -2.2933549880981445, 1.3428077697753906, 1.578193187713623, -1.3234213590621948, 0.5441968441009521, -0.8776819109916687, -0.12805557250976562, -0.004958003759384155, -0.8588000535964966, 0.08454792201519012, 0.6553012728691101, -0.6628351211547852, -0.9169252514839172, 1.1260242462158203, 0.22037729620933533, -1.757152795791626, -1.8554505109786987, 0.0010015424340963364, 0.37996217608451843, -1.031011939048767, -0.5751978754997253, -1.0255799293518066, 0.830940842628479, -0.3805839717388153, -0.5487139225006104, 1.4716320037841797, 0.27835172414779663, -3.3124608993530273, -0.5194798111915588, -1.5712970495224, 0.0801248550415039, 1.4256523847579956, 0.9808799624443054, 0.32763367891311646, 0.6659114360809326, -0.36886027455329895, 0.976193904876709, 0.7146857976913452, 1.2448872327804565, -0.6137076616287231, -0.38715171813964844, 1.7773585319519043, 0.08195005357265472, -0.0141255222260952, 0.1729450523853302, -0.3978128433227539, -1.3782589435577393, 0.8979602456092834, 0.5088321566581726, -0.8475635051727295, -0.5727789998054504, 0.8226748108863831, -1.97627592086792, -0.5633167028427124, -1.055942416191101, 0.3151269853115082]",yunet,Facenet,1920,1080,/home/amos/media/tv/modern_family/Modern.Family.S09.1080p.DSNP.WEB-DL.DDP5.1.H.264-CRFW/Modern.Family.S09E21.The.Escape.1080p.DSNP.WEB-DL.DDP5.1.H.264-CRFW.mkv,Modern Family,2009,1442437,9,21,Julie Bowen,31171.0,0.706
754,462,216,624,438,594,300,522,300,0.913,16368,0,"[-1.8197566270828247, 0.01260540634393692, 1.3785570859909058, -0.4255082905292511, 1.3711150884628296, -1.4777464866638184, 0.12841369211673737, 0.7322515249252319, 1.3278340101242065, -0.1408531218767166, -0.24892079830169678, -0.2787812650203705, -0.6467185616493225, -1.2856422662734985, 0.10595262795686722, -0.2660009264945984, 0.05814296007156372, -0.438690721988678, -0.7661437392234802, -1.909351110458374, 1.9533478021621704, -1.4139271974563599, 0.16724327206611633, 0.6206333041191101, -1.8244832754135132, 1.2887462377548218, 0.4005539119243622, -1.3202491998672485, 0.6346451640129089, -0.5200581550598145, -0.8104163408279419, -0.299553781747818, 0.5911707282066345, -1.868605613708496, 1.0717644691467285, 2.0103583335876465, -2.695155382156372, -0.5466294288635254, -0.04303555190563202, -0.07234074920415878, 0.3047938942909241, -0.583997905254364, -0.4200245440006256, 0.6469244360923767, -0.986760675907135, 2.5378570556640625, 1.2923444509506226, -1.362747311592102, -3.4721877574920654, -0.9248447418212891, -1.3127895593643188, 0.1359008550643921, -0.6485411524772644, 0.9193038940429688, 0.15707476437091827, 0.2695697546005249, 0.3472140431404114, -0.30036547780036926, -0.5611732602119446, 0.3788401782512665, -0.5157623291015625, -2.668060302734375, -0.9735536575317383, -1.2990025281906128, 0.952867329120636, -1.461757779121399, -0.4261760115623474, -0.2764004170894623, 0.5767639875411987, 0.9966034889221191, 0.19456973671913147, 1.488716959953308, -1.4163565635681152, -0.026867680251598358, 0.7801922559738159, 0.017344772815704346, 0.6787221431732178, 0.7297253012657166, -0.6492214202880859, -0.6103196144104004, 0.08048350363969803, -1.6316701173782349, 0.5105241537094116, -2.54386305809021, -0.21654635667800903, -0.32337379455566406, 0.4572005271911621, -1.770706057548523, -0.7242739200592041, 0.08175124228000641, -0.14273574948310852, 0.10256403684616089, 0.010695505887269974, -1.0935287475585938, -0.8766385316848755, 0.21839681267738342, -1.091923713684082, 1.0862199068069458, -0.22273093461990356, -0.8317450881004333, -1.197409749031067, 0.2845843732357025, 0.5504789352416992, 0.8382753729820251, 1.3909821510314941, -0.8732274174690247, -0.07882313430309296, 0.10176997631788254, 0.5346561670303345, 1.2356212139129639, 0.28985852003097534, -0.18126802146434784, 0.17184454202651978, 0.8742564916610718, -0.7885501980781555, 0.28142020106315613, 0.6910059452056885, 0.017825990915298462, 0.5968427062034607, -0.48092523217201233, 0.023197531700134277, -0.11460773646831512, -0.8872005343437195, 0.2609831690788269, -0.31206029653549194, -0.11705441027879715, -0.8389805555343628, 1.4218518733978271]",yunet,Facenet,1920,1080,/home/amos/media/tv/modern_family/Modern.Family.S09.1080p.DSNP.WEB-DL.DDP5.1.H.264-CRFW/Modern.Family.S09E21.The.Escape.1080p.DSNP.WEB-DL.DDP5.1.H.264-CRFW.mkv,Modern Family,2009,1442437,9,21,,,
755,294,294,468,528,378,384,318,384,0.905,16416,0,"[-0.4349994361400604, -0.02816169708967209, -1.1121126413345337, -0.9301578998565674, 0.06827536225318909, -2.5789999961853027, -0.7532311081886292, 0.6415240168571472, -1.4969748258590698, 0.27245235443115234, 0.9334713220596313, 2.019049882888794, 2.394376277923584, -1.0187722444534302, 1.258415937423706, 1.8666813373565674, -0.7685765027999878, -0.36616307497024536, -1.0339709520339966, 0.15987716615200043, -0.8321305513381958, 0.32462364435195923, 0.5549107193946838, 0.4157293736934662, -0.17863525450229645, 0.47694358229637146, -0.9423743486404419, 1.1264371871948242, 0.16806074976921082, -2.4408981800079346, 0.3686520457267761, -1.4990060329437256, 0.3058018088340759, -0.150267094373703, -0.025554385036230087, 1.1654462814331055, 0.13448846340179443, 0.8531767725944519, 0.9559575319290161, -1.3353558778762817, -1.183445930480957, 1.9515647888183594, 1.5592111349105835, -2.0198769569396973, -1.3960715532302856, -1.103253722190857, -0.47978919744491577, -0.9039714336395264, -0.5111239552497864, 0.6256461143493652, -0.7426877617835999, -0.6666793823242188, -0.5175032019615173, 1.3999525308609009, -0.3770153522491455, -0.08944351226091385, -0.11967654526233673, 0.3610612154006958, -0.8470435738563538, 0.8447409868240356, 0.12680882215499878, -0.30708515644073486, -1.428088665008545, 0.07053304463624954, 0.8933899402618408, -0.531162440776825, -0.13737943768501282, -1.2483012676239014, -0.7498119473457336, 2.987820863723755, 1.9943040609359741, 1.993769884109497, -1.6405565738677979, 1.3699488639831543, 2.360529661178589, -0.8731050491333008, -0.19910115003585815, 0.7797757387161255, 1.012165904045105, -0.35308951139450073, 0.32555392384529114, 0.2559756338596344, 0.5341098308563232, -0.7497384548187256, 0.32169052958488464, 1.1607372760772705, -0.10341168940067291, -0.5550179481506348, -0.9459390640258789, -0.47736528515815735, 0.290041983127594, -1.4608138799667358, -0.02539421245455742, -0.747921347618103, 0.20142216980457306, 0.2618524432182312, -1.968064308166504, 1.483160138130188, 1.2047059535980225, -1.7056467533111572, -0.4208592176437378, -0.8579325675964355, 0.3430047035217285, 0.12423548847436905, 1.6291072368621826, 0.4549466371536255, 1.005354404449463, -0.465310662984848, -0.7835578918457031, 1.5048153400421143, 1.1391185522079468, 1.2559871673583984, -0.06140826642513275, 0.6061971783638, 0.7382327318191528, 0.07991184294223785, 0.015039794147014618, -0.36898308992385864, -0.8886392712593079, -0.246050164103508, 1.6461910009384155, -1.82099449634552, 0.4703989028930664, 0.34742599725723267, -0.4636707901954651, -0.9263955950737, -0.6525776982307434, -0.15079176425933838]",yunet,Facenet,1920,1080,/home/amos/media/tv/modern_family/Modern.Family.S09.1080p.DSNP.WEB-DL.DDP5.1.H.264-CRFW/Modern.Family.S09E21.The.Escape.1080p.DSNP.WEB-DL.DDP5.1.H.264-CRFW.mkv,Modern Family,2009,1442437,9,21,Julie Bowen,31171.0,0.574
756,864,168,1050,402,1002,270,912,270,0.912,16440,0,"[0.20686092972755432, -0.5413879156112671, 0.8254162669181824, 0.7749959826469421, 1.7900416851043701, -0.45800209045410156, 1.1113804578781128, 0.5360264778137207, -0.19933950901031494, -0.399094820022583, -1.126756191253662, -0.502221405506134, -1.7123123407363892, 0.7061561346054077, -0.31547167897224426, -1.651633620262146, 2.481801748275757, -0.6628565192222595, -0.566801130771637, -1.2203830480575562, -0.7416131496429443, -1.541054129600525, 0.2222021520137787, -0.21927416324615479, 0.6492599844932556, -1.177610158920288, 1.0222620964050293, 2.4319114685058594, 0.7138147950172424, -0.2353850156068802, -1.2698556184768677, 1.517205834388733, -1.7677083015441895, 0.4109412729740143, -1.2834548950195312, -0.0008617378771305084, -0.8051773905754089, 0.29068151116371155, -0.736841082572937, 0.504936933517456, -0.4629015326499939, -1.5454434156417847, -0.8978977203369141, 0.8462709188461304, 1.1071796417236328, -0.008580275811254978, -1.067313551902771, 0.10244087874889374, -0.2738582491874695, -0.7699915170669556, -0.11094048619270325, 0.30224692821502686, -1.0753830671310425, 0.6402838230133057, -0.2351711392402649, 0.9343761801719666, -0.6256964206695557, -1.7093071937561035, 0.004455253481864929, 0.47696611285209656, -2.22483491897583, 0.5851086974143982, -0.24956047534942627, -0.07474158704280853, -0.4645261764526367, 2.422125816345215, -0.6123448014259338, 2.1468284130096436, -0.011661170050501823, -0.22999651730060577, -2.064725875854492, 0.7847927808761597, 1.9643479585647583, 0.27235108613967896, 0.49766579270362854, 2.1870923042297363, -0.007061310112476349, -0.7408425211906433, -0.8944686055183411, 1.1809544563293457, -1.3202673196792603, 3.441864490509033, -1.2663402557373047, -2.4736509323120117, -0.1338495910167694, 0.3033983111381531, 0.6592085957527161, -1.1552433967590332, 0.24745920300483704, 2.997385025024414, 1.3340851068496704, 1.5177016258239746, -0.4538722038269043, -1.6441601514816284, 0.05816659331321716, -0.47323355078697205, 0.5265682339668274, 0.14216428995132446, 0.5943909287452698, 1.719006061553955, -0.8075199723243713, -0.0753360316157341, -0.4160752296447754, -0.7305048704147339, 0.5941361784934998, 0.04195096343755722, 0.5620964169502258, -0.30391761660575867, 1.364465355873108, -1.1683766841888428, -0.9453563690185547, -0.08217896521091461, -0.8501170873641968, -1.6749508380889893, 0.8091351389884949, 0.8457871675491333, 0.12190940976142883, 2.015532970428467, 1.0194675922393799, -0.8071982860565186, 0.8214845657348633, 1.7841688394546509, 0.5169569849967957, -0.6714788675308228, -0.06819695234298706, 0.8635750412940979, 0.06903181970119476, 0.11602689325809479]",yunet,Facenet,1920,1080,/home/amos/media/tv/modern_family/Modern.Family.S09.1080p.DSNP.WEB-DL.DDP5.1.H.264-CRFW/Modern.Family.S09E21.The.Escape.1080p.DSNP.WEB-DL.DDP5.1.H.264-CRFW.mkv,Modern Family,2009,1442437,9,21,Ed O'Neill,18977.0,0.537
757,636,246,822,492,768,336,690,342,0.937,16464,0,"[-0.09991416335105896, 0.18199145793914795, -0.09430196136236191, -1.5939403772354126, -0.04037271440029144, -2.0108485221862793, -1.3182244300842285, -0.29633522033691406, 0.15843763947486877, -0.6471987366676331, -0.6379783749580383, 1.1629844903945923, -0.12829482555389404, -0.720268964767456, 0.4656127691268921, -0.04264744371175766, -1.1361709833145142, 0.4912629723548889, -0.5515686273574829, -0.8464316129684448, 1.1357733011245728, -0.023962438106536865, 0.33797547221183777, -0.2524579167366028, -0.148416668176651, 1.1485742330551147, -1.2090240716934204, -0.8661544919013977, -0.03851041942834854, -2.0334458351135254, -1.1028292179107666, -0.015956487506628036, 0.08753172308206558, -0.11408872902393341, 0.028101710602641106, 1.9054205417633057, -1.8083409070968628, 0.43207159638404846, 0.4457998275756836, -1.1038765907287598, -0.5517047047615051, 0.8465919494628906, 0.4928239583969116, -0.678329586982727, -2.238591432571411, 0.8419594168663025, -0.6039267778396606, -0.5353903770446777, -2.749685049057007, -0.35505250096321106, 0.2965022623538971, -2.4345619678497314, -0.5043550133705139, 0.7810978889465332, 0.9741628170013428, -0.9128844141960144, 0.3729819655418396, -0.6300420165061951, -1.5753999948501587, 0.14797469973564148, -0.26909950375556946, -2.2537341117858887, -2.3839502334594727, -0.4811953604221344, 1.6234023571014404, -1.6590875387191772, -0.6483863592147827, -1.8136895895004272, 0.002176661044359207, 1.831385850906372, 1.2992655038833618, 2.1868441104888916, -2.3820016384124756, 0.7907400131225586, 1.6697473526000977, -0.7376279234886169, 0.5396894216537476, 0.6041783094406128, 0.6804085969924927, -0.454475998878479, 0.4843713939189911, -0.7469598054885864, 0.45005881786346436, -0.45688310265541077, 0.05445731803774834, 0.25683605670928955, 0.8904106020927429, -1.4668004512786865, -0.9607458114624023, -0.22068674862384796, 0.9132218956947327, -1.1740424633026123, -0.29544857144355774, -1.1696876287460327, -0.191818505525589, -0.28944867849349976, -0.4362708330154419, 1.8361352682113647, 0.9204506874084473, -2.3631880283355713, -0.5303049683570862, -1.913174033164978, 0.034314632415771484, 0.9853695034980774, 1.118122935295105, -1.3490720987319946, 0.3937746584415436, -0.8500630855560303, 0.043833427131175995, 0.8058338761329651, 1.2375736236572266, -0.8678706288337708, -0.48247233033180237, 1.5752103328704834, 0.6574656367301941, -0.2789769768714905, 0.5118697881698608, 0.9352253079414368, 0.7479119300842285, 0.4948820173740387, 0.4817889928817749, -0.5082052946090698, -0.8744282126426697, 1.0950086116790771, -0.8140602707862854, -0.46790072321891785, -2.01216721534729, 1.0590133666992188]",yunet,Facenet,1920,1080,/home/amos/media/tv/modern_family/Modern.Family.S09.1080p.DSNP.WEB-DL.DDP5.1.H.264-CRFW/Modern.Family.S09E21.The.Escape.1080p.DSNP.WEB-DL.DDP5.1.H.264-CRFW.mkv,Modern Family,2009,1442437,9,21,Julie Bowen,31171.0,0.627
758,888,144,1176,516,1002,294,930,294,0.912,16488,0,"[0.2899248003959656, -0.9044965505599976, 0.8183509707450867, 0.6352023482322693, 0.12354205548763275, -0.4994899034500122, -0.04195604473352432, 1.4594250917434692, -0.07449492812156677, -0.7378133535385132, -0.8779752850532532, 0.3113253116607666, -1.3084090948104858, 0.7632178068161011, -0.9556430578231812, -1.4740138053894043, 1.5359996557235718, -0.6135015487670898, 1.0542458295822144, 0.032365582883358, -0.30623847246170044, -0.8171710968017578, -0.0297210905700922, -0.4219016432762146, 1.637054204940796, -1.64022958278656, 0.8465696573257446, 2.083217144012451, 0.6804273128509521, -0.3127327263355255, -1.4454329013824463, 1.9350688457489014, -1.0319331884384155, 0.6213494539260864, -2.228896141052246, 0.1084318459033966, -0.32656028866767883, -0.2171434462070465, -0.6357303857803345, -0.6079134941101074, -0.766473650932312, -0.09184189885854721, -1.6410307884216309, 0.9090929627418518, 0.9049478769302368, 0.5251486301422119, -1.8132473230361938, -0.22697530686855316, 0.1845201998949051, 1.4390851259231567, -0.7843970060348511, 0.10689033567905426, 0.28546378016471863, 0.24494962394237518, -0.3220375180244446, 0.7855432629585266, -0.598042905330658, -1.3511046171188354, -0.11242048442363739, 0.9851454496383667, -2.3116862773895264, 1.0821305513381958, -0.030034895986318588, -0.7063330411911011, -0.3157881200313568, 1.2937705516815186, -0.27776023745536804, 0.4260137677192688, -0.6041010022163391, -0.2956598103046417, -1.438472032546997, 0.21076107025146484, 0.6921766996383667, 0.4034649133682251, 0.17341576516628265, 0.48772528767585754, -0.8194353580474854, -0.9422705769538879, 0.11957240849733353, 1.7235881090164185, 0.18595796823501587, 1.5144317150115967, -0.3134204149246216, -2.2666003704071045, 1.1700400114059448, 0.4262259304523468, 0.1380806863307953, 0.5999695658683777, 0.19625896215438843, 2.339393377304077, 1.1763484477996826, 1.8107120990753174, -1.8272734880447388, -0.8038384914398193, -0.027348652482032776, -0.12365900725126266, -0.30650582909584045, -0.8239818215370178, 0.32722416520118713, 1.0099530220031738, -0.16377955675125122, -0.08696174621582031, 0.6120225191116333, -1.855783224105835, 0.10735961049795151, -0.284893274307251, 1.105827808380127, 0.07897114008665085, 0.6129043698310852, -1.6526464223861694, -0.15557612478733063, -1.2559759616851807, -0.9475840330123901, -0.8095781803131104, 1.256263256072998, -0.06499452888965607, 1.1259552240371704, 1.798438310623169, 1.3034684658050537, -0.24013651907444, 1.157257080078125, 0.43211114406585693, -0.236628457903862, -0.053207457065582275, 0.33323395252227783, 0.21595534682273865, 0.03440455347299576, 0.6474167108535767]",yunet,Facenet,1920,1080,/home/amos/media/tv/modern_family/Modern.Family.S09.1080p.DSNP.WEB-DL.DDP5.1.H.264-CRFW/Modern.Family.S09E21.The.Escape.1080p.DSNP.WEB-DL.DDP5.1.H.264-CRFW.mkv,Modern Family,2009,1442437,9,21,Ed O'Neill,18977.0,0.62
759,936,174,1236,546,1068,324,966,324,0.919,16512,0,"[0.28887420892715454, -0.8392370939254761, 0.8769298195838928, 0.41854074597358704, 0.7999028563499451, -0.09438216686248779, 0.2976985573768616, 1.8617573976516724, 0.36531543731689453, 0.4955255091190338, -1.3938121795654297, 0.6013627052307129, -1.935705304145813, 0.36952972412109375, -0.48368170857429504, -1.1370612382888794, 2.267136573791504, -0.1427917182445526, 0.6613431572914124, -0.16477923095226288, -0.044796958565711975, -1.7098807096481323, -0.2992943227291107, 0.36448025703430176, 0.915145218372345, -1.871826171875, 1.722464680671692, 2.113687515258789, -0.10542052984237671, -0.507405698299408, -1.2462902069091797, 1.7915509939193726, -1.0601462125778198, -0.18984386324882507, -2.174983024597168, -0.6083671450614929, -0.502793550491333, -0.2618030905723572, -0.9425811171531677, 0.30087190866470337, -1.4226040840148926, -1.1539512872695923, -0.8937133550643921, 1.0017482042312622, 1.184288501739502, 0.6356488466262817, -1.2445324659347534, -0.24744471907615662, 0.3073238134384155, 0.39450857043266296, -0.8116281628608704, 0.4204939603805542, 0.12861034274101257, 0.5040225982666016, 0.1054372489452362, 0.5330473184585571, -1.3127018213272095, -1.0879573822021484, -0.10869832336902618, 0.968456506729126, -2.290583372116089, 1.428609013557434, 0.3162387013435364, -0.35535740852355957, 0.20489895343780518, 1.7429879903793335, -0.20083263516426086, 1.7097939252853394, 0.02184966951608658, -0.1528477668762207, -1.8765560388565063, 0.3212850093841553, 1.35512375831604, 0.05736355483531952, 0.37717315554618835, 0.5677687525749207, -0.5192394852638245, -1.1051064729690552, -0.6977951526641846, 1.7873039245605469, -0.9587424993515015, 1.4394367933273315, -0.2655036747455597, -2.4565958976745605, 0.184922993183136, 0.8965129852294922, -0.18587712943553925, -0.6179553866386414, 0.5264444351196289, 2.3219237327575684, 1.1086413860321045, 0.9364391565322876, -1.5392558574676514, -0.911446213722229, 0.23290418088436127, -0.8057461380958557, -0.23828960955142975, -0.6518991589546204, 0.6370818614959717, 2.36423659324646, -0.19649618864059448, 1.105540156364441, 0.6257838606834412, -1.3255497217178345, -0.43105509877204895, -0.6543300151824951, -0.07660503685474396, -0.014905087649822235, 0.5812299847602844, -0.886503279209137, -0.6557571291923523, -0.569175124168396, -1.1391907930374146, -1.2229321002960205, 0.28028976917266846, 0.4940919578075409, 0.13764919340610504, 2.38938045501709, 0.8757852911949158, -0.9143747687339783, 0.7962602376937866, 1.006134271621704, -0.17319688200950623, -0.5333635210990906, -0.3135225176811218, 0.23310816287994385, 0.5201770663261414, 0.48883137106895447]",yunet,Facenet,1920,1080,/home/amos/media/tv/modern_family/Modern.Family.S09.1080p.DSNP.WEB-DL.DDP5.1.H.264-CRFW/Modern.Family.S09E21.The.Escape.1080p.DSNP.WEB-DL.DDP5.1.H.264-CRFW.mkv,Modern Family,2009,1442437,9,21,Ed O'Neill,18977.0,0.609
760,966,180,1260,534,1098,330,1008,330,0.904,16536,0,"[0.3445821702480316, -1.5079114437103271, 1.0410596132278442, 0.16586950421333313, 0.04467850551009178, 0.029009753838181496, -0.2868756055831909, 0.8173120617866516, 0.5798105001449585, -0.24544431269168854, -0.9293966889381409, 0.6429034471511841, -1.5774550437927246, 0.5235508680343628, -0.847337007522583, -1.5590218305587769, 2.8977465629577637, 1.029678225517273, 0.640008807182312, 0.1873605102300644, 0.09090854227542877, -1.9081542491912842, -0.14552031457424164, 0.18647590279579163, 1.553139328956604, -1.918405532836914, 0.2803879380226135, 2.144893169403076, 0.6153159141540527, -0.6857525706291199, -0.4637080132961273, 1.9712189435958862, -0.8019319772720337, 0.4714975357055664, -2.0744259357452393, -0.20045532286167145, -0.4637857973575592, 0.5877282619476318, -0.9830705523490906, 0.39128461480140686, -1.155755877494812, -0.7628678679466248, -0.24089494347572327, 1.2469135522842407, 0.042503878474235535, -0.0071838656440377235, -1.1701747179031372, -1.0462929010391235, 0.39741289615631104, -0.42571890354156494, 0.23047637939453125, -1.1541967391967773, -0.3291438817977905, -0.14831599593162537, 0.9607123136520386, 0.5991355776786804, -1.5699719190597534, -0.7024637460708618, -0.031068187206983566, 1.1609365940093994, -1.6740212440490723, 1.1009490489959717, -0.33574309945106506, -0.7226059436798096, 0.6004253625869751, 1.837975263595581, -0.20889624953269958, 2.040034055709839, 0.4298224151134491, -0.06592322140932083, -1.7276668548583984, 0.6661397218704224, 1.1829732656478882, 0.19541440904140472, 0.2202824205160141, 1.4471935033798218, -0.3924258053302765, -2.0313525199890137, -0.3249417245388031, 1.7680447101593018, -0.08843457698822021, 1.6904256343841553, -0.3506648540496826, -1.678654432296753, -0.5686267018318176, 0.8324133157730103, 0.005795558914542198, -0.7238565683364868, -0.11955104768276215, 2.646249294281006, 1.5884134769439697, 0.688652515411377, -2.7178988456726074, -1.2543798685073853, -0.6248946785926819, -0.7100034356117249, -0.6525784134864807, -0.3795384466648102, 1.2819149494171143, 1.5601083040237427, -0.17240649461746216, 0.643090546131134, -0.04866272211074829, -1.6782127618789673, -0.6008968949317932, -0.7506338953971863, 0.23077869415283203, -1.3416192531585693, 0.8182290196418762, -2.2604496479034424, -0.6081090569496155, -0.2929728031158447, -1.0538541078567505, -1.8541569709777832, 1.0108587741851807, -0.09498071670532227, 0.5574277639389038, 1.903046727180481, 1.2843153476715088, 0.17520025372505188, 0.7391436696052551, 0.9702327251434326, 0.3149123787879944, -0.305612176656723, -0.3515254855155945, 0.5867527723312378, 0.604610800743103, 0.2368629425764084]",yunet,Facenet,1920,1080,/home/amos/media/tv/modern_family/Modern.Family.S09.1080p.DSNP.WEB-DL.DDP5.1.H.264-CRFW/Modern.Family.S09E21.The.Escape.1080p.DSNP.WEB-DL.DDP5.1.H.264-CRFW.mkv,Modern Family,2009,1442437,9,21,Ed O'Neill,18977.0,0.616
761,1146,90,1422,462,1344,240,1230,240,0.912,16584,0,"[0.3896636664867401, -1.2158374786376953, 0.48279938101768494, 0.4255693852901459, -0.1101396307349205, -0.7348043918609619, -1.1031582355499268, 1.2144578695297241, -1.2869452238082886, 0.2998715043067932, -1.107923150062561, 1.2999703884124756, -0.03105892613530159, -0.23841428756713867, 0.4987962245941162, -0.6302294135093689, 2.4046072959899902, 0.3384982943534851, 1.458556890487671, -0.9133249521255493, -1.0126564502716064, -0.3843366205692291, 0.4828724265098572, 0.5233216881752014, 1.3811131715774536, -1.3714081048965454, 0.09154953807592392, 3.524834156036377, 1.3512786626815796, -0.45302537083625793, -0.4879842698574066, 1.428288221359253, -0.9091483950614929, 0.16983476281166077, -1.2759981155395508, -0.9034903049468994, 1.3382976055145264, -0.3738631308078766, -2.0730674266815186, -0.5182856321334839, -1.2165511846542358, -0.28221216797828674, -0.7674063444137573, 0.852042555809021, 0.5381287336349487, 0.049775492399930954, 0.9787956476211548, -2.003822088241577, 1.1920808553695679, -0.2823014259338379, -0.15201102197170258, -0.8986418843269348, -0.8833271265029907, 0.2137375921010971, -0.47747543454170227, 1.1735063791275024, -0.8762266635894775, 0.5130033493041992, -0.755716860294342, 1.1018297672271729, -1.6887915134429932, 0.059620678424835205, 1.1854369640350342, -0.5839452743530273, -0.2883675694465637, 0.9888694882392883, 1.0630347728729248, 2.023521661758423, 0.6319124102592468, -0.5131573677062988, -0.4119088649749756, 1.1209912300109863, -0.1480177640914917, 1.7328712940216064, 0.16182857751846313, 1.2186886072158813, -0.5829411149024963, -0.4356941878795624, -0.21315273642539978, 0.9359396696090698, -0.6900643706321716, 1.3487827777862549, -0.3140990436077118, -1.4448189735412598, -0.8827915191650391, -0.1576651632785797, -0.011405352503061295, -0.7608612775802612, -0.1803247034549713, 1.288062572479248, 1.0676771402359009, -0.7755274772644043, -1.7630209922790527, -1.3710973262786865, -0.1185658872127533, -0.4202878773212433, -0.8334466218948364, 0.07705028355121613, 2.673022508621216, 1.0621808767318726, -0.7197632789611816, 1.5722318887710571, 1.1689211130142212, -2.144113302230835, -0.3747277557849884, 0.6244022250175476, -0.8639390468597412, -0.8464908599853516, 0.6251838803291321, -1.779937982559204, -2.402634382247925, 1.0681910514831543, -0.7322146892547607, -2.021127462387085, 1.9620939493179321, 0.32176005840301514, 1.0007168054580688, 0.21579602360725403, 0.00860874354839325, 0.18154291808605194, 0.4501821994781494, 0.2631068527698517, 0.563019871711731, 0.8067611455917358, 0.8740337491035461, 0.7289524674415588, -0.22476598620414734, -0.127447709441185]",yunet,Facenet,1920,1080,/home/amos/media/tv/modern_family/Modern.Family.S09.1080p.DSNP.WEB-DL.DDP5.1.H.264-CRFW/Modern.Family.S09E21.The.Escape.1080p.DSNP.WEB-DL.DDP5.1.H.264-CRFW.mkv,Modern Family,2009,1442437,9,21,Ed O'Neill,18977.0,0.772
762,1332,162,1506,402,1458,264,1380,264,0.915,16776,0,"[-1.2944374084472656, -1.4037784337997437, -1.0660008192062378, 1.0705506801605225, 1.4788289070129395, -0.8290669322013855, -0.09393806755542755, 0.6879229545593262, 3.2276337146759033, -0.13745789229869843, 1.273021936416626, -1.1228265762329102, 0.09602516889572144, -0.5389384031295776, -0.8824489116668701, 0.5728678703308105, 0.39026567339897156, -0.6121125221252441, -0.734799325466156, -0.12518028914928436, -0.11849156022071838, 1.0932999849319458, -0.04736308380961418, 0.6540411710739136, 0.48108839988708496, 1.0718941688537598, 1.47065269947052, -1.6218757629394531, 2.0150187015533447, -1.44374680519104, -0.9814492464065552, 0.15775088965892792, 0.12707757949829102, -0.3612784445285797, 1.5684400796890259, 1.3661811351776123, -0.3978141248226166, 0.1226266473531723, -1.2304275035858154, -1.5835356712341309, -0.38227981328964233, 0.8797679543495178, -0.5139552354812622, 0.35649004578590393, -0.246501162648201, -0.4830498993396759, -1.2002073526382446, 0.8176995515823364, -0.586712121963501, 1.2044792175292969, 0.7622164487838745, 1.1167508363723755, -1.674552321434021, 0.44649600982666016, 0.016360118985176086, -0.5006405711174011, 1.185938835144043, -0.13568435609340668, -1.2387999296188354, -1.40226149559021, -0.6789750456809998, 0.8799381852149963, -0.5241512060165405, 1.342734456062317, 0.44482919573783875, 2.5672261714935303, -0.21715745329856873, 1.1553970575332642, 0.41011011600494385, -1.9436341524124146, -0.23979191482067108, -1.7557426691055298, -1.894088864326477, 0.32630980014801025, 0.2371550351381302, -0.10286152362823486, -1.0166066884994507, -0.5885511636734009, -1.323960542678833, -1.3402973413467407, -0.9952425956726074, 0.9013744592666626, -0.24570751190185547, -0.3476887345314026, 0.28516876697540283, -1.435394048690796, 0.21395331621170044, 1.4177961349487305, -0.8746638298034668, -0.9136480689048767, -0.5651010870933533, 0.987424910068512, 2.088696241378784, 0.7331812381744385, -0.553719162940979, 1.8103281259536743, -0.5458944439888, 0.9608965516090393, -1.2813317775726318, -0.19323065876960754, -0.787968635559082, -0.6289556622505188, -0.3834685981273651, -0.6881636381149292, 0.3422962427139282, 1.1501885652542114, 0.7790613770484924, 0.24403166770935059, 0.8109543919563293, -0.9023231267929077, 1.0269174575805664, -0.702847421169281, 1.6665688753128052, -0.4452562630176544, -0.35980555415153503, 1.570693016052246, 0.6524677276611328, -0.824219822883606, 0.1813734769821167, 0.4328518211841583, -0.38891422748565674, 0.10986609756946564, 0.32776665687561035, -0.9017325639724731, 2.1035585403442383, 0.12574711441993713, 0.20338867604732513, -0.25100311636924744]",yunet,Facenet,1920,1080,/home/amos/media/tv/modern_family/Modern.Family.S09.1080p.DSNP.WEB-DL.DDP5.1.H.264-CRFW/Modern.Family.S09E21.The.Escape.1080p.DSNP.WEB-DL.DDP5.1.H.264-CRFW.mkv,Modern Family,2009,1442437,9,21,Jesse Tyler Ferguson,204815.0,0.847
763,720,246,864,432,822,300,756,300,0.911,16776,1,"[0.29261860251426697, -0.19565363228321075, 1.6587364673614502, -0.841202974319458, 0.7175651788711548, -0.1089685708284378, 0.11088556051254272, -1.849219799041748, 1.445415735244751, -0.16084057092666626, 1.5753511190414429, 0.41752001643180847, 0.3116500973701477, -0.7906405925750732, -1.2287671566009521, -0.876569390296936, 2.0102522373199463, 0.005824089050292969, -0.9535785913467407, -1.1633907556533813, 0.8937039375305176, -0.6724872589111328, -0.23663991689682007, 0.4395520091056824, 1.012208104133606, 1.4125964641571045, -0.21436820924282074, -0.9991827011108398, 1.1102261543273926, -2.944953441619873, 0.58725905418396, 0.04867570474743843, -0.0676126629114151, -0.8719991445541382, 0.2838790714740753, 1.063620686531067, -2.0441415309906006, 1.6469489336013794, 0.5753482580184937, -0.16100002825260162, -1.0083028078079224, -0.050241731107234955, 0.6493015289306641, 0.6577272415161133, -2.1760692596435547, 0.34753653407096863, -0.2560522258281708, -0.5033292770385742, -1.1774200201034546, -1.462119221687317, 0.7309905290603638, -2.4061708450317383, -1.1399595737457275, 0.5919082760810852, 1.6593352556228638, -0.41843533515930176, 2.759721279144287, -1.3211320638656616, -1.1062407493591309, 0.1620163917541504, -0.6486506462097168, -1.7851957082748413, -0.4052387773990631, -0.50152587890625, 1.5840370655059814, -0.5271505117416382, -0.7520278096199036, -0.772985577583313, -0.23795202374458313, 1.2616424560546875, -1.7265493869781494, 1.6744049787521362, -2.719789981842041, -0.20212486386299133, 0.9842604398727417, 0.13908550143241882, -0.2560446858406067, -0.6158046126365662, 0.3342128098011017, 0.160958930850029, 0.8506345748901367, -0.5295212268829346, 0.2202470302581787, -1.4188623428344727, -1.0841333866119385, 1.8975048065185547, 0.34812259674072266, -0.9703727960586548, -0.5738792419433594, 0.18382561206817627, 1.6692911386489868, -0.2869130074977875, 0.560762345790863, -2.4276998043060303, 1.4349234104156494, 0.9282383918762207, -0.5909522771835327, 0.8572645783424377, 0.8385964632034302, -2.9342362880706787, -0.27398571372032166, -1.434457540512085, -0.5074830651283264, 0.29574376344680786, 1.2653708457946777, 0.1242394894361496, -0.9346040487289429, -0.9724074602127075, 1.7899574041366577, -2.2020773887634277, -0.13714593648910522, -0.5873960256576538, -0.3861865997314453, 0.646541178226471, -0.2266843318939209, -0.3429255485534668, -0.842787504196167, 0.9846293926239014, 2.3328254222869873, 0.8357549905776978, -1.114831566810608, -0.3719281852245331, 0.5132399797439575, -0.005301702301949263, 1.0506865978240967, 0.3331387937068939, -0.09645303338766098, -0.3539770245552063]",yunet,Facenet,1920,1080,/home/amos/media/tv/modern_family/Modern.Family.S09.1080p.DSNP.WEB-DL.DDP5.1.H.264-CRFW/Modern.Family.S09E21.The.Escape.1080p.DSNP.WEB-DL.DDP5.1.H.264-CRFW.mkv,Modern Family,2009,1442437,9,21,,,
764,984,216,1146,426,1080,306,1014,306,0.939,16800,0,"[-0.3286976218223572, 0.2117266058921814, 0.24356229603290558, -1.6499013900756836, 0.8347383141517639, -2.1813135147094727, -2.876408100128174, -0.10329893231391907, 0.1416412889957428, -0.7056760191917419, 0.8531333804130554, 1.1285251379013062, 1.220442533493042, -0.3759438991546631, 1.138211727142334, -0.005448432639241219, -0.47194162011146545, 0.2611011266708374, -0.5373048782348633, -0.22849299013614655, 0.33018800616264343, -0.48192307353019714, 0.5152053236961365, 1.1361666917800903, -0.25879913568496704, 0.7496716976165771, -1.5503816604614258, 0.2605489492416382, 0.5489045977592468, -2.654970645904541, -0.3765835165977478, -0.38251176476478577, -0.24931736290454865, 0.2164323925971985, 0.9716052412986755, 1.8729544878005981, -0.938442587852478, -0.0446491539478302, 0.6519672870635986, -0.9719090461730957, -0.6122285723686218, 0.1366536021232605, 0.6290359497070312, -0.6975816488265991, -2.7051663398742676, -0.47786566615104675, -0.5159175395965576, -0.7897210121154785, -1.5105681419372559, -0.2989565432071686, 0.6352459192276001, -2.4111013412475586, -0.5519725680351257, 1.3896582126617432, 1.3962692022323608, -1.7587921619415283, 0.8107675909996033, -1.5676026344299316, -1.2269551753997803, 0.2512398064136505, -0.21718242764472961, -1.8085963726043701, -0.5178651809692383, -1.1128686666488647, 0.06749546527862549, -0.8756458163261414, -0.8318991661071777, -1.076280117034912, 0.2495625615119934, 2.59151291847229, 0.34277307987213135, 1.4243788719177246, -3.5385022163391113, 1.2531317472457886, 0.651386022567749, 0.06727966666221619, 0.32744714617729187, 0.012747779488563538, 0.7683631777763367, -0.9358249306678772, 1.0236845016479492, -0.7456040382385254, 0.33208099007606506, -0.07453976571559906, 1.023752212524414, 0.4753701984882355, 0.13214240968227386, -0.39566463232040405, -1.1588740348815918, -1.0206218957901, 1.1412073373794556, -1.8447717428207397, -0.3576302230358124, -1.3947076797485352, 0.04490974545478821, 0.20220981538295746, -0.5774931907653809, 1.6287356615066528, 1.119849681854248, -2.6672885417938232, -1.0696682929992676, -1.2295092344284058, 0.048461493104696274, 0.6459141373634338, 0.8107710480690002, 0.3455962538719177, 0.28446274995803833, -0.6016937494277954, -0.2138366848230362, 0.6777802109718323, 1.0630601644515991, -0.6345319151878357, -0.8551911115646362, -0.4004739224910736, 0.45051372051239014, -0.32937535643577576, 0.8020626306533813, -1.0178993940353394, 0.30543360114097595, -0.06902950257062912, -0.13142046332359314, -0.5236505270004272, 0.5783748030662537, -0.7457769513130188, 0.723053514957428, -0.7104578018188477, -1.2779319286346436, 0.6586298942565918]",yunet,Facenet,1920,1080,/home/amos/media/tv/modern_family/Modern.Family.S09.1080p.DSNP.WEB-DL.DDP5.1.H.264-CRFW/Modern.Family.S09E21.The.Escape.1080p.DSNP.WEB-DL.DDP5.1.H.264-CRFW.mkv,Modern Family,2009,1442437,9,21,Julie Bowen,31171.0,0.643
765,1254,126,1464,414,1362,234,1284,234,0.904,16800,1,"[-0.5968745946884155, -1.58246910572052, -0.2756163775920868, -1.0309747457504272, 1.5683560371398926, 0.3580191135406494, 0.1565125584602356, -0.18424178659915924, 2.9166879653930664, -0.2432514876127243, 1.158429503440857, -1.6420198678970337, -0.5917201042175293, -0.6035232543945312, -0.6260181665420532, 1.3579267263412476, 0.3334144949913025, -1.0966122150421143, 0.5305643081665039, -0.05661740154027939, 1.2312211990356445, 1.1315510272979736, 0.9261640906333923, 0.2897787094116211, 0.48046234250068665, 1.3054966926574707, 1.9299790859222412, -2.671260356903076, 2.2411351203918457, -1.1152812242507935, -0.39949268102645874, 0.36949801445007324, 1.070562720298767, -0.040411576628685, 1.110764741897583, 1.0587352514266968, 0.4774686098098755, 0.5284071564674377, 0.18233442306518555, -1.0468308925628662, -0.41576752066612244, -0.20527558028697968, -1.6525167226791382, -1.0398128032684326, -0.6648398041725159, -0.022286279127001762, -2.3486440181732178, 0.14380493760108948, -0.314414381980896, 0.6463534832000732, -0.24185459315776825, 0.38114991784095764, -1.6524237394332886, 0.8352196216583252, -0.27331438660621643, -1.0101176500320435, 1.786916971206665, 0.16665861010551453, -1.762813925743103, -1.7179580926895142, -0.7075070142745972, -0.1979045271873474, -0.42461395263671875, 1.3209372758865356, -0.9585785269737244, 1.6173182725906372, 1.5395547151565552, 0.23941461741924286, 0.7791754007339478, -1.563685655593872, -0.630660891532898, -1.309909462928772, -2.023209810256958, -0.015261247754096985, 0.7285483479499817, -0.24416899681091309, -1.192002534866333, -0.8630416989326477, -1.389931082725525, -1.0821963548660278, -1.8813153505325317, 1.3006459474563599, 0.18100953102111816, -1.1065593957901, 0.0335535928606987, -0.24752333760261536, 0.05852333828806877, 1.5477235317230225, -0.7144408226013184, -0.3763115108013153, -0.5511026978492737, 0.20005357265472412, 2.204684019088745, 0.4852008819580078, 0.17071977257728577, 1.0989441871643066, -1.3442424535751343, 0.9321041107177734, -1.0166345834732056, -0.5577464699745178, -0.3667280673980713, -0.8589949607849121, -0.290728896856308, 0.06735027581453323, 0.7501654028892517, 1.2852243185043335, 0.30330854654312134, 0.5483852624893188, 0.8012917637825012, -0.9800872206687927, 0.2989010214805603, -1.2060303688049316, 1.1805013418197632, -0.9264873266220093, -0.2079063504934311, 1.0108195543289185, 0.5713034868240356, -0.8503257036209106, -0.16833102703094482, 0.015323277562856674, -0.49165284633636475, 0.9616667032241821, 0.45026320219039917, -1.2257639169692993, 1.9275542497634888, 0.08828447014093399, -0.24378719925880432, 0.49555161595344543]",yunet,Facenet,1920,1080,/home/amos/media/tv/modern_family/Modern.Family.S09.1080p.DSNP.WEB-DL.DDP5.1.H.264-CRFW/Modern.Family.S09E21.The.Escape.1080p.DSNP.WEB-DL.DDP5.1.H.264-CRFW.mkv,Modern Family,2009,1442437,9,21,Jesse Tyler Ferguson,204815.0,0.759
766,546,168,798,498,750,306,642,306,0.916,16824,0,"[0.22144044935703278, -1.370893955230713, 1.788469672203064, -0.6148401498794556, 0.501046895980835, 0.026660529896616936, -0.30847427248954773, 1.6958892345428467, 0.4756775200366974, -0.3229243755340576, -0.22386401891708374, 0.9192672967910767, -1.4276933670043945, 0.5400959253311157, -0.1508694887161255, -1.0104619264602661, 1.407974123954773, 0.9152747988700867, 0.8009869456291199, -1.309908151626587, -0.5813308954238892, -1.282885193824768, -0.6144332885742188, 0.053722597658634186, 1.6581720113754272, -1.3476630449295044, 0.15540152788162231, 2.6647443771362305, 0.5992724895477295, -1.2752625942230225, -0.8678516149520874, 1.9948607683181763, -1.6275399923324585, 0.2815851867198944, -1.1638494729995728, -0.25202593207359314, -0.5717974305152893, -0.5843113660812378, -1.2943575382232666, 0.038515739142894745, -0.5178698301315308, -1.3292481899261475, -0.766291618347168, 0.7219811677932739, 0.8176987767219543, -0.7161699533462524, 0.09043046832084656, -1.774486780166626, 1.2299925088882446, -0.2752683162689209, -0.6498327255249023, -0.285186231136322, -0.6103798151016235, -0.264007568359375, 0.09956145286560059, 0.36917081475257874, -0.3999374210834503, -0.5800585150718689, -0.3701822757720947, 1.267213225364685, -1.3436970710754395, -0.08792687207460403, 1.4210429191589355, -1.0356643199920654, 0.2493860125541687, 1.5086885690689087, 0.4808853268623352, 1.8097913265228271, 0.5591700077056885, -0.30313417315483093, -1.7567493915557861, 0.19785520434379578, 0.20325428247451782, 0.5371082425117493, 0.33570680022239685, 0.18141329288482666, -0.9557894468307495, -0.95970618724823, -0.5596169233322144, 2.0812888145446777, -0.08226419985294342, 0.7389941215515137, 0.025097601115703583, -2.14194655418396, -0.8484265804290771, 0.5689820051193237, -0.42699936032295227, -0.06903107464313507, 0.8780568838119507, 2.7073848247528076, 1.0367869138717651, -0.42396795749664307, -2.104992389678955, -1.8394417762756348, 0.004859764128923416, 0.019615931436419487, -1.4729975461959839, -0.4344467222690582, 2.433612585067749, 2.180032253265381, -0.8790165781974792, 1.0606309175491333, 0.5222183465957642, -1.7096199989318848, 0.29657331109046936, 0.6156734824180603, -0.6376330852508545, 0.21481914818286896, 0.4565425515174866, -1.5383292436599731, -0.7268503308296204, 0.2978721559047699, -0.881116509437561, -2.1362240314483643, 2.0598483085632324, 0.01205364614725113, 1.3480172157287598, 1.0633342266082764, 1.0156092643737793, -0.9093536138534546, 0.04005379229784012, 0.7241940498352051, 0.281775563955307, 0.5622811317443848, 0.2979413568973541, 0.5646270513534546, -0.673234760761261, 0.031778816133737564]",yunet,Facenet,1920,1080,/home/amos/media/tv/modern_family/Modern.Family.S09.1080p.DSNP.WEB-DL.DDP5.1.H.264-CRFW/Modern.Family.S09E21.The.Escape.1080p.DSNP.WEB-DL.DDP5.1.H.264-CRFW.mkv,Modern Family,2009,1442437,9,21,Ed O'Neill,18977.0,0.726
767,546,180,786,492,738,312,642,318,0.91,16848,0,"[-0.6519474983215332, -2.161768674850464, 1.0954433679580688, 0.28364670276641846, -0.3397001326084137, -0.2452564537525177, -1.2178874015808105, 0.679189920425415, -0.5268247127532959, 0.5174585580825806, 0.07130207866430283, 1.3362828493118286, -2.1446216106414795, 0.13396237790584564, 0.007843077182769775, -0.3639625310897827, 1.0276753902435303, 1.1001943349838257, 1.3794081211090088, -1.1767820119857788, -1.2975385189056396, -1.1153066158294678, -1.097494125366211, 0.35972779989242554, 1.781927466392517, -0.9715487360954285, 0.855890154838562, 2.28193998336792, 1.2418715953826904, -0.31913745403289795, -0.46136394143104553, 2.0325849056243896, -2.131986618041992, 0.9430278539657593, -1.0750848054885864, -0.6314026117324829, 0.2404983639717102, -0.2997020184993744, -1.1326525211334229, -0.8534395694732666, -1.2570236921310425, -0.591202974319458, 0.08365043252706528, 1.5652326345443726, 0.41833147406578064, -0.9739252924919128, 0.9457328915596008, -1.2691891193389893, 0.7432944774627686, 1.1356197595596313, -0.3964273929595947, -0.5283001661300659, 0.03844708949327469, 0.954750657081604, 0.3064958155155182, -0.3051551878452301, -1.1223982572555542, 0.7130657434463501, -1.3708614110946655, 1.700716495513916, -1.090466856956482, -0.13506576418876648, 1.2264888286590576, -0.5047685503959656, 0.5379330515861511, 2.7107348442077637, -0.5102425217628479, 2.4352989196777344, 0.1390928328037262, -0.20618565380573273, -0.3865227997303009, -1.2387561798095703, -0.06062423810362816, 2.1029574871063232, 0.4369676113128662, 1.0510913133621216, -0.485678106546402, -0.26514604687690735, 0.08509836345911026, 2.6351819038391113, -0.7781935334205627, 0.34443458914756775, -0.10848954319953918, -0.3785545527935028, -0.5424671769142151, 0.47248122096061707, 0.13989703357219696, 0.582544207572937, -0.03022702969610691, 1.069212794303894, 0.772781491279602, -0.6743461489677429, -1.326163649559021, -1.5803179740905762, 0.5837329626083374, 0.5517732501029968, -2.39607310295105, 0.3190234303474426, 1.7105672359466553, 0.7669220566749573, -1.2773122787475586, 0.8669684529304504, 1.0153391361236572, -1.817899227142334, 0.12971702218055725, -0.2755233645439148, -0.7667661309242249, 0.13625404238700867, 0.26633337140083313, -2.7078964710235596, -0.026595335453748703, -0.7441760301589966, -0.25983282923698425, -2.1690800189971924, 1.3778125047683716, 0.2658168375492096, 1.167350172996521, 1.5565872192382812, 0.25294366478919983, 0.5816279649734497, -0.25211483240127563, -0.4500576853752136, 0.8692252039909363, 0.934062659740448, 0.46610260009765625, 1.0038729906082153, -0.06261945515871048, 0.5724577307701111]",yunet,Facenet,1920,1080,/home/amos/media/tv/modern_family/Modern.Family.S09.1080p.DSNP.WEB-DL.DDP5.1.H.264-CRFW/Modern.Family.S09E21.The.Escape.1080p.DSNP.WEB-DL.DDP5.1.H.264-CRFW.mkv,Modern Family,2009,1442437,9,21,Ed O'Neill,18977.0,0.741
768,546,168,810,510,762,312,648,312,0.92,16872,0,"[0.5725353360176086, -0.9381389617919922, 1.6592363119125366, -0.49171215295791626, 1.3731670379638672, 0.009738000109791756, -0.5002248883247375, 1.2762333154678345, 0.2548268437385559, -0.5477716326713562, -0.121904157102108, 0.7957352995872498, -1.801523208618164, 0.31437987089157104, -0.1577005684375763, -0.7872670888900757, 1.575258731842041, 0.6944223046302795, 0.14162279665470123, -1.200998306274414, -0.6345794200897217, -1.3768950700759888, -0.30390465259552, -0.202753484249115, 1.3610727787017822, -1.746160864830017, 0.08600059151649475, 3.0013251304626465, 0.7322551012039185, -0.579107940196991, -0.60912024974823, 2.0116682052612305, -2.084352731704712, 0.5802739262580872, -1.808805227279663, 0.12297151982784271, -0.5471416115760803, -0.475320041179657, -1.4318523406982422, 0.07010409235954285, -0.08100919425487518, -1.4351106882095337, -0.8086994886398315, 0.9807621240615845, 0.612229585647583, -0.7634575963020325, 0.15933525562286377, -1.8006569147109985, 0.5365685820579529, 0.22695840895175934, -1.196197271347046, -0.12129555642604828, 0.11483746767044067, 0.5277231335639954, 0.0665242075920105, 0.3795658051967621, -0.7268281579017639, -1.1927955150604248, -0.19264920055866241, 1.4706496000289917, -1.6938117742538452, -0.09989816695451736, 1.380029320716858, -0.3305727541446686, 0.17016693949699402, 1.4186172485351562, 0.26757705211639404, 1.7748852968215942, 0.3263089060783386, -0.40027517080307007, -2.220463275909424, 0.49153783917427063, 0.27520719170570374, 0.5630404353141785, 0.45003363490104675, 1.0765917301177979, -1.2085661888122559, -0.8670337796211243, -0.34724608063697815, 1.58525812625885, -0.1623411476612091, 1.2795703411102295, -0.1929740607738495, -2.1568121910095215, -0.35377830266952515, 0.32648804783821106, -0.49698179960250854, -0.04149157926440239, 0.9739301204681396, 2.7276012897491455, 0.927198588848114, -0.2886466383934021, -2.0546700954437256, -2.243151903152466, 0.520706295967102, -0.17857584357261658, -1.7786226272583008, -1.1043784618377686, 2.306222677230835, 1.814611792564392, -0.692763090133667, 1.3240740299224854, -0.382828950881958, -1.9719429016113281, 0.5456109642982483, 0.756399393081665, -0.6486460566520691, 0.17022955417633057, 0.5906383991241455, -1.9012951850891113, -0.8413923978805542, 0.8879551887512207, -0.9725333452224731, -2.120457410812378, 1.8496026992797852, 0.1908462941646576, 0.6839683055877686, 0.7946807742118835, 0.5983021855354309, -0.7332555651664734, 0.4530407190322876, 0.4614109992980957, 0.9465903639793396, -0.20772208273410797, 0.3237094283103943, 0.14200514554977417, 0.02237771265208721, 0.20596927404403687]",yunet,Facenet,1920,1080,/home/amos/media/tv/modern_family/Modern.Family.S09.1080p.DSNP.WEB-DL.DDP5.1.H.264-CRFW/Modern.Family.S09E21.The.Escape.1080p.DSNP.WEB-DL.DDP5.1.H.264-CRFW.mkv,Modern Family,2009,1442437,9,21,Ed O'Neill,18977.0,0.76
769,696,192,894,486,816,306,738,306,0.93,16920,0,"[-0.6803766489028931, -0.5843379497528076, 0.18116699159145355, -1.06404709815979, 0.2202850729227066, -2.2547740936279297, -2.3129429817199707, 0.22275222837924957, -0.6225186586380005, 0.20078161358833313, -0.421213835477829, 0.07228318601846695, -0.022387143224477768, 1.4032649993896484, 0.1419413983821869, -0.5403027534484863, -0.0938115268945694, -0.6878625750541687, -0.7209841012954712, -0.2638125717639923, -0.05011126399040222, -0.36487331986427307, 0.6828283667564392, 0.7191946506500244, 0.5493637919425964, 0.7503654956817627, -1.4469062089920044, 0.13497769832611084, 0.32533514499664307, -3.8300533294677734, 0.5011919736862183, -0.36001279950141907, 0.4504447877407074, -0.8841068148612976, -0.20601719617843628, 2.385631799697876, -0.9373922944068909, 0.4844178259372711, 0.7602782845497131, -1.1322888135910034, -2.1037709712982178, 0.995100200176239, 1.221649169921875, -1.1096770763397217, -1.1226500272750854, 0.2873402237892151, -1.9007726907730103, 1.4769126176834106, -1.8738148212432861, -0.002300046384334564, 1.498923659324646, -1.687030553817749, -0.7441505789756775, 1.131731629371643, -0.6002768874168396, -0.6743881106376648, 0.6635665893554688, -0.42559656500816345, -0.8627647161483765, 0.31638652086257935, -0.4027497470378876, -1.0226678848266602, -2.202579975128174, 0.7361865639686584, 0.388825923204422, -1.8406997919082642, -0.26140010356903076, -2.1837575435638428, 0.43084096908569336, 2.080117702484131, -0.42796117067337036, 1.1420650482177734, -2.5783867835998535, 0.20876269042491913, 0.6465592384338379, -1.0410946607589722, 1.1343369483947754, -0.2414846271276474, 0.09540649503469467, -0.5238968729972839, 0.5353738069534302, 0.10564424842596054, 0.7678118944168091, -0.12580512464046478, -1.1273536682128906, 0.28961730003356934, 1.2004519701004028, -1.3209301233291626, -0.9820098876953125, -0.9875783920288086, 1.0218677520751953, -1.2999444007873535, -0.7032705545425415, -0.8352281451225281, 0.43878173828125, 0.03474140539765358, -0.45054441690444946, 0.6662686467170715, 1.1397099494934082, -1.2628626823425293, -0.9668622016906738, -0.8639841079711914, 0.37007367610931396, 0.4991738498210907, 0.6752377152442932, -1.162842035293579, 0.4899640679359436, -0.762589693069458, 0.9758460521697998, -0.25296956300735474, 0.5826712846755981, -1.554370641708374, -0.7807300090789795, 1.9013376235961914, 0.7312946915626526, 0.24322783946990967, 1.6940122842788696, 0.7461750507354736, -1.2482188940048218, -0.0032034236937761307, -0.12462088465690613, -1.0371493101119995, -0.5889819264411926, 0.5813284516334534, 0.3549431562423706, -1.1784417629241943, -0.4228151738643646, 0.2844248116016388]",yunet,Facenet,1920,1080,/home/amos/media/tv/modern_family/Modern.Family.S09.1080p.DSNP.WEB-DL.DDP5.1.H.264-CRFW/Modern.Family.S09E21.The.Escape.1080p.DSNP.WEB-DL.DDP5.1.H.264-CRFW.mkv,Modern Family,2009,1442437,9,21,Julie Bowen,31171.0,0.681
770,1128,162,1362,480,1200,288,1158,288,0.915,16920,1,"[-0.49774977564811707, -1.413053274154663, -0.8845632672309875, -0.9084014892578125, 1.7488574981689453, -0.7175323963165283, -0.08723948895931244, -0.3389466404914856, 2.7696123123168945, -0.375623881816864, 0.5407582521438599, -0.7955865859985352, -0.2999080419540405, -0.15712866187095642, -0.7034273147583008, 0.3806271553039551, 0.04311959445476532, -0.7664952874183655, 0.33112722635269165, -0.37375882267951965, 0.14158590137958527, 0.7509302496910095, 0.47628068923950195, 0.4164469242095947, 0.22241893410682678, 1.3033562898635864, 1.273872971534729, -2.1434426307678223, 1.2865262031555176, -0.5041118860244751, -0.8390834331512451, 0.765202522277832, -0.2265463024377823, 0.9180738925933838, 1.048296570777893, 0.7467321753501892, 1.2302151918411255, -0.014452718198299408, 0.13017943501472473, -1.5942739248275757, -0.06646699458360672, 0.9922826886177063, -1.483212947845459, -0.3468693494796753, -0.535301923751831, -1.6561152935028076, -1.492828607559204, 0.312713623046875, -0.2891151010990143, 1.7985490560531616, -0.10430467128753662, -0.1851852387189865, -1.4678115844726562, -0.2936665415763855, -0.867433488368988, -0.6742126941680908, 2.3486733436584473, 0.3378356099128723, -1.5826443433761597, -1.0664206743240356, -0.7124760150909424, -0.9098473191261292, -0.24968218803405762, 1.409970998764038, -1.2304667234420776, 1.618619441986084, 0.6469939351081848, -0.2894844710826874, 1.0504018068313599, -2.188274383544922, 0.28244566917419434, -1.1105331182479858, -2.1006319522857666, 1.0813837051391602, 0.6987916827201843, -1.0682637691497803, -0.8312394618988037, -1.0442544221878052, -1.2476561069488525, -2.0814294815063477, -2.0844385623931885, 0.9099409580230713, -0.008306797593832016, -0.2591482996940613, -0.4075421094894409, -0.4279230237007141, 1.2076679468154907, 0.8815302848815918, -0.44996634125709534, 0.2860044538974762, -2.053633213043213, -0.17297855019569397, 0.838403582572937, 0.5480402708053589, 0.38244080543518066, 1.2767513990402222, -1.5622061491012573, 0.005044329445809126, -1.2252416610717773, -0.5437994599342346, -0.11242977529764175, -0.28520694375038147, -0.5598670840263367, -1.617942214012146, 0.7540539503097534, 0.890056848526001, -0.002239340916275978, -0.721032977104187, 0.5097736716270447, -1.509888768196106, 1.3431274890899658, -0.8299953937530518, 1.1670994758605957, 0.15802927315235138, 0.44651079177856445, 1.5556799173355103, 0.6939853429794312, -1.3703516721725464, -1.012365698814392, 1.3961362838745117, -0.8779489398002625, 0.15089261531829834, 0.15262919664382935, -1.1415983438491821, 0.15282252430915833, 0.8126164078712463, 0.07287420332431793, -0.7751458883285522]",yunet,Facenet,1920,1080,/home/amos/media/tv/modern_family/Modern.Family.S09.1080p.DSNP.WEB-DL.DDP5.1.H.264-CRFW/Modern.Family.S09E21.The.Escape.1080p.DSNP.WEB-DL.DDP5.1.H.264-CRFW.mkv,Modern Family,2009,1442437,9,21,Jesse Tyler Ferguson,204815.0,0.768
771,714,192,924,480,846,306,750,306,0.94,16944,0,"[-1.0757933855056763, 0.0025491714477539062, 0.11967072635889053, -0.8468777537345886, 1.0530108213424683, -2.272674322128296, -2.6362414360046387, -0.08028760552406311, -0.2949916124343872, 0.18099592626094818, 0.02111458033323288, 1.3056350946426392, 0.7503713369369507, -0.30241990089416504, 0.9841004610061646, 0.6394274830818176, -0.6874880790710449, 0.21675004065036774, -0.7416292428970337, -0.436464786529541, 0.32813745737075806, -0.272403746843338, 0.4876861572265625, 0.6618815064430237, -0.4246109426021576, 0.3710002899169922, -1.7337803840637207, 0.7369245886802673, 0.4396878480911255, -2.355010747909546, -0.2583455443382263, -0.8330861926078796, -0.3368975818157196, -1.0173094272613525, 0.7935563921928406, 1.8253616094589233, -0.8120443224906921, 0.9685952663421631, 0.1983165740966797, -0.3705691695213318, -0.7434964776039124, 0.9413312673568726, 1.0520813465118408, -0.5934346914291382, -2.278517007827759, 0.2989148497581482, -0.9445246458053589, -0.5522568225860596, -1.0232888460159302, -0.4682938754558563, 0.7703817486763, -2.366457223892212, -0.1099965050816536, 1.0480378866195679, 0.3220854699611664, -1.4928908348083496, 0.8084971904754639, -0.6136319637298584, -1.3771089315414429, 0.4297459125518799, -0.013417195528745651, -1.0714383125305176, -2.189331293106079, -0.28498920798301697, 0.2510390877723694, -1.3390228748321533, 0.08216818422079086, -1.181182622909546, 0.9937325716018677, 2.3102645874023438, 0.5258339047431946, 2.0959155559539795, -3.367832899093628, 1.4712482690811157, 1.2955148220062256, 0.047946326434612274, 1.0414472818374634, 1.1464836597442627, 0.20025849342346191, -0.27232420444488525, 0.2975256145000458, -0.5055462121963501, 0.7575088143348694, -0.7162536382675171, -0.9737563133239746, 0.5742626190185547, 0.7946143746376038, -0.757533609867096, -2.07794451713562, -0.8212249875068665, 1.4771889448165894, -1.8548253774642944, -0.3271964490413666, -0.8375118970870972, 0.1726454347372055, -0.4345126152038574, -0.5882282257080078, 1.4844032526016235, 1.8584842681884766, -1.7090530395507812, -1.4371817111968994, -0.7272940278053284, -0.426239013671875, 0.3381037414073944, 1.18629789352417, -1.0060893297195435, 0.35955455899238586, -0.9118127822875977, 0.23657462000846863, 0.8028547763824463, 0.9741436243057251, -0.7749437093734741, -1.0233334302902222, 0.8221502304077148, 0.018627474084496498, 0.5211269855499268, 1.3805867433547974, -0.007858827710151672, -1.0704495906829834, 0.3115953505039215, 0.17445108294487, -1.0066523551940918, -0.22688813507556915, -0.6546570658683777, 0.21296778321266174, -0.9902629852294922, -1.5337653160095215, 0.42247921228408813]",yunet,Facenet,1920,1080,/home/amos/media/tv/modern_family/Modern.Family.S09.1080p.DSNP.WEB-DL.DDP5.1.H.264-CRFW/Modern.Family.S09E21.The.Escape.1080p.DSNP.WEB-DL.DDP5.1.H.264-CRFW.mkv,Modern Family,2009,1442437,9,21,Julie Bowen,31171.0,0.649
772,780,156,978,426,930,264,834,264,0.927,16968,0,"[-1.5412613153457642, -0.5567551851272583, 1.122025728225708, -1.7845596075057983, 1.0356348752975464, -1.7990211248397827, -2.1485517024993896, -0.02986273542046547, 0.12465184181928635, -0.578518807888031, 1.0257285833358765, 0.6605234742164612, -0.7445917129516602, -0.4481324255466461, 0.4596957266330719, 0.5249232649803162, -0.7869924306869507, -0.013047430664300919, -0.8868520855903625, -0.6586635112762451, 0.9985191822052002, -0.7850600481033325, -0.1180989220738411, 0.43241190910339355, -1.2487493753433228, 0.24876472353935242, -0.9438860416412354, -0.01747129112482071, -0.09462915360927582, -1.9939829111099243, -0.1729504019021988, 0.14627303183078766, 0.017888229340314865, -0.5789151787757874, -0.20536109805107117, 2.7393100261688232, -1.2444521188735962, -0.8092182874679565, 0.6660342216491699, -1.2447381019592285, -0.4641840159893036, -0.5093722343444824, -0.1494264006614685, -0.9201728105545044, -1.7873952388763428, 0.6258552074432373, -0.40660741925239563, -0.9275375604629517, -2.5875792503356934, -0.0341779887676239, -0.6317349672317505, -2.6679019927978516, -0.31179583072662354, 1.3430806398391724, 0.7131327986717224, -1.4974018335342407, 0.47139695286750793, -0.6039671301841736, -0.5394174456596375, -0.08001573383808136, -0.5146741271018982, -1.93036687374115, -0.8257369995117188, -0.045099783688783646, 0.6275166273117065, -0.6574296951293945, 0.14275801181793213, -1.4272879362106323, 0.4663466215133667, 2.32596492767334, -0.02893485501408577, 1.2316328287124634, -2.5737154483795166, 1.7737176418304443, 0.579132616519928, 0.3869127631187439, 0.2955057919025421, 0.586499035358429, 0.6981619596481323, 0.5936672687530518, -0.080431267619133, -1.188667893409729, -0.17086920142173767, -0.7213613390922546, 0.5749135613441467, 0.014174051582813263, 0.370986670255661, -0.2199351042509079, -1.3904438018798828, -0.06108592078089714, 1.536467432975769, -1.3721472024917603, -0.6999773979187012, -1.0463446378707886, -0.27394431829452515, -0.27973178029060364, -1.2407617568969727, 1.6448851823806763, 0.9452834129333496, -1.9599008560180664, -1.911747694015503, -1.5908318758010864, 0.09718312323093414, 0.5637339353561401, 1.5006437301635742, -0.5668045878410339, 0.37970826029777527, -0.16540057957172394, 0.1718885600566864, 1.0706688165664673, 1.5284737348556519, -1.3579827547073364, -0.19118064641952515, 0.8964743614196777, 0.2496858686208725, 0.30496007204055786, 1.7701606750488281, -0.32556214928627014, -0.7422925233840942, 0.48260852694511414, -0.46362167596817017, -0.3621891736984253, -0.11019925773143768, -0.22854265570640564, 0.049455709755420685, -0.8641077280044556, -1.1118589639663696, 0.645187258720398]",yunet,Facenet,1920,1080,/home/amos/media/tv/modern_family/Modern.Family.S09.1080p.DSNP.WEB-DL.DDP5.1.H.264-CRFW/Modern.Family.S09E21.The.Escape.1080p.DSNP.WEB-DL.DDP5.1.H.264-CRFW.mkv,Modern Family,2009,1442437,9,21,Julie Bowen,31171.0,0.743
773,780,168,972,426,918,264,828,270,0.93,16992,0,"[-1.539509654045105, -0.7562782764434814, 1.2788589000701904, -1.3586846590042114, 0.14208291471004486, -2.170699119567871, -1.4581509828567505, 0.13858439028263092, -0.26908764243125916, 0.6994820833206177, 1.1635582447052002, 1.0559935569763184, 0.02374117821455002, -0.39807945489883423, 0.20779027044773102, 0.8247527480125427, 0.3610492944717407, -0.07094975560903549, -1.3456352949142456, 0.06973046064376831, 1.2123236656188965, -0.6498576402664185, -0.1800059974193573, 0.9853439331054688, -0.742319643497467, 0.4393876791000366, -0.2693566381931305, 0.30442386865615845, 0.14984366297721863, -2.797511100769043, -0.533379316329956, 0.7515135407447815, 0.07056209444999695, -0.20337659120559692, -0.15725691616535187, 1.5091652870178223, -1.0718348026275635, 0.19233956933021545, 1.482492208480835, -1.3815854787826538, -1.1806859970092773, 0.16594107449054718, 0.20463231205940247, -1.1017107963562012, -2.318117618560791, 0.07258054614067078, -1.2089729309082031, -1.0823062658309937, -1.8115959167480469, -0.33481723070144653, 0.6233839392662048, -2.7377045154571533, -0.25359046459198, 0.6814475655555725, 1.118445873260498, -1.4337215423583984, 0.725608766078949, -0.3014165759086609, -1.1904751062393188, -0.5069360136985779, -1.0810000896453857, -1.5598360300064087, -1.3765062093734741, 0.006865512579679489, 1.045106291770935, -1.354934811592102, 0.23684704303741455, -1.4024165868759155, 0.12452063709497452, 2.1630401611328125, -0.32336336374282837, 1.989666223526001, -2.228487730026245, 1.8399702310562134, 0.9422781467437744, -0.3282918334007263, 0.292138934135437, 0.20695117115974426, 0.6494755744934082, 0.36155378818511963, 0.0048237331211566925, -1.2250953912734985, -0.6038520932197571, -1.1422209739685059, -0.44086822867393494, 1.2337113618850708, 0.46187159419059753, -0.88323575258255, -2.1492178440093994, -0.2752845287322998, 1.5669324398040771, -0.7327542304992676, -0.7153163552284241, -0.47898414731025696, 0.7463740110397339, -1.0667529106140137, -0.3815019726753235, 1.6802687644958496, 1.3703362941741943, -2.6860110759735107, -1.3993419408798218, -1.0922213792800903, -0.5413831472396851, 0.1424720734357834, 1.044051170349121, -0.4984005093574524, 0.21608541905879974, -1.9556148052215576, -0.18944373726844788, 1.0966556072235107, 1.334448218345642, -0.6020989418029785, 0.18832319974899292, 0.684788703918457, 0.08504153043031693, 0.570082426071167, 1.094247579574585, -0.0719674825668335, -0.7822125554084778, 1.148036241531372, -1.3160769939422607, -0.6419305801391602, 0.12186060845851898, -0.24811182916164398, -0.5872125029563904, 0.2586762011051178, -0.5272840261459351, 0.5469022393226624]",yunet,Facenet,1920,1080,/home/amos/media/tv/modern_family/Modern.Family.S09.1080p.DSNP.WEB-DL.DDP5.1.H.264-CRFW/Modern.Family.S09E21.The.Escape.1080p.DSNP.WEB-DL.DDP5.1.H.264-CRFW.mkv,Modern Family,2009,1442437,9,21,Julie Bowen,31171.0,0.703
774,1302,174,1518,468,1374,312,1326,306,0.902,16992,1,"[-0.7643917798995972, -1.4761854410171509, -0.482412725687027, -0.4592503607273102, 0.5459975600242615, -0.9088990092277527, -0.4139130711555481, 0.6391677856445312, 2.290022611618042, -0.45050057768821716, 0.4197741448879242, -0.35775047540664673, 0.6323274970054626, -0.08004705607891083, -1.1560739278793335, 0.3340316414833069, -1.0099681615829468, -1.372196078300476, 0.7286771535873413, 0.7292454242706299, -0.10931634157896042, 1.0692110061645508, -0.46253055334091187, 0.49333226680755615, -0.34800830483436584, -0.026019200682640076, 1.6005005836486816, -1.4085934162139893, 1.4022700786590576, -0.024017177522182465, -1.263296365737915, 0.7683796286582947, -0.16646534204483032, 0.877408504486084, -0.5505539178848267, 0.2716197967529297, 1.0685529708862305, -0.7094110250473022, -0.14278671145439148, -1.9560141563415527, 0.09852534532546997, 0.8926392793655396, -1.539792537689209, 0.2075548768043518, -0.5351858139038086, -1.258264422416687, -0.8322117328643799, -0.11223722994327545, -0.7028734683990479, 1.0899202823638916, -0.5921561121940613, 0.7585278153419495, -1.869307041168213, -0.26971501111984253, -1.56703782081604, -0.912723183631897, 1.439795970916748, 0.8542197346687317, -1.4834389686584473, -0.61891108751297, -0.45989543199539185, 0.449282705783844, -0.8441388607025146, 1.198120355606079, -0.7404325008392334, 2.2439682483673096, 0.9722861647605896, 0.09603484719991684, 0.19490283727645874, -2.256202220916748, 0.5648851990699768, -1.5411763191223145, -1.3564999103546143, 1.9628266096115112, 0.6120032072067261, 0.3121258616447449, -0.9040526151657104, -0.4844406843185425, -0.5553944706916809, -1.3417412042617798, -1.2900422811508179, 0.6592928171157837, -0.18803498148918152, 0.10700416564941406, 0.6780962944030762, -1.4743560552597046, 0.9207215309143066, 1.269169807434082, -1.281942367553711, -0.1453673243522644, -1.50387442111969, 0.007057039067149162, 0.8534284830093384, 0.5823285579681396, -0.29551345109939575, 1.4734936952590942, -1.7497599124908447, 0.4729365408420563, -0.9991779327392578, -0.9506753087043762, -0.7141783833503723, -0.5270214676856995, -0.1450681984424591, -1.8416805267333984, 0.12142451852560043, 1.1024447679519653, 0.5584113001823425, -0.2070426046848297, 0.07698999345302582, -0.9913977980613708, 1.6905899047851562, -1.3575519323349, 1.2236181497573853, -0.7673011422157288, 0.2795727550983429, 2.264967918395996, 0.7075899839401245, -1.1754542589187622, -1.5032296180725098, 1.8014860153198242, -0.4389851689338684, 0.41687238216400146, -0.6270208954811096, -0.09839886426925659, 1.2489817142486572, 0.2430594563484192, -0.3736035227775574, -0.47346577048301697]",yunet,Facenet,1920,1080,/home/amos/media/tv/modern_family/Modern.Family.S09.1080p.DSNP.WEB-DL.DDP5.1.H.264-CRFW/Modern.Family.S09E21.The.Escape.1080p.DSNP.WEB-DL.DDP5.1.H.264-CRFW.mkv,Modern Family,2009,1442437,9,21,Jesse Tyler Ferguson,204815.0,0.694
775,822,186,1008,456,924,288,846,288,0.927,17016,0,"[-0.5747157335281372, -1.3557353019714355, 1.3582298755645752, -0.9082696437835693, 1.1100540161132812, -1.9753838777542114, -0.6856914758682251, 0.03167515993118286, 0.18054986000061035, 0.6013286113739014, -0.34478574991226196, 0.5735993981361389, 0.795777440071106, -0.3877280056476593, 0.5177291631698608, 0.28418904542922974, -0.5165644884109497, -0.3178844451904297, -1.1612719297409058, -0.020046252757310867, 0.9659048318862915, -0.4317595660686493, -0.21417191624641418, 0.9734853506088257, -1.4537911415100098, 0.627843976020813, -0.5046480894088745, -0.8043434023857117, 0.2944530248641968, -1.7246524095535278, 0.6874841451644897, -0.1648911088705063, 0.1274772435426712, -1.4296228885650635, -0.17448239028453827, 0.7348881363868713, -2.168107748031616, 0.846940815448761, 1.3184797763824463, -0.7690263986587524, -1.31801176071167, 0.6314694881439209, 0.2959655225276947, -1.1408783197402954, -1.380400538444519, 0.46993663907051086, -0.4693774878978729, 0.5890557765960693, -2.3904852867126465, -0.44164201617240906, 0.5449863076210022, -1.6462323665618896, -1.3857395648956299, 0.875769853591919, 0.5071612000465393, -1.6585679054260254, 1.8537495136260986, 0.0537828765809536, -2.1208934783935547, 0.24138519167900085, -0.30739057064056396, -1.8055050373077393, -1.4256473779678345, 0.2084892988204956, 0.40836140513420105, -1.730299711227417, 0.16884036362171173, -1.765045166015625, -0.06311868131160736, 1.9158718585968018, -0.2193055897951126, 1.3577516078948975, -2.4379444122314453, 1.58303964138031, 1.0150047540664673, -0.9024580121040344, -0.5487698316574097, 0.07668634504079819, -0.2758082151412964, -0.06559837609529495, -0.17268571257591248, -1.5857785940170288, 0.7549751996994019, -0.5851699709892273, -1.0197291374206543, 0.6591356992721558, 1.5581443309783936, -1.3944668769836426, -1.4085495471954346, -1.331691026687622, 0.8013787269592285, -0.5465322732925415, 0.025974150747060776, -0.4494079649448395, 0.7974804043769836, -0.18225422501564026, -0.7208101749420166, 1.2971081733703613, 0.9329184293746948, -2.831878662109375, -1.1947282552719116, -0.49638864398002625, -0.7567826509475708, 0.0595390647649765, 1.7968173027038574, -1.3235596418380737, -0.4913330078125, -1.2654672861099243, 1.1664949655532837, 0.8257573246955872, 0.43257635831832886, -1.274749755859375, -0.37185022234916687, 0.5587939023971558, -0.6461049318313599, 0.7987251281738281, 0.4152454137802124, 0.53299880027771, -1.682907223701477, -0.2839900553226471, -1.1065229177474976, 0.06833384931087494, -0.6573212146759033, -0.01767490804195404, -0.23875369131565094, -0.45082178711891174, -2.595240354537964, -0.5298972725868225]",yunet,Facenet,1920,1080,/home/amos/media/tv/modern_family/Modern.Family.S09.1080p.DSNP.WEB-DL.DDP5.1.H.264-CRFW/Modern.Family.S09E21.The.Escape.1080p.DSNP.WEB-DL.DDP5.1.H.264-CRFW.mkv,Modern Family,2009,1442437,9,21,Julie Bowen,31171.0,0.653
776,1260,120,1494,432,1362,246,1290,240,0.911,17016,1,"[-0.546364426612854, -0.6570106744766235, -0.7784535884857178, -0.3511473834514618, 2.0298404693603516, -0.5374674797058105, 0.794974148273468, -0.4101804196834564, 3.1050703525543213, -0.04505617171525955, 1.2659155130386353, -1.1108704805374146, -0.7681890726089478, -0.49723413586616516, -0.6385952234268188, 1.2277448177337646, 0.3358253240585327, -0.8280988931655884, 0.3289034068584442, -0.06887272000312805, 0.7112401723861694, 1.3695317506790161, 0.1861070990562439, -0.1544862687587738, 0.6201292276382446, 1.508340835571289, 2.0582804679870605, -2.5891051292419434, 1.1252511739730835, -1.1727405786514282, -0.6921987533569336, 0.73086017370224, 0.21575726568698883, 0.27196061611175537, 1.4364372491836548, 0.5879490375518799, 1.4390583038330078, -0.24880626797676086, 0.5838196277618408, -1.4916307926177979, -0.764923095703125, 0.9439974427223206, -1.6588842868804932, -0.6853592395782471, -1.102924108505249, -0.3991202712059021, -2.613685131072998, 0.06137248873710632, -0.07820964604616165, 2.2234771251678467, -0.2350684255361557, 0.7497228384017944, -1.1888370513916016, 0.690025806427002, -0.22327610850334167, -1.0587137937545776, 2.619985580444336, -0.05094818398356438, -2.4804234504699707, -1.6988826990127563, -0.8994998335838318, -0.26576685905456543, -0.04060829058289528, 1.509143590927124, -0.3573458790779114, 2.020843267440796, 1.2806259393692017, 0.3407161831855774, 0.6515511870384216, -1.1113662719726562, 0.2918306589126587, -1.0308849811553955, -2.408723831176758, -0.10905452817678452, 0.8881807327270508, -0.9297263622283936, -0.8524010181427002, -0.9318597912788391, -1.7489513158798218, -1.124437928199768, -2.0859594345092773, 1.2852816581726074, 0.7005280256271362, -0.8715785145759583, 0.0038959085941314697, 0.21510741114616394, -0.2813567817211151, 1.3356558084487915, -0.7113373279571533, -0.24657008051872253, -1.2702946662902832, -0.10885562747716904, 1.7968798875808716, 0.8166170716285706, 0.4037081003189087, 0.8622486591339111, -1.3179682493209839, 0.930504322052002, -1.4657988548278809, -0.6767504215240479, -0.0012389682233333588, -0.25258296728134155, -0.7012414932250977, -1.048709750175476, 0.7982980608940125, 1.3115168809890747, -0.15868781507015228, 0.24486663937568665, 0.33006933331489563, -0.8679450750350952, 0.4225088953971863, -0.5473847389221191, 1.5607094764709473, -0.2802078127861023, -0.01308932714164257, 1.322811484336853, 0.11804331839084625, -1.1075090169906616, 0.03610864281654358, 0.678819477558136, -0.5165957808494568, 0.0043792929500341415, 0.8362641930580139, -1.7958744764328003, 1.5478531122207642, -0.18672235310077667, 0.018464243039488792, 0.6039630770683289]",yunet,Facenet,1920,1080,/home/amos/media/tv/modern_family/Modern.Family.S09.1080p.DSNP.WEB-DL.DDP5.1.H.264-CRFW/Modern.Family.S09E21.The.Escape.1080p.DSNP.WEB-DL.DDP5.1.H.264-CRFW.mkv,Modern Family,2009,1442437,9,21,Jesse Tyler Ferguson,204815.0,0.751
777,870,234,1050,474,990,336,900,336,0.912,17040,0,"[-1.053176760673523, 0.2968560755252838, 0.676954448223114, -0.11792220920324326, -0.9702688455581665, -1.7995389699935913, -1.5480337142944336, -1.0528846979141235, 0.29415664076805115, -0.4295235872268677, 0.47954291105270386, 0.20565791428089142, 0.02807658165693283, -0.45409315824508667, -0.3695400357246399, 0.13897685706615448, 0.7080966234207153, 1.1405060291290283, -0.7291987538337708, 1.0660923719406128, 0.5044664144515991, 0.8438630700111389, -0.1038578599691391, 0.859385073184967, -0.1952594369649887, 1.788496494293213, -0.5653262138366699, -0.3797985017299652, 0.11205685138702393, -2.534215211868286, 0.01268487423658371, 0.605276882648468, -1.4345587491989136, 0.34977221488952637, 0.7804279923439026, 1.1116271018981934, -0.5543826818466187, -0.003879740834236145, 1.150728464126587, -1.1256906986236572, -1.5908068418502808, 0.08581578731536865, 0.9943270683288574, -1.2236446142196655, -0.8724119663238525, -0.26751211285591125, 0.08621352910995483, -0.7643296718597412, -1.9962574243545532, 0.5767985582351685, 1.2602040767669678, -3.305011749267578, -0.28412681818008423, 1.6069023609161377, -0.4170458912849426, -1.9985451698303223, 1.2683383226394653, -0.8586606383323669, -3.100933074951172, -0.469014048576355, -0.26134535670280457, -0.9970062375068665, -1.4759275913238525, -0.24914154410362244, 0.33676788210868835, -0.8630070686340332, 1.0822112560272217, -1.3910479545593262, -0.20665672421455383, 2.2348473072052, 1.3783750534057617, 1.290923833847046, -1.5575045347213745, 1.4464633464813232, 1.2860013246536255, -0.46522966027259827, 1.146701455116272, 0.09292798489332199, 0.7669557332992554, -0.23531532287597656, 0.3542332947254181, -1.1281965970993042, 0.20403113961219788, -0.5034191608428955, 0.16492068767547607, 2.056222915649414, 1.4442360401153564, -1.1031490564346313, -1.0605998039245605, -1.1003235578536987, 1.0107076168060303, -1.179216980934143, -0.3980443477630615, -0.4855897128582001, 0.635249137878418, -0.3921401798725128, -0.3586651384830475, 2.6314749717712402, 1.110283374786377, -3.106116533279419, 0.13017666339874268, 0.2853670120239258, 0.7638553380966187, -0.5984178185462952, 1.1436017751693726, -0.2908996343612671, -0.5316584706306458, -0.3448769748210907, -0.3116690218448639, -0.3739100992679596, 0.3587760925292969, -0.15035797655582428, -0.030922681093215942, 0.5435345768928528, -0.8524019718170166, 0.45615246891975403, -0.2238483726978302, 0.136485755443573, -1.2870031595230103, 0.8543053269386292, -1.3408238887786865, -0.7762682437896729, 0.5937251448631287, -0.05264242738485336, 0.7189233899116516, -0.388748437166214, -1.0717517137527466, 0.6258164644241333]",yunet,Facenet,1920,1080,/home/amos/media/tv/modern_family/Modern.Family.S09.1080p.DSNP.WEB-DL.DDP5.1.H.264-CRFW/Modern.Family.S09E21.The.Escape.1080p.DSNP.WEB-DL.DDP5.1.H.264-CRFW.mkv,Modern Family,2009,1442437,9,21,Julie Bowen,31171.0,0.538
778,492,180,732,498,678,312,564,318,0.914,17064,0,"[0.721701979637146, -1.2204480171203613, 0.9403718709945679, -0.08621274679899216, 0.34880349040031433, -0.38973721861839294, -1.2840932607650757, 0.8679141998291016, 0.6761400103569031, -0.35544466972351074, -0.9973348379135132, 0.16907058656215668, -2.988990545272827, 0.5691523551940918, -0.12700910866260529, -0.231660857796669, 1.57563054561615, 1.1787934303283691, -0.11198030412197113, -0.919609785079956, -1.2158020734786987, -0.7141411900520325, -0.6213868260383606, 0.4427245259284973, 1.6641422510147095, -0.7976688742637634, 0.24512425065040588, 2.6411075592041016, 1.6813616752624512, 0.16699816286563873, -0.38943177461624146, 2.1159911155700684, -1.5383825302124023, 1.2498983144760132, -2.092884063720703, 0.454367458820343, -0.25950706005096436, 0.5068280696868896, -1.4213731288909912, 1.2698575258255005, -0.32965755462646484, -1.5380884408950806, -0.11638583242893219, 1.0171685218811035, 0.4920235872268677, -0.17063573002815247, -0.8316441774368286, -1.035133957862854, -0.09904267638921738, -0.5858139991760254, 0.12546241283416748, -1.0168218612670898, 0.3025325834751129, 1.380190372467041, 0.2067941129207611, 0.06823137402534485, -0.6736822128295898, -0.4455651044845581, -0.6728259921073914, 0.7450965642929077, -1.9465352296829224, 0.11373172700405121, -0.3520719110965729, 0.47984421253204346, 0.6532345414161682, 1.9072614908218384, 0.6245378255844116, 1.2845491170883179, -0.05127350240945816, -1.3286057710647583, -1.2213170528411865, -0.10343223810195923, 1.7032725811004639, 0.8108150362968445, 0.46246597170829773, 1.2256834506988525, -0.6355171203613281, -0.6015262007713318, -0.10032553225755692, 1.754418134689331, -0.5403571724891663, 1.3596748113632202, -0.25286155939102173, -1.6822047233581543, -1.6738638877868652, -0.12157683074474335, -0.6291489601135254, 0.23904301226139069, 1.0847572088241577, 2.458914279937744, 1.278836727142334, -0.42468884587287903, -2.096743583679199, -2.177802324295044, 0.34729883074760437, -0.7940881848335266, -1.2720035314559937, -0.6737470626831055, 1.521200180053711, 1.228567123413086, -0.3429272770881653, 0.7246794104576111, -1.2271273136138916, -0.9858793616294861, 0.22676301002502441, 0.13747894763946533, -0.5284222364425659, -1.058860421180725, 1.0850212574005127, -1.8496917486190796, -0.5168035626411438, 0.24985280632972717, -0.7867448329925537, -1.9231743812561035, 1.7034595012664795, -0.4583806097507477, 0.3585876524448395, 0.7458020448684692, 1.1056793928146362, -0.6227194666862488, 0.23136422038078308, 0.32172107696533203, 0.5308980941772461, -0.7391721606254578, 0.08211800456047058, 1.0478618144989014, 1.1295679807662964, 0.49012789130210876]",yunet,Facenet,1920,1080,/home/amos/media/tv/modern_family/Modern.Family.S09.1080p.DSNP.WEB-DL.DDP5.1.H.264-CRFW/Modern.Family.S09E21.The.Escape.1080p.DSNP.WEB-DL.DDP5.1.H.264-CRFW.mkv,Modern Family,2009,1442437,9,21,Ed O'Neill,18977.0,0.676
779,894,216,1080,462,1008,312,924,306,0.925,17088,0,"[-0.46334072947502136, 0.7977631092071533, -0.20354512333869934, -1.149692177772522, -0.49550795555114746, -1.6538578271865845, -2.0302927494049072, 0.8392707705497742, 0.6908432245254517, 0.1364351361989975, 0.2099018394947052, 0.34458106756210327, -1.2535955905914307, 1.3710017204284668, -0.2590244710445404, 0.0697508379817009, -0.2870873808860779, 0.006513036787509918, -0.9585270881652832, 0.2903199791908264, -0.41651371121406555, 0.13676480948925018, 0.2830924987792969, 0.9800806641578674, -0.3576066195964813, 0.39446401596069336, -1.6001536846160889, -0.587715744972229, -0.9385349750518799, -2.544701099395752, 0.2452816516160965, -0.38456234335899353, -0.7257131338119507, 0.3427286148071289, -0.23106971383094788, 0.9034598469734192, -0.7049815654754639, 0.6068129539489746, 1.8876688480377197, -0.14691178500652313, -1.7330001592636108, -0.1050606518983841, 1.6123127937316895, -1.4739514589309692, -0.8842281103134155, 0.1248413473367691, -0.6472335457801819, 0.3927552103996277, -2.3647303581237793, 0.2641741931438446, 0.5003979802131653, -1.7759931087493896, -0.29748666286468506, 1.1516534090042114, -1.2074159383773804, -1.9799906015396118, 1.9503307342529297, 0.11262021958827972, -2.040281295776367, -0.7832548022270203, -0.17030324041843414, -0.7489836812019348, -1.569719672203064, 0.7652507424354553, 1.3698725700378418, -1.8210411071777344, 0.36397862434387207, -1.294864296913147, -0.26588743925094604, 1.127579689025879, 0.17438815534114838, 1.4069454669952393, -2.0438380241394043, 1.280314564704895, -0.1582050323486328, -0.9718475937843323, 1.4413033723831177, -0.4995402693748474, 0.3460001051425934, -0.7550733089447021, 0.7689691185951233, -1.164308786392212, 0.9807482957839966, -0.18839460611343384, -1.296425700187683, 0.29347577691078186, 1.1508355140686035, -0.6835762858390808, -1.96210515499115, -0.5359215140342712, 0.8160110116004944, -2.7664926052093506, -0.15104332566261292, -0.5535838007926941, 0.4777444005012512, -1.170744776725769, -0.17444635927677155, 2.6220765113830566, 0.3268536329269409, -1.6303952932357788, -0.9031845927238464, -1.129337191581726, -0.06688514351844788, 1.2528061866760254, 0.249556303024292, -0.5095492005348206, -0.7585033178329468, -0.8248566389083862, -0.5703108906745911, 0.7085792422294617, 1.4280123710632324, -0.8198955059051514, 0.41224291920661926, 1.5280773639678955, -0.358600914478302, -0.5210241079330444, 0.4963105022907257, -0.12353880703449249, -0.25221192836761475, 0.46505990624427795, -1.6360481977462769, -0.017372459173202515, -1.1064581871032715, 0.5759808421134949, -0.05676928162574768, -1.299512505531311, -1.1440646648406982, 0.5175142884254456]",yunet,Facenet,1920,1080,/home/amos/media/tv/modern_family/Modern.Family.S09.1080p.DSNP.WEB-DL.DDP5.1.H.264-CRFW/Modern.Family.S09E21.The.Escape.1080p.DSNP.WEB-DL.DDP5.1.H.264-CRFW.mkv,Modern Family,2009,1442437,9,21,Julie Bowen,31171.0,0.504
780,1266,126,1482,438,1362,252,1290,252,0.906,17088,1,"[-0.691922664642334, -0.471063494682312, -0.11116285622119904, -1.4318454265594482, 1.4369852542877197, 0.2292606234550476, 0.5009129643440247, -0.4132348895072937, 3.069748878479004, -0.42416295409202576, 1.1397476196289062, -1.6514618396759033, -1.0912641286849976, -0.3675961196422577, -0.9420872926712036, 1.262388825416565, -0.04203314334154129, -0.886267900466919, 0.284335196018219, 0.006661242339760065, 0.8378850221633911, 1.5740081071853638, 0.24945414066314697, 0.5335201621055603, 0.5177931189537048, 1.7412023544311523, 1.2105799913406372, -2.3642663955688477, 2.1158814430236816, -1.0094013214111328, -0.7637149095535278, 0.26159560680389404, 0.35116344690322876, 0.4520968198776245, 1.2178637981414795, 0.5547203421592712, 1.08249032497406, -0.3208114206790924, 0.8465375900268555, -1.8474456071853638, -0.7956164479255676, 0.041829101741313934, -2.2525665760040283, -0.8456873893737793, -0.29055866599082947, -0.9773603081703186, -2.2459867000579834, 0.3202371299266815, 0.09341643750667572, 1.3280049562454224, 0.4124991297721863, 0.4370465576648712, -1.8036099672317505, 0.07100650668144226, -1.2236179113388062, -0.4885009527206421, 2.550096035003662, -0.3233572840690613, -1.4706742763519287, -0.539951741695404, -0.29955732822418213, -0.5790742635726929, 0.28070828318595886, 1.6312609910964966, -0.7853138446807861, 2.0144495964050293, 1.5399422645568848, -0.25513961911201477, 1.5335240364074707, -1.8560643196105957, -0.6354478597640991, -1.435080885887146, -1.962278127670288, 0.04845362901687622, 1.1394596099853516, -0.890103280544281, -0.962281346321106, -0.9840673208236694, -1.109832525253296, -1.0496379137039185, -2.353139638900757, 1.304275631904602, 0.1902310848236084, -0.5646455883979797, -0.4235728681087494, 0.023926064372062683, 0.5773067474365234, 1.0136600732803345, -0.35655534267425537, 0.1339084506034851, -1.139427661895752, 0.2974613904953003, 1.62865149974823, 0.49927130341529846, 0.33852753043174744, 1.0881327390670776, -1.5999650955200195, -0.09378127008676529, -1.2377228736877441, -0.5051524639129639, -0.24803531169891357, -0.4800169765949249, -0.45957982540130615, -0.060534894466400146, 0.7908719778060913, 1.1878575086593628, -0.5926886200904846, 0.21614588797092438, 0.31250622868537903, -1.0557596683502197, 0.9707289338111877, -1.5215562582015991, 1.1269195079803467, 0.14715476334095, 0.46179383993148804, 1.3687916994094849, 0.9432413578033447, -0.808953046798706, -0.7895947694778442, 0.9810279607772827, -0.5840624570846558, 0.7399201393127441, 0.2914319634437561, -1.1488219499588013, 0.5340909361839294, 0.2544988691806793, -0.05386415868997574, -0.6712638139724731]",yunet,Facenet,1920,1080,/home/amos/media/tv/modern_family/Modern.Family.S09.1080p.DSNP.WEB-DL.DDP5.1.H.264-CRFW/Modern.Family.S09E21.The.Escape.1080p.DSNP.WEB-DL.DDP5.1.H.264-CRFW.mkv,Modern Family,2009,1442437,9,21,Jesse Tyler Ferguson,204815.0,0.759
781,756,240,942,486,870,336,792,336,0.921,17112,0,"[-1.3172351121902466, 0.4163164794445038, 0.02977812848985195, -1.395499348640442, -0.5596336126327515, -2.575343370437622, -1.8200619220733643, 0.7824927568435669, 0.306487113237381, -0.6821595430374146, -0.08301840722560883, 0.39154306054115295, -0.870582640171051, 1.5208899974822998, 0.15897339582443237, -0.3676287531852722, -0.30985674262046814, 0.12432406842708588, -1.2102961540222168, 0.14929483830928802, -0.7230929136276245, 0.04779836907982826, 0.40358301997184753, 1.187048316001892, 0.10202988982200623, 0.9290256500244141, -1.6315667629241943, -0.0027346238493919373, -0.41903507709503174, -3.0458626747131348, 0.6221565008163452, -1.0675617456436157, 0.3370327055454254, 0.5519728660583496, -0.4048158526420593, 1.0021032094955444, -0.3858169913291931, 0.7446117997169495, 2.4627685546875, -0.6031752824783325, -2.254344940185547, 0.42502325773239136, 1.3354047536849976, -2.5553267002105713, -0.7318609356880188, 0.46060049533843994, -1.7188376188278198, 0.7663906812667847, -2.460156202316284, 0.8984318971633911, 0.6017265319824219, -0.9510518908500671, 0.0972447544336319, 0.6600732207298279, -0.6026060581207275, -1.1697670221328735, 1.4640079736709595, 0.29644590616226196, -1.383841872215271, -0.7035341858863831, 0.2573435306549072, -0.8262325525283813, -1.5442287921905518, 1.2206202745437622, 0.6617713570594788, -1.2949012517929077, -0.263675719499588, -1.8629471063613892, -0.2051869034767151, 1.0491952896118164, 0.5865079760551453, 0.4937953054904938, -1.3565256595611572, 0.27679359912872314, -0.20721158385276794, -1.4448329210281372, 0.9679503440856934, -0.7776380181312561, 0.894417941570282, -0.7599639892578125, 0.7137916684150696, -0.47733190655708313, 0.690886378288269, 0.12180626392364502, -0.9958791732788086, 1.3697117567062378, 1.2078545093536377, 0.15060949325561523, -1.7444405555725098, -0.08157388865947723, 0.7463517785072327, -1.665756106376648, -0.05322929471731186, -0.09399060159921646, 0.4812126159667969, -0.9528449773788452, -0.40455126762390137, 2.087326765060425, -0.05853617191314697, -1.4458531141281128, -0.5624877214431763, -0.7415401339530945, 0.950141966342926, 1.3602001667022705, 0.21471256017684937, -0.5635175108909607, -0.44693270325660706, -1.066322922706604, -0.9275112152099609, 0.5647615194320679, 1.1658952236175537, -0.995820939540863, 0.2920744717121124, 1.7821557521820068, 0.3108263611793518, -0.544697642326355, 0.542417049407959, 0.41176465153694153, 0.1802857518196106, 0.2565777897834778, -1.7285537719726562, 0.08005416393280029, -0.8522491455078125, 0.027818650007247925, -0.6167289018630981, -0.6563795208930969, -0.10597016662359238, 0.4842967689037323]",yunet,Facenet,1920,1080,/home/amos/media/tv/modern_family/Modern.Family.S09.1080p.DSNP.WEB-DL.DDP5.1.H.264-CRFW/Modern.Family.S09E21.The.Escape.1080p.DSNP.WEB-DL.DDP5.1.H.264-CRFW.mkv,Modern Family,2009,1442437,9,21,Julie Bowen,31171.0,0.543
782,1164,162,1380,456,1260,276,1188,282,0.914,17112,1,"[-0.04678508639335632, -0.46022093296051025, -0.4888288974761963, -0.610793948173523, 1.1973493099212646, 0.07271190732717514, 0.5379322171211243, -0.28168824315071106, 3.230241537094116, -0.0019469372928142548, 1.3838508129119873, -1.644039511680603, -0.7555301785469055, -0.675564169883728, -1.0108405351638794, 0.8479156494140625, -0.4141301214694977, -1.3022089004516602, 0.26911285519599915, 0.29550987482070923, 0.8064056634902954, 1.5037559270858765, 0.8045138716697693, 0.9148632287979126, 0.42926496267318726, 1.7729867696762085, 1.12653648853302, -2.168887138366699, 1.9431227445602417, -0.9694640636444092, -1.118422508239746, 0.3432353436946869, -0.6938785314559937, 1.2978549003601074, 1.0949925184249878, 0.3788766860961914, 0.8562892079353333, 0.2040148228406906, 1.021507978439331, -1.7950904369354248, -0.8200920224189758, 0.5789409279823303, -1.923498511314392, -1.1028013229370117, -1.1268309354782104, -0.6158668398857117, -1.649204969406128, 0.3240914046764374, -0.22301755845546722, 1.2744234800338745, 0.3938852548599243, 0.3224615752696991, -1.7427164316177368, 0.12915927171707153, -0.8568964004516602, -0.830073893070221, 2.740176200866699, 0.17503876984119415, -2.0357837677001953, -0.9171087145805359, -0.6321261525154114, -0.3459206819534302, -0.3388468027114868, 1.2045040130615234, -0.4147176146507263, 2.1573944091796875, 1.108475685119629, 0.3832552134990692, 0.6900266408920288, -1.4783787727355957, 0.22754348814487457, -1.1151219606399536, -1.7515803575515747, 1.0800154209136963, 0.6995925903320312, 0.055684320628643036, -1.0121060609817505, -0.531116247177124, -1.314302682876587, -1.0575388669967651, -2.18731951713562, 0.7263717651367188, 0.48875871300697327, -0.753692090511322, -0.24546009302139282, -0.3066539466381073, 0.7502288222312927, 1.1322633028030396, -0.5086871385574341, -0.482010155916214, -0.6577315926551819, 0.14197511970996857, 1.731652021408081, 0.9380385279655457, 0.8344417214393616, 1.103345274925232, -1.6330738067626953, 0.9621766209602356, -1.471149206161499, -1.561108112335205, -0.037086550146341324, -1.0922003984451294, -1.085713505744934, -0.5973635315895081, 0.6085408926010132, 1.422627329826355, 0.12436969578266144, -0.27105748653411865, 0.4795868992805481, -1.151506781578064, 1.2402985095977783, -1.3733699321746826, 1.1534446477890015, -0.3995223343372345, 0.44227105379104614, 1.8532577753067017, 0.2829251289367676, -1.2924346923828125, -0.31538668274879456, 1.42184579372406, -0.7901073694229126, 0.6727004051208496, -0.025648944079875946, -1.2119306325912476, 0.9660872220993042, 0.1804044544696808, -0.006663416512310505, -0.6910058856010437]",yunet,Facenet,1920,1080,/home/amos/media/tv/modern_family/Modern.Family.S09.1080p.DSNP.WEB-DL.DDP5.1.H.264-CRFW/Modern.Family.S09E21.The.Escape.1080p.DSNP.WEB-DL.DDP5.1.H.264-CRFW.mkv,Modern Family,2009,1442437,9,21,Jesse Tyler Ferguson,204815.0,0.78
783,1128,102,1350,408,1200,198,1164,198,0.902,17136,0,"[-0.03490923345088959, -1.8421579599380493, -0.44792836904525757, -0.10623715072870255, 2.0909435749053955, 0.09459438174962997, 0.4729001522064209, -0.29104772210121155, 2.965846538543701, 0.025720659643411636, 0.10087320953607559, -1.886403203010559, -1.0557515621185303, -0.539372444152832, -1.088164210319519, 0.21205438673496246, -0.08319839835166931, -0.6156449913978577, 0.46497413516044617, -0.955236554145813, 0.6565011739730835, 1.3726093769073486, 0.7084225416183472, -0.23194321990013123, -0.29867058992385864, 2.06178879737854, 0.8938484191894531, -1.6709991693496704, 0.6257644295692444, -0.4608624279499054, -0.8909957408905029, 1.3527177572250366, -0.7761646509170532, -0.1884225606918335, 1.1761109828948975, 0.6779611110687256, 1.067673683166504, -0.10126035660505295, 0.6001026034355164, -2.3114888668060303, -0.21414139866828918, 0.15367580950260162, -1.682863712310791, -2.314786911010742, -0.3150761127471924, 0.0384790375828743, -0.7911007404327393, 0.9600108861923218, -1.4480574131011963, 3.0285277366638184, -0.10317480564117432, 0.5044377446174622, -1.0500108003616333, 0.769124448299408, -0.3512331545352936, -0.8965807557106018, 2.307246446609497, -0.14433354139328003, -1.8292185068130493, -0.792945384979248, -0.9743804931640625, -1.6358333826065063, 0.8561521768569946, 2.1273996829986572, 0.0012615881860256195, 0.9097719192504883, 1.3216592073440552, 0.15509557723999023, 0.46912842988967896, -1.223265528678894, 0.23009410500526428, -1.3904253244400024, -1.8302581310272217, 0.3423730731010437, 0.7473583817481995, -1.0999583005905151, -1.6667195558547974, -0.9557558298110962, -1.1700934171676636, -1.3075417280197144, -1.9764074087142944, 0.45531684160232544, 1.1642924547195435, -1.1423890590667725, -1.2978864908218384, -0.12863971292972565, 0.7190437912940979, 1.495492935180664, 0.500116229057312, -0.661020040512085, -1.139450192451477, -0.0007994938641786575, 1.0163594484329224, 0.48162639141082764, 1.5919299125671387, 0.9588138461112976, -1.2890222072601318, 0.6222994923591614, -1.3984160423278809, -0.5438949465751648, 0.6773154735565186, 0.08851728588342667, -1.0033634901046753, -1.3719091415405273, 0.476917028427124, 0.9638840556144714, -0.0540427640080452, -0.2938849627971649, 1.7249302864074707, -1.4094198942184448, -0.22199101746082306, -0.8891621232032776, 0.8212676048278809, 0.6372820138931274, 0.3067396879196167, 0.057867199182510376, 0.16495279967784882, -0.6766179800033569, -0.7074975967407227, 0.44410082697868347, -1.7040777206420898, 0.33800071477890015, 0.9890074133872986, -1.0578937530517578, 0.791064441204071, 0.7883202433586121, 0.6715433597564697, 0.07120543718338013]",yunet,Facenet,1920,1080,/home/amos/media/tv/modern_family/Modern.Family.S09.1080p.DSNP.WEB-DL.DDP5.1.H.264-CRFW/Modern.Family.S09E21.The.Escape.1080p.DSNP.WEB-DL.DDP5.1.H.264-CRFW.mkv,Modern Family,2009,1442437,9,21,Jesse Tyler Ferguson,204815.0,0.655
784,672,252,864,504,840,348,744,354,0.924,17160,0,"[-1.9964064359664917, -0.5310837626457214, 1.0927038192749023, -1.7798700332641602, 0.39068594574928284, -2.3958327770233154, -1.4129284620285034, 0.6430533528327942, 0.3264893591403961, -1.258922815322876, 0.8401508927345276, 1.319749355316162, 0.12510725855827332, -0.0015379935503005981, 0.39332374930381775, 1.3621673583984375, -1.2212028503417969, 0.3579450845718384, -0.7800886631011963, -0.21302148699760437, 0.5283263921737671, -0.14441721141338348, -0.09319697320461273, 0.3683761656284332, -1.178229570388794, -0.3115224838256836, -1.2813646793365479, -0.27630144357681274, -0.47300148010253906, -2.2857391834259033, -0.5717812776565552, -0.7845636010169983, 0.5543016195297241, 0.7664433717727661, 0.09308917820453644, 2.1516568660736084, -0.4977666139602661, -0.6816811561584473, 1.3379251956939697, -1.4906870126724243, -0.5549432039260864, 0.7207134366035461, -0.018060296773910522, -0.9196863174438477, -2.19936466217041, 0.10649830102920532, -1.3317750692367554, -1.405541181564331, -1.8787827491760254, 0.5028396844863892, -0.22220467031002045, -2.593421697616577, -0.046372853219509125, 0.2921399474143982, 0.7719754576683044, -1.5073676109313965, 0.09044462442398071, 0.01790398359298706, -0.9314876198768616, -0.2666396200656891, -0.5734603404998779, -0.8291597962379456, -1.8451873064041138, -0.09243015944957733, 0.6505035161972046, -0.7763917446136475, -0.27703553438186646, -1.302944540977478, 0.3097420632839203, 1.800801157951355, 0.7885563969612122, 1.2365303039550781, -2.5642404556274414, 0.8126605749130249, 0.7013503313064575, -0.023957084864377975, -0.11840607970952988, 0.8066902756690979, 1.129963755607605, -0.05960102006793022, 0.269715279340744, -1.4486721754074097, -0.2607395648956299, -0.9439232349395752, 0.6372380256652832, 0.11065550148487091, 0.6792620420455933, 0.7745036482810974, -2.213789701461792, 0.17473749816417694, 1.4584357738494873, -0.6324629783630371, -1.130417823791504, -0.6494541764259338, -0.7728161811828613, -0.503078043460846, -1.2266733646392822, 1.0913006067276, 1.2414271831512451, -1.1977487802505493, -1.4660884141921997, -0.8016102313995361, -0.17303180694580078, 0.023556256666779518, 1.164961338043213, -0.49601060152053833, 0.8606883883476257, -1.5009844303131104, -1.7661817073822021, 0.9528045058250427, 2.060929775238037, -0.6782509684562683, 0.3484823405742645, 0.30051594972610474, 0.34652140736579895, 0.5459067821502686, 2.0297772884368896, 0.03588467091321945, -0.39048388600349426, 0.7895764708518982, -0.885352611541748, -0.7897442579269409, 0.260612428188324, -0.01629289798438549, -0.010002486407756805, -1.2515013217926025, -1.3091697692871094, 0.9855993986129761]",yunet,Facenet,1920,1080,/home/amos/media/tv/modern_family/Modern.Family.S09.1080p.DSNP.WEB-DL.DDP5.1.H.264-CRFW/Modern.Family.S09E21.The.Escape.1080p.DSNP.WEB-DL.DDP5.1.H.264-CRFW.mkv,Modern Family,2009,1442437,9,21,Julie Bowen,31171.0,0.676
785,1170,114,1392,420,1266,228,1188,222,0.914,17160,1,"[-0.32505276799201965, -1.0262572765350342, -0.814741849899292, -0.7512654066085815, 1.3186466693878174, 0.6550231575965881, 0.4849308133125305, -0.21581564843654633, 2.472384214401245, 0.09484739601612091, 0.6400058269500732, -1.7711517810821533, -1.3025202751159668, -0.4826524555683136, -0.7120411396026611, 1.3328393697738647, 0.5685040950775146, -1.3733576536178589, 0.2661170959472656, -0.21953758597373962, 1.0632612705230713, 1.556868553161621, 1.0554354190826416, 0.12768079340457916, 0.32761919498443604, 1.4012669324874878, 1.728765845298767, -2.6702451705932617, 2.169942855834961, -0.9840416312217712, -0.5445960760116577, 0.7505071759223938, 0.6450190544128418, 0.1164938285946846, 1.3525440692901611, 0.30453142523765564, 1.0588109493255615, 0.5646650195121765, 0.18431030213832855, -1.6456693410873413, -1.221882700920105, 0.3181878924369812, -1.8856035470962524, -1.2938200235366821, -0.4634638726711273, -0.6958404779434204, -2.1172914505004883, 0.45755690336227417, -0.17179496586322784, 1.5513468980789185, 0.006505999714136124, 0.34591490030288696, -1.3121200799942017, 0.5641520619392395, -0.4899357855319977, -0.5608802437782288, 2.1879115104675293, 0.24154645204544067, -2.2356643676757812, -1.487300157546997, -1.3230210542678833, -0.3547102212905884, 0.01378384605050087, 1.9643025398254395, -1.1170045137405396, 1.5771735906600952, 1.6984695196151733, 0.5903065800666809, 1.0590481758117676, -1.8610658645629883, -0.3269428014755249, -1.2157062292099, -2.1537578105926514, 0.2519497275352478, 1.0145913362503052, -0.35252171754837036, -1.6990386247634888, -1.2187988758087158, -1.5035609006881714, -1.5582057237625122, -1.865166187286377, 1.6288429498672485, -0.11959903687238693, -0.9637158513069153, -0.35597556829452515, -0.09595076739788055, 0.32462599873542786, 1.1686700582504272, -0.7077022790908813, -0.4698593020439148, -1.0926024913787842, 0.020815813913941383, 2.1542434692382812, 0.699118971824646, 0.4723067283630371, 1.241722583770752, -1.640671730041504, 0.754355251789093, -0.8780719041824341, -0.5210590362548828, -0.28119781613349915, -0.840039849281311, -0.865507960319519, -0.2637798488140106, 0.8516207933425903, 0.4483293294906616, -0.31574225425720215, 0.0871226042509079, 0.909252405166626, -1.1080137491226196, -0.017943982034921646, -1.1073886156082153, 1.2817401885986328, -0.02831301838159561, -0.5512986183166504, 0.9517379999160767, 0.28390806913375854, -1.0369471311569214, -0.7798973321914673, 0.8031212687492371, -0.4216548204421997, 0.32054829597473145, 0.3620373010635376, -1.110472321510315, 1.2725536823272705, 0.6694492101669312, 0.01926705427467823, -0.011302527040243149]",yunet,Facenet,1920,1080,/home/amos/media/tv/modern_family/Modern.Family.S09.1080p.DSNP.WEB-DL.DDP5.1.H.264-CRFW/Modern.Family.S09E21.The.Escape.1080p.DSNP.WEB-DL.DDP5.1.H.264-CRFW.mkv,Modern Family,2009,1442437,9,21,Jesse Tyler Ferguson,204815.0,0.763
786,498,198,762,534,708,342,594,348,0.908,17184,0,"[0.3681102991104126, -1.8120368719100952, 1.07267427444458, 0.5023338794708252, 1.7380883693695068, -0.3948439955711365, -1.0898605585098267, 0.9535263180732727, 0.7108379602432251, 0.4512726664543152, 0.07839379459619522, 1.044692873954773, -2.822317600250244, 0.5408468246459961, -0.22599303722381592, -0.26687270402908325, 2.1286494731903076, 1.11500084400177, 0.3876788914203644, 0.32241562008857727, -1.2624045610427856, -1.6025928258895874, -0.2855527698993683, 0.3529825508594513, 0.8933426141738892, -1.371793270111084, 0.810361385345459, 2.2140846252441406, 0.2446424663066864, -0.25217097997665405, -0.15834787487983704, 1.709450125694275, -1.7366762161254883, 0.3379172086715698, -2.249166488647461, 1.636289119720459, -0.3191302418708801, 0.943518340587616, -1.30647611618042, 1.036434292793274, -0.6406940817832947, -1.5950584411621094, -0.48865726590156555, 1.2975506782531738, 1.0410637855529785, -0.3534663915634155, -1.2788102626800537, -0.3951645493507385, 0.47520720958709717, 0.026231802999973297, -0.07828471064567566, -0.6559917330741882, 0.15498828887939453, 0.6839590668678284, 0.35926133394241333, -0.07910163700580597, -1.5907713174819946, 0.11351729929447174, -0.4849504828453064, 0.5954395532608032, -2.334836959838867, 1.0471142530441284, -0.1521100103855133, -0.5139354467391968, 0.2986873984336853, 2.117161512374878, 0.13136273622512817, 1.9670183658599854, 0.4968303442001343, -0.03693140298128128, -1.3392187356948853, -0.6388194561004639, 0.5368348956108093, 1.5486807823181152, -0.04566919431090355, 1.0086772441864014, -1.045320749282837, -1.2490663528442383, -1.2983386516571045, 2.084606647491455, -0.6296404600143433, 0.2925959825515747, -0.12395884096622467, -1.1667245626449585, -1.0128452777862549, 0.6892659664154053, -0.3027942478656769, 0.9331057071685791, 0.8080437183380127, 1.5305819511413574, 1.1075892448425293, -0.12404653429985046, -1.1611723899841309, -1.40538489818573, -0.2198641300201416, -0.9027036428451538, -0.9291322827339172, -0.9501346349716187, 1.2438395023345947, 2.4068658351898193, -1.3106694221496582, 1.3392882347106934, -0.9526149034500122, -2.9268736839294434, -0.26886650919914246, -0.43517911434173584, 0.7194399237632751, -1.1754205226898193, 1.1959328651428223, -1.5111485719680786, -0.5846015810966492, 0.8796495199203491, -0.6416696310043335, -2.6417644023895264, 1.5718064308166504, 0.7539069652557373, 0.300057053565979, 1.5097628831863403, 0.5143060684204102, -0.6430923342704773, -0.3535970449447632, 0.41125696897506714, 1.0363726615905762, -1.3049036264419556, 0.5994361639022827, 0.38739344477653503, 0.9337833523750305, 0.9715019464492798]",yunet,Facenet,1920,1080,/home/amos/media/tv/modern_family/Modern.Family.S09.1080p.DSNP.WEB-DL.DDP5.1.H.264-CRFW/Modern.Family.S09E21.The.Escape.1080p.DSNP.WEB-DL.DDP5.1.H.264-CRFW.mkv,Modern Family,2009,1442437,9,21,Ed O'Neill,18977.0,0.658
787,534,162,798,498,756,282,642,294,0.904,17208,0,"[-0.2719228267669678, -1.2702713012695312, 1.3528202772140503, 0.671099066734314, 1.3483963012695312, -0.41404733061790466, -0.12142938375473022, 0.7969029545783997, -0.15590523183345795, 0.5546587705612183, 0.008613303303718567, 0.052642859518527985, -2.2006452083587646, 0.050698891282081604, 0.09530168026685715, -0.6863560080528259, 1.374603271484375, 1.2188392877578735, 0.06616322696208954, 0.051319219172000885, -0.4710279703140259, -1.3020548820495605, 0.9096877574920654, 0.04053275287151337, 0.8401583433151245, -1.346426010131836, 0.25504663586616516, 2.196902275085449, 0.5696526765823364, -0.7198525071144104, -0.45162317156791687, 1.6933852434158325, -1.7578494548797607, 0.42569631338119507, -1.4465315341949463, 0.2989448010921478, -0.40489351749420166, 1.2146259546279907, -0.7318512201309204, -0.5019569396972656, -0.3607557713985443, -1.992332100868225, -1.0845037698745728, 0.4689662456512451, 0.22360967099666595, -0.9593188166618347, -0.542374312877655, -0.8669037818908691, 0.4175209403038025, 0.6535916328430176, -0.13240838050842285, -0.11905087530612946, 1.3015353679656982, 0.5030556917190552, 0.5223032236099243, -0.4261337220668793, -1.3564883470535278, 0.1330021470785141, -0.16581620275974274, -0.025904502719640732, -2.8914012908935547, -0.05881641060113907, -0.707127034664154, -0.7566366195678711, 0.3515913188457489, 0.7769582271575928, 0.6157161593437195, 1.6667072772979736, -0.1262173354625702, 0.4169735014438629, -2.1640024185180664, -0.837863564491272, 0.613149106502533, 0.729972779750824, -1.2938737869262695, 1.2613009214401245, -1.4663636684417725, -1.0708369016647339, -1.0957189798355103, 0.9801914691925049, 0.27999255061149597, 0.6197538375854492, -0.04809724912047386, -1.7234903573989868, -0.5128111243247986, 1.3628692626953125, -0.012118183076381683, 1.0350524187088013, 0.09648747742176056, 1.8841075897216797, 1.5004738569259644, 0.211639866232872, -1.9372256994247437, -1.5161536931991577, 0.0052819326519966125, -1.1757185459136963, -0.9923213124275208, -1.3074477910995483, 2.226161479949951, 1.3199117183685303, -1.695386290550232, 1.5144450664520264, -0.8558459877967834, -2.4800772666931152, -0.3262687921524048, 0.38291192054748535, 1.2424769401550293, -0.4794946610927582, 1.6355563402175903, -1.2833127975463867, -1.9682121276855469, 1.3282068967819214, -0.7965699434280396, -2.152315378189087, 1.4209681749343872, -0.02510007843375206, 0.623853325843811, 0.0016981810331344604, 0.41793760657310486, -0.4362901747226715, -0.18954895436763763, 0.13519124686717987, 0.6065986156463623, -0.6617559194564819, 0.8571419715881348, 0.3894408643245697, 1.4193692207336426, 1.162384033203125]",yunet,Facenet,1920,1080,/home/amos/media/tv/modern_family/Modern.Family.S09.1080p.DSNP.WEB-DL.DDP5.1.H.264-CRFW/Modern.Family.S09E21.The.Escape.1080p.DSNP.WEB-DL.DDP5.1.H.264-CRFW.mkv,Modern Family,2009,1442437,9,21,Ed O'Neill,18977.0,0.624
788,552,390,738,618,660,486,582,486,0.933,17232,0,"[0.208941251039505, 0.28255924582481384, -0.5536641478538513, -1.0287460088729858, 0.6758363842964172, -0.5924530029296875, 0.24841006100177765, -0.07074783742427826, -1.9408855438232422, -1.4084681272506714, 0.1001070961356163, 0.41903436183929443, -0.6564192771911621, 1.0301991701126099, 0.052709873765707016, -0.5300067663192749, 0.859337329864502, -0.2963183522224426, 0.7652705907821655, -0.165080726146698, -0.030627906322479248, 0.6582549810409546, 0.1891363263130188, -0.48856666684150696, -0.03591134399175644, 1.4303478002548218, 0.2628712058067322, -1.0948660373687744, 1.6809533834457397, -1.3729233741760254, -0.37067168951034546, 1.074245810508728, 0.4447281062602997, 1.1538499593734741, 0.5493794679641724, 0.9265109896659851, -1.1170965433120728, 0.31715813279151917, 0.5898890495300293, -1.2775764465332031, -0.944497287273407, 0.36752644181251526, -0.6140758991241455, -0.7961741089820862, 0.9040879607200623, -0.14063870906829834, 1.2060604095458984, 0.21886210143566132, -1.4583810567855835, 0.08046048879623413, -1.0689555406570435, 1.5191925764083862, 1.1957212686538696, -1.0928504467010498, 0.4843125641345978, 0.46250951290130615, -0.25860345363616943, 0.478377103805542, 2.054567337036133, -0.9356448650360107, -0.2542279362678528, -0.6933996677398682, -2.0012800693511963, -0.618054986000061, -0.8825071454048157, 1.1310170888900757, 1.1760209798812866, 0.5654842853546143, -0.029946474358439445, 1.181695580482483, 0.6231971979141235, -0.38709256052970886, -2.0272364616394043, 0.5245130062103271, -0.8002220988273621, 1.1534091234207153, 1.0484328269958496, -1.4007352590560913, -0.5149073004722595, -1.625266671180725, -0.6820908188819885, 0.6233054399490356, -1.9805651903152466, 0.7863512635231018, 3.6530518531799316, 0.34177616238594055, 1.1739234924316406, -1.3928146362304688, 0.250201016664505, -0.5769402980804443, -2.030947208404541, 1.491929531097412, 0.23417675495147705, -0.7995010018348694, 0.1411443054676056, -1.1147208213806152, 0.1885802447795868, -0.0922391265630722, -0.6818925738334656, -0.35087037086486816, -0.2929784655570984, -1.3919341564178467, 0.038396261632442474, -0.3863472044467926, -0.4732607901096344, 2.1080269813537598, 0.9391534924507141, 0.4840708076953888, -0.2551259994506836, 1.1695952415466309, -0.07757961750030518, 1.8027909994125366, -0.3222225308418274, -0.02797655388712883, 0.5127516388893127, 1.1555792093276978, -1.506097674369812, -0.709272563457489, -0.3113759458065033, 0.6110461950302124, 0.8135529160499573, 2.3374521732330322, -0.6009016633033752, 0.468818724155426, 2.0133862495422363, -0.4189906418323517, 1.1382898092269897, -0.06499826163053513]",yunet,Facenet,1920,1080,/home/amos/media/tv/modern_family/Modern.Family.S09.1080p.DSNP.WEB-DL.DDP5.1.H.264-CRFW/Modern.Family.S09E21.The.Escape.1080p.DSNP.WEB-DL.DDP5.1.H.264-CRFW.mkv,Modern Family,2009,1442437,9,21,Ashleigh Crystal Hairston,3001558.0,0.715
789,930,192,1098,408,1050,270,978,270,0.921,17232,1,"[-0.3281782269477844, -0.7278473377227783, 0.8266333937644958, -1.690078616142273, 2.538499593734741, -2.204163074493408, -0.38400736451148987, -0.41103774309158325, -0.1967998445034027, -0.43644052743911743, -0.4645557999610901, 1.2973015308380127, 1.3348811864852905, -0.9956881999969482, 1.4635242223739624, 1.165130853652954, -0.43573179841041565, 0.2830565571784973, 0.4738459885120392, -0.8889623880386353, 0.7470270395278931, -0.40161699056625366, 0.49934589862823486, -0.3728889226913452, -1.3662534952163696, 1.418676495552063, -1.075338363647461, -0.6585211157798767, -0.7048740983009338, -1.1010146141052246, 0.34857726097106934, 0.12209193408489227, -0.0854007676243782, -0.46065694093704224, 0.4334995448589325, 0.998711884021759, -0.9260268807411194, 1.0422868728637695, 1.182379961013794, -0.10942396521568298, -1.0921214818954468, 1.0823249816894531, 0.09799885004758835, -0.8308436870574951, -1.6844682693481445, 1.032691478729248, -0.43026497960090637, 0.3170894384384155, -1.5771715641021729, 0.5840809345245361, -0.7936446070671082, -0.8690072894096375, -2.0307047367095947, 1.7721443176269531, 1.3483580350875854, -1.9835710525512695, 0.5448169708251953, 0.0332871712744236, -1.365919589996338, 1.196882724761963, 0.3284088671207428, -2.5338175296783447, -1.2788403034210205, -0.4018847644329071, 0.27936598658561707, -1.7843260765075684, -0.6398877501487732, -1.459522008895874, 0.4170105755329132, 2.344426393508911, 0.373769074678421, 1.3670456409454346, -2.55427622795105, 2.063601016998291, 1.2434885501861572, -0.4601934850215912, -0.8146499395370483, -0.02629491314291954, -0.22489851713180542, -0.5863889455795288, -0.3936469554901123, -0.773112416267395, 0.345790833234787, -0.14707082509994507, -0.7924938797950745, 0.3500610888004303, 1.4160515069961548, -1.768033742904663, -1.7107727527618408, -0.40590378642082214, -0.002504095435142517, -0.5532118678092957, 0.12431265413761139, -2.4338319301605225, 0.1573718637228012, 0.5607353448867798, -1.4217792749404907, 1.661253571510315, 0.27441203594207764, -2.40212345123291, -1.0518659353256226, -1.2759383916854858, -1.5172076225280762, -0.46950188279151917, 1.7113430500030518, -0.9675036668777466, -0.5382789373397827, -0.8264278173446655, 0.7600179314613342, 0.14111267030239105, 0.03459591418504715, -1.299896240234375, -0.31415629386901855, 0.06806310266256332, 0.7907768487930298, 0.474752277135849, 0.10660038888454437, -0.35165321826934814, -0.4557119309902191, -0.09460136294364929, -0.24246390163898468, -0.6295589208602905, -0.4737289547920227, 0.1600891649723053, -0.4333205223083496, -0.8716298341751099, -2.338994026184082, 0.060331668704748154]",yunet,Facenet,1920,1080,/home/amos/media/tv/modern_family/Modern.Family.S09.1080p.DSNP.WEB-DL.DDP5.1.H.264-CRFW/Modern.Family.S09E21.The.Escape.1080p.DSNP.WEB-DL.DDP5.1.H.264-CRFW.mkv,Modern Family,2009,1442437,9,21,Julie Bowen,31171.0,0.603
790,1326,156,1518,414,1398,264,1350,270,0.901,17232,2,"[-0.5377326011657715, -1.3345977067947388, -0.9218600392341614, 0.001349806785583496, 1.365659236907959, -0.8661293387413025, 0.5525495409965515, 0.07120312750339508, 2.4528021812438965, -0.695132851600647, 0.9615681767463684, -1.1030147075653076, 0.13564427196979523, -0.36721476912498474, -1.3242075443267822, 0.731809139251709, 0.06794656068086624, -0.869637131690979, 0.17610129714012146, -0.09956458956003189, 0.28992903232574463, 1.342294454574585, 0.09932801872491837, -0.49529221653938293, -0.4353106915950775, 1.5910608768463135, 1.1788039207458496, -1.7317320108413696, 1.264333724975586, 0.15712237358093262, -1.488769292831421, 1.3516994714736938, -0.6311537027359009, 0.9371907711029053, 0.9045267701148987, 0.6144875288009644, 1.067757248878479, -0.18677249550819397, 1.2141284942626953, -1.8782790899276733, 0.27911919355392456, 1.4929379224777222, -2.0043537616729736, -1.4055743217468262, -0.8591506481170654, -1.3329157829284668, -0.961142897605896, 0.07303819060325623, -0.5309861302375793, 2.5174834728240967, -0.6702211499214172, 0.8878726363182068, -1.5098003149032593, 0.4152619242668152, -0.4056381583213806, -0.912031888961792, 2.7427818775177, 0.5683428049087524, -1.4302791357040405, -0.8449059128761292, -1.123079538345337, -1.751952886581421, 0.7659422755241394, 1.5782021284103394, 0.09135646373033524, 1.5415034294128418, 1.0139116048812866, 0.43991509079933167, -0.04044526070356369, -1.5549674034118652, 0.26382768154144287, -0.5074359178543091, -1.9588271379470825, 1.3084033727645874, 1.0694952011108398, -0.8844883441925049, -1.5087168216705322, -0.6860116124153137, -0.8182819485664368, -1.6783603429794312, -1.7017124891281128, 0.5524965524673462, 0.31887754797935486, -0.9661365151405334, -0.6072836518287659, 0.15392805635929108, 0.12014099955558777, 1.2805715799331665, -1.5096112489700317, -0.018823284655809402, -0.9921292662620544, 0.7361147999763489, 0.825179398059845, 0.08549156785011292, 0.2858318090438843, 1.2433736324310303, -1.636223316192627, 0.3989076316356659, -1.6509225368499756, -1.4225951433181763, -0.3978535532951355, -0.29389166831970215, -1.2093778848648071, -1.3734896183013916, 0.8218926191329956, 1.4305659532546997, 0.07671791315078735, -0.8529032468795776, 0.17389649152755737, -1.0008423328399658, 1.2765394449234009, -0.6447283625602722, 1.6032872200012207, 0.3380517065525055, 0.7914285063743591, 0.5880563259124756, 0.28401046991348267, -1.7204322814941406, 0.03779321163892746, 1.5930181741714478, -1.2792407274246216, 0.04647645726799965, 0.7243623733520508, -1.6930917501449585, 0.16259980201721191, 0.851301372051239, 0.2481454759836197, -0.24717968702316284]",yunet,Facenet,1920,1080,/home/amos/media/tv/modern_family/Modern.Family.S09.1080p.DSNP.WEB-DL.DDP5.1.H.264-CRFW/Modern.Family.S09E21.The.Escape.1080p.DSNP.WEB-DL.DDP5.1.H.264-CRFW.mkv,Modern Family,2009,1442437,9,21,Jesse Tyler Ferguson,204815.0,0.764
791,1050,168,1224,408,1152,258,1086,258,0.921,17256,0,"[-1.0254905223846436, -0.04134321212768555, 0.08319772034883499, -0.33112964034080505, 1.5283818244934082, -1.0873372554779053, 0.9045458436012268, 0.7988210916519165, 0.13505730032920837, 0.7283845543861389, 0.7484388947486877, 0.4733887016773224, 0.6983903050422668, -0.9715806245803833, 0.41636958718299866, 2.1163249015808105, -0.27749183773994446, -0.822634756565094, -1.7172783613204956, 0.8648250102996826, 0.3989218771457672, 1.2113070487976074, -0.47319746017456055, 0.3413190245628357, -1.7799996137619019, 1.735573172569275, -0.4345158040523529, -0.16943201422691345, -0.42344385385513306, -1.7402262687683105, 0.40214818716049194, 0.17064787447452545, -1.4526336193084717, -0.9369674921035767, 0.16257581114768982, 1.0432506799697876, -1.6820350885391235, 0.31870898604393005, 1.7144262790679932, -0.636197566986084, -1.9125961065292358, 0.10151159018278122, 0.7214633226394653, -1.1791101694107056, -0.45911985635757446, 0.8888695240020752, 0.5613099932670593, -0.7904703617095947, -2.4995460510253906, 0.6832232475280762, -0.6414884328842163, -0.655062735080719, -2.0384607315063477, 1.876813530921936, -0.8195098042488098, -2.20597505569458, 0.7809858918190002, 0.13923996686935425, -1.4272360801696777, 0.06750238686800003, -0.5541155934333801, -1.1149747371673584, -0.8712155222892761, -0.5722859501838684, 1.4543412923812866, -1.7066433429718018, 0.3830775022506714, -0.7729179263114929, -0.2318519949913025, 1.684560775756836, 0.23412708938121796, 1.640001893043518, -2.0947623252868652, 2.218257188796997, 1.5444594621658325, 0.23347052931785583, -0.41746947169303894, 0.003966528922319412, 0.1270822286605835, 1.1399221420288086, -0.18452328443527222, -0.6925169229507446, 0.18132779002189636, -1.0933799743652344, -1.1218254566192627, 0.6323534250259399, 0.8841139078140259, -0.8399491906166077, -1.3652429580688477, -0.8235490918159485, 0.686758279800415, -1.590567946434021, 0.39912813901901245, -1.1180086135864258, 0.26234474778175354, -0.1973421722650528, -1.2762950658798218, 2.2308990955352783, 1.1032583713531494, -1.9427502155303955, -0.9663334488868713, -1.3193907737731934, -1.7749240398406982, 0.33462217450141907, 0.822228729724884, -0.6258649826049805, -0.35456544160842896, -0.11961621046066284, 0.889471173286438, 1.5901778936386108, 1.4217796325683594, -0.7974900007247925, 1.1907615661621094, 0.5712032914161682, 0.3515913486480713, 0.6449407339096069, -0.04116792231798172, -0.15934625267982483, -1.3812239170074463, -0.26672276854515076, 0.05936503782868385, 0.3563096821308136, -0.7269937992095947, 0.20869331061840057, -0.8340044021606445, -0.8360013365745544, -1.8074063062667847, -0.8283628821372986]",yunet,Facenet,1920,1080,/home/amos/media/tv/modern_family/Modern.Family.S09.1080p.DSNP.WEB-DL.DDP5.1.H.264-CRFW/Modern.Family.S09E21.The.Escape.1080p.DSNP.WEB-DL.DDP5.1.H.264-CRFW.mkv,Modern Family,2009,1442437,9,21,Julie Bowen,31171.0,0.623
792,696,342,870,552,840,420,756,420,0.915,17256,1,"[-1.188697338104248, 0.14807239174842834, 0.12086009234189987, -0.6569088697433472, 0.20748886466026306, -1.015208125114441, 0.17985816299915314, -0.1266958862543106, -2.0847909450531006, -0.5515880584716797, 1.5785796642303467, 0.8550227284431458, 0.5372093915939331, 0.34672319889068604, 1.3767800331115723, 0.27074456214904785, 0.3949468731880188, 0.43112093210220337, -0.035748034715652466, 0.48806139826774597, 0.9825102090835571, -0.3776162564754486, 1.127736210823059, 1.0104819536209106, 0.9098779559135437, 0.8886396288871765, 0.2814229130744934, -1.2486449480056763, 1.7853331565856934, -2.0277957916259766, 0.06464733928442001, -0.009862329810857773, 0.6501213312149048, 0.7362256646156311, 0.9427934885025024, 0.47074180841445923, -0.2894804775714874, 0.2155035138130188, -0.538626492023468, -1.6437551975250244, -1.7200822830200195, 0.9329369068145752, 0.8696882724761963, -0.5769166946411133, -0.28691673278808594, 0.3776925504207611, 1.4083884954452515, -0.6283705234527588, -1.5473352670669556, 0.30559444427490234, -1.2655973434448242, 1.3902314901351929, 1.3226855993270874, -0.5946205258369446, 0.5002120733261108, 0.43497157096862793, -0.33989328145980835, 1.5009148120880127, 2.5345702171325684, -0.9912976622581482, 1.0800631046295166, 0.8868505954742432, -1.2921549081802368, -0.21880079805850983, -0.8534955382347107, 0.6521925926208496, 0.6926447749137878, 0.48586171865463257, -0.4269729256629944, 1.9170385599136353, 1.0038808584213257, -1.186077356338501, -1.728701114654541, 0.5587930083274841, -0.7454820275306702, 0.6811981797218323, 1.3075934648513794, -0.695358157157898, -1.4903286695480347, -1.4706357717514038, -0.1639941930770874, -0.24683475494384766, -3.090735673904419, 1.3080307245254517, 3.6333131790161133, 1.032386064529419, 0.923984944820404, -1.4106769561767578, -0.6607989072799683, -2.010701894760132, -1.2122809886932373, 0.6663435101509094, 0.9919586181640625, -0.5540885329246521, -0.4109976589679718, 0.13026706874370575, -0.1097063273191452, -0.3193129599094391, -0.37622371315956116, -1.1621973514556885, -1.5233442783355713, -0.8784818649291992, 1.679208755493164, -0.9304701685905457, 0.07963690906763077, 1.1780635118484497, 0.3297635316848755, 0.5639722347259521, 0.4384721517562866, 1.9990627765655518, -0.4085763096809387, 1.3356791734695435, 0.7997356653213501, -0.03803156688809395, -0.35550931096076965, 1.2621976137161255, -1.4608172178268433, -1.1305019855499268, -1.2302504777908325, 1.3087471723556519, 0.3871648907661438, 0.565875768661499, 0.005349162966012955, 0.12618742883205414, 2.3949317932128906, -0.45333972573280334, 1.9509856700897217, 0.0313698910176754]",yunet,Facenet,1920,1080,/home/amos/media/tv/modern_family/Modern.Family.S09.1080p.DSNP.WEB-DL.DDP5.1.H.264-CRFW/Modern.Family.S09E21.The.Escape.1080p.DSNP.WEB-DL.DDP5.1.H.264-CRFW.mkv,Modern Family,2009,1442437,9,21,Ashleigh Crystal Hairston,3001558.0,0.69
793,1134,150,1314,396,1236,246,1164,246,0.932,17280,0,"[-0.898226261138916, -0.010249242186546326, -0.04010108858346939, -0.720414936542511, 1.2162959575653076, -1.0925967693328857, -0.1545715630054474, 0.613434374332428, -0.10256919264793396, 0.1607147604227066, -0.0009449794888496399, 0.31861329078674316, 0.43628907203674316, -0.44515281915664673, 1.157241702079773, 1.587687611579895, -0.5806187391281128, -0.06224583834409714, -1.6864720582962036, 0.6115533113479614, 0.0890241265296936, 1.8000999689102173, -0.12543532252311707, 0.8194132447242737, -0.9119105339050293, 1.8741897344589233, -1.5694725513458252, -0.07505042850971222, 0.4492175579071045, -2.233398199081421, 0.3383820950984955, -0.19348709285259247, -1.144843578338623, -0.11646504700183868, 0.841051459312439, 1.427674412727356, -1.0341154336929321, 0.7026768922805786, 1.3722522258758545, -0.617367148399353, -1.9227983951568604, 0.746380090713501, 0.9799247980117798, -1.283697247505188, -1.122887372970581, 0.6369647979736328, -0.2956346273422241, -0.3524214029312134, -2.4934606552124023, 0.5375001430511475, 0.13777697086334229, -1.5282455682754517, -1.6739619970321655, 1.9958107471466064, -0.8442851901054382, -1.622006893157959, 0.9468644261360168, -0.2454286813735962, -2.1930270195007324, -0.3724377155303955, -0.663002073764801, -0.9758168458938599, -1.7174290418624878, 0.17261642217636108, 0.8382876515388489, -1.4323097467422485, 0.31534862518310547, -0.9424840807914734, 0.3862733840942383, 1.3306646347045898, 0.8608598113059998, 1.7168383598327637, -2.167915105819702, 1.7570161819458008, 1.3511590957641602, -0.1674765646457672, -0.27395954728126526, -0.3185041844844818, -0.1907673478126526, 1.1767691373825073, -0.09541130065917969, -0.7454566955566406, -0.08907327055931091, -0.08912692219018936, -0.8559733629226685, 0.29985326528549194, 1.805919885635376, -0.4423619508743286, -1.1684846878051758, -0.7819483876228333, 0.8066641092300415, -1.6943998336791992, -0.03269389644265175, -1.112475037574768, 0.05370379984378815, -0.21055524051189423, -0.7085325717926025, 1.6308870315551758, 1.4129104614257812, -2.148768663406372, -0.8150460124015808, -1.1768590211868286, -1.9897056818008423, 0.627169668674469, 1.014343023300171, -0.8751906752586365, -0.38887882232666016, -1.7373937368392944, 1.431035041809082, 1.2130969762802124, 1.3447315692901611, -1.2236038446426392, 0.6848552227020264, 0.8589848875999451, 0.7591810822486877, 0.25245800614356995, 0.13810083270072937, 0.09911377727985382, -0.7817060947418213, -0.21472983062267303, -0.2188444882631302, 0.3127993643283844, -0.3595846891403198, 0.1981281191110611, -0.706869900226593, -0.5944660305976868, -1.441108226776123, -0.1868181824684143]",yunet,Facenet,1920,1080,/home/amos/media/tv/modern_family/Modern.Family.S09.1080p.DSNP.WEB-DL.DDP5.1.H.264-CRFW/Modern.Family.S09E21.The.Escape.1080p.DSNP.WEB-DL.DDP5.1.H.264-CRFW.mkv,Modern Family,2009,1442437,9,21,Julie Bowen,31171.0,0.599
794,684,378,870,612,798,474,720,468,0.921,17280,1,"[-0.28575634956359863, -0.3315892219543457, 0.4510856866836548, -0.5422095656394958, 0.4018557667732239, -0.4837477207183838, 0.5088586211204529, -0.7588077187538147, -1.332796335220337, -1.0523662567138672, 1.2806110382080078, 0.6400731205940247, -1.0914051532745361, 0.5895487070083618, -1.1422184705734253, -0.47588247060775757, 1.1965792179107666, -0.2771586775779724, 0.15795710682868958, -0.2355102151632309, -0.3600042462348938, -0.34794482588768005, 0.2075476050376892, -1.0259023904800415, 0.514752209186554, 0.9553976655006409, 0.7470797300338745, -0.843308687210083, 1.5350959300994873, -1.278831958770752, 0.39721226692199707, 0.49160492420196533, 0.4796064496040344, 1.088624358177185, -0.14916765689849854, 0.9966129660606384, -1.1679247617721558, 0.9202125668525696, 0.8591627478599548, -0.9197466373443604, -0.5372313261032104, -0.27072495222091675, -0.599446177482605, -0.4863695502281189, 1.1206721067428589, -0.5886014103889465, 0.5398290753364563, 0.5770865678787231, -0.9948471188545227, -0.4319101572036743, -0.8106525540351868, 1.34259033203125, 1.5326157808303833, -0.8247673511505127, -0.07307495176792145, 0.9133942127227783, 0.2127441167831421, -0.008176557719707489, 2.1312179565429688, -0.5189064741134644, 0.19927799701690674, -0.38604992628097534, -2.205551862716675, -0.5843911170959473, 0.03114142268896103, 1.513922095298767, 1.2886329889297485, 0.6013414263725281, -0.985992968082428, 1.681717038154602, 0.01612255536019802, -0.3893415033817291, -1.7942161560058594, 0.6475839018821716, -0.004884140565991402, 1.3113701343536377, 1.6341012716293335, -0.7078033685684204, -0.6247950792312622, -0.906104326248169, -0.9059091806411743, 0.6022149324417114, -1.6939268112182617, 0.020242435857653618, 3.3024816513061523, 0.7137515544891357, 0.44623103737831116, -1.3395158052444458, 0.0347270667552948, 0.017227107658982277, -1.9791206121444702, 1.2721160650253296, 0.7087218761444092, -0.7292904853820801, 0.3737334609031677, -1.1118566989898682, -0.2861523926258087, 0.39559343457221985, -0.438384473323822, -0.738998293876648, 0.03699503093957901, -1.5595098733901978, 0.3412973880767822, -0.6394916772842407, -0.2726876139640808, 3.5584890842437744, 0.6522971987724304, 0.6850062608718872, -0.46829891204833984, 0.3192081153392792, 0.07551176846027374, 2.763617515563965, -0.5324451923370361, -0.8362655639648438, 0.7650036215782166, 1.7568578720092773, -1.646699070930481, -0.6780584454536438, -0.8677853941917419, 0.6230443716049194, 1.2394202947616577, 1.1269689798355103, -0.13203489780426025, 0.4853076636791229, 2.244174003601074, -0.5572906136512756, 1.2039533853530884, 0.29744860529899597]",yunet,Facenet,1920,1080,/home/amos/media/tv/modern_family/Modern.Family.S09.1080p.DSNP.WEB-DL.DDP5.1.H.264-CRFW/Modern.Family.S09E21.The.Escape.1080p.DSNP.WEB-DL.DDP5.1.H.264-CRFW.mkv,Modern Family,2009,1442437,9,21,Ashleigh Crystal Hairston,3001558.0,0.689
795,1182,138,1362,384,1290,234,1212,240,0.937,17304,0,"[-0.44079896807670593, 0.24369382858276367, -0.294266015291214, -0.8795431852340698, 2.587113618850708, -1.4897754192352295, -0.6639284491539001, 1.4916681051254272, 0.2297903597354889, -0.2014010101556778, 0.9263692498207092, 0.7474402785301208, 0.8126758933067322, -1.2140899896621704, 1.0896848440170288, 1.3344743251800537, -0.05233469605445862, 0.29128801822662354, -0.28932082653045654, 0.21732042729854584, -0.4165092408657074, 0.8976410627365112, 0.4713613986968994, 1.1148649454116821, -1.2364981174468994, 2.5184214115142822, -1.8922299146652222, 0.43661758303642273, 0.005586162209510803, -1.7733538150787354, -0.024133451282978058, -0.17862895131111145, -1.9111857414245605, -0.2906946539878845, 1.1289821863174438, 1.218659520149231, -0.8864341974258423, 0.9997074604034424, 1.0736165046691895, -0.13017724454402924, -1.0478559732437134, 1.0251481533050537, 0.9091771841049194, -0.21721571683883667, -1.1020320653915405, 0.6128169894218445, 0.09840260446071625, -1.0650701522827148, -1.2420395612716675, 1.226129412651062, -0.007243812084197998, -1.4669798612594604, -1.4954806566238403, 1.5335745811462402, -0.26137930154800415, -1.988733172416687, 1.2445718050003052, -0.902886688709259, -2.2031173706054688, 0.4152546226978302, -0.16114577651023865, -1.4140820503234863, -0.16888916492462158, -0.7935600876808167, -0.376966267824173, -1.435795545578003, -0.9008055925369263, -0.6991102695465088, 1.0319976806640625, 1.7113286256790161, 0.5239505767822266, 1.913283348083496, -3.2716286182403564, 2.1022932529449463, 1.5259820222854614, -0.10553370416164398, -0.8072149753570557, 0.6228921413421631, -0.18148058652877808, 0.7780193090438843, -0.3375970125198364, -0.960680365562439, 0.17681172490119934, -1.4957046508789062, -0.8037938475608826, 0.7752207517623901, 1.109281063079834, -0.030853256583213806, -1.075873613357544, -0.6158695220947266, 0.7464582324028015, -1.7818630933761597, -0.31302475929260254, -1.0930531024932861, 0.6494361758232117, -0.7159271240234375, -0.8052011728286743, 1.2374900579452515, 0.5957217812538147, -2.19497013092041, -0.5289626717567444, -0.7075367569923401, -1.299241304397583, -0.15202578902244568, 1.0710769891738892, -0.5134167075157166, -0.09716634452342987, -1.3009542226791382, 0.24491813778877258, 1.1340200901031494, 1.3136199712753296, -0.6911872029304504, 0.15274548530578613, 0.4245048761367798, 0.5699034929275513, 0.2309885025024414, 0.06748484075069427, -1.2389264106750488, -0.13596653938293457, -0.741138756275177, -0.6336049437522888, 0.42879781126976013, -0.16272631287574768, -0.7089769244194031, -0.9142757654190063, -1.5212963819503784, -2.1543660163879395, -0.4590109586715698]",yunet,Facenet,1920,1080,/home/amos/media/tv/modern_family/Modern.Family.S09.1080p.DSNP.WEB-DL.DDP5.1.H.264-CRFW/Modern.Family.S09E21.The.Escape.1080p.DSNP.WEB-DL.DDP5.1.H.264-CRFW.mkv,Modern Family,2009,1442437,9,21,Julie Bowen,31171.0,0.568
796,720,360,912,612,828,462,756,456,0.924,17304,1,"[-0.22880131006240845, -0.9796403646469116, -0.00597529299557209, 0.17840126156806946, 0.8808851838111877, -0.3632720410823822, 0.4756293296813965, -0.22648347914218903, -0.989859402179718, -1.0177301168441772, 0.615030825138092, 0.23585239052772522, -0.7814733982086182, 0.6439968347549438, -1.617416262626648, -0.44610947370529175, 1.4957576990127563, -0.3908359408378601, 0.4956734776496887, -0.3400357961654663, -0.11926352232694626, 0.03637298196554184, 0.1880778670310974, -0.9311850070953369, 0.7466687560081482, 1.1783357858657837, 1.1266933679580688, -1.2569236755371094, 1.5618627071380615, -1.9148789644241333, -0.13302913308143616, 0.7759187817573547, 0.360258549451828, 0.6742274761199951, 0.07923717051744461, 1.4525343179702759, -1.4756059646606445, 1.1575706005096436, 0.27437740564346313, -0.6670117378234863, -0.11598879098892212, -0.041035011410713196, -0.81078040599823, -0.497647225856781, 0.9548710584640503, -0.4014893174171448, 0.8299853801727295, 0.6278305053710938, -1.3525683879852295, -0.511474609375, -1.2800484895706177, 1.8032180070877075, 0.9899949431419373, -0.7086952328681946, 0.33873412013053894, 1.0206855535507202, 0.16059279441833496, -0.4205402135848999, 2.0068516731262207, -0.7572402358055115, -0.1266695111989975, -0.9846856594085693, -1.7782061100006104, -1.1509886980056763, -0.4931847155094147, 1.3472539186477661, 1.2506605386734009, 1.3657656908035278, -0.8330230712890625, 1.1561263799667358, -0.3262605667114258, -0.06522964686155319, -2.5624825954437256, 0.7233614921569824, 0.001154562458395958, 1.1819859743118286, 1.1758326292037964, -0.7866384983062744, -0.9819243550300598, -1.170751929283142, -0.8317716717720032, 0.27680522203445435, -1.7981077432632446, 0.0727226585149765, 3.4498424530029297, 0.6556582450866699, 0.7008547782897949, -1.3324475288391113, 0.049486786127090454, 0.23262077569961548, -2.036576986312866, 1.0071932077407837, 1.3433605432510376, -0.6912720799446106, -0.1510293185710907, -1.2540291547775269, 0.13768041133880615, 0.5932433009147644, -0.06646884977817535, 0.007590124383568764, 0.050285860896110535, -1.1321098804473877, 0.31185585260391235, -0.9526258111000061, -0.13068313896656036, 2.93009614944458, 0.3127634525299072, 0.8903162479400635, -0.7397521734237671, 0.2779688239097595, 0.3525158762931824, 2.7568624019622803, -0.03946051001548767, -1.0560111999511719, 0.4206387400627136, 1.4496458768844604, -1.94269597530365, -0.5007193088531494, -0.5691442489624023, 0.3842807412147522, 1.1333272457122803, 1.5265100002288818, -0.8209300637245178, 0.7110891938209534, 2.4137299060821533, -0.19065868854522705, 0.7822122573852539, 0.7146655321121216]",yunet,Facenet,1920,1080,/home/amos/media/tv/modern_family/Modern.Family.S09.1080p.DSNP.WEB-DL.DDP5.1.H.264-CRFW/Modern.Family.S09E21.The.Escape.1080p.DSNP.WEB-DL.DDP5.1.H.264-CRFW.mkv,Modern Family,2009,1442437,9,21,Ashleigh Crystal Hairston,3001558.0,0.771
797,708,342,918,606,858,444,762,444,0.937,17328,0,"[-0.7686539888381958, -0.08815617114305496, 0.32582053542137146, -0.27265098690986633, 0.37760189175605774, -0.35424283146858215, 0.4402838349342346, 0.55780428647995, -1.8443138599395752, -1.164393663406372, 0.7749099135398865, 1.0547007322311401, -0.304879754781723, 0.35834911465644836, 0.24054883420467377, -0.13765625655651093, 1.045626163482666, 0.18029733002185822, -0.5348978042602539, 0.19712725281715393, 0.14918652176856995, -0.3458593487739563, 1.231554627418518, -0.30452194809913635, 0.8347581028938293, 1.9344700574874878, 0.0815296471118927, -0.38858887553215027, 1.8491194248199463, -2.137744903564453, 0.1655978411436081, 0.23977437615394592, 1.0743942260742188, 0.5004944801330566, 0.7465744018554688, 0.8285268545150757, -1.6480679512023926, 0.36813563108444214, -0.8703151345252991, -0.7726733684539795, -1.921750545501709, 0.6305468678474426, -0.2742827236652374, -0.2858295440673828, 1.1884047985076904, 0.32202649116516113, 0.7738508582115173, 0.7248244285583496, -1.2085278034210205, -0.17245444655418396, 0.3574911952018738, 0.9127252697944641, 1.3818663358688354, -1.0842911005020142, 0.8852702379226685, 1.048284649848938, -0.015249259769916534, 0.19829750061035156, 2.456373691558838, -0.8204774856567383, 0.3588971495628357, 0.33083558082580566, -1.7937192916870117, -0.6858992576599121, -0.7064734697341919, 0.47893577814102173, 0.24943503737449646, 0.3447030186653137, -0.018743813037872314, 1.3587287664413452, 0.06330949813127518, -0.9261736869812012, -1.6562644243240356, 0.2042778581380844, 0.2624279260635376, 0.8925216794013977, 0.9960598945617676, -0.3383859395980835, -0.8445193767547607, -0.8531001806259155, -0.7089115977287292, 0.2824276089668274, -2.8041858673095703, -0.033394116908311844, 3.358027696609497, 0.841217041015625, 1.0736478567123413, -1.3756320476531982, 0.6602820158004761, -0.1988641917705536, -1.7034684419631958, 1.3832765817642212, 0.5437660217285156, -0.8426767587661743, -0.042905256152153015, -0.15446709096431732, 0.688241183757782, -0.5529256463050842, -0.31805962324142456, -0.4178289473056793, -0.3116312026977539, -1.556432843208313, 0.6264428496360779, -0.17360137403011322, -0.00841878354549408, 1.5629578828811646, 0.5097951292991638, 0.6864751577377319, 0.6925397515296936, 1.5432342290878296, -0.4863789677619934, 2.0793797969818115, -0.4952545464038849, -0.22570371627807617, 0.7369207739830017, 1.7520394325256348, -1.5415858030319214, -0.8054084181785583, -0.2107541859149933, -0.8895690441131592, 1.491767406463623, 0.605657696723938, -1.0117876529693604, 0.5977898836135864, 2.2140307426452637, -0.934866726398468, 0.8189334869384766, -0.10264748334884644]",yunet,Facenet,1920,1080,/home/amos/media/tv/modern_family/Modern.Family.S09.1080p.DSNP.WEB-DL.DDP5.1.H.264-CRFW/Modern.Family.S09E21.The.Escape.1080p.DSNP.WEB-DL.DDP5.1.H.264-CRFW.mkv,Modern Family,2009,1442437,9,21,Ashleigh Crystal Hairston,3001558.0,0.716
798,1176,150,1368,408,1290,252,1212,252,0.928,17328,1,"[-0.8940237760543823, 0.8222267627716064, 0.2307451218366623, -1.0910426378250122, 2.1965246200561523, -1.4077049493789673, -0.3283202648162842, 0.4715368151664734, 0.08520665764808655, -0.9679530262947083, 1.806161642074585, 1.3709772825241089, 1.140783429145813, -1.35557222366333, 1.2638230323791504, 1.4038441181182861, -0.1681802123785019, -0.03912736475467682, -0.9120023846626282, 0.8338392972946167, -0.28496402502059937, 0.3108111023902893, 0.3324780762195587, 1.4790315628051758, -1.4289976358413696, 2.10207462310791, -1.9003455638885498, 0.7358494997024536, -0.015454590320587158, -1.7777479887008667, 0.3636084794998169, -0.5569294691085815, -1.715879201889038, 0.09123571962118149, 0.2585753798484802, 1.6756869554519653, -1.3232206106185913, 0.16294851899147034, 1.3112869262695312, 0.09435202926397324, -1.137277364730835, 1.0165274143218994, 0.8814587593078613, -0.21522019803524017, -1.7136367559432983, 0.520200252532959, 0.019518543034791946, -1.2173539400100708, -1.7752529382705688, 1.2721165418624878, 0.08625056594610214, -1.541640281677246, -0.9049627184867859, 1.531615972518921, -0.09903000295162201, -1.313044548034668, 1.34482741355896, -1.0584982633590698, -1.3392372131347656, 0.9150949716567993, -0.0769907608628273, -1.3997799158096313, 0.2902333736419678, -0.6786801218986511, 0.41228634119033813, -1.7190625667572021, -0.6451636552810669, -0.9644041657447815, 0.4237355589866638, 1.91382896900177, 0.0467812642455101, 2.193164110183716, -2.665929079055786, 2.1398942470550537, 1.2120184898376465, 0.5537041425704956, -0.7913391590118408, 0.36035215854644775, -0.25354355573654175, 0.6319164633750916, -0.12601163983345032, -0.570852518081665, -0.5241615772247314, -1.1867644786834717, -0.12438785284757614, 0.7188918590545654, 0.8472819328308105, 0.17841212451457977, -1.116745114326477, -0.3016456961631775, 1.2390373945236206, -1.6322026252746582, 0.008289895951747894, -1.1864433288574219, 0.2822432518005371, -0.23353168368339539, -1.2259595394134521, 0.8464504480361938, 0.646181046962738, -2.7205426692962646, -0.40032416582107544, -1.4714659452438354, -0.9197314977645874, -0.03793063759803772, 1.0697952508926392, -0.8459438681602478, -0.5370669960975647, -0.80176842212677, 0.579331636428833, 0.5273630619049072, 1.713652491569519, -0.47912609577178955, 0.6004136800765991, 0.7858269214630127, 1.095409631729126, 0.28116270899772644, 0.2942882478237152, -0.8389317393302917, 0.37585923075675964, 0.24645115435123444, -0.37618154287338257, -0.15058600902557373, 0.38976532220840454, -1.2257567644119263, -0.8104343414306641, -1.5018845796585083, -1.460752010345459, -0.8491126298904419]",yunet,Facenet,1920,1080,/home/amos/media/tv/modern_family/Modern.Family.S09.1080p.DSNP.WEB-DL.DDP5.1.H.264-CRFW/Modern.Family.S09E21.The.Escape.1080p.DSNP.WEB-DL.DDP5.1.H.264-CRFW.mkv,Modern Family,2009,1442437,9,21,Julie Bowen,31171.0,0.615
799,834,210,1032,480,960,306,870,312,0.926,17352,0,"[-0.6042373180389404, -0.580672025680542, 0.938087522983551, -1.234668254852295, 2.056303024291992, -1.239708423614502, -0.3332788348197937, 1.015621304512024, -0.2819086015224457, -1.4238425493240356, 1.2494691610336304, 0.6185846924781799, 1.679739236831665, -0.06354865431785583, 0.771963357925415, 1.9400391578674316, 0.30587494373321533, 0.6149782538414001, -0.5917933583259583, 0.5183490514755249, -0.5068828463554382, 1.0426840782165527, 0.697242259979248, -0.30032333731651306, 0.0037302589043974876, 2.2349207401275635, -1.2505558729171753, 1.5471190214157104, -0.262797474861145, -1.676072359085083, -0.6594531536102295, 0.18234606087207794, -1.7238800525665283, 0.42938971519470215, 0.7582106590270996, 0.8745055794715881, -0.12151149660348892, 0.21900182962417603, 1.0110231637954712, -0.7848440408706665, -1.7972842454910278, 0.06043794006109238, 0.7062901258468628, -0.8720149397850037, -1.3109326362609863, -0.49047955870628357, -0.0925203487277031, -1.4622809886932373, -0.7657716274261475, 2.145124912261963, -0.2541801929473877, -1.1403801441192627, -1.5360833406448364, 1.0276696681976318, 0.09038577973842621, -1.2624614238739014, 0.671966552734375, -1.0876213312149048, -0.8127394914627075, 1.771268367767334, 0.12581729888916016, -0.8508024215698242, 0.7071607112884521, 0.19148045778274536, -0.15923789143562317, -1.0443906784057617, -1.1720284223556519, -0.7532508373260498, 0.5728915333747864, 2.5209336280822754, 0.3032148480415344, 1.4285898208618164, -1.9928991794586182, 1.9331215620040894, 2.2367706298828125, 0.3008156418800354, -0.47711625695228577, -0.46704643964767456, 0.5095205903053284, 0.9353556632995605, -0.7105947136878967, -0.09875426441431046, -0.22214242815971375, 0.16453933715820312, 1.2223743200302124, 0.5306084156036377, 1.4646947383880615, -1.0266319513320923, -0.9593055248260498, -0.25187593698501587, 0.4557965397834778, -1.1923061609268188, -0.9402305483818054, -2.487563133239746, 0.015256009995937347, 0.32205623388290405, -1.4717833995819092, 1.1151543855667114, 0.42061445116996765, -2.9638803005218506, 0.15993732213974, -0.7998979091644287, -0.7803046703338623, -0.5987378358840942, 1.4380123615264893, 0.3127952814102173, -0.2870175838470459, -1.2434827089309692, 0.13141599297523499, 0.0411284938454628, 2.216895818710327, -0.5471479892730713, 0.26497209072113037, 0.4453001320362091, 2.2217164039611816, -0.20430223643779755, 0.9302455186843872, 0.07991182804107666, -0.5984967947006226, -0.3069135844707489, 1.3454718589782715, -0.12992249429225922, 0.5024976134300232, 0.10157205909490585, -1.3927533626556396, -1.3987371921539307, -1.791919469833374, -0.16367655992507935]",yunet,Facenet,1920,1080,/home/amos/media/tv/modern_family/Modern.Family.S09.1080p.DSNP.WEB-DL.DDP5.1.H.264-CRFW/Modern.Family.S09E21.The.Escape.1080p.DSNP.WEB-DL.DDP5.1.H.264-CRFW.mkv,Modern Family,2009,1442437,9,21,Julie Bowen,31171.0,0.643
800,648,234,858,516,774,342,684,342,0.928,17376,0,"[-1.5955936908721924, -0.04852140694856644, 0.5664413571357727, -0.14178761839866638, 1.768418788909912, -1.207072377204895, -0.7985879778862, 0.52459716796875, -0.23338615894317627, -1.4898555278778076, 2.1679954528808594, 0.7886992692947388, 0.23890046775341034, -1.435072422027588, 0.5155009031295776, 0.5520475506782532, 0.9889565706253052, 0.24655063450336456, -1.094785213470459, 0.7142298221588135, 0.01188398152589798, -0.18893367052078247, 0.3365028202533722, -0.12152693420648575, -1.3764705657958984, 0.9965665340423584, -1.5477709770202637, 0.5168831944465637, -0.14502140879631042, -2.6428563594818115, 0.6525077819824219, -0.37074708938598633, -0.4070794880390167, -0.38935476541519165, 0.023370137438178062, 2.340053081512451, -1.7325236797332764, 0.6536421179771423, 0.5137661695480347, 0.261859655380249, -1.3301995992660522, 0.9445352554321289, 0.8050028085708618, 0.10529009997844696, -1.689844012260437, 0.35576802492141724, 0.3703041970729828, -0.8568857908248901, -2.4749867916107178, 0.46124979853630066, 0.5028847455978394, -1.2272312641143799, -1.0125397443771362, 1.4181157350540161, 0.5732537508010864, -0.4074818789958954, 1.0610153675079346, -0.393824964761734, -2.060856819152832, 0.48384347558021545, 0.5266826748847961, -1.889417290687561, -0.513343334197998, -0.3703099191188812, 0.7392253279685974, -2.0802290439605713, -0.5929498672485352, -0.42292025685310364, -0.41304272413253784, 1.211037039756775, -0.5762709975242615, 1.1234889030456543, -3.146519899368286, 1.3322513103485107, 2.412895917892456, 1.8640366792678833, -0.32566899061203003, 0.7407243251800537, -0.750281572341919, 0.8756630420684814, 0.3706056773662567, 0.1934492290019989, -0.7825976610183716, -1.2515300512313843, -0.2991819381713867, 0.9924741983413696, 0.9155359268188477, -0.04278203845024109, -1.606192708015442, -0.5753517746925354, 0.2913534939289093, -1.349315881729126, 0.44676730036735535, -1.3017425537109375, 0.029168229550123215, -0.7412010431289673, -2.1602742671966553, 0.5022445917129517, 1.1006698608398438, -2.0034570693969727, -0.6800598502159119, -1.1054750680923462, -1.0635005235671997, -0.18245698511600494, 1.904409408569336, -1.5613558292388916, -0.14023835957050323, -0.6856018304824829, 1.056826114654541, -0.6162955164909363, 0.754135012626648, -0.007269769906997681, 0.15169520676136017, 0.795495331287384, -0.17330551147460938, 0.4906812608242035, -0.1031365767121315, -0.40940964221954346, -0.0960451140999794, 0.8729264736175537, -1.0060173273086548, -0.5723316669464111, 0.03710668161511421, -0.3521394729614258, 0.42869311571121216, -0.9202437400817871, -1.9783594608306885, 0.8224354982376099]",yunet,Facenet,1920,1080,/home/amos/media/tv/modern_family/Modern.Family.S09.1080p.DSNP.WEB-DL.DDP5.1.H.264-CRFW/Modern.Family.S09E21.The.Escape.1080p.DSNP.WEB-DL.DDP5.1.H.264-CRFW.mkv,Modern Family,2009,1442437,9,21,Julie Bowen,31171.0,0.677
801,1110,84,1338,390,1194,198,1128,192,0.921,17376,1,"[-1.038312554359436, -0.7927008867263794, -1.0242202281951904, -1.0321300029754639, 1.0564627647399902, 0.6815637946128845, -0.06831149756908417, -1.0566266775131226, 3.0427308082580566, -0.4186452627182007, 1.685923457145691, -2.4073984622955322, -1.3782840967178345, -1.2640714645385742, -1.1903172731399536, 1.7428194284439087, 0.4775296449661255, 0.255046546459198, -0.32988399267196655, -0.5818793773651123, 1.0988349914550781, 1.2051832675933838, 1.4994585514068604, 0.31317856907844543, 0.3680229187011719, 1.9911659955978394, 1.208666443824768, -2.6556906700134277, 2.2145938873291016, -0.3202586770057678, -0.3112645447254181, 0.3326810300350189, 0.8026512861251831, 0.5016757845878601, 1.988327145576477, 1.338253140449524, 0.9191598892211914, 1.2502411603927612, 0.43583688139915466, -1.1866791248321533, 0.011073317378759384, -0.1639988124370575, -1.0256421566009521, -1.1001585721969604, -0.2999476492404938, -1.3672151565551758, -1.2552069425582886, -0.405504435300827, -0.06625152379274368, 0.40428200364112854, 0.33844268321990967, -0.3255614936351776, -1.0332512855529785, 1.054697871208191, -0.5316390991210938, -0.09286791831254959, 1.9134767055511475, -0.19631710648536682, -1.2996106147766113, -1.0450148582458496, 0.0395769402384758, -0.4402490258216858, -0.3118136525154114, 1.7753263711929321, 0.07186989486217499, 1.6452932357788086, 1.6879515647888184, 1.0715513229370117, 1.0608998537063599, -1.5083050727844238, -0.6011644005775452, -0.416652113199234, -2.1596179008483887, -0.17837202548980713, 1.1927385330200195, -0.06218310818076134, -1.3798693418502808, -0.9939063787460327, -1.0926035642623901, -2.1772751808166504, -1.541953682899475, 1.7475823163986206, 0.13009607791900635, -0.4119902551174164, -0.9094346761703491, 0.3766714632511139, 0.14455851912498474, 1.2467037439346313, -1.0770509243011475, -0.4675385355949402, -0.7120510935783386, 0.035580478608608246, 1.8529900312423706, 0.37226393818855286, -0.20463520288467407, 1.1636606454849243, -2.0822532176971436, 0.16726624965667725, -0.5885004997253418, -0.5340738892555237, -0.3442124128341675, -0.7244743704795837, -1.0958266258239746, 0.013112900778651237, 0.8031753301620483, 1.113733172416687, -0.9626903533935547, 0.3152860999107361, 0.5435874462127686, -1.3077727556228638, 0.4186864495277405, -0.7700324654579163, 1.1308283805847168, 0.26979532837867737, -0.6374629735946655, 0.7583116292953491, 0.19057555496692657, -1.707555890083313, -0.6846651434898376, 1.3838741779327393, -0.23244701325893402, 0.393073707818985, 1.2105878591537476, -1.6541574001312256, 0.8189015984535217, 0.41843709349632263, 1.0283411741256714, -0.658604621887207]",yunet,Facenet,1920,1080,/home/amos/media/tv/modern_family/Modern.Family.S09.1080p.DSNP.WEB-DL.DDP5.1.H.264-CRFW/Modern.Family.S09E21.The.Escape.1080p.DSNP.WEB-DL.DDP5.1.H.264-CRFW.mkv,Modern Family,2009,1442437,9,21,Jesse Tyler Ferguson,204815.0,0.722
802,594,252,882,624,822,432,702,426,0.903,17424,0,"[0.045928001403808594, -1.312846064567566, 1.024577021598816, 0.7005885243415833, 0.20362861454486847, -0.5935647487640381, -1.5162895917892456, 0.9428052306175232, 0.05632471293210983, -0.3991401195526123, -0.6057361960411072, 0.8061561584472656, -2.1805102825164795, 1.4559491872787476, -0.31076520681381226, -1.5248061418533325, 2.474341630935669, 1.1185821294784546, -0.2385958731174469, -0.4222593307495117, -1.8533935546875, -0.9214697480201721, -0.5137888789176941, -0.029597893357276917, 1.502345323562622, -1.8704981803894043, 0.04570455104112625, 2.3535866737365723, 1.1846035718917847, -0.2758479118347168, -0.15852299332618713, 1.9670155048370361, -1.2633416652679443, -0.27216801047325134, -1.4491416215896606, 0.818576991558075, 0.45002859830856323, 1.1696730852127075, -1.759984016418457, 1.1190831661224365, -0.4596808850765228, -0.49752768874168396, -0.28299009799957275, 1.451627254486084, 0.5177173614501953, 0.42382246255874634, -0.5240112543106079, -1.2040351629257202, 0.0839807391166687, 0.22237615287303925, 0.4893531799316406, -0.9130944013595581, 0.5163086652755737, -0.03326071426272392, 0.4075698256492615, 0.13462479412555695, -1.6915090084075928, -0.3880983591079712, -0.47273415327072144, 0.08400940150022507, -0.6891030073165894, 1.1113518476486206, -0.7481527328491211, -0.4375127851963043, -0.14253833889961243, 2.8769848346710205, 0.24514615535736084, 2.167752742767334, 1.0492324829101562, -0.9632055759429932, -1.3440309762954712, 0.17833080887794495, 1.0307414531707764, 0.7087329030036926, 0.12388615310192108, 1.9782283306121826, -0.21288833022117615, -1.020784616470337, -0.5364293456077576, 1.8758066892623901, -0.42510175704956055, 1.6564476490020752, -0.8545486927032471, -0.3083363175392151, -0.6543623805046082, 0.2893601953983307, 0.2952704429626465, 0.03050798922777176, 0.3451516330242157, 2.4258077144622803, 1.0259816646575928, 0.3206244111061096, -1.5672916173934937, -0.9808552861213684, -0.6484757661819458, 0.3111695945262909, 0.1198926568031311, 0.2823067009449005, 1.576305866241455, 1.4522072076797485, -1.2492806911468506, 1.1671996116638184, -0.23473167419433594, -2.644106149673462, 0.0869770422577858, -0.34670013189315796, 0.07690690457820892, 0.02119246870279312, 1.4844084978103638, -1.8383352756500244, -0.7398315072059631, 0.4279472827911377, -0.635796308517456, -2.3609447479248047, 0.6282613277435303, 1.035272240638733, 0.24814724922180176, 0.9633937478065491, 0.2204855978488922, -0.5584361553192139, -0.3094947338104248, 0.19442807137966156, 0.10771463811397552, -0.8912919163703918, 0.7821543216705322, 0.7100222110748291, -0.3449802100658417, -0.1624826192855835]",yunet,Facenet,1920,1080,/home/amos/media/tv/modern_family/Modern.Family.S09.1080p.DSNP.WEB-DL.DDP5.1.H.264-CRFW/Modern.Family.S09E21.The.Escape.1080p.DSNP.WEB-DL.DDP5.1.H.264-CRFW.mkv,Modern Family,2009,1442437,9,21,Ed O'Neill,18977.0,0.643
803,642,192,858,522,756,318,660,318,0.925,17448,0,"[-0.5000894069671631, 0.7764519453048706, 0.5238219499588013, -0.573993980884552, 0.9889254570007324, -1.5820268392562866, 0.18254394829273224, 1.5215436220169067, 0.22099828720092773, -0.5162962675094604, 0.10772056132555008, 0.2942602038383484, 0.018530666828155518, 0.2174447774887085, 0.15896907448768616, 0.9612028002738953, 0.04416298866271973, -0.9711360931396484, -1.328456163406372, -0.5533026456832886, -0.453462153673172, 1.4014415740966797, -0.9521852135658264, 0.5960982441902161, -0.8030890226364136, 1.2462877035140991, -1.8498690128326416, -0.22192725539207458, 0.7815006971359253, -1.3932454586029053, 0.32411372661590576, -0.9690691828727722, -1.023072600364685, -1.883667230606079, 0.7086173295974731, 0.2562329173088074, -1.1867762804031372, 0.9398683905601501, 1.4400782585144043, -1.0485024452209473, -1.849602460861206, 0.7580531239509583, 0.23464718461036682, -1.3383289575576782, -0.03461401164531708, 1.49110746383667, -0.26632073521614075, -0.04503077268600464, -2.095029830932617, 1.4779859781265259, -0.35900264978408813, -0.21673469245433807, -0.3456393778324127, 0.6778093576431274, -1.6416070461273193, -0.8234389424324036, 2.5753636360168457, -0.7618473768234253, -1.6572363376617432, 1.0125538110733032, -0.32441338896751404, -0.641686737537384, -0.35334280133247375, 0.6569596529006958, 0.5989774465560913, -1.6469992399215698, 0.6110824942588806, -2.118924617767334, 0.20389702916145325, 1.6063039302825928, 1.2027733325958252, 1.9730114936828613, -3.251201629638672, 1.3028497695922852, 1.0924923419952393, -1.4418976306915283, -0.20480883121490479, 0.32154443860054016, 0.4047343134880066, 0.631003737449646, 0.4312615692615509, -1.2171623706817627, 0.6209931373596191, -2.014188289642334, -0.5479168891906738, 0.11852718889713287, 0.930754542350769, -1.209533929824829, -1.4233428239822388, -1.367951512336731, 0.4687435030937195, -0.9278967380523682, 0.03253151848912239, -0.394386887550354, 0.46167996525764465, -0.23619981110095978, -0.38570737838745117, 2.0226845741271973, 0.402760773897171, -2.189760208129883, -0.3930891752243042, -0.6757091879844666, -0.13175265491008759, 0.8282807469367981, 1.2329297065734863, -0.07301701605319977, -0.9011062979698181, -0.9375672340393066, 0.20746108889579773, 1.7844552993774414, 0.5939000248908997, -0.7727388739585876, 0.6382975578308105, 1.543159008026123, -0.6304269433021545, -0.6177489757537842, 0.7613298892974854, 0.2032393515110016, -1.6696466207504272, -0.35620570182800293, 0.01778149977326393, 0.21406948566436768, -0.6392748951911926, 0.027524197474122047, -0.9454165697097778, -0.39887863397598267, -2.4828999042510986, -1.2646310329437256]",yunet,Facenet,1920,1080,/home/amos/media/tv/modern_family/Modern.Family.S09.1080p.DSNP.WEB-DL.DDP5.1.H.264-CRFW/Modern.Family.S09E21.The.Escape.1080p.DSNP.WEB-DL.DDP5.1.H.264-CRFW.mkv,Modern Family,2009,1442437,9,21,Julie Bowen,31171.0,0.582
804,570,222,816,552,738,342,612,336,0.925,17472,0,"[-0.35913828015327454, 0.11009378731250763, 2.1249849796295166, -1.5594513416290283, 0.4019457995891571, -1.159636378288269, -1.360145092010498, -0.18155747652053833, 1.0190727710723877, 0.16427548229694366, -0.6986129879951477, -0.24173934757709503, -1.5329465866088867, -0.5143736600875854, -0.1831093430519104, -0.4600161910057068, -0.27424857020378113, -0.6737601161003113, -0.3583539128303528, -0.5759447813034058, 1.1238008737564087, -0.31497785449028015, -0.3994707465171814, 0.1012796089053154, -1.4108062982559204, 1.2508394718170166, -1.2713398933410645, -0.7912957668304443, 0.2865433096885681, -1.1125752925872803, 0.659936785697937, -0.16251356899738312, 0.486704558134079, -2.0882482528686523, -0.44788020849227905, 1.731884241104126, -1.9386104345321655, 0.05991097539663315, 1.2700073719024658, -0.551650881767273, -1.8865522146224976, 0.0030938731506466866, -0.4474842846393585, -0.5688313245773315, 0.09372994303703308, 2.3175394535064697, -0.0793205201625824, 1.2983038425445557, -2.9619288444519043, 0.4112633764743805, 0.8782128095626831, -0.9356212019920349, -0.7432328462600708, 0.834343433380127, -0.3876113295555115, -1.2512836456298828, 1.1605212688446045, -1.0743985176086426, -0.709385871887207, 2.168095827102661, 0.6395013332366943, -2.3264243602752686, -1.5660918951034546, -0.46652305126190186, 1.341919183731079, -1.5590068101882935, 0.5616797208786011, -1.8242989778518677, 0.4805840849876404, 1.4053468704223633, -1.308081030845642, 0.5293047428131104, -2.0635929107666016, -0.28198379278182983, 1.0071325302124023, 0.11255016922950745, -0.13785937428474426, -0.5829282402992249, 0.05914381891489029, 0.20830993354320526, -0.15638571977615356, -0.9246021509170532, 1.3851467370986938, -0.6783698797225952, -1.4044820070266724, -0.46992048621177673, 0.8527305722236633, -1.235941767692566, 0.12628492712974548, -0.5603368878364563, -0.005247838795185089, 0.08511325716972351, -0.064311683177948, -1.0020794868469238, 0.6276867985725403, 0.07582192867994308, -1.4972506761550903, 1.2479432821273804, -0.24572792649269104, -1.6743050813674927, 0.6599308252334595, -1.7168101072311401, -0.8343846201896667, 0.49759891629219055, 0.7000858187675476, -1.1343778371810913, -1.3453110456466675, 0.7331335544586182, 1.735084056854248, 0.33232223987579346, -0.010839133523404598, -2.548521041870117, -1.2777217626571655, 1.5530176162719727, 0.057980313897132874, 0.07856275141239166, 0.40206342935562134, 0.17491233348846436, -0.7730909585952759, -0.10839864611625671, 0.028287172317504883, -0.7686882019042969, -2.1758229732513428, 0.6986958980560303, 0.3707759976387024, -1.4192007780075073, -1.385400414466858, -0.38718751072883606]",yunet,Facenet,1920,1080,/home/amos/media/tv/modern_family/Modern.Family.S09.1080p.DSNP.WEB-DL.DDP5.1.H.264-CRFW/Modern.Family.S09E21.The.Escape.1080p.DSNP.WEB-DL.DDP5.1.H.264-CRFW.mkv,Modern Family,2009,1442437,9,21,Julie Bowen,31171.0,0.52
805,618,210,846,540,726,342,636,336,0.918,17496,0,"[0.9157887697219849, 1.3264626264572144, -0.4094630479812622, -0.0798642635345459, -0.7154824137687683, -2.2867558002471924, -1.2090070247650146, 0.2445289045572281, 0.33224570751190186, -0.3427843749523163, 1.015681505203247, 0.46089720726013184, -0.0838479995727539, 0.035809509456157684, -0.3685087561607361, 0.1163492500782013, 1.5317070484161377, 0.2721964120864868, -1.1594784259796143, 1.661321997642517, -0.06097595766186714, 1.1941282749176025, 0.5294056534767151, 1.0277469158172607, 0.5404379963874817, 1.2164417505264282, -1.9902634620666504, 0.2288178652524948, 0.39366114139556885, -3.1630783081054688, 0.8960835933685303, 0.009861383587121964, -0.6338586807250977, -0.12340601533651352, 0.02114127017557621, 0.493019700050354, -0.8161599040031433, 1.1890333890914917, 1.761687994003296, 0.08147622644901276, -3.135789632797241, 1.3280212879180908, 1.6363632678985596, -2.0588154792785645, 0.06370675563812256, 1.0351279973983765, -1.0418365001678467, 0.3748413324356079, -1.5220105648040771, 0.83805251121521, 2.033792495727539, -1.9146862030029297, -1.0155657529830933, 0.6807833313941956, -1.0190870761871338, -0.5975602865219116, 1.7030508518218994, 0.03746529296040535, -2.750765323638916, 0.1152062937617302, 0.6759889125823975, -0.4061005711555481, -1.1846002340316772, 0.15000183880329132, 0.7783275842666626, -2.0374648571014404, 0.7038906216621399, -2.178332805633545, -0.25944608449935913, 0.7320541143417358, 0.7061960101127625, 1.0905778408050537, -1.768506646156311, 0.7293904423713684, 1.5230289697647095, -1.6672570705413818, 1.0615204572677612, -0.35543274879455566, 0.254148930311203, -0.6786357164382935, 1.1640667915344238, -0.4502556025981903, 0.8805381059646606, -0.9409230947494507, -2.012644052505493, 1.7651398181915283, 0.9235976934432983, -1.81294584274292, -0.728113055229187, -1.665092945098877, 0.5190331339836121, -0.800366997718811, 0.10175423324108124, -0.21291425824165344, 1.5050225257873535, -1.1413849592208862, -0.1373673379421234, 1.59004545211792, -0.14851625263690948, -2.3284811973571777, 0.19537900388240814, -0.17447872459888458, 0.24526794254779816, 0.012033453211188316, 0.7882474064826965, -0.8984710574150085, -0.1408560872077942, -1.0096925497055054, -0.37641897797584534, -0.2229301482439041, 0.15810608863830566, 0.13846465945243835, 0.1676216423511505, 1.1618726253509521, -0.07852315157651901, 0.11281885206699371, -0.5930641889572144, 0.614532470703125, -0.7316182255744934, 0.3690115809440613, -1.9852945804595947, -0.32222750782966614, -0.023817099630832672, 0.08385999500751495, 0.1475907564163208, -0.5913472771644592, -2.0008833408355713, -0.47468480467796326]",yunet,Facenet,1920,1080,/home/amos/media/tv/modern_family/Modern.Family.S09.1080p.DSNP.WEB-DL.DDP5.1.H.264-CRFW/Modern.Family.S09E21.The.Escape.1080p.DSNP.WEB-DL.DDP5.1.H.264-CRFW.mkv,Modern Family,2009,1442437,9,21,,,
806,1188,96,1440,444,1278,222,1206,222,0.911,17496,1,"[-0.3236442506313324, -0.7942278385162354, -0.5572848916053772, -1.59932541847229, 1.241458773612976, 1.58511221408844, 0.09809412062168121, -1.1672872304916382, 2.7033615112304688, 0.27803951501846313, 0.8691233396530151, -2.7172482013702393, -1.858361840248108, -0.5659766793251038, -1.172154426574707, 1.1080694198608398, 0.100801482796669, -0.3664265275001526, -0.18583345413208008, -0.9590126276016235, 1.9516464471817017, 1.432145118713379, 1.5079833269119263, -0.13106092810630798, 0.41181349754333496, 1.7768776416778564, 1.1387054920196533, -2.8699698448181152, 1.6336034536361694, -0.26776695251464844, 0.07858426123857498, 0.562419056892395, 1.4678170680999756, -0.5167236924171448, 1.83968186378479, 1.4973264932632446, 0.566236138343811, 1.4556432962417603, 0.2027776837348938, -1.2389392852783203, -0.38883981108665466, -0.4551868736743927, -1.7112118005752563, -1.9141795635223389, -0.33946138620376587, -0.6911013126373291, -1.7082172632217407, 0.5847952365875244, -0.5644963383674622, 0.5616674423217773, 0.2864999771118164, -0.4700770080089569, -0.6885664463043213, 0.4227185845375061, -0.44428226351737976, 0.09263341873884201, 1.9908407926559448, -0.8120564222335815, -1.2126332521438599, -1.9202042818069458, -0.6224939227104187, -0.17196360230445862, -0.6331402659416199, 1.9032231569290161, -0.4632854461669922, 0.7779977321624756, 1.8831536769866943, 0.6797981858253479, 1.306693196296692, -1.1392574310302734, -0.7374903559684753, -0.6289476156234741, -1.8702080249786377, -1.018039584159851, 0.8395383358001709, -0.2588987648487091, -1.4019412994384766, -1.3291841745376587, -1.7523555755615234, -1.709887981414795, -1.6123898029327393, 1.1762189865112305, 0.19157245755195618, -0.03884446993470192, -0.03331521898508072, 0.7024294137954712, 0.6506338715553284, 1.5311038494110107, 0.2317696213722229, -0.25027570128440857, -0.4697476923465729, 0.32210829854011536, 2.4214372634887695, 0.9850021600723267, 0.2913794219493866, 1.5399394035339355, -1.1785459518432617, 0.10137009620666504, -0.37895479798316956, -0.42518579959869385, -0.05394376441836357, -0.695802628993988, -0.7680423259735107, -0.8562678694725037, 0.7197462916374207, 0.21525566279888153, -0.7344407439231873, 1.0931520462036133, 2.1120920181274414, -0.8060078620910645, -0.4495546221733093, -1.3548133373260498, 0.025541264563798904, 1.0738327503204346, -0.6968062520027161, 0.7749958038330078, 0.4069044888019562, -0.7403479218482971, -0.8743345737457275, 0.5022976398468018, -0.16305552423000336, 0.9621149301528931, 0.5660746693611145, -1.2284544706344604, 1.5247538089752197, -0.022861503064632416, 0.4008888006210327, -0.41666746139526367]",yunet,Facenet,1920,1080,/home/amos/media/tv/modern_family/Modern.Family.S09.1080p.DSNP.WEB-DL.DDP5.1.H.264-CRFW/Modern.Family.S09E21.The.Escape.1080p.DSNP.WEB-DL.DDP5.1.H.264-CRFW.mkv,Modern Family,2009,1442437,9,21,Jesse Tyler Ferguson,204815.0,0.629
807,618,192,882,552,822,354,702,348,0.912,17520,0,"[0.4275694787502289, -1.215901255607605, 1.2600064277648926, 0.629543662071228, 0.894325852394104, -0.3181227147579193, -0.770765483379364, -0.037777822464704514, 0.7801663279533386, -0.36118802428245544, -0.44618067145347595, 0.21983236074447632, -2.8330140113830566, 1.0246658325195312, 0.09271331131458282, -1.0839368104934692, 1.6913820505142212, 0.9197430610656738, 0.1974727362394333, -0.7347830533981323, -2.361086368560791, -1.2208709716796875, -0.1353076696395874, 0.3483674228191376, 1.607675313949585, -0.9913063645362854, 0.8071696758270264, 1.9133723974227905, 0.7329314351081848, 0.2267310470342636, -0.7074567079544067, 1.2456963062286377, -2.5612220764160156, 1.0344449281692505, -1.4383220672607422, 1.1805195808410645, 0.1116725280880928, 1.589861273765564, -0.5083486437797546, 1.9572365283966064, -0.12879367172718048, -1.3990987539291382, -0.13615620136260986, 1.2890255451202393, 0.5007039904594421, -0.3436882793903351, -1.5005704164505005, -0.46187496185302734, 0.1405174881219864, -0.5221641063690186, 0.2519192695617676, -0.840049684047699, 0.7544155120849609, 1.172184705734253, -0.1963365375995636, -0.5029851198196411, -0.5128135085105896, 0.138301283121109, -1.3101084232330322, -0.24968990683555603, -1.6665631532669067, 0.1017570048570633, -0.7465158104896545, -0.4872959554195404, -0.2503068447113037, 2.655895233154297, 0.16149139404296875, 1.42726469039917, -0.35152319073677063, -0.672652006149292, -0.7359997630119324, -0.13188418745994568, 1.6244471073150635, 1.100608229637146, -0.3611198365688324, 1.5235623121261597, -0.13391534984111786, -0.06471143662929535, -0.8939996361732483, 2.105452060699463, -0.7926228642463684, 1.2645477056503296, -0.5231710076332092, -0.8551681637763977, -1.7131550312042236, 0.3825121223926544, 0.6095460057258606, 0.08732916414737701, 0.3820681571960449, 2.021606683731079, 1.4120490550994873, -0.3299420177936554, -1.268118143081665, -1.5176485776901245, -0.246626615524292, -0.2854304611682892, -0.7826014161109924, -0.23504820466041565, 0.7255620360374451, 1.2564486265182495, -0.8827006816864014, 0.8848488926887512, -0.7845475077629089, -1.8924899101257324, 0.24360531568527222, 0.19993415474891663, -0.26736173033714294, -1.5083842277526855, 1.39141845703125, -2.0861098766326904, -0.14043758809566498, 0.2610374093055725, -0.272352397441864, -2.4405665397644043, 1.252469778060913, 0.6831815242767334, -0.4359411299228668, 1.0537807941436768, 0.9279022216796875, -0.08318844437599182, -1.115910530090332, 0.049724601209163666, 0.792696475982666, -1.454664707183838, 0.3518049120903015, 1.5807926654815674, 1.1774874925613403, 0.49625256657600403]",yunet,Facenet,1920,1080,/home/amos/media/tv/modern_family/Modern.Family.S09.1080p.DSNP.WEB-DL.DDP5.1.H.264-CRFW/Modern.Family.S09E21.The.Escape.1080p.DSNP.WEB-DL.DDP5.1.H.264-CRFW.mkv,Modern Family,2009,1442437,9,21,Ed O'Neill,18977.0,0.611
808,408,144,702,516,624,312,486,318,0.902,17544,0,"[1.1211738586425781, -0.6863664388656616, 1.1332844495773315, 0.5189639925956726, 0.6923460364341736, -0.1222236156463623, -0.724524199962616, 0.5856406688690186, 0.5694049596786499, -0.3541981875896454, -0.3704546093940735, 0.1166745126247406, -2.228811740875244, 0.9498409032821655, -0.1275017112493515, -1.052940845489502, 2.65453839302063, 0.2962995171546936, -0.061153411865234375, -0.22298792004585266, -1.9384173154830933, -1.1446911096572876, -0.30118775367736816, 0.7855541110038757, 1.7630633115768433, -1.2065521478652954, 0.6753383874893188, 2.420175552368164, 0.6199591755867004, -0.19038543105125427, -0.8304773569107056, 1.7190423011779785, -2.5635781288146973, 0.9629647731781006, -1.7074466943740845, 0.9760734438896179, 0.35937070846557617, 1.2547447681427002, -0.9351449608802795, 1.872172474861145, -0.5187395215034485, -1.3903311491012573, 0.10983285307884216, 1.1391866207122803, 0.32815638184547424, 0.17380918562412262, -0.7031208872795105, -0.5395318269729614, 0.12880174815654755, -0.04293607920408249, 0.1374206244945526, -0.5231846570968628, 0.7473344802856445, 0.7523494362831116, -0.2087908387184143, 0.06095381826162338, -0.7062833309173584, -0.4299488067626953, -0.49679678678512573, 0.684441328048706, -2.002690076828003, 0.7766001224517822, -0.3692947328090668, 0.2406764179468155, 0.5021704435348511, 2.015822172164917, 0.18004488945007324, 1.552181363105774, 0.3673551380634308, -0.9488284587860107, -1.0293253660202026, -0.18682435154914856, 1.173179030418396, 1.122618317604065, 0.04093325138092041, 1.8377394676208496, -0.4321224093437195, -0.8209931254386902, -0.8429303169250488, 1.5405988693237305, -0.15632662177085876, 1.5149093866348267, -0.31379014253616333, -1.2715007066726685, -0.6096049547195435, 0.4027227759361267, 0.4014081358909607, 0.02100910246372223, 0.240663081407547, 2.1591315269470215, 1.1045695543289185, -0.17108604311943054, -1.121272325515747, -1.8921012878417969, 0.03502175211906433, 0.22353342175483704, -0.5749649405479431, -0.49611520767211914, 1.0260562896728516, 1.7501885890960693, -0.8445542454719543, 0.9536543488502502, -0.7553855180740356, -2.1574244499206543, -0.912376880645752, 0.013669837266206741, -0.27635130286216736, -0.6944085359573364, 1.5006705522537231, -2.584571361541748, -0.6360611319541931, 0.3665776252746582, -0.4561861455440521, -2.3127779960632324, 1.1470279693603516, 0.3538450598716736, -0.1287441849708557, 1.4881789684295654, 1.1568440198898315, -0.059958282858133316, 0.07378440350294113, -0.22538037598133087, 0.7324987649917603, -1.6858652830123901, 0.13499730825424194, 1.2781234979629517, 1.262965202331543, 0.13724105060100555]",yunet,Facenet,1920,1080,/home/amos/media/tv/modern_family/Modern.Family.S09.1080p.DSNP.WEB-DL.DDP5.1.H.264-CRFW/Modern.Family.S09E21.The.Escape.1080p.DSNP.WEB-DL.DDP5.1.H.264-CRFW.mkv,Modern Family,2009,1442437,9,21,Ed O'Neill,18977.0,0.645
809,564,258,816,588,756,396,636,396,0.932,17592,0,"[-2.1015992164611816, -1.1642439365386963, 1.4699019193649292, -1.7059459686279297, 0.2549821734428406, -2.3584885597229004, -2.103600025177002, -0.7711431384086609, 0.6002973914146423, -0.43539273738861084, -0.06072327867150307, 1.392598271369934, -0.9159712195396423, 0.023837193846702576, 0.4178938865661621, 0.33303070068359375, -0.6808450222015381, 0.14993485808372498, -1.620745062828064, -0.8880770206451416, 0.42028769850730896, -1.2759124040603638, -0.545751690864563, -0.09709224849939346, -1.0983610153198242, -0.2787756025791168, -1.336611032485962, -0.45616424083709717, 0.5618909001350403, -1.635767936706543, 0.5373826026916504, -1.3502098321914673, 1.0141128301620483, -0.8158788084983826, -0.8661285042762756, 2.420135021209717, -1.7111485004425049, -0.08780225366353989, 0.5857669711112976, -1.3829536437988281, -0.8473820090293884, -0.08970517665147781, -0.4603034555912018, -0.8439549207687378, -1.2065764665603638, 0.1666584014892578, -1.3709006309509277, 0.04723690450191498, -2.0582799911499023, -0.4572508931159973, 0.5371620059013367, -2.4049975872039795, -0.4480230510234833, 0.3672803044319153, 0.4077106714248657, -1.5031566619873047, 0.11623719334602356, -0.9286117553710938, -0.4732682704925537, 0.8956138491630554, -0.06681334227323532, -1.5593836307525635, -1.9988189935684204, -0.12694767117500305, 1.0570088624954224, -0.346759557723999, -0.19387388229370117, -1.3055548667907715, 0.5241363644599915, 1.8144937753677368, -0.42129451036453247, 0.6681119203567505, -1.8559061288833618, -0.38384103775024414, 1.8101580142974854, -0.049663033336400986, 0.49589410424232483, -0.1570570319890976, 0.8970047831535339, 0.046941474080085754, -0.43316730856895447, -0.860154390335083, -0.40772461891174316, -0.6252107620239258, -0.8780665397644043, 0.37015047669410706, -0.12862277030944824, 0.019411727786064148, -1.2223020792007446, 0.6426501870155334, 1.5631378889083862, -0.563444972038269, 0.023958873003721237, -0.8376139402389526, -0.45638537406921387, -0.12671220302581787, -1.0757300853729248, 2.14438796043396, 0.8971826434135437, -1.0465492010116577, -0.22926855087280273, -1.1132115125656128, 0.1301795244216919, 0.749779999256134, 1.949774980545044, -0.5712448358535767, -0.1924508661031723, -0.9658681154251099, -0.5559436082839966, 0.6762890219688416, 1.132598638534546, -0.5088322758674622, -1.0609010457992554, 0.11739138513803482, 0.6201214790344238, -0.0037272125482559204, 0.9432225227355957, 0.5960390567779541, -0.9214353561401367, 0.6581562757492065, -0.3510282635688782, -1.237223505973816, -0.43766725063323975, 0.27312642335891724, 0.09075313061475754, -1.1851871013641357, -1.1196047067642212, 1.2515958547592163]",yunet,Facenet,1920,1080,/home/amos/media/tv/modern_family/Modern.Family.S09.1080p.DSNP.WEB-DL.DDP5.1.H.264-CRFW/Modern.Family.S09E21.The.Escape.1080p.DSNP.WEB-DL.DDP5.1.H.264-CRFW.mkv,Modern Family,2009,1442437,9,21,Julie Bowen,31171.0,0.708
810,1164,156,1458,546,1290,306,1200,306,0.901,17592,1,"[-0.8067713975906372, -0.650238037109375, -0.08092853426933289, -1.4880249500274658, 0.9890292882919312, 0.7933191657066345, 0.9355984330177307, -0.2891116440296173, 3.0821914672851562, -0.6035717725753784, 1.3824766874313354, -2.5598487854003906, -0.5660169720649719, -0.4450516700744629, -1.6218575239181519, 1.8143407106399536, -0.6333575248718262, -0.3924335837364197, -0.33483758568763733, -0.29712343215942383, 1.3797122240066528, 2.817417621612549, 0.22698935866355896, -0.40550100803375244, 0.7640934586524963, 1.4158539772033691, 1.2646030187606812, -2.698310375213623, 1.7493795156478882, -0.6533989310264587, -0.31071537733078003, 0.7458946108818054, 1.0253815650939941, 0.23617395758628845, 1.592822551727295, -0.05999331921339035, 1.1544376611709595, 0.3254900574684143, 0.951188862323761, -1.6871452331542969, -0.28867799043655396, -0.3712977170944214, -1.553548812866211, -1.4029885530471802, -0.432689905166626, -1.3046470880508423, -1.6065007448196411, -0.7116681337356567, -0.19211311638355255, 1.47364342212677, -0.39407879114151, 0.365457147359848, -1.4226528406143188, 0.3069673776626587, -1.339568853378296, -0.8490928411483765, 2.5839009284973145, -0.6450781226158142, -2.292764186859131, -1.3026849031448364, -0.045807547867298126, -0.37038111686706543, -0.33174386620521545, 1.4917645454406738, -0.6252357363700867, 0.7855322957038879, 1.9409804344177246, 0.011727609671652317, 0.6326324343681335, -2.3737521171569824, -0.6096270680427551, -1.1561353206634521, -2.2126410007476807, -0.9894902110099792, 1.5243240594863892, -0.8326032757759094, -1.2009327411651611, -0.9932048320770264, -0.5168794393539429, -1.1152839660644531, -1.0036981105804443, 1.2738724946975708, 0.5242301225662231, -0.48590871691703796, 0.0026162490248680115, 0.8127009868621826, 0.2898850739002228, 1.7541966438293457, -0.2699059247970581, 0.03537068888545036, -1.2459282875061035, 0.23009543120861053, 1.734044075012207, 0.44478824734687805, 0.5743555426597595, 1.4485923051834106, -2.2507317066192627, 0.07209452241659164, -0.39377570152282715, -1.1765518188476562, 0.3377918601036072, -0.2719339430332184, -0.806107759475708, -0.8546204566955566, 0.7755652666091919, 1.2806665897369385, -0.7933946847915649, 0.7632249593734741, 0.3333180844783783, -1.0861401557922363, 0.578761637210846, -1.2951107025146484, 1.1724625825881958, 0.2244592010974884, -0.37310725450515747, 0.5305794477462769, 0.6916218996047974, -1.0824260711669922, -1.2282581329345703, 0.9824720621109009, -0.5387529134750366, 0.8431435823440552, 0.4783376455307007, -0.40446650981903076, 1.19267737865448, 0.3477419316768646, -0.6272205114364624, -0.029598470777273178]",yunet,Facenet,1920,1080,/home/amos/media/tv/modern_family/Modern.Family.S09.1080p.DSNP.WEB-DL.DDP5.1.H.264-CRFW/Modern.Family.S09E21.The.Escape.1080p.DSNP.WEB-DL.DDP5.1.H.264-CRFW.mkv,Modern Family,2009,1442437,9,21,Jesse Tyler Ferguson,204815.0,0.682
811,522,168,792,528,738,312,624,318,0.916,17616,0,"[0.5131494402885437, -1.8094652891159058, 0.9289188981056213, -0.08051334321498871, 1.1205235719680786, 0.2210230678319931, -0.785398542881012, 1.4693316221237183, 0.027087658643722534, 0.6243791580200195, -0.22035372257232666, 0.3326541483402252, -1.2321765422821045, 0.8376891613006592, 0.11338500678539276, -0.21885769069194794, 1.3584396839141846, 0.41603994369506836, 0.4034043550491333, -1.1234405040740967, -0.9893474578857422, -0.7085855603218079, -0.7180968523025513, 0.17382997274398804, 1.5619348287582397, -1.4379009008407593, 0.3715064227581024, 2.7111129760742188, 0.2782859802246094, -0.5965904593467712, 0.3311602473258972, 1.5769697427749634, -0.8865082263946533, 0.4113657772541046, -1.5044974088668823, 0.8030906319618225, 0.11729604750871658, -0.6536920666694641, -1.7010159492492676, 0.42822274565696716, -0.027234653010964394, -1.0250219106674194, -0.015714362263679504, 0.6759435534477234, 0.2438010573387146, -0.9884659051895142, 0.06815175712108612, -1.1796287298202515, 0.6800851225852966, -0.6053332090377808, -0.42644333839416504, -0.5129817724227905, -0.9672861099243164, 0.4517788887023926, -0.0757158100605011, 0.3451322019100189, -0.7889958024024963, -0.49590229988098145, -0.27628856897354126, 0.6239134669303894, -1.4445594549179077, 0.2577189803123474, 0.9424052238464355, 0.07943262904882431, 0.6164461970329285, 0.9704335331916809, 0.16371893882751465, 2.2810158729553223, 0.09303062409162521, -0.14194563031196594, -1.0528793334960938, 0.2575781047344208, 0.6020978093147278, 0.9432529807090759, 0.5599676370620728, 1.1644028425216675, -0.21148711442947388, -0.41965004801750183, -0.7141135334968567, 2.3612029552459717, -0.8697665333747864, 1.1078435182571411, 0.06284142285585403, -1.2238720655441284, -0.5874965786933899, -0.33375176787376404, -0.4955326318740845, 0.13227643072605133, 1.0482584238052368, 2.0308845043182373, 0.8665067553520203, -0.5899474024772644, -1.6155424118041992, -1.316895604133606, 0.009574122726917267, -0.34531036019325256, -1.6292884349822998, -0.16390812397003174, 2.1868321895599365, 2.045959949493408, -0.684467077255249, 1.2605043649673462, -0.5249141454696655, -2.3919966220855713, 0.034961797297000885, 0.3901815414428711, -0.4653228223323822, -0.35382142663002014, 0.9353351593017578, -1.5546077489852905, -1.0119465589523315, 0.895972728729248, -0.5870751142501831, -2.1956207752227783, 2.1680991649627686, 0.2673132121562958, 1.4675780534744263, 0.6279599666595459, 0.38664963841438293, -0.5249828696250916, 0.571916937828064, 0.33468279242515564, 0.8642278909683228, 0.39208677411079407, 0.8989108204841614, -0.04334934055805206, 0.008579105138778687, 0.6926758289337158]",yunet,Facenet,1920,1080,/home/amos/media/tv/modern_family/Modern.Family.S09.1080p.DSNP.WEB-DL.DDP5.1.H.264-CRFW/Modern.Family.S09E21.The.Escape.1080p.DSNP.WEB-DL.DDP5.1.H.264-CRFW.mkv,Modern Family,2009,1442437,9,21,Ed O'Neill,18977.0,0.735
812,624,294,912,660,852,432,774,444,0.903,17640,0,"[0.786260724067688, -0.8673509359359741, 1.178312063217163, 0.21265044808387756, 1.9563324451446533, -0.5708619356155396, 0.6265120506286621, 0.8755397200584412, 0.30024439096450806, -1.3864107131958008, -1.2605634927749634, 0.042202383279800415, -0.9133360385894775, 0.8153283596038818, -0.7243102788925171, -2.0234336853027344, 1.1310628652572632, 0.38724833726882935, 0.05025243014097214, -0.007205791771411896, -0.9810320138931274, -1.1503294706344604, 0.21119245886802673, -0.6631855964660645, 1.0422271490097046, -0.4276350140571594, 0.2042027711868286, 2.4319562911987305, -0.06034201383590698, -0.8111662864685059, -0.9296835660934448, 2.2374837398529053, -1.7458398342132568, 0.26652470231056213, -2.475975751876831, 0.40145567059516907, -0.8439749479293823, -0.42352283000946045, -0.5814996361732483, 0.07796243578195572, 0.746189534664154, -1.3457517623901367, -0.1036478579044342, 1.054451584815979, 1.1490604877471924, 0.19825471937656403, -1.7435483932495117, -1.0536547899246216, -0.7274110913276672, 0.44002488255500793, -0.7918371558189392, 0.043586615473032, -0.12628990411758423, -0.27725446224212646, -0.16394276916980743, 0.4217909574508667, -0.6529990434646606, -1.595751166343689, 0.13604512810707092, 0.6342236995697021, -1.7446861267089844, 0.049141161143779755, 0.10805613547563553, -0.04464313015341759, -1.1464405059814453, 0.9498242735862732, -0.20458316802978516, -0.3883468508720398, 0.49776339530944824, -0.6176196336746216, -1.6358078718185425, 0.2066158950328827, 1.0386077165603638, 0.39579272270202637, 0.19727839529514313, 0.573570191860199, -1.197738766670227, -1.1687884330749512, 0.16553542017936707, 1.1065189838409424, 1.059565544128418, 2.3951897621154785, -0.27807608246803284, -2.3581249713897705, 0.23540669679641724, -0.04669160768389702, 0.07364065200090408, 0.08391663432121277, 0.8242191076278687, 3.030635356903076, 0.22177782654762268, 0.383771687746048, -2.36916184425354, -1.4430716037750244, -0.10438603162765503, -0.7844203114509583, -0.5252833962440491, -1.2278867959976196, 0.4625139832496643, 1.144190788269043, -0.5139905214309692, -0.13347075879573822, -0.3009827435016632, -1.747397541999817, -0.4025576114654541, 0.016892701387405396, 1.3552995920181274, -0.6934767961502075, 0.4264201819896698, -1.3630903959274292, -0.42859911918640137, 1.0711450576782227, -0.5119482278823853, -0.975918710231781, 2.0135724544525146, 0.12069064378738403, 0.4254588484764099, 1.0404024124145508, 1.0581177473068237, -1.0516741275787354, 1.1072962284088135, 0.9025716781616211, 0.7267844676971436, -0.18252573907375336, -0.7038800716400146, 0.19128713011741638, 0.6411662101745605, 0.6359226703643799]",yunet,Facenet,1920,1080,/home/amos/media/tv/modern_family/Modern.Family.S09.1080p.DSNP.WEB-DL.DDP5.1.H.264-CRFW/Modern.Family.S09E21.The.Escape.1080p.DSNP.WEB-DL.DDP5.1.H.264-CRFW.mkv,Modern Family,2009,1442437,9,21,Ed O'Neill,18977.0,0.583
813,1236,228,1398,444,1314,318,1254,318,0.903,17784,0,"[-0.39215531945228577, 0.45491209626197815, 0.6045360565185547, 0.8568554520606995, -0.537570595741272, 0.7256616353988647, -1.1749769449234009, 0.26071563363075256, 0.3024948835372925, -1.1956075429916382, 1.1509768962860107, 0.6444998979568481, 1.6707156896591187, -0.5449565649032593, -1.523873209953308, -0.5072559118270874, -0.8679242134094238, -0.3261052966117859, -1.3716624975204468, 3.0267136096954346, -0.480847030878067, 1.3989611864089966, -0.5508513450622559, 0.5382392406463623, 0.020765485242009163, 1.1400259733200073, -2.666912317276001, 2.6634721755981445, 1.2073131799697876, -2.362393379211426, 0.1459912657737732, -0.9882871508598328, -0.9649049639701843, -0.6860402822494507, 0.23452483117580414, -0.16317370533943176, 0.15163981914520264, -0.7976427674293518, 0.8735731244087219, 1.1144875288009644, 0.7453546524047852, 0.45091259479522705, -0.449903279542923, -0.018519021570682526, -0.2582431435585022, -0.15283401310443878, 0.5930870771408081, 0.26206228137016296, 0.6578335762023926, -1.532373309135437, 0.3762267231941223, -0.07490307092666626, -0.7947907447814941, -1.485252022743225, -0.6514744162559509, 0.9149540066719055, 2.693372964859009, 1.0070139169692993, 0.6629283428192139, 0.3647310733795166, 1.8061330318450928, -0.1513838917016983, 0.12509870529174805, 0.6281459927558899, -0.727884829044342, 1.491994857788086, 1.810137391090393, 0.2316870093345642, 1.8610613346099854, -1.3828550577163696, -1.3934992551803589, 0.3750045597553253, -1.405598759651184, 1.5891804695129395, -0.2259732186794281, 0.5747979879379272, 0.33321642875671387, 1.1801952123641968, 0.38712483644485474, 1.4913787841796875, 0.06095029413700104, -2.238281488418579, 0.9870316982269287, 0.22571367025375366, -0.6330752968788147, -1.2104203701019287, 0.13854433596134186, 0.9093449115753174, -0.7076230049133301, -0.4082562327384949, 0.9431564807891846, -2.5455076694488525, -0.6252018213272095, -0.27837827801704407, 0.44283726811408997, -0.869523823261261, 0.6245834827423096, -0.8965298533439636, 0.4176716208457947, -1.4613542556762695, -0.5847813487052917, 0.26530754566192627, -1.3892885446548462, 1.496852993965149, -0.8715327978134155, 1.2711025476455688, 1.4046860933303833, -2.3026485443115234, 0.017787113785743713, 0.210687518119812, 1.6529951095581055, 0.9949727058410645, 0.9109821319580078, -0.07957414537668228, 1.1595475673675537, 1.7069250345230103, -0.04529742896556854, -0.2473723292350769, 0.6363735198974609, 0.06678186357021332, -0.4200438857078552, 1.3499211072921753, -0.17961247265338898, -0.8734729290008545, 0.5974159240722656, -1.3719204664230347, 0.2692408561706543, -0.5510557293891907]",yunet,Facenet,1920,1080,/home/amos/media/tv/modern_family/Modern.Family.S09.1080p.DSNP.WEB-DL.DDP5.1.H.264-CRFW/Modern.Family.S09E21.The.Escape.1080p.DSNP.WEB-DL.DDP5.1.H.264-CRFW.mkv,Modern Family,2009,1442437,9,21,Ty Burrell,15232.0,0.615
814,1206,150,1374,372,1284,240,1224,234,0.901,17832,0,"[0.19234733283519745, 1.7735037803649902, 0.9579179286956787, -0.7879751920700073, -0.6184455156326294, -0.0008972212672233582, -1.9313486814498901, -0.25061482191085815, -0.4683581590652466, -1.1569262742996216, 0.19487589597702026, 1.811285138130188, 0.48964202404022217, -0.6238491535186768, -0.5891658067703247, -0.3252522945404053, -0.8287512063980103, 0.2548932433128357, -0.8991155028343201, 0.5129097700119019, -0.6523157358169556, 1.5661882162094116, -0.9067324995994568, 0.23863819241523743, -0.49423909187316895, 1.3642220497131348, -3.9831671714782715, 2.6161022186279297, 0.7676679491996765, -2.4135496616363525, 0.35553595423698425, -1.0343594551086426, -0.686836302280426, -1.0500282049179077, 1.8092141151428223, 0.44746148586273193, 0.6012962460517883, -1.0931978225708008, 0.2649797201156616, 1.2224794626235962, 0.43426713347435, 0.4581409990787506, -0.2877967953681946, -0.05099502578377724, -0.006512371823191643, 0.5220639705657959, 1.3122615814208984, 0.2037401646375656, -0.6276009678840637, -0.7879524230957031, -0.2463531643152237, -0.6985716223716736, -0.6374527812004089, -1.0796104669570923, 0.34891676902770996, 0.8674915432929993, 1.5780266523361206, 0.40812796354293823, 0.7491494417190552, 0.039390645921230316, 2.4729928970336914, -1.2631282806396484, -0.119141586124897, -0.34589895606040955, -1.297802209854126, 1.8947879076004028, 1.134230613708496, 0.3753807544708252, 2.1104135513305664, -0.6654354333877563, -0.4084746539592743, 0.5970505475997925, -1.0423316955566406, 0.8716220855712891, 0.05548766255378723, 0.44249168038368225, 0.5432440042495728, 1.1604042053222656, 1.001643419265747, 0.6678332686424255, 0.2203804850578308, -2.464050531387329, -0.017132097855210304, 0.39555060863494873, -0.38080257177352905, -1.869789719581604, 0.016946978867053986, 0.18385769426822662, 1.1504666805267334, 0.24958744645118713, -0.2778189182281494, -2.8645946979522705, -0.2205049991607666, -1.2584880590438843, 0.884280800819397, -0.5862500071525574, 0.7761884331703186, 0.37812453508377075, 0.7057703137397766, -1.123987078666687, 0.06481356173753738, 0.40804019570350647, -1.5071390867233276, 0.979508101940155, -0.09526227414608002, 0.9672311544418335, 1.0394618511199951, -0.9602267742156982, 0.06873972713947296, 1.0005942583084106, 0.8995161056518555, 1.594801902770996, 0.5702725648880005, 0.07919195294380188, 0.46789413690567017, 1.4590049982070923, -0.11970265209674835, -0.9381741285324097, 0.5129818916320801, -0.5873942971229553, -0.8838343620300293, 0.7783657312393188, -0.05841662734746933, -0.40211859345436096, 1.4524821043014526, -1.2408676147460938, -0.06872881948947906, -0.6562629342079163]",yunet,Facenet,1920,1080,/home/amos/media/tv/modern_family/Modern.Family.S09.1080p.DSNP.WEB-DL.DDP5.1.H.264-CRFW/Modern.Family.S09E21.The.Escape.1080p.DSNP.WEB-DL.DDP5.1.H.264-CRFW.mkv,Modern Family,2009,1442437,9,21,Ty Burrell,15232.0,0.734
815,936,192,1092,402,1056,276,978,276,0.902,17856,0,"[0.35560083389282227, 1.0273436307907104, 0.07098251581192017, -0.2290821671485901, -0.43779659271240234, 0.14932146668434143, -1.1272865533828735, -0.009494174271821976, -1.309827208518982, -0.36045408248901367, -1.626693606376648, 1.8945560455322266, -0.23558887839317322, 0.206265389919281, -0.7689039707183838, 0.3250699043273926, -1.0095646381378174, -0.5956034064292908, -0.5746521353721619, -0.6370705366134644, -1.4643620252609253, 1.4575049877166748, 0.10596833378076553, 0.8810308575630188, 0.6541658043861389, 0.3735189437866211, -3.3905794620513916, 2.629769802093506, 1.1019638776779175, -2.369873046875, 0.9321180582046509, -1.2427338361740112, 1.0038655996322632, -0.6016823053359985, 1.26859450340271, -0.11943680047988892, -0.15293310582637787, -0.7781266570091248, -0.0043057650327682495, 1.3105454444885254, 0.12136893719434738, 1.7673184871673584, -0.7090840339660645, -0.18097954988479614, 0.9652546644210815, -0.4948817193508148, -0.15992730855941772, 1.9179185628890991, -0.77170729637146, -0.4436543583869934, 0.10396777093410492, -0.3666728138923645, 0.06298208981752396, -0.42563551664352417, 0.008847891353070736, 1.8063217401504517, 1.5089762210845947, 0.14961852133274078, -0.45781564712524414, 0.6231139302253723, 2.2934892177581787, -1.5488208532333374, -0.7472074031829834, -0.01820189878344536, -1.537726879119873, 0.7665647268295288, 0.9801207184791565, 1.0972164869308472, 1.4998877048492432, -1.0837143659591675, -0.8570761680603027, 1.4653987884521484, -0.7835726141929626, 0.42955219745635986, 0.5020260214805603, -0.9978771805763245, 0.8569086790084839, 1.7010453939437866, 1.635370135307312, 0.46225041151046753, -0.3217741549015045, -1.0712264776229858, -0.027519479393959045, -0.6839208006858826, -1.7919331789016724, -1.496716022491455, 1.082921028137207, -0.8492946624755859, 1.7884924411773682, 0.6419586539268494, -0.6455849409103394, -1.747012972831726, -0.34554335474967957, -0.6273146867752075, 2.021270751953125, -1.3200763463974, 0.014407007023692131, -0.4746720790863037, -0.021411344408988953, 0.3755267858505249, 0.8607306480407715, 1.0724895000457764, -2.3304548263549805, 1.0552988052368164, 0.46182793378829956, -0.620203971862793, -0.13342608511447906, -2.5418806076049805, -0.4777766168117523, 0.27524521946907043, -0.5309463739395142, 2.3104846477508545, 0.6019315719604492, 0.3548026382923126, -0.2182120829820633, 1.2703959941864014, -0.28357499837875366, -0.4365575909614563, 0.07448147982358932, -0.6673076152801514, -0.952595591545105, 0.3733484148979187, 0.26226210594177246, 0.2703985869884491, 2.1158454418182373, -0.7581310868263245, 0.47955644130706787, -0.02936859056353569]",yunet,Facenet,1920,1080,/home/amos/media/tv/modern_family/Modern.Family.S09.1080p.DSNP.WEB-DL.DDP5.1.H.264-CRFW/Modern.Family.S09E21.The.Escape.1080p.DSNP.WEB-DL.DDP5.1.H.264-CRFW.mkv,Modern Family,2009,1442437,9,21,Ty Burrell,15232.0,0.604
816,1038,246,1170,426,1152,318,1110,318,0.905,18120,0,"[-1.8040316104888916, 1.169830560684204, -0.04427718743681908, 0.6641395688056946, 0.8783458471298218, -0.23301281034946442, 0.7279117107391357, -0.8211483359336853, -0.418596476316452, 1.9828639030456543, 1.6922804117202759, 1.5896425247192383, -1.3749791383743286, -1.558935284614563, -0.5352535247802734, 1.355315089225769, -0.1560693234205246, -1.7429473400115967, -2.63893723487854, 0.027376502752304077, -0.029153302311897278, -0.20663681626319885, -0.23156514763832092, 0.4026360809803009, -1.1751484870910645, 0.28762373328208923, 0.6313978433609009, 0.2404492348432541, 1.644149661064148, -0.21135081350803375, 1.7443448305130005, -0.8596211075782776, 0.7253786325454712, -0.9215510487556458, 0.17277608811855316, 0.8128315210342407, -2.729469060897827, 0.12200726568698883, 0.7529396414756775, -0.39353933930397034, -0.8225142359733582, -0.6813896298408508, -0.684345006942749, 0.8187022805213928, -0.0496135950088501, 0.6497655510902405, 0.9091672301292419, -0.26427581906318665, -2.725883960723877, -0.050557442009449005, -1.3108364343643188, 1.6085647344589233, 0.7894479036331177, 2.0166726112365723, -0.42255449295043945, 1.0229027271270752, -0.09765909612178802, -0.9974830746650696, -0.5814927220344543, 0.43528982996940613, -0.21482989192008972, -0.3601958155632019, -1.045456051826477, -1.192983627319336, 2.3673501014709473, 0.20207488536834717, 0.003136277198791504, 1.0841937065124512, 0.1183975413441658, 0.22111675143241882, -1.4169002771377563, 0.6365681886672974, -0.5879371762275696, 1.3758047819137573, 0.2991163730621338, 1.3417872190475464, 0.15420925617218018, -1.0002208948135376, 1.406819462776184, 0.025969848036766052, 1.2667219638824463, -0.05702389031648636, -0.003328036516904831, -0.4831707179546356, 0.26804834604263306, -0.25327765941619873, -0.23454928398132324, 0.784187376499176, 0.2132510542869568, 1.3112404346466064, -1.3218636512756348, 0.1721237599849701, 2.2222039699554443, -0.29876285791397095, 1.1888693571090698, 0.5646810531616211, -0.8013618588447571, 1.6224931478500366, 0.26791173219680786, -1.1165330410003662, -0.8498936891555786, -1.8044013977050781, -2.060547351837158, 1.8018231391906738, 1.6212056875228882, 0.26451337337493896, 0.1875634789466858, 1.48374605178833, 0.8908246755599976, -0.42346471548080444, 0.8490698933601379, 1.5773520469665527, 0.9438314437866211, -0.19436781108379364, -0.2097339630126953, 1.0073378086090088, -1.2015031576156616, 0.46593719720840454, 1.5936710834503174, -0.1789049357175827, 1.3101760149002075, -0.9294440746307373, -0.7673155069351196, 0.8605858683586121, 1.4576961994171143, -0.1757822334766388, 0.5903275012969971, 0.5581375956535339]",yunet,Facenet,1920,1080,/home/amos/media/tv/modern_family/Modern.Family.S09.1080p.DSNP.WEB-DL.DDP5.1.H.264-CRFW/Modern.Family.S09E21.The.Escape.1080p.DSNP.WEB-DL.DDP5.1.H.264-CRFW.mkv,Modern Family,2009,1442437,9,21,Sofía Vergara,63522.0,0.607
817,966,192,1128,402,1092,276,1008,276,0.922,18144,0,"[0.8078802824020386, 0.9410152435302734, 0.6493712067604065, -0.028625361621379852, 0.03539134934544563, -0.12287580966949463, -0.45734795928001404, 0.32508063316345215, -1.6639575958251953, -0.3829929530620575, 0.3532661497592926, 0.8793485164642334, 1.0374373197555542, -0.3097398579120636, -1.5621006488800049, 0.8676682114601135, 0.30288201570510864, -0.2581813931465149, 0.0742628276348114, 0.7635174989700317, -0.9639132022857666, 2.542310953140259, -0.10294130444526672, 0.8680856227874756, -0.19489498436450958, 0.7075156569480896, -3.3399369716644287, 2.667933464050293, 1.8864173889160156, -2.203214645385742, 0.4664725959300995, -0.7204086780548096, 0.029345255345106125, -0.052604418247938156, 1.9629333019256592, 0.39556434750556946, 0.3715846538543701, -0.16103628277778625, 0.3753357231616974, 0.2835867404937744, -0.2643595337867737, 1.6386059522628784, -0.8018059730529785, -0.13802000880241394, -0.46740758419036865, -0.044179171323776245, 0.503415048122406, -0.4382588267326355, 0.05710093677043915, -0.8189998865127563, -0.28722113370895386, -0.8207567930221558, -0.5003198385238647, -0.7254865765571594, -0.21229656040668488, 1.6413629055023193, 1.2682310342788696, 0.19221624732017517, 0.4903683066368103, 0.6599125266075134, 1.4530342817306519, 0.07870703935623169, -0.0329413004219532, 0.35135528445243835, -1.0668972730636597, 1.6455663442611694, 2.0240330696105957, 1.1541773080825806, 2.75775408744812, 0.6321653127670288, -0.3048429489135742, 1.3461891412734985, -1.7733076810836792, 1.5635509490966797, 0.5646294355392456, 1.0389490127563477, -0.26700296998023987, 1.1263532638549805, 1.6739283800125122, 0.5323302149772644, 1.1088409423828125, -1.2559189796447754, -0.28345200419425964, -0.8912755846977234, -0.11585436016321182, -1.2263215780258179, 0.3353249728679657, -0.3037358224391937, 0.07135853171348572, 0.338341623544693, 0.4377439022064209, -0.4822660982608795, -1.314025640487671, -0.8073433041572571, 0.7381296157836914, -0.8162779211997986, 0.030700404196977615, -0.9285629391670227, 1.598853588104248, -0.542958676815033, -1.2580854892730713, 0.9912140965461731, -2.3114848136901855, 0.1444215625524521, 0.49584829807281494, 1.165470004081726, 1.1005403995513916, -1.9086445569992065, -0.8733280301094055, -0.6972945332527161, 0.29937297105789185, 2.0103251934051514, 0.11219017952680588, 0.33706098794937134, 0.3492823839187622, 1.6811492443084717, 0.3148719370365143, -1.134983777999878, 0.047199659049510956, 0.2057143747806549, -0.08934502303600311, 0.7952938079833984, 0.09214107692241669, -0.7511920928955078, 2.0338737964630127, -1.0293831825256348, 0.23875026404857635, -1.8590730428695679]",yunet,Facenet,1920,1080,/home/amos/media/tv/modern_family/Modern.Family.S09.1080p.DSNP.WEB-DL.DDP5.1.H.264-CRFW/Modern.Family.S09E21.The.Escape.1080p.DSNP.WEB-DL.DDP5.1.H.264-CRFW.mkv,Modern Family,2009,1442437,9,21,Ty Burrell,15232.0,0.662
818,918,180,1074,402,1026,264,942,264,0.931,18168,0,"[0.9218790531158447, 1.3951239585876465, 0.41991403698921204, 0.19977986812591553, -0.54433274269104, -0.8048918843269348, -2.0272979736328125, -0.025855600833892822, -0.6093949675559998, -0.6552194952964783, -0.2720489799976349, 1.3865065574645996, 1.246440052986145, -0.25932127237319946, -0.4271031320095062, -0.4363470673561096, -0.6017721891403198, -0.708571195602417, -0.4919048547744751, 0.5161813497543335, -1.781478762626648, 1.977064609527588, -0.6447868943214417, 0.8305473327636719, 0.20925170183181763, 1.2640069723129272, -3.0674190521240234, 2.933321475982666, 1.0863763093948364, -1.9343286752700806, -0.13446210324764252, -0.9994414448738098, -0.8934699296951294, -0.7998732328414917, 1.6877715587615967, 0.9015035033226013, 1.2221158742904663, -0.06605137139558792, 0.5805953741073608, 1.3703006505966187, 0.7367278933525085, 1.6109347343444824, -0.6035460233688354, -0.4261038899421692, -0.388559490442276, 0.38846880197525024, 0.8734114170074463, 0.6901264190673828, -0.3031455874443054, -0.4888059198856354, 0.3742660880088806, -0.2227931171655655, 0.03699054569005966, -0.9094300866127014, -0.2732101380825043, 1.0413099527359009, 2.0045254230499268, 0.4529818594455719, 0.6415421366691589, 0.23464682698249817, 2.12740421295166, -1.2048490047454834, -0.9043839573860168, -0.22068700194358826, -0.8908383846282959, 1.5946646928787231, 1.5389889478683472, 0.18137039244174957, 1.2845923900604248, -0.41564860939979553, 0.32243359088897705, 0.9406046867370605, -1.153349757194519, 1.4974194765090942, -0.07599508762359619, 0.41332659125328064, 0.6903371810913086, 1.9411436319351196, 0.6803348064422607, 0.1564779132604599, -0.002835143357515335, -1.9393210411071777, 0.6965113878250122, 0.4486621022224426, -0.5697389841079712, -1.8478740453720093, 0.7385071516036987, -0.2124500870704651, 0.6913039684295654, -0.2695218324661255, -0.309052973985672, -1.958543300628662, -0.3918037712574005, -0.9342085719108582, 0.9139546751976013, -0.35213735699653625, 0.8615851402282715, -0.026066413149237633, 0.48805123567581177, -1.134078025817871, -0.15454524755477905, 0.8858759999275208, -1.8724455833435059, -0.2800627648830414, -0.3460582494735718, 1.5768985748291016, 0.9223894476890564, -1.3391728401184082, 0.6360030770301819, 0.5907236337661743, 0.4368293881416321, 1.556632161140442, 0.41221487522125244, -0.11951042711734772, 0.8022809028625488, 1.8396650552749634, -0.31055063009262085, -1.245792031288147, 0.3064102530479431, -0.33530527353286743, -0.4805840849876404, -0.20197230577468872, -0.290565550327301, -1.0136678218841553, 1.983768343925476, -0.6488922834396362, 0.3645622134208679, -1.2346385717391968]",yunet,Facenet,1920,1080,/home/amos/media/tv/modern_family/Modern.Family.S09.1080p.DSNP.WEB-DL.DDP5.1.H.264-CRFW/Modern.Family.S09E21.The.Escape.1080p.DSNP.WEB-DL.DDP5.1.H.264-CRFW.mkv,Modern Family,2009,1442437,9,21,Ty Burrell,15232.0,0.808
819,972,162,1128,372,1068,246,1002,240,0.919,18192,0,"[0.3837558329105377, 1.2204952239990234, 0.2080291509628296, 0.2713908851146698, -1.058434247970581, -0.6366159915924072, -2.478639841079712, 0.44435739517211914, -0.966859757900238, -0.8730257153511047, 0.2294907569885254, 1.065047025680542, 0.6918683648109436, 0.2882354259490967, -1.0295530557632446, -1.2184382677078247, -0.017134353518486023, 0.08978788554668427, -0.7790942788124084, 1.1743333339691162, -1.2201908826828003, 1.1919711828231812, -0.7255666255950928, 0.5586023330688477, 0.5498552322387695, 0.6387522220611572, -3.840796947479248, 3.004490375518799, 1.1014076471328735, -3.1476643085479736, 0.6417362689971924, -0.5213844180107117, -0.4430202841758728, -0.5279695391654968, 1.5213923454284668, 0.8489454984664917, 0.47509676218032837, -0.15036162734031677, 0.4930054247379303, 1.1956876516342163, 0.37987804412841797, 1.8702682256698608, -0.04605424404144287, -0.2558077573776245, -0.7925844192504883, -0.3759116530418396, 0.4627349078655243, 1.1309503316879272, -0.19185775518417358, -0.3150539696216583, 0.24360176920890808, 0.26736465096473694, 0.4735427498817444, -0.7972399592399597, 0.7337276935577393, 1.5602177381515503, 1.683351993560791, 0.28190067410469055, 0.956522524356842, 0.2433488368988037, 2.3182575702667236, -0.8823598623275757, -0.7571251392364502, 0.4817468822002411, -0.49431112408638, 1.6227877140045166, 1.1901074647903442, 0.10481525957584381, 1.3634262084960938, -0.32509949803352356, -0.833919882774353, 0.6241090297698975, -0.8349342346191406, 1.044909119606018, -0.4673888683319092, 0.27689409255981445, 0.43300965428352356, 0.68421471118927, 0.9163394570350647, 0.24186523258686066, 1.2595441341400146, -1.6271336078643799, 0.6336516737937927, 0.5910605192184448, -0.21779310703277588, -1.4849143028259277, -0.0394878089427948, -0.07888089865446091, 0.48533281683921814, 0.5219196677207947, -0.439576655626297, -1.6318713426589966, -1.7011257410049438, -0.6072232723236084, 0.8267563581466675, -0.5283151268959045, 0.5176922678947449, -0.6676045060157776, 0.8867512941360474, -1.062691569328308, -0.3686508536338806, 0.704765260219574, -2.1385045051574707, 0.5842012166976929, 0.11159452050924301, 1.0150119066238403, 1.585882544517517, -1.018282413482666, 0.4807107448577881, -0.5528689026832581, 0.8278692364692688, 1.443102478981018, 0.35184577107429504, 0.7554153203964233, 0.3369074761867523, 1.126549482345581, 0.23628145456314087, -1.3757555484771729, 0.9036975502967834, -0.15529660880565643, -0.28747427463531494, -0.2973574697971344, -0.7270268201828003, -1.1324244737625122, 1.4501701593399048, -0.7827878594398499, 0.9873868823051453, -1.2853037118911743]",yunet,Facenet,1920,1080,/home/amos/media/tv/modern_family/Modern.Family.S09.1080p.DSNP.WEB-DL.DDP5.1.H.264-CRFW/Modern.Family.S09E21.The.Escape.1080p.DSNP.WEB-DL.DDP5.1.H.264-CRFW.mkv,Modern Family,2009,1442437,9,21,Ty Burrell,15232.0,0.666
820,462,198,660,462,636,294,546,294,0.92,18264,0,"[0.22430843114852905, -0.17965924739837646, -1.547698974609375, 1.063448429107666, 2.7525923252105713, -0.21962887048721313, 2.1474742889404297, -0.1050189882516861, 0.43688634037971497, 1.1903903484344482, -1.356298565864563, -0.6400699019432068, -0.5750080347061157, 0.5109075307846069, 0.6990296840667725, 1.4388128519058228, -1.290358066558838, -1.7755396366119385, -0.930543065071106, -0.6436325311660767, -1.4019014835357666, 2.4920570850372314, -0.5942977070808411, 1.9041019678115845, 0.9121779203414917, 1.1448678970336914, 1.7071177959442139, -0.16567553579807281, 0.9761714339256287, -0.5627672076225281, 1.1771961450576782, 1.1181789636611938, -1.5463205575942993, 1.0675256252288818, -0.5695325136184692, -1.4367743730545044, 0.6894850134849548, -2.2405362129211426, 0.6296584010124207, -1.5196276903152466, -0.4103870987892151, -0.03346416354179382, -0.35583391785621643, -0.9970297813415527, 0.4282616972923279, -0.8307365775108337, -0.5608524084091187, -1.1488893032073975, -0.7560665011405945, 2.6639764308929443, -0.8514782786369324, 0.04736573249101639, -1.060124397277832, 0.9844374656677246, -0.9624084830284119, -1.8082479238510132, 0.915675163269043, -1.2819194793701172, -0.9947003126144409, -0.32727113366127014, -1.2052518129348755, -0.8553017973899841, 0.9453588724136353, 0.3397217094898224, -1.2715182304382324, 0.6542659997940063, 0.007839873433113098, 0.8086051940917969, -0.5626775026321411, -1.2982956171035767, -0.2841643691062927, -0.7557148933410645, 1.1760947704315186, 0.7172257900238037, 0.8682336807250977, -0.2624269425868988, -0.17531481385231018, 0.756955087184906, 0.8311781287193298, 0.8156830072402954, -2.2727110385894775, 2.7367300987243652, -0.42648059129714966, -1.451691746711731, -1.2371796369552612, 0.46262428164482117, 0.5471242666244507, 1.0456557273864746, 1.4887901544570923, 1.2933008670806885, 0.01733555644750595, -0.12942564487457275, -0.26188743114471436, -0.6201873421669006, 2.5659022331237793, -0.5873347520828247, -1.5403426885604858, 0.9917516708374023, 0.09209124743938446, 0.2233467996120453, -0.15248718857765198, 0.20733356475830078, -1.4095581769943237, -0.970015823841095, 1.4536032676696777, -0.8659353852272034, -0.13169251382350922, 0.9643055200576782, -0.3559333086013794, -0.911911129951477, -0.10909266024827957, 0.03646433725953102, 2.0216829776763916, -1.076580286026001, 0.8379471898078918, 0.5633863210678101, 0.24821069836616516, 0.06518527865409851, -0.424953430891037, 0.3534820079803467, -0.05691029876470566, -0.03437279164791107, 0.980535089969635, 0.1732701063156128, 0.4296189546585083, -0.36292511224746704, 0.1350899636745453, -0.08475404977798462]",yunet,Facenet,1920,1080,/home/amos/media/tv/modern_family/Modern.Family.S09.1080p.DSNP.WEB-DL.DDP5.1.H.264-CRFW/Modern.Family.S09E21.The.Escape.1080p.DSNP.WEB-DL.DDP5.1.H.264-CRFW.mkv,Modern Family,2009,1442437,9,21,Eric Stonestreet,156962.0,0.618
821,1032,288,1200,510,1176,378,1098,384,0.914,18264,1,"[-1.236523985862732, 0.1458006054162979, 1.297519326210022, -1.1510024070739746, 0.3375208377838135, 0.27509063482284546, -0.5064073204994202, 1.392287015914917, 0.09960875660181046, 1.834092617034912, -0.7501237988471985, 1.5739322900772095, -0.4549834728240967, -0.9035294055938721, -0.5420337915420532, 2.2499468326568604, -1.5801512002944946, -0.9056258201599121, -0.9386692047119141, -0.539059042930603, 1.345970630645752, 0.7746246457099915, 0.8828833699226379, -0.2587302029132843, -0.30884450674057007, -0.730583906173706, -0.9576988220214844, 0.8348705768585205, 2.224494457244873, -0.5256327390670776, 0.20457126200199127, -2.623148202896118, 1.9596168994903564, -1.1910202503204346, 1.3311595916748047, -0.2930537164211273, -1.8455309867858887, 0.9833093285560608, -0.3339495062828064, -0.8070327043533325, -2.2139949798583984, 0.9782637357711792, -0.5033926963806152, 0.3367932140827179, -1.6977472305297852, 0.48155921697616577, -0.9886638522148132, -0.03438786044716835, -2.5628600120544434, 0.33918556571006775, -0.4962362051010132, 1.3686516284942627, 0.7482820153236389, 0.5516597628593445, 0.10099703073501587, 0.2767167091369629, -0.2324979454278946, -0.3157862424850464, -1.3354170322418213, -0.09337858110666275, 0.3332878649234772, 0.5746928453445435, -1.798991084098816, -0.20551379024982452, -0.24100184440612793, 0.25651824474334717, -0.7249351739883423, 0.5856835842132568, 1.1088488101959229, -0.5603673458099365, -0.44095584750175476, -0.41038650274276733, -1.0432761907577515, -0.4767115116119385, 1.7553963661193848, 1.7100872993469238, -0.4434431493282318, 0.6944421529769897, 1.7719568014144897, -0.10304119437932968, 0.7487376928329468, -0.4054238498210907, 0.23122572898864746, -0.37354961037635803, 0.594955563545227, -0.7900488376617432, 1.1765514612197876, 0.7127081155776978, 0.17212742567062378, 1.699618935585022, -1.1147921085357666, 0.40686607360839844, 1.1731717586517334, 0.6089434027671814, 0.444847971200943, 1.183246374130249, -1.9057669639587402, -0.5060900449752808, 0.9283808469772339, -0.802032470703125, -0.15322336554527283, 0.20704349875450134, -1.3421986103057861, 0.8719874024391174, 1.3901525735855103, -1.0033951997756958, -0.3678174912929535, 0.39986762404441833, 0.42624154686927795, 0.4277740716934204, 1.822683334350586, -0.13454070687294006, -0.7202839851379395, 0.6622888445854187, -0.364796906709671, 1.5639026165008545, 0.23941412568092346, 0.7808932065963745, -0.14914745092391968, -1.7403361797332764, 1.7303802967071533, -0.8569306135177612, -2.407782793045044, 1.2838813066482544, 1.5712636709213257, -1.045596957206726, -0.8744592070579529, -0.10422500967979431]",yunet,Facenet,1920,1080,/home/amos/media/tv/modern_family/Modern.Family.S09.1080p.DSNP.WEB-DL.DDP5.1.H.264-CRFW/Modern.Family.S09E21.The.Escape.1080p.DSNP.WEB-DL.DDP5.1.H.264-CRFW.mkv,Modern Family,2009,1442437,9,21,Sofía Vergara,63522.0,0.78
822,420,150,630,438,600,258,516,258,0.911,18288,0,"[1.0005160570144653, -0.23957085609436035, -1.0926954746246338, 0.474782258272171, 2.2183637619018555, -0.5886356830596924, 1.785356879234314, -0.8969759345054626, 0.4997740089893341, 1.2291815280914307, -1.1219226121902466, -0.676567792892456, -0.8713248372077942, 0.3793376088142395, 0.9671969413757324, 0.9834216237068176, -1.4399409294128418, -1.9473693370819092, -0.3711632788181305, -0.8189276456832886, -1.1523933410644531, 1.818199634552002, -0.4798591136932373, 1.3709725141525269, 0.9942927360534668, 0.9711781740188599, 1.9232325553894043, -0.22206029295921326, 0.6872040629386902, -0.5039129853248596, 0.7623175382614136, 1.5709432363510132, -1.591241717338562, 1.7230459451675415, -0.7896407246589661, -1.0103644132614136, 0.9238633513450623, -2.2832655906677246, 0.6417616605758667, -1.7154481410980225, -0.4762347638607025, -0.0071573760360479355, -0.6948891878128052, -1.3133530616760254, -0.5095884203910828, -0.9868112206459045, -1.1669542789459229, -0.8476130962371826, -0.8800691962242126, 2.8085057735443115, -0.7015579342842102, -0.6619167923927307, -0.856486976146698, 1.3185821771621704, -0.29854947328567505, -2.280259609222412, 0.7041718363761902, -1.0140273571014404, -1.0316064357757568, -0.8565026521682739, -1.8811960220336914, -1.448217749595642, 1.012403964996338, 0.2307206243276596, -1.3006805181503296, 0.853888750076294, -0.27801433205604553, 0.4923481345176697, -0.8047354817390442, -0.6038649082183838, -0.14390121400356293, -1.4264767169952393, 1.2701419591903687, 0.4462602138519287, 0.367099791765213, 0.10114649683237076, -0.3289940655231476, 0.3908219635486603, 0.6819928288459778, 0.46090859174728394, -1.903436303138733, 2.488853931427002, -0.38754627108573914, -1.2421787977218628, -0.7411519289016724, 0.10082559287548065, 0.22333477437496185, 1.2382251024246216, 1.6198433637619019, 1.3695818185806274, 0.05756283551454544, -0.5277846455574036, -0.2030932456254959, -0.7015745639801025, 2.4783778190612793, -0.44422537088394165, -1.8380948305130005, 1.1422317028045654, 0.006502240896224976, -0.16764165461063385, -0.03897162899374962, -0.09756437689065933, -1.1780686378479004, -1.1932634115219116, 1.3265084028244019, -0.2959437966346741, 0.11915436387062073, 1.1523103713989258, -0.3487061858177185, -1.169468879699707, 0.13782741129398346, -0.3047140836715698, 1.204992413520813, -1.1575512886047363, 1.2678191661834717, 0.5159337520599365, 0.1532565802335739, -0.5784409046173096, -0.05321306735277176, 0.5755053162574768, -0.1014154851436615, -0.5320541858673096, 0.9950010776519775, -0.1055043488740921, 0.7918704748153687, -0.16704340279102325, 0.49390870332717896, 0.5942133665084839]",yunet,Facenet,1920,1080,/home/amos/media/tv/modern_family/Modern.Family.S09.1080p.DSNP.WEB-DL.DDP5.1.H.264-CRFW/Modern.Family.S09E21.The.Escape.1080p.DSNP.WEB-DL.DDP5.1.H.264-CRFW.mkv,Modern Family,2009,1442437,9,21,Eric Stonestreet,156962.0,0.604
823,462,180,660,462,630,282,540,288,0.917,18312,0,"[0.9234364032745361, -0.2254520058631897, -1.4701899290084839, 0.7180858850479126, 1.8699160814285278, -0.49544596672058105, 1.4033586978912354, -0.10088881850242615, 1.0221012830734253, 0.8823762536048889, -0.8363333940505981, -1.1872035264968872, -0.2562011480331421, 0.6041924953460693, 0.2578660845756531, 0.5404092073440552, -1.3552868366241455, -2.0166409015655518, -0.356404185295105, -0.5660756826400757, -1.2688405513763428, 1.654369592666626, -0.9724348783493042, 2.4661550521850586, 1.4968311786651611, 1.8572616577148438, 1.769593358039856, 0.3828718662261963, 1.0728739500045776, -1.2459982633590698, 0.7548465728759766, 1.4519063234329224, -1.2572630643844604, 1.611169695854187, -1.1614717245101929, -1.0377836227416992, 0.6588349938392639, -2.575230121612549, 1.2095391750335693, -1.2350654602050781, -0.48411279916763306, -0.1518225520849228, 0.033935077488422394, -1.1348979473114014, -0.32238897681236267, -0.6171566247940063, -1.123388648033142, -0.44136932492256165, -0.47843390703201294, 1.3683139085769653, 0.10192432999610901, -0.23100899159908295, -1.8969981670379639, 1.1543091535568237, -0.5048438310623169, -1.2519350051879883, 1.332932710647583, -0.9476509690284729, -0.9979240894317627, -0.3543533682823181, -1.845102071762085, -1.3602408170700073, 1.649531364440918, 0.278238445520401, -1.0470179319381714, 1.0717202425003052, -0.6439724564552307, 0.07032278180122375, -0.4871211051940918, -1.166154384613037, 0.22913247346878052, -1.116057276725769, 1.2265331745147705, 1.353899598121643, -0.2271566092967987, -0.429034560918808, -0.013873003423213959, 0.536797046661377, 1.094140648841858, 1.0962731838226318, -1.5965981483459473, 1.9880245923995972, 0.5228564143180847, -1.02000093460083, -1.1027188301086426, 0.06458266079425812, 0.15907591581344604, 0.9956947565078735, 1.618973731994629, 1.1379510164260864, 0.6144400835037231, -0.637840211391449, -0.3037864565849304, -0.26305994391441345, 1.97215735912323, -0.1805046647787094, -1.6010831594467163, 0.824362576007843, -0.8445701599121094, -0.5362122654914856, -0.3874303102493286, -0.4786956012248993, -0.43807339668273926, -0.3123902678489685, 0.294249564409256, -0.4244174361228943, -0.1301436722278595, 0.31520283222198486, -0.6181857585906982, -0.8663787245750427, 0.5768443942070007, -0.8877360224723816, 1.5591195821762085, -1.0149104595184326, 1.9614806175231934, 0.34562206268310547, 0.7368292808532715, -0.0865580141544342, 0.8152955174446106, 0.06876423954963684, -0.40170055627822876, 0.33257442712783813, 1.0781259536743164, 0.4046482741832733, -0.03620700538158417, 0.2416251301765442, 0.8949416279792786, -0.1895158588886261]",yunet,Facenet,1920,1080,/home/amos/media/tv/modern_family/Modern.Family.S09.1080p.DSNP.WEB-DL.DDP5.1.H.264-CRFW/Modern.Family.S09E21.The.Escape.1080p.DSNP.WEB-DL.DDP5.1.H.264-CRFW.mkv,Modern Family,2009,1442437,9,21,Eric Stonestreet,156962.0,0.642
824,1116,312,1296,546,1254,396,1170,402,0.904,18312,1,"[-1.3354634046554565, 1.319126844406128, -0.042452339082956314, -0.3485645055770874, 0.2544628977775574, 0.08413614332675934, -1.8747655153274536, -0.173031747341156, 0.8297166228294373, 1.4424299001693726, 0.560786247253418, 2.8075528144836426, -0.40012770891189575, -1.6765719652175903, 1.3846818208694458, 1.128899335861206, -0.07327868044376373, -0.8241215944290161, -2.0910487174987793, 0.7882509231567383, 0.7031331062316895, 0.05927501991391182, 0.5014193058013916, 0.638293981552124, -0.6912196278572083, -0.9544660449028015, -0.270209401845932, -0.2922343611717224, 2.770740032196045, -0.42666879296302795, 0.8198262453079224, -3.2148098945617676, 0.207999125123024, -0.7717021107673645, 1.3476710319519043, 0.3846306800842285, -1.4547902345657349, 0.01912924274802208, -0.14088264107704163, -0.14122985303401947, -1.7793885469436646, 0.13387829065322876, 0.7212728261947632, 2.1939899921417236, -1.3645190000534058, 0.6653123497962952, 0.8518558740615845, -1.763706922531128, -2.040217638015747, 0.14358308911323547, -1.3289061784744263, -0.03994058445096016, 1.2047722339630127, 1.8997341394424438, -0.36500200629234314, -0.9068254232406616, -0.37998056411743164, 0.17239466309547424, -0.9517180919647217, 0.17706266045570374, 0.1340552270412445, 0.15170937776565552, -1.064754605293274, -1.7875462770462036, 0.7867091298103333, 0.4955114722251892, -0.9355251789093018, 0.13592633605003357, -0.15399062633514404, -1.17416250705719, -1.0354270935058594, 0.5120521783828735, -1.5053226947784424, -0.6486474275588989, 0.5905188322067261, 1.4590681791305542, 0.9306448698043823, -0.4301178753376007, 1.6100791692733765, -0.4340878129005432, 0.428568571805954, -0.8398033380508423, 0.5170122981071472, 0.3008960485458374, -0.356537789106369, -1.048834204673767, -0.19988378882408142, 0.7430398464202881, 0.2903863787651062, -0.39099016785621643, -0.7869592308998108, -1.0255649089813232, 0.3037165105342865, -0.9992750287055969, 0.4723300635814667, 0.8317865133285522, -1.6831364631652832, -0.29242342710494995, 1.0696485042572021, -1.2640712261199951, 0.34911543130874634, -0.07470106333494186, -1.1082075834274292, 2.7566170692443848, 1.6143839359283447, 0.32690829038619995, 0.05940937623381615, -0.18607434630393982, 1.0102943181991577, -0.25007495284080505, 2.3616549968719482, -0.0755893886089325, 0.4466642439365387, -0.15826742351055145, -0.6129918694496155, 0.28452348709106445, -1.393436312675476, 0.9312680959701538, 1.6602368354797363, -0.5164308547973633, 0.8242350816726685, -1.418796181678772, -0.7868037819862366, 0.029616419225931168, 0.9482423067092896, -0.5539124608039856, 0.7638785243034363, 0.165277898311615]",yunet,Facenet,1920,1080,/home/amos/media/tv/modern_family/Modern.Family.S09.1080p.DSNP.WEB-DL.DDP5.1.H.264-CRFW/Modern.Family.S09E21.The.Escape.1080p.DSNP.WEB-DL.DDP5.1.H.264-CRFW.mkv,Modern Family,2009,1442437,9,21,Sofía Vergara,63522.0,0.714
825,792,174,960,408,924,264,846,258,0.917,18336,0,"[0.226623073220253, 0.7302366495132446, 1.1778148412704468, 0.31317660212516785, -0.0380370058119297, -0.3126480281352997, -0.35365647077560425, 0.21332629024982452, -1.1711692810058594, -0.7568818926811218, 0.014343053102493286, 0.5848410725593567, 0.8661286234855652, -0.13082313537597656, -1.3577942848205566, -0.621637225151062, -0.11471591889858246, -0.051244787871837616, -1.324657678604126, -0.09590689092874527, -1.7470827102661133, 1.5221220254898071, -0.38848206400871277, 0.9976938366889954, 0.013614637777209282, 1.1956405639648438, -3.287053346633911, 2.589883327484131, 1.4985034465789795, -2.4766082763671875, 0.23709461092948914, -0.9611906409263611, -0.7646939158439636, -0.8564403653144836, 1.8961538076400757, 1.2728970050811768, -0.674163281917572, 0.026805125176906586, 0.1739240437746048, 1.4010497331619263, 0.657470703125, 1.2367024421691895, -0.30743250250816345, 0.4886528253555298, -0.15301306545734406, 0.3534814715385437, 1.0774179697036743, 0.14851067960262299, -0.6287199854850769, -1.9960404634475708, 0.4809209108352661, -0.5050463080406189, -0.19728296995162964, -1.1163008213043213, 0.5445717573165894, 0.812444806098938, 1.2141718864440918, 0.29274818301200867, 0.8049610257148743, 0.14419987797737122, 1.995585322380066, -1.237727165222168, -0.8610550761222839, -0.4569624066352844, -0.5691954493522644, 2.062469959259033, 0.9669750928878784, 1.0914915800094604, 2.5174660682678223, -0.23963101208209991, -0.9709188342094421, 1.6509954929351807, -1.055673360824585, 1.1133050918579102, -0.13952627778053284, 1.4275187253952026, -0.19607985019683838, 1.9970576763153076, 1.824933648109436, 1.0812547206878662, 0.8357242941856384, -0.863121747970581, -0.41835126280784607, -0.7774053812026978, -1.119168758392334, -1.276395320892334, 0.6381332874298096, -0.5450214147567749, 0.3669285774230957, 1.2855889797210693, 0.8816145658493042, -0.417790025472641, -1.1886118650436401, -0.640388011932373, 0.3608725368976593, 0.034711286425590515, 0.6168049573898315, -0.2792838513851166, 1.515312910079956, -0.3614978492259979, -1.0419037342071533, 0.3622071146965027, -2.37789249420166, 0.5924364924430847, -0.07038352638483047, 0.8500068187713623, 0.7990654706954956, -1.3939937353134155, -0.020224150270223618, -0.5034886598587036, 0.23981179296970367, 1.925549030303955, 0.7602901458740234, -0.26016727089881897, 0.43117958307266235, 2.241631507873535, -0.03841922804713249, -1.2301253080368042, 0.9637668132781982, -0.21343134343624115, -0.7964972257614136, 0.5194263458251953, -0.7741883993148804, -0.9911956191062927, 1.3228871822357178, -0.41571831703186035, 0.3856949806213379, -2.459454298019409]",yunet,Facenet,1920,1080,/home/amos/media/tv/modern_family/Modern.Family.S09.1080p.DSNP.WEB-DL.DDP5.1.H.264-CRFW/Modern.Family.S09E21.The.Escape.1080p.DSNP.WEB-DL.DDP5.1.H.264-CRFW.mkv,Modern Family,2009,1442437,9,21,Ty Burrell,15232.0,0.704
826,846,168,1032,414,996,270,912,270,0.918,18360,0,"[0.17317137122154236, 0.9348690509796143, 0.6043867468833923, 0.4636702239513397, -0.34447401762008667, -0.17759059369564056, -1.7506805658340454, 0.039573632180690765, -0.99708092212677, -0.7482824921607971, 0.9643684029579163, 1.4245625734329224, 0.2533189058303833, -0.9991612434387207, -1.0771032571792603, -0.7174729704856873, 0.14427846670150757, 0.48837584257125854, -0.9570561647415161, 0.1663787066936493, -1.762844204902649, 1.0786789655685425, -0.5858559012413025, 0.799605667591095, 0.07759265601634979, 0.4934470057487488, -2.977465867996216, 3.0199155807495117, 0.9910971522331238, -2.490936279296875, 0.38272935152053833, -0.680666983127594, -0.3680059313774109, -1.0762457847595215, 1.2441655397415161, 1.5844043493270874, -0.28698140382766724, -0.05525777488946915, -0.3851986527442932, 2.159982919692993, 1.1973528861999512, 1.2258352041244507, 0.03316448628902435, 0.7310512065887451, 0.3094988465309143, 0.13027776777744293, 1.009758472442627, 0.6430158615112305, 0.3568296432495117, -1.7261228561401367, 0.09243308752775192, -0.47882556915283203, 0.5351061820983887, -0.46468156576156616, 0.7179506421089172, 1.418989658355713, 1.6201967000961304, 0.9137889742851257, -0.005045425146818161, -0.19051843881607056, 2.056947946548462, -1.284995198249817, -0.7501765489578247, 0.28525498509407043, 0.2798558175563812, 2.0477921962738037, 1.501854419708252, 0.9684993624687195, 1.4781986474990845, -0.6646106243133545, -0.9762320518493652, 1.5010403394699097, -1.1615831851959229, 1.4613665342330933, -0.023327726870775223, 0.2431669384241104, -0.022369906306266785, 2.186271905899048, 0.9052249193191528, 1.5569820404052734, 0.4910171329975128, -1.3920824527740479, 0.4050060510635376, -0.7292771935462952, -1.4713068008422852, -0.797919750213623, -0.3571600019931793, 0.2240671068429947, 0.3093929588794708, 0.4076927900314331, 0.6994763016700745, -1.1312451362609863, -0.7041388750076294, -0.5936876535415649, 1.3539667129516602, -0.8825187683105469, 0.25341328978538513, -0.6359912157058716, 0.8233227133750916, -0.29502615332603455, -0.7208364605903625, 0.47207462787628174, -2.2075109481811523, 0.8098825812339783, -0.22999417781829834, 0.8490846157073975, 0.9177964329719543, -1.5381377935409546, 0.4661864638328552, -0.6207563877105713, -0.35472434759140015, 2.2381439208984375, 0.6887047290802002, 0.38841602206230164, -0.022932564839720726, 1.788809895515442, -0.19504059851169586, -1.1962690353393555, 1.6115760803222656, 0.05423353239893913, -1.5553926229476929, 0.04285317659378052, 0.2200954705476761, -1.612106204032898, 1.8658888339996338, -0.4635249674320221, 1.075498342514038, -0.9607903361320496]",yunet,Facenet,1920,1080,/home/amos/media/tv/modern_family/Modern.Family.S09.1080p.DSNP.WEB-DL.DDP5.1.H.264-CRFW/Modern.Family.S09E21.The.Escape.1080p.DSNP.WEB-DL.DDP5.1.H.264-CRFW.mkv,Modern Family,2009,1442437,9,21,Ty Burrell,15232.0,0.677
827,900,186,1086,450,1050,288,966,288,0.91,18384,0,"[-0.0215190127491951, 0.8818267583847046, 1.0337039232254028, 0.5025018453598022, -0.22039933502674103, -0.268293559551239, -1.287023663520813, -0.31444504857063293, -0.8938592076301575, -0.6482514142990112, 0.012266069650650024, 0.8547857999801636, 0.42961013317108154, -0.6148389577865601, -1.575180172920227, -0.8423558473587036, 0.15103201568126678, -0.27126261591911316, -0.8960449695587158, -0.07248210161924362, -1.4241538047790527, 1.2556078433990479, -0.15178382396697998, 1.4015134572982788, -0.16290752589702606, 0.7469701170921326, -2.735694169998169, 2.8996543884277344, 1.3658727407455444, -2.7849390506744385, 0.648370623588562, -1.121363639831543, -0.034793660044670105, -1.199501633644104, 1.6494863033294678, 0.9364936351776123, -0.424828439950943, 0.23777341842651367, 0.4201523959636688, 1.3069225549697876, 0.23143841326236725, 0.92596435546875, -0.5872756242752075, 0.024872146546840668, 0.189631387591362, 0.35650938749313354, 0.8574812412261963, 0.3171318471431732, 0.11025193333625793, -1.9759129285812378, 0.46450304985046387, -0.7121513485908508, 0.5015947222709656, -1.2035661935806274, 0.7467269897460938, 1.5824344158172607, 1.6442492008209229, 0.4517803490161896, -0.0764199048280716, 0.20015490055084229, 1.6265597343444824, -0.993482768535614, -0.8736370801925659, -0.4444182813167572, -1.0353509187698364, 2.182840347290039, 1.7169407606124878, 0.8558628559112549, 2.345752000808716, -0.013627526350319386, -0.7763252854347229, 1.4645322561264038, -1.3148468732833862, 1.312416434288025, -0.7565556168556213, 0.8453637957572937, -0.39106279611587524, 1.6164414882659912, 1.7658683061599731, 0.6862543821334839, 1.0486350059509277, -1.2976248264312744, 0.8400008678436279, -0.5305173993110657, -1.3521620035171509, -0.5020506978034973, 0.8444464802742004, -0.004773929715156555, 0.3661262094974518, 0.5967437028884888, 0.8068483471870422, -0.8154517412185669, -0.8709365129470825, -0.059227608144283295, 1.1735705137252808, -0.5381270051002502, 0.13243362307548523, -0.23266379535198212, 1.2492806911468506, -0.24892376363277435, -0.7971983551979065, 0.6098190546035767, -1.9287089109420776, 0.7171322107315063, 0.20898404717445374, 0.3830870985984802, 0.6950563192367554, -1.2910248041152954, -0.16129115223884583, -0.8329641222953796, -0.46759915351867676, 1.7252882719039917, 0.23304085433483124, 0.26047033071517944, -0.4759521484375, 2.1496376991271973, -0.11046332865953445, -0.7612316608428955, 0.8485519886016846, -0.25054654479026794, -1.2163550853729248, 0.443789541721344, -0.4442371129989624, -1.0018547773361206, 2.045294761657715, -0.3953603506088257, 0.91209876537323, -2.0476462841033936]",yunet,Facenet,1920,1080,/home/amos/media/tv/modern_family/Modern.Family.S09.1080p.DSNP.WEB-DL.DDP5.1.H.264-CRFW/Modern.Family.S09E21.The.Escape.1080p.DSNP.WEB-DL.DDP5.1.H.264-CRFW.mkv,Modern Family,2009,1442437,9,21,Ty Burrell,15232.0,0.686
828,840,252,1032,516,984,360,900,360,0.929,18408,0,"[0.36010533571243286, 0.6440227031707764, 0.979932963848114, 0.210386723279953, -0.18085508048534393, 0.9491794109344482, -0.9208767414093018, 0.0019522514194250107, 0.18166929483413696, -0.737320065498352, 0.21944749355316162, 1.2218878269195557, 0.8656497001647949, -0.1981891393661499, -1.588912844657898, 0.34226924180984497, 0.16735771298408508, -0.13393734395503998, -0.7324935793876648, 0.8965970277786255, -1.7008165121078491, 1.8511286973953247, -0.5135223865509033, 0.448882132768631, -0.13775533437728882, 2.078941822052002, -2.373335599899292, 2.523768424987793, 1.4530671834945679, -2.3722786903381348, 0.07011990994215012, -0.5447924137115479, -0.5335574746131897, -0.9264155030250549, 0.9891420602798462, 1.0609619617462158, -0.16981978714466095, 0.0030908584594726562, 0.10329946875572205, 1.280907154083252, 0.6248169541358948, 0.2600415349006653, -0.31715941429138184, -0.0001858249306678772, 0.43213406205177307, 0.45513686537742615, -0.14196135103702545, 0.11972089111804962, 1.2732442617416382, -1.5272482633590698, 0.9465228319168091, -0.8660374879837036, -0.41749754548072815, -1.1328758001327515, 0.019698230549693108, 0.7411690354347229, 0.5534538626670837, -0.08185571432113647, 0.8964921236038208, 0.10453001409769058, 0.6274440884590149, 0.04116549342870712, -0.4418482184410095, 0.6211411356925964, -0.40608638525009155, 2.1239633560180664, 1.4897316694259644, 1.1441631317138672, 3.0961618423461914, 0.07041196525096893, -0.7905316352844238, 1.1023834943771362, -0.879334032535553, 1.1181517839431763, 0.34076353907585144, 0.4771675765514374, -0.3284052014350891, 0.958095133304596, 0.9172577261924744, 1.2064192295074463, 0.11461778730154037, -1.7896363735198975, 0.06317014992237091, -0.6507436037063599, -0.871232807636261, -1.5099161863327026, -0.1140822023153305, 0.3896651864051819, -0.2079155147075653, 0.2626466453075409, 1.2128316164016724, -1.451746940612793, -0.2597043812274933, -1.1692216396331787, 0.44361570477485657, -0.39013707637786865, 0.9182576537132263, 0.6025978922843933, 0.6574620008468628, -0.3527200520038605, -0.3106309175491333, 0.39950570464134216, -1.9363003969192505, 0.9719064831733704, -1.253658652305603, 1.9880558252334595, 0.9349379539489746, -2.096465587615967, -0.8598054051399231, -0.16235801577568054, 0.6836627721786499, 2.519111394882202, 0.0032660141587257385, -0.4804219603538513, 1.4806642532348633, 2.139362335205078, -0.14105035364627838, -0.6937914490699768, 0.9741834402084351, -0.7961248755455017, -0.081402987241745, 0.2582748532295227, 0.910307765007019, -0.6929042935371399, 1.4312883615493774, -1.7611825466156006, 1.13721764087677, -0.19435559213161469]",yunet,Facenet,1920,1080,/home/amos/media/tv/modern_family/Modern.Family.S09.1080p.DSNP.WEB-DL.DDP5.1.H.264-CRFW/Modern.Family.S09E21.The.Escape.1080p.DSNP.WEB-DL.DDP5.1.H.264-CRFW.mkv,Modern Family,2009,1442437,9,21,Ty Burrell,15232.0,0.724
829,1392,282,1518,450,1494,354,1446,348,0.9,18456,0,"[0.9769409894943237, 0.364443302154541, 0.8421949744224548, -0.28017956018447876, 0.17707177996635437, 0.29135552048683167, -0.743080198764801, -0.22259005904197693, 0.8390212059020996, -0.9957175254821777, -0.2950145900249481, 0.3349517583847046, -0.04058132693171501, 0.049607083201408386, -2.5233683586120605, -0.6655968427658081, -0.07300092279911041, -0.5142987966537476, -0.6405296921730042, 0.29215124249458313, -2.545041084289551, 2.243117094039917, 0.5429144501686096, 0.05323197692632675, -1.0920029878616333, 1.9665532112121582, -0.9685349464416504, 1.4779614210128784, 0.601849377155304, -1.4182695150375366, -0.668228030204773, -0.6088677644729614, 0.2573016881942749, -1.255671739578247, -0.06122003495693207, 2.3692843914031982, 0.5785731077194214, -0.11976855248212814, 0.21266090869903564, 0.4150596857070923, 0.9600027203559875, -0.9346344470977783, -0.7672054767608643, -0.17958322167396545, 0.6668443083763123, 0.23080936074256897, -0.26714110374450684, -0.13868336379528046, -1.447248935699463, -1.268522024154663, 1.3907039165496826, -1.605305552482605, -0.3693637251853943, -1.3468824625015259, -0.326572984457016, 0.22125494480133057, -0.08731085062026978, 0.6934314966201782, 0.3076187074184418, -1.8966060876846313, 0.23106300830841064, -1.3521614074707031, -1.1280570030212402, 0.14402443170547485, -1.0593475103378296, 2.670942783355713, 0.9841809868812561, 0.5165386199951172, 1.8184460401535034, -0.28910958766937256, -0.08368418365716934, 0.948331356048584, 0.284820020198822, 1.1467431783676147, -0.3766898512840271, 1.4700615406036377, -0.10557522624731064, 1.0308878421783447, 2.1431667804718018, 0.11147820949554443, -0.7481353878974915, -0.06809371709823608, 0.07448422908782959, 0.1311044991016388, -0.7423314452171326, -1.894388198852539, 1.2357784509658813, 0.0652264952659607, 1.271871566772461, 0.6454229950904846, 0.016229107975959778, -0.9884271025657654, -0.33002567291259766, -0.2112673819065094, -0.04599664360284805, -1.0569056272506714, 0.5945156812667847, 0.6318565607070923, -0.8264238238334656, -1.0389512777328491, 0.2982271909713745, 0.19898903369903564, -1.3378629684448242, -0.05896203964948654, -1.5346704721450806, 1.945216417312622, 1.5496150255203247, -1.9692540168762207, -0.027224130928516388, 0.3629293739795685, 0.7804781198501587, 2.7709155082702637, 0.6900407075881958, 0.29508718848228455, 1.1452982425689697, 2.6573188304901123, -0.7053414583206177, -1.532490611076355, 0.29928019642829895, -0.5549407601356506, -1.3350366353988647, 1.1895791292190552, 0.16081005334854126, -0.10822883993387222, 1.498788595199585, -0.6457967162132263, 1.8146125078201294, -0.6605520844459534]",yunet,Facenet,1920,1080,/home/amos/media/tv/modern_family/Modern.Family.S09.1080p.DSNP.WEB-DL.DDP5.1.H.264-CRFW/Modern.Family.S09E21.The.Escape.1080p.DSNP.WEB-DL.DDP5.1.H.264-CRFW.mkv,Modern Family,2009,1442437,9,21,Ty Burrell,15232.0,0.704
830,1254,186,1374,342,1326,252,1272,252,0.902,18504,0,"[0.42330121994018555, 1.2021905183792114, 0.9534508585929871, -0.21294966340065002, -0.4869539141654968, -0.2790510058403015, -2.1594715118408203, -0.644286572933197, -0.3194405138492584, -0.5429686307907104, 0.30862513184547424, 0.9841306209564209, 0.6087050437927246, -1.0660178661346436, -1.3574285507202148, -1.1235321760177612, 0.24216778576374054, 0.019435539841651917, -0.698676347732544, -0.007618897594511509, -1.0293325185775757, 1.0643317699432373, -0.9477230310440063, 1.0315319299697876, -0.33584901690483093, 0.9875445365905762, -3.0816707611083984, 2.6928577423095703, 1.1230508089065552, -2.4619598388671875, 0.12383335083723068, -0.7154712080955505, -0.9427584409713745, -0.8758983016014099, 1.1207317113876343, 1.4141465425491333, -0.3765706717967987, 0.3670932948589325, 0.3510217070579529, 1.0438120365142822, 1.354394555091858, 0.7053236961364746, -0.7041046619415283, 0.44197219610214233, -0.5238986611366272, -0.08094457536935806, 1.7493586540222168, 0.11598242819309235, -0.03827798366546631, -1.5718448162078857, -0.2273966521024704, -0.1013503223657608, -0.12954875826835632, -1.1549395322799683, 0.8541003465652466, 1.1624244451522827, 1.9256876707077026, -0.26076561212539673, -0.1792144924402237, 0.5937818288803101, 1.876142978668213, -1.9300943613052368, -0.641771674156189, -0.26131534576416016, -0.2848179042339325, 2.5624608993530273, 1.671571969985962, 0.4334033727645874, 1.8925570249557495, -0.038797419518232346, -0.5792272090911865, 1.2519811391830444, -1.1616133451461792, 1.118943452835083, 0.39128804206848145, 0.8741069436073303, -0.6261372566223145, 1.1487047672271729, 1.0274449586868286, 0.7236934900283813, 0.7111719250679016, -1.7371296882629395, 1.2421824932098389, 0.08416716754436493, -0.5642192363739014, -0.08303061127662659, -0.26660627126693726, 0.12437419593334198, 0.8644239902496338, 0.7239848375320435, 0.583698034286499, -1.5305413007736206, -0.23374634981155396, -0.49375709891319275, 1.5939340591430664, -0.04351687431335449, -0.11537617444992065, 0.29769667983055115, 0.655970573425293, -1.1959984302520752, -0.1270553171634674, 0.628040611743927, -2.17417049407959, 0.2524159848690033, 0.0009637176990509033, 1.0658115148544312, 0.6251322031021118, -0.42276522517204285, 0.34589365124702454, -0.5068139433860779, -0.4403313994407654, 2.1314380168914795, -0.17325761914253235, 0.3288145065307617, -0.2501739263534546, 1.3139492273330688, -0.702308177947998, -1.5098694562911987, 0.9704239368438721, -0.22254879772663116, -0.6856634616851807, 0.19324558973312378, -0.35537058115005493, -1.585642695426941, 1.5697602033615112, -0.7380512356758118, 0.9103279709815979, -1.5451873540878296]",yunet,Facenet,1920,1080,/home/amos/media/tv/modern_family/Modern.Family.S09.1080p.DSNP.WEB-DL.DDP5.1.H.264-CRFW/Modern.Family.S09E21.The.Escape.1080p.DSNP.WEB-DL.DDP5.1.H.264-CRFW.mkv,Modern Family,2009,1442437,9,21,Ty Burrell,15232.0,0.695
831,900,180,1086,438,996,270,936,270,0.92,18576,0,"[1.0165977478027344, 1.3895103931427002, 0.8290666937828064, -0.40682709217071533, -0.38475897908210754, 0.0015104077756404877, -1.158899188041687, -0.03514743596315384, -0.6696203947067261, -0.8020928502082825, -0.4775836765766144, 1.7304753065109253, 0.777656614780426, -0.6105910539627075, -1.196235179901123, 0.13982445001602173, 0.24843730032444, -0.29028981924057007, -0.28554147481918335, 0.7158820629119873, -0.9974997043609619, 1.6371815204620361, -0.5645930767059326, 0.5131922364234924, 0.22645704448223114, 1.145555019378662, -3.748488426208496, 2.8126840591430664, 1.1477524042129517, -2.6190812587738037, 0.12151217460632324, -0.8919380307197571, -0.860258936882019, -1.1700396537780762, 1.3440359830856323, 0.023887362331151962, 0.8307453989982605, 0.4551531672477722, 0.36690402030944824, 0.908374547958374, -0.8008180856704712, 1.4799025058746338, -0.47444918751716614, 0.04199342429637909, -0.8069890141487122, 0.34271669387817383, 0.2851448655128479, 0.6510927677154541, -0.20038408041000366, -0.6745455265045166, 0.6872374415397644, -0.6161496043205261, -0.20816439390182495, -0.7787879109382629, 0.7933431267738342, 0.6801779866218567, 1.2204111814498901, 0.2675298750400543, 0.44029685854911804, 0.8790585994720459, 1.291541576385498, -0.7859808802604675, -0.18525409698486328, -0.39097166061401367, -0.9388166666030884, 1.8966948986053467, 1.2591525316238403, 0.7554000020027161, 2.301288604736328, 0.1294984072446823, -0.45136913657188416, 1.2339801788330078, -1.893059492111206, 1.130573034286499, -0.2507900893688202, 0.9442623853683472, -0.6631966829299927, 1.0334384441375732, 1.4605276584625244, 0.28870368003845215, 0.8124274015426636, -1.749929428100586, 0.0305551216006279, -0.0265179555863142, -1.234796404838562, -1.2403706312179565, 0.4953332841396332, -0.8028472661972046, 0.3598950505256653, 0.27482596039772034, 0.7461739182472229, -2.294220209121704, -0.7366427183151245, -1.3894165754318237, 0.4825087785720825, 0.01831614412367344, 0.6280295848846436, -0.36265677213668823, 1.275592565536499, -0.849357545375824, -0.10221413522958755, 0.5354754328727722, -2.1081628799438477, 0.19928595423698425, -0.7891419529914856, 0.4812988042831421, 0.11755861341953278, -2.0237393379211426, 0.1455482542514801, 0.17523297667503357, 0.03771943971514702, 1.2783056497573853, 0.5921285152435303, -0.18771250545978546, 0.48726361989974976, 1.2839983701705933, -0.8146225214004517, -0.7597346305847168, 0.42505645751953125, -0.4398227632045746, -0.37879621982574463, 0.037438612431287766, -0.26949864625930786, -0.5756326913833618, 1.5082753896713257, -0.6763104796409607, 0.5863462090492249, -1.983578085899353]",yunet,Facenet,1920,1080,/home/amos/media/tv/modern_family/Modern.Family.S09.1080p.DSNP.WEB-DL.DDP5.1.H.264-CRFW/Modern.Family.S09E21.The.Escape.1080p.DSNP.WEB-DL.DDP5.1.H.264-CRFW.mkv,Modern Family,2009,1442437,9,21,Ty Burrell,15232.0,0.803
832,480,198,672,480,642,306,600,306,0.908,18600,0,"[0.9082616567611694, -0.5236736536026001, -1.381641149520874, 1.0668550729751587, 1.6102592945098877, -0.4093700051307678, 2.3852570056915283, -0.8602673411369324, 1.3055624961853027, 1.0083956718444824, -0.4939575493335724, -1.5317021608352661, -0.7778893113136292, -0.3229671120643616, 0.5977823734283447, 0.07906042039394379, -1.705414891242981, -1.4651752710342407, -0.5029383301734924, -0.18240465223789215, -0.8474538326263428, 1.1723060607910156, -0.4102303087711334, 1.9331530332565308, 1.2836862802505493, 0.907994270324707, 2.5289580821990967, -1.3426499366760254, 0.28585612773895264, -0.9336903095245361, -0.18036045134067535, 0.744183361530304, -2.7425084114074707, 2.8821513652801514, -1.22549307346344, -0.4026772379875183, -0.41366806626319885, -2.1910481452941895, 1.3586435317993164, -1.7811435461044312, 0.4407635033130646, -0.735659658908844, -0.18711039423942566, -0.6581734418869019, 0.10444941371679306, -0.5805227160453796, -0.2420959323644638, -0.53724205493927, -1.3114848136901855, 0.9235986471176147, -1.2124897241592407, 0.208199605345726, -1.6151026487350464, 1.6015393733978271, -0.8367881774902344, -2.4185965061187744, 1.3588590621948242, -0.3988191783428192, -1.7201099395751953, -0.9409600496292114, -1.2113890647888184, -1.0496580600738525, 0.4592113792896271, -0.14503905177116394, 0.1882195770740509, 1.2541440725326538, -0.5439234972000122, -0.17524655163288116, -1.927473783493042, -1.2047415971755981, 0.505102813243866, -1.5630589723587036, 1.1278325319290161, 0.6541796922683716, 0.6447464823722839, -0.13306064903736115, -0.28414005041122437, 0.715495765209198, 0.8754696249961853, 1.1781532764434814, -1.4352517127990723, 2.043255567550659, 0.4888373911380768, -1.5550554990768433, -0.4565413296222687, 0.8017876148223877, -0.056862473487854004, 1.5676268339157104, 1.5184745788574219, 0.6271955966949463, 0.5754179358482361, 0.1006377562880516, 0.4762890040874481, 0.35511475801467896, 2.3265628814697266, -0.40606454014778137, -1.8243207931518555, 0.9697623252868652, -0.6707809567451477, 0.18047495186328888, 0.12036772072315216, -0.5125211477279663, -0.888399600982666, -0.053778864443302155, 0.7334611415863037, 0.26360875368118286, 0.30207180976867676, 1.056995153427124, -0.7546865940093994, -1.4664613008499146, 0.32370924949645996, -0.44255179166793823, 1.7776271104812622, -1.857797384262085, 0.7673747539520264, 0.4393186867237091, -0.8067513704299927, 0.5145502090454102, 0.9133986234664917, 0.9286600351333618, -0.7941962480545044, 0.774478554725647, 0.7957038283348083, -0.20851343870162964, 0.0768694281578064, 0.43327972292900085, 0.904270350933075, 0.1440906524658203]",yunet,Facenet,1920,1080,/home/amos/media/tv/modern_family/Modern.Family.S09.1080p.DSNP.WEB-DL.DDP5.1.H.264-CRFW/Modern.Family.S09E21.The.Escape.1080p.DSNP.WEB-DL.DDP5.1.H.264-CRFW.mkv,Modern Family,2009,1442437,9,21,Eric Stonestreet,156962.0,0.502
833,516,204,744,528,600,324,552,318,0.908,19440,0,"[0.8303557634353638, -0.9989503622055054, -0.9674882292747498, 0.779198408126831, 2.142300605773926, 0.3924424350261688, 0.5116444826126099, 0.05108898878097534, 1.5096062421798706, 1.1071141958236694, -1.6433637142181396, -1.1783885955810547, -1.691184163093567, 1.4897096157073975, -0.23655179142951965, 0.3377721309661865, -0.769593358039856, -1.640137791633606, -1.1842378377914429, 0.33175089955329895, 0.32509681582450867, 1.2694801092147827, -0.587171196937561, 2.0574145317077637, 2.169534206390381, 0.42950406670570374, 1.1766968965530396, -0.8877916932106018, 1.1797112226486206, -0.7615751028060913, 1.7745673656463623, 0.9063407182693481, -1.5194542407989502, 1.9128046035766602, -1.3081825971603394, -0.1729530245065689, 0.6886734366416931, -2.0481600761413574, 0.11471988260746002, -0.9904924631118774, -0.7217906713485718, 0.6337470412254333, -0.04817381501197815, -1.1994009017944336, -0.45920461416244507, -0.011419017799198627, -1.1665948629379272, 0.5613212585449219, -2.285878896713257, 2.0069775581359863, -0.9336718916893005, -0.48759710788726807, -1.0200717449188232, 1.2300156354904175, -0.7521803975105286, -1.546653389930725, 0.6742963194847107, -1.4490008354187012, -1.0106587409973145, -0.30372828245162964, -0.5108446478843689, 0.586825966835022, 0.07195239514112473, 1.6625500917434692, -1.2995936870574951, 0.8419674634933472, -0.8857806324958801, 0.9368772506713867, -0.40550780296325684, -1.6010571718215942, 0.5557035207748413, -1.1941272020339966, 1.2192202806472778, 0.6990377902984619, 1.285909652709961, 0.19192363321781158, 1.2313756942749023, 0.45910584926605225, 0.5549334287643433, 1.219720721244812, -2.797402858734131, 1.0606141090393066, -0.36135149002075195, -0.7454814910888672, 0.06091035529971123, 0.28290730714797974, 1.1309336423873901, 0.3030272126197815, 2.2150630950927734, 0.6368998289108276, -0.09402353316545486, 0.358242005109787, -0.28779980540275574, 0.22137564420700073, 2.598252296447754, 0.29536452889442444, -1.3485716581344604, 0.5586960911750793, -0.5368742942810059, 0.07210921496152878, 0.6724156141281128, 1.5436978340148926, -1.4328193664550781, -2.1972765922546387, 0.9962496161460876, -1.481621503829956, -0.21745847165584564, -0.4292888939380646, 0.16692352294921875, -1.7891619205474854, 0.3819931149482727, -0.8799092769622803, 1.491797685623169, -1.8924002647399902, 0.3817315995693207, 1.682659387588501, -0.3381496071815491, 1.6659858226776123, -1.1643180847167969, 0.5848923921585083, -0.28778260946273804, 0.2561407685279846, 1.056333065032959, -0.49147388339042664, 0.5954143404960632, -0.5284542441368103, 0.7299062609672546, 0.5079202055931091]",yunet,Facenet,1920,1080,/home/amos/media/tv/modern_family/Modern.Family.S09.1080p.DSNP.WEB-DL.DDP5.1.H.264-CRFW/Modern.Family.S09E21.The.Escape.1080p.DSNP.WEB-DL.DDP5.1.H.264-CRFW.mkv,Modern Family,2009,1442437,9,21,Eric Stonestreet,156962.0,0.548
834,996,102,1146,300,1110,192,1050,186,0.901,19656,0,"[1.1785919666290283, -2.0294430255889893, -0.1965419501066208, -1.5827109813690186, 0.30241528153419495, 1.103921890258789, 0.525127112865448, -0.33502715826034546, 0.9030872583389282, 1.1066917181015015, 0.09754607826471329, -0.6947761178016663, -1.8012763261795044, 0.6652137041091919, -0.9653698205947876, -0.3214576840400696, -1.661490797996521, -0.7974458336830139, 0.9914436340332031, -2.279864549636841, 0.9477618932723999, -1.0835360288619995, 0.9457710981369019, -2.0496456623077393, 0.9174646139144897, -0.378557413816452, 0.4101937413215637, -2.039506435394287, -0.06840497255325317, 0.011956499889492989, -0.681405782699585, 0.8507969975471497, -0.14843733608722687, 0.22176000475883484, -0.14326465129852295, -0.2086927741765976, -0.8576040267944336, 2.5296881198883057, 1.9827277660369873, -2.339944839477539, 0.4032649099826813, 1.1287498474121094, -1.932885766029358, -2.847984790802002, -0.6480335593223572, -1.2598402500152588, -0.6413055658340454, 1.2885773181915283, 0.7438563704490662, 0.15338441729545593, -0.2823050022125244, 0.13429836928844452, -0.25724080204963684, -0.9019519090652466, 1.1429861783981323, -1.5631369352340698, 0.08125939965248108, 1.3406171798706055, -0.1586938053369522, 0.47480884194374084, 0.5431111454963684, -1.869627833366394, -0.16137737035751343, 0.4906318485736847, 1.0885852575302124, -0.2753276228904724, -0.8265388607978821, 1.2537208795547485, 0.44719937443733215, 0.4390760064125061, -0.8308128714561462, 0.008875370025634766, -2.9883265495300293, 0.4952465891838074, 0.48980963230133057, -0.5775135159492493, -1.1157454252243042, 0.7254984378814697, 0.1989002227783203, -0.3836948275566101, -1.4677263498306274, -0.5535578727722168, 1.1904011964797974, -0.4499415159225464, -2.026885509490967, 0.7360355854034424, 1.1115928888320923, -0.5691283345222473, -1.5269486904144287, -1.1252331733703613, 0.5279643535614014, 0.6194785833358765, 1.0946131944656372, 0.5980749726295471, 1.4618686437606812, 0.7900551557540894, -2.263266086578369, 0.9630874991416931, 0.39806288480758667, 0.3891758620738983, -1.3077765703201294, -0.3110140264034271, -0.9242856502532959, -0.7661606669425964, 0.4141561985015869, 0.4187818765640259, -0.625897228717804, -0.40479913353919983, -1.2324360609054565, -0.8036607503890991, 0.13787727057933807, -1.3759242296218872, -1.2561867237091064, -0.8039307594299316, 0.27451974153518677, 1.7155746221542358, -0.11884883791208267, 0.6408802270889282, -1.4766846895217896, 1.5723061561584473, -1.6671113967895508, 1.0290859937667847, 0.0008260719478130341, 1.2384554147720337, -0.6034123301506042, 0.3700234293937683, -1.7942785024642944, -0.335673451423645]",yunet,Facenet,1920,1080,/home/amos/media/tv/modern_family/Modern.Family.S09.1080p.DSNP.WEB-DL.DDP5.1.H.264-CRFW/Modern.Family.S09E21.The.Escape.1080p.DSNP.WEB-DL.DDP5.1.H.264-CRFW.mkv,Modern Family,2009,1442437,9,21,Chris Geere,62879.0,0.686
835,666,162,768,294,744,216,702,216,0.907,19728,0,"[-0.4453100860118866, -0.8504911661148071, 0.9152234792709351, 2.685210943222046, 1.5923629999160767, 1.5605058670043945, 1.310461163520813, -1.9013878107070923, 0.9992204308509827, 2.9363346099853516, -1.8553295135498047, 0.5304606556892395, -0.6648996472358704, 1.155027151107788, -1.086717128753662, -2.3648431301116943, -0.5267627239227295, -0.7995409369468689, -0.3672974407672882, -0.17121931910514832, 0.6308742761611938, -1.5317469835281372, 0.3947606086730957, 0.2287134826183319, -0.34069642424583435, 0.6695716977119446, 0.9165129661560059, -1.8268425464630127, 2.3800947666168213, 0.5844932198524475, 1.2757669687271118, -1.2390992641448975, -0.9376102089881897, -2.0414016246795654, 0.9733290076255798, -0.39931362867355347, -3.1055305004119873, 0.4875812828540802, -0.5932210683822632, -1.1183865070343018, 0.8533368110656738, -0.03208761662244797, 0.11969725042581558, 1.1516507863998413, -0.26007524132728577, -0.35633355379104614, -0.43200650811195374, 1.602196216583252, -1.372011423110962, 0.06812359392642975, -0.37668657302856445, 2.126971960067749, 1.2739746570587158, -0.1928280144929886, -0.5547621846199036, 0.9105761051177979, 1.4917415380477905, -0.7140064835548401, 0.594837486743927, -0.07870063185691833, -0.6898285150527954, -0.32201141119003296, 0.24185055494308472, -0.06403295695781708, -0.5832039713859558, 1.0901236534118652, 0.08632069081068039, 0.537918746471405, -0.05424713343381882, 1.8856935501098633, -0.05773738771677017, -0.45487239956855774, 0.7566626071929932, 0.7281317710876465, -0.5622266530990601, -0.8439196348190308, 1.3548682928085327, -1.1324453353881836, -1.5794792175292969, -0.21423973143100739, 0.17481335997581482, -0.6889642477035522, 1.2416960000991821, -0.4047427177429199, -0.5529303550720215, -0.40597331523895264, 0.4740130305290222, -1.2765398025512695, 1.0531249046325684, -0.5182456374168396, -1.7688606977462769, 0.8968793749809265, 0.20814043283462524, 1.217971682548523, 0.7147182822227478, 0.4421060085296631, 0.15330864489078522, 0.2170947790145874, -0.4182855784893036, -0.9216822385787964, -0.7616376876831055, 0.7791340351104736, -0.5669529438018799, 0.694502055644989, 1.4449448585510254, 0.1952246129512787, 0.6691246628761292, -0.07151001691818237, 2.3720054626464844, -1.124148964881897, 0.4660928249359131, 1.6355946063995361, -0.4420200288295746, 1.1072731018066406, -0.5104541778564453, 0.7684112787246704, -0.4670887291431427, 0.9294419288635254, -0.42252758145332336, -0.8374441266059875, 1.488664984703064, -0.7403501272201538, -0.1627478152513504, -0.5819545984268188, 0.38490527868270874, 0.8899591565132141, 1.9663853645324707, 0.1906242072582245]",yunet,Facenet,1920,1080,/home/amos/media/tv/modern_family/Modern.Family.S09.1080p.DSNP.WEB-DL.DDP5.1.H.264-CRFW/Modern.Family.S09E21.The.Escape.1080p.DSNP.WEB-DL.DDP5.1.H.264-CRFW.mkv,Modern Family,2009,1442437,9,21,Sarah Hyland,91351.0,0.611
836,714,240,828,378,804,294,750,294,0.904,19752,0,"[-1.0045592784881592, -1.0045591592788696, 0.12709940969944, 1.6003011465072632, 1.6094107627868652, 0.6403724551200867, -0.26201358437538147, -1.8624701499938965, -0.30304718017578125, 2.542024850845337, -0.9779965281486511, 1.4359718561172485, -0.3431035876274109, 0.5909743309020996, -0.19876238703727722, -0.4738078713417053, -0.5734455585479736, -0.7336758971214294, -0.5717496871948242, -0.436687707901001, -0.7530534267425537, -0.45645105838775635, 0.31728723645210266, -0.3095947206020355, -0.5596938729286194, 0.009819582104682922, 0.815308690071106, -0.24158304929733276, 2.563771963119507, 0.9987756013870239, 0.5552318096160889, -2.0001511573791504, -0.7310732007026672, -1.858350157737732, 1.9218318462371826, -0.2848908305168152, -2.4501900672912598, 0.912702739238739, -0.5649100542068481, -1.0649900436401367, 0.011409556493163109, -0.502465546131134, -0.3804539144039154, 1.5759985446929932, 0.44300952553749084, -2.13482928276062, -0.48187926411628723, 0.8142913579940796, 0.26095062494277954, 0.8864269256591797, -1.1754486560821533, 1.6478136777877808, 1.9393184185028076, -0.6377476453781128, -0.4357546269893646, 0.7620006203651428, 1.138114333152771, -0.43421462178230286, 1.0786420106887817, 0.7720478773117065, -0.02678765542805195, 0.20932187139987946, -0.13036982715129852, 0.016392670571804047, -1.3787767887115479, 2.0734663009643555, -0.09422711282968521, 0.01877792738378048, 0.14737197756767273, 1.338855504989624, -0.5913849472999573, -1.0176233053207397, 0.34417620301246643, 0.49898356199264526, 0.7571362257003784, -0.4193256199359894, 1.0165085792541504, -0.7112748622894287, -0.16696685552597046, -0.4333760142326355, -0.2785835564136505, 0.14753559231758118, 0.3410230576992035, 0.7195232510566711, 0.22940337657928467, -0.7849166393280029, -0.07060990482568741, -0.28894534707069397, 0.924728274345398, -0.5439387559890747, -1.891339898109436, 0.7391848564147949, -0.14842373132705688, 0.17882376909255981, 1.1951544284820557, 0.2418012022972107, -0.8221755027770996, -0.3450543284416199, -0.3111459016799927, -0.9449182152748108, -0.23338636755943298, 0.2580443024635315, -0.9228159189224243, 1.1102659702301025, 2.7967331409454346, 0.42380034923553467, 1.7222007513046265, 0.06572351604700089, 1.7334247827529907, -1.259421944618225, 2.1897339820861816, 1.3030551671981812, -0.886704683303833, 1.744016408920288, -0.4845486283302307, 0.3740968406200409, 0.21565043926239014, 1.0789148807525635, -1.114637851715088, 0.21233414113521576, 2.5227432250976562, -1.0161594152450562, -0.5139569640159607, -0.9960750937461853, 0.166020005941391, 0.6666085124015808, 1.8101880550384521, -0.7425867319107056]",yunet,Facenet,1920,1080,/home/amos/media/tv/modern_family/Modern.Family.S09.1080p.DSNP.WEB-DL.DDP5.1.H.264-CRFW/Modern.Family.S09E21.The.Escape.1080p.DSNP.WEB-DL.DDP5.1.H.264-CRFW.mkv,Modern Family,2009,1442437,9,21,Sarah Hyland,91351.0,0.686
837,654,162,786,330,750,222,690,222,0.933,19776,0,"[-1.0725611448287964, -1.995770812034607, -0.10674493759870529, 2.303577184677124, 1.1510976552963257, 1.0266921520233154, 0.05297589674592018, -2.075627088546753, -0.3855668008327484, 2.7831978797912598, -1.6287190914154053, 0.6860278248786926, -0.42919856309890747, 0.5004817247390747, -0.5760511159896851, -0.40312349796295166, -0.07731416821479797, -0.5744763016700745, -0.2403731346130371, 0.05301519110798836, 0.6113852262496948, -0.8963122367858887, 0.6886738538742065, -0.2723864018917084, 0.6543455123901367, -0.05393240600824356, 1.4729264974594116, -0.5771390199661255, 2.133925676345825, 1.0769232511520386, 0.447000652551651, -1.1134551763534546, -0.753282368183136, -0.9394908547401428, 0.8554587364196777, -0.5095547437667847, -1.9766184091567993, 0.9445298910140991, -0.8006300330162048, -0.6919870376586914, 0.470956414937973, -0.7874427437782288, -0.35993456840515137, 1.7058507204055786, 0.201202854514122, -1.0351325273513794, 0.00412856787443161, 1.1930325031280518, -0.5785720944404602, 0.7314649820327759, -1.1703388690948486, 2.5322036743164062, 1.425581693649292, -0.5713844895362854, 0.5429573655128479, 0.937818169593811, 0.19453248381614685, -0.18446336686611176, 2.1921310424804688, 0.6221968531608582, 0.380232036113739, -0.6018428802490234, 0.35137590765953064, -0.9549604654312134, -1.2560992240905762, 1.1101586818695068, -0.3895956575870514, 0.2119435966014862, -0.9392944574356079, -0.24127709865570068, -1.0231603384017944, -1.6853796243667603, 0.7215539813041687, 0.24476267397403717, 0.5377268195152283, -0.021349135786294937, 1.0686125755310059, -0.7531598210334778, -0.5651506781578064, -0.4124925136566162, -0.6008470058441162, 0.333358496427536, 0.025917090475559235, 1.5649101734161377, -0.08311592787504196, 0.058791279792785645, -0.47277477383613586, -0.4577726721763611, 1.4575603008270264, -0.36121517419815063, -1.9120618104934692, 0.6284369230270386, 0.6056272983551025, 0.7271726131439209, 1.1907531023025513, 0.08468355983495712, -0.0901889055967331, -1.1218665838241577, -0.09609492123126984, -0.14704515039920807, 0.30088162422180176, 0.3001846373081207, -0.841145932674408, 0.5810398459434509, 1.1782710552215576, -0.46969181299209595, 0.8730667233467102, 0.8291622400283813, 1.8080002069473267, -1.5723257064819336, 1.6151174306869507, 0.8580082654953003, 0.35448938608169556, 0.8174120783805847, -0.045837536454200745, -0.4069691300392151, -0.14939507842063904, 1.407515048980713, -1.372057318687439, 0.08766418695449829, 2.5095388889312744, -0.6645975112915039, -1.017086148262024, -1.0623805522918701, -0.6441866755485535, 2.0220766067504883, 2.3232083320617676, -0.640681266784668]",yunet,Facenet,1920,1080,/home/amos/media/tv/modern_family/Modern.Family.S09.1080p.DSNP.WEB-DL.DDP5.1.H.264-CRFW/Modern.Family.S09E21.The.Escape.1080p.DSNP.WEB-DL.DDP5.1.H.264-CRFW.mkv,Modern Family,2009,1442437,9,21,Sarah Hyland,91351.0,0.691
838,762,162,918,354,864,240,792,240,0.921,19800,0,"[-1.0868908166885376, -1.6679790019989014, 0.6220982074737549, 1.8521649837493896, 0.9192327260971069, -0.2516728341579437, -0.8277469277381897, -3.1662027835845947, -0.7244589924812317, 2.1813418865203857, -0.8053520917892456, 1.4672175645828247, 0.7439435124397278, 0.8503714799880981, 0.17090940475463867, -0.5321061611175537, 0.23734895884990692, -1.2705225944519043, -0.12245215475559235, 1.3018357753753662, -0.011301465332508087, -0.9682721495628357, 0.026450447738170624, 0.4953646957874298, -0.1480509340763092, -0.330116868019104, 1.4165732860565186, -0.42992109060287476, 2.3080806732177734, 0.08498188853263855, 0.3155982196331024, -0.9025318026542664, -0.9083151817321777, -0.4783509075641632, 0.38357022404670715, 1.0011930465698242, -1.5902018547058105, -0.20911720395088196, -0.2215537428855896, -1.9575440883636475, 0.9147616028785706, 0.585333526134491, -0.8997184038162231, 1.727196216583252, -0.15296109020709991, -1.816351056098938, -0.5898070931434631, 0.9549078941345215, -0.42186349630355835, 1.1187571287155151, -0.7954549193382263, 1.496138095855713, 0.5837457776069641, -0.3256206512451172, -0.48295286297798157, 1.2673178911209106, 1.2607221603393555, -0.5665225982666016, 1.0498064756393433, 1.4288389682769775, 0.4642322063446045, 0.03712565451860428, 0.20811223983764648, 0.2507209777832031, -1.1149885654449463, 1.5524663925170898, 0.7887552976608276, -0.6048253178596497, -0.3394714891910553, 1.627476453781128, -0.9270548224449158, -0.8588896989822388, -0.13014177978038788, 0.7568854689598083, 1.1222342252731323, -0.8359628915786743, 0.5828889608383179, -1.9661298990249634, -1.0977087020874023, -0.9222840070724487, -0.33545300364494324, 0.004952291026711464, 0.46701547503471375, 1.9844284057617188, 0.6229764819145203, -0.31916385889053345, 0.35025930404663086, -0.23556967079639435, 0.33407169580459595, -1.7914009094238281, -1.8782926797866821, 0.7515493631362915, 0.6396827697753906, 0.3149970471858978, 1.5402780771255493, 0.007451007608324289, -0.016055990010499954, -1.1001996994018555, -0.2856583297252655, -0.7966633439064026, -0.30620360374450684, 0.862023651599884, -1.4605965614318848, -0.020625898614525795, 2.5485286712646484, -0.014348795637488365, 1.1614989042282104, -0.09775246679782867, 1.7102181911468506, -1.984137773513794, 1.371673822402954, 0.9568178057670593, 0.12144754827022552, 1.0044121742248535, -0.3209988474845886, 0.5046961307525635, -0.011252048425376415, 1.5509130954742432, -1.7907202243804932, 0.9864456653594971, 2.1103806495666504, -1.2748974561691284, 0.916522741317749, -1.821400761604309, 0.9187883138656616, 0.5561186075210571, 2.303032636642456, 0.11076782643795013]",yunet,Facenet,1920,1080,/home/amos/media/tv/modern_family/Modern.Family.S09.1080p.DSNP.WEB-DL.DDP5.1.H.264-CRFW/Modern.Family.S09E21.The.Escape.1080p.DSNP.WEB-DL.DDP5.1.H.264-CRFW.mkv,Modern Family,2009,1442437,9,21,Sarah Hyland,91351.0,0.722
839,1056,162,1230,396,1188,258,1104,252,0.933,19848,0,"[0.4047553837299347, -1.595992088317871, -1.8847746849060059, -1.1160354614257812, 0.6274359822273254, 1.4629839658737183, 0.2198045700788498, -0.364422082901001, 1.2894178628921509, 0.08906739950180054, -0.29253414273262024, -1.117142915725708, -2.463810920715332, 0.9218858480453491, -0.4262467324733734, -0.6013708710670471, -1.0966542959213257, 0.019079558551311493, 0.5213701725006104, -2.5148448944091797, -0.004136368632316589, -0.7370832562446594, 0.6466503143310547, -1.9104163646697998, 0.6437771916389465, 0.013320695608854294, 0.526085376739502, -3.207545757293701, 0.13212168216705322, 0.17818064987659454, 0.1277492195367813, 0.8598963618278503, 0.4557167887687683, 0.30079397559165955, 0.21265244483947754, 0.7406747341156006, -0.8161476850509644, 3.0466558933258057, 1.4129278659820557, -1.8293782472610474, 0.7090659737586975, 1.2166156768798828, -1.5578584671020508, -2.470355749130249, -0.2370517998933792, -1.4379262924194336, -0.8631452322006226, 1.6116113662719727, 0.41743433475494385, 0.13977578282356262, -0.6277194619178772, 0.5088925957679749, 0.20744025707244873, 0.4339147210121155, 1.2410521507263184, -0.7940608263015747, -0.2627338469028473, 0.8025289177894592, -0.4674006700515747, -0.30933475494384766, 0.1001553013920784, -1.1552740335464478, -0.8453136086463928, 1.6416081190109253, 1.8520389795303345, 0.026842691004276276, -0.7436188459396362, 1.6493628025054932, 0.33534687757492065, -0.13012202084064484, -0.36140525341033936, 0.4699166715145111, -3.0471627712249756, 0.1126345843076706, 0.17206420004367828, -0.7927405834197998, -1.6533799171447754, -0.3377475142478943, -0.5340420007705688, -0.9363034963607788, -1.0945770740509033, 0.26835671067237854, 0.5587756037712097, 0.20709894597530365, -1.5538275241851807, 0.4677283465862274, 0.8148367404937744, 0.10664667189121246, -2.0136334896087646, -1.4175300598144531, 0.15095651149749756, 0.48384860157966614, 1.0499063730239868, 0.20743218064308167, 0.285491943359375, 1.2050487995147705, -2.0004770755767822, 1.0275839567184448, 0.5066789984703064, 0.9386308193206787, -1.6630254983901978, -0.495079904794693, -1.3820968866348267, -0.01901843771338463, 0.5550009608268738, 0.18038268387317657, -0.8402260541915894, -0.5801092386245728, -0.4040301740169525, -1.4177591800689697, -0.40647947788238525, -1.2682349681854248, -0.9819447994232178, -0.2617851793766022, -0.6847886443138123, 1.1431115865707397, -0.5834951400756836, 0.4171557128429413, -0.675493597984314, 1.905074954032898, -1.3068751096725464, 1.0744726657867432, 0.7838011384010315, 0.3605034053325653, -0.6689897179603577, 0.6303033828735352, -0.7864489555358887, 0.039034467190504074]",yunet,Facenet,1920,1080,/home/amos/media/tv/modern_family/Modern.Family.S09.1080p.DSNP.WEB-DL.DDP5.1.H.264-CRFW/Modern.Family.S09E21.The.Escape.1080p.DSNP.WEB-DL.DDP5.1.H.264-CRFW.mkv,Modern Family,2009,1442437,9,21,Chris Geere,62879.0,0.719
840,1038,150,1212,384,1170,246,1080,246,0.93,19872,0,"[0.15573877096176147, -1.676896333694458, -1.8216615915298462, 0.0827508345246315, 0.6150305867195129, 1.2768199443817139, 0.6539251804351807, -0.07493916153907776, 0.9451497793197632, 0.49483129382133484, -0.2430236041545868, -1.4093281030654907, -2.1896355152130127, 1.0217477083206177, -0.6105303764343262, -0.7252286672592163, -0.9144103527069092, -0.2786424458026886, 0.4315008819103241, -2.4870681762695312, -0.6527501344680786, -0.5700472593307495, 0.8319810032844543, -2.0806262493133545, 0.28587985038757324, 0.014094904065132141, 1.0526412725448608, -2.684621810913086, -0.8263081312179565, 0.2765349745750427, 0.2289980798959732, 0.8221180438995361, 0.030758719891309738, -0.2584940195083618, 0.046525150537490845, 0.8899041414260864, -0.3496592342853546, 2.6011295318603516, 1.6289331912994385, -1.5431270599365234, 0.8322802186012268, 0.9197766184806824, -1.1875916719436646, -2.4626309871673584, 0.3228084146976471, -0.586945116519928, -0.23860202729701996, 1.4022026062011719, -0.6241425275802612, 0.8245927095413208, -1.174772024154663, 0.9549192190170288, 0.14636826515197754, 0.8934789299964905, 0.5533105731010437, -0.4263722896575928, 0.18005043268203735, 1.5261739492416382, -0.818537175655365, -1.2073495388031006, 0.014069825410842896, -1.3097749948501587, -0.5014398097991943, 1.7023487091064453, 1.8649119138717651, -0.645609974861145, -0.7840540409088135, 1.2328516244888306, -0.7102695107460022, -0.5497841835021973, -0.06173963099718094, 0.3588952422142029, -2.29937744140625, 0.4390333890914917, 0.045613158494234085, -0.6527578830718994, -1.488883137702942, 0.2938074469566345, -0.5086826682090759, -0.5628539323806763, -0.8861770033836365, 0.18040040135383606, 0.9545353055000305, -0.11286058276891708, -1.6876977682113647, 0.2504400610923767, 1.0873147249221802, 0.5889659523963928, -1.928309440612793, -1.4971405267715454, -0.31687796115875244, 0.1328817754983902, 1.1186646223068237, 0.4106679856777191, 0.5328800678253174, 0.9378712177276611, -1.8364770412445068, 1.0738424062728882, 0.21497976779937744, 0.8207464814186096, -1.8367350101470947, 0.28171098232269287, -1.0531822443008423, -0.7156023383140564, 0.586498498916626, -0.08136900514364243, -0.4994907081127167, -0.002656698226928711, 0.332111656665802, -1.582748532295227, -0.5837625861167908, -0.795789361000061, -0.22049102187156677, 0.14683181047439575, -1.0146199464797974, 1.260908603668213, -0.4171961545944214, 0.5843541622161865, -0.8752140998840332, 1.6442419290542603, -1.9122734069824219, 0.7490228414535522, 0.8886922597885132, 0.523127019405365, -0.43197858333587646, 0.7656986713409424, -0.6289532780647278, 0.33402663469314575]",yunet,Facenet,1920,1080,/home/amos/media/tv/modern_family/Modern.Family.S09.1080p.DSNP.WEB-DL.DDP5.1.H.264-CRFW/Modern.Family.S09E21.The.Escape.1080p.DSNP.WEB-DL.DDP5.1.H.264-CRFW.mkv,Modern Family,2009,1442437,9,21,Chris Geere,62879.0,0.788
841,1026,144,1212,396,1140,252,1062,252,0.927,19896,0,"[0.5215022563934326, -1.0610105991363525, -1.0588152408599854, -1.0885043144226074, 0.06032788008451462, 0.5951533317565918, 0.21354590356349945, -0.4857698082923889, 1.4322022199630737, 0.28568458557128906, 0.37541913986206055, -1.0899996757507324, -2.5537757873535156, 0.8557833433151245, -0.35388681292533875, -0.6888301968574524, -0.4765532910823822, 0.39472639560699463, 0.011721853166818619, -1.8847335577011108, 0.8402807712554932, -2.071110486984253, 0.721164345741272, -2.2425272464752197, 1.1413789987564087, -0.16502442955970764, 0.5973135232925415, -2.378018379211426, -0.5290494561195374, -0.012261567637324333, -0.2517070472240448, 1.2144675254821777, -0.600421667098999, 0.4952649474143982, 0.5435468554496765, 0.16756567358970642, -0.5436675548553467, 2.1171116828918457, 1.8295581340789795, -0.7468771934509277, 0.26940199732780457, 0.3822181820869446, -1.0059127807617188, -2.063197135925293, -0.1570417433977127, -1.151480793952942, -0.60494065284729, 1.758148431777954, 0.22712723910808563, -0.03821064531803131, -0.5958546996116638, 0.5319716334342957, 0.11951254308223724, 0.8520628213882446, 1.4417592287063599, -1.7983646392822266, 0.48585614562034607, 2.1045773029327393, -0.1923130303621292, -0.43809428811073303, 0.4418354034423828, -1.5425238609313965, -0.763052761554718, 1.2328122854232788, 2.25747013092041, -0.23111595213413239, -0.879743754863739, 0.9036596417427063, -0.15991029143333435, -0.5092343091964722, -0.7469353079795837, -0.16569823026657104, -2.3696300983428955, 0.16507501900196075, -0.1751246154308319, -0.8566718697547913, -0.1663801521062851, 0.08940465748310089, -0.3053889274597168, -1.0270472764968872, -1.0825517177581787, 0.039929188787937164, 1.4754230976104736, -0.8507850766181946, -2.1831414699554443, 0.9010951519012451, -0.005594678223133087, -0.8284273147583008, -1.8821302652359009, -1.1558482646942139, -0.06336887925863266, -0.04654560983181, 0.2841925024986267, -0.40754637122154236, 0.6243255138397217, 1.2361359596252441, -1.9860544204711914, 0.5017266869544983, 0.16282807290554047, 0.7838016152381897, -1.8085970878601074, 0.4716584086418152, -1.146997332572937, 0.027649158611893654, -0.25808924436569214, 0.6439311504364014, -0.3865754306316376, 0.030608616769313812, -0.025430303066968918, -1.2483078241348267, -0.5513203144073486, -1.0964781045913696, -0.41858971118927, -1.0872220993041992, -0.4965551495552063, 1.312549352645874, -0.04923475533723831, 0.4084298610687256, -0.5852296948432922, 1.2544901371002197, -1.519952654838562, 0.8816201686859131, 0.9719119071960449, -0.7819388508796692, -1.0381935834884644, 0.9662882685661316, -0.491643488407135, -0.2086888700723648]",yunet,Facenet,1920,1080,/home/amos/media/tv/modern_family/Modern.Family.S09.1080p.DSNP.WEB-DL.DDP5.1.H.264-CRFW/Modern.Family.S09E21.The.Escape.1080p.DSNP.WEB-DL.DDP5.1.H.264-CRFW.mkv,Modern Family,2009,1442437,9,21,Chris Geere,62879.0,0.744
842,816,96,978,312,948,180,876,174,0.903,19968,0,"[0.09104623645544052, -2.0623323917388916, -0.1776989996433258, -0.41249579191207886, 0.5700175166130066, 1.3413830995559692, 0.9128370881080627, 0.3444182276725769, 1.3421436548233032, 0.8979654312133789, 0.16396665573120117, -1.0103901624679565, -1.6015896797180176, 0.07783526182174683, -0.7422572374343872, -0.24981729686260223, -1.2873594760894775, -0.6957380771636963, 0.9750548005104065, -1.8962905406951904, 0.9207932949066162, -0.7008965015411377, 0.46021169424057007, -1.2762587070465088, 0.6052268743515015, -0.5362089276313782, 0.5036358833312988, -2.4795165061950684, 0.27158230543136597, -0.7530632019042969, -0.11068736016750336, 0.6730286478996277, 0.18336842954158783, -0.44678324460983276, 0.18416449427604675, -0.17481833696365356, -0.5159271359443665, 2.165271520614624, 1.0588617324829102, -2.2797389030456543, 0.5857635736465454, 1.7895394563674927, -1.3082787990570068, -2.1467604637145996, -0.5144651532173157, -0.4760003089904785, -0.14358998835086823, 1.2741202116012573, -0.01896136999130249, 0.5698682069778442, -0.7517831325531006, 0.810436487197876, -0.6853719353675842, 0.06124410033226013, 0.7454763650894165, -1.1355268955230713, 0.015014203265309334, 1.6409571170806885, -1.221608281135559, -0.16197612881660461, 0.5924575328826904, -1.3629530668258667, -0.273947149515152, 0.8627960681915283, 0.7844672203063965, 0.2931751608848572, -0.4093332886695862, 2.10634708404541, 0.47511446475982666, -0.17741207778453827, -0.516075849533081, -0.2586965560913086, -3.317704916000366, 0.8128740191459656, -0.08121491968631744, -0.3518567979335785, -1.4947696924209595, 0.7537314891815186, -0.8134133815765381, 0.26471710205078125, -1.340113639831543, -0.8629050254821777, 0.9385836124420166, -0.8110760450363159, -1.6350734233856201, 0.07188558578491211, 1.6846117973327637, -0.15325362980365753, -2.051342725753784, -1.6084675788879395, -0.03397376090288162, 0.3024947941303253, 1.6700955629348755, 1.1009857654571533, 0.7172113060951233, 0.7999937534332275, -2.564812660217285, 1.265018343925476, 0.31679025292396545, 0.7308129668235779, -1.7993139028549194, 0.25183042883872986, -0.7975432276725769, -0.9094115495681763, 0.3628861904144287, 0.0939640998840332, -0.9604731798171997, -0.5274924039840698, -0.8483542799949646, -0.5832698941230774, -0.5845782160758972, -1.2529174089431763, -0.09412126243114471, -1.060985803604126, -1.2926757335662842, 2.0964043140411377, -0.3005760610103607, -0.02219158411026001, -1.6975032091140747, 1.3255051374435425, -2.138526439666748, 0.9009089469909668, 0.34671837091445923, 1.3681111335754395, 0.4754026532173157, 0.3590134382247925, -1.633894443511963, 0.5216262340545654]",yunet,Facenet,1920,1080,/home/amos/media/tv/modern_family/Modern.Family.S09.1080p.DSNP.WEB-DL.DDP5.1.H.264-CRFW/Modern.Family.S09E21.The.Escape.1080p.DSNP.WEB-DL.DDP5.1.H.264-CRFW.mkv,Modern Family,2009,1442437,9,21,Chris Geere,62879.0,0.679
843,1002,168,1122,312,1092,222,1038,216,0.902,20040,0,"[-1.7819567918777466, -2.2147574424743652, 0.43740367889404297, 1.9564778804779053, 0.8978091478347778, 0.5730533003807068, 0.8344117403030396, -0.8333812952041626, -0.29841673374176025, 3.152134418487549, -1.2520062923431396, 0.9787873029708862, 0.5414534211158752, 0.09245407581329346, -1.0652828216552734, -0.20643432438373566, 0.044576361775398254, -0.037061676383018494, 0.16952702403068542, -0.09259162098169327, 1.0518198013305664, -0.9422275424003601, 0.905984103679657, -0.7291709184646606, -0.9020615816116333, 0.15040917694568634, 1.6654070615768433, -0.8141533136367798, 1.6762202978134155, 0.8325419425964355, -0.10482567548751831, -0.9815594553947449, -0.36504992842674255, -2.1378002166748047, 1.8218413591384888, -1.419761300086975, -1.5770761966705322, 0.8239695429801941, -1.029573917388916, -2.3532326221466064, -0.2454853653907776, -0.21248731017112732, -0.5172330141067505, 1.8534592390060425, 0.22181721031665802, -1.0989972352981567, 0.7193843722343445, -0.14215582609176636, -0.002963937819004059, 1.150915503501892, -1.2407455444335938, 2.21917986869812, 0.44923144578933716, -1.266492247581482, 0.2274339497089386, 1.1145720481872559, -0.1049867570400238, 0.8720116019248962, 1.3445854187011719, 0.08499055355787277, 0.03689366579055786, 0.5517468452453613, 0.4656570553779602, -0.4714650511741638, -1.4330670833587646, 1.6761515140533447, -0.6374073028564453, 1.049343466758728, 0.3108091652393341, 1.3946129083633423, -0.5130602121353149, -1.1224098205566406, 0.1303306668996811, -0.08207603543996811, 0.798583984375, -0.5474491715431213, 0.11127208173274994, -1.2791014909744263, -1.0027891397476196, -0.8786242008209229, -0.6200687885284424, -0.7192279100418091, 0.6099337935447693, 0.9123041033744812, 0.09637205302715302, 0.08055038750171661, 0.08765403926372528, -0.6948865056037903, 0.11564184725284576, -1.1710116863250732, -2.114499807357788, 0.3329883813858032, -0.20245501399040222, 0.8319272398948669, 0.7460510730743408, 0.037888746708631516, 0.03267040476202965, -0.8242761492729187, 0.4569297432899475, -0.4510677754878998, -0.5620002746582031, 2.0126006603240967, 0.026879310607910156, 0.1360933631658554, 1.6498116254806519, 0.06639526784420013, 1.4594037532806396, 0.5533955097198486, 1.2954304218292236, -0.5130173563957214, 1.6108078956604004, 0.9487055540084839, -0.1885492205619812, 1.4832139015197754, -1.1030402183532715, 0.8872828483581543, 0.39463189244270325, 0.8563619256019592, -2.4926841259002686, -0.6982423067092896, 2.360161304473877, -0.04661371558904648, -0.7316935658454895, -0.3656575679779053, -0.6182311773300171, 0.41148653626441956, 1.108818769454956, -0.6457304954528809]",yunet,Facenet,1920,1080,/home/amos/media/tv/modern_family/Modern.Family.S09.1080p.DSNP.WEB-DL.DDP5.1.H.264-CRFW/Modern.Family.S09E21.The.Escape.1080p.DSNP.WEB-DL.DDP5.1.H.264-CRFW.mkv,Modern Family,2009,1442437,9,21,Sarah Hyland,91351.0,0.654
844,870,162,1008,330,954,228,894,234,0.906,20064,0,"[-0.16139546036720276, -1.4324990510940552, 0.4244276285171509, 1.1115353107452393, 0.5251913070678711, 0.4711553156375885, -0.3223181366920471, -1.510048270225525, -0.6377452611923218, 3.658639907836914, -1.8115742206573486, 1.1154961585998535, 0.18689493834972382, 1.304363489151001, 0.08393457531929016, -0.7874641418457031, -0.2824099361896515, -0.9205514192581177, 0.1322653591632843, -0.19184815883636475, 0.07884861528873444, -0.5309916734695435, -0.1660759001970291, 0.2235155701637268, -0.7709289193153381, -0.09686725586652756, 0.8868651390075684, -0.6566956639289856, 2.202924966812134, 0.8410907983779907, -0.012301303446292877, -1.2412029504776, -1.256126880645752, -1.7122113704681396, 0.8174039125442505, -0.6515007019042969, -1.3359978199005127, 0.8168733716011047, 0.042280927300453186, -2.2620513439178467, 0.5199916958808899, 0.32147327065467834, -0.3541100323200226, 1.4193229675292969, -0.6360935568809509, -1.3644968271255493, 0.44589200615882874, 0.4544902741909027, -0.5124129056930542, 1.2662159204483032, -1.2426100969314575, 1.76872718334198, 0.7752835750579834, -1.1136150360107422, 0.04582931846380234, 0.5754616856575012, 1.1735152006149292, 0.4381439685821533, 1.1802382469177246, 0.7573378086090088, -0.14305180311203003, -0.2554713189601898, 0.3731808364391327, 0.5147916674613953, -0.7908129692077637, 1.5135809183120728, -0.3214377760887146, 0.13950154185295105, -0.265148401260376, 1.2145987749099731, -0.662950336933136, 0.14363956451416016, 0.35200294852256775, 0.4238682985305786, 0.4544207751750946, -0.4588310420513153, 0.03252343833446503, -1.6886976957321167, -0.5629947781562805, -0.5466154217720032, -1.2225720882415771, -0.7189007997512817, 0.9991343021392822, 1.388685941696167, -0.026838980615139008, -0.7882388830184937, -0.1349676549434662, -0.4229241609573364, 0.927635669708252, -1.677323341369629, -1.6184229850769043, 0.641005277633667, -0.06071566417813301, 0.9337931275367737, 1.8796311616897583, -0.415731817483902, -0.04573841392993927, -0.38700270652770996, 0.2425571084022522, -1.6982530355453491, 0.2873953580856323, 1.4373780488967896, -1.3635010719299316, 0.03583153337240219, 1.8145369291305542, 0.0027303528040647507, 1.0272504091262817, -0.38022634387016296, 2.078822374343872, -0.720167875289917, 1.7069311141967773, 0.7008043527603149, -0.2650761604309082, 1.7659912109375, -0.8254700899124146, 0.1585877686738968, 0.40438321232795715, 1.2662672996520996, -1.751703143119812, 0.724302351474762, 1.7303022146224976, 0.05844249576330185, -0.3680114150047302, -1.1961612701416016, -0.8354904651641846, 0.9393435120582581, 1.85159170627594, -1.2812880277633667]",yunet,Facenet,1920,1080,/home/amos/media/tv/modern_family/Modern.Family.S09.1080p.DSNP.WEB-DL.DDP5.1.H.264-CRFW/Modern.Family.S09E21.The.Escape.1080p.DSNP.WEB-DL.DDP5.1.H.264-CRFW.mkv,Modern Family,2009,1442437,9,21,Sarah Hyland,91351.0,0.633
845,810,108,1002,366,978,210,888,204,0.922,20112,0,"[0.8671690225601196, -1.5319007635116577, -1.6320476531982422, -0.47417956590652466, 0.23288655281066895, 1.0707356929779053, 0.7496191263198853, 0.5703603029251099, 1.1392080783843994, 0.26686835289001465, 0.33645784854888916, -1.1594351530075073, -1.4335722923278809, 0.2999062240123749, -0.8812565803527832, -0.37590378522872925, -0.04595296084880829, -1.3376096487045288, 0.4096502959728241, -0.9602028131484985, 1.1952701807022095, -0.7814753651618958, 0.8797173500061035, -1.35612154006958, 0.8174262046813965, -0.8082079887390137, 1.2788041830062866, -2.2990922927856445, 1.2446693181991577, -0.8238450288772583, -0.9837512969970703, 1.1646630764007568, 0.07669494301080704, 0.43124711513519287, 0.35839608311653137, -0.051465872675180435, -1.5326001644134521, 1.8527424335479736, 0.8420568704605103, -2.387465000152588, -0.14724016189575195, 1.4868366718292236, -1.9868172407150269, -1.4756194353103638, -0.125968798995018, -1.88714599609375, -0.06973792612552643, 0.885695219039917, 0.3362995982170105, -0.0660063698887825, -0.5663310885429382, 0.9234962463378906, -1.0540827512741089, -0.3249749541282654, 0.8758254647254944, -0.3032279908657074, 0.36047080159187317, 1.8167554140090942, -1.2034565210342407, 0.12983927130699158, -0.3215761184692383, -1.1677730083465576, 0.19066092371940613, 0.5079253315925598, 0.7225685119628906, 0.40852105617523193, -0.35281890630722046, 1.7437318563461304, 0.5478364825248718, -1.0000132322311401, -0.7981517314910889, 0.2666040062904358, -3.9871582984924316, 1.1461784839630127, 0.283847838640213, -0.2219599187374115, -1.5160772800445557, -0.4663207530975342, -0.46888449788093567, -1.0561187267303467, -0.8885284662246704, 0.6596698760986328, 1.2779273986816406, -0.8800444602966309, -0.7574792504310608, 0.1481276899576187, 1.158445119857788, -0.9871168732643127, -1.7281625270843506, -2.0095956325531006, -0.7184906601905823, 0.4709949195384979, 1.138927936553955, 1.1623778343200684, 0.2898283302783966, 0.8765932321548462, -2.8531506061553955, 0.09145063906908035, 0.574241042137146, 1.0146780014038086, -1.9484028816223145, 0.029211096465587616, -1.0185922384262085, 0.10892685502767563, 0.4276335835456848, 0.05693423002958298, -0.2511351406574249, -0.18542695045471191, -0.907090425491333, -1.1207010746002197, 0.03075723722577095, -1.0197176933288574, -0.1498558670282364, -0.8013586401939392, -1.1784015893936157, 1.9453811645507812, 0.17149344086647034, 0.26372379064559937, -1.5078412294387817, 1.336248755455017, -0.49968475103378296, 2.182628631591797, 0.19482740759849548, 0.31680312752723694, -0.49727678298950195, 1.2967740297317505, -1.9562231302261353, -1.0025360584259033]",yunet,Facenet,1920,1080,/home/amos/media/tv/modern_family/Modern.Family.S09.1080p.DSNP.WEB-DL.DDP5.1.H.264-CRFW/Modern.Family.S09E21.The.Escape.1080p.DSNP.WEB-DL.DDP5.1.H.264-CRFW.mkv,Modern Family,2009,1442437,9,21,Chris Geere,62879.0,0.683
846,840,120,1038,378,1002,228,918,222,0.914,20136,0,"[0.9185788631439209, -1.3980956077575684, -1.5994184017181396, -0.48810410499572754, 0.33286815881729126, 0.8207146525382996, 0.5716651082038879, 0.5897013545036316, 1.0907938480377197, 0.8062705993652344, 0.33819442987442017, -1.0514825582504272, -0.8721059560775757, 0.37599095702171326, -0.8368641138076782, -0.15471282601356506, -0.0069280266761779785, -1.2507437467575073, 0.8546464443206787, -1.17227303981781, 1.2851438522338867, -0.32147184014320374, 0.36989983916282654, -1.2723536491394043, 1.202820897102356, -0.7348217964172363, 1.0744235515594482, -1.9267853498458862, 1.4544241428375244, -0.9562351703643799, -1.1028145551681519, 1.1788809299468994, -0.0531659834086895, 0.21972870826721191, 0.9913548231124878, -0.6319946646690369, -1.2819340229034424, 1.9305500984191895, 0.9888922572135925, -2.300708293914795, -0.1639104187488556, 1.2702908515930176, -1.523921251296997, -1.4418048858642578, -0.14004027843475342, -2.2621026039123535, -0.27345210313796997, 0.8494058847427368, 1.2226308584213257, -0.30847445130348206, -0.561712384223938, 1.2409019470214844, -1.522992491722107, -0.3917888402938843, 0.5410994291305542, -0.6513150334358215, 0.6832737326622009, 1.6356892585754395, -0.9755458831787109, 0.14497831463813782, -0.3069068193435669, -1.164933443069458, 0.26394009590148926, 0.18616150319576263, 0.6035788655281067, 0.41300398111343384, -0.12955376505851746, 1.6493912935256958, 0.25225088000297546, -0.7702013254165649, -0.6879194974899292, -0.10231904685497284, -3.85258412361145, 1.1892207860946655, 0.2732108533382416, -0.8503709435462952, -0.7522705793380737, -0.27631738781929016, -0.5768044590950012, -0.9561644196510315, -0.5876834988594055, 0.49970272183418274, 1.3786721229553223, -0.9179522395133972, -1.2622241973876953, 0.3198688328266144, 0.723785936832428, -1.2833459377288818, -2.0130181312561035, -2.0678160190582275, -0.5361247658729553, 0.4532320201396942, 1.0790890455245972, 0.5977394580841064, 0.4148385524749756, 0.6443264484405518, -2.6166934967041016, 0.3389522135257721, 0.5652214288711548, 0.8921936750411987, -2.1571497917175293, 0.07145702093839645, -0.8465815186500549, 0.0796080082654953, 0.277059942483902, 0.6637288331985474, -0.05423714965581894, -0.34824201464653015, -0.9986802339553833, -0.7457253932952881, -0.020815478637814522, -1.1727335453033447, -0.15164564549922943, -0.8527540564537048, -0.7171582579612732, 1.3219410181045532, 0.5906332731246948, 0.11050211638212204, -1.3970967531204224, 1.3604109287261963, -0.591829240322113, 2.073488235473633, 0.29221898317337036, 0.6826940774917603, -0.10098528861999512, 1.4579399824142456, -1.7947957515716553, -0.7872833609580994]",yunet,Facenet,1920,1080,/home/amos/media/tv/modern_family/Modern.Family.S09.1080p.DSNP.WEB-DL.DDP5.1.H.264-CRFW/Modern.Family.S09E21.The.Escape.1080p.DSNP.WEB-DL.DDP5.1.H.264-CRFW.mkv,Modern Family,2009,1442437,9,21,Chris Geere,62879.0,0.636
847,864,150,996,312,972,216,906,216,0.907,20208,0,"[-0.7537260055541992, -1.6607868671417236, -0.2758413255214691, 0.9342397451400757, 0.9775634407997131, 1.5012975931167603, -0.8693637847900391, -2.0361201763153076, -0.9304607510566711, 2.6985273361206055, -0.6400511264801025, 1.2903283834457397, -0.4589635133743286, 0.05529557168483734, 0.020431600511074066, 0.2806643843650818, 0.3915189504623413, -0.20321130752563477, 1.1674506664276123, -0.18784339725971222, -0.892886757850647, 0.01832416094839573, 0.46993327140808105, 0.07779893279075623, -0.39847469329833984, -0.6564286351203918, 0.46072980761528015, -0.47641146183013916, 2.168842077255249, 0.5408199429512024, 0.10564842820167542, -2.1202213764190674, -0.9155480265617371, -1.305282473564148, 1.4631215333938599, 0.8493680357933044, -1.970813274383545, 1.3083654642105103, -0.4517034888267517, -1.7943280935287476, 0.9208353757858276, -0.5883251428604126, -0.7944775819778442, 1.8655343055725098, 0.7580202221870422, -2.4034414291381836, 0.02794206514954567, 0.912826418876648, -0.062181439250707626, 0.31061044335365295, -1.0581973791122437, 1.2153514623641968, 1.2181605100631714, -0.5488569736480713, -0.8389026522636414, 1.162075161933899, 0.25996848940849304, -0.08998256176710129, 1.3284485340118408, -0.05257652699947357, 0.40585753321647644, -0.06459713727235794, -0.3232186436653137, 0.38125452399253845, -0.7279596328735352, 1.7659538984298706, 0.7452186942100525, 0.44279152154922485, -0.3797411322593689, 0.7868812084197998, -1.1457821130752563, -0.28788045048713684, -0.373792827129364, 0.7735703587532043, 0.5089172124862671, 0.27328479290008545, 0.5801949501037598, -0.47130465507507324, -0.915301501750946, -0.24600300192832947, -1.5426536798477173, 0.06795091927051544, -0.9394527077674866, 1.5329068899154663, 0.9518408179283142, -1.9670346975326538, 0.712631344795227, -0.3732903003692627, -0.0865955576300621, -1.3081260919570923, -1.2966543436050415, 0.5068722367286682, 0.3862663209438324, 0.6617596745491028, 0.8137965202331543, -1.5447907447814941, -0.031758297234773636, -0.5839043855667114, 0.02125723659992218, -0.31183111667633057, -0.024763358756899834, 0.7497082948684692, -0.7274824976921082, 0.584682285785675, 1.6725622415542603, 1.1781278848648071, 1.1356664896011353, -0.553687572479248, 1.4654173851013184, -1.5351901054382324, 1.6818110942840576, 1.9864752292633057, -0.06864969432353973, 1.150177001953125, -0.6126365065574646, 0.6442809104919434, 0.43769600987434387, 1.0444467067718506, -2.01574969291687, 1.6235265731811523, 1.548790693283081, 0.3811357021331787, 0.381666362285614, -0.2659684419631958, 0.9697068333625793, 0.11571004241704941, 1.8266758918762207, -0.6063950657844543]",yunet,Facenet,1920,1080,/home/amos/media/tv/modern_family/Modern.Family.S09.1080p.DSNP.WEB-DL.DDP5.1.H.264-CRFW/Modern.Family.S09E21.The.Escape.1080p.DSNP.WEB-DL.DDP5.1.H.264-CRFW.mkv,Modern Family,2009,1442437,9,21,Sarah Hyland,91351.0,0.552
848,732,150,888,348,828,228,768,228,0.909,20232,0,"[0.4534358084201813, -0.1862344741821289, -0.3050645589828491, 1.225692868232727, 1.0866985321044922, 1.9376147985458374, 0.6873819231987, -2.559075117111206, 0.53121417760849, 3.9870264530181885, -1.616441249847412, 1.3976000547409058, -0.8627870678901672, -0.16460159420967102, -0.3104632794857025, -1.155791163444519, -0.581940770149231, -0.5295636057853699, 0.6874101161956787, -1.6221741437911987, 0.26898515224456787, -0.8454371690750122, -0.3363782465457916, 0.36940696835517883, -0.5961621999740601, 0.5587296485900879, 0.4100790023803711, -1.5190085172653198, 2.2880396842956543, 2.1152544021606445, 0.5753884315490723, -0.9879904389381409, -1.9728187322616577, -1.5993109941482544, 0.8963558673858643, -1.312495231628418, -2.4732613563537598, 1.7627462148666382, -0.6027153730392456, -1.3320997953414917, 1.2134432792663574, -0.18836969137191772, -0.6797672510147095, 2.5053985118865967, 0.04602624103426933, -0.31777456402778625, 0.3988953232765198, 0.8262194395065308, 0.6691638231277466, 0.03842674940824509, -0.8141116499900818, 1.240576148033142, 0.7570575475692749, -0.45911240577697754, 0.18101048469543457, 0.43290138244628906, 0.6850679516792297, -1.3610461950302124, 1.3186824321746826, 0.6822760105133057, -0.49847984313964844, -0.12232572585344315, 0.28005197644233704, -0.9898338317871094, 0.13387857377529144, 1.7009468078613281, -0.8520474433898926, 0.9863871932029724, -0.14260995388031006, 0.9137876033782959, -1.0223888158798218, 0.7719329595565796, 0.4533030092716217, 0.1549643576145172, -0.13189418613910675, -0.4154857397079468, -0.08597914129495621, -0.8326581716537476, -1.1883983612060547, 0.03339815139770508, -1.1885069608688354, -0.7809485197067261, 0.18650341033935547, 0.18796730041503906, -1.3122752904891968, -0.8965719938278198, -0.9766573309898376, -0.3491436243057251, 1.2363471984863281, -0.8860667943954468, -0.3695981502532959, 0.5702306628227234, 0.7484983205795288, 0.5236007571220398, 2.3313982486724854, -0.14118774235248566, 1.1040089130401611, 0.742935836315155, 0.258775532245636, -1.3109372854232788, 0.5903750061988831, -0.22263962030410767, -1.4513919353485107, 0.8415396809577942, 1.124210000038147, 0.6182024478912354, 0.3351108133792877, 0.3486185073852539, 2.077066659927368, -1.1063776016235352, 0.9302873611450195, 0.34150081872940063, -1.181321382522583, 0.9309061169624329, -0.6060064435005188, 0.27625542879104614, -0.6381911039352417, 0.6731322407722473, -0.28545060753822327, 0.7191895246505737, 1.4871022701263428, 0.3027234375476837, -0.2432791143655777, -0.7954734563827515, -0.6741135120391846, 0.6360980868339539, 1.45989191532135, -1.401569128036499]",yunet,Facenet,1920,1080,/home/amos/media/tv/modern_family/Modern.Family.S09.1080p.DSNP.WEB-DL.DDP5.1.H.264-CRFW/Modern.Family.S09E21.The.Escape.1080p.DSNP.WEB-DL.DDP5.1.H.264-CRFW.mkv,Modern Family,2009,1442437,9,21,Sarah Hyland,91351.0,0.582
849,912,108,1122,396,1086,216,990,222,0.93,20280,0,"[1.3657466173171997, 0.009903065860271454, -2.117263078689575, -0.2505989968776703, 0.8168990612030029, 0.6008672118186951, 1.0509374141693115, -0.03725993260741234, 0.8786742091178894, 0.6347517371177673, 0.26060694456100464, -0.4497510492801666, -1.1650673151016235, -0.1853926032781601, 0.005545079708099365, 0.16980192065238953, -0.35034939646720886, -0.38236016035079956, 1.0135554075241089, -0.19374053180217743, 1.0512771606445312, -0.5223770141601562, 0.7037088871002197, -1.0450093746185303, 1.4044785499572754, 0.18735265731811523, 1.0321863889694214, -1.790908694267273, 0.4247661828994751, -0.5692071318626404, -0.265384316444397, 0.8072745203971863, -0.241862490773201, 0.18614479899406433, -0.0757337138056755, -0.6827326416969299, -0.952873706817627, 2.0418615341186523, 1.4345850944519043, -1.5626417398452759, -0.5032365918159485, 2.09200119972229, -1.1905052661895752, -1.6549832820892334, 0.16809280216693878, -0.658910870552063, -0.3602866232395172, 0.9831538200378418, 1.115058183670044, 0.29287299513816833, -0.6478617191314697, 0.9758530855178833, -0.6354150772094727, 0.3734884262084961, 0.9849605560302734, -0.9809244275093079, 0.700489342212677, 2.1426258087158203, -1.0034948587417603, 0.5920766592025757, 0.46731889247894287, -0.5291704535484314, 0.17602401971817017, 0.6036148071289062, 1.3579018115997314, -0.34070390462875366, -0.43245768547058105, 1.0029535293579102, 0.8625675439834595, -0.4529707133769989, -0.39839285612106323, 0.4756019413471222, -3.7514171600341797, 1.5906788110733032, -0.4915708899497986, -1.0244110822677612, -1.1183730363845825, -0.023340623825788498, 0.06170199066400528, -0.6657400131225586, -0.8798009157180786, 0.2689579129219055, 2.2236616611480713, -0.6535936594009399, -1.521058201789856, 1.30509614944458, 1.195366382598877, -0.7907854914665222, -1.9909979104995728, -2.2232067584991455, -0.12367797642946243, 0.6576482057571411, 1.3685835599899292, 0.8258824944496155, 0.7003161311149597, 0.06974998861551285, -2.3982672691345215, -0.1532648503780365, 0.12159457802772522, 0.8216813206672668, -2.0912742614746094, 0.4283882677555084, -0.8805786371231079, -0.09708182513713837, -0.03328090161085129, -0.5429162383079529, -0.9395316243171692, 0.18828675150871277, -1.1736278533935547, -0.8540092706680298, -0.8982346653938293, -1.3098024129867554, -0.24628853797912598, -0.34776565432548523, -0.7698587775230408, 2.0642788410186768, -0.5965431928634644, 0.9322750568389893, -0.12290177494287491, 1.4303547143936157, -0.7449483275413513, 2.271803379058838, 0.3114304542541504, -0.051569171249866486, -0.5797460675239563, 0.29059234261512756, -1.4204299449920654, -1.1916836500167847]",yunet,Facenet,1920,1080,/home/amos/media/tv/modern_family/Modern.Family.S09.1080p.DSNP.WEB-DL.DDP5.1.H.264-CRFW/Modern.Family.S09E21.The.Escape.1080p.DSNP.WEB-DL.DDP5.1.H.264-CRFW.mkv,Modern Family,2009,1442437,9,21,Chris Geere,62879.0,0.658
850,906,162,1128,456,1086,294,996,294,0.914,20304,0,"[0.6487133502960205, -1.0795488357543945, -1.710220217704773, -1.1453230381011963, 1.3170870542526245, 1.1238089799880981, 0.8940803408622742, 0.8792401552200317, 0.042282745242118835, 0.3970668315887451, 0.6428729891777039, -1.7555629014968872, -1.0222220420837402, 0.08853417634963989, -0.23834043741226196, -0.06006106361746788, -1.3614516258239746, -1.0707333087921143, 0.6594257354736328, -1.2381303310394287, 0.39563629031181335, 0.19194398820400238, 0.323092520236969, -1.3579031229019165, 0.9664350152015686, 0.18234673142433167, 1.235267162322998, -2.022465705871582, 0.6642090678215027, -0.24557501077651978, -0.3062181770801544, 1.31564199924469, 0.9455071091651917, -0.04956827685236931, -0.08072163909673691, 0.39030420780181885, -0.6031146049499512, 1.8008410930633545, 0.6795234084129333, -1.8876745700836182, 0.35571274161338806, 1.5966261625289917, -1.2223010063171387, -1.3398560285568237, 0.060068316757678986, -2.054835081100464, -0.22316314280033112, 1.3149545192718506, 1.2496944665908813, -0.5997793674468994, -0.7669064998626709, 1.5579710006713867, -1.0399034023284912, 0.21293817460536957, 0.19103068113327026, -0.5418646931648254, -0.15980276465415955, 1.4365198612213135, -0.5138310194015503, 0.3333006501197815, 0.13423234224319458, -1.262579083442688, -0.19431284070014954, 1.2119274139404297, 0.9342437386512756, 0.1702800691127777, -0.39281967282295227, 1.5858678817749023, 0.9819364547729492, -0.21027468144893646, -0.5669485926628113, 0.2351868450641632, -3.7314651012420654, 1.8119349479675293, -0.242466539144516, -0.32846683263778687, -1.419981598854065, 0.2834585905075073, -0.4957466125488281, 0.13862204551696777, -1.0610394477844238, 1.0764840841293335, 0.7972607612609863, 0.5482462644577026, -0.3063852787017822, 0.09139248728752136, 1.2787491083145142, -1.0258985757827759, -1.948937177658081, -1.6511821746826172, -0.6840909123420715, 0.8934961557388306, 1.2901406288146973, 0.8218419551849365, -0.403666615486145, 1.0700514316558838, -3.1778461933135986, -0.21565429866313934, 0.28096944093704224, 0.5260643362998962, -2.554354190826416, -1.3189212083816528, -1.1099992990493774, -0.21259628236293793, -0.2220606505870819, 0.2031102329492569, -0.8984689116477966, -0.2085913121700287, -0.5782793164253235, -0.15750958025455475, -0.4758475422859192, -1.7970879077911377, -0.22384950518608093, 0.16593778133392334, 0.07610704004764557, 2.1378188133239746, 0.15753334760665894, -0.8231633305549622, -1.094299554824829, 1.879507064819336, 0.08704677224159241, 1.6528897285461426, -0.43299400806427, 1.2848832607269287, -0.6963883638381958, 0.5820513963699341, -1.1449216604232788, -0.7036965489387512]",yunet,Facenet,1920,1080,/home/amos/media/tv/modern_family/Modern.Family.S09.1080p.DSNP.WEB-DL.DDP5.1.H.264-CRFW/Modern.Family.S09E21.The.Escape.1080p.DSNP.WEB-DL.DDP5.1.H.264-CRFW.mkv,Modern Family,2009,1442437,9,21,Chris Geere,62879.0,0.638
851,876,186,1098,486,1056,312,960,312,0.91,20328,0,"[-0.1684415638446808, -0.8100610971450806, -1.1690382957458496, -0.9748884439468384, 0.7003579139709473, 1.2106527090072632, 1.240634799003601, 1.2265760898590088, -0.24741309881210327, -0.1170898824930191, 1.3462895154953003, -1.3783409595489502, -0.4578480124473572, 0.015693172812461853, -0.17122456431388855, 0.070586659014225, -0.7130445241928101, -1.5695194005966187, 0.6508851051330566, -1.4194135665893555, 0.15356206893920898, -0.04549776762723923, 0.4989226460456848, -1.7544299364089966, 0.012554642744362354, 0.5367990732192993, 1.0450996160507202, -1.1628425121307373, 0.005673646926879883, -0.5599633455276489, -1.6207648515701294, 1.9292418956756592, 0.35041365027427673, -0.5273152589797974, 0.9538323283195496, 0.3052895665168762, -0.5296705365180969, 1.625597596168518, 1.184802770614624, -1.6401914358139038, 0.33729392290115356, 1.7815749645233154, -1.8767650127410889, -1.589738130569458, -0.08830683678388596, -1.466971516609192, 0.23089927434921265, 0.8947343826293945, 1.3474922180175781, 0.41960838437080383, -0.7117706537246704, 2.098724126815796, -0.7138226628303528, -0.33681923151016235, 0.5821333527565002, -0.10834109783172607, -0.12104812264442444, 1.501732349395752, -0.7521321177482605, 0.31219926476478577, 0.22535774111747742, -1.3391897678375244, 0.32329192757606506, 1.0970346927642822, 0.9634401202201843, 0.0711875855922699, -0.143479585647583, 2.1284291744232178, 1.4531257152557373, -0.16529814898967743, -0.8382752537727356, 0.8448671102523804, -3.4058170318603516, 1.688988208770752, 0.004511874169111252, 0.011610705405473709, -1.9357727766036987, 0.2696533799171448, -0.8542648553848267, -0.1108788251876831, -0.9442119002342224, 0.6585724353790283, -0.009618163108825684, -0.16540105640888214, -0.07999783009290695, -0.22268180549144745, 1.2902854681015015, -0.9224728941917419, -2.5849528312683105, -1.5715677738189697, -0.44531717896461487, 0.9598913192749023, 1.6957634687423706, 0.7599334716796875, -0.19649896025657654, 1.780199646949768, -2.3871397972106934, 0.7802346348762512, -0.4232117533683777, 0.1964002102613449, -2.117838144302368, -1.2829868793487549, -1.1831402778625488, -0.4470888674259186, -0.12435854971408844, 0.1239580512046814, -0.5798763036727905, -0.2742784917354584, -0.45980003476142883, 0.0601239874958992, -0.32975077629089355, -1.1990705728530884, 0.2659197449684143, 0.28468847274780273, -0.3643604815006256, 2.206585645675659, 0.17269669473171234, -0.8913575410842896, -0.7253864407539368, 2.017918825149536, -0.7625531554222107, 1.2570511102676392, 0.07522153854370117, 0.9646705985069275, -0.4170948266983032, 0.6563781499862671, -1.2795546054840088, -0.4254506528377533]",yunet,Facenet,1920,1080,/home/amos/media/tv/modern_family/Modern.Family.S09.1080p.DSNP.WEB-DL.DDP5.1.H.264-CRFW/Modern.Family.S09E21.The.Escape.1080p.DSNP.WEB-DL.DDP5.1.H.264-CRFW.mkv,Modern Family,2009,1442437,9,21,Chris Geere,62879.0,0.662
852,810,198,942,366,900,270,840,270,0.903,20352,0,"[-0.9035100936889648, -1.2229989767074585, -0.47898930311203003, 1.2124998569488525, 0.06325555592775345, 0.18710684776306152, -0.844167947769165, -3.7591302394866943, -0.7883569002151489, 2.963688611984253, -0.918045699596405, 1.3608089685440063, -0.798058032989502, -0.3868822157382965, 0.42102178931236267, -0.5715622305870056, -0.47921040654182434, -1.269914984703064, -0.5802156329154968, -0.42657968401908875, -0.16641727089881897, -1.2576391696929932, 0.17858225107192993, -0.17225268483161926, -0.33514130115509033, -0.4391103982925415, 0.23334351181983948, 0.03342056646943092, 2.0594642162323, 1.1444863080978394, 0.33934900164604187, -0.9075109958648682, -1.3219832181930542, -0.7745484709739685, 1.2982110977172852, 0.2989673614501953, -2.34023118019104, 0.615232527256012, 0.37483203411102295, -1.5116043090820312, 0.9554101824760437, 0.01144382543861866, -2.193704128265381, 1.6338781118392944, 0.4159614145755768, -1.8357253074645996, -0.27827125787734985, 1.6721724271774292, -0.06741476058959961, 0.44169750809669495, -0.2598755955696106, 0.7948231101036072, 0.9025753140449524, -0.6046251058578491, 0.10306724905967712, 1.0019899606704712, 1.0569134950637817, -0.6970165371894836, 0.5127507448196411, 0.8138757944107056, 0.6310778260231018, -1.258071780204773, -0.95492023229599, -0.9562848806381226, -0.26185670495033264, 1.7793055772781372, 0.49085086584091187, -0.11519240587949753, -0.023386705666780472, 0.14551736414432526, -1.44612717628479, -0.07405951619148254, 0.16945353150367737, 0.42196905612945557, 0.695572018623352, -0.11925220489501953, 0.4453516900539398, -1.051576852798462, -0.5645471215248108, -0.6511029601097107, -1.156840443611145, 0.20083357393741608, 0.11609984189271927, 1.4551467895507812, -0.530609667301178, -1.517130970954895, -0.2138654738664627, -0.15505900979042053, 0.7102717161178589, -0.39628544449806213, -1.2399864196777344, 0.17860615253448486, 0.6471027731895447, 1.2972129583358765, 2.053621768951416, -0.08821713924407959, 0.4640018045902252, 0.713193416595459, -0.2921214699745178, -1.0225512981414795, 0.7906857132911682, -0.5085422992706299, -2.162062168121338, 0.86440509557724, 2.26495361328125, 0.17517311871051788, 1.3193209171295166, 0.33321458101272583, 1.9534387588500977, -1.789925456047058, 1.300079345703125, 1.0877728462219238, -0.4016736149787903, 0.24139848351478577, -0.10409735888242722, 0.8338879346847534, 0.3171590566635132, 0.8095482587814331, -1.5956774950027466, 1.5027402639389038, 1.996160864830017, -0.7008442878723145, -0.03608308732509613, -1.188489317893982, 0.1834103763103485, 0.6872550249099731, 0.9641228318214417, -0.8808780908584595]",yunet,Facenet,1920,1080,/home/amos/media/tv/modern_family/Modern.Family.S09.1080p.DSNP.WEB-DL.DDP5.1.H.264-CRFW/Modern.Family.S09E21.The.Escape.1080p.DSNP.WEB-DL.DDP5.1.H.264-CRFW.mkv,Modern Family,2009,1442437,9,21,Sarah Hyland,91351.0,0.646
853,744,162,888,348,822,234,774,234,0.935,20376,0,"[-0.542995810508728, -0.5234345197677612, -0.44007736444473267, 1.4236133098602295, -0.9045522809028625, 0.7889623045921326, -0.8908730149269104, -3.585740566253662, -0.8413580656051636, 2.272266149520874, -1.463265299797058, 1.255510687828064, 0.7107823491096497, 0.43179354071617126, 0.20565766096115112, -0.49617999792099, -0.671760082244873, -1.044314980506897, 0.41722479462623596, 1.0791677236557007, -0.09974966943264008, 0.3239130973815918, 0.19970247149467468, 0.20065617561340332, -0.1327005922794342, -0.676569938659668, 0.6932750940322876, -0.4406921863555908, 2.773632049560547, 1.527227520942688, -0.4362808167934418, -1.42939031124115, -1.762000322341919, -0.05466444045305252, 1.377718448638916, -0.5617357492446899, -1.5703377723693848, 0.2559913694858551, 0.13362254202365875, -1.43104887008667, 0.5408002138137817, 0.40092191100120544, -0.8148665428161621, 2.130685567855835, -0.1552780419588089, -2.3191168308258057, -0.15210339426994324, 0.8715399503707886, -0.0069135576486587524, 0.6083325147628784, 0.07038071751594543, 1.150446891784668, 1.1009894609451294, -0.5104647874832153, -0.8561636805534363, 0.2935744822025299, 1.0846607685089111, 0.28505024313926697, -0.051476746797561646, 0.45245179533958435, 0.7815283536911011, -0.38895183801651, -0.6836614012718201, -0.6439635157585144, -1.095527172088623, 1.8253453969955444, 0.9517268538475037, -0.3226730525493622, -1.0678335428237915, 0.04711700603365898, -0.1253037303686142, -0.13737431168556213, 0.43131041526794434, 0.24967409670352936, 0.7451717853546143, 0.15235581994056702, 1.386155605316162, -0.680543839931488, -0.4557374119758606, -0.8841629028320312, -1.041161298751831, 0.9402321577072144, 0.48378893733024597, 2.3137030601501465, -0.125137060880661, -0.942322850227356, 0.301405668258667, -0.8304899334907532, 0.20412561297416687, -2.3214528560638428, -1.2556838989257812, 0.17571128904819489, 0.20827573537826538, 1.337438941001892, 1.8939157724380493, -0.11807692795991898, 0.0395083874464035, -0.5345655679702759, -0.13390858471393585, -1.7644249200820923, 1.0767438411712646, 0.5786814093589783, -1.2198213338851929, 1.1945374011993408, 1.0458801984786987, 0.18148648738861084, 0.9062444567680359, 0.05052595213055611, 1.6745009422302246, -2.1258645057678223, 1.9417388439178467, 0.2765427529811859, 0.14482605457305908, 1.117534875869751, -0.6421707272529602, 0.6309647560119629, 0.3336123824119568, 1.100067377090454, -2.351649284362793, 1.9517793655395508, 1.9570070505142212, -0.05529090762138367, 0.3613431453704834, -2.00374174118042, 0.25398391485214233, 1.3311790227890015, 1.5143369436264038, -1.2031210660934448]",yunet,Facenet,1920,1080,/home/amos/media/tv/modern_family/Modern.Family.S09.1080p.DSNP.WEB-DL.DDP5.1.H.264-CRFW/Modern.Family.S09E21.The.Escape.1080p.DSNP.WEB-DL.DDP5.1.H.264-CRFW.mkv,Modern Family,2009,1442437,9,21,Sarah Hyland,91351.0,0.621
854,444,156,576,342,564,222,522,222,0.907,20400,0,"[0.34495753049850464, 0.11456063389778137, -2.422323703765869, 0.4359419643878937, 2.3794496059417725, 0.04730146378278732, 1.6811782121658325, 0.3332812488079071, -0.2119397521018982, 0.847698450088501, 0.8924642205238342, -0.3083413243293762, -0.3779425621032715, 0.46803197264671326, -0.19884777069091797, 0.38945043087005615, 0.4028814136981964, -1.7284786701202393, -2.1901137828826904, 0.9657814502716064, -0.658157467842102, 0.3552253842353821, 1.3250175714492798, -1.7169163227081299, -0.20762045681476593, 0.599649965763092, 1.4017019271850586, -0.539332389831543, -0.7249113321304321, 0.0031283609569072723, 0.5591081380844116, -0.1367170363664627, 0.12308093160390854, 0.2611326277256012, -1.0337642431259155, 0.08921118080615997, -1.3252503871917725, -0.21326115727424622, 0.9900103807449341, -1.7012245655059814, -0.8776562213897705, -0.4921795129776001, -1.6205451488494873, -0.03428797796368599, 1.3863756656646729, -2.7155442237854004, -1.236812949180603, 0.14447692036628723, 1.7434319257736206, 0.6631721258163452, -0.4960968494415283, 0.49449700117111206, -1.4115712642669678, -1.235176682472229, 0.26948514580726624, -1.2909566164016724, 0.38152748346328735, -0.013586148619651794, -0.8496896028518677, -0.2800953686237335, -1.991489291191101, -0.017403017729520798, 0.45226234197616577, 0.0311555415391922, 0.12128331512212753, -0.23701111972332, -2.0318965911865234, 1.178231120109558, 0.15702411532402039, 0.7390581369400024, -1.0950555801391602, 0.858940601348877, -1.229900598526001, -0.46425896883010864, 1.4883246421813965, -0.4168599247932434, -0.8491599559783936, -1.2415101528167725, 0.7558950185775757, 0.16353701055049896, -1.341598629951477, 2.069563865661621, 0.7046585083007812, -0.8345773816108704, 0.121619313955307, 1.9714468717575073, -1.7198586463928223, 0.38322776556015015, -0.17442578077316284, -0.7178633809089661, 0.7888965010643005, 0.7038359045982361, 0.5792474746704102, 0.4745885729789734, 1.0877504348754883, -0.672357976436615, -1.1845331192016602, 0.9904749989509583, -1.42057204246521, -0.2505728006362915, 0.4039854407310486, -0.6960040926933289, -1.969378113746643, -0.013124564662575722, 0.26015129685401917, -0.18375946581363678, 1.8973712921142578, -1.3751604557037354, -1.4072628021240234, 0.5781015753746033, -0.885637104511261, 2.130469799041748, 0.36414986848831177, -0.3358124792575836, 1.3201974630355835, 0.6660580635070801, -0.6620194911956787, -0.2320103943347931, 0.6797925233840942, 0.5467015504837036, 1.66221284866333, 1.3742443323135376, 0.9940618872642517, -0.6743826866149902, -1.0873161554336548, -2.2439966201782227, -0.23337754607200623, 1.086001992225647]",yunet,Facenet,1920,1080,/home/amos/media/tv/modern_family/Modern.Family.S09.1080p.DSNP.WEB-DL.DDP5.1.H.264-CRFW/Modern.Family.S09E21.The.Escape.1080p.DSNP.WEB-DL.DDP5.1.H.264-CRFW.mkv,Modern Family,2009,1442437,9,21,Michael Churven,3038263.0,0.592
855,702,132,810,288,804,192,768,192,0.904,20448,0,"[0.04615459591150284, -1.0221697092056274, -1.6077572107315063, -1.4676045179367065, 0.19709956645965576, -0.9215712547302246, 1.2212491035461426, 1.113216757774353, -0.18348917365074158, 1.5398354530334473, 0.21161982417106628, 0.5126432180404663, -1.0524674654006958, 0.3471459150314331, -1.3330943584442139, 1.3045763969421387, 0.17549261450767517, -2.094489812850952, -1.5362807512283325, -0.9602997303009033, -0.018908292055130005, -0.26274535059928894, -0.26879364252090454, -0.3759874999523163, 0.22023367881774902, 0.18768230080604553, 2.341521739959717, -0.3178045153617859, -0.6420941352844238, -0.16861486434936523, 0.3063265383243561, 1.3890764713287354, 1.1221165657043457, 1.0095760822296143, -1.8449722528457642, -0.3077131509780884, -1.38251793384552, -0.20545247197151184, 1.5783405303955078, -2.583768367767334, -1.1441497802734375, -0.0782017782330513, -2.1336238384246826, -1.0991814136505127, 1.1016151905059814, -1.9769244194030762, -0.9507884383201599, 0.3108437657356262, 0.3262295722961426, 0.5102354884147644, -1.5276427268981934, 0.3750636577606201, -1.2282465696334839, 0.03260421007871628, 0.9985339045524597, -0.9091810584068298, -0.6717498302459717, -0.023619577288627625, -0.7434491515159607, -0.3709426820278168, -2.1672024726867676, -0.19285878539085388, 0.4045153856277466, 0.4925263226032257, 1.8173942565917969, 0.408447802066803, -1.9883477687835693, 1.488564372062683, -0.46914759278297424, 1.1223634481430054, -0.6060159206390381, 1.2941343784332275, -0.811568558216095, -0.0194927379488945, 0.8875324726104736, -2.007091760635376, -1.6579535007476807, -1.373867154121399, 2.4065988063812256, -0.09000738710165024, -1.0394188165664673, 0.16649195551872253, 0.5982749462127686, -0.966408371925354, -0.07270807772874832, 2.170130491256714, -1.4928045272827148, -0.11149244755506516, -0.45162078738212585, 0.08110509067773819, 1.2112640142440796, 0.5063122510910034, 0.29282891750335693, -0.03149254992604256, 2.2140493392944336, -0.004628598224371672, -0.803800106048584, 1.7853935956954956, -0.6676459908485413, 0.039332836866378784, 0.013073056936264038, 0.08221598714590073, -1.1917181015014648, 0.2997041344642639, -0.38538071513175964, 0.649694561958313, 0.07088418304920197, -0.9614912271499634, -2.5603837966918945, 0.8222898840904236, -0.547119140625, 0.5568585395812988, 0.7201448678970337, -0.6352174282073975, 0.7039759755134583, 0.7399501800537109, -0.5495551824569702, 0.23211735486984253, 0.37384510040283203, -0.291084349155426, 0.7575172185897827, 1.5275310277938843, 0.929999589920044, 0.22892378270626068, -0.9424498081207275, -1.1952844858169556, 0.3165072202682495, 0.4610017240047455]",yunet,Facenet,1920,1080,/home/amos/media/tv/modern_family/Modern.Family.S09.1080p.DSNP.WEB-DL.DDP5.1.H.264-CRFW/Modern.Family.S09E21.The.Escape.1080p.DSNP.WEB-DL.DDP5.1.H.264-CRFW.mkv,Modern Family,2009,1442437,9,21,Michael Churven,3038263.0,0.517
856,684,234,840,444,774,318,714,318,0.93,20472,0,"[-0.6823105812072754, -1.1488398313522339, -0.6290533542633057, 2.5338733196258545, 0.9538293480873108, 1.4781662225723267, -0.21176908910274506, -4.11051607131958, 0.13387951254844666, 2.6807546615600586, -1.8317372798919678, 1.2119113206863403, 0.9426361918449402, -0.4675942361354828, 0.17247267067432404, -0.2739601135253906, -0.6367595195770264, 0.1540578305721283, -0.2545883357524872, -0.4561615586280823, 0.9058687686920166, -0.26705431938171387, 0.8981400728225708, 0.1371362954378128, -0.1320875734090805, 0.3208123445510864, 0.8400802612304688, -0.7143822908401489, 2.4211509227752686, 0.6296307444572449, 1.1520864963531494, -1.5137561559677124, -1.5814670324325562, -0.7361752390861511, 1.4699993133544922, -1.0840985774993896, -1.7188221216201782, 0.5419958233833313, 0.2071169763803482, -0.5686997175216675, 0.8689954280853271, -0.2710745632648468, 0.20461435616016388, 0.9655418395996094, 0.3192482590675354, -0.392477422952652, 0.5416628122329712, 0.7832628488540649, 0.38589245080947876, -0.37093958258628845, -0.807362973690033, 0.684820294380188, 0.035006944090127945, 0.6515763998031616, 0.4681744873523712, 0.8463820219039917, 1.446428894996643, -0.6103496551513672, 0.5904342532157898, -0.15496905148029327, 0.24658048152923584, -0.4225963354110718, -0.5466841459274292, -0.9924880266189575, -0.9818709492683411, 1.7718406915664673, 0.8220446705818176, 0.30467966198921204, -1.3537002801895142, -0.3644864857196808, -0.8369285464286804, 0.8516998291015625, 0.6752657294273376, 0.7916200757026672, 0.3548189103603363, 0.14537790417671204, 0.684309720993042, -0.3457487225532532, -1.1852525472640991, -0.679079532623291, -1.9101831912994385, 0.145331472158432, 0.8522965908050537, 1.4353902339935303, -0.6139980554580688, -0.5218485593795776, -0.05868631601333618, 0.1604737490415573, 1.006597876548767, -1.163683533668518, -0.5655471086502075, 0.41450241208076477, 1.2630176544189453, 0.6586610078811646, 2.000518321990967, 0.18837396800518036, 0.38895848393440247, 0.6254979968070984, 0.7237223386764526, -1.9134173393249512, 0.8260699510574341, -0.09762610495090485, -1.223625659942627, 0.6532707810401917, 2.0909152030944824, 0.3578411936759949, 0.33777791261672974, 1.1840450763702393, 2.291471004486084, -2.192135810852051, 1.1393769979476929, 1.0069142580032349, -0.4168841540813446, -0.11200352013111115, -0.3257424533367157, 1.1084190607070923, -0.15858466923236847, 1.8726001977920532, -1.190482258796692, 0.32492566108703613, 1.3687440156936646, -0.04898854345083237, 1.1595391035079956, -0.995703399181366, 0.6069024205207825, 0.5088284015655518, 1.0954766273498535, -1.330270528793335]",yunet,Facenet,1920,1080,/home/amos/media/tv/modern_family/Modern.Family.S09.1080p.DSNP.WEB-DL.DDP5.1.H.264-CRFW/Modern.Family.S09E21.The.Escape.1080p.DSNP.WEB-DL.DDP5.1.H.264-CRFW.mkv,Modern Family,2009,1442437,9,21,Sarah Hyland,91351.0,0.594
857,642,240,792,450,714,324,666,324,0.912,20496,0,"[0.493956595659256, -0.3475058972835541, -1.1153682470321655, 2.247424364089966, -0.1323554962873459, 1.2279634475708008, 0.20560713112354279, -3.156698703765869, -0.4804573953151703, 2.9791719913482666, -2.241699695587158, -0.1697150617837906, 0.9658263325691223, 1.1903990507125854, -1.0944890975952148, -0.1786746233701706, 0.0915631502866745, -1.1288020610809326, 1.1779423952102661, 0.3185552656650543, 0.9778462648391724, 0.7812999486923218, 0.6275043487548828, 0.5355721116065979, 0.25321969389915466, 0.5314716100692749, 0.8685654401779175, -1.2205091714859009, 1.4646188020706177, 0.11847982555627823, 0.30905231833457947, -1.0454926490783691, -2.242652177810669, 0.07331708818674088, 0.9924150109291077, -1.1926417350769043, -0.8612620234489441, 0.6242280602455139, 1.6327712535858154, -1.5256658792495728, -0.19456416368484497, 0.7348297834396362, 0.005668438971042633, 0.20920345187187195, 0.7643143534660339, -0.015342660248279572, 0.1372625082731247, 1.562025547027588, 0.05295640230178833, 0.4581519067287445, -1.4500691890716553, 1.3739850521087646, 0.02671334147453308, -0.13292083144187927, -0.40958917140960693, 0.13243888318538666, 1.908814787864685, 0.031224224716424942, 1.2914122343063354, -0.7439681887626648, -0.4182237386703491, 0.6552209854125977, -0.3599110245704651, -0.23292073607444763, -1.6369606256484985, 1.3648650646209717, 1.1941661834716797, -0.46835213899612427, -1.5161041021347046, -0.004840260371565819, -0.14762811362743378, 1.0588732957839966, 0.24527567625045776, 0.8592710494995117, -1.1014171838760376, 0.08955991268157959, 0.5751563310623169, -0.4806063175201416, -0.27221423387527466, -1.5334808826446533, -1.3785386085510254, -0.5590827465057373, 0.47841694951057434, 1.4280297756195068, 0.5482268333435059, -0.5823928117752075, 0.2753863036632538, -0.5827705264091492, 0.24526622891426086, -2.1870203018188477, 0.05808659642934799, 1.2647031545639038, 0.9814803600311279, 1.787314772605896, 2.042402982711792, -0.16055530309677124, 0.9973119497299194, 0.6767867207527161, -0.43001657724380493, -1.9600762128829956, 1.0875298976898193, 0.36240243911743164, -0.6981970071792603, -0.689695417881012, 0.4961162805557251, 0.500996470451355, 0.13077908754348755, 0.9846885204315186, 0.523311972618103, -1.652416706085205, 1.193848729133606, 0.30854886770248413, 0.3240872025489807, 1.080282211303711, -1.0482611656188965, 1.2903563976287842, -0.272995263338089, 1.3475285768508911, -2.165576696395874, 1.7074635028839111, 0.7364528775215149, 1.020330548286438, 0.2531980872154236, -1.028039574623108, 0.8426779508590698, -0.07419956475496292, 2.329568862915039, -2.8085684776306152]",yunet,Facenet,1920,1080,/home/amos/media/tv/modern_family/Modern.Family.S09.1080p.DSNP.WEB-DL.DDP5.1.H.264-CRFW/Modern.Family.S09E21.The.Escape.1080p.DSNP.WEB-DL.DDP5.1.H.264-CRFW.mkv,Modern Family,2009,1442437,9,21,Sarah Hyland,91351.0,0.509
858,1020,402,1176,600,1110,486,1056,480,0.931,20616,0,"[1.0949121713638306, -0.8835835456848145, 0.3141728937625885, 2.131783962249756, 1.6407012939453125, 0.5606359243392944, 1.819456934928894, -1.6896278858184814, -0.5560007691383362, 4.1942548751831055, -1.2584495544433594, 0.7436114549636841, 0.4171043634414673, 0.3868635594844818, -0.284931480884552, -0.24124453961849213, 0.0377008356153965, -1.4605714082717896, -0.9328346252441406, -0.45005175471305847, 0.4112747013568878, -0.5289091467857361, 1.4576773643493652, 0.5134893655776978, 1.0833849906921387, 0.1945713758468628, 1.765448808670044, -0.5819865465164185, 2.2310407161712646, 0.4574400782585144, 0.31530746817588806, -1.0589220523834229, -0.8186066746711731, -1.5933564901351929, 1.036088466644287, -1.401367425918579, -1.463205337524414, 1.3975608348846436, -0.9938623309135437, -1.4551353454589844, -0.6061350703239441, -0.1783371865749359, 0.29585111141204834, 2.262263774871826, -0.7940369844436646, 0.10032688081264496, 0.0682826042175293, 0.3188299238681793, -1.0693000555038452, 0.09121739864349365, -1.2345811128616333, 1.2017076015472412, 0.2395096719264984, 0.33778512477874756, 0.1516244262456894, 0.7762980461120605, 1.495993971824646, 0.7203236818313599, -0.048479124903678894, -0.2761416435241699, -1.5143588781356812, 0.603891909122467, 0.0952102467417717, -0.6594730615615845, -0.7103234529495239, 1.067880630493164, -1.267505168914795, 0.6892727613449097, 0.002933468669652939, 1.4532520771026611, -0.33695247769355774, 0.26535800099372864, -0.48770880699157715, 0.7176001667976379, -0.591404378414154, -0.5779469609260559, 0.05993913114070892, -1.5826992988586426, -0.1407390534877777, -0.20218554139137268, 0.5362938642501831, -0.5038057565689087, 1.6869498491287231, 0.41862449049949646, -0.3008788824081421, -0.30145275592803955, 0.5801658630371094, -0.9858101010322571, 1.329683542251587, -1.4115962982177734, -1.2715388536453247, -0.2870314121246338, 0.845361053943634, 0.051315583288669586, 1.926951289176941, 0.3568636178970337, 0.6423702836036682, -0.6252977848052979, -0.060975056141614914, -1.5370533466339111, -0.790126383304596, 0.6817112565040588, -1.7579238414764404, 0.38527604937553406, 1.1025038957595825, -0.09826144576072693, 0.8821222186088562, -1.131283164024353, 2.7755978107452393, -0.4469980001449585, 0.05462266504764557, 1.1024796962738037, 0.4509878158569336, 0.43204277753829956, -0.5950824022293091, 0.20835718512535095, -1.0397754907608032, 1.2601934671401978, 0.16714957356452942, -1.213366985321045, 2.447787284851074, 0.008045918308198452, -0.13480640947818756, -0.2646024823188782, 0.48968249559402466, 1.0427237749099731, 1.9557387828826904, -0.3414762020111084]",yunet,Facenet,1920,1080,/home/amos/media/tv/modern_family/Modern.Family.S09.1080p.DSNP.WEB-DL.DDP5.1.H.264-CRFW/Modern.Family.S09E21.The.Escape.1080p.DSNP.WEB-DL.DDP5.1.H.264-CRFW.mkv,Modern Family,2009,1442437,9,21,Sarah Hyland,91351.0,0.606
859,1032,420,1194,636,1140,504,1068,504,0.927,20640,0,"[0.1722078025341034, -0.02633517235517502, 0.2989859879016876, 1.7493431568145752, 1.0722025632858276, -0.815301775932312, 0.8569220304489136, -2.278848171234131, -0.4449121654033661, 2.6604361534118652, -1.1190789937973022, 1.800462007522583, 0.959353506565094, -0.3386206030845642, 0.40015527606010437, -0.04248910769820213, -0.26185131072998047, -0.382040798664093, -1.8135961294174194, 1.1809945106506348, 0.42801979184150696, 0.2452043741941452, 0.9387774467468262, 0.17820173501968384, 0.2561590075492859, 0.9403790235519409, 0.6504827737808228, -1.117454171180725, 2.920532464981079, 0.41455748677253723, -0.05771162360906601, -1.4079108238220215, -1.7539926767349243, -0.8657695651054382, 1.7399613857269287, -0.5276817679405212, -2.632053852081299, 0.46712374687194824, -0.9412981867790222, -0.8254789113998413, -0.37003278732299805, 0.7061275839805603, 0.7188766002655029, 2.0555777549743652, -0.3939775228500366, -0.6306214928627014, 0.27042174339294434, 0.08302980661392212, -1.4808598756790161, 0.6503902673721313, -0.7975133061408997, 1.4357231855392456, 0.2064182460308075, 0.372032105922699, -0.6245026588439941, -0.8268439173698425, 1.0998547077178955, 0.6196621060371399, -1.1137062311172485, 0.35642382502555847, 0.4224690794944763, -0.9386664628982544, -0.44735971093177795, -0.5883491039276123, -0.5667372941970825, 1.2255173921585083, -0.24149030447006226, -0.3471282720565796, 0.6527349948883057, 1.033850073814392, 0.3499111235141754, -0.20487679541110992, -0.231660395860672, 0.4407520890235901, 1.6971992254257202, -1.5044219493865967, 1.3072657585144043, -0.9685670137405396, -0.10389380902051926, -0.8534928560256958, 0.4005362391471863, 0.01845800131559372, 1.0592480897903442, 0.7773659229278564, -0.87734454870224, 0.5599865913391113, 0.22472363710403442, -2.184788227081299, 0.5935524702072144, -1.3155344724655151, -1.833199381828308, -0.059914298355579376, 0.9304203987121582, -0.24878987669944763, 1.7392112016677856, 0.6618369221687317, 0.1486130654811859, 0.04729004204273224, -0.4035014510154724, -1.978069543838501, -0.4082021117210388, 0.8639684915542603, -1.4596991539001465, 1.7793899774551392, 1.7227106094360352, 0.023621249943971634, 0.8622785806655884, -0.505768895149231, 1.2257155179977417, -0.5475245118141174, 1.0873647928237915, 2.053666114807129, 0.9300388097763062, 0.8184607028961182, -0.024820351973176003, 0.4783760607242584, -1.8425947427749634, 0.736181914806366, -0.3224323093891144, -0.8091170191764832, 2.1326568126678467, -1.0889580249786377, -0.37134820222854614, -1.531476616859436, -0.42165035009384155, 0.6771907210350037, 0.6355281472206116, 0.13300476968288422]",yunet,Facenet,1920,1080,/home/amos/media/tv/modern_family/Modern.Family.S09.1080p.DSNP.WEB-DL.DDP5.1.H.264-CRFW/Modern.Family.S09E21.The.Escape.1080p.DSNP.WEB-DL.DDP5.1.H.264-CRFW.mkv,Modern Family,2009,1442437,9,21,Sarah Hyland,91351.0,0.719
860,1026,354,1200,570,1146,456,1062,456,0.942,20664,0,"[-0.559144139289856, -1.023084282875061, -0.5312726497650146, 2.4807097911834717, 2.200026750564575, -0.11183518171310425, 0.5201398134231567, -2.1425015926361084, -1.1163010597229004, 2.9763123989105225, -1.580628752708435, 1.7880642414093018, 1.0419031381607056, 0.1922796070575714, 1.059479832649231, -0.6212335824966431, 0.5348666906356812, -0.5627360343933105, -1.0725666284561157, -0.8705313205718994, -1.0878039598464966, -0.747833788394928, 0.7560704350471497, 0.5077768564224243, 0.10338161885738373, -0.3339887261390686, 1.7160930633544922, -0.9955559968948364, 2.315135955810547, -0.27887630462646484, 0.06635732203722, -1.6730432510375977, -1.2706600427627563, -1.6914618015289307, 1.103564739227295, -0.9308730959892273, -0.8234421014785767, 1.114461064338684, -0.715286374092102, -1.5231544971466064, 0.4113526940345764, -0.40884044766426086, 0.5147724151611328, 1.5439808368682861, 0.11436529457569122, -0.7056218981742859, 0.3233669400215149, 0.4523537755012512, -0.04714227095246315, 0.8828564882278442, -2.278329372406006, 1.6972923278808594, 0.48247861862182617, 0.6385089755058289, 0.20277534425258636, 0.4846515953540802, 0.1503181755542755, -0.15181918442249298, 1.0773227214813232, 0.06617958098649979, -0.678514301776886, -0.5261718034744263, 0.12967684864997864, 0.032262302935123444, -1.200132131576538, 2.3141088485717773, -1.1618146896362305, 0.3393794596195221, -0.31916025280952454, 0.6779664754867554, -0.5547613501548767, -0.1264619678258896, 0.002971317619085312, 1.3608033657073975, 0.8905840516090393, -0.9925054907798767, 0.4929196536540985, -0.8814448714256287, -0.39109131693840027, -0.535324215888977, -0.9213108420372009, 0.3939906358718872, -0.7308884859085083, 1.021547555923462, 0.5628576278686523, 0.2071475386619568, 0.10540921986103058, -1.2205113172531128, -0.25627076625823975, -0.8154332041740417, -1.4510093927383423, 0.6696851253509521, 1.4406657218933105, -0.884380042552948, 1.2358283996582031, 0.40790122747421265, 0.4856840670108795, 0.5984422564506531, -0.343013197183609, -1.282130241394043, -1.4243754148483276, 0.639630913734436, -0.40376561880111694, 0.8243008255958557, 1.9791030883789062, 0.5163238644599915, 0.8772478699684143, -0.6445821523666382, 1.374778151512146, -0.8035565614700317, 0.7518253922462463, 2.051314115524292, 0.40887030959129333, 0.052608564496040344, -1.0190882682800293, 0.480470210313797, -1.3897004127502441, 1.370792269706726, -0.8478788137435913, 0.5478775501251221, 1.283810019493103, -1.3717929124832153, 0.8559186458587646, -0.7352946996688843, -0.7991727590560913, 1.8095998764038086, 2.1670713424682617, 0.25833624601364136]",yunet,Facenet,1920,1080,/home/amos/media/tv/modern_family/Modern.Family.S09.1080p.DSNP.WEB-DL.DDP5.1.H.264-CRFW/Modern.Family.S09E21.The.Escape.1080p.DSNP.WEB-DL.DDP5.1.H.264-CRFW.mkv,Modern Family,2009,1442437,9,21,Sarah Hyland,91351.0,0.702
861,678,84,888,366,840,204,738,204,0.932,20688,0,"[-0.6776180267333984, 0.5364745855331421, 1.1829004287719727, 0.6722995042800903, 1.1099228858947754, -0.4084683060646057, 3.2958455085754395, -0.4047001898288727, -0.8279520273208618, -0.193520650267601, 1.7270991802215576, -1.7234817743301392, 1.1785213947296143, 0.22486111521720886, -0.4380764663219452, 0.22213514149188995, -0.6709496974945068, -1.5989023447036743, -1.1814343929290771, 0.4793976843357086, -1.4036331176757812, 1.3337619304656982, -1.3389439582824707, 1.3252918720245361, -2.7771434783935547, 2.7110865116119385, 1.9095476865768433, -1.6053279638290405, 0.1773320585489273, 1.7128896713256836, 1.452153205871582, 0.06459417939186096, -0.13419993221759796, 0.6730595231056213, 0.34332001209259033, 0.2801993787288666, -1.3251023292541504, -0.1780540645122528, 1.4136857986450195, -0.21429789066314697, 0.36161109805107117, -1.0770256519317627, -0.886886715888977, 0.4106985330581665, -0.034674108028411865, -0.8468321561813354, 1.3447314500808716, -0.021703943610191345, -0.12848177552223206, -1.0272465944290161, 1.3084932565689087, 0.9635052680969238, -0.7372548580169678, -0.39555686712265015, -0.18162283301353455, -0.056655965745449066, 1.2738231420516968, 0.11642973124980927, -0.220166876912117, -0.345893919467926, -1.8746141195297241, -0.40887004137039185, 0.588688313961029, -0.14532151818275452, 0.46917837858200073, -0.43245041370391846, -0.672348141670227, 0.38651013374328613, -0.46216025948524475, 2.5240485668182373, 0.6638292670249939, -0.29413938522338867, 0.37356963753700256, 0.9103367924690247, -1.6071093082427979, 0.814380943775177, -1.8338289260864258, -0.36650797724723816, -0.6442247629165649, -0.051677439361810684, 0.29394951462745667, -0.15797576308250427, 0.3845669627189636, 0.4111509919166565, 0.9889176487922668, 0.9472622871398926, 0.6308650374412537, 1.1149554252624512, -0.5812031030654907, -1.6380456686019897, -0.07486120611429214, 1.355234146118164, 1.077938437461853, -0.05769319832324982, 0.7124754786491394, 0.22594471275806427, 0.8570232391357422, 0.21805867552757263, 0.7677215933799744, -1.5860830545425415, -1.4214916229248047, -0.7128586769104004, -1.178309440612793, 0.9473710656166077, -0.007558457553386688, 0.7603124976158142, 0.5104365944862366, 0.9701558351516724, 0.23080560564994812, -0.27047955989837646, -0.3317696452140808, -0.6112935543060303, 0.9561160802841187, 0.12955057621002197, -0.0025018323212862015, 0.8839519023895264, 0.48762384057044983, -1.1465380191802979, 0.5721959471702576, -0.3465369641780853, 0.27398449182510376, 1.337411642074585, -0.15917807817459106, -1.4032107591629028, -0.3756301999092102, 0.19420453906059265, -0.7861263751983643, -1.023136854171753]",yunet,Facenet,1920,1080,/home/amos/media/tv/modern_family/Modern.Family.S09.1080p.DSNP.WEB-DL.DDP5.1.H.264-CRFW/Modern.Family.S09E21.The.Escape.1080p.DSNP.WEB-DL.DDP5.1.H.264-CRFW.mkv,Modern Family,2009,1442437,9,21,Jessica McKenna,1320260.0,0.755
862,594,114,828,438,768,246,660,252,0.924,20712,0,"[-0.12328192591667175, 0.9601768255233765, 1.8700478076934814, 0.12894496321678162, 1.4759570360183716, 0.48692747950553894, 3.464012622833252, 0.4173472225666046, -0.07618135958909988, -0.5683213472366333, 2.022587776184082, -2.1870603561401367, 0.8101428747177124, 0.5351059436798096, -0.3665887415409088, 0.19476041197776794, -0.3973674178123474, -2.414085865020752, -1.277383804321289, -0.015801796689629555, -1.7348875999450684, 1.3862025737762451, -1.6460349559783936, 1.3429323434829712, -2.7776360511779785, 1.9577606916427612, 1.4996956586837769, -1.5526394844055176, 0.3615265488624573, 2.3093950748443604, 1.9995537996292114, -0.5675459504127502, 0.34043216705322266, 0.20892488956451416, 0.6056254506111145, 0.5252904891967773, -0.7028133273124695, -0.04711171239614487, 0.9956377148628235, 0.5908445119857788, 0.045682087540626526, -1.0874643325805664, -0.8015248775482178, 0.6630787253379822, -0.0344155952334404, -0.5969842672348022, 1.2220289707183838, -0.02818182110786438, -0.02291833981871605, -0.8353264331817627, 1.0314040184020996, 1.2382501363754272, -0.31918439269065857, -0.5300475358963013, -0.9787901639938354, 0.3820662498474121, 1.0660605430603027, -0.28902363777160645, 0.2478039562702179, 0.27763640880584717, -2.0944385528564453, 0.4489902853965759, 0.8397906422615051, -0.10697440803050995, 0.17806574702262878, -0.5389222502708435, -0.9144779443740845, 1.0433999300003052, -0.19350627064704895, 2.1649019718170166, 0.5255309343338013, -0.5524992942810059, 0.11135165393352509, -0.20416660606861115, -1.8257944583892822, 1.6680116653442383, -1.9282501935958862, -0.6488677859306335, -1.0664565563201904, 0.2070373147726059, 0.6721136569976807, -0.22432272136211395, 0.25582626461982727, -0.17439687252044678, 1.2677611112594604, -0.197474867105484, 0.5358825922012329, 1.3364590406417847, 0.12389415502548218, -1.5712989568710327, -0.6337308287620544, 1.397996425628662, 0.8217536211013794, -0.3741196393966675, 0.10414360463619232, 1.0769059658050537, -0.18184837698936462, -0.5686777830123901, 0.7777138352394104, -0.6336597204208374, -0.7624216675758362, -0.4266057312488556, -1.482111930847168, 0.21153564751148224, -0.4672238826751709, 1.2203253507614136, 0.07555203139781952, 0.52016282081604, 0.7902920842170715, -0.3240032196044922, -0.34518688917160034, -0.9502683281898499, 0.5126311779022217, -0.2664533257484436, -0.15238790214061737, 0.7800710201263428, 0.5882079601287842, -1.5477067232131958, 0.40584051609039307, -0.44140753149986267, 0.7743450403213501, 0.8362362384796143, -0.08144310116767883, -1.517236351966858, 0.158602774143219, 0.13837546110153198, -0.4044138491153717, -1.1254396438598633]",yunet,Facenet,1920,1080,/home/amos/media/tv/modern_family/Modern.Family.S09.1080p.DSNP.WEB-DL.DDP5.1.H.264-CRFW/Modern.Family.S09E21.The.Escape.1080p.DSNP.WEB-DL.DDP5.1.H.264-CRFW.mkv,Modern Family,2009,1442437,9,21,Jessica McKenna,1320260.0,0.741
863,684,120,912,444,858,252,756,252,0.921,20736,0,"[-0.15212565660476685, 0.37317463755607605, 2.0996806621551514, 0.4570682942867279, 0.9264957904815674, -0.04892944544553757, 3.4917609691619873, -0.2101244330406189, 0.31769412755966187, -0.003946948796510696, 1.2644966840744019, -2.2075114250183105, 0.8436591029167175, 0.6247968673706055, -0.626244306564331, 0.3862086534500122, -1.0402225255966187, -2.1356875896453857, -1.079881191253662, 0.2856141924858093, -1.466796875, 1.1963815689086914, -1.2640866041183472, 1.7857389450073242, -2.3466899394989014, 1.5914207696914673, 2.185105562210083, -2.2221274375915527, 0.4453180432319641, 2.8046696186065674, 1.730696439743042, -0.8524338006973267, 0.8277785778045654, 0.3499756455421448, 0.16069485247135162, 0.4537203311920166, -0.7549108862876892, -0.01609470695257187, 1.040658712387085, 0.3921787142753601, 0.3791680335998535, -1.1729810237884521, -1.2143915891647339, 0.57026207447052, -0.001261342316865921, -0.5885168313980103, 0.8539514541625977, 0.1902111917734146, -0.16626986861228943, -1.1829246282577515, 0.8796544671058655, 0.7209365367889404, -0.1667315661907196, -0.42788153886795044, -1.0754982233047485, -0.2618624269962311, 1.5412269830703735, 0.3245069086551666, 0.1273917555809021, 0.11532538384199142, -2.105238676071167, 0.40537571907043457, 0.1314673125743866, -0.46912816166877747, 0.43853938579559326, -0.18522052466869354, -0.2613169252872467, 0.6947231888771057, -0.40307000279426575, 2.5317561626434326, 0.758037269115448, -0.7195428609848022, 0.5675229430198669, 0.033682629466056824, -2.3285574913024902, 0.7412496209144592, -1.6670494079589844, -0.696197509765625, -0.5132003426551819, 0.004018217325210571, 0.6365183591842651, -0.8271981477737427, 1.1171528100967407, 0.09858842194080353, 0.9232608675956726, 0.3381422460079193, 0.8451516628265381, 1.2736103534698486, -0.029464663937687874, -1.3305633068084717, -0.07331330329179764, 1.7794206142425537, 0.6835717558860779, -0.05335710942745209, -0.26147109270095825, 1.0003248453140259, 0.013470793142914772, -0.44298654794692993, 0.19513125717639923, -0.6671556830406189, -1.1182998418807983, -0.20707619190216064, -1.3069381713867188, 0.22059404850006104, -0.356506884098053, 1.0301517248153687, -0.15539823472499847, 0.3805851936340332, 0.5766817927360535, 0.002767229452729225, -0.602398157119751, -1.1468437910079956, 0.6825244426727295, -0.4095572829246521, -0.31768399477005005, 0.5011727809906006, 0.437200665473938, -1.4759501218795776, 0.6235690712928772, -0.5651764869689941, 0.8060586452484131, 0.6471214294433594, -0.6879552006721497, -1.5832713842391968, 0.5099391341209412, 0.1729256808757782, 0.005255984142422676, -0.9788429141044617]",yunet,Facenet,1920,1080,/home/amos/media/tv/modern_family/Modern.Family.S09.1080p.DSNP.WEB-DL.DDP5.1.H.264-CRFW/Modern.Family.S09E21.The.Escape.1080p.DSNP.WEB-DL.DDP5.1.H.264-CRFW.mkv,Modern Family,2009,1442437,9,21,Jessica McKenna,1320260.0,0.738
864,654,108,894,432,834,228,732,234,0.922,20760,0,"[-0.5045701265335083, 0.30906128883361816, 1.7517489194869995, 0.8481699228286743, 1.1148558855056763, -0.1999281942844391, 3.4432952404022217, 0.3553263545036316, -0.16225147247314453, -0.3619448244571686, 1.5631933212280273, -2.074127435684204, 0.8983320593833923, 0.5618098974227905, -0.9241677522659302, -0.34726518392562866, -0.30217134952545166, -2.56081223487854, -1.2838798761367798, -0.02553935907781124, -1.6699607372283936, 1.075215220451355, -1.4511476755142212, 1.131503701210022, -2.234740734100342, 2.106464147567749, 2.0948688983917236, -1.5367910861968994, 0.8317320942878723, 1.889329433441162, 1.3857053518295288, -0.3173607289791107, 0.9303516745567322, -0.4063759446144104, 0.5321440696716309, 0.2988211214542389, -0.8216230273246765, 0.18418273329734802, 1.2620344161987305, -0.0940214991569519, 0.07021141797304153, -0.8359406590461731, -1.6109278202056885, 0.5390216708183289, -0.38948628306388855, -0.5820841789245605, 0.8961796164512634, 0.12681163847446442, -0.12187616527080536, -0.6821730136871338, 1.4413999319076538, 1.219744324684143, -0.0028983652591705322, -0.8407465815544128, -0.2628004252910614, 0.20964866876602173, 1.1894265413284302, -0.08244960010051727, 0.25220924615859985, 0.19603899121284485, -2.2754831314086914, -0.517065167427063, 0.6069754958152771, -0.9449467062950134, 0.2164047360420227, -0.1651681512594223, -1.0443195104599, 1.192649006843567, -0.25797736644744873, 2.5267746448516846, 0.3488111197948456, -0.5607295036315918, -0.3677370548248291, -0.0453852117061615, -1.922641396522522, 1.2468205690383911, -1.5678999423980713, -0.4702696204185486, -0.3865402638912201, 0.26942718029022217, 0.5863236784934998, -0.32741424441337585, 0.7554804682731628, -0.3346347510814667, 1.1087180376052856, 0.7007812261581421, 0.5491589307785034, 1.008915901184082, -0.2357376366853714, -1.363201379776001, -0.22793489694595337, 1.7481659650802612, 0.6128829121589661, -0.08353105187416077, -0.21041205525398254, 0.8710877895355225, 0.13143931329250336, -0.3204875886440277, 0.34276047348976135, -1.0998811721801758, -1.0974204540252686, -0.18501242995262146, -0.9714199304580688, 0.2524026930332184, -0.5985626578330994, 1.1718796491622925, 0.3488312363624573, 0.18380630016326904, 0.6127291917800903, 0.11456434428691864, -0.6611587405204773, -0.813960611820221, 0.5067607760429382, -0.4460189640522003, -0.11720939725637436, 0.6351048946380615, 0.4189313054084778, -1.547400712966919, 0.7768117189407349, -0.642198920249939, 0.714300274848938, 0.7076411247253418, -0.4426302909851074, -1.333704948425293, 0.24820998311042786, 0.6289203763008118, -0.27047088742256165, -0.653133749961853]",yunet,Facenet,1920,1080,/home/amos/media/tv/modern_family/Modern.Family.S09.1080p.DSNP.WEB-DL.DDP5.1.H.264-CRFW/Modern.Family.S09E21.The.Escape.1080p.DSNP.WEB-DL.DDP5.1.H.264-CRFW.mkv,Modern Family,2009,1442437,9,21,Jessica McKenna,1320260.0,0.789
865,984,318,1188,570,1140,414,1056,414,0.929,20784,0,"[-0.3939399719238281, -0.8030751943588257, 0.29328373074531555, 1.6998623609542847, 1.475009560585022, 0.08268209546804428, 0.1747554987668991, -2.2005019187927246, -0.35550016164779663, 3.5772931575775146, -1.221585988998413, 1.533361792564392, 0.6711844801902771, 0.09077654778957367, -0.015675395727157593, -0.6527197360992432, 0.3443988263607025, -0.7649264335632324, -1.4729896783828735, 0.03561241179704666, 0.3991719186306, -0.5249447822570801, 0.9154788851737976, -0.5309546589851379, 0.23444148898124695, 0.1203971803188324, 1.1088063716888428, -0.22960245609283447, 2.496084213256836, -0.1432586908340454, -0.0536649152636528, -1.8249402046203613, -1.0548757314682007, -1.9158602952957153, 1.7067162990570068, -1.2586015462875366, -1.791231632232666, 1.3141103982925415, -0.6391984820365906, -1.5919002294540405, -0.8692334890365601, -0.272555410861969, 0.5078299641609192, 2.3132503032684326, -0.6118216514587402, -0.7121952176094055, 0.060348037630319595, 0.22226949036121368, -0.4376920461654663, 0.5952157974243164, -1.549202799797058, 1.3905158042907715, 0.24949055910110474, -0.41554415225982666, 0.23068486154079437, -0.12521743774414062, 1.2097342014312744, 0.8047639727592468, 0.49789124727249146, -0.5437350869178772, -0.5759565830230713, -0.07366294413805008, -0.18655282258987427, 0.07144443690776825, -1.232943058013916, 2.23242449760437, -1.342871904373169, -0.15042462944984436, 0.7390832901000977, 0.4931133985519409, -1.062139630317688, -1.0851353406906128, -0.3955720067024231, -0.014613248407840729, 0.6701794862747192, -0.3493214547634125, 0.8484305143356323, -1.4894599914550781, 0.12324976176023483, -0.5267016887664795, 0.11705967038869858, -0.3072677552700043, 1.0508748292922974, 1.5321762561798096, -0.2410193383693695, 0.19742292165756226, 0.19160522520542145, -0.81087327003479, 0.03054017573595047, -0.7436037659645081, -1.3203482627868652, -0.29032009840011597, 0.8331425189971924, -0.4271804690361023, 1.6981101036071777, 0.6481366753578186, 0.10132820904254913, -0.4584781229496002, -0.33697420358657837, -1.9039753675460815, -1.0823317766189575, 0.8697873950004578, -1.0064247846603394, 1.447278380393982, 1.529066801071167, 0.31181609630584717, 1.4100291728973389, -0.5459641218185425, 2.069887399673462, -0.7965447306632996, 1.6849614381790161, 0.96653813123703, -0.2973268926143646, 1.7026748657226562, -0.451749324798584, 0.6104476451873779, -1.0312650203704834, 1.4103126525878906, -0.2845153510570526, -0.570160984992981, 2.1481213569641113, -0.5447057485580444, -0.5995228290557861, -0.8300973176956177, -0.4055057764053345, 0.5278404355049133, 2.0007009506225586, -0.3264341652393341]",yunet,Facenet,1920,1080,/home/amos/media/tv/modern_family/Modern.Family.S09.1080p.DSNP.WEB-DL.DDP5.1.H.264-CRFW/Modern.Family.S09E21.The.Escape.1080p.DSNP.WEB-DL.DDP5.1.H.264-CRFW.mkv,Modern Family,2009,1442437,9,21,Sarah Hyland,91351.0,0.74
866,948,234,1158,510,1086,342,996,342,0.926,20808,0,"[-0.13311177492141724, -0.5116580128669739, 0.7870408296585083, 1.6035511493682861, 1.146234154701233, -0.44947367906570435, 1.1319471597671509, -1.4682769775390625, -1.089237928390503, 2.8215136528015137, -1.132116436958313, 2.2248733043670654, 0.8423460721969604, -0.1329364776611328, 0.21567916870117188, 0.13098999857902527, 0.5851986408233643, -0.20827411115169525, -2.137974977493286, 0.22039170563220978, -0.35894960165023804, 0.1668182909488678, 0.5796859264373779, -0.2764110267162323, -0.5093318819999695, 0.8798085451126099, 0.685733437538147, -0.3483477532863617, 2.39138126373291, 0.1349799484014511, 0.2885076403617859, -1.9001951217651367, -1.178466558456421, -1.861273169517517, 1.5700193643569946, -0.9299931526184082, -2.653759241104126, 0.9745957851409912, -0.8990175127983093, -0.3171270489692688, -0.6012173295021057, 0.6284696459770203, 0.7966740131378174, 1.8958227634429932, 0.4391538202762604, -0.5423332452774048, 0.8956831097602844, 0.40952053666114807, -1.1356297731399536, 0.2813641428947449, -0.4953049421310425, 1.69029700756073, -0.05931650847196579, -0.5177407264709473, -0.04973335191607475, -0.009016129188239574, 2.0744919776916504, 1.3599724769592285, -1.0892295837402344, -0.2256501317024231, 0.37923896312713623, -0.9536710381507874, -0.02297988161444664, 0.6443353295326233, -0.36154067516326904, 1.2904921770095825, -0.4834127426147461, -0.12989097833633423, 0.7163000106811523, 0.11939387023448944, -0.5886543989181519, 0.1614784598350525, -0.04685097560286522, 0.3080281615257263, 2.100792646408081, -1.2504194974899292, 0.22500500082969666, -0.6206051111221313, -0.1364419162273407, -0.4148028492927551, -0.6506838798522949, 0.21251218020915985, 1.0104296207427979, 0.39595723152160645, -1.4831596612930298, 0.819085955619812, 0.580894947052002, -1.2438048124313354, 0.4301877021789551, -0.4879086911678314, -1.984312653541565, 0.29890522360801697, 1.6921621561050415, -0.1451018750667572, 2.5187604427337646, 0.09321539849042892, 0.7072705030441284, -0.16783086955547333, 0.10441054403781891, -1.4076186418533325, -0.4190927743911743, 1.153185486793518, -1.5471285581588745, 2.026771306991577, 2.145124912261963, -0.41979724168777466, 0.3020312786102295, -0.18636411428451538, 1.7414151430130005, -0.5834537744522095, 0.6869240403175354, 2.4818618297576904, 0.8342524766921997, 1.4863615036010742, -0.5565912127494812, 0.7939691543579102, -1.4638124704360962, 1.6665836572647095, 0.10955266654491425, -1.6343967914581299, 1.210039734840393, -0.3511785864830017, -0.7422215938568115, -1.2956739664077759, -0.699384868144989, 0.5300589799880981, -0.23615367710590363, -0.7905391454696655]",yunet,Facenet,1920,1080,/home/amos/media/tv/modern_family/Modern.Family.S09.1080p.DSNP.WEB-DL.DDP5.1.H.264-CRFW/Modern.Family.S09E21.The.Escape.1080p.DSNP.WEB-DL.DDP5.1.H.264-CRFW.mkv,Modern Family,2009,1442437,9,21,Sarah Hyland,91351.0,0.57
867,726,144,954,456,912,258,804,258,0.927,20832,0,"[-0.7880079746246338, 0.1550828516483307, 1.5996471643447876, 0.9946280717849731, 1.9433354139328003, -0.7376778721809387, 3.394529104232788, 0.7468147277832031, 0.1942867934703827, -0.04685557261109352, 1.2009860277175903, -1.5309562683105469, 0.6127364635467529, 0.45167240500450134, -0.6687781810760498, 0.520189106464386, -0.8912968635559082, -1.2504065036773682, -1.4131922721862793, -0.47913479804992676, -1.6894950866699219, 0.9048317670822144, -1.1476478576660156, 1.6693834066390991, -1.9661331176757812, 2.2903544902801514, 2.164449453353882, -0.9809225797653198, -0.2571783661842346, 2.390334129333496, 1.3702895641326904, -0.07550247013568878, 0.8862354755401611, -0.5176678895950317, 0.5953633189201355, 0.08623796701431274, -1.7281882762908936, 0.845052182674408, 0.6518778204917908, 0.9253931045532227, 0.24126848578453064, -1.2273063659667969, -1.0514475107192993, 0.4055105447769165, -0.16992908716201782, -0.9552412629127502, 1.1357402801513672, 0.12477918714284897, -0.08948702365159988, -0.4708169996738434, 1.2185049057006836, 1.6254311800003052, 1.0442543029785156, -1.2647621631622314, 0.6908565163612366, 0.1558307558298111, 1.3501060009002686, 0.23227867484092712, 0.1435055434703827, 0.47811999917030334, -1.8564832210540771, -0.21523937582969666, -0.20441052317619324, -0.8403554558753967, 0.8718660473823547, -1.2078118324279785, -1.0124024152755737, 1.0938597917556763, -0.49755311012268066, 2.4544453620910645, 0.7642132043838501, -0.6095983386039734, 0.5748685598373413, 0.7305546998977661, -2.23210072517395, 0.2593400180339813, -1.6129494905471802, -0.0906040221452713, -0.42922094464302063, -0.28919893503189087, 0.8221422433853149, -0.9724098443984985, 1.0595803260803223, -0.23351405560970306, 0.5722234845161438, 1.3453476428985596, 1.0131006240844727, 0.7918259501457214, 0.33708906173706055, -0.916766345500946, -0.4146374762058258, 2.1069846153259277, 0.28419816493988037, -0.24064472317695618, 0.2882330119609833, 0.5540803074836731, -0.12075397372245789, -0.4601401090621948, 0.03440598398447037, -0.8612673282623291, -1.0254114866256714, 0.11929372698068619, -1.6530653238296509, -0.9640404582023621, -0.08203762024641037, -0.25637054443359375, 0.30920732021331787, 0.1343938261270523, 0.9028240442276001, 0.21598757803440094, -1.0685807466506958, 0.07764912396669388, 0.8245096206665039, 0.06522408127784729, -0.2676132619380951, 0.33079391717910767, 0.6293447017669678, -1.111724615097046, 1.1332423686981201, -0.5657201409339905, 0.6250550150871277, 0.45055273175239563, -1.0076910257339478, -1.3302799463272095, 0.20400959253311157, 0.73671555519104, -0.04161905497312546, -0.9221328496932983]",yunet,Facenet,1920,1080,/home/amos/media/tv/modern_family/Modern.Family.S09.1080p.DSNP.WEB-DL.DDP5.1.H.264-CRFW/Modern.Family.S09E21.The.Escape.1080p.DSNP.WEB-DL.DDP5.1.H.264-CRFW.mkv,Modern Family,2009,1442437,9,21,Jessica McKenna,1320260.0,0.724
868,630,156,870,462,834,270,720,264,0.928,20856,0,"[-0.8145537376403809, 0.13032959401607513, 1.5477349758148193, 0.09510517865419388, 1.7394782304763794, -0.5023773908615112, 3.0135750770568848, 0.639546811580658, 0.20797628164291382, -0.40205276012420654, 1.3473224639892578, -1.2453700304031372, 0.7800886034965515, 0.12633144855499268, -0.4774700701236725, 0.18906542658805847, -0.38163891434669495, -1.9661716222763062, -1.4876580238342285, -0.06563863158226013, -1.5491338968276978, 1.2837567329406738, -1.9622825384140015, 1.34326171875, -2.7338249683380127, 2.299867868423462, 1.5358178615570068, -1.0168265104293823, -0.2866273522377014, 1.6745202541351318, 1.1734347343444824, -0.0614887960255146, 0.7764425873756409, -0.17877289652824402, 0.5775590538978577, 0.8491957187652588, -1.4020394086837769, 0.29945266246795654, 0.8347206711769104, -0.18390968441963196, 0.12531693279743195, -0.9602022767066956, -1.4318084716796875, 0.1546618789434433, -0.11641791462898254, -1.136151909828186, 0.5364094972610474, 0.4027918577194214, -0.5195966958999634, -0.4473760426044464, 1.7344261407852173, 1.3828233480453491, 0.04170273616909981, -1.7487449645996094, 0.36237671971321106, 0.23911477625370026, 0.869185209274292, -0.5820695161819458, 0.2780930697917938, -0.20436859130859375, -2.1257238388061523, -0.375293493270874, 0.42608675360679626, -0.4887886345386505, 0.4320586919784546, -0.7132979035377502, -0.9320379495620728, 0.7356261014938354, -0.23461401462554932, 2.339125156402588, 1.029941439628601, -0.9953526258468628, -0.40575355291366577, 0.061628565192222595, -1.5140637159347534, 0.5151534676551819, -2.1838653087615967, -0.7966213822364807, -0.9914858341217041, -0.10418985784053802, 0.7679407000541687, -0.5691113471984863, -0.05725395306944847, 0.25810229778289795, 0.9954463839530945, 0.6316037178039551, 0.7067864537239075, 1.2465920448303223, 0.02302342653274536, -1.3347526788711548, -0.8161870837211609, 1.1768522262573242, 0.892358660697937, 0.32241320610046387, 0.16739311814308167, 0.16225028038024902, 0.5607608556747437, -0.19454412162303925, 0.4129096269607544, -0.2676122784614563, -0.5203496217727661, -0.5200120210647583, -1.681248664855957, -0.3318454921245575, -1.0122323036193848, 0.6495308876037598, 0.29110991954803467, -0.41414347290992737, 0.5789756178855896, 0.936759352684021, -0.5767098665237427, -0.20013757050037384, 0.8003244400024414, 0.11988822370767593, 0.17261263728141785, 0.44530972838401794, 0.3849044144153595, -1.6104875802993774, 0.23663556575775146, -0.5518217086791992, 0.5216203331947327, 0.9515964984893799, -0.4336090683937073, -1.5188113451004028, -0.10730837285518646, 0.8093262314796448, -0.11676066368818283, -0.775869607925415]",yunet,Facenet,1920,1080,/home/amos/media/tv/modern_family/Modern.Family.S09.1080p.DSNP.WEB-DL.DDP5.1.H.264-CRFW/Modern.Family.S09E21.The.Escape.1080p.DSNP.WEB-DL.DDP5.1.H.264-CRFW.mkv,Modern Family,2009,1442437,9,21,Jessica McKenna,1320260.0,0.773
869,456,132,690,438,642,252,534,252,0.932,20880,0,"[-0.4745107591152191, 0.41725969314575195, 1.496390461921692, -0.048087917268276215, 1.7730674743652344, -0.3822043836116791, 2.751086711883545, 0.6423837542533875, 0.39125311374664307, -0.5567010641098022, 1.468366265296936, -1.4984538555145264, 0.7048795223236084, 0.388836145401001, -0.3580111861228943, 0.030484914779663086, -0.027714870870113373, -1.9013389348983765, -0.9781385660171509, -0.03846193104982376, -1.6318461894989014, 1.5609958171844482, -1.7076609134674072, 0.9536354541778564, -2.4500367641448975, 2.332928419113159, 1.7493908405303955, -1.0908129215240479, -0.055567994713783264, 1.717448353767395, 0.8294308185577393, -0.1644807755947113, 0.7310255169868469, -0.1527538001537323, 0.4969431757926941, 1.2375364303588867, -1.636866569519043, 0.24396011233329773, 0.4043518900871277, -0.6088404655456543, 0.12282399088144302, -1.2701817750930786, -1.5854144096374512, 0.38765743374824524, 0.18423229455947876, -1.2311164140701294, 0.4737265408039093, 0.014225579798221588, -0.39479660987854004, -0.40244150161743164, 1.5557001829147339, 1.522687554359436, -0.17187896370887756, -1.601603388786316, 0.13196921348571777, -0.026156336069107056, 0.8917465806007385, -0.6086997389793396, 0.44797253608703613, -0.37285155057907104, -2.027451276779175, -0.29904574155807495, 1.0034583806991577, -0.45974481105804443, 0.3423663377761841, -0.7343034148216248, -0.9297071695327759, 0.32069775462150574, -0.510282576084137, 2.6048550605773926, 0.8403762578964233, -1.1745185852050781, -0.3937477469444275, -0.31150248646736145, -1.581788182258606, 0.4800380766391754, -2.0990734100341797, -1.1114619970321655, -0.7514285445213318, -0.15469861030578613, 0.9280329346656799, -0.03515828400850296, 0.10144677013158798, 0.3768852651119232, 1.0842983722686768, 0.5466632843017578, 0.5041893720626831, 1.079836368560791, 0.20887425541877747, -1.7669000625610352, -0.7853949666023254, 1.3492153882980347, 0.8097465634346008, 0.10007061809301376, 0.0660126581788063, -0.12429149448871613, 0.3670580983161926, -0.3167153596878052, 0.1753409206867218, -0.21684370934963226, -0.4684053063392639, -0.44710415601730347, -1.4181846380233765, 0.09741658717393875, -0.6976474523544312, 1.2263044118881226, 0.2617510259151459, 0.059852857142686844, 0.5997523665428162, 0.8596789240837097, -0.7245133519172668, -0.36880046129226685, 0.5821260213851929, 0.6844853162765503, 0.283691942691803, -0.0032485276460647583, 0.35684680938720703, -1.9753198623657227, 0.4861883521080017, -0.6214930415153503, 0.6972631216049194, 1.4381341934204102, -0.5824880599975586, -1.509286642074585, 0.2486172765493393, 0.6721320152282715, 0.17020662128925323, -0.7620949149131775]",yunet,Facenet,1920,1080,/home/amos/media/tv/modern_family/Modern.Family.S09.1080p.DSNP.WEB-DL.DDP5.1.H.264-CRFW/Modern.Family.S09E21.The.Escape.1080p.DSNP.WEB-DL.DDP5.1.H.264-CRFW.mkv,Modern Family,2009,1442437,9,21,Jessica McKenna,1320260.0,0.788
870,1026,276,1290,612,1200,414,1074,420,0.927,20880,1,"[0.17202715575695038, 1.3683016300201416, 0.6345069408416748, -0.5229691863059998, 0.05306163430213928, 0.33859071135520935, -0.04830294847488403, -1.7706493139266968, -1.3118940591812134, -0.1704435795545578, 0.6684351563453674, 1.5038540363311768, -0.8315380811691284, -0.37397071719169617, 0.04399659112095833, 2.0460281372070312, -0.04954942315816879, -0.8065977692604065, -1.2218420505523682, 0.24403546750545502, 0.2940179705619812, 0.5835199356079102, -0.19421187043190002, -0.20976492762565613, 0.9543939828872681, 1.1059679985046387, -1.2616405487060547, 1.5711570978164673, 1.0203341245651245, 0.5499682426452637, 1.2359986305236816, -0.07498914003372192, -0.08902685344219208, 0.37836965918540955, -0.4506893754005432, 0.355094313621521, 0.567371129989624, -1.493452548980713, -1.2259275913238525, 1.4120633602142334, 0.018043164163827896, 0.2705132067203522, -1.7685333490371704, 0.47302162647247314, 0.5644631385803223, -0.5644932389259338, -0.2913097143173218, 0.7034033536911011, 0.5134443044662476, -0.6314436197280884, 0.8607656359672546, -1.5154767036437988, -0.4110398590564728, 0.12500520050525665, -0.687288761138916, 0.7671191096305847, 1.3147202730178833, -1.110903024673462, 1.1809002161026, 1.0557063817977905, 0.6808618903160095, -0.33484429121017456, 0.4406144618988037, -0.11509846150875092, -0.39169302582740784, -0.5299856662750244, 1.083136796951294, 1.3340883255004883, 0.21334606409072876, 0.1993902176618576, -1.1856275796890259, 1.1336987018585205, 0.19048775732517242, -0.4563368558883667, 2.2199480533599854, 0.28758180141448975, 1.6207504272460938, 2.0554933547973633, -0.7802902460098267, 0.5899083614349365, -2.6740634441375732, -0.34765857458114624, -2.1849942207336426, -1.2142844200134277, -0.8920533061027527, 0.3619324862957001, -1.3554173707962036, -0.7383245229721069, 1.691082239151001, 0.13737896084785461, 1.3390871286392212, -1.2771648168563843, 1.5093239545822144, -2.0002100467681885, 1.8070298433303833, -0.4636784493923187, 1.2038847208023071, -0.4264116883277893, 0.8707786798477173, -0.33255013823509216, 1.1760832071304321, 0.562306821346283, -1.0885989665985107, -0.7913833260536194, 0.7531010508537292, -0.05503659322857857, -0.909780740737915, -0.4057733416557312, 0.4078558683395386, 0.6653485298156738, -1.440919041633606, 1.9129738807678223, 0.31067782640457153, -1.0710136890411377, 1.6521052122116089, 1.1453783512115479, -0.38428035378456116, -0.05319119989871979, -0.6013088822364807, 0.28535643219947815, 0.8066073060035706, -0.6162009239196777, 1.7285823822021484, -1.1937534809112549, 2.06927227973938, -1.8611583709716797, -0.34135690331459045, 1.197157859802246]",yunet,Facenet,1920,1080,/home/amos/media/tv/modern_family/Modern.Family.S09.1080p.DSNP.WEB-DL.DDP5.1.H.264-CRFW/Modern.Family.S09E21.The.Escape.1080p.DSNP.WEB-DL.DDP5.1.H.264-CRFW.mkv,Modern Family,2009,1442437,9,21,Adam Devine,212604.0,0.811
871,1188,174,1464,534,1380,318,1242,318,0.933,20904,0,"[0.05971977487206459, 1.011963129043579, 1.2363557815551758, -0.7631083130836487, 0.21531029045581818, 0.17279013991355896, -0.4024867117404938, -1.908700942993164, -0.673730194568634, -0.562585711479187, 0.8831344842910767, 1.660993218421936, -0.5613352060317993, -0.6981467008590698, 0.3140353262424469, 1.7731022834777832, -0.08798404037952423, -0.2845139503479004, -0.7650040984153748, 0.3877120912075043, 0.03552265465259552, 0.24373385310173035, -0.38849490880966187, -0.7286132574081421, 0.6747354865074158, 1.6202309131622314, -0.7004810571670532, 1.2107239961624146, 0.7180331945419312, 0.7284425497055054, 0.8204290866851807, -0.08230426907539368, -0.04257986322045326, 0.07168444246053696, -1.0159164667129517, 0.9581457376480103, 1.2066065073013306, -0.8072532415390015, -0.49381381273269653, 1.0709760189056396, 0.6459766030311584, 0.8748102784156799, -1.8344528675079346, 0.11877106130123138, -0.3841024935245514, -0.10299433767795563, -0.8989503383636475, 0.6391024589538574, 0.6759012341499329, -0.0024795830249786377, 1.234030842781067, -1.1991833448410034, 0.25060808658599854, 0.5129110813140869, -0.06396050751209259, 0.47108814120292664, 1.2878749370574951, -1.1443225145339966, 0.8756972551345825, 1.1990166902542114, 0.7235024571418762, -0.8048723936080933, 0.37787461280822754, 0.790919303894043, 0.53961181640625, -0.27486908435821533, 0.9897595047950745, 0.6879495978355408, 0.048147052526474, 1.021710753440857, -1.0212881565093994, 1.4688526391983032, -0.015090707689523697, -0.3769974708557129, 2.083975076675415, 0.11171597242355347, 0.6858202219009399, 1.8675802946090698, -1.0004096031188965, 0.7855732440948486, -3.2079031467437744, -0.5515272617340088, -1.2068487405776978, -0.44808894395828247, -0.7524183988571167, 0.5392855405807495, -0.9767648577690125, -0.28713107109069824, 0.7485119104385376, -0.08095476031303406, 1.283797025680542, -0.8671848177909851, 1.4554386138916016, -1.9085135459899902, 1.5070009231567383, -0.47639286518096924, 1.119608998298645, -0.5102447271347046, 0.4857513904571533, -1.199724555015564, 1.33367121219635, 0.6409807205200195, -1.2041146755218506, -0.800114095211029, 0.6799558401107788, 0.6440432667732239, -1.474916696548462, -0.6763056516647339, 0.6896941661834717, 0.5585516095161438, -1.220418095588684, 1.3987727165222168, 0.03445623070001602, -0.7330362200737, 1.972835659980774, 1.2707104682922363, -0.9157395362854004, 0.00599505752325058, 0.0685742050409317, 0.1389418989419937, 0.582533061504364, -1.3248581886291504, 2.0477454662323, -1.5570180416107178, 1.4435522556304932, -2.0899431705474854, 0.07084911316633224, 1.6000019311904907]",yunet,Facenet,1920,1080,/home/amos/media/tv/modern_family/Modern.Family.S09.1080p.DSNP.WEB-DL.DDP5.1.H.264-CRFW/Modern.Family.S09E21.The.Escape.1080p.DSNP.WEB-DL.DDP5.1.H.264-CRFW.mkv,Modern Family,2009,1442437,9,21,Adam Devine,212604.0,0.879
872,366,150,612,468,570,270,462,270,0.925,20904,1,"[-0.421290785074234, 1.1621249914169312, 1.8697565793991089, -0.27175065875053406, 1.5684540271759033, -0.01977463811635971, 3.09487247467041, 0.7154815196990967, 0.38692936301231384, -0.3722256124019623, 1.7834898233413696, -1.0886039733886719, -0.013215258717536926, -0.1588486284017563, -0.2792855501174927, 0.6444591283798218, -0.07293106615543365, -1.666119933128357, -1.5227611064910889, -0.21733194589614868, -1.598699688911438, 1.765967845916748, -1.952883005142212, 1.1523182392120361, -2.3239731788635254, 2.168888807296753, 1.431758999824524, -0.5570108890533447, 0.07008113712072372, 1.9777660369873047, 0.6621890068054199, -0.09122826159000397, 0.3811376392841339, -0.9727382063865662, 0.17772376537322998, 0.5021517276763916, -0.7723270058631897, 0.7549235820770264, 0.562548041343689, -0.10443979501724243, -0.39249560236930847, -1.4520047903060913, -1.6263096332550049, 0.01536867767572403, -0.4522780478000641, 0.06180510297417641, 0.8486079573631287, -0.804189920425415, -1.175487995147705, 0.14000558853149414, 1.1910936832427979, 1.7696996927261353, 0.4439067840576172, -1.6929924488067627, 0.34461894631385803, 0.6296533942222595, 0.7573820352554321, -0.4766092896461487, 0.8111581206321716, 0.14549961686134338, -1.1797624826431274, -0.2260807901620865, 1.4098684787750244, -0.012550298124551773, 1.058416485786438, -0.5562193989753723, -0.6712033748626709, 1.1200387477874756, -0.12909840047359467, 1.738222599029541, 0.7014806866645813, -0.7198604345321655, -0.391954243183136, 0.15955324470996857, -0.9153658747673035, 1.4593324661254883, -2.440364122390747, -0.6610812544822693, -0.9068177938461304, 0.405101478099823, 0.5462939739227295, -0.023028336465358734, -0.7627546787261963, 0.4557126760482788, 0.9503388404846191, 0.5016229152679443, 0.2429167777299881, 0.8827136754989624, -0.10812436044216156, -1.4977920055389404, -0.6672664880752563, 0.6936023235321045, 1.682742714881897, -0.027085263282060623, 0.049057092517614365, -0.014856534078717232, 0.17214857041835785, 0.02704535238444805, 0.6389230489730835, -0.8286874294281006, -0.7513391375541687, -0.3610859513282776, -1.3857556581497192, -0.5334716439247131, -1.1628828048706055, 0.45404404401779175, -0.920387864112854, 0.26496952772140503, 1.0438071489334106, 1.1165823936462402, -0.4857388734817505, -0.26816898584365845, 1.1551003456115723, 0.5195371508598328, -0.007976232096552849, 0.5794740915298462, -0.05849539861083031, -1.3559000492095947, 0.014911182224750519, 0.5616806745529175, 0.5338265895843506, 1.2324482202529907, -0.5802015066146851, -1.8196467161178589, -0.5844077467918396, 1.4746986627578735, -0.09219963848590851, -1.317498803138733]",yunet,Facenet,1920,1080,/home/amos/media/tv/modern_family/Modern.Family.S09.1080p.DSNP.WEB-DL.DDP5.1.H.264-CRFW/Modern.Family.S09E21.The.Escape.1080p.DSNP.WEB-DL.DDP5.1.H.264-CRFW.mkv,Modern Family,2009,1442437,9,21,Jessica McKenna,1320260.0,0.718
873,996,180,1248,528,1140,300,1032,300,0.923,20928,0,"[0.1280200183391571, -1.2054641246795654, -0.3811750113964081, 2.40747332572937, 0.37409162521362305, 0.4017360210418701, 0.9045741558074951, -1.3775988817214966, -0.5977575182914734, 3.9084861278533936, -2.170382499694824, 0.7464073300361633, 0.7160592675209045, 1.7924422025680542, -0.23988503217697144, -0.7076514363288879, -0.277929425239563, -1.478129506111145, -1.2349976301193237, -0.47388193011283875, 0.2379516065120697, -0.01649061031639576, 0.14434993267059326, 0.06415721774101257, 0.9574194550514221, 1.0531984567642212, 1.4060003757476807, -1.0448943376541138, 2.723926544189453, -0.22395631670951843, 0.6912894248962402, -1.2553566694259644, -1.0555106401443481, -1.960080862045288, 1.4216047525405884, -1.7804466485977173, -1.6919615268707275, 1.550670862197876, 0.15325148403644562, -1.2066823244094849, -0.777013897895813, 1.2316330671310425, 0.5438879728317261, 0.7568303346633911, -0.48717132210731506, -0.39368292689323425, 0.19865822792053223, 1.1477006673812866, -0.3883362412452698, 0.7240474224090576, -0.9660534262657166, 2.4131553173065186, 0.7199885845184326, -0.8758664131164551, 0.8755067586898804, -0.0352342426776886, 2.4089536666870117, 1.1509885787963867, 1.5476512908935547, -0.20638081431388855, -0.44014957547187805, -0.10084125399589539, -0.05784069746732712, 0.09887360036373138, -0.749335527420044, 1.019212007522583, -0.7996517419815063, 0.34704408049583435, -0.7672770023345947, 0.15084128081798553, -1.0217293500900269, 0.1846449077129364, -0.2865142822265625, -0.09201585501432419, -0.19450625777244568, -0.7505430579185486, 0.2929832935333252, -0.9561648368835449, -0.31679606437683105, -0.7709711194038391, -0.6775082945823669, -0.40602031350135803, 1.1587941646575928, 0.8123272061347961, -1.0402213335037231, -0.03128572180867195, -0.43740391731262207, -0.3727390766143799, 0.7700940370559692, -1.6732075214385986, -1.114590048789978, 0.420306533575058, 0.8174208998680115, 0.5793808102607727, 2.0973408222198486, 0.6866070628166199, 0.44876065850257874, 0.095026396214962, 0.7106613516807556, -1.8433681726455688, -0.05169134587049484, 0.5855213403701782, -1.3961881399154663, 0.5707635879516602, 1.4270292520523071, -0.2662675380706787, 0.6683309674263, 0.30681300163269043, 2.3069043159484863, -0.5371628999710083, 1.2218924760818481, 0.4579485058784485, 0.4694303870201111, 1.3688855171203613, -0.7177032232284546, 0.36388567090034485, -0.5079168081283569, 1.4572149515151978, -0.3648865818977356, -0.11724831163883209, 1.9142673015594482, -0.2668115794658661, -1.1968333721160889, -1.0527379512786865, -0.2885562777519226, 1.0968869924545288, 1.7781734466552734, -1.9122912883758545]",yunet,Facenet,1920,1080,/home/amos/media/tv/modern_family/Modern.Family.S09.1080p.DSNP.WEB-DL.DDP5.1.H.264-CRFW/Modern.Family.S09E21.The.Escape.1080p.DSNP.WEB-DL.DDP5.1.H.264-CRFW.mkv,Modern Family,2009,1442437,9,21,Sarah Hyland,91351.0,0.634
874,972,192,1200,486,1104,300,1002,294,0.924,21000,0,"[-0.5785531997680664, -0.36091548204421997, -1.2220019102096558, 2.438789129257202, 1.169053077697754, -0.18040072917938232, 0.3414399325847626, -1.624528408050537, -0.3211069405078888, 3.82120680809021, -1.837925910949707, 1.296091079711914, 0.04051170498132706, 0.170884907245636, 0.2330073118209839, 0.09707581996917725, -0.4596690833568573, -0.6068276762962341, -1.239806890487671, 0.40450161695480347, 0.9328924417495728, -0.27168580889701843, 0.3307887315750122, 0.5190949440002441, 0.28125646710395813, 1.2564624547958374, 0.5271176099777222, -0.911145806312561, 2.7351579666137695, 0.13031375408172607, 0.6112158298492432, -0.6622125506401062, -1.2254390716552734, -1.3998631238937378, 1.2315542697906494, -1.5203895568847656, -1.5961828231811523, 1.779158592224121, 0.27771782875061035, -0.3235967755317688, -0.1683347523212433, 0.9863383769989014, 0.9811047315597534, 0.7259171009063721, -0.5749648213386536, 0.6648847460746765, -0.5461811423301697, 1.2891205549240112, -0.5414456129074097, 0.9155898094177246, -0.888246476650238, 2.7761359214782715, 0.9260479807853699, 0.5588456988334656, 0.5984068512916565, -0.08714018762111664, 0.2657458782196045, 0.2130126953125, 1.1192033290863037, 0.359697550535202, 0.008328724652528763, -0.4642523527145386, -0.8507328629493713, -0.43449532985687256, -0.3693417012691498, 0.7254804372787476, -0.3729255497455597, 0.3303298056125641, 0.18218913674354553, -0.402639776468277, -0.6160781383514404, -0.07967075705528259, 0.07116539776325226, 0.808032214641571, 0.239378422498703, -1.1697204113006592, 0.9243539571762085, -0.9175839424133301, -0.7460362315177917, -0.9625563025474548, -0.21615779399871826, -0.4419393241405487, 0.4019165337085724, 0.6514925360679626, -1.9473100900650024, 0.2801254689693451, -1.023403525352478, -0.7157785296440125, 0.17977286875247955, -1.0587432384490967, -1.3627574443817139, 0.24933964014053345, 1.4487837553024292, 0.6043605208396912, 1.883920431137085, -0.049361225217580795, 0.9003779888153076, 0.5003361105918884, -0.10110960900783539, -1.4235867261886597, -0.2514738440513611, -0.08664825558662415, -1.8977373838424683, 1.318957805633545, 0.6538408398628235, -0.6630251407623291, 0.9195502400398254, -0.36688947677612305, 1.230666160583496, 0.017646515741944313, 1.426857590675354, 0.9037906527519226, 0.72609543800354, 0.6935994029045105, -0.2922072410583496, 0.08935359120368958, -1.366715669631958, 0.9420316815376282, -0.38169556856155396, 0.09893600642681122, 1.349807620048523, -0.9504761695861816, -0.7107115983963013, -1.32877516746521, -1.3443348407745361, 1.6521977186203003, 2.241976261138916, -0.28949394822120667]",yunet,Facenet,1920,1080,/home/amos/media/tv/modern_family/Modern.Family.S09.1080p.DSNP.WEB-DL.DDP5.1.H.264-CRFW/Modern.Family.S09E21.The.Escape.1080p.DSNP.WEB-DL.DDP5.1.H.264-CRFW.mkv,Modern Family,2009,1442437,9,21,Sarah Hyland,91351.0,0.732
875,978,210,1206,510,1110,324,1014,318,0.917,21024,0,"[-1.0654778480529785, -0.30730563402175903, -0.42882832884788513, 1.9912490844726562, 1.3310242891311646, -0.1921854317188263, 0.7419093251228333, -0.3835996687412262, -0.9913991689682007, 2.9853901863098145, -1.4491091966629028, 0.9856175780296326, 0.2755003571510315, 0.2889998257160187, 0.16652262210845947, -0.36949771642684937, 0.2631447911262512, -1.2214345932006836, -0.7373539209365845, -0.16533508896827698, -0.016407333314418793, -0.1725752055644989, -0.43903934955596924, 0.7403472661972046, -1.0726770162582397, 0.9782508015632629, -0.1113014966249466, -0.19581997394561768, 2.395202159881592, 1.2134954929351807, 0.06953266263008118, -1.5595954656600952, -1.7579768896102905, -1.497979998588562, 1.9426608085632324, -1.4786349534988403, -1.4260824918746948, 1.6006144285202026, 0.3749005198478699, -0.8536374568939209, 0.33561304211616516, 0.9594736695289612, -0.07014164328575134, 1.369495153427124, 0.22419145703315735, 0.1343453973531723, 0.792202889919281, 1.1249291896820068, -0.38078951835632324, 1.1874397993087769, -0.9010531902313232, 3.480998992919922, 1.2910109758377075, -1.1834659576416016, -0.4420548379421234, 1.0770797729492188, 1.6855483055114746, 0.053179871290922165, 1.751932144165039, 1.140860915184021, 0.11418028920888901, -0.16063836216926575, 0.15232902765274048, 0.13984021544456482, -0.7224937081336975, 0.7681571245193481, -0.2565307915210724, 0.2156936079263687, 0.46924370527267456, -0.09867021441459656, -0.2878153920173645, 0.08223499357700348, -0.9026729464530945, 0.4948427081108093, 0.2601678669452667, -0.6195176243782043, 0.24026483297348022, -0.6556788682937622, -1.228031873703003, -0.8643180727958679, -0.7348341941833496, -0.49096521735191345, 0.3401104807853699, -0.10667004436254501, -0.899455189704895, -0.2736726403236389, -0.2850855886936188, -0.11649283021688461, -0.2331792712211609, -1.214400291442871, -2.0960278511047363, 0.6394343972206116, 0.901023805141449, 1.2214969396591187, 2.07904314994812, -0.7924051880836487, 1.4892791509628296, -0.5810657143592834, 0.1995326429605484, -0.34158316254615784, 0.0969371348619461, 0.5121908783912659, -1.5760159492492676, 1.4283254146575928, 0.535359263420105, 0.18322454392910004, 0.8102884888648987, -0.45688357949256897, 1.2317965030670166, 0.32527899742126465, 1.3933219909667969, 0.6977109313011169, 0.49472343921661377, 1.563654899597168, -0.9465198516845703, -0.2528040409088135, -0.23407506942749023, 0.7200288772583008, -1.0639327764511108, 0.06691034138202667, 1.7841084003448486, 0.3550150990486145, -1.252185583114624, -2.162125825881958, -1.973851203918457, 1.6064079999923706, 1.4045416116714478, -1.8273530006408691]",yunet,Facenet,1920,1080,/home/amos/media/tv/modern_family/Modern.Family.S09.1080p.DSNP.WEB-DL.DDP5.1.H.264-CRFW/Modern.Family.S09E21.The.Escape.1080p.DSNP.WEB-DL.DDP5.1.H.264-CRFW.mkv,Modern Family,2009,1442437,9,21,Sarah Hyland,91351.0,0.645
876,978,216,1200,498,1104,324,1008,312,0.918,21048,0,"[-1.6507998704910278, -0.44714847207069397, -1.0975005626678467, 2.1731667518615723, 1.6240971088409424, -0.28519564867019653, 0.9039474725723267, -2.3277883529663086, -0.6340425610542297, 2.904489517211914, -1.453487515449524, 1.5703098773956299, 0.6627526879310608, -0.34495705366134644, -0.10896632075309753, -0.299129843711853, -0.03273773193359375, -0.5663722157478333, -0.5218016505241394, 0.2093052864074707, 0.9557077884674072, -0.6596508026123047, -0.0816192775964737, 0.32011276483535767, -1.5102534294128418, 0.8288149833679199, -0.16735167801380157, -0.8914663791656494, 2.062790632247925, 1.1701146364212036, 0.4860588312149048, -1.2158466577529907, -1.7962946891784668, -0.550105631351471, 1.761603832244873, -1.232065200805664, -1.9019737243652344, 1.5343194007873535, 0.7934329509735107, -0.9615739583969116, 0.9828251004219055, 1.2931498289108276, 0.31634849309921265, 1.4237595796585083, -0.5127795338630676, -0.3977385461330414, 0.5572604537010193, 0.8858276605606079, -0.8715946674346924, 0.7742440700531006, -0.9899167418479919, 3.12615704536438, 0.36873674392700195, -0.6161497235298157, -0.13194212317466736, 0.8726050853729248, 0.9770283699035645, 0.09089089930057526, 0.977834939956665, 0.41214340925216675, 0.3564579486846924, -0.8843469023704529, -0.6997981071472168, -0.45954975485801697, -0.6534653306007385, 1.0446500778198242, 0.0568525493144989, 0.5608363747596741, 0.26803210377693176, 0.010802686214447021, 0.05462096631526947, 0.24554893374443054, -0.44593068957328796, 0.8052608966827393, 0.5263238549232483, -0.36003801226615906, 0.915535569190979, -1.0111067295074463, -1.8334826231002808, -1.581279993057251, -0.7065779566764832, 0.04049622267484665, 0.29270219802856445, 0.6897521615028381, -1.5059876441955566, 0.3388502895832062, 0.07314237952232361, -0.37336182594299316, -0.9272259473800659, -0.7243127822875977, -2.096498727798462, 0.1157752200961113, 1.4277817010879517, 1.2395610809326172, 1.8998466730117798, -0.8258922696113586, 1.176240086555481, 0.06371903419494629, -0.018245698884129524, -0.6413503289222717, -0.24462249875068665, 0.24175262451171875, -1.831538200378418, 1.241639494895935, 0.8152109980583191, -0.3067348599433899, 1.127877116203308, -0.3409554362297058, 0.9079248905181885, -0.4362970292568207, 1.6324843168258667, 1.3666695356369019, 0.6891281604766846, 1.273075819015503, -0.6965464353561401, 0.2891811728477478, -0.7454555034637451, 0.7237173318862915, -1.2238661050796509, 0.6071516275405884, 1.2929998636245728, 0.3870152533054352, -0.21907173097133636, -1.9616321325302124, -1.6153900623321533, 1.2278690338134766, 1.3812869787216187, -0.8764876127243042]",yunet,Facenet,1920,1080,/home/amos/media/tv/modern_family/Modern.Family.S09.1080p.DSNP.WEB-DL.DDP5.1.H.264-CRFW/Modern.Family.S09E21.The.Escape.1080p.DSNP.WEB-DL.DDP5.1.H.264-CRFW.mkv,Modern Family,2009,1442437,9,21,Sarah Hyland,91351.0,0.693
877,966,222,1182,516,1092,342,1002,330,0.913,21072,0,"[-1.3477251529693604, -0.7083632946014404, -0.6598779559135437, 1.4290746450424194, 1.8873711824417114, 0.10667295008897781, 1.5751968622207642, -1.3511329889297485, -0.5110018849372864, 3.5194904804229736, -1.8145352602005005, 1.2121055126190186, 0.5582176446914673, -0.2337244302034378, -0.8647633790969849, -0.17836083471775055, 0.39307305216789246, -1.2115259170532227, 0.3194032311439514, -0.7317817211151123, 1.0874301195144653, -0.7667399048805237, -0.2962911128997803, -0.20036473870277405, -1.59481680393219, 0.8538203835487366, 0.14035861194133759, -0.5852678418159485, 0.9845880270004272, 1.7975469827651978, -0.29899564385414124, -0.9719495177268982, -1.8466600179672241, -1.1694748401641846, 1.7679461240768433, -1.2532318830490112, -1.7252994775772095, 1.6274651288986206, 0.2587782144546509, -1.2948172092437744, 1.0770883560180664, 0.850894570350647, -0.3794502019882202, 1.9551074504852295, 0.12851259112358093, -0.03991129249334335, 0.715201199054718, 0.8917458057403564, -0.6080237627029419, 0.5782639980316162, -1.6257894039154053, 3.381110668182373, 0.034719426184892654, -1.4086016416549683, -0.5784425139427185, 0.4786829352378845, 0.7981722950935364, 0.05075589939951897, 1.5238142013549805, 0.03267255425453186, -0.42034080624580383, -0.42155492305755615, -0.15292933583259583, -0.5667445063591003, -0.8949682116508484, 0.8479604125022888, -0.3289943337440491, 0.7954217791557312, 1.1557724475860596, 0.1391560137271881, -0.05477399751543999, 0.3143540620803833, -0.9241903424263, 0.19377140700817108, 0.011984657496213913, -0.41614535450935364, 0.47121331095695496, -0.9884988069534302, -1.40945565700531, -1.4179188013076782, -0.6342873573303223, -0.48352548480033875, 0.26060375571250916, -0.17444297671318054, -1.4633392095565796, 0.04684138298034668, 0.0608689971268177, -0.351520836353302, -0.8821561336517334, -0.04455045238137245, -1.8593370914459229, -0.05157378315925598, 1.3691526651382446, 1.4393385648727417, 1.8447449207305908, -0.7195659875869751, 1.8721657991409302, 0.0029656426049768925, -0.13239741325378418, 0.6964977979660034, 0.07701825350522995, 0.6810969114303589, -1.445571780204773, 0.6201871037483215, -0.399804025888443, 0.28498733043670654, 0.8377379775047302, -0.377057284116745, 0.5202990770339966, 0.3180619478225708, 1.1274995803833008, 1.1245132684707642, 0.4647456705570221, 1.6041018962860107, -0.6166083812713623, 0.19276931881904602, -0.5278559923171997, 0.33820289373397827, -1.2777751684188843, -0.044170573353767395, 1.5962833166122437, 1.2597908973693848, -1.0331107378005981, -1.5480687618255615, -1.6150778532028198, 0.7841595411300659, 1.5997200012207031, -1.2150250673294067]",yunet,Facenet,1920,1080,/home/amos/media/tv/modern_family/Modern.Family.S09.1080p.DSNP.WEB-DL.DDP5.1.H.264-CRFW/Modern.Family.S09E21.The.Escape.1080p.DSNP.WEB-DL.DDP5.1.H.264-CRFW.mkv,Modern Family,2009,1442437,9,21,Sarah Hyland,91351.0,0.645
878,780,150,984,420,948,252,846,252,0.929,21096,0,"[0.5845111608505249, 1.7728341817855835, 1.3407535552978516, -0.7055400609970093, 0.22329303622245789, 0.6566632390022278, 1.1941931247711182, -1.9857420921325684, -1.148991584777832, -0.48320311307907104, 0.49906349182128906, 0.981040358543396, -1.137585997581482, -0.6194709539413452, -0.05921538174152374, 1.573999047279358, -0.33729287981987, -0.6305853724479675, -0.8304746747016907, -0.509077787399292, 0.39015182852745056, 0.7989669442176819, -0.6285730600357056, -1.3421919345855713, 1.018339991569519, 1.2034302949905396, -0.7877391576766968, 1.2051900625228882, 1.2083940505981445, 0.8494678735733032, 0.18911823630332947, 0.7421144843101501, -0.9146159887313843, 0.26633206009864807, -0.29928138852119446, 0.6569679975509644, 0.17812269926071167, -0.8350802659988403, -0.862989604473114, -0.014297295361757278, 0.24743196368217468, 0.8380547761917114, -2.1307718753814697, 0.023874513804912567, 0.10013126581907272, -0.24438653886318207, -1.0338560342788696, 0.6878595352172852, 0.36540019512176514, 0.35933080315589905, 0.18223364651203156, -1.3178178071975708, 0.779698371887207, 1.3443046808242798, -0.752199649810791, 0.44290316104888916, -0.09121160209178925, -1.4865577220916748, 1.0659457445144653, 0.9296143054962158, -0.7013956904411316, -0.3755893111228943, 0.3682022988796234, 0.8367596864700317, 0.6455181837081909, -0.3624160885810852, 0.6714935302734375, 1.0987645387649536, 0.5058247447013855, 1.4297106266021729, -0.8426579833030701, 1.6990444660186768, -0.18286137282848358, -0.3711928725242615, 1.1032235622406006, 0.038956169039011, 0.7016005516052246, 1.9336670637130737, -0.29636844992637634, 0.9737077951431274, -1.8329381942749023, -0.6685787439346313, -2.2799456119537354, -1.5819355249404907, 0.01172427088022232, -0.14328429102897644, -0.4653729498386383, -1.5204315185546875, 0.5668970346450806, -0.20370273292064667, 1.7461955547332764, 0.13185402750968933, 0.7595716118812561, -2.383697748184204, 1.1497480869293213, 0.17119146883487701, 0.6033123731613159, -0.7928125262260437, 1.4314353466033936, -0.8200790882110596, 0.3970017433166504, 1.1257706880569458, -0.9959574937820435, -0.9525883197784424, 0.3559218645095825, 1.3004355430603027, -1.2179532051086426, -1.0492463111877441, 0.18989631533622742, 0.09811301529407501, -1.2340420484542847, 1.1146188974380493, -0.4079834818840027, -0.2190060019493103, 1.8435543775558472, 1.940295934677124, -0.6149650812149048, 0.1565932035446167, -0.6250078678131104, 1.003435730934143, 0.8759669065475464, -0.814698338508606, 2.597121238708496, -0.8880375027656555, 1.3053501844406128, -1.1570321321487427, 0.5937992930412292, 1.3690813779830933]",yunet,Facenet,1920,1080,/home/amos/media/tv/modern_family/Modern.Family.S09.1080p.DSNP.WEB-DL.DDP5.1.H.264-CRFW/Modern.Family.S09E21.The.Escape.1080p.DSNP.WEB-DL.DDP5.1.H.264-CRFW.mkv,Modern Family,2009,1442437,9,21,Adam Devine,212604.0,0.836
879,888,120,1092,402,1038,228,936,222,0.932,21120,0,"[0.6191881895065308, 1.3323668241500854, 1.463199496269226, -1.0935697555541992, 0.4245096743106842, 0.5274055004119873, 0.2654418349266052, -2.1677405834198, -0.5244821310043335, -0.9496373534202576, 0.5795896053314209, 1.5853110551834106, -0.14602650701999664, -0.49031248688697815, 0.40783464908599854, 1.7048611640930176, -0.29861652851104736, -0.08961968868970871, -0.4851953387260437, -0.10951295495033264, 0.048127904534339905, 1.038276195526123, -1.3572630882263184, -1.4499455690383911, 0.9038072228431702, 1.0659857988357544, -0.9705005884170532, 1.6391513347625732, 0.8439657092094421, 0.5988881587982178, 0.18688178062438965, 0.2944846749305725, -0.5753026008605957, 0.1402151882648468, -0.2091434895992279, 1.0842591524124146, 0.460216224193573, -0.9736812710762024, -0.8418622612953186, 0.355245977640152, 0.9502673149108887, 0.9284713864326477, -1.9418245553970337, -0.20094448328018188, -0.23275373876094818, -1.0481302738189697, -1.4785983562469482, 0.7006735801696777, 1.0961024761199951, 0.2003137767314911, 0.9922413229942322, -1.4679471254348755, 0.40622463822364807, 0.5568544864654541, -0.4617875814437866, 0.6313542127609253, 0.7038966417312622, -1.8401367664337158, 0.8952699303627014, 1.0934717655181885, -0.0033965855836868286, -0.3897366523742676, 0.3275878131389618, 1.205818772315979, 0.676093339920044, -0.3246767520904541, 1.1819700002670288, 0.21099016070365906, 0.3409532904624939, 1.3024338483810425, -0.5961976647377014, 1.6224476099014282, -0.20923294126987457, -0.45411378145217896, 1.7043322324752808, -0.45666173100471497, 0.8464916944503784, 1.643707513809204, -0.7937241792678833, 1.0376012325286865, -2.4903900623321533, -0.46030616760253906, -1.4140201807022095, -0.7402182221412659, 0.07241667807102203, -0.35272490978240967, -0.2035382091999054, -0.9600625038146973, 0.855460524559021, -0.13322913646697998, 1.0136516094207764, -0.11955716460943222, 0.7244191765785217, -2.0766427516937256, 1.2290881872177124, -0.45536062121391296, 0.8123646974563599, -0.9724153876304626, 1.415245532989502, -0.6188079714775085, 1.2457377910614014, 1.2101013660430908, -1.2445545196533203, -0.9822798371315002, 0.7488064169883728, 1.6218039989471436, -1.1304699182510376, -1.0758086442947388, 0.48294222354888916, 0.029904833063483238, -0.6300972104072571, 1.2916226387023926, -0.7505143880844116, -0.11324316263198853, 2.238015651702881, 1.5923182964324951, 0.052688539028167725, 0.6385636925697327, -0.5777191519737244, 0.5714942216873169, 1.00840163230896, -0.6257445812225342, 2.7727725505828857, -1.186947226524353, 1.2904385328292847, -1.2688777446746826, -0.14050400257110596, 1.2742955684661865]",yunet,Facenet,1920,1080,/home/amos/media/tv/modern_family/Modern.Family.S09.1080p.DSNP.WEB-DL.DDP5.1.H.264-CRFW/Modern.Family.S09E21.The.Escape.1080p.DSNP.WEB-DL.DDP5.1.H.264-CRFW.mkv,Modern Family,2009,1442437,9,21,Adam Devine,212604.0,0.848
880,774,120,984,402,930,228,828,228,0.934,21144,0,"[1.108579397201538, 1.75212824344635, 1.3426449298858643, -0.7470535039901733, 0.2275427132844925, -0.11590638756752014, 0.5430519580841064, -2.7217867374420166, -0.32966968417167664, -0.9484570622444153, 0.9734707474708557, 1.1986627578735352, -0.023896746337413788, -0.9513601064682007, -0.17535710334777832, 1.2193752527236938, -0.2324744164943695, -0.5115019083023071, -0.7227464318275452, -0.12563011050224304, 0.27476340532302856, 0.5877059102058411, -1.0501255989074707, -0.5211288928985596, 1.2719993591308594, 1.3053804636001587, -1.010528802871704, 1.6815093755722046, 1.561802864074707, 0.2278144657611847, 0.1405891627073288, 0.14353413879871368, -0.8660388588905334, 0.6656703352928162, -0.5797008275985718, 0.7421523332595825, -0.011611077934503555, -0.762793242931366, -0.4429728388786316, 0.29047292470932007, 1.0325238704681396, 0.6262061595916748, -1.6828583478927612, 0.11721231043338776, -0.3575388491153717, -0.4703181982040405, -1.016762375831604, 0.5382413864135742, 0.8970245718955994, -0.07744846493005753, 0.3169078230857849, -1.5934360027313232, 0.3254173696041107, 0.6906997561454773, -0.3150237798690796, 0.7715390920639038, 0.6801092028617859, -1.6984732151031494, 1.5250331163406372, 1.6778606176376343, -0.18553441762924194, -0.7197889089584351, 0.36821284890174866, 0.40292343497276306, 0.38635146617889404, 0.16630026698112488, 0.5110135078430176, 0.04244989529252052, 0.30737534165382385, 1.2261658906936646, -0.8859303593635559, 1.311128854751587, -0.1896263062953949, -0.455924928188324, 1.0795780420303345, -0.32795339822769165, 1.0243704319000244, 1.6703687906265259, 0.04790583997964859, 0.624413788318634, -1.6279194355010986, -1.0208743810653687, -1.1574556827545166, -1.4674807786941528, 0.1740906983613968, 0.0735228955745697, -0.8531608581542969, -1.0485080480575562, 1.2658618688583374, -0.30762770771980286, 1.694550633430481, 0.04064863175153732, 0.8046401143074036, -2.397679090499878, 1.7172185182571411, -0.38089948892593384, 0.35222795605659485, -1.0988101959228516, 0.6975058913230896, -1.3445342779159546, 1.104239821434021, 1.0624737739562988, -0.7172210216522217, -0.6450690627098083, 0.4133411943912506, 1.9802085161209106, -0.3942701518535614, -1.1814937591552734, -0.3716476261615753, -0.2682608962059021, -0.4190407991409302, 1.4445356130599976, -0.8617371320724487, -0.2967655062675476, 1.9810341596603394, 1.3304753303527832, -0.47406020760536194, 0.3177720308303833, 0.009757012128829956, 1.0004849433898926, 0.8902339339256287, -0.39924848079681396, 2.879432439804077, -1.5079683065414429, 1.1023237705230713, -0.929739236831665, 0.9733726382255554, 1.031640648841858]",yunet,Facenet,1920,1080,/home/amos/media/tv/modern_family/Modern.Family.S09.1080p.DSNP.WEB-DL.DDP5.1.H.264-CRFW/Modern.Family.S09E21.The.Escape.1080p.DSNP.WEB-DL.DDP5.1.H.264-CRFW.mkv,Modern Family,2009,1442437,9,21,Adam Devine,212604.0,0.862
881,762,168,966,426,912,264,810,264,0.935,21168,0,"[0.05790623277425766, 0.5794186592102051, 0.9678381681442261, -0.7987844347953796, 0.7436127662658691, 0.15159451961517334, -0.708972156047821, -1.7993338108062744, -0.5910508036613464, -0.0522165410220623, 0.4581791162490845, 1.3363038301467896, -0.17042407393455505, -0.630490779876709, 0.09604822099208832, 1.6345070600509644, -0.05262032151222229, -0.10870389640331268, -0.40616172552108765, 0.5465471744537354, 0.4074406325817108, 0.6144872307777405, -0.5863036513328552, -0.6956731081008911, 1.441841721534729, 1.5483278036117554, -0.48868638277053833, 1.4784932136535645, 1.2824161052703857, 0.6649432182312012, 1.1148855686187744, 0.1833709329366684, -0.15690605342388153, -0.10022727400064468, -0.7348570823669434, 1.1256576776504517, 0.9491977691650391, -0.4863957166671753, -0.6378939747810364, -0.031057290732860565, 0.3899852931499481, 0.9488851428031921, -1.8800207376480103, 0.1483469307422638, -0.2540152668952942, -0.7798290252685547, -1.4157042503356934, 0.6252089738845825, 0.763687252998352, 0.21371333301067352, 0.864957869052887, -1.1739137172698975, 0.23700371384620667, 0.985826849937439, -0.6848288774490356, 0.586850643157959, 0.7007400393486023, -1.8156431913375854, 1.223736047744751, 1.4275356531143188, 0.3491016626358032, 0.11166447401046753, -0.05625852569937706, 1.1051568984985352, 0.4405680000782013, -0.7610087990760803, 0.6442069411277771, 0.08488641679286957, 0.1600669026374817, 1.1967320442199707, -1.008854627609253, 0.9845840930938721, -0.3180689513683319, -0.29944363236427307, 2.110866069793701, -0.4009372293949127, 0.7892085313796997, 1.4747214317321777, -0.48814183473587036, 0.5739865303039551, -2.386991262435913, -0.6247532367706299, -1.075719952583313, -0.29651978611946106, -0.3237757086753845, 0.6004736423492432, -0.31182152032852173, -0.4166656732559204, 0.5512357950210571, -0.33929115533828735, 1.0577985048294067, -0.13137304782867432, 0.29530781507492065, -2.423786163330078, 1.5185546875, -0.1595958024263382, 0.655002236366272, -1.7177728414535522, 1.3738417625427246, -1.0813226699829102, 0.7885370254516602, 1.8158797025680542, -1.101954460144043, -1.7801181077957153, 0.8740736842155457, 0.993530809879303, -0.9091429114341736, -0.9573466777801514, 1.1840630769729614, -0.5181650519371033, -1.1272854804992676, 0.5899153351783752, -0.7165542840957642, -0.47948580980300903, 2.3655967712402344, 1.700964331626892, -0.30974525213241577, 0.7537175416946411, -0.6848918795585632, 0.4862253963947296, 1.3125404119491577, -1.2322484254837036, 2.3644278049468994, -1.0787206888198853, 1.6322219371795654, -2.0727601051330566, 0.677117645740509, 1.3139287233352661]",yunet,Facenet,1920,1080,/home/amos/media/tv/modern_family/Modern.Family.S09.1080p.DSNP.WEB-DL.DDP5.1.H.264-CRFW/Modern.Family.S09E21.The.Escape.1080p.DSNP.WEB-DL.DDP5.1.H.264-CRFW.mkv,Modern Family,2009,1442437,9,21,Adam Devine,212604.0,0.879
882,726,210,924,468,864,306,774,312,0.931,21192,0,"[0.6009721755981445, 1.4914640188217163, 0.7539503574371338, -0.754179060459137, 0.04692328721284866, 0.4964228570461273, -0.09743461012840271, -2.358604907989502, -0.6960636377334595, -1.1480185985565186, 0.8093615174293518, 1.4104400873184204, -0.5609027147293091, -0.7918369770050049, 0.5999493598937988, 1.5930155515670776, 0.07381831854581833, 0.04844924807548523, -0.5428174138069153, 0.23432518541812897, 0.24026614427566528, 1.0190832614898682, -0.4164058268070221, -0.913156270980835, 1.3577038049697876, 1.347428560256958, -0.8475123643875122, 1.658274531364441, 1.0917060375213623, 0.8153780698776245, 0.5356636047363281, 0.39226004481315613, -0.4372183084487915, 0.32422947883605957, -0.14698593318462372, 1.1902531385421753, 1.1408050060272217, -1.0372811555862427, -1.0350661277770996, 0.8930116891860962, 0.40235093235969543, 0.9134790301322937, -1.7138687372207642, -0.4266529381275177, -0.046354740858078, -0.32726728916168213, -0.9854996800422668, 0.31388211250305176, 0.7198933959007263, 0.2812153697013855, 0.7029276490211487, -1.914745569229126, 0.5556350946426392, 0.9710969924926758, -0.424985408782959, 1.154545783996582, 0.6820778250694275, -1.1084007024765015, 1.1658142805099487, 0.9991196393966675, 0.3606196641921997, -0.2581036686897278, 0.5008199214935303, 1.0358858108520508, 0.7302370667457581, -0.3057345151901245, 1.365899682044983, 0.9211632013320923, 0.08516617864370346, 0.9656869173049927, -0.37510067224502563, 1.8670588731765747, -0.023474793881177902, -0.13831767439842224, 1.3585951328277588, -0.16166609525680542, 1.1188254356384277, 1.5830118656158447, -1.0133051872253418, 0.7815845012664795, -2.699199676513672, -0.17564506828784943, -1.539384126663208, -0.5258783102035522, -0.1212121769785881, -0.25587189197540283, -0.3807019591331482, -0.9378509521484375, 0.8101111650466919, -0.6353861689567566, 1.3164135217666626, -0.609783411026001, 0.68430495262146, -2.298286199569702, 0.9884239435195923, -0.4395937919616699, 0.7250295877456665, -0.7764133810997009, 1.3312153816223145, -0.7902409434318542, 1.0481137037277222, 0.9479855895042419, -0.7322620749473572, -0.9852791428565979, 0.5202415585517883, 1.027733325958252, -1.127736210823059, -0.9536958932876587, 1.0047036409378052, -0.29888200759887695, -1.028038501739502, 0.9711968302726746, -0.06761819124221802, -0.16134771704673767, 2.254361391067505, 1.450291633605957, -0.10821609199047089, 0.6740832328796387, 0.032744016498327255, 1.148638129234314, 1.0902249813079834, -0.5718863010406494, 2.9144041538238525, -1.6092560291290283, 1.4532657861709595, -1.1203935146331787, 0.3493212163448334, 1.2734967470169067]",yunet,Facenet,1920,1080,/home/amos/media/tv/modern_family/Modern.Family.S09.1080p.DSNP.WEB-DL.DDP5.1.H.264-CRFW/Modern.Family.S09E21.The.Escape.1080p.DSNP.WEB-DL.DDP5.1.H.264-CRFW.mkv,Modern Family,2009,1442437,9,21,Adam Devine,212604.0,0.88
883,726,204,930,468,858,306,768,312,0.937,21216,0,"[0.7441620826721191, 1.6704226732254028, 1.1920444965362549, -0.9118251800537109, 0.2474963217973709, 0.841921865940094, -0.2605539858341217, -1.9750880002975464, 0.015048649162054062, -1.076185703277588, 0.3920329213142395, 1.8303004503250122, -0.6513179540634155, -0.9168583154678345, 0.6109389066696167, 1.5127700567245483, -0.3502017557621002, 0.11419215798377991, -0.5467672348022461, -0.09003356844186783, 0.06009945273399353, 0.9415730834007263, -0.6720498204231262, -1.4137784242630005, 0.9067364931106567, 0.8968054056167603, -0.7439595460891724, 1.6279387474060059, 0.4064015746116638, 0.44055214524269104, 0.13356444239616394, 0.0950578823685646, -0.04738069698214531, -0.5211338400840759, -0.29921573400497437, 1.2533663511276245, 1.0041364431381226, -1.3048142194747925, -1.197603464126587, 0.8668205738067627, 0.8070673942565918, 0.40295925736427307, -1.62306809425354, -0.46921995282173157, 0.12511447072029114, -0.3452451229095459, -1.2340468168258667, 0.6189292669296265, 0.24271731078624725, 0.1348632276058197, 0.7989199161529541, -1.7915983200073242, 0.5698739290237427, 1.2167617082595825, -0.1634387969970703, 0.6987752914428711, 0.6646193861961365, -1.1092798709869385, 1.2894481420516968, 0.32009243965148926, 0.3069893717765808, -0.7776966691017151, 0.785610020160675, 0.9919079542160034, 1.0038529634475708, -0.49683910608291626, 1.2666654586791992, 0.6317873597145081, -0.47991666197776794, 0.7729800939559937, -0.8682435750961304, 1.5673763751983643, -0.23551931977272034, -0.37759506702423096, 1.0826168060302734, -0.49643996357917786, 0.9451698064804077, 1.9195878505706787, -0.8162736892700195, 0.8000051975250244, -2.4555907249450684, -0.46136271953582764, -1.2979998588562012, -0.6038051247596741, -0.5561747550964355, -0.8910568952560425, -0.3013291656970978, -0.953019380569458, 0.8661562204360962, -0.6799178123474121, 0.9288864731788635, -1.1770217418670654, 0.8682828545570374, -2.611185073852539, 0.70196133852005, -0.9063906073570251, 0.7249831557273865, -1.0250526666641235, 1.254120111465454, -0.2943572998046875, 0.7953961491584778, 1.07411527633667, -0.9442404508590698, -0.49859049916267395, 0.1388794481754303, 1.3855576515197754, -1.5462881326675415, -0.9850431680679321, 1.144980788230896, 0.7008965015411377, -0.998275876045227, 1.0826393365859985, -0.0711522102355957, 0.037490114569664, 1.9044142961502075, 1.3937135934829712, -0.3526625335216522, 0.39592692255973816, 0.07054110616445541, 0.3783171474933624, 0.45928555727005005, -0.6816731691360474, 2.892688035964966, -1.1191399097442627, 1.819101333618164, -0.9551868438720703, 0.47573602199554443, 1.7199420928955078]",yunet,Facenet,1920,1080,/home/amos/media/tv/modern_family/Modern.Family.S09.1080p.DSNP.WEB-DL.DDP5.1.H.264-CRFW/Modern.Family.S09E21.The.Escape.1080p.DSNP.WEB-DL.DDP5.1.H.264-CRFW.mkv,Modern Family,2009,1442437,9,21,Adam Devine,212604.0,0.829
884,1026,276,1290,576,1188,372,1086,372,0.911,21240,0,"[-0.8961023092269897, -1.072321891784668, 0.6815358400344849, 1.843503713607788, 2.01509428024292, -0.2538205683231354, 0.5476140975952148, -2.0805766582489014, 0.20096048712730408, 2.166140556335449, -0.6969621777534485, 0.47727328538894653, 0.3315460681915283, -1.6571766138076782, -0.21746623516082764, 0.621486246585846, -0.45741602778434753, -0.682594895362854, -2.562025785446167, -0.7235808372497559, 1.894504427909851, -0.4121163785457611, 0.8610379099845886, -1.5075801610946655, 0.17573274672031403, -1.0072581768035889, 0.7871620655059814, 0.023142073303461075, 2.224274158477783, -0.21344628930091858, -0.013024553656578064, -0.6213892698287964, 0.36660879850387573, -1.5958993434906006, 1.4146677255630493, -1.258514642715454, -0.939126193523407, 0.8504384160041809, -0.24342578649520874, -1.4175183773040771, 0.36005905270576477, -0.8852350115776062, -0.48188677430152893, -0.06759031862020493, -0.3591230511665344, 0.49817556142807007, -0.39276477694511414, 0.648389458656311, -0.7414748668670654, -0.06278011947870255, -2.3001108169555664, 2.2899506092071533, 0.007804222404956818, 0.5082079172134399, 0.8885087370872498, 0.9142554998397827, 0.57467120885849, -0.047209061682224274, 0.9921309947967529, -0.35375234484672546, -0.3147694170475006, -0.7972654104232788, -1.0598243474960327, 0.6948503255844116, -0.32184433937072754, 2.243328809738159, 0.8255079388618469, -0.372701495885849, 0.2930336892604828, -0.7788903713226318, -0.9511896967887878, -1.6887630224227905, -0.45318421721458435, 1.0850545167922974, 0.6560047268867493, -0.16363438963890076, -0.18929359316825867, -0.5261206030845642, -0.153564453125, -0.8938670754432678, 0.886102020740509, 0.028788253664970398, 0.5575746893882751, 0.8731306195259094, 0.30952855944633484, -0.9701898097991943, -0.3554054796695709, -0.9131489396095276, -1.0666788816452026, 0.6378211379051208, -1.8241256475448608, 0.5798095464706421, 1.7220126390457153, -0.6862902641296387, 0.5198805928230286, 1.1803913116455078, -0.4323907494544983, 0.3922591209411621, -0.4978421628475189, -1.199023962020874, -2.400150775909424, -1.2140666246414185, -2.247559070587158, 1.377981424331665, 1.5507309436798096, 1.319969654083252, 1.1656659841537476, 0.003132864832878113, 1.2749440670013428, 0.45652273297309875, 0.3894925117492676, 1.4536607265472412, 0.5839859247207642, -0.3633456826210022, -0.0849868506193161, 0.7411972284317017, -0.8732695579528809, 0.2873395085334778, -1.099348545074463, -0.8112733960151672, 2.4020297527313232, -1.921403408050537, -0.07757452130317688, 0.2946610152721405, 0.1990581899881363, 1.4513592720031738, 1.2077467441558838, 0.6172979474067688]",yunet,Facenet,1920,1080,/home/amos/media/tv/modern_family/Modern.Family.S09.1080p.DSNP.WEB-DL.DDP5.1.H.264-CRFW/Modern.Family.S09E21.The.Escape.1080p.DSNP.WEB-DL.DDP5.1.H.264-CRFW.mkv,Modern Family,2009,1442437,9,21,Sarah Hyland,91351.0,0.6
885,1008,258,1248,552,1158,372,1062,372,0.919,21264,0,"[-1.2264354228973389, -1.1023410558700562, 0.14735126495361328, 2.147303581237793, 2.730428457260132, -0.7769405245780945, 0.5061964988708496, -2.5291991233825684, -0.21208932995796204, 3.4400763511657715, -0.903984010219574, 1.418716311454773, 0.9722712635993958, -0.45869213342666626, 0.41105177998542786, 0.1296222060918808, -0.43536409735679626, -0.3165512681007385, -1.771718144416809, -0.7946978807449341, 0.5903280973434448, -0.644798219203949, 0.8829094171524048, 0.8266909122467041, -0.2532069683074951, -0.7375509738922119, 1.1488202810287476, -0.3898128271102905, 2.818162202835083, 0.9993032217025757, 0.6538749933242798, -2.096346139907837, -0.5307671427726746, -1.6437962055206299, 1.9740954637527466, -1.1822996139526367, -2.300234317779541, 1.4874465465545654, -0.569268524646759, -0.953230619430542, 0.4159542918205261, -0.6407707929611206, 0.8156005144119263, 1.7599440813064575, -1.108121395111084, -0.7867280840873718, 0.20357836782932281, -0.708405613899231, -0.47687673568725586, -0.017353620380163193, -1.499468445777893, 0.9410759210586548, 1.0279988050460815, 0.0630858838558197, 0.6251592040061951, -0.549039363861084, 0.36568576097488403, -0.04927852004766464, 0.4226350784301758, 0.018028900027275085, -0.46708518266677856, -0.5047999620437622, -0.6485981345176697, -1.3507827520370483, -1.1783405542373657, 1.55696439743042, -1.0310420989990234, 0.8646661043167114, 0.3125567138195038, 0.9687533378601074, -0.691829264163971, -0.3180166780948639, -0.40373289585113525, 0.4011495113372803, -0.043994586914777756, -0.15046535432338715, 1.4295892715454102, -0.3774772882461548, 0.2754696011543274, -0.8119630217552185, 0.11864181607961655, 0.11748804897069931, 0.8533570170402527, 0.5476997494697571, -0.9362722635269165, 0.864836573600769, 0.21497800946235657, -0.5957655906677246, -0.26638302206993103, -0.5290414690971375, -0.4360537827014923, 0.7478302121162415, 0.8037262558937073, -0.022576823830604553, 1.6197067499160767, -0.105889230966568, -0.18976418673992157, 0.10539752244949341, 0.2574167251586914, -1.2682123184204102, -1.5110899209976196, 0.8489599823951721, -1.0345524549484253, 1.0480245351791382, 1.9944531917572021, -0.15017226338386536, 1.3892141580581665, -0.6726251840591431, 0.9377268552780151, -0.5306584239006042, 1.1859701871871948, 1.3335168361663818, 0.008317150175571442, 0.17669054865837097, -0.9410079717636108, 0.10444340109825134, -0.4700258672237396, 1.1266640424728394, -0.5162011384963989, -0.007036722265183926, 1.308398723602295, -0.3652966618537903, 0.22035038471221924, -1.3624849319458008, -0.08653628826141357, 1.3659173250198364, 1.4736911058425903, 0.03614601120352745]",yunet,Facenet,1920,1080,/home/amos/media/tv/modern_family/Modern.Family.S09.1080p.DSNP.WEB-DL.DDP5.1.H.264-CRFW/Modern.Family.S09E21.The.Escape.1080p.DSNP.WEB-DL.DDP5.1.H.264-CRFW.mkv,Modern Family,2009,1442437,9,21,Sarah Hyland,91351.0,0.682
886,1014,270,1260,564,1182,396,1074,396,0.923,21288,0,"[-0.6372809410095215, -0.6891218423843384, -0.07284951210021973, 0.9761384725570679, 3.308556318283081, 0.3911271095275879, -0.12094780802726746, -1.7837553024291992, 0.35374587774276733, 3.178342580795288, -0.8470563292503357, 1.962836503982544, 0.6775415539741516, -0.8468015193939209, 0.3560898005962372, 0.8154154419898987, -0.03356241434812546, -0.3322219252586365, -0.8412509560585022, -1.6211756467819214, 0.1669887900352478, -0.24110695719718933, 0.6295611262321472, -0.23346799612045288, -0.12395861744880676, -0.9451722502708435, 0.6064502000808716, -0.023022577166557312, 1.8142465353012085, 0.9370032548904419, -0.2617822587490082, -2.31139874458313, -0.33547866344451904, -1.987252116203308, 2.5070042610168457, -0.4792034327983856, -1.8694334030151367, 1.9441678524017334, -1.159954309463501, -0.48004040122032166, 0.7247256636619568, -1.3691160678863525, 0.3680022656917572, 1.9515380859375, -1.0130304098129272, -1.005431056022644, -0.1946220099925995, -0.5729907751083374, -0.07493430376052856, 0.04721568524837494, -2.6120152473449707, 1.5080441236495972, 1.1057015657424927, -0.41676706075668335, 0.7661613821983337, -0.35590672492980957, 0.14776884019374847, -0.6135297417640686, 1.0568486452102661, -0.3781552016735077, -0.519964873790741, -0.3473883271217346, -0.5628934502601624, -0.7294777631759644, -1.0363075733184814, 1.711146354675293, -0.9931013584136963, 0.5576629638671875, 0.8721790313720703, 0.26615840196609497, -0.2723867893218994, -0.9322859048843384, -0.9434089064598083, 0.6394863128662109, 0.8469218015670776, 0.12811531126499176, 1.1108753681182861, -0.13590285181999207, 0.3507525324821472, -0.6486486792564392, 0.5265505313873291, -0.0867009088397026, -0.07324886322021484, 0.5246016979217529, 0.2761296033859253, -0.321874737739563, -0.22662557661533356, -0.43518322706222534, -0.40350592136383057, 0.5103445053100586, -1.283695936203003, 0.057751089334487915, 1.227501630783081, -0.8496050834655762, 0.9142078161239624, 0.36730316281318665, -0.5448392033576965, 0.38244539499282837, -0.5654868483543396, -0.42662346363067627, -1.385427713394165, 0.1483263075351715, -1.5066916942596436, 0.6640783548355103, 1.2176929712295532, 0.6546940803527832, 1.4592057466506958, -0.9105111360549927, 0.9729366302490234, -0.1542542278766632, 1.457581877708435, 2.2034404277801514, -0.2877294719219208, 0.41530895233154297, -0.5300391912460327, -0.24486976861953735, -0.5196455717086792, 0.5907632112503052, -0.06776797026395798, 0.16850171983242035, 2.07439923286438, -0.8921451568603516, -0.06157772243022919, -0.831550657749176, 0.21514354646205902, 1.2376710176467896, 1.9412134885787964, 0.4870782792568207]",yunet,Facenet,1920,1080,/home/amos/media/tv/modern_family/Modern.Family.S09.1080p.DSNP.WEB-DL.DDP5.1.H.264-CRFW/Modern.Family.S09E21.The.Escape.1080p.DSNP.WEB-DL.DDP5.1.H.264-CRFW.mkv,Modern Family,2009,1442437,9,21,Sarah Hyland,91351.0,0.63
887,972,168,1236,528,1134,306,1020,306,0.924,21312,0,"[0.22234024107456207, 0.4171869158744812, 0.11836407333612442, 1.6473064422607422, 1.2783833742141724, 0.11000556498765945, 1.3021055459976196, -1.9363367557525635, -0.7153488397598267, 3.3541810512542725, -1.066202163696289, 1.515080213546753, 0.4909948706626892, -0.11959980428218842, 0.9043529033660889, -0.3624163269996643, 0.06842830777168274, -0.3769916296005249, -0.33228591084480286, -0.2374255508184433, -0.7041854858398438, -0.31105509400367737, 0.5341131091117859, 1.0474270582199097, -0.7485964894294739, 0.35563749074935913, 0.8563098907470703, -0.7453771829605103, 1.7496048212051392, 1.8674860000610352, 0.5296079516410828, -1.5134072303771973, -2.326915979385376, -1.195454478263855, 1.8623602390289307, -1.54142165184021, -0.18710201978683472, 0.4923483431339264, -0.1364649534225464, 0.40520623326301575, 0.3356975018978119, -0.38193297386169434, 0.6814974546432495, 2.263481616973877, 0.21755728125572205, 0.027489084750413895, 1.4438334703445435, -0.7464110851287842, 0.13597489893436432, 0.6306160688400269, -2.3063459396362305, 1.4146705865859985, 0.3788168430328369, 0.38214337825775146, -1.3953063488006592, 0.039372336119413376, 1.2135785818099976, 1.4481515884399414, -0.3281279504299164, 0.022775769233703613, -0.4014344811439514, -0.5249862670898438, 0.6869890093803406, -1.071646809577942, -1.0767189264297485, 1.6416943073272705, -0.1468847095966339, 1.0439664125442505, 0.5925296545028687, 0.5088437795639038, 0.6268737316131592, 0.43328389525413513, 0.6504697203636169, 0.8670768141746521, 0.10491977632045746, -1.0321204662322998, 0.8890501260757446, -1.0124847888946533, -0.9849387407302856, -0.20377491414546967, -0.4117093086242676, -0.8240693807601929, 1.1557667255401611, 0.07629536837339401, -1.3888185024261475, 0.4851051867008209, -0.5240258574485779, -0.7453842759132385, 0.5645359754562378, -0.7305210828781128, -1.5348998308181763, -0.7697023749351501, 0.5245637893676758, -0.3084260821342468, 1.5784516334533691, 0.261075884103775, 0.20576149225234985, 0.02387368492782116, -0.022033996880054474, -0.8781968951225281, -0.692841649055481, 2.0150959491729736, -0.7262499332427979, 0.40403223037719727, 0.705142617225647, 0.3619353771209717, 0.34519675374031067, -0.47514107823371887, 1.5562254190444946, -0.716833233833313, 0.43505388498306274, 1.8328906297683716, 0.8229790925979614, 0.06509983539581299, -0.47504138946533203, 0.25875547528266907, -0.9397919178009033, 0.37333768606185913, -0.10984630137681961, -0.05287598446011543, 0.8675358891487122, -0.48192068934440613, 0.4854474663734436, -2.1877171993255615, -1.0867674350738525, 1.339102029800415, 1.5510731935501099, -0.39865878224372864]",yunet,Facenet,1920,1080,/home/amos/media/tv/modern_family/Modern.Family.S09.1080p.DSNP.WEB-DL.DDP5.1.H.264-CRFW/Modern.Family.S09E21.The.Escape.1080p.DSNP.WEB-DL.DDP5.1.H.264-CRFW.mkv,Modern Family,2009,1442437,9,21,Sarah Hyland,91351.0,0.53
888,906,174,1176,522,1068,306,948,312,0.922,21336,0,"[-1.2670047283172607, -1.836806058883667, -0.2691311538219452, 2.4036929607391357, 1.8829865455627441, 0.04653414338827133, 0.7798982858657837, -1.0982868671417236, -0.3195703625679016, 3.0749781131744385, -1.9499152898788452, 1.3005759716033936, 0.46752744913101196, 0.312481552362442, -0.5367456674575806, 0.2951405644416809, -0.11459101736545563, -0.6773175001144409, -0.8959185481071472, 0.34524235129356384, -0.14196038246154785, 0.1973489671945572, 0.6606695652008057, -0.09457341581583023, 0.008548257872462273, 0.7571250200271606, 1.4101293087005615, -0.8399766683578491, 1.981763243675232, 0.949932336807251, 0.6109619140625, -1.7058219909667969, -0.5700862407684326, -1.643640160560608, 1.139833688735962, -0.6643009185791016, -1.6046912670135498, 1.9691362380981445, -0.7100812196731567, -0.722017765045166, -0.0326276496052742, 0.7501741647720337, 0.07241491973400116, 1.4281569719314575, 0.48520442843437195, -0.4955489933490753, -0.20467641949653625, 0.9025501012802124, -0.6578766107559204, 0.9304842948913574, -1.7505918741226196, 2.9814605712890625, 0.55818110704422, -0.40987634658813477, -0.47273001074790955, 0.5797285437583923, 1.001652717590332, 0.5743962526321411, 0.5516641736030579, 0.056235335767269135, 0.300010621547699, 0.19486229121685028, -0.39373570680618286, 0.11962160468101501, -1.216606616973877, 1.4327044486999512, -0.2642833888530731, 0.9437915086746216, 0.1506938338279724, 0.6513437032699585, -0.13382892310619354, -0.5132814049720764, -0.4964318871498108, 0.28630346059799194, 1.0824640989303589, -1.3016538619995117, 0.23228490352630615, -1.1095086336135864, -1.074596643447876, -0.40485239028930664, -0.574933648109436, -0.3764199912548065, 0.8248631358146667, 1.4740817546844482, -1.0136765241622925, 0.5514634847640991, 0.5346919298171997, -0.34535670280456543, -0.2746392488479614, -1.020439863204956, -2.0488979816436768, -0.3007074296474457, 1.3477916717529297, 0.4876723289489746, 1.3695966005325317, -0.33586782217025757, 0.46342116594314575, -0.22223389148712158, -0.06211670860648155, -0.12766791880130768, -0.2750965356826782, 1.1303794384002686, -1.5777603387832642, 0.8074369430541992, 1.414543867111206, -0.2046111524105072, 0.4061029851436615, -0.7516058683395386, 1.2467896938323975, -0.2317250818014145, 1.310054898262024, 1.1922391653060913, 0.7797820568084717, 1.3567869663238525, -0.538982093334198, 0.3925473690032959, -1.4900230169296265, 1.0562102794647217, -1.176990032196045, -0.7987596392631531, 2.4250450134277344, -0.29058563709259033, -1.15439772605896, -1.296350121498108, -0.5337254405021667, 0.5094965100288391, 1.5846376419067383, 0.1533239632844925]",yunet,Facenet,1920,1080,/home/amos/media/tv/modern_family/Modern.Family.S09.1080p.DSNP.WEB-DL.DDP5.1.H.264-CRFW/Modern.Family.S09E21.The.Escape.1080p.DSNP.WEB-DL.DDP5.1.H.264-CRFW.mkv,Modern Family,2009,1442437,9,21,Sarah Hyland,91351.0,0.74
889,912,186,1188,540,1074,318,954,324,0.925,21360,0,"[-1.0646796226501465, -1.7096500396728516, -0.6076253652572632, 2.562337875366211, 1.122755527496338, 0.05426223576068878, 0.519731879234314, -2.3231704235076904, -0.5634414553642273, 3.2515676021575928, -1.8828893899917603, 1.8351107835769653, 1.0124213695526123, -0.22088678181171417, -0.11036309599876404, -0.04138451814651489, -0.004987947642803192, 0.06396331638097763, -0.9699318408966064, 0.5252102613449097, 0.00952824205160141, 0.07212897390127182, 1.3180054426193237, 0.5420610904693604, 0.3964587152004242, 0.7907381057739258, 1.3742146492004395, -0.742632269859314, 2.686816692352295, 0.4656437635421753, 0.9176372289657593, -2.0295250415802, -0.2193058431148529, -1.2219258546829224, 1.301995038986206, -0.9905555844306946, -2.095630645751953, 1.787649393081665, -0.834033191204071, -0.40588703751564026, -0.5953962206840515, 0.7124255299568176, 0.8839654922485352, 1.4210796356201172, -0.0632779598236084, -0.6757293939590454, -0.16792237758636475, 0.7521562576293945, -0.7087866067886353, 0.33973804116249084, -0.7463533878326416, 1.8306652307510376, 0.5969751477241516, -0.04489149525761604, 0.2880980670452118, 0.4776171147823334, 0.4553145170211792, 0.9119289517402649, -0.3530063033103943, -0.4685571491718292, 0.3831701874732971, -0.3844051957130432, -0.6512252688407898, -0.5996285676956177, -1.1882100105285645, 1.535854458808899, -0.5582810640335083, 1.1141084432601929, -0.18272125720977783, 0.2719026505947113, 0.08309179544448853, -0.3818061351776123, 0.29187312722206116, 0.1248285174369812, 1.1862525939941406, -1.0051803588867188, 0.9513211250305176, -0.9298063516616821, -0.6412865519523621, -0.5164803862571716, -0.7151198983192444, 0.1854749619960785, 0.5351812839508057, 1.7002779245376587, -1.2949683666229248, 1.2810862064361572, 0.3771621584892273, -0.5938201546669006, 0.3845983147621155, -1.1424683332443237, -1.4126325845718384, -0.04322134330868721, 1.5566459894180298, 0.8288968801498413, 1.755129098892212, -0.21389658749103546, 0.20516720414161682, 0.0844474583864212, -0.10490896552801132, -1.2006645202636719, 0.3570799231529236, 1.1223478317260742, -0.6745244264602661, 1.1293909549713135, 1.2195357084274292, -0.6687216758728027, 0.4399157762527466, -0.9756482839584351, 1.4185502529144287, -1.2309527397155762, 1.0518882274627686, 1.8764104843139648, 0.4309776723384857, 0.9783535003662109, -0.33568161725997925, 0.5115921497344971, -1.7892731428146362, 1.427435278892517, -0.49937525391578674, -0.2977757155895233, 1.5162990093231201, -0.35692986845970154, -0.34912270307540894, -1.3266371488571167, -0.19969390332698822, 1.1544389724731445, 1.87393057346344, 0.29537463188171387]",yunet,Facenet,1920,1080,/home/amos/media/tv/modern_family/Modern.Family.S09.1080p.DSNP.WEB-DL.DDP5.1.H.264-CRFW/Modern.Family.S09E21.The.Escape.1080p.DSNP.WEB-DL.DDP5.1.H.264-CRFW.mkv,Modern Family,2009,1442437,9,21,Sarah Hyland,91351.0,0.724
890,996,198,1254,552,1164,342,1056,336,0.928,21384,0,"[-0.07919217646121979, -0.5724859237670898, -0.3601738512516022, 2.1905739307403564, 1.9378962516784668, -0.02109883725643158, 1.1755878925323486, -2.7540082931518555, -0.6132674217224121, 2.8646228313446045, -0.7475889325141907, 1.9865748882293701, 1.7964926958084106, -0.39896082878112793, 1.1395775079727173, 0.018677454441785812, -0.008417531847953796, -0.30089718103408813, -1.441807746887207, 0.6493569612503052, 0.17611616849899292, -0.18873758614063263, 0.9901412129402161, 0.5571175813674927, 0.04527854174375534, 0.31718969345092773, 1.2233175039291382, -0.6810673475265503, 1.9657368659973145, 0.38534584641456604, 0.30267786979675293, -1.1453993320465088, -1.9942554235458374, -0.7331623435020447, 1.7849769592285156, -1.1379550695419312, -0.9027889966964722, 0.868474006652832, -0.29509177803993225, -0.33370181918144226, 0.2582090198993683, 0.18324749171733856, 1.1036227941513062, 1.296175479888916, -1.2971950769424438, -0.955936074256897, 0.775347888469696, -0.7036733627319336, -0.23063522577285767, 0.6608844995498657, -1.7668699026107788, 1.112237811088562, 0.1312316358089447, 0.3559042811393738, -0.046656202524900436, 0.18787094950675964, 0.8002551198005676, 0.9107180833816528, -0.035846345126628876, -0.15514682233333588, -0.3439050614833832, -0.796874463558197, 0.24926158785820007, -0.7414986491203308, -0.7926859259605408, 1.1678918600082397, -0.2987728416919708, 0.8179604411125183, -0.020006312057375908, 0.9524408578872681, 0.4381260275840759, 0.4420070946216583, 0.01624748855829239, 1.5256778001785278, 0.7314699292182922, -0.9208880662918091, 1.1749157905578613, -1.2295414209365845, -1.3928059339523315, -0.6419011354446411, -0.3933033347129822, -0.28127896785736084, 0.5962690711021423, 1.5173649787902832, -0.5232285857200623, 0.6703916788101196, 0.39378660917282104, -1.5190085172653198, -0.02346312254667282, -1.258497953414917, -1.4894187450408936, -0.942405641078949, 0.9642331600189209, -0.6277319192886353, 1.2743688821792603, 0.4539632201194763, 0.06697459518909454, 0.09037332236766815, 0.5091751217842102, -1.837087631225586, -1.0911787748336792, 1.041441798210144, -1.2849035263061523, 0.43100258708000183, 1.4641047716140747, 0.12573829293251038, 0.8769956231117249, -1.1349868774414062, 1.8939199447631836, -0.8815675973892212, 1.3734157085418701, 2.1699652671813965, 1.1183875799179077, 0.13815295696258545, 0.21915410459041595, 0.5160162448883057, -1.3356139659881592, 1.192286729812622, -0.48414865136146545, 0.30781763792037964, 1.5927811861038208, -0.9431986808776855, 1.109702706336975, -1.6233612298965454, -1.079064130783081, 1.6824957132339478, 1.3118667602539062, 0.12526123225688934]",yunet,Facenet,1920,1080,/home/amos/media/tv/modern_family/Modern.Family.S09.1080p.DSNP.WEB-DL.DDP5.1.H.264-CRFW/Modern.Family.S09E21.The.Escape.1080p.DSNP.WEB-DL.DDP5.1.H.264-CRFW.mkv,Modern Family,2009,1442437,9,21,Sarah Hyland,91351.0,0.638
891,966,198,1230,534,1122,324,1020,318,0.928,21408,0,"[-0.7966612577438354, -0.5202376842498779, -0.2739143371582031, 1.8070297241210938, 0.5933962464332581, -0.6272243857383728, 0.8443215489387512, -2.706855058670044, -0.5827546119689941, 2.7402122020721436, -0.8227562308311462, 2.354560375213623, 0.9256014227867126, -0.8541417121887207, 0.34978580474853516, -0.4872968792915344, 0.12219622731208801, 0.1614960879087448, -1.0892764329910278, 0.6191340684890747, -0.06566956639289856, -0.10208295285701752, 0.5513023138046265, 0.7279556393623352, -0.22244858741760254, 0.11175882816314697, 0.06487110257148743, -0.9253928661346436, 2.431720495223999, 0.41259655356407166, 0.7500103712081909, -2.5196259021759033, -1.4124295711517334, -0.3808303475379944, 1.1709949970245361, -1.1391521692276, -1.7271348237991333, 1.5506092309951782, 0.07330372929573059, -1.4064723253250122, 0.18050172924995422, 0.9533522129058838, 0.27358245849609375, 1.3708410263061523, -0.3801528215408325, -1.1000158786773682, 0.4217473268508911, 0.6284395456314087, -0.848005473613739, 1.3317499160766602, -1.370632529258728, 1.7017096281051636, 0.732406497001648, -0.6952453255653381, 0.16143815219402313, 0.43130797147750854, 0.9804590344429016, 1.1960822343826294, 0.2088734358549118, -0.6819464564323425, 0.45932745933532715, -1.4437828063964844, -0.2566450834274292, -0.452594518661499, -0.5329975485801697, 2.079598903656006, -0.6157146096229553, 0.13735300302505493, -0.9022952914237976, 0.4347817897796631, 0.37872314453125, -0.2653435468673706, 0.1696876585483551, 0.5394149422645569, 0.3480459451675415, -1.3541643619537354, 0.5766371488571167, -0.9077990651130676, -0.9179240465164185, -0.507035493850708, -1.056643009185791, -0.44266510009765625, 0.2582630217075348, 1.530962586402893, -0.45749524235725403, 1.085969090461731, 0.08801773935556412, -0.69651859998703, -0.21829654276371002, -0.9618310928344727, -1.4039816856384277, -0.12348043918609619, 1.269290566444397, 1.077883243560791, 1.9730898141860962, -1.053507685661316, 0.4237865209579468, 0.29853367805480957, -0.26048940420150757, -2.0234174728393555, 0.0680369958281517, 1.096557855606079, -0.4601523280143738, 1.3875926733016968, 0.7894612550735474, 0.7991886138916016, 0.7802262306213379, -0.8790853023529053, 0.8313052654266357, -0.6668187975883484, 1.3071659803390503, 2.3401660919189453, 1.1549689769744873, 1.1692249774932861, -0.34172752499580383, 0.4151155352592468, -1.3310853242874146, 0.21580477058887482, -0.7809633612632751, 0.6083335876464844, 0.9434624910354614, -0.049670636653900146, -0.031038381159305573, -2.1313328742980957, -1.4390164613723755, 1.4290589094161987, 1.5550322532653809, -0.640033483505249]",yunet,Facenet,1920,1080,/home/amos/media/tv/modern_family/Modern.Family.S09.1080p.DSNP.WEB-DL.DDP5.1.H.264-CRFW/Modern.Family.S09E21.The.Escape.1080p.DSNP.WEB-DL.DDP5.1.H.264-CRFW.mkv,Modern Family,2009,1442437,9,21,Sarah Hyland,91351.0,0.677
892,1008,198,1278,570,1188,342,1068,342,0.926,21432,0,"[0.09364289790391922, -0.6667298078536987, -0.6083756685256958, 1.92189621925354, 1.9796916246414185, 0.5893514752388, 0.7043094635009766, -2.553717851638794, -0.4133218824863434, 3.196700096130371, -1.2898454666137695, 2.276695489883423, 1.3927781581878662, -1.0716067552566528, 0.7862939834594727, 0.34434449672698975, -0.3538465201854706, 0.13104429841041565, -0.9505761861801147, 0.3156566917896271, 0.07887309789657593, 0.11096186190843582, 1.4329938888549805, 0.31968361139297485, 0.4788224697113037, 0.07725376635789871, 0.7961772680282593, -0.6701700687408447, 2.3111424446105957, 1.1373556852340698, 0.5908442735671997, -2.0211291313171387, -1.7522039413452148, -0.9929289817810059, 1.6170904636383057, -1.454375982284546, -1.458145022392273, 1.745295524597168, -0.9471336007118225, -0.014726303517818451, 0.1878785341978073, 0.19700871407985687, 1.5626314878463745, 2.2607791423797607, -0.8125996589660645, -1.0089294910430908, 0.7090078592300415, -0.5183465480804443, -0.19802692532539368, 0.6140748262405396, -1.8954774141311646, 1.0914270877838135, 0.7754021286964417, 0.7578071355819702, -0.19466888904571533, -0.6019004583358765, 0.06387003511190414, 0.5747212767601013, -0.4595266282558441, 0.016395874321460724, 0.07831729203462601, -0.7589663863182068, -0.2020927369594574, -1.4252625703811646, -1.1049754619598389, 1.2181856632232666, -0.8934770822525024, 0.899454653263092, -0.2468011975288391, 0.3660651445388794, 0.12301824241876602, 0.3218369483947754, -0.05587395653128624, 0.7698080539703369, 0.882226288318634, -0.6368018388748169, 1.149967908859253, -0.44285666942596436, -0.3820854723453522, -0.3209933936595917, -0.3531847298145294, -0.07712613046169281, 0.6354149580001831, 1.423518180847168, -1.0756999254226685, 0.6905205249786377, 0.2907235622406006, -1.3308074474334717, 0.5759557485580444, -0.8987709283828735, -1.194965124130249, -0.8969088196754456, 0.8634921312332153, -0.47759130597114563, 1.5786478519439697, 0.36136093735694885, -0.4907923638820648, -0.21893171966075897, 0.250265896320343, -1.7568776607513428, 0.07445952296257019, 0.8712306618690491, -1.1476179361343384, 0.8344752788543701, 1.1278570890426636, 0.03442348539829254, 0.430115669965744, -1.1131092309951782, 1.5768076181411743, -1.0484356880187988, 1.3425824642181396, 2.034954071044922, 0.6956421136856079, 0.24076080322265625, -0.006502309814095497, 0.01584869623184204, -2.097027540206909, 0.9017309546470642, -0.2755083441734314, -0.1755535751581192, 1.8412339687347412, -1.0084149837493896, 0.3354519009590149, -1.013920545578003, -0.780053973197937, 1.1441932916641235, 1.506940484046936, 0.04658745601773262]",yunet,Facenet,1920,1080,/home/amos/media/tv/modern_family/Modern.Family.S09.1080p.DSNP.WEB-DL.DDP5.1.H.264-CRFW/Modern.Family.S09E21.The.Escape.1080p.DSNP.WEB-DL.DDP5.1.H.264-CRFW.mkv,Modern Family,2009,1442437,9,21,Sarah Hyland,91351.0,0.661
893,948,204,1242,582,1134,348,996,354,0.922,21456,0,"[-0.40708890557289124, -0.33587878942489624, 0.14662691950798035, 0.9740544557571411, 1.7011712789535522, 0.15031442046165466, 1.1199040412902832, -1.3584028482437134, -0.3082241415977478, 3.300971746444702, -0.6793897151947021, 1.2854335308074951, -0.094807468354702, -0.7043256759643555, 0.3336043953895569, -0.3666123151779175, 0.5843460559844971, -1.2422975301742554, -0.7472696900367737, -0.6743507385253906, 0.4975144565105438, -1.5812699794769287, -0.20827776193618774, 0.18965581059455872, -1.4268674850463867, 0.10179495811462402, 0.3718661963939667, -0.14972592890262604, 1.1840696334838867, 1.8097784519195557, 0.38459935784339905, -1.6660083532333374, -1.9631322622299194, -1.2398239374160767, 1.3229503631591797, -1.1117490530014038, -1.6255780458450317, 0.9956284761428833, -0.543673574924469, -0.4641580879688263, 0.4935090243816376, -0.023885678499937057, 0.060956090688705444, 1.9333107471466064, 0.46649205684661865, -0.5970334410667419, 0.9990934133529663, 0.8071885108947754, -0.383613646030426, 0.7158375978469849, -1.8833229541778564, 2.492661237716675, 0.437237948179245, -0.9637339115142822, -0.8054089546203613, 0.9661608934402466, 1.2808153629302979, -0.02446136809885502, 1.6466902494430542, 0.5901216864585876, -0.1626359522342682, -0.11836840212345123, 0.9171338081359863, -0.12305739521980286, -1.1322840452194214, 1.2406686544418335, -0.7763975858688354, 0.22238148748874664, 0.3087800145149231, 0.22544778883457184, -0.4182479977607727, -0.5722659230232239, 0.22851017117500305, -0.1739133596420288, 0.7590655088424683, -0.2602836489677429, 0.3582088053226471, -1.0504412651062012, -1.7994872331619263, -0.8602626919746399, -0.942859947681427, -0.5311751365661621, -0.13019730150699615, -0.3844209313392639, -0.555496096611023, -0.4483497142791748, -0.7472888827323914, -0.4833565354347229, 0.9339874982833862, -0.06324757635593414, -2.3867762088775635, -0.4359193742275238, 1.3757303953170776, 0.9643766283988953, 2.021453380584717, -0.3986119031906128, 0.4997216761112213, -0.49099957942962646, -0.3025704324245453, 0.2499150186777115, 0.7567737698554993, 0.6884365677833557, -0.8502973914146423, 0.6743069887161255, 1.0582900047302246, 0.6392366886138916, 0.4723702073097229, 0.22173479199409485, 1.331541895866394, 0.2706295847892761, 1.5527886152267456, 1.4292938709259033, -0.16946037113666534, 1.369112491607666, -0.8092508316040039, 0.0850190818309784, -0.8467773199081421, 0.1376953274011612, -1.4657214879989624, -0.25463640689849854, 2.0484774112701416, 0.10836811363697052, -0.8730710744857788, -2.0085275173187256, -1.7987784147262573, 0.9809817671775818, 1.4835232496261597, -1.4904491901397705]",yunet,Facenet,1920,1080,/home/amos/media/tv/modern_family/Modern.Family.S09.1080p.DSNP.WEB-DL.DDP5.1.H.264-CRFW/Modern.Family.S09E21.The.Escape.1080p.DSNP.WEB-DL.DDP5.1.H.264-CRFW.mkv,Modern Family,2009,1442437,9,21,Sarah Hyland,91351.0,0.593
894,612,228,888,576,834,366,702,360,0.933,21480,0,"[0.8150206804275513, 2.0197269916534424, 1.5879237651824951, -1.3163880109786987, 0.9208890199661255, 0.09134170413017273, 0.5918467044830322, -2.670609712600708, 0.285132497549057, -0.8581582903862, 1.026013970375061, 1.6951416730880737, -0.346111536026001, -0.962369441986084, -0.24580118060112, 0.7125384211540222, -0.6073395013809204, -0.23670694231987, -0.38249528408050537, -0.2726816236972809, 0.6441457271575928, 0.5183771252632141, -1.2113635540008545, -1.1930029392242432, 0.40980467200279236, 0.6940932869911194, -1.1605753898620605, 1.1642760038375854, 0.7638870477676392, 0.6354064345359802, -0.2752872109413147, 0.020008932799100876, -0.9924575090408325, 0.21819224953651428, -0.7400606870651245, 0.8038058280944824, -0.26953327655792236, -0.9579131007194519, -0.4200555682182312, -0.5201560258865356, 1.033259630203247, 0.23760631680488586, -2.6727242469787598, -0.18510037660598755, -0.8397071361541748, -0.7386347651481628, -1.2954508066177368, 0.13126906752586365, 1.3127721548080444, 0.36198046803474426, 0.2951588034629822, -1.5940550565719604, 0.5459721684455872, -0.4294964075088501, -0.26070457696914673, 0.32449451088905334, 0.4382259249687195, -2.5021984577178955, 1.4903137683868408, 1.3909611701965332, -0.6676550507545471, -0.8423667550086975, 0.36101123690605164, 0.25699856877326965, 0.8341535329818726, 0.3209743797779083, 0.5972268581390381, 0.2685717046260834, 0.8468095064163208, 1.8637921810150146, -0.9371715784072876, 1.3533391952514648, -0.20991286635398865, -0.5855631232261658, 1.0006449222564697, -0.23365625739097595, 0.8700984716415405, 1.1276801824569702, -0.5452649593353271, 0.619758665561676, -2.039116621017456, -0.9391249418258667, -1.240688443183899, -1.0151938199996948, 0.677424967288971, 0.2983650267124176, -0.6710322499275208, -0.8167619705200195, 0.5558156967163086, 0.8235906958580017, 1.9405490159988403, 0.3774036765098572, 0.7303382754325867, -2.0772461891174316, 1.203195571899414, -0.6461008787155151, 0.7722357511520386, -0.20906805992126465, 0.7956494688987732, -1.1530630588531494, 0.8862877488136292, 0.6487484574317932, -0.3512696921825409, -0.9652134776115417, 0.5983748435974121, 2.0153145790100098, -0.35538214445114136, -0.6303509473800659, -0.4807807207107544, -0.08340851962566376, -0.08705129474401474, 1.269081473350525, -1.4948670864105225, 0.08868268877267838, 2.676666498184204, 1.5399309396743774, -0.10224908590316772, 0.468197226524353, 0.3130318522453308, 1.4774236679077148, 0.863128125667572, -0.29212695360183716, 2.007582187652588, -1.0513834953308105, 0.8008773922920227, -1.7483090162277222, -0.08127138763666153, 1.4078763723373413]",yunet,Facenet,1920,1080,/home/amos/media/tv/modern_family/Modern.Family.S09.1080p.DSNP.WEB-DL.DDP5.1.H.264-CRFW/Modern.Family.S09E21.The.Escape.1080p.DSNP.WEB-DL.DDP5.1.H.264-CRFW.mkv,Modern Family,2009,1442437,9,21,Adam Devine,212604.0,0.802
895,678,186,942,564,882,348,762,348,0.939,21504,0,"[0.3266730308532715, 1.1788321733474731, 0.8383868336677551, -0.33369946479797363, 0.7481759190559387, 0.5091511011123657, 0.5415611267089844, -2.2146027088165283, -0.22823047637939453, -0.3491326868534088, 0.7046907544136047, 0.9532672166824341, -1.2313206195831299, -0.5678708553314209, -0.38792917132377625, 1.716764211654663, -0.7252768278121948, -0.009932000190019608, -0.9084060788154602, -0.20356664061546326, 0.08132416009902954, 0.8104767203330994, -0.6627091765403748, -1.165468692779541, 0.7630986571311951, 0.6376248598098755, -0.5360089540481567, 0.8074598908424377, 0.7919883728027344, 1.494133710861206, 0.914446234703064, -0.2894498407840729, -0.3377901613712311, -0.11378775537014008, -1.0567766427993774, 1.4149092435836792, 0.0018795356154441833, -0.4664410352706909, -1.0042595863342285, -0.2557647228240967, 0.7501024007797241, 0.15969744324684143, -2.0121071338653564, -0.20779569447040558, 0.43263691663742065, -0.8681133985519409, -0.9146417379379272, 0.6657675504684448, 0.07867583632469177, 0.037632737308740616, 0.1702898144721985, -1.5497190952301025, 0.6590180993080139, 1.1366386413574219, -0.850372850894928, 0.3635804057121277, 0.3095393776893616, -1.4957410097122192, 1.4457247257232666, 1.1103363037109375, -0.29457929730415344, 0.32061344385147095, -0.07904928922653198, 0.9492070078849792, 1.4168201684951782, -0.31088072061538696, 0.7283946871757507, 1.2185935974121094, -0.4866044521331787, 1.6103872060775757, -0.6970191597938538, 1.2883418798446655, -0.2993089258670807, -0.4457172155380249, 1.4044947624206543, 0.19817787408828735, 0.7161359786987305, 1.9352614879608154, -0.33995935320854187, 0.7788557410240173, -2.1465001106262207, -0.5864131450653076, -1.4635815620422363, -1.1712359189987183, -0.07761956006288528, 0.2892248034477234, -0.7156181335449219, -0.2965063452720642, 0.640660285949707, -0.7889983654022217, 2.059539318084717, 0.2591979205608368, 1.0453729629516602, -2.2512364387512207, 0.899960994720459, -0.41623997688293457, 0.13325858116149902, -0.8368188142776489, 1.3475852012634277, -0.4473936855792999, 0.28731489181518555, 1.2919604778289795, -0.883533239364624, -1.6790599822998047, 0.6541135311126709, 1.0803883075714111, -0.7918638586997986, -0.7374088764190674, 0.5112611651420593, 0.01927020214498043, -1.3662422895431519, 1.2985901832580566, -0.6828253269195557, -0.33219367265701294, 1.5268510580062866, 1.606054425239563, -0.39105725288391113, 0.7489913702011108, -0.7461852431297302, 1.3984664678573608, 1.0173369646072388, -0.38765010237693787, 2.78304386138916, -1.1817632913589478, 2.021599769592285, -1.780013918876648, 0.5723368525505066, 1.4711360931396484]",yunet,Facenet,1920,1080,/home/amos/media/tv/modern_family/Modern.Family.S09.1080p.DSNP.WEB-DL.DDP5.1.H.264-CRFW/Modern.Family.S09E21.The.Escape.1080p.DSNP.WEB-DL.DDP5.1.H.264-CRFW.mkv,Modern Family,2009,1442437,9,21,Adam Devine,212604.0,0.891
896,648,204,924,576,870,354,744,354,0.942,21528,0,"[0.31603169441223145, 1.1449105739593506, 1.5734379291534424, -0.6803640723228455, 0.24782122671604156, 0.32991349697113037, 0.5701460838317871, -2.0857913494110107, -0.9485370516777039, -0.575288712978363, 0.7679105401039124, 1.0606331825256348, -0.5583200454711914, -0.753447413444519, -0.07733835279941559, 1.9012950658798218, -0.14707060158252716, -0.10449692606925964, -0.4537593126296997, -0.1276557296514511, 0.10390661656856537, 0.8441221714019775, -1.1908278465270996, -0.7675350308418274, 0.9003815650939941, 1.268609642982483, -0.3616236746311188, 1.6917667388916016, 1.0301563739776611, 0.5655656456947327, 0.18420572578907013, 0.6099956631660461, -0.7815685272216797, -0.0329626090824604, -0.8893146514892578, 1.0210211277008057, 0.3914220929145813, -0.6842793822288513, -0.948368489742279, 0.3640839457511902, 0.8590510487556458, 0.6577462553977966, -1.3357467651367188, 0.145889550447464, 0.20403067767620087, -0.09852911531925201, -1.1790190935134888, 0.483745813369751, 0.8549666404724121, 0.462026447057724, 0.3929392695426941, -1.2752546072006226, 0.8718303442001343, 1.0641332864761353, -0.6376526951789856, 0.9883047342300415, -0.07227014005184174, -1.6777576208114624, 1.3343192338943481, 1.4702194929122925, -0.16468298435211182, 0.10508552193641663, 0.26495710015296936, 1.4883946180343628, 0.6415834426879883, -0.10565444827079773, 0.9611746668815613, 0.2677551209926605, 0.38139790296554565, 1.2822239398956299, -1.047374963760376, 1.5880073308944702, 0.4089852273464203, -0.31485968828201294, 1.361622929573059, -0.2824770212173462, 0.40842732787132263, 1.784844994544983, -0.46597734093666077, 1.2212578058242798, -2.3025410175323486, -0.5159753561019897, -1.7080812454223633, -1.0786888599395752, 0.1397799551486969, -0.10998614132404327, -0.4126422107219696, -0.7500901818275452, 0.8192230463027954, -0.20003816485404968, 1.5504074096679688, 0.34512683749198914, 0.8887742161750793, -1.9871470928192139, 1.6111938953399658, -0.6541257500648499, 0.7449055910110474, -1.1452977657318115, 1.3506250381469727, -0.7319146990776062, 1.103632926940918, 1.1983952522277832, -0.6474692225456238, -0.9500547051429749, 0.6020632982254028, 1.0449455976486206, -1.0289732217788696, -0.5238696336746216, 0.10542954504489899, -0.3512192368507385, -0.4035075902938843, 0.8624613285064697, -0.4361867606639862, 0.39149704575538635, 1.5908446311950684, 1.6203533411026, -0.04969951510429382, 1.0382652282714844, -0.7590826153755188, 0.9487438201904297, 0.9700594544410706, -0.6869380474090576, 2.6013760566711426, -1.1732395887374878, 0.8215196132659912, -1.180914282798767, 0.8028291463851929, 1.0886445045471191]",yunet,Facenet,1920,1080,/home/amos/media/tv/modern_family/Modern.Family.S09.1080p.DSNP.WEB-DL.DDP5.1.H.264-CRFW/Modern.Family.S09E21.The.Escape.1080p.DSNP.WEB-DL.DDP5.1.H.264-CRFW.mkv,Modern Family,2009,1442437,9,21,Adam Devine,212604.0,0.847
897,948,174,1182,480,1098,294,996,294,0.935,21552,0,"[-0.7139954566955566, -0.9429299831390381, -0.14908714592456818, 2.231698751449585, -0.2957044541835785, -0.3377276659011841, 0.8246709108352661, -1.7567646503448486, -0.43881192803382874, 3.495741844177246, -2.0155577659606934, 1.3049131631851196, -0.14909158647060394, 0.4207970201969147, -0.37731921672821045, -0.10084148496389389, -0.1771659553050995, -0.41227149963378906, -0.5655511617660522, 0.8844248056411743, 0.6347862482070923, 0.2250128984451294, 0.29879504442214966, 0.46145084500312805, 1.1489896774291992, 0.9136847853660583, 1.2527351379394531, -1.3260111808776855, 2.8175785541534424, 1.0554757118225098, 0.4734697937965393, -0.7486583590507507, -1.0408635139465332, -0.5951576828956604, 1.5869905948638916, -1.3439997434616089, -1.4397627115249634, 1.2532850503921509, -0.09585045278072357, -0.33711740374565125, -0.15117578208446503, 0.945590615272522, -0.16748768091201782, 1.5385761260986328, 0.44896575808525085, -0.1412515789270401, -0.5613455176353455, 1.2102527618408203, -0.38640689849853516, 0.8955315351486206, -1.018855333328247, 2.328063488006592, 1.1210079193115234, 0.0575677752494812, -0.7077298760414124, -0.11566483229398727, 1.074280023574829, 1.1494247913360596, 0.07191154360771179, -0.28924623131752014, 0.31191620230674744, -0.4652916193008423, -1.1030609607696533, -0.8784873485565186, -0.3759046792984009, 1.2311105728149414, 0.5841166973114014, 0.24765346944332123, -0.4671677052974701, 0.29760321974754333, 0.5046375393867493, -0.5292341709136963, 0.5453894734382629, 0.2746952176094055, 0.4056492745876312, -2.58747935295105, 1.6298284530639648, -0.8720097541809082, -0.8416541814804077, -0.13067756593227386, -0.40165936946868896, -0.889482855796814, 1.1917712688446045, 0.7507054209709167, -1.6406183242797852, 1.1141762733459473, -0.46517103910446167, -1.3505688905715942, 0.25198236107826233, -1.0847560167312622, -1.6272892951965332, 0.19596770405769348, 0.3337439000606537, 0.750227689743042, 1.7552392482757568, -0.19577127695083618, 1.058803677558899, 0.011459262110292912, -0.1728508472442627, -0.8818941712379456, -0.04663030058145523, 1.480119228363037, -1.1686902046203613, 1.1771644353866577, 0.23989197611808777, 0.37840092182159424, 0.5159643888473511, -0.5758323669433594, 1.2330584526062012, -0.3839399814605713, 0.5627537965774536, 0.9851383566856384, 1.3010895252227783, 0.5204069018363953, -0.0353231281042099, 0.13682018220424652, -1.0218257904052734, 0.6263347864151001, -0.6729815602302551, -0.645315945148468, 1.888026237487793, -0.7724990844726562, -0.9058660864830017, -1.8461211919784546, -0.624222457408905, 1.588106393814087, 1.8603144884109497, 0.1632271558046341]",yunet,Facenet,1920,1080,/home/amos/media/tv/modern_family/Modern.Family.S09.1080p.DSNP.WEB-DL.DDP5.1.H.264-CRFW/Modern.Family.S09E21.The.Escape.1080p.DSNP.WEB-DL.DDP5.1.H.264-CRFW.mkv,Modern Family,2009,1442437,9,21,Sarah Hyland,91351.0,0.735
898,942,174,1182,498,1116,306,1002,306,0.939,21576,0,"[-0.258189857006073, -0.08940529078245163, 1.0424137115478516, 1.6156624555587769, 0.7080433964729309, 0.3453490734100342, 1.705482840538025, -2.825650215148926, -0.573004424571991, 3.3974623680114746, -1.4183356761932373, 0.47030535340309143, -0.4845185875892639, -0.18307629227638245, 0.5545626878738403, -0.5008454322814941, -0.5528323650360107, -0.76934415102005, -0.9280269145965576, 0.5177303552627563, 0.6242412328720093, 0.07876171916723251, 0.40918028354644775, 0.5800721645355225, 0.27701202034950256, 0.7642298340797424, 1.0772451162338257, -1.430171251296997, 2.4209861755371094, 1.518812894821167, 0.4780656397342682, -1.0441675186157227, -1.8328605890274048, -0.5931512713432312, 1.2864617109298706, -1.1413096189498901, -0.528448760509491, 1.0615745782852173, 0.06066102534532547, -0.6034008264541626, -0.0047863684594631195, -0.17736904323101044, -0.4337395131587982, 1.8607091903686523, -0.5524992942810059, 0.3300376236438751, 0.44437140226364136, 0.3443785011768341, -1.3247390985488892, 0.4591136574745178, -1.9603315591812134, 1.8762502670288086, 0.7088077068328857, 0.5148223638534546, -1.019857406616211, 0.06605909019708633, 1.600877285003662, 1.321140170097351, 0.12809866666793823, -0.3018783926963806, -0.4425760507583618, -1.0244146585464478, -0.1593848168849945, -0.6538286209106445, -0.6694542169570923, 1.5380427837371826, 0.6330083012580872, 0.45410576462745667, 0.10298483818769455, 0.5560365915298462, 0.2387298047542572, -0.6300308704376221, 0.145753413438797, 0.5305250287055969, -0.5734009146690369, -0.7212668657302856, 0.3949984014034271, -1.5234488248825073, -1.4948171377182007, 0.26535362005233765, -0.0013499259948730469, -1.0289077758789062, 0.8069963455200195, 1.4990105628967285, -0.9744374752044678, 0.5152231454849243, 0.08097602427005768, -0.84513258934021, 0.289980947971344, -1.047616958618164, -1.4768539667129517, -0.8865531086921692, 1.1249295473098755, 0.03716645389795303, 1.2183223962783813, 0.3488883376121521, 0.32254382967948914, -0.4791296422481537, 0.37420031428337097, -1.4566423892974854, -1.02639639377594, 0.8666144013404846, -1.6863783597946167, 0.8304892182350159, 0.2420406937599182, 0.3456401228904724, -0.4064943492412567, -0.832973837852478, 2.537782907485962, -0.35086318850517273, 0.17018872499465942, 0.41466647386550903, 1.2709863185882568, 0.5803422927856445, -0.026981288567185402, 0.19414207339286804, -1.6190491914749146, 0.12956568598747253, -0.45901504158973694, 0.3398159146308899, 1.7006504535675049, -0.5089132785797119, -0.7245753407478333, -2.002103805541992, -0.8540938496589661, 2.158484697341919, 2.4543216228485107, 0.014308273792266846]",yunet,Facenet,1920,1080,/home/amos/media/tv/modern_family/Modern.Family.S09.1080p.DSNP.WEB-DL.DDP5.1.H.264-CRFW/Modern.Family.S09E21.The.Escape.1080p.DSNP.WEB-DL.DDP5.1.H.264-CRFW.mkv,Modern Family,2009,1442437,9,21,Sarah Hyland,91351.0,0.638
899,924,168,1176,492,1056,294,966,294,0.926,21600,0,"[-0.47306665778160095, -1.2988473176956177, -0.17688903212547302, 2.032360553741455, 1.1920920610427856, -0.6572999954223633, 1.12251615524292, -1.405758023262024, -0.33051827549934387, 3.9977972507476807, -1.8639758825302124, 1.1023564338684082, 0.42459994554519653, 1.307437539100647, 0.24778269231319427, -0.3743661642074585, -0.43138572573661804, -1.5767531394958496, -1.075271725654602, 0.2191080003976822, 0.2453899085521698, -0.791110098361969, 0.28658321499824524, 0.5759868621826172, -0.5657446980476379, 0.15413863956928253, 1.3489830493927002, -1.6853336095809937, 2.036216974258423, 1.0243794918060303, 1.4253000020980835, -1.26565682888031, -0.8363951444625854, -1.422537088394165, 0.3089901804924011, -1.3848357200622559, -1.0465118885040283, 1.2573124170303345, 0.4814523458480835, -1.5501431226730347, -0.12365442514419556, 0.7004865407943726, 0.17264097929000854, 0.8597231507301331, -0.5277428030967712, 0.003035290166735649, 0.4960359036922455, 0.38935452699661255, -1.3871879577636719, 0.8153296709060669, -1.6119229793548584, 1.9847525358200073, -0.6083711981773376, 0.3237447142601013, -0.4313652217388153, -0.5531871914863586, 1.033837080001831, 1.1394240856170654, 1.0007596015930176, 0.2940301299095154, -0.22325006127357483, -0.2148848921060562, 0.13956040143966675, -0.751246988773346, -0.297048956155777, 0.6277220249176025, -0.9104663133621216, 1.3840428590774536, -0.6847116351127625, 1.3837932348251343, -0.7483400702476501, 0.2222476601600647, -0.3595300316810608, 0.43651920557022095, -0.3066953718662262, -0.8639084100723267, 0.4340266287326813, -2.0561914443969727, -0.8393751382827759, -0.9896727204322815, -0.5653983354568481, -0.7788619995117188, 1.3924881219863892, 0.9107159972190857, -2.002365827560425, 0.2343880534172058, -0.13144762814044952, -0.5091171860694885, -0.3592187166213989, -1.8346707820892334, -1.1674330234527588, -0.5490949153900146, 1.0980076789855957, -0.01742115244269371, 1.4111367464065552, -0.3019101023674011, 0.5740078687667847, 0.8219221830368042, 0.7779295444488525, -0.9661186933517456, -1.1661791801452637, 1.2712048292160034, -1.608967661857605, 0.5858168005943298, 1.3691054582595825, -0.10190930217504501, 0.29141250252723694, -0.341164231300354, 1.4740327596664429, 0.17864739894866943, 0.714066743850708, 0.1587434709072113, 0.9023441076278687, -0.02264169603586197, -0.6901742815971375, 0.1544637382030487, -0.9965357780456543, 0.7561139464378357, -1.0463255643844604, -0.3369081914424896, 1.2933534383773804, 0.19612304866313934, -0.5904421806335449, -1.0488837957382202, -0.48384273052215576, 0.6399707198143005, 0.9973531365394592, -0.20501701533794403]",yunet,Facenet,1920,1080,/home/amos/media/tv/modern_family/Modern.Family.S09.1080p.DSNP.WEB-DL.DDP5.1.H.264-CRFW/Modern.Family.S09E21.The.Escape.1080p.DSNP.WEB-DL.DDP5.1.H.264-CRFW.mkv,Modern Family,2009,1442437,9,21,Sarah Hyland,91351.0,0.612
900,588,210,846,564,786,348,666,348,0.939,21624,0,"[0.34413933753967285, 1.5691395998001099, 1.2244411706924438, -1.2182995080947876, 0.1934928596019745, -0.5240203142166138, 0.3156239986419678, -2.7438101768493652, -0.6464258432388306, -0.46724846959114075, 0.5640237927436829, 1.5167547464370728, -1.0233336687088013, -0.6875782012939453, 0.5667169094085693, 1.5175073146820068, -0.4666999280452728, 0.20462630689144135, -0.9916611909866333, -0.6338485479354858, 0.20966064929962158, 0.32671862840652466, -1.1045550107955933, -0.7101171612739563, 0.9038615226745605, 0.715082049369812, -0.9515869617462158, 1.5642093420028687, 0.9261479377746582, 1.2620844841003418, 0.3626673221588135, 0.02172580361366272, -0.9413723945617676, 0.6575267314910889, -0.34100353717803955, 1.0245939493179321, -0.1099214255809784, -0.862446129322052, -0.9769344925880432, 0.5113586187362671, 0.7290259599685669, 0.23555175960063934, -1.6598491668701172, -0.1307770311832428, 0.5752720832824707, -0.8760503530502319, -1.0879853963851929, 0.7582868337631226, 0.4892488718032837, -0.3237625062465668, 0.14701324701309204, -1.5012179613113403, 0.49843475222587585, 0.8057044744491577, -1.3575323820114136, 0.9397032856941223, 0.792776346206665, -1.2553997039794922, 0.9592006206512451, 1.0450488328933716, 0.03825927525758743, -0.09906907379627228, -0.1896798312664032, 1.1702837944030762, 0.8859763741493225, -0.2737516164779663, 1.2104246616363525, 0.11544820666313171, 0.2948838174343109, 1.0653367042541504, -0.15465900301933289, 1.3047926425933838, 0.34905463457107544, -0.5063132047653198, 1.474108338356018, -1.053570032119751, 1.5560065507888794, 1.300270438194275, -0.9422421455383301, 0.3409741520881653, -2.043670654296875, -0.7409546375274658, -1.658742904663086, -1.0510873794555664, -0.41899242997169495, 0.028553321957588196, -0.5449482202529907, -1.181187391281128, 0.9573259353637695, -0.07475796341896057, 1.0929232835769653, -0.3400932550430298, 1.0763951539993286, -1.9592914581298828, 1.5236237049102783, -0.6959329843521118, 0.7400275468826294, -0.7985818982124329, 1.2992923259735107, -0.19160567224025726, 0.9271004796028137, 1.5020866394042969, -0.49306440353393555, -0.8867368698120117, 0.9039132595062256, 1.4995834827423096, -1.1160105466842651, -1.0432319641113281, 0.18665869534015656, 0.034280113875865936, -0.7283877730369568, 1.5561598539352417, -0.8246822357177734, 0.09022288024425507, 2.0247626304626465, 1.5140928030014038, -0.051154445856809616, 0.865263819694519, -0.9640496969223022, 1.2986751794815063, 0.8111405968666077, -0.14440259337425232, 2.640108823776245, -1.620749831199646, 0.902683436870575, -0.8067140579223633, 0.4245736300945282, 1.1420680284500122]",yunet,Facenet,1920,1080,/home/amos/media/tv/modern_family/Modern.Family.S09.1080p.DSNP.WEB-DL.DDP5.1.H.264-CRFW/Modern.Family.S09E21.The.Escape.1080p.DSNP.WEB-DL.DDP5.1.H.264-CRFW.mkv,Modern Family,2009,1442437,9,21,Adam Devine,212604.0,0.837
901,582,174,864,534,810,324,672,318,0.939,21648,0,"[0.2847925126552582, 1.2019835710525513, 1.0188978910446167, -1.1326121091842651, 0.36189234256744385, -0.1879691183567047, 0.014146331697702408, -2.6818909645080566, -0.17643991112709045, -0.4419630765914917, 0.29725271463394165, 1.4962149858474731, -0.8505828976631165, -0.8430595397949219, 0.509784460067749, 1.6744464635849, -0.5426305532455444, -0.012784209102392197, -1.1201791763305664, -0.46659916639328003, 0.6932992935180664, 0.34543922543525696, -0.9576274752616882, -0.8283756971359253, 1.00762140750885, 0.8614803552627563, -0.3777623176574707, 1.247605323791504, 0.8560758829116821, 1.1011428833007812, 0.2407064288854599, 0.2763161063194275, -0.6982771754264832, 0.4583027958869934, -0.4944359064102173, 0.896285355091095, 0.07903464138507843, -0.93910151720047, -0.8077415823936462, 0.5065379738807678, 0.785541832447052, 0.03653550148010254, -1.8227378129959106, -0.15482881665229797, 0.25287777185440063, -0.8361397981643677, -1.2021280527114868, 0.6499881744384766, 0.5490187406539917, -0.5646010637283325, 0.1874454915523529, -1.4534125328063965, 0.1569346785545349, 0.9053303003311157, -0.6192522644996643, 0.5186167359352112, 0.9555724859237671, -1.2329466342926025, 1.0111632347106934, 0.7819230556488037, -0.2070261836051941, -0.44365984201431274, -0.13313814997673035, 1.0430346727371216, 0.9986809492111206, -0.24337296187877655, 1.180393934249878, 0.40323328971862793, -0.2305973470211029, 0.8513404130935669, -0.5494893193244934, 1.3873071670532227, 0.0440913625061512, -0.5265655517578125, 1.5228166580200195, -1.000656247138977, 1.1906211376190186, 1.458281397819519, -1.11006760597229, 0.2658235430717468, -2.422281503677368, -0.7139691114425659, -1.307140588760376, -0.7337183356285095, -0.6421509981155396, 0.10711613297462463, -0.8216127753257751, -1.0746307373046875, 0.5513535737991333, -0.5077441930770874, 1.4857726097106934, -0.7938744425773621, 1.1329727172851562, -2.4306299686431885, 1.4607261419296265, -0.5566307306289673, 0.7687993049621582, -0.6975720524787903, 1.2976598739624023, -0.45540177822113037, 0.6754388213157654, 1.2219791412353516, -0.9216135740280151, -0.6979342699050903, 0.599793016910553, 1.307159185409546, -1.171846628189087, -1.0802198648452759, 0.49535512924194336, 0.3895551860332489, -0.9336600303649902, 1.1203811168670654, -0.3863123059272766, -0.3745604455471039, 2.050375461578369, 1.4433393478393555, -0.2043796330690384, 0.9258213639259338, -0.6369277834892273, 0.9423806667327881, 0.9673349261283875, -0.2721184492111206, 2.889911651611328, -1.642913818359375, 1.1280285120010376, -1.0659379959106445, 0.43162015080451965, 1.5349621772766113]",yunet,Facenet,1920,1080,/home/amos/media/tv/modern_family/Modern.Family.S09.1080p.DSNP.WEB-DL.DDP5.1.H.264-CRFW/Modern.Family.S09E21.The.Escape.1080p.DSNP.WEB-DL.DDP5.1.H.264-CRFW.mkv,Modern Family,2009,1442437,9,21,Adam Devine,212604.0,0.857
902,1032,144,1326,522,1230,282,1080,282,0.933,21672,0,"[-0.5572304725646973, -1.2192926406860352, -0.2116602510213852, 1.747326374053955, -0.09075107425451279, -0.15887412428855896, 0.49195027351379395, -2.1481964588165283, 0.12466660887002945, 3.740922451019287, -2.4732491970062256, 1.2667548656463623, 0.5309211015701294, 1.0100319385528564, -0.16416656970977783, -0.5576032400131226, -0.5245598554611206, -0.276487797498703, -0.9076052904129028, 0.2125929743051529, 0.3260737359523773, 0.16171061992645264, 0.6077635884284973, 1.0314006805419922, 0.9509953856468201, 0.5576105713844299, 1.0463764667510986, -1.741793155670166, 3.119961738586426, -0.06471678614616394, 0.7537612915039062, -1.1221251487731934, -0.6888434886932373, -0.4723736345767975, 1.1249502897262573, -1.3378874063491821, -1.5171258449554443, 1.0675041675567627, -0.12036773562431335, -1.2261179685592651, -0.05927324295043945, 0.8296838998794556, 0.8236368894577026, 0.9741736650466919, -0.4221271276473999, -0.7258794903755188, -0.5112089514732361, 0.8552649021148682, -0.9058408737182617, 0.3727184534072876, -0.7654270529747009, 1.6006145477294922, -0.044157154858112335, 0.7267054319381714, -1.0604995489120483, -0.33511191606521606, 0.9638018012046814, 0.42621347308158875, -0.7476277947425842, -0.6638339757919312, -0.029623225331306458, -0.5823948383331299, -1.2071584463119507, -0.26216310262680054, -0.3049374222755432, 1.6682682037353516, 0.3875070810317993, 0.565289318561554, -0.20855489373207092, 0.4920737147331238, 0.05506695806980133, 0.10110174119472504, 0.8414378762245178, -0.12605682015419006, 0.584537923336029, -2.4016170501708984, 1.604170560836792, -1.8850959539413452, -0.7632721066474915, -0.683326244354248, -0.509697437286377, -0.30107805132865906, 1.25641930103302, 1.2980759143829346, -1.8659610748291016, 0.8620060682296753, 0.2425742745399475, -1.3403183221817017, 0.4188942015171051, -0.554608941078186, -1.2797092199325562, -0.2904745638370514, 0.7001548409461975, 0.42785364389419556, 1.77394700050354, 0.3195306658744812, 0.7150818705558777, 0.8793230652809143, 0.019002512097358704, -1.4407800436019897, -0.07698296755552292, 1.2489060163497925, -0.9123305082321167, 1.5622308254241943, 1.018416166305542, 0.7136163711547852, -0.08789931237697601, -0.8712996244430542, 1.3896116018295288, -0.757868766784668, 0.8399673700332642, 1.248063087463379, 0.5889105796813965, 0.5711969137191772, -0.022244123741984367, 0.014511577785015106, -1.365069031715393, 0.6953490972518921, -0.5346715450286865, -0.8410905003547668, 1.1794790029525757, -0.7032426595687866, -0.32252228260040283, -0.6594722270965576, -0.10283972322940826, 1.0215626955032349, 1.922582983970642, 0.5581681132316589]",yunet,Facenet,1920,1080,/home/amos/media/tv/modern_family/Modern.Family.S09.1080p.DSNP.WEB-DL.DDP5.1.H.264-CRFW/Modern.Family.S09E21.The.Escape.1080p.DSNP.WEB-DL.DDP5.1.H.264-CRFW.mkv,Modern Family,2009,1442437,9,21,Sarah Hyland,91351.0,0.708
903,1020,198,1296,576,1194,348,1068,348,0.929,21696,0,"[-0.3965763449668884, 0.10941207408905029, 0.28529253602027893, 2.1008591651916504, 0.7799598574638367, 0.1746991127729416, 2.1088976860046387, -2.243604898452759, -0.6337317824363708, 3.2489609718322754, -1.6325929164886475, 0.8890982866287231, 0.7193485498428345, 0.14112862944602966, 0.523775041103363, 0.30335497856140137, 0.17307642102241516, -0.6887360215187073, -0.6418032646179199, 0.4790574610233307, 0.2705221474170685, -0.7220519781112671, 0.9808140397071838, -0.18927019834518433, -0.973179280757904, 0.4414011240005493, -0.028526343405246735, -0.9766030311584473, 1.0515912771224976, 1.5644820928573608, -0.5024492740631104, -1.5467300415039062, -2.424365282058716, -0.4111940562725067, 1.6364295482635498, -1.2980278730392456, -0.8145095705986023, 0.9181143045425415, 0.16840901970863342, -1.275335669517517, 0.6973384022712708, 0.03932937979698181, -0.6242774724960327, 2.407257318496704, 0.7623250484466553, 0.40111321210861206, 1.0298688411712646, 0.38322824239730835, -0.5726127624511719, 0.38020575046539307, -1.7730120420455933, 2.3109450340270996, -1.3493448495864868, -0.3905210494995117, -1.6059577465057373, 0.7962590456008911, 1.706866979598999, 0.8633829951286316, 0.5033729076385498, 0.619156539440155, -0.07838704437017441, 0.7862774133682251, -0.15588578581809998, -0.4800441563129425, -0.375964492559433, 0.9390504956245422, -0.022493712604045868, 0.7080409526824951, 1.1004517078399658, 0.4647414982318878, -0.1764252781867981, 0.22553977370262146, -0.24290010333061218, 0.14320988953113556, 0.7978825569152832, -0.6714164614677429, -0.34678399562835693, -2.366941452026367, -1.6271679401397705, -1.2268316745758057, 0.3536849021911621, -1.166448950767517, 0.6978616118431091, 0.40204253792762756, -0.8962858319282532, -0.7231013774871826, 0.12613558769226074, -0.25608086585998535, -0.7565001249313354, -1.167819619178772, -1.7431526184082031, -0.5984928011894226, 1.9297980070114136, 0.009339883923530579, 0.8602732419967651, 0.11423017829656601, 1.8598284721374512, 0.13539791107177734, -0.27884751558303833, 0.05342608690261841, -0.6451064944267273, 1.1816030740737915, -2.579157829284668, 0.5714585185050964, 0.75981205701828, 0.32364827394485474, 0.4693816602230072, -0.9250146150588989, 1.2457114458084106, 0.13524781167507172, 0.0844821184873581, 1.8968204259872437, 0.8022987842559814, -0.07777465134859085, -0.647886335849762, 0.19746831059455872, -1.0831637382507324, 0.6783245205879211, -0.9443124532699585, -0.10092861950397491, 2.186704397201538, 0.236892431974411, 0.21898771822452545, -1.3776854276657104, -0.7303861379623413, 0.022375382483005524, 1.1108306646347046, -0.05995369702577591]",yunet,Facenet,1920,1080,/home/amos/media/tv/modern_family/Modern.Family.S09.1080p.DSNP.WEB-DL.DDP5.1.H.264-CRFW/Modern.Family.S09E21.The.Escape.1080p.DSNP.WEB-DL.DDP5.1.H.264-CRFW.mkv,Modern Family,2009,1442437,9,21,Sarah Hyland,91351.0,0.612
904,672,216,954,582,894,366,768,366,0.934,21720,0,"[0.35468384623527527, 1.3220412731170654, 1.1022822856903076, -1.0751159191131592, -0.14552070200443268, -0.005614446476101875, 0.20209909975528717, -2.4452991485595703, -0.5276403427124023, -0.37023186683654785, 0.4308243691921234, 1.4311422109603882, -0.6671205163002014, -0.8335604667663574, 0.34592723846435547, 1.8778207302093506, -0.25175943970680237, 0.08710843324661255, -0.920164167881012, -0.2847673296928406, 0.41633501648902893, 0.728614091873169, -1.1795233488082886, -0.8228422999382019, 1.1626296043395996, 0.9045032262802124, -0.5048531889915466, 1.8580678701400757, 0.6699751615524292, 0.95502108335495, 0.1591821312904358, 0.44735875725746155, -0.6592399477958679, 0.35930952429771423, -0.5404238104820251, 0.8307620286941528, 0.22573131322860718, -0.8704681992530823, -1.2793691158294678, 0.90720534324646, 0.6741429567337036, 0.08409223705530167, -1.326857089996338, -0.13813890516757965, 0.4952141046524048, -0.7719281911849976, -1.0286071300506592, 0.6517587900161743, 0.6617942452430725, -0.5808082818984985, 0.48576682806015015, -1.2621328830718994, 0.1342252492904663, 0.8354505896568298, -0.977224588394165, 0.9867095351219177, 0.4629756212234497, -1.2109519243240356, 0.9976816177368164, 0.8913919925689697, 0.11202982813119888, -0.044872358441352844, -0.006849190220236778, 1.1575953960418701, 1.0556118488311768, -0.43155014514923096, 1.3745368719100952, 0.6628543734550476, 0.014401502907276154, 0.6284924745559692, -0.5184004902839661, 1.4385435581207275, 0.4762882888317108, -0.6587298512458801, 1.6075248718261719, -0.828741729259491, 1.3450627326965332, 1.326946496963501, -1.1192868947982788, 0.49806904792785645, -2.1996500492095947, -0.45928943157196045, -1.629346251487732, -0.6672711372375488, -0.6874539852142334, -0.1289929449558258, -0.6979153156280518, -1.2182015180587769, 0.8973385095596313, -0.32648003101348877, 1.1571794748306274, -0.9278976321220398, 1.4293526411056519, -2.100975751876831, 1.5106905698776245, -0.7954453229904175, 0.959933876991272, -0.6240958571434021, 1.541543960571289, -0.02460332214832306, 1.3126813173294067, 1.2907501459121704, -0.6710759997367859, -0.7573944330215454, 0.230552077293396, 1.2517415285110474, -1.4212265014648438, -0.9129643440246582, 0.3303496241569519, 0.19914855062961578, -0.7823197245597839, 1.3744844198226929, -0.3171367645263672, -0.0337442122399807, 2.0381569862365723, 1.3405134677886963, -0.18928566575050354, 1.0258406400680542, -0.7831059694290161, 1.0659211874008179, 1.054112434387207, -0.1247970461845398, 2.5957937240600586, -1.2766979932785034, 1.0950396060943604, -0.7334008812904358, 0.5014644861221313, 1.5193582773208618]",yunet,Facenet,1920,1080,/home/amos/media/tv/modern_family/Modern.Family.S09.1080p.DSNP.WEB-DL.DDP5.1.H.264-CRFW/Modern.Family.S09E21.The.Escape.1080p.DSNP.WEB-DL.DDP5.1.H.264-CRFW.mkv,Modern Family,2009,1442437,9,21,Adam Devine,212604.0,0.839
905,744,222,1044,618,984,384,834,378,0.941,21744,0,"[0.38171833753585815, 1.5312196016311646, 0.7082003355026245, -0.7853693962097168, 0.1915542036294937, 0.41038158535957336, 0.09222941100597382, -1.9073567390441895, -0.5958024859428406, -0.1977912187576294, 0.37224218249320984, 1.4737423658370972, -0.52886563539505, -0.3984239101409912, 0.3617596924304962, 1.952955961227417, -0.1964567005634308, -0.34184885025024414, -0.8290433883666992, -0.1321108341217041, -0.0022702887654304504, 0.9987536668777466, -0.7922083735466003, -0.35134726762771606, 1.2649204730987549, 1.477118730545044, -0.5541805028915405, 1.3807581663131714, 0.9388315677642822, 0.5396617650985718, 0.6236639022827148, 0.38712912797927856, -0.9972228407859802, 0.47691529989242554, -0.2936410903930664, 0.5155957341194153, 0.8146170973777771, -0.7514188289642334, -0.5380418300628662, 1.007283091545105, 0.5299875736236572, 0.5454051494598389, -0.986295223236084, -0.04859602451324463, 0.35636192560195923, -0.24752242863178253, -0.9600276350975037, 0.5151945352554321, 0.9265943169593811, 0.19320529699325562, 0.3483664393424988, -0.9761143922805786, 0.3152129352092743, 1.146562933921814, -1.083348035812378, 0.6367132067680359, 0.44970446825027466, -1.480849266052246, 0.7728602886199951, 1.0496063232421875, 0.18185967206954956, 0.01546255499124527, -0.07283741235733032, 1.1120461225509644, 0.6923942565917969, -0.4961055517196655, 0.9221919178962708, 0.8835642337799072, 0.11391288787126541, 0.6170841455459595, -0.5548456907272339, 1.8566570281982422, 0.22166338562965393, -0.28395894169807434, 1.7127984762191772, -0.808966338634491, 1.3088133335113525, 1.528159260749817, -0.9788507223129272, 0.6601777672767639, -2.5767645835876465, -0.4849216639995575, -1.3487837314605713, -0.7952562570571899, -0.6422508358955383, 0.007116071879863739, -0.6025709509849548, -0.9860544800758362, 0.6243472099304199, -0.5373663902282715, 1.0445927381515503, -0.9155137538909912, 1.168219804763794, -2.3515419960021973, 1.996322512626648, -0.47498613595962524, 0.9848069548606873, -0.23001231253147125, 1.2223639488220215, -0.6048204898834229, 1.2646225690841675, 1.2987796068191528, -1.0967410802841187, -0.7030853033065796, 0.07837740331888199, 1.2354414463043213, -1.3064841032028198, -0.8810988664627075, 0.18338118493556976, -0.10716134309768677, -0.7186527252197266, 1.287165641784668, 0.10523846745491028, -0.5922278165817261, 1.9292025566101074, 1.607610821723938, -0.3690100610256195, 0.8469948172569275, -0.569060742855072, 0.6646467447280884, 0.9398264288902283, -0.7455739974975586, 2.896908760070801, -1.2572470903396606, 1.0122092962265015, -1.4660121202468872, 0.5160639882087708, 1.6101988554000854]",yunet,Facenet,1920,1080,/home/amos/media/tv/modern_family/Modern.Family.S09.1080p.DSNP.WEB-DL.DDP5.1.H.264-CRFW/Modern.Family.S09E21.The.Escape.1080p.DSNP.WEB-DL.DDP5.1.H.264-CRFW.mkv,Modern Family,2009,1442437,9,21,Adam Devine,212604.0,0.837
906,936,162,1194,522,1098,306,978,306,0.931,21768,0,"[-0.30060699582099915, -1.05654776096344, 0.6268616318702698, 1.5363459587097168, 0.8849300742149353, -0.553344190120697, 2.0811784267425537, -1.4861875772476196, -0.655168890953064, 3.611410617828369, -2.3273112773895264, 0.8120777010917664, -0.12612409889698029, 1.0224361419677734, 0.1080906093120575, -0.04167108237743378, -0.18025407195091248, -0.6782450079917908, -0.5213854312896729, -0.427916944026947, 0.3262588679790497, -1.3681719303131104, 0.5275208950042725, 0.7004795074462891, -0.3742730915546417, 0.6258316040039062, 0.7110493183135986, -1.4225506782531738, 1.9026827812194824, 1.728996992111206, 0.14452342689037323, -1.4433536529541016, -1.1663234233856201, -0.9580820202827454, 0.7938936352729797, -1.4603084325790405, -1.0800915956497192, 1.114652156829834, -0.4138668179512024, -0.6012927293777466, 0.3013133406639099, 0.518406867980957, -0.15373411774635315, 1.7002161741256714, -0.0020270366221666336, 0.252607524394989, -0.04840114712715149, 1.0796799659729004, -0.9927808046340942, 0.016495313495397568, -1.1539080142974854, 2.158822774887085, -0.5457082390785217, -0.34496957063674927, -0.44246676564216614, 0.2022613286972046, 1.19865083694458, 1.3998552560806274, 0.9942517876625061, 0.5835996270179749, -0.3117792010307312, -0.3114498257637024, 0.4589221179485321, -0.2113913744688034, -0.8271883726119995, 1.1532986164093018, -0.837188720703125, 1.5294337272644043, 0.9432094693183899, 0.844342827796936, -0.268792986869812, 0.1871262490749359, 0.1490088403224945, -0.18924519419670105, 0.22550378739833832, -1.31201171875, 0.1416332721710205, -1.534243106842041, -1.3062044382095337, -0.9159655570983887, -0.8405905365943909, -0.8375260829925537, 0.3934873342514038, -0.2599385976791382, -2.1547844409942627, 0.2249564230442047, -0.4312438666820526, -0.9779285788536072, -0.1194579154253006, -0.775231659412384, -1.110732913017273, -0.22054557502269745, 1.5953874588012695, 0.5125957131385803, 1.077847957611084, -0.4173271358013153, 1.4507677555084229, -0.02178117446601391, 0.06356309354305267, 0.30485421419143677, -0.5702072381973267, 1.7409971952438354, -1.2087507247924805, 0.8894512057304382, 0.46167415380477905, -0.5898855924606323, -0.36921820044517517, -1.3734774589538574, 0.5691465139389038, 0.42672714591026306, 0.285173237323761, 1.1127805709838867, 0.8978296518325806, 0.06473763287067413, -0.5719813704490662, -0.017428025603294373, -0.7668896913528442, 0.702660322189331, -0.790623664855957, -0.295035719871521, 1.3350595235824585, 0.5511236190795898, -0.5453548431396484, -2.0831871032714844, -1.5905004739761353, 1.3278570175170898, 1.4334173202514648, -0.09824128448963165]",yunet,Facenet,1920,1080,/home/amos/media/tv/modern_family/Modern.Family.S09.1080p.DSNP.WEB-DL.DDP5.1.H.264-CRFW/Modern.Family.S09E21.The.Escape.1080p.DSNP.WEB-DL.DDP5.1.H.264-CRFW.mkv,Modern Family,2009,1442437,9,21,Sarah Hyland,91351.0,0.621
907,648,180,864,450,822,294,726,294,0.926,21792,0,"[-0.11529165506362915, -0.36537107825279236, 1.4310503005981445, -0.039378006011247635, 1.5456552505493164, 0.3437940776348114, -0.7839106321334839, -1.364647626876831, 0.13858217000961304, 0.24653062224388123, 0.06468953937292099, 1.1820584535598755, 0.7538548111915588, -0.2988743185997009, -0.14500650763511658, 0.6101952195167542, -0.0837835967540741, -1.3741027116775513, -1.2409708499908447, -1.4609192609786987, -0.17709022760391235, -0.7835900187492371, 0.08600186556577682, -0.9962904453277588, -0.15611551702022552, -0.26517051458358765, -1.184446096420288, 2.6645169258117676, -0.19277407228946686, -0.41861042380332947, 0.0006791502237319946, -0.46328282356262207, -0.17438989877700806, -0.5021564960479736, -0.8089296817779541, 0.8801558613777161, -1.393027901649475, -0.0026752352714538574, -0.9672580361366272, -0.277971088886261, 1.4053467512130737, 0.7322876453399658, -1.6940535306930542, -0.4671628773212433, -0.1812180131673813, -1.6078355312347412, -0.09707704186439514, 1.99790620803833, 1.7203896045684814, -0.059158168733119965, 0.759436845779419, -0.03741118684411049, -0.5824210047721863, -1.0076099634170532, 0.674542248249054, 0.7959141135215759, 0.9271117448806763, -1.4704848527908325, 0.7853620648384094, 1.9599217176437378, -0.32785117626190186, -1.5083867311477661, 0.09369728714227676, 1.792046070098877, 0.8657441735267639, -0.6743921637535095, -0.34682968258857727, 1.6431686878204346, 0.6697052121162415, 1.0933339595794678, -2.366107225418091, 1.4868437051773071, -1.0512839555740356, -0.10511892288923264, 1.396711826324463, 0.054494790732860565, -0.21311958134174347, 1.0798919200897217, -1.373720645904541, -0.0762179046869278, -2.5192818641662598, -0.7738879919052124, 0.31710708141326904, -0.7265467047691345, -0.880654513835907, -0.7940953969955444, 0.4107154607772827, -0.8861653208732605, -0.734310507774353, -0.4669371545314789, 1.3427720069885254, -0.23562972247600555, 1.72198486328125, -1.3586095571517944, 2.62554669380188, -0.4502573311328888, -0.5387192368507385, 0.7267775535583496, -0.04233841225504875, -0.1485162079334259, 1.1346583366394043, 0.8046509027481079, -2.3796958923339844, -0.8200896978378296, 0.4536011815071106, 1.0064283609390259, -0.9018383622169495, -1.733521819114685, -0.23418651521205902, -0.5650789737701416, -1.225597620010376, 2.2264182567596436, -1.6281559467315674, 0.1319172978401184, 1.4611332416534424, 1.7417176961898804, 0.5950857400894165, -0.2233944833278656, -1.0006986856460571, 0.6518098711967468, 0.7698687314987183, -0.8784223794937134, 2.008450984954834, -0.5493574142456055, 1.4264940023422241, -2.583345413208008, 0.09109096974134445, 1.9863251447677612]",yunet,Facenet,1920,1080,/home/amos/media/tv/modern_family/Modern.Family.S09.1080p.DSNP.WEB-DL.DDP5.1.H.264-CRFW/Modern.Family.S09E21.The.Escape.1080p.DSNP.WEB-DL.DDP5.1.H.264-CRFW.mkv,Modern Family,2009,1442437,9,21,Adam Devine,212604.0,0.736
908,1014,162,1278,540,1146,300,1044,300,0.918,21816,0,"[0.10035594552755356, -1.1034414768218994, -0.06399127095937729, 2.190699338912964, 0.1914513111114502, 0.08787542581558228, 0.9559339284896851, -2.3231277465820312, -0.5482034087181091, 3.2501046657562256, -2.007805347442627, 0.7759765386581421, 0.7225722074508667, 1.7964668273925781, -0.8146847486495972, -0.38809752464294434, -0.5566068887710571, -0.8736118674278259, -1.2367562055587769, -0.49571359157562256, 0.07578417658805847, -0.04244503378868103, 0.057152487337589264, 0.7699214220046997, 1.3690017461776733, 0.7906842827796936, 1.2474055290222168, -1.0792790651321411, 2.906297445297241, -0.4713803827762604, 1.4396148920059204, -1.1180473566055298, -0.9514667391777039, -0.8644620180130005, 0.7821172475814819, -2.2032647132873535, -1.2034415006637573, 1.4375613927841187, 0.3531716465950012, -0.5010162591934204, -0.6825516223907471, 1.1117175817489624, 1.8373253345489502, 0.7636778950691223, -0.8981705904006958, -0.35916855931282043, -0.4728797972202301, 1.5048151016235352, -0.24337001144886017, 0.19081147015094757, -0.4580531716346741, 1.9245378971099854, 0.7118440270423889, 0.3862350583076477, -0.06161954626441002, 0.6809291839599609, 2.345437526702881, 0.29488158226013184, 0.11994636058807373, 0.5748735666275024, -0.18369996547698975, 0.8638059496879578, -1.3776330947875977, 1.259672999382019, -0.18771252036094666, 1.6414690017700195, 0.024930983781814575, 0.032989341765642166, -0.7946130633354187, 0.5514438152313232, -0.3537864089012146, 0.5930486917495728, 0.997249960899353, 0.2571559548377991, 0.31511983275413513, -1.0901095867156982, 1.1552857160568237, -0.931225061416626, -0.42383474111557007, -0.8672542572021484, -0.693597674369812, 0.24456600844860077, 1.5998446941375732, 0.8502600789070129, -1.1482280492782593, 0.2339392602443695, 0.039938561618328094, -0.9292864799499512, 0.8925032615661621, -0.8710498213768005, -0.9232805371284485, 0.5293354392051697, 0.8374077081680298, 0.07513450086116791, 2.762906789779663, 1.1172502040863037, 0.4860006272792816, 0.4500317871570587, 0.5475245118141174, -2.440565347671509, 0.3126680850982666, 0.14028629660606384, -1.1549314260482788, 0.93846595287323, 1.9346508979797363, -0.16811369359493256, 0.3849470317363739, 0.15974900126457214, 1.9968926906585693, -2.0829381942749023, 1.1481823921203613, 0.6273424029350281, 0.3416557312011719, 1.0141596794128418, -0.6728271842002869, 0.424285352230072, -0.584282398223877, 2.6313841342926025, -0.3952825665473938, -0.3400436043739319, 1.9072976112365723, -1.0934536457061768, -0.13846349716186523, -0.44816315174102783, 0.12344484776258469, 0.664624810218811, 1.6955939531326294, -1.3301559686660767]",yunet,Facenet,1920,1080,/home/amos/media/tv/modern_family/Modern.Family.S09.1080p.DSNP.WEB-DL.DDP5.1.H.264-CRFW/Modern.Family.S09E21.The.Escape.1080p.DSNP.WEB-DL.DDP5.1.H.264-CRFW.mkv,Modern Family,2009,1442437,9,21,Sarah Hyland,91351.0,0.561
909,1008,150,1272,534,1140,294,1032,300,0.91,21840,0,"[0.5191269516944885, -1.0821915864944458, -0.15442590415477753, 1.8297923803329468, 0.04187329486012459, -0.516615629196167, 0.22244514524936676, -2.009432077407837, -0.23366326093673706, 3.6311471462249756, -2.309640884399414, 1.036972999572754, 0.43357259035110474, 1.8962373733520508, -0.5067881345748901, -0.825401246547699, -0.7668865919113159, -0.5418285727500916, -1.607776403427124, -0.607856273651123, 0.1735229790210724, -0.3044423460960388, 0.3250580132007599, 0.5237280130386353, 1.2055752277374268, 0.6902168393135071, 1.0806257724761963, -1.4066487550735474, 2.895634651184082, -0.2967417240142822, 1.1768862009048462, -1.214614748954773, -0.4930378198623657, -0.7933431267738342, 1.0290669202804565, -1.7873786687850952, -1.5422532558441162, 1.2668997049331665, -0.05322630703449249, -0.48794564604759216, -0.6019647717475891, 1.0655722618103027, 1.9118214845657349, 1.13185715675354, -1.301332712173462, -0.6831061244010925, -0.37217795848846436, 1.191178321838379, -0.6024101376533508, -0.27641206979751587, -0.29036951065063477, 1.1520038843154907, 0.34154796600341797, 0.397258996963501, 0.46725592017173767, -0.23330195248126984, 1.9441463947296143, 0.5651765465736389, -0.4814685583114624, 0.1886407434940338, -0.37997281551361084, 0.2157490998506546, -1.504098892211914, 0.5106235146522522, -0.0628361627459526, 1.5044559240341187, -0.9438953399658203, 0.6261090636253357, -0.42634671926498413, 0.7076617479324341, -0.3529297411441803, 0.6911183595657349, 0.6005085110664368, -0.3077470660209656, 0.39209648966789246, -1.325645923614502, 1.4116390943527222, -1.4409244060516357, 0.07313811033964157, -1.2373504638671875, -0.22317907214164734, -0.3023812472820282, 2.0561678409576416, 0.9820897579193115, -1.550614833831787, 0.1472102552652359, -0.387425035238266, -0.9260377883911133, 1.151241421699524, -0.9914556741714478, -1.0258502960205078, 0.16535381972789764, 0.6134247779846191, -0.12682008743286133, 2.4217770099639893, 0.8775375485420227, 0.4185817241668701, 0.8136133551597595, 0.5295879244804382, -2.415433645248413, 0.36219340562820435, 0.4802042245864868, -1.4973084926605225, 1.2187288999557495, 1.9194931983947754, -0.20304431021213531, 0.6386535167694092, -0.6807695627212524, 1.5424796342849731, -1.4632835388183594, 1.196128249168396, 0.8794318437576294, -0.0704212486743927, 0.6267816424369812, -0.48814624547958374, 0.08337776362895966, -0.9523581266403198, 2.0214362144470215, 0.5754988193511963, -0.6480656266212463, 1.624430775642395, -1.0229719877243042, -0.43875038623809814, -0.37456679344177246, 0.18271857500076294, 0.47714319825172424, 1.4349416494369507, -0.20122867822647095]",yunet,Facenet,1920,1080,/home/amos/media/tv/modern_family/Modern.Family.S09.1080p.DSNP.WEB-DL.DDP5.1.H.264-CRFW/Modern.Family.S09E21.The.Escape.1080p.DSNP.WEB-DL.DDP5.1.H.264-CRFW.mkv,Modern Family,2009,1442437,9,21,Sarah Hyland,91351.0,0.586
910,576,132,786,408,738,240,642,240,0.932,21864,0,"[0.1406746208667755, 1.5419055223464966, 1.2257875204086304, -0.4850752055644989, 0.37540537118911743, 0.5455346703529358, 0.15428121387958527, -2.2565741539001465, -0.36180445551872253, -0.5006131529808044, -0.10717981308698654, 1.2799721956253052, -0.9580166935920715, -0.22464455664157867, 0.26241689920425415, 1.538503885269165, -0.5883458852767944, -0.16824084520339966, -0.7601581811904907, -0.4615238904953003, -0.0025307536125183105, 0.6951757669448853, -1.2072601318359375, -0.9897892475128174, 1.2810269594192505, 1.2613348960876465, -0.3437292277812958, 1.445460319519043, 0.7802823185920715, 0.7220199108123779, -0.17510107159614563, 0.33320924639701843, -0.7938197255134583, -0.06368372589349747, -0.4471379816532135, 1.0045814514160156, 0.010569341480731964, -0.8979257941246033, -0.7817975282669067, 0.3908778131008148, 1.17070734500885, 0.4297175705432892, -1.9259742498397827, -0.08294186741113663, 0.06081139296293259, -0.7837170958518982, -1.32182776927948, 0.8189406394958496, 0.46440058946609497, 0.07035526633262634, 0.4902452230453491, -0.9831972122192383, 0.9091529250144958, 0.9131433367729187, -0.7957296371459961, 0.850043535232544, 1.285987377166748, -1.9782018661499023, 0.8341350555419922, 1.2206059694290161, 0.053835317492485046, -0.5851863622665405, 0.10114940255880356, 1.5843082666397095, 1.1045502424240112, -0.4437500238418579, 1.3352768421173096, 0.1929752081632614, 0.0737052634358406, 1.2456148862838745, -0.4901796877384186, 1.6292481422424316, 0.13836686313152313, -0.04214002192020416, 1.8625644445419312, -0.9121307134628296, 1.3501800298690796, 2.0725557804107666, -0.787382185459137, 1.0400375127792358, -2.415217876434326, -0.5617102384567261, -1.1520681381225586, -0.7881672382354736, -0.1487622857093811, 0.05380907654762268, -0.01571359857916832, -1.4125065803527832, 0.39590638875961304, -0.15540044009685516, 1.2037769556045532, -0.40176573395729065, 0.9836161136627197, -2.2850241661071777, 1.315002679824829, -0.5296128988265991, 0.7850563526153564, -0.618169367313385, 0.8470127582550049, -0.6134161353111267, 0.4675157070159912, 1.3094254732131958, -1.11420738697052, -0.5688809752464294, 0.9041398763656616, 0.8635092973709106, -1.6770917177200317, -0.9053517580032349, 0.5713695883750916, 0.25741395354270935, -0.8931410908699036, 1.2537723779678345, -0.49103090167045593, 0.4701729714870453, 1.6593987941741943, 1.4009506702423096, -0.18297424912452698, 1.1280874013900757, -0.46367380023002625, 0.8253099918365479, 1.2618496417999268, -0.9719927310943604, 2.541624069213867, -1.1420055627822876, 1.1137398481369019, -1.0801349878311157, 0.5303601026535034, 1.8289566040039062]",yunet,Facenet,1920,1080,/home/amos/media/tv/modern_family/Modern.Family.S09.1080p.DSNP.WEB-DL.DDP5.1.H.264-CRFW/Modern.Family.S09E21.The.Escape.1080p.DSNP.WEB-DL.DDP5.1.H.264-CRFW.mkv,Modern Family,2009,1442437,9,21,Adam Devine,212604.0,0.841
911,654,210,894,516,828,324,720,318,0.93,21888,0,"[1.1027352809906006, 1.9732226133346558, 0.7875512838363647, -0.4640362858772278, -0.005495768506079912, 0.7357591390609741, 0.5690993070602417, -2.273684501647949, -0.24111491441726685, 0.21009039878845215, 0.7883998155593872, 1.4549274444580078, -0.35272765159606934, -1.1307151317596436, 0.17002806067466736, 1.754381537437439, -0.6149083375930786, -0.3149654269218445, -0.49244195222854614, -0.3639416992664337, 0.7070647478103638, 0.8475044965744019, -0.38717520236968994, -0.9422246813774109, 1.732041835784912, 0.5563710927963257, -1.0088037252426147, 1.6196073293685913, 0.9536009430885315, 0.5343168377876282, 0.30158716440200806, -0.019749846309423447, -0.2748866677284241, 0.17798909544944763, -0.45297396183013916, -0.12944342195987701, 0.5223774909973145, -0.7258314490318298, -1.1037628650665283, -0.7885264158248901, 0.2780148684978485, 0.9569965600967407, -2.124436140060425, -0.22417613863945007, -0.9875054955482483, -0.4687946140766144, -0.7664971947669983, 0.11502847820520401, 0.3973380923271179, 0.29210105538368225, 0.8991393446922302, -1.7168675661087036, 0.4519033133983612, 0.7249248623847961, -0.06684775650501251, 0.6173570156097412, 1.13942289352417, -1.5958843231201172, 0.8204076290130615, 0.8558487892150879, -0.02082526870071888, 0.04561889171600342, 0.833955705165863, 0.655489444732666, 1.4383594989776611, -0.8840407133102417, 0.6184951663017273, 1.0258437395095825, -0.1989421844482422, 1.1414155960083008, -0.6098751425743103, 1.1945350170135498, -1.0338176488876343, -0.7482271790504456, 1.4656734466552734, 0.21272020041942596, 0.7254358530044556, 2.1430323123931885, -0.23679885268211365, 0.5168878436088562, -1.5608044862747192, -0.8071529865264893, -1.1492666006088257, -1.2725518941879272, -0.10523716360330582, 0.2480546534061432, -0.7545120716094971, -0.6155641674995422, 0.6871933937072754, -0.8805505037307739, 1.972651481628418, -0.7157186269760132, 1.3570239543914795, -1.8935588598251343, 1.700615644454956, -0.20099347829818726, 0.4583946466445923, -0.8879567384719849, 1.3344097137451172, -1.1214351654052734, 0.46467363834381104, 1.4600944519042969, -0.7868793606758118, -1.5521278381347656, 0.19681793451309204, 1.2365126609802246, -1.5897831916809082, -0.7757440805435181, 0.5030837059020996, 0.25384262204170227, -1.9553680419921875, 1.5286707878112793, -0.9443506002426147, -0.42591699957847595, 1.5321913957595825, 1.3894646167755127, -0.6683262586593628, 0.18372195959091187, -0.19408905506134033, 1.1516175270080566, 0.8547118306159973, -0.7209259271621704, 2.9035792350769043, -0.6926695108413696, 2.5584895610809326, -1.554007649421692, 0.21402788162231445, 1.3862085342407227]",yunet,Facenet,1920,1080,/home/amos/media/tv/modern_family/Modern.Family.S09.1080p.DSNP.WEB-DL.DDP5.1.H.264-CRFW/Modern.Family.S09E21.The.Escape.1080p.DSNP.WEB-DL.DDP5.1.H.264-CRFW.mkv,Modern Family,2009,1442437,9,21,Adam Devine,212604.0,0.851
912,624,204,864,516,798,330,690,330,0.937,21912,0,"[0.48389628529548645, 1.7076689004898071, 0.911087155342102, -1.0032166242599487, -0.01838044263422489, 0.2284323275089264, -0.1935509741306305, -2.5690083503723145, -0.002328254282474518, -0.38436242938041687, 0.44240713119506836, 1.6493887901306152, 0.03977012634277344, -0.8843905925750732, 1.2061033248901367, 1.252533197402954, -0.5249903202056885, 0.0013790242373943329, -0.7191373705863953, -0.6725654602050781, 0.39274558424949646, 0.42609459161758423, -1.1760661602020264, -0.6067624092102051, 1.69725501537323, 0.9682183861732483, -1.2451329231262207, 1.7240537405014038, 0.8509130477905273, 0.02574477158486843, 0.3885681629180908, 0.1883358657360077, -0.8225215673446655, 0.7003871202468872, -0.014652985148131847, 0.4377785623073578, 0.5022540092468262, -1.0546377897262573, -0.7838616371154785, 0.5325998067855835, 0.9890825152397156, 0.9905148148536682, -1.2558542490005493, 0.10801620781421661, -1.0105721950531006, -0.002375274896621704, -1.2411670684814453, 0.21681587398052216, 1.0634421110153198, -0.08481371402740479, 0.37720656394958496, -1.6326096057891846, -0.04066840559244156, 1.1128334999084473, -0.06496724486351013, 0.38321420550346375, 0.7759351134300232, -1.5571041107177734, 0.7052280306816101, 0.544487714767456, 0.3458085060119629, -0.680427074432373, 0.30968910455703735, 1.0445533990859985, 1.1166002750396729, -0.4492180347442627, 0.37832972407341003, 0.22241856157779694, 0.3024439215660095, 0.7119436264038086, -0.4277995526790619, 1.4636777639389038, -0.2460261881351471, -0.9739863276481628, 1.3134101629257202, -0.8490415811538696, 1.3606417179107666, 1.6368745565414429, -0.9984548687934875, 1.161840558052063, -1.9738951921463013, -0.9650659561157227, -0.9414841532707214, -0.6576722860336304, -0.6471307277679443, -0.36824968457221985, -0.9130799174308777, -0.929857075214386, 0.1942753791809082, -0.3844655156135559, 1.6939095258712769, -1.6125997304916382, 0.7083517909049988, -2.2867324352264404, 1.7540240287780762, -0.31916719675064087, 0.7508885264396667, -0.15147961676120758, 1.2071349620819092, -0.894763171672821, 0.8344956040382385, 1.390953779220581, -0.9408323764801025, -0.052971359342336655, 0.09502554684877396, 1.772308588027954, -1.4568393230438232, -1.2192167043685913, 0.21165430545806885, -0.13397575914859772, -0.7871107459068298, 0.9031925201416016, -0.7045203447341919, -0.37263599038124084, 2.1626081466674805, 1.298211693763733, -0.07833506911993027, 0.12592320144176483, 0.1575593501329422, 0.7490322589874268, 0.7890836000442505, -0.8036836385726929, 3.122736692428589, -1.4876124858856201, 0.9875558614730835, -1.3834140300750732, 0.46006256341934204, 2.0011184215545654]",yunet,Facenet,1920,1080,/home/amos/media/tv/modern_family/Modern.Family.S09.1080p.DSNP.WEB-DL.DDP5.1.H.264-CRFW/Modern.Family.S09E21.The.Escape.1080p.DSNP.WEB-DL.DDP5.1.H.264-CRFW.mkv,Modern Family,2009,1442437,9,21,Adam Devine,212604.0,0.807
913,594,168,816,468,762,282,666,282,0.919,21936,0,"[-0.18430376052856445, 2.2520737648010254, 1.4235697984695435, -0.5666594505310059, 0.9783117175102234, 0.22811122238636017, 0.26408085227012634, -2.1948888301849365, 0.008747979998588562, 0.4033870995044708, 1.2449913024902344, 1.38240647315979, -0.8955574035644531, -0.9287502765655518, 0.8306515216827393, 0.4929497241973877, -0.4418164789676666, 0.07387018203735352, -0.8399457931518555, -0.21535202860832214, 0.7135341167449951, -0.037084951996803284, -0.23180636763572693, -0.9541611671447754, 0.6013978123664856, 1.0438480377197266, -0.9731842279434204, 1.3486894369125366, 0.2646190822124481, 0.18018865585327148, -0.0028743892908096313, -0.19958992302417755, -0.7561063766479492, -0.23713389039039612, -0.048499248921871185, 0.8019383549690247, 0.5504280924797058, -0.9481249451637268, -0.0704205185174942, -0.7166311740875244, 0.4415071904659271, 0.46563705801963806, -2.529546022415161, -0.4629415273666382, -1.1677371263504028, 0.30349722504615784, -1.6077585220336914, 0.2859266400337219, 0.716437041759491, 0.7778135538101196, 0.5978549122810364, -1.0025453567504883, 0.7965145111083984, 0.426601767539978, -0.3843531012535095, 1.017284631729126, 0.8833649158477783, -2.167741298675537, 1.0866981744766235, 0.22478100657463074, -0.16511495411396027, -0.4328155517578125, 0.4632415771484375, 1.148922085762024, 1.4340168237686157, -0.48858046531677246, 0.3390790820121765, 0.49204230308532715, 0.662024736404419, 1.9596290588378906, -0.9635835289955139, 1.4439687728881836, -0.08234061300754547, -0.5634558200836182, 1.0402787923812866, -0.3610657751560211, 1.1682054996490479, 1.1789023876190186, -1.7340952157974243, 1.0257409811019897, -2.387650728225708, -1.1599394083023071, -1.324587345123291, -0.5635779500007629, 0.4528285562992096, 0.17148050665855408, -0.472587525844574, -0.6059966087341309, -0.3287472724914551, 0.11414787173271179, 1.4859333038330078, -0.18239054083824158, 1.005691409111023, -1.338638424873352, 1.1800111532211304, -0.9519238471984863, 1.3807754516601562, -0.0368964746594429, 0.6288111805915833, -1.5638775825500488, 0.07829096913337708, 1.3045799732208252, -0.5294541716575623, -0.9485669136047363, 0.7787882089614868, 1.7567145824432373, -0.9156250953674316, -0.9882129430770874, 0.7980484962463379, 0.4503626525402069, -0.7754018306732178, 1.2871763706207275, -1.2973721027374268, 0.4632728099822998, 2.3573312759399414, 2.2225465774536133, -0.1756477802991867, 0.2049424946308136, 0.29764625430107117, 1.509899377822876, 0.3595583438873291, -1.0153549909591675, 2.3544790744781494, -1.2407441139221191, 0.8435251116752625, -2.055666923522949, 0.5843755602836609, 2.3770911693573]",yunet,Facenet,1920,1080,/home/amos/media/tv/modern_family/Modern.Family.S09.1080p.DSNP.WEB-DL.DDP5.1.H.264-CRFW/Modern.Family.S09E21.The.Escape.1080p.DSNP.WEB-DL.DDP5.1.H.264-CRFW.mkv,Modern Family,2009,1442437,9,21,Adam Devine,212604.0,0.807
914,486,174,720,474,678,300,552,300,0.927,21960,0,"[0.2511183023452759, 1.5839886665344238, 1.2790677547454834, -0.7359098792076111, 0.9228937029838562, 0.41566982865333557, -0.41565102338790894, -1.9965825080871582, 0.8876717686653137, -0.0153671158477664, 0.8732060194015503, 0.9176801443099976, -0.8245134949684143, -0.9311892986297607, 0.16217485070228577, 1.0593454837799072, -0.9185287952423096, 0.3103440999984741, -0.7474192380905151, -0.10525631904602051, 0.676506757736206, 0.2338751256465912, -0.02463914081454277, -0.9112200140953064, 1.3240716457366943, 1.6204999685287476, -0.749079704284668, 1.1429678201675415, 0.6777921915054321, 0.10429556667804718, -0.6943891048431396, 0.14314702153205872, -0.6335790157318115, -0.09832245111465454, -0.41320672631263733, 0.8593579530715942, 0.28242191672325134, -0.3551170229911804, -0.05757293105125427, -0.6500136852264404, 1.0143227577209473, 0.24694904685020447, -1.9125195741653442, -0.6929137110710144, -1.243637204170227, -0.2379295378923416, -2.2295823097229004, 0.4382173418998718, 0.6423200964927673, 0.3800642490386963, 1.011647343635559, -0.729590654373169, 1.0178017616271973, 0.6806948781013489, -0.042181577533483505, 0.33492162823677063, 1.0069071054458618, -2.5752713680267334, 0.3282874822616577, 1.0369150638580322, 0.1102382019162178, -0.7043801546096802, 0.32661259174346924, 1.4340966939926147, 1.2945324182510376, -0.40219879150390625, 0.6677414774894714, 0.18577751517295837, 0.699351966381073, 1.6466705799102783, -0.6453256011009216, 1.407611608505249, -0.687246561050415, -0.23058727383613586, 1.5285569429397583, -0.8070819973945618, 0.7103481292724609, 1.2996255159378052, -0.7460641860961914, 0.5479551553726196, -1.7376564741134644, -1.0170707702636719, -0.7402880787849426, -0.4830543100833893, 0.000766262412071228, 0.035063594579696655, -0.6784236431121826, -0.9193326234817505, -0.19913806021213531, -0.4378378093242645, 1.3864343166351318, -0.403572142124176, 1.207753300666809, -1.2855907678604126, 1.1727389097213745, -0.6405053734779358, 0.6074753999710083, 0.1658933311700821, -0.3262042701244354, -1.97652268409729, 0.832211434841156, 0.554526150226593, -1.1879332065582275, -0.6696257591247559, 0.3224315047264099, 1.759122371673584, -1.4615800380706787, -2.0351946353912354, -0.11220692843198776, 0.7598316669464111, -0.605859637260437, 1.60662841796875, -0.9181034564971924, -0.012882828712463379, 2.2829718589782715, 1.3444072008132935, -0.9659743309020996, -0.08398808538913727, 0.1820026934146881, 1.3183950185775757, 0.6098178029060364, -1.4055793285369873, 2.6168384552001953, -0.8684987425804138, 0.8926210999488831, -1.5352743864059448, 1.2594014406204224, 2.7531864643096924]",yunet,Facenet,1920,1080,/home/amos/media/tv/modern_family/Modern.Family.S09.1080p.DSNP.WEB-DL.DDP5.1.H.264-CRFW/Modern.Family.S09E21.The.Escape.1080p.DSNP.WEB-DL.DDP5.1.H.264-CRFW.mkv,Modern Family,2009,1442437,9,21,Adam Devine,212604.0,0.788
915,486,186,720,510,666,312,564,312,0.927,21984,0,"[0.8369861841201782, 2.0510876178741455, 0.8963439464569092, -0.7496206164360046, 0.30402934551239014, 0.515916645526886, -0.012288901954889297, -2.2762911319732666, 0.19393762946128845, -0.36812102794647217, 0.871177613735199, 1.5631444454193115, -0.5909757018089294, -0.7478299140930176, 0.45640191435813904, 1.803432822227478, -0.538101315498352, -0.03272885084152222, -0.9519498348236084, -0.3676532506942749, 0.14317287504673004, 0.9404011368751526, -0.9371070861816406, -0.8963890075683594, 1.3421138525009155, 0.21697908639907837, -0.8253965377807617, 1.438923954963684, 0.6001104116439819, 0.8408067226409912, 0.1872439831495285, -0.2635796368122101, -0.6065585017204285, 0.7334716320037842, -0.6017321348190308, 0.7227286100387573, 0.3361329436302185, -0.839731752872467, -1.0705194473266602, 0.029625695198774338, 0.7548215389251709, 0.46863511204719543, -1.7297332286834717, 0.26598894596099854, -0.7857282161712646, -0.8104438185691833, -0.9926127195358276, 0.14440852403640747, 0.38048094511032104, 0.3109395503997803, 0.47360366582870483, -1.5476731061935425, 0.7745190858840942, 1.0355637073516846, -0.258635938167572, 0.33732330799102783, 0.9243678450584412, -2.0192253589630127, 0.4102104902267456, 0.7976431846618652, -0.12614327669143677, 0.1348978728055954, 0.2781336307525635, 0.8840476870536804, 1.5183690786361694, -0.4818035960197449, 0.5187397003173828, 0.5652838945388794, -0.5589109659194946, 0.8128695487976074, -0.3994535207748413, 1.4208663702011108, -0.4614233076572418, -0.9184266328811646, 1.6311947107315063, 0.0924670547246933, 0.9661047458648682, 1.750754714012146, -0.37546291947364807, 0.7273536920547485, -1.8435299396514893, -0.6861002445220947, -1.1392605304718018, -0.7241132259368896, 0.34645265340805054, 0.048060208559036255, -0.9274305701255798, -0.39549392461776733, 1.0896713733673096, -0.6358808875083923, 1.570845603942871, -0.5514293313026428, 1.231248140335083, -1.9657169580459595, 1.6798521280288696, -0.2517905533313751, 0.3036700487136841, -0.7695223689079285, 0.9502822160720825, -1.0084635019302368, 1.2333271503448486, 1.2972371578216553, -1.3105697631835938, -1.2747793197631836, 0.4539089798927307, 1.553629755973816, -1.5143444538116455, -0.9894980192184448, 0.3664153516292572, 0.05113227665424347, -1.0706455707550049, 1.6661427021026611, -0.8387168645858765, -0.35589727759361267, 1.47446870803833, 1.141637921333313, -0.6949164867401123, 0.3360080122947693, -0.09123510867357254, 1.1258913278579712, 0.8422927260398865, -0.7988623380661011, 3.0028843879699707, -1.4266817569732666, 2.020477056503296, -1.400163173675537, 0.5063202381134033, 1.641810417175293]",yunet,Facenet,1920,1080,/home/amos/media/tv/modern_family/Modern.Family.S09.1080p.DSNP.WEB-DL.DDP5.1.H.264-CRFW/Modern.Family.S09E21.The.Escape.1080p.DSNP.WEB-DL.DDP5.1.H.264-CRFW.mkv,Modern Family,2009,1442437,9,21,Adam Devine,212604.0,0.873
916,1032,138,1326,540,1176,276,1062,276,0.924,22008,0,"[-0.5902738571166992, -0.5117447376251221, -0.8480038046836853, 3.0788917541503906, 1.9977514743804932, 0.23267009854316711, 1.178314208984375, -1.5024951696395874, -0.5797539353370667, 3.3086206912994385, -1.5807915925979614, 0.857547402381897, 1.0014302730560303, 1.5029670000076294, -0.008573353290557861, -0.4228423237800598, -0.20485302805900574, -1.3592281341552734, -0.9820424318313599, -0.17227423191070557, 0.11942584812641144, 0.1460309773683548, 0.4972483515739441, 0.7316988706588745, 0.23382999002933502, 0.6366962790489197, 0.39088135957717896, -1.2137391567230225, 2.6144843101501465, -0.20219624042510986, 0.8668177127838135, -1.6267154216766357, -1.7446808815002441, -1.6709662675857544, 1.2995240688323975, -1.3639600276947021, -1.1355098485946655, 1.7060465812683105, 0.19608786702156067, -1.5904700756072998, 0.5816141963005066, 1.3754154443740845, 0.5006892681121826, 0.5258746147155762, -0.9710345268249512, 0.2461993396282196, 0.41886472702026367, 0.7087651491165161, -0.7795369625091553, 1.8699555397033691, -1.3642606735229492, 3.1562447547912598, 0.8161889314651489, -0.861250102519989, 0.2678793668746948, 0.7298004031181335, 1.7469565868377686, 0.28514936566352844, 2.1922335624694824, -0.03822222352027893, -0.016030730679631233, -0.4605226516723633, 0.45463231205940247, 0.1783994734287262, -1.1483875513076782, 0.6342329978942871, -0.5124149918556213, 0.16750402748584747, -0.31964564323425293, 0.037248771637678146, -0.7030338644981384, 0.34473681449890137, -0.6709428429603577, 1.3002909421920776, -0.6584259271621704, -0.5421328544616699, 0.4074322283267975, -0.7067179679870605, -1.1970467567443848, -1.1864982843399048, -0.8341935276985168, 0.02034624107182026, 0.5437626242637634, 0.940811038017273, -0.7050800323486328, -0.015369988977909088, 0.42835912108421326, -0.296919047832489, -0.26608091592788696, -1.2233399152755737, -1.5169874429702759, 0.5889121890068054, 1.5610747337341309, 1.1187187433242798, 1.8090449571609497, -0.1142047718167305, 1.119018793106079, 0.17533861100673676, 0.545047402381897, -1.423879623413086, -1.2684991359710693, 0.5224272608757019, -1.3540375232696533, 0.38710275292396545, 1.47223961353302, -0.41444218158721924, 0.8732810616493225, 0.7924014329910278, 1.61080002784729, -0.6191496849060059, 1.44831383228302, 1.125525951385498, 1.4469791650772095, 1.4620208740234375, -0.811275064945221, 0.3972497880458832, 0.05905594676733017, 0.918645977973938, -1.273480772972107, 0.4017387628555298, 1.3632334470748901, -0.2137165665626526, -0.7172282934188843, -1.4563047885894775, -1.1406772136688232, 1.4374445676803589, 1.3358124494552612, -1.8889399766921997]",yunet,Facenet,1920,1080,/home/amos/media/tv/modern_family/Modern.Family.S09.1080p.DSNP.WEB-DL.DDP5.1.H.264-CRFW/Modern.Family.S09E21.The.Escape.1080p.DSNP.WEB-DL.DDP5.1.H.264-CRFW.mkv,Modern Family,2009,1442437,9,21,Sarah Hyland,91351.0,0.617
917,1038,144,1332,528,1218,294,1074,294,0.929,22032,0,"[0.4272995889186859, -0.6690037250518799, -0.593454122543335, 1.8605983257293701, 1.1463053226470947, 0.16380243003368378, 0.3480853736400604, -1.7404574155807495, -0.14723610877990723, 3.753337860107422, -1.3854622840881348, 2.101822853088379, 0.08578009903430939, 1.5961756706237793, -0.3422924876213074, -0.057935699820518494, -0.1543823778629303, -0.36521047353744507, -0.6328863501548767, 0.6313610076904297, -0.30339515209198, -0.44752106070518494, 0.20245623588562012, -0.1530526578426361, 0.5810734033584595, 0.10576295852661133, 0.4927584230899811, -0.8926603198051453, 1.99636971950531, 0.49438318610191345, 0.9422351121902466, -1.273586630821228, -1.074458122253418, -1.2733551263809204, 0.2905748784542084, -1.2237725257873535, -1.7352288961410522, 1.7446167469024658, -1.021549940109253, -0.9600878953933716, -0.701630711555481, 0.9558119177818298, 1.923547625541687, 2.100156307220459, -0.8097485899925232, -0.7327171564102173, -1.1113429069519043, 1.2534714937210083, -0.03880025073885918, 0.8320358991622925, 0.07736307382583618, 0.9972764253616333, 0.9731325507164001, 0.1373511403799057, -0.02220001444220543, -0.8598909974098206, 0.719516396522522, 0.44826093316078186, 0.11433420330286026, 0.7661905884742737, -0.7074172496795654, 1.6876617670059204, -1.0804575681686401, 0.5689971446990967, 0.5257095098495483, 0.8078182935714722, -1.047737956047058, 0.42831912636756897, 0.3865792751312256, 1.3840417861938477, -0.3217088580131531, 0.43949422240257263, -0.5518247485160828, 0.711310088634491, -0.010204989463090897, -0.9264305830001831, 1.3098626136779785, -2.021070957183838, -0.019163131713867188, -0.5690146088600159, 0.050092242658138275, 0.04673575609922409, 1.473842740058899, 0.61610347032547, -1.6890435218811035, -0.3900626003742218, -0.2454780638217926, -0.5247309803962708, 0.3201998472213745, -1.6169593334197998, -1.1219227313995361, -0.05592946708202362, 0.6281618475914001, 0.40563687682151794, 2.0789129734039307, -0.3110681176185608, 0.7019609808921814, 0.5714955925941467, 0.21892595291137695, -1.2222975492477417, 0.4802560806274414, -0.2409515082836151, -1.9105788469314575, 0.9842125773429871, 0.719724178314209, -0.3606743812561035, 1.1027183532714844, -1.3563034534454346, 1.3522013425827026, -1.312170147895813, 1.4292672872543335, 1.0181437730789185, -0.14987553656101227, 1.2805473804473877, -0.29388147592544556, -0.20536595582962036, -0.594741940498352, 1.850051760673523, 0.016568869352340698, 0.18078523874282837, 2.0551886558532715, -0.5185891389846802, -0.29752302169799805, -0.665718674659729, -0.1475295126438141, 0.1639653444290161, 1.786513328552246, -0.10735966265201569]",yunet,Facenet,1920,1080,/home/amos/media/tv/modern_family/Modern.Family.S09.1080p.DSNP.WEB-DL.DDP5.1.H.264-CRFW/Modern.Family.S09E21.The.Escape.1080p.DSNP.WEB-DL.DDP5.1.H.264-CRFW.mkv,Modern Family,2009,1442437,9,21,Sarah Hyland,91351.0,0.6
918,1056,144,1338,534,1230,312,1104,300,0.928,22056,0,"[-0.7130746841430664, -0.7889629602432251, 0.1890520453453064, 1.9719433784484863, 0.23813149333000183, 0.7279841899871826, 0.8201925158500671, -2.2977421283721924, -0.8794364929199219, 3.8092334270477295, -2.068307638168335, 1.5604441165924072, -0.37031519412994385, 0.5274063348770142, -0.6763268709182739, -0.5273928046226501, -0.8024768829345703, -0.3492899537086487, 0.4347923994064331, 0.43910229206085205, 1.5096951723098755, -0.34774482250213623, 0.8650858402252197, -0.4076455533504486, 0.42294156551361084, 0.5947613716125488, 0.3485552668571472, -1.4643902778625488, 2.9952280521392822, 1.4651751518249512, 0.06410497426986694, -0.8553764224052429, -0.8964672684669495, -0.9560379385948181, 1.7565275430679321, -1.3891162872314453, -2.1589622497558594, 1.006824016571045, -1.346862554550171, -1.8250017166137695, -0.2336890995502472, 1.4136868715286255, -0.16674202680587769, 2.668149948120117, -0.4364319443702698, -0.3189680576324463, -0.5050241947174072, 1.2474253177642822, -0.8113982677459717, 0.519783616065979, -0.4552164077758789, 2.0182855129241943, 0.6979705095291138, 0.01693560928106308, -0.21059387922286987, 0.077386774122715, 0.7514257431030273, 0.6154382228851318, -0.0005727466195821762, 0.17200574278831482, 0.09255652874708176, 0.1469917595386505, -0.10886206477880478, -0.8146002292633057, -0.6785471439361572, 1.2469955682754517, -0.18368664383888245, 1.503312349319458, 0.5915845632553101, 1.544002890586853, -0.14411982893943787, -0.033818282186985016, -0.9198892116546631, 0.23748527467250824, -0.12985387444496155, -1.1827783584594727, 1.0300228595733643, -1.5708156824111938, -0.965660810470581, -0.4277394413948059, 0.30969998240470886, -0.5156852006912231, 0.7440042495727539, 1.1276601552963257, -1.5129085779190063, -0.23983608186244965, 0.03585141524672508, -1.0086621046066284, -0.22850336134433746, -1.9482110738754272, -1.462652325630188, -0.10695336014032364, 0.9083169102668762, 1.1172285079956055, 1.4979462623596191, -0.30265215039253235, 1.2977265119552612, -0.14070147275924683, 0.5040330290794373, -0.9300979375839233, -0.29398882389068604, 0.34338486194610596, -1.4991158246994019, 1.7503535747528076, 0.581293523311615, -0.48510104417800903, 0.3473864793777466, -0.8584103584289551, 1.4880927801132202, -0.6129990220069885, 0.679641842842102, 0.058160338550806046, 0.378012090921402, 1.5229976177215576, -0.38155966997146606, 0.09628772735595703, -0.6317899227142334, 0.6130338907241821, -0.5286608934402466, 0.04102668538689613, 2.185176134109497, 0.16326463222503662, -0.842132031917572, -0.9115226864814758, 0.3235101103782654, 0.7836231589317322, 1.6084644794464111, 0.5273484587669373]",yunet,Facenet,1920,1080,/home/amos/media/tv/modern_family/Modern.Family.S09.1080p.DSNP.WEB-DL.DDP5.1.H.264-CRFW/Modern.Family.S09E21.The.Escape.1080p.DSNP.WEB-DL.DDP5.1.H.264-CRFW.mkv,Modern Family,2009,1442437,9,21,Sarah Hyland,91351.0,0.739
919,678,228,990,636,918,390,774,390,0.935,22080,0,"[0.8722841739654541, 2.3333609104156494, 1.079139232635498, -0.8747597932815552, -0.16483552753925323, 0.3742040991783142, 0.3994137942790985, -2.679323196411133, -0.27750512957572937, -0.7227910757064819, 0.6846349835395813, 1.5089367628097534, -0.8676391839981079, -0.6825320720672607, 0.40301987528800964, 2.1582260131835938, -0.720973014831543, -0.26653194427490234, -0.6465291976928711, -0.10703269392251968, 0.46511343121528625, 1.249758243560791, -0.8217501640319824, -0.7454062700271606, 1.4795255661010742, 0.9827672839164734, -0.9268946647644043, 1.1868048906326294, 1.4975013732910156, 0.6497400403022766, 0.13269910216331482, 0.33127766847610474, -0.017313316464424133, 0.5549724698066711, -0.5007801055908203, 0.7440718412399292, 0.44255363941192627, -1.0859543085098267, -1.2362515926361084, 0.14582379162311554, 0.4393102824687958, 1.0791645050048828, -1.8393452167510986, -0.02789587527513504, -0.729859471321106, -0.0028683803975582123, -1.6027190685272217, 0.046262629330158234, 0.4806326627731323, 0.6074086427688599, 0.8669873476028442, -2.354761838912964, 0.9583479166030884, 0.848703920841217, -0.31237098574638367, 0.5141956806182861, 0.3017423450946808, -1.7247271537780762, 1.1744959354400635, 0.8683455586433411, -0.23459333181381226, 0.04841005057096481, 0.12774452567100525, 0.7905102968215942, 0.7848197817802429, -0.4086446762084961, 0.9434534907341003, 0.5828597545623779, 0.6816426515579224, 1.017471432685852, -0.6626139283180237, 1.301754355430603, -0.19227582216262817, -0.7771899700164795, 1.0419585704803467, -0.05320478603243828, 1.2090017795562744, 1.7014954090118408, -0.1875666379928589, 0.5847017168998718, -1.747988224029541, -0.7246474027633667, -1.9084709882736206, -0.913360595703125, 0.31785258650779724, -0.42965590953826904, -0.45165544748306274, -0.6235015392303467, 0.8429356813430786, -0.28061097860336304, 1.815195918083191, -0.1595696061849594, 1.2578186988830566, -2.1195430755615234, 1.0485022068023682, -0.4300915598869324, 0.6598899960517883, -0.7132284641265869, 0.9176456332206726, -1.048445463180542, 0.7217698693275452, 0.7726159691810608, -0.751498281955719, -0.8613252639770508, 0.5234998464584351, 0.8838738799095154, -1.239857792854309, -0.7495362758636475, -0.16715292632579803, 0.2713424861431122, -0.594031035900116, 1.0585864782333374, -0.7003586292266846, 0.1832333207130432, 1.7674078941345215, 1.4249306917190552, -0.22988556325435638, 0.28427255153656006, 0.08529680222272873, 1.383644461631775, 1.0161529779434204, -0.9183498620986938, 2.6636240482330322, -1.0128461122512817, 2.011465311050415, -1.5179334878921509, 0.49831825494766235, 1.7792773246765137]",yunet,Facenet,1920,1080,/home/amos/media/tv/modern_family/Modern.Family.S09.1080p.DSNP.WEB-DL.DDP5.1.H.264-CRFW/Modern.Family.S09E21.The.Escape.1080p.DSNP.WEB-DL.DDP5.1.H.264-CRFW.mkv,Modern Family,2009,1442437,9,21,Adam Devine,212604.0,0.834
920,672,222,978,636,912,372,780,378,0.935,22104,0,"[0.6546531915664673, 1.6957221031188965, 1.1888635158538818, -0.010895267128944397, -0.29553624987602234, 0.31170374155044556, 0.45974111557006836, -3.065697431564331, -0.21172183752059937, -0.2843502461910248, 0.987239420413971, 1.1880537271499634, -0.8916053771972656, -0.6261626482009888, 0.0059632062911987305, 1.7325243949890137, -0.5795742273330688, -0.19827421009540558, -1.1967304944992065, -0.005779207218438387, 0.2416624128818512, 1.1709104776382446, -0.8098528981208801, -0.4606647789478302, 1.8444530963897705, 0.08233016729354858, -0.580428957939148, 1.1830967664718628, 1.0567169189453125, 1.0571902990341187, 0.734390139579773, -0.30785995721817017, -0.6198024153709412, 1.1165883541107178, -0.8201451897621155, 0.9182377457618713, 0.025863662362098694, -1.1267155408859253, -1.615138292312622, -0.08525626361370087, 0.6429222226142883, 0.7540071606636047, -1.7660343647003174, 0.4901149868965149, -0.3271155059337616, -0.2050739973783493, -0.9279866814613342, 0.14688917994499207, 0.5880650877952576, 0.14582717418670654, 1.270018458366394, -2.4445407390594482, 0.9638260006904602, 0.2894880771636963, -0.59322589635849, 0.39387544989585876, 0.18419285118579865, -1.5513986349105835, 0.4712144434452057, 0.5971184968948364, 0.060288771986961365, 0.5157605409622192, -0.1281067430973053, 0.550065279006958, 1.072137475013733, -0.18032927811145782, 0.547560453414917, 0.7003613114356995, 0.17171579599380493, 0.8980631828308105, -0.1515173316001892, 1.042943000793457, -0.03598574921488762, -1.0931289196014404, 1.0365147590637207, 0.24579209089279175, 1.6426022052764893, 2.1423861980438232, -0.2053166925907135, 1.191329002380371, -2.1261658668518066, -0.6446431875228882, -1.1308574676513672, -0.3909783661365509, 0.2525382936000824, 0.12214323878288269, -0.17275676131248474, -0.4543330669403076, 1.121108889579773, -0.7296777963638306, 2.0937206745147705, 0.010877253487706184, 1.324798345565796, -0.8160319924354553, 1.881626009941101, -0.5373934507369995, 0.8853865265846252, -0.49974000453948975, 1.2647247314453125, -0.5103122591972351, 1.188655138015747, 1.5016756057739258, -0.5259861946105957, -1.1726047992706299, 0.33993232250213623, 1.1074587106704712, -1.142966866493225, -0.3700602352619171, -0.5174916982650757, -0.7279840707778931, -0.9385719895362854, 1.4778199195861816, -0.5376825332641602, -0.4603128433227539, 1.5412651300430298, 2.0041563510894775, -0.0590042807161808, 0.8021129369735718, -0.7922860383987427, 1.3413995504379272, 0.959553062915802, -0.6556763648986816, 2.6656007766723633, -1.3372550010681152, 2.0385725498199463, -1.7207651138305664, -0.12047205865383148, 1.4734580516815186]",yunet,Facenet,1920,1080,/home/amos/media/tv/modern_family/Modern.Family.S09.1080p.DSNP.WEB-DL.DDP5.1.H.264-CRFW/Modern.Family.S09E21.The.Escape.1080p.DSNP.WEB-DL.DDP5.1.H.264-CRFW.mkv,Modern Family,2009,1442437,9,21,Adam Devine,212604.0,0.779
921,666,210,972,606,912,378,774,378,0.936,22128,0,"[0.1901368796825409, 1.6251351833343506, 0.8319362998008728, -0.08514442294836044, 0.4830803871154785, 0.7090775966644287, 0.5935721397399902, -1.9672743082046509, -0.4827311336994171, 0.013526145368814468, 0.7136311531066895, 1.0319029092788696, -0.9483335614204407, -0.5918596982955933, -0.1562027931213379, 2.54483962059021, -0.8109816312789917, -0.5085859894752502, -1.5115211009979248, -0.06844952702522278, -0.15747693181037903, 1.638007640838623, -1.0503430366516113, -0.7703855633735657, 1.1283377408981323, 1.1217085123062134, -0.3012758791446686, 1.5108674764633179, 0.9276992082595825, 1.062713384628296, 0.7353348731994629, 0.1095946878194809, -0.0301646925508976, -0.03467782586812973, -0.431759238243103, 0.4787890911102295, 0.3274247944355011, -1.2197754383087158, -1.1575605869293213, 0.3751614987850189, 0.38001716136932373, 0.09006086736917496, -1.6802833080291748, 0.3069816529750824, 0.35480985045433044, -0.8521367311477661, -0.9141784310340881, 0.36269280314445496, 0.761365532875061, 0.22030314803123474, 0.8628145456314087, -1.632792592048645, 0.6301567554473877, 0.7733936309814453, -0.6574177145957947, 0.28175508975982666, 0.5057713389396667, -1.8627859354019165, 0.786694347858429, 1.1950500011444092, -0.18458205461502075, 0.3092758059501648, 0.09786989539861679, 0.7274463176727295, 0.8559098839759827, -0.3452894687652588, 0.6983041167259216, 1.282680869102478, 0.23014476895332336, 0.7796198129653931, -0.8184035420417786, 1.009961485862732, -0.0006176214665174484, -0.6317282915115356, 1.9128930568695068, 0.09316398203372955, 1.2046445608139038, 2.2973034381866455, 0.12730753421783447, 1.2879409790039062, -2.1864495277404785, -0.5256750583648682, -1.516574501991272, -0.9861698746681213, -0.14876306056976318, 0.16109830141067505, -0.8432493209838867, -0.3255159258842468, 1.2568844556808472, -0.534980833530426, 1.6506911516189575, -0.1393676996231079, 1.3095910549163818, -2.079355001449585, 1.6620831489562988, -0.2865541875362396, 0.38515400886535645, -0.5721070170402527, 0.8536908030509949, -0.6711503267288208, 0.9022228121757507, 0.9687582850456238, -1.4574930667877197, -1.1244370937347412, 0.5010817646980286, 0.5878639817237854, -1.0001055002212524, -0.873071551322937, -0.00818883627653122, 0.42643019556999207, -1.0523892641067505, 1.5631383657455444, -0.27309709787368774, -0.3691234588623047, 1.45847749710083, 1.4638508558273315, -0.31935232877731323, 0.6042259931564331, -0.503068208694458, 0.9272918701171875, 1.2691843509674072, -1.0495901107788086, 2.656255006790161, -0.7866703867912292, 2.045938014984131, -1.7129117250442505, 0.4063223600387573, 1.9036290645599365]",yunet,Facenet,1920,1080,/home/amos/media/tv/modern_family/Modern.Family.S09.1080p.DSNP.WEB-DL.DDP5.1.H.264-CRFW/Modern.Family.S09E21.The.Escape.1080p.DSNP.WEB-DL.DDP5.1.H.264-CRFW.mkv,Modern Family,2009,1442437,9,21,Adam Devine,212604.0,0.856
922,666,216,972,624,912,390,756,384,0.94,22152,0,"[-0.08608490228652954, 1.285783290863037, 1.0331100225448608, -0.7108342051506042, 0.5752655863761902, 0.29141393303871155, 0.07900221645832062, -2.069807291030884, -0.5569599270820618, -0.3835797607898712, 0.5495965480804443, 1.1237175464630127, -0.900684654712677, -1.0822139978408813, 0.20621556043624878, 1.9078700542449951, -0.5776832103729248, -0.1242278665304184, -0.8752880096435547, -0.38641873002052307, 0.20137310028076172, 0.6593475937843323, -1.058451771736145, -0.7118708491325378, 0.8100464940071106, 1.4428099393844604, -0.2944275438785553, 1.4950683116912842, 1.0337226390838623, 0.8287110328674316, 0.2844771146774292, 0.4212281107902527, -0.6439287066459656, -0.06070665270090103, -0.4875369071960449, 0.7345520257949829, 0.5506008267402649, -0.9078086018562317, -0.6368662118911743, 0.30696114897727966, 0.738835334777832, 0.43247079849243164, -1.7438088655471802, 0.22839194536209106, 0.11898724734783173, -0.34401097893714905, -1.1697938442230225, 0.6146191358566284, 0.841529905796051, 0.12073337286710739, 0.4929729700088501, -1.1774837970733643, 0.741018533706665, 1.3800162076950073, -0.5616670250892639, 0.6552920937538147, 0.5496967434883118, -1.9328027963638306, 0.4824032187461853, 1.357852578163147, -0.1679660677909851, -0.1454106569290161, -0.009724851697683334, 1.3032859563827515, 0.7590767741203308, 0.14454692602157593, 0.9576393365859985, 0.5700713396072388, 0.43838515877723694, 1.0252714157104492, -0.7197059988975525, 1.6309475898742676, -0.1202324628829956, -0.20820045471191406, 1.7247436046600342, -0.32645875215530396, 0.5840413570404053, 2.002213716506958, -0.503063976764679, 1.0868018865585327, -2.6350479125976562, -0.5597493648529053, -1.2739628553390503, -0.9746593832969666, -0.08170989900827408, 0.10297848284244537, -0.705901563167572, -0.5655760169029236, 0.6650635004043579, -0.30078577995300293, 1.4940729141235352, -0.23125340044498444, 1.0320606231689453, -1.9319407939910889, 1.6266255378723145, -0.2551719844341278, 0.6251901984214783, -0.7245188355445862, 0.9853667616844177, -1.0044001340866089, 0.9903623461723328, 1.0482993125915527, -1.0361192226409912, -0.7358015775680542, 0.651361882686615, 1.0166071653366089, -1.3028303384780884, -0.83907151222229, 0.34838050603866577, 0.18103931844234467, -0.9026970267295837, 0.9033871293067932, -0.5212869644165039, -0.2737570106983185, 1.5227593183517456, 1.7532330751419067, -0.37399134039878845, 0.7732865214347839, -0.6119674444198608, 0.6739037036895752, 1.040102481842041, -0.8865642547607422, 2.8279194831848145, -1.2793158292770386, 1.076969861984253, -1.5019140243530273, 0.6021621227264404, 1.4741652011871338]",yunet,Facenet,1920,1080,/home/amos/media/tv/modern_family/Modern.Family.S09.1080p.DSNP.WEB-DL.DDP5.1.H.264-CRFW/Modern.Family.S09E21.The.Escape.1080p.DSNP.WEB-DL.DDP5.1.H.264-CRFW.mkv,Modern Family,2009,1442437,9,21,Adam Devine,212604.0,0.879
923,660,252,954,636,882,420,738,414,0.92,22176,0,"[0.417263001203537, 1.9723807573318481, 0.8221489191055298, -0.7808690071105957, 0.017699960619211197, -0.03741694241762161, -0.11700563132762909, -2.4545371532440186, -0.29271942377090454, -0.410491019487381, 0.6373477578163147, 1.6074483394622803, -0.6884990334510803, -0.6697512865066528, 0.5329188108444214, 1.3746029138565063, -0.7212501764297485, -0.23317082226276398, -1.038236379623413, -0.8466551303863525, -0.41389888525009155, 1.0984010696411133, -1.4559376239776611, -0.683150589466095, 1.4095830917358398, 0.970952570438385, -0.6835118532180786, 1.608237385749817, 1.2541486024856567, 0.5486699342727661, 0.49580466747283936, 0.5744560360908508, -0.9866234660148621, 0.3885839879512787, -0.4994971752166748, 0.24528780579566956, 0.5017694234848022, -1.0359419584274292, -0.5168037414550781, -0.11492002010345459, 0.6172916293144226, 0.32315459847450256, -1.8394993543624878, -0.287273645401001, -0.18498697876930237, -0.48237350583076477, -0.677912175655365, -0.09605316817760468, 1.1464277505874634, 0.8079413175582886, 0.13190770149230957, -1.418009877204895, 0.7875564098358154, 1.1972777843475342, -0.47439953684806824, -0.17146898806095123, 0.03952878713607788, -1.778653621673584, 0.46573588252067566, 1.2953383922576904, -0.040634635835886, -0.8881596326828003, 0.4040815532207489, 0.6045902967453003, 1.1195273399353027, -0.009401321411132812, 0.5020790100097656, 0.5790259838104248, 0.33623597025871277, 0.8337916135787964, -0.4738088846206665, 1.092454433441162, -0.11419573426246643, -0.5540105104446411, 1.4691946506500244, -0.7370239496231079, 1.2125715017318726, 1.715450406074524, 0.28300607204437256, 1.0559921264648438, -1.839212417602539, -0.7770136594772339, -1.0631482601165771, -0.8196890950202942, -0.5187931656837463, 0.5996543169021606, -1.157984733581543, -0.759499728679657, 0.7531231641769409, -0.37723639607429504, 1.7511019706726074, -0.650821328163147, 0.7976714372634888, -2.5848233699798584, 2.1920719146728516, 0.1513659954071045, -0.021442145109176636, 0.24985219538211823, 1.0956358909606934, -1.2142817974090576, 0.7415564060211182, 1.6056318283081055, -0.6105197668075562, -0.7458415031433105, 0.3697698414325714, 1.8263543844223022, -1.2905592918395996, -0.5231164693832397, -0.421132892370224, -0.4090641140937805, -1.083143949508667, 1.3206368684768677, -0.8396327495574951, -0.6812021136283875, 1.9812097549438477, 1.3860316276550293, -0.5067824125289917, 0.17406347393989563, -0.3909241855144501, 1.2744572162628174, 0.3606395125389099, -1.2014234066009521, 3.094423294067383, -1.1232850551605225, 1.1977949142456055, -1.0043905973434448, 0.535487711429596, 1.8857322931289673]",yunet,Facenet,1920,1080,/home/amos/media/tv/modern_family/Modern.Family.S09.1080p.DSNP.WEB-DL.DDP5.1.H.264-CRFW/Modern.Family.S09E21.The.Escape.1080p.DSNP.WEB-DL.DDP5.1.H.264-CRFW.mkv,Modern Family,2009,1442437,9,21,Adam Devine,212604.0,0.809
924,594,198,828,504,774,312,660,312,0.935,22200,0,"[-0.03839073330163956, 1.868693232536316, 0.1907835304737091, -0.6771754622459412, 1.1854848861694336, -0.559493899345398, 0.7066636681556702, -2.4661762714385986, -0.6492877006530762, 0.48982247710227966, -0.20456239581108093, 1.80985426902771, -0.35159778594970703, -1.9212719202041626, 1.2941691875457764, 1.4431021213531494, 0.02965441718697548, 0.348088800907135, -0.35100334882736206, -0.5817738771438599, 0.44311603903770447, 0.7030340433120728, -1.1464961767196655, -0.7637763023376465, 0.2818920314311981, 1.3065214157104492, -0.27471229434013367, 1.5312618017196655, 0.7672820091247559, 0.7266601920127869, 0.3387448489665985, 0.7925348281860352, -0.2184382528066635, -0.14904282987117767, 0.06676890701055527, -0.34371086955070496, 0.5977694392204285, -1.3501101732254028, -0.2692286968231201, -1.281226396560669, -0.5565020442008972, 0.7978671789169312, -2.8018038272857666, -0.3544977009296417, -0.3210581839084625, -0.6496042609214783, -1.1769691705703735, 0.09978650510311127, 0.8908246755599976, 1.0321309566497803, -0.09442900121212006, -1.0317931175231934, -0.028531193733215332, 1.8023451566696167, -0.11881262063980103, 0.7836225628852844, -0.06510089337825775, -2.33636736869812, 0.1858086884021759, 0.9980334043502808, -1.1719976663589478, -0.9966563582420349, 0.9669795036315918, 0.5270442366600037, 1.070917010307312, 0.07567441463470459, 0.725623369216919, 0.9416254758834839, 0.9830982685089111, 1.7749062776565552, -0.5799694657325745, 1.4979233741760254, -0.30465155839920044, -0.4682793617248535, 1.07828688621521, -1.1317822933197021, 0.16221514344215393, 0.011820338666439056, -0.697523295879364, 0.28487545251846313, -1.9929007291793823, -0.684312105178833, -1.6401139497756958, -0.2525181174278259, 0.07293833792209625, 0.44599148631095886, -0.607231616973877, -1.3131905794143677, 0.02474268525838852, 0.3589252531528473, 1.0384736061096191, -0.28445735573768616, 0.362781822681427, -2.3054888248443604, 0.8920026421546936, -0.7448787093162537, 0.6544743180274963, -0.23853182792663574, 0.9530450701713562, -1.0371954441070557, 0.45217353105545044, 1.7779258489608765, -0.6073870658874512, -0.852625846862793, 1.0426361560821533, 1.503944993019104, -1.9425283670425415, -1.4924157857894897, 0.16599959135055542, 0.4283446967601776, -1.4835381507873535, 1.2086321115493774, -1.4218175411224365, 0.08754603564739227, 2.23215389251709, 1.3473238945007324, -1.1970922946929932, -0.024762988090515137, 0.10698114335536957, 1.3311235904693604, 0.920867383480072, -0.7008354663848877, 2.6523172855377197, -0.5985773205757141, 0.7375233769416809, -1.2525060176849365, 0.8265995383262634, 1.933164358139038]",yunet,Facenet,1920,1080,/home/amos/media/tv/modern_family/Modern.Family.S09.1080p.DSNP.WEB-DL.DDP5.1.H.264-CRFW/Modern.Family.S09E21.The.Escape.1080p.DSNP.WEB-DL.DDP5.1.H.264-CRFW.mkv,Modern Family,2009,1442437,9,21,Adam Devine,212604.0,0.765
925,576,144,804,450,756,258,642,264,0.933,22224,0,"[0.09767505526542664, 0.8596359491348267, 1.0600389242172241, -0.8035500049591064, 0.7639632225036621, 0.22719301283359528, -0.38693782687187195, -1.9178192615509033, 0.03689456731081009, 0.6580286622047424, 0.2232486605644226, 1.2039378881454468, -0.5406210422515869, -1.2525787353515625, 0.08383280038833618, 1.8595647811889648, -0.381626158952713, -0.1800878942012787, -0.5032981634140015, -0.22029860317707062, 1.012163519859314, 0.3315867483615875, -0.8134826421737671, -0.48527565598487854, 1.5287084579467773, 1.0957547426223755, -0.6061980724334717, 2.0153770446777344, 0.8985996842384338, 0.28518345952033997, 0.4481036961078644, -0.24218924343585968, -0.2651395797729492, -0.2137526571750641, -1.0040135383605957, 1.1348822116851807, 0.24744701385498047, -0.5689281225204468, -0.9148038029670715, -0.6185672283172607, 0.3485008478164673, 0.7411644458770752, -1.8126052618026733, 0.09670558571815491, -0.511998176574707, 0.09589360654354095, -1.4549707174301147, 0.5186402797698975, 0.41421860456466675, -0.3585895597934723, 0.5275114178657532, -1.0852808952331543, -0.26893362402915955, 0.971865177154541, -0.49459847807884216, 0.8729369044303894, 0.6303345561027527, -1.904345989227295, 0.9158443212509155, 1.2604022026062012, -0.015980783849954605, 0.4207117557525635, 0.05124673247337341, 1.3262734413146973, 1.1778959035873413, -0.3909953832626343, 0.41511663794517517, 0.26353582739830017, 0.6933023929595947, 1.114816665649414, -0.6850617527961731, 1.0836491584777832, -0.6413611769676208, -0.5494831800460815, 2.084796905517578, -0.17242950201034546, 0.5129513740539551, 1.5978771448135376, -0.3472529649734497, 1.140507698059082, -2.096621513366699, -1.0293148756027222, -0.5866457223892212, -0.7449079751968384, -0.431194931268692, 0.32705479860305786, -0.4501481354236603, -0.21981166303157806, 0.4339694082736969, -0.20033495128154755, 1.8324192762374878, -0.4679103493690491, 1.2349971532821655, -1.476377248764038, 1.584331750869751, -0.4076286852359772, 0.36898273229599, -1.1434451341629028, 1.2205138206481934, -0.43789026141166687, 0.6960762143135071, 1.737969160079956, -0.9976730346679688, -1.4288090467453003, 0.4382883310317993, 0.7556287050247192, -1.4615737199783325, -0.984442949295044, 0.516150176525116, 0.0449681431055069, -1.0967973470687866, 0.6317458152770996, -1.1750576496124268, -0.03867601230740547, 2.0762887001037598, 1.8623809814453125, -0.16494952142238617, 1.2209556102752686, -0.5623644590377808, 0.6256840825080872, 1.437196135520935, -0.5950850248336792, 2.3429458141326904, -0.8247488141059875, 1.4707348346710205, -2.1580145359039307, 0.9607601165771484, 1.4243814945220947]",yunet,Facenet,1920,1080,/home/amos/media/tv/modern_family/Modern.Family.S09.1080p.DSNP.WEB-DL.DDP5.1.H.264-CRFW/Modern.Family.S09E21.The.Escape.1080p.DSNP.WEB-DL.DDP5.1.H.264-CRFW.mkv,Modern Family,2009,1442437,9,21,Adam Devine,212604.0,0.865
926,534,174,780,486,720,306,594,306,0.937,22248,0,"[-0.006073527038097382, 1.4017291069030762, 1.3888945579528809, -0.939956784248352, 0.5546883344650269, 0.28466567397117615, -0.6093747019767761, -2.3972327709198, -0.23601603507995605, -0.3065401017665863, 0.40907105803489685, 1.5799394845962524, -0.557841420173645, -0.9008764028549194, 0.18713226914405823, 1.5776686668395996, -0.44622740149497986, -0.3760680556297302, -0.8219662308692932, -0.26824766397476196, 0.39718493819236755, 0.4912319779396057, -0.7739723324775696, -0.6029931902885437, 0.9255297183990479, 1.1403285264968872, -0.5418236255645752, 1.8674975633621216, 0.8382964134216309, 0.3648383319377899, 0.3545090854167938, 0.16150830686092377, 0.005396425724029541, -0.0730220377445221, -0.7120591402053833, 0.3976398706436157, 0.8834202289581299, -1.029543161392212, -0.6032395362854004, 0.12024404853582382, 0.5158935785293579, 0.2825721800327301, -1.981753945350647, 0.015728354454040527, -0.6726563572883606, -0.246700257062912, -1.2100335359573364, 0.5413813591003418, 0.721896767616272, 0.025398634374141693, 1.045992374420166, -1.1011672019958496, 0.43087396025657654, 0.5056121945381165, -0.11232204735279083, 1.0173228979110718, 1.0252506732940674, -2.1488821506500244, 0.6835544109344482, 1.4048576354980469, 0.3630649447441101, -0.44660890102386475, 0.26645758748054504, 1.3877263069152832, 0.6630100607872009, 0.033281464129686356, 1.0609519481658936, 0.5377890467643738, 0.6200891137123108, 1.0576735734939575, -0.9966612458229065, 1.2131367921829224, -0.31596359610557556, -0.3909893035888672, 1.8622121810913086, -0.0646846741437912, 0.9085478782653809, 1.5167890787124634, -0.7924724817276001, 0.5829765796661377, -2.596876859664917, -0.5248593091964722, -0.8772568702697754, 0.03408467024564743, -0.07410851866006851, 0.06626290082931519, -0.4112350046634674, -0.7088237404823303, 0.47269406914711, -0.23318004608154297, 1.1334894895553589, -1.0097078084945679, 1.4722027778625488, -1.9794964790344238, 1.9042798280715942, -0.44567179679870605, 0.8266644477844238, -0.43788084387779236, 0.6435680985450745, -1.2819514274597168, 0.9721395373344421, 0.8884591460227966, -1.0681557655334473, -0.6422535181045532, 0.5002995133399963, 1.0023581981658936, -1.691048264503479, -0.8216383457183838, 0.4614063501358032, 0.18655908107757568, -1.0752551555633545, 1.1258000135421753, -0.8223731517791748, -0.1270444542169571, 1.8007619380950928, 1.6768141984939575, -0.46931716799736023, 0.6422634720802307, -0.5147809982299805, 0.6098001599311829, 1.0887986421585083, -1.0994166135787964, 2.549952983856201, -0.9718554019927979, 1.5925463438034058, -1.8852770328521729, 0.48702266812324524, 1.8808568716049194]",yunet,Facenet,1920,1080,/home/amos/media/tv/modern_family/Modern.Family.S09.1080p.DSNP.WEB-DL.DDP5.1.H.264-CRFW/Modern.Family.S09E21.The.Escape.1080p.DSNP.WEB-DL.DDP5.1.H.264-CRFW.mkv,Modern Family,2009,1442437,9,21,Adam Devine,212604.0,0.881
927,534,186,786,516,720,312,606,312,0.933,22272,0,"[0.5334640145301819, 1.5057960748672485, 1.2223719358444214, -0.624363899230957, -0.0690108984708786, 0.7248108983039856, 0.44132930040359497, -2.193057060241699, -0.37492358684539795, -0.35365307331085205, 1.2091342210769653, 1.5131464004516602, -1.0732507705688477, -0.8106688261032104, 0.12698796391487122, 1.5288958549499512, -0.32369932532310486, -0.24243952333927155, -1.1322640180587769, -0.6138375997543335, 0.16186010837554932, 0.19341664016246796, -0.5591722130775452, -1.146831750869751, 1.0092658996582031, 0.8566928505897522, -0.6854636669158936, 1.6437568664550781, 0.481822669506073, 0.7682226300239563, 0.27203795313835144, 0.11213360726833344, -0.3401062488555908, 0.014567852020263672, -0.09503176063299179, 0.7703953981399536, 0.30062374472618103, -0.736179530620575, -0.7426452040672302, 0.9229189157485962, 0.7721099853515625, 0.2380748689174652, -1.734415054321289, -0.5843202471733093, -0.0027039535343647003, -0.6020078659057617, -0.7945220470428467, 0.7746753692626953, 0.6580272912979126, -0.15488427877426147, 0.7910754680633545, -1.6270408630371094, 0.920513927936554, 0.6223892569541931, -0.21520735323429108, 0.9758878350257874, 1.2579256296157837, -1.1747572422027588, 1.1845430135726929, 0.6506038904190063, 0.08402542024850845, -0.3389827609062195, 0.3864173889160156, 0.9120217561721802, 1.4643936157226562, -0.44984591007232666, 0.9607923030853271, 1.2406139373779297, -0.2625157833099365, 1.1113083362579346, -0.8293147683143616, 1.4238158464431763, -0.01608331874012947, -0.4871932864189148, 1.5994153022766113, -0.2154790461063385, 1.2668864727020264, 2.074402332305908, -0.946006178855896, 0.8680723309516907, -2.293992757797241, -0.8229224681854248, -1.3546613454818726, -1.5690163373947144, -0.366230309009552, 0.12490822374820709, -0.8135583996772766, -0.48518604040145874, 0.8841209411621094, -0.1926407516002655, 1.4351812601089478, -0.5980362892150879, 1.5203919410705566, -2.040147304534912, 1.5937755107879639, -0.4143524169921875, 0.7847047448158264, -0.41660019755363464, 0.9488857388496399, -0.458752304315567, 0.8111349940299988, 0.8218223452568054, -0.8863145112991333, -0.8259883522987366, 0.46810221672058105, 1.2926530838012695, -1.0455107688903809, -0.7489719390869141, 0.7851866483688354, 0.40632617473602295, -1.1082358360290527, 1.788228154182434, -0.6094961166381836, -0.35692712664604187, 1.5861808061599731, 1.372348427772522, -0.3378750681877136, 0.697746217250824, 0.2528741657733917, 0.7208979725837708, 0.518609344959259, -0.8184164762496948, 2.9017653465270996, -1.3249611854553223, 1.813408374786377, -1.105715036392212, 0.3014468252658844, 1.7380038499832153]",yunet,Facenet,1920,1080,/home/amos/media/tv/modern_family/Modern.Family.S09.1080p.DSNP.WEB-DL.DDP5.1.H.264-CRFW/Modern.Family.S09E21.The.Escape.1080p.DSNP.WEB-DL.DDP5.1.H.264-CRFW.mkv,Modern Family,2009,1442437,9,21,Adam Devine,212604.0,0.863
928,534,156,786,480,714,264,594,270,0.933,22296,0,"[0.1470390111207962, 1.2243459224700928, 1.0072734355926514, -0.9995848536491394, 0.6128041744232178, 0.08775673806667328, 0.44263410568237305, -1.85560142993927, -0.4306827783584595, 0.5746519565582275, 0.7581909894943237, 1.1642677783966064, -0.8860237002372742, -1.4542632102966309, -0.5738555192947388, 2.356882333755493, -0.8255739212036133, -0.33894777297973633, -0.6131675243377686, 0.0012572833802551031, 1.4858523607254028, 0.38787660002708435, -0.31723180413246155, -0.3744010925292969, 1.8550633192062378, 0.9884564280509949, -0.5641812086105347, 1.4116017818450928, 0.8624502420425415, 0.6943987607955933, 1.065047264099121, -0.19814763963222504, 0.4905335605144501, 0.3516604006290436, -0.5214887261390686, 0.5088671445846558, 0.482181191444397, -1.1314809322357178, -0.4540935158729553, -0.3861362636089325, -0.2555474042892456, 0.7044839859008789, -2.4202194213867188, 0.24350103735923767, -0.8049971461296082, -0.3546600341796875, -1.3258253335952759, 0.7091012001037598, -0.16453422605991364, -0.254009872674942, 0.6526222825050354, -1.2683205604553223, 0.3059420883655548, 1.2278560400009155, -0.13092300295829773, 0.5400357842445374, 0.9480630159378052, -1.609083890914917, 1.0893524885177612, 1.337205171585083, 0.13018307089805603, -0.20533159375190735, 0.061123281717300415, 0.1306818574666977, 1.3474845886230469, -0.9073520302772522, 0.3664401173591614, 0.9631178379058838, 0.25225311517715454, 1.26799738407135, -0.8580067157745361, 0.9751324653625488, -1.4662067890167236, -0.4785061478614807, 1.6303995847702026, 0.1134452223777771, 1.003426194190979, 2.166614055633545, 0.2338969111442566, 0.7614601254463196, -1.8346822261810303, -0.8125026226043701, -0.6172360181808472, -1.2804932594299316, -0.05727202445268631, 0.9214335680007935, -0.868091344833374, -0.3960733413696289, 0.6551250219345093, 0.07941360026597977, 1.529313087463379, -0.4872259497642517, 0.7515752911567688, -1.6921228170394897, 1.4109711647033691, -0.23632468283176422, 0.039174634963274, -1.8441803455352783, 1.4760899543762207, -0.5926483869552612, 0.2952181100845337, 1.4821727275848389, -1.0099143981933594, -1.5253170728683472, -0.30398693680763245, 0.709603488445282, -1.5115560293197632, -0.5771646499633789, 0.2883051037788391, 0.09786637127399445, -1.5907464027404785, 0.7040316462516785, -0.491362601518631, -0.9473192095756531, 2.1217291355133057, 1.9005615711212158, 0.035399388521909714, 0.40956196188926697, -0.2838854193687439, 0.5858254432678223, 1.7666233777999878, -0.7642556428909302, 2.0652878284454346, -1.1015102863311768, 2.0541832447052, -2.0503995418548584, 0.4883642792701721, 1.1763110160827637]",yunet,Facenet,1920,1080,/home/amos/media/tv/modern_family/Modern.Family.S09.1080p.DSNP.WEB-DL.DDP5.1.H.264-CRFW/Modern.Family.S09E21.The.Escape.1080p.DSNP.WEB-DL.DDP5.1.H.264-CRFW.mkv,Modern Family,2009,1442437,9,21,Adam Devine,212604.0,0.869
929,960,156,1218,504,1116,282,996,282,0.922,22320,0,"[-0.5985621213912964, -1.4008032083511353, -0.3149231970310211, 2.059936285018921, 0.48320066928863525, -0.6956384181976318, 0.5557406544685364, -1.604953646659851, -0.40562766790390015, 3.9365875720977783, -1.3305796384811401, 0.6829336881637573, 0.3669776916503906, 1.1412423849105835, 0.48320695757865906, 0.457511305809021, -0.10906556248664856, -0.29149216413497925, -1.5204111337661743, -0.38664254546165466, -0.01782180368900299, -0.27386972308158875, -0.28200751543045044, 0.8342328667640686, 1.0939427614212036, 1.1735270023345947, 1.45316743850708, -0.6400061249732971, 2.966193914413452, -0.01000960636883974, 1.045151948928833, -0.7522411346435547, -1.1385035514831543, -1.0140681266784668, 1.6575560569763184, -1.7743346691131592, -1.1921881437301636, 1.0820097923278809, 0.1608285903930664, -0.6945818662643433, -0.677192211151123, 0.08883724361658096, 1.3867225646972656, 1.4993611574172974, -0.19600218534469604, -0.4171616733074188, 0.10620705783367157, 0.37115928530693054, 0.5518242716789246, 0.21372079849243164, -0.8739739656448364, 1.1843957901000977, 0.1163371354341507, 0.841555655002594, 0.13866697251796722, -0.6407749652862549, 1.6993324756622314, 0.8675701022148132, 1.0396544933319092, 0.5325682759284973, -0.47096508741378784, 0.6479335427284241, -0.8770594000816345, -0.11415326595306396, 0.23550674319267273, 1.6011122465133667, -0.4502566456794739, -0.014458944089710712, -0.3109501898288727, 0.7268035411834717, -0.8215698599815369, -0.21537229418754578, 0.6769903898239136, 0.17579634487628937, 0.06427213549613953, -1.5477904081344604, 1.167556643486023, -1.4538131952285767, 0.0655914768576622, -0.06953597068786621, -0.5734644532203674, -0.6049590110778809, 1.5933425426483154, 0.3997501730918884, -1.883988618850708, 0.33514803647994995, -1.1446274518966675, -0.38403767347335815, 0.8401981592178345, -1.0091949701309204, -0.47356685996055603, 0.26893484592437744, -0.28351256251335144, -0.7239668369293213, 1.9902399778366089, 0.5395244359970093, 0.4310838580131531, 0.2537194788455963, 0.6315058469772339, -1.613186001777649, -0.4473387598991394, 0.4839402437210083, -1.6642409563064575, 1.4734736680984497, 1.90049147605896, 0.6046079993247986, 0.96053546667099, -0.14067929983139038, 1.9504294395446777, -0.6392156481742859, 1.2690463066101074, 0.08771942555904388, 0.3856865167617798, 0.3768545985221863, -0.18503795564174652, -0.5993196964263916, -0.040581729263067245, 1.3331894874572754, 0.09212376177310944, -0.8647094964981079, 2.0779104232788086, -0.7685827016830444, -0.35362720489501953, -1.0034105777740479, -0.557223379611969, 0.8833802342414856, 2.165205478668213, -1.2303569316864014]",yunet,Facenet,1920,1080,/home/amos/media/tv/modern_family/Modern.Family.S09.1080p.DSNP.WEB-DL.DDP5.1.H.264-CRFW/Modern.Family.S09E21.The.Escape.1080p.DSNP.WEB-DL.DDP5.1.H.264-CRFW.mkv,Modern Family,2009,1442437,9,21,Sarah Hyland,91351.0,0.667
930,972,252,1224,558,1104,372,1014,366,0.916,22344,0,"[-0.1227402538061142, 0.5188363790512085, 0.24175964295864105, 2.216278553009033, 1.90482759475708, -0.3910268247127533, 2.1092467308044434, -1.9078283309936523, -0.890156090259552, 3.2290828227996826, -0.6179276704788208, 0.5721645355224609, -0.07047346979379654, 0.6035676002502441, 0.23778732120990753, -1.320192575454712, 0.7548770904541016, -1.0826858282089233, -1.5283933877944946, -0.11200504750013351, -0.1844090074300766, -0.9185391664505005, 0.5627157688140869, -0.634932816028595, -1.050101399421692, 0.9794595837593079, 0.8958315849304199, -0.27619871497154236, 1.5549139976501465, 0.3877145051956177, -0.12981510162353516, -0.9773487448692322, -1.8753037452697754, -2.042024612426758, 1.2957247495651245, -1.2821671962738037, -1.6458090543746948, 1.006475806236267, -0.12415462732315063, -2.003648042678833, -0.9530251622200012, -0.23288597166538239, 0.3601871132850647, 1.1540687084197998, 0.2384057641029358, -0.1557520627975464, 0.28914394974708557, 0.6667966842651367, -0.8768365979194641, 0.6779825687408447, -0.4115561246871948, 2.0133092403411865, -0.17461031675338745, -0.49421077966690063, -0.6736729741096497, 0.36637693643569946, 1.6821585893630981, 0.9324541687965393, 0.7250378727912903, -0.159569650888443, -1.0059691667556763, 0.042230986058712006, 0.8532392382621765, 0.8069050908088684, -0.46495914459228516, 1.4249138832092285, -0.7329357862472534, 0.028419598937034607, 1.0408108234405518, 1.721287488937378, -0.4000759720802307, -0.4638661742210388, -0.21359650790691376, 0.9860350489616394, -0.14589227735996246, -0.0533582903444767, 0.5962516069412231, -1.7738428115844727, -1.059739351272583, -0.7297546863555908, 0.11232257634401321, 0.8389737606048584, 0.5543758869171143, 0.1111927330493927, -0.9764293432235718, 0.06036671996116638, 0.3794651925563812, -1.4348958730697632, -0.43130725622177124, -1.320644736289978, -1.6685571670532227, 0.14151541888713837, 1.590072512626648, 0.4271252453327179, 1.1908842325210571, -0.22908233106136322, 0.796342670917511, 0.4510369598865509, -0.3779384195804596, -1.222414493560791, -1.8304134607315063, 0.10493027418851852, -0.7947295308113098, 1.278512716293335, 1.2516785860061646, 0.2821475863456726, 0.95891273021698, -0.17685168981552124, 2.043722629547119, 0.3205772340297699, 0.3108135461807251, 1.3205817937850952, -0.19452723860740662, 2.198150396347046, -0.5747791528701782, 0.8615474700927734, -0.9089239835739136, 0.6356780529022217, -0.8140010833740234, 0.06794868409633636, 1.3746448755264282, 0.4775407612323761, -0.31744861602783203, -1.105772852897644, -1.213733434677124, 1.203392744064331, 1.4988415241241455, -1.088736653327942]",yunet,Facenet,1920,1080,/home/amos/media/tv/modern_family/Modern.Family.S09.1080p.DSNP.WEB-DL.DDP5.1.H.264-CRFW/Modern.Family.S09E21.The.Escape.1080p.DSNP.WEB-DL.DDP5.1.H.264-CRFW.mkv,Modern Family,2009,1442437,9,21,Sarah Hyland,91351.0,0.619
931,996,216,1260,564,1152,360,1044,360,0.921,22368,0,"[-0.3681211471557617, -0.2535206079483032, -0.10427252948284149, 2.280090570449829, 2.0905184745788574, -0.34874871373176575, 0.8871248960494995, -2.207117795944214, -0.36126112937927246, 2.85306453704834, -0.967576801776886, 1.8999409675598145, 1.2899843454360962, -0.6829266548156738, 0.05168229714035988, -0.6588212251663208, -0.5276564359664917, -0.3115895390510559, -1.5899289846420288, -0.14233224093914032, 0.557218074798584, -0.07146388292312622, 0.21398961544036865, -0.5384700298309326, -0.7038583159446716, 0.05948758125305176, 0.05910734832286835, -0.7223954200744629, 2.320819616317749, 0.3737160265445709, -0.1990211009979248, -1.236196756362915, -1.651423692703247, -1.58687162399292, 1.9097368717193604, -1.2446846961975098, -2.1516273021698, 0.8284607529640198, -0.6496902108192444, -1.8608821630477905, 0.9444682002067566, 0.7320566177368164, 0.8537189960479736, 1.753258228302002, -0.9176023006439209, -0.49924981594085693, 0.6288940906524658, -0.1393391191959381, -0.5411291718482971, 1.1168409585952759, -1.3752080202102661, 1.6748805046081543, 0.8409394025802612, -0.6759933233261108, 0.28737854957580566, -0.4168679416179657, 0.9711443185806274, -0.27078455686569214, 0.3619706630706787, 0.13709083199501038, -0.19481703639030457, -0.8558208346366882, -0.48079854249954224, -0.2611997425556183, -0.48962774872779846, 1.7463980913162231, -0.4106394648551941, -0.25195837020874023, 0.7489013671875, 0.8415577411651611, 0.03533775731921196, -0.23098981380462646, -0.9773854613304138, 0.910993754863739, 0.9742338061332703, -0.6805287599563599, 0.8490266799926758, -0.5778673887252808, -0.22643661499023438, -0.6944329738616943, 0.5582501292228699, -0.012939207255840302, 0.807081401348114, 0.3522697389125824, -0.23553305864334106, -0.0006644576787948608, -0.1808054894208908, -0.8494715690612793, -0.34234002232551575, -0.5281659364700317, -1.7578144073486328, 0.5815398693084717, 0.749542236328125, 0.3394485116004944, 1.7150768041610718, 0.20044247806072235, 0.34207189083099365, 0.4050787389278412, -0.24697662889957428, -1.845994472503662, -1.0305352210998535, -0.36160793900489807, -1.632678747177124, 1.2723444700241089, 1.435583233833313, 0.6862406730651855, 1.8225364685058594, -0.3488864302635193, 0.9922635555267334, -0.06739845871925354, 1.4071561098098755, 2.175142765045166, 0.05529504269361496, 1.354304552078247, -0.5075782537460327, 0.2359335720539093, -1.031653642654419, 0.2715705633163452, -0.5383687019348145, -0.07174712419509888, 1.9090687036514282, -1.1731290817260742, -0.09837797284126282, -0.966536819934845, -0.7777968645095825, 0.8079288601875305, 0.9352467656135559, -0.23603174090385437]",yunet,Facenet,1920,1080,/home/amos/media/tv/modern_family/Modern.Family.S09.1080p.DSNP.WEB-DL.DDP5.1.H.264-CRFW/Modern.Family.S09E21.The.Escape.1080p.DSNP.WEB-DL.DDP5.1.H.264-CRFW.mkv,Modern Family,2009,1442437,9,21,Sarah Hyland,91351.0,0.74
932,1008,222,1260,564,1182,354,1068,354,0.923,22392,0,"[-0.7930374145507812, -1.5601097345352173, 0.9324425458908081, 2.181352376937866, 2.57895827293396, -0.24082045257091522, 0.9068484902381897, -1.9656983613967896, -0.24584081768989563, 2.0547690391540527, -1.6921145915985107, 1.0447946786880493, 0.84080970287323, 0.08822116255760193, 0.35167545080184937, -0.3994644284248352, -0.14761757850646973, -0.513983964920044, -1.5705292224884033, -0.8612480163574219, -0.46217191219329834, -0.6078951954841614, 0.7192152142524719, -0.28005915880203247, -0.10401029884815216, -0.17232483625411987, 1.3740626573562622, -1.0219519138336182, 1.8750267028808594, 0.5834038257598877, -0.6209828853607178, -1.46450936794281, -1.0672988891601562, -1.1191858053207397, 1.3200606107711792, -0.04191592335700989, -0.9039498567581177, 1.0021778345108032, -0.9251243472099304, -1.03952956199646, 1.815045952796936, -0.41262272000312805, -0.4262019097805023, 2.0188252925872803, -0.837124764919281, -0.5578888058662415, 0.4528377950191498, -0.1018131822347641, -0.5340891480445862, 0.3118063509464264, -2.2384438514709473, 1.7491408586502075, 0.5533879399299622, -0.5414007902145386, 0.394290953874588, 0.3051866292953491, 0.8494616746902466, 0.13768112659454346, 0.8822030425071716, 0.27954697608947754, -0.6156882643699646, -1.3497391939163208, -0.6858903169631958, 0.1968296617269516, -0.9293568730354309, 2.2187745571136475, -0.49824821949005127, 0.5500878095626831, 0.8154188990592957, 0.7604309320449829, -0.18575602769851685, -0.2586633563041687, -0.6920347809791565, 0.9390649199485779, 1.0835438966751099, -0.42998331785202026, 0.16553068161010742, -0.5406904816627502, -0.8709028959274292, -0.336828351020813, -0.5769180059432983, -0.34119686484336853, 0.5270530581474304, 0.9475686550140381, 0.5766933560371399, -0.23522914946079254, 0.5267582535743713, -0.974698007106781, -0.7393516302108765, -0.04160517826676369, -1.7111010551452637, 0.19020968675613403, 0.856216311454773, -0.9217570424079895, 0.4894813299179077, 0.570142388343811, 0.101915642619133, -0.005390452221035957, -0.22806651890277863, -0.7148961424827576, -1.741303563117981, 0.7576535940170288, -2.0091161727905273, 0.5460377335548401, 1.445073127746582, 0.8460559248924255, 0.9941262602806091, -1.4160094261169434, 1.0598933696746826, -0.43597617745399475, 0.6627583503723145, 2.464686632156372, 0.6380478143692017, -0.14778977632522583, -0.2915036380290985, 0.560956597328186, -0.9209960699081421, 0.4443140923976898, -0.5810086131095886, -0.18344025313854218, 2.4174535274505615, -1.6120541095733643, 0.2023233026266098, -1.3878366947174072, -0.8707565665245056, 1.144716501235962, 1.6030359268188477, 1.137320637702942]",yunet,Facenet,1920,1080,/home/amos/media/tv/modern_family/Modern.Family.S09.1080p.DSNP.WEB-DL.DDP5.1.H.264-CRFW/Modern.Family.S09E21.The.Escape.1080p.DSNP.WEB-DL.DDP5.1.H.264-CRFW.mkv,Modern Family,2009,1442437,9,21,Sarah Hyland,91351.0,0.687
933,516,192,804,576,732,342,588,348,0.941,22416,0,"[0.6900680065155029, 1.2246123552322388, 0.8035558462142944, -1.0454879999160767, 0.639313280582428, 0.5510796904563904, -0.06329226493835449, -1.8588790893554688, -0.09377306699752808, -0.390584260225296, 0.4200519025325775, 1.503570556640625, -0.6780644655227661, -0.43137380480766296, 0.2597588300704956, 1.6894030570983887, -0.1241707056760788, 0.26000428199768066, -0.39813581109046936, -0.44111326336860657, 0.1909368336200714, 0.9194126725196838, -0.8608584403991699, -0.9072054624557495, 1.3139562606811523, 1.1640944480895996, -1.0603594779968262, 1.5322030782699585, 1.0272936820983887, 0.6456348299980164, 0.47809308767318726, 0.12819311022758484, -0.5141759514808655, 0.07678509503602982, -0.3049369752407074, 1.0996730327606201, 0.30526241660118103, -0.7026277184486389, -1.2815663814544678, 0.38142597675323486, 0.5303934812545776, 0.4976392388343811, -1.4302093982696533, -0.15376609563827515, 0.07064193487167358, -0.6897137761116028, -1.4221744537353516, 0.5316746234893799, 0.8374757170677185, 0.040199823677539825, 0.6190654635429382, -1.3545284271240234, 0.11609956622123718, 0.820580244064331, -0.8572054505348206, 0.9867463111877441, 0.6203686594963074, -1.859952688217163, 0.8304815292358398, 0.9883589744567871, -0.17489150166511536, 0.09295892715454102, 0.5239174962043762, 1.2184046506881714, 0.8932299017906189, -0.45279461145401, 1.0044445991516113, 0.6604092121124268, 0.41991838812828064, 0.9940793514251709, -0.3830528259277344, 1.6524204015731812, -0.23045873641967773, -0.45442771911621094, 1.6995810270309448, -0.8170973658561707, 1.0249507427215576, 1.097896695137024, -1.0500577688217163, 0.7949641346931458, -2.2371482849121094, -0.5160962343215942, -1.3342602252960205, -0.8387479186058044, -0.34947124123573303, -0.2970936894416809, -0.6985365748405457, -0.7877342700958252, 1.1617099046707153, -0.20321066677570343, 1.181172251701355, -0.6199076771736145, 0.9328640699386597, -1.965103030204773, 1.1275957822799683, -0.5034205913543701, 0.7131114602088928, -0.6849935054779053, 1.3710525035858154, -0.335313081741333, 1.2174408435821533, 1.2736694812774658, -0.7375718951225281, -1.1213245391845703, 0.5223736763000488, 1.3692013025283813, -1.293131709098816, -1.1582940816879272, 0.6250266432762146, -0.06573673337697983, -0.7903596758842468, 1.5025169849395752, -0.7699979543685913, -0.009574159979820251, 2.4541094303131104, 1.119596242904663, 0.0790020301938057, 0.8041870594024658, -0.3363293707370758, 0.6136860251426697, 1.076185941696167, -0.2765653729438782, 2.797086477279663, -1.004601001739502, 1.266822099685669, -1.3520630598068237, 0.2867715060710907, 1.3680604696273804]",yunet,Facenet,1920,1080,/home/amos/media/tv/modern_family/Modern.Family.S09.1080p.DSNP.WEB-DL.DDP5.1.H.264-CRFW/Modern.Family.S09E21.The.Escape.1080p.DSNP.WEB-DL.DDP5.1.H.264-CRFW.mkv,Modern Family,2009,1442437,9,21,Adam Devine,212604.0,0.844
934,552,204,834,570,768,354,642,354,0.942,22440,0,"[0.7232570648193359, 1.4869823455810547, 1.071655035018921, -1.0507439374923706, 0.39801284670829773, 0.20948942005634308, -0.38950294256210327, -2.2755329608917236, -0.20239689946174622, -0.2596409022808075, 0.6844699382781982, 1.5751709938049316, -1.0519671440124512, -0.3612510561943054, 0.38651034235954285, 1.5960068702697754, 0.11066155135631561, 0.03586595505475998, -0.8033179640769958, -0.40863269567489624, 0.1863483190536499, 0.5333074927330017, -0.8284303545951843, -0.8523152470588684, 1.2473249435424805, 0.769180417060852, -0.9791831970214844, 2.1067757606506348, 0.8252173662185669, 0.9119717478752136, 0.5457539558410645, -0.05646609142422676, -0.47372668981552124, 0.26175668835639954, -0.29988425970077515, 1.437496304512024, -0.11449465900659561, -1.1296569108963013, -1.532555341720581, 0.8325691223144531, 0.531411349773407, -0.08929888159036636, -1.5499602556228638, -0.14677822589874268, 0.6106094121932983, -0.7022515535354614, -1.1487998962402344, 0.6423571109771729, 0.9290698170661926, -0.10823260247707367, 0.5533061027526855, -1.8073539733886719, 0.2626938223838806, 0.27753669023513794, -0.8445985913276672, 0.9558210968971252, 0.6477195024490356, -1.4344209432601929, 1.1949489116668701, 1.0061885118484497, -0.021915163844823837, 0.08004412055015564, 0.39018696546554565, 1.2139487266540527, 0.8481927514076233, -0.4045613408088684, 0.884613037109375, 0.5021969676017761, 0.7290709614753723, 0.8348838090896606, -0.44187530875205994, 1.0963385105133057, 0.2691015303134918, -0.4038318395614624, 1.6793067455291748, -0.6232736110687256, 1.7864415645599365, 1.188148021697998, -0.7578803896903992, 0.8286462426185608, -2.326550006866455, -0.48808005452156067, -1.0489501953125, -1.0452651977539062, -0.1401146948337555, -0.24826067686080933, -0.7670966982841492, -0.7306600213050842, 1.4226319789886475, -0.014295749366283417, 1.0779949426651, -0.40461474657058716, 1.130728006362915, -1.7800689935684204, 1.5500478744506836, -0.7535309195518494, 0.5186763405799866, -0.4178389012813568, 1.0104894638061523, 0.12023264914751053, 1.1473878622055054, 1.4367533922195435, -0.5627755522727966, -1.0055341720581055, 0.44554322957992554, 1.2405120134353638, -0.728888750076294, -0.5965970754623413, 0.34865909814834595, -0.262594074010849, -0.752008855342865, 1.8199362754821777, -1.0760278701782227, 0.09522362798452377, 2.4101145267486572, 1.4097191095352173, 0.7296024560928345, 0.9983735680580139, -0.3608843982219696, 0.7585701942443848, 1.3348569869995117, -0.1476033627986908, 2.6541428565979004, -1.5790181159973145, 1.2762744426727295, -1.3622089624404907, 0.25380706787109375, 1.4537625312805176]",yunet,Facenet,1920,1080,/home/amos/media/tv/modern_family/Modern.Family.S09.1080p.DSNP.WEB-DL.DDP5.1.H.264-CRFW/Modern.Family.S09E21.The.Escape.1080p.DSNP.WEB-DL.DDP5.1.H.264-CRFW.mkv,Modern Family,2009,1442437,9,21,Adam Devine,212604.0,0.822
935,912,204,1236,618,1122,360,966,360,0.937,22464,0,"[-1.4667237997055054, -1.6268436908721924, 0.8074133396148682, 1.1558711528778076, 2.4453108310699463, 0.07750391960144043, 1.0532076358795166, -1.9574798345565796, -1.393873929977417, 2.3850793838500977, -1.6710476875305176, 0.6008438467979431, 0.5246822834014893, 0.44320693612098694, 0.4784327745437622, 0.5470086932182312, 0.23258012533187866, -1.761121153831482, -0.8752961158752441, -0.7071343660354614, -0.7032853364944458, -0.35442087054252625, 0.4043492078781128, -0.1178038939833641, -0.08504986763000488, 0.5927110910415649, 1.6892281770706177, -0.27672678232192993, 1.540622591972351, 0.7071125507354736, 0.19091367721557617, -1.7038965225219727, -1.0771939754486084, -0.7485995292663574, 0.8392214775085449, 0.47939980030059814, -0.3184415102005005, 1.1284708976745605, -0.248247891664505, -0.8975871801376343, 0.8552456498146057, -0.3902074992656708, -0.6122153997421265, 2.0738584995269775, -0.03396584093570709, -0.9555016756057739, 0.3518398404121399, 0.6517695188522339, -1.2474108934402466, -0.14195308089256287, -3.021731376647949, 2.831216812133789, -0.21355420351028442, 0.7211034893989563, -1.130021095275879, 0.8353762626647949, 1.8084384202957153, 0.48929059505462646, 1.131819725036621, 0.3615715205669403, -0.472772479057312, -0.6877021193504333, -0.25951632857322693, 0.7723764181137085, -1.201784610748291, 1.6617275476455688, 0.2828843593597412, 0.6180893182754517, -0.007327130064368248, 1.1569077968597412, -0.5153531432151794, 0.2020951211452484, -0.9959113001823425, 0.91801518201828, 0.6885964274406433, 0.20240695774555206, -0.13787344098091125, -1.2325457334518433, -1.134783148765564, -0.14873747527599335, -0.9918304681777954, 0.31600770354270935, 0.16086497902870178, 1.4444334506988525, 0.21818047761917114, -0.42928624153137207, 0.8143804669380188, -0.5170746445655823, -0.6452726125717163, -0.45761555433273315, -1.9736262559890747, -1.2646757364273071, 1.6036667823791504, -1.1286494731903076, 0.7744180560112, 0.29107075929641724, -0.1716640144586563, -0.5902754664421082, 0.5313242077827454, -0.10050497204065323, -0.9664785861968994, 0.49615418910980225, -2.400928497314453, 0.7136819362640381, 1.3040039539337158, 1.0280896425247192, -0.4377284049987793, -1.1358615159988403, 2.201781988143921, -0.32413509488105774, 0.29491686820983887, 1.1643785238265991, 1.3135203123092651, 0.6375296711921692, -0.05457478016614914, 0.3008952736854553, -1.0503008365631104, 0.4168109595775604, -1.1953264474868774, -0.17229950428009033, 3.185149669647217, -0.3542231023311615, -0.15722954273223877, -1.483824372291565, -0.0983605831861496, 0.8474279046058655, 2.91278338432312, 0.22469346225261688]",yunet,Facenet,1920,1080,/home/amos/media/tv/modern_family/Modern.Family.S09.1080p.DSNP.WEB-DL.DDP5.1.H.264-CRFW/Modern.Family.S09E21.The.Escape.1080p.DSNP.WEB-DL.DDP5.1.H.264-CRFW.mkv,Modern Family,2009,1442437,9,21,Sarah Hyland,91351.0,0.644
936,942,216,1266,624,1146,384,996,390,0.932,22488,0,"[-0.4962005913257599, -0.8683949708938599, 0.21446040272712708, 1.8111035823822021, 1.8662232160568237, 0.3715492784976959, 0.6754490733146667, -2.4696953296661377, -0.24271148443222046, 2.955246686935425, -1.9428470134735107, 0.9959027767181396, 0.3771008849143982, 0.07605651021003723, 0.6690176725387573, -0.1006823182106018, -0.690852165222168, -0.8126975297927856, -1.215598702430725, -0.3208605945110321, -0.16355890035629272, -0.09371652454137802, 0.4389844536781311, 0.398454874753952, -0.051691409200429916, 0.43437138199806213, 1.3394598960876465, -1.5228923559188843, 2.0755503177642822, 1.245278239250183, -0.11602020263671875, -1.145175814628601, -2.011554002761841, -0.9457589387893677, 1.3228508234024048, -0.4720055162906647, -0.554053783416748, 1.0328611135482788, -0.6524491310119629, -0.7436710596084595, 1.127554178237915, -0.3369632959365845, 0.15253789722919464, 2.012735366821289, -0.5869134068489075, -0.620378315448761, 0.8401074409484863, -0.14372743666172028, -0.6799413561820984, 0.4055766463279724, -2.5145394802093506, 1.3207963705062866, 0.5182995200157166, 0.4634737968444824, -1.033862829208374, -0.3794303238391876, 1.2440803050994873, 0.01922345533967018, 0.7533427476882935, 0.3971615135669708, -0.5054141283035278, -0.7371448874473572, -0.6320062875747681, -0.3121606409549713, -0.8885449767112732, 1.7634825706481934, 0.28904810547828674, 0.6670541167259216, 0.3341419994831085, 0.872888445854187, 0.0957840085029602, 0.07482744753360748, -0.42929530143737793, 1.0892194509506226, 0.9360413551330566, -0.5871747136116028, 0.7386602163314819, -1.0047729015350342, -1.2865785360336304, -0.3407719135284424, -0.5700481534004211, -0.7085292339324951, 0.290782630443573, 1.3810676336288452, -0.2438843548297882, -0.13096292316913605, 0.25048714876174927, -0.9852859973907471, -0.1446555256843567, -0.7583438158035278, -1.4513516426086426, -1.0639514923095703, 0.9506433010101318, -1.0529758930206299, 0.7678531408309937, 0.8576384782791138, 0.04443735629320145, 0.2229101061820984, 0.31769493222236633, -1.1388893127441406, -1.0961475372314453, 0.35845282673835754, -1.9509962797164917, 0.41447409987449646, 1.2926137447357178, 0.5198689699172974, 0.040525779128074646, -0.8905588388442993, 2.036057710647583, -0.16270148754119873, 1.060302734375, 1.1503775119781494, 0.6774111986160278, 0.34670254588127136, -0.32879146933555603, 0.11937558650970459, -1.5460026264190674, 0.28871047496795654, -1.105857253074646, 0.41327905654907227, 2.565434217453003, -1.5202534198760986, -0.17391714453697205, -1.4135819673538208, -0.7181554436683655, 1.0896931886672974, 2.1402587890625, 0.37206563353538513]",yunet,Facenet,1920,1080,/home/amos/media/tv/modern_family/Modern.Family.S09.1080p.DSNP.WEB-DL.DDP5.1.H.264-CRFW/Modern.Family.S09E21.The.Escape.1080p.DSNP.WEB-DL.DDP5.1.H.264-CRFW.mkv,Modern Family,2009,1442437,9,21,Sarah Hyland,91351.0,0.712
937,942,198,1260,624,1140,384,996,384,0.93,22512,0,"[-0.30776506662368774, -0.44721630215644836, 0.42531532049179077, 1.4986708164215088, 2.1865456104278564, 0.1758977621793747, 1.6966825723648071, -2.3143978118896484, -0.19736620783805847, 2.585047960281372, -1.2470234632492065, 1.3405500650405884, 1.1556850671768188, -0.5255581736564636, 0.29522621631622314, -0.23399248719215393, -0.881690502166748, -0.6043846607208252, -1.3287427425384521, -0.8692554235458374, -0.05553638935089111, -0.12065114825963974, 0.7150940299034119, -0.5025637149810791, -0.984282374382019, 0.04278893023729324, 1.0722947120666504, -1.5697838068008423, 1.4270097017288208, 1.4427047967910767, 0.1498153805732727, -1.7753340005874634, -1.4630728960037231, -0.9659278988838196, 1.3693063259124756, -1.280709981918335, -0.7739065289497375, 1.170256495475769, -0.20757290720939636, -0.7037156820297241, 1.2882249355316162, -0.41210371255874634, 0.1634119153022766, 1.9552292823791504, -0.9718057513237, -0.2752026617527008, 1.528429627418518, -0.778704047203064, -0.8024689555168152, 0.10716186463832855, -3.3267722129821777, 2.0160279273986816, -0.2432204782962799, -0.09122776985168457, -0.2604568600654602, -0.14935795962810516, 1.4457764625549316, 1.1010472774505615, 0.24311241507530212, -0.6192586421966553, -0.4139018952846527, -1.2591720819473267, -0.2519225478172302, -0.25906091928482056, -0.6813304424285889, 1.9437618255615234, -0.5765311121940613, 1.0286271572113037, 0.24195817112922668, 0.44150033593177795, 0.10713335126638412, 0.1770981252193451, -0.5360333919525146, 0.8944880962371826, 0.4731143116950989, -0.06330682337284088, -0.07317318022251129, -1.003456950187683, -0.9189748167991638, -0.7536285519599915, -0.10132946074008942, -0.6923196315765381, 0.912290632724762, 1.279103398323059, -0.025339409708976746, -0.14226733148097992, 0.07307928800582886, -0.414983868598938, -0.8651577234268188, -0.19353704154491425, -1.791542410850525, -1.066781997680664, 1.602937936782837, -0.9703896641731262, 0.9038349986076355, 0.7358323931694031, -0.23242193460464478, 0.6378825306892395, 0.20030076801776886, -1.679629921913147, -1.5635132789611816, 0.4197852313518524, -1.8238698244094849, 0.8660989999771118, 1.2015979290008545, 1.1140557527542114, 0.44709721207618713, -0.47310158610343933, 1.2972488403320312, -0.3199133276939392, 0.9906745553016663, 1.9656003713607788, 0.86002516746521, 0.27890872955322266, -0.3797825574874878, 0.6422438621520996, -1.6152516603469849, -0.10356864333152771, -0.10908805578947067, 0.055295590311288834, 1.9240777492523193, -0.529895544052124, -0.2564570903778076, -1.084737777709961, -0.8741317987442017, 0.6671886444091797, 0.9921427369117737, 0.3552466630935669]",yunet,Facenet,1920,1080,/home/amos/media/tv/modern_family/Modern.Family.S09.1080p.DSNP.WEB-DL.DDP5.1.H.264-CRFW/Modern.Family.S09E21.The.Escape.1080p.DSNP.WEB-DL.DDP5.1.H.264-CRFW.mkv,Modern Family,2009,1442437,9,21,Sarah Hyland,91351.0,0.568
938,930,198,1254,612,1134,360,984,360,0.925,22536,0,"[-0.7598522901535034, -0.7464007139205933, -0.38108161091804504, 1.8222064971923828, 0.7947723269462585, -0.031172383576631546, 0.1683407574892044, -1.9553017616271973, -1.4269777536392212, 3.628021240234375, -1.750054955482483, 1.8822544813156128, 0.2402598112821579, 0.35418978333473206, -0.005563125014305115, 0.09264494478702545, -0.22583022713661194, -0.12444870918989182, -0.7752630710601807, 0.8578352928161621, 0.20048177242279053, 0.09842196851968765, 1.273119568824768, -0.42000603675842285, 0.2397693246603012, 0.35585978627204895, 0.9600620269775391, -0.895210325717926, 2.325892686843872, 1.0161685943603516, 0.14036603271961212, -1.0409116744995117, -1.0349377393722534, -1.030837059020996, 1.9053913354873657, -1.2000237703323364, -0.81175297498703, 1.6318151950836182, -0.6974182724952698, -0.7132283449172974, -0.28968438506126404, 0.4092271029949188, 0.5625615119934082, 1.9777047634124756, -0.13999773561954498, -1.1703413724899292, 0.2184051275253296, 0.4246669411659241, -0.48940354585647583, 0.6768589019775391, -1.4833569526672363, 1.7938069105148315, 0.7773646712303162, 0.4050459861755371, -1.0667227506637573, -0.1384517252445221, 0.3694095015525818, 1.20995032787323, -0.3030858635902405, -0.07151864469051361, 0.28716152906417847, -0.07677352428436279, -1.2514359951019287, -0.317210853099823, -0.893397867679596, 1.2736834287643433, 0.10598166286945343, 1.1946662664413452, 0.7496619820594788, 0.8674428462982178, 0.06887659430503845, -0.26156437397003174, -0.41453078389167786, 0.9370817542076111, 1.348520040512085, -1.2033107280731201, 1.6952412128448486, -1.3542664051055908, -0.8000813126564026, -0.8979396224021912, 0.01893295720219612, -0.24251821637153625, 0.731497585773468, 1.7010422945022583, -1.0586568117141724, 0.808763861656189, 0.4582050144672394, -1.3471465110778809, -0.6109113693237305, -1.201932430267334, -2.3125524520874023, -0.9231410622596741, 0.9118949174880981, -0.472231924533844, 1.4077244997024536, 0.04958304762840271, 0.5325608849525452, -0.13359127938747406, 0.5207087397575378, -1.0247492790222168, -1.1116893291473389, 1.2785000801086426, -1.5344195365905762, 0.9956806302070618, 0.9666170477867126, -0.03370203822851181, 0.9267818927764893, -1.02202570438385, 1.5705630779266357, -0.6105589866638184, 0.8817165493965149, 1.5970138311386108, 0.4263131320476532, 0.874203622341156, -0.3544465899467468, 0.5604526996612549, -1.4707834720611572, 0.8873590230941772, -1.1087225675582886, -0.13898685574531555, 2.233787775039673, -0.9877316951751709, -0.47039467096328735, -0.9910822510719299, -0.26318061351776123, 0.8117077350616455, 1.504042387008667, 1.1115823984146118]",yunet,Facenet,1920,1080,/home/amos/media/tv/modern_family/Modern.Family.S09.1080p.DSNP.WEB-DL.DDP5.1.H.264-CRFW/Modern.Family.S09E21.The.Escape.1080p.DSNP.WEB-DL.DDP5.1.H.264-CRFW.mkv,Modern Family,2009,1442437,9,21,Sarah Hyland,91351.0,0.71
939,744,384,882,570,852,456,792,456,0.928,22560,0,"[-0.4442300498485565, 0.8218897581100464, 2.6333425045013428, -0.39291566610336304, 0.9817809462547302, -0.05632029473781586, 3.075298309326172, 0.7785663604736328, 0.24015125632286072, -0.24035175144672394, 2.016818046569824, -0.9298369884490967, 0.5867791771888733, -0.4331657588481903, -0.13904525339603424, 0.39154714345932007, -0.02954655885696411, -2.3119313716888428, -0.9716707468032837, -0.03256172314286232, -1.9964587688446045, 1.471369743347168, -2.042529344558716, 1.056593418121338, -2.32222056388855, 1.6796255111694336, 1.27721107006073, -0.19958752393722534, 0.01655784621834755, 2.066756010055542, 1.0865275859832764, -1.4469600915908813, 0.3965568542480469, 0.07852280884981155, 1.443018913269043, 0.9954013228416443, -1.3225196599960327, -0.33940649032592773, 0.37981632351875305, 0.24439144134521484, -0.7189555764198303, -0.866686999797821, -1.5445356369018555, 1.241798996925354, -0.0870785340666771, -1.116460919380188, 0.4631384313106537, 0.3074081838130951, -0.3825593590736389, -0.8262839317321777, 1.7892824411392212, 1.4694600105285645, 0.3072609305381775, -1.209284782409668, -0.5552148222923279, 0.06820177286863327, 1.9535256624221802, 0.43110302090644836, -1.0509581565856934, -0.6396156549453735, -2.032642364501953, -0.08102059364318848, 1.060940146446228, -0.43855950236320496, 0.7756245732307434, -0.04025639593601227, -0.6249513030052185, 0.40329045057296753, -0.23204416036605835, 2.4295554161071777, 1.7528581619262695, -1.2120838165283203, -0.7579472064971924, -0.2360704243183136, -1.819579005241394, 1.0691239833831787, -1.9208908081054688, -0.4098413586616516, -0.46077534556388855, 1.0180797576904297, 1.0439528226852417, -0.3632248342037201, 1.0454075336456299, -0.2900026738643646, 0.9810789823532104, -0.3415544927120209, 0.7536295652389526, 1.3474863767623901, 0.1485804170370102, -1.1899664402008057, -1.3358433246612549, 0.5700621604919434, 0.5431570410728455, 0.9682311415672302, 0.17762508988380432, 0.3956599533557892, -0.29863011837005615, -0.5754140615463257, 0.5712673664093018, 0.14511728286743164, 0.10352157056331635, -0.12116150557994843, -1.6125844717025757, 0.8552448749542236, -1.3276423215866089, 1.9914790391921997, -0.5156412720680237, -0.2618403434753418, 0.87621009349823, 0.24619008600711823, -0.5620981454849243, -0.3450855612754822, 0.9307243824005127, 0.18095992505550385, 0.46169084310531616, 0.637975811958313, 0.9121965169906616, -2.093940496444702, 0.9694837331771851, -1.2190418243408203, 1.16363525390625, 0.8192023038864136, -0.894982635974884, -2.061819553375244, 0.6322027444839478, 0.8053410649299622, -0.10944683849811554, -1.3292651176452637]",yunet,Facenet,1920,1080,/home/amos/media/tv/modern_family/Modern.Family.S09.1080p.DSNP.WEB-DL.DDP5.1.H.264-CRFW/Modern.Family.S09E21.The.Escape.1080p.DSNP.WEB-DL.DDP5.1.H.264-CRFW.mkv,Modern Family,2009,1442437,9,21,Jessica McKenna,1320260.0,0.662
940,120,318,300,570,288,414,222,414,0.927,22560,1,"[0.5633372068405151, 1.2435945272445679, 1.9051460027694702, -1.7366788387298584, -0.3284580111503601, -0.5830003619194031, 1.2618008852005005, -3.131173849105835, -1.5431987047195435, -0.04356060177087784, 1.1317788362503052, 1.3726271390914917, 0.3046436309814453, -1.100787878036499, 0.05783190578222275, 1.8045622110366821, -0.1652124524116516, -0.9323009848594666, -0.874514102935791, 0.015756167471408844, 0.6877614259719849, 0.474366694688797, -0.5652139186859131, -1.093243956565857, 0.6636720299720764, 0.8164794445037842, 0.14070962369441986, 1.4525737762451172, 0.33063995838165283, 0.8650253415107727, 0.5150827765464783, 0.6466962695121765, -0.04032636433839798, 0.47859108448028564, -0.5888432860374451, 0.9050501585006714, 0.31686660647392273, -1.5368274450302124, -0.19829222559928894, -0.15677888691425323, 0.13634051382541656, 0.6320376396179199, -2.7782719135284424, -0.49339714646339417, 0.19894827902317047, -1.106682538986206, -1.3249772787094116, 0.415104478597641, 1.2772772312164307, 0.03944447264075279, 1.0858168601989746, -1.9320379495620728, -0.040515780448913574, 0.07820455729961395, -0.5495721101760864, 0.24575334787368774, -0.38168278336524963, -1.174120545387268, 0.6694844961166382, 0.8936142325401306, -0.15807223320007324, -1.0813297033309937, 0.28109967708587646, -0.12055477499961853, 0.28688398003578186, -0.6259377002716064, 0.81584233045578, 0.18101967871189117, 0.8633148670196533, 1.9105902910232544, -1.0516670942306519, 1.5831063985824585, 0.35236749053001404, -1.270472764968872, 1.5968815088272095, -0.7061148881912231, 0.7372980117797852, 1.1896275281906128, 0.004530981183052063, 0.2938838005065918, -2.3670473098754883, 0.0552997812628746, -1.2748992443084717, -0.7375999689102173, -0.08004013448953629, 1.2180553674697876, -0.3858465552330017, -1.3672558069229126, 1.0003409385681152, 0.395932674407959, 1.2238861322402954, 0.43393227458000183, 1.094487190246582, -1.2384092807769775, 2.0635695457458496, -0.07400987297296524, 0.7629132866859436, -0.6604125499725342, 1.5220386981964111, -0.5201988816261292, 1.496771216392517, 1.6429442167282104, -0.18551361560821533, -1.3457201719284058, 0.33820369839668274, 1.4308733940124512, -0.9358057975769043, 0.2681717872619629, -0.6205480694770813, -0.4080696702003479, -1.1594889163970947, 1.3838411569595337, -0.6965231895446777, -0.5964533686637878, 2.5293447971343994, 2.5430612564086914, 0.1732008159160614, 0.2724316120147705, -1.3280149698257446, 0.7566711902618408, 0.9953863024711609, -0.6853175163269043, 2.3638482093811035, -1.4259840250015259, 0.8984951972961426, -1.4499455690383911, -0.5532346963882446, 0.8894376158714294]",yunet,Facenet,1920,1080,/home/amos/media/tv/modern_family/Modern.Family.S09.1080p.DSNP.WEB-DL.DDP5.1.H.264-CRFW/Modern.Family.S09E21.The.Escape.1080p.DSNP.WEB-DL.DDP5.1.H.264-CRFW.mkv,Modern Family,2009,1442437,9,21,Adam Devine,212604.0,0.81
941,1176,66,1398,342,1320,174,1230,174,0.92,22560,2,"[-0.6190420389175415, -0.0895933210849762, -0.026431629434227943, 1.0784580707550049, 0.2705495357513428, 0.5216030478477478, 1.4109234809875488, -1.3356096744537354, 0.6582950949668884, 1.0225473642349243, 1.2107536792755127, -0.6397854685783386, 0.5968995690345764, -0.448893278837204, -0.08777779340744019, -0.31254076957702637, -0.8247466087341309, -1.4329663515090942, -2.2208938598632812, -0.14829964935779572, 2.1316347122192383, -1.3843789100646973, 1.067867636680603, -0.17341312766075134, 2.5136284828186035, -0.0551271066069603, 1.1189796924591064, -0.2035512924194336, 0.22020241618156433, -0.9316676259040833, 1.1736019849777222, 0.3102066218852997, 2.1194586753845215, -0.38605430722236633, 0.47514963150024414, -1.1521055698394775, 0.6216244697570801, -0.22294414043426514, 0.7018899321556091, 0.8333755731582642, 1.7312970161437988, 2.267568349838257, 0.7773205041885376, -0.4775882363319397, -2.0245871543884277, 1.7022831439971924, -1.0537503957748413, 0.7329826354980469, -0.4979683756828308, 0.8200626373291016, -0.8270534873008728, -0.9677389860153198, 0.9171485900878906, 0.6632083058357239, 0.7699333429336548, 0.9855779409408569, 0.7904583215713501, 0.8110770583152771, 1.3022459745407104, -1.8076814413070679, 1.370713472366333, -0.9236361384391785, -0.6939058899879456, 1.0791467428207397, 0.039921898394823074, -1.5423301458358765, -2.076662063598633, 0.4627835154533386, 0.5573039650917053, -1.4507185220718384, -2.1714022159576416, 0.9479365348815918, -0.6074170470237732, -0.7520129680633545, -1.8702458143234253, -1.224094271659851, 3.0658116340637207, 1.3530346155166626, -0.24360784888267517, 0.6338650584220886, -1.5631836652755737, -1.284460425376892, 1.1962499618530273, -0.3878472149372101, -0.007837243378162384, -0.48755204677581787, 1.8914169073104858, -0.7618166208267212, -1.2448092699050903, 0.0927594006061554, -0.5138958692550659, -0.3467359244823456, 0.5976747870445251, 0.9155597686767578, 1.6992275714874268, -0.6882171630859375, 0.47765523195266724, -0.8556817770004272, -1.4489343166351318, -1.4217231273651123, -0.6586928963661194, 0.8146811723709106, 0.06469552963972092, 1.19123375415802, -0.40231654047966003, 0.41649675369262695, 0.15988585352897644, -1.372327208518982, -0.21005123853683472, 0.019460642710328102, 1.404968500137329, -0.8080164194107056, 0.9819188117980957, 1.029325246810913, -0.6626765727996826, 2.186182975769043, 0.2728451192378998, 0.34888625144958496, 0.9828110337257385, 0.06704562902450562, -0.10830168426036835, -0.05907497555017471, 1.2069711685180664, -0.07101894170045853, -0.6539027690887451, -0.4483519494533539, 0.7484220862388611, 2.451343536376953]",yunet,Facenet,1920,1080,/home/amos/media/tv/modern_family/Modern.Family.S09.1080p.DSNP.WEB-DL.DDP5.1.H.264-CRFW/Modern.Family.S09E21.The.Escape.1080p.DSNP.WEB-DL.DDP5.1.H.264-CRFW.mkv,Modern Family,2009,1442437,9,21,Reid Ewing,967692.0,0.616
942,1020,144,1242,432,1182,258,1080,258,0.936,22584,0,"[0.019474327564239502, 0.8210690021514893, 0.5705657601356506, 0.5622816681861877, 0.24283777177333832, -0.3516145646572113, 0.8859044909477234, -1.265300989151001, -0.6958187222480774, 1.134775161743164, -0.08193941414356232, -0.3757936656475067, 0.12078027427196503, 0.0010573193430900574, -0.013763085007667542, 0.11008915305137634, -0.8492264747619629, -1.405794620513916, -0.6919079422950745, -0.2533782720565796, 1.5660810470581055, -0.018655676394701004, 1.0013617277145386, -0.33087530732154846, 1.7623027563095093, 0.2023274302482605, 1.3220515251159668, -0.285357803106308, 0.6685933470726013, -0.9952967166900635, 0.057121165096759796, 1.1686896085739136, 1.5091487169265747, -0.16587546467781067, 0.560955286026001, -1.1551835536956787, 1.5121135711669922, -0.18693676590919495, 1.139028549194336, -0.26391667127609253, 1.1311689615249634, 2.4271135330200195, -0.03876897692680359, -0.5209807753562927, -1.954569935798645, 2.1169180870056152, -1.089565634727478, -0.030417725443840027, -1.33549165725708, 2.2635834217071533, -1.5421148538589478, 0.16985857486724854, 1.580705165863037, 1.052309274673462, 0.6178463697433472, 0.5710879564285278, 0.20958924293518066, 0.5191429853439331, 1.0514392852783203, -1.6999731063842773, 1.3627997636795044, -1.4612984657287598, -0.5965395569801331, 1.181051254272461, -1.1025193929672241, -0.666309118270874, -0.7270461916923523, -0.2732138931751251, 0.7509554624557495, -0.5589855909347534, -1.8566641807556152, 0.38389602303504944, -0.43121960759162903, -0.2160417139530182, -1.5128458738327026, -0.7676336169242859, 1.8888789415359497, 1.049925446510315, 0.3899089992046356, -0.39138078689575195, -0.6976535320281982, -0.5269792079925537, 0.6521144509315491, 0.6780195832252502, 0.912827730178833, -0.48184603452682495, 2.1640796661376953, -1.0547678470611572, -1.261250615119934, 0.15889175236225128, -1.6587707996368408, 0.2022021859884262, 0.43921616673469543, 0.1652163565158844, 1.7724882364273071, -0.9599606394767761, 0.39365726709365845, -1.1945348978042603, -1.0365076065063477, -1.8772788047790527, -1.6062171459197998, 1.2323442697525024, -0.45598310232162476, 0.519465446472168, 0.3049258887767792, 0.4189898371696472, -0.1575232595205307, 0.3556075096130371, -0.4576250910758972, 0.20785175263881683, 1.1124894618988037, -0.8831555843353271, 0.7931568622589111, 1.7609424591064453, -1.1164988279342651, 2.331394672393799, -0.3910052180290222, -0.5334964394569397, -0.08699121326208115, 0.061321552842855453, -0.08778369426727295, -0.7465269565582275, 0.3201940059661865, -0.08029936999082565, 0.11389388889074326, -0.3435661196708679, 1.102327823638916, 1.7967766523361206]",yunet,Facenet,1920,1080,/home/amos/media/tv/modern_family/Modern.Family.S09.1080p.DSNP.WEB-DL.DDP5.1.H.264-CRFW/Modern.Family.S09E21.The.Escape.1080p.DSNP.WEB-DL.DDP5.1.H.264-CRFW.mkv,Modern Family,2009,1442437,9,21,Reid Ewing,967692.0,0.736
943,204,504,372,720,336,582,264,582,0.923,22584,1,"[0.8034718036651611, 1.5627096891403198, 1.6647958755493164, -0.8271609544754028, -0.4685191512107849, 0.0750584602355957, 0.3695230185985565, -2.643754005432129, -1.049800157546997, -0.4422290027141571, 0.7576005458831787, 1.9664714336395264, 0.1995125263929367, -0.7097512483596802, -0.0942133367061615, 1.7892637252807617, 0.17415156960487366, -1.142677664756775, -0.3880878984928131, -0.2743009626865387, 0.2262309491634369, 1.062318205833435, -1.3353220224380493, -0.6239275932312012, 1.0357612371444702, -0.1340714395046234, -0.36694300174713135, 2.2703089714050293, 0.8329401612281799, 0.21010129153728485, 0.13119915127754211, 0.48617252707481384, 0.25407788157463074, 0.26731738448143005, -0.5246322154998779, 0.4134567081928253, 0.21862322092056274, -1.3103225231170654, -1.244715929031372, 0.28488367795944214, 0.3507177531719208, 0.4525122046470642, -1.9494835138320923, 0.10625700652599335, -0.06921590119600296, -0.6353145837783813, -1.1459141969680786, 0.6447172164916992, 1.193792700767517, 0.4227069914340973, 0.9963355660438538, -1.8623578548431396, 0.48480209708213806, -0.14061912894248962, -0.4124469757080078, 1.4085330963134766, -0.1519879698753357, -1.3046252727508545, 0.9737716913223267, 0.834484338760376, -0.5544149279594421, -0.27468782663345337, 0.23260211944580078, 0.49947020411491394, 0.28261762857437134, -0.5753511786460876, 0.8506612777709961, 0.24922388792037964, 0.2968260943889618, 0.8695590496063232, -0.8020406365394592, 0.7853773832321167, 0.17490431666374207, -0.6526426672935486, 1.0785459280014038, -0.5752525925636292, 1.4838778972625732, 1.4853699207305908, -0.32316064834594727, 0.5885661244392395, -1.6441597938537598, -0.6942360401153564, -1.3755402565002441, -0.7161717414855957, 0.5027768015861511, -0.20480437576770782, 0.05223621428012848, -1.0622491836547852, 0.9883303642272949, -0.34654271602630615, 1.0000007152557373, -0.08355751633644104, 1.3522374629974365, -1.8150795698165894, 2.2203261852264404, -0.7672642469406128, 0.9236895442008972, -0.9247454404830933, 1.130913496017456, -0.3052164912223816, 1.1044485569000244, 1.6017305850982666, -0.1827787160873413, -1.0049506425857544, -0.030149511992931366, 1.1281156539916992, -0.4210768938064575, -0.4740801751613617, -0.2690700888633728, -0.584231972694397, -0.6814916133880615, 1.424861192703247, -0.7789829969406128, 0.16002985835075378, 1.5797361135482788, 1.6755690574645996, 0.8353805541992188, 1.0846694707870483, -1.0360816717147827, 0.9233752489089966, 0.7936367392539978, -0.6230086088180542, 2.8076958656311035, -0.7447680234909058, 1.9323253631591797, -0.7393003106117249, -0.058733537793159485, 1.6792421340942383]",yunet,Facenet,1920,1080,/home/amos/media/tv/modern_family/Modern.Family.S09.1080p.DSNP.WEB-DL.DDP5.1.H.264-CRFW/Modern.Family.S09E21.The.Escape.1080p.DSNP.WEB-DL.DDP5.1.H.264-CRFW.mkv,Modern Family,2009,1442437,9,21,Adam Devine,212604.0,0.823
944,720,558,828,690,810,606,762,606,0.915,22584,2,"[-0.6359037160873413, 1.0074481964111328, 1.5522899627685547, 0.1843707263469696, 0.114461250603199, -0.870989203453064, 2.735416889190674, 0.5175073146820068, -0.7748867273330688, 0.25894224643707275, 2.730050563812256, -1.0186748504638672, 0.6598486304283142, -1.0694323778152466, -0.10003525018692017, 0.5735620856285095, 0.1386527717113495, -2.0589258670806885, -1.5159337520599365, 0.8857966661453247, -1.6228119134902954, 0.47933727502822876, -1.1428197622299194, 1.1592880487442017, -2.5004191398620605, 0.8535704612731934, 1.3790372610092163, -0.25191470980644226, 0.10563420504331589, 1.8623751401901245, 1.4052544832229614, -0.9820086359977722, 1.2654017210006714, 0.46496760845184326, 0.7361454963684082, -0.22373153269290924, -1.979525089263916, 0.5609096884727478, 1.0574719905853271, 0.4457743763923645, -1.8297244310379028, -1.2316100597381592, -1.5558853149414062, 1.7848734855651855, -0.3200090527534485, -1.5682421922683716, 1.4456112384796143, 0.9148930311203003, -0.19511350989341736, -1.3039287328720093, 2.2704226970672607, 1.5237621068954468, -0.4205057621002197, -0.3515493869781494, 0.0689164251089096, 0.21357357501983643, 1.377134919166565, 1.2974025011062622, -1.6630204916000366, 0.3889440894126892, -1.6902445554733276, -0.2215578258037567, -0.36026760935783386, -1.2642840147018433, 1.873414397239685, -0.6309054493904114, -1.3604567050933838, 0.49742063879966736, -0.749664306640625, 1.875715970993042, 0.3396906852722168, -2.0034449100494385, -0.29942944645881653, 0.196418896317482, -1.2287952899932861, 1.6832818984985352, -1.7039445638656616, -0.7594137787818909, -0.14263471961021423, 0.20839403569698334, 1.7435340881347656, -0.24847891926765442, 1.361387848854065, 0.28814995288848877, 0.7331418991088867, 0.9761322736740112, 0.5538772940635681, 0.8495168685913086, -0.4410317540168762, -1.3740556240081787, -0.8954216837882996, 1.0314120054244995, 0.8833490610122681, -0.10467661172151566, 0.5515478849411011, 0.9306297302246094, -0.7756190299987793, -0.963087797164917, -0.16935831308364868, -1.1133960485458374, -1.0450823307037354, -0.6479430198669434, -1.8552007675170898, 1.3155394792556763, -0.6713913679122925, 0.44202953577041626, 0.4590534567832947, 0.3322746753692627, 1.3973169326782227, -0.4491533041000366, -1.1608221530914307, -0.7377457618713379, 0.18454167246818542, -0.34598276019096375, -0.44529566168785095, 0.3817119002342224, 0.31123030185699463, -1.6886812448501587, 1.269818663597107, -0.7758944630622864, 0.89445561170578, 0.4081871807575226, -1.5479736328125, -1.1347755193710327, 0.7503473162651062, 0.5142660140991211, -1.0221647024154663, -0.9928851127624512]",yunet,Facenet,1920,1080,/home/amos/media/tv/modern_family/Modern.Family.S09.1080p.DSNP.WEB-DL.DDP5.1.H.264-CRFW/Modern.Family.S09E21.The.Escape.1080p.DSNP.WEB-DL.DDP5.1.H.264-CRFW.mkv,Modern Family,2009,1442437,9,21,Jessica McKenna,1320260.0,0.625
945,876,120,1104,432,978,240,900,240,0.916,22608,0,"[-0.39404234290122986, 0.3935920000076294, -0.37187814712524414, 0.7471388578414917, 0.48357975482940674, -0.5372586846351624, 0.6758096218109131, -1.314062237739563, -0.5721189379692078, 1.127890706062317, -0.7502366900444031, -0.7411648035049438, 0.2282242327928543, -0.37674853205680847, 0.23923848569393158, 0.9469155073165894, -0.5359265804290771, -1.5808156728744507, -2.773196220397949, -0.8009620904922485, 2.1919198036193848, 0.10198093205690384, -0.10904625058174133, -0.2102704644203186, 2.2458577156066895, 1.227198839187622, 0.4244702160358429, 0.6928277611732483, 0.6706076264381409, -1.3093329668045044, 0.42606207728385925, 1.7711155414581299, 1.2989870309829712, -0.40519949793815613, 1.2358601093292236, -1.3950214385986328, 1.206882119178772, -0.7413727641105652, 0.7753745913505554, 0.1729641705751419, 0.8354568481445312, 2.5409274101257324, 0.46114662289619446, -1.4487749338150024, -1.4987012147903442, 1.059553623199463, -0.7904874682426453, 1.351981520652771, -0.9891791343688965, 2.0599536895751953, -0.9331283569335938, -0.2571745216846466, 0.4106302857398987, 1.4662593603134155, 1.3585596084594727, 0.464965283870697, 0.4532914459705353, -0.8108496069908142, 0.5139945149421692, -0.5823652744293213, 0.6690595746040344, -2.135146141052246, -0.2800268828868866, 1.3823976516723633, -0.9933446049690247, -0.7486860752105713, -1.3408679962158203, 0.47174444794654846, 1.3297271728515625, -1.1214659214019775, -1.2892791032791138, 0.8208335638046265, -0.41341179609298706, -0.3945222496986389, -0.2589174807071686, -1.865971326828003, 2.03600811958313, 0.8570265769958496, 0.7659996747970581, -0.11415286362171173, -1.3337160348892212, -1.0428102016448975, 0.32020828127861023, 0.33487698435783386, 0.05846892669796944, 0.24004212021827698, 1.5792014598846436, -1.8413714170455933, -0.2274354249238968, 0.5754058361053467, -1.0005886554718018, -0.15377259254455566, 1.1408507823944092, -0.10740628093481064, 2.2252588272094727, 0.12951675057411194, 0.6726652383804321, 0.07515184581279755, -1.6307988166809082, -1.5867509841918945, 0.0071997493505477905, 0.9055104851722717, -1.513173222541809, 0.5724807381629944, 0.30422529578208923, -0.8896484971046448, -0.9500309228897095, -1.265174388885498, -0.7237194180488586, 1.3970167636871338, 0.6127091646194458, -0.5688843727111816, 1.3376272916793823, 1.0640933513641357, -0.7486543655395508, 0.9625391960144043, -0.6494020223617554, 0.09913450479507446, -0.15144753456115723, -0.4664243161678314, 0.45071136951446533, -1.206134557723999, 1.3072847127914429, 0.06222439557313919, -0.8897895216941833, 0.34365710616111755, 1.1707862615585327, 2.317183256149292]",yunet,Facenet,1920,1080,/home/amos/media/tv/modern_family/Modern.Family.S09.1080p.DSNP.WEB-DL.DDP5.1.H.264-CRFW/Modern.Family.S09E21.The.Escape.1080p.DSNP.WEB-DL.DDP5.1.H.264-CRFW.mkv,Modern Family,2009,1442437,9,21,Reid Ewing,967692.0,0.726
946,672,546,780,690,756,600,714,606,0.915,22608,1,"[-0.7303558588027954, 0.5008115768432617, 1.718029499053955, -0.6310839056968689, 0.20537003874778748, -0.959478497505188, 2.5106723308563232, 0.3518196940422058, -0.7042927145957947, 0.11835591495037079, 2.692949056625366, -0.37667641043663025, 0.2361697405576706, -1.2807183265686035, 0.45249494910240173, 0.5453729033470154, 0.3130846619606018, -1.557224988937378, -1.1333184242248535, 0.626381516456604, -1.1467833518981934, -0.2523238956928253, -1.0141044855117798, 1.0137263536453247, -2.6009838581085205, 1.2265008687973022, 1.2191306352615356, -0.5500975251197815, 0.7566180229187012, 1.2617038488388062, 1.1075754165649414, -1.4752259254455566, 2.001880645751953, 0.34557944536209106, 0.761089563369751, 2.099151372909546, -3.0790534019470215, -0.28429076075553894, -0.1303117573261261, -0.5999718904495239, -0.980550229549408, -0.6221170425415039, -2.177603006362915, 1.5041582584381104, 0.3300416171550751, -1.745391607284546, 0.43516212701797485, 1.2665116786956787, -0.8558425903320312, -1.6838140487670898, 2.524034261703491, 0.7465433478355408, -0.8982665538787842, -0.4023885726928711, -0.1953575760126114, 1.4397860765457153, 0.9615065455436707, 0.8707337379455566, -0.5857939720153809, -0.4003647267818451, -1.8342928886413574, -0.25435495376586914, 0.18130263686180115, -0.4729714095592499, 1.9970314502716064, -0.39312225580215454, -1.2205474376678467, 0.004266188945621252, -0.06897830963134766, 2.731572151184082, 0.4108431935310364, -1.792854905128479, -0.5279617309570312, -0.2729875445365906, -0.5618443489074707, 0.5940020680427551, -1.8373576402664185, -1.0381559133529663, -1.0073012113571167, 0.2349264770746231, 0.920777440071106, -0.174888014793396, 0.5009671449661255, -0.3430182933807373, 1.6026840209960938, 0.1434008926153183, 0.6755265593528748, 1.128517508506775, 0.08676299452781677, -1.0067213773727417, -1.2128963470458984, 1.533846378326416, 1.2740366458892822, 0.5489909648895264, -0.47205257415771484, 0.011266905814409256, -0.11881326138973236, -1.7551881074905396, 0.30746617913246155, 0.3819846510887146, -1.471025824546814, -0.17071537673473358, -0.830631673336029, 1.8557778596878052, 0.0021202340722084045, 1.0105433464050293, 0.7306603193283081, 0.6124391555786133, 1.4190393686294556, 0.3505844175815582, -0.7469723224639893, 0.0031339749693870544, -0.44101306796073914, 0.4809970259666443, 0.40846723318099976, 0.9863626956939697, 1.239943027496338, -1.3843122720718384, 1.316727638244629, -1.63044011592865, 1.5093989372253418, 1.1485910415649414, -0.7898884415626526, -1.445665955543518, 0.7794845700263977, -0.04633837193250656, -1.0163533687591553, -0.6457269191741943]",yunet,Facenet,1920,1080,/home/amos/media/tv/modern_family/Modern.Family.S09.1080p.DSNP.WEB-DL.DDP5.1.H.264-CRFW/Modern.Family.S09E21.The.Escape.1080p.DSNP.WEB-DL.DDP5.1.H.264-CRFW.mkv,Modern Family,2009,1442437,9,21,Jessica McKenna,1320260.0,0.586
947,186,480,348,696,318,564,252,564,0.913,22608,2,"[0.6537057161331177, 1.5695686340332031, 1.5489740371704102, -0.582722008228302, -0.041346222162246704, -0.40339967608451843, 0.45998698472976685, -2.568366050720215, -0.8289378881454468, -0.28315219283103943, 0.7973408699035645, 2.1391496658325195, 0.1061403900384903, -1.134867548942566, -0.3519026041030884, 1.9531670808792114, -0.05591464042663574, -0.841506838798523, -0.8002885580062866, 0.15429413318634033, 0.28626278042793274, 0.9970306158065796, -1.0249650478363037, -0.65924072265625, 0.8389461636543274, -0.13522842526435852, -0.38111570477485657, 2.3492469787597656, 0.8436475992202759, 0.7153679132461548, -0.18027009069919586, 0.0688854232430458, -0.3642747402191162, 0.13198232650756836, -0.9381517171859741, 0.43352270126342773, -0.031213434413075447, -1.4185346364974976, -1.255661964416504, -0.1560279279947281, 0.34415939450263977, 0.31807881593704224, -2.4469611644744873, 0.43794429302215576, 0.17346462607383728, -0.8482543230056763, -1.1273603439331055, 0.24662403762340546, 0.7779214978218079, 0.21833869814872742, 0.9618552923202515, -1.8278452157974243, 0.4725008010864258, -0.10013732314109802, -0.8903878927230835, 1.1333290338516235, 0.3773634433746338, -1.5814156532287598, 0.7394399642944336, 1.0650964975357056, -0.496553897857666, -0.17877396941184998, 0.4496464133262634, 0.07413476705551147, 0.32477977871894836, -0.481680691242218, 1.072716236114502, 0.016906196251511574, 0.14006605744361877, 0.8682878017425537, -0.924166202545166, 1.2671366930007935, -0.10253418982028961, -0.5962464809417725, 1.5054490566253662, -0.5712612271308899, 1.2208421230316162, 1.7280383110046387, -0.0062165334820747375, 0.3588539958000183, -1.7989740371704102, -0.6959997415542603, -1.4454127550125122, -0.9831323027610779, 0.07627377659082413, 0.11854468286037445, -0.21791434288024902, -1.0995677709579468, 1.1399484872817993, -0.16623564064502716, 1.3257699012756348, -0.1429346799850464, 1.1873431205749512, -1.5204087495803833, 2.0727202892303467, -1.0752516984939575, 1.1629992723464966, -1.3317859172821045, 1.2062487602233887, -0.48649588227272034, 1.3262995481491089, 1.7827599048614502, -0.2572583258152008, -1.2668126821517944, 0.515985369682312, 1.2008942365646362, -0.7172014117240906, -0.7805695533752441, -0.40669193863868713, -0.05389733985066414, -0.5518481135368347, 1.8698322772979736, -0.6024874448776245, 0.01041479967534542, 1.813449740409851, 1.7759710550308228, 0.13210898637771606, 1.0161726474761963, -1.2942712306976318, 0.9763941168785095, 0.8025437593460083, -0.4314194917678833, 2.4449384212493896, -0.9698397517204285, 1.708367943763733, -1.0278761386871338, -0.22077198326587677, 1.1340410709381104]",yunet,Facenet,1920,1080,/home/amos/media/tv/modern_family/Modern.Family.S09.1080p.DSNP.WEB-DL.DDP5.1.H.264-CRFW/Modern.Family.S09E21.The.Escape.1080p.DSNP.WEB-DL.DDP5.1.H.264-CRFW.mkv,Modern Family,2009,1442437,9,21,Adam Devine,212604.0,0.841
948,204,456,354,660,330,540,270,540,0.923,22632,0,"[0.248818501830101, 1.1184788942337036, 0.9429895877838135, -0.9005230665206909, -0.20554405450820923, -0.6856303811073303, 0.1786375343799591, -2.4129743576049805, -1.2263121604919434, -0.0019697900861501694, 0.6462846398353577, 1.291573405265808, 0.5007540583610535, -0.8102062940597534, 0.027434416115283966, 1.9509217739105225, -0.13677778840065002, -1.3039591312408447, -0.7373132109642029, -0.768234133720398, -0.23571056127548218, 1.167190432548523, -0.8983750939369202, 0.17285001277923584, 0.8922703862190247, 0.00863322988152504, -0.12608128786087036, 2.262941360473633, 1.1340830326080322, 0.5794586539268494, 0.4055030345916748, 0.0839032232761383, 1.0055865049362183, 0.18183797597885132, -1.071334719657898, 0.8978046774864197, 0.21202152967453003, -1.2744827270507812, -1.347050428390503, -0.44237038493156433, 0.6378052234649658, 0.3967214524745941, -2.489011287689209, 0.16331598162651062, 0.42733922600746155, -0.8390900492668152, -0.9630340337753296, 0.5243890285491943, 1.262341022491455, -0.05404139310121536, 1.356209635734558, -2.0488033294677734, -0.20035052299499512, -0.1581556797027588, -1.1011900901794434, 1.5565587282180786, 0.26340043544769287, -1.6311842203140259, 0.7932114601135254, 0.901968240737915, -0.6422184705734253, -0.350902795791626, -0.1749628484249115, 0.4291026294231415, 0.4568525552749634, -0.7669438123703003, 0.8888645768165588, -0.02814112976193428, 0.4753260612487793, 0.6463878154754639, -0.9775673151016235, 1.2644319534301758, -0.14006327092647552, -0.8202574253082275, 1.491075873374939, -0.7287289500236511, 1.0222690105438232, 1.4932105541229248, -0.05121859908103943, 0.3903926610946655, -2.233929395675659, 0.13627272844314575, -1.0118004083633423, -0.8790467381477356, 0.13664579391479492, 0.4804830849170685, -0.09919699281454086, -0.2789915204048157, 1.0996969938278198, -0.042605314403772354, 1.5036671161651611, 0.35553479194641113, 1.5829912424087524, -0.9705858826637268, 2.3080008029937744, -0.7712128758430481, 0.8999016880989075, -0.9982959032058716, 1.0917577743530273, -0.2002488672733307, 1.0956319570541382, 1.4504474401474, 0.02123349905014038, -1.1940211057662964, 0.1628197431564331, 1.012075662612915, -0.7227407693862915, -0.03724093735218048, -0.11361431330442429, -0.2710002660751343, -1.431919813156128, 1.313051462173462, -1.1949515342712402, 0.3218916952610016, 1.7165943384170532, 1.625985860824585, 1.36408269405365, 0.3553712069988251, -1.4564932584762573, 0.8546269536018372, 1.0504157543182373, -0.1687459498643875, 2.3829782009124756, -0.943825364112854, 1.787814736366272, -1.221509575843811, -0.22992436587810516, 0.9713743925094604]",yunet,Facenet,1920,1080,/home/amos/media/tv/modern_family/Modern.Family.S09.1080p.DSNP.WEB-DL.DDP5.1.H.264-CRFW/Modern.Family.S09E21.The.Escape.1080p.DSNP.WEB-DL.DDP5.1.H.264-CRFW.mkv,Modern Family,2009,1442437,9,21,Adam Devine,212604.0,0.8
949,786,144,1008,414,894,252,822,258,0.915,22632,1,"[-0.7052816152572632, -0.28470540046691895, 0.061249613761901855, 1.5023338794708252, -0.013269802555441856, -0.8023194074630737, 1.2304117679595947, -1.1869430541992188, -0.7868988513946533, 0.7753360867500305, 0.2415667176246643, -1.0004117488861084, 1.0300419330596924, -1.0817675590515137, -0.098334401845932, 0.03825293481349945, -0.5632330179214478, -1.1841474771499634, -3.0316014289855957, -0.13832639157772064, 1.9374948740005493, -0.4804207980632782, 0.47582775354385376, -0.7807337045669556, 1.7896808385849, 1.4855650663375854, 0.33214783668518066, 0.9108114838600159, 0.18294349312782288, -1.0810110569000244, 0.18284311890602112, 1.6944841146469116, 0.9370039105415344, -0.4519098699092865, 1.1514521837234497, -1.0017187595367432, 1.4947673082351685, -0.5284534096717834, 0.7118040323257446, 0.014385174959897995, 1.3557051420211792, 2.925784111022949, 0.40313124656677246, -1.2762246131896973, -1.7606956958770752, 1.015820860862732, -0.20644478499889374, 1.4051984548568726, -1.2203304767608643, 1.522058129310608, 0.20012687146663666, -0.2849557399749756, 0.2853623926639557, 1.1410835981369019, 1.3727872371673584, 0.6026690006256104, 0.5637898445129395, 0.03271080181002617, 0.19138994812965393, -1.0786839723587036, 0.8642449378967285, -2.2395663261413574, -0.47976264357566833, 0.9457384347915649, -0.5210345387458801, -0.735084056854248, -1.4909058809280396, 0.863887369632721, 0.9123293161392212, -0.7402654886245728, -1.021701693534851, 0.9375749826431274, -0.646350085735321, -0.38767826557159424, -0.4095379412174225, -0.997799813747406, 1.5398170948028564, 1.2813024520874023, 0.1315232813358307, 0.04511222243309021, -1.2054834365844727, -1.0664788484573364, 0.43197232484817505, 0.09620332717895508, -0.051715634763240814, 0.26829400658607483, 1.6385492086410522, -1.2697508335113525, -0.5613654851913452, 0.21996456384658813, -0.9522385001182556, -0.27429142594337463, 1.0943090915679932, 0.7245872020721436, 1.6505311727523804, 0.287036657333374, 1.1853649616241455, -0.23835943639278412, -1.2480194568634033, -1.9554599523544312, 0.20842106640338898, 0.8613935112953186, -1.2306525707244873, -0.08660931885242462, -0.32517826557159424, -0.09979277849197388, -0.3322446644306183, -1.6887952089309692, -0.01133132353425026, 1.4982157945632935, 0.1254924088716507, 0.06785381585359573, 1.4394913911819458, 0.3172663450241089, -0.3677540421485901, 1.6008330583572388, -1.098115086555481, -0.6948671340942383, -0.07247238606214523, -0.6535751819610596, 0.027549639344215393, -1.2846355438232422, 1.403347134590149, -0.14035125076770782, -0.7060890793800354, 0.32557666301727295, 0.8384562730789185, 2.332824945449829]",yunet,Facenet,1920,1080,/home/amos/media/tv/modern_family/Modern.Family.S09.1080p.DSNP.WEB-DL.DDP5.1.H.264-CRFW/Modern.Family.S09E21.The.Escape.1080p.DSNP.WEB-DL.DDP5.1.H.264-CRFW.mkv,Modern Family,2009,1442437,9,21,Reid Ewing,967692.0,0.677
950,900,114,1128,402,1044,234,948,240,0.931,22656,0,"[-0.7628774642944336, 0.2225077748298645, 0.5593461394309998, 1.1003625392913818, -0.21800333261489868, -0.8143119215965271, 1.0627832412719727, -1.0731925964355469, -0.9991783499717712, 1.658069372177124, 0.376243531703949, -0.7836150527000427, 0.5242502689361572, -0.6727724075317383, -0.24474859237670898, 0.2753825783729553, -0.8949763774871826, -1.2757692337036133, -1.515989899635315, 0.02248958870768547, 1.695898175239563, -0.4645991027355194, 1.0324654579162598, 0.03622189909219742, 1.2873152494430542, 0.9952488541603088, 1.0908756256103516, 0.7370997071266174, 0.3455577492713928, -0.7472055554389954, -0.13675130903720856, 1.299289345741272, 1.0180058479309082, -0.2123359739780426, 0.6345453858375549, -1.2713278532028198, 0.6890937685966492, -0.38280603289604187, 1.1222891807556152, -0.11870025098323822, 0.848582923412323, 2.294389486312866, 0.7713580131530762, -0.6551657319068909, -1.4096895456314087, 2.488280773162842, -0.6147303581237793, 0.6011321544647217, -1.2508493661880493, 1.5105247497558594, -0.4339873194694519, 0.5704707503318787, 0.8768024444580078, 1.1351627111434937, 0.2566707730293274, 0.7054423093795776, -0.3100709021091461, 0.6043514609336853, 0.5600439310073853, -1.0544167757034302, 1.5741828680038452, -1.1575886011123657, -0.43630480766296387, 1.5577036142349243, -0.2804773449897766, -0.7660871148109436, -1.0137341022491455, 0.32360324263572693, 1.443111777305603, -0.2707459628582001, -1.5285849571228027, 0.47542044520378113, -0.10431231558322906, -0.2858654260635376, -0.8943290114402771, -0.8660651445388794, 2.033033609390259, 1.2934622764587402, 0.033084601163864136, -0.007169827818870544, -0.7562792301177979, -0.804110050201416, 0.7211129665374756, 0.43571168184280396, -0.054916538298130035, -0.4229733645915985, 1.6888750791549683, -1.4115171432495117, -1.7109194993972778, -0.5099873542785645, -0.8066385984420776, -0.0890204906463623, 1.1199959516525269, 1.115504264831543, 2.228121757507324, -0.8141074776649475, 0.9756197929382324, -0.3301547169685364, -1.4796128273010254, -1.7929490804672241, -0.9810534715652466, 0.9613028168678284, -0.09353676438331604, 1.2676745653152466, -0.6518940925598145, 0.3092365264892578, -0.35537979006767273, -0.3791756331920624, -1.1623544692993164, 0.6243200302124023, 1.1329227685928345, -0.550392210483551, 0.7908790111541748, 1.7163071632385254, -0.6156894564628601, 2.437376022338867, -0.5171505212783813, -0.2934049665927887, -0.4839372932910919, -0.16890548169612885, -0.08284574747085571, -0.5834122896194458, 0.6668051481246948, -0.1280129998922348, -0.6879270672798157, -0.6931341290473938, 1.101258397102356, 2.1224782466888428]",yunet,Facenet,1920,1080,/home/amos/media/tv/modern_family/Modern.Family.S09.1080p.DSNP.WEB-DL.DDP5.1.H.264-CRFW/Modern.Family.S09E21.The.Escape.1080p.DSNP.WEB-DL.DDP5.1.H.264-CRFW.mkv,Modern Family,2009,1442437,9,21,Reid Ewing,967692.0,0.742
951,198,474,372,702,354,558,264,552,0.927,22656,1,"[0.5224953293800354, 1.317224144935608, 1.721306324005127, -1.3201172351837158, -0.24738453328609467, -0.38460710644721985, 0.32750776410102844, -2.6714062690734863, -1.2070286273956299, -0.21797993779182434, 0.8683456182479858, 1.4738717079162598, 0.4217219352722168, -0.8427671194076538, 0.11303449422121048, 1.961818814277649, -0.042662568390369415, -0.888043224811554, -0.19549936056137085, -0.08011604845523834, 0.5811550617218018, 0.9372102618217468, -0.8379485011100769, -0.23830083012580872, 0.8846091032028198, -0.008353672921657562, -0.5266273021697998, 2.354045867919922, 0.46864670515060425, 0.47145527601242065, 0.334576815366745, 0.2253226637840271, 0.42095714807510376, 0.6694279313087463, -0.7167246341705322, 0.774370551109314, 0.5702823996543884, -1.479323387145996, -1.179225206375122, 0.24291755259037018, -0.029526730999350548, 0.29878857731819153, -1.9940937757492065, 0.03777112066745758, -0.367246150970459, -0.43323689699172974, -1.3595112562179565, 0.5688295364379883, 0.8292986154556274, -0.3288615345954895, 1.0696334838867188, -1.7100476026535034, -0.32933592796325684, -0.04947972670197487, -0.6469107270240784, 1.426719069480896, -0.0030454862862825394, -0.9855982065200806, 0.876139223575592, 0.6724758148193359, -0.3224235475063324, -0.012204572558403015, 0.10783856362104416, 0.7200514674186707, 0.33337661623954773, -0.7211374044418335, 1.0819371938705444, 0.2323973923921585, 0.5112175345420837, 0.971785306930542, -0.5328398942947388, 0.8107073307037354, 0.24971286952495575, -0.6425259113311768, 1.0603291988372803, -0.08081099390983582, 1.1448782682418823, 1.2325897216796875, -0.7337297201156616, 0.369223415851593, -1.6676745414733887, -0.23708194494247437, -1.4964661598205566, -0.30327025055885315, 0.2749592065811157, -0.19688907265663147, -0.16820128262043, -0.8682407140731812, 0.6324671506881714, -0.24166885018348694, 1.3061951398849487, -0.36136844754219055, 1.4275742769241333, -1.3932665586471558, 1.8084301948547363, -0.6914718151092529, 0.8784699440002441, -0.9925565719604492, 1.3881762027740479, -0.26558130979537964, 0.9310766458511353, 1.3380117416381836, -0.14443838596343994, -1.3256655931472778, -0.31717902421951294, 0.9405777454376221, -0.7356956601142883, -0.5533995628356934, -0.031698137521743774, -0.6497771143913269, -1.0598995685577393, 1.0775890350341797, -0.6551425457000732, 0.052000872790813446, 2.2086474895477295, 1.9126960039138794, 1.124510407447815, 0.673200786113739, -1.1925874948501587, 1.307868242263794, 0.9224361777305603, -0.23215028643608093, 2.4178500175476074, -1.114182472229004, 1.912291169166565, -1.0829190015792847, 0.04540495574474335, 1.3092783689498901]",yunet,Facenet,1920,1080,/home/amos/media/tv/modern_family/Modern.Family.S09.1080p.DSNP.WEB-DL.DDP5.1.H.264-CRFW/Modern.Family.S09E21.The.Escape.1080p.DSNP.WEB-DL.DDP5.1.H.264-CRFW.mkv,Modern Family,2009,1442437,9,21,Adam Devine,212604.0,0.823
952,588,546,720,720,684,612,624,618,0.915,22656,2,"[-0.5301036834716797, 0.42731836438179016, 1.6689010858535767, -0.11737373471260071, 0.14487484097480774, 0.7093604207038879, 2.764737367630005, 1.5681474208831787, -0.5884177088737488, 0.38767868280410767, 2.422776699066162, -1.9923551082611084, 0.5158336162567139, -0.20591914653778076, -0.5308372974395752, 0.41643226146698, 0.5301433801651001, -2.841296911239624, -1.338046669960022, 0.546851634979248, -1.2962491512298584, 1.2315055131912231, -1.1696999073028564, 1.6393892765045166, -1.980167269706726, 1.6201759576797485, 2.5567238330841064, -0.836540699005127, 0.5767767429351807, 1.8860483169555664, 1.038887858390808, -0.30089616775512695, 0.9837766289710999, 0.23598963022232056, 1.321857213973999, 0.06344841420650482, -0.5637871026992798, 0.041916560381650925, 0.6298747062683105, 0.1406378149986267, -1.3762297630310059, -1.0193841457366943, -1.5616754293441772, 1.1883482933044434, 0.03841438889503479, -1.1455130577087402, 1.351723313331604, 0.20624685287475586, 0.3788723349571228, -1.0980054140090942, 1.3240044116973877, 0.6804779767990112, 0.1972680538892746, -0.39484941959381104, -1.3990731239318848, 1.0072959661483765, 1.822664499282837, 0.3034059703350067, -0.6901093125343323, -0.43322038650512695, -2.6565845012664795, 1.1515493392944336, 0.5111916065216064, 0.24790126085281372, 0.7660350203514099, -0.2845560908317566, -0.5937116146087646, 1.0282758474349976, 0.1266181468963623, 2.1644628047943115, 0.5151669383049011, -0.5190184116363525, -0.7095140814781189, 0.28101271390914917, -1.4831703901290894, 1.076402187347412, -1.4907606840133667, -0.7985438108444214, -0.9941253662109375, 0.8458947539329529, 0.27670490741729736, -0.8383933305740356, 0.7099639773368835, -0.026210974901914597, 2.2763278484344482, 0.08925367891788483, 1.3550957441329956, 0.8225414752960205, -0.5102574825286865, -1.569005012512207, -0.9389260411262512, 0.7623624205589294, 0.13958299160003662, 0.2046007513999939, 0.33662334084510803, 1.0535913705825806, 0.27400296926498413, -1.177592158317566, 0.7307104468345642, -0.7313147187232971, -0.9394512176513672, -0.240007221698761, -0.9176379442214966, 1.218713402748108, -0.807992160320282, 1.6961561441421509, -0.22959499061107635, -0.1015624850988388, 1.5354934930801392, 0.03838995099067688, -0.05904712155461311, -1.7945654392242432, 0.1898549497127533, 0.5122785568237305, -0.5887376666069031, 1.0729529857635498, 0.699173092842102, -1.3078361749649048, 0.6294791102409363, -1.137978434562683, 1.7791976928710938, 0.8752118349075317, -1.188893437385559, -1.1930345296859741, 0.12999555468559265, 0.13475945591926575, -0.4635337293148041, -1.19014573097229]",yunet,Facenet,1920,1080,/home/amos/media/tv/modern_family/Modern.Family.S09.1080p.DSNP.WEB-DL.DDP5.1.H.264-CRFW/Modern.Family.S09E21.The.Escape.1080p.DSNP.WEB-DL.DDP5.1.H.264-CRFW.mkv,Modern Family,2009,1442437,9,21,Jessica McKenna,1320260.0,0.65
953,1002,168,1260,516,1128,288,1020,288,0.904,22680,0,"[0.4125274121761322, -0.9301364421844482, -0.7086305022239685, 2.142242670059204, 0.4247412085533142, 0.03484796732664108, 0.5705311298370361, -1.7651300430297852, -0.9845465421676636, 3.102074384689331, -2.2883753776550293, 1.0984746217727661, 1.7730563879013062, 0.28861069679260254, 0.850536584854126, 1.0558621883392334, -0.785691499710083, 0.32498329877853394, -0.9153487086296082, -1.1706933975219727, 0.08876381814479828, 0.26125025749206543, 1.4393761157989502, 1.1524430513381958, 1.5398517847061157, 1.2258907556533813, 0.5886639356613159, -0.8829139471054077, 2.779949903488159, -0.6587641835212708, 0.1551988124847412, -1.7669634819030762, -1.0094492435455322, -0.08255992829799652, 2.009227752685547, -1.7160862684249878, -0.9200614094734192, 1.8415940999984741, -0.24613377451896667, -0.04703251272439957, 0.011038311757147312, 1.4815031290054321, 1.2144514322280884, 0.8005210757255554, -0.9638711810112, -0.052679888904094696, 0.7973325848579407, 0.2629547417163849, 0.8737577795982361, 0.04956979304552078, -1.6124895811080933, 1.1232843399047852, 0.20311155915260315, -0.08541321754455566, 1.1801460981369019, 0.7760441899299622, 1.4878648519515991, 0.8396284580230713, 1.450095534324646, 0.03645235300064087, -0.12636154890060425, -0.3599153757095337, -1.357537865638733, 0.03689606860280037, -0.9525715112686157, 1.437424659729004, -0.7932044267654419, 0.5548495650291443, -0.04535382613539696, -0.0463763028383255, -0.1670846790075302, 0.6996021270751953, 0.3713926076889038, 0.3397473096847534, 1.235345482826233, -0.966812789440155, 0.05511090159416199, 0.4435606300830841, -0.913867712020874, -1.0247822999954224, -1.2274118661880493, -1.259354829788208, 0.3252880275249481, 1.024532675743103, 0.2653680443763733, 0.15908467769622803, -0.04827256500720978, -0.7030432224273682, 0.188149094581604, -0.4542420506477356, -0.31315362453460693, 0.3347758650779724, 0.9292783141136169, -0.871636152267456, 1.462733507156372, 0.9363873600959778, 0.15835925936698914, -0.0862969160079956, 0.5165246725082397, -2.0396692752838135, -0.6693801879882812, 0.8923882842063904, -1.2765041589736938, 0.30003318190574646, 1.917612075805664, -0.12403379380702972, 0.30997762084007263, -0.030443571507930756, 0.7590498924255371, -0.6305882930755615, 1.4292246103286743, 1.9256374835968018, -0.12870708107948303, 0.197181835770607, -0.21049213409423828, 0.8216314315795898, -0.6819026470184326, 0.8801108002662659, -0.056189052760601044, -0.2545766830444336, 2.454554319381714, -1.737098217010498, -0.22932539880275726, -0.803449809551239, -0.5890421271324158, -0.20938262343406677, 1.2684420347213745, -0.9293437600135803]",yunet,Facenet,1920,1080,/home/amos/media/tv/modern_family/Modern.Family.S09.1080p.DSNP.WEB-DL.DDP5.1.H.264-CRFW/Modern.Family.S09E21.The.Escape.1080p.DSNP.WEB-DL.DDP5.1.H.264-CRFW.mkv,Modern Family,2009,1442437,9,21,Sarah Hyland,91351.0,0.606
954,486,264,654,492,624,354,552,348,0.918,22704,0,"[0.06743514537811279, 0.945220947265625, 0.6585537195205688, 0.7586787939071655, -0.6257305145263672, -0.19517473876476288, -0.5172433257102966, 0.0783621072769165, -0.5152142643928528, 0.45525315403938293, 1.4450647830963135, -0.1401507407426834, 0.414135217666626, 0.0840330421924591, -1.9452526569366455, -0.4717414379119873, -0.760983943939209, -1.0215073823928833, -1.584827184677124, 0.22291624546051025, -2.233574628829956, 1.5891779661178589, -0.12966948747634888, 0.6287556886672974, 0.05679383873939514, 1.7377538681030273, -1.903181552886963, 3.0086750984191895, 0.6437090039253235, -2.2939202785491943, -0.07543213665485382, -0.28253239393234253, -0.6129750609397888, -0.5554525256156921, 1.2270164489746094, 1.0423274040222168, 0.18396896123886108, 0.053066186606884, 0.8946478962898254, 1.0962207317352295, 0.7662262916564941, 0.7149882316589355, -0.4328612983226776, -0.24275775253772736, 0.05329231917858124, -0.5199540257453918, 0.571090817451477, 0.34116238355636597, 0.7775455117225647, -1.661989688873291, 1.5420500040054321, -0.036886487156152725, -0.2249741554260254, -1.9469377994537354, -0.3590235412120819, 0.8231514096260071, 1.986161231994629, 0.8552277684211731, 0.49395477771759033, -0.91762375831604, 1.4372657537460327, -0.733011782169342, -1.2069202661514282, 0.08927595615386963, -0.24937129020690918, 2.0860347747802734, 1.199271321296692, 1.1837764978408813, 2.108194351196289, -0.4622170627117157, -1.1010982990264893, 0.5634893178939819, -0.04237910732626915, 1.3607362508773804, -0.30925971269607544, 1.5036942958831787, 0.33064550161361694, 1.8415935039520264, 1.006060004234314, 0.9081159830093384, 0.30461859703063965, -0.6300277709960938, 0.4968738853931427, -0.26377618312835693, -1.4744668006896973, -1.165640950202942, 0.3241127133369446, 0.9124274253845215, 0.2168503701686859, 1.2021114826202393, 0.36272791028022766, -1.0707625150680542, 0.11135542392730713, 0.6232649683952332, 1.2459431886672974, -0.3764536678791046, 0.3213629722595215, 0.7122095823287964, 0.12149381637573242, -0.8847484588623047, -0.6095430850982666, -0.46812814474105835, -2.406625270843506, -0.14391683042049408, -0.4574125409126282, 1.6119579076766968, 1.4613062143325806, -0.6228046417236328, -0.1328536421060562, 0.05175696313381195, 0.7986043095588684, 2.301391363143921, 0.4170878529548645, 0.25845402479171753, 1.1433842182159424, 2.9759209156036377, 0.18850962817668915, -2.2935290336608887, 0.7931723594665527, 0.30387306213378906, -0.951697587966919, -0.10136628150939941, -0.9716905355453491, -0.32709962129592896, 1.9142156839370728, -1.2989400625228882, 1.1222394704818726, -1.3754254579544067]",yunet,Facenet,1920,1080,/home/amos/media/tv/modern_family/Modern.Family.S09.1080p.DSNP.WEB-DL.DDP5.1.H.264-CRFW/Modern.Family.S09E21.The.Escape.1080p.DSNP.WEB-DL.DDP5.1.H.264-CRFW.mkv,Modern Family,2009,1442437,9,21,Ty Burrell,15232.0,0.706
955,624,246,822,516,780,360,696,360,0.915,22728,0,"[0.3009604215621948, 0.6580924987792969, 1.5465080738067627, 0.14355090260505676, -0.23499569296836853, 0.4290081560611725, -0.42670878767967224, 0.6139732003211975, -0.8000015020370483, -0.4510643780231476, 1.2427829504013062, 0.35295671224594116, 0.7957229614257812, -0.17129749059677124, -1.9271016120910645, -0.006655978038907051, -0.12259602546691895, -1.1383987665176392, -0.7442525029182434, 0.19544696807861328, -2.4715168476104736, 1.9231257438659668, -0.3746606409549713, 0.4005143344402313, -0.5335552096366882, 1.5831063985824585, -1.6930752992630005, 3.0160346031188965, 0.5933691263198853, -2.214193820953369, 0.349617600440979, -0.49035292863845825, 0.3787167966365814, -1.4652464389801025, 1.3608766794204712, 1.0882328748703003, 0.8961412310600281, 0.06840746104717255, 0.8957641124725342, 1.403288722038269, 0.4329029321670532, 0.48762261867523193, -0.866086483001709, -0.31202295422554016, -0.07389291375875473, -0.18909774720668793, 0.3777754306793213, 0.22059759497642517, 0.8672473430633545, -1.4697654247283936, 1.92903733253479, -0.5068269371986389, 0.43650689721107483, -1.6359288692474365, 0.13996873795986176, 1.1998447179794312, 1.3385028839111328, 0.5139827132225037, 0.20146238803863525, -0.34585151076316833, 0.9813209176063538, -0.9295276999473572, -0.7068751454353333, -0.2723838686943054, -0.6924163103103638, 1.7809802293777466, 1.6597594022750854, 0.9668238162994385, 2.226428985595703, 0.3544330596923828, -0.8615451455116272, 1.2835005521774292, -0.877461314201355, 1.6100274324417114, -0.7134668231010437, 1.699901819229126, -0.4371688961982727, 1.9236992597579956, 1.410538673400879, 1.27668035030365, -0.05837000906467438, -0.7516384124755859, 0.820187509059906, -0.41614943742752075, -0.7132865190505981, -1.4633514881134033, 1.0412836074829102, 0.5236579179763794, 0.620439887046814, 0.9564622640609741, -0.15389558672904968, -0.8980979323387146, -0.5721266269683838, 0.29226675629615784, 0.7464218139648438, -0.39853084087371826, 0.28527942299842834, 0.09370677173137665, 0.8721020221710205, -0.7464343309402466, -0.13047295808792114, -0.14814549684524536, -2.147693157196045, -0.07400504499673843, -0.7167340517044067, 1.82646906375885, 0.9251949191093445, -0.8810633420944214, 0.11359578371047974, -0.047948092222213745, 0.27411139011383057, 2.1069867610931396, 0.356803297996521, -0.23659920692443848, 0.828372061252594, 2.8091049194335938, 0.4849415123462677, -1.851413369178772, 0.5152207016944885, -0.8865242600440979, -0.7324919700622559, -0.15784110128879547, -0.5867151021957397, -0.04793006181716919, 2.027160882949829, -0.8811546564102173, 0.3406466245651245, -1.6728041172027588]",yunet,Facenet,1920,1080,/home/amos/media/tv/modern_family/Modern.Family.S09.1080p.DSNP.WEB-DL.DDP5.1.H.264-CRFW/Modern.Family.S09E21.The.Escape.1080p.DSNP.WEB-DL.DDP5.1.H.264-CRFW.mkv,Modern Family,2009,1442437,9,21,Ty Burrell,15232.0,0.749
956,612,228,828,522,792,354,696,354,0.917,22752,0,"[0.6368891000747681, 1.3855159282684326, 1.4360027313232422, -1.1307165622711182, -0.4921126067638397, 0.7422213554382324, -0.5676262378692627, -0.40371912717819214, -0.9484056234359741, -0.3057211935520172, 1.4549767971038818, 0.5590516328811646, -0.300934374332428, -0.48890939354896545, -1.6110641956329346, -0.2644205093383789, -0.5045549869537354, -1.0031625032424927, -0.5442068576812744, -0.1703171581029892, -0.7894340753555298, 1.2207518815994263, -0.3971755802631378, 0.2196076214313507, -0.987335741519928, 1.544800043106079, -1.9838680028915405, 2.2730236053466797, 0.7858975529670715, -1.7350587844848633, -0.18280363082885742, 0.4478740096092224, -0.8325366377830505, -0.3628826439380646, 1.2439762353897095, 0.70130854845047, 0.8990407586097717, -0.19584345817565918, 1.1022326946258545, 0.9503046274185181, 0.8020466566085815, 0.01342606171965599, -1.1734107732772827, -0.5564366579055786, -0.7869012355804443, 0.15718792378902435, 0.9819833040237427, -0.30986282229423523, 0.3007890582084656, -1.5729037523269653, 0.34289681911468506, -0.8756024241447449, 0.2893112003803253, -1.333088994026184, 0.2710181772708893, 0.8519006371498108, 1.2222641706466675, 0.7501220107078552, 0.14621275663375854, -0.9327347874641418, 0.5310878753662109, -1.2762733697891235, -0.7302597165107727, 0.20071075856685638, -0.9472789168357849, 2.477695941925049, 1.8891382217407227, 1.2582041025161743, 2.685662269592285, 0.28433850407600403, -0.3900815546512604, 1.4247522354125977, -0.7033528089523315, 1.9956237077713013, -0.6557496786117554, 2.022024393081665, -0.1456407904624939, 1.5372968912124634, 0.6402698755264282, 0.9267206192016602, -0.5538449883460999, -1.4044774770736694, 0.057065449655056, -0.5674847960472107, 0.0060270726680755615, -1.1619905233383179, 0.4075915813446045, 0.3308102488517761, 0.4217301607131958, 1.0084903240203857, 0.19622653722763062, -1.7589211463928223, 0.07384936511516571, -0.12446983903646469, 1.525517225265503, -0.2789401412010193, 0.4471418559551239, 0.8632974624633789, 0.9052707552909851, -1.5267869234085083, -0.6902869939804077, -0.4606529772281647, -1.886771321296692, 0.2003498077392578, -0.7381348013877869, 1.9846855401992798, 1.259318232536316, -0.604107141494751, -0.0037246309220790863, 0.326785683631897, 0.539949357509613, 1.8762986660003662, 0.11436843872070312, -0.31913092732429504, 0.6349614858627319, 3.079350233078003, 0.06534439325332642, -1.7782801389694214, 0.3244580328464508, -0.09707199037075043, -1.0667426586151123, 0.8237935304641724, 0.055747054517269135, -0.6577441692352295, 1.438645601272583, -0.7996017336845398, 0.37762030959129333, -1.0218737125396729]",yunet,Facenet,1920,1080,/home/amos/media/tv/modern_family/Modern.Family.S09.1080p.DSNP.WEB-DL.DDP5.1.H.264-CRFW/Modern.Family.S09E21.The.Escape.1080p.DSNP.WEB-DL.DDP5.1.H.264-CRFW.mkv,Modern Family,2009,1442437,9,21,Ty Burrell,15232.0,0.701
957,546,216,768,522,732,336,636,342,0.912,22776,0,"[-0.2608802318572998, 0.8086552619934082, 1.072752833366394, 0.2673059403896332, -0.32740598917007446, 0.01315404288470745, -1.0286924839019775, 0.7590839266777039, -0.7643967270851135, -0.013742197304964066, 0.42412516474723816, 0.1425166130065918, 1.0180875062942505, -0.34289276599884033, -1.2344900369644165, -0.13373388350009918, -0.27660924196243286, -0.6343227028846741, -0.6095855832099915, 0.0395929254591465, -2.0584871768951416, 1.4973405599594116, -0.7094511389732361, 1.3015539646148682, 0.0448884554207325, 1.4791370630264282, -2.392916679382324, 3.285393238067627, 0.7956549525260925, -2.5591752529144287, 0.41409802436828613, -0.6792944669723511, -0.31495562195777893, -1.0922390222549438, 1.287998914718628, 0.6347160935401917, 1.1236652135849, 0.13277193903923035, 1.1464757919311523, 1.2722864151000977, 0.7374297976493835, 1.0833197832107544, 0.2083275318145752, 0.10424169898033142, -0.7006847262382507, 0.32433173060417175, 1.2202322483062744, 0.1741630882024765, -0.1409718096256256, -1.4812501668930054, 0.8920372128486633, 0.5411216616630554, -0.1978265643119812, -0.5274558663368225, -0.18639251589775085, 1.1229791641235352, 2.0179660320281982, 0.5570252537727356, 0.009168876335024834, 0.27089813351631165, 1.8414344787597656, -1.0469684600830078, -1.1311227083206177, 0.46912941336631775, 0.07371488958597183, 1.8101378679275513, 1.6547462940216064, 0.8964719772338867, 1.9804775714874268, -0.3958560824394226, -0.7050351500511169, 1.37349534034729, -0.900660514831543, 2.063485860824585, -0.5603328943252563, 1.8440649509429932, -0.2384023219347, 1.7705432176589966, 1.2156733274459839, 1.2705914974212646, 0.22850051522254944, -0.6925954818725586, 1.320226788520813, -0.14186353981494904, -1.0334033966064453, -1.55245840549469, 1.217145323753357, 0.4394608736038208, -0.3344913721084595, 1.2376872301101685, -0.1796601116657257, -1.570643424987793, -0.6367267370223999, -0.07222074270248413, 0.7004103660583496, -0.1456567496061325, -0.2587113380432129, 0.19175097346305847, 0.8152133226394653, -0.9668642282485962, -0.6764495372772217, 0.0635869950056076, -2.4668569564819336, 0.1309034526348114, -0.8616324067115784, 1.3028424978256226, -0.016737358644604683, -0.7720415592193604, 0.6484616994857788, -0.2160884141921997, -0.06421241164207458, 1.4261775016784668, 0.8305113315582275, -0.1371563971042633, 0.37687453627586365, 2.178156614303589, 0.41359743475914, -1.7844475507736206, 0.8230418562889099, -0.4735577404499054, -0.41162776947021484, -0.2513028383255005, -0.7538346648216248, -0.03291357308626175, 1.755207896232605, -1.0115989446640015, 1.0630054473876953, -1.8035082817077637]",yunet,Facenet,1920,1080,/home/amos/media/tv/modern_family/Modern.Family.S09.1080p.DSNP.WEB-DL.DDP5.1.H.264-CRFW/Modern.Family.S09E21.The.Escape.1080p.DSNP.WEB-DL.DDP5.1.H.264-CRFW.mkv,Modern Family,2009,1442437,9,21,Ty Burrell,15232.0,0.746
958,1020,144,1242,444,1194,258,1092,258,0.93,22848,0,"[-0.010208994150161743, 1.3163877725601196, 0.7004348635673523, 0.1479710340499878, -0.512755274772644, 0.12457319349050522, -0.13887281715869904, -0.5369691848754883, -0.8778520822525024, -1.1691330671310425, 0.6059274077415466, 0.9423995018005371, 1.3819524049758911, -0.7508096694946289, -1.4624778032302856, -0.40304648876190186, -0.11492082476615906, -0.9746613502502441, -0.5645545721054077, 0.5002157688140869, -1.9794107675552368, 1.3593424558639526, -0.5162517428398132, 0.802387535572052, -0.7312159538269043, 1.8042024374008179, -2.166761636734009, 2.0749869346618652, 0.7086325287818909, -2.3522579669952393, -0.07459591329097748, -0.3846050500869751, -0.92743319272995, -0.8898168206214905, 0.6018241047859192, 0.3990733325481415, 0.8718153238296509, 0.1606518030166626, 1.2306408882141113, 1.0082355737686157, 0.4570941925048828, 1.2951799631118774, -0.4819793999195099, 0.5528497099876404, -0.4676969051361084, 0.3003315329551697, 0.966404914855957, 0.13549435138702393, -0.1842542141675949, -1.0968891382217407, 0.5217472910881042, 0.09664259850978851, -0.6189336776733398, -0.6433919668197632, 0.19846928119659424, 1.0562171936035156, 1.778946042060852, 0.7285233736038208, -0.025641150772571564, 0.22424286603927612, 1.3710659742355347, -1.442646861076355, -0.3774963319301605, -0.14504790306091309, -0.6993675231933594, 2.2438085079193115, 1.3031307458877563, 0.7110074758529663, 1.5306791067123413, -0.3023315370082855, -0.792793333530426, 1.6803704500198364, -1.1278009414672852, 1.5580264329910278, -0.12587323784828186, 1.502108097076416, -1.189614176750183, 1.580916404724121, 0.8893907070159912, 0.5163353085517883, 0.2581593692302704, -0.6599526405334473, -0.21433129906654358, -0.07745814323425293, -1.2001923322677612, -0.7944027185440063, 0.5798667073249817, 0.032683685421943665, -0.5343918204307556, 0.2614406645298004, 0.6482813954353333, -1.9946715831756592, 0.19122382998466492, -1.056025743484497, 0.8224751353263855, 0.43088823556900024, 0.33320504426956177, 0.13364426791667938, 0.32886508107185364, -1.7304943799972534, -0.5842424631118774, -0.5140966773033142, -1.8693671226501465, 0.4228336215019226, -0.6902433633804321, 0.6666762232780457, 0.2124464064836502, -1.1791133880615234, 0.340425044298172, -0.26384052634239197, 0.09518864005804062, 1.3185113668441772, 1.3391060829162598, 0.09582887589931488, -0.001929664984345436, 2.1482200622558594, -1.0847781896591187, -1.5312550067901611, 0.7040135860443115, 0.3847198486328125, -1.1907448768615723, -0.05893189460039139, 0.15585832297801971, -0.7694998383522034, 1.312813401222229, -0.6166845560073853, 0.9422400593757629, -1.7584806680679321]",yunet,Facenet,1920,1080,/home/amos/media/tv/modern_family/Modern.Family.S09.1080p.DSNP.WEB-DL.DDP5.1.H.264-CRFW/Modern.Family.S09E21.The.Escape.1080p.DSNP.WEB-DL.DDP5.1.H.264-CRFW.mkv,Modern Family,2009,1442437,9,21,Ty Burrell,15232.0,0.795
959,1110,162,1314,456,1236,276,1146,276,0.933,22872,0,"[0.6852066516876221, 1.2624863386154175, 0.5909832715988159, 0.19254577159881592, -0.029345571994781494, -0.07882972806692123, -0.4924861192703247, -0.31736379861831665, -1.1302266120910645, -0.7189035415649414, -0.28946545720100403, 1.4273189306259155, 1.5138556957244873, -0.07798963785171509, -1.429213285446167, 0.5574135184288025, 0.3735887110233307, -1.6690378189086914, -0.18018607795238495, 0.076860710978508, -1.5505871772766113, 1.9833183288574219, -0.524856686592102, 0.8744622468948364, 0.05154375359416008, 1.4011884927749634, -2.6729061603546143, 2.3794727325439453, 1.2682448625564575, -2.4126720428466797, 0.048335157334804535, -0.7263438105583191, -0.8497035503387451, -1.152238130569458, 1.23372483253479, 0.48743677139282227, 0.796525239944458, 0.19839595258235931, 0.5676907300949097, 1.0927188396453857, 0.3482550084590912, 1.6374857425689697, -1.0394936800003052, 0.1498531699180603, -0.19727134704589844, 0.47257575392723083, 0.6105767488479614, 0.4208783507347107, 0.7036648392677307, -0.7038283348083496, 0.37436598539352417, 0.023539472371339798, -0.9291996955871582, -1.0210407972335815, 0.05253453552722931, 1.199317455291748, 1.6749415397644043, -0.042343419045209885, 0.5771039724349976, 1.1678805351257324, 1.1982674598693848, -1.412368893623352, 0.06138976663351059, -0.6761742234230042, -1.1190425157546997, 1.7319906949996948, 1.5963095426559448, 1.2053539752960205, 2.103106737136841, 0.5344861745834351, -0.7828177809715271, 2.4093363285064697, -2.062755823135376, 1.360586404800415, 0.1695171445608139, 0.41044437885284424, -0.44634729623794556, 1.5231029987335205, 0.7975616455078125, 0.36530935764312744, -0.2917587459087372, -0.9177873134613037, 0.5765026211738586, -0.4621470868587494, -1.4318329095840454, -0.887910008430481, 0.5716464519500732, -0.8206750750541687, -0.22827626764774323, 0.01621101424098015, 0.8804014921188354, -1.9547282457351685, 0.3505282402038574, -1.3989812135696411, 1.2359755039215088, -0.141628697514534, 1.14442777633667, 0.5735601782798767, 1.0945277214050293, -0.41762134432792664, -0.3829724192619324, 0.2927369475364685, -2.1549830436706543, 0.6121376156806946, -0.433142751455307, 0.6634557247161865, 0.20606191456317902, -0.8280882835388184, -0.44972169399261475, -0.006552672013640404, -0.14685028791427612, 1.412461280822754, 1.282490849494934, -0.26455917954444885, 0.42332398891448975, 1.4892759323120117, 0.05639204382896423, -0.7783768773078918, 0.19703540205955505, -0.6113349795341492, 0.1222224086523056, 0.13589303195476532, 0.13255339860916138, -0.9536768198013306, 1.5479164123535156, -1.0821820497512817, -0.27246981859207153, -1.5740232467651367]",yunet,Facenet,1920,1080,/home/amos/media/tv/modern_family/Modern.Family.S09.1080p.DSNP.WEB-DL.DDP5.1.H.264-CRFW/Modern.Family.S09E21.The.Escape.1080p.DSNP.WEB-DL.DDP5.1.H.264-CRFW.mkv,Modern Family,2009,1442437,9,21,Ty Burrell,15232.0,0.789
960,1044,126,1254,432,1158,252,1086,252,0.934,22896,0,"[0.8102920055389404, 1.3912379741668701, 1.1277090311050415, 0.07130192965269089, -0.544230580329895, 0.4365313947200775, -0.8518617749214172, -0.044713344424963, -1.1168497800827026, -0.6916906237602234, -0.3581404387950897, 1.2235428094863892, 1.1783949136734009, 0.5329099893569946, -1.2185626029968262, -0.03654545545578003, 1.0369282960891724, -1.1186846494674683, -0.15909647941589355, 0.40559035539627075, -0.6772149801254272, 1.7495280504226685, -0.35183393955230713, 0.450459361076355, 0.4818302392959595, 0.5761266946792603, -3.72810435295105, 2.2110438346862793, 1.252268671989441, -3.0277695655822754, 0.6219884157180786, -1.0309925079345703, -0.8655923008918762, -1.114392638206482, 1.788320541381836, 0.23703542351722717, 0.6851937770843506, 0.4220622479915619, 0.1760929971933365, 0.9647608995437622, -0.08060295879840851, 1.8206692934036255, -0.8929457664489746, -0.06699009239673615, -0.47198402881622314, 0.19393649697303772, 0.791775643825531, 0.6372075080871582, 0.8143379092216492, -0.3617725074291229, 0.3340744376182556, -0.03308012709021568, -0.6544958353042603, -1.5417628288269043, 0.15684570372104645, 1.4390673637390137, 1.8913182020187378, 0.16350550949573517, 0.5020993947982788, 1.0235692262649536, 1.6116087436676025, -1.138870358467102, 0.12490304559469223, -0.28774043917655945, -1.305743932723999, 0.9457293152809143, 1.7571519613265991, 0.7306740283966064, 1.9722132682800293, 0.6730550527572632, -0.7429507374763489, 2.000415325164795, -1.8666692972183228, 0.7206162810325623, 0.07564243674278259, 0.06294023990631104, -0.017420977354049683, 0.9010229110717773, 0.22810682654380798, 0.46597641706466675, 0.12203406542539597, -1.460632562637329, 0.8865376114845276, -0.34520262479782104, -1.2801260948181152, -0.607317328453064, 0.7637391090393066, -1.4949252605438232, 0.13475218415260315, -0.11654169857501984, 0.41028138995170593, -1.9024673700332642, -0.507227897644043, -1.0927436351776123, 1.3000646829605103, -0.26973438262939453, 0.9503499269485474, 0.1380651444196701, 1.6997604370117188, -0.20678851008415222, -0.14914757013320923, 1.3777436017990112, -2.2135748863220215, 0.4739803373813629, 0.05899534374475479, 0.47003018856048584, 0.21889515221118927, -0.8184518814086914, 0.10810406506061554, -0.4391705393791199, -0.6663670539855957, 1.4909456968307495, 0.9716740846633911, 0.1930806189775467, -0.07428557425737381, 1.0017311573028564, 0.5302740335464478, -0.7687891125679016, -0.4684680998325348, -0.8432892560958862, 0.052409734576940536, 0.056875403970479965, -0.24943237006664276, -0.930090606212616, 1.4182578325271606, -0.9575369954109192, -0.6173865795135498, -1.6933823823928833]",yunet,Facenet,1920,1080,/home/amos/media/tv/modern_family/Modern.Family.S09.1080p.DSNP.WEB-DL.DDP5.1.H.264-CRFW/Modern.Family.S09E21.The.Escape.1080p.DSNP.WEB-DL.DDP5.1.H.264-CRFW.mkv,Modern Family,2009,1442437,9,21,Ty Burrell,15232.0,0.71
961,936,162,1164,474,1026,294,966,294,0.932,22920,0,"[0.3296049237251282, 2.0087194442749023, 1.153969168663025, 0.24250471591949463, -0.7467409372329712, 0.18932926654815674, -0.4705432057380676, 0.06193907558917999, -0.9006412029266357, -0.7499917149543762, -0.21244129538536072, 1.2601327896118164, 1.0749948024749756, 0.11567667126655579, -1.2789959907531738, 0.9417415261268616, 0.26829206943511963, -0.5826099514961243, -0.5320320129394531, 2.342747211456299, -0.8040657043457031, 2.3327553272247314, -0.19108140468597412, 0.4448610842227936, -0.43861153721809387, 1.40450918674469, -3.9596855640411377, 2.2098660469055176, 0.6359811425209045, -2.6003904342651367, 0.11376798897981644, -1.5847381353378296, -1.4459772109985352, -0.16571716964244843, 1.4368493556976318, 0.4758162498474121, 0.6357445120811462, -0.08756306022405624, 1.0107829570770264, 1.0052893161773682, -0.6235433220863342, 1.8664003610610962, -0.8697522878646851, -0.18171140551567078, -0.5162199139595032, -0.2885991930961609, 0.3780069649219513, 0.9876854419708252, -0.25726115703582764, 0.0022152066230773926, 0.801474392414093, 0.321378231048584, -0.8863213658332825, -0.888346254825592, -0.565879225730896, 0.7169077396392822, 2.216003894805908, 0.3452081084251404, -0.06694087386131287, 0.856076717376709, 1.6806716918945312, -0.721791684627533, -0.14214804768562317, 0.0534767247736454, -0.8546951413154602, 1.0846328735351562, 2.078652858734131, 0.7385938763618469, 1.8367633819580078, 0.786979079246521, -0.4284884035587311, 1.5029453039169312, -1.1398446559906006, 1.0413017272949219, 0.6316088438034058, 0.6725119352340698, -0.27722471952438354, 0.7830674648284912, 0.2806241512298584, 0.3234964609146118, 0.10335562378168106, -1.7539135217666626, 0.4227912127971649, 0.21126413345336914, -0.8700835108757019, -0.6207009553909302, 1.0001649856567383, -0.7506610751152039, -0.21336312592029572, 0.13678401708602905, 0.292272686958313, -2.0841243267059326, 0.01018550619482994, -0.7964298129081726, 0.4503296911716461, -0.7013137340545654, 0.9616212248802185, -0.08187969774007797, 0.9385648965835571, -0.7423210144042969, 0.19117213785648346, 1.1371005773544312, -2.897127628326416, 0.5644938349723816, -0.10411997139453888, 0.1999744176864624, -0.055522240698337555, -1.3472098112106323, -0.30006885528564453, 0.3928183913230896, 0.40606701374053955, 1.837531328201294, 1.4544401168823242, 0.4341510534286499, 0.4456236660480499, 1.2465577125549316, -0.4350959360599518, -1.033793330192566, -0.10177323967218399, -0.5668967366218567, 0.10618199408054352, -0.05831797420978546, -0.7300106287002563, -1.2597899436950684, 1.324288249015808, -1.8462921380996704, -0.138747900724411, -1.2778245210647583]",yunet,Facenet,1920,1080,/home/amos/media/tv/modern_family/Modern.Family.S09.1080p.DSNP.WEB-DL.DDP5.1.H.264-CRFW/Modern.Family.S09E21.The.Escape.1080p.DSNP.WEB-DL.DDP5.1.H.264-CRFW.mkv,Modern Family,2009,1442437,9,21,Ty Burrell,15232.0,0.734
962,1068,198,1248,438,1212,288,1122,288,0.9,23352,0,"[-0.005999632179737091, -0.9507184028625488, -1.7260591983795166, 0.6634481549263, 1.6274996995925903, -0.0106882993131876, 2.0134048461914062, 0.29492828249931335, 0.687041163444519, 0.0925583690404892, 0.1616874635219574, -1.2330200672149658, -1.488751769065857, 0.4914291203022003, -0.49463483691215515, 1.034650206565857, 0.3991849720478058, -1.2893764972686768, -1.0476137399673462, -1.3751757144927979, -0.6373823881149292, 1.127869963645935, -0.5194290280342102, 0.4280700087547302, 1.1993168592453003, 1.9535808563232422, 0.7940835952758789, -0.6934703588485718, 1.4060078859329224, -0.5132974982261658, 0.8939816951751709, 1.5080827474594116, -1.2340061664581299, 1.8163881301879883, 0.9052259922027588, -0.35841938853263855, 0.5346211194992065, -2.166322708129883, 0.4678596258163452, -1.062095046043396, -0.9094488620758057, 1.1628409624099731, -0.3116443157196045, -0.7634702920913696, -0.015939785167574883, -1.3113832473754883, -0.39715200662612915, -0.23749291896820068, -1.017867922782898, 2.2088072299957275, -0.929609477519989, -0.27349260449409485, -1.7432385683059692, 1.3021125793457031, -0.2140796035528183, -0.6296679377555847, 1.9818010330200195, -0.07396247982978821, -1.2376625537872314, -0.6145384907722473, -1.651943325996399, -1.7144241333007812, 2.3286967277526855, 1.380164384841919, -0.3510923981666565, 1.3015729188919067, -0.7942075729370117, 1.9474800825119019, 0.13446882367134094, -1.5330339670181274, 0.6821228265762329, -0.2888445258140564, -0.7567694187164307, 0.9123314023017883, 1.4746265411376953, -0.1809299737215042, -0.17080417275428772, 0.29968950152397156, 0.2930477261543274, 0.6943258047103882, -1.9995062351226807, 1.810288429260254, -0.8820619583129883, -2.442318916320801, -0.8789799809455872, -0.06948317587375641, -0.8723962306976318, 0.42101776599884033, 0.4548850357532501, 1.2271300554275513, -0.30566146969795227, -0.4631507396697998, -0.2820231020450592, -0.36786553263664246, 0.9673507809638977, 0.9232640266418457, -2.290841817855835, 1.0673984289169312, -0.4872889220714569, 0.011885024607181549, -0.3396903872489929, -0.119582399725914, -0.9851070642471313, -0.5159658193588257, 0.7524626851081848, -0.09341031312942505, -0.686060905456543, -0.7394330501556396, -0.8045054078102112, -1.5651023387908936, 0.5552344918251038, 0.43491560220718384, 2.407785415649414, -0.803766131401062, 1.37309730052948, 0.22753974795341492, 0.8277376890182495, -0.8504984378814697, 0.5160088539123535, 0.8574523329734802, 0.023706141859292984, -0.1515912562608719, 1.8444585800170898, -0.855061948299408, -0.5692101120948792, 0.650444507598877, 0.2646328806877136, -0.08857755362987518]",yunet,Facenet,1920,1080,/home/amos/media/tv/modern_family/Modern.Family.S09.1080p.DSNP.WEB-DL.DDP5.1.H.264-CRFW/Modern.Family.S09E21.The.Escape.1080p.DSNP.WEB-DL.DDP5.1.H.264-CRFW.mkv,Modern Family,2009,1442437,9,21,Jesse Tyler Ferguson,204815.0,0.518
963,1140,288,1260,444,1206,354,1152,354,0.913,23544,0,"[0.9113732576370239, 1.2927753925323486, 0.8707148432731628, -0.10557737946510315, -0.9154436588287354, 0.31326746940612793, -1.1649216413497925, 0.21861673891544342, -0.779733419418335, -0.4741174280643463, 0.3015519976615906, 1.3143893480300903, 1.092302680015564, -0.19359688460826874, -1.1225676536560059, 0.6488314867019653, 0.7284204959869385, -0.2518012225627899, -0.11299045383930206, 2.149186372756958, -0.1472182273864746, 1.0223037004470825, -0.24405035376548767, 0.5821610689163208, 0.2296724021434784, 0.748288094997406, -3.9226057529449463, 2.245736598968506, 1.1734797954559326, -2.4893743991851807, 0.36689120531082153, -1.271013617515564, -1.1630487442016602, -0.1514996886253357, 0.8081544637680054, 0.5855810642242432, 0.4306863844394684, 0.7572779655456543, 0.8381394147872925, 0.982860803604126, -0.281427264213562, 2.359900712966919, -0.11788918077945709, -0.1336430013179779, -0.733197033405304, -0.19086769223213196, 0.5101029276847839, 1.1096339225769043, -0.4992167353630066, -0.5885823965072632, 0.16015857458114624, 0.18298417329788208, -0.901932954788208, -0.28207409381866455, -0.16731347143650055, 1.0775810480117798, 2.173757553100586, 0.6288734674453735, 0.9635593295097351, 1.1057333946228027, 1.9315494298934937, -0.0741332471370697, -0.0445341095328331, 0.4717785716056824, -0.4102243483066559, 0.8659651875495911, 1.5263595581054688, 0.4599530100822449, 1.154778003692627, 0.25942090153694153, -0.9982061982154846, 1.185386300086975, -1.4457519054412842, 1.265653133392334, 0.5254372358322144, 0.8150942325592041, -0.5298004746437073, 0.6304011940956116, 0.3067752420902252, 0.06760787963867188, 0.6758982539176941, -2.177839994430542, 0.0012256540358066559, -0.1567213535308838, -0.8274114727973938, -0.8864947557449341, 0.6682479977607727, -0.5743987560272217, -0.4200292229652405, -0.14651530981063843, 0.42043250799179077, -1.6360918283462524, -0.19708096981048584, -1.2427629232406616, 0.40834587812423706, -0.42991918325424194, 0.44172242283821106, -1.2725180387496948, 0.9022166728973389, -0.7638500928878784, -0.3386077284812927, 1.0763193368911743, -2.633075714111328, -0.012187674641609192, 0.0507974848151207, 0.35437142848968506, -0.038362421095371246, -1.7302448749542236, 0.36643216013908386, 0.18328851461410522, 0.4938843846321106, 1.1818170547485352, 0.8617078065872192, 0.13652744889259338, 0.08584197610616684, 0.9977670907974243, -0.8857645988464355, -0.7271679043769836, 0.1480458825826645, -0.18844319880008698, -0.24441079795360565, 0.12347400933504105, -0.23821531236171722, -1.092873454093933, 1.5664206743240356, -1.441723108291626, 0.6530048251152039, -1.7810592651367188]",yunet,Facenet,1920,1080,/home/amos/media/tv/modern_family/Modern.Family.S09.1080p.DSNP.WEB-DL.DDP5.1.H.264-CRFW/Modern.Family.S09E21.The.Escape.1080p.DSNP.WEB-DL.DDP5.1.H.264-CRFW.mkv,Modern Family,2009,1442437,9,21,Ty Burrell,15232.0,0.697
964,1056,270,1188,450,1134,342,1080,342,0.904,23568,0,"[0.5672403573989868, 1.6499913930892944, 0.9605819582939148, -0.21549946069717407, -0.9960788488388062, 0.38714784383773804, -0.35283100605010986, 0.22358398139476776, -0.6733047962188721, -0.767401397228241, 0.2490718960762024, 0.7100102305412292, 0.8492130041122437, 0.43929317593574524, -1.5558604001998901, -0.43865305185317993, 0.3817329704761505, -0.41893309354782104, -0.3906640112400055, 1.8378456830978394, -0.7920207977294922, 1.268041729927063, -0.19112202525138855, 0.4484594762325287, -0.055016834288835526, 1.68516206741333, -4.332237720489502, 1.7168670892715454, 0.530977725982666, -2.641756772994995, 0.26495033502578735, -1.3456876277923584, -1.5850871801376343, -0.6929298043251038, 1.757726788520813, 1.0646082162857056, 0.7486910223960876, 1.1321510076522827, 1.1656684875488281, 1.3304764032363892, 0.03536074981093407, 1.87986159324646, 0.008978739380836487, -0.17710596323013306, -0.6203005313873291, 0.4123888909816742, 0.84223872423172, 1.4336999654769897, -1.2207187414169312, -0.3829820454120636, 0.4323018193244934, 0.6293752789497375, -0.7228941321372986, -1.1520562171936035, -0.6664183139801025, 1.0381020307540894, 1.6826518774032593, 1.1480706930160522, 1.1468565464019775, 0.19734513759613037, 2.357990264892578, -0.355224609375, -0.9346501231193542, 0.15435488522052765, -0.6276164054870605, 1.151888132095337, 1.0667375326156616, 0.6814396381378174, 2.125844955444336, 0.20917034149169922, -0.21708695590496063, 0.7774046659469604, -1.1689316034317017, 0.828588604927063, -0.14120535552501678, 0.9479125738143921, 0.12614554166793823, 0.5768516063690186, 0.01947987824678421, 0.0836527943611145, 0.8960667848587036, -2.1548445224761963, 0.13036227226257324, 0.08974730223417282, -0.8594735264778137, -0.812386155128479, 1.3311567306518555, -0.5560678839683533, -0.13987132906913757, 0.1440141201019287, -0.12823346257209778, -2.119710922241211, -0.020480049774050713, -0.8505468368530273, 0.06386679410934448, 0.2460554987192154, 1.3154205083847046, -0.645767331123352, 0.6997332572937012, -0.4363480508327484, -0.5938770771026611, 1.281005620956421, -2.143558979034424, -0.1491301953792572, -1.265529751777649, 0.4344184398651123, 1.0202323198318481, -1.3260098695755005, 0.9407368302345276, 0.20198561251163483, 0.507964551448822, 1.3353235721588135, 1.3706059455871582, 0.34000739455223083, 0.10801491141319275, 1.5694576501846313, -0.582242488861084, -0.7381688356399536, 0.10442427545785904, -0.4807199537754059, -0.5612950921058655, 0.6338620185852051, -0.6418100595474243, -1.2850797176361084, 1.0275850296020508, -1.0467783212661743, 0.6438079476356506, -1.8354591131210327]",yunet,Facenet,1920,1080,/home/amos/media/tv/modern_family/Modern.Family.S09.1080p.DSNP.WEB-DL.DDP5.1.H.264-CRFW/Modern.Family.S09E21.The.Escape.1080p.DSNP.WEB-DL.DDP5.1.H.264-CRFW.mkv,Modern Family,2009,1442437,9,21,Ty Burrell,15232.0,0.78
965,1266,330,1410,522,1356,402,1290,402,0.919,23616,0,"[0.4806010127067566, 1.910172462463379, 0.9370062947273254, 0.46082183718681335, -1.3225632905960083, -0.01165013574063778, -0.42889612913131714, -1.0337330102920532, -1.1157845258712769, -1.3954895734786987, 0.4425433874130249, 0.7344387769699097, 1.1535685062408447, 0.5718777179718018, -2.044445037841797, -0.3099871277809143, 0.5558487176895142, -1.3147729635238647, -0.8828298449516296, 0.7756882905960083, -1.137500286102295, 1.4074374437332153, 0.24661749601364136, 1.3531988859176636, 0.43318334221839905, 0.8633909225463867, -3.2746999263763428, 1.7691869735717773, 1.4643555879592896, -2.8882620334625244, 0.4376380443572998, -1.7617391347885132, -0.4621160626411438, 0.4724801182746887, 1.0667227506637573, 0.3121434152126312, 0.8492637872695923, -0.33233505487442017, 1.2453489303588867, 1.0639688968658447, 0.25360849499702454, 1.389986276626587, 0.13931849598884583, 0.4673333764076233, -0.5624064803123474, 0.5988306999206543, 1.41470205783844, 0.4897085130214691, -1.131706714630127, -0.8630985021591187, -0.05006398260593414, -0.17918145656585693, -0.828452467918396, -1.3867741823196411, -0.3510627746582031, 2.2811577320098877, 2.8802428245544434, 0.8649501204490662, 1.2830297946929932, 0.8040497899055481, 2.3206968307495117, -0.8488740921020508, -0.3957478404045105, 0.2412295639514923, -1.0396958589553833, 1.716578722000122, 0.9773658514022827, 0.3018544316291809, 1.1822015047073364, -0.6612834930419922, -0.7505692839622498, 1.2757818698883057, -0.731859564781189, 1.2611652612686157, -0.0892128199338913, 1.3798043727874756, 0.7613447904586792, 0.9437854290008545, 1.5664689540863037, -0.4319666028022766, 0.7452837824821472, -0.8674989938735962, 0.20694690942764282, 0.09723138064146042, -0.1576625108718872, -1.1879483461380005, 1.186409831047058, -0.4238455891609192, -0.03439903259277344, 0.4756963551044464, -0.0640166625380516, -1.2957900762557983, 0.3877483606338501, -1.2143281698226929, 1.0937632322311401, -0.10638220608234406, 0.6034258008003235, -0.24830004572868347, -0.20593492686748505, -1.448698878288269, -0.49671268463134766, -0.18670588731765747, -1.7686113119125366, 1.1500259637832642, -0.012074597179889679, 0.2636864185333252, 0.7273789644241333, -0.9004042148590088, -0.33410605788230896, -1.1229501962661743, 0.7529700994491577, 1.614914059638977, 1.9431895017623901, 0.6498968601226807, -0.3824758529663086, 1.1232041120529175, 0.0014491397887468338, -0.33953791856765747, 0.9531962871551514, 0.6250795125961304, -0.4051029682159424, 0.1658071130514145, -0.12301231920719147, -0.5761317014694214, 1.6011642217636108, -0.7280322909355164, 1.043502926826477, -1.9280165433883667]",yunet,Facenet,1920,1080,/home/amos/media/tv/modern_family/Modern.Family.S09.1080p.DSNP.WEB-DL.DDP5.1.H.264-CRFW/Modern.Family.S09E21.The.Escape.1080p.DSNP.WEB-DL.DDP5.1.H.264-CRFW.mkv,Modern Family,2009,1442437,9,21,Ty Burrell,15232.0,0.708
966,696,180,822,336,792,246,738,240,0.911,23688,0,"[-0.7987983226776123, 0.35947853326797485, 1.7158876657485962, 0.07262972742319107, -0.1405506581068039, 1.3565887212753296, 2.2595455646514893, 0.3737548291683197, -0.44467848539352417, 2.027205228805542, 0.353037565946579, 1.3609930276870728, -0.6947639584541321, -2.6320276260375977, -0.5981636047363281, 2.474860429763794, -1.342155933380127, -0.19255989789962769, -0.39067602157592773, 0.4696797728538513, 1.6307133436203003, 0.26590532064437866, 1.050787091255188, -0.6335830688476562, -1.401011347770691, 0.280938059091568, -0.7651369571685791, 0.48159024119377136, 1.301276445388794, 1.628556251525879, -0.38532447814941406, -1.2322115898132324, -0.122904933989048, -0.7961751818656921, 2.0455970764160156, -1.1083508729934692, -2.0392961502075195, -0.0936226025223732, -0.007430285215377808, 0.09868654608726501, -1.6098202466964722, 0.16273227334022522, -2.228260040283203, 0.23225215077400208, -0.03342258185148239, 0.9369842410087585, 0.2188572883605957, 0.5036373138427734, -1.7608755826950073, 0.6681292057037354, -1.0509004592895508, 1.6390624046325684, 0.7351904511451721, 0.449224054813385, 0.33093196153640747, 0.4950946271419525, -0.005052249878644943, 0.3952614963054657, -0.7720714211463928, -0.03810849040746689, -0.008470047265291214, -0.3301463723182678, 0.4298740327358246, -1.694939136505127, 0.19085514545440674, 0.8501706719398499, 0.632783055305481, 1.7859611511230469, 1.4301320314407349, -0.4783302843570709, 0.026478547602891922, -0.17879746854305267, -0.09809473156929016, 1.7452263832092285, 0.7668135166168213, 1.6041414737701416, -1.739326000213623, 0.46456679701805115, 0.5781586766242981, 0.8350448608398438, 0.3689611554145813, -1.5574785470962524, -1.3391073942184448, -1.3416013717651367, 1.3851126432418823, -1.2879233360290527, -0.10816197097301483, 0.33807796239852905, 0.35737550258636475, 2.203911066055298, -1.3115979433059692, 1.0581218004226685, 1.7520427703857422, 1.8507503271102905, -0.6421248912811279, 1.3560189008712769, -0.7733964920043945, 0.6764441728591919, 0.16166196763515472, -0.9579157829284668, 0.1440069079399109, -0.8825960159301758, -1.4045655727386475, 0.19816496968269348, 0.1394347846508026, -0.2295500487089157, -0.9557934403419495, 0.7891088724136353, 0.3043389320373535, 0.7442149519920349, 1.3782627582550049, 1.373885989189148, 0.6938955783843994, -1.033778190612793, 0.5294501185417175, 1.9838943481445312, -0.19743818044662476, -0.761359691619873, 0.06647384166717529, -0.6777858138084412, 1.6228693723678589, -0.5554178953170776, -2.2265288829803467, -0.0015313915209844708, 0.1695728600025177, 0.5665486454963684, -1.306830883026123, -1.1473774909973145]",yunet,Facenet,1920,1080,/home/amos/media/tv/modern_family/Modern.Family.S09.1080p.DSNP.WEB-DL.DDP5.1.H.264-CRFW/Modern.Family.S09E21.The.Escape.1080p.DSNP.WEB-DL.DDP5.1.H.264-CRFW.mkv,Modern Family,2009,1442437,9,21,Sofía Vergara,63522.0,0.666
967,618,132,750,294,714,204,654,198,0.901,23736,0,"[-1.1527116298675537, 0.3483709990978241, 1.9884369373321533, -1.5481153726577759, -0.6470233798027039, 0.3041451871395111, 0.906747579574585, -0.24096554517745972, -1.1940892934799194, 1.9899694919586182, 0.7266774773597717, 1.211232304573059, -1.013615369796753, -1.669456958770752, 0.6685094833374023, 2.06549072265625, -1.6626356840133667, -1.0023956298828125, -1.460553526878357, -0.06459467858076096, 0.9879426956176758, -0.48093417286872864, 0.7028527855873108, -0.055611029267311096, 0.004618080332875252, 0.5882683396339417, -0.7422645092010498, 0.8219704031944275, 2.1785147190093994, 0.14036406576633453, 0.04921192675828934, -1.0823696851730347, -0.02336999587714672, -0.5648014545440674, 2.2916276454925537, -0.4628444314002991, -0.9607295989990234, -0.9010725021362305, 1.0968822240829468, -0.4620550572872162, -2.2093610763549805, 0.009623818099498749, -1.915627121925354, 0.6428583860397339, -0.3274763524532318, -0.06212379038333893, -1.2435379028320312, 0.627537727355957, -1.0721834897994995, 0.5889530181884766, -1.4234018325805664, 0.6261399388313293, 1.1543805599212646, 1.518272042274475, -0.2003345489501953, -0.10824169218540192, 0.01712847128510475, 0.152701273560524, -0.8288468718528748, 0.6696198582649231, -0.4404476284980774, -0.3472868800163269, -0.5197515487670898, -1.256307601928711, -0.4321650266647339, 1.5221474170684814, 0.08998719602823257, 0.2580605447292328, 1.9331645965576172, 0.13639706373214722, -0.5856583714485168, 0.030402079224586487, -0.14001527428627014, 0.7228242754936218, 0.44638532400131226, 0.4623261094093323, -1.0579124689102173, -0.16197094321250916, 1.7969396114349365, 1.096245288848877, 0.5884995460510254, -1.6132041215896606, -1.3737963438034058, -1.0929871797561646, 1.4695097208023071, -1.603560447692871, -0.8852539658546448, 0.078621506690979, 0.9938971996307373, 1.9939930438995361, -0.7528143525123596, 0.4530673325061798, 0.010748285800218582, 0.37982478737831116, -0.25759994983673096, 2.790325403213501, -1.6099035739898682, 0.2136925607919693, 0.004019796848297119, -2.058959722518921, 0.2965999245643616, -1.02491295337677, -1.3734973669052124, 0.683849036693573, 0.8223079442977905, 0.6055316925048828, -0.08599023520946503, -0.803048849105835, 0.7102457284927368, 0.648520827293396, 1.5232406854629517, 0.53667151927948, 0.6550251245498657, -1.5405428409576416, 1.3140804767608643, 1.7309608459472656, 0.2186526656150818, -0.6170676946640015, 0.23018649220466614, -0.3273579478263855, 1.9570285081863403, -2.133578300476074, -0.7774291634559631, 0.10598556697368622, 0.15323179960250854, 0.2964652180671692, 0.8191202878952026, -0.6026338934898376]",yunet,Facenet,1920,1080,/home/amos/media/tv/modern_family/Modern.Family.S09.1080p.DSNP.WEB-DL.DDP5.1.H.264-CRFW/Modern.Family.S09E21.The.Escape.1080p.DSNP.WEB-DL.DDP5.1.H.264-CRFW.mkv,Modern Family,2009,1442437,9,21,Sofía Vergara,63522.0,0.718
968,1566,186,1674,336,1644,240,1590,240,0.901,23784,0,"[-0.6938753128051758, 1.4516167640686035, 1.2489742040634155, -1.712159514427185, -0.13059771060943604, 0.7477492094039917, 0.6479712128639221, 0.2786824703216553, 0.3281044065952301, 1.9980804920196533, -0.02239534631371498, 1.8284711837768555, -0.6261610388755798, -1.1806561946868896, -0.42361655831336975, 1.7296334505081177, -1.8150867223739624, -1.2786662578582764, -1.254415512084961, -0.8953431844711304, 0.9442405700683594, 0.8099446892738342, 0.7392676472663879, -0.23042786121368408, -0.7494300603866577, -0.6839521527290344, -0.9201704263687134, 0.502707839012146, 1.5696579217910767, 0.2637864053249359, -0.4648628532886505, -1.5249096155166626, 1.5961997509002686, -1.1789002418518066, 1.9118553400039673, -0.7870776653289795, -1.981532335281372, 0.6399129033088684, 1.2170894145965576, -0.4063369929790497, -1.3679362535476685, -0.24036182463169098, -1.915352702140808, -0.0899362862110138, -1.5637850761413574, 0.09371429681777954, -0.7504181265830994, -0.04844980686903, -2.3766462802886963, 0.14487324655056, -0.615257203578949, 1.0768450498580933, 1.1029037237167358, 0.4062821865081787, 0.21326866745948792, -0.07103672623634338, 0.32417410612106323, -0.397954523563385, -1.7900868654251099, -0.7132459282875061, -0.27185600996017456, -1.0936838388442993, -1.7709649801254272, -1.6112911701202393, 1.0569676160812378, 0.15844383835792542, 0.13296547532081604, 0.7286648154258728, 1.2659660577774048, -0.9834377765655518, -0.8020120859146118, 0.8105330467224121, -0.5464765429496765, 0.6277925372123718, 0.03992798924446106, 0.9199831485748291, -0.3116001784801483, -0.2309802919626236, 2.295109748840332, -0.24955543875694275, 1.208910346031189, -0.6895291805267334, 0.16844356060028076, -0.49391892552375793, 0.3902345597743988, -0.944791316986084, 1.1573046445846558, 0.1713406890630722, 0.15698331594467163, 2.7633776664733887, -1.1534755229949951, 0.6833363771438599, 1.2381701469421387, 0.46458303928375244, 0.4729096293449402, 1.6029372215270996, -0.9590109586715698, 1.0341516733169556, -0.2816234529018402, -1.8113292455673218, -0.3328561782836914, -1.271209716796875, -2.168274402618408, 1.2311007976531982, 0.3897816240787506, 0.038621217012405396, -0.3422295153141022, -0.2289179563522339, 0.9888907670974731, 0.7586157321929932, 1.2779767513275146, 0.7092124819755554, 0.16595640778541565, -0.12773922085762024, 0.32153448462486267, 1.1908806562423706, 0.06278642266988754, -0.06846055388450623, 1.6086143255233765, -0.7206417322158813, 0.5458871126174927, -0.4746868312358856, -2.0009002685546875, 1.410202980041504, 1.2651770114898682, 0.5665560960769653, -0.7365204691886902, -0.15841692686080933]",yunet,Facenet,1920,1080,/home/amos/media/tv/modern_family/Modern.Family.S09.1080p.DSNP.WEB-DL.DDP5.1.H.264-CRFW/Modern.Family.S09E21.The.Escape.1080p.DSNP.WEB-DL.DDP5.1.H.264-CRFW.mkv,Modern Family,2009,1442437,9,21,Sofía Vergara,63522.0,0.77
969,948,120,1128,372,1086,222,1008,222,0.914,23832,0,"[0.7789218425750732, -0.6166633367538452, -1.1121635437011719, 0.38049760460853577, 2.7445225715637207, -0.018825029954314232, 2.1328697204589844, 0.4392312467098236, 1.0271928310394287, 0.970449686050415, -1.4638018608093262, -0.8862314224243164, 0.9098337292671204, 1.1532970666885376, -0.2546561062335968, 0.8813071846961975, -1.7612420320510864, -2.576925277709961, -0.1448712944984436, 0.15977537631988525, -0.9117491245269775, 2.1213841438293457, -0.7902389168739319, 1.3773459196090698, 0.35582399368286133, 1.860770583152771, 1.8408173322677612, -0.0030884966254234314, 0.7085596919059753, -0.6892088055610657, 0.5630905628204346, 1.4124066829681396, -1.185096263885498, 0.5371001958847046, -1.5536987781524658, -1.595259189605713, 0.6914876699447632, -2.5018715858459473, 1.2567567825317383, -1.9542078971862793, -0.22879447042942047, -0.05950678139925003, -0.18917715549468994, -1.159281611442566, -0.08435647189617157, -0.605216920375824, -1.1528681516647339, -0.9999792575836182, -0.8000217080116272, 1.5178124904632568, -0.8118418455123901, 0.31244945526123047, -2.8329389095306396, -0.050905827432870865, -1.2255473136901855, -1.877130150794983, 1.4738131761550903, -0.6936373114585876, 0.07149598002433777, -0.33305084705352783, -1.3381599187850952, -0.34692180156707764, 1.2501683235168457, 1.2170536518096924, -1.723792314529419, 0.8768590092658997, -0.20424392819404602, 0.17821893095970154, 0.16139382123947144, -0.9213711023330688, -0.2793033719062805, -0.6643780469894409, 0.9513370990753174, 2.012089729309082, 0.3351981043815613, 0.35887783765792847, -0.27137017250061035, 0.33169466257095337, 0.991049587726593, 0.5583274960517883, -2.0684432983398438, 2.3672564029693604, -0.08563555777072906, -1.0013999938964844, -0.4686543047428131, -1.1616266965866089, 0.8340043425559998, 0.534940779209137, 0.23557567596435547, 0.9888508319854736, 0.04818332940340042, -0.5133158564567566, -0.36434197425842285, -0.6744382381439209, 1.3193027973175049, -0.2674826681613922, -1.4690754413604736, 1.395903468132019, -0.7522537708282471, -1.094018816947937, -0.9920292496681213, -0.8091899752616882, -0.9471004009246826, -1.0509313344955444, 0.34896302223205566, -0.19696809351444244, 0.5190424919128418, 0.21675705909729004, -0.5301520824432373, -0.099853515625, 1.1257030963897705, -0.7539067268371582, 1.743348479270935, -0.6869532465934753, 1.9316743612289429, 1.5916601419448853, 0.9234074354171753, -0.09588290750980377, -0.5968536734580994, 0.4958619177341461, 0.6659446954727173, 1.1876057386398315, 0.46577322483062744, 1.0669959783554077, -0.0053769126534461975, -1.1897259950637817, -0.025413814932107925, -0.6731287837028503]",yunet,Facenet,1920,1080,/home/amos/media/tv/modern_family/Modern.Family.S09.1080p.DSNP.WEB-DL.DDP5.1.H.264-CRFW/Modern.Family.S09E21.The.Escape.1080p.DSNP.WEB-DL.DDP5.1.H.264-CRFW.mkv,Modern Family,2009,1442437,9,21,Eric Stonestreet,156962.0,0.57
970,894,216,1074,450,1008,318,930,312,0.906,23856,0,"[-0.704049825668335, 0.09387299418449402, -1.059172511100769, -0.47285196185112, 3.4703152179718018, -0.7689844965934753, 1.0680654048919678, 0.049532439559698105, 1.9053363800048828, -0.013238241896033287, -0.30207669734954834, -0.32286161184310913, 0.5215452313423157, 0.2685122787952423, -0.3482806384563446, 0.668401837348938, -1.581337571144104, -0.9548448920249939, -0.9957826137542725, -0.8908087015151978, -0.19849716126918793, 2.2637224197387695, -2.1396870613098145, 0.7807533144950867, 0.5025006532669067, 1.4713330268859863, 1.5429726839065552, -0.6524366140365601, -0.03352697193622589, -0.36856159567832947, 0.03829777240753174, 1.3115278482437134, -1.1666206121444702, -0.34627795219421387, -0.11604400724172592, -0.433696448802948, 1.2003973722457886, -2.613884210586548, 1.220346450805664, -2.2877891063690186, -0.3567889332771301, 0.5353202819824219, -0.8876810073852539, -0.658844530582428, -1.0236209630966187, -0.4182499349117279, -1.422606110572815, -0.7817879915237427, -0.44128191471099854, 3.0879874229431152, -1.2849844694137573, 0.4283505976200104, -0.6933555603027344, 0.7321145534515381, -0.52898770570755, -1.7480822801589966, 0.7080073952674866, -2.959693670272827, -0.11237527430057526, -0.3661808371543884, -1.5075023174285889, -0.28904056549072266, 1.2404999732971191, 1.2281041145324707, -0.11750950664281845, 1.283065915107727, -0.915113091468811, -0.09565848857164383, 0.5636599659919739, -0.9033393859863281, -0.1952471286058426, 0.04403582215309143, -0.7149838805198669, 0.00467228889465332, 0.3226599097251892, -1.1842865943908691, -0.23567543923854828, 0.2700755298137665, 0.6820545196533203, 0.23356525599956512, -2.181898832321167, 0.5972317457199097, -0.718262255191803, 0.46572253108024597, 1.0188956260681152, 0.39117804169654846, 0.09491166472434998, 0.8129501342773438, 0.1471620351076126, 1.280882477760315, 0.8768134117126465, 0.8127686977386475, -0.49767178297042847, -0.7449653744697571, 0.8639613389968872, 1.6610831022262573, -0.3972958028316498, 0.10696003586053848, -0.5327146649360657, -1.4409817457199097, -0.2635515332221985, 0.4660298824310303, 0.29081597924232483, -2.3038389682769775, 0.3604503571987152, 0.44692009687423706, -0.8444905281066895, 0.30615901947021484, -0.36337676644325256, -0.5267446041107178, 1.7227669954299927, -1.6572754383087158, 1.2176306247711182, 0.4489626884460449, 1.9322954416275024, 1.5365300178527832, 0.528771162033081, 0.9806578159332275, -0.02019425481557846, 1.2723065614700317, -0.45029038190841675, -0.18453145027160645, 1.4422656297683716, -0.15301066637039185, -0.4301334023475647, -1.3050709962844849, 0.34473004937171936, -0.5921773910522461]",yunet,Facenet,1920,1080,/home/amos/media/tv/modern_family/Modern.Family.S09.1080p.DSNP.WEB-DL.DDP5.1.H.264-CRFW/Modern.Family.S09E21.The.Escape.1080p.DSNP.WEB-DL.DDP5.1.H.264-CRFW.mkv,Modern Family,2009,1442437,9,21,Eric Stonestreet,156962.0,0.512
971,1362,150,1506,342,1440,228,1386,228,0.927,24048,0,"[0.3563031852245331, 1.192445993423462, 0.8156892657279968, 0.442986398935318, -1.0658024549484253, -0.42604100704193115, -1.3568344116210938, -0.8996943831443787, -0.5942767262458801, -0.12908291816711426, -0.004386942833662033, 1.0655949115753174, 0.9396676421165466, -0.5592981576919556, -1.3045456409454346, 0.04548432677984238, 0.8364865779876709, -0.5101043581962585, -0.4829045534133911, 1.0864859819412231, -0.3280872106552124, 1.4040064811706543, 0.24545258283615112, 0.6925086379051208, -0.18995150923728943, 0.929369330406189, -2.9346492290496826, 2.682114601135254, 1.0586507320404053, -2.1880669593811035, -0.32908356189727783, -0.944530189037323, -1.1363691091537476, -0.3816777169704437, 1.5573484897613525, 0.582916259765625, 0.9004727005958557, 0.5612251162528992, 0.9655891060829163, 0.467195987701416, -0.3355126976966858, 1.7716901302337646, -0.9639177322387695, -0.5633271336555481, -0.5065808296203613, 0.28423529863357544, 0.8675163984298706, 0.20086048543453217, -0.2728744149208069, -0.5354526042938232, 0.5996218323707581, -0.6280616521835327, -0.938742995262146, -1.411312222480774, 0.08311831206083298, 1.51203453540802, 2.2056939601898193, 0.5463515520095825, 0.4369032680988312, 0.26786792278289795, 1.7611334323883057, -0.3734666109085083, -0.8534320592880249, -0.017697080969810486, -0.8761314153671265, 2.016777276992798, 1.7841955423355103, 1.1548808813095093, 1.6284079551696777, 0.11014430224895477, -0.5873844027519226, 1.3714491128921509, -0.7596791386604309, 1.0822820663452148, 0.6743561029434204, 1.4405714273452759, -0.19665923714637756, 0.6487644910812378, 0.24056145548820496, -0.4277479648590088, -0.12469951808452606, -1.3935227394104004, 0.2530406713485718, 0.29835018515586853, -0.8403068780899048, -0.7005146741867065, 1.2119009494781494, -0.12387026846408844, -0.5962949991226196, 0.1580801159143448, 0.559292197227478, -1.276719570159912, 0.28904569149017334, -0.5554251074790955, 0.9659429788589478, -0.6222606897354126, 0.9255682229995728, 0.37152358889579773, 0.6927761435508728, -1.0935568809509277, -0.14992934465408325, 0.9935573935508728, -2.2291946411132812, -0.6957711577415466, 0.4566259980201721, 0.3493961691856384, 0.5914983153343201, -1.0420265197753906, 0.4070473313331604, -0.19117261469364166, 0.3374873995780945, 1.3347532749176025, 0.42995980381965637, 0.23138928413391113, -0.0552336648106575, 2.113543748855591, -0.4901619553565979, -0.46891117095947266, -0.019762985408306122, 0.559609055519104, -0.42600661516189575, 0.24214109778404236, -0.19405077397823334, -1.1845548152923584, 2.0543174743652344, -1.4160572290420532, 0.3765730857849121, -1.633447527885437]",yunet,Facenet,1920,1080,/home/amos/media/tv/modern_family/Modern.Family.S09.1080p.DSNP.WEB-DL.DDP5.1.H.264-CRFW/Modern.Family.S09E21.The.Escape.1080p.DSNP.WEB-DL.DDP5.1.H.264-CRFW.mkv,Modern Family,2009,1442437,9,21,Ty Burrell,15232.0,0.729
972,1302,162,1440,342,1380,234,1326,234,0.914,24072,0,"[0.5398043394088745, 0.29354724287986755, 0.8985255360603333, 1.0387475490570068, -0.7372410297393799, -0.4328642785549164, -2.182422161102295, 0.35581174492836, -0.014536440372467041, -0.019375506788492203, -0.3031168282032013, 0.8759888410568237, 1.0560808181762695, -0.10656414926052094, -1.1532964706420898, 0.3826524615287781, 0.6456066370010376, 0.4083089828491211, -0.8151112794876099, 1.9235308170318604, -0.8209868669509888, 1.6210052967071533, 0.5530953407287598, 0.9466606378555298, 0.0889894962310791, 0.5842316746711731, -2.9564924240112305, 3.1615614891052246, 0.7736697793006897, -2.4625680446624756, -0.5112407207489014, -1.2850391864776611, -0.8855203986167908, -0.709333598613739, 1.335966944694519, 1.3038380146026611, 0.28575125336647034, 0.31713733077049255, 0.28068268299102783, 1.1947879791259766, 0.036791663616895676, 1.2326934337615967, 0.09526562690734863, -0.7247770428657532, -0.1720951944589615, 0.4659619629383087, 0.49498000741004944, 0.31952807307243347, 0.03889971971511841, -0.7232577800750732, 1.018894076347351, -0.5230652689933777, -0.42483648657798767, -1.2245805263519287, 0.08572062104940414, 1.0135083198547363, 1.431278109550476, 0.8383983373641968, 0.34809544682502747, 0.4444732367992401, 1.9600592851638794, -0.019663166254758835, -0.6402069330215454, 0.7510567903518677, -0.08239676803350449, 1.6752829551696777, 2.0963547229766846, 0.8619939684867859, 2.0116004943847656, 0.325499951839447, -0.43378308415412903, 1.1573485136032104, -0.5074173808097839, 1.2571462392807007, 0.5402666330337524, 0.41188153624534607, 0.0730142891407013, 0.7835986614227295, 0.4149875044822693, 0.3358476758003235, 0.09266018867492676, -1.8248744010925293, 1.5471994876861572, 0.6480900049209595, -1.2031468152999878, -1.225416660308838, 0.905787467956543, -0.4695633053779602, -0.4108905792236328, -0.326942503452301, 0.8941515684127808, -1.2517093420028687, -0.7197283506393433, -0.046859852969646454, 0.2986317276954651, -1.2343595027923584, 0.8453224301338196, 0.01462162472307682, 0.36289459466934204, -0.19312836229801178, -0.3343663811683655, 1.600834608078003, -2.385890483856201, 0.20309026539325714, -0.22544324398040771, 0.4681774377822876, 0.653287410736084, -1.8058439493179321, -0.17164747416973114, 0.17364181578159332, 0.6948567628860474, 2.0550971031188965, 0.5936276912689209, 0.3654521703720093, 0.527826189994812, 1.4161109924316406, -0.009034307673573494, -0.23974770307540894, 0.16621094942092896, -0.7416172623634338, -0.1341586858034134, -0.01777798682451248, -0.31148040294647217, -1.3688020706176758, 1.401828646659851, -1.7145557403564453, 0.6369529366493225, -1.0940582752227783]",yunet,Facenet,1920,1080,/home/amos/media/tv/modern_family/Modern.Family.S09.1080p.DSNP.WEB-DL.DDP5.1.H.264-CRFW/Modern.Family.S09E21.The.Escape.1080p.DSNP.WEB-DL.DDP5.1.H.264-CRFW.mkv,Modern Family,2009,1442437,9,21,Ty Burrell,15232.0,0.72
973,1308,168,1446,348,1386,246,1332,246,0.91,24096,0,"[0.07888339459896088, 0.7025282382965088, 1.9010998010635376, 0.22326666116714478, -0.5982756614685059, -0.3900620937347412, -1.7071404457092285, -0.5312604904174805, -0.5617544651031494, -0.3891642987728119, -0.788266658782959, 1.0654538869857788, 0.2624441981315613, 0.24275732040405273, -1.2342585325241089, 0.038194455206394196, 0.09526603668928146, 0.5364866852760315, -0.14279411733150482, 0.5405898094177246, -0.5010500550270081, 1.7681833505630493, -0.2505135238170624, 0.9591949582099915, 0.2980039119720459, 0.5721208453178406, -3.7886078357696533, 2.578488349914551, 0.9194507002830505, -2.475038766860962, 0.6459262371063232, -1.7733330726623535, -0.7360849380493164, 0.23648607730865479, 1.2859514951705933, 0.41534480452537537, 1.165608286857605, 0.03627236559987068, 0.6930723190307617, 0.6253477334976196, -0.1940746009349823, 0.8805712461471558, -0.26047828793525696, -0.7565879821777344, -1.270758867263794, 0.9478331208229065, 0.4489852786064148, 0.16311286389827728, -0.21483488380908966, -0.598587155342102, 0.17092415690422058, -0.948291540145874, -0.08600465208292007, -1.0731539726257324, 0.2778380513191223, 1.1442254781723022, 1.7879338264465332, 0.044104743748903275, 0.0661686509847641, 0.8766135573387146, 1.6580787897109985, -0.4995279312133789, -0.799144983291626, 0.573828399181366, -0.5603415966033936, 1.7878296375274658, 1.8601398468017578, 0.7950559258460999, 1.9328687191009521, 1.2348943948745728, 0.6199758052825928, 1.1041194200515747, -0.7054737210273743, 1.1400752067565918, 0.16548708081245422, 0.8206996917724609, 0.5813785791397095, 0.7514277696609497, 0.8962976336479187, 1.0832589864730835, 0.036236777901649475, -2.2891552448272705, 1.284440040588379, 0.49915894865989685, -0.5375060439109802, -0.5861237049102783, 0.8134689927101135, -0.12358987331390381, -0.06589499861001968, 0.6564465165138245, 0.9008936285972595, -1.611283779144287, -0.8776403069496155, -0.5310536623001099, 0.9261820912361145, -1.361646056175232, 0.5718493461608887, 0.9506713151931763, 1.4552326202392578, -0.8451423645019531, 0.11450977623462677, 1.3232783079147339, -2.004016399383545, 0.30621740221977234, 0.16106310486793518, 0.7441400289535522, 0.05847694352269173, -1.881201148033142, -0.7255770564079285, -0.7293396592140198, 0.11800229549407959, 1.5212668180465698, 0.1880226731300354, 0.039487823843955994, 0.697489321231842, 0.8068045377731323, 0.4023165702819824, -0.027664735913276672, 0.2414749562740326, -0.09044212102890015, -0.1520107239484787, -0.11765654385089874, -0.4194409251213074, -0.76185142993927, 1.3464009761810303, -1.3062037229537964, 0.5460816621780396, -0.410381019115448]",yunet,Facenet,1920,1080,/home/amos/media/tv/modern_family/Modern.Family.S09.1080p.DSNP.WEB-DL.DDP5.1.H.264-CRFW/Modern.Family.S09E21.The.Escape.1080p.DSNP.WEB-DL.DDP5.1.H.264-CRFW.mkv,Modern Family,2009,1442437,9,21,Ty Burrell,15232.0,0.663
974,1344,114,1494,318,1422,192,1362,198,0.907,24120,0,"[0.47265052795410156, 1.2587864398956299, 0.695946455001831, 0.10278283804655075, -0.9431501626968384, -0.3346526622772217, -1.2971506118774414, 0.558952808380127, -0.806332528591156, -0.9051309823989868, -0.4189918637275696, 1.176504373550415, 0.3980756402015686, -0.15455171465873718, -2.0025877952575684, -0.3372821807861328, 0.7406755685806274, -0.06246838718652725, -0.5318579077720642, 1.4739853143692017, -0.6984269618988037, 1.9200602769851685, -0.6776564717292786, 0.5008910894393921, -0.11837150156497955, 0.08616162091493607, -3.6087419986724854, 2.645602226257324, 0.4080420732498169, -2.566089153289795, -0.5639603137969971, -0.8646907806396484, -1.4697065353393555, -0.7991523742675781, 1.5123066902160645, 0.4665519595146179, 0.7520241737365723, 0.6618207693099976, 0.9108284115791321, 0.8850479125976562, -0.7000033259391785, 1.542410969734192, -1.0332233905792236, -0.1008177101612091, -0.3179975152015686, -0.2625058889389038, 1.2065343856811523, 1.1743437051773071, -0.46269190311431885, -0.2158181071281433, 0.33458101749420166, 0.34784531593322754, 0.24238786101341248, -1.1872080564498901, 0.48187392950057983, 0.5879615545272827, 1.39081871509552, 1.2252981662750244, -0.3860117793083191, 1.1390736103057861, 1.8383675813674927, -0.8490000367164612, -1.1701308488845825, -0.1256338357925415, -0.006331607699394226, 1.8931260108947754, 1.7155026197433472, 1.0246484279632568, 1.523297905921936, -0.18292224407196045, -0.18609093129634857, 1.2833131551742554, -1.6604174375534058, 0.9221330285072327, 0.2781297564506531, 0.47501471638679504, -0.23298567533493042, 1.1850881576538086, 1.3867712020874023, 0.46996790170669556, 0.3459242582321167, -1.7414740324020386, 1.3001381158828735, -0.05640118941664696, -1.6849778890609741, 0.5694552659988403, 0.9179226160049438, -1.0692232847213745, 0.19883310794830322, -0.3758562505245209, 0.6818894147872925, -1.2449604272842407, -1.367782711982727, -0.9007799625396729, 1.4380334615707397, -0.35666945576667786, 0.4993051588535309, -1.1616718769073486, 1.1204538345336914, 0.042846351861953735, 0.05424124002456665, 2.195189952850342, -2.789170265197754, -0.16516968607902527, -1.0404865741729736, -0.24372825026512146, 0.8323491811752319, -2.0894041061401367, 0.4934943914413452, -0.472086101770401, -0.5479475855827332, 0.9746480584144592, 1.162799596786499, 0.26749831438064575, -0.74863600730896, 1.247011661529541, -0.6755673885345459, 0.21029537916183472, -0.1790916919708252, 0.02462044358253479, -1.3270082473754883, 0.7471561431884766, -0.604182779788971, -1.895296335220337, 1.0834481716156006, -0.05204392597079277, 0.6420515775680542, -2.1829166412353516]",yunet,Facenet,1920,1080,/home/amos/media/tv/modern_family/Modern.Family.S09.1080p.DSNP.WEB-DL.DDP5.1.H.264-CRFW/Modern.Family.S09E21.The.Escape.1080p.DSNP.WEB-DL.DDP5.1.H.264-CRFW.mkv,Modern Family,2009,1442437,9,21,Ty Burrell,15232.0,0.683
975,1452,132,1602,342,1578,204,1530,216,0.91,24288,0,"[-0.3337201476097107, 1.4916726350784302, 0.4832089841365814, 0.6126711964607239, -0.7864852547645569, -0.8513482213020325, -1.0041027069091797, -0.2326103150844574, -1.3381805419921875, -0.3799380660057068, 0.017626844346523285, 1.1439917087554932, 0.4792752265930176, -0.8196930885314941, -1.0532258749008179, -0.05373988673090935, 0.5442132949829102, -0.18724705278873444, -1.0770041942596436, 1.7245069742202759, -1.4798043966293335, 2.2319464683532715, -0.21557709574699402, 0.48216402530670166, -0.8659387230873108, 1.7626820802688599, -2.5059521198272705, 2.3761439323425293, 1.341447114944458, -2.341517686843872, 0.11553593724966049, -0.4004683792591095, -0.8663895726203918, -0.3998919427394867, 1.0747073888778687, 0.3161090612411499, 0.925428032875061, 0.07222536951303482, 1.0791540145874023, 0.47789266705513, -0.7311793565750122, 1.5253143310546875, -1.333258867263794, 0.1887214481830597, 0.4316720962524414, -0.09300155937671661, 0.6238783597946167, 0.49721798300743103, 0.4309120178222656, -0.05005980283021927, 0.760983407497406, -0.06118824705481529, -0.34178435802459717, -0.898041844367981, 0.1291881650686264, 0.36860260367393494, 1.1918753385543823, 1.1369117498397827, -0.3336799144744873, -0.0867040678858757, 1.1226215362548828, -1.2542204856872559, -1.4604690074920654, 0.03769074007868767, -0.9221497774124146, 2.4078240394592285, 1.744485855102539, 0.7743430733680725, 1.799342155456543, -0.249325692653656, -0.8413041830062866, 0.8123211860656738, -0.4056275188922882, 1.1489007472991943, 0.575238823890686, 0.8043861985206604, -0.7006765604019165, 0.8892979025840759, 0.7504723072052002, 0.5017892122268677, -0.5111788511276245, -1.006640076637268, -0.08448506146669388, 0.14244778454303741, -1.3015705347061157, 0.15476013720035553, 0.20461925864219666, 0.0354943573474884, -0.40149882435798645, 0.09405723214149475, 0.2971121668815613, -0.9415249824523926, -0.5852653384208679, -0.7942583560943604, 1.3537369966506958, -1.0051898956298828, 0.43713507056236267, 0.10929609835147858, 0.44607341289520264, -1.5881037712097168, -0.06177348643541336, 0.9541575312614441, -2.7041220664978027, 0.21526801586151123, -0.20093247294425964, 0.8160171508789062, 1.0815911293029785, -1.5679264068603516, -0.017071135342121124, 0.0318775475025177, -0.41747260093688965, 1.921749472618103, 0.7045971155166626, 0.2202083319425583, 0.29325807094573975, 2.4847545623779297, -1.1163885593414307, -2.007350444793701, 0.07487527281045914, 0.33827707171440125, -0.9991307258605957, -0.22136560082435608, -0.4895328879356384, -1.526914358139038, 1.2629666328430176, -1.3963652849197388, 1.1344119310379028, -0.9324733018875122]",yunet,Facenet,1920,1080,/home/amos/media/tv/modern_family/Modern.Family.S09.1080p.DSNP.WEB-DL.DDP5.1.H.264-CRFW/Modern.Family.S09E21.The.Escape.1080p.DSNP.WEB-DL.DDP5.1.H.264-CRFW.mkv,Modern Family,2009,1442437,9,21,Ty Burrell,15232.0,0.713
976,1434,156,1572,342,1494,228,1440,234,0.911,24312,0,"[0.12024065852165222, 1.018053650856018, 0.4456782042980194, 1.1448770761489868, -1.2446030378341675, -0.13567017018795013, -1.0724461078643799, -0.5206621885299683, -0.2899148166179657, 0.5463882088661194, 0.06545156985521317, 0.2849849760532379, 1.4622118473052979, -0.4508226811885834, -1.5252383947372437, 0.0460105836391449, 0.25517186522483826, -0.05211244150996208, -0.6979833841323853, 2.0243005752563477, 0.21635231375694275, 1.7455182075500488, 0.04376661777496338, 1.3229608535766602, 0.05581691116094589, 0.48431533575057983, -2.8903274536132812, 1.8996788263320923, 0.6625049114227295, -2.7644357681274414, -0.3019879460334778, -0.9496353268623352, -1.2932372093200684, -0.13034188747406006, 1.3542110919952393, 0.43336713314056396, 0.07347512990236282, 0.8444302678108215, 1.5181455612182617, 0.053464580327272415, 0.5211286544799805, 1.9242234230041504, -0.1964280605316162, -0.3631087839603424, -0.7674534916877747, 0.09956075251102448, 1.6360466480255127, 0.09047872573137283, -0.8691043257713318, -0.5752580165863037, 0.017342332750558853, 0.44106534123420715, -1.0645802021026611, -1.3906246423721313, 0.03208000957965851, 0.8654732704162598, 2.3068721294403076, 1.069364070892334, 0.057365886867046356, -0.04509560391306877, 2.765561580657959, -0.362567663192749, -1.3927096128463745, 0.10690125823020935, -0.134818434715271, 1.2841241359710693, 1.8898590803146362, 0.5165020227432251, 0.8256427645683289, -0.31658321619033813, -0.5571178197860718, 0.6855227947235107, -0.5876505374908447, 0.9887492060661316, 0.7979865074157715, 0.7912407517433167, -0.06915861368179321, 0.9717288613319397, 0.40772873163223267, 0.01406678557395935, 0.7943176627159119, -2.044473886489868, 1.185099720954895, 0.7456238865852356, -1.067299723625183, 0.3938870429992676, 1.339215636253357, -0.14196479320526123, -0.7613731622695923, -0.7475785613059998, 0.5930366516113281, -0.8964832425117493, 0.04106224700808525, 0.14875033497810364, 1.4745597839355469, -0.8232812285423279, 0.3686583936214447, -0.4081130027770996, 0.13910740613937378, -1.202528715133667, -0.8201906085014343, 1.8224881887435913, -2.93681001663208, -0.6915173530578613, 0.20149430632591248, -0.24526488780975342, 0.8948979377746582, -0.9240632057189941, 0.3570787012577057, -0.01579141989350319, 0.06974834203720093, 1.4498499631881714, 1.1000126600265503, 0.6804829239845276, -1.294506549835205, 1.679274559020996, -0.8886487483978271, -0.6275895833969116, -0.5086703896522522, 0.6776158213615417, -1.210383653640747, 0.5341144800186157, -0.356479287147522, -1.1988404989242554, 1.9242087602615356, -1.3467408418655396, 0.9064677953720093, -1.6452757120132446]",yunet,Facenet,1920,1080,/home/amos/media/tv/modern_family/Modern.Family.S09.1080p.DSNP.WEB-DL.DDP5.1.H.264-CRFW/Modern.Family.S09E21.The.Escape.1080p.DSNP.WEB-DL.DDP5.1.H.264-CRFW.mkv,Modern Family,2009,1442437,9,21,Ty Burrell,15232.0,0.606
977,1530,132,1692,348,1602,216,1548,216,0.913,24336,0,"[0.28626009821891785, 0.3301340639591217, 1.076694369316101, 1.2734264135360718, -0.8910576105117798, -0.3882315754890442, -0.8366568684577942, -0.2742824852466583, -0.2594209611415863, 0.6333091259002686, -0.1197720617055893, 0.17593172192573547, 1.1796667575836182, -0.05059712380170822, -1.8876378536224365, 0.23048366606235504, 0.46421727538108826, 0.14649182558059692, -0.5046674609184265, 1.5273460149765015, -0.5028966665267944, 1.5970113277435303, 0.6495274305343628, 1.0421791076660156, 0.33606863021850586, 1.1453717947006226, -2.7745187282562256, 2.3576903343200684, 0.5867876410484314, -2.573713541030884, -0.2832928001880646, -1.2504663467407227, -1.3655924797058105, -0.32943153381347656, 1.7515442371368408, 0.6953160166740417, 0.6777024865150452, 0.9075489640235901, 1.4940240383148193, 0.5011698007583618, 0.09810320287942886, 1.7832766771316528, 0.5393227338790894, -0.20023629069328308, -0.8701676726341248, 0.8007879257202148, 1.1799395084381104, -0.30820977687835693, -1.1253302097320557, -0.5441066026687622, 0.42552995681762695, -0.3486063778400421, -0.894481360912323, -1.2556099891662598, 0.06829428672790527, 0.5527421236038208, 2.1949193477630615, 1.6424705982208252, 0.16504529118537903, -0.16009896993637085, 2.638251543045044, -0.3449246287345886, -1.0865154266357422, 0.08229371905326843, -0.47545549273490906, 1.7712607383728027, 1.4403293132781982, 0.65598464012146, 1.5469049215316772, 0.2882639169692993, -0.0471239909529686, 0.9502772092819214, -0.544259250164032, 1.5393112897872925, 0.3452223241329193, 1.356405258178711, 0.20598334074020386, 1.2467907667160034, 1.2792973518371582, 0.44679147005081177, 0.6340385675430298, -1.7524603605270386, 1.6397719383239746, 0.4560766816139221, -1.5362178087234497, -0.43447184562683105, 1.7195271253585815, -0.294106125831604, -0.6559393405914307, -0.05997423455119133, 0.4958204925060272, -1.0953105688095093, -0.6909962892532349, 0.29353415966033936, 0.7045586705207825, -0.7877719402313232, 0.21088609099388123, -0.011374011635780334, 0.15441590547561646, -1.1855696439743042, -0.8440594673156738, 1.591617465019226, -2.7167630195617676, -0.6908776760101318, -0.048052217811346054, 0.03929540514945984, 0.7542027235031128, -1.363516926765442, 0.06307294964790344, -0.2655378580093384, 0.7411043047904968, 1.5297138690948486, 1.4034109115600586, 0.5331509113311768, -0.4505045413970947, 1.8540605306625366, -0.3353384733200073, -0.6456657648086548, -0.10786869376897812, -0.059598151594400406, -0.8148469924926758, 0.18811924755573273, -0.6379709839820862, -0.9341287016868591, 1.4920223951339722, -1.2801307439804077, 1.1048239469528198, -2.1557369232177734]",yunet,Facenet,1920,1080,/home/amos/media/tv/modern_family/Modern.Family.S09.1080p.DSNP.WEB-DL.DDP5.1.H.264-CRFW/Modern.Family.S09E21.The.Escape.1080p.DSNP.WEB-DL.DDP5.1.H.264-CRFW.mkv,Modern Family,2009,1442437,9,21,Ty Burrell,15232.0,0.72
978,1644,114,1806,336,1782,192,1734,198,0.904,24360,0,"[-0.3178037106990814, 1.25779128074646, 0.1242174431681633, 0.8321832418441772, -0.7085469365119934, -0.5877395868301392, -0.696656346321106, -0.17100216448307037, -0.8240606784820557, -0.20008082687854767, 0.6263294219970703, 0.34540101885795593, 1.2137688398361206, -0.6149981021881104, -1.7101387977600098, -0.1371801644563675, -0.08054639399051666, -0.7210680246353149, -1.4516470432281494, 1.744588851928711, -0.9503581523895264, 1.7346140146255493, 0.3329907953739166, 0.7352681756019592, -0.27440017461776733, 1.6912683248519897, -2.4499123096466064, 2.2371511459350586, 1.3827728033065796, -2.48840069770813, -0.23349502682685852, -0.2279062420129776, -1.1228429079055786, -0.28810614347457886, 1.0307279825210571, 0.3697410821914673, 0.09123680740594864, 0.6995203495025635, 1.3892016410827637, 0.20285527408123016, 0.33762386441230774, 2.1317174434661865, -1.0304116010665894, -0.21419169008731842, 0.042458388954401016, -0.4809308648109436, 0.8381593227386475, 0.40418097376823425, 0.1123223602771759, -0.22956377267837524, 0.4486236572265625, 0.8621858358383179, -0.31831005215644836, -1.365689992904663, -0.19887274503707886, 0.7593929171562195, 1.8703399896621704, 0.6904409527778625, 0.5229761600494385, 0.2533115744590759, 2.24875545501709, -0.8520663380622864, -1.4169986248016357, 0.38105905055999756, -0.7830370664596558, 1.7572296857833862, 1.6687343120574951, 0.43727168440818787, 1.6774362325668335, -0.6729327440261841, -1.63032865524292, 0.8878897428512573, -0.4731385409832001, 1.1211268901824951, 0.6906017065048218, 0.7926986813545227, -0.7286289930343628, 1.2091537714004517, 0.7781116962432861, -0.4143565893173218, 0.3054623305797577, -0.7702380418777466, -0.01715611293911934, 0.0708949863910675, -1.3527418375015259, 0.032774507999420166, 0.7091566920280457, -0.04765688627958298, -0.7361664772033691, 0.21647170186042786, 0.20957544445991516, -0.5643206834793091, -0.23081524670124054, -0.2845246195793152, 1.6468549966812134, -0.2496391236782074, 0.22770261764526367, -0.4438062608242035, -0.055834729224443436, -1.6879370212554932, -0.4955067038536072, 0.5486712455749512, -2.9616518020629883, -0.09369997680187225, 0.39269202947616577, 0.7049247026443481, 1.2080270051956177, -0.862769365310669, -0.015553265810012817, -0.09810881316661835, 0.3741287589073181, 1.7419501543045044, 0.904941201210022, 0.7773858308792114, -0.14698122441768646, 2.6590912342071533, -1.3047128915786743, -2.1544976234436035, -0.2575799226760864, 0.7143702507019043, -0.8093655705451965, -0.20862828195095062, -0.8438693284988403, -1.2682125568389893, 1.3132063150405884, -1.5805691480636597, 1.3006346225738525, -1.895107626914978]",yunet,Facenet,1920,1080,/home/amos/media/tv/modern_family/Modern.Family.S09.1080p.DSNP.WEB-DL.DDP5.1.H.264-CRFW/Modern.Family.S09E21.The.Escape.1080p.DSNP.WEB-DL.DDP5.1.H.264-CRFW.mkv,Modern Family,2009,1442437,9,21,Ty Burrell,15232.0,0.684
979,1242,150,1368,324,1332,216,1272,216,0.901,24624,0,"[1.0732965469360352, 1.3244225978851318, -0.5111393332481384, 0.5223589539527893, -1.425106167793274, 0.011110423132777214, -2.382117748260498, -0.06368027627468109, -1.1250648498535156, -1.0922636985778809, 0.973879873752594, 0.3324586749076843, 1.0795115232467651, 0.18775597214698792, -0.4699084460735321, -2.0498061180114746, -0.4727003276348114, -1.6505708694458008, -0.609291672706604, 0.550384521484375, -3.0329697132110596, 1.8819587230682373, 0.5971221327781677, 0.5110636353492737, 0.03255114331841469, 0.2843700647354126, -1.9066107273101807, 3.2004833221435547, 1.2683809995651245, -1.9621140956878662, -0.7924542427062988, -0.06886705756187439, -0.5545000433921814, -0.9645482897758484, 0.6967768669128418, 0.8612869381904602, 0.6760251522064209, 0.8336172103881836, 0.033638909459114075, 0.567497730255127, 0.7084095478057861, 1.4796092510223389, -0.6245627403259277, -1.1184988021850586, 0.554341733455658, -0.9136688113212585, 1.5280483961105347, 1.0001661777496338, 1.2666956186294556, 0.31284233927726746, 1.3372461795806885, -0.5031076073646545, 1.2437074184417725, -1.435619831085205, -0.6855412125587463, 0.9281566739082336, 0.6708551049232483, 1.7321017980575562, -0.6787055134773254, -0.1597757339477539, 1.4833120107650757, -1.4387857913970947, -0.8146118521690369, 0.3853245675563812, -1.3092131614685059, 1.6081143617630005, 1.127000093460083, 0.1313888281583786, 1.769925594329834, -1.2347508668899536, -0.645167887210846, 0.531197190284729, -0.7657206058502197, 1.7856258153915405, -1.4859716892242432, 0.5721603035926819, 0.2525172233581543, 1.3605573177337646, 1.3334169387817383, 0.03245042264461517, 0.005768340080976486, -0.22513625025749207, 1.2849795818328857, 1.060861349105835, -0.9238389730453491, -1.0452306270599365, 2.319019317626953, 0.0018666759133338928, 0.6440080404281616, -1.2489404678344727, -0.14426016807556152, -0.8278226256370544, 0.018625106662511826, 0.62669837474823, 2.233018159866333, 0.2525900900363922, -0.4197322130203247, 0.05674140155315399, -0.7151215672492981, -1.276749849319458, -0.035207998007535934, 0.12961167097091675, -0.7380189299583435, 0.46689873933792114, -0.45072561502456665, 1.090562343597412, 1.7020618915557861, -0.822490930557251, 0.6676743030548096, -0.9336153268814087, 0.19098062813282013, 0.8010606169700623, -0.5729919672012329, 1.5791044235229492, -0.24863481521606445, 2.2147269248962402, -0.3687553107738495, -1.6162147521972656, -0.0368557944893837, 0.7938196063041687, -2.135087728500366, 0.40625983476638794, -0.5457096695899963, -0.3260263204574585, 1.5223978757858276, 0.5068984031677246, 0.6784616708755493, -1.3130083084106445]",yunet,Facenet,1920,1080,/home/amos/media/tv/modern_family/Modern.Family.S09.1080p.DSNP.WEB-DL.DDP5.1.H.264-CRFW/Modern.Family.S09E21.The.Escape.1080p.DSNP.WEB-DL.DDP5.1.H.264-CRFW.mkv,Modern Family,2009,1442437,9,21,Ty Burrell,15232.0,0.653
980,900,198,1116,498,1026,312,936,312,0.919,24648,0,"[-0.1761324107646942, -0.32924944162368774, -0.7225146889686584, 1.1116825342178345, 2.0648460388183594, -1.2739299535751343, 1.9256274700164795, -0.41576752066612244, 1.2502981424331665, 0.6573180556297302, 0.020011626183986664, -1.3311889171600342, -0.4910014867782593, 0.9617099761962891, -0.009165152907371521, 0.7412352561950684, -0.8311885595321655, -1.2279475927352905, -0.8479436635971069, -0.7361496686935425, -1.4477778673171997, 1.6192913055419922, -2.1689958572387695, 2.2542335987091064, 1.229137659072876, 2.093270778656006, 2.063072443008423, -0.6610067486763, 1.384515404701233, -0.7625032067298889, 0.49759742617607117, 1.2695835828781128, -1.1630287170410156, 1.1162830591201782, -0.1576395183801651, -1.142460823059082, 0.8848590850830078, -2.5668256282806396, 0.7091180682182312, -1.3048044443130493, -0.7141629457473755, -0.5520089268684387, 0.6858019828796387, -0.2757534384727478, -0.4606163799762726, -0.886628270149231, -1.3769716024398804, -0.21038378775119781, -0.2779916524887085, 1.6642662286758423, 0.5462037920951843, 0.35846632719039917, -1.5035566091537476, 0.8165434002876282, -0.7847496867179871, -1.2118433713912964, 1.2810581922531128, -1.2050286531448364, -0.3120904266834259, -0.07187096774578094, -1.5942107439041138, -0.4056214690208435, 1.6505858898162842, 1.093066930770874, -0.5949023962020874, 1.9972060918807983, -0.7448101043701172, -0.028337989002466202, -0.35836756229400635, -0.6523333787918091, 0.880606472492218, -2.6464457511901855, 1.6841164827346802, 0.67024827003479, 0.4052045941352844, -0.8965843319892883, 0.9986202716827393, 0.6041464805603027, 0.37444138526916504, 0.7325339317321777, -1.3604580163955688, 1.476665735244751, -0.9845247268676758, -0.7009900212287903, -0.630630612373352, 0.27779078483581543, -0.7122029662132263, 0.29689282178878784, 1.2350389957427979, 0.6952517628669739, 0.3781997561454773, 0.6010746359825134, 0.18197928369045258, -0.7744237780570984, 1.077138900756836, 0.7509201765060425, -0.8618919849395752, 0.7266517281532288, -1.5329327583312988, -0.8126524686813354, -0.9932796955108643, -0.2582251727581024, 0.5177401304244995, -0.6986308693885803, 0.7429461479187012, -0.027888141572475433, 0.07762207090854645, -0.04621175676584244, -0.7787749171257019, -0.6805153489112854, 1.0126419067382812, -0.5753684043884277, 1.992089033126831, -0.6116635799407959, 1.4719998836517334, -0.10821962356567383, 0.7097134590148926, 0.37664979696273804, 0.26975682377815247, 0.9386274218559265, -0.7880693078041077, -0.8706047534942627, 1.5540668964385986, 0.09628026932477951, -0.06726281344890594, 1.0683752298355103, 1.4350812435150146, 0.09283332526683807]",yunet,Facenet,1920,1080,/home/amos/media/tv/modern_family/Modern.Family.S09.1080p.DSNP.WEB-DL.DDP5.1.H.264-CRFW/Modern.Family.S09E21.The.Escape.1080p.DSNP.WEB-DL.DDP5.1.H.264-CRFW.mkv,Modern Family,2009,1442437,9,21,,,
981,858,216,972,372,930,276,876,282,0.914,24696,0,"[-0.6185077428817749, 0.49459460377693176, 1.4553552865982056, -1.3519905805587769, 0.7959765195846558, 0.3283828794956207, 1.4790785312652588, 0.669145405292511, -0.6201281547546387, 1.2781329154968262, 1.5658953189849854, 1.65983247756958, 1.126882553100586, -1.5323803424835205, 0.10951504856348038, 2.0211522579193115, -0.6911511421203613, -1.0437471866607666, -1.902182936668396, 0.10262089967727661, 1.0738459825515747, 0.4905666410923004, 0.41407883167266846, -0.20790517330169678, 0.26713302731513977, -0.6422919034957886, -0.6797376871109009, 0.3873802423477173, 2.1310107707977295, -1.1028803586959839, 0.4245867431163788, -2.389082193374634, 1.070238709449768, -0.772200345993042, 2.0744011402130127, -1.0938289165496826, -1.241853952407837, 0.9466244578361511, 0.6418053507804871, -0.21386781334877014, -1.6022932529449463, 1.1110517978668213, -0.4551307260990143, 0.21970832347869873, -2.440255880355835, -0.5918309092521667, -0.361865758895874, -1.2307093143463135, -1.3183486461639404, -0.2867596447467804, -1.7444034814834595, 0.7578452229499817, 0.32176101207733154, 0.13768994808197021, 0.22565478086471558, -0.02156909927725792, 1.0569438934326172, 0.5868197679519653, -1.2318873405456543, -0.941672146320343, 0.20822250843048096, -0.3708077073097229, -0.3274359405040741, -0.5502920746803284, -0.6846935749053955, 0.6795443296432495, -0.8044875860214233, 0.38617637753486633, 1.5100198984146118, -0.5365661382675171, -0.5952892303466797, -0.06735698878765106, -1.8715436458587646, -0.13696438074111938, 1.4601964950561523, 1.0237361192703247, -0.3823355436325073, 1.018476128578186, 1.5652313232421875, 0.6183817982673645, 0.9511767029762268, -1.0116726160049438, -0.669033944606781, -0.9763545393943787, 1.195512056350708, 0.7301249504089355, 0.8607749938964844, 0.014781475067138672, -0.7467323541641235, 2.1671671867370605, -0.6957218050956726, -0.0728275328874588, 1.0906143188476562, -0.2493164837360382, 0.4897409677505493, 1.7732726335525513, -1.5764960050582886, -0.9736971259117126, 0.9924270510673523, -1.5797171592712402, -1.6222865581512451, 0.39741605520248413, -0.6775168776512146, 1.1480209827423096, 1.6304346323013306, 0.5055561661720276, -0.016333095729351044, -0.7449792623519897, -0.1721811294555664, 0.47223272919654846, 1.974995732307434, 1.0218507051467896, 0.4463443160057068, -0.39406564831733704, -0.15709353983402252, 1.6575862169265747, -0.8394533395767212, 0.31582051515579224, 0.9400789141654968, -1.1103490591049194, 0.7058473229408264, -0.5877350568771362, -1.1969358921051025, 0.3454054296016693, 0.4417915344238281, 0.1111026182770729, -1.4339425563812256, -0.3334968090057373]",yunet,Facenet,1920,1080,/home/amos/media/tv/modern_family/Modern.Family.S09.1080p.DSNP.WEB-DL.DDP5.1.H.264-CRFW/Modern.Family.S09E21.The.Escape.1080p.DSNP.WEB-DL.DDP5.1.H.264-CRFW.mkv,Modern Family,2009,1442437,9,21,Sofía Vergara,63522.0,0.688
982,336,180,486,384,450,264,384,264,0.906,24792,0,"[-0.07446703314781189, -0.8932667970657349, -0.7494601607322693, 0.6229659914970398, 2.463118314743042, -0.6227750182151794, 1.179224967956543, -0.3059046268463135, 1.3370178937911987, 0.6709410548210144, 0.014890715479850769, -1.002472996711731, -0.5474964380264282, 0.9509801864624023, 0.25509852170944214, -0.13481736183166504, -0.759919285774231, -1.059621810913086, -0.5023518204689026, 0.06870383024215698, -1.4136285781860352, 1.4798097610473633, -1.3393703699111938, 1.8214062452316284, 1.4164421558380127, 1.2870404720306396, 2.4679453372955322, -0.7202250361442566, 0.4946359395980835, -1.1301941871643066, 0.7984474897384644, 1.208741307258606, -1.5858262777328491, 1.0075712203979492, -0.9137557148933411, -0.42174583673477173, 1.3809094429016113, -2.61213755607605, 1.036991834640503, -2.04742431640625, -0.6261739730834961, -0.46094033122062683, -0.4646056592464447, -0.8518375158309937, -0.1554102748632431, -1.3881081342697144, -1.3711304664611816, -0.5994035005569458, -0.15986429154872894, 2.6366448402404785, -0.30488091707229614, -0.3472766578197479, -0.8567531704902649, 0.5153284668922424, -1.0664117336273193, -1.439536452293396, 1.602264404296875, -1.2967134714126587, -0.31818887591362, -0.6623390913009644, -1.3677970170974731, -0.7885571718215942, 1.9463928937911987, 0.9699742794036865, -0.8928790092468262, 1.5310547351837158, -0.27907222509384155, -0.6302369236946106, -0.5976892113685608, -0.6477503776550293, -0.046995293349027634, -1.8206948041915894, 0.5694328546524048, 1.010776400566101, 0.1803288459777832, -1.088758945465088, 0.31169432401657104, -0.046095144003629684, 0.048897139728069305, 1.2896168231964111, -2.4513866901397705, 1.7246296405792236, -0.15856578946113586, 0.1339617818593979, 0.2613820433616638, 0.9286565780639648, 0.31895720958709717, 1.0322133302688599, 1.2236028909683228, 1.0103636980056763, -0.12002623826265335, 0.017106903716921806, -0.8661948442459106, -0.0033706799149513245, 1.3391802310943604, 0.06345777958631516, -1.3203397989273071, -0.037805624306201935, -0.31906646490097046, -0.5851548910140991, -0.7641393542289734, 0.3319917619228363, 0.7318538427352905, -1.5405372381210327, 0.8806965351104736, 0.4082745909690857, -0.29587680101394653, 0.8494610786437988, 0.09702041745185852, -1.4947248697280884, 1.2866240739822388, -1.1359542608261108, 1.429548978805542, -0.2340594232082367, 1.8178340196609497, 0.9109078645706177, 0.9215128421783447, 0.4477018415927887, -0.4558394253253937, 1.0283581018447876, -0.5298246741294861, -0.26566585898399353, 0.904041051864624, -0.47181427478790283, -0.6916184425354004, 0.36709868907928467, 0.7096989154815674, -0.6217458248138428]",yunet,Facenet,1920,1080,/home/amos/media/tv/modern_family/Modern.Family.S09.1080p.DSNP.WEB-DL.DDP5.1.H.264-CRFW/Modern.Family.S09E21.The.Escape.1080p.DSNP.WEB-DL.DDP5.1.H.264-CRFW.mkv,Modern Family,2009,1442437,9,21,Eric Stonestreet,156962.0,0.533
983,732,282,912,504,882,360,804,360,0.906,24792,1,"[0.5284463167190552, 1.2070379257202148, 0.3756866753101349, -1.511976957321167, 0.9548499584197998, 0.43742603063583374, -0.8373291492462158, 1.2983988523483276, -0.04747354984283447, 1.4645090103149414, 0.023009389638900757, 2.548888921737671, 0.4647076725959778, -0.81561279296875, 0.45537126064300537, 0.8375874757766724, -1.106709599494934, -1.0080446004867554, -0.5580479502677917, 0.9408576488494873, 0.5914281606674194, 0.5912336707115173, 0.9321759343147278, 1.2833613157272339, -0.011991232633590698, -0.09251662343740463, -1.3229446411132812, -0.8492024540901184, 3.2142205238342285, -1.209998369216919, 0.7836768627166748, -2.9899959564208984, 1.2669157981872559, -0.14436964690685272, 1.032450556755066, 0.39214634895324707, -1.2015668153762817, 0.9187133312225342, -0.36363768577575684, 0.07525873184204102, -1.1907037496566772, 2.2691352367401123, 0.01746562123298645, 1.6030046939849854, -3.194257974624634, -0.017476342618465424, -0.7425774335861206, 0.03562695160508156, -1.6321659088134766, -0.3679203689098358, 0.17843404412269592, 1.637080192565918, 0.39228564500808716, 0.7953972816467285, 0.8233621716499329, -0.05932341516017914, -0.2705722749233246, -0.2755527198314667, -0.8392764329910278, 0.1390291154384613, 0.6918442249298096, -0.7919961214065552, -0.40658554434776306, -0.9624121785163879, 0.062128935009241104, 0.6543471813201904, -1.6740570068359375, 1.4126944541931152, 1.0174156427383423, -0.017558692023158073, -0.8551438450813293, 0.5977809429168701, -2.4609827995300293, -0.29412388801574707, 1.2306824922561646, 1.011492133140564, -0.698528528213501, 0.19646868109703064, 0.35615983605384827, -0.40952032804489136, 0.17550277709960938, -0.19326777756214142, 0.443351686000824, 0.5758065581321716, 0.18890070915222168, -0.1903250366449356, 0.08546090871095657, 0.22105242311954498, 0.24020719528198242, 0.3036349415779114, -1.2638640403747559, -0.5076273679733276, 1.1766114234924316, -0.14240077137947083, 0.6368242502212524, 0.7399652004241943, -0.8940614461898804, -1.745805263519287, 1.5546820163726807, -1.0063025951385498, -0.7004437446594238, 0.25741711258888245, -1.8746647834777832, 2.290128707885742, 0.12029210478067398, -0.12746256589889526, -0.5350462198257446, -0.3180912733078003, 0.3778872787952423, -0.08587196469306946, 1.6673502922058105, 0.11129388213157654, 0.23095455765724182, -0.49625664949417114, 0.5002202987670898, 1.4374091625213623, -1.164328932762146, -0.4192681312561035, 2.0404982566833496, -1.772335171699524, 1.1068426370620728, -0.775134801864624, -1.6396865844726562, -0.8624104261398315, 0.6341549754142761, -0.8817973136901855, -0.6113659739494324, -0.09768509864807129]",yunet,Facenet,1920,1080,/home/amos/media/tv/modern_family/Modern.Family.S09.1080p.DSNP.WEB-DL.DDP5.1.H.264-CRFW/Modern.Family.S09E21.The.Escape.1080p.DSNP.WEB-DL.DDP5.1.H.264-CRFW.mkv,Modern Family,2009,1442437,9,21,Sofía Vergara,63522.0,0.711
984,1038,222,1128,348,1122,264,1080,264,0.903,25056,0,"[-1.1296125650405884, 0.5322312116622925, -0.47718849778175354, 1.4563043117523193, -0.16067977249622345, 1.3971936702728271, 1.0353646278381348, -0.2317703664302826, -1.5183889865875244, 2.5529868602752686, 0.18803268671035767, 1.4839544296264648, -0.4330396056175232, -0.9459834098815918, -0.5141382217407227, 0.7413959503173828, -0.28779739141464233, -1.842980980873108, -0.5773173570632935, 1.3982652425765991, 0.6151425838470459, -0.9334698915481567, 1.5055607557296753, 0.1352725625038147, 0.044456154108047485, -0.2577086389064789, -0.4015517830848694, -0.18763911724090576, 2.112525701522827, 0.5358229875564575, 1.3800928592681885, -1.5514802932739258, -0.28526172041893005, -0.9868454933166504, 1.2045742273330688, -1.4571459293365479, -1.7684460878372192, 0.4390708804130554, 1.2124652862548828, 0.5050570368766785, -1.8102290630340576, 0.6371853947639465, -0.8901965618133545, 1.6909475326538086, 0.2122296243906021, 0.6417788863182068, -0.9241203665733337, 2.223846197128296, -1.7131315469741821, 0.31097888946533203, -1.1576228141784668, 3.038020610809326, 1.362770915031433, 2.1908020973205566, -0.3933942914009094, 0.6488835215568542, -0.01115904375910759, 0.13925272226333618, -1.1933872699737549, 0.3508227467536926, -0.015764866024255753, 0.32090240716934204, -0.3371685743331909, -2.081740140914917, -0.22687974572181702, -0.2657947540283203, -0.4634171724319458, 1.3140301704406738, -0.3142245411872864, -1.3018676042556763, -1.1437851190567017, 1.0743082761764526, -0.873683750629425, 1.888920545578003, -0.7172160148620605, 1.0758450031280518, -0.04861816018819809, -0.3876567780971527, 1.224334955215454, -0.07675283402204514, 1.2394001483917236, -0.45935407280921936, -1.2814871072769165, -0.9966753125190735, 0.44152161478996277, -1.5116413831710815, -0.8692910671234131, -0.3291904330253601, -0.22014489769935608, 0.10048812627792358, -1.4388436079025269, 0.7083826065063477, 1.4233992099761963, 1.7468539476394653, 0.39535441994667053, 1.570519208908081, -0.012406445108354092, 0.6233484745025635, -0.5608993768692017, -1.9985638856887817, 0.8647765517234802, -1.1998250484466553, -1.5711102485656738, 1.0373923778533936, -0.38821130990982056, -0.5011219382286072, -0.017863452434539795, -0.9346723556518555, 0.9609030485153198, -1.1688673496246338, 0.5127284526824951, 1.3220335245132446, 2.0452685356140137, -2.1543991565704346, -0.2914901673793793, 1.3798121213912964, -1.12978994846344, 0.28850024938583374, 0.41773444414138794, 0.692007303237915, 0.8971294164657593, -1.020846962928772, -0.625621497631073, 0.15287049114704132, 0.8379642963409424, 1.1261639595031738, 1.0079056024551392, -0.35251548886299133]",yunet,Facenet,1920,1080,/home/amos/media/tv/modern_family/Modern.Family.S09.1080p.DSNP.WEB-DL.DDP5.1.H.264-CRFW/Modern.Family.S09E21.The.Escape.1080p.DSNP.WEB-DL.DDP5.1.H.264-CRFW.mkv,Modern Family,2009,1442437,9,21,Sofía Vergara,63522.0,0.596
985,1176,216,1422,564,1386,342,1278,348,0.919,25200,0,"[0.655484676361084, 1.3204482793807983, 0.6140621304512024, 0.501008152961731, 0.2702992260456085, -0.5802443623542786, -0.8602458834648132, 0.7264404892921448, -0.612743616104126, -0.11407460272312164, 0.7062810659408569, 0.16024616360664368, -0.14621594548225403, -1.1658332347869873, -2.410196304321289, -0.1272369623184204, 0.30579355359077454, -0.9897562861442566, -0.6119187474250793, 0.6352285146713257, -1.563940405845642, 1.769811749458313, 0.15457198023796082, 0.47199416160583496, -0.4870188236236572, 1.3012503385543823, -2.0633022785186768, 2.9128713607788086, 1.5373255014419556, -1.3672446012496948, -0.3283356726169586, -1.0250513553619385, -0.8504324555397034, -1.7184230089187622, 1.1498080492019653, 0.43546193838119507, 1.0047528743743896, 0.6870006918907166, 0.6430037021636963, 0.48179346323013306, -0.1105809360742569, 0.6639386415481567, -0.9519507884979248, 0.034959688782691956, 0.5993683934211731, -0.004299484193325043, 1.336199402809143, 0.7290953397750854, -1.013907551765442, -0.4191914200782776, 0.00457359105348587, 0.7322442531585693, 0.17079225182533264, -0.15913572907447815, -0.990302562713623, 1.1239120960235596, 1.9503357410430908, 0.9322270750999451, 0.01835348829627037, 0.7264804244041443, 1.6930046081542969, -1.0588960647583008, -0.3344357907772064, 0.16920273005962372, -0.9967285990715027, 2.683011770248413, 1.5061709880828857, 1.0539439916610718, 1.5816218852996826, -0.21398238837718964, -0.6960839629173279, 0.8404017686843872, -1.4576234817504883, 2.2857508659362793, -0.14833541214466095, 1.5798650979995728, -0.08606196939945221, 1.9268596172332764, 1.8539139032363892, 0.13682395219802856, -0.20952630043029785, -0.720098614692688, 1.0243840217590332, -0.8780011534690857, -0.956789493560791, -1.084169626235962, 1.0718079805374146, -0.6409821510314941, 0.5742446184158325, 0.10193368792533875, -0.7881597280502319, -1.0727322101593018, -0.018020136281847954, -0.34668317437171936, 1.1417341232299805, -0.907397449016571, -0.4098230004310608, -0.5931525230407715, -0.23442518711090088, -1.2585821151733398, -0.3352055549621582, 0.9165136218070984, -1.779191255569458, 0.000582035630941391, -0.1404041349887848, 1.6113191843032837, 0.6947855353355408, -1.0470542907714844, 0.38270148634910583, 0.4588543772697449, 0.10329904407262802, 1.5531457662582397, 0.8072671890258789, 0.4400840699672699, -0.5508900284767151, 2.31257963180542, -1.1499483585357666, -1.7112780809402466, -0.35988742113113403, -0.2560807764530182, -0.6230013370513916, 0.8123003244400024, -1.0988796949386597, -0.6561439633369446, 1.7008061408996582, -0.3116554617881775, 1.1336251497268677, -2.175292491912842]",yunet,Facenet,1920,1080,/home/amos/media/tv/modern_family/Modern.Family.S09.1080p.DSNP.WEB-DL.DDP5.1.H.264-CRFW/Modern.Family.S09E21.The.Escape.1080p.DSNP.WEB-DL.DDP5.1.H.264-CRFW.mkv,Modern Family,2009,1442437,9,21,Ty Burrell,15232.0,0.761
986,426,216,684,564,642,342,528,348,0.915,25200,1,"[0.682571530342102, -0.2558460235595703, -0.6239264011383057, 0.6772965788841248, 2.274597644805908, -0.3051026165485382, 1.7562971115112305, -0.11272114515304565, 1.7292420864105225, 0.8736322522163391, -1.3106380701065063, -0.43857869505882263, -0.23120346665382385, 0.9315284490585327, -0.6298874616622925, -0.3504498600959778, -0.5468734502792358, -1.901676058769226, -0.6181622743606567, -1.1963850259780884, -0.8620436191558838, 1.2459207773208618, -1.4239503145217896, 1.331770896911621, 1.9915236234664917, 1.0231986045837402, 2.1028501987457275, -0.2631678581237793, 1.3125054836273193, -1.0941948890686035, -0.12410750985145569, 0.9612168073654175, -1.4501583576202393, 0.20823344588279724, -0.8251004219055176, -1.5161314010620117, 0.5798314213752747, -2.422194004058838, 0.405110239982605, -1.539953351020813, -0.08826275914907455, -0.6522153615951538, -0.42382898926734924, -0.18458840250968933, -0.6120887994766235, -0.7802579402923584, -1.2557600736618042, -0.6660119295120239, -0.9528084993362427, 1.3695095777511597, -0.4530290365219116, 0.6490557193756104, -1.650910496711731, 0.5579088926315308, -1.044446349143982, -1.0215011835098267, 1.7386988401412964, -2.1248388290405273, -0.06756050884723663, -0.5067082047462463, -1.5050678253173828, -1.6303995847702026, 2.382438898086548, 0.1708671599626541, -0.8127761483192444, 1.521017074584961, -0.7601901292800903, 0.4440985918045044, -0.8114961981773376, -1.2773305177688599, -0.5948367714881897, -0.9295428991317749, 0.5906686782836914, 0.07769106328487396, 0.7928581237792969, -0.9554750323295593, 1.1130646467208862, 0.5753945112228394, 0.417468786239624, 0.6461857557296753, -1.891496181488037, 2.089055061340332, -0.29420730471611023, -1.1177852153778076, -0.7940531969070435, 0.29452601075172424, -0.23966461420059204, -0.5723953247070312, 1.2068425416946411, 1.9008382558822632, 0.23479878902435303, -0.8352924585342407, 0.07067312300205231, -1.1839027404785156, 1.2924649715423584, 0.1340649127960205, -0.38321614265441895, 0.5281531810760498, -0.42904555797576904, -0.2446558028459549, -0.5678724646568298, 0.6054908633232117, 0.811108410358429, -0.368323415517807, 0.29378753900527954, 0.7185457944869995, -1.0689462423324585, 0.47913944721221924, -0.3133454918861389, -0.5612363815307617, 0.8611745238304138, -0.2550843358039856, 1.6331039667129517, -0.8771970272064209, 1.912156105041504, 0.17796184122562408, 0.02046457678079605, 0.7827721238136292, 0.5019314885139465, -0.1308131366968155, -0.0609494149684906, 0.1267021894454956, 0.8831567168235779, 0.5208868384361267, -0.16677215695381165, 0.6918621063232422, 0.4183137118816376, 0.22162707149982452]",yunet,Facenet,1920,1080,/home/amos/media/tv/modern_family/Modern.Family.S09.1080p.DSNP.WEB-DL.DDP5.1.H.264-CRFW/Modern.Family.S09E21.The.Escape.1080p.DSNP.WEB-DL.DDP5.1.H.264-CRFW.mkv,Modern Family,2009,1442437,9,21,Eric Stonestreet,156962.0,0.628
987,1050,150,1254,402,1218,246,1128,246,0.909,25224,0,"[-1.358397364616394, 0.5644739866256714, -0.015063904225826263, 0.27320224046707153, 0.9540574550628662, 0.885097086429596, -0.24351568520069122, 0.6164112687110901, -1.4551565647125244, 3.3419687747955322, -0.34766513109207153, 2.684121608734131, -0.2810589075088501, -0.4918558895587921, 0.6141084432601929, 1.50918447971344, -1.2114365100860596, -2.285569906234741, -1.7720805406570435, 0.9805368185043335, 0.8308471441268921, 0.16802965104579926, 0.8406139016151428, 0.1469191014766693, -0.3864233195781708, -0.9696000218391418, -0.07005620747804642, 0.45090222358703613, 1.8245521783828735, 0.3378758430480957, 0.7589352130889893, -1.8582323789596558, 0.3172806203365326, -1.7290568351745605, 2.227982997894287, -1.0381773710250854, -0.8888136744499207, 0.3924190402030945, 0.6960744857788086, 0.5599249601364136, -1.992929458618164, 0.7347997426986694, -0.48975053429603577, 0.6103416085243225, -1.9500956535339355, -0.12996095418930054, -0.7343534827232361, 0.5976648330688477, -1.829230785369873, 1.0947133302688599, -1.1040078401565552, 2.2391374111175537, 2.744079351425171, 0.7142124176025391, 0.4780503511428833, -0.8523988723754883, -0.788494884967804, 0.42587894201278687, -0.41486045718193054, -0.44330015778541565, -0.03575726971030235, -0.4738743305206299, -0.9085870981216431, -1.7546374797821045, -0.6020380854606628, -0.37784314155578613, -0.6264591217041016, 1.2496373653411865, 0.7484601736068726, -0.9929952621459961, -0.5662113428115845, 0.21191748976707458, -0.8813902139663696, 1.8378832340240479, -0.08921901881694794, 1.3404208421707153, 1.1692826747894287, 0.6176133155822754, 1.6389098167419434, -0.060261018574237823, 0.45559200644493103, -0.4935387074947357, -0.848813533782959, 0.4705444872379303, 0.13646286725997925, -0.8334752321243286, 0.415954053401947, -0.39705783128738403, -0.16088807582855225, 1.082078456878662, -2.0533666610717773, 0.0031533129513263702, 0.7034870386123657, 1.0912615060806274, 0.7108209729194641, 1.5544880628585815, -0.5502170324325562, 0.22425462305545807, 0.76927649974823, -1.2311691045761108, -0.5025112628936768, -0.5123336315155029, -2.2210845947265625, 0.9027044177055359, 0.1942586898803711, -1.349746823310852, 0.49380457401275635, -0.5998274087905884, 1.315994143486023, 0.3212650418281555, 2.0902490615844727, 0.6330520510673523, 1.761974811553955, -0.8546145558357239, 0.0817452073097229, 1.5951550006866455, -0.4469847083091736, 0.6751886606216431, 0.13559183478355408, -0.03505367785692215, 1.0969963073730469, -2.275845527648926, -2.056004524230957, -0.029642155393958092, 0.15869498252868652, 1.5070750713348389, 0.5193171501159668, -0.23858559131622314]",yunet,Facenet,1920,1080,/home/amos/media/tv/modern_family/Modern.Family.S09.1080p.DSNP.WEB-DL.DDP5.1.H.264-CRFW/Modern.Family.S09E21.The.Escape.1080p.DSNP.WEB-DL.DDP5.1.H.264-CRFW.mkv,Modern Family,2009,1442437,9,21,Sofía Vergara,63522.0,0.68
988,1044,150,1236,414,1212,252,1146,252,0.907,25248,0,"[-0.6185530424118042, 0.3920747935771942, 0.4732157289981842, -0.1587730348110199, 0.6713579297065735, -0.12291020900011063, -0.03439968451857567, 0.6326559782028198, -0.8732080459594727, 2.168198585510254, 0.5661574602127075, 2.6728789806365967, -0.07809366285800934, -0.14374133944511414, 0.2042590081691742, 0.8921405673027039, -1.1705843210220337, -0.8566374182701111, -1.8407855033874512, 1.3130428791046143, -0.25816047191619873, 0.33190521597862244, 1.0121822357177734, 0.8584736585617065, -0.6412631869316101, -0.13729062676429749, 0.2068122923374176, -0.6503316760063171, 2.0479495525360107, -0.8165873289108276, 1.7178494930267334, -1.5878055095672607, 1.902090311050415, -0.7445986866950989, 0.9219246506690979, 0.3354472219944, -1.567313313484192, 0.5656154751777649, -0.06653285026550293, 0.6964482069015503, -1.8918066024780273, 1.0098227262496948, -0.06862044334411621, 0.8477115631103516, -2.017617702484131, -0.6592596173286438, -0.7415244579315186, 0.3041853904724121, -1.99448561668396, -0.4143720865249634, 1.0330743789672852, 0.7551376223564148, 0.7551155090332031, 1.0562535524368286, 0.8509972095489502, -0.11881208419799805, -0.8014354109764099, 0.5593405961990356, -1.899643063545227, -0.6880384087562561, 0.19198477268218994, -0.3734387755393982, -1.3814817667007446, -1.6369701623916626, 0.6644056439399719, -0.4122147560119629, -1.3592132329940796, 2.3682334423065186, 0.5297447443008423, 0.26999664306640625, -0.9656558632850647, 0.4042469561100006, -1.2010962963104248, 0.7935301661491394, 0.879838764667511, 0.7964918613433838, 0.14854377508163452, -0.438634991645813, 0.5724309682846069, -0.36018645763397217, 0.6873817443847656, -0.19894392788410187, -0.1092911809682846, 0.7187650203704834, -0.45111289620399475, 0.4968319833278656, 0.6113905906677246, 0.4284414052963257, 0.3881867527961731, 0.16235245764255524, -1.7724422216415405, -0.013380680233240128, 1.461342692375183, -0.061541907489299774, 0.7466764450073242, 0.7300659418106079, -0.5099336504936218, -0.3414262533187866, 1.8973584175109863, -1.184169888496399, -1.1876729726791382, 0.2684328258037567, -2.131906032562256, 0.772581934928894, 0.7502558827400208, -1.2974272966384888, 0.33404645323753357, -0.5570751428604126, 1.1933391094207764, -0.6621888875961304, 1.0000205039978027, 1.1228687763214111, 0.6621763706207275, -1.4098691940307617, 0.3378407955169678, 2.3542284965515137, -0.9455711841583252, 0.6007102727890015, 1.5225969552993774, -0.8981564044952393, -0.11328823864459991, -1.2212401628494263, -1.0384775400161743, -0.019368503242731094, 1.5865305662155151, 0.14318060874938965, -1.056292176246643, 1.2125709056854248]",yunet,Facenet,1920,1080,/home/amos/media/tv/modern_family/Modern.Family.S09.1080p.DSNP.WEB-DL.DDP5.1.H.264-CRFW/Modern.Family.S09E21.The.Escape.1080p.DSNP.WEB-DL.DDP5.1.H.264-CRFW.mkv,Modern Family,2009,1442437,9,21,Sofía Vergara,63522.0,0.606
989,1068,120,1272,390,1242,222,1158,222,0.907,25272,0,"[-2.2013118267059326, -0.0844699814915657, 0.404645711183548, 0.22160184383392334, 0.8956519961357117, 0.38735803961753845, -0.016943197697401047, 0.2802045941352844, -0.6493169665336609, 2.4220128059387207, 0.0779588595032692, 2.1298606395721436, -1.0597519874572754, -1.5070171356201172, 0.4234701693058014, 0.7742382287979126, -1.3087388277053833, -1.0821689367294312, -1.9202631711959839, 0.04619118943810463, 1.4589383602142334, -1.2749595642089844, 1.013798713684082, -0.24957072734832764, -0.6529656052589417, -0.23509502410888672, -0.7664155960083008, 0.2437499612569809, 1.7604758739471436, -0.7769700884819031, 1.1564702987670898, -1.1972628831863403, 0.6677823066711426, -1.244378685951233, 2.15826416015625, -0.3883010447025299, -1.4972033500671387, -0.6035815477371216, 0.6654669046401978, 0.13650216162204742, -1.7186046838760376, 0.8026001453399658, -0.4131724536418915, 0.9244692325592041, -1.0995655059814453, 0.6651779413223267, -0.739870548248291, 1.1386100053787231, -1.7725880146026611, 0.4661335349082947, -0.8331918716430664, 2.0994129180908203, 1.5128259658813477, 1.6426421403884888, 0.7891255617141724, 0.24477963149547577, -1.0313974618911743, -0.22186493873596191, -0.39496684074401855, 0.227720707654953, 0.16057822108268738, -0.8249326348304749, -1.1689461469650269, -1.888499140739441, 0.34419992566108704, 0.5218396186828613, -0.5039711594581604, 1.436841368675232, 1.0317649841308594, -0.7438937425613403, -1.329498291015625, 0.18336248397827148, -0.9241534471511841, 0.7743597626686096, 0.06507386267185211, 0.9426544904708862, 0.3113058805465698, -0.1919204145669937, 0.582634687423706, 0.0909636914730072, 0.6313810348510742, -0.7095931768417358, -0.7228498458862305, -0.4561235308647156, -0.2963038384914398, -1.599897861480713, -0.7779921293258667, -0.025381676852703094, 0.4830176532268524, 1.778934359550476, -1.9075249433517456, 0.10320363193750381, 0.22327598929405212, 0.7997780442237854, -0.03171306848526001, 1.9628814458847046, -1.045947790145874, 0.22135818004608154, 0.6422091126441956, -0.7546581029891968, -0.1178518533706665, -1.5168168544769287, -2.158247947692871, 1.3295586109161377, 0.6151062250137329, -0.4240875840187073, 0.41714364290237427, -0.38581255078315735, 1.2761415243148804, 0.09605452418327332, 1.5331414937973022, 0.8350852727890015, 1.0600550174713135, -1.3905301094055176, 0.8517393469810486, 1.6916435956954956, -0.38829565048217773, -0.05067886412143707, 0.7711426019668579, -0.8295149803161621, 1.1269654035568237, -2.667564630508423, -1.20209538936615, 0.6933533549308777, 0.4329985976219177, 0.34404054284095764, 0.8356248140335083, 0.26864978671073914]",yunet,Facenet,1920,1080,/home/amos/media/tv/modern_family/Modern.Family.S09.1080p.DSNP.WEB-DL.DDP5.1.H.264-CRFW/Modern.Family.S09E21.The.Escape.1080p.DSNP.WEB-DL.DDP5.1.H.264-CRFW.mkv,Modern Family,2009,1442437,9,21,Sofía Vergara,63522.0,0.764
990,438,204,684,510,636,324,528,324,0.909,25296,0,"[0.10457571595907211, -1.4781628847122192, -0.8536918759346008, 0.3489038050174713, 2.7476015090942383, -0.17486903071403503, 1.6457608938217163, 0.5436802506446838, 2.161775827407837, 0.6349501609802246, -0.6213530898094177, -0.9730297327041626, 0.2347780019044876, 0.8973854780197144, -1.4956780672073364, -0.2771022915840149, -0.9551622867584229, -1.2146044969558716, -0.2931203544139862, -0.809611439704895, -0.49035948514938354, 0.9945588111877441, -1.3003209829330444, 0.8337311148643494, 2.0369839668273926, 1.6304388046264648, 2.018826484680176, -0.5610795021057129, 0.46233028173446655, -2.0416362285614014, -0.3541494905948639, 1.5045485496520996, -0.29635298252105713, -0.37886661291122437, -0.9221478700637817, -0.5075581073760986, 0.8383409380912781, -2.5165624618530273, 1.0204648971557617, -2.62984037399292, 0.4307365417480469, -0.2621602416038513, -0.4971524775028229, -0.7919648885726929, -0.9173358678817749, -1.4894778728485107, -2.4093496799468994, -0.18827639520168304, -0.9392296671867371, 1.4777947664260864, -0.16985580325126648, 0.5794541239738464, -1.8945459127426147, 0.38794320821762085, -0.48082903027534485, -0.5985912680625916, 1.789544939994812, -2.1260197162628174, 0.17805133759975433, -0.7081277966499329, -1.5519754886627197, -1.6500478982925415, 2.592111587524414, 0.904016375541687, -0.35977426171302795, 1.0464810132980347, -0.7960664629936218, -0.25118473172187805, -0.35386958718299866, -0.7725234031677246, -0.6083284616470337, -0.8562415838241577, -0.6756529211997986, 0.4778681993484497, 0.7400241494178772, -2.0812718868255615, 0.2501353621482849, 0.26336854696273804, 0.7903735637664795, 0.7795056104660034, -1.2937023639678955, 1.3923083543777466, -0.04874296486377716, -0.9504377245903015, -0.4595816433429718, 0.41149547696113586, -0.321520060300827, 0.010365031659603119, 0.7886193990707397, 1.6354440450668335, 0.13327914476394653, -0.433842271566391, -0.7231513261795044, -0.44909659028053284, 0.323756605386734, 0.29811370372772217, -0.7248438596725464, -0.6056057214736938, -0.9854329228401184, -0.4615801274776459, -1.055600881576538, 0.33743736147880554, 0.7131674289703369, -1.202804446220398, -0.1720782220363617, 0.6524984240531921, -0.4661063849925995, -1.000567078590393, -0.34374019503593445, -0.10746242105960846, 1.1748658418655396, -0.2432914525270462, 1.8278272151947021, -0.10541871935129166, 2.3879995346069336, 0.09358681738376617, 0.67791748046875, 0.5635218024253845, 0.3863069713115692, 0.16610072553157806, -0.5040141344070435, 0.08040927350521088, 1.6258972883224487, 1.0140687227249146, -0.5705766677856445, 0.662588894367218, 1.3086317777633667, 0.37116843461990356]",yunet,Facenet,1920,1080,/home/amos/media/tv/modern_family/Modern.Family.S09.1080p.DSNP.WEB-DL.DDP5.1.H.264-CRFW/Modern.Family.S09E21.The.Escape.1080p.DSNP.WEB-DL.DDP5.1.H.264-CRFW.mkv,Modern Family,2009,1442437,9,21,Eric Stonestreet,156962.0,0.509
991,1128,186,1350,486,1308,300,1230,306,0.906,25296,1,"[0.1639920473098755, -0.4205949604511261, 0.5824549198150635, 0.453592449426651, -0.9087650179862976, 0.1997292935848236, -0.2775145173072815, -1.1008529663085938, 0.5756140351295471, -0.6923899054527283, 0.9992935061454773, 1.1452064514160156, 1.1461899280548096, -2.001250743865967, -1.9564588069915771, 0.4518999457359314, 1.1870266199111938, -0.8572760820388794, -1.171647071838379, 1.4631776809692383, -0.6215530633926392, 0.4588838517665863, 0.07096577435731888, 0.2868430018424988, -0.09464751183986664, 1.3546044826507568, -1.0075724124908447, 2.509514331817627, 2.1391077041625977, -1.497780680656433, -0.47717568278312683, -0.4732210040092468, -0.46061408519744873, -0.9636307954788208, 0.4462328255176544, -0.13713836669921875, 0.2338932752609253, 0.8903733491897583, 0.7322840094566345, 0.4950714707374573, 0.592174768447876, 1.6557753086090088, -1.5861226320266724, -0.18643403053283691, -0.10779213160276413, -0.9431812763214111, 0.910287618637085, -0.09880069643259048, -0.567739725112915, -0.8807798624038696, 1.2349517345428467, -1.1594220399856567, -0.8301645517349243, -0.8963656425476074, 0.06519035995006561, 1.1872819662094116, 2.2961935997009277, 0.9301320314407349, -1.017765998840332, 0.38888436555862427, 1.7515983581542969, -1.2519443035125732, -0.16758579015731812, -0.27930790185928345, -1.4301646947860718, 2.6758854389190674, 1.5369075536727905, 1.4417566061019897, 1.8093913793563843, -1.6694117784500122, -1.5078661441802979, 1.2505708932876587, -1.3070820569992065, 0.745186984539032, 1.5809866189956665, 1.5297483205795288, -0.5245664119720459, 1.2656222581863403, 1.1497089862823486, -0.15914031863212585, -1.757155179977417, -0.9650247097015381, 0.14207470417022705, -1.286252737045288, -1.6021755933761597, -0.05039042979478836, 1.6697908639907837, -0.08422856777906418, 0.4936750829219818, 0.4384472370147705, -0.09420569986104965, -1.5776302814483643, 1.0259894132614136, 0.1046103984117508, 1.6557903289794922, -0.5070703029632568, -0.1043868362903595, -0.585771381855011, -0.5935702919960022, -1.3628244400024414, 1.4181278944015503, 1.7541977167129517, -1.4604674577713013, -0.35553520917892456, 0.7116494178771973, 1.1486824750900269, -0.0738852322101593, -2.4460599422454834, 0.025171734392642975, -0.07325180619955063, 0.6852055788040161, 2.5403807163238525, 0.4567596912384033, -1.2353568077087402, -0.8432625532150269, 2.678856611251831, -2.589385986328125, -0.3798552453517914, -0.3926430344581604, -0.31690046191215515, -1.3886170387268066, 1.253690481185913, 0.9442792534828186, -0.9566478133201599, 1.749233365058899, -0.2122553288936615, 0.1618175059556961, -1.1633695363998413]",yunet,Facenet,1920,1080,/home/amos/media/tv/modern_family/Modern.Family.S09.1080p.DSNP.WEB-DL.DDP5.1.H.264-CRFW/Modern.Family.S09E21.The.Escape.1080p.DSNP.WEB-DL.DDP5.1.H.264-CRFW.mkv,Modern Family,2009,1442437,9,21,Ty Burrell,15232.0,0.631
992,1074,558,1230,762,1176,648,1110,642,0.907,25440,0,"[0.5422499775886536, 0.5990855693817139, 0.6288703083992004, 0.2473600208759308, -0.677715539932251, 0.04460250586271286, -1.5382272005081177, 0.04777996987104416, -1.190139651298523, 0.5257861018180847, 0.05445212870836258, 0.9799070954322815, 0.7492381930351257, -0.8154388666152954, -1.6106221675872803, 0.1988866627216339, -0.05259867012500763, -0.7572061419487, -0.5138060450553894, -0.12741665542125702, -1.5202051401138306, 2.0740785598754883, -0.646422266960144, 0.9874523878097534, -0.5667522549629211, 1.2105708122253418, -2.0855047702789307, 2.6231908798217773, 1.3499952554702759, -1.7981233596801758, 0.2088458091020584, -0.47751307487487793, 0.23329921066761017, -0.8262096643447876, 0.9363586902618408, 0.7788806557655334, 0.9566115140914917, 0.29769399762153625, 0.06092498451471329, 0.8542836904525757, 0.5298595428466797, 0.6063024401664734, -0.11333411931991577, 0.5053766965866089, -0.10548659414052963, 0.4759761691093445, 1.6869052648544312, 0.08541756868362427, 0.47582435607910156, -2.130305528640747, 0.2744281589984894, -0.7354481816291809, -1.0284216403961182, -0.9382386207580566, 0.05051838606595993, 1.5322693586349487, 1.2006264925003052, 1.0414304733276367, 0.9317934513092041, 0.03837420791387558, 0.7610782980918884, -0.7479415535926819, -1.098447322845459, 0.47358715534210205, 0.25442609190940857, 2.320234775543213, 1.4193767309188843, 1.7746561765670776, 1.8594423532485962, 0.09461838006973267, -0.36095190048217773, 1.08147394657135, -1.2674072980880737, 2.1848416328430176, 0.17846643924713135, 1.335305094718933, -0.3646758198738098, 1.4217149019241333, 0.7968052625656128, 0.9006493091583252, 0.19324636459350586, -1.7186932563781738, 0.6513922214508057, 0.47544023394584656, -0.9068529009819031, -1.6607789993286133, 0.12606507539749146, 0.3875141739845276, -0.6584352254867554, -0.20005284249782562, 0.5665276050567627, -1.7887903451919556, 0.1757098287343979, -1.4306790828704834, 0.8999201655387878, -0.7217649817466736, 0.42469143867492676, 0.48481470346450806, 1.2002172470092773, -0.899394690990448, -1.5123505592346191, -0.26543813943862915, -2.4823532104492188, 0.5409800410270691, -1.208362340927124, 1.3330662250518799, 0.7723214030265808, -1.4947569370269775, 0.23551124334335327, 0.19389770925045013, -0.0706455260515213, 1.3501750230789185, 0.2751908302307129, 0.2181604653596878, 0.6438083052635193, 1.9497814178466797, 0.12670014798641205, -1.4020044803619385, 0.7556865215301514, 0.10898730158805847, 0.075360968708992, 0.01812184788286686, -0.2900341749191284, -0.0032771960832178593, 1.9249967336654663, -1.1670280694961548, 1.1193737983703613, -0.7703961133956909]",yunet,Facenet,1920,1080,/home/amos/media/tv/modern_family/Modern.Family.S09.1080p.DSNP.WEB-DL.DDP5.1.H.264-CRFW/Modern.Family.S09E21.The.Escape.1080p.DSNP.WEB-DL.DDP5.1.H.264-CRFW.mkv,Modern Family,2009,1442437,9,21,Ty Burrell,15232.0,0.746
993,606,348,732,522,678,420,630,420,0.901,25464,0,"[0.629910945892334, -0.64439857006073, -1.1232274770736694, 0.4032960534095764, 2.7901978492736816, -0.058028168976306915, 1.1691877841949463, 0.4874727129936218, 1.031516194343567, -0.12473361194133759, -1.282844066619873, -1.2441266775131226, 0.34066617488861084, 1.2260873317718506, 0.12576337158679962, -0.08280928432941437, -1.4256091117858887, -2.1877307891845703, -0.9104341864585876, -0.5782051086425781, -1.3949003219604492, 2.3826544284820557, -1.7238823175430298, 1.6891380548477173, 1.4984526634216309, 1.4254437685012817, 1.291101098060608, -0.9246362447738647, 1.8523598909378052, -0.7641739845275879, 0.7052656412124634, 1.0783264636993408, -2.113036632537842, 0.5226213335990906, -0.6460832953453064, -0.5968608856201172, 0.025477781891822815, -2.3436269760131836, -0.36827313899993896, -2.013185501098633, -0.09068036079406738, -0.10620728880167007, -0.36878305673599243, -0.3155326247215271, 0.698775053024292, -1.2186977863311768, -0.1589900404214859, 0.14385110139846802, -0.5191640257835388, 1.669525146484375, -0.2694615125656128, 0.3796949088573456, -1.9290217161178589, 0.22193916141986847, -1.4578590393066406, -2.202728509902954, 0.7835417985916138, -1.9484063386917114, 0.3464306890964508, 0.47164323925971985, -0.9736483693122864, -0.7648323774337769, 1.5234543085098267, 0.7844837307929993, -1.641377329826355, 0.9972894787788391, -1.078869342803955, -0.48385554552078247, 0.15279653668403625, -2.012430429458618, -0.27901265025138855, -1.886473536491394, -0.22969284653663635, 1.2541608810424805, 0.5185501575469971, -0.5048326849937439, -0.04423127323389053, 0.939704418182373, 1.10674250125885, 0.5225932002067566, -1.795027732849121, 2.1619679927825928, -1.0763919353485107, -0.30306345224380493, -0.014080077409744263, -0.5679919719696045, 1.0646971464157104, -0.05357695743441582, 1.2563700675964355, 0.5669398903846741, -0.031622789800167084, 0.6400925517082214, -0.19250531494617462, -1.1585766077041626, 1.3912943601608276, 1.6911424398422241, -0.9703159332275391, 0.17333583533763885, 0.2879205644130707, 0.029651520773768425, -1.023468017578125, -0.24275290966033936, -0.036502331495285034, -0.8692156076431274, 0.5255588889122009, -0.06043722480535507, -0.22728030383586884, 1.2988958358764648, -0.10250380635261536, -1.4301947355270386, 0.8129953145980835, -1.875684380531311, 1.7105398178100586, -1.1741011142730713, 1.6480480432510376, 1.1780294179916382, 0.916894793510437, 0.5665102601051331, -1.242588758468628, 0.47196653485298157, 0.201834037899971, 0.29340681433677673, 0.10001271963119507, 0.7269142270088196, -0.3439614772796631, 0.38503363728523254, -0.7875712513923645, -1.7039324045181274]",yunet,Facenet,1920,1080,/home/amos/media/tv/modern_family/Modern.Family.S09.1080p.DSNP.WEB-DL.DDP5.1.H.264-CRFW/Modern.Family.S09E21.The.Escape.1080p.DSNP.WEB-DL.DDP5.1.H.264-CRFW.mkv,Modern Family,2009,1442437,9,21,Eric Stonestreet,156962.0,0.502
994,618,336,750,510,702,402,642,402,0.901,25488,0,"[0.41897052526474, -0.5958904027938843, -0.7679324150085449, 0.39072391390800476, 2.102689266204834, -0.4208683967590332, 1.5409079790115356, -0.09439146518707275, 0.6915018558502197, -0.08039815723896027, -1.233526587486267, -0.6515516042709351, -0.31111037731170654, 1.1507211923599243, 0.40105828642845154, 0.6023593544960022, -0.3271726667881012, -1.328381061553955, -0.5041338205337524, 0.5795425176620483, -0.9194823503494263, 1.601622462272644, -1.1004801988601685, 1.3866703510284424, 0.9648847579956055, 2.2934417724609375, 1.1471567153930664, -0.6382151246070862, 1.5207598209381104, -0.6313803791999817, 0.3539862632751465, 1.4893742799758911, -2.6132469177246094, 1.6053708791732788, -0.562265157699585, -0.5333077907562256, 0.050731465220451355, -2.315276622772217, 0.19139350950717926, -1.6840312480926514, -0.3825784921646118, 0.38601917028427124, -0.3577525317668915, -0.5809861421585083, 0.7213932871818542, -1.1696066856384277, -0.358226478099823, 0.20018823444843292, -0.31949692964553833, 2.641122579574585, 0.11765558272600174, 0.14361602067947388, -1.7241910696029663, -0.09023489058017731, -0.9849737882614136, -1.911942720413208, 1.1165632009506226, -0.6902101635932922, 0.4844282865524292, 1.0665810108184814, -0.7275821566581726, -0.8215633034706116, 1.146888017654419, 2.0479965209960938, -0.7437021136283875, 1.0038293600082397, -0.3550166189670563, -0.3394612967967987, 0.7152807712554932, -1.0480055809020996, -0.060915857553482056, -1.7617117166519165, 0.8119357824325562, 1.646026611328125, 1.434114933013916, -0.7248527407646179, 0.041390374302864075, 0.10995221883058548, 0.16567909717559814, 0.26161158084869385, -2.8371126651763916, 2.3159799575805664, -0.4550527334213257, -1.0092341899871826, -0.4243374168872833, 0.028042621910572052, 1.0299063920974731, -0.2514791786670685, 0.44887807965278625, 0.7252755761146545, -0.5308842658996582, 0.726089596748352, -0.6072685122489929, -1.3457268476486206, 1.7975327968597412, 0.3398730158805847, -1.026688575744629, 0.34400704503059387, -0.19480805099010468, 0.19003891944885254, -0.7545663118362427, 0.238346666097641, -0.8513556718826294, -0.39914900064468384, 0.5266802310943604, -0.46262556314468384, 0.256015419960022, 1.046378254890442, -0.293721079826355, -1.9187687635421753, 0.7648186683654785, -0.8929466605186462, 1.8146319389343262, -0.4886397123336792, 1.8716827630996704, 1.125706672668457, 1.3648977279663086, 0.852209746837616, -0.7710512280464172, 0.5406235456466675, 1.0029163360595703, 0.08319483697414398, 0.5964991450309753, -0.7717562913894653, -1.3377102613449097, -0.27740564942359924, -0.2974420189857483, -1.1348661184310913]",yunet,Facenet,1920,1080,/home/amos/media/tv/modern_family/Modern.Family.S09.1080p.DSNP.WEB-DL.DDP5.1.H.264-CRFW/Modern.Family.S09E21.The.Escape.1080p.DSNP.WEB-DL.DDP5.1.H.264-CRFW.mkv,Modern Family,2009,1442437,9,21,,,
995,1392,282,1572,492,1494,354,1422,354,0.902,25560,0,"[-0.08704675734043121, 0.45696988701820374, -0.8418384790420532, -0.35482850670814514, 1.5723514556884766, 0.08843830972909927, -1.7390369176864624, 1.458395004272461, 0.9514826536178589, -1.480881929397583, -0.14458802342414856, 0.2833520770072937, -0.6269906759262085, 1.7970417737960815, 0.07322221249341965, 0.49328404664993286, -0.0025642812252044678, 1.015852928161621, -0.2156197428703308, -0.484113484621048, -2.346379518508911, 0.5806165933609009, 0.9736699461936951, 1.2802679538726807, 0.6254329681396484, 0.9535117745399475, -0.34116485714912415, 0.30001065135002136, -0.6918963193893433, -0.8780975341796875, -0.2224268913269043, 0.7043876051902771, -1.5737823247909546, 0.4607818126678467, 0.2211696207523346, 0.46230030059814453, 0.6570577025413513, 0.6784738302230835, -2.1326687335968018, 1.274762511253357, 1.1761260032653809, -1.1293909549713135, 0.9823592901229858, 0.6922566890716553, 1.1240551471710205, -1.9700301885604858, -1.1711280345916748, -0.4728944003582001, 1.6275691986083984, 0.47329407930374146, 1.1560966968536377, -1.2113293409347534, 1.63136887550354, -0.19956906139850616, -0.056587617844343185, -0.5931808948516846, 0.8938897848129272, -2.7962870597839355, 0.1412082314491272, -0.38928958773612976, -0.6446640491485596, 2.581515312194824, 0.16411557793617249, 0.8132081627845764, -1.6844093799591064, -0.9398617148399353, -0.03993652015924454, 0.5459697842597961, 0.2934037744998932, -0.4938328266143799, -1.7166547775268555, 1.4904712438583374, -0.5572246313095093, 0.00015545636415481567, -1.1049302816390991, -1.0032579898834229, -1.4516756534576416, -0.5484982132911682, -0.3918258249759674, -2.6924195289611816, 0.3653206527233124, 0.8272373676300049, -1.7031844854354858, -0.6304449439048767, -0.16330015659332275, -0.9199562072753906, 0.2931244969367981, 1.7946646213531494, 0.7665481567382812, 0.28424718976020813, 0.14665687084197998, -1.4155285358428955, -0.313323438167572, -1.194178819656372, 0.7606468796730042, -0.7299860119819641, 2.3942971229553223, -0.01311178132891655, 2.059459924697876, 1.2972054481506348, 1.0803757905960083, -0.4094656705856323, -0.9649473428726196, -1.0446215867996216, 1.0610140562057495, -0.1426192820072174, -0.2642243504524231, 0.32316818833351135, -0.44888389110565186, -0.6760208606719971, 0.26495712995529175, 0.6816922426223755, 0.7664670944213867, -0.36159709095954895, -0.7630359530448914, -0.5941741466522217, 0.4824264943599701, -0.541874349117279, 0.4298860430717468, -0.40538787841796875, -0.33584409952163696, -0.04698452353477478, 0.4551711678504944, -0.7105817794799805, 1.2368253469467163, -1.1007331609725952, 0.13012173771858215, -0.45555663108825684]",yunet,Facenet,1920,1080,/home/amos/media/tv/modern_family/Modern.Family.S09.1080p.DSNP.WEB-DL.DDP5.1.H.264-CRFW/Modern.Family.S09E21.The.Escape.1080p.DSNP.WEB-DL.DDP5.1.H.264-CRFW.mkv,Modern Family,2009,1442437,9,21,Mary Louise Wilson,115767.0,0.744
996,1380,288,1566,504,1488,360,1410,360,0.911,25608,0,"[0.8905694484710693, 0.8503581285476685, -1.5146621465682983, -0.5515834093093872, 1.0450619459152222, 0.8457373380661011, -1.5693371295928955, 1.7135382890701294, 0.7804899215698242, -1.207869291305542, -0.26533085107803345, 0.9947507381439209, -0.15381410717964172, 1.523033618927002, 0.2738844156265259, 0.4337729215621948, -0.5249943733215332, 1.2326703071594238, -0.3898884952068329, -0.8626987934112549, -2.1997101306915283, 0.47824326157569885, 0.9279337525367737, 1.5997815132141113, 1.7332589626312256, 0.5210966467857361, -0.3158363699913025, 0.2122286558151245, -0.26820260286331177, -0.6855161786079407, -0.556043267250061, 0.6100894212722778, -1.3210768699645996, 0.48275333642959595, 0.38605424761772156, -0.8305197954177856, 0.3644615411758423, 0.7425915002822876, -2.1176440715789795, 1.5533069372177124, 1.6604558229446411, -1.506867527961731, 0.7193129062652588, 0.7462653517723083, 0.6412618160247803, -2.7300899028778076, -0.40625226497650146, -0.6173874139785767, 2.2033851146698, -0.055480457842350006, 0.04136112332344055, -0.30108126997947693, 1.895521640777588, -0.6410614252090454, 0.8398865461349487, -0.18477794528007507, 1.3792535066604614, -2.7622318267822266, 0.5367999076843262, -0.5035921335220337, -0.3469340205192566, 2.048142910003662, 0.7785288095474243, 0.260806143283844, -1.2547636032104492, -0.19600771367549896, -0.22588911652565002, 0.9991095662117004, -0.4873923659324646, -0.7028766870498657, -1.1761943101882935, 1.4787012338638306, -0.0001389831304550171, 0.5767855644226074, -0.7410460114479065, -1.798949956893921, -1.2772669792175293, -0.17549487948417664, -0.15925724804401398, -2.2832422256469727, 0.589484453201294, 0.11309622973203659, -1.8239383697509766, -0.10012085735797882, 1.1533334255218506, -0.29892390966415405, -0.8757467269897461, 0.9391130208969116, 1.39594566822052, 0.6718392968177795, 0.4598264694213867, -1.6498295068740845, -0.21327771246433258, -1.5810515880584717, 0.49453333020210266, 0.14741256833076477, 2.288449287414551, 0.09977779537439346, 1.0646193027496338, 0.22306564450263977, 0.6016754508018494, -0.5136305689811707, -0.6628106236457825, -0.8512818813323975, 0.6997184157371521, 0.25797420740127563, -0.49375638365745544, 0.2439393401145935, -0.26169607043266296, 0.5043706297874451, -0.2483706772327423, 2.0277040004730225, 1.071102499961853, -1.2137362957000732, -0.5693381428718567, -1.332028865814209, -0.3597952723503113, -0.8656887412071228, 1.4250556230545044, -0.8496858477592468, 0.313490629196167, -0.1618097424507141, 0.7303698062896729, -0.4200703203678131, 1.1312464475631714, -0.6886593699455261, 0.22230510413646698, -0.6148725152015686]",yunet,Facenet,1920,1080,/home/amos/media/tv/modern_family/Modern.Family.S09.1080p.DSNP.WEB-DL.DDP5.1.H.264-CRFW/Modern.Family.S09E21.The.Escape.1080p.DSNP.WEB-DL.DDP5.1.H.264-CRFW.mkv,Modern Family,2009,1442437,9,21,Mary Louise Wilson,115767.0,0.758
997,666,162,930,486,864,294,750,300,0.909,25632,0,"[-0.11018076539039612, -1.47809898853302, 0.9420641660690308, 0.7660391330718994, 1.1193022727966309, -1.4616950750350952, -0.3458609879016876, 0.24907097220420837, -0.11140447854995728, 0.3563174307346344, -0.692179262638092, 0.469781756401062, -1.6655747890472412, -1.0293397903442383, 0.09690035134553909, -0.7864371538162231, 0.6292868852615356, 0.9107781052589417, 1.2492611408233643, -1.0262079238891602, -0.7796279191970825, -1.495139241218567, 0.038770295679569244, 0.939204216003418, 1.4386224746704102, -0.5856988430023193, 0.8795512914657593, 2.5920114517211914, 0.2947354316711426, 0.21294856071472168, -0.615953803062439, 0.7212539911270142, -0.8678109645843506, 0.11689095944166183, -1.9320685863494873, 0.5595192313194275, 0.6769477128982544, -0.8615955114364624, -1.1599769592285156, -0.14915215969085693, -0.3246951997280121, -1.1959218978881836, -0.8445017337799072, 1.265424370765686, 0.09072823077440262, 0.570182740688324, -0.7464216351509094, -1.0196460485458374, -0.2674028277397156, -1.4059784412384033, 0.45701777935028076, -0.8838099241256714, -0.8100506663322449, 0.9766960144042969, 0.07263492047786713, 0.7373476028442383, -0.18141216039657593, -0.21408185362815857, -1.3601462841033936, 0.8236669301986694, -1.6319752931594849, -0.4979085326194763, 0.8308406472206116, -1.5215421915054321, 0.24378088116645813, 2.4526865482330322, 0.4414098858833313, 1.7789894342422485, -0.03887435048818588, 1.0562125444412231, 0.6650728583335876, 0.30726078152656555, 0.22342930734157562, 1.6137410402297974, -0.14343495666980743, 1.2379183769226074, -0.3001289963722229, 0.8840774893760681, -0.46556928753852844, 2.4871573448181152, -0.9714101552963257, 1.1620049476623535, 0.5537118315696716, -1.3491296768188477, -0.7781481742858887, 0.5604201555252075, -0.4641529619693756, 0.09093445539474487, 0.5290067195892334, 1.844414472579956, 2.1067819595336914, -0.7753267288208008, -0.9080973267555237, -0.17534732818603516, -1.2007720470428467, -0.894273042678833, -0.618384063243866, 0.0748884454369545, 0.9233537316322327, 1.1886019706726074, -1.2895574569702148, 0.27352651953697205, 1.4765491485595703, -1.9199568033218384, -0.414002925157547, -0.3839699625968933, -0.6646347045898438, -0.8498213291168213, 0.5371658802032471, -0.1601981669664383, -1.9861491918563843, 0.3515530228614807, -0.19656428694725037, -2.522962808609009, 2.2544031143188477, 0.20726940035820007, 0.619990348815918, 0.9311565160751343, 1.3235416412353516, -0.5232929587364197, 0.4993356466293335, 0.37215229868888855, 0.6918429732322693, 0.11610928177833557, 0.8400695323944092, 0.48806920647621155, 0.1508195400238037, 0.9124123454093933]",yunet,Facenet,1920,1080,/home/amos/media/tv/modern_family/Modern.Family.S09.1080p.DSNP.WEB-DL.DDP5.1.H.264-CRFW/Modern.Family.S09E21.The.Escape.1080p.DSNP.WEB-DL.DDP5.1.H.264-CRFW.mkv,Modern Family,2009,1442437,9,21,Ed O'Neill,18977.0,0.696
998,594,156,870,498,816,306,684,312,0.909,25656,0,"[-0.16159889101982117, -1.6283067464828491, 0.4465067684650421, 0.9176890850067139, 1.1787797212600708, -1.4204294681549072, -1.2394591569900513, 0.8600910902023315, -0.07638240605592728, -0.27595722675323486, -0.3937407433986664, 0.48316532373428345, -1.599225640296936, -0.4498862624168396, -0.20228397846221924, -0.7184682488441467, 0.9237684011459351, 1.1388157606124878, 1.42722749710083, -0.719925045967102, -1.3647788763046265, -1.411664366722107, 0.22544613480567932, 0.798560619354248, 1.4688003063201904, -1.0627260208129883, -0.012331545352935791, 2.5771288871765137, 0.5456130504608154, 0.2658170461654663, -0.5425266027450562, 0.33747175335884094, -0.4297930896282196, 0.20867949724197388, -1.9485448598861694, 1.6651743650436401, 0.9123331308364868, -0.30706626176834106, -1.126549243927002, 0.002691395580768585, 0.13409695029258728, -0.25698530673980713, -0.8529579639434814, 1.2565556764602661, -0.1882077306509018, 0.3649699091911316, -0.9548075795173645, -0.6194114685058594, -0.5775113701820374, -1.0752453804016113, 0.5594481229782104, -0.5679346323013306, -0.6475071907043457, 1.3021191358566284, -0.18417231738567352, 1.250591516494751, -0.22034497559070587, -0.48901644349098206, -1.242344617843628, 0.9278253316879272, -1.3096468448638916, -0.23709776997566223, 0.8497026562690735, -1.1490745544433594, 0.6000728607177734, 2.52706241607666, 0.5212628841400146, 2.1681582927703857, 0.0821232944726944, 0.9645005464553833, 0.667087733745575, 0.7737631797790527, -0.6853475570678711, 1.883081316947937, -0.07181015610694885, 1.497787356376648, -0.487841933965683, 0.6697179079055786, -0.6343165636062622, 2.2549312114715576, -0.6657379865646362, 1.0351431369781494, 0.5018516778945923, -0.8274542689323425, -0.29445892572402954, 0.16326993703842163, -0.3202979564666748, 0.5036300420761108, -0.04113262891769409, 1.8162709474563599, 2.1383721828460693, -0.4645766317844391, -0.8313897848129272, 0.08262763917446136, -2.253730535507202, -0.5577139258384705, -0.569399356842041, -0.43115150928497314, 0.5956966280937195, 1.3906890153884888, -1.7300095558166504, 0.38781899213790894, 1.14726984500885, -2.361588716506958, -0.5032486319541931, -0.25940656661987305, -0.9040170907974243, -1.29546320438385, 0.5423083901405334, -0.22710107266902924, -1.726183533668518, 0.6532381772994995, -0.1852532923221588, -2.4884231090545654, 2.313941717147827, -0.027115315198898315, 0.6950284242630005, 0.5113905668258667, 1.4485547542572021, -0.5882736444473267, 0.3643624186515808, 0.21202895045280457, 0.972592830657959, -0.22895093262195587, 1.306670069694519, 0.059633709490299225, 0.09295715391635895, 0.8571975827217102]",yunet,Facenet,1920,1080,/home/amos/media/tv/modern_family/Modern.Family.S09.1080p.DSNP.WEB-DL.DDP5.1.H.264-CRFW/Modern.Family.S09E21.The.Escape.1080p.DSNP.WEB-DL.DDP5.1.H.264-CRFW.mkv,Modern Family,2009,1442437,9,21,Ed O'Neill,18977.0,0.669
999,636,144,966,540,894,312,774,318,0.913,25704,0,"[1.206215739250183, -0.8818775415420532, 0.3400058150291443, 0.7528675198554993, 0.9356766939163208, -0.6717590689659119, -0.25683122873306274, 2.2197859287261963, -0.19722986221313477, -0.0642101913690567, -1.5458954572677612, 0.29383155703544617, -1.2430307865142822, 0.6127970218658447, -0.2741057574748993, -0.9599080681800842, 0.9915308952331543, 0.7000863552093506, 1.5432062149047852, -0.41472890973091125, -1.7547158002853394, -0.3844420909881592, 0.13446372747421265, 0.9023980498313904, 1.2394753694534302, -0.8614846467971802, 0.30876901745796204, 2.478421688079834, 0.6229488253593445, -0.45252981781959534, -1.3588039875030518, 1.886775255203247, -1.6646314859390259, 0.2492113709449768, -1.984734296798706, 0.421168714761734, 0.34953948855400085, -0.2822979986667633, -1.0027472972869873, -0.5110020637512207, 0.16897688806056976, -0.9668645858764648, -0.6468207836151123, 0.7836552262306213, 0.24461019039154053, 1.2002646923065186, -0.5343395471572876, -1.8826695680618286, -0.35747379064559937, 0.09982296079397202, 0.0641086995601654, -0.07029902935028076, 0.19454273581504822, 0.7659712433815002, -0.2957758903503418, 0.34000739455223083, -1.782844066619873, -0.9409948587417603, -0.47018274664878845, 0.7359955310821533, -2.1030609607696533, 0.4650046229362488, 1.1625683307647705, -0.8669028282165527, 0.37448373436927795, 1.3199825286865234, 0.520456850528717, 1.2087936401367188, 1.0949674844741821, 0.2508872151374817, -0.06105787307024002, 0.48048195242881775, 0.05690852925181389, 1.5274722576141357, -0.38459810614585876, 0.9070819616317749, -1.46934175491333, -0.22592492401599884, 0.5924635529518127, 1.5311444997787476, 1.0325279235839844, 1.242693305015564, 0.4778158366680145, -1.8523069620132446, -0.19986307621002197, -0.03361925110220909, -0.27620208263397217, 0.30164116621017456, 0.4652250111103058, 2.1243536472320557, 1.6151915788650513, -0.02350168488919735, -2.318464756011963, -0.6224139928817749, -1.2178672552108765, -0.4640313386917114, 0.10706917941570282, -0.9433141350746155, 1.816422939300537, 2.172852039337158, -2.139719247817993, 1.3828004598617554, 0.6041322350502014, -1.847813606262207, -1.3132275342941284, 0.12175522744655609, -0.05798937380313873, -0.02943732589483261, -0.12075929343700409, -0.8401311635971069, -1.3680235147476196, 0.8563463687896729, -0.5232799053192139, -2.2668097019195557, 1.9877979755401611, -0.144533172249794, 0.6747757196426392, 0.7844835519790649, 1.1276847124099731, -1.6191174983978271, 0.418756902217865, 0.5808587074279785, 0.481617271900177, 0.11265138536691666, 0.05519074574112892, 0.5263004302978516, 0.07382282614707947, -0.13741455972194672]",yunet,Facenet,1920,1080,/home/amos/media/tv/modern_family/Modern.Family.S09.1080p.DSNP.WEB-DL.DDP5.1.H.264-CRFW/Modern.Family.S09E21.The.Escape.1080p.DSNP.WEB-DL.DDP5.1.H.264-CRFW.mkv,Modern Family,2009,1442437,9,21,Ed O'Neill,18977.0,0.67
1000,1158,282,1320,480,1248,354,1194,360,0.904,25728,0,"[1.3210963010787964, 0.9604790210723877, -0.9642325639724731, -0.778915286064148, 0.5317004323005676, 1.0818661451339722, -1.1698116064071655, 1.8044557571411133, 0.6143484711647034, -1.0672154426574707, -0.430883526802063, 0.42701902985572815, -0.6569210290908813, 1.0938819646835327, -0.10290010273456573, 0.09218904376029968, -0.9132672548294067, 0.22376374900341034, -0.8697112798690796, -1.6832948923110962, -1.4497829675674438, 0.07872603088617325, 0.5798342823982239, 1.3226029872894287, 1.4504586458206177, 0.6561782360076904, -0.48156291246414185, 0.8908759355545044, -0.9418268203735352, -1.2150501012802124, -1.3909482955932617, 0.9969079494476318, -2.290794849395752, 0.533746600151062, 0.583316445350647, -0.33540526032447815, -0.5854290127754211, 0.0837353840470314, -1.5692379474639893, 0.9283847808837891, 1.7718570232391357, -0.8649203181266785, 0.22363297641277313, -0.34321942925453186, 1.0897133350372314, -2.261018991470337, 0.254071444272995, -0.18652963638305664, 1.6087099313735962, -0.40205106139183044, -0.8088074922561646, -0.1785002052783966, 1.7633166313171387, -1.2402746677398682, 1.1655690670013428, -0.03745979070663452, 2.898815155029297, -2.4277498722076416, 0.4139103293418884, -0.8445037603378296, -0.8050283193588257, 1.702713131904602, 1.3293105363845825, 1.3003208637237549, -0.835684597492218, 0.3675360083580017, 0.2963297963142395, 0.9440388679504395, -0.1213764175772667, -0.45416367053985596, -0.8479930758476257, 1.6805379390716553, -0.7077703475952148, 0.7488754987716675, -0.5316122770309448, -1.5745370388031006, -2.5790770053863525, 0.6959694623947144, 0.03441465646028519, -1.873947262763977, 1.033405065536499, -0.5129438638687134, -1.1819959878921509, -1.251031756401062, 1.5077965259552002, -0.4372671842575073, -0.810103714466095, 1.3791100978851318, 0.8800075054168701, 0.8458468914031982, 1.285347580909729, -1.6606929302215576, 0.30710169672966003, -0.841914176940918, 1.173630714416504, 0.8492839932441711, 1.792277216911316, 0.5179334282875061, 1.1319499015808105, 0.8655094504356384, -0.1432008445262909, -1.051919937133789, -1.1104457378387451, -0.786160409450531, 0.5926438570022583, -0.06410729885101318, -0.8404192924499512, 1.088971734046936, -0.5622401237487793, 1.1040548086166382, -0.5520954728126526, 1.6527719497680664, 0.9668723344802856, -0.39387544989585876, -1.007096529006958, -0.5691471099853516, -0.16618117690086365, -0.5880324244499207, 1.643328070640564, -1.0839637517929077, 0.5529600381851196, 0.017954953014850616, 0.6260073184967041, -0.8968206644058228, 1.336064338684082, -1.2835248708724976, 0.08589564263820648, -1.556430697441101]",yunet,Facenet,1920,1080,/home/amos/media/tv/modern_family/Modern.Family.S09.1080p.DSNP.WEB-DL.DDP5.1.H.264-CRFW/Modern.Family.S09E21.The.Escape.1080p.DSNP.WEB-DL.DDP5.1.H.264-CRFW.mkv,Modern Family,2009,1442437,9,21,Mary Louise Wilson,115767.0,0.737
1001,564,174,918,588,846,348,702,354,0.91,25752,0,"[0.1734861582517624, -0.41933673620224, 0.7076520323753357, 0.006997928023338318, 1.2084170579910278, -0.9860923290252686, -0.04702036827802658, 0.8676496744155884, -0.11355706304311752, -0.2129676640033722, -0.9390069246292114, 1.1644713878631592, -1.5507218837738037, 0.41693857312202454, -0.315347820520401, -0.9393268823623657, 0.8945490121841431, 0.48107075691223145, 1.2970507144927979, -0.7283196449279785, 0.10758049786090851, -1.835800051689148, -1.2153023481369019, -0.06899968534708023, 1.4297454357147217, -1.9072961807250977, 0.6391667127609253, 2.393765449523926, 0.2664322257041931, -0.1270669549703598, -1.3889074325561523, 2.2147376537323, -1.662346363067627, 0.3002775013446808, -1.3048118352890015, -0.4123277962207794, -0.3374759256839752, -1.138881802558899, -1.1697192192077637, -0.6316351890563965, -0.3833102583885193, -0.7640517354011536, -0.7575207948684692, 1.1639305353164673, 0.12922298908233643, -0.8570837378501892, -1.1441569328308105, -0.23053979873657227, -0.4040941596031189, 0.6688528060913086, -0.761378824710846, 0.5941385626792908, 0.07417458295822144, 1.0663766860961914, -0.058564748615026474, 0.3687552213668823, -0.8971307873725891, -1.1754966974258423, -0.20571817457675934, 0.7761611938476562, -2.3088719844818115, 0.5902214646339417, 1.0624127388000488, -0.5327480435371399, -0.03569689393043518, 1.855123519897461, -0.18970385193824768, 1.253246784210205, 0.10907123237848282, 0.2574174106121063, -0.4840810298919678, -1.0119751691818237, 0.3774060010910034, 1.1394659280776978, -0.3131169378757477, 0.19005216658115387, 0.17613404989242554, -0.4026505649089813, -0.42904847860336304, 0.8165183663368225, 0.6658628582954407, 1.0665476322174072, -0.47454798221588135, -1.7568986415863037, 0.783958375453949, 0.6204800605773926, 0.0806468278169632, -0.4408067464828491, 0.09836733341217041, 2.595350503921509, 0.7539376616477966, 0.22377677261829376, -1.3675049543380737, -1.681780457496643, -0.7566487789154053, 0.2788849472999573, -0.30747145414352417, -1.6212010383605957, 1.009293556213379, 2.1864235401153564, -2.3544609546661377, 1.5430943965911865, 1.4001762866973877, -2.2917425632476807, -0.35400334000587463, -0.5287312865257263, 0.18400117754936218, 0.4989369213581085, 0.5419163107872009, -0.7134934067726135, -0.7177619338035583, -0.3426077961921692, -0.6333417892456055, -1.6520156860351562, 1.3043609857559204, 0.0985456109046936, 1.2191550731658936, 2.080852746963501, 0.674856960773468, -0.8659575581550598, 0.5365049242973328, 0.5459200143814087, 1.2501673698425293, 0.002359414240345359, 0.8927591443061829, 0.8006668090820312, 0.07010648399591446, 0.7551925182342529]",yunet,Facenet,1920,1080,/home/amos/media/tv/modern_family/Modern.Family.S09.1080p.DSNP.WEB-DL.DDP5.1.H.264-CRFW/Modern.Family.S09E21.The.Escape.1080p.DSNP.WEB-DL.DDP5.1.H.264-CRFW.mkv,Modern Family,2009,1442437,9,21,Ed O'Neill,18977.0,0.688
1002,1176,240,1350,468,1272,324,1200,324,0.907,25776,0,"[0.4800848662853241, 0.31115037202835083, -1.3606570959091187, -0.08325338363647461, 1.0119996070861816, -0.10638895630836487, -1.8126025199890137, 1.624444842338562, 0.5954314470291138, -1.6359339952468872, -0.3080337643623352, -0.10610289126634598, -0.03050978109240532, 1.4479233026504517, 1.3504023551940918, 0.5026546120643616, -0.36731261014938354, 1.04719078540802, -0.6088485717773438, -0.8190715312957764, -2.621917486190796, 0.21195222437381744, 1.2422140836715698, 2.3361828327178955, 1.914309024810791, 1.5660427808761597, -0.5380213260650635, 1.066379189491272, 0.17182543873786926, -1.1551859378814697, -0.44043490290641785, 0.4635735750198364, -2.0606489181518555, 1.0109363794326782, 0.35802555084228516, -0.3065825402736664, 0.4533081352710724, 1.0020748376846313, -2.025038003921509, 1.8718794584274292, 1.4354356527328491, -0.8801590800285339, 1.3104606866836548, 0.2051771581172943, 0.6918487548828125, -1.5142862796783447, -0.8093958497047424, -0.562224268913269, 2.2223188877105713, 0.21623077988624573, 1.0825203657150269, -0.7129513621330261, 1.6957379579544067, -0.21034087240695953, 0.8730985522270203, -0.22176237404346466, 1.7352293729782104, -2.640153408050537, 0.2989647686481476, 0.2625012993812561, 0.16624155640602112, 2.1968631744384766, 0.7382987141609192, 0.865705132484436, -1.8788371086120605, -0.5711200833320618, -0.388871431350708, -0.19570451974868774, -0.048636045306921005, -0.8558405637741089, -1.0583865642547607, 1.2451616525650024, 0.2625332474708557, 0.21971143782138824, -0.5008853077888489, -1.3229434490203857, -1.8740301132202148, 0.21744202077388763, -0.19618406891822815, -1.9298075437545776, 0.19436213374137878, 1.0284518003463745, -1.352036476135254, -0.8272281289100647, 0.037952955812215805, -0.4041031301021576, -0.5074973106384277, 1.7561923265457153, 1.5541645288467407, 0.3014575242996216, 0.8469403982162476, -1.5491746664047241, -0.24915234744548798, -0.7667015194892883, 1.2326219081878662, -0.09167806059122086, 2.106292486190796, 0.1495898962020874, 1.3618571758270264, 0.5238521099090576, 1.361344337463379, -0.8347539901733398, -0.7660316228866577, -0.12957097589969635, 1.5002671480178833, -0.4726700782775879, -0.48252975940704346, 0.7188867330551147, -0.2754250764846802, -0.24137303233146667, 0.011551547795534134, 0.6987228393554688, 0.8113127946853638, -0.9208618998527527, -0.6833231449127197, -1.536392092704773, 0.29216861724853516, -0.7014768123626709, 1.110530138015747, -1.1381851434707642, 0.4188128709793091, -0.24151688814163208, 0.36659008264541626, -1.4678471088409424, 0.15443742275238037, -0.3591260313987732, 0.16085293889045715, -1.434571385383606]",yunet,Facenet,1920,1080,/home/amos/media/tv/modern_family/Modern.Family.S09.1080p.DSNP.WEB-DL.DDP5.1.H.264-CRFW/Modern.Family.S09E21.The.Escape.1080p.DSNP.WEB-DL.DDP5.1.H.264-CRFW.mkv,Modern Family,2009,1442437,9,21,Mary Louise Wilson,115767.0,0.784
1003,1182,228,1368,450,1284,300,1218,300,0.918,25800,0,"[0.38178756833076477, 0.6265381574630737, -1.5525012016296387, -1.6785852909088135, 0.34796032309532166, 1.2440056800842285, -1.9737030267715454, 2.801677942276001, 1.0576179027557373, -1.456961989402771, 0.12797057628631592, 0.45670199394226074, -0.3074578642845154, 1.2140823602676392, 0.4541819393634796, 0.6142106056213379, -0.8489222526550293, 1.489861249923706, -0.20348933339118958, -0.9589850902557373, -1.1878663301467896, 0.41746076941490173, 0.1841627061367035, 1.7737019062042236, 0.8774843811988831, 0.5554324984550476, -1.0836973190307617, 0.602966845035553, -1.0377709865570068, -1.0596669912338257, -1.09004545211792, 1.169548511505127, -1.5177277326583862, 1.0134371519088745, 0.8758147358894348, -0.6321315169334412, 0.7585704326629639, -0.11233005672693253, -1.8141167163848877, 0.7758678197860718, 1.6606613397598267, -0.8856796622276306, 0.17730699479579926, -0.618478000164032, 0.34011733531951904, -2.569401502609253, 0.5066202878952026, -1.3140031099319458, 1.9598957300186157, -0.028646111488342285, -0.6684120297431946, -0.07295817136764526, 1.260972499847412, -1.5945262908935547, 0.8619089722633362, 0.40615114569664, 1.81026029586792, -2.302212953567505, 0.3842635154724121, -1.0276005268096924, -0.0784694254398346, 2.497231960296631, 1.7662447690963745, 1.672257900238037, -1.302602767944336, 0.1674107164144516, 0.5503193736076355, 1.084879755973816, 1.0387370586395264, -1.5330942869186401, -0.33999136090278625, 0.7760010957717896, -0.42791152000427246, 0.15335100889205933, -0.12646959722042084, -1.6701576709747314, -2.587925910949707, -0.33771082758903503, -0.7718194723129272, -2.1974236965179443, 0.7571313977241516, -1.0772383213043213, -2.0078930854797363, -0.14356161653995514, 1.6371636390686035, -0.3017605245113373, -0.9138310551643372, 2.2645938396453857, 0.9304330348968506, 1.1237049102783203, 0.4453641474246979, -2.454836845397949, -0.27000781893730164, -0.5121067762374878, 0.4669139087200165, 0.7993302941322327, 1.9838744401931763, -0.21219420433044434, 1.4633920192718506, 1.47859525680542, -0.02286655642092228, 0.13214629888534546, -0.3345394432544708, -1.1354647874832153, 0.6908132433891296, -0.08183305710554123, -0.8438462615013123, 0.6140490770339966, -0.8657476902008057, 1.165220856666565, 0.2372792512178421, 1.4692186117172241, 0.6873810291290283, -0.5430965423583984, -0.9068300724029541, -1.005051851272583, 0.08470650762319565, -1.029487133026123, 0.9512138962745667, -0.8802925944328308, -0.38883721828460693, 0.5817217826843262, 0.556207537651062, -0.7540090680122375, 0.5910241007804871, -1.1505595445632935, -0.2925390601158142, -1.1628285646438599]",yunet,Facenet,1920,1080,/home/amos/media/tv/modern_family/Modern.Family.S09.1080p.DSNP.WEB-DL.DDP5.1.H.264-CRFW/Modern.Family.S09E21.The.Escape.1080p.DSNP.WEB-DL.DDP5.1.H.264-CRFW.mkv,Modern Family,2009,1442437,9,21,Mary Louise Wilson,115767.0,0.722
1004,1200,288,1386,510,1308,360,1230,360,0.919,25824,0,"[-0.21049648523330688, -0.34693604707717896, -0.6308417916297913, -0.966305673122406, 0.15964347124099731, 1.1527260541915894, -1.624798059463501, 3.091397285461426, 1.2281568050384521, -0.6719334721565247, -0.3471423089504242, -0.957631528377533, -0.4800437092781067, 0.717556357383728, 0.05920357257127762, 0.13049432635307312, -0.9078093767166138, 0.9607597589492798, -0.9842851161956787, -1.8111615180969238, -1.4391390085220337, -0.1373686045408249, 0.7988249659538269, 1.942575216293335, 1.0779258012771606, 0.5257086157798767, -0.14473587274551392, 1.3891563415527344, -0.9932198524475098, -1.6627106666564941, -1.6947730779647827, 0.8782289624214172, -1.2832047939300537, 0.8539906144142151, 0.7899420857429504, 0.1078241765499115, -0.8504238128662109, -0.41175222396850586, -1.6907408237457275, 0.7454723119735718, 1.7889608144760132, -1.6737381219863892, 0.11562634259462357, -0.28992608189582825, 1.5807970762252808, -2.1641883850097656, 0.11990956962108612, -0.6894580125808716, 1.895593285560608, -1.5048214197158813, -0.2784789800643921, -0.059263888746500015, 0.8869004845619202, -1.375254511833191, 0.08990797400474548, 0.33550581336021423, 1.69541597366333, -2.104525566101074, -0.4297826886177063, -2.129310369491577, -0.8336668014526367, 1.73106050491333, 1.0932315587997437, 1.6479023694992065, -1.4732133150100708, 0.4388882517814636, 0.49913290143013, 0.01072812732309103, 1.2348493337631226, -1.938779354095459, -0.6539841294288635, 0.27259203791618347, 0.507581889629364, -0.09515737742185593, -0.0956888347864151, -1.7703150510787964, -2.4730448722839355, 0.8714417219161987, -0.16279280185699463, -0.9623591303825378, 0.938708484172821, -0.990959882736206, -1.436415672302246, -1.0012668371200562, 1.2655400037765503, -0.48140624165534973, -0.42228642106056213, 1.6665797233581543, 0.9757301807403564, 2.069042921066284, 1.1252853870391846, -1.5214909315109253, -0.5438380837440491, 0.8596234321594238, 0.31008780002593994, 1.1172665357589722, 1.2318378686904907, -0.3019472360610962, 0.5011706948280334, 1.8824633359909058, -0.3076595664024353, 0.2732706367969513, 0.014381587505340576, -0.3943682312965393, 0.3886719346046448, 0.5110183358192444, -1.1537460088729858, 0.4878215789794922, -1.2324604988098145, 1.3617299795150757, 0.03100718930363655, 1.8669863939285278, 0.051773861050605774, -0.23311011493206024, -0.568564236164093, 0.04309886693954468, 0.42923253774642944, -1.6499487161636353, 0.3972301185131073, -2.08164381980896, -0.497424840927124, 0.19625122845172882, -0.09184424579143524, -0.08119291812181473, 0.3344963788986206, -1.19508695602417, 0.49817878007888794, -1.2860095500946045]",yunet,Facenet,1920,1080,/home/amos/media/tv/modern_family/Modern.Family.S09.1080p.DSNP.WEB-DL.DDP5.1.H.264-CRFW/Modern.Family.S09E21.The.Escape.1080p.DSNP.WEB-DL.DDP5.1.H.264-CRFW.mkv,Modern Family,2009,1442437,9,21,Mary Louise Wilson,115767.0,0.653
1005,1260,252,1446,492,1356,336,1284,336,0.91,25848,0,"[0.4119991958141327, 0.09471467137336731, -0.8257705569267273, -0.6416468024253845, 0.7190444469451904, 0.8366290330886841, -1.2505689859390259, 2.146873712539673, 0.7580669522285461, -0.7845886945724487, -0.4727295935153961, -0.49874114990234375, 0.3350006341934204, 0.6756471395492554, 0.6391588449478149, 0.5942630171775818, -0.20903831720352173, 1.7597742080688477, -0.9328510165214539, -0.7592675685882568, -1.5105372667312622, 0.41559886932373047, 0.7875815629959106, 2.0116047859191895, 1.4922500848770142, 1.6509777307510376, -0.705910325050354, 0.9276784658432007, -0.304884672164917, -0.8250272870063782, -0.7870351076126099, 1.28200101852417, -1.7492716312408447, 0.827257513999939, 0.9399687051773071, -0.9014717936515808, 0.47366607189178467, 0.6143553853034973, -2.096311569213867, 1.4627658128738403, 1.770878791809082, -1.249884843826294, 1.1446566581726074, 0.4515875577926636, 0.7546935677528381, -1.7594281435012817, -0.1287974864244461, -0.6994906663894653, 1.717157244682312, -0.9074546098709106, 0.8646640181541443, -0.6590376496315002, 0.8914245963096619, -0.5891343951225281, 0.3695821464061737, -0.29172807931900024, 1.3447308540344238, -2.604147434234619, -0.6030216813087463, -1.537926435470581, -0.3430367410182953, 2.2806410789489746, 0.5352053642272949, 1.4447152614593506, -2.0288498401641846, -0.3098384737968445, 0.021975181996822357, -0.09446694701910019, 1.3149155378341675, -1.7867225408554077, -0.2724064588546753, 0.6116268634796143, 0.7119999527931213, 0.12781767547130585, -0.023564912378787994, -1.5535117387771606, -1.8888088464736938, 0.3363192677497864, -0.2240332067012787, -1.6489473581314087, 0.7384603023529053, -0.6194767951965332, -2.224815845489502, -0.5330342054367065, 0.7983973026275635, -0.18546155095100403, -0.07897372543811798, 0.9684035778045654, 1.3524154424667358, 1.3667662143707275, 0.44396498799324036, -1.5144269466400146, -0.40036529302597046, -0.23734304308891296, 0.7599871754646301, 0.8992881774902344, 2.844923973083496, -0.38087716698646545, 0.6666777729988098, 0.34738317131996155, 0.6972242593765259, 0.5017639398574829, -0.7557901740074158, -1.1405380964279175, 0.2586214244365692, 0.24086956679821014, -1.0185577869415283, -0.6545858383178711, -0.2696051001548767, 1.0158613920211792, -0.6607382893562317, 2.0551836490631104, 0.6608223915100098, -1.350694179534912, -0.6527288556098938, -0.5679657459259033, -0.7525981664657593, -1.5105564594268799, 0.30606746673583984, -1.9367672204971313, -0.44533324241638184, -0.025219999253749847, 0.71624755859375, -0.4395715296268463, 0.21186412870883942, -0.5371889472007751, 0.389026403427124, -0.9825314879417419]",yunet,Facenet,1920,1080,/home/amos/media/tv/modern_family/Modern.Family.S09.1080p.DSNP.WEB-DL.DDP5.1.H.264-CRFW/Modern.Family.S09E21.The.Escape.1080p.DSNP.WEB-DL.DDP5.1.H.264-CRFW.mkv,Modern Family,2009,1442437,9,21,Mary Louise Wilson,115767.0,0.698
1006,1278,264,1476,504,1374,342,1314,336,0.908,25896,0,"[0.35746392607688904, 0.5381327867507935, -1.6166621446609497, -1.6446491479873657, -0.38143759965896606, 0.4431082308292389, -2.1762592792510986, 2.2144386768341064, 0.18783283233642578, -1.4701592922210693, -0.9092894196510315, 0.10725124925374985, 0.18810223042964935, 1.1710689067840576, 1.2724915742874146, 0.3146207332611084, -1.1307411193847656, 1.3996695280075073, -0.3405647575855255, -1.254883050918579, -2.31131911277771, 0.5960943698883057, 1.2768752574920654, 2.0296027660369873, 0.9094411134719849, 0.5923939943313599, -1.1859792470932007, 0.6098539233207703, -0.3607516884803772, -1.121601939201355, -0.7167268991470337, 0.40320494771003723, -1.271689534187317, 1.703965663909912, 1.0381920337677002, 0.010905105620622635, 0.6736119985580444, 0.16188113391399384, -1.384105920791626, 1.1320486068725586, 1.9337964057922363, -0.5242915749549866, 0.5063005685806274, -0.388410359621048, 0.7870397567749023, -1.9549925327301025, -0.2812907099723816, -0.9142346382141113, 1.302593469619751, -0.8090972900390625, 0.10397928953170776, -0.9680328369140625, 0.733038067817688, -0.06732530146837234, -0.4320761561393738, 0.4111233055591583, 0.6736454367637634, -1.9848076105117798, -1.3651517629623413, -1.9226597547531128, 0.32786867022514343, 1.8409498929977417, -0.21519333124160767, 1.7060118913650513, -1.8818351030349731, 0.04195054993033409, 0.32362422347068787, -0.3910554051399231, 1.1475073099136353, -1.7607263326644897, 0.3917631506919861, 1.633864164352417, 0.9005969166755676, 0.1368614137172699, 0.2826332449913025, -1.8127299547195435, -1.7990280389785767, 0.6246530413627625, -0.03863127529621124, -2.033289670944214, 0.2828218340873718, 0.028552111238241196, -1.7044694423675537, -0.134822279214859, 1.1142618656158447, -1.1083928346633911, 0.5505313873291016, 1.1181892156600952, 0.821184515953064, 1.4675660133361816, 0.13797442615032196, -2.0886621475219727, -0.8424540758132935, 0.007839424535632133, 0.585135817527771, 0.8687272071838379, 2.1478288173675537, 0.3081738352775574, 1.3767244815826416, 0.840686559677124, 0.0878274142742157, 0.7045612931251526, -0.1055290549993515, 0.15340648591518402, 1.2256841659545898, 0.47057676315307617, -0.4749142825603485, 0.2941550016403198, -1.0808932781219482, 0.20598211884498596, 0.17173558473587036, 1.7254921197891235, 0.2760215401649475, -0.9602864980697632, -0.7738539576530457, 0.32800906896591187, 0.2894381284713745, -1.224484920501709, 0.06321238726377487, -1.815743327140808, -0.5193288326263428, 0.18735769391059875, 0.7044928669929504, -0.2804309129714966, 0.023747920989990234, -1.1630909442901611, -1.030474305152893, -0.9217143058776855]",yunet,Facenet,1920,1080,/home/amos/media/tv/modern_family/Modern.Family.S09.1080p.DSNP.WEB-DL.DDP5.1.H.264-CRFW/Modern.Family.S09E21.The.Escape.1080p.DSNP.WEB-DL.DDP5.1.H.264-CRFW.mkv,Modern Family,2009,1442437,9,21,Mary Louise Wilson,115767.0,0.67
1007,1290,264,1500,522,1380,360,1320,360,0.917,25920,0,"[0.30587828159332275, 0.6596624851226807, -0.8328901529312134, -1.0192697048187256, 0.08598576486110687, -0.03815201297402382, -2.029733657836914, 1.1099909543991089, 0.5411748886108398, -2.0564730167388916, -0.5034916996955872, 0.41141384840011597, 0.49598753452301025, 1.1145566701889038, 1.601584553718567, 0.1108100563287735, -0.2179950475692749, 1.698332667350769, -1.0057071447372437, 0.46732962131500244, -2.0657641887664795, 0.6764307618141174, 1.3719372749328613, 0.966020941734314, 1.385204553604126, 0.7570136785507202, -1.5063263177871704, 0.7624562978744507, -0.25486940145492554, -1.1588865518569946, -0.5903123617172241, 0.07357660681009293, -1.8495584726333618, 1.4211125373840332, 0.5821243524551392, -0.22793257236480713, 1.3786829710006714, 0.40623214840888977, -1.8096888065338135, 0.5323988795280457, 1.267052412033081, -0.8656330704689026, 0.3702297806739807, -0.26200032234191895, 0.18767201900482178, -2.191810369491577, -0.6834192872047424, -1.0223236083984375, 1.2243579626083374, 0.2029620260000229, 1.2419644594192505, -1.3760126829147339, 0.9244897365570068, -0.8141688108444214, 0.3763869106769562, -0.9088774919509888, 1.0961949825286865, -2.0063867568969727, -0.75311678647995, -1.114729642868042, 0.4449167549610138, 1.7935998439788818, 0.06991951167583466, 1.2446660995483398, -1.9423924684524536, -0.2069840282201767, 0.15664663910865784, -0.6223386526107788, 0.975700855255127, -1.3208274841308594, -0.1876041740179062, 0.7058614492416382, 0.06383378803730011, -0.07693780213594437, -0.06563617289066315, -0.8000953197479248, -1.775902509689331, -0.716462254524231, 0.22739297151565552, -2.335495948791504, 0.4461532533168793, 0.9116613864898682, -1.6339694261550903, 0.5482311248779297, 1.0131943225860596, -0.5887691974639893, 0.6089077591896057, 1.3780205249786377, 0.45759764313697815, 1.044703483581543, -0.16540810465812683, -2.223109006881714, -0.48422983288764954, -0.45110300183296204, 0.15451748669147491, 0.2157246619462967, 2.4642975330352783, 0.6079910397529602, 1.6744132041931152, 0.27371129393577576, 1.0406286716461182, 0.08357618004083633, -0.7451577186584473, -0.2660934329032898, 0.8451151251792908, 0.5494492650032043, -0.3887203633785248, -0.0821240246295929, -0.517474889755249, 0.008825214579701424, -0.35282307863235474, 1.7102407217025757, 0.8681837320327759, -1.6310069561004639, -0.12358462065458298, -0.594329833984375, -0.26061201095581055, -1.2519766092300415, 0.31126266717910767, -1.008370041847229, 0.27695924043655396, -0.13840380311012268, 0.3726249933242798, -0.8616349101066589, 0.12151719629764557, -0.7058867812156677, -0.8108769059181213, -0.5224806666374207]",yunet,Facenet,1920,1080,/home/amos/media/tv/modern_family/Modern.Family.S09.1080p.DSNP.WEB-DL.DDP5.1.H.264-CRFW/Modern.Family.S09E21.The.Escape.1080p.DSNP.WEB-DL.DDP5.1.H.264-CRFW.mkv,Modern Family,2009,1442437,9,21,Mary Louise Wilson,115767.0,0.673
1008,606,120,870,468,810,258,684,258,0.91,25968,0,"[0.08271145820617676, -0.9586681127548218, 0.08270286023616791, 0.6638076305389404, 0.9863492250442505, 0.5135529637336731, -0.02669314295053482, 0.45556536316871643, -0.4261228144168854, 1.203607439994812, -0.9488796591758728, 0.07087446004152298, -1.9027026891708374, 0.3484315872192383, -0.16236349940299988, -0.27938538789749146, 1.8098797798156738, -0.15455728769302368, 0.4721466600894928, -0.7276628017425537, -1.1458849906921387, -0.6353965401649475, 0.13524627685546875, 0.3194606900215149, 1.3094069957733154, -1.1321640014648438, 0.6134178638458252, 2.7225341796875, -0.14111505448818207, -0.25566133856773376, -0.299677312374115, 1.5622059106826782, -1.9369046688079834, 0.8042714595794678, -1.2883225679397583, 0.5545349717140198, 0.22516471147537231, 0.6879774928092957, -1.3924751281738281, 0.8619371652603149, -0.2467934489250183, -1.46945059299469, -0.21549910306930542, 1.05539071559906, 1.0641937255859375, -0.21179240942001343, -0.4771121144294739, -0.12414495646953583, -0.057972878217697144, -0.5776371955871582, -0.5738089084625244, -0.13134044408798218, -0.5595971345901489, 1.0400445461273193, -1.1823854446411133, 0.42463257908821106, -0.9048368334770203, 0.2378685474395752, -1.020446538925171, -1.2677147388458252, -2.6405932903289795, 0.779164731502533, -0.5014074444770813, 0.3529116213321686, -0.1466069519519806, 0.91413813829422, 0.3533712327480316, 1.959592342376709, 0.6289910674095154, -1.489203691482544, -0.7426410913467407, -0.458381325006485, 0.9267288446426392, 1.1335986852645874, -0.19169020652770996, 1.3958117961883545, -0.19800779223442078, -0.34579533338546753, -1.1715936660766602, 1.5887185335159302, -0.2235976755619049, 1.3668489456176758, -0.5659726858139038, -1.486409068107605, -1.1863791942596436, 0.32303711771965027, 0.8277150988578796, 0.8713453412055969, -0.22692686319351196, 2.377106189727783, 0.9217404723167419, -1.4277708530426025, -0.05927877128124237, -0.9633570909500122, 0.6070675849914551, -0.5586545467376709, -0.04974939301609993, -0.36083510518074036, 1.669560432434082, 2.922642230987549, -1.4120231866836548, 1.5412062406539917, -0.5587595701217651, -1.991241693496704, -1.3760699033737183, -0.3796442151069641, 0.073998361825943, -0.5532621145248413, 1.4263842105865479, -1.9082666635513306, -1.5396925210952759, 0.8408316373825073, -0.23863324522972107, -1.6486878395080566, 1.230983853340149, 0.8654782772064209, 0.5720975399017334, 1.1439828872680664, 0.2565292716026306, -0.41582784056663513, -0.09233123064041138, 0.9390645027160645, 0.8356460928916931, -0.317061185836792, 0.9043879508972168, 0.596416175365448, 1.23450767993927, 1.2761924266815186]",yunet,Facenet,1920,1080,/home/amos/media/tv/modern_family/Modern.Family.S09.1080p.DSNP.WEB-DL.DDP5.1.H.264-CRFW/Modern.Family.S09E21.The.Escape.1080p.DSNP.WEB-DL.DDP5.1.H.264-CRFW.mkv,Modern Family,2009,1442437,9,21,Ed O'Neill,18977.0,0.625
1009,648,108,912,438,858,222,750,228,0.925,26040,0,"[-0.033033907413482666, 0.46357461810112, 0.4698629379272461, 0.11400895565748215, 1.3652548789978027, 0.5959189534187317, 0.212079718708992, 1.6189936399459839, -0.17661604285240173, 0.5483854413032532, -0.5700252056121826, -0.18973815441131592, -1.8590530157089233, 0.7941602468490601, -0.8909425735473633, -0.7327870726585388, 1.0971720218658447, -0.2180398851633072, -0.6844519376754761, -1.038241982460022, -0.0081271231174469, 0.1663704216480255, -0.22857561707496643, 0.05228099599480629, 1.4352916479110718, -1.3889340162277222, 0.23402556777000427, 2.5140304565429688, 0.4736989140510559, -1.064046859741211, -0.4399658739566803, 1.8860657215118408, -1.3311667442321777, -0.2049666941165924, -0.7584273815155029, -0.03185374662280083, -0.4437839090824127, -0.7687239050865173, -1.1041362285614014, -0.5961822271347046, -0.36795300245285034, -1.8889566659927368, -0.9382110834121704, 0.4414106607437134, 0.7352026104927063, -0.6068850159645081, 0.2994906008243561, -1.602554440498352, -0.14200104773044586, 0.16020186245441437, -1.523560643196106, 1.056026816368103, 0.12556906044483185, 0.15943916141986847, -0.5211082696914673, 0.658419668674469, -0.8669480085372925, -1.5391199588775635, 0.20945315062999725, -0.20946896076202393, -2.3065972328186035, 0.38635891675949097, 0.7542542219161987, -0.2718244791030884, 0.3739539682865143, 0.7756854295730591, 0.3717324435710907, 2.627122402191162, 0.6153701543807983, -0.7452727556228638, -2.0072855949401855, 0.2880188524723053, 0.12645237147808075, 0.029065482318401337, -0.1484050303697586, 0.9735851287841797, -0.5130294561386108, -0.8309507966041565, -0.16494117677211761, 1.077049732208252, 0.8769250512123108, 1.5478447675704956, -0.20298856496810913, -1.7317662239074707, 0.3035122752189636, 1.0161892175674438, -0.4635513126850128, 0.3841875195503235, 0.31496724486351013, 2.5700581073760986, 1.0679185390472412, -0.2849716246128082, -1.06061851978302, -1.6564570665359497, 0.35398435592651367, -0.01581612415611744, -0.7496532797813416, -0.6839717626571655, 2.5448451042175293, 2.2699167728424072, -1.9796388149261475, 1.60444974899292, -0.4226606488227844, -1.8287633657455444, -0.8030635118484497, 0.04339679330587387, 0.040529511868953705, 1.1444199085235596, 0.7181134819984436, -0.964658796787262, -1.6818054914474487, 0.9997639656066895, -0.1475939005613327, -1.1317322254180908, 1.2747526168823242, 0.4301599860191345, 1.143845558166504, 0.8698325753211975, 0.793711245059967, -0.5118516087532043, 0.8664066195487976, 0.9536688327789307, 0.6956948637962341, 0.14257082343101501, 1.0788501501083374, -0.23141252994537354, 0.7043129205703735, 0.8482875823974609]",yunet,Facenet,1920,1080,/home/amos/media/tv/modern_family/Modern.Family.S09.1080p.DSNP.WEB-DL.DDP5.1.H.264-CRFW/Modern.Family.S09E21.The.Escape.1080p.DSNP.WEB-DL.DDP5.1.H.264-CRFW.mkv,Modern Family,2009,1442437,9,21,Ed O'Neill,18977.0,0.618
1010,1332,270,1494,474,1422,342,1350,342,0.902,26064,0,"[0.9091963768005371, 1.056557059288025, -1.7712467908859253, -0.5855544209480286, 0.7329768538475037, 0.6182263493537903, -1.4032939672470093, 2.8166797161102295, 1.4063420295715332, -1.0468974113464355, -1.1310443878173828, -0.2865625023841858, -0.054310206323862076, 1.4349231719970703, 0.2665955424308777, 0.2505108118057251, -0.48713555932044983, 1.3379849195480347, -0.32886531949043274, -0.8745551109313965, -1.9222216606140137, 0.3587228059768677, 1.9233421087265015, 1.8393570184707642, 1.1762999296188354, 0.5250324010848999, -0.4673481583595276, 0.5240862369537354, -0.7702379822731018, -0.9305840730667114, -1.5093721151351929, 0.13460679352283478, -1.0379427671432495, 0.8528218865394592, 0.6992048621177673, -0.4322519600391388, -0.7013320326805115, 1.0030794143676758, -1.3683288097381592, 1.3926794528961182, 1.614477276802063, -1.322736382484436, 0.7035742998123169, -0.023208223283290863, 1.4134012460708618, -2.045248508453369, -0.3550513684749603, -0.8312153816223145, 1.323034644126892, -0.5198161602020264, -0.6409894227981567, 0.44736599922180176, 1.1645886898040771, -0.8149860501289368, 0.18536794185638428, -0.04986849054694176, 1.491133451461792, -1.9077171087265015, -0.35455575585365295, -1.599821925163269, -0.19122573733329773, 2.1313982009887695, 0.5203549265861511, 0.8875365853309631, -1.573973536491394, -0.5261814594268799, -0.20778688788414001, 0.251365602016449, 0.3267016112804413, -1.5231726169586182, -0.5591785907745361, 1.0139011144638062, 0.5602876543998718, -0.07240176200866699, -0.4358265697956085, -2.0426368713378906, -1.9276267290115356, -0.2073049396276474, 0.4023297131061554, -2.7653658390045166, 1.7215707302093506, -0.1372660994529724, -0.895145058631897, -0.7586166262626648, 0.9438657760620117, -0.0011465102434158325, -0.1316126585006714, 0.920519232749939, 0.7935973405838013, 1.076192855834961, 0.4446687400341034, -1.042607069015503, -0.3874198794364929, -0.304132342338562, -0.01845463365316391, 0.1425660401582718, 1.4017571210861206, -0.38218945264816284, -0.33394619822502136, 1.2000845670700073, -0.06710562109947205, 0.8265325427055359, -0.6815387010574341, -0.5360504388809204, 0.46772825717926025, -0.1411978304386139, -0.7183429598808289, 0.015381034463644028, -1.2357666492462158, 1.1637195348739624, -0.4058942198753357, 2.353590488433838, 0.4229157269001007, -0.16317783296108246, -1.2798885107040405, -0.9253091812133789, -0.6615225076675415, -1.455344319343567, 1.351088523864746, -1.685354471206665, -0.27327632904052734, 0.8415366411209106, 0.07083695381879807, -0.637165904045105, 0.6038153767585754, -1.1121958494186401, 0.7329575419425964, -0.9777916073799133]",yunet,Facenet,1920,1080,/home/amos/media/tv/modern_family/Modern.Family.S09.1080p.DSNP.WEB-DL.DDP5.1.H.264-CRFW/Modern.Family.S09E21.The.Escape.1080p.DSNP.WEB-DL.DDP5.1.H.264-CRFW.mkv,Modern Family,2009,1442437,9,21,Mary Louise Wilson,115767.0,0.734
1011,1368,294,1524,498,1464,372,1398,372,0.924,26088,0,"[0.833747386932373, 0.3191469609737396, -1.9780011177062988, -0.044430240988731384, 0.756445050239563, 0.913187563419342, -2.0938198566436768, 2.484576463699341, 1.2712055444717407, -1.479778528213501, -0.720828652381897, -0.9443750381469727, -1.0324794054031372, 1.4116228818893433, -0.4681672155857086, -0.28620052337646484, -1.2998629808425903, 1.4855730533599854, -0.9721308946609497, -1.4217462539672852, -2.099391222000122, 0.28809505701065063, 2.118710517883301, 1.3582956790924072, 1.2069538831710815, 0.9143565893173218, 0.37655553221702576, -0.4984910488128662, -0.5276588201522827, -1.1662613153457642, -1.4260897636413574, 0.491398423910141, -0.9700079560279846, 0.10263576358556747, 0.2834511995315552, 0.2240411639213562, -0.401485800743103, 1.3531765937805176, -2.1057515144348145, 1.3489817380905151, 1.8961759805679321, -2.035769462585449, 1.1811097860336304, -0.08565495908260345, 0.8888401389122009, -2.484673500061035, 0.07551877200603485, -0.20107045769691467, 0.2887624502182007, -1.3081755638122559, 0.12267894297838211, 0.29707905650138855, 1.6715738773345947, -0.17602598667144775, 0.9472251534461975, 0.4864315092563629, 1.7676982879638672, -1.6977646350860596, -0.599821150302887, -1.7329717874526978, 0.010037679225206375, 1.51824951171875, -0.010150324553251266, 1.6211881637573242, -1.2340946197509766, 0.14580166339874268, -0.1442706286907196, 0.5927726626396179, -1.0470333099365234, -1.2837247848510742, -0.36605751514434814, 1.1109225749969482, 0.17834031581878662, 0.8824853897094727, -0.07738988101482391, -1.068623661994934, -1.9427847862243652, 1.1089142560958862, -0.23434552550315857, -2.8918700218200684, 0.8692664504051208, 0.5846939086914062, -1.1272687911987305, 0.12096455693244934, 1.2689828872680664, -0.5732325315475464, -0.18750768899917603, 0.5425318479537964, 1.2615364789962769, -0.27793845534324646, 0.04729703813791275, -1.8179268836975098, 0.364287406206131, -0.6085805892944336, -0.013501673936843872, 0.5638397336006165, 1.18832266330719, 0.0024764863774180412, 0.36037999391555786, -0.15813787281513214, -0.5612342357635498, -0.623580276966095, -0.4987976551055908, -0.3509009778499603, 1.2281635999679565, -0.7205609679222107, -0.27802497148513794, 0.7604254484176636, 0.2022182196378708, 0.9857407212257385, -0.2085399478673935, 1.9691094160079956, 0.9814467430114746, -0.10626548528671265, -2.099236011505127, -0.4418792724609375, -0.7944722175598145, -1.014945387840271, 0.4694165289402008, -1.1772160530090332, -0.14892932772636414, 0.20201832056045532, 0.04040396958589554, -0.12579120695590973, 0.918986439704895, -0.21555934846401215, 0.2252366989850998, -0.8284374475479126]",yunet,Facenet,1920,1080,/home/amos/media/tv/modern_family/Modern.Family.S09.1080p.DSNP.WEB-DL.DDP5.1.H.264-CRFW/Modern.Family.S09E21.The.Escape.1080p.DSNP.WEB-DL.DDP5.1.H.264-CRFW.mkv,Modern Family,2009,1442437,9,21,Mary Louise Wilson,115767.0,0.698
1012,1344,288,1500,486,1422,360,1362,366,0.909,26112,0,"[0.6015613079071045, 0.46733686327934265, -2.0768520832061768, 0.4212213456630707, 0.9840992093086243, 0.5223516821861267, -1.5245029926300049, 2.50099778175354, 0.19739213585853577, -0.8914496302604675, -0.8440482020378113, -0.8090625405311584, -0.24497166275978088, 1.5602073669433594, 0.9420861005783081, -0.020120350643992424, -0.15582382678985596, 0.7089166641235352, -0.35913732647895813, -0.8215347528457642, -2.715055227279663, -0.5117157101631165, 1.673117995262146, 1.7477163076400757, 0.6723657846450806, 0.8318005204200745, 0.21199257671833038, 0.43591025471687317, -1.1283282041549683, -0.44317832589149475, -0.4165995717048645, 0.47042155265808105, -2.268216609954834, 0.7460845112800598, 0.09705691039562225, -0.9005372524261475, 0.6554136872291565, 1.5225379467010498, -1.0957138538360596, 1.9281073808670044, 2.134153127670288, -1.4248005151748657, 1.5257236957550049, -0.18301747739315033, 1.4703700542449951, -2.0003771781921387, 0.6647322773933411, -0.45395776629447937, 1.2622768878936768, -0.4265074133872986, -0.7683544754981995, 0.8127561211585999, 1.189496636390686, 0.2343914955854416, 0.06473037600517273, -0.27624985575675964, 2.1563820838928223, -1.1562951803207397, -0.6867515444755554, -1.2484593391418457, -0.03777139261364937, 2.0813987255096436, 0.7758028507232666, 1.6346261501312256, -2.266556739807129, -0.6291152834892273, -0.26694050431251526, 0.32828497886657715, -0.6540462374687195, -1.3492151498794556, -0.2648264467716217, 0.853459358215332, 0.5960248112678528, 1.224762201309204, -0.4050740897655487, -0.7798331379890442, -2.143660306930542, 0.551338255405426, -0.29236385226249695, -2.6508851051330566, 0.8497775793075562, 0.5296049118041992, -0.8162972331047058, -0.9920732975006104, 0.5571756362915039, 0.12643630802631378, -0.03701836243271828, 1.4783741235733032, 0.26352712512016296, 0.16818730533123016, -0.21370929479599, -2.090597152709961, 0.44639402627944946, -0.4158817231655121, 0.8729487061500549, 0.13405770063400269, 1.4263279438018799, 0.3967919647693634, 0.39096754789352417, 0.8218404054641724, -0.3557971715927124, 0.5251048803329468, -0.7875720858573914, -0.7665722966194153, 1.2227568626403809, -0.6300226449966431, -0.5423491597175598, 1.0007071495056152, -0.46524593234062195, 0.6306976675987244, -1.0672303438186646, 1.93252694606781, 1.042360782623291, -1.2194204330444336, -2.5738704204559326, -0.8653942346572876, -0.981787919998169, -1.284807801246643, 0.23762646317481995, -1.5574206113815308, -0.37583696842193604, 0.289267361164093, 0.46845149993896484, -1.0760433673858643, 0.30722665786743164, -0.4623253047466278, 0.19706439971923828, -0.9431589841842651]",yunet,Facenet,1920,1080,/home/amos/media/tv/modern_family/Modern.Family.S09.1080p.DSNP.WEB-DL.DDP5.1.H.264-CRFW/Modern.Family.S09E21.The.Escape.1080p.DSNP.WEB-DL.DDP5.1.H.264-CRFW.mkv,Modern Family,2009,1442437,9,21,Mary Louise Wilson,115767.0,0.681
1013,1350,288,1518,510,1452,366,1386,366,0.907,26136,0,"[-0.5361324548721313, 0.47426334023475647, -1.5516066551208496, -0.0254746675491333, 0.7036996483802795, 0.2634596526622772, -1.7885546684265137, 2.4172143936157227, 0.602328896522522, -0.5598984956741333, -0.5176679491996765, -0.2622030973434448, -1.073853611946106, 1.7701997756958008, 0.5513821840286255, 0.4418898820877075, -0.6193381547927856, 2.120612382888794, -0.8669558763504028, -1.3971672058105469, -2.5539045333862305, 0.08307009190320969, 2.0628502368927, 1.3281878232955933, 0.44700393080711365, 1.258979320526123, -0.039293982088565826, 0.06289087980985641, -1.2849860191345215, -1.774493932723999, -0.7938450574874878, 0.47660213708877563, -1.4232757091522217, 0.15562200546264648, 0.9407281279563904, 0.12530013918876648, 0.1481417417526245, 1.5837582349777222, -1.4512510299682617, 1.9246042966842651, 1.1911224126815796, -2.2290148735046387, 1.7682926654815674, -0.5076857805252075, 1.2672529220581055, -2.1999261379241943, -0.07263350486755371, -0.4510400891304016, 0.8224684000015259, -1.1969493627548218, 0.5835199356079102, 0.13000276684761047, 1.204486608505249, 0.4058045744895935, 0.09119793772697449, -0.08464948832988739, 1.1014575958251953, -0.7408533096313477, -0.7198560833930969, -2.4646530151367188, -0.16978682577610016, 1.6066752672195435, -0.5551020503044128, 1.5276135206222534, -0.7943437695503235, -1.094150185585022, 0.34068170189857483, 0.7886871099472046, -0.5317709445953369, -1.1513121128082275, -0.7701870203018188, 1.1876697540283203, 0.8957496881484985, 0.9046006798744202, -0.48669493198394775, -1.3734606504440308, -1.1818522214889526, 0.7095028758049011, -1.087749719619751, -2.9637417793273926, 0.6568267941474915, 0.24478845298290253, -1.7705906629562378, -0.31196799874305725, -0.7386811375617981, -0.21492256224155426, 0.13070081174373627, 0.7050238847732544, 0.13755586743354797, 0.29005885124206543, 0.0769047960639, -2.3987154960632324, 0.40489307045936584, -1.2039281129837036, -0.05064219981431961, -0.20478218793869019, 1.8368592262268066, 0.7092786431312561, 1.7156922817230225, 0.8011622428894043, -1.177133560180664, 0.45804691314697266, -0.5119543671607971, -0.5720679759979248, 1.2459965944290161, -0.46979862451553345, -0.4611450731754303, 0.5136635303497314, 0.20689034461975098, 0.7722319960594177, -0.5402422547340393, 2.5313351154327393, 1.1577374935150146, -0.35903099179267883, -1.3919838666915894, -0.02576279267668724, -0.19540128111839294, -0.984248161315918, 0.14861278235912323, -1.02732515335083, -1.6492899656295776, -0.18091534078121185, 0.31478947401046753, 0.1282905638217926, 0.8180415034294128, -0.2681351602077484, 0.3069155514240265, -0.16409724950790405]",yunet,Facenet,1920,1080,/home/amos/media/tv/modern_family/Modern.Family.S09.1080p.DSNP.WEB-DL.DDP5.1.H.264-CRFW/Modern.Family.S09E21.The.Escape.1080p.DSNP.WEB-DL.DDP5.1.H.264-CRFW.mkv,Modern Family,2009,1442437,9,21,Mary Louise Wilson,115767.0,0.669
1014,702,132,954,456,918,246,804,252,0.915,26160,0,"[-0.4606046974658966, -0.7695302963256836, 0.6823636293411255, 1.3150660991668701, -0.18442749977111816, 0.27269697189331055, -0.6307423114776611, 0.8350420594215393, -0.6075338125228882, 0.02612365409731865, -0.572735607624054, 0.20031876862049103, -2.2502057552337646, 0.6725736856460571, -0.9172006845474243, -0.6911923289299011, 1.6209945678710938, 0.651132345199585, -0.26511046290397644, -0.21050436794757843, -0.41281431913375854, -0.6977275013923645, 0.489871621131897, -0.42677468061447144, 1.5229005813598633, -1.8079450130462646, 0.22309349477291107, 2.971665382385254, 1.037950873374939, -0.41859152913093567, -0.6931959390640259, 1.725701093673706, -1.674774408340454, 0.3687068819999695, -1.177781581878662, 0.08759637176990509, -0.26046040654182434, -0.2191944122314453, -1.427001953125, -0.6399408578872681, -0.4816431403160095, -1.743274211883545, -0.7954298257827759, 0.8937230110168457, 0.9802823066711426, -0.45704036951065063, 0.4345201253890991, -1.7524977922439575, -0.23350058495998383, 0.21467618644237518, -0.4361717700958252, -0.37250033020973206, 0.6373125314712524, 0.3774537444114685, -0.33140453696250916, 0.9823079705238342, -1.2698148488998413, -0.2744901776313782, 0.005418470129370689, 0.15322455763816833, -2.0658135414123535, 0.9111763834953308, 0.33410945534706116, -0.5473470091819763, 0.3022911548614502, 1.4798005819320679, 0.7050246000289917, 2.44757342338562, 0.05779916048049927, -0.41634881496429443, -1.4297997951507568, -0.0941811352968216, 0.6962552666664124, 0.7001294493675232, -0.05066503956913948, 1.8684413433074951, -0.29936760663986206, -0.4810633063316345, -0.02652929723262787, 1.2781691551208496, 0.6378811001777649, 1.3093749284744263, -0.16006416082382202, -1.4349828958511353, 0.07476119697093964, 0.5010476112365723, -0.07184064388275146, 0.543692946434021, -0.10454581677913666, 1.8265455961227417, 1.5926586389541626, -0.4337864816188812, -1.6722034215927124, -1.3696835041046143, -0.44262951612472534, -0.3825649321079254, -0.6120800971984863, -0.6580969095230103, 2.5325751304626465, 1.8768649101257324, -1.999250054359436, 1.6488380432128906, 0.2003028392791748, -1.717593789100647, -0.21739652752876282, -0.2766166925430298, 0.6328701376914978, 0.6759181022644043, 0.7541062235832214, -1.5734983682632446, -1.2671658992767334, 1.114211916923523, -0.3098328113555908, -1.7295823097229004, 1.014998435974121, 0.21230962872505188, 1.2738412618637085, 1.4536824226379395, 0.12513349950313568, -0.5237196087837219, 1.0312385559082031, 0.44810059666633606, 1.0763503313064575, 0.17266014218330383, 1.1869267225265503, 0.10683915764093399, 0.4613388776779175, 0.8957806825637817]",yunet,Facenet,1920,1080,/home/amos/media/tv/modern_family/Modern.Family.S09.1080p.DSNP.WEB-DL.DDP5.1.H.264-CRFW/Modern.Family.S09E21.The.Escape.1080p.DSNP.WEB-DL.DDP5.1.H.264-CRFW.mkv,Modern Family,2009,1442437,9,21,Ed O'Neill,18977.0,0.661
1015,696,144,942,456,888,258,774,264,0.913,26184,0,"[-0.042599864304065704, -0.40889132022857666, 0.2693684697151184, 0.9129853248596191, 1.2616850137710571, -0.2016904056072235, 0.28193074464797974, 0.8248320817947388, -0.9850625395774841, 0.3366830050945282, -0.8811326026916504, -0.6102670431137085, -1.4080055952072144, 0.327143132686615, -0.26443982124328613, -0.786725640296936, 1.6262569427490234, 0.380873441696167, -0.34287765622138977, -0.6105501651763916, -0.18691065907478333, -0.36989477276802063, 0.39311683177948, -0.2659515142440796, 0.8841990232467651, -1.2723727226257324, 0.5352438688278198, 2.8732218742370605, 0.6065263748168945, -0.08714020252227783, -0.468706339597702, 2.462859630584717, -1.6406530141830444, 0.309761643409729, -1.3004719018936157, -0.3697550296783447, 0.11453745514154434, -0.01991509646177292, -1.6949779987335205, -0.237926185131073, -0.17962557077407837, -1.5860408544540405, -0.10925641655921936, 0.4190923571586609, 0.4883795976638794, -0.4212319254875183, 0.3202475905418396, -1.324386477470398, -0.38021141290664673, 0.04990234598517418, -1.0472780466079712, 0.3065008223056793, 0.32352787256240845, 1.129014492034912, -0.407645583152771, 0.2510303556919098, -1.2710814476013184, -0.10810887813568115, -0.3032846450805664, -1.0821397304534912, -3.1373140811920166, 0.36131489276885986, 0.2500897943973541, 0.6112180352210999, -0.3076727092266083, 0.8092928528785706, 0.8111958503723145, 2.0253608226776123, 0.4311511218547821, -0.8879642486572266, -1.2813963890075684, -0.18737183511257172, 1.0683032274246216, 0.8991795778274536, -1.137262225151062, 1.7752269506454468, -0.7142513990402222, -0.6404066681861877, -0.5187765955924988, 0.3546273708343506, 0.7891664505004883, 1.9311423301696777, -0.7249023914337158, -1.652504324913025, -0.1687217652797699, 0.7113118171691895, 0.08181352913379669, 0.18457262217998505, -0.37593501806259155, 2.3279078006744385, 1.277202844619751, -0.25387829542160034, -1.2169288396835327, -1.396267294883728, -0.058223336935043335, -0.26067373156547546, -0.3999747335910797, -0.9177467823028564, 2.3385937213897705, 1.5540751218795776, -2.2647180557250977, 1.554249882698059, -0.03010803461074829, -2.050961494445801, -0.7849252223968506, 0.03521454706788063, 0.3528977036476135, 0.31149548292160034, 1.2345795631408691, -1.2533189058303833, -2.249027729034424, 1.1848093271255493, -0.25979483127593994, -0.9880837798118591, 1.0680235624313354, 0.22689396142959595, 0.6302903890609741, 0.11090141534805298, 0.21841764450073242, -0.45297861099243164, 0.34292346239089966, 0.8597042560577393, 0.916892945766449, -0.2881830334663391, 0.8683493733406067, 0.7121568918228149, 1.3642204999923706, 0.8113643527030945]",yunet,Facenet,1920,1080,/home/amos/media/tv/modern_family/Modern.Family.S09.1080p.DSNP.WEB-DL.DDP5.1.H.264-CRFW/Modern.Family.S09E21.The.Escape.1080p.DSNP.WEB-DL.DDP5.1.H.264-CRFW.mkv,Modern Family,2009,1442437,9,21,Ed O'Neill,18977.0,0.6
1016,648,192,780,378,756,258,690,264,0.926,26256,0,"[-1.0660150051116943, -0.62019944190979, 0.047662071883678436, -0.562127947807312, 1.1814954280853271, -2.4953746795654297, -1.4712300300598145, -0.1682233214378357, 0.0732075497508049, -0.5982674956321716, -0.32037949562072754, 0.9994207620620728, 0.8603699803352356, -0.46420958638191223, -0.6637042760848999, -0.0903150737285614, -0.8021490573883057, 0.10422337055206299, -0.9133985042572021, 0.3134554326534271, 0.7773833274841309, -0.857405424118042, 0.6527339220046997, 0.4204513132572174, -1.6024372577667236, 0.4964345097541809, -0.7671332359313965, -0.2166433334350586, -1.0471198558807373, -2.2944395542144775, -0.46777549386024475, 0.27251631021499634, 0.7957929968833923, -0.9867442846298218, -0.9525842666625977, 2.1740148067474365, -2.2358007431030273, 0.005934439599514008, 0.43554890155792236, -0.6333905458450317, 0.37619873881340027, 0.8397178649902344, -0.2668353021144867, -0.8308424353599548, -1.2071715593338013, 0.010724108666181564, -0.785565197467804, 0.49235713481903076, -1.9680765867233276, -0.7844400405883789, 1.4609129428863525, -1.7664251327514648, -1.0116935968399048, -0.45899397134780884, 0.5441989898681641, 0.00607344601303339, 0.6084353923797607, -1.0137814283370972, -1.4240576028823853, 0.2368854284286499, 0.1371123492717743, -1.928661584854126, -2.264218330383301, 0.1985175609588623, 0.5756917595863342, -2.114360809326172, 0.22132478654384613, -1.760904312133789, 1.1416140794754028, 1.3492848873138428, -0.4854949414730072, 1.7841012477874756, -2.094102621078491, 1.3278499841690063, 1.7419008016586304, -1.0670541524887085, 0.10196623206138611, 0.8024357557296753, -0.3168165683746338, -1.7218785285949707, 0.0516519695520401, -0.5849558115005493, 0.5638144612312317, -0.33793479204177856, -0.5640550851821899, 0.8805750608444214, 1.8598142862319946, -1.1999952793121338, -1.7716495990753174, 0.3395697772502899, 0.5958070158958435, -0.51146399974823, 0.3109566867351532, -0.08848030120134354, 0.32516056299209595, -0.9181419014930725, 0.6241074204444885, 0.6966564059257507, 0.4349730312824249, -1.099157452583313, -1.4796894788742065, -0.5927700996398926, -0.0872485488653183, -0.15227700769901276, 1.520578384399414, -2.388728380203247, 0.7266008853912354, -0.24446609616279602, -0.571689784526825, 0.3225554823875427, 0.7519856691360474, 0.35529279708862305, -0.662804126739502, 1.5446865558624268, -0.03471595048904419, 1.505702018737793, 0.9560885429382324, 0.9196599125862122, -1.023245930671692, 0.0298769474029541, -0.712588906288147, -0.4093363881111145, -0.7771992683410645, 0.5207728147506714, -0.21422268450260162, -1.8360590934753418, -2.8470940589904785, 0.8367629647254944]",yunet,Facenet,1920,1080,/home/amos/media/tv/modern_family/Modern.Family.S09.1080p.DSNP.WEB-DL.DDP5.1.H.264-CRFW/Modern.Family.S09E21.The.Escape.1080p.DSNP.WEB-DL.DDP5.1.H.264-CRFW.mkv,Modern Family,2009,1442437,9,21,Julie Bowen,31171.0,0.588
1017,414,156,570,372,546,246,480,240,0.921,26280,0,"[-1.8286265134811401, -0.6642532348632812, -0.696386456489563, -0.2388235330581665, 0.7681918740272522, -0.6061191558837891, 0.13890352845191956, -0.5471922159194946, 3.1491854190826416, -0.4331586956977844, 1.8671187162399292, -2.0705926418304443, -0.90390944480896, -1.2560306787490845, -1.347125768661499, 0.8788772821426392, -0.40631282329559326, -0.3541950583457947, -1.4948217868804932, -0.0020064343698322773, 1.6960936784744263, 0.5213066339492798, 2.0884499549865723, 1.3353432416915894, 0.2466265708208084, 1.0892246961593628, 1.4516218900680542, -2.3678011894226074, 1.519735336303711, -0.5053349137306213, -1.3262102603912354, 0.08744225651025772, 0.3472195267677307, 0.5464022755622864, 1.1266708374023438, 1.5861988067626953, 0.2750904858112335, -0.3562008738517761, -0.16704705357551575, -1.5389412641525269, -0.6527383327484131, -0.24463607370853424, -1.3409792184829712, -0.2582620084285736, -0.06348774582147598, 0.5586028099060059, -1.4381005764007568, -0.0371013768017292, -1.277066707611084, 0.614987850189209, 0.3750435709953308, -0.5647626519203186, -1.030499815940857, 0.6238221526145935, -1.0373798608779907, 0.1263844519853592, 0.953056812286377, -0.4627969563007355, -0.9070162773132324, -1.9930236339569092, -0.7085720300674438, 0.9189141392707825, -0.8084783554077148, 0.6343554258346558, -0.12406965345144272, 1.7661008834838867, 0.42931726574897766, 0.533207893371582, 0.7811947464942932, -2.30905818939209, -0.7047123908996582, -0.5788345336914062, -1.122011423110962, -0.6990575194358826, 0.10037402808666229, -0.2938796877861023, -0.9210426807403564, -0.4353848397731781, -1.1633458137512207, -2.2620832920074463, -1.3026151657104492, 0.4176437258720398, -1.1997958421707153, -0.24699734151363373, 0.26949581503868103, -0.02254677191376686, 0.18454721570014954, 1.426548957824707, -0.549614429473877, -0.28216350078582764, 1.0406783819198608, 1.0727100372314453, 2.123417615890503, 1.4066598415374756, -0.5521404147148132, 2.2952888011932373, 0.11633788049221039, -0.11957945674657822, -1.5174407958984375, -0.9189898371696472, -0.5144378542900085, -0.9485805630683899, 0.8023762702941895, -0.836215078830719, 0.2167893946170807, 0.31054455041885376, 0.0284060500562191, 0.31576478481292725, 0.4901951551437378, -0.48837828636169434, 1.263683795928955, -1.453723669052124, 1.714540958404541, 0.18882285058498383, -0.12376835197210312, 1.9684815406799316, 0.3433469235897064, -0.5416118502616882, -0.4498400390148163, 1.2601704597473145, -1.2621945142745972, 0.30704250931739807, 0.6245505213737488, -1.3772380352020264, 1.0294771194458008, -0.26592835783958435, 0.8511694073677063, -0.6819127798080444]",yunet,Facenet,1920,1080,/home/amos/media/tv/modern_family/Modern.Family.S09.1080p.DSNP.WEB-DL.DDP5.1.H.264-CRFW/Modern.Family.S09E21.The.Escape.1080p.DSNP.WEB-DL.DDP5.1.H.264-CRFW.mkv,Modern Family,2009,1442437,9,21,Jesse Tyler Ferguson,204815.0,0.835
1018,1038,144,1200,360,1176,222,1104,228,0.916,26280,1,"[-0.08421047031879425, -0.3464193642139435, -0.17328207194805145, -0.7149347066879272, 1.774497628211975, -1.4758082628250122, -0.22427593171596527, -0.06190725788474083, -0.6415191888809204, 0.40170884132385254, -1.1894625425338745, 1.1782501935958862, 0.5260828137397766, -0.9410780668258667, 0.12961266934871674, 0.4810691475868225, -1.1048027276992798, -0.5096774697303772, -0.06396465003490448, -1.1496567726135254, 0.3152744770050049, -0.06747671216726303, 0.41202250123023987, 0.013270486146211624, -1.5322524309158325, 1.1138837337493896, -0.5445051193237305, -0.7266011238098145, -0.8887816071510315, -1.4521631002426147, 0.3471137285232544, -0.3872727155685425, 0.09683938324451447, -1.6152642965316772, -0.2150251269340515, 1.4935985803604126, -1.047141671180725, 1.254896879196167, 0.6252460479736328, -0.23158079385757446, -0.34664785861968994, 1.8408106565475464, 0.1148977130651474, -0.956383466720581, -1.3253819942474365, 0.9912347793579102, -0.097679004073143, 0.08178722858428955, -1.4408190250396729, -1.121968388557434, 0.6211752891540527, -1.7270355224609375, -0.8627640008926392, 0.45037561655044556, 0.8230407238006592, -0.9405235052108765, 0.6537112593650818, -0.29023876786231995, -1.3679002523422241, 0.3081139624118805, -0.34369757771492004, -1.8648087978363037, -2.053675413131714, -0.6052690148353577, 0.5719541311264038, -1.5928934812545776, 0.04338332265615463, -0.2792525291442871, 0.87730473279953, 2.146994113922119, 0.23011550307273865, 3.069474220275879, -3.171814203262329, 1.4534705877304077, 1.0338066816329956, 0.22903911769390106, -1.0794183015823364, 1.7568870782852173, -0.10471101105213165, -0.6604250073432922, -0.6942943334579468, -0.17567028105258942, 0.918075442314148, -0.8319363594055176, -1.8224109411239624, 0.6622152328491211, 1.9118448495864868, -0.8838942050933838, -1.7184134721755981, 0.045449066907167435, 1.1009873151779175, -1.0088685750961304, 0.5804443359375, -0.6141138076782227, 0.3197835385799408, -0.42805215716362, 0.026007071137428284, 1.2872645854949951, 2.454496383666992, -0.44038695096969604, -1.4969472885131836, -1.2368290424346924, -0.9653606414794922, -0.26756423711776733, 1.3152107000350952, -2.292654275894165, -0.5641477704048157, 0.24708226323127747, 0.14737123250961304, 0.6416230201721191, -0.13748833537101746, -0.9921085238456726, -0.489143043756485, 0.8097684383392334, -0.2119012475013733, 1.7856978178024292, -0.05052212253212929, 0.9308148622512817, -0.32392212748527527, -0.3169792592525482, -0.12036409974098206, -0.3744184672832489, -1.3865563869476318, 0.7159085869789124, -0.06995499134063721, -1.5990065336227417, -3.1221179962158203, -0.6858625411987305]",yunet,Facenet,1920,1080,/home/amos/media/tv/modern_family/Modern.Family.S09.1080p.DSNP.WEB-DL.DDP5.1.H.264-CRFW/Modern.Family.S09E21.The.Escape.1080p.DSNP.WEB-DL.DDP5.1.H.264-CRFW.mkv,Modern Family,2009,1442437,9,21,Julie Bowen,31171.0,0.599
1019,498,198,642,390,612,276,558,276,0.919,26304,0,"[-1.362338900566101, -1.0474364757537842, -0.854119062423706, -0.28756895661354065, 1.0128730535507202, -1.1682413816452026, -0.1133628636598587, 0.04899536073207855, 3.22261643409729, -0.24912048876285553, 1.1305347681045532, -1.3077465295791626, -0.07337703555822372, -1.1624265909194946, -1.101832389831543, 1.1383311748504639, 0.001440092921257019, -1.090590238571167, -0.8715425729751587, 0.21228626370429993, 1.4207645654678345, 0.8661456108093262, 1.0036641359329224, 0.580529510974884, -0.28284308314323425, 1.2777314186096191, 1.6164209842681885, -1.3616136312484741, 2.088469982147217, -0.6964330673217773, -1.9427293539047241, 0.7910929918289185, -0.42400118708610535, 0.32800373435020447, 0.7654955387115479, 0.6640859842300415, 0.11197460442781448, -0.5154275298118591, -0.1226162314414978, -2.246941328048706, -0.7253269553184509, 0.10074768215417862, -1.8752037286758423, -0.5082388520240784, -0.26593250036239624, -0.3289016783237457, -1.4766541719436646, -0.27786800265312195, -0.5107872486114502, 0.9370872974395752, 0.2937799096107483, 0.5579214096069336, -2.2082724571228027, 0.31195610761642456, -0.6470919847488403, -0.5224353671073914, 1.4555644989013672, 0.06702636182308197, -1.1233421564102173, -1.0975395441055298, -1.0962824821472168, 0.09088744223117828, -0.2623822093009949, 1.2427271604537964, -0.10947606712579727, 2.3114120960235596, 0.9520757794380188, 0.40454837679862976, 0.5979474186897278, -2.0639305114746094, -0.813190758228302, -0.583521842956543, -1.2577630281448364, 0.1677883118391037, 0.7167590856552124, -0.4028063118457794, -1.435096263885498, -0.856174111366272, -1.1995593309402466, -2.3918187618255615, -1.9680852890014648, 1.1613080501556396, -0.25060752034187317, -0.7694188952445984, -0.8075394630432129, -0.9048465490341187, -0.1596868634223938, 0.7236211895942688, -1.336102843284607, -0.6306353807449341, 0.24708572030067444, 0.22559754550457, 1.4868059158325195, 0.4307699203491211, 0.25068801641464233, 1.303939700126648, -0.4658134877681732, 0.8206728100776672, -1.204951524734497, -1.0758939981460571, -0.30597639083862305, -0.848153293132782, -0.34429094195365906, 0.07361114025115967, 0.7068411707878113, 1.2741767168045044, 0.5815250277519226, 0.027654629200696945, 0.2449696660041809, -0.33014804124832153, 1.5367896556854248, -1.37173330783844, 1.7031329870224, 0.0034746332094073296, 0.46534737944602966, 1.6810450553894043, 0.7092993259429932, -1.0262775421142578, -0.776379406452179, 0.9557659029960632, -0.34013527631759644, 0.786963701248169, 0.2833330035209656, -1.3380374908447266, 0.6407793164253235, -0.15686877071857452, 0.23383334279060364, -0.6522427201271057]",yunet,Facenet,1920,1080,/home/amos/media/tv/modern_family/Modern.Family.S09.1080p.DSNP.WEB-DL.DDP5.1.H.264-CRFW/Modern.Family.S09E21.The.Escape.1080p.DSNP.WEB-DL.DDP5.1.H.264-CRFW.mkv,Modern Family,2009,1442437,9,21,Jesse Tyler Ferguson,204815.0,0.874
1020,1086,210,1230,402,1200,294,1140,294,0.916,26304,1,"[-1.2168203592300415, -0.42356544733047485, 0.415928453207016, -0.2107512503862381, 0.37488994002342224, -2.9090280532836914, -2.1033477783203125, -1.0496827363967896, -0.2525850534439087, 0.4606110751628876, -0.2710007131099701, 1.5622262954711914, 0.7909218668937683, -0.03267645090818405, -0.0076776593923568726, 0.25096744298934937, -0.5813498497009277, -0.4423462748527527, -1.1221997737884521, -0.25486278533935547, 0.9080008268356323, -1.049316167831421, -0.02719986066222191, 0.49256160855293274, -1.0925642251968384, -0.293224960565567, -1.2968699932098389, 0.4086442291736603, -0.5656542778015137, -2.1105363368988037, -0.08604630827903748, -0.983724057674408, 0.312612920999527, -0.6010398268699646, 0.06852102279663086, 1.909788727760315, -1.5476181507110596, 0.6589173078536987, 0.9830734729766846, -0.9602212905883789, -0.3573829233646393, 1.1072633266448975, 0.7667340040206909, -1.5596206188201904, -2.115144729614258, 0.6292141675949097, -0.639403223991394, 0.4073304235935211, -2.2001800537109375, -0.5105991363525391, 0.3902775049209595, -1.933683156967163, -0.046900540590286255, -0.08895628154277802, 0.7589818835258484, -0.61866694688797, 1.1576861143112183, -0.5396652817726135, -0.2979937493801117, 0.5324352979660034, -0.052953723818063736, -0.5545469522476196, -2.781733751296997, 0.47868970036506653, 1.304610013961792, -1.3444528579711914, 0.19409266114234924, -1.1526960134506226, 0.5306318998336792, 2.548288106918335, 0.6180826425552368, 1.3451082706451416, -2.5988669395446777, 1.2416213750839233, 0.9704198837280273, 0.048280663788318634, 1.1677932739257812, 0.525249183177948, 0.3364490866661072, -1.5986202955245972, 0.9220150113105774, -1.3834443092346191, 0.8720700144767761, -0.4117691218852997, -0.05746827274560928, 0.2575032711029053, 1.2618036270141602, -0.19019100069999695, -2.756615400314331, -0.46910810470581055, 1.1924362182617188, -0.8147310018539429, 0.7624872922897339, -0.449588418006897, 0.4878806471824646, -0.677075207233429, 0.33126336336135864, 2.336810827255249, 1.0333170890808105, -1.1363146305084229, -1.5683449506759644, -1.0569062232971191, -0.2877673804759979, -0.020713329315185547, 1.3101485967636108, -1.3180944919586182, 1.0855777263641357, -0.5523967742919922, -0.6412714719772339, 0.47723689675331116, 1.1054643392562866, -0.12562017142772675, -0.9645916223526001, 1.129673957824707, -0.47623056173324585, 0.5707787275314331, 1.0816062688827515, 1.5511231422424316, -0.5169603228569031, 1.0335499048233032, 0.19085879623889923, -1.1262372732162476, -0.35491132736206055, -0.07608529925346375, 0.9754912257194519, -1.531235694885254, -1.2601823806762695, 1.0314579010009766]",yunet,Facenet,1920,1080,/home/amos/media/tv/modern_family/Modern.Family.S09.1080p.DSNP.WEB-DL.DDP5.1.H.264-CRFW/Modern.Family.S09E21.The.Escape.1080p.DSNP.WEB-DL.DDP5.1.H.264-CRFW.mkv,Modern Family,2009,1442437,9,21,Julie Bowen,31171.0,0.643
1021,858,210,984,372,948,276,894,270,0.919,26328,0,"[-1.7848825454711914, 0.35391098260879517, 0.2809391915798187, -0.5349798202514648, 1.0351921319961548, -1.1151701211929321, -1.6142290830612183, 0.3244914412498474, 0.41635653376579285, -0.5475558042526245, 1.3677289485931396, 0.891046404838562, 0.433219850063324, -1.4394913911819458, -0.6043636798858643, -0.2382211536169052, -0.25763219594955444, -0.3962881565093994, -2.383737325668335, -0.019759081304073334, 0.4496246874332428, -1.4133096933364868, 0.00913943350315094, -0.1848168969154358, -1.9942595958709717, -0.543608546257019, -0.4468948245048523, 0.8998941779136658, -0.7681558728218079, -1.7015434503555298, -0.6740823984146118, -0.22755394876003265, 0.38639700412750244, -2.6747517585754395, -0.9804863333702087, 1.4405264854431152, -1.4544793367385864, -0.08122781664133072, -0.09932021796703339, -1.1017003059387207, 0.1145109161734581, -1.3770090341567993, -0.7428926229476929, -0.7703048586845398, -0.8442897796630859, -0.22593997418880463, 0.8150337934494019, -0.4762045741081238, -1.405637264251709, -0.5273678302764893, -0.4057888388633728, -1.3280904293060303, -0.13044261932373047, -0.3194062113761902, 0.02336200699210167, 0.21418814361095428, 0.33919557929039, -0.9817318916320801, -0.16099834442138672, 0.5741315484046936, -0.49044090509414673, -1.250736117362976, -1.2474522590637207, 0.7380883693695068, 1.077412486076355, -0.26260554790496826, 0.1885634809732437, -0.9504231214523315, 1.5184013843536377, 1.229210615158081, -0.7152621150016785, 1.2936334609985352, -2.212832450866699, 2.178701400756836, 1.6606686115264893, 0.6766481995582581, 0.3185858130455017, 0.8143327236175537, 0.09307702630758286, -0.12371516227722168, -0.25820407271385193, -0.7816529273986816, 0.049349524080753326, -0.7923632860183716, 1.6061232089996338, 0.5891730785369873, 0.6356011033058167, -1.0792169570922852, -2.242249011993408, 0.5503158569335938, 0.8041201233863831, -1.6492629051208496, 0.6499993205070496, -0.6556352972984314, -0.4775543808937073, 0.3107585310935974, -0.7925448417663574, 1.8658033609390259, -0.07157611846923828, -1.9453215599060059, -2.189056396484375, -1.0186983346939087, 1.0538561344146729, 0.3066631257534027, 0.6579024195671082, -0.5405328869819641, 0.8587670922279358, 0.38269734382629395, 0.2957770824432373, 1.6722897291183472, 0.9109126329421997, 0.9017837047576904, -1.1639766693115234, 1.2293670177459717, -0.8668398261070251, 1.650284767150879, 0.824824333190918, -0.05340486764907837, -1.859026551246643, 0.6231676936149597, 0.780695915222168, -0.5816433429718018, -0.40823858976364136, 0.21611392498016357, -0.9201872944831848, -1.2910666465759277, -1.7986867427825928, 0.7296794652938843]",yunet,Facenet,1920,1080,/home/amos/media/tv/modern_family/Modern.Family.S09.1080p.DSNP.WEB-DL.DDP5.1.H.264-CRFW/Modern.Family.S09E21.The.Escape.1080p.DSNP.WEB-DL.DDP5.1.H.264-CRFW.mkv,Modern Family,2009,1442437,9,21,Julie Bowen,31171.0,0.721
1022,288,96,426,288,390,168,330,168,0.913,26376,0,"[-1.7500885725021362, -1.3446053266525269, -0.5345731973648071, 0.3202563226222992, 0.7256802320480347, -0.2648133635520935, 0.24075298011302948, 0.02199457585811615, 3.178290605545044, -0.46258535981178284, 1.3237113952636719, -1.8514143228530884, -0.8998849987983704, -1.199867844581604, -1.6577562093734741, 0.6406829953193665, -0.3428557515144348, -0.16518846154212952, -1.3165264129638672, -0.2705463171005249, 1.0290626287460327, 0.9609742164611816, 1.5992335081100464, 0.21954432129859924, -0.14036200940608978, 1.3697885274887085, 1.5406739711761475, -2.2342491149902344, 1.838492512702942, -0.2959980070590973, -1.4952019453048706, 0.16893576085567474, -0.010393721051514149, -0.34335142374038696, 1.5459762811660767, 1.761015772819519, -0.2536015510559082, -0.3768014907836914, -0.9615769982337952, -2.2749552726745605, -0.5275455117225647, -0.18893538415431976, -1.3828579187393188, -0.3624364733695984, 0.8158645629882812, -0.14640365540981293, -0.6791484951972961, 0.04800857976078987, -1.5414663553237915, 0.9655139446258545, 0.4072025418281555, -0.07323247194290161, -1.301068902015686, 0.4524301290512085, -1.0101439952850342, -0.1035623848438263, 0.7919607758522034, 0.10113781690597534, -0.9116668701171875, -1.849805474281311, -0.767095685005188, 0.44852858781814575, -0.07183133065700531, 0.9562822580337524, 0.05761224776506424, 2.2029385566711426, 0.417736291885376, 1.1230950355529785, 0.8024847507476807, -2.1486501693725586, -0.3878062665462494, -1.027558445930481, -1.779091238975525, -0.07032423466444016, 0.4448777735233307, -0.15442173182964325, -1.5515683889389038, -0.42404311895370483, -0.899193525314331, -2.0750224590301514, -1.1174603700637817, 0.6590460538864136, -0.8905152082443237, -0.396364688873291, 0.15610450506210327, -0.9721816778182983, 0.4714878797531128, 1.3705650568008423, -0.7565925121307373, -0.7822929620742798, -0.04002506285905838, 0.917019248008728, 2.0443670749664307, 1.1930854320526123, -1.1379979848861694, 2.322199583053589, -0.589165449142456, 0.3495885729789734, -0.7232409715652466, -0.33689045906066895, -0.8947380781173706, -0.6100385189056396, 0.6873323917388916, -0.7615073323249817, 0.22519564628601074, 0.83919358253479, 0.07586561143398285, 0.6882688999176025, 0.6072068214416504, -0.5631431341171265, 1.2819545269012451, -0.9894126057624817, 1.7526178359985352, 0.18961061537265778, -0.07256436347961426, 2.176206111907959, 0.6498574018478394, -0.7314834594726562, -0.9970909357070923, 0.8925479650497437, -0.6386277675628662, 0.3833436667919159, 0.4439353346824646, -0.7992889285087585, 1.0953177213668823, 0.2107366919517517, 0.19160181283950806, -0.8276282548904419]",yunet,Facenet,1920,1080,/home/amos/media/tv/modern_family/Modern.Family.S09.1080p.DSNP.WEB-DL.DDP5.1.H.264-CRFW/Modern.Family.S09E21.The.Escape.1080p.DSNP.WEB-DL.DDP5.1.H.264-CRFW.mkv,Modern Family,2009,1442437,9,21,Jesse Tyler Ferguson,204815.0,0.863
1023,330,126,474,312,432,204,366,198,0.91,26400,0,"[-1.8370380401611328, -1.557507038116455, -0.0725826695561409, -0.5226952433586121, 0.3175888955593109, -0.08452555537223816, 0.026536811143159866, -0.13121214509010315, 2.4534380435943604, -1.103831171989441, 1.829665184020996, -1.4335033893585205, -0.8301122784614563, -1.1221294403076172, -1.2867224216461182, 0.5270060300827026, 0.4400695264339447, -0.6548583507537842, -1.1237530708312988, 0.05730967968702316, 1.7564976215362549, -0.39317360520362854, 1.0672972202301025, -0.05909079313278198, 0.008796820417046547, 0.7211576700210571, 0.9562008380889893, -1.783314824104309, 2.2867677211761475, -0.6774263381958008, -0.9462399482727051, 0.5722061395645142, -0.14585615694522858, 0.7364879846572876, 0.6193844079971313, 0.4330866038799286, 0.23761892318725586, -0.7292761206626892, -1.1927378177642822, -1.8866446018218994, -0.741865873336792, -0.13033099472522736, -1.2381993532180786, 0.31930288672447205, 0.0019116410985589027, -0.7949323058128357, -1.1568052768707275, -0.02521003782749176, -0.12138434499502182, -0.4043106734752655, 0.6472480893135071, -0.28178510069847107, -2.0153274536132812, 0.07614871859550476, -0.7384733557701111, -0.04380040615797043, 1.2990539073944092, 0.07412935793399811, -1.1551045179367065, -0.7437677979469299, -0.814731776714325, 0.9344536662101746, -0.05047344043850899, 1.5708993673324585, -0.7572973370552063, 2.6864452362060547, 0.9097269773483276, 0.8567497134208679, 1.0307673215866089, -1.9013034105300903, -0.6320492029190063, -0.8993335962295532, -1.4664840698242188, -0.0678417980670929, 1.0919843912124634, 0.6748020648956299, -1.146653413772583, -0.5679905414581299, -1.5270140171051025, -1.6174944639205933, -1.6861114501953125, 1.3834519386291504, -1.5940673351287842, -1.3539079427719116, -0.2182891070842743, -1.110282063484192, -0.6657625436782837, 0.5022419095039368, -1.1802440881729126, -0.2797788977622986, 0.23659153282642365, -0.15731632709503174, 1.450531005859375, 0.6276856660842896, -0.4818371534347534, 2.141932725906372, -0.6876546144485474, 0.7890985012054443, -0.41856834292411804, -0.6056539416313171, -0.207635760307312, -1.8443790674209595, 0.4576393663883209, 0.4486319422721863, 0.8259158134460449, 1.2157444953918457, 0.3228130340576172, -0.3306241035461426, 0.05700773745775223, -0.703500509262085, 0.8189945816993713, -0.9750339388847351, 1.5186102390289307, -0.9696248769760132, 0.01474326103925705, 1.6243348121643066, 0.53472900390625, -1.084545373916626, -1.3105275630950928, 0.9246684312820435, 0.049440376460552216, 0.2573291063308716, 0.6217008233070374, -0.6884675025939941, 0.7722579836845398, -0.043249696493148804, -0.22669699788093567, -0.39694154262542725]",yunet,Facenet,1920,1080,/home/amos/media/tv/modern_family/Modern.Family.S09.1080p.DSNP.WEB-DL.DDP5.1.H.264-CRFW/Modern.Family.S09E21.The.Escape.1080p.DSNP.WEB-DL.DDP5.1.H.264-CRFW.mkv,Modern Family,2009,1442437,9,21,Jesse Tyler Ferguson,204815.0,0.82
1024,1368,450,1512,630,1464,522,1398,522,0.9,26400,1,"[0.8076448440551758, -0.6178860664367676, 0.43832388520240784, -0.23874685168266296, 1.6261159181594849, -0.18132366240024567, 0.14500866830348969, 0.27615925669670105, 0.3564535081386566, 0.1557343304157257, -0.37351763248443604, 1.2523384094238281, -1.1870733499526978, -0.7963776588439941, 0.11421465873718262, -0.1793343424797058, 2.167520523071289, 1.0315229892730713, 1.2716678380966187, -0.11006399244070053, -0.5995571613311768, -0.9386783838272095, -0.5544431209564209, 0.06182655692100525, 1.308930516242981, -0.9587863087654114, 0.3074304759502411, 3.321793556213379, 0.7027460932731628, -0.4370861351490021, -0.3371250331401825, 2.0054357051849365, -1.1080131530761719, 0.4139540195465088, -1.4636600017547607, -0.16214101016521454, -0.18881598114967346, -0.472243070602417, -1.925489902496338, -0.17511314153671265, -0.8600437045097351, -0.9865370392799377, -0.3550203740596771, 1.1915282011032104, 0.7107102870941162, -0.9832170009613037, -1.3447891473770142, -0.4209318161010742, 0.05244627594947815, 0.3230009973049164, 0.5285958647727966, -0.28696781396865845, -1.292468786239624, 1.130828857421875, 0.14316478371620178, 0.9645774960517883, -1.3507226705551147, -0.9887908101081848, -0.7319936156272888, 0.8322982788085938, -1.5473508834838867, 0.8525945544242859, 0.8521244525909424, 0.33911362290382385, 0.3244156837463379, 1.7117950916290283, -0.15598663687705994, 1.7090604305267334, 0.7841299176216125, -0.7260227203369141, -1.3152397871017456, -0.8433083295822144, 1.0548752546310425, 1.1460727453231812, 0.5978015661239624, 1.1019970178604126, -0.6507972478866577, -1.5219157934188843, -0.5322543382644653, 1.1767051219940186, -0.3336874842643738, 2.7875258922576904, -0.6676875948905945, -1.7584688663482666, -0.5401381254196167, -0.3577916622161865, 0.5016055107116699, 0.035265907645225525, 0.7681138515472412, 2.5522420406341553, -0.3295420706272125, -0.09999268501996994, -0.9244521260261536, -1.7311152219772339, 0.32626259326934814, -1.1729646921157837, -0.9065236449241638, -1.1392545700073242, 1.1770439147949219, 2.16052508354187, -0.45749330520629883, 1.1547383069992065, -0.22825613617897034, -1.8434358835220337, -0.4337388575077057, -0.011737397871911526, 0.17438289523124695, -0.443071573972702, 1.4140586853027344, -2.3094029426574707, -1.1311720609664917, 0.6105521321296692, -0.887360692024231, -1.8014070987701416, 1.898097038269043, 0.6783238649368286, 0.8345718383789062, 1.4783416986465454, 0.9723551273345947, -0.32146984338760376, 0.7586709260940552, 1.3826611042022705, 1.6256632804870605, 0.05022118240594864, 0.90812748670578, 0.7090203166007996, 0.4945635199546814, 0.6275656819343567]",yunet,Facenet,1920,1080,/home/amos/media/tv/modern_family/Modern.Family.S09.1080p.DSNP.WEB-DL.DDP5.1.H.264-CRFW/Modern.Family.S09E21.The.Escape.1080p.DSNP.WEB-DL.DDP5.1.H.264-CRFW.mkv,Modern Family,2009,1442437,9,21,Ed O'Neill,18977.0,0.71
1025,222,102,360,294,330,180,270,174,0.91,26424,0,"[-1.6947475671768188, -1.8085434436798096, -0.32698026299476624, 0.6650673151016235, 0.8264139890670776, -0.5338678956031799, -0.046110257506370544, 0.13613086938858032, 3.1199240684509277, -0.49824199080467224, 0.9982731938362122, -1.2947442531585693, -1.0108120441436768, -0.8466336727142334, -1.8343937397003174, 0.5615684390068054, -0.29377812147140503, -0.2787186801433563, -1.4895274639129639, -0.37495872378349304, 1.1725326776504517, 0.5905889868736267, 1.3706176280975342, 0.42367053031921387, -0.061603326350450516, 0.8291731476783752, 1.5294328927993774, -1.973979115486145, 1.9112120866775513, -0.5139259099960327, -1.2323195934295654, 0.30959370732307434, -0.10518106073141098, 0.07209985703229904, 1.131882905960083, 1.6356136798858643, -0.6395173668861389, -0.6735162138938904, -1.2780120372772217, -2.197477102279663, -0.5954607129096985, 0.28297367691993713, -1.3612415790557861, -0.36419540643692017, 0.44508475065231323, -0.3349688947200775, -0.7613193392753601, 0.3602546751499176, -1.6347672939300537, 1.3610047101974487, 0.16965410113334656, -0.1978241503238678, -0.8183965086936951, 0.3512898087501526, -0.39158719778060913, 0.1314883530139923, 0.9576417803764343, -0.16154707968235016, -1.0804033279418945, -1.512292504310608, -1.2171536684036255, 0.5120250582695007, -0.19267764687538147, 1.111767053604126, -0.1032862737774849, 2.3656013011932373, 0.31044381856918335, 1.1894067525863647, 0.35252395272254944, -1.8916947841644287, -0.2842711806297302, -0.7585084438323975, -1.421609878540039, 0.32736140489578247, 0.35343149304389954, -0.300557017326355, -1.505710244178772, -0.526574432849884, -0.9461044073104858, -1.9904109239578247, -1.3909107446670532, 0.22489836812019348, -0.801511824131012, -0.5759153366088867, 0.5338369011878967, -1.110606074333191, 0.4947696626186371, 1.230430245399475, -0.22742091119289398, -0.4508057236671448, -0.0985480323433876, 1.1630836725234985, 1.5572980642318726, 1.3002276420593262, -0.5735125541687012, 2.137057304382324, -0.725928008556366, 0.5064429640769958, -0.6777822375297546, -0.531505823135376, -0.33114397525787354, -0.5776888132095337, 0.3167164921760559, -1.0622138977050781, 0.9545044302940369, 0.5244970917701721, 0.20925955474376678, 0.35308876633644104, 0.45609593391418457, -0.9309911131858826, 1.5804102420806885, -0.6628817915916443, 1.690645694732666, 0.10732647031545639, -0.18087172508239746, 2.1231048107147217, 0.749765157699585, -0.4358334541320801, -0.9974037408828735, 0.6729068756103516, -0.4981600046157837, -0.054095007479190826, 0.3470503091812134, -0.8620630502700806, 1.2349003553390503, 0.11580852419137955, 0.15076924860477448, -0.7119839191436768]",yunet,Facenet,1920,1080,/home/amos/media/tv/modern_family/Modern.Family.S09.1080p.DSNP.WEB-DL.DDP5.1.H.264-CRFW/Modern.Family.S09E21.The.Escape.1080p.DSNP.WEB-DL.DDP5.1.H.264-CRFW.mkv,Modern Family,2009,1442437,9,21,Jesse Tyler Ferguson,204815.0,0.866
1026,228,96,366,282,336,174,276,168,0.917,26448,0,"[-1.9610728025436401, -1.98072350025177, -0.8475689888000488, 0.8561078310012817, 0.6250938773155212, -0.2998315095901489, -0.09573526680469513, 0.1587967425584793, 3.0733652114868164, -0.9733976125717163, 0.7382453680038452, -1.8507109880447388, -0.740787923336029, -1.2137147188186646, -1.6935088634490967, 0.22610582411289215, -0.18295088410377502, -0.09987372159957886, -1.7137941122055054, -0.2963995635509491, 1.3622536659240723, 0.7240636348724365, 1.6509616374969482, -0.004161503165960312, 0.025390807539224625, 0.8062438368797302, 1.1373859643936157, -2.208198070526123, 1.8613450527191162, -0.16930265724658966, -1.1057581901550293, 0.18400032818317413, -0.2110104262828827, -0.06939160823822021, 1.5695916414260864, 1.396691918373108, -0.17879953980445862, -0.517475962638855, -1.1730074882507324, -2.3389110565185547, -0.35968828201293945, 0.5766850709915161, -1.0541363954544067, -0.5994800925254822, 0.8515122532844543, -0.484840452671051, -0.2857500910758972, 0.4913746118545532, -1.8086869716644287, 1.52570378780365, 0.016512777656316757, -0.2507825195789337, -0.895308256149292, 0.7918400168418884, -0.9730530977249146, -0.037847064435482025, 0.8794738054275513, -0.21618351340293884, -1.4854726791381836, -1.684479832649231, -0.9425470232963562, 0.25820714235305786, -0.09565640240907669, 1.0242785215377808, -0.4485894739627838, 2.119243621826172, 0.34379249811172485, 1.2026047706604004, 0.24185991287231445, -2.403350353240967, -0.0027145855128765106, -0.5956131815910339, -1.8208342790603638, -0.09703167527914047, 0.249497652053833, -0.46502456068992615, -1.4267700910568237, -0.5442387461662292, -0.8203514814376831, -2.2125415802001953, -1.2388826608657837, 0.35549288988113403, -0.7738012671470642, -0.3508989214897156, 0.36991429328918457, -1.0494085550308228, 0.8914981484413147, 1.0337352752685547, -0.5520548820495605, -0.6134774088859558, -0.20154985785484314, 0.9319086074829102, 1.3849815130233765, 1.5420583486557007, -1.1001609563827515, 2.5241684913635254, -0.6564731001853943, 0.41330742835998535, -0.782566487789154, -0.4211276173591614, 0.03986242413520813, -0.43159323930740356, 0.6695727705955505, -0.8752062320709229, 0.7098037600517273, 0.6611211895942688, -0.21868041157722473, -0.030239403247833252, 0.5142961144447327, -0.6855670809745789, 1.2225078344345093, -0.9668208956718445, 1.9867732524871826, 0.02767852321267128, -0.4552655816078186, 1.5748770236968994, 0.21943318843841553, -0.6677792072296143, -1.3567458391189575, 0.4917360246181488, -0.5962507128715515, 0.011177578940987587, 0.5651238560676575, -0.513422966003418, 0.9054032564163208, 0.32798904180526733, 0.012693597003817558, -0.6937137842178345]",yunet,Facenet,1920,1080,/home/amos/media/tv/modern_family/Modern.Family.S09.1080p.DSNP.WEB-DL.DDP5.1.H.264-CRFW/Modern.Family.S09E21.The.Escape.1080p.DSNP.WEB-DL.DDP5.1.H.264-CRFW.mkv,Modern Family,2009,1442437,9,21,Jesse Tyler Ferguson,204815.0,0.846
1027,288,102,426,288,396,174,330,174,0.907,26472,0,"[-1.4440679550170898, -1.4429255723953247, -1.1463954448699951, 0.4191685616970062, 0.07776106148958206, -0.16295042634010315, -0.2654360830783844, 1.0691884756088257, 2.846693992614746, -0.4156687259674072, 1.1068382263183594, -1.781863808631897, -0.6538830399513245, -0.5907105207443237, -1.5538250207901, 0.2493409663438797, -0.5608898401260376, -0.6235543489456177, -0.9674476385116577, 0.37380608916282654, 0.7018225193023682, 1.261116862297058, 1.169067621231079, 0.5243271589279175, 0.04777027666568756, 0.8950376510620117, 1.120538353919983, -2.411494255065918, 2.7212274074554443, -0.588887095451355, -1.2185131311416626, 0.30983325839042664, 0.14046697318553925, 0.002428099513053894, 1.2477352619171143, 0.9883436560630798, -0.08795639872550964, 0.031161770224571228, -0.38931989669799805, -2.1679248809814453, -0.5174874067306519, 0.5047852993011475, -1.5202049016952515, -0.5166589021682739, 0.6541228890419006, -0.14792500436306, -0.7129654884338379, 0.24455693364143372, -1.188763976097107, 1.1255799531936646, -0.1721998155117035, 0.6513047814369202, -1.393945574760437, 0.7200210690498352, -1.3966060876846313, -0.3238213062286377, 0.524868369102478, 0.1977904886007309, -1.1526845693588257, -1.6556992530822754, -0.40562042593955994, 0.7529633045196533, -0.41994786262512207, 0.7400836944580078, -0.45415234565734863, 2.5743398666381836, 0.4324813783168793, 1.1410609483718872, 0.5047508478164673, -2.627168893814087, -0.4514256417751312, -1.4246501922607422, -1.4795820713043213, -0.12843553721904755, 0.627184271812439, -0.4153980016708374, -1.3487813472747803, -0.45275288820266724, -0.7257469296455383, -1.537952184677124, -0.8793607950210571, 0.10591742396354675, -0.9570143818855286, -0.4446486830711365, 0.1853111982345581, -0.8392304182052612, 0.02440081164240837, 1.4122867584228516, -0.681262731552124, -0.9384770393371582, 0.06708554923534393, 1.005174160003662, 1.4193627834320068, 0.9633991718292236, -0.7997775077819824, 2.4315860271453857, -0.5648092031478882, 0.2870313823223114, -1.1449415683746338, -0.6911826133728027, -1.0590238571166992, -0.29827433824539185, 0.5487701892852783, -0.2485324591398239, 0.47941339015960693, 1.2279139757156372, 0.7611134052276611, 0.11397311091423035, 0.3497995436191559, -0.26635250449180603, 1.523037075996399, -1.386824131011963, 1.4460029602050781, -0.5135563611984253, -0.427479088306427, 1.7872655391693115, -0.13677038252353668, -1.0469435453414917, -0.9092642068862915, 0.4152861535549164, -1.1467009782791138, 0.5873568058013916, 0.001058485358953476, -0.5242469906806946, 1.2516065835952759, 0.17855972051620483, -0.05354301631450653, -0.44164183735847473]",yunet,Facenet,1920,1080,/home/amos/media/tv/modern_family/Modern.Family.S09.1080p.DSNP.WEB-DL.DDP5.1.H.264-CRFW/Modern.Family.S09E21.The.Escape.1080p.DSNP.WEB-DL.DDP5.1.H.264-CRFW.mkv,Modern Family,2009,1442437,9,21,Jesse Tyler Ferguson,204815.0,0.844
1028,228,96,360,276,330,174,270,168,0.914,26520,0,"[-1.3608064651489258, -1.905064582824707, -0.5029723644256592, 0.46055367588996887, 0.35451698303222656, -0.7917375564575195, -0.060967862606048584, 0.4637737274169922, 3.1406521797180176, -0.4992263913154602, 1.649945855140686, -1.441839575767517, -0.6000628471374512, -0.8138161897659302, -2.107485055923462, -0.09434524178504944, -0.14392471313476562, -0.2609105110168457, -1.2612107992172241, -0.09294605255126953, 1.3721216917037964, 0.1574690043926239, 0.9943960309028625, 0.18421778082847595, 0.267987459897995, 0.7387242913246155, 0.9001544713973999, -1.6382273435592651, 2.4098150730133057, -0.7615954875946045, -1.4067538976669312, 0.8056572675704956, 0.0048597268760204315, 0.2989562749862671, 1.1837202310562134, 0.9969658255577087, -0.6507524251937866, -0.4485871195793152, -1.236464500427246, -1.9402567148208618, -0.29590904712677, 0.5553888082504272, -1.0153613090515137, -0.26315736770629883, -0.03265649080276489, -0.6571816802024841, -1.0706250667572021, 0.8473451137542725, -1.3481221199035645, 0.723080039024353, 0.4216466546058655, 0.06785520166158676, -1.4344247579574585, 0.38840627670288086, -0.768883228302002, 0.2226008027791977, 1.3869441747665405, 0.018669985234737396, -1.3599762916564941, -1.668845295906067, -1.040389895439148, 0.6579182744026184, -0.3745911419391632, 1.295520305633545, -0.03248888626694679, 2.550163984298706, 0.32781946659088135, 1.222447156906128, 0.6299186944961548, -2.351375102996826, -0.3578628599643707, -1.0907615423202515, -1.52783203125, 0.4324357509613037, 0.26301801204681396, -0.3946041762828827, -0.677718997001648, -0.8258547186851501, -1.1881316900253296, -1.9399784803390503, -0.8528352975845337, 0.08147256076335907, -0.9599516987800598, -1.2196732759475708, 0.458268940448761, -1.4435569047927856, -0.08155666291713715, 1.0113273859024048, -0.36240318417549133, -0.11388653516769409, -0.3205890357494354, 0.9753116965293884, 1.546513319015503, 1.4350625276565552, -0.612748384475708, 2.1362667083740234, -0.3447299599647522, 0.5598170757293701, -1.1877787113189697, -1.0434099435806274, -0.28470444679260254, -0.8656589388847351, 0.6366909146308899, -0.8135966062545776, 0.49547243118286133, 1.5433974266052246, 0.9007896184921265, -0.6016794443130493, 0.5384994149208069, -0.7307635545730591, 1.7515177726745605, -0.458903968334198, 1.285886526107788, -0.3341187536716461, 0.1804894357919693, 1.8119843006134033, 0.611119270324707, -0.9614236354827881, -0.546036958694458, 0.732857346534729, -0.9034467935562134, 0.5912376642227173, 0.34229063987731934, -0.580760657787323, 1.3790888786315918, 0.5865952968597412, 0.053589701652526855, -0.26282110810279846]",yunet,Facenet,1920,1080,/home/amos/media/tv/modern_family/Modern.Family.S09.1080p.DSNP.WEB-DL.DDP5.1.H.264-CRFW/Modern.Family.S09E21.The.Escape.1080p.DSNP.WEB-DL.DDP5.1.H.264-CRFW.mkv,Modern Family,2009,1442437,9,21,Jesse Tyler Ferguson,204815.0,0.867
1029,960,234,1104,438,1092,312,1032,312,0.908,26520,1,"[-0.39759352803230286, -0.07086478173732758, -0.9290497899055481, -0.2575801610946655, 0.9330477714538574, -1.1948579549789429, -2.165361166000366, 1.1175748109817505, -0.8057822585105896, -0.5369722843170166, -0.31921863555908203, 0.8654242157936096, 0.4002329111099243, -0.04738592356443405, 1.0779826641082764, 1.6494587659835815, 0.38730043172836304, 0.09150342643260956, -0.6543933153152466, -1.8149384260177612, -0.40539270639419556, 0.22177965939044952, 0.45819735527038574, -0.25923478603363037, 0.317501425743103, 0.3167699873447418, -0.8737523555755615, 2.086236000061035, -0.30120646953582764, -2.416935920715332, -1.1521159410476685, -0.9463625550270081, -0.45091208815574646, -0.11355367302894592, 0.1405012458562851, 1.8756929636001587, -0.4346824586391449, 1.0043796300888062, -0.8065826296806335, 0.8332704305648804, -0.060644760727882385, 0.7700427174568176, 2.6761634349823, -0.5550985336303711, -1.9860566854476929, 0.47870099544525146, -0.15683886408805847, -1.6461158990859985, -1.0856609344482422, -0.993894100189209, 0.22485218942165375, -1.3977924585342407, -0.06490307301282883, 0.8407690525054932, 0.9319006204605103, 0.10137726366519928, 0.033002179116010666, -0.24565456807613373, -0.8194898962974548, -0.12501969933509827, -0.2797386050224304, -0.6011236906051636, -1.1876472234725952, 1.1462682485580444, 0.35449662804603577, -1.9219887256622314, -0.9059128761291504, -0.32493579387664795, -0.6335029006004333, 0.41081365942955017, 1.0925118923187256, 2.5834362506866455, -1.78446626663208, 0.5474333167076111, 2.6999075412750244, 1.613926649093628, 1.0114012956619263, 2.8782029151916504, 0.3123056888580322, -0.020704053342342377, -0.6309621334075928, 1.0988439321517944, -0.29892536997795105, -1.5687733888626099, -0.7921216487884521, -0.3612799644470215, 0.20635396242141724, -0.580204427242279, -1.2229887247085571, -0.5701326131820679, 1.307160496711731, -2.0694925785064697, 0.6309450268745422, -0.9835296273231506, 0.5294641852378845, -1.5338207483291626, -1.2309945821762085, 1.148339867591858, 1.9868559837341309, -0.11533031612634659, 0.11859510838985443, -0.3725152611732483, -0.2963179051876068, 0.40008583664894104, 1.2940207719802856, -1.603756308555603, -0.10542674362659454, -0.8699251413345337, -0.9886090755462646, 0.5831329226493835, 1.2476258277893066, 0.9367263913154602, -0.26370787620544434, 1.285132646560669, -0.19908106327056885, -0.24383105337619781, 1.0000669956207275, 1.3077514171600342, -0.30198603868484497, 0.35348668694496155, 0.4247686266899109, -0.5988186597824097, 0.6950822472572327, 0.34349820017814636, -0.2936948537826538, -0.48561424016952515, -0.7759644389152527, 1.0678235292434692]",yunet,Facenet,1920,1080,/home/amos/media/tv/modern_family/Modern.Family.S09.1080p.DSNP.WEB-DL.DDP5.1.H.264-CRFW/Modern.Family.S09E21.The.Escape.1080p.DSNP.WEB-DL.DDP5.1.H.264-CRFW.mkv,Modern Family,2009,1442437,9,21,,,
1030,1230,372,1368,552,1326,444,1260,438,0.901,26520,2,"[0.7394754886627197, -0.6816848516464233, 0.19476933777332306, 0.3710804879665375, 0.9172441363334656, -0.3092685043811798, -0.47111597657203674, 0.9392785429954529, -0.03704492002725601, 0.24068623781204224, -1.3316764831542969, 1.1014405488967896, -0.3509722948074341, -0.673038125038147, -0.22556406259536743, -0.5325619578361511, 2.2685625553131104, 0.7784613370895386, 1.235273003578186, -0.7996379137039185, -0.8837884664535522, 0.10734932124614716, -0.5637270212173462, 0.4940212368965149, 1.5396432876586914, -1.0650639533996582, 0.33973294496536255, 3.2316975593566895, 1.9066730737686157, -0.45890069007873535, -0.38443392515182495, 1.4444714784622192, -1.0263015031814575, -0.32013294100761414, -0.8426004648208618, -0.8226927518844604, -0.0833459347486496, -0.4680834412574768, -2.090752601623535, -0.349947065114975, -1.059812068939209, -0.9032484292984009, -0.32996582984924316, 1.4664006233215332, 0.8917797803878784, -0.5747878551483154, 0.20288655161857605, -1.5494614839553833, 0.057595670223236084, -0.5767444372177124, -0.13069573044776917, -0.43542543053627014, -1.1194325685501099, 1.467529058456421, -0.08851557970046997, 0.03328942880034447, -1.3489044904708862, -0.6759908199310303, -0.9650708436965942, 0.40687689185142517, -1.7547357082366943, 0.24516479671001434, 1.3296153545379639, -1.1890878677368164, -0.41844457387924194, 1.9385861158370972, 0.21507158875465393, 2.1076090335845947, 0.33467626571655273, -1.2497689723968506, -1.1382580995559692, -0.041108161211013794, 0.4027070701122284, 0.8382439017295837, -0.09568175673484802, 1.3130674362182617, -0.5042348504066467, -0.43124714493751526, 1.174865961074829, 0.9169371128082275, 0.2886786162853241, 1.9476432800292969, -0.6977998614311218, -1.8945115804672241, -1.2040724754333496, 0.06445115804672241, -0.04844438284635544, -0.5475081205368042, 0.932735800743103, 2.042301654815674, 1.062302827835083, 0.059825003147125244, -1.6409964561462402, -2.061676263809204, -0.1413348764181137, -0.2398713231086731, -0.8769067525863647, -0.9331393241882324, 2.035895347595215, 1.5581367015838623, -0.7017793655395508, 2.073391914367676, 0.6883706450462341, -1.6812477111816406, -0.39603105187416077, 0.693011999130249, -0.712316632270813, -0.5361075401306152, 0.8384606838226318, -1.8440322875976562, -1.9651424884796143, 0.6832672357559204, -0.6044045686721802, -2.359116792678833, 1.392201542854309, 0.1497143656015396, -0.1092820093035698, 0.7166351079940796, 1.0720094442367554, -0.7838852405548096, -0.264365017414093, 1.3707342147827148, 1.030216932296753, 0.7062841653823853, 1.904499888420105, 1.1784987449645996, 0.6813966035842896, -0.41578495502471924]",yunet,Facenet,1920,1080,/home/amos/media/tv/modern_family/Modern.Family.S09.1080p.DSNP.WEB-DL.DDP5.1.H.264-CRFW/Modern.Family.S09E21.The.Escape.1080p.DSNP.WEB-DL.DDP5.1.H.264-CRFW.mkv,Modern Family,2009,1442437,9,21,Ed O'Neill,18977.0,0.766
1031,1218,366,1356,534,1320,438,1254,432,0.91,26544,0,"[0.7092796564102173, -0.7754050493240356, 0.6945908665657043, 0.14325687289237976, 1.0920134782791138, 0.22402378916740417, -1.003894329071045, 1.2516621351242065, -0.23024776577949524, -0.12875021994113922, -1.1268507242202759, 0.9697760939598083, -1.2273792028427124, 0.05078113079071045, -0.16694840788841248, -0.032807186245918274, 2.0265932083129883, 0.0033421553671360016, 1.3770241737365723, -0.810998797416687, -1.3238027095794678, 0.6884096264839172, -0.354353129863739, 0.29402780532836914, 2.249596357345581, -1.0775065422058105, 0.24651622772216797, 3.267721176147461, 1.9275100231170654, -0.26301512122154236, -0.6236635446548462, 1.743955135345459, -1.188334345817566, 0.034100331366062164, -1.2965993881225586, -0.7618750333786011, 0.689342200756073, -0.0028029754757881165, -2.1353554725646973, -0.5710848569869995, -1.262079119682312, -0.9176101684570312, -0.8260843753814697, 1.526328444480896, 0.27971795201301575, -0.40269848704338074, -0.11953894793987274, -1.6070808172225952, 0.20080195367336273, 1.1000007390975952, 0.256460964679718, -0.2577170729637146, 0.053450003266334534, 0.670872151851654, -0.4369073510169983, 0.1232490986585617, -0.860550045967102, -1.155015230178833, -1.163030982017517, 1.388359785079956, -1.858972430229187, 0.07261832058429718, 1.26852285861969, -0.45380112528800964, -0.5768105983734131, 1.1930344104766846, 0.39730069041252136, 1.539326786994934, 0.7129702568054199, -1.363186001777649, -1.223788857460022, -0.6546791791915894, -0.37087225914001465, 1.1293340921401978, 0.3489311635494232, 1.5965027809143066, -0.6148918867111206, -0.37130334973335266, 0.7575910687446594, 1.4168449640274048, -0.019888266921043396, 2.1981804370880127, -0.29807931184768677, -1.1272249221801758, -0.563154935836792, -0.06853081285953522, 0.865631639957428, 0.12449711561203003, 0.7182028293609619, 2.0516035556793213, 0.5167708992958069, -0.4941818416118622, -1.4060029983520508, -2.226065158843994, 0.5383472442626953, -0.034253641963005066, -1.210525631904602, -1.029690146446228, 1.825620412826538, 1.2840553522109985, -0.5727507472038269, 1.1277217864990234, 0.20663616061210632, -1.8820489645004272, -0.3777834475040436, -0.014883372001349926, -0.849261999130249, -0.16197119653224945, 1.2573977708816528, -2.3716440200805664, -1.639009952545166, -0.0224883034825325, -0.47512832283973694, -1.7143239974975586, 1.8239153623580933, -0.5722050666809082, 0.6928958892822266, 1.0122097730636597, 0.6801232695579529, -0.6123737096786499, 0.7393833994865417, 0.12562640011310577, 0.4175684452056885, 1.0611941814422607, 1.6419309377670288, 0.8197166919708252, 0.020682422444224358, 0.30201074481010437]",yunet,Facenet,1920,1080,/home/amos/media/tv/modern_family/Modern.Family.S09.1080p.DSNP.WEB-DL.DDP5.1.H.264-CRFW/Modern.Family.S09E21.The.Escape.1080p.DSNP.WEB-DL.DDP5.1.H.264-CRFW.mkv,Modern Family,2009,1442437,9,21,Ed O'Neill,18977.0,0.817
1032,1248,360,1392,546,1344,432,1272,432,0.916,26568,0,"[1.0153579711914062, -1.0084707736968994, 0.32157421112060547, 0.2208646535873413, 0.2672517001628876, 0.6300587058067322, -0.5975310206413269, 1.3812954425811768, -0.4400200843811035, 0.5611254572868347, -1.0319528579711914, 0.6772903800010681, -0.960259199142456, 0.15768569707870483, -0.7246317863464355, -0.31952065229415894, 2.3267524242401123, -0.550574541091919, 1.2245492935180664, -1.3860918283462524, -1.0532431602478027, 0.017197968438267708, 0.01392548531293869, 0.3387310206890106, 1.8374981880187988, -1.3759294748306274, 0.18075960874557495, 3.2723660469055176, 1.7057610750198364, -0.5937784314155579, -0.4624226987361908, 1.539197564125061, -0.7682368159294128, 0.004930473864078522, -1.1007285118103027, -0.910495936870575, 0.11169301718473434, 0.4003008306026459, -1.4942173957824707, -0.5779969692230225, -1.472190260887146, -0.5834046602249146, -1.2900251150131226, 0.848088800907135, 0.381445974111557, -0.7267579436302185, 0.275434285402298, -1.3334565162658691, 0.5218451023101807, 0.26059889793395996, -0.4566953778266907, -0.17057110369205475, -0.5960587859153748, 0.5692568421363831, -0.3517613708972931, 1.2646467685699463, -0.6192091703414917, -0.8964883685112, -1.0955246686935425, 1.076951503753662, -2.25120210647583, 0.06784392893314362, 1.657038688659668, -0.7783335447311401, -0.5072310566902161, 1.1709868907928467, 0.24744156002998352, 2.4131150245666504, 0.38384270668029785, -0.9038442373275757, -1.3677176237106323, 0.3096281886100769, -0.25144442915916443, 0.4768274426460266, 0.7947108745574951, 1.3562372922897339, -1.065850019454956, -0.5883133411407471, 0.3882933259010315, 1.2399228811264038, 0.18764087557792664, 1.131664514541626, -0.38570478558540344, -1.8387895822525024, -0.6864358186721802, 0.3284882605075836, -0.0003500189632177353, -0.25734126567840576, 0.9308599233627319, 1.7691925764083862, 1.2096694707870483, -0.6864028573036194, -1.26674485206604, -1.8008112907409668, 0.7319114804267883, 0.3207969665527344, -1.5072096586227417, -0.7797136902809143, 1.8048512935638428, 1.278620958328247, -0.38165897130966187, 1.8605117797851562, 0.3033716082572937, -2.0665485858917236, 0.00899484008550644, 0.20855922996997833, -0.9354420304298401, -0.7462003231048584, 0.8492507934570312, -2.1317484378814697, -1.7117090225219727, 0.8007315397262573, -1.2895315885543823, -1.6395978927612305, 1.2318841218948364, -0.3022170960903168, 0.16274438798427582, 0.7385619878768921, 0.3975031077861786, -0.5439882874488831, 0.3463912606239319, 0.4938138723373413, 0.8142512440681458, 0.9581872820854187, 1.623897671699524, 0.6648266911506653, 0.25815966725349426, 0.14290525019168854]",yunet,Facenet,1920,1080,/home/amos/media/tv/modern_family/Modern.Family.S09.1080p.DSNP.WEB-DL.DDP5.1.H.264-CRFW/Modern.Family.S09E21.The.Escape.1080p.DSNP.WEB-DL.DDP5.1.H.264-CRFW.mkv,Modern Family,2009,1442437,9,21,Ed O'Neill,18977.0,0.83
1033,1248,360,1398,552,1356,432,1278,432,0.912,26592,0,"[1.039407730102539, -1.0555739402770996, 0.5208184123039246, 0.09187505394220352, -0.17051082849502563, 1.0841542482376099, -1.1546962261199951, 1.238685965538025, -0.5174421668052673, 0.21660096943378448, -1.547963261604309, 0.17177093029022217, -0.990385115146637, -0.12178748100996017, -1.1530870199203491, -0.18635933101177216, 2.1320009231567383, -0.3026890754699707, 1.0237408876419067, -0.8860446214675903, -0.839810848236084, 0.35323137044906616, -0.20557737350463867, 0.5892379879951477, 1.7187600135803223, -0.73884117603302, 0.30958396196365356, 3.6790857315063477, 1.647659182548523, -0.596138060092926, -0.6423029899597168, 1.820595622062683, -1.1406941413879395, 0.012824580073356628, -1.201820969581604, -0.8940460681915283, -0.2995169460773468, 0.5057373642921448, -1.1621382236480713, -0.05706442892551422, -1.4483979940414429, -1.1579316854476929, -0.6465041637420654, 0.7635533809661865, 1.011210322380066, -0.731332004070282, 0.6849862337112427, -1.2693305015563965, 0.4331830143928528, -0.6151731014251709, -0.25858962535858154, -0.1863427609205246, -0.15066593885421753, 0.5933240056037903, -0.2280568778514862, 0.9794356226921082, -0.545221209526062, -1.1693857908248901, -1.4325157403945923, 1.6550989151000977, -1.9651890993118286, 0.4142007827758789, 1.2207541465759277, -0.5335990786552429, -0.8600517511367798, 1.4407293796539307, 1.0159591436386108, 1.7520848512649536, 0.7025524973869324, -1.2045156955718994, -1.1818442344665527, 0.25378453731536865, 0.13092422485351562, 0.7305982708930969, 0.9049583673477173, 1.7174371480941772, -1.561619758605957, -0.38079389929771423, 1.3675252199172974, 1.2362017631530762, 0.8331785798072815, 1.1199593544006348, 0.0398508682847023, -1.3868488073349, -0.6694617867469788, 0.5761206150054932, 0.2500375509262085, -0.22572191059589386, 1.3783138990402222, 1.6496772766113281, 1.385205864906311, -0.5807251334190369, -1.473257303237915, -1.6643282175064087, 0.997733473777771, 0.7539035081863403, -1.7014796733856201, -1.0470044612884521, 1.7555510997772217, 1.1830259561538696, 0.1594521701335907, 1.2817045450210571, -0.14489132165908813, -1.6483542919158936, -0.26921698451042175, -0.41571956872940063, -1.2225852012634277, -0.5400170087814331, 0.7437043190002441, -2.1413724422454834, -1.6799631118774414, 0.4167754054069519, -1.3108999729156494, -1.42378568649292, 0.7408255934715271, -0.4946836531162262, -0.47406551241874695, 1.3697749376296997, 0.27921825647354126, -0.9604705572128296, 0.6765040755271912, 0.554513692855835, 0.4918243885040283, 1.0361632108688354, 1.5036481618881226, 0.7918819189071655, 0.8632973432540894, -0.7327576279640198]",yunet,Facenet,1920,1080,/home/amos/media/tv/modern_family/Modern.Family.S09.1080p.DSNP.WEB-DL.DDP5.1.H.264-CRFW/Modern.Family.S09E21.The.Escape.1080p.DSNP.WEB-DL.DDP5.1.H.264-CRFW.mkv,Modern Family,2009,1442437,9,21,Ed O'Neill,18977.0,0.748
1034,288,96,426,288,396,174,336,174,0.908,26592,1,"[-0.9579193592071533, -1.7367082834243774, -0.4955703020095825, -0.46325621008872986, 0.4164160192012787, 0.28959527611732483, 0.314619243144989, -0.2165113091468811, 2.390033721923828, -0.3168184757232666, 1.0149452686309814, -2.2359957695007324, -0.5907387733459473, -0.5881298780441284, -1.8199069499969482, 0.9663195013999939, -0.23853355646133423, -0.4981951117515564, -0.8876439929008484, -0.22449520230293274, 1.2823644876480103, 1.330703616142273, 1.7359617948532104, -0.12269493192434311, 0.2771667540073395, 1.650291085243225, 1.185142993927002, -2.680263042449951, 2.867807149887085, -0.20798547565937042, -0.5667752027511597, 0.643528401851654, 0.0010850271210074425, -0.19762644171714783, 1.060646891593933, 1.1498172283172607, -0.05599530041217804, 0.8188145756721497, -0.22243636846542358, -2.1084303855895996, -0.40947502851486206, 0.6322501301765442, -1.2372835874557495, -0.9406976103782654, 0.823675811290741, -0.4313254952430725, -0.9569941759109497, -0.3653814196586609, -0.4266027808189392, 0.8171124458312988, -0.44719988107681274, -0.2759832739830017, -1.5130643844604492, 0.5547062754631042, -1.3970056772232056, -0.6316055059432983, 0.9174342751502991, 0.29668256640434265, -1.0990259647369385, -1.2724087238311768, -0.562127411365509, 0.22934938967227936, -0.11011962592601776, 1.3336132764816284, -1.0417739152908325, 1.9504154920578003, 1.145004391670227, 0.729414701461792, 1.2412587404251099, -1.870705246925354, -0.7669609189033508, -0.24267995357513428, -1.8748868703842163, -0.1835307478904724, 1.0180714130401611, -0.508799135684967, -2.191190004348755, -0.6004865765571594, -0.5013993978500366, -1.8403146266937256, -1.0650944709777832, 0.7286840677261353, -0.7215389013290405, -0.7104648351669312, -0.6648361682891846, -0.03499322384595871, 0.044438496232032776, 0.8859238028526306, -0.9171513319015503, -0.7917991280555725, 0.5337663888931274, 1.0539555549621582, 1.5395876169204712, 0.7629840970039368, -0.42481285333633423, 2.7678229808807373, -1.4958757162094116, 0.32706162333488464, -0.20719760656356812, -1.1246414184570312, -0.8259810209274292, -0.4355950355529785, 0.17889070510864258, -0.8584020137786865, 0.9001410603523254, 0.9286163449287415, -0.2933802008628845, 0.4759501814842224, 0.11250610649585724, -0.9976981282234192, 0.8917739987373352, -1.1923383474349976, 1.2991379499435425, 0.08545991778373718, -0.0752580463886261, 1.9299824237823486, 0.08831474184989929, -1.2310303449630737, -1.811002254486084, 0.7840936779975891, -0.5057289004325867, 0.3696812391281128, 0.518520712852478, -0.8150824308395386, 0.6222612857818604, -0.10471058636903763, -0.044206470251083374, -1.3977925777435303]",yunet,Facenet,1920,1080,/home/amos/media/tv/modern_family/Modern.Family.S09.1080p.DSNP.WEB-DL.DDP5.1.H.264-CRFW/Modern.Family.S09E21.The.Escape.1080p.DSNP.WEB-DL.DDP5.1.H.264-CRFW.mkv,Modern Family,2009,1442437,9,21,Jesse Tyler Ferguson,204815.0,0.825
1035,1254,372,1398,558,1356,444,1290,444,0.905,26616,0,"[0.7314622402191162, -0.7262527942657471, 0.5823405981063843, -0.04921643063426018, 1.0160956382751465, 0.4771133363246918, -0.5255613327026367, 0.5615875124931335, -0.7205615639686584, 0.4111020863056183, -1.682916522026062, 0.5246968269348145, -1.0860942602157593, -0.20629169046878815, -0.1813519299030304, 0.09214594960212708, 2.0029282569885254, -0.3511554002761841, 0.6844918131828308, -1.3158977031707764, -1.134468913078308, -0.15392741560935974, -0.5284675359725952, -0.07465405017137527, 1.0238834619522095, -0.9172222018241882, 0.6641498804092407, 4.208489418029785, 0.7420991659164429, -0.04566343501210213, -0.9391400814056396, 2.3908073902130127, -1.5601218938827515, 0.04817437380552292, -1.5011932849884033, -0.7553514242172241, -0.5189456939697266, -0.06232374161481857, -1.4996891021728516, 0.1326708048582077, -0.9328605532646179, -1.4432368278503418, -0.5355170965194702, 1.218595027923584, 1.3210091590881348, -1.3927637338638306, 0.022634997963905334, -0.8029423952102661, 0.1527334451675415, -0.2652670741081238, -0.37496840953826904, -0.31867319345474243, -0.568345844745636, 1.1239535808563232, -0.43395766615867615, 0.2703956365585327, -0.12104001641273499, -0.7334490418434143, -1.3484779596328735, 0.3455227315425873, -3.0647599697113037, -0.23283842206001282, 1.1011452674865723, 0.2441267967224121, -0.9031068682670593, 1.0010745525360107, 0.7645682096481323, 1.200617790222168, 0.46729034185409546, -1.5794260501861572, -1.8000128269195557, -0.1964941918849945, 0.6649314165115356, 1.0215221643447876, 0.29636240005493164, 1.524765133857727, -1.3711870908737183, -0.38521984219551086, 0.5502402782440186, 0.953553318977356, 0.41893282532691956, 1.9070072174072266, -0.5819299221038818, -1.701685905456543, -1.1962372064590454, 0.07872079312801361, 0.7512627840042114, -0.02239573746919632, 0.6029525995254517, 2.427351474761963, 1.0203471183776855, -0.980495035648346, -1.0821489095687866, -2.3425350189208984, 1.079425573348999, -0.02573843114078045, -1.4339197874069214, -1.4565415382385254, 1.420792579650879, 1.5966613292694092, -0.7089653015136719, 1.1289993524551392, -0.7048338651657104, -1.76279616355896, -0.26771432161331177, -0.4700602889060974, -1.1092503070831299, -0.6323579549789429, 1.4973543882369995, -1.5720244646072388, -1.7773265838623047, 0.5550269484519958, -1.1617722511291504, -0.6693792939186096, 1.203606367111206, -0.21047361195087433, 0.15292339026927948, 0.7954097390174866, 0.3013084828853607, -0.914658784866333, 0.37495094537734985, 0.7516952753067017, 1.0328433513641357, 0.5604986548423767, 1.4577584266662598, 0.7588649392127991, 1.172328233718872, -0.04154207184910774]",yunet,Facenet,1920,1080,/home/amos/media/tv/modern_family/Modern.Family.S09.1080p.DSNP.WEB-DL.DDP5.1.H.264-CRFW/Modern.Family.S09E21.The.Escape.1080p.DSNP.WEB-DL.DDP5.1.H.264-CRFW.mkv,Modern Family,2009,1442437,9,21,Ed O'Neill,18977.0,0.723
1036,396,102,534,288,498,174,438,174,0.903,26616,1,"[-1.2744970321655273, -2.3260045051574707, -0.0008517354726791382, -0.3039918541908264, 0.03215150162577629, 1.0071521997451782, 0.1676959991455078, -0.263165682554245, 3.314478635787964, -0.5742462277412415, 1.3895946741104126, -1.3936232328414917, -1.739476203918457, -1.3452247381210327, -1.8243731260299683, 0.5809608697891235, 0.6185077428817749, 0.5025042295455933, -0.3014344573020935, -0.5525106191635132, 1.896600365638733, -0.23412954807281494, 2.4490606784820557, -0.6242648959159851, 1.273741602897644, 0.6223716735839844, 1.1092331409454346, -2.871962070465088, 1.945957899093628, -0.38374072313308716, -0.7460470199584961, 0.06768805533647537, 0.32260555028915405, 0.4703795313835144, 1.3485420942306519, 0.8749979138374329, 0.27129098773002625, 0.42938244342803955, -1.4757237434387207, -1.5886895656585693, -0.7843216061592102, 0.23135389387607574, -0.8166428804397583, 0.2813182473182678, 0.3871702551841736, -0.23136019706726074, -1.287278413772583, 0.09813840687274933, -0.7121667265892029, 0.2882067561149597, 0.5473167300224304, -1.1818305253982544, -1.3036547899246216, 0.7390686869621277, -0.6036525368690491, -0.42062389850616455, 0.6734284162521362, 0.5470489263534546, -1.4891260862350464, -1.817859172821045, -0.08995944261550903, 0.6075507402420044, -0.04342726618051529, 0.6650456786155701, -0.2647663652896881, 2.0015158653259277, 0.1879023015499115, 1.8270846605300903, 0.3014618754386902, -1.9433114528656006, -0.6324852705001831, -0.7466247081756592, -2.0589165687561035, -0.9585205316543579, 1.0486868619918823, -0.07199893891811371, -0.8109967708587646, -0.3065949082374573, -1.3365635871887207, -1.27042555809021, -1.7448259592056274, 0.63395094871521, -1.1454296112060547, -1.1642564535140991, -0.9235529899597168, -0.7103593349456787, 0.12768729031085968, 0.4397898316383362, -0.7678426504135132, -0.5955135822296143, 0.17749202251434326, -0.054031141102313995, 1.3614786863327026, 0.8612162470817566, -0.9082088470458984, 1.9062944650650024, -1.0312830209732056, 0.31037330627441406, -0.44043469429016113, -0.013247484341263771, 0.33935749530792236, -0.596422553062439, 0.8024492859840393, -0.3642081022262573, 0.24783426523208618, 1.2482949495315552, -0.8202734589576721, -0.6495531797409058, 0.33079737424850464, -1.3369218111038208, 0.5669795870780945, -0.8900639414787292, 1.5945886373519897, -1.041337013244629, -0.18120335042476654, 1.5259175300598145, -0.16718414425849915, -0.8188007473945618, -0.9413433074951172, 0.4898212254047394, -0.7709633708000183, 0.05558023229241371, 0.9520861506462097, -0.15921613574028015, 1.4216253757476807, -0.09089525789022446, -0.026979630813002586, 0.16747429966926575]",yunet,Facenet,1920,1080,/home/amos/media/tv/modern_family/Modern.Family.S09.1080p.DSNP.WEB-DL.DDP5.1.H.264-CRFW/Modern.Family.S09E21.The.Escape.1080p.DSNP.WEB-DL.DDP5.1.H.264-CRFW.mkv,Modern Family,2009,1442437,9,21,Jesse Tyler Ferguson,204815.0,0.728
1037,282,102,420,288,384,174,318,174,0.912,26640,0,"[-1.6838685274124146, -1.5391279458999634, -0.32153356075286865, -0.3235647678375244, -0.0670757070183754, 0.7061094641685486, -0.13016925752162933, 0.09851326048374176, 3.105947732925415, -0.5922064781188965, 1.1848284006118774, -1.2197662591934204, -1.6839256286621094, -0.9419717788696289, -1.9200091361999512, 0.22583673894405365, 0.39390990138053894, -0.12701593339443207, -1.0152300596237183, -0.48316144943237305, 1.7879582643508911, -0.36002030968666077, 1.8078200817108154, -0.551074743270874, 0.039916813373565674, 0.4863061010837555, 1.2995425462722778, -2.4880547523498535, 1.9890836477279663, -0.14956016838550568, -1.1549180746078491, 0.42213174700737, 0.3402382433414459, 0.04088977724313736, 1.3983139991760254, 0.8988939523696899, -0.0981641560792923, -0.303450345993042, -1.4101462364196777, -1.5145320892333984, -0.44374093413352966, -0.14468026161193848, -1.4188470840454102, -0.10617852210998535, 0.35535728931427, -0.762169599533081, -0.6020974516868591, 0.11125015467405319, -1.4746915102005005, 0.24574168026447296, 0.09070511907339096, -0.2301526814699173, -1.1244393587112427, 0.47219735383987427, -0.6926689743995667, 0.06505747139453888, 0.8878467679023743, 0.30274251103401184, -0.9918990135192871, -2.1039230823516846, -0.3706314265727997, 0.33917051553726196, 0.0764675959944725, 1.0901305675506592, -0.33971402049064636, 2.373777151107788, 0.6025985479354858, 2.0076792240142822, 0.5610236525535583, -2.4618279933929443, -0.8269256353378296, -0.806360125541687, -1.267934799194336, -0.451505184173584, 1.0311503410339355, 0.35897982120513916, -0.6648050546646118, -0.537891685962677, -1.3649871349334717, -2.269744873046875, -1.6402649879455566, 0.7701717615127563, -1.6190893650054932, -1.066585659980774, -0.14941909909248352, -1.0202782154083252, 0.009778490290045738, 0.39105695486068726, -0.7510898113250732, 0.15308165550231934, -0.5705047249794006, -0.047622885555028915, 1.7297838926315308, 0.7599858045578003, -1.0050712823867798, 2.2672183513641357, -0.6592450141906738, 0.6006024479866028, -0.6048871278762817, -0.07124157249927521, -0.3665614128112793, -0.4414795935153961, 0.7478330731391907, -0.16811905801296234, 0.632665753364563, 1.0615570545196533, -0.4308488368988037, 0.3118628263473511, 0.6019808053970337, -0.6757515668869019, 1.0852159261703491, -0.3957502245903015, 1.5172590017318726, -0.5414748787879944, -0.6404973864555359, 1.967533826828003, -0.10824514180421829, -1.0318552255630493, -1.0111337900161743, 0.5161176323890686, -0.7117316722869873, 0.2810222804546356, 0.3893527388572693, -0.5425394773483276, 1.353704810142517, 0.26558175683021545, -0.0238588098436594, -0.05739948898553848]",yunet,Facenet,1920,1080,/home/amos/media/tv/modern_family/Modern.Family.S09.1080p.DSNP.WEB-DL.DDP5.1.H.264-CRFW/Modern.Family.S09E21.The.Escape.1080p.DSNP.WEB-DL.DDP5.1.H.264-CRFW.mkv,Modern Family,2009,1442437,9,21,Jesse Tyler Ferguson,204815.0,0.781
1038,1278,396,1410,576,1374,474,1314,474,0.909,26640,1,"[0.39305421710014343, -0.4278106391429901, 0.2936270833015442, 0.5541489124298096, 1.4708058834075928, -0.35951003432273865, -0.1945458948612213, 1.0901216268539429, 0.06478902697563171, 0.46917927265167236, -1.1143027544021606, 0.4678061902523041, -1.4220415353775024, -0.5437537431716919, -0.11379402875900269, 0.5584218502044678, 2.3177380561828613, 0.37121903896331787, 0.6149069666862488, -0.2774479389190674, -0.7018626928329468, -0.11109243333339691, -0.4484013319015503, 0.7229632139205933, 0.9679254293441772, -0.9510228037834167, 0.921837568283081, 3.333946704864502, 1.5934664011001587, 0.22994910180568695, -1.2670938968658447, 1.9746540784835815, -1.8423086404800415, 0.16754767298698425, -1.4789355993270874, -0.8070446252822876, 0.3234098553657532, 0.09172530472278595, -1.7985124588012695, 0.012806516140699387, -1.0141425132751465, -1.7743215560913086, -0.3911356031894684, 1.60506272315979, 0.6031146049499512, -0.4197120666503906, -0.20213627815246582, -1.2827067375183105, 0.07142472267150879, -0.1992206871509552, -0.2737315893173218, -0.0762430727481842, -0.4127829968929291, 1.6813030242919922, -0.5518364906311035, -0.037519488483667374, -0.6118311882019043, -0.2858327031135559, -0.6542602181434631, 0.5384355783462524, -3.3514888286590576, 0.9284015893936157, 0.45426127314567566, 0.43542248010635376, 0.2748320698738098, 1.978825569152832, 1.037797451019287, 1.8817417621612549, 0.6383532285690308, -1.255233645439148, -1.36163330078125, -0.24280330538749695, 0.670822024345398, 1.8047434091567993, -0.4456228017807007, 1.7976207733154297, -0.8778040409088135, -0.6275855898857117, 0.003867238759994507, 0.7354907989501953, -0.27477923035621643, 1.9020260572433472, -0.47129568457603455, -2.1136465072631836, -0.8914637565612793, -0.08695853501558304, 0.19071726500988007, -0.018477223813533783, -0.2904839515686035, 2.1495511531829834, 1.4572385549545288, -0.3382030427455902, -1.203385829925537, -2.4804580211639404, -0.16715584695339203, -0.6467133164405823, -0.5542420148849487, -1.277622938156128, 1.5524814128875732, 1.5303401947021484, -1.6892483234405518, 1.2776672840118408, -0.45948511362075806, -1.4375767707824707, -0.8657400608062744, 0.17931108176708221, -0.3564220368862152, -0.8532328605651855, 1.4725819826126099, -1.1154974699020386, -1.602213978767395, 0.3570680022239685, -0.18279609084129333, -1.6592991352081299, 1.2260178327560425, -0.17812731862068176, 0.4048266112804413, 0.981517493724823, 0.9344019889831543, -0.5586631894111633, 0.7248581647872925, 1.087685227394104, 0.9373524785041809, -0.3416908383369446, 1.024709701538086, 0.9216580986976624, 1.5248626470565796, -0.025982437655329704]",yunet,Facenet,1920,1080,/home/amos/media/tv/modern_family/Modern.Family.S09.1080p.DSNP.WEB-DL.DDP5.1.H.264-CRFW/Modern.Family.S09E21.The.Escape.1080p.DSNP.WEB-DL.DDP5.1.H.264-CRFW.mkv,Modern Family,2009,1442437,9,21,Ed O'Neill,18977.0,0.722
1039,924,300,1140,582,1026,384,966,384,0.923,26664,0,"[0.3888130784034729, -0.04233703762292862, -1.3367507457733154, -0.4583508372306824, 1.1161746978759766, 1.284759521484375, -2.096832275390625, 2.3736178874969482, 0.8952426314353943, -1.6760144233703613, 0.05709194391965866, 0.0896623358130455, 0.12383449077606201, 0.8665002584457397, 1.1749827861785889, 0.7238878607749939, 0.496001660823822, 2.024381160736084, 0.3919707238674164, 0.02959512360394001, -2.394972324371338, 0.7217525243759155, 1.1359752416610718, 1.8180547952651978, 0.976042628288269, 0.941328227519989, -0.4738517999649048, 0.7735854387283325, -0.6779020428657532, -0.9850017428398132, -0.3288758099079132, 1.0028181076049805, -2.2554893493652344, 0.7898252606391907, 0.4035039246082306, 0.2886226773262024, 0.9546185731887817, 0.6854963302612305, -2.497727394104004, 2.0538840293884277, 1.5758947134017944, -1.0765676498413086, 1.2735897302627563, 0.5266692042350769, 1.3831335306167603, -1.6518614292144775, 0.49986639618873596, -1.5907996892929077, 2.3313565254211426, 0.5393484830856323, -0.7406833171844482, -0.6861450672149658, 1.0361977815628052, 0.18050898611545563, -0.32812437415122986, -0.08949651569128036, 0.9441619515419006, -1.8262447118759155, -0.28263622522354126, -0.5975318551063538, 0.2561645209789276, 2.795119285583496, 1.1950266361236572, 1.6831666231155396, -1.8023229837417603, -0.4195263385772705, 0.8367244601249695, 0.21826016902923584, 0.7062332034111023, -1.5277888774871826, -0.8719300031661987, 0.9068372249603271, 0.44745513796806335, 0.7214297652244568, 0.323064923286438, -1.2376244068145752, -2.3801987171173096, -0.4180992841720581, -1.1230556964874268, -1.251789927482605, 0.285379022359848, -0.06070886552333832, -1.7614233493804932, -0.40670645236968994, 0.8226632475852966, -0.45340752601623535, -0.20169132947921753, 1.9036235809326172, 1.1660529375076294, 0.5774891376495361, 0.22832059860229492, -1.9907753467559814, -0.9453122615814209, -1.2332669496536255, 0.3208293914794922, 0.43650174140930176, 1.0389041900634766, -0.6625450849533081, 1.4852211475372314, 1.2416280508041382, 0.6048151254653931, 0.8367297649383545, -0.5255349278450012, -1.5211483240127563, 1.3573777675628662, -0.07161466777324677, -0.7289050817489624, 0.6963859796524048, 0.3259049654006958, -0.8695811629295349, -0.12749552726745605, 1.4603300094604492, 0.58202064037323, -0.5696911215782166, -0.9772011041641235, -0.816443920135498, -0.26155874133110046, -1.0472880601882935, 0.4199996888637543, -1.0125906467437744, -0.3093535900115967, -0.1371312141418457, 0.7880054116249084, -1.1509790420532227, 0.5182152390480042, -1.2593685388565063, 0.23940475285053253, -1.0891023874282837]",yunet,Facenet,1920,1080,/home/amos/media/tv/modern_family/Modern.Family.S09.1080p.DSNP.WEB-DL.DDP5.1.H.264-CRFW/Modern.Family.S09E21.The.Escape.1080p.DSNP.WEB-DL.DDP5.1.H.264-CRFW.mkv,Modern Family,2009,1442437,9,21,Mary Louise Wilson,115767.0,0.719
1040,1002,270,1194,504,1110,342,1032,342,0.903,26688,0,"[1.434951901435852, -1.2501987218856812, -0.8947005867958069, -1.3158966302871704, -0.17922645807266235, 2.582773447036743, -1.5007705688476562, 2.3145647048950195, 0.3559224307537079, -1.160201907157898, -0.07551682740449905, 0.370613157749176, -1.0201963186264038, 0.8869364261627197, -0.5951986312866211, 0.12135232985019684, 0.728556752204895, 0.5415788292884827, 1.241334319114685, -0.9710354804992676, -1.6294752359390259, -0.1852484494447708, 0.9295775890350342, 0.9689285159111023, 0.19228015840053558, 0.2307516634464264, 0.39853933453559875, -0.1805628538131714, -0.9261267185211182, 0.4873022139072418, -0.38197386264801025, 1.9463382959365845, -1.4262760877609253, 0.8328889012336731, -0.14115135371685028, 0.678533673286438, 0.20266103744506836, 0.04241311550140381, -2.1258926391601562, 1.5460225343704224, 1.8009275197982788, -1.0176315307617188, 0.29165154695510864, 0.07376933097839355, 1.4622281789779663, -1.6566301584243774, 1.3591930866241455, -0.06254658848047256, 0.1667502075433731, 0.2844391167163849, -1.4820020198822021, -1.9685111045837402, 1.888244867324829, 0.9935678243637085, -0.36779412627220154, -0.21368296444416046, 0.9549974203109741, -0.7604093551635742, -0.9670113325119019, -1.7054346799850464, -1.4142298698425293, 1.4710978269577026, 1.1547789573669434, 1.8663512468338013, -0.826911449432373, -0.3821210265159607, 0.9741109013557434, 0.35634666681289673, -0.16924339532852173, -1.0768120288848877, 0.1681666225194931, 1.6837372779846191, 0.5088862776756287, 2.2719225883483887, -0.6942707896232605, -1.14874267578125, -1.6776165962219238, 0.1691475659608841, 0.4200020432472229, -0.7406777143478394, -0.4829801321029663, -1.3781176805496216, -1.581486463546753, -1.7533338069915771, 1.6856505870819092, -1.2941077947616577, 0.837896466255188, 0.8544867038726807, 1.868322730064392, 1.1163772344589233, -0.14053818583488464, -1.2109605073928833, -1.562943458557129, -0.73338383436203, 1.0013453960418701, 1.1147609949111938, 1.099713921546936, -0.08273489773273468, 0.18159592151641846, 0.5788856744766235, 1.0116552114486694, 0.12677842378616333, 0.011068493127822876, -1.118588924407959, 0.4653998613357544, 0.6552265286445618, -0.6047634482383728, -0.3236994445323944, 1.100479006767273, -1.0708487033843994, -0.2630443274974823, 1.2937225103378296, 0.6978428363800049, -0.38756486773490906, -1.3690619468688965, -0.7764753103256226, -0.42441052198410034, -0.698961079120636, 0.8426052331924438, -1.6092053651809692, -1.2372722625732422, 0.39936819672584534, 0.7730692625045776, 0.10373658686876297, 1.1704626083374023, -0.16968923807144165, 0.3659583628177643, -0.9815852642059326]",yunet,Facenet,1920,1080,/home/amos/media/tv/modern_family/Modern.Family.S09.1080p.DSNP.WEB-DL.DDP5.1.H.264-CRFW/Modern.Family.S09E21.The.Escape.1080p.DSNP.WEB-DL.DDP5.1.H.264-CRFW.mkv,Modern Family,2009,1442437,9,21,,,
1041,1032,258,1248,522,1152,336,1056,342,0.927,26760,0,"[2.066094398498535, -0.22557859122753143, -0.7705223560333252, -0.1514953076839447, 0.2627169191837311, 1.2965484857559204, -1.2408742904663086, 2.3453209400177, 0.651314914226532, -1.4204761981964111, -0.00013724714517593384, -1.0856796503067017, -1.749545693397522, 1.777327060699463, -0.10799843072891235, -0.292491614818573, 0.21978001296520233, 0.48877859115600586, -0.20522993803024292, -0.8624379634857178, -2.268887758255005, -0.1709364354610443, 1.1552934646606445, 0.6010783314704895, 1.5087697505950928, 1.1224887371063232, -0.1281503140926361, 0.18825498223304749, -0.8625401854515076, -0.5405011773109436, 0.01150735467672348, 1.6809316873550415, -2.4976279735565186, 1.6851561069488525, -0.4235427677631378, 0.07831454277038574, 0.48132944107055664, 0.5550076961517334, -2.3046867847442627, 1.5605653524398804, 1.5450435876846313, -0.9316803812980652, 1.4434442520141602, 0.1752336025238037, 1.4231232404708862, -1.4871102571487427, 0.11679670214653015, 0.2566158175468445, 0.7247352004051208, 0.45807570219039917, 0.3431311249732971, -1.3253955841064453, 1.635664701461792, 0.11460429430007935, 0.10767650604248047, -0.29447218775749207, 1.6419581174850464, -1.3207677602767944, -0.545085608959198, -1.2963365316390991, -1.0850170850753784, 2.0905370712280273, 0.9475258588790894, 2.3599228858947754, -1.7622519731521606, -0.8455765843391418, -0.6150184869766235, -0.36000677943229675, -0.39995914697647095, -1.4519954919815063, -0.2935648560523987, 0.34396475553512573, 0.36367669701576233, 1.0049799680709839, -0.7781163454055786, -0.4755626618862152, -2.04386305809021, 0.43526408076286316, -0.2294122874736786, -1.4931962490081787, 0.4236116409301758, -0.0577036514878273, -1.147719144821167, -1.7022379636764526, 1.1872767210006714, -1.965917706489563, 0.2043842226266861, 1.4028561115264893, 2.0019237995147705, 0.37837478518486023, -0.8254958391189575, -1.7893236875534058, -0.6969894766807556, -0.3069894313812256, 1.4597258567810059, 0.15163232386112213, 1.1866364479064941, 0.025364086031913757, 0.9500007629394531, 0.6846134066581726, 1.1628942489624023, -0.48351600766181946, -0.8920380473136902, -1.0804098844528198, 0.8253213167190552, 0.3969379663467407, -0.14514867961406708, 0.6645698547363281, -0.29065749049186707, -0.9976893663406372, -0.052403029054403305, 1.3876867294311523, 0.6794100999832153, -0.8558052778244019, -1.1279374361038208, -0.41991469264030457, -0.054560527205467224, -1.2650887966156006, 0.2778332829475403, -1.6560853719711304, 0.011922921985387802, -0.3489154577255249, 0.2695249021053314, -0.1022883728146553, 0.44143998622894287, -0.6536259055137634, -0.3377220332622528, -0.7484911680221558]",yunet,Facenet,1920,1080,/home/amos/media/tv/modern_family/Modern.Family.S09.1080p.DSNP.WEB-DL.DDP5.1.H.264-CRFW/Modern.Family.S09E21.The.Escape.1080p.DSNP.WEB-DL.DDP5.1.H.264-CRFW.mkv,Modern Family,2009,1442437,9,21,Mary Louise Wilson,115767.0,0.616
1042,942,198,1158,486,1038,282,984,282,0.909,26784,0,"[0.7217047214508057, -0.41691136360168457, -0.42365607619285583, -1.7012439966201782, -0.4167461693286896, 2.1635327339172363, -1.58560311794281, 1.8379812240600586, 0.6073479652404785, -1.2899515628814697, 0.7069073915481567, 0.2594509720802307, -1.2981817722320557, 1.3212134838104248, -0.46153154969215393, -0.009337792173027992, 0.058692216873168945, 0.8915441632270813, -0.01828143745660782, -1.7790050506591797, -1.0359123945236206, -0.5788209438323975, 0.10246511548757553, 0.17841863632202148, -0.27217477560043335, 0.48529520630836487, -1.1526257991790771, -0.1820841133594513, -0.356667160987854, 0.320686399936676, -0.6482405662536621, 0.7710483074188232, -2.315499782562256, 1.137468934059143, 1.2396117448806763, 0.8002033829689026, -0.4325621724128723, -0.2007904052734375, -1.5379338264465332, 1.1673927307128906, 2.129909038543701, -0.8641775250434875, 0.167524516582489, -0.036312855780124664, 0.5818490982055664, -1.7575665712356567, 1.7753816843032837, -0.6628923416137695, 0.03698652982711792, -0.46055227518081665, -1.3869671821594238, -1.4077115058898926, 0.9043245911598206, -0.04365312308073044, -0.657608151435852, 0.519513726234436, 2.0362884998321533, -1.0895997285842896, -0.5335120558738708, -1.4318962097167969, -0.26616740226745605, 1.3058311939239502, 1.435300350189209, 2.3986828327178955, -0.7328967452049255, 0.2659410238265991, 0.3052022457122803, 0.10371729731559753, 0.8162552118301392, -1.2669748067855835, 0.5278441309928894, 1.2991852760314941, 0.32435259222984314, 0.9560343623161316, 1.1851974725723267, -0.6820114850997925, -0.8162189722061157, 0.748723566532135, -0.2735704481601715, -0.7825238108634949, -0.5571986436843872, -1.9361132383346558, -1.7017481327056885, -1.7908720970153809, 1.4345334768295288, -1.3837741613388062, 0.025381410494446754, 1.033018708229065, 1.5329349040985107, 1.4542474746704102, -0.22686141729354858, -1.7135053873062134, -0.7476045489311218, -0.6760331988334656, 1.1295075416564941, 1.6049425601959229, 1.3044251203536987, 0.1641187220811844, 0.782625138759613, 0.5098785161972046, 0.2992500066757202, 0.7320922613143921, 0.029339581727981567, -0.08215506374835968, 2.0785369873046875, 0.9962309002876282, -0.17147818207740784, 0.2914753258228302, 0.25542882084846497, -0.6882603764533997, 1.4469350576400757, 1.623783826828003, -0.11884187161922455, -0.04012684524059296, -1.1302714347839355, -0.24566683173179626, 0.28219127655029297, -0.02126319706439972, 0.3047044575214386, -1.4760233163833618, -1.1461939811706543, 0.6177948713302612, 0.8855201601982117, -0.4159572422504425, 0.039812393486499786, -0.6173120737075806, -1.1943753957748413, -1.083520531654358]",yunet,Facenet,1920,1080,/home/amos/media/tv/modern_family/Modern.Family.S09.1080p.DSNP.WEB-DL.DDP5.1.H.264-CRFW/Modern.Family.S09E21.The.Escape.1080p.DSNP.WEB-DL.DDP5.1.H.264-CRFW.mkv,Modern Family,2009,1442437,9,21,Mary Louise Wilson,115767.0,0.503
1043,582,120,714,300,684,192,618,198,0.914,26808,0,"[-0.7948170900344849, 0.4645746648311615, -0.3604351580142975, -0.8536090850830078, 0.4239457845687866, -2.0224788188934326, -1.8826353549957275, 0.1874806433916092, 0.4257207214832306, -0.7335913777351379, 1.0370628833770752, 1.3291187286376953, 1.002755045890808, -0.5758507251739502, 0.5662807822227478, -0.10058904439210892, -0.6319559812545776, 0.2761307954788208, -0.6100682616233826, -0.560763955116272, -0.19582617282867432, -0.2859666049480438, 0.6533368825912476, 0.2243557572364807, -0.933017373085022, -1.1752219200134277, -0.889715313911438, -0.4808819890022278, -0.9545018672943115, -2.2278189659118652, -0.0932292640209198, -1.3344967365264893, 0.8714876770973206, -0.13182559609413147, -0.5163083672523499, 2.1088504791259766, 0.15904587507247925, 0.43621960282325745, 0.6416813731193542, -0.7755138874053955, 0.7822553515434265, 0.55218505859375, 0.5309844613075256, -1.32442307472229, -2.4515380859375, 0.3881816864013672, -0.012629685923457146, -1.824692726135254, -1.2350597381591797, -0.5480340719223022, -0.5413163900375366, -2.304380416870117, -0.26309749484062195, 0.3175351023674011, -0.01642761379480362, -0.2747960090637207, -0.041590895503759384, 0.08306291699409485, -1.133177638053894, -1.1200125217437744, -0.06778892874717712, -1.5170671939849854, -2.0485548973083496, -0.045535858720541, 1.3778738975524902, -1.2715469598770142, -0.048976339399814606, -0.9883873462677002, -0.134672150015831, 1.4868534803390503, 1.0205246210098267, 2.244069814682007, -2.460923433303833, 1.1574654579162598, 0.6369261741638184, 0.0362137109041214, 0.9592113494873047, 1.2305493354797363, -0.09595401585102081, -0.6927638053894043, 0.01521265134215355, -0.7001253366470337, 0.938371479511261, -0.27710822224617004, 0.5924861431121826, 0.30938008427619934, 1.0831540822982788, -0.15400978922843933, -2.8201587200164795, 0.13185881078243256, 0.7891715168952942, -1.858983039855957, 0.04125388339161873, -0.4825842082500458, -0.656794011592865, -1.1662452220916748, -0.7609195113182068, 2.1933488845825195, 1.325803518295288, -1.1875709295272827, -2.0466790199279785, -0.3461717963218689, 1.106220006942749, 0.29577934741973877, 1.0039218664169312, 0.47178399562835693, 0.7825660109519958, -0.24488544464111328, -1.3934630155563354, 0.49236050248146057, 1.074042797088623, 0.8000369071960449, -0.4990054666996002, 0.5471394062042236, -0.10730316489934921, 0.9478862285614014, 1.0291781425476074, -0.44802528619766235, -0.07485533505678177, 0.9971398115158081, -0.7961351871490479, -0.824886679649353, -0.009485617280006409, 0.6277371644973755, -0.056644879281520844, -1.3891271352767944, -2.221320629119873, 1.8826229572296143]",yunet,Facenet,1920,1080,/home/amos/media/tv/modern_family/Modern.Family.S09.1080p.DSNP.WEB-DL.DDP5.1.H.264-CRFW/Modern.Family.S09E21.The.Escape.1080p.DSNP.WEB-DL.DDP5.1.H.264-CRFW.mkv,Modern Family,2009,1442437,9,21,Julie Bowen,31171.0,0.618
1044,282,96,414,270,372,168,312,168,0.909,26808,1,"[-2.1457483768463135, -1.5880311727523804, -0.45013532042503357, 0.40240177512168884, 0.11837221682071686, -0.3986762464046478, -0.4172392785549164, 0.16856098175048828, 3.1757285594940186, -0.3667123019695282, 1.7472819089889526, -1.4973584413528442, -1.461198329925537, -0.8596676588058472, -1.7036741971969604, 0.7400287985801697, -0.40964841842651367, -0.12367115169763565, -1.3935738801956177, -0.031897179782390594, 1.1424788236618042, 0.3249734044075012, 1.5908812284469604, 0.7506629228591919, -0.0672658383846283, 1.0343579053878784, 1.1985267400741577, -1.9558357000350952, 2.110738754272461, -0.9984118342399597, -1.0485371351242065, -0.057608384639024734, 0.4136532247066498, 0.49971485137939453, 0.44435423612594604, 1.5683681964874268, 0.06924993544816971, -0.3699212074279785, -0.8419378399848938, -2.223616600036621, -0.4355352818965912, -0.0910695493221283, -1.1665279865264893, -0.571121096611023, 0.4798852503299713, -0.018947821110486984, -1.0259931087493896, 0.09120893478393555, -0.7799661159515381, 0.5296818017959595, 0.7403367757797241, -0.5500612258911133, -1.3251750469207764, -0.0035600587725639343, -0.759376585483551, 0.5630463361740112, 0.8494587540626526, 0.31951209902763367, -0.6081909537315369, -1.2297502756118774, -0.6646621227264404, 1.2466912269592285, -0.8967325687408447, 1.4238002300262451, 0.23461559414863586, 2.527158737182617, 0.5127057433128357, 1.1113524436950684, 0.55524742603302, -2.0698533058166504, -0.601498007774353, -0.9437140226364136, -0.758907675743103, 0.19252465665340424, 0.6174424290657043, 0.02304251864552498, -1.1998282670974731, -0.4700494408607483, -1.0934010744094849, -1.6133601665496826, -1.9233639240264893, 0.2494615614414215, -0.9020100235939026, -0.8212729692459106, -0.21724629402160645, -0.9760881662368774, 0.014209551736712456, 2.051722526550293, -0.4868658483028412, -0.5022315979003906, 0.3961033225059509, 1.0104442834854126, 1.9586503505706787, 1.3452794551849365, -0.38250717520713806, 1.354614496231079, -0.6127959489822388, 0.9064095616340637, -0.8921406865119934, -0.5468323826789856, -0.3090662360191345, -1.3056817054748535, 0.3919709026813507, -0.35905921459198, 1.0796658992767334, 0.6387208104133606, 0.8712067008018494, 0.014835406094789505, 0.08041740953922272, -0.615679919719696, 1.6095280647277832, -0.823986291885376, 1.4462318420410156, -0.05338452011346817, -0.0940585508942604, 2.003401279449463, 0.9176411628723145, -0.4207002520561218, -0.6680048704147339, 1.2651573419570923, -0.9333810806274414, 0.14416801929473877, 0.3040771484375, -0.31312790513038635, 1.092160940170288, -0.31271231174468994, 0.6329268217086792, -0.1362532526254654]",yunet,Facenet,1920,1080,/home/amos/media/tv/modern_family/Modern.Family.S09.1080p.DSNP.WEB-DL.DDP5.1.H.264-CRFW/Modern.Family.S09E21.The.Escape.1080p.DSNP.WEB-DL.DDP5.1.H.264-CRFW.mkv,Modern Family,2009,1442437,9,21,Jesse Tyler Ferguson,204815.0,0.853
1045,1164,402,1302,582,1266,480,1194,480,0.904,26928,0,"[-0.08023349940776825, -0.8386479616165161, 0.633025586605072, 0.48418858647346497, 1.0367580652236938, -0.22708508372306824, -0.07727200537919998, -0.0951445996761322, -0.712883710861206, -0.19098396599292755, -1.355768084526062, -0.03104608878493309, -1.3965381383895874, -0.26403331756591797, 0.1530718207359314, 0.020067919045686722, 1.9162977933883667, 0.6494870185852051, -0.043390996754169464, -0.7853305339813232, -0.8565875291824341, -0.5495796203613281, -0.5130654573440552, -0.23968946933746338, 1.8187832832336426, -1.3445075750350952, 0.686636209487915, 3.274704933166504, 1.0923417806625366, -0.08770162612199783, -0.5007549524307251, 1.8408223390579224, -1.0762652158737183, 0.5810518860816956, -1.4315909147262573, -0.245118647813797, 0.3746653199195862, -0.5773171782493591, -2.0388128757476807, 0.4076678454875946, -0.3372950255870819, -0.9431867599487305, 0.09075770527124405, 1.748537302017212, 0.6846495270729065, -1.2922911643981934, -1.050555944442749, -0.9009708166122437, 0.7714282274246216, -0.5329900979995728, 0.0893317386507988, -0.9062545895576477, -0.11988238245248795, 1.7195117473602295, -0.3709026277065277, 0.05437230318784714, -0.8991543054580688, -1.3769676685333252, -1.100250005722046, 0.6147246360778809, -2.4681715965270996, 0.44911617040634155, 0.2969170808792114, 0.34733259677886963, -0.45329198241233826, 2.106046199798584, 0.8041031360626221, 1.6838172674179077, 0.7625321745872498, -0.6926333904266357, -1.45414400100708, 0.11282972991466522, 1.0714527368545532, 0.09458509087562561, 0.4471772015094757, 1.6110543012619019, -0.4066197872161865, -0.3327846825122833, 0.2922721803188324, 1.5922224521636963, -0.17641469836235046, 3.054788589477539, -0.7616934776306152, -1.5750470161437988, -0.6567549109458923, 0.4794102609157562, -0.08120319247245789, -0.24386058747768402, 0.29598668217658997, 3.277710199356079, 1.5373550653457642, -0.07357558608055115, -1.4420396089553833, -1.6444692611694336, -0.5063897967338562, -0.12265850603580475, -1.0527487993240356, -1.2053180932998657, 1.7002108097076416, 2.0860114097595215, -0.5201157331466675, 0.8014406561851501, -0.33325159549713135, -1.2435197830200195, -0.0364169217646122, -0.341518759727478, -1.1961628198623657, -0.5494747161865234, 0.5983334183692932, -1.6080516576766968, -1.79209566116333, 0.5096049308776855, -0.6249853372573853, -1.4834680557250977, 1.3207008838653564, -0.40135517716407776, 0.26102036237716675, 0.7844417691230774, 0.7259609699249268, -0.6199042201042175, 1.4374895095825195, -0.1704116016626358, 1.2296313047409058, -0.13524740934371948, 0.8517131209373474, 0.5135557055473328, 1.3805819749832153, 0.7142209410667419]",yunet,Facenet,1920,1080,/home/amos/media/tv/modern_family/Modern.Family.S09.1080p.DSNP.WEB-DL.DDP5.1.H.264-CRFW/Modern.Family.S09E21.The.Escape.1080p.DSNP.WEB-DL.DDP5.1.H.264-CRFW.mkv,Modern Family,2009,1442437,9,21,Ed O'Neill,18977.0,0.709
1046,1218,402,1356,576,1290,474,1236,474,0.903,26952,0,"[0.8290475606918335, -0.8146083354949951, 0.8619961738586426, -1.159891128540039, 1.1497809886932373, -0.17191439867019653, 0.011633019894361496, 0.10870639979839325, 0.5015884637832642, -0.023452380672097206, -2.021761178970337, 1.3112757205963135, -1.2444740533828735, -0.6148778200149536, 0.7999184131622314, -0.32106417417526245, 1.7929073572158813, 1.315423846244812, 1.4443262815475464, -0.8429204225540161, -0.9424116611480713, -0.5635071992874146, -0.8184162974357605, -0.4353713095188141, 0.17265191674232483, -1.4817557334899902, 0.16077126562595367, 2.70344877243042, -0.07973454892635345, 0.4029638171195984, -1.6054383516311646, 1.5964447259902954, -1.1212478876113892, 0.6285435557365417, -2.2629547119140625, -0.02309328503906727, -0.6203833222389221, 0.47332286834716797, -1.8552134037017822, -0.5221112966537476, -0.44031286239624023, -1.5309116840362549, -0.9265010356903076, 1.7517354488372803, 0.3869223892688751, -0.669702410697937, -0.86738121509552, -0.8604286909103394, -0.567203938961029, -0.5409644842147827, 0.6821696162223816, -0.7796688675880432, -1.703442096710205, 0.256084144115448, 0.3601821959018707, -0.23078183829784393, -1.7032439708709717, -0.6578081846237183, -1.2423838376998901, 0.21738973259925842, -1.943853735923767, 0.31256598234176636, -0.560710072517395, 0.22290311753749847, 0.7462961077690125, 1.5312899351119995, -0.09314163774251938, 1.0543941259384155, 0.6840222477912903, -1.204833745956421, -1.0648020505905151, -0.5288529396057129, 1.2703800201416016, 0.13845349848270416, 1.1019984483718872, 1.930823802947998, -1.5049207210540771, -1.5893089771270752, -0.43125689029693604, 1.104422926902771, -0.696349561214447, 2.579279661178589, -1.0837228298187256, -0.8400552868843079, -0.9050680994987488, -0.30663204193115234, 1.0590461492538452, 0.05201706290245056, 0.35430556535720825, 2.6062562465667725, 0.6325486898422241, -0.10921317338943481, -0.6523483991622925, -1.750038981437683, -0.12655436992645264, -1.267809271812439, -0.5216416120529175, -0.7838670015335083, 1.1887893676757812, 2.0799150466918945, -0.03720453754067421, 0.8915427327156067, -0.904936671257019, -1.7964928150177002, -0.8037214875221252, -0.42796391248703003, -0.6012809872627258, -1.1914998292922974, 1.5942858457565308, -1.3914498090744019, -1.56217360496521, 0.3762567639350891, -1.7355543375015259, -1.293335199356079, 1.4529333114624023, 0.17351597547531128, 0.05427158623933792, 1.4596524238586426, 0.6389662027359009, -0.02487500198185444, 0.17843285202980042, 2.116375684738159, 0.5927234292030334, 0.3643263578414917, 0.36946552991867065, 0.6580035090446472, 0.08822469413280487, 0.4478665888309479]",yunet,Facenet,1920,1080,/home/amos/media/tv/modern_family/Modern.Family.S09.1080p.DSNP.WEB-DL.DDP5.1.H.264-CRFW/Modern.Family.S09E21.The.Escape.1080p.DSNP.WEB-DL.DDP5.1.H.264-CRFW.mkv,Modern Family,2009,1442437,9,21,Ed O'Neill,18977.0,0.646
1047,1014,246,1254,522,1146,348,1050,348,0.918,26976,0,"[1.0362865924835205, -0.08589012920856476, -2.2380287647247314, 1.243263602256775, 0.8160687685012817, 1.6783698797225952, -1.2519590854644775, 1.844031810760498, 0.8382189273834229, -0.9225594401359558, -0.4743041396141052, -0.41317257285118103, -1.3494858741760254, 1.584721565246582, -0.06649290025234222, 0.4614320993423462, 0.9864157438278198, -0.18736155331134796, -0.991915225982666, -1.301495909690857, -2.1055305004119873, -0.6145855784416199, 2.2651190757751465, 1.3207931518554688, 1.8546185493469238, -0.07754544168710709, 0.8031449317932129, 0.7595012784004211, -0.3920660614967346, -0.9101080894470215, -1.5409046411514282, 0.9989053606987, -2.2550201416015625, 0.77806556224823, 0.8802674412727356, -0.3255971670150757, -0.5243387222290039, 1.151922583580017, -1.614170789718628, 2.3540244102478027, 1.4918729066848755, -1.8314955234527588, 0.5003776550292969, -0.23539358377456665, 1.1699885129928589, -2.034674644470215, 0.45439934730529785, -0.6956835985183716, 1.590173363685608, -0.7382457256317139, -0.5334316492080688, 0.24959313869476318, 2.000333547592163, -0.7103779911994934, 0.890078604221344, 0.5243022441864014, 2.3953306674957275, -1.0555825233459473, -0.11496131122112274, -0.953839898109436, -0.8103447556495667, 1.5933917760849, 0.9593378901481628, 1.2744014263153076, -0.9471741914749146, 0.0240466445684433, 0.8221131563186646, 1.6111459732055664, -0.4789181351661682, -1.7391501665115356, -0.7302146553993225, 1.097712755203247, 0.2913095951080322, 1.3229213953018188, 0.456863671541214, -0.4079611003398895, -1.0803272724151611, 1.0609792470932007, -0.5161625742912292, -2.214712142944336, 0.5292437076568604, 1.0471326112747192, -0.9512453675270081, -1.8995376825332642, 0.007222816348075867, -0.2511734366416931, -0.5819603800773621, 0.19722972810268402, 0.2225920855998993, 0.5930342674255371, 0.9398384094238281, -1.8256348371505737, 0.06949876248836517, -1.0605326890945435, 0.7628534436225891, 0.730374276638031, 1.012066125869751, 0.624764621257782, -0.09624418616294861, 1.8584543466567993, -0.8530068397521973, -0.34375736117362976, -1.4873740673065186, -0.18519660830497742, 1.1692124605178833, -0.9182615876197815, -0.12950485944747925, 0.3803298771381378, -0.10683644562959671, -0.34340977668762207, -0.8584102988243103, 3.023292303085327, 1.6364599466323853, -1.4144461154937744, -1.7668132781982422, -1.1359081268310547, -0.5463627576828003, 0.022297509014606476, 1.2065880298614502, -1.0282816886901855, 0.39202505350112915, -0.6558133363723755, 1.0879327058792114, -1.2630780935287476, 1.1913342475891113, 0.1052991971373558, 0.5950072407722473, -0.7115757465362549]",yunet,Facenet,1920,1080,/home/amos/media/tv/modern_family/Modern.Family.S09.1080p.DSNP.WEB-DL.DDP5.1.H.264-CRFW/Modern.Family.S09E21.The.Escape.1080p.DSNP.WEB-DL.DDP5.1.H.264-CRFW.mkv,Modern Family,2009,1442437,9,21,Mary Louise Wilson,115767.0,0.656
1048,228,114,366,294,330,186,270,186,0.908,27024,0,"[-1.5661929845809937, -1.2304491996765137, -1.1673513650894165, 0.17393836379051208, 0.7106455564498901, -0.6263254284858704, -1.171469807624817, 0.7435901165008545, 4.191241264343262, -0.6567439436912537, 2.4761240482330322, -2.4098598957061768, -0.12480344623327255, -0.5211419463157654, -0.8022993803024292, 0.6444206237792969, -0.884774923324585, -0.19851402938365936, -1.0086371898651123, -0.5498261451721191, 0.8836838006973267, 0.7869301438331604, 0.5693046450614929, 0.5847678780555725, 0.8412560820579529, 0.7822735905647278, 0.07972074300050735, -1.4155827760696411, 1.391844391822815, -1.837636947631836, -1.7758179903030396, -0.07695399224758148, -0.11471857875585556, 0.6861340999603271, 1.5628278255462646, 2.12359619140625, 0.23752576112747192, 0.2291843295097351, -0.1410352885723114, -1.649700403213501, 0.655423104763031, 0.8849785327911377, -0.6379835605621338, -0.8323704600334167, -1.4661364555358887, -0.2874924838542938, -1.811424732208252, 0.24792174994945526, -0.04222562909126282, 0.5905462503433228, 0.9813804030418396, 0.4925896227359772, -1.851544737815857, 0.522630512714386, -0.0619744174182415, -0.32954609394073486, 1.6712324619293213, -0.7005174160003662, -1.330803632736206, -1.4248605966567993, 0.14776107668876648, 0.7046740651130676, -0.6462857723236084, 1.1709705591201782, 0.7821139097213745, 1.859849452972412, -0.11023629456758499, 0.1418992131948471, -0.06272490322589874, -2.222907543182373, -0.27365007996559143, -0.9497029781341553, -1.6097075939178467, -0.9478299617767334, 0.5777085423469543, -0.37870344519615173, -0.9904340505599976, 0.0840781033039093, -1.3350944519042969, -0.9796812534332275, -0.9377111792564392, 0.1396767497062683, 0.23372206091880798, -0.46852582693099976, -0.8529706001281738, -1.1400889158248901, -0.6574934720993042, 2.269216537475586, -0.5081608295440674, -0.8710352778434753, 1.0139225721359253, 0.5463109016418457, 1.5758411884307861, 1.6055388450622559, -0.1726136952638626, 1.9168645143508911, -0.7008580565452576, 0.6869055032730103, -1.6636569499969482, -0.6227856278419495, 0.1845579296350479, -1.2515791654586792, -0.8278787136077881, -0.2608475089073181, 1.1616274118423462, 1.2847177982330322, 0.9502036571502686, -0.46274760365486145, 0.3256341814994812, -0.24777932465076447, 2.114107847213745, -1.8074291944503784, 1.2480545043945312, 0.016060803085565567, 0.008136428892612457, 0.5126181840896606, 1.0795624256134033, -1.3436511754989624, 0.24648523330688477, 0.9837740659713745, -1.7181529998779297, 0.08480998873710632, 0.5536473393440247, -1.0237501859664917, 1.258962631225586, 0.002290397882461548, 0.5129563808441162, -0.04059387743473053]",yunet,Facenet,1920,1080,/home/amos/media/tv/modern_family/Modern.Family.S09.1080p.DSNP.WEB-DL.DDP5.1.H.264-CRFW/Modern.Family.S09E21.The.Escape.1080p.DSNP.WEB-DL.DDP5.1.H.264-CRFW.mkv,Modern Family,2009,1442437,9,21,Jesse Tyler Ferguson,204815.0,0.829
1049,324,108,480,312,432,192,366,198,0.908,27072,0,"[-1.530796766281128, -1.2094900608062744, -0.3453163802623749, -0.3279690444469452, 0.8075944781303406, -0.9679108262062073, 0.27424356341362, -0.5263794660568237, 3.005451202392578, -0.6525126099586487, 1.5486961603164673, -1.1790505647659302, -0.29197901487350464, -1.5794615745544434, -1.181201696395874, 0.06125279515981674, -0.24469342827796936, -0.8219580054283142, -1.324935793876648, -0.8948748111724854, 1.489833116531372, -0.4967716932296753, 0.7837965488433838, 0.17673319578170776, 0.2987789809703827, 0.9841646552085876, 0.9800279140472412, -1.5505872964859009, 1.6577863693237305, -1.1880652904510498, -1.330661654472351, 0.46630555391311646, -0.5952303409576416, 0.49587011337280273, 1.0021235942840576, 0.4108043611049652, -0.23226645588874817, -0.7352607846260071, -0.24515920877456665, -1.7617566585540771, 0.051566921174526215, 0.044397883117198944, -1.4623172283172607, 0.43919312953948975, -0.06984512507915497, -0.4444965720176697, -1.2313761711120605, 0.11681871116161346, -0.2036963850259781, -0.054994307458400726, -0.2536734342575073, 0.18771648406982422, -2.137744665145874, 0.13814029097557068, -0.3569187819957733, 0.027751140296459198, 1.691889762878418, -0.07008032500743866, -1.1881744861602783, -1.2888213396072388, -0.8962876200675964, -0.6026908159255981, -0.06657849252223969, 0.47578227519989014, -0.7106626033782959, 2.4720852375030518, -0.009016826748847961, 0.039755646139383316, 0.45779529213905334, -2.309669017791748, -0.8104150295257568, -0.6093948483467102, -1.6381670236587524, -0.5635189414024353, 0.49008089303970337, -0.8743906617164612, -1.1646649837493896, -0.10032448172569275, -1.3274940252304077, -1.7161623239517212, -1.2964495420455933, 0.15872639417648315, -0.6859880089759827, -1.3455684185028076, -0.6995381712913513, -0.9495772123336792, -0.8458890318870544, 0.4325401782989502, -0.7253439426422119, -0.05198292061686516, 0.24499592185020447, -0.5438520312309265, 1.3120310306549072, 0.5033904314041138, 0.2595840096473694, 1.9027371406555176, -0.5507844686508179, 0.5360653400421143, -1.1121892929077148, -0.956017017364502, -0.12759968638420105, -1.0138700008392334, 0.36507055163383484, 0.27412471175193787, 0.7459345459938049, 1.6945139169692993, 0.566944420337677, -0.5633964538574219, -0.3165595233440399, -0.3715003728866577, 1.3257718086242676, -0.6113277673721313, 1.5918275117874146, -0.6816603541374207, 0.3290296196937561, 1.7226313352584839, 0.333131343126297, -1.2869447469711304, -0.6575164198875427, 0.6564662456512451, -0.7505582571029663, 0.17234954237937927, 0.8609055876731873, -0.7704971432685852, 0.2211230844259262, 0.14339545369148254, 0.14779645204544067, -0.1959177553653717]",yunet,Facenet,1920,1080,/home/amos/media/tv/modern_family/Modern.Family.S09.1080p.DSNP.WEB-DL.DDP5.1.H.264-CRFW/Modern.Family.S09E21.The.Escape.1080p.DSNP.WEB-DL.DDP5.1.H.264-CRFW.mkv,Modern Family,2009,1442437,9,21,Jesse Tyler Ferguson,204815.0,0.837
1050,762,156,876,300,840,210,792,210,0.907,27072,1,"[-1.1561204195022583, -0.0906263142824173, -0.34200766682624817, -0.21306762099266052, 0.41804367303848267, -1.9911561012268066, -1.4021072387695312, -0.0378093384206295, -0.6944064497947693, -0.052031077444553375, -0.39737406373023987, 0.43156397342681885, 0.9294359087944031, -0.41902512311935425, 0.18125633895397186, -0.015978174284100533, -0.642055869102478, -0.2755039930343628, -0.6208816766738892, -0.5918769836425781, 0.2658592164516449, 0.41039779782295227, 0.39918968081474304, 1.3733978271484375, -1.2025285959243774, 0.31672537326812744, -0.43763384222984314, -0.5056291818618774, 0.2613527774810791, -2.3257510662078857, -0.357757031917572, -0.6944065093994141, 0.11171066015958786, -0.3664926588535309, -0.1672085076570511, 0.8911775350570679, -0.9680753946304321, 1.0751605033874512, 1.4556958675384521, -0.8478429317474365, -0.3911570906639099, 1.1093961000442505, 1.3597344160079956, -0.5342612266540527, -1.9578559398651123, 0.8650898337364197, 0.16332381963729858, -0.583943247795105, -2.180393695831299, -0.668067216873169, 0.11553394049406052, -1.8437082767486572, -0.015882566571235657, 1.1756643056869507, 0.22084538638591766, -0.6349043250083923, 1.95174241065979, -0.0169510617852211, -1.7148230075836182, -0.505280077457428, -0.7972368597984314, -1.3336337804794312, -2.4308135509490967, 0.5168808102607727, 0.8426129817962646, -1.6465377807617188, 0.28115347027778625, -1.6586265563964844, -0.7905692458152771, 0.8245129585266113, -0.15312501788139343, 2.6315114498138428, -2.8119912147521973, 1.3953397274017334, 0.1825181394815445, 0.14262619614601135, -0.243332639336586, 1.1778913736343384, 0.4842766523361206, -0.9808896780014038, 0.34940457344055176, -0.24195769429206848, 0.8115844130516052, -0.587596595287323, -0.6601401567459106, 0.8086613416671753, 1.7779041528701782, 0.33435940742492676, -2.654043674468994, -0.9061424732208252, 1.5761696100234985, -0.6596097350120544, 0.09708210825920105, -0.5763038396835327, 0.9946195483207703, -1.0750759840011597, -0.08045241236686707, 0.6943356990814209, 1.686718463897705, -2.4001758098602295, -1.6141501665115356, -1.575036644935608, -0.12453213334083557, 1.197983741760254, 1.324716329574585, -1.595800757408142, 0.0314316563308239, -0.590059757232666, 0.4241587221622467, -0.05464503914117813, 0.9059597849845886, -1.7790236473083496, -0.06134858727455139, 2.2620558738708496, -1.4377377033233643, 0.007761560380458832, 0.6795672178268433, 1.0167750120162964, 0.33340737223625183, 1.001703143119812, -1.2772291898727417, 0.039472565054893494, -0.7891522645950317, 0.2660500109195709, 0.035000212490558624, -0.4431167244911194, -1.1337679624557495, -0.3768034875392914]",yunet,Facenet,1920,1080,/home/amos/media/tv/modern_family/Modern.Family.S09.1080p.DSNP.WEB-DL.DDP5.1.H.264-CRFW/Modern.Family.S09E21.The.Escape.1080p.DSNP.WEB-DL.DDP5.1.H.264-CRFW.mkv,Modern Family,2009,1442437,9,21,Julie Bowen,31171.0,0.6
1051,432,66,576,258,546,138,486,132,0.904,27144,0,"[-0.8241913318634033, -2.861619710922241, -0.24050186574459076, -0.5979456901550293, 0.27243733406066895, 0.3490401804447174, -0.3514074981212616, 0.21401633322238922, 3.2237470149993896, -0.575149655342102, 0.6726580858230591, -1.4239684343338013, -0.6112698316574097, -0.4542090892791748, -0.9391047954559326, 0.2578543424606323, 0.03469057008624077, -0.6998053789138794, 0.20863790810108185, -0.614202618598938, 1.2591526508331299, -0.42140254378318787, 1.5259685516357422, 0.15849454700946808, 0.8802751302719116, 0.6597391963005066, 0.8177682161331177, -2.6506214141845703, 1.8304389715194702, -0.7725183367729187, -0.31724292039871216, 0.41433635354042053, 0.6684684753417969, 0.9567979574203491, 0.7889236807823181, 1.7109358310699463, 0.1462227702140808, 0.24144813418388367, -1.4629008769989014, -1.403113603591919, 0.06933312863111496, 1.4836528301239014, -0.7532685995101929, -0.16786298155784607, -1.3621875047683716, -0.6105461120605469, -1.369022011756897, 0.5097486972808838, -1.7733546495437622, 0.6596370935440063, 0.3057616949081421, -0.6712915301322937, -1.6423180103302002, 0.7290248870849609, -0.037847042083740234, -0.7071568965911865, 1.3017743825912476, 0.602334201335907, -1.9933348894119263, -1.830452561378479, -0.5833175778388977, -0.3192114233970642, -0.553924560546875, 1.211864709854126, -0.5703962445259094, 1.4840764999389648, 0.2125682830810547, 1.1290249824523926, 0.24143636226654053, -1.7228190898895264, 0.41408345103263855, -1.045486569404602, -1.9372575283050537, -0.19559502601623535, 0.6937976479530334, 0.4034319519996643, -1.2981420755386353, -0.5981032848358154, -1.6582136154174805, -1.4189599752426147, -1.3244765996932983, 0.6410354375839233, -0.49006861448287964, -1.117012619972229, -0.2681226432323456, -1.571528434753418, 0.5655070543289185, 1.0036855936050415, -0.48920968174934387, -0.029841400682926178, -0.6129445433616638, -0.6925858855247498, 1.004185438156128, 1.111439824104309, -0.7835164070129395, 2.4723708629608154, -1.8339742422103882, 0.891969621181488, -0.8302310109138489, -0.2686113119125366, 0.2498127669095993, -0.8638641834259033, -0.1978878676891327, -1.0512409210205078, 0.397994726896286, 0.6836543679237366, -0.2576104998588562, -0.7397818565368652, 1.042945384979248, -1.4069939851760864, 0.536365270614624, -0.8588972091674805, 1.478386402130127, -1.1302285194396973, -0.08295634388923645, 1.0345717668533325, 0.38742318749427795, -1.979524850845337, -0.555832028388977, 0.13315851986408234, -0.2797825336456299, -0.47507888078689575, 0.2983754575252533, -0.5589080452919006, 1.911879301071167, 0.08429872244596481, -0.03614117205142975, 0.5266239047050476]",yunet,Facenet,1920,1080,/home/amos/media/tv/modern_family/Modern.Family.S09.1080p.DSNP.WEB-DL.DDP5.1.H.264-CRFW/Modern.Family.S09E21.The.Escape.1080p.DSNP.WEB-DL.DDP5.1.H.264-CRFW.mkv,Modern Family,2009,1442437,9,21,Jesse Tyler Ferguson,204815.0,0.77
1052,936,168,1200,498,1098,282,978,282,0.931,27168,0,"[1.415989637374878, 0.3755170404911041, -0.9410958886146545, -0.6188660860061646, 0.4918639063835144, 0.22132378816604614, -2.2516307830810547, 2.4268040657043457, 1.5929980278015137, -1.7562419176101685, -0.3837002217769623, -1.360832929611206, -0.5551701188087463, 0.9009088277816772, 0.35310620069503784, -0.3254539966583252, -0.22241222858428955, 1.0800517797470093, 0.21185578405857086, -1.0021437406539917, -1.8309344053268433, -0.6267914772033691, 1.1954289674758911, 1.907109260559082, 0.9157352447509766, 1.1906280517578125, 0.6971151828765869, -0.26594313979148865, -0.15940339863300323, -0.12903213500976562, -1.2068043947219849, 1.1072109937667847, -1.1298996210098267, 1.0656189918518066, -0.10947367548942566, 0.06729063391685486, 0.40081626176834106, 0.8661642074584961, -1.4666736125946045, 1.4480597972869873, 2.659959077835083, -1.9368290901184082, 0.2070385217666626, 0.24923020601272583, 0.2461242526769638, -1.9900895357131958, 0.6972276568412781, -1.130406141281128, 0.4832434058189392, -0.9266438484191895, -0.08171723783016205, -0.5544019937515259, 1.1022804975509644, 0.19486339390277863, 1.0007559061050415, -0.46252140402793884, 1.825986623764038, -2.0711264610290527, -0.7434920072555542, -0.8348538875579834, -0.3802907168865204, 0.7647432088851929, 0.8283962607383728, 0.5346344709396362, -2.0947368144989014, -0.24209563434123993, -0.5389615893363953, 0.08387090265750885, -0.5646078586578369, -1.0191673040390015, -0.031686242669820786, 0.35654792189598083, 0.07288099825382233, 0.9512223601341248, -0.0895746648311615, -0.27291133999824524, -2.110222101211548, 0.6588613986968994, 0.23033404350280762, -2.6914055347442627, 0.7975936532020569, -0.5128543376922607, -0.6741239428520203, -1.180870771408081, 2.265439987182617, -0.12271154671907425, -0.37864336371421814, 1.022429347038269, 1.3481957912445068, 0.22318291664123535, -0.33206358551979065, -1.3402413129806519, -0.12317396700382233, -0.7899817228317261, -0.08541916310787201, 0.41100332140922546, 0.5094103813171387, -0.08087273687124252, -0.26118963956832886, -0.44909581542015076, 0.03995402157306671, 0.8978416323661804, -0.17791366577148438, -1.5581459999084473, 0.9671168923377991, 0.36993539333343506, -0.8174397945404053, 0.7974362373352051, -0.8106114268302917, 0.886264979839325, -0.8942546248435974, 1.7571206092834473, -0.06761367619037628, -2.1146750450134277, -2.195995569229126, -0.750795841217041, -0.9161859750747681, -2.428858995437622, 0.6522740125656128, -1.5281665325164795, -0.2800777554512024, 0.1963246464729309, 0.483920156955719, -0.9695649147033691, 0.9784071445465088, -0.19404862821102142, -0.0751400887966156, -0.15680941939353943]",yunet,Facenet,1920,1080,/home/amos/media/tv/modern_family/Modern.Family.S09.1080p.DSNP.WEB-DL.DDP5.1.H.264-CRFW/Modern.Family.S09E21.The.Escape.1080p.DSNP.WEB-DL.DDP5.1.H.264-CRFW.mkv,Modern Family,2009,1442437,9,21,Mary Louise Wilson,115767.0,0.666
1053,444,48,600,246,546,120,480,120,0.92,27192,0,"[-1.5964996814727783, -1.8872432708740234, -0.1370886117219925, -0.6227340698242188, 0.6165225505828857, -0.28548508882522583, 0.06721819937229156, -0.17619311809539795, 2.875075578689575, -0.4140109717845917, 1.140031337738037, -1.8104534149169922, -0.9193986058235168, -1.1970034837722778, -1.084965705871582, 1.101447343826294, -0.3513617217540741, -0.5836193561553955, -0.874674916267395, -0.32952460646629333, 2.242277145385742, -0.33205756545066833, 1.47602379322052, 0.07110154628753662, 0.8803792595863342, 0.7088174223899841, 1.7839778661727905, -2.085038661956787, 1.825730800628662, -0.6081777811050415, -0.7647347450256348, 0.7901671528816223, 0.6733160614967346, 0.28390780091285706, 0.9983379244804382, 0.18332473933696747, 0.10044439882040024, -0.7436125874519348, -0.7113650441169739, -1.5316259860992432, -0.7455384731292725, 0.14723289012908936, -1.4412540197372437, -0.11107400804758072, -0.46314874291419983, -1.079423427581787, -1.576009750366211, 0.08596590161323547, -0.6995716094970703, -0.0008893311023712158, 0.0570567362010479, -0.30705907940864563, -1.4948188066482544, 0.8242926001548767, -0.27651917934417725, -0.5253756046295166, 1.9684771299362183, 0.26858335733413696, -1.8278272151947021, -1.2744914293289185, -0.647272527217865, -0.2597752809524536, 0.07272273302078247, 0.956383466720581, -0.7814138531684875, 1.5877366065979004, 1.0439403057098389, 0.9548258185386658, 0.3509647846221924, -1.7751154899597168, -0.8141512870788574, -0.5731488466262817, -2.051024913787842, -0.14145343005657196, 0.3474101126194, -0.3569856286048889, -0.9771283864974976, -0.27933475375175476, -1.3623110055923462, -1.860549807548523, -1.600083589553833, 0.7117711305618286, -0.4986284077167511, -0.8781877756118774, -0.3097662329673767, -0.8776098489761353, -0.22860828042030334, -0.17155975103378296, -1.0416775941848755, -0.3721054494380951, 0.029438838362693787, -0.6754715442657471, 1.1014670133590698, 0.8486167788505554, -0.7409957647323608, 1.8782960176467896, -1.6227459907531738, 0.37521040439605713, -0.6612990498542786, -0.9737290143966675, -0.30701345205307007, -0.8483771681785583, 0.29050394892692566, -0.2755032479763031, 0.851874589920044, 0.7029066681861877, -1.098272681236267, -0.34661146998405457, 0.12297835946083069, -0.24444687366485596, 0.5344079732894897, -1.1772602796554565, 1.8765077590942383, -0.843223512172699, -0.13350863754749298, 1.572902798652649, 0.5160244703292847, -1.5573501586914062, -1.3525080680847168, 0.6276987791061401, 0.10493423044681549, 0.023823607712984085, 0.37102383375167847, -0.5206603407859802, 1.2720088958740234, -0.05443483963608742, -0.24455134570598602, -0.026167798787355423]",yunet,Facenet,1920,1080,/home/amos/media/tv/modern_family/Modern.Family.S09.1080p.DSNP.WEB-DL.DDP5.1.H.264-CRFW/Modern.Family.S09E21.The.Escape.1080p.DSNP.WEB-DL.DDP5.1.H.264-CRFW.mkv,Modern Family,2009,1442437,9,21,Jesse Tyler Ferguson,204815.0,0.793
1054,714,180,828,336,798,240,738,234,0.912,27192,1,"[-0.9441685676574707, -0.014267519116401672, -0.8015178442001343, -0.959048867225647, 1.7472749948501587, -1.795533537864685, -2.398097515106201, 0.4914673864841461, -0.44040733575820923, -0.09980989992618561, 1.4590176343917847, 1.375586748123169, 0.9079295992851257, -1.0579538345336914, 0.6559405326843262, 0.9015050530433655, 0.3733564615249634, -0.6300178170204163, -0.9446582794189453, 0.7532678842544556, -0.06684098392724991, -0.1855466514825821, 0.4116406738758087, 0.7965806126594543, -1.1705375909805298, 0.7754982709884644, -0.2498043030500412, 0.7833164930343628, 0.2570405602455139, -1.6685084104537964, -0.45665791630744934, 0.8659796118736267, 0.23621582984924316, -1.0248032808303833, -1.5476235151290894, 1.6611615419387817, -0.22378122806549072, 0.7643765807151794, -0.2280730903148651, -1.600839614868164, -0.21357929706573486, 0.10377068817615509, -0.2812860906124115, -0.08294179290533066, -2.2961349487304688, 0.34816989302635193, -0.3686073124408722, -1.3086872100830078, -1.432885766029358, 1.023834466934204, 0.47190529108047485, -2.001087188720703, -0.3901904225349426, 0.9211393594741821, 0.9830459356307983, -0.7579553723335266, -0.2022646963596344, -1.5805271863937378, -0.5941061973571777, 0.8208492398262024, -0.49154606461524963, -0.8982603549957275, -0.6967419981956482, 0.5367693305015564, 0.6443243026733398, -1.6485615968704224, -0.8625918030738831, -1.1142281293869019, 0.8691591620445251, 1.5184005498886108, -0.7586341500282288, 1.917675495147705, -3.3624844551086426, 2.6375792026519775, 1.9023332595825195, 0.832172691822052, -0.6096035242080688, -0.07506909966468811, 0.4840601682662964, -0.3583871126174927, -0.5506255030632019, 0.3187992572784424, -0.7078254222869873, -0.23417676985263824, 0.941693902015686, 0.7486467361450195, 0.3305439352989197, 0.09625700116157532, -2.0317535400390625, -1.1705816984176636, 0.718717634677887, -1.6252094507217407, 0.6574790477752686, -1.0150210857391357, 1.1186068058013916, -1.0317860841751099, -0.0705379992723465, 1.4575225114822388, 0.5565014481544495, -3.130521297454834, -1.0617939233779907, -1.6371968984603882, -0.6142783761024475, -0.11679598689079285, 0.6842670440673828, -0.9530153870582581, 0.724202036857605, -0.6888339519500732, 0.47053253650665283, 0.7120533585548401, 0.9088151454925537, -0.5028758645057678, -0.5503699779510498, 0.9157127141952515, -0.2631559669971466, 0.4810200035572052, 0.43189385533332825, -0.7461636066436768, -1.064863920211792, 1.3319467306137085, 0.41861724853515625, -0.21756651997566223, 0.22215211391448975, -0.6720089912414551, -0.740563690662384, -0.8545974493026733, -1.1491972208023071, 0.9757024049758911]",yunet,Facenet,1920,1080,/home/amos/media/tv/modern_family/Modern.Family.S09.1080p.DSNP.WEB-DL.DDP5.1.H.264-CRFW/Modern.Family.S09E21.The.Escape.1080p.DSNP.WEB-DL.DDP5.1.H.264-CRFW.mkv,Modern Family,2009,1442437,9,21,Julie Bowen,31171.0,0.704
1055,732,180,846,330,810,240,762,240,0.906,27264,0,"[-1.774572730064392, -0.6668432950973511, 0.5312056541442871, -0.1845206916332245, 1.820976734161377, -2.664517879486084, -2.620697498321533, -0.4188774526119232, -0.7808375358581543, -0.2230764776468277, 0.1732655167579651, 0.2869472801685333, 0.07051856815814972, 0.5050089359283447, 0.9667233228683472, -0.5897733569145203, 0.32426267862319946, -0.5849295854568481, -0.6827933192253113, -0.36066973209381104, -0.9344756603240967, -1.0444163084030151, 0.6025896668434143, 1.171211838722229, -0.7227633595466614, 0.348164826631546, -0.8070179224014282, 1.0001792907714844, 0.3561869263648987, -1.8397865295410156, 0.05364397168159485, -0.932037353515625, 0.3231237530708313, -1.0381503105163574, -0.4917951822280884, 2.6919660568237305, -0.7779884338378906, 0.6177057027816772, 0.2526121437549591, -1.2936004400253296, -0.43622714281082153, 0.13214413821697235, 0.35880208015441895, -0.2402416616678238, -1.4414968490600586, -0.4718081057071686, -1.0867888927459717, 0.1154429018497467, -1.1342827081680298, 0.36832332611083984, 1.8938870429992676, -2.6383769512176514, 0.8855478763580322, 0.2726653814315796, -0.11712747812271118, -0.9133127927780151, 0.983016848564148, -1.5006877183914185, 0.4216950535774231, 1.4059370756149292, -0.683851957321167, -1.5079363584518433, -1.450217604637146, -0.005581103265285492, -0.058564916253089905, -1.8602219820022583, -0.4121275544166565, -2.046473503112793, 0.4444607198238373, 2.891462564468384, -0.8968153595924377, 0.9221048355102539, -2.6863467693328857, 1.0815386772155762, 0.32599401473999023, 0.5370961427688599, 1.1711208820343018, 0.5171946287155151, 0.41467028856277466, -0.46801143884658813, -0.3096904158592224, 0.841641902923584, 0.2940111756324768, -0.541445255279541, -0.5893446803092957, 0.9002200365066528, 1.6999014616012573, -0.12748923897743225, -1.6431490182876587, -0.3994714021682739, 1.3336939811706543, -0.2226351797580719, -0.9910089373588562, -0.7149339914321899, 0.2259174883365631, -1.4993774890899658, -0.45995280146598816, 0.15975166857242584, 0.8915925621986389, -1.0406113862991333, -1.1530603170394897, -1.2635904550552368, 0.26647424697875977, 0.20230074226856232, 1.5535727739334106, -1.2846981287002563, 0.5350868105888367, -0.7988381385803223, 0.8162102103233337, -0.010080955922603607, 0.5321669578552246, -1.4494200944900513, -1.5205923318862915, 2.115464210510254, 0.22792716324329376, -0.6333414316177368, 1.9555299282073975, -0.029847800731658936, -0.8896468877792358, 1.0886592864990234, 0.19478191435337067, -1.2258884906768799, -0.7234213352203369, -0.6300718188285828, -0.05480127036571503, -0.6160842180252075, 0.1297837644815445, 0.22655703127384186]",yunet,Facenet,1920,1080,/home/amos/media/tv/modern_family/Modern.Family.S09.1080p.DSNP.WEB-DL.DDP5.1.H.264-CRFW/Modern.Family.S09E21.The.Escape.1080p.DSNP.WEB-DL.DDP5.1.H.264-CRFW.mkv,Modern Family,2009,1442437,9,21,Julie Bowen,31171.0,0.727
1056,870,246,1110,540,978,342,906,342,0.925,27288,0,"[1.103347897529602, -0.13437232375144958, -1.622133731842041, -0.11110037565231323, -0.3607041835784912, 1.8700613975524902, -1.7420458793640137, 2.0875637531280518, 0.2046145796775818, -1.204999566078186, 0.0809558853507042, -0.01300123892724514, -0.8881202936172485, 0.7349096536636353, -0.5455402135848999, -0.20247551798820496, 0.34497272968292236, -0.19332067668437958, -0.6875813007354736, -2.3281993865966797, -1.6798484325408936, -0.2973511815071106, 0.9060647487640381, 0.8888643383979797, 1.510578989982605, -0.19098854064941406, -0.09526783227920532, 0.8566356301307678, -0.3600696325302124, -1.0377476215362549, -1.9270631074905396, 1.4630976915359497, -2.458214282989502, 0.6188587546348572, 1.0125088691711426, -0.4259949028491974, -0.3268968462944031, 0.3783392608165741, -1.8946833610534668, 0.7967042922973633, 1.9177281856536865, -1.2171117067337036, -0.3003826439380646, -0.08942011743783951, 1.0861260890960693, -2.514706611633301, 1.6105141639709473, -0.6879497766494751, 1.6010782718658447, -0.5464299917221069, -1.1814686059951782, 0.17163139581680298, 1.4308334589004517, -1.222839117050171, 0.7403342127799988, 1.1850415468215942, 2.706973075866699, -1.6433699131011963, -0.909152090549469, -0.8974312543869019, -0.8196163177490234, 0.8697299361228943, 1.9908783435821533, 1.6315624713897705, -0.9566823244094849, 0.7179604768753052, 0.5635320544242859, 1.1853492259979248, -0.20853900909423828, -1.8035471439361572, 0.008713957853615284, 1.0445117950439453, -0.8362646698951721, 1.0204553604125977, 1.4429703950881958, -1.1625654697418213, -2.3324344158172607, 1.3864414691925049, -0.3107505440711975, -1.526319146156311, 0.9286612272262573, -0.35441648960113525, -1.408545732498169, -1.599275827407837, 1.315329909324646, -0.0710880234837532, -1.1530961990356445, 0.70497727394104, 0.5551019906997681, 0.5307242274284363, 0.9078747630119324, -2.213064670562744, 0.41221803426742554, -0.801942765712738, 1.5614897012710571, 2.030097723007202, 1.0500074625015259, 0.5304561257362366, 0.446128785610199, 1.012658715248108, -0.6202821135520935, -0.19203943014144897, -0.420887291431427, -0.5745275616645813, 0.9843338131904602, -0.23837058246135712, -0.5543137788772583, 0.6904629468917847, -0.28365543484687805, -0.07751700282096863, -0.935680627822876, 2.5580484867095947, 1.0628085136413574, -0.9371542930603027, -1.7816081047058105, -1.0160707235336304, -0.43649721145629883, -0.31267276406288147, 0.5394807457923889, -0.9217954277992249, -0.10396449267864227, -0.7025260925292969, 1.420801043510437, -0.567359983921051, 0.9765765070915222, 0.1476987600326538, -0.5226307511329651, -0.9011431336402893]",yunet,Facenet,1920,1080,/home/amos/media/tv/modern_family/Modern.Family.S09.1080p.DSNP.WEB-DL.DDP5.1.H.264-CRFW/Modern.Family.S09E21.The.Escape.1080p.DSNP.WEB-DL.DDP5.1.H.264-CRFW.mkv,Modern Family,2009,1442437,9,21,Mary Louise Wilson,115767.0,0.631
1057,882,210,1128,510,1008,312,912,312,0.921,27312,0,"[1.1265677213668823, 0.22086834907531738, -1.7994301319122314, -1.315467357635498, -0.11536750942468643, 1.5192394256591797, -1.3892115354537964, 2.739138126373291, 0.5716502070426941, -1.084229826927185, -0.525817334651947, -0.133525550365448, -0.7974932193756104, 1.3156365156173706, -0.037659481167793274, 0.6031554341316223, -1.1601221561431885, 1.6468256711959839, -0.23036718368530273, -1.4930577278137207, -1.2603330612182617, 0.8933413028717041, 0.8787004947662354, 1.9800297021865845, 1.9305856227874756, 0.6092028617858887, -0.8567249774932861, 0.13013243675231934, 0.26145800948143005, -1.2445744276046753, -0.9581855535507202, 1.2997009754180908, -0.6070132255554199, 0.9983896017074585, 0.9021623134613037, -0.7838901281356812, -0.3228883743286133, 1.14363431930542, -1.8301074504852295, 0.947597861289978, 1.7345640659332275, -0.47965314984321594, 0.25608763098716736, -0.718106746673584, 0.517973780632019, -3.037777900695801, -0.09362061321735382, -0.7440822124481201, 1.862283706665039, -0.7925087213516235, -0.6050900816917419, -0.16507244110107422, 1.7312908172607422, -1.181811809539795, 1.0999305248260498, 1.0834838151931763, 2.2799627780914307, -2.1564035415649414, -0.16948378086090088, -1.1535604000091553, -0.18939751386642456, 2.1954143047332764, 0.5122692584991455, 1.670300841331482, -0.9657090902328491, 0.19186197221279144, 0.9728040099143982, 1.3172218799591064, 0.1427941620349884, -1.1915085315704346, -0.4599791169166565, 1.5128825902938843, -0.03261321038007736, 0.43439316749572754, 0.06010740250349045, -2.2471096515655518, -2.7695655822753906, -0.029151108115911484, -0.4689241349697113, -1.8268777132034302, 1.164203405380249, -0.5278124809265137, -1.8065105676651, -0.6567128896713257, 1.4708107709884644, 0.034379467368125916, -0.7383758425712585, 1.465344786643982, 1.3434733152389526, 1.1024446487426758, 0.7851375937461853, -1.2655748128890991, -0.577708899974823, -0.4664630889892578, 0.5295661687850952, 0.4799012243747711, 1.3365850448608398, -0.4815751612186432, 1.371718406677246, 0.6564146876335144, -0.21269677579402924, -0.42563745379447937, -1.1086283922195435, -0.8433318138122559, 1.3273131847381592, -0.468172550201416, -0.7848953604698181, -0.04806555062532425, -0.2344937026500702, 1.0107210874557495, -0.4841804504394531, 1.7758475542068481, 0.5470517873764038, -0.2149709314107895, -1.299561858177185, -1.2975844144821167, -0.16815167665481567, -1.0787169933319092, 1.4127590656280518, -0.8843405842781067, 0.13351164758205414, 0.6829383373260498, 0.2763795852661133, -0.21209239959716797, 1.0875436067581177, -0.5331102609634399, 0.004153477028012276, -1.3442755937576294]",yunet,Facenet,1920,1080,/home/amos/media/tv/modern_family/Modern.Family.S09.1080p.DSNP.WEB-DL.DDP5.1.H.264-CRFW/Modern.Family.S09E21.The.Escape.1080p.DSNP.WEB-DL.DDP5.1.H.264-CRFW.mkv,Modern Family,2009,1442437,9,21,Mary Louise Wilson,115767.0,0.767
1058,942,210,1182,516,1086,324,978,318,0.931,27336,0,"[-0.03138396888971329, 0.8354953527450562, 0.30537596344947815, -2.209728240966797, -0.31280115246772766, 0.3976817727088928, -1.9581776857376099, 2.40486216545105, 1.1105912923812866, -0.9900518655776978, 0.6690476536750793, -0.26641783118247986, -1.6052571535110474, 1.2511605024337769, 0.1962890923023224, 0.6215895414352417, 0.4493914246559143, 0.9989705085754395, 0.18955892324447632, -1.5647817850112915, -1.1359360218048096, 0.12546177208423615, -0.501479983329773, 1.3767355680465698, 0.6742947101593018, 0.27600470185279846, -0.4377768039703369, -0.25624582171440125, -0.23721487820148468, -0.36779388785362244, -0.7344467639923096, 0.8546275496482849, -1.377519965171814, 1.7605010271072388, 0.47222813963890076, 0.21900218725204468, 0.8720312714576721, 0.08219427615404129, -1.5867674350738525, 0.3592487573623657, 1.5556280612945557, -2.296701431274414, -0.3509676158428192, 0.6290920376777649, -0.11417199671268463, -1.314499020576477, 0.9088619351387024, -2.1684820652008057, 0.0942765474319458, -0.6388992071151733, -0.963468611240387, -0.7439289689064026, 0.2792922258377075, -0.05215861275792122, -0.14696861803531647, -0.8187782168388367, 1.0631799697875977, -2.0501673221588135, -0.7258449196815491, -1.6543240547180176, -0.6952033042907715, 1.5632679462432861, 1.093315601348877, 0.9108397960662842, -0.7626622319221497, -0.29705196619033813, -0.5447593927383423, 1.2094590663909912, 0.5412315130233765, -1.219932198524475, -0.05971396714448929, -0.19693556427955627, -0.8306686878204346, -0.46999359130859375, 0.4392856955528259, -0.04847444221377373, -1.4171605110168457, -0.42414724826812744, 0.14305570721626282, -1.544278621673584, 1.150515079498291, -1.3912419080734253, -2.068847894668579, -1.316922903060913, 1.7725030183792114, 0.10647782683372498, -1.0390985012054443, 2.20910906791687, -0.1494961977005005, 1.159582495689392, 0.15665557980537415, -2.2972662448883057, 0.630211353302002, -1.6065596342086792, 0.5787236094474792, 0.1617390662431717, 1.5128214359283447, 0.9936356544494629, 1.8738956451416016, 1.1145209074020386, -0.4842091202735901, 1.6440014839172363, 0.05229444056749344, -0.9556347131729126, 0.1500716209411621, 1.4222952127456665, -1.3549214601516724, 0.7444703578948975, -1.689327359199524, 0.22648297250270844, -0.5525010824203491, 1.132421851158142, 0.4219891130924225, -2.2994978427886963, -1.2970086336135864, -0.8685582876205444, 0.12973162531852722, -1.5278358459472656, 0.7463796734809875, -0.5677579641342163, -1.0768213272094727, 0.7459913492202759, 0.6402472853660583, -0.5639466047286987, 1.4359080791473389, -0.5631706118583679, -0.6084867119789124, 1.3548306226730347]",yunet,Facenet,1920,1080,/home/amos/media/tv/modern_family/Modern.Family.S09.1080p.DSNP.WEB-DL.DDP5.1.H.264-CRFW/Modern.Family.S09E21.The.Escape.1080p.DSNP.WEB-DL.DDP5.1.H.264-CRFW.mkv,Modern Family,2009,1442437,9,21,Mary Louise Wilson,115767.0,0.608
1059,420,198,594,414,540,282,456,288,0.901,27360,0,"[-1.153964877128601, -1.3165693283081055, -0.9082067608833313, 0.04763928800821304, 0.9089447259902954, -0.6130625605583191, 0.214741513133049, -0.12937916815280914, 2.626425266265869, -0.5280367136001587, 1.9064548015594482, -1.5109848976135254, -1.0005249977111816, -0.9800740480422974, -1.59929358959198, 0.38479554653167725, 0.661597490310669, -0.8315620422363281, -1.8807063102722168, -1.0245147943496704, 0.8219128847122192, 0.27677708864212036, 1.174309253692627, -0.35703492164611816, 0.39671099185943604, 0.5918445587158203, 0.6204586029052734, -1.5388319492340088, 1.9461839199066162, -0.7725020051002502, -1.0826820135116577, 0.7026596665382385, -0.6198402047157288, 0.6582096219062805, 1.540828824043274, 0.7973806262016296, -0.02944936789572239, 0.20811015367507935, -0.6214473247528076, -1.9621529579162598, -0.41725167632102966, 0.15990430116653442, -1.590935468673706, 0.1302914023399353, 0.052159033715724945, -1.2704776525497437, -0.8278751969337463, 0.20028594136238098, -0.008064039051532745, 0.9443569183349609, 0.39034104347229004, 0.26605549454689026, -1.4483555555343628, -0.15900246798992157, -0.3052108883857727, 0.11177892982959747, 1.3041497468948364, -0.5625743269920349, -1.1814218759536743, -0.8389447331428528, -0.9901868104934692, -0.1258961260318756, -0.49440646171569824, 0.793799638748169, 0.1223093718290329, 2.52371883392334, 0.09818343818187714, 1.3438318967819214, 0.3676098883152008, -1.8949260711669922, -0.9339938759803772, -0.4180050492286682, -1.90706467628479, -0.8809199929237366, 1.3463692665100098, -0.051722507923841476, -1.1973947286605835, -0.7206423282623291, -1.482376217842102, -1.9120196104049683, -1.500709056854248, 1.3987048864364624, -0.6832788586616516, -1.2625142335891724, -0.579913854598999, -0.6256300210952759, -0.9274651408195496, 0.5495743751525879, -0.41534358263015747, -0.15900932252407074, -0.11501172930002213, 0.1505843549966812, 1.1833412647247314, 0.394806444644928, 0.6093859076499939, 1.9720386266708374, -0.7048937678337097, 0.8669906854629517, -0.7051545977592468, -0.517687976360321, 0.36935585737228394, -1.1975576877593994, -0.8913546800613403, -0.32543542981147766, 0.8662425875663757, 1.8044681549072266, 0.9458481669425964, -0.24138447642326355, 0.3370480537414551, -1.021177053451538, 0.8191098570823669, 0.08140553534030914, 1.3813402652740479, -0.7553648352622986, 0.15997128188610077, 1.1583226919174194, 0.3709137439727783, -1.5392614603042603, -1.0074248313903809, 0.7996498346328735, 0.06740282475948334, -0.19422531127929688, 0.9075270295143127, -1.2072019577026367, 0.6433649659156799, 0.0050658732652664185, -0.12189482152462006, -0.44936782121658325]",yunet,Facenet,1920,1080,/home/amos/media/tv/modern_family/Modern.Family.S09.1080p.DSNP.WEB-DL.DDP5.1.H.264-CRFW/Modern.Family.S09E21.The.Escape.1080p.DSNP.WEB-DL.DDP5.1.H.264-CRFW.mkv,Modern Family,2009,1442437,9,21,Jesse Tyler Ferguson,204815.0,0.845
1060,978,96,1140,306,1110,174,1044,174,0.923,27408,0,"[-0.6908735036849976, 1.2717859745025635, 0.9866729378700256, -0.8539527058601379, 0.5569652318954468, 0.766287088394165, -0.5063913464546204, -0.2597194314002991, -0.7483983039855957, 1.2671136856079102, -0.0583268478512764, 2.620661973953247, 0.9719907641410828, -1.2801944017410278, 0.5374116897583008, 1.1739842891693115, -1.6620354652404785, -0.5757783651351929, -0.5182788968086243, 0.8420127630233765, 0.896573543548584, 0.6699142456054688, 0.6406970620155334, 0.5346295237541199, -0.8304729461669922, -0.13072794675827026, -2.180711030960083, -0.29800885915756226, 2.7283434867858887, -0.21248795092105865, 0.25879740715026855, -2.6445810794830322, 0.6129301190376282, -0.7136200666427612, 1.3366085290908813, 0.6976675987243652, -1.7874990701675415, 0.024077892303466797, -0.366045743227005, -0.486651211977005, -0.4791852831840515, 1.4681566953659058, -0.8507651090621948, 0.4625694155693054, -2.8572030067443848, -0.03640377148985863, -0.04244628921151161, -0.08849197626113892, -1.844462513923645, 0.6978071928024292, -0.04129643738269806, 1.6820935010910034, 1.042673945426941, 0.15075305104255676, 0.3176703155040741, -0.01442131120711565, -0.9693402647972107, -1.4403104782104492, -0.07223273813724518, 1.050644040107727, 0.791364848613739, -2.0726423263549805, 0.22150415182113647, -1.692914366722107, 0.015235822647809982, -0.0012249946594238281, -0.17936888337135315, 0.8577737212181091, 1.873905897140503, 0.31004148721694946, -0.18161728978157043, 0.09045565128326416, -1.6654212474822998, 0.6091093420982361, 1.9370826482772827, 1.3993903398513794, -0.22778943181037903, 0.27526426315307617, 0.42858171463012695, -0.15527567267417908, 0.8240563273429871, -0.34357523918151855, -1.0531201362609863, 0.825606644153595, 1.2773882150650024, 0.030758395791053772, -0.062034398317337036, 0.06120888888835907, -0.12381287664175034, 1.7329926490783691, -1.048620581626892, 0.22798962891101837, 1.9263373613357544, 0.6031281352043152, -0.5017285943031311, 1.7207505702972412, -1.0022140741348267, -0.07921478897333145, 0.9857915043830872, -1.3003782033920288, -0.5289273262023926, -0.6880853772163391, -0.8149339556694031, 1.2690417766571045, 0.09395483881235123, -0.64691162109375, -0.9576435685157776, 0.8956606388092041, -0.0020436570048332214, 0.03555323928594589, 1.777962327003479, 1.4407806396484375, -0.11889104545116425, -0.16466127336025238, 1.462429165840149, 0.6893808841705322, -0.3724181056022644, -0.8045774102210999, 0.6172921657562256, -0.20714959502220154, 1.603060245513916, -2.2626683712005615, -1.7061729431152344, -0.4301648437976837, 0.13416260480880737, -0.03410071134567261, -0.9033130407333374, 0.30038759112358093]",yunet,Facenet,1920,1080,/home/amos/media/tv/modern_family/Modern.Family.S09.1080p.DSNP.WEB-DL.DDP5.1.H.264-CRFW/Modern.Family.S09E21.The.Escape.1080p.DSNP.WEB-DL.DDP5.1.H.264-CRFW.mkv,Modern Family,2009,1442437,9,21,Sofía Vergara,63522.0,0.75
1061,132,168,264,342,234,234,186,234,0.925,27456,0,"[-0.07161511480808258, 1.112807273864746, 0.9839003682136536, 1.3326241970062256, -0.13720735907554626, -0.8053916692733765, -0.5619522929191589, -0.8455904126167297, 0.0641186311841011, -0.7894419431686401, 0.9105527400970459, 0.07201942801475525, 0.9966060519218445, -0.7157245874404907, -2.1767098903656006, -0.24666880071163177, 0.25334402918815613, -1.2409077882766724, -1.508528470993042, 1.4049451351165771, -0.9342416524887085, 0.6982470154762268, 0.0945502445101738, 1.3043802976608276, -0.008485522121191025, 1.6641786098480225, -1.8975334167480469, 2.297555446624756, 1.1319981813430786, -2.0703842639923096, 0.441453754901886, -1.3202877044677734, -0.9714190363883972, -0.18005001544952393, 0.20526593923568726, 0.6272431015968323, 0.9895526170730591, -0.13124161958694458, 1.3852512836456299, 1.0027320384979248, 0.671996533870697, 0.8876636624336243, -0.5896034240722656, 0.20093536376953125, -0.7838961482048035, 0.5532798171043396, 0.9843264818191528, 0.2982304096221924, -1.5260801315307617, -1.1618980169296265, 0.38123393058776855, 0.23715010285377502, -0.6033417582511902, -0.5141703486442566, -0.4111987352371216, 1.522447109222412, 3.225922107696533, 0.32773977518081665, 0.7588987350463867, 0.2969549596309662, 1.8182474374771118, -0.8982511162757874, -0.27556928992271423, -0.0651279091835022, -1.1941224336624146, 1.8743102550506592, 1.285713791847229, 0.1085502877831459, 0.4730346202850342, -0.47905123233795166, -0.6438583731651306, 0.47603294253349304, -0.5475870966911316, 1.3119884729385376, 0.3204706311225891, 1.9322386980056763, 0.2766973078250885, 1.975292444229126, 0.9716895222663879, -0.37934064865112305, 0.15854480862617493, -1.4387844800949097, 0.4241499900817871, -0.53321772813797, -0.7008440494537354, -0.32553738355636597, 0.4128483235836029, 0.15428900718688965, 0.34762996435165405, 0.35548439621925354, 0.2728774845600128, -1.7086430788040161, 0.5484485030174255, -0.5354200005531311, 1.0004944801330566, -0.1883411705493927, 0.33767277002334595, -0.7303889393806458, -0.5467253923416138, -1.9746286869049072, -0.2743268311023712, 0.8620255589485168, -1.7486851215362549, -0.5529594421386719, 0.3163871765136719, 1.0119844675064087, 0.43874111771583557, -1.0368053913116455, 0.158859521150589, 0.03437206149101257, 0.2995641231536865, 2.1459736824035645, 1.4050521850585938, -0.4433914124965668, -0.20193013548851013, 2.0470073223114014, -1.5838013887405396, -1.358454704284668, 0.08723855763673782, -0.0616537444293499, -0.8070275783538818, -0.35048696398735046, 0.06685855984687805, -1.443183183670044, 2.0747146606445312, -0.9790869951248169, 1.7314696311950684, -1.4575746059417725]",yunet,Facenet,1920,1080,/home/amos/media/tv/modern_family/Modern.Family.S09.1080p.DSNP.WEB-DL.DDP5.1.H.264-CRFW/Modern.Family.S09E21.The.Escape.1080p.DSNP.WEB-DL.DDP5.1.H.264-CRFW.mkv,Modern Family,2009,1442437,9,21,Ty Burrell,15232.0,0.698
1062,1482,156,1626,342,1602,216,1536,222,0.925,27456,1,"[-1.6016430854797363, 1.4437191486358643, 0.5492563247680664, -0.4953393042087555, 0.20280347764492035, 0.20656368136405945, -0.4599004089832306, 0.4844943881034851, -0.34126991033554077, 1.1818026304244995, -0.5459337830543518, 2.252333879470825, -0.29365554451942444, -0.7144302129745483, 0.11708192527294159, 1.0760760307312012, -1.11238431930542, -1.2773066759109497, -1.2573645114898682, 0.3637932538986206, 0.8825956583023071, 0.36900556087493896, 0.7966424822807312, 0.538139283657074, -0.3694084882736206, 0.2635524272918701, -1.4507873058319092, -0.20935821533203125, 3.0735814571380615, -1.2610939741134644, 0.34825384616851807, -2.642465829849243, 1.4515162706375122, -0.7492588758468628, 1.4244775772094727, 0.9859731793403625, -1.7847249507904053, 0.15206360816955566, 0.1630518138408661, -0.5512584447860718, -1.1842337846755981, 1.9773482084274292, -0.656185507774353, 0.719940721988678, -2.154411554336548, 1.0096580982208252, -0.9080092310905457, 0.2873965799808502, -2.9559102058410645, 0.29134032130241394, 0.29306793212890625, 1.4209413528442383, 1.0700956583023071, 1.243308663368225, -0.16407306492328644, 0.29721468687057495, -0.5004147291183472, -0.9050852656364441, -1.0658198595046997, 0.052364252507686615, 0.1698070466518402, -0.9127941131591797, -1.545512318611145, -1.1035135984420776, 0.3770110309123993, -0.08869661390781403, -0.6823229789733887, 1.0563281774520874, 1.8310872316360474, -0.41424137353897095, -0.5153723359107971, 0.8211690187454224, -2.0527875423431396, -0.050187066197395325, 1.2485592365264893, 1.3661425113677979, 0.4634501039981842, 0.25776001811027527, 1.2665656805038452, -0.35316598415374756, 0.6855340600013733, -0.06277045607566833, -0.26322782039642334, -0.581231415271759, 0.40548524260520935, -0.3134922385215759, 1.0291017293930054, 0.6685185432434082, -0.532622754573822, 1.657330870628357, -1.1405775547027588, 0.3592766523361206, 1.8542063236236572, 0.5543095469474792, -0.25566884875297546, 1.1377243995666504, -0.5977799296379089, -0.12920823693275452, 0.9133816361427307, -0.5722906589508057, -0.5754199028015137, -0.11434772610664368, -1.2738995552062988, 1.9960143566131592, 0.3087109625339508, -0.8813756108283997, -0.6073987483978271, 0.03464246541261673, 0.19247543811798096, 0.26210686564445496, 1.3410887718200684, 0.6807901263237, 0.18519869446754456, -0.14158008992671967, 0.3777322471141815, 1.5380500555038452, -0.4521157741546631, 0.3933294117450714, 1.561484456062317, -1.1237437725067139, 1.0475014448165894, -1.3964319229125977, -1.338911533355713, 0.24333664774894714, 1.2390954494476318, -0.6146533489227295, -0.12051224708557129, 1.0637598037719727]",yunet,Facenet,1920,1080,/home/amos/media/tv/modern_family/Modern.Family.S09.1080p.DSNP.WEB-DL.DDP5.1.H.264-CRFW/Modern.Family.S09E21.The.Escape.1080p.DSNP.WEB-DL.DDP5.1.H.264-CRFW.mkv,Modern Family,2009,1442437,9,21,Sofía Vergara,63522.0,0.805
1063,738,144,888,342,864,216,798,216,0.917,27456,2,"[0.8052666187286377, -0.25825345516204834, -0.8122463822364807, 0.6374350190162659, 2.5640292167663574, -0.9169901609420776, 2.0074069499969482, -0.41524913907051086, 0.9307305812835693, 0.9414480924606323, -0.7872422933578491, -0.2711043655872345, -0.2062797099351883, 1.0084458589553833, 0.024980589747428894, 0.49961280822753906, -1.8154217004776, -1.591881513595581, -0.5489554405212402, -0.3249277174472809, -0.7803075313568115, 1.4305715560913086, -1.1665135622024536, 1.2621523141860962, 1.5728143453598022, 1.252787470817566, 1.8797794580459595, -1.0438140630722046, 0.13966768980026245, -0.9072533845901489, 0.865580677986145, 1.009145975112915, -1.3199623823165894, 1.3613433837890625, -1.5254392623901367, -0.6868898868560791, 0.7013822197914124, -2.831087589263916, 0.7788137793540955, -1.7368347644805908, 0.05873003602027893, 0.25896960496902466, 0.007232874631881714, -0.40630897879600525, -0.6043578386306763, -0.6091341376304626, -1.7896891832351685, -0.4892648160457611, -0.634875476360321, 2.109808921813965, -0.582472026348114, -0.3278607130050659, -1.207148790359497, 0.4801045060157776, -0.3277469575405121, -2.3850035667419434, 0.8462089896202087, -1.5089102983474731, -0.31013455986976624, -0.6050829887390137, -1.534523844718933, -0.770247220993042, 1.1464389562606812, -0.03612050041556358, -0.9531192183494568, 0.6881958842277527, -1.3388090133666992, -0.1688212901353836, -1.00967276096344, -0.018596090376377106, 0.4600854814052582, -1.1078788042068481, 0.7062682509422302, 0.4360859990119934, 0.47087743878364563, -0.9535180926322937, 0.5947751998901367, 0.9835862517356873, 1.0084552764892578, 1.0667251348495483, -1.7074908018112183, 1.4055532217025757, -0.30133575201034546, -1.0216476917266846, -0.022413864731788635, 0.7474105358123779, -0.6364063620567322, 0.7483806014060974, 1.598529577255249, 1.0879707336425781, 0.6611605286598206, 0.26197895407676697, -0.15147747099399567, -0.34174787998199463, 1.6355218887329102, -0.12547965347766876, -0.9013603329658508, 0.797523558139801, -0.6757411360740662, -0.6241281032562256, -0.19941847026348114, -0.09927812963724136, -0.18524274230003357, -1.783233642578125, 0.41459986567497253, -0.30376648902893066, 0.2668514847755432, 0.42546945810317993, -1.3544881343841553, -0.2748163342475891, 0.49313223361968994, -0.05094773322343826, 1.8191940784454346, -1.3372504711151123, 1.9833614826202393, 0.7427959442138672, 0.1702471822500229, 0.2890717387199402, 0.3201879858970642, 0.45136475563049316, -0.18082502484321594, -0.5869410037994385, 1.21774423122406, 0.27262216806411743, 0.21979431807994843, -0.7865337133407593, 0.43761005997657776, 0.7207134366035461]",yunet,Facenet,1920,1080,/home/amos/media/tv/modern_family/Modern.Family.S09.1080p.DSNP.WEB-DL.DDP5.1.H.264-CRFW/Modern.Family.S09E21.The.Escape.1080p.DSNP.WEB-DL.DDP5.1.H.264-CRFW.mkv,Modern Family,2009,1442437,9,21,Eric Stonestreet,156962.0,0.68
1064,990,150,1230,462,1146,264,1038,270,0.918,27504,0,"[-0.7252806425094604, -2.1306211948394775, -0.14766278862953186, 2.097086191177368, 0.8533785343170166, -0.1082497239112854, 1.026947259902954, -1.8350759744644165, -0.7431139349937439, 3.2112064361572266, -2.4946963787078857, 1.1608880758285522, 0.09363657236099243, 0.7988554239273071, 0.13232527673244476, 0.03251319378614426, -0.6060607433319092, 0.0010680034756660461, -0.8856427669525146, 0.26765939593315125, -0.40604540705680847, -0.2681352198123932, 1.527318000793457, 0.21776282787322998, 0.9317994117736816, 0.37446632981300354, 1.5213325023651123, -1.0861680507659912, 2.3917577266693115, 1.0392851829528809, 0.9226659536361694, -1.5243295431137085, -0.47014278173446655, 0.03464968502521515, 0.6876066327095032, -1.4104996919631958, -0.6911836862564087, 1.3256645202636719, -0.13568627834320068, -0.2571556568145752, -0.17137716710567474, 0.6194286346435547, 0.45893123745918274, 1.0653510093688965, 0.0885545164346695, -0.8302240371704102, -0.7086715698242188, 1.0997929573059082, -0.8591254353523254, 0.3581734001636505, -1.4229891300201416, 2.4123337268829346, 0.02030634507536888, 0.877926766872406, -0.48706868290901184, 0.33210882544517517, 0.3681436777114868, 1.5007089376449585, -0.5546292066574097, -0.26527655124664307, 0.5308461785316467, -0.873120903968811, -0.35214555263519287, -0.089460089802742, -1.2182973623275757, 1.8857758045196533, -0.3967706561088562, 1.5124415159225464, -0.29960691928863525, 0.065432108938694, 0.05230288580060005, -0.0717276930809021, 0.9115333557128906, 0.5495511293411255, 0.7741084098815918, -1.494488000869751, 0.8676496744155884, -1.4659981727600098, -0.7855928540229797, -0.17558711767196655, -1.3237133026123047, 0.32826709747314453, 0.80030757188797, 2.005025863647461, -1.762931227684021, 0.38974615931510925, 0.4731782078742981, -1.2395364046096802, 0.29508256912231445, -0.47297877073287964, -2.199772834777832, -0.6218453049659729, 0.9923136234283447, 0.6959272027015686, 1.1752135753631592, -0.31221017241477966, -0.10401014983654022, 0.1731463372707367, -0.03742752969264984, -0.7139649987220764, 0.08906328678131104, 1.3820767402648926, -1.4525882005691528, 1.3474706411361694, 1.1705678701400757, 0.2105543315410614, -0.5294393301010132, -1.7701469659805298, 0.717906653881073, -0.9945147037506104, 1.1002644300460815, 1.7179838418960571, 1.1968284845352173, -0.26853492856025696, 0.46445825695991516, 0.6183409690856934, -1.7290340662002563, 0.7510026693344116, -0.9744195938110352, -0.5948900580406189, 1.5734877586364746, -0.4132826030254364, -0.34229469299316406, -1.0386924743652344, -1.268736720085144, 1.5945580005645752, 1.7947312593460083, 0.8271028995513916]",yunet,Facenet,1920,1080,/home/amos/media/tv/modern_family/Modern.Family.S09.1080p.DSNP.WEB-DL.DDP5.1.H.264-CRFW/Modern.Family.S09E21.The.Escape.1080p.DSNP.WEB-DL.DDP5.1.H.264-CRFW.mkv,Modern Family,2009,1442437,9,21,Sarah Hyland,91351.0,0.67
1065,972,216,1212,522,1110,318,1014,318,0.931,27528,0,"[-0.8300331830978394, -2.5524890422821045, 0.12186064571142197, 2.259707450866699, -0.021004311740398407, -0.704251766204834, 1.3168213367462158, -1.9567080736160278, -1.1569563150405884, 3.287862777709961, -3.167663812637329, 1.5043598413467407, 0.8372347354888916, 1.074827790260315, -0.22413501143455505, -0.07904396206140518, -0.5506675243377686, -0.20731401443481445, -0.8350874185562134, 0.07125583291053772, 0.14322829246520996, -0.20116767287254333, 1.1016496419906616, 0.3698520064353943, 0.6392371654510498, 0.271709144115448, 1.4398163557052612, -1.2426797151565552, 2.018571615219116, 1.0367025136947632, 0.594333291053772, -1.1337333917617798, -0.5685266852378845, 0.3953076899051666, 0.6692895889282227, -1.8505268096923828, -1.240478515625, 0.9038671255111694, 0.03289421647787094, -1.0700125694274902, -0.05436553806066513, 1.2387017011642456, 0.2324213683605194, 1.0021315813064575, -0.2614351809024811, -0.5150792598724365, -0.27329710125923157, 1.3657745122909546, -1.2756620645523071, 0.4845705032348633, -0.5280895233154297, 2.0112359523773193, 0.04064832255244255, -0.08457346260547638, 0.448013037443161, -0.023012761026620865, 0.4464131295681, 1.5037389993667603, -0.4680634140968323, -0.37316814064979553, 0.2400786280632019, -1.0607434511184692, -0.9322882294654846, -0.149285227060318, -0.48810669779777527, 1.2984156608581543, -0.5478646159172058, 1.2048906087875366, -0.8314012885093689, 0.442656934261322, 0.3979654312133789, 0.557162880897522, 0.9899622201919556, 0.4276033639907837, 0.3354758024215698, -1.7259706258773804, 0.7542245388031006, -1.2216769456863403, -0.39587974548339844, -0.7190904021263123, -1.567434310913086, 0.0543690025806427, 0.9567585587501526, 1.9116709232330322, -1.6577626466751099, 0.28328725695610046, 0.8577874898910522, -1.5819718837738037, -0.1995057910680771, -0.8016327023506165, -1.617789387702942, 0.1919587403535843, 0.5343112945556641, 1.1412544250488281, 1.9269920587539673, -0.5862911939620972, 1.3212194442749023, 0.864171028137207, 0.30391353368759155, -1.071563482284546, 0.5639927387237549, 1.2589231729507446, -1.5611019134521484, 1.3879228830337524, 0.6367658972740173, -0.05847090110182762, -0.2590872049331665, -1.6756460666656494, 0.361301451921463, -1.0567091703414917, 0.6899700164794922, 1.501456379890442, 1.655482530593872, -0.24140247702598572, 0.2619467079639435, 0.52599036693573, -1.0078349113464355, 1.2546950578689575, -1.0475472211837769, -0.6366923451423645, 1.4634345769882202, -0.17556174099445343, -0.5246196389198303, -0.8406236171722412, -1.2160310745239258, 1.3740981817245483, 1.0095680952072144, 0.2726849615573883]",yunet,Facenet,1920,1080,/home/amos/media/tv/modern_family/Modern.Family.S09.1080p.DSNP.WEB-DL.DDP5.1.H.264-CRFW/Modern.Family.S09E21.The.Escape.1080p.DSNP.WEB-DL.DDP5.1.H.264-CRFW.mkv,Modern Family,2009,1442437,9,21,Sarah Hyland,91351.0,0.661
1066,804,138,972,354,900,222,840,222,0.912,27552,0,"[-0.7308332920074463, -0.19060957431793213, -0.7735872864723206, 0.6523740887641907, 0.7506829500198364, -0.23342040181159973, 0.8017241358757019, -1.379204511642456, -0.8551491498947144, 0.9782537221908569, -0.2746660113334656, -1.206555962562561, -0.0761655867099762, -0.17000389099121094, -1.0836480855941772, -0.18358536064624786, -0.5530868768692017, -1.011549711227417, -1.7728780508041382, -0.9391881227493286, 0.9213070869445801, 0.021585002541542053, -0.32514214515686035, -0.06821269541978836, 1.6425044536590576, 2.402043342590332, 0.9746311902999878, 0.44772738218307495, 0.6281179189682007, -0.43297094106674194, 0.656952977180481, 2.0822181701660156, 1.5790417194366455, -0.4445143938064575, 0.7510043978691101, -0.9815294742584229, 1.4549040794372559, -0.43022263050079346, 0.9989446401596069, 0.46438729763031006, 1.682601809501648, 1.811850905418396, 0.46311745047569275, -0.7638311982154846, -1.2592685222625732, 0.6169061660766602, -0.6033173203468323, 1.6461488008499146, -0.529180109500885, 1.1267483234405518, -0.5743221044540405, 0.270029217004776, 0.4037143290042877, 1.1835108995437622, 0.8265265822410583, 0.9832547307014465, 0.872308075428009, -0.567372739315033, 0.2966954708099365, -0.7601495981216431, 0.6268479824066162, -2.2776036262512207, -0.2871188819408417, 2.292675018310547, -0.5119840502738953, 0.7552893757820129, -1.0165513753890991, 1.0678552389144897, 2.198763847351074, -0.6015621423721313, -0.7765763998031616, 0.6652802228927612, -0.11916801333427429, 0.4856564402580261, -0.23032620549201965, -1.51523756980896, 2.0790796279907227, 0.7648935914039612, 0.4830913543701172, 0.5957962274551392, -1.8155457973480225, -0.12400802969932556, 0.9107222557067871, 0.5759835839271545, 0.1512303352355957, 1.0344094038009644, 1.060721755027771, -0.9063824415206909, -0.545030951499939, 1.297681450843811, -0.9344272017478943, -0.23134146630764008, 1.053449034690857, 0.2687431573867798, 2.122553586959839, 0.12951304018497467, 0.9832653403282166, 0.11813654005527496, -2.2917847633361816, -1.852109670639038, -0.6595105528831482, 0.24866130948066711, -0.6304710507392883, 1.043802261352539, -0.8540876507759094, -0.19942785799503326, -0.4106559455394745, -1.113318681716919, -0.28538644313812256, 0.4095817804336548, 0.2968149781227112, -0.299310564994812, 0.8259527683258057, 1.6798627376556396, -0.1056244745850563, 1.0734068155288696, -0.5337769985198975, -0.222484290599823, 0.9827417731285095, -0.5170108675956726, 0.4807944893836975, -0.2472708821296692, 1.2034960985183716, -0.5260552763938904, -1.2830065488815308, 0.11808764189481735, 1.8162468671798706, 2.255384922027588]",yunet,Facenet,1920,1080,/home/amos/media/tv/modern_family/Modern.Family.S09.1080p.DSNP.WEB-DL.DDP5.1.H.264-CRFW/Modern.Family.S09E21.The.Escape.1080p.DSNP.WEB-DL.DDP5.1.H.264-CRFW.mkv,Modern Family,2009,1442437,9,21,Reid Ewing,967692.0,0.658
1067,360,348,492,528,468,414,426,414,0.911,27552,1,"[-0.043087802827358246, 0.9408389329910278, 0.8245701789855957, -0.991560161113739, 0.35750290751457214, -0.6484164595603943, 1.0267337560653687, -2.3472752571105957, -1.062379002571106, 0.5427197813987732, 0.9011074900627136, 0.7278978228569031, -0.6289089322090149, -1.2828763723373413, -0.8467391729354858, 1.9628349542617798, -0.20483744144439697, -0.49825048446655273, -1.312551498413086, -0.20429696142673492, 0.44286367297172546, 0.4518345594406128, -0.058351896703243256, -0.633878231048584, 1.0967135429382324, 0.9839696288108826, 0.2654808461666107, 1.474215030670166, 0.5449827909469604, 0.9569597244262695, 0.9938348531723022, 0.24172872304916382, 0.7462265491485596, 0.33920109272003174, -1.0140565633773804, 0.2154909074306488, 0.5498386025428772, -0.4487311840057373, 0.397318959236145, -0.08333997428417206, -0.33641117811203003, 0.2667829990386963, -2.4468560218811035, 0.0838584154844284, 0.30294284224510193, -0.9917609691619873, -1.4325106143951416, 1.1242971420288086, 0.12497091293334961, -0.27709221839904785, 0.924468994140625, -0.7686163187026978, 0.07306043058633804, 1.124648094177246, -0.5245633721351624, 0.8855308890342712, 0.38509702682495117, -1.1331937313079834, 0.38246750831604004, 1.0390897989273071, 0.17433661222457886, -0.6972264051437378, -0.669087827205658, 0.4110508859157562, 1.176183819770813, -0.7883987426757812, 0.14466501772403717, 0.8463222980499268, -0.33068597316741943, 0.6334723234176636, -1.684898853302002, 1.3569780588150024, -0.05006329342722893, -1.324453353881836, 1.9136364459991455, -0.37633204460144043, 0.7515604496002197, 1.4933583736419678, 0.3548779785633087, 0.055418461561203, -2.357692241668701, 0.2775225043296814, -0.9973289966583252, -0.8779591917991638, -1.0746864080429077, 1.6606007814407349, -0.7242162227630615, -0.8777299523353577, 0.8360059261322021, -0.03405807912349701, 1.105313777923584, 0.32778415083885193, 1.0412580966949463, -1.6943451166152954, 2.5870094299316406, -0.6855550408363342, 0.3254097104072571, -1.792624831199646, 0.7109975814819336, -1.048370361328125, 1.412354588508606, 1.8803657293319702, -1.2266424894332886, -1.4474408626556396, -0.020559627562761307, 0.9420030117034912, -1.1665371656417847, -1.237764596939087, 0.27604910731315613, -0.5041069984436035, -1.789656400680542, 1.3075366020202637, -0.4278765618801117, -0.5997640490531921, 1.751145839691162, 2.201969861984253, -0.8769087791442871, 0.4964793622493744, -0.9554389715194702, 1.1772404909133911, 0.4654794931411743, -0.25599730014801025, 2.434492588043213, -1.2402762174606323, 1.271723747253418, -1.336395502090454, 0.9904642701148987, 1.1799782514572144]",yunet,Facenet,1920,1080,/home/amos/media/tv/modern_family/Modern.Family.S09.1080p.DSNP.WEB-DL.DDP5.1.H.264-CRFW/Modern.Family.S09E21.The.Escape.1080p.DSNP.WEB-DL.DDP5.1.H.264-CRFW.mkv,Modern Family,2009,1442437,9,21,Adam Devine,212604.0,0.851
1068,816,204,996,426,918,288,834,288,0.916,27576,0,"[-1.3451545238494873, -0.22466523945331573, 0.09713130444288254, 1.0782979726791382, -0.016414668411016464, -1.3915964365005493, 0.8955476880073547, -1.5241024494171143, -1.692723035812378, 1.1465997695922852, 0.6627238392829895, -0.7012976408004761, 0.4099099636077881, -0.7016185522079468, 0.2516635060310364, -0.22503827512264252, -0.9660216569900513, -0.970910370349884, -2.0000228881835938, -0.12828870117664337, 1.1431212425231934, -0.5883768200874329, 0.42257067561149597, -0.06246183067560196, 0.7720513939857483, 1.529247522354126, 0.37695279717445374, 0.9604743123054504, 0.13464893400669098, -0.8194396495819092, -0.1519981473684311, 2.0385234355926514, 0.46697676181793213, 0.5599822402000427, 1.2787131071090698, -1.2132912874221802, 0.7919214963912964, -0.5234793424606323, 0.9135717153549194, -0.04789816588163376, 1.2873250246047974, 2.5055816173553467, 0.34715354442596436, -0.5142063498497009, -1.6903162002563477, 0.5299782752990723, 0.24755829572677612, 1.1548316478729248, -0.10212002694606781, 2.3405847549438477, -0.6978403329849243, -0.2056993991136551, 1.1043905019760132, 0.43197232484817505, 1.016761302947998, 0.41180214285850525, -0.1199633777141571, 0.6140112280845642, -0.03778727352619171, -0.33734816312789917, 0.9024367928504944, -2.3474857807159424, -1.1409001350402832, 1.2782014608383179, -0.7977412939071655, 0.24774019420146942, -1.245174765586853, 0.9731135368347168, 2.234440803527832, 0.21913577616214752, -0.9523977637290955, 0.29772183299064636, 0.1376263052225113, 0.43668490648269653, -0.8799161911010742, -1.102579951286316, 2.11572527885437, 0.6707829236984253, -0.31249722838401794, 0.4406810998916626, -1.5619450807571411, -1.3470408916473389, 0.4152863323688507, 0.6549010276794434, 0.6732849478721619, 0.39248502254486084, 1.6137125492095947, -1.2337692975997925, -0.9308909177780151, 0.36623579263687134, -0.9556093811988831, -0.039701446890830994, 0.4646551311016083, 0.8403811454772949, 2.5634002685546875, -0.45453861355781555, 0.5118229985237122, 0.624359667301178, -2.064349889755249, -2.40822696685791, -0.2297435998916626, 0.26007747650146484, -0.8222709894180298, 0.7447904944419861, 0.00895274430513382, -0.07453803718090057, 0.8914294838905334, -1.498635172843933, -1.0665745735168457, 0.4415309429168701, 1.1592350006103516, 0.07045994699001312, 0.5331926345825195, 1.7508151531219482, -0.41114482283592224, 1.66554594039917, -0.32891568541526794, -1.1377979516983032, 0.010700426995754242, 0.6181097626686096, 0.09991632401943207, -1.0040738582611084, 0.4637554883956909, -0.5273632407188416, -1.4775010347366333, -0.20964868366718292, 1.1833274364471436, 2.8047919273376465]",yunet,Facenet,1920,1080,/home/amos/media/tv/modern_family/Modern.Family.S09.1080p.DSNP.WEB-DL.DDP5.1.H.264-CRFW/Modern.Family.S09E21.The.Escape.1080p.DSNP.WEB-DL.DDP5.1.H.264-CRFW.mkv,Modern Family,2009,1442437,9,21,Reid Ewing,967692.0,0.732
1069,270,384,426,588,402,468,330,468,0.905,27576,1,"[0.15391181409358978, 0.9475078582763672, 1.1082664728164673, -0.8737279772758484, -0.18550553917884827, -0.39259397983551025, 0.8109366297721863, -2.054993152618408, -0.6198412179946899, 0.2071370780467987, 0.39603275060653687, 1.1128675937652588, -1.2769232988357544, -1.042056918144226, -0.8037625551223755, 1.5735957622528076, -0.5372492074966431, -0.4487221837043762, -1.5256010293960571, -0.44479647278785706, 1.0308685302734375, -0.04118669778108597, -0.5000328421592712, -0.9042043685913086, 1.4363000392913818, 0.7619317770004272, 0.2002648562192917, 1.58244788646698, 0.6976744532585144, 0.6909714341163635, -0.021254032850265503, 0.9466996192932129, -1.0494340658187866, 0.6530818939208984, -1.009016990661621, -0.19157291948795319, -0.45079487562179565, -0.7962028384208679, 0.09638553857803345, -0.36301928758621216, -0.23823297023773193, 0.1486038714647293, -2.0327253341674805, 0.5043171048164368, 0.10069325566291809, -0.43733903765678406, -0.6576255559921265, 0.3662780225276947, -0.08445188403129578, 0.2918148934841156, -0.3264915347099304, -1.0059912204742432, 0.7401803731918335, 0.9677731990814209, -0.037791311740875244, 0.1214059516787529, -0.3179091811180115, -0.6849732398986816, 0.48299098014831543, 1.4262899160385132, -0.2803686559200287, -0.7331235408782959, -0.5511497855186462, 0.45475244522094727, 1.3175060749053955, -0.2130955308675766, -0.33062484860420227, 0.9863815307617188, -0.10942552238702774, 0.6645760536193848, -1.2059094905853271, 1.545236587524414, -0.17213648557662964, -0.8895882964134216, 1.6183853149414062, -0.3855268061161041, 0.9968036413192749, 1.9286288022994995, 0.5598351955413818, 0.640661358833313, -2.1804287433624268, -1.0307303667068481, -0.8154271245002747, -1.371901035308838, -0.5366955399513245, 0.9564921855926514, -0.9686875343322754, -1.894260287284851, 0.5797406435012817, -0.7036197185516357, 1.8981571197509766, -0.36812901496887207, 0.032322052866220474, -2.234236717224121, 2.6551401615142822, -0.19632939994335175, -0.32726404070854187, -1.0905052423477173, 0.9703194499015808, -1.3802427053451538, 0.9761578440666199, 2.2543866634368896, -0.9302431344985962, -1.1153864860534668, -0.35169750452041626, 0.9550272822380066, -0.7701906561851501, -1.4037786722183228, -0.600235641002655, -0.4583114981651306, -0.7627719640731812, 1.1826279163360596, -0.24087432026863098, -0.6656359434127808, 1.5188212394714355, 2.4925224781036377, -0.6597796678543091, 1.2134186029434204, -1.2999557256698608, 1.280612587928772, 0.9648805260658264, -0.2675800919532776, 2.7560975551605225, -1.248029351234436, 0.3072885274887085, -1.337233543395996, 0.8900154829025269, 1.3541041612625122]",yunet,Facenet,1920,1080,/home/amos/media/tv/modern_family/Modern.Family.S09.1080p.DSNP.WEB-DL.DDP5.1.H.264-CRFW/Modern.Family.S09E21.The.Escape.1080p.DSNP.WEB-DL.DDP5.1.H.264-CRFW.mkv,Modern Family,2009,1442437,9,21,Adam Devine,212604.0,0.798
1070,882,162,1074,408,996,246,906,246,0.938,27600,0,"[-0.8246464729309082, -0.532522439956665, -0.031087098643183708, 0.5103765726089478, 0.2695290744304657, -0.9513791799545288, -0.5025879144668579, -1.4171983003616333, -0.5166886448860168, 1.3236339092254639, -0.43295639753341675, -0.9618437886238098, 0.4961613416671753, 0.003959521651268005, 0.10213761776685715, -0.20236513018608093, -0.5203863382339478, -1.1115556955337524, -0.8336697220802307, -0.08493024110794067, 1.2159463167190552, -0.2040642499923706, 1.9199286699295044, 1.2390787601470947, 0.8159400820732117, 1.2334315776824951, 0.47612738609313965, -0.216187983751297, 0.9045292735099792, -0.6321905851364136, -0.020316071808338165, 1.1958211660385132, 1.1856207847595215, 0.29962804913520813, 0.7318015694618225, -0.7677445411682129, 1.4701530933380127, 0.704684853553772, 1.520066499710083, -0.38824862241744995, 1.180869221687317, 1.829879641532898, 0.7652618885040283, -1.4803858995437622, -1.9040898084640503, 1.6357065439224243, -0.18929186463356018, 0.584628701210022, -1.4218535423278809, 2.317880392074585, -0.4950178861618042, 0.13297317922115326, 0.9043154716491699, 0.7257065176963806, 0.16204428672790527, 0.4138013422489166, -0.8777238130569458, 0.07378937304019928, 0.25811755657196045, -0.37807339429855347, 1.5322189331054688, -2.2593302726745605, -1.2019062042236328, 1.1337347030639648, -1.4079853296279907, -0.2872040867805481, -0.5935742259025574, 0.6591427326202393, 1.7775585651397705, 0.006879838183522224, -0.9591668248176575, 0.48213955760002136, 0.2711896002292633, 0.29683440923690796, -1.1134254932403564, -1.0390286445617676, 2.1807148456573486, -0.22919292747974396, -0.30223512649536133, -1.2885856628417969, -1.5317072868347168, -0.8398220539093018, 0.6345230937004089, 1.92011559009552, 0.019337516278028488, 0.028518304228782654, 2.794532060623169, -1.7342480421066284, -1.2724862098693848, -0.4390469789505005, -1.1637212038040161, -0.0683145746588707, 0.8629580140113831, 0.6918088793754578, 2.1821775436401367, -0.6325893998146057, 0.6866832971572876, 0.9137570261955261, -2.751847743988037, -2.548959970474243, -0.26418766379356384, 0.5205284953117371, -0.2665204107761383, 0.670962393283844, -0.26595911383628845, -0.028818316757678986, 0.00881117582321167, -1.5600999593734741, -0.8366132974624634, 0.30182939767837524, 1.0971894264221191, -0.3474912643432617, 0.7482932806015015, 1.4498894214630127, -0.6574901342391968, 0.9711307287216187, -0.9852244853973389, -0.9402800798416138, -0.7702658176422119, 0.4789416193962097, -0.7206847667694092, -0.8269109725952148, 0.5085017681121826, 0.13034531474113464, -0.8675147891044617, -0.16436243057250977, 1.831416130065918, 2.6581761837005615]",yunet,Facenet,1920,1080,/home/amos/media/tv/modern_family/Modern.Family.S09.1080p.DSNP.WEB-DL.DDP5.1.H.264-CRFW/Modern.Family.S09E21.The.Escape.1080p.DSNP.WEB-DL.DDP5.1.H.264-CRFW.mkv,Modern Family,2009,1442437,9,21,Reid Ewing,967692.0,0.77
1071,264,390,438,624,414,480,336,486,0.911,27600,1,"[0.07928735762834549, 0.7354114055633545, 1.1000970602035522, -0.5048946142196655, 0.03990291431546211, -0.71622633934021, 0.6912621855735779, -2.4163787364959717, -0.7209208607673645, 0.054178815335035324, 0.09937085956335068, 1.2319252490997314, -0.8737682104110718, -0.9407607316970825, -0.1195061206817627, 1.694685935974121, -0.7383042573928833, 0.05593453347682953, -1.768963098526001, -0.15915176272392273, 0.41027531027793884, 0.4738694727420807, -0.7794234156608582, -0.9923626184463501, 1.5109883546829224, 1.0758816003799438, 0.026544947177171707, 1.625076174736023, 1.2216131687164307, 1.035656452178955, 0.6640808582305908, 0.40169858932495117, -0.5898967981338501, 0.1223638579249382, -1.1669362783432007, 0.011276096105575562, -0.026509413495659828, -0.9265510439872742, -0.02240404486656189, -0.2780444622039795, -0.36058685183525085, 0.48705577850341797, -1.9225982427597046, -0.21352480351924896, 0.37220045924186707, -0.8515515327453613, -1.0564367771148682, 0.26035577058792114, 0.192054882645607, 0.3483175039291382, 0.12667791545391083, -1.5258433818817139, 0.5497645139694214, 1.2964032888412476, -0.6181090474128723, 0.1412276327610016, 0.2103358805179596, -1.1419211626052856, 0.6833951473236084, 1.6949691772460938, -0.19245359301567078, -0.8297487497329712, -0.008982682600617409, 0.34477499127388, 1.046678066253662, -0.31743764877319336, 0.23713618516921997, 0.788723886013031, -0.262142539024353, 0.996463418006897, -1.2283682823181152, 1.5879887342453003, 0.12495112419128418, -1.0601590871810913, 1.84492027759552, -0.7749558091163635, 1.005103588104248, 1.5678452253341675, 0.48933786153793335, 0.8090966939926147, -2.3627798557281494, -0.78348708152771, -1.1307456493377686, -0.8253360390663147, -0.9114996790885925, 1.0198543071746826, -0.8612889647483826, -1.4366329908370972, 0.8604133129119873, -0.25955817103385925, 1.9424164295196533, -0.12432460486888885, 0.10775598883628845, -2.390929937362671, 1.6512410640716553, -0.40573781728744507, -0.2885095775127411, -1.0958070755004883, 1.3974497318267822, -1.4452311992645264, 1.2093712091445923, 2.1350483894348145, -0.5462555885314941, -1.3281149864196777, 0.8421177268028259, 0.9312918782234192, -1.526896357536316, -1.510208010673523, -0.2259061485528946, -0.0706866979598999, -0.6397343277931213, 1.1336849927902222, -0.5785040855407715, -0.5656086206436157, 2.3338515758514404, 1.8101099729537964, -0.9520612955093384, 1.246734619140625, -1.0361032485961914, 1.3365256786346436, 1.0403226613998413, -0.7521405220031738, 2.5806312561035156, -0.8974790573120117, 0.45070958137512207, -1.3005520105361938, 0.6200865507125854, 1.3666664361953735]",yunet,Facenet,1920,1080,/home/amos/media/tv/modern_family/Modern.Family.S09.1080p.DSNP.WEB-DL.DDP5.1.H.264-CRFW/Modern.Family.S09E21.The.Escape.1080p.DSNP.WEB-DL.DDP5.1.H.264-CRFW.mkv,Modern Family,2009,1442437,9,21,Adam Devine,212604.0,0.84
1072,864,198,1056,444,984,306,900,306,0.927,27624,0,"[-1.054474115371704, 0.501927375793457, 1.088234782218933, -0.25876984000205994, 0.5274591445922852, -0.7922003269195557, -0.003336705267429352, -2.0650575160980225, -0.5281814336776733, 0.3628300428390503, -0.6494625806808472, 0.02642611600458622, 0.682564914226532, -0.8180269002914429, 1.3511219024658203, -0.23912478983402252, -0.7739408016204834, -0.7649877071380615, -0.9968870878219604, -0.7161029577255249, 1.8464744091033936, -0.7714949250221252, 1.3023440837860107, 0.1887962520122528, 1.0111870765686035, 0.5712502002716064, 0.08000808954238892, 0.8584628105163574, 0.5732680559158325, -0.8109381198883057, -0.5259222984313965, 1.0007092952728271, 1.076257348060608, 0.1553076207637787, 1.5760455131530762, -0.6694319248199463, 0.9468718767166138, -0.7555308938026428, 1.2205419540405273, -0.5667433738708496, 1.5169963836669922, 1.8108478784561157, -0.7237861156463623, -1.2719241380691528, -1.8321417570114136, 1.5267506837844849, -0.5649333596229553, 0.2431393414735794, -1.537367343902588, 1.7453031539916992, -0.40117985010147095, -0.3432835638523102, 1.0171762704849243, 0.7011067867279053, 0.6098470687866211, 0.8305826187133789, -0.23791299760341644, -0.5397085547447205, 0.5041105151176453, -0.7450591921806335, 1.6635568141937256, -2.707634687423706, -0.7734257578849792, 0.8586670160293579, -1.1307262182235718, -0.8055925965309143, -0.28609421849250793, -0.015351629815995693, 2.052365779876709, -0.2811477482318878, -1.4272661209106445, 0.7251235246658325, -0.39853784441947937, -0.26194465160369873, -1.1923863887786865, -0.9292786121368408, 2.1480188369750977, 0.46433576941490173, -0.3732157349586487, -1.0337330102920532, -1.4454600811004639, -0.5771393775939941, 0.27509891986846924, 1.1831129789352417, 0.7289744019508362, -0.7999155521392822, 3.472144842147827, -1.9094977378845215, -1.5987884998321533, 0.5567492246627808, -1.5391899347305298, -0.16844871640205383, 0.43820711970329285, 0.01024431362748146, 1.530067801475525, -0.7281585335731506, 0.9380018711090088, -0.2490164339542389, -1.2908306121826172, -1.438591718673706, -0.922982394695282, 1.3487720489501953, -0.35215431451797485, 0.8851486444473267, 0.12910041213035583, 0.6211589574813843, -0.7817103266716003, -0.9723718166351318, -0.30852365493774414, 0.5297657251358032, 0.4349931478500366, -0.281849205493927, 0.1516883820295334, 0.8698113560676575, -0.030417481437325478, 2.1710433959960938, -0.10797904431819916, -0.3620421886444092, -0.42999425530433655, -0.027842434123158455, -0.21134839951992035, -0.49238458275794983, 1.2947466373443604, -0.009842365980148315, -0.25157129764556885, -0.24455294013023376, 0.6540303826332092, 2.5328402519226074]",yunet,Facenet,1920,1080,/home/amos/media/tv/modern_family/Modern.Family.S09.1080p.DSNP.WEB-DL.DDP5.1.H.264-CRFW/Modern.Family.S09E21.The.Escape.1080p.DSNP.WEB-DL.DDP5.1.H.264-CRFW.mkv,Modern Family,2009,1442437,9,21,Reid Ewing,967692.0,0.733
1073,228,408,402,648,378,504,306,504,0.921,27624,1,"[-0.042830705642700195, 0.8035755157470703, 1.2776520252227783, -0.6260809898376465, -0.3744111657142639, -0.6961191892623901, 1.182705044746399, -2.0814521312713623, -1.2147917747497559, -0.36068540811538696, 0.3659181296825409, 0.9029959440231323, -0.8067212700843811, -1.363018274307251, -0.5652604103088379, 1.6145480871200562, -0.6752833127975464, -0.5543414950370789, -1.7692112922668457, -0.38361817598342896, 0.0835476666688919, 0.5069472193717957, -0.3783932030200958, -1.2012252807617188, 1.2763901948928833, 0.8838894963264465, -0.276287317276001, 1.8052308559417725, 0.9688121676445007, 1.1396299600601196, 0.035749033093452454, 0.18991945683956146, -0.599894106388092, 0.35304534435272217, -1.1419020891189575, 0.5017907619476318, 0.009498640894889832, -0.5504750609397888, -0.37278831005096436, -0.2633555233478546, 0.1625366359949112, 0.6753947138786316, -2.4070205688476562, 0.497281551361084, 0.7327619791030884, -0.6240650415420532, -0.8917144536972046, 0.962550163269043, -0.03306413069367409, -0.000982627272605896, 0.6252878308296204, -1.458768367767334, 0.5142650604248047, 1.0808442831039429, -1.0964449644088745, 0.4380269944667816, -0.07975198328495026, -0.6516391634941101, -0.007172763347625732, 1.3351341485977173, -0.3887839615345001, -0.9051063060760498, -1.0291701555252075, 0.3147927522659302, 1.0592215061187744, -0.43191343545913696, -0.09131260961294174, 0.7746674418449402, 0.03885500133037567, 0.562717080116272, -1.0006098747253418, 1.9391348361968994, -0.41410115361213684, -1.0843232870101929, 1.732128620147705, -0.35851356387138367, 0.7150353193283081, 2.2500224113464355, 0.6239541172981262, 0.9703196287155151, -2.4502971172332764, -0.5013909339904785, -1.1093018054962158, -1.5640835762023926, -0.7673428058624268, 0.6951924562454224, -0.1271786242723465, -1.266931414604187, 0.5909398794174194, -0.2906733453273773, 1.7832469940185547, -0.02386721968650818, 0.6201570630073547, -1.7143256664276123, 1.963305950164795, -0.42394837737083435, 0.26368266344070435, -1.3212573528289795, 1.2162280082702637, -0.9847535490989685, 1.6246068477630615, 2.011061429977417, -0.8250582218170166, -1.0641921758651733, -0.21116003394126892, 1.149764895439148, -0.9893909096717834, -1.9267988204956055, -0.24757221341133118, -0.086558036506176, -1.251460313796997, 1.2901790142059326, -0.2817717492580414, -0.7459262013435364, 1.89870285987854, 2.386023998260498, -0.6704616546630859, 0.8199287056922913, -1.3570748567581177, 1.0660666227340698, 0.965621292591095, -0.2855752110481262, 2.427269458770752, -0.952751636505127, 0.4855520725250244, -1.2029533386230469, 0.31311750411987305, 1.4853343963623047]",yunet,Facenet,1920,1080,/home/amos/media/tv/modern_family/Modern.Family.S09.1080p.DSNP.WEB-DL.DDP5.1.H.264-CRFW/Modern.Family.S09E21.The.Escape.1080p.DSNP.WEB-DL.DDP5.1.H.264-CRFW.mkv,Modern Family,2009,1442437,9,21,Adam Devine,212604.0,0.825
1074,1068,180,1308,474,1230,270,1128,270,0.918,27648,0,"[0.41089320182800293, -0.8043599128723145, 1.8417778015136719, 1.1315724849700928, 1.0996235609054565, -1.0599076747894287, 2.5523226261138916, -1.4535082578659058, -1.7355420589447021, 2.6324942111968994, -1.5190720558166504, -0.2063911110162735, -0.073663130402565, 1.7536503076553345, 0.7377156019210815, -0.8380067944526672, -0.2539806365966797, -0.7136702537536621, -1.8360164165496826, -1.3800054788589478, -1.1441222429275513, -0.7919639945030212, 0.5998069047927856, 0.3562469780445099, -0.15088766813278198, 1.134597659111023, 0.48236024379730225, -1.3750733137130737, 2.3259716033935547, 0.9190350770950317, 0.7920459508895874, -1.102480411529541, -1.5253582000732422, -0.07446631789207458, 0.7254022359848022, -1.9092968702316284, -0.8439683318138123, 0.9893293976783752, 0.5516212582588196, -1.090322494506836, -0.4886707663536072, 0.10982152819633484, -0.08605948090553284, 1.3972550630569458, -0.2800266742706299, -0.7284303903579712, 0.95787113904953, 1.1632312536239624, -0.1770186722278595, 0.5617702007293701, -0.4724394679069519, 2.050516366958618, -0.4568730294704437, -0.5153544545173645, -0.05397999659180641, 0.3918192684650421, 2.1809241771698, 1.1039481163024902, 0.6307926177978516, 1.9371613264083862, -0.6738336682319641, -1.7952502965927124, 0.19091835618019104, 0.8003018498420715, -0.07032188028097153, 0.9749346375465393, -1.5579156875610352, 0.5751545429229736, 0.3153996467590332, 1.3348737955093384, -1.1652275323867798, 0.23742729425430298, 0.4662061035633087, 0.17503924667835236, 0.4287785291671753, -0.829282820224762, -0.8776628971099854, -1.992193579673767, -0.976812481880188, -0.6100735664367676, -1.0701268911361694, 0.16141380369663239, 0.8641912937164307, 0.5447889566421509, -1.1581937074661255, 0.12552642822265625, 0.05068289861083031, -1.6035280227661133, 0.3381374478340149, -0.4074811339378357, -1.7805978059768677, 1.146727442741394, 0.4791569411754608, -1.077869176864624, 1.9272476434707642, 0.5148034691810608, -0.03137324005365372, -0.07354573905467987, 0.6290314793586731, -2.016531467437744, -0.6085428595542908, 0.4517630934715271, -2.3531346321105957, 1.0727934837341309, 1.8383128643035889, 0.40058445930480957, -0.573395848274231, -0.971794605255127, 1.3684560060501099, -1.3245558738708496, -0.07902355492115021, 1.0066592693328857, 0.3562910556793213, 0.11263460665941238, 0.5906088948249817, 0.078708216547966, -0.1321541666984558, 0.18186026811599731, -0.4000847041606903, 0.17572692036628723, 1.7823513746261597, -0.9921164512634277, -0.922503650188446, -1.0478243827819824, -2.5166358947753906, 1.2892488241195679, 0.4781697392463684, -0.9978168606758118]",yunet,Facenet,1920,1080,/home/amos/media/tv/modern_family/Modern.Family.S09.1080p.DSNP.WEB-DL.DDP5.1.H.264-CRFW/Modern.Family.S09E21.The.Escape.1080p.DSNP.WEB-DL.DDP5.1.H.264-CRFW.mkv,Modern Family,2009,1442437,9,21,Sarah Hyland,91351.0,0.537
1075,942,192,1140,444,1056,300,978,300,0.928,27672,0,"[-0.46194157004356384, 0.6149557828903198, 0.26317325234413147, -0.07485415041446686, -0.024913858622312546, -0.8687944412231445, 0.5413638949394226, -1.5220937728881836, -0.5564789772033691, -0.05551633983850479, -0.2516899108886719, -0.4491136074066162, 0.0340418815612793, -1.1377148628234863, 0.299741268157959, -0.4684320092201233, -1.3907376527786255, -1.5705863237380981, -1.8411624431610107, -0.7312560081481934, 1.9457212686538696, -0.5640736222267151, 1.0467017889022827, -0.026130907237529755, 0.601849377155304, 0.821373701095581, -0.16965444386005402, -0.03979431092739105, 1.1344802379608154, -0.8820538520812988, -0.4185638129711151, 1.2842236757278442, 1.2634884119033813, 0.13884896039962769, 0.7758542895317078, -0.9080108404159546, 0.13512647151947021, -0.8848475813865662, 0.9172204732894897, -0.7597157955169678, 1.560744047164917, 2.142458915710449, -0.8412046432495117, -1.048828363418579, -1.631245493888855, 1.8308374881744385, -0.32510432600975037, 0.8407046794891357, -1.8325802087783813, 1.757117509841919, -0.6831911206245422, -0.30055707693099976, 0.8100059032440186, 0.8031403422355652, 1.195660948753357, 0.4307646155357361, -0.7647311687469482, -0.29428109526634216, -0.08338624238967896, -0.6651204228401184, 1.1688766479492188, -3.199556827545166, -0.43668466806411743, 0.5174422264099121, -1.3118561506271362, -0.1592562347650528, -1.2069079875946045, 0.29361045360565186, 1.9091569185256958, -0.8002915382385254, -1.323108434677124, 0.6402727365493774, -0.7475405335426331, -0.6571707129478455, -0.9106550812721252, -1.0703988075256348, 1.2510607242584229, 1.0375274419784546, 0.581768274307251, -0.7599447965621948, -1.0431615114212036, -1.0252745151519775, 0.02352876216173172, 0.06160569190979004, 0.4773584306240082, -0.5198918581008911, 1.6370285749435425, -1.6998703479766846, -0.5737066268920898, -0.052607905119657516, -0.680192768573761, -0.12298242747783661, 1.0736401081085205, 0.6706848740577698, 2.124502420425415, -0.19667285680770874, 0.6596757769584656, 0.27906516194343567, -2.0153651237487793, -2.085235834121704, -0.31482750177383423, 0.41238558292388916, -0.29342120885849, 1.896723985671997, -0.12994082272052765, 0.14722715318202972, -0.00643897382542491, -1.0823270082473755, -1.5861951112747192, 1.1193703413009644, 0.4996839165687561, -0.15461912751197815, 0.6148552894592285, 0.7914192080497742, -0.79303377866745, 1.7417911291122437, -0.9718921184539795, -1.136120319366455, -0.24272587895393372, -0.30580759048461914, -0.7101588249206543, -0.223016619682312, 1.057642936706543, -0.13541199266910553, -0.7956436276435852, -0.03188324719667435, 0.2883059084415436, 2.61030650138855]",yunet,Facenet,1920,1080,/home/amos/media/tv/modern_family/Modern.Family.S09.1080p.DSNP.WEB-DL.DDP5.1.H.264-CRFW/Modern.Family.S09E21.The.Escape.1080p.DSNP.WEB-DL.DDP5.1.H.264-CRFW.mkv,Modern Family,2009,1442437,9,21,Reid Ewing,967692.0,0.797
1076,336,432,498,654,474,516,408,516,0.912,27672,1,"[-0.0059144869446754456, 0.9491562843322754, 1.1265406608581543, -0.7943857908248901, -0.35346877574920654, -0.5271288752555847, 0.810508131980896, -2.0303473472595215, -1.2171339988708496, -0.03759922832250595, 0.04765593260526657, 1.240845799446106, -0.5295175313949585, -1.3729729652404785, -0.0420568585395813, 1.807957410812378, -0.22431400418281555, -0.04229214787483215, -1.0814718008041382, -0.41697075963020325, 0.05725172162055969, 0.7822407484054565, -0.5966973900794983, -1.0530662536621094, 0.931854248046875, 1.3415735960006714, -0.15771572291851044, 2.2412729263305664, 1.202566146850586, 0.3474670350551605, -0.08322294056415558, 0.5766004920005798, 0.2520161271095276, -0.2925253212451935, -0.9536034464836121, 0.6345195770263672, 0.18559888005256653, -0.7317028045654297, -0.43511366844177246, -0.4558464586734772, -0.046568892896175385, 0.696520209312439, -2.290679454803467, -0.2281014323234558, 0.8414202332496643, -0.3598901331424713, -1.3740485906600952, 0.9780126810073853, 0.07344387471675873, 0.2464628368616104, 0.8729764819145203, -1.333706021308899, 0.05120261386036873, 1.6226577758789062, -0.7009057998657227, 1.2423913478851318, -0.44157958030700684, -0.8619401454925537, 0.49496862292289734, 0.9099726676940918, -0.4538623094558716, -0.9610671401023865, -0.16329169273376465, 0.8533297777175903, 1.060524582862854, -0.4875183701515198, 0.37535813450813293, 0.496488094329834, 0.3232852816581726, 0.5015603303909302, -1.4886410236358643, 1.7265868186950684, 0.11326339840888977, -1.0026123523712158, 1.6865332126617432, -1.0103600025177002, 0.2794184386730194, 1.4011447429656982, 0.3697545826435089, 0.7601550221443176, -2.36213755607605, -0.43751072883605957, -1.4647014141082764, -1.1788201332092285, -0.9345762729644775, 0.4750789701938629, -0.12402793765068054, -1.0265343189239502, 0.8846421241760254, -0.20661167800426483, 1.332789421081543, 0.215049147605896, 0.9598507881164551, -1.942965030670166, 1.698196530342102, -0.9289091229438782, 0.557096004486084, -1.6693192720413208, 1.2654838562011719, -0.7648489475250244, 1.2444065809249878, 2.327470064163208, -0.5478708148002625, -0.7723879814147949, 0.14869064092636108, 1.1079248189926147, -1.3371434211730957, -1.657910943031311, 0.25906050205230713, 0.15015077590942383, -1.1488512754440308, 1.233506679534912, -0.8188196420669556, 0.20414897799491882, 2.0056121349334717, 2.1194655895233154, -0.5172393918037415, 0.961603581905365, -0.9285352230072021, 0.7256863117218018, 0.313615083694458, -0.014528028666973114, 2.802699089050293, -0.6776140928268433, 0.6435811519622803, -0.6629510521888733, 0.9767003655433655, 1.5224889516830444]",yunet,Facenet,1920,1080,/home/amos/media/tv/modern_family/Modern.Family.S09.1080p.DSNP.WEB-DL.DDP5.1.H.264-CRFW/Modern.Family.S09E21.The.Escape.1080p.DSNP.WEB-DL.DDP5.1.H.264-CRFW.mkv,Modern Family,2009,1442437,9,21,Adam Devine,212604.0,0.848
1077,1014,180,1212,438,1146,282,1062,282,0.938,27696,0,"[-0.9454647302627563, -0.0958842784166336, -0.1220388263463974, -0.003598608076572418, 0.11496517807245255, -0.9515494704246521, -0.03122158907353878, -1.2767308950424194, 0.27628853917121887, 0.27193570137023926, -0.9541127681732178, -0.5314487218856812, 0.0823008120059967, -0.22760041058063507, -0.009396523237228394, -0.9618737697601318, -1.0753042697906494, -1.041563868522644, -1.073678731918335, -0.5948667526245117, 2.283966541290283, -0.6933662295341492, 0.7299222946166992, 1.087193250656128, 1.1292392015457153, 0.7500691413879395, 0.41008108854293823, -0.9699853658676147, 1.3032513856887817, -1.4737869501113892, 0.49915364384651184, 0.9204663038253784, 1.9296772480010986, -0.11019693315029144, 0.5536203384399414, -1.1510324478149414, 0.4553449749946594, -0.4830203056335449, 1.0524492263793945, -0.5870623588562012, 1.2857141494750977, 2.010770082473755, 0.1312090903520584, -1.1276105642318726, -1.5234850645065308, 1.7341662645339966, -0.27607834339141846, 0.6334381103515625, -1.7986494302749634, 1.9192140102386475, -1.5717638731002808, 0.22111649811267853, 0.5647096037864685, 0.20739363133907318, 0.837173581123352, 1.1370148658752441, -0.33774664998054504, -0.07829776406288147, 0.5960826277732849, -0.418804407119751, 1.6502509117126465, -2.3961076736450195, -0.9425099492073059, 0.7148551940917969, -1.7321656942367554, -0.08902211487293243, -1.0204519033432007, 0.3266935348510742, 1.436759114265442, -1.1099421977996826, -1.1825382709503174, 0.1605944037437439, -0.3600216209888458, -0.7363649606704712, -1.1242494583129883, -1.8687667846679688, 1.974793553352356, -0.13633696734905243, -0.2923954725265503, -1.207228183746338, -1.2915668487548828, -1.289226770401001, 0.6605372428894043, 0.8069481253623962, 0.7528001666069031, 0.06055678427219391, 1.9131876230239868, -1.3722187280654907, -0.3615506887435913, -0.1402084231376648, -1.4785780906677246, -0.17962826788425446, 0.7043861150741577, 0.6367163062095642, 1.826911211013794, -0.5962555408477783, 0.006435360759496689, 0.10202387720346451, -1.8454575538635254, -1.77232825756073, -0.30822664499282837, 1.1547877788543701, 0.7598283886909485, 0.9801564812660217, 0.12062349170446396, -0.5410466194152832, 0.13531242311000824, -0.5791316032409668, -1.1815801858901978, 0.3748570382595062, 0.9930948615074158, -0.7447357773780823, 0.6220861673355103, 1.3371682167053223, -1.33223295211792, 1.3751401901245117, -0.3169080317020416, -0.047592222690582275, -0.4880721867084503, 0.21021606028079987, -0.46803170442581177, 0.2548007071018219, 0.5745076537132263, 0.09067175537347794, -0.8824449181556702, -0.06039135158061981, 0.8573641180992126, 2.375338554382324]",yunet,Facenet,1920,1080,/home/amos/media/tv/modern_family/Modern.Family.S09.1080p.DSNP.WEB-DL.DDP5.1.H.264-CRFW/Modern.Family.S09E21.The.Escape.1080p.DSNP.WEB-DL.DDP5.1.H.264-CRFW.mkv,Modern Family,2009,1442437,9,21,Reid Ewing,967692.0,0.844
1078,348,438,522,684,486,540,408,540,0.923,27696,1,"[-0.026369445025920868, 1.3895771503448486, 0.9775347113609314, -0.23889636993408203, -0.0679803341627121, -0.2207808941602707, 0.9374073147773743, -2.411170244216919, -0.7791731953620911, -0.429659366607666, 0.15994086861610413, 1.249590277671814, -0.6644375920295715, -1.259108543395996, -0.16119912266731262, 1.6156502962112427, -0.2591845691204071, -0.04777149483561516, -1.490006923675537, 0.079567089676857, 0.27381905913352966, 0.6559929847717285, -0.927668571472168, -1.0898209810256958, 0.9248432517051697, 1.578034520149231, -0.04418930411338806, 1.6384414434432983, 0.9856917262077332, 0.45243027806282043, 0.04572173207998276, 0.6229190826416016, -0.9304521679878235, -0.39363065361976624, -0.542138934135437, 0.6669361591339111, 0.1493133306503296, -0.9391065239906311, -0.6000890135765076, 0.176520437002182, 0.24397410452365875, 0.6607053279876709, -1.8967891931533813, -0.21245086193084717, 0.7492705583572388, -0.6953903436660767, -1.027060627937317, 0.5343908071517944, 0.419711172580719, 0.009735377505421638, 0.29536959528923035, -1.0176081657409668, 0.47085103392601013, 1.3137407302856445, -0.6815089583396912, 0.9861358404159546, 0.14398901164531708, -1.310586929321289, 0.8409098386764526, 1.2637372016906738, -0.26004558801651, -0.623606264591217, 0.20258444547653198, 0.6686386466026306, 0.8148123025894165, 0.21608121693134308, 1.1245484352111816, 1.0454838275909424, 0.351191908121109, 1.1079484224319458, -1.041142463684082, 2.091374635696411, 0.0585780143737793, -0.6199007630348206, 1.5863031148910522, -0.7693161368370056, 0.42602965235710144, 1.4429700374603271, -0.38372373580932617, 0.47870415449142456, -2.127727508544922, -0.45768672227859497, -1.5927577018737793, -0.9804007411003113, -0.6304841041564941, 0.3559691905975342, -0.6060567498207092, -1.5638782978057861, 0.5312434434890747, -0.22060708701610565, 1.3666326999664307, -0.5268849730491638, 0.9422082901000977, -2.163273811340332, 0.9888226985931396, -0.4490225315093994, 0.6233519315719604, -0.7527499794960022, 1.6635518074035645, -0.5737385749816895, 0.9738269448280334, 1.7006957530975342, -0.6848164796829224, -0.7861902117729187, 0.6073117256164551, 0.978449285030365, -1.4979103803634644, -0.9484808444976807, -0.09341071546077728, 0.3103080987930298, -0.701474666595459, 1.5262483358383179, -0.020040594041347504, -0.12617076933383942, 1.7281508445739746, 2.1339151859283447, -1.0709136724472046, 0.9619001150131226, -0.8484070301055908, 1.0800786018371582, 1.2508183717727661, -0.6971747875213623, 2.6055748462677, -1.239048957824707, 0.5659621357917786, -0.8998575210571289, 0.7899391055107117, 1.2620986700057983]",yunet,Facenet,1920,1080,/home/amos/media/tv/modern_family/Modern.Family.S09.1080p.DSNP.WEB-DL.DDP5.1.H.264-CRFW/Modern.Family.S09E21.The.Escape.1080p.DSNP.WEB-DL.DDP5.1.H.264-CRFW.mkv,Modern Family,2009,1442437,9,21,Adam Devine,212604.0,0.866
1079,978,186,1188,456,1128,294,1038,294,0.927,27720,0,"[-0.35487523674964905, -0.4177165627479553, -0.5345932841300964, 0.18068668246269226, -0.20373310148715973, -0.4333176910877228, -0.13017638027668, -0.6126573085784912, 0.04437844455242157, 0.9186664819717407, -0.6138721108436584, -0.5044282674789429, -0.9346538186073303, 0.05839961767196655, -0.7620668411254883, -0.18576034903526306, -0.2964901626110077, -0.2739986181259155, -0.07374097406864166, -0.5027427673339844, 1.8595941066741943, -0.46090948581695557, 0.7783026695251465, 0.9982448220252991, 1.9531440734863281, 1.0797919034957886, 0.6443229913711548, -1.287484049797058, 1.8753772974014282, -1.7197093963623047, 0.26408815383911133, 1.6191661357879639, 2.177621841430664, -0.5243940353393555, 0.5613080859184265, -0.8395615220069885, 0.3128332793712616, 0.38111284375190735, 0.5234190225601196, -0.36879006028175354, 1.3047919273376465, 2.057772159576416, 0.037154488265514374, -1.0194470882415771, -1.2259622812271118, 1.2035582065582275, -0.8765120506286621, 1.01851487159729, -1.4634113311767578, 2.173214912414551, -1.1092816591262817, 0.6297093629837036, 0.9576708674430847, 1.118573784828186, 1.311227560043335, 1.0915735960006714, -0.3065871596336365, -0.20488646626472473, 0.701826274394989, -0.43440914154052734, 1.9618877172470093, -2.3376169204711914, 0.01620640605688095, 0.8436750173568726, -0.996238648891449, 0.2903085947036743, -0.43286198377609253, 0.5709933042526245, 1.1106748580932617, -0.6757552623748779, -1.783170223236084, -0.16156156361103058, -0.05020320042967796, -0.34555381536483765, -0.5238114595413208, -2.690532922744751, 1.5076347589492798, -0.007459230720996857, 0.17249691486358643, -0.785635232925415, -0.9975428581237793, -0.837202787399292, 0.3753039836883545, 0.28989607095718384, -0.1396203637123108, 1.0425636768341064, 0.9329944252967834, -1.503455400466919, 0.33782002329826355, 0.3457154333591461, -1.221736192703247, 0.5014228224754333, 0.7401219010353088, 0.30412280559539795, 1.7971971035003662, -0.7360078692436218, 0.4365909695625305, -0.5649649500846863, -2.0619359016418457, -1.252454161643982, -0.9710672497749329, 1.2320457696914673, 0.4804861843585968, 1.2513505220413208, 0.6319422125816345, -0.8459948301315308, -0.21663051843643188, 0.1932331621646881, -0.7193499207496643, 0.33029863238334656, 0.5147095322608948, -0.5198037624359131, 1.0547653436660767, 1.5928757190704346, -1.6966729164123535, 0.10322298109531403, -0.7591768503189087, -0.2838633060455322, 0.33406585454940796, -0.6643738150596619, -0.9279553294181824, -0.05199126899242401, 0.26772528886795044, -0.08112119138240814, -0.3530108332633972, 0.7319823503494263, 1.3229871988296509, 1.8529505729675293]",yunet,Facenet,1920,1080,/home/amos/media/tv/modern_family/Modern.Family.S09.1080p.DSNP.WEB-DL.DDP5.1.H.264-CRFW/Modern.Family.S09E21.The.Escape.1080p.DSNP.WEB-DL.DDP5.1.H.264-CRFW.mkv,Modern Family,2009,1442437,9,21,Reid Ewing,967692.0,0.824
1080,270,480,450,726,408,582,336,582,0.916,27720,1,"[0.18312588334083557, 1.5577305555343628, 0.9009016156196594, -0.6184909343719482, 0.44142237305641174, -0.3295658826828003, 0.5126470327377319, -2.493816614151001, -0.2474241852760315, -0.3151814043521881, 0.06913451105356216, 1.383357048034668, -0.9247989058494568, -1.1700338125228882, 0.19977301359176636, 1.610971450805664, -0.25233086943626404, -0.02990897186100483, -1.3636233806610107, -0.383560448884964, 0.613425612449646, 0.31792235374450684, -0.7383418679237366, -0.6641551852226257, 1.2804030179977417, 1.1968390941619873, -0.570225715637207, 1.7214407920837402, 0.9434719681739807, 0.613097071647644, 0.13804656267166138, 0.20191088318824768, -1.3694697618484497, 0.3377388119697571, -0.3542405366897583, 0.7740877270698547, -0.44010037183761597, -0.7157814502716064, -0.5256523489952087, 0.14081481099128723, 0.428997278213501, 0.3212100565433502, -1.7463310956954956, 0.18541258573532104, 0.6066854596138, -0.2749185562133789, -0.9775373935699463, 0.5688556432723999, 0.0415043979883194, 0.11020643264055252, -0.21153299510478973, -0.9603438973426819, 0.46644484996795654, 1.254160761833191, -0.7804299592971802, 0.8856990933418274, 0.28824707865715027, -1.4483468532562256, 0.7390873432159424, 1.2723883390426636, -0.17013728618621826, -0.3553208112716675, -0.2757180631160736, 0.7544616460800171, 0.9961875677108765, -0.3309141993522644, 0.5195217728614807, 0.4199112355709076, 0.19956210255622864, 0.735171914100647, -0.605109691619873, 1.7464784383773804, -0.1715027242898941, -0.7123787999153137, 1.5451146364212036, -0.9668541550636292, 0.9714264869689941, 1.4833669662475586, -0.4540252685546875, 0.32934296131134033, -1.9623961448669434, -0.9661585092544556, -1.0869543552398682, -1.258805751800537, -0.46184781193733215, 0.2195495367050171, -0.4753229320049286, -1.4983114004135132, 0.7133232355117798, -0.579316258430481, 1.3754140138626099, -0.574110209941864, 0.789352297782898, -2.2344324588775635, 1.7875392436981201, -0.5081839561462402, 0.43893539905548096, -0.9547290205955505, 1.2482781410217285, -0.494396448135376, 1.0142927169799805, 2.179365396499634, -0.9479385614395142, -0.9108981490135193, 0.3491487503051758, 1.1815733909606934, -1.0881245136260986, -1.2312620878219604, -0.037775956094264984, -0.1295241117477417, -0.8441071510314941, 1.6173243522644043, -0.3246992826461792, -0.30985191464424133, 1.7519012689590454, 2.010916233062744, -0.5589426755905151, 1.3320804834365845, -0.9445532560348511, 0.9370167851448059, 1.2545462846755981, -0.2286219298839569, 3.1150426864624023, -1.5888522863388062, 0.6157575249671936, -1.1917026042938232, 0.8808525204658508, 1.3217583894729614]",yunet,Facenet,1920,1080,/home/amos/media/tv/modern_family/Modern.Family.S09.1080p.DSNP.WEB-DL.DDP5.1.H.264-CRFW/Modern.Family.S09E21.The.Escape.1080p.DSNP.WEB-DL.DDP5.1.H.264-CRFW.mkv,Modern Family,2009,1442437,9,21,Adam Devine,212604.0,0.871
1081,960,192,1170,462,1116,300,1020,300,0.937,27744,0,"[-0.2374541163444519, 0.9503434896469116, -0.5732594728469849, -0.3784824013710022, -0.3953211307525635, -0.4979499280452728, 0.585319995880127, -1.6563149690628052, 0.09975975006818771, 0.2796049416065216, -0.5435978770256042, -0.2245272845029831, -0.8632413148880005, -0.370124876499176, -0.4603823721408844, -0.5410729050636292, -0.6522701978683472, -0.5644454956054688, -0.7693701982498169, -0.5580770969390869, 2.280646800994873, -0.6313753128051758, 0.5917277336120605, 0.6588938236236572, 1.501837134361267, 1.891106128692627, 0.4722531735897064, -0.6594639420509338, 1.9956575632095337, -0.963142454624176, 0.256340354681015, 1.864187479019165, 1.5997074842453003, 0.13606420159339905, 0.627068042755127, -1.1258883476257324, 0.3146815001964569, -0.5941622853279114, 0.9706713557243347, -0.35047614574432373, 1.277750849723816, 2.0656211376190186, -0.390733927488327, -1.212883710861206, -1.4478533267974854, 1.6506391763687134, -0.42355573177337646, 0.30709558725357056, -2.146707773208618, 1.705278754234314, -1.1234546899795532, -0.3529457747936249, 1.0222091674804688, 0.9265298247337341, 0.9952813982963562, 1.0158264636993408, 0.18465200066566467, 0.0656815618276596, 1.132343053817749, -1.1862555742263794, 1.4179517030715942, -2.2388572692871094, -0.40428081154823303, 1.0608335733413696, -0.9121071696281433, 0.23234359920024872, -0.44970637559890747, 0.5098685622215271, 1.788983941078186, -1.1913138628005981, -1.3178040981292725, 0.38037410378456116, 0.27707597613334656, -0.26125359535217285, -1.082417368888855, -1.4477388858795166, 2.2118008136749268, 0.1965867429971695, 0.5549734234809875, -1.3272699117660522, -1.3267968893051147, -0.6953127384185791, -0.041592907160520554, -0.41213157773017883, 0.4279640018939972, 0.554534912109375, 1.3478742837905884, -1.1980998516082764, 0.17315518856048584, 0.9573715329170227, -1.1160128116607666, 0.16304007172584534, 0.6260818839073181, 0.04560177028179169, 1.764975905418396, -0.5214108824729919, 0.6054919362068176, -0.49641984701156616, -1.7537474632263184, -1.9522868394851685, -0.9076359868049622, 1.3039096593856812, 0.7119370102882385, 1.0286370515823364, 0.03602336347103119, -0.13356173038482666, -0.06545542180538177, 0.22305172681808472, -0.4587938189506531, 0.4149056375026703, 0.5873264670372009, -0.2224116176366806, 0.490761935710907, 1.5342440605163574, -0.8984820246696472, 1.6026605367660522, -0.7732089757919312, -0.2998596429824829, 0.8756157159805298, -0.08346784114837646, -0.658567488193512, 0.8842921257019043, 0.9818702340126038, -0.5006072521209717, -0.3167371153831482, 0.18697449564933777, 1.5742523670196533, 1.435235619544983]",yunet,Facenet,1920,1080,/home/amos/media/tv/modern_family/Modern.Family.S09.1080p.DSNP.WEB-DL.DDP5.1.H.264-CRFW/Modern.Family.S09E21.The.Escape.1080p.DSNP.WEB-DL.DDP5.1.H.264-CRFW.mkv,Modern Family,2009,1442437,9,21,Reid Ewing,967692.0,0.831
1082,222,480,408,732,378,576,300,576,0.924,27744,1,"[0.5893840789794922, 1.4722378253936768, 0.8275910019874573, -0.734556257724762, -0.011937348172068596, -0.2892298996448517, 0.43763116002082825, -2.12972354888916, -0.7522536516189575, -0.10757051408290863, 0.2820926010608673, 1.257027268409729, -0.8742533326148987, -0.9413059949874878, -0.2158699929714203, 1.978168249130249, -0.07078252732753754, -0.6774871349334717, -1.2708234786987305, -0.3296377956867218, 0.3910638988018036, 0.8577024936676025, -1.0509954690933228, -0.8015583753585815, 1.4078712463378906, 0.9230223298072815, -0.415022075176239, 2.233686923980713, 1.161676049232483, 0.37223750352859497, 0.22900471091270447, 0.4724188446998596, -0.405854731798172, 0.18990910053253174, -0.6150484085083008, 0.5162164568901062, -0.32403799891471863, -1.009598731994629, -0.7409974932670593, 0.1981150060892105, -0.313548743724823, 0.3379821181297302, -2.0019352436065674, 0.0016924738883972168, 0.7443944215774536, -0.8930780291557312, -1.193853735923767, 1.0794144868850708, 0.523140549659729, 0.11404478549957275, 0.4435059428215027, -0.9705408215522766, 0.10302740335464478, 0.9649879932403564, -0.5849619507789612, 1.0585788488388062, 0.023194005712866783, -1.167999267578125, 0.5794035196304321, 1.4788951873779297, -0.525877833366394, -0.6356708407402039, 0.16981035470962524, 0.6168653964996338, 0.7125633955001831, -0.4450451731681824, 0.37392672896385193, 0.619266927242279, 0.22315332293510437, 0.3237094283103943, -0.9921064376831055, 1.1194523572921753, -0.04796629026532173, -0.8564883470535278, 1.7261592149734497, -0.8876178860664368, 0.9803190231323242, 1.4835213422775269, 0.15991902351379395, 0.5105268359184265, -1.8421385288238525, -0.6336616277694702, -1.1965481042861938, -1.1888890266418457, -0.6964332461357117, 0.2896336615085602, -0.7846810221672058, -1.5041307210922241, 1.357530117034912, -0.5391954183578491, 1.239551067352295, -0.26704972982406616, 1.06649649143219, -2.161482572555542, 2.120004892349243, -0.501785159111023, 0.0026496704667806625, -1.2492265701293945, 1.0339970588684082, -0.338845819234848, 1.3505343198776245, 2.026155948638916, -0.923467755317688, -0.8919810056686401, 0.18830552697181702, 0.7596882581710815, -0.9561823606491089, -1.2952215671539307, -0.28723621368408203, -0.2258763164281845, -0.9051098823547363, 1.4798150062561035, -0.4834096133708954, -0.13345953822135925, 1.9495171308517456, 1.725784420967102, -0.20383717119693756, 1.1934970617294312, -1.006907343864441, 1.0047909021377563, 1.0187695026397705, -0.30602237582206726, 2.7421844005584717, -1.0323094129562378, 0.9894267320632935, -0.7096858620643616, 0.7461788654327393, 1.403639793395996]",yunet,Facenet,1920,1080,/home/amos/media/tv/modern_family/Modern.Family.S09.1080p.DSNP.WEB-DL.DDP5.1.H.264-CRFW/Modern.Family.S09E21.The.Escape.1080p.DSNP.WEB-DL.DDP5.1.H.264-CRFW.mkv,Modern Family,2009,1442437,9,21,Adam Devine,212604.0,0.854
1083,1014,156,1242,450,1164,264,1056,258,0.925,27768,0,"[-1.1681424379348755, -1.897223949432373, 0.614138662815094, 1.5395687818527222, 1.57731294631958, -1.38065505027771, 1.241821050643921, -2.8408191204071045, -0.19504421949386597, 2.532081365585327, -1.0232417583465576, 0.9575134515762329, 0.9253443479537964, -0.4484279453754425, 0.6125391721725464, 1.5725512504577637, -0.6278800964355469, -0.06660011410713196, 0.11470972001552582, -0.0775778740644455, 0.8639552593231201, -0.3689241111278534, 0.04633235186338425, 1.727433204650879, 0.07595525681972504, -0.1527986228466034, 0.7446435689926147, -1.2256748676300049, 2.294250726699829, 0.965919554233551, 1.921146035194397, -1.6240664720535278, -0.2446543425321579, 1.5023534297943115, -0.25329411029815674, -1.0618445873260498, 0.9272263050079346, 1.5983384847640991, 0.6640351414680481, -1.3397445678710938, 0.7820567488670349, 1.4352411031723022, 0.31866204738616943, 0.9912225008010864, -2.1293179988861084, 1.00726318359375, -0.21912382543087006, -0.22998598217964172, -0.287567138671875, 1.3118902444839478, -2.4727718830108643, 1.5977740287780762, 0.01553596556186676, 0.976416826248169, 1.0260767936706543, 0.6721764206886292, -0.05627748742699623, 1.1901270151138306, 1.2236994504928589, 1.109887719154358, -0.4257271885871887, 0.1446475386619568, -0.9252671599388123, -0.18563434481620789, -0.5884338617324829, 2.0605051517486572, -0.32010748982429504, 0.5921506881713867, -0.3285819888114929, 0.9438722133636475, 0.444381982088089, -0.4408343732357025, 0.19614312052726746, 0.7320443391799927, -1.5133025646209717, -0.17303697764873505, -1.1984883546829224, -2.0957696437835693, -0.6677685379981995, -0.5542152523994446, -0.7639164328575134, -1.2940094470977783, 1.3948389291763306, 1.7801414728164673, -0.7025140523910522, 0.33655574917793274, -0.0008799582719802856, 1.620071530342102, -0.3225391209125519, -0.40636974573135376, -0.7828127145767212, 0.4943084418773651, 0.8740646839141846, 0.27997317910194397, 1.4740023612976074, -0.5798706412315369, -0.49278461933135986, -0.45923224091529846, 0.7817093729972839, -0.9157621264457703, -0.25757142901420593, 0.717685878276825, -2.3379392623901367, -0.0983409583568573, 1.2280150651931763, 0.4564135670661926, 0.2676938474178314, -1.0818754434585571, -0.0831122025847435, -1.571874976158142, 0.9903929829597473, -0.07541941106319427, 1.352739930152893, -0.802646815776825, -0.05987970530986786, -0.3693951666355133, -0.4084869921207428, 0.2612627148628235, -0.4522304832935333, 0.5323747396469116, 1.4817097187042236, -0.6530486345291138, 0.34644848108291626, -1.8705158233642578, -0.8425034880638123, 1.098543405532837, 2.931532859802246, -0.23615647852420807]",yunet,Facenet,1920,1080,/home/amos/media/tv/modern_family/Modern.Family.S09.1080p.DSNP.WEB-DL.DDP5.1.H.264-CRFW/Modern.Family.S09E21.The.Escape.1080p.DSNP.WEB-DL.DDP5.1.H.264-CRFW.mkv,Modern Family,2009,1442437,9,21,Sarah Hyland,91351.0,0.538
1084,1002,192,1212,462,1146,306,1050,306,0.935,27792,0,"[-0.8384329080581665, 0.31606388092041016, -0.34041139483451843, 0.14140745997428894, -0.09800491482019424, -1.2078158855438232, 0.2805452048778534, -1.195159912109375, -0.29720789194107056, 0.6357988715171814, -0.5320431590080261, 0.015524664893746376, -0.4777958393096924, -0.39901360869407654, -0.4406603276729584, 0.07790860533714294, -0.5730956792831421, -0.44913774728775024, -0.3291023373603821, -0.16275574266910553, 1.5307257175445557, -0.2299690544605255, 0.8508560657501221, 1.2155436277389526, 1.5547442436218262, 1.5194473266601562, 0.08338110893964767, -1.0709456205368042, 1.6727004051208496, -1.5541733503341675, 0.6072396039962769, 0.9632217884063721, 1.7789074182510376, 0.05115976184606552, 0.4125511050224304, -1.4956847429275513, 1.0774377584457397, 0.27039846777915955, 1.1283570528030396, -0.33548930287361145, 1.1274549961090088, 2.4988644123077393, 0.5425846576690674, -0.2621062994003296, -1.059728741645813, 1.9418871402740479, -0.6454861164093018, 0.7171880006790161, -1.250095009803772, 2.664555311203003, -1.2276164293289185, 0.5239545106887817, 0.7734791040420532, 0.6387465000152588, 0.4529944062232971, 1.2879929542541504, -0.043637070804834366, 0.13081449270248413, 1.2839741706848145, 0.1434726119041443, 2.3538100719451904, -2.0380492210388184, -0.922613263130188, 0.9387421607971191, -1.0839096307754517, 0.10955268144607544, -0.7396528720855713, 0.34098872542381287, 1.3856130838394165, -0.7932747602462769, -1.9290698766708374, 0.08774769306182861, -0.39357781410217285, -0.5599608421325684, -0.6846700310707092, -2.405435562133789, 1.8108512163162231, -0.11437341570854187, -0.26890304684638977, -1.1809892654418945, -1.3530360460281372, -0.9314855337142944, 0.37742260098457336, 0.533213198184967, -0.20298871397972107, 0.36050719022750854, 1.3614025115966797, -1.1086350679397583, -0.7451138496398926, 0.12494692206382751, -1.632282018661499, -0.2206992208957672, 0.8242867588996887, -0.1760539710521698, 2.1542561054229736, -1.63828444480896, 0.6637896299362183, -0.5209639072418213, -1.9489967823028564, -1.712912917137146, -0.5243932604789734, 0.7912659049034119, 0.29232874512672424, 1.5100133419036865, 0.0936470702290535, -0.3893086314201355, -0.04943862929940224, -0.17309078574180603, -1.3950600624084473, 0.21252596378326416, 1.101790189743042, -0.6068975329399109, 1.2978432178497314, 1.9102685451507568, -1.2417871952056885, 0.7116529941558838, -0.5792624950408936, -0.4302663207054138, 0.13835987448692322, 0.1708294004201889, -0.21121113002300262, -0.253190279006958, 0.2507741451263428, -0.02382894791662693, -0.8746857047080994, -0.6112387180328369, 1.3675965070724487, 2.0495080947875977]",yunet,Facenet,1920,1080,/home/amos/media/tv/modern_family/Modern.Family.S09.1080p.DSNP.WEB-DL.DDP5.1.H.264-CRFW/Modern.Family.S09E21.The.Escape.1080p.DSNP.WEB-DL.DDP5.1.H.264-CRFW.mkv,Modern Family,2009,1442437,9,21,Reid Ewing,967692.0,0.814
1085,270,438,456,684,438,534,360,534,0.912,27792,1,"[-0.537756085395813, 1.5330744981765747, 0.7633053660392761, -1.2597991228103638, 0.490713894367218, -0.33604103326797485, 0.5024867057800293, -2.279963731765747, -0.48504188656806946, 0.7832544445991516, -0.21896496415138245, 0.9297990798950195, -1.31855309009552, -1.5651458501815796, 0.3966500759124756, 1.7006194591522217, -0.1585717648267746, -0.7062113881111145, -1.96958589553833, -1.031356930732727, 0.7138897180557251, 0.6051849126815796, -0.11533007025718689, -0.41413557529449463, 0.9086641669273376, 1.3729310035705566, 0.035709623247385025, 1.8260740041732788, 0.9757967591285706, 0.719813346862793, 0.6428623199462891, -0.0871414840221405, 0.6225680708885193, -0.029016803950071335, -0.0628044605255127, 0.5260549783706665, -0.28673064708709717, -0.6619296073913574, 0.12423912435770035, -0.4074074923992157, -0.9937822222709656, -0.01453747320920229, -3.147857427597046, -0.5014488697052002, 0.47228628396987915, -0.5118985176086426, -1.1081047058105469, 0.5974199771881104, -0.06402307748794556, -0.09369707107543945, 0.23065219819545746, -0.9669950604438782, -0.0018640756607055664, 0.8488122820854187, -0.34397995471954346, 1.0580565929412842, 0.113631471991539, -1.7326834201812744, -0.4147358536720276, 0.8780922889709473, -0.6484007835388184, -1.0901401042938232, -0.6795153617858887, 0.250214546918869, 0.9099020957946777, -0.5774306654930115, -0.06972882896661758, 1.4215201139450073, 1.1896156072616577, 0.23397880792617798, -1.1083852052688599, 1.6074228286743164, -0.1587645411491394, -1.3822003602981567, 1.9952945709228516, -0.3847839832305908, 0.38924670219421387, 0.4819958508014679, 0.3644753694534302, 0.25816410779953003, -2.2670722007751465, -0.3787882626056671, -1.0392824411392212, -0.6513333916664124, -0.4090255796909332, 1.2245566844940186, -0.008443104103207588, -0.7212541699409485, 0.7525207996368408, 0.6193602681159973, 1.0058658123016357, 0.11500085145235062, 1.5763695240020752, -1.4368631839752197, 2.015909433364868, -0.08667659759521484, -0.2500617802143097, -0.08019059896469116, 0.8114488124847412, -0.6830322742462158, 1.5151431560516357, 2.0396718978881836, -1.3200709819793701, -1.1295121908187866, 0.4737474322319031, 0.31138378381729126, -1.8551905155181885, -1.4542959928512573, 0.1681034117937088, -0.16195715963840485, -1.755875825881958, 1.3720377683639526, -1.118870735168457, -0.45851317048072815, 1.9368311166763306, 2.4524924755096436, -0.7766228914260864, 0.9495816826820374, -0.21304166316986084, 1.3294721841812134, 1.0900691747665405, -0.25840291380882263, 2.0460946559906006, -0.7799689769744873, 0.857443630695343, -1.2978191375732422, 0.8416816592216492, 1.952285885810852]",yunet,Facenet,1920,1080,/home/amos/media/tv/modern_family/Modern.Family.S09.1080p.DSNP.WEB-DL.DDP5.1.H.264-CRFW/Modern.Family.S09E21.The.Escape.1080p.DSNP.WEB-DL.DDP5.1.H.264-CRFW.mkv,Modern Family,2009,1442437,9,21,Adam Devine,212604.0,0.785
1086,1038,102,1212,366,1080,210,1062,216,0.912,27816,0,"[0.23021163046360016, 0.5798753499984741, -0.740227997303009, 0.4558770954608917, -0.37646523118019104, 0.472673237323761, 0.09064298868179321, -1.2104438543319702, -0.46376436948776245, -0.5019294023513794, -1.2863281965255737, -0.468599796295166, 0.11388605833053589, 0.15834559500217438, 0.679378867149353, -0.7390810251235962, -0.6616768836975098, -0.5572083592414856, -1.4084187746047974, 0.7995301485061646, 0.09719802439212799, 0.31102755665779114, -0.462323933839798, -0.8681353330612183, 0.6857679486274719, 1.0773638486862183, -1.1551560163497925, 0.6279574036598206, 0.8653625249862671, -0.44475337862968445, 0.8954079151153564, 0.6384811401367188, 0.0600426122546196, 0.13075926899909973, 0.3370231091976166, 0.598721444606781, -0.10316206514835358, -0.5043216347694397, 0.26717594265937805, 0.29640907049179077, 1.4664037227630615, 2.8222250938415527, -0.1627838909626007, -1.5716921091079712, 0.3353879153728485, -0.3257313668727875, 0.3151801824569702, 1.7554595470428467, 0.20234431326389313, 1.4046508073806763, -0.9663572907447815, -1.0153979063034058, 0.5565041899681091, 1.3608804941177368, -0.11298730969429016, -0.959632396697998, -0.3684828579425812, 0.7239665389060974, 0.8073013424873352, -0.07841508090496063, 0.3733159899711609, -2.1068904399871826, -0.07378705590963364, 1.3482842445373535, -0.44163766503334045, 0.4198721647262573, -0.04579634219408035, 0.6151214241981506, 2.666839599609375, -0.12438515573740005, -0.878223180770874, 0.7301751375198364, -0.7410041093826294, -0.08375682681798935, -1.509169578552246, -1.2045526504516602, 0.9587743282318115, -0.22232083976268768, 0.9715586304664612, 0.8680340051651001, -1.039928674697876, -1.0532381534576416, 1.5370638370513916, 0.3052780330181122, -0.41810768842697144, 0.047511205077171326, 1.9040905237197876, -0.6013733744621277, -0.3660255968570709, 0.5142085552215576, -0.07665098458528519, -0.39614138007164, -0.6220912337303162, 0.048263467848300934, 0.26168352365493774, 0.04825083166360855, -0.723840057849884, -0.3609565496444702, -0.4153641164302826, 0.6345499753952026, -0.3218423128128052, 1.4546260833740234, -1.1373345851898193, 1.7655102014541626, -0.6303902864456177, 0.5111165642738342, -0.6219974756240845, -0.8478249311447144, -0.8538407683372498, 0.23819003999233246, 0.40236955881118774, -0.49738550186157227, -0.6060845851898193, 1.5321965217590332, 0.21762573719024658, 0.9344944953918457, -0.664271354675293, -1.1342411041259766, 0.5346259474754333, -0.7012068629264832, 0.6873041391372681, 0.4887508749961853, 0.3723115921020508, -1.355462670326233, -1.284916639328003, -0.6488966941833496, 1.2593611478805542, 0.9308106899261475]",yunet,Facenet,1920,1080,/home/amos/media/tv/modern_family/Modern.Family.S09.1080p.DSNP.WEB-DL.DDP5.1.H.264-CRFW/Modern.Family.S09E21.The.Escape.1080p.DSNP.WEB-DL.DDP5.1.H.264-CRFW.mkv,Modern Family,2009,1442437,9,21,,,
1087,462,384,642,618,612,486,540,480,0.906,27816,1,"[0.3860572874546051, 2.0764591693878174, 1.032591462135315, -1.2846293449401855, 0.5671303272247314, -0.26028528809547424, 0.697917103767395, -2.212263584136963, -0.5319680571556091, -0.353594034910202, 0.7482117414474487, 1.5383596420288086, -0.5361225008964539, -1.8035879135131836, 0.22148397564888, 1.5933717489242554, -0.1835353672504425, -0.060958921909332275, -0.7825674414634705, -0.21609185636043549, 0.7061829566955566, 0.40416625142097473, -0.3955231010913849, -1.562379240989685, 0.08371900022029877, 1.1517037153244019, -0.9176120758056641, 2.0427050590515137, 0.4678581953048706, 0.8345367312431335, -0.47577229142189026, 0.5835068821907043, -0.8855702877044678, -0.261884480714798, -0.33356302976608276, 0.4874882102012634, 0.16888359189033508, -0.683342456817627, -0.5171331763267517, -0.5597903728485107, -0.01828191988170147, 0.22482353448867798, -2.3905811309814453, -0.12473593652248383, 0.14536505937576294, -0.1992904096841812, -1.1998717784881592, 0.327890008687973, 0.558709442615509, 0.669920802116394, 0.2244085967540741, -1.0256555080413818, 0.33935409784317017, 1.132676601409912, -0.28024283051490784, 0.5783900618553162, -0.911853551864624, -1.590145468711853, 0.7966993451118469, 1.2986619472503662, -0.636302649974823, -0.44809234142303467, 0.2782849371433258, 0.567589521408081, 0.9648124575614929, -0.23642860352993011, 0.2454126477241516, 0.7013260722160339, 1.0072931051254272, 1.2897464036941528, -1.0376719236373901, 1.5979056358337402, -0.24499264359474182, -0.9164432287216187, 1.2769005298614502, -0.2650688588619232, -0.02821023017168045, 0.9727736115455627, -0.13367915153503418, -0.04651582986116409, -1.600852608680725, -0.6244372129440308, -1.6476160287857056, -1.2763921022415161, -0.31722569465637207, -0.02087543159723282, -0.8813015222549438, -1.3267576694488525, 0.3628159165382385, -0.3206690549850464, 1.4957056045532227, -0.22160066664218903, 0.8918697237968445, -2.3422367572784424, 1.4426262378692627, -0.3748108148574829, 0.6151565313339233, -0.677128791809082, 0.9469547867774963, -0.8685616850852966, 1.0754210948944092, 1.5419856309890747, -0.8225266933441162, -0.9179405570030212, -0.05938751995563507, 1.5115238428115845, -0.6527575850486755, -1.3138484954833984, -0.21837857365608215, 0.30970054864883423, -1.0065722465515137, 1.4070318937301636, -1.0063531398773193, -0.06454933434724808, 2.050872802734375, 1.9839372634887695, -0.8562964200973511, 0.3441820740699768, -0.6024267077445984, 1.178747296333313, 0.7694915533065796, -0.30916616320610046, 2.8592562675476074, -1.1169559955596924, 0.5643489956855774, -1.2928366661071777, 0.7816535234451294, 1.6031668186187744]",yunet,Facenet,1920,1080,/home/amos/media/tv/modern_family/Modern.Family.S09.1080p.DSNP.WEB-DL.DDP5.1.H.264-CRFW/Modern.Family.S09E21.The.Escape.1080p.DSNP.WEB-DL.DDP5.1.H.264-CRFW.mkv,Modern Family,2009,1442437,9,21,Adam Devine,212604.0,0.852
1088,486,390,666,624,636,480,552,480,0.918,27840,0,"[0.4142499566078186, 1.6497377157211304, 1.312659502029419, -0.6047551035881042, -0.3287561535835266, 0.39110007882118225, 0.990336537361145, -1.747476577758789, -1.0672950744628906, -0.7014736533164978, 0.3312195837497711, 1.3390250205993652, -1.3133368492126465, -0.9929711818695068, -0.5598702430725098, 1.4450815916061401, -0.37852346897125244, 0.4952283501625061, -0.402834415435791, -0.34050315618515015, 0.03371596336364746, 1.353563666343689, -1.3376307487487793, -1.7890084981918335, 1.0861014127731323, 1.0087333917617798, -1.262869119644165, 1.7176567316055298, 1.0221729278564453, 0.7513090968132019, 0.2503635883331299, 0.6616612076759338, -0.5710648894309998, -0.48632827401161194, -0.4653022885322571, 0.5249113440513611, 0.3965529501438141, -0.6026544570922852, -1.1721508502960205, -0.1919872909784317, 0.5544404983520508, 0.6793686747550964, -1.9617184400558472, -0.044792864471673965, 1.0599075555801392, -0.27615928649902344, -0.7093166708946228, 0.9395719766616821, 0.1360737383365631, 0.9677709341049194, 0.08804414421319962, -0.803389310836792, 0.8540822863578796, 1.1418328285217285, -0.9317345023155212, 1.2550908327102661, -0.42975538969039917, -1.179181456565857, 1.0633150339126587, 1.4848498106002808, 0.3287199139595032, -0.13777562975883484, -0.11035124957561493, 1.1433161497116089, 1.3334307670593262, -0.16539739072322845, 0.8922296762466431, 1.062332272529602, 0.2991792857646942, 0.7201769351959229, -0.8243818283081055, 1.1761868000030518, -0.08202949166297913, -0.7300118803977966, 1.6387325525283813, -0.6504875421524048, 0.5864108800888062, 1.7119851112365723, -0.029625412076711655, 1.1816864013671875, -1.6839404106140137, -0.744511604309082, -1.7095149755477905, -1.597277283668518, -0.11900297552347183, -0.08337714523077011, -0.44499966502189636, -0.8721888661384583, 1.0640264749526978, -0.3023102283477783, 0.7387461066246033, 0.3091128170490265, 0.7631688714027405, -2.407202959060669, 1.498798131942749, -0.7427737712860107, 0.4941777288913727, -1.2150245904922485, 1.7241325378417969, -0.23768535256385803, 1.0244112014770508, 2.0635366439819336, -0.6320324540138245, -1.3453713655471802, 0.09617219120264053, 1.2638435363769531, -0.6707651615142822, -0.7207846641540527, 0.28912535309791565, -0.36075466871261597, -1.3669449090957642, 1.4619991779327393, -0.5467097759246826, 0.14050844311714172, 1.4252270460128784, 1.7018837928771973, -0.2753734588623047, 1.1457912921905518, -0.8381858468055725, 1.272300124168396, 0.7709483504295349, -0.1955343633890152, 2.645341157913208, -0.5044956207275391, 1.2877581119537354, -0.7800278663635254, 0.37178975343704224, 1.7018576860427856]",yunet,Facenet,1920,1080,/home/amos/media/tv/modern_family/Modern.Family.S09.1080p.DSNP.WEB-DL.DDP5.1.H.264-CRFW/Modern.Family.S09E21.The.Escape.1080p.DSNP.WEB-DL.DDP5.1.H.264-CRFW.mkv,Modern Family,2009,1442437,9,21,Adam Devine,212604.0,0.829
1089,1086,132,1254,384,1116,234,1104,234,0.913,27840,1,"[-0.12404429912567139, 1.0979087352752686, -0.2079186886548996, 0.5866227149963379, 0.4332270920276642, -0.8330329060554504, 0.6732619404792786, -1.7054075002670288, -1.6787828207015991, 0.9882961511611938, 0.3474035859107971, -0.06525061279535294, 1.1084684133529663, 0.05047382414340973, 0.2682923674583435, 0.6302396059036255, 0.3645278811454773, -2.168426513671875, -1.8925467729568481, 0.8934193849563599, 0.8611427545547485, -0.11092710494995117, 1.0644030570983887, -0.4830532371997833, 1.706843376159668, 1.1430833339691162, 0.5679705142974854, 1.165568470954895, 0.06381918489933014, -0.12172152101993561, 0.8163884878158569, 0.9589561820030212, 0.301644891500473, 0.543360710144043, 0.6386598348617554, -0.32120776176452637, 2.111032009124756, -0.7802470326423645, 0.7057198286056519, 0.38313916325569153, 0.2278687208890915, 3.125892400741577, -0.05376218259334564, -0.3788132071495056, -1.1339515447616577, 0.48080646991729736, -0.36707472801208496, 1.199724793434143, -0.8203949928283691, 2.0872609615325928, -0.5911509394645691, -0.3180414140224457, 0.2613539397716522, 1.3126336336135864, -0.2925405502319336, -0.2907816171646118, 0.7817284464836121, 1.2344614267349243, 0.21830451488494873, -1.0887798070907593, 1.1912511587142944, -1.1916738748550415, -0.32183465361595154, 1.7884317636489868, -1.142903208732605, -0.9960213303565979, -1.281190037727356, -0.051903508603572845, 1.4558134078979492, -0.3218754529953003, -0.4797016680240631, 0.7165861129760742, -0.17853786051273346, 0.9215152859687805, -0.37025725841522217, -0.509650468826294, 2.547760009765625, 1.125423550605774, 1.0474849939346313, -0.5181288123130798, -1.642918348312378, 0.056530240923166275, 0.5353150367736816, 0.6554039120674133, -0.0866045132279396, 0.7644407749176025, 2.5433082580566406, -1.8571377992630005, -1.1908401250839233, 0.028591379523277283, -1.4814252853393555, -0.14778752624988556, 0.7305262684822083, -0.0535755529999733, 2.36625599861145, 0.6611233949661255, 0.4290964901447296, -0.7784221172332764, -1.7588436603546143, -1.7348487377166748, -0.5600441694259644, 1.9912962913513184, -1.4219387769699097, -0.588270366191864, -0.29005157947540283, -0.20133644342422485, -0.4597795307636261, -0.8862636089324951, 0.1561518758535385, -0.317574679851532, -0.2739896774291992, -0.14404387772083282, 1.5482829809188843, 1.0847458839416504, 0.032268594950437546, 2.8853328227996826, -0.7178348302841187, -0.922105073928833, -0.6130234599113464, 0.216323122382164, 0.281157910823822, -1.1823270320892334, 1.1365362405776978, -1.4420133829116821, -0.12404674291610718, -0.7193728685379028, 1.6159684658050537, 1.0262538194656372]",yunet,Facenet,1920,1080,/home/amos/media/tv/modern_family/Modern.Family.S09.1080p.DSNP.WEB-DL.DDP5.1.H.264-CRFW/Modern.Family.S09E21.The.Escape.1080p.DSNP.WEB-DL.DDP5.1.H.264-CRFW.mkv,Modern Family,2009,1442437,9,21,Reid Ewing,967692.0,0.563
1090,894,132,1086,396,978,240,924,240,0.926,27864,0,"[-0.2735958397388458, 0.1095496267080307, -0.3450874090194702, 0.9501303434371948, 0.30616456270217896, -1.05433988571167, 0.5151192545890808, -1.341766357421875, -1.1769453287124634, 0.3491915762424469, -0.36632704734802246, -0.5558869242668152, 1.2794504165649414, -0.8013379573822021, 0.36335885524749756, 0.9562106728553772, 0.17983070015907288, -1.0295417308807373, -1.4568508863449097, -0.05571680888533592, 1.9629806280136108, -0.29649561643600464, 0.45993590354919434, -0.17147284746170044, 1.3128526210784912, 1.4241297245025635, 0.009548194706439972, 0.8222509622573853, 0.85785311460495, -1.5045793056488037, -0.1492377519607544, 1.9705358743667603, 0.9268089532852173, -0.16703522205352783, 1.5067979097366333, -1.0293642282485962, 1.4180760383605957, -0.5701500773429871, 0.9992080926895142, 0.19739559292793274, 1.4728118181228638, 3.205235481262207, 0.6617517471313477, -1.4658288955688477, -1.5019460916519165, 0.9291537404060364, 0.0018505044281482697, 1.1956335306167603, -1.1147434711456299, 2.4464223384857178, -0.8085412383079529, 0.3868812322616577, 0.0038021355867385864, 1.7457027435302734, 1.5675660371780396, 0.8436445593833923, 0.5167979598045349, -0.09402930736541748, 0.6383422017097473, 0.0805928185582161, 1.4063478708267212, -2.737511157989502, 0.24259784817695618, 1.268896222114563, -1.1708273887634277, -0.3987332582473755, -0.48876696825027466, 0.6582357883453369, 1.27522873878479, -0.5455389022827148, -1.4591376781463623, 0.9522491693496704, -0.8056403398513794, 0.2561147212982178, -0.18399710953235626, -1.4228700399398804, 1.1977697610855103, 0.4643537700176239, 0.1388794481754303, -1.148152470588684, -1.159566879272461, -0.46744266152381897, 0.5764907002449036, 0.1356295645236969, 0.2136688232421875, 0.06413394212722778, 1.724834680557251, -1.8098725080490112, -0.8899022340774536, 0.1432817429304123, -1.6464213132858276, 0.027173051610589027, 1.1736632585525513, -0.33196142315864563, 1.782841682434082, -0.3192346692085266, 0.6141892075538635, -0.4466100335121155, -1.7818853855133057, -1.4786945581436157, -0.32895731925964355, 1.0446170568466187, -1.461456537246704, 0.625611424446106, 0.37187039852142334, -0.5797356963157654, -0.6030653119087219, -0.5825498104095459, -0.7069664597511292, 1.0428694486618042, 0.4067613482475281, -0.008565396070480347, 1.573144793510437, 0.8700609803199768, -1.138549566268921, 0.58751380443573, -0.6972815990447998, -0.6688697934150696, -0.12710559368133545, -0.7303051352500916, 0.2466338574886322, -0.928199052810669, 1.687266230583191, -0.6940361261367798, -0.5081552267074585, 0.3311796188354492, 0.9666814208030701, 1.8420746326446533]",yunet,Facenet,1920,1080,/home/amos/media/tv/modern_family/Modern.Family.S09.1080p.DSNP.WEB-DL.DDP5.1.H.264-CRFW/Modern.Family.S09E21.The.Escape.1080p.DSNP.WEB-DL.DDP5.1.H.264-CRFW.mkv,Modern Family,2009,1442437,9,21,Reid Ewing,967692.0,0.715
1091,474,402,654,636,630,486,552,480,0.901,27864,1,"[0.6553750038146973, 1.067475438117981, 1.1132020950317383, -0.5802223682403564, 0.5376884937286377, -0.16883204877376556, 2.061190605163574, -2.0782430171966553, -1.3827425241470337, 0.5894570350646973, 1.4004921913146973, 0.858165979385376, -0.30802279710769653, -1.2465718984603882, -0.0800071507692337, 2.224496603012085, -0.2051505446434021, -0.189320906996727, -1.165849208831787, -0.6267708539962769, -0.28734320402145386, 0.8334502577781677, -0.5250070691108704, -1.1465344429016113, 1.7609660625457764, 1.2184782028198242, 0.3409840762615204, 1.533242106437683, 0.16791564226150513, 0.6317272782325745, 1.1240394115447998, 0.272357314825058, 0.9608859419822693, 0.0017903968691825867, -0.7538790702819824, 0.9443415403366089, 0.24102163314819336, -1.0503995418548584, -0.7662823796272278, 0.130366712808609, 0.33157336711883545, 0.9311603903770447, -1.9554308652877808, -0.16653497517108917, 0.2207883596420288, -1.385486125946045, -0.8060594797134399, 0.6811840534210205, 0.6346059441566467, 0.48715880513191223, 0.9492039680480957, -1.087859869003296, 0.2605714201927185, 0.9913725852966309, 0.12687340378761292, 0.5601136088371277, -0.2620837390422821, -1.1045496463775635, 0.204204723238945, 1.122837781906128, 0.15489104390144348, -1.7507702112197876, 0.8796111345291138, -0.3831666111946106, 1.3693405389785767, -1.2353001832962036, -0.47636425495147705, 1.456351637840271, 0.2238721251487732, 1.3209964036941528, -1.1365864276885986, 1.5331320762634277, -0.2690301239490509, -1.07456374168396, 1.6344109773635864, -0.6091740131378174, 0.6649664640426636, 1.5533517599105835, 0.8354091048240662, 1.4401519298553467, -2.2544443607330322, 0.32887715101242065, -0.8315181136131287, -1.0836868286132812, -0.3137107789516449, 1.7019968032836914, -0.5521162152290344, -0.8825392723083496, 2.132646083831787, 0.7475894689559937, 0.424094557762146, 0.8420295119285583, 1.6278220415115356, -0.8555933833122253, 1.7944562435150146, -0.6531774997711182, -0.574749767780304, -1.059538722038269, 0.8497663140296936, -0.20590458810329437, 1.9414048194885254, 1.8617932796478271, -0.8992183208465576, -1.9227609634399414, 0.1451878547668457, 0.7841947078704834, -1.964331865310669, -0.4263469874858856, -0.5149726867675781, -0.22323192656040192, -1.892090916633606, 2.527341842651367, -0.15960292518138885, -0.6576188206672668, 2.3067641258239746, 1.6315128803253174, -0.6368937492370605, -0.22713282704353333, 0.06927698850631714, 0.8480052351951599, 0.7835742235183716, -0.7678892612457275, 2.165107250213623, -0.5457960367202759, 1.0190279483795166, -0.6268424987792969, 0.32631978392601013, 1.6659685373306274]",yunet,Facenet,1920,1080,/home/amos/media/tv/modern_family/Modern.Family.S09.1080p.DSNP.WEB-DL.DDP5.1.H.264-CRFW/Modern.Family.S09E21.The.Escape.1080p.DSNP.WEB-DL.DDP5.1.H.264-CRFW.mkv,Modern Family,2009,1442437,9,21,Adam Devine,212604.0,0.764
1092,522,444,696,684,666,546,582,546,0.931,27888,0,"[-0.05100803077220917, 1.1522268056869507, 1.3300012350082397, 0.02117985486984253, 0.5408622026443481, -0.2949182093143463, 0.4752510190010071, -1.9556550979614258, -0.7723403573036194, -0.4905284643173218, 0.5376461744308472, 0.7390522956848145, -0.7708756327629089, -1.5403225421905518, -0.7414255142211914, 1.7493075132369995, 0.03161058574914932, -0.22646616399288177, -1.2586218118667603, 0.22671036422252655, 0.7323017120361328, 0.8366368412971497, -0.2613053619861603, -0.9173846244812012, 0.4995211064815521, 1.315841794013977, -0.3355436623096466, 1.9932341575622559, 1.300070881843567, 0.5608819723129272, 0.1906575709581375, 0.3288629651069641, -0.22504334151744843, -0.40183210372924805, -0.9361245632171631, 0.7408965229988098, 0.3459681570529938, -0.853969931602478, -1.037353515625, -0.34358978271484375, 0.035703785717487335, 0.4087184965610504, -1.8041937351226807, 0.06746061146259308, 0.6059128642082214, -0.0021222885698080063, -0.7832898497581482, 0.7422038316726685, 0.2106061428785324, 0.35464999079704285, 0.615867018699646, -1.0569725036621094, 0.19471025466918945, 1.076507568359375, -0.3737342655658722, 1.4527266025543213, -0.13207243382930756, -1.521923303604126, 1.0236339569091797, 1.9188965559005737, -0.3348194360733032, -0.20035488903522491, 0.026665158569812775, 1.0777208805084229, 0.6458390355110168, 0.4194428324699402, 0.7166213989257812, 1.4494246244430542, 0.4013952910900116, 1.3901660442352295, -1.2966738939285278, 1.82310152053833, -0.3263005316257477, -0.08798381686210632, 1.4503120183944702, 0.36050334572792053, 0.15701985359191895, 1.3983163833618164, -0.38625630736351013, 0.560333788394928, -2.5186545848846436, -0.16551457345485687, -1.0934712886810303, -1.0112391710281372, 0.2239936888217926, -0.14032329618930817, -0.4202761948108673, -1.1090292930603027, 0.4654165804386139, -0.8121668100357056, 1.3411173820495605, 0.28747427463531494, 1.280479073524475, -1.79203200340271, 1.3052970170974731, -1.096415638923645, 0.3148508667945862, -0.6657015085220337, 1.1106059551239014, -1.1883221864700317, 1.136710286140442, 0.9948742985725403, -0.9124213457107544, -0.9002692699432373, 0.29975083470344543, 0.8705337643623352, -0.8617725372314453, -0.9189150333404541, -0.09022054821252823, 0.1414702981710434, -0.995459258556366, 1.1500141620635986, -0.3192102313041687, 0.07359731942415237, 1.4613524675369263, 2.147812604904175, -0.27457109093666077, 0.670468807220459, -1.0796623229980469, 1.0230134725570679, 1.763951301574707, -0.31257617473602295, 2.415807008743286, -1.0456981658935547, 1.0313314199447632, -1.6214919090270996, 0.6612197756767273, 1.4649555683135986]",yunet,Facenet,1920,1080,/home/amos/media/tv/modern_family/Modern.Family.S09.1080p.DSNP.WEB-DL.DDP5.1.H.264-CRFW/Modern.Family.S09E21.The.Escape.1080p.DSNP.WEB-DL.DDP5.1.H.264-CRFW.mkv,Modern Family,2009,1442437,9,21,Adam Devine,212604.0,0.889
1093,1056,174,1242,438,1116,276,1086,270,0.907,27888,1,"[-0.12209102511405945, -0.45980435609817505, 0.2701868414878845, 0.18007677793502808, -0.0018849121406674385, -0.4725806415081024, 0.24180658161640167, -1.740993857383728, -1.045516848564148, 0.18465487658977509, 1.1625869274139404, -0.044530175626277924, 1.7382400035858154, -0.9252258539199829, 0.5630463361740112, 1.011925458908081, 0.2648797035217285, -1.3339312076568604, -1.1326074600219727, 1.7168424129486084, 1.3984962701797485, -0.5368531346321106, 0.6732562780380249, -0.6048269271850586, 1.3987979888916016, 0.856437087059021, 0.8703705072402954, 0.5145092010498047, 0.2833947241306305, 0.0014409534633159637, 0.20199835300445557, 1.0257411003112793, 0.518299400806427, 1.0300883054733276, 0.01566922478377819, -0.006201375275850296, 1.8401029109954834, -0.3751678764820099, 0.21147266030311584, 0.7170294523239136, 0.8413859605789185, 2.8890318870544434, 0.30349311232566833, -0.31687748432159424, -1.720203161239624, -0.270803302526474, 0.15485712885856628, 1.293660283088684, -0.16017335653305054, 0.9553787708282471, -0.1409621685743332, -0.7719305753707886, -0.11669371277093887, 1.1208550930023193, 1.069840431213379, -1.5484445095062256, 0.4027741551399231, 2.429356098175049, 0.6926445364952087, -0.8112221956253052, 1.2779631614685059, -1.5802135467529297, -0.5798629522323608, 1.4375715255737305, -0.6786739826202393, -0.34163540601730347, -0.9724973440170288, 0.1400257647037506, 0.6516733765602112, -0.6971441507339478, -0.8029104471206665, -0.39177584648132324, -0.3085234761238098, 1.2979846000671387, -0.6692577004432678, 0.3206474781036377, 1.6629785299301147, 1.2804971933364868, 0.8471405506134033, -0.2786957919597626, -2.1541359424591064, -0.4514523446559906, 0.009775660932064056, 0.9576228857040405, -0.16827669739723206, 0.5196360349655151, 2.271819829940796, -1.2528743743896484, -1.6190071105957031, -0.39757195115089417, -0.8104456663131714, 0.29379960894584656, 0.8948193192481995, -0.43117016553878784, 1.5429695844650269, 0.5239344835281372, -0.28083929419517517, -1.0008511543273926, -1.9578940868377686, -1.7619097232818604, -0.1082770898938179, 0.6817272901535034, -1.5579134225845337, -0.27425089478492737, -0.6110752820968628, 0.10880769789218903, -0.26881977915763855, -1.613813877105713, 0.06694779545068741, -0.20787830650806427, 0.19989347457885742, -0.8233742117881775, 1.831045150756836, -0.07376985251903534, 0.1096305325627327, 2.0293242931365967, -1.203275203704834, -1.2688571214675903, 0.1423552930355072, 0.8817496299743652, -0.4958227276802063, -0.9500783681869507, 0.6931864023208618, -1.2243976593017578, 0.23301343619823456, -0.022694304585456848, 1.8006631135940552, 1.197871208190918]",yunet,Facenet,1920,1080,/home/amos/media/tv/modern_family/Modern.Family.S09.1080p.DSNP.WEB-DL.DDP5.1.H.264-CRFW/Modern.Family.S09E21.The.Escape.1080p.DSNP.WEB-DL.DDP5.1.H.264-CRFW.mkv,Modern Family,2009,1442437,9,21,,,
1094,1014,168,1224,456,1080,276,1038,276,0.93,27912,0,"[-0.6112936735153198, 0.611263632774353, -0.26641491055488586, 0.49760034680366516, 1.6055320501327515, -0.5943296551704407, 0.9077653884887695, -1.5879558324813843, -0.6775742173194885, 0.6899332404136658, 0.9304918050765991, -0.06946942955255508, 0.3758719563484192, -0.1712179183959961, -0.17578506469726562, -0.17302753031253815, 0.6421447992324829, -1.8326166868209839, -2.634143352508545, 0.3742983043193817, 1.4808725118637085, -0.6818275451660156, 0.9430029988288879, -0.028702758252620697, 0.7416714429855347, 0.6885067820549011, 0.4691048264503479, -0.06547881662845612, -0.3193986415863037, -0.5677813291549683, 1.477755069732666, 1.0660521984100342, 0.768504798412323, -0.23675745725631714, 1.111131191253662, -0.7592645287513733, 2.0357861518859863, -0.6276819705963135, 1.355027198791504, 0.8212671279907227, 0.40642017126083374, 2.0520236492156982, -0.2366805374622345, -1.2098063230514526, -1.1247237920761108, 0.7047222852706909, -0.4346067011356354, 1.3240394592285156, -0.7952082753181458, 2.340697765350342, -1.0066739320755005, 0.04944867640733719, 0.2563174366950989, 0.5354927778244019, 0.7540463805198669, 0.4380866587162018, 0.6384203433990479, -0.17844142019748688, 0.10039500892162323, -0.9883673191070557, 1.2326074838638306, -1.635947346687317, 0.04804452508687973, 0.9316444396972656, -1.5715503692626953, -0.07590712606906891, -1.365954041481018, 1.3023258447647095, 1.4607523679733276, -0.5559895038604736, -1.1914006471633911, 0.8845643997192383, -0.4165085256099701, 0.12487247586250305, -0.1606815755367279, -1.029323935508728, 2.1135334968566895, 0.11001129448413849, -0.3892029821872711, -0.6953625679016113, -2.2468016147613525, -0.1878289133310318, 0.10860777646303177, 0.4755721390247345, 0.20605051517486572, 1.6118178367614746, 1.6084632873535156, -1.3650145530700684, -0.46909216046333313, 0.5361893773078918, -1.6817857027053833, 0.009754117578268051, 1.4882506132125854, 0.3151834011077881, 2.718684196472168, 0.4815051555633545, 1.1327540874481201, 0.35171082615852356, -2.053783893585205, -1.486088752746582, -0.11048918962478638, 1.1999367475509644, -1.098372220993042, -0.6003429889678955, 0.15316534042358398, -0.5721182227134705, 0.11852715909481049, -0.8226088285446167, -0.00042504817247390747, 0.018773553892970085, -0.01615515537559986, 0.2809871435165405, 1.7545000314712524, 0.033114634454250336, -0.813732385635376, 2.3121092319488525, -1.1252093315124512, -0.14605069160461426, -0.31125420331954956, 0.006980935111641884, -0.815851628780365, -0.7028639316558838, 1.6507600545883179, -1.8163948059082031, -0.6609140038490295, -0.24404141306877136, 0.4808719754219055, 1.7550792694091797]",yunet,Facenet,1920,1080,/home/amos/media/tv/modern_family/Modern.Family.S09.1080p.DSNP.WEB-DL.DDP5.1.H.264-CRFW/Modern.Family.S09E21.The.Escape.1080p.DSNP.WEB-DL.DDP5.1.H.264-CRFW.mkv,Modern Family,2009,1442437,9,21,Reid Ewing,967692.0,0.639
1095,432,414,618,660,600,504,528,504,0.912,27912,1,"[-0.2433602511882782, 0.7337098121643066, 0.5262866020202637, -1.1753438711166382, 0.2321280539035797, -0.6693395972251892, 0.9385132789611816, -2.656851291656494, -1.4121229648590088, 0.6465712189674377, 0.44934600591659546, 1.0455858707427979, -0.6015656590461731, -1.5773950815200806, -0.3130519986152649, 2.3612051010131836, -0.5565284490585327, -0.4715648293495178, -1.0649669170379639, 0.0053613455966115, 0.38530096411705017, 0.723328709602356, 0.29110074043273926, -0.9805959463119507, 0.7601335048675537, 1.0640416145324707, 0.6109925508499146, 1.0190106630325317, 0.5470554232597351, 1.3892834186553955, 0.9225254058837891, 0.07760004699230194, 0.8203167915344238, -0.08331385999917984, -0.9908632636070251, 0.6805141568183899, 0.41077402234077454, -0.6006357669830322, 0.049688734114170074, -0.8618505001068115, -0.25715237855911255, 0.6133974194526672, -3.094304084777832, -0.3066747188568115, 1.01256263256073, -1.3235563039779663, -1.1888188123703003, 0.4986267387866974, 0.3840635418891907, 0.1918092668056488, 0.6401176452636719, -1.4223731756210327, 0.14702217280864716, 0.8696165680885315, -0.8000487089157104, 0.09826664626598358, -0.5076397657394409, -1.0140422582626343, -0.010262526571750641, 1.1514983177185059, 0.454988956451416, -0.86455237865448, -0.6403292417526245, -0.1974317878484726, 0.46319615840911865, -0.5623061060905457, 0.5047280788421631, 0.9590256214141846, 0.49579155445098877, 1.2939234972000122, -1.260027527809143, 1.5799548625946045, -0.2352680265903473, -1.3587334156036377, 2.3435399532318115, -0.5586441159248352, 0.4183519780635834, 1.4945640563964844, 0.9265622496604919, 0.06741197407245636, -2.829162836074829, 0.48617345094680786, -1.04945969581604, -0.5774277448654175, -0.9070501923561096, 2.0297813415527344, -0.24552762508392334, -0.9170697927474976, 0.8644745349884033, -0.0802631676197052, 1.1780240535736084, 0.4775495231151581, 1.1800397634506226, -1.1273388862609863, 2.120152711868286, -0.6021692156791687, -0.04440411180257797, -1.0018037557601929, 0.8575456738471985, -0.5403721332550049, 1.5131973028182983, 2.119765281677246, -0.7441458702087402, -1.644248366355896, 0.6587702631950378, 0.4975249767303467, -1.2688413858413696, -0.5204858779907227, -0.5008198022842407, 0.044556014239788055, -1.9768468141555786, 1.4907886981964111, -0.5947059392929077, -0.693501353263855, 1.5584489107131958, 2.590636730194092, -1.1921294927597046, 0.31888025999069214, -1.7342907190322876, 1.1045421361923218, 0.922789990901947, -0.3201291263103485, 2.1227011680603027, -0.9411810636520386, 1.2745084762573242, -1.929173231124878, 0.19249199330806732, 1.2344990968704224]",yunet,Facenet,1920,1080,/home/amos/media/tv/modern_family/Modern.Family.S09.1080p.DSNP.WEB-DL.DDP5.1.H.264-CRFW/Modern.Family.S09E21.The.Escape.1080p.DSNP.WEB-DL.DDP5.1.H.264-CRFW.mkv,Modern Family,2009,1442437,9,21,Adam Devine,212604.0,0.774
1096,1014,162,1290,516,1182,300,1062,294,0.931,27936,0,"[0.25990623235702515, -0.004642285406589508, 0.49343356490135193, 0.5495185256004333, 0.7382156252861023, -0.12317560613155365, 0.4308431148529053, -3.0201492309570312, -1.0290292501449585, 3.3756487369537354, -0.3242991864681244, 2.852963447570801, 0.7807233333587646, -0.10395146906375885, 0.5375511646270752, -0.6846760511398315, -0.26343873143196106, 0.42043375968933105, -0.6110456585884094, 0.0695979967713356, 0.7988805770874023, -0.8477187752723694, 1.0731194019317627, 0.27774137258529663, 0.4310164153575897, -0.10369264334440231, -1.0121809244155884, -1.2230886220932007, 3.3096487522125244, -0.4812275767326355, 0.9821391105651855, -2.053187131881714, -1.1935063600540161, -0.287049800157547, 1.2540282011032104, -1.2318631410598755, -1.8469446897506714, 1.2015249729156494, -0.3176823854446411, -2.0454025268554688, -0.2668452262878418, 1.7281384468078613, 0.7698714733123779, 1.9657402038574219, -2.304849147796631, -1.4554105997085571, -0.40505093336105347, 0.2604295015335083, -0.22240571677684784, 0.4941004812717438, -0.22467811405658722, 0.6858019232749939, 0.39421528577804565, 0.014895878732204437, 1.3280003070831299, -0.48586171865463257, 0.5495151281356812, 0.33670440316200256, -0.15380263328552246, 0.056406520307064056, 0.015333153307437897, -1.3317161798477173, 0.2961486577987671, -0.855790913105011, -0.18325695395469666, 1.6885747909545898, -1.4694842100143433, 1.1186871528625488, 0.3905954658985138, 1.424877643585205, -1.1775128841400146, 1.009939193725586, -0.9801433682441711, 0.2768232226371765, -0.12098932266235352, -0.4457819163799286, 0.11176927387714386, -1.761242389678955, -0.07202698290348053, -1.0098636150360107, -0.07179601490497589, -0.011354457587003708, -0.08746666461229324, 1.175502896308899, -1.0494996309280396, 0.3760664761066437, -0.6261051893234253, -0.8418306112289429, -0.05953033268451691, -0.4595368802547455, -0.581761360168457, 0.4715074300765991, 1.0490635633468628, 0.3698318302631378, 1.8662136793136597, -0.03820435702800751, 0.2729862928390503, 0.2888496518135071, 1.135962963104248, -2.826920747756958, -0.21872809529304504, 0.09175729006528854, -1.400660514831543, 1.2820185422897339, 1.3935835361480713, 0.530991792678833, 0.24623191356658936, -1.2191346883773804, 0.7022413611412048, -1.5837972164154053, 0.9971776604652405, 1.981645107269287, 0.37999433279037476, 0.09804395586252213, 0.6465864777565002, 0.4901033937931061, -1.0748066902160645, 0.11791940778493881, 0.8460452556610107, 1.0468056201934814, 0.4689691662788391, -0.7805347442626953, 0.43231117725372314, -0.9500241875648499, -0.22543619573116302, 0.6673150062561035, 1.2641178369522095, -0.40100419521331787]",yunet,Facenet,1920,1080,/home/amos/media/tv/modern_family/Modern.Family.S09.1080p.DSNP.WEB-DL.DDP5.1.H.264-CRFW/Modern.Family.S09E21.The.Escape.1080p.DSNP.WEB-DL.DDP5.1.H.264-CRFW.mkv,Modern Family,2009,1442437,9,21,Sarah Hyland,91351.0,0.609
1097,906,294,1074,516,996,384,942,390,0.925,27960,0,"[0.05537569522857666, 1.2511640787124634, 0.5845444798469543, -0.20701932907104492, 0.6769839525222778, -0.1724889576435089, 2.103790283203125, 1.0642712116241455, -0.19569149613380432, 0.39496737718582153, 2.496757745742798, -0.7403676509857178, -0.10286200791597366, 0.35724300146102905, 0.13898974657058716, -0.8829318881034851, 0.11119294166564941, -2.272169828414917, -2.3722095489501953, 0.043349992483854294, -2.0503032207489014, 0.6356486678123474, -0.8580226898193359, 2.022216558456421, -2.0647130012512207, 0.666389524936676, 0.7093067169189453, -0.3389527201652527, 1.3769373893737793, 0.7358110547065735, 1.3788098096847534, -0.8759945034980774, 0.0808626040816307, -0.9121764302253723, 0.24059025943279266, 0.00013893470168113708, -1.7079334259033203, 0.5390385985374451, 0.5962440371513367, -0.5658400058746338, -0.8715552091598511, -1.709216833114624, -1.0001280307769775, 0.18706011772155762, -0.4684901833534241, -1.3243634700775146, 0.6852673888206482, -0.8912639617919922, -0.8014736771583557, -1.0251855850219727, 2.1802995204925537, 0.7311980128288269, -0.18858540058135986, -1.314809799194336, -0.1630573719739914, 0.6347202658653259, 0.7872026562690735, -0.29436421394348145, -0.20802628993988037, -0.7070575952529907, -1.5190513134002686, -0.2432597428560257, 1.8561885356903076, -1.1618403196334839, 0.547173023223877, -0.28595811128616333, -1.6303938627243042, 1.8116748332977295, -0.6407330632209778, 1.4990055561065674, -0.5187073349952698, 0.1913107931613922, -0.8261809945106506, -0.29132282733917236, -1.1632521152496338, 1.4275734424591064, -1.6740914583206177, -1.1451776027679443, -0.7629686594009399, 0.09660542011260986, 0.8055344223976135, 1.1458652019500732, -0.4774438738822937, -0.5456393361091614, -0.07819642871618271, 0.4628673493862152, -0.6250423192977905, 0.8781533241271973, 0.12484435737133026, -1.9212803840637207, 0.1596846729516983, -0.45027807354927063, 1.2124321460723877, 0.8875291347503662, 0.777678370475769, -0.6240360140800476, 0.47548800706863403, 0.4501371383666992, 1.7560069561004639, -0.9123200178146362, -1.0877717733383179, -0.40345290303230286, -0.37428662180900574, 1.3862993717193604, -0.6017023921012878, 0.7879393696784973, 0.2942880690097809, 0.2739401161670685, 0.877231776714325, 0.7146812081336975, -0.04066607356071472, 0.07928353548049927, 0.7558026313781738, -0.602907121181488, -0.3205294609069824, 0.5378363132476807, 0.6043993234634399, -1.3956060409545898, 0.1084137111902237, 0.03700239211320877, -0.21554459631443024, 2.3129324913024902, 0.008633028715848923, -1.8892089128494263, -0.5697188377380371, 1.5020257234573364, -1.3947014808654785, -1.5321118831634521]",yunet,Facenet,1920,1080,/home/amos/media/tv/modern_family/Modern.Family.S09.1080p.DSNP.WEB-DL.DDP5.1.H.264-CRFW/Modern.Family.S09E21.The.Escape.1080p.DSNP.WEB-DL.DDP5.1.H.264-CRFW.mkv,Modern Family,2009,1442437,9,21,Jessica McKenna,1320260.0,0.613
1098,810,222,1020,516,930,342,834,348,0.934,27984,0,"[-0.01808619499206543, 0.584290623664856, 1.5192986726760864, -0.8170608878135681, 0.7969954013824463, 0.11237601190805435, 2.481537342071533, 1.587489366531372, -0.761268675327301, 0.752761960029602, 1.7776795625686646, -1.0527710914611816, 0.1397298276424408, 0.806745171546936, -0.4840935170650482, 0.7369149923324585, -0.133245587348938, -3.4193689823150635, -2.022878646850586, -0.005160323344171047, -1.3805619478225708, 1.1866073608398438, -1.5849778652191162, 1.2747161388397217, -1.7087246179580688, 1.5334492921829224, 1.5632764101028442, 0.22063997387886047, 1.1825121641159058, 1.1759103536605835, 0.8145279884338379, 0.13859540224075317, 0.6538466215133667, -0.7316274046897888, 0.4748419225215912, -0.3148767054080963, -1.5227512121200562, 0.6449589133262634, 1.3945565223693848, -0.3224628269672394, -1.5937703847885132, -1.1078968048095703, -1.4372965097427368, -0.4276743233203888, -0.548953115940094, -1.3319311141967773, -0.7386638522148132, 0.10244914889335632, -0.23749303817749023, -0.7056682109832764, 1.9871344566345215, 1.2252119779586792, 0.5125937461853027, -1.1948201656341553, 0.07780563831329346, -0.11434904485940933, 0.7159535884857178, -1.116411566734314, 0.3103512227535248, 0.27576932311058044, -2.3550021648406982, 0.5020663738250732, 1.0127812623977661, -0.3850835859775543, 0.14625301957130432, -0.7882977724075317, -1.2133712768554688, 1.492650032043457, -0.022061757743358612, 2.1654751300811768, -0.5177186727523804, 0.16063633561134338, -0.9549208283424377, 0.10090887546539307, -0.7323192358016968, 1.5624133348464966, -1.7884260416030884, -0.6945280432701111, 0.22849488258361816, 0.3962336778640747, 0.7934148907661438, 0.6056965589523315, -1.015805959701538, -0.9505489468574524, 0.9351713061332703, 0.0013072267174720764, -0.2609492540359497, 0.5129125714302063, -0.3605611026287079, -1.4522883892059326, 0.00965043157339096, 0.905841052532196, 0.973811149597168, 0.4298829436302185, 0.9251530766487122, 0.22546376287937164, 0.19820554554462433, 0.4425521492958069, 1.2800705432891846, -1.1788562536239624, -0.2969788908958435, -1.2526211738586426, -1.629921793937683, 0.6059498190879822, -0.977358341217041, 0.8974117636680603, -0.06478528678417206, -0.6583003997802734, 0.19444502890110016, 1.253132700920105, 0.472911536693573, -0.8479502201080322, 0.32306113839149475, -0.592823326587677, 0.22580933570861816, 0.892287015914917, 0.6394437551498413, -0.9773337841033936, -0.2439998984336853, -0.042920757085084915, 1.2195632457733154, 1.191994309425354, -0.4758325219154358, -1.2637168169021606, -0.17379440367221832, 1.0834378004074097, -0.5853590369224548, -1.243007779121399]",yunet,Facenet,1920,1080,/home/amos/media/tv/modern_family/Modern.Family.S09.1080p.DSNP.WEB-DL.DDP5.1.H.264-CRFW/Modern.Family.S09E21.The.Escape.1080p.DSNP.WEB-DL.DDP5.1.H.264-CRFW.mkv,Modern Family,2009,1442437,9,21,Jessica McKenna,1320260.0,0.699
1099,912,204,1092,474,978,312,942,312,0.928,28008,0,"[-0.8595470190048218, 0.7808305025100708, 1.234722375869751, -1.1704628467559814, -0.4102867841720581, -0.9202527403831482, 1.1658779382705688, 1.4676302671432495, -0.2684614956378937, 0.8395926356315613, 2.493438243865967, -1.4061788320541382, -0.17899763584136963, -0.07627522945404053, -1.274725079536438, 0.5912283658981323, 0.02209332212805748, -2.875532388687134, -2.019195795059204, 0.3370705544948578, -1.1024259328842163, 1.164806842803955, -0.9537055492401123, 2.293593406677246, -1.8600022792816162, 1.5527641773223877, 1.9468449354171753, 0.5460532307624817, 1.140006184577942, 0.5023435950279236, -0.06074301153421402, 0.08060907572507858, 0.9955568909645081, -0.3943329155445099, 0.4009881913661957, 0.24770155549049377, -1.5589224100112915, -0.18842315673828125, 1.6087350845336914, -1.6096713542938232, -1.7658199071884155, -1.669490933418274, -2.4146554470062256, -0.5073179006576538, 0.11300083994865417, -1.12789785861969, 0.1141895055770874, -0.9989495277404785, -0.7510772347450256, -0.658338189125061, 1.5262162685394287, -0.10803467035293579, 0.21721255779266357, -1.252315878868103, -0.5959768891334534, -0.06048676371574402, 1.736594319343567, -1.0987309217453003, -0.6622555255889893, -0.5949042439460754, -1.9633923768997192, 0.7540955543518066, 1.0587438344955444, -0.4484155774116516, 0.06802380084991455, 0.4588749408721924, -0.3782769739627838, 0.5327746272087097, 0.9989265203475952, 1.7225801944732666, -0.658720076084137, -0.2554665207862854, -1.1082531213760376, 0.12009148299694061, -0.4253060817718506, 1.1004273891448975, -2.003223180770874, -0.8986714482307434, 1.637199878692627, -0.07258278131484985, 1.0821049213409424, -0.06099742650985718, -0.2136092483997345, -0.9600950479507446, 1.8511263132095337, 1.3519035577774048, 0.054068002849817276, 1.9741017818450928, -0.3910856246948242, -0.4577532112598419, 0.685086190700531, 0.809939980506897, 1.0955785512924194, 1.4879462718963623, 1.2611790895462036, 0.31281423568725586, 0.3333953619003296, 0.7262691259384155, 0.3035331070423126, -1.504659652709961, -0.8612808585166931, -0.7916203737258911, 0.11772548407316208, 0.8424257040023804, -0.18792380392551422, 1.0247700214385986, -6.96396455168724e-05, 0.9838833808898926, -0.6170464754104614, 1.2761708498001099, 0.7358999252319336, -1.1113677024841309, -0.277616024017334, 0.47865891456604004, -0.7570462226867676, 1.1291835308074951, 0.7414480447769165, -1.3801418542861938, 0.21540117263793945, -0.22210407257080078, 0.41263365745544434, 1.831368327140808, -1.2968595027923584, -1.3911961317062378, 0.542595624923706, -0.034276366233825684, -0.55052649974823, -1.7792388200759888]",yunet,Facenet,1920,1080,/home/amos/media/tv/modern_family/Modern.Family.S09.1080p.DSNP.WEB-DL.DDP5.1.H.264-CRFW/Modern.Family.S09E21.The.Escape.1080p.DSNP.WEB-DL.DDP5.1.H.264-CRFW.mkv,Modern Family,2009,1442437,9,21,Jessica McKenna,1320260.0,0.565
1100,654,270,786,450,744,348,684,348,0.918,28008,1,"[0.24334248900413513, -0.9849642515182495, -1.283845067024231, -0.20925556123256683, -0.66080242395401, 0.6229650378227234, 0.5429432392120361, 0.5039859414100647, 1.218676209449768, -0.7507908940315247, 0.5988183617591858, -0.5757920742034912, -0.8263824582099915, 0.4103354513645172, -0.3090892434120178, -0.8180440068244934, -0.8162558078765869, 0.528777539730072, 0.4060429334640503, -0.30159154534339905, 0.29094967246055603, -1.5746368169784546, -0.17403137683868408, -1.6681313514709473, 0.1275390237569809, 0.38888952136039734, 1.8326727151870728, -1.6622215509414673, -0.9316833019256592, -0.778805136680603, -1.1393378973007202, 1.7299160957336426, -0.7398473620414734, 0.19964152574539185, -0.7703155279159546, 1.3169137239456177, -0.8935515284538269, -0.3740423023700714, 1.157799243927002, -1.6625254154205322, 1.0348759889602661, 1.7667357921600342, -1.4444149732589722, -1.8593279123306274, 0.7826737761497498, -1.1549780368804932, 0.011018510907888412, 1.1864700317382812, 0.5107110142707825, -0.22684413194656372, -0.5704076886177063, 0.41280028223991394, -0.43455687165260315, 1.2297283411026, 1.5574641227722168, -0.9700968265533447, 1.2852375507354736, 2.6864163875579834, -0.3520983159542084, -0.8679681420326233, -0.1272834837436676, -0.6733641624450684, 1.0880783796310425, 2.0929839611053467, 2.9256389141082764, 0.6622480750083923, 0.3441888988018036, 0.04326668754220009, -0.4654088616371155, -0.06724078208208084, -0.3250705897808075, 1.4817510843276978, -2.1800968647003174, 2.12453556060791, -1.0307739973068237, -1.5441856384277344, -2.378476858139038, 0.3221142888069153, 0.19750836491584778, -0.06771594285964966, -1.4537904262542725, -0.12631388008594513, 1.9869965314865112, -0.9260678291320801, -0.7981904149055481, 0.3013889789581299, 0.18173706531524658, 0.22178511321544647, -1.7599742412567139, -1.7218645811080933, 0.46415844559669495, 0.8623440265655518, -0.2528040409088135, 1.1252353191375732, -0.5579849481582642, 1.2459102869033813, -1.7785722017288208, -0.36594250798225403, 0.5600084066390991, 0.7530077695846558, -2.2791836261749268, 0.34657344222068787, -0.4695011377334595, 0.17106017470359802, 0.11808683723211288, 0.5213091373443604, -1.0398393869400024, 1.0721412897109985, -0.07370693981647491, -0.629317045211792, -0.28839075565338135, -1.375486969947815, 0.4534895718097687, 0.2929489314556122, -0.5632501244544983, 2.532233953475952, 0.5330384969711304, 0.24773067235946655, 0.3539111912250519, 0.691542387008667, -1.5924614667892456, 1.755630612373352, 1.1015210151672363, -1.2588132619857788, -1.0262947082519531, 0.47463569045066833, -0.32973793148994446, -2.230912208557129]",yunet,Facenet,1920,1080,/home/amos/media/tv/modern_family/Modern.Family.S09.1080p.DSNP.WEB-DL.DDP5.1.H.264-CRFW/Modern.Family.S09E21.The.Escape.1080p.DSNP.WEB-DL.DDP5.1.H.264-CRFW.mkv,Modern Family,2009,1442437,9,21,Chris Geere,62879.0,0.724
1101,726,240,864,426,810,312,750,312,0.914,28032,0,"[0.5120447874069214, -1.4996410608291626, -1.4583157300949097, -0.24757927656173706, -0.48592761158943176, 0.5719510316848755, 0.693065881729126, 0.13134178519248962, 0.20246464014053345, -0.2653427720069885, 1.122930884361267, -0.8778637647628784, -0.7182894349098206, 0.5611916780471802, -0.10750363767147064, -0.9572570323944092, -0.8625242710113525, 0.6278452277183533, 0.6094528436660767, -0.27217385172843933, 0.2676323652267456, -1.140223741531372, -0.30856388807296753, -2.050823211669922, 0.2209211140871048, 0.6409969329833984, 1.8281137943267822, -1.9247881174087524, -0.0487334281206131, -0.24531111121177673, -0.44255349040031433, 2.227543354034424, -0.4415905773639679, 0.29849743843078613, -1.0459215641021729, 0.9275373816490173, -0.5153810381889343, 0.34031692147254944, 1.237137794494629, -2.003047227859497, 1.2161357402801514, 2.0852952003479004, -0.8965587615966797, -2.5825986862182617, 0.1214662715792656, -1.5902867317199707, -0.07258893549442291, 1.0028038024902344, 0.9724648594856262, -0.10729847848415375, -0.12859615683555603, 0.53725665807724, -0.5439772009849548, 1.3566656112670898, 1.4518741369247437, -1.1022754907608032, 0.4178250730037689, 2.197390079498291, -0.4144495725631714, -0.605921745300293, 0.15287479758262634, -1.0179444551467896, 1.1122796535491943, 2.213554620742798, 2.7410600185394287, 0.8345789313316345, 0.2750079333782196, 0.9638548493385315, -0.6166179180145264, 0.9011452198028564, -0.2143082171678543, 1.4725440740585327, -1.8169348239898682, 2.0808324813842773, -0.4153292179107666, -1.0097154378890991, -1.8021786212921143, 0.09391710162162781, -0.3005557060241699, 0.41706550121307373, -2.0621681213378906, 0.8279763460159302, 1.3538774251937866, -0.3425068259239197, -0.7085703015327454, 0.8884797096252441, -0.1901913434267044, -0.07075482606887817, -1.8187187910079956, -1.8839848041534424, 0.4960726201534271, 1.4790812730789185, 0.30056455731391907, 1.2979110479354858, -0.14306427538394928, 0.7162901759147644, -1.688560128211975, 0.531716525554657, 0.836262047290802, -0.23897770047187805, -2.0279781818389893, -0.312649667263031, -0.17109858989715576, 0.09355424344539642, 0.5150920152664185, 1.0312751531600952, -0.7634460926055908, 1.0057910680770874, -0.2321900725364685, -0.640325129032135, -0.29940634965896606, -1.2660897970199585, -0.06353755295276642, -0.05404547601938248, 0.0613807737827301, 2.140092611312866, 0.05679720640182495, 0.03019985556602478, 0.030061431229114532, 1.2313112020492554, -1.4823075532913208, 1.8424021005630493, 1.3219330310821533, -0.7225819230079651, -1.1708295345306396, 0.7014018893241882, -0.9265850782394409, -1.257404088973999]",yunet,Facenet,1920,1080,/home/amos/media/tv/modern_family/Modern.Family.S09.1080p.DSNP.WEB-DL.DDP5.1.H.264-CRFW/Modern.Family.S09E21.The.Escape.1080p.DSNP.WEB-DL.DDP5.1.H.264-CRFW.mkv,Modern Family,2009,1442437,9,21,Chris Geere,62879.0,0.709
1102,834,222,978,420,930,306,864,306,0.931,28056,0,"[0.28269535303115845, -1.0935540199279785, -1.5426952838897705, -0.3729117810726166, -0.7544630765914917, 0.8871951699256897, 0.3693636953830719, 0.4627698063850403, 0.6933982372283936, 0.5426329970359802, 1.108479619026184, -1.13059663772583, -1.009319543838501, 0.3525336980819702, 0.007287316024303436, -1.0132434368133545, -1.2924715280532837, 0.2541382312774658, 0.8891192078590393, -0.3231343626976013, 0.27447712421417236, -1.0519195795059204, -0.2349623441696167, -2.151961088180542, 0.8529669046401978, 1.1814296245574951, 1.8719655275344849, -2.2307658195495605, 0.10426303744316101, -0.4390175938606262, -0.17756982147693634, 1.8347105979919434, -0.295409232378006, -0.00019987672567367554, -0.5770719051361084, 0.9536944031715393, -0.32118263840675354, 0.8293719291687012, 1.9293372631072998, -1.4781899452209473, 1.4672104120254517, 1.9279266595840454, -0.8762116432189941, -2.2602851390838623, 0.3565591871738434, -0.6448658108711243, -0.20409511029720306, 0.7279778718948364, 0.750021755695343, -0.36049884557724, -1.101932168006897, 1.2716530561447144, -0.9012667536735535, 1.908695936203003, 0.8605778217315674, -2.11458158493042, 0.015600817278027534, 2.648324728012085, -0.4602660536766052, -1.4947426319122314, 1.1200281381607056, -1.4294556379318237, 0.5992119312286377, 1.2228221893310547, 2.146836280822754, 0.803755521774292, -0.3364497125148773, 0.8083311915397644, -0.5431600213050842, 0.17443430423736572, -0.2682381272315979, 0.4058454930782318, -1.6919196844100952, 1.3623732328414917, -0.193763867020607, -1.0783369541168213, -0.9987339973449707, 0.9135175347328186, 0.22356069087982178, 1.2071086168289185, -1.5143344402313232, 0.01128396112471819, 1.591133952140808, -0.5439435839653015, -1.3881276845932007, 1.1594024896621704, -0.6101713180541992, 0.25695371627807617, -2.004713296890259, -1.7653354406356812, 0.3363824486732483, 0.6779579520225525, 0.5810245275497437, 0.9420533776283264, -0.07355974614620209, 1.022947072982788, -2.185483932495117, 0.9190888404846191, -0.05399357154965401, -0.18940499424934387, -2.4759066104888916, 0.4450750946998596, -0.09337808191776276, 0.3486241400241852, -0.04635443165898323, 1.633155107498169, -0.49897265434265137, 1.2047613859176636, -0.566832959651947, 0.06385908275842667, -0.3370627164840698, -1.4771264791488647, -0.00677412748336792, -0.8238884806632996, -0.066206194460392, 2.52624773979187, -0.8932467699050903, -0.887137770652771, 0.3964473605155945, 0.6261811852455139, -2.023240089416504, 1.541161298751831, 0.9225452542304993, -0.33699721097946167, -0.6095306873321533, 0.2269514799118042, -0.27752846479415894, -0.014235876500606537]",yunet,Facenet,1920,1080,/home/amos/media/tv/modern_family/Modern.Family.S09.1080p.DSNP.WEB-DL.DDP5.1.H.264-CRFW/Modern.Family.S09E21.The.Escape.1080p.DSNP.WEB-DL.DDP5.1.H.264-CRFW.mkv,Modern Family,2009,1442437,9,21,Chris Geere,62879.0,0.677
1103,906,210,1158,540,1116,330,996,330,0.917,28080,0,"[0.26950231194496155, -1.6819913387298584, 0.4486638009548187, 1.254223108291626, 1.4018903970718384, 0.37446412444114685, 0.009190481156110764, -1.1842036247253418, -0.4120104908943176, 3.244532585144043, -1.6624870300292969, 2.0072343349456787, 0.22826863825321198, 0.3789796829223633, -0.5771619081497192, -0.13118448853492737, 0.2504933476448059, -1.3138312101364136, -1.0335719585418701, 0.05425001680850983, 0.5758559703826904, -1.0857564210891724, 1.0586028099060059, -1.1244282722473145, 0.47734013199806213, -0.02269700914621353, 0.8794126510620117, -0.35969725251197815, 1.5832644701004028, 0.3813745379447937, -0.41222384572029114, -1.5041499137878418, -0.9584775567054749, -1.7450475692749023, 1.5519649982452393, -0.41397130489349365, -1.5486451387405396, 0.66609787940979, -0.703276515007019, -1.0097442865371704, 0.1338948756456375, 0.7428783774375916, -0.5774427652359009, 2.3572418689727783, 0.013330230489373207, -1.3196182250976562, -0.41885635256767273, 0.8929554224014282, -0.29265162348747253, 0.555637001991272, -2.05436635017395, 1.5075055360794067, 0.4735901355743408, -1.2208046913146973, 0.9618322253227234, -0.26049554347991943, 1.675776720046997, 0.6710700392723083, 1.3602789640426636, 0.03793971985578537, -0.203224778175354, -0.4835461378097534, 0.5725386738777161, -0.5067530870437622, -1.5816148519515991, 2.034583330154419, -1.1221177577972412, 0.7308698296546936, 0.43209701776504517, 0.7658212184906006, -1.3766855001449585, 0.12314337491989136, -1.2606754302978516, 0.06524351239204407, 0.9430205225944519, -0.9459556937217712, -0.07874953746795654, -0.9395107626914978, 0.23343387246131897, -0.6782121658325195, -0.40294790267944336, -1.0983068943023682, 0.6882726550102234, 0.6710011959075928, -0.19934892654418945, -0.9127720594406128, -0.6622418761253357, -0.9639657735824585, 0.42939600348472595, -0.5064497590065002, -1.568298578262329, -0.3987886905670166, 0.194078266620636, -0.09294365346431732, 1.144289255142212, 0.344265878200531, 0.3774537444114685, -0.6871402263641357, -0.5015487670898438, -0.6055649518966675, -0.03194171190261841, 0.5833845138549805, -2.3001761436462402, 0.5073674917221069, 1.320725917816162, 0.2816762924194336, 1.0706595182418823, -1.4749749898910522, 1.0010586977005005, 0.3421703279018402, 1.5793960094451904, 1.7718398571014404, 0.8987201452255249, 0.5312181115150452, -0.06250743567943573, 0.5110011100769043, -1.156030297279358, 0.6161653995513916, -0.07974698394536972, -0.9609007835388184, 2.789055585861206, -1.0007580518722534, -0.675237774848938, -1.2480003833770752, -0.0720357894897461, -0.2622992992401123, 1.752968430519104, -0.3826327323913574]",yunet,Facenet,1920,1080,/home/amos/media/tv/modern_family/Modern.Family.S09.1080p.DSNP.WEB-DL.DDP5.1.H.264-CRFW/Modern.Family.S09E21.The.Escape.1080p.DSNP.WEB-DL.DDP5.1.H.264-CRFW.mkv,Modern Family,2009,1442437,9,21,Sarah Hyland,91351.0,0.721
1104,846,150,1098,474,1038,288,918,288,0.917,28104,0,"[-0.13097475469112396, -1.4907164573669434, 0.7833480834960938, 1.8834718465805054, 2.023843288421631, -0.28100839257240295, 0.9241254925727844, -1.2443573474884033, -1.320328712463379, 2.641824722290039, -0.7912386655807495, 0.8670231699943542, 0.07921567559242249, 0.1751716434955597, 0.24896787106990814, -0.7402056455612183, -0.17680367827415466, -0.7440219521522522, -1.512437343597412, 0.2273700088262558, -0.3083677291870117, -1.087584137916565, 1.4925700426101685, -0.2536327838897705, 0.49035394191741943, 0.7347663640975952, 1.3141603469848633, -0.6412438750267029, 2.636301279067993, 0.4724265933036804, 0.3823312222957611, -1.3167542219161987, -1.0364155769348145, -1.0508530139923096, 0.9974208474159241, -1.020796537399292, -0.6472769379615784, 0.999132513999939, -0.3678039014339447, -0.864189863204956, -0.47818538546562195, 0.18676957488059998, 0.056996122002601624, 2.3937149047851562, -0.5215489864349365, -0.6712445020675659, -0.14841851592063904, 0.7175666093826294, 0.008306853473186493, 0.5136371850967407, -1.4729111194610596, 1.9364447593688965, 0.7583922743797302, 0.34811222553253174, 0.533107578754425, 0.21354101598262787, 0.7444693446159363, 1.2363314628601074, 0.8992440104484558, 0.9276356101036072, -0.6477646231651306, -0.8989314436912537, 0.6863247752189636, -0.28138312697410583, -1.5265679359436035, 2.0836939811706543, -1.7234662771224976, 0.9217461347579956, 0.521076500415802, 1.2141469717025757, -1.2178386449813843, -0.5336687564849854, -0.9930494427680969, 0.5513248443603516, 0.25678035616874695, -0.47468551993370056, -0.3346700072288513, -1.0222879648208618, -0.4560849666595459, 0.027905330061912537, -0.34916940331459045, -0.4458000659942627, 0.6480122208595276, 1.0211313962936401, -0.3816346228122711, 0.061845481395721436, -0.6752283573150635, -0.9391803741455078, 0.3289158344268799, -1.338539719581604, -1.4772738218307495, -0.11837614327669144, 0.09555087983608246, -0.7700649499893188, 1.0220203399658203, 0.6128445863723755, -0.43221503496170044, -1.6436042785644531, 0.13004374504089355, -1.686651587486267, -1.1345850229263306, 0.5567355155944824, -1.5721062421798706, 1.1767956018447876, 1.192660927772522, 0.5594527125358582, 0.9227391481399536, -1.9322412014007568, 1.3954694271087646, -0.6404671669006348, 0.9624239206314087, 1.0458654165267944, 0.580398678779602, -0.0691082775592804, 0.5268857479095459, 0.610388994216919, -1.4608906507492065, 0.2556430995464325, -0.035933926701545715, -0.5760261416435242, 2.2241337299346924, -1.3460659980773926, -0.17235524952411652, -1.5111452341079712, -1.360243320465088, 1.0000783205032349, 2.2363247871398926, 0.19816462695598602]",yunet,Facenet,1920,1080,/home/amos/media/tv/modern_family/Modern.Family.S09.1080p.DSNP.WEB-DL.DDP5.1.H.264-CRFW/Modern.Family.S09E21.The.Escape.1080p.DSNP.WEB-DL.DDP5.1.H.264-CRFW.mkv,Modern Family,2009,1442437,9,21,Sarah Hyland,91351.0,0.758
1105,468,180,618,384,588,258,516,258,0.928,28128,0,"[0.5268601179122925, 0.010795846581459045, -0.7300347685813904, 0.5547308325767517, 0.24858416616916656, -1.0274726152420044, 0.68961501121521, -1.4584107398986816, -0.26021817326545715, 0.7463622689247131, -0.7598064541816711, -0.7817690372467041, 0.538378894329071, -0.05605827271938324, -0.38982853293418884, -0.41901880502700806, -0.642019510269165, -1.4837223291397095, -0.5784839391708374, -0.26673024892807007, 1.001452922821045, 0.6834918856620789, 0.6593233346939087, 1.062157154083252, 1.5838266611099243, 1.29337739944458, 1.068668246269226, -0.5077555775642395, 2.4433140754699707, -1.2281984090805054, 0.35985779762268066, 1.262776255607605, 1.0283454656600952, -0.12125574052333832, 0.7089082598686218, -0.9471292495727539, 0.24493643641471863, -0.156924307346344, 1.0397963523864746, -0.40666788816452026, 1.1767014265060425, 2.3497650623321533, 0.8102453947067261, -1.066506028175354, -0.6685451865196228, 1.5857658386230469, -0.38497641682624817, -0.12835578620433807, -1.2975585460662842, 1.6830387115478516, -1.7071287631988525, -0.29827961325645447, 0.08154492825269699, 0.9969302415847778, -0.12313961982727051, 0.053927838802337646, -0.6802288293838501, 1.0656607151031494, 0.4141923487186432, -1.440861701965332, 1.122615098953247, -2.423570394515991, -0.02920161560177803, 0.41841840744018555, -2.502516269683838, 0.9765931367874146, -0.7167307734489441, 0.22611013054847717, 1.9250198602676392, -0.9630786180496216, -0.9169865250587463, 0.14656850695610046, -0.2374110221862793, 0.12714789807796478, -1.7875795364379883, -1.790947675704956, 2.161363124847412, 0.35942232608795166, 1.1673340797424316, -0.6266261339187622, -0.8087097406387329, -0.42538321018218994, 0.9622920751571655, 0.4944320619106293, -0.28712624311447144, -0.07836946845054626, 2.1633284091949463, -1.7530006170272827, -0.3254474699497223, -0.2953225374221802, -0.912587583065033, 0.04928820580244064, 0.40605443716049194, 0.5249054431915283, 1.7697089910507202, -0.9226223826408386, -0.21656104922294617, -0.2056860625743866, -1.8775873184204102, -1.5666121244430542, -1.384992003440857, 1.6205905675888062, 0.9181575179100037, 1.5175551176071167, -0.030117928981781006, 0.5279619097709656, 0.41860324144363403, -0.37167081236839294, -1.8961732387542725, 0.17665201425552368, 1.6977804899215698, -0.5784025192260742, 1.0283610820770264, 1.5012032985687256, -0.7311438918113708, 1.7972044944763184, -0.7495512962341309, -0.620515763759613, -0.322171688079834, -0.4286024570465088, -0.804031252861023, 1.211427092552185, 0.7419708371162415, -0.13889065384864807, -0.6365599036216736, 0.41237661242485046, 1.1881760358810425, 1.0301625728607178]",yunet,Facenet,1920,1080,/home/amos/media/tv/modern_family/Modern.Family.S09.1080p.DSNP.WEB-DL.DDP5.1.H.264-CRFW/Modern.Family.S09E21.The.Escape.1080p.DSNP.WEB-DL.DDP5.1.H.264-CRFW.mkv,Modern Family,2009,1442437,9,21,Reid Ewing,967692.0,0.775
1106,924,210,1098,450,996,318,954,318,0.913,28128,1,"[0.07188238203525543, -2.883908271789551, -0.3432095944881439, -1.2693352699279785, 0.5628005266189575, 0.4519096910953522, -0.8342642784118652, 0.6720198392868042, 1.0425070524215698, -0.3671558201313019, -0.23784691095352173, 0.2356065958738327, -0.2862483263015747, -0.15387392044067383, -0.4401302635669708, -0.7003940343856812, -0.678375244140625, -0.3347548246383667, 1.1938879489898682, -1.3210097551345825, 0.7956138849258423, -1.7286070585250854, -0.42835789918899536, -1.3097660541534424, -0.3380596339702606, -0.22843793034553528, 0.6507008075714111, -0.5513445734977722, -0.5668875575065613, 0.3231377899646759, -0.48579373955726624, 1.6764812469482422, -0.08774896711111069, -0.035041216760873795, -1.154779076576233, 1.2146614789962769, -0.4201226532459259, -0.6225529909133911, 0.26901641488075256, -0.8279944658279419, 2.2757761478424072, 0.5475581288337708, -1.300000548362732, -1.4557085037231445, 0.5974274277687073, -0.7899795174598694, 1.0096865892410278, 1.4128297567367554, -0.3170502483844757, -0.17722032964229584, -1.272513508796692, 0.5830062031745911, -1.929251790046692, 0.43878018856048584, 1.1513645648956299, -1.2146496772766113, 0.10570697486400604, 2.022149085998535, 0.3930695056915283, 0.17037156224250793, 0.6564577221870422, -2.715597152709961, 0.6869699954986572, 1.1992287635803223, 1.4895015954971313, 0.30757391452789307, -0.29762616753578186, 0.7332283854484558, -0.6378207206726074, -1.0504615306854248, -0.5162643790245056, -0.15246093273162842, -1.2352415323257446, 1.9425910711288452, 0.6378191113471985, -1.1983234882354736, -0.8232913017272949, 0.9114264249801636, -0.1577119082212448, 0.37794095277786255, -2.7158851623535156, -0.3565254807472229, 1.508131980895996, -1.2292141914367676, -1.8688628673553467, -0.21251873672008514, 0.2925010323524475, 0.02067408710718155, -0.9213052988052368, -0.39589452743530273, -0.325786828994751, -0.025736890733242035, -0.05416078865528107, -0.6582987904548645, 1.1958986520767212, 0.5279989838600159, -1.7169609069824219, 0.4071635603904724, -0.499467670917511, 1.2496064901351929, -1.0189591646194458, 0.3808062970638275, -0.6260656118392944, -0.2060375064611435, -0.5832040309906006, 0.5759447813034058, 0.1838037669658661, 0.021037697792053223, 0.3812605142593384, -0.6876645684242249, -0.5973564982414246, -1.1599397659301758, 0.5059654712677002, -1.2691571712493896, 0.752410888671875, 0.964495062828064, 1.1559466123580933, 0.12188617885112762, -0.24273115396499634, -0.18762485682964325, -1.7417371273040771, 1.5212315320968628, 1.038678526878357, -0.11114206165075302, -0.4732206463813782, 0.42474690079689026, -0.8348500728607178, 0.41498762369155884]",yunet,Facenet,1920,1080,/home/amos/media/tv/modern_family/Modern.Family.S09.1080p.DSNP.WEB-DL.DDP5.1.H.264-CRFW/Modern.Family.S09E21.The.Escape.1080p.DSNP.WEB-DL.DDP5.1.H.264-CRFW.mkv,Modern Family,2009,1442437,9,21,Chris Geere,62879.0,0.613
1107,0,396,162,612,144,480,66,480,0.906,28128,2,"[0.0973762646317482, 1.6365190744400024, 0.8686503767967224, -0.5359652638435364, -0.43607842922210693, 0.027206676080822945, 0.4472067356109619, -2.071143865585327, -0.21289131045341492, -0.10832981765270233, 0.2286076545715332, 1.2003122568130493, -1.8721835613250732, -0.9865062236785889, -0.16590788960456848, 1.9843089580535889, -0.812598705291748, -0.4494308829307556, -1.5078132152557373, -0.7599587440490723, 0.3877418041229248, 0.5522644519805908, -0.5867797136306763, -0.7436984777450562, 1.0884203910827637, 1.1516729593276978, 0.11276513338088989, 1.5149368047714233, 0.8508027791976929, 0.7540447115898132, -0.10868135094642639, 0.5481217503547668, -0.717302680015564, -0.0906226709485054, -0.43654072284698486, 0.4966878890991211, -0.08187269419431686, -1.2130248546600342, -0.45277392864227295, 0.2400781512260437, -0.024607526138424873, 0.08240386843681335, -1.9070523977279663, -0.5750082731246948, 0.8038305044174194, -0.32438012957572937, -0.7660083770751953, 0.38860973715782166, 0.12644289433956146, 0.36945879459381104, 0.10650558769702911, -1.3541804552078247, 1.018041729927063, 1.220400333404541, -0.5890589356422424, 0.5669160485267639, 0.1452624350786209, -0.8790664076805115, 0.2127891331911087, 1.1679654121398926, -0.3243134021759033, -0.7240798473358154, 0.05206237733364105, 0.5481911301612854, 1.1827881336212158, 0.021921180188655853, 0.8869596719741821, 1.4385994672775269, 0.08935920149087906, 0.8132514953613281, -0.453543096780777, 1.8206430673599243, 0.17334383726119995, -0.3900437355041504, 1.4819399118423462, -0.7515171766281128, 1.0619169473648071, 2.0255985260009766, 0.0880296602845192, 0.6325416564941406, -2.392936944961548, -0.9090455770492554, -0.9587827324867249, -1.4913612604141235, -0.7615611553192139, 0.19636180996894836, -0.7756941318511963, -1.427377462387085, 0.9242252111434937, -0.6295854449272156, 1.6206508874893188, -0.6959298253059387, 1.1853747367858887, -1.780488133430481, 1.6225967407226562, -0.33942633867263794, -0.27921101450920105, 0.23570212721824646, 0.8266931772232056, -0.6152556538581848, 1.0532605648040771, 1.5625473260879517, -0.5779125690460205, -0.7219418287277222, 0.3617348372936249, 0.5662989616394043, -1.5478955507278442, -0.7392222881317139, -0.5748566389083862, 0.5556440353393555, -0.8168333172798157, 1.5287967920303345, 0.035388845950365067, -0.330188125371933, 1.3187159299850464, 2.0281565189361572, -0.46446335315704346, 1.001237392425537, -0.8580200672149658, 1.128843903541565, 0.8217896223068237, -0.8110352754592896, 2.7764344215393066, -0.9446429014205933, 1.0108238458633423, -0.9919134974479675, 0.6470566987991333, 1.7550301551818848]",yunet,Facenet,1920,1080,/home/amos/media/tv/modern_family/Modern.Family.S09.1080p.DSNP.WEB-DL.DDP5.1.H.264-CRFW/Modern.Family.S09E21.The.Escape.1080p.DSNP.WEB-DL.DDP5.1.H.264-CRFW.mkv,Modern Family,2009,1442437,9,21,Adam Devine,212604.0,0.806
1108,294,390,438,582,408,462,342,456,0.914,28152,0,"[0.04248297959566116, 1.2597745656967163, 1.2811857461929321, -1.0692301988601685, 0.5649691820144653, 0.14663629233837128, 0.13996653258800507, -1.475155234336853, -0.4523613452911377, -0.06313296407461166, 0.463905394077301, 1.0615332126617432, -1.1035627126693726, -1.252962350845337, -0.0008920729160308838, 1.5826491117477417, 0.4248044490814209, -0.4088022708892822, -0.37551987171173096, -0.7754192352294922, 1.1149592399597168, 0.2992061674594879, 0.3554685413837433, -0.3085251748561859, 0.9894896745681763, 0.9887263774871826, -0.8526382446289062, 1.9786105155944824, 1.5800725221633911, 0.44419386982917786, 0.3830569386482239, 0.1540590524673462, -0.04547329619526863, 0.1455993354320526, -0.46157148480415344, 0.5136296153068542, -0.16812938451766968, -0.9629008173942566, -1.22393798828125, -0.3943425714969635, -0.648774266242981, 0.21802203357219696, -2.6034159660339355, -0.11084835231304169, 0.5366201400756836, 0.3834150731563568, -0.4073084592819214, 0.3495422303676605, 0.8099249005317688, 0.12053435295820236, 0.6747853755950928, -0.9344380497932434, -0.3808366358280182, 0.3807947039604187, -0.5146850347518921, 1.2628062963485718, -0.3367716670036316, -1.5004029273986816, 0.2713972330093384, 1.7864856719970703, -0.38650956749916077, -0.6439643502235413, 0.5774213075637817, 0.2512013912200928, 0.5354670882225037, -0.18756727874279022, 0.595529317855835, 1.8779118061065674, 1.5269027948379517, 0.8007731437683105, -1.070597767829895, 1.6487009525299072, -0.663970410823822, -0.29701167345046997, 1.320365071296692, 0.20693761110305786, 0.4439370334148407, 0.8966731429100037, -0.7680746912956238, 0.5818853378295898, -2.8302972316741943, -0.19308529794216156, -0.8942989110946655, -1.3807194232940674, -0.16985875368118286, 0.32251057028770447, -0.27841565012931824, -1.2234892845153809, 0.6941335201263428, 0.06306058913469315, 1.5378996133804321, 0.1348409205675125, 1.537003993988037, -1.259250521659851, 1.5821055173873901, -0.3750036358833313, -0.021711772307753563, 0.19413046538829803, 1.0623059272766113, -0.2574968934059143, 1.1321494579315186, 1.4268882274627686, -0.12693168222904205, -1.0017834901809692, -0.10560999065637589, 0.8837995529174805, -1.7270057201385498, -0.32791784405708313, -0.28628939390182495, -0.3975951373577118, -2.0220694541931152, 1.329982042312622, -0.9743596315383911, -0.8688817024230957, 2.3741180896759033, 2.173726797103882, 0.46241676807403564, 0.31996870040893555, -0.6661502122879028, 0.532552182674408, 1.1810816526412964, 0.23524022102355957, 2.012092351913452, -0.5949255228042603, 1.2994821071624756, -1.9043930768966675, -0.36381539702415466, 1.3710981607437134]",yunet,Facenet,1920,1080,/home/amos/media/tv/modern_family/Modern.Family.S09.1080p.DSNP.WEB-DL.DDP5.1.H.264-CRFW/Modern.Family.S09E21.The.Escape.1080p.DSNP.WEB-DL.DDP5.1.H.264-CRFW.mkv,Modern Family,2009,1442437,9,21,Adam Devine,212604.0,0.811
1109,726,156,870,360,846,228,780,228,0.912,28152,1,"[0.40788090229034424, 0.06748344004154205, -1.0090749263763428, 0.8950068354606628, 0.593635082244873, -0.3275165557861328, 0.4869530200958252, -1.2352015972137451, -0.8316822648048401, 1.8475598096847534, -0.6594287753105164, -0.7577201724052429, -1.1344232559204102, 0.6734482049942017, -0.3195264935493469, 0.05743773281574249, 0.3193461298942566, -1.5169402360916138, -0.8441980481147766, -0.34038862586021423, 1.1641314029693604, 0.03442058339715004, 1.254664421081543, 1.0317130088806152, 2.2531135082244873, 0.4463406503200531, 1.2941185235977173, -1.122820258140564, 1.7959480285644531, -1.209883451461792, 0.45405998826026917, 1.0244978666305542, 1.057558298110962, 0.20732060074806213, 0.7210205793380737, -1.1669663190841675, 0.4578853249549866, 1.1268709897994995, 0.7642924189567566, 0.002857070416212082, 0.5809153914451599, 2.427509307861328, 0.47759929299354553, -0.4696780741214752, -1.0950912237167358, 0.7606767416000366, -0.44666486978530884, 0.9309712648391724, -0.7395598888397217, 2.1812355518341064, -1.6050934791564941, 0.4046866297721863, 1.0548220872879028, 0.8535649180412292, 0.32244575023651123, 0.8358919024467468, 0.2195790708065033, 0.4856623411178589, -0.36251819133758545, -0.4585375189781189, 1.2235530614852905, -1.902884840965271, -0.4131912291049957, 0.9849536418914795, -1.7205357551574707, 0.588874876499176, -0.7647374868392944, 0.9509134292602539, 1.6632648706436157, -0.4867675006389618, -1.310314655303955, 0.7332974672317505, -0.5740428566932678, 0.4258037805557251, -0.7788581252098083, -1.9463672637939453, 2.2964138984680176, -0.17994338274002075, 0.06811707466840744, -0.3728507161140442, -1.7653793096542358, -0.23646068572998047, 1.2190457582473755, 1.1079204082489014, -0.052325405180454254, 1.2556521892547607, 2.411590337753296, -2.393028497695923, -0.035268381237983704, -0.13284464180469513, -1.517150640487671, 0.33579689264297485, 1.3065751791000366, 1.0061193704605103, 2.659536600112915, -1.053476333618164, 0.039531052112579346, -0.15414486825466156, -2.159414768218994, -1.18180251121521, -0.9738300442695618, 1.2206287384033203, -0.5222273468971252, 1.317299723625183, 1.0815715789794922, -1.135955572128296, -0.5120701193809509, -0.46316757798194885, -1.1683849096298218, -0.23742899298667908, 0.982230544090271, -0.3146389126777649, 1.1669563055038452, 1.9716501235961914, -2.0082409381866455, 0.9542077779769897, -1.2107939720153809, 0.34597712755203247, -0.2822868227958679, -0.10289148986339569, -0.10821208357810974, 0.2760699689388275, -0.1480993926525116, -0.38767150044441223, -1.0865850448608398, 0.6057168245315552, 0.9171097278594971, 1.3488171100616455]",yunet,Facenet,1920,1080,/home/amos/media/tv/modern_family/Modern.Family.S09.1080p.DSNP.WEB-DL.DDP5.1.H.264-CRFW/Modern.Family.S09E21.The.Escape.1080p.DSNP.WEB-DL.DDP5.1.H.264-CRFW.mkv,Modern Family,2009,1442437,9,21,Reid Ewing,967692.0,0.782
1110,1326,138,1524,402,1422,258,1356,258,0.933,28176,0,"[-0.5340752601623535, -2.4578263759613037, -1.0793287754058838, -0.8154889345169067, 0.9085054993629456, -0.15441007912158966, -0.3272886872291565, 0.29341834783554077, 0.5924175381660461, -0.3182666301727295, -0.0841902643442154, 0.05345620959997177, -0.4702391028404236, 0.0364142507314682, 0.6288307905197144, -1.0784651041030884, -0.40213242173194885, 0.12091398239135742, 0.4284440279006958, -1.6703391075134277, 0.7397072315216064, -2.0733542442321777, -0.4684561789035797, -1.6753467321395874, -0.0008061341941356659, 0.44889891147613525, 1.345834493637085, -1.1341718435287476, -0.15320660173892975, -0.00645142886787653, -0.4131256341934204, 1.695608377456665, -0.7811092138290405, 0.4220092296600342, -0.8666468262672424, 1.2419432401657104, -0.8860250115394592, -0.2406221330165863, 1.272928237915039, -1.3747882843017578, 1.8966642618179321, 1.2757112979888916, -1.6207916736602783, -1.9812058210372925, 0.20772503316402435, -0.7683674693107605, 0.8118254542350769, 0.9168120622634888, 0.5811334848403931, 0.06867118179798126, -1.741041898727417, 1.1583362817764282, -1.7025212049484253, 1.2993308305740356, 1.505651593208313, -1.0547360181808472, -0.12132227420806885, 1.1434452533721924, 0.14730051159858704, 0.5158290863037109, 0.2981051504611969, -3.0233256816864014, 0.9351422786712646, 1.212151050567627, 2.442706823348999, 0.5272458791732788, -0.944739818572998, 1.6175822019577026, -0.5968366265296936, 0.1881203055381775, -0.7471337914466858, 1.5874948501586914, -1.886396050453186, 1.3891664743423462, 0.9031416177749634, -1.4248095750808716, -0.8759398460388184, 0.1941300481557846, -0.9785765409469604, 0.6858551502227783, -3.651230812072754, 0.12112090736627579, 1.5514620542526245, -0.7097127437591553, -1.1069061756134033, 0.904585599899292, -0.33282238245010376, -0.476245641708374, -1.9981526136398315, -0.6954708099365234, 0.5012274980545044, 0.5799707770347595, 0.18305742740631104, -0.5638382434844971, 0.708850085735321, 0.4436466693878174, -1.644745111465454, 1.3590465784072876, 0.5044573545455933, 0.5910820960998535, -1.2330304384231567, 0.702299177646637, -0.31074878573417664, 0.41003286838531494, 0.36712151765823364, 1.297996163368225, -0.7809969186782837, 0.37273022532463074, -0.38237178325653076, -0.8314011096954346, -0.3131815195083618, -1.159092664718628, -0.16449879109859467, -1.4175527095794678, 1.3229378461837769, 1.5650222301483154, 0.5471127033233643, 0.7268456816673279, 0.3448319137096405, 0.4147346019744873, -0.9239776730537415, 1.725982904434204, 1.6126582622528076, -0.8463847637176514, -1.9342957735061646, -0.0703740268945694, -1.3700636625289917, 0.7358418703079224]",yunet,Facenet,1920,1080,/home/amos/media/tv/modern_family/Modern.Family.S09.1080p.DSNP.WEB-DL.DDP5.1.H.264-CRFW/Modern.Family.S09E21.The.Escape.1080p.DSNP.WEB-DL.DDP5.1.H.264-CRFW.mkv,Modern Family,2009,1442437,9,21,Chris Geere,62879.0,0.643
1111,780,138,936,348,906,222,840,222,0.915,28176,1,"[0.6021392345428467, 0.002778775990009308, -0.6195233464241028, 1.1732261180877686, 0.23099148273468018, -0.8565282225608826, 0.7170251607894897, -1.8410577774047852, -0.30652520060539246, 1.0868831872940063, -1.2812891006469727, -0.05778946727514267, -0.21821825206279755, 0.505693793296814, -0.3915453553199768, -0.45542746782302856, 0.28925952315330505, -1.2313621044158936, -0.2986248731613159, -0.1590595543384552, 0.9689475297927856, 0.023146292194724083, 0.9481646418571472, 0.7075580954551697, 2.2788195610046387, 0.6465124487876892, 1.345430612564087, -1.09267258644104, 1.9023640155792236, -0.8856711387634277, 0.62196946144104, 0.897078812122345, 0.7036933898925781, 0.08672577887773514, 0.12878094613552094, -1.370856761932373, 0.8370532989501953, 0.4990193843841553, 0.7663794159889221, -0.41811349987983704, 0.8724026083946228, 2.4927444458007812, 0.42022573947906494, -0.475337952375412, -0.8076733946800232, 1.2532068490982056, -0.4375731647014618, 0.19662196934223175, -0.7645503282546997, 2.788939952850342, -1.938580870628357, -0.29366356134414673, 1.0054751634597778, 0.8833641409873962, 0.08695723116397858, 0.3801751732826233, -0.047415558248758316, 0.6929928660392761, 0.8098549246788025, -0.3565853238105774, 0.9852198958396912, -2.173923969268799, -0.08384762704372406, 0.39504510164260864, -1.774004340171814, 0.5890305638313293, -0.7567908763885498, 0.11926330626010895, 0.7008400559425354, -0.0233108289539814, -1.0970009565353394, 0.4431823194026947, 0.14341919124126434, -0.1597057282924652, -1.216275930404663, -2.4691669940948486, 2.434434413909912, 0.023048333823680878, 0.46628183126449585, -0.6325043439865112, -1.6292098760604858, -0.5530952215194702, 1.4144387245178223, 0.6030623912811279, -0.4551894962787628, 1.0903587341308594, 2.0777273178100586, -2.3627469539642334, -0.09628131985664368, -0.13617585599422455, -0.9842461943626404, 0.12933869659900665, -0.052862606942653656, -0.3543791174888611, 2.2062032222747803, -1.2165123224258423, 0.08611048758029938, -0.4201158583164215, -1.817359447479248, -1.3607956171035767, -0.8557056784629822, 2.037785530090332, 0.6050146222114563, 1.0345696210861206, 0.8768776059150696, -0.10355943441390991, -0.05988143011927605, -0.21354448795318604, -1.2376145124435425, -0.4963293969631195, 0.9400153756141663, -0.42467737197875977, 1.0430642366409302, 1.8227009773254395, -1.1478297710418701, 0.6402206420898438, -1.1791117191314697, 0.25918567180633545, -0.08150192350149155, -0.3694765567779541, 0.037223439663648605, -0.17080101370811462, 0.43661946058273315, -0.37820419669151306, -0.9487044811248779, 0.21496069431304932, 1.383180856704712, 1.4015885591506958]",yunet,Facenet,1920,1080,/home/amos/media/tv/modern_family/Modern.Family.S09.1080p.DSNP.WEB-DL.DDP5.1.H.264-CRFW/Modern.Family.S09E21.The.Escape.1080p.DSNP.WEB-DL.DDP5.1.H.264-CRFW.mkv,Modern Family,2009,1442437,9,21,Reid Ewing,967692.0,0.788
1112,318,354,468,540,438,426,384,426,0.905,28176,2,"[-0.5481538772583008, 0.8413282632827759, 0.8969689011573792, -0.2677425146102905, 0.07213864475488663, -0.3024517595767975, 0.1245550811290741, -1.5636181831359863, -0.712852954864502, 0.3237465023994446, 0.7318415641784668, 1.5389494895935059, -1.044089674949646, -2.037187099456787, -0.3959735035896301, 2.0816094875335693, -0.9555803537368774, 0.0077675506472587585, -1.271433711051941, 0.7292038202285767, 0.9199885129928589, 0.5302574634552002, 0.42843201756477356, -0.7529548406600952, 0.2181510478258133, 0.9093853831291199, -0.4699822664260864, 1.9170054197311401, 0.7413759827613831, 0.7567802667617798, -0.01880539208650589, -0.2577047348022461, 0.2224915623664856, -0.015391632914543152, -1.3742189407348633, 0.416092187166214, -0.28941547870635986, -1.294494390487671, -0.9606671929359436, -0.9102816581726074, -0.24349957704544067, 0.018231062218546867, -2.657912015914917, 0.05761183798313141, 1.0218794345855713, -0.4807618260383606, -0.7790293097496033, 0.8502718210220337, 0.294838547706604, -0.16103295981884003, 1.4078294038772583, -1.3684701919555664, -0.1371142864227295, 0.31374919414520264, -0.6954146027565002, 0.9373855590820312, -0.033954378217458725, -1.093689203262329, 0.31691107153892517, 1.3739004135131836, 0.08317751437425613, -0.009782832115888596, -0.4904029667377472, 0.3001369535923004, 1.1126654148101807, -0.36941105127334595, 0.5513755083084106, 1.3296198844909668, 0.0975174531340599, 0.9196242094039917, -1.383844017982483, 1.0794836282730103, 0.0043591223657131195, -0.4823746085166931, 2.2802085876464844, -0.19150038063526154, 0.46826401352882385, 1.8060115575790405, -0.25837355852127075, 0.6434974670410156, -2.9434926509857178, -0.7465153932571411, -1.2935526371002197, -1.0092967748641968, -0.568936288356781, 0.4444292485713959, -0.5111994743347168, -0.2896980345249176, 0.7047237157821655, -0.6635521054267883, 1.7389934062957764, 0.048669613897800446, 1.557848334312439, -1.0662109851837158, 1.8810527324676514, -1.7808878421783447, 0.8595789670944214, -0.6927055716514587, 0.5586373209953308, -0.7980052828788757, 1.5027375221252441, 1.012715458869934, -0.8007447719573975, -0.6933799386024475, 0.4936246871948242, 0.35030174255371094, -0.5086579918861389, -1.3750613927841187, -0.2412266731262207, 1.0306110382080078, -1.245790719985962, 1.6054781675338745, -0.6092967987060547, -0.46419379115104675, 1.948702335357666, 2.221219062805176, -0.6222505569458008, 0.8367099761962891, -0.9286415576934814, 0.885792076587677, 0.7843100428581238, -0.06442788988351822, 1.824756145477295, -0.08101584762334824, 1.5624300241470337, -2.591506242752075, -0.06595364958047867, 2.28725004196167]",yunet,Facenet,1920,1080,/home/amos/media/tv/modern_family/Modern.Family.S09.1080p.DSNP.WEB-DL.DDP5.1.H.264-CRFW/Modern.Family.S09E21.The.Escape.1080p.DSNP.WEB-DL.DDP5.1.H.264-CRFW.mkv,Modern Family,2009,1442437,9,21,Adam Devine,212604.0,0.821
1113,1296,198,1494,468,1422,312,1338,312,0.921,28200,0,"[0.24548403918743134, -2.581936836242676, -0.5742925405502319, -1.1094732284545898, 0.8955650925636292, 0.9460238814353943, 0.12308664619922638, 0.17542533576488495, 1.0933194160461426, -0.3947140574455261, -0.20973515510559082, -0.3598271608352661, -1.5247955322265625, 0.3159802258014679, -0.5898598432540894, -0.7597141265869141, -1.7305234670639038, -0.028822297230362892, 0.8837796449661255, -0.8720648288726807, 0.36096251010894775, -0.9657772183418274, 0.03319832682609558, -1.53350031375885, -0.525044858455658, 0.1676311194896698, 1.1208369731903076, -2.2437243461608887, -0.1330137699842453, 0.1121077761054039, 0.005998212844133377, 1.0702753067016602, -0.32266169786453247, 0.013150826096534729, -2.186081886291504, 1.643066644668579, -1.11725652217865, 0.0989503264427185, 0.6470387578010559, -2.140390634536743, 1.6232863664627075, 1.0222008228302002, -1.6042228937149048, -2.3497986793518066, 0.7950189113616943, -1.4633370637893677, 0.12564177811145782, 1.0764037370681763, 0.22884933650493622, -0.31945866346359253, -0.8211175203323364, 0.09715045988559723, -1.1850146055221558, 0.11370928585529327, 0.6952681541442871, -1.7917040586471558, -0.39594408869743347, 1.8662770986557007, -0.41047054529190063, 0.42903459072113037, 0.29191458225250244, -2.2505345344543457, 0.5437725782394409, 1.5589661598205566, 1.4805892705917358, 0.920171856880188, 0.3684436082839966, 1.3948546648025513, -0.10326996445655823, 0.6543484926223755, -0.2333545833826065, 0.9845486879348755, -2.028681516647339, 2.039746046066284, 0.47620368003845215, -0.7604524493217468, -1.756965160369873, 0.8462623357772827, -0.3928300440311432, 0.9131712913513184, -3.436011791229248, 0.3462696969509125, 1.2543607950210571, -0.6018860936164856, -1.6485005617141724, 0.4270091950893402, 0.45052242279052734, -0.28250735998153687, -1.1170235872268677, -1.4626126289367676, 0.8056125044822693, 0.5788574814796448, 0.42924371361732483, 0.8950459957122803, 0.2741018533706665, 0.03813012316823006, -2.940108299255371, 1.2540124654769897, 0.5315619111061096, 0.7666873931884766, -1.2185124158859253, -0.2923629581928253, -0.3733973205089569, -0.33272767066955566, 0.2484038770198822, 0.23987291753292084, -0.7677757143974304, 0.0298776775598526, -1.01572585105896, -0.47784942388534546, -0.4959479570388794, -0.7990655899047852, 0.009215980768203735, -0.7476846575737, 0.6838945746421814, 2.3313121795654297, 0.17830097675323486, 0.12591023743152618, -1.4177005290985107, 1.266905665397644, -1.5477575063705444, 1.8953369855880737, 0.7359044551849365, 0.16007480025291443, -1.0741076469421387, -0.3890150189399719, -1.3611284494400024, -0.19060100615024567]",yunet,Facenet,1920,1080,/home/amos/media/tv/modern_family/Modern.Family.S09.1080p.DSNP.WEB-DL.DDP5.1.H.264-CRFW/Modern.Family.S09E21.The.Escape.1080p.DSNP.WEB-DL.DDP5.1.H.264-CRFW.mkv,Modern Family,2009,1442437,9,21,Chris Geere,62879.0,0.665
1114,258,378,408,588,378,450,306,450,0.92,28200,1,"[-0.23735132813453674, 1.629314661026001, 1.057038426399231, -0.714248538017273, -0.2110135704278946, -0.7604829668998718, 1.3647217750549316, -1.9715019464492798, -1.1981167793273926, -0.005276216194033623, 0.345564067363739, 1.1442517042160034, -0.4600565433502197, -1.609037160873413, -0.3602259159088135, 2.323662519454956, -0.14736993610858917, -0.5353018641471863, -1.2747764587402344, -0.1457296907901764, -0.018538236618041992, 1.075724482536316, -0.9480996131896973, -1.5119128227233887, 0.38305485248565674, 1.243653416633606, -0.07287846505641937, 1.9706016778945923, 0.7156341075897217, 1.1920346021652222, 0.042994964867830276, 0.3022429049015045, -0.034053295850753784, -0.46585217118263245, -0.6875541806221008, 0.4084548354148865, 0.2524466812610626, -0.753394365310669, -0.12555208802223206, 0.17787154018878937, -0.27242082357406616, 0.6586635708808899, -2.552670478820801, 0.28312572836875916, 0.9207534193992615, -0.3543860614299774, -1.4397459030151367, 0.7137739658355713, 0.4451289772987366, 0.11498833447694778, 0.7519427537918091, -0.8413270711898804, -0.10909963399171829, 1.510019302368164, -1.0753549337387085, 0.4244250953197479, -0.4526931643486023, -1.0510159730911255, -0.12271033227443695, 1.0484132766723633, -0.5089969038963318, -0.8769806623458862, -0.499224990606308, 0.11243011057376862, 1.0909768342971802, -0.4067423939704895, 0.3556564748287201, 1.095354676246643, 0.49179476499557495, 0.7189090251922607, -1.3061538934707642, 2.0850331783294678, -0.058830227702856064, -1.45846688747406, 1.9553428888320923, -0.39160144329071045, 0.43521150946617126, 1.6080610752105713, 0.47457748651504517, 0.7649398446083069, -2.2258362770080566, 0.0021255891770124435, -1.299763560295105, -1.5412366390228271, -1.173328161239624, 0.6725383996963501, -0.7325220704078674, -1.148797869682312, 0.06268035620450974, 0.15996287763118744, 1.4563286304473877, 0.050923265516757965, 1.2382601499557495, -1.8738646507263184, 1.4755122661590576, -0.8760586977005005, 0.6529816389083862, -0.6912529468536377, 1.1413488388061523, -0.5619097352027893, 1.6530561447143555, 2.091296434402466, -0.9598007202148438, -0.621553897857666, -0.1593659371137619, 1.1321825981140137, -1.4117236137390137, -1.2119052410125732, -0.6139971613883972, 0.3638445734977722, -1.1474354267120361, 1.2801052331924438, -0.3723544478416443, -0.41088443994522095, 1.8460413217544556, 2.2598912715911865, -0.7378040552139282, 0.46468570828437805, -0.8576151132583618, 0.87733393907547, 0.9352569580078125, -0.2422368824481964, 2.2377657890319824, -1.0908401012420654, 0.6809185743331909, -1.37510085105896, 0.13571414351463318, 1.839233160018921]",yunet,Facenet,1920,1080,/home/amos/media/tv/modern_family/Modern.Family.S09.1080p.DSNP.WEB-DL.DDP5.1.H.264-CRFW/Modern.Family.S09E21.The.Escape.1080p.DSNP.WEB-DL.DDP5.1.H.264-CRFW.mkv,Modern Family,2009,1442437,9,21,Adam Devine,212604.0,0.826
1115,720,150,882,378,858,228,792,234,0.914,28200,2,"[-0.050423264503479004, 0.14971430599689484, -0.06663979589939117, 0.743698239326477, -0.2348669171333313, -0.825190007686615, 0.9391130208969116, -2.104829788208008, -0.4456259310245514, -0.7767288684844971, -1.0629738569259644, -0.13055802881717682, -0.09553201496601105, -0.2813904285430908, -0.7010040283203125, -0.34445828199386597, -0.8031800985336304, -0.5372019410133362, -0.5270294547080994, 0.17352323234081268, 1.229668140411377, -0.003053941298276186, 0.005614962428808212, 0.39362233877182007, 1.248823642730713, 1.20154869556427, 1.0402212142944336, -0.7533128261566162, 2.0444443225860596, -0.6422258615493774, 0.7869410514831543, 2.0067648887634277, 1.1204099655151367, -0.07878582924604416, -0.5707835555076599, -1.3880258798599243, 0.9524568319320679, -0.9084112048149109, 1.077629566192627, -0.3958215117454529, 1.5297050476074219, 2.1563470363616943, -0.17889750003814697, -1.5045499801635742, -0.5849783420562744, 1.5770342350006104, -0.4576207101345062, 0.635093092918396, -1.7592644691467285, 2.402667999267578, -1.544165015220642, -0.7044894099235535, 1.325647234916687, 2.0130536556243896, 0.8526066541671753, 0.2534138560295105, -0.28926950693130493, 0.5741562843322754, 0.7885421514511108, -0.12107804417610168, 0.9544516205787659, -2.718637704849243, -0.14313659071922302, 1.117751121520996, -1.3009053468704224, 0.8472015261650085, 0.30771616101264954, 0.2622302174568176, 0.8164514899253845, -0.3890424370765686, -1.0656297206878662, 0.8018968105316162, -0.22918495535850525, 0.9081733822822571, -1.705493688583374, -1.7445321083068848, 1.5171345472335815, 0.679795503616333, 1.1329386234283447, -0.48119866847991943, -1.7116538286209106, -0.44433873891830444, 0.6345005035400391, -0.3759942650794983, 0.41070133447647095, 0.4306136667728424, 1.729129672050476, -1.6921738386154175, -0.5985980033874512, -0.22245146334171295, -0.8109222054481506, 0.27559152245521545, -0.12673740088939667, -0.5831974148750305, 1.6223207712173462, -1.022347331047058, -0.1402258723974228, -0.25912216305732727, -1.2564966678619385, -2.151487112045288, -1.0389577150344849, 1.4166470766067505, 0.7776845097541809, 1.1946293115615845, -0.1496906578540802, 0.27076447010040283, -0.3308214247226715, -0.12326370179653168, -1.4001421928405762, -0.22393231093883514, 0.3750709891319275, -0.49548959732055664, 1.1518715620040894, 0.6614882349967957, -1.2530958652496338, 1.6038086414337158, -0.7764313220977783, -0.13305315375328064, -0.46932730078697205, 0.0774223804473877, -0.5001196265220642, 0.46027693152427673, 1.7988293170928955, -0.8717619180679321, -0.5977157950401306, 0.7032843828201294, 1.1276663541793823, 1.6344302892684937]",yunet,Facenet,1920,1080,/home/amos/media/tv/modern_family/Modern.Family.S09.1080p.DSNP.WEB-DL.DDP5.1.H.264-CRFW/Modern.Family.S09E21.The.Escape.1080p.DSNP.WEB-DL.DDP5.1.H.264-CRFW.mkv,Modern Family,2009,1442437,9,21,Reid Ewing,967692.0,0.705
1116,630,144,792,354,756,222,678,222,0.923,28224,0,"[0.4908401668071747, 0.14305326342582703, -0.15680354833602905, 0.4449928104877472, 0.0999913290143013, -0.7181407809257507, 0.822965681552887, -1.433511734008789, 0.27544593811035156, 0.9019071459770203, -0.8977553844451904, 0.0069453176110982895, -0.4730048179626465, 0.3185032308101654, -0.2781345844268799, 0.026633240282535553, -0.5471804141998291, -0.8290019035339355, 0.07911991328001022, -0.18453137576580048, 1.516809344291687, 0.07715995609760284, 1.209355115890503, 0.8636420369148254, 1.958271861076355, 0.4201204478740692, 0.8411774635314941, -1.3890246152877808, 1.2277268171310425, -1.223435401916504, -0.019923023879528046, 1.0041271448135376, 1.0597825050354004, 0.28428128361701965, 0.49647200107574463, -1.3251162767410278, 0.5444046258926392, 0.10525207221508026, 0.5744192600250244, -0.21308600902557373, 1.2384889125823975, 2.0503435134887695, 0.7303289175033569, -0.2924485504627228, -1.0303630828857422, 1.9056406021118164, -0.7216134071350098, -0.1032964438199997, -1.198240876197815, 2.6786949634552, -1.7033112049102783, -0.4913696050643921, 0.8862109184265137, 0.16693803668022156, 0.28928032517433167, 0.15883003175258636, -0.5152605175971985, 1.1801246404647827, 0.5765008330345154, -0.9780446290969849, 1.5272771120071411, -1.9886890649795532, -0.5658060312271118, 0.2311788946390152, -1.7719074487686157, 0.029747702181339264, -0.7071720361709595, 0.03772837296128273, 1.2941852807998657, -0.5893681049346924, -0.9752394556999207, -0.028793707489967346, -0.09475506842136383, -0.34389728307724, -1.5842576026916504, -2.591794729232788, 2.5543177127838135, 0.1715860813856125, 0.08344464749097824, -0.7382970452308655, -1.1779706478118896, -1.1419448852539062, 1.2047569751739502, 0.4207005500793457, -0.3410037159919739, 0.011883124709129333, 2.2306478023529053, -2.017484188079834, -0.189313605427742, -0.3688075840473175, -1.3443549871444702, -0.40076276659965515, 0.2605917751789093, 0.2658383846282959, 2.048368453979492, -1.8437621593475342, 0.24100947380065918, -0.23218123614788055, -2.1596713066101074, -0.9429458975791931, -0.8861837387084961, 1.5970243215560913, 0.5603899955749512, 1.2092286348342896, 0.050243474543094635, -0.37659651041030884, 0.4281379282474518, -0.4134591519832611, -1.8940030336380005, 0.17287327349185944, 1.4383739233016968, -0.24342574179172516, 1.4950635433197021, 1.7587578296661377, -1.2991859912872314, 0.8454309701919556, -0.33475977182388306, -0.035051390528678894, -0.2452699840068817, -0.27039286494255066, -0.5970972776412964, 0.3903906047344208, 0.36963731050491333, 0.09157199412584305, -0.7271440625190735, -0.03616255521774292, 0.8135283589363098, 2.088418960571289]",yunet,Facenet,1920,1080,/home/amos/media/tv/modern_family/Modern.Family.S09.1080p.DSNP.WEB-DL.DDP5.1.H.264-CRFW/Modern.Family.S09E21.The.Escape.1080p.DSNP.WEB-DL.DDP5.1.H.264-CRFW.mkv,Modern Family,2009,1442437,9,21,Reid Ewing,967692.0,0.808
1117,1134,186,1326,432,1260,294,1164,294,0.92,28224,1,"[-0.2712159752845764, -2.4708616733551025, -0.49263274669647217, -0.454965204000473, 0.2138534039258957, 0.6838852763175964, -0.15163803100585938, 0.5391227006912231, 0.8166240453720093, -0.17511597275733948, 0.2797921299934387, 0.12353779375553131, -1.4729013442993164, 0.020012103021144867, -0.9606245756149292, -0.6778239607810974, -1.7445032596588135, -0.23011261224746704, 0.5737692713737488, -0.5081018209457397, 1.0713372230529785, -1.5409818887710571, -0.1251649260520935, -2.0829153060913086, -0.23665469884872437, -0.049595676362514496, 1.674815058708191, -1.5938256978988647, -0.9913076162338257, 0.046118833124637604, -0.7031600475311279, 1.339847445487976, 0.13748835027217865, -0.5660949945449829, -1.9725719690322876, 1.6705317497253418, -1.4316396713256836, -0.6824477314949036, 0.20882180333137512, -1.6866778135299683, 1.5107330083847046, 1.145045518875122, -1.9515985250473022, -2.0057787895202637, 1.1971933841705322, -1.3218098878860474, 0.22475597262382507, 1.811750888824463, 0.03780612349510193, -0.11591175198554993, -0.8704870939254761, 0.739493727684021, -0.9088521599769592, -0.21823668479919434, 0.8789508938789368, -0.6934922933578491, 0.4030657708644867, 2.067692756652832, -0.20206625759601593, 0.25665226578712463, 0.6147698760032654, -2.003493309020996, 0.8605178594589233, 1.434536099433899, 1.8905657529830933, 0.17178349196910858, 0.16825956106185913, 1.1580798625946045, -0.8420045375823975, 0.3093906044960022, -0.3415481746196747, 0.5502380132675171, -2.0217883586883545, 2.0187978744506836, 1.0347424745559692, -1.6225533485412598, -1.053920030593872, 1.417765736579895, -0.9220834970474243, 0.9364371299743652, -3.1354100704193115, -0.62629234790802, 1.3082417249679565, -0.6086983680725098, -0.9059049487113953, 0.5212177038192749, 0.09999651461839676, -0.2243780642747879, -1.0095282793045044, -1.7575201988220215, 0.1805858314037323, 0.433832049369812, 1.1740083694458008, 1.1539106369018555, 0.39602652192115784, -0.00546653289347887, -2.1876463890075684, 0.6626123189926147, -0.10552114248275757, 0.9049080610275269, -1.1578963994979858, -0.05114983767271042, 0.2219080924987793, -0.6195393204689026, 0.3396199643611908, -0.5112668871879578, -0.4905149042606354, 0.5456783771514893, -0.5916957259178162, 0.26936036348342896, -0.2548677921295166, -0.7378442883491516, 0.25713926553726196, -0.021243348717689514, 0.42633819580078125, 2.3938400745391846, 0.5283381938934326, 0.9325191974639893, -1.1491204500198364, 1.0257409811019897, -1.26487135887146, 1.3935048580169678, 0.48413383960723877, 0.26711326837539673, -0.6096163988113403, -0.4311140775680542, -1.679315209388733, 0.699000358581543]",yunet,Facenet,1920,1080,/home/amos/media/tv/modern_family/Modern.Family.S09.1080p.DSNP.WEB-DL.DDP5.1.H.264-CRFW/Modern.Family.S09E21.The.Escape.1080p.DSNP.WEB-DL.DDP5.1.H.264-CRFW.mkv,Modern Family,2009,1442437,9,21,Chris Geere,62879.0,0.651
1118,192,354,342,552,318,426,258,426,0.903,28224,2,"[-0.5414834022521973, 1.613038182258606, 1.2549563646316528, -1.3074061870574951, 0.2767255902290344, 0.004706239327788353, 0.24105356633663177, -1.8176127672195435, -0.3507354259490967, 0.04372729733586311, 0.5283403396606445, 1.4546520709991455, -1.2686817646026611, -1.657932162284851, -0.3710499107837677, 2.042649269104004, -0.7262977361679077, -1.043746829032898, -1.5971953868865967, -0.5621201992034912, 0.6032450199127197, 0.323566734790802, 0.1605943739414215, -0.5974624752998352, 0.17749056220054626, 0.14817367494106293, -0.36953669786453247, 2.132371425628662, 0.7362724542617798, 0.7550007104873657, -0.42025843262672424, -0.3752670884132385, 0.19002777338027954, 0.01654089242219925, -0.7677457928657532, 0.41675838828086853, -0.6131970286369324, -0.9272155165672302, -0.22289162874221802, -0.28562504053115845, -0.32266965508461, -0.5932512283325195, -3.3728859424591064, 0.22677558660507202, 0.5905866026878357, -0.1635858416557312, -1.3583714962005615, 0.7368204593658447, -0.10749727487564087, -0.31752318143844604, 0.2399904727935791, -0.9506243467330933, 0.6265483498573303, 0.8207557201385498, -1.1544981002807617, 1.168351411819458, -0.21633541584014893, -1.4879145622253418, -0.25684887170791626, 0.8018096089363098, -0.6537144184112549, -0.4356929659843445, -0.5647838711738586, 0.44161808490753174, 0.6917421817779541, -0.6318821907043457, 0.4759290814399719, 0.7788221836090088, 0.9295300841331482, -0.10473976284265518, -1.6468459367752075, 1.5401580333709717, -0.5295558571815491, -1.2059935331344604, 1.696414828300476, -0.27389949560165405, 0.6209101676940918, 1.7064025402069092, 0.2521856129169464, 0.16585583984851837, -2.0506787300109863, -1.1657837629318237, -1.5372453927993774, -1.3711676597595215, -0.39448875188827515, 0.061284929513931274, -0.2182331383228302, -0.8397852182388306, 0.4066844582557678, -0.13768920302391052, 1.649298906326294, -0.5792804956436157, 1.5687625408172607, -1.4392741918563843, 2.2195215225219727, -0.6494466066360474, 0.4670090079307556, -1.0424591302871704, 0.44970282912254333, -0.5505028963088989, 1.2543669939041138, 1.970128059387207, -0.8116028904914856, -0.24777370691299438, 0.04097653180360794, 1.0965783596038818, -1.1805168390274048, -2.0078742504119873, -0.5529740452766418, 0.3251968324184418, -0.8764992952346802, 1.7307872772216797, -1.015576958656311, -0.35001763701438904, 1.456190586090088, 2.6616761684417725, -0.666221022605896, 0.9064614176750183, -1.3049885034561157, 1.0083924531936646, 0.16127237677574158, 0.054318867623806, 2.4175593852996826, -0.7286489605903625, 1.2956666946411133, -1.641634464263916, 0.5741928815841675, 2.2015364170074463]",yunet,Facenet,1920,1080,/home/amos/media/tv/modern_family/Modern.Family.S09.1080p.DSNP.WEB-DL.DDP5.1.H.264-CRFW/Modern.Family.S09E21.The.Escape.1080p.DSNP.WEB-DL.DDP5.1.H.264-CRFW.mkv,Modern Family,2009,1442437,9,21,Adam Devine,212604.0,0.801
1119,744,132,912,354,810,222,774,228,0.92,28248,0,"[-0.13290710747241974, 1.1267956495285034, -0.5792018175125122, 0.652421236038208, 1.9416563510894775, -0.9318869709968567, 0.6262047290802002, -1.497576355934143, -0.46328970789909363, 0.7360207438468933, -0.04186869412660599, -0.18292246758937836, -0.22982899844646454, -0.05418950691819191, 0.1580805629491806, -0.4362660050392151, 0.8894948959350586, -1.2263203859329224, -2.130641460418701, 0.6493186950683594, 1.5709701776504517, -0.6346388459205627, 1.1741446256637573, 0.5217876434326172, 1.3215916156768799, 0.7943019866943359, -0.8023914098739624, 0.38223353028297424, 0.37420833110809326, -0.6630813479423523, 1.6681346893310547, 0.21755315363407135, -0.20851543545722961, 0.5989927649497986, 0.6167604923248291, -0.2789357900619507, 1.274609088897705, -0.7694413065910339, 0.7494374513626099, 0.15700262784957886, 0.18837793171405792, 2.6575558185577393, 0.22501718997955322, -0.6444830298423767, -1.1927037239074707, 0.9338831901550293, -0.4348653554916382, 1.4570571184158325, -1.8344752788543701, 2.4053144454956055, -0.7674223780632019, 0.012050680816173553, -0.14119628071784973, 1.1922093629837036, 0.13120226562023163, 0.15346045792102814, 0.3424132764339447, -0.29788073897361755, -0.18880966305732727, -0.8155632019042969, 1.1065967082977295, -1.8044579029083252, 0.5152513980865479, 1.016555905342102, -1.5892046689987183, -0.07791230082511902, -1.779473066329956, 1.0622614622116089, 1.7592591047286987, -0.3427768051624298, -0.6345047354698181, 1.0503641366958618, -0.4542883038520813, 0.15756545960903168, -0.8830702304840088, -0.7260255813598633, 2.461458444595337, -0.11114522814750671, -0.057956762611866, -0.5351235270500183, -2.229802131652832, 0.02366710640490055, 0.5429472923278809, 0.4934115707874298, -0.21725454926490784, 1.2189948558807373, 2.16646146774292, -1.9861185550689697, -0.007926024496555328, 0.68260657787323, -1.177890658378601, -0.1768186390399933, 0.9008466005325317, 0.9381211996078491, 2.2107486724853516, -0.4596363306045532, 0.8840897679328918, -0.1948157548904419, -1.8945226669311523, -1.0168030261993408, 0.09278610348701477, 2.1624739170074463, -0.9398632049560547, -0.2226797491312027, -0.11481042206287384, -0.628691554069519, -0.6832788586616516, -1.2266356945037842, -0.43396297097206116, -0.1163211390376091, -0.22659145295619965, 0.4713618755340576, 1.6992470026016235, 0.49240806698799133, -0.097824327647686, 1.96160888671875, -1.1156419515609741, -0.44400566816329956, -0.24289408326148987, -0.40479180216789246, -0.5002559423446655, 0.30511459708213806, 1.3685588836669922, -1.8864325284957886, -1.0194504261016846, -0.7304078936576843, 1.016374945640564, 1.118823766708374]",yunet,Facenet,1920,1080,/home/amos/media/tv/modern_family/Modern.Family.S09.1080p.DSNP.WEB-DL.DDP5.1.H.264-CRFW/Modern.Family.S09E21.The.Escape.1080p.DSNP.WEB-DL.DDP5.1.H.264-CRFW.mkv,Modern Family,2009,1442437,9,21,Reid Ewing,967692.0,0.606
1120,282,372,450,606,426,474,354,468,0.917,28248,1,"[0.4517441987991333, 2.731001377105713, 1.1807861328125, -0.33554843068122864, 0.5191537737846375, -0.05099920928478241, 1.214364767074585, -1.5193629264831543, -0.9707856774330139, -0.22613005340099335, 0.3427799642086029, 0.8445976972579956, -1.3236579895019531, -0.5512202978134155, 0.21709737181663513, 1.6543432474136353, -0.2386997938156128, -0.9128249883651733, -1.2189695835113525, -0.5658842325210571, -0.3503577709197998, 1.6103612184524536, -0.44567790627479553, -1.474633812904358, 1.0498849153518677, 0.7126655578613281, -0.48916196823120117, 1.5013924837112427, 0.6699607372283936, 0.8694807291030884, -0.20341992378234863, -0.07774974405765533, -1.148941993713379, -0.1667177677154541, 0.25541701912879944, 0.6749537587165833, 0.2854478657245636, -0.591474175453186, -0.45419639348983765, 0.5835703611373901, -0.4535507261753082, 0.35073837637901306, -2.5155205726623535, 0.20683574676513672, 0.7704500555992126, -0.15338999032974243, -1.4893912076950073, 1.040775179862976, 0.5159741044044495, 1.00151789188385, -0.15836457908153534, -0.3174467384815216, 1.1043477058410645, 1.7986537218093872, -1.637787103652954, 0.3695385754108429, 0.022601576521992683, -1.214771032333374, -0.19795259833335876, 0.4655815660953522, -0.8840721249580383, -0.8418039679527283, -0.13851040601730347, 0.2775149345397949, 0.7615164518356323, -0.7991753816604614, 0.41972342133522034, 0.7696040868759155, -0.2471127212047577, 1.1348257064819336, -0.6429022550582886, 1.9588029384613037, -0.170674130320549, -1.0404889583587646, 0.9431520700454712, -0.9319851398468018, 1.3221848011016846, 2.0692694187164307, -0.4024648070335388, 1.1306442022323608, -1.9427434206008911, -0.530062198638916, -1.193895697593689, -1.362975001335144, -0.4960976541042328, 0.2946939766407013, -0.31669214367866516, -2.1347930431365967, 0.5367817878723145, -0.6805678606033325, 1.2690703868865967, -0.061445653438568115, 0.7929742932319641, -2.3104641437530518, 1.5853075981140137, -0.5540418028831482, 0.5464236736297607, -0.7894856333732605, 1.0218253135681152, -0.6161960363388062, 0.9158344268798828, 2.379751205444336, -1.1762323379516602, -0.558997392654419, 0.15211951732635498, 1.5880781412124634, -1.3097655773162842, -1.242976188659668, 0.17562666535377502, 0.23995710909366608, -1.282408356666565, 1.1706359386444092, -0.07223288714885712, 0.21744364500045776, 1.7035496234893799, 2.0197675228118896, -0.5445065498352051, 0.22582516074180603, -0.888453483581543, 0.8320443034172058, 0.6581206321716309, -0.7412350177764893, 2.1447484493255615, -1.4850525856018066, 0.9096248745918274, -0.794061541557312, 0.4308586120605469, 1.977828860282898]",yunet,Facenet,1920,1080,/home/amos/media/tv/modern_family/Modern.Family.S09.1080p.DSNP.WEB-DL.DDP5.1.H.264-CRFW/Modern.Family.S09E21.The.Escape.1080p.DSNP.WEB-DL.DDP5.1.H.264-CRFW.mkv,Modern Family,2009,1442437,9,21,Adam Devine,212604.0,0.762
1121,906,150,1074,378,1050,228,978,228,0.922,28272,0,"[0.5954352617263794, -0.30995720624923706, -0.8995252251625061, 0.9362807273864746, -0.031098902225494385, -0.8441628813743591, 0.5861018300056458, -1.146917462348938, -0.811377763748169, 1.3813713788986206, -0.8731647729873657, -0.800324559211731, -0.3499346375465393, 0.5805375576019287, -0.5430406332015991, -0.3767329454421997, -0.11082127690315247, -1.4268704652786255, -0.5493471026420593, -0.682900071144104, 0.8413974046707153, 0.22138550877571106, 1.113651156425476, 0.590271532535553, 2.6982059478759766, 0.24772357940673828, 1.1852269172668457, -0.847437858581543, 1.880544900894165, -0.9824928045272827, 0.5154507160186768, 1.0973678827285767, 1.230241060256958, 0.1494007110595703, 0.6876023411750793, -1.4828031063079834, 0.7907304167747498, 0.3589693605899811, 0.6665642857551575, -0.10730543732643127, 0.5132118463516235, 2.1159770488739014, 0.9104107618331909, -0.2421148717403412, -0.7590014934539795, 0.9091222286224365, -0.5733526945114136, 0.7421650886535645, -0.8827496767044067, 2.447969675064087, -1.9791771173477173, -0.07662153244018555, 0.7806832790374756, 1.4619280099868774, 0.03417336940765381, 0.1734352707862854, -0.5888334512710571, 0.9091898798942566, 0.4810780882835388, -0.7342783808708191, 0.9983215928077698, -2.457836866378784, -0.1685793101787567, 0.12349990010261536, -1.8064854145050049, 0.48821836709976196, -1.4574253559112549, 0.46918073296546936, 0.49533188343048096, -0.5937716960906982, -1.2832075357437134, 0.08971448242664337, -0.0652361661195755, -0.32812732458114624, -1.3416712284088135, -2.3494670391082764, 2.8766872882843018, 0.4002276062965393, 0.9259865880012512, -0.1503201425075531, -1.090233564376831, -0.2471030056476593, 1.062030553817749, 0.6300989985466003, -0.33146756887435913, 0.5144686698913574, 1.5365747213363647, -2.6002087593078613, 0.1214694082736969, -0.20484782755374908, -1.028787612915039, 0.011287909001111984, -0.18418803811073303, -0.13278883695602417, 2.094902276992798, -0.7805641889572144, -0.3649332821369171, -0.43896958231925964, -2.0833725929260254, -1.4817618131637573, -0.8789286613464355, 1.4014959335327148, 0.6931774020195007, 1.4982028007507324, 0.20316466689109802, 0.03246951475739479, 0.23883694410324097, -0.5804110765457153, -1.3287779092788696, -0.347964346408844, 1.2616114616394043, -0.8412415385246277, 1.2297332286834717, 1.6531224250793457, -1.0377650260925293, 0.31425216794013977, -0.6202013492584229, -0.3639290928840637, -0.21102914214134216, -0.2902597486972809, -0.07290048897266388, -0.12335169315338135, 0.2110103815793991, 0.11749909073114395, -0.9943631887435913, 0.8241223096847534, 1.3828715085983276, 1.6721259355545044]",yunet,Facenet,1920,1080,/home/amos/media/tv/modern_family/Modern.Family.S09.1080p.DSNP.WEB-DL.DDP5.1.H.264-CRFW/Modern.Family.S09E21.The.Escape.1080p.DSNP.WEB-DL.DDP5.1.H.264-CRFW.mkv,Modern Family,2009,1442437,9,21,Reid Ewing,967692.0,0.775
1122,330,372,498,594,474,456,402,456,0.911,28272,1,"[-0.2654575705528259, 1.684617519378662, 1.1865198612213135, -0.8973382115364075, 0.45959681272506714, -0.8976598978042603, 1.421553611755371, -2.6382579803466797, -1.0031110048294067, 0.371427446603775, 0.6985965967178345, 1.5273650884628296, -0.6942512392997742, -1.8853541612625122, -0.33968618512153625, 1.592510461807251, -0.06099703907966614, -0.4151298999786377, -1.7155821323394775, 0.3878883123397827, 0.8520842790603638, 1.0077792406082153, 0.062108635902404785, -0.32199206948280334, 0.3349127769470215, 1.5768651962280273, -0.21298345923423767, 1.3847137689590454, 1.7460883855819702, 1.1368958950042725, 1.3741861581802368, -0.2904781699180603, 0.16556105017662048, -0.3089674413204193, -0.5704963803291321, -0.8046780824661255, 0.032726600766181946, -0.9574713110923767, 0.15705353021621704, -0.39492112398147583, -1.3117412328720093, 0.06239306181669235, -2.952726364135742, 0.181532084941864, 1.325081467628479, -0.03665059059858322, -0.3070899546146393, -0.329520583152771, 0.8829708099365234, 0.4867895841598511, -0.045946381986141205, -1.6515462398529053, -0.20756426453590393, -0.4437514543533325, -1.134164571762085, 0.9205430746078491, 0.1658836156129837, -0.7179818153381348, 0.795375645160675, 1.6257327795028687, -0.015451215207576752, -0.7766738533973694, -0.19142574071884155, -0.6047016382217407, -0.24613717198371887, 0.09711766242980957, 0.3652988374233246, 1.356440782546997, 1.6307412385940552, 0.38902074098587036, -1.8638821840286255, 1.4861513376235962, -0.18504971265792847, -0.9463545083999634, 1.3947257995605469, -0.386325865983963, 0.7255456447601318, 0.5041388869285583, 0.11784448474645615, 0.20262716710567474, -2.9260244369506836, -0.6793768405914307, -1.2350060939788818, -0.9042587876319885, -0.3526064455509186, 1.3575042486190796, -0.410896360874176, -0.8723139762878418, 0.7269775867462158, 0.28735262155532837, 1.1142034530639648, 0.29443180561065674, 1.0811684131622314, -1.6513595581054688, 2.0737264156341553, -1.1648391485214233, 0.12815481424331665, -0.3853605389595032, 1.1713764667510986, -1.6351326704025269, 1.3206994533538818, 1.8694349527359009, 0.14718112349510193, -1.1200460195541382, 0.5348458886146545, 0.9185538291931152, -0.7852572798728943, -0.682992696762085, -0.7913439869880676, -0.28785598278045654, -0.915610134601593, 1.5363805294036865, -0.728447675704956, -0.46178728342056274, 2.290565252304077, 3.065589666366577, -0.5503370761871338, 0.7093415856361389, -0.8827669620513916, 1.6546132564544678, 1.194640040397644, 0.5591233968734741, 1.402978777885437, -0.8545023798942566, 0.23220331966876984, -2.1992952823638916, -0.502801239490509, 0.7976231575012207]",yunet,Facenet,1920,1080,/home/amos/media/tv/modern_family/Modern.Family.S09.1080p.DSNP.WEB-DL.DDP5.1.H.264-CRFW/Modern.Family.S09E21.The.Escape.1080p.DSNP.WEB-DL.DDP5.1.H.264-CRFW.mkv,Modern Family,2009,1442437,9,21,Adam Devine,212604.0,0.761
1123,1008,264,1296,666,1218,432,1074,426,0.926,28296,0,"[-0.3624529242515564, -2.269066333770752, -0.21996541321277618, -1.2049299478530884, 1.0778257846832275, 0.5726706981658936, -0.06694512069225311, 0.6826106309890747, 1.0629024505615234, -1.2868008613586426, 1.0187326669692993, -0.016961678862571716, -1.3751609325408936, 0.33222925662994385, -0.4852556884288788, -1.294641375541687, -1.3882914781570435, 0.10298477113246918, 0.09290865808725357, -0.5636249780654907, -0.008037850260734558, -0.9768549203872681, -0.6056310534477234, -1.1752198934555054, -0.5454946160316467, -0.3662136197090149, 0.6173956394195557, -1.8016515970230103, -0.04999072849750519, -0.7409937381744385, 0.22939717769622803, 0.7726616859436035, -0.299299418926239, -0.17873066663742065, -1.3539189100265503, 1.1396082639694214, -1.1254421472549438, -0.5852372050285339, 0.8340433239936829, -1.3791711330413818, 1.132699728012085, 0.09246602654457092, -1.6692628860473633, -2.0774779319763184, 1.6898224353790283, -1.9208329916000366, -0.10997205972671509, 1.6616110801696777, 1.5847954750061035, 0.0007614009082317352, -1.133852481842041, 0.5941850543022156, -0.644244372844696, -0.5902710556983948, 0.39615339040756226, -0.7502778768539429, 0.27358150482177734, 1.6347285509109497, -0.16637049615383148, 1.2510894536972046, 0.3860383927822113, -1.8586581945419312, 0.8503535389900208, 1.5200979709625244, 1.220789909362793, 1.0070295333862305, 0.4397382438182831, 0.407653272151947, 0.10284573584794998, -0.35612809658050537, -0.9318429827690125, 0.3076486587524414, -2.2091753482818604, 1.9449383020401, 0.11964470148086548, -2.2911412715911865, -1.4373135566711426, 0.11179766058921814, -0.6010279059410095, 1.1634113788604736, -2.808047294616699, -0.1748044788837433, 1.1556870937347412, -0.8898951411247253, -1.1180318593978882, 0.40839239954948425, -0.2805519998073578, 0.17593665421009064, -0.4789172112941742, -1.2917135953903198, -0.070960633456707, 1.0177003145217896, -0.1472940295934677, 0.5837191939353943, 0.7826094627380371, 0.17066603899002075, -2.6758384704589844, 0.4134769141674042, 0.5353217124938965, 0.9853456020355225, -0.8319032192230225, -0.7014512419700623, 0.11142192780971527, 0.5631332993507385, 0.5653113126754761, 0.7740694284439087, 0.4392193555831909, -0.38307419419288635, -0.8998394012451172, -1.2410311698913574, 0.2824583053588867, -0.9184529781341553, 0.23171642422676086, -0.5833621025085449, 0.8446077108383179, 1.7249540090560913, 1.2853269577026367, 0.9653668999671936, -0.9495599269866943, 1.5334111452102661, -1.9518275260925293, 1.7517659664154053, 0.7031497359275818, -0.2154584676027298, -1.9573073387145996, 0.6952616572380066, -1.5642694234848022, -0.48891380429267883]",yunet,Facenet,1920,1080,/home/amos/media/tv/modern_family/Modern.Family.S09.1080p.DSNP.WEB-DL.DDP5.1.H.264-CRFW/Modern.Family.S09E21.The.Escape.1080p.DSNP.WEB-DL.DDP5.1.H.264-CRFW.mkv,Modern Family,2009,1442437,9,21,Chris Geere,62879.0,0.597
1124,1374,210,1602,498,1500,330,1410,336,0.928,28320,0,"[0.607784628868103, -1.1415081024169922, -1.1091810464859009, -0.6979131698608398, 0.21028518676757812, 0.3787875771522522, -0.26912081241607666, 0.5124517679214478, 1.1897244453430176, -0.0032202526926994324, 0.25670161843299866, 0.1911371648311615, -2.134614944458008, 0.4906359612941742, -0.6099853515625, -1.2712578773498535, -1.9501991271972656, -0.4552403688430786, 0.7047577500343323, -0.7296165227890015, 0.7319904565811157, -1.317556619644165, -0.3746134638786316, -1.6919710636138916, 0.268197238445282, -0.423439621925354, 1.5081040859222412, -1.9639910459518433, -0.8953968286514282, -0.19371314346790314, -0.7865099906921387, 0.9544748067855835, -0.4152474105358124, -0.28964075446128845, -1.9630205631256104, 1.60197913646698, -1.5138932466506958, -0.6874920725822449, 0.3440104126930237, -1.6346499919891357, 1.1433448791503906, 1.11973237991333, -2.1982836723327637, -1.9526573419570923, 1.0883699655532837, -1.2272366285324097, 0.12158411741256714, 1.537756323814392, 0.6945870518684387, -0.19583313167095184, -0.9809362292289734, 0.6328518986701965, -0.7370781898498535, -0.5275441408157349, 0.8859744668006897, -1.5352486371994019, 0.48155832290649414, 1.9649088382720947, -0.8402235507965088, 0.32770267128944397, 0.581274688243866, -1.8304098844528198, 0.685867965221405, 0.4873887300491333, 1.9452239274978638, 0.7379266619682312, -0.16637557744979858, 1.2458629608154297, -0.5535733103752136, 0.4461340010166168, 0.19156721234321594, 0.731799840927124, -2.2053940296173096, 1.7800389528274536, 0.6389069557189941, -1.6489536762237549, -0.5266767740249634, 1.3205143213272095, -0.31948283314704895, 1.1703763008117676, -3.0451605319976807, -0.283237487077713, 2.096752882003784, -0.8724353313446045, -1.0509754419326782, 1.3202474117279053, -0.4668090343475342, -0.25102072954177856, -0.23198917508125305, -1.6791110038757324, 0.689490795135498, 0.6624904870986938, 1.2759873867034912, 1.6661173105239868, 0.6943668127059937, 0.04636859521269798, -2.4580581188201904, 1.4249894618988037, -0.18788489699363708, 1.2107220888137817, -1.0088119506835938, 0.019422203302383423, 0.36214348673820496, -0.5997703671455383, 0.3243843615055084, -0.6260383725166321, -0.34729814529418945, 1.3175110816955566, -1.2041990756988525, 0.2616433799266815, -0.5927103161811829, -0.9014982581138611, -0.14025309681892395, -0.4209024906158447, 0.25265273451805115, 2.4660441875457764, 0.3754664659500122, 0.9732227921485901, -0.4219697415828705, 1.31479811668396, -1.5299816131591797, 1.9323389530181885, -0.050455063581466675, -0.21671931445598602, -0.5684999227523804, -0.4048157334327698, -2.0516366958618164, 0.18864373862743378]",yunet,Facenet,1920,1080,/home/amos/media/tv/modern_family/Modern.Family.S09.1080p.DSNP.WEB-DL.DDP5.1.H.264-CRFW/Modern.Family.S09E21.The.Escape.1080p.DSNP.WEB-DL.DDP5.1.H.264-CRFW.mkv,Modern Family,2009,1442437,9,21,Chris Geere,62879.0,0.638
1125,780,168,942,390,918,258,846,252,0.918,28320,1,"[0.724746584892273, 0.2084895372390747, -0.4986445903778076, 0.8736240267753601, 0.34125640988349915, -0.8281950950622559, 0.6719072461128235, -1.880959153175354, -0.5614779591560364, 1.0288385152816772, -0.20060041546821594, -0.1358879655599594, -0.7954380512237549, -0.29162105917930603, -0.5400713682174683, -0.31357502937316895, 0.21252110600471497, -0.9958664178848267, -0.7304953932762146, 0.0736355185508728, 1.1136188507080078, 0.006653692107647657, 1.3374416828155518, 0.7722908854484558, 2.045508623123169, 0.9560103416442871, 1.4029080867767334, -0.9720767736434937, 2.1081745624542236, -1.1025407314300537, 0.6260191202163696, 1.2512662410736084, 0.4899635314941406, 0.016044773161411285, 0.4506038427352905, -1.4006985425949097, 0.7290980219841003, 0.03427809104323387, 0.762673020362854, 0.10505124926567078, 0.43975165486335754, 2.129567861557007, 0.7772529125213623, -0.4265047013759613, -0.23862527310848236, 1.3382433652877808, -0.35173532366752625, 0.264986127614975, -0.5750427842140198, 2.54685115814209, -1.8715519905090332, -0.48789042234420776, 1.0713180303573608, 1.258060097694397, 0.29325342178344727, 0.15516895055770874, -0.4654822051525116, 1.043333888053894, 0.3653360903263092, -0.4823208153247833, 1.434859037399292, -2.473750591278076, 0.4275803864002228, 0.24480749666690826, -2.158592939376831, 1.355015754699707, -0.7641843557357788, 0.6836472749710083, 1.2363795042037964, -0.3532642126083374, -1.6030941009521484, 0.4564754068851471, -0.040580812841653824, 0.25641894340515137, -1.2847403287887573, -2.266016721725464, 2.344871759414673, 0.2710898220539093, 0.663027286529541, -0.3728395104408264, -1.8625941276550293, -0.32415345311164856, 0.8880550861358643, 0.5150995254516602, -0.5423508286476135, 0.8592052459716797, 1.5022186040878296, -2.6002538204193115, 0.25544872879981995, -0.3765794634819031, -1.1333270072937012, 0.08932441473007202, 0.37431687116622925, 0.044100455939769745, 2.5607924461364746, -1.3439825773239136, -0.24105903506278992, -0.22502532601356506, -2.0896379947662354, -1.7670291662216187, -0.6691985726356506, 1.3313740491867065, 0.7190390229225159, 1.5998657941818237, 0.6889058947563171, 0.07864139974117279, -0.07156465947628021, -0.14654453098773956, -1.78872549533844, -0.41824766993522644, 1.4147047996520996, -0.252960205078125, 1.5199424028396606, 1.4633550643920898, -1.1158881187438965, 1.4397821426391602, -1.561056137084961, -0.18976691365242004, -0.14033907651901245, -0.11024489998817444, -0.6221425533294678, 0.06326504051685333, 0.6236810088157654, -0.6230268478393555, -1.144389271736145, 0.39285144209861755, 1.2991538047790527, 1.1903635263442993]",yunet,Facenet,1920,1080,/home/amos/media/tv/modern_family/Modern.Family.S09.1080p.DSNP.WEB-DL.DDP5.1.H.264-CRFW/Modern.Family.S09E21.The.Escape.1080p.DSNP.WEB-DL.DDP5.1.H.264-CRFW.mkv,Modern Family,2009,1442437,9,21,Reid Ewing,967692.0,0.781
1126,222,390,390,612,360,486,288,480,0.903,28320,2,"[0.09527886658906937, 0.9873436689376831, 1.1900259256362915, -1.0094877481460571, 0.63504958152771, 0.15959760546684265, 0.4466617703437805, -1.4074903726577759, -0.8573370575904846, 0.032055582851171494, 0.5195783972740173, 1.3169513940811157, -0.9042395353317261, -1.720090389251709, -0.34999287128448486, 1.804386019706726, 0.3141050338745117, -0.5101654529571533, -0.2580855190753937, -0.16845664381980896, 1.0839205980300903, 0.13908237218856812, 0.4509590268135071, -0.6657805442810059, 0.29195636510849, 0.9393304586410522, -0.4660772681236267, 2.028111696243286, 1.2656378746032715, 0.47755780816078186, 0.016529906541109085, 0.24315345287322998, -0.12033003568649292, -0.0047822147607803345, -1.0052554607391357, 0.46162909269332886, -0.26914888620376587, -1.2302238941192627, -1.0542006492614746, -1.0462945699691772, -0.2692570388317108, -0.013350745663046837, -2.774853229522705, 0.11768801510334015, 1.0305144786834717, 0.1873052716255188, -0.4297598600387573, 0.3675526976585388, 0.39920079708099365, -0.002239242196083069, 0.4536821246147156, -0.7284846901893616, -0.5713467001914978, 0.6569079160690308, -0.8010421991348267, 1.494670033454895, -0.7347133755683899, -1.3103597164154053, 0.29506438970565796, 1.8610585927963257, -0.19007498025894165, -0.5167564749717712, 0.8438365459442139, 0.5031784176826477, 0.3712029457092285, -0.03743910789489746, 0.7238967418670654, 1.3107980489730835, 1.357534408569336, 1.173417568206787, -1.1211700439453125, 1.6990406513214111, -0.6714044809341431, 0.03546488285064697, 1.8266257047653198, -0.04030277207493782, 0.13372565805912018, 1.0591884851455688, -0.3155931532382965, 0.5738629698753357, -2.8592920303344727, -0.17653724551200867, -0.9600395560264587, -1.5098925828933716, -0.10952847450971603, 0.09148608148097992, -0.2748817503452301, -1.5692849159240723, 0.7815799713134766, -0.4698394536972046, 1.0410473346710205, -0.10549508780241013, 1.395483136177063, -1.104673981666565, 1.8617231845855713, -1.135772943496704, 0.23308567702770233, -0.4462187886238098, 0.7940623760223389, -0.23390188813209534, 1.127105951309204, 1.6091558933258057, -0.25533589720726013, -0.395020455121994, 0.04493122547864914, 1.1803357601165771, -1.2477797269821167, -0.7452234029769897, -0.6900619864463806, 0.16252654790878296, -1.7001197338104248, 1.792445421218872, -0.8064490556716919, -0.6590758562088013, 1.944869875907898, 2.425037384033203, -0.18685510754585266, 0.44980588555336, -1.5265108346939087, 0.16465185582637787, 1.1922005414962769, 0.6809906959533691, 2.342555522918701, -0.3646467328071594, 0.8519327044487, -1.894010066986084, -0.1729016751050949, 1.3817665576934814]",yunet,Facenet,1920,1080,/home/amos/media/tv/modern_family/Modern.Family.S09.1080p.DSNP.WEB-DL.DDP5.1.H.264-CRFW/Modern.Family.S09E21.The.Escape.1080p.DSNP.WEB-DL.DDP5.1.H.264-CRFW.mkv,Modern Family,2009,1442437,9,21,Adam Devine,212604.0,0.818
1127,648,156,804,366,768,234,696,234,0.919,28344,0,"[0.13946375250816345, -0.1955072283744812, -0.5954431891441345, 1.13973867893219, 0.01662556082010269, -0.9495960474014282, 0.8774918913841248, -1.4052380323410034, -0.018444618210196495, 1.6063792705535889, -0.39137381315231323, -0.5046999454498291, 0.10206994414329529, -0.28343844413757324, -0.6141633987426758, -0.17672690749168396, -0.1752644181251526, -0.7082135081291199, -0.46584606170654297, -0.04851493239402771, 1.4480998516082764, -0.031003952026367188, 1.6061367988586426, 1.0426592826843262, 2.1253128051757812, 0.7905406951904297, 1.396818995475769, -0.9133956432342529, 1.7944440841674805, -1.4430875778198242, 0.1774611473083496, 1.1474742889404297, 1.9751993417739868, -0.17813874781131744, 0.21076378226280212, -1.7949951887130737, 0.6982447504997253, 0.5061691403388977, 0.5846779346466064, -0.5749059915542603, 0.7519262433052063, 2.2986085414886475, 0.8093475103378296, -0.2725694477558136, -1.2064017057418823, 1.8541646003723145, -1.201339602470398, 0.09179152548313141, -0.5571235418319702, 2.242921829223633, -1.0624817609786987, -0.44911518692970276, 0.5513634085655212, 0.8400307893753052, 0.42304983735084534, 0.9471544623374939, -0.30320674180984497, 0.5905386805534363, 0.4222060441970825, -1.096132755279541, 1.1313058137893677, -1.6964401006698608, -0.1449965536594391, 0.5318916440010071, -1.4131443500518799, 0.3685794472694397, -0.9623357057571411, 0.4979788661003113, 1.2543461322784424, -0.30321750044822693, -1.8432058095932007, 0.45879098773002625, -0.24501639604568481, -0.6410143971443176, -1.335756540298462, -2.6237406730651855, 2.0670218467712402, -0.260430246591568, -0.03232318162918091, -0.4839671850204468, -1.1155372858047485, -0.635456919670105, 1.122278094291687, 0.6240614652633667, -0.423624724149704, 0.6453695297241211, 1.430991291999817, -1.749936580657959, -0.5649244785308838, -0.445779412984848, -0.6862490773200989, -0.08324505388736725, 0.600524365901947, 0.7477850317955017, 2.0239810943603516, -1.8901796340942383, 0.5690606832504272, -0.44718432426452637, -2.257075071334839, -1.9546202421188354, -0.857050895690918, 1.189757227897644, 0.892345130443573, 1.630049228668213, 0.07703756541013718, 0.035208433866500854, -0.037071555852890015, -0.8754669427871704, -1.5766181945800781, 0.31365102529525757, 1.2742029428482056, -0.43142253160476685, 0.7448558807373047, 2.253140926361084, -1.1990346908569336, 0.8095324039459229, -0.954703688621521, -0.5825378894805908, 0.16293245553970337, -0.24071502685546875, -0.37546300888061523, 0.3030599057674408, 0.46440786123275757, -0.0006077334983274341, -0.9313560724258423, -0.07803726196289062, 1.4670597314834595, 2.139714479446411]",yunet,Facenet,1920,1080,/home/amos/media/tv/modern_family/Modern.Family.S09.1080p.DSNP.WEB-DL.DDP5.1.H.264-CRFW/Modern.Family.S09E21.The.Escape.1080p.DSNP.WEB-DL.DDP5.1.H.264-CRFW.mkv,Modern Family,2009,1442437,9,21,Reid Ewing,967692.0,0.81
1128,1014,282,1224,540,1152,396,1062,396,0.909,28344,1,"[-0.2562867999076843, -2.3645105361938477, -0.8963741064071655, -0.4684423506259918, 0.689665675163269, 0.7420886754989624, -0.5267793536186218, 0.5613222122192383, 0.8231349587440491, 0.033960435539484024, 0.5162323117256165, -0.9281158447265625, -1.9798355102539062, -0.2000032365322113, -0.8156591653823853, -0.6008614897727966, -2.2327020168304443, -0.7002214789390564, 0.46112364530563354, -1.2094892263412476, -0.037016257643699646, -0.7818790674209595, -0.28425806760787964, -0.7160259485244751, 0.43921372294425964, 0.10069316625595093, 1.8159921169281006, -1.8706903457641602, -0.213562473654747, 0.20528122782707214, -0.4187150001525879, 1.0609190464019775, 0.25747478008270264, -0.5864449739456177, -1.3926867246627808, 1.4466516971588135, -0.4881936311721802, 0.6838240027427673, 0.974018394947052, -0.8825538158416748, 1.2790836095809937, 0.9174531102180481, -1.3643180131912231, -1.7489256858825684, 1.0234575271606445, -1.5441548824310303, -0.08420160412788391, 2.4466922283172607, 1.0293116569519043, -0.49594470858573914, -0.2866389751434326, 0.17481768131256104, -0.1977958083152771, 0.8655497431755066, 0.5657249689102173, -1.5396909713745117, -0.2724545896053314, 1.2797129154205322, -0.7870760560035706, 1.3054683208465576, 0.7613562345504761, -1.9202525615692139, -0.7855261564254761, 0.4816569685935974, 1.5872055292129517, 1.1627027988433838, -0.5093870759010315, 1.9206935167312622, -0.8710681200027466, 0.45217573642730713, -0.5239948034286499, 0.7330647706985474, -2.0324110984802246, 2.1718077659606934, 0.3112448751926422, -1.105440378189087, -0.40431633591651917, 2.2603344917297363, -0.005404070019721985, 1.8526172637939453, -3.664947032928467, -0.26257267594337463, 1.325921893119812, -0.26840728521347046, -1.554308533668518, 0.8290258646011353, 0.9145869016647339, -0.43454211950302124, -0.6836035251617432, -2.0114948749542236, 1.013838768005371, 1.318015456199646, 0.8514082431793213, 0.5819381475448608, 0.8789858222007751, 0.44031161069869995, -2.6580910682678223, 0.9696081876754761, -0.7883332967758179, 0.28971320390701294, -0.6937143802642822, -1.1616474390029907, -0.46843624114990234, -0.34695422649383545, 0.26241356134414673, -0.5301082730293274, -0.3651529848575592, -0.6859588623046875, -0.3402305841445923, 0.04703211784362793, -0.1029139831662178, -2.6360325813293457, 0.14282885193824768, -0.9032219648361206, -0.2792219817638397, 2.1090734004974365, -0.08324599266052246, 0.8900921940803528, -0.7752952575683594, 1.7902384996414185, -1.83231520652771, 0.8696348667144775, 0.2182794064283371, 0.7152321338653564, -0.40287983417510986, 0.3318178951740265, -0.82448410987854, 0.5838266015052795]",yunet,Facenet,1920,1080,/home/amos/media/tv/modern_family/Modern.Family.S09.1080p.DSNP.WEB-DL.DDP5.1.H.264-CRFW/Modern.Family.S09E21.The.Escape.1080p.DSNP.WEB-DL.DDP5.1.H.264-CRFW.mkv,Modern Family,2009,1442437,9,21,Chris Geere,62879.0,0.6
1129,144,360,300,576,270,444,204,444,0.906,28344,2,"[-0.5421968698501587, 1.2920297384262085, 1.8428654670715332, -0.8291117548942566, 0.15788334608078003, -0.47376593947410583, 1.2305034399032593, -2.4388139247894287, -0.14297381043434143, 0.2138054072856903, 0.500399112701416, 1.2444040775299072, -0.8043591976165771, -1.534074068069458, -0.0964345932006836, 2.1264359951019287, -0.6111088991165161, -0.12740102410316467, -1.408505916595459, -0.5367547273635864, 0.5821315050125122, 0.5876220464706421, -1.0364009141921997, -1.1888588666915894, 0.30766722559928894, 0.7757797837257385, 0.26058200001716614, 1.8254882097244263, 0.2896048128604889, 0.7389979362487793, -0.23094916343688965, 0.03282685577869415, -0.3103717267513275, -0.16538643836975098, -0.6794713735580444, 0.4096301794052124, -0.44042453169822693, -1.3343217372894287, -0.25708675384521484, -0.5406270027160645, 0.06047521531581879, -0.4837988317012787, -2.310960531234741, -0.2708810567855835, 0.8824263215065002, 0.018104486167430878, -1.5560489892959595, 0.26222729682922363, 0.5528257489204407, -0.00493912398815155, 0.3848370313644409, -0.9902257919311523, 0.07073048502206802, 0.701188862323761, -0.8204144239425659, 0.4901987910270691, -0.46252354979515076, -1.3964166641235352, 0.006331887096166611, 0.9971345663070679, -0.3981359302997589, -0.24160796403884888, -0.24912333488464355, 0.8064879775047302, 1.3154573440551758, -0.09021800756454468, 0.6384806632995605, 0.5751478672027588, 0.7706534266471863, 1.0279415845870972, -0.7692262530326843, 1.2797715663909912, 0.22123625874519348, -1.2986223697662354, 1.9939342737197876, -0.7949263453483582, 0.6776648759841919, 1.3710694313049316, 0.043322138488292694, 1.0564255714416504, -2.2324297428131104, -0.599053144454956, -0.970236599445343, -1.4710677862167358, -0.48963162302970886, 0.3892633616924286, -0.7643629312515259, -0.8824119567871094, 0.20866188406944275, -0.19928684830665588, 1.4459781646728516, 0.08979371190071106, 1.6245064735412598, -1.1365272998809814, 1.8724781274795532, -1.0830495357513428, 0.28077009320259094, 0.22061613202095032, 0.9610194563865662, -0.2476978302001953, 1.4507639408111572, 1.9349077939987183, -0.4335280656814575, -0.46659204363822937, 0.05742426961660385, 1.528944969177246, -1.249876618385315, -0.9783657789230347, -1.311676263809204, 0.27642950415611267, -0.7643449306488037, 1.7499905824661255, -0.845508337020874, -0.3684432804584503, 1.7444831132888794, 2.531654119491577, -0.11680804193019867, 1.3121668100357056, -1.3735226392745972, 1.1216706037521362, 0.7874377965927124, -0.11402826011180878, 2.8210840225219727, -0.908886730670929, 0.5214333534240723, -1.3560715913772583, 0.25558701157569885, 2.2967369556427]",yunet,Facenet,1920,1080,/home/amos/media/tv/modern_family/Modern.Family.S09.1080p.DSNP.WEB-DL.DDP5.1.H.264-CRFW/Modern.Family.S09E21.The.Escape.1080p.DSNP.WEB-DL.DDP5.1.H.264-CRFW.mkv,Modern Family,2009,1442437,9,21,Adam Devine,212604.0,0.813
1130,666,144,822,348,780,222,702,222,0.93,28368,0,"[-0.2026616632938385, -0.08956900238990784, -0.47654014825820923, 1.1268649101257324, -0.10700114071369171, -0.9550660252571106, -0.19354239106178284, -1.5441033840179443, 0.2217564880847931, 1.3098399639129639, 0.0005709230899810791, -0.1282648891210556, -0.3590282201766968, -0.3107539117336273, -0.1565171778202057, -0.34916985034942627, 0.18664997816085815, -0.5595741868019104, -0.9827266931533813, 0.23953869938850403, 1.9482558965682983, -0.699646532535553, 1.6686593294143677, 0.7030321359634399, 2.2388458251953125, 0.6962103843688965, 0.8058919906616211, -0.5249413847923279, 1.5160452127456665, -1.5652985572814941, -0.06117381155490875, 0.7408875823020935, 1.1149911880493164, -0.03574279695749283, 0.9330699443817139, -0.7899791598320007, 0.2424829602241516, 0.029005009680986404, 0.05692988634109497, 0.0027700327336788177, 0.4238335192203522, 2.4602034091949463, 0.8332676887512207, -0.11965402960777283, -1.1950631141662598, 1.54457688331604, -0.5303208231925964, 0.469347208738327, -0.9212138652801514, 2.188809394836426, -1.2426618337631226, -0.3483756184577942, 0.37787380814552307, 0.693767786026001, 0.9257809519767761, 0.7115499973297119, -0.013531748205423355, 1.0340697765350342, 0.8113934993743896, -1.0012377500534058, 1.8465007543563843, -1.8544310331344604, 0.23032844066619873, 0.508033812046051, -1.3181308507919312, 0.7188901901245117, -1.396485686302185, 0.8256579041481018, 1.2257119417190552, -0.5135356187820435, -1.8739724159240723, -0.016054771840572357, -0.03391532599925995, -0.5702118873596191, -1.1303203105926514, -2.1468706130981445, 2.5831353664398193, -0.14044688642024994, -0.3635762333869934, -0.6315686702728271, -1.4125587940216064, -1.1131447553634644, 0.8442667722702026, 1.2827991247177124, -0.42954781651496887, 0.17665117979049683, 1.5541800260543823, -2.031741142272949, -0.468435138463974, -0.46197283267974854, -0.7471520304679871, -0.4345773756504059, 0.7755227088928223, 0.3732556700706482, 1.7057406902313232, -1.2354323863983154, 0.444541335105896, -0.22705669701099396, -2.473745584487915, -1.5042436122894287, -0.8126468062400818, 1.2628276348114014, 0.5749902725219727, 1.6772873401641846, 0.7775888442993164, -0.576417863368988, 0.055902767926454544, -0.5234904289245605, -1.0342316627502441, 0.19665184617042542, 1.871085286140442, -0.7046602964401245, 1.2833685874938965, 2.242229461669922, -0.9908313751220703, 0.9668004512786865, -0.9154254198074341, -0.1922450065612793, 0.6306800246238708, -0.052816398441791534, -0.3524736762046814, -0.08809076994657516, 0.09737597405910492, -0.48866036534309387, -0.6735029220581055, -0.3381649851799011, 1.4600082635879517, 2.0077435970306396]",yunet,Facenet,1920,1080,/home/amos/media/tv/modern_family/Modern.Family.S09.1080p.DSNP.WEB-DL.DDP5.1.H.264-CRFW/Modern.Family.S09E21.The.Escape.1080p.DSNP.WEB-DL.DDP5.1.H.264-CRFW.mkv,Modern Family,2009,1442437,9,21,Reid Ewing,967692.0,0.802
1131,204,348,360,546,330,426,270,426,0.914,28368,1,"[-0.5698409080505371, 0.9373044967651367, 1.2524499893188477, -1.0498896837234497, -0.42067253589630127, -0.4605569541454315, 0.7723475694656372, -2.282819986343384, -0.531390905380249, 0.37076911330223083, 0.5006930828094482, 1.358493685722351, -1.2369738817214966, -1.6219402551651, -0.1981646716594696, 2.0972533226013184, -0.8220876455307007, -0.15216419100761414, -1.7576441764831543, -0.3190653920173645, 0.6396825313568115, 0.11109739542007446, -0.6007253527641296, -1.1004010438919067, 0.33841773867607117, 0.9569713473320007, 0.6614718437194824, 1.668809175491333, 0.5514118671417236, 1.3817996978759766, 0.35964226722717285, 0.47171229124069214, 0.41262492537498474, -0.11661161482334137, -1.0774250030517578, 0.022693544626235962, -0.16962462663650513, -1.3069735765457153, 0.05179283022880554, -0.19279193878173828, 0.11910359561443329, -0.4851505160331726, -2.3924200534820557, -0.3345603346824646, 1.0405242443084717, -0.42389971017837524, -0.9654117226600647, 0.49349185824394226, -0.0647842064499855, -0.039656102657318115, 0.647318959236145, -1.5690863132476807, 0.44250795245170593, 1.0474004745483398, -0.7946026921272278, 0.5393670797348022, -0.0453026108443737, -0.7046251893043518, 0.008893277496099472, 0.7623592615127563, -0.18961301445960999, -0.7005271911621094, -0.7702816128730774, 0.8404099941253662, 1.5421971082687378, -0.5963699817657471, 0.502112627029419, 0.7420287728309631, 0.2845208942890167, 0.28402361273765564, -1.2281352281570435, 1.3255341053009033, 0.40959128737449646, -0.8700918555259705, 2.020777463912964, -0.7276422381401062, 1.0829869508743286, 1.5813804864883423, 0.3588888347148895, 0.5824801921844482, -2.9162378311157227, -0.5816245079040527, -0.7260293364524841, -1.456222414970398, -0.5818648338317871, 0.6531357765197754, -0.4418448507785797, -0.5707071423530579, 0.46199819445610046, -0.017654046416282654, 0.9051827192306519, -0.2114115059375763, 1.2880159616470337, -1.4000686407089233, 2.2394089698791504, -1.1307560205459595, 0.2309654802083969, -0.37347307801246643, 0.8015614748001099, -0.893261730670929, 1.3513160943984985, 1.9886815547943115, -0.3669232726097107, -0.4965105354785919, 0.023755304515361786, 1.1190621852874756, -1.1152945756912231, -0.8009093999862671, -0.3905211091041565, 0.3578777015209198, -0.9360419511795044, 1.5900505781173706, -0.8073078393936157, -0.6204162240028381, 1.5677070617675781, 2.6376850605010986, -0.18269075453281403, 1.2729430198669434, -1.1975975036621094, 0.7623471617698669, 0.7540361881256104, -0.001790044829249382, 2.7239291667938232, -0.7128322124481201, 0.5851799845695496, -1.4936299324035645, 0.0009309146553277969, 2.261000871658325]",yunet,Facenet,1920,1080,/home/amos/media/tv/modern_family/Modern.Family.S09.1080p.DSNP.WEB-DL.DDP5.1.H.264-CRFW/Modern.Family.S09E21.The.Escape.1080p.DSNP.WEB-DL.DDP5.1.H.264-CRFW.mkv,Modern Family,2009,1442437,9,21,Adam Devine,212604.0,0.829
1132,1062,276,1266,516,1188,384,1098,384,0.906,28368,2,"[-0.5580828189849854, -1.976426124572754, -0.0691966637969017, -0.6633908152580261, 0.47522982954978943, 1.0767920017242432, -1.0204399824142456, 0.6755864024162292, 1.3608269691467285, -1.3717586994171143, 0.13264718651771545, 0.7064301371574402, -0.8946338295936584, -0.2589845061302185, -0.769843339920044, -0.6258420348167419, -1.8292077779769897, 0.3623332381248474, 0.19636675715446472, 0.05114898458123207, 0.038977473974227905, 0.8743616938591003, -0.8963192701339722, -0.41199013590812683, -0.6427295804023743, -0.3423600494861603, -0.6965897083282471, -1.5922614336013794, 0.07100462913513184, -0.5209227204322815, 0.19280168414115906, 0.3251432478427887, 0.09049751609563828, -0.6481616497039795, -1.563002586364746, 1.0506218671798706, 0.38695448637008667, 0.6126797199249268, 0.22473019361495972, -0.7125992774963379, 1.481730341911316, 1.1592352390289307, -0.9804866313934326, -1.4401217699050903, 0.8000015020370483, -0.5505455136299133, 1.2738513946533203, 1.0033133029937744, 1.1014258861541748, 0.4024182856082916, -0.6299052238464355, -0.40048879384994507, -0.7047061920166016, -1.1730893850326538, 0.5202052593231201, -1.0001983642578125, -0.9449087381362915, 1.2348912954330444, 0.14877845346927643, 1.8288112878799438, 1.4664338827133179, -1.2956033945083618, -1.2026737928390503, 0.19283726811408997, 1.1280854940414429, 1.5994051694869995, 0.5232845544815063, 2.45747971534729, 0.01905515417456627, -0.5256279706954956, -0.7733550071716309, 0.8966594934463501, -1.875290036201477, 1.4152686595916748, 0.16619542241096497, -0.7648329138755798, -1.0937137603759766, 0.745192289352417, -0.9142823815345764, 1.794771432876587, -3.5251615047454834, -1.6277824640274048, 0.6952887177467346, 0.9130908846855164, -1.566533088684082, 0.13234181702136993, 1.163927435874939, 0.6676653623580933, -0.3289179503917694, -1.7598263025283813, 1.0479930639266968, 0.42768844962120056, 0.4179593622684479, -0.4704534709453583, 0.5929595828056335, -0.2815682590007782, -1.6420917510986328, 1.164443016052246, 0.4486851394176483, 0.3938541114330292, 0.25509291887283325, -0.9443066120147705, -1.0590702295303345, -0.7665758728981018, -0.1304631531238556, -0.4068836569786072, 0.3224046230316162, -1.565698504447937, -0.2242097407579422, 0.09260182827711105, 0.24661855399608612, -1.6678054332733154, 0.7169265747070312, -0.8982254862785339, 0.17080944776535034, 1.338903784751892, -0.25491654872894287, 1.0328834056854248, -0.6070607900619507, 1.8272655010223389, -2.2361509799957275, 1.2558870315551758, 0.04429537430405617, 1.004357099533081, -0.2345111221075058, -0.6612681150436401, -1.4390919208526611, 0.6708264946937561]",yunet,Facenet,1920,1080,/home/amos/media/tv/modern_family/Modern.Family.S09.1080p.DSNP.WEB-DL.DDP5.1.H.264-CRFW/Modern.Family.S09E21.The.Escape.1080p.DSNP.WEB-DL.DDP5.1.H.264-CRFW.mkv,Modern Family,2009,1442437,9,21,,,
1133,846,168,1086,480,984,282,888,282,0.928,28392,0,"[0.010717645287513733, -1.1993768215179443, 0.5457160472869873, 1.1575005054473877, 0.21732573211193085, -0.9880605936050415, 2.1056063175201416, -2.044280529022217, -1.6745222806930542, 4.274324417114258, -1.2864441871643066, 0.8919510245323181, 0.3821437954902649, 1.207997441291809, -0.012423329055309296, -0.9405766129493713, 0.646912693977356, -1.7395638227462769, -1.156296730041504, -0.5640230178833008, -0.15791365504264832, -0.7455050349235535, 0.020629800856113434, 0.2853993773460388, 0.12274332344532013, 0.7261521220207214, 1.1957261562347412, -0.8856379985809326, 1.2962929010391235, 0.1988837867975235, 0.8137704133987427, -0.5250749588012695, -1.2849758863449097, -0.8110123872756958, 1.6242856979370117, -1.6014630794525146, -0.8029623627662659, 0.8204039931297302, 0.5650286674499512, -2.168426513671875, -1.0559324026107788, 0.8126957416534424, 0.06226985901594162, 1.2696670293807983, -0.15182460844516754, -0.9761004447937012, 0.5340914130210876, 1.0010541677474976, -1.0660879611968994, 0.7679382562637329, -0.9085317850112915, 1.516335368156433, -0.23117682337760925, -0.6805704832077026, -0.10417337715625763, -0.31373655796051025, 1.8481898307800293, 1.4060933589935303, 0.1852484792470932, -0.6412270665168762, -1.0034421682357788, -0.6363499164581299, 0.33470502495765686, -0.6423456072807312, -0.6149060130119324, 1.4462196826934814, -0.7722622156143188, 0.5617150664329529, 0.20808008313179016, 1.810764193534851, -0.2201305329799652, 0.02229785919189453, -0.42829862236976624, -0.24082811176776886, -1.0119215250015259, -1.4246070384979248, 0.029141798615455627, -2.8029143810272217, -0.13835026323795319, -0.9041935205459595, 0.2506868541240692, -0.454871267080307, 0.9877332448959351, 0.9437784552574158, -1.3883757591247559, 0.5549823045730591, 0.2035888135433197, -0.9801592826843262, 0.6106234788894653, -0.7279961109161377, -1.7864707708358765, -0.49354010820388794, 0.5967562794685364, 0.8167840838432312, 2.3693394660949707, 0.3419652581214905, 1.447893500328064, 0.6900097131729126, 0.5046692490577698, -0.8387212157249451, -0.12666943669319153, 0.5493130683898926, -1.4187663793563843, 0.6062106490135193, 0.6781597137451172, 0.7499872446060181, 0.3213859796524048, -0.7960522174835205, 1.5706348419189453, -0.15974020957946777, -0.008592473343014717, 0.9223764538764954, 1.1845077276229858, 0.7854235172271729, -0.37283384799957275, -0.150645911693573, -1.0820951461791992, 0.19952650368213654, -0.3966434597969055, -0.5783881545066833, 1.2299352884292603, 0.0343845970928669, -0.8322020173072815, -0.8194245100021362, -0.4614031910896301, 1.4742279052734375, 1.823706030845642, -1.2858868837356567]",yunet,Facenet,1920,1080,/home/amos/media/tv/modern_family/Modern.Family.S09.1080p.DSNP.WEB-DL.DDP5.1.H.264-CRFW/Modern.Family.S09E21.The.Escape.1080p.DSNP.WEB-DL.DDP5.1.H.264-CRFW.mkv,Modern Family,2009,1442437,9,21,Sarah Hyland,91351.0,0.675
1134,852,174,1068,462,942,270,888,276,0.9,28416,0,"[1.401827096939087, -0.4207361340522766, 0.2895817160606384, 0.999616265296936, 0.14560942351818085, -0.36557698249816895, 1.1589888334274292, -0.04873882606625557, 0.15744203329086304, 0.8565738201141357, -1.6136574745178223, 0.06054531782865524, 1.4762628078460693, 2.560091495513916, -0.3711619973182678, 1.2558743953704834, -0.6034470796585083, 0.014766976237297058, -1.1908538341522217, -0.6977943181991577, -1.9376327991485596, 1.8698365688323975, -0.8477855324745178, 0.3289986848831177, 2.5172712802886963, 0.9849756956100464, 0.7676624059677124, -1.6898787021636963, 2.23358154296875, -0.07259675860404968, 1.2861557006835938, -1.9656082391738892, 0.130960613489151, 0.25100842118263245, 0.08197910338640213, -1.003190517425537, 0.675721287727356, 2.9416589736938477, -1.0617656707763672, 1.192220687866211, 0.5743283629417419, 1.479817271232605, 2.2620646953582764, 0.6519098281860352, -2.021043300628662, -0.605910062789917, -0.12830282747745514, 0.46950507164001465, 0.3956536054611206, -0.0772271603345871, -1.2619770765304565, 1.490617275238037, 0.08972708880901337, 0.6165229678153992, 1.0728938579559326, -1.5505073070526123, 1.3290075063705444, 1.9355714321136475, 0.07784977555274963, 0.17453086376190186, 0.08991048485040665, 0.597092866897583, -1.6973339319229126, 2.2580416202545166, 0.3754329979419708, 1.4362586736679077, -1.8555240631103516, 1.0960488319396973, -0.5569341778755188, 0.6273642778396606, 1.3304946422576904, 0.16211485862731934, -0.016090326011180878, -0.07563864439725876, 0.48136305809020996, -0.6758102178573608, 0.04606714844703674, 0.3746570646762848, 0.9737939238548279, 0.22852618992328644, -0.45558059215545654, -0.29787516593933105, 2.0510735511779785, 0.710659921169281, -0.40156880021095276, 1.0725009441375732, -0.08140232414007187, -0.31727778911590576, -0.4341646432876587, -1.1591383218765259, -0.2338908612728119, -0.25870609283447266, 1.2297710180282593, -2.1139936447143555, 1.1558414697647095, 1.1420013904571533, -0.879567563533783, 0.8683579564094543, 0.8418004512786865, -1.4843820333480835, -0.5140953660011292, 1.8929357528686523, -2.0226664543151855, 0.6731866598129272, 0.07943572849035263, 0.7197248339653015, -0.40333858132362366, -0.9201154708862305, -0.44449830055236816, -1.1152310371398926, 0.003632929176092148, 0.8861858248710632, 1.2223416566848755, -0.6038346886634827, -1.0324788093566895, -0.3057253658771515, -0.9252215623855591, 0.24860821664333344, 1.0258111953735352, -0.8730356097221375, 2.053187370300293, -0.7680736780166626, -0.3471592664718628, -1.683192491531372, -0.16037188470363617, 0.49320855736732483, 0.9815450310707092, 0.5353923439979553]",yunet,Facenet,1920,1080,/home/amos/media/tv/modern_family/Modern.Family.S09.1080p.DSNP.WEB-DL.DDP5.1.H.264-CRFW/Modern.Family.S09E21.The.Escape.1080p.DSNP.WEB-DL.DDP5.1.H.264-CRFW.mkv,Modern Family,2009,1442437,9,21,,,
1135,1284,192,1464,438,1410,306,1332,300,0.929,28440,0,"[-0.5432202816009521, 0.0880236029624939, -1.144081473350525, 0.12462424486875534, 0.8421096801757812, 1.0051461458206177, 0.9795371294021606, 1.3231569528579712, 1.4060393571853638, -1.3582144975662231, 1.518674612045288, -0.250196635723114, -0.8575842976570129, 0.6530144214630127, -0.35907626152038574, -0.33950334787368774, -1.5729210376739502, 0.28210246562957764, 0.09146769344806671, 0.1183893084526062, -0.7618656158447266, -0.20615416765213013, -0.15248972177505493, -2.115448236465454, -0.10721580684185028, -0.16339311003684998, 0.7733355760574341, -1.78707754611969, -1.4147590398788452, -0.6817476749420166, -0.9866286516189575, -0.04702730104327202, -0.3387281894683838, -0.11267513781785965, -0.4985619783401489, 1.2772897481918335, -0.6372483372688293, 0.34635984897613525, 1.614609956741333, -0.7638050317764282, 1.1948113441467285, 1.2815613746643066, -1.552319049835205, -1.7034324407577515, 1.0263100862503052, -1.4048302173614502, -0.3256722688674927, 1.6590574979782104, 0.7200806736946106, 0.7462666034698486, -1.1425905227661133, 2.689922571182251, -0.31823810935020447, 0.5974223017692566, -0.2179863005876541, -0.02153787761926651, 1.3569456338882446, 1.4888453483581543, -0.40170541405677795, 0.24360021948814392, 1.1831976175308228, -0.35005342960357666, 0.5297378301620483, 1.87166166305542, 3.145002841949463, -0.4670829176902771, -0.17701685428619385, 1.4440020322799683, -1.1648412942886353, -0.566820502281189, -0.9050032496452332, 0.8303890228271484, -2.968891143798828, 1.0726468563079834, 0.6544038653373718, -1.499164342880249, -1.3252851963043213, 0.6582005620002747, -1.409058690071106, 0.4123566746711731, -1.4385730028152466, -0.11717203259468079, 1.208984375, -0.5101650357246399, -0.276376336812973, 0.48335662484169006, 0.1689818650484085, 0.9397851228713989, -2.3961145877838135, -2.169330596923828, -0.4288924038410187, 0.8159397840499878, 1.7598769664764404, 0.13400302827358246, -0.5440871715545654, 0.18605990707874298, -2.018810272216797, -0.46712806820869446, -0.059374094009399414, 1.1922115087509155, -1.7516065835952759, 0.4956554174423218, -0.9525513648986816, -0.2563157379627228, 0.016375869512557983, 0.6149938106536865, -0.8447028994560242, 0.11311303079128265, -0.5093863606452942, -0.44844645261764526, 0.08745846897363663, -0.40405410528182983, 0.58589768409729, 0.08737045526504517, -0.1472962647676468, 2.225296974182129, -0.017734937369823456, 1.0363385677337646, 0.4496263563632965, 2.0030250549316406, -1.8130110502243042, 1.4927623271942139, 1.2234567403793335, -0.6117780208587646, -0.30900973081588745, -0.42665401101112366, -1.180424690246582, 0.6773940324783325]",yunet,Facenet,1920,1080,/home/amos/media/tv/modern_family/Modern.Family.S09.1080p.DSNP.WEB-DL.DDP5.1.H.264-CRFW/Modern.Family.S09E21.The.Escape.1080p.DSNP.WEB-DL.DDP5.1.H.264-CRFW.mkv,Modern Family,2009,1442437,9,21,Chris Geere,62879.0,0.684
1136,810,120,966,330,936,204,870,204,0.923,28440,1,"[-0.1780417263507843, -1.3089262247085571, -0.7190645933151245, 0.5259103178977966, -0.5065386295318604, -0.35554617643356323, 0.6541234850883484, -0.8888273239135742, -0.4842964708805084, 1.3586738109588623, -0.6342123746871948, -0.9611618518829346, -0.1866399347782135, 0.46058061718940735, -1.2397658824920654, -0.3415396809577942, -0.29292458295822144, -0.9601309299468994, -0.013601846992969513, -0.5966781377792358, 1.3934032917022705, -0.237790048122406, 0.5093632936477661, 1.2576433420181274, 1.995807409286499, 0.9369958639144897, 1.5764962434768677, -1.479003667831421, 1.7523566484451294, -1.3842113018035889, 0.7866551876068115, 1.7847659587860107, 2.063467502593994, -0.3818383812904358, 0.13334444165229797, -1.0551214218139648, 0.46911895275115967, 0.9423272609710693, 1.0482680797576904, -0.23698249459266663, 1.1177761554718018, 2.16300630569458, 0.6462894678115845, -1.3353732824325562, -0.8351061940193176, 1.2318061590194702, -0.7594118714332581, 1.2723026275634766, -0.9833562970161438, 2.0646047592163086, -1.5183278322219849, 0.4353405833244324, 0.7990555167198181, 1.1306841373443604, 0.6516237854957581, 1.1207278966903687, -1.0057554244995117, 0.46662306785583496, 0.9088762998580933, -0.7309879660606384, 1.2796497344970703, -1.7653638124465942, -0.6082269549369812, 0.8840893507003784, -1.3117971420288086, 0.47011876106262207, -0.8219039440155029, 0.47375282645225525, 0.7456420660018921, -0.5657414197921753, -1.4274003505706787, -0.13858959078788757, 0.6871448159217834, -0.24589282274246216, -0.9767835140228271, -2.75355863571167, 1.6857099533081055, 0.06557029485702515, 0.28031104803085327, -0.33444303274154663, -1.2747058868408203, -0.917493462562561, 0.484298974275589, 0.4914883077144623, -0.06736739724874496, 1.3273544311523438, 1.5570108890533447, -1.385424017906189, 0.24472802877426147, 0.11486457288265228, -0.8641655445098877, 0.9504595398902893, 0.5699058175086975, 0.5310825705528259, 2.290648937225342, -0.31495943665504456, 0.3730391561985016, -0.4592829942703247, -1.8726234436035156, -1.3143481016159058, -0.8475008010864258, 1.3913642168045044, 1.2075364589691162, 0.8266292214393616, 0.2969144582748413, -0.6342360973358154, 0.48835065960884094, 0.16860562562942505, -0.7941560745239258, -0.536154568195343, 1.1697415113449097, -1.1715339422225952, 0.8715947866439819, 1.6644587516784668, -1.6924457550048828, 0.6221613883972168, -0.5506128072738647, 0.5407960414886475, -0.3672195374965668, -0.42948266863822937, -1.009054183959961, 0.23228172957897186, 0.3692510724067688, 0.20706847310066223, -0.8783227801322937, 0.9798746705055237, 1.490019679069519, 1.4023354053497314]",yunet,Facenet,1920,1080,/home/amos/media/tv/modern_family/Modern.Family.S09.1080p.DSNP.WEB-DL.DDP5.1.H.264-CRFW/Modern.Family.S09E21.The.Escape.1080p.DSNP.WEB-DL.DDP5.1.H.264-CRFW.mkv,Modern Family,2009,1442437,9,21,Reid Ewing,967692.0,0.818
1137,318,360,480,576,450,438,390,438,0.909,28440,2,"[0.2201080322265625, 1.0517151355743408, 1.2903571128845215, -0.8073381185531616, 0.06426376104354858, 0.09749108552932739, 0.812589704990387, -2.279982566833496, -0.10514809936285019, -0.05012115091085434, 0.0015007853507995605, 0.8938760757446289, -1.2823985815048218, -1.1891361474990845, -0.052149102091789246, 1.8137661218643188, -0.6038094758987427, -0.12831929326057434, -1.2232553958892822, -0.6755808591842651, 0.5135462284088135, 0.6708822846412659, -1.1683776378631592, -1.1256917715072632, 1.0271611213684082, 1.3188328742980957, -0.1298832893371582, 1.4743947982788086, 0.6577044725418091, 0.5653528571128845, 0.10029241442680359, 0.4427472651004791, -0.8054765462875366, 0.03309464454650879, -0.5649121999740601, 0.6159881353378296, -0.1550241857767105, -1.2961490154266357, -0.5405151844024658, -0.40421921014785767, 0.02531929686665535, -0.1274736523628235, -1.7438899278640747, -0.20476078987121582, 0.7969717979431152, -0.4107997417449951, -1.4928613901138306, 0.8409146070480347, 0.26428014039993286, -0.03422452509403229, 0.43183350563049316, -1.275527000427246, -0.0021518543362617493, 1.3073318004608154, -0.7896955609321594, 0.497826486825943, -0.037391070276498795, -1.3618206977844238, -0.40048420429229736, 1.043920874595642, -0.79127436876297, -0.4509882926940918, -0.0325031504034996, 1.14016854763031, 1.029929757118225, 0.04591894522309303, 0.6087665557861328, 0.4560581147670746, 0.3423043489456177, 1.047682523727417, 0.09012895077466965, 1.2918518781661987, 0.05048730969429016, -0.8292731642723083, 1.9609034061431885, -1.0760571956634521, 0.6123055219650269, 1.5322061777114868, -0.12418867647647858, 1.2829242944717407, -2.1722867488861084, -0.8622192144393921, -0.8656290173530579, -1.3972269296646118, -0.5363243818283081, 0.00034181028604507446, -0.8050875663757324, -1.34972083568573, 1.0116139650344849, -0.7440216541290283, 1.3744310140609741, -0.5964468121528625, 1.0292870998382568, -1.5193113088607788, 1.6726130247116089, -0.3909880816936493, -0.08212517201900482, -0.03645337373018265, 0.8799957036972046, -0.5666922926902771, 1.5624735355377197, 1.7573493719100952, -0.7213698625564575, -0.710923433303833, 0.026361607015132904, 1.1583043336868286, -1.3275328874588013, -1.6347852945327759, -0.48907050490379333, 0.24282948672771454, -1.1280534267425537, 1.5487542152404785, -0.452485591173172, -0.5252159237861633, 1.825517177581787, 1.9031699895858765, -0.32087188959121704, 1.228142499923706, -1.3571664094924927, 0.7399710416793823, 1.0346190929412842, -0.4979979693889618, 3.3272109031677246, -0.6748932600021362, 0.5949642062187195, -1.0203248262405396, 0.6460186243057251, 2.1231958866119385]",yunet,Facenet,1920,1080,/home/amos/media/tv/modern_family/Modern.Family.S09.1080p.DSNP.WEB-DL.DDP5.1.H.264-CRFW/Modern.Family.S09E21.The.Escape.1080p.DSNP.WEB-DL.DDP5.1.H.264-CRFW.mkv,Modern Family,2009,1442437,9,21,Adam Devine,212604.0,0.783
1138,1320,204,1512,456,1458,312,1356,318,0.932,28464,0,"[-0.8795980215072632, -0.3032616376876831, -1.2742282152175903, 0.012782514095306396, 0.27573806047439575, 1.6037967205047607, 0.9737652540206909, 0.9846505522727966, 0.9269023537635803, -0.6267003417015076, 1.2893123626708984, -0.3961784243583679, -1.1578806638717651, 0.4570246636867523, -0.3193891942501068, 0.032138891518116, -1.2709256410598755, 0.4667357802391052, 0.12016703188419342, -0.4059638977050781, -0.7708479166030884, 0.5429840683937073, -1.0796539783477783, -2.3992421627044678, 0.1730029135942459, 0.9003934264183044, 1.1559919118881226, -1.4206578731536865, -0.23556722700595856, -0.6862422823905945, -1.0508679151535034, 0.9409786462783813, 0.03406529128551483, -0.5364114046096802, 0.7018696665763855, 0.9687549471855164, -0.1815306544303894, 0.33368396759033203, 1.3209567070007324, -0.7206312417984009, 0.8537005186080933, 1.1653032302856445, -1.749572992324829, -1.9020726680755615, 0.5651824474334717, -2.28932523727417, -0.7188848257064819, 1.3328088521957397, 1.397304892539978, 0.020040059462189674, -0.8265230059623718, 1.9045039415359497, -0.6156206130981445, 1.0693918466567993, -0.002386467531323433, 0.09934316575527191, 1.648239254951477, 1.3136723041534424, -0.34545043110847473, -0.679466962814331, 0.22215422987937927, -0.7072237730026245, 0.6361202001571655, 2.260653018951416, 3.0513291358947754, 0.675361156463623, 0.6262908577919006, 2.5056886672973633, -0.45721474289894104, -0.3601277768611908, -0.7870882749557495, 0.7871487140655518, -2.5875792503356934, 1.490154504776001, 1.0383955240249634, -1.2212176322937012, -1.058799386024475, 0.5407184958457947, -1.6310303211212158, 1.252974033355713, -1.6936557292938232, 0.03488396108150482, 0.10334385186433792, -0.47325968742370605, -0.3331339955329895, 0.15658368170261383, -0.2991305887699127, 0.9523354768753052, -2.8566930294036865, -1.2875066995620728, -0.20318320393562317, 0.26551103591918945, 1.4788546562194824, -0.5826658010482788, -1.3046828508377075, 0.3933592140674591, -1.8333810567855835, 0.30507922172546387, 0.8388383984565735, 0.664526641368866, -2.434757947921753, 0.036645449697971344, -1.0899710655212402, 0.17975763976573944, 0.25545448064804077, 1.2207986116409302, -1.0066020488739014, -0.4667130410671234, 0.2813358008861542, -0.1250779628753662, 0.4149606227874756, -0.6111814379692078, 0.283638596534729, 0.19949647784233093, 0.49325522780418396, 2.1119308471679688, 0.3073774576187134, 0.5098125338554382, 1.0356650352478027, 2.2670226097106934, -1.1442745923995972, 1.1778590679168701, 1.367570161819458, -0.2958672344684601, -0.0034560710191726685, 0.36445412039756775, -0.6551804542541504, 1.1704986095428467]",yunet,Facenet,1920,1080,/home/amos/media/tv/modern_family/Modern.Family.S09.1080p.DSNP.WEB-DL.DDP5.1.H.264-CRFW/Modern.Family.S09E21.The.Escape.1080p.DSNP.WEB-DL.DDP5.1.H.264-CRFW.mkv,Modern Family,2009,1442437,9,21,Chris Geere,62879.0,0.529
1139,834,138,1002,360,966,222,882,222,0.922,28464,1,"[0.2203473597764969, -0.6657295227050781, -0.9450809955596924, 0.8036842346191406, -0.34168484807014465, -0.5459707379341125, 1.0325349569320679, -0.7986029982566833, -0.5691229701042175, 1.0217723846435547, -0.505466878414154, -0.9309036135673523, -0.18565595149993896, -0.12710218131542206, -0.49101242423057556, -0.6535542011260986, -0.17808064818382263, -1.1612251996994019, -0.4634719491004944, -0.6549710035324097, 1.8163756132125854, -0.36672547459602356, 1.2404818534851074, 0.5885338187217712, 2.3345108032226562, 0.5929362177848816, 1.0290777683258057, -1.1526131629943848, 2.0258915424346924, -1.468867540359497, 0.11205607652664185, 1.7563834190368652, 1.710378646850586, -0.34299567341804504, 1.2588940858840942, -1.5273594856262207, 0.016023550182580948, 0.5982057452201843, 0.3511146306991577, -0.4274868071079254, 0.9763452410697937, 2.3966996669769287, 0.15738904476165771, -0.8402661085128784, -0.8734683394432068, 1.0503020286560059, -0.2825906574726105, 0.9009495973587036, -0.8463972806930542, 1.7241120338439941, -1.351984977722168, 0.42409801483154297, 0.6695361733436584, 0.7492672204971313, 0.9986302256584167, 0.9214637875556946, -0.6623517274856567, 1.0525962114334106, 0.8268296122550964, -0.9751023054122925, 1.3813449144363403, -2.443948268890381, -0.09310278296470642, 0.02720589190721512, -1.4187781810760498, 0.22726182639598846, -0.8717186450958252, 0.9587454199790955, 1.0014376640319824, -0.7088412046432495, -1.6403295993804932, -0.038999155163764954, -0.5238980054855347, -0.5479640960693359, -1.6446181535720825, -2.6031413078308105, 1.880584955215454, 0.2190360128879547, -0.005006089806556702, -0.817060649394989, -0.6764270067214966, -0.6333661079406738, 0.6314723491668701, 0.1502649337053299, -0.4901901185512543, 0.43616756796836853, 1.5268399715423584, -2.5241761207580566, -0.17013445496559143, -0.48817047476768494, -1.0172110795974731, 0.19165155291557312, 0.19183190166950226, 0.36307767033576965, 1.7425793409347534, -0.6145099401473999, 0.4196094274520874, -0.6748151183128357, -1.5745747089385986, -0.8361597657203674, -1.400336742401123, 1.1848673820495605, 0.7096970081329346, 1.7714743614196777, 0.17721104621887207, -0.10329080373048782, 0.5242466926574707, -0.3281557261943817, -0.9087570309638977, 0.25330206751823425, 0.5310218930244446, -0.7563239932060242, 1.3007372617721558, 1.353088617324829, -1.4763541221618652, 0.5621477365493774, -0.6891121864318848, -0.5305179953575134, -0.011594295501708984, -0.6571140885353088, -0.46484291553497314, 0.5775153636932373, 0.1810075342655182, 0.20243138074874878, -0.6316205263137817, 1.1603987216949463, 0.7857767939567566, 1.4062113761901855]",yunet,Facenet,1920,1080,/home/amos/media/tv/modern_family/Modern.Family.S09.1080p.DSNP.WEB-DL.DDP5.1.H.264-CRFW/Modern.Family.S09E21.The.Escape.1080p.DSNP.WEB-DL.DDP5.1.H.264-CRFW.mkv,Modern Family,2009,1442437,9,21,Reid Ewing,967692.0,0.836
1140,306,378,468,588,444,462,390,462,0.905,28464,2,"[0.3062792420387268, 1.7055429220199585, 1.2797439098358154, -0.9441550374031067, -0.13836242258548737, -0.4644683003425598, 0.9750977754592896, -3.0477206707000732, -0.3312405049800873, -0.01894753985106945, 0.3224031925201416, 1.112370491027832, -1.156589388847351, -1.2847089767456055, -0.03525280952453613, 1.8847219944000244, -0.391042560338974, -0.46296143531799316, -1.466313362121582, -0.4140188992023468, 0.9049476385116577, 0.36688706278800964, -0.8023397326469421, -1.1486879587173462, 1.185914158821106, 0.9333646297454834, 0.17105534672737122, 1.4203695058822632, 0.515868067741394, 0.865639328956604, 0.08498434722423553, 0.6426884531974792, -0.5563474893569946, 0.4921298623085022, -0.6840802431106567, 0.6682522296905518, -0.38528215885162354, -0.710241436958313, -0.47107046842575073, -0.1717434823513031, 0.03227131813764572, 0.3124420940876007, -2.273953437805176, 0.16918611526489258, 0.11063704639673233, -0.45937711000442505, -1.528978943824768, 0.664120078086853, -0.03072282299399376, -0.059432052075862885, 0.5472742319107056, -1.5030255317687988, 0.510482668876648, 1.035824179649353, -0.13944493234157562, 0.2720140516757965, 0.06236759200692177, -0.9653561115264893, -0.29863929748535156, 0.6756722331047058, -0.6352919936180115, -0.4652177691459656, -1.0092087984085083, 0.7560977339744568, 1.282086730003357, -0.4771463871002197, 0.36491867899894714, 0.4652702808380127, 0.20938590168952942, 1.0383210182189941, -0.3506918251514435, 1.4636540412902832, -0.08905269205570221, -1.075114130973816, 1.4445576667785645, -0.47025325894355774, 0.7867707014083862, 1.498801350593567, 0.024623259902000427, 0.33682912588119507, -1.8275116682052612, -0.5300018787384033, -0.7828220129013062, -1.203199028968811, -0.45496466755867004, 0.6268765926361084, -0.36431649327278137, -1.4739257097244263, 0.451020210981369, -0.7261437177658081, 1.4192924499511719, -0.32608550786972046, 1.2402327060699463, -1.725170373916626, 2.168828248977661, -0.45080721378326416, 0.13505490124225616, -0.39494848251342773, 0.9770553708076477, -0.8589532971382141, 1.1947089433670044, 1.9566195011138916, -1.3425458669662476, -1.1511211395263672, -0.05495470017194748, 0.8011969327926636, -1.0653680562973022, -1.1777740716934204, -0.25247013568878174, -0.174858957529068, -1.5708330869674683, 1.4460681676864624, -0.4412221610546112, -0.46349242329597473, 1.3197252750396729, 2.530708074569702, -0.5429524183273315, 0.9520785212516785, -1.0856554508209229, 1.2830135822296143, 1.1752432584762573, -0.3924280107021332, 3.029235601425171, -1.520857810974121, 1.2017794847488403, -1.1349914073944092, 0.6535585522651672, 1.961533546447754]",yunet,Facenet,1920,1080,/home/amos/media/tv/modern_family/Modern.Family.S09.1080p.DSNP.WEB-DL.DDP5.1.H.264-CRFW/Modern.Family.S09E21.The.Escape.1080p.DSNP.WEB-DL.DDP5.1.H.264-CRFW.mkv,Modern Family,2009,1442437,9,21,Adam Devine,212604.0,0.82
1141,888,150,1050,372,1020,246,942,246,0.924,28488,0,"[-0.196376770734787, -0.5668187141418457, -1.1884195804595947, 1.0203830003738403, -0.34232985973358154, -0.6971083879470825, 0.32486915588378906, -0.49372637271881104, 0.36365896463394165, 1.010640263557434, -0.32110199332237244, -0.7707036733627319, 0.06487590074539185, -0.37604907155036926, -0.7870099544525146, -0.31433939933776855, -0.6084467172622681, -0.7905967831611633, -0.7913498282432556, -0.08817895501852036, 1.622593641281128, -0.19582656025886536, 0.6350380182266235, 0.9828445315361023, 2.100541353225708, 1.0941880941390991, 1.0208977460861206, -0.9878487586975098, 1.7204138040542603, -1.682641863822937, 0.3915505111217499, 1.705997109413147, 2.254242420196533, -0.7572555541992188, 0.4649198651313782, -1.2719483375549316, 0.5136593580245972, 0.6951839923858643, 0.5119641423225403, -0.4785381257534027, 1.272141933441162, 2.563410997390747, 0.7717255353927612, -1.0086920261383057, -1.2994168996810913, 1.2851430177688599, -0.7521117925643921, 0.842819333076477, -1.2848761081695557, 2.1513538360595703, -0.8482694029808044, 0.3414154648780823, 0.892848551273346, 1.0141663551330566, 1.1563559770584106, 1.054852843284607, -0.7194579839706421, 0.22248345613479614, 0.8032281398773193, -0.8922805190086365, 1.456021785736084, -1.624547004699707, -0.5909475088119507, 0.3759179711341858, -1.1356803178787231, 0.13078394532203674, -1.1282532215118408, 0.43057528138160706, 0.8188695311546326, -1.0760176181793213, -1.503311276435852, -0.28131598234176636, -0.08678054809570312, -0.5159708261489868, -1.4719581604003906, -2.5343117713928223, 1.5215654373168945, -0.010839283466339111, 0.4469378590583801, -0.9547881484031677, -0.3352104425430298, -1.2291394472122192, 0.6296374201774597, 0.545444130897522, -0.215835303068161, 0.30915194749832153, 1.4671107530593872, -1.21561598777771, 0.2130124270915985, -0.22923988103866577, -1.2867194414138794, 0.18206708133220673, 0.4698733389377594, 0.6483141183853149, 1.5763576030731201, -0.6332348585128784, 0.5224417448043823, -0.6525539755821228, -2.2457869052886963, -1.5431452989578247, -0.6229318380355835, 0.9331608414649963, 0.48880574107170105, 0.9764692187309265, 0.2693009674549103, -0.5030528903007507, 0.5916905999183655, -0.5908000469207764, -0.7925747632980347, 0.7806262373924255, 1.2207207679748535, -0.7771843075752258, 1.1802512407302856, 1.547945261001587, -1.7525984048843384, 0.3647834360599518, -1.2195234298706055, -0.4961075186729431, 0.2930903136730194, -0.5967269539833069, -0.7220619320869446, -0.1176365464925766, 0.23651807010173798, 0.6750411987304688, -0.36858028173446655, 0.7422780990600586, 1.6193569898605347, 1.8290454149246216]",yunet,Facenet,1920,1080,/home/amos/media/tv/modern_family/Modern.Family.S09.1080p.DSNP.WEB-DL.DDP5.1.H.264-CRFW/Modern.Family.S09E21.The.Escape.1080p.DSNP.WEB-DL.DDP5.1.H.264-CRFW.mkv,Modern Family,2009,1442437,9,21,Reid Ewing,967692.0,0.818
1142,1308,198,1506,462,1446,306,1350,306,0.923,28488,1,"[-0.7136218547821045, -0.49659422039985657, -1.27848482131958, -0.11477283388376236, -0.2014053761959076, 1.5776703357696533, 0.8625971078872681, 0.9011284708976746, 0.8691473603248596, -0.5447902083396912, 1.238046407699585, -0.7610320448875427, -1.3483396768569946, 0.7357900142669678, -0.8616873025894165, -1.032892107963562, -1.1029870510101318, -0.3507136106491089, -0.12852612137794495, -0.478576123714447, -0.4787289798259735, -0.27468910813331604, -0.5591444373130798, -2.3029325008392334, -0.4531404674053192, -0.10774867981672287, 1.729819416999817, -2.153787136077881, -0.4958559274673462, -0.593768298625946, -1.1510663032531738, 1.0280205011367798, 0.17915260791778564, -0.5651518106460571, -0.04394148290157318, 1.2164465188980103, -0.8652713894844055, 0.8236091732978821, 1.1929128170013428, -1.13480806350708, 1.1571552753448486, 0.9902122616767883, -2.0665266513824463, -1.634505033493042, 0.5821656584739685, -1.932679295539856, -0.2628462016582489, 1.4669049978256226, 1.1396647691726685, -0.5151686668395996, -0.4401789903640747, 1.6110295057296753, -0.2605544328689575, 0.16945166885852814, 0.18769092857837677, -0.19125838577747345, 0.6490630507469177, 1.5959813594818115, -0.9346103668212891, -1.1630487442016602, 0.04712643474340439, -0.5346677303314209, -0.41765785217285156, 1.880588412284851, 2.690119981765747, 0.9963274598121643, 0.32508584856987, 2.1611976623535156, -0.07664547115564346, -0.3251149654388428, -0.7546207904815674, 1.0930877923965454, -2.4206864833831787, 1.3799952268600464, 0.3862515389919281, -0.4930075705051422, -1.0964508056640625, 0.5163611769676208, -1.3348520994186401, 0.7870906591415405, -1.8858166933059692, 0.48814794421195984, 0.7155930399894714, -0.32645943760871887, 0.08064717799425125, 0.48872557282447815, 0.38825368881225586, 0.48823803663253784, -2.6607251167297363, -1.4106839895248413, -0.07647713273763657, 0.8375849723815918, 1.6549546718597412, 0.9462587237358093, -0.7328611016273499, 0.8095402121543884, -1.4521883726119995, 0.9161836504936218, 0.6239870190620422, 0.751943826675415, -2.3599727153778076, -0.20517921447753906, -0.6162735223770142, 0.3749879002571106, -0.06027448549866676, 0.8904954195022583, -0.24599967896938324, 0.5615525245666504, 6.0364603996276855e-05, -0.3779657185077667, 0.09884481132030487, -0.7723338007926941, -0.14008860290050507, 0.09813328832387924, -0.7440429925918579, 3.075263738632202, 0.24484261870384216, 0.5169875621795654, 0.026911068707704544, 1.775460124015808, -1.3848787546157837, 1.8263278007507324, 0.5462232828140259, -0.32270610332489014, -0.3090663552284241, 0.27096569538116455, -1.5027164220809937, 0.3729880154132843]",yunet,Facenet,1920,1080,/home/amos/media/tv/modern_family/Modern.Family.S09.1080p.DSNP.WEB-DL.DDP5.1.H.264-CRFW/Modern.Family.S09E21.The.Escape.1080p.DSNP.WEB-DL.DDP5.1.H.264-CRFW.mkv,Modern Family,2009,1442437,9,21,Chris Geere,62879.0,0.667
1143,294,390,456,606,426,474,360,474,0.919,28488,2,"[-0.0857415646314621, 1.0396523475646973, 1.4871212244033813, -0.6398674845695496, -0.13181249797344208, -0.10501240193843842, 0.6412245035171509, -2.154609203338623, -0.5423555374145508, -0.21605998277664185, 0.6000437140464783, 1.1561638116836548, -0.6685502529144287, -1.9415596723556519, -0.1048155426979065, 2.0561184883117676, 0.2569880485534668, 0.3166608214378357, -0.7079973816871643, 0.06569543480873108, 1.0406129360198975, 0.5532619953155518, -0.30006569623947144, -1.3849669694900513, 0.7099701166152954, 1.26148521900177, -0.3161085247993469, 2.145254611968994, 0.5805826187133789, 0.5398300290107727, -0.08699588477611542, 0.4136766791343689, -0.1616867482662201, -0.4096187353134155, -0.4561876058578491, 0.5561978816986084, 0.48734474182128906, -1.0844271183013916, -0.9206075072288513, -0.21946778893470764, -0.4143716096878052, 0.4234941899776459, -1.8817206621170044, -0.27256709337234497, 0.6647735834121704, 0.08739347755908966, -1.0250755548477173, 0.4525067210197449, 0.4626230001449585, 0.10809091478586197, 0.8814244866371155, -1.1697590351104736, -0.26657605171203613, 0.9485001564025879, -0.2712642252445221, 1.2148996591567993, -0.23314763605594635, -0.7900439500808716, 0.3545060455799103, 1.3556874990463257, 0.1591368019580841, -0.2689763307571411, 0.4027378261089325, 0.9855688810348511, 1.1351017951965332, -0.057847216725349426, 1.0081936120986938, 1.2944520711898804, 0.5989953875541687, 1.1305609941482544, -0.7384172081947327, 1.627133846282959, -0.18906041979789734, -0.6385249495506287, 1.8851734399795532, -0.132960245013237, 0.23847746849060059, 1.2070461511611938, -0.588060736656189, 0.7136288285255432, -2.478208541870117, -0.2644074857234955, -1.15513277053833, -1.0021519660949707, -0.5418193936347961, -0.09456359595060349, -0.591928243637085, -1.3808847665786743, 0.2506529688835144, -0.7512422204017639, 1.1673815250396729, -0.28527453541755676, 1.3895320892333984, -1.4037513732910156, 1.0788670778274536, -0.9900451898574829, 0.1808217614889145, -0.31065833568573, 1.128906488418579, -0.5610315203666687, 1.5795984268188477, 1.5807502269744873, -0.5092743039131165, -1.0473732948303223, -0.06564188003540039, 0.9102003574371338, -1.6277439594268799, -1.114013671875, -0.17429165542125702, 0.17406515777111053, -1.3681403398513794, 1.411454200744629, -0.2690739035606384, -0.23228801786899567, 1.8612091541290283, 2.2008306980133057, -0.3110335171222687, 0.8463456630706787, -1.0913602113723755, 1.1937487125396729, 1.184112787246704, -0.24641013145446777, 2.730997085571289, -0.8191084265708923, 0.9826539158821106, -1.3286257982254028, 0.40411803126335144, 1.6360342502593994]",yunet,Facenet,1920,1080,/home/amos/media/tv/modern_family/Modern.Family.S09.1080p.DSNP.WEB-DL.DDP5.1.H.264-CRFW/Modern.Family.S09E21.The.Escape.1080p.DSNP.WEB-DL.DDP5.1.H.264-CRFW.mkv,Modern Family,2009,1442437,9,21,Adam Devine,212604.0,0.863
1144,786,132,960,366,888,222,822,228,0.939,28512,0,"[0.6080819368362427, -0.4592840373516083, -0.7513493299484253, 0.8911293745040894, -0.41195517778396606, -0.1338445246219635, 0.5204198956489563, -1.277632474899292, -0.4640304446220398, 0.8387578129768372, -0.36729565262794495, -0.9053581953048706, 0.1794816255569458, 0.4456466734409332, -0.466726690530777, 0.15699836611747742, -0.07195459306240082, -1.4752311706542969, -0.6102449893951416, -0.17466622591018677, 1.662687063217163, 0.16611291468143463, 2.062814235687256, 0.8834165930747986, 2.1832752227783203, 0.14385199546813965, 0.4212210774421692, -1.0468833446502686, 1.0885361433029175, -1.8958224058151245, 0.19328181445598602, 1.2698829174041748, 1.556356430053711, 0.16344380378723145, 1.0367851257324219, -0.799762487411499, 1.4593480825424194, 1.2428103685379028, 0.0024491101503372192, 0.15363547205924988, 0.6933159828186035, 2.8367133140563965, 1.1215016841888428, -1.4625746011734009, -1.739868402481079, 0.8552432060241699, -0.7108738422393799, 1.6526713371276855, -0.8119247555732727, 2.7308480739593506, -0.6987670660018921, -0.43814772367477417, 1.063035011291504, 0.7107697129249573, 1.2264372110366821, 1.1761856079101562, -0.6206562519073486, 1.2856714725494385, 0.9846587777137756, -1.1148427724838257, 0.9115408658981323, -1.5024099349975586, -1.1843520402908325, 1.0639435052871704, -1.4348713159561157, -0.1425005942583084, -0.783154308795929, 1.0973387956619263, 0.1931634247303009, -0.20107972621917725, -1.3221828937530518, 0.3724777400493622, 0.25045156478881836, -0.28407812118530273, -2.06241512298584, -1.9877219200134277, 1.5652244091033936, -0.04288322106003761, -0.7811595797538757, -1.4720364809036255, -1.2286165952682495, -0.4943772256374359, 0.6450391411781311, 1.0865832567214966, -0.3544773757457733, -0.08958300203084946, 2.658858299255371, -2.0297064781188965, -0.10259856283664703, -0.9663180112838745, -0.9006395936012268, -0.07189024239778519, 0.6932874321937561, 0.011446915566921234, 2.158874750137329, -0.5939638018608093, 0.6750914454460144, -0.45310497283935547, -1.7363159656524658, -1.1344351768493652, -0.4657483696937561, 0.5383565425872803, -0.6368159651756287, 0.7547849416732788, 0.09587850421667099, -1.1785050630569458, 0.9260578155517578, -0.8017703294754028, 0.19998615980148315, -0.1982397437095642, 0.7962260842323303, -1.1169475317001343, 1.9657801389694214, 2.0388829708099365, -1.9012391567230225, 0.26825687289237976, -0.2547852098941803, -0.2975578010082245, -0.31791993975639343, -0.08584262430667877, -0.41794657707214355, -0.6439317464828491, 0.4852406978607178, -0.12162034958600998, 0.014748390763998032, 0.7937827110290527, 1.7125797271728516, 1.592231035232544]",yunet,Facenet,1920,1080,/home/amos/media/tv/modern_family/Modern.Family.S09.1080p.DSNP.WEB-DL.DDP5.1.H.264-CRFW/Modern.Family.S09E21.The.Escape.1080p.DSNP.WEB-DL.DDP5.1.H.264-CRFW.mkv,Modern Family,2009,1442437,9,21,Reid Ewing,967692.0,0.756
1145,1320,132,1512,390,1404,240,1344,240,0.936,28512,1,"[-0.8709158897399902, -2.804382801055908, -0.6890795230865479, -0.29295673966407776, 0.36562874913215637, 0.5746053457260132, -0.11566907167434692, 0.8957033157348633, 1.6702419519424438, -0.599197268486023, -0.34423476457595825, -0.17181816697120667, -0.5772579312324524, -0.031894419342279434, -0.4582625925540924, -1.5405478477478027, -0.4254150390625, 0.3975473642349243, 0.029587339609861374, -0.8992941379547119, 1.1409639120101929, -2.008324384689331, -0.21674922108650208, -1.8575607538223267, -0.0615721233189106, 0.3084614872932434, 0.8212716579437256, -1.5125705003738403, -0.20745523273944855, -1.0179967880249023, -0.5610765218734741, 1.5143831968307495, 0.02426379919052124, -0.5782955884933472, -0.22575432062149048, 0.9283645153045654, -1.0113106966018677, 0.16300740838050842, 1.3341355323791504, -1.675052523612976, 1.5713757276535034, 1.6881979703903198, -1.7498868703842163, -2.2005257606506348, 0.5210583806037903, -1.1338095664978027, 0.4814598262310028, 1.9748456478118896, -0.3039088547229767, 0.27192747592926025, -0.39419126510620117, 0.8956707119941711, -1.5427604913711548, 0.5832377672195435, 1.840024471282959, -0.8438596129417419, 0.4895877540111542, 1.6334699392318726, 0.13671782612800598, -0.3184087574481964, 0.5576858520507812, -2.87314772605896, 0.4349784553050995, 0.9686868786811829, 2.0376555919647217, 0.44125527143478394, -0.7675682902336121, 1.519897699356079, -0.44838160276412964, -1.0364662408828735, -1.6394788026809692, 0.716758131980896, -2.5786032676696777, 1.1459193229675293, 0.13125349581241608, -1.6115062236785889, -1.3834030628204346, 0.01717126928269863, -0.8677582144737244, 0.15579168498516083, -2.9057509899139404, -0.5907454490661621, 1.6334586143493652, -0.8064596652984619, -1.5608383417129517, 0.4685775935649872, 1.199094533920288, -0.003188580274581909, -1.88970148563385, -0.6426895260810852, -0.4497711956501007, 0.6597828269004822, -0.00030682608485221863, 0.13379761576652527, -0.04029171168804169, 0.5166100263595581, -1.3697481155395508, 0.0754520446062088, 0.3818284571170807, 1.0362755060195923, -1.419945240020752, 0.9408907294273376, -0.6611118316650391, 0.10355164855718613, -0.08785457164049149, 0.6677901148796082, -0.5890257358551025, -0.24721691012382507, 0.49719494581222534, -0.3484424948692322, -0.10055577754974365, -1.474924087524414, 0.18157342076301575, -1.125199794769287, 0.15327712893486023, 1.9976401329040527, 0.4845166504383087, 0.6505657434463501, 0.007171429693698883, -0.24850253760814667, -2.0046064853668213, 1.8631395101547241, 1.0047435760498047, -0.11401115357875824, -1.2153266668319702, 0.4460718333721161, -1.4283500909805298, 0.0839182436466217]",yunet,Facenet,1920,1080,/home/amos/media/tv/modern_family/Modern.Family.S09.1080p.DSNP.WEB-DL.DDP5.1.H.264-CRFW/Modern.Family.S09E21.The.Escape.1080p.DSNP.WEB-DL.DDP5.1.H.264-CRFW.mkv,Modern Family,2009,1442437,9,21,Chris Geere,62879.0,0.725
1146,300,354,456,570,444,438,396,432,0.905,28512,2,"[1.0022374391555786, 1.7227425575256348, 0.20266316831111908, -0.787468433380127, -0.2371242493391037, -0.055174365639686584, 1.3695992231369019, -2.3038508892059326, -0.6234396696090698, 0.06884483993053436, 0.7940379977226257, 0.4146721363067627, -0.6293771862983704, -0.7861578464508057, -0.2780953347682953, 1.2193392515182495, -0.023090653121471405, -1.149169683456421, -1.3098266124725342, 0.22803932428359985, 0.891419529914856, 1.219647765159607, 0.8395698666572571, -1.3412121534347534, 1.0213090181350708, -0.007969684898853302, 0.5497796535491943, 0.8333366513252258, 0.09064432978630066, 1.677146077156067, 1.3051484823226929, 0.12693917751312256, 0.8503707647323608, 0.35430213809013367, -0.09918976575136185, 0.575585126876831, -0.08188895136117935, -0.8827502131462097, 0.1285257488489151, 0.21355372667312622, -1.5908576250076294, 0.5279910564422607, -3.268864631652832, -1.1139471530914307, 1.0319844484329224, -0.4500064253807068, -0.6447742581367493, 0.3169444799423218, -0.06635550409555435, 0.6736981868743896, 0.500844419002533, -2.0430216789245605, 0.16971848905086517, 0.47364455461502075, -0.20916587114334106, -0.6491966843605042, -0.16017287969589233, 0.12885449826717377, -0.23529043793678284, -0.7302621006965637, -0.08123692870140076, -0.5193179845809937, -0.07527683675289154, -1.4572948217391968, 0.36749759316444397, -1.4437702894210815, -0.2719026505947113, 1.2040789127349854, -0.4584769606590271, 0.13863109052181244, -1.0497522354125977, 0.768255352973938, 0.15445855259895325, -2.0983214378356934, 0.6571675539016724, 0.2364526391029358, 0.9384026527404785, 1.113609790802002, 1.2938504219055176, -0.030047938227653503, -1.6384016275405884, 0.6501402854919434, -0.1887858808040619, -0.8102150559425354, -0.7635961174964905, 2.3742425441741943, 0.1457081139087677, -0.24317006766796112, 1.6056768894195557, -0.26815953850746155, 1.5227195024490356, 1.2057411670684814, 0.6922237277030945, -0.8513844609260559, 2.0292110443115234, 0.3894108831882477, -0.32185906171798706, -1.1596113443374634, 0.9260188341140747, -0.021562784910202026, 1.160109281539917, 2.545961380004883, -0.47155821323394775, -2.082547187805176, 0.1078278198838234, -0.048553042113780975, -0.5162674784660339, 0.9689785242080688, 0.7170934677124023, -0.9824674725532532, -2.235568046569824, 0.062377460300922394, -0.7376381158828735, -0.6976321339607239, 1.3290072679519653, 2.5844545364379883, -0.5202409029006958, 0.5181658267974854, -0.2698613107204437, 0.6279323697090149, -0.22226791083812714, 0.879629373550415, 1.4965697526931763, -1.785640001296997, 2.245100736618042, -1.2879616022109985, -0.8003042340278625, 0.12346804141998291]",yunet,Facenet,1920,1080,/home/amos/media/tv/modern_family/Modern.Family.S09.1080p.DSNP.WEB-DL.DDP5.1.H.264-CRFW/Modern.Family.S09E21.The.Escape.1080p.DSNP.WEB-DL.DDP5.1.H.264-CRFW.mkv,Modern Family,2009,1442437,9,21,Adam Devine,212604.0,0.603
1147,780,174,960,408,894,270,822,270,0.934,28536,0,"[-0.2409907579421997, -0.8557571172714233, -1.1534783840179443, 1.1937248706817627, 0.18171383440494537, -0.21661175787448883, 0.4301360845565796, -1.034698247909546, -0.5393682718276978, 1.458850383758545, -0.2960341274738312, -1.2053041458129883, -0.30097639560699463, 0.06985323131084442, -0.908879280090332, -0.30418795347213745, -0.2554037868976593, -1.524057149887085, -1.3730028867721558, -0.8582112789154053, 1.8193577527999878, -0.3812258839607239, 1.3173184394836426, 1.4197978973388672, 1.492058515548706, 0.6002477407455444, 1.1332364082336426, -1.027511715888977, 1.3618890047073364, -1.5506048202514648, 0.8219207525253296, 1.68449068069458, 1.9319868087768555, -0.2080095112323761, 0.8063742518424988, -1.3530621528625488, 0.6907815933227539, 0.328217476606369, 0.16637223958969116, -0.4637434184551239, 0.8983052372932434, 1.9259333610534668, 1.0700511932373047, -1.216515064239502, -1.2410461902618408, 1.0102430582046509, -0.05621664598584175, 1.2891186475753784, -1.1437392234802246, 1.9262244701385498, -1.1617982387542725, 0.03337591513991356, 0.6965959072113037, 0.7923119068145752, 1.1561840772628784, 1.7529505491256714, -0.509038507938385, -0.07817211747169495, 0.586186408996582, -0.9617906212806702, 0.6860692501068115, -1.3002982139587402, -0.310274213552475, 1.2740322351455688, -1.6144227981567383, 0.6275060772895813, -1.038665533065796, 1.5065170526504517, 0.9144936800003052, -0.34113913774490356, -1.1899415254592896, 0.18110105395317078, 0.2567315697669983, 0.014086470007896423, -1.3360480070114136, -1.8711735010147095, 1.5536471605300903, -0.1969480961561203, -0.44709381461143494, -1.112517237663269, -1.0948741436004639, -0.6837565898895264, 0.28779926896095276, 0.9343407154083252, 0.45389261841773987, 0.26238638162612915, 1.5690006017684937, -1.5733988285064697, 0.2757294774055481, -0.47288429737091064, -0.9601995348930359, 0.01703486777842045, 1.2027438879013062, 0.8691889047622681, 2.4473416805267334, -0.2501172721385956, 0.8197746276855469, 0.3713271915912628, -2.100902795791626, -1.5010733604431152, -0.7900160551071167, 0.16790688037872314, 0.16328775882720947, 1.0957685708999634, 0.5365431904792786, -1.1040523052215576, 0.5776566863059998, -0.41438156366348267, -0.5405815839767456, 0.28830984234809875, 0.7569612264633179, -0.5209654569625854, 1.3627485036849976, 1.7122383117675781, -2.192842483520508, 0.493567556142807, -0.7157727479934692, -0.13210687041282654, -0.48677369952201843, -0.44854918122291565, -0.3075507879257202, -0.24898606538772583, 0.7874202132225037, 0.36774975061416626, -0.3255137801170349, 0.5163788795471191, 1.5215470790863037, 1.764209508895874]",yunet,Facenet,1920,1080,/home/amos/media/tv/modern_family/Modern.Family.S09.1080p.DSNP.WEB-DL.DDP5.1.H.264-CRFW/Modern.Family.S09E21.The.Escape.1080p.DSNP.WEB-DL.DDP5.1.H.264-CRFW.mkv,Modern Family,2009,1442437,9,21,Reid Ewing,967692.0,0.812
1148,252,384,414,618,396,474,360,474,0.908,28536,1,"[1.1463133096694946, 1.7934982776641846, 0.8187323808670044, -1.0454344749450684, 0.21490895748138428, -0.5609848499298096, 1.1558442115783691, -3.190351963043213, -0.30129918456077576, 0.013905342668294907, 0.5471779704093933, 1.0268040895462036, -0.10287446528673172, -0.8523334264755249, -0.21128341555595398, 1.4093173742294312, -0.45305290818214417, -0.7593886256217957, -1.9231983423233032, 0.6196732521057129, 0.7414489984512329, 1.3087759017944336, 0.09653370827436447, -1.3637516498565674, 1.3040657043457031, 0.8940778374671936, 0.1908661425113678, 1.157819151878357, 0.208896666765213, 1.2580596208572388, 1.0901179313659668, -0.1895580142736435, 0.12378466874361038, -0.1640075296163559, -0.2618350684642792, 0.22025680541992188, -0.10417914390563965, -0.27717089653015137, 0.4711763858795166, 0.5353696346282959, -1.1342731714248657, 0.7120908498764038, -2.2116167545318604, -0.8400551676750183, 1.270456075668335, -0.8135063648223877, -0.9256452918052673, 0.4305804371833801, 0.6859396696090698, 0.8271294832229614, 0.4511284828186035, -2.205228090286255, 0.4527440071105957, -0.7688863277435303, -0.38115793466567993, -0.8810871243476868, 0.5639750361442566, -0.04608067497611046, 0.9845593571662903, 0.5359560251235962, 0.6319568157196045, -0.42754650115966797, -0.8018653988838196, -0.9634914398193359, -0.3320794403553009, -1.115680456161499, -0.21961143612861633, 0.01953805796802044, 0.4010733962059021, -0.06942092627286911, -1.6016417741775513, 0.5136499404907227, -0.1116286963224411, -2.155681610107422, 1.1147098541259766, -0.48241135478019714, 1.2157795429229736, 1.0372626781463623, 1.1820873022079468, -0.3736700415611267, -1.8292573690414429, -0.1736174076795578, -0.17692750692367554, -0.2233680635690689, -0.9446979761123657, 2.1947548389434814, 0.49221423268318176, -0.39960312843322754, 1.7167307138442993, -0.35244446992874146, 0.9713102579116821, 0.8914299011230469, 0.9762734174728394, -1.4744846820831299, 2.481316328048706, -0.03901628777384758, -0.44882258772850037, -1.6441093683242798, 0.6663898825645447, -0.6184819340705872, 1.8257449865341187, 2.145921230316162, -0.7383033037185669, -2.4567720890045166, 0.3210010826587677, 0.026220902800559998, -0.34309297800064087, 0.25055021047592163, 0.16785503923892975, -0.5249555706977844, -0.7828929424285889, 0.412045419216156, -1.023931860923767, 0.13187023997306824, 1.657993197441101, 2.7848644256591797, -0.9207963943481445, 1.2568544149398804, -0.8125094771385193, 1.3019568920135498, 0.4628903865814209, 0.37018564343452454, 1.314009666442871, -1.733845829963684, 1.239903450012207, -1.679244041442871, -0.2315419465303421, -0.2849915325641632]",yunet,Facenet,1920,1080,/home/amos/media/tv/modern_family/Modern.Family.S09.1080p.DSNP.WEB-DL.DDP5.1.H.264-CRFW/Modern.Family.S09E21.The.Escape.1080p.DSNP.WEB-DL.DDP5.1.H.264-CRFW.mkv,Modern Family,2009,1442437,9,21,Adam Devine,212604.0,0.663
1149,816,132,1008,384,912,228,846,228,0.936,28560,0,"[0.19637440145015717, -0.6791003942489624, -0.5603377819061279, 1.1582427024841309, -0.6554292440414429, -0.5494046807289124, 0.5552915334701538, -0.9947964549064636, -0.4015234410762787, 0.9277969002723694, 0.30890220403671265, -1.0569566488265991, -0.17981182038784027, 0.06426502764225006, -0.8384686708450317, -0.05157041549682617, -0.2452515959739685, -1.3143411874771118, -1.4570276737213135, -0.3110486567020416, 1.5385831594467163, -0.03924158215522766, 1.5731337070465088, 0.7387609481811523, 2.147268772125244, 0.6501352190971375, 0.6571276187896729, -0.6341204047203064, 1.4265085458755493, -1.5787739753723145, 0.541767954826355, 1.7734788656234741, 1.7859623432159424, -0.035748228430747986, 0.9238024353981018, -0.8635942339897156, 1.2985743284225464, 0.6222440600395203, 0.004486516118049622, 0.38464584946632385, 0.3729344308376312, 2.513947010040283, 1.2987303733825684, -1.5428439378738403, -1.6731914281845093, 1.1745731830596924, -1.003793478012085, 1.4087421894073486, -1.0537257194519043, 1.9714847803115845, -0.36358898878097534, -0.6096578240394592, 1.0383020639419556, 1.2407896518707275, 1.1708810329437256, 1.1063473224639893, -1.0423110723495483, 1.017719030380249, 0.4581207036972046, -1.3536771535873413, 0.6076887845993042, -1.4562227725982666, -0.900283932685852, 0.8705888986587524, -1.1453299522399902, 0.16306281089782715, -1.0464386940002441, 1.8100112676620483, 0.40767890214920044, -0.22228269279003143, -0.9670783877372742, 0.5143953561782837, 0.33930274844169617, -0.17881542444229126, -1.880346655845642, -1.6901735067367554, 1.9482501745224, 0.18225061893463135, -0.39302632212638855, -0.8529274463653564, -0.8160937428474426, -0.8710064888000488, -0.11575380712747574, 0.5324265956878662, -0.43561825156211853, -0.48470035195350647, 1.4476449489593506, -2.0525882244110107, -0.12250345200300217, -0.9104456305503845, -0.6451091170310974, -0.2093544453382492, 0.6616916060447693, 0.4010767638683319, 1.7439453601837158, -0.3597278594970703, 0.5878822207450867, 0.5016493201255798, -1.7471230030059814, -1.8738397359848022, -0.16157975792884827, 0.23430070281028748, -0.14824548363685608, 0.6657033562660217, -0.2061847299337387, -0.3953865170478821, 0.758014976978302, -1.7832876443862915, -0.4870045781135559, 0.2112778276205063, 0.9977925419807434, -0.4643685817718506, 1.904605507850647, 1.0453133583068848, -1.175580620765686, 0.8047046661376953, -0.7134029865264893, -0.8348669409751892, -0.1647568941116333, 0.28446441888809204, -0.7551603317260742, -0.9566588401794434, 0.9807739853858948, 0.19181717932224274, 0.07108078896999359, 1.022587537765503, 1.881066083908081, 2.488940954208374]",yunet,Facenet,1920,1080,/home/amos/media/tv/modern_family/Modern.Family.S09.1080p.DSNP.WEB-DL.DDP5.1.H.264-CRFW/Modern.Family.S09E21.The.Escape.1080p.DSNP.WEB-DL.DDP5.1.H.264-CRFW.mkv,Modern Family,2009,1442437,9,21,Reid Ewing,967692.0,0.746
1150,246,372,420,630,402,468,360,468,0.911,28560,1,"[0.2669745087623596, 1.5370490550994873, 0.7911767959594727, -0.7562291026115417, -0.35682412981987, -0.5345244407653809, 1.0393481254577637, -2.8140196800231934, -1.7536413669586182, 0.04038536921143532, 0.2812628448009491, 1.2561031579971313, 0.17811760306358337, -1.833203911781311, 0.9748883247375488, 2.2670421600341797, -0.28015968203544617, -1.0168395042419434, -1.8181109428405762, 0.5746383666992188, 1.0025386810302734, 1.388231635093689, 0.2780188322067261, -0.810447096824646, 0.760630190372467, -0.08890993148088455, -0.1154460608959198, 2.3583197593688965, 0.6619598865509033, 1.8015104532241821, 0.6418147087097168, -0.17445653676986694, 0.6279578804969788, 0.15037617087364197, 0.007367408834397793, -0.6925231218338013, -0.4106154441833496, -0.21311792731285095, 0.032689496874809265, 0.26908203959465027, -2.0412981510162354, 0.8328366279602051, -2.825345993041992, -0.7812096476554871, 0.8958790898323059, -0.702727735042572, -0.4154364764690399, 0.5068803429603577, 0.8617883324623108, 0.7218658924102783, 0.767789363861084, -2.060239553451538, 0.8015259504318237, -0.14252859354019165, -0.4840191900730133, 0.6405783891677856, -0.053869690746068954, -0.1874208301305771, 0.2582974135875702, 1.6162484884262085, -0.15116843581199646, -0.26116836071014404, -0.7022099494934082, -0.6480493545532227, 0.3498506546020508, -2.154503583908081, 0.32290545105934143, 0.8025952577590942, 0.40198400616645813, 0.013522709719836712, -1.6338566541671753, 1.0347809791564941, -0.5232366323471069, -1.8062864542007446, 1.1050809621810913, -0.1313951313495636, 0.5609530210494995, 0.8751535415649414, 0.30191218852996826, -0.2147163450717926, -1.6054410934448242, -0.4077371060848236, -0.9724900722503662, 0.11946152150630951, -0.5541074872016907, 1.301371693611145, 1.1420966386795044, -0.8740066885948181, 0.2772004306316376, -1.1487981081008911, 1.5285645723342896, 0.6330810785293579, 0.9989012479782104, -1.628699779510498, 2.331136703491211, -0.5441015958786011, -0.18299530446529388, -1.8643893003463745, 1.5885283946990967, -0.48328128457069397, 1.6393269300460815, 1.851577877998352, -0.8259122371673584, -1.260912537574768, 0.46627581119537354, -0.7366258502006531, -1.1932721138000488, -1.1033927202224731, 0.3522752523422241, -0.6138530373573303, -1.2422000169754028, -0.23268301784992218, -1.3383574485778809, 0.350873738527298, 1.4943647384643555, 1.9823322296142578, -0.3875965178012848, 1.8853845596313477, -1.1474103927612305, 2.0306856632232666, 1.1568228006362915, 0.21174533665180206, 1.3940397500991821, -1.0529531240463257, 1.014113426208496, -1.1068475246429443, -0.888649046421051, 0.5852997303009033]",yunet,Facenet,1920,1080,/home/amos/media/tv/modern_family/Modern.Family.S09.1080p.DSNP.WEB-DL.DDP5.1.H.264-CRFW/Modern.Family.S09E21.The.Escape.1080p.DSNP.WEB-DL.DDP5.1.H.264-CRFW.mkv,Modern Family,2009,1442437,9,21,Adam Devine,212604.0,0.698
1151,1410,114,1614,414,1464,228,1446,228,0.902,28560,2,"[0.6539841890335083, -0.6907415390014648, -1.5738567113876343, -1.064026117324829, -0.06288965046405792, 0.38440677523612976, 0.627177894115448, 0.5702106952667236, -0.20284846425056458, 0.1966499537229538, 1.6337099075317383, -0.03463215380907059, 0.9361240267753601, -0.5040966272354126, 0.6661580801010132, 0.8221592903137207, -0.5587691068649292, -1.0861473083496094, -0.5256102681159973, 0.3763214647769928, 0.6726779937744141, 0.46660107374191284, 0.5360143184661865, -1.5709388256072998, 0.333379864692688, 1.4435116052627563, 0.6732896566390991, 0.19326087832450867, 0.42477941513061523, 0.5769240856170654, -1.1582772731781006, 1.9873805046081543, -1.7401131391525269, 1.3682266473770142, 0.8858541250228882, 0.5934535264968872, 0.06015985459089279, -0.9066926836967468, 1.422051191329956, -1.773662805557251, 0.4274137318134308, 1.0594526529312134, -1.9915822744369507, -1.6702394485473633, 0.003642476163804531, -1.985188364982605, 1.3657186031341553, -0.8041039705276489, 0.24858228862285614, 0.7154300212860107, 0.014775983989238739, 0.09762246906757355, -1.4736350774765015, 0.46840614080429077, -0.012317050248384476, -1.7736647129058838, -0.2766520082950592, 2.1389129161834717, 0.7150237560272217, -1.1056727170944214, -0.3072725832462311, -2.3519513607025146, 1.812615990638733, -0.619773805141449, 1.1971579790115356, -1.6975394487380981, -0.8299611210823059, 0.3279746472835541, -0.5899268388748169, -1.3701276779174805, -0.49552881717681885, 0.3479270040988922, -1.5689393281936646, 1.0806680917739868, 0.4793786406517029, -0.6391199231147766, -0.4554210901260376, 0.8375591039657593, 0.6941100358963013, -0.6849903464317322, -1.6289045810699463, -0.14298485219478607, -0.08823809772729874, -0.5136934518814087, -1.7002156972885132, 0.23789894580841064, 0.26324933767318726, -0.21148407459259033, -0.5043016672134399, -1.4613404273986816, -0.19330701231956482, -0.27255988121032715, -0.7704305052757263, -0.8133262991905212, 1.080147624015808, 1.0950459241867065, -0.9122990965843201, -1.413024663925171, 1.0556769371032715, -0.16779448091983795, -0.8266816735267639, 1.3857206106185913, -1.2257195711135864, -0.5914680361747742, -0.5453476905822754, 1.948582649230957, 0.5101450681686401, -0.37969422340393066, 0.3886774778366089, 0.0055182743817567825, 0.6919445991516113, -0.42048531770706177, 1.1944578886032104, -1.3139822483062744, 2.8375532627105713, 1.6505697965621948, 0.30632948875427246, -1.0875974893569946, -0.4671628773212433, 0.5327939987182617, -1.524163007736206, 1.3518714904785156, 1.6136325597763062, -0.27257296442985535, -1.1291266679763794, 0.7858223915100098, -0.5896093249320984, -1.1314795017242432]",yunet,Facenet,1920,1080,/home/amos/media/tv/modern_family/Modern.Family.S09.1080p.DSNP.WEB-DL.DDP5.1.H.264-CRFW/Modern.Family.S09E21.The.Escape.1080p.DSNP.WEB-DL.DDP5.1.H.264-CRFW.mkv,Modern Family,2009,1442437,9,21,,,
1152,828,150,1008,396,960,246,876,246,0.946,28584,0,"[-0.32247233390808105, -1.1758160591125488, -0.6325587630271912, 0.7521278262138367, -0.7899569272994995, -0.7131339311599731, 0.037794146686792374, -0.9083011150360107, -0.05615339055657387, 1.1556439399719238, 0.2018086016178131, -0.6014736890792847, 0.4151190519332886, 0.3811037838459015, -0.6677274703979492, 0.25545716285705566, -0.6312401294708252, -1.128393530845642, -1.2638803720474243, -0.010663513094186783, 1.2988433837890625, -0.2489326298236847, 0.8275367021560669, 1.269600749015808, 1.5116955041885376, 0.6702308058738708, 1.193164587020874, -0.9670366048812866, 1.0430235862731934, -1.4683269262313843, 0.2946628928184509, 1.6569496393203735, 1.6881905794143677, 0.21836265921592712, 0.25926899909973145, -0.4026886820793152, 0.7939706444740295, 0.5404151082038879, 0.8267288208007812, 0.12227755039930344, 1.3128328323364258, 2.384859085083008, 1.1374571323394775, -1.4512512683868408, -1.6593011617660522, 1.2674387693405151, -0.9582153558731079, 0.8860170841217041, -1.043811559677124, 2.0340495109558105, -0.7884659767150879, -0.2518232464790344, 1.001145839691162, 1.0326632261276245, 1.009698510169983, 0.6970717906951904, -1.1363320350646973, 0.7288010716438293, 0.6871869564056396, -1.4121025800704956, 1.1267478466033936, -1.1405025720596313, -0.8392561078071594, 1.0871955156326294, -0.9468302130699158, 0.10861703008413315, -0.9259617328643799, 0.23588323593139648, 0.38032880425453186, -0.44606518745422363, -0.9597628116607666, 0.10183797776699066, 1.0545157194137573, -0.6003628969192505, -0.9964319467544556, -2.5530483722686768, 1.6851518154144287, 0.3180038034915924, 0.03105316311120987, -0.722910463809967, -0.9695636630058289, -1.684493064880371, 0.17180711030960083, 0.9664581418037415, -0.4900951087474823, 0.49016526341438293, 1.163840413093567, -1.0846810340881348, 0.21278676390647888, -0.7750820517539978, -0.3257898688316345, 0.13826504349708557, 0.5268825888633728, 0.6939459443092346, 2.42378568649292, -0.06064068526029587, 0.9880934953689575, -0.18901388347148895, -2.2342722415924072, -1.7071001529693604, -0.2890802025794983, 1.0462318658828735, 0.09631291031837463, 0.8264170289039612, 0.39162731170654297, -0.4311683773994446, 0.9984890818595886, -1.1031873226165771, -0.848694920539856, 0.35895010828971863, 1.8537930250167847, -0.5633296370506287, 1.4735376834869385, 1.5101265907287598, -1.4833488464355469, 0.5591882467269897, -0.9579867124557495, -0.1522020399570465, -0.44538602232933044, -0.42993584275245667, -1.5588455200195312, -0.7961746454238892, 1.0823166370391846, -0.37193596363067627, -0.5732232928276062, 0.6196877956390381, 2.061016082763672, 1.9469585418701172]",yunet,Facenet,1920,1080,/home/amos/media/tv/modern_family/Modern.Family.S09.1080p.DSNP.WEB-DL.DDP5.1.H.264-CRFW/Modern.Family.S09E21.The.Escape.1080p.DSNP.WEB-DL.DDP5.1.H.264-CRFW.mkv,Modern Family,2009,1442437,9,21,Reid Ewing,967692.0,0.774
1153,216,372,384,618,372,480,312,474,0.914,28584,1,"[0.22682404518127441, 1.264343023300171, 0.6697816252708435, -1.0001670122146606, -0.31053370237350464, -0.42690569162368774, 0.9145514965057373, -2.967102289199829, -0.21155524253845215, -0.5499887466430664, 0.5978704690933228, 1.1396348476409912, -0.42680245637893677, -1.2516587972640991, -0.12195184826850891, 1.568613052368164, -0.024496078491210938, -0.7393296957015991, -2.5936782360076904, 0.7577894926071167, 0.9579650163650513, 0.6366078853607178, 0.4313303232192993, -1.6286699771881104, 0.880443274974823, 0.1973344087600708, 0.5610976219177246, 1.192639708518982, 0.601810872554779, 1.7464485168457031, 0.6557010412216187, 0.18755708634853363, 0.5458893179893494, -0.03271206468343735, -0.6098308563232422, 0.2773384153842926, -0.24091029167175293, 0.029847439378499985, 0.26664507389068604, 0.7110641002655029, -1.00657057762146, 0.6366113424301147, -2.917069673538208, -0.44447460770606995, 0.6669943332672119, -0.7701488137245178, -1.3234061002731323, 0.04598628357052803, -0.08244535326957703, 0.2227954864501953, 0.753845751285553, -2.629112720489502, 0.8202291131019592, 0.12291356921195984, -0.16822153329849243, -0.425315260887146, 0.214328795671463, -0.1343097984790802, 0.3879234790802002, -0.14880208671092987, 0.00898052379488945, -0.3361952304840088, -1.2212696075439453, -0.6831063032150269, 0.25681984424591064, -1.2571744918823242, 0.003973089158535004, 0.6370577216148376, 0.03564531356096268, -0.7303215265274048, -2.282947540283203, 1.5149753093719482, -0.21423450112342834, -2.4273521900177, 1.1314582824707031, 0.20993420481681824, 0.7953070402145386, 0.9003900289535522, 0.8162081241607666, -0.6428249478340149, -2.007740020751953, 0.10618901252746582, -1.1121935844421387, -0.4061862826347351, -1.13692045211792, 1.6020772457122803, 0.5721518397331238, -0.4761337637901306, 0.46932849287986755, -0.17767438292503357, 1.5649083852767944, 0.2983652651309967, 0.6323868632316589, -1.7096607685089111, 1.7548069953918457, -0.12133357673883438, 0.2682720422744751, -1.8704590797424316, 1.2208871841430664, -0.8261632323265076, 1.6038435697555542, 2.1454296112060547, -1.061477780342102, -1.576162338256836, 0.48288607597351074, 0.10315416753292084, -0.7698774933815002, -0.9324276447296143, 0.7150673866271973, -0.42316293716430664, -0.6186697483062744, 0.21796220541000366, -0.75501549243927, -0.3784545063972473, 1.2265418767929077, 2.8296470642089844, -1.3525274991989136, 1.2599763870239258, -0.7486507296562195, 1.3003313541412354, 0.33122968673706055, 0.5208237171173096, 1.7516146898269653, -2.028151750564575, 1.1260530948638916, -1.2900028228759766, -0.3843356668949127, 0.41583096981048584]",yunet,Facenet,1920,1080,/home/amos/media/tv/modern_family/Modern.Family.S09.1080p.DSNP.WEB-DL.DDP5.1.H.264-CRFW/Modern.Family.S09E21.The.Escape.1080p.DSNP.WEB-DL.DDP5.1.H.264-CRFW.mkv,Modern Family,2009,1442437,9,21,Adam Devine,212604.0,0.701
1154,1446,114,1644,414,1506,240,1470,234,0.904,28584,2,"[0.25266706943511963, -0.8916683197021484, -0.7743690609931946, -1.1125613451004028, -0.5884937644004822, 0.28782251477241516, 0.09229321777820587, -0.15197144448757172, -0.399570494890213, 0.5949425101280212, 1.435072422027588, -0.43441808223724365, 0.25394654273986816, -0.9682068824768066, 0.35829150676727295, 1.141938328742981, -0.23368903994560242, -1.4885072708129883, -1.1937748193740845, 0.03567880019545555, 1.617425560951233, -0.1732180416584015, 0.5805563926696777, -1.2086182832717896, 0.022770913317799568, 0.7513362169265747, 0.910852313041687, 0.6692337393760681, 0.966388463973999, 1.3157464265823364, -0.9058270454406738, 1.6782360076904297, -1.5564879179000854, 1.314200520515442, -0.07672067731618881, 0.7541426420211792, -0.08160828053951263, -0.6619458794593811, -0.03584924340248108, -1.6396763324737549, 0.4802320599555969, 0.6501402258872986, -1.414252758026123, -1.5088022947311401, -0.010572182014584541, -1.2459007501602173, 2.0867836475372314, -0.7022734880447388, -0.12549319863319397, 0.24831758439540863, -0.2314171940088272, -0.6288444399833679, -0.9644825458526611, 0.5338696837425232, -0.3932419717311859, -1.200761318206787, -0.9158719182014465, 1.9389472007751465, 1.0201013088226318, -0.4722997844219208, -0.7835053205490112, -1.6111177206039429, 1.247963547706604, 0.3298611044883728, 0.8830353617668152, -1.1098874807357788, -0.48724251985549927, 0.4936501979827881, 0.26949405670166016, -1.4555740356445312, -0.4617663025856018, 0.4088629186153412, -0.8357115387916565, 1.2667800188064575, 0.21131379902362823, 0.6085069179534912, -0.2995593547821045, 0.6368064284324646, 0.7453999519348145, -0.9362653493881226, -2.141948938369751, -0.12434807419776917, -0.1867367923259735, -0.42106038331985474, -1.0942747592926025, -0.16880884766578674, 0.6650922894477844, -0.3426564931869507, -0.29044854640960693, -0.7794177532196045, 0.03558656573295593, -0.14600394666194916, 0.4306357502937317, 0.03312435746192932, 1.360486626625061, 1.2472611665725708, -1.0274977684020996, -0.5937137603759766, 1.3941583633422852, -0.0003441646695137024, -0.18477092683315277, 0.7916187047958374, -0.5825366377830505, -0.28041431307792664, -0.36869969964027405, 1.391798734664917, -0.20181719958782196, 0.5625627040863037, 0.026770934462547302, -0.20932108163833618, 0.9390486478805542, -0.7936834692955017, 0.6831876039505005, -0.609480619430542, 2.0186522006988525, 1.7648491859436035, 0.5427854061126709, -0.6881096363067627, -1.4822555780410767, 0.6644838452339172, -0.25842487812042236, 1.0819123983383179, 0.6098945140838623, -0.21820379793643951, -1.4901984930038452, 0.8835087418556213, -0.2829218804836273, -1.3027317523956299]",yunet,Facenet,1920,1080,/home/amos/media/tv/modern_family/Modern.Family.S09.1080p.DSNP.WEB-DL.DDP5.1.H.264-CRFW/Modern.Family.S09E21.The.Escape.1080p.DSNP.WEB-DL.DDP5.1.H.264-CRFW.mkv,Modern Family,2009,1442437,9,21,,,
1155,912,162,1194,534,1092,318,960,318,0.926,28608,0,"[-0.39798086881637573, -0.5733762979507446, 0.7191484570503235, 1.7187891006469727, 1.0088859796524048, -0.6694980263710022, 1.362087607383728, -2.1333634853363037, -1.5668820142745972, 3.24900221824646, -0.8665440678596497, 1.6988881826400757, 0.7255145311355591, 0.23214980959892273, -0.24827373027801514, 0.3598385453224182, 0.08222469687461853, 0.28016823530197144, -1.2372130155563354, 0.7487823963165283, 0.21685069799423218, 0.054033052176237106, 1.4020066261291504, -0.04022487998008728, 0.3440264165401459, 0.8734609484672546, 0.2671288251876831, -0.3448528051376343, 2.780277967453003, 0.2523893713951111, 1.0730611085891724, -2.263510227203369, -0.7538741230964661, -0.7182011604309082, 1.42221200466156, -1.9736413955688477, -1.8829909563064575, 2.09260630607605, -0.3833808898925781, -0.8989909887313843, -1.888108253479004, 1.4100253582000732, 1.8648347854614258, 1.1454505920410156, -0.5662418603897095, -1.243464708328247, -0.6796942353248596, 1.0807530879974365, -0.47143828868865967, 0.3584473729133606, 0.10590705275535583, 1.0318167209625244, 0.8528991937637329, 0.23869110643863678, -0.12694160640239716, -0.5221876502037048, 2.0644681453704834, 1.4495375156402588, -1.1027686595916748, 0.027433156967163086, -0.1825714409351349, 0.5200238227844238, -0.7987552881240845, 0.8654202818870544, -0.830114483833313, 1.1755512952804565, -0.5274037718772888, 0.5587850213050842, 0.36305472254753113, 1.7568020820617676, -0.01524884533137083, 0.08004379272460938, -0.48408007621765137, 0.8239907026290894, 0.5876802206039429, -0.527988612651825, 0.7389582395553589, -0.9730473756790161, 0.14054450392723083, -0.7833793759346008, 0.012422718107700348, 0.5617551803588867, 0.7397295832633972, 0.4218182861804962, -1.383036732673645, 1.467400074005127, 0.9385396838188171, -0.9146353006362915, -0.7228034734725952, -0.9123949408531189, -1.1430610418319702, 0.7391483783721924, 1.472766637802124, 0.5585666298866272, 2.1572532653808594, -0.4969933032989502, -0.030660856515169144, 0.057245559990406036, 0.5110053420066833, -2.309919834136963, -0.19487543404102325, 0.20401626825332642, -1.1025773286819458, 1.3920713663101196, 1.6972544193267822, -0.3777155876159668, -0.04597887024283409, -1.4566459655761719, 0.8794227242469788, -1.1101521253585815, 0.6934996247291565, 1.4238790273666382, 0.11568674445152283, 1.6521897315979004, -0.3982154130935669, 0.5937163829803467, -1.3917306661605835, 1.1963130235671997, -0.0544063076376915, -0.005427575670182705, 1.4053080081939697, -0.4224168062210083, -0.7649773359298706, -1.0113162994384766, 0.020307473838329315, 0.5209227800369263, 1.2299779653549194, -0.5486937761306763]",yunet,Facenet,1920,1080,/home/amos/media/tv/modern_family/Modern.Family.S09.1080p.DSNP.WEB-DL.DDP5.1.H.264-CRFW/Modern.Family.S09E21.The.Escape.1080p.DSNP.WEB-DL.DDP5.1.H.264-CRFW.mkv,Modern Family,2009,1442437,9,21,Sarah Hyland,91351.0,0.594
1156,942,216,1212,570,1128,342,990,342,0.932,28632,0,"[-1.1982145309448242, -1.3538033962249756, 0.45786020159721375, 2.2578933238983154, 1.4979411363601685, -1.909957766532898, 1.4098317623138428, -1.8208192586898804, -1.3447377681732178, 2.5944809913635254, -1.185020089149475, 1.1296031475067139, 1.0390186309814453, 0.6762398481369019, 0.4064632058143616, 0.24293000996112823, -0.04199118912220001, -0.3915208578109741, -2.635194778442383, 0.9885263442993164, -1.2089322805404663, 0.3218570053577423, 0.35914966464042664, 0.25853145122528076, -0.3982546925544739, 0.4384743869304657, 1.115462303161621, -0.820218563079834, 1.5428805351257324, 0.34449905157089233, 1.5075422525405884, -1.9441264867782593, -1.125651240348816, -1.0184886455535889, -0.2834981381893158, -1.3482431173324585, -0.5281380414962769, 1.9140468835830688, 0.3930087387561798, -0.9949886798858643, -0.9163897037506104, 0.4130963683128357, 1.0679301023483276, 0.6907022595405579, -0.022818388417363167, -0.4892764389514923, 0.017002511769533157, 1.1374726295471191, -0.6608042120933533, 1.1543703079223633, -0.3379454016685486, 1.9171092510223389, 0.19056552648544312, 0.06283740699291229, -0.39663562178611755, -0.8019543886184692, 0.8432623147964478, 1.8189587593078613, 0.02595001459121704, 0.4558737576007843, 0.057674095034599304, -0.6064488291740417, -1.0583255290985107, 1.03268301486969, -0.03651305288076401, 0.9984126091003418, -0.6293577551841736, -0.50047767162323, -0.4569324553012848, 0.9465386867523193, -0.3208383321762085, -0.24969597160816193, 0.14187130331993103, 0.9660407900810242, 0.22329439222812653, -1.1883805990219116, 0.028837502002716064, -1.251789927482605, -0.35153043270111084, -0.44582855701446533, -1.1975942850112915, 0.5338042974472046, 1.1433364152908325, 2.1528537273406982, -2.0049004554748535, 1.4727803468704224, 0.7985098958015442, -1.0339607000350952, -1.0519498586654663, -1.3700941801071167, -1.2344415187835693, 0.027076924219727516, 1.2993084192276, 0.08907507359981537, 1.9233570098876953, -0.513725757598877, 0.5819987654685974, 0.4758099913597107, 0.7006081342697144, -1.791586995124817, -0.6875967383384705, 0.623677134513855, -1.5019797086715698, 1.3534564971923828, 1.1248844861984253, -0.02595844492316246, 0.05458425357937813, -0.9077920913696289, 0.9762259721755981, -0.7170169353485107, 0.621923565864563, 0.9539588093757629, 1.6354972124099731, 0.9012769460678101, -0.07676597684621811, 0.543705940246582, -1.1979044675827026, 1.0397570133209229, -1.8286305665969849, -0.05527276173233986, 1.1587731838226318, -0.8642733097076416, -1.0590001344680786, -1.4990681409835815, -2.2620034217834473, 1.2123548984527588, 0.8091603517532349, -0.8733252286911011]",yunet,Facenet,1920,1080,/home/amos/media/tv/modern_family/Modern.Family.S09.1080p.DSNP.WEB-DL.DDP5.1.H.264-CRFW/Modern.Family.S09E21.The.Escape.1080p.DSNP.WEB-DL.DDP5.1.H.264-CRFW.mkv,Modern Family,2009,1442437,9,21,Sarah Hyland,91351.0,0.622
1157,924,192,1212,564,1104,330,966,324,0.928,28656,0,"[-1.01955246925354, -0.6809344291687012, -0.6647077202796936, 1.6995517015457153, 2.0491418838500977, -0.35259974002838135, 1.2096303701400757, -1.624951720237732, -1.769037127494812, 2.548280715942383, -1.3729058504104614, 1.0658904314041138, 0.565862238407135, 1.439291000366211, 0.6670533418655396, -0.3738807439804077, -0.2686460316181183, -1.5380363464355469, -1.0086454153060913, -0.045499708503484726, -1.1268823146820068, 0.026231668889522552, 0.05807329714298248, -0.4818037450313568, -0.5313491225242615, 0.56476229429245, 0.3388882875442505, -0.7706879377365112, 1.4639593362808228, 1.1834217309951782, 0.9337090253829956, -0.8548938035964966, -1.294196367263794, -0.6376458406448364, 0.939825713634491, -1.0298652648925781, -0.18722003698349, 1.3874586820602417, 0.9127370119094849, -1.482692003250122, 0.7620906233787537, 0.7869551777839661, -0.32512277364730835, 1.1231541633605957, -0.12220564484596252, -1.2768762111663818, 0.2855221629142761, 1.0375479459762573, -0.16536378860473633, 1.6178151369094849, -1.12035071849823, 2.7817249298095703, 0.6031071543693542, -0.3279522657394409, -0.910224199295044, 0.16108356416225433, 1.4046984910964966, 0.24123963713645935, 1.3292433023452759, 0.952568769454956, -0.08708374202251434, -1.1231364011764526, -0.2645021677017212, -0.11298748850822449, -0.5320959091186523, 0.24502074718475342, -0.13378429412841797, -0.24656541645526886, -0.0012045614421367645, 0.8382846117019653, -0.5193714499473572, 0.37659892439842224, -0.9090780019760132, 1.4260931015014648, -0.24266040325164795, -0.9396616816520691, 0.4874339997768402, -1.8880538940429688, -0.7211167812347412, -0.7226119041442871, -0.6169461011886597, 0.8625043630599976, 0.7653417587280273, 1.6219719648361206, -1.2971816062927246, 0.14750409126281738, 0.7369834184646606, -0.43413233757019043, -0.5363269448280334, -0.5158532857894897, -2.650768995285034, -0.0654740184545517, 0.4858105480670929, 0.05091066658496857, 1.5980548858642578, -0.2492777556180954, 0.8863532543182373, -0.10260694473981857, 0.37207987904548645, -0.7006309628486633, -0.7147985100746155, -0.6584299206733704, -2.715029716491699, 1.101677656173706, 1.217591404914856, 0.537007749080658, 0.6143820285797119, -0.6725670099258423, 1.7496178150177002, -0.38280579447746277, 0.7006314396858215, 0.7052025198936462, 1.061976432800293, 1.1454792022705078, 0.42064982652664185, -0.6131280660629272, -0.3338688015937805, -0.015335217118263245, -1.0577576160430908, 0.20792926847934723, 1.9950249195098877, -0.5098272562026978, -0.8462583422660828, -0.8969812393188477, -1.767659306526184, 1.527916431427002, 1.2676125764846802, -0.878496527671814]",yunet,Facenet,1920,1080,/home/amos/media/tv/modern_family/Modern.Family.S09.1080p.DSNP.WEB-DL.DDP5.1.H.264-CRFW/Modern.Family.S09E21.The.Escape.1080p.DSNP.WEB-DL.DDP5.1.H.264-CRFW.mkv,Modern Family,2009,1442437,9,21,Sarah Hyland,91351.0,0.649
1158,414,144,612,390,558,234,474,234,0.93,28680,0,"[-0.3119955360889435, -0.5288997292518616, 0.5947996973991394, 0.24808469414710999, -0.4742383062839508, -1.6238874197006226, 0.6522105932235718, -2.078458547592163, -0.809212863445282, 0.9488336443901062, -0.1821412742137909, 0.17693498730659485, 1.189408302307129, -0.6265906095504761, -0.30321744084358215, -0.29329127073287964, -1.2157384157180786, -0.2808113694190979, -0.11507284641265869, -0.37606874108314514, 1.386258602142334, -0.8938350081443787, 0.17239251732826233, 0.21458205580711365, 0.5207480788230896, 1.269632339477539, 0.3219741880893707, -0.30966731905937195, 1.1494789123535156, -1.4168686866760254, 0.297295480966568, 1.2534829378128052, 1.4551972150802612, 0.006423436105251312, -0.12443459033966064, -1.2163151502609253, 0.9148991703987122, 0.18124428391456604, 1.673887014389038, -1.0115052461624146, 2.262319803237915, 3.286001205444336, 0.10533397644758224, -1.7957288026809692, -1.5642590522766113, 0.8935511708259583, -0.4286195635795593, 1.0978944301605225, 0.11529357731342316, 2.212226629257202, -1.0437145233154297, -0.0014850236475467682, 0.10623127222061157, 0.46786004304885864, 1.0679874420166016, 1.1269842386245728, 0.17855806648731232, 0.1636432409286499, 1.7260823249816895, 0.8359431624412537, 2.1612424850463867, -2.453368663787842, -0.96079421043396, 1.6767425537109375, -0.27207639813423157, 0.830843985080719, -0.3716696500778198, 0.7302902936935425, 1.1412577629089355, 1.408241868019104, -2.0476877689361572, 1.0037059783935547, -0.025939106941223145, -0.12021035701036453, 0.01138683594763279, -2.023742198944092, 1.1447348594665527, 0.14331725239753723, -0.7840979099273682, -0.6209689974784851, -2.4188807010650635, -1.114366054534912, 1.1600878238677979, 0.14632731676101685, 0.43091925978660583, 0.4056527614593506, 1.1590384244918823, -0.9211025834083557, -1.3490055799484253, 0.03897783160209656, -1.0401480197906494, 0.6863880157470703, 0.9260396957397461, -0.055156856775283813, 2.469193458557129, -1.8608468770980835, 0.15982510149478912, 0.4414474368095398, -1.1885664463043213, -2.392540216445923, -0.3438018560409546, 0.9596161246299744, 0.05375891178846359, 0.7737905383110046, 0.8386056423187256, 1.126715898513794, 0.381046861410141, 0.16010957956314087, -1.6595146656036377, 0.26754486560821533, 1.3781988620758057, -0.16863419115543365, -0.6954591274261475, 1.5926432609558105, -0.7589898109436035, 1.865059733390808, -0.24664655327796936, -0.6670167446136475, -0.4856431186199188, 0.5608639717102051, 0.2225341796875, -0.3098580241203308, 0.9921496510505676, -0.5682213306427002, -0.973198652267456, -1.27267324924469, 0.5779297351837158, 2.127392530441284]",yunet,Facenet,1920,1080,/home/amos/media/tv/modern_family/Modern.Family.S09.1080p.DSNP.WEB-DL.DDP5.1.H.264-CRFW/Modern.Family.S09E21.The.Escape.1080p.DSNP.WEB-DL.DDP5.1.H.264-CRFW.mkv,Modern Family,2009,1442437,9,21,Reid Ewing,967692.0,0.704
1159,1068,174,1284,450,1212,288,1116,282,0.928,28680,1,"[-0.036337338387966156, -1.7188255786895752, -1.4625662565231323, -0.6529263854026794, -0.07870274782180786, 1.014653205871582, 0.9558315277099609, 0.2334078699350357, 1.2693394422531128, -0.13235275447368622, -0.23342275619506836, -0.7986082434654236, -0.33794206380844116, 0.4831846058368683, 0.24200575053691864, -0.04513024911284447, -2.0219717025756836, 1.3902637958526611, 1.5611985921859741, -1.1053420305252075, 0.38809698820114136, -0.11271020025014877, -0.4022098779678345, -2.1841228008270264, 1.0441439151763916, 1.4499093294143677, 0.9542213678359985, -2.5346732139587402, -0.0746694952249527, -0.15903933346271515, -0.40915751457214355, 1.6180845499038696, 0.33062681555747986, -0.3307088017463684, -0.20653092861175537, 0.6197183728218079, 0.47594577074050903, 1.1180177927017212, 1.2080276012420654, -2.0806658267974854, 2.0857646465301514, 2.425495147705078, -0.9496099948883057, -3.067499876022339, -0.5281083583831787, -0.9255295395851135, -1.0675352811813354, 0.29274967312812805, 0.4788815975189209, 0.17626558244228363, -0.7880088686943054, 0.5215386748313904, -1.0170906782150269, 1.7988001108169556, 0.7868406772613525, -1.5759456157684326, 0.28884705901145935, 1.3731642961502075, -0.8800294399261475, -0.8085092306137085, 1.123620867729187, -1.1318532228469849, 0.48348963260650635, 1.7229872941970825, 2.143301010131836, 0.0482293926179409, 0.5411174297332764, 1.3234235048294067, -0.11428061872720718, 0.9080957174301147, 0.8093691468238831, 1.5294466018676758, -2.2339696884155273, 0.9392158389091492, 0.39984560012817383, -2.0050148963928223, -1.3260620832443237, 0.6230273246765137, -0.3373626470565796, 0.83042973279953, -1.7924662828445435, -0.10077552497386932, 1.069337010383606, -0.6445363759994507, -1.6677066087722778, 0.8011822700500488, 0.19759710133075714, 0.23325414955615997, -2.032059907913208, -1.516396403312683, 0.5105351805686951, 0.1707966923713684, 0.4786188304424286, 0.5824519991874695, -1.0066150426864624, 0.5488978624343872, -1.622448444366455, 1.3184502124786377, 0.7992920279502869, 0.1358094960451126, -1.6303960084915161, 0.7148081064224243, -0.20812556147575378, -0.5617954730987549, 0.5059166550636292, 1.1052910089492798, -1.4969850778579712, -0.5099917650222778, -0.5339011549949646, 0.5810107588768005, -0.7872783541679382, -1.0628087520599365, -0.0036079660058021545, -0.6579140424728394, 0.1783457100391388, 1.2039594650268555, -0.579039454460144, -0.31685498356819153, -0.059691645205020905, 0.9955958127975464, -1.6284167766571045, 1.5963358879089355, 1.7583675384521484, 0.39826905727386475, -0.42136460542678833, 0.45232537388801575, -0.8231096863746643, 0.8668679594993591]",yunet,Facenet,1920,1080,/home/amos/media/tv/modern_family/Modern.Family.S09.1080p.DSNP.WEB-DL.DDP5.1.H.264-CRFW/Modern.Family.S09E21.The.Escape.1080p.DSNP.WEB-DL.DDP5.1.H.264-CRFW.mkv,Modern Family,2009,1442437,9,21,Chris Geere,62879.0,0.639
1160,816,186,1044,498,990,318,876,318,0.935,28704,0,"[-0.48590967059135437, -1.062403678894043, -1.4408777952194214, 0.4610288441181183, 0.8427286744117737, 0.5050432085990906, 0.4858757257461548, 0.6725212335586548, 1.2852381467819214, -0.638148307800293, -0.1995280385017395, -0.9819986820220947, -1.6836577653884888, 1.1577231884002686, 0.30759453773498535, -0.8923108577728271, -1.7295023202896118, 0.5141944885253906, 0.3293662667274475, -1.5921647548675537, -1.724266529083252, 0.07126998156309128, -0.5583794116973877, -0.9309076070785522, 1.1217070817947388, 0.7097344398498535, 1.407421350479126, -2.942126750946045, -0.1811419278383255, -0.6196417808532715, -0.8011890649795532, 0.32377755641937256, -0.20842374861240387, -0.5694078207015991, -0.08171418309211731, 1.7166825532913208, -0.3788827359676361, 1.43616783618927, 0.799416184425354, -1.3381383419036865, 1.2149653434753418, 1.3901549577713013, -1.257664442062378, -1.525182843208313, 0.11394339799880981, -1.1602563858032227, -0.9354016780853271, 1.9554489850997925, 0.2510964870452881, 0.3963850736618042, 0.2650318443775177, 1.2373663187026978, 0.5812565088272095, 1.3116708993911743, 0.7185458540916443, -1.4312528371810913, 0.44566991925239563, 0.8731701374053955, -1.3621562719345093, -0.4998040497303009, 0.19673562049865723, -1.4972350597381592, -0.28788647055625916, 1.153568983078003, 2.5203843116760254, 0.42137545347213745, -0.6609877943992615, 1.1143115758895874, -0.7730658054351807, 0.2362167090177536, 0.6450014114379883, 0.5582678318023682, -2.8072502613067627, 1.2471835613250732, -0.37386181950569153, -1.812329649925232, -1.1503725051879883, 1.3087214231491089, -0.42584189772605896, 0.9666098356246948, -1.6822105646133423, 0.11026160418987274, 0.7812222242355347, 0.3320520520210266, -1.066880226135254, 1.0237027406692505, 0.9928361773490906, 0.09100306034088135, -1.7017861604690552, -1.9547319412231445, 0.6508992314338684, 1.1204745769500732, 1.2308485507965088, 0.6461699604988098, -1.0349702835083008, 1.1244968175888062, -1.2886377573013306, 0.7699200510978699, 0.043798841536045074, 0.7365900278091431, -2.04459285736084, 0.2070322036743164, -0.3665454685688019, -0.28530412912368774, 0.07602115720510483, -0.10148856788873672, -1.701769471168518, -0.5097545385360718, 0.04842744767665863, -0.30110272765159607, -0.9217348098754883, -1.3333704471588135, 0.7101917266845703, -0.46169185638427734, -0.45204460620880127, 1.3052058219909668, -0.4079008400440216, 0.5371223092079163, 0.32699108123779297, 1.5592727661132812, -2.2747702598571777, 0.41589415073394775, 0.6971081495285034, -0.10787193477153778, -0.385417640209198, 1.4191807508468628, -0.4942581057548523, 0.3880061209201813]",yunet,Facenet,1920,1080,/home/amos/media/tv/modern_family/Modern.Family.S09.1080p.DSNP.WEB-DL.DDP5.1.H.264-CRFW/Modern.Family.S09E21.The.Escape.1080p.DSNP.WEB-DL.DDP5.1.H.264-CRFW.mkv,Modern Family,2009,1442437,9,21,Chris Geere,62879.0,0.754
1161,126,138,354,426,324,246,234,246,0.902,28704,1,"[0.3201565146446228, -0.14233514666557312, -0.40461042523384094, 0.32075583934783936, 0.619034469127655, -0.679956316947937, -0.006978992372751236, -1.4239131212234497, -0.58858722448349, 0.8371123671531677, -0.6405394077301025, -0.25880613923072815, -0.8559290766716003, 0.22531074285507202, -0.7046909332275391, -0.788975715637207, -0.06939142942428589, -1.354642391204834, -0.5835098028182983, -0.5011930465698242, 1.3039602041244507, -0.4950253963470459, 1.234827995300293, 0.47835421562194824, 1.3640472888946533, 0.0629163533449173, 0.8075007200241089, -1.2199984788894653, 1.502214789390564, -0.7747119665145874, 1.0119420289993286, 1.0077580213546753, 1.3415552377700806, -0.34999793767929077, -0.17718623578548431, -1.342377781867981, 1.0226877927780151, 0.5425999164581299, 1.174804449081421, -0.4533607065677643, 0.9138610363006592, 1.7567708492279053, 0.40441831946372986, -0.9642947912216187, -0.7334221005439758, 1.311607003211975, -0.40469369292259216, 1.104206919670105, -1.3835192918777466, 2.8486220836639404, -1.777117133140564, 0.18642869591712952, 1.5020663738250732, 0.918281078338623, 0.631342351436615, 0.39740490913391113, -0.7199572324752808, 0.23622921109199524, 1.3595941066741943, -0.27953049540519714, 1.3596739768981934, -2.620525360107422, -0.17428141832351685, 0.6975646615028381, -1.7953404188156128, 0.43138235807418823, -1.0298490524291992, 0.2364233434200287, 0.41257157921791077, -0.5334545373916626, -2.1667580604553223, 0.1202901303768158, -0.21967439353466034, -0.08820468187332153, -1.603615164756775, -1.728664517402649, 1.9927998781204224, 0.14178809523582458, 0.47218090295791626, -1.204384207725525, -1.7629425525665283, -0.20457960665225983, 0.6628297567367554, 0.8666006922721863, -0.023682259023189545, 0.4852541387081146, 1.741645336151123, -1.9934200048446655, -0.09677860885858536, -0.12558311223983765, -1.4366776943206787, 0.42017850279808044, 0.38181400299072266, -0.12069401890039444, 2.5966179370880127, -1.1847935914993286, 0.15019942820072174, -0.4346896708011627, -1.9730043411254883, -1.7349789142608643, -0.7322150468826294, 0.7591685652732849, 0.5783276557922363, 1.223565936088562, 0.36272236704826355, -0.041295118629932404, 0.26096293330192566, 0.2131158411502838, -1.0030016899108887, -0.2866663336753845, 0.9616619348526001, -0.8111995458602905, 1.016003966331482, 1.572052001953125, -1.4811878204345703, 0.7544176578521729, -0.9938523769378662, -0.13771328330039978, -0.6816170811653137, -0.09991753101348877, -0.7265464663505554, -0.15953092277050018, 0.30431240797042847, -0.09692298620939255, -0.9732761383056641, 0.2783927321434021, 1.1644071340560913, 1.2955586910247803]",yunet,Facenet,1920,1080,/home/amos/media/tv/modern_family/Modern.Family.S09.1080p.DSNP.WEB-DL.DDP5.1.H.264-CRFW/Modern.Family.S09E21.The.Escape.1080p.DSNP.WEB-DL.DDP5.1.H.264-CRFW.mkv,Modern Family,2009,1442437,9,21,Reid Ewing,967692.0,0.811
1162,888,192,1128,504,1050,318,948,318,0.931,28728,0,"[-0.41311362385749817, -0.9390498399734497, -0.8969584703445435, -0.61835116147995, -0.08006314933300018, 1.516016960144043, 0.5086696743965149, 0.48897865414619446, 1.601741909980774, -0.5253089666366577, -0.15360471606254578, -0.5326454639434814, -2.6875643730163574, 0.6320438385009766, -0.3340889811515808, -0.13516977429389954, -2.7016842365264893, 0.29461079835891724, 0.3132669925689697, -1.0633060932159424, -0.05213836953043938, 0.08214003592729568, -0.03603585064411163, -0.9844480752944946, 1.1782341003417969, 0.5185701847076416, 0.7185152769088745, -3.205841064453125, 0.3722008466720581, -0.2869296371936798, -0.23764929175376892, 0.18045151233673096, 0.4717240631580353, -0.5004526972770691, -0.40228015184402466, 0.8144391179084778, -0.4390889108181, 1.4376899003982544, 0.9899336099624634, -0.8797012567520142, 0.780817449092865, 1.0085265636444092, -1.6334333419799805, -2.268021821975708, 0.5870673060417175, -0.7159039378166199, -0.7288078665733337, 1.732663869857788, 0.34826040267944336, -0.015054050832986832, -0.7730031609535217, 0.6568312048912048, 0.8000690937042236, 0.6494284272193909, -0.018748313188552856, -1.13285231590271, -0.023689143359661102, 1.8308733701705933, -0.48705679178237915, 0.2203204333782196, 0.8844935297966003, -1.2308579683303833, -0.9868775606155396, 0.8888375759124756, 2.0751399993896484, 0.039255451411008835, 0.3130776286125183, 1.996517300605774, -0.21936750411987305, -0.1587255597114563, 0.11098788678646088, 0.37298259139060974, -2.6396377086639404, 0.816805362701416, -0.1673004925251007, -2.088054656982422, -0.39905986189842224, 1.4649548530578613, -0.7653342485427856, 1.0463937520980835, -2.0898687839508057, -1.4683239459991455, 0.5692886710166931, -0.2930297255516052, -1.7294917106628418, 0.6917804479598999, 0.7697610259056091, -0.19383007287979126, -1.4824858903884888, -2.296074867248535, 0.8480225205421448, -0.05933032184839249, 1.1645750999450684, -0.048463426530361176, -0.5760197639465332, 0.473395437002182, -2.189488172531128, 0.7195706367492676, 0.32215946912765503, 0.9039354920387268, -1.6197572946548462, 0.290963739156723, -0.21679818630218506, 0.146587535738945, -0.2684800624847412, -0.20766489207744598, -1.3607444763183594, -1.27588951587677, -0.6442399621009827, 0.39318540692329407, -0.4981594681739807, -1.3830565214157104, 0.5175355672836304, -0.7252210974693298, -0.3009737730026245, 1.7219797372817993, -0.6450822353363037, 0.8649330139160156, -0.4602108299732208, 2.030886173248291, -2.0276880264282227, 0.850592851638794, 0.5414180755615234, 0.6978501081466675, -0.16960814595222473, 0.490194171667099, -0.4965135157108307, 1.4835246801376343]",yunet,Facenet,1920,1080,/home/amos/media/tv/modern_family/Modern.Family.S09.1080p.DSNP.WEB-DL.DDP5.1.H.264-CRFW/Modern.Family.S09E21.The.Escape.1080p.DSNP.WEB-DL.DDP5.1.H.264-CRFW.mkv,Modern Family,2009,1442437,9,21,Chris Geere,62879.0,0.616
1163,168,120,396,402,360,234,276,234,0.908,28728,1,"[0.5240843296051025, -0.5941112041473389, -0.35049623250961304, 0.3810925781726837, 0.37922558188438416, -0.3660019040107727, -0.049971845000982285, -1.3692749738693237, -0.24154961109161377, 0.7570168972015381, -0.6132487654685974, -0.26713305711746216, -0.9150068163871765, 0.3931949734687805, -1.1933456659317017, -0.7971084117889404, 0.22027316689491272, -1.2792855501174927, -0.276125431060791, -0.5839544534683228, 1.2068417072296143, -0.561497151851654, 1.1335893869400024, 0.24296972155570984, 1.9358919858932495, 0.18480737507343292, 0.9847210645675659, -1.4724024534225464, 1.6307010650634766, -1.0579922199249268, 0.9768811464309692, 0.872577965259552, 1.6072463989257812, -0.7359814643859863, -0.4754697382450104, -0.9215639233589172, 0.9826821088790894, 0.7940052151679993, 0.709736704826355, -0.40513554215431213, 1.0503147840499878, 1.8880321979522705, 0.5346972942352295, -0.7159023880958557, -0.651924192905426, 1.2490137815475464, -0.5857793092727661, 1.2783691883087158, -1.4499224424362183, 2.62937593460083, -1.6401551961898804, 0.17586193978786469, 1.2020914554595947, 0.8034425377845764, 0.7308772206306458, 0.5480712652206421, -0.5667327046394348, 0.4984312653541565, 1.487450122833252, -0.23441821336746216, 1.6593588590621948, -2.5892069339752197, 0.012216661125421524, 0.8122460246086121, -1.7094236612319946, 0.5489531755447388, -1.1691495180130005, 0.10560575127601624, 0.16291916370391846, -0.6771409511566162, -2.1303510665893555, -0.05212549865245819, -0.27739080786705017, -0.22347120940685272, -1.1097800731658936, -1.900296926498413, 1.9936290979385376, 0.36171916127204895, 0.6226480007171631, -0.9207847714424133, -1.848541498184204, -0.17987790703773499, 0.6864384412765503, 0.6857927441596985, -0.33916330337524414, 0.5624468326568604, 1.579308032989502, -2.0801877975463867, 0.2727600932121277, -0.23304632306098938, -1.4496768712997437, 0.3913795053958893, 0.5959478616714478, -0.1748553216457367, 2.409602165222168, -0.9846924543380737, -0.09629206359386444, -0.6273250579833984, -2.181074857711792, -1.5506287813186646, -0.5054821372032166, 0.9223136305809021, 0.8373850584030151, 0.9856957793235779, 0.42526012659072876, -0.2229178249835968, 0.17952854931354523, 0.17629364132881165, -0.7953953146934509, -0.500856339931488, 0.8996045589447021, -0.6989584565162659, 1.2329524755477905, 1.652531385421753, -1.572080373764038, 0.5771530866622925, -1.0584661960601807, 0.11561392992734909, -0.6402970552444458, -0.16093090176582336, -0.7747377157211304, -0.2566375732421875, 0.3127822279930115, 0.12396228313446045, -0.7296301126480103, 0.4970937669277191, 1.3541902303695679, 1.2631808519363403]",yunet,Facenet,1920,1080,/home/amos/media/tv/modern_family/Modern.Family.S09.1080p.DSNP.WEB-DL.DDP5.1.H.264-CRFW/Modern.Family.S09E21.The.Escape.1080p.DSNP.WEB-DL.DDP5.1.H.264-CRFW.mkv,Modern Family,2009,1442437,9,21,Reid Ewing,967692.0,0.805
1164,990,174,1242,522,1104,312,1014,312,0.908,28752,0,"[0.5021713972091675, 0.10422991216182709, -0.4123629927635193, 1.7985382080078125, 0.5775415301322937, -0.13414721190929413, 0.395253986120224, -2.2098801136016846, 0.10647497326135635, 1.940496802330017, -1.717864990234375, 1.5757441520690918, 1.4017407894134521, 0.6305952072143555, 1.4404757022857666, 0.9497656226158142, -0.6068017482757568, 0.5247092247009277, -1.396422266960144, 0.25537237524986267, -0.4483754336833954, -0.052166249603033066, 1.2614833116531372, 1.3189775943756104, 1.1195284128189087, -0.014840848743915558, 0.977592945098877, -1.5247235298156738, 3.4232077598571777, 0.3269517123699188, 0.22328519821166992, -2.3740806579589844, 0.11332660913467407, -0.1442078948020935, 1.2852661609649658, -1.6936801671981812, -0.8302936553955078, 1.0309898853302002, -1.4891574382781982, 0.08158394694328308, -0.04963238537311554, 0.2712666988372803, 0.9855310916900635, 0.952960729598999, -1.0328232049942017, -1.072525978088379, -0.26787009835243225, 0.5043608546257019, 0.4443974494934082, -0.31548330187797546, -0.5757796168327332, 0.2955987751483917, -0.07494723051786423, 1.0309613943099976, 0.9257847666740417, -0.48902010917663574, 1.1584893465042114, 1.098829984664917, -0.5256447196006775, 0.10469385236501694, -0.2357165515422821, 0.5290906429290771, -0.7361301183700562, 0.48002612590789795, -0.9624011516571045, 2.1806833744049072, -0.9500635862350464, 0.6884663701057434, 0.585263192653656, -0.09433946013450623, 0.4598654508590698, -0.49182984232902527, 1.0173149108886719, 1.1790581941604614, 0.7421150207519531, -1.2029757499694824, 0.6299988031387329, -0.9333138465881348, 0.5420383214950562, -1.409033179283142, -0.5288880467414856, -0.09911078214645386, 0.4949374496936798, 0.8720876574516296, 0.030977364629507065, 0.5783554315567017, 0.5595411658287048, -0.6895741820335388, 0.0936289131641388, -0.6639277338981628, -0.8134180903434753, 0.9065853953361511, 2.1016147136688232, -0.947559118270874, 0.586708128452301, 1.2472114562988281, 0.02819978818297386, 0.6793853640556335, -0.9344578981399536, -1.7403911352157593, -1.1348034143447876, 0.9883751273155212, -1.0373281240463257, 1.748958945274353, 2.293079137802124, -0.6472353339195251, 0.07522940635681152, -0.982440710067749, 0.4602710008621216, -0.7089108228683472, 0.41151267290115356, 1.7705881595611572, 0.2904268205165863, -1.0023243427276611, -1.273086428642273, 0.09518793225288391, -1.1580685377120972, 1.1032006740570068, 1.0389597415924072, -0.3496452569961548, 1.220820665359497, -1.0904793739318848, 0.5941032767295837, -1.28005051612854, 0.30880212783813477, 1.3210698366165161, 1.0645674467086792, 0.6618067622184753]",yunet,Facenet,1920,1080,/home/amos/media/tv/modern_family/Modern.Family.S09.1080p.DSNP.WEB-DL.DDP5.1.H.264-CRFW/Modern.Family.S09E21.The.Escape.1080p.DSNP.WEB-DL.DDP5.1.H.264-CRFW.mkv,Modern Family,2009,1442437,9,21,Sarah Hyland,91351.0,0.53
1165,978,168,1236,540,1092,312,1002,306,0.902,28776,0,"[0.296552836894989, -0.0462026447057724, -0.031014814972877502, 1.5346711874008179, 0.12702806293964386, -0.9636290073394775, 0.522338330745697, -2.370612859725952, -0.43775245547294617, 2.1196582317352295, -0.9391942620277405, 1.4677090644836426, 1.4716061353683472, 0.5368192195892334, 1.4258759021759033, 1.337872862815857, -0.25626257061958313, -0.3889586329460144, -1.8836930990219116, 0.7296457290649414, 0.01435735821723938, -0.42140114307403564, 1.329984188079834, 1.4034501314163208, 1.2210421562194824, -0.15047317743301392, 1.4260008335113525, -0.7499130964279175, 3.437420129776001, 0.22557808458805084, 0.08618848770856857, -1.7476234436035156, 0.3863063156604767, 0.3854854702949524, 1.3091994524002075, -1.6179132461547852, -0.7075598835945129, 0.9406121969223022, -0.7001908421516418, 0.04092106968164444, -0.7301737666130066, 0.20777231454849243, 0.37788885831832886, 0.9811573028564453, -1.419496774673462, -1.1285998821258545, -0.40200909972190857, 0.38214221596717834, 0.09894432127475739, -0.17427308857440948, -0.7203055620193481, 0.3776022791862488, -0.22100484371185303, 1.3929660320281982, 1.0230798721313477, 0.06370121985673904, 1.079769492149353, 1.2736159563064575, -0.840383768081665, 0.8192597031593323, -0.5483352541923523, 0.5162351727485657, -0.7691372036933899, -0.3324125111103058, -0.7372786998748779, 1.7853816747665405, -1.0239354372024536, 0.9959174990653992, 0.4336790442466736, 0.35245805978775024, 0.038234516978263855, -0.11622973531484604, 0.5693639516830444, 1.1501611471176147, 0.3747830092906952, -1.0559996366500854, 0.5546098947525024, -1.9572674036026, 0.7284330129623413, -1.5922632217407227, 0.045335955917835236, -0.40725967288017273, 0.9490772485733032, 1.0514910221099854, 0.28044265508651733, 0.6628284454345703, 0.42540591955184937, -0.765049397945404, 0.2830996811389923, -1.1339513063430786, -1.004217267036438, 0.6088663935661316, 2.1486034393310547, -1.0758661031723022, 0.9344869256019592, 1.3202370405197144, -0.1548147052526474, 0.5021426677703857, -0.7090999484062195, -2.0979599952697754, -0.7787594199180603, 0.9108668565750122, -1.6349378824234009, 1.5669158697128296, 2.2432477474212646, -0.5706841945648193, 0.3351357877254486, -1.5389443635940552, 0.5489446520805359, -0.7470542788505554, 0.5871483087539673, 1.3335314989089966, 0.5849138498306274, -1.4968149662017822, -0.9819437265396118, -0.05138464272022247, -1.05595862865448, 1.3426496982574463, 1.1113444566726685, -0.2329883724451065, 1.6968133449554443, -0.8743854761123657, 0.8044314384460449, -1.4963786602020264, 0.4045867919921875, 1.8311748504638672, 1.2566921710968018, 0.9826275110244751]",yunet,Facenet,1920,1080,/home/amos/media/tv/modern_family/Modern.Family.S09.1080p.DSNP.WEB-DL.DDP5.1.H.264-CRFW/Modern.Family.S09E21.The.Escape.1080p.DSNP.WEB-DL.DDP5.1.H.264-CRFW.mkv,Modern Family,2009,1442437,9,21,Sarah Hyland,91351.0,0.536
1166,912,204,1158,540,1056,342,954,342,0.928,28800,0,"[-0.17747175693511963, -1.885245442390442, -0.5165286660194397, -1.1102498769760132, 0.4487617313861847, 0.6197634339332581, -0.3781823515892029, 0.01816048100590706, 0.8619517087936401, -0.11549051105976105, 0.04050019383430481, -0.23261088132858276, -1.400701880455017, 0.8985346555709839, -0.40203937888145447, -0.8849453926086426, -1.1892342567443848, -0.6630357503890991, 1.0808122158050537, -2.4129443168640137, -0.6827019453048706, -1.4367691278457642, -0.05961042642593384, -1.7823485136032104, -0.1304866224527359, 0.2116459310054779, 1.3325073719024658, -1.6426230669021606, -0.1983390599489212, 0.20821233093738556, -0.19882729649543762, 0.8532738089561462, 0.14187012612819672, -0.3833651840686798, -1.3420342206954956, 1.8153294324874878, -0.9843945503234863, 1.0974286794662476, 1.0606087446212769, -0.8117998838424683, 1.4244544506072998, 0.7852860689163208, -1.3220410346984863, -2.0589327812194824, 0.5296730399131775, -0.8367412686347961, 0.21172288060188293, 1.3039153814315796, 0.3199213147163391, -0.28697600960731506, -1.3784130811691284, 1.05022132396698, -0.7214034199714661, 0.635197103023529, 0.6886275410652161, -1.4487698078155518, -0.3233329951763153, 2.3345749378204346, 0.3206327557563782, -0.09485182166099548, 0.2378629744052887, -2.8106045722961426, 0.1509408950805664, 1.3652089834213257, 1.9436461925506592, 0.16213522851467133, -0.6777961850166321, 1.464884877204895, -0.3974113166332245, -0.24580568075180054, -0.7920830249786377, 0.4108538329601288, -1.7963043451309204, 1.6000901460647583, 0.06512483954429626, -0.4365168809890747, -0.9440791606903076, 1.0431824922561646, -0.14439907670021057, 0.17083387076854706, -2.254760503768921, 0.1561051458120346, 0.8848394751548767, -0.608233630657196, -2.058720111846924, 0.21077454090118408, 0.3031241297721863, 0.0499226450920105, -2.285714864730835, -0.8556077480316162, 0.5057258009910583, 0.47774720191955566, 1.2988297939300537, -0.5585219860076904, 0.2652231752872467, 1.0633091926574707, -3.097132444381714, 1.6035354137420654, -0.00665799155831337, 0.7290879487991333, -1.9581162929534912, 0.010399103164672852, -0.02941468358039856, -0.3409630358219147, -0.1471681147813797, 0.5881940126419067, -0.9960707426071167, 0.5925700664520264, -0.5729976892471313, -1.4176108837127686, -0.2826005816459656, -1.0185681581497192, -0.395832359790802, -0.384310245513916, 0.7330192923545837, 2.127922534942627, 0.5314528942108154, -0.06391941010951996, -0.16452938318252563, 1.9061635732650757, -2.120682954788208, 0.7702491283416748, 0.5688260197639465, 0.23396308720111847, -0.3700505495071411, 0.28968894481658936, -0.3001615107059479, 0.5955635905265808]",yunet,Facenet,1920,1080,/home/amos/media/tv/modern_family/Modern.Family.S09.1080p.DSNP.WEB-DL.DDP5.1.H.264-CRFW/Modern.Family.S09E21.The.Escape.1080p.DSNP.WEB-DL.DDP5.1.H.264-CRFW.mkv,Modern Family,2009,1442437,9,21,Chris Geere,62879.0,0.719
1167,294,144,504,420,468,258,384,252,0.913,28800,1,"[0.5141811370849609, -0.2353997826576233, -0.7331965565681458, 0.7995128035545349, 0.31800976395606995, -0.7475782036781311, 0.6844007968902588, -1.3236525058746338, -0.543779730796814, 1.0521714687347412, -0.37471872568130493, -0.704741358757019, -0.6685507297515869, 0.3282753527164459, -1.2597079277038574, -0.5935820937156677, 0.3795757591724396, -1.2795089483261108, -0.42651674151420593, -0.5008119344711304, 0.8611059188842773, 0.08859096467494965, 1.3018540143966675, 0.7698695063591003, 2.105201482772827, 0.9829810261726379, 0.7227604389190674, -0.9856439828872681, 2.2630786895751953, -1.891642689704895, 0.5712820291519165, 1.045794129371643, 1.5270555019378662, -0.2893402874469757, 0.511449933052063, -1.0647375583648682, 0.5417658090591431, 0.867309033870697, 0.5891115665435791, -0.5791056156158447, 0.9278343319892883, 2.3517918586730957, 0.7585639953613281, -0.43784812092781067, -0.5496426820755005, 0.7732759118080139, -0.5820960402488708, 1.05277681350708, -0.8938820362091064, 2.4015166759490967, -1.2729921340942383, 0.3315964341163635, 0.5632938146591187, 0.46847689151763916, 0.2962935268878937, 1.3179856538772583, -0.1357405036687851, 0.8874689340591431, 0.9482710957527161, -0.49137842655181885, 1.453052282333374, -2.5176987648010254, 0.034154102206230164, 0.9396156668663025, -2.000565528869629, 0.959189236164093, -0.9750590324401855, 0.5561728477478027, 1.40544593334198, -0.5963233709335327, -2.0166666507720947, -0.050148412585258484, -0.4372580647468567, -0.11835078150033951, -1.2950267791748047, -2.3443362712860107, 1.9732698202133179, -0.26228293776512146, 0.3917043209075928, -1.010732889175415, -1.1439359188079834, -0.01754726842045784, 0.9417775273323059, 0.5329359173774719, -0.647373378276825, 0.4613282382488251, 1.88820219039917, -2.110199213027954, 0.20227724313735962, -0.10780195891857147, -1.7238481044769287, 0.2096719741821289, 0.7384701371192932, 0.2655639052391052, 2.3654494285583496, -1.508712887763977, -0.04914916306734085, -0.825329065322876, -2.2051124572753906, -1.2445029020309448, -0.9798024892807007, 1.1111609935760498, 0.3847934901714325, 1.6161692142486572, 0.5408722758293152, -0.10427297651767731, 0.548573911190033, -0.4002806544303894, -1.305177927017212, -0.4684445559978485, 1.168223261833191, -0.05114000290632248, 1.361899733543396, 2.4214823246002197, -1.374143123626709, 0.6791108846664429, -0.7698357105255127, -0.4709150195121765, -0.18809634447097778, -0.22235609591007233, -0.5032413005828857, 0.39494895935058594, 0.22713223099708557, 0.1332521289587021, -0.834790825843811, 0.6147304773330688, 1.67696213722229, 1.1188478469848633]",yunet,Facenet,1920,1080,/home/amos/media/tv/modern_family/Modern.Family.S09.1080p.DSNP.WEB-DL.DDP5.1.H.264-CRFW/Modern.Family.S09E21.The.Escape.1080p.DSNP.WEB-DL.DDP5.1.H.264-CRFW.mkv,Modern Family,2009,1442437,9,21,Reid Ewing,967692.0,0.816
1168,306,144,516,420,480,246,396,246,0.915,28824,0,"[0.4383177161216736, -0.44528284668922424, -0.889366090297699, 0.7661991715431213, 0.3384998142719269, -0.4253314733505249, 0.48915016651153564, -0.9377636313438416, -0.1373438537120819, 0.43540477752685547, -0.31935983896255493, -0.741970419883728, -0.053286172449588776, 0.10603444278240204, -1.3654919862747192, -0.8579709529876709, 0.03581464663147926, -1.1717344522476196, -0.38597944378852844, -0.49790552258491516, 0.9556763172149658, -0.004591063130646944, 0.9871614575386047, 0.4388714134693146, 1.86707603931427, 0.6334418058395386, 0.9659652709960938, -1.0696725845336914, 1.58720862865448, -1.56300950050354, 0.5435387492179871, 1.339804768562317, 2.035008430480957, -0.7173418402671814, 0.17873477935791016, -0.9095039367675781, 0.7291317582130432, 0.5292556881904602, 0.3330153226852417, -0.362052321434021, 1.5694571733474731, 1.8185031414031982, 0.8547565937042236, -0.518441915512085, -0.5834223031997681, 1.0662981271743774, -0.7946006059646606, 1.1612575054168701, -1.0577653646469116, 2.166721820831299, -1.3397901058197021, 0.4121277630329132, 0.8327702879905701, 0.8602604269981384, 0.6343935132026672, 1.240658164024353, -0.7968757152557373, 0.5322332382202148, 1.1525899171829224, -1.0767993927001953, 1.091495156288147, -2.3735456466674805, 0.21438497304916382, 0.8099284768104553, -1.780632734298706, 0.4563642144203186, -1.117302656173706, 0.06308800727128983, 0.6808879375457764, -0.8921524286270142, -1.678025484085083, -0.17280535399913788, -0.503675639629364, -0.35765981674194336, -1.7450206279754639, -2.6476778984069824, 1.7269293069839478, 0.10432235896587372, 0.4710429906845093, -0.9636680483818054, -0.5649341940879822, -0.3086104691028595, 0.8621382713317871, 0.5039157867431641, -0.1886676847934723, 0.2072649896144867, 1.3311045169830322, -1.7825238704681396, 0.22949138283729553, -0.5041255354881287, -1.5541346073150635, -0.034387603402137756, 0.45344075560569763, 0.21485579013824463, 1.932773232460022, -1.0403774976730347, 0.38660234212875366, -1.1128082275390625, -2.257739543914795, -1.1675680875778198, -0.9358522891998291, 0.9873985648155212, 0.9365410208702087, 1.6023921966552734, -0.4284555912017822, 0.304679274559021, 0.8245349526405334, -0.46754804253578186, -1.0973420143127441, -0.06109379976987839, 0.9009890556335449, -0.22984836995601654, 1.3964431285858154, 2.0812060832977295, -1.4369328022003174, 0.29006391763687134, -0.7085779905319214, -0.6264289021492004, -0.17715921998023987, -0.7741958498954773, -0.7606358528137207, 0.33716991543769836, 0.8519937992095947, 0.1391196846961975, -0.7623779773712158, 0.9948751330375671, 1.7793821096420288, 1.6281582117080688]",yunet,Facenet,1920,1080,/home/amos/media/tv/modern_family/Modern.Family.S09.1080p.DSNP.WEB-DL.DDP5.1.H.264-CRFW/Modern.Family.S09E21.The.Escape.1080p.DSNP.WEB-DL.DDP5.1.H.264-CRFW.mkv,Modern Family,2009,1442437,9,21,Reid Ewing,967692.0,0.781
1169,834,252,1128,570,1020,408,900,420,0.909,28824,1,"[-0.24769416451454163, -1.6022508144378662, -0.019619375467300415, -1.5175377130508423, -0.01474783755838871, 0.7212042808532715, -0.7723370790481567, 0.43420493602752686, 0.6247056722640991, -0.8265806436538696, 0.34661778807640076, 0.05586802959442139, -0.9233343601226807, -0.9382020235061646, 0.03865537419915199, -0.3165649175643921, -2.190065622329712, -0.08593089878559113, 0.8214857578277588, -1.3519036769866943, 0.4815707504749298, -0.2992350161075592, -0.8253608345985413, -1.996264100074768, -0.11007428169250488, 0.8437310457229614, 0.5835717916488647, -0.8013445138931274, 0.1777508556842804, 0.9565017223358154, -0.8550812005996704, 1.606370449066162, -0.21731822192668915, -0.7524969577789307, -0.8807942867279053, 0.6765851974487305, -0.3867097795009613, 0.8719292879104614, 0.460879385471344, -0.2938283681869507, 1.7265323400497437, 1.5890414714813232, -1.170673131942749, -1.507477045059204, 0.9510236978530884, -0.6857978701591492, 1.3597919940948486, 1.2916966676712036, 1.2465952634811401, 0.1336970031261444, -0.9108166694641113, 0.443267822265625, -0.10155903548002243, 0.23853908479213715, 0.5392568111419678, -2.1239981651306152, -0.2890763580799103, 2.4403820037841797, 0.07282041013240814, 1.040258526802063, 1.2530783414840698, -2.8529117107391357, -0.5346446633338928, 0.7569995522499084, 1.343732476234436, 0.20444360375404358, 0.014937758445739746, 1.207995891571045, 0.13990119099617004, -1.0455747842788696, -0.919969379901886, 0.3204666078090668, -2.254999876022339, 1.7372456789016724, -0.1519850194454193, -0.7906244993209839, -0.8161921501159668, 2.0237956047058105, -0.172862708568573, 1.0953503847122192, -3.0307869911193848, -1.1729968786239624, 1.0536961555480957, -0.09467226266860962, -1.978371500968933, -0.05741860717535019, 1.1094108819961548, -0.033180058002471924, -1.4300628900527954, -1.4957548379898071, 0.21813270449638367, 0.44322866201400757, 0.7968055009841919, -0.6288701295852661, 0.809813380241394, 0.7219042181968689, -2.7704155445098877, 0.42752954363822937, -0.007867231965065002, -0.10974180698394775, -0.45883309841156006, -0.6150004267692566, -0.4466139078140259, -0.29632195830345154, -0.5196639895439148, 0.563042402267456, -0.9994154572486877, -0.056996628642082214, -0.0582195520401001, 0.33520323038101196, 0.03906767815351486, -2.488481283187866, -0.31107330322265625, -0.10793809592723846, 0.7040317058563232, 2.0159077644348145, -0.09919925779104233, -0.3804292678833008, -0.46649542450904846, 1.4439526796340942, -1.8379167318344116, 1.0206841230392456, -0.2958468198776245, 0.8146387934684753, -0.628612756729126, 0.05070924013853073, -1.163586974143982, 0.2822660505771637]",yunet,Facenet,1920,1080,/home/amos/media/tv/modern_family/Modern.Family.S09.1080p.DSNP.WEB-DL.DDP5.1.H.264-CRFW/Modern.Family.S09E21.The.Escape.1080p.DSNP.WEB-DL.DDP5.1.H.264-CRFW.mkv,Modern Family,2009,1442437,9,21,Chris Geere,62879.0,0.578
1170,930,174,1194,516,1104,324,990,330,0.926,28848,0,"[0.3028113842010498, -0.940522313117981, -1.3616575002670288, -0.3261432945728302, -0.5549709796905518, 1.3799395561218262, 0.22125349938869476, 1.4129483699798584, 0.9703361392021179, 0.4466290771961212, 0.5851078629493713, -0.8559808135032654, -1.5022128820419312, 1.2583363056182861, 0.04011382907629013, -0.35088038444519043, -2.4172487258911133, -0.2989870011806488, 0.7772373557090759, -0.9059820175170898, 0.43700656294822693, -0.21633349359035492, -0.16552183032035828, -1.4218013286590576, 0.6299011707305908, -0.10848324745893478, 1.3088462352752686, -2.5548501014709473, -0.6148674488067627, 0.0042458754032850266, -0.6606322526931763, 1.149694800376892, 0.4425426125526428, -0.07590389996767044, -0.9741774201393127, 0.5509399175643921, -0.32085248827934265, 0.7282814383506775, 1.210120677947998, -0.6782829761505127, 1.5070470571517944, 1.4338492155075073, -0.8258312940597534, -2.701272964477539, -0.19921144843101501, -0.5664531588554382, 0.7845442295074463, 1.1173728704452515, 0.12412421405315399, 0.18899224698543549, -1.1573398113250732, 1.419752836227417, -0.5128262639045715, 0.5619755387306213, 0.3445034325122833, -1.5011829137802124, 0.7083452343940735, 2.703568458557129, -0.4329822361469269, -0.791413426399231, 1.2310844659805298, -1.573766827583313, 0.13714110851287842, 1.1240170001983643, 2.7384204864501953, -0.9031704664230347, -0.0755096897482872, 1.9909346103668213, -1.5878750085830688, -0.4723603427410126, 0.05178357660770416, 0.4562581479549408, -1.6689882278442383, 1.71554696559906, 0.07626374810934067, -1.1597275733947754, 0.15771809220314026, 1.5403103828430176, -1.06975519657135, 1.2087785005569458, -2.4024417400360107, -0.9434398412704468, 1.445602297782898, -0.11604821681976318, -1.1538574695587158, 0.8488273620605469, 0.2503299117088318, 0.19775284826755524, -1.4208521842956543, -2.256176471710205, 0.4194251000881195, 0.4004972279071808, 1.8705772161483765, 0.8205036520957947, 0.0817817896604538, 0.3382374346256256, -2.2473154067993164, 1.3303017616271973, -0.3532315194606781, 0.1061217412352562, -2.0017716884613037, 0.027665063738822937, -0.24261850118637085, -0.49361640214920044, -0.15697959065437317, -0.3123820424079895, -1.0852454900741577, 0.7524341344833374, 0.0013570114970207214, 0.9591537117958069, -0.3381202816963196, -1.5472519397735596, 0.4496077001094818, -0.16498658061027527, -0.40026432275772095, 1.3544842004776, 0.08883105218410492, 0.15046320855617523, 0.06616252660751343, 1.563043475151062, -2.552043914794922, 1.6173344850540161, -0.0075331442058086395, 0.7746102809906006, -0.011907465755939484, 0.33994802832603455, -1.5375698804855347, 1.09423828125]",yunet,Facenet,1920,1080,/home/amos/media/tv/modern_family/Modern.Family.S09.1080p.DSNP.WEB-DL.DDP5.1.H.264-CRFW/Modern.Family.S09E21.The.Escape.1080p.DSNP.WEB-DL.DDP5.1.H.264-CRFW.mkv,Modern Family,2009,1442437,9,21,Chris Geere,62879.0,0.69
1171,312,144,522,420,480,246,396,246,0.92,28848,1,"[0.2455790489912033, -0.7982256412506104, -0.6389888525009155, 0.732184648513794, 0.2194603979587555, -0.9045243859291077, 0.37823039293289185, -1.0061167478561401, -0.5366291999816895, 1.1310118436813354, -0.28737738728523254, -0.6918240785598755, -0.2791537940502167, 0.13596735894680023, -0.8734543323516846, -0.5978808403015137, 0.2080407738685608, -0.8868085145950317, -0.22834625840187073, -0.5197340250015259, 1.1135472059249878, -0.4296114146709442, 1.4438236951828003, 0.4768308699131012, 1.8683651685714722, 0.616485595703125, 0.9931424856185913, -0.81350177526474, 1.7079366445541382, -1.4062975645065308, 0.23953120410442352, 1.3625773191452026, 1.848518967628479, -0.2096920907497406, 0.20415936410427094, -1.1907529830932617, 0.5956457853317261, 0.7923364043235779, 0.49255189299583435, -0.7807049751281738, 1.0789061784744263, 2.1449429988861084, 0.7870306968688965, -0.3987143337726593, -0.81929612159729, 1.1182267665863037, -0.7699731588363647, 0.9618242979049683, -0.9641914963722229, 2.6124022006988525, -1.2527263164520264, 0.27432921528816223, 0.7510361075401306, 0.810553252696991, 0.5893307328224182, 1.222528100013733, -0.7363417148590088, 0.6551306247711182, 0.7885807752609253, -0.5444623231887817, 1.3620692491531372, -2.2044429779052734, -0.05212213844060898, 0.9996615052223206, -1.7006906270980835, 0.40866440534591675, -1.3203980922698975, 0.022024057805538177, 0.9824867248535156, -0.5095700025558472, -1.8426222801208496, -0.17333388328552246, -0.15922003984451294, -0.37461596727371216, -1.0725970268249512, -2.4639358520507812, 1.8708902597427368, -0.23538799583911896, 0.27228525280952454, -0.8534491062164307, -1.119512677192688, -0.32871243357658386, 0.8290258049964905, 0.579407811164856, -0.17819976806640625, 0.35709816217422485, 1.5903879404067993, -1.9318548440933228, 0.18936334550380707, -0.38732412457466125, -1.6762510538101196, 0.4235101044178009, 0.3674740493297577, 0.5188723802566528, 2.409578323364258, -1.3862731456756592, 0.15302042663097382, -0.9218088984489441, -2.550750494003296, -1.6228629350662231, -0.580058753490448, 1.0875904560089111, 0.7408737540245056, 1.4118704795837402, 0.468127965927124, 0.09099387377500534, 0.742389976978302, -0.6978110074996948, -1.1572860479354858, -0.2397039532661438, 1.2056571245193481, -0.25175172090530396, 0.7293945550918579, 2.3397274017333984, -1.3889460563659668, 0.3504813015460968, -0.7265771627426147, -0.5079901814460754, -0.4308358132839203, -0.43404334783554077, -0.6098098754882812, 0.1867542564868927, 0.45559161901474, 0.25932085514068604, -1.111589789390564, 0.6187118887901306, 1.6070506572723389, 1.7404206991195679]",yunet,Facenet,1920,1080,/home/amos/media/tv/modern_family/Modern.Family.S09.1080p.DSNP.WEB-DL.DDP5.1.H.264-CRFW/Modern.Family.S09E21.The.Escape.1080p.DSNP.WEB-DL.DDP5.1.H.264-CRFW.mkv,Modern Family,2009,1442437,9,21,Reid Ewing,967692.0,0.834
1172,312,150,522,426,486,258,402,258,0.92,28872,0,"[-0.23950865864753723, -0.8883651494979858, -0.501604437828064, 0.6708554029464722, -0.03036566823720932, -0.7448623776435852, 0.18024136126041412, -0.9791505932807922, -0.20144104957580566, 0.49581262469291687, -0.4717080891132355, -0.2933737635612488, -0.24122445285320282, 0.22923865914344788, -1.1388862133026123, -0.7145500779151917, 0.2851499319076538, -1.2303680181503296, -0.4865407943725586, -0.3585849106311798, 1.0543252229690552, -0.3708682954311371, 1.3172669410705566, 0.9068699479103088, 1.8206788301467896, 0.30862173438072205, 1.1147748231887817, -1.2878214120864868, 1.9124528169631958, -1.7973772287368774, 0.2715666890144348, 0.9356122612953186, 2.0190489292144775, -0.2694188356399536, 0.03580043464899063, -0.8997556567192078, 0.4348263144493103, 0.4501058757305145, 0.37080883979797363, -0.5470188856124878, 1.1239274740219116, 2.0639493465423584, 0.3885282874107361, -0.0017630159854888916, -0.7340373992919922, 0.9201582074165344, -0.44963759183883667, 0.925152063369751, -1.3112132549285889, 2.3858625888824463, -1.2215771675109863, 0.1106579601764679, 0.5986775159835815, 0.3808490037918091, 0.6297335028648376, 1.215515375137329, -0.4872262179851532, 0.8261679410934448, 0.7032520771026611, -0.7168207168579102, 1.441264033317566, -2.660210371017456, -0.20759570598602295, 0.451471745967865, -1.9251042604446411, 0.640310525894165, -1.278571367263794, 0.23249980807304382, 0.6812976002693176, -1.1900218725204468, -2.1057326793670654, -0.08590073883533478, -0.356122761964798, -0.3674272298812866, -1.075026512145996, -2.4175970554351807, 1.8964039087295532, -0.05809042975306511, 0.33589765429496765, -0.9514895081520081, -1.5164587497711182, -0.3869258165359497, 0.6426369547843933, 0.7794817090034485, -0.19028577208518982, 0.5540288686752319, 2.026726722717285, -1.8739908933639526, 0.10193116962909698, -0.1407165825366974, -1.5546457767486572, 0.18127845227718353, 0.5519195795059204, 0.2893695533275604, 2.141976833343506, -1.1420578956604004, 0.1939222812652588, -0.9589934945106506, -2.3856735229492188, -1.376549243927002, -0.6350553035736084, 1.189266324043274, 0.9209718108177185, 1.5902124643325806, 0.4170183837413788, -0.43934571743011475, 0.49807876348495483, -0.5012651681900024, -1.077607274055481, -0.43598783016204834, 1.3185940980911255, -0.4211844205856323, 1.5561892986297607, 1.9752213954925537, -1.6487113237380981, 0.5569549798965454, -0.5843487977981567, -0.16997367143630981, -0.33396363258361816, -0.4456206262111664, -0.9520543813705444, 0.22818632423877716, 0.2077656239271164, 0.23342785239219666, -0.8398622274398804, 0.698410153388977, 1.215386152267456, 1.5890488624572754]",yunet,Facenet,1920,1080,/home/amos/media/tv/modern_family/Modern.Family.S09.1080p.DSNP.WEB-DL.DDP5.1.H.264-CRFW/Modern.Family.S09E21.The.Escape.1080p.DSNP.WEB-DL.DDP5.1.H.264-CRFW.mkv,Modern Family,2009,1442437,9,21,Reid Ewing,967692.0,0.836
1173,948,174,1230,540,1158,324,1032,330,0.908,28872,1,"[0.4278157353401184, -2.0188252925872803, -1.8012158870697021, 0.1616116762161255, 1.404943823814392, 1.5227371454238892, -0.5622198581695557, 1.0818182229995728, 1.816481113433838, -1.0760600566864014, -0.5954048037528992, -0.7467247247695923, -1.8513764142990112, 1.7675814628601074, -0.5365068912506104, -1.020116925239563, -1.684043526649475, -0.3606623411178589, 0.03396023064851761, -1.3779155015945435, -0.3598278760910034, -0.21082185208797455, 0.18936404585838318, -1.7073227167129517, 0.8028271794319153, 0.09062964469194412, 0.82281494140625, -2.350646495819092, -0.7177073359489441, -0.2220841497182846, 0.1681077778339386, 0.9617006182670593, -0.5782281160354614, -0.7669362425804138, -1.1771374940872192, 1.509015440940857, -0.2518932819366455, 0.8038846850395203, 0.5489869713783264, -0.4411429166793823, 1.3508288860321045, 1.391966700553894, -0.6166396141052246, -2.8868677616119385, 0.6014336347579956, -1.2945556640625, 0.01654728129506111, 1.767557978630066, 0.09970244765281677, 0.8831887245178223, -1.3358430862426758, 0.6333681344985962, -0.17848506569862366, 0.4710506796836853, 0.9790675044059753, -1.6222749948501587, 1.3339992761611938, 1.784326434135437, -0.1769229918718338, -0.03646380826830864, 0.326860636472702, -1.837868571281433, 0.6853584051132202, 2.057013750076294, 1.660931944847107, -0.3031167984008789, -0.27403485774993896, 1.8714345693588257, -1.5854140520095825, -0.6255168914794922, -0.22072623670101166, 1.2463496923446655, -2.483591079711914, 2.100592613220215, -0.1354951560497284, -1.455014705657959, -1.0347251892089844, 1.2354627847671509, -0.7893290519714355, 0.5637845993041992, -2.774110794067383, 0.13659141957759857, 1.6121686697006226, -0.2301257699728012, -2.123267650604248, 0.26092398166656494, 0.7014884948730469, 0.13180293142795563, -1.3284002542495728, -2.1039559841156006, 0.8128056526184082, -0.05789227783679962, 0.4751529395580292, -0.31849661469459534, -0.0063898563385009766, 0.9047103524208069, -2.6646220684051514, 1.1904536485671997, 0.16621443629264832, 0.7658578753471375, -1.5212503671646118, -0.4177244305610657, -1.1273435354232788, -0.9731566905975342, 0.4777839183807373, -1.2059623003005981, -0.9595715403556824, -0.3055942952632904, 0.6648119688034058, -0.6573600172996521, -0.4052872657775879, -1.7665315866470337, 1.3090336322784424, -0.03798096626996994, 0.030823221430182457, 0.9859967231750488, 0.3964154124259949, 1.0527050495147705, -0.07837513834238052, 1.5171257257461548, -1.912622332572937, 0.9406342506408691, 0.8196853399276733, -0.11379602551460266, -0.4746531844139099, 0.2508644759654999, -1.0781625509262085, 0.062153760343790054]",yunet,Facenet,1920,1080,/home/amos/media/tv/modern_family/Modern.Family.S09.1080p.DSNP.WEB-DL.DDP5.1.H.264-CRFW/Modern.Family.S09E21.The.Escape.1080p.DSNP.WEB-DL.DDP5.1.H.264-CRFW.mkv,Modern Family,2009,1442437,9,21,Chris Geere,62879.0,0.73
1174,330,144,534,408,492,240,402,246,0.927,28896,0,"[0.3741072416305542, -0.4875379502773285, -0.6492873430252075, 0.915513277053833, -0.018914716318249702, -0.6844444870948792, 0.6237857937812805, -0.9113290309906006, -0.2737859785556793, 0.8442374467849731, -0.48063531517982483, -0.7957232594490051, -0.3554728627204895, 0.13465958833694458, -1.1202194690704346, -0.612311601638794, 0.3005596995353699, -0.956676185131073, 0.01600726693868637, -0.520511269569397, 0.900680422782898, -0.0656367838382721, 1.3684687614440918, 0.7258107662200928, 1.9238152503967285, 0.7994325160980225, 0.8244571685791016, -0.7470861077308655, 1.735221266746521, -1.6176261901855469, 0.04289361834526062, 1.2997713088989258, 1.545561671257019, -0.3738117814064026, 0.1483437567949295, -1.2309348583221436, 0.6929108500480652, 0.9008263349533081, 0.5596654415130615, -0.7995961904525757, 1.156724214553833, 1.910278081893921, 0.7881652116775513, -0.36060845851898193, -0.6871070861816406, 1.565950870513916, -0.710677444934845, 0.7310302257537842, -1.0563572645187378, 2.691242218017578, -1.0710530281066895, 0.22019565105438232, 0.8009681105613708, 0.5998495221138, 0.5301231145858765, 1.3328982591629028, -0.7636234164237976, 0.7499882578849792, 0.7208775281906128, -0.5311626195907593, 1.1191089153289795, -2.150566816329956, -0.1394934207201004, 0.8382226228713989, -1.598583698272705, 0.4966678023338318, -1.1137508153915405, -0.001060022972524166, 1.002980351448059, -0.6622620820999146, -1.6185513734817505, 0.03520837426185608, -0.12570202350616455, -0.26231563091278076, -1.5085437297821045, -2.3434693813323975, 1.601872444152832, -0.12706853449344635, 0.45062255859375, -0.7127466201782227, -0.9318671822547913, -0.2513914704322815, 1.1429481506347656, 0.2236640453338623, -0.33998242020606995, 0.1679738461971283, 1.7579362392425537, -1.7527703046798706, 0.136081263422966, -0.4629621207714081, -1.3454588651657104, 0.23114223778247833, 0.297598272562027, 0.5167105197906494, 2.273268699645996, -1.5727429389953613, 0.3203811049461365, -0.6651225686073303, -2.4425785541534424, -1.4762628078460693, -0.5790420770645142, 1.046644687652588, 0.8366681933403015, 1.5327640771865845, -0.08711002767086029, -0.02994142286479473, 0.9356847405433655, -0.5956680774688721, -1.1819827556610107, -0.3051210641860962, 0.9770352244377136, -0.24533547461032867, 1.145028829574585, 2.2916059494018555, -1.5265731811523438, 0.1698804795742035, -0.4015267491340637, -0.30454695224761963, -0.2038397490978241, -0.4992852509021759, -0.5973103046417236, 0.4411359429359436, 0.5592041015625, 0.35150080919265747, -1.1198444366455078, 0.7540706396102905, 1.6359204053878784, 1.543683648109436]",yunet,Facenet,1920,1080,/home/amos/media/tv/modern_family/Modern.Family.S09.1080p.DSNP.WEB-DL.DDP5.1.H.264-CRFW/Modern.Family.S09E21.The.Escape.1080p.DSNP.WEB-DL.DDP5.1.H.264-CRFW.mkv,Modern Family,2009,1442437,9,21,Reid Ewing,967692.0,0.831
1175,942,168,1224,522,1134,330,1014,330,0.922,28896,1,"[0.28382769227027893, -1.9209381341934204, -1.6590828895568848, -0.42779916524887085, -0.09759848564863205, 0.963412880897522, -0.3237900733947754, 1.1255923509597778, 1.0603963136672974, -0.6799530982971191, -0.07375641912221909, -0.5984333753585815, -1.1956849098205566, 1.8476582765579224, -0.33393776416778564, -0.46494948863983154, -2.4136719703674316, -0.3043614625930786, 0.5482203960418701, -1.2331279516220093, 0.045917704701423645, -0.16217848658561707, -0.7581422328948975, -1.678725242614746, 0.9443674087524414, 0.0513104572892189, 1.4973194599151611, -2.613391399383545, -0.5142603516578674, 0.19268405437469482, -0.6830041408538818, 1.72007417678833, 0.3198966383934021, -0.15370994806289673, -1.065679669380188, 1.021220088005066, -0.6041809916496277, 0.8003662824630737, 0.8143050670623779, -0.11331957578659058, 2.145730972290039, 1.8272223472595215, -0.7832275629043579, -2.677821397781372, -0.354762464761734, -1.267482876777649, 0.12110784649848938, 1.6146401166915894, 0.11776809394359589, 0.17373572289943695, -1.0274064540863037, 1.3205851316452026, 0.0252186581492424, 0.4013216495513916, 1.105115294456482, -1.6873525381088257, 0.8323298692703247, 2.431866407394409, -0.68095463514328, -0.3774589002132416, 1.3331630229949951, -2.0325233936309814, -0.159479022026062, 1.9095664024353027, 2.3324637413024902, -0.7532527446746826, 0.00914561003446579, 1.377718210220337, -1.5960384607315063, -0.7315540313720703, 0.4443066716194153, 0.901853084564209, -1.7956171035766602, 1.9051618576049805, 0.33859655261039734, -1.9587197303771973, 0.19765430688858032, 1.942193627357483, -0.6262989044189453, 0.7602691054344177, -2.678729295730591, -0.48142942786216736, 1.4379019737243652, 0.10918635129928589, -1.628460168838501, 0.6849911212921143, 0.4248480796813965, -0.4879363775253296, -1.3370592594146729, -2.3778793811798096, 0.32881325483322144, 0.410297155380249, 1.0324945449829102, 0.33560389280319214, 0.5036036968231201, 0.7933973670005798, -2.007838487625122, 1.1534266471862793, -0.38809365034103394, 0.1169535294175148, -1.5115315914154053, 0.05156411975622177, -0.674047589302063, -0.36959436535835266, 0.301620215177536, -0.7787356376647949, -0.7442605495452881, -0.09312407672405243, -0.0395686998963356, 0.09533026814460754, -0.03656017780303955, -1.6198798418045044, 1.0391944646835327, -0.07754039764404297, -0.3983713686466217, 1.0987873077392578, 0.24530985951423645, 0.8909590244293213, -0.23290511965751648, 1.5569626092910767, -2.4603843688964844, 1.3806824684143066, 0.4510374665260315, 0.10483156144618988, -0.44057875871658325, 1.0254878997802734, -1.636557936668396, 0.8628911972045898]",yunet,Facenet,1920,1080,/home/amos/media/tv/modern_family/Modern.Family.S09.1080p.DSNP.WEB-DL.DDP5.1.H.264-CRFW/Modern.Family.S09E21.The.Escape.1080p.DSNP.WEB-DL.DDP5.1.H.264-CRFW.mkv,Modern Family,2009,1442437,9,21,Chris Geere,62879.0,0.75
1176,954,180,1218,528,1134,318,1014,324,0.921,28920,0,"[0.29290854930877686, -1.7084167003631592, -0.8624431490898132, -1.0135856866836548, 0.5686394572257996, 1.7777841091156006, 0.22228120267391205, 1.6207619905471802, 0.9753429293632507, -0.8738099932670593, -0.4384729266166687, -0.5474584698677063, -1.8354264497756958, 2.031365156173706, -0.5292030572891235, -0.07477407157421112, -2.1409213542938232, -0.002099405974149704, 1.0031418800354004, -1.367472529411316, -0.0376015305519104, 0.17633956670761108, -0.32553911209106445, -1.630636215209961, 0.8833085894584656, 0.45075663924217224, 0.8042054176330566, -2.907191753387451, -0.33035725355148315, -0.10249057412147522, -0.1497688889503479, 1.4757881164550781, 0.19120249152183533, -0.6406421661376953, -0.7070499658584595, 1.2018156051635742, -0.6544719338417053, 0.5934487581253052, 0.4915260970592499, -0.48023995757102966, 1.6375311613082886, 1.1088007688522339, -1.1418582201004028, -2.615230083465576, 0.8115889430046082, -0.9771947860717773, -0.5468659996986389, 1.6381715536117554, 0.45193976163864136, 0.6154152154922485, -1.2082656621932983, 0.9136669039726257, 0.39868834614753723, 0.3155280351638794, 0.46611809730529785, -1.7941219806671143, 0.4686395227909088, 1.593835473060608, -0.20235386490821838, -0.06946619600057602, 0.5705932378768921, -1.404158353805542, 0.16504016518592834, 1.9321283102035522, 1.621626615524292, -0.9756084084510803, 0.5562564730644226, 1.0211901664733887, -0.43544918298721313, -0.17033328115940094, 0.12565675377845764, 0.9712120294570923, -2.22408127784729, 1.9837590456008911, 0.0594082847237587, -2.402904510498047, -0.7150462865829468, 1.4808449745178223, -0.38098543882369995, 1.0427803993225098, -2.213886022567749, -0.4825575649738312, 0.8072428107261658, -1.01319420337677, -1.1560534238815308, 0.4257836639881134, 0.4530596137046814, -0.23559316992759705, -1.060665249824524, -1.5639716386795044, 0.36254259943962097, 0.8481505513191223, 0.3594028353691101, -0.019893363118171692, -0.09877139329910278, 0.9847333431243896, -1.9052753448486328, 0.9312546253204346, 0.35978496074676514, 0.9560462236404419, -1.7485650777816772, -0.1342596560716629, -0.5077956914901733, -0.5420835614204407, -0.03657597675919533, -0.5647109150886536, -0.8532438278198242, 0.1444471776485443, -0.17673681676387787, -0.02274630218744278, -0.7170226573944092, -1.2688101530075073, 0.9990155696868896, -0.3099123537540436, 0.037756700068712234, 1.0520752668380737, 1.0229865312576294, 0.7485958933830261, -0.5058063864707947, 0.8120933175086975, -1.8001502752304077, 1.0905086994171143, 0.5083578824996948, 0.4361831545829773, -0.4036915898323059, 0.4134106934070587, -1.653283715248108, 0.3927259147167206]",yunet,Facenet,1920,1080,/home/amos/media/tv/modern_family/Modern.Family.S09.1080p.DSNP.WEB-DL.DDP5.1.H.264-CRFW/Modern.Family.S09E21.The.Escape.1080p.DSNP.WEB-DL.DDP5.1.H.264-CRFW.mkv,Modern Family,2009,1442437,9,21,Chris Geere,62879.0,0.707
1177,312,162,522,444,480,270,396,270,0.917,28920,1,"[0.3628005087375641, -0.6740286350250244, -0.9125512838363647, 1.0514400005340576, -0.08573250472545624, -0.8611536026000977, 0.5944368839263916, -1.204321026802063, -0.3746732175350189, 1.20750093460083, -0.45557236671447754, -0.766090452671051, -0.7776498198509216, -0.0647566169500351, -1.0140392780303955, -0.7366523146629333, 0.15349645912647247, -0.7447296380996704, -0.29893872141838074, -0.671045184135437, 0.9450452327728271, -0.4408446252346039, 1.3457123041152954, 0.7483672499656677, 2.0841224193573, 1.0527068376541138, 1.205405831336975, -0.9060250520706177, 2.0503146648406982, -1.6493008136749268, 0.2702609598636627, 1.6254713535308838, 1.6054867506027222, -0.18027588725090027, 0.2565004527568817, -1.2385140657424927, 0.3247070908546448, 0.7345678210258484, 0.39864709973335266, -0.8213818073272705, 1.1277902126312256, 2.093702793121338, 0.9183818101882935, -0.2651996314525604, -0.5626235604286194, 1.1852633953094482, -0.41524815559387207, 0.5409257411956787, -0.9746856689453125, 2.271148204803467, -1.2843890190124512, -0.023822356015443802, 0.7146452069282532, 0.8038197159767151, 0.7187460660934448, 1.290731430053711, -0.7007493376731873, 0.972000241279602, 0.7065327167510986, -0.6389113068580627, 1.196707010269165, -2.3160834312438965, 0.03790607303380966, 0.7366418242454529, -1.5881682634353638, 0.9164890050888062, -1.2098149061203003, 0.5134459733963013, 1.3486145734786987, -0.6054041385650635, -1.733696699142456, -0.20111539959907532, -0.19880327582359314, -0.14059996604919434, -1.3496407270431519, -2.3859479427337646, 1.648376226425171, -0.33277714252471924, 0.5101423263549805, -0.8092709183692932, -0.7304809093475342, -0.37306737899780273, 1.0156638622283936, 0.36217448115348816, -0.5010895729064941, 0.3109043538570404, 1.4644824266433716, -1.7595847845077515, 0.21166080236434937, -0.258110374212265, -1.4988421201705933, 0.036517687141895294, 0.35342687368392944, 0.49277788400650024, 2.1038358211517334, -1.4689230918884277, -0.1267526000738144, -0.6453440189361572, -2.2571768760681152, -1.3320261240005493, -1.0405646562576294, 1.0591312646865845, 0.7804606556892395, 1.6008352041244507, 0.39329323172569275, -0.10531573742628098, 0.640159010887146, -0.4625045359134674, -1.468751072883606, -0.3044523000717163, 1.1239765882492065, -0.01891077309846878, 0.9379132986068726, 2.159287214279175, -1.4670523405075073, 0.49938371777534485, -0.9030075073242188, -0.5497806668281555, 0.04462284967303276, -0.36449649930000305, -0.4795341491699219, 0.3010292947292328, 0.48499763011932373, 0.4360409379005432, -1.0426247119903564, 0.7098737955093384, 1.8348342180252075, 1.5935331583023071]",yunet,Facenet,1920,1080,/home/amos/media/tv/modern_family/Modern.Family.S09.1080p.DSNP.WEB-DL.DDP5.1.H.264-CRFW/Modern.Family.S09E21.The.Escape.1080p.DSNP.WEB-DL.DDP5.1.H.264-CRFW.mkv,Modern Family,2009,1442437,9,21,Reid Ewing,967692.0,0.837
1178,888,228,1158,582,1068,396,948,396,0.924,28944,0,"[-0.7060625553131104, -1.9606434106826782, -0.8012845516204834, -1.4827404022216797, 1.251257300376892, 0.2732861638069153, 0.1765371710062027, 0.7556875944137573, 0.24489885568618774, -0.24201124906539917, 0.11236830800771713, 0.21635885536670685, 0.053016260266304016, -1.0369752645492554, 0.43149182200431824, 1.1403260231018066, -2.0832912921905518, 1.0002176761627197, 2.024754047393799, -1.6815696954727173, 0.8032330274581909, -0.1441720724105835, -1.017103672027588, -0.8121564984321594, 0.46392369270324707, 1.989177942276001, 0.5977469682693481, -0.42668795585632324, 0.26480579376220703, -0.5116423964500427, -0.42952021956443787, 1.7761833667755127, 1.2799904346466064, -1.037715196609497, -0.5926599502563477, 0.9271366596221924, -0.4504198431968689, 0.054185651242733, 0.04351956397294998, -1.3302348852157593, 1.9097144603729248, 1.84761381149292, -1.1389503479003906, -2.0822501182556152, 0.6904082894325256, -0.6809875965118408, -0.3255588114261627, 0.9575046300888062, 2.038151502609253, -0.18095159530639648, -0.5792406797409058, 0.811985433101654, -1.5301275253295898, 0.8973815441131592, 1.1661641597747803, -0.03118666633963585, -0.48816654086112976, 0.5427196025848389, 0.24507001042366028, 2.3291637897491455, 1.25336492061615, -1.7310396432876587, 0.5658606886863708, 1.2948575019836426, 1.9681153297424316, -0.35233086347579956, 0.4400915205478668, 1.5589269399642944, 1.17414391040802, 0.8437477350234985, -0.39501261711120605, 1.475791335105896, -2.683669090270996, 1.9663811922073364, 1.1038498878479004, -2.585761547088623, -1.5756208896636963, 1.2297160625457764, -0.5852904915809631, 1.4469667673110962, -2.8924481868743896, -0.3654300272464752, 0.9845207929611206, -1.2824468612670898, -1.5417293310165405, 0.5629587173461914, -0.04199185222387314, 0.22731037437915802, -1.025404453277588, -1.3380308151245117, 0.4669701159000397, 1.0557841062545776, 1.0681976079940796, -0.295924574136734, 0.37026041746139526, -0.34740808606147766, -2.2284650802612305, 0.49328944087028503, 0.7617852687835693, 0.9358611702919006, -0.8022364377975464, -0.33135005831718445, -0.13534896075725555, -0.40249258279800415, 0.21229425072669983, -0.1875949501991272, -1.088631510734558, -0.3024424910545349, -0.965214729309082, 0.45751798152923584, -1.0103442668914795, -1.4424654245376587, -0.5427625179290771, -0.12608423829078674, 1.2464300394058228, 1.2243958711624146, 1.3882030248641968, 0.6290878653526306, 0.1231374517083168, 1.1707490682601929, -0.5771763324737549, 1.6353137493133545, 1.4128597974777222, 1.0100351572036743, -0.6598406434059143, -0.1953543871641159, -1.0756051540374756, 0.9711705446243286]",yunet,Facenet,1920,1080,/home/amos/media/tv/modern_family/Modern.Family.S09.1080p.DSNP.WEB-DL.DDP5.1.H.264-CRFW/Modern.Family.S09E21.The.Escape.1080p.DSNP.WEB-DL.DDP5.1.H.264-CRFW.mkv,Modern Family,2009,1442437,9,21,,,
1179,336,180,552,468,516,288,426,288,0.92,28944,1,"[0.2567899227142334, -0.30492597818374634, -0.7784809470176697, 0.7290981411933899, -0.002394970040768385, -0.6095654368400574, 0.6931235790252686, -1.1051710844039917, -0.3386422395706177, 1.1516187191009521, -0.5479646325111389, -0.49477383494377136, -0.5045023560523987, -0.0037268921732902527, -0.8841910362243652, -0.32563459873199463, 0.27857857942581177, -1.1100029945373535, -0.2735264003276825, -0.5942310094833374, 1.3284393548965454, -0.36039066314697266, 1.5207500457763672, 0.7300739884376526, 2.3000149726867676, 0.7469074726104736, 1.2210733890533447, -1.0808299779891968, 1.7293106317520142, -1.8688315153121948, -0.20955204963684082, 1.3471498489379883, 1.6924086809158325, -0.30902329087257385, 0.38831788301467896, -1.1496371030807495, 0.7286023497581482, 0.6266322731971741, 0.41926711797714233, -0.7632602453231812, 1.0201634168624878, 2.2346091270446777, 0.516852080821991, -0.08826948702335358, -0.9999083876609802, 1.2732319831848145, -0.6490132212638855, 0.722655177116394, -1.186801552772522, 2.5667057037353516, -1.2403090000152588, 0.19349290430545807, 0.7200638055801392, 0.7289305329322815, 0.6578717827796936, 1.4730250835418701, -0.3267242908477783, 0.6780372262001038, 0.982779324054718, -0.7385611534118652, 1.2000221014022827, -2.336557626724243, -0.07682755589485168, 0.7152479887008667, -1.3621360063552856, 0.3464661240577698, -1.214924931526184, 0.26499536633491516, 1.021503210067749, -0.8953512907028198, -2.083101511001587, 0.12947142124176025, -0.419935405254364, -0.3622269630432129, -1.0814218521118164, -2.4978973865509033, 1.746133804321289, -0.15030734241008759, 0.19856488704681396, -1.0953291654586792, -1.1521483659744263, -0.26298314332962036, 0.7662348747253418, 0.5144733786582947, -0.21361568570137024, 0.3971959352493286, 1.9221729040145874, -1.9722739458084106, -0.03234142065048218, 0.024623380973935127, -1.5700045824050903, 0.04218044877052307, 0.6965106129646301, 0.14632436633110046, 2.028871536254883, -1.237647294998169, 0.4390805661678314, -1.1681469678878784, -2.21883487701416, -1.2136297225952148, -1.0001153945922852, 1.1226346492767334, 0.6053873300552368, 1.4538213014602661, 0.2920096814632416, -0.5092887878417969, 0.2470448911190033, -0.22853344678878784, -0.8504256010055542, -0.1495404839515686, 1.1407779455184937, -0.418992817401886, 1.431061863899231, 2.3674421310424805, -1.4798697233200073, 0.4577862322330475, -0.6406782865524292, -0.0701775997877121, 0.13208548724651337, -0.36775076389312744, -0.3242539167404175, 0.0004343949258327484, 0.3179318308830261, 0.39317256212234497, -0.9576531648635864, 0.6222598552703857, 1.6442012786865234, 1.5158956050872803]",yunet,Facenet,1920,1080,/home/amos/media/tv/modern_family/Modern.Family.S09.1080p.DSNP.WEB-DL.DDP5.1.H.264-CRFW/Modern.Family.S09E21.The.Escape.1080p.DSNP.WEB-DL.DDP5.1.H.264-CRFW.mkv,Modern Family,2009,1442437,9,21,Reid Ewing,967692.0,0.853
1180,960,168,1230,510,1140,312,1020,318,0.929,28968,0,"[0.046300020068883896, -1.4063411951065063, -0.9579996466636658, -0.8743550181388855, -0.19509652256965637, 1.471975564956665, 0.5740073919296265, 1.1230382919311523, 0.5752056241035461, -0.5035082101821899, -0.2070784568786621, -0.5712982416152954, -1.6796895265579224, 1.708639144897461, -0.43162646889686584, -0.15372413396835327, -1.8531701564788818, -0.013326063752174377, 1.0235278606414795, -1.4401624202728271, -0.16096462309360504, 0.02348969504237175, -0.6867268085479736, -1.3202342987060547, 0.6778728365898132, 0.8141947388648987, 1.0766297578811646, -2.4937515258789062, -0.15177632868289948, -0.18123935163021088, -0.23574945330619812, 1.912062406539917, 0.32093703746795654, -0.18977661430835724, -1.1376099586486816, 0.7367737889289856, -0.5020163655281067, 0.623062014579773, 1.0943903923034668, -0.6881906986236572, 1.681769609451294, 1.3178602457046509, -1.23734450340271, -2.6322402954101562, 0.1105162501335144, -0.4681191146373749, -0.3135860860347748, 1.1940425634384155, 0.139950230717659, 0.2329837679862976, -0.7011403441429138, 1.1125710010528564, -0.022712342441082, 0.5296617150306702, 0.6820451021194458, -1.2723301649093628, 0.6194682717323303, 2.0022053718566895, -0.6219518184661865, -0.848341166973114, 0.3646700084209442, -2.01753830909729, 0.4595070779323578, 2.236546754837036, 2.277959108352661, -0.7750192880630493, 0.6533824801445007, 1.1926237344741821, -0.3793462812900543, -0.41732844710350037, 0.16937008500099182, 1.037315845489502, -1.827099323272705, 1.9441734552383423, -0.07095967233181, -1.9487037658691406, -0.8689960241317749, 1.404175043106079, -0.6414175629615784, 1.164444923400879, -2.2380285263061523, -0.3205653429031372, 0.8043110966682434, -0.6924217939376831, -1.5059657096862793, 0.8406832218170166, 0.32798483967781067, 0.036354437470436096, -1.8882466554641724, -1.2937935590744019, 0.7123700976371765, 0.2729562520980835, 0.9853790998458862, 0.3493870198726654, 0.2038859724998474, 0.5461736917495728, -1.3823378086090088, 1.2328178882598877, 0.37308457493782043, 0.3851165473461151, -2.284714698791504, 0.11734200268983841, -0.1961117684841156, 0.05297458916902542, -0.5332122445106506, -0.31906360387802124, -1.4646047353744507, 0.3220677971839905, -0.3398078978061676, -0.04481884837150574, -0.9245126247406006, -1.0233255624771118, 0.9507132768630981, -0.12100139260292053, 0.18816892802715302, 1.2512034177780151, 0.7510026693344116, 0.39157095551490784, -0.059279777109622955, 0.9368330836296082, -2.3811275959014893, 1.4862703084945679, 0.8333950042724609, 0.26665541529655457, -0.6619508862495422, 0.6246920228004456, -1.4614640474319458, 0.6707546710968018]",yunet,Facenet,1920,1080,/home/amos/media/tv/modern_family/Modern.Family.S09.1080p.DSNP.WEB-DL.DDP5.1.H.264-CRFW/Modern.Family.S09E21.The.Escape.1080p.DSNP.WEB-DL.DDP5.1.H.264-CRFW.mkv,Modern Family,2009,1442437,9,21,Chris Geere,62879.0,0.719
1181,342,162,552,438,516,270,420,276,0.915,28968,1,"[0.45064404606819153, -0.23034383356571198, -0.7401343584060669, 0.45322123169898987, 0.4190419316291809, -0.42322254180908203, 0.7654529213905334, -0.7359349727630615, -0.2881002128124237, 0.8226156234741211, -0.09251315891742706, -0.5096136331558228, -0.2224438488483429, 0.1696510910987854, -0.8438715934753418, -0.25528866052627563, 0.22872431576251984, -1.0053330659866333, 0.12726497650146484, -0.3418092727661133, 1.1830556392669678, -0.02470267191529274, 1.4211649894714355, 0.6592584252357483, 1.7716509103775024, 0.8893541097640991, 1.162969946861267, -0.9000226855278015, 1.7203280925750732, -1.626600742340088, 0.21401333808898926, 1.5390714406967163, 2.0213098526000977, -0.4574953317642212, 0.613811194896698, -1.300185203552246, 0.8274672031402588, 0.49460649490356445, 0.6658504009246826, -0.4411238431930542, 1.0108630657196045, 2.1048336029052734, 0.891951322555542, -0.7326784133911133, -0.7759020924568176, 1.3608981370925903, -0.9677035212516785, 0.3975129723548889, -0.9102757573127747, 2.55572247505188, -1.188761830329895, 0.2599756717681885, 0.7470369935035706, 0.46810275316238403, 0.5755094289779663, 1.403394341468811, -0.6630088090896606, 0.8289976716041565, 0.9030073881149292, -0.9623475670814514, 1.3762699365615845, -1.7906279563903809, 0.13319888710975647, 1.0483951568603516, -1.9331426620483398, 0.34266722202301025, -0.8881708383560181, 0.35750022530555725, 1.485970377922058, -0.8236502408981323, -1.7381542921066284, 0.027667537331581116, -0.24326267838478088, 0.10502815246582031, -1.481864333152771, -2.2202093601226807, 1.8473819494247437, -0.2564888298511505, 0.2044011652469635, -1.089604377746582, -1.0309633016586304, 0.028788136318325996, 0.6595790386199951, 0.2729012370109558, 0.10257279872894287, -0.14921993017196655, 2.003662347793579, -1.7119430303573608, -0.11814840137958527, -0.20682479441165924, -2.0464718341827393, 0.3957573473453522, 0.5519959330558777, 0.5263780355453491, 1.9522252082824707, -1.5562156438827515, 0.19273647665977478, -0.7880893349647522, -2.3677380084991455, -1.2951548099517822, -1.0562629699707031, 0.9021088480949402, 0.855144202709198, 1.296452522277832, 0.17396581172943115, -0.06640970706939697, 0.8379335999488831, -0.31374287605285645, -1.2669436931610107, -0.1298118680715561, 1.3668853044509888, -0.15437428653240204, 1.2382285594940186, 2.15263295173645, -1.3689690828323364, 0.9233255386352539, -0.2788219451904297, -0.2493305206298828, 0.003527045249938965, -0.3742184042930603, -0.667207658290863, 0.661675214767456, 0.7135602235794067, 0.4536818265914917, -0.7178698182106018, 0.5158010721206665, 1.2419381141662598, 1.4817322492599487]",yunet,Facenet,1920,1080,/home/amos/media/tv/modern_family/Modern.Family.S09.1080p.DSNP.WEB-DL.DDP5.1.H.264-CRFW/Modern.Family.S09E21.The.Escape.1080p.DSNP.WEB-DL.DDP5.1.H.264-CRFW.mkv,Modern Family,2009,1442437,9,21,Reid Ewing,967692.0,0.818
1182,984,180,1278,552,1188,324,1050,318,0.936,28992,0,"[-0.7533700466156006, -0.8785965442657471, 0.4859289824962616, 1.9236035346984863, 1.6880667209625244, -0.4498802721500397, 1.496492862701416, -1.7830097675323486, -1.8545845746994019, 2.5443224906921387, -0.8651635646820068, 0.5734940767288208, 0.5596155524253845, 0.583521842956543, -0.04666909575462341, -0.31367790699005127, -0.33007174730300903, -1.6948570013046265, -1.7478243112564087, 0.50862717628479, -0.26776349544525146, -0.22226864099502563, 0.4343227744102478, -0.09055346995592117, -0.20005375146865845, 0.829237699508667, 1.3828860521316528, -0.8212375044822693, 2.8994781970977783, 0.4989542067050934, 0.7282400131225586, -0.7617780566215515, -1.2107651233673096, -0.7732709050178528, 0.5597037076950073, -0.8842619061470032, -0.47012895345687866, 0.8301087021827698, 0.845931351184845, -1.158730149269104, 0.27547183632850647, 0.6072559952735901, 0.05570549890398979, 1.4632700681686401, -0.7130942940711975, -0.45887091755867004, -0.06110558658838272, 0.5311291217803955, -1.0127328634262085, 0.6045100688934326, -1.5665963888168335, 2.338454008102417, 0.6458122730255127, 0.9101892113685608, -0.8826735019683838, 0.36917436122894287, 1.4184340238571167, 0.6131484508514404, 0.37568557262420654, 0.9436893463134766, -0.5455463528633118, -1.0592186450958252, -0.5239318013191223, 0.34411463141441345, -0.9726912379264832, 1.3565293550491333, -0.0011136680841445923, -0.01575380563735962, 0.17229163646697998, 1.0007002353668213, -0.6363003253936768, 0.5955359935760498, -0.818268358707428, 1.5391138792037964, 0.7213785648345947, -0.1087513267993927, 0.4517095983028412, -0.9544867277145386, -0.2310066521167755, -0.0019725263118743896, -0.5136052966117859, 0.7027755975723267, 0.7735324501991272, 0.44859665632247925, -0.40241390466690063, 0.4090639054775238, 0.1079719290137291, -0.9213738441467285, -0.36766818165779114, -0.8104956150054932, -2.1033060550689697, 0.2928617596626282, 0.5956596732139587, -0.25952428579330444, 1.6639710664749146, 0.36743268370628357, -0.22605088353157043, -0.7267101407051086, 0.517081081867218, -2.1763246059417725, -1.1438462734222412, -0.10152485966682434, -2.1814932823181152, 1.3102328777313232, 1.4003103971481323, 0.6931649446487427, 0.8393406271934509, -1.0916746854782104, 1.652814269065857, -0.7259114384651184, 1.0151634216308594, 0.949472963809967, 1.0143967866897583, 0.3612454831600189, 0.0203341543674469, 0.810422420501709, -1.0451948642730713, 0.5144937634468079, -1.084934949874878, 0.02642391249537468, 2.276811361312866, -1.023740291595459, -0.07595717906951904, -1.4806653261184692, -1.4077502489089966, 1.6035019159317017, 1.7831242084503174, -0.18363669514656067]",yunet,Facenet,1920,1080,/home/amos/media/tv/modern_family/Modern.Family.S09.1080p.DSNP.WEB-DL.DDP5.1.H.264-CRFW/Modern.Family.S09E21.The.Escape.1080p.DSNP.WEB-DL.DDP5.1.H.264-CRFW.mkv,Modern Family,2009,1442437,9,21,Sarah Hyland,91351.0,0.726
1183,978,180,1266,570,1200,318,1062,318,0.933,29016,0,"[0.5434012413024902, -0.8808561563491821, 0.21702691912651062, 1.554189920425415, 1.70012366771698, -0.2566005289554596, 0.4313688576221466, -1.8416707515716553, -0.9049637317657471, 3.469496250152588, -1.6175495386123657, 1.588239073753357, 0.6582664251327515, 0.29996809363365173, 0.25527289509773254, -0.11820686608552933, 0.03181469067931175, -1.6432278156280518, -1.4034976959228516, -0.09431447833776474, 0.7476367950439453, -1.657354474067688, 1.5114219188690186, 0.2002646028995514, 0.4590572118759155, 0.08292324841022491, 1.556868314743042, -0.37518972158432007, 1.8809418678283691, 0.6604416370391846, 0.4207664728164673, -0.9862399697303772, -1.1257405281066895, -1.0102696418762207, 0.6590451598167419, -1.4110630750656128, -1.0449659824371338, 0.833788275718689, -0.46260976791381836, -0.034673161804676056, 0.13138803839683533, 0.7085533142089844, 0.6052190065383911, 2.3449625968933105, -0.7920936942100525, -0.2840103805065155, 0.227142333984375, 0.5396500825881958, -0.3067828118801117, -0.06899911910295486, -1.5759854316711426, 1.4822875261306763, 0.1310960054397583, 0.1996854990720749, 0.47716471552848816, 0.2618542015552521, 1.5630797147750854, 0.7812382578849792, 0.5181767344474792, 0.9149861335754395, -0.148546501994133, -0.3997499942779541, -0.17421257495880127, -0.21392107009887695, -1.2424864768981934, 1.0076581239700317, -1.216031789779663, 0.42916762828826904, 0.17445197701454163, 0.697588324546814, -1.3325293064117432, 0.9257045984268188, -0.12418003380298615, 0.7791857719421387, 0.7082521319389343, -0.6531201601028442, 0.6275837421417236, -0.7815880179405212, -0.41086891293525696, -1.2538948059082031, -0.8456478714942932, -0.17761947214603424, 1.5978829860687256, 0.5754832625389099, -1.218836784362793, -0.2298373132944107, 0.10279080271720886, -1.8033554553985596, 0.4981580078601837, -0.8124825954437256, -1.6734262704849243, -0.5335862636566162, 0.6799259185791016, -0.6639102101325989, 2.467674732208252, 0.4847768247127533, 0.29867422580718994, -0.7131133675575256, -0.138627827167511, -1.4628502130508423, -0.39252525568008423, 0.5289772152900696, -2.3403072357177734, 0.977436363697052, 1.9224979877471924, -0.5923901200294495, 0.5762418508529663, -0.7029834985733032, 1.5844669342041016, -0.6554566621780396, 0.88494473695755, 1.0359104871749878, 0.6507042646408081, 0.24291680753231049, -0.5126519203186035, 0.8770167827606201, -1.2934578657150269, 1.231955885887146, -0.1767852008342743, -1.071771264076233, 2.552424192428589, -1.241451382637024, -0.3111107349395752, -1.1936899423599243, -0.6889184713363647, 0.061565153300762177, 1.3108874559402466, -0.3542797267436981]",yunet,Facenet,1920,1080,/home/amos/media/tv/modern_family/Modern.Family.S09.1080p.DSNP.WEB-DL.DDP5.1.H.264-CRFW/Modern.Family.S09E21.The.Escape.1080p.DSNP.WEB-DL.DDP5.1.H.264-CRFW.mkv,Modern Family,2009,1442437,9,21,Sarah Hyland,91351.0,0.614
1184,840,132,1002,342,912,216,870,216,0.928,29040,0,"[-0.5227495431900024, -0.19471588730812073, -0.8770756721496582, 1.1349024772644043, 0.21780043840408325, -1.29280686378479, 0.5287644267082214, -1.4312409162521362, -0.6198664307594299, 0.5446845293045044, -0.07535990327596664, -0.4238137900829315, 0.6792356371879578, -1.2624046802520752, -0.2222824990749359, 0.6849751472473145, -0.31220871210098267, -0.9895055294036865, -2.417355537414551, -0.20484082400798798, 2.311511993408203, -0.39434006810188293, 0.6940317153930664, -0.33072584867477417, 1.0068954229354858, 1.2922576665878296, 0.5560168027877808, 0.6987552642822266, 0.7853381633758545, -1.0899242162704468, -0.38244056701660156, 1.9696540832519531, 1.5467479228973389, 0.19079867005348206, 0.8730112910270691, -0.9588057994842529, 0.6292673349380493, -1.6413155794143677, 0.2902370095252991, -0.8211870193481445, 1.4268627166748047, 2.4910409450531006, 0.31810462474823, -1.2300792932510376, -1.1595600843429565, 0.3973034620285034, 0.3902759552001953, 1.2688287496566772, -1.638707160949707, 2.1217637062072754, -0.31322383880615234, -0.2063005119562149, -0.6567136645317078, 1.4204347133636475, 1.7619632482528687, 0.9784377813339233, 0.3077433407306671, -0.11741386353969574, 0.623807966709137, -0.46068131923675537, 1.0510613918304443, -2.890493392944336, 0.579228937625885, 1.2358295917510986, -0.3142300844192505, 0.22136662900447845, -1.2517529726028442, 1.2198383808135986, 0.7185049653053284, -0.632819652557373, -1.421679139137268, 0.5192461013793945, -0.32034093141555786, 0.07186844944953918, 0.192238911986351, -1.6041239500045776, 1.6602084636688232, 0.4132150113582611, 0.399757444858551, -1.1143332719802856, -1.849212884902954, -0.2818912863731384, 0.6226783394813538, 0.4204025864601135, 0.23779523372650146, 0.13890518248081207, 1.1454546451568604, -1.6467558145523071, -0.12324704974889755, -0.003660384565591812, -1.2583051919937134, 0.04498039186000824, 1.5363374948501587, 0.10135316848754883, 2.004957437515259, -0.6580599546432495, 0.7770459651947021, -0.12796810269355774, -2.4637808799743652, -1.7023991346359253, -0.18904206156730652, 0.3982835114002228, -1.012754201889038, 1.35107421875, 0.34353840351104736, -0.4325358271598816, -0.18088781833648682, -0.6616753339767456, -0.8617344498634338, 1.672558307647705, 0.6256301403045654, 0.24204692244529724, 1.5414505004882812, 1.344254970550537, -0.6281785368919373, 0.5698879957199097, -0.6797980070114136, -0.6875630021095276, 0.23334583640098572, -0.9446625709533691, 0.3097250759601593, -0.26944640278816223, 1.7467347383499146, -0.20472317934036255, -0.5576230883598328, -0.007456161081790924, 0.8876145482063293, 2.2944719791412354]",yunet,Facenet,1920,1080,/home/amos/media/tv/modern_family/Modern.Family.S09.1080p.DSNP.WEB-DL.DDP5.1.H.264-CRFW/Modern.Family.S09E21.The.Escape.1080p.DSNP.WEB-DL.DDP5.1.H.264-CRFW.mkv,Modern Family,2009,1442437,9,21,Reid Ewing,967692.0,0.723
1185,1386,126,1566,366,1506,222,1428,222,0.922,29040,1,"[-0.15704390406608582, -0.6702507734298706, -1.1860343217849731, -0.2568362355232239, -0.13294433057308197, 1.1622514724731445, 0.8531127572059631, 0.9248405694961548, 1.0835144519805908, -0.3070940673351288, 0.9604572653770447, -1.0424647331237793, -2.314971685409546, 1.1394699811935425, -0.16130220890045166, -0.11091867834329605, -1.7885233163833618, 0.5500728487968445, -0.21177449822425842, 0.024269720539450645, 0.5655996799468994, -0.20697501301765442, -0.11805249005556107, -1.9668244123458862, 1.079720139503479, 0.4840339422225952, 1.8919824361801147, -2.7445621490478516, -0.5235537886619568, -0.023704372346401215, -0.4812576472759247, 0.9121860861778259, 0.036233991384506226, 0.07115714997053146, -0.3258305490016937, 1.2228032350540161, -0.8156113028526306, 0.05219496786594391, 0.827303409576416, -0.4777465760707855, 0.338866263628006, 1.23694908618927, -1.3183391094207764, -2.338717460632324, 1.1088272333145142, -1.2984851598739624, -1.0613471269607544, 1.8722928762435913, 0.820844829082489, -0.18686074018478394, -0.7887907028198242, 1.2356650829315186, 0.007964111864566803, 0.9931397438049316, -0.048947032541036606, -1.0630568265914917, 1.4099888801574707, 2.424955368041992, -0.9949702024459839, -1.0979773998260498, 0.696635365486145, -0.2327081561088562, 0.39755845069885254, 2.3662021160125732, 2.6453640460968018, 0.05211091414093971, 0.6133067607879639, 1.2315183877944946, -0.826231062412262, 0.1795508712530136, 0.37958621978759766, 0.6985712051391602, -1.8362737894058228, 1.3778468370437622, 0.3273777663707733, -2.3915607929229736, -0.10026488453149796, 1.0365253686904907, -1.4543893337249756, 1.4467741250991821, -2.5249152183532715, -0.23656675219535828, 1.2269740104675293, -0.22820736467838287, -0.6505598425865173, 1.2116883993148804, -0.23751872777938843, -0.34440678358078003, -1.496895670890808, -2.346510171890259, 0.35633566975593567, 0.7762521505355835, 1.2551621198654175, 1.2867543697357178, -0.6631867289543152, 0.4727133512496948, -1.7958604097366333, 0.35146233439445496, 0.13107556104660034, 0.7531942129135132, -1.9964895248413086, 0.3170659840106964, -0.06879998743534088, 0.33798545598983765, 0.33014872670173645, 0.06436985731124878, -1.3544062376022339, 0.39895370602607727, -0.13555908203125, 0.5183992385864258, -0.21530790627002716, -1.3726621866226196, 0.7417024374008179, 0.3863000273704529, 0.05870521068572998, 2.337275266647339, 0.24301284551620483, 0.927208423614502, -0.18271678686141968, 1.1870232820510864, -1.2807544469833374, 1.7365602254867554, 0.5430673360824585, -0.9630725383758545, -0.7933524250984192, 0.15736854076385498, -1.2799346446990967, 0.31121042370796204]",yunet,Facenet,1920,1080,/home/amos/media/tv/modern_family/Modern.Family.S09.1080p.DSNP.WEB-DL.DDP5.1.H.264-CRFW/Modern.Family.S09E21.The.Escape.1080p.DSNP.WEB-DL.DDP5.1.H.264-CRFW.mkv,Modern Family,2009,1442437,9,21,Chris Geere,62879.0,0.614
1186,354,378,510,582,474,468,402,462,0.914,29040,2,"[-0.4600740969181061, 1.3202030658721924, 1.3511176109313965, -1.5235401391983032, 0.6883897185325623, -0.3948683440685272, -0.09091833978891373, -2.4024767875671387, -0.6435432434082031, -0.2496999055147171, 0.01474522054195404, 0.8942357301712036, -1.3851019144058228, -0.7893943786621094, 0.8696101903915405, 0.984658420085907, -1.2074984312057495, 0.36933445930480957, -0.5640192627906799, -1.0401363372802734, 0.0782012790441513, 0.6490429043769836, -1.203345537185669, -0.6984174251556396, 0.5327146649360657, 0.7706161737442017, -1.0073773860931396, 1.3959920406341553, 0.7579260468482971, 0.9202975034713745, 0.7468127012252808, -0.04013693705201149, -0.13866744935512543, 0.3118937909603119, -0.783058226108551, 0.9274076223373413, 0.21483197808265686, -1.053529143333435, -0.23871904611587524, -0.35679158568382263, 0.5339617729187012, -0.321403443813324, -2.285421848297119, -0.4459807574748993, 0.17293880879878998, -0.12310284376144409, -1.5089906454086304, 1.0863341093063354, 0.3396766781806946, 0.049643538892269135, -0.2116965502500534, -0.8202002048492432, 0.20408764481544495, 1.6487255096435547, -1.2112061977386475, 0.6491853594779968, -0.06177313253283501, -1.7428253889083862, 0.36093077063560486, 1.166732668876648, 0.0018798783421516418, -0.9226928949356079, -0.5063556432723999, 1.7062962055206299, 1.3950642347335815, -0.10983386635780334, 0.9198856949806213, 0.24275526404380798, 0.522456705570221, 1.373813509941101, -0.5085350275039673, 0.9456144571304321, 0.19118337333202362, -0.8368083834648132, 1.4338412284851074, -0.9737258553504944, 1.1187224388122559, 1.2103809118270874, -0.9939683079719543, 1.4885179996490479, -2.489614486694336, -0.6304614543914795, -1.0648349523544312, -0.43875935673713684, -0.2298891544342041, 0.19301259517669678, -0.7938421964645386, -0.702858567237854, 0.24604693055152893, -0.20232301950454712, 1.598082184791565, -0.39679333567619324, 0.7501181960105896, -2.085158109664917, 1.6194536685943604, -0.8553310632705688, 0.09994083642959595, -0.19278280436992645, 1.1485321521759033, -0.7866113185882568, 0.43201911449432373, 1.5088489055633545, -0.3607519268989563, -0.1375981867313385, 0.3503093421459198, 1.7566561698913574, -1.2361228466033936, -1.1595346927642822, 0.294106662273407, -0.2598080337047577, -1.4504810571670532, 0.5943899154663086, -1.5803719758987427, 0.18987730145454407, 2.3382036685943604, 1.5475205183029175, 0.32879045605659485, 0.6089946031570435, -0.8923457264900208, 1.3916465044021606, 0.6068950295448303, -0.09971678256988525, 2.62636661529541, -1.1978747844696045, 0.6233772039413452, -1.4388576745986938, 0.589751660823822, 2.5754196643829346]",yunet,Facenet,1920,1080,/home/amos/media/tv/modern_family/Modern.Family.S09.1080p.DSNP.WEB-DL.DDP5.1.H.264-CRFW/Modern.Family.S09E21.The.Escape.1080p.DSNP.WEB-DL.DDP5.1.H.264-CRFW.mkv,Modern Family,2009,1442437,9,21,Adam Devine,212604.0,0.802
1187,906,210,1218,612,1128,372,972,372,0.931,29064,0,"[-0.4402832090854645, -1.5240050554275513, 0.09956932812929153, 1.5939573049545288, 0.9673880934715271, -0.7360559701919556, 0.5826931595802307, -1.5388610363006592, -1.1410490274429321, 2.4398105144500732, -1.6546066999435425, 2.134624719619751, 1.126084566116333, 0.12142392992973328, 0.2638695240020752, -0.11609403043985367, 0.09930917620658875, -0.3392499089241028, -2.3488616943359375, 0.37712544202804565, -0.4732179641723633, 0.027250273153185844, 0.841386079788208, -0.8644773960113525, 0.2826930582523346, 0.3788050711154938, 0.7277127504348755, -0.3459262549877167, 2.2958385944366455, -0.3947233259677887, -0.05172523111104965, -1.5957547426223755, -0.5600178837776184, -1.5298447608947754, 1.2708961963653564, -0.8819372653961182, -2.1120383739471436, 1.2984623908996582, -0.7392356991767883, -1.149667739868164, -0.5557801127433777, 0.7553560733795166, 0.615410566329956, 1.8047269582748413, -0.03797190636396408, -1.6405975818634033, -0.23916301131248474, 1.052092432975769, -0.8733391761779785, 0.7846032381057739, -0.21978990733623505, 1.486236572265625, 0.4565625786781311, -0.46845149993896484, 0.577153742313385, -0.28872910141944885, 1.0553330183029175, 0.9553914666175842, -0.579692006111145, 0.12000245600938797, 0.12568560242652893, -1.0917575359344482, -1.0098353624343872, 0.1364629864692688, -0.5198379755020142, 1.2075438499450684, -0.9877551794052124, -0.49403443932533264, -0.09599103778600693, 0.16956019401550293, -0.694580078125, -0.11438155919313431, -0.5290226936340332, -0.11762775480747223, 2.0220248699188232, -1.5214871168136597, 0.27179837226867676, -0.9860497713088989, 0.3803786337375641, -0.6583138704299927, -0.3937223255634308, 0.6254703998565674, 0.7066395282745361, 1.115756869316101, -1.106945276260376, 0.5964094400405884, 0.2979908585548401, -1.3655993938446045, 0.6514687538146973, -0.8520427942276001, -2.0458626747131348, 0.14485904574394226, 0.681186318397522, -0.20652830600738525, 1.9486604928970337, 0.336637943983078, 0.2690708637237549, -0.5818451642990112, 0.05317245423793793, -1.6193257570266724, 0.37280476093292236, 0.44831299781799316, -1.9432786703109741, 1.6654942035675049, 1.6600618362426758, -0.19434484839439392, 1.0965102910995483, -1.5129332542419434, 1.7929718494415283, -0.430769145488739, 0.9546409249305725, 2.1763036251068115, 0.7382336854934692, 1.084657907485962, -0.13289743661880493, 0.09346437454223633, -1.4483907222747803, 1.3602869510650635, -0.5980632901191711, -1.110113501548767, 1.9362722635269165, -1.1006370782852173, -0.48709696531295776, -0.791758120059967, -0.9743180274963379, 1.1998897790908813, 0.8109605312347412, -0.2680395245552063]",yunet,Facenet,1920,1080,/home/amos/media/tv/modern_family/Modern.Family.S09.1080p.DSNP.WEB-DL.DDP5.1.H.264-CRFW/Modern.Family.S09E21.The.Escape.1080p.DSNP.WEB-DL.DDP5.1.H.264-CRFW.mkv,Modern Family,2009,1442437,9,21,Sarah Hyland,91351.0,0.699
1188,696,132,852,336,822,216,738,222,0.931,29088,0,"[-0.5162971019744873, -0.27293941378593445, -1.136918544769287, 0.7970938086509705, 0.2572300434112549, -1.3654797077178955, 0.8423199653625488, -1.5379005670547485, -0.3035587966442108, 0.38613301515579224, -0.3235093057155609, -0.39919230341911316, -0.14963021874427795, -0.6938179731369019, -0.577662467956543, 0.12794983386993408, 0.03275062516331673, -0.7729321122169495, -1.2458521127700806, -0.38869571685791016, 1.428916335105896, -0.3082248270511627, 0.6339357495307922, 1.062257170677185, 1.0256061553955078, 1.7574119567871094, 0.43983665108680725, -0.7151689529418945, 2.10518479347229, -1.321339726448059, 0.8815234899520874, 1.3590078353881836, 2.545377731323242, -0.33200302720069885, 0.0986095443367958, -0.8536045551300049, -0.1521863341331482, 0.06034815311431885, 0.19780080020427704, -0.6075811386108398, 1.1623090505599976, 2.3227057456970215, 0.499638170003891, -0.8043587803840637, -0.24839110672473907, 1.2128069400787354, -0.6090226173400879, 1.2858469486236572, -1.4059975147247314, 1.7967677116394043, -0.4348798394203186, -0.21425063908100128, -0.19928023219108582, 0.5757676362991333, 1.039023995399475, 1.850252628326416, -0.31279417872428894, 0.30639615654945374, 1.0875247716903687, -0.23739874362945557, 1.0481456518173218, -2.1158699989318848, -0.25488021969795227, 1.1998445987701416, -1.142500400543213, 0.1519712507724762, -1.0288668870925903, 0.6049988269805908, 1.5356965065002441, -0.9698930978775024, -1.550597071647644, 0.0517439991235733, -0.3172892928123474, -0.23052120208740234, -0.8051154017448425, -2.425121545791626, 1.240498423576355, -0.4340459704399109, 0.07220395654439926, -1.4493671655654907, -1.149928092956543, -0.43237918615341187, -0.09053435921669006, -0.11675854027271271, -0.41548579931259155, 0.22446492314338684, 1.1445056200027466, -1.1341255903244019, -0.02333521470427513, -0.38666850328445435, -1.2176085710525513, 0.5389501452445984, 1.6211620569229126, 0.3733784556388855, 1.8545010089874268, -1.4833873510360718, 0.6212455034255981, -0.2590082287788391, -2.3771324157714844, -1.3339647054672241, -0.5480955243110657, 0.3824007511138916, 0.3747807741165161, 1.5224285125732422, 0.28848063945770264, -0.9031291604042053, 0.5138072371482849, -0.9875760078430176, -1.341877818107605, 0.5817679762840271, 0.4406895637512207, 0.2671739459037781, 1.1505810022354126, 1.9365699291229248, -1.2578519582748413, 0.5026040077209473, -0.5262093544006348, -0.3888830542564392, 0.12260404229164124, 0.03534271940588951, -0.4170394539833069, 0.7170103788375854, 1.228197693824768, -0.017065977677702904, -0.7687004208564758, 0.41919180750846863, 1.4023290872573853, 1.8312357664108276]",yunet,Facenet,1920,1080,/home/amos/media/tv/modern_family/Modern.Family.S09.1080p.DSNP.WEB-DL.DDP5.1.H.264-CRFW/Modern.Family.S09E21.The.Escape.1080p.DSNP.WEB-DL.DDP5.1.H.264-CRFW.mkv,Modern Family,2009,1442437,9,21,Reid Ewing,967692.0,0.795
1189,1266,138,1458,390,1404,240,1314,240,0.93,29088,1,"[-1.3624008893966675, -0.12812361121177673, -1.5104295015335083, 0.6879260540008545, -0.8528903722763062, 1.0748536586761475, 1.492810606956482, 0.918635904788971, 0.17348074913024902, -0.06438107788562775, 1.5228383541107178, -1.163528323173523, -1.2931257486343384, 0.8045917749404907, -0.5105308294296265, -0.20225554704666138, -1.1106549501419067, -0.336728572845459, -0.33507370948791504, -0.7390224933624268, -0.9136326313018799, -0.016552628949284554, -0.3101227879524231, -1.7543262243270874, 0.3797976076602936, 0.30481091141700745, 1.660379409790039, -1.6134090423583984, -0.5914146304130554, -0.4170573949813843, -0.8555351495742798, 0.9949771761894226, 0.2961471676826477, 0.15818515419960022, 0.9827741980552673, 0.240128755569458, 0.1510266363620758, 1.645591378211975, 2.407346248626709, -0.5525997877120972, 0.33387404680252075, 1.3571181297302246, -1.9038504362106323, -2.0418782234191895, -0.07725108414888382, -1.6191179752349854, -0.2906356453895569, 1.3702627420425415, 1.1899257898330688, 0.24985451996326447, -0.7720537185668945, 2.2457046508789062, 0.6741600036621094, 1.1532820463180542, 0.11946721374988556, 0.4165380299091339, 0.8794527649879456, 1.9855189323425293, -1.2475385665893555, -0.8143906593322754, 0.07246899604797363, -0.20361784100532532, -0.9940316081047058, 1.5023592710494995, 3.24818754196167, 0.03406638279557228, 0.0078829824924469, 2.715169906616211, -0.8622922301292419, -0.06941204518079758, -0.09730920195579529, 0.9270058870315552, -1.9149210453033447, 0.9148440957069397, 0.19842082262039185, -0.7725856900215149, -0.6201910972595215, 0.7758153080940247, -1.1431087255477905, 0.7702069878578186, -0.9039607644081116, -0.42916083335876465, 0.6603716015815735, -0.4935317635536194, -0.3484432101249695, 1.3655872344970703, 0.28339606523513794, 0.6963444352149963, -3.1294333934783936, -1.7627421617507935, 0.1426059901714325, 0.7379500865936279, 1.2723397016525269, 0.15647754073143005, -0.3459767699241638, 1.1578360795974731, -1.6025713682174683, 0.6997165679931641, 0.39541497826576233, 0.2069019228219986, -2.316735029220581, 0.7613530158996582, -1.121701955795288, -0.19423474371433258, 0.01860778033733368, 0.6922428607940674, -0.3483598828315735, -0.6880861520767212, 0.11563973128795624, -0.6708014011383057, -0.39430487155914307, -0.7055423259735107, 0.24176976084709167, -0.2953282296657562, -0.9764604568481445, 2.218508243560791, -0.24338363111019135, 0.5755612850189209, 0.6045727729797363, 2.478283166885376, -1.6842142343521118, 0.5856726169586182, 1.188937783241272, -0.3887527883052826, 0.023915600031614304, 0.9598789811134338, -0.1456023007631302, 1.3808531761169434]",yunet,Facenet,1920,1080,/home/amos/media/tv/modern_family/Modern.Family.S09.1080p.DSNP.WEB-DL.DDP5.1.H.264-CRFW/Modern.Family.S09E21.The.Escape.1080p.DSNP.WEB-DL.DDP5.1.H.264-CRFW.mkv,Modern Family,2009,1442437,9,21,Chris Geere,62879.0,0.615
1190,222,300,396,528,372,390,306,390,0.918,29088,2,"[-0.1316695362329483, 0.7560096979141235, 1.4591726064682007, -0.870114803314209, 0.367501437664032, -0.5126481056213379, 1.2335546016693115, -2.0757739543914795, -1.0290815830230713, 0.06061539426445961, 0.8736449480056763, 0.9173981547355652, -0.6422022581100464, -1.0882409811019897, -0.7348310947418213, 1.9578971862792969, -0.259104460477829, -0.38689273595809937, -1.6645129919052124, 0.02786395326256752, 0.5346686840057373, 0.818868100643158, -0.24179571866989136, -1.8905208110809326, 0.34471389651298523, 0.5805960893630981, -0.3777826130390167, 1.8522510528564453, 0.24594268202781677, 1.5157532691955566, 0.31303489208221436, 0.013144224882125854, -0.34969621896743774, -0.08210454881191254, -0.8106392025947571, 0.22416111826896667, -0.011850569397211075, -0.9374299645423889, -0.2982000410556793, -0.6280629634857178, -0.5738481879234314, 0.03589046746492386, -3.0035386085510254, -0.09764242172241211, 0.9314631223678589, -1.4495257139205933, -0.967673659324646, 0.3368534445762634, 1.0487247705459595, 0.26858171820640564, 0.8017475605010986, -1.4062608480453491, -0.11477123945951462, -0.34570127725601196, -0.8115835189819336, 0.18519125878810883, 0.017476525157690048, -1.309685230255127, 0.861481249332428, 1.6442385911941528, -0.14166119694709778, -0.4004404544830322, 0.14636167883872986, 0.09007196128368378, 0.6734967827796936, -0.32600998878479004, 0.36816632747650146, 1.0839855670928955, 0.3800008296966553, 1.2819056510925293, -1.764410138130188, 1.451431155204773, 0.21092242002487183, -1.6961326599121094, 2.252565383911133, 0.0535440631210804, 0.41400614380836487, 1.410601019859314, 0.26320797204971313, 0.55742347240448, -2.70831298828125, 0.07572542130947113, -1.483620285987854, -0.9247593879699707, -0.8513504862785339, 1.0250474214553833, -0.889578640460968, -1.1448819637298584, 0.8165065050125122, 0.32728537917137146, 1.9268442392349243, 0.6090737581253052, 0.5020656585693359, -1.6235827207565308, 1.7099117040634155, -0.6122416257858276, 0.3738211989402771, -0.8311763405799866, 1.3086345195770264, -0.5934295058250427, 1.7545137405395508, 1.4993239641189575, -0.9023977518081665, -1.539279580116272, 0.9132663607597351, 0.9665960073471069, -0.7447277903556824, -0.9139374494552612, -0.4893006682395935, 0.06893238425254822, -0.8935629725456238, 1.359630823135376, -0.7172363996505737, -0.2447606921195984, 2.449265956878662, 1.9970793724060059, -0.33602243661880493, 0.6993775963783264, -1.5198482275009155, 1.2983121871948242, 1.22921884059906, -0.23600783944129944, 1.5541696548461914, -0.8088975548744202, 0.5394551753997803, -2.049149513244629, -0.5541799664497375, 0.7354435920715332]",yunet,Facenet,1920,1080,/home/amos/media/tv/modern_family/Modern.Family.S09.1080p.DSNP.WEB-DL.DDP5.1.H.264-CRFW/Modern.Family.S09E21.The.Escape.1080p.DSNP.WEB-DL.DDP5.1.H.264-CRFW.mkv,Modern Family,2009,1442437,9,21,Adam Devine,212604.0,0.807
1191,966,90,1248,444,1158,216,1038,216,0.923,29112,0,"[0.2817167639732361, -1.984601616859436, 0.31648629903793335, 2.378209352493286, -0.2732519805431366, -0.7884564995765686, 1.8778367042541504, -2.1652722358703613, -2.292478084564209, 2.0833771228790283, -2.6556711196899414, -0.023870661854743958, 1.425331711769104, 0.8455873727798462, 0.824662446975708, 0.3358394503593445, -0.5795120000839233, 0.24724076688289642, -1.2636903524398804, -0.6826568841934204, -1.1923342943191528, -0.3837220370769501, 1.45175039768219, 0.724821925163269, 0.9842349886894226, 0.007870890200138092, 1.102020025253296, -0.44836097955703735, 2.5871074199676514, 1.3058860301971436, 0.08433447033166885, -1.76857590675354, -0.5503543615341187, 0.8285574316978455, 0.12350696325302124, -2.319345474243164, -1.0942233800888062, 1.5234768390655518, -0.24586275219917297, 0.2999331057071686, -0.06936055421829224, 0.6878864765167236, 0.9698770046234131, 1.3870981931686401, 0.0683034136891365, -0.9572506546974182, 0.4267949163913727, 1.611167073249817, 0.22547896206378937, -0.4834090769290924, -0.11667463183403015, 1.5648577213287354, 0.08675630390644073, -0.2721511125564575, 0.5571590065956116, 0.6310561299324036, 1.3863224983215332, 2.5953280925750732, -0.34528297185897827, 1.071210503578186, -0.2854677438735962, -1.2187470197677612, -1.269299030303955, 0.9957518577575684, -0.9010353088378906, 0.9667112231254578, -1.0000431537628174, -0.032824162393808365, -0.5487771034240723, -1.1740258932113647, 0.09937869012355804, -0.2938680648803711, 1.5060533285140991, 0.3679593801498413, 1.378271460533142, -0.4856731593608856, -0.35991084575653076, 0.14913979172706604, -0.08862888813018799, -0.552495002746582, -1.2718766927719116, 0.983066201210022, 0.46532079577445984, 0.7085738778114319, -1.0040225982666016, 0.6619589328765869, 0.37834399938583374, -1.1136661767959595, 0.05728940665721893, -0.6818406581878662, -0.8400145769119263, 1.6041781902313232, 1.0691144466400146, 0.43089595437049866, 1.756420612335205, 0.42386260628700256, -0.7479296326637268, -1.0562689304351807, -0.3818819224834442, -1.560509204864502, 0.3336222171783447, 0.9603334069252014, -1.2838985919952393, 0.9263634085655212, 0.9027191996574402, -1.2526136636734009, -0.37598511576652527, -1.7490469217300415, 0.3976128101348877, -2.061391592025757, -0.12643888592720032, 2.0117008686065674, 0.2764263153076172, -0.23810160160064697, -0.2541366219520569, 0.1069873571395874, -0.34253329038619995, 1.2307164669036865, -1.0616068840026855, 0.7326510548591614, 1.5029488801956177, -0.8945599794387817, -0.1646566540002823, -1.456333041191101, -2.1494665145874023, 2.2286691665649414, 1.1027048826217651, -0.7638542652130127]",yunet,Facenet,1920,1080,/home/amos/media/tv/modern_family/Modern.Family.S09.1080p.DSNP.WEB-DL.DDP5.1.H.264-CRFW/Modern.Family.S09E21.The.Escape.1080p.DSNP.WEB-DL.DDP5.1.H.264-CRFW.mkv,Modern Family,2009,1442437,9,21,,,
1192,924,96,1206,474,1116,222,978,222,0.922,29136,0,"[0.9789860248565674, -0.596420407295227, 0.5739633440971375, 2.3459527492523193, -0.27499815821647644, -0.8719301223754883, 1.410337209701538, -2.0099804401397705, -1.5572259426116943, 1.869628667831421, -2.6057989597320557, 0.07773157209157944, 0.7741790413856506, 2.3166866302490234, 0.6965092420578003, -1.383981466293335, -0.6900162696838379, 0.006140351295471191, -1.1626269817352295, 0.1057138741016388, -1.9912604093551636, 0.3872627019882202, 1.4159531593322754, 0.28653430938720703, 0.9507771730422974, 0.4216788411140442, 0.7554290294647217, -1.4643510580062866, 3.363008975982666, 0.2915903627872467, -0.28389036655426025, -2.316679000854492, -0.7829641103744507, 0.3697757124900818, 0.7033153772354126, -1.5658901929855347, -0.2902449071407318, 1.0107862949371338, 0.3025837540626526, -0.783732533454895, -0.40668201446533203, 0.5866785049438477, 0.474357932806015, 0.8822250366210938, -0.4755473732948303, -0.7129729986190796, -0.5637698173522949, 1.3285348415374756, -0.19378328323364258, 0.6265110969543457, -0.2525041699409485, 1.8992420434951782, 0.1633293330669403, -0.2008676826953888, -0.3705068826675415, 0.684691309928894, 1.4123775959014893, 2.0387122631073, -0.15638266503810883, 0.428733229637146, -0.44817349314689636, -1.244736671447754, -0.2242639660835266, 1.0812245607376099, -1.1534532308578491, 2.2743771076202393, -1.2408782243728638, 0.22026529908180237, 0.18887144327163696, 0.20009443163871765, 0.1854173243045807, -0.6579529047012329, 1.0347927808761597, -0.2849949598312378, 0.7709365487098694, -1.1887117624282837, 0.27070534229278564, -1.5957947969436646, -0.2262333631515503, -0.6613236665725708, -0.4887121319770813, 0.7275347709655762, 1.1522470712661743, 1.8256603479385376, -0.14926719665527344, 0.25966712832450867, 0.20375926792621613, -0.9849527478218079, 0.12554843723773956, -1.152449369430542, -1.5014278888702393, 1.1710184812545776, 0.9371703267097473, -0.09384413063526154, 0.6837418675422668, 0.22923076152801514, 0.023805610835552216, -0.6535547971725464, -0.461544930934906, -1.962101697921753, -0.783827006816864, 1.6668068170547485, -0.6497073173522949, 1.9203375577926636, 1.0695730447769165, 0.23163096606731415, 0.3425975739955902, -1.7219641208648682, 0.3619610667228699, -1.7623755931854248, 0.9420473575592041, 1.762170433998108, -0.017024539411067963, 0.3952120542526245, 0.4516199827194214, 0.10170981287956238, -0.7663654088973999, 1.2227396965026855, 0.12631984055042267, 0.4288020730018616, 1.3411436080932617, -0.7443121671676636, -0.14554336667060852, -1.697567105293274, -2.020871162414551, 2.0303046703338623, 1.4646185636520386, 0.4509004056453705]",yunet,Facenet,1920,1080,/home/amos/media/tv/modern_family/Modern.Family.S09.1080p.DSNP.WEB-DL.DDP5.1.H.264-CRFW/Modern.Family.S09E21.The.Escape.1080p.DSNP.WEB-DL.DDP5.1.H.264-CRFW.mkv,Modern Family,2009,1442437,9,21,Sarah Hyland,91351.0,0.632
1193,900,72,1188,444,1092,210,966,204,0.93,29160,0,"[0.3360315263271332, -0.6771751642227173, -0.6038005948066711, 2.2472667694091797, 1.227988839149475, -0.6484917402267456, 1.1214568614959717, -2.021407127380371, -0.9600855708122253, 2.6910781860351562, -1.7452013492584229, 0.5768798589706421, 0.7857850790023804, 0.5118870735168457, 0.9064410924911499, -0.17115961015224457, -1.0999188423156738, -0.4464116096496582, -1.2952853441238403, 0.7072707414627075, -0.6936304569244385, 0.0646275207400322, 1.7401753664016724, 0.9413250684738159, 1.2130666971206665, 0.35727939009666443, 1.16513192653656, -1.3606444597244263, 3.3784241676330566, 0.5721479058265686, 0.6278012990951538, -1.7618356943130493, -0.7242231369018555, -0.2522425055503845, 0.12417630851268768, -1.7303049564361572, -0.568972110748291, 2.210930347442627, 0.20240333676338196, -0.5145443677902222, -0.4009533226490021, 0.7780068516731262, 0.6866227388381958, 0.7290320992469788, -0.8731601238250732, -0.5856895446777344, -0.7957620620727539, 0.8027833700180054, -0.09351645410060883, 0.9615962505340576, -1.8357348442077637, 2.0619089603424072, 0.7201788425445557, 1.1219358444213867, -0.7338904142379761, 0.31936824321746826, 0.7990424036979675, 1.4165995121002197, 0.348619282245636, 0.6140949130058289, -0.39040252566337585, -0.9878168106079102, -0.4159088730812073, 0.1652504801750183, -1.335310935974121, 1.504887342453003, -0.5795207023620605, -0.08429579436779022, -0.14275994896888733, 0.43311548233032227, -0.25278782844543457, -0.46212419867515564, 0.33067989349365234, 1.0860368013381958, 0.10736548900604248, -1.5758005380630493, 0.35501062870025635, -1.2172198295593262, -0.7527507543563843, -0.5315418839454651, -0.18964216113090515, 0.07903668284416199, 0.8512648344039917, 1.936907172203064, -0.722852885723114, 0.947006344795227, 0.257210910320282, -1.3244839906692505, -0.2394660860300064, -1.0473077297210693, -1.0610606670379639, -0.12934663891792297, 0.9670600891113281, -0.36564838886260986, 0.6930457353591919, 0.3612183630466461, -0.8831639885902405, -0.9008345007896423, -0.46079644560813904, -2.390347480773926, -1.5592212677001953, 0.5739109516143799, -0.7818197011947632, 1.510198950767517, 1.4764142036437988, -0.011555736884474754, 0.15254023671150208, -1.4682393074035645, 1.0658425092697144, -0.6604636311531067, 1.3854081630706787, 0.8765095472335815, 0.35978344082832336, 0.8367119431495667, 0.35940954089164734, -0.036202676594257355, -1.8041913509368896, 0.23109057545661926, -0.6075342893600464, 0.35903966426849365, 2.0197479724884033, -1.2543785572052002, -0.6539449095726013, -1.4319039583206177, -2.070124626159668, 1.831406831741333, 2.1092023849487305, 0.09307226538658142]",yunet,Facenet,1920,1080,/home/amos/media/tv/modern_family/Modern.Family.S09.1080p.DSNP.WEB-DL.DDP5.1.H.264-CRFW/Modern.Family.S09E21.The.Escape.1080p.DSNP.WEB-DL.DDP5.1.H.264-CRFW.mkv,Modern Family,2009,1442437,9,21,Sarah Hyland,91351.0,0.678
1194,816,96,1086,468,948,240,852,234,0.917,29184,0,"[0.2432418316602707, -0.32799872756004333, 0.08599705994129181, 1.9656951427459717, 0.22170530259609222, -0.02100100927054882, 1.2914353609085083, -1.098668098449707, -0.9773111343383789, 2.7711715698242188, -3.390486001968384, 0.21155762672424316, 0.6635298132896423, 1.5196046829223633, -0.38669049739837646, -0.11670602113008499, -1.2274326086044312, -0.9679569005966187, -0.559454619884491, 0.13665737211704254, -0.5741785764694214, 1.104252815246582, 1.5226738452911377, -0.01132483035326004, 0.7478777170181274, 0.7961253523826599, 0.5982382297515869, -0.7953122854232788, 3.1557602882385254, 0.6460591554641724, -0.6473628282546997, -1.6305713653564453, -0.8335275650024414, -0.1677599847316742, 1.1885137557983398, -2.0441439151763916, -0.6523799300193787, 1.0076504945755005, 0.5958901643753052, -1.5835596323013306, -0.6187275648117065, 0.6392585635185242, -0.6310194730758667, 1.1050527095794678, 0.20186327397823334, -0.3532586395740509, -0.4738554358482361, 1.051745891571045, -0.9930427074432373, 1.1684739589691162, -1.623117208480835, 2.9361751079559326, -0.024343036115169525, 0.3650692105293274, -1.3135329484939575, 0.41404789686203003, 1.284946322441101, 0.5511511564254761, -0.9690104126930237, 0.6806559562683105, -0.5722678303718567, -0.4605187177658081, -0.8975765109062195, -0.31562209129333496, -1.9483754634857178, 1.8343703746795654, -0.27933380007743835, 0.45199891924858093, 0.6647640466690063, -0.2122575342655182, 0.2558451294898987, 0.13542401790618896, 0.23852960765361786, 0.3805774450302124, 0.8397421836853027, -1.009239673614502, -0.02803172916173935, -1.847116470336914, 0.7832034230232239, -0.7973486185073853, 0.17762833833694458, -0.013504784554243088, 1.435159683227539, 1.1171700954437256, 0.1705935299396515, -0.10212571173906326, 0.8042654395103455, -0.758736252784729, 0.6867173910140991, -0.3754461407661438, -2.2629482746124268, 0.7016056180000305, 0.9702365398406982, 0.47797077894210815, 1.0601530075073242, 0.763918399810791, -0.242838516831398, 0.021818052977323532, -0.8864603638648987, -1.889790654182434, 0.39942467212677, 1.1959446668624878, -1.8643866777420044, 0.9140635132789612, 0.9712970852851868, 0.2574903964996338, 0.023480340838432312, -1.4312055110931396, 0.4543267488479614, -0.5004804730415344, 0.8696721792221069, 1.4545996189117432, 0.0936296135187149, 0.2466042935848236, 0.05114393308758736, 0.3170950710773468, -1.2736064195632935, 0.5113705396652222, -0.7089036107063293, -0.5889103412628174, 2.4122917652130127, -0.25446170568466187, -1.0807640552520752, -0.21915113925933838, -0.6654863357543945, 1.063056468963623, 1.6629067659378052, 0.29899993538856506]",yunet,Facenet,1920,1080,/home/amos/media/tv/modern_family/Modern.Family.S09.1080p.DSNP.WEB-DL.DDP5.1.H.264-CRFW/Modern.Family.S09E21.The.Escape.1080p.DSNP.WEB-DL.DDP5.1.H.264-CRFW.mkv,Modern Family,2009,1442437,9,21,Sarah Hyland,91351.0,0.682
1195,846,84,1140,462,1008,210,876,204,0.902,29208,0,"[0.03524278476834297, -1.0643783807754517, -0.9397968053817749, 1.5869673490524292, 1.454879641532898, 0.047057852149009705, 0.8753288388252258, -1.385621190071106, -1.2938507795333862, 3.371558904647827, -2.633807897567749, 0.5578585267066956, 1.9182441234588623, 1.2613074779510498, 0.5974475741386414, 0.09900641441345215, -1.0320931673049927, -1.1953141689300537, -1.0605735778808594, -1.1284703016281128, -0.6553729772567749, 1.234128713607788, 0.5912615656852722, 0.594342052936554, 0.5321943759918213, 0.6570845246315002, 0.8882328271865845, -0.955400824546814, 2.7308297157287598, -0.36726588010787964, 0.8491870164871216, -1.9032683372497559, -0.849826991558075, -0.15325377881526947, 1.553971529006958, -1.7000160217285156, -0.5871469974517822, 1.5622326135635376, 0.7506169080734253, -1.2504363059997559, 0.19139838218688965, 1.0125516653060913, 1.0822923183441162, 0.5663174390792847, -1.4837028980255127, -0.7026151418685913, 0.3887621760368347, 0.5888696908950806, -0.746279239654541, 0.4098025858402252, -1.7274519205093384, 3.2465097904205322, -0.33683910965919495, 0.3945237994194031, 0.4952738881111145, -0.021069996058940887, 0.6418343186378479, 0.7497986555099487, 0.29369744658470154, -0.9393042922019958, -0.2875758707523346, -1.4563523530960083, -0.8363785147666931, 0.4737991988658905, -1.2835866212844849, 1.598832607269287, -1.2226167917251587, 0.4904690384864807, -0.6198386549949646, -0.47879382967948914, -0.046185821294784546, 0.46795758605003357, 0.13002055883407593, 0.3296741247177124, 0.13285599648952484, -0.14519615471363068, 0.06614930927753448, -0.6202265024185181, -0.03882843255996704, -0.889439046382904, -1.1687110662460327, 0.8949342966079712, 1.0670415163040161, 2.368586301803589, -0.3575286567211151, -0.40023303031921387, 0.5628421306610107, -0.6139048933982849, 0.0753982663154602, -0.6735565662384033, -1.868908405303955, -0.15339529514312744, 1.125301480293274, 0.26028352975845337, 2.238706111907959, 0.4443812668323517, -0.04396120458841324, 0.4399680495262146, 0.839922308921814, -1.9962964057922363, -0.37264949083328247, 0.7722538709640503, -2.129960060119629, 1.6242204904556274, 0.9342955946922302, 0.92533940076828, 0.4025745987892151, -0.20006805658340454, 0.9401521682739258, -1.0863224267959595, 1.4730198383331299, 1.2844154834747314, 0.9304227828979492, 0.34758439660072327, 0.08295891433954239, 0.7412658929824829, -0.6963624954223633, 0.3775259256362915, -0.8204864263534546, -0.5740671157836914, 1.742986798286438, -0.08875380456447601, -0.5052290558815002, -0.5547210574150085, -1.1496810913085938, 1.1473233699798584, 1.4887980222702026, -0.9336512088775635]",yunet,Facenet,1920,1080,/home/amos/media/tv/modern_family/Modern.Family.S09.1080p.DSNP.WEB-DL.DDP5.1.H.264-CRFW/Modern.Family.S09E21.The.Escape.1080p.DSNP.WEB-DL.DDP5.1.H.264-CRFW.mkv,Modern Family,2009,1442437,9,21,Sarah Hyland,91351.0,0.638
1196,852,102,1128,468,1014,222,882,216,0.925,29232,0,"[-0.20376917719841003, -1.3442254066467285, 1.0634827613830566, 0.5156049728393555, 2.1746973991394043, -1.2353050708770752, 1.3992685079574585, -2.137017250061035, -1.3635897636413574, 2.290670156478882, -0.9789211750030518, 1.3053277730941772, 0.6807500123977661, 1.0210521221160889, 0.9950507879257202, -0.22210197150707245, 0.7632391452789307, -1.918075442314148, -1.0699572563171387, -0.034429099410772324, -0.7396954298019409, -0.8317509293556213, -0.6921930909156799, -0.3799590766429901, -0.9363115429878235, 0.7436462044715881, 1.3011536598205566, -0.9627450704574585, 1.0959947109222412, 0.6975293159484863, 0.998342752456665, -1.2233177423477173, -1.252677321434021, -0.3819352090358734, -1.742970198392868e-05, -0.057672154158353806, 1.063064455986023, 0.21241974830627441, 1.086483359336853, -1.6189357042312622, 0.6155142188072205, 1.0608688592910767, -0.3414342701435089, 1.586449146270752, -1.0822175741195679, -0.45535510778427124, 0.3300781846046448, 0.05201607197523117, -0.8674156069755554, 1.0669893026351929, -1.861504077911377, 1.5497124195098877, -0.9363902807235718, -0.2727448344230652, 0.44167014956474304, -0.35910388827323914, 1.2523449659347534, 1.2410460710525513, 1.2563138008117676, 0.9474865198135376, -0.5881777405738831, -1.4816584587097168, 0.9613943099975586, 0.34021323919296265, -1.038088083267212, 1.9053795337677002, -1.4546452760696411, 0.6218886971473694, 0.5545450448989868, 1.5511940717697144, -0.8663607239723206, 0.8040634393692017, -1.164320707321167, 0.29104185104370117, -0.41357097029685974, 0.14226728677749634, -0.8730669021606445, -2.6980438232421875, -0.14056438207626343, -0.4660184979438782, -1.8015683889389038, 0.07720644026994705, 1.0487018823623657, 1.7136948108673096, -0.833050549030304, -0.5472280383110046, 0.3201856017112732, 0.07857166230678558, -0.30313023924827576, -0.6760958433151245, -2.245558023452759, -0.5291048288345337, 0.8663852214813232, -0.6523444056510925, 1.4552404880523682, -0.7022055983543396, 0.5551163554191589, -0.0594506561756134, 0.6749005317687988, -0.6406142711639404, 0.028396330773830414, 0.6045159697532654, -2.799553871154785, 0.6655313968658447, 1.3389495611190796, 0.9561752676963806, 0.16033673286437988, -1.7271679639816284, 0.659092903137207, -0.416964590549469, 1.0270994901657104, 0.4766548275947571, 1.8378757238388062, -0.2804056704044342, 0.47838902473449707, 0.24535825848579407, -1.111696481704712, 0.6723302006721497, 0.051740653812885284, 0.166263148188591, 1.5738704204559326, 0.021975528448820114, 0.22605295479297638, -1.7342756986618042, -1.7568597793579102, 0.730505645275116, 1.7325351238250732, -0.2503283619880676]",yunet,Facenet,1920,1080,/home/amos/media/tv/modern_family/Modern.Family.S09.1080p.DSNP.WEB-DL.DDP5.1.H.264-CRFW/Modern.Family.S09E21.The.Escape.1080p.DSNP.WEB-DL.DDP5.1.H.264-CRFW.mkv,Modern Family,2009,1442437,9,21,Sarah Hyland,91351.0,0.611
1197,912,138,1200,492,1098,258,966,258,0.927,29256,0,"[0.522197961807251, -0.9319525957107544, 0.1693718284368515, 1.9712021350860596, 1.4449076652526855, -1.1130985021591187, 1.3886358737945557, -1.8980798721313477, -1.6400479078292847, 2.277876615524292, -1.8091057538986206, 0.8057737350463867, 1.1210631132125854, 1.1135252714157104, 0.6295298337936401, 0.24009938538074493, -0.3016071617603302, -0.22190052270889282, -1.1747314929962158, 0.48262158036231995, -1.0597198009490967, 0.14059296250343323, 1.362026333808899, -0.16188284754753113, 0.9354010224342346, 0.7686059474945068, 0.7369779348373413, -0.5844359993934631, 2.2580037117004395, 0.570486843585968, 0.8674399852752686, -2.3622219562530518, -0.3115772604942322, 0.2952445149421692, 0.6478173136711121, -1.101664423942566, -0.6264309287071228, 2.109344720840454, 0.4350844919681549, 0.2503923773765564, -0.3781980872154236, 1.2710871696472168, 0.8136609792709351, 0.9774415493011475, -0.6653243899345398, -0.8134409189224243, -0.5743687748908997, 1.531300663948059, -0.2099338322877884, 0.6900873184204102, -1.2691447734832764, 2.4943535327911377, -0.032647036015987396, 0.1452948898077011, 0.09830886125564575, 0.7259649038314819, 1.7029224634170532, 2.0341830253601074, 0.3194122612476349, 0.5671210289001465, 0.1842973828315735, -1.0322215557098389, -0.7115668058395386, 1.019784688949585, -1.0594857931137085, 1.2736940383911133, -1.3431358337402344, -0.07347878813743591, 0.01779581978917122, 0.6142635345458984, -0.049368180334568024, -0.6907342672348022, 0.4195300042629242, 0.48249930143356323, 0.8128548264503479, -1.056260108947754, 0.2903028726577759, -1.1865234375, -0.5156418085098267, -0.6114555597305298, -0.6036918759346008, 0.3616340160369873, 1.7474167346954346, 2.1525464057922363, -0.5026582479476929, 0.8758372068405151, 0.8577694296836853, -0.7947475910186768, -0.18120595812797546, -0.40468060970306396, -2.0900282859802246, 0.49299708008766174, 1.3169916868209839, -0.6148995161056519, 1.2578622102737427, -0.26752907037734985, -0.3707476258277893, -1.2945218086242676, -0.49148836731910706, -1.4537503719329834, -0.9322566986083984, 1.1932086944580078, -1.973549723625183, 1.3771253824234009, 1.5945377349853516, -0.17999668419361115, 0.4481782019138336, -1.3135952949523926, 0.8389699459075928, -1.3137341737747192, 1.097900152206421, 1.5309845209121704, 0.37705743312835693, 0.9910853505134583, 0.7386909127235413, 0.18491071462631226, -1.1780402660369873, 1.1406710147857666, 0.3846636116504669, -0.6936136484146118, 2.435467004776001, -0.7057089805603027, -0.8666275143623352, -1.6986356973648071, -1.6802363395690918, 0.8420040607452393, 1.2700979709625244, 0.11639195680618286]",yunet,Facenet,1920,1080,/home/amos/media/tv/modern_family/Modern.Family.S09.1080p.DSNP.WEB-DL.DDP5.1.H.264-CRFW/Modern.Family.S09E21.The.Escape.1080p.DSNP.WEB-DL.DDP5.1.H.264-CRFW.mkv,Modern Family,2009,1442437,9,21,Sarah Hyland,91351.0,0.648
1198,1206,162,1392,414,1332,270,1236,270,0.927,29280,0,"[0.2638988494873047, -1.5682586431503296, -1.3041162490844727, -0.16249772906303406, -0.5030177235603333, 1.4540271759033203, -0.1441456526517868, 0.8420088887214661, 1.5028389692306519, -0.34288355708122253, 0.7111964225769043, -1.6206262111663818, -2.1602139472961426, 0.9396613836288452, -1.2148772478103638, -0.2673412561416626, -1.4857460260391235, -0.4592691659927368, 0.05289463698863983, -0.6848596334457397, 0.8311134576797485, -0.23386317491531372, 0.553138792514801, -2.027747631072998, 0.6927313208580017, -0.3407202363014221, 1.7854712009429932, -2.510531425476074, 0.7158756852149963, 0.09520222246646881, -0.8058024644851685, 0.8337352275848389, 0.424245685338974, 0.34347888827323914, -0.2108599841594696, 2.007097005844116, -1.5520038604736328, 1.0631506443023682, 0.8249512910842896, -1.0087112188339233, 1.1067298650741577, 1.015716552734375, -2.130385637283325, -2.6808667182922363, 0.659069836139679, -1.7732287645339966, -0.18169762194156647, 1.4219385385513306, 0.3887600302696228, -0.9548773765563965, -0.5469831824302673, 0.9192489385604858, -0.0688711479306221, 0.5979277491569519, 0.23721326887607574, -0.4938117563724518, 0.891371488571167, 2.1255130767822266, -0.591461181640625, -0.7156900763511658, 0.13727015256881714, -1.1570453643798828, -0.3785339295864105, 1.3179103136062622, 2.4379804134368896, 0.031551919877529144, 0.8735464215278625, 1.7962701320648193, -1.0159673690795898, -0.5209109783172607, -0.4173954725265503, 0.9293185472488403, -2.651461362838745, 1.4795384407043457, 0.2789081335067749, -0.6995798945426941, -0.6922440528869629, 0.996120274066925, -0.7629467248916626, 0.09769587218761444, -2.009154796600342, 0.1420431286096573, 1.957290768623352, -0.6343389749526978, -0.780657172203064, 0.24150261282920837, 0.46027809381484985, 0.13729514181613922, -1.5640876293182373, -2.0660641193389893, 0.09829917550086975, 1.1256511211395264, 1.1123740673065186, 1.2483513355255127, -0.5097328424453735, 0.5420944094657898, -2.7057952880859375, 0.30932357907295227, 1.0497407913208008, 1.15994393825531, -1.9108752012252808, 0.09186036139726639, -0.9327709674835205, 0.31255820393562317, 0.6351466178894043, 0.6599676609039307, -0.535504937171936, 0.9745864868164062, -0.27134907245635986, -0.6956552267074585, 0.3167210817337036, -1.3278831243515015, -0.14689163863658905, -0.3393038511276245, -0.2020750194787979, 2.3445029258728027, 0.8529579639434814, 0.5016759037971497, -0.6492836475372314, 1.2231600284576416, -0.8267920613288879, 1.905312418937683, 0.006325051188468933, -0.3742053508758545, 0.07191739976406097, 0.5996454954147339, -1.6530122756958008, -0.15096884965896606]",yunet,Facenet,1920,1080,/home/amos/media/tv/modern_family/Modern.Family.S09.1080p.DSNP.WEB-DL.DDP5.1.H.264-CRFW/Modern.Family.S09E21.The.Escape.1080p.DSNP.WEB-DL.DDP5.1.H.264-CRFW.mkv,Modern Family,2009,1442437,9,21,Chris Geere,62879.0,0.686
1199,780,138,942,342,912,216,834,216,0.921,29280,1,"[-0.3584057688713074, 0.31929415464401245, -0.17908722162246704, 0.3101482391357422, -0.5117361545562744, -0.7285547852516174, 0.6121951341629028, -1.8309762477874756, -0.13522739708423615, 0.17110900580883026, -1.0113588571548462, -0.02257123589515686, -0.44234275817871094, 0.005563855171203613, -0.8411792516708374, -0.46848249435424805, -0.3781416416168213, -0.6276137232780457, -1.14174222946167, -0.2876026928424835, 1.563339352607727, 0.02688589133322239, 0.1261245310306549, 0.09116508066654205, 1.6604489088058472, 1.8321678638458252, 0.9941995143890381, -0.6804620623588562, 1.6372301578521729, -1.2985879182815552, 0.3741295635700226, 2.126713514328003, 1.4089945554733276, -0.5849601626396179, 0.31765300035476685, -1.5110318660736084, 0.8139688372612, -0.39473769068717957, 1.1991167068481445, 0.04386667534708977, 1.013382911682129, 2.058795690536499, 0.1872631311416626, -1.1230312585830688, -0.6959461569786072, 1.5792725086212158, -0.8161088824272156, 0.4122703969478607, -1.2258108854293823, 2.4771597385406494, -1.2040549516677856, -0.26281124353408813, 1.0301530361175537, 0.4817013740539551, 1.0715322494506836, 0.6115120053291321, -0.10106536746025085, 0.2807845175266266, 1.6120545864105225, -0.958633542060852, 1.3720554113388062, -2.5551087856292725, -0.2934044301509857, 1.1411590576171875, -1.3221628665924072, 0.48727649450302124, -0.5493582487106323, 0.3365359306335449, 1.33011794090271, -1.288957118988037, -2.118570327758789, 0.057542115449905396, 0.5571340322494507, -0.7797680497169495, -0.8207051753997803, -2.2429709434509277, 1.8948038816452026, 0.1356641799211502, 0.5206096768379211, -1.0164254903793335, -1.3002232313156128, -0.6137698888778687, -0.028228677809238434, 0.4540320038795471, -0.2911915183067322, 0.6787480115890503, 1.162194013595581, -1.374953031539917, -0.5131222605705261, 0.7211779952049255, -0.9706845879554749, 0.009148446843028069, 0.33486679196357727, -0.8936963081359863, 1.859462857246399, -0.7243846654891968, 0.7593963146209717, -0.39924171566963196, -1.5460333824157715, -1.9062420129776, -0.869367241859436, 1.306519865989685, 0.6531186103820801, 1.0648648738861084, -0.04181598499417305, -0.3910430073738098, -0.0011857794597744942, 0.22926993668079376, -0.9156769514083862, 0.08375566452741623, 1.236884355545044, -0.5942604541778564, 1.1757885217666626, 1.8872671127319336, -0.6795614957809448, 1.3295572996139526, -0.8259824514389038, 0.2809961438179016, 0.4328232705593109, 0.03538521006703377, -0.5117927193641663, -0.20390968024730682, 0.9010140299797058, -0.338204026222229, -0.9246098399162292, 0.08455068618059158, 1.5044161081314087, 1.7476630210876465]",yunet,Facenet,1920,1080,/home/amos/media/tv/modern_family/Modern.Family.S09.1080p.DSNP.WEB-DL.DDP5.1.H.264-CRFW/Modern.Family.S09E21.The.Escape.1080p.DSNP.WEB-DL.DDP5.1.H.264-CRFW.mkv,Modern Family,2009,1442437,9,21,Reid Ewing,967692.0,0.834
1200,264,318,420,534,390,402,324,396,0.916,29280,2,"[0.3077097535133362, 0.9045428037643433, 0.9868783354759216, -0.8221163153648376, 0.4747021198272705, -0.3815259039402008, 1.3278993368148804, -1.9975512027740479, -0.8939094543457031, -0.2638889253139496, 0.32068005204200745, 1.1803879737854004, -0.544372022151947, -1.2730920314788818, -0.8704173564910889, 1.5519498586654663, 0.8413043022155762, -0.8519685864448547, -1.152495265007019, -0.43692928552627563, 0.342560350894928, 0.448128879070282, 0.33371078968048096, -1.051883339881897, 0.5742270946502686, 0.6078741550445557, -0.22020965814590454, 2.007535934448242, 0.1393798589706421, 0.7224986553192139, 0.41158580780029297, 0.13848018646240234, 0.2840498983860016, 0.014670908451080322, -1.2398498058319092, -0.07723193615674973, 0.09144396334886551, -1.0366826057434082, -0.634651243686676, 0.1945423185825348, -1.131034016609192, -0.30255573987960815, -2.2638983726501465, 0.4824327230453491, 1.3746174573898315, -0.4841478765010834, -0.6695972084999084, 0.959434986114502, 0.6298210620880127, -0.08082632720470428, 0.6893213391304016, -1.0406262874603271, -1.1540257930755615, -0.24727275967597961, -0.4012811481952667, 1.2099765539169312, -0.030933629721403122, -0.424961656332016, 0.27949944138526917, 1.6242799758911133, -0.49440228939056396, -1.0528767108917236, 0.15095537900924683, 0.14157171547412872, 0.7315493822097778, -0.32990312576293945, -0.10826153308153152, 1.6806386709213257, 0.2753645181655884, 0.22791452705860138, -1.5322028398513794, 1.729430913925171, -0.06590421497821808, -0.911300778388977, 1.8397741317749023, -0.0636175125837326, 0.45606300234794617, 0.7577957510948181, -0.12917903065681458, 0.28020668029785156, -2.806954860687256, 0.774111270904541, -1.0292255878448486, -1.2177109718322754, -1.168684959411621, 0.6745948791503906, -0.6291032433509827, -1.8134232759475708, 0.6479536294937134, -0.0651361346244812, 1.299216628074646, -0.1319558173418045, 1.3005510568618774, -1.9431883096694946, 2.0337839126586914, -0.8926487565040588, 0.0015879683196544647, -0.2507336139678955, 0.28446733951568604, -0.36830267310142517, 1.9556963443756104, 1.0045254230499268, -0.7078036665916443, -1.034741997718811, -0.7888184785842896, 0.2564939260482788, -1.0429421663284302, -1.5674442052841187, -0.2728768289089203, -0.6895420551300049, -1.9670045375823975, 1.7470510005950928, 0.1014716625213623, -0.4401065409183502, 2.2638988494873047, 1.8724606037139893, -0.036077532917261124, 0.8789125084877014, -0.7720077037811279, 1.3599064350128174, 1.0590547323226929, 0.4067551791667938, 2.1432406902313232, -0.6638635396957397, 0.5183048844337463, -1.414821743965149, 0.006972955539822578, 1.208933711051941]",yunet,Facenet,1920,1080,/home/amos/media/tv/modern_family/Modern.Family.S09.1080p.DSNP.WEB-DL.DDP5.1.H.264-CRFW/Modern.Family.S09E21.The.Escape.1080p.DSNP.WEB-DL.DDP5.1.H.264-CRFW.mkv,Modern Family,2009,1442437,9,21,Adam Devine,212604.0,0.8
1201,876,150,1140,516,1038,306,924,300,0.923,29304,0,"[-0.7044903039932251, -1.3529871702194214, 0.8733065128326416, 1.717574954032898, -0.5694504380226135, -1.2903963327407837, 1.4725512266159058, -2.4599192142486572, -1.6934343576431274, 2.3668253421783447, -2.0134851932525635, 0.8629816174507141, 1.2309637069702148, 0.6911180019378662, 0.043640341609716415, -0.7097083330154419, -0.5142151117324829, -0.4775455594062805, -1.8748379945755005, 1.0360451936721802, -0.3147282004356384, 0.21220742166042328, 0.9622823596000671, -0.3694240152835846, -0.11947529017925262, 0.2262079119682312, 0.918360710144043, -0.5417444109916687, 2.0061397552490234, 0.7202126979827881, 0.389743447303772, -1.5263481140136719, -0.8258377313613892, -0.12157359719276428, 1.1830837726593018, -1.9869136810302734, -1.272443175315857, 0.6253488063812256, 0.6298368573188782, -1.150923490524292, -1.4538885354995728, 0.8214319348335266, 0.543921709060669, 1.0862188339233398, 0.3204290568828583, -1.5392099618911743, -0.16472239792346954, 1.4461873769760132, -1.2737900018692017, 0.755928635597229, -0.2760304808616638, 1.7083450555801392, 0.22643911838531494, -0.15171098709106445, -0.6250995397567749, -0.4650003910064697, 1.4784380197525024, 2.0798535346984863, -1.71511971950531, -0.06995002180337906, 0.13361823558807373, -0.7228187322616577, -1.1479532718658447, 0.03821356222033501, -1.2205477952957153, 1.4750168323516846, -0.2000400424003601, -0.10023514926433563, -0.5735313892364502, 0.4101661443710327, 0.24474899470806122, -0.5007290840148926, 0.7421941757202148, -0.5282768607139587, 0.6642135977745056, -1.171421766281128, 0.3975852429866791, -1.8919460773468018, 0.325809121131897, -1.0111730098724365, 0.1498441994190216, 0.542336106300354, 1.0847934484481812, 1.7783201932907104, -1.14771568775177, 0.8616054058074951, 0.7363539934158325, -1.1787525415420532, 0.23331215977668762, -1.3700124025344849, -1.9867419004440308, 0.375821977853775, 0.5376237034797668, 0.9276689291000366, 1.89815092086792, 0.4688754379749298, -0.10175371170043945, -0.12071213871240616, -0.15362831950187683, -2.1588099002838135, 1.0882670879364014, 0.9985950589179993, -1.2686407566070557, 1.2211432456970215, 1.0245095491409302, -0.07895549386739731, 0.30094870924949646, -1.7647864818572998, 1.1477717161178589, -1.1666120290756226, 0.5451104044914246, 1.2176560163497925, 0.8711766004562378, 0.7851935029029846, -0.2810935974121094, 0.3907572627067566, -1.5104303359985352, 0.985737681388855, -1.3313353061676025, 0.02163795381784439, 1.1723344326019287, -0.4477865397930145, -0.5662229061126709, -1.1984643936157227, -0.7191522121429443, 1.5894533395767212, 1.303281307220459, -0.3200204372406006]",yunet,Facenet,1920,1080,/home/amos/media/tv/modern_family/Modern.Family.S09.1080p.DSNP.WEB-DL.DDP5.1.H.264-CRFW/Modern.Family.S09E21.The.Escape.1080p.DSNP.WEB-DL.DDP5.1.H.264-CRFW.mkv,Modern Family,2009,1442437,9,21,Sarah Hyland,91351.0,0.649
1202,1338,168,1518,408,1452,270,1374,270,0.93,29328,0,"[0.11775441467761993, -1.7349094152450562, -1.2161797285079956, -0.1743248701095581, -0.32009953260421753, 1.3945070505142212, 0.3225131630897522, 0.20684488117694855, 1.242644190788269, -0.3663584291934967, 0.7948377132415771, -1.0475647449493408, -2.2016048431396484, 0.7227462530136108, -1.0324673652648926, 0.3531949520111084, -1.1806808710098267, 0.2672041654586792, 0.307048499584198, -0.5587795972824097, 1.027976632118225, -0.8911349773406982, 1.0057700872421265, -2.1784114837646484, 0.9491884112358093, 0.5069881677627563, 1.1632914543151855, -2.6208510398864746, 0.5508056879043579, 0.22447934746742249, -0.12350259721279144, 0.9311930537223816, 0.2451712191104889, 0.47509557008743286, -0.2540314495563507, 1.0730259418487549, -0.9664515852928162, 1.394126057624817, 1.1801130771636963, -0.9350481033325195, 0.9729201793670654, 1.3799102306365967, -1.3752071857452393, -2.6696600914001465, 0.9308927655220032, -1.5683245658874512, -0.5013128519058228, 1.7322378158569336, 0.4932882785797119, -0.21081675589084625, -0.30459409952163696, 0.4563356935977936, -0.03273363411426544, 0.915304958820343, 0.5661306381225586, -0.6598725318908691, 1.373962640762329, 2.3222479820251465, 0.24778251349925995, -0.12063474953174591, 0.6812683343887329, -1.0814207792282104, 0.0050622448325157166, 1.6656944751739502, 2.303670644760132, -0.5245251655578613, 0.672743558883667, 1.4880952835083008, -1.2120904922485352, -0.17812201380729675, -0.8251768350601196, 0.8656643629074097, -2.660940408706665, 1.5678120851516724, 0.310331255197525, -1.294250726699829, -0.7285898923873901, 0.9505898952484131, -0.8838098049163818, -0.33366167545318604, -2.301920175552368, -0.032739292830228806, 1.3813947439193726, -1.1622332334518433, -1.6997817754745483, 0.4169646203517914, 0.30302098393440247, 0.04429559409618378, -1.8859986066818237, -2.189657688140869, 0.031657762825489044, 0.7653484344482422, 0.9838995933532715, 0.4046507179737091, -0.12544336915016174, 0.06829174607992172, -2.28291654586792, 0.07290957868099213, 0.6687965393066406, 0.7173440456390381, -1.6763498783111572, -0.2624533474445343, -1.0237360000610352, 0.28268253803253174, 0.6854066848754883, 0.4656384587287903, -0.8428041934967041, 0.3486686050891876, -0.30088984966278076, -0.5318560004234314, -0.022672656923532486, -1.0898882150650024, 0.33689841628074646, -0.40949851274490356, -0.12705270946025848, 1.6668806076049805, 0.50214684009552, 0.4169907569885254, -0.6485060453414917, 1.196237325668335, -0.9645853042602539, 1.3931167125701904, 0.8888733983039856, -0.3229062557220459, -0.22837762534618378, 0.25135692954063416, -1.1423593759536743, -0.16368643939495087]",yunet,Facenet,1920,1080,/home/amos/media/tv/modern_family/Modern.Family.S09.1080p.DSNP.WEB-DL.DDP5.1.H.264-CRFW/Modern.Family.S09E21.The.Escape.1080p.DSNP.WEB-DL.DDP5.1.H.264-CRFW.mkv,Modern Family,2009,1442437,9,21,Chris Geere,62879.0,0.713
1203,804,150,954,348,912,228,834,234,0.929,29328,1,"[-0.8530021905899048, 0.5170657634735107, -0.029018394649028778, 0.6100029349327087, -0.23461781442165375, -1.337168574333191, 0.37330102920532227, -0.9472491145133972, -0.6749646067619324, 0.7099087238311768, 0.3204691410064697, -0.6478981375694275, 0.26993632316589355, -0.5149713158607483, 0.1897464096546173, -0.2927379608154297, -0.5383739471435547, -1.2153658866882324, -1.3825080394744873, -0.19524647295475006, 1.5247961282730103, -0.42907771468162537, 1.4155691862106323, 0.9027979969978333, 1.0040708780288696, 1.6439733505249023, 0.29395920038223267, 0.26055628061294556, 1.4889487028121948, -1.4272782802581787, -0.17412249743938446, 1.4908676147460938, 1.2054513692855835, 0.018418289721012115, 1.0367501974105835, -0.6417319774627686, 0.5594549775123596, -0.43523818254470825, 0.8375479578971863, -0.7675807476043701, 1.244166374206543, 2.367938756942749, 0.25817227363586426, -0.9700821042060852, -1.2577393054962158, 2.4934327602386475, -0.11771458387374878, -0.005561988800764084, -1.616338849067688, 2.2559001445770264, -0.28383195400238037, 0.29861733317375183, 0.7869598865509033, 0.32449644804000854, 0.5192474722862244, 1.167262077331543, -0.8956360220909119, 0.34446364641189575, 0.6352609992027283, -1.0257320404052734, 1.5871342420578003, -1.9533400535583496, -0.332539439201355, 0.8213549852371216, -1.3736443519592285, -0.2664792537689209, -0.99884033203125, 0.4518388509750366, 2.433431386947632, -0.6291390657424927, -1.213903784751892, 0.34642454981803894, -0.42016997933387756, -0.32270872592926025, -1.3041484355926514, -1.1306179761886597, 1.688571572303772, 0.2658916115760803, -0.08997508883476257, -1.128941535949707, -0.7825875878334045, -0.7821825742721558, 0.3269801437854767, 0.3920130729675293, 0.5524715781211853, -0.4462408721446991, 1.866341471672058, -1.0432753562927246, -0.8342006206512451, -0.4360385835170746, -1.3505367040634155, -0.04773849993944168, 1.2233686447143555, 1.3951705694198608, 1.9468492269515991, -0.7545331716537476, 1.06184720993042, 0.23161864280700684, -1.8591728210449219, -1.795644998550415, -0.8735547065734863, 1.0689098834991455, 0.5113924741744995, 1.1406941413879395, -0.43776625394821167, 0.24318428337574005, 0.49236154556274414, -0.020655028522014618, -1.49847412109375, 0.8911962509155273, 0.9120678305625916, 0.27827179431915283, 0.9257620573043823, 1.362459659576416, -0.7020666003227234, 2.0817959308624268, -0.23576779663562775, -1.17618989944458, -0.41575178503990173, -0.3800823986530304, -0.47171831130981445, 0.026184435933828354, 0.9646004438400269, -0.26939359307289124, -0.6848617792129517, -0.46807363629341125, 0.9426196813583374, 2.0584208965301514]",yunet,Facenet,1920,1080,/home/amos/media/tv/modern_family/Modern.Family.S09.1080p.DSNP.WEB-DL.DDP5.1.H.264-CRFW/Modern.Family.S09E21.The.Escape.1080p.DSNP.WEB-DL.DDP5.1.H.264-CRFW.mkv,Modern Family,2009,1442437,9,21,Reid Ewing,967692.0,0.852
1204,294,330,450,540,420,414,354,414,0.924,29328,2,"[-0.017083153128623962, 0.5733058452606201, 1.0621938705444336, -0.9278649687767029, 0.7356516122817993, -0.3005359470844269, 1.147222876548767, -2.1522979736328125, -0.583767294883728, 0.045570243149995804, 1.0391618013381958, 0.8094571232795715, -1.084015965461731, -1.13945734500885, -0.46469148993492126, 1.8516364097595215, -0.07875846326351166, -0.0036141909658908844, -0.8404739499092102, 2.094206865876913e-05, 0.49518176913261414, 0.3901720643043518, -0.11015483736991882, -1.4402765035629272, 0.5459505915641785, 0.9030340313911438, -0.15855525434017181, 1.2905622720718384, 0.12479786574840546, 0.9524828195571899, 0.7083123922348022, -0.03383718058466911, -0.08529165387153625, 0.7123780250549316, -1.2513771057128906, 1.0630319118499756, -0.09655595570802689, -0.7799344658851624, -0.48368018865585327, -0.6949871778488159, -0.20191311836242676, -0.0986584946513176, -2.1568167209625244, 0.26316335797309875, 0.7816091179847717, -0.584456205368042, -1.5167388916015625, 0.6338843107223511, 0.8653199076652527, -0.2517741620540619, 0.632369875907898, -0.9353116750717163, -0.6905694603919983, 0.18928931653499603, -0.5017570853233337, 0.7184985876083374, -0.409554660320282, -0.6606374979019165, 0.3119661808013916, 1.2013354301452637, -0.3797425329685211, 0.2164343148469925, -0.45655763149261475, 1.1529330015182495, 1.448161005973816, 0.03777291253209114, 0.15767157077789307, 1.1585177183151245, 0.5651336908340454, 1.525668978691101, -0.6240237355232239, 1.178849458694458, -0.29439428448677063, -0.9442166090011597, 2.0310657024383545, 0.07878115028142929, 0.1516404151916504, 0.8558682799339294, -0.6269444823265076, 0.9930399656295776, -2.5929136276245117, 0.340934157371521, -0.6758554577827454, -1.0397052764892578, -0.31089410185813904, 0.4931738078594208, -1.1594879627227783, -0.4265131950378418, 0.20821157097816467, -0.6418834924697876, 1.4590286016464233, 0.1912815421819687, 1.1623897552490234, -1.0589139461517334, 1.6347812414169312, -1.1197339296340942, -0.1496719866991043, -0.26607900857925415, 0.9570541977882385, -0.18365223705768585, 1.2266724109649658, 1.0748021602630615, -1.05038321018219, -1.1292579174041748, -0.2716550827026367, 1.226509928703308, -0.19623591005802155, -1.183142900466919, -0.7277693748474121, -0.6291416883468628, -1.5040923357009888, 1.8111439943313599, -0.5974785089492798, -0.6322375535964966, 2.4524776935577393, 2.3789141178131104, 0.2750507593154907, 0.8245682716369629, -0.9924168586730957, 1.3544303178787231, 1.627061128616333, 0.34121614694595337, 2.7116613388061523, -1.1744803190231323, 0.659316897392273, -2.378495216369629, 0.15997986495494843, 1.8285279273986816]",yunet,Facenet,1920,1080,/home/amos/media/tv/modern_family/Modern.Family.S09.1080p.DSNP.WEB-DL.DDP5.1.H.264-CRFW/Modern.Family.S09E21.The.Escape.1080p.DSNP.WEB-DL.DDP5.1.H.264-CRFW.mkv,Modern Family,2009,1442437,9,21,Adam Devine,212604.0,0.803
1205,840,150,990,348,942,228,882,228,0.94,29352,0,"[-0.31756263971328735, -0.08146996796131134, 0.021485446020960808, 0.14719951152801514, -0.7187497019767761, -0.5993406772613525, 1.1563401222229004, -0.9062552452087402, -0.39772891998291016, 0.9068422913551331, 0.05800618976354599, -0.6749122142791748, -0.48151683807373047, -0.46220889687538147, -0.2217978537082672, 0.6788564920425415, -0.7284473180770874, -0.6297064423561096, -0.40183940529823303, -0.29962676763534546, 1.8790606260299683, 0.0231113750487566, 1.5600465536117554, 1.0477068424224854, 1.513536810874939, 1.0906673669815063, -0.10339903831481934, -0.669558584690094, 1.4815616607666016, -1.0637352466583252, -0.30122917890548706, 1.0688762664794922, 0.5071675181388855, 1.1986379623413086, 1.7899727821350098, -1.4179280996322632, 1.0964391231536865, -0.39985391497612, 0.8054957389831543, -0.4465497136116028, 1.1196151971817017, 1.8850425481796265, 0.9034179449081421, -0.37121763825416565, -1.1810640096664429, 1.8459889888763428, -0.4146125614643097, -0.07185321301221848, -0.9704050421714783, 2.15855073928833, -0.8034220337867737, -0.8468707799911499, 0.571973443031311, 0.7592799663543701, -0.3668372631072998, 0.8523529171943665, -1.0704545974731445, 0.7262572050094604, 0.7517524361610413, -0.8806830048561096, 1.403855562210083, -1.3204991817474365, -0.8621026277542114, 0.4305535554885864, -1.246816635131836, 0.4004952311515808, -0.630029559135437, 0.8337580561637878, 1.575682520866394, 0.03261101245880127, -0.6352351903915405, 0.4440898001194, 0.49623793363571167, -0.6798131465911865, -1.2082842588424683, -1.9229298830032349, 2.6572864055633545, 0.6055986285209656, -0.47848737239837646, -0.3641242980957031, -1.6440176963806152, -1.2620841264724731, 0.3191137909889221, -0.29385656118392944, -0.12234165519475937, -1.0745705366134644, 1.7758091688156128, -1.9545867443084717, -0.33538854122161865, -0.17405173182487488, -0.8075665831565857, -0.7363160848617554, -0.40618467330932617, 0.4550248682498932, 1.8626563549041748, -1.6737929582595825, 1.1979405879974365, -0.00134353619068861, -1.4766018390655518, -1.0825166702270508, -0.2932593524456024, 0.9706129431724548, 0.3857389986515045, 2.2031681537628174, -0.25961074233055115, 0.900246798992157, 1.0132719278335571, -1.0669450759887695, -1.9077914953231812, 0.6939268112182617, 1.9918947219848633, -0.3444410562515259, 1.6438944339752197, 1.1157679557800293, -0.5783275365829468, 0.8484417200088501, 0.3827979862689972, -0.647114098072052, -0.5708863735198975, -0.7742489576339722, 0.06877682358026505, 0.22185097634792328, 0.9855316877365112, 0.27858251333236694, -1.1772760152816772, -0.5364911556243896, 0.7890580296516418, 2.081841230392456]",yunet,Facenet,1920,1080,/home/amos/media/tv/modern_family/Modern.Family.S09.1080p.DSNP.WEB-DL.DDP5.1.H.264-CRFW/Modern.Family.S09E21.The.Escape.1080p.DSNP.WEB-DL.DDP5.1.H.264-CRFW.mkv,Modern Family,2009,1442437,9,21,Reid Ewing,967692.0,0.836
1206,1374,150,1554,384,1488,252,1410,252,0.929,29352,1,"[-0.12219853699207306, -1.340339183807373, -0.6051297783851624, -0.09735918790102005, -0.004564245231449604, 1.3537927865982056, 0.7248507738113403, 0.7599004507064819, 1.2574735879898071, -0.5175722241401672, 0.9968838095664978, -0.6878553032875061, -2.4552464485168457, 0.7740778923034668, -1.139860987663269, -0.5332654714584351, -1.0136021375656128, -0.028627624735236168, -0.4475279450416565, -0.5456266403198242, 1.0803148746490479, -1.141903042793274, 0.3518866300582886, -2.751892566680908, 0.32399415969848633, -0.05430012196302414, 1.3439115285873413, -2.0875611305236816, -0.4636286497116089, 0.13147611916065216, -0.30672934651374817, 0.8448084592819214, -0.37315037846565247, -0.178910031914711, -0.45977818965911865, 1.4981927871704102, -1.7142921686172485, -0.024870723485946655, 0.5571416616439819, -0.9375300407409668, 0.6077385544776917, 1.0735199451446533, -2.081899642944336, -2.521406412124634, 1.5550847053527832, -1.5341397523880005, 0.22193264961242676, 1.5322290658950806, 0.34656238555908203, -0.1420864313840866, -1.1626744270324707, 1.3224530220031738, -0.2926771938800812, 0.0597599595785141, 0.504538357257843, -0.609144389629364, 1.1345531940460205, 2.24863338470459, -0.38192859292030334, -0.15342703461647034, 0.6925975680351257, -1.1072163581848145, 1.0534653663635254, 1.5669803619384766, 2.3043196201324463, 0.17550083994865417, 0.4532056450843811, 2.091618299484253, -0.7276377081871033, 0.08258182555437088, -0.5643231272697449, 0.9198203086853027, -2.1013643741607666, 1.085767149925232, 0.8039810061454773, -1.2570568323135376, -0.7758727073669434, 0.8647481799125671, -1.0815767049789429, 0.6127455234527588, -2.495548725128174, -0.21435397863388062, 1.3990402221679688, -1.2715537548065186, -1.115890383720398, 0.8134350776672363, -0.2597222924232483, -0.35411524772644043, -1.0735937356948853, -1.6825404167175293, 0.0518229603767395, 0.8253097534179688, 1.1519933938980103, 1.0141583681106567, -0.06564547121524811, 0.6291937232017517, -2.48459792137146, 0.7659712433815002, 0.6120686531066895, 1.4798780679702759, -1.309471607208252, 0.5232336521148682, -0.4662018418312073, -0.12097544223070145, 1.0198863744735718, 0.18881617486476898, -0.8408281207084656, 1.0218945741653442, -0.5506766438484192, -0.3018401265144348, -0.3342527747154236, -0.28510910272598267, 0.4262419044971466, -0.29197007417678833, 0.026157578453421593, 2.476168632507324, 0.20196349918842316, 0.8984240293502808, -0.5564748644828796, 0.9360412955284119, -1.075079083442688, 1.6661721467971802, 0.4800642132759094, -0.6051867604255676, -0.39763182401657104, -0.2501908242702484, -1.851519227027893, 0.04279397800564766]",yunet,Facenet,1920,1080,/home/amos/media/tv/modern_family/Modern.Family.S09.1080p.DSNP.WEB-DL.DDP5.1.H.264-CRFW/Modern.Family.S09E21.The.Escape.1080p.DSNP.WEB-DL.DDP5.1.H.264-CRFW.mkv,Modern Family,2009,1442437,9,21,Chris Geere,62879.0,0.658
1207,324,330,480,534,444,414,390,408,0.909,29352,2,"[0.24734780192375183, 1.0477020740509033, 1.2938001155853271, -0.8051144480705261, 0.7989769577980042, -0.2913542091846466, 0.550794780254364, -2.284950017929077, -0.7780840396881104, 0.1536942720413208, 0.5440019965171814, 0.9161580204963684, -1.25492525100708, -0.9853200912475586, -0.17583799362182617, 1.2431102991104126, 0.517577588558197, -0.5635656118392944, -0.813170850276947, -0.5339999198913574, 0.5272754430770874, 0.07802072167396545, 0.5696023106575012, -0.6796416640281677, 0.5248011350631714, 0.008859001100063324, -0.5901176929473877, 1.8979113101959229, 0.19426229596138, 1.0095971822738647, 0.4280026853084564, -0.6950926184654236, -0.26581451296806335, 0.7209043502807617, -0.9793678522109985, 1.1025846004486084, -0.5338872075080872, -0.8068901300430298, -1.087594985961914, -0.3383810818195343, -0.46093401312828064, -0.5900920033454895, -2.5761241912841797, 0.3877072036266327, 0.8815168738365173, -0.47445374727249146, -0.7265961766242981, 0.8877958059310913, 0.7659959197044373, -0.5634653568267822, 0.7444468140602112, -1.1805070638656616, -0.47935888171195984, -0.344673752784729, -0.7835385799407959, 1.209561824798584, -0.33953508734703064, -1.0349808931350708, 0.1922050267457962, 1.4203441143035889, -0.4706125557422638, -0.29529163241386414, -0.17116427421569824, 0.3863677382469177, 0.8477820158004761, -0.13003985583782196, 0.2569715082645416, 1.4377247095108032, 0.6403953433036804, 1.6368376016616821, -0.5775508880615234, 1.4729396104812622, -0.018571164458990097, -0.8325875997543335, 1.5713591575622559, 0.3623388409614563, 1.004370093345642, 0.9463318586349487, -0.9087666869163513, 0.6868771314620972, -2.865077495574951, 0.27924662828445435, -0.619238018989563, -0.8362839221954346, -0.1907259225845337, 0.5716309547424316, -0.4012610614299774, -1.5755393505096436, 0.8205145597457886, -0.4758288264274597, 1.7702780961990356, 0.1443352848291397, 1.4063612222671509, -0.7876728177070618, 1.8881759643554688, -1.2285091876983643, 0.1911836713552475, 0.060254305601119995, 0.6605141162872314, 0.21017087996006012, 1.4715725183486938, 1.3995674848556519, -0.5603289604187012, -0.9949042201042175, -0.15985840559005737, 0.8898848295211792, -0.729124128818512, -1.0928361415863037, -0.46393755078315735, -0.6111331582069397, -2.1294326782226562, 2.0856173038482666, -0.9879693984985352, -0.43387311697006226, 2.2046117782592773, 2.121077537536621, 0.3799533247947693, 0.7861594557762146, -1.25496506690979, 1.1373181343078613, 1.4627176523208618, 0.5495229959487915, 2.097745656967163, -1.2252520322799683, 0.9705692529678345, -2.053690195083618, -0.0833459347486496, 1.496553659439087]",yunet,Facenet,1920,1080,/home/amos/media/tv/modern_family/Modern.Family.S09.1080p.DSNP.WEB-DL.DDP5.1.H.264-CRFW/Modern.Family.S09E21.The.Escape.1080p.DSNP.WEB-DL.DDP5.1.H.264-CRFW.mkv,Modern Family,2009,1442437,9,21,Adam Devine,212604.0,0.789
1208,900,132,1170,522,1056,276,942,282,0.918,29376,0,"[0.21155211329460144, -0.05571167916059494, -0.09875116497278214, 1.9455838203430176, -1.2894320487976074, 0.1759995073080063, 1.4691706895828247, -2.452073335647583, -1.1746633052825928, 3.2983973026275635, -1.7684388160705566, 1.1462184190750122, 1.0109301805496216, 1.2283225059509277, 0.10343267768621445, -0.08225660771131516, -1.1479809284210205, -0.782603919506073, -1.0757408142089844, 1.18766188621521, 0.06197422742843628, 0.6030357480049133, 0.9955635666847229, 0.07413123548030853, 1.1930328607559204, 0.07023660838603973, 0.4183671474456787, -1.0653154850006104, 3.0481045246124268, 0.2619200050830841, 0.2858067750930786, -1.4690111875534058, -1.3034570217132568, 0.01239430159330368, 1.1037952899932861, -2.4790639877319336, -0.8824551105499268, 0.6822960376739502, 0.7242954969406128, -1.2253729104995728, -1.0951588153839111, 1.3585690259933472, 0.2614811658859253, 1.0480514764785767, -0.3491804897785187, -0.7952237129211426, -0.5982261896133423, 1.2429933547973633, -0.4770333766937256, 1.322561264038086, -0.9792963862419128, 1.8059031963348389, 0.39372706413269043, 0.3886479139328003, -1.076550006866455, -0.15512236952781677, 1.6896512508392334, 2.0189132690429688, -0.748283326625824, -0.3784303069114685, -0.10067532956600189, -0.1230137050151825, -0.7788373231887817, -0.0923292487859726, -0.7573985457420349, 1.223780632019043, 0.07360641658306122, -0.5101125836372375, -0.41856849193573, -0.7506654262542725, -0.0760904848575592, -0.16166412830352783, 0.9681267142295837, 0.4631845951080322, 0.08884327113628387, -1.5600858926773071, 0.820075511932373, -1.4766451120376587, 0.39121562242507935, -0.5440327525138855, 0.1807442009449005, -0.3178998827934265, 0.9117832183837891, 1.2860970497131348, -0.8856573700904846, 0.1663777083158493, 0.10414023697376251, -0.7542828321456909, 0.4342246353626251, -0.9672739505767822, -1.4354974031448364, 0.38271257281303406, 0.8142539262771606, 0.9520531892776489, 1.7269359827041626, 1.1478676795959473, 0.013987796381115913, -0.1702379733324051, -0.23468908667564392, -2.7468273639678955, 0.13528969883918762, 0.8861749172210693, -1.1582157611846924, 1.1572591066360474, 0.9095951318740845, 0.06067369878292084, 0.4424488842487335, -0.7737224102020264, 1.3957146406173706, -1.4005824327468872, 1.3574274778366089, 1.048799991607666, 1.0003916025161743, 0.7456151843070984, 0.09152530878782272, 0.5825917720794678, -0.6929068565368652, 0.9242385625839233, -0.7601569294929504, 0.5955129861831665, 1.1753484010696411, -0.8556531667709351, -0.4762890934944153, -0.8116830587387085, -0.6866452693939209, 1.6477912664413452, 1.593701958656311, -0.8426120281219482]",yunet,Facenet,1920,1080,/home/amos/media/tv/modern_family/Modern.Family.S09.1080p.DSNP.WEB-DL.DDP5.1.H.264-CRFW/Modern.Family.S09E21.The.Escape.1080p.DSNP.WEB-DL.DDP5.1.H.264-CRFW.mkv,Modern Family,2009,1442437,9,21,Sarah Hyland,91351.0,0.615
1209,942,156,1212,498,1128,300,996,300,0.927,29400,0,"[0.007779501378536224, -1.0910910367965698, 0.5383063554763794, 1.0949705839157104, 1.3151172399520874, -0.5337218642234802, 0.6470032930374146, -1.7289621829986572, -1.8123012781143188, 2.186314821243286, -1.6381547451019287, 2.0784337520599365, 1.1563136577606201, 0.6153115034103394, 0.5835639238357544, -0.5749368071556091, 0.16614921391010284, -0.8858786821365356, -1.3867263793945312, 0.4875992238521576, -0.6370676755905151, -0.6785917282104492, 1.038881540298462, -0.7214487195014954, -0.33188948035240173, 0.442317396402359, 1.01077401638031, -0.3502720594406128, 1.899001121520996, 0.36218827962875366, -0.589396595954895, -1.314752221107483, -0.9134703874588013, -0.9513135552406311, 1.1811094284057617, -0.6974050998687744, -0.9273331761360168, 0.33109262585639954, -0.3268517553806305, -1.2571290731430054, -0.31193169951438904, 0.28198230266571045, -0.24362879991531372, 1.9319117069244385, -0.36298638582229614, -1.7255754470825195, 0.2696799337863922, 0.749069094657898, -0.6793137192726135, 0.38300567865371704, -1.0723029375076294, 1.5964007377624512, -0.08147195726633072, -0.32735544443130493, -0.009595002979040146, 0.4610602557659149, 1.3162096738815308, 0.7727111577987671, -0.025087878108024597, 1.093323826789856, -0.5049761533737183, -1.0954391956329346, 0.30996817350387573, -0.022268760949373245, -1.0209863185882568, 1.554149866104126, -0.8461792469024658, 0.7594419121742249, 0.9005353450775146, 1.3642991781234741, -0.46989649534225464, 0.5479085445404053, -1.3197168111801147, 0.8697195053100586, 1.6014306545257568, -0.8241562247276306, 0.10260188579559326, -2.2166666984558105, -0.29949724674224854, -1.0521159172058105, -0.36736392974853516, 0.1862853318452835, 0.5503118634223938, 1.5493016242980957, 0.35567381978034973, -0.10131464898586273, 0.3460753560066223, -1.4615066051483154, 0.014365039765834808, -1.0153381824493408, -2.5000216960906982, -0.5485379099845886, 0.9761955738067627, -0.8538524508476257, 0.885640025138855, 0.4366602301597595, 0.4035113453865051, -0.5269957184791565, 0.16148678958415985, -1.3407797813415527, -0.3164152503013611, 0.40794140100479126, -1.7510913610458374, 1.2277005910873413, 1.2294203042984009, 0.2971457839012146, 0.4611290693283081, -2.0970940589904785, 1.3708348274230957, -0.33806416392326355, 0.9316986799240112, 2.12040114402771, 0.37932920455932617, 0.28476575016975403, 0.5625039339065552, 0.3001762330532074, -1.4006291627883911, 1.2561134099960327, -0.1730550229549408, -0.33725792169570923, 2.6539804935455322, -0.7002596855163574, 0.07864880561828613, -1.0513486862182617, -1.0369811058044434, 1.0053943395614624, 1.0102332830429077, 0.5373599529266357]",yunet,Facenet,1920,1080,/home/amos/media/tv/modern_family/Modern.Family.S09.1080p.DSNP.WEB-DL.DDP5.1.H.264-CRFW/Modern.Family.S09E21.The.Escape.1080p.DSNP.WEB-DL.DDP5.1.H.264-CRFW.mkv,Modern Family,2009,1442437,9,21,Sarah Hyland,91351.0,0.69
1210,924,162,1194,504,1062,294,954,294,0.936,29424,0,"[-0.9659371376037598, -2.2953851222991943, 0.01750057004392147, 1.5185052156448364, 1.3450825214385986, -0.5900002717971802, 0.719680905342102, -1.0142223834991455, -0.2192336916923523, 3.107086420059204, -2.3169405460357666, 0.8985475897789001, 0.08472342789173126, 1.3261094093322754, -0.34502074122428894, -0.13270118832588196, 0.33750173449516296, -2.014007806777954, -0.5780588984489441, -1.1221556663513184, -0.6162426471710205, -0.9019419550895691, -0.7639203071594238, -0.023567408323287964, -0.27220073342323303, 0.3142622709274292, 0.8046396970748901, -0.2731594145298004, 0.9903360605239868, 1.2853528261184692, 0.2281225472688675, -1.4345289468765259, -1.039337396621704, -0.5170643329620361, 0.9697096943855286, -0.3014795482158661, -1.589732050895691, 1.6635093688964844, 1.1827902793884277, -0.8107972145080566, 0.9474565982818604, 0.7748752236366272, -0.7472100257873535, 1.3538130521774292, -0.21197988092899323, -1.238357424736023, -0.3696118891239166, 1.855370283126831, -0.8903101086616516, 0.34583422541618347, -0.6776043176651001, 2.59061598777771, 0.5185519456863403, -1.3241353034973145, 0.6075266599655151, -0.5165159106254578, 1.7998782396316528, 0.3438815176486969, 1.0984324216842651, 0.4036525785923004, -0.6849064230918884, -1.3320471048355103, -0.8827866315841675, -0.8980355858802795, -0.36985498666763306, 0.6714344620704651, -0.9374183416366577, 0.4297049939632416, -0.8536936640739441, 0.22951045632362366, -0.22154052555561066, 0.39768078923225403, -0.7366191744804382, 0.24361552298069, -0.4048786163330078, -0.29276564717292786, 0.39097556471824646, -0.9949331283569336, 0.15935096144676208, -0.6119969487190247, -1.1673712730407715, -0.433249831199646, 1.0567547082901, 0.21832682192325592, -1.690121054649353, -0.6056244373321533, 0.2152634561061859, -0.12021435052156448, 0.07981255650520325, -0.09635056555271149, -1.6356558799743652, 0.5265278816223145, 0.3123493194580078, 1.3265211582183838, 1.673895001411438, -0.7473623752593994, 0.7198476195335388, 0.5266014933586121, -0.477395236492157, 0.2594331204891205, 1.3938006162643433, 0.23426416516304016, -3.13909912109375, 0.12700708210468292, 0.23422983288764954, 0.5444302558898926, 0.41079339385032654, -2.1106512546539307, 0.7575920224189758, 0.020992355421185493, 1.009592890739441, 1.1116759777069092, 1.1516854763031006, -0.16029100120067596, 0.004189683124423027, -0.5974172353744507, -0.19958865642547607, 0.439081609249115, -0.6006978750228882, -0.07164939492940903, 1.5177806615829468, 0.20555448532104492, -1.0987725257873535, -1.368569016456604, -0.8554192781448364, 1.6114400625228882, 2.083599090576172, -1.1057387590408325]",yunet,Facenet,1920,1080,/home/amos/media/tv/modern_family/Modern.Family.S09.1080p.DSNP.WEB-DL.DDP5.1.H.264-CRFW/Modern.Family.S09E21.The.Escape.1080p.DSNP.WEB-DL.DDP5.1.H.264-CRFW.mkv,Modern Family,2009,1442437,9,21,Sarah Hyland,91351.0,0.63
1211,906,192,1182,534,1068,324,942,324,0.924,29448,0,"[-0.15716420114040375, -0.8019682168960571, 0.8323338627815247, 2.360349416732788, 0.5559961795806885, 0.1132064238190651, 1.555882453918457, -2.807985305786133, -1.2444926500320435, 2.981933832168579, -0.950144350528717, 1.1024442911148071, -0.2988739013671875, 0.9728620052337646, -0.5917099714279175, -0.5839160680770874, -0.03230849653482437, -1.549612045288086, -0.9448983669281006, 0.524702787399292, -0.28790342807769775, -0.6350439786911011, -0.10647492110729218, -0.3081713914871216, 0.38282647728919983, 0.17074227333068848, 0.48298075795173645, -1.0455477237701416, 2.466243267059326, 0.9628291130065918, 0.8689417839050293, -0.822869598865509, -1.520401954650879, -0.45189252495765686, 1.1990070343017578, -0.2912769913673401, -1.3736032247543335, 0.5966207385063171, 0.300672709941864, -0.9758204221725464, 0.30312618613243103, 1.0435489416122437, -0.11696116626262665, 2.2390360832214355, -0.6319623589515686, -0.9225742816925049, -0.4004897177219391, 1.2887769937515259, -1.3639967441558838, 0.3281141519546509, -1.0282111167907715, 1.7626549005508423, 0.9096798300743103, 0.43744343519210815, -1.0898758172988892, 0.6315816640853882, 2.4501192569732666, 0.45757877826690674, -0.42014655470848083, 0.9882484674453735, -0.6129462122917175, -0.26292166113853455, -0.7784683108329773, -0.35822808742523193, 0.1322687417268753, 1.3705867528915405, 0.8065913915634155, 0.6305023431777954, 0.0031398944556713104, 1.7858575582504272, 0.3923029899597168, 0.48582926392555237, -0.9955494999885559, 1.3984754085540771, 0.3034275472164154, -0.3243641257286072, 0.9924635887145996, -1.9571787118911743, -0.5569068193435669, 0.09167689085006714, 1.1014773845672607, -0.27880194783210754, 1.0186638832092285, 0.1989338994026184, -0.5680902004241943, -0.7688486576080322, -0.1290666162967682, -0.899364709854126, -0.025874583050608635, -0.79580157995224, -2.200216770172119, -0.0020457496866583824, 0.49025675654411316, 0.40874579548835754, 1.0321248769760132, 0.5214869379997253, 0.06576339900493622, 0.21732351183891296, 0.020799793303012848, -1.3444892168045044, -0.30436569452285767, -0.48647573590278625, -3.023444652557373, 0.432462602853775, 1.1722593307495117, 0.5089141130447388, 0.5620975494384766, -1.8881971836090088, 1.9982573986053467, -1.3687636852264404, 0.4306192994117737, 1.9033937454223633, 1.1852596998214722, -0.04436483234167099, 0.04674697667360306, -0.052407700568437576, -0.9248567819595337, 0.5833479166030884, -0.24596953392028809, 0.7571665048599243, 2.646868944168091, -1.6220297813415527, 0.18279139697551727, -1.1624962091445923, 0.6746389269828796, 1.4399255514144897, 2.1215598583221436, 0.3416508138179779]",yunet,Facenet,1920,1080,/home/amos/media/tv/modern_family/Modern.Family.S09.1080p.DSNP.WEB-DL.DDP5.1.H.264-CRFW/Modern.Family.S09E21.The.Escape.1080p.DSNP.WEB-DL.DDP5.1.H.264-CRFW.mkv,Modern Family,2009,1442437,9,21,Sarah Hyland,91351.0,0.641
1212,696,138,852,336,804,222,732,222,0.93,29472,0,"[-0.5147705078125, 0.6500391960144043, -0.6337758302688599, 0.40536797046661377, -0.13928842544555664, -0.5262638926506042, 0.9378116726875305, -1.3102859258651733, -0.9648581743240356, 0.659925103187561, -0.280689001083374, -0.1339094340801239, 0.9282531142234802, -0.2758254110813141, -0.004076182842254639, -0.15473152697086334, -0.8755754232406616, -1.8511497974395752, -1.948270559310913, -0.40707606077194214, 1.9682127237319946, 0.38919907808303833, 0.4370850622653961, 0.08352004736661911, 1.437646746635437, 1.1612768173217773, 0.5763990879058838, -0.17624986171722412, 1.1935590505599976, -1.1383371353149414, 0.1432577669620514, 1.6885099411010742, 1.1156425476074219, 0.034520700573921204, 1.5024312734603882, -1.7960861921310425, 0.5383090376853943, -1.1120550632476807, 0.8188155889511108, -0.16862255334854126, 0.7952712774276733, 2.594243288040161, -0.5874104499816895, -0.9037531018257141, -1.5216200351715088, 1.1716126203536987, -0.2544763684272766, 0.5770934820175171, -0.5192235112190247, 1.815340280532837, -1.1580384969711304, 0.13729746639728546, 0.0583292618393898, 0.353784441947937, 0.98846834897995, 0.562177836894989, 0.27260148525238037, -0.05499454587697983, 0.09532426297664642, -1.3979482650756836, 0.9974440932273865, -2.4634053707122803, 0.13251009583473206, 0.7393872141838074, -1.3963901996612549, -0.06055980920791626, -1.1195834875106812, 1.141142725944519, 1.6997156143188477, -0.9147986173629761, -1.2484691143035889, 1.0412285327911377, -0.7748167514801025, -0.6476075649261475, -0.42829328775405884, -1.9508447647094727, 2.001155376434326, 0.8092076778411865, -0.24091729521751404, -0.36669373512268066, -1.5827943086624146, -0.7659891843795776, 0.14843344688415527, 0.6526070237159729, 0.5091685056686401, 0.4832307994365692, 1.0671528577804565, -1.8142647743225098, -1.1008962392807007, -0.17789669334888458, -0.5222721099853516, -0.7367066144943237, 1.0966449975967407, 0.16906335949897766, 2.490328311920166, 0.12683561444282532, 1.3853094577789307, 0.5784647464752197, -1.1963868141174316, -2.0606486797332764, -0.8822703957557678, 1.0477265119552612, -0.02605263888835907, 1.715171217918396, -0.2626297175884247, -0.04015161097049713, -0.059301793575286865, -0.34764111042022705, -1.1904182434082031, 0.7171424627304077, 0.7632004618644714, -0.5004115700721741, 1.2283228635787964, 1.1095685958862305, -0.44618481397628784, 1.9583461284637451, -0.3902394473552704, -0.4726063013076782, 0.028944384306669235, -0.3543299734592438, 0.06718858331441879, 0.15818460285663605, 1.0360373258590698, -0.7238166332244873, -0.8391280174255371, -0.41080906987190247, -0.3546675741672516, 2.2463035583496094]",yunet,Facenet,1920,1080,/home/amos/media/tv/modern_family/Modern.Family.S09.1080p.DSNP.WEB-DL.DDP5.1.H.264-CRFW/Modern.Family.S09E21.The.Escape.1080p.DSNP.WEB-DL.DDP5.1.H.264-CRFW.mkv,Modern Family,2009,1442437,9,21,Reid Ewing,967692.0,0.768
1213,1176,126,1362,366,1308,228,1218,228,0.924,29472,1,"[0.35370662808418274, -0.6948627233505249, -1.3031113147735596, 0.16820666193962097, -0.1953830122947693, 0.8148932456970215, 1.2256392240524292, 1.0085742473602295, 0.7748379111289978, -0.45772114396095276, 1.0266268253326416, -0.7319414615631104, -1.429513931274414, 1.2336726188659668, -0.9452632665634155, -0.9190612435340881, -1.81269371509552, -0.3279849886894226, 0.1328425109386444, -0.8717639446258545, -0.5268157720565796, -0.6300292611122131, -0.1199984923005104, -1.244870662689209, 0.13681945204734802, 0.26204365491867065, 1.275499939918518, -2.4193239212036133, -0.424686074256897, -0.21424829959869385, -1.16900634765625, 1.237457513809204, -0.8394123315811157, -0.44545572996139526, -1.0626777410507202, 1.1034036874771118, -0.8582620620727539, 0.5244161486625671, 0.7597019076347351, -1.380025029182434, 1.8624553680419922, 1.6696949005126953, -0.9945272207260132, -2.185884475708008, 0.5109418630599976, -0.8708006739616394, 0.2542891800403595, 1.151108980178833, 0.7107229232788086, 0.14595085382461548, -0.06580711901187897, 0.9851115942001343, 0.4136221706867218, -0.14464828372001648, 0.0651700347661972, -0.8060396313667297, 0.5300335884094238, 1.8250278234481812, -0.49620169401168823, -0.33806848526000977, 0.2488904893398285, -0.9254921674728394, 0.595097005367279, 1.4788031578063965, 2.475423812866211, 0.5495070219039917, 0.37114912271499634, 1.3213940858840942, -0.07393860816955566, 0.5363630056381226, 0.3321038782596588, 1.88633131980896, -1.9353060722351074, 2.2852635383605957, -0.7431143522262573, -1.5379259586334229, -0.9010612964630127, 1.3629481792449951, -0.5845134258270264, 0.5556545257568359, -2.1595330238342285, 0.008386880159378052, 1.239048957824707, -0.9450926780700684, -0.9381157159805298, 0.5383239984512329, 0.5112528204917908, -0.4325215816497803, -1.353870153427124, -1.50860595703125, 0.8174310922622681, 1.1041045188903809, 1.321291208267212, 2.066260814666748, -0.27019229531288147, 0.7058204412460327, -0.8475775718688965, 1.3853875398635864, -0.009459607303142548, 0.566781759262085, -1.9157044887542725, -0.635362982749939, 0.40101367235183716, 0.027207618579268456, 0.024070806801319122, 0.19119355082511902, -0.7286186218261719, 0.9567807912826538, -1.0579392910003662, 0.47746536135673523, 0.08085573464632034, -0.4170050024986267, 0.9662635326385498, 0.264982670545578, -0.3593675196170807, 2.0902597904205322, 0.30245715379714966, 0.30896154046058655, -0.3094000220298767, 1.137960433959961, -1.9900569915771484, 1.506535291671753, 0.2812584340572357, 0.07676959037780762, -1.2220731973648071, 0.487186998128891, -1.683170199394226, -0.9806955456733704]",yunet,Facenet,1920,1080,/home/amos/media/tv/modern_family/Modern.Family.S09.1080p.DSNP.WEB-DL.DDP5.1.H.264-CRFW/Modern.Family.S09E21.The.Escape.1080p.DSNP.WEB-DL.DDP5.1.H.264-CRFW.mkv,Modern Family,2009,1442437,9,21,Chris Geere,62879.0,0.782
1214,204,288,366,504,342,378,270,378,0.91,29472,2,"[-0.09738297760486603, 0.8610472679138184, 1.1770174503326416, -1.1014611721038818, 0.5083779692649841, -0.21201001107692719, 0.8158908486366272, -2.1207337379455566, -0.14433927834033966, 0.03609194606542587, 0.5331742763519287, 0.8384474515914917, -1.096307396888733, -1.3212151527404785, -0.12948158383369446, 2.4101216793060303, -0.5629123449325562, 0.20688755810260773, -1.4307975769042969, -0.14956717193126678, 0.6174197196960449, 0.4442577064037323, -0.5606207847595215, -0.8570266962051392, 0.6147588491439819, 1.6468424797058105, -0.17269866168498993, 1.8117473125457764, 0.841205894947052, 0.8400429487228394, 0.10774777084589005, 0.3627108633518219, -0.4529702365398407, 0.21568545699119568, -0.91424161195755, 1.1362661123275757, -0.6338179111480713, -1.0991697311401367, -0.5137388706207275, -0.38531962037086487, 0.5882320404052734, -0.08032483607530594, -2.109548807144165, -0.2765624523162842, 0.8917131423950195, -0.7162681818008423, -1.2838213443756104, 0.43221285939216614, 0.16277627646923065, -0.41656070947647095, 0.959317684173584, -1.2909961938858032, -0.27186763286590576, 0.8927446007728577, -0.7524323463439941, 0.5469574928283691, 0.17035990953445435, -1.2629737854003906, 0.11006297171115875, 1.2641994953155518, -0.13487547636032104, -0.4002712368965149, -0.13378338515758514, 1.306121826171875, 1.290768027305603, -0.28882068395614624, 0.9024425745010376, 0.5740066170692444, 1.1121714115142822, 0.7601532936096191, -0.8755280375480652, 1.6613612174987793, -0.035711612552404404, -0.5527790188789368, 2.252422332763672, -0.5724129676818848, 0.290056973695755, 1.4101022481918335, 0.018045328557491302, 0.7149394154548645, -2.7492239475250244, -0.1853760927915573, -0.7426808476448059, -1.6356828212738037, -0.863590657711029, 0.3984226882457733, -0.5279309153556824, -0.7349770665168762, 0.9400922060012817, -0.10611575841903687, 1.3165618181228638, -0.006449191831052303, 1.3196864128112793, -1.0270310640335083, 1.7794864177703857, -0.9639434218406677, 0.056179504841566086, -0.6732747554779053, 1.0125782489776611, -0.2503800094127655, 1.3011400699615479, 1.7712839841842651, -1.2196013927459717, -0.7747818827629089, 0.32321375608444214, 1.0220911502838135, -1.271005630493164, -1.0551478862762451, -0.5618276596069336, 0.29921308159828186, -1.0360718965530396, 2.046248197555542, -0.5825152397155762, -0.45428526401519775, 2.085690498352051, 2.3767786026000977, -0.015396651811897755, 0.9213067293167114, -1.2338298559188843, 0.5318273305892944, 1.1157974004745483, 0.4051007330417633, 2.933485984802246, -1.262230634689331, 0.4602421522140503, -1.6289317607879639, 0.28062036633491516, 1.3103348016738892]",yunet,Facenet,1920,1080,/home/amos/media/tv/modern_family/Modern.Family.S09.1080p.DSNP.WEB-DL.DDP5.1.H.264-CRFW/Modern.Family.S09E21.The.Escape.1080p.DSNP.WEB-DL.DDP5.1.H.264-CRFW.mkv,Modern Family,2009,1442437,9,21,Adam Devine,212604.0,0.839
1215,870,138,1140,486,1032,270,912,276,0.919,29496,0,"[0.3063596487045288, -1.3960169553756714, -0.31355351209640503, 1.758681058883667, 0.5224488377571106, -0.28858691453933716, 0.6998059153556824, -1.7042404413223267, -1.0861514806747437, 3.990330457687378, -3.1377248764038086, 1.3827306032180786, 0.2372964471578598, 1.7853630781173706, 0.3776373863220215, 0.3393610119819641, -0.7203248739242554, -0.6763913035392761, -0.8040059208869934, 0.02573997527360916, -0.15377935767173767, -0.4739300310611725, 0.9797207713127136, 0.09683160483837128, 0.7385753393173218, 0.14010432362556458, 1.0274547338485718, -0.9068134427070618, 1.2908146381378174, 0.7771000266075134, -0.37674474716186523, -1.1984156370162964, -1.237224817276001, -0.019840531051158905, -0.4834454655647278, -1.4290423393249512, -0.6638416051864624, 1.4906991720199585, 0.44650939106941223, -0.7073562145233154, -0.0571579709649086, 0.6399071216583252, 0.14164018630981445, 1.088271141052246, -0.7788297533988953, 0.006698768585920334, -0.66621333360672, 1.2023719549179077, -0.9385796785354614, 0.4691140353679657, -1.5815647840499878, 1.8068788051605225, 0.06643889844417572, -0.41513341665267944, 0.8517537117004395, -0.9362024664878845, 0.6826348900794983, 1.6432543992996216, 0.8733977675437927, -0.12048132717609406, -0.6924066543579102, -0.677683413028717, -0.7746756672859192, -0.01022879034280777, -0.6617317199707031, 0.5469022393226624, -1.3483515977859497, 0.6152448654174805, -0.1388458013534546, -0.6714205741882324, -0.5878353118896484, 0.5700682401657104, 0.4708785116672516, 0.897559404373169, 0.26038816571235657, -0.6148046255111694, 0.10696560144424438, -1.3485386371612549, 0.3805656433105469, -0.7162360548973083, -1.028059720993042, -0.8212882280349731, 0.002731733024120331, 1.5885876417160034, -1.3221381902694702, -0.029580850154161453, -0.26857131719589233, -0.4431859254837036, -0.1325855851173401, -0.5569330453872681, -0.7130979299545288, 0.08437863737344742, 1.5242302417755127, 0.57326740026474, 1.5185269117355347, -0.4441649913787842, 0.8316629528999329, 0.6554774641990662, -0.35305365920066833, -1.3650377988815308, 0.3273153305053711, 0.647140383720398, -2.4416046142578125, -0.09297472983598709, 0.20415961742401123, -1.1045256853103638, -0.17537888884544373, -2.2952938079833984, 0.2912846505641937, -0.20275110006332397, 1.1845821142196655, 1.5732280015945435, 1.0081048011779785, -0.10654854029417038, 0.37677818536758423, 0.23601701855659485, -1.3728591203689575, 1.2511329650878906, -0.377703458070755, 1.2811291217803955, 0.892373263835907, -0.30070605874061584, -0.9715527296066284, -0.9781078696250916, -1.6543362140655518, 1.3675140142440796, 2.41037917137146, 0.19435445964336395]",yunet,Facenet,1920,1080,/home/amos/media/tv/modern_family/Modern.Family.S09.1080p.DSNP.WEB-DL.DDP5.1.H.264-CRFW/Modern.Family.S09E21.The.Escape.1080p.DSNP.WEB-DL.DDP5.1.H.264-CRFW.mkv,Modern Family,2009,1442437,9,21,Sarah Hyland,91351.0,0.594
1216,1380,156,1584,420,1530,270,1434,270,0.93,29520,0,"[-0.04784855246543884, 0.09057439863681793, -1.3747992515563965, 0.1538660228252411, 0.028749819844961166, 1.2146515846252441, 0.7661570310592651, 2.011194944381714, 0.8776312470436096, -1.2001982927322388, 1.1400220394134521, -0.7283324599266052, -0.6101434826850891, 1.0088907480239868, -0.2834646999835968, -0.11216316372156143, -1.3161259889602661, -0.08654311299324036, -0.03219210356473923, -0.3174329102039337, -0.15660521388053894, 0.2308768481016159, -0.3769669532775879, -2.0667576789855957, 0.5363781452178955, 0.6066814064979553, 0.7189513444900513, -1.4475786685943604, -0.5679833292961121, -1.040960669517517, -1.3487998247146606, 1.0640729665756226, -0.2973591387271881, -0.5021796822547913, -0.48405125737190247, 1.2134591341018677, -0.3779046833515167, -0.1549060046672821, 0.6258248090744019, -1.1956208944320679, 1.4298464059829712, 1.9095956087112427, -1.213317632675171, -2.1342427730560303, 0.23528240621089935, -0.7670783996582031, -0.12714582681655884, 1.068748116493225, 0.8067954182624817, 0.32837072014808655, -0.5066108703613281, 2.693495750427246, -0.44576260447502136, 0.8507040143013, 0.44152337312698364, -0.03417271375656128, 1.1353999376296997, 1.2027312517166138, -0.5991446375846863, -0.06385382264852524, 0.6641694903373718, -0.5738073587417603, 1.5810744762420654, 2.445127010345459, 3.251636266708374, -0.38204753398895264, 0.47919589281082153, 1.554953932762146, -0.7533406019210815, 0.16748113930225372, -0.07592260837554932, 2.0505740642547607, -2.696593761444092, 1.3716070652008057, 0.3593214154243469, -1.6523852348327637, -1.5883039236068726, 0.9474969506263733, -1.0850707292556763, 0.7359467148780823, -1.4484795331954956, 0.21299612522125244, 1.2892744541168213, -0.6980047821998596, -0.44697877764701843, 0.06959441304206848, -0.6635949015617371, -0.15954552590847015, -2.004873275756836, -2.397597551345825, 0.439177006483078, 0.4695304334163666, 1.521949291229248, 0.7793687582015991, -0.7437224388122559, 0.7650259137153625, -1.1433053016662598, 0.6335660219192505, 0.35524752736091614, 0.5924966335296631, -1.670790672302246, 0.00426618754863739, -0.8374174237251282, 0.525772213935852, -0.13683226704597473, 0.6749597787857056, -1.4739704132080078, 0.44063669443130493, -0.5388696193695068, 0.8012210726737976, -0.7379894852638245, -0.2738147974014282, 1.374669075012207, 0.3068861961364746, 0.12752549350261688, 1.3926585912704468, 0.1851586401462555, 0.09963485598564148, 0.5710250735282898, 0.8151463270187378, -1.1002447605133057, 1.2754698991775513, 1.254357099533081, -0.2960094213485718, -0.46346044540405273, -0.11632037907838821, -1.1907850503921509, 0.2783389091491699]",yunet,Facenet,1920,1080,/home/amos/media/tv/modern_family/Modern.Family.S09.1080p.DSNP.WEB-DL.DDP5.1.H.264-CRFW/Modern.Family.S09E21.The.Escape.1080p.DSNP.WEB-DL.DDP5.1.H.264-CRFW.mkv,Modern Family,2009,1442437,9,21,Chris Geere,62879.0,0.66
1217,840,138,1014,360,978,222,894,222,0.923,29520,1,"[-0.06047402322292328, 0.023090317845344543, -0.9798407554626465, 1.057167649269104, 0.10508624464273453, -1.16129732131958, 1.0036425590515137, -1.1178956031799316, -0.48637452721595764, 1.6862338781356812, 0.020644687116146088, -0.7460300922393799, 0.21462775766849518, -0.1489069163799286, -0.29086121916770935, -0.07823991775512695, -0.048360101878643036, -0.986622154712677, -0.7607057094573975, -0.01923835277557373, 1.7307697534561157, -0.26428335905075073, 1.5081334114074707, 1.0204672813415527, 1.7926890850067139, 1.3612078428268433, 0.7026685476303101, -0.3536577820777893, 1.4636194705963135, -1.6040490865707397, 0.0518634095788002, 1.3542522192001343, 1.3053653240203857, 0.3274272382259369, 1.346279263496399, -1.4375885725021362, 0.6960740685462952, -0.22589901089668274, 0.8873509168624878, -0.5509078502655029, 0.6698194146156311, 2.563617467880249, 1.0482940673828125, -0.353627473115921, -1.6544588804244995, 1.2610303163528442, -0.6139489412307739, 0.3049773871898651, -0.9479772448539734, 1.994092583656311, -0.5772866010665894, -0.16807065904140472, -0.29769614338874817, 0.691848874092102, 0.6328465342521667, 1.1962850093841553, 0.05278672277927399, 0.7186634540557861, 0.755818784236908, -1.0943410396575928, 1.2495757341384888, -1.9325999021530151, 0.03543355315923691, 0.5237787961959839, -1.0533113479614258, 0.3697287440299988, -1.3304766416549683, 1.2513749599456787, 1.399501919746399, 0.150973841547966, -1.4149067401885986, 0.7812480926513672, -0.17040899395942688, -0.055562227964401245, -1.3987280130386353, -1.8475533723831177, 2.5777225494384766, -0.33727914094924927, -0.5347786545753479, -0.7124699950218201, -1.4116941690444946, -0.2645759880542755, 1.0257951021194458, 0.6549583673477173, -0.2033250629901886, -0.2849358320236206, 1.5859657526016235, -2.1307098865509033, -0.7567613124847412, -0.2921142578125, -1.1108002662658691, -0.5039083957672119, 0.3571838140487671, 0.8103071451187134, 1.6404722929000854, -1.8800315856933594, 0.9072923064231873, 0.07046185433864594, -2.061497211456299, -1.8130865097045898, -1.0429322719573975, 0.6904965043067932, 0.12373368442058563, 1.7998836040496826, 0.019822530448436737, -0.022715384140610695, 0.5532483458518982, -0.8299769163131714, -1.202295184135437, 0.6781445145606995, 1.7196745872497559, -0.3916059732437134, 1.483514666557312, 2.035419464111328, -0.5468215942382812, 0.9491560459136963, 0.04453210532665253, -0.840250551700592, 0.4520820379257202, -0.24224820733070374, 0.3238133192062378, 0.6460282802581787, 0.5599814653396606, -0.0825577899813652, -1.1210116147994995, -0.3136397898197174, 1.0741863250732422, 1.7122262716293335]",yunet,Facenet,1920,1080,/home/amos/media/tv/modern_family/Modern.Family.S09.1080p.DSNP.WEB-DL.DDP5.1.H.264-CRFW/Modern.Family.S09E21.The.Escape.1080p.DSNP.WEB-DL.DDP5.1.H.264-CRFW.mkv,Modern Family,2009,1442437,9,21,Reid Ewing,967692.0,0.82
1218,318,360,492,594,450,462,372,462,0.913,29520,2,"[0.09435081481933594, 1.3605260848999023, 0.03951480984687805, -0.17696887254714966, 0.023982441052794456, -0.7619142532348633, -0.3818720579147339, -2.155773639678955, -0.2434459626674652, 0.9242825508117676, 1.425696849822998, 1.089257001876831, -0.28376245498657227, -1.377529263496399, 0.6590176820755005, 2.410338878631592, -0.19887101650238037, 0.15584829449653625, -1.0653579235076904, -0.0056455847807228565, 1.1127829551696777, 1.2052743434906006, -0.20267441868782043, 1.3484907150268555, 2.0263850688934326, 0.277007520198822, -0.30953261256217957, 1.7334952354431152, 2.0315003395080566, 0.505494236946106, 1.187113642692566, -0.15088821947574615, 0.6863982677459717, 1.2171868085861206, 0.04065321385860443, -0.15148663520812988, -0.043595753610134125, -0.8799309134483337, -1.4747490882873535, -0.31170961260795593, -0.675239622592926, 0.2413490116596222, -1.7214741706848145, -0.5550634860992432, -0.05519957095384598, -0.49383631348609924, -0.4321143925189972, -0.34679943323135376, 1.6462466716766357, -0.40489283204078674, 0.7269878387451172, -1.2303303480148315, -0.09366116672754288, 0.2755676507949829, -0.44510185718536377, 1.700132966041565, 0.12232929468154907, -1.6775716543197632, 0.4196825325489044, 1.7152721881866455, 0.3871399760246277, 0.9992823004722595, 0.3018908202648163, -0.056447047740221024, 1.0581380128860474, -0.46799588203430176, 1.0505918264389038, 1.842666506767273, 0.6362466812133789, 0.6327675580978394, -0.22647517919540405, 0.690222978591919, -0.5276645421981812, -0.6343465447425842, 1.3935611248016357, -0.850654125213623, 1.446658968925476, 0.46920067071914673, -0.9774051308631897, -0.001043267548084259, -1.58112633228302, -0.8355244398117065, -0.9036511778831482, -0.1427217274904251, 0.08384661376476288, 0.9783385992050171, -1.361172080039978, -0.40649062395095825, 1.1185749769210815, -1.3847121000289917, 1.5295393466949463, 0.07549891620874405, 1.9067836999893188, -0.6373994946479797, 2.2237398624420166, -0.8421971201896667, 0.18368330597877502, 0.019393131136894226, 1.410435438156128, -0.3425869941711426, 0.9382458925247192, 1.485068440437317, -0.07071557641029358, -1.1777842044830322, 0.663753867149353, 1.0876108407974243, -1.2183252573013306, -0.5537594556808472, -0.9903677105903625, -0.39366137981414795, -1.4407322406768799, 1.659936547279358, -1.0151606798171997, -1.1000268459320068, 1.7711358070373535, 1.3126165866851807, 0.18198609352111816, 0.4818732440471649, -0.6959965229034424, 1.8554050922393799, 1.2688087224960327, -0.03107985481619835, 2.4013524055480957, -1.1430915594100952, 2.111238956451416, -1.104480504989624, 0.04060973972082138, 1.567817211151123]",yunet,Facenet,1920,1080,/home/amos/media/tv/modern_family/Modern.Family.S09.1080p.DSNP.WEB-DL.DDP5.1.H.264-CRFW/Modern.Family.S09E21.The.Escape.1080p.DSNP.WEB-DL.DDP5.1.H.264-CRFW.mkv,Modern Family,2009,1442437,9,21,Adam Devine,212604.0,0.728
1219,942,108,1212,468,1116,246,978,246,0.922,29544,0,"[0.48423081636428833, -1.2203947305679321, -0.08367951214313507, 1.385175108909607, 0.25338229537010193, -1.511924386024475, -0.8826723098754883, -2.311830997467041, -0.8562772274017334, 2.6575851440429688, -1.781605839729309, 1.8344148397445679, 1.3574835062026978, 0.4327705204486847, 0.5348092913627625, -0.5836747288703918, 0.005886062979698181, -0.053693462163209915, -0.6250210404396057, 0.38048842549324036, 0.1123744398355484, -0.9501214027404785, 1.705222487449646, 0.19565269351005554, 0.9569960832595825, -0.2890762984752655, 0.31036198139190674, 0.1572248935699463, 3.11210560798645, -0.6894027590751648, 0.20131556689739227, -2.279144048690796, 0.29410064220428467, -0.10210904479026794, 0.3605797290802002, -1.097359299659729, -1.1672354936599731, 1.3530144691467285, -0.2220010757446289, -1.431564211845398, -0.9163579940795898, 1.5461138486862183, 1.1801387071609497, 0.3732543885707855, -1.7978841066360474, -1.09029221534729, -0.966783344745636, 1.26156485080719, -0.7420336008071899, 0.7117055654525757, -0.05818402022123337, 1.2018463611602783, -0.11374319344758987, 0.46415793895721436, 0.9060395956039429, 0.6219937801361084, 0.985137403011322, 1.1542447805404663, -0.5471024513244629, 0.7270087599754333, 0.3120233416557312, -1.2796483039855957, -0.3368602693080902, 0.668571949005127, -0.8396783471107483, 1.9614768028259277, -1.1939667463302612, -0.1452454775571823, -0.04013121500611305, 1.1172641515731812, -0.06584471464157104, -0.3299071490764618, -0.053707558661699295, 0.49324411153793335, 1.1990349292755127, -0.8039011359214783, 0.9996602535247803, -1.7477117776870728, 0.15284812450408936, -1.4024102687835693, -0.6021718382835388, 0.8398549556732178, 2.0350794792175293, 1.9086596965789795, -0.42466220259666443, 0.43264445662498474, 0.47945964336395264, -1.2888587713241577, 0.05033951997756958, -0.7444344758987427, -1.735205054283142, 0.03622928261756897, 1.2633209228515625, 0.5611525177955627, 1.610055923461914, -0.46384406089782715, -0.8644452095031738, 0.10008152574300766, -0.7598935961723328, -2.374735116958618, 0.13300849497318268, 0.6857133507728577, -0.40987586975097656, 1.9703922271728516, 1.7972553968429565, 0.07462902367115021, 0.3827802538871765, -1.1069107055664062, 0.4679768681526184, -1.2939668893814087, 1.5586832761764526, 1.474342942237854, -0.8935332298278809, 1.1165225505828857, 0.346680223941803, -0.08392726629972458, -0.8524618148803711, 1.010956048965454, -0.039016202092170715, -0.4669053852558136, 1.9803167581558228, -0.855865478515625, -0.3271781802177429, -0.9700007438659668, -0.7258880734443665, 0.8991815447807312, 1.3259592056274414, 0.4650866687297821]",yunet,Facenet,1920,1080,/home/amos/media/tv/modern_family/Modern.Family.S09.1080p.DSNP.WEB-DL.DDP5.1.H.264-CRFW/Modern.Family.S09E21.The.Escape.1080p.DSNP.WEB-DL.DDP5.1.H.264-CRFW.mkv,Modern Family,2009,1442437,9,21,Sarah Hyland,91351.0,0.64
1220,936,114,1200,486,1062,264,954,258,0.929,29568,0,"[0.027223583310842514, -0.046146586537361145, 0.013532286509871483, 1.4859981536865234, -1.1456161737442017, -0.12674112617969513, 0.26565486192703247, -2.514706611633301, -0.420573890209198, 2.188159942626953, -2.564457654953003, 1.5960396528244019, 1.5580618381500244, 0.4418412148952484, 0.47042012214660645, -0.034229572862386703, -1.3714300394058228, 0.3797592520713806, -0.7273002862930298, 0.7408215999603271, 0.044008731842041016, 1.0150808095932007, 1.425808072090149, 0.675042450428009, 0.7916314601898193, -0.3844667971134186, 0.11871358752250671, -1.1748707294464111, 3.4496448040008545, 0.5823326110839844, -0.24172896146774292, -2.1275198459625244, -0.3155119717121124, 0.4917951226234436, 1.397109031677246, -2.049443244934082, -1.0940992832183838, 0.5414360761642456, -0.5007269382476807, -0.8250499963760376, -0.5793063044548035, 0.98922199010849, 0.5235969424247742, 1.4892525672912598, -0.9772065281867981, -0.7375576496124268, -0.20961549878120422, 0.7597569227218628, -0.9971811771392822, 0.5510420799255371, -0.3886449337005615, 1.3261815309524536, 0.09326180815696716, 0.8033782243728638, -0.41557320952415466, -0.14213919639587402, 0.8391035199165344, 1.5539973974227905, -2.188681125640869, -0.27319109439849854, 0.3555302619934082, -0.770767092704773, -1.4121859073638916, -0.22281703352928162, -0.6609086990356445, 1.7472918033599854, 0.004419863224029541, 0.12755940854549408, -0.16716724634170532, -0.9485591650009155, 0.8917093276977539, -0.05235765129327774, 0.7691429257392883, 0.1703260987997055, 0.8944572806358337, -1.3702101707458496, 0.8891192674636841, -1.2857246398925781, 0.3625345230102539, -1.0722976922988892, 0.00025467202067375183, 0.18048520386219025, 1.3760051727294922, 1.9517459869384766, -0.6135410666465759, 0.2096863090991974, 0.6801155805587769, -1.0679655075073242, 0.26446717977523804, -1.1861894130706787, -1.575842261314392, 0.14517433941364288, 1.1177443265914917, 0.5826511979103088, 1.4516714811325073, 1.0267010927200317, -0.32130974531173706, 0.1726815104484558, -0.44881609082221985, -2.612182855606079, 0.47431129217147827, 1.273550033569336, -0.9846218824386597, 2.0280449390411377, 0.560800313949585, -0.10621079802513123, -0.22773511707782745, -1.240718126296997, 0.878251314163208, -1.689476728439331, 0.810798168182373, 1.3646669387817383, 0.45288553833961487, 0.27505186200141907, -0.32910996675491333, 0.29172787070274353, -0.8660832643508911, 0.6710150837898254, -0.340200275182724, 0.06247225031256676, 1.0763790607452393, -0.6562148332595825, -0.07022953033447266, -1.0832269191741943, -0.16116784512996674, 1.6820895671844482, 0.974579393863678, 0.4754156768321991]",yunet,Facenet,1920,1080,/home/amos/media/tv/modern_family/Modern.Family.S09.1080p.DSNP.WEB-DL.DDP5.1.H.264-CRFW/Modern.Family.S09E21.The.Escape.1080p.DSNP.WEB-DL.DDP5.1.H.264-CRFW.mkv,Modern Family,2009,1442437,9,21,Sarah Hyland,91351.0,0.58
1221,138,204,336,444,270,300,186,300,0.933,29592,0,"[0.29255419969558716, 0.18143993616104126, -0.9628480672836304, 0.4376736581325531, -0.05971865355968475, -0.8895957469940186, 0.19996143877506256, -1.347724437713623, -0.2259916067123413, 0.5407452583312988, -0.842019259929657, -0.5581550598144531, -0.062208689749240875, 0.11451540887355804, -0.0772361159324646, -0.9191146492958069, -0.27042722702026367, -1.0371086597442627, -0.6386252641677856, -0.5890249013900757, 1.9119080305099487, -0.5065699815750122, 0.7870675325393677, 0.4171607494354248, 2.2824602127075195, 1.4028021097183228, -0.12000469118356705, -0.3400775194168091, 2.1834168434143066, -1.2809641361236572, 0.05426286160945892, 1.622890830039978, 1.012215256690979, 0.0011813566088676453, 0.8857761025428772, -0.9764311909675598, 0.4060231149196625, 0.18675436079502106, 0.3488112688064575, -0.3990842401981354, 1.2080405950546265, 3.013781785964966, 0.6771035194396973, -0.5316503047943115, -1.9250494241714478, 1.6776825189590454, -0.5824289917945862, 0.7914564609527588, -1.675734519958496, 1.746108055114746, -0.7661353945732117, -0.18558871746063232, 0.3146956264972687, 0.8921350836753845, 0.8806672692298889, 0.7564682960510254, -0.06920976936817169, 0.5068032741546631, 1.5102834701538086, -1.0110654830932617, 1.292362093925476, -2.4352588653564453, -0.2963096797466278, 0.9504958391189575, -1.1780569553375244, 0.09894251078367233, -1.2795485258102417, 0.43255552649497986, 1.4429270029067993, -0.7929904460906982, -1.3122987747192383, 0.4295373260974884, -0.5745217204093933, -0.3402659296989441, -1.6469635963439941, -1.4987871646881104, 2.5891876220703125, 0.31806978583335876, -0.19946128129959106, -1.0268200635910034, -1.0707205533981323, -0.5163825750350952, 0.3707914650440216, 0.4504500925540924, -0.4097498655319214, -0.6386836767196655, 1.6986465454101562, -2.316662073135376, -0.6780914068222046, -0.1709270030260086, -0.6881186962127686, -0.5840156078338623, 0.05397443100810051, -0.1404162347316742, 1.342421054840088, -0.7539790868759155, 0.8809073567390442, -0.609056293964386, -1.6358342170715332, -1.7733598947525024, -1.2800562381744385, 0.8989918231964111, 0.38253360986709595, 1.5347012281417847, -0.27547240257263184, 0.05601400136947632, 0.28767451643943787, -0.8374975919723511, -0.3310275673866272, 0.4960083067417145, 1.1432899236679077, -1.0225919485092163, 0.8788059949874878, 1.950960636138916, -0.32436132431030273, 0.8789458274841309, -0.3566145896911621, -0.6858140826225281, 0.4160224199295044, -0.22916363179683685, 0.045133817940950394, 0.5874596834182739, 0.6283080577850342, -0.23984992504119873, -0.7777009606361389, 0.19149675965309143, 1.3194961547851562, 1.3755439519882202]",yunet,Facenet,1920,1080,/home/amos/media/tv/modern_family/Modern.Family.S09.1080p.DSNP.WEB-DL.DDP5.1.H.264-CRFW/Modern.Family.S09E21.The.Escape.1080p.DSNP.WEB-DL.DDP5.1.H.264-CRFW.mkv,Modern Family,2009,1442437,9,21,Reid Ewing,967692.0,0.814
1222,744,162,978,468,918,300,810,294,0.932,29592,1,"[0.19112072885036469, -0.5738747119903564, -1.6355204582214355, -0.12376115471124649, 0.31877562403678894, 0.5195004940032959, 0.21118034422397614, 0.8122619986534119, 0.8384290337562561, -0.9819502234458923, 0.9421314597129822, -1.2591454982757568, -2.044454336166382, 1.3438735008239746, 0.1390603482723236, -0.9303454160690308, -1.214024305343628, -0.20653589069843292, -0.17592687904834747, -1.1978682279586792, -0.7829694747924805, -1.3059550523757935, 0.3748827278614044, -0.7440072894096375, 0.5917969942092896, 0.03640880435705185, 0.6747589111328125, -2.967184543609619, 0.29495969414711, -0.2867191433906555, -0.30394306778907776, 0.39936333894729614, -0.7252968549728394, 0.7953386306762695, -0.6282113194465637, 2.1331303119659424, -1.0959382057189941, 1.3637076616287231, 1.0923235416412354, -0.3125015199184418, 1.976631760597229, 1.5458872318267822, -0.9699833393096924, -1.6193678379058838, 0.14182507991790771, -0.9786592721939087, -0.10025572776794434, 2.085115909576416, 0.426066517829895, -0.45325154066085815, -0.07438051700592041, 1.5219922065734863, 0.3771136999130249, 1.2852355241775513, 0.38836801052093506, -0.7965911626815796, 0.5940000414848328, 1.4682261943817139, -0.8528087735176086, 0.06128283590078354, 0.4164232909679413, -1.570483922958374, -0.4834345281124115, 1.5465126037597656, 2.9138526916503906, -0.020898856222629547, -0.350957453250885, 1.328715443611145, -0.7382268309593201, 0.02608790621161461, -0.03989746794104576, 1.7508504390716553, -2.5792076587677, 1.6716645956039429, -0.4356454312801361, -1.0925649404525757, -0.8256487846374512, 1.0778377056121826, -1.2128690481185913, 0.09504148364067078, -2.1534831523895264, 0.6160802841186523, 1.5047500133514404, -0.8852192163467407, -1.0305355787277222, 0.5844651460647583, 0.17270292341709137, -0.2914770841598511, -1.7942094802856445, -1.8296960592269897, 0.5335504412651062, 1.1388404369354248, 1.3864784240722656, 1.107749104499817, -0.21627402305603027, 0.8656142950057983, -1.458395004272461, 0.8064951300621033, 0.19917082786560059, 0.9257140159606934, -1.925938606262207, -0.3473460078239441, -0.9795106649398804, 0.8466307520866394, 0.027196340262889862, 0.3743927478790283, -0.9622083902359009, 0.595439076423645, -0.508137583732605, -0.7629031538963318, -0.7022452354431152, -0.6500520706176758, 0.7945330142974854, -1.0768017768859863, -0.45594149827957153, 1.630448341369629, 0.35247713327407837, -0.02609613537788391, 0.1953677535057068, 1.0628015995025635, -1.621166467666626, 1.098190426826477, 0.8475995659828186, -1.3170045614242554, -1.1409550905227661, 0.588803231716156, -1.3073447942733765, -0.2662132680416107]",yunet,Facenet,1920,1080,/home/amos/media/tv/modern_family/Modern.Family.S09.1080p.DSNP.WEB-DL.DDP5.1.H.264-CRFW/Modern.Family.S09E21.The.Escape.1080p.DSNP.WEB-DL.DDP5.1.H.264-CRFW.mkv,Modern Family,2009,1442437,9,21,Chris Geere,62879.0,0.815
1223,774,156,1020,486,954,306,846,306,0.928,29616,0,"[0.15649276971817017, -0.2986127734184265, -1.2740787267684937, -0.896205723285675, -0.22610342502593994, 1.3115384578704834, 1.2120927572250366, 1.0641469955444336, 0.17999202013015747, -0.36403271555900574, 0.5771393775939941, -1.3338725566864014, -2.072927474975586, 0.8291696310043335, -0.16741859912872314, 0.027425285428762436, -2.047661066055298, -0.32854163646698, 0.2774464190006256, -1.2924611568450928, -1.114844799041748, -0.19872713088989258, -0.32036101818084717, -1.1417036056518555, -0.2933542728424072, 0.49036654829978943, 0.10876679420471191, -2.3455514907836914, -0.4595191478729248, -0.20415428280830383, -0.5125495195388794, 0.8250753879547119, -0.4295251667499542, 0.38938000798225403, -0.25219470262527466, 1.0630543231964111, -0.34376245737075806, 1.768462896347046, 2.205778121948242, -0.9458960294723511, 1.334580659866333, 1.716252326965332, -1.5756696462631226, -1.9939619302749634, 0.14179131388664246, -0.944406270980835, -0.5934455990791321, 1.7543712854385376, 0.7647278308868408, -0.3978223502635956, -0.13123805820941925, 1.2760698795318604, 0.6903318762779236, 1.0722724199295044, 0.08329273015260696, -0.8124263286590576, 0.4360215365886688, 1.4093282222747803, -1.7248756885528564, 0.09652992337942123, 0.12135718017816544, -0.7267075181007385, -1.0135972499847412, 1.8280339241027832, 2.695460796356201, 0.17834706604480743, 0.6751514673233032, 0.9980001449584961, 0.5252344608306885, 0.37998607754707336, 0.4647735357284546, 1.8574265241622925, -2.584920644760132, 1.3500587940216064, -0.17911271750926971, -0.8617013692855835, -2.277298927307129, 1.2191604375839233, -0.17897161841392517, 0.9556213617324829, -1.165492296218872, -0.21615023910999298, 1.1151126623153687, -1.1341907978057861, -1.3918006420135498, 0.39616262912750244, 0.3421521484851837, 0.38999199867248535, -1.7089442014694214, -1.433851718902588, 0.7146910429000854, 0.6774902939796448, 0.6892479062080383, 1.4271414279937744, 0.06524935364723206, 1.118466854095459, -1.5953059196472168, 0.626368522644043, 0.448567271232605, 0.7758973240852356, -1.6142945289611816, -0.6063262820243835, -2.069945812225342, 0.5359950661659241, -0.16423672437667847, 0.2371593564748764, -1.0339370965957642, -0.7027597427368164, -0.7203096151351929, 0.06506084650754929, -0.8932285904884338, -0.7494186162948608, 0.15306636691093445, -0.5120723247528076, -0.9494236707687378, 1.7394558191299438, -0.3974982798099518, -0.3165132403373718, -0.3904387354850769, 1.2113059759140015, -1.8890725374221802, 0.963481068611145, 0.648447573184967, -0.3092077374458313, -1.08457350730896, 0.4394114911556244, -0.8031458258628845, -0.7253413796424866]",yunet,Facenet,1920,1080,/home/amos/media/tv/modern_family/Modern.Family.S09.1080p.DSNP.WEB-DL.DDP5.1.H.264-CRFW/Modern.Family.S09E21.The.Escape.1080p.DSNP.WEB-DL.DDP5.1.H.264-CRFW.mkv,Modern Family,2009,1442437,9,21,Chris Geere,62879.0,0.712
1224,156,216,366,474,318,312,216,318,0.926,29616,1,"[0.08352083712816238, -0.035649366676807404, -1.0281997919082642, 0.8304737210273743, -0.19366605579853058, -0.31713923811912537, 0.5703396797180176, -0.6244032979011536, -0.089451365172863, 0.7938681840896606, -0.20734956860542297, -0.628953754901886, -0.5266431570053101, 0.11695046722888947, -0.12766902148723602, -0.369182288646698, -0.21810275316238403, -0.9331346750259399, -0.9921582937240601, -0.556003212928772, 1.7393405437469482, -0.5389246940612793, 1.3112353086471558, 0.7116380929946899, 2.2693066596984863, 0.33783766627311707, 0.5708984136581421, -0.5996506810188293, 1.343960165977478, -1.541919469833374, -0.24389663338661194, 1.5709162950515747, 1.0355621576309204, 0.31178411841392517, 0.6257706880569458, -1.379002332687378, 0.7444851994514465, -0.07045406848192215, 0.0802324041724205, -0.49343952536582947, 1.1859714984893799, 2.18674373626709, 0.9532730579376221, -0.20374572277069092, -1.9474103450775146, 1.655527949333191, -0.25187796354293823, 0.26399123668670654, -1.4835128784179688, 2.2295095920562744, -0.8308109045028687, -0.2032736837863922, 0.8363386988639832, 1.010272741317749, 1.0710493326187134, 1.0087854862213135, -0.5949653387069702, 0.5750516057014465, 0.45169597864151, -1.193250298500061, 1.0198626518249512, -1.7742054462432861, -0.03802364692091942, 0.8545882105827332, -0.5775789618492126, 0.08257856220006943, -1.4388550519943237, 0.9458691477775574, 0.7612621188163757, -0.8790028095245361, -1.2037228345870972, 0.7444338798522949, -0.28472626209259033, -0.40024590492248535, -1.5744872093200684, -1.659566879272461, 2.2726330757141113, 0.3807600438594818, -0.26981133222579956, -0.42125648260116577, -1.4167490005493164, -0.462127685546875, 0.7893835306167603, 0.3789803683757782, -0.04203861951828003, -0.3141336441040039, 1.514816403388977, -2.0894649028778076, -0.11719484627246857, -0.5009440779685974, -0.6052285432815552, -0.7815468907356262, 0.1834082454442978, 0.5971723198890686, 1.8730826377868652, -0.9785264730453491, 0.9100317358970642, -0.35428330302238464, -1.7555675506591797, -1.407070279121399, -0.866756796836853, 0.9025024771690369, 0.31368279457092285, 1.7973319292068481, -0.30100151896476746, -0.35398924350738525, 0.2686725854873657, -0.753835916519165, -0.6723378300666809, 0.49695441126823425, 1.026599645614624, -0.4939047694206238, 1.7058717012405396, 1.551966667175293, -1.2637916803359985, 0.38560712337493896, -0.24936789274215698, -0.19832897186279297, 0.2739368677139282, -0.6530537605285645, -0.2903341054916382, 0.40751656889915466, 1.0194790363311768, 0.05741345137357712, -1.0647913217544556, 0.430682510137558, 0.9996640086174011, 1.8920562267303467]",yunet,Facenet,1920,1080,/home/amos/media/tv/modern_family/Modern.Family.S09.1080p.DSNP.WEB-DL.DDP5.1.H.264-CRFW/Modern.Family.S09E21.The.Escape.1080p.DSNP.WEB-DL.DDP5.1.H.264-CRFW.mkv,Modern Family,2009,1442437,9,21,Reid Ewing,967692.0,0.835
1225,942,138,1230,522,1098,294,960,288,0.928,29640,0,"[0.719851016998291, -0.07163801789283752, 0.507344663143158, 0.5370554327964783, 0.9804661870002747, -0.3017485737800598, 1.226377010345459, -1.2126966714859009, -1.535409927368164, 2.2322630882263184, -2.579599142074585, 1.2019054889678955, 1.014379620552063, 1.7858237028121948, 0.42027926445007324, -1.6594878435134888, -0.70172119140625, -0.751762330532074, -0.47498422861099243, -0.3372421860694885, -0.7525767087936401, 0.42221397161483765, 1.3788336515426636, -0.479338139295578, -0.3909803628921509, 0.7901057004928589, 0.20681296288967133, -1.2887495756149292, 2.5301170349121094, 0.3611983060836792, -0.12373046576976776, -1.5067497491836548, -0.6516155004501343, -0.6937320828437805, 0.9383420348167419, -1.6189171075820923, -0.9603025317192078, 0.5501821041107178, -0.019359320402145386, -1.7131028175354004, -0.6059843301773071, 0.986338198184967, 0.25211358070373535, 1.706944227218628, -0.9875171780586243, -0.34993743896484375, 0.2031039446592331, 0.3377021253108978, -1.9848257303237915, 0.740511417388916, -0.7842857241630554, 2.4691762924194336, -0.972567081451416, 0.14948563277721405, -0.33549216389656067, 0.07222560048103333, 0.8483169674873352, 0.6541052460670471, -1.5786648988723755, 0.299226313829422, 0.2282913625240326, -1.3900309801101685, 0.6114344000816345, 0.018095748499035835, -1.4765534400939941, 1.059502363204956, -1.872972011566162, 1.3412492275238037, 0.8399407863616943, 0.5033754110336304, -0.5678950548171997, 1.140787959098816, -0.7386279702186584, -0.5346373915672302, 0.9315545558929443, -0.37508153915405273, -0.24996313452720642, -2.6142396926879883, 0.11687307804822922, -1.3441131114959717, -0.10713770240545273, 1.197015643119812, 0.8803520798683167, 1.6751817464828491, -0.6356827020645142, -0.31693774461746216, 0.7962712049484253, -1.1387217044830322, 0.5724838972091675, -1.2814419269561768, -2.5849618911743164, -0.15506801009178162, 1.5397663116455078, -0.06271166354417801, 1.7408618927001953, 0.23071038722991943, 0.4458934962749481, 0.27078700065612793, 0.444179892539978, -2.195443630218506, 0.3910641670227051, 1.0947927236557007, -1.3258705139160156, 1.6750613451004028, 1.1861395835876465, -0.08004488795995712, -0.36446887254714966, -1.359763741493225, 0.9958095550537109, -1.260526180267334, 0.49443238973617554, 1.147735834121704, 0.11697977781295776, 0.6676267981529236, 0.1550653576850891, 0.4819035828113556, -1.6186233758926392, 0.9493651986122131, 0.4007177948951721, -0.29253125190734863, 0.7789722681045532, 1.078805685043335, -0.4379529356956482, -0.26717856526374817, -0.7978373169898987, 0.8608301877975464, 0.05571600794792175, 0.6471770405769348]",yunet,Facenet,1920,1080,/home/amos/media/tv/modern_family/Modern.Family.S09.1080p.DSNP.WEB-DL.DDP5.1.H.264-CRFW/Modern.Family.S09E21.The.Escape.1080p.DSNP.WEB-DL.DDP5.1.H.264-CRFW.mkv,Modern Family,2009,1442437,9,21,Sarah Hyland,91351.0,0.539
1226,948,144,1248,534,1122,300,978,300,0.93,29664,0,"[-0.507904052734375, -1.4720100164413452, 0.9981818795204163, 1.2100512981414795, 1.0401455163955688, -0.37308138608932495, 1.4121029376983643, -0.3374312222003937, -0.42593398690223694, 3.136422634124756, -3.1700143814086914, 0.3270379304885864, -0.8856937289237976, 2.586435079574585, -0.20872393250465393, -0.5951741337776184, -1.1933971643447876, -0.881299614906311, -0.36720195412635803, -0.09016556292772293, -0.19008615612983704, -0.9561091065406799, 0.7554164528846741, -1.0918351411819458, -0.04181265830993652, 0.32460567355155945, 0.4519626200199127, -0.980266809463501, 0.4165630340576172, 1.703823208808899, 0.28048914670944214, -0.8724810481071472, -1.007557988166809, 0.07065743952989578, 0.30424192547798157, -1.3042455911636353, 0.1700109839439392, 0.6759145855903625, 0.5549857020378113, -1.1213035583496094, 0.31640779972076416, 0.7802796363830566, -0.7554848194122314, 1.568880558013916, 0.18044665455818176, -0.3725773096084595, -1.149955153465271, 1.7104427814483643, -1.2402820587158203, 1.3406054973602295, -1.4439269304275513, 3.327124834060669, -0.10219506174325943, -0.6798832416534424, -0.5618316531181335, -0.33772042393684387, 0.8204764723777771, 1.5135983228683472, 0.4485768973827362, 0.3192681074142456, 0.08617263287305832, -0.11223436892032623, -0.5201060771942139, 0.21503901481628418, -1.4201078414916992, 0.7381896376609802, -1.242864727973938, 0.8285040855407715, 0.28598761558532715, 0.4066445827484131, -0.02195865660905838, -0.4118553102016449, 0.5062872767448425, -0.3553491234779358, -0.23698681592941284, -1.1104105710983276, -0.045267701148986816, -2.112935781478882, -0.6775277256965637, -0.5952106714248657, -0.6125329732894897, -0.7392067909240723, 1.4368523359298706, 1.08627188205719, -1.7242827415466309, -0.8936576843261719, 0.14774778485298157, -0.45953458547592163, 0.557571291923523, -0.5184842348098755, -3.0412659645080566, -0.385130375623703, -0.13535666465759277, 0.9839017987251282, 1.049293041229248, -0.3358961045742035, 0.37951043248176575, -0.4285062551498413, -0.3251446783542633, 0.2881196141242981, 0.5306032299995422, 1.8033814430236816, -3.182631015777588, -0.41086283326148987, 0.21713808178901672, 0.05293695628643036, 0.1835119128227234, -2.198016881942749, 0.5542935132980347, 0.25770920515060425, 0.476622998714447, 0.9275952577590942, 0.9949711561203003, -0.12326157093048096, 0.44279664754867554, 0.5856360197067261, -0.49994826316833496, -0.18639281392097473, -1.5915309190750122, -0.7717276215553284, 1.7270874977111816, -0.06522943079471588, -1.1847621202468872, -1.0640960931777954, -1.5267888307571411, 0.596959114074707, 1.966687798500061, 0.6442369222640991]",yunet,Facenet,1920,1080,/home/amos/media/tv/modern_family/Modern.Family.S09.1080p.DSNP.WEB-DL.DDP5.1.H.264-CRFW/Modern.Family.S09E21.The.Escape.1080p.DSNP.WEB-DL.DDP5.1.H.264-CRFW.mkv,Modern Family,2009,1442437,9,21,Sarah Hyland,91351.0,0.627
1227,942,144,1236,528,1122,294,972,294,0.93,29688,0,"[0.000602327287197113, -1.3460551500320435, -0.2399234175682068, 1.873375415802002, 0.27275824546813965, -0.3634151220321655, 0.44640421867370605, -1.31758713722229, -1.2478139400482178, 3.540174722671509, -3.410672664642334, 0.523834228515625, -0.2775847613811493, 1.5718133449554443, 0.137715682387352, -0.39178603887557983, -0.8708447217941284, -0.506393551826477, -0.6677910685539246, -0.5675822496414185, 0.42056795954704285, -0.40139520168304443, 1.5117100477218628, -0.5780789852142334, 0.8308684229850769, 0.6165974140167236, 1.096556544303894, -0.2514967620372772, 1.1517443656921387, 0.8774913549423218, -0.4916028678417206, -0.13016639649868011, -1.5316518545150757, 0.25302740931510925, 0.8459340929985046, -2.1732892990112305, -0.26695796847343445, 0.4509356915950775, 0.6946925520896912, -0.8600879907608032, -0.1944638043642044, 0.17436189949512482, -0.13601817190647125, 0.8313406705856323, 0.4688904285430908, 0.5033777356147766, -0.15728060901165009, 0.8969638347625732, -0.7813534140586853, 0.5852152109146118, -2.2079789638519287, 2.4713053703308105, -0.30745184421539307, 0.21802528202533722, 0.14561498165130615, -0.06350294500589371, 0.8916578888893127, 1.0727027654647827, -0.5289633870124817, -0.03507067635655403, 0.02289430797100067, -0.42557889223098755, -0.44557076692581177, -0.19710271060466766, -1.572352647781372, 1.129676342010498, -0.6880038976669312, 0.763494610786438, 0.07086002081632614, -0.5373706817626953, 0.06160043552517891, 0.5727697610855103, 0.9272839426994324, 0.5543717741966248, 0.5822110176086426, -1.314976453781128, 0.37589362263679504, -1.6371484994888306, 0.28296953439712524, -0.7124740481376648, -0.51947420835495, -0.651888370513916, 1.1167677640914917, 1.3679832220077515, -1.1525287628173828, -0.34776490926742554, -0.363706111907959, -0.9324408173561096, 0.6906310319900513, -0.7140939235687256, -1.8266093730926514, -0.3089102506637573, 0.6782723069190979, 0.7427228093147278, 2.1320745944976807, 0.013452490791678429, 0.8236348628997803, 1.1661620140075684, -0.5128473043441772, -1.261595606803894, 0.7813854813575745, 0.9284273982048035, -2.290067195892334, 0.39123550057411194, 1.0330140590667725, -0.28109604120254517, 0.08610652387142181, -1.552290678024292, 0.21352973580360413, -0.2826554775238037, 0.4994724988937378, 1.3036059141159058, 0.710817813873291, -0.3842381536960602, 0.2258719652891159, 0.40098267793655396, -1.3386449813842773, 1.1110053062438965, -0.7560367584228516, -0.29242461919784546, 1.330728530883789, -0.013688188046216965, -0.5439271330833435, -0.30240628123283386, -1.2148659229278564, 0.9904250502586365, 1.7084836959838867, 0.7159230709075928]",yunet,Facenet,1920,1080,/home/amos/media/tv/modern_family/Modern.Family.S09.1080p.DSNP.WEB-DL.DDP5.1.H.264-CRFW/Modern.Family.S09E21.The.Escape.1080p.DSNP.WEB-DL.DDP5.1.H.264-CRFW.mkv,Modern Family,2009,1442437,9,21,Sarah Hyland,91351.0,0.658
1228,828,132,984,336,930,216,870,210,0.944,29736,0,"[-0.09226150810718536, -0.2654430866241455, -0.9528616070747375, 0.43908706307411194, -0.7514860033988953, -0.8015930652618408, 0.8070729374885559, -0.9439000487327576, -0.7347958087921143, 0.904728889465332, -0.13050968945026398, -0.6853206157684326, -0.09481285512447357, -0.1437431275844574, -0.1332799345254898, 0.1465134471654892, -0.1850256323814392, -1.2491647005081177, -0.7463039755821228, -0.8107609748840332, 1.9295397996902466, -0.27183210849761963, 0.9821152091026306, 1.2712253332138062, 1.7936019897460938, 0.8796780705451965, 0.15568092465400696, -0.8154703378677368, 1.7606772184371948, -1.7271002531051636, -0.1088382750749588, 1.6928091049194336, 1.112624168395996, 0.9921823740005493, 1.3246774673461914, -1.318784236907959, 0.36285847425460815, -0.3897720277309418, 0.42238494753837585, -0.41706547141075134, 0.944190502166748, 2.502634286880493, 0.7823350429534912, -0.36258813738822937, -1.8334027528762817, 1.5158095359802246, -0.04988185316324234, 0.5991967916488647, -1.3317174911499023, 1.8386244773864746, -0.6802856922149658, -0.118777334690094, -0.21286538243293762, 0.9723258018493652, 1.1679747104644775, 1.1173449754714966, -0.8457313776016235, 0.5388230085372925, -0.06156738102436066, -0.9287087321281433, 1.096173644065857, -2.4474642276763916, 0.0010458454489707947, 0.21311922371387482, -1.0499522686004639, 0.3577548861503601, -1.3646256923675537, 1.278822660446167, 1.1084831953048706, -0.6268844604492188, -0.6929742097854614, 0.7001489400863647, -0.1657705008983612, -0.47902488708496094, -1.0048258304595947, -1.9397614002227783, 2.0338027477264404, 0.17388245463371277, -0.32424360513687134, -0.5477089881896973, -1.3328040838241577, -0.7038378715515137, 0.24080827832221985, 0.24610108137130737, -0.19267967343330383, -0.19975480437278748, 1.0621647834777832, -2.2586863040924072, 0.0028324685990810394, -0.4768607020378113, -0.6158009767532349, -0.640326738357544, 0.7802655100822449, 0.8228131532669067, 2.247338056564331, -0.7644273638725281, 1.0445313453674316, 0.5742406249046326, -1.8298416137695312, -1.4347742795944214, -0.33961546421051025, 0.566563069820404, 0.19827798008918762, 2.261213779449463, -0.19612741470336914, -0.4443766474723816, 0.31249865889549255, -0.7839545011520386, -1.6088486909866333, 0.39956843852996826, 1.1416605710983276, -0.40131956338882446, 1.9792698621749878, 0.992988109588623, -1.1249984502792358, 0.20567336678504944, -0.015600992366671562, -0.6801485419273376, 0.030352026224136353, -0.583458423614502, -0.5228458046913147, 0.47895723581314087, 1.028864860534668, -0.00819311197847128, -1.0802282094955444, 0.6931652426719666, 0.49212270975112915, 1.9499510526657104]",yunet,Facenet,1920,1080,/home/amos/media/tv/modern_family/Modern.Family.S09.1080p.DSNP.WEB-DL.DDP5.1.H.264-CRFW/Modern.Family.S09E21.The.Escape.1080p.DSNP.WEB-DL.DDP5.1.H.264-CRFW.mkv,Modern Family,2009,1442437,9,21,Reid Ewing,967692.0,0.811
1229,366,348,510,546,492,420,420,420,0.909,29736,1,"[-0.11574539542198181, 1.86885404586792, 0.40277761220932007, -1.5175654888153076, 0.5560577511787415, -0.14244404435157776, 0.3208543062210083, -1.6399716138839722, 0.12289301306009293, -0.2840237021446228, 0.40774354338645935, 1.1442880630493164, -1.6773589849472046, -1.5005245208740234, 0.21672341227531433, 2.476810932159424, -0.20250415802001953, 0.5398728847503662, -0.7977844476699829, 0.11295497417449951, 0.7871220111846924, 0.9124698638916016, 0.4486103653907776, -0.6198453903198242, 0.9748549461364746, 1.8981539011001587, -0.6210485696792603, 1.706341028213501, 1.151210069656372, 0.7375462651252747, -0.48255011439323425, 0.06219093129038811, -0.31869959831237793, 0.8734402060508728, -0.5245813131332397, 0.5831208825111389, -0.555978000164032, -0.9937198758125305, -0.6425270438194275, -0.7204446792602539, -0.7241331338882446, -0.3670934736728668, -2.101118564605713, 0.15609531104564667, 1.249316930770874, 0.07917959988117218, -1.4507989883422852, 0.06817389279603958, 0.6146543622016907, 0.3918912708759308, 0.507776141166687, -0.7534335255622864, -0.13161998987197876, 0.7722160220146179, -0.9856373071670532, 0.8925591111183167, -0.8705246448516846, -1.3625904321670532, -0.015244562178850174, 1.8776651620864868, 0.09018336981534958, 0.22795264422893524, 0.03815732151269913, 1.1376662254333496, 1.2523466348648071, -0.3584991693496704, 0.24473980069160461, 0.8095993995666504, 1.8956197500228882, 0.3778325915336609, -0.5366162061691284, 1.3351047039031982, -0.27068766951560974, -0.7102051377296448, 2.084824562072754, -1.0132783651351929, 0.5113366842269897, 0.21093444526195526, 0.2734014093875885, 0.17775432765483856, -2.2369863986968994, -0.11643408238887787, -0.9689119458198547, -0.8843063712120056, -0.535960853099823, 0.17912712693214417, -0.6444505453109741, -1.1962214708328247, 0.5672250986099243, -0.6252309679985046, 1.0610212087631226, 0.010125236585736275, 1.2900464534759521, -1.35352623462677, 1.5770084857940674, -1.2719841003417969, -0.09478041529655457, -0.32507699728012085, -0.04550519585609436, -0.25642910599708557, 1.7565696239471436, 1.3609097003936768, -0.84571772813797, 0.2188369482755661, -0.3240700960159302, 0.918649435043335, -1.4368687868118286, -1.7967358827590942, -1.5220179557800293, -0.026268023997545242, -0.809894859790802, 1.672073483467102, -0.5680155754089355, 0.11941520124673843, 2.6314289569854736, 1.8161158561706543, -0.3580774664878845, 1.0036240816116333, -0.38756000995635986, 1.268293023109436, 1.4330283403396606, 0.7435719966888428, 2.5210888385772705, -0.6821579933166504, -0.09939119219779968, -1.8892624378204346, 0.9760470986366272, 1.9147167205810547]",yunet,Facenet,1920,1080,/home/amos/media/tv/modern_family/Modern.Family.S09.1080p.DSNP.WEB-DL.DDP5.1.H.264-CRFW/Modern.Family.S09E21.The.Escape.1080p.DSNP.WEB-DL.DDP5.1.H.264-CRFW.mkv,Modern Family,2009,1442437,9,21,Adam Devine,212604.0,0.768
1230,702,102,846,300,816,180,756,174,0.926,29760,0,"[0.4039604067802429, 0.09905242919921875, -1.4963586330413818, 1.2150946855545044, -0.17179135978221893, -0.7993477582931519, 0.7676321864128113, -1.0714572668075562, -0.7412753701210022, 1.198698878288269, 0.3963947892189026, -0.6229541301727295, 0.27420228719711304, 0.3589647710323334, -0.28993773460388184, -0.1301148533821106, 0.1799333691596985, -1.170322060585022, -1.3000303506851196, 0.42854201793670654, 1.0439485311508179, -0.05513257905840874, 1.5327963829040527, 0.8247288465499878, 2.21085262298584, 1.049232840538025, 0.9747347831726074, -0.31113287806510925, 1.5063878297805786, -0.9553520083427429, 0.4971926808357239, 1.5332763195037842, 0.3753836750984192, 0.7499140501022339, 0.3317302465438843, -1.3698168992996216, 1.2376980781555176, 0.06441415101289749, 0.7437591552734375, -0.2925046682357788, 0.7377424240112305, 2.669269561767578, 1.3507823944091797, -0.465535044670105, -1.1327506303787231, 1.5850416421890259, -0.36385467648506165, -0.16033388674259186, -0.3354806900024414, 2.3484301567077637, -1.0360873937606812, -0.35674938559532166, 0.44060713052749634, 1.0185599327087402, -0.05284203216433525, 0.76036536693573, -0.8369801640510559, 0.9354446530342102, 0.3372337520122528, -1.0178624391555786, 1.1286002397537231, -0.8824746012687683, 0.247783362865448, 0.9958479404449463, -1.2223081588745117, 0.39450961351394653, -1.4291377067565918, 0.9046370983123779, 1.3639336824417114, -0.26864510774612427, -0.6906827092170715, 1.3388628959655762, 0.0180344395339489, 0.007068522274494171, -1.1522639989852905, -1.8812305927276611, 2.531637668609619, -0.0008168257772922516, 0.015823662281036377, -0.2998514771461487, -1.6670727729797363, -0.31282275915145874, 0.9423326253890991, 0.7324162125587463, -0.1786239743232727, 0.4117193818092346, 1.1073999404907227, -2.062833547592163, -0.36152544617652893, -1.137587547302246, -0.4423849880695343, -0.5373204946517944, 0.2449704110622406, 1.1013097763061523, 2.32425594329834, -0.9003772139549255, 0.891706645488739, 0.09098048508167267, -1.9042041301727295, -2.0103726387023926, -0.48022210597991943, 1.4035944938659668, 0.5913441777229309, 1.2465953826904297, -0.2782697081565857, 0.40310829877853394, 0.5072975158691406, -0.9385958909988403, -1.698834776878357, 0.040443480014801025, 1.4822567701339722, 0.08805350959300995, 1.5033000707626343, 1.3798704147338867, -0.5389074683189392, 1.3907254934310913, -0.8138406276702881, -0.39683836698532104, -0.43584904074668884, -0.256224662065506, -0.04290187358856201, 0.49491721391677856, 1.5675815343856812, -0.7297347784042358, -1.7008851766586304, -0.35835176706314087, 1.1892329454421997, 1.3588296175003052]",yunet,Facenet,1920,1080,/home/amos/media/tv/modern_family/Modern.Family.S09.1080p.DSNP.WEB-DL.DDP5.1.H.264-CRFW/Modern.Family.S09E21.The.Escape.1080p.DSNP.WEB-DL.DDP5.1.H.264-CRFW.mkv,Modern Family,2009,1442437,9,21,Reid Ewing,967692.0,0.794
1231,1578,222,1716,396,1668,294,1608,288,0.921,29760,1,"[0.5743312239646912, 1.0287286043167114, -1.91315758228302, 0.7796212434768677, 0.8858935236930847, 0.3045899569988251, -0.45267754793167114, 0.5052064657211304, -0.2036171853542328, 0.9380894303321838, 1.921952486038208, -0.856552243232727, 0.060942187905311584, -0.22282202541828156, 1.9834221601486206, 0.45400291681289673, -1.0227466821670532, -0.7418645620346069, -2.252671003341675, 0.3930310904979706, -1.2121798992156982, 0.7258374094963074, 1.3375661373138428, -0.21436896920204163, 1.331338882446289, 0.35157763957977295, 0.030205026268959045, 2.054039239883423, 0.563997209072113, -0.41001638770103455, -0.4850960671901703, 0.21831078827381134, 0.14023002982139587, 0.15100601315498352, 0.009462298825383186, 1.508556842803955, -0.6053531765937805, 0.02148452401161194, -0.7432319521903992, -1.4330801963806152, 1.0377025604248047, 1.6144461631774902, 0.1341681033372879, -1.1011910438537598, 0.5197572708129883, -1.0355912446975708, 0.4047713875770569, -0.12251247465610504, 0.7945206165313721, 2.1570072174072266, -0.15714050829410553, -0.7897480726242065, 1.1762723922729492, 1.0750259160995483, -1.059996485710144, 0.08852872997522354, -0.9537129402160645, 0.03347277268767357, 0.5451642870903015, -0.5683172345161438, -0.07814192026853561, 0.319302499294281, 0.7323718667030334, 1.2922558784484863, 0.7441028356552124, -1.087511658668518, -1.6119307279586792, 0.2285013347864151, 1.4943068027496338, -0.21088917553424835, -1.4567633867263794, 0.6232655048370361, -0.8881433606147766, 0.010189816355705261, -1.2516109943389893, -0.712455689907074, 0.5957857370376587, -0.013513889163732529, 0.8202424645423889, 0.8646419644355774, -0.8019595742225647, -0.38576367497444153, 0.7582361698150635, 0.7529833316802979, 0.9052283763885498, -0.9786430597305298, 1.7392722368240356, 0.6920018792152405, 1.0368119478225708, -1.3801831007003784, 0.12459245324134827, 0.5258269906044006, 0.4022807478904724, 1.4181517362594604, 1.0041661262512207, -0.5530074238777161, -1.2433453798294067, -1.2534542083740234, -1.4228546619415283, -0.20440366864204407, -0.14363306760787964, 0.7508487701416016, -0.9075777530670166, 0.1989867091178894, 0.6985974907875061, 1.225406289100647, 0.39471814036369324, -0.9887862205505371, -0.1397918164730072, 1.361395001411438, 1.1538786888122559, 0.7240449786186218, -1.252197027206421, 2.3531408309936523, 0.7707554697990417, 1.1023904085159302, -0.4567318558692932, -1.4600647687911987, 0.34809041023254395, 0.3142319917678833, 0.24432112276554108, 0.7002040147781372, 1.0950278043746948, 0.2082822322845459, -0.4002367854118347, -1.278595209121704, 1.7199361324310303, 0.8307438492774963]",yunet,Facenet,1920,1080,/home/amos/media/tv/modern_family/Modern.Family.S09.1080p.DSNP.WEB-DL.DDP5.1.H.264-CRFW/Modern.Family.S09E21.The.Escape.1080p.DSNP.WEB-DL.DDP5.1.H.264-CRFW.mkv,Modern Family,2009,1442437,9,21,,,
1232,246,294,390,492,366,366,300,366,0.912,29760,2,"[-0.15756402909755707, 2.0473949909210205, 0.927335798740387, -1.3346784114837646, 0.43289124965667725, -0.214769646525383, 0.35538843274116516, -2.1587414741516113, -0.2443658709526062, -0.18887822329998016, 0.4295048117637634, 1.407284140586853, -1.3963189125061035, -2.187441825866699, 0.44662365317344666, 2.1669809818267822, 0.3025384545326233, 0.3982529640197754, -0.7978966236114502, 0.2765474021434784, 0.7189639806747437, 0.7902570366859436, 0.5336728692054749, -0.5559990406036377, 0.4779838025569916, 1.5292973518371582, -0.24653729796409607, 1.9817731380462646, 1.311560869216919, 0.9931226968765259, -0.24267280101776123, -0.02545904740691185, -0.1500350534915924, 0.30562078952789307, -0.509634256362915, 0.2015882432460785, -0.40114444494247437, -0.9150879383087158, -0.922329843044281, -0.5905325412750244, -0.8961396217346191, -0.6050368547439575, -2.4054996967315674, 0.6087974905967712, 1.7139424085617065, 0.28253161907196045, -0.9804023504257202, -0.06576254218816757, 0.9970881342887878, 0.38381537795066833, 0.6779766082763672, -1.4902535676956177, 0.11678603291511536, 0.5521342754364014, -0.9866958856582642, 0.8840206265449524, -1.0685925483703613, -1.0611106157302856, -0.10290944576263428, 1.685516357421875, -0.1968015432357788, 0.09479875862598419, -0.20881739258766174, 0.6736525297164917, 0.6329770088195801, -0.07949982583522797, 0.43807390332221985, 0.7032468318939209, 2.1926403045654297, 0.237553209066391, -1.0300629138946533, 1.264774203300476, -0.2701394259929657, -0.5075508952140808, 1.4934704303741455, -0.5083230137825012, 0.341752290725708, 0.26889991760253906, 0.2571466267108917, 0.1791815310716629, -2.5049397945404053, -0.09167908877134323, -0.9712254405021667, -0.9004600048065186, -0.126184344291687, 0.16456209123134613, -0.031751785427331924, -1.1944022178649902, 0.4211849272251129, -0.5800217986106873, 0.8767783641815186, 0.26478612422943115, 1.3625993728637695, -1.2615647315979004, 1.6737171411514282, -1.435649037361145, -0.005644478835165501, -0.38430526852607727, 0.26840877532958984, -0.5046812295913696, 1.6401615142822266, 1.5710018873214722, -0.3380242586135864, 0.02182219736278057, -0.4437530040740967, 1.073244571685791, -1.3597584962844849, -1.262773036956787, -1.1828800439834595, -0.2582509517669678, -1.2671623229980469, 1.604013442993164, -1.0301560163497925, -0.01077519915997982, 2.0477986335754395, 2.5866177082061768, -0.28702765703201294, 0.8048067092895508, -0.7698589563369751, 1.2086654901504517, 1.4411741495132446, 0.7295162677764893, 2.32246732711792, -0.7739875316619873, 0.123700350522995, -1.8429579734802246, 0.552476167678833, 1.5675618648529053]",yunet,Facenet,1920,1080,/home/amos/media/tv/modern_family/Modern.Family.S09.1080p.DSNP.WEB-DL.DDP5.1.H.264-CRFW/Modern.Family.S09E21.The.Escape.1080p.DSNP.WEB-DL.DDP5.1.H.264-CRFW.mkv,Modern Family,2009,1442437,9,21,Adam Devine,212604.0,0.779
1233,1392,126,1542,324,1488,210,1422,210,0.935,29784,0,"[-0.8545942306518555, -0.2537325620651245, -1.0664979219436646, 2.167381525039673, 0.22497306764125824, 1.5655581951141357, -1.0113401412963867, 1.2981897592544556, -0.6670922636985779, 0.1583411544561386, 1.341274380683899, -1.0767216682434082, -0.21357475221157074, -0.21269617974758148, 0.8331073522567749, 0.7393121719360352, 0.46450182795524597, -0.2936212122440338, -1.5664297342300415, 0.6580334901809692, -1.2074329853057861, 1.0458238124847412, -0.01869211718440056, 1.5676952600479126, -1.1932693719863892, -1.2419347763061523, -0.9137542247772217, 2.2624974250793457, 0.128812775015831, -0.49281996488571167, 0.3117566704750061, 0.24509519338607788, -2.061109781265259, 0.7306080460548401, -0.4511494040489197, 0.104376882314682, -0.47580215334892273, -0.7369782328605652, -1.29799222946167, 0.1399812549352646, -0.12761923670768738, -0.7098169922828674, 1.164656639099121, -0.7532868385314941, 1.4051482677459717, -0.2987484335899353, 2.240276575088501, 0.09738829731941223, 2.055351972579956, -0.7197372913360596, 0.07299770414829254, 0.163184255361557, 0.12319660931825638, 1.141740083694458, -1.724626064300537, 0.7521471381187439, -0.5363401174545288, 0.4319164454936981, -1.58137845993042, 0.415779173374176, -1.3751327991485596, 2.276287078857422, 1.4764522314071655, 2.827597141265869, 1.2833685874938965, 0.1332702487707138, 2.107980251312256, 1.3417798280715942, 0.45349735021591187, -0.6823897361755371, 0.4232236444950104, 0.536381721496582, 0.6957152485847473, 2.061852216720581, -0.6254604458808899, 0.49626389145851135, -0.9331797361373901, 0.7964192032814026, -1.0848575830459595, 1.6514642238616943, -0.23818475008010864, -0.9506809711456299, -0.411652147769928, -0.14675438404083252, -1.307962417602539, -0.9566785097122192, -0.4527008831501007, 0.21114574372768402, -0.5011017918586731, -2.474569320678711, 2.9662978649139404, -0.31101474165916443, 0.09913648664951324, 1.1278349161148071, 1.1910306215286255, 0.4792412519454956, -0.39619776606559753, 0.656765341758728, 0.6429446935653687, 0.9712004065513611, -0.7292160391807556, 0.10472620278596878, -1.1028330326080322, 1.0057587623596191, 0.2558267414569855, -0.07924376428127289, -0.6401922106742859, -1.812487006187439, -0.1518194079399109, -0.7190265655517578, -1.2014178037643433, 0.9996181726455688, 0.5374495983123779, 0.4408738911151886, -0.5510239005088806, -0.19785676896572113, 0.006845811381936073, 0.05793246254324913, -1.4667161703109741, 0.8840258717536926, -2.016026020050049, -0.022618792951107025, 1.8435536623001099, -0.11612923443317413, 0.21112103760242462, -0.08050763607025146, 1.2847654819488525, -0.5159897208213806]",yunet,Facenet,1920,1080,/home/amos/media/tv/modern_family/Modern.Family.S09.1080p.DSNP.WEB-DL.DDP5.1.H.264-CRFW/Modern.Family.S09E21.The.Escape.1080p.DSNP.WEB-DL.DDP5.1.H.264-CRFW.mkv,Modern Family,2009,1442437,9,21,Nathan Fillion,51797.0,0.688
1234,222,276,360,456,336,348,282,342,0.908,29784,1,"[-0.010364338755607605, 1.4777635335922241, 0.8430402278900146, -1.761680006980896, -0.173495352268219, 0.2153439223766327, -0.1358175426721573, -1.9466476440429688, -0.7660845518112183, -0.06698643416166306, 0.03038809448480606, 1.446537733078003, -1.6460487842559814, -1.370467185974121, 0.058784354478120804, 1.5551191568374634, 0.14385099709033966, -0.03331020101904869, -0.2602335214614868, 0.04153061285614967, 1.407302975654602, 0.224591925740242, 0.5735089182853699, -0.6846962571144104, 0.7099119424819946, 1.0052101612091064, -0.5061171054840088, 1.8629112243652344, 0.9101229906082153, 0.8317663073539734, 0.12237276136875153, 0.5734630227088928, 0.0831608921289444, 0.7761784791946411, -0.4221833050251007, 0.2919289469718933, -0.16004648804664612, -0.9838209748268127, -0.6814547777175903, -0.4402344226837158, -0.86301589012146, -0.05712810158729553, -2.692394256591797, 0.026783175766468048, 0.9633044600486755, 0.12157635390758514, -0.7667092680931091, 0.8720791339874268, 0.08287642896175385, 0.4636989235877991, 0.8841925263404846, -1.271426796913147, 0.24619203805923462, 0.5078229308128357, -0.5868294835090637, 1.2777042388916016, -1.1080505847930908, -0.8938184380531311, 0.038436464965343475, 1.2028312683105469, 0.36293086409568787, -0.14329326152801514, -0.6926476359367371, 0.7756175994873047, 0.5660001635551453, -0.5633567571640015, 0.35412871837615967, 0.8614037036895752, 1.4618602991104126, 0.2698271572589874, -0.781343936920166, 1.055739164352417, 0.23358231782913208, -0.4369523525238037, 1.583812952041626, -0.22495663166046143, 1.1706782579421997, 0.5958700776100159, -0.19892659783363342, 0.0409952849149704, -2.985635995864868, -0.12741033732891083, -0.8837668299674988, -0.5205641984939575, 0.07133252918720245, 0.31771090626716614, 0.6810365915298462, -1.50588059425354, 1.0280908346176147, -0.3339915871620178, 0.27934110164642334, 0.020716829225420952, 0.8900589942932129, -1.1030924320220947, 2.405694007873535, -1.0165845155715942, 0.447956383228302, -0.788987934589386, 0.6096220016479492, -0.30250659584999084, 1.6578294038772583, 2.024338483810425, -0.43575406074523926, -0.49096161127090454, -0.40052294731140137, 0.4985150098800659, -0.89249187707901, -0.5849663019180298, 0.0654376745223999, -0.7425673007965088, -1.3926928043365479, 0.8818488121032715, -1.1745502948760986, -0.14100928604602814, 1.8121880292892456, 2.858180522918701, 0.1970541775226593, 1.2895313501358032, -1.3707337379455566, 0.58091139793396, 1.0865352153778076, 0.9201653003692627, 2.0771186351776123, -0.6612299084663391, 0.6670106649398804, -1.7041683197021484, 0.02325809933245182, 1.3901798725128174]",yunet,Facenet,1920,1080,/home/amos/media/tv/modern_family/Modern.Family.S09.1080p.DSNP.WEB-DL.DDP5.1.H.264-CRFW/Modern.Family.S09E21.The.Escape.1080p.DSNP.WEB-DL.DDP5.1.H.264-CRFW.mkv,Modern Family,2009,1442437,9,21,Adam Devine,212604.0,0.789
1235,1398,156,1548,354,1500,240,1434,240,0.925,29808,0,"[-0.37669670581817627, -0.1295161247253418, -0.3247043788433075, 0.5042826533317566, -0.22768232226371765, 0.8061283826828003, -1.821887731552124, 0.7588675618171692, -0.4838902950286865, -0.4684258997440338, 1.0990325212478638, 0.07308365404605865, -0.884634256362915, -0.2511129379272461, 0.8648003339767456, 1.6844664812088013, 0.5928299427032471, -0.01845012605190277, -0.7291385531425476, 1.2876343727111816, -1.4295316934585571, 1.1082957983016968, 0.14881208539009094, 1.759211778640747, -0.6743653416633606, 0.26176726818084717, -0.9364234209060669, 2.2338294982910156, 1.3442106246948242, 0.9460728764533997, 0.3712559938430786, 0.5532914996147156, -2.5721335411071777, 1.1994460821151733, -0.7352179288864136, 0.23624077439308167, 0.8251967430114746, -0.33443889021873474, -0.7289848923683167, 0.6950974464416504, -0.6986757516860962, -1.3934663534164429, 0.04871407896280289, -0.8650580048561096, 1.1856615543365479, -0.5951844453811646, 1.6257697343826294, -0.0824831873178482, 1.5697587728500366, 0.09404151886701584, 0.7395815849304199, -0.5269470810890198, 1.3252304792404175, 1.4463140964508057, -2.034646511077881, -0.09094003587961197, -0.5754907727241516, 1.0616445541381836, -0.8400102257728577, 1.4083772897720337, -1.7942156791687012, 0.9946932196617126, 0.9016546010971069, 2.0375964641571045, 1.0869338512420654, -0.3171811103820801, 2.690216541290283, 0.6251803636550903, 0.4470430314540863, -0.7207051515579224, 0.8007979393005371, 0.3593803346157074, 0.6544849276542664, 2.8532755374908447, -0.9901570081710815, 0.16411784291267395, -0.5875210762023926, 0.467535138130188, -0.5095092058181763, 0.36371320486068726, -1.226611614227295, -1.3752020597457886, -0.43361565470695496, -0.23066815733909607, -1.8654890060424805, -0.8880579471588135, -0.25343775749206543, -0.08671366423368454, -0.16590943932533264, -2.088676691055298, 2.04130482673645, -1.1950418949127197, -0.9772943258285522, -0.8785077333450317, 1.2281267642974854, 0.29546496272087097, -0.31262001395225525, -0.05055548995733261, 1.090782880783081, -0.020734764635562897, 0.14270800352096558, 0.7852219939231873, -0.9733527898788452, 0.3686842620372772, -0.8211359977722168, 0.9954026341438293, -0.7836635708808899, -2.3935794830322266, 0.4990333914756775, -1.141733169555664, -0.9712741374969482, 0.9743694067001343, 1.0656371116638184, -1.002291202545166, 1.5437999963760376, -0.4012039601802826, 0.2664785385131836, -0.24240350723266602, -1.4849982261657715, 0.8695140480995178, -1.3107342720031738, -0.675268292427063, 1.8673720359802246, -0.945410430431366, -0.16350367665290833, 0.6152939796447754, 1.8315943479537964, -0.5261942148208618]",yunet,Facenet,1920,1080,/home/amos/media/tv/modern_family/Modern.Family.S09.1080p.DSNP.WEB-DL.DDP5.1.H.264-CRFW/Modern.Family.S09E21.The.Escape.1080p.DSNP.WEB-DL.DDP5.1.H.264-CRFW.mkv,Modern Family,2009,1442437,9,21,Nathan Fillion,51797.0,0.742
1236,1404,156,1554,348,1494,234,1440,234,0.93,29832,0,"[0.01715802028775215, 0.09208029508590698, -1.4502308368682861, 1.6313080787658691, 0.006350168026983738, 2.11740779876709, -0.3538545072078705, 2.0069785118103027, -0.5240122675895691, -0.20697671175003052, 2.3448126316070557, -0.473440557718277, -0.6885700821876526, 0.11149115860462189, 0.14269152283668518, 0.4578400254249573, 0.4395005404949188, -0.09925894439220428, -0.8663022518157959, 1.3779146671295166, -2.5481655597686768, 0.46248140931129456, 0.7784833908081055, 1.4029067754745483, -0.17367860674858093, 0.02704988792538643, -1.232723593711853, 2.0757319927215576, 0.23372124135494232, -0.4759625494480133, 0.7646484375, 0.038100000470876694, -1.2195525169372559, -0.4937381446361542, -1.0893590450286865, -0.6843392848968506, 0.2368341088294983, 0.4298846423625946, -0.7205427885055542, 0.9672331809997559, -0.11954441666603088, -0.8057860136032104, 1.5090582370758057, 0.06290875375270844, 1.3066853284835815, -0.011498869396746159, 2.214078903198242, -0.30626147985458374, 1.9868260622024536, 0.1085086241364479, 0.5007568597793579, 0.31589004397392273, 1.1641192436218262, 0.27263158559799194, -1.502949833869934, 0.9704904556274414, -0.39132359623908997, 1.6762887239456177, -0.7835841178894043, 1.866844892501831, 0.17383521795272827, 1.4996144771575928, 1.89218008518219, 1.7571959495544434, 1.328141689300537, -0.034649670124053955, 1.2812995910644531, 1.4079256057739258, 1.504746675491333, -0.6594517230987549, -0.26729971170425415, 0.9225361347198486, -0.3125275671482086, 2.5322890281677246, -1.3607919216156006, 0.3908383846282959, -0.5058395862579346, 0.433576375246048, -0.11386217176914215, 2.2461512088775635, -0.3631308078765869, -0.6490374803543091, 0.7785564064979553, -0.507915735244751, -1.8104828596115112, -0.9854552745819092, -0.47898417711257935, -0.03850706294178963, 0.40622803568840027, -2.2795276641845703, 1.652793049812317, -1.8888839483261108, -0.6034483313560486, 0.918907880783081, 0.8677833676338196, -0.21977916359901428, -1.0207030773162842, 0.288122296333313, -0.8207647204399109, 0.1607464998960495, -0.18136762082576752, -0.7624655365943909, -0.3988325595855713, 1.703292965888977, -1.140758991241455, -0.030841408297419548, -0.10890825092792511, -2.3346941471099854, -0.0756235122680664, -0.28377464413642883, -0.7303696274757385, 1.8453595638275146, 1.1571890115737915, 0.3838220238685608, -0.20170657336711884, -0.9533426761627197, -0.46568048000335693, -0.6109045743942261, -0.1093217059969902, 0.4065004587173462, -1.1947941780090332, 0.5195068120956421, 1.0223958492279053, 0.4317414164543152, -1.011927843093872, 0.005873769521713257, 1.2696449756622314, -0.7237961292266846]",yunet,Facenet,1920,1080,/home/amos/media/tv/modern_family/Modern.Family.S09.1080p.DSNP.WEB-DL.DDP5.1.H.264-CRFW/Modern.Family.S09E21.The.Escape.1080p.DSNP.WEB-DL.DDP5.1.H.264-CRFW.mkv,Modern Family,2009,1442437,9,21,Nathan Fillion,51797.0,0.678
1237,906,210,1062,444,1056,306,1026,306,0.909,29856,0,"[0.6415431499481201, -2.5779452323913574, -0.9446575045585632, -0.8692264556884766, 0.39578649401664734, 1.7369147539138794, 0.2689473628997803, 1.2254573106765747, 0.9589820504188538, 0.665691077709198, -0.49160832166671753, -0.6034608483314514, -0.8539314270019531, 0.8322817087173462, -1.0112128257751465, -0.5985968112945557, -1.705456018447876, -1.3251309394836426, 0.9592461585998535, -1.2439723014831543, 1.1664271354675293, -0.9912793636322021, -0.386756956577301, -0.8211368918418884, 0.4588567316532135, 0.41453269124031067, 0.41813284158706665, -1.634204626083374, -0.15734684467315674, -1.1953824758529663, -0.8047546148300171, 1.8192243576049805, -1.2274783849716187, -0.015488840639591217, 0.12985184788703918, -0.06793992221355438, -0.8005737066268921, 0.47082242369651794, 1.7594232559204102, -1.7141780853271484, 1.5058141946792603, 1.5481276512145996, -1.1774120330810547, -2.602504014968872, -0.012685300782322884, -1.164074420928955, -0.07811223715543747, 1.947221279144287, 0.3538430333137512, -0.09580512344837189, -0.9795845150947571, 0.9026169776916504, -0.8518693447113037, -0.14307138323783875, 0.6369740962982178, -1.1197702884674072, 1.6473567485809326, 1.562285304069519, -0.2664529085159302, 0.0605572834610939, 0.23558169603347778, -1.5499659776687622, 0.6135066747665405, 1.7026135921478271, 0.7193504571914673, -0.11297714710235596, 0.4606708884239197, -0.11070337891578674, 0.19244563579559326, -0.5671435594558716, -0.006029358133673668, 0.3452783524990082, -2.527313232421875, 2.418696403503418, 0.3977549076080322, -2.270218849182129, -1.1674482822418213, 1.3157662153244019, -0.1189471036195755, 0.585301399230957, -1.6485724449157715, -1.2910878658294678, 1.6907274723052979, -1.7608102560043335, -2.1982240676879883, 0.04587940871715546, 1.0477298498153687, -0.27890920639038086, -0.8966623544692993, -1.1348401308059692, -0.1797778606414795, -0.2652668356895447, -0.35008829832077026, 0.805866003036499, 1.9137117862701416, 1.1107792854309082, -1.335789442062378, 0.0766872838139534, 0.223316490650177, 1.046197772026062, -1.6535016298294067, -0.2813357412815094, -1.4201598167419434, 0.3807617425918579, 0.31139278411865234, -0.07833276689052582, 0.24476391077041626, -0.7231630086898804, 0.03596487641334534, -0.19072960317134857, 0.533693790435791, -1.8946497440338135, 0.5878740549087524, -0.35592639446258545, -0.3275260031223297, 1.190733551979065, 0.7980071306228638, 1.008702039718628, -1.204542636871338, -0.15531808137893677, -1.9323999881744385, 1.3488856554031372, 0.3874524235725403, 0.5780452489852905, -1.2374902963638306, 1.1016286611557007, -1.080600380897522, -1.2896653413772583]",yunet,Facenet,1920,1080,/home/amos/media/tv/modern_family/Modern.Family.S09.1080p.DSNP.WEB-DL.DDP5.1.H.264-CRFW/Modern.Family.S09E21.The.Escape.1080p.DSNP.WEB-DL.DDP5.1.H.264-CRFW.mkv,Modern Family,2009,1442437,9,21,Chris Geere,62879.0,0.685
1238,264,342,390,528,378,408,348,408,0.907,29856,1,"[1.4640767574310303, 1.4787766933441162, 0.39689895510673523, -0.3448440730571747, 0.5895146727561951, 0.2328152060508728, 0.8136468529701233, -2.490943431854248, -0.1313781589269638, 0.03479627147316933, 0.2856311798095703, 0.5957999229431152, 0.39566361904144287, -0.26794713735580444, 0.36358579993247986, 1.5472407341003418, -1.075508713722229, -1.8176052570343018, -1.8900271654129028, -0.37477317452430725, 0.3334805965423584, 2.1286699771881104, 0.7691078782081604, -0.4155180752277374, 0.7720763683319092, 0.3279401957988739, -0.5566631555557251, 2.0715444087982178, 0.5026405453681946, 0.8114975094795227, 0.28157633543014526, -0.32776275277137756, -0.5245343446731567, 0.7953535318374634, 0.10955259203910828, 0.22752085328102112, -1.170285940170288, -1.6474841833114624, -0.5559029579162598, -0.41230759024620056, -0.7717136740684509, -0.20338822901248932, -1.954330325126648, -1.6031960248947144, 1.2388336658477783, -0.9186711311340332, -0.6618481874465942, 0.0768461599946022, 0.7389675974845886, 0.29662230610847473, 0.9352512955665588, -2.811016321182251, -0.5333990454673767, -1.1230217218399048, -1.1872570514678955, -0.19831949472427368, 0.7273988723754883, -0.9329402446746826, 0.2093147188425064, -0.13838961720466614, -0.843963086605072, -0.12478531897068024, 0.5211114287376404, -0.39878901839256287, -0.8854420781135559, -1.780002236366272, 0.20338396728038788, 0.12566637992858887, 0.18245145678520203, -0.03806913644075394, -0.47278815507888794, 0.8644393682479858, 0.3100223243236542, -0.9156327843666077, 0.7463946342468262, -0.3761804401874542, 1.4375046491622925, 1.4024771451950073, 0.7465335726737976, -0.19158554077148438, -1.497330904006958, -0.20151829719543457, -0.940230667591095, -0.7710696458816528, -0.6296128034591675, -0.32510894536972046, 0.8032302856445312, -0.6348528861999512, 1.960506796836853, -1.1983627080917358, 1.933819055557251, 0.3756888210773468, 1.1797292232513428, -0.5326372385025024, 2.6666908264160156, -0.40107789635658264, -0.0762348473072052, 0.1550230234861374, 0.3849611282348633, -0.6118984222412109, 1.7545863389968872, 0.8077887296676636, -0.7407735586166382, -1.3974660634994507, 0.8048254251480103, 0.4462248682975769, 0.040988292545080185, -1.0297951698303223, -0.4840523600578308, -0.09510046243667603, -0.40361660718917847, 1.3119701147079468, -0.9490914344787598, 0.3275194466114044, 2.4107203483581543, 1.9927053451538086, 0.5757426023483276, 0.7711057662963867, -1.386932373046875, 1.3317217826843262, 0.03848499804735184, 0.8101671934127808, 2.166553497314453, -0.2066635638475418, 1.8342502117156982, -1.435156226158142, -0.7623030543327332, 0.2773118019104004]",yunet,Facenet,1920,1080,/home/amos/media/tv/modern_family/Modern.Family.S09.1080p.DSNP.WEB-DL.DDP5.1.H.264-CRFW/Modern.Family.S09E21.The.Escape.1080p.DSNP.WEB-DL.DDP5.1.H.264-CRFW.mkv,Modern Family,2009,1442437,9,21,Adam Devine,212604.0,0.589
1239,882,156,1170,528,1074,300,960,300,0.939,29880,0,"[-0.051133543252944946, -0.7741998434066772, 0.4038532078266144, 2.039102077484131, 0.6557487845420837, -0.3001079261302948, 1.3672733306884766, -2.1179468631744385, -1.3017572164535522, 2.339536428451538, -1.1333884000778198, 1.4884319305419922, 0.24924378097057343, 0.18443089723587036, -0.34701117873191833, -1.1521191596984863, -0.5980477333068848, -0.11596687138080597, -2.6278789043426514, 0.031836722046136856, -0.3927674889564514, -0.26771748065948486, 1.0520004034042358, -0.7450658082962036, 0.04193614423274994, 0.4969509243965149, 0.7083780765533447, -0.7196677327156067, 2.1441292762756348, 0.110170878469944, 0.3722999393939972, -1.3888840675354004, -1.555165410041809, -1.1458240747451782, 1.0151331424713135, -1.7644963264465332, -2.207460880279541, 0.7139659523963928, -0.43222886323928833, -1.1435139179229736, -0.698517382144928, 0.39782005548477173, 1.1449328660964966, 1.3710235357284546, 0.29613184928894043, -1.340354561805725, 0.32162949442863464, 1.1805126667022705, -1.0126286745071411, 1.054657220840454, -0.7539077401161194, 1.5204546451568604, 1.2836090326309204, -0.5664470791816711, 0.19318026304244995, 0.2209896594285965, 1.5676664113998413, 1.1360617876052856, -0.6443783640861511, -0.17821428179740906, -0.06610886752605438, -0.9554144740104675, -0.31309840083122253, 0.8879991769790649, -0.8666765689849854, 1.9969348907470703, -0.9308735132217407, -0.5348767042160034, -0.27307766675949097, 0.2355184704065323, -0.26302847266197205, -0.2793689966201782, 0.7089332938194275, 0.4862658381462097, 1.1075294017791748, -1.222811222076416, 0.3461083769798279, -0.5783767104148865, 0.15426293015480042, -0.5396132469177246, -0.2677336037158966, 0.46399232745170593, 0.4138733148574829, 1.0253759622573853, -0.3230690658092499, 0.39517682790756226, 0.15455959737300873, -1.4422372579574585, 1.0580602884292603, -0.579856812953949, -2.006190061569214, 0.49546483159065247, 0.6952240467071533, 0.5426059365272522, 2.334916114807129, 0.7338966727256775, -0.04724175110459328, -0.08603093028068542, -0.3781740069389343, -2.7706284523010254, 0.132777601480484, -0.21762046217918396, -0.7887639999389648, 1.6370819807052612, 2.001850128173828, -0.13803842663764954, 1.1122878789901733, -0.5916705131530762, 1.509636402130127, -1.0359584093093872, 1.4130890369415283, 2.3312432765960693, 0.6938973665237427, 1.8059372901916504, -0.3592962920665741, 0.7789615392684937, -1.5276049375534058, 1.303357481956482, -0.7017465829849243, -0.30528372526168823, 1.4725617170333862, -1.2793796062469482, -0.5139144659042358, -0.6471200585365295, -1.5700629949569702, 1.256102204322815, 0.9114702343940735, -0.9354749917984009]",yunet,Facenet,1920,1080,/home/amos/media/tv/modern_family/Modern.Family.S09.1080p.DSNP.WEB-DL.DDP5.1.H.264-CRFW/Modern.Family.S09E21.The.Escape.1080p.DSNP.WEB-DL.DDP5.1.H.264-CRFW.mkv,Modern Family,2009,1442437,9,21,Sarah Hyland,91351.0,0.645
1240,1086,186,1302,504,1254,312,1152,312,0.905,30120,0,"[-2.474733591079712, 0.23717263340950012, 0.5059834122657776, -1.45824134349823, 1.3757601976394653, -0.3190740644931793, -1.1519980430603027, 1.5942749977111816, -0.7214672565460205, -0.7683516144752502, 1.329629898071289, 0.9621005058288574, -0.6757919788360596, 0.2645910978317261, 0.3505246043205261, 1.188270092010498, -0.11571694910526276, 0.7113345265388489, -1.1045987606048584, -0.6511396169662476, -0.29568982124328613, 0.33178505301475525, 0.24237358570098877, -0.6223207116127014, -0.48249098658561707, 1.4487183094024658, -2.6079914569854736, 0.8114556670188904, -0.4414684772491455, -2.7435998916625977, 0.675828218460083, -0.259592741727829, -0.06639701873064041, -0.3864268660545349, 0.30524271726608276, 1.4066647291183472, -0.9002923369407654, 1.1677451133728027, 0.4730369448661804, 0.19877630472183228, -1.9616656303405762, 0.5285486578941345, 1.1126959323883057, -1.1044204235076904, -1.2178239822387695, 0.6226750016212463, -0.0007805041968822479, -0.11709101498126984, -0.8900405764579773, 0.5036784410476685, -0.0449846014380455, -0.1955215185880661, -0.6682816743850708, 0.7882109880447388, -0.42467695474624634, -0.5339653491973877, 0.22988612949848175, -0.21443107724189758, -0.5171425342559814, 0.5625752210617065, 0.928375244140625, -1.2017085552215576, -1.2151931524276733, 1.5698693990707397, 1.4728895425796509, -1.7117936611175537, -0.1643296480178833, -0.45204222202301025, 1.6884664297103882, 1.2008754014968872, -0.20836134254932404, 0.9233114719390869, -2.245286464691162, 1.9950693845748901, 2.191331386566162, 0.5701715350151062, 0.8760219812393188, 0.7752817273139954, -0.6371059417724609, 1.6852120161056519, -0.4243432879447937, -0.20841796696186066, -1.0993446111679077, -0.06351389735937119, -0.8830082416534424, 0.9677178859710693, 1.2442573308944702, -0.9347495436668396, -2.6012511253356934, 1.1638082265853882, 0.516715407371521, -1.8645033836364746, 0.18692976236343384, -1.820188045501709, -0.06448768079280853, 0.4398951530456543, -1.5513840913772583, 1.9283077716827393, 1.1687898635864258, -1.3326917886734009, -1.9826329946517944, -2.0830798149108887, -0.6047037243843079, 1.1726596355438232, 0.9870665669441223, -0.8529131412506104, -0.872376561164856, -0.32579687237739563, 0.4229268431663513, 0.12973085045814514, 1.3438868522644043, -0.5849194526672363, -0.3402611315250397, 2.2050387859344482, 1.4862030744552612, 0.6124758720397949, 1.1711782217025757, -0.4233980178833008, -0.5989896059036255, 0.44919782876968384, -0.16897346079349518, -1.1105260848999023, -1.5005760192871094, 1.1836971044540405, -1.271736741065979, -1.5432264804840088, -1.6800596714019775, 0.6523014307022095]",yunet,Facenet,1920,1080,/home/amos/media/tv/modern_family/Modern.Family.S09.1080p.DSNP.WEB-DL.DDP5.1.H.264-CRFW/Modern.Family.S09E21.The.Escape.1080p.DSNP.WEB-DL.DDP5.1.H.264-CRFW.mkv,Modern Family,2009,1442437,9,21,Julie Bowen,31171.0,0.685
1241,990,174,1254,540,1182,318,1056,324,0.906,30144,0,"[-2.2179181575775146, 0.23338326811790466, -0.07994122058153152, 0.31328755617141724, 1.7285008430480957, -0.39199474453926086, -0.867391049861908, 0.5168813467025757, 0.5589448809623718, -1.3213449716567993, 0.4896455407142639, 1.4730199575424194, 0.9832945466041565, -1.2197092771530151, -0.23907989263534546, 0.7317352890968323, -1.0643948316574097, 0.5578746795654297, -1.934342861175537, 0.16271232068538666, 0.32331791520118713, 1.252506971359253, 0.7969444394111633, -0.6403306722640991, -0.7247576117515564, 0.4420183002948761, -2.2398438453674316, 1.1315982341766357, -0.07142670452594757, -1.6908053159713745, 0.3587387204170227, -1.04544198513031, 0.08695010095834732, -0.7814340591430664, -0.19964462518692017, 0.13536229729652405, -1.3193910121917725, 0.6145210862159729, -0.4018270969390869, -1.0220698118209839, -0.7493300437927246, 1.0375698804855347, 1.0387225151062012, -1.198346495628357, -1.4454913139343262, 0.7456533312797546, 0.3885604739189148, -0.9652106761932373, -1.678473949432373, 1.4065251350402832, 0.6277868747711182, -0.29096102714538574, -0.0008763149380683899, -0.25730079412460327, -0.14658385515213013, -0.19894015789031982, 0.4524664282798767, -1.4510583877563477, -1.60170578956604, 0.17568671703338623, 1.2862380743026733, -1.1961778402328491, -0.7584695816040039, 0.5326924920082092, 0.3691680133342743, -0.9725478291511536, 0.23803064227104187, -0.9118112325668335, 0.7788997292518616, 0.5045255422592163, 0.6977493166923523, 1.0743470191955566, -2.0502896308898926, 1.6296595335006714, 1.7813267707824707, 0.6579427719116211, 0.605034589767456, 1.0339065790176392, 0.07049543410539627, 0.7988192439079285, -0.23561537265777588, 0.6708241701126099, 0.2686690092086792, 0.961918830871582, -0.26950541138648987, 0.7637218236923218, 2.310654878616333, -0.5477712750434875, -1.6543769836425781, 0.9313036799430847, 0.0430234894156456, -1.7422267198562622, 0.7331490516662598, 0.5246196389198303, 0.34974154829978943, -0.19975832104682922, -0.8851630687713623, 2.0868215560913086, 0.22099792957305908, -2.09273624420166, -0.294050395488739, -2.3797295093536377, -0.1740436851978302, 1.3712775707244873, 1.26771080493927, -0.8785664439201355, -0.9023869633674622, 0.20093929767608643, -0.11310870945453644, 0.9121778011322021, 1.5954699516296387, 0.29641473293304443, 0.024324651807546616, 2.4586870670318604, 0.7144142389297485, 0.3117034137248993, -0.04313652962446213, -0.4900718927383423, -1.2160462141036987, -0.6967553496360779, 0.5729596018791199, -0.7291769981384277, -1.440076231956482, 1.498279333114624, -0.8531990051269531, -1.4996089935302734, -2.6197643280029297, 0.21496638655662537]",yunet,Facenet,1920,1080,/home/amos/media/tv/modern_family/Modern.Family.S09.1080p.DSNP.WEB-DL.DDP5.1.H.264-CRFW/Modern.Family.S09E21.The.Escape.1080p.DSNP.WEB-DL.DDP5.1.H.264-CRFW.mkv,Modern Family,2009,1442437,9,21,Julie Bowen,31171.0,0.591
1242,924,174,1218,600,1146,348,1014,348,0.915,30168,0,"[-2.0811803340911865, -0.5177110433578491, 0.5622069239616394, -0.2953442335128784, 0.88055819272995, -0.69571453332901, -0.7137230634689331, 0.29886505007743835, 0.2892770767211914, -0.2957305908203125, 0.5792028307914734, 0.9435376524925232, -0.019992180168628693, -0.23523445427417755, -0.8327740430831909, 1.006949543952942, -0.7529805898666382, 0.20549841225147247, -1.6924728155136108, -0.3736966550350189, 1.2625752687454224, 0.5930386781692505, 0.4812053442001343, -0.4930875599384308, 0.05514825880527496, 1.2427306175231934, -0.9384597539901733, -0.9439772367477417, 0.7019955515861511, -2.2465007305145264, 0.1199902892112732, 0.4175504148006439, 0.31221795082092285, -0.5134467482566833, 0.184625044465065, 0.5879592299461365, -1.4098997116088867, 0.8979042768478394, 0.6415295600891113, -0.24170473217964172, -1.1665561199188232, 0.8989555835723877, 1.090093731880188, -1.690434217453003, -2.1239230632781982, 1.1811599731445312, -0.2468765377998352, -0.6107560396194458, -1.975203514099121, 0.47440606355667114, -0.9771085381507874, 0.13322003185749054, 0.12381071597337723, 1.178788185119629, 0.5767046213150024, -1.370701551437378, 0.483249694108963, -1.0149133205413818, -0.5869596004486084, 0.5744733810424805, 1.0403207540512085, -1.9693729877471924, -1.2448866367340088, 0.45075517892837524, 1.5487418174743652, -0.9975816607475281, 0.8743031024932861, 0.2490113526582718, 0.22732022404670715, 1.3608403205871582, -0.1596044898033142, 1.6610467433929443, -2.350104331970215, 1.8587429523468018, 2.156489372253418, -0.05737987533211708, 1.0960127115249634, 0.6766557097434998, 0.027074679732322693, 0.3850101828575134, 0.19894978404045105, -0.4456160366535187, -1.0645661354064941, -0.06167303025722504, -0.6678531765937805, 1.124259352684021, 0.044736772775650024, -1.8904920816421509, -2.581881284713745, 0.4736023247241974, 0.7016791701316833, -1.004658818244934, 0.8345085978507996, -1.3920234441757202, 0.04739172384142876, 0.9236915111541748, -1.3889479637145996, 3.4189486503601074, 0.5405715107917786, -2.9577035903930664, -1.1698414087295532, -3.1104886531829834, -0.6828527450561523, 1.2237584590911865, 1.2445731163024902, -0.2823137640953064, -1.3638373613357544, -0.4176250398159027, -0.5702048540115356, 0.5094785094261169, 1.6410154104232788, -0.11815904080867767, 0.8242062330245972, 1.2598562240600586, 0.7327174544334412, 0.052641332149505615, -0.8305312395095825, -0.6476807594299316, -0.255628764629364, 1.1670818328857422, 0.045296430587768555, -2.125065803527832, -1.422502040863037, 1.045335292816162, -0.327983021736145, -0.43001464009284973, -0.9423653483390808, 1.4040545225143433]",yunet,Facenet,1920,1080,/home/amos/media/tv/modern_family/Modern.Family.S09.1080p.DSNP.WEB-DL.DDP5.1.H.264-CRFW/Modern.Family.S09E21.The.Escape.1080p.DSNP.WEB-DL.DDP5.1.H.264-CRFW.mkv,Modern Family,2009,1442437,9,21,Julie Bowen,31171.0,0.669
1243,942,168,1344,702,1212,372,1026,366,0.903,30264,0,"[-0.17365938425064087, 1.1130441427230835, 0.45830634236335754, -0.8322520852088928, -1.0036354064941406, -0.8115432858467102, -1.1055610179901123, 0.7465071678161621, -0.4673275947570801, -1.0480438470840454, 0.6703108549118042, 1.0191922187805176, 1.510912537574768, -0.5632420182228088, -1.023181438446045, 1.3943915367126465, -0.13205350935459137, -0.6855244636535645, -0.35433971881866455, 0.8970263004302979, -1.2262431383132935, 1.5943701267242432, -0.15782198309898376, 1.3353838920593262, -1.1485146284103394, 1.2550957202911377, -2.56221079826355, 1.8892825841903687, 1.336751103401184, -1.822785496711731, -0.6713474988937378, -0.6137917637825012, 0.11942044645547867, -0.3710990250110626, 1.2431910037994385, -0.22973959147930145, 2.2016327381134033, 0.2385084629058838, 1.4373064041137695, 1.514937400817871, -0.21321910619735718, 1.2217696905136108, -0.48153552412986755, 0.24261623620986938, -1.2543820142745972, 0.23276323080062866, 0.4166489541530609, -0.46201470494270325, 0.034074924886226654, -0.7781280279159546, 0.34113073348999023, -0.3321131765842438, -0.8700093030929565, -0.09138073027133942, -0.35884231328964233, 0.8837283849716187, 1.5188933610916138, 0.8588976860046387, 0.28399261832237244, 0.5507092475891113, 1.2368441820144653, -0.6565688848495483, -0.8417308926582336, -0.4356270432472229, -0.9518842697143555, 2.0388448238372803, 1.8764411211013794, 1.0298349857330322, 1.4599976539611816, -0.44640955328941345, -0.6991319060325623, 1.85758376121521, -0.9782177805900574, 1.033393144607544, 0.28787848353385925, 1.0562947988510132, -0.4919240176677704, 1.0455207824707031, 0.508270800113678, -0.5798185467720032, -0.35764279961586, -1.6849852800369263, -0.5959374308586121, -0.2302197813987732, -1.111412763595581, -1.4409295320510864, -0.30721426010131836, -0.27974647283554077, -0.49755528569221497, 0.18304458260536194, 0.6545686721801758, -2.371326446533203, -0.4622722864151001, -1.6154714822769165, -0.13778941333293915, 0.007320804987102747, 0.5621415376663208, -0.2191988229751587, 0.03847433626651764, -1.9995321035385132, -0.07854436337947845, 0.03213965892791748, -1.8976689577102661, 0.481627494096756, -0.36299946904182434, 1.2059581279754639, 0.2134709507226944, -2.3592326641082764, -0.22805367410182953, 1.4573103189468384, 1.278243899345398, 0.9678457379341125, 1.279005527496338, -0.4711650013923645, -0.022248400375247, 0.9976654052734375, -0.6981630325317383, -2.2741947174072266, 0.05717975273728371, -0.0629899799823761, -1.0552278757095337, -0.13752299547195435, -0.10858911275863647, -0.9405375123023987, 1.1761606931686401, -0.8383979797363281, 0.7551923394203186, -1.3587455749511719]",yunet,Facenet,1920,1080,/home/amos/media/tv/modern_family/Modern.Family.S09.1080p.DSNP.WEB-DL.DDP5.1.H.264-CRFW/Modern.Family.S09E21.The.Escape.1080p.DSNP.WEB-DL.DDP5.1.H.264-CRFW.mkv,Modern Family,2009,1442437,9,21,Ty Burrell,15232.0,0.762
1244,828,144,1200,666,1092,354,912,348,0.909,30288,0,"[-0.04975016415119171, 0.8657932281494141, 0.08912286907434464, 0.29171228408813477, -0.49836185574531555, -0.2814042270183563, -0.578310489654541, 1.0616965293884277, -0.3533284068107605, -1.0416851043701172, 1.171323299407959, 0.6591004729270935, 1.666534185409546, -0.8712503910064697, -1.679741621017456, 1.1447421312332153, 0.34680747985839844, -1.3271962404251099, -0.9056634306907654, 1.012636423110962, -1.5439060926437378, 1.2364670038223267, -0.3559073805809021, 1.0351860523223877, -0.5777731537818909, 1.2210737466812134, -1.9033902883529663, 2.163055419921875, 1.4363036155700684, -1.7494696378707886, -0.7729254961013794, -0.9120157957077026, -0.908004105091095, -0.5402743816375732, 1.0036088228225708, -0.0798899382352829, 1.3816441297531128, 0.41471803188323975, 1.3452544212341309, 1.7760097980499268, 0.223287433385849, 1.3219386339187622, 0.22777339816093445, 1.0536929368972778, -0.023421818390488625, 0.6006209254264832, 1.1452717781066895, -0.005407609045505524, -0.010931290686130524, -1.2198787927627563, -0.3223433494567871, 1.0697102546691895, -1.3014987707138062, 0.18945248425006866, -0.8217911124229431, 1.0989336967468262, 1.4903761148452759, 0.8151679039001465, 0.7767795920372009, 1.418622612953186, 2.0638625621795654, 0.17489609122276306, -0.49358049035072327, 0.004356684163212776, -0.4878399074077606, 2.5632476806640625, 0.8707625865936279, 1.5153815746307373, 0.9620049595832825, -1.2403022050857544, -1.1912641525268555, 1.595707893371582, -1.3924493789672852, 1.086086392402649, 1.2681502103805542, 1.6164441108703613, -0.3501366376876831, 2.056358814239502, 0.8010386824607849, 0.04802250862121582, -0.37693703174591064, -1.0679959058761597, -0.4438922703266144, -0.9427757263183594, -1.1578114032745361, -1.6601290702819824, -0.5169944167137146, -0.4437137246131897, -0.8224434852600098, -0.7083010673522949, 0.5907570123672485, -1.7188791036605835, 0.36314940452575684, -1.8436205387115479, 0.5417070388793945, 0.5153290033340454, 0.18137075006961823, -0.6226168274879456, -0.4954688549041748, -1.2166821956634521, -0.20229001343250275, 0.08632978051900864, -2.0981040000915527, 0.7615270018577576, -0.69339919090271, 1.4797881841659546, 0.49824750423431396, -2.0236220359802246, -0.5668465495109558, 0.7527472972869873, 1.428693413734436, 1.0206910371780396, 1.741517186164856, -1.076240062713623, -0.558930516242981, 1.8201391696929932, -1.5120739936828613, -1.012789011001587, 0.041333455592393875, -0.03242112696170807, -0.5935788750648499, 0.15061460435390472, 0.5536038875579834, -1.0634021759033203, 1.1490907669067383, -1.0740914344787598, 0.9702967405319214, -1.648181676864624]",yunet,Facenet,1920,1080,/home/amos/media/tv/modern_family/Modern.Family.S09.1080p.DSNP.WEB-DL.DDP5.1.H.264-CRFW/Modern.Family.S09E21.The.Escape.1080p.DSNP.WEB-DL.DDP5.1.H.264-CRFW.mkv,Modern Family,2009,1442437,9,21,Ty Burrell,15232.0,0.717
1245,822,138,1182,642,1038,348,888,342,0.905,30312,0,"[-0.7636723518371582, 0.6639546155929565, 0.8736191987991333, -0.3990795612335205, -0.5629059076309204, -0.28697097301483154, -0.45724326372146606, 0.9483596682548523, -0.1519867181777954, -1.0044440031051636, 0.20324641466140747, 0.3661216199398041, 0.5979666709899902, -0.19646699726581573, -2.3437259197235107, 1.8849433660507202, 0.4753473699092865, -0.8850848078727722, -1.116192102432251, 1.0842429399490356, -0.4264461398124695, 1.651186466217041, -0.26526007056236267, 0.8174829483032227, -0.599348247051239, 1.359776258468628, -2.530036211013794, 1.3577404022216797, 1.6931480169296265, -1.739941954612732, -0.34172967076301575, -0.7933486104011536, 0.31260383129119873, -0.13838711380958557, 1.2622209787368774, -0.40440651774406433, 1.7045173645019531, 0.27911823987960815, 1.208801031112671, 1.174166202545166, -0.8231330513954163, 0.6644482016563416, -0.43246278166770935, 1.2200841903686523, -0.8633381128311157, 0.4589157998561859, -0.01974070630967617, 0.011059841141104698, -0.5587193965911865, -1.3310139179229736, 0.8305806517601013, -0.0312119759619236, -1.3446522951126099, -0.31408917903900146, -0.2034440040588379, 0.4684840142726898, 0.8822113871574402, 0.030253682285547256, 0.5397987365722656, 1.1942110061645508, 1.1670491695404053, 0.1783558428287506, -1.5183707475662231, -0.6200690269470215, -1.0904483795166016, 2.4600086212158203, 1.099290132522583, 1.580517292022705, 1.9080522060394287, -0.5886187553405762, -0.990972638130188, 1.3552813529968262, -1.1485954523086548, 0.44687217473983765, 0.9659643769264221, 1.9874238967895508, 0.0546497106552124, 0.96065354347229, 1.436577558517456, -0.1315503716468811, -0.3084554970264435, -1.1250141859054565, -0.9222814440727234, -0.5029343366622925, -1.135554313659668, -1.3232871294021606, -0.22858160734176636, -0.8457262516021729, -0.4491226375102997, 0.5909128785133362, 0.6516091823577881, -1.5589853525161743, -0.47656381130218506, -1.7308804988861084, -0.34319353103637695, 0.2555912733078003, 0.8485487103462219, -0.15869733691215515, -0.14785423874855042, -1.3641655445098877, 0.30562353134155273, -0.4087342917919159, -2.853363037109375, 0.916814923286438, -0.7446103096008301, 0.7736256718635559, 0.3541777431964874, -2.8854732513427734, -0.8841314911842346, 1.3563036918640137, 1.1892497539520264, 0.7663707137107849, 1.834214210510254, -1.3232800960540771, -0.2472645342350006, 0.9716576337814331, -0.8799853324890137, -1.4631178379058838, -0.38885927200317383, -0.6203926801681519, 0.05536973848938942, -0.038116540759801865, -0.4183441996574402, -0.32253792881965637, 1.1299041509628296, -1.1588129997253418, 0.865436315536499, -1.1516284942626953]",yunet,Facenet,1920,1080,/home/amos/media/tv/modern_family/Modern.Family.S09.1080p.DSNP.WEB-DL.DDP5.1.H.264-CRFW/Modern.Family.S09E21.The.Escape.1080p.DSNP.WEB-DL.DDP5.1.H.264-CRFW.mkv,Modern Family,2009,1442437,9,21,Ty Burrell,15232.0,0.694
1246,864,204,1176,636,1122,366,990,366,0.907,30336,0,"[-1.3921586275100708, 1.8367446660995483, 0.3779087960720062, -2.01517391204834, -0.4229945242404938, -0.6728801131248474, -0.19740808010101318, 0.5426803827285767, 0.5841590166091919, -0.5472900867462158, 1.0314116477966309, 0.07937344163656235, -1.4545354843139648, -0.20547091960906982, 0.839361310005188, 0.09879928827285767, -0.6805633306503296, -1.204085350036621, -1.1921404600143433, -1.3434962034225464, 0.3737361431121826, 0.4583842158317566, -0.3867330551147461, -0.054856590926647186, -2.2052884101867676, 1.1776833534240723, -0.1478128880262375, -0.3957514464855194, 0.19063585996627808, -0.07021119445562363, -0.7649825811386108, 0.13187924027442932, 0.7181910872459412, -2.102144956588745, 0.11940491199493408, 1.073630928993225, 0.8152481317520142, -0.6423599720001221, 1.4931306838989258, -0.75611412525177, -1.6087349653244019, -0.8375791311264038, -1.1192216873168945, -1.810355544090271, -0.8918140530586243, 2.014540195465088, 0.632858157157898, -3.233741044998169, -1.2802411317825317, 1.0876977443695068, -0.554084300994873, -1.080975890159607, 0.15399061143398285, -1.077239990234375, -0.5289495587348938, 0.23683442175388336, -0.5071572065353394, 0.06447897851467133, 1.7274599075317383, 0.624057412147522, -0.15215671062469482, -1.6340258121490479, 0.7454109191894531, -1.269092321395874, 0.7701760530471802, -0.8355115056037903, 0.29050859808921814, 0.20856381952762604, 0.7922317981719971, 0.5917903184890747, -0.17417122423648834, 1.2380597591400146, -0.4935258626937866, -0.9478338360786438, 1.0447665452957153, 1.1383552551269531, -0.12428893148899078, -0.3140411972999573, -0.2019253671169281, -0.010180428624153137, -0.5026695132255554, 0.09086745232343674, -1.2363394498825073, -0.6499205231666565, -1.040334939956665, 0.30863156914711, -1.3343851566314697, 0.3058531880378723, -0.47485649585723877, 0.013755718246102333, 0.997328519821167, -1.1426178216934204, 0.09469583630561829, -1.0057579278945923, -1.3121212720870972, 0.41604164242744446, -1.6625787019729614, 1.7307684421539307, 0.9064582586288452, -1.0543382167816162, -0.7646819949150085, -1.4855443239212036, 1.4076005220413208, 0.07287440448999405, 0.6489333510398865, -1.1943743228912354, -0.4660903811454773, 1.3012715578079224, 0.4923524856567383, 2.297464609146118, 1.7040027379989624, -1.9097119569778442, -0.20122376084327698, 2.184197425842285, 0.7488253116607666, -0.133040189743042, 1.044013500213623, -0.4742598533630371, -0.20976480841636658, 2.304868221282959, -0.4291917681694031, -0.4420236647129059, -1.039251446723938, 0.006056524347513914, -1.9002028703689575, 0.4091653525829315, -0.4065513014793396, -0.47874292731285095]",yunet,Facenet,1920,1080,/home/amos/media/tv/modern_family/Modern.Family.S09.1080p.DSNP.WEB-DL.DDP5.1.H.264-CRFW/Modern.Family.S09E21.The.Escape.1080p.DSNP.WEB-DL.DDP5.1.H.264-CRFW.mkv,Modern Family,2009,1442437,9,21,Julie Bowen,31171.0,0.555
1247,972,216,1284,630,1236,378,1116,372,0.903,30360,0,"[-1.2874274253845215, 0.08029863238334656, 0.11386371403932571, 0.0010337159037590027, 1.6505197286605835, -0.46171140670776367, 0.9056932330131531, -0.046256717294454575, -0.22242942452430725, -1.0559356212615967, 1.8243515491485596, -1.1000206470489502, -0.21121563017368317, -1.4356722831726074, -0.3433033227920532, 0.35129112005233765, -0.2349822223186493, -0.4467872977256775, -1.347527265548706, -1.282644271850586, -0.3936254680156708, 1.493078351020813, 0.35862433910369873, -0.5541278719902039, -1.297112226486206, 0.7343001961708069, 0.19911035895347595, -0.4848473072052002, -0.27324557304382324, -0.4015257954597473, -0.4459528625011444, 0.26537275314331055, -0.5996994972229004, -0.8682782053947449, 1.0748370885849, 1.702633023262024, 0.7530062198638916, -0.1002277359366417, 0.8640022277832031, -1.4301204681396484, -0.11054596304893494, -0.9142358899116516, -0.22207385301589966, -0.8308013677597046, -0.10541422665119171, -0.08983556926250458, 1.587783694267273, -3.240741729736328, 0.3288923501968384, 0.7261241674423218, -0.6522287130355835, -2.02655029296875, 0.18032395839691162, -0.19755472242832184, -1.3614214658737183, -0.20245620608329773, -1.7286580801010132, -1.5140849351882935, 0.7866694331169128, 1.26814603805542, -0.6455290913581848, -1.6435949802398682, -0.23808026313781738, -2.2417380809783936, 0.1932121217250824, -0.03231477737426758, 0.2338036596775055, 0.8246335387229919, 0.4128479063510895, 2.3741695880889893, 0.14842233061790466, 1.4073760509490967, -1.4919815063476562, -0.4021194577217102, 1.4307798147201538, 1.2364226579666138, 0.30822134017944336, 1.2254698276519775, 0.13761040568351746, 0.9980863332748413, -0.33518850803375244, 0.7024389505386353, -0.8027462959289551, -0.5910464525222778, -0.1024976447224617, 1.0624035596847534, 0.2831331193447113, -0.7609238028526306, -0.4303213655948639, 0.15405894815921783, 1.3948581218719482, 0.03536374866962433, -1.4733091592788696, -1.7043828964233398, -1.1537665128707886, 0.28525662422180176, -1.9098097085952759, 0.7730447053909302, 1.5891001224517822, -0.21853873133659363, -0.9316515326499939, -1.489488959312439, 0.5920417308807373, -0.6763021349906921, 1.4165087938308716, 0.6094970703125, 0.9038925170898438, 0.3004700839519501, -0.6758203506469727, 0.6982995271682739, 1.2258198261260986, -0.5759472250938416, -0.10682563483715057, 0.8324151039123535, 0.918862521648407, -0.07927672564983368, 0.1742940992116928, -0.6717226505279541, -1.2348623275756836, 1.5423182249069214, 0.5346444845199585, -1.5383516550064087, 0.17746300995349884, 1.3288724422454834, -1.1839778423309326, -0.40567266941070557, -0.8213769793510437, 0.13944531977176666]",yunet,Facenet,1920,1080,/home/amos/media/tv/modern_family/Modern.Family.S09.1080p.DSNP.WEB-DL.DDP5.1.H.264-CRFW/Modern.Family.S09E21.The.Escape.1080p.DSNP.WEB-DL.DDP5.1.H.264-CRFW.mkv,Modern Family,2009,1442437,9,21,Julie Bowen,31171.0,0.681
1248,522,138,834,618,798,312,750,312,0.91,30600,0,"[0.4872393310070038, 0.4760086238384247, -0.24893523752689362, 0.5929897427558899, -0.4543132483959198, -0.31961533427238464, -0.45660102367401123, 0.2706086337566376, -0.5013880729675293, -0.29313114285469055, -0.6912274360656738, 0.9770587086677551, 1.061596393585205, 0.6245315074920654, -0.1952260434627533, -0.3525470495223999, -1.0984121561050415, -0.19922594726085663, -0.8750985860824585, 1.7091208696365356, -1.228724718093872, 1.2236992120742798, 0.029453575611114502, 1.0159732103347778, -0.56852126121521, 0.5509206652641296, -1.1875865459442139, 0.6678733229637146, -0.2542886734008789, -2.896413564682007, -0.47188135981559753, 0.3290565311908722, -1.4582105875015259, 0.6058897972106934, -0.6553257703781128, 0.9182145595550537, -0.09789495170116425, -1.2905093431472778, 0.8787820935249329, 0.11373499035835266, 0.8233968615531921, 1.570229172706604, -0.22774991393089294, -0.563604474067688, -0.5382697582244873, -0.2887076735496521, 0.7713541388511658, -0.10099582374095917, -1.1057361364364624, -0.09743836522102356, -0.6816193461418152, -0.16304641962051392, -0.8226983547210693, -0.39200377464294434, 0.9040495753288269, -1.042724847793579, 0.6229144334793091, 1.4935673475265503, 0.16712938249111176, -1.0513230562210083, 1.3843822479248047, -1.021334171295166, -0.9592246413230896, 0.5591320395469666, -0.15623727440834045, 1.3032071590423584, 0.9843218326568604, 0.3436638116836548, 0.08753973990678787, -0.5138019323348999, -0.6977902054786682, 1.152392864227295, 0.7384247779846191, 1.7310314178466797, 0.5031970739364624, 0.48305341601371765, -0.723432183265686, 1.2899373769760132, 0.9005420804023743, 0.29966241121292114, -0.6777344346046448, -0.8810133934020996, -0.6857972741127014, 0.1352563053369522, -0.5203630924224854, -0.5179203748703003, 0.28498658537864685, -0.3334294557571411, 0.13034868240356445, -0.14119069278240204, 0.8627546429634094, -0.62099289894104, -0.940475583076477, -0.4220689833164215, 0.905308187007904, -0.3742970824241638, -0.30625808238983154, 0.3948444426059723, 0.08926719427108765, -1.2642875909805298, -0.8772233128547668, 0.7477263808250427, -2.5646424293518066, -0.6753758192062378, 0.44082266092300415, -0.45051687955856323, 1.0694390535354614, -0.8616819381713867, -0.38405632972717285, 0.06545539945363998, 0.5311827063560486, 1.9790029525756836, 1.6880253553390503, -0.224369615316391, -0.239812433719635, 2.6025655269622803, -1.1708612442016602, -1.1349265575408936, 0.05660171061754227, 1.0755209922790527, -2.0245184898376465, 0.03707834333181381, -0.01990339159965515, -1.0010091066360474, 0.954916775226593, -1.2967227697372437, 1.030423641204834, -0.9294173121452332]",yunet,Facenet,1920,1080,/home/amos/media/tv/modern_family/Modern.Family.S09.1080p.DSNP.WEB-DL.DDP5.1.H.264-CRFW/Modern.Family.S09E21.The.Escape.1080p.DSNP.WEB-DL.DDP5.1.H.264-CRFW.mkv,Modern Family,2009,1442437,9,21,,,
1249,900,204,1170,570,1116,348,990,348,0.905,30672,0,"[-1.7471152544021606, 0.7890621423721313, 0.1633644700050354, -1.8500699996948242, 0.28602656722068787, -0.41398027539253235, -1.849448323249817, 1.5677313804626465, -0.18402788043022156, -0.5072798132896423, 1.2568159103393555, 0.7916858196258545, -1.2009197473526, -0.4415692985057831, 0.6629554033279419, 0.5947889089584351, 0.49003762006759644, -1.1406116485595703, -1.1038556098937988, -0.6014455556869507, -0.32087892293930054, 0.4928029775619507, -0.43072110414505005, -0.8044172525405884, -1.7512309551239014, 0.005387570708990097, -0.49503427743911743, 0.4782783091068268, 0.27546176314353943, -1.299606442451477, 0.3409101068973541, -0.5548179745674133, 2.3188796043395996, -3.615368127822876, 0.41605323553085327, 1.4375492334365845, 0.34505704045295715, 1.2184737920761108, 1.0024304389953613, 0.2158048003911972, -2.1712992191314697, -0.9718137383460999, -1.2857449054718018, -2.3425607681274414, -0.35315054655075073, 1.144654631614685, -0.28590166568756104, -1.0608208179473877, -1.460544466972351, 0.3724040389060974, -0.5602018237113953, -0.3060157597064972, 0.35170432925224304, 0.1395723521709442, -0.15553458034992218, 0.20579148828983307, -0.05568532273173332, 0.2172664999961853, 0.06611326336860657, 0.1571905016899109, 0.6499478220939636, -1.3533825874328613, -0.3598587214946747, -0.18317319452762604, 0.4346217215061188, -1.1914883852005005, 0.9410519599914551, -0.15637609362602234, 0.9296600222587585, 0.187118262052536, -0.6853225231170654, 0.41010013222694397, -2.5387513637542725, 0.4946402907371521, 1.842753529548645, 0.9914048910140991, 0.05615982413291931, 0.15579277276992798, 0.24102246761322021, 0.6053431630134583, 0.05817671865224838, 0.20564444363117218, -0.8729679584503174, -0.629210889339447, -0.5391798615455627, 0.7534846067428589, -0.24926289916038513, 0.1749279946088791, -1.6543294191360474, -0.19580072164535522, -0.23885321617126465, -1.637355089187622, 1.1417089700698853, -1.2306360006332397, -0.9099852442741394, 0.10102846473455429, -1.732975721359253, 1.8594692945480347, 0.9854008555412292, -0.5937742590904236, -1.7244195938110352, -1.1149933338165283, 0.8222157955169678, 0.7329230904579163, 0.9649463295936584, -1.043544054031372, -0.1703692525625229, 0.6663012504577637, 1.3478453159332275, 1.927900791168213, 0.43741244077682495, -1.2621326446533203, -0.734265923500061, 1.2657747268676758, -0.7969850301742554, 0.1817559450864792, 0.532935380935669, 0.023324891924858093, -0.9223572015762329, 0.9107533693313599, -0.6341235041618347, -0.24141207337379456, -1.4307688474655151, 0.18161289393901825, -0.0698825865983963, 0.8248133063316345, -1.760741114616394, 0.6436353921890259]",yunet,Facenet,1920,1080,/home/amos/media/tv/modern_family/Modern.Family.S09.1080p.DSNP.WEB-DL.DDP5.1.H.264-CRFW/Modern.Family.S09E21.The.Escape.1080p.DSNP.WEB-DL.DDP5.1.H.264-CRFW.mkv,Modern Family,2009,1442437,9,21,Julie Bowen,31171.0,0.624
1250,900,216,1188,618,1128,366,996,366,0.917,30696,0,"[-2.764312744140625, 0.030667684972286224, 0.33984053134918213, -1.3971929550170898, 1.9812202453613281, -0.05324776470661163, -1.087178349494934, 1.9903905391693115, 0.17739513516426086, -1.1114000082015991, 0.7581692337989807, 0.749466061592102, -1.083138108253479, -0.9073441028594971, 0.3713941276073456, 0.03941164165735245, 0.11962982267141342, -0.5432035326957703, -1.6963870525360107, -1.8698700666427612, 0.046319544315338135, 0.11246290802955627, -0.271160364151001, -1.0946004390716553, -1.6814775466918945, 0.8055570125579834, -1.2979741096496582, 0.14896196126937866, -0.1971886307001114, -1.9440398216247559, 0.25300145149230957, -0.3706340491771698, 0.9478046298027039, -2.851870536804199, 1.0248242616653442, 0.9860274195671082, -1.2276753187179565, 1.025109887123108, -0.010978266596794128, -0.6050552129745483, -1.8011674880981445, -0.6286936402320862, -0.37461864948272705, -0.7371071577072144, -0.4702562987804413, 0.939784824848175, 0.7324497699737549, -0.31270426511764526, -2.152334213256836, 0.8484607934951782, -0.9052308201789856, 0.49163663387298584, 0.289241224527359, 0.41433024406433105, 0.45811665058135986, -0.12225164473056793, 0.13737483322620392, -1.1491400003433228, -0.6908854246139526, 0.25990936160087585, 0.07123494148254395, -1.9186224937438965, -0.5431734919548035, 0.005684269592165947, 0.4057753384113312, -1.1979343891143799, -0.5181039571762085, -0.1193355843424797, 0.9388307929039001, 0.17791986465454102, -0.7585934400558472, 0.8021212816238403, -3.4955437183380127, 0.7188599109649658, 1.1572234630584717, 0.8673332929611206, -0.5074735283851624, 0.129780575633049, -0.2146691381931305, 0.7368398904800415, 0.007961541414260864, -0.1519533097743988, -1.240289330482483, -0.47065699100494385, 0.127696692943573, -0.06499183923006058, 0.9356821179389954, -0.3720012903213501, -1.426453948020935, 0.4671398997306824, -0.7339881062507629, -1.9027348756790161, 0.6742814779281616, -1.3260523080825806, -0.36682987213134766, 0.7350636124610901, -1.4260542392730713, 2.110288619995117, 0.8971531987190247, -1.0585079193115234, -0.7608059644699097, -2.4503815174102783, -0.02005094289779663, 1.3855626583099365, 1.1495792865753174, -0.7169908881187439, -0.7496097087860107, 0.0009268969297409058, 1.4767497777938843, 1.4735881090164185, 0.6869987845420837, -1.1204400062561035, -0.1738109439611435, 1.7766759395599365, -0.5726513862609863, -0.12502461671829224, 0.18012990057468414, -0.5158236026763916, -0.6119897961616516, -0.1095069944858551, -0.11160814762115479, -0.33639490604400635, -1.8972911834716797, 1.572426199913025, -0.6248164176940918, 0.033156923949718475, -1.8322155475616455, 0.5543067455291748]",yunet,Facenet,1920,1080,/home/amos/media/tv/modern_family/Modern.Family.S09.1080p.DSNP.WEB-DL.DDP5.1.H.264-CRFW/Modern.Family.S09E21.The.Escape.1080p.DSNP.WEB-DL.DDP5.1.H.264-CRFW.mkv,Modern Family,2009,1442437,9,21,Julie Bowen,31171.0,0.614
