,img_height,img_width,face_num,x1,x2,y1,y2,area,pct_of_frame,confidence,frame_num,video_src,season,episode,series_id,encoding_path
0,540,1080,0,354,37,472,354,37406,0.064,7.469806101114955,576,/home/amos/media/tv/For.All.Mankind.S01-S03.1080p.WEBRip.x265-RARBG/For.All.Mankind.S03.1080p.WEBRip.x265-RARBG/For.All.Mankind.S03E02.1080p.WEBRip.x265-RARBG.mp4,3,2,7772588,
1,540,1080,0,316,42,493,316,48498,0.083,7.914021116157528,600,/home/amos/media/tv/For.All.Mankind.S01-S03.1080p.WEBRip.x265-RARBG/For.All.Mankind.S03.1080p.WEBRip.x265-RARBG/For.All.Mankind.S03E02.1080p.WEBRip.x265-RARBG.mp4,3,2,7772588,
2,540,1080,0,350,25,517,350,54275,0.093,9.216183122887742,648,/home/amos/media/tv/For.All.Mankind.S01-S03.1080p.WEBRip.x265-RARBG/For.All.Mankind.S03.1080p.WEBRip.x265-RARBG/For.All.Mankind.S03E02.1080p.WEBRip.x265-RARBG.mp4,3,2,7772588,
3,540,1080,0,370,18,565,370,68640,0.118,8.43668212852208,672,/home/amos/media/tv/For.All.Mankind.S01-S03.1080p.WEBRip.x265-RARBG/For.All.Mankind.S03.1080p.WEBRip.x265-RARBG/For.All.Mankind.S03E02.1080p.WEBRip.x265-RARBG.mp4,3,2,7772588,
4,540,1080,0,187,100,508,187,27927,0.048,9.652614154561888,816,/home/amos/media/tv/For.All.Mankind.S01-S03.1080p.WEBRip.x265-RARBG/For.All.Mankind.S03.1080p.WEBRip.x265-RARBG/For.All.Mankind.S03E02.1080p.WEBRip.x265-RARBG.mp4,3,2,7772588,
5,540,1080,0,186,102,504,186,26712,0.046,8.695868029200938,840,/home/amos/media/tv/For.All.Mankind.S01-S03.1080p.WEBRip.x265-RARBG/For.All.Mankind.S03.1080p.WEBRip.x265-RARBG/For.All.Mankind.S03E02.1080p.WEBRip.x265-RARBG.mp4,3,2,7772588,
6,540,1080,0,182,103,498,182,24964,0.043,10.127810963836964,864,/home/amos/media/tv/For.All.Mankind.S01-S03.1080p.WEBRip.x265-RARBG/For.All.Mankind.S03.1080p.WEBRip.x265-RARBG/For.All.Mankind.S03E02.1080p.WEBRip.x265-RARBG.mp4,3,2,7772588,
7,540,1080,0,185,107,491,185,23868,0.041,7.444223933911417,888,/home/amos/media/tv/For.All.Mankind.S01-S03.1080p.WEBRip.x265-RARBG/For.All.Mankind.S03.1080p.WEBRip.x265-RARBG/For.All.Mankind.S03E02.1080p.WEBRip.x265-RARBG.mp4,3,2,7772588,
8,540,1080,0,197,77,510,197,37560,0.064,8.32504720025463,912,/home/amos/media/tv/For.All.Mankind.S01-S03.1080p.WEBRip.x265-RARBG/For.All.Mankind.S03.1080p.WEBRip.x265-RARBG/For.All.Mankind.S03E02.1080p.WEBRip.x265-RARBG.mp4,3,2,7772588,
9,540,1080,0,205,78,523,205,40386,0.069,7.176408035389613,936,/home/amos/media/tv/For.All.Mankind.S01-S03.1080p.WEBRip.x265-RARBG/For.All.Mankind.S03.1080p.WEBRip.x265-RARBG/For.All.Mankind.S03E02.1080p.WEBRip.x265-RARBG.mp4,3,2,7772588,
10,540,1080,0,30,170,667,30,89180,0.153,7.70348113583168,1176,/home/amos/media/tv/For.All.Mankind.S01-S03.1080p.WEBRip.x265-RARBG/For.All.Mankind.S03.1080p.WEBRip.x265-RARBG/For.All.Mankind.S03E02.1080p.WEBRip.x265-RARBG.mp4,3,2,7772588,
11,540,1080,0,30,171,640,30,86010,0.147,8.67574911279371,1200,/home/amos/media/tv/For.All.Mankind.S01-S03.1080p.WEBRip.x265-RARBG/For.All.Mankind.S03.1080p.WEBRip.x265-RARBG/For.All.Mankind.S03E02.1080p.WEBRip.x265-RARBG.mp4,3,2,7772588,
12,540,1080,0,30,167,593,30,77131,0.132,7.810807197762188,1248,/home/amos/media/tv/For.All.Mankind.S01-S03.1080p.WEBRip.x265-RARBG/For.All.Mankind.S03.1080p.WEBRip.x265-RARBG/For.All.Mankind.S03E02.1080p.WEBRip.x265-RARBG.mp4,3,2,7772588,
13,540,1080,0,148,9,256,148,15012,0.026,4.8760761100566015,1632,/home/amos/media/tv/For.All.Mankind.S01-S03.1080p.WEBRip.x265-RARBG/For.All.Mankind.S03.1080p.WEBRip.x265-RARBG/For.All.Mankind.S03E02.1080p.WEBRip.x265-RARBG.mp4,3,2,7772588,
14,540,1080,0,170,33,301,170,17947,0.031,9.50197306915652,1656,/home/amos/media/tv/For.All.Mankind.S01-S03.1080p.WEBRip.x265-RARBG/For.All.Mankind.S03.1080p.WEBRip.x265-RARBG/For.All.Mankind.S03E02.1080p.WEBRip.x265-RARBG.mp4,3,2,7772588,
15,540,1080,0,157,41,412,157,29580,0.051,10.012817982409617,1680,/home/amos/media/tv/For.All.Mankind.S01-S03.1080p.WEBRip.x265-RARBG/For.All.Mankind.S03.1080p.WEBRip.x265-RARBG/For.All.Mankind.S03E02.1080p.WEBRip.x265-RARBG.mp4,3,2,7772588,
16,540,1080,0,127,71,343,127,12096,0.021,3.191464160277974,1704,/home/amos/media/tv/For.All.Mankind.S01-S03.1080p.WEBRip.x265-RARBG/For.All.Mankind.S03.1080p.WEBRip.x265-RARBG/For.All.Mankind.S03E02.1080p.WEBRip.x265-RARBG.mp4,3,2,7772588,
17,540,1080,1,54,310,398,54,88064,0.151,3.952902140212245,1704,/home/amos/media/tv/For.All.Mankind.S01-S03.1080p.WEBRip.x265-RARBG/For.All.Mankind.S03.1080p.WEBRip.x265-RARBG/For.All.Mankind.S03E02.1080p.WEBRip.x265-RARBG.mp4,3,2,7772588,
18,540,1080,0,99,37,314,99,13330,0.023,2.663569166499656,1752,/home/amos/media/tv/For.All.Mankind.S01-S03.1080p.WEBRip.x265-RARBG/For.All.Mankind.S03.1080p.WEBRip.x265-RARBG/For.All.Mankind.S03E02.1080p.WEBRip.x265-RARBG.mp4,3,2,7772588,
19,540,1080,0,117,104,666,117,7137,0.012,3.77535101614194,1944,/home/amos/media/tv/For.All.Mankind.S01-S03.1080p.WEBRip.x265-RARBG/For.All.Mankind.S03.1080p.WEBRip.x265-RARBG/For.All.Mankind.S03E02.1080p.WEBRip.x265-RARBG.mp4,3,2,7772588,
20,540,1080,0,122,102,712,122,11800,0.02,7.634243046224583,1968,/home/amos/media/tv/For.All.Mankind.S01-S03.1080p.WEBRip.x265-RARBG/For.All.Mankind.S03.1080p.WEBRip.x265-RARBG/For.All.Mankind.S03E02.1080p.WEBRip.x265-RARBG.mp4,3,2,7772588,
21,540,1080,0,51,149,608,51,54586,0.094,7.773126104963012,1992,/home/amos/media/tv/For.All.Mankind.S01-S03.1080p.WEBRip.x265-RARBG/For.All.Mankind.S03.1080p.WEBRip.x265-RARBG/For.All.Mankind.S03E02.1080p.WEBRip.x265-RARBG.mp4,3,2,7772588,
22,540,1080,0,59,119,557,59,29880,0.051,6.585053137911018,2016,/home/amos/media/tv/For.All.Mankind.S01-S03.1080p.WEBRip.x265-RARBG/For.All.Mankind.S03.1080p.WEBRip.x265-RARBG/For.All.Mankind.S03E02.1080p.WEBRip.x265-RARBG.mp4,3,2,7772588,
23,540,1080,0,52,83,550,52,15438,0.026,6.757707066892181,2040,/home/amos/media/tv/For.All.Mankind.S01-S03.1080p.WEBRip.x265-RARBG/For.All.Mankind.S03.1080p.WEBRip.x265-RARBG/For.All.Mankind.S03E02.1080p.WEBRip.x265-RARBG.mp4,3,2,7772588,
24,540,1080,0,115,111,795,115,2720,0.005,9.182124112790916,2088,/home/amos/media/tv/For.All.Mankind.S01-S03.1080p.WEBRip.x265-RARBG/For.All.Mankind.S03.1080p.WEBRip.x265-RARBG/For.All.Mankind.S03E02.1080p.WEBRip.x265-RARBG.mp4,3,2,7772588,
25,540,1080,0,117,69,728,117,29328,0.05,8.330611093144398,2112,/home/amos/media/tv/For.All.Mankind.S01-S03.1080p.WEBRip.x265-RARBG/For.All.Mankind.S03.1080p.WEBRip.x265-RARBG/For.All.Mankind.S03E02.1080p.WEBRip.x265-RARBG.mp4,3,2,7772588,
26,540,1080,0,113,65,761,113,31104,0.053,10.937713118211832,2136,/home/amos/media/tv/For.All.Mankind.S01-S03.1080p.WEBRip.x265-RARBG/For.All.Mankind.S03.1080p.WEBRip.x265-RARBG/For.All.Mankind.S03E02.1080p.WEBRip.x265-RARBG.mp4,3,2,7772588,
27,540,1080,1,68,390,805,68,237314,0.407,2.937824115797412,2136,/home/amos/media/tv/For.All.Mankind.S01-S03.1080p.WEBRip.x265-RARBG/For.All.Mankind.S03.1080p.WEBRip.x265-RARBG/For.All.Mankind.S03E02.1080p.WEBRip.x265-RARBG.mp4,3,2,7772588,
28,540,1080,0,135,71,320,135,11840,0.02,5.979201031324919,2160,/home/amos/media/tv/For.All.Mankind.S01-S03.1080p.WEBRip.x265-RARBG/For.All.Mankind.S03.1080p.WEBRip.x265-RARBG/For.All.Mankind.S03E02.1080p.WEBRip.x265-RARBG.mp4,3,2,7772588,
29,540,1080,0,130,71,319,130,11151,0.019,5.737397097691428,2184,/home/amos/media/tv/For.All.Mankind.S01-S03.1080p.WEBRip.x265-RARBG/For.All.Mankind.S03.1080p.WEBRip.x265-RARBG/For.All.Mankind.S03E02.1080p.WEBRip.x265-RARBG.mp4,3,2,7772588,
30,540,1080,0,131,71,319,131,11280,0.019,6.843705979117658,2208,/home/amos/media/tv/For.All.Mankind.S01-S03.1080p.WEBRip.x265-RARBG/For.All.Mankind.S03.1080p.WEBRip.x265-RARBG/For.All.Mankind.S03E02.1080p.WEBRip.x265-RARBG.mp4,3,2,7772588,
31,540,1080,0,116,63,718,116,31906,0.055,11.016130118980072,2232,/home/amos/media/tv/For.All.Mankind.S01-S03.1080p.WEBRip.x265-RARBG/For.All.Mankind.S03.1080p.WEBRip.x265-RARBG/For.All.Mankind.S03E02.1080p.WEBRip.x265-RARBG.mp4,3,2,7772588,
32,540,1080,0,118,64,718,118,32400,0.056,13.381758026254827,2256,/home/amos/media/tv/For.All.Mankind.S01-S03.1080p.WEBRip.x265-RARBG/For.All.Mankind.S03.1080p.WEBRip.x265-RARBG/For.All.Mankind.S03E02.1080p.WEBRip.x265-RARBG.mp4,3,2,7772588,
33,540,1080,0,118,64,719,118,32454,0.056,13.133016116335057,2280,/home/amos/media/tv/For.All.Mankind.S01-S03.1080p.WEBRip.x265-RARBG/For.All.Mankind.S03.1080p.WEBRip.x265-RARBG/For.All.Mankind.S03E02.1080p.WEBRip.x265-RARBG.mp4,3,2,7772588,
34,540,1080,0,216,83,230,216,1862,0.003,9.14815008698497,2304,/home/amos/media/tv/For.All.Mankind.S01-S03.1080p.WEBRip.x265-RARBG/For.All.Mankind.S03.1080p.WEBRip.x265-RARBG/For.All.Mankind.S03E02.1080p.WEBRip.x265-RARBG.mp4,3,2,7772588,
35,540,1080,0,222,82,224,222,280,0.0,8.733305071131326,2328,/home/amos/media/tv/For.All.Mankind.S01-S03.1080p.WEBRip.x265-RARBG/For.All.Mankind.S03.1080p.WEBRip.x265-RARBG/For.All.Mankind.S03E02.1080p.WEBRip.x265-RARBG.mp4,3,2,7772588,
36,540,1080,0,228,87,225,228,423,0.001,8.377034148084931,2352,/home/amos/media/tv/For.All.Mankind.S01-S03.1080p.WEBRip.x265-RARBG/For.All.Mankind.S03.1080p.WEBRip.x265-RARBG/For.All.Mankind.S03E02.1080p.WEBRip.x265-RARBG.mp4,3,2,7772588,
37,540,1080,0,229,87,222,229,994,0.002,7.0427451733266935,2376,/home/amos/media/tv/For.All.Mankind.S01-S03.1080p.WEBRip.x265-RARBG/For.All.Mankind.S03.1080p.WEBRip.x265-RARBG/For.All.Mankind.S03E02.1080p.WEBRip.x265-RARBG.mp4,3,2,7772588,
38,540,1080,0,220,86,223,220,402,0.001,8.174612091563176,2400,/home/amos/media/tv/For.All.Mankind.S01-S03.1080p.WEBRip.x265-RARBG/For.All.Mankind.S03.1080p.WEBRip.x265-RARBG/For.All.Mankind.S03E02.1080p.WEBRip.x265-RARBG.mp4,3,2,7772588,
39,540,1080,0,236,133,292,236,5768,0.01,3.563116006029304,2424,/home/amos/media/tv/For.All.Mankind.S01-S03.1080p.WEBRip.x265-RARBG/For.All.Mankind.S03.1080p.WEBRip.x265-RARBG/For.All.Mankind.S03E02.1080p.WEBRip.x265-RARBG.mp4,3,2,7772588,
40,540,1080,0,256,24,279,256,5336,0.009,8.2532660610741,2448,/home/amos/media/tv/For.All.Mankind.S01-S03.1080p.WEBRip.x265-RARBG/For.All.Mankind.S03.1080p.WEBRip.x265-RARBG/For.All.Mankind.S03E02.1080p.WEBRip.x265-RARBG.mp4,3,2,7772588,
41,540,1080,0,212,11,237,212,5025,0.009,7.505174130375963,2472,/home/amos/media/tv/For.All.Mankind.S01-S03.1080p.WEBRip.x265-RARBG/For.All.Mankind.S03.1080p.WEBRip.x265-RARBG/For.All.Mankind.S03E02.1080p.WEBRip.x265-RARBG.mp4,3,2,7772588,
42,540,1080,0,211,16,261,211,9750,0.017,8.241384131251834,2496,/home/amos/media/tv/For.All.Mankind.S01-S03.1080p.WEBRip.x265-RARBG/For.All.Mankind.S03.1080p.WEBRip.x265-RARBG/For.All.Mankind.S03E02.1080p.WEBRip.x265-RARBG.mp4,3,2,7772588,
43,540,1080,0,231,94,643,231,56444,0.097,12.476323149341624,2568,/home/amos/media/tv/For.All.Mankind.S01-S03.1080p.WEBRip.x265-RARBG/For.All.Mankind.S03.1080p.WEBRip.x265-RARBG/For.All.Mankind.S03E02.1080p.WEBRip.x265-RARBG.mp4,3,2,7772588,
44,540,1080,0,221,97,647,221,52824,0.091,11.400852127175312,2592,/home/amos/media/tv/For.All.Mankind.S01-S03.1080p.WEBRip.x265-RARBG/For.All.Mankind.S03.1080p.WEBRip.x265-RARBG/For.All.Mankind.S03E02.1080p.WEBRip.x265-RARBG.mp4,3,2,7772588,
45,540,1080,0,227,85,645,227,59356,0.102,13.025845165539067,2616,/home/amos/media/tv/For.All.Mankind.S01-S03.1080p.WEBRip.x265-RARBG/For.All.Mankind.S03.1080p.WEBRip.x265-RARBG/For.All.Mankind.S03E02.1080p.WEBRip.x265-RARBG.mp4,3,2,7772588,
46,540,1080,0,215,24,647,215,82512,0.141,9.359143075940665,2736,/home/amos/media/tv/For.All.Mankind.S01-S03.1080p.WEBRip.x265-RARBG/For.All.Mankind.S03.1080p.WEBRip.x265-RARBG/For.All.Mankind.S03E02.1080p.WEBRip.x265-RARBG.mp4,3,2,7772588,
47,540,1080,0,219,114,663,219,46620,0.08,9.784248112875504,2760,/home/amos/media/tv/For.All.Mankind.S01-S03.1080p.WEBRip.x265-RARBG/For.All.Mankind.S03.1080p.WEBRip.x265-RARBG/For.All.Mankind.S03E02.1080p.WEBRip.x265-RARBG.mp4,3,2,7772588,
48,540,1080,0,226,139,663,226,38019,0.065,9.841662152844949,2784,/home/amos/media/tv/For.All.Mankind.S01-S03.1080p.WEBRip.x265-RARBG/For.All.Mankind.S03.1080p.WEBRip.x265-RARBG/For.All.Mankind.S03E02.1080p.WEBRip.x265-RARBG.mp4,3,2,7772588,
49,540,1080,0,227,157,665,227,30660,0.053,10.03958310879534,2808,/home/amos/media/tv/For.All.Mankind.S01-S03.1080p.WEBRip.x265-RARBG/For.All.Mankind.S03.1080p.WEBRip.x265-RARBG/For.All.Mankind.S03E02.1080p.WEBRip.x265-RARBG.mp4,3,2,7772588,
50,540,1080,0,215,166,668,215,22197,0.038,9.536738145339768,2832,/home/amos/media/tv/For.All.Mankind.S01-S03.1080p.WEBRip.x265-RARBG/For.All.Mankind.S03.1080p.WEBRip.x265-RARBG/For.All.Mankind.S03E02.1080p.WEBRip.x265-RARBG.mp4,3,2,7772588,
51,540,1080,0,220,157,658,220,27594,0.047,10.48533912136918,2856,/home/amos/media/tv/For.All.Mankind.S01-S03.1080p.WEBRip.x265-RARBG/For.All.Mankind.S03.1080p.WEBRip.x265-RARBG/For.All.Mankind.S03E02.1080p.WEBRip.x265-RARBG.mp4,3,2,7772588,
52,540,1080,0,218,90,193,218,3200,0.005,9.84908701729728,2880,/home/amos/media/tv/For.All.Mankind.S01-S03.1080p.WEBRip.x265-RARBG/For.All.Mankind.S03.1080p.WEBRip.x265-RARBG/For.All.Mankind.S03E02.1080p.WEBRip.x265-RARBG.mp4,3,2,7772588,
53,540,1080,0,211,82,220,211,1161,0.002,7.974931086821016,2904,/home/amos/media/tv/For.All.Mankind.S01-S03.1080p.WEBRip.x265-RARBG/For.All.Mankind.S03.1080p.WEBRip.x265-RARBG/For.All.Mankind.S03E02.1080p.WEBRip.x265-RARBG.mp4,3,2,7772588,
54,540,1080,0,229,99,642,229,53690,0.092,10.819890157494228,2928,/home/amos/media/tv/For.All.Mankind.S01-S03.1080p.WEBRip.x265-RARBG/For.All.Mankind.S03.1080p.WEBRip.x265-RARBG/For.All.Mankind.S03E02.1080p.WEBRip.x265-RARBG.mp4,3,2,7772588,
55,540,1080,0,232,108,648,232,51584,0.088,10.822617150784936,2952,/home/amos/media/tv/For.All.Mankind.S01-S03.1080p.WEBRip.x265-RARBG/For.All.Mankind.S03.1080p.WEBRip.x265-RARBG/For.All.Mankind.S03E02.1080p.WEBRip.x265-RARBG.mp4,3,2,7772588,
56,540,1080,0,239,105,644,239,54270,0.093,11.23576003377093,2976,/home/amos/media/tv/For.All.Mankind.S01-S03.1080p.WEBRip.x265-RARBG/For.All.Mankind.S03.1080p.WEBRip.x265-RARBG/For.All.Mankind.S03E02.1080p.WEBRip.x265-RARBG.mp4,3,2,7772588,
57,540,1080,0,217,75,218,217,142,0.0,6.387962083972525,3000,/home/amos/media/tv/For.All.Mankind.S01-S03.1080p.WEBRip.x265-RARBG/For.All.Mankind.S03.1080p.WEBRip.x265-RARBG/For.All.Mankind.S03E02.1080p.WEBRip.x265-RARBG.mp4,3,2,7772588,
58,540,1080,0,208,82,225,208,2142,0.004,4.852648051164579,3024,/home/amos/media/tv/For.All.Mankind.S01-S03.1080p.WEBRip.x265-RARBG/For.All.Mankind.S03.1080p.WEBRip.x265-RARBG/For.All.Mankind.S03E02.1080p.WEBRip.x265-RARBG.mp4,3,2,7772588,
59,540,1080,0,208,89,225,208,2023,0.003,5.18652210169239,3048,/home/amos/media/tv/For.All.Mankind.S01-S03.1080p.WEBRip.x265-RARBG/For.All.Mankind.S03.1080p.WEBRip.x265-RARBG/For.All.Mankind.S03E02.1080p.WEBRip.x265-RARBG.mp4,3,2,7772588,
60,540,1080,0,110,68,642,110,22344,0.038,5.843192096508574,3072,/home/amos/media/tv/For.All.Mankind.S01-S03.1080p.WEBRip.x265-RARBG/For.All.Mankind.S03.1080p.WEBRip.x265-RARBG/For.All.Mankind.S03E02.1080p.WEBRip.x265-RARBG.mp4,3,2,7772588,
61,540,1080,0,119,70,635,119,25284,0.043,9.856973058718722,3096,/home/amos/media/tv/For.All.Mankind.S01-S03.1080p.WEBRip.x265-RARBG/For.All.Mankind.S03.1080p.WEBRip.x265-RARBG/For.All.Mankind.S03E02.1080p.WEBRip.x265-RARBG.mp4,3,2,7772588,
62,540,1080,0,104,76,638,104,14952,0.026,8.393287998449523,3120,/home/amos/media/tv/For.All.Mankind.S01-S03.1080p.WEBRip.x265-RARBG/For.All.Mankind.S03.1080p.WEBRip.x265-RARBG/For.All.Mankind.S03E02.1080p.WEBRip.x265-RARBG.mp4,3,2,7772588,
63,540,1080,0,112,71,648,112,21976,0.038,11.66258801490767,3144,/home/amos/media/tv/For.All.Mankind.S01-S03.1080p.WEBRip.x265-RARBG/For.All.Mankind.S03.1080p.WEBRip.x265-RARBG/For.All.Mankind.S03E02.1080p.WEBRip.x265-RARBG.mp4,3,2,7772588,
64,540,1080,0,119,73,644,119,24150,0.041,10.39834110805532,3168,/home/amos/media/tv/For.All.Mankind.S01-S03.1080p.WEBRip.x265-RARBG/For.All.Mankind.S03.1080p.WEBRip.x265-RARBG/For.All.Mankind.S03E02.1080p.WEBRip.x265-RARBG.mp4,3,2,7772588,
65,540,1080,0,119,77,640,119,21882,0.038,8.570126170234289,3192,/home/amos/media/tv/For.All.Mankind.S01-S03.1080p.WEBRip.x265-RARBG/For.All.Mankind.S03.1080p.WEBRip.x265-RARBG/For.All.Mankind.S03E02.1080p.WEBRip.x265-RARBG.mp4,3,2,7772588,
66,540,1080,0,110,80,635,110,15750,0.027,7.499238949094433,3216,/home/amos/media/tv/For.All.Mankind.S01-S03.1080p.WEBRip.x265-RARBG/For.All.Mankind.S03.1080p.WEBRip.x265-RARBG/For.All.Mankind.S03E02.1080p.WEBRip.x265-RARBG.mp4,3,2,7772588,
67,540,1080,0,117,75,648,117,22302,0.038,10.438662102853414,3240,/home/amos/media/tv/For.All.Mankind.S01-S03.1080p.WEBRip.x265-RARBG/For.All.Mankind.S03.1080p.WEBRip.x265-RARBG/For.All.Mankind.S03E02.1080p.WEBRip.x265-RARBG.mp4,3,2,7772588,
68,540,1080,0,118,90,652,118,14952,0.026,10.286851168319116,3264,/home/amos/media/tv/For.All.Mankind.S01-S03.1080p.WEBRip.x265-RARBG/For.All.Mankind.S03.1080p.WEBRip.x265-RARBG/For.All.Mankind.S03E02.1080p.WEBRip.x265-RARBG.mp4,3,2,7772588,
69,540,1080,0,108,88,643,108,10700,0.018,7.804694131889846,3288,/home/amos/media/tv/For.All.Mankind.S01-S03.1080p.WEBRip.x265-RARBG/For.All.Mankind.S03.1080p.WEBRip.x265-RARBG/For.All.Mankind.S03E02.1080p.WEBRip.x265-RARBG.mp4,3,2,7772588,
70,540,1080,0,110,83,642,110,14364,0.025,8.493478032585699,3312,/home/amos/media/tv/For.All.Mankind.S01-S03.1080p.WEBRip.x265-RARBG/For.All.Mankind.S03.1080p.WEBRip.x265-RARBG/For.All.Mankind.S03E02.1080p.WEBRip.x265-RARBG.mp4,3,2,7772588,
71,540,1080,0,117,75,647,117,22260,0.038,9.66456412745174,3336,/home/amos/media/tv/For.All.Mankind.S01-S03.1080p.WEBRip.x265-RARBG/For.All.Mankind.S03.1080p.WEBRip.x265-RARBG/For.All.Mankind.S03E02.1080p.WEBRip.x265-RARBG.mp4,3,2,7772588,
72,540,1080,0,119,70,643,119,25676,0.044,9.281505059625488,3360,/home/amos/media/tv/For.All.Mankind.S01-S03.1080p.WEBRip.x265-RARBG/For.All.Mankind.S03.1080p.WEBRip.x265-RARBG/For.All.Mankind.S03E02.1080p.WEBRip.x265-RARBG.mp4,3,2,7772588,
73,540,1080,0,120,62,354,120,13572,0.023,8.204938048380427,3384,/home/amos/media/tv/For.All.Mankind.S01-S03.1080p.WEBRip.x265-RARBG/For.All.Mankind.S03.1080p.WEBRip.x265-RARBG/For.All.Mankind.S03E02.1080p.WEBRip.x265-RARBG.mp4,3,2,7772588,
74,540,1080,0,120,60,354,120,14040,0.024,7.335748052340932,3408,/home/amos/media/tv/For.All.Mankind.S01-S03.1080p.WEBRip.x265-RARBG/For.All.Mankind.S03.1080p.WEBRip.x265-RARBG/For.All.Mankind.S03E02.1080p.WEBRip.x265-RARBG.mp4,3,2,7772588,
75,540,1080,0,229,103,672,229,55818,0.096,10.953507072699722,3432,/home/amos/media/tv/For.All.Mankind.S01-S03.1080p.WEBRip.x265-RARBG/For.All.Mankind.S03.1080p.WEBRip.x265-RARBG/For.All.Mankind.S03E02.1080p.WEBRip.x265-RARBG.mp4,3,2,7772588,
76,540,1080,0,225,103,672,225,54534,0.094,11.053804070630576,3456,/home/amos/media/tv/For.All.Mankind.S01-S03.1080p.WEBRip.x265-RARBG/For.All.Mankind.S03.1080p.WEBRip.x265-RARBG/For.All.Mankind.S03E02.1080p.WEBRip.x265-RARBG.mp4,3,2,7772588,
77,540,1080,0,222,98,667,222,55180,0.095,11.42974801309174,3480,/home/amos/media/tv/For.All.Mankind.S01-S03.1080p.WEBRip.x265-RARBG/For.All.Mankind.S03.1080p.WEBRip.x265-RARBG/For.All.Mankind.S03E02.1080p.WEBRip.x265-RARBG.mp4,3,2,7772588,
78,540,1080,0,225,97,659,225,55552,0.095,12.1524331329274,3504,/home/amos/media/tv/For.All.Mankind.S01-S03.1080p.WEBRip.x265-RARBG/For.All.Mankind.S03.1080p.WEBRip.x265-RARBG/For.All.Mankind.S03E02.1080p.WEBRip.x265-RARBG.mp4,3,2,7772588,
79,540,1080,0,225,95,654,225,55770,0.096,12.002047094225418,3528,/home/amos/media/tv/For.All.Mankind.S01-S03.1080p.WEBRip.x265-RARBG/For.All.Mankind.S03.1080p.WEBRip.x265-RARBG/For.All.Mankind.S03E02.1080p.WEBRip.x265-RARBG.mp4,3,2,7772588,
80,540,1080,0,116,66,327,116,10550,0.018,6.25762414856581,3552,/home/amos/media/tv/For.All.Mankind.S01-S03.1080p.WEBRip.x265-RARBG/For.All.Mankind.S03.1080p.WEBRip.x265-RARBG/For.All.Mankind.S03E02.1080p.WEBRip.x265-RARBG.mp4,3,2,7772588,
81,540,1080,0,123,69,327,123,11016,0.019,5.048360014043283,3576,/home/amos/media/tv/For.All.Mankind.S01-S03.1080p.WEBRip.x265-RARBG/For.All.Mankind.S03.1080p.WEBRip.x265-RARBG/For.All.Mankind.S03E02.1080p.WEBRip.x265-RARBG.mp4,3,2,7772588,
82,540,1080,0,121,70,328,121,10557,0.018,6.116823054559063,3600,/home/amos/media/tv/For.All.Mankind.S01-S03.1080p.WEBRip.x265-RARBG/For.All.Mankind.S03.1080p.WEBRip.x265-RARBG/For.All.Mankind.S03E02.1080p.WEBRip.x265-RARBG.mp4,3,2,7772588,
83,540,1080,0,227,86,634,227,57387,0.098,12.096484089910518,3624,/home/amos/media/tv/For.All.Mankind.S01-S03.1080p.WEBRip.x265-RARBG/For.All.Mankind.S03.1080p.WEBRip.x265-RARBG/For.All.Mankind.S03E02.1080p.WEBRip.x265-RARBG.mp4,3,2,7772588,
84,540,1080,0,229,88,633,229,56964,0.098,12.477620044897776,3648,/home/amos/media/tv/For.All.Mankind.S01-S03.1080p.WEBRip.x265-RARBG/For.All.Mankind.S03.1080p.WEBRip.x265-RARBG/For.All.Mankind.S03E02.1080p.WEBRip.x265-RARBG.mp4,3,2,7772588,
85,540,1080,0,230,88,639,230,58078,0.1,13.139438118727412,3672,/home/amos/media/tv/For.All.Mankind.S01-S03.1080p.WEBRip.x265-RARBG/For.All.Mankind.S03.1080p.WEBRip.x265-RARBG/For.All.Mankind.S03E02.1080p.WEBRip.x265-RARBG.mp4,3,2,7772588,
86,540,1080,0,226,94,638,226,54384,0.093,13.888246141548734,3696,/home/amos/media/tv/For.All.Mankind.S01-S03.1080p.WEBRip.x265-RARBG/For.All.Mankind.S03.1080p.WEBRip.x265-RARBG/For.All.Mankind.S03E02.1080p.WEBRip.x265-RARBG.mp4,3,2,7772588,
87,540,1080,0,221,87,641,221,56280,0.097,12.153407135687305,3720,/home/amos/media/tv/For.All.Mankind.S01-S03.1080p.WEBRip.x265-RARBG/For.All.Mankind.S03.1080p.WEBRip.x265-RARBG/For.All.Mankind.S03E02.1080p.WEBRip.x265-RARBG.mp4,3,2,7772588,
88,540,1080,1,61,286,903,61,189450,0.325,4.936129013018217,3720,/home/amos/media/tv/For.All.Mankind.S01-S03.1080p.WEBRip.x265-RARBG/For.All.Mankind.S03.1080p.WEBRip.x265-RARBG/For.All.Mankind.S03E02.1080p.WEBRip.x265-RARBG.mp4,3,2,7772588,
89,540,1080,0,229,101,242,229,1664,0.003,7.411257043189835,3744,/home/amos/media/tv/For.All.Mankind.S01-S03.1080p.WEBRip.x265-RARBG/For.All.Mankind.S03.1080p.WEBRip.x265-RARBG/For.All.Mankind.S03E02.1080p.WEBRip.x265-RARBG.mp4,3,2,7772588,
90,540,1080,0,218,80,224,218,828,0.001,4.896973951836117,3768,/home/amos/media/tv/For.All.Mankind.S01-S03.1080p.WEBRip.x265-RARBG/For.All.Mankind.S03.1080p.WEBRip.x265-RARBG/For.All.Mankind.S03E02.1080p.WEBRip.x265-RARBG.mp4,3,2,7772588,
91,540,1080,0,216,132,246,216,2520,0.004,6.52345008373959,3792,/home/amos/media/tv/For.All.Mankind.S01-S03.1080p.WEBRip.x265-RARBG/For.All.Mankind.S03.1080p.WEBRip.x265-RARBG/For.All.Mankind.S03E02.1080p.WEBRip.x265-RARBG.mp4,3,2,7772588,
92,540,1080,0,216,107,650,216,47306,0.081,11.212702026648913,3816,/home/amos/media/tv/For.All.Mankind.S01-S03.1080p.WEBRip.x265-RARBG/For.All.Mankind.S03.1080p.WEBRip.x265-RARBG/For.All.Mankind.S03E02.1080p.WEBRip.x265-RARBG.mp4,3,2,7772588,
93,540,1080,0,240,80,625,240,61600,0.106,8.687763045018073,3840,/home/amos/media/tv/For.All.Mankind.S01-S03.1080p.WEBRip.x265-RARBG/For.All.Mankind.S03.1080p.WEBRip.x265-RARBG/For.All.Mankind.S03E02.1080p.WEBRip.x265-RARBG.mp4,3,2,7772588,
94,540,1080,0,235,85,623,235,58200,0.1,8.62160806072643,3864,/home/amos/media/tv/For.All.Mankind.S01-S03.1080p.WEBRip.x265-RARBG/For.All.Mankind.S03.1080p.WEBRip.x265-RARBG/For.All.Mankind.S03E02.1080p.WEBRip.x265-RARBG.mp4,3,2,7772588,
95,540,1080,0,234,85,621,234,57663,0.099,10.11286804213887,3888,/home/amos/media/tv/For.All.Mankind.S01-S03.1080p.WEBRip.x265-RARBG/For.All.Mankind.S03.1080p.WEBRip.x265-RARBG/For.All.Mankind.S03E02.1080p.WEBRip.x265-RARBG.mp4,3,2,7772588,
96,540,1080,0,239,76,637,239,64874,0.111,9.464775057451334,3912,/home/amos/media/tv/For.All.Mankind.S01-S03.1080p.WEBRip.x265-RARBG/For.All.Mankind.S03.1080p.WEBRip.x265-RARBG/For.All.Mankind.S03E02.1080p.WEBRip.x265-RARBG.mp4,3,2,7772588,
97,540,1080,0,235,80,628,235,60915,0.104,10.008672010560986,3936,/home/amos/media/tv/For.All.Mankind.S01-S03.1080p.WEBRip.x265-RARBG/For.All.Mankind.S03.1080p.WEBRip.x265-RARBG/For.All.Mankind.S03E02.1080p.WEBRip.x265-RARBG.mp4,3,2,7772588,
98,540,1080,0,226,125,228,226,202,0.0,7.008046126633417,3960,/home/amos/media/tv/For.All.Mankind.S01-S03.1080p.WEBRip.x265-RARBG/For.All.Mankind.S03.1080p.WEBRip.x265-RARBG/For.All.Mankind.S03E02.1080p.WEBRip.x265-RARBG.mp4,3,2,7772588,
99,540,1080,0,222,74,268,222,6808,0.012,5.454538126126863,3984,/home/amos/media/tv/For.All.Mankind.S01-S03.1080p.WEBRip.x265-RARBG/For.All.Mankind.S03.1080p.WEBRip.x265-RARBG/For.All.Mankind.S03E02.1080p.WEBRip.x265-RARBG.mp4,3,2,7772588,
100,540,1080,0,190,134,348,190,8848,0.015,5.812216036196332,4008,/home/amos/media/tv/For.All.Mankind.S01-S03.1080p.WEBRip.x265-RARBG/For.All.Mankind.S03.1080p.WEBRip.x265-RARBG/For.All.Mankind.S03E02.1080p.WEBRip.x265-RARBG.mp4,3,2,7772588,
101,540,1080,0,211,113,349,211,13524,0.023,4.877680081117433,4032,/home/amos/media/tv/For.All.Mankind.S01-S03.1080p.WEBRip.x265-RARBG/For.All.Mankind.S03.1080p.WEBRip.x265-RARBG/For.All.Mankind.S03E02.1080p.WEBRip.x265-RARBG.mp4,3,2,7772588,
102,540,1080,0,209,89,682,209,56760,0.097,10.15031709370669,4056,/home/amos/media/tv/For.All.Mankind.S01-S03.1080p.WEBRip.x265-RARBG/For.All.Mankind.S03.1080p.WEBRip.x265-RARBG/For.All.Mankind.S03E02.1080p.WEBRip.x265-RARBG.mp4,3,2,7772588,
103,540,1080,1,58,257,968,58,181090,0.311,2.352929068147205,4056,/home/amos/media/tv/For.All.Mankind.S01-S03.1080p.WEBRip.x265-RARBG/For.All.Mankind.S03.1080p.WEBRip.x265-RARBG/For.All.Mankind.S03E02.1080p.WEBRip.x265-RARBG.mp4,3,2,7772588,
104,540,1080,0,213,84,680,213,60243,0.103,9.816443982359488,4080,/home/amos/media/tv/For.All.Mankind.S01-S03.1080p.WEBRip.x265-RARBG/For.All.Mankind.S03.1080p.WEBRip.x265-RARBG/For.All.Mankind.S03E02.1080p.WEBRip.x265-RARBG.mp4,3,2,7772588,
105,540,1080,0,213,85,681,213,59904,0.103,10.514125147426968,4104,/home/amos/media/tv/For.All.Mankind.S01-S03.1080p.WEBRip.x265-RARBG/For.All.Mankind.S03.1080p.WEBRip.x265-RARBG/For.All.Mankind.S03E02.1080p.WEBRip.x265-RARBG.mp4,3,2,7772588,
106,540,1080,0,211,84,682,211,59817,0.103,11.252713074616622,4128,/home/amos/media/tv/For.All.Mankind.S01-S03.1080p.WEBRip.x265-RARBG/For.All.Mankind.S03.1080p.WEBRip.x265-RARBG/For.All.Mankind.S03E02.1080p.WEBRip.x265-RARBG.mp4,3,2,7772588,
107,540,1080,0,225,70,358,225,20615,0.035,6.270569023559801,4152,/home/amos/media/tv/For.All.Mankind.S01-S03.1080p.WEBRip.x265-RARBG/For.All.Mankind.S03.1080p.WEBRip.x265-RARBG/For.All.Mankind.S03E02.1080p.WEBRip.x265-RARBG.mp4,3,2,7772588,
108,540,1080,0,213,73,365,213,21280,0.036,6.61394198902417,4176,/home/amos/media/tv/For.All.Mankind.S01-S03.1080p.WEBRip.x265-RARBG/For.All.Mankind.S03.1080p.WEBRip.x265-RARBG/For.All.Mankind.S03E02.1080p.WEBRip.x265-RARBG.mp4,3,2,7772588,
109,540,1080,0,214,67,357,214,21021,0.036,4.066934120375663,4200,/home/amos/media/tv/For.All.Mankind.S01-S03.1080p.WEBRip.x265-RARBG/For.All.Mankind.S03.1080p.WEBRip.x265-RARBG/For.All.Mankind.S03E02.1080p.WEBRip.x265-RARBG.mp4,3,2,7772588,
110,540,1080,0,180,73,380,180,21400,0.037,2.4461699602543376,4224,/home/amos/media/tv/For.All.Mankind.S01-S03.1080p.WEBRip.x265-RARBG/For.All.Mankind.S03.1080p.WEBRip.x265-RARBG/For.All.Mankind.S03E02.1080p.WEBRip.x265-RARBG.mp4,3,2,7772588,
111,540,1080,0,222,76,354,222,19272,0.033,5.287980989203788,4248,/home/amos/media/tv/For.All.Mankind.S01-S03.1080p.WEBRip.x265-RARBG/For.All.Mankind.S03.1080p.WEBRip.x265-RARBG/For.All.Mankind.S03E02.1080p.WEBRip.x265-RARBG.mp4,3,2,7772588,
112,540,1080,0,234,72,645,234,66582,0.114,11.457550088816788,4272,/home/amos/media/tv/For.All.Mankind.S01-S03.1080p.WEBRip.x265-RARBG/For.All.Mankind.S03.1080p.WEBRip.x265-RARBG/For.All.Mankind.S03E02.1080p.WEBRip.x265-RARBG.mp4,3,2,7772588,
113,540,1080,0,237,75,655,237,67716,0.116,10.13566311163595,4296,/home/amos/media/tv/For.All.Mankind.S01-S03.1080p.WEBRip.x265-RARBG/For.All.Mankind.S03.1080p.WEBRip.x265-RARBG/For.All.Mankind.S03E02.1080p.WEBRip.x265-RARBG.mp4,3,2,7772588,
114,540,1080,0,228,75,665,228,66861,0.115,10.45166315388633,4320,/home/amos/media/tv/For.All.Mankind.S01-S03.1080p.WEBRip.x265-RARBG/For.All.Mankind.S03.1080p.WEBRip.x265-RARBG/For.All.Mankind.S03E02.1080p.WEBRip.x265-RARBG.mp4,3,2,7772588,
115,540,1080,0,221,79,674,221,64326,0.11,12.284625116444658,4344,/home/amos/media/tv/For.All.Mankind.S01-S03.1080p.WEBRip.x265-RARBG/For.All.Mankind.S03.1080p.WEBRip.x265-RARBG/For.All.Mankind.S03E02.1080p.WEBRip.x265-RARBG.mp4,3,2,7772588,
116,540,1080,0,216,87,337,216,15609,0.027,6.969184156390838,4368,/home/amos/media/tv/For.All.Mankind.S01-S03.1080p.WEBRip.x265-RARBG/For.All.Mankind.S03.1080p.WEBRip.x265-RARBG/For.All.Mankind.S03E02.1080p.WEBRip.x265-RARBG.mp4,3,2,7772588,
117,540,1080,0,223,85,221,223,276,0.0,8.912549104192294,4392,/home/amos/media/tv/For.All.Mankind.S01-S03.1080p.WEBRip.x265-RARBG/For.All.Mankind.S03.1080p.WEBRip.x265-RARBG/For.All.Mankind.S03E02.1080p.WEBRip.x265-RARBG.mp4,3,2,7772588,
118,540,1080,0,227,109,220,227,826,0.001,6.99442304315744,4416,/home/amos/media/tv/For.All.Mankind.S01-S03.1080p.WEBRip.x265-RARBG/For.All.Mankind.S03.1080p.WEBRip.x265-RARBG/For.All.Mankind.S03E02.1080p.WEBRip.x265-RARBG.mp4,3,2,7772588,
119,540,1080,0,233,60,676,233,76639,0.131,11.791594117123168,4440,/home/amos/media/tv/For.All.Mankind.S01-S03.1080p.WEBRip.x265-RARBG/For.All.Mankind.S03.1080p.WEBRip.x265-RARBG/For.All.Mankind.S03E02.1080p.WEBRip.x265-RARBG.mp4,3,2,7772588,
120,540,1080,0,199,114,186,199,1105,0.002,4.19408315065084,4464,/home/amos/media/tv/For.All.Mankind.S01-S03.1080p.WEBRip.x265-RARBG/For.All.Mankind.S03.1080p.WEBRip.x265-RARBG/For.All.Mankind.S03E02.1080p.WEBRip.x265-RARBG.mp4,3,2,7772588,
121,540,1080,0,190,83,205,190,1605,0.003,4.486589020758402,4488,/home/amos/media/tv/For.All.Mankind.S01-S03.1080p.WEBRip.x265-RARBG/For.All.Mankind.S03.1080p.WEBRip.x265-RARBG/For.All.Mankind.S03E02.1080p.WEBRip.x265-RARBG.mp4,3,2,7772588,
122,540,1080,0,205,88,197,205,936,0.002,3.808474108285736,4512,/home/amos/media/tv/For.All.Mankind.S01-S03.1080p.WEBRip.x265-RARBG/For.All.Mankind.S03.1080p.WEBRip.x265-RARBG/For.All.Mankind.S03E02.1080p.WEBRip.x265-RARBG.mp4,3,2,7772588,
123,540,1080,0,199,91,194,199,540,0.001,5.187435009225737,4536,/home/amos/media/tv/For.All.Mankind.S01-S03.1080p.WEBRip.x265-RARBG/For.All.Mankind.S03.1080p.WEBRip.x265-RARBG/For.All.Mankind.S03E02.1080p.WEBRip.x265-RARBG.mp4,3,2,7772588,
124,540,1080,0,220,75,640,220,60900,0.104,11.891616055450868,4560,/home/amos/media/tv/For.All.Mankind.S01-S03.1080p.WEBRip.x265-RARBG/For.All.Mankind.S03.1080p.WEBRip.x265-RARBG/For.All.Mankind.S03E02.1080p.WEBRip.x265-RARBG.mp4,3,2,7772588,
125,540,1080,0,223,72,635,223,62212,0.107,11.256734093825798,4584,/home/amos/media/tv/For.All.Mankind.S01-S03.1080p.WEBRip.x265-RARBG/For.All.Mankind.S03.1080p.WEBRip.x265-RARBG/For.All.Mankind.S03E02.1080p.WEBRip.x265-RARBG.mp4,3,2,7772588,
126,540,1080,0,214,74,633,214,58660,0.101,10.140683160803746,4608,/home/amos/media/tv/For.All.Mankind.S01-S03.1080p.WEBRip.x265-RARBG/For.All.Mankind.S03.1080p.WEBRip.x265-RARBG/For.All.Mankind.S03E02.1080p.WEBRip.x265-RARBG.mp4,3,2,7772588,
127,540,1080,0,233,60,621,233,67124,0.115,8.0674430692452,4632,/home/amos/media/tv/For.All.Mankind.S01-S03.1080p.WEBRip.x265-RARBG/For.All.Mankind.S03.1080p.WEBRip.x265-RARBG/For.All.Mankind.S03E02.1080p.WEBRip.x265-RARBG.mp4,3,2,7772588,
128,540,1080,0,221,84,620,221,54663,0.094,9.703494112356566,4656,/home/amos/media/tv/For.All.Mankind.S01-S03.1080p.WEBRip.x265-RARBG/For.All.Mankind.S03.1080p.WEBRip.x265-RARBG/For.All.Mankind.S03E02.1080p.WEBRip.x265-RARBG.mp4,3,2,7772588,
129,540,1080,0,217,133,628,217,34524,0.059,6.776151077414397,4680,/home/amos/media/tv/For.All.Mankind.S01-S03.1080p.WEBRip.x265-RARBG/For.All.Mankind.S03.1080p.WEBRip.x265-RARBG/For.All.Mankind.S03E02.1080p.WEBRip.x265-RARBG.mp4,3,2,7772588,
130,540,1080,0,207,114,611,207,37572,0.064,9.520129043085037,4704,/home/amos/media/tv/For.All.Mankind.S01-S03.1080p.WEBRip.x265-RARBG/For.All.Mankind.S03.1080p.WEBRip.x265-RARBG/For.All.Mankind.S03E02.1080p.WEBRip.x265-RARBG.mp4,3,2,7772588,
131,540,1080,0,227,84,581,227,50622,0.087,10.837942063517405,4728,/home/amos/media/tv/For.All.Mankind.S01-S03.1080p.WEBRip.x265-RARBG/For.All.Mankind.S03.1080p.WEBRip.x265-RARBG/For.All.Mankind.S03E02.1080p.WEBRip.x265-RARBG.mp4,3,2,7772588,
132,540,1080,0,191,120,246,191,3905,0.007,4.929228969558608,4752,/home/amos/media/tv/For.All.Mankind.S01-S03.1080p.WEBRip.x265-RARBG/For.All.Mankind.S03.1080p.WEBRip.x265-RARBG/For.All.Mankind.S03E02.1080p.WEBRip.x265-RARBG.mp4,3,2,7772588,
133,540,1080,0,174,125,254,174,3920,0.007,4.913229011639487,4776,/home/amos/media/tv/For.All.Mankind.S01-S03.1080p.WEBRip.x265-RARBG/For.All.Mankind.S03.1080p.WEBRip.x265-RARBG/For.All.Mankind.S03E02.1080p.WEBRip.x265-RARBG.mp4,3,2,7772588,
134,540,1080,0,154,116,271,154,4446,0.008,3.7018200463498943,4800,/home/amos/media/tv/For.All.Mankind.S01-S03.1080p.WEBRip.x265-RARBG/For.All.Mankind.S03.1080p.WEBRip.x265-RARBG/For.All.Mankind.S03E02.1080p.WEBRip.x265-RARBG.mp4,3,2,7772588,
135,540,1080,0,201,111,235,201,3060,0.005,3.044890061893966,4824,/home/amos/media/tv/For.All.Mankind.S01-S03.1080p.WEBRip.x265-RARBG/For.All.Mankind.S03.1080p.WEBRip.x265-RARBG/For.All.Mankind.S03E02.1080p.WEBRip.x265-RARBG.mp4,3,2,7772588,
136,540,1080,0,180,116,256,180,4864,0.008,1.5710050213965587,4848,/home/amos/media/tv/For.All.Mankind.S01-S03.1080p.WEBRip.x265-RARBG/For.All.Mankind.S03.1080p.WEBRip.x265-RARBG/For.All.Mankind.S03E02.1080p.WEBRip.x265-RARBG.mp4,3,2,7772588,
137,540,1080,0,184,114,246,184,4340,0.007,4.136904033541214,4872,/home/amos/media/tv/For.All.Mankind.S01-S03.1080p.WEBRip.x265-RARBG/For.All.Mankind.S03.1080p.WEBRip.x265-RARBG/For.All.Mankind.S03E02.1080p.WEBRip.x265-RARBG.mp4,3,2,7772588,
138,540,1080,0,174,115,256,174,4838,0.008,3.614830004691612,4896,/home/amos/media/tv/For.All.Mankind.S01-S03.1080p.WEBRip.x265-RARBG/For.All.Mankind.S03.1080p.WEBRip.x265-RARBG/For.All.Mankind.S03E02.1080p.WEBRip.x265-RARBG.mp4,3,2,7772588,
139,540,1080,0,192,107,243,192,4335,0.007,3.939078084367793,4920,/home/amos/media/tv/For.All.Mankind.S01-S03.1080p.WEBRip.x265-RARBG/For.All.Mankind.S03.1080p.WEBRip.x265-RARBG/For.All.Mankind.S03E02.1080p.WEBRip.x265-RARBG.mp4,3,2,7772588,
140,540,1080,0,221,86,663,221,59670,0.102,11.406903159513604,4944,/home/amos/media/tv/For.All.Mankind.S01-S03.1080p.WEBRip.x265-RARBG/For.All.Mankind.S03.1080p.WEBRip.x265-RARBG/For.All.Mankind.S03E02.1080p.WEBRip.x265-RARBG.mp4,3,2,7772588,
141,540,1080,0,216,88,666,216,57600,0.099,13.085004147782456,4968,/home/amos/media/tv/For.All.Mankind.S01-S03.1080p.WEBRip.x265-RARBG/For.All.Mankind.S03.1080p.WEBRip.x265-RARBG/For.All.Mankind.S03E02.1080p.WEBRip.x265-RARBG.mp4,3,2,7772588,
142,540,1080,0,217,88,666,217,57921,0.099,12.927838145929854,4992,/home/amos/media/tv/For.All.Mankind.S01-S03.1080p.WEBRip.x265-RARBG/For.All.Mankind.S03.1080p.WEBRip.x265-RARBG/For.All.Mankind.S03E02.1080p.WEBRip.x265-RARBG.mp4,3,2,7772588,
143,540,1080,0,217,64,235,217,2754,0.005,8.061572117148899,5016,/home/amos/media/tv/For.All.Mankind.S01-S03.1080p.WEBRip.x265-RARBG/For.All.Mankind.S03.1080p.WEBRip.x265-RARBG/For.All.Mankind.S03E02.1080p.WEBRip.x265-RARBG.mp4,3,2,7772588,
144,540,1080,0,222,70,236,222,2128,0.004,5.6769090496818535,5040,/home/amos/media/tv/For.All.Mankind.S01-S03.1080p.WEBRip.x265-RARBG/For.All.Mankind.S03.1080p.WEBRip.x265-RARBG/For.All.Mankind.S03E02.1080p.WEBRip.x265-RARBG.mp4,3,2,7772588,
145,540,1080,0,211,80,243,211,4192,0.007,8.342193106131162,5064,/home/amos/media/tv/For.All.Mankind.S01-S03.1080p.WEBRip.x265-RARBG/For.All.Mankind.S03.1080p.WEBRip.x265-RARBG/For.All.Mankind.S03E02.1080p.WEBRip.x265-RARBG.mp4,3,2,7772588,
146,540,1080,0,210,88,237,210,3294,0.006,7.465328087972011,5088,/home/amos/media/tv/For.All.Mankind.S01-S03.1080p.WEBRip.x265-RARBG/For.All.Mankind.S03.1080p.WEBRip.x265-RARBG/For.All.Mankind.S03E02.1080p.WEBRip.x265-RARBG.mp4,3,2,7772588,
147,540,1080,0,217,93,665,217,55552,0.095,10.448839132383,5112,/home/amos/media/tv/For.All.Mankind.S01-S03.1080p.WEBRip.x265-RARBG/For.All.Mankind.S03.1080p.WEBRip.x265-RARBG/For.All.Mankind.S03E02.1080p.WEBRip.x265-RARBG.mp4,3,2,7772588,
148,540,1080,0,220,92,663,220,56704,0.097,11.479982083837967,5136,/home/amos/media/tv/For.All.Mankind.S01-S03.1080p.WEBRip.x265-RARBG/For.All.Mankind.S03.1080p.WEBRip.x265-RARBG/For.All.Mankind.S03E02.1080p.WEBRip.x265-RARBG.mp4,3,2,7772588,
149,540,1080,0,218,92,664,218,56196,0.096,10.015545116912108,5160,/home/amos/media/tv/For.All.Mankind.S01-S03.1080p.WEBRip.x265-RARBG/For.All.Mankind.S03.1080p.WEBRip.x265-RARBG/For.All.Mankind.S03E02.1080p.WEBRip.x265-RARBG.mp4,3,2,7772588,
150,540,1080,0,222,90,662,222,58080,0.1,9.811099114071112,5184,/home/amos/media/tv/For.All.Mankind.S01-S03.1080p.WEBRip.x265-RARBG/For.All.Mankind.S03.1080p.WEBRip.x265-RARBG/For.All.Mankind.S03E02.1080p.WEBRip.x265-RARBG.mp4,3,2,7772588,
151,540,1080,0,228,111,275,228,5499,0.009,7.566450092650484,5208,/home/amos/media/tv/For.All.Mankind.S01-S03.1080p.WEBRip.x265-RARBG/For.All.Mankind.S03.1080p.WEBRip.x265-RARBG/For.All.Mankind.S03E02.1080p.WEBRip.x265-RARBG.mp4,3,2,7772588,
152,540,1080,0,222,88,283,222,8174,0.014,8.560984964424279,5232,/home/amos/media/tv/For.All.Mankind.S01-S03.1080p.WEBRip.x265-RARBG/For.All.Mankind.S03.1080p.WEBRip.x265-RARBG/For.All.Mankind.S03E02.1080p.WEBRip.x265-RARBG.mp4,3,2,7772588,
153,540,1080,0,229,94,277,229,6480,0.011,10.332429079920985,5256,/home/amos/media/tv/For.All.Mankind.S01-S03.1080p.WEBRip.x265-RARBG/For.All.Mankind.S03.1080p.WEBRip.x265-RARBG/For.All.Mankind.S03E02.1080p.WEBRip.x265-RARBG.mp4,3,2,7772588,
154,540,1080,0,210,87,243,210,4059,0.007,5.577739067550283,5280,/home/amos/media/tv/For.All.Mankind.S01-S03.1080p.WEBRip.x265-RARBG/For.All.Mankind.S03.1080p.WEBRip.x265-RARBG/For.All.Mankind.S03E02.1080p.WEBRip.x265-RARBG.mp4,3,2,7772588,
155,540,1080,0,216,86,229,216,1690,0.003,6.971369152073748,5304,/home/amos/media/tv/For.All.Mankind.S01-S03.1080p.WEBRip.x265-RARBG/For.All.Mankind.S03.1080p.WEBRip.x265-RARBG/For.All.Mankind.S03E02.1080p.WEBRip.x265-RARBG.mp4,3,2,7772588,
156,540,1080,0,243,76,573,243,55110,0.094,10.45241100905696,5328,/home/amos/media/tv/For.All.Mankind.S01-S03.1080p.WEBRip.x265-RARBG/For.All.Mankind.S03.1080p.WEBRip.x265-RARBG/For.All.Mankind.S03E02.1080p.WEBRip.x265-RARBG.mp4,3,2,7772588,
157,540,1080,0,246,74,573,246,56244,0.096,10.555957092612516,5352,/home/amos/media/tv/For.All.Mankind.S01-S03.1080p.WEBRip.x265-RARBG/For.All.Mankind.S03.1080p.WEBRip.x265-RARBG/For.All.Mankind.S03E02.1080p.WEBRip.x265-RARBG.mp4,3,2,7772588,
158,540,1080,0,242,78,573,242,54284,0.093,10.79285319999326,5376,/home/amos/media/tv/For.All.Mankind.S01-S03.1080p.WEBRip.x265-RARBG/For.All.Mankind.S03.1080p.WEBRip.x265-RARBG/For.All.Mankind.S03E02.1080p.WEBRip.x265-RARBG.mp4,3,2,7772588,
159,540,1080,1,31,415,670,31,245376,0.421,4.282163993164431,5376,/home/amos/media/tv/For.All.Mankind.S01-S03.1080p.WEBRip.x265-RARBG/For.All.Mankind.S03.1080p.WEBRip.x265-RARBG/For.All.Mankind.S03E02.1080p.WEBRip.x265-RARBG.mp4,3,2,7772588,
160,540,1080,0,248,72,575,248,57552,0.099,10.376137012091933,5400,/home/amos/media/tv/For.All.Mankind.S01-S03.1080p.WEBRip.x265-RARBG/For.All.Mankind.S03.1080p.WEBRip.x265-RARBG/For.All.Mankind.S03E02.1080p.WEBRip.x265-RARBG.mp4,3,2,7772588,
161,540,1080,0,245,70,575,245,57750,0.099,10.352856110897848,5424,/home/amos/media/tv/For.All.Mankind.S01-S03.1080p.WEBRip.x265-RARBG/For.All.Mankind.S03.1080p.WEBRip.x265-RARBG/For.All.Mankind.S03E02.1080p.WEBRip.x265-RARBG.mp4,3,2,7772588,
162,540,1080,0,232,82,192,232,6000,0.01,5.681337089918088,5448,/home/amos/media/tv/For.All.Mankind.S01-S03.1080p.WEBRip.x265-RARBG/For.All.Mankind.S03.1080p.WEBRip.x265-RARBG/For.All.Mankind.S03E02.1080p.WEBRip.x265-RARBG.mp4,3,2,7772588,
163,540,1080,0,237,79,191,237,7268,0.012,6.108439109870233,5472,/home/amos/media/tv/For.All.Mankind.S01-S03.1080p.WEBRip.x265-RARBG/For.All.Mankind.S03.1080p.WEBRip.x265-RARBG/For.All.Mankind.S03E02.1080p.WEBRip.x265-RARBG.mp4,3,2,7772588,
164,540,1080,0,238,83,192,238,7130,0.012,4.744079033960588,5496,/home/amos/media/tv/For.All.Mankind.S01-S03.1080p.WEBRip.x265-RARBG/For.All.Mankind.S03.1080p.WEBRip.x265-RARBG/For.All.Mankind.S03E02.1080p.WEBRip.x265-RARBG.mp4,3,2,7772588,
165,540,1080,0,244,79,188,244,9240,0.016,7.82206005853368,5520,/home/amos/media/tv/For.All.Mankind.S01-S03.1080p.WEBRip.x265-RARBG/For.All.Mankind.S03.1080p.WEBRip.x265-RARBG/For.All.Mankind.S03E02.1080p.WEBRip.x265-RARBG.mp4,3,2,7772588,
166,540,1080,0,252,89,192,252,9780,0.017,5.494282040453982,5544,/home/amos/media/tv/For.All.Mankind.S01-S03.1080p.WEBRip.x265-RARBG/For.All.Mankind.S03.1080p.WEBRip.x265-RARBG/For.All.Mankind.S03E02.1080p.WEBRip.x265-RARBG.mp4,3,2,7772588,
167,540,1080,0,245,102,200,245,6435,0.011,6.313981035433244,5568,/home/amos/media/tv/For.All.Mankind.S01-S03.1080p.WEBRip.x265-RARBG/For.All.Mankind.S03.1080p.WEBRip.x265-RARBG/For.All.Mankind.S03E02.1080p.WEBRip.x265-RARBG.mp4,3,2,7772588,
168,540,1080,0,249,107,200,249,6958,0.012,7.058880089956801,5592,/home/amos/media/tv/For.All.Mankind.S01-S03.1080p.WEBRip.x265-RARBG/For.All.Mankind.S03.1080p.WEBRip.x265-RARBG/For.All.Mankind.S03E02.1080p.WEBRip.x265-RARBG.mp4,3,2,7772588,
169,540,1080,0,243,103,199,243,6160,0.011,7.062195025500841,5616,/home/amos/media/tv/For.All.Mankind.S01-S03.1080p.WEBRip.x265-RARBG/For.All.Mankind.S03.1080p.WEBRip.x265-RARBG/For.All.Mankind.S03E02.1080p.WEBRip.x265-RARBG.mp4,3,2,7772588,
170,540,1080,0,222,85,666,222,60828,0.104,11.072759014961775,5640,/home/amos/media/tv/For.All.Mankind.S01-S03.1080p.WEBRip.x265-RARBG/For.All.Mankind.S03.1080p.WEBRip.x265-RARBG/For.All.Mankind.S03E02.1080p.WEBRip.x265-RARBG.mp4,3,2,7772588,
171,540,1080,0,234,100,659,234,56950,0.098,8.653983122785576,5664,/home/amos/media/tv/For.All.Mankind.S01-S03.1080p.WEBRip.x265-RARBG/For.All.Mankind.S03.1080p.WEBRip.x265-RARBG/For.All.Mankind.S03E02.1080p.WEBRip.x265-RARBG.mp4,3,2,7772588,
172,540,1080,1,59,249,923,59,164160,0.281,1.7899901167838834,5664,/home/amos/media/tv/For.All.Mankind.S01-S03.1080p.WEBRip.x265-RARBG/For.All.Mankind.S03.1080p.WEBRip.x265-RARBG/For.All.Mankind.S03E02.1080p.WEBRip.x265-RARBG.mp4,3,2,7772588,
173,540,1080,0,229,94,653,229,57240,0.098,10.601677051337902,5688,/home/amos/media/tv/For.All.Mankind.S01-S03.1080p.WEBRip.x265-RARBG/For.All.Mankind.S03.1080p.WEBRip.x265-RARBG/For.All.Mankind.S03E02.1080p.WEBRip.x265-RARBG.mp4,3,2,7772588,
174,540,1080,0,226,85,647,226,59361,0.102,9.00218011875404,5712,/home/amos/media/tv/For.All.Mankind.S01-S03.1080p.WEBRip.x265-RARBG/For.All.Mankind.S03.1080p.WEBRip.x265-RARBG/For.All.Mankind.S03E02.1080p.WEBRip.x265-RARBG.mp4,3,2,7772588,
175,540,1080,0,235,112,662,235,52521,0.09,8.722074126068037,5736,/home/amos/media/tv/For.All.Mankind.S01-S03.1080p.WEBRip.x265-RARBG/For.All.Mankind.S03.1080p.WEBRip.x265-RARBG/For.All.Mankind.S03E02.1080p.WEBRip.x265-RARBG.mp4,3,2,7772588,
176,540,1080,0,122,87,351,122,8015,0.014,4.59788609307725,5760,/home/amos/media/tv/For.All.Mankind.S01-S03.1080p.WEBRip.x265-RARBG/For.All.Mankind.S03.1080p.WEBRip.x265-RARBG/For.All.Mankind.S03E02.1080p.WEBRip.x265-RARBG.mp4,3,2,7772588,
177,540,1080,0,118,88,357,118,7170,0.012,5.442458015575539,5784,/home/amos/media/tv/For.All.Mankind.S01-S03.1080p.WEBRip.x265-RARBG/For.All.Mankind.S03.1080p.WEBRip.x265-RARBG/For.All.Mankind.S03E02.1080p.WEBRip.x265-RARBG.mp4,3,2,7772588,
178,540,1080,0,121,69,380,121,13468,0.023,6.356101983168628,5808,/home/amos/media/tv/For.All.Mankind.S01-S03.1080p.WEBRip.x265-RARBG/For.All.Mankind.S03.1080p.WEBRip.x265-RARBG/For.All.Mankind.S03E02.1080p.WEBRip.x265-RARBG.mp4,3,2,7772588,
179,540,1080,0,134,66,362,134,15504,0.027,6.89251303760102,5832,/home/amos/media/tv/For.All.Mankind.S01-S03.1080p.WEBRip.x265-RARBG/For.All.Mankind.S03.1080p.WEBRip.x265-RARBG/For.All.Mankind.S03E02.1080p.WEBRip.x265-RARBG.mp4,3,2,7772588,
180,540,1080,0,126,65,365,126,14579,0.025,7.934761108714156,5856,/home/amos/media/tv/For.All.Mankind.S01-S03.1080p.WEBRip.x265-RARBG/For.All.Mankind.S03.1080p.WEBRip.x265-RARBG/For.All.Mankind.S03E02.1080p.WEBRip.x265-RARBG.mp4,3,2,7772588,
181,540,1080,0,132,72,359,132,13620,0.023,5.837243074725848,5880,/home/amos/media/tv/For.All.Mankind.S01-S03.1080p.WEBRip.x265-RARBG/For.All.Mankind.S03.1080p.WEBRip.x265-RARBG/For.All.Mankind.S03E02.1080p.WEBRip.x265-RARBG.mp4,3,2,7772588,
182,540,1080,0,130,62,363,130,15844,0.027,6.015260987856891,5904,/home/amos/media/tv/For.All.Mankind.S01-S03.1080p.WEBRip.x265-RARBG/For.All.Mankind.S03.1080p.WEBRip.x265-RARBG/For.All.Mankind.S03E02.1080p.WEBRip.x265-RARBG.mp4,3,2,7772588,
183,540,1080,0,136,61,368,136,17400,0.03,7.951090055925306,5928,/home/amos/media/tv/For.All.Mankind.S01-S03.1080p.WEBRip.x265-RARBG/For.All.Mankind.S03.1080p.WEBRip.x265-RARBG/For.All.Mankind.S03E02.1080p.WEBRip.x265-RARBG.mp4,3,2,7772588,
184,540,1080,0,53,156,764,53,73233,0.126,6.3085250844596885,5952,/home/amos/media/tv/For.All.Mankind.S01-S03.1080p.WEBRip.x265-RARBG/For.All.Mankind.S03.1080p.WEBRip.x265-RARBG/For.All.Mankind.S03E02.1080p.WEBRip.x265-RARBG.mp4,3,2,7772588,
185,540,1080,0,51,157,765,51,75684,0.13,5.4555230983532965,5976,/home/amos/media/tv/For.All.Mankind.S01-S03.1080p.WEBRip.x265-RARBG/For.All.Mankind.S03.1080p.WEBRip.x265-RARBG/For.All.Mankind.S03E02.1080p.WEBRip.x265-RARBG.mp4,3,2,7772588,
186,540,1080,0,51,157,769,51,76108,0.131,7.248923102102708,6000,/home/amos/media/tv/For.All.Mankind.S01-S03.1080p.WEBRip.x265-RARBG/For.All.Mankind.S03.1080p.WEBRip.x265-RARBG/For.All.Mankind.S03E02.1080p.WEBRip.x265-RARBG.mp4,3,2,7772588,
187,540,1080,0,48,159,772,48,80364,0.138,6.694019067042973,6024,/home/amos/media/tv/For.All.Mankind.S01-S03.1080p.WEBRip.x265-RARBG/For.All.Mankind.S03.1080p.WEBRip.x265-RARBG/For.All.Mankind.S03E02.1080p.WEBRip.x265-RARBG.mp4,3,2,7772588,
188,540,1080,0,49,158,772,49,78807,0.135,6.29136807838222,6048,/home/amos/media/tv/For.All.Mankind.S01-S03.1080p.WEBRip.x265-RARBG/For.All.Mankind.S03.1080p.WEBRip.x265-RARBG/For.All.Mankind.S03E02.1080p.WEBRip.x265-RARBG.mp4,3,2,7772588,
189,540,1080,0,46,159,774,46,82264,0.141,5.298210129782092,6072,/home/amos/media/tv/For.All.Mankind.S01-S03.1080p.WEBRip.x265-RARBG/For.All.Mankind.S03.1080p.WEBRip.x265-RARBG/For.All.Mankind.S03E02.1080p.WEBRip.x265-RARBG.mp4,3,2,7772588,
190,540,1080,0,205,84,230,205,3025,0.005,5.610024087771308,6096,/home/amos/media/tv/For.All.Mankind.S01-S03.1080p.WEBRip.x265-RARBG/For.All.Mankind.S03.1080p.WEBRip.x265-RARBG/For.All.Mankind.S03E02.1080p.WEBRip.x265-RARBG.mp4,3,2,7772588,
191,540,1080,0,216,96,246,216,3600,0.006,7.94013708102284,6120,/home/amos/media/tv/For.All.Mankind.S01-S03.1080p.WEBRip.x265-RARBG/For.All.Mankind.S03.1080p.WEBRip.x265-RARBG/For.All.Mankind.S03E02.1080p.WEBRip.x265-RARBG.mp4,3,2,7772588,
192,540,1080,0,218,87,677,218,60129,0.103,10.762387118476909,6144,/home/amos/media/tv/For.All.Mankind.S01-S03.1080p.WEBRip.x265-RARBG/For.All.Mankind.S03.1080p.WEBRip.x265-RARBG/For.All.Mankind.S03E02.1080p.WEBRip.x265-RARBG.mp4,3,2,7772588,
193,540,1080,0,214,88,676,214,58212,0.1,9.903504152956884,6168,/home/amos/media/tv/For.All.Mankind.S01-S03.1080p.WEBRip.x265-RARBG/For.All.Mankind.S03.1080p.WEBRip.x265-RARBG/For.All.Mankind.S03E02.1080p.WEBRip.x265-RARBG.mp4,3,2,7772588,
194,540,1080,0,226,87,668,226,61438,0.105,11.184211104351562,6192,/home/amos/media/tv/For.All.Mankind.S01-S03.1080p.WEBRip.x265-RARBG/For.All.Mankind.S03.1080p.WEBRip.x265-RARBG/For.All.Mankind.S03E02.1080p.WEBRip.x265-RARBG.mp4,3,2,7772588,
195,540,1080,0,223,87,670,223,60792,0.104,10.716120140335988,6216,/home/amos/media/tv/For.All.Mankind.S01-S03.1080p.WEBRip.x265-RARBG/For.All.Mankind.S03.1080p.WEBRip.x265-RARBG/For.All.Mankind.S03E02.1080p.WEBRip.x265-RARBG.mp4,3,2,7772588,
196,540,1080,0,148,77,426,148,19738,0.034,5.86024799401639,6240,/home/amos/media/tv/For.All.Mankind.S01-S03.1080p.WEBRip.x265-RARBG/For.All.Mankind.S03.1080p.WEBRip.x265-RARBG/For.All.Mankind.S03E02.1080p.WEBRip.x265-RARBG.mp4,3,2,7772588,
197,540,1080,0,159,76,426,159,22161,0.038,5.695315113000106,6264,/home/amos/media/tv/For.All.Mankind.S01-S03.1080p.WEBRip.x265-RARBG/For.All.Mankind.S03.1080p.WEBRip.x265-RARBG/For.All.Mankind.S03E02.1080p.WEBRip.x265-RARBG.mp4,3,2,7772588,
198,540,1080,0,158,66,421,158,24196,0.041,5.525643095956184,6288,/home/amos/media/tv/For.All.Mankind.S01-S03.1080p.WEBRip.x265-RARBG/For.All.Mankind.S03.1080p.WEBRip.x265-RARBG/For.All.Mankind.S03E02.1080p.WEBRip.x265-RARBG.mp4,3,2,7772588,
199,540,1080,0,219,88,656,219,57247,0.098,9.156976118625607,6312,/home/amos/media/tv/For.All.Mankind.S01-S03.1080p.WEBRip.x265-RARBG/For.All.Mankind.S03.1080p.WEBRip.x265-RARBG/For.All.Mankind.S03E02.1080p.WEBRip.x265-RARBG.mp4,3,2,7772588,
200,540,1080,0,220,86,655,220,58290,0.1,10.89495409670053,6336,/home/amos/media/tv/For.All.Mankind.S01-S03.1080p.WEBRip.x265-RARBG/For.All.Mankind.S03.1080p.WEBRip.x265-RARBG/For.All.Mankind.S03E02.1080p.WEBRip.x265-RARBG.mp4,3,2,7772588,
201,540,1080,0,217,85,656,217,57948,0.099,9.784828097268472,6360,/home/amos/media/tv/For.All.Mankind.S01-S03.1080p.WEBRip.x265-RARBG/For.All.Mankind.S03.1080p.WEBRip.x265-RARBG/For.All.Mankind.S03E02.1080p.WEBRip.x265-RARBG.mp4,3,2,7772588,
202,540,1080,0,216,85,658,216,57902,0.099,11.073813086084556,6384,/home/amos/media/tv/For.All.Mankind.S01-S03.1080p.WEBRip.x265-RARBG/For.All.Mankind.S03.1080p.WEBRip.x265-RARBG/For.All.Mankind.S03E02.1080p.WEBRip.x265-RARBG.mp4,3,2,7772588,
203,540,1080,0,219,92,243,219,3048,0.005,7.771591150609311,6408,/home/amos/media/tv/For.All.Mankind.S01-S03.1080p.WEBRip.x265-RARBG/For.All.Mankind.S03.1080p.WEBRip.x265-RARBG/For.All.Mankind.S03E02.1080p.WEBRip.x265-RARBG.mp4,3,2,7772588,
204,540,1080,0,211,93,243,211,3776,0.006,8.283210073248483,6432,/home/amos/media/tv/For.All.Mankind.S01-S03.1080p.WEBRip.x265-RARBG/For.All.Mankind.S03.1080p.WEBRip.x265-RARBG/For.All.Mankind.S03E02.1080p.WEBRip.x265-RARBG.mp4,3,2,7772588,
205,540,1080,0,210,90,256,210,5520,0.009,7.779633094265591,6456,/home/amos/media/tv/For.All.Mankind.S01-S03.1080p.WEBRip.x265-RARBG/For.All.Mankind.S03.1080p.WEBRip.x265-RARBG/For.All.Mankind.S03E02.1080p.WEBRip.x265-RARBG.mp4,3,2,7772588,
206,540,1080,0,211,89,281,211,8540,0.015,7.838814120856114,6480,/home/amos/media/tv/For.All.Mankind.S01-S03.1080p.WEBRip.x265-RARBG/For.All.Mankind.S03.1080p.WEBRip.x265-RARBG/For.All.Mankind.S03E02.1080p.WEBRip.x265-RARBG.mp4,3,2,7772588,
207,540,1080,0,218,88,234,218,2080,0.004,6.641213073569816,6504,/home/amos/media/tv/For.All.Mankind.S01-S03.1080p.WEBRip.x265-RARBG/For.All.Mankind.S03.1080p.WEBRip.x265-RARBG/For.All.Mankind.S03E02.1080p.WEBRip.x265-RARBG.mp4,3,2,7772588,
208,540,1080,0,221,100,245,221,2904,0.005,8.85226907080505,6528,/home/amos/media/tv/For.All.Mankind.S01-S03.1080p.WEBRip.x265-RARBG/For.All.Mankind.S03.1080p.WEBRip.x265-RARBG/For.All.Mankind.S03E02.1080p.WEBRip.x265-RARBG.mp4,3,2,7772588,
209,540,1080,0,221,83,654,221,59754,0.102,10.899194148543756,6552,/home/amos/media/tv/For.All.Mankind.S01-S03.1080p.WEBRip.x265-RARBG/For.All.Mankind.S03.1080p.WEBRip.x265-RARBG/For.All.Mankind.S03E02.1080p.WEBRip.x265-RARBG.mp4,3,2,7772588,
210,540,1080,0,223,80,648,223,60775,0.104,10.226109157665633,6576,/home/amos/media/tv/For.All.Mankind.S01-S03.1080p.WEBRip.x265-RARBG/For.All.Mankind.S03.1080p.WEBRip.x265-RARBG/For.All.Mankind.S03E02.1080p.WEBRip.x265-RARBG.mp4,3,2,7772588,
211,540,1080,0,217,121,192,217,2400,0.004,5.311768040643074,6600,/home/amos/media/tv/For.All.Mankind.S01-S03.1080p.WEBRip.x265-RARBG/For.All.Mankind.S03.1080p.WEBRip.x265-RARBG/For.All.Mankind.S03E02.1080p.WEBRip.x265-RARBG.mp4,3,2,7772588,
212,540,1080,0,203,209,201,203,12,0.0,6.544069134281017,6624,/home/amos/media/tv/For.All.Mankind.S01-S03.1080p.WEBRip.x265-RARBG/For.All.Mankind.S03.1080p.WEBRip.x265-RARBG/For.All.Mankind.S03E02.1080p.WEBRip.x265-RARBG.mp4,3,2,7772588,
213,540,1080,0,195,190,222,195,135,0.0,8.121877121855505,6648,/home/amos/media/tv/For.All.Mankind.S01-S03.1080p.WEBRip.x265-RARBG/For.All.Mankind.S03.1080p.WEBRip.x265-RARBG/For.All.Mankind.S03E02.1080p.WEBRip.x265-RARBG.mp4,3,2,7772588,
214,540,1080,0,207,173,225,207,612,0.001,7.669295000785496,6672,/home/amos/media/tv/For.All.Mankind.S01-S03.1080p.WEBRip.x265-RARBG/For.All.Mankind.S03.1080p.WEBRip.x265-RARBG/For.All.Mankind.S03E02.1080p.WEBRip.x265-RARBG.mp4,3,2,7772588,
215,540,1080,0,199,171,226,199,756,0.001,7.634874060226139,6696,/home/amos/media/tv/For.All.Mankind.S01-S03.1080p.WEBRip.x265-RARBG/For.All.Mankind.S03.1080p.WEBRip.x265-RARBG/For.All.Mankind.S03E02.1080p.WEBRip.x265-RARBG.mp4,3,2,7772588,
216,540,1080,0,201,172,231,201,870,0.001,7.63763207627926,6720,/home/amos/media/tv/For.All.Mankind.S01-S03.1080p.WEBRip.x265-RARBG/For.All.Mankind.S03.1080p.WEBRip.x265-RARBG/For.All.Mankind.S03E02.1080p.WEBRip.x265-RARBG.mp4,3,2,7772588,
217,540,1080,0,239,114,191,239,6000,0.01,3.638241085864138,6744,/home/amos/media/tv/For.All.Mankind.S01-S03.1080p.WEBRip.x265-RARBG/For.All.Mankind.S03.1080p.WEBRip.x265-RARBG/For.All.Mankind.S03E02.1080p.WEBRip.x265-RARBG.mp4,3,2,7772588,
218,540,1080,0,217,123,264,217,4418,0.008,6.618693102500401,6792,/home/amos/media/tv/For.All.Mankind.S01-S03.1080p.WEBRip.x265-RARBG/For.All.Mankind.S03.1080p.WEBRip.x265-RARBG/For.All.Mankind.S03E02.1080p.WEBRip.x265-RARBG.mp4,3,2,7772588,
219,540,1080,0,206,141,239,206,2145,0.004,5.745371124881785,6816,/home/amos/media/tv/For.All.Mankind.S01-S03.1080p.WEBRip.x265-RARBG/For.All.Mankind.S03.1080p.WEBRip.x265-RARBG/For.All.Mankind.S03E02.1080p.WEBRip.x265-RARBG.mp4,3,2,7772588,
220,540,1080,0,235,106,668,235,55857,0.096,8.863114023057278,6840,/home/amos/media/tv/For.All.Mankind.S01-S03.1080p.WEBRip.x265-RARBG/For.All.Mankind.S03.1080p.WEBRip.x265-RARBG/For.All.Mankind.S03E02.1080p.WEBRip.x265-RARBG.mp4,3,2,7772588,
221,540,1080,0,223,93,677,223,59020,0.101,9.156331931182647,6864,/home/amos/media/tv/For.All.Mankind.S01-S03.1080p.WEBRip.x265-RARBG/For.All.Mankind.S03.1080p.WEBRip.x265-RARBG/For.All.Mankind.S03E02.1080p.WEBRip.x265-RARBG.mp4,3,2,7772588,
222,540,1080,0,225,78,657,225,63504,0.109,11.18746312399162,6888,/home/amos/media/tv/For.All.Mankind.S01-S03.1080p.WEBRip.x265-RARBG/For.All.Mankind.S03.1080p.WEBRip.x265-RARBG/For.All.Mankind.S03E02.1080p.WEBRip.x265-RARBG.mp4,3,2,7772588,
223,540,1080,0,228,93,650,228,56970,0.098,8.724747108935844,6912,/home/amos/media/tv/For.All.Mankind.S01-S03.1080p.WEBRip.x265-RARBG/For.All.Mankind.S03.1080p.WEBRip.x265-RARBG/For.All.Mankind.S03E02.1080p.WEBRip.x265-RARBG.mp4,3,2,7772588,
224,540,1080,0,220,99,658,220,52998,0.091,12.391700117557775,6936,/home/amos/media/tv/For.All.Mankind.S01-S03.1080p.WEBRip.x265-RARBG/For.All.Mankind.S03.1080p.WEBRip.x265-RARBG/For.All.Mankind.S03E02.1080p.WEBRip.x265-RARBG.mp4,3,2,7772588,
225,540,1080,0,220,98,667,220,54534,0.094,10.785173124808352,6960,/home/amos/media/tv/For.All.Mankind.S01-S03.1080p.WEBRip.x265-RARBG/For.All.Mankind.S03.1080p.WEBRip.x265-RARBG/For.All.Mankind.S03E02.1080p.WEBRip.x265-RARBG.mp4,3,2,7772588,
226,540,1080,0,122,70,340,122,11336,0.019,7.665995921648573,6984,/home/amos/media/tv/For.All.Mankind.S01-S03.1080p.WEBRip.x265-RARBG/For.All.Mankind.S03.1080p.WEBRip.x265-RARBG/For.All.Mankind.S03E02.1080p.WEBRip.x265-RARBG.mp4,3,2,7772588,
227,540,1080,0,146,48,404,146,25284,0.043,5.704518116253894,7008,/home/amos/media/tv/For.All.Mankind.S01-S03.1080p.WEBRip.x265-RARBG/For.All.Mankind.S03.1080p.WEBRip.x265-RARBG/For.All.Mankind.S03E02.1080p.WEBRip.x265-RARBG.mp4,3,2,7772588,
228,540,1080,0,139,27,369,139,25760,0.044,3.7685850398847833,7032,/home/amos/media/tv/For.All.Mankind.S01-S03.1080p.WEBRip.x265-RARBG/For.All.Mankind.S03.1080p.WEBRip.x265-RARBG/For.All.Mankind.S03E02.1080p.WEBRip.x265-RARBG.mp4,3,2,7772588,
229,540,1080,0,230,55,246,230,2800,0.005,8.800080044544302,7056,/home/amos/media/tv/For.All.Mankind.S01-S03.1080p.WEBRip.x265-RARBG/For.All.Mankind.S03.1080p.WEBRip.x265-RARBG/For.All.Mankind.S03E02.1080p.WEBRip.x265-RARBG.mp4,3,2,7772588,
230,540,1080,0,242,120,299,242,6954,0.012,7.597030013042968,7080,/home/amos/media/tv/For.All.Mankind.S01-S03.1080p.WEBRip.x265-RARBG/For.All.Mankind.S03.1080p.WEBRip.x265-RARBG/For.All.Mankind.S03E02.1080p.WEBRip.x265-RARBG.mp4,3,2,7772588,
231,540,1080,0,242,119,303,242,7503,0.013,6.604008084512316,7104,/home/amos/media/tv/For.All.Mankind.S01-S03.1080p.WEBRip.x265-RARBG/For.All.Mankind.S03.1080p.WEBRip.x265-RARBG/For.All.Mankind.S03E02.1080p.WEBRip.x265-RARBG.mp4,3,2,7772588,
232,540,1080,0,237,124,302,237,7345,0.013,6.078538086847402,7128,/home/amos/media/tv/For.All.Mankind.S01-S03.1080p.WEBRip.x265-RARBG/For.All.Mankind.S03.1080p.WEBRip.x265-RARBG/For.All.Mankind.S03E02.1080p.WEBRip.x265-RARBG.mp4,3,2,7772588,
233,540,1080,0,241,122,301,241,7140,0.012,6.189552076742984,7152,/home/amos/media/tv/For.All.Mankind.S01-S03.1080p.WEBRip.x265-RARBG/For.All.Mankind.S03.1080p.WEBRip.x265-RARBG/For.All.Mankind.S03E02.1080p.WEBRip.x265-RARBG.mp4,3,2,7772588,
234,540,1080,0,226,79,666,226,64680,0.111,8.22223908797605,7176,/home/amos/media/tv/For.All.Mankind.S01-S03.1080p.WEBRip.x265-RARBG/For.All.Mankind.S03.1080p.WEBRip.x265-RARBG/For.All.Mankind.S03E02.1080p.WEBRip.x265-RARBG.mp4,3,2,7772588,
235,540,1080,0,214,97,662,214,52416,0.09,11.055551069031935,7200,/home/amos/media/tv/For.All.Mankind.S01-S03.1080p.WEBRip.x265-RARBG/For.All.Mankind.S03.1080p.WEBRip.x265-RARBG/For.All.Mankind.S03E02.1080p.WEBRip.x265-RARBG.mp4,3,2,7772588,
236,540,1080,0,219,106,655,219,49268,0.084,9.703123122861143,7224,/home/amos/media/tv/For.All.Mankind.S01-S03.1080p.WEBRip.x265-RARBG/For.All.Mankind.S03.1080p.WEBRip.x265-RARBG/For.All.Mankind.S03E02.1080p.WEBRip.x265-RARBG.mp4,3,2,7772588,
237,540,1080,0,53,142,777,53,64436,0.11,6.612833075167146,7248,/home/amos/media/tv/For.All.Mankind.S01-S03.1080p.WEBRip.x265-RARBG/For.All.Mankind.S03.1080p.WEBRip.x265-RARBG/For.All.Mankind.S03E02.1080p.WEBRip.x265-RARBG.mp4,3,2,7772588,
238,540,1080,0,53,206,771,53,109854,0.188,6.490616042108741,7272,/home/amos/media/tv/For.All.Mankind.S01-S03.1080p.WEBRip.x265-RARBG/For.All.Mankind.S03.1080p.WEBRip.x265-RARBG/For.All.Mankind.S03E02.1080p.WEBRip.x265-RARBG.mp4,3,2,7772588,
239,540,1080,0,112,107,603,112,2455,0.004,9.757290945213754,7296,/home/amos/media/tv/For.All.Mankind.S01-S03.1080p.WEBRip.x265-RARBG/For.All.Mankind.S03.1080p.WEBRip.x265-RARBG/For.All.Mankind.S03E02.1080p.WEBRip.x265-RARBG.mp4,3,2,7772588,
240,540,1080,0,112,137,619,112,12675,0.022,5.310385134711396,7320,/home/amos/media/tv/For.All.Mankind.S01-S03.1080p.WEBRip.x265-RARBG/For.All.Mankind.S03.1080p.WEBRip.x265-RARBG/For.All.Mankind.S03E02.1080p.WEBRip.x265-RARBG.mp4,3,2,7772588,
241,540,1080,0,127,145,592,127,8370,0.014,5.586499086290132,7344,/home/amos/media/tv/For.All.Mankind.S01-S03.1080p.WEBRip.x265-RARBG/For.All.Mankind.S03.1080p.WEBRip.x265-RARBG/For.All.Mankind.S03E02.1080p.WEBRip.x265-RARBG.mp4,3,2,7772588,
242,540,1080,0,144,109,588,144,15540,0.027,6.552798116172198,7368,/home/amos/media/tv/For.All.Mankind.S01-S03.1080p.WEBRip.x265-RARBG/For.All.Mankind.S03.1080p.WEBRip.x265-RARBG/For.All.Mankind.S03E02.1080p.WEBRip.x265-RARBG.mp4,3,2,7772588,
243,540,1080,0,223,64,359,223,21624,0.037,2.849411959934514,7440,/home/amos/media/tv/For.All.Mankind.S01-S03.1080p.WEBRip.x265-RARBG/For.All.Mankind.S03.1080p.WEBRip.x265-RARBG/For.All.Mankind.S03E02.1080p.WEBRip.x265-RARBG.mp4,3,2,7772588,
244,540,1080,0,210,103,439,210,24503,0.042,5.5845321080996655,7464,/home/amos/media/tv/For.All.Mankind.S01-S03.1080p.WEBRip.x265-RARBG/For.All.Mankind.S03.1080p.WEBRip.x265-RARBG/For.All.Mankind.S03E02.1080p.WEBRip.x265-RARBG.mp4,3,2,7772588,
245,540,1080,0,218,120,442,218,21952,0.038,6.507470022130292,7488,/home/amos/media/tv/For.All.Mankind.S01-S03.1080p.WEBRip.x265-RARBG/For.All.Mankind.S03.1080p.WEBRip.x265-RARBG/For.All.Mankind.S03E02.1080p.WEBRip.x265-RARBG.mp4,3,2,7772588,
246,540,1080,0,231,64,646,231,69305,0.119,6.100360083335545,7512,/home/amos/media/tv/For.All.Mankind.S01-S03.1080p.WEBRip.x265-RARBG/For.All.Mankind.S03.1080p.WEBRip.x265-RARBG/For.All.Mankind.S03E02.1080p.WEBRip.x265-RARBG.mp4,3,2,7772588,
247,540,1080,0,227,86,664,227,61617,0.106,3.874001214921009,7536,/home/amos/media/tv/For.All.Mankind.S01-S03.1080p.WEBRip.x265-RARBG/For.All.Mankind.S03.1080p.WEBRip.x265-RARBG/For.All.Mankind.S03E02.1080p.WEBRip.x265-RARBG.mp4,3,2,7772588,
248,540,1080,0,224,192,743,224,16608,0.028,7.757118063338567,7560,/home/amos/media/tv/For.All.Mankind.S01-S03.1080p.WEBRip.x265-RARBG/For.All.Mankind.S03.1080p.WEBRip.x265-RARBG/For.All.Mankind.S03E02.1080p.WEBRip.x265-RARBG.mp4,3,2,7772588,
249,540,1080,0,74,126,416,74,17784,0.03,4.066970078274608,7680,/home/amos/media/tv/For.All.Mankind.S01-S03.1080p.WEBRip.x265-RARBG/For.All.Mankind.S03.1080p.WEBRip.x265-RARBG/For.All.Mankind.S03E02.1080p.WEBRip.x265-RARBG.mp4,3,2,7772588,
250,540,1080,0,80,141,364,80,17324,0.03,7.72171109134797,7728,/home/amos/media/tv/For.All.Mankind.S01-S03.1080p.WEBRip.x265-RARBG/For.All.Mankind.S03.1080p.WEBRip.x265-RARBG/For.All.Mankind.S03E02.1080p.WEBRip.x265-RARBG.mp4,3,2,7772588,
251,540,1080,0,91,177,418,91,28122,0.048,5.540518102643546,7752,/home/amos/media/tv/For.All.Mankind.S01-S03.1080p.WEBRip.x265-RARBG/For.All.Mankind.S03.1080p.WEBRip.x265-RARBG/For.All.Mankind.S03E02.1080p.WEBRip.x265-RARBG.mp4,3,2,7772588,
252,540,1080,0,110,182,401,110,20952,0.036,5.216829097946174,7776,/home/amos/media/tv/For.All.Mankind.S01-S03.1080p.WEBRip.x265-RARBG/For.All.Mankind.S03.1080p.WEBRip.x265-RARBG/For.All.Mankind.S03E02.1080p.WEBRip.x265-RARBG.mp4,3,2,7772588,
253,540,1080,1,99,280,201,99,18462,0.032,0.5166532138246112,7776,/home/amos/media/tv/For.All.Mankind.S01-S03.1080p.WEBRip.x265-RARBG/For.All.Mankind.S03.1080p.WEBRip.x265-RARBG/For.All.Mankind.S03E02.1080p.WEBRip.x265-RARBG.mp4,3,2,7772588,
254,540,1080,0,102,334,588,102,112752,0.193,4.294041026907507,7872,/home/amos/media/tv/For.All.Mankind.S01-S03.1080p.WEBRip.x265-RARBG/For.All.Mankind.S03.1080p.WEBRip.x265-RARBG/For.All.Mankind.S03E02.1080p.WEBRip.x265-RARBG.mp4,3,2,7772588,
255,540,1080,1,104,407,586,104,146046,0.25,6.618924040638376,7872,/home/amos/media/tv/For.All.Mankind.S01-S03.1080p.WEBRip.x265-RARBG/For.All.Mankind.S03.1080p.WEBRip.x265-RARBG/For.All.Mankind.S03E02.1080p.WEBRip.x265-RARBG.mp4,3,2,7772588,
256,540,1080,0,79,160,367,79,23328,0.04,8.998947112297174,8088,/home/amos/media/tv/For.All.Mankind.S01-S03.1080p.WEBRip.x265-RARBG/For.All.Mankind.S03.1080p.WEBRip.x265-RARBG/For.All.Mankind.S03E02.1080p.WEBRip.x265-RARBG.mp4,3,2,7772588,
257,540,1080,0,86,139,466,86,20140,0.035,9.8121140919975,8112,/home/amos/media/tv/For.All.Mankind.S01-S03.1080p.WEBRip.x265-RARBG/For.All.Mankind.S03.1080p.WEBRip.x265-RARBG/For.All.Mankind.S03E02.1080p.WEBRip.x265-RARBG.mp4,3,2,7772588,
258,540,1080,0,95,141,481,95,17756,0.03,11.917584081587847,8136,/home/amos/media/tv/For.All.Mankind.S01-S03.1080p.WEBRip.x265-RARBG/For.All.Mankind.S03.1080p.WEBRip.x265-RARBG/For.All.Mankind.S03E02.1080p.WEBRip.x265-RARBG.mp4,3,2,7772588,
259,540,1080,1,58,322,477,58,110616,0.19,3.002371124632191,8136,/home/amos/media/tv/For.All.Mankind.S01-S03.1080p.WEBRip.x265-RARBG/For.All.Mankind.S03.1080p.WEBRip.x265-RARBG/For.All.Mankind.S03E02.1080p.WEBRip.x265-RARBG.mp4,3,2,7772588,
260,540,1080,0,100,136,482,100,13752,0.024,11.09235005028313,8160,/home/amos/media/tv/For.All.Mankind.S01-S03.1080p.WEBRip.x265-RARBG/For.All.Mankind.S03.1080p.WEBRip.x265-RARBG/For.All.Mankind.S03E02.1080p.WEBRip.x265-RARBG.mp4,3,2,7772588,
261,540,1080,0,108,102,520,108,2472,0.004,11.134405101765878,8184,/home/amos/media/tv/For.All.Mankind.S01-S03.1080p.WEBRip.x265-RARBG/For.All.Mankind.S03.1080p.WEBRip.x265-RARBG/For.All.Mankind.S03E02.1080p.WEBRip.x265-RARBG.mp4,3,2,7772588,
262,540,1080,1,66,192,110,66,5544,0.01,1.858697060437408,8184,/home/amos/media/tv/For.All.Mankind.S01-S03.1080p.WEBRip.x265-RARBG/For.All.Mankind.S03.1080p.WEBRip.x265-RARBG/For.All.Mankind.S03E02.1080p.WEBRip.x265-RARBG.mp4,3,2,7772588,
263,540,1080,0,122,102,508,122,7720,0.013,9.520962020324076,8208,/home/amos/media/tv/For.All.Mankind.S01-S03.1080p.WEBRip.x265-RARBG/For.All.Mankind.S03.1080p.WEBRip.x265-RARBG/For.All.Mankind.S03E02.1080p.WEBRip.x265-RARBG.mp4,3,2,7772588,
264,540,1080,0,134,83,525,134,19941,0.034,10.154162131657358,8232,/home/amos/media/tv/For.All.Mankind.S01-S03.1080p.WEBRip.x265-RARBG/For.All.Mankind.S03.1080p.WEBRip.x265-RARBG/For.All.Mankind.S03E02.1080p.WEBRip.x265-RARBG.mp4,3,2,7772588,
265,540,1080,0,147,95,475,147,17056,0.029,8.50632710865466,8256,/home/amos/media/tv/For.All.Mankind.S01-S03.1080p.WEBRip.x265-RARBG/For.All.Mankind.S03.1080p.WEBRip.x265-RARBG/For.All.Mankind.S03E02.1080p.WEBRip.x265-RARBG.mp4,3,2,7772588,
266,540,1080,0,167,85,508,167,27962,0.048,11.312496082333382,8280,/home/amos/media/tv/For.All.Mankind.S01-S03.1080p.WEBRip.x265-RARBG/For.All.Mankind.S03.1080p.WEBRip.x265-RARBG/For.All.Mankind.S03E02.1080p.WEBRip.x265-RARBG.mp4,3,2,7772588,
267,540,1080,0,184,82,433,184,25398,0.044,10.080695034645032,8304,/home/amos/media/tv/For.All.Mankind.S01-S03.1080p.WEBRip.x265-RARBG/For.All.Mankind.S03.1080p.WEBRip.x265-RARBG/For.All.Mankind.S03E02.1080p.WEBRip.x265-RARBG.mp4,3,2,7772588,
268,540,1080,0,201,45,497,201,46176,0.079,9.283133096701931,8328,/home/amos/media/tv/For.All.Mankind.S01-S03.1080p.WEBRip.x265-RARBG/For.All.Mankind.S03.1080p.WEBRip.x265-RARBG/For.All.Mankind.S03E02.1080p.WEBRip.x265-RARBG.mp4,3,2,7772588,
269,540,1080,1,56,306,603,56,136750,0.234,3.9529881278867833,8328,/home/amos/media/tv/For.All.Mankind.S01-S03.1080p.WEBRip.x265-RARBG/For.All.Mankind.S03.1080p.WEBRip.x265-RARBG/For.All.Mankind.S03E02.1080p.WEBRip.x265-RARBG.mp4,3,2,7772588,
270,540,1080,0,213,64,449,213,35164,0.06,9.476981081010308,8352,/home/amos/media/tv/For.All.Mankind.S01-S03.1080p.WEBRip.x265-RARBG/For.All.Mankind.S03.1080p.WEBRip.x265-RARBG/For.All.Mankind.S03E02.1080p.WEBRip.x265-RARBG.mp4,3,2,7772588,
271,540,1080,0,220,69,438,220,32918,0.056,13.16559812228661,8376,/home/amos/media/tv/For.All.Mankind.S01-S03.1080p.WEBRip.x265-RARBG/For.All.Mankind.S03.1080p.WEBRip.x265-RARBG/For.All.Mankind.S03E02.1080p.WEBRip.x265-RARBG.mp4,3,2,7772588,
272,540,1080,0,231,73,431,231,31600,0.054,10.242933049506972,8400,/home/amos/media/tv/For.All.Mankind.S01-S03.1080p.WEBRip.x265-RARBG/For.All.Mankind.S03.1080p.WEBRip.x265-RARBG/For.All.Mankind.S03E02.1080p.WEBRip.x265-RARBG.mp4,3,2,7772588,
273,540,1080,1,99,340,242,99,34463,0.059,1.093565070128534,8400,/home/amos/media/tv/For.All.Mankind.S01-S03.1080p.WEBRip.x265-RARBG/For.All.Mankind.S03.1080p.WEBRip.x265-RARBG/For.All.Mankind.S03E02.1080p.WEBRip.x265-RARBG.mp4,3,2,7772588,
274,540,1080,0,77,305,672,77,135660,0.233,3.4420681192423217,8424,/home/amos/media/tv/For.All.Mankind.S01-S03.1080p.WEBRip.x265-RARBG/For.All.Mankind.S03.1080p.WEBRip.x265-RARBG/For.All.Mankind.S03E02.1080p.WEBRip.x265-RARBG.mp4,3,2,7772588,
275,540,1080,0,122,324,657,122,108070,0.185,3.190961084968876,8448,/home/amos/media/tv/For.All.Mankind.S01-S03.1080p.WEBRip.x265-RARBG/For.All.Mankind.S03.1080p.WEBRip.x265-RARBG/For.All.Mankind.S03E02.1080p.WEBRip.x265-RARBG.mp4,3,2,7772588,
276,540,1080,0,95,9,453,95,30788,0.053,6.202753938210663,9480,/home/amos/media/tv/For.All.Mankind.S01-S03.1080p.WEBRip.x265-RARBG/For.All.Mankind.S03.1080p.WEBRip.x265-RARBG/For.All.Mankind.S03E02.1080p.WEBRip.x265-RARBG.mp4,3,2,7772588,
277,540,1080,1,92,432,528,92,148240,0.254,6.226300009002443,9480,/home/amos/media/tv/For.All.Mankind.S01-S03.1080p.WEBRip.x265-RARBG/For.All.Mankind.S03.1080p.WEBRip.x265-RARBG/For.All.Mankind.S03E02.1080p.WEBRip.x265-RARBG.mp4,3,2,7772588,
278,540,1080,0,153,117,766,153,22068,0.038,5.549315149139147,10776,/home/amos/media/tv/For.All.Mankind.S01-S03.1080p.WEBRip.x265-RARBG/For.All.Mankind.S03.1080p.WEBRip.x265-RARBG/For.All.Mankind.S03E02.1080p.WEBRip.x265-RARBG.mp4,3,2,7772588,
279,540,1080,0,62,57,277,62,1075,0.002,4.434808010351844,10824,/home/amos/media/tv/For.All.Mankind.S01-S03.1080p.WEBRip.x265-RARBG/For.All.Mankind.S03.1080p.WEBRip.x265-RARBG/For.All.Mankind.S03E02.1080p.WEBRip.x265-RARBG.mp4,3,2,7772588,
280,540,1080,0,189,69,531,189,41040,0.07,7.298914060171228,10944,/home/amos/media/tv/For.All.Mankind.S01-S03.1080p.WEBRip.x265-RARBG/For.All.Mankind.S03.1080p.WEBRip.x265-RARBG/For.All.Mankind.S03E02.1080p.WEBRip.x265-RARBG.mp4,3,2,7772588,
281,540,1080,0,192,73,518,192,38794,0.067,7.833465161151253,10968,/home/amos/media/tv/For.All.Mankind.S01-S03.1080p.WEBRip.x265-RARBG/For.All.Mankind.S03.1080p.WEBRip.x265-RARBG/For.All.Mankind.S03E02.1080p.WEBRip.x265-RARBG.mp4,3,2,7772588,
282,540,1080,0,199,87,512,199,35056,0.06,5.986601958924439,10992,/home/amos/media/tv/For.All.Mankind.S01-S03.1080p.WEBRip.x265-RARBG/For.All.Mankind.S03.1080p.WEBRip.x265-RARBG/For.All.Mankind.S03E02.1080p.WEBRip.x265-RARBG.mp4,3,2,7772588,
283,540,1080,0,76,195,547,76,56049,0.096,7.830149056506343,11208,/home/amos/media/tv/For.All.Mankind.S01-S03.1080p.WEBRip.x265-RARBG/For.All.Mankind.S03.1080p.WEBRip.x265-RARBG/For.All.Mankind.S03E02.1080p.WEBRip.x265-RARBG.mp4,3,2,7772588,
284,540,1080,0,61,93,291,61,7360,0.013,3.360303151246626,11256,/home/amos/media/tv/For.All.Mankind.S01-S03.1080p.WEBRip.x265-RARBG/For.All.Mankind.S03.1080p.WEBRip.x265-RARBG/For.All.Mankind.S03E02.1080p.WEBRip.x265-RARBG.mp4,3,2,7772588,
285,540,1080,0,51,98,268,51,10199,0.017,6.910885055956896,11280,/home/amos/media/tv/For.All.Mankind.S01-S03.1080p.WEBRip.x265-RARBG/For.All.Mankind.S03.1080p.WEBRip.x265-RARBG/For.All.Mankind.S03E02.1080p.WEBRip.x265-RARBG.mp4,3,2,7772588,
286,540,1080,0,49,120,420,49,26341,0.045,9.167346164467745,11304,/home/amos/media/tv/For.All.Mankind.S01-S03.1080p.WEBRip.x265-RARBG/For.All.Mankind.S03.1080p.WEBRip.x265-RARBG/For.All.Mankind.S03E02.1080p.WEBRip.x265-RARBG.mp4,3,2,7772588,
287,540,1080,0,49,136,421,49,32364,0.055,9.881240006245209,11328,/home/amos/media/tv/For.All.Mankind.S01-S03.1080p.WEBRip.x265-RARBG/For.All.Mankind.S03.1080p.WEBRip.x265-RARBG/For.All.Mankind.S03E02.1080p.WEBRip.x265-RARBG.mp4,3,2,7772588,
288,540,1080,0,50,131,403,50,28593,0.049,8.283802045451012,11352,/home/amos/media/tv/For.All.Mankind.S01-S03.1080p.WEBRip.x265-RARBG/For.All.Mankind.S03.1080p.WEBRip.x265-RARBG/For.All.Mankind.S03E02.1080p.WEBRip.x265-RARBG.mp4,3,2,7772588,
289,540,1080,0,52,125,398,52,25258,0.043,9.310623074590694,11376,/home/amos/media/tv/For.All.Mankind.S01-S03.1080p.WEBRip.x265-RARBG/For.All.Mankind.S03.1080p.WEBRip.x265-RARBG/For.All.Mankind.S03E02.1080p.WEBRip.x265-RARBG.mp4,3,2,7772588,
290,540,1080,0,89,79,466,89,3770,0.006,6.577502016851213,11400,/home/amos/media/tv/For.All.Mankind.S01-S03.1080p.WEBRip.x265-RARBG/For.All.Mankind.S03.1080p.WEBRip.x265-RARBG/For.All.Mankind.S03E02.1080p.WEBRip.x265-RARBG.mp4,3,2,7772588,
291,540,1080,0,86,82,469,86,1532,0.003,8.171353904646821,11424,/home/amos/media/tv/For.All.Mankind.S01-S03.1080p.WEBRip.x265-RARBG/For.All.Mankind.S03.1080p.WEBRip.x265-RARBG/For.All.Mankind.S03E02.1080p.WEBRip.x265-RARBG.mp4,3,2,7772588,
292,540,1080,0,97,72,453,97,8900,0.015,6.302566026279237,11448,/home/amos/media/tv/For.All.Mankind.S01-S03.1080p.WEBRip.x265-RARBG/For.All.Mankind.S03.1080p.WEBRip.x265-RARBG/For.All.Mankind.S03E02.1080p.WEBRip.x265-RARBG.mp4,3,2,7772588,
293,540,1080,0,50,112,327,50,17174,0.029,8.378050951694604,11472,/home/amos/media/tv/For.All.Mankind.S01-S03.1080p.WEBRip.x265-RARBG/For.All.Mankind.S03.1080p.WEBRip.x265-RARBG/For.All.Mankind.S03E02.1080p.WEBRip.x265-RARBG.mp4,3,2,7772588,
294,540,1080,0,50,113,315,50,16695,0.029,6.509538000624161,11496,/home/amos/media/tv/For.All.Mankind.S01-S03.1080p.WEBRip.x265-RARBG/For.All.Mankind.S03.1080p.WEBRip.x265-RARBG/For.All.Mankind.S03E02.1080p.WEBRip.x265-RARBG.mp4,3,2,7772588,
295,540,1080,0,50,114,315,50,16960,0.029,5.755655984336045,11520,/home/amos/media/tv/For.All.Mankind.S01-S03.1080p.WEBRip.x265-RARBG/For.All.Mankind.S03.1080p.WEBRip.x265-RARBG/For.All.Mankind.S03E02.1080p.WEBRip.x265-RARBG.mp4,3,2,7772588,
296,540,1080,0,51,113,321,51,16740,0.029,8.051931047695689,11544,/home/amos/media/tv/For.All.Mankind.S01-S03.1080p.WEBRip.x265-RARBG/For.All.Mankind.S03.1080p.WEBRip.x265-RARBG/For.All.Mankind.S03E02.1080p.WEBRip.x265-RARBG.mp4,3,2,7772588,
297,540,1080,0,52,114,322,52,16740,0.029,7.635689067828935,11568,/home/amos/media/tv/For.All.Mankind.S01-S03.1080p.WEBRip.x265-RARBG/For.All.Mankind.S03.1080p.WEBRip.x265-RARBG/For.All.Mankind.S03E02.1080p.WEBRip.x265-RARBG.mp4,3,2,7772588,
298,540,1080,0,51,115,323,51,17408,0.03,9.507569945359135,11592,/home/amos/media/tv/For.All.Mankind.S01-S03.1080p.WEBRip.x265-RARBG/For.All.Mankind.S03.1080p.WEBRip.x265-RARBG/For.All.Mankind.S03E02.1080p.WEBRip.x265-RARBG.mp4,3,2,7772588,
299,540,1080,0,224,95,614,224,50310,0.086,7.729989125509746,11640,/home/amos/media/tv/For.All.Mankind.S01-S03.1080p.WEBRip.x265-RARBG/For.All.Mankind.S03.1080p.WEBRip.x265-RARBG/For.All.Mankind.S03E02.1080p.WEBRip.x265-RARBG.mp4,3,2,7772588,
300,540,1080,0,195,63,631,195,57552,0.099,6.057108135777526,11880,/home/amos/media/tv/For.All.Mankind.S01-S03.1080p.WEBRip.x265-RARBG/For.All.Mankind.S03.1080p.WEBRip.x265-RARBG/For.All.Mankind.S03E02.1080p.WEBRip.x265-RARBG.mp4,3,2,7772588,
301,540,1080,0,204,94,303,204,10890,0.019,9.360121114121284,11904,/home/amos/media/tv/For.All.Mankind.S01-S03.1080p.WEBRip.x265-RARBG/For.All.Mankind.S03.1080p.WEBRip.x265-RARBG/For.All.Mankind.S03E02.1080p.WEBRip.x265-RARBG.mp4,3,2,7772588,
302,540,1080,0,200,77,310,200,13530,0.023,7.857428058923688,11928,/home/amos/media/tv/For.All.Mankind.S01-S03.1080p.WEBRip.x265-RARBG/For.All.Mankind.S03.1080p.WEBRip.x265-RARBG/For.All.Mankind.S03E02.1080p.WEBRip.x265-RARBG.mp4,3,2,7772588,
303,540,1080,0,200,78,305,200,12810,0.022,6.89876005606493,11952,/home/amos/media/tv/For.All.Mankind.S01-S03.1080p.WEBRip.x265-RARBG/For.All.Mankind.S03.1080p.WEBRip.x265-RARBG/For.All.Mankind.S03E02.1080p.WEBRip.x265-RARBG.mp4,3,2,7772588,
304,540,1080,0,198,114,270,198,6048,0.01,8.377702987694647,11976,/home/amos/media/tv/For.All.Mankind.S01-S03.1080p.WEBRip.x265-RARBG/For.All.Mankind.S03.1080p.WEBRip.x265-RARBG/For.All.Mankind.S03E02.1080p.WEBRip.x265-RARBG.mp4,3,2,7772588,
305,540,1080,0,91,68,583,91,11316,0.019,9.497628104814794,12000,/home/amos/media/tv/For.All.Mankind.S01-S03.1080p.WEBRip.x265-RARBG/For.All.Mankind.S03.1080p.WEBRip.x265-RARBG/For.All.Mankind.S03E02.1080p.WEBRip.x265-RARBG.mp4,3,2,7772588,
306,540,1080,0,91,66,591,91,12500,0.021,10.772024000470992,12024,/home/amos/media/tv/For.All.Mankind.S01-S03.1080p.WEBRip.x265-RARBG/For.All.Mankind.S03.1080p.WEBRip.x265-RARBG/For.All.Mankind.S03E02.1080p.WEBRip.x265-RARBG.mp4,3,2,7772588,
307,540,1080,0,92,61,589,92,15407,0.026,9.377474014356268,12048,/home/amos/media/tv/For.All.Mankind.S01-S03.1080p.WEBRip.x265-RARBG/For.All.Mankind.S03.1080p.WEBRip.x265-RARBG/For.All.Mankind.S03E02.1080p.WEBRip.x265-RARBG.mp4,3,2,7772588,
308,540,1080,0,97,67,435,97,10140,0.017,7.759392016916536,12072,/home/amos/media/tv/For.All.Mankind.S01-S03.1080p.WEBRip.x265-RARBG/For.All.Mankind.S03.1080p.WEBRip.x265-RARBG/For.All.Mankind.S03E02.1080p.WEBRip.x265-RARBG.mp4,3,2,7772588,
309,540,1080,0,84,64,452,84,7360,0.013,4.155592042196076,12096,/home/amos/media/tv/For.All.Mankind.S01-S03.1080p.WEBRip.x265-RARBG/For.All.Mankind.S03.1080p.WEBRip.x265-RARBG/For.All.Mankind.S03E02.1080p.WEBRip.x265-RARBG.mp4,3,2,7772588,
310,540,1080,0,91,70,442,91,7371,0.013,7.139032120001502,12120,/home/amos/media/tv/For.All.Mankind.S01-S03.1080p.WEBRip.x265-RARBG/For.All.Mankind.S03.1080p.WEBRip.x265-RARBG/For.All.Mankind.S03E02.1080p.WEBRip.x265-RARBG.mp4,3,2,7772588,
311,540,1080,0,84,72,446,84,4344,0.007,5.845787054742687,12144,/home/amos/media/tv/For.All.Mankind.S01-S03.1080p.WEBRip.x265-RARBG/For.All.Mankind.S03.1080p.WEBRip.x265-RARBG/For.All.Mankind.S03E02.1080p.WEBRip.x265-RARBG.mp4,3,2,7772588,
312,540,1080,0,190,104,603,190,35518,0.061,7.475616965384688,12168,/home/amos/media/tv/For.All.Mankind.S01-S03.1080p.WEBRip.x265-RARBG/For.All.Mankind.S03.1080p.WEBRip.x265-RARBG/For.All.Mankind.S03E02.1080p.WEBRip.x265-RARBG.mp4,3,2,7772588,
313,540,1080,0,207,115,597,207,35880,0.062,5.359332044085022,12192,/home/amos/media/tv/For.All.Mankind.S01-S03.1080p.WEBRip.x265-RARBG/For.All.Mankind.S03.1080p.WEBRip.x265-RARBG/For.All.Mankind.S03E02.1080p.WEBRip.x265-RARBG.mp4,3,2,7772588,
314,540,1080,0,187,129,630,187,25694,0.044,8.047242118685972,12216,/home/amos/media/tv/For.All.Mankind.S01-S03.1080p.WEBRip.x265-RARBG/For.All.Mankind.S03.1080p.WEBRip.x265-RARBG/For.All.Mankind.S03E02.1080p.WEBRip.x265-RARBG.mp4,3,2,7772588,
315,540,1080,0,190,134,714,190,29344,0.05,7.946857986331452,12240,/home/amos/media/tv/For.All.Mankind.S01-S03.1080p.WEBRip.x265-RARBG/For.All.Mankind.S03.1080p.WEBRip.x265-RARBG/For.All.Mankind.S03E02.1080p.WEBRip.x265-RARBG.mp4,3,2,7772588,
316,540,1080,0,192,125,577,192,25795,0.044,6.926520155160688,12264,/home/amos/media/tv/For.All.Mankind.S01-S03.1080p.WEBRip.x265-RARBG/For.All.Mankind.S03.1080p.WEBRip.x265-RARBG/For.All.Mankind.S03E02.1080p.WEBRip.x265-RARBG.mp4,3,2,7772588,
317,540,1080,0,174,138,376,174,7272,0.012,5.426711014879402,12288,/home/amos/media/tv/For.All.Mankind.S01-S03.1080p.WEBRip.x265-RARBG/For.All.Mankind.S03.1080p.WEBRip.x265-RARBG/For.All.Mankind.S03E02.1080p.WEBRip.x265-RARBG.mp4,3,2,7772588,
318,540,1080,0,176,141,373,176,6895,0.012,7.047019088815432,12312,/home/amos/media/tv/For.All.Mankind.S01-S03.1080p.WEBRip.x265-RARBG/For.All.Mankind.S03.1080p.WEBRip.x265-RARBG/For.All.Mankind.S03E02.1080p.WEBRip.x265-RARBG.mp4,3,2,7772588,
319,540,1080,0,190,102,614,190,37312,0.064,7.030283154803328,12336,/home/amos/media/tv/For.All.Mankind.S01-S03.1080p.WEBRip.x265-RARBG/For.All.Mankind.S03.1080p.WEBRip.x265-RARBG/For.All.Mankind.S03E02.1080p.WEBRip.x265-RARBG.mp4,3,2,7772588,
320,540,1080,0,202,128,597,202,29230,0.05,9.54396815726068,12360,/home/amos/media/tv/For.All.Mankind.S01-S03.1080p.WEBRip.x265-RARBG/For.All.Mankind.S03.1080p.WEBRip.x265-RARBG/For.All.Mankind.S03E02.1080p.WEBRip.x265-RARBG.mp4,3,2,7772588,
321,540,1080,0,179,115,323,179,9216,0.016,7.062330075423233,12384,/home/amos/media/tv/For.All.Mankind.S01-S03.1080p.WEBRip.x265-RARBG/For.All.Mankind.S03.1080p.WEBRip.x265-RARBG/For.All.Mankind.S03E02.1080p.WEBRip.x265-RARBG.mp4,3,2,7772588,
322,540,1080,0,185,107,321,185,10608,0.018,7.002768021717202,12408,/home/amos/media/tv/For.All.Mankind.S01-S03.1080p.WEBRip.x265-RARBG/For.All.Mankind.S03.1080p.WEBRip.x265-RARBG/For.All.Mankind.S03E02.1080p.WEBRip.x265-RARBG.mp4,3,2,7772588,
323,540,1080,0,183,100,328,183,12035,0.021,7.13523113442352,12432,/home/amos/media/tv/For.All.Mankind.S01-S03.1080p.WEBRip.x265-RARBG/For.All.Mankind.S03.1080p.WEBRip.x265-RARBG/For.All.Mankind.S03E02.1080p.WEBRip.x265-RARBG.mp4,3,2,7772588,
324,540,1080,0,204,108,616,204,39552,0.068,8.148509182676207,12456,/home/amos/media/tv/For.All.Mankind.S01-S03.1080p.WEBRip.x265-RARBG/For.All.Mankind.S03.1080p.WEBRip.x265-RARBG/For.All.Mankind.S03E02.1080p.WEBRip.x265-RARBG.mp4,3,2,7772588,
325,540,1080,0,202,108,613,202,38634,0.066,4.919281036301982,12480,/home/amos/media/tv/For.All.Mankind.S01-S03.1080p.WEBRip.x265-RARBG/For.All.Mankind.S03.1080p.WEBRip.x265-RARBG/For.All.Mankind.S03E02.1080p.WEBRip.x265-RARBG.mp4,3,2,7772588,
326,540,1080,0,95,68,484,95,10503,0.018,7.132672991545405,12504,/home/amos/media/tv/For.All.Mankind.S01-S03.1080p.WEBRip.x265-RARBG/For.All.Mankind.S03.1080p.WEBRip.x265-RARBG/For.All.Mankind.S03E02.1080p.WEBRip.x265-RARBG.mp4,3,2,7772588,
327,540,1080,0,104,69,458,104,12390,0.021,7.791093043924775,12528,/home/amos/media/tv/For.All.Mankind.S01-S03.1080p.WEBRip.x265-RARBG/For.All.Mankind.S03.1080p.WEBRip.x265-RARBG/For.All.Mankind.S03E02.1080p.WEBRip.x265-RARBG.mp4,3,2,7772588,
328,540,1080,0,53,93,422,53,14760,0.025,8.22832803701749,12552,/home/amos/media/tv/For.All.Mankind.S01-S03.1080p.WEBRip.x265-RARBG/For.All.Mankind.S03.1080p.WEBRip.x265-RARBG/For.All.Mankind.S03E02.1080p.WEBRip.x265-RARBG.mp4,3,2,7772588,
329,540,1080,1,72,41,628,72,17236,0.03,8.199460071860813,12552,/home/amos/media/tv/For.All.Mankind.S01-S03.1080p.WEBRip.x265-RARBG/For.All.Mankind.S03.1080p.WEBRip.x265-RARBG/For.All.Mankind.S03E02.1080p.WEBRip.x265-RARBG.mp4,3,2,7772588,
330,540,1080,0,53,95,421,53,15456,0.027,9.933039130351972,12576,/home/amos/media/tv/For.All.Mankind.S01-S03.1080p.WEBRip.x265-RARBG/For.All.Mankind.S03.1080p.WEBRip.x265-RARBG/For.All.Mankind.S03E02.1080p.WEBRip.x265-RARBG.mp4,3,2,7772588,
331,540,1080,1,71,40,668,71,18507,0.032,6.606594214565121,12576,/home/amos/media/tv/For.All.Mankind.S01-S03.1080p.WEBRip.x265-RARBG/For.All.Mankind.S03.1080p.WEBRip.x265-RARBG/For.All.Mankind.S03E02.1080p.WEBRip.x265-RARBG.mp4,3,2,7772588,
332,540,1080,0,53,96,418,53,15695,0.027,10.067685011250433,12600,/home/amos/media/tv/For.All.Mankind.S01-S03.1080p.WEBRip.x265-RARBG/For.All.Mankind.S03.1080p.WEBRip.x265-RARBG/For.All.Mankind.S03E02.1080p.WEBRip.x265-RARBG.mp4,3,2,7772588,
333,540,1080,0,54,93,414,54,14040,0.024,9.368130016315265,12624,/home/amos/media/tv/For.All.Mankind.S01-S03.1080p.WEBRip.x265-RARBG/For.All.Mankind.S03.1080p.WEBRip.x265-RARBG/For.All.Mankind.S03E02.1080p.WEBRip.x265-RARBG.mp4,3,2,7772588,
334,540,1080,0,40,120,372,40,26560,0.046,7.2621139925322495,12672,/home/amos/media/tv/For.All.Mankind.S01-S03.1080p.WEBRip.x265-RARBG/For.All.Mankind.S03.1080p.WEBRip.x265-RARBG/For.All.Mankind.S03E02.1080p.WEBRip.x265-RARBG.mp4,3,2,7772588,
335,540,1080,0,40,120,373,40,26640,0.046,8.28275411989307,12696,/home/amos/media/tv/For.All.Mankind.S01-S03.1080p.WEBRip.x265-RARBG/For.All.Mankind.S03.1080p.WEBRip.x265-RARBG/For.All.Mankind.S03E02.1080p.WEBRip.x265-RARBG.mp4,3,2,7772588,
336,540,1080,0,94,68,361,94,6942,0.012,5.655513007310219,12720,/home/amos/media/tv/For.All.Mankind.S01-S03.1080p.WEBRip.x265-RARBG/For.All.Mankind.S03.1080p.WEBRip.x265-RARBG/For.All.Mankind.S03E02.1080p.WEBRip.x265-RARBG.mp4,3,2,7772588,
337,540,1080,0,95,64,296,95,6231,0.011,4.448499054997228,12744,/home/amos/media/tv/For.All.Mankind.S01-S03.1080p.WEBRip.x265-RARBG/For.All.Mankind.S03.1080p.WEBRip.x265-RARBG/For.All.Mankind.S03E02.1080p.WEBRip.x265-RARBG.mp4,3,2,7772588,
338,540,1080,0,256,75,502,256,44526,0.076,6.280324049817864,12840,/home/amos/media/tv/For.All.Mankind.S01-S03.1080p.WEBRip.x265-RARBG/For.All.Mankind.S03.1080p.WEBRip.x265-RARBG/For.All.Mankind.S03E02.1080p.WEBRip.x265-RARBG.mp4,3,2,7772588,
339,540,1080,0,257,66,510,257,48323,0.083,5.8283840650110506,12864,/home/amos/media/tv/For.All.Mankind.S01-S03.1080p.WEBRip.x265-RARBG/For.All.Mankind.S03.1080p.WEBRip.x265-RARBG/For.All.Mankind.S03E02.1080p.WEBRip.x265-RARBG.mp4,3,2,7772588,
340,540,1080,0,258,53,503,258,50225,0.086,5.854893031471875,12888,/home/amos/media/tv/For.All.Mankind.S01-S03.1080p.WEBRip.x265-RARBG/For.All.Mankind.S03.1080p.WEBRip.x265-RARBG/For.All.Mankind.S03E02.1080p.WEBRip.x265-RARBG.mp4,3,2,7772588,
341,540,1080,0,248,37,513,248,55915,0.096,6.104304059350397,12912,/home/amos/media/tv/For.All.Mankind.S01-S03.1080p.WEBRip.x265-RARBG/For.All.Mankind.S03.1080p.WEBRip.x265-RARBG/For.All.Mankind.S03E02.1080p.WEBRip.x265-RARBG.mp4,3,2,7772588,
342,540,1080,0,258,46,499,258,51092,0.088,8.62258999835467,12936,/home/amos/media/tv/For.All.Mankind.S01-S03.1080p.WEBRip.x265-RARBG/For.All.Mankind.S03.1080p.WEBRip.x265-RARBG/For.All.Mankind.S03E02.1080p.WEBRip.x265-RARBG.mp4,3,2,7772588,
343,540,1080,0,254,68,515,254,48546,0.083,7.203069932234939,12960,/home/amos/media/tv/For.All.Mankind.S01-S03.1080p.WEBRip.x265-RARBG/For.All.Mankind.S03.1080p.WEBRip.x265-RARBG/For.All.Mankind.S03E02.1080p.WEBRip.x265-RARBG.mp4,3,2,7772588,
344,540,1080,0,294,82,252,294,8904,0.015,4.7400910427677445,12984,/home/amos/media/tv/For.All.Mankind.S01-S03.1080p.WEBRip.x265-RARBG/For.All.Mankind.S03.1080p.WEBRip.x265-RARBG/For.All.Mankind.S03E02.1080p.WEBRip.x265-RARBG.mp4,3,2,7772588,
345,540,1080,0,293,96,259,293,6698,0.011,4.053209944802802,13008,/home/amos/media/tv/For.All.Mankind.S01-S03.1080p.WEBRip.x265-RARBG/For.All.Mankind.S03.1080p.WEBRip.x265-RARBG/For.All.Mankind.S03E02.1080p.WEBRip.x265-RARBG.mp4,3,2,7772588,
346,540,1080,0,278,87,300,278,4202,0.007,5.789553011010867,13032,/home/amos/media/tv/For.All.Mankind.S01-S03.1080p.WEBRip.x265-RARBG/For.All.Mankind.S03.1080p.WEBRip.x265-RARBG/For.All.Mankind.S03E02.1080p.WEBRip.x265-RARBG.mp4,3,2,7772588,
347,540,1080,0,276,146,301,276,3250,0.006,5.654483126825653,13056,/home/amos/media/tv/For.All.Mankind.S01-S03.1080p.WEBRip.x265-RARBG/For.All.Mankind.S03.1080p.WEBRip.x265-RARBG/For.All.Mankind.S03E02.1080p.WEBRip.x265-RARBG.mp4,3,2,7772588,
348,540,1080,0,279,130,296,279,2533,0.004,5.5098060692544095,13080,/home/amos/media/tv/For.All.Mankind.S01-S03.1080p.WEBRip.x265-RARBG/For.All.Mankind.S03.1080p.WEBRip.x265-RARBG/For.All.Mankind.S03E02.1080p.WEBRip.x265-RARBG.mp4,3,2,7772588,
349,540,1080,0,285,124,291,285,966,0.002,9.057735108421184,13104,/home/amos/media/tv/For.All.Mankind.S01-S03.1080p.WEBRip.x265-RARBG/For.All.Mankind.S03.1080p.WEBRip.x265-RARBG/For.All.Mankind.S03E02.1080p.WEBRip.x265-RARBG.mp4,3,2,7772588,
350,540,1080,0,292,105,277,292,2805,0.005,5.254582966852468,13128,/home/amos/media/tv/For.All.Mankind.S01-S03.1080p.WEBRip.x265-RARBG/For.All.Mankind.S03.1080p.WEBRip.x265-RARBG/For.All.Mankind.S03E02.1080p.WEBRip.x265-RARBG.mp4,3,2,7772588,
351,540,1080,0,277,66,557,277,59080,0.101,7.281297025212552,13152,/home/amos/media/tv/For.All.Mankind.S01-S03.1080p.WEBRip.x265-RARBG/For.All.Mankind.S03.1080p.WEBRip.x265-RARBG/For.All.Mankind.S03E02.1080p.WEBRip.x265-RARBG.mp4,3,2,7772588,
352,540,1080,0,272,70,567,272,59590,0.102,8.07942611654289,13176,/home/amos/media/tv/For.All.Mankind.S01-S03.1080p.WEBRip.x265-RARBG/For.All.Mankind.S03.1080p.WEBRip.x265-RARBG/For.All.Mankind.S03E02.1080p.WEBRip.x265-RARBG.mp4,3,2,7772588,
353,540,1080,0,270,70,562,270,58400,0.1,6.088390052609611,13200,/home/amos/media/tv/For.All.Mankind.S01-S03.1080p.WEBRip.x265-RARBG/For.All.Mankind.S03.1080p.WEBRip.x265-RARBG/For.All.Mankind.S03E02.1080p.WEBRip.x265-RARBG.mp4,3,2,7772588,
354,540,1080,0,280,65,556,280,59340,0.102,5.004113062983379,13224,/home/amos/media/tv/For.All.Mankind.S01-S03.1080p.WEBRip.x265-RARBG/For.All.Mankind.S03.1080p.WEBRip.x265-RARBG/For.All.Mankind.S03E02.1080p.WEBRip.x265-RARBG.mp4,3,2,7772588,
355,540,1080,0,279,81,308,279,5742,0.01,4.516306037257891,13248,/home/amos/media/tv/For.All.Mankind.S01-S03.1080p.WEBRip.x265-RARBG/For.All.Mankind.S03.1080p.WEBRip.x265-RARBG/For.All.Mankind.S03E02.1080p.WEBRip.x265-RARBG.mp4,3,2,7772588,
356,540,1080,0,301,76,295,301,1350,0.002,6.138931088265963,13272,/home/amos/media/tv/For.All.Mankind.S01-S03.1080p.WEBRip.x265-RARBG/For.All.Mankind.S03.1080p.WEBRip.x265-RARBG/For.All.Mankind.S03E02.1080p.WEBRip.x265-RARBG.mp4,3,2,7772588,
357,540,1080,0,269,86,305,269,6588,0.011,3.70530606940156,13296,/home/amos/media/tv/For.All.Mankind.S01-S03.1080p.WEBRip.x265-RARBG/For.All.Mankind.S03.1080p.WEBRip.x265-RARBG/For.All.Mankind.S03E02.1080p.WEBRip.x265-RARBG.mp4,3,2,7772588,
358,540,1080,0,250,72,518,250,47704,0.082,8.414256040705368,13320,/home/amos/media/tv/For.All.Mankind.S01-S03.1080p.WEBRip.x265-RARBG/For.All.Mankind.S03.1080p.WEBRip.x265-RARBG/For.All.Mankind.S03E02.1080p.WEBRip.x265-RARBG.mp4,3,2,7772588,
359,540,1080,0,255,67,507,255,47376,0.081,5.36956403759541,13344,/home/amos/media/tv/For.All.Mankind.S01-S03.1080p.WEBRip.x265-RARBG/For.All.Mankind.S03.1080p.WEBRip.x265-RARBG/For.All.Mankind.S03E02.1080p.WEBRip.x265-RARBG.mp4,3,2,7772588,
360,540,1080,0,269,77,508,269,45888,0.079,5.861539055826142,13368,/home/amos/media/tv/For.All.Mankind.S01-S03.1080p.WEBRip.x265-RARBG/For.All.Mankind.S03.1080p.WEBRip.x265-RARBG/For.All.Mankind.S03E02.1080p.WEBRip.x265-RARBG.mp4,3,2,7772588,
361,540,1080,0,273,65,300,273,5616,0.01,5.285640983784106,13392,/home/amos/media/tv/For.All.Mankind.S01-S03.1080p.WEBRip.x265-RARBG/For.All.Mankind.S03.1080p.WEBRip.x265-RARBG/For.All.Mankind.S03E02.1080p.WEBRip.x265-RARBG.mp4,3,2,7772588,
362,540,1080,0,276,103,315,276,6747,0.012,5.752072089235298,13416,/home/amos/media/tv/For.All.Mankind.S01-S03.1080p.WEBRip.x265-RARBG/For.All.Mankind.S03.1080p.WEBRip.x265-RARBG/For.All.Mankind.S03E02.1080p.WEBRip.x265-RARBG.mp4,3,2,7772588,
363,540,1080,0,292,98,300,292,1552,0.003,5.124362053000368,13440,/home/amos/media/tv/For.All.Mankind.S01-S03.1080p.WEBRip.x265-RARBG/For.All.Mankind.S03.1080p.WEBRip.x265-RARBG/For.All.Mankind.S03E02.1080p.WEBRip.x265-RARBG.mp4,3,2,7772588,
364,540,1080,0,284,89,296,284,2340,0.004,4.725718996836804,13464,/home/amos/media/tv/For.All.Mankind.S01-S03.1080p.WEBRip.x265-RARBG/For.All.Mankind.S03.1080p.WEBRip.x265-RARBG/For.All.Mankind.S03E02.1080p.WEBRip.x265-RARBG.mp4,3,2,7772588,
365,540,1080,0,311,80,284,311,6237,0.011,7.428041981707793,13608,/home/amos/media/tv/For.All.Mankind.S01-S03.1080p.WEBRip.x265-RARBG/For.All.Mankind.S03.1080p.WEBRip.x265-RARBG/For.All.Mankind.S03E02.1080p.WEBRip.x265-RARBG.mp4,3,2,7772588,
366,540,1080,0,294,83,288,294,1266,0.002,5.081909033644479,13632,/home/amos/media/tv/For.All.Mankind.S01-S03.1080p.WEBRip.x265-RARBG/For.All.Mankind.S03.1080p.WEBRip.x265-RARBG/For.All.Mankind.S03E02.1080p.WEBRip.x265-RARBG.mp4,3,2,7772588,
367,540,1080,0,292,85,289,292,621,0.001,5.743122064683121,13656,/home/amos/media/tv/For.All.Mankind.S01-S03.1080p.WEBRip.x265-RARBG/For.All.Mankind.S03.1080p.WEBRip.x265-RARBG/For.All.Mankind.S03E02.1080p.WEBRip.x265-RARBG.mp4,3,2,7772588,
368,540,1080,0,302,79,284,302,4014,0.007,5.17218507261714,13680,/home/amos/media/tv/For.All.Mankind.S01-S03.1080p.WEBRip.x265-RARBG/For.All.Mankind.S03.1080p.WEBRip.x265-RARBG/For.All.Mankind.S03E02.1080p.WEBRip.x265-RARBG.mp4,3,2,7772588,
369,540,1080,0,292,86,291,292,206,0.0,5.127672045666259,13704,/home/amos/media/tv/For.All.Mankind.S01-S03.1080p.WEBRip.x265-RARBG/For.All.Mankind.S03.1080p.WEBRip.x265-RARBG/For.All.Mankind.S03E02.1080p.WEBRip.x265-RARBG.mp4,3,2,7772588,
370,540,1080,0,277,95,284,277,1274,0.002,6.888169078796636,13728,/home/amos/media/tv/For.All.Mankind.S01-S03.1080p.WEBRip.x265-RARBG/For.All.Mankind.S03.1080p.WEBRip.x265-RARBG/For.All.Mankind.S03E02.1080p.WEBRip.x265-RARBG.mp4,3,2,7772588,
371,540,1080,0,261,56,662,261,82205,0.141,5.257302021957003,13752,/home/amos/media/tv/For.All.Mankind.S01-S03.1080p.WEBRip.x265-RARBG/For.All.Mankind.S03.1080p.WEBRip.x265-RARBG/For.All.Mankind.S03E02.1080p.WEBRip.x265-RARBG.mp4,3,2,7772588,
372,540,1080,0,263,81,505,263,44044,0.076,5.755954929918516,13800,/home/amos/media/tv/For.All.Mankind.S01-S03.1080p.WEBRip.x265-RARBG/For.All.Mankind.S03.1080p.WEBRip.x265-RARBG/For.All.Mankind.S03E02.1080p.WEBRip.x265-RARBG.mp4,3,2,7772588,
373,540,1080,0,263,94,495,263,39208,0.067,4.130668054509442,13824,/home/amos/media/tv/For.All.Mankind.S01-S03.1080p.WEBRip.x265-RARBG/For.All.Mankind.S03.1080p.WEBRip.x265-RARBG/For.All.Mankind.S03E02.1080p.WEBRip.x265-RARBG.mp4,3,2,7772588,
374,540,1080,0,244,74,496,244,42840,0.073,5.877630031609442,13848,/home/amos/media/tv/For.All.Mankind.S01-S03.1080p.WEBRip.x265-RARBG/For.All.Mankind.S03.1080p.WEBRip.x265-RARBG/For.All.Mankind.S03E02.1080p.WEBRip.x265-RARBG.mp4,3,2,7772588,
375,540,1080,0,269,57,556,269,60844,0.104,5.914972009428311,13872,/home/amos/media/tv/For.All.Mankind.S01-S03.1080p.WEBRip.x265-RARBG/For.All.Mankind.S03.1080p.WEBRip.x265-RARBG/For.All.Mankind.S03E02.1080p.WEBRip.x265-RARBG.mp4,3,2,7772588,
376,540,1080,0,251,78,525,251,47402,0.081,7.575606067141052,13896,/home/amos/media/tv/For.All.Mankind.S01-S03.1080p.WEBRip.x265-RARBG/For.All.Mankind.S03.1080p.WEBRip.x265-RARBG/For.All.Mankind.S03E02.1080p.WEBRip.x265-RARBG.mp4,3,2,7772588,
377,540,1080,0,247,90,529,247,44274,0.076,4.551184064417612,13920,/home/amos/media/tv/For.All.Mankind.S01-S03.1080p.WEBRip.x265-RARBG/For.All.Mankind.S03.1080p.WEBRip.x265-RARBG/For.All.Mankind.S03E02.1080p.WEBRip.x265-RARBG.mp4,3,2,7772588,
378,540,1080,0,303,96,331,303,5796,0.01,2.7432590135140345,13944,/home/amos/media/tv/For.All.Mankind.S01-S03.1080p.WEBRip.x265-RARBG/For.All.Mankind.S03.1080p.WEBRip.x265-RARBG/For.All.Mankind.S03E02.1080p.WEBRip.x265-RARBG.mp4,3,2,7772588,
379,540,1080,0,313,77,326,313,3068,0.005,4.6859750467701815,13968,/home/amos/media/tv/For.All.Mankind.S01-S03.1080p.WEBRip.x265-RARBG/For.All.Mankind.S03.1080p.WEBRip.x265-RARBG/For.All.Mankind.S03E02.1080p.WEBRip.x265-RARBG.mp4,3,2,7772588,
380,540,1080,0,316,77,323,316,1673,0.003,3.9650140578160062,13992,/home/amos/media/tv/For.All.Mankind.S01-S03.1080p.WEBRip.x265-RARBG/For.All.Mankind.S03.1080p.WEBRip.x265-RARBG/For.All.Mankind.S03E02.1080p.WEBRip.x265-RARBG.mp4,3,2,7772588,
381,540,1080,0,265,80,609,265,63640,0.109,4.700296004244592,14040,/home/amos/media/tv/For.All.Mankind.S01-S03.1080p.WEBRip.x265-RARBG/For.All.Mankind.S03.1080p.WEBRip.x265-RARBG/For.All.Mankind.S03E02.1080p.WEBRip.x265-RARBG.mp4,3,2,7772588,
382,540,1080,0,94,246,48,94,6992,0.012,1.4454290896537714,14328,/home/amos/media/tv/For.All.Mankind.S01-S03.1080p.WEBRip.x265-RARBG/For.All.Mankind.S03.1080p.WEBRip.x265-RARBG/For.All.Mankind.S03E02.1080p.WEBRip.x265-RARBG.mp4,3,2,7772588,
383,540,1080,0,284,100,573,284,53176,0.091,6.977748099016026,14376,/home/amos/media/tv/For.All.Mankind.S01-S03.1080p.WEBRip.x265-RARBG/For.All.Mankind.S03.1080p.WEBRip.x265-RARBG/For.All.Mankind.S03E02.1080p.WEBRip.x265-RARBG.mp4,3,2,7772588,
384,540,1080,0,273,105,560,273,48216,0.083,6.173158011166379,14400,/home/amos/media/tv/For.All.Mankind.S01-S03.1080p.WEBRip.x265-RARBG/For.All.Mankind.S03.1080p.WEBRip.x265-RARBG/For.All.Mankind.S03E02.1080p.WEBRip.x265-RARBG.mp4,3,2,7772588,
385,540,1080,0,268,86,554,268,52052,0.089,7.313673001655843,14424,/home/amos/media/tv/For.All.Mankind.S01-S03.1080p.WEBRip.x265-RARBG/For.All.Mankind.S03.1080p.WEBRip.x265-RARBG/For.All.Mankind.S03E02.1080p.WEBRip.x265-RARBG.mp4,3,2,7772588,
386,540,1080,0,266,88,558,266,51976,0.089,5.453294058039319,14448,/home/amos/media/tv/For.All.Mankind.S01-S03.1080p.WEBRip.x265-RARBG/For.All.Mankind.S03.1080p.WEBRip.x265-RARBG/For.All.Mankind.S03E02.1080p.WEBRip.x265-RARBG.mp4,3,2,7772588,
387,540,1080,0,267,84,571,267,55632,0.095,7.487319064035546,14472,/home/amos/media/tv/For.All.Mankind.S01-S03.1080p.WEBRip.x265-RARBG/For.All.Mankind.S03.1080p.WEBRip.x265-RARBG/For.All.Mankind.S03E02.1080p.WEBRip.x265-RARBG.mp4,3,2,7772588,
388,540,1080,0,263,85,599,263,59808,0.103,3.932434092450421,14496,/home/amos/media/tv/For.All.Mankind.S01-S03.1080p.WEBRip.x265-RARBG/For.All.Mankind.S03.1080p.WEBRip.x265-RARBG/For.All.Mankind.S03E02.1080p.WEBRip.x265-RARBG.mp4,3,2,7772588,
389,540,1080,0,195,80,392,195,22655,0.039,7.622929110133555,14568,/home/amos/media/tv/For.All.Mankind.S01-S03.1080p.WEBRip.x265-RARBG/For.All.Mankind.S03.1080p.WEBRip.x265-RARBG/For.All.Mankind.S03E02.1080p.WEBRip.x265-RARBG.mp4,3,2,7772588,
390,540,1080,1,76,124,197,76,5808,0.01,3.4345060691121034,14568,/home/amos/media/tv/For.All.Mankind.S01-S03.1080p.WEBRip.x265-RARBG/For.All.Mankind.S03.1080p.WEBRip.x265-RARBG/For.All.Mankind.S03E02.1080p.WEBRip.x265-RARBG.mp4,3,2,7772588,
391,540,1080,2,62,206,466,62,58176,0.1,5.007068152946886,14568,/home/amos/media/tv/For.All.Mankind.S01-S03.1080p.WEBRip.x265-RARBG/For.All.Mankind.S03.1080p.WEBRip.x265-RARBG/For.All.Mankind.S03E02.1080p.WEBRip.x265-RARBG.mp4,3,2,7772588,
392,540,1080,0,76,122,195,76,5474,0.009,3.197672081820201,14592,/home/amos/media/tv/For.All.Mankind.S01-S03.1080p.WEBRip.x265-RARBG/For.All.Mankind.S03.1080p.WEBRip.x265-RARBG/For.All.Mankind.S03E02.1080p.WEBRip.x265-RARBG.mp4,3,2,7772588,
393,540,1080,1,64,203,467,64,56017,0.096,4.173628097807523,14592,/home/amos/media/tv/For.All.Mankind.S01-S03.1080p.WEBRip.x265-RARBG/For.All.Mankind.S03.1080p.WEBRip.x265-RARBG/For.All.Mankind.S03E02.1080p.WEBRip.x265-RARBG.mp4,3,2,7772588,
394,540,1080,0,73,122,193,73,5880,0.01,2.6759490903350525,14616,/home/amos/media/tv/For.All.Mankind.S01-S03.1080p.WEBRip.x265-RARBG/For.All.Mankind.S03.1080p.WEBRip.x265-RARBG/For.All.Mankind.S03E02.1080p.WEBRip.x265-RARBG.mp4,3,2,7772588,
395,540,1080,1,197,78,389,197,22848,0.039,4.438145086343866,14616,/home/amos/media/tv/For.All.Mankind.S01-S03.1080p.WEBRip.x265-RARBG/For.All.Mankind.S03.1080p.WEBRip.x265-RARBG/For.All.Mankind.S03E02.1080p.WEBRip.x265-RARBG.mp4,3,2,7772588,
396,540,1080,2,64,202,465,64,55338,0.095,4.279589034093078,14616,/home/amos/media/tv/For.All.Mankind.S01-S03.1080p.WEBRip.x265-RARBG/For.All.Mankind.S03.1080p.WEBRip.x265-RARBG/For.All.Mankind.S03E02.1080p.WEBRip.x265-RARBG.mp4,3,2,7772588,
397,540,1080,3,69,327,688,69,159702,0.274,0.3538040601997636,14616,/home/amos/media/tv/For.All.Mankind.S01-S03.1080p.WEBRip.x265-RARBG/For.All.Mankind.S03.1080p.WEBRip.x265-RARBG/For.All.Mankind.S03E02.1080p.WEBRip.x265-RARBG.mp4,3,2,7772588,
398,540,1080,0,76,118,187,76,4662,0.008,2.925782123755198,14640,/home/amos/media/tv/For.All.Mankind.S01-S03.1080p.WEBRip.x265-RARBG/For.All.Mankind.S03.1080p.WEBRip.x265-RARBG/For.All.Mankind.S03E02.1080p.WEBRip.x265-RARBG.mp4,3,2,7772588,
399,540,1080,1,184,82,393,184,21318,0.037,3.756020096305292,14640,/home/amos/media/tv/For.All.Mankind.S01-S03.1080p.WEBRip.x265-RARBG/For.All.Mankind.S03.1080p.WEBRip.x265-RARBG/For.All.Mankind.S03E02.1080p.WEBRip.x265-RARBG.mp4,3,2,7772588,
400,540,1080,0,174,78,398,174,21504,0.037,7.009742111142259,14664,/home/amos/media/tv/For.All.Mankind.S01-S03.1080p.WEBRip.x265-RARBG/For.All.Mankind.S03.1080p.WEBRip.x265-RARBG/For.All.Mankind.S03E02.1080p.WEBRip.x265-RARBG.mp4,3,2,7772588,
401,540,1080,1,75,118,184,75,4687,0.008,2.827235040196684,14664,/home/amos/media/tv/For.All.Mankind.S01-S03.1080p.WEBRip.x265-RARBG/For.All.Mankind.S03.1080p.WEBRip.x265-RARBG/For.All.Mankind.S03E02.1080p.WEBRip.x265-RARBG.mp4,3,2,7772588,
402,540,1080,2,70,325,679,70,155295,0.266,1.776034003996756,14664,/home/amos/media/tv/For.All.Mankind.S01-S03.1080p.WEBRip.x265-RARBG/For.All.Mankind.S03.1080p.WEBRip.x265-RARBG/For.All.Mankind.S03E02.1080p.WEBRip.x265-RARBG.mp4,3,2,7772588,
403,540,1080,0,272,79,515,272,46899,0.08,7.333546098088846,14688,/home/amos/media/tv/For.All.Mankind.S01-S03.1080p.WEBRip.x265-RARBG/For.All.Mankind.S03.1080p.WEBRip.x265-RARBG/For.All.Mankind.S03E02.1080p.WEBRip.x265-RARBG.mp4,3,2,7772588,
404,540,1080,0,273,79,513,273,46560,0.08,6.6802920184563845,14712,/home/amos/media/tv/For.All.Mankind.S01-S03.1080p.WEBRip.x265-RARBG/For.All.Mankind.S03.1080p.WEBRip.x265-RARBG/For.All.Mankind.S03E02.1080p.WEBRip.x265-RARBG.mp4,3,2,7772588,
405,540,1080,0,273,75,516,273,48114,0.083,9.822987009130884,14736,/home/amos/media/tv/For.All.Mankind.S01-S03.1080p.WEBRip.x265-RARBG/For.All.Mankind.S03.1080p.WEBRip.x265-RARBG/For.All.Mankind.S03E02.1080p.WEBRip.x265-RARBG.mp4,3,2,7772588,
406,540,1080,0,274,43,206,274,15708,0.027,7.166637092013843,15000,/home/amos/media/tv/For.All.Mankind.S01-S03.1080p.WEBRip.x265-RARBG/For.All.Mankind.S03.1080p.WEBRip.x265-RARBG/For.All.Mankind.S03E02.1080p.WEBRip.x265-RARBG.mp4,3,2,7772588,
407,540,1080,0,272,51,221,272,11271,0.019,8.989817141206004,15024,/home/amos/media/tv/For.All.Mankind.S01-S03.1080p.WEBRip.x265-RARBG/For.All.Mankind.S03.1080p.WEBRip.x265-RARBG/For.All.Mankind.S03E02.1080p.WEBRip.x265-RARBG.mp4,3,2,7772588,
408,540,1080,1,198,280,23,198,14350,0.025,3.685030010936316,15024,/home/amos/media/tv/For.All.Mankind.S01-S03.1080p.WEBRip.x265-RARBG/For.All.Mankind.S03.1080p.WEBRip.x265-RARBG/For.All.Mankind.S03E02.1080p.WEBRip.x265-RARBG.mp4,3,2,7772588,
409,540,1080,0,268,58,225,268,9030,0.015,6.692868113401346,15048,/home/amos/media/tv/For.All.Mankind.S01-S03.1080p.WEBRip.x265-RARBG/For.All.Mankind.S03.1080p.WEBRip.x265-RARBG/For.All.Mankind.S03E02.1080p.WEBRip.x265-RARBG.mp4,3,2,7772588,
410,540,1080,1,192,292,33,192,15900,0.027,3.420963959710207,15048,/home/amos/media/tv/For.All.Mankind.S01-S03.1080p.WEBRip.x265-RARBG/For.All.Mankind.S03.1080p.WEBRip.x265-RARBG/For.All.Mankind.S03E02.1080p.WEBRip.x265-RARBG.mp4,3,2,7772588,
411,540,1080,0,272,59,235,272,7881,0.014,8.796975089120679,15072,/home/amos/media/tv/For.All.Mankind.S01-S03.1080p.WEBRip.x265-RARBG/For.All.Mankind.S03.1080p.WEBRip.x265-RARBG/For.All.Mankind.S03E02.1080p.WEBRip.x265-RARBG.mp4,3,2,7772588,
412,540,1080,0,273,59,240,273,7062,0.012,10.009618121781386,15096,/home/amos/media/tv/For.All.Mankind.S01-S03.1080p.WEBRip.x265-RARBG/For.All.Mankind.S03.1080p.WEBRip.x265-RARBG/For.All.Mankind.S03E02.1080p.WEBRip.x265-RARBG.mp4,3,2,7772588,
413,540,1080,1,188,299,47,188,15651,0.027,5.707826008147094,15096,/home/amos/media/tv/For.All.Mankind.S01-S03.1080p.WEBRip.x265-RARBG/For.All.Mankind.S03.1080p.WEBRip.x265-RARBG/For.All.Mankind.S03E02.1080p.WEBRip.x265-RARBG.mp4,3,2,7772588,
414,540,1080,0,276,58,243,276,7194,0.012,10.404754130751826,15120,/home/amos/media/tv/For.All.Mankind.S01-S03.1080p.WEBRip.x265-RARBG/For.All.Mankind.S03.1080p.WEBRip.x265-RARBG/For.All.Mankind.S03E02.1080p.WEBRip.x265-RARBG.mp4,3,2,7772588,
415,540,1080,1,200,299,45,200,15345,0.026,6.166571106237825,15120,/home/amos/media/tv/For.All.Mankind.S01-S03.1080p.WEBRip.x265-RARBG/For.All.Mankind.S03.1080p.WEBRip.x265-RARBG/For.All.Mankind.S03E02.1080p.WEBRip.x265-RARBG.mp4,3,2,7772588,
416,540,1080,0,64,65,574,64,510,0.001,4.269245066156145,15360,/home/amos/media/tv/For.All.Mankind.S01-S03.1080p.WEBRip.x265-RARBG/For.All.Mankind.S03.1080p.WEBRip.x265-RARBG/For.All.Mankind.S03E02.1080p.WEBRip.x265-RARBG.mp4,3,2,7772588,
417,540,1080,0,50,173,778,50,89544,0.154,6.027433175069746,15528,/home/amos/media/tv/For.All.Mankind.S01-S03.1080p.WEBRip.x265-RARBG/For.All.Mankind.S03.1080p.WEBRip.x265-RARBG/For.All.Mankind.S03E02.1080p.WEBRip.x265-RARBG.mp4,3,2,7772588,
418,540,1080,1,70,187,274,70,23868,0.041,7.954814168100711,15528,/home/amos/media/tv/For.All.Mankind.S01-S03.1080p.WEBRip.x265-RARBG/For.All.Mankind.S03.1080p.WEBRip.x265-RARBG/For.All.Mankind.S03E02.1080p.WEBRip.x265-RARBG.mp4,3,2,7772588,
419,540,1080,2,69,214,896,69,119915,0.206,8.948616080335341,15528,/home/amos/media/tv/For.All.Mankind.S01-S03.1080p.WEBRip.x265-RARBG/For.All.Mankind.S03.1080p.WEBRip.x265-RARBG/For.All.Mankind.S03E02.1080p.WEBRip.x265-RARBG.mp4,3,2,7772588,
420,540,1080,0,57,160,128,57,7313,0.013,6.69660412275698,15552,/home/amos/media/tv/For.All.Mankind.S01-S03.1080p.WEBRip.x265-RARBG/For.All.Mankind.S03.1080p.WEBRip.x265-RARBG/For.All.Mankind.S03E02.1080p.WEBRip.x265-RARBG.mp4,3,2,7772588,
421,540,1080,1,49,167,718,49,78942,0.135,6.001047080790158,15552,/home/amos/media/tv/For.All.Mankind.S01-S03.1080p.WEBRip.x265-RARBG/For.All.Mankind.S03.1080p.WEBRip.x265-RARBG/For.All.Mankind.S03E02.1080p.WEBRip.x265-RARBG.mp4,3,2,7772588,
422,540,1080,2,72,189,217,72,16965,0.029,5.612345999514218,15552,/home/amos/media/tv/For.All.Mankind.S01-S03.1080p.WEBRip.x265-RARBG/For.All.Mankind.S03.1080p.WEBRip.x265-RARBG/For.All.Mankind.S03E02.1080p.WEBRip.x265-RARBG.mp4,3,2,7772588,
423,540,1080,3,67,208,834,67,108147,0.185,9.898840169596951,15552,/home/amos/media/tv/For.All.Mankind.S01-S03.1080p.WEBRip.x265-RARBG/For.All.Mankind.S03.1080p.WEBRip.x265-RARBG/For.All.Mankind.S03E02.1080p.WEBRip.x265-RARBG.mp4,3,2,7772588,
424,540,1080,4,103,279,957,103,150304,0.258,5.380859002179932,15552,/home/amos/media/tv/For.All.Mankind.S01-S03.1080p.WEBRip.x265-RARBG/For.All.Mankind.S03.1080p.WEBRip.x265-RARBG/For.All.Mankind.S03E02.1080p.WEBRip.x265-RARBG.mp4,3,2,7772588,
425,540,1080,0,49,163,685,49,72504,0.124,4.846882134384941,15576,/home/amos/media/tv/For.All.Mankind.S01-S03.1080p.WEBRip.x265-RARBG/For.All.Mankind.S03.1080p.WEBRip.x265-RARBG/For.All.Mankind.S03E02.1080p.WEBRip.x265-RARBG.mp4,3,2,7772588,
426,540,1080,1,73,183,180,73,11770,0.02,8.761369021085557,15576,/home/amos/media/tv/For.All.Mankind.S01-S03.1080p.WEBRip.x265-RARBG/For.All.Mankind.S03.1080p.WEBRip.x265-RARBG/For.All.Mankind.S03E02.1080p.WEBRip.x265-RARBG.mp4,3,2,7772588,
427,540,1080,2,67,204,801,67,100558,0.172,8.292210113664623,15576,/home/amos/media/tv/For.All.Mankind.S01-S03.1080p.WEBRip.x265-RARBG/For.All.Mankind.S03.1080p.WEBRip.x265-RARBG/For.All.Mankind.S03E02.1080p.WEBRip.x265-RARBG.mp4,3,2,7772588,
428,540,1080,3,98,275,922,98,145848,0.25,5.3511489952798,15576,/home/amos/media/tv/For.All.Mankind.S01-S03.1080p.WEBRip.x265-RARBG/For.All.Mankind.S03.1080p.WEBRip.x265-RARBG/For.All.Mankind.S03E02.1080p.WEBRip.x265-RARBG.mp4,3,2,7772588,
429,540,1080,0,47,156,676,47,68561,0.118,6.311092247371562,15600,/home/amos/media/tv/For.All.Mankind.S01-S03.1080p.WEBRip.x265-RARBG/For.All.Mankind.S03.1080p.WEBRip.x265-RARBG/For.All.Mankind.S03E02.1080p.WEBRip.x265-RARBG.mp4,3,2,7772588,
430,540,1080,1,70,180,173,70,11330,0.019,9.334945133829024,15600,/home/amos/media/tv/For.All.Mankind.S01-S03.1080p.WEBRip.x265-RARBG/For.All.Mankind.S03.1080p.WEBRip.x265-RARBG/For.All.Mankind.S03E02.1080p.WEBRip.x265-RARBG.mp4,3,2,7772588,
431,540,1080,2,67,202,792,67,97875,0.168,9.182858055864926,15600,/home/amos/media/tv/For.All.Mankind.S01-S03.1080p.WEBRip.x265-RARBG/For.All.Mankind.S03.1080p.WEBRip.x265-RARBG/For.All.Mankind.S03E02.1080p.WEBRip.x265-RARBG.mp4,3,2,7772588,
432,540,1080,3,95,272,914,95,144963,0.249,5.549933222588152,15600,/home/amos/media/tv/For.All.Mankind.S01-S03.1080p.WEBRip.x265-RARBG/For.All.Mankind.S03.1080p.WEBRip.x265-RARBG/For.All.Mankind.S03E02.1080p.WEBRip.x265-RARBG.mp4,3,2,7772588,
433,540,1080,0,65,202,788,65,99051,0.17,10.023333125864156,15624,/home/amos/media/tv/For.All.Mankind.S01-S03.1080p.WEBRip.x265-RARBG/For.All.Mankind.S03.1080p.WEBRip.x265-RARBG/For.All.Mankind.S03E02.1080p.WEBRip.x265-RARBG.mp4,3,2,7772588,
434,540,1080,1,93,273,909,93,146880,0.252,6.291400243644603,15624,/home/amos/media/tv/For.All.Mankind.S01-S03.1080p.WEBRip.x265-RARBG/For.All.Mankind.S03.1080p.WEBRip.x265-RARBG/For.All.Mankind.S03E02.1080p.WEBRip.x265-RARBG.mp4,3,2,7772588,
435,540,1080,0,48,160,668,48,69440,0.119,4.284159085829742,15648,/home/amos/media/tv/For.All.Mankind.S01-S03.1080p.WEBRip.x265-RARBG/For.All.Mankind.S03.1080p.WEBRip.x265-RARBG/For.All.Mankind.S03E02.1080p.WEBRip.x265-RARBG.mp4,3,2,7772588,
436,540,1080,1,66,201,785,66,97065,0.166,10.2349501971039,15648,/home/amos/media/tv/For.All.Mankind.S01-S03.1080p.WEBRip.x265-RARBG/For.All.Mankind.S03.1080p.WEBRip.x265-RARBG/For.All.Mankind.S03E02.1080p.WEBRip.x265-RARBG.mp4,3,2,7772588,
437,540,1080,2,93,272,907,93,145706,0.25,7.633894280646928,15648,/home/amos/media/tv/For.All.Mankind.S01-S03.1080p.WEBRip.x265-RARBG/For.All.Mankind.S03.1080p.WEBRip.x265-RARBG/For.All.Mankind.S03E02.1080p.WEBRip.x265-RARBG.mp4,3,2,7772588,
438,540,1080,0,47,163,670,47,72268,0.124,3.3925080868648365,15672,/home/amos/media/tv/For.All.Mankind.S01-S03.1080p.WEBRip.x265-RARBG/For.All.Mankind.S03.1080p.WEBRip.x265-RARBG/For.All.Mankind.S03E02.1080p.WEBRip.x265-RARBG.mp4,3,2,7772588,
439,540,1080,1,66,202,785,66,97784,0.168,8.557849218312185,15672,/home/amos/media/tv/For.All.Mankind.S01-S03.1080p.WEBRip.x265-RARBG/For.All.Mankind.S03.1080p.WEBRip.x265-RARBG/For.All.Mankind.S03E02.1080p.WEBRip.x265-RARBG.mp4,3,2,7772588,
440,540,1080,2,96,272,907,96,142736,0.245,6.288022079213988,15672,/home/amos/media/tv/For.All.Mankind.S01-S03.1080p.WEBRip.x265-RARBG/For.All.Mankind.S03.1080p.WEBRip.x265-RARBG/For.All.Mankind.S03E02.1080p.WEBRip.x265-RARBG.mp4,3,2,7772588,
441,540,1080,0,201,43,280,201,12482,0.021,6.300815127266105,15696,/home/amos/media/tv/For.All.Mankind.S01-S03.1080p.WEBRip.x265-RARBG/For.All.Mankind.S03.1080p.WEBRip.x265-RARBG/For.All.Mankind.S03E02.1080p.WEBRip.x265-RARBG.mp4,3,2,7772588,
442,540,1080,0,187,37,279,187,13800,0.024,5.494543177715968,15720,/home/amos/media/tv/For.All.Mankind.S01-S03.1080p.WEBRip.x265-RARBG/For.All.Mankind.S03.1080p.WEBRip.x265-RARBG/For.All.Mankind.S03E02.1080p.WEBRip.x265-RARBG.mp4,3,2,7772588,
443,540,1080,0,122,370,545,122,104904,0.18,6.437808996124659,15744,/home/amos/media/tv/For.All.Mankind.S01-S03.1080p.WEBRip.x265-RARBG/For.All.Mankind.S03.1080p.WEBRip.x265-RARBG/For.All.Mankind.S03E02.1080p.WEBRip.x265-RARBG.mp4,3,2,7772588,
444,540,1080,0,79,236,551,79,74104,0.127,4.157132190070115,15768,/home/amos/media/tv/For.All.Mankind.S01-S03.1080p.WEBRip.x265-RARBG/For.All.Mankind.S03.1080p.WEBRip.x265-RARBG/For.All.Mankind.S03E02.1080p.WEBRip.x265-RARBG.mp4,3,2,7772588,
445,540,1080,1,131,355,695,131,126336,0.217,10.924311035487335,15768,/home/amos/media/tv/For.All.Mankind.S01-S03.1080p.WEBRip.x265-RARBG/For.All.Mankind.S03.1080p.WEBRip.x265-RARBG/For.All.Mankind.S03E02.1080p.WEBRip.x265-RARBG.mp4,3,2,7772588,
446,540,1080,0,184,91,334,184,13950,0.024,4.950957189896144,15792,/home/amos/media/tv/For.All.Mankind.S01-S03.1080p.WEBRip.x265-RARBG/For.All.Mankind.S03.1080p.WEBRip.x265-RARBG/For.All.Mankind.S03E02.1080p.WEBRip.x265-RARBG.mp4,3,2,7772588,
447,540,1080,0,174,80,390,174,20304,0.035,6.803249166929163,15816,/home/amos/media/tv/For.All.Mankind.S01-S03.1080p.WEBRip.x265-RARBG/For.All.Mankind.S03.1080p.WEBRip.x265-RARBG/For.All.Mankind.S03E02.1080p.WEBRip.x265-RARBG.mp4,3,2,7772588,
448,540,1080,0,76,177,215,76,14039,0.024,9.716347111098004,15864,/home/amos/media/tv/For.All.Mankind.S01-S03.1080p.WEBRip.x265-RARBG/For.All.Mankind.S03.1080p.WEBRip.x265-RARBG/For.All.Mankind.S03E02.1080p.WEBRip.x265-RARBG.mp4,3,2,7772588,
449,540,1080,1,66,220,824,66,116732,0.2,9.91399807453854,15864,/home/amos/media/tv/For.All.Mankind.S01-S03.1080p.WEBRip.x265-RARBG/For.All.Mankind.S03.1080p.WEBRip.x265-RARBG/For.All.Mankind.S03E02.1080p.WEBRip.x265-RARBG.mp4,3,2,7772588,
450,540,1080,0,65,223,851,65,124188,0.213,10.12777109252056,15888,/home/amos/media/tv/For.All.Mankind.S01-S03.1080p.WEBRip.x265-RARBG/For.All.Mankind.S03.1080p.WEBRip.x265-RARBG/For.All.Mankind.S03E02.1080p.WEBRip.x265-RARBG.mp4,3,2,7772588,
451,540,1080,0,53,160,173,53,12840,0.022,7.3460491364239715,15912,/home/amos/media/tv/For.All.Mankind.S01-S03.1080p.WEBRip.x265-RARBG/For.All.Mankind.S03.1080p.WEBRip.x265-RARBG/For.All.Mankind.S03E02.1080p.WEBRip.x265-RARBG.mp4,3,2,7772588,
452,540,1080,1,65,229,862,65,130708,0.224,7.949164049408864,15912,/home/amos/media/tv/For.All.Mankind.S01-S03.1080p.WEBRip.x265-RARBG/For.All.Mankind.S03.1080p.WEBRip.x265-RARBG/For.All.Mankind.S03E02.1080p.WEBRip.x265-RARBG.mp4,3,2,7772588,
453,540,1080,0,57,34,667,57,14030,0.024,8.56289202318294,16032,/home/amos/media/tv/For.All.Mankind.S01-S03.1080p.WEBRip.x265-RARBG/For.All.Mankind.S03.1080p.WEBRip.x265-RARBG/For.All.Mankind.S03E02.1080p.WEBRip.x265-RARBG.mp4,3,2,7772588,
454,540,1080,0,57,45,679,57,7464,0.013,4.529838097456377,16056,/home/amos/media/tv/For.All.Mankind.S01-S03.1080p.WEBRip.x265-RARBG/For.All.Mankind.S03.1080p.WEBRip.x265-RARBG/For.All.Mankind.S03E02.1080p.WEBRip.x265-RARBG.mp4,3,2,7772588,
455,540,1080,1,71,228,1007,71,146952,0.252,3.286591083917301,16056,/home/amos/media/tv/For.All.Mankind.S01-S03.1080p.WEBRip.x265-RARBG/For.All.Mankind.S03.1080p.WEBRip.x265-RARBG/For.All.Mankind.S03E02.1080p.WEBRip.x265-RARBG.mp4,3,2,7772588,
456,540,1080,0,56,46,677,56,6210,0.011,4.986391076992732,16080,/home/amos/media/tv/For.All.Mankind.S01-S03.1080p.WEBRip.x265-RARBG/For.All.Mankind.S03.1080p.WEBRip.x265-RARBG/For.All.Mankind.S03E02.1080p.WEBRip.x265-RARBG.mp4,3,2,7772588,
457,540,1080,0,29,185,526,29,77532,0.133,4.766773101349827,16200,/home/amos/media/tv/For.All.Mankind.S01-S03.1080p.WEBRip.x265-RARBG/For.All.Mankind.S03.1080p.WEBRip.x265-RARBG/For.All.Mankind.S03E02.1080p.WEBRip.x265-RARBG.mp4,3,2,7772588,
458,540,1080,0,41,147,792,41,79606,0.136,6.143787229841109,16248,/home/amos/media/tv/For.All.Mankind.S01-S03.1080p.WEBRip.x265-RARBG/For.All.Mankind.S03.1080p.WEBRip.x265-RARBG/For.All.Mankind.S03E02.1080p.WEBRip.x265-RARBG.mp4,3,2,7772588,
459,540,1080,1,35,168,412,35,50141,0.086,2.5503171216114424,16248,/home/amos/media/tv/For.All.Mankind.S01-S03.1080p.WEBRip.x265-RARBG/For.All.Mankind.S03.1080p.WEBRip.x265-RARBG/For.All.Mankind.S03E02.1080p.WEBRip.x265-RARBG.mp4,3,2,7772588,
460,540,1080,2,50,235,727,50,125245,0.215,6.040221162547823,16248,/home/amos/media/tv/For.All.Mankind.S01-S03.1080p.WEBRip.x265-RARBG/For.All.Mankind.S03.1080p.WEBRip.x265-RARBG/For.All.Mankind.S03E02.1080p.WEBRip.x265-RARBG.mp4,3,2,7772588,
461,540,1080,3,51,234,116,51,11895,0.02,6.37294108181959,16248,/home/amos/media/tv/For.All.Mankind.S01-S03.1080p.WEBRip.x265-RARBG/For.All.Mankind.S03.1080p.WEBRip.x265-RARBG/For.All.Mankind.S03E02.1080p.WEBRip.x265-RARBG.mp4,3,2,7772588,
462,540,1080,0,43,134,815,43,70252,0.12,9.586734148790129,16272,/home/amos/media/tv/For.All.Mankind.S01-S03.1080p.WEBRip.x265-RARBG/For.All.Mankind.S03.1080p.WEBRip.x265-RARBG/For.All.Mankind.S03E02.1080p.WEBRip.x265-RARBG.mp4,3,2,7772588,
463,540,1080,1,38,162,400,38,44888,0.077,6.542584066919517,16272,/home/amos/media/tv/For.All.Mankind.S01-S03.1080p.WEBRip.x265-RARBG/For.All.Mankind.S03.1080p.WEBRip.x265-RARBG/For.All.Mankind.S03E02.1080p.WEBRip.x265-RARBG.mp4,3,2,7772588,
464,540,1080,2,51,244,102,51,9843,0.017,3.570254107413348,16272,/home/amos/media/tv/For.All.Mankind.S01-S03.1080p.WEBRip.x265-RARBG/For.All.Mankind.S03.1080p.WEBRip.x265-RARBG/For.All.Mankind.S03E02.1080p.WEBRip.x265-RARBG.mp4,3,2,7772588,
465,540,1080,3,53,233,727,53,121320,0.208,4.6314990652608685,16272,/home/amos/media/tv/For.All.Mankind.S01-S03.1080p.WEBRip.x265-RARBG/For.All.Mankind.S03.1080p.WEBRip.x265-RARBG/For.All.Mankind.S03E02.1080p.WEBRip.x265-RARBG.mp4,3,2,7772588,
466,540,1080,4,82,258,921,82,147664,0.253,4.333087115956005,16272,/home/amos/media/tv/For.All.Mankind.S01-S03.1080p.WEBRip.x265-RARBG/For.All.Mankind.S03.1080p.WEBRip.x265-RARBG/For.All.Mankind.S03E02.1080p.WEBRip.x265-RARBG.mp4,3,2,7772588,
467,540,1080,0,208,67,322,208,16074,0.028,7.39847307902528,16296,/home/amos/media/tv/For.All.Mankind.S01-S03.1080p.WEBRip.x265-RARBG/For.All.Mankind.S03.1080p.WEBRip.x265-RARBG/For.All.Mankind.S03E02.1080p.WEBRip.x265-RARBG.mp4,3,2,7772588,
468,540,1080,0,215,61,317,215,15708,0.027,10.46073511254508,16320,/home/amos/media/tv/For.All.Mankind.S01-S03.1080p.WEBRip.x265-RARBG/For.All.Mankind.S03.1080p.WEBRip.x265-RARBG/For.All.Mankind.S03E02.1080p.WEBRip.x265-RARBG.mp4,3,2,7772588,
469,540,1080,0,57,81,648,57,14184,0.024,6.859872997680213,16344,/home/amos/media/tv/For.All.Mankind.S01-S03.1080p.WEBRip.x265-RARBG/For.All.Mankind.S03.1080p.WEBRip.x265-RARBG/For.All.Mankind.S03E02.1080p.WEBRip.x265-RARBG.mp4,3,2,7772588,
470,540,1080,0,58,80,648,58,12980,0.022,6.248622997605708,16368,/home/amos/media/tv/For.All.Mankind.S01-S03.1080p.WEBRip.x265-RARBG/For.All.Mankind.S03.1080p.WEBRip.x265-RARBG/For.All.Mankind.S03E02.1080p.WEBRip.x265-RARBG.mp4,3,2,7772588,
471,540,1080,0,59,78,646,59,11153,0.019,7.837008081318345,16392,/home/amos/media/tv/For.All.Mankind.S01-S03.1080p.WEBRip.x265-RARBG/For.All.Mankind.S03.1080p.WEBRip.x265-RARBG/For.All.Mankind.S03E02.1080p.WEBRip.x265-RARBG.mp4,3,2,7772588,
472,540,1080,0,59,74,649,59,8850,0.015,7.0136151543702,16416,/home/amos/media/tv/For.All.Mankind.S01-S03.1080p.WEBRip.x265-RARBG/For.All.Mankind.S03.1080p.WEBRip.x265-RARBG/For.All.Mankind.S03E02.1080p.WEBRip.x265-RARBG.mp4,3,2,7772588,
473,540,1080,0,227,48,300,227,13067,0.022,8.79294407053385,16440,/home/amos/media/tv/For.All.Mankind.S01-S03.1080p.WEBRip.x265-RARBG/For.All.Mankind.S03.1080p.WEBRip.x265-RARBG/For.All.Mankind.S03E02.1080p.WEBRip.x265-RARBG.mp4,3,2,7772588,
474,540,1080,0,239,38,374,239,27135,0.047,6.077269166649785,16464,/home/amos/media/tv/For.All.Mankind.S01-S03.1080p.WEBRip.x265-RARBG/For.All.Mankind.S03.1080p.WEBRip.x265-RARBG/For.All.Mankind.S03E02.1080p.WEBRip.x265-RARBG.mp4,3,2,7772588,
475,540,1080,0,220,93,560,220,43180,0.074,4.237060034763999,16488,/home/amos/media/tv/For.All.Mankind.S01-S03.1080p.WEBRip.x265-RARBG/For.All.Mankind.S03.1080p.WEBRip.x265-RARBG/For.All.Mankind.S03E02.1080p.WEBRip.x265-RARBG.mp4,3,2,7772588,
476,540,1080,0,265,72,283,265,3474,0.006,7.049642028461676,16536,/home/amos/media/tv/For.All.Mankind.S01-S03.1080p.WEBRip.x265-RARBG/For.All.Mankind.S03.1080p.WEBRip.x265-RARBG/For.All.Mankind.S03E02.1080p.WEBRip.x265-RARBG.mp4,3,2,7772588,
477,540,1080,0,281,141,491,281,29400,0.05,6.630541043996345,16560,/home/amos/media/tv/For.All.Mankind.S01-S03.1080p.WEBRip.x265-RARBG/For.All.Mankind.S03.1080p.WEBRip.x265-RARBG/For.All.Mankind.S03E02.1080p.WEBRip.x265-RARBG.mp4,3,2,7772588,
478,540,1080,0,274,89,172,274,18870,0.032,4.805833066930063,16584,/home/amos/media/tv/For.All.Mankind.S01-S03.1080p.WEBRip.x265-RARBG/For.All.Mankind.S03.1080p.WEBRip.x265-RARBG/For.All.Mankind.S03E02.1080p.WEBRip.x265-RARBG.mp4,3,2,7772588,
479,540,1080,0,285,62,273,285,2676,0.005,7.355158007645514,16608,/home/amos/media/tv/For.All.Mankind.S01-S03.1080p.WEBRip.x265-RARBG/For.All.Mankind.S03.1080p.WEBRip.x265-RARBG/For.All.Mankind.S03E02.1080p.WEBRip.x265-RARBG.mp4,3,2,7772588,
480,540,1080,0,321,42,240,321,22599,0.039,6.675137122510932,16632,/home/amos/media/tv/For.All.Mankind.S01-S03.1080p.WEBRip.x265-RARBG/For.All.Mankind.S03.1080p.WEBRip.x265-RARBG/For.All.Mankind.S03E02.1080p.WEBRip.x265-RARBG.mp4,3,2,7772588,
481,540,1080,0,285,49,261,285,5664,0.01,8.66966805269476,16656,/home/amos/media/tv/For.All.Mankind.S01-S03.1080p.WEBRip.x265-RARBG/For.All.Mankind.S03.1080p.WEBRip.x265-RARBG/For.All.Mankind.S03E02.1080p.WEBRip.x265-RARBG.mp4,3,2,7772588,
482,540,1080,0,270,74,302,270,6272,0.011,9.707098041602876,16680,/home/amos/media/tv/For.All.Mankind.S01-S03.1080p.WEBRip.x265-RARBG/For.All.Mankind.S03.1080p.WEBRip.x265-RARBG/For.All.Mankind.S03E02.1080p.WEBRip.x265-RARBG.mp4,3,2,7772588,
483,540,1080,1,135,388,913,135,196834,0.338,8.424045152205508,16680,/home/amos/media/tv/For.All.Mankind.S01-S03.1080p.WEBRip.x265-RARBG/For.All.Mankind.S03.1080p.WEBRip.x265-RARBG/For.All.Mankind.S03E02.1080p.WEBRip.x265-RARBG.mp4,3,2,7772588,
484,540,1080,0,253,114,284,253,4309,0.007,7.748885130626149,16704,/home/amos/media/tv/For.All.Mankind.S01-S03.1080p.WEBRip.x265-RARBG/For.All.Mankind.S03.1080p.WEBRip.x265-RARBG/For.All.Mankind.S03E02.1080p.WEBRip.x265-RARBG.mp4,3,2,7772588,
485,540,1080,1,136,383,907,136,190437,0.327,9.270424130780157,16704,/home/amos/media/tv/For.All.Mankind.S01-S03.1080p.WEBRip.x265-RARBG/For.All.Mankind.S03.1080p.WEBRip.x265-RARBG/For.All.Mankind.S03E02.1080p.WEBRip.x265-RARBG.mp4,3,2,7772588,
486,540,1080,0,260,93,296,260,6012,0.01,10.494070103741253,16728,/home/amos/media/tv/For.All.Mankind.S01-S03.1080p.WEBRip.x265-RARBG/For.All.Mankind.S03.1080p.WEBRip.x265-RARBG/For.All.Mankind.S03E02.1080p.WEBRip.x265-RARBG.mp4,3,2,7772588,
487,540,1080,1,76,311,875,76,187765,0.322,1.3145680338493548,16728,/home/amos/media/tv/For.All.Mankind.S01-S03.1080p.WEBRip.x265-RARBG/For.All.Mankind.S03.1080p.WEBRip.x265-RARBG/For.All.Mankind.S03E02.1080p.WEBRip.x265-RARBG.mp4,3,2,7772588,
488,540,1080,2,143,376,918,143,180575,0.31,6.656019184913021,16728,/home/amos/media/tv/For.All.Mankind.S01-S03.1080p.WEBRip.x265-RARBG/For.All.Mankind.S03.1080p.WEBRip.x265-RARBG/For.All.Mankind.S03E02.1080p.WEBRip.x265-RARBG.mp4,3,2,7772588,
489,540,1080,0,157,78,414,157,20303,0.035,7.649071114079561,16752,/home/amos/media/tv/For.All.Mankind.S01-S03.1080p.WEBRip.x265-RARBG/For.All.Mankind.S03.1080p.WEBRip.x265-RARBG/For.All.Mankind.S03E02.1080p.WEBRip.x265-RARBG.mp4,3,2,7772588,
490,540,1080,0,160,75,414,160,21590,0.037,7.675171097682323,16776,/home/amos/media/tv/For.All.Mankind.S01-S03.1080p.WEBRip.x265-RARBG/For.All.Mankind.S03.1080p.WEBRip.x265-RARBG/For.All.Mankind.S03E02.1080p.WEBRip.x265-RARBG.mp4,3,2,7772588,
491,540,1080,0,156,81,417,156,19575,0.034,9.00560803472763,16800,/home/amos/media/tv/For.All.Mankind.S01-S03.1080p.WEBRip.x265-RARBG/For.All.Mankind.S03.1080p.WEBRip.x265-RARBG/For.All.Mankind.S03E02.1080p.WEBRip.x265-RARBG.mp4,3,2,7772588,
492,540,1080,0,270,87,331,270,11163,0.019,7.71830204379512,16824,/home/amos/media/tv/For.All.Mankind.S01-S03.1080p.WEBRip.x265-RARBG/For.All.Mankind.S03.1080p.WEBRip.x265-RARBG/For.All.Mankind.S03E02.1080p.WEBRip.x265-RARBG.mp4,3,2,7772588,
493,540,1080,1,53,419,870,53,299022,0.513,2.7920311290654354,16824,/home/amos/media/tv/For.All.Mankind.S01-S03.1080p.WEBRip.x265-RARBG/For.All.Mankind.S03.1080p.WEBRip.x265-RARBG/For.All.Mankind.S03E02.1080p.WEBRip.x265-RARBG.mp4,3,2,7772588,
494,540,1080,2,101,360,765,101,171976,0.295,5.564637161500286,16824,/home/amos/media/tv/For.All.Mankind.S01-S03.1080p.WEBRip.x265-RARBG/For.All.Mankind.S03.1080p.WEBRip.x265-RARBG/For.All.Mankind.S03E02.1080p.WEBRip.x265-RARBG.mp4,3,2,7772588,
495,540,1080,0,286,80,307,286,4326,0.007,7.262576070323121,16848,/home/amos/media/tv/For.All.Mankind.S01-S03.1080p.WEBRip.x265-RARBG/For.All.Mankind.S03.1080p.WEBRip.x265-RARBG/For.All.Mankind.S03E02.1080p.WEBRip.x265-RARBG.mp4,3,2,7772588,
496,540,1080,1,103,359,756,103,167168,0.287,5.765802150534,16848,/home/amos/media/tv/For.All.Mankind.S01-S03.1080p.WEBRip.x265-RARBG/For.All.Mankind.S03.1080p.WEBRip.x265-RARBG/For.All.Mankind.S03E02.1080p.WEBRip.x265-RARBG.mp4,3,2,7772588,
497,540,1080,0,295,58,307,295,2844,0.005,7.1748649731162,16872,/home/amos/media/tv/For.All.Mankind.S01-S03.1080p.WEBRip.x265-RARBG/For.All.Mankind.S03.1080p.WEBRip.x265-RARBG/For.All.Mankind.S03E02.1080p.WEBRip.x265-RARBG.mp4,3,2,7772588,
498,540,1080,1,100,357,760,100,169620,0.291,5.217198177881073,16872,/home/amos/media/tv/For.All.Mankind.S01-S03.1080p.WEBRip.x265-RARBG/For.All.Mankind.S03.1080p.WEBRip.x265-RARBG/For.All.Mankind.S03E02.1080p.WEBRip.x265-RARBG.mp4,3,2,7772588,
499,540,1080,2,52,415,862,52,294030,0.504,1.268076104519423,16872,/home/amos/media/tv/For.All.Mankind.S01-S03.1080p.WEBRip.x265-RARBG/For.All.Mankind.S03.1080p.WEBRip.x265-RARBG/For.All.Mankind.S03E02.1080p.WEBRip.x265-RARBG.mp4,3,2,7772588,
500,540,1080,0,283,82,308,283,5025,0.009,7.570747017394751,16896,/home/amos/media/tv/For.All.Mankind.S01-S03.1080p.WEBRip.x265-RARBG/For.All.Mankind.S03.1080p.WEBRip.x265-RARBG/For.All.Mankind.S03E02.1080p.WEBRip.x265-RARBG.mp4,3,2,7772588,
501,540,1080,1,104,363,758,104,169386,0.29,4.339621096558403,16896,/home/amos/media/tv/For.All.Mankind.S01-S03.1080p.WEBRip.x265-RARBG/For.All.Mankind.S03.1080p.WEBRip.x265-RARBG/For.All.Mankind.S03E02.1080p.WEBRip.x265-RARBG.mp4,3,2,7772588,
502,540,1080,0,292,75,292,292,0,0.0,8.153140048496425,16920,/home/amos/media/tv/For.All.Mankind.S01-S03.1080p.WEBRip.x265-RARBG/For.All.Mankind.S03.1080p.WEBRip.x265-RARBG/For.All.Mankind.S03E02.1080p.WEBRip.x265-RARBG.mp4,3,2,7772588,
503,540,1080,1,102,366,752,102,171600,0.294,2.577137205225881,16920,/home/amos/media/tv/For.All.Mankind.S01-S03.1080p.WEBRip.x265-RARBG/For.All.Mankind.S03.1080p.WEBRip.x265-RARBG/For.All.Mankind.S03E02.1080p.WEBRip.x265-RARBG.mp4,3,2,7772588,
504,540,1080,0,105,364,749,105,166796,0.286,3.642550083983224,16944,/home/amos/media/tv/For.All.Mankind.S01-S03.1080p.WEBRip.x265-RARBG/For.All.Mankind.S03.1080p.WEBRip.x265-RARBG/For.All.Mankind.S03E02.1080p.WEBRip.x265-RARBG.mp4,3,2,7772588,
505,540,1080,0,28,215,512,28,90508,0.155,7.304258055461105,16992,/home/amos/media/tv/For.All.Mankind.S01-S03.1080p.WEBRip.x265-RARBG/For.All.Mankind.S03.1080p.WEBRip.x265-RARBG/For.All.Mankind.S03E02.1080p.WEBRip.x265-RARBG.mp4,3,2,7772588,
506,540,1080,0,29,217,512,29,90804,0.156,5.205376076453831,17016,/home/amos/media/tv/For.All.Mankind.S01-S03.1080p.WEBRip.x265-RARBG/For.All.Mankind.S03.1080p.WEBRip.x265-RARBG/For.All.Mankind.S03E02.1080p.WEBRip.x265-RARBG.mp4,3,2,7772588,
507,540,1080,0,29,219,515,29,92340,0.158,5.902250077982899,17040,/home/amos/media/tv/For.All.Mankind.S01-S03.1080p.WEBRip.x265-RARBG/For.All.Mankind.S03.1080p.WEBRip.x265-RARBG/For.All.Mankind.S03E02.1080p.WEBRip.x265-RARBG.mp4,3,2,7772588,
508,540,1080,0,28,222,529,28,97194,0.167,4.200274955888744,17064,/home/amos/media/tv/For.All.Mankind.S01-S03.1080p.WEBRip.x265-RARBG/For.All.Mankind.S03.1080p.WEBRip.x265-RARBG/For.All.Mankind.S03E02.1080p.WEBRip.x265-RARBG.mp4,3,2,7772588,
509,540,1080,0,157,78,421,157,20856,0.036,6.747833097237162,17088,/home/amos/media/tv/For.All.Mankind.S01-S03.1080p.WEBRip.x265-RARBG/For.All.Mankind.S03.1080p.WEBRip.x265-RARBG/For.All.Mankind.S03E02.1080p.WEBRip.x265-RARBG.mp4,3,2,7772588,
510,540,1080,0,145,73,431,145,20592,0.035,6.917263104231097,17112,/home/amos/media/tv/For.All.Mankind.S01-S03.1080p.WEBRip.x265-RARBG/For.All.Mankind.S03.1080p.WEBRip.x265-RARBG/For.All.Mankind.S03E02.1080p.WEBRip.x265-RARBG.mp4,3,2,7772588,
511,540,1080,0,145,73,424,145,20088,0.034,7.299245973059442,17136,/home/amos/media/tv/For.All.Mankind.S01-S03.1080p.WEBRip.x265-RARBG/For.All.Mankind.S03.1080p.WEBRip.x265-RARBG/For.All.Mankind.S03E02.1080p.WEBRip.x265-RARBG.mp4,3,2,7772588,
512,540,1080,0,262,102,270,262,1280,0.002,7.906434073287528,17160,/home/amos/media/tv/For.All.Mankind.S01-S03.1080p.WEBRip.x265-RARBG/For.All.Mankind.S03.1080p.WEBRip.x265-RARBG/For.All.Mankind.S03E02.1080p.WEBRip.x265-RARBG.mp4,3,2,7772588,
513,540,1080,0,40,156,133,40,10788,0.018,5.012379958236124,17208,/home/amos/media/tv/For.All.Mankind.S01-S03.1080p.WEBRip.x265-RARBG/For.All.Mankind.S03.1080p.WEBRip.x265-RARBG/For.All.Mankind.S03E02.1080p.WEBRip.x265-RARBG.mp4,3,2,7772588,
514,540,1080,0,42,151,63,42,2289,0.004,3.618633970094379,17232,/home/amos/media/tv/For.All.Mankind.S01-S03.1080p.WEBRip.x265-RARBG/For.All.Mankind.S03.1080p.WEBRip.x265-RARBG/For.All.Mankind.S03E02.1080p.WEBRip.x265-RARBG.mp4,3,2,7772588,
515,540,1080,0,41,221,195,41,27720,0.048,4.765160173992626,17280,/home/amos/media/tv/For.All.Mankind.S01-S03.1080p.WEBRip.x265-RARBG/For.All.Mankind.S03.1080p.WEBRip.x265-RARBG/For.All.Mankind.S03E02.1080p.WEBRip.x265-RARBG.mp4,3,2,7772588,
516,540,1080,0,43,219,190,43,25872,0.044,5.20611812354764,17304,/home/amos/media/tv/For.All.Mankind.S01-S03.1080p.WEBRip.x265-RARBG/For.All.Mankind.S03.1080p.WEBRip.x265-RARBG/For.All.Mankind.S03E02.1080p.WEBRip.x265-RARBG.mp4,3,2,7772588,
517,540,1080,0,40,221,199,40,28779,0.049,4.989570040197577,17328,/home/amos/media/tv/For.All.Mankind.S01-S03.1080p.WEBRip.x265-RARBG/For.All.Mankind.S03.1080p.WEBRip.x265-RARBG/For.All.Mankind.S03E02.1080p.WEBRip.x265-RARBG.mp4,3,2,7772588,
518,540,1080,0,186,72,610,186,48336,0.083,7.080660133098718,17352,/home/amos/media/tv/For.All.Mankind.S01-S03.1080p.WEBRip.x265-RARBG/For.All.Mankind.S03.1080p.WEBRip.x265-RARBG/For.All.Mankind.S03E02.1080p.WEBRip.x265-RARBG.mp4,3,2,7772588,
519,540,1080,0,183,75,599,183,44928,0.077,9.53451017581392,17376,/home/amos/media/tv/For.All.Mankind.S01-S03.1080p.WEBRip.x265-RARBG/For.All.Mankind.S03.1080p.WEBRip.x265-RARBG/For.All.Mankind.S03E02.1080p.WEBRip.x265-RARBG.mp4,3,2,7772588,
520,540,1080,0,183,80,603,183,43260,0.074,9.709658012841828,17400,/home/amos/media/tv/For.All.Mankind.S01-S03.1080p.WEBRip.x265-RARBG/For.All.Mankind.S03.1080p.WEBRip.x265-RARBG/For.All.Mankind.S03E02.1080p.WEBRip.x265-RARBG.mp4,3,2,7772588,
521,540,1080,0,190,76,584,190,44916,0.077,7.699811073136516,17424,/home/amos/media/tv/For.All.Mankind.S01-S03.1080p.WEBRip.x265-RARBG/For.All.Mankind.S03.1080p.WEBRip.x265-RARBG/For.All.Mankind.S03E02.1080p.WEBRip.x265-RARBG.mp4,3,2,7772588,
522,540,1080,0,177,83,574,177,37318,0.064,6.929203029198106,17448,/home/amos/media/tv/For.All.Mankind.S01-S03.1080p.WEBRip.x265-RARBG/For.All.Mankind.S03.1080p.WEBRip.x265-RARBG/For.All.Mankind.S03E02.1080p.WEBRip.x265-RARBG.mp4,3,2,7772588,
523,540,1080,0,190,83,573,190,40981,0.07,6.508486147620715,17472,/home/amos/media/tv/For.All.Mankind.S01-S03.1080p.WEBRip.x265-RARBG/For.All.Mankind.S03.1080p.WEBRip.x265-RARBG/For.All.Mankind.S03E02.1080p.WEBRip.x265-RARBG.mp4,3,2,7772588,
524,540,1080,0,50,236,781,50,135966,0.233,3.6598971094354056,17520,/home/amos/media/tv/For.All.Mankind.S01-S03.1080p.WEBRip.x265-RARBG/For.All.Mankind.S03.1080p.WEBRip.x265-RARBG/For.All.Mankind.S03E02.1080p.WEBRip.x265-RARBG.mp4,3,2,7772588,
525,540,1080,0,47,258,170,47,25953,0.045,3.6656300422619097,17544,/home/amos/media/tv/For.All.Mankind.S01-S03.1080p.WEBRip.x265-RARBG/For.All.Mankind.S03.1080p.WEBRip.x265-RARBG/For.All.Mankind.S03E02.1080p.WEBRip.x265-RARBG.mp4,3,2,7772588,
526,540,1080,1,57,367,100,57,13330,0.023,6.656112923112232,17544,/home/amos/media/tv/For.All.Mankind.S01-S03.1080p.WEBRip.x265-RARBG/For.All.Mankind.S03.1080p.WEBRip.x265-RARBG/For.All.Mankind.S03E02.1080p.WEBRip.x265-RARBG.mp4,3,2,7772588,
527,540,1080,0,58,183,791,58,91625,0.157,4.910917146713473,17568,/home/amos/media/tv/For.All.Mankind.S01-S03.1080p.WEBRip.x265-RARBG/For.All.Mankind.S03.1080p.WEBRip.x265-RARBG/For.All.Mankind.S03E02.1080p.WEBRip.x265-RARBG.mp4,3,2,7772588,
528,540,1080,1,52,231,237,52,33115,0.057,6.309840130095836,17568,/home/amos/media/tv/For.All.Mankind.S01-S03.1080p.WEBRip.x265-RARBG/For.All.Mankind.S03.1080p.WEBRip.x265-RARBG/For.All.Mankind.S03E02.1080p.WEBRip.x265-RARBG.mp4,3,2,7772588,
529,540,1080,2,51,362,106,51,17105,0.029,4.358569025236648,17568,/home/amos/media/tv/For.All.Mankind.S01-S03.1080p.WEBRip.x265-RARBG/For.All.Mankind.S03.1080p.WEBRip.x265-RARBG/For.All.Mankind.S03E02.1080p.WEBRip.x265-RARBG.mp4,3,2,7772588,
530,540,1080,0,49,239,256,49,39330,0.067,6.645289082953241,17592,/home/amos/media/tv/For.All.Mankind.S01-S03.1080p.WEBRip.x265-RARBG/For.All.Mankind.S03.1080p.WEBRip.x265-RARBG/For.All.Mankind.S03E02.1080p.WEBRip.x265-RARBG.mp4,3,2,7772588,
531,540,1080,1,58,186,785,58,93056,0.16,3.7727440776652656,17592,/home/amos/media/tv/For.All.Mankind.S01-S03.1080p.WEBRip.x265-RARBG/For.All.Mankind.S03.1080p.WEBRip.x265-RARBG/For.All.Mankind.S03E02.1080p.WEBRip.x265-RARBG.mp4,3,2,7772588,
532,540,1080,0,51,234,256,51,37515,0.064,9.15837508777622,17616,/home/amos/media/tv/For.All.Mankind.S01-S03.1080p.WEBRip.x265-RARBG/For.All.Mankind.S03.1080p.WEBRip.x265-RARBG/For.All.Mankind.S03E02.1080p.WEBRip.x265-RARBG.mp4,3,2,7772588,
533,540,1080,1,55,184,798,55,95847,0.164,3.4990591624518856,17616,/home/amos/media/tv/For.All.Mankind.S01-S03.1080p.WEBRip.x265-RARBG/For.All.Mankind.S03.1080p.WEBRip.x265-RARBG/For.All.Mankind.S03E02.1080p.WEBRip.x265-RARBG.mp4,3,2,7772588,
534,540,1080,0,56,183,795,56,93853,0.161,4.06486106372904,17640,/home/amos/media/tv/For.All.Mankind.S01-S03.1080p.WEBRip.x265-RARBG/For.All.Mankind.S03.1080p.WEBRip.x265-RARBG/For.All.Mankind.S03E02.1080p.WEBRip.x265-RARBG.mp4,3,2,7772588,
535,540,1080,1,50,235,260,50,38850,0.067,8.68633406580193,17640,/home/amos/media/tv/For.All.Mankind.S01-S03.1080p.WEBRip.x265-RARBG/For.All.Mankind.S03.1080p.WEBRip.x265-RARBG/For.All.Mankind.S03E02.1080p.WEBRip.x265-RARBG.mp4,3,2,7772588,
536,540,1080,0,54,184,799,54,96850,0.166,4.225021152640693,17664,/home/amos/media/tv/For.All.Mankind.S01-S03.1080p.WEBRip.x265-RARBG/For.All.Mankind.S03.1080p.WEBRip.x265-RARBG/For.All.Mankind.S03E02.1080p.WEBRip.x265-RARBG.mp4,3,2,7772588,
537,540,1080,1,48,236,264,48,40608,0.07,8.666808253969066,17664,/home/amos/media/tv/For.All.Mankind.S01-S03.1080p.WEBRip.x265-RARBG/For.All.Mankind.S03.1080p.WEBRip.x265-RARBG/For.All.Mankind.S03E02.1080p.WEBRip.x265-RARBG.mp4,3,2,7772588,
538,540,1080,0,48,237,269,48,41769,0.072,8.700905122677796,17688,/home/amos/media/tv/For.All.Mankind.S01-S03.1080p.WEBRip.x265-RARBG/For.All.Mankind.S03.1080p.WEBRip.x265-RARBG/For.All.Mankind.S03E02.1080p.WEBRip.x265-RARBG.mp4,3,2,7772588,
539,540,1080,0,115,70,544,115,19305,0.033,5.167203074437566,17712,/home/amos/media/tv/For.All.Mankind.S01-S03.1080p.WEBRip.x265-RARBG/For.All.Mankind.S03.1080p.WEBRip.x265-RARBG/For.All.Mankind.S03E02.1080p.WEBRip.x265-RARBG.mp4,3,2,7772588,
540,540,1080,1,52,233,257,52,37105,0.064,7.243027172691654,17712,/home/amos/media/tv/For.All.Mankind.S01-S03.1080p.WEBRip.x265-RARBG/For.All.Mankind.S03.1080p.WEBRip.x265-RARBG/For.All.Mankind.S03E02.1080p.WEBRip.x265-RARBG.mp4,3,2,7772588,
541,540,1080,0,50,230,261,50,37980,0.065,9.302176048688125,17736,/home/amos/media/tv/For.All.Mankind.S01-S03.1080p.WEBRip.x265-RARBG/For.All.Mankind.S03.1080p.WEBRip.x265-RARBG/For.All.Mankind.S03E02.1080p.WEBRip.x265-RARBG.mp4,3,2,7772588,
542,540,1080,0,199,94,480,199,29505,0.051,6.263485052098986,17760,/home/amos/media/tv/For.All.Mankind.S01-S03.1080p.WEBRip.x265-RARBG/For.All.Mankind.S03.1080p.WEBRip.x265-RARBG/For.All.Mankind.S03E02.1080p.WEBRip.x265-RARBG.mp4,3,2,7772588,
543,540,1080,0,203,100,467,203,27192,0.047,5.838059158413671,17784,/home/amos/media/tv/For.All.Mankind.S01-S03.1080p.WEBRip.x265-RARBG/For.All.Mankind.S03.1080p.WEBRip.x265-RARBG/For.All.Mankind.S03E02.1080p.WEBRip.x265-RARBG.mp4,3,2,7772588,
544,540,1080,0,200,111,497,200,26433,0.045,8.765820107597392,17808,/home/amos/media/tv/For.All.Mankind.S01-S03.1080p.WEBRip.x265-RARBG/For.All.Mankind.S03.1080p.WEBRip.x265-RARBG/For.All.Mankind.S03E02.1080p.WEBRip.x265-RARBG.mp4,3,2,7772588,
545,540,1080,0,210,108,497,210,29274,0.05,8.028564214648213,17832,/home/amos/media/tv/For.All.Mankind.S01-S03.1080p.WEBRip.x265-RARBG/For.All.Mankind.S03.1080p.WEBRip.x265-RARBG/For.All.Mankind.S03E02.1080p.WEBRip.x265-RARBG.mp4,3,2,7772588,
546,540,1080,0,198,111,491,198,25491,0.044,4.759846005530562,17856,/home/amos/media/tv/For.All.Mankind.S01-S03.1080p.WEBRip.x265-RARBG/For.All.Mankind.S03.1080p.WEBRip.x265-RARBG/For.All.Mankind.S03E02.1080p.WEBRip.x265-RARBG.mp4,3,2,7772588,
547,540,1080,0,72,185,15,72,6441,0.011,4.316740106034558,17928,/home/amos/media/tv/For.All.Mankind.S01-S03.1080p.WEBRip.x265-RARBG/For.All.Mankind.S03.1080p.WEBRip.x265-RARBG/For.All.Mankind.S03E02.1080p.WEBRip.x265-RARBG.mp4,3,2,7772588,
548,540,1080,1,78,235,584,78,79442,0.136,1.5680740343523212,17928,/home/amos/media/tv/For.All.Mankind.S01-S03.1080p.WEBRip.x265-RARBG/For.All.Mankind.S03.1080p.WEBRip.x265-RARBG/For.All.Mankind.S03E02.1080p.WEBRip.x265-RARBG.mp4,3,2,7772588,
549,540,1080,0,89,146,652,89,32091,0.055,4.940720061247703,18120,/home/amos/media/tv/For.All.Mankind.S01-S03.1080p.WEBRip.x265-RARBG/For.All.Mankind.S03.1080p.WEBRip.x265-RARBG/For.All.Mankind.S03E02.1080p.WEBRip.x265-RARBG.mp4,3,2,7772588,
550,540,1080,1,66,185,847,66,92939,0.159,8.003507989342324,18120,/home/amos/media/tv/For.All.Mankind.S01-S03.1080p.WEBRip.x265-RARBG/For.All.Mankind.S03.1080p.WEBRip.x265-RARBG/For.All.Mankind.S03E02.1080p.WEBRip.x265-RARBG.mp4,3,2,7772588,
551,540,1080,2,67,159,114,67,4324,0.007,2.4885740491445176,18120,/home/amos/media/tv/For.All.Mankind.S01-S03.1080p.WEBRip.x265-RARBG/For.All.Mankind.S03.1080p.WEBRip.x265-RARBG/For.All.Mankind.S03E02.1080p.WEBRip.x265-RARBG.mp4,3,2,7772588,
552,540,1080,0,66,142,596,66,40280,0.069,5.66641278314637,18144,/home/amos/media/tv/For.All.Mankind.S01-S03.1080p.WEBRip.x265-RARBG/For.All.Mankind.S03.1080p.WEBRip.x265-RARBG/For.All.Mankind.S03E02.1080p.WEBRip.x265-RARBG.mp4,3,2,7772588,
553,540,1080,1,92,71,903,92,17031,0.029,6.6234490958740935,18144,/home/amos/media/tv/For.All.Mankind.S01-S03.1080p.WEBRip.x265-RARBG/For.All.Mankind.S03.1080p.WEBRip.x265-RARBG/For.All.Mankind.S03E02.1080p.WEBRip.x265-RARBG.mp4,3,2,7772588,
554,540,1080,2,91,104,403,91,4056,0.007,6.014645034563728,18144,/home/amos/media/tv/For.All.Mankind.S01-S03.1080p.WEBRip.x265-RARBG/For.All.Mankind.S03.1080p.WEBRip.x265-RARBG/For.All.Mankind.S03E02.1080p.WEBRip.x265-RARBG.mp4,3,2,7772588,
555,540,1080,0,94,67,452,94,9666,0.017,6.744280111859553,18168,/home/amos/media/tv/For.All.Mankind.S01-S03.1080p.WEBRip.x265-RARBG/For.All.Mankind.S03.1080p.WEBRip.x265-RARBG/For.All.Mankind.S03E02.1080p.WEBRip.x265-RARBG.mp4,3,2,7772588,
556,540,1080,1,65,137,123,65,4176,0.007,6.067507994768675,18168,/home/amos/media/tv/For.All.Mankind.S01-S03.1080p.WEBRip.x265-RARBG/For.All.Mankind.S03.1080p.WEBRip.x265-RARBG/For.All.Mankind.S03E02.1080p.WEBRip.x265-RARBG.mp4,3,2,7772588,
557,540,1080,2,83,98,958,83,13125,0.023,6.304845029604621,18168,/home/amos/media/tv/For.All.Mankind.S01-S03.1080p.WEBRip.x265-RARBG/For.All.Mankind.S03.1080p.WEBRip.x265-RARBG/For.All.Mankind.S03E02.1080p.WEBRip.x265-RARBG.mp4,3,2,7772588,
558,540,1080,3,53,221,593,53,90720,0.156,1.585973150271457,18168,/home/amos/media/tv/For.All.Mankind.S01-S03.1080p.WEBRip.x265-RARBG/For.All.Mankind.S03.1080p.WEBRip.x265-RARBG/For.All.Mankind.S03E02.1080p.WEBRip.x265-RARBG.mp4,3,2,7772588,
559,540,1080,0,95,51,869,95,34056,0.058,6.682120892044623,18192,/home/amos/media/tv/For.All.Mankind.S01-S03.1080p.WEBRip.x265-RARBG/For.All.Mankind.S03.1080p.WEBRip.x265-RARBG/For.All.Mankind.S03E02.1080p.WEBRip.x265-RARBG.mp4,3,2,7772588,
560,540,1080,1,78,108,725,78,19410,0.033,4.9549210706027225,18192,/home/amos/media/tv/For.All.Mankind.S01-S03.1080p.WEBRip.x265-RARBG/For.All.Mankind.S03.1080p.WEBRip.x265-RARBG/For.All.Mankind.S03E02.1080p.WEBRip.x265-RARBG.mp4,3,2,7772588,
561,540,1080,2,95,76,215,95,2280,0.004,7.91429306473583,18192,/home/amos/media/tv/For.All.Mankind.S01-S03.1080p.WEBRip.x265-RARBG/For.All.Mankind.S03.1080p.WEBRip.x265-RARBG/For.All.Mankind.S03E02.1080p.WEBRip.x265-RARBG.mp4,3,2,7772588,
562,540,1080,0,71,106,865,71,27790,0.048,4.338869138795417,18216,/home/amos/media/tv/For.All.Mankind.S01-S03.1080p.WEBRip.x265-RARBG/For.All.Mankind.S03.1080p.WEBRip.x265-RARBG/For.All.Mankind.S03E02.1080p.WEBRip.x265-RARBG.mp4,3,2,7772588,
563,540,1080,1,96,71,771,96,16875,0.029,5.677737033052836,18216,/home/amos/media/tv/For.All.Mankind.S01-S03.1080p.WEBRip.x265-RARBG/For.All.Mankind.S03.1080p.WEBRip.x265-RARBG/For.All.Mankind.S03E02.1080p.WEBRip.x265-RARBG.mp4,3,2,7772588,
564,540,1080,2,79,135,627,79,30688,0.053,7.0149820445803925,18216,/home/amos/media/tv/For.All.Mankind.S01-S03.1080p.WEBRip.x265-RARBG/For.All.Mankind.S03.1080p.WEBRip.x265-RARBG/For.All.Mankind.S03E02.1080p.WEBRip.x265-RARBG.mp4,3,2,7772588,
565,540,1080,3,91,107,113,91,352,0.001,6.883559013193008,18216,/home/amos/media/tv/For.All.Mankind.S01-S03.1080p.WEBRip.x265-RARBG/For.All.Mankind.S03.1080p.WEBRip.x265-RARBG/For.All.Mankind.S03E02.1080p.WEBRip.x265-RARBG.mp4,3,2,7772588,
566,540,1080,0,63,106,602,63,23177,0.04,7.663879191153683,18240,/home/amos/media/tv/For.All.Mankind.S01-S03.1080p.WEBRip.x265-RARBG/For.All.Mankind.S03.1080p.WEBRip.x265-RARBG/For.All.Mankind.S03E02.1080p.WEBRip.x265-RARBG.mp4,3,2,7772588,
567,540,1080,1,64,199,837,64,104355,0.179,9.484365017560776,18240,/home/amos/media/tv/For.All.Mankind.S01-S03.1080p.WEBRip.x265-RARBG/For.All.Mankind.S03.1080p.WEBRip.x265-RARBG/For.All.Mankind.S03E02.1080p.WEBRip.x265-RARBG.mp4,3,2,7772588,
568,540,1080,0,63,103,611,63,21920,0.038,6.2548691350384615,18264,/home/amos/media/tv/For.All.Mankind.S01-S03.1080p.WEBRip.x265-RARBG/For.All.Mankind.S03.1080p.WEBRip.x265-RARBG/For.All.Mankind.S03E02.1080p.WEBRip.x265-RARBG.mp4,3,2,7772588,
569,540,1080,1,67,196,845,67,100362,0.172,8.554458023456391,18264,/home/amos/media/tv/For.All.Mankind.S01-S03.1080p.WEBRip.x265-RARBG/For.All.Mankind.S03.1080p.WEBRip.x265-RARBG/For.All.Mankind.S03E02.1080p.WEBRip.x265-RARBG.mp4,3,2,7772588,
570,540,1080,0,233,149,560,233,27468,0.047,8.038673058501445,18288,/home/amos/media/tv/For.All.Mankind.S01-S03.1080p.WEBRip.x265-RARBG/For.All.Mankind.S03.1080p.WEBRip.x265-RARBG/For.All.Mankind.S03E02.1080p.WEBRip.x265-RARBG.mp4,3,2,7772588,
571,540,1080,0,244,115,518,244,35346,0.061,9.4540920080035,18312,/home/amos/media/tv/For.All.Mankind.S01-S03.1080p.WEBRip.x265-RARBG/For.All.Mankind.S03.1080p.WEBRip.x265-RARBG/For.All.Mankind.S03E02.1080p.WEBRip.x265-RARBG.mp4,3,2,7772588,
572,540,1080,0,244,136,536,244,31536,0.054,8.199410043132957,18336,/home/amos/media/tv/For.All.Mankind.S01-S03.1080p.WEBRip.x265-RARBG/For.All.Mankind.S03.1080p.WEBRip.x265-RARBG/For.All.Mankind.S03E02.1080p.WEBRip.x265-RARBG.mp4,3,2,7772588,
573,540,1080,0,284,39,390,284,25970,0.045,3.8175371663528495,18384,/home/amos/media/tv/For.All.Mankind.S01-S03.1080p.WEBRip.x265-RARBG/For.All.Mankind.S03.1080p.WEBRip.x265-RARBG/For.All.Mankind.S03E02.1080p.WEBRip.x265-RARBG.mp4,3,2,7772588,
574,540,1080,0,88,126,602,88,19532,0.033,9.420200066582764,18528,/home/amos/media/tv/For.All.Mankind.S01-S03.1080p.WEBRip.x265-RARBG/For.All.Mankind.S03.1080p.WEBRip.x265-RARBG/For.All.Mankind.S03E02.1080p.WEBRip.x265-RARBG.mp4,3,2,7772588,
575,540,1080,0,87,128,600,87,21033,0.036,9.093500057177152,18552,/home/amos/media/tv/For.All.Mankind.S01-S03.1080p.WEBRip.x265-RARBG/For.All.Mankind.S03.1080p.WEBRip.x265-RARBG/For.All.Mankind.S03E02.1080p.WEBRip.x265-RARBG.mp4,3,2,7772588,
576,540,1080,0,43,120,385,43,26334,0.045,4.89773704711115,18648,/home/amos/media/tv/For.All.Mankind.S01-S03.1080p.WEBRip.x265-RARBG/For.All.Mankind.S03.1080p.WEBRip.x265-RARBG/For.All.Mankind.S03E02.1080p.WEBRip.x265-RARBG.mp4,3,2,7772588,
577,540,1080,0,56,100,324,56,11792,0.02,3.136496092367452,18672,/home/amos/media/tv/For.All.Mankind.S01-S03.1080p.WEBRip.x265-RARBG/For.All.Mankind.S03.1080p.WEBRip.x265-RARBG/For.All.Mankind.S03E02.1080p.WEBRip.x265-RARBG.mp4,3,2,7772588,
578,540,1080,0,57,101,711,57,28776,0.049,5.784080099663697,18840,/home/amos/media/tv/For.All.Mankind.S01-S03.1080p.WEBRip.x265-RARBG/For.All.Mankind.S03.1080p.WEBRip.x265-RARBG/For.All.Mankind.S03E02.1080p.WEBRip.x265-RARBG.mp4,3,2,7772588,
579,540,1080,0,59,94,750,59,24185,0.041,5.850242089887615,18864,/home/amos/media/tv/For.All.Mankind.S01-S03.1080p.WEBRip.x265-RARBG/For.All.Mankind.S03.1080p.WEBRip.x265-RARBG/For.All.Mankind.S03E02.1080p.WEBRip.x265-RARBG.mp4,3,2,7772588,
580,540,1080,0,65,83,735,65,12060,0.021,4.741076095902827,18888,/home/amos/media/tv/For.All.Mankind.S01-S03.1080p.WEBRip.x265-RARBG/For.All.Mankind.S03.1080p.WEBRip.x265-RARBG/For.All.Mankind.S03E02.1080p.WEBRip.x265-RARBG.mp4,3,2,7772588,
581,540,1080,0,47,188,560,47,72333,0.124,9.336281043419149,18936,/home/amos/media/tv/For.All.Mankind.S01-S03.1080p.WEBRip.x265-RARBG/For.All.Mankind.S03.1080p.WEBRip.x265-RARBG/For.All.Mankind.S03E02.1080p.WEBRip.x265-RARBG.mp4,3,2,7772588,
582,540,1080,0,50,187,558,50,69596,0.119,8.141744983906392,18960,/home/amos/media/tv/For.All.Mankind.S01-S03.1080p.WEBRip.x265-RARBG/For.All.Mankind.S03.1080p.WEBRip.x265-RARBG/For.All.Mankind.S03E02.1080p.WEBRip.x265-RARBG.mp4,3,2,7772588,
583,540,1080,0,43,109,486,43,29238,0.05,5.369080085831229,19080,/home/amos/media/tv/For.All.Mankind.S01-S03.1080p.WEBRip.x265-RARBG/For.All.Mankind.S03.1080p.WEBRip.x265-RARBG/For.All.Mankind.S03E02.1080p.WEBRip.x265-RARBG.mp4,3,2,7772588,
584,540,1080,0,32,121,857,32,73425,0.126,4.146120024670381,19296,/home/amos/media/tv/For.All.Mankind.S01-S03.1080p.WEBRip.x265-RARBG/For.All.Mankind.S03.1080p.WEBRip.x265-RARBG/For.All.Mankind.S03E02.1080p.WEBRip.x265-RARBG.mp4,3,2,7772588,
585,540,1080,1,360,38,459,360,31878,0.055,5.311150116322096,19296,/home/amos/media/tv/For.All.Mankind.S01-S03.1080p.WEBRip.x265-RARBG/For.All.Mankind.S03.1080p.WEBRip.x265-RARBG/For.All.Mankind.S03E02.1080p.WEBRip.x265-RARBG.mp4,3,2,7772588,
586,540,1080,0,78,65,472,78,5122,0.009,9.65619516337756,19368,/home/amos/media/tv/For.All.Mankind.S01-S03.1080p.WEBRip.x265-RARBG/For.All.Mankind.S03.1080p.WEBRip.x265-RARBG/For.All.Mankind.S03E02.1080p.WEBRip.x265-RARBG.mp4,3,2,7772588,
587,540,1080,0,78,62,465,78,6192,0.011,9.67037910752697,19392,/home/amos/media/tv/For.All.Mankind.S01-S03.1080p.WEBRip.x265-RARBG/For.All.Mankind.S03.1080p.WEBRip.x265-RARBG/For.All.Mankind.S03E02.1080p.WEBRip.x265-RARBG.mp4,3,2,7772588,
588,540,1080,0,80,61,461,80,7239,0.012,8.806744197790977,19416,/home/amos/media/tv/For.All.Mankind.S01-S03.1080p.WEBRip.x265-RARBG/For.All.Mankind.S03.1080p.WEBRip.x265-RARBG/For.All.Mankind.S03E02.1080p.WEBRip.x265-RARBG.mp4,3,2,7772588,
589,540,1080,0,78,63,456,78,5670,0.01,9.10735507280333,19440,/home/amos/media/tv/For.All.Mankind.S01-S03.1080p.WEBRip.x265-RARBG/For.All.Mankind.S03.1080p.WEBRip.x265-RARBG/For.All.Mankind.S03E02.1080p.WEBRip.x265-RARBG.mp4,3,2,7772588,
590,540,1080,0,80,64,460,80,6080,0.01,9.254655134340284,19464,/home/amos/media/tv/For.All.Mankind.S01-S03.1080p.WEBRip.x265-RARBG/For.All.Mankind.S03.1080p.WEBRip.x265-RARBG/For.All.Mankind.S03E02.1080p.WEBRip.x265-RARBG.mp4,3,2,7772588,
591,540,1080,0,179,94,652,179,40205,0.069,5.544753070222214,19584,/home/amos/media/tv/For.All.Mankind.S01-S03.1080p.WEBRip.x265-RARBG/For.All.Mankind.S03.1080p.WEBRip.x265-RARBG/For.All.Mankind.S03E02.1080p.WEBRip.x265-RARBG.mp4,3,2,7772588,
592,540,1080,0,186,120,629,186,29238,0.05,4.229995988367591,19608,/home/amos/media/tv/For.All.Mankind.S01-S03.1080p.WEBRip.x265-RARBG/For.All.Mankind.S03.1080p.WEBRip.x265-RARBG/For.All.Mankind.S03E02.1080p.WEBRip.x265-RARBG.mp4,3,2,7772588,
593,540,1080,0,209,62,598,209,57183,0.098,9.337874134420415,19632,/home/amos/media/tv/For.All.Mankind.S01-S03.1080p.WEBRip.x265-RARBG/For.All.Mankind.S03.1080p.WEBRip.x265-RARBG/For.All.Mankind.S03E02.1080p.WEBRip.x265-RARBG.mp4,3,2,7772588,
594,540,1080,0,233,75,306,233,11534,0.02,8.33353903022362,19656,/home/amos/media/tv/For.All.Mankind.S01-S03.1080p.WEBRip.x265-RARBG/For.All.Mankind.S03.1080p.WEBRip.x265-RARBG/For.All.Mankind.S03E02.1080p.WEBRip.x265-RARBG.mp4,3,2,7772588,
595,540,1080,0,228,89,309,228,11259,0.019,5.7362730975146405,19680,/home/amos/media/tv/For.All.Mankind.S01-S03.1080p.WEBRip.x265-RARBG/For.All.Mankind.S03.1080p.WEBRip.x265-RARBG/For.All.Mankind.S03E02.1080p.WEBRip.x265-RARBG.mp4,3,2,7772588,
596,540,1080,0,228,91,284,228,7672,0.013,4.312098125403281,19704,/home/amos/media/tv/For.All.Mankind.S01-S03.1080p.WEBRip.x265-RARBG/For.All.Mankind.S03.1080p.WEBRip.x265-RARBG/For.All.Mankind.S03E02.1080p.WEBRip.x265-RARBG.mp4,3,2,7772588,
597,540,1080,0,238,119,160,238,9282,0.016,6.743910092511214,19728,/home/amos/media/tv/For.All.Mankind.S01-S03.1080p.WEBRip.x265-RARBG/For.All.Mankind.S03.1080p.WEBRip.x265-RARBG/For.All.Mankind.S03E02.1080p.WEBRip.x265-RARBG.mp4,3,2,7772588,
598,540,1080,1,226,117,240,226,1526,0.003,3.764677052560728,19728,/home/amos/media/tv/For.All.Mankind.S01-S03.1080p.WEBRip.x265-RARBG/For.All.Mankind.S03.1080p.WEBRip.x265-RARBG/For.All.Mankind.S03E02.1080p.WEBRip.x265-RARBG.mp4,3,2,7772588,
599,540,1080,0,195,128,402,195,13869,0.024,7.259962005948182,19776,/home/amos/media/tv/For.All.Mankind.S01-S03.1080p.WEBRip.x265-RARBG/For.All.Mankind.S03.1080p.WEBRip.x265-RARBG/For.All.Mankind.S03E02.1080p.WEBRip.x265-RARBG.mp4,3,2,7772588,
600,540,1080,0,40,108,760,40,48960,0.084,5.282574994780589,19896,/home/amos/media/tv/For.All.Mankind.S01-S03.1080p.WEBRip.x265-RARBG/For.All.Mankind.S03.1080p.WEBRip.x265-RARBG/For.All.Mankind.S03E02.1080p.WEBRip.x265-RARBG.mp4,3,2,7772588,
601,540,1080,0,42,111,787,42,51405,0.088,3.4795191703015007,19920,/home/amos/media/tv/For.All.Mankind.S01-S03.1080p.WEBRip.x265-RARBG/For.All.Mankind.S03.1080p.WEBRip.x265-RARBG/For.All.Mankind.S03E02.1080p.WEBRip.x265-RARBG.mp4,3,2,7772588,
602,540,1080,0,37,109,770,37,52776,0.09,4.812206139613409,19944,/home/amos/media/tv/For.All.Mankind.S01-S03.1080p.WEBRip.x265-RARBG/For.All.Mankind.S03.1080p.WEBRip.x265-RARBG/For.All.Mankind.S03E02.1080p.WEBRip.x265-RARBG.mp4,3,2,7772588,
603,540,1080,0,42,108,775,42,48378,0.083,6.454864103521686,19968,/home/amos/media/tv/For.All.Mankind.S01-S03.1080p.WEBRip.x265-RARBG/For.All.Mankind.S03.1080p.WEBRip.x265-RARBG/For.All.Mankind.S03E02.1080p.WEBRip.x265-RARBG.mp4,3,2,7772588,
604,540,1080,0,213,130,284,213,5893,0.01,6.707403091597371,19992,/home/amos/media/tv/For.All.Mankind.S01-S03.1080p.WEBRip.x265-RARBG/For.All.Mankind.S03.1080p.WEBRip.x265-RARBG/For.All.Mankind.S03E02.1080p.WEBRip.x265-RARBG.mp4,3,2,7772588,
605,540,1080,0,241,81,311,241,11200,0.019,6.672883900464512,20016,/home/amos/media/tv/For.All.Mankind.S01-S03.1080p.WEBRip.x265-RARBG/For.All.Mankind.S03.1080p.WEBRip.x265-RARBG/For.All.Mankind.S03E02.1080p.WEBRip.x265-RARBG.mp4,3,2,7772588,
606,540,1080,0,217,93,288,217,8804,0.015,9.658894015825354,20040,/home/amos/media/tv/For.All.Mankind.S01-S03.1080p.WEBRip.x265-RARBG/For.All.Mankind.S03.1080p.WEBRip.x265-RARBG/For.All.Mankind.S03E02.1080p.WEBRip.x265-RARBG.mp4,3,2,7772588,
607,540,1080,0,234,95,252,234,2502,0.004,10.799365989340004,20064,/home/amos/media/tv/For.All.Mankind.S01-S03.1080p.WEBRip.x265-RARBG/For.All.Mankind.S03.1080p.WEBRip.x265-RARBG/For.All.Mankind.S03E02.1080p.WEBRip.x265-RARBG.mp4,3,2,7772588,
608,540,1080,0,234,97,249,234,2055,0.004,8.846083073527552,20088,/home/amos/media/tv/For.All.Mankind.S01-S03.1080p.WEBRip.x265-RARBG/For.All.Mankind.S03.1080p.WEBRip.x265-RARBG/For.All.Mankind.S03E02.1080p.WEBRip.x265-RARBG.mp4,3,2,7772588,
609,540,1080,0,214,121,216,214,186,0.0,7.831326077401172,20112,/home/amos/media/tv/For.All.Mankind.S01-S03.1080p.WEBRip.x265-RARBG/For.All.Mankind.S03.1080p.WEBRip.x265-RARBG/For.All.Mankind.S03E02.1080p.WEBRip.x265-RARBG.mp4,3,2,7772588,
610,540,1080,0,211,124,225,211,1218,0.002,7.305574052676093,20136,/home/amos/media/tv/For.All.Mankind.S01-S03.1080p.WEBRip.x265-RARBG/For.All.Mankind.S03.1080p.WEBRip.x265-RARBG/For.All.Mankind.S03E02.1080p.WEBRip.x265-RARBG.mp4,3,2,7772588,
611,540,1080,0,227,88,258,227,4309,0.007,10.61114401993109,20160,/home/amos/media/tv/For.All.Mankind.S01-S03.1080p.WEBRip.x265-RARBG/For.All.Mankind.S03.1080p.WEBRip.x265-RARBG/For.All.Mankind.S03E02.1080p.WEBRip.x265-RARBG.mp4,3,2,7772588,
612,540,1080,0,222,93,255,222,4257,0.007,9.47535509581212,20184,/home/amos/media/tv/For.All.Mankind.S01-S03.1080p.WEBRip.x265-RARBG/For.All.Mankind.S03.1080p.WEBRip.x265-RARBG/For.All.Mankind.S03E02.1080p.WEBRip.x265-RARBG.mp4,3,2,7772588,
613,540,1080,0,79,101,731,79,14344,0.025,4.696126972849015,20352,/home/amos/media/tv/For.All.Mankind.S01-S03.1080p.WEBRip.x265-RARBG/For.All.Mankind.S03.1080p.WEBRip.x265-RARBG/For.All.Mankind.S03E02.1080p.WEBRip.x265-RARBG.mp4,3,2,7772588,
614,540,1080,0,82,94,739,82,7884,0.014,3.3932451281580143,20376,/home/amos/media/tv/For.All.Mankind.S01-S03.1080p.WEBRip.x265-RARBG/For.All.Mankind.S03.1080p.WEBRip.x265-RARBG/For.All.Mankind.S03E02.1080p.WEBRip.x265-RARBG.mp4,3,2,7772588,
615,540,1080,0,79,90,669,79,6490,0.011,9.65311411296716,20400,/home/amos/media/tv/For.All.Mankind.S01-S03.1080p.WEBRip.x265-RARBG/For.All.Mankind.S03.1080p.WEBRip.x265-RARBG/For.All.Mankind.S03E02.1080p.WEBRip.x265-RARBG.mp4,3,2,7772588,
616,540,1080,1,70,305,694,70,146640,0.251,2.7548740340280347,20400,/home/amos/media/tv/For.All.Mankind.S01-S03.1080p.WEBRip.x265-RARBG/For.All.Mankind.S03.1080p.WEBRip.x265-RARBG/For.All.Mankind.S03E02.1080p.WEBRip.x265-RARBG.mp4,3,2,7772588,
617,540,1080,0,78,90,717,78,7668,0.013,10.127555143495556,20424,/home/amos/media/tv/For.All.Mankind.S01-S03.1080p.WEBRip.x265-RARBG/For.All.Mankind.S03.1080p.WEBRip.x265-RARBG/For.All.Mankind.S03E02.1080p.WEBRip.x265-RARBG.mp4,3,2,7772588,
618,540,1080,1,67,308,736,67,161229,0.276,1.7639799932367168,20424,/home/amos/media/tv/For.All.Mankind.S01-S03.1080p.WEBRip.x265-RARBG/For.All.Mankind.S03.1080p.WEBRip.x265-RARBG/For.All.Mankind.S03E02.1080p.WEBRip.x265-RARBG.mp4,3,2,7772588,
619,540,1080,0,182,96,467,182,24510,0.042,5.322788092482369,20448,/home/amos/media/tv/For.All.Mankind.S01-S03.1080p.WEBRip.x265-RARBG/For.All.Mankind.S03.1080p.WEBRip.x265-RARBG/For.All.Mankind.S03E02.1080p.WEBRip.x265-RARBG.mp4,3,2,7772588,
620,540,1080,0,30,130,879,30,84900,0.146,8.848930966749322,20616,/home/amos/media/tv/For.All.Mankind.S01-S03.1080p.WEBRip.x265-RARBG/For.All.Mankind.S03.1080p.WEBRip.x265-RARBG/For.All.Mankind.S03E02.1080p.WEBRip.x265-RARBG.mp4,3,2,7772588,
621,540,1080,0,33,125,838,33,74060,0.127,8.382388043159153,20640,/home/amos/media/tv/For.All.Mankind.S01-S03.1080p.WEBRip.x265-RARBG/For.All.Mankind.S03.1080p.WEBRip.x265-RARBG/For.All.Mankind.S03E02.1080p.WEBRip.x265-RARBG.mp4,3,2,7772588,
622,540,1080,0,31,122,823,31,72072,0.124,4.247800133598503,20712,/home/amos/media/tv/For.All.Mankind.S01-S03.1080p.WEBRip.x265-RARBG/For.All.Mankind.S03.1080p.WEBRip.x265-RARBG/For.All.Mankind.S03E02.1080p.WEBRip.x265-RARBG.mp4,3,2,7772588,
623,540,1080,0,98,58,425,98,13080,0.022,8.754436062765308,20736,/home/amos/media/tv/For.All.Mankind.S01-S03.1080p.WEBRip.x265-RARBG/For.All.Mankind.S03.1080p.WEBRip.x265-RARBG/For.All.Mankind.S03E02.1080p.WEBRip.x265-RARBG.mp4,3,2,7772588,
624,540,1080,0,99,55,420,99,14124,0.024,10.134072046435904,20760,/home/amos/media/tv/For.All.Mankind.S01-S03.1080p.WEBRip.x265-RARBG/For.All.Mankind.S03.1080p.WEBRip.x265-RARBG/For.All.Mankind.S03E02.1080p.WEBRip.x265-RARBG.mp4,3,2,7772588,
625,540,1080,0,103,55,419,103,15168,0.026,12.447538071020972,20784,/home/amos/media/tv/For.All.Mankind.S01-S03.1080p.WEBRip.x265-RARBG/For.All.Mankind.S03.1080p.WEBRip.x265-RARBG/For.All.Mankind.S03E02.1080p.WEBRip.x265-RARBG.mp4,3,2,7772588,
626,540,1080,0,103,56,418,103,14805,0.025,10.178428078477737,20808,/home/amos/media/tv/For.All.Mankind.S01-S03.1080p.WEBRip.x265-RARBG/For.All.Mankind.S03.1080p.WEBRip.x265-RARBG/For.All.Mankind.S03E02.1080p.WEBRip.x265-RARBG.mp4,3,2,7772588,
627,540,1080,0,98,63,421,98,11305,0.019,13.918775128549896,20832,/home/amos/media/tv/For.All.Mankind.S01-S03.1080p.WEBRip.x265-RARBG/For.All.Mankind.S03.1080p.WEBRip.x265-RARBG/For.All.Mankind.S03E02.1080p.WEBRip.x265-RARBG.mp4,3,2,7772588,
628,540,1080,0,98,65,422,98,10692,0.018,11.695500114117747,20856,/home/amos/media/tv/For.All.Mankind.S01-S03.1080p.WEBRip.x265-RARBG/For.All.Mankind.S03.1080p.WEBRip.x265-RARBG/For.All.Mankind.S03E02.1080p.WEBRip.x265-RARBG.mp4,3,2,7772588,
629,540,1080,0,98,64,419,98,10914,0.019,10.500219070760068,20880,/home/amos/media/tv/For.All.Mankind.S01-S03.1080p.WEBRip.x265-RARBG/For.All.Mankind.S03.1080p.WEBRip.x265-RARBG/For.All.Mankind.S03E02.1080p.WEBRip.x265-RARBG.mp4,3,2,7772588,
630,540,1080,0,103,60,413,103,13330,0.023,13.41862704011146,20904,/home/amos/media/tv/For.All.Mankind.S01-S03.1080p.WEBRip.x265-RARBG/For.All.Mankind.S03.1080p.WEBRip.x265-RARBG/For.All.Mankind.S03E02.1080p.WEBRip.x265-RARBG.mp4,3,2,7772588,
631,540,1080,0,95,73,732,95,14014,0.024,7.866599046334159,20928,/home/amos/media/tv/For.All.Mankind.S01-S03.1080p.WEBRip.x265-RARBG/For.All.Mankind.S03.1080p.WEBRip.x265-RARBG/For.All.Mankind.S03E02.1080p.WEBRip.x265-RARBG.mp4,3,2,7772588,
632,540,1080,0,94,75,727,94,12027,0.021,9.359037069312762,20952,/home/amos/media/tv/For.All.Mankind.S01-S03.1080p.WEBRip.x265-RARBG/For.All.Mankind.S03.1080p.WEBRip.x265-RARBG/For.All.Mankind.S03E02.1080p.WEBRip.x265-RARBG.mp4,3,2,7772588,
633,540,1080,0,94,74,726,94,12640,0.022,7.5656110946438275,20976,/home/amos/media/tv/For.All.Mankind.S01-S03.1080p.WEBRip.x265-RARBG/For.All.Mankind.S03.1080p.WEBRip.x265-RARBG/For.All.Mankind.S03E02.1080p.WEBRip.x265-RARBG.mp4,3,2,7772588,
634,540,1080,0,95,73,725,95,13860,0.024,8.283315012871753,21000,/home/amos/media/tv/For.All.Mankind.S01-S03.1080p.WEBRip.x265-RARBG/For.All.Mankind.S03.1080p.WEBRip.x265-RARBG/For.All.Mankind.S03E02.1080p.WEBRip.x265-RARBG.mp4,3,2,7772588,
635,540,1080,0,95,77,719,95,11232,0.019,9.597284098679664,21024,/home/amos/media/tv/For.All.Mankind.S01-S03.1080p.WEBRip.x265-RARBG/For.All.Mankind.S03.1080p.WEBRip.x265-RARBG/For.All.Mankind.S03E02.1080p.WEBRip.x265-RARBG.mp4,3,2,7772588,
636,540,1080,0,109,55,393,109,15336,0.026,11.91799902135972,21048,/home/amos/media/tv/For.All.Mankind.S01-S03.1080p.WEBRip.x265-RARBG/For.All.Mankind.S03.1080p.WEBRip.x265-RARBG/For.All.Mankind.S03E02.1080p.WEBRip.x265-RARBG.mp4,3,2,7772588,
637,540,1080,0,111,53,387,111,16008,0.027,12.98902608611388,21072,/home/amos/media/tv/For.All.Mankind.S01-S03.1080p.WEBRip.x265-RARBG/For.All.Mankind.S03.1080p.WEBRip.x265-RARBG/For.All.Mankind.S03E02.1080p.WEBRip.x265-RARBG.mp4,3,2,7772588,
638,540,1080,0,113,52,382,113,16409,0.028,12.31669307820266,21096,/home/amos/media/tv/For.All.Mankind.S01-S03.1080p.WEBRip.x265-RARBG/For.All.Mankind.S03.1080p.WEBRip.x265-RARBG/For.All.Mankind.S03E02.1080p.WEBRip.x265-RARBG.mp4,3,2,7772588,
639,540,1080,0,114,52,377,114,16306,0.028,11.639806055871304,21120,/home/amos/media/tv/For.All.Mankind.S01-S03.1080p.WEBRip.x265-RARBG/For.All.Mankind.S03.1080p.WEBRip.x265-RARBG/For.All.Mankind.S03E02.1080p.WEBRip.x265-RARBG.mp4,3,2,7772588,
640,540,1080,0,114,54,374,114,15600,0.027,10.277243970602283,21144,/home/amos/media/tv/For.All.Mankind.S01-S03.1080p.WEBRip.x265-RARBG/For.All.Mankind.S03.1080p.WEBRip.x265-RARBG/For.All.Mankind.S03E02.1080p.WEBRip.x265-RARBG.mp4,3,2,7772588,
641,540,1080,0,120,59,368,120,15128,0.026,5.980291104584467,21168,/home/amos/media/tv/For.All.Mankind.S01-S03.1080p.WEBRip.x265-RARBG/For.All.Mankind.S03.1080p.WEBRip.x265-RARBG/For.All.Mankind.S03E02.1080p.WEBRip.x265-RARBG.mp4,3,2,7772588,
642,540,1080,0,121,61,321,121,12000,0.021,4.228923081071116,21192,/home/amos/media/tv/For.All.Mankind.S01-S03.1080p.WEBRip.x265-RARBG/For.All.Mankind.S03.1080p.WEBRip.x265-RARBG/For.All.Mankind.S03E02.1080p.WEBRip.x265-RARBG.mp4,3,2,7772588,
643,540,1080,0,123,49,361,123,17612,0.03,11.401002115919256,21216,/home/amos/media/tv/For.All.Mankind.S01-S03.1080p.WEBRip.x265-RARBG/For.All.Mankind.S03.1080p.WEBRip.x265-RARBG/For.All.Mankind.S03E02.1080p.WEBRip.x265-RARBG.mp4,3,2,7772588,
644,540,1080,0,122,58,365,122,15552,0.027,9.452849061635789,21240,/home/amos/media/tv/For.All.Mankind.S01-S03.1080p.WEBRip.x265-RARBG/For.All.Mankind.S03.1080p.WEBRip.x265-RARBG/For.All.Mankind.S03E02.1080p.WEBRip.x265-RARBG.mp4,3,2,7772588,
645,540,1080,0,261,85,488,261,39952,0.069,7.980005121266004,21264,/home/amos/media/tv/For.All.Mankind.S01-S03.1080p.WEBRip.x265-RARBG/For.All.Mankind.S03.1080p.WEBRip.x265-RARBG/For.All.Mankind.S03E02.1080p.WEBRip.x265-RARBG.mp4,3,2,7772588,
646,540,1080,0,220,177,453,220,10019,0.017,6.175644092319999,21288,/home/amos/media/tv/For.All.Mankind.S01-S03.1080p.WEBRip.x265-RARBG/For.All.Mankind.S03.1080p.WEBRip.x265-RARBG/For.All.Mankind.S03E02.1080p.WEBRip.x265-RARBG.mp4,3,2,7772588,
647,540,1080,0,87,121,404,87,10778,0.018,9.581998999870848,21600,/home/amos/media/tv/For.All.Mankind.S01-S03.1080p.WEBRip.x265-RARBG/For.All.Mankind.S03.1080p.WEBRip.x265-RARBG/For.All.Mankind.S03E02.1080p.WEBRip.x265-RARBG.mp4,3,2,7772588,
648,540,1080,0,86,129,435,86,15007,0.026,11.263033992319832,21624,/home/amos/media/tv/For.All.Mankind.S01-S03.1080p.WEBRip.x265-RARBG/For.All.Mankind.S03.1080p.WEBRip.x265-RARBG/For.All.Mankind.S03E02.1080p.WEBRip.x265-RARBG.mp4,3,2,7772588,
649,540,1080,0,148,84,551,148,25792,0.044,4.444129040755797,21648,/home/amos/media/tv/For.All.Mankind.S01-S03.1080p.WEBRip.x265-RARBG/For.All.Mankind.S03.1080p.WEBRip.x265-RARBG/For.All.Mankind.S03E02.1080p.WEBRip.x265-RARBG.mp4,3,2,7772588,
650,540,1080,0,223,126,122,223,9797,0.017,8.774547118810005,21672,/home/amos/media/tv/For.All.Mankind.S01-S03.1080p.WEBRip.x265-RARBG/For.All.Mankind.S03.1080p.WEBRip.x265-RARBG/For.All.Mankind.S03E02.1080p.WEBRip.x265-RARBG.mp4,3,2,7772588,
651,540,1080,0,214,135,101,214,8927,0.015,9.14854608674068,21696,/home/amos/media/tv/For.All.Mankind.S01-S03.1080p.WEBRip.x265-RARBG/For.All.Mankind.S03.1080p.WEBRip.x265-RARBG/For.All.Mankind.S03E02.1080p.WEBRip.x265-RARBG.mp4,3,2,7772588,
652,540,1080,0,212,134,103,212,8502,0.015,7.641125084948726,21720,/home/amos/media/tv/For.All.Mankind.S01-S03.1080p.WEBRip.x265-RARBG/For.All.Mankind.S03.1080p.WEBRip.x265-RARBG/For.All.Mankind.S03E02.1080p.WEBRip.x265-RARBG.mp4,3,2,7772588,
653,540,1080,0,214,130,91,214,10332,0.018,8.362404066312592,21744,/home/amos/media/tv/For.All.Mankind.S01-S03.1080p.WEBRip.x265-RARBG/For.All.Mankind.S03.1080p.WEBRip.x265-RARBG/For.All.Mankind.S03E02.1080p.WEBRip.x265-RARBG.mp4,3,2,7772588,
654,540,1080,0,205,121,95,205,9240,0.016,7.550673106161412,21768,/home/amos/media/tv/For.All.Mankind.S01-S03.1080p.WEBRip.x265-RARBG/For.All.Mankind.S03.1080p.WEBRip.x265-RARBG/For.All.Mankind.S03E02.1080p.WEBRip.x265-RARBG.mp4,3,2,7772588,
655,540,1080,0,231,63,302,231,11928,0.02,7.486004125268664,21792,/home/amos/media/tv/For.All.Mankind.S01-S03.1080p.WEBRip.x265-RARBG/For.All.Mankind.S03.1080p.WEBRip.x265-RARBG/For.All.Mankind.S03E02.1080p.WEBRip.x265-RARBG.mp4,3,2,7772588,
656,540,1080,0,252,88,518,252,43624,0.075,3.764440047962125,21816,/home/amos/media/tv/For.All.Mankind.S01-S03.1080p.WEBRip.x265-RARBG/For.All.Mankind.S03.1080p.WEBRip.x265-RARBG/For.All.Mankind.S03E02.1080p.WEBRip.x265-RARBG.mp4,3,2,7772588,
657,540,1080,0,219,90,407,219,24252,0.042,11.54763607372297,21840,/home/amos/media/tv/For.All.Mankind.S01-S03.1080p.WEBRip.x265-RARBG/For.All.Mankind.S03.1080p.WEBRip.x265-RARBG/For.All.Mankind.S03E02.1080p.WEBRip.x265-RARBG.mp4,3,2,7772588,
658,540,1080,0,217,101,428,217,24476,0.042,9.786205032549333,21936,/home/amos/media/tv/For.All.Mankind.S01-S03.1080p.WEBRip.x265-RARBG/For.All.Mankind.S03.1080p.WEBRip.x265-RARBG/For.All.Mankind.S03E02.1080p.WEBRip.x265-RARBG.mp4,3,2,7772588,
659,540,1080,0,216,104,438,216,24864,0.043,9.039860082266388,21960,/home/amos/media/tv/For.All.Mankind.S01-S03.1080p.WEBRip.x265-RARBG/For.All.Mankind.S03.1080p.WEBRip.x265-RARBG/For.All.Mankind.S03E02.1080p.WEBRip.x265-RARBG.mp4,3,2,7772588,
660,540,1080,0,191,118,507,191,23068,0.04,6.263561074971221,21984,/home/amos/media/tv/For.All.Mankind.S01-S03.1080p.WEBRip.x265-RARBG/For.All.Mankind.S03.1080p.WEBRip.x265-RARBG/For.All.Mankind.S03E02.1080p.WEBRip.x265-RARBG.mp4,3,2,7772588,
661,540,1080,0,195,116,506,195,24569,0.042,7.8358960577170365,22008,/home/amos/media/tv/For.All.Mankind.S01-S03.1080p.WEBRip.x265-RARBG/For.All.Mankind.S03.1080p.WEBRip.x265-RARBG/For.All.Mankind.S03E02.1080p.WEBRip.x265-RARBG.mp4,3,2,7772588,
662,540,1080,0,255,99,380,255,19500,0.033,5.924917132069822,22152,/home/amos/media/tv/For.All.Mankind.S01-S03.1080p.WEBRip.x265-RARBG/For.All.Mankind.S03.1080p.WEBRip.x265-RARBG/For.All.Mankind.S03E02.1080p.WEBRip.x265-RARBG.mp4,3,2,7772588,
663,540,1080,0,239,71,459,239,36960,0.063,6.912773092626594,22200,/home/amos/media/tv/For.All.Mankind.S01-S03.1080p.WEBRip.x265-RARBG/For.All.Mankind.S03.1080p.WEBRip.x265-RARBG/For.All.Mankind.S03E02.1080p.WEBRip.x265-RARBG.mp4,3,2,7772588,
664,540,1080,0,236,73,481,236,39935,0.068,11.733008000650443,22224,/home/amos/media/tv/For.All.Mankind.S01-S03.1080p.WEBRip.x265-RARBG/For.All.Mankind.S03.1080p.WEBRip.x265-RARBG/For.All.Mankind.S03E02.1080p.WEBRip.x265-RARBG.mp4,3,2,7772588,
665,540,1080,0,237,73,451,237,35096,0.06,7.46610402117949,22248,/home/amos/media/tv/For.All.Mankind.S01-S03.1080p.WEBRip.x265-RARBG/For.All.Mankind.S03.1080p.WEBRip.x265-RARBG/For.All.Mankind.S03E02.1080p.WEBRip.x265-RARBG.mp4,3,2,7772588,
666,540,1080,0,237,83,379,237,21868,0.037,8.973371039784979,22272,/home/amos/media/tv/For.All.Mankind.S01-S03.1080p.WEBRip.x265-RARBG/For.All.Mankind.S03.1080p.WEBRip.x265-RARBG/For.All.Mankind.S03E02.1080p.WEBRip.x265-RARBG.mp4,3,2,7772588,
667,540,1080,0,90,102,493,90,4836,0.008,9.093387094675563,22320,/home/amos/media/tv/For.All.Mankind.S01-S03.1080p.WEBRip.x265-RARBG/For.All.Mankind.S03.1080p.WEBRip.x265-RARBG/For.All.Mankind.S03E02.1080p.WEBRip.x265-RARBG.mp4,3,2,7772588,
668,540,1080,0,107,92,593,107,7290,0.013,5.894549076561816,22344,/home/amos/media/tv/For.All.Mankind.S01-S03.1080p.WEBRip.x265-RARBG/For.All.Mankind.S03.1080p.WEBRip.x265-RARBG/For.All.Mankind.S03E02.1080p.WEBRip.x265-RARBG.mp4,3,2,7772588,
669,540,1080,0,285,71,499,285,45796,0.079,5.925841021293309,22440,/home/amos/media/tv/For.All.Mankind.S01-S03.1080p.WEBRip.x265-RARBG/For.All.Mankind.S03.1080p.WEBRip.x265-RARBG/For.All.Mankind.S03E02.1080p.WEBRip.x265-RARBG.mp4,3,2,7772588,
670,540,1080,0,292,43,406,292,28386,0.049,7.657103103003465,22464,/home/amos/media/tv/For.All.Mankind.S01-S03.1080p.WEBRip.x265-RARBG/For.All.Mankind.S03.1080p.WEBRip.x265-RARBG/For.All.Mankind.S03E02.1080p.WEBRip.x265-RARBG.mp4,3,2,7772588,
671,540,1080,0,282,37,385,282,25235,0.043,8.150961056700908,22488,/home/amos/media/tv/For.All.Mankind.S01-S03.1080p.WEBRip.x265-RARBG/For.All.Mankind.S03.1080p.WEBRip.x265-RARBG/For.All.Mankind.S03E02.1080p.WEBRip.x265-RARBG.mp4,3,2,7772588,
672,540,1080,0,205,60,680,205,68875,0.118,5.717992073332425,22536,/home/amos/media/tv/For.All.Mankind.S01-S03.1080p.WEBRip.x265-RARBG/For.All.Mankind.S03.1080p.WEBRip.x265-RARBG/For.All.Mankind.S03E02.1080p.WEBRip.x265-RARBG.mp4,3,2,7772588,
673,540,1080,0,126,76,424,126,14900,0.026,5.783609098230954,22560,/home/amos/media/tv/For.All.Mankind.S01-S03.1080p.WEBRip.x265-RARBG/For.All.Mankind.S03.1080p.WEBRip.x265-RARBG/For.All.Mankind.S03E02.1080p.WEBRip.x265-RARBG.mp4,3,2,7772588,
674,540,1080,0,142,77,464,142,20930,0.036,6.175426127505489,22584,/home/amos/media/tv/For.All.Mankind.S01-S03.1080p.WEBRip.x265-RARBG/For.All.Mankind.S03.1080p.WEBRip.x265-RARBG/For.All.Mankind.S03E02.1080p.WEBRip.x265-RARBG.mp4,3,2,7772588,
675,540,1080,0,126,78,543,126,20016,0.034,7.026629013649654,22608,/home/amos/media/tv/For.All.Mankind.S01-S03.1080p.WEBRip.x265-RARBG/For.All.Mankind.S03.1080p.WEBRip.x265-RARBG/For.All.Mankind.S03E02.1080p.WEBRip.x265-RARBG.mp4,3,2,7772588,
676,540,1080,0,132,51,568,132,35316,0.061,9.246875080862084,22632,/home/amos/media/tv/For.All.Mankind.S01-S03.1080p.WEBRip.x265-RARBG/For.All.Mankind.S03.1080p.WEBRip.x265-RARBG/For.All.Mankind.S03E02.1080p.WEBRip.x265-RARBG.mp4,3,2,7772588,
677,540,1080,0,126,42,435,126,25956,0.045,4.055720073578414,22872,/home/amos/media/tv/For.All.Mankind.S01-S03.1080p.WEBRip.x265-RARBG/For.All.Mankind.S03.1080p.WEBRip.x265-RARBG/For.All.Mankind.S03E02.1080p.WEBRip.x265-RARBG.mp4,3,2,7772588,
678,540,1080,0,130,43,460,130,28710,0.049,5.740080019342713,22896,/home/amos/media/tv/For.All.Mankind.S01-S03.1080p.WEBRip.x265-RARBG/For.All.Mankind.S03.1080p.WEBRip.x265-RARBG/For.All.Mankind.S03E02.1080p.WEBRip.x265-RARBG.mp4,3,2,7772588,
679,540,1080,0,135,41,437,135,28388,0.049,8.426939092052635,22920,/home/amos/media/tv/For.All.Mankind.S01-S03.1080p.WEBRip.x265-RARBG/For.All.Mankind.S03.1080p.WEBRip.x265-RARBG/For.All.Mankind.S03E02.1080p.WEBRip.x265-RARBG.mp4,3,2,7772588,
680,540,1080,0,147,50,400,147,24541,0.042,3.8123121142270975,22944,/home/amos/media/tv/For.All.Mankind.S01-S03.1080p.WEBRip.x265-RARBG/For.All.Mankind.S03.1080p.WEBRip.x265-RARBG/For.All.Mankind.S03E02.1080p.WEBRip.x265-RARBG.mp4,3,2,7772588,
681,540,1080,0,137,43,420,137,26602,0.046,4.900968993199058,22968,/home/amos/media/tv/For.All.Mankind.S01-S03.1080p.WEBRip.x265-RARBG/For.All.Mankind.S03.1080p.WEBRip.x265-RARBG/For.All.Mankind.S03E02.1080p.WEBRip.x265-RARBG.mp4,3,2,7772588,
682,540,1080,0,218,133,546,218,27880,0.048,8.177542121091392,22992,/home/amos/media/tv/For.All.Mankind.S01-S03.1080p.WEBRip.x265-RARBG/For.All.Mankind.S03.1080p.WEBRip.x265-RARBG/For.All.Mankind.S03E02.1080p.WEBRip.x265-RARBG.mp4,3,2,7772588,
683,540,1080,0,226,122,529,226,31512,0.054,10.129281023342628,23016,/home/amos/media/tv/For.All.Mankind.S01-S03.1080p.WEBRip.x265-RARBG/For.All.Mankind.S03.1080p.WEBRip.x265-RARBG/For.All.Mankind.S03E02.1080p.WEBRip.x265-RARBG.mp4,3,2,7772588,
684,540,1080,0,263,59,426,263,33252,0.057,8.219139029679354,23040,/home/amos/media/tv/For.All.Mankind.S01-S03.1080p.WEBRip.x265-RARBG/For.All.Mankind.S03.1080p.WEBRip.x265-RARBG/For.All.Mankind.S03E02.1080p.WEBRip.x265-RARBG.mp4,3,2,7772588,
685,540,1080,0,261,70,342,261,15471,0.027,8.754472071654163,23064,/home/amos/media/tv/For.All.Mankind.S01-S03.1080p.WEBRip.x265-RARBG/For.All.Mankind.S03.1080p.WEBRip.x265-RARBG/For.All.Mankind.S03E02.1080p.WEBRip.x265-RARBG.mp4,3,2,7772588,
686,540,1080,0,261,75,345,261,15624,0.027,7.699852092831861,23088,/home/amos/media/tv/For.All.Mankind.S01-S03.1080p.WEBRip.x265-RARBG/For.All.Mankind.S03.1080p.WEBRip.x265-RARBG/For.All.Mankind.S03E02.1080p.WEBRip.x265-RARBG.mp4,3,2,7772588,
687,540,1080,0,261,63,351,261,17820,0.031,7.244641011056956,23112,/home/amos/media/tv/For.All.Mankind.S01-S03.1080p.WEBRip.x265-RARBG/For.All.Mankind.S03.1080p.WEBRip.x265-RARBG/For.All.Mankind.S03E02.1080p.WEBRip.x265-RARBG.mp4,3,2,7772588,
688,540,1080,0,221,117,513,221,30368,0.052,9.061936020676512,23136,/home/amos/media/tv/For.All.Mankind.S01-S03.1080p.WEBRip.x265-RARBG/For.All.Mankind.S03.1080p.WEBRip.x265-RARBG/For.All.Mankind.S03E02.1080p.WEBRip.x265-RARBG.mp4,3,2,7772588,
689,540,1080,0,221,116,512,221,30555,0.052,9.05852499959292,23160,/home/amos/media/tv/For.All.Mankind.S01-S03.1080p.WEBRip.x265-RARBG/For.All.Mankind.S03.1080p.WEBRip.x265-RARBG/For.All.Mankind.S03E02.1080p.WEBRip.x265-RARBG.mp4,3,2,7772588,
690,540,1080,0,226,116,503,226,30470,0.052,8.291639093717095,23184,/home/amos/media/tv/For.All.Mankind.S01-S03.1080p.WEBRip.x265-RARBG/For.All.Mankind.S03.1080p.WEBRip.x265-RARBG/For.All.Mankind.S03E02.1080p.WEBRip.x265-RARBG.mp4,3,2,7772588,
691,540,1080,0,278,56,413,278,29970,0.051,6.302990135853179,23208,/home/amos/media/tv/For.All.Mankind.S01-S03.1080p.WEBRip.x265-RARBG/For.All.Mankind.S03.1080p.WEBRip.x265-RARBG/For.All.Mankind.S03E02.1080p.WEBRip.x265-RARBG.mp4,3,2,7772588,
692,540,1080,0,282,60,431,282,33078,0.057,6.535858126240782,23232,/home/amos/media/tv/For.All.Mankind.S01-S03.1080p.WEBRip.x265-RARBG/For.All.Mankind.S03.1080p.WEBRip.x265-RARBG/For.All.Mankind.S03E02.1080p.WEBRip.x265-RARBG.mp4,3,2,7772588,
693,540,1080,0,302,52,351,302,12250,0.021,8.957968987408094,23256,/home/amos/media/tv/For.All.Mankind.S01-S03.1080p.WEBRip.x265-RARBG/For.All.Mankind.S03.1080p.WEBRip.x265-RARBG/For.All.Mankind.S03E02.1080p.WEBRip.x265-RARBG.mp4,3,2,7772588,
694,540,1080,0,388,41,476,388,30536,0.052,5.875615960627329,23448,/home/amos/media/tv/For.All.Mankind.S01-S03.1080p.WEBRip.x265-RARBG/For.All.Mankind.S03.1080p.WEBRip.x265-RARBG/For.All.Mankind.S03E02.1080p.WEBRip.x265-RARBG.mp4,3,2,7772588,
695,540,1080,0,256,72,391,256,24840,0.043,5.7137870459700935,23472,/home/amos/media/tv/For.All.Mankind.S01-S03.1080p.WEBRip.x265-RARBG/For.All.Mankind.S03.1080p.WEBRip.x265-RARBG/For.All.Mankind.S03E02.1080p.WEBRip.x265-RARBG.mp4,3,2,7772588,
696,540,1080,0,259,71,384,259,23500,0.04,5.727185190771706,23496,/home/amos/media/tv/For.All.Mankind.S01-S03.1080p.WEBRip.x265-RARBG/For.All.Mankind.S03.1080p.WEBRip.x265-RARBG/For.All.Mankind.S03E02.1080p.WEBRip.x265-RARBG.mp4,3,2,7772588,
697,540,1080,0,274,75,364,274,17910,0.031,5.891724119544961,23520,/home/amos/media/tv/For.All.Mankind.S01-S03.1080p.WEBRip.x265-RARBG/For.All.Mankind.S03.1080p.WEBRip.x265-RARBG/For.All.Mankind.S03E02.1080p.WEBRip.x265-RARBG.mp4,3,2,7772588,
698,540,1080,0,279,63,509,279,49680,0.085,6.392061947088223,23544,/home/amos/media/tv/For.All.Mankind.S01-S03.1080p.WEBRip.x265-RARBG/For.All.Mankind.S03.1080p.WEBRip.x265-RARBG/For.All.Mankind.S03E02.1080p.WEBRip.x265-RARBG.mp4,3,2,7772588,
699,540,1080,0,242,80,485,242,39366,0.068,11.401029902335722,23568,/home/amos/media/tv/For.All.Mankind.S01-S03.1080p.WEBRip.x265-RARBG/For.All.Mankind.S03.1080p.WEBRip.x265-RARBG/For.All.Mankind.S03E02.1080p.WEBRip.x265-RARBG.mp4,3,2,7772588,
700,540,1080,0,266,71,349,266,16185,0.028,7.255160080210771,23592,/home/amos/media/tv/For.All.Mankind.S01-S03.1080p.WEBRip.x265-RARBG/For.All.Mankind.S03.1080p.WEBRip.x265-RARBG/For.All.Mankind.S03E02.1080p.WEBRip.x265-RARBG.mp4,3,2,7772588,
701,540,1080,0,274,64,292,274,3780,0.006,7.963252121233381,23616,/home/amos/media/tv/For.All.Mankind.S01-S03.1080p.WEBRip.x265-RARBG/For.All.Mankind.S03.1080p.WEBRip.x265-RARBG/For.All.Mankind.S03E02.1080p.WEBRip.x265-RARBG.mp4,3,2,7772588,
702,540,1080,0,257,68,577,257,60480,0.104,7.981290970172267,23640,/home/amos/media/tv/For.All.Mankind.S01-S03.1080p.WEBRip.x265-RARBG/For.All.Mankind.S03.1080p.WEBRip.x265-RARBG/For.All.Mankind.S03E02.1080p.WEBRip.x265-RARBG.mp4,3,2,7772588,
703,540,1080,0,155,82,607,155,32996,0.057,7.293657111295033,23688,/home/amos/media/tv/For.All.Mankind.S01-S03.1080p.WEBRip.x265-RARBG/For.All.Mankind.S03.1080p.WEBRip.x265-RARBG/For.All.Mankind.S03E02.1080p.WEBRip.x265-RARBG.mp4,3,2,7772588,
704,540,1080,0,151,79,458,151,22104,0.038,7.589021127205342,23712,/home/amos/media/tv/For.All.Mankind.S01-S03.1080p.WEBRip.x265-RARBG/For.All.Mankind.S03.1080p.WEBRip.x265-RARBG/For.All.Mankind.S03E02.1080p.WEBRip.x265-RARBG.mp4,3,2,7772588,
705,540,1080,0,155,74,482,155,26487,0.045,7.480607113509905,23736,/home/amos/media/tv/For.All.Mankind.S01-S03.1080p.WEBRip.x265-RARBG/For.All.Mankind.S03.1080p.WEBRip.x265-RARBG/For.All.Mankind.S03E02.1080p.WEBRip.x265-RARBG.mp4,3,2,7772588,
706,540,1080,0,81,65,628,81,8752,0.015,9.726966063375585,23784,/home/amos/media/tv/For.All.Mankind.S01-S03.1080p.WEBRip.x265-RARBG/For.All.Mankind.S03.1080p.WEBRip.x265-RARBG/For.All.Mankind.S03E02.1080p.WEBRip.x265-RARBG.mp4,3,2,7772588,
707,540,1080,0,90,53,636,90,20202,0.035,7.980893035593908,23808,/home/amos/media/tv/For.All.Mankind.S01-S03.1080p.WEBRip.x265-RARBG/For.All.Mankind.S03.1080p.WEBRip.x265-RARBG/For.All.Mankind.S03E02.1080p.WEBRip.x265-RARBG.mp4,3,2,7772588,
708,540,1080,0,100,56,586,100,21384,0.037,8.087909997091629,23832,/home/amos/media/tv/For.All.Mankind.S01-S03.1080p.WEBRip.x265-RARBG/For.All.Mankind.S03.1080p.WEBRip.x265-RARBG/For.All.Mankind.S03E02.1080p.WEBRip.x265-RARBG.mp4,3,2,7772588,
709,540,1080,0,116,51,596,116,31200,0.053,10.250380010693334,23856,/home/amos/media/tv/For.All.Mankind.S01-S03.1080p.WEBRip.x265-RARBG/For.All.Mankind.S03.1080p.WEBRip.x265-RARBG/For.All.Mankind.S03E02.1080p.WEBRip.x265-RARBG.mp4,3,2,7772588,
710,540,1080,0,160,74,552,160,33712,0.058,7.301691093191039,23880,/home/amos/media/tv/For.All.Mankind.S01-S03.1080p.WEBRip.x265-RARBG/For.All.Mankind.S03.1080p.WEBRip.x265-RARBG/For.All.Mankind.S03E02.1080p.WEBRip.x265-RARBG.mp4,3,2,7772588,
711,540,1080,0,161,75,559,161,34228,0.059,8.102583137049805,23904,/home/amos/media/tv/For.All.Mankind.S01-S03.1080p.WEBRip.x265-RARBG/For.All.Mankind.S03.1080p.WEBRip.x265-RARBG/For.All.Mankind.S03E02.1080p.WEBRip.x265-RARBG.mp4,3,2,7772588,
712,540,1080,0,108,61,578,108,22090,0.038,8.337353069975507,23928,/home/amos/media/tv/For.All.Mankind.S01-S03.1080p.WEBRip.x265-RARBG/For.All.Mankind.S03.1080p.WEBRip.x265-RARBG/For.All.Mankind.S03E02.1080p.WEBRip.x265-RARBG.mp4,3,2,7772588,
713,540,1080,0,111,59,607,111,25792,0.044,9.373921996622812,23952,/home/amos/media/tv/For.All.Mankind.S01-S03.1080p.WEBRip.x265-RARBG/For.All.Mankind.S03.1080p.WEBRip.x265-RARBG/For.All.Mankind.S03E02.1080p.WEBRip.x265-RARBG.mp4,3,2,7772588,
714,540,1080,0,164,74,512,164,31320,0.054,8.735519029840361,23976,/home/amos/media/tv/For.All.Mankind.S01-S03.1080p.WEBRip.x265-RARBG/For.All.Mankind.S03.1080p.WEBRip.x265-RARBG/For.All.Mankind.S03E02.1080p.WEBRip.x265-RARBG.mp4,3,2,7772588,
715,540,1080,0,152,77,548,152,29700,0.051,7.25124602363212,24000,/home/amos/media/tv/For.All.Mankind.S01-S03.1080p.WEBRip.x265-RARBG/For.All.Mankind.S03.1080p.WEBRip.x265-RARBG/For.All.Mankind.S03E02.1080p.WEBRip.x265-RARBG.mp4,3,2,7772588,
716,540,1080,0,172,75,673,172,48597,0.083,5.893249053217005,24024,/home/amos/media/tv/For.All.Mankind.S01-S03.1080p.WEBRip.x265-RARBG/For.All.Mankind.S03.1080p.WEBRip.x265-RARBG/For.All.Mankind.S03E02.1080p.WEBRip.x265-RARBG.mp4,3,2,7772588,
717,540,1080,0,170,82,532,170,31856,0.055,6.531174092495348,24048,/home/amos/media/tv/For.All.Mankind.S01-S03.1080p.WEBRip.x265-RARBG/For.All.Mankind.S03.1080p.WEBRip.x265-RARBG/For.All.Mankind.S03E02.1080p.WEBRip.x265-RARBG.mp4,3,2,7772588,
718,540,1080,0,157,85,610,157,32616,0.056,6.773808082507458,24072,/home/amos/media/tv/For.All.Mankind.S01-S03.1080p.WEBRip.x265-RARBG/For.All.Mankind.S03.1080p.WEBRip.x265-RARBG/For.All.Mankind.S03E02.1080p.WEBRip.x265-RARBG.mp4,3,2,7772588,
719,540,1080,0,159,109,604,159,22250,0.038,2.877702146070078,24096,/home/amos/media/tv/For.All.Mankind.S01-S03.1080p.WEBRip.x265-RARBG/For.All.Mankind.S03.1080p.WEBRip.x265-RARBG/For.All.Mankind.S03E02.1080p.WEBRip.x265-RARBG.mp4,3,2,7772588,
720,540,1080,0,140,102,492,140,13376,0.023,6.908921125577763,24120,/home/amos/media/tv/For.All.Mankind.S01-S03.1080p.WEBRip.x265-RARBG/For.All.Mankind.S03.1080p.WEBRip.x265-RARBG/For.All.Mankind.S03E02.1080p.WEBRip.x265-RARBG.mp4,3,2,7772588,
721,540,1080,0,134,110,653,134,12456,0.021,3.651627035054844,24144,/home/amos/media/tv/For.All.Mankind.S01-S03.1080p.WEBRip.x265-RARBG/For.All.Mankind.S03.1080p.WEBRip.x265-RARBG/For.All.Mankind.S03E02.1080p.WEBRip.x265-RARBG.mp4,3,2,7772588,
722,540,1080,0,244,44,364,244,24000,0.041,8.314856234821491,24504,/home/amos/media/tv/For.All.Mankind.S01-S03.1080p.WEBRip.x265-RARBG/For.All.Mankind.S03.1080p.WEBRip.x265-RARBG/For.All.Mankind.S03E02.1080p.WEBRip.x265-RARBG.mp4,3,2,7772588,
723,540,1080,0,164,112,242,164,4056,0.007,4.110596040089149,24528,/home/amos/media/tv/For.All.Mankind.S01-S03.1080p.WEBRip.x265-RARBG/For.All.Mankind.S03.1080p.WEBRip.x265-RARBG/For.All.Mankind.S03E02.1080p.WEBRip.x265-RARBG.mp4,3,2,7772588,
724,540,1080,0,91,284,55,91,6948,0.012,3.4557330102543347,24816,/home/amos/media/tv/For.All.Mankind.S01-S03.1080p.WEBRip.x265-RARBG/For.All.Mankind.S03.1080p.WEBRip.x265-RARBG/For.All.Mankind.S03E02.1080p.WEBRip.x265-RARBG.mp4,3,2,7772588,
725,540,1080,0,70,90,810,70,14800,0.025,4.60830710985465,25200,/home/amos/media/tv/For.All.Mankind.S01-S03.1080p.WEBRip.x265-RARBG/For.All.Mankind.S03.1080p.WEBRip.x265-RARBG/For.All.Mankind.S03E02.1080p.WEBRip.x265-RARBG.mp4,3,2,7772588,
726,540,1080,0,84,113,734,84,18850,0.032,4.79553191998275,25224,/home/amos/media/tv/For.All.Mankind.S01-S03.1080p.WEBRip.x265-RARBG/For.All.Mankind.S03.1080p.WEBRip.x265-RARBG/For.All.Mankind.S03E02.1080p.WEBRip.x265-RARBG.mp4,3,2,7772588,
727,540,1080,0,110,39,623,110,36423,0.062,5.526646077574696,25368,/home/amos/media/tv/For.All.Mankind.S01-S03.1080p.WEBRip.x265-RARBG/For.All.Mankind.S03.1080p.WEBRip.x265-RARBG/For.All.Mankind.S03E02.1080p.WEBRip.x265-RARBG.mp4,3,2,7772588,
728,540,1080,0,112,67,640,112,23760,0.041,6.520920030248817,25392,/home/amos/media/tv/For.All.Mankind.S01-S03.1080p.WEBRip.x265-RARBG/For.All.Mankind.S03.1080p.WEBRip.x265-RARBG/For.All.Mankind.S03E02.1080p.WEBRip.x265-RARBG.mp4,3,2,7772588,
729,540,1080,0,52,147,268,52,20520,0.035,3.7592870235675946,25536,/home/amos/media/tv/For.All.Mankind.S01-S03.1080p.WEBRip.x265-RARBG/For.All.Mankind.S03.1080p.WEBRip.x265-RARBG/For.All.Mankind.S03E02.1080p.WEBRip.x265-RARBG.mp4,3,2,7772588,
730,540,1080,0,178,141,688,178,18870,0.032,2.7654300159192644,25584,/home/amos/media/tv/For.All.Mankind.S01-S03.1080p.WEBRip.x265-RARBG/For.All.Mankind.S03.1080p.WEBRip.x265-RARBG/For.All.Mankind.S03E02.1080p.WEBRip.x265-RARBG.mp4,3,2,7772588,
731,540,1080,0,169,119,679,169,25500,0.044,2.731251017365139,25608,/home/amos/media/tv/For.All.Mankind.S01-S03.1080p.WEBRip.x265-RARBG/For.All.Mankind.S03.1080p.WEBRip.x265-RARBG/For.All.Mankind.S03E02.1080p.WEBRip.x265-RARBG.mp4,3,2,7772588,
732,540,1080,0,209,316,283,209,7918,0.014,2.93066498747794,25704,/home/amos/media/tv/For.All.Mankind.S01-S03.1080p.WEBRip.x265-RARBG/For.All.Mankind.S03.1080p.WEBRip.x265-RARBG/For.All.Mankind.S03E02.1080p.WEBRip.x265-RARBG.mp4,3,2,7772588,
733,540,1080,0,51,320,168,51,31473,0.054,5.55998001107946,25752,/home/amos/media/tv/For.All.Mankind.S01-S03.1080p.WEBRip.x265-RARBG/For.All.Mankind.S03.1080p.WEBRip.x265-RARBG/For.All.Mankind.S03E02.1080p.WEBRip.x265-RARBG.mp4,3,2,7772588,
734,540,1080,0,70,144,370,70,22200,0.038,6.541462045337539,25776,/home/amos/media/tv/For.All.Mankind.S01-S03.1080p.WEBRip.x265-RARBG/For.All.Mankind.S03.1080p.WEBRip.x265-RARBG/For.All.Mankind.S03E02.1080p.WEBRip.x265-RARBG.mp4,3,2,7772588,
735,540,1080,0,70,137,352,70,18894,0.032,3.922304056759458,25800,/home/amos/media/tv/For.All.Mankind.S01-S03.1080p.WEBRip.x265-RARBG/For.All.Mankind.S03.1080p.WEBRip.x265-RARBG/For.All.Mankind.S03E02.1080p.WEBRip.x265-RARBG.mp4,3,2,7772588,
736,540,1080,0,76,165,754,76,60342,0.103,3.74462503095856,25896,/home/amos/media/tv/For.All.Mankind.S01-S03.1080p.WEBRip.x265-RARBG/For.All.Mankind.S03.1080p.WEBRip.x265-RARBG/For.All.Mankind.S03E02.1080p.WEBRip.x265-RARBG.mp4,3,2,7772588,
737,540,1080,0,132,227,670,132,51110,0.088,5.540104221028741,26304,/home/amos/media/tv/For.All.Mankind.S01-S03.1080p.WEBRip.x265-RARBG/For.All.Mankind.S03.1080p.WEBRip.x265-RARBG/For.All.Mankind.S03E02.1080p.WEBRip.x265-RARBG.mp4,3,2,7772588,
738,540,1080,0,129,203,642,129,37962,0.065,3.8355069317040034,26328,/home/amos/media/tv/For.All.Mankind.S01-S03.1080p.WEBRip.x265-RARBG/For.All.Mankind.S03.1080p.WEBRip.x265-RARBG/For.All.Mankind.S03E02.1080p.WEBRip.x265-RARBG.mp4,3,2,7772588,
739,540,1080,0,162,81,414,162,20412,0.035,3.830243081727531,26400,/home/amos/media/tv/For.All.Mankind.S01-S03.1080p.WEBRip.x265-RARBG/For.All.Mankind.S03.1080p.WEBRip.x265-RARBG/For.All.Mankind.S03E02.1080p.WEBRip.x265-RARBG.mp4,3,2,7772588,
740,540,1080,0,156,96,610,156,27240,0.047,6.353995146171656,26592,/home/amos/media/tv/For.All.Mankind.S01-S03.1080p.WEBRip.x265-RARBG/For.All.Mankind.S03.1080p.WEBRip.x265-RARBG/For.All.Mankind.S03E02.1080p.WEBRip.x265-RARBG.mp4,3,2,7772588,
741,540,1080,0,168,79,638,168,41830,0.072,7.722434075258207,26616,/home/amos/media/tv/For.All.Mankind.S01-S03.1080p.WEBRip.x265-RARBG/For.All.Mankind.S03.1080p.WEBRip.x265-RARBG/For.All.Mankind.S03E02.1080p.WEBRip.x265-RARBG.mp4,3,2,7772588,
742,540,1080,0,172,112,621,172,26940,0.046,5.144927045563236,26640,/home/amos/media/tv/For.All.Mankind.S01-S03.1080p.WEBRip.x265-RARBG/For.All.Mankind.S03.1080p.WEBRip.x265-RARBG/For.All.Mankind.S03E02.1080p.WEBRip.x265-RARBG.mp4,3,2,7772588,
743,540,1080,0,52,331,98,52,12834,0.022,3.5867239823564887,26688,/home/amos/media/tv/For.All.Mankind.S01-S03.1080p.WEBRip.x265-RARBG/For.All.Mankind.S03.1080p.WEBRip.x265-RARBG/For.All.Mankind.S03E02.1080p.WEBRip.x265-RARBG.mp4,3,2,7772588,
744,540,1080,0,114,67,395,114,13207,0.023,2.38267501903465,26736,/home/amos/media/tv/For.All.Mankind.S01-S03.1080p.WEBRip.x265-RARBG/For.All.Mankind.S03.1080p.WEBRip.x265-RARBG/For.All.Mankind.S03E02.1080p.WEBRip.x265-RARBG.mp4,3,2,7772588,
745,540,1080,0,116,73,393,116,11911,0.02,2.664395060564857,26760,/home/amos/media/tv/For.All.Mankind.S01-S03.1080p.WEBRip.x265-RARBG/For.All.Mankind.S03.1080p.WEBRip.x265-RARBG/For.All.Mankind.S03E02.1080p.WEBRip.x265-RARBG.mp4,3,2,7772588,
746,540,1080,0,52,328,96,52,12144,0.021,6.6937239756807685,26784,/home/amos/media/tv/For.All.Mankind.S01-S03.1080p.WEBRip.x265-RARBG/For.All.Mankind.S03.1080p.WEBRip.x265-RARBG/For.All.Mankind.S03E02.1080p.WEBRip.x265-RARBG.mp4,3,2,7772588,
747,540,1080,0,51,327,95,51,12144,0.021,4.980591035448015,26808,/home/amos/media/tv/For.All.Mankind.S01-S03.1080p.WEBRip.x265-RARBG/For.All.Mankind.S03.1080p.WEBRip.x265-RARBG/For.All.Mankind.S03E02.1080p.WEBRip.x265-RARBG.mp4,3,2,7772588,
748,540,1080,0,52,324,93,52,11152,0.019,7.70720103662461,26832,/home/amos/media/tv/For.All.Mankind.S01-S03.1080p.WEBRip.x265-RARBG/For.All.Mankind.S03.1080p.WEBRip.x265-RARBG/For.All.Mankind.S03E02.1080p.WEBRip.x265-RARBG.mp4,3,2,7772588,
749,540,1080,0,186,65,626,186,53240,0.091,1.6914391267928297,26904,/home/amos/media/tv/For.All.Mankind.S01-S03.1080p.WEBRip.x265-RARBG/For.All.Mankind.S03.1080p.WEBRip.x265-RARBG/For.All.Mankind.S03E02.1080p.WEBRip.x265-RARBG.mp4,3,2,7772588,
750,540,1080,1,91,145,651,91,30240,0.052,4.05215709930053,26904,/home/amos/media/tv/For.All.Mankind.S01-S03.1080p.WEBRip.x265-RARBG/For.All.Mankind.S03.1080p.WEBRip.x265-RARBG/For.All.Mankind.S03E02.1080p.WEBRip.x265-RARBG.mp4,3,2,7772588,
751,540,1080,0,185,80,602,185,43785,0.075,4.593023002846167,26952,/home/amos/media/tv/For.All.Mankind.S01-S03.1080p.WEBRip.x265-RARBG/For.All.Mankind.S03.1080p.WEBRip.x265-RARBG/For.All.Mankind.S03E02.1080p.WEBRip.x265-RARBG.mp4,3,2,7772588,
752,540,1080,0,67,328,111,67,11484,0.02,2.2232260396122,27072,/home/amos/media/tv/For.All.Mankind.S01-S03.1080p.WEBRip.x265-RARBG/For.All.Mankind.S03.1080p.WEBRip.x265-RARBG/For.All.Mankind.S03E02.1080p.WEBRip.x265-RARBG.mp4,3,2,7772588,
753,540,1080,0,53,379,35,53,5868,0.01,1.857567056955304,27096,/home/amos/media/tv/For.All.Mankind.S01-S03.1080p.WEBRip.x265-RARBG/For.All.Mankind.S03.1080p.WEBRip.x265-RARBG/For.All.Mankind.S03E02.1080p.WEBRip.x265-RARBG.mp4,3,2,7772588,
754,540,1080,0,134,49,573,134,37315,0.064,8.633416045166086,27264,/home/amos/media/tv/For.All.Mankind.S01-S03.1080p.WEBRip.x265-RARBG/For.All.Mankind.S03.1080p.WEBRip.x265-RARBG/For.All.Mankind.S03E02.1080p.WEBRip.x265-RARBG.mp4,3,2,7772588,
755,540,1080,0,136,110,612,136,12376,0.021,5.484133119869512,27288,/home/amos/media/tv/For.All.Mankind.S01-S03.1080p.WEBRip.x265-RARBG/For.All.Mankind.S03.1080p.WEBRip.x265-RARBG/For.All.Mankind.S03E02.1080p.WEBRip.x265-RARBG.mp4,3,2,7772588,
756,540,1080,0,120,113,555,120,3045,0.005,4.020378089917358,27312,/home/amos/media/tv/For.All.Mankind.S01-S03.1080p.WEBRip.x265-RARBG/For.All.Mankind.S03.1080p.WEBRip.x265-RARBG/For.All.Mankind.S03E02.1080p.WEBRip.x265-RARBG.mp4,3,2,7772588,
757,540,1080,0,175,33,327,175,21584,0.037,6.555703090620227,27432,/home/amos/media/tv/For.All.Mankind.S01-S03.1080p.WEBRip.x265-RARBG/For.All.Mankind.S03.1080p.WEBRip.x265-RARBG/For.All.Mankind.S03E02.1080p.WEBRip.x265-RARBG.mp4,3,2,7772588,
758,540,1080,0,123,202,748,123,49375,0.085,4.2035450606490485,27456,/home/amos/media/tv/For.All.Mankind.S01-S03.1080p.WEBRip.x265-RARBG/For.All.Mankind.S03.1080p.WEBRip.x265-RARBG/For.All.Mankind.S03E02.1080p.WEBRip.x265-RARBG.mp4,3,2,7772588,
759,540,1080,0,136,198,770,136,39308,0.067,6.620380988053512,27480,/home/amos/media/tv/For.All.Mankind.S01-S03.1080p.WEBRip.x265-RARBG/For.All.Mankind.S03.1080p.WEBRip.x265-RARBG/For.All.Mankind.S03E02.1080p.WEBRip.x265-RARBG.mp4,3,2,7772588,
760,540,1080,0,104,151,413,104,14523,0.025,3.852129054197576,27504,/home/amos/media/tv/For.All.Mankind.S01-S03.1080p.WEBRip.x265-RARBG/For.All.Mankind.S03.1080p.WEBRip.x265-RARBG/For.All.Mankind.S03E02.1080p.WEBRip.x265-RARBG.mp4,3,2,7772588,
761,540,1080,0,53,302,843,53,196710,0.337,4.049470030295197,27624,/home/amos/media/tv/For.All.Mankind.S01-S03.1080p.WEBRip.x265-RARBG/For.All.Mankind.S03.1080p.WEBRip.x265-RARBG/For.All.Mankind.S03E02.1080p.WEBRip.x265-RARBG.mp4,3,2,7772588,
762,540,1080,0,139,328,700,139,106029,0.182,3.211125131638255,27888,/home/amos/media/tv/For.All.Mankind.S01-S03.1080p.WEBRip.x265-RARBG/For.All.Mankind.S03.1080p.WEBRip.x265-RARBG/For.All.Mankind.S03E02.1080p.WEBRip.x265-RARBG.mp4,3,2,7772588,
763,540,1080,0,52,324,601,52,149328,0.256,3.427311087201815,27960,/home/amos/media/tv/For.All.Mankind.S01-S03.1080p.WEBRip.x265-RARBG/For.All.Mankind.S03.1080p.WEBRip.x265-RARBG/For.All.Mankind.S03E02.1080p.WEBRip.x265-RARBG.mp4,3,2,7772588,
764,540,1080,0,74,166,341,74,24564,0.042,6.759210186486598,28368,/home/amos/media/tv/For.All.Mankind.S01-S03.1080p.WEBRip.x265-RARBG/For.All.Mankind.S03.1080p.WEBRip.x265-RARBG/For.All.Mankind.S03E02.1080p.WEBRip.x265-RARBG.mp4,3,2,7772588,
765,540,1080,0,68,169,344,68,27876,0.048,6.947281173372176,28392,/home/amos/media/tv/For.All.Mankind.S01-S03.1080p.WEBRip.x265-RARBG/For.All.Mankind.S03.1080p.WEBRip.x265-RARBG/For.All.Mankind.S03E02.1080p.WEBRip.x265-RARBG.mp4,3,2,7772588,
766,540,1080,0,69,169,343,69,27400,0.047,6.942152168543544,28416,/home/amos/media/tv/For.All.Mankind.S01-S03.1080p.WEBRip.x265-RARBG/For.All.Mankind.S03.1080p.WEBRip.x265-RARBG/For.All.Mankind.S03E02.1080p.WEBRip.x265-RARBG.mp4,3,2,7772588,
767,540,1080,0,70,169,342,70,26928,0.046,8.783660164976027,28440,/home/amos/media/tv/For.All.Mankind.S01-S03.1080p.WEBRip.x265-RARBG/For.All.Mankind.S03.1080p.WEBRip.x265-RARBG/For.All.Mankind.S03E02.1080p.WEBRip.x265-RARBG.mp4,3,2,7772588,
768,540,1080,0,56,291,538,56,113270,0.194,4.144766052893829,28488,/home/amos/media/tv/For.All.Mankind.S01-S03.1080p.WEBRip.x265-RARBG/For.All.Mankind.S03.1080p.WEBRip.x265-RARBG/For.All.Mankind.S03E02.1080p.WEBRip.x265-RARBG.mp4,3,2,7772588,
769,540,1080,0,68,93,353,68,7125,0.012,6.729466113203671,28512,/home/amos/media/tv/For.All.Mankind.S01-S03.1080p.WEBRip.x265-RARBG/For.All.Mankind.S03.1080p.WEBRip.x265-RARBG/For.All.Mankind.S03E02.1080p.WEBRip.x265-RARBG.mp4,3,2,7772588,
770,540,1080,0,66,94,354,66,8064,0.014,6.908826152503025,28536,/home/amos/media/tv/For.All.Mankind.S01-S03.1080p.WEBRip.x265-RARBG/For.All.Mankind.S03.1080p.WEBRip.x265-RARBG/For.All.Mankind.S03E02.1080p.WEBRip.x265-RARBG.mp4,3,2,7772588,
771,540,1080,0,70,90,353,70,5660,0.01,7.2643731198622845,28560,/home/amos/media/tv/For.All.Mankind.S01-S03.1080p.WEBRip.x265-RARBG/For.All.Mankind.S03.1080p.WEBRip.x265-RARBG/For.All.Mankind.S03E02.1080p.WEBRip.x265-RARBG.mp4,3,2,7772588,
772,540,1080,0,67,90,356,67,6647,0.011,7.217081092239823,28584,/home/amos/media/tv/For.All.Mankind.S01-S03.1080p.WEBRip.x265-RARBG/For.All.Mankind.S03.1080p.WEBRip.x265-RARBG/For.All.Mankind.S03E02.1080p.WEBRip.x265-RARBG.mp4,3,2,7772588,
773,540,1080,0,51,265,899,51,181472,0.311,4.976526031096,28728,/home/amos/media/tv/For.All.Mankind.S01-S03.1080p.WEBRip.x265-RARBG/For.All.Mankind.S03.1080p.WEBRip.x265-RARBG/For.All.Mankind.S03E02.1080p.WEBRip.x265-RARBG.mp4,3,2,7772588,
774,540,1080,0,48,64,836,48,12608,0.022,8.413088047585916,28752,/home/amos/media/tv/For.All.Mankind.S01-S03.1080p.WEBRip.x265-RARBG/For.All.Mankind.S03.1080p.WEBRip.x265-RARBG/For.All.Mankind.S03E02.1080p.WEBRip.x265-RARBG.mp4,3,2,7772588,
775,540,1080,1,92,432,852,92,258400,0.443,0.9301850003539583,28752,/home/amos/media/tv/For.All.Mankind.S01-S03.1080p.WEBRip.x265-RARBG/For.All.Mankind.S03.1080p.WEBRip.x265-RARBG/For.All.Mankind.S03E02.1080p.WEBRip.x265-RARBG.mp4,3,2,7772588,
776,540,1080,0,47,51,749,47,2808,0.005,10.127875019155908,28896,/home/amos/media/tv/For.All.Mankind.S01-S03.1080p.WEBRip.x265-RARBG/For.All.Mankind.S03.1080p.WEBRip.x265-RARBG/For.All.Mankind.S03E02.1080p.WEBRip.x265-RARBG.mp4,3,2,7772588,
777,540,1080,0,144,40,262,144,12272,0.021,7.183413038670551,29040,/home/amos/media/tv/For.All.Mankind.S01-S03.1080p.WEBRip.x265-RARBG/For.All.Mankind.S03.1080p.WEBRip.x265-RARBG/For.All.Mankind.S03E02.1080p.WEBRip.x265-RARBG.mp4,3,2,7772588,
778,540,1080,0,138,49,269,138,11659,0.02,7.875533039856236,29064,/home/amos/media/tv/For.All.Mankind.S01-S03.1080p.WEBRip.x265-RARBG/For.All.Mankind.S03.1080p.WEBRip.x265-RARBG/For.All.Mankind.S03E02.1080p.WEBRip.x265-RARBG.mp4,3,2,7772588,
779,540,1080,0,141,52,282,141,12549,0.022,7.421457120159175,29088,/home/amos/media/tv/For.All.Mankind.S01-S03.1080p.WEBRip.x265-RARBG/For.All.Mankind.S03.1080p.WEBRip.x265-RARBG/For.All.Mankind.S03E02.1080p.WEBRip.x265-RARBG.mp4,3,2,7772588,
780,540,1080,0,142,67,286,142,10800,0.019,7.205330073309597,29112,/home/amos/media/tv/For.All.Mankind.S01-S03.1080p.WEBRip.x265-RARBG/For.All.Mankind.S03.1080p.WEBRip.x265-RARBG/For.All.Mankind.S03E02.1080p.WEBRip.x265-RARBG.mp4,3,2,7772588,
781,540,1080,0,137,83,290,137,8262,0.014,6.92140511557227,29136,/home/amos/media/tv/For.All.Mankind.S01-S03.1080p.WEBRip.x265-RARBG/For.All.Mankind.S03.1080p.WEBRip.x265-RARBG/For.All.Mankind.S03E02.1080p.WEBRip.x265-RARBG.mp4,3,2,7772588,
782,540,1080,0,117,109,565,117,3584,0.006,3.525490099505987,29184,/home/amos/media/tv/For.All.Mankind.S01-S03.1080p.WEBRip.x265-RARBG/For.All.Mankind.S03.1080p.WEBRip.x265-RARBG/For.All.Mankind.S03E02.1080p.WEBRip.x265-RARBG.mp4,3,2,7772588,
783,540,1080,0,79,369,656,79,167330,0.287,-0.6224028885480948,29256,/home/amos/media/tv/For.All.Mankind.S01-S03.1080p.WEBRip.x265-RARBG/For.All.Mankind.S03.1080p.WEBRip.x265-RARBG/For.All.Mankind.S03E02.1080p.WEBRip.x265-RARBG.mp4,3,2,7772588,
784,540,1080,0,138,141,568,138,1290,0.002,7.583589052548632,29280,/home/amos/media/tv/For.All.Mankind.S01-S03.1080p.WEBRip.x265-RARBG/For.All.Mankind.S03.1080p.WEBRip.x265-RARBG/For.All.Mankind.S03E02.1080p.WEBRip.x265-RARBG.mp4,3,2,7772588,
785,540,1080,1,74,373,633,74,167141,0.287,1.0783020005910655,29280,/home/amos/media/tv/For.All.Mankind.S01-S03.1080p.WEBRip.x265-RARBG/For.All.Mankind.S03.1080p.WEBRip.x265-RARBG/For.All.Mankind.S03E02.1080p.WEBRip.x265-RARBG.mp4,3,2,7772588,
786,540,1080,0,74,378,617,74,165072,0.283,1.7657080918434076,29328,/home/amos/media/tv/For.All.Mankind.S01-S03.1080p.WEBRip.x265-RARBG/For.All.Mankind.S03.1080p.WEBRip.x265-RARBG/For.All.Mankind.S03E02.1080p.WEBRip.x265-RARBG.mp4,3,2,7772588,
787,540,1080,0,202,170,261,202,1888,0.003,5.838738166843541,29352,/home/amos/media/tv/For.All.Mankind.S01-S03.1080p.WEBRip.x265-RARBG/For.All.Mankind.S03.1080p.WEBRip.x265-RARBG/For.All.Mankind.S03E02.1080p.WEBRip.x265-RARBG.mp4,3,2,7772588,
788,540,1080,0,241,104,252,241,1507,0.003,7.699627159978263,29376,/home/amos/media/tv/For.All.Mankind.S01-S03.1080p.WEBRip.x265-RARBG/For.All.Mankind.S03.1080p.WEBRip.x265-RARBG/For.All.Mankind.S03E02.1080p.WEBRip.x265-RARBG.mp4,3,2,7772588,
789,540,1080,0,118,97,562,118,9324,0.016,8.031287023972254,29400,/home/amos/media/tv/For.All.Mankind.S01-S03.1080p.WEBRip.x265-RARBG/For.All.Mankind.S03.1080p.WEBRip.x265-RARBG/For.All.Mankind.S03E02.1080p.WEBRip.x265-RARBG.mp4,3,2,7772588,
790,540,1080,0,117,87,547,117,12900,0.022,5.451977035205346,29424,/home/amos/media/tv/For.All.Mankind.S01-S03.1080p.WEBRip.x265-RARBG/For.All.Mankind.S03.1080p.WEBRip.x265-RARBG/For.All.Mankind.S03E02.1080p.WEBRip.x265-RARBG.mp4,3,2,7772588,
791,540,1080,0,118,51,528,118,27470,0.047,7.592873072659131,29448,/home/amos/media/tv/For.All.Mankind.S01-S03.1080p.WEBRip.x265-RARBG/For.All.Mankind.S03.1080p.WEBRip.x265-RARBG/For.All.Mankind.S03E02.1080p.WEBRip.x265-RARBG.mp4,3,2,7772588,
792,540,1080,0,121,49,516,121,28440,0.049,9.703244109114166,29472,/home/amos/media/tv/For.All.Mankind.S01-S03.1080p.WEBRip.x265-RARBG/For.All.Mankind.S03.1080p.WEBRip.x265-RARBG/For.All.Mankind.S03E02.1080p.WEBRip.x265-RARBG.mp4,3,2,7772588,
793,540,1080,0,122,69,506,122,20352,0.035,9.132970042934176,29496,/home/amos/media/tv/For.All.Mankind.S01-S03.1080p.WEBRip.x265-RARBG/For.All.Mankind.S03.1080p.WEBRip.x265-RARBG/For.All.Mankind.S03E02.1080p.WEBRip.x265-RARBG.mp4,3,2,7772588,
794,540,1080,0,115,112,502,115,1161,0.002,4.897396033804398,29640,/home/amos/media/tv/For.All.Mankind.S01-S03.1080p.WEBRip.x265-RARBG/For.All.Mankind.S03.1080p.WEBRip.x265-RARBG/For.All.Mankind.S03E02.1080p.WEBRip.x265-RARBG.mp4,3,2,7772588,
795,540,1080,1,29,364,546,29,173195,0.297,1.5735640487982891,29640,/home/amos/media/tv/For.All.Mankind.S01-S03.1080p.WEBRip.x265-RARBG/For.All.Mankind.S03.1080p.WEBRip.x265-RARBG/For.All.Mankind.S03E02.1080p.WEBRip.x265-RARBG.mp4,3,2,7772588,
796,540,1080,0,114,116,497,114,766,0.001,6.475656125403475,29664,/home/amos/media/tv/For.All.Mankind.S01-S03.1080p.WEBRip.x265-RARBG/For.All.Mankind.S03.1080p.WEBRip.x265-RARBG/For.All.Mankind.S03E02.1080p.WEBRip.x265-RARBG.mp4,3,2,7772588,
797,540,1080,0,72,206,369,72,39798,0.068,5.858919062768109,29760,/home/amos/media/tv/For.All.Mankind.S01-S03.1080p.WEBRip.x265-RARBG/For.All.Mankind.S03.1080p.WEBRip.x265-RARBG/For.All.Mankind.S03E02.1080p.WEBRip.x265-RARBG.mp4,3,2,7772588,
798,540,1080,0,66,207,377,66,43851,0.075,1.9455749145126904,29784,/home/amos/media/tv/For.All.Mankind.S01-S03.1080p.WEBRip.x265-RARBG/For.All.Mankind.S03.1080p.WEBRip.x265-RARBG/For.All.Mankind.S03E02.1080p.WEBRip.x265-RARBG.mp4,3,2,7772588,
799,540,1080,0,61,174,599,61,60794,0.104,5.953204065328464,30120,/home/amos/media/tv/For.All.Mankind.S01-S03.1080p.WEBRip.x265-RARBG/For.All.Mankind.S03.1080p.WEBRip.x265-RARBG/For.All.Mankind.S03E02.1080p.WEBRip.x265-RARBG.mp4,3,2,7772588,
800,540,1080,0,64,179,622,64,64170,0.11,5.833874128584284,30144,/home/amos/media/tv/For.All.Mankind.S01-S03.1080p.WEBRip.x265-RARBG/For.All.Mankind.S03.1080p.WEBRip.x265-RARBG/For.All.Mankind.S03E02.1080p.WEBRip.x265-RARBG.mp4,3,2,7772588,
801,540,1080,0,198,35,875,198,110351,0.189,9.064306121726986,30192,/home/amos/media/tv/For.All.Mankind.S01-S03.1080p.WEBRip.x265-RARBG/For.All.Mankind.S03.1080p.WEBRip.x265-RARBG/For.All.Mankind.S03E02.1080p.WEBRip.x265-RARBG.mp4,3,2,7772588,
802,540,1080,0,81,317,813,81,172752,0.296,2.4436880626599304,30216,/home/amos/media/tv/For.All.Mankind.S01-S03.1080p.WEBRip.x265-RARBG/For.All.Mankind.S03.1080p.WEBRip.x265-RARBG/For.All.Mankind.S03E02.1080p.WEBRip.x265-RARBG.mp4,3,2,7772588,
803,540,1080,1,52,447,1024,52,383940,0.658,4.90813309996156,30216,/home/amos/media/tv/For.All.Mankind.S01-S03.1080p.WEBRip.x265-RARBG/For.All.Mankind.S03.1080p.WEBRip.x265-RARBG/For.All.Mankind.S03E02.1080p.WEBRip.x265-RARBG.mp4,3,2,7772588,
804,540,1080,0,203,19,566,203,66792,0.115,6.101932882156689,30240,/home/amos/media/tv/For.All.Mankind.S01-S03.1080p.WEBRip.x265-RARBG/For.All.Mankind.S03.1080p.WEBRip.x265-RARBG/For.All.Mankind.S03E02.1080p.WEBRip.x265-RARBG.mp4,3,2,7772588,
805,540,1080,1,80,354,686,80,166044,0.285,1.8517810780904256,30240,/home/amos/media/tv/For.All.Mankind.S01-S03.1080p.WEBRip.x265-RARBG/For.All.Mankind.S03.1080p.WEBRip.x265-RARBG/For.All.Mankind.S03E02.1080p.WEBRip.x265-RARBG.mp4,3,2,7772588,
806,540,1080,0,56,73,776,56,12240,0.021,3.0389410619973205,30264,/home/amos/media/tv/For.All.Mankind.S01-S03.1080p.WEBRip.x265-RARBG/For.All.Mankind.S03.1080p.WEBRip.x265-RARBG/For.All.Mankind.S03E02.1080p.WEBRip.x265-RARBG.mp4,3,2,7772588,
807,540,1080,1,239,32,544,239,63135,0.108,5.255416106374469,30264,/home/amos/media/tv/For.All.Mankind.S01-S03.1080p.WEBRip.x265-RARBG/For.All.Mankind.S03.1080p.WEBRip.x265-RARBG/For.All.Mankind.S03E02.1080p.WEBRip.x265-RARBG.mp4,3,2,7772588,
808,540,1080,0,51,73,816,51,16830,0.029,3.206919099378865,30288,/home/amos/media/tv/For.All.Mankind.S01-S03.1080p.WEBRip.x265-RARBG/For.All.Mankind.S03.1080p.WEBRip.x265-RARBG/For.All.Mankind.S03E02.1080p.WEBRip.x265-RARBG.mp4,3,2,7772588,
809,540,1080,1,221,51,575,221,60180,0.103,3.911090039124247,30288,/home/amos/media/tv/For.All.Mankind.S01-S03.1080p.WEBRip.x265-RARBG/For.All.Mankind.S03.1080p.WEBRip.x265-RARBG/For.All.Mankind.S03E02.1080p.WEBRip.x265-RARBG.mp4,3,2,7772588,
810,540,1080,0,72,133,894,72,50142,0.086,3.3406731332070194,30336,/home/amos/media/tv/For.All.Mankind.S01-S03.1080p.WEBRip.x265-RARBG/For.All.Mankind.S03.1080p.WEBRip.x265-RARBG/For.All.Mankind.S03E02.1080p.WEBRip.x265-RARBG.mp4,3,2,7772588,
811,540,1080,0,67,306,764,67,166583,0.286,2.428384082915727,30360,/home/amos/media/tv/For.All.Mankind.S01-S03.1080p.WEBRip.x265-RARBG/For.All.Mankind.S03.1080p.WEBRip.x265-RARBG/For.All.Mankind.S03E02.1080p.WEBRip.x265-RARBG.mp4,3,2,7772588,
812,540,1080,0,70,385,941,70,274365,0.47,5.016143006738275,30384,/home/amos/media/tv/For.All.Mankind.S01-S03.1080p.WEBRip.x265-RARBG/For.All.Mankind.S03.1080p.WEBRip.x265-RARBG/For.All.Mankind.S03E02.1080p.WEBRip.x265-RARBG.mp4,3,2,7772588,
813,540,1080,0,96,78,631,96,9630,0.017,9.693875100056175,30432,/home/amos/media/tv/For.All.Mankind.S01-S03.1080p.WEBRip.x265-RARBG/For.All.Mankind.S03.1080p.WEBRip.x265-RARBG/For.All.Mankind.S03E02.1080p.WEBRip.x265-RARBG.mp4,3,2,7772588,
814,540,1080,1,128,195,430,128,20234,0.035,3.0210060942335986,30432,/home/amos/media/tv/For.All.Mankind.S01-S03.1080p.WEBRip.x265-RARBG/For.All.Mankind.S03.1080p.WEBRip.x265-RARBG/For.All.Mankind.S03E02.1080p.WEBRip.x265-RARBG.mp4,3,2,7772588,
815,540,1080,0,78,57,619,78,11361,0.019,2.953261900518555,30456,/home/amos/media/tv/For.All.Mankind.S01-S03.1080p.WEBRip.x265-RARBG/For.All.Mankind.S03.1080p.WEBRip.x265-RARBG/For.All.Mankind.S03E02.1080p.WEBRip.x265-RARBG.mp4,3,2,7772588,
816,540,1080,0,93,55,644,93,20938,0.036,6.260172094625887,30504,/home/amos/media/tv/For.All.Mankind.S01-S03.1080p.WEBRip.x265-RARBG/For.All.Mankind.S03.1080p.WEBRip.x265-RARBG/For.All.Mankind.S03E02.1080p.WEBRip.x265-RARBG.mp4,3,2,7772588,
817,540,1080,0,158,157,735,158,577,0.001,3.775679055543151,30792,/home/amos/media/tv/For.All.Mankind.S01-S03.1080p.WEBRip.x265-RARBG/For.All.Mankind.S03.1080p.WEBRip.x265-RARBG/For.All.Mankind.S03E02.1080p.WEBRip.x265-RARBG.mp4,3,2,7772588,
818,540,1080,0,165,122,534,165,15867,0.027,9.017854009289294,30816,/home/amos/media/tv/For.All.Mankind.S01-S03.1080p.WEBRip.x265-RARBG/For.All.Mankind.S03.1080p.WEBRip.x265-RARBG/For.All.Mankind.S03E02.1080p.WEBRip.x265-RARBG.mp4,3,2,7772588,
819,540,1080,0,182,131,619,182,22287,0.038,6.143363026087172,30840,/home/amos/media/tv/For.All.Mankind.S01-S03.1080p.WEBRip.x265-RARBG/For.All.Mankind.S03.1080p.WEBRip.x265-RARBG/For.All.Mankind.S03E02.1080p.WEBRip.x265-RARBG.mp4,3,2,7772588,
820,540,1080,0,80,132,481,80,20852,0.036,6.639959088002797,30864,/home/amos/media/tv/For.All.Mankind.S01-S03.1080p.WEBRip.x265-RARBG/For.All.Mankind.S03.1080p.WEBRip.x265-RARBG/For.All.Mankind.S03E02.1080p.WEBRip.x265-RARBG.mp4,3,2,7772588,
821,540,1080,0,81,138,484,81,22971,0.039,5.484922052302864,31032,/home/amos/media/tv/For.All.Mankind.S01-S03.1080p.WEBRip.x265-RARBG/For.All.Mankind.S03.1080p.WEBRip.x265-RARBG/For.All.Mankind.S03E02.1080p.WEBRip.x265-RARBG.mp4,3,2,7772588,
822,540,1080,0,201,134,732,201,35577,0.061,4.940822995675262,31080,/home/amos/media/tv/For.All.Mankind.S01-S03.1080p.WEBRip.x265-RARBG/For.All.Mankind.S03.1080p.WEBRip.x265-RARBG/For.All.Mankind.S03E02.1080p.WEBRip.x265-RARBG.mp4,3,2,7772588,
823,540,1080,0,204,145,718,204,30326,0.052,4.902914037636947,31104,/home/amos/media/tv/For.All.Mankind.S01-S03.1080p.WEBRip.x265-RARBG/For.All.Mankind.S03.1080p.WEBRip.x265-RARBG/For.All.Mankind.S03E02.1080p.WEBRip.x265-RARBG.mp4,3,2,7772588,
824,540,1080,0,207,145,735,207,32736,0.056,6.9089689899701625,31128,/home/amos/media/tv/For.All.Mankind.S01-S03.1080p.WEBRip.x265-RARBG/For.All.Mankind.S03.1080p.WEBRip.x265-RARBG/For.All.Mankind.S03E02.1080p.WEBRip.x265-RARBG.mp4,3,2,7772588,
825,540,1080,0,272,118,587,272,48510,0.083,7.157835135352798,31416,/home/amos/media/tv/For.All.Mankind.S01-S03.1080p.WEBRip.x265-RARBG/For.All.Mankind.S03.1080p.WEBRip.x265-RARBG/For.All.Mankind.S03E02.1080p.WEBRip.x265-RARBG.mp4,3,2,7772588,
826,540,1080,0,270,112,589,270,50402,0.086,8.312701145885512,31440,/home/amos/media/tv/For.All.Mankind.S01-S03.1080p.WEBRip.x265-RARBG/For.All.Mankind.S03.1080p.WEBRip.x265-RARBG/For.All.Mankind.S03E02.1080p.WEBRip.x265-RARBG.mp4,3,2,7772588,
827,540,1080,0,269,124,596,269,47415,0.081,9.11541109875543,31464,/home/amos/media/tv/For.All.Mankind.S01-S03.1080p.WEBRip.x265-RARBG/For.All.Mankind.S03.1080p.WEBRip.x265-RARBG/For.All.Mankind.S03E02.1080p.WEBRip.x265-RARBG.mp4,3,2,7772588,
828,540,1080,0,266,117,601,266,49915,0.086,8.636578011792153,31488,/home/amos/media/tv/For.All.Mankind.S01-S03.1080p.WEBRip.x265-RARBG/For.All.Mankind.S03.1080p.WEBRip.x265-RARBG/For.All.Mankind.S03E02.1080p.WEBRip.x265-RARBG.mp4,3,2,7772588,
829,540,1080,0,268,75,598,268,63690,0.109,7.887560045113787,31512,/home/amos/media/tv/For.All.Mankind.S01-S03.1080p.WEBRip.x265-RARBG/For.All.Mankind.S03.1080p.WEBRip.x265-RARBG/For.All.Mankind.S03E02.1080p.WEBRip.x265-RARBG.mp4,3,2,7772588,
830,540,1080,0,91,164,838,91,54531,0.094,2.087484081450384,31608,/home/amos/media/tv/For.All.Mankind.S01-S03.1080p.WEBRip.x265-RARBG/For.All.Mankind.S03.1080p.WEBRip.x265-RARBG/For.All.Mankind.S03E02.1080p.WEBRip.x265-RARBG.mp4,3,2,7772588,
831,540,1080,1,265,150,608,265,39445,0.068,7.274130081059411,31608,/home/amos/media/tv/For.All.Mankind.S01-S03.1080p.WEBRip.x265-RARBG/For.All.Mankind.S03.1080p.WEBRip.x265-RARBG/For.All.Mankind.S03E02.1080p.WEBRip.x265-RARBG.mp4,3,2,7772588,
832,540,1080,0,269,128,620,269,49491,0.085,7.744166981661692,31632,/home/amos/media/tv/For.All.Mankind.S01-S03.1080p.WEBRip.x265-RARBG/For.All.Mankind.S03.1080p.WEBRip.x265-RARBG/For.All.Mankind.S03E02.1080p.WEBRip.x265-RARBG.mp4,3,2,7772588,
833,540,1080,0,267,145,625,267,43676,0.075,8.331606004736386,31656,/home/amos/media/tv/For.All.Mankind.S01-S03.1080p.WEBRip.x265-RARBG/For.All.Mankind.S03.1080p.WEBRip.x265-RARBG/For.All.Mankind.S03E02.1080p.WEBRip.x265-RARBG.mp4,3,2,7772588,
834,540,1080,0,104,159,830,104,39930,0.068,3.523467065009754,31680,/home/amos/media/tv/For.All.Mankind.S01-S03.1080p.WEBRip.x265-RARBG/For.All.Mankind.S03.1080p.WEBRip.x265-RARBG/For.All.Mankind.S03E02.1080p.WEBRip.x265-RARBG.mp4,3,2,7772588,
835,540,1080,1,240,159,644,240,32724,0.056,2.706501993816346,31680,/home/amos/media/tv/For.All.Mankind.S01-S03.1080p.WEBRip.x265-RARBG/For.All.Mankind.S03.1080p.WEBRip.x265-RARBG/For.All.Mankind.S03E02.1080p.WEBRip.x265-RARBG.mp4,3,2,7772588,
836,540,1080,0,271,156,613,271,39330,0.067,8.222396128461696,31704,/home/amos/media/tv/For.All.Mankind.S01-S03.1080p.WEBRip.x265-RARBG/For.All.Mankind.S03.1080p.WEBRip.x265-RARBG/For.All.Mankind.S03E02.1080p.WEBRip.x265-RARBG.mp4,3,2,7772588,
837,540,1080,0,281,150,608,281,42837,0.073,4.67746905394597,31728,/home/amos/media/tv/For.All.Mankind.S01-S03.1080p.WEBRip.x265-RARBG/For.All.Mankind.S03.1080p.WEBRip.x265-RARBG/For.All.Mankind.S03E02.1080p.WEBRip.x265-RARBG.mp4,3,2,7772588,
838,540,1080,0,273,154,612,273,40341,0.069,6.48237311525736,31752,/home/amos/media/tv/For.All.Mankind.S01-S03.1080p.WEBRip.x265-RARBG/For.All.Mankind.S03.1080p.WEBRip.x265-RARBG/For.All.Mankind.S03E02.1080p.WEBRip.x265-RARBG.mp4,3,2,7772588,
839,540,1080,0,267,160,617,267,37450,0.064,2.9279050882323645,31776,/home/amos/media/tv/For.All.Mankind.S01-S03.1080p.WEBRip.x265-RARBG/For.All.Mankind.S03.1080p.WEBRip.x265-RARBG/For.All.Mankind.S03E02.1080p.WEBRip.x265-RARBG.mp4,3,2,7772588,
840,540,1080,0,268,161,611,268,36701,0.063,6.336079076339956,31800,/home/amos/media/tv/For.All.Mankind.S01-S03.1080p.WEBRip.x265-RARBG/For.All.Mankind.S03.1080p.WEBRip.x265-RARBG/For.All.Mankind.S03E02.1080p.WEBRip.x265-RARBG.mp4,3,2,7772588,
841,540,1080,0,276,169,547,276,28997,0.05,8.891197038057726,31920,/home/amos/media/tv/For.All.Mankind.S01-S03.1080p.WEBRip.x265-RARBG/For.All.Mankind.S03.1080p.WEBRip.x265-RARBG/For.All.Mankind.S03E02.1080p.WEBRip.x265-RARBG.mp4,3,2,7772588,
842,540,1080,0,269,163,554,269,30210,0.052,7.597473142261151,31944,/home/amos/media/tv/For.All.Mankind.S01-S03.1080p.WEBRip.x265-RARBG/For.All.Mankind.S03.1080p.WEBRip.x265-RARBG/For.All.Mankind.S03E02.1080p.WEBRip.x265-RARBG.mp4,3,2,7772588,
843,540,1080,0,273,147,546,273,34398,0.059,7.071586012316402,31968,/home/amos/media/tv/For.All.Mankind.S01-S03.1080p.WEBRip.x265-RARBG/For.All.Mankind.S03.1080p.WEBRip.x265-RARBG/For.All.Mankind.S03E02.1080p.WEBRip.x265-RARBG.mp4,3,2,7772588,
844,540,1080,0,274,111,547,274,44499,0.076,7.544257056491915,31992,/home/amos/media/tv/For.All.Mankind.S01-S03.1080p.WEBRip.x265-RARBG/For.All.Mankind.S03.1080p.WEBRip.x265-RARBG/For.All.Mankind.S03E02.1080p.WEBRip.x265-RARBG.mp4,3,2,7772588,
845,540,1080,0,200,48,653,200,68856,0.118,8.680148982617538,32256,/home/amos/media/tv/For.All.Mankind.S01-S03.1080p.WEBRip.x265-RARBG/For.All.Mankind.S03.1080p.WEBRip.x265-RARBG/For.All.Mankind.S03E02.1080p.WEBRip.x265-RARBG.mp4,3,2,7772588,
846,540,1080,0,200,193,730,200,3710,0.006,6.437055958958808,32304,/home/amos/media/tv/For.All.Mankind.S01-S03.1080p.WEBRip.x265-RARBG/For.All.Mankind.S03.1080p.WEBRip.x265-RARBG/For.All.Mankind.S03E02.1080p.WEBRip.x265-RARBG.mp4,3,2,7772588,
847,540,1080,0,332,29,515,332,55449,0.095,4.067271946871188,32520,/home/amos/media/tv/For.All.Mankind.S01-S03.1080p.WEBRip.x265-RARBG/For.All.Mankind.S03.1080p.WEBRip.x265-RARBG/For.All.Mankind.S03E02.1080p.WEBRip.x265-RARBG.mp4,3,2,7772588,
848,540,1080,0,52,310,259,52,53406,0.092,4.140125013596844,32544,/home/amos/media/tv/For.All.Mankind.S01-S03.1080p.WEBRip.x265-RARBG/For.All.Mankind.S03.1080p.WEBRip.x265-RARBG/For.All.Mankind.S03E02.1080p.WEBRip.x265-RARBG.mp4,3,2,7772588,
849,540,1080,1,54,348,267,54,62622,0.107,1.9101520025869831,32544,/home/amos/media/tv/For.All.Mankind.S01-S03.1080p.WEBRip.x265-RARBG/For.All.Mankind.S03.1080p.WEBRip.x265-RARBG/For.All.Mankind.S03E02.1080p.WEBRip.x265-RARBG.mp4,3,2,7772588,
850,540,1080,2,54,429,279,54,84375,0.145,1.095103041443508,32544,/home/amos/media/tv/For.All.Mankind.S01-S03.1080p.WEBRip.x265-RARBG/For.All.Mankind.S03.1080p.WEBRip.x265-RARBG/For.All.Mankind.S03E02.1080p.WEBRip.x265-RARBG.mp4,3,2,7772588,
851,540,1080,0,57,440,280,57,85409,0.146,-0.0716130163636989,32616,/home/amos/media/tv/For.All.Mankind.S01-S03.1080p.WEBRip.x265-RARBG/For.All.Mankind.S03.1080p.WEBRip.x265-RARBG/For.All.Mankind.S03E02.1080p.WEBRip.x265-RARBG.mp4,3,2,7772588,
852,540,1080,0,58,354,255,58,58312,0.1,0.9273341274238192,32640,/home/amos/media/tv/For.All.Mankind.S01-S03.1080p.WEBRip.x265-RARBG/For.All.Mankind.S03.1080p.WEBRip.x265-RARBG/For.All.Mankind.S03E02.1080p.WEBRip.x265-RARBG.mp4,3,2,7772588,
853,540,1080,1,56,438,273,56,82894,0.142,2.039955991494935,32640,/home/amos/media/tv/For.All.Mankind.S01-S03.1080p.WEBRip.x265-RARBG/For.All.Mankind.S03.1080p.WEBRip.x265-RARBG/For.All.Mankind.S03E02.1080p.WEBRip.x265-RARBG.mp4,3,2,7772588,
854,540,1080,0,308,18,541,308,67570,0.116,5.965608989528846,32664,/home/amos/media/tv/For.All.Mankind.S01-S03.1080p.WEBRip.x265-RARBG/For.All.Mankind.S03.1080p.WEBRip.x265-RARBG/For.All.Mankind.S03E02.1080p.WEBRip.x265-RARBG.mp4,3,2,7772588,
855,540,1080,0,318,36,532,318,60348,0.103,2.3500820137560368,32712,/home/amos/media/tv/For.All.Mankind.S01-S03.1080p.WEBRip.x265-RARBG/For.All.Mankind.S03.1080p.WEBRip.x265-RARBG/For.All.Mankind.S03E02.1080p.WEBRip.x265-RARBG.mp4,3,2,7772588,
856,540,1080,0,315,54,517,315,52722,0.09,2.4250439989264123,32736,/home/amos/media/tv/For.All.Mankind.S01-S03.1080p.WEBRip.x265-RARBG/For.All.Mankind.S03.1080p.WEBRip.x265-RARBG/For.All.Mankind.S03E02.1080p.WEBRip.x265-RARBG.mp4,3,2,7772588,
857,540,1080,0,55,366,269,55,66554,0.114,1.5796239934279583,32760,/home/amos/media/tv/For.All.Mankind.S01-S03.1080p.WEBRip.x265-RARBG/For.All.Mankind.S03.1080p.WEBRip.x265-RARBG/For.All.Mankind.S03E02.1080p.WEBRip.x265-RARBG.mp4,3,2,7772588,
858,540,1080,1,55,447,282,55,88984,0.153,2.1411781007773243,32760,/home/amos/media/tv/For.All.Mankind.S01-S03.1080p.WEBRip.x265-RARBG/For.All.Mankind.S03.1080p.WEBRip.x265-RARBG/For.All.Mankind.S03E02.1080p.WEBRip.x265-RARBG.mp4,3,2,7772588,
859,540,1080,0,53,370,269,53,68472,0.117,1.2994400143506937,32784,/home/amos/media/tv/For.All.Mankind.S01-S03.1080p.WEBRip.x265-RARBG/For.All.Mankind.S03.1080p.WEBRip.x265-RARBG/For.All.Mankind.S03E02.1080p.WEBRip.x265-RARBG.mp4,3,2,7772588,
860,540,1080,1,57,449,281,57,87808,0.151,2.895959106215741,32784,/home/amos/media/tv/For.All.Mankind.S01-S03.1080p.WEBRip.x265-RARBG/For.All.Mankind.S03.1080p.WEBRip.x265-RARBG/For.All.Mankind.S03E02.1080p.WEBRip.x265-RARBG.mp4,3,2,7772588,
861,540,1080,0,34,303,260,34,60794,0.104,0.7244960904936306,32808,/home/amos/media/tv/For.All.Mankind.S01-S03.1080p.WEBRip.x265-RARBG/For.All.Mankind.S03.1080p.WEBRip.x265-RARBG/For.All.Mankind.S03E02.1080p.WEBRip.x265-RARBG.mp4,3,2,7772588,
862,540,1080,1,54,368,270,54,67824,0.116,2.457303043862339,32808,/home/amos/media/tv/For.All.Mankind.S01-S03.1080p.WEBRip.x265-RARBG/For.All.Mankind.S03.1080p.WEBRip.x265-RARBG/For.All.Mankind.S03E02.1080p.WEBRip.x265-RARBG.mp4,3,2,7772588,
863,540,1080,2,57,448,282,57,87975,0.151,4.688809066487011,32808,/home/amos/media/tv/For.All.Mankind.S01-S03.1080p.WEBRip.x265-RARBG/For.All.Mankind.S03.1080p.WEBRip.x265-RARBG/For.All.Mankind.S03E02.1080p.WEBRip.x265-RARBG.mp4,3,2,7772588,
864,540,1080,0,254,162,594,254,31280,0.054,5.628759051905945,32832,/home/amos/media/tv/For.All.Mankind.S01-S03.1080p.WEBRip.x265-RARBG/For.All.Mankind.S03.1080p.WEBRip.x265-RARBG/For.All.Mankind.S03E02.1080p.WEBRip.x265-RARBG.mp4,3,2,7772588,
865,540,1080,0,254,62,570,254,60672,0.104,6.769453124084976,32856,/home/amos/media/tv/For.All.Mankind.S01-S03.1080p.WEBRip.x265-RARBG/For.All.Mankind.S03.1080p.WEBRip.x265-RARBG/For.All.Mankind.S03E02.1080p.WEBRip.x265-RARBG.mp4,3,2,7772588,
866,540,1080,0,238,44,544,238,59364,0.102,5.878783136489801,32880,/home/amos/media/tv/For.All.Mankind.S01-S03.1080p.WEBRip.x265-RARBG/For.All.Mankind.S03.1080p.WEBRip.x265-RARBG/For.All.Mankind.S03E02.1080p.WEBRip.x265-RARBG.mp4,3,2,7772588,
867,540,1080,0,220,105,333,220,12995,0.022,6.435424961906392,33072,/home/amos/media/tv/For.All.Mankind.S01-S03.1080p.WEBRip.x265-RARBG/For.All.Mankind.S03.1080p.WEBRip.x265-RARBG/For.All.Mankind.S03E02.1080p.WEBRip.x265-RARBG.mp4,3,2,7772588,
868,540,1080,0,235,89,338,235,15038,0.026,7.442472030583303,33096,/home/amos/media/tv/For.All.Mankind.S01-S03.1080p.WEBRip.x265-RARBG/For.All.Mankind.S03.1080p.WEBRip.x265-RARBG/For.All.Mankind.S03E02.1080p.WEBRip.x265-RARBG.mp4,3,2,7772588,
869,540,1080,0,193,100,663,193,43710,0.075,6.760314115672372,33192,/home/amos/media/tv/For.All.Mankind.S01-S03.1080p.WEBRip.x265-RARBG/For.All.Mankind.S03.1080p.WEBRip.x265-RARBG/For.All.Mankind.S03E02.1080p.WEBRip.x265-RARBG.mp4,3,2,7772588,
870,540,1080,0,190,96,666,190,44744,0.077,6.137262080563232,33216,/home/amos/media/tv/For.All.Mankind.S01-S03.1080p.WEBRip.x265-RARBG/For.All.Mankind.S03.1080p.WEBRip.x265-RARBG/For.All.Mankind.S03E02.1080p.WEBRip.x265-RARBG.mp4,3,2,7772588,
871,540,1080,0,190,100,674,190,43560,0.075,4.7251311125583015,33240,/home/amos/media/tv/For.All.Mankind.S01-S03.1080p.WEBRip.x265-RARBG/For.All.Mankind.S03.1080p.WEBRip.x265-RARBG/For.All.Mankind.S03E02.1080p.WEBRip.x265-RARBG.mp4,3,2,7772588,
872,540,1080,0,121,68,317,121,10388,0.018,4.040538962755818,33336,/home/amos/media/tv/For.All.Mankind.S01-S03.1080p.WEBRip.x265-RARBG/For.All.Mankind.S03.1080p.WEBRip.x265-RARBG/For.All.Mankind.S03E02.1080p.WEBRip.x265-RARBG.mp4,3,2,7772588,
873,540,1080,0,113,79,331,113,7412,0.013,4.823809163528495,33384,/home/amos/media/tv/For.All.Mankind.S01-S03.1080p.WEBRip.x265-RARBG/For.All.Mankind.S03.1080p.WEBRip.x265-RARBG/For.All.Mankind.S03E02.1080p.WEBRip.x265-RARBG.mp4,3,2,7772588,
874,540,1080,0,237,75,294,237,9234,0.016,6.26904613658553,33480,/home/amos/media/tv/For.All.Mankind.S01-S03.1080p.WEBRip.x265-RARBG/For.All.Mankind.S03.1080p.WEBRip.x265-RARBG/For.All.Mankind.S03E02.1080p.WEBRip.x265-RARBG.mp4,3,2,7772588,
875,540,1080,0,59,411,141,59,28864,0.049,3.056679135072045,33552,/home/amos/media/tv/For.All.Mankind.S01-S03.1080p.WEBRip.x265-RARBG/For.All.Mankind.S03.1080p.WEBRip.x265-RARBG/For.All.Mankind.S03E02.1080p.WEBRip.x265-RARBG.mp4,3,2,7772588,
876,540,1080,0,60,409,143,60,28967,0.05,3.822094174742233,33600,/home/amos/media/tv/For.All.Mankind.S01-S03.1080p.WEBRip.x265-RARBG/For.All.Mankind.S03.1080p.WEBRip.x265-RARBG/For.All.Mankind.S03E02.1080p.WEBRip.x265-RARBG.mp4,3,2,7772588,
877,540,1080,0,109,80,595,109,14094,0.024,3.711344014678616,33624,/home/amos/media/tv/For.All.Mankind.S01-S03.1080p.WEBRip.x265-RARBG/For.All.Mankind.S03.1080p.WEBRip.x265-RARBG/For.All.Mankind.S03E02.1080p.WEBRip.x265-RARBG.mp4,3,2,7772588,
878,540,1080,0,104,82,593,104,10758,0.018,4.946922153758351,33648,/home/amos/media/tv/For.All.Mankind.S01-S03.1080p.WEBRip.x265-RARBG/For.All.Mankind.S03.1080p.WEBRip.x265-RARBG/For.All.Mankind.S03E02.1080p.WEBRip.x265-RARBG.mp4,3,2,7772588,
879,540,1080,1,393,40,522,393,45537,0.078,3.7191221527173184,33648,/home/amos/media/tv/For.All.Mankind.S01-S03.1080p.WEBRip.x265-RARBG/For.All.Mankind.S03.1080p.WEBRip.x265-RARBG/For.All.Mankind.S03E02.1080p.WEBRip.x265-RARBG.mp4,3,2,7772588,
880,540,1080,0,121,81,584,121,18520,0.032,3.459165028121788,33672,/home/amos/media/tv/For.All.Mankind.S01-S03.1080p.WEBRip.x265-RARBG/For.All.Mankind.S03.1080p.WEBRip.x265-RARBG/For.All.Mankind.S03E02.1080p.WEBRip.x265-RARBG.mp4,3,2,7772588,
881,540,1080,1,401,39,515,401,41268,0.071,4.987535082444083,33672,/home/amos/media/tv/For.All.Mankind.S01-S03.1080p.WEBRip.x265-RARBG/For.All.Mankind.S03.1080p.WEBRip.x265-RARBG/For.All.Mankind.S03E02.1080p.WEBRip.x265-RARBG.mp4,3,2,7772588,
882,540,1080,0,78,117,685,78,23673,0.041,5.865372109401505,33888,/home/amos/media/tv/For.All.Mankind.S01-S03.1080p.WEBRip.x265-RARBG/For.All.Mankind.S03.1080p.WEBRip.x265-RARBG/For.All.Mankind.S03E02.1080p.WEBRip.x265-RARBG.mp4,3,2,7772588,
883,540,1080,0,83,100,675,83,10064,0.017,4.939394023211207,33984,/home/amos/media/tv/For.All.Mankind.S01-S03.1080p.WEBRip.x265-RARBG/For.All.Mankind.S03.1080p.WEBRip.x265-RARBG/For.All.Mankind.S03E02.1080p.WEBRip.x265-RARBG.mp4,3,2,7772588,
884,540,1080,0,67,156,245,67,15842,0.027,3.5303491199738346,34008,/home/amos/media/tv/For.All.Mankind.S01-S03.1080p.WEBRip.x265-RARBG/For.All.Mankind.S03.1080p.WEBRip.x265-RARBG/For.All.Mankind.S03E02.1080p.WEBRip.x265-RARBG.mp4,3,2,7772588,
885,540,1080,0,69,160,245,69,16016,0.027,2.403504091722425,34032,/home/amos/media/tv/For.All.Mankind.S01-S03.1080p.WEBRip.x265-RARBG/For.All.Mankind.S03.1080p.WEBRip.x265-RARBG/For.All.Mankind.S03E02.1080p.WEBRip.x265-RARBG.mp4,3,2,7772588,
886,540,1080,0,274,131,563,274,41327,0.071,4.937591052497737,34080,/home/amos/media/tv/For.All.Mankind.S01-S03.1080p.WEBRip.x265-RARBG/For.All.Mankind.S03.1080p.WEBRip.x265-RARBG/For.All.Mankind.S03E02.1080p.WEBRip.x265-RARBG.mp4,3,2,7772588,
887,540,1080,0,259,153,560,259,31906,0.055,6.1244251333992,34104,/home/amos/media/tv/For.All.Mankind.S01-S03.1080p.WEBRip.x265-RARBG/For.All.Mankind.S03.1080p.WEBRip.x265-RARBG/For.All.Mankind.S03E02.1080p.WEBRip.x265-RARBG.mp4,3,2,7772588,
888,540,1080,0,256,158,564,256,30184,0.052,4.339467022975441,34128,/home/amos/media/tv/For.All.Mankind.S01-S03.1080p.WEBRip.x265-RARBG/For.All.Mankind.S03.1080p.WEBRip.x265-RARBG/For.All.Mankind.S03E02.1080p.WEBRip.x265-RARBG.mp4,3,2,7772588,
889,540,1080,0,348,62,590,348,69212,0.119,5.85467906302074,34368,/home/amos/media/tv/For.All.Mankind.S01-S03.1080p.WEBRip.x265-RARBG/For.All.Mankind.S03.1080p.WEBRip.x265-RARBG/For.All.Mankind.S03E02.1080p.WEBRip.x265-RARBG.mp4,3,2,7772588,
890,540,1080,0,343,80,538,343,51285,0.088,5.970383937295992,34392,/home/amos/media/tv/For.All.Mankind.S01-S03.1080p.WEBRip.x265-RARBG/For.All.Mankind.S03.1080p.WEBRip.x265-RARBG/For.All.Mankind.S03E02.1080p.WEBRip.x265-RARBG.mp4,3,2,7772588,
891,540,1080,0,375,38,523,375,49876,0.086,8.751889043720439,34536,/home/amos/media/tv/For.All.Mankind.S01-S03.1080p.WEBRip.x265-RARBG/For.All.Mankind.S03.1080p.WEBRip.x265-RARBG/For.All.Mankind.S03E02.1080p.WEBRip.x265-RARBG.mp4,3,2,7772588,
892,540,1080,0,61,409,155,61,32712,0.056,1.3238730977172963,34560,/home/amos/media/tv/For.All.Mankind.S01-S03.1080p.WEBRip.x265-RARBG/For.All.Mankind.S03.1080p.WEBRip.x265-RARBG/For.All.Mankind.S03E02.1080p.WEBRip.x265-RARBG.mp4,3,2,7772588,
893,540,1080,0,330,40,484,330,44660,0.077,9.81773793924367,34824,/home/amos/media/tv/For.All.Mankind.S01-S03.1080p.WEBRip.x265-RARBG/For.All.Mankind.S03.1080p.WEBRip.x265-RARBG/For.All.Mankind.S03E02.1080p.WEBRip.x265-RARBG.mp4,3,2,7772588,
894,540,1080,0,247,107,341,247,13160,0.023,6.659434036177117,34920,/home/amos/media/tv/For.All.Mankind.S01-S03.1080p.WEBRip.x265-RARBG/For.All.Mankind.S03.1080p.WEBRip.x265-RARBG/For.All.Mankind.S03E02.1080p.WEBRip.x265-RARBG.mp4,3,2,7772588,
895,540,1080,1,51,372,226,51,56175,0.096,4.142070020723622,34920,/home/amos/media/tv/For.All.Mankind.S01-S03.1080p.WEBRip.x265-RARBG/For.All.Mankind.S03.1080p.WEBRip.x265-RARBG/For.All.Mankind.S03E02.1080p.WEBRip.x265-RARBG.mp4,3,2,7772588,
896,540,1080,2,55,456,289,55,93834,0.161,3.485202007985208,34920,/home/amos/media/tv/For.All.Mankind.S01-S03.1080p.WEBRip.x265-RARBG/For.All.Mankind.S03.1080p.WEBRip.x265-RARBG/For.All.Mankind.S03E02.1080p.WEBRip.x265-RARBG.mp4,3,2,7772588,
897,540,1080,0,53,459,286,53,94598,0.162,7.665715930110309,34944,/home/amos/media/tv/For.All.Mankind.S01-S03.1080p.WEBRip.x265-RARBG/For.All.Mankind.S03.1080p.WEBRip.x265-RARBG/For.All.Mankind.S03E02.1080p.WEBRip.x265-RARBG.mp4,3,2,7772588,
898,540,1080,0,239,112,331,239,11684,0.02,4.996050062996801,34968,/home/amos/media/tv/For.All.Mankind.S01-S03.1080p.WEBRip.x265-RARBG/For.All.Mankind.S03.1080p.WEBRip.x265-RARBG/For.All.Mankind.S03E02.1080p.WEBRip.x265-RARBG.mp4,3,2,7772588,
899,540,1080,1,53,462,286,53,95297,0.163,5.801332977658603,34968,/home/amos/media/tv/For.All.Mankind.S01-S03.1080p.WEBRip.x265-RARBG/For.All.Mankind.S03.1080p.WEBRip.x265-RARBG/For.All.Mankind.S03E02.1080p.WEBRip.x265-RARBG.mp4,3,2,7772588,
900,540,1080,0,351,44,551,351,61400,0.105,6.37871496839216,34992,/home/amos/media/tv/For.All.Mankind.S01-S03.1080p.WEBRip.x265-RARBG/For.All.Mankind.S03.1080p.WEBRip.x265-RARBG/For.All.Mankind.S03E02.1080p.WEBRip.x265-RARBG.mp4,3,2,7772588,
901,540,1080,0,346,46,543,346,59100,0.101,4.077510975126643,35016,/home/amos/media/tv/For.All.Mankind.S01-S03.1080p.WEBRip.x265-RARBG/For.All.Mankind.S03.1080p.WEBRip.x265-RARBG/For.All.Mankind.S03E02.1080p.WEBRip.x265-RARBG.mp4,3,2,7772588,
902,540,1080,0,379,31,540,379,56028,0.096,5.111850040499121,35040,/home/amos/media/tv/For.All.Mankind.S01-S03.1080p.WEBRip.x265-RARBG/For.All.Mankind.S03.1080p.WEBRip.x265-RARBG/For.All.Mankind.S03E02.1080p.WEBRip.x265-RARBG.mp4,3,2,7772588,
903,540,1080,0,110,181,420,110,22010,0.038,2.669408999790903,35064,/home/amos/media/tv/For.All.Mankind.S01-S03.1080p.WEBRip.x265-RARBG/For.All.Mankind.S03.1080p.WEBRip.x265-RARBG/For.All.Mankind.S03E02.1080p.WEBRip.x265-RARBG.mp4,3,2,7772588,
904,540,1080,1,68,235,472,68,67468,0.116,7.207829056831542,35064,/home/amos/media/tv/For.All.Mankind.S01-S03.1080p.WEBRip.x265-RARBG/For.All.Mankind.S03.1080p.WEBRip.x265-RARBG/For.All.Mankind.S03E02.1080p.WEBRip.x265-RARBG.mp4,3,2,7772588,
905,540,1080,0,181,136,634,181,20385,0.035,6.877031090611126,35160,/home/amos/media/tv/For.All.Mankind.S01-S03.1080p.WEBRip.x265-RARBG/For.All.Mankind.S03.1080p.WEBRip.x265-RARBG/For.All.Mankind.S03E02.1080p.WEBRip.x265-RARBG.mp4,3,2,7772588,
906,540,1080,0,191,131,638,191,26820,0.046,10.828103091276716,35184,/home/amos/media/tv/For.All.Mankind.S01-S03.1080p.WEBRip.x265-RARBG/For.All.Mankind.S03.1080p.WEBRip.x265-RARBG/For.All.Mankind.S03E02.1080p.WEBRip.x265-RARBG.mp4,3,2,7772588,
907,540,1080,0,89,99,525,89,4360,0.007,7.645816124684643,35328,/home/amos/media/tv/For.All.Mankind.S01-S03.1080p.WEBRip.x265-RARBG/For.All.Mankind.S03.1080p.WEBRip.x265-RARBG/For.All.Mankind.S03E02.1080p.WEBRip.x265-RARBG.mp4,3,2,7772588,
908,540,1080,0,88,76,623,88,6420,0.011,8.387364960217383,35352,/home/amos/media/tv/For.All.Mankind.S01-S03.1080p.WEBRip.x265-RARBG/For.All.Mankind.S03.1080p.WEBRip.x265-RARBG/For.All.Mankind.S03E02.1080p.WEBRip.x265-RARBG.mp4,3,2,7772588,
909,540,1080,0,86,84,647,86,1122,0.002,7.939707932469901,35376,/home/amos/media/tv/For.All.Mankind.S01-S03.1080p.WEBRip.x265-RARBG/For.All.Mankind.S03.1080p.WEBRip.x265-RARBG/For.All.Mankind.S03E02.1080p.WEBRip.x265-RARBG.mp4,3,2,7772588,
910,540,1080,0,144,82,329,144,11470,0.02,5.835766023374163,35760,/home/amos/media/tv/For.All.Mankind.S01-S03.1080p.WEBRip.x265-RARBG/For.All.Mankind.S03.1080p.WEBRip.x265-RARBG/For.All.Mankind.S03E02.1080p.WEBRip.x265-RARBG.mp4,3,2,7772588,
911,540,1080,0,140,78,308,140,10416,0.018,4.550873058848083,35784,/home/amos/media/tv/For.All.Mankind.S01-S03.1080p.WEBRip.x265-RARBG/For.All.Mankind.S03.1080p.WEBRip.x265-RARBG/For.All.Mankind.S03E02.1080p.WEBRip.x265-RARBG.mp4,3,2,7772588,
912,540,1080,1,75,274,212,75,27263,0.047,3.506034005782567,35784,/home/amos/media/tv/For.All.Mankind.S01-S03.1080p.WEBRip.x265-RARBG/For.All.Mankind.S03.1080p.WEBRip.x265-RARBG/For.All.Mankind.S03E02.1080p.WEBRip.x265-RARBG.mp4,3,2,7772588,
913,540,1080,0,143,79,311,143,10752,0.018,6.925023031421006,35808,/home/amos/media/tv/For.All.Mankind.S01-S03.1080p.WEBRip.x265-RARBG/For.All.Mankind.S03.1080p.WEBRip.x265-RARBG/For.All.Mankind.S03E02.1080p.WEBRip.x265-RARBG.mp4,3,2,7772588,
914,540,1080,0,147,72,324,147,13275,0.023,6.512328139971942,35832,/home/amos/media/tv/For.All.Mankind.S01-S03.1080p.WEBRip.x265-RARBG/For.All.Mankind.S03.1080p.WEBRip.x265-RARBG/For.All.Mankind.S03E02.1080p.WEBRip.x265-RARBG.mp4,3,2,7772588,
915,540,1080,0,145,89,330,145,10360,0.018,6.059561100206338,35856,/home/amos/media/tv/For.All.Mankind.S01-S03.1080p.WEBRip.x265-RARBG/For.All.Mankind.S03.1080p.WEBRip.x265-RARBG/For.All.Mankind.S03E02.1080p.WEBRip.x265-RARBG.mp4,3,2,7772588,
916,540,1080,0,145,89,338,145,10808,0.019,9.072523007867858,35880,/home/amos/media/tv/For.All.Mankind.S01-S03.1080p.WEBRip.x265-RARBG/For.All.Mankind.S03.1080p.WEBRip.x265-RARBG/For.All.Mankind.S03E02.1080p.WEBRip.x265-RARBG.mp4,3,2,7772588,
917,540,1080,0,151,88,344,151,12159,0.021,7.945334072399419,35904,/home/amos/media/tv/For.All.Mankind.S01-S03.1080p.WEBRip.x265-RARBG/For.All.Mankind.S03.1080p.WEBRip.x265-RARBG/For.All.Mankind.S03E02.1080p.WEBRip.x265-RARBG.mp4,3,2,7772588,
918,540,1080,0,155,102,345,155,10070,0.017,8.107401085610036,35928,/home/amos/media/tv/For.All.Mankind.S01-S03.1080p.WEBRip.x265-RARBG/For.All.Mankind.S03.1080p.WEBRip.x265-RARBG/For.All.Mankind.S03E02.1080p.WEBRip.x265-RARBG.mp4,3,2,7772588,
919,540,1080,0,159,100,341,159,10738,0.018,8.114243104646448,35952,/home/amos/media/tv/For.All.Mankind.S01-S03.1080p.WEBRip.x265-RARBG/For.All.Mankind.S03.1080p.WEBRip.x265-RARBG/For.All.Mankind.S03E02.1080p.WEBRip.x265-RARBG.mp4,3,2,7772588,
920,540,1080,0,148,100,338,148,9120,0.016,6.844747130002361,35976,/home/amos/media/tv/For.All.Mankind.S01-S03.1080p.WEBRip.x265-RARBG/For.All.Mankind.S03.1080p.WEBRip.x265-RARBG/For.All.Mankind.S03E02.1080p.WEBRip.x265-RARBG.mp4,3,2,7772588,
921,540,1080,0,148,96,336,148,9776,0.017,4.084615105995908,36000,/home/amos/media/tv/For.All.Mankind.S01-S03.1080p.WEBRip.x265-RARBG/For.All.Mankind.S03.1080p.WEBRip.x265-RARBG/For.All.Mankind.S03E02.1080p.WEBRip.x265-RARBG.mp4,3,2,7772588,
922,540,1080,0,145,97,322,145,8496,0.015,5.852378117386252,36096,/home/amos/media/tv/For.All.Mankind.S01-S03.1080p.WEBRip.x265-RARBG/For.All.Mankind.S03.1080p.WEBRip.x265-RARBG/For.All.Mankind.S03E02.1080p.WEBRip.x265-RARBG.mp4,3,2,7772588,
923,540,1080,0,151,97,320,151,9126,0.016,6.011044173908886,36120,/home/amos/media/tv/For.All.Mankind.S01-S03.1080p.WEBRip.x265-RARBG/For.All.Mankind.S03.1080p.WEBRip.x265-RARBG/For.All.Mankind.S03E02.1080p.WEBRip.x265-RARBG.mp4,3,2,7772588,
924,540,1080,0,143,95,317,143,8352,0.014,5.087106104125269,36144,/home/amos/media/tv/For.All.Mankind.S01-S03.1080p.WEBRip.x265-RARBG/For.All.Mankind.S03.1080p.WEBRip.x265-RARBG/For.All.Mankind.S03E02.1080p.WEBRip.x265-RARBG.mp4,3,2,7772588,
925,540,1080,0,66,266,804,66,147600,0.253,2.4471971596358344,36264,/home/amos/media/tv/For.All.Mankind.S01-S03.1080p.WEBRip.x265-RARBG/For.All.Mankind.S03.1080p.WEBRip.x265-RARBG/For.All.Mankind.S03E02.1080p.WEBRip.x265-RARBG.mp4,3,2,7772588,
926,540,1080,0,59,439,355,59,112480,0.193,1.4051820511813276,36336,/home/amos/media/tv/For.All.Mankind.S01-S03.1080p.WEBRip.x265-RARBG/For.All.Mankind.S03.1080p.WEBRip.x265-RARBG/For.All.Mankind.S03E02.1080p.WEBRip.x265-RARBG.mp4,3,2,7772588,
927,540,1080,0,142,92,330,142,9400,0.016,6.096120100875851,36360,/home/amos/media/tv/For.All.Mankind.S01-S03.1080p.WEBRip.x265-RARBG/For.All.Mankind.S03.1080p.WEBRip.x265-RARBG/For.All.Mankind.S03E02.1080p.WEBRip.x265-RARBG.mp4,3,2,7772588,
928,540,1080,0,142,92,333,142,9550,0.016,8.40681013878202,36384,/home/amos/media/tv/For.All.Mankind.S01-S03.1080p.WEBRip.x265-RARBG/For.All.Mankind.S03.1080p.WEBRip.x265-RARBG/For.All.Mankind.S03E02.1080p.WEBRip.x265-RARBG.mp4,3,2,7772588,
929,540,1080,0,52,126,80,52,2072,0.004,2.820410083862953,36408,/home/amos/media/tv/For.All.Mankind.S01-S03.1080p.WEBRip.x265-RARBG/For.All.Mankind.S03.1080p.WEBRip.x265-RARBG/For.All.Mankind.S03E02.1080p.WEBRip.x265-RARBG.mp4,3,2,7772588,
930,540,1080,0,52,123,88,52,2556,0.004,1.711589107871987,36432,/home/amos/media/tv/For.All.Mankind.S01-S03.1080p.WEBRip.x265-RARBG/For.All.Mankind.S03.1080p.WEBRip.x265-RARBG/For.All.Mankind.S03E02.1080p.WEBRip.x265-RARBG.mp4,3,2,7772588,
931,540,1080,0,193,87,223,193,3180,0.005,6.632253070594743,36456,/home/amos/media/tv/For.All.Mankind.S01-S03.1080p.WEBRip.x265-RARBG/For.All.Mankind.S03.1080p.WEBRip.x265-RARBG/For.All.Mankind.S03E02.1080p.WEBRip.x265-RARBG.mp4,3,2,7772588,
932,540,1080,0,191,91,216,191,2500,0.004,8.629944030370098,36480,/home/amos/media/tv/For.All.Mankind.S01-S03.1080p.WEBRip.x265-RARBG/For.All.Mankind.S03.1080p.WEBRip.x265-RARBG/For.All.Mankind.S03E02.1080p.WEBRip.x265-RARBG.mp4,3,2,7772588,
933,540,1080,0,185,103,200,185,1230,0.002,7.775377042416949,36504,/home/amos/media/tv/For.All.Mankind.S01-S03.1080p.WEBRip.x265-RARBG/For.All.Mankind.S03.1080p.WEBRip.x265-RARBG/For.All.Mankind.S03E02.1080p.WEBRip.x265-RARBG.mp4,3,2,7772588,
934,540,1080,0,177,129,169,177,384,0.001,3.346923145581968,36528,/home/amos/media/tv/For.All.Mankind.S01-S03.1080p.WEBRip.x265-RARBG/For.All.Mankind.S03.1080p.WEBRip.x265-RARBG/For.All.Mankind.S03E02.1080p.WEBRip.x265-RARBG.mp4,3,2,7772588,
935,540,1080,0,179,125,170,179,486,0.001,5.369400112831499,36552,/home/amos/media/tv/For.All.Mankind.S01-S03.1080p.WEBRip.x265-RARBG/For.All.Mankind.S03.1080p.WEBRip.x265-RARBG/For.All.Mankind.S03E02.1080p.WEBRip.x265-RARBG.mp4,3,2,7772588,
936,540,1080,0,39,131,224,39,17020,0.029,2.033928127377294,36576,/home/amos/media/tv/For.All.Mankind.S01-S03.1080p.WEBRip.x265-RARBG/For.All.Mankind.S03.1080p.WEBRip.x265-RARBG/For.All.Mankind.S03E02.1080p.WEBRip.x265-RARBG.mp4,3,2,7772588,
937,540,1080,0,40,182,202,40,23004,0.039,3.2977050882182084,36720,/home/amos/media/tv/For.All.Mankind.S01-S03.1080p.WEBRip.x265-RARBG/For.All.Mankind.S03.1080p.WEBRip.x265-RARBG/For.All.Mankind.S03E02.1080p.WEBRip.x265-RARBG.mp4,3,2,7772588,
938,540,1080,0,156,95,311,156,9455,0.016,5.338181127386633,36840,/home/amos/media/tv/For.All.Mankind.S01-S03.1080p.WEBRip.x265-RARBG/For.All.Mankind.S03.1080p.WEBRip.x265-RARBG/For.All.Mankind.S03E02.1080p.WEBRip.x265-RARBG.mp4,3,2,7772588,
939,540,1080,0,156,97,309,156,9027,0.015,4.432942064770032,36864,/home/amos/media/tv/For.All.Mankind.S01-S03.1080p.WEBRip.x265-RARBG/For.All.Mankind.S03.1080p.WEBRip.x265-RARBG/For.All.Mankind.S03E02.1080p.WEBRip.x265-RARBG.mp4,3,2,7772588,
940,540,1080,0,147,103,295,147,6512,0.011,4.834738149424084,36888,/home/amos/media/tv/For.All.Mankind.S01-S03.1080p.WEBRip.x265-RARBG/For.All.Mankind.S03.1080p.WEBRip.x265-RARBG/For.All.Mankind.S03E02.1080p.WEBRip.x265-RARBG.mp4,3,2,7772588,
941,540,1080,0,149,101,303,149,7392,0.013,7.383736020245124,36912,/home/amos/media/tv/For.All.Mankind.S01-S03.1080p.WEBRip.x265-RARBG/For.All.Mankind.S03.1080p.WEBRip.x265-RARBG/For.All.Mankind.S03E02.1080p.WEBRip.x265-RARBG.mp4,3,2,7772588,
942,540,1080,0,153,97,309,153,8736,0.015,6.56273015588522,36936,/home/amos/media/tv/For.All.Mankind.S01-S03.1080p.WEBRip.x265-RARBG/For.All.Mankind.S03.1080p.WEBRip.x265-RARBG/For.All.Mankind.S03E02.1080p.WEBRip.x265-RARBG.mp4,3,2,7772588,
943,540,1080,0,137,76,528,137,23851,0.041,2.687045027210843,36984,/home/amos/media/tv/For.All.Mankind.S01-S03.1080p.WEBRip.x265-RARBG/For.All.Mankind.S03.1080p.WEBRip.x265-RARBG/For.All.Mankind.S03E02.1080p.WEBRip.x265-RARBG.mp4,3,2,7772588,
944,540,1080,0,168,76,460,168,26864,0.046,5.169653080112767,37008,/home/amos/media/tv/For.All.Mankind.S01-S03.1080p.WEBRip.x265-RARBG/For.All.Mankind.S03.1080p.WEBRip.x265-RARBG/For.All.Mankind.S03E02.1080p.WEBRip.x265-RARBG.mp4,3,2,7772588,
945,540,1080,0,147,107,461,147,12560,0.022,5.551448079233524,37056,/home/amos/media/tv/For.All.Mankind.S01-S03.1080p.WEBRip.x265-RARBG/For.All.Mankind.S03.1080p.WEBRip.x265-RARBG/For.All.Mankind.S03E02.1080p.WEBRip.x265-RARBG.mp4,3,2,7772588,
946,540,1080,0,132,104,445,132,8764,0.015,3.381803017051425,37080,/home/amos/media/tv/For.All.Mankind.S01-S03.1080p.WEBRip.x265-RARBG/For.All.Mankind.S03.1080p.WEBRip.x265-RARBG/For.All.Mankind.S03E02.1080p.WEBRip.x265-RARBG.mp4,3,2,7772588,
947,540,1080,0,126,102,448,126,7728,0.013,4.55456010781927,37104,/home/amos/media/tv/For.All.Mankind.S01-S03.1080p.WEBRip.x265-RARBG/For.All.Mankind.S03.1080p.WEBRip.x265-RARBG/For.All.Mankind.S03E02.1080p.WEBRip.x265-RARBG.mp4,3,2,7772588,
948,540,1080,0,128,103,445,128,7925,0.014,4.280419111193623,37128,/home/amos/media/tv/For.All.Mankind.S01-S03.1080p.WEBRip.x265-RARBG/For.All.Mankind.S03.1080p.WEBRip.x265-RARBG/For.All.Mankind.S03E02.1080p.WEBRip.x265-RARBG.mp4,3,2,7772588,
949,540,1080,0,129,97,445,129,10112,0.017,2.4974531283951364,37152,/home/amos/media/tv/For.All.Mankind.S01-S03.1080p.WEBRip.x265-RARBG/For.All.Mankind.S03.1080p.WEBRip.x265-RARBG/For.All.Mankind.S03E02.1080p.WEBRip.x265-RARBG.mp4,3,2,7772588,
950,540,1080,0,53,242,132,53,14931,0.026,3.015302050334867,37176,/home/amos/media/tv/For.All.Mankind.S01-S03.1080p.WEBRip.x265-RARBG/For.All.Mankind.S03.1080p.WEBRip.x265-RARBG/For.All.Mankind.S03E02.1080p.WEBRip.x265-RARBG.mp4,3,2,7772588,
951,540,1080,0,239,110,328,239,11481,0.02,5.361040953488555,37200,/home/amos/media/tv/For.All.Mankind.S01-S03.1080p.WEBRip.x265-RARBG/For.All.Mankind.S03.1080p.WEBRip.x265-RARBG/For.All.Mankind.S03E02.1080p.WEBRip.x265-RARBG.mp4,3,2,7772588,
952,540,1080,0,277,107,314,277,6290,0.011,8.035547055245843,37224,/home/amos/media/tv/For.All.Mankind.S01-S03.1080p.WEBRip.x265-RARBG/For.All.Mankind.S03.1080p.WEBRip.x265-RARBG/For.All.Mankind.S03E02.1080p.WEBRip.x265-RARBG.mp4,3,2,7772588,
953,540,1080,0,245,114,333,245,11528,0.02,8.008363148022909,37248,/home/amos/media/tv/For.All.Mankind.S01-S03.1080p.WEBRip.x265-RARBG/For.All.Mankind.S03.1080p.WEBRip.x265-RARBG/For.All.Mankind.S03E02.1080p.WEBRip.x265-RARBG.mp4,3,2,7772588,
954,540,1080,0,249,121,337,249,11264,0.019,3.3707991128903814,37272,/home/amos/media/tv/For.All.Mankind.S01-S03.1080p.WEBRip.x265-RARBG/For.All.Mankind.S03.1080p.WEBRip.x265-RARBG/For.All.Mankind.S03E02.1080p.WEBRip.x265-RARBG.mp4,3,2,7772588,
955,540,1080,0,238,123,345,238,12305,0.021,3.5296532593201846,37296,/home/amos/media/tv/For.All.Mankind.S01-S03.1080p.WEBRip.x265-RARBG/For.All.Mankind.S03.1080p.WEBRip.x265-RARBG/For.All.Mankind.S03E02.1080p.WEBRip.x265-RARBG.mp4,3,2,7772588,
956,540,1080,0,133,97,426,133,10548,0.018,6.04489598114742,37320,/home/amos/media/tv/For.All.Mankind.S01-S03.1080p.WEBRip.x265-RARBG/For.All.Mankind.S03.1080p.WEBRip.x265-RARBG/For.All.Mankind.S03E02.1080p.WEBRip.x265-RARBG.mp4,3,2,7772588,
957,540,1080,1,55,479,241,55,78864,0.135,1.3433590467902832,37320,/home/amos/media/tv/For.All.Mankind.S01-S03.1080p.WEBRip.x265-RARBG/For.All.Mankind.S03.1080p.WEBRip.x265-RARBG/For.All.Mankind.S03E02.1080p.WEBRip.x265-RARBG.mp4,3,2,7772588,
958,540,1080,0,70,141,446,70,26696,0.046,4.821762066450901,37560,/home/amos/media/tv/For.All.Mankind.S01-S03.1080p.WEBRip.x265-RARBG/For.All.Mankind.S03.1080p.WEBRip.x265-RARBG/For.All.Mankind.S03E02.1080p.WEBRip.x265-RARBG.mp4,3,2,7772588,
959,540,1080,0,56,167,739,56,75813,0.13,3.734609152830672,37584,/home/amos/media/tv/For.All.Mankind.S01-S03.1080p.WEBRip.x265-RARBG/For.All.Mankind.S03.1080p.WEBRip.x265-RARBG/For.All.Mankind.S03E02.1080p.WEBRip.x265-RARBG.mp4,3,2,7772588,
960,540,1080,0,56,167,748,56,76812,0.132,2.960835143865552,37608,/home/amos/media/tv/For.All.Mankind.S01-S03.1080p.WEBRip.x265-RARBG/For.All.Mankind.S03.1080p.WEBRip.x265-RARBG/For.All.Mankind.S03E02.1080p.WEBRip.x265-RARBG.mp4,3,2,7772588,
961,540,1080,0,54,170,769,54,82940,0.142,4.4877021060092375,37632,/home/amos/media/tv/For.All.Mankind.S01-S03.1080p.WEBRip.x265-RARBG/For.All.Mankind.S03.1080p.WEBRip.x265-RARBG/For.All.Mankind.S03E02.1080p.WEBRip.x265-RARBG.mp4,3,2,7772588,
962,540,1080,0,110,79,500,110,12090,0.021,4.9080860607209615,37776,/home/amos/media/tv/For.All.Mankind.S01-S03.1080p.WEBRip.x265-RARBG/For.All.Mankind.S03.1080p.WEBRip.x265-RARBG/For.All.Mankind.S03E02.1080p.WEBRip.x265-RARBG.mp4,3,2,7772588,
963,540,1080,0,124,76,432,124,14784,0.025,5.205183229059912,37800,/home/amos/media/tv/For.All.Mankind.S01-S03.1080p.WEBRip.x265-RARBG/For.All.Mankind.S03.1080p.WEBRip.x265-RARBG/For.All.Mankind.S03E02.1080p.WEBRip.x265-RARBG.mp4,3,2,7772588,
964,540,1080,0,103,81,312,103,4598,0.008,4.764579060196411,37824,/home/amos/media/tv/For.All.Mankind.S01-S03.1080p.WEBRip.x265-RARBG/For.All.Mankind.S03.1080p.WEBRip.x265-RARBG/For.All.Mankind.S03E02.1080p.WEBRip.x265-RARBG.mp4,3,2,7772588,
965,540,1080,0,156,63,388,156,21576,0.037,2.965019063267391,37848,/home/amos/media/tv/For.All.Mankind.S01-S03.1080p.WEBRip.x265-RARBG/For.All.Mankind.S03.1080p.WEBRip.x265-RARBG/For.All.Mankind.S03E02.1080p.WEBRip.x265-RARBG.mp4,3,2,7772588,
966,540,1080,0,142,70,420,142,20016,0.034,5.631311034027021,37872,/home/amos/media/tv/For.All.Mankind.S01-S03.1080p.WEBRip.x265-RARBG/For.All.Mankind.S03.1080p.WEBRip.x265-RARBG/For.All.Mankind.S03E02.1080p.WEBRip.x265-RARBG.mp4,3,2,7772588,
967,540,1080,0,115,79,299,115,6624,0.011,4.494782923313323,37896,/home/amos/media/tv/For.All.Mankind.S01-S03.1080p.WEBRip.x265-RARBG/For.All.Mankind.S03.1080p.WEBRip.x265-RARBG/For.All.Mankind.S03E02.1080p.WEBRip.x265-RARBG.mp4,3,2,7772588,
968,540,1080,0,89,415,693,89,196904,0.338,2.4237501534516923,37968,/home/amos/media/tv/For.All.Mankind.S01-S03.1080p.WEBRip.x265-RARBG/For.All.Mankind.S03.1080p.WEBRip.x265-RARBG/For.All.Mankind.S03E02.1080p.WEBRip.x265-RARBG.mp4,3,2,7772588,
969,540,1080,0,89,415,706,89,201142,0.345,2.913389137655031,37992,/home/amos/media/tv/For.All.Mankind.S01-S03.1080p.WEBRip.x265-RARBG/For.All.Mankind.S03.1080p.WEBRip.x265-RARBG/For.All.Mankind.S03E02.1080p.WEBRip.x265-RARBG.mp4,3,2,7772588,
970,540,1080,0,117,54,355,117,14994,0.026,3.31503011204768,38016,/home/amos/media/tv/For.All.Mankind.S01-S03.1080p.WEBRip.x265-RARBG/For.All.Mankind.S03.1080p.WEBRip.x265-RARBG/For.All.Mankind.S03E02.1080p.WEBRip.x265-RARBG.mp4,3,2,7772588,
971,540,1080,0,112,51,372,112,15860,0.027,1.5755560302059166,38040,/home/amos/media/tv/For.All.Mankind.S01-S03.1080p.WEBRip.x265-RARBG/For.All.Mankind.S03.1080p.WEBRip.x265-RARBG/For.All.Mankind.S03E02.1080p.WEBRip.x265-RARBG.mp4,3,2,7772588,
972,540,1080,0,85,410,711,85,203450,0.349,3.0782690289779566,38064,/home/amos/media/tv/For.All.Mankind.S01-S03.1080p.WEBRip.x265-RARBG/For.All.Mankind.S03.1080p.WEBRip.x265-RARBG/For.All.Mankind.S03E02.1080p.WEBRip.x265-RARBG.mp4,3,2,7772588,
973,540,1080,0,87,411,709,87,201528,0.346,3.374163052008953,38088,/home/amos/media/tv/For.All.Mankind.S01-S03.1080p.WEBRip.x265-RARBG/For.All.Mankind.S03.1080p.WEBRip.x265-RARBG/For.All.Mankind.S03E02.1080p.WEBRip.x265-RARBG.mp4,3,2,7772588,
974,540,1080,0,69,113,693,69,27456,0.047,4.872613967279904,38160,/home/amos/media/tv/For.All.Mankind.S01-S03.1080p.WEBRip.x265-RARBG/For.All.Mankind.S03.1080p.WEBRip.x265-RARBG/For.All.Mankind.S03E02.1080p.WEBRip.x265-RARBG.mp4,3,2,7772588,
975,540,1080,0,69,103,612,69,18462,0.032,5.029856119421311,38256,/home/amos/media/tv/For.All.Mankind.S01-S03.1080p.WEBRip.x265-RARBG/For.All.Mankind.S03.1080p.WEBRip.x265-RARBG/For.All.Mankind.S03E02.1080p.WEBRip.x265-RARBG.mp4,3,2,7772588,
976,540,1080,0,67,118,730,67,33813,0.058,5.252080027363263,38304,/home/amos/media/tv/For.All.Mankind.S01-S03.1080p.WEBRip.x265-RARBG/For.All.Mankind.S03.1080p.WEBRip.x265-RARBG/For.All.Mankind.S03E02.1080p.WEBRip.x265-RARBG.mp4,3,2,7772588,
977,540,1080,0,74,110,697,74,22428,0.038,6.21562718169298,38328,/home/amos/media/tv/For.All.Mankind.S01-S03.1080p.WEBRip.x265-RARBG/For.All.Mankind.S03.1080p.WEBRip.x265-RARBG/For.All.Mankind.S03E02.1080p.WEBRip.x265-RARBG.mp4,3,2,7772588,
978,540,1080,0,66,114,628,66,26976,0.046,6.3654610068770126,38352,/home/amos/media/tv/For.All.Mankind.S01-S03.1080p.WEBRip.x265-RARBG/For.All.Mankind.S03.1080p.WEBRip.x265-RARBG/For.All.Mankind.S03E02.1080p.WEBRip.x265-RARBG.mp4,3,2,7772588,
979,540,1080,1,55,131,464,55,31084,0.053,7.055955043178983,38352,/home/amos/media/tv/For.All.Mankind.S01-S03.1080p.WEBRip.x265-RARBG/For.All.Mankind.S03.1080p.WEBRip.x265-RARBG/For.All.Mankind.S03E02.1080p.WEBRip.x265-RARBG.mp4,3,2,7772588,
980,540,1080,0,189,70,395,189,24514,0.042,6.060110049031209,38424,/home/amos/media/tv/For.All.Mankind.S01-S03.1080p.WEBRip.x265-RARBG/For.All.Mankind.S03.1080p.WEBRip.x265-RARBG/For.All.Mankind.S03E02.1080p.WEBRip.x265-RARBG.mp4,3,2,7772588,
981,540,1080,0,190,70,417,190,27240,0.047,5.45521209546132,38520,/home/amos/media/tv/For.All.Mankind.S01-S03.1080p.WEBRip.x265-RARBG/For.All.Mankind.S03.1080p.WEBRip.x265-RARBG/For.All.Mankind.S03E02.1080p.WEBRip.x265-RARBG.mp4,3,2,7772588,
982,540,1080,0,65,468,166,65,40703,0.07,1.0405208941665478,38592,/home/amos/media/tv/For.All.Mankind.S01-S03.1080p.WEBRip.x265-RARBG/For.All.Mankind.S03.1080p.WEBRip.x265-RARBG/For.All.Mankind.S03E02.1080p.WEBRip.x265-RARBG.mp4,3,2,7772588,
983,540,1080,0,61,241,27,61,6120,0.01,2.272004054917488,38736,/home/amos/media/tv/For.All.Mankind.S01-S03.1080p.WEBRip.x265-RARBG/For.All.Mankind.S03.1080p.WEBRip.x265-RARBG/For.All.Mankind.S03E02.1080p.WEBRip.x265-RARBG.mp4,3,2,7772588,
984,540,1080,0,417,102,322,417,29925,0.051,6.0460200223024,38904,/home/amos/media/tv/For.All.Mankind.S01-S03.1080p.WEBRip.x265-RARBG/For.All.Mankind.S03.1080p.WEBRip.x265-RARBG/For.All.Mankind.S03E02.1080p.WEBRip.x265-RARBG.mp4,3,2,7772588,
985,540,1080,0,122,158,479,122,12852,0.022,5.522844080522191,38952,/home/amos/media/tv/For.All.Mankind.S01-S03.1080p.WEBRip.x265-RARBG/For.All.Mankind.S03.1080p.WEBRip.x265-RARBG/For.All.Mankind.S03E02.1080p.WEBRip.x265-RARBG.mp4,3,2,7772588,
986,540,1080,1,91,50,481,91,15990,0.027,3.3447591421427205,38952,/home/amos/media/tv/For.All.Mankind.S01-S03.1080p.WEBRip.x265-RARBG/For.All.Mankind.S03.1080p.WEBRip.x265-RARBG/For.All.Mankind.S03E02.1080p.WEBRip.x265-RARBG.mp4,3,2,7772588,
987,540,1080,0,98,111,522,98,5512,0.009,4.667924160021357,39072,/home/amos/media/tv/For.All.Mankind.S01-S03.1080p.WEBRip.x265-RARBG/For.All.Mankind.S03.1080p.WEBRip.x265-RARBG/For.All.Mankind.S03E02.1080p.WEBRip.x265-RARBG.mp4,3,2,7772588,
988,540,1080,0,103,25,227,103,9672,0.017,2.646033118653577,39096,/home/amos/media/tv/For.All.Mankind.S01-S03.1080p.WEBRip.x265-RARBG/For.All.Mankind.S03.1080p.WEBRip.x265-RARBG/For.All.Mankind.S03E02.1080p.WEBRip.x265-RARBG.mp4,3,2,7772588,
989,540,1080,1,180,261,648,180,37908,0.065,8.157567230868153,39096,/home/amos/media/tv/For.All.Mankind.S01-S03.1080p.WEBRip.x265-RARBG/For.All.Mankind.S03.1080p.WEBRip.x265-RARBG/For.All.Mankind.S03E02.1080p.WEBRip.x265-RARBG.mp4,3,2,7772588,
990,540,1080,0,50,129,536,50,38394,0.066,5.037524150568061,39120,/home/amos/media/tv/For.All.Mankind.S01-S03.1080p.WEBRip.x265-RARBG/For.All.Mankind.S03.1080p.WEBRip.x265-RARBG/For.All.Mankind.S03E02.1080p.WEBRip.x265-RARBG.mp4,3,2,7772588,
991,540,1080,1,36,404,284,36,91264,0.156,4.071782128827181,39120,/home/amos/media/tv/For.All.Mankind.S01-S03.1080p.WEBRip.x265-RARBG/For.All.Mankind.S03.1080p.WEBRip.x265-RARBG/For.All.Mankind.S03E02.1080p.WEBRip.x265-RARBG.mp4,3,2,7772588,
992,540,1080,0,88,91,678,88,1770,0.003,3.062863014463801,39288,/home/amos/media/tv/For.All.Mankind.S01-S03.1080p.WEBRip.x265-RARBG/For.All.Mankind.S03.1080p.WEBRip.x265-RARBG/For.All.Mankind.S03E02.1080p.WEBRip.x265-RARBG.mp4,3,2,7772588,
993,540,1080,0,92,86,676,92,3504,0.006,8.642595144629013,39312,/home/amos/media/tv/For.All.Mankind.S01-S03.1080p.WEBRip.x265-RARBG/For.All.Mankind.S03.1080p.WEBRip.x265-RARBG/For.All.Mankind.S03E02.1080p.WEBRip.x265-RARBG.mp4,3,2,7772588,
994,540,1080,0,140,88,388,140,12896,0.022,5.388490026758518,39336,/home/amos/media/tv/For.All.Mankind.S01-S03.1080p.WEBRip.x265-RARBG/For.All.Mankind.S03.1080p.WEBRip.x265-RARBG/For.All.Mankind.S03E02.1080p.WEBRip.x265-RARBG.mp4,3,2,7772588,
995,540,1080,0,99,66,206,99,3531,0.006,6.812766066926997,39432,/home/amos/media/tv/For.All.Mankind.S01-S03.1080p.WEBRip.x265-RARBG/For.All.Mankind.S03.1080p.WEBRip.x265-RARBG/For.All.Mankind.S03E02.1080p.WEBRip.x265-RARBG.mp4,3,2,7772588,
996,540,1080,0,243,37,420,243,36462,0.063,7.267542094632517,39528,/home/amos/media/tv/For.All.Mankind.S01-S03.1080p.WEBRip.x265-RARBG/For.All.Mankind.S03.1080p.WEBRip.x265-RARBG/For.All.Mankind.S03E02.1080p.WEBRip.x265-RARBG.mp4,3,2,7772588,
997,540,1080,0,236,57,426,236,34010,0.058,8.276931100233924,39552,/home/amos/media/tv/For.All.Mankind.S01-S03.1080p.WEBRip.x265-RARBG/For.All.Mankind.S03.1080p.WEBRip.x265-RARBG/For.All.Mankind.S03E02.1080p.WEBRip.x265-RARBG.mp4,3,2,7772588,
998,540,1080,0,224,73,421,224,29747,0.051,8.933285047009122,39576,/home/amos/media/tv/For.All.Mankind.S01-S03.1080p.WEBRip.x265-RARBG/For.All.Mankind.S03.1080p.WEBRip.x265-RARBG/For.All.Mankind.S03E02.1080p.WEBRip.x265-RARBG.mp4,3,2,7772588,
999,540,1080,0,71,163,213,71,13064,0.022,3.376385078940075,39840,/home/amos/media/tv/For.All.Mankind.S01-S03.1080p.WEBRip.x265-RARBG/For.All.Mankind.S03.1080p.WEBRip.x265-RARBG/For.All.Mankind.S03E02.1080p.WEBRip.x265-RARBG.mp4,3,2,7772588,
1000,540,1080,0,121,9,936,121,91280,0.157,5.41257313254755,39864,/home/amos/media/tv/For.All.Mankind.S01-S03.1080p.WEBRip.x265-RARBG/For.All.Mankind.S03.1080p.WEBRip.x265-RARBG/For.All.Mankind.S03E02.1080p.WEBRip.x265-RARBG.mp4,3,2,7772588,
1001,540,1080,1,71,158,223,71,13224,0.023,6.105968104384374,39864,/home/amos/media/tv/For.All.Mankind.S01-S03.1080p.WEBRip.x265-RARBG/For.All.Mankind.S03.1080p.WEBRip.x265-RARBG/For.All.Mankind.S03E02.1080p.WEBRip.x265-RARBG.mp4,3,2,7772588,
1002,540,1080,0,93,122,335,93,7018,0.012,6.188338098756503,39888,/home/amos/media/tv/For.All.Mankind.S01-S03.1080p.WEBRip.x265-RARBG/For.All.Mankind.S03.1080p.WEBRip.x265-RARBG/For.All.Mankind.S03E02.1080p.WEBRip.x265-RARBG.mp4,3,2,7772588,
1003,540,1080,1,57,358,762,57,212205,0.364,2.1594270471832715,39888,/home/amos/media/tv/For.All.Mankind.S01-S03.1080p.WEBRip.x265-RARBG/For.All.Mankind.S03.1080p.WEBRip.x265-RARBG/For.All.Mankind.S03E02.1080p.WEBRip.x265-RARBG.mp4,3,2,7772588,
1004,540,1080,0,88,91,371,88,849,0.001,2.847700134094339,39912,/home/amos/media/tv/For.All.Mankind.S01-S03.1080p.WEBRip.x265-RARBG/For.All.Mankind.S03.1080p.WEBRip.x265-RARBG/For.All.Mankind.S03E02.1080p.WEBRip.x265-RARBG.mp4,3,2,7772588,
1005,540,1080,0,90,82,399,90,2472,0.004,6.901629127503838,39936,/home/amos/media/tv/For.All.Mankind.S01-S03.1080p.WEBRip.x265-RARBG/For.All.Mankind.S03.1080p.WEBRip.x265-RARBG/For.All.Mankind.S03E02.1080p.WEBRip.x265-RARBG.mp4,3,2,7772588,
1006,540,1080,0,82,100,444,82,6516,0.011,7.938164072693326,39960,/home/amos/media/tv/For.All.Mankind.S01-S03.1080p.WEBRip.x265-RARBG/For.All.Mankind.S03.1080p.WEBRip.x265-RARBG/For.All.Mankind.S03E02.1080p.WEBRip.x265-RARBG.mp4,3,2,7772588,
1007,540,1080,0,70,114,314,70,10736,0.018,4.859435049525928,39984,/home/amos/media/tv/For.All.Mankind.S01-S03.1080p.WEBRip.x265-RARBG/For.All.Mankind.S03.1080p.WEBRip.x265-RARBG/For.All.Mankind.S03E02.1080p.WEBRip.x265-RARBG.mp4,3,2,7772588,
1008,540,1080,0,114,201,808,114,60378,0.104,1.4232590163010173,40080,/home/amos/media/tv/For.All.Mankind.S01-S03.1080p.WEBRip.x265-RARBG/For.All.Mankind.S03.1080p.WEBRip.x265-RARBG/For.All.Mankind.S03E02.1080p.WEBRip.x265-RARBG.mp4,3,2,7772588,
1009,540,1080,0,165,76,774,165,54201,0.093,6.762253128050361,40104,/home/amos/media/tv/For.All.Mankind.S01-S03.1080p.WEBRip.x265-RARBG/For.All.Mankind.S03.1080p.WEBRip.x265-RARBG/For.All.Mankind.S03E02.1080p.WEBRip.x265-RARBG.mp4,3,2,7772588,
1010,540,1080,1,100,210,801,100,77110,0.132,4.80604003398912,40104,/home/amos/media/tv/For.All.Mankind.S01-S03.1080p.WEBRip.x265-RARBG/For.All.Mankind.S03.1080p.WEBRip.x265-RARBG/For.All.Mankind.S03E02.1080p.WEBRip.x265-RARBG.mp4,3,2,7772588,
1011,540,1080,0,155,88,608,155,30351,0.052,5.01007904362632,40128,/home/amos/media/tv/For.All.Mankind.S01-S03.1080p.WEBRip.x265-RARBG/For.All.Mankind.S03.1080p.WEBRip.x265-RARBG/For.All.Mankind.S03E02.1080p.WEBRip.x265-RARBG.mp4,3,2,7772588,
1012,540,1080,0,148,89,791,148,37937,0.065,6.371932059584651,40152,/home/amos/media/tv/For.All.Mankind.S01-S03.1080p.WEBRip.x265-RARBG/For.All.Mankind.S03.1080p.WEBRip.x265-RARBG/For.All.Mankind.S03E02.1080p.WEBRip.x265-RARBG.mp4,3,2,7772588,
1013,540,1080,0,152,65,721,152,49503,0.085,7.348151063721161,40176,/home/amos/media/tv/For.All.Mankind.S01-S03.1080p.WEBRip.x265-RARBG/For.All.Mankind.S03.1080p.WEBRip.x265-RARBG/For.All.Mankind.S03E02.1080p.WEBRip.x265-RARBG.mp4,3,2,7772588,
1014,540,1080,0,62,243,364,62,54662,0.094,4.956286055617966,40368,/home/amos/media/tv/For.All.Mankind.S01-S03.1080p.WEBRip.x265-RARBG/For.All.Mankind.S03.1080p.WEBRip.x265-RARBG/For.All.Mankind.S03E02.1080p.WEBRip.x265-RARBG.mp4,3,2,7772588,
1015,540,1080,0,138,120,533,138,7110,0.012,4.543419995752629,40440,/home/amos/media/tv/For.All.Mankind.S01-S03.1080p.WEBRip.x265-RARBG/For.All.Mankind.S03.1080p.WEBRip.x265-RARBG/For.All.Mankind.S03E02.1080p.WEBRip.x265-RARBG.mp4,3,2,7772588,
1016,540,1080,0,141,94,502,141,16967,0.029,6.932586232840549,40464,/home/amos/media/tv/For.All.Mankind.S01-S03.1080p.WEBRip.x265-RARBG/For.All.Mankind.S03.1080p.WEBRip.x265-RARBG/For.All.Mankind.S03E02.1080p.WEBRip.x265-RARBG.mp4,3,2,7772588,
1017,540,1080,0,147,77,518,147,25970,0.045,5.813866214070004,40488,/home/amos/media/tv/For.All.Mankind.S01-S03.1080p.WEBRip.x265-RARBG/For.All.Mankind.S03.1080p.WEBRip.x265-RARBG/For.All.Mankind.S03E02.1080p.WEBRip.x265-RARBG.mp4,3,2,7772588,
1018,540,1080,0,149,77,523,149,26928,0.046,7.591229979007039,40512,/home/amos/media/tv/For.All.Mankind.S01-S03.1080p.WEBRip.x265-RARBG/For.All.Mankind.S03.1080p.WEBRip.x265-RARBG/For.All.Mankind.S03E02.1080p.WEBRip.x265-RARBG.mp4,3,2,7772588,
1019,540,1080,0,145,83,493,145,21576,0.037,6.3733470548759215,40536,/home/amos/media/tv/For.All.Mankind.S01-S03.1080p.WEBRip.x265-RARBG/For.All.Mankind.S03.1080p.WEBRip.x265-RARBG/For.All.Mankind.S03E02.1080p.WEBRip.x265-RARBG.mp4,3,2,7772588,
1020,540,1080,0,146,87,503,146,21063,0.036,7.09323010238586,40560,/home/amos/media/tv/For.All.Mankind.S01-S03.1080p.WEBRip.x265-RARBG/For.All.Mankind.S03.1080p.WEBRip.x265-RARBG/For.All.Mankind.S03E02.1080p.WEBRip.x265-RARBG.mp4,3,2,7772588,
1021,540,1080,0,146,84,501,146,22010,0.038,6.411345067375805,40584,/home/amos/media/tv/For.All.Mankind.S01-S03.1080p.WEBRip.x265-RARBG/For.All.Mankind.S03.1080p.WEBRip.x265-RARBG/For.All.Mankind.S03E02.1080p.WEBRip.x265-RARBG.mp4,3,2,7772588,
1022,540,1080,0,150,77,494,150,25112,0.043,6.65273300971603,40608,/home/amos/media/tv/For.All.Mankind.S01-S03.1080p.WEBRip.x265-RARBG/For.All.Mankind.S03.1080p.WEBRip.x265-RARBG/For.All.Mankind.S03E02.1080p.WEBRip.x265-RARBG.mp4,3,2,7772588,
1023,540,1080,0,150,86,484,150,21376,0.037,5.489483074925374,40632,/home/amos/media/tv/For.All.Mankind.S01-S03.1080p.WEBRip.x265-RARBG/For.All.Mankind.S03.1080p.WEBRip.x265-RARBG/For.All.Mankind.S03E02.1080p.WEBRip.x265-RARBG.mp4,3,2,7772588,
1024,540,1080,0,152,84,488,152,22848,0.039,6.081424071628135,40656,/home/amos/media/tv/For.All.Mankind.S01-S03.1080p.WEBRip.x265-RARBG/For.All.Mankind.S03.1080p.WEBRip.x265-RARBG/For.All.Mankind.S03E02.1080p.WEBRip.x265-RARBG.mp4,3,2,7772588,
1025,540,1080,0,150,81,485,150,23115,0.04,5.019819076347631,40680,/home/amos/media/tv/For.All.Mankind.S01-S03.1080p.WEBRip.x265-RARBG/For.All.Mankind.S03.1080p.WEBRip.x265-RARBG/For.All.Mankind.S03E02.1080p.WEBRip.x265-RARBG.mp4,3,2,7772588,
1026,540,1080,0,128,108,269,128,2820,0.005,7.774876039125957,40704,/home/amos/media/tv/For.All.Mankind.S01-S03.1080p.WEBRip.x265-RARBG/For.All.Mankind.S03.1080p.WEBRip.x265-RARBG/For.All.Mankind.S03E02.1080p.WEBRip.x265-RARBG.mp4,3,2,7772588,
1027,540,1080,0,123,110,270,123,1911,0.003,9.936240986338817,40728,/home/amos/media/tv/For.All.Mankind.S01-S03.1080p.WEBRip.x265-RARBG/For.All.Mankind.S03.1080p.WEBRip.x265-RARBG/For.All.Mankind.S03E02.1080p.WEBRip.x265-RARBG.mp4,3,2,7772588,
1028,540,1080,0,121,130,269,121,1332,0.002,4.750831056735478,40752,/home/amos/media/tv/For.All.Mankind.S01-S03.1080p.WEBRip.x265-RARBG/For.All.Mankind.S03.1080p.WEBRip.x265-RARBG/For.All.Mankind.S03E02.1080p.WEBRip.x265-RARBG.mp4,3,2,7772588,
1029,540,1080,0,107,131,301,107,4656,0.008,4.371635083691217,40776,/home/amos/media/tv/For.All.Mankind.S01-S03.1080p.WEBRip.x265-RARBG/For.All.Mankind.S03.1080p.WEBRip.x265-RARBG/For.All.Mankind.S03E02.1080p.WEBRip.x265-RARBG.mp4,3,2,7772588,
1030,540,1080,0,125,122,293,125,504,0.001,7.429082045448013,40800,/home/amos/media/tv/For.All.Mankind.S01-S03.1080p.WEBRip.x265-RARBG/For.All.Mankind.S03.1080p.WEBRip.x265-RARBG/For.All.Mankind.S03E02.1080p.WEBRip.x265-RARBG.mp4,3,2,7772588,
1031,540,1080,0,136,111,556,136,10500,0.018,4.401349953666795,40848,/home/amos/media/tv/For.All.Mankind.S01-S03.1080p.WEBRip.x265-RARBG/For.All.Mankind.S03.1080p.WEBRip.x265-RARBG/For.All.Mankind.S03E02.1080p.WEBRip.x265-RARBG.mp4,3,2,7772588,
1032,540,1080,0,76,253,589,76,90801,0.156,1.2726610060199164,40896,/home/amos/media/tv/For.All.Mankind.S01-S03.1080p.WEBRip.x265-RARBG/For.All.Mankind.S03.1080p.WEBRip.x265-RARBG/For.All.Mankind.S03E02.1080p.WEBRip.x265-RARBG.mp4,3,2,7772588,
1033,540,1080,0,63,367,381,63,96672,0.166,3.059434059425257,40920,/home/amos/media/tv/For.All.Mankind.S01-S03.1080p.WEBRip.x265-RARBG/For.All.Mankind.S03.1080p.WEBRip.x265-RARBG/For.All.Mankind.S03E02.1080p.WEBRip.x265-RARBG.mp4,3,2,7772588,
1034,540,1080,0,143,75,586,143,30124,0.052,7.806754053744953,41016,/home/amos/media/tv/For.All.Mankind.S01-S03.1080p.WEBRip.x265-RARBG/For.All.Mankind.S03.1080p.WEBRip.x265-RARBG/For.All.Mankind.S03E02.1080p.WEBRip.x265-RARBG.mp4,3,2,7772588,
1035,540,1080,1,70,252,595,70,95550,0.164,2.465638003253844,41016,/home/amos/media/tv/For.All.Mankind.S01-S03.1080p.WEBRip.x265-RARBG/For.All.Mankind.S03.1080p.WEBRip.x265-RARBG/For.All.Mankind.S03E02.1080p.WEBRip.x265-RARBG.mp4,3,2,7772588,
1036,540,1080,0,141,105,577,141,15696,0.027,6.504742086341139,41040,/home/amos/media/tv/For.All.Mankind.S01-S03.1080p.WEBRip.x265-RARBG/For.All.Mankind.S03.1080p.WEBRip.x265-RARBG/For.All.Mankind.S03E02.1080p.WEBRip.x265-RARBG.mp4,3,2,7772588,
1037,540,1080,0,151,114,554,151,14911,0.026,4.802488990651909,41064,/home/amos/media/tv/For.All.Mankind.S01-S03.1080p.WEBRip.x265-RARBG/For.All.Mankind.S03.1080p.WEBRip.x265-RARBG/For.All.Mankind.S03E02.1080p.WEBRip.x265-RARBG.mp4,3,2,7772588,
1038,540,1080,0,152,98,536,152,20736,0.036,4.69882704311749,41088,/home/amos/media/tv/For.All.Mankind.S01-S03.1080p.WEBRip.x265-RARBG/For.All.Mankind.S03.1080p.WEBRip.x265-RARBG/For.All.Mankind.S03E02.1080p.WEBRip.x265-RARBG.mp4,3,2,7772588,
1039,540,1080,0,148,99,537,148,19061,0.033,6.242321042518597,41112,/home/amos/media/tv/For.All.Mankind.S01-S03.1080p.WEBRip.x265-RARBG/For.All.Mankind.S03.1080p.WEBRip.x265-RARBG/For.All.Mankind.S03E02.1080p.WEBRip.x265-RARBG.mp4,3,2,7772588,
1040,540,1080,0,107,131,764,107,15768,0.027,2.9954679798684083,41136,/home/amos/media/tv/For.All.Mankind.S01-S03.1080p.WEBRip.x265-RARBG/For.All.Mankind.S03.1080p.WEBRip.x265-RARBG/For.All.Mankind.S03E02.1080p.WEBRip.x265-RARBG.mp4,3,2,7772588,
1041,540,1080,1,111,146,240,111,4515,0.008,5.225594071554951,41136,/home/amos/media/tv/For.All.Mankind.S01-S03.1080p.WEBRip.x265-RARBG/For.All.Mankind.S03.1080p.WEBRip.x265-RARBG/For.All.Mankind.S03E02.1080p.WEBRip.x265-RARBG.mp4,3,2,7772588,
1042,540,1080,0,109,130,761,109,13692,0.023,2.6290221784147434,41184,/home/amos/media/tv/For.All.Mankind.S01-S03.1080p.WEBRip.x265-RARBG/For.All.Mankind.S03.1080p.WEBRip.x265-RARBG/For.All.Mankind.S03E02.1080p.WEBRip.x265-RARBG.mp4,3,2,7772588,
1043,540,1080,0,107,132,764,107,16425,0.028,4.779402066895273,41208,/home/amos/media/tv/For.All.Mankind.S01-S03.1080p.WEBRip.x265-RARBG/For.All.Mankind.S03.1080p.WEBRip.x265-RARBG/For.All.Mankind.S03E02.1080p.WEBRip.x265-RARBG.mp4,3,2,7772588,
1044,540,1080,1,116,146,216,116,3000,0.005,5.771062060433906,41208,/home/amos/media/tv/For.All.Mankind.S01-S03.1080p.WEBRip.x265-RARBG/For.All.Mankind.S03.1080p.WEBRip.x265-RARBG/For.All.Mankind.S03E02.1080p.WEBRip.x265-RARBG.mp4,3,2,7772588,
1045,540,1080,0,144,95,549,144,19845,0.034,8.086568081227597,41232,/home/amos/media/tv/For.All.Mankind.S01-S03.1080p.WEBRip.x265-RARBG/For.All.Mankind.S03.1080p.WEBRip.x265-RARBG/For.All.Mankind.S03E02.1080p.WEBRip.x265-RARBG.mp4,3,2,7772588,
1046,540,1080,0,144,92,550,144,21112,0.036,8.421048126125243,41256,/home/amos/media/tv/For.All.Mankind.S01-S03.1080p.WEBRip.x265-RARBG/For.All.Mankind.S03.1080p.WEBRip.x265-RARBG/For.All.Mankind.S03E02.1080p.WEBRip.x265-RARBG.mp4,3,2,7772588,
1047,540,1080,0,144,92,552,144,21216,0.036,8.739978038531262,41280,/home/amos/media/tv/For.All.Mankind.S01-S03.1080p.WEBRip.x265-RARBG/For.All.Mankind.S03.1080p.WEBRip.x265-RARBG/For.All.Mankind.S03E02.1080p.WEBRip.x265-RARBG.mp4,3,2,7772588,
1048,540,1080,0,125,143,219,125,1692,0.003,9.72728702769382,41304,/home/amos/media/tv/For.All.Mankind.S01-S03.1080p.WEBRip.x265-RARBG/For.All.Mankind.S03.1080p.WEBRip.x265-RARBG/For.All.Mankind.S03E02.1080p.WEBRip.x265-RARBG.mp4,3,2,7772588,
1049,540,1080,0,123,139,232,123,1744,0.003,6.147499154671095,41328,/home/amos/media/tv/For.All.Mankind.S01-S03.1080p.WEBRip.x265-RARBG/For.All.Mankind.S03.1080p.WEBRip.x265-RARBG/For.All.Mankind.S03E02.1080p.WEBRip.x265-RARBG.mp4,3,2,7772588,
1050,540,1080,0,147,91,471,147,18144,0.031,3.784301091858652,41352,/home/amos/media/tv/For.All.Mankind.S01-S03.1080p.WEBRip.x265-RARBG/For.All.Mankind.S03.1080p.WEBRip.x265-RARBG/For.All.Mankind.S03E02.1080p.WEBRip.x265-RARBG.mp4,3,2,7772588,
1051,540,1080,0,149,85,466,149,20288,0.035,7.413132048852276,41376,/home/amos/media/tv/For.All.Mankind.S01-S03.1080p.WEBRip.x265-RARBG/For.All.Mankind.S03.1080p.WEBRip.x265-RARBG/For.All.Mankind.S03E02.1080p.WEBRip.x265-RARBG.mp4,3,2,7772588,
1052,540,1080,0,147,84,464,147,19971,0.034,8.012162058788817,41400,/home/amos/media/tv/For.All.Mankind.S01-S03.1080p.WEBRip.x265-RARBG/For.All.Mankind.S03.1080p.WEBRip.x265-RARBG/For.All.Mankind.S03E02.1080p.WEBRip.x265-RARBG.mp4,3,2,7772588,
1053,540,1080,1,66,365,310,66,72956,0.125,2.484518057841342,41400,/home/amos/media/tv/For.All.Mankind.S01-S03.1080p.WEBRip.x265-RARBG/For.All.Mankind.S03.1080p.WEBRip.x265-RARBG/For.All.Mankind.S03E02.1080p.WEBRip.x265-RARBG.mp4,3,2,7772588,
1054,540,1080,0,147,90,463,147,18012,0.031,7.102926087274682,41424,/home/amos/media/tv/For.All.Mankind.S01-S03.1080p.WEBRip.x265-RARBG/For.All.Mankind.S03.1080p.WEBRip.x265-RARBG/For.All.Mankind.S03E02.1080p.WEBRip.x265-RARBG.mp4,3,2,7772588,
1055,540,1080,1,64,366,311,64,74594,0.128,3.73002505133627,41424,/home/amos/media/tv/For.All.Mankind.S01-S03.1080p.WEBRip.x265-RARBG/For.All.Mankind.S03.1080p.WEBRip.x265-RARBG/For.All.Mankind.S03E02.1080p.WEBRip.x265-RARBG.mp4,3,2,7772588,
1056,540,1080,0,141,118,471,141,7590,0.013,4.089262914203573,41448,/home/amos/media/tv/For.All.Mankind.S01-S03.1080p.WEBRip.x265-RARBG/For.All.Mankind.S03.1080p.WEBRip.x265-RARBG/For.All.Mankind.S03E02.1080p.WEBRip.x265-RARBG.mp4,3,2,7772588,
1057,540,1080,1,65,367,310,65,73990,0.127,1.1728340214467607,41448,/home/amos/media/tv/For.All.Mankind.S01-S03.1080p.WEBRip.x265-RARBG/For.All.Mankind.S03.1080p.WEBRip.x265-RARBG/For.All.Mankind.S03E02.1080p.WEBRip.x265-RARBG.mp4,3,2,7772588,
1058,540,1080,0,152,139,478,152,4238,0.007,3.178550115961116,41472,/home/amos/media/tv/For.All.Mankind.S01-S03.1080p.WEBRip.x265-RARBG/For.All.Mankind.S03.1080p.WEBRip.x265-RARBG/For.All.Mankind.S03E02.1080p.WEBRip.x265-RARBG.mp4,3,2,7772588,
1059,540,1080,1,70,364,308,70,69972,0.12,2.963412987475749,41472,/home/amos/media/tv/For.All.Mankind.S01-S03.1080p.WEBRip.x265-RARBG/For.All.Mankind.S03.1080p.WEBRip.x265-RARBG/For.All.Mankind.S03E02.1080p.WEBRip.x265-RARBG.mp4,3,2,7772588,
1060,540,1080,0,150,119,471,150,9951,0.017,3.9210000403109007,41496,/home/amos/media/tv/For.All.Mankind.S01-S03.1080p.WEBRip.x265-RARBG/For.All.Mankind.S03.1080p.WEBRip.x265-RARBG/For.All.Mankind.S03E02.1080p.WEBRip.x265-RARBG.mp4,3,2,7772588,
1061,540,1080,1,63,368,310,63,75335,0.129,2.0368589958525263,41496,/home/amos/media/tv/For.All.Mankind.S01-S03.1080p.WEBRip.x265-RARBG/For.All.Mankind.S03.1080p.WEBRip.x265-RARBG/For.All.Mankind.S03E02.1080p.WEBRip.x265-RARBG.mp4,3,2,7772588,
1062,540,1080,0,149,90,409,149,15340,0.026,7.429132073710207,41520,/home/amos/media/tv/For.All.Mankind.S01-S03.1080p.WEBRip.x265-RARBG/For.All.Mankind.S03.1080p.WEBRip.x265-RARBG/For.All.Mankind.S03E02.1080p.WEBRip.x265-RARBG.mp4,3,2,7772588,
1063,540,1080,0,173,36,429,173,35072,0.06,10.142072272661608,41544,/home/amos/media/tv/For.All.Mankind.S01-S03.1080p.WEBRip.x265-RARBG/For.All.Mankind.S03.1080p.WEBRip.x265-RARBG/For.All.Mankind.S03E02.1080p.WEBRip.x265-RARBG.mp4,3,2,7772588,
1064,540,1080,1,114,166,463,114,18148,0.031,3.952197959239129,41544,/home/amos/media/tv/For.All.Mankind.S01-S03.1080p.WEBRip.x265-RARBG/For.All.Mankind.S03.1080p.WEBRip.x265-RARBG/For.All.Mankind.S03E02.1080p.WEBRip.x265-RARBG.mp4,3,2,7772588,
1065,540,1080,0,172,59,441,172,30397,0.052,9.659201087488327,41568,/home/amos/media/tv/For.All.Mankind.S01-S03.1080p.WEBRip.x265-RARBG/For.All.Mankind.S03.1080p.WEBRip.x265-RARBG/For.All.Mankind.S03E02.1080p.WEBRip.x265-RARBG.mp4,3,2,7772588,
1066,540,1080,0,127,102,241,127,2850,0.005,7.914194999146275,41592,/home/amos/media/tv/For.All.Mankind.S01-S03.1080p.WEBRip.x265-RARBG/For.All.Mankind.S03.1080p.WEBRip.x265-RARBG/For.All.Mankind.S03E02.1080p.WEBRip.x265-RARBG.mp4,3,2,7772588,
1067,540,1080,0,114,117,267,114,459,0.001,7.397088003286626,41616,/home/amos/media/tv/For.All.Mankind.S01-S03.1080p.WEBRip.x265-RARBG/For.All.Mankind.S03.1080p.WEBRip.x265-RARBG/For.All.Mankind.S03E02.1080p.WEBRip.x265-RARBG.mp4,3,2,7772588,
1068,540,1080,0,165,63,442,165,28254,0.048,8.192511007247958,41640,/home/amos/media/tv/For.All.Mankind.S01-S03.1080p.WEBRip.x265-RARBG/For.All.Mankind.S03.1080p.WEBRip.x265-RARBG/For.All.Mankind.S03E02.1080p.WEBRip.x265-RARBG.mp4,3,2,7772588,
1069,540,1080,1,101,194,481,101,35340,0.061,3.521465031953994,41640,/home/amos/media/tv/For.All.Mankind.S01-S03.1080p.WEBRip.x265-RARBG/For.All.Mankind.S03.1080p.WEBRip.x265-RARBG/For.All.Mankind.S03E02.1080p.WEBRip.x265-RARBG.mp4,3,2,7772588,
1070,540,1080,0,168,55,449,168,31753,0.054,8.296747072774451,41664,/home/amos/media/tv/For.All.Mankind.S01-S03.1080p.WEBRip.x265-RARBG/For.All.Mankind.S03.1080p.WEBRip.x265-RARBG/For.All.Mankind.S03E02.1080p.WEBRip.x265-RARBG.mp4,3,2,7772588,
1071,540,1080,1,102,188,487,102,33110,0.057,3.573428009462077,41664,/home/amos/media/tv/For.All.Mankind.S01-S03.1080p.WEBRip.x265-RARBG/For.All.Mankind.S03.1080p.WEBRip.x265-RARBG/For.All.Mankind.S03E02.1080p.WEBRip.x265-RARBG.mp4,3,2,7772588,
1072,540,1080,0,166,78,448,166,24816,0.043,6.972735997696873,41688,/home/amos/media/tv/For.All.Mankind.S01-S03.1080p.WEBRip.x265-RARBG/For.All.Mankind.S03.1080p.WEBRip.x265-RARBG/For.All.Mankind.S03E02.1080p.WEBRip.x265-RARBG.mp4,3,2,7772588,
1073,540,1080,0,111,133,338,111,4994,0.009,3.944171926297713,41712,/home/amos/media/tv/For.All.Mankind.S01-S03.1080p.WEBRip.x265-RARBG/For.All.Mankind.S03.1080p.WEBRip.x265-RARBG/For.All.Mankind.S03E02.1080p.WEBRip.x265-RARBG.mp4,3,2,7772588,
1074,540,1080,1,54,267,510,54,97128,0.167,1.9572630624170413,41712,/home/amos/media/tv/For.All.Mankind.S01-S03.1080p.WEBRip.x265-RARBG/For.All.Mankind.S03.1080p.WEBRip.x265-RARBG/For.All.Mankind.S03E02.1080p.WEBRip.x265-RARBG.mp4,3,2,7772588,
1075,540,1080,0,113,130,337,113,3808,0.007,6.0017720376490615,41736,/home/amos/media/tv/For.All.Mankind.S01-S03.1080p.WEBRip.x265-RARBG/For.All.Mankind.S03.1080p.WEBRip.x265-RARBG/For.All.Mankind.S03E02.1080p.WEBRip.x265-RARBG.mp4,3,2,7772588,
1076,540,1080,0,109,132,340,109,5313,0.009,5.110020859574433,41760,/home/amos/media/tv/For.All.Mankind.S01-S03.1080p.WEBRip.x265-RARBG/For.All.Mankind.S03.1080p.WEBRip.x265-RARBG/For.All.Mankind.S03E02.1080p.WEBRip.x265-RARBG.mp4,3,2,7772588,
1077,540,1080,0,169,85,478,169,25956,0.045,9.589454190048857,41784,/home/amos/media/tv/For.All.Mankind.S01-S03.1080p.WEBRip.x265-RARBG/For.All.Mankind.S03.1080p.WEBRip.x265-RARBG/For.All.Mankind.S03E02.1080p.WEBRip.x265-RARBG.mp4,3,2,7772588,
1078,540,1080,0,173,106,463,173,19430,0.033,7.423070158984046,41808,/home/amos/media/tv/For.All.Mankind.S01-S03.1080p.WEBRip.x265-RARBG/For.All.Mankind.S03.1080p.WEBRip.x265-RARBG/For.All.Mankind.S03E02.1080p.WEBRip.x265-RARBG.mp4,3,2,7772588,
1079,540,1080,0,165,132,468,165,9999,0.017,5.0021339591476135,41832,/home/amos/media/tv/For.All.Mankind.S01-S03.1080p.WEBRip.x265-RARBG/For.All.Mankind.S03.1080p.WEBRip.x265-RARBG/For.All.Mankind.S03E02.1080p.WEBRip.x265-RARBG.mp4,3,2,7772588,
1080,540,1080,0,170,113,461,170,16587,0.028,5.551444930781145,41856,/home/amos/media/tv/For.All.Mankind.S01-S03.1080p.WEBRip.x265-RARBG/For.All.Mankind.S03.1080p.WEBRip.x265-RARBG/For.All.Mankind.S03E02.1080p.WEBRip.x265-RARBG.mp4,3,2,7772588,
1081,540,1080,0,159,63,465,159,29376,0.05,9.384422125236595,41880,/home/amos/media/tv/For.All.Mankind.S01-S03.1080p.WEBRip.x265-RARBG/For.All.Mankind.S03.1080p.WEBRip.x265-RARBG/For.All.Mankind.S03E02.1080p.WEBRip.x265-RARBG.mp4,3,2,7772588,
1082,540,1080,0,164,67,457,164,28421,0.049,9.802598088921512,41904,/home/amos/media/tv/For.All.Mankind.S01-S03.1080p.WEBRip.x265-RARBG/For.All.Mankind.S03.1080p.WEBRip.x265-RARBG/For.All.Mankind.S03E02.1080p.WEBRip.x265-RARBG.mp4,3,2,7772588,
1083,540,1080,0,149,97,465,149,16432,0.028,3.7960469222744,41928,/home/amos/media/tv/For.All.Mankind.S01-S03.1080p.WEBRip.x265-RARBG/For.All.Mankind.S03.1080p.WEBRip.x265-RARBG/For.All.Mankind.S03E02.1080p.WEBRip.x265-RARBG.mp4,3,2,7772588,
1084,540,1080,0,176,90,426,176,21500,0.037,7.889811058354098,41952,/home/amos/media/tv/For.All.Mankind.S01-S03.1080p.WEBRip.x265-RARBG/For.All.Mankind.S03.1080p.WEBRip.x265-RARBG/For.All.Mankind.S03E02.1080p.WEBRip.x265-RARBG.mp4,3,2,7772588,
1085,540,1080,0,111,135,317,111,4944,0.008,5.758452021225821,41976,/home/amos/media/tv/For.All.Mankind.S01-S03.1080p.WEBRip.x265-RARBG/For.All.Mankind.S03.1080p.WEBRip.x265-RARBG/For.All.Mankind.S03E02.1080p.WEBRip.x265-RARBG.mp4,3,2,7772588,
1086,540,1080,0,118,130,312,118,2328,0.004,5.26223611732712,42000,/home/amos/media/tv/For.All.Mankind.S01-S03.1080p.WEBRip.x265-RARBG/For.All.Mankind.S03.1080p.WEBRip.x265-RARBG/For.All.Mankind.S03E02.1080p.WEBRip.x265-RARBG.mp4,3,2,7772588,
1087,540,1080,0,116,131,314,116,2970,0.005,7.422121015086304,42024,/home/amos/media/tv/For.All.Mankind.S01-S03.1080p.WEBRip.x265-RARBG/For.All.Mankind.S03.1080p.WEBRip.x265-RARBG/For.All.Mankind.S03E02.1080p.WEBRip.x265-RARBG.mp4,3,2,7772588,
1088,540,1080,1,54,266,530,54,100912,0.173,0.5470061037922278,42024,/home/amos/media/tv/For.All.Mankind.S01-S03.1080p.WEBRip.x265-RARBG/For.All.Mankind.S03.1080p.WEBRip.x265-RARBG/For.All.Mankind.S03E02.1080p.WEBRip.x265-RARBG.mp4,3,2,7772588,
1089,540,1080,0,109,135,317,109,5408,0.009,3.898463114106562,42048,/home/amos/media/tv/For.All.Mankind.S01-S03.1080p.WEBRip.x265-RARBG/For.All.Mankind.S03.1080p.WEBRip.x265-RARBG/For.All.Mankind.S03E02.1080p.WEBRip.x265-RARBG.mp4,3,2,7772588,
1090,540,1080,1,56,264,530,56,98592,0.169,2.2565310825011693,42048,/home/amos/media/tv/For.All.Mankind.S01-S03.1080p.WEBRip.x265-RARBG/For.All.Mankind.S03.1080p.WEBRip.x265-RARBG/For.All.Mankind.S03E02.1080p.WEBRip.x265-RARBG.mp4,3,2,7772588,
1091,540,1080,0,104,138,319,104,7310,0.013,4.36128112784354,42072,/home/amos/media/tv/For.All.Mankind.S01-S03.1080p.WEBRip.x265-RARBG/For.All.Mankind.S03.1080p.WEBRip.x265-RARBG/For.All.Mankind.S03E02.1080p.WEBRip.x265-RARBG.mp4,3,2,7772588,
1092,540,1080,1,57,265,530,57,98384,0.169,0.9663010914227924,42072,/home/amos/media/tv/For.All.Mankind.S01-S03.1080p.WEBRip.x265-RARBG/For.All.Mankind.S03.1080p.WEBRip.x265-RARBG/For.All.Mankind.S03E02.1080p.WEBRip.x265-RARBG.mp4,3,2,7772588,
1093,540,1080,0,151,81,503,151,24640,0.042,7.905845972534735,42096,/home/amos/media/tv/For.All.Mankind.S01-S03.1080p.WEBRip.x265-RARBG/For.All.Mankind.S03.1080p.WEBRip.x265-RARBG/For.All.Mankind.S03E02.1080p.WEBRip.x265-RARBG.mp4,3,2,7772588,
1094,540,1080,1,60,191,864,60,105324,0.181,4.49733597697923,42096,/home/amos/media/tv/For.All.Mankind.S01-S03.1080p.WEBRip.x265-RARBG/For.All.Mankind.S03.1080p.WEBRip.x265-RARBG/For.All.Mankind.S03E02.1080p.WEBRip.x265-RARBG.mp4,3,2,7772588,
1095,540,1080,0,161,30,505,161,45064,0.077,8.480227014573757,42120,/home/amos/media/tv/For.All.Mankind.S01-S03.1080p.WEBRip.x265-RARBG/For.All.Mankind.S03.1080p.WEBRip.x265-RARBG/For.All.Mankind.S03E02.1080p.WEBRip.x265-RARBG.mp4,3,2,7772588,
1096,540,1080,1,104,160,537,104,24248,0.042,4.221857935015578,42120,/home/amos/media/tv/For.All.Mankind.S01-S03.1080p.WEBRip.x265-RARBG/For.All.Mankind.S03.1080p.WEBRip.x265-RARBG/For.All.Mankind.S03E02.1080p.WEBRip.x265-RARBG.mp4,3,2,7772588,
1097,540,1080,0,115,143,283,115,4704,0.008,5.823399056622293,42144,/home/amos/media/tv/For.All.Mankind.S01-S03.1080p.WEBRip.x265-RARBG/For.All.Mankind.S03.1080p.WEBRip.x265-RARBG/For.All.Mankind.S03E02.1080p.WEBRip.x265-RARBG.mp4,3,2,7772588,
1098,540,1080,1,118,131,631,118,6669,0.011,3.316413042077329,42144,/home/amos/media/tv/For.All.Mankind.S01-S03.1080p.WEBRip.x265-RARBG/For.All.Mankind.S03.1080p.WEBRip.x265-RARBG/For.All.Mankind.S03E02.1080p.WEBRip.x265-RARBG.mp4,3,2,7772588,
1099,540,1080,0,108,148,288,108,7200,0.012,4.970504010736477,42168,/home/amos/media/tv/For.All.Mankind.S01-S03.1080p.WEBRip.x265-RARBG/For.All.Mankind.S03.1080p.WEBRip.x265-RARBG/For.All.Mankind.S03E02.1080p.WEBRip.x265-RARBG.mp4,3,2,7772588,
1100,540,1080,0,166,101,457,166,18915,0.032,6.574159067298751,42192,/home/amos/media/tv/For.All.Mankind.S01-S03.1080p.WEBRip.x265-RARBG/For.All.Mankind.S03.1080p.WEBRip.x265-RARBG/For.All.Mankind.S03E02.1080p.WEBRip.x265-RARBG.mp4,3,2,7772588,
1101,540,1080,0,165,94,452,165,20377,0.035,6.13322306930786,42216,/home/amos/media/tv/For.All.Mankind.S01-S03.1080p.WEBRip.x265-RARBG/For.All.Mankind.S03.1080p.WEBRip.x265-RARBG/For.All.Mankind.S03E02.1080p.WEBRip.x265-RARBG.mp4,3,2,7772588,
1102,540,1080,1,71,268,505,71,85498,0.147,0.5927950997138396,42216,/home/amos/media/tv/For.All.Mankind.S01-S03.1080p.WEBRip.x265-RARBG/For.All.Mankind.S03.1080p.WEBRip.x265-RARBG/For.All.Mankind.S03E02.1080p.WEBRip.x265-RARBG.mp4,3,2,7772588,
1103,540,1080,0,160,90,390,160,16100,0.028,2.9578839712194167,42264,/home/amos/media/tv/For.All.Mankind.S01-S03.1080p.WEBRip.x265-RARBG/For.All.Mankind.S03.1080p.WEBRip.x265-RARBG/For.All.Mankind.S03E02.1080p.WEBRip.x265-RARBG.mp4,3,2,7772588,
1104,540,1080,0,107,151,288,107,7964,0.014,5.082038083928637,42288,/home/amos/media/tv/For.All.Mankind.S01-S03.1080p.WEBRip.x265-RARBG/For.All.Mankind.S03.1080p.WEBRip.x265-RARBG/For.All.Mankind.S03E02.1080p.WEBRip.x265-RARBG.mp4,3,2,7772588,
1105,540,1080,0,112,149,288,112,6512,0.011,4.9361680514412,42312,/home/amos/media/tv/For.All.Mankind.S01-S03.1080p.WEBRip.x265-RARBG/For.All.Mankind.S03.1080p.WEBRip.x265-RARBG/For.All.Mankind.S03E02.1080p.WEBRip.x265-RARBG.mp4,3,2,7772588,
1106,540,1080,0,260,72,413,260,28764,0.049,6.038621056766715,42336,/home/amos/media/tv/For.All.Mankind.S01-S03.1080p.WEBRip.x265-RARBG/For.All.Mankind.S03.1080p.WEBRip.x265-RARBG/For.All.Mankind.S03E02.1080p.WEBRip.x265-RARBG.mp4,3,2,7772588,
1107,540,1080,1,89,313,896,89,180768,0.31,4.111072237777989,42336,/home/amos/media/tv/For.All.Mankind.S01-S03.1080p.WEBRip.x265-RARBG/For.All.Mankind.S03.1080p.WEBRip.x265-RARBG/For.All.Mankind.S03E02.1080p.WEBRip.x265-RARBG.mp4,3,2,7772588,
1108,540,1080,0,258,70,416,258,29704,0.051,5.714883952692617,42360,/home/amos/media/tv/For.All.Mankind.S01-S03.1080p.WEBRip.x265-RARBG/For.All.Mankind.S03.1080p.WEBRip.x265-RARBG/For.All.Mankind.S03E02.1080p.WEBRip.x265-RARBG.mp4,3,2,7772588,
1109,540,1080,1,90,313,896,90,179738,0.308,4.468338099482935,42360,/home/amos/media/tv/For.All.Mankind.S01-S03.1080p.WEBRip.x265-RARBG/For.All.Mankind.S03.1080p.WEBRip.x265-RARBG/For.All.Mankind.S03E02.1080p.WEBRip.x265-RARBG.mp4,3,2,7772588,
1110,540,1080,0,266,48,439,266,37714,0.065,7.502114082046319,42384,/home/amos/media/tv/For.All.Mankind.S01-S03.1080p.WEBRip.x265-RARBG/For.All.Mankind.S03.1080p.WEBRip.x265-RARBG/For.All.Mankind.S03E02.1080p.WEBRip.x265-RARBG.mp4,3,2,7772588,
1111,540,1080,1,94,313,894,94,175200,0.3,5.644238114531618,42384,/home/amos/media/tv/For.All.Mankind.S01-S03.1080p.WEBRip.x265-RARBG/For.All.Mankind.S03.1080p.WEBRip.x265-RARBG/For.All.Mankind.S03E02.1080p.WEBRip.x265-RARBG.mp4,3,2,7772588,
1112,540,1080,0,267,80,439,267,32164,0.055,9.553687043779064,42408,/home/amos/media/tv/For.All.Mankind.S01-S03.1080p.WEBRip.x265-RARBG/For.All.Mankind.S03.1080p.WEBRip.x265-RARBG/For.All.Mankind.S03E02.1080p.WEBRip.x265-RARBG.mp4,3,2,7772588,
1113,540,1080,1,91,319,896,91,183540,0.315,4.724647140305024,42408,/home/amos/media/tv/For.All.Mankind.S01-S03.1080p.WEBRip.x265-RARBG/For.All.Mankind.S03.1080p.WEBRip.x265-RARBG/For.All.Mankind.S03E02.1080p.WEBRip.x265-RARBG.mp4,3,2,7772588,
1114,540,1080,0,268,92,438,268,29920,0.051,5.637118079059292,42432,/home/amos/media/tv/For.All.Mankind.S01-S03.1080p.WEBRip.x265-RARBG/For.All.Mankind.S03.1080p.WEBRip.x265-RARBG/For.All.Mankind.S03E02.1080p.WEBRip.x265-RARBG.mp4,3,2,7772588,
1115,540,1080,1,92,319,895,92,182281,0.313,5.1634931566077285,42432,/home/amos/media/tv/For.All.Mankind.S01-S03.1080p.WEBRip.x265-RARBG/For.All.Mankind.S03.1080p.WEBRip.x265-RARBG/For.All.Mankind.S03E02.1080p.WEBRip.x265-RARBG.mp4,3,2,7772588,
1116,540,1080,0,258,93,410,258,25080,0.043,5.929869102721568,42456,/home/amos/media/tv/For.All.Mankind.S01-S03.1080p.WEBRip.x265-RARBG/For.All.Mankind.S03.1080p.WEBRip.x265-RARBG/For.All.Mankind.S03E02.1080p.WEBRip.x265-RARBG.mp4,3,2,7772588,
1117,540,1080,1,90,318,896,90,183768,0.315,5.1238251739996485,42456,/home/amos/media/tv/For.All.Mankind.S01-S03.1080p.WEBRip.x265-RARBG/For.All.Mankind.S03.1080p.WEBRip.x265-RARBG/For.All.Mankind.S03E02.1080p.WEBRip.x265-RARBG.mp4,3,2,7772588,
1118,540,1080,0,239,51,356,239,21996,0.038,10.076929076516535,42480,/home/amos/media/tv/For.All.Mankind.S01-S03.1080p.WEBRip.x265-RARBG/For.All.Mankind.S03.1080p.WEBRip.x265-RARBG/For.All.Mankind.S03E02.1080p.WEBRip.x265-RARBG.mp4,3,2,7772588,
1119,540,1080,1,89,319,897,89,185840,0.319,5.967416130180936,42480,/home/amos/media/tv/For.All.Mankind.S01-S03.1080p.WEBRip.x265-RARBG/For.All.Mankind.S03.1080p.WEBRip.x265-RARBG/For.All.Mankind.S03E02.1080p.WEBRip.x265-RARBG.mp4,3,2,7772588,
1120,540,1080,0,238,89,431,238,28757,0.049,5.695910055597778,42504,/home/amos/media/tv/For.All.Mankind.S01-S03.1080p.WEBRip.x265-RARBG/For.All.Mankind.S03.1080p.WEBRip.x265-RARBG/For.All.Mankind.S03E02.1080p.WEBRip.x265-RARBG.mp4,3,2,7772588,
1121,540,1080,1,88,335,909,88,202787,0.348,4.21800906927092,42504,/home/amos/media/tv/For.All.Mankind.S01-S03.1080p.WEBRip.x265-RARBG/For.All.Mankind.S03.1080p.WEBRip.x265-RARBG/For.All.Mankind.S03E02.1080p.WEBRip.x265-RARBG.mp4,3,2,7772588,
1122,540,1080,0,198,97,359,198,16261,0.028,5.010656113678124,42528,/home/amos/media/tv/For.All.Mankind.S01-S03.1080p.WEBRip.x265-RARBG/For.All.Mankind.S03.1080p.WEBRip.x265-RARBG/For.All.Mankind.S03E02.1080p.WEBRip.x265-RARBG.mp4,3,2,7772588,
1123,540,1080,0,200,98,355,200,15810,0.027,4.4758120375918224,42552,/home/amos/media/tv/For.All.Mankind.S01-S03.1080p.WEBRip.x265-RARBG/For.All.Mankind.S03.1080p.WEBRip.x265-RARBG/For.All.Mankind.S03E02.1080p.WEBRip.x265-RARBG.mp4,3,2,7772588,
1124,540,1080,0,207,89,365,207,18644,0.032,5.557996136776637,42576,/home/amos/media/tv/For.All.Mankind.S01-S03.1080p.WEBRip.x265-RARBG/For.All.Mankind.S03.1080p.WEBRip.x265-RARBG/For.All.Mankind.S03E02.1080p.WEBRip.x265-RARBG.mp4,3,2,7772588,
1125,540,1080,0,220,109,515,220,32745,0.056,9.369536106882151,42600,/home/amos/media/tv/For.All.Mankind.S01-S03.1080p.WEBRip.x265-RARBG/For.All.Mankind.S03.1080p.WEBRip.x265-RARBG/For.All.Mankind.S03E02.1080p.WEBRip.x265-RARBG.mp4,3,2,7772588,
1126,540,1080,1,87,279,955,87,166656,0.286,5.711498103279155,42600,/home/amos/media/tv/For.All.Mankind.S01-S03.1080p.WEBRip.x265-RARBG/For.All.Mankind.S03.1080p.WEBRip.x265-RARBG/For.All.Mankind.S03E02.1080p.WEBRip.x265-RARBG.mp4,3,2,7772588,
1127,540,1080,0,212,115,513,212,29197,0.05,8.772394036699552,42624,/home/amos/media/tv/For.All.Mankind.S01-S03.1080p.WEBRip.x265-RARBG/For.All.Mankind.S03.1080p.WEBRip.x265-RARBG/For.All.Mankind.S03E02.1080p.WEBRip.x265-RARBG.mp4,3,2,7772588,
1128,540,1080,1,84,281,958,84,172178,0.295,4.649639130744617,42624,/home/amos/media/tv/For.All.Mankind.S01-S03.1080p.WEBRip.x265-RARBG/For.All.Mankind.S03.1080p.WEBRip.x265-RARBG/For.All.Mankind.S03E02.1080p.WEBRip.x265-RARBG.mp4,3,2,7772588,
1129,540,1080,0,218,111,520,218,32314,0.055,7.595034083642531,42648,/home/amos/media/tv/For.All.Mankind.S01-S03.1080p.WEBRip.x265-RARBG/For.All.Mankind.S03.1080p.WEBRip.x265-RARBG/For.All.Mankind.S03E02.1080p.WEBRip.x265-RARBG.mp4,3,2,7772588,
1130,540,1080,0,198,67,442,198,31964,0.055,8.56694197433535,42672,/home/amos/media/tv/For.All.Mankind.S01-S03.1080p.WEBRip.x265-RARBG/For.All.Mankind.S03.1080p.WEBRip.x265-RARBG/For.All.Mankind.S03E02.1080p.WEBRip.x265-RARBG.mp4,3,2,7772588,
1131,540,1080,1,109,176,324,109,14405,0.025,6.808714124490507,42672,/home/amos/media/tv/For.All.Mankind.S01-S03.1080p.WEBRip.x265-RARBG/For.All.Mankind.S03.1080p.WEBRip.x265-RARBG/For.All.Mankind.S03E02.1080p.WEBRip.x265-RARBG.mp4,3,2,7772588,
1132,540,1080,0,204,57,438,204,34398,0.059,5.520877963514067,42696,/home/amos/media/tv/For.All.Mankind.S01-S03.1080p.WEBRip.x265-RARBG/For.All.Mankind.S03.1080p.WEBRip.x265-RARBG/For.All.Mankind.S03E02.1080p.WEBRip.x265-RARBG.mp4,3,2,7772588,
1133,540,1080,0,211,51,430,211,35040,0.06,6.921352021046914,42720,/home/amos/media/tv/For.All.Mankind.S01-S03.1080p.WEBRip.x265-RARBG/For.All.Mankind.S03.1080p.WEBRip.x265-RARBG/For.All.Mankind.S03E02.1080p.WEBRip.x265-RARBG.mp4,3,2,7772588,
1134,540,1080,0,212,117,513,212,28595,0.049,8.954765074129682,42744,/home/amos/media/tv/For.All.Mankind.S01-S03.1080p.WEBRip.x265-RARBG/For.All.Mankind.S03.1080p.WEBRip.x265-RARBG/For.All.Mankind.S03E02.1080p.WEBRip.x265-RARBG.mp4,3,2,7772588,
1135,540,1080,1,88,270,956,88,157976,0.271,4.294489040679764,42744,/home/amos/media/tv/For.All.Mankind.S01-S03.1080p.WEBRip.x265-RARBG/For.All.Mankind.S03.1080p.WEBRip.x265-RARBG/For.All.Mankind.S03E02.1080p.WEBRip.x265-RARBG.mp4,3,2,7772588,
1136,540,1080,0,211,107,548,211,35048,0.06,6.222601953370031,42768,/home/amos/media/tv/For.All.Mankind.S01-S03.1080p.WEBRip.x265-RARBG/For.All.Mankind.S03.1080p.WEBRip.x265-RARBG/For.All.Mankind.S03E02.1080p.WEBRip.x265-RARBG.mp4,3,2,7772588,
1137,540,1080,1,89,269,953,89,155520,0.267,3.2815310014993884,42768,/home/amos/media/tv/For.All.Mankind.S01-S03.1080p.WEBRip.x265-RARBG/For.All.Mankind.S03.1080p.WEBRip.x265-RARBG/For.All.Mankind.S03E02.1080p.WEBRip.x265-RARBG.mp4,3,2,7772588,
1138,540,1080,0,222,100,563,222,41602,0.071,5.62320415553404,42792,/home/amos/media/tv/For.All.Mankind.S01-S03.1080p.WEBRip.x265-RARBG/For.All.Mankind.S03.1080p.WEBRip.x265-RARBG/For.All.Mankind.S03E02.1080p.WEBRip.x265-RARBG.mp4,3,2,7772588,
1139,540,1080,1,91,267,950,91,151184,0.259,6.562497049279045,42792,/home/amos/media/tv/For.All.Mankind.S01-S03.1080p.WEBRip.x265-RARBG/For.All.Mankind.S03.1080p.WEBRip.x265-RARBG/For.All.Mankind.S03E02.1080p.WEBRip.x265-RARBG.mp4,3,2,7772588,
1140,540,1080,0,221,93,561,221,43520,0.075,6.354137228743639,42816,/home/amos/media/tv/For.All.Mankind.S01-S03.1080p.WEBRip.x265-RARBG/For.All.Mankind.S03.1080p.WEBRip.x265-RARBG/For.All.Mankind.S03E02.1080p.WEBRip.x265-RARBG.mp4,3,2,7772588,
1141,540,1080,0,217,102,550,217,38295,0.066,5.309953132702503,42840,/home/amos/media/tv/For.All.Mankind.S01-S03.1080p.WEBRip.x265-RARBG/For.All.Mankind.S03.1080p.WEBRip.x265-RARBG/For.All.Mankind.S03E02.1080p.WEBRip.x265-RARBG.mp4,3,2,7772588,
1142,540,1080,0,212,67,514,212,43790,0.075,4.824463179975282,42864,/home/amos/media/tv/For.All.Mankind.S01-S03.1080p.WEBRip.x265-RARBG/For.All.Mankind.S03.1080p.WEBRip.x265-RARBG/For.All.Mankind.S03E02.1080p.WEBRip.x265-RARBG.mp4,3,2,7772588,
1143,540,1080,1,89,266,941,89,150804,0.259,4.471449137839954,42864,/home/amos/media/tv/For.All.Mankind.S01-S03.1080p.WEBRip.x265-RARBG/For.All.Mankind.S03.1080p.WEBRip.x265-RARBG/For.All.Mankind.S03E02.1080p.WEBRip.x265-RARBG.mp4,3,2,7772588,
1144,540,1080,0,203,104,520,203,31383,0.054,6.781746069958899,42888,/home/amos/media/tv/For.All.Mankind.S01-S03.1080p.WEBRip.x265-RARBG/For.All.Mankind.S03.1080p.WEBRip.x265-RARBG/For.All.Mankind.S03E02.1080p.WEBRip.x265-RARBG.mp4,3,2,7772588,
1145,540,1080,1,121,348,558,121,99199,0.17,1.2250639798003249,42888,/home/amos/media/tv/For.All.Mankind.S01-S03.1080p.WEBRip.x265-RARBG/For.All.Mankind.S03.1080p.WEBRip.x265-RARBG/For.All.Mankind.S03E02.1080p.WEBRip.x265-RARBG.mp4,3,2,7772588,
1146,540,1080,0,211,101,520,211,33990,0.058,7.369025908235926,42912,/home/amos/media/tv/For.All.Mankind.S01-S03.1080p.WEBRip.x265-RARBG/For.All.Mankind.S03.1080p.WEBRip.x265-RARBG/For.All.Mankind.S03E02.1080p.WEBRip.x265-RARBG.mp4,3,2,7772588,
1147,540,1080,1,91,264,939,91,146704,0.252,4.752343043393921,42912,/home/amos/media/tv/For.All.Mankind.S01-S03.1080p.WEBRip.x265-RARBG/For.All.Mankind.S03.1080p.WEBRip.x265-RARBG/For.All.Mankind.S03E02.1080p.WEBRip.x265-RARBG.mp4,3,2,7772588,
1148,540,1080,2,116,345,561,116,101905,0.175,2.6160329875419848,42912,/home/amos/media/tv/For.All.Mankind.S01-S03.1080p.WEBRip.x265-RARBG/For.All.Mankind.S03.1080p.WEBRip.x265-RARBG/For.All.Mankind.S03E02.1080p.WEBRip.x265-RARBG.mp4,3,2,7772588,
1149,540,1080,0,213,104,522,213,33681,0.058,4.978289956517983,42936,/home/amos/media/tv/For.All.Mankind.S01-S03.1080p.WEBRip.x265-RARBG/For.All.Mankind.S03.1080p.WEBRip.x265-RARBG/For.All.Mankind.S03E02.1080p.WEBRip.x265-RARBG.mp4,3,2,7772588,
1150,540,1080,1,87,265,940,87,151834,0.26,2.854387057654094,42936,/home/amos/media/tv/For.All.Mankind.S01-S03.1080p.WEBRip.x265-RARBG/For.All.Mankind.S03.1080p.WEBRip.x265-RARBG/For.All.Mankind.S03E02.1080p.WEBRip.x265-RARBG.mp4,3,2,7772588,
1151,540,1080,0,195,84,456,195,28971,0.05,4.241814014676493,42960,/home/amos/media/tv/For.All.Mankind.S01-S03.1080p.WEBRip.x265-RARBG/For.All.Mankind.S03.1080p.WEBRip.x265-RARBG/For.All.Mankind.S03E02.1080p.WEBRip.x265-RARBG.mp4,3,2,7772588,
1152,540,1080,0,196,83,455,196,29267,0.05,3.9410049823345616,42984,/home/amos/media/tv/For.All.Mankind.S01-S03.1080p.WEBRip.x265-RARBG/For.All.Mankind.S03.1080p.WEBRip.x265-RARBG/For.All.Mankind.S03E02.1080p.WEBRip.x265-RARBG.mp4,3,2,7772588,
1153,540,1080,0,197,85,438,197,26992,0.046,5.901299109100364,43008,/home/amos/media/tv/For.All.Mankind.S01-S03.1080p.WEBRip.x265-RARBG/For.All.Mankind.S03.1080p.WEBRip.x265-RARBG/For.All.Mankind.S03E02.1080p.WEBRip.x265-RARBG.mp4,3,2,7772588,
1154,540,1080,0,204,82,438,204,28548,0.049,7.996116043475922,43032,/home/amos/media/tv/For.All.Mankind.S01-S03.1080p.WEBRip.x265-RARBG/For.All.Mankind.S03.1080p.WEBRip.x265-RARBG/For.All.Mankind.S03E02.1080p.WEBRip.x265-RARBG.mp4,3,2,7772588,
1155,540,1080,0,200,87,446,200,27798,0.048,7.799624026170932,43056,/home/amos/media/tv/For.All.Mankind.S01-S03.1080p.WEBRip.x265-RARBG/For.All.Mankind.S03.1080p.WEBRip.x265-RARBG/For.All.Mankind.S03E02.1080p.WEBRip.x265-RARBG.mp4,3,2,7772588,
1156,540,1080,0,210,52,445,210,37130,0.064,9.252365050720982,43080,/home/amos/media/tv/For.All.Mankind.S01-S03.1080p.WEBRip.x265-RARBG/For.All.Mankind.S03.1080p.WEBRip.x265-RARBG/For.All.Mankind.S03E02.1080p.WEBRip.x265-RARBG.mp4,3,2,7772588,
1157,540,1080,0,197,79,472,197,32450,0.056,7.976479098317213,43104,/home/amos/media/tv/For.All.Mankind.S01-S03.1080p.WEBRip.x265-RARBG/For.All.Mankind.S03.1080p.WEBRip.x265-RARBG/For.All.Mankind.S03E02.1080p.WEBRip.x265-RARBG.mp4,3,2,7772588,
1158,540,1080,0,194,81,469,194,31075,0.053,7.997514989343472,43128,/home/amos/media/tv/For.All.Mankind.S01-S03.1080p.WEBRip.x265-RARBG/For.All.Mankind.S03.1080p.WEBRip.x265-RARBG/For.All.Mankind.S03E02.1080p.WEBRip.x265-RARBG.mp4,3,2,7772588,
1159,540,1080,0,208,94,554,208,39444,0.068,8.177648103970569,43152,/home/amos/media/tv/For.All.Mankind.S01-S03.1080p.WEBRip.x265-RARBG/For.All.Mankind.S03.1080p.WEBRip.x265-RARBG/For.All.Mankind.S03E02.1080p.WEBRip.x265-RARBG.mp4,3,2,7772588,
1160,540,1080,1,87,265,945,87,152724,0.262,3.028680089104455,43152,/home/amos/media/tv/For.All.Mankind.S01-S03.1080p.WEBRip.x265-RARBG/For.All.Mankind.S03.1080p.WEBRip.x265-RARBG/For.All.Mankind.S03E02.1080p.WEBRip.x265-RARBG.mp4,3,2,7772588,
1161,540,1080,0,224,83,566,224,48222,0.083,8.41905315470649,43176,/home/amos/media/tv/For.All.Mankind.S01-S03.1080p.WEBRip.x265-RARBG/For.All.Mankind.S03.1080p.WEBRip.x265-RARBG/For.All.Mankind.S03E02.1080p.WEBRip.x265-RARBG.mp4,3,2,7772588,
1162,540,1080,1,90,263,949,90,148607,0.255,4.377076131466311,43176,/home/amos/media/tv/For.All.Mankind.S01-S03.1080p.WEBRip.x265-RARBG/For.All.Mankind.S03.1080p.WEBRip.x265-RARBG/For.All.Mankind.S03E02.1080p.WEBRip.x265-RARBG.mp4,3,2,7772588,
1163,540,1080,0,225,87,555,225,45540,0.078,9.849354034347924,43200,/home/amos/media/tv/For.All.Mankind.S01-S03.1080p.WEBRip.x265-RARBG/For.All.Mankind.S03.1080p.WEBRip.x265-RARBG/For.All.Mankind.S03E02.1080p.WEBRip.x265-RARBG.mp4,3,2,7772588,
1164,540,1080,1,120,335,581,120,99115,0.17,1.341020945168566,43200,/home/amos/media/tv/For.All.Mankind.S01-S03.1080p.WEBRip.x265-RARBG/For.All.Mankind.S03.1080p.WEBRip.x265-RARBG/For.All.Mankind.S03E02.1080p.WEBRip.x265-RARBG.mp4,3,2,7772588,
1165,540,1080,0,229,108,563,229,40414,0.069,7.161910146882292,43224,/home/amos/media/tv/For.All.Mankind.S01-S03.1080p.WEBRip.x265-RARBG/For.All.Mankind.S03.1080p.WEBRip.x265-RARBG/For.All.Mankind.S03E02.1080p.WEBRip.x265-RARBG.mp4,3,2,7772588,
1166,540,1080,1,92,263,954,92,147402,0.253,2.712324029940646,43224,/home/amos/media/tv/For.All.Mankind.S01-S03.1080p.WEBRip.x265-RARBG/For.All.Mankind.S03.1080p.WEBRip.x265-RARBG/For.All.Mankind.S03E02.1080p.WEBRip.x265-RARBG.mp4,3,2,7772588,
1167,540,1080,2,113,338,580,113,105075,0.18,0.0037119669723324,43224,/home/amos/media/tv/For.All.Mankind.S01-S03.1080p.WEBRip.x265-RARBG/For.All.Mankind.S03.1080p.WEBRip.x265-RARBG/For.All.Mankind.S03E02.1080p.WEBRip.x265-RARBG.mp4,3,2,7772588,
1168,540,1080,0,218,183,549,218,11585,0.02,3.689241072686855,43248,/home/amos/media/tv/For.All.Mankind.S01-S03.1080p.WEBRip.x265-RARBG/For.All.Mankind.S03.1080p.WEBRip.x265-RARBG/For.All.Mankind.S03E02.1080p.WEBRip.x265-RARBG.mp4,3,2,7772588,
1169,540,1080,0,228,92,529,228,40936,0.07,7.221985042851884,43272,/home/amos/media/tv/For.All.Mankind.S01-S03.1080p.WEBRip.x265-RARBG/For.All.Mankind.S03.1080p.WEBRip.x265-RARBG/For.All.Mankind.S03E02.1080p.WEBRip.x265-RARBG.mp4,3,2,7772588,
1170,540,1080,0,233,63,494,233,44370,0.076,4.141397008963395,43296,/home/amos/media/tv/For.All.Mankind.S01-S03.1080p.WEBRip.x265-RARBG/For.All.Mankind.S03.1080p.WEBRip.x265-RARBG/For.All.Mankind.S03E02.1080p.WEBRip.x265-RARBG.mp4,3,2,7772588,
1171,540,1080,0,198,73,459,198,32625,0.056,7.703031016630121,43320,/home/amos/media/tv/For.All.Mankind.S01-S03.1080p.WEBRip.x265-RARBG/For.All.Mankind.S03.1080p.WEBRip.x265-RARBG/For.All.Mankind.S03E02.1080p.WEBRip.x265-RARBG.mp4,3,2,7772588,
1172,540,1080,0,201,81,457,201,30720,0.053,7.602483073598705,43344,/home/amos/media/tv/For.All.Mankind.S01-S03.1080p.WEBRip.x265-RARBG/For.All.Mankind.S03.1080p.WEBRip.x265-RARBG/For.All.Mankind.S03E02.1080p.WEBRip.x265-RARBG.mp4,3,2,7772588,
1173,540,1080,0,199,85,463,199,30096,0.052,5.125609025242738,43368,/home/amos/media/tv/For.All.Mankind.S01-S03.1080p.WEBRip.x265-RARBG/For.All.Mankind.S03.1080p.WEBRip.x265-RARBG/For.All.Mankind.S03E02.1080p.WEBRip.x265-RARBG.mp4,3,2,7772588,
1174,540,1080,0,200,79,445,200,29645,0.051,7.212326037639286,43392,/home/amos/media/tv/For.All.Mankind.S01-S03.1080p.WEBRip.x265-RARBG/For.All.Mankind.S03.1080p.WEBRip.x265-RARBG/For.All.Mankind.S03E02.1080p.WEBRip.x265-RARBG.mp4,3,2,7772588,
1175,540,1080,0,203,74,442,203,30831,0.053,8.023340965271927,43416,/home/amos/media/tv/For.All.Mankind.S01-S03.1080p.WEBRip.x265-RARBG/For.All.Mankind.S03.1080p.WEBRip.x265-RARBG/For.All.Mankind.S03E02.1080p.WEBRip.x265-RARBG.mp4,3,2,7772588,
1176,540,1080,0,202,84,442,202,28320,0.049,7.089286051574163,43440,/home/amos/media/tv/For.All.Mankind.S01-S03.1080p.WEBRip.x265-RARBG/For.All.Mankind.S03.1080p.WEBRip.x265-RARBG/For.All.Mankind.S03E02.1080p.WEBRip.x265-RARBG.mp4,3,2,7772588,
1177,540,1080,0,200,82,443,200,28674,0.049,8.40246907423716,43464,/home/amos/media/tv/For.All.Mankind.S01-S03.1080p.WEBRip.x265-RARBG/For.All.Mankind.S03.1080p.WEBRip.x265-RARBG/For.All.Mankind.S03E02.1080p.WEBRip.x265-RARBG.mp4,3,2,7772588,
1178,540,1080,0,215,74,506,215,41031,0.07,6.939049147011247,43488,/home/amos/media/tv/For.All.Mankind.S01-S03.1080p.WEBRip.x265-RARBG/For.All.Mankind.S03.1080p.WEBRip.x265-RARBG/For.All.Mankind.S03E02.1080p.WEBRip.x265-RARBG.mp4,3,2,7772588,
1179,540,1080,0,224,71,507,224,43299,0.074,7.673537191876676,43512,/home/amos/media/tv/For.All.Mankind.S01-S03.1080p.WEBRip.x265-RARBG/For.All.Mankind.S03.1080p.WEBRip.x265-RARBG/For.All.Mankind.S03E02.1080p.WEBRip.x265-RARBG.mp4,3,2,7772588,
1180,540,1080,0,204,73,429,204,29475,0.051,6.837859085237142,43536,/home/amos/media/tv/For.All.Mankind.S01-S03.1080p.WEBRip.x265-RARBG/For.All.Mankind.S03.1080p.WEBRip.x265-RARBG/For.All.Mankind.S03E02.1080p.WEBRip.x265-RARBG.mp4,3,2,7772588,
1181,540,1080,0,213,81,441,213,30096,0.052,7.478355103987269,43560,/home/amos/media/tv/For.All.Mankind.S01-S03.1080p.WEBRip.x265-RARBG/For.All.Mankind.S03.1080p.WEBRip.x265-RARBG/For.All.Mankind.S03E02.1080p.WEBRip.x265-RARBG.mp4,3,2,7772588,
1182,540,1080,0,205,86,413,205,24752,0.042,6.29562610242283,43584,/home/amos/media/tv/For.All.Mankind.S01-S03.1080p.WEBRip.x265-RARBG/For.All.Mankind.S03.1080p.WEBRip.x265-RARBG/For.All.Mankind.S03E02.1080p.WEBRip.x265-RARBG.mp4,3,2,7772588,
1183,540,1080,0,195,71,417,195,27528,0.047,6.9143290991778485,43608,/home/amos/media/tv/For.All.Mankind.S01-S03.1080p.WEBRip.x265-RARBG/For.All.Mankind.S03.1080p.WEBRip.x265-RARBG/For.All.Mankind.S03E02.1080p.WEBRip.x265-RARBG.mp4,3,2,7772588,
1184,540,1080,1,34,328,795,34,223734,0.384,3.4635799889802,43608,/home/amos/media/tv/For.All.Mankind.S01-S03.1080p.WEBRip.x265-RARBG/For.All.Mankind.S03.1080p.WEBRip.x265-RARBG/For.All.Mankind.S03E02.1080p.WEBRip.x265-RARBG.mp4,3,2,7772588,
1185,540,1080,0,213,61,405,213,29184,0.05,5.505587157502305,43632,/home/amos/media/tv/For.All.Mankind.S01-S03.1080p.WEBRip.x265-RARBG/For.All.Mankind.S03.1080p.WEBRip.x265-RARBG/For.All.Mankind.S03E02.1080p.WEBRip.x265-RARBG.mp4,3,2,7772588,
1186,540,1080,1,40,327,790,40,215250,0.369,3.72837213560706,43632,/home/amos/media/tv/For.All.Mankind.S01-S03.1080p.WEBRip.x265-RARBG/For.All.Mankind.S03.1080p.WEBRip.x265-RARBG/For.All.Mankind.S03E02.1080p.WEBRip.x265-RARBG.mp4,3,2,7772588,
1187,540,1080,0,205,71,411,205,27604,0.047,6.012859161593951,43656,/home/amos/media/tv/For.All.Mankind.S01-S03.1080p.WEBRip.x265-RARBG/For.All.Mankind.S03.1080p.WEBRip.x265-RARBG/For.All.Mankind.S03E02.1080p.WEBRip.x265-RARBG.mp4,3,2,7772588,
1188,540,1080,0,202,90,410,202,23296,0.04,5.050948159885593,43680,/home/amos/media/tv/For.All.Mankind.S01-S03.1080p.WEBRip.x265-RARBG/For.All.Mankind.S03.1080p.WEBRip.x265-RARBG/For.All.Mankind.S03E02.1080p.WEBRip.x265-RARBG.mp4,3,2,7772588,
1189,540,1080,0,204,76,416,204,27136,0.047,4.904360014188569,43704,/home/amos/media/tv/For.All.Mankind.S01-S03.1080p.WEBRip.x265-RARBG/For.All.Mankind.S03.1080p.WEBRip.x265-RARBG/For.All.Mankind.S03E02.1080p.WEBRip.x265-RARBG.mp4,3,2,7772588,
1190,540,1080,0,214,64,413,214,29850,0.051,8.033095934137236,43728,/home/amos/media/tv/For.All.Mankind.S01-S03.1080p.WEBRip.x265-RARBG/For.All.Mankind.S03.1080p.WEBRip.x265-RARBG/For.All.Mankind.S03E02.1080p.WEBRip.x265-RARBG.mp4,3,2,7772588,
1191,540,1080,0,207,70,411,207,27948,0.048,5.28685918886913,43752,/home/amos/media/tv/For.All.Mankind.S01-S03.1080p.WEBRip.x265-RARBG/For.All.Mankind.S03.1080p.WEBRip.x265-RARBG/For.All.Mankind.S03E02.1080p.WEBRip.x265-RARBG.mp4,3,2,7772588,
1192,540,1080,0,210,67,416,210,29458,0.051,7.596733035927173,43776,/home/amos/media/tv/For.All.Mankind.S01-S03.1080p.WEBRip.x265-RARBG/For.All.Mankind.S03.1080p.WEBRip.x265-RARBG/For.All.Mankind.S03E02.1080p.WEBRip.x265-RARBG.mp4,3,2,7772588,
1193,540,1080,0,202,73,415,202,27477,0.047,6.253740039130207,43800,/home/amos/media/tv/For.All.Mankind.S01-S03.1080p.WEBRip.x265-RARBG/For.All.Mankind.S03.1080p.WEBRip.x265-RARBG/For.All.Mankind.S03E02.1080p.WEBRip.x265-RARBG.mp4,3,2,7772588,
1194,540,1080,0,214,78,494,214,38080,0.065,8.77447916654637,43824,/home/amos/media/tv/For.All.Mankind.S01-S03.1080p.WEBRip.x265-RARBG/For.All.Mankind.S03.1080p.WEBRip.x265-RARBG/For.All.Mankind.S03E02.1080p.WEBRip.x265-RARBG.mp4,3,2,7772588,
1195,540,1080,0,220,78,498,220,39476,0.068,7.778749072749633,43848,/home/amos/media/tv/For.All.Mankind.S01-S03.1080p.WEBRip.x265-RARBG/For.All.Mankind.S03.1080p.WEBRip.x265-RARBG/For.All.Mankind.S03E02.1080p.WEBRip.x265-RARBG.mp4,3,2,7772588,
1196,540,1080,1,88,258,950,88,146540,0.251,1.343582040455658,43848,/home/amos/media/tv/For.All.Mankind.S01-S03.1080p.WEBRip.x265-RARBG/For.All.Mankind.S03.1080p.WEBRip.x265-RARBG/For.All.Mankind.S03E02.1080p.WEBRip.x265-RARBG.mp4,3,2,7772588,
1197,540,1080,0,217,73,502,217,41040,0.07,7.523733094276395,43872,/home/amos/media/tv/For.All.Mankind.S01-S03.1080p.WEBRip.x265-RARBG/For.All.Mankind.S03.1080p.WEBRip.x265-RARBG/For.All.Mankind.S03E02.1080p.WEBRip.x265-RARBG.mp4,3,2,7772588,
1198,540,1080,0,57,145,444,57,34056,0.058,7.534520036249887,44064,/home/amos/media/tv/For.All.Mankind.S01-S03.1080p.WEBRip.x265-RARBG/For.All.Mankind.S03.1080p.WEBRip.x265-RARBG/For.All.Mankind.S03E02.1080p.WEBRip.x265-RARBG.mp4,3,2,7772588,
1199,540,1080,0,67,143,329,67,19912,0.034,6.954481060325634,44088,/home/amos/media/tv/For.All.Mankind.S01-S03.1080p.WEBRip.x265-RARBG/For.All.Mankind.S03.1080p.WEBRip.x265-RARBG/For.All.Mankind.S03E02.1080p.WEBRip.x265-RARBG.mp4,3,2,7772588,
1200,540,1080,0,109,132,251,109,3266,0.006,5.02413702418562,44112,/home/amos/media/tv/For.All.Mankind.S01-S03.1080p.WEBRip.x265-RARBG/For.All.Mankind.S03.1080p.WEBRip.x265-RARBG/For.All.Mankind.S03E02.1080p.WEBRip.x265-RARBG.mp4,3,2,7772588,
1201,540,1080,0,87,52,358,87,9485,0.016,6.125646023720037,44136,/home/amos/media/tv/For.All.Mankind.S01-S03.1080p.WEBRip.x265-RARBG/For.All.Mankind.S03.1080p.WEBRip.x265-RARBG/For.All.Mankind.S03E02.1080p.WEBRip.x265-RARBG.mp4,3,2,7772588,
1202,540,1080,0,98,77,359,98,5481,0.009,5.404933064361103,44160,/home/amos/media/tv/For.All.Mankind.S01-S03.1080p.WEBRip.x265-RARBG/For.All.Mankind.S03.1080p.WEBRip.x265-RARBG/For.All.Mankind.S03E02.1080p.WEBRip.x265-RARBG.mp4,3,2,7772588,
1203,540,1080,0,76,136,845,76,46140,0.079,7.569278158422094,44256,/home/amos/media/tv/For.All.Mankind.S01-S03.1080p.WEBRip.x265-RARBG/For.All.Mankind.S03.1080p.WEBRip.x265-RARBG/For.All.Mankind.S03E02.1080p.WEBRip.x265-RARBG.mp4,3,2,7772588,
1204,540,1080,0,29,185,898,29,135564,0.232,6.985400034987833,44304,/home/amos/media/tv/For.All.Mankind.S01-S03.1080p.WEBRip.x265-RARBG/For.All.Mankind.S03.1080p.WEBRip.x265-RARBG/For.All.Mankind.S03E02.1080p.WEBRip.x265-RARBG.mp4,3,2,7772588,
1205,540,1080,0,220,71,486,220,39634,0.068,11.984119052940514,44328,/home/amos/media/tv/For.All.Mankind.S01-S03.1080p.WEBRip.x265-RARBG/For.All.Mankind.S03.1080p.WEBRip.x265-RARBG/For.All.Mankind.S03E02.1080p.WEBRip.x265-RARBG.mp4,3,2,7772588,
1206,540,1080,0,170,112,469,170,17342,0.03,4.607368018536363,44352,/home/amos/media/tv/For.All.Mankind.S01-S03.1080p.WEBRip.x265-RARBG/For.All.Mankind.S03.1080p.WEBRip.x265-RARBG/For.All.Mankind.S03E02.1080p.WEBRip.x265-RARBG.mp4,3,2,7772588,
1207,540,1080,0,238,96,494,238,36352,0.062,10.378030086343642,44376,/home/amos/media/tv/For.All.Mankind.S01-S03.1080p.WEBRip.x265-RARBG/For.All.Mankind.S03.1080p.WEBRip.x265-RARBG/For.All.Mankind.S03E02.1080p.WEBRip.x265-RARBG.mp4,3,2,7772588,
1208,540,1080,0,235,84,425,235,28690,0.049,9.18081912060734,44400,/home/amos/media/tv/For.All.Mankind.S01-S03.1080p.WEBRip.x265-RARBG/For.All.Mankind.S03.1080p.WEBRip.x265-RARBG/For.All.Mankind.S03E02.1080p.WEBRip.x265-RARBG.mp4,3,2,7772588,
1209,540,1080,0,241,101,420,241,25060,0.043,4.853394044039305,44424,/home/amos/media/tv/For.All.Mankind.S01-S03.1080p.WEBRip.x265-RARBG/For.All.Mankind.S03.1080p.WEBRip.x265-RARBG/For.All.Mankind.S03E02.1080p.WEBRip.x265-RARBG.mp4,3,2,7772588,
1210,540,1080,0,243,110,432,243,25137,0.043,6.739203044679016,44448,/home/amos/media/tv/For.All.Mankind.S01-S03.1080p.WEBRip.x265-RARBG/For.All.Mankind.S03.1080p.WEBRip.x265-RARBG/For.All.Mankind.S03E02.1080p.WEBRip.x265-RARBG.mp4,3,2,7772588,
1211,540,1080,0,195,140,424,195,12595,0.022,8.708476058382075,44472,/home/amos/media/tv/For.All.Mankind.S01-S03.1080p.WEBRip.x265-RARBG/For.All.Mankind.S03.1080p.WEBRip.x265-RARBG/For.All.Mankind.S03E02.1080p.WEBRip.x265-RARBG.mp4,3,2,7772588,
1212,540,1080,0,190,156,435,190,8330,0.014,8.819304058037233,44496,/home/amos/media/tv/For.All.Mankind.S01-S03.1080p.WEBRip.x265-RARBG/For.All.Mankind.S03.1080p.WEBRip.x265-RARBG/For.All.Mankind.S03E02.1080p.WEBRip.x265-RARBG.mp4,3,2,7772588,
1213,540,1080,0,235,58,382,235,26019,0.045,8.7537090323749,44520,/home/amos/media/tv/For.All.Mankind.S01-S03.1080p.WEBRip.x265-RARBG/For.All.Mankind.S03.1080p.WEBRip.x265-RARBG/For.All.Mankind.S03E02.1080p.WEBRip.x265-RARBG.mp4,3,2,7772588,
1214,540,1080,0,238,67,425,238,31977,0.055,9.70374403288588,44544,/home/amos/media/tv/For.All.Mankind.S01-S03.1080p.WEBRip.x265-RARBG/For.All.Mankind.S03.1080p.WEBRip.x265-RARBG/For.All.Mankind.S03E02.1080p.WEBRip.x265-RARBG.mp4,3,2,7772588,
1215,540,1080,0,237,75,429,237,31104,0.053,9.393635062675456,44568,/home/amos/media/tv/For.All.Mankind.S01-S03.1080p.WEBRip.x265-RARBG/For.All.Mankind.S03.1080p.WEBRip.x265-RARBG/For.All.Mankind.S03E02.1080p.WEBRip.x265-RARBG.mp4,3,2,7772588,
1216,540,1080,0,207,113,339,207,12408,0.021,5.497382109228056,44592,/home/amos/media/tv/For.All.Mankind.S01-S03.1080p.WEBRip.x265-RARBG/For.All.Mankind.S03.1080p.WEBRip.x265-RARBG/For.All.Mankind.S03E02.1080p.WEBRip.x265-RARBG.mp4,3,2,7772588,
1217,540,1080,0,208,132,355,208,11172,0.019,6.409084104641806,44616,/home/amos/media/tv/For.All.Mankind.S01-S03.1080p.WEBRip.x265-RARBG/For.All.Mankind.S03.1080p.WEBRip.x265-RARBG/For.All.Mankind.S03E02.1080p.WEBRip.x265-RARBG.mp4,3,2,7772588,
1218,540,1080,0,227,93,440,227,28542,0.049,8.310813083662651,44640,/home/amos/media/tv/For.All.Mankind.S01-S03.1080p.WEBRip.x265-RARBG/For.All.Mankind.S03.1080p.WEBRip.x265-RARBG/For.All.Mankind.S03E02.1080p.WEBRip.x265-RARBG.mp4,3,2,7772588,
1219,540,1080,0,221,106,401,221,20700,0.035,11.264206009160262,44664,/home/amos/media/tv/For.All.Mankind.S01-S03.1080p.WEBRip.x265-RARBG/For.All.Mankind.S03.1080p.WEBRip.x265-RARBG/For.All.Mankind.S03E02.1080p.WEBRip.x265-RARBG.mp4,3,2,7772588,
1220,540,1080,0,217,101,359,217,16472,0.028,8.016654051549267,44688,/home/amos/media/tv/For.All.Mankind.S01-S03.1080p.WEBRip.x265-RARBG/For.All.Mankind.S03.1080p.WEBRip.x265-RARBG/For.All.Mankind.S03E02.1080p.WEBRip.x265-RARBG.mp4,3,2,7772588,
1221,540,1080,0,220,95,397,220,22125,0.038,8.108701155462768,44712,/home/amos/media/tv/For.All.Mankind.S01-S03.1080p.WEBRip.x265-RARBG/For.All.Mankind.S03.1080p.WEBRip.x265-RARBG/For.All.Mankind.S03E02.1080p.WEBRip.x265-RARBG.mp4,3,2,7772588,
1222,540,1080,0,219,114,404,219,19425,0.033,6.699965075764339,44736,/home/amos/media/tv/For.All.Mankind.S01-S03.1080p.WEBRip.x265-RARBG/For.All.Mankind.S03.1080p.WEBRip.x265-RARBG/For.All.Mankind.S03E02.1080p.WEBRip.x265-RARBG.mp4,3,2,7772588,
1223,540,1080,0,220,117,411,220,19673,0.034,8.254443041456398,44760,/home/amos/media/tv/For.All.Mankind.S01-S03.1080p.WEBRip.x265-RARBG/For.All.Mankind.S03.1080p.WEBRip.x265-RARBG/For.All.Mankind.S03E02.1080p.WEBRip.x265-RARBG.mp4,3,2,7772588,
1224,540,1080,0,227,117,370,227,15730,0.027,5.363399117195513,44808,/home/amos/media/tv/For.All.Mankind.S01-S03.1080p.WEBRip.x265-RARBG/For.All.Mankind.S03.1080p.WEBRip.x265-RARBG/For.All.Mankind.S03E02.1080p.WEBRip.x265-RARBG.mp4,3,2,7772588,
1225,540,1080,0,225,115,400,225,19250,0.033,8.647262060490903,44856,/home/amos/media/tv/For.All.Mankind.S01-S03.1080p.WEBRip.x265-RARBG/For.All.Mankind.S03.1080p.WEBRip.x265-RARBG/For.All.Mankind.S03E02.1080p.WEBRip.x265-RARBG.mp4,3,2,7772588,
1226,540,1080,0,222,128,394,222,16168,0.028,9.416347139223944,44880,/home/amos/media/tv/For.All.Mankind.S01-S03.1080p.WEBRip.x265-RARBG/For.All.Mankind.S03.1080p.WEBRip.x265-RARBG/For.All.Mankind.S03E02.1080p.WEBRip.x265-RARBG.mp4,3,2,7772588,
1227,540,1080,0,69,151,617,69,44936,0.077,6.560211173200514,44904,/home/amos/media/tv/For.All.Mankind.S01-S03.1080p.WEBRip.x265-RARBG/For.All.Mankind.S03.1080p.WEBRip.x265-RARBG/For.All.Mankind.S03E02.1080p.WEBRip.x265-RARBG.mp4,3,2,7772588,
1228,540,1080,0,77,69,326,77,1992,0.003,3.046925090602599,44928,/home/amos/media/tv/For.All.Mankind.S01-S03.1080p.WEBRip.x265-RARBG/For.All.Mankind.S03.1080p.WEBRip.x265-RARBG/For.All.Mankind.S03E02.1080p.WEBRip.x265-RARBG.mp4,3,2,7772588,
1229,540,1080,1,93,165,681,93,42336,0.073,4.0554030578932725,44928,/home/amos/media/tv/For.All.Mankind.S01-S03.1080p.WEBRip.x265-RARBG/For.All.Mankind.S03.1080p.WEBRip.x265-RARBG/For.All.Mankind.S03E02.1080p.WEBRip.x265-RARBG.mp4,3,2,7772588,
1230,540,1080,0,72,95,360,72,6624,0.011,7.054321997158695,44952,/home/amos/media/tv/For.All.Mankind.S01-S03.1080p.WEBRip.x265-RARBG/For.All.Mankind.S03.1080p.WEBRip.x265-RARBG/For.All.Mankind.S03E02.1080p.WEBRip.x265-RARBG.mp4,3,2,7772588,
1231,540,1080,1,223,71,510,223,43624,0.075,11.157287194335368,44952,/home/amos/media/tv/For.All.Mankind.S01-S03.1080p.WEBRip.x265-RARBG/For.All.Mankind.S03.1080p.WEBRip.x265-RARBG/For.All.Mankind.S03E02.1080p.WEBRip.x265-RARBG.mp4,3,2,7772588,
1232,540,1080,0,69,92,355,69,6578,0.011,7.545074091001879,44976,/home/amos/media/tv/For.All.Mankind.S01-S03.1080p.WEBRip.x265-RARBG/For.All.Mankind.S03.1080p.WEBRip.x265-RARBG/For.All.Mankind.S03E02.1080p.WEBRip.x265-RARBG.mp4,3,2,7772588,
1233,540,1080,1,92,46,343,92,11546,0.02,8.130484943219926,44976,/home/amos/media/tv/For.All.Mankind.S01-S03.1080p.WEBRip.x265-RARBG/For.All.Mankind.S03.1080p.WEBRip.x265-RARBG/For.All.Mankind.S03E02.1080p.WEBRip.x265-RARBG.mp4,3,2,7772588,
1234,540,1080,0,67,84,401,67,5678,0.01,11.285805025545416,45000,/home/amos/media/tv/For.All.Mankind.S01-S03.1080p.WEBRip.x265-RARBG/For.All.Mankind.S03.1080p.WEBRip.x265-RARBG/For.All.Mankind.S03E02.1080p.WEBRip.x265-RARBG.mp4,3,2,7772588,
1235,540,1080,0,66,83,420,66,6018,0.01,8.168419176654425,45024,/home/amos/media/tv/For.All.Mankind.S01-S03.1080p.WEBRip.x265-RARBG/For.All.Mankind.S03.1080p.WEBRip.x265-RARBG/For.All.Mankind.S03E02.1080p.WEBRip.x265-RARBG.mp4,3,2,7772588,
1236,540,1080,0,168,78,497,168,29610,0.051,7.728210160625167,45528,/home/amos/media/tv/For.All.Mankind.S01-S03.1080p.WEBRip.x265-RARBG/For.All.Mankind.S03.1080p.WEBRip.x265-RARBG/For.All.Mankind.S03E02.1080p.WEBRip.x265-RARBG.mp4,3,2,7772588,
1237,540,1080,0,174,78,492,174,30528,0.052,8.627191140025388,45552,/home/amos/media/tv/For.All.Mankind.S01-S03.1080p.WEBRip.x265-RARBG/For.All.Mankind.S03.1080p.WEBRip.x265-RARBG/For.All.Mankind.S03E02.1080p.WEBRip.x265-RARBG.mp4,3,2,7772588,
1238,540,1080,0,38,84,675,38,29302,0.05,6.1551401657634415,45576,/home/amos/media/tv/For.All.Mankind.S01-S03.1080p.WEBRip.x265-RARBG/For.All.Mankind.S03.1080p.WEBRip.x265-RARBG/For.All.Mankind.S03E02.1080p.WEBRip.x265-RARBG.mp4,3,2,7772588,
1239,540,1080,0,140,87,623,140,25599,0.044,7.086662036424968,45744,/home/amos/media/tv/For.All.Mankind.S01-S03.1080p.WEBRip.x265-RARBG/For.All.Mankind.S03.1080p.WEBRip.x265-RARBG/For.All.Mankind.S03E02.1080p.WEBRip.x265-RARBG.mp4,3,2,7772588,
1240,540,1080,0,123,99,618,123,11880,0.02,4.5117390537052415,45792,/home/amos/media/tv/For.All.Mankind.S01-S03.1080p.WEBRip.x265-RARBG/For.All.Mankind.S03.1080p.WEBRip.x265-RARBG/For.All.Mankind.S03E02.1080p.WEBRip.x265-RARBG.mp4,3,2,7772588,
1241,540,1080,0,126,95,617,126,15221,0.026,2.829167017771397,45816,/home/amos/media/tv/For.All.Mankind.S01-S03.1080p.WEBRip.x265-RARBG/For.All.Mankind.S03.1080p.WEBRip.x265-RARBG/For.All.Mankind.S03E02.1080p.WEBRip.x265-RARBG.mp4,3,2,7772588,
1242,540,1080,0,111,114,605,111,1482,0.003,4.830255000852048,45840,/home/amos/media/tv/For.All.Mankind.S01-S03.1080p.WEBRip.x265-RARBG/For.All.Mankind.S03.1080p.WEBRip.x265-RARBG/For.All.Mankind.S03E02.1080p.WEBRip.x265-RARBG.mp4,3,2,7772588,
1243,540,1080,0,167,94,422,167,18615,0.032,9.313827023550402,45864,/home/amos/media/tv/For.All.Mankind.S01-S03.1080p.WEBRip.x265-RARBG/For.All.Mankind.S03.1080p.WEBRip.x265-RARBG/For.All.Mankind.S03E02.1080p.WEBRip.x265-RARBG.mp4,3,2,7772588,
1244,540,1080,0,163,88,412,163,18675,0.032,8.110471043852158,45888,/home/amos/media/tv/For.All.Mankind.S01-S03.1080p.WEBRip.x265-RARBG/For.All.Mankind.S03.1080p.WEBRip.x265-RARBG/For.All.Mankind.S03E02.1080p.WEBRip.x265-RARBG.mp4,3,2,7772588,
1245,540,1080,0,162,85,400,162,18326,0.031,9.14631501463009,45912,/home/amos/media/tv/For.All.Mankind.S01-S03.1080p.WEBRip.x265-RARBG/For.All.Mankind.S03.1080p.WEBRip.x265-RARBG/For.All.Mankind.S03E02.1080p.WEBRip.x265-RARBG.mp4,3,2,7772588,
1246,540,1080,0,166,87,390,166,17696,0.03,9.60772107419325,45936,/home/amos/media/tv/For.All.Mankind.S01-S03.1080p.WEBRip.x265-RARBG/For.All.Mankind.S03.1080p.WEBRip.x265-RARBG/For.All.Mankind.S03E02.1080p.WEBRip.x265-RARBG.mp4,3,2,7772588,
1247,540,1080,0,202,103,599,202,39303,0.067,8.579528061032761,45960,/home/amos/media/tv/For.All.Mankind.S01-S03.1080p.WEBRip.x265-RARBG/For.All.Mankind.S03.1080p.WEBRip.x265-RARBG/For.All.Mankind.S03E02.1080p.WEBRip.x265-RARBG.mp4,3,2,7772588,
1248,540,1080,0,196,93,603,196,41921,0.072,6.314000068756286,45984,/home/amos/media/tv/For.All.Mankind.S01-S03.1080p.WEBRip.x265-RARBG/For.All.Mankind.S03.1080p.WEBRip.x265-RARBG/For.All.Mankind.S03E02.1080p.WEBRip.x265-RARBG.mp4,3,2,7772588,
1249,540,1080,0,200,102,603,200,39494,0.068,7.441431033541448,46008,/home/amos/media/tv/For.All.Mankind.S01-S03.1080p.WEBRip.x265-RARBG/For.All.Mankind.S03.1080p.WEBRip.x265-RARBG/For.All.Mankind.S03E02.1080p.WEBRip.x265-RARBG.mp4,3,2,7772588,
1250,540,1080,0,211,97,594,211,43662,0.075,7.834938074869569,46032,/home/amos/media/tv/For.All.Mankind.S01-S03.1080p.WEBRip.x265-RARBG/For.All.Mankind.S03.1080p.WEBRip.x265-RARBG/For.All.Mankind.S03E02.1080p.WEBRip.x265-RARBG.mp4,3,2,7772588,
1251,540,1080,0,167,83,333,167,13944,0.024,9.159427073027471,46056,/home/amos/media/tv/For.All.Mankind.S01-S03.1080p.WEBRip.x265-RARBG/For.All.Mankind.S03.1080p.WEBRip.x265-RARBG/For.All.Mankind.S03E02.1080p.WEBRip.x265-RARBG.mp4,3,2,7772588,
1252,540,1080,0,159,82,345,159,14322,0.025,8.053942077734973,46080,/home/amos/media/tv/For.All.Mankind.S01-S03.1080p.WEBRip.x265-RARBG/For.All.Mankind.S03.1080p.WEBRip.x265-RARBG/For.All.Mankind.S03E02.1080p.WEBRip.x265-RARBG.mp4,3,2,7772588,
1253,540,1080,0,166,85,325,166,12879,0.022,9.046815075620543,46104,/home/amos/media/tv/For.All.Mankind.S01-S03.1080p.WEBRip.x265-RARBG/For.All.Mankind.S03.1080p.WEBRip.x265-RARBG/For.All.Mankind.S03E02.1080p.WEBRip.x265-RARBG.mp4,3,2,7772588,
1254,540,1080,0,176,99,677,176,38577,0.066,3.7225410403334536,46224,/home/amos/media/tv/For.All.Mankind.S01-S03.1080p.WEBRip.x265-RARBG/For.All.Mankind.S03.1080p.WEBRip.x265-RARBG/For.All.Mankind.S03E02.1080p.WEBRip.x265-RARBG.mp4,3,2,7772588,
1255,540,1080,0,179,103,636,179,34732,0.06,4.188889944693074,46248,/home/amos/media/tv/For.All.Mankind.S01-S03.1080p.WEBRip.x265-RARBG/For.All.Mankind.S03.1080p.WEBRip.x265-RARBG/For.All.Mankind.S03E02.1080p.WEBRip.x265-RARBG.mp4,3,2,7772588,
1256,540,1080,0,196,99,638,196,42874,0.074,7.325403987022582,46368,/home/amos/media/tv/For.All.Mankind.S01-S03.1080p.WEBRip.x265-RARBG/For.All.Mankind.S03.1080p.WEBRip.x265-RARBG/For.All.Mankind.S03E02.1080p.WEBRip.x265-RARBG.mp4,3,2,7772588,
1257,540,1080,0,195,101,622,195,40138,0.069,2.651069112762343,46392,/home/amos/media/tv/For.All.Mankind.S01-S03.1080p.WEBRip.x265-RARBG/For.All.Mankind.S03.1080p.WEBRip.x265-RARBG/For.All.Mankind.S03E02.1080p.WEBRip.x265-RARBG.mp4,3,2,7772588,
1258,540,1080,0,166,97,275,166,7521,0.013,11.878027107042726,46416,/home/amos/media/tv/For.All.Mankind.S01-S03.1080p.WEBRip.x265-RARBG/For.All.Mankind.S03.1080p.WEBRip.x265-RARBG/For.All.Mankind.S03E02.1080p.WEBRip.x265-RARBG.mp4,3,2,7772588,
1259,540,1080,0,172,94,323,172,11778,0.02,8.60080100450432,46440,/home/amos/media/tv/For.All.Mankind.S01-S03.1080p.WEBRip.x265-RARBG/For.All.Mankind.S03.1080p.WEBRip.x265-RARBG/For.All.Mankind.S03E02.1080p.WEBRip.x265-RARBG.mp4,3,2,7772588,
1260,540,1080,0,167,97,345,167,12460,0.021,5.241865989926737,46464,/home/amos/media/tv/For.All.Mankind.S01-S03.1080p.WEBRip.x265-RARBG/For.All.Mankind.S03.1080p.WEBRip.x265-RARBG/For.All.Mankind.S03E02.1080p.WEBRip.x265-RARBG.mp4,3,2,7772588,
1261,540,1080,0,201,108,626,201,39525,0.068,3.399555017182138,46488,/home/amos/media/tv/For.All.Mankind.S01-S03.1080p.WEBRip.x265-RARBG/For.All.Mankind.S03.1080p.WEBRip.x265-RARBG/For.All.Mankind.S03E02.1080p.WEBRip.x265-RARBG.mp4,3,2,7772588,
1262,540,1080,0,203,123,617,203,33120,0.057,9.261199006985407,46512,/home/amos/media/tv/For.All.Mankind.S01-S03.1080p.WEBRip.x265-RARBG/For.All.Mankind.S03.1080p.WEBRip.x265-RARBG/For.All.Mankind.S03E02.1080p.WEBRip.x265-RARBG.mp4,3,2,7772588,
1263,540,1080,0,205,110,595,205,37050,0.064,6.033575077715796,46536,/home/amos/media/tv/For.All.Mankind.S01-S03.1080p.WEBRip.x265-RARBG/For.All.Mankind.S03.1080p.WEBRip.x265-RARBG/For.All.Mankind.S03E02.1080p.WEBRip.x265-RARBG.mp4,3,2,7772588,
1264,540,1080,0,210,123,609,210,34713,0.06,7.629550114623271,46560,/home/amos/media/tv/For.All.Mankind.S01-S03.1080p.WEBRip.x265-RARBG/For.All.Mankind.S03.1080p.WEBRip.x265-RARBG/For.All.Mankind.S03E02.1080p.WEBRip.x265-RARBG.mp4,3,2,7772588,
1265,540,1080,0,209,125,581,209,31248,0.054,9.495619095105212,46584,/home/amos/media/tv/For.All.Mankind.S01-S03.1080p.WEBRip.x265-RARBG/For.All.Mankind.S03.1080p.WEBRip.x265-RARBG/For.All.Mankind.S03E02.1080p.WEBRip.x265-RARBG.mp4,3,2,7772588,
1266,540,1080,0,215,126,569,215,31506,0.054,6.9953470744076185,46608,/home/amos/media/tv/For.All.Mankind.S01-S03.1080p.WEBRip.x265-RARBG/For.All.Mankind.S03.1080p.WEBRip.x265-RARBG/For.All.Mankind.S03E02.1080p.WEBRip.x265-RARBG.mp4,3,2,7772588,
1267,540,1080,0,212,125,605,212,34191,0.059,6.058378029731102,46632,/home/amos/media/tv/For.All.Mankind.S01-S03.1080p.WEBRip.x265-RARBG/For.All.Mankind.S03.1080p.WEBRip.x265-RARBG/For.All.Mankind.S03E02.1080p.WEBRip.x265-RARBG.mp4,3,2,7772588,
1268,540,1080,0,213,124,605,213,34888,0.06,7.584226090577431,46656,/home/amos/media/tv/For.All.Mankind.S01-S03.1080p.WEBRip.x265-RARBG/For.All.Mankind.S03.1080p.WEBRip.x265-RARBG/For.All.Mankind.S03E02.1080p.WEBRip.x265-RARBG.mp4,3,2,7772588,
1269,540,1080,0,199,103,602,199,38688,0.066,5.146970035566483,46680,/home/amos/media/tv/For.All.Mankind.S01-S03.1080p.WEBRip.x265-RARBG/For.All.Mankind.S03.1080p.WEBRip.x265-RARBG/For.All.Mankind.S03E02.1080p.WEBRip.x265-RARBG.mp4,3,2,7772588,
1270,540,1080,0,80,95,366,80,4290,0.007,7.834527136175893,46704,/home/amos/media/tv/For.All.Mankind.S01-S03.1080p.WEBRip.x265-RARBG/For.All.Mankind.S03.1080p.WEBRip.x265-RARBG/For.All.Mankind.S03E02.1080p.WEBRip.x265-RARBG.mp4,3,2,7772588,
1271,540,1080,0,85,90,358,85,1365,0.002,8.194400992651936,46728,/home/amos/media/tv/For.All.Mankind.S01-S03.1080p.WEBRip.x265-RARBG/For.All.Mankind.S03.1080p.WEBRip.x265-RARBG/For.All.Mankind.S03E02.1080p.WEBRip.x265-RARBG.mp4,3,2,7772588,
1272,540,1080,0,83,92,360,83,2493,0.004,6.972010097815655,46752,/home/amos/media/tv/For.All.Mankind.S01-S03.1080p.WEBRip.x265-RARBG/For.All.Mankind.S03.1080p.WEBRip.x265-RARBG/For.All.Mankind.S03E02.1080p.WEBRip.x265-RARBG.mp4,3,2,7772588,
1273,540,1080,0,90,50,685,90,23800,0.041,2.153303076513112,46776,/home/amos/media/tv/For.All.Mankind.S01-S03.1080p.WEBRip.x265-RARBG/For.All.Mankind.S03.1080p.WEBRip.x265-RARBG/For.All.Mankind.S03E02.1080p.WEBRip.x265-RARBG.mp4,3,2,7772588,
1274,540,1080,0,88,91,350,88,786,0.001,6.806084043055307,46824,/home/amos/media/tv/For.All.Mankind.S01-S03.1080p.WEBRip.x265-RARBG/For.All.Mankind.S03.1080p.WEBRip.x265-RARBG/For.All.Mankind.S03E02.1080p.WEBRip.x265-RARBG.mp4,3,2,7772588,
1275,540,1080,0,199,114,576,199,32045,0.055,5.597660096769687,46872,/home/amos/media/tv/For.All.Mankind.S01-S03.1080p.WEBRip.x265-RARBG/For.All.Mankind.S03.1080p.WEBRip.x265-RARBG/For.All.Mankind.S03E02.1080p.WEBRip.x265-RARBG.mp4,3,2,7772588,
1276,540,1080,0,194,98,553,194,34464,0.059,5.39057002280606,46896,/home/amos/media/tv/For.All.Mankind.S01-S03.1080p.WEBRip.x265-RARBG/For.All.Mankind.S03.1080p.WEBRip.x265-RARBG/For.All.Mankind.S03E02.1080p.WEBRip.x265-RARBG.mp4,3,2,7772588,
1277,540,1080,0,165,79,299,165,11524,0.02,9.530332112626638,46944,/home/amos/media/tv/For.All.Mankind.S01-S03.1080p.WEBRip.x265-RARBG/For.All.Mankind.S03.1080p.WEBRip.x265-RARBG/For.All.Mankind.S03E02.1080p.WEBRip.x265-RARBG.mp4,3,2,7772588,
1278,540,1080,0,170,74,304,170,12864,0.022,9.228709030081518,46968,/home/amos/media/tv/For.All.Mankind.S01-S03.1080p.WEBRip.x265-RARBG/For.All.Mankind.S03.1080p.WEBRip.x265-RARBG/For.All.Mankind.S03E02.1080p.WEBRip.x265-RARBG.mp4,3,2,7772588,
1279,540,1080,0,172,74,295,172,12054,0.021,10.266227074083872,46992,/home/amos/media/tv/For.All.Mankind.S01-S03.1080p.WEBRip.x265-RARBG/For.All.Mankind.S03.1080p.WEBRip.x265-RARBG/For.All.Mankind.S03E02.1080p.WEBRip.x265-RARBG.mp4,3,2,7772588,
1280,540,1080,0,180,84,292,180,10752,0.018,7.511048080283217,47016,/home/amos/media/tv/For.All.Mankind.S01-S03.1080p.WEBRip.x265-RARBG/For.All.Mankind.S03.1080p.WEBRip.x265-RARBG/For.All.Mankind.S03E02.1080p.WEBRip.x265-RARBG.mp4,3,2,7772588,
1281,540,1080,0,192,152,600,192,16320,0.028,8.696007074497174,47064,/home/amos/media/tv/For.All.Mankind.S01-S03.1080p.WEBRip.x265-RARBG/For.All.Mankind.S03.1080p.WEBRip.x265-RARBG/For.All.Mankind.S03E02.1080p.WEBRip.x265-RARBG.mp4,3,2,7772588,
1282,540,1080,0,183,110,655,183,34456,0.059,4.706637900089845,47184,/home/amos/media/tv/For.All.Mankind.S01-S03.1080p.WEBRip.x265-RARBG/For.All.Mankind.S03.1080p.WEBRip.x265-RARBG/For.All.Mankind.S03E02.1080p.WEBRip.x265-RARBG.mp4,3,2,7772588,
1283,540,1080,0,204,101,624,204,43260,0.074,4.2536980411969125,47208,/home/amos/media/tv/For.All.Mankind.S01-S03.1080p.WEBRip.x265-RARBG/For.All.Mankind.S03.1080p.WEBRip.x265-RARBG/For.All.Mankind.S03E02.1080p.WEBRip.x265-RARBG.mp4,3,2,7772588,
1284,540,1080,0,190,108,655,190,38130,0.065,5.443774867337197,47232,/home/amos/media/tv/For.All.Mankind.S01-S03.1080p.WEBRip.x265-RARBG/For.All.Mankind.S03.1080p.WEBRip.x265-RARBG/For.All.Mankind.S03E02.1080p.WEBRip.x265-RARBG.mp4,3,2,7772588,
1285,540,1080,0,198,109,659,198,41029,0.07,8.301156067696866,47256,/home/amos/media/tv/For.All.Mankind.S01-S03.1080p.WEBRip.x265-RARBG/For.All.Mankind.S03.1080p.WEBRip.x265-RARBG/For.All.Mankind.S03E02.1080p.WEBRip.x265-RARBG.mp4,3,2,7772588,
1286,540,1080,0,205,104,641,205,44036,0.076,8.08314303815132,47280,/home/amos/media/tv/For.All.Mankind.S01-S03.1080p.WEBRip.x265-RARBG/For.All.Mankind.S03.1080p.WEBRip.x265-RARBG/For.All.Mankind.S03E02.1080p.WEBRip.x265-RARBG.mp4,3,2,7772588,
1287,540,1080,0,204,106,635,204,42238,0.072,8.898315949831158,47304,/home/amos/media/tv/For.All.Mankind.S01-S03.1080p.WEBRip.x265-RARBG/For.All.Mankind.S03.1080p.WEBRip.x265-RARBG/For.All.Mankind.S03E02.1080p.WEBRip.x265-RARBG.mp4,3,2,7772588,
1288,540,1080,0,195,115,637,195,35360,0.061,6.58986397885019,47424,/home/amos/media/tv/For.All.Mankind.S01-S03.1080p.WEBRip.x265-RARBG/For.All.Mankind.S03.1080p.WEBRip.x265-RARBG/For.All.Mankind.S03E02.1080p.WEBRip.x265-RARBG.mp4,3,2,7772588,
1289,540,1080,0,187,115,643,187,32832,0.056,6.4537919131689705,47448,/home/amos/media/tv/For.All.Mankind.S01-S03.1080p.WEBRip.x265-RARBG/For.All.Mankind.S03.1080p.WEBRip.x265-RARBG/For.All.Mankind.S03E02.1080p.WEBRip.x265-RARBG.mp4,3,2,7772588,
1290,540,1080,0,202,112,642,202,39600,0.068,8.586255074653309,47472,/home/amos/media/tv/For.All.Mankind.S01-S03.1080p.WEBRip.x265-RARBG/For.All.Mankind.S03.1080p.WEBRip.x265-RARBG/For.All.Mankind.S03E02.1080p.WEBRip.x265-RARBG.mp4,3,2,7772588,
1291,540,1080,0,194,116,635,194,34398,0.059,7.128285996150225,47496,/home/amos/media/tv/For.All.Mankind.S01-S03.1080p.WEBRip.x265-RARBG/For.All.Mankind.S03.1080p.WEBRip.x265-RARBG/For.All.Mankind.S03E02.1080p.WEBRip.x265-RARBG.mp4,3,2,7772588,
1292,540,1080,0,197,103,578,197,35814,0.061,4.354062077123672,47520,/home/amos/media/tv/For.All.Mankind.S01-S03.1080p.WEBRip.x265-RARBG/For.All.Mankind.S03.1080p.WEBRip.x265-RARBG/For.All.Mankind.S03E02.1080p.WEBRip.x265-RARBG.mp4,3,2,7772588,
1293,540,1080,0,174,57,450,174,32292,0.055,5.917067067173775,47640,/home/amos/media/tv/For.All.Mankind.S01-S03.1080p.WEBRip.x265-RARBG/For.All.Mankind.S03.1080p.WEBRip.x265-RARBG/For.All.Mankind.S03E02.1080p.WEBRip.x265-RARBG.mp4,3,2,7772588,
1294,540,1080,0,180,53,448,180,34036,0.058,6.905144019343425,47664,/home/amos/media/tv/For.All.Mankind.S01-S03.1080p.WEBRip.x265-RARBG/For.All.Mankind.S03.1080p.WEBRip.x265-RARBG/For.All.Mankind.S03E02.1080p.WEBRip.x265-RARBG.mp4,3,2,7772588,
1295,540,1080,0,172,54,451,172,32922,0.056,6.369501064706128,47688,/home/amos/media/tv/For.All.Mankind.S01-S03.1080p.WEBRip.x265-RARBG/For.All.Mankind.S03.1080p.WEBRip.x265-RARBG/For.All.Mankind.S03E02.1080p.WEBRip.x265-RARBG.mp4,3,2,7772588,
1296,540,1080,0,175,51,449,175,33976,0.058,4.898012227553409,47712,/home/amos/media/tv/For.All.Mankind.S01-S03.1080p.WEBRip.x265-RARBG/For.All.Mankind.S03.1080p.WEBRip.x265-RARBG/For.All.Mankind.S03E02.1080p.WEBRip.x265-RARBG.mp4,3,2,7772588,
1297,540,1080,0,187,43,445,187,37152,0.064,6.421294299128931,47736,/home/amos/media/tv/For.All.Mankind.S01-S03.1080p.WEBRip.x265-RARBG/For.All.Mankind.S03.1080p.WEBRip.x265-RARBG/For.All.Mankind.S03E02.1080p.WEBRip.x265-RARBG.mp4,3,2,7772588,
1298,540,1080,0,184,44,456,184,38080,0.065,5.784225263050757,47760,/home/amos/media/tv/For.All.Mankind.S01-S03.1080p.WEBRip.x265-RARBG/For.All.Mankind.S03.1080p.WEBRip.x265-RARBG/For.All.Mankind.S03E02.1080p.WEBRip.x265-RARBG.mp4,3,2,7772588,
1299,540,1080,0,186,37,494,186,45892,0.079,6.7278323388891295,47784,/home/amos/media/tv/For.All.Mankind.S01-S03.1080p.WEBRip.x265-RARBG/For.All.Mankind.S03.1080p.WEBRip.x265-RARBG/For.All.Mankind.S03E02.1080p.WEBRip.x265-RARBG.mp4,3,2,7772588,
1300,540,1080,0,190,26,496,190,50184,0.086,7.675986311514862,47808,/home/amos/media/tv/For.All.Mankind.S01-S03.1080p.WEBRip.x265-RARBG/For.All.Mankind.S03.1080p.WEBRip.x265-RARBG/For.All.Mankind.S03E02.1080p.WEBRip.x265-RARBG.mp4,3,2,7772588,
1301,540,1080,0,184,27,493,184,48513,0.083,7.193244196882006,47832,/home/amos/media/tv/For.All.Mankind.S01-S03.1080p.WEBRip.x265-RARBG/For.All.Mankind.S03.1080p.WEBRip.x265-RARBG/For.All.Mankind.S03E02.1080p.WEBRip.x265-RARBG.mp4,3,2,7772588,
1302,540,1080,0,206,18,466,206,48880,0.084,5.085622187878471,47856,/home/amos/media/tv/For.All.Mankind.S01-S03.1080p.WEBRip.x265-RARBG/For.All.Mankind.S03.1080p.WEBRip.x265-RARBG/For.All.Mankind.S03E02.1080p.WEBRip.x265-RARBG.mp4,3,2,7772588,
1303,540,1080,0,221,28,477,221,49408,0.085,7.75994420069037,47880,/home/amos/media/tv/For.All.Mankind.S01-S03.1080p.WEBRip.x265-RARBG/For.All.Mankind.S03.1080p.WEBRip.x265-RARBG/For.All.Mankind.S03E02.1080p.WEBRip.x265-RARBG.mp4,3,2,7772588,
1304,540,1080,0,219,40,483,219,47256,0.081,6.8500242865411565,47904,/home/amos/media/tv/For.All.Mankind.S01-S03.1080p.WEBRip.x265-RARBG/For.All.Mankind.S03.1080p.WEBRip.x265-RARBG/For.All.Mankind.S03E02.1080p.WEBRip.x265-RARBG.mp4,3,2,7772588,
1305,540,1080,0,215,43,486,215,46612,0.08,5.044846316974144,47928,/home/amos/media/tv/For.All.Mankind.S01-S03.1080p.WEBRip.x265-RARBG/For.All.Mankind.S03.1080p.WEBRip.x265-RARBG/For.All.Mankind.S03E02.1080p.WEBRip.x265-RARBG.mp4,3,2,7772588,
1306,540,1080,0,90,137,303,90,10011,0.017,6.4966591038974,47976,/home/amos/media/tv/For.All.Mankind.S01-S03.1080p.WEBRip.x265-RARBG/For.All.Mankind.S03.1080p.WEBRip.x265-RARBG/For.All.Mankind.S03E02.1080p.WEBRip.x265-RARBG.mp4,3,2,7772588,
1307,540,1080,0,283,87,295,283,2352,0.004,4.712012062955182,48696,/home/amos/media/tv/For.All.Mankind.S01-S03.1080p.WEBRip.x265-RARBG/For.All.Mankind.S03.1080p.WEBRip.x265-RARBG/For.All.Mankind.S03E02.1080p.WEBRip.x265-RARBG.mp4,3,2,7772588,
1308,540,1080,0,279,86,295,279,3088,0.005,4.754417078744154,48720,/home/amos/media/tv/For.All.Mankind.S01-S03.1080p.WEBRip.x265-RARBG/For.All.Mankind.S03.1080p.WEBRip.x265-RARBG/For.All.Mankind.S03E02.1080p.WEBRip.x265-RARBG.mp4,3,2,7772588,
1309,540,1080,0,206,109,563,206,34629,0.059,6.271171966334805,48816,/home/amos/media/tv/For.All.Mankind.S01-S03.1080p.WEBRip.x265-RARBG/For.All.Mankind.S03.1080p.WEBRip.x265-RARBG/For.All.Mankind.S03E02.1080p.WEBRip.x265-RARBG.mp4,3,2,7772588,
1310,540,1080,0,210,108,547,210,34374,0.059,5.97499109263299,48840,/home/amos/media/tv/For.All.Mankind.S01-S03.1080p.WEBRip.x265-RARBG/For.All.Mankind.S03.1080p.WEBRip.x265-RARBG/For.All.Mankind.S03E02.1080p.WEBRip.x265-RARBG.mp4,3,2,7772588,
1311,540,1080,0,210,103,523,210,33491,0.057,7.664547057589516,48864,/home/amos/media/tv/For.All.Mankind.S01-S03.1080p.WEBRip.x265-RARBG/For.All.Mankind.S03.1080p.WEBRip.x265-RARBG/For.All.Mankind.S03E02.1080p.WEBRip.x265-RARBG.mp4,3,2,7772588,
1312,540,1080,0,177,122,510,177,18315,0.031,4.5528759842854924,48888,/home/amos/media/tv/For.All.Mankind.S01-S03.1080p.WEBRip.x265-RARBG/For.All.Mankind.S03.1080p.WEBRip.x265-RARBG/For.All.Mankind.S03E02.1080p.WEBRip.x265-RARBG.mp4,3,2,7772588,
1313,540,1080,0,198,109,529,198,29459,0.051,6.403322049241979,48912,/home/amos/media/tv/For.All.Mankind.S01-S03.1080p.WEBRip.x265-RARBG/For.All.Mankind.S03.1080p.WEBRip.x265-RARBG/For.All.Mankind.S03E02.1080p.WEBRip.x265-RARBG.mp4,3,2,7772588,
1314,540,1080,0,289,87,354,289,13130,0.023,4.673266100115143,48984,/home/amos/media/tv/For.All.Mankind.S01-S03.1080p.WEBRip.x265-RARBG/For.All.Mankind.S03.1080p.WEBRip.x265-RARBG/For.All.Mankind.S03E02.1080p.WEBRip.x265-RARBG.mp4,3,2,7772588,
1315,540,1080,0,312,89,333,312,4683,0.008,5.133783040044364,49008,/home/amos/media/tv/For.All.Mankind.S01-S03.1080p.WEBRip.x265-RARBG/For.All.Mankind.S03.1080p.WEBRip.x265-RARBG/For.All.Mankind.S03E02.1080p.WEBRip.x265-RARBG.mp4,3,2,7772588,
1316,540,1080,0,263,84,331,263,12172,0.021,5.418040047807153,49032,/home/amos/media/tv/For.All.Mankind.S01-S03.1080p.WEBRip.x265-RARBG/For.All.Mankind.S03.1080p.WEBRip.x265-RARBG/For.All.Mankind.S03E02.1080p.WEBRip.x265-RARBG.mp4,3,2,7772588,
1317,540,1080,0,275,81,353,275,15132,0.026,3.8583119916147552,49056,/home/amos/media/tv/For.All.Mankind.S01-S03.1080p.WEBRip.x265-RARBG/For.All.Mankind.S03.1080p.WEBRip.x265-RARBG/For.All.Mankind.S03E02.1080p.WEBRip.x265-RARBG.mp4,3,2,7772588,
1318,540,1080,0,203,95,548,203,37260,0.064,6.958602010970935,49080,/home/amos/media/tv/For.All.Mankind.S01-S03.1080p.WEBRip.x265-RARBG/For.All.Mankind.S03.1080p.WEBRip.x265-RARBG/For.All.Mankind.S03E02.1080p.WEBRip.x265-RARBG.mp4,3,2,7772588,
1319,540,1080,0,218,86,545,218,43164,0.074,6.191500149143394,49104,/home/amos/media/tv/For.All.Mankind.S01-S03.1080p.WEBRip.x265-RARBG/For.All.Mankind.S03.1080p.WEBRip.x265-RARBG/For.All.Mankind.S03E02.1080p.WEBRip.x265-RARBG.mp4,3,2,7772588,
1320,540,1080,0,211,76,572,211,48735,0.084,7.584056177351158,49128,/home/amos/media/tv/For.All.Mankind.S01-S03.1080p.WEBRip.x265-RARBG/For.All.Mankind.S03.1080p.WEBRip.x265-RARBG/For.All.Mankind.S03E02.1080p.WEBRip.x265-RARBG.mp4,3,2,7772588,
1321,540,1080,0,211,87,546,211,41540,0.071,7.928509026067331,49152,/home/amos/media/tv/For.All.Mankind.S01-S03.1080p.WEBRip.x265-RARBG/For.All.Mankind.S03.1080p.WEBRip.x265-RARBG/For.All.Mankind.S03E02.1080p.WEBRip.x265-RARBG.mp4,3,2,7772588,
1322,540,1080,0,210,102,469,210,27972,0.048,4.676187020551879,49968,/home/amos/media/tv/For.All.Mankind.S01-S03.1080p.WEBRip.x265-RARBG/For.All.Mankind.S03.1080p.WEBRip.x265-RARBG/For.All.Mankind.S03E02.1080p.WEBRip.x265-RARBG.mp4,3,2,7772588,
1323,540,1080,0,221,106,465,221,28060,0.048,4.850940159929451,49992,/home/amos/media/tv/For.All.Mankind.S01-S03.1080p.WEBRip.x265-RARBG/For.All.Mankind.S03.1080p.WEBRip.x265-RARBG/For.All.Mankind.S03E02.1080p.WEBRip.x265-RARBG.mp4,3,2,7772588,
1324,540,1080,0,225,105,461,225,28320,0.049,4.008969048736617,50016,/home/amos/media/tv/For.All.Mankind.S01-S03.1080p.WEBRip.x265-RARBG/For.All.Mankind.S03.1080p.WEBRip.x265-RARBG/For.All.Mankind.S03E02.1080p.WEBRip.x265-RARBG.mp4,3,2,7772588,
1325,540,1080,0,218,106,465,218,27664,0.047,4.817672138509806,50040,/home/amos/media/tv/For.All.Mankind.S01-S03.1080p.WEBRip.x265-RARBG/For.All.Mankind.S03.1080p.WEBRip.x265-RARBG/For.All.Mankind.S03E02.1080p.WEBRip.x265-RARBG.mp4,3,2,7772588,
1326,540,1080,0,157,130,436,157,7533,0.013,5.211993021075614,50064,/home/amos/media/tv/For.All.Mankind.S01-S03.1080p.WEBRip.x265-RARBG/For.All.Mankind.S03.1080p.WEBRip.x265-RARBG/For.All.Mankind.S03E02.1080p.WEBRip.x265-RARBG.mp4,3,2,7772588,
1327,540,1080,0,222,97,453,222,28875,0.05,5.1542700518039055,50088,/home/amos/media/tv/For.All.Mankind.S01-S03.1080p.WEBRip.x265-RARBG/For.All.Mankind.S03.1080p.WEBRip.x265-RARBG/For.All.Mankind.S03E02.1080p.WEBRip.x265-RARBG.mp4,3,2,7772588,
1328,540,1080,0,247,98,323,247,11324,0.019,4.452829037501942,51072,/home/amos/media/tv/For.All.Mankind.S01-S03.1080p.WEBRip.x265-RARBG/For.All.Mankind.S03.1080p.WEBRip.x265-RARBG/For.All.Mankind.S03E02.1080p.WEBRip.x265-RARBG.mp4,3,2,7772588,
1329,540,1080,0,241,107,325,241,11256,0.019,4.980268997722305,51096,/home/amos/media/tv/For.All.Mankind.S01-S03.1080p.WEBRip.x265-RARBG/For.All.Mankind.S03.1080p.WEBRip.x265-RARBG/For.All.Mankind.S03E02.1080p.WEBRip.x265-RARBG.mp4,3,2,7772588,
1330,540,1080,0,254,99,312,254,8990,0.015,4.694451968360227,51120,/home/amos/media/tv/For.All.Mankind.S01-S03.1080p.WEBRip.x265-RARBG/For.All.Mankind.S03.1080p.WEBRip.x265-RARBG/For.All.Mankind.S03E02.1080p.WEBRip.x265-RARBG.mp4,3,2,7772588,
1331,540,1080,0,254,88,279,254,4150,0.007,5.986143121204805,51168,/home/amos/media/tv/For.All.Mankind.S01-S03.1080p.WEBRip.x265-RARBG/For.All.Mankind.S03.1080p.WEBRip.x265-RARBG/For.All.Mankind.S03E02.1080p.WEBRip.x265-RARBG.mp4,3,2,7772588,
1332,540,1080,0,76,117,874,76,32718,0.056,3.86353708448587,51696,/home/amos/media/tv/For.All.Mankind.S01-S03.1080p.WEBRip.x265-RARBG/For.All.Mankind.S03.1080p.WEBRip.x265-RARBG/For.All.Mankind.S03E02.1080p.WEBRip.x265-RARBG.mp4,3,2,7772588,
1333,540,1080,0,76,114,858,76,29716,0.051,3.8195190459373407,51720,/home/amos/media/tv/For.All.Mankind.S01-S03.1080p.WEBRip.x265-RARBG/For.All.Mankind.S03.1080p.WEBRip.x265-RARBG/For.All.Mankind.S03E02.1080p.WEBRip.x265-RARBG.mp4,3,2,7772588,
1334,540,1080,0,62,192,446,62,49920,0.086,10.697808938741218,51816,/home/amos/media/tv/For.All.Mankind.S01-S03.1080p.WEBRip.x265-RARBG/For.All.Mankind.S03.1080p.WEBRip.x265-RARBG/For.All.Mankind.S03E02.1080p.WEBRip.x265-RARBG.mp4,3,2,7772588,
1335,540,1080,0,69,164,633,69,53580,0.092,7.270060048613232,51840,/home/amos/media/tv/For.All.Mankind.S01-S03.1080p.WEBRip.x265-RARBG/For.All.Mankind.S03.1080p.WEBRip.x265-RARBG/For.All.Mankind.S03E02.1080p.WEBRip.x265-RARBG.mp4,3,2,7772588,
1336,540,1080,1,60,198,450,60,53820,0.092,6.811459055286832,51840,/home/amos/media/tv/For.All.Mankind.S01-S03.1080p.WEBRip.x265-RARBG/For.All.Mankind.S03.1080p.WEBRip.x265-RARBG/For.All.Mankind.S03E02.1080p.WEBRip.x265-RARBG.mp4,3,2,7772588,
1337,540,1080,0,85,124,869,85,30576,0.052,1.973363040771801,51984,/home/amos/media/tv/For.All.Mankind.S01-S03.1080p.WEBRip.x265-RARBG/For.All.Mankind.S03.1080p.WEBRip.x265-RARBG/For.All.Mankind.S03E02.1080p.WEBRip.x265-RARBG.mp4,3,2,7772588,
1338,540,1080,0,80,120,878,80,31920,0.055,5.295867121429183,52008,/home/amos/media/tv/For.All.Mankind.S01-S03.1080p.WEBRip.x265-RARBG/For.All.Mankind.S03.1080p.WEBRip.x265-RARBG/For.All.Mankind.S03E02.1080p.WEBRip.x265-RARBG.mp4,3,2,7772588,
1339,540,1080,0,76,122,886,76,37260,0.064,4.0576519662863575,52032,/home/amos/media/tv/For.All.Mankind.S01-S03.1080p.WEBRip.x265-RARBG/For.All.Mankind.S03.1080p.WEBRip.x265-RARBG/For.All.Mankind.S03E02.1080p.WEBRip.x265-RARBG.mp4,3,2,7772588,
1340,540,1080,0,102,114,420,102,3816,0.007,5.787728973606136,52248,/home/amos/media/tv/For.All.Mankind.S01-S03.1080p.WEBRip.x265-RARBG/For.All.Mankind.S03.1080p.WEBRip.x265-RARBG/For.All.Mankind.S03E02.1080p.WEBRip.x265-RARBG.mp4,3,2,7772588,
1341,540,1080,0,52,124,633,52,41832,0.072,3.7094170739292167,52272,/home/amos/media/tv/For.All.Mankind.S01-S03.1080p.WEBRip.x265-RARBG/For.All.Mankind.S03.1080p.WEBRip.x265-RARBG/For.All.Mankind.S03E02.1080p.WEBRip.x265-RARBG.mp4,3,2,7772588,
1342,540,1080,0,60,150,626,60,50940,0.087,3.160740035760682,52296,/home/amos/media/tv/For.All.Mankind.S01-S03.1080p.WEBRip.x265-RARBG/For.All.Mankind.S03.1080p.WEBRip.x265-RARBG/For.All.Mankind.S03E02.1080p.WEBRip.x265-RARBG.mp4,3,2,7772588,
1343,540,1080,0,74,170,578,74,48384,0.083,4.4015991622,52320,/home/amos/media/tv/For.All.Mankind.S01-S03.1080p.WEBRip.x265-RARBG/For.All.Mankind.S03.1080p.WEBRip.x265-RARBG/For.All.Mankind.S03E02.1080p.WEBRip.x265-RARBG.mp4,3,2,7772588,
1344,540,1080,0,60,361,969,60,273609,0.469,3.01010411552852,52344,/home/amos/media/tv/For.All.Mankind.S01-S03.1080p.WEBRip.x265-RARBG/For.All.Mankind.S03.1080p.WEBRip.x265-RARBG/For.All.Mankind.S03E02.1080p.WEBRip.x265-RARBG.mp4,3,2,7772588,
1345,540,1080,1,73,399,701,73,204728,0.351,2.75299403059762,52344,/home/amos/media/tv/For.All.Mankind.S01-S03.1080p.WEBRip.x265-RARBG/For.All.Mankind.S03.1080p.WEBRip.x265-RARBG/For.All.Mankind.S03E02.1080p.WEBRip.x265-RARBG.mp4,3,2,7772588,
1346,540,1080,0,67,119,748,67,35412,0.061,3.640927069762256,52632,/home/amos/media/tv/For.All.Mankind.S01-S03.1080p.WEBRip.x265-RARBG/For.All.Mankind.S03.1080p.WEBRip.x265-RARBG/For.All.Mankind.S03E02.1080p.WEBRip.x265-RARBG.mp4,3,2,7772588,
1347,540,1080,0,68,119,746,68,34578,0.059,3.2732140800799243,52656,/home/amos/media/tv/For.All.Mankind.S01-S03.1080p.WEBRip.x265-RARBG/For.All.Mankind.S03.1080p.WEBRip.x265-RARBG/For.All.Mankind.S03E02.1080p.WEBRip.x265-RARBG.mp4,3,2,7772588,
1348,540,1080,0,69,123,741,69,36288,0.062,3.256843107927125,52680,/home/amos/media/tv/For.All.Mankind.S01-S03.1080p.WEBRip.x265-RARBG/For.All.Mankind.S03.1080p.WEBRip.x265-RARBG/For.All.Mankind.S03E02.1080p.WEBRip.x265-RARBG.mp4,3,2,7772588,
1349,540,1080,1,109,99,544,109,4350,0.007,1.912306001468096,52680,/home/amos/media/tv/For.All.Mankind.S01-S03.1080p.WEBRip.x265-RARBG/For.All.Mankind.S03.1080p.WEBRip.x265-RARBG/For.All.Mankind.S03E02.1080p.WEBRip.x265-RARBG.mp4,3,2,7772588,
1350,540,1080,0,219,85,563,219,46096,0.079,6.778025011473801,53256,/home/amos/media/tv/For.All.Mankind.S01-S03.1080p.WEBRip.x265-RARBG/For.All.Mankind.S03.1080p.WEBRip.x265-RARBG/For.All.Mankind.S03E02.1080p.WEBRip.x265-RARBG.mp4,3,2,7772588,
1351,540,1080,0,213,79,583,213,49580,0.085,8.583803105342668,53280,/home/amos/media/tv/For.All.Mankind.S01-S03.1080p.WEBRip.x265-RARBG/For.All.Mankind.S03.1080p.WEBRip.x265-RARBG/For.All.Mankind.S03E02.1080p.WEBRip.x265-RARBG.mp4,3,2,7772588,
1352,540,1080,0,227,77,575,227,52200,0.09,7.295148039178457,53304,/home/amos/media/tv/For.All.Mankind.S01-S03.1080p.WEBRip.x265-RARBG/For.All.Mankind.S03.1080p.WEBRip.x265-RARBG/For.All.Mankind.S03E02.1080p.WEBRip.x265-RARBG.mp4,3,2,7772588,
1353,540,1080,0,232,72,578,232,55360,0.095,6.171367110859137,53328,/home/amos/media/tv/For.All.Mankind.S01-S03.1080p.WEBRip.x265-RARBG/For.All.Mankind.S03.1080p.WEBRip.x265-RARBG/For.All.Mankind.S03E02.1080p.WEBRip.x265-RARBG.mp4,3,2,7772588,
1354,540,1080,0,113,93,545,113,8640,0.015,1.3034081027726645,53352,/home/amos/media/tv/For.All.Mankind.S01-S03.1080p.WEBRip.x265-RARBG/For.All.Mankind.S03.1080p.WEBRip.x265-RARBG/For.All.Mankind.S03E02.1080p.WEBRip.x265-RARBG.mp4,3,2,7772588,
1355,540,1080,1,70,128,750,70,39440,0.068,3.934675109747332,53352,/home/amos/media/tv/For.All.Mankind.S01-S03.1080p.WEBRip.x265-RARBG/For.All.Mankind.S03.1080p.WEBRip.x265-RARBG/For.All.Mankind.S03E02.1080p.WEBRip.x265-RARBG.mp4,3,2,7772588,
1356,540,1080,0,92,96,555,92,1852,0.003,3.861862265621312,53376,/home/amos/media/tv/For.All.Mankind.S01-S03.1080p.WEBRip.x265-RARBG/For.All.Mankind.S03.1080p.WEBRip.x265-RARBG/For.All.Mankind.S03E02.1080p.WEBRip.x265-RARBG.mp4,3,2,7772588,
1357,540,1080,1,64,130,751,64,45342,0.078,3.252935086551588,53376,/home/amos/media/tv/For.All.Mankind.S01-S03.1080p.WEBRip.x265-RARBG/For.All.Mankind.S03.1080p.WEBRip.x265-RARBG/For.All.Mankind.S03E02.1080p.WEBRip.x265-RARBG.mp4,3,2,7772588,
1358,540,1080,0,227,81,599,227,54312,0.093,9.59192897513276,53424,/home/amos/media/tv/For.All.Mankind.S01-S03.1080p.WEBRip.x265-RARBG/For.All.Mankind.S03.1080p.WEBRip.x265-RARBG/For.All.Mankind.S03E02.1080p.WEBRip.x265-RARBG.mp4,3,2,7772588,
1359,540,1080,0,234,78,597,234,56628,0.097,6.780340040277224,53448,/home/amos/media/tv/For.All.Mankind.S01-S03.1080p.WEBRip.x265-RARBG/For.All.Mankind.S03.1080p.WEBRip.x265-RARBG/For.All.Mankind.S03E02.1080p.WEBRip.x265-RARBG.mp4,3,2,7772588,
1360,540,1080,0,227,87,597,227,51800,0.089,8.108528073353227,53472,/home/amos/media/tv/For.All.Mankind.S01-S03.1080p.WEBRip.x265-RARBG/For.All.Mankind.S03.1080p.WEBRip.x265-RARBG/For.All.Mankind.S03E02.1080p.WEBRip.x265-RARBG.mp4,3,2,7772588,
1361,540,1080,0,175,129,248,175,3358,0.006,3.0983130661188625,53712,/home/amos/media/tv/For.All.Mankind.S01-S03.1080p.WEBRip.x265-RARBG/For.All.Mankind.S03.1080p.WEBRip.x265-RARBG/For.All.Mankind.S03E02.1080p.WEBRip.x265-RARBG.mp4,3,2,7772588,
1362,540,1080,0,207,84,269,207,7626,0.013,7.96119211113546,53736,/home/amos/media/tv/For.All.Mankind.S01-S03.1080p.WEBRip.x265-RARBG/For.All.Mankind.S03.1080p.WEBRip.x265-RARBG/For.All.Mankind.S03E02.1080p.WEBRip.x265-RARBG.mp4,3,2,7772588,
1363,540,1080,0,181,30,681,181,75500,0.129,9.74424204294337,53760,/home/amos/media/tv/For.All.Mankind.S01-S03.1080p.WEBRip.x265-RARBG/For.All.Mankind.S03.1080p.WEBRip.x265-RARBG/For.All.Mankind.S03E02.1080p.WEBRip.x265-RARBG.mp4,3,2,7772588,
1364,540,1080,0,192,9,626,192,79422,0.136,5.141292127023917,53784,/home/amos/media/tv/For.All.Mankind.S01-S03.1080p.WEBRip.x265-RARBG/For.All.Mankind.S03.1080p.WEBRip.x265-RARBG/For.All.Mankind.S03E02.1080p.WEBRip.x265-RARBG.mp4,3,2,7772588,
1365,540,1080,0,169,20,612,169,66007,0.113,5.736543155449908,53808,/home/amos/media/tv/For.All.Mankind.S01-S03.1080p.WEBRip.x265-RARBG/For.All.Mankind.S03.1080p.WEBRip.x265-RARBG/For.All.Mankind.S03E02.1080p.WEBRip.x265-RARBG.mp4,3,2,7772588,
1366,540,1080,0,176,46,686,176,66300,0.114,7.9442961208405904,53832,/home/amos/media/tv/For.All.Mankind.S01-S03.1080p.WEBRip.x265-RARBG/For.All.Mankind.S03.1080p.WEBRip.x265-RARBG/For.All.Mankind.S03E02.1080p.WEBRip.x265-RARBG.mp4,3,2,7772588,
1367,540,1080,0,183,49,687,183,67536,0.116,6.782194175932091,53856,/home/amos/media/tv/For.All.Mankind.S01-S03.1080p.WEBRip.x265-RARBG/For.All.Mankind.S03.1080p.WEBRip.x265-RARBG/For.All.Mankind.S03E02.1080p.WEBRip.x265-RARBG.mp4,3,2,7772588,
1368,540,1080,0,191,122,217,191,1794,0.003,3.420454915438313,53880,/home/amos/media/tv/For.All.Mankind.S01-S03.1080p.WEBRip.x265-RARBG/For.All.Mankind.S03.1080p.WEBRip.x265-RARBG/For.All.Mankind.S03E02.1080p.WEBRip.x265-RARBG.mp4,3,2,7772588,
1369,540,1080,0,187,123,223,187,2304,0.004,2.6720331398537382,53904,/home/amos/media/tv/For.All.Mankind.S01-S03.1080p.WEBRip.x265-RARBG/For.All.Mankind.S03.1080p.WEBRip.x265-RARBG/For.All.Mankind.S03E02.1080p.WEBRip.x265-RARBG.mp4,3,2,7772588,
1370,540,1080,0,192,121,207,192,1065,0.002,1.2704970604390835,53952,/home/amos/media/tv/For.All.Mankind.S01-S03.1080p.WEBRip.x265-RARBG/For.All.Mankind.S03.1080p.WEBRip.x265-RARBG/For.All.Mankind.S03E02.1080p.WEBRip.x265-RARBG.mp4,3,2,7772588,
1371,540,1080,0,190,90,137,190,5300,0.009,5.761969251208939,54000,/home/amos/media/tv/For.All.Mankind.S01-S03.1080p.WEBRip.x265-RARBG/For.All.Mankind.S03.1080p.WEBRip.x265-RARBG/For.All.Mankind.S03E02.1080p.WEBRip.x265-RARBG.mp4,3,2,7772588,
1372,540,1080,0,171,95,139,171,2432,0.004,7.33321422606241,54024,/home/amos/media/tv/For.All.Mankind.S01-S03.1080p.WEBRip.x265-RARBG/For.All.Mankind.S03.1080p.WEBRip.x265-RARBG/For.All.Mankind.S03E02.1080p.WEBRip.x265-RARBG.mp4,3,2,7772588,
1373,540,1080,0,175,99,134,175,3116,0.005,9.204467204282992,54048,/home/amos/media/tv/For.All.Mankind.S01-S03.1080p.WEBRip.x265-RARBG/For.All.Mankind.S03.1080p.WEBRip.x265-RARBG/For.All.Mankind.S03E02.1080p.WEBRip.x265-RARBG.mp4,3,2,7772588,
1374,540,1080,0,176,102,158,176,1332,0.002,6.827571216854267,54072,/home/amos/media/tv/For.All.Mankind.S01-S03.1080p.WEBRip.x265-RARBG/For.All.Mankind.S03.1080p.WEBRip.x265-RARBG/For.All.Mankind.S03E02.1080p.WEBRip.x265-RARBG.mp4,3,2,7772588,
1375,540,1080,0,179,66,633,179,51302,0.088,8.106779082852881,54096,/home/amos/media/tv/For.All.Mankind.S01-S03.1080p.WEBRip.x265-RARBG/For.All.Mankind.S03.1080p.WEBRip.x265-RARBG/For.All.Mankind.S03E02.1080p.WEBRip.x265-RARBG.mp4,3,2,7772588,
1376,540,1080,0,182,75,642,182,49220,0.084,5.753860074502882,54120,/home/amos/media/tv/For.All.Mankind.S01-S03.1080p.WEBRip.x265-RARBG/For.All.Mankind.S03.1080p.WEBRip.x265-RARBG/For.All.Mankind.S03E02.1080p.WEBRip.x265-RARBG.mp4,3,2,7772588,
1377,540,1080,0,185,77,628,185,47844,0.082,7.651371072453912,54144,/home/amos/media/tv/For.All.Mankind.S01-S03.1080p.WEBRip.x265-RARBG/For.All.Mankind.S03.1080p.WEBRip.x265-RARBG/For.All.Mankind.S03E02.1080p.WEBRip.x265-RARBG.mp4,3,2,7772588,
1378,540,1080,0,182,81,646,182,46864,0.08,5.876543198886793,54168,/home/amos/media/tv/For.All.Mankind.S01-S03.1080p.WEBRip.x265-RARBG/For.All.Mankind.S03.1080p.WEBRip.x265-RARBG/For.All.Mankind.S03E02.1080p.WEBRip.x265-RARBG.mp4,3,2,7772588,
1379,540,1080,0,167,117,182,167,750,0.001,3.845276133273728,54192,/home/amos/media/tv/For.All.Mankind.S01-S03.1080p.WEBRip.x265-RARBG/For.All.Mankind.S03.1080p.WEBRip.x265-RARBG/For.All.Mankind.S03E02.1080p.WEBRip.x265-RARBG.mp4,3,2,7772588,
1380,540,1080,0,184,81,204,184,2060,0.004,8.141591092047747,54240,/home/amos/media/tv/For.All.Mankind.S01-S03.1080p.WEBRip.x265-RARBG/For.All.Mankind.S03.1080p.WEBRip.x265-RARBG/For.All.Mankind.S03E02.1080p.WEBRip.x265-RARBG.mp4,3,2,7772588,
1381,540,1080,0,160,106,326,160,8964,0.015,4.241581118840259,54264,/home/amos/media/tv/For.All.Mankind.S01-S03.1080p.WEBRip.x265-RARBG/For.All.Mankind.S03.1080p.WEBRip.x265-RARBG/For.All.Mankind.S03E02.1080p.WEBRip.x265-RARBG.mp4,3,2,7772588,
1382,540,1080,0,111,75,670,111,20124,0.035,8.53518519102363,54288,/home/amos/media/tv/For.All.Mankind.S01-S03.1080p.WEBRip.x265-RARBG/For.All.Mankind.S03.1080p.WEBRip.x265-RARBG/For.All.Mankind.S03E02.1080p.WEBRip.x265-RARBG.mp4,3,2,7772588,
1383,540,1080,0,92,182,591,92,44910,0.077,5.609796007920522,54336,/home/amos/media/tv/For.All.Mankind.S01-S03.1080p.WEBRip.x265-RARBG/For.All.Mankind.S03.1080p.WEBRip.x265-RARBG/For.All.Mankind.S03E02.1080p.WEBRip.x265-RARBG.mp4,3,2,7772588,
1384,540,1080,0,105,162,604,105,28443,0.049,6.314949122199323,54360,/home/amos/media/tv/For.All.Mankind.S01-S03.1080p.WEBRip.x265-RARBG/For.All.Mankind.S03.1080p.WEBRip.x265-RARBG/For.All.Mankind.S03E02.1080p.WEBRip.x265-RARBG.mp4,3,2,7772588,
1385,540,1080,0,99,156,584,99,27645,0.047,5.0309821152477525,54384,/home/amos/media/tv/For.All.Mankind.S01-S03.1080p.WEBRip.x265-RARBG/For.All.Mankind.S03.1080p.WEBRip.x265-RARBG/For.All.Mankind.S03E02.1080p.WEBRip.x265-RARBG.mp4,3,2,7772588,
1386,540,1080,0,97,152,539,97,24310,0.042,8.349343042995315,54408,/home/amos/media/tv/For.All.Mankind.S01-S03.1080p.WEBRip.x265-RARBG/For.All.Mankind.S03.1080p.WEBRip.x265-RARBG/For.All.Mankind.S03E02.1080p.WEBRip.x265-RARBG.mp4,3,2,7772588,
1387,540,1080,0,181,106,256,181,5625,0.01,5.734418133681174,54432,/home/amos/media/tv/For.All.Mankind.S01-S03.1080p.WEBRip.x265-RARBG/For.All.Mankind.S03.1080p.WEBRip.x265-RARBG/For.All.Mankind.S03E02.1080p.WEBRip.x265-RARBG.mp4,3,2,7772588,
1388,540,1080,0,172,85,323,172,13137,0.023,7.191054948198143,54456,/home/amos/media/tv/For.All.Mankind.S01-S03.1080p.WEBRip.x265-RARBG/For.All.Mankind.S03.1080p.WEBRip.x265-RARBG/For.All.Mankind.S03E02.1080p.WEBRip.x265-RARBG.mp4,3,2,7772588,
1389,540,1080,0,97,63,156,97,2006,0.003,1.5611621115240268,54480,/home/amos/media/tv/For.All.Mankind.S01-S03.1080p.WEBRip.x265-RARBG/For.All.Mankind.S03.1080p.WEBRip.x265-RARBG/For.All.Mankind.S03E02.1080p.WEBRip.x265-RARBG.mp4,3,2,7772588,
1390,540,1080,1,175,63,212,175,4144,0.007,9.241639060375746,54480,/home/amos/media/tv/For.All.Mankind.S01-S03.1080p.WEBRip.x265-RARBG/For.All.Mankind.S03.1080p.WEBRip.x265-RARBG/For.All.Mankind.S03E02.1080p.WEBRip.x265-RARBG.mp4,3,2,7772588,
1391,540,1080,0,182,31,184,182,302,0.001,5.493710104899947,54504,/home/amos/media/tv/For.All.Mankind.S01-S03.1080p.WEBRip.x265-RARBG/For.All.Mankind.S03.1080p.WEBRip.x265-RARBG/For.All.Mankind.S03E02.1080p.WEBRip.x265-RARBG.mp4,3,2,7772588,
1392,540,1080,0,50,286,486,50,102896,0.176,1.8646010730299167,54576,/home/amos/media/tv/For.All.Mankind.S01-S03.1080p.WEBRip.x265-RARBG/For.All.Mankind.S03.1080p.WEBRip.x265-RARBG/For.All.Mankind.S03E02.1080p.WEBRip.x265-RARBG.mp4,3,2,7772588,
1393,540,1080,0,196,92,172,196,2496,0.004,3.15690313995583,54600,/home/amos/media/tv/For.All.Mankind.S01-S03.1080p.WEBRip.x265-RARBG/For.All.Mankind.S03.1080p.WEBRip.x265-RARBG/For.All.Mankind.S03E02.1080p.WEBRip.x265-RARBG.mp4,3,2,7772588,
1394,540,1080,1,53,286,496,53,103219,0.177,0.781559077266138,54600,/home/amos/media/tv/For.All.Mankind.S01-S03.1080p.WEBRip.x265-RARBG/For.All.Mankind.S03.1080p.WEBRip.x265-RARBG/For.All.Mankind.S03E02.1080p.WEBRip.x265-RARBG.mp4,3,2,7772588,
1395,540,1080,0,192,102,182,192,900,0.002,4.992176950385328,54624,/home/amos/media/tv/For.All.Mankind.S01-S03.1080p.WEBRip.x265-RARBG/For.All.Mankind.S03.1080p.WEBRip.x265-RARBG/For.All.Mankind.S03E02.1080p.WEBRip.x265-RARBG.mp4,3,2,7772588,
1396,540,1080,0,180,117,199,180,1197,0.002,4.163605018227827,54648,/home/amos/media/tv/For.All.Mankind.S01-S03.1080p.WEBRip.x265-RARBG/For.All.Mankind.S03.1080p.WEBRip.x265-RARBG/For.All.Mankind.S03E02.1080p.WEBRip.x265-RARBG.mp4,3,2,7772588,
1397,540,1080,0,171,178,608,171,3059,0.005,2.806530104426201,54672,/home/amos/media/tv/For.All.Mankind.S01-S03.1080p.WEBRip.x265-RARBG/For.All.Mankind.S03.1080p.WEBRip.x265-RARBG/For.All.Mankind.S03E02.1080p.WEBRip.x265-RARBG.mp4,3,2,7772588,
1398,540,1080,0,196,86,597,196,44110,0.076,2.9892480935668573,54696,/home/amos/media/tv/For.All.Mankind.S01-S03.1080p.WEBRip.x265-RARBG/For.All.Mankind.S03.1080p.WEBRip.x265-RARBG/For.All.Mankind.S03E02.1080p.WEBRip.x265-RARBG.mp4,3,2,7772588,
1399,540,1080,0,183,75,515,183,35856,0.061,6.9422701356816106,54720,/home/amos/media/tv/For.All.Mankind.S01-S03.1080p.WEBRip.x265-RARBG/For.All.Mankind.S03.1080p.WEBRip.x265-RARBG/For.All.Mankind.S03E02.1080p.WEBRip.x265-RARBG.mp4,3,2,7772588,
1400,540,1080,0,188,79,505,188,34553,0.059,6.536432056163903,54744,/home/amos/media/tv/For.All.Mankind.S01-S03.1080p.WEBRip.x265-RARBG/For.All.Mankind.S03.1080p.WEBRip.x265-RARBG/For.All.Mankind.S03E02.1080p.WEBRip.x265-RARBG.mp4,3,2,7772588,
1401,540,1080,0,181,81,507,181,32600,0.056,8.004240012203809,54768,/home/amos/media/tv/For.All.Mankind.S01-S03.1080p.WEBRip.x265-RARBG/For.All.Mankind.S03.1080p.WEBRip.x265-RARBG/For.All.Mankind.S03E02.1080p.WEBRip.x265-RARBG.mp4,3,2,7772588,
1402,540,1080,0,181,81,486,181,30500,0.052,8.969423078408,54792,/home/amos/media/tv/For.All.Mankind.S01-S03.1080p.WEBRip.x265-RARBG/For.All.Mankind.S03.1080p.WEBRip.x265-RARBG/For.All.Mankind.S03E02.1080p.WEBRip.x265-RARBG.mp4,3,2,7772588,
1403,540,1080,0,179,85,445,179,25004,0.043,6.507519067381509,54816,/home/amos/media/tv/For.All.Mankind.S01-S03.1080p.WEBRip.x265-RARBG/For.All.Mankind.S03.1080p.WEBRip.x265-RARBG/For.All.Mankind.S03E02.1080p.WEBRip.x265-RARBG.mp4,3,2,7772588,
1404,540,1080,0,124,167,48,124,3268,0.006,6.12586905102944,55392,/home/amos/media/tv/For.All.Mankind.S01-S03.1080p.WEBRip.x265-RARBG/For.All.Mankind.S03.1080p.WEBRip.x265-RARBG/For.All.Mankind.S03E02.1080p.WEBRip.x265-RARBG.mp4,3,2,7772588,
1405,540,1080,0,293,152,574,293,39621,0.068,5.57192606019089,55680,/home/amos/media/tv/For.All.Mankind.S01-S03.1080p.WEBRip.x265-RARBG/For.All.Mankind.S03.1080p.WEBRip.x265-RARBG/For.All.Mankind.S03E02.1080p.WEBRip.x265-RARBG.mp4,3,2,7772588,
1406,540,1080,0,51,245,514,51,89822,0.154,2.973888120090124,55944,/home/amos/media/tv/For.All.Mankind.S01-S03.1080p.WEBRip.x265-RARBG/For.All.Mankind.S03.1080p.WEBRip.x265-RARBG/For.All.Mankind.S03E02.1080p.WEBRip.x265-RARBG.mp4,3,2,7772588,
1407,540,1080,0,52,240,513,52,86668,0.149,3.2188371088705026,55968,/home/amos/media/tv/For.All.Mankind.S01-S03.1080p.WEBRip.x265-RARBG/For.All.Mankind.S03.1080p.WEBRip.x265-RARBG/For.All.Mankind.S03E02.1080p.WEBRip.x265-RARBG.mp4,3,2,7772588,
1408,540,1080,0,52,240,508,52,85728,0.147,3.3255470585427247,55992,/home/amos/media/tv/For.All.Mankind.S01-S03.1080p.WEBRip.x265-RARBG/For.All.Mankind.S03.1080p.WEBRip.x265-RARBG/For.All.Mankind.S03E02.1080p.WEBRip.x265-RARBG.mp4,3,2,7772588,
1409,540,1080,0,52,236,505,52,83352,0.143,4.483562026114669,56016,/home/amos/media/tv/For.All.Mankind.S01-S03.1080p.WEBRip.x265-RARBG/For.All.Mankind.S03.1080p.WEBRip.x265-RARBG/For.All.Mankind.S03E02.1080p.WEBRip.x265-RARBG.mp4,3,2,7772588,
1410,540,1080,0,52,226,503,52,78474,0.135,2.847667035122868,56040,/home/amos/media/tv/For.All.Mankind.S01-S03.1080p.WEBRip.x265-RARBG/For.All.Mankind.S03.1080p.WEBRip.x265-RARBG/For.All.Mankind.S03E02.1080p.WEBRip.x265-RARBG.mp4,3,2,7772588,
1411,540,1080,0,118,318,522,118,80800,0.139,4.714182147872634,56184,/home/amos/media/tv/For.All.Mankind.S01-S03.1080p.WEBRip.x265-RARBG/For.All.Mankind.S03.1080p.WEBRip.x265-RARBG/For.All.Mankind.S03E02.1080p.WEBRip.x265-RARBG.mp4,3,2,7772588,
1412,540,1080,0,110,356,608,110,122508,0.21,5.845385028456803,56208,/home/amos/media/tv/For.All.Mankind.S01-S03.1080p.WEBRip.x265-RARBG/For.All.Mankind.S03.1080p.WEBRip.x265-RARBG/For.All.Mankind.S03E02.1080p.WEBRip.x265-RARBG.mp4,3,2,7772588,
1413,540,1080,0,346,106,49,346,71280,0.122,5.829930984124076,56256,/home/amos/media/tv/For.All.Mankind.S01-S03.1080p.WEBRip.x265-RARBG/For.All.Mankind.S03.1080p.WEBRip.x265-RARBG/For.All.Mankind.S03E02.1080p.WEBRip.x265-RARBG.mp4,3,2,7772588,
1414,540,1080,0,126,325,68,126,11542,0.02,2.720996041491162,56280,/home/amos/media/tv/For.All.Mankind.S01-S03.1080p.WEBRip.x265-RARBG/For.All.Mankind.S03.1080p.WEBRip.x265-RARBG/For.All.Mankind.S03E02.1080p.WEBRip.x265-RARBG.mp4,3,2,7772588,
1415,540,1080,0,160,40,47,160,13560,0.023,2.6626329190912656,57048,/home/amos/media/tv/For.All.Mankind.S01-S03.1080p.WEBRip.x265-RARBG/For.All.Mankind.S03.1080p.WEBRip.x265-RARBG/For.All.Mankind.S03E02.1080p.WEBRip.x265-RARBG.mp4,3,2,7772588,
1416,540,1080,0,145,45,364,145,21900,0.038,1.1496559969964435,57072,/home/amos/media/tv/For.All.Mankind.S01-S03.1080p.WEBRip.x265-RARBG/For.All.Mankind.S03.1080p.WEBRip.x265-RARBG/For.All.Mankind.S03E02.1080p.WEBRip.x265-RARBG.mp4,3,2,7772588,
1417,540,1080,0,129,36,733,129,56172,0.096,4.03177903679898,57096,/home/amos/media/tv/For.All.Mankind.S01-S03.1080p.WEBRip.x265-RARBG/For.All.Mankind.S03.1080p.WEBRip.x265-RARBG/For.All.Mankind.S03E02.1080p.WEBRip.x265-RARBG.mp4,3,2,7772588,
1418,540,1080,0,41,244,106,41,13195,0.023,4.030976092326455,57192,/home/amos/media/tv/For.All.Mankind.S01-S03.1080p.WEBRip.x265-RARBG/For.All.Mankind.S03.1080p.WEBRip.x265-RARBG/For.All.Mankind.S03E02.1080p.WEBRip.x265-RARBG.mp4,3,2,7772588,
1419,540,1080,0,45,252,108,45,13041,0.022,7.418946044403128,57216,/home/amos/media/tv/For.All.Mankind.S01-S03.1080p.WEBRip.x265-RARBG/For.All.Mankind.S03.1080p.WEBRip.x265-RARBG/For.All.Mankind.S03E02.1080p.WEBRip.x265-RARBG.mp4,3,2,7772588,
1420,540,1080,0,61,332,349,61,78048,0.134,3.973027190309949,57240,/home/amos/media/tv/For.All.Mankind.S01-S03.1080p.WEBRip.x265-RARBG/For.All.Mankind.S03.1080p.WEBRip.x265-RARBG/For.All.Mankind.S03E02.1080p.WEBRip.x265-RARBG.mp4,3,2,7772588,
1421,540,1080,0,63,316,420,63,90321,0.155,2.171696058299858,57264,/home/amos/media/tv/For.All.Mankind.S01-S03.1080p.WEBRip.x265-RARBG/For.All.Mankind.S03.1080p.WEBRip.x265-RARBG/For.All.Mankind.S03E02.1080p.WEBRip.x265-RARBG.mp4,3,2,7772588,
1422,540,1080,0,110,86,579,110,11256,0.019,4.393257167597767,57288,/home/amos/media/tv/For.All.Mankind.S01-S03.1080p.WEBRip.x265-RARBG/For.All.Mankind.S03.1080p.WEBRip.x265-RARBG/For.All.Mankind.S03E02.1080p.WEBRip.x265-RARBG.mp4,3,2,7772588,
1423,540,1080,0,116,59,629,116,29241,0.05,2.9886422030394897,57312,/home/amos/media/tv/For.All.Mankind.S01-S03.1080p.WEBRip.x265-RARBG/For.All.Mankind.S03.1080p.WEBRip.x265-RARBG/For.All.Mankind.S03E02.1080p.WEBRip.x265-RARBG.mp4,3,2,7772588,
1424,540,1080,0,78,102,104,78,624,0.001,7.225309082015883,57480,/home/amos/media/tv/For.All.Mankind.S01-S03.1080p.WEBRip.x265-RARBG/For.All.Mankind.S03.1080p.WEBRip.x265-RARBG/For.All.Mankind.S03E02.1080p.WEBRip.x265-RARBG.mp4,3,2,7772588,
1425,540,1080,0,76,102,105,76,754,0.001,7.715881079842802,57504,/home/amos/media/tv/For.All.Mankind.S01-S03.1080p.WEBRip.x265-RARBG/For.All.Mankind.S03.1080p.WEBRip.x265-RARBG/For.All.Mankind.S03E02.1080p.WEBRip.x265-RARBG.mp4,3,2,7772588,
1426,540,1080,0,79,103,113,79,816,0.001,8.275552090373822,57528,/home/amos/media/tv/For.All.Mankind.S01-S03.1080p.WEBRip.x265-RARBG/For.All.Mankind.S03.1080p.WEBRip.x265-RARBG/For.All.Mankind.S03E02.1080p.WEBRip.x265-RARBG.mp4,3,2,7772588,
1427,540,1080,0,74,105,115,74,1271,0.002,9.233416084840428,57552,/home/amos/media/tv/For.All.Mankind.S01-S03.1080p.WEBRip.x265-RARBG/For.All.Mankind.S03.1080p.WEBRip.x265-RARBG/For.All.Mankind.S03E02.1080p.WEBRip.x265-RARBG.mp4,3,2,7772588,
1428,540,1080,1,88,106,393,88,5490,0.009,2.463636036205571,57552,/home/amos/media/tv/For.All.Mankind.S01-S03.1080p.WEBRip.x265-RARBG/For.All.Mankind.S03.1080p.WEBRip.x265-RARBG/For.All.Mankind.S03E02.1080p.WEBRip.x265-RARBG.mp4,3,2,7772588,
1429,540,1080,0,76,102,120,76,1144,0.002,7.397581991448533,57576,/home/amos/media/tv/For.All.Mankind.S01-S03.1080p.WEBRip.x265-RARBG/For.All.Mankind.S03.1080p.WEBRip.x265-RARBG/For.All.Mankind.S03E02.1080p.WEBRip.x265-RARBG.mp4,3,2,7772588,
1430,540,1080,0,30,209,193,30,29177,0.05,5.604048001754563,57624,/home/amos/media/tv/For.All.Mankind.S01-S03.1080p.WEBRip.x265-RARBG/For.All.Mankind.S03.1080p.WEBRip.x265-RARBG/For.All.Mankind.S03E02.1080p.WEBRip.x265-RARBG.mp4,3,2,7772588,
1431,540,1080,0,52,152,62,52,1000,0.002,6.421897926658858,57648,/home/amos/media/tv/For.All.Mankind.S01-S03.1080p.WEBRip.x265-RARBG/For.All.Mankind.S03.1080p.WEBRip.x265-RARBG/For.All.Mankind.S03E02.1080p.WEBRip.x265-RARBG.mp4,3,2,7772588,
1432,540,1080,0,65,98,103,65,1254,0.002,5.296222138393205,57768,/home/amos/media/tv/For.All.Mankind.S01-S03.1080p.WEBRip.x265-RARBG/For.All.Mankind.S03.1080p.WEBRip.x265-RARBG/For.All.Mankind.S03E02.1080p.WEBRip.x265-RARBG.mp4,3,2,7772588,
1433,540,1080,1,80,108,400,80,8960,0.015,1.9842970936442723,57768,/home/amos/media/tv/For.All.Mankind.S01-S03.1080p.WEBRip.x265-RARBG/For.All.Mankind.S03.1080p.WEBRip.x265-RARBG/For.All.Mankind.S03E02.1080p.WEBRip.x265-RARBG.mp4,3,2,7772588,
1434,540,1080,0,68,84,87,68,304,0.001,5.916319051000755,57792,/home/amos/media/tv/For.All.Mankind.S01-S03.1080p.WEBRip.x265-RARBG/For.All.Mankind.S03.1080p.WEBRip.x265-RARBG/For.All.Mankind.S03E02.1080p.WEBRip.x265-RARBG.mp4,3,2,7772588,
1435,540,1080,0,73,94,90,73,357,0.001,7.525929023220669,57816,/home/amos/media/tv/For.All.Mankind.S01-S03.1080p.WEBRip.x265-RARBG/For.All.Mankind.S03.1080p.WEBRip.x265-RARBG/For.All.Mankind.S03E02.1080p.WEBRip.x265-RARBG.mp4,3,2,7772588,
1436,540,1080,1,79,113,405,79,11084,0.019,1.3733550521428697,57816,/home/amos/media/tv/For.All.Mankind.S01-S03.1080p.WEBRip.x265-RARBG/For.All.Mankind.S03.1080p.WEBRip.x265-RARBG/For.All.Mankind.S03E02.1080p.WEBRip.x265-RARBG.mp4,3,2,7772588,
1437,540,1080,0,73,96,90,73,391,0.001,9.515237982093822,57840,/home/amos/media/tv/For.All.Mankind.S01-S03.1080p.WEBRip.x265-RARBG/For.All.Mankind.S03.1080p.WEBRip.x265-RARBG/For.All.Mankind.S03E02.1080p.WEBRip.x265-RARBG.mp4,3,2,7772588,
1438,540,1080,0,74,93,88,74,266,0.0,6.174999029084574,57864,/home/amos/media/tv/For.All.Mankind.S01-S03.1080p.WEBRip.x265-RARBG/For.All.Mankind.S03.1080p.WEBRip.x265-RARBG/For.All.Mankind.S03E02.1080p.WEBRip.x265-RARBG.mp4,3,2,7772588,
1439,540,1080,1,77,84,404,77,2289,0.004,1.7361711083794944,57864,/home/amos/media/tv/For.All.Mankind.S01-S03.1080p.WEBRip.x265-RARBG/For.All.Mankind.S03.1080p.WEBRip.x265-RARBG/For.All.Mankind.S03E02.1080p.WEBRip.x265-RARBG.mp4,3,2,7772588,
1440,540,1080,0,77,92,87,77,150,0.0,6.317679064290132,57888,/home/amos/media/tv/For.All.Mankind.S01-S03.1080p.WEBRip.x265-RARBG/For.All.Mankind.S03.1080p.WEBRip.x265-RARBG/For.All.Mankind.S03E02.1080p.WEBRip.x265-RARBG.mp4,3,2,7772588,
1441,540,1080,1,91,69,387,91,6512,0.011,1.7834791177301668,57888,/home/amos/media/tv/For.All.Mankind.S01-S03.1080p.WEBRip.x265-RARBG/For.All.Mankind.S03.1080p.WEBRip.x265-RARBG/For.All.Mankind.S03E02.1080p.WEBRip.x265-RARBG.mp4,3,2,7772588,
1442,540,1080,0,74,93,86,74,228,0.0,5.820811076730024,57912,/home/amos/media/tv/For.All.Mankind.S01-S03.1080p.WEBRip.x265-RARBG/For.All.Mankind.S03.1080p.WEBRip.x265-RARBG/For.All.Mankind.S03E02.1080p.WEBRip.x265-RARBG.mp4,3,2,7772588,
1443,540,1080,0,74,96,82,74,176,0.0,8.064457105123438,57936,/home/amos/media/tv/For.All.Mankind.S01-S03.1080p.WEBRip.x265-RARBG/For.All.Mankind.S03.1080p.WEBRip.x265-RARBG/For.All.Mankind.S03E02.1080p.WEBRip.x265-RARBG.mp4,3,2,7772588,
1444,540,1080,0,84,90,409,84,1950,0.003,3.661981045443099,57960,/home/amos/media/tv/For.All.Mankind.S01-S03.1080p.WEBRip.x265-RARBG/For.All.Mankind.S03.1080p.WEBRip.x265-RARBG/For.All.Mankind.S03E02.1080p.WEBRip.x265-RARBG.mp4,3,2,7772588,
1445,540,1080,1,77,107,70,77,210,0.0,8.728302076575346,57960,/home/amos/media/tv/For.All.Mankind.S01-S03.1080p.WEBRip.x265-RARBG/For.All.Mankind.S03.1080p.WEBRip.x265-RARBG/For.All.Mankind.S03E02.1080p.WEBRip.x265-RARBG.mp4,3,2,7772588,
1446,540,1080,0,74,115,99,74,1025,0.002,3.3043640495161526,58056,/home/amos/media/tv/For.All.Mankind.S01-S03.1080p.WEBRip.x265-RARBG/For.All.Mankind.S03.1080p.WEBRip.x265-RARBG/For.All.Mankind.S03E02.1080p.WEBRip.x265-RARBG.mp4,3,2,7772588,
1447,540,1080,0,72,121,101,72,1421,0.002,4.600332085159607,58080,/home/amos/media/tv/For.All.Mankind.S01-S03.1080p.WEBRip.x265-RARBG/For.All.Mankind.S03.1080p.WEBRip.x265-RARBG/For.All.Mankind.S03E02.1080p.WEBRip.x265-RARBG.mp4,3,2,7772588,
1448,540,1080,1,80,101,406,80,6846,0.012,1.3676760985399596,58080,/home/amos/media/tv/For.All.Mankind.S01-S03.1080p.WEBRip.x265-RARBG/For.All.Mankind.S03.1080p.WEBRip.x265-RARBG/For.All.Mankind.S03E02.1080p.WEBRip.x265-RARBG.mp4,3,2,7772588,
1449,540,1080,0,75,99,113,75,912,0.002,4.127544091257732,58152,/home/amos/media/tv/For.All.Mankind.S01-S03.1080p.WEBRip.x265-RARBG/For.All.Mankind.S03.1080p.WEBRip.x265-RARBG/For.All.Mankind.S03E02.1080p.WEBRip.x265-RARBG.mp4,3,2,7772588,
1450,540,1080,1,73,115,434,73,15162,0.026,2.320749002683442,58152,/home/amos/media/tv/For.All.Mankind.S01-S03.1080p.WEBRip.x265-RARBG/For.All.Mankind.S03.1080p.WEBRip.x265-RARBG/For.All.Mankind.S03E02.1080p.WEBRip.x265-RARBG.mp4,3,2,7772588,
1451,540,1080,0,77,97,115,77,760,0.001,5.611187100526877,58176,/home/amos/media/tv/For.All.Mankind.S01-S03.1080p.WEBRip.x265-RARBG/For.All.Mankind.S03.1080p.WEBRip.x265-RARBG/For.All.Mankind.S03E02.1080p.WEBRip.x265-RARBG.mp4,3,2,7772588,
1452,540,1080,1,73,124,435,73,18462,0.032,1.6131130635621955,58176,/home/amos/media/tv/For.All.Mankind.S01-S03.1080p.WEBRip.x265-RARBG/For.All.Mankind.S03.1080p.WEBRip.x265-RARBG/For.All.Mankind.S03E02.1080p.WEBRip.x265-RARBG.mp4,3,2,7772588,
1453,540,1080,0,81,113,433,81,11264,0.019,3.616662126674784,58200,/home/amos/media/tv/For.All.Mankind.S01-S03.1080p.WEBRip.x265-RARBG/For.All.Mankind.S03.1080p.WEBRip.x265-RARBG/For.All.Mankind.S03E02.1080p.WEBRip.x265-RARBG.mp4,3,2,7772588,
1454,540,1080,0,80,158,973,80,69654,0.119,5.01958005403867,58224,/home/amos/media/tv/For.All.Mankind.S01-S03.1080p.WEBRip.x265-RARBG/For.All.Mankind.S03.1080p.WEBRip.x265-RARBG/For.All.Mankind.S03E02.1080p.WEBRip.x265-RARBG.mp4,3,2,7772588,
1455,540,1080,0,96,368,587,96,133552,0.229,7.118848997110035,58272,/home/amos/media/tv/For.All.Mankind.S01-S03.1080p.WEBRip.x265-RARBG/For.All.Mankind.S03.1080p.WEBRip.x265-RARBG/For.All.Mankind.S03E02.1080p.WEBRip.x265-RARBG.mp4,3,2,7772588,
1456,540,1080,0,111,109,386,111,550,0.001,2.474070011812728,58320,/home/amos/media/tv/For.All.Mankind.S01-S03.1080p.WEBRip.x265-RARBG/For.All.Mankind.S03.1080p.WEBRip.x265-RARBG/For.All.Mankind.S03E02.1080p.WEBRip.x265-RARBG.mp4,3,2,7772588,
1457,540,1080,0,108,103,379,108,1355,0.002,3.7739810912753455,58344,/home/amos/media/tv/For.All.Mankind.S01-S03.1080p.WEBRip.x265-RARBG/For.All.Mankind.S03.1080p.WEBRip.x265-RARBG/For.All.Mankind.S03E02.1080p.WEBRip.x265-RARBG.mp4,3,2,7772588,
1458,540,1080,0,88,87,10,88,78,0.0,8.063490019820165,58368,/home/amos/media/tv/For.All.Mankind.S01-S03.1080p.WEBRip.x265-RARBG/For.All.Mankind.S03.1080p.WEBRip.x265-RARBG/For.All.Mankind.S03E02.1080p.WEBRip.x265-RARBG.mp4,3,2,7772588,
1459,540,1080,1,105,103,386,105,562,0.001,2.8588840730371885,58368,/home/amos/media/tv/For.All.Mankind.S01-S03.1080p.WEBRip.x265-RARBG/For.All.Mankind.S03.1080p.WEBRip.x265-RARBG/For.All.Mankind.S03E02.1080p.WEBRip.x265-RARBG.mp4,3,2,7772588,
1460,540,1080,0,59,94,826,59,26845,0.046,5.615435062616598,58392,/home/amos/media/tv/For.All.Mankind.S01-S03.1080p.WEBRip.x265-RARBG/For.All.Mankind.S03.1080p.WEBRip.x265-RARBG/For.All.Mankind.S03E02.1080p.WEBRip.x265-RARBG.mp4,3,2,7772588,
1461,540,1080,0,63,48,821,63,11370,0.019,3.496882050822024,58440,/home/amos/media/tv/For.All.Mankind.S01-S03.1080p.WEBRip.x265-RARBG/For.All.Mankind.S03.1080p.WEBRip.x265-RARBG/For.All.Mankind.S03E02.1080p.WEBRip.x265-RARBG.mp4,3,2,7772588,
1462,540,1080,1,46,200,731,46,105490,0.181,3.948381052527111,58440,/home/amos/media/tv/For.All.Mankind.S01-S03.1080p.WEBRip.x265-RARBG/For.All.Mankind.S03.1080p.WEBRip.x265-RARBG/For.All.Mankind.S03E02.1080p.WEBRip.x265-RARBG.mp4,3,2,7772588,
1463,540,1080,0,47,42,149,47,510,0.001,4.2734920149086975,58464,/home/amos/media/tv/For.All.Mankind.S01-S03.1080p.WEBRip.x265-RARBG/For.All.Mankind.S03.1080p.WEBRip.x265-RARBG/For.All.Mankind.S03E02.1080p.WEBRip.x265-RARBG.mp4,3,2,7772588,
1464,540,1080,1,61,87,843,61,20332,0.035,2.2679600269766524,58464,/home/amos/media/tv/For.All.Mankind.S01-S03.1080p.WEBRip.x265-RARBG/For.All.Mankind.S03.1080p.WEBRip.x265-RARBG/For.All.Mankind.S03E02.1080p.WEBRip.x265-RARBG.mp4,3,2,7772588,
1465,540,1080,2,60,183,655,60,73185,0.125,6.080403116880916,58464,/home/amos/media/tv/For.All.Mankind.S01-S03.1080p.WEBRip.x265-RARBG/For.All.Mankind.S03.1080p.WEBRip.x265-RARBG/For.All.Mankind.S03E02.1080p.WEBRip.x265-RARBG.mp4,3,2,7772588,
1466,540,1080,0,66,206,228,66,22680,0.039,5.543655048008077,58488,/home/amos/media/tv/For.All.Mankind.S01-S03.1080p.WEBRip.x265-RARBG/For.All.Mankind.S03.1080p.WEBRip.x265-RARBG/For.All.Mankind.S03E02.1080p.WEBRip.x265-RARBG.mp4,3,2,7772588,
1467,540,1080,0,56,217,531,56,76475,0.131,3.054070083599072,58512,/home/amos/media/tv/For.All.Mankind.S01-S03.1080p.WEBRip.x265-RARBG/For.All.Mankind.S03.1080p.WEBRip.x265-RARBG/For.All.Mankind.S03E02.1080p.WEBRip.x265-RARBG.mp4,3,2,7772588,
1468,540,1080,1,65,209,316,65,36144,0.062,6.9574301083921455,58512,/home/amos/media/tv/For.All.Mankind.S01-S03.1080p.WEBRip.x265-RARBG/For.All.Mankind.S03.1080p.WEBRip.x265-RARBG/For.All.Mankind.S03E02.1080p.WEBRip.x265-RARBG.mp4,3,2,7772588,
1469,540,1080,0,53,219,515,53,76692,0.132,7.327109096979257,58536,/home/amos/media/tv/For.All.Mankind.S01-S03.1080p.WEBRip.x265-RARBG/For.All.Mankind.S03.1080p.WEBRip.x265-RARBG/For.All.Mankind.S03E02.1080p.WEBRip.x265-RARBG.mp4,3,2,7772588,
1470,540,1080,1,64,210,310,64,35916,0.062,7.836722077976447,58536,/home/amos/media/tv/For.All.Mankind.S01-S03.1080p.WEBRip.x265-RARBG/For.All.Mankind.S03.1080p.WEBRip.x265-RARBG/For.All.Mankind.S03E02.1080p.WEBRip.x265-RARBG.mp4,3,2,7772588,
1471,540,1080,0,60,220,508,60,71680,0.123,2.687212022661697,58560,/home/amos/media/tv/For.All.Mankind.S01-S03.1080p.WEBRip.x265-RARBG/For.All.Mankind.S03.1080p.WEBRip.x265-RARBG/For.All.Mankind.S03E02.1080p.WEBRip.x265-RARBG.mp4,3,2,7772588,
1472,540,1080,1,69,211,301,69,32944,0.056,6.139672089600936,58560,/home/amos/media/tv/For.All.Mankind.S01-S03.1080p.WEBRip.x265-RARBG/For.All.Mankind.S03.1080p.WEBRip.x265-RARBG/For.All.Mankind.S03E02.1080p.WEBRip.x265-RARBG.mp4,3,2,7772588,
1473,540,1080,0,64,76,411,64,4164,0.007,6.370128014299553,58584,/home/amos/media/tv/For.All.Mankind.S01-S03.1080p.WEBRip.x265-RARBG/For.All.Mankind.S03.1080p.WEBRip.x265-RARBG/For.All.Mankind.S03E02.1080p.WEBRip.x265-RARBG.mp4,3,2,7772588,
1474,540,1080,1,67,209,200,67,18886,0.032,6.38232511136448,58584,/home/amos/media/tv/For.All.Mankind.S01-S03.1080p.WEBRip.x265-RARBG/For.All.Mankind.S03.1080p.WEBRip.x265-RARBG/For.All.Mankind.S03E02.1080p.WEBRip.x265-RARBG.mp4,3,2,7772588,
1475,540,1080,0,87,54,9,87,2574,0.004,1.6545381291070953,58608,/home/amos/media/tv/For.All.Mankind.S01-S03.1080p.WEBRip.x265-RARBG/For.All.Mankind.S03.1080p.WEBRip.x265-RARBG/For.All.Mankind.S03E02.1080p.WEBRip.x265-RARBG.mp4,3,2,7772588,
1476,540,1080,0,87,130,463,87,16168,0.028,2.9890181512455456,58656,/home/amos/media/tv/For.All.Mankind.S01-S03.1080p.WEBRip.x265-RARBG/For.All.Mankind.S03.1080p.WEBRip.x265-RARBG/For.All.Mankind.S03E02.1080p.WEBRip.x265-RARBG.mp4,3,2,7772588,
1477,540,1080,0,80,102,439,80,7898,0.014,2.1692221175762825,58680,/home/amos/media/tv/For.All.Mankind.S01-S03.1080p.WEBRip.x265-RARBG/For.All.Mankind.S03.1080p.WEBRip.x265-RARBG/For.All.Mankind.S03E02.1080p.WEBRip.x265-RARBG.mp4,3,2,7772588,
1478,540,1080,1,70,118,78,70,384,0.001,5.011520114901941,58680,/home/amos/media/tv/For.All.Mankind.S01-S03.1080p.WEBRip.x265-RARBG/For.All.Mankind.S03.1080p.WEBRip.x265-RARBG/For.All.Mankind.S03E02.1080p.WEBRip.x265-RARBG.mp4,3,2,7772588,
1479,540,1080,0,87,132,681,87,26730,0.046,3.697453006345313,58800,/home/amos/media/tv/For.All.Mankind.S01-S03.1080p.WEBRip.x265-RARBG/For.All.Mankind.S03.1080p.WEBRip.x265-RARBG/For.All.Mankind.S03E02.1080p.WEBRip.x265-RARBG.mp4,3,2,7772588,
1480,540,1080,0,45,250,99,45,11070,0.019,4.141652116028126,58872,/home/amos/media/tv/For.All.Mankind.S01-S03.1080p.WEBRip.x265-RARBG/For.All.Mankind.S03.1080p.WEBRip.x265-RARBG/For.All.Mankind.S03E02.1080p.WEBRip.x265-RARBG.mp4,3,2,7772588,
1481,540,1080,0,72,108,134,72,2232,0.004,7.040255092200823,59112,/home/amos/media/tv/For.All.Mankind.S01-S03.1080p.WEBRip.x265-RARBG/For.All.Mankind.S03.1080p.WEBRip.x265-RARBG/For.All.Mankind.S03E02.1080p.WEBRip.x265-RARBG.mp4,3,2,7772588,
1482,540,1080,1,94,110,404,94,4960,0.009,2.2364449754240923,59112,/home/amos/media/tv/For.All.Mankind.S01-S03.1080p.WEBRip.x265-RARBG/For.All.Mankind.S03.1080p.WEBRip.x265-RARBG/For.All.Mankind.S03E02.1080p.WEBRip.x265-RARBG.mp4,3,2,7772588,
1483,540,1080,0,75,115,132,75,2280,0.004,6.591316052421462,59136,/home/amos/media/tv/For.All.Mankind.S01-S03.1080p.WEBRip.x265-RARBG/For.All.Mankind.S03.1080p.WEBRip.x265-RARBG/For.All.Mankind.S03E02.1080p.WEBRip.x265-RARBG.mp4,3,2,7772588,
1484,540,1080,0,74,110,131,74,2052,0.004,9.758322924084496,59160,/home/amos/media/tv/For.All.Mankind.S01-S03.1080p.WEBRip.x265-RARBG/For.All.Mankind.S03.1080p.WEBRip.x265-RARBG/For.All.Mankind.S03E02.1080p.WEBRip.x265-RARBG.mp4,3,2,7772588,
1485,540,1080,0,74,306,745,74,155672,0.267,8.240186095878016,59184,/home/amos/media/tv/For.All.Mankind.S01-S03.1080p.WEBRip.x265-RARBG/For.All.Mankind.S03.1080p.WEBRip.x265-RARBG/For.All.Mankind.S03E02.1080p.WEBRip.x265-RARBG.mp4,3,2,7772588,
1486,540,1080,0,78,93,126,78,720,0.001,4.651516030484345,59232,/home/amos/media/tv/For.All.Mankind.S01-S03.1080p.WEBRip.x265-RARBG/For.All.Mankind.S03.1080p.WEBRip.x265-RARBG/For.All.Mankind.S03E02.1080p.WEBRip.x265-RARBG.mp4,3,2,7772588,
1487,540,1080,0,76,93,128,76,884,0.002,4.71317812911002,59256,/home/amos/media/tv/For.All.Mankind.S01-S03.1080p.WEBRip.x265-RARBG/For.All.Mankind.S03.1080p.WEBRip.x265-RARBG/For.All.Mankind.S03E02.1080p.WEBRip.x265-RARBG.mp4,3,2,7772588,
1488,540,1080,0,74,91,131,74,969,0.002,2.6595891133183613,59280,/home/amos/media/tv/For.All.Mankind.S01-S03.1080p.WEBRip.x265-RARBG/For.All.Mankind.S03.1080p.WEBRip.x265-RARBG/For.All.Mankind.S03E02.1080p.WEBRip.x265-RARBG.mp4,3,2,7772588,
1489,540,1080,0,74,93,149,74,1425,0.002,7.515211127407383,59304,/home/amos/media/tv/For.All.Mankind.S01-S03.1080p.WEBRip.x265-RARBG/For.All.Mankind.S03.1080p.WEBRip.x265-RARBG/For.All.Mankind.S03E02.1080p.WEBRip.x265-RARBG.mp4,3,2,7772588,
1490,540,1080,0,69,95,150,69,2106,0.004,6.307696183153894,59328,/home/amos/media/tv/For.All.Mankind.S01-S03.1080p.WEBRip.x265-RARBG/For.All.Mankind.S03.1080p.WEBRip.x265-RARBG/For.All.Mankind.S03E02.1080p.WEBRip.x265-RARBG.mp4,3,2,7772588,
1491,540,1080,0,73,92,147,73,1406,0.002,9.180494139844086,59352,/home/amos/media/tv/For.All.Mankind.S01-S03.1080p.WEBRip.x265-RARBG/For.All.Mankind.S03.1080p.WEBRip.x265-RARBG/For.All.Mankind.S03E02.1080p.WEBRip.x265-RARBG.mp4,3,2,7772588,
1492,540,1080,0,73,92,146,73,1387,0.002,6.29780417092843,59376,/home/amos/media/tv/For.All.Mankind.S01-S03.1080p.WEBRip.x265-RARBG/For.All.Mankind.S03.1080p.WEBRip.x265-RARBG/For.All.Mankind.S03E02.1080p.WEBRip.x265-RARBG.mp4,3,2,7772588,
1493,540,1080,0,77,89,142,77,780,0.001,6.608107046165969,59400,/home/amos/media/tv/For.All.Mankind.S01-S03.1080p.WEBRip.x265-RARBG/For.All.Mankind.S03.1080p.WEBRip.x265-RARBG/For.All.Mankind.S03E02.1080p.WEBRip.x265-RARBG.mp4,3,2,7772588,
1494,540,1080,0,78,88,143,78,650,0.001,6.112637066922616,59424,/home/amos/media/tv/For.All.Mankind.S01-S03.1080p.WEBRip.x265-RARBG/For.All.Mankind.S03.1080p.WEBRip.x265-RARBG/For.All.Mankind.S03E02.1080p.WEBRip.x265-RARBG.mp4,3,2,7772588,
1495,540,1080,1,90,95,444,90,1770,0.003,5.420667121768929,59424,/home/amos/media/tv/For.All.Mankind.S01-S03.1080p.WEBRip.x265-RARBG/For.All.Mankind.S03.1080p.WEBRip.x265-RARBG/For.All.Mankind.S03E02.1080p.WEBRip.x265-RARBG.mp4,3,2,7772588,
1496,540,1080,0,71,88,114,71,731,0.001,8.481033118092455,59496,/home/amos/media/tv/For.All.Mankind.S01-S03.1080p.WEBRip.x265-RARBG/For.All.Mankind.S03.1080p.WEBRip.x265-RARBG/For.All.Mankind.S03E02.1080p.WEBRip.x265-RARBG.mp4,3,2,7772588,
1497,540,1080,0,70,92,116,70,1012,0.002,7.000964064092841,59520,/home/amos/media/tv/For.All.Mankind.S01-S03.1080p.WEBRip.x265-RARBG/For.All.Mankind.S03.1080p.WEBRip.x265-RARBG/For.All.Mankind.S03E02.1080p.WEBRip.x265-RARBG.mp4,3,2,7772588,
1498,540,1080,0,64,98,124,64,2040,0.003,6.646813139668666,59544,/home/amos/media/tv/For.All.Mankind.S01-S03.1080p.WEBRip.x265-RARBG/For.All.Mankind.S03.1080p.WEBRip.x265-RARBG/For.All.Mankind.S03E02.1080p.WEBRip.x265-RARBG.mp4,3,2,7772588,
1499,540,1080,1,75,113,403,75,12464,0.021,2.148234092106577,59544,/home/amos/media/tv/For.All.Mankind.S01-S03.1080p.WEBRip.x265-RARBG/For.All.Mankind.S03.1080p.WEBRip.x265-RARBG/For.All.Mankind.S03E02.1080p.WEBRip.x265-RARBG.mp4,3,2,7772588,
1500,540,1080,0,66,96,119,66,1590,0.003,9.953015116625464,59568,/home/amos/media/tv/For.All.Mankind.S01-S03.1080p.WEBRip.x265-RARBG/For.All.Mankind.S03.1080p.WEBRip.x265-RARBG/For.All.Mankind.S03E02.1080p.WEBRip.x265-RARBG.mp4,3,2,7772588,
1501,540,1080,0,73,92,115,73,798,0.001,3.7844701306312345,59592,/home/amos/media/tv/For.All.Mankind.S01-S03.1080p.WEBRip.x265-RARBG/For.All.Mankind.S03.1080p.WEBRip.x265-RARBG/For.All.Mankind.S03E02.1080p.WEBRip.x265-RARBG.mp4,3,2,7772588,
1502,540,1080,1,69,93,405,69,8064,0.014,1.8265050711925144,59592,/home/amos/media/tv/For.All.Mankind.S01-S03.1080p.WEBRip.x265-RARBG/For.All.Mankind.S03.1080p.WEBRip.x265-RARBG/For.All.Mankind.S03E02.1080p.WEBRip.x265-RARBG.mp4,3,2,7772588,
1503,540,1080,0,71,92,117,71,966,0.002,6.342185096931644,59616,/home/amos/media/tv/For.All.Mankind.S01-S03.1080p.WEBRip.x265-RARBG/For.All.Mankind.S03.1080p.WEBRip.x265-RARBG/For.All.Mankind.S03E02.1080p.WEBRip.x265-RARBG.mp4,3,2,7772588,
1504,540,1080,0,70,93,118,70,1104,0.002,6.240659947681706,59640,/home/amos/media/tv/For.All.Mankind.S01-S03.1080p.WEBRip.x265-RARBG/For.All.Mankind.S03.1080p.WEBRip.x265-RARBG/For.All.Mankind.S03E02.1080p.WEBRip.x265-RARBG.mp4,3,2,7772588,
1505,540,1080,0,69,94,119,69,1250,0.002,6.682183098164387,59664,/home/amos/media/tv/For.All.Mankind.S01-S03.1080p.WEBRip.x265-RARBG/For.All.Mankind.S03.1080p.WEBRip.x265-RARBG/For.All.Mankind.S03E02.1080p.WEBRip.x265-RARBG.mp4,3,2,7772588,
1506,540,1080,0,69,94,119,69,1250,0.002,8.182955144089647,59688,/home/amos/media/tv/For.All.Mankind.S01-S03.1080p.WEBRip.x265-RARBG/For.All.Mankind.S03.1080p.WEBRip.x265-RARBG/For.All.Mankind.S03E02.1080p.WEBRip.x265-RARBG.mp4,3,2,7772588,
1507,540,1080,1,82,101,388,82,5814,0.01,3.487974098592531,59688,/home/amos/media/tv/For.All.Mankind.S01-S03.1080p.WEBRip.x265-RARBG/For.All.Mankind.S03.1080p.WEBRip.x265-RARBG/For.All.Mankind.S03E02.1080p.WEBRip.x265-RARBG.mp4,3,2,7772588,
1508,540,1080,0,74,86,110,74,432,0.001,6.67585008306196,59712,/home/amos/media/tv/For.All.Mankind.S01-S03.1080p.WEBRip.x265-RARBG/For.All.Mankind.S03.1080p.WEBRip.x265-RARBG/For.All.Mankind.S03E02.1080p.WEBRip.x265-RARBG.mp4,3,2,7772588,
1509,540,1080,0,202,123,622,202,33180,0.057,3.1888451254344545,59736,/home/amos/media/tv/For.All.Mankind.S01-S03.1080p.WEBRip.x265-RARBG/For.All.Mankind.S03.1080p.WEBRip.x265-RARBG/For.All.Mankind.S03E02.1080p.WEBRip.x265-RARBG.mp4,3,2,7772588,
1510,540,1080,0,189,124,633,189,28860,0.049,2.748906140855979,59760,/home/amos/media/tv/For.All.Mankind.S01-S03.1080p.WEBRip.x265-RARBG/For.All.Mankind.S03.1080p.WEBRip.x265-RARBG/For.All.Mankind.S03E02.1080p.WEBRip.x265-RARBG.mp4,3,2,7772588,
1511,540,1080,0,186,122,639,186,28992,0.05,2.5670910728513263,59784,/home/amos/media/tv/For.All.Mankind.S01-S03.1080p.WEBRip.x265-RARBG/For.All.Mankind.S03.1080p.WEBRip.x265-RARBG/For.All.Mankind.S03E02.1080p.WEBRip.x265-RARBG.mp4,3,2,7772588,
1512,540,1080,0,179,128,642,179,23613,0.04,2.982774018717464,59808,/home/amos/media/tv/For.All.Mankind.S01-S03.1080p.WEBRip.x265-RARBG/For.All.Mankind.S03.1080p.WEBRip.x265-RARBG/For.All.Mankind.S03E02.1080p.WEBRip.x265-RARBG.mp4,3,2,7772588,
1513,540,1080,0,180,153,308,180,3456,0.006,1.7776330878259614,59832,/home/amos/media/tv/For.All.Mankind.S01-S03.1080p.WEBRip.x265-RARBG/For.All.Mankind.S03.1080p.WEBRip.x265-RARBG/For.All.Mankind.S03E02.1080p.WEBRip.x265-RARBG.mp4,3,2,7772588,
1514,540,1080,1,138,84,101,138,1998,0.003,7.527902013098355,59832,/home/amos/media/tv/For.All.Mankind.S01-S03.1080p.WEBRip.x265-RARBG/For.All.Mankind.S03.1080p.WEBRip.x265-RARBG/For.All.Mankind.S03E02.1080p.WEBRip.x265-RARBG.mp4,3,2,7772588,
1515,540,1080,2,59,407,676,59,214716,0.368,2.032982117438223,59832,/home/amos/media/tv/For.All.Mankind.S01-S03.1080p.WEBRip.x265-RARBG/For.All.Mankind.S03.1080p.WEBRip.x265-RARBG/For.All.Mankind.S03E02.1080p.WEBRip.x265-RARBG.mp4,3,2,7772588,
1516,540,1080,0,57,402,676,57,213555,0.366,1.9638160718022848,59856,/home/amos/media/tv/For.All.Mankind.S01-S03.1080p.WEBRip.x265-RARBG/For.All.Mankind.S03.1080p.WEBRip.x265-RARBG/For.All.Mankind.S03E02.1080p.WEBRip.x265-RARBG.mp4,3,2,7772588,
1517,540,1080,0,154,128,333,154,4654,0.008,4.886462023190688,59880,/home/amos/media/tv/For.All.Mankind.S01-S03.1080p.WEBRip.x265-RARBG/For.All.Mankind.S03.1080p.WEBRip.x265-RARBG/For.All.Mankind.S03E02.1080p.WEBRip.x265-RARBG.mp4,3,2,7772588,
1518,540,1080,1,129,85,52,129,3388,0.006,3.9548480614903374,59880,/home/amos/media/tv/For.All.Mankind.S01-S03.1080p.WEBRip.x265-RARBG/For.All.Mankind.S03.1080p.WEBRip.x265-RARBG/For.All.Mankind.S03E02.1080p.WEBRip.x265-RARBG.mp4,3,2,7772588,
1519,540,1080,2,58,402,675,58,212248,0.364,0.8087061567930505,59880,/home/amos/media/tv/For.All.Mankind.S01-S03.1080p.WEBRip.x265-RARBG/For.All.Mankind.S03.1080p.WEBRip.x265-RARBG/For.All.Mankind.S03E02.1080p.WEBRip.x265-RARBG.mp4,3,2,7772588,
1520,540,1080,0,151,130,344,151,4053,0.007,3.1652560845250264,59904,/home/amos/media/tv/For.All.Mankind.S01-S03.1080p.WEBRip.x265-RARBG/For.All.Mankind.S03.1080p.WEBRip.x265-RARBG/For.All.Mankind.S03E02.1080p.WEBRip.x265-RARBG.mp4,3,2,7772588,
1521,540,1080,1,138,83,117,138,1155,0.002,3.19832605792908,59904,/home/amos/media/tv/For.All.Mankind.S01-S03.1080p.WEBRip.x265-RARBG/For.All.Mankind.S03.1080p.WEBRip.x265-RARBG/For.All.Mankind.S03E02.1080p.WEBRip.x265-RARBG.mp4,3,2,7772588,
1522,540,1080,2,58,402,676,58,212592,0.365,1.431391070538666,59904,/home/amos/media/tv/For.All.Mankind.S01-S03.1080p.WEBRip.x265-RARBG/For.All.Mankind.S03.1080p.WEBRip.x265-RARBG/For.All.Mankind.S03E02.1080p.WEBRip.x265-RARBG.mp4,3,2,7772588,
1523,540,1080,0,163,122,336,163,7093,0.012,2.6877281416091137,59928,/home/amos/media/tv/For.All.Mankind.S01-S03.1080p.WEBRip.x265-RARBG/For.All.Mankind.S03.1080p.WEBRip.x265-RARBG/For.All.Mankind.S03E02.1080p.WEBRip.x265-RARBG.mp4,3,2,7772588,
1524,540,1080,1,141,83,115,141,1508,0.003,4.42093013523845,59928,/home/amos/media/tv/For.All.Mankind.S01-S03.1080p.WEBRip.x265-RARBG/For.All.Mankind.S03.1080p.WEBRip.x265-RARBG/For.All.Mankind.S03E02.1080p.WEBRip.x265-RARBG.mp4,3,2,7772588,
1525,540,1080,2,57,401,680,57,214312,0.367,2.002169107028749,59928,/home/amos/media/tv/For.All.Mankind.S01-S03.1080p.WEBRip.x265-RARBG/For.All.Mankind.S03.1080p.WEBRip.x265-RARBG/For.All.Mankind.S03E02.1080p.WEBRip.x265-RARBG.mp4,3,2,7772588,
1526,540,1080,0,138,82,115,138,1288,0.002,3.6946730366325937,59952,/home/amos/media/tv/For.All.Mankind.S01-S03.1080p.WEBRip.x265-RARBG/For.All.Mankind.S03.1080p.WEBRip.x265-RARBG/For.All.Mankind.S03E02.1080p.WEBRip.x265-RARBG.mp4,3,2,7772588,
1527,540,1080,0,174,162,410,174,2832,0.005,2.813251984480303,59976,/home/amos/media/tv/For.All.Mankind.S01-S03.1080p.WEBRip.x265-RARBG/For.All.Mankind.S03.1080p.WEBRip.x265-RARBG/For.All.Mankind.S03E02.1080p.WEBRip.x265-RARBG.mp4,3,2,7772588,
1528,540,1080,1,140,76,113,140,1728,0.003,3.074690065521281,59976,/home/amos/media/tv/For.All.Mankind.S01-S03.1080p.WEBRip.x265-RARBG/For.All.Mankind.S03.1080p.WEBRip.x265-RARBG/For.All.Mankind.S03E02.1080p.WEBRip.x265-RARBG.mp4,3,2,7772588,
1529,540,1080,0,172,153,390,172,4142,0.007,2.911815016705077,60000,/home/amos/media/tv/For.All.Mankind.S01-S03.1080p.WEBRip.x265-RARBG/For.All.Mankind.S03.1080p.WEBRip.x265-RARBG/For.All.Mankind.S03E02.1080p.WEBRip.x265-RARBG.mp4,3,2,7772588,
1530,540,1080,1,137,74,110,137,1701,0.003,4.337126069120131,60000,/home/amos/media/tv/For.All.Mankind.S01-S03.1080p.WEBRip.x265-RARBG/For.All.Mankind.S03.1080p.WEBRip.x265-RARBG/For.All.Mankind.S03E02.1080p.WEBRip.x265-RARBG.mp4,3,2,7772588,
1531,540,1080,0,193,132,630,193,26657,0.046,2.600505029724445,60024,/home/amos/media/tv/For.All.Mankind.S01-S03.1080p.WEBRip.x265-RARBG/For.All.Mankind.S03.1080p.WEBRip.x265-RARBG/For.All.Mankind.S03E02.1080p.WEBRip.x265-RARBG.mp4,3,2,7772588,
1532,540,1080,0,206,124,623,206,34194,0.059,4.874532062036451,60048,/home/amos/media/tv/For.All.Mankind.S01-S03.1080p.WEBRip.x265-RARBG/For.All.Mankind.S03.1080p.WEBRip.x265-RARBG/For.All.Mankind.S03E02.1080p.WEBRip.x265-RARBG.mp4,3,2,7772588,
1533,540,1080,0,192,147,626,192,19530,0.033,3.1250050733215176,60072,/home/amos/media/tv/For.All.Mankind.S01-S03.1080p.WEBRip.x265-RARBG/For.All.Mankind.S03.1080p.WEBRip.x265-RARBG/For.All.Mankind.S03E02.1080p.WEBRip.x265-RARBG.mp4,3,2,7772588,
1534,540,1080,0,175,139,380,175,7380,0.013,4.1833100553485565,60096,/home/amos/media/tv/For.All.Mankind.S01-S03.1080p.WEBRip.x265-RARBG/For.All.Mankind.S03.1080p.WEBRip.x265-RARBG/For.All.Mankind.S03E02.1080p.WEBRip.x265-RARBG.mp4,3,2,7772588,
1535,540,1080,0,119,116,75,119,132,0.0,2.084029945719521,60120,/home/amos/media/tv/For.All.Mankind.S01-S03.1080p.WEBRip.x265-RARBG/For.All.Mankind.S03.1080p.WEBRip.x265-RARBG/For.All.Mankind.S03E02.1080p.WEBRip.x265-RARBG.mp4,3,2,7772588,
1536,540,1080,1,171,58,324,171,17289,0.03,7.839392050344031,60120,/home/amos/media/tv/For.All.Mankind.S01-S03.1080p.WEBRip.x265-RARBG/For.All.Mankind.S03.1080p.WEBRip.x265-RARBG/For.All.Mankind.S03E02.1080p.WEBRip.x265-RARBG.mp4,3,2,7772588,
1537,540,1080,2,60,379,635,60,183425,0.315,2.426432059088256,60120,/home/amos/media/tv/For.All.Mankind.S01-S03.1080p.WEBRip.x265-RARBG/For.All.Mankind.S03.1080p.WEBRip.x265-RARBG/For.All.Mankind.S03E02.1080p.WEBRip.x265-RARBG.mp4,3,2,7772588,
1538,540,1080,0,128,104,74,128,1296,0.002,3.715358034649398,60144,/home/amos/media/tv/For.All.Mankind.S01-S03.1080p.WEBRip.x265-RARBG/For.All.Mankind.S03.1080p.WEBRip.x265-RARBG/For.All.Mankind.S03E02.1080p.WEBRip.x265-RARBG.mp4,3,2,7772588,
1539,540,1080,1,167,102,334,167,10855,0.019,5.311775102454703,60144,/home/amos/media/tv/For.All.Mankind.S01-S03.1080p.WEBRip.x265-RARBG/For.All.Mankind.S03.1080p.WEBRip.x265-RARBG/For.All.Mankind.S03E02.1080p.WEBRip.x265-RARBG.mp4,3,2,7772588,
1540,540,1080,2,56,391,652,56,199660,0.342,4.993328065087553,60144,/home/amos/media/tv/For.All.Mankind.S01-S03.1080p.WEBRip.x265-RARBG/For.All.Mankind.S03.1080p.WEBRip.x265-RARBG/For.All.Mankind.S03E02.1080p.WEBRip.x265-RARBG.mp4,3,2,7772588,
1541,540,1080,0,174,141,645,174,15543,0.027,1.6010520906420425,60168,/home/amos/media/tv/For.All.Mankind.S01-S03.1080p.WEBRip.x265-RARBG/For.All.Mankind.S03.1080p.WEBRip.x265-RARBG/For.All.Mankind.S03E02.1080p.WEBRip.x265-RARBG.mp4,3,2,7772588,
1542,540,1080,0,125,98,84,125,1107,0.002,3.452398066991009,60192,/home/amos/media/tv/For.All.Mankind.S01-S03.1080p.WEBRip.x265-RARBG/For.All.Mankind.S03.1080p.WEBRip.x265-RARBG/For.All.Mankind.S03E02.1080p.WEBRip.x265-RARBG.mp4,3,2,7772588,
1543,540,1080,0,133,96,103,133,1110,0.002,2.902322009380441,60216,/home/amos/media/tv/For.All.Mankind.S01-S03.1080p.WEBRip.x265-RARBG/For.All.Mankind.S03.1080p.WEBRip.x265-RARBG/For.All.Mankind.S03E02.1080p.WEBRip.x265-RARBG.mp4,3,2,7772588,
1544,540,1080,1,175,140,271,175,3360,0.006,1.8384000986698084,60216,/home/amos/media/tv/For.All.Mankind.S01-S03.1080p.WEBRip.x265-RARBG/For.All.Mankind.S03.1080p.WEBRip.x265-RARBG/For.All.Mankind.S03E02.1080p.WEBRip.x265-RARBG.mp4,3,2,7772588,
1545,540,1080,2,54,391,660,54,204222,0.35,1.7018171191448346,60216,/home/amos/media/tv/For.All.Mankind.S01-S03.1080p.WEBRip.x265-RARBG/For.All.Mankind.S03.1080p.WEBRip.x265-RARBG/For.All.Mankind.S03E02.1080p.WEBRip.x265-RARBG.mp4,3,2,7772588,
1546,540,1080,0,172,126,282,172,5060,0.009,3.800002061936538,60240,/home/amos/media/tv/For.All.Mankind.S01-S03.1080p.WEBRip.x265-RARBG/For.All.Mankind.S03.1080p.WEBRip.x265-RARBG/For.All.Mankind.S03E02.1080p.WEBRip.x265-RARBG.mp4,3,2,7772588,
1547,540,1080,1,130,90,97,130,1320,0.002,4.581294004747178,60240,/home/amos/media/tv/For.All.Mankind.S01-S03.1080p.WEBRip.x265-RARBG/For.All.Mankind.S03.1080p.WEBRip.x265-RARBG/For.All.Mankind.S03E02.1080p.WEBRip.x265-RARBG.mp4,3,2,7772588,
1548,540,1080,0,219,116,627,219,42024,0.072,9.069291889900342,60264,/home/amos/media/tv/For.All.Mankind.S01-S03.1080p.WEBRip.x265-RARBG/For.All.Mankind.S03.1080p.WEBRip.x265-RARBG/For.All.Mankind.S03E02.1080p.WEBRip.x265-RARBG.mp4,3,2,7772588,
1549,540,1080,0,202,122,633,202,34480,0.059,6.94375290669268,60288,/home/amos/media/tv/For.All.Mankind.S01-S03.1080p.WEBRip.x265-RARBG/For.All.Mankind.S03.1080p.WEBRip.x265-RARBG/For.All.Mankind.S03E02.1080p.WEBRip.x265-RARBG.mp4,3,2,7772588,
1550,540,1080,0,215,133,638,215,34686,0.059,7.06872506759828,60312,/home/amos/media/tv/For.All.Mankind.S01-S03.1080p.WEBRip.x265-RARBG/For.All.Mankind.S03.1080p.WEBRip.x265-RARBG/For.All.Mankind.S03E02.1080p.WEBRip.x265-RARBG.mp4,3,2,7772588,
1551,540,1080,0,196,141,635,196,24145,0.041,7.813122105260845,60384,/home/amos/media/tv/For.All.Mankind.S01-S03.1080p.WEBRip.x265-RARBG/For.All.Mankind.S03.1080p.WEBRip.x265-RARBG/For.All.Mankind.S03E02.1080p.WEBRip.x265-RARBG.mp4,3,2,7772588,
1552,540,1080,0,191,138,637,191,23638,0.041,5.517733023909386,60408,/home/amos/media/tv/For.All.Mankind.S01-S03.1080p.WEBRip.x265-RARBG/For.All.Mankind.S03.1080p.WEBRip.x265-RARBG/For.All.Mankind.S03E02.1080p.WEBRip.x265-RARBG.mp4,3,2,7772588,
1553,540,1080,0,208,122,633,208,36550,0.063,3.2606150790816173,60432,/home/amos/media/tv/For.All.Mankind.S01-S03.1080p.WEBRip.x265-RARBG/For.All.Mankind.S03.1080p.WEBRip.x265-RARBG/For.All.Mankind.S03E02.1080p.WEBRip.x265-RARBG.mp4,3,2,7772588,
1554,540,1080,0,138,113,124,138,350,0.001,2.3776380090857856,60456,/home/amos/media/tv/For.All.Mankind.S01-S03.1080p.WEBRip.x265-RARBG/For.All.Mankind.S03.1080p.WEBRip.x265-RARBG/For.All.Mankind.S03E02.1080p.WEBRip.x265-RARBG.mp4,3,2,7772588,
1555,540,1080,1,172,109,352,172,11340,0.019,7.517436032299884,60456,/home/amos/media/tv/For.All.Mankind.S01-S03.1080p.WEBRip.x265-RARBG/For.All.Mankind.S03.1080p.WEBRip.x265-RARBG/For.All.Mankind.S03E02.1080p.WEBRip.x265-RARBG.mp4,3,2,7772588,
1556,540,1080,0,136,108,128,136,224,0.0,4.840818998112809,60480,/home/amos/media/tv/For.All.Mankind.S01-S03.1080p.WEBRip.x265-RARBG/For.All.Mankind.S03.1080p.WEBRip.x265-RARBG/For.All.Mankind.S03E02.1080p.WEBRip.x265-RARBG.mp4,3,2,7772588,
1557,540,1080,1,169,124,374,169,9225,0.016,6.515623130486347,60480,/home/amos/media/tv/For.All.Mankind.S01-S03.1080p.WEBRip.x265-RARBG/For.All.Mankind.S03.1080p.WEBRip.x265-RARBG/For.All.Mankind.S03E02.1080p.WEBRip.x265-RARBG.mp4,3,2,7772588,
1558,540,1080,0,135,108,122,135,351,0.001,3.237624039058573,60504,/home/amos/media/tv/For.All.Mankind.S01-S03.1080p.WEBRip.x265-RARBG/For.All.Mankind.S03.1080p.WEBRip.x265-RARBG/For.All.Mankind.S03E02.1080p.WEBRip.x265-RARBG.mp4,3,2,7772588,
1559,540,1080,0,135,120,132,135,45,0.0,2.5431451195618138,60528,/home/amos/media/tv/For.All.Mankind.S01-S03.1080p.WEBRip.x265-RARBG/For.All.Mankind.S03.1080p.WEBRip.x265-RARBG/For.All.Mankind.S03E02.1080p.WEBRip.x265-RARBG.mp4,3,2,7772588,
1560,540,1080,0,135,108,134,135,27,0.0,4.809752055152785,60552,/home/amos/media/tv/For.All.Mankind.S01-S03.1080p.WEBRip.x265-RARBG/For.All.Mankind.S03.1080p.WEBRip.x265-RARBG/For.All.Mankind.S03E02.1080p.WEBRip.x265-RARBG.mp4,3,2,7772588,
1561,540,1080,1,176,102,357,176,13394,0.023,7.289443103712983,60552,/home/amos/media/tv/For.All.Mankind.S01-S03.1080p.WEBRip.x265-RARBG/For.All.Mankind.S03.1080p.WEBRip.x265-RARBG/For.All.Mankind.S03E02.1080p.WEBRip.x265-RARBG.mp4,3,2,7772588,
1562,540,1080,0,171,114,396,171,12825,0.022,5.322707070154138,60576,/home/amos/media/tv/For.All.Mankind.S01-S03.1080p.WEBRip.x265-RARBG/For.All.Mankind.S03.1080p.WEBRip.x265-RARBG/For.All.Mankind.S03E02.1080p.WEBRip.x265-RARBG.mp4,3,2,7772588,
1563,540,1080,1,137,108,127,137,290,0.0,4.355626044911332,60576,/home/amos/media/tv/For.All.Mankind.S01-S03.1080p.WEBRip.x265-RARBG/For.All.Mankind.S03.1080p.WEBRip.x265-RARBG/For.All.Mankind.S03E02.1080p.WEBRip.x265-RARBG.mp4,3,2,7772588,
1564,540,1080,0,110,116,496,110,2316,0.004,2.343496058078017,60600,/home/amos/media/tv/For.All.Mankind.S01-S03.1080p.WEBRip.x265-RARBG/For.All.Mankind.S03.1080p.WEBRip.x265-RARBG/For.All.Mankind.S03E02.1080p.WEBRip.x265-RARBG.mp4,3,2,7772588,
1565,540,1080,1,197,115,641,197,36408,0.062,4.005213153723162,60600,/home/amos/media/tv/For.All.Mankind.S01-S03.1080p.WEBRip.x265-RARBG/For.All.Mankind.S03.1080p.WEBRip.x265-RARBG/For.All.Mankind.S03E02.1080p.WEBRip.x265-RARBG.mp4,3,2,7772588,
1566,540,1080,0,197,125,652,197,32760,0.056,3.984540101257153,60648,/home/amos/media/tv/For.All.Mankind.S01-S03.1080p.WEBRip.x265-RARBG/For.All.Mankind.S03.1080p.WEBRip.x265-RARBG/For.All.Mankind.S03E02.1080p.WEBRip.x265-RARBG.mp4,3,2,7772588,
1567,540,1080,0,161,152,355,161,1746,0.003,6.457010130514391,60672,/home/amos/media/tv/For.All.Mankind.S01-S03.1080p.WEBRip.x265-RARBG/For.All.Mankind.S03.1080p.WEBRip.x265-RARBG/For.All.Mankind.S03E02.1080p.WEBRip.x265-RARBG.mp4,3,2,7772588,
1568,540,1080,1,142,119,145,142,69,0.0,3.446034026739653,60672,/home/amos/media/tv/For.All.Mankind.S01-S03.1080p.WEBRip.x265-RARBG/For.All.Mankind.S03.1080p.WEBRip.x265-RARBG/For.All.Mankind.S03E02.1080p.WEBRip.x265-RARBG.mp4,3,2,7772588,
1569,540,1080,0,137,117,146,137,180,0.0,3.182926076638978,60696,/home/amos/media/tv/For.All.Mankind.S01-S03.1080p.WEBRip.x265-RARBG/For.All.Mankind.S03.1080p.WEBRip.x265-RARBG/For.All.Mankind.S03E02.1080p.WEBRip.x265-RARBG.mp4,3,2,7772588,
1570,540,1080,0,135,118,145,135,170,0.0,4.653043043275829,60720,/home/amos/media/tv/For.All.Mankind.S01-S03.1080p.WEBRip.x265-RARBG/For.All.Mankind.S03.1080p.WEBRip.x265-RARBG/For.All.Mankind.S03E02.1080p.WEBRip.x265-RARBG.mp4,3,2,7772588,
1571,540,1080,1,160,183,364,160,4692,0.008,2.887232085398864,60720,/home/amos/media/tv/For.All.Mankind.S01-S03.1080p.WEBRip.x265-RARBG/For.All.Mankind.S03.1080p.WEBRip.x265-RARBG/For.All.Mankind.S03E02.1080p.WEBRip.x265-RARBG.mp4,3,2,7772588,
1572,540,1080,0,135,118,142,135,119,0.0,5.651570098882075,60744,/home/amos/media/tv/For.All.Mankind.S01-S03.1080p.WEBRip.x265-RARBG/For.All.Mankind.S03.1080p.WEBRip.x265-RARBG/For.All.Mankind.S03E02.1080p.WEBRip.x265-RARBG.mp4,3,2,7772588,
1573,540,1080,0,136,116,139,136,60,0.0,6.503907097619958,60768,/home/amos/media/tv/For.All.Mankind.S01-S03.1080p.WEBRip.x265-RARBG/For.All.Mankind.S03.1080p.WEBRip.x265-RARBG/For.All.Mankind.S03E02.1080p.WEBRip.x265-RARBG.mp4,3,2,7772588,
1574,540,1080,1,170,164,381,170,1266,0.002,4.577116089058109,60768,/home/amos/media/tv/For.All.Mankind.S01-S03.1080p.WEBRip.x265-RARBG/For.All.Mankind.S03.1080p.WEBRip.x265-RARBG/For.All.Mankind.S03E02.1080p.WEBRip.x265-RARBG.mp4,3,2,7772588,
1575,540,1080,0,186,118,656,186,31960,0.055,3.9887342472793534,60792,/home/amos/media/tv/For.All.Mankind.S01-S03.1080p.WEBRip.x265-RARBG/For.All.Mankind.S03.1080p.WEBRip.x265-RARBG/For.All.Mankind.S03E02.1080p.WEBRip.x265-RARBG.mp4,3,2,7772588,
1576,540,1080,0,190,99,653,190,42133,0.072,3.679354094318114,60816,/home/amos/media/tv/For.All.Mankind.S01-S03.1080p.WEBRip.x265-RARBG/For.All.Mankind.S03.1080p.WEBRip.x265-RARBG/For.All.Mankind.S03E02.1080p.WEBRip.x265-RARBG.mp4,3,2,7772588,
1577,540,1080,0,188,104,650,188,38808,0.067,2.700747002265416,60840,/home/amos/media/tv/For.All.Mankind.S01-S03.1080p.WEBRip.x265-RARBG/For.All.Mankind.S03.1080p.WEBRip.x265-RARBG/For.All.Mankind.S03E02.1080p.WEBRip.x265-RARBG.mp4,3,2,7772588,
1578,540,1080,0,225,108,654,225,50193,0.086,6.626446147856768,60864,/home/amos/media/tv/For.All.Mankind.S01-S03.1080p.WEBRip.x265-RARBG/For.All.Mankind.S03.1080p.WEBRip.x265-RARBG/For.All.Mankind.S03E02.1080p.WEBRip.x265-RARBG.mp4,3,2,7772588,
1579,540,1080,0,233,110,656,233,52029,0.089,5.317287140933331,60888,/home/amos/media/tv/For.All.Mankind.S01-S03.1080p.WEBRip.x265-RARBG/For.All.Mankind.S03.1080p.WEBRip.x265-RARBG/For.All.Mankind.S03E02.1080p.WEBRip.x265-RARBG.mp4,3,2,7772588,
1580,540,1080,0,235,109,650,235,52290,0.09,4.482111110759433,60912,/home/amos/media/tv/For.All.Mankind.S01-S03.1080p.WEBRip.x265-RARBG/For.All.Mankind.S03.1080p.WEBRip.x265-RARBG/For.All.Mankind.S03E02.1080p.WEBRip.x265-RARBG.mp4,3,2,7772588,
1581,540,1080,0,213,128,648,213,36975,0.063,4.422691057261545,60936,/home/amos/media/tv/For.All.Mankind.S01-S03.1080p.WEBRip.x265-RARBG/For.All.Mankind.S03.1080p.WEBRip.x265-RARBG/For.All.Mankind.S03E02.1080p.WEBRip.x265-RARBG.mp4,3,2,7772588,
1582,540,1080,0,211,146,639,211,27820,0.048,6.198367105273064,60960,/home/amos/media/tv/For.All.Mankind.S01-S03.1080p.WEBRip.x265-RARBG/For.All.Mankind.S03.1080p.WEBRip.x265-RARBG/For.All.Mankind.S03E02.1080p.WEBRip.x265-RARBG.mp4,3,2,7772588,
1583,540,1080,0,77,272,692,77,119925,0.206,8.584699067927431,61032,/home/amos/media/tv/For.All.Mankind.S01-S03.1080p.WEBRip.x265-RARBG/For.All.Mankind.S03.1080p.WEBRip.x265-RARBG/For.All.Mankind.S03E02.1080p.WEBRip.x265-RARBG.mp4,3,2,7772588,
1584,540,1080,0,131,94,133,131,74,0.0,2.9397329962230287,61056,/home/amos/media/tv/For.All.Mankind.S01-S03.1080p.WEBRip.x265-RARBG/For.All.Mankind.S03.1080p.WEBRip.x265-RARBG/For.All.Mankind.S03E02.1080p.WEBRip.x265-RARBG.mp4,3,2,7772588,
1585,540,1080,0,230,114,637,230,47212,0.081,6.439940093259793,61128,/home/amos/media/tv/For.All.Mankind.S01-S03.1080p.WEBRip.x265-RARBG/For.All.Mankind.S03.1080p.WEBRip.x265-RARBG/For.All.Mankind.S03E02.1080p.WEBRip.x265-RARBG.mp4,3,2,7772588,
1586,540,1080,0,229,114,641,229,47380,0.081,5.528262914682273,61152,/home/amos/media/tv/For.All.Mankind.S01-S03.1080p.WEBRip.x265-RARBG/For.All.Mankind.S03.1080p.WEBRip.x265-RARBG/For.All.Mankind.S03E02.1080p.WEBRip.x265-RARBG.mp4,3,2,7772588,
1587,540,1080,1,77,265,692,77,115620,0.198,6.0330580018344335,61152,/home/amos/media/tv/For.All.Mankind.S01-S03.1080p.WEBRip.x265-RARBG/For.All.Mankind.S03.1080p.WEBRip.x265-RARBG/For.All.Mankind.S03E02.1080p.WEBRip.x265-RARBG.mp4,3,2,7772588,
1588,540,1080,0,207,117,644,207,39330,0.067,1.9978721517836675,61176,/home/amos/media/tv/For.All.Mankind.S01-S03.1080p.WEBRip.x265-RARBG/For.All.Mankind.S03.1080p.WEBRip.x265-RARBG/For.All.Mankind.S03E02.1080p.WEBRip.x265-RARBG.mp4,3,2,7772588,
1589,540,1080,0,131,94,143,131,444,0.001,4.06534618436126,61200,/home/amos/media/tv/For.All.Mankind.S01-S03.1080p.WEBRip.x265-RARBG/For.All.Mankind.S03.1080p.WEBRip.x265-RARBG/For.All.Mankind.S03E02.1080p.WEBRip.x265-RARBG.mp4,3,2,7772588,
1590,540,1080,0,131,88,145,131,602,0.001,4.7428690971573815,61224,/home/amos/media/tv/For.All.Mankind.S01-S03.1080p.WEBRip.x265-RARBG/For.All.Mankind.S03.1080p.WEBRip.x265-RARBG/For.All.Mankind.S03E02.1080p.WEBRip.x265-RARBG.mp4,3,2,7772588,
1591,540,1080,0,132,84,142,132,480,0.001,3.633527043450158,61248,/home/amos/media/tv/For.All.Mankind.S01-S03.1080p.WEBRip.x265-RARBG/For.All.Mankind.S03.1080p.WEBRip.x265-RARBG/For.All.Mankind.S03E02.1080p.WEBRip.x265-RARBG.mp4,3,2,7772588,
1592,540,1080,0,132,83,141,132,441,0.001,4.84755008702632,61272,/home/amos/media/tv/For.All.Mankind.S01-S03.1080p.WEBRip.x265-RARBG/For.All.Mankind.S03.1080p.WEBRip.x265-RARBG/For.All.Mankind.S03E02.1080p.WEBRip.x265-RARBG.mp4,3,2,7772588,
1593,540,1080,0,138,83,139,138,55,0.0,4.356262073968537,61296,/home/amos/media/tv/For.All.Mankind.S01-S03.1080p.WEBRip.x265-RARBG/For.All.Mankind.S03.1080p.WEBRip.x265-RARBG/For.All.Mankind.S03E02.1080p.WEBRip.x265-RARBG.mp4,3,2,7772588,
1594,540,1080,0,219,120,638,219,41481,0.071,2.660699050349649,61320,/home/amos/media/tv/For.All.Mankind.S01-S03.1080p.WEBRip.x265-RARBG/For.All.Mankind.S03.1080p.WEBRip.x265-RARBG/For.All.Mankind.S03E02.1080p.WEBRip.x265-RARBG.mp4,3,2,7772588,
1595,540,1080,0,214,120,634,214,39480,0.068,2.3775121368234977,61344,/home/amos/media/tv/For.All.Mankind.S01-S03.1080p.WEBRip.x265-RARBG/For.All.Mankind.S03.1080p.WEBRip.x265-RARBG/For.All.Mankind.S03E02.1080p.WEBRip.x265-RARBG.mp4,3,2,7772588,
1596,540,1080,0,34,180,558,34,76504,0.131,5.353732083167415,61488,/home/amos/media/tv/For.All.Mankind.S01-S03.1080p.WEBRip.x265-RARBG/For.All.Mankind.S03.1080p.WEBRip.x265-RARBG/For.All.Mankind.S03E02.1080p.WEBRip.x265-RARBG.mp4,3,2,7772588,
1597,540,1080,0,35,190,215,35,27900,0.048,4.0830431579379365,61656,/home/amos/media/tv/For.All.Mankind.S01-S03.1080p.WEBRip.x265-RARBG/For.All.Mankind.S03.1080p.WEBRip.x265-RARBG/For.All.Mankind.S03E02.1080p.WEBRip.x265-RARBG.mp4,3,2,7772588,
1598,540,1080,0,38,183,209,38,24795,0.043,6.248908042383846,61680,/home/amos/media/tv/For.All.Mankind.S01-S03.1080p.WEBRip.x265-RARBG/For.All.Mankind.S03.1080p.WEBRip.x265-RARBG/For.All.Mankind.S03E02.1080p.WEBRip.x265-RARBG.mp4,3,2,7772588,
1599,540,1080,0,34,188,223,34,29106,0.05,4.862363053194713,61776,/home/amos/media/tv/For.All.Mankind.S01-S03.1080p.WEBRip.x265-RARBG/For.All.Mankind.S03.1080p.WEBRip.x265-RARBG/For.All.Mankind.S03E02.1080p.WEBRip.x265-RARBG.mp4,3,2,7772588,
1600,540,1080,0,34,188,221,34,28798,0.049,4.72560711496044,61800,/home/amos/media/tv/For.All.Mankind.S01-S03.1080p.WEBRip.x265-RARBG/For.All.Mankind.S03.1080p.WEBRip.x265-RARBG/For.All.Mankind.S03E02.1080p.WEBRip.x265-RARBG.mp4,3,2,7772588,
1601,540,1080,0,198,105,823,198,58125,0.1,10.29113999841502,61968,/home/amos/media/tv/For.All.Mankind.S01-S03.1080p.WEBRip.x265-RARBG/For.All.Mankind.S03.1080p.WEBRip.x265-RARBG/For.All.Mankind.S03E02.1080p.WEBRip.x265-RARBG.mp4,3,2,7772588,
1602,540,1080,0,174,100,766,174,43808,0.075,8.773682026134338,61992,/home/amos/media/tv/For.All.Mankind.S01-S03.1080p.WEBRip.x265-RARBG/For.All.Mankind.S03.1080p.WEBRip.x265-RARBG/For.All.Mankind.S03E02.1080p.WEBRip.x265-RARBG.mp4,3,2,7772588,
1603,540,1080,0,64,80,586,64,8352,0.014,0.175837090879213,62016,/home/amos/media/tv/For.All.Mankind.S01-S03.1080p.WEBRip.x265-RARBG/For.All.Mankind.S03.1080p.WEBRip.x265-RARBG/For.All.Mankind.S03E02.1080p.WEBRip.x265-RARBG.mp4,3,2,7772588,
1604,540,1080,1,163,97,723,163,36960,0.063,8.62198102317052,62016,/home/amos/media/tv/For.All.Mankind.S01-S03.1080p.WEBRip.x265-RARBG/For.All.Mankind.S03.1080p.WEBRip.x265-RARBG/For.All.Mankind.S03E02.1080p.WEBRip.x265-RARBG.mp4,3,2,7772588,
1605,540,1080,0,160,86,727,160,41958,0.072,7.657882029132452,62040,/home/amos/media/tv/For.All.Mankind.S01-S03.1080p.WEBRip.x265-RARBG/For.All.Mankind.S03.1080p.WEBRip.x265-RARBG/For.All.Mankind.S03E02.1080p.WEBRip.x265-RARBG.mp4,3,2,7772588,
1606,540,1080,0,138,92,732,138,27324,0.047,6.973176012339536,62064,/home/amos/media/tv/For.All.Mankind.S01-S03.1080p.WEBRip.x265-RARBG/For.All.Mankind.S03.1080p.WEBRip.x265-RARBG/For.All.Mankind.S03E02.1080p.WEBRip.x265-RARBG.mp4,3,2,7772588,
1607,540,1080,0,169,232,267,169,6174,0.011,2.9739139316952787,62208,/home/amos/media/tv/For.All.Mankind.S01-S03.1080p.WEBRip.x265-RARBG/For.All.Mankind.S03.1080p.WEBRip.x265-RARBG/For.All.Mankind.S03E02.1080p.WEBRip.x265-RARBG.mp4,3,2,7772588,
1608,540,1080,0,59,261,315,59,51712,0.089,4.87774207041366,62304,/home/amos/media/tv/For.All.Mankind.S01-S03.1080p.WEBRip.x265-RARBG/For.All.Mankind.S03.1080p.WEBRip.x265-RARBG/For.All.Mankind.S03E02.1080p.WEBRip.x265-RARBG.mp4,3,2,7772588,
1609,540,1080,0,77,263,311,77,43524,0.075,4.313011059362907,62328,/home/amos/media/tv/For.All.Mankind.S01-S03.1080p.WEBRip.x265-RARBG/For.All.Mankind.S03.1080p.WEBRip.x265-RARBG/For.All.Mankind.S03E02.1080p.WEBRip.x265-RARBG.mp4,3,2,7772588,
1610,540,1080,0,95,210,646,95,63365,0.109,4.430291997385211,62352,/home/amos/media/tv/For.All.Mankind.S01-S03.1080p.WEBRip.x265-RARBG/For.All.Mankind.S03.1080p.WEBRip.x265-RARBG/For.All.Mankind.S03E02.1080p.WEBRip.x265-RARBG.mp4,3,2,7772588,
1611,540,1080,0,240,116,435,240,24180,0.041,6.325593056564685,62424,/home/amos/media/tv/For.All.Mankind.S01-S03.1080p.WEBRip.x265-RARBG/For.All.Mankind.S03.1080p.WEBRip.x265-RARBG/For.All.Mankind.S03E02.1080p.WEBRip.x265-RARBG.mp4,3,2,7772588,
1612,540,1080,0,237,126,400,237,18093,0.031,6.779837177309673,62448,/home/amos/media/tv/For.All.Mankind.S01-S03.1080p.WEBRip.x265-RARBG/For.All.Mankind.S03.1080p.WEBRip.x265-RARBG/For.All.Mankind.S03E02.1080p.WEBRip.x265-RARBG.mp4,3,2,7772588,
1613,540,1080,0,236,128,392,236,16848,0.029,4.462908121407963,62472,/home/amos/media/tv/For.All.Mankind.S01-S03.1080p.WEBRip.x265-RARBG/For.All.Mankind.S03.1080p.WEBRip.x265-RARBG/For.All.Mankind.S03E02.1080p.WEBRip.x265-RARBG.mp4,3,2,7772588,
1614,540,1080,0,60,185,673,60,76625,0.131,3.334762102167588,62712,/home/amos/media/tv/For.All.Mankind.S01-S03.1080p.WEBRip.x265-RARBG/For.All.Mankind.S03.1080p.WEBRip.x265-RARBG/For.All.Mankind.S03E02.1080p.WEBRip.x265-RARBG.mp4,3,2,7772588,
1615,540,1080,0,71,178,659,71,62916,0.108,5.335095222282689,62736,/home/amos/media/tv/For.All.Mankind.S01-S03.1080p.WEBRip.x265-RARBG/For.All.Mankind.S03.1080p.WEBRip.x265-RARBG/For.All.Mankind.S03E02.1080p.WEBRip.x265-RARBG.mp4,3,2,7772588,
1616,540,1080,0,74,177,689,74,63345,0.109,6.529061094508506,62760,/home/amos/media/tv/For.All.Mankind.S01-S03.1080p.WEBRip.x265-RARBG/For.All.Mankind.S03.1080p.WEBRip.x265-RARBG/For.All.Mankind.S03E02.1080p.WEBRip.x265-RARBG.mp4,3,2,7772588,
1617,540,1080,0,93,169,675,93,44232,0.076,5.253284168604296,62784,/home/amos/media/tv/For.All.Mankind.S01-S03.1080p.WEBRip.x265-RARBG/For.All.Mankind.S03.1080p.WEBRip.x265-RARBG/For.All.Mankind.S03E02.1080p.WEBRip.x265-RARBG.mp4,3,2,7772588,
1618,540,1080,0,246,117,310,246,8256,0.014,5.617426126671489,62904,/home/amos/media/tv/For.All.Mankind.S01-S03.1080p.WEBRip.x265-RARBG/For.All.Mankind.S03.1080p.WEBRip.x265-RARBG/For.All.Mankind.S03E02.1080p.WEBRip.x265-RARBG.mp4,3,2,7772588,
1619,540,1080,0,249,123,307,249,7308,0.013,5.694278070644941,62928,/home/amos/media/tv/For.All.Mankind.S01-S03.1080p.WEBRip.x265-RARBG/For.All.Mankind.S03.1080p.WEBRip.x265-RARBG/For.All.Mankind.S03E02.1080p.WEBRip.x265-RARBG.mp4,3,2,7772588,
1620,540,1080,0,247,128,316,247,8211,0.014,4.920692212588619,62952,/home/amos/media/tv/For.All.Mankind.S01-S03.1080p.WEBRip.x265-RARBG/For.All.Mankind.S03.1080p.WEBRip.x265-RARBG/For.All.Mankind.S03E02.1080p.WEBRip.x265-RARBG.mp4,3,2,7772588,
1621,540,1080,0,118,192,604,118,35964,0.062,7.226858087000437,62976,/home/amos/media/tv/For.All.Mankind.S01-S03.1080p.WEBRip.x265-RARBG/For.All.Mankind.S03.1080p.WEBRip.x265-RARBG/For.All.Mankind.S03E02.1080p.WEBRip.x265-RARBG.mp4,3,2,7772588,
1622,540,1080,0,134,175,630,134,20336,0.035,4.6233801214257255,63024,/home/amos/media/tv/For.All.Mankind.S01-S03.1080p.WEBRip.x265-RARBG/For.All.Mankind.S03.1080p.WEBRip.x265-RARBG/For.All.Mankind.S03E02.1080p.WEBRip.x265-RARBG.mp4,3,2,7772588,
1623,540,1080,0,128,186,621,128,28594,0.049,3.821287133381702,63048,/home/amos/media/tv/For.All.Mankind.S01-S03.1080p.WEBRip.x265-RARBG/For.All.Mankind.S03.1080p.WEBRip.x265-RARBG/For.All.Mankind.S03E02.1080p.WEBRip.x265-RARBG.mp4,3,2,7772588,
1624,540,1080,0,123,188,613,123,31850,0.055,5.04140099597862,63072,/home/amos/media/tv/For.All.Mankind.S01-S03.1080p.WEBRip.x265-RARBG/For.All.Mankind.S03.1080p.WEBRip.x265-RARBG/For.All.Mankind.S03E02.1080p.WEBRip.x265-RARBG.mp4,3,2,7772588,
1625,540,1080,0,125,187,607,125,29884,0.051,6.171453131479211,63096,/home/amos/media/tv/For.All.Mankind.S01-S03.1080p.WEBRip.x265-RARBG/For.All.Mankind.S03.1080p.WEBRip.x265-RARBG/For.All.Mankind.S03E02.1080p.WEBRip.x265-RARBG.mp4,3,2,7772588,
1626,540,1080,0,128,189,608,128,29280,0.05,7.595334038720466,63120,/home/amos/media/tv/For.All.Mankind.S01-S03.1080p.WEBRip.x265-RARBG/For.All.Mankind.S03.1080p.WEBRip.x265-RARBG/For.All.Mankind.S03E02.1080p.WEBRip.x265-RARBG.mp4,3,2,7772588,
1627,540,1080,0,87,193,576,87,51834,0.089,10.81119293248048,63216,/home/amos/media/tv/For.All.Mankind.S01-S03.1080p.WEBRip.x265-RARBG/For.All.Mankind.S03.1080p.WEBRip.x265-RARBG/For.All.Mankind.S03E02.1080p.WEBRip.x265-RARBG.mp4,3,2,7772588,
1628,540,1080,0,246,173,372,246,9198,0.016,5.464037043217104,63240,/home/amos/media/tv/For.All.Mankind.S01-S03.1080p.WEBRip.x265-RARBG/For.All.Mankind.S03.1080p.WEBRip.x265-RARBG/For.All.Mankind.S03E02.1080p.WEBRip.x265-RARBG.mp4,3,2,7772588,
1629,540,1080,0,72,238,688,72,102256,0.175,2.2608731502550654,63360,/home/amos/media/tv/For.All.Mankind.S01-S03.1080p.WEBRip.x265-RARBG/For.All.Mankind.S03.1080p.WEBRip.x265-RARBG/For.All.Mankind.S03E02.1080p.WEBRip.x265-RARBG.mp4,3,2,7772588,
1630,540,1080,0,70,237,689,70,103373,0.177,6.255116030049976,63384,/home/amos/media/tv/For.All.Mankind.S01-S03.1080p.WEBRip.x265-RARBG/For.All.Mankind.S03.1080p.WEBRip.x265-RARBG/For.All.Mankind.S03E02.1080p.WEBRip.x265-RARBG.mp4,3,2,7772588,
1631,540,1080,0,65,240,685,65,108500,0.186,11.265468997822609,63408,/home/amos/media/tv/For.All.Mankind.S01-S03.1080p.WEBRip.x265-RARBG/For.All.Mankind.S03.1080p.WEBRip.x265-RARBG/For.All.Mankind.S03E02.1080p.WEBRip.x265-RARBG.mp4,3,2,7772588,
1632,540,1080,0,55,124,650,55,41055,0.07,7.340298022085335,63576,/home/amos/media/tv/For.All.Mankind.S01-S03.1080p.WEBRip.x265-RARBG/For.All.Mankind.S03.1080p.WEBRip.x265-RARBG/For.All.Mankind.S03E02.1080p.WEBRip.x265-RARBG.mp4,3,2,7772588,
1633,540,1080,0,144,70,650,144,37444,0.064,8.63026704377262,63624,/home/amos/media/tv/For.All.Mankind.S01-S03.1080p.WEBRip.x265-RARBG/For.All.Mankind.S03.1080p.WEBRip.x265-RARBG/For.All.Mankind.S03E02.1080p.WEBRip.x265-RARBG.mp4,3,2,7772588,
1634,540,1080,0,93,240,662,93,83643,0.143,4.175969199452084,63744,/home/amos/media/tv/For.All.Mankind.S01-S03.1080p.WEBRip.x265-RARBG/For.All.Mankind.S03.1080p.WEBRip.x265-RARBG/For.All.Mankind.S03E02.1080p.WEBRip.x265-RARBG.mp4,3,2,7772588,
1635,540,1080,0,101,200,647,101,54054,0.093,6.193171086197253,63768,/home/amos/media/tv/For.All.Mankind.S01-S03.1080p.WEBRip.x265-RARBG/For.All.Mankind.S03.1080p.WEBRip.x265-RARBG/For.All.Mankind.S03E02.1080p.WEBRip.x265-RARBG.mp4,3,2,7772588,
1636,540,1080,0,228,120,298,228,7560,0.013,9.636897015559953,63792,/home/amos/media/tv/For.All.Mankind.S01-S03.1080p.WEBRip.x265-RARBG/For.All.Mankind.S03.1080p.WEBRip.x265-RARBG/For.All.Mankind.S03E02.1080p.WEBRip.x265-RARBG.mp4,3,2,7772588,
1637,540,1080,0,221,96,286,221,8125,0.014,9.548857092566324,63816,/home/amos/media/tv/For.All.Mankind.S01-S03.1080p.WEBRip.x265-RARBG/For.All.Mankind.S03.1080p.WEBRip.x265-RARBG/For.All.Mankind.S03E02.1080p.WEBRip.x265-RARBG.mp4,3,2,7772588,
1638,540,1080,0,215,118,293,215,7566,0.013,8.704157021653373,63840,/home/amos/media/tv/For.All.Mankind.S01-S03.1080p.WEBRip.x265-RARBG/For.All.Mankind.S03.1080p.WEBRip.x265-RARBG/For.All.Mankind.S03E02.1080p.WEBRip.x265-RARBG.mp4,3,2,7772588,
1639,540,1080,0,65,136,625,65,39760,0.068,3.4880298479110934,64104,/home/amos/media/tv/For.All.Mankind.S01-S03.1080p.WEBRip.x265-RARBG/For.All.Mankind.S03.1080p.WEBRip.x265-RARBG/For.All.Mankind.S03E02.1080p.WEBRip.x265-RARBG.mp4,3,2,7772588,
1640,540,1080,0,62,136,630,62,42032,0.072,3.614766896527726,64128,/home/amos/media/tv/For.All.Mankind.S01-S03.1080p.WEBRip.x265-RARBG/For.All.Mankind.S03.1080p.WEBRip.x265-RARBG/For.All.Mankind.S03E02.1080p.WEBRip.x265-RARBG.mp4,3,2,7772588,
1641,540,1080,0,141,67,453,141,23088,0.04,5.516674145299476,64248,/home/amos/media/tv/For.All.Mankind.S01-S03.1080p.WEBRip.x265-RARBG/For.All.Mankind.S03.1080p.WEBRip.x265-RARBG/For.All.Mankind.S03E02.1080p.WEBRip.x265-RARBG.mp4,3,2,7772588,
1642,540,1080,0,143,65,454,143,24258,0.042,5.646792126062792,64272,/home/amos/media/tv/For.All.Mankind.S01-S03.1080p.WEBRip.x265-RARBG/For.All.Mankind.S03.1080p.WEBRip.x265-RARBG/For.All.Mankind.S03E02.1080p.WEBRip.x265-RARBG.mp4,3,2,7772588,
1643,540,1080,0,145,61,452,145,25788,0.044,3.1092090594465844,64296,/home/amos/media/tv/For.All.Mankind.S01-S03.1080p.WEBRip.x265-RARBG/For.All.Mankind.S03.1080p.WEBRip.x265-RARBG/For.All.Mankind.S03E02.1080p.WEBRip.x265-RARBG.mp4,3,2,7772588,
1644,540,1080,0,152,63,448,152,26344,0.045,4.331572008610237,64320,/home/amos/media/tv/For.All.Mankind.S01-S03.1080p.WEBRip.x265-RARBG/For.All.Mankind.S03.1080p.WEBRip.x265-RARBG/For.All.Mankind.S03E02.1080p.WEBRip.x265-RARBG.mp4,3,2,7772588,
1645,540,1080,0,155,55,446,155,29100,0.05,7.161158039059956,64344,/home/amos/media/tv/For.All.Mankind.S01-S03.1080p.WEBRip.x265-RARBG/For.All.Mankind.S03.1080p.WEBRip.x265-RARBG/For.All.Mankind.S03E02.1080p.WEBRip.x265-RARBG.mp4,3,2,7772588,
1646,540,1080,0,149,69,440,149,23280,0.04,4.321419169369619,64392,/home/amos/media/tv/For.All.Mankind.S01-S03.1080p.WEBRip.x265-RARBG/For.All.Mankind.S03.1080p.WEBRip.x265-RARBG/For.All.Mankind.S03E02.1080p.WEBRip.x265-RARBG.mp4,3,2,7772588,
1647,540,1080,1,121,296,769,121,113400,0.194,1.0695090841618369,64392,/home/amos/media/tv/For.All.Mankind.S01-S03.1080p.WEBRip.x265-RARBG/For.All.Mankind.S03.1080p.WEBRip.x265-RARBG/For.All.Mankind.S03E02.1080p.WEBRip.x265-RARBG.mp4,3,2,7772588,
1648,540,1080,0,84,223,646,84,78118,0.134,7.922514004574623,64416,/home/amos/media/tv/For.All.Mankind.S01-S03.1080p.WEBRip.x265-RARBG/For.All.Mankind.S03.1080p.WEBRip.x265-RARBG/For.All.Mankind.S03E02.1080p.WEBRip.x265-RARBG.mp4,3,2,7772588,
1649,540,1080,0,86,221,640,86,74790,0.128,9.008618169580586,64440,/home/amos/media/tv/For.All.Mankind.S01-S03.1080p.WEBRip.x265-RARBG/For.All.Mankind.S03.1080p.WEBRip.x265-RARBG/For.All.Mankind.S03E02.1080p.WEBRip.x265-RARBG.mp4,3,2,7772588,
1650,540,1080,0,85,223,644,85,77142,0.132,8.007073011132888,64464,/home/amos/media/tv/For.All.Mankind.S01-S03.1080p.WEBRip.x265-RARBG/For.All.Mankind.S03.1080p.WEBRip.x265-RARBG/For.All.Mankind.S03E02.1080p.WEBRip.x265-RARBG.mp4,3,2,7772588,
1651,540,1080,0,85,224,646,85,77979,0.134,6.155294061987661,64488,/home/amos/media/tv/For.All.Mankind.S01-S03.1080p.WEBRip.x265-RARBG/For.All.Mankind.S03.1080p.WEBRip.x265-RARBG/For.All.Mankind.S03E02.1080p.WEBRip.x265-RARBG.mp4,3,2,7772588,
1652,540,1080,0,85,226,646,85,79101,0.136,7.847100069164298,64512,/home/amos/media/tv/For.All.Mankind.S01-S03.1080p.WEBRip.x265-RARBG/For.All.Mankind.S03.1080p.WEBRip.x265-RARBG/For.All.Mankind.S03E02.1080p.WEBRip.x265-RARBG.mp4,3,2,7772588,
1653,540,1080,0,78,217,662,78,81176,0.139,4.547654983995017,64536,/home/amos/media/tv/For.All.Mankind.S01-S03.1080p.WEBRip.x265-RARBG/For.All.Mankind.S03.1080p.WEBRip.x265-RARBG/For.All.Mankind.S03E02.1080p.WEBRip.x265-RARBG.mp4,3,2,7772588,
1654,540,1080,0,83,220,644,83,76857,0.132,8.66967903560726,64560,/home/amos/media/tv/For.All.Mankind.S01-S03.1080p.WEBRip.x265-RARBG/For.All.Mankind.S03.1080p.WEBRip.x265-RARBG/For.All.Mankind.S03E02.1080p.WEBRip.x265-RARBG.mp4,3,2,7772588,
1655,540,1080,0,84,223,645,84,77979,0.134,9.338733013835736,64584,/home/amos/media/tv/For.All.Mankind.S01-S03.1080p.WEBRip.x265-RARBG/For.All.Mankind.S03.1080p.WEBRip.x265-RARBG/For.All.Mankind.S03E02.1080p.WEBRip.x265-RARBG.mp4,3,2,7772588,
1656,540,1080,0,241,126,369,241,14720,0.025,5.686941094638314,64608,/home/amos/media/tv/For.All.Mankind.S01-S03.1080p.WEBRip.x265-RARBG/For.All.Mankind.S03.1080p.WEBRip.x265-RARBG/For.All.Mankind.S03E02.1080p.WEBRip.x265-RARBG.mp4,3,2,7772588,
1657,540,1080,0,242,129,376,242,15142,0.026,8.57109813898569,64632,/home/amos/media/tv/For.All.Mankind.S01-S03.1080p.WEBRip.x265-RARBG/For.All.Mankind.S03.1080p.WEBRip.x265-RARBG/For.All.Mankind.S03E02.1080p.WEBRip.x265-RARBG.mp4,3,2,7772588,
1658,540,1080,0,249,124,373,249,15500,0.027,5.194883062911686,64656,/home/amos/media/tv/For.All.Mankind.S01-S03.1080p.WEBRip.x265-RARBG/For.All.Mankind.S03.1080p.WEBRip.x265-RARBG/For.All.Mankind.S03E02.1080p.WEBRip.x265-RARBG.mp4,3,2,7772588,
1659,540,1080,0,242,136,389,242,15582,0.027,8.388676065660547,64680,/home/amos/media/tv/For.All.Mankind.S01-S03.1080p.WEBRip.x265-RARBG/For.All.Mankind.S03.1080p.WEBRip.x265-RARBG/For.All.Mankind.S03E02.1080p.WEBRip.x265-RARBG.mp4,3,2,7772588,
1660,540,1080,0,249,126,386,249,16851,0.029,5.599677165679168,64704,/home/amos/media/tv/For.All.Mankind.S01-S03.1080p.WEBRip.x265-RARBG/For.All.Mankind.S03.1080p.WEBRip.x265-RARBG/For.All.Mankind.S03E02.1080p.WEBRip.x265-RARBG.mp4,3,2,7772588,
1661,540,1080,0,244,136,395,244,16308,0.028,6.662767134548631,64728,/home/amos/media/tv/For.All.Mankind.S01-S03.1080p.WEBRip.x265-RARBG/For.All.Mankind.S03.1080p.WEBRip.x265-RARBG/For.All.Mankind.S03E02.1080p.WEBRip.x265-RARBG.mp4,3,2,7772588,
1662,540,1080,0,243,133,391,243,16280,0.028,7.471025103644933,64752,/home/amos/media/tv/For.All.Mankind.S01-S03.1080p.WEBRip.x265-RARBG/For.All.Mankind.S03.1080p.WEBRip.x265-RARBG/For.All.Mankind.S03E02.1080p.WEBRip.x265-RARBG.mp4,3,2,7772588,
1663,540,1080,0,247,126,385,247,16698,0.029,7.067863103642594,64776,/home/amos/media/tv/For.All.Mankind.S01-S03.1080p.WEBRip.x265-RARBG/For.All.Mankind.S03.1080p.WEBRip.x265-RARBG/For.All.Mankind.S03E02.1080p.WEBRip.x265-RARBG.mp4,3,2,7772588,
1664,540,1080,0,121,202,642,121,42201,0.072,7.917166087427176,64824,/home/amos/media/tv/For.All.Mankind.S01-S03.1080p.WEBRip.x265-RARBG/For.All.Mankind.S03.1080p.WEBRip.x265-RARBG/For.All.Mankind.S03E02.1080p.WEBRip.x265-RARBG.mp4,3,2,7772588,
1665,540,1080,0,63,232,475,63,69628,0.119,5.097511053492781,64896,/home/amos/media/tv/For.All.Mankind.S01-S03.1080p.WEBRip.x265-RARBG/For.All.Mankind.S03.1080p.WEBRip.x265-RARBG/For.All.Mankind.S03E02.1080p.WEBRip.x265-RARBG.mp4,3,2,7772588,
1666,540,1080,0,68,190,657,68,71858,0.123,5.570377125579398,64920,/home/amos/media/tv/For.All.Mankind.S01-S03.1080p.WEBRip.x265-RARBG/For.All.Mankind.S03.1080p.WEBRip.x265-RARBG/For.All.Mankind.S03E02.1080p.WEBRip.x265-RARBG.mp4,3,2,7772588,
1667,540,1080,0,69,201,665,69,78672,0.135,6.515326109423768,64944,/home/amos/media/tv/For.All.Mankind.S01-S03.1080p.WEBRip.x265-RARBG/For.All.Mankind.S03.1080p.WEBRip.x265-RARBG/For.All.Mankind.S03E02.1080p.WEBRip.x265-RARBG.mp4,3,2,7772588,
1668,540,1080,0,87,198,443,87,39516,0.068,6.260527128295507,64992,/home/amos/media/tv/For.All.Mankind.S01-S03.1080p.WEBRip.x265-RARBG/For.All.Mankind.S03.1080p.WEBRip.x265-RARBG/For.All.Mankind.S03E02.1080p.WEBRip.x265-RARBG.mp4,3,2,7772588,
1669,540,1080,0,91,194,451,91,37080,0.064,6.998915066418704,65016,/home/amos/media/tv/For.All.Mankind.S01-S03.1080p.WEBRip.x265-RARBG/For.All.Mankind.S03.1080p.WEBRip.x265-RARBG/For.All.Mankind.S03E02.1080p.WEBRip.x265-RARBG.mp4,3,2,7772588,
1670,540,1080,0,92,194,462,92,37740,0.065,5.747229001892265,65040,/home/amos/media/tv/For.All.Mankind.S01-S03.1080p.WEBRip.x265-RARBG/For.All.Mankind.S03.1080p.WEBRip.x265-RARBG/For.All.Mankind.S03E02.1080p.WEBRip.x265-RARBG.mp4,3,2,7772588,
1671,540,1080,0,187,263,310,187,9348,0.016,3.4549410642357543,65136,/home/amos/media/tv/For.All.Mankind.S01-S03.1080p.WEBRip.x265-RARBG/For.All.Mankind.S03.1080p.WEBRip.x265-RARBG/For.All.Mankind.S03E02.1080p.WEBRip.x265-RARBG.mp4,3,2,7772588,
1672,540,1080,0,242,156,349,242,9202,0.016,5.881501147872768,65160,/home/amos/media/tv/For.All.Mankind.S01-S03.1080p.WEBRip.x265-RARBG/For.All.Mankind.S03.1080p.WEBRip.x265-RARBG/For.All.Mankind.S03E02.1080p.WEBRip.x265-RARBG.mp4,3,2,7772588,
1673,540,1080,0,229,163,333,229,6864,0.012,6.49643808597466,65184,/home/amos/media/tv/For.All.Mankind.S01-S03.1080p.WEBRip.x265-RARBG/For.All.Mankind.S03.1080p.WEBRip.x265-RARBG/For.All.Mankind.S03E02.1080p.WEBRip.x265-RARBG.mp4,3,2,7772588,
1674,540,1080,0,217,143,316,217,7326,0.013,6.140984176832717,65208,/home/amos/media/tv/For.All.Mankind.S01-S03.1080p.WEBRip.x265-RARBG/For.All.Mankind.S03.1080p.WEBRip.x265-RARBG/For.All.Mankind.S03E02.1080p.WEBRip.x265-RARBG.mp4,3,2,7772588,
1675,540,1080,0,216,148,349,216,9044,0.016,5.164989997574594,65232,/home/amos/media/tv/For.All.Mankind.S01-S03.1080p.WEBRip.x265-RARBG/For.All.Mankind.S03.1080p.WEBRip.x265-RARBG/For.All.Mankind.S03E02.1080p.WEBRip.x265-RARBG.mp4,3,2,7772588,
1676,540,1080,0,215,139,334,215,9044,0.016,6.21106503799092,65256,/home/amos/media/tv/For.All.Mankind.S01-S03.1080p.WEBRip.x265-RARBG/For.All.Mankind.S03.1080p.WEBRip.x265-RARBG/For.All.Mankind.S03E02.1080p.WEBRip.x265-RARBG.mp4,3,2,7772588,
1677,540,1080,0,193,127,237,193,2904,0.005,6.472539063019212,65280,/home/amos/media/tv/For.All.Mankind.S01-S03.1080p.WEBRip.x265-RARBG/For.All.Mankind.S03.1080p.WEBRip.x265-RARBG/For.All.Mankind.S03E02.1080p.WEBRip.x265-RARBG.mp4,3,2,7772588,
1678,540,1080,0,211,134,200,211,847,0.001,6.300612062390428,65304,/home/amos/media/tv/For.All.Mankind.S01-S03.1080p.WEBRip.x265-RARBG/For.All.Mankind.S03.1080p.WEBRip.x265-RARBG/For.All.Mankind.S03E02.1080p.WEBRip.x265-RARBG.mp4,3,2,7772588,
1679,540,1080,0,30,165,540,30,68850,0.118,5.859611034800764,65568,/home/amos/media/tv/For.All.Mankind.S01-S03.1080p.WEBRip.x265-RARBG/For.All.Mankind.S03.1080p.WEBRip.x265-RARBG/For.All.Mankind.S03E02.1080p.WEBRip.x265-RARBG.mp4,3,2,7772588,
1680,540,1080,0,86,88,681,86,1190,0.002,7.5297510683885776,65640,/home/amos/media/tv/For.All.Mankind.S01-S03.1080p.WEBRip.x265-RARBG/For.All.Mankind.S03.1080p.WEBRip.x265-RARBG/For.All.Mankind.S03E02.1080p.WEBRip.x265-RARBG.mp4,3,2,7772588,
1681,540,1080,0,41,152,400,41,39849,0.068,1.2541030833381228,65664,/home/amos/media/tv/For.All.Mankind.S01-S03.1080p.WEBRip.x265-RARBG/For.All.Mankind.S03.1080p.WEBRip.x265-RARBG/For.All.Mankind.S03E02.1080p.WEBRip.x265-RARBG.mp4,3,2,7772588,
1682,540,1080,1,33,166,491,33,60914,0.104,3.090673031227197,65664,/home/amos/media/tv/For.All.Mankind.S01-S03.1080p.WEBRip.x265-RARBG/For.All.Mankind.S03.1080p.WEBRip.x265-RARBG/For.All.Mankind.S03E02.1080p.WEBRip.x265-RARBG.mp4,3,2,7772588,
1683,540,1080,0,179,76,533,179,36462,0.063,8.477438121451996,65760,/home/amos/media/tv/For.All.Mankind.S01-S03.1080p.WEBRip.x265-RARBG/For.All.Mankind.S03.1080p.WEBRip.x265-RARBG/For.All.Mankind.S03E02.1080p.WEBRip.x265-RARBG.mp4,3,2,7772588,
1684,540,1080,0,180,48,446,180,35112,0.06,5.564810128125828,65784,/home/amos/media/tv/For.All.Mankind.S01-S03.1080p.WEBRip.x265-RARBG/For.All.Mankind.S03.1080p.WEBRip.x265-RARBG/For.All.Mankind.S03E02.1080p.WEBRip.x265-RARBG.mp4,3,2,7772588,
1685,540,1080,0,151,96,455,151,16720,0.029,7.148190080130007,65856,/home/amos/media/tv/For.All.Mankind.S01-S03.1080p.WEBRip.x265-RARBG/For.All.Mankind.S03.1080p.WEBRip.x265-RARBG/For.All.Mankind.S03E02.1080p.WEBRip.x265-RARBG.mp4,3,2,7772588,
1686,540,1080,0,158,203,460,158,13590,0.023,7.169144122570287,66288,/home/amos/media/tv/For.All.Mankind.S01-S03.1080p.WEBRip.x265-RARBG/For.All.Mankind.S03.1080p.WEBRip.x265-RARBG/For.All.Mankind.S03E02.1080p.WEBRip.x265-RARBG.mp4,3,2,7772588,
1687,540,1080,0,124,255,372,124,32488,0.056,5.313788121449761,66312,/home/amos/media/tv/For.All.Mankind.S01-S03.1080p.WEBRip.x265-RARBG/For.All.Mankind.S03.1080p.WEBRip.x265-RARBG/For.All.Mankind.S03E02.1080p.WEBRip.x265-RARBG.mp4,3,2,7772588,
1688,540,1080,0,172,171,560,172,388,0.001,5.225123085721862,66360,/home/amos/media/tv/For.All.Mankind.S01-S03.1080p.WEBRip.x265-RARBG/For.All.Mankind.S03.1080p.WEBRip.x265-RARBG/For.All.Mankind.S03E02.1080p.WEBRip.x265-RARBG.mp4,3,2,7772588,
1689,540,1080,0,77,154,811,77,56518,0.097,4.335814061458223,67296,/home/amos/media/tv/For.All.Mankind.S01-S03.1080p.WEBRip.x265-RARBG/For.All.Mankind.S03.1080p.WEBRip.x265-RARBG/For.All.Mankind.S03E02.1080p.WEBRip.x265-RARBG.mp4,3,2,7772588,
1690,540,1080,0,57,215,377,57,50560,0.087,5.304822973674163,67488,/home/amos/media/tv/For.All.Mankind.S01-S03.1080p.WEBRip.x265-RARBG/For.All.Mankind.S03.1080p.WEBRip.x265-RARBG/For.All.Mankind.S03E02.1080p.WEBRip.x265-RARBG.mp4,3,2,7772588,
1691,540,1080,0,60,214,380,60,49280,0.084,6.901128045690712,67512,/home/amos/media/tv/For.All.Mankind.S01-S03.1080p.WEBRip.x265-RARBG/For.All.Mankind.S03.1080p.WEBRip.x265-RARBG/For.All.Mankind.S03E02.1080p.WEBRip.x265-RARBG.mp4,3,2,7772588,
1692,540,1080,0,58,216,378,58,50560,0.087,6.9807760420953855,67536,/home/amos/media/tv/For.All.Mankind.S01-S03.1080p.WEBRip.x265-RARBG/For.All.Mankind.S03.1080p.WEBRip.x265-RARBG/For.All.Mankind.S03E02.1080p.WEBRip.x265-RARBG.mp4,3,2,7772588,
1693,540,1080,0,58,163,516,58,48090,0.082,0.4235921670333482,67560,/home/amos/media/tv/For.All.Mankind.S01-S03.1080p.WEBRip.x265-RARBG/For.All.Mankind.S03.1080p.WEBRip.x265-RARBG/For.All.Mankind.S03E02.1080p.WEBRip.x265-RARBG.mp4,3,2,7772588,
1694,540,1080,1,58,208,366,58,46200,0.079,5.202625143516343,67560,/home/amos/media/tv/For.All.Mankind.S01-S03.1080p.WEBRip.x265-RARBG/For.All.Mankind.S03.1080p.WEBRip.x265-RARBG/For.All.Mankind.S03E02.1080p.WEBRip.x265-RARBG.mp4,3,2,7772588,
1695,540,1080,0,58,214,357,58,46644,0.08,3.990117094886955,67584,/home/amos/media/tv/For.All.Mankind.S01-S03.1080p.WEBRip.x265-RARBG/For.All.Mankind.S03.1080p.WEBRip.x265-RARBG/For.All.Mankind.S03E02.1080p.WEBRip.x265-RARBG.mp4,3,2,7772588,
1696,540,1080,0,63,211,355,63,43216,0.074,5.339321172679775,67608,/home/amos/media/tv/For.All.Mankind.S01-S03.1080p.WEBRip.x265-RARBG/For.All.Mankind.S03.1080p.WEBRip.x265-RARBG/For.All.Mankind.S03E02.1080p.WEBRip.x265-RARBG.mp4,3,2,7772588,
1697,540,1080,0,59,166,660,59,64307,0.11,3.717683030059561,67632,/home/amos/media/tv/For.All.Mankind.S01-S03.1080p.WEBRip.x265-RARBG/For.All.Mankind.S03.1080p.WEBRip.x265-RARBG/For.All.Mankind.S03E02.1080p.WEBRip.x265-RARBG.mp4,3,2,7772588,
1698,540,1080,1,60,219,304,60,38796,0.067,4.742830113915261,67632,/home/amos/media/tv/For.All.Mankind.S01-S03.1080p.WEBRip.x265-RARBG/For.All.Mankind.S03.1080p.WEBRip.x265-RARBG/For.All.Mankind.S03E02.1080p.WEBRip.x265-RARBG.mp4,3,2,7772588,
1699,540,1080,0,63,218,234,63,26505,0.045,4.014822049357463,67656,/home/amos/media/tv/For.All.Mankind.S01-S03.1080p.WEBRip.x265-RARBG/For.All.Mankind.S03.1080p.WEBRip.x265-RARBG/For.All.Mankind.S03E02.1080p.WEBRip.x265-RARBG.mp4,3,2,7772588,
1700,540,1080,0,61,217,167,61,16536,0.028,4.544508067367133,67680,/home/amos/media/tv/For.All.Mankind.S01-S03.1080p.WEBRip.x265-RARBG/For.All.Mankind.S03.1080p.WEBRip.x265-RARBG/For.All.Mankind.S03E02.1080p.WEBRip.x265-RARBG.mp4,3,2,7772588,
1701,540,1080,0,61,217,151,61,14040,0.024,8.176020103448536,67704,/home/amos/media/tv/For.All.Mankind.S01-S03.1080p.WEBRip.x265-RARBG/For.All.Mankind.S03.1080p.WEBRip.x265-RARBG/For.All.Mankind.S03E02.1080p.WEBRip.x265-RARBG.mp4,3,2,7772588,
1702,540,1080,0,60,218,147,60,13746,0.024,6.283507130749058,67728,/home/amos/media/tv/For.All.Mankind.S01-S03.1080p.WEBRip.x265-RARBG/For.All.Mankind.S03.1080p.WEBRip.x265-RARBG/For.All.Mankind.S03E02.1080p.WEBRip.x265-RARBG.mp4,3,2,7772588,
1703,540,1080,0,59,220,147,59,14168,0.024,5.365581066755112,67752,/home/amos/media/tv/For.All.Mankind.S01-S03.1080p.WEBRip.x265-RARBG/For.All.Mankind.S03.1080p.WEBRip.x265-RARBG/For.All.Mankind.S03E02.1080p.WEBRip.x265-RARBG.mp4,3,2,7772588,
1704,540,1080,0,63,220,141,63,12246,0.021,7.4203750063315965,67776,/home/amos/media/tv/For.All.Mankind.S01-S03.1080p.WEBRip.x265-RARBG/For.All.Mankind.S03.1080p.WEBRip.x265-RARBG/For.All.Mankind.S03E02.1080p.WEBRip.x265-RARBG.mp4,3,2,7772588,
1705,540,1080,0,164,44,697,164,63960,0.11,9.291390108526684,67824,/home/amos/media/tv/For.All.Mankind.S01-S03.1080p.WEBRip.x265-RARBG/For.All.Mankind.S03.1080p.WEBRip.x265-RARBG/For.All.Mankind.S03E02.1080p.WEBRip.x265-RARBG.mp4,3,2,7772588,
1706,540,1080,1,56,300,934,56,214232,0.367,1.9917060848674737,67824,/home/amos/media/tv/For.All.Mankind.S01-S03.1080p.WEBRip.x265-RARBG/For.All.Mankind.S03.1080p.WEBRip.x265-RARBG/For.All.Mankind.S03E02.1080p.WEBRip.x265-RARBG.mp4,3,2,7772588,
1707,540,1080,0,182,44,587,182,55890,0.096,7.517765109310858,67848,/home/amos/media/tv/For.All.Mankind.S01-S03.1080p.WEBRip.x265-RARBG/For.All.Mankind.S03.1080p.WEBRip.x265-RARBG/For.All.Mankind.S03E02.1080p.WEBRip.x265-RARBG.mp4,3,2,7772588,
1708,540,1080,0,200,73,694,200,62738,0.108,8.501955053186975,67872,/home/amos/media/tv/For.All.Mankind.S01-S03.1080p.WEBRip.x265-RARBG/For.All.Mankind.S03.1080p.WEBRip.x265-RARBG/For.All.Mankind.S03E02.1080p.WEBRip.x265-RARBG.mp4,3,2,7772588,
1709,540,1080,0,197,95,704,197,51714,0.089,7.635170168126933,67896,/home/amos/media/tv/For.All.Mankind.S01-S03.1080p.WEBRip.x265-RARBG/For.All.Mankind.S03.1080p.WEBRip.x265-RARBG/For.All.Mankind.S03E02.1080p.WEBRip.x265-RARBG.mp4,3,2,7772588,
1710,540,1080,0,288,82,164,288,25544,0.044,4.002173958986532,67920,/home/amos/media/tv/For.All.Mankind.S01-S03.1080p.WEBRip.x265-RARBG/For.All.Mankind.S03.1080p.WEBRip.x265-RARBG/For.All.Mankind.S03E02.1080p.WEBRip.x265-RARBG.mp4,3,2,7772588,
1711,540,1080,0,303,66,118,303,43845,0.075,3.760715070995502,67944,/home/amos/media/tv/For.All.Mankind.S01-S03.1080p.WEBRip.x265-RARBG/For.All.Mankind.S03.1080p.WEBRip.x265-RARBG/For.All.Mankind.S03E02.1080p.WEBRip.x265-RARBG.mp4,3,2,7772588,
1712,540,1080,0,67,102,323,67,8960,0.015,9.32936008827528,68040,/home/amos/media/tv/For.All.Mankind.S01-S03.1080p.WEBRip.x265-RARBG/For.All.Mankind.S03.1080p.WEBRip.x265-RARBG/For.All.Mankind.S03E02.1080p.WEBRip.x265-RARBG.mp4,3,2,7772588,
1713,540,1080,1,94,163,511,94,28773,0.049,5.240584058978129,68040,/home/amos/media/tv/For.All.Mankind.S01-S03.1080p.WEBRip.x265-RARBG/For.All.Mankind.S03.1080p.WEBRip.x265-RARBG/For.All.Mankind.S03E02.1080p.WEBRip.x265-RARBG.mp4,3,2,7772588,
1714,540,1080,0,75,98,153,75,1794,0.003,9.633579059620388,68064,/home/amos/media/tv/For.All.Mankind.S01-S03.1080p.WEBRip.x265-RARBG/For.All.Mankind.S03.1080p.WEBRip.x265-RARBG/For.All.Mankind.S03E02.1080p.WEBRip.x265-RARBG.mp4,3,2,7772588,
1715,540,1080,1,93,157,573,93,30720,0.053,5.824601125379559,68064,/home/amos/media/tv/For.All.Mankind.S01-S03.1080p.WEBRip.x265-RARBG/For.All.Mankind.S03.1080p.WEBRip.x265-RARBG/For.All.Mankind.S03E02.1080p.WEBRip.x265-RARBG.mp4,3,2,7772588,
1716,540,1080,0,92,97,101,92,45,0.0,5.9045500989304855,68088,/home/amos/media/tv/For.All.Mankind.S01-S03.1080p.WEBRip.x265-RARBG/For.All.Mankind.S03.1080p.WEBRip.x265-RARBG/For.All.Mankind.S03E02.1080p.WEBRip.x265-RARBG.mp4,3,2,7772588,
1717,540,1080,1,93,145,601,93,26416,0.045,6.441316016309429,68088,/home/amos/media/tv/For.All.Mankind.S01-S03.1080p.WEBRip.x265-RARBG/For.All.Mankind.S03.1080p.WEBRip.x265-RARBG/For.All.Mankind.S03E02.1080p.WEBRip.x265-RARBG.mp4,3,2,7772588,
1718,540,1080,0,93,152,600,93,29913,0.051,6.118362001143396,68112,/home/amos/media/tv/For.All.Mankind.S01-S03.1080p.WEBRip.x265-RARBG/For.All.Mankind.S03.1080p.WEBRip.x265-RARBG/For.All.Mankind.S03E02.1080p.WEBRip.x265-RARBG.mp4,3,2,7772588,
1719,540,1080,1,101,148,222,101,5687,0.01,7.147950076905545,68112,/home/amos/media/tv/For.All.Mankind.S01-S03.1080p.WEBRip.x265-RARBG/For.All.Mankind.S03.1080p.WEBRip.x265-RARBG/For.All.Mankind.S03E02.1080p.WEBRip.x265-RARBG.mp4,3,2,7772588,
1720,540,1080,0,94,152,594,94,29000,0.05,4.321939187997486,68136,/home/amos/media/tv/For.All.Mankind.S01-S03.1080p.WEBRip.x265-RARBG/For.All.Mankind.S03.1080p.WEBRip.x265-RARBG/For.All.Mankind.S03E02.1080p.WEBRip.x265-RARBG.mp4,3,2,7772588,
1721,540,1080,1,90,198,216,90,13608,0.023,5.451539999048691,68136,/home/amos/media/tv/For.All.Mankind.S01-S03.1080p.WEBRip.x265-RARBG/For.All.Mankind.S03.1080p.WEBRip.x265-RARBG/For.All.Mankind.S03E02.1080p.WEBRip.x265-RARBG.mp4,3,2,7772588,
1722,540,1080,0,99,148,569,99,23030,0.039,5.611441131855827,68160,/home/amos/media/tv/For.All.Mankind.S01-S03.1080p.WEBRip.x265-RARBG/For.All.Mankind.S03.1080p.WEBRip.x265-RARBG/For.All.Mankind.S03E02.1080p.WEBRip.x265-RARBG.mp4,3,2,7772588,
1723,540,1080,1,94,152,267,94,10034,0.017,8.950548041961156,68160,/home/amos/media/tv/For.All.Mankind.S01-S03.1080p.WEBRip.x265-RARBG/For.All.Mankind.S03.1080p.WEBRip.x265-RARBG/For.All.Mankind.S03E02.1080p.WEBRip.x265-RARBG.mp4,3,2,7772588,
1724,540,1080,0,98,151,312,98,11342,0.019,6.380183079687413,68184,/home/amos/media/tv/For.All.Mankind.S01-S03.1080p.WEBRip.x265-RARBG/For.All.Mankind.S03.1080p.WEBRip.x265-RARBG/For.All.Mankind.S03E02.1080p.WEBRip.x265-RARBG.mp4,3,2,7772588,
1725,540,1080,1,108,131,594,108,11178,0.019,4.027784037229139,68184,/home/amos/media/tv/For.All.Mankind.S01-S03.1080p.WEBRip.x265-RARBG/For.All.Mankind.S03.1080p.WEBRip.x265-RARBG/For.All.Mankind.S03E02.1080p.WEBRip.x265-RARBG.mp4,3,2,7772588,
1726,540,1080,0,84,149,682,84,38870,0.067,6.430055025208276,68208,/home/amos/media/tv/For.All.Mankind.S01-S03.1080p.WEBRip.x265-RARBG/For.All.Mankind.S03.1080p.WEBRip.x265-RARBG/For.All.Mankind.S03E02.1080p.WEBRip.x265-RARBG.mp4,3,2,7772588,
1727,540,1080,1,86,153,376,86,19430,0.033,10.529155076132156,68208,/home/amos/media/tv/For.All.Mankind.S01-S03.1080p.WEBRip.x265-RARBG/For.All.Mankind.S03.1080p.WEBRip.x265-RARBG/For.All.Mankind.S03E02.1080p.WEBRip.x265-RARBG.mp4,3,2,7772588,
1728,540,1080,0,86,161,662,86,43200,0.074,3.2044160391087644,68232,/home/amos/media/tv/For.All.Mankind.S01-S03.1080p.WEBRip.x265-RARBG/For.All.Mankind.S03.1080p.WEBRip.x265-RARBG/For.All.Mankind.S03E02.1080p.WEBRip.x265-RARBG.mp4,3,2,7772588,
1729,540,1080,1,82,147,365,82,18395,0.032,11.374007095524576,68232,/home/amos/media/tv/For.All.Mankind.S01-S03.1080p.WEBRip.x265-RARBG/For.All.Mankind.S03.1080p.WEBRip.x265-RARBG/For.All.Mankind.S03E02.1080p.WEBRip.x265-RARBG.mp4,3,2,7772588,
1730,540,1080,0,88,154,296,88,13728,0.024,12.492650097876322,68256,/home/amos/media/tv/For.All.Mankind.S01-S03.1080p.WEBRip.x265-RARBG/For.All.Mankind.S03.1080p.WEBRip.x265-RARBG/For.All.Mankind.S03E02.1080p.WEBRip.x265-RARBG.mp4,3,2,7772588,
1731,540,1080,1,99,156,650,99,31407,0.054,5.356956127507146,68256,/home/amos/media/tv/For.All.Mankind.S01-S03.1080p.WEBRip.x265-RARBG/For.All.Mankind.S03.1080p.WEBRip.x265-RARBG/For.All.Mankind.S03E02.1080p.WEBRip.x265-RARBG.mp4,3,2,7772588,
1732,540,1080,0,89,170,647,89,45198,0.077,6.5245510409004055,68280,/home/amos/media/tv/For.All.Mankind.S01-S03.1080p.WEBRip.x265-RARBG/For.All.Mankind.S03.1080p.WEBRip.x265-RARBG/For.All.Mankind.S03E02.1080p.WEBRip.x265-RARBG.mp4,3,2,7772588,
1733,540,1080,1,97,180,282,97,15355,0.026,9.973712046572471,68280,/home/amos/media/tv/For.All.Mankind.S01-S03.1080p.WEBRip.x265-RARBG/For.All.Mankind.S03.1080p.WEBRip.x265-RARBG/For.All.Mankind.S03E02.1080p.WEBRip.x265-RARBG.mp4,3,2,7772588,
1734,540,1080,0,264,98,509,264,40670,0.07,4.832916040089913,68304,/home/amos/media/tv/For.All.Mankind.S01-S03.1080p.WEBRip.x265-RARBG/For.All.Mankind.S03.1080p.WEBRip.x265-RARBG/For.All.Mankind.S03E02.1080p.WEBRip.x265-RARBG.mp4,3,2,7772588,
1735,540,1080,0,349,90,50,349,77441,0.133,3.4636890535475686,68328,/home/amos/media/tv/For.All.Mankind.S01-S03.1080p.WEBRip.x265-RARBG/For.All.Mankind.S03.1080p.WEBRip.x265-RARBG/For.All.Mankind.S03E02.1080p.WEBRip.x265-RARBG.mp4,3,2,7772588,
1736,540,1080,1,243,102,526,243,39903,0.068,4.340620040078647,68328,/home/amos/media/tv/For.All.Mankind.S01-S03.1080p.WEBRip.x265-RARBG/For.All.Mankind.S03.1080p.WEBRip.x265-RARBG/For.All.Mankind.S03E02.1080p.WEBRip.x265-RARBG.mp4,3,2,7772588,
1737,540,1080,0,356,84,45,356,84592,0.145,3.4821510600158945,68352,/home/amos/media/tv/For.All.Mankind.S01-S03.1080p.WEBRip.x265-RARBG/For.All.Mankind.S03.1080p.WEBRip.x265-RARBG/For.All.Mankind.S03E02.1080p.WEBRip.x265-RARBG.mp4,3,2,7772588,
1738,540,1080,1,249,107,519,249,38340,0.066,4.312454071477987,68352,/home/amos/media/tv/For.All.Mankind.S01-S03.1080p.WEBRip.x265-RARBG/For.All.Mankind.S03.1080p.WEBRip.x265-RARBG/For.All.Mankind.S03E02.1080p.WEBRip.x265-RARBG.mp4,3,2,7772588,
1739,540,1080,0,152,144,665,152,4104,0.007,1.063903033384122,68376,/home/amos/media/tv/For.All.Mankind.S01-S03.1080p.WEBRip.x265-RARBG/For.All.Mankind.S03.1080p.WEBRip.x265-RARBG/For.All.Mankind.S03E02.1080p.WEBRip.x265-RARBG.mp4,3,2,7772588,
1740,540,1080,1,340,95,55,340,69825,0.12,5.035025064949878,68376,/home/amos/media/tv/For.All.Mankind.S01-S03.1080p.WEBRip.x265-RARBG/For.All.Mankind.S03.1080p.WEBRip.x265-RARBG/For.All.Mankind.S03E02.1080p.WEBRip.x265-RARBG.mp4,3,2,7772588,
1741,540,1080,0,345,89,53,345,74752,0.128,2.745228120533284,68400,/home/amos/media/tv/For.All.Mankind.S01-S03.1080p.WEBRip.x265-RARBG/For.All.Mankind.S03.1080p.WEBRip.x265-RARBG/For.All.Mankind.S03E02.1080p.WEBRip.x265-RARBG.mp4,3,2,7772588,
1742,540,1080,1,218,114,573,218,36920,0.063,4.81465406663483,68400,/home/amos/media/tv/For.All.Mankind.S01-S03.1080p.WEBRip.x265-RARBG/For.All.Mankind.S03.1080p.WEBRip.x265-RARBG/For.All.Mankind.S03E02.1080p.WEBRip.x265-RARBG.mp4,3,2,7772588,
1743,540,1080,0,259,86,468,259,36157,0.062,3.136404997843784,68424,/home/amos/media/tv/For.All.Mankind.S01-S03.1080p.WEBRip.x265-RARBG/For.All.Mankind.S03.1080p.WEBRip.x265-RARBG/For.All.Mankind.S03E02.1080p.WEBRip.x265-RARBG.mp4,3,2,7772588,
1744,540,1080,1,330,112,56,330,59732,0.102,3.0854280569474213,68424,/home/amos/media/tv/For.All.Mankind.S01-S03.1080p.WEBRip.x265-RARBG/For.All.Mankind.S03.1080p.WEBRip.x265-RARBG/For.All.Mankind.S03E02.1080p.WEBRip.x265-RARBG.mp4,3,2,7772588,
1745,540,1080,0,212,123,569,212,31773,0.054,3.543702023744117,68448,/home/amos/media/tv/For.All.Mankind.S01-S03.1080p.WEBRip.x265-RARBG/For.All.Mankind.S03.1080p.WEBRip.x265-RARBG/For.All.Mankind.S03E02.1080p.WEBRip.x265-RARBG.mp4,3,2,7772588,
1746,540,1080,1,343,107,39,343,71744,0.123,3.9521361407241775,68448,/home/amos/media/tv/For.All.Mankind.S01-S03.1080p.WEBRip.x265-RARBG/For.All.Mankind.S03.1080p.WEBRip.x265-RARBG/For.All.Mankind.S03E02.1080p.WEBRip.x265-RARBG.mp4,3,2,7772588,
1747,540,1080,0,245,106,124,245,16819,0.029,4.197065947810188,68472,/home/amos/media/tv/For.All.Mankind.S01-S03.1080p.WEBRip.x265-RARBG/For.All.Mankind.S03.1080p.WEBRip.x265-RARBG/For.All.Mankind.S03E02.1080p.WEBRip.x265-RARBG.mp4,3,2,7772588,
1748,540,1080,0,242,112,133,242,14170,0.024,2.410248099535238,68496,/home/amos/media/tv/For.All.Mankind.S01-S03.1080p.WEBRip.x265-RARBG/For.All.Mankind.S03.1080p.WEBRip.x265-RARBG/For.All.Mankind.S03E02.1080p.WEBRip.x265-RARBG.mp4,3,2,7772588,
1749,540,1080,0,251,110,129,251,17202,0.029,4.1394529906101525,68520,/home/amos/media/tv/For.All.Mankind.S01-S03.1080p.WEBRip.x265-RARBG/For.All.Mankind.S03.1080p.WEBRip.x265-RARBG/For.All.Mankind.S03E02.1080p.WEBRip.x265-RARBG.mp4,3,2,7772588,
1750,540,1080,0,250,110,130,250,16800,0.029,5.927258022595197,68544,/home/amos/media/tv/For.All.Mankind.S01-S03.1080p.WEBRip.x265-RARBG/For.All.Mankind.S03.1080p.WEBRip.x265-RARBG/For.All.Mankind.S03E02.1080p.WEBRip.x265-RARBG.mp4,3,2,7772588,
1751,540,1080,0,223,122,142,223,8181,0.014,3.9153399583883584,68568,/home/amos/media/tv/For.All.Mankind.S01-S03.1080p.WEBRip.x265-RARBG/For.All.Mankind.S03.1080p.WEBRip.x265-RARBG/For.All.Mankind.S03E02.1080p.WEBRip.x265-RARBG.mp4,3,2,7772588,
1752,540,1080,0,231,120,142,231,9879,0.017,2.811405943706632,68592,/home/amos/media/tv/For.All.Mankind.S01-S03.1080p.WEBRip.x265-RARBG/For.All.Mankind.S03.1080p.WEBRip.x265-RARBG/For.All.Mankind.S03E02.1080p.WEBRip.x265-RARBG.mp4,3,2,7772588,
1753,540,1080,0,226,122,143,226,8632,0.015,2.3310781269101426,68616,/home/amos/media/tv/For.All.Mankind.S01-S03.1080p.WEBRip.x265-RARBG/For.All.Mankind.S03.1080p.WEBRip.x265-RARBG/For.All.Mankind.S03E02.1080p.WEBRip.x265-RARBG.mp4,3,2,7772588,
1754,540,1080,0,227,121,144,227,8798,0.015,3.498561028565746,68640,/home/amos/media/tv/For.All.Mankind.S01-S03.1080p.WEBRip.x265-RARBG/For.All.Mankind.S03.1080p.WEBRip.x265-RARBG/For.All.Mankind.S03E02.1080p.WEBRip.x265-RARBG.mp4,3,2,7772588,
1755,540,1080,0,245,114,139,245,13886,0.024,7.938238906266633,68664,/home/amos/media/tv/For.All.Mankind.S01-S03.1080p.WEBRip.x265-RARBG/For.All.Mankind.S03.1080p.WEBRip.x265-RARBG/For.All.Mankind.S03E02.1080p.WEBRip.x265-RARBG.mp4,3,2,7772588,
1756,540,1080,0,237,116,140,237,11737,0.02,4.941316049720626,68688,/home/amos/media/tv/For.All.Mankind.S01-S03.1080p.WEBRip.x265-RARBG/For.All.Mankind.S03.1080p.WEBRip.x265-RARBG/For.All.Mankind.S03E02.1080p.WEBRip.x265-RARBG.mp4,3,2,7772588,
1757,540,1080,0,229,123,144,229,9010,0.015,5.048947979870718,68712,/home/amos/media/tv/For.All.Mankind.S01-S03.1080p.WEBRip.x265-RARBG/For.All.Mankind.S03.1080p.WEBRip.x265-RARBG/For.All.Mankind.S03E02.1080p.WEBRip.x265-RARBG.mp4,3,2,7772588,
1758,540,1080,0,152,189,359,152,7659,0.013,5.565346845018212,68736,/home/amos/media/tv/For.All.Mankind.S01-S03.1080p.WEBRip.x265-RARBG/For.All.Mankind.S03.1080p.WEBRip.x265-RARBG/For.All.Mankind.S03E02.1080p.WEBRip.x265-RARBG.mp4,3,2,7772588,
1759,540,1080,0,186,166,396,186,4200,0.007,6.057596123137046,68760,/home/amos/media/tv/For.All.Mankind.S01-S03.1080p.WEBRip.x265-RARBG/For.All.Mankind.S03.1080p.WEBRip.x265-RARBG/For.All.Mankind.S03E02.1080p.WEBRip.x265-RARBG.mp4,3,2,7772588,
1760,540,1080,0,187,167,399,187,4240,0.007,4.735049168462865,68784,/home/amos/media/tv/For.All.Mankind.S01-S03.1080p.WEBRip.x265-RARBG/For.All.Mankind.S03.1080p.WEBRip.x265-RARBG/For.All.Mankind.S03E02.1080p.WEBRip.x265-RARBG.mp4,3,2,7772588,
1761,540,1080,0,267,131,225,267,5712,0.01,8.940983142179903,68808,/home/amos/media/tv/For.All.Mankind.S01-S03.1080p.WEBRip.x265-RARBG/For.All.Mankind.S03.1080p.WEBRip.x265-RARBG/For.All.Mankind.S03E02.1080p.WEBRip.x265-RARBG.mp4,3,2,7772588,
1762,540,1080,1,86,192,804,86,76108,0.131,0.479163090174552,68808,/home/amos/media/tv/For.All.Mankind.S01-S03.1080p.WEBRip.x265-RARBG/For.All.Mankind.S03.1080p.WEBRip.x265-RARBG/For.All.Mankind.S03E02.1080p.WEBRip.x265-RARBG.mp4,3,2,7772588,
1763,540,1080,0,295,109,197,295,18228,0.031,6.472978186793625,68832,/home/amos/media/tv/For.All.Mankind.S01-S03.1080p.WEBRip.x265-RARBG/For.All.Mankind.S03.1080p.WEBRip.x265-RARBG/For.All.Mankind.S03E02.1080p.WEBRip.x265-RARBG.mp4,3,2,7772588,
1764,540,1080,0,277,63,404,277,27178,0.047,10.20687728386838,68856,/home/amos/media/tv/For.All.Mankind.S01-S03.1080p.WEBRip.x265-RARBG/For.All.Mankind.S03.1080p.WEBRip.x265-RARBG/For.All.Mankind.S03E02.1080p.WEBRip.x265-RARBG.mp4,3,2,7772588,
1765,540,1080,0,254,59,549,254,57525,0.099,6.710970194777474,68880,/home/amos/media/tv/For.All.Mankind.S01-S03.1080p.WEBRip.x265-RARBG/For.All.Mankind.S03.1080p.WEBRip.x265-RARBG/For.All.Mankind.S03E02.1080p.WEBRip.x265-RARBG.mp4,3,2,7772588,
1766,540,1080,0,241,83,488,241,39026,0.067,9.987826207536273,68904,/home/amos/media/tv/For.All.Mankind.S01-S03.1080p.WEBRip.x265-RARBG/For.All.Mankind.S03.1080p.WEBRip.x265-RARBG/For.All.Mankind.S03E02.1080p.WEBRip.x265-RARBG.mp4,3,2,7772588,
1767,540,1080,0,213,113,417,213,20400,0.035,8.568139014299959,68928,/home/amos/media/tv/For.All.Mankind.S01-S03.1080p.WEBRip.x265-RARBG/For.All.Mankind.S03.1080p.WEBRip.x265-RARBG/For.All.Mankind.S03E02.1080p.WEBRip.x265-RARBG.mp4,3,2,7772588,
1768,540,1080,0,223,110,394,223,19323,0.033,9.037132976052815,68952,/home/amos/media/tv/For.All.Mankind.S01-S03.1080p.WEBRip.x265-RARBG/For.All.Mankind.S03.1080p.WEBRip.x265-RARBG/For.All.Mankind.S03E02.1080p.WEBRip.x265-RARBG.mp4,3,2,7772588,
1769,540,1080,0,219,112,398,219,19153,0.033,8.490071951877326,68976,/home/amos/media/tv/For.All.Mankind.S01-S03.1080p.WEBRip.x265-RARBG/For.All.Mankind.S03.1080p.WEBRip.x265-RARBG/For.All.Mankind.S03E02.1080p.WEBRip.x265-RARBG.mp4,3,2,7772588,
1770,540,1080,0,209,116,403,209,18042,0.031,8.069595007691532,69000,/home/amos/media/tv/For.All.Mankind.S01-S03.1080p.WEBRip.x265-RARBG/For.All.Mankind.S03.1080p.WEBRip.x265-RARBG/For.All.Mankind.S03E02.1080p.WEBRip.x265-RARBG.mp4,3,2,7772588,
1771,540,1080,0,206,120,402,206,16856,0.029,7.652638103056233,69024,/home/amos/media/tv/For.All.Mankind.S01-S03.1080p.WEBRip.x265-RARBG/For.All.Mankind.S03.1080p.WEBRip.x265-RARBG/For.All.Mankind.S03E02.1080p.WEBRip.x265-RARBG.mp4,3,2,7772588,
1772,540,1080,0,214,119,393,214,17005,0.029,8.290935939236078,69048,/home/amos/media/tv/For.All.Mankind.S01-S03.1080p.WEBRip.x265-RARBG/For.All.Mankind.S03.1080p.WEBRip.x265-RARBG/For.All.Mankind.S03E02.1080p.WEBRip.x265-RARBG.mp4,3,2,7772588,
1773,540,1080,0,217,119,389,217,16856,0.029,7.979924924962688,69072,/home/amos/media/tv/For.All.Mankind.S01-S03.1080p.WEBRip.x265-RARBG/For.All.Mankind.S03.1080p.WEBRip.x265-RARBG/For.All.Mankind.S03E02.1080p.WEBRip.x265-RARBG.mp4,3,2,7772588,
1774,540,1080,0,208,122,393,208,15910,0.027,8.051795931125525,69096,/home/amos/media/tv/For.All.Mankind.S01-S03.1080p.WEBRip.x265-RARBG/For.All.Mankind.S03.1080p.WEBRip.x265-RARBG/For.All.Mankind.S03E02.1080p.WEBRip.x265-RARBG.mp4,3,2,7772588,
1775,540,1080,0,217,125,374,217,14444,0.025,5.184156981355045,69120,/home/amos/media/tv/For.All.Mankind.S01-S03.1080p.WEBRip.x265-RARBG/For.All.Mankind.S03.1080p.WEBRip.x265-RARBG/For.All.Mankind.S03E02.1080p.WEBRip.x265-RARBG.mp4,3,2,7772588,
1776,540,1080,0,214,154,344,214,7800,0.013,7.059011036530137,69192,/home/amos/media/tv/For.All.Mankind.S01-S03.1080p.WEBRip.x265-RARBG/For.All.Mankind.S03.1080p.WEBRip.x265-RARBG/For.All.Mankind.S03E02.1080p.WEBRip.x265-RARBG.mp4,3,2,7772588,
1777,540,1080,0,220,149,342,220,8662,0.015,9.367990041559096,69216,/home/amos/media/tv/For.All.Mankind.S01-S03.1080p.WEBRip.x265-RARBG/For.All.Mankind.S03.1080p.WEBRip.x265-RARBG/For.All.Mankind.S03E02.1080p.WEBRip.x265-RARBG.mp4,3,2,7772588,
1778,540,1080,0,243,127,415,243,19952,0.034,11.370271130814215,69240,/home/amos/media/tv/For.All.Mankind.S01-S03.1080p.WEBRip.x265-RARBG/For.All.Mankind.S03.1080p.WEBRip.x265-RARBG/For.All.Mankind.S03E02.1080p.WEBRip.x265-RARBG.mp4,3,2,7772588,
1779,540,1080,0,253,115,578,253,44850,0.077,3.9323640057700686,69456,/home/amos/media/tv/For.All.Mankind.S01-S03.1080p.WEBRip.x265-RARBG/For.All.Mankind.S03.1080p.WEBRip.x265-RARBG/For.All.Mankind.S03E02.1080p.WEBRip.x265-RARBG.mp4,3,2,7772588,
1780,540,1080,0,80,269,703,80,117747,0.202,2.7604240844375454,69480,/home/amos/media/tv/For.All.Mankind.S01-S03.1080p.WEBRip.x265-RARBG/For.All.Mankind.S03.1080p.WEBRip.x265-RARBG/For.All.Mankind.S03E02.1080p.WEBRip.x265-RARBG.mp4,3,2,7772588,
1781,540,1080,0,206,128,695,206,38142,0.065,2.438283060619142,69504,/home/amos/media/tv/For.All.Mankind.S01-S03.1080p.WEBRip.x265-RARBG/For.All.Mankind.S03.1080p.WEBRip.x265-RARBG/For.All.Mankind.S03E02.1080p.WEBRip.x265-RARBG.mp4,3,2,7772588,
1782,540,1080,0,194,135,632,194,25842,0.044,2.262543008138892,69552,/home/amos/media/tv/For.All.Mankind.S01-S03.1080p.WEBRip.x265-RARBG/For.All.Mankind.S03.1080p.WEBRip.x265-RARBG/For.All.Mankind.S03E02.1080p.WEBRip.x265-RARBG.mp4,3,2,7772588,
1783,540,1080,0,214,125,470,214,22784,0.039,10.901586060586853,69576,/home/amos/media/tv/For.All.Mankind.S01-S03.1080p.WEBRip.x265-RARBG/For.All.Mankind.S03.1080p.WEBRip.x265-RARBG/For.All.Mankind.S03E02.1080p.WEBRip.x265-RARBG.mp4,3,2,7772588,
1784,540,1080,0,221,117,468,221,25688,0.044,9.244789049495012,69600,/home/amos/media/tv/For.All.Mankind.S01-S03.1080p.WEBRip.x265-RARBG/For.All.Mankind.S03.1080p.WEBRip.x265-RARBG/For.All.Mankind.S03E02.1080p.WEBRip.x265-RARBG.mp4,3,2,7772588,
1785,540,1080,0,217,114,471,217,26162,0.045,11.674480021523776,69624,/home/amos/media/tv/For.All.Mankind.S01-S03.1080p.WEBRip.x265-RARBG/For.All.Mankind.S03.1080p.WEBRip.x265-RARBG/For.All.Mankind.S03E02.1080p.WEBRip.x265-RARBG.mp4,3,2,7772588,
1786,540,1080,0,224,116,468,224,26352,0.045,8.557407988060731,69648,/home/amos/media/tv/For.All.Mankind.S01-S03.1080p.WEBRip.x265-RARBG/For.All.Mankind.S03.1080p.WEBRip.x265-RARBG/For.All.Mankind.S03E02.1080p.WEBRip.x265-RARBG.mp4,3,2,7772588,
1787,540,1080,0,233,117,468,233,27260,0.047,7.202097124129068,69672,/home/amos/media/tv/For.All.Mankind.S01-S03.1080p.WEBRip.x265-RARBG/For.All.Mankind.S03.1080p.WEBRip.x265-RARBG/For.All.Mankind.S03E02.1080p.WEBRip.x265-RARBG.mp4,3,2,7772588,
1788,540,1080,0,231,122,475,231,26596,0.046,8.221346145670395,69696,/home/amos/media/tv/For.All.Mankind.S01-S03.1080p.WEBRip.x265-RARBG/For.All.Mankind.S03.1080p.WEBRip.x265-RARBG/For.All.Mankind.S03E02.1080p.WEBRip.x265-RARBG.mp4,3,2,7772588,
1789,540,1080,0,254,116,518,254,36432,0.062,10.615814211196266,69720,/home/amos/media/tv/For.All.Mankind.S01-S03.1080p.WEBRip.x265-RARBG/For.All.Mankind.S03.1080p.WEBRip.x265-RARBG/For.All.Mankind.S03E02.1080p.WEBRip.x265-RARBG.mp4,3,2,7772588,
1790,540,1080,0,90,75,691,90,9015,0.015,6.668609960470349,70056,/home/amos/media/tv/For.All.Mankind.S01-S03.1080p.WEBRip.x265-RARBG/For.All.Mankind.S03.1080p.WEBRip.x265-RARBG/For.All.Mankind.S03E02.1080p.WEBRip.x265-RARBG.mp4,3,2,7772588,
1791,540,1080,1,95,146,421,95,16626,0.029,9.10860497719841,70056,/home/amos/media/tv/For.All.Mankind.S01-S03.1080p.WEBRip.x265-RARBG/For.All.Mankind.S03.1080p.WEBRip.x265-RARBG/For.All.Mankind.S03E02.1080p.WEBRip.x265-RARBG.mp4,3,2,7772588,
1792,540,1080,0,87,82,687,87,3000,0.005,5.976613876002375,70080,/home/amos/media/tv/For.All.Mankind.S01-S03.1080p.WEBRip.x265-RARBG/For.All.Mankind.S03.1080p.WEBRip.x265-RARBG/For.All.Mankind.S03E02.1080p.WEBRip.x265-RARBG.mp4,3,2,7772588,
1793,540,1080,1,97,144,418,97,15087,0.026,6.627987862040754,70080,/home/amos/media/tv/For.All.Mankind.S01-S03.1080p.WEBRip.x265-RARBG/For.All.Mankind.S03.1080p.WEBRip.x265-RARBG/For.All.Mankind.S03E02.1080p.WEBRip.x265-RARBG.mp4,3,2,7772588,
1794,540,1080,0,92,93,672,92,580,0.001,7.638314059702679,70104,/home/amos/media/tv/For.All.Mankind.S01-S03.1080p.WEBRip.x265-RARBG/For.All.Mankind.S03.1080p.WEBRip.x265-RARBG/For.All.Mankind.S03E02.1080p.WEBRip.x265-RARBG.mp4,3,2,7772588,
1795,540,1080,1,99,141,417,99,13356,0.023,5.6983469080296345,70104,/home/amos/media/tv/For.All.Mankind.S01-S03.1080p.WEBRip.x265-RARBG/For.All.Mankind.S03.1080p.WEBRip.x265-RARBG/For.All.Mankind.S03E02.1080p.WEBRip.x265-RARBG.mp4,3,2,7772588,
1796,540,1080,0,99,96,643,99,1632,0.003,2.317551956803072,70128,/home/amos/media/tv/For.All.Mankind.S01-S03.1080p.WEBRip.x265-RARBG/For.All.Mankind.S03.1080p.WEBRip.x265-RARBG/For.All.Mankind.S03E02.1080p.WEBRip.x265-RARBG.mp4,3,2,7772588,
1797,540,1080,1,96,144,419,96,15504,0.027,7.745880935748573,70128,/home/amos/media/tv/For.All.Mankind.S01-S03.1080p.WEBRip.x265-RARBG/For.All.Mankind.S03.1080p.WEBRip.x265-RARBG/For.All.Mankind.S03E02.1080p.WEBRip.x265-RARBG.mp4,3,2,7772588,
1798,540,1080,0,94,136,454,94,15120,0.026,13.071621100592893,70152,/home/amos/media/tv/For.All.Mankind.S01-S03.1080p.WEBRip.x265-RARBG/For.All.Mankind.S03.1080p.WEBRip.x265-RARBG/For.All.Mankind.S03E02.1080p.WEBRip.x265-RARBG.mp4,3,2,7772588,
1799,540,1080,0,114,95,607,114,9367,0.016,4.082879101333674,70176,/home/amos/media/tv/For.All.Mankind.S01-S03.1080p.WEBRip.x265-RARBG/For.All.Mankind.S03.1080p.WEBRip.x265-RARBG/For.All.Mankind.S03E02.1080p.WEBRip.x265-RARBG.mp4,3,2,7772588,
1800,540,1080,1,103,133,466,103,10890,0.019,8.840804081759416,70176,/home/amos/media/tv/For.All.Mankind.S01-S03.1080p.WEBRip.x265-RARBG/For.All.Mankind.S03.1080p.WEBRip.x265-RARBG/For.All.Mankind.S03E02.1080p.WEBRip.x265-RARBG.mp4,3,2,7772588,
1801,540,1080,0,98,136,462,98,13832,0.024,9.56538812740473,70200,/home/amos/media/tv/For.All.Mankind.S01-S03.1080p.WEBRip.x265-RARBG/For.All.Mankind.S03.1080p.WEBRip.x265-RARBG/For.All.Mankind.S03E02.1080p.WEBRip.x265-RARBG.mp4,3,2,7772588,
1802,540,1080,0,91,143,438,91,18044,0.031,10.342325068253558,70224,/home/amos/media/tv/For.All.Mankind.S01-S03.1080p.WEBRip.x265-RARBG/For.All.Mankind.S03.1080p.WEBRip.x265-RARBG/For.All.Mankind.S03E02.1080p.WEBRip.x265-RARBG.mp4,3,2,7772588,
1803,540,1080,1,66,424,841,66,277450,0.476,4.278092089982238,70224,/home/amos/media/tv/For.All.Mankind.S01-S03.1080p.WEBRip.x265-RARBG/For.All.Mankind.S03.1080p.WEBRip.x265-RARBG/For.All.Mankind.S03E02.1080p.WEBRip.x265-RARBG.mp4,3,2,7772588,
1804,540,1080,0,90,147,435,90,19665,0.034,11.070253006357234,70248,/home/amos/media/tv/For.All.Mankind.S01-S03.1080p.WEBRip.x265-RARBG/For.All.Mankind.S03.1080p.WEBRip.x265-RARBG/For.All.Mankind.S03E02.1080p.WEBRip.x265-RARBG.mp4,3,2,7772588,
1805,540,1080,0,91,149,427,91,19488,0.033,10.733287982118782,70272,/home/amos/media/tv/For.All.Mankind.S01-S03.1080p.WEBRip.x265-RARBG/For.All.Mankind.S03.1080p.WEBRip.x265-RARBG/For.All.Mankind.S03E02.1080p.WEBRip.x265-RARBG.mp4,3,2,7772588,
1806,540,1080,0,91,87,674,91,2332,0.004,1.3916281083365902,70296,/home/amos/media/tv/For.All.Mankind.S01-S03.1080p.WEBRip.x265-RARBG/For.All.Mankind.S03.1080p.WEBRip.x265-RARBG/For.All.Mankind.S03E02.1080p.WEBRip.x265-RARBG.mp4,3,2,7772588,
1807,540,1080,1,93,148,426,93,18315,0.031,10.10968592116842,70296,/home/amos/media/tv/For.All.Mankind.S01-S03.1080p.WEBRip.x265-RARBG/For.All.Mankind.S03.1080p.WEBRip.x265-RARBG/For.All.Mankind.S03E02.1080p.WEBRip.x265-RARBG.mp4,3,2,7772588,
1808,540,1080,0,96,88,674,96,4624,0.008,1.8167061192798428,70320,/home/amos/media/tv/For.All.Mankind.S01-S03.1080p.WEBRip.x265-RARBG/For.All.Mankind.S03.1080p.WEBRip.x265-RARBG/For.All.Mankind.S03E02.1080p.WEBRip.x265-RARBG.mp4,3,2,7772588,
1809,540,1080,1,88,138,450,88,18100,0.031,11.121301089588089,70320,/home/amos/media/tv/For.All.Mankind.S01-S03.1080p.WEBRip.x265-RARBG/For.All.Mankind.S03.1080p.WEBRip.x265-RARBG/For.All.Mankind.S03E02.1080p.WEBRip.x265-RARBG.mp4,3,2,7772588,
1810,540,1080,0,160,126,340,160,6120,0.01,6.103910052392166,70344,/home/amos/media/tv/For.All.Mankind.S01-S03.1080p.WEBRip.x265-RARBG/For.All.Mankind.S03.1080p.WEBRip.x265-RARBG/For.All.Mankind.S03E02.1080p.WEBRip.x265-RARBG.mp4,3,2,7772588,
1811,540,1080,0,158,156,337,158,358,0.001,3.7663709831540473,70368,/home/amos/media/tv/For.All.Mankind.S01-S03.1080p.WEBRip.x265-RARBG/For.All.Mankind.S03.1080p.WEBRip.x265-RARBG/For.All.Mankind.S03E02.1080p.WEBRip.x265-RARBG.mp4,3,2,7772588,
1812,540,1080,0,157,138,337,157,3420,0.006,5.446982985653449,70392,/home/amos/media/tv/For.All.Mankind.S01-S03.1080p.WEBRip.x265-RARBG/For.All.Mankind.S03.1080p.WEBRip.x265-RARBG/For.All.Mankind.S03E02.1080p.WEBRip.x265-RARBG.mp4,3,2,7772588,
1813,540,1080,0,163,136,334,163,4617,0.008,8.225745106989052,70416,/home/amos/media/tv/For.All.Mankind.S01-S03.1080p.WEBRip.x265-RARBG/For.All.Mankind.S03.1080p.WEBRip.x265-RARBG/For.All.Mankind.S03E02.1080p.WEBRip.x265-RARBG.mp4,3,2,7772588,
1814,540,1080,0,162,133,329,162,4843,0.008,6.7920340855489485,70440,/home/amos/media/tv/For.All.Mankind.S01-S03.1080p.WEBRip.x265-RARBG/For.All.Mankind.S03.1080p.WEBRip.x265-RARBG/For.All.Mankind.S03E02.1080p.WEBRip.x265-RARBG.mp4,3,2,7772588,
1815,540,1080,0,164,130,333,164,5746,0.01,7.655243004381191,70464,/home/amos/media/tv/For.All.Mankind.S01-S03.1080p.WEBRip.x265-RARBG/For.All.Mankind.S03.1080p.WEBRip.x265-RARBG/For.All.Mankind.S03E02.1080p.WEBRip.x265-RARBG.mp4,3,2,7772588,
1816,540,1080,0,200,113,611,200,35757,0.061,8.881591950834263,70488,/home/amos/media/tv/For.All.Mankind.S01-S03.1080p.WEBRip.x265-RARBG/For.All.Mankind.S03.1080p.WEBRip.x265-RARBG/For.All.Mankind.S03E02.1080p.WEBRip.x265-RARBG.mp4,3,2,7772588,
1817,540,1080,1,119,304,588,119,86765,0.149,6.672097937844228,70488,/home/amos/media/tv/For.All.Mankind.S01-S03.1080p.WEBRip.x265-RARBG/For.All.Mankind.S03.1080p.WEBRip.x265-RARBG/For.All.Mankind.S03E02.1080p.WEBRip.x265-RARBG.mp4,3,2,7772588,
1818,540,1080,2,53,336,652,53,169517,0.291,0.5382061213604175,70488,/home/amos/media/tv/For.All.Mankind.S01-S03.1080p.WEBRip.x265-RARBG/For.All.Mankind.S03.1080p.WEBRip.x265-RARBG/For.All.Mankind.S03E02.1080p.WEBRip.x265-RARBG.mp4,3,2,7772588,
1819,540,1080,0,195,116,606,195,32469,0.056,6.524053071218077,70512,/home/amos/media/tv/For.All.Mankind.S01-S03.1080p.WEBRip.x265-RARBG/For.All.Mankind.S03.1080p.WEBRip.x265-RARBG/For.All.Mankind.S03E02.1080p.WEBRip.x265-RARBG.mp4,3,2,7772588,
1820,540,1080,1,56,322,600,56,144704,0.248,2.808562099118717,70512,/home/amos/media/tv/For.All.Mankind.S01-S03.1080p.WEBRip.x265-RARBG/For.All.Mankind.S03.1080p.WEBRip.x265-RARBG/For.All.Mankind.S03E02.1080p.WEBRip.x265-RARBG.mp4,3,2,7772588,
1821,540,1080,0,200,121,607,200,32153,0.055,6.859458006976638,70536,/home/amos/media/tv/For.All.Mankind.S01-S03.1080p.WEBRip.x265-RARBG/For.All.Mankind.S03.1080p.WEBRip.x265-RARBG/For.All.Mankind.S03E02.1080p.WEBRip.x265-RARBG.mp4,3,2,7772588,
1822,540,1080,0,197,125,608,197,29592,0.051,7.116045966802631,70560,/home/amos/media/tv/For.All.Mankind.S01-S03.1080p.WEBRip.x265-RARBG/For.All.Mankind.S03.1080p.WEBRip.x265-RARBG/For.All.Mankind.S03E02.1080p.WEBRip.x265-RARBG.mp4,3,2,7772588,
1823,540,1080,1,55,238,494,55,80337,0.138,-0.7966909309034236,70560,/home/amos/media/tv/For.All.Mankind.S01-S03.1080p.WEBRip.x265-RARBG/For.All.Mankind.S03.1080p.WEBRip.x265-RARBG/For.All.Mankind.S03E02.1080p.WEBRip.x265-RARBG.mp4,3,2,7772588,
1824,540,1080,2,60,330,604,60,146880,0.252,1.5437830904265866,70560,/home/amos/media/tv/For.All.Mankind.S01-S03.1080p.WEBRip.x265-RARBG/For.All.Mankind.S03.1080p.WEBRip.x265-RARBG/For.All.Mankind.S03E02.1080p.WEBRip.x265-RARBG.mp4,3,2,7772588,
1825,540,1080,0,251,115,554,251,41208,0.071,3.658042047114577,70656,/home/amos/media/tv/For.All.Mankind.S01-S03.1080p.WEBRip.x265-RARBG/For.All.Mankind.S03.1080p.WEBRip.x265-RARBG/For.All.Mankind.S03E02.1080p.WEBRip.x265-RARBG.mp4,3,2,7772588,
1826,540,1080,0,304,62,436,304,31944,0.055,6.856067049026024,70680,/home/amos/media/tv/For.All.Mankind.S01-S03.1080p.WEBRip.x265-RARBG/For.All.Mankind.S03.1080p.WEBRip.x265-RARBG/For.All.Mankind.S03E02.1080p.WEBRip.x265-RARBG.mp4,3,2,7772588,
1827,540,1080,0,299,84,472,299,37195,0.064,4.6772710249060765,70704,/home/amos/media/tv/For.All.Mankind.S01-S03.1080p.WEBRip.x265-RARBG/For.All.Mankind.S03.1080p.WEBRip.x265-RARBG/For.All.Mankind.S03E02.1080p.WEBRip.x265-RARBG.mp4,3,2,7772588,
1828,540,1080,0,270,105,531,270,43065,0.074,4.506949921080377,70728,/home/amos/media/tv/For.All.Mankind.S01-S03.1080p.WEBRip.x265-RARBG/For.All.Mankind.S03.1080p.WEBRip.x265-RARBG/For.All.Mankind.S03E02.1080p.WEBRip.x265-RARBG.mp4,3,2,7772588,
1829,540,1080,0,236,141,415,236,17005,0.029,9.75589004025096,70776,/home/amos/media/tv/For.All.Mankind.S01-S03.1080p.WEBRip.x265-RARBG/For.All.Mankind.S03.1080p.WEBRip.x265-RARBG/For.All.Mankind.S03E02.1080p.WEBRip.x265-RARBG.mp4,3,2,7772588,
1830,540,1080,0,245,138,415,245,18190,0.031,11.707313003775198,70800,/home/amos/media/tv/For.All.Mankind.S01-S03.1080p.WEBRip.x265-RARBG/For.All.Mankind.S03.1080p.WEBRip.x265-RARBG/For.All.Mankind.S03E02.1080p.WEBRip.x265-RARBG.mp4,3,2,7772588,
1831,540,1080,0,237,142,415,237,16910,0.029,8.074002075416502,70824,/home/amos/media/tv/For.All.Mankind.S01-S03.1080p.WEBRip.x265-RARBG/For.All.Mankind.S03.1080p.WEBRip.x265-RARBG/For.All.Mankind.S03E02.1080p.WEBRip.x265-RARBG.mp4,3,2,7772588,
1832,540,1080,1,66,467,773,66,283507,0.486,4.468871042772662,70824,/home/amos/media/tv/For.All.Mankind.S01-S03.1080p.WEBRip.x265-RARBG/For.All.Mankind.S03.1080p.WEBRip.x265-RARBG/For.All.Mankind.S03E02.1080p.WEBRip.x265-RARBG.mp4,3,2,7772588,
1833,540,1080,0,215,153,395,215,11160,0.019,7.852849062124733,70848,/home/amos/media/tv/For.All.Mankind.S01-S03.1080p.WEBRip.x265-RARBG/For.All.Mankind.S03.1080p.WEBRip.x265-RARBG/For.All.Mankind.S03E02.1080p.WEBRip.x265-RARBG.mp4,3,2,7772588,
1834,540,1080,1,58,404,822,58,264344,0.453,1.2592400335124694,70848,/home/amos/media/tv/For.All.Mankind.S01-S03.1080p.WEBRip.x265-RARBG/For.All.Mankind.S03.1080p.WEBRip.x265-RARBG/For.All.Mankind.S03E02.1080p.WEBRip.x265-RARBG.mp4,3,2,7772588,
1835,540,1080,2,97,434,797,97,235900,0.404,2.155406090139877,70848,/home/amos/media/tv/For.All.Mankind.S01-S03.1080p.WEBRip.x265-RARBG/For.All.Mankind.S03.1080p.WEBRip.x265-RARBG/For.All.Mankind.S03E02.1080p.WEBRip.x265-RARBG.mp4,3,2,7772588,
1836,540,1080,0,216,155,380,216,10004,0.017,8.750127119070385,70872,/home/amos/media/tv/For.All.Mankind.S01-S03.1080p.WEBRip.x265-RARBG/For.All.Mankind.S03.1080p.WEBRip.x265-RARBG/For.All.Mankind.S03E02.1080p.WEBRip.x265-RARBG.mp4,3,2,7772588,
1837,540,1080,1,66,426,792,66,261360,0.448,2.9452211218304,70872,/home/amos/media/tv/For.All.Mankind.S01-S03.1080p.WEBRip.x265-RARBG/For.All.Mankind.S03.1080p.WEBRip.x265-RARBG/For.All.Mankind.S03E02.1080p.WEBRip.x265-RARBG.mp4,3,2,7772588,
1838,540,1080,0,215,149,375,215,10560,0.018,11.12934996985132,70896,/home/amos/media/tv/For.All.Mankind.S01-S03.1080p.WEBRip.x265-RARBG/For.All.Mankind.S03.1080p.WEBRip.x265-RARBG/For.All.Mankind.S03E02.1080p.WEBRip.x265-RARBG.mp4,3,2,7772588,
1839,540,1080,1,66,438,778,66,264864,0.454,1.445866034075152,70896,/home/amos/media/tv/For.All.Mankind.S01-S03.1080p.WEBRip.x265-RARBG/For.All.Mankind.S03.1080p.WEBRip.x265-RARBG/For.All.Mankind.S03E02.1080p.WEBRip.x265-RARBG.mp4,3,2,7772588,
1840,540,1080,0,212,149,377,212,10395,0.018,8.313968010887038,70920,/home/amos/media/tv/For.All.Mankind.S01-S03.1080p.WEBRip.x265-RARBG/For.All.Mankind.S03.1080p.WEBRip.x265-RARBG/For.All.Mankind.S03E02.1080p.WEBRip.x265-RARBG.mp4,3,2,7772588,
1841,540,1080,1,64,447,779,64,273845,0.47,1.7480130276526324,70920,/home/amos/media/tv/For.All.Mankind.S01-S03.1080p.WEBRip.x265-RARBG/For.All.Mankind.S03.1080p.WEBRip.x265-RARBG/For.All.Mankind.S03E02.1080p.WEBRip.x265-RARBG.mp4,3,2,7772588,
1842,540,1080,0,208,152,379,208,9576,0.016,8.03437201079214,70944,/home/amos/media/tv/For.All.Mankind.S01-S03.1080p.WEBRip.x265-RARBG/For.All.Mankind.S03.1080p.WEBRip.x265-RARBG/For.All.Mankind.S03E02.1080p.WEBRip.x265-RARBG.mp4,3,2,7772588,
1843,540,1080,1,61,453,780,61,281848,0.483,0.4572041355422698,70944,/home/amos/media/tv/For.All.Mankind.S01-S03.1080p.WEBRip.x265-RARBG/For.All.Mankind.S03.1080p.WEBRip.x265-RARBG/For.All.Mankind.S03E02.1080p.WEBRip.x265-RARBG.mp4,3,2,7772588,
1844,540,1080,0,226,128,411,226,18130,0.031,9.92192411836004,70968,/home/amos/media/tv/For.All.Mankind.S01-S03.1080p.WEBRip.x265-RARBG/For.All.Mankind.S03.1080p.WEBRip.x265-RARBG/For.All.Mankind.S03E02.1080p.WEBRip.x265-RARBG.mp4,3,2,7772588,
1845,540,1080,1,61,456,786,61,286375,0.491,1.9876970291952605,70968,/home/amos/media/tv/For.All.Mankind.S01-S03.1080p.WEBRip.x265-RARBG/For.All.Mankind.S03.1080p.WEBRip.x265-RARBG/For.All.Mankind.S03E02.1080p.WEBRip.x265-RARBG.mp4,3,2,7772588,
1846,540,1080,0,219,136,388,219,14027,0.024,6.096484080597293,70992,/home/amos/media/tv/For.All.Mankind.S01-S03.1080p.WEBRip.x265-RARBG/For.All.Mankind.S03.1080p.WEBRip.x265-RARBG/For.All.Mankind.S03E02.1080p.WEBRip.x265-RARBG.mp4,3,2,7772588,
1847,540,1080,0,239,101,409,239,23460,0.04,8.695977116876747,71208,/home/amos/media/tv/For.All.Mankind.S01-S03.1080p.WEBRip.x265-RARBG/For.All.Mankind.S03.1080p.WEBRip.x265-RARBG/For.All.Mankind.S03E02.1080p.WEBRip.x265-RARBG.mp4,3,2,7772588,
1848,540,1080,0,240,106,402,240,21708,0.037,9.64135120267747,71232,/home/amos/media/tv/For.All.Mankind.S01-S03.1080p.WEBRip.x265-RARBG/For.All.Mankind.S03.1080p.WEBRip.x265-RARBG/For.All.Mankind.S03E02.1080p.WEBRip.x265-RARBG.mp4,3,2,7772588,
1849,540,1080,0,230,115,392,230,18630,0.032,9.707547136989888,71256,/home/amos/media/tv/For.All.Mankind.S01-S03.1080p.WEBRip.x265-RARBG/For.All.Mankind.S03.1080p.WEBRip.x265-RARBG/For.All.Mankind.S03E02.1080p.WEBRip.x265-RARBG.mp4,3,2,7772588,
1850,540,1080,0,225,119,388,225,17278,0.03,9.066548095957842,71280,/home/amos/media/tv/For.All.Mankind.S01-S03.1080p.WEBRip.x265-RARBG/For.All.Mankind.S03.1080p.WEBRip.x265-RARBG/For.All.Mankind.S03E02.1080p.WEBRip.x265-RARBG.mp4,3,2,7772588,
1851,540,1080,1,107,425,772,107,211470,0.363,4.746729094884358,71280,/home/amos/media/tv/For.All.Mankind.S01-S03.1080p.WEBRip.x265-RARBG/For.All.Mankind.S03.1080p.WEBRip.x265-RARBG/For.All.Mankind.S03E02.1080p.WEBRip.x265-RARBG.mp4,3,2,7772588,
1852,540,1080,0,216,123,379,216,15159,0.026,9.944018025824334,71304,/home/amos/media/tv/For.All.Mankind.S01-S03.1080p.WEBRip.x265-RARBG/For.All.Mankind.S03.1080p.WEBRip.x265-RARBG/For.All.Mankind.S03E02.1080p.WEBRip.x265-RARBG.mp4,3,2,7772588,
1853,540,1080,1,63,387,792,63,236196,0.405,0.1358660437981598,71304,/home/amos/media/tv/For.All.Mankind.S01-S03.1080p.WEBRip.x265-RARBG/For.All.Mankind.S03.1080p.WEBRip.x265-RARBG/For.All.Mankind.S03E02.1080p.WEBRip.x265-RARBG.mp4,3,2,7772588,
1854,540,1080,0,220,121,372,220,15048,0.026,8.581909035274293,71328,/home/amos/media/tv/For.All.Mankind.S01-S03.1080p.WEBRip.x265-RARBG/For.All.Mankind.S03.1080p.WEBRip.x265-RARBG/For.All.Mankind.S03E02.1080p.WEBRip.x265-RARBG.mp4,3,2,7772588,
1855,540,1080,0,219,119,376,219,15700,0.027,8.229261123109609,71352,/home/amos/media/tv/For.All.Mankind.S01-S03.1080p.WEBRip.x265-RARBG/For.All.Mankind.S03.1080p.WEBRip.x265-RARBG/For.All.Mankind.S03E02.1080p.WEBRip.x265-RARBG.mp4,3,2,7772588,
1856,540,1080,0,216,122,374,216,14852,0.025,8.848462045833003,71376,/home/amos/media/tv/For.All.Mankind.S01-S03.1080p.WEBRip.x265-RARBG/For.All.Mankind.S03.1080p.WEBRip.x265-RARBG/For.All.Mankind.S03E02.1080p.WEBRip.x265-RARBG.mp4,3,2,7772588,
1857,540,1080,1,122,170,864,122,35616,0.061,1.5960910491994582,71376,/home/amos/media/tv/For.All.Mankind.S01-S03.1080p.WEBRip.x265-RARBG/For.All.Mankind.S03.1080p.WEBRip.x265-RARBG/For.All.Mankind.S03E02.1080p.WEBRip.x265-RARBG.mp4,3,2,7772588,
1858,540,1080,2,67,368,764,67,209797,0.36,2.08221705671167,71376,/home/amos/media/tv/For.All.Mankind.S01-S03.1080p.WEBRip.x265-RARBG/For.All.Mankind.S03.1080p.WEBRip.x265-RARBG/For.All.Mankind.S03E02.1080p.WEBRip.x265-RARBG.mp4,3,2,7772588,
1859,540,1080,0,221,120,373,221,15352,0.026,11.066834114433732,71400,/home/amos/media/tv/For.All.Mankind.S01-S03.1080p.WEBRip.x265-RARBG/For.All.Mankind.S03.1080p.WEBRip.x265-RARBG/For.All.Mankind.S03E02.1080p.WEBRip.x265-RARBG.mp4,3,2,7772588,
1860,540,1080,1,79,396,763,79,216828,0.372,0.8833550034905784,71400,/home/amos/media/tv/For.All.Mankind.S01-S03.1080p.WEBRip.x265-RARBG/For.All.Mankind.S03.1080p.WEBRip.x265-RARBG/For.All.Mankind.S03E02.1080p.WEBRip.x265-RARBG.mp4,3,2,7772588,
1861,540,1080,0,216,122,376,216,15040,0.026,9.780644113663584,71424,/home/amos/media/tv/For.All.Mankind.S01-S03.1080p.WEBRip.x265-RARBG/For.All.Mankind.S03.1080p.WEBRip.x265-RARBG/For.All.Mankind.S03E02.1080p.WEBRip.x265-RARBG.mp4,3,2,7772588,
1862,540,1080,1,83,398,761,83,213570,0.366,0.8981080843950622,71424,/home/amos/media/tv/For.All.Mankind.S01-S03.1080p.WEBRip.x265-RARBG/For.All.Mankind.S03.1080p.WEBRip.x265-RARBG/For.All.Mankind.S03E02.1080p.WEBRip.x265-RARBG.mp4,3,2,7772588,
1863,540,1080,0,224,118,383,224,16854,0.029,9.921583068848122,71448,/home/amos/media/tv/For.All.Mankind.S01-S03.1080p.WEBRip.x265-RARBG/For.All.Mankind.S03.1080p.WEBRip.x265-RARBG/For.All.Mankind.S03E02.1080p.WEBRip.x265-RARBG.mp4,3,2,7772588,
1864,540,1080,1,83,398,759,83,212940,0.365,1.8312400821014307,71448,/home/amos/media/tv/For.All.Mankind.S01-S03.1080p.WEBRip.x265-RARBG/For.All.Mankind.S03.1080p.WEBRip.x265-RARBG/For.All.Mankind.S03E02.1080p.WEBRip.x265-RARBG.mp4,3,2,7772588,
1865,540,1080,0,90,164,314,90,16576,0.028,7.654125099943485,71472,/home/amos/media/tv/For.All.Mankind.S01-S03.1080p.WEBRip.x265-RARBG/For.All.Mankind.S03.1080p.WEBRip.x265-RARBG/For.All.Mankind.S03E02.1080p.WEBRip.x265-RARBG.mp4,3,2,7772588,
1866,540,1080,1,91,119,648,91,15596,0.027,8.814540012914222,71472,/home/amos/media/tv/For.All.Mankind.S01-S03.1080p.WEBRip.x265-RARBG/For.All.Mankind.S03.1080p.WEBRip.x265-RARBG/For.All.Mankind.S03E02.1080p.WEBRip.x265-RARBG.mp4,3,2,7772588,
1867,540,1080,0,88,121,648,88,18480,0.032,7.389002058713231,71496,/home/amos/media/tv/For.All.Mankind.S01-S03.1080p.WEBRip.x265-RARBG/For.All.Mankind.S03.1080p.WEBRip.x265-RARBG/For.All.Mankind.S03E02.1080p.WEBRip.x265-RARBG.mp4,3,2,7772588,
1868,540,1080,1,88,165,314,88,17402,0.03,8.24603112222394,71496,/home/amos/media/tv/For.All.Mankind.S01-S03.1080p.WEBRip.x265-RARBG/For.All.Mankind.S03.1080p.WEBRip.x265-RARBG/For.All.Mankind.S03E02.1080p.WEBRip.x265-RARBG.mp4,3,2,7772588,
1869,540,1080,0,88,166,317,88,17862,0.031,9.380246119515505,71520,/home/amos/media/tv/For.All.Mankind.S01-S03.1080p.WEBRip.x265-RARBG/For.All.Mankind.S03.1080p.WEBRip.x265-RARBG/For.All.Mankind.S03E02.1080p.WEBRip.x265-RARBG.mp4,3,2,7772588,
1870,540,1080,1,89,121,646,89,17824,0.031,6.325649016245734,71520,/home/amos/media/tv/For.All.Mankind.S01-S03.1080p.WEBRip.x265-RARBG/For.All.Mankind.S03.1080p.WEBRip.x265-RARBG/For.All.Mankind.S03E02.1080p.WEBRip.x265-RARBG.mp4,3,2,7772588,
1871,540,1080,0,87,121,647,87,19040,0.033,6.036025085428264,71544,/home/amos/media/tv/For.All.Mankind.S01-S03.1080p.WEBRip.x265-RARBG/For.All.Mankind.S03.1080p.WEBRip.x265-RARBG/For.All.Mankind.S03E02.1080p.WEBRip.x265-RARBG.mp4,3,2,7772588,
1872,540,1080,1,86,166,320,86,18720,0.032,7.768221106089186,71544,/home/amos/media/tv/For.All.Mankind.S01-S03.1080p.WEBRip.x265-RARBG/For.All.Mankind.S03.1080p.WEBRip.x265-RARBG/For.All.Mankind.S03E02.1080p.WEBRip.x265-RARBG.mp4,3,2,7772588,
1873,540,1080,0,81,157,300,81,16644,0.029,12.291475055215416,71568,/home/amos/media/tv/For.All.Mankind.S01-S03.1080p.WEBRip.x265-RARBG/For.All.Mankind.S03.1080p.WEBRip.x265-RARBG/For.All.Mankind.S03E02.1080p.WEBRip.x265-RARBG.mp4,3,2,7772588,
1874,540,1080,1,83,124,648,83,23165,0.04,5.228225051134359,71568,/home/amos/media/tv/For.All.Mankind.S01-S03.1080p.WEBRip.x265-RARBG/For.All.Mankind.S03.1080p.WEBRip.x265-RARBG/For.All.Mankind.S03E02.1080p.WEBRip.x265-RARBG.mp4,3,2,7772588,
1875,540,1080,0,79,180,297,79,22018,0.038,12.971315037866589,71592,/home/amos/media/tv/For.All.Mankind.S01-S03.1080p.WEBRip.x265-RARBG/For.All.Mankind.S03.1080p.WEBRip.x265-RARBG/For.All.Mankind.S03E02.1080p.WEBRip.x265-RARBG.mp4,3,2,7772588,
1876,540,1080,1,87,126,647,87,21840,0.037,4.084143073239829,71592,/home/amos/media/tv/For.All.Mankind.S01-S03.1080p.WEBRip.x265-RARBG/For.All.Mankind.S03.1080p.WEBRip.x265-RARBG/For.All.Mankind.S03E02.1080p.WEBRip.x265-RARBG.mp4,3,2,7772588,
1877,540,1080,2,104,123,607,104,9557,0.016,-0.1313598887645639,71592,/home/amos/media/tv/For.All.Mankind.S01-S03.1080p.WEBRip.x265-RARBG/For.All.Mankind.S03.1080p.WEBRip.x265-RARBG/For.All.Mankind.S03E02.1080p.WEBRip.x265-RARBG.mp4,3,2,7772588,
1878,540,1080,0,83,179,304,83,21216,0.036,12.627406105108092,71616,/home/amos/media/tv/For.All.Mankind.S01-S03.1080p.WEBRip.x265-RARBG/For.All.Mankind.S03.1080p.WEBRip.x265-RARBG/For.All.Mankind.S03E02.1080p.WEBRip.x265-RARBG.mp4,3,2,7772588,
1879,540,1080,1,86,126,647,86,22440,0.038,4.592603051045444,71616,/home/amos/media/tv/For.All.Mankind.S01-S03.1080p.WEBRip.x265-RARBG/For.All.Mankind.S03.1080p.WEBRip.x265-RARBG/For.All.Mankind.S03E02.1080p.WEBRip.x265-RARBG.mp4,3,2,7772588,
1880,540,1080,0,228,132,691,228,44448,0.076,4.287128123338334,71808,/home/amos/media/tv/For.All.Mankind.S01-S03.1080p.WEBRip.x265-RARBG/For.All.Mankind.S03.1080p.WEBRip.x265-RARBG/For.All.Mankind.S03E02.1080p.WEBRip.x265-RARBG.mp4,3,2,7772588,
1881,540,1080,0,340,97,141,340,48357,0.083,7.473079924995545,71952,/home/amos/media/tv/For.All.Mankind.S01-S03.1080p.WEBRip.x265-RARBG/For.All.Mankind.S03.1080p.WEBRip.x265-RARBG/For.All.Mankind.S03E02.1080p.WEBRip.x265-RARBG.mp4,3,2,7772588,
1882,540,1080,0,238,116,679,238,53802,0.092,1.848068067978602,72024,/home/amos/media/tv/For.All.Mankind.S01-S03.1080p.WEBRip.x265-RARBG/For.All.Mankind.S03.1080p.WEBRip.x265-RARBG/For.All.Mankind.S03E02.1080p.WEBRip.x265-RARBG.mp4,3,2,7772588,
1883,540,1080,0,245,109,656,245,55896,0.096,3.045492982841097,72048,/home/amos/media/tv/For.All.Mankind.S01-S03.1080p.WEBRip.x265-RARBG/For.All.Mankind.S03.1080p.WEBRip.x265-RARBG/For.All.Mankind.S03E02.1080p.WEBRip.x265-RARBG.mp4,3,2,7772588,
1884,540,1080,0,223,122,279,223,5656,0.01,8.361365967488382,72192,/home/amos/media/tv/For.All.Mankind.S01-S03.1080p.WEBRip.x265-RARBG/For.All.Mankind.S03.1080p.WEBRip.x265-RARBG/For.All.Mankind.S03E02.1080p.WEBRip.x265-RARBG.mp4,3,2,7772588,
1885,540,1080,1,83,404,684,83,192921,0.331,2.4131101040984504,72192,/home/amos/media/tv/For.All.Mankind.S01-S03.1080p.WEBRip.x265-RARBG/For.All.Mankind.S03.1080p.WEBRip.x265-RARBG/For.All.Mankind.S03E02.1080p.WEBRip.x265-RARBG.mp4,3,2,7772588,
1886,540,1080,0,217,120,282,217,6305,0.011,9.653827116533648,72216,/home/amos/media/tv/For.All.Mankind.S01-S03.1080p.WEBRip.x265-RARBG/For.All.Mankind.S03.1080p.WEBRip.x265-RARBG/For.All.Mankind.S03E02.1080p.WEBRip.x265-RARBG.mp4,3,2,7772588,
1887,540,1080,1,81,402,689,81,195168,0.335,2.676826086302753,72216,/home/amos/media/tv/For.All.Mankind.S01-S03.1080p.WEBRip.x265-RARBG/For.All.Mankind.S03.1080p.WEBRip.x265-RARBG/For.All.Mankind.S03E02.1080p.WEBRip.x265-RARBG.mp4,3,2,7772588,
1888,540,1080,0,215,120,284,215,6555,0.011,9.960987074940933,72240,/home/amos/media/tv/For.All.Mankind.S01-S03.1080p.WEBRip.x265-RARBG/For.All.Mankind.S03.1080p.WEBRip.x265-RARBG/For.All.Mankind.S03E02.1080p.WEBRip.x265-RARBG.mp4,3,2,7772588,
1889,540,1080,1,80,400,690,80,195200,0.335,4.053319063677918,72240,/home/amos/media/tv/For.All.Mankind.S01-S03.1080p.WEBRip.x265-RARBG/For.All.Mankind.S03.1080p.WEBRip.x265-RARBG/For.All.Mankind.S03E02.1080p.WEBRip.x265-RARBG.mp4,3,2,7772588,
1890,540,1080,0,217,121,282,217,6240,0.011,9.933590090775397,72264,/home/amos/media/tv/For.All.Mankind.S01-S03.1080p.WEBRip.x265-RARBG/For.All.Mankind.S03.1080p.WEBRip.x265-RARBG/For.All.Mankind.S03E02.1080p.WEBRip.x265-RARBG.mp4,3,2,7772588,
1891,540,1080,1,79,399,693,79,196480,0.337,4.517260138585698,72264,/home/amos/media/tv/For.All.Mankind.S01-S03.1080p.WEBRip.x265-RARBG/For.All.Mankind.S03.1080p.WEBRip.x265-RARBG/For.All.Mankind.S03E02.1080p.WEBRip.x265-RARBG.mp4,3,2,7772588,
1892,540,1080,0,215,120,283,215,6460,0.011,7.978194127499592,72288,/home/amos/media/tv/For.All.Mankind.S01-S03.1080p.WEBRip.x265-RARBG/For.All.Mankind.S03.1080p.WEBRip.x265-RARBG/For.All.Mankind.S03E02.1080p.WEBRip.x265-RARBG.mp4,3,2,7772588,
1893,540,1080,1,79,399,692,79,196160,0.336,4.165702131285798,72288,/home/amos/media/tv/For.All.Mankind.S01-S03.1080p.WEBRip.x265-RARBG/For.All.Mankind.S03.1080p.WEBRip.x265-RARBG/For.All.Mankind.S03E02.1080p.WEBRip.x265-RARBG.mp4,3,2,7772588,
1894,540,1080,0,214,121,286,214,6696,0.011,9.860519026115073,72312,/home/amos/media/tv/For.All.Mankind.S01-S03.1080p.WEBRip.x265-RARBG/For.All.Mankind.S03.1080p.WEBRip.x265-RARBG/For.All.Mankind.S03E02.1080p.WEBRip.x265-RARBG.mp4,3,2,7772588,
1895,540,1080,1,77,404,690,77,200451,0.344,5.366448076616507,72312,/home/amos/media/tv/For.All.Mankind.S01-S03.1080p.WEBRip.x265-RARBG/For.All.Mankind.S03.1080p.WEBRip.x265-RARBG/For.All.Mankind.S03E02.1080p.WEBRip.x265-RARBG.mp4,3,2,7772588,
1896,540,1080,0,147,211,651,147,32256,0.055,1.804472989810165,72384,/home/amos/media/tv/For.All.Mankind.S01-S03.1080p.WEBRip.x265-RARBG/For.All.Mankind.S03.1080p.WEBRip.x265-RARBG/For.All.Mankind.S03E02.1080p.WEBRip.x265-RARBG.mp4,3,2,7772588,
1897,540,1080,0,156,211,633,156,26235,0.045,3.13113501801854,72408,/home/amos/media/tv/For.All.Mankind.S01-S03.1080p.WEBRip.x265-RARBG/For.All.Mankind.S03.1080p.WEBRip.x265-RARBG/For.All.Mankind.S03E02.1080p.WEBRip.x265-RARBG.mp4,3,2,7772588,
1898,540,1080,0,45,194,407,45,53938,0.092,12.400688027904836,72576,/home/amos/media/tv/For.All.Mankind.S01-S03.1080p.WEBRip.x265-RARBG/For.All.Mankind.S03.1080p.WEBRip.x265-RARBG/For.All.Mankind.S03E02.1080p.WEBRip.x265-RARBG.mp4,3,2,7772588,
1899,540,1080,1,50,184,567,50,69278,0.119,8.016304097080138,72576,/home/amos/media/tv/For.All.Mankind.S01-S03.1080p.WEBRip.x265-RARBG/For.All.Mankind.S03.1080p.WEBRip.x265-RARBG/For.All.Mankind.S03E02.1080p.WEBRip.x265-RARBG.mp4,3,2,7772588,
1900,540,1080,0,45,193,407,45,53576,0.092,10.7491830009385,72600,/home/amos/media/tv/For.All.Mankind.S01-S03.1080p.WEBRip.x265-RARBG/For.All.Mankind.S03.1080p.WEBRip.x265-RARBG/For.All.Mankind.S03E02.1080p.WEBRip.x265-RARBG.mp4,3,2,7772588,
1901,540,1080,1,48,186,571,48,72174,0.124,6.690975115343463,72600,/home/amos/media/tv/For.All.Mankind.S01-S03.1080p.WEBRip.x265-RARBG/For.All.Mankind.S03.1080p.WEBRip.x265-RARBG/For.All.Mankind.S03E02.1080p.WEBRip.x265-RARBG.mp4,3,2,7772588,
1902,540,1080,0,45,193,409,45,53872,0.092,9.403726087824907,72624,/home/amos/media/tv/For.All.Mankind.S01-S03.1080p.WEBRip.x265-RARBG/For.All.Mankind.S03.1080p.WEBRip.x265-RARBG/For.All.Mankind.S03E02.1080p.WEBRip.x265-RARBG.mp4,3,2,7772588,
1903,540,1080,1,48,188,565,48,72380,0.124,4.727190140809398,72624,/home/amos/media/tv/For.All.Mankind.S01-S03.1080p.WEBRip.x265-RARBG/For.All.Mankind.S03.1080p.WEBRip.x265-RARBG/For.All.Mankind.S03E02.1080p.WEBRip.x265-RARBG.mp4,3,2,7772588,
1904,540,1080,0,46,192,409,46,52998,0.091,12.63084608776262,72648,/home/amos/media/tv/For.All.Mankind.S01-S03.1080p.WEBRip.x265-RARBG/For.All.Mankind.S03.1080p.WEBRip.x265-RARBG/For.All.Mankind.S03E02.1080p.WEBRip.x265-RARBG.mp4,3,2,7772588,
1905,540,1080,1,43,195,563,43,79040,0.136,2.633659033512231,72648,/home/amos/media/tv/For.All.Mankind.S01-S03.1080p.WEBRip.x265-RARBG/For.All.Mankind.S03.1080p.WEBRip.x265-RARBG/For.All.Mankind.S03E02.1080p.WEBRip.x265-RARBG.mp4,3,2,7772588,
1906,540,1080,0,44,193,411,44,54683,0.094,8.763002134277485,72672,/home/amos/media/tv/For.All.Mankind.S01-S03.1080p.WEBRip.x265-RARBG/For.All.Mankind.S03.1080p.WEBRip.x265-RARBG/For.All.Mankind.S03E02.1080p.WEBRip.x265-RARBG.mp4,3,2,7772588,
1907,540,1080,1,44,187,567,44,74789,0.128,5.89772705239011,72672,/home/amos/media/tv/For.All.Mankind.S01-S03.1080p.WEBRip.x265-RARBG/For.All.Mankind.S03.1080p.WEBRip.x265-RARBG/For.All.Mankind.S03E02.1080p.WEBRip.x265-RARBG.mp4,3,2,7772588,
1908,540,1080,0,46,194,410,46,53872,0.092,11.7440240450087,72696,/home/amos/media/tv/For.All.Mankind.S01-S03.1080p.WEBRip.x265-RARBG/For.All.Mankind.S03.1080p.WEBRip.x265-RARBG/For.All.Mankind.S03E02.1080p.WEBRip.x265-RARBG.mp4,3,2,7772588,
1909,540,1080,0,51,169,582,51,62658,0.107,6.638673087058123,72720,/home/amos/media/tv/For.All.Mankind.S01-S03.1080p.WEBRip.x265-RARBG/For.All.Mankind.S03.1080p.WEBRip.x265-RARBG/For.All.Mankind.S03E02.1080p.WEBRip.x265-RARBG.mp4,3,2,7772588,
1910,540,1080,1,46,194,410,46,53872,0.092,10.076043132401535,72720,/home/amos/media/tv/For.All.Mankind.S01-S03.1080p.WEBRip.x265-RARBG/For.All.Mankind.S03.1080p.WEBRip.x265-RARBG/For.All.Mankind.S03E02.1080p.WEBRip.x265-RARBG.mp4,3,2,7772588,
1911,540,1080,0,235,96,310,235,10425,0.018,9.549362043850124,72744,/home/amos/media/tv/For.All.Mankind.S01-S03.1080p.WEBRip.x265-RARBG/For.All.Mankind.S03.1080p.WEBRip.x265-RARBG/For.All.Mankind.S03E02.1080p.WEBRip.x265-RARBG.mp4,3,2,7772588,
1912,540,1080,0,231,114,301,231,8190,0.014,10.476009022910148,72768,/home/amos/media/tv/For.All.Mankind.S01-S03.1080p.WEBRip.x265-RARBG/For.All.Mankind.S03.1080p.WEBRip.x265-RARBG/For.All.Mankind.S03E02.1080p.WEBRip.x265-RARBG.mp4,3,2,7772588,
1913,540,1080,0,226,117,299,226,7957,0.014,7.968817174609285,72792,/home/amos/media/tv/For.All.Mankind.S01-S03.1080p.WEBRip.x265-RARBG/For.All.Mankind.S03.1080p.WEBRip.x265-RARBG/For.All.Mankind.S03E02.1080p.WEBRip.x265-RARBG.mp4,3,2,7772588,
1914,540,1080,1,66,469,641,66,231725,0.397,2.163635049655568,72792,/home/amos/media/tv/For.All.Mankind.S01-S03.1080p.WEBRip.x265-RARBG/For.All.Mankind.S03.1080p.WEBRip.x265-RARBG/For.All.Mankind.S03E02.1080p.WEBRip.x265-RARBG.mp4,3,2,7772588,
1915,540,1080,0,226,118,299,226,7884,0.014,10.161705146718305,72816,/home/amos/media/tv/For.All.Mankind.S01-S03.1080p.WEBRip.x265-RARBG/For.All.Mankind.S03.1080p.WEBRip.x265-RARBG/For.All.Mankind.S03E02.1080p.WEBRip.x265-RARBG.mp4,3,2,7772588,
1916,540,1080,0,228,117,296,228,7548,0.013,9.632080095994752,72840,/home/amos/media/tv/For.All.Mankind.S01-S03.1080p.WEBRip.x265-RARBG/For.All.Mankind.S03.1080p.WEBRip.x265-RARBG/For.All.Mankind.S03E02.1080p.WEBRip.x265-RARBG.mp4,3,2,7772588,
1917,540,1080,0,221,119,297,221,7752,0.013,9.983638103294652,72864,/home/amos/media/tv/For.All.Mankind.S01-S03.1080p.WEBRip.x265-RARBG/For.All.Mankind.S03.1080p.WEBRip.x265-RARBG/For.All.Mankind.S03E02.1080p.WEBRip.x265-RARBG.mp4,3,2,7772588,
1918,540,1080,0,228,116,295,228,7504,0.013,9.797629104403311,72888,/home/amos/media/tv/For.All.Mankind.S01-S03.1080p.WEBRip.x265-RARBG/For.All.Mankind.S03.1080p.WEBRip.x265-RARBG/For.All.Mankind.S03E02.1080p.WEBRip.x265-RARBG.mp4,3,2,7772588,
1919,540,1080,0,77,325,326,77,61752,0.106,5.20569011074258,72912,/home/amos/media/tv/For.All.Mankind.S01-S03.1080p.WEBRip.x265-RARBG/For.All.Mankind.S03.1080p.WEBRip.x265-RARBG/For.All.Mankind.S03E02.1080p.WEBRip.x265-RARBG.mp4,3,2,7772588,
1920,540,1080,0,74,325,305,74,57981,0.099,3.424218074302189,72936,/home/amos/media/tv/For.All.Mankind.S01-S03.1080p.WEBRip.x265-RARBG/For.All.Mankind.S03.1080p.WEBRip.x265-RARBG/For.All.Mankind.S03E02.1080p.WEBRip.x265-RARBG.mp4,3,2,7772588,
1921,540,1080,0,74,325,283,74,52459,0.09,3.721412946411874,72960,/home/amos/media/tv/For.All.Mankind.S01-S03.1080p.WEBRip.x265-RARBG/For.All.Mankind.S03.1080p.WEBRip.x265-RARBG/For.All.Mankind.S03E02.1080p.WEBRip.x265-RARBG.mp4,3,2,7772588,
1922,540,1080,0,26,296,851,26,222750,0.382,4.5005810805014335,73080,/home/amos/media/tv/For.All.Mankind.S01-S03.1080p.WEBRip.x265-RARBG/For.All.Mankind.S03.1080p.WEBRip.x265-RARBG/For.All.Mankind.S03E02.1080p.WEBRip.x265-RARBG.mp4,3,2,7772588,
1923,540,1080,0,28,228,823,28,159000,0.273,5.065428021887783,73104,/home/amos/media/tv/For.All.Mankind.S01-S03.1080p.WEBRip.x265-RARBG/For.All.Mankind.S03.1080p.WEBRip.x265-RARBG/For.All.Mankind.S03E02.1080p.WEBRip.x265-RARBG.mp4,3,2,7772588,
1924,540,1080,1,30,275,217,30,45815,0.079,3.851492920017336,73104,/home/amos/media/tv/For.All.Mankind.S01-S03.1080p.WEBRip.x265-RARBG/For.All.Mankind.S03.1080p.WEBRip.x265-RARBG/For.All.Mankind.S03E02.1080p.WEBRip.x265-RARBG.mp4,3,2,7772588,
1925,540,1080,0,31,197,855,31,136784,0.235,2.1378380772075616,73128,/home/amos/media/tv/For.All.Mankind.S01-S03.1080p.WEBRip.x265-RARBG/For.All.Mankind.S03.1080p.WEBRip.x265-RARBG/For.All.Mankind.S03E02.1080p.WEBRip.x265-RARBG.mp4,3,2,7772588,
1926,540,1080,0,31,249,165,31,29212,0.05,4.452482854947448,73248,/home/amos/media/tv/For.All.Mankind.S01-S03.1080p.WEBRip.x265-RARBG/For.All.Mankind.S03.1080p.WEBRip.x265-RARBG/For.All.Mankind.S03E02.1080p.WEBRip.x265-RARBG.mp4,3,2,7772588,
1927,540,1080,0,29,249,165,29,29920,0.051,2.961425891146064,73272,/home/amos/media/tv/For.All.Mankind.S01-S03.1080p.WEBRip.x265-RARBG/For.All.Mankind.S03.1080p.WEBRip.x265-RARBG/For.All.Mankind.S03E02.1080p.WEBRip.x265-RARBG.mp4,3,2,7772588,
1928,540,1080,0,31,248,166,31,29295,0.05,5.418205846624915,73296,/home/amos/media/tv/For.All.Mankind.S01-S03.1080p.WEBRip.x265-RARBG/For.All.Mankind.S03.1080p.WEBRip.x265-RARBG/For.All.Mankind.S03E02.1080p.WEBRip.x265-RARBG.mp4,3,2,7772588,
1929,540,1080,0,106,63,547,106,18963,0.033,11.853912145481443,73416,/home/amos/media/tv/For.All.Mankind.S01-S03.1080p.WEBRip.x265-RARBG/For.All.Mankind.S03.1080p.WEBRip.x265-RARBG/For.All.Mankind.S03E02.1080p.WEBRip.x265-RARBG.mp4,3,2,7772588,
1930,540,1080,0,52,163,609,52,61827,0.106,3.686943059496116,73488,/home/amos/media/tv/For.All.Mankind.S01-S03.1080p.WEBRip.x265-RARBG/For.All.Mankind.S03.1080p.WEBRip.x265-RARBG/For.All.Mankind.S03E02.1080p.WEBRip.x265-RARBG.mp4,3,2,7772588,
1931,540,1080,0,53,69,598,53,8720,0.015,4.790778104390483,73512,/home/amos/media/tv/For.All.Mankind.S01-S03.1080p.WEBRip.x265-RARBG/For.All.Mankind.S03.1080p.WEBRip.x265-RARBG/For.All.Mankind.S03E02.1080p.WEBRip.x265-RARBG.mp4,3,2,7772588,
1932,540,1080,0,73,276,158,73,17255,0.03,2.2404739948106,73536,/home/amos/media/tv/For.All.Mankind.S01-S03.1080p.WEBRip.x265-RARBG/For.All.Mankind.S03.1080p.WEBRip.x265-RARBG/For.All.Mankind.S03E02.1080p.WEBRip.x265-RARBG.mp4,3,2,7772588,
1933,540,1080,0,40,14,584,40,14144,0.024,5.598513996927068,73584,/home/amos/media/tv/For.All.Mankind.S01-S03.1080p.WEBRip.x265-RARBG/For.All.Mankind.S03.1080p.WEBRip.x265-RARBG/For.All.Mankind.S03E02.1080p.WEBRip.x265-RARBG.mp4,3,2,7772588,
1934,540,1080,0,98,48,637,98,26950,0.046,10.835806114715524,73632,/home/amos/media/tv/For.All.Mankind.S01-S03.1080p.WEBRip.x265-RARBG/For.All.Mankind.S03.1080p.WEBRip.x265-RARBG/For.All.Mankind.S03E02.1080p.WEBRip.x265-RARBG.mp4,3,2,7772588,
1935,540,1080,0,62,187,509,62,55875,0.096,6.964747146819718,73680,/home/amos/media/tv/For.All.Mankind.S01-S03.1080p.WEBRip.x265-RARBG/For.All.Mankind.S03.1080p.WEBRip.x265-RARBG/For.All.Mankind.S03E02.1080p.WEBRip.x265-RARBG.mp4,3,2,7772588,
1936,540,1080,0,70,165,445,70,35625,0.061,6.499310058716219,73704,/home/amos/media/tv/For.All.Mankind.S01-S03.1080p.WEBRip.x265-RARBG/For.All.Mankind.S03.1080p.WEBRip.x265-RARBG/For.All.Mankind.S03E02.1080p.WEBRip.x265-RARBG.mp4,3,2,7772588,
1937,540,1080,1,86,433,555,86,162743,0.279,2.4824550465564243,73704,/home/amos/media/tv/For.All.Mankind.S01-S03.1080p.WEBRip.x265-RARBG/For.All.Mankind.S03.1080p.WEBRip.x265-RARBG/For.All.Mankind.S03E02.1080p.WEBRip.x265-RARBG.mp4,3,2,7772588,
1938,540,1080,0,80,159,425,80,27255,0.047,7.140031979128253,73728,/home/amos/media/tv/For.All.Mankind.S01-S03.1080p.WEBRip.x265-RARBG/For.All.Mankind.S03.1080p.WEBRip.x265-RARBG/For.All.Mankind.S03E02.1080p.WEBRip.x265-RARBG.mp4,3,2,7772588,
1939,540,1080,0,110,56,669,110,30186,0.052,6.224865038122516,73752,/home/amos/media/tv/For.All.Mankind.S01-S03.1080p.WEBRip.x265-RARBG/For.All.Mankind.S03.1080p.WEBRip.x265-RARBG/For.All.Mankind.S03E02.1080p.WEBRip.x265-RARBG.mp4,3,2,7772588,
1940,540,1080,1,85,171,441,85,30616,0.052,8.057759016402997,73752,/home/amos/media/tv/For.All.Mankind.S01-S03.1080p.WEBRip.x265-RARBG/For.All.Mankind.S03.1080p.WEBRip.x265-RARBG/For.All.Mankind.S03E02.1080p.WEBRip.x265-RARBG.mp4,3,2,7772588,
1941,540,1080,0,32,234,111,32,15958,0.027,4.349014051200356,73776,/home/amos/media/tv/For.All.Mankind.S01-S03.1080p.WEBRip.x265-RARBG/For.All.Mankind.S03.1080p.WEBRip.x265-RARBG/For.All.Mankind.S03E02.1080p.WEBRip.x265-RARBG.mp4,3,2,7772588,
1942,540,1080,0,48,219,67,48,3249,0.006,4.925078027823474,73848,/home/amos/media/tv/For.All.Mankind.S01-S03.1080p.WEBRip.x265-RARBG/For.All.Mankind.S03.1080p.WEBRip.x265-RARBG/For.All.Mankind.S03E02.1080p.WEBRip.x265-RARBG.mp4,3,2,7772588,
1943,540,1080,0,126,50,685,126,42484,0.073,7.299927988031413,73968,/home/amos/media/tv/For.All.Mankind.S01-S03.1080p.WEBRip.x265-RARBG/For.All.Mankind.S03.1080p.WEBRip.x265-RARBG/For.All.Mankind.S03E02.1080p.WEBRip.x265-RARBG.mp4,3,2,7772588,
1944,540,1080,0,124,52,697,124,41256,0.071,12.26545008661924,73992,/home/amos/media/tv/For.All.Mankind.S01-S03.1080p.WEBRip.x265-RARBG/For.All.Mankind.S03.1080p.WEBRip.x265-RARBG/For.All.Mankind.S03E02.1080p.WEBRip.x265-RARBG.mp4,3,2,7772588,
1945,540,1080,0,124,48,686,124,42712,0.073,8.877941128972452,74016,/home/amos/media/tv/For.All.Mankind.S01-S03.1080p.WEBRip.x265-RARBG/For.All.Mankind.S03.1080p.WEBRip.x265-RARBG/For.All.Mankind.S03E02.1080p.WEBRip.x265-RARBG.mp4,3,2,7772588,
1946,540,1080,0,127,42,716,127,50065,0.086,10.1039730302291,74040,/home/amos/media/tv/For.All.Mankind.S01-S03.1080p.WEBRip.x265-RARBG/For.All.Mankind.S03.1080p.WEBRip.x265-RARBG/For.All.Mankind.S03E02.1080p.WEBRip.x265-RARBG.mp4,3,2,7772588,
1947,540,1080,0,132,46,730,132,51428,0.088,11.667697073076852,74064,/home/amos/media/tv/For.All.Mankind.S01-S03.1080p.WEBRip.x265-RARBG/For.All.Mankind.S03.1080p.WEBRip.x265-RARBG/For.All.Mankind.S03E02.1080p.WEBRip.x265-RARBG.mp4,3,2,7772588,
1948,540,1080,0,70,148,414,70,26832,0.046,4.307740273128729,74088,/home/amos/media/tv/For.All.Mankind.S01-S03.1080p.WEBRip.x265-RARBG/For.All.Mankind.S03.1080p.WEBRip.x265-RARBG/For.All.Mankind.S03E02.1080p.WEBRip.x265-RARBG.mp4,3,2,7772588,
1949,540,1080,0,28,66,266,28,9044,0.016,2.8487460837932304,74112,/home/amos/media/tv/For.All.Mankind.S01-S03.1080p.WEBRip.x265-RARBG/For.All.Mankind.S03.1080p.WEBRip.x265-RARBG/For.All.Mankind.S03E02.1080p.WEBRip.x265-RARBG.mp4,3,2,7772588,
1950,540,1080,1,67,143,405,67,25688,0.044,4.285554172645789,74112,/home/amos/media/tv/For.All.Mankind.S01-S03.1080p.WEBRip.x265-RARBG/For.All.Mankind.S03.1080p.WEBRip.x265-RARBG/For.All.Mankind.S03E02.1080p.WEBRip.x265-RARBG.mp4,3,2,7772588,
1951,540,1080,0,68,148,416,68,27840,0.048,7.107133082055952,74136,/home/amos/media/tv/For.All.Mankind.S01-S03.1080p.WEBRip.x265-RARBG/For.All.Mankind.S03.1080p.WEBRip.x265-RARBG/For.All.Mankind.S03E02.1080p.WEBRip.x265-RARBG.mp4,3,2,7772588,
1952,540,1080,0,62,147,387,62,27625,0.047,2.610986042476725,74160,/home/amos/media/tv/For.All.Mankind.S01-S03.1080p.WEBRip.x265-RARBG/For.All.Mankind.S03.1080p.WEBRip.x265-RARBG/For.All.Mankind.S03E02.1080p.WEBRip.x265-RARBG.mp4,3,2,7772588,
1953,540,1080,0,127,48,706,127,45741,0.078,10.486751059244853,74184,/home/amos/media/tv/For.All.Mankind.S01-S03.1080p.WEBRip.x265-RARBG/For.All.Mankind.S03.1080p.WEBRip.x265-RARBG/For.All.Mankind.S03E02.1080p.WEBRip.x265-RARBG.mp4,3,2,7772588,
1954,540,1080,0,129,49,723,129,47520,0.081,10.08903704880504,74208,/home/amos/media/tv/For.All.Mankind.S01-S03.1080p.WEBRip.x265-RARBG/For.All.Mankind.S03.1080p.WEBRip.x265-RARBG/For.All.Mankind.S03E02.1080p.WEBRip.x265-RARBG.mp4,3,2,7772588,
1955,540,1080,0,127,47,738,127,48880,0.084,11.23827113735024,74232,/home/amos/media/tv/For.All.Mankind.S01-S03.1080p.WEBRip.x265-RARBG/For.All.Mankind.S03.1080p.WEBRip.x265-RARBG/For.All.Mankind.S03E02.1080p.WEBRip.x265-RARBG.mp4,3,2,7772588,
1956,540,1080,0,69,143,439,69,27380,0.047,6.234343055984937,74256,/home/amos/media/tv/For.All.Mankind.S01-S03.1080p.WEBRip.x265-RARBG/For.All.Mankind.S03.1080p.WEBRip.x265-RARBG/For.All.Mankind.S03E02.1080p.WEBRip.x265-RARBG.mp4,3,2,7772588,
1957,540,1080,0,69,142,442,69,27229,0.047,6.865956184396055,74280,/home/amos/media/tv/For.All.Mankind.S01-S03.1080p.WEBRip.x265-RARBG/For.All.Mankind.S03.1080p.WEBRip.x265-RARBG/For.All.Mankind.S03E02.1080p.WEBRip.x265-RARBG.mp4,3,2,7772588,
1958,540,1080,0,132,48,709,132,48468,0.083,7.286543937807437,74304,/home/amos/media/tv/For.All.Mankind.S01-S03.1080p.WEBRip.x265-RARBG/For.All.Mankind.S03.1080p.WEBRip.x265-RARBG/For.All.Mankind.S03E02.1080p.WEBRip.x265-RARBG.mp4,3,2,7772588,
1959,540,1080,0,123,53,338,123,15050,0.026,9.866787067323456,74400,/home/amos/media/tv/For.All.Mankind.S01-S03.1080p.WEBRip.x265-RARBG/For.All.Mankind.S03.1080p.WEBRip.x265-RARBG/For.All.Mankind.S03E02.1080p.WEBRip.x265-RARBG.mp4,3,2,7772588,
1960,540,1080,0,145,56,333,145,16732,0.029,7.578004060429521,74424,/home/amos/media/tv/For.All.Mankind.S01-S03.1080p.WEBRip.x265-RARBG/For.All.Mankind.S03.1080p.WEBRip.x265-RARBG/For.All.Mankind.S03E02.1080p.WEBRip.x265-RARBG.mp4,3,2,7772588,
1961,540,1080,0,78,120,498,78,17640,0.03,2.8583100646501407,74448,/home/amos/media/tv/For.All.Mankind.S01-S03.1080p.WEBRip.x265-RARBG/For.All.Mankind.S03.1080p.WEBRip.x265-RARBG/For.All.Mankind.S03E02.1080p.WEBRip.x265-RARBG.mp4,3,2,7772588,
1962,540,1080,0,124,337,364,124,51120,0.088,2.638923148566392,74520,/home/amos/media/tv/For.All.Mankind.S01-S03.1080p.WEBRip.x265-RARBG/For.All.Mankind.S03.1080p.WEBRip.x265-RARBG/For.All.Mankind.S03E02.1080p.WEBRip.x265-RARBG.mp4,3,2,7772588,
1963,540,1080,0,145,65,353,145,16640,0.029,10.838832938869018,74664,/home/amos/media/tv/For.All.Mankind.S01-S03.1080p.WEBRip.x265-RARBG/For.All.Mankind.S03.1080p.WEBRip.x265-RARBG/For.All.Mankind.S03E02.1080p.WEBRip.x265-RARBG.mp4,3,2,7772588,
1964,540,1080,0,140,63,351,140,16247,0.028,12.37378309102496,74688,/home/amos/media/tv/For.All.Mankind.S01-S03.1080p.WEBRip.x265-RARBG/For.All.Mankind.S03.1080p.WEBRip.x265-RARBG/For.All.Mankind.S03E02.1080p.WEBRip.x265-RARBG.mp4,3,2,7772588,
1965,540,1080,0,141,69,345,141,14688,0.025,12.024985057476442,74712,/home/amos/media/tv/For.All.Mankind.S01-S03.1080p.WEBRip.x265-RARBG/For.All.Mankind.S03.1080p.WEBRip.x265-RARBG/For.All.Mankind.S03E02.1080p.WEBRip.x265-RARBG.mp4,3,2,7772588,
1966,540,1080,0,144,65,354,144,16590,0.028,12.951116041222122,74736,/home/amos/media/tv/For.All.Mankind.S01-S03.1080p.WEBRip.x265-RARBG/For.All.Mankind.S03.1080p.WEBRip.x265-RARBG/For.All.Mankind.S03E02.1080p.WEBRip.x265-RARBG.mp4,3,2,7772588,
1967,540,1080,0,148,63,353,148,17425,0.03,9.367928001040127,74760,/home/amos/media/tv/For.All.Mankind.S01-S03.1080p.WEBRip.x265-RARBG/For.All.Mankind.S03.1080p.WEBRip.x265-RARBG/For.All.Mankind.S03E02.1080p.WEBRip.x265-RARBG.mp4,3,2,7772588,
1968,540,1080,0,92,113,454,92,7602,0.013,6.113411031255964,74952,/home/amos/media/tv/For.All.Mankind.S01-S03.1080p.WEBRip.x265-RARBG/For.All.Mankind.S03.1080p.WEBRip.x265-RARBG/For.All.Mankind.S03E02.1080p.WEBRip.x265-RARBG.mp4,3,2,7772588,
1969,540,1080,0,147,51,327,147,17280,0.03,9.600414029264355,74976,/home/amos/media/tv/For.All.Mankind.S01-S03.1080p.WEBRip.x265-RARBG/For.All.Mankind.S03.1080p.WEBRip.x265-RARBG/For.All.Mankind.S03E02.1080p.WEBRip.x265-RARBG.mp4,3,2,7772588,
1970,540,1080,0,143,53,294,143,13590,0.023,6.095222074596677,75000,/home/amos/media/tv/For.All.Mankind.S01-S03.1080p.WEBRip.x265-RARBG/For.All.Mankind.S03.1080p.WEBRip.x265-RARBG/For.All.Mankind.S03E02.1080p.WEBRip.x265-RARBG.mp4,3,2,7772588,
1971,540,1080,0,129,102,434,129,8235,0.014,5.055609028262552,75024,/home/amos/media/tv/For.All.Mankind.S01-S03.1080p.WEBRip.x265-RARBG/For.All.Mankind.S03.1080p.WEBRip.x265-RARBG/For.All.Mankind.S03E02.1080p.WEBRip.x265-RARBG.mp4,3,2,7772588,
1972,540,1080,0,140,118,623,140,10626,0.018,9.95458813238656,75168,/home/amos/media/tv/For.All.Mankind.S01-S03.1080p.WEBRip.x265-RARBG/For.All.Mankind.S03.1080p.WEBRip.x265-RARBG/For.All.Mankind.S03E02.1080p.WEBRip.x265-RARBG.mp4,3,2,7772588,
1973,540,1080,1,89,266,173,89,14868,0.025,0.5517021002597176,75168,/home/amos/media/tv/For.All.Mankind.S01-S03.1080p.WEBRip.x265-RARBG/For.All.Mankind.S03.1080p.WEBRip.x265-RARBG/For.All.Mankind.S03E02.1080p.WEBRip.x265-RARBG.mp4,3,2,7772588,
1974,540,1080,0,132,137,617,132,2425,0.004,5.66413210023893,75192,/home/amos/media/tv/For.All.Mankind.S01-S03.1080p.WEBRip.x265-RARBG/For.All.Mankind.S03.1080p.WEBRip.x265-RARBG/For.All.Mankind.S03E02.1080p.WEBRip.x265-RARBG.mp4,3,2,7772588,
1975,540,1080,0,137,104,196,137,1947,0.003,9.44488202634966,75216,/home/amos/media/tv/For.All.Mankind.S01-S03.1080p.WEBRip.x265-RARBG/For.All.Mankind.S03.1080p.WEBRip.x265-RARBG/For.All.Mankind.S03E02.1080p.WEBRip.x265-RARBG.mp4,3,2,7772588,
1976,540,1080,1,136,169,627,136,16203,0.028,7.786668030486908,75216,/home/amos/media/tv/For.All.Mankind.S01-S03.1080p.WEBRip.x265-RARBG/For.All.Mankind.S03.1080p.WEBRip.x265-RARBG/For.All.Mankind.S03E02.1080p.WEBRip.x265-RARBG.mp4,3,2,7772588,
1977,540,1080,0,27,234,458,27,89217,0.153,3.094977022963576,75360,/home/amos/media/tv/For.All.Mankind.S01-S03.1080p.WEBRip.x265-RARBG/For.All.Mankind.S03.1080p.WEBRip.x265-RARBG/For.All.Mankind.S03E02.1080p.WEBRip.x265-RARBG.mp4,3,2,7772588,
1978,540,1080,0,67,9,439,67,21576,0.037,2.7037390947225504,75504,/home/amos/media/tv/For.All.Mankind.S01-S03.1080p.WEBRip.x265-RARBG/For.All.Mankind.S03.1080p.WEBRip.x265-RARBG/For.All.Mankind.S03E02.1080p.WEBRip.x265-RARBG.mp4,3,2,7772588,
1979,540,1080,0,158,57,295,158,13837,0.024,6.448524112987798,75528,/home/amos/media/tv/For.All.Mankind.S01-S03.1080p.WEBRip.x265-RARBG/For.All.Mankind.S03.1080p.WEBRip.x265-RARBG/For.All.Mankind.S03E02.1080p.WEBRip.x265-RARBG.mp4,3,2,7772588,
1980,540,1080,1,150,124,757,150,15782,0.027,10.171422158018686,75528,/home/amos/media/tv/For.All.Mankind.S01-S03.1080p.WEBRip.x265-RARBG/For.All.Mankind.S03.1080p.WEBRip.x265-RARBG/For.All.Mankind.S03E02.1080p.WEBRip.x265-RARBG.mp4,3,2,7772588,
1981,540,1080,0,138,80,336,138,11484,0.02,5.084699044877198,75552,/home/amos/media/tv/For.All.Mankind.S01-S03.1080p.WEBRip.x265-RARBG/For.All.Mankind.S03.1080p.WEBRip.x265-RARBG/For.All.Mankind.S03E02.1080p.WEBRip.x265-RARBG.mp4,3,2,7772588,
1982,540,1080,1,140,162,718,140,12716,0.022,8.893914156069513,75552,/home/amos/media/tv/For.All.Mankind.S01-S03.1080p.WEBRip.x265-RARBG/For.All.Mankind.S03.1080p.WEBRip.x265-RARBG/For.All.Mankind.S03E02.1080p.WEBRip.x265-RARBG.mp4,3,2,7772588,
1983,540,1080,0,142,49,357,142,19995,0.034,7.640962180332281,75576,/home/amos/media/tv/For.All.Mankind.S01-S03.1080p.WEBRip.x265-RARBG/For.All.Mankind.S03.1080p.WEBRip.x265-RARBG/For.All.Mankind.S03E02.1080p.WEBRip.x265-RARBG.mp4,3,2,7772588,
1984,540,1080,1,150,148,734,150,1168,0.002,9.287056029192172,75576,/home/amos/media/tv/For.All.Mankind.S01-S03.1080p.WEBRip.x265-RARBG/For.All.Mankind.S03.1080p.WEBRip.x265-RARBG/For.All.Mankind.S03E02.1080p.WEBRip.x265-RARBG.mp4,3,2,7772588,
1985,540,1080,0,153,167,748,153,8330,0.014,11.095815088716336,75600,/home/amos/media/tv/For.All.Mankind.S01-S03.1080p.WEBRip.x265-RARBG/For.All.Mankind.S03.1080p.WEBRip.x265-RARBG/For.All.Mankind.S03E02.1080p.WEBRip.x265-RARBG.mp4,3,2,7772588,
1986,540,1080,0,137,166,730,137,17197,0.029,10.944679054082371,75624,/home/amos/media/tv/For.All.Mankind.S01-S03.1080p.WEBRip.x265-RARBG/For.All.Mankind.S03.1080p.WEBRip.x265-RARBG/For.All.Mankind.S03E02.1080p.WEBRip.x265-RARBG.mp4,3,2,7772588,
1987,540,1080,0,147,136,741,147,6534,0.011,7.110720130323898,75648,/home/amos/media/tv/For.All.Mankind.S01-S03.1080p.WEBRip.x265-RARBG/For.All.Mankind.S03.1080p.WEBRip.x265-RARBG/For.All.Mankind.S03E02.1080p.WEBRip.x265-RARBG.mp4,3,2,7772588,
1988,540,1080,0,141,150,705,141,5076,0.009,7.793929054809269,75672,/home/amos/media/tv/For.All.Mankind.S01-S03.1080p.WEBRip.x265-RARBG/For.All.Mankind.S03.1080p.WEBRip.x265-RARBG/For.All.Mankind.S03E02.1080p.WEBRip.x265-RARBG.mp4,3,2,7772588,
1989,540,1080,0,140,65,293,140,11475,0.02,4.694546008657198,75696,/home/amos/media/tv/For.All.Mankind.S01-S03.1080p.WEBRip.x265-RARBG/For.All.Mankind.S03.1080p.WEBRip.x265-RARBG/For.All.Mankind.S03E02.1080p.WEBRip.x265-RARBG.mp4,3,2,7772588,
1990,540,1080,1,146,125,721,146,12075,0.021,11.399237132805863,75696,/home/amos/media/tv/For.All.Mankind.S01-S03.1080p.WEBRip.x265-RARBG/For.All.Mankind.S03.1080p.WEBRip.x265-RARBG/For.All.Mankind.S03E02.1080p.WEBRip.x265-RARBG.mp4,3,2,7772588,
1991,540,1080,0,106,78,28,106,2184,0.004,3.4319111222284846,75720,/home/amos/media/tv/For.All.Mankind.S01-S03.1080p.WEBRip.x265-RARBG/For.All.Mankind.S03.1080p.WEBRip.x265-RARBG/For.All.Mankind.S03E02.1080p.WEBRip.x265-RARBG.mp4,3,2,7772588,
1992,540,1080,1,131,46,376,131,20825,0.036,5.82610408909386,75720,/home/amos/media/tv/For.All.Mankind.S01-S03.1080p.WEBRip.x265-RARBG/For.All.Mankind.S03.1080p.WEBRip.x265-RARBG/For.All.Mankind.S03E02.1080p.WEBRip.x265-RARBG.mp4,3,2,7772588,
1993,540,1080,2,141,139,713,141,1144,0.002,9.263066050771158,75720,/home/amos/media/tv/For.All.Mankind.S01-S03.1080p.WEBRip.x265-RARBG/For.All.Mankind.S03.1080p.WEBRip.x265-RARBG/For.All.Mankind.S03E02.1080p.WEBRip.x265-RARBG.mp4,3,2,7772588,
1994,540,1080,0,147,57,309,147,14580,0.025,4.686211132793687,75744,/home/amos/media/tv/For.All.Mankind.S01-S03.1080p.WEBRip.x265-RARBG/For.All.Mankind.S03.1080p.WEBRip.x265-RARBG/For.All.Mankind.S03E02.1080p.WEBRip.x265-RARBG.mp4,3,2,7772588,
1995,540,1080,1,142,134,698,142,4448,0.008,9.505205027933698,75744,/home/amos/media/tv/For.All.Mankind.S01-S03.1080p.WEBRip.x265-RARBG/For.All.Mankind.S03.1080p.WEBRip.x265-RARBG/For.All.Mankind.S03E02.1080p.WEBRip.x265-RARBG.mp4,3,2,7772588,
1996,540,1080,2,100,270,332,100,39440,0.068,3.475555123877712,75744,/home/amos/media/tv/For.All.Mankind.S01-S03.1080p.WEBRip.x265-RARBG/For.All.Mankind.S03.1080p.WEBRip.x265-RARBG/For.All.Mankind.S03E02.1080p.WEBRip.x265-RARBG.mp4,3,2,7772588,
1997,540,1080,0,150,39,395,150,27195,0.047,6.4861920375260524,75768,/home/amos/media/tv/For.All.Mankind.S01-S03.1080p.WEBRip.x265-RARBG/For.All.Mankind.S03.1080p.WEBRip.x265-RARBG/For.All.Mankind.S03E02.1080p.WEBRip.x265-RARBG.mp4,3,2,7772588,
1998,540,1080,1,154,128,715,154,14586,0.025,9.221042090270204,75768,/home/amos/media/tv/For.All.Mankind.S01-S03.1080p.WEBRip.x265-RARBG/For.All.Mankind.S03.1080p.WEBRip.x265-RARBG/For.All.Mankind.S03E02.1080p.WEBRip.x265-RARBG.mp4,3,2,7772588,
1999,540,1080,0,123,52,347,123,15904,0.027,4.29774601070676,75792,/home/amos/media/tv/For.All.Mankind.S01-S03.1080p.WEBRip.x265-RARBG/For.All.Mankind.S03.1080p.WEBRip.x265-RARBG/For.All.Mankind.S03E02.1080p.WEBRip.x265-RARBG.mp4,3,2,7772588,
2000,540,1080,1,155,117,664,155,19342,0.033,9.572218073706608,75792,/home/amos/media/tv/For.All.Mankind.S01-S03.1080p.WEBRip.x265-RARBG/For.All.Mankind.S03.1080p.WEBRip.x265-RARBG/For.All.Mankind.S03E02.1080p.WEBRip.x265-RARBG.mp4,3,2,7772588,
2001,540,1080,0,146,27,311,146,19635,0.034,6.684895186626818,75816,/home/amos/media/tv/For.All.Mankind.S01-S03.1080p.WEBRip.x265-RARBG/For.All.Mankind.S03.1080p.WEBRip.x265-RARBG/For.All.Mankind.S03E02.1080p.WEBRip.x265-RARBG.mp4,3,2,7772588,
2002,540,1080,1,152,98,664,152,27648,0.047,8.45554414059734,75816,/home/amos/media/tv/For.All.Mankind.S01-S03.1080p.WEBRip.x265-RARBG/For.All.Mankind.S03.1080p.WEBRip.x265-RARBG/For.All.Mankind.S03E02.1080p.WEBRip.x265-RARBG.mp4,3,2,7772588,
2003,540,1080,0,128,134,624,128,2976,0.005,8.191290080023464,75840,/home/amos/media/tv/For.All.Mankind.S01-S03.1080p.WEBRip.x265-RARBG/For.All.Mankind.S03.1080p.WEBRip.x265-RARBG/For.All.Mankind.S03E02.1080p.WEBRip.x265-RARBG.mp4,3,2,7772588,
2004,540,1080,1,91,284,173,91,15826,0.027,4.408905090007465,75840,/home/amos/media/tv/For.All.Mankind.S01-S03.1080p.WEBRip.x265-RARBG/For.All.Mankind.S03.1080p.WEBRip.x265-RARBG/For.All.Mankind.S03E02.1080p.WEBRip.x265-RARBG.mp4,3,2,7772588,
2005,540,1080,0,105,138,630,105,17325,0.03,9.021544070157688,75864,/home/amos/media/tv/For.All.Mankind.S01-S03.1080p.WEBRip.x265-RARBG/For.All.Mankind.S03.1080p.WEBRip.x265-RARBG/For.All.Mankind.S03E02.1080p.WEBRip.x265-RARBG.mp4,3,2,7772588,
2006,540,1080,0,69,159,369,69,27000,0.046,4.994129068625625,75888,/home/amos/media/tv/For.All.Mankind.S01-S03.1080p.WEBRip.x265-RARBG/For.All.Mankind.S03.1080p.WEBRip.x265-RARBG/For.All.Mankind.S03E02.1080p.WEBRip.x265-RARBG.mp4,3,2,7772588,
2007,540,1080,1,102,133,614,102,15872,0.027,5.90906813199399,75888,/home/amos/media/tv/For.All.Mankind.S01-S03.1080p.WEBRip.x265-RARBG/For.All.Mankind.S03.1080p.WEBRip.x265-RARBG/For.All.Mankind.S03E02.1080p.WEBRip.x265-RARBG.mp4,3,2,7772588,
2008,540,1080,0,170,59,281,170,12321,0.021,7.377658130542841,75912,/home/amos/media/tv/For.All.Mankind.S01-S03.1080p.WEBRip.x265-RARBG/For.All.Mankind.S03.1080p.WEBRip.x265-RARBG/For.All.Mankind.S03E02.1080p.WEBRip.x265-RARBG.mp4,3,2,7772588,
2009,540,1080,0,156,52,264,156,11232,0.019,9.784833110286854,75936,/home/amos/media/tv/For.All.Mankind.S01-S03.1080p.WEBRip.x265-RARBG/For.All.Mankind.S03.1080p.WEBRip.x265-RARBG/For.All.Mankind.S03E02.1080p.WEBRip.x265-RARBG.mp4,3,2,7772588,
2010,540,1080,1,59,421,566,59,183534,0.315,4.885120049526449,75936,/home/amos/media/tv/For.All.Mankind.S01-S03.1080p.WEBRip.x265-RARBG/For.All.Mankind.S03.1080p.WEBRip.x265-RARBG/For.All.Mankind.S03E02.1080p.WEBRip.x265-RARBG.mp4,3,2,7772588,
2011,540,1080,0,163,55,270,163,11556,0.02,9.514965056150686,75960,/home/amos/media/tv/For.All.Mankind.S01-S03.1080p.WEBRip.x265-RARBG/For.All.Mankind.S03.1080p.WEBRip.x265-RARBG/For.All.Mankind.S03E02.1080p.WEBRip.x265-RARBG.mp4,3,2,7772588,
2012,540,1080,1,56,438,562,56,193292,0.331,4.194515070819762,75960,/home/amos/media/tv/For.All.Mankind.S01-S03.1080p.WEBRip.x265-RARBG/For.All.Mankind.S03.1080p.WEBRip.x265-RARBG/For.All.Mankind.S03E02.1080p.WEBRip.x265-RARBG.mp4,3,2,7772588,
2013,540,1080,0,172,91,442,172,21870,0.037,9.323999059561174,75984,/home/amos/media/tv/For.All.Mankind.S01-S03.1080p.WEBRip.x265-RARBG/For.All.Mankind.S03.1080p.WEBRip.x265-RARBG/For.All.Mankind.S03E02.1080p.WEBRip.x265-RARBG.mp4,3,2,7772588,
2014,540,1080,0,195,89,426,195,24486,0.042,6.615900973614771,76008,/home/amos/media/tv/For.All.Mankind.S01-S03.1080p.WEBRip.x265-RARBG/For.All.Mankind.S03.1080p.WEBRip.x265-RARBG/For.All.Mankind.S03E02.1080p.WEBRip.x265-RARBG.mp4,3,2,7772588,
2015,540,1080,0,165,75,450,165,25650,0.044,7.683218064834364,76032,/home/amos/media/tv/For.All.Mankind.S01-S03.1080p.WEBRip.x265-RARBG/For.All.Mankind.S03.1080p.WEBRip.x265-RARBG/For.All.Mankind.S03E02.1080p.WEBRip.x265-RARBG.mp4,3,2,7772588,
2016,540,1080,0,173,58,386,173,24495,0.042,7.7864181495970115,76056,/home/amos/media/tv/For.All.Mankind.S01-S03.1080p.WEBRip.x265-RARBG/For.All.Mankind.S03.1080p.WEBRip.x265-RARBG/For.All.Mankind.S03E02.1080p.WEBRip.x265-RARBG.mp4,3,2,7772588,
2017,540,1080,0,169,40,384,169,27735,0.048,7.96510407619644,76080,/home/amos/media/tv/For.All.Mankind.S01-S03.1080p.WEBRip.x265-RARBG/For.All.Mankind.S03.1080p.WEBRip.x265-RARBG/For.All.Mankind.S03E02.1080p.WEBRip.x265-RARBG.mp4,3,2,7772588,
2018,540,1080,0,190,62,441,190,32128,0.055,4.681672097824048,76104,/home/amos/media/tv/For.All.Mankind.S01-S03.1080p.WEBRip.x265-RARBG/For.All.Mankind.S03.1080p.WEBRip.x265-RARBG/For.All.Mankind.S03E02.1080p.WEBRip.x265-RARBG.mp4,3,2,7772588,
2019,540,1080,0,181,63,420,181,28202,0.048,7.301525070506614,76128,/home/amos/media/tv/For.All.Mankind.S01-S03.1080p.WEBRip.x265-RARBG/For.All.Mankind.S03.1080p.WEBRip.x265-RARBG/For.All.Mankind.S03E02.1080p.WEBRip.x265-RARBG.mp4,3,2,7772588,
2020,540,1080,0,179,59,428,179,29880,0.051,8.235985084611457,76152,/home/amos/media/tv/For.All.Mankind.S01-S03.1080p.WEBRip.x265-RARBG/For.All.Mankind.S03.1080p.WEBRip.x265-RARBG/For.All.Mankind.S03E02.1080p.WEBRip.x265-RARBG.mp4,3,2,7772588,
2021,540,1080,0,198,54,456,198,37152,0.064,7.45990113762673,76176,/home/amos/media/tv/For.All.Mankind.S01-S03.1080p.WEBRip.x265-RARBG/For.All.Mankind.S03.1080p.WEBRip.x265-RARBG/For.All.Mankind.S03E02.1080p.WEBRip.x265-RARBG.mp4,3,2,7772588,
2022,540,1080,0,189,77,457,189,30016,0.051,8.586888137680944,76200,/home/amos/media/tv/For.All.Mankind.S01-S03.1080p.WEBRip.x265-RARBG/For.All.Mankind.S03.1080p.WEBRip.x265-RARBG/For.All.Mankind.S03E02.1080p.WEBRip.x265-RARBG.mp4,3,2,7772588,
2023,540,1080,0,188,76,450,188,29344,0.05,9.49150809290586,76224,/home/amos/media/tv/For.All.Mankind.S01-S03.1080p.WEBRip.x265-RARBG/For.All.Mankind.S03.1080p.WEBRip.x265-RARBG/For.All.Mankind.S03E02.1080p.WEBRip.x265-RARBG.mp4,3,2,7772588,
2024,540,1080,0,170,78,425,170,23460,0.04,7.510695122065954,76248,/home/amos/media/tv/For.All.Mankind.S01-S03.1080p.WEBRip.x265-RARBG/For.All.Mankind.S03.1080p.WEBRip.x265-RARBG/For.All.Mankind.S03E02.1080p.WEBRip.x265-RARBG.mp4,3,2,7772588,
2025,540,1080,0,189,82,424,189,25145,0.043,8.020279169431888,76272,/home/amos/media/tv/For.All.Mankind.S01-S03.1080p.WEBRip.x265-RARBG/For.All.Mankind.S03.1080p.WEBRip.x265-RARBG/For.All.Mankind.S03E02.1080p.WEBRip.x265-RARBG.mp4,3,2,7772588,
2026,540,1080,1,51,416,917,51,316090,0.542,1.659687061503064,76272,/home/amos/media/tv/For.All.Mankind.S01-S03.1080p.WEBRip.x265-RARBG/For.All.Mankind.S03.1080p.WEBRip.x265-RARBG/For.All.Mankind.S03E02.1080p.WEBRip.x265-RARBG.mp4,3,2,7772588,
2027,540,1080,0,194,84,416,194,24420,0.042,7.060450054181274,76296,/home/amos/media/tv/For.All.Mankind.S01-S03.1080p.WEBRip.x265-RARBG/For.All.Mankind.S03.1080p.WEBRip.x265-RARBG/For.All.Mankind.S03E02.1080p.WEBRip.x265-RARBG.mp4,3,2,7772588,
2028,540,1080,1,114,351,398,114,67308,0.115,2.054483104206156,76296,/home/amos/media/tv/For.All.Mankind.S01-S03.1080p.WEBRip.x265-RARBG/For.All.Mankind.S03.1080p.WEBRip.x265-RARBG/For.All.Mankind.S03E02.1080p.WEBRip.x265-RARBG.mp4,3,2,7772588,
2029,540,1080,2,61,449,754,61,268884,0.461,4.6949610886513256,76296,/home/amos/media/tv/For.All.Mankind.S01-S03.1080p.WEBRip.x265-RARBG/For.All.Mankind.S03.1080p.WEBRip.x265-RARBG/For.All.Mankind.S03E02.1080p.WEBRip.x265-RARBG.mp4,3,2,7772588,
2030,540,1080,0,180,86,454,180,25756,0.044,10.108588073577266,76320,/home/amos/media/tv/For.All.Mankind.S01-S03.1080p.WEBRip.x265-RARBG/For.All.Mankind.S03.1080p.WEBRip.x265-RARBG/For.All.Mankind.S03E02.1080p.WEBRip.x265-RARBG.mp4,3,2,7772588,
2031,540,1080,0,185,85,431,185,24600,0.042,8.119809081719723,76344,/home/amos/media/tv/For.All.Mankind.S01-S03.1080p.WEBRip.x265-RARBG/For.All.Mankind.S03.1080p.WEBRip.x265-RARBG/For.All.Mankind.S03E02.1080p.WEBRip.x265-RARBG.mp4,3,2,7772588,
2032,540,1080,0,190,77,423,190,26329,0.045,6.861609090992715,76368,/home/amos/media/tv/For.All.Mankind.S01-S03.1080p.WEBRip.x265-RARBG/For.All.Mankind.S03.1080p.WEBRip.x265-RARBG/For.All.Mankind.S03E02.1080p.WEBRip.x265-RARBG.mp4,3,2,7772588,
2033,540,1080,0,188,51,412,188,30688,0.053,10.697681942314375,76392,/home/amos/media/tv/For.All.Mankind.S01-S03.1080p.WEBRip.x265-RARBG/For.All.Mankind.S03.1080p.WEBRip.x265-RARBG/For.All.Mankind.S03E02.1080p.WEBRip.x265-RARBG.mp4,3,2,7772588,
2034,540,1080,1,124,337,385,124,55593,0.095,4.015032099268865,76392,/home/amos/media/tv/For.All.Mankind.S01-S03.1080p.WEBRip.x265-RARBG/For.All.Mankind.S03.1080p.WEBRip.x265-RARBG/For.All.Mankind.S03E02.1080p.WEBRip.x265-RARBG.mp4,3,2,7772588,
2035,540,1080,2,58,443,754,58,267960,0.459,2.255549138120841,76392,/home/amos/media/tv/For.All.Mankind.S01-S03.1080p.WEBRip.x265-RARBG/For.All.Mankind.S03.1080p.WEBRip.x265-RARBG/For.All.Mankind.S03E02.1080p.WEBRip.x265-RARBG.mp4,3,2,7772588,
2036,540,1080,0,167,55,476,167,34608,0.059,6.509808111644816,76416,/home/amos/media/tv/For.All.Mankind.S01-S03.1080p.WEBRip.x265-RARBG/For.All.Mankind.S03.1080p.WEBRip.x265-RARBG/For.All.Mankind.S03E02.1080p.WEBRip.x265-RARBG.mp4,3,2,7772588,
2037,540,1080,1,118,63,336,118,11990,0.021,2.477249040442985,76416,/home/amos/media/tv/For.All.Mankind.S01-S03.1080p.WEBRip.x265-RARBG/For.All.Mankind.S03.1080p.WEBRip.x265-RARBG/For.All.Mankind.S03E02.1080p.WEBRip.x265-RARBG.mp4,3,2,7772588,
2038,540,1080,0,179,44,360,179,24435,0.042,6.516348991193809,76440,/home/amos/media/tv/For.All.Mankind.S01-S03.1080p.WEBRip.x265-RARBG/For.All.Mankind.S03.1080p.WEBRip.x265-RARBG/For.All.Mankind.S03E02.1080p.WEBRip.x265-RARBG.mp4,3,2,7772588,
2039,540,1080,0,195,52,345,195,21450,0.037,9.645844086888246,76464,/home/amos/media/tv/For.All.Mankind.S01-S03.1080p.WEBRip.x265-RARBG/For.All.Mankind.S03.1080p.WEBRip.x265-RARBG/For.All.Mankind.S03E02.1080p.WEBRip.x265-RARBG.mp4,3,2,7772588,
2040,540,1080,0,194,64,373,194,23270,0.04,8.551568127353676,76488,/home/amos/media/tv/For.All.Mankind.S01-S03.1080p.WEBRip.x265-RARBG/For.All.Mankind.S03.1080p.WEBRip.x265-RARBG/For.All.Mankind.S03E02.1080p.WEBRip.x265-RARBG.mp4,3,2,7772588,
2041,540,1080,0,163,88,390,163,17025,0.029,7.640426081721671,76512,/home/amos/media/tv/For.All.Mankind.S01-S03.1080p.WEBRip.x265-RARBG/For.All.Mankind.S03.1080p.WEBRip.x265-RARBG/For.All.Mankind.S03E02.1080p.WEBRip.x265-RARBG.mp4,3,2,7772588,
2042,540,1080,0,170,105,416,170,15990,0.027,7.859357079898473,76536,/home/amos/media/tv/For.All.Mankind.S01-S03.1080p.WEBRip.x265-RARBG/For.All.Mankind.S03.1080p.WEBRip.x265-RARBG/For.All.Mankind.S03E02.1080p.WEBRip.x265-RARBG.mp4,3,2,7772588,
2043,540,1080,0,175,103,448,175,19656,0.034,9.783668063522782,76560,/home/amos/media/tv/For.All.Mankind.S01-S03.1080p.WEBRip.x265-RARBG/For.All.Mankind.S03.1080p.WEBRip.x265-RARBG/For.All.Mankind.S03E02.1080p.WEBRip.x265-RARBG.mp4,3,2,7772588,
2044,540,1080,0,164,80,356,164,16128,0.028,8.58152501838049,76584,/home/amos/media/tv/For.All.Mankind.S01-S03.1080p.WEBRip.x265-RARBG/For.All.Mankind.S03.1080p.WEBRip.x265-RARBG/For.All.Mankind.S03E02.1080p.WEBRip.x265-RARBG.mp4,3,2,7772588,
2045,540,1080,0,174,85,311,174,12193,0.021,6.76454503973946,76608,/home/amos/media/tv/For.All.Mankind.S01-S03.1080p.WEBRip.x265-RARBG/For.All.Mankind.S03.1080p.WEBRip.x265-RARBG/For.All.Mankind.S03E02.1080p.WEBRip.x265-RARBG.mp4,3,2,7772588,
2046,540,1080,0,197,49,469,197,40256,0.069,4.044496105634607,76632,/home/amos/media/tv/For.All.Mankind.S01-S03.1080p.WEBRip.x265-RARBG/For.All.Mankind.S03.1080p.WEBRip.x265-RARBG/For.All.Mankind.S03E02.1080p.WEBRip.x265-RARBG.mp4,3,2,7772588,
2047,540,1080,0,191,44,481,191,42630,0.073,6.6307760462514125,76656,/home/amos/media/tv/For.All.Mankind.S01-S03.1080p.WEBRip.x265-RARBG/For.All.Mankind.S03.1080p.WEBRip.x265-RARBG/For.All.Mankind.S03E02.1080p.WEBRip.x265-RARBG.mp4,3,2,7772588,
2048,540,1080,0,187,66,375,187,22748,0.039,4.883283088391181,76680,/home/amos/media/tv/For.All.Mankind.S01-S03.1080p.WEBRip.x265-RARBG/For.All.Mankind.S03.1080p.WEBRip.x265-RARBG/For.All.Mankind.S03E02.1080p.WEBRip.x265-RARBG.mp4,3,2,7772588,
2049,540,1080,0,185,69,364,185,20764,0.036,8.25304506951943,76704,/home/amos/media/tv/For.All.Mankind.S01-S03.1080p.WEBRip.x265-RARBG/For.All.Mankind.S03.1080p.WEBRip.x265-RARBG/For.All.Mankind.S03E02.1080p.WEBRip.x265-RARBG.mp4,3,2,7772588,
2050,540,1080,0,184,68,354,184,19720,0.034,6.960867929330561,76728,/home/amos/media/tv/For.All.Mankind.S01-S03.1080p.WEBRip.x265-RARBG/For.All.Mankind.S03.1080p.WEBRip.x265-RARBG/For.All.Mankind.S03E02.1080p.WEBRip.x265-RARBG.mp4,3,2,7772588,
2051,540,1080,0,187,75,361,187,19488,0.033,7.191105969774071,76752,/home/amos/media/tv/For.All.Mankind.S01-S03.1080p.WEBRip.x265-RARBG/For.All.Mankind.S03.1080p.WEBRip.x265-RARBG/For.All.Mankind.S03E02.1080p.WEBRip.x265-RARBG.mp4,3,2,7772588,
2052,540,1080,0,182,78,344,182,16848,0.029,6.858442071999889,76776,/home/amos/media/tv/For.All.Mankind.S01-S03.1080p.WEBRip.x265-RARBG/For.All.Mankind.S03.1080p.WEBRip.x265-RARBG/For.All.Mankind.S03E02.1080p.WEBRip.x265-RARBG.mp4,3,2,7772588,
2053,540,1080,0,191,66,352,191,20125,0.035,9.809826146927662,76800,/home/amos/media/tv/For.All.Mankind.S01-S03.1080p.WEBRip.x265-RARBG/For.All.Mankind.S03.1080p.WEBRip.x265-RARBG/For.All.Mankind.S03E02.1080p.WEBRip.x265-RARBG.mp4,3,2,7772588,
2054,540,1080,0,187,72,432,187,28175,0.048,6.387461110833101,76824,/home/amos/media/tv/For.All.Mankind.S01-S03.1080p.WEBRip.x265-RARBG/For.All.Mankind.S03.1080p.WEBRip.x265-RARBG/For.All.Mankind.S03E02.1080p.WEBRip.x265-RARBG.mp4,3,2,7772588,
2055,540,1080,0,70,147,896,70,63602,0.109,4.710029089648742,76872,/home/amos/media/tv/For.All.Mankind.S01-S03.1080p.WEBRip.x265-RARBG/For.All.Mankind.S03.1080p.WEBRip.x265-RARBG/For.All.Mankind.S03E02.1080p.WEBRip.x265-RARBG.mp4,3,2,7772588,
2056,540,1080,0,40,131,531,40,44681,0.077,7.2138471194775775,77016,/home/amos/media/tv/For.All.Mankind.S01-S03.1080p.WEBRip.x265-RARBG/For.All.Mankind.S03.1080p.WEBRip.x265-RARBG/For.All.Mankind.S03E02.1080p.WEBRip.x265-RARBG.mp4,3,2,7772588,
2057,540,1080,0,36,91,348,36,17160,0.029,3.6422890941030346,77040,/home/amos/media/tv/For.All.Mankind.S01-S03.1080p.WEBRip.x265-RARBG/For.All.Mankind.S03.1080p.WEBRip.x265-RARBG/For.All.Mankind.S03E02.1080p.WEBRip.x265-RARBG.mp4,3,2,7772588,
2058,540,1080,1,40,116,515,40,36100,0.062,9.732193050847854,77040,/home/amos/media/tv/For.All.Mankind.S01-S03.1080p.WEBRip.x265-RARBG/For.All.Mankind.S03.1080p.WEBRip.x265-RARBG/For.All.Mankind.S03E02.1080p.WEBRip.x265-RARBG.mp4,3,2,7772588,
2059,540,1080,0,56,417,630,56,207214,0.355,10.8055811272352,77088,/home/amos/media/tv/For.All.Mankind.S01-S03.1080p.WEBRip.x265-RARBG/For.All.Mankind.S03.1080p.WEBRip.x265-RARBG/For.All.Mankind.S03E02.1080p.WEBRip.x265-RARBG.mp4,3,2,7772588,
2060,540,1080,1,79,319,732,79,156720,0.269,10.200908042432276,77088,/home/amos/media/tv/For.All.Mankind.S01-S03.1080p.WEBRip.x265-RARBG/For.All.Mankind.S03.1080p.WEBRip.x265-RARBG/For.All.Mankind.S03E02.1080p.WEBRip.x265-RARBG.mp4,3,2,7772588,
2061,540,1080,0,147,104,56,147,3913,0.007,4.645043046155479,77112,/home/amos/media/tv/For.All.Mankind.S01-S03.1080p.WEBRip.x265-RARBG/For.All.Mankind.S03.1080p.WEBRip.x265-RARBG/For.All.Mankind.S03E02.1080p.WEBRip.x265-RARBG.mp4,3,2,7772588,
2062,540,1080,1,36,202,823,36,130642,0.224,7.641116177779622,77112,/home/amos/media/tv/For.All.Mankind.S01-S03.1080p.WEBRip.x265-RARBG/For.All.Mankind.S03.1080p.WEBRip.x265-RARBG/For.All.Mankind.S03E02.1080p.WEBRip.x265-RARBG.mp4,3,2,7772588,
2063,540,1080,2,83,192,580,83,54173,0.093,8.68416106881341,77112,/home/amos/media/tv/For.All.Mankind.S01-S03.1080p.WEBRip.x265-RARBG/For.All.Mankind.S03.1080p.WEBRip.x265-RARBG/For.All.Mankind.S03E02.1080p.WEBRip.x265-RARBG.mp4,3,2,7772588,
2064,540,1080,3,59,285,715,59,148256,0.254,9.007074082852341,77112,/home/amos/media/tv/For.All.Mankind.S01-S03.1080p.WEBRip.x265-RARBG/For.All.Mankind.S03.1080p.WEBRip.x265-RARBG/For.All.Mankind.S03E02.1080p.WEBRip.x265-RARBG.mp4,3,2,7772588,
2065,540,1080,0,165,95,502,165,23590,0.04,4.779405091598164,77136,/home/amos/media/tv/For.All.Mankind.S01-S03.1080p.WEBRip.x265-RARBG/For.All.Mankind.S03.1080p.WEBRip.x265-RARBG/For.All.Mankind.S03E02.1080p.WEBRip.x265-RARBG.mp4,3,2,7772588,
2066,540,1080,1,29,287,305,29,71208,0.122,4.651649148378056,77136,/home/amos/media/tv/For.All.Mankind.S01-S03.1080p.WEBRip.x265-RARBG/For.All.Mankind.S03.1080p.WEBRip.x265-RARBG/For.All.Mankind.S03E02.1080p.WEBRip.x265-RARBG.mp4,3,2,7772588,
2067,540,1080,0,29,240,337,29,64988,0.111,3.2582270524580963,77208,/home/amos/media/tv/For.All.Mankind.S01-S03.1080p.WEBRip.x265-RARBG/For.All.Mankind.S03.1080p.WEBRip.x265-RARBG/For.All.Mankind.S03E02.1080p.WEBRip.x265-RARBG.mp4,3,2,7772588,
2068,540,1080,0,155,116,479,155,12636,0.022,6.100165080802981,77232,/home/amos/media/tv/For.All.Mankind.S01-S03.1080p.WEBRip.x265-RARBG/For.All.Mankind.S03.1080p.WEBRip.x265-RARBG/For.All.Mankind.S03E02.1080p.WEBRip.x265-RARBG.mp4,3,2,7772588,
2069,540,1080,0,53,115,798,53,46190,0.079,6.793642205127981,77424,/home/amos/media/tv/For.All.Mankind.S01-S03.1080p.WEBRip.x265-RARBG/For.All.Mankind.S03.1080p.WEBRip.x265-RARBG/For.All.Mankind.S03E02.1080p.WEBRip.x265-RARBG.mp4,3,2,7772588,
2070,540,1080,1,51,126,34,51,1275,0.002,5.62514707777882,77424,/home/amos/media/tv/For.All.Mankind.S01-S03.1080p.WEBRip.x265-RARBG/For.All.Mankind.S03.1080p.WEBRip.x265-RARBG/For.All.Mankind.S03E02.1080p.WEBRip.x265-RARBG.mp4,3,2,7772588,
2071,540,1080,0,36,113,919,36,67991,0.117,6.780956179019995,77448,/home/amos/media/tv/For.All.Mankind.S01-S03.1080p.WEBRip.x265-RARBG/For.All.Mankind.S03.1080p.WEBRip.x265-RARBG/For.All.Mankind.S03E02.1080p.WEBRip.x265-RARBG.mp4,3,2,7772588,
2072,540,1080,1,57,120,171,57,7182,0.012,8.554414102749433,77448,/home/amos/media/tv/For.All.Mankind.S01-S03.1080p.WEBRip.x265-RARBG/For.All.Mankind.S03.1080p.WEBRip.x265-RARBG/For.All.Mankind.S03E02.1080p.WEBRip.x265-RARBG.mp4,3,2,7772588,
2073,540,1080,2,61,100,299,61,9282,0.016,10.163749033177735,77448,/home/amos/media/tv/For.All.Mankind.S01-S03.1080p.WEBRip.x265-RARBG/For.All.Mankind.S03.1080p.WEBRip.x265-RARBG/For.All.Mankind.S03E02.1080p.WEBRip.x265-RARBG.mp4,3,2,7772588,
2074,540,1080,3,189,219,220,189,930,0.002,2.097186131053604,77448,/home/amos/media/tv/For.All.Mankind.S01-S03.1080p.WEBRip.x265-RARBG/For.All.Mankind.S03.1080p.WEBRip.x265-RARBG/For.All.Mankind.S03E02.1080p.WEBRip.x265-RARBG.mp4,3,2,7772588,
2075,540,1080,0,34,96,971,34,58094,0.1,2.9827980824629776,77472,/home/amos/media/tv/For.All.Mankind.S01-S03.1080p.WEBRip.x265-RARBG/For.All.Mankind.S03.1080p.WEBRip.x265-RARBG/For.All.Mankind.S03E02.1080p.WEBRip.x265-RARBG.mp4,3,2,7772588,
2076,540,1080,0,65,73,17,65,384,0.001,5.891609181591775,77496,/home/amos/media/tv/For.All.Mankind.S01-S03.1080p.WEBRip.x265-RARBG/For.All.Mankind.S03.1080p.WEBRip.x265-RARBG/For.All.Mankind.S03E02.1080p.WEBRip.x265-RARBG.mp4,3,2,7772588,
2077,540,1080,1,93,125,650,93,17824,0.031,5.834912144928239,77496,/home/amos/media/tv/For.All.Mankind.S01-S03.1080p.WEBRip.x265-RARBG/For.All.Mankind.S03.1080p.WEBRip.x265-RARBG/For.All.Mankind.S03E02.1080p.WEBRip.x265-RARBG.mp4,3,2,7772588,
2078,540,1080,0,51,70,624,51,10887,0.019,3.0521340590785258,77520,/home/amos/media/tv/For.All.Mankind.S01-S03.1080p.WEBRip.x265-RARBG/For.All.Mankind.S03.1080p.WEBRip.x265-RARBG/For.All.Mankind.S03E02.1080p.WEBRip.x265-RARBG.mp4,3,2,7772588,
2079,540,1080,1,84,113,463,84,10991,0.019,6.863937930378597,77520,/home/amos/media/tv/For.All.Mankind.S01-S03.1080p.WEBRip.x265-RARBG/For.All.Mankind.S03.1080p.WEBRip.x265-RARBG/For.All.Mankind.S03E02.1080p.WEBRip.x265-RARBG.mp4,3,2,7772588,
2080,540,1080,2,74,130,527,74,25368,0.043,4.215078156616073,77520,/home/amos/media/tv/For.All.Mankind.S01-S03.1080p.WEBRip.x265-RARBG/For.All.Mankind.S03.1080p.WEBRip.x265-RARBG/For.All.Mankind.S03E02.1080p.WEBRip.x265-RARBG.mp4,3,2,7772588,
2081,540,1080,3,73,64,6,73,603,0.001,3.3640211098245345,77520,/home/amos/media/tv/For.All.Mankind.S01-S03.1080p.WEBRip.x265-RARBG/For.All.Mankind.S03.1080p.WEBRip.x265-RARBG/For.All.Mankind.S03E02.1080p.WEBRip.x265-RARBG.mp4,3,2,7772588,
2082,540,1080,4,126,133,827,126,4907,0.008,2.918744073889684,77520,/home/amos/media/tv/For.All.Mankind.S01-S03.1080p.WEBRip.x265-RARBG/For.All.Mankind.S03.1080p.WEBRip.x265-RARBG/For.All.Mankind.S03E02.1080p.WEBRip.x265-RARBG.mp4,3,2,7772588,
2083,540,1080,0,52,61,598,52,4914,0.008,5.7736511057592,77544,/home/amos/media/tv/For.All.Mankind.S01-S03.1080p.WEBRip.x265-RARBG/For.All.Mankind.S03.1080p.WEBRip.x265-RARBG/For.All.Mankind.S03E02.1080p.WEBRip.x265-RARBG.mp4,3,2,7772588,
2084,540,1080,1,73,71,92,73,38,0.0,1.3639340535737574,77544,/home/amos/media/tv/For.All.Mankind.S01-S03.1080p.WEBRip.x265-RARBG/For.All.Mankind.S03.1080p.WEBRip.x265-RARBG/For.All.Mankind.S03E02.1080p.WEBRip.x265-RARBG.mp4,3,2,7772588,
2085,540,1080,0,56,86,283,56,6810,0.012,8.128411116253119,77568,/home/amos/media/tv/For.All.Mankind.S01-S03.1080p.WEBRip.x265-RARBG/For.All.Mankind.S03.1080p.WEBRip.x265-RARBG/For.All.Mankind.S03E02.1080p.WEBRip.x265-RARBG.mp4,3,2,7772588,
2086,540,1080,1,73,86,310,73,3081,0.005,6.569439174316358,77568,/home/amos/media/tv/For.All.Mankind.S01-S03.1080p.WEBRip.x265-RARBG/For.All.Mankind.S03.1080p.WEBRip.x265-RARBG/For.All.Mankind.S03E02.1080p.WEBRip.x265-RARBG.mp4,3,2,7772588,
2087,540,1080,2,141,246,636,141,51975,0.089,1.7036720900214275,77568,/home/amos/media/tv/For.All.Mankind.S01-S03.1080p.WEBRip.x265-RARBG/For.All.Mankind.S03.1080p.WEBRip.x265-RARBG/For.All.Mankind.S03E02.1080p.WEBRip.x265-RARBG.mp4,3,2,7772588,
2088,540,1080,0,57,90,458,57,13233,0.023,6.662518033001106,77592,/home/amos/media/tv/For.All.Mankind.S01-S03.1080p.WEBRip.x265-RARBG/For.All.Mankind.S03.1080p.WEBRip.x265-RARBG/For.All.Mankind.S03E02.1080p.WEBRip.x265-RARBG.mp4,3,2,7772588,
2089,540,1080,1,52,134,124,52,5904,0.01,0.8577970652258955,77592,/home/amos/media/tv/For.All.Mankind.S01-S03.1080p.WEBRip.x265-RARBG/For.All.Mankind.S03.1080p.WEBRip.x265-RARBG/For.All.Mankind.S03E02.1080p.WEBRip.x265-RARBG.mp4,3,2,7772588,
2090,540,1080,2,57,63,770,57,4278,0.007,4.380049088911619,77592,/home/amos/media/tv/For.All.Mankind.S01-S03.1080p.WEBRip.x265-RARBG/For.All.Mankind.S03.1080p.WEBRip.x265-RARBG/For.All.Mankind.S03E02.1080p.WEBRip.x265-RARBG.mp4,3,2,7772588,
2091,540,1080,3,72,92,496,72,8480,0.015,5.989503102493472,77592,/home/amos/media/tv/For.All.Mankind.S01-S03.1080p.WEBRip.x265-RARBG/For.All.Mankind.S03.1080p.WEBRip.x265-RARBG/For.All.Mankind.S03E02.1080p.WEBRip.x265-RARBG.mp4,3,2,7772588,
2092,540,1080,0,48,277,981,48,213657,0.366,8.23671617306536,77616,/home/amos/media/tv/For.All.Mankind.S01-S03.1080p.WEBRip.x265-RARBG/For.All.Mankind.S03.1080p.WEBRip.x265-RARBG/For.All.Mankind.S03E02.1080p.WEBRip.x265-RARBG.mp4,3,2,7772588,
2093,540,1080,1,59,286,605,59,123942,0.213,5.171790999069344,77616,/home/amos/media/tv/For.All.Mankind.S01-S03.1080p.WEBRip.x265-RARBG/For.All.Mankind.S03.1080p.WEBRip.x265-RARBG/For.All.Mankind.S03E02.1080p.WEBRip.x265-RARBG.mp4,3,2,7772588,
2094,540,1080,2,59,290,50,59,2079,0.004,6.985344144690316,77616,/home/amos/media/tv/For.All.Mankind.S01-S03.1080p.WEBRip.x265-RARBG/For.All.Mankind.S03.1080p.WEBRip.x265-RARBG/For.All.Mankind.S03E02.1080p.WEBRip.x265-RARBG.mp4,3,2,7772588,
2095,540,1080,3,59,306,889,59,205010,0.352,3.2698181003215723,77616,/home/amos/media/tv/For.All.Mankind.S01-S03.1080p.WEBRip.x265-RARBG/For.All.Mankind.S03.1080p.WEBRip.x265-RARBG/For.All.Mankind.S03E02.1080p.WEBRip.x265-RARBG.mp4,3,2,7772588,
2096,540,1080,4,65,257,514,65,86208,0.148,7.567040032357909,77616,/home/amos/media/tv/For.All.Mankind.S01-S03.1080p.WEBRip.x265-RARBG/For.All.Mankind.S03.1080p.WEBRip.x265-RARBG/For.All.Mankind.S03E02.1080p.WEBRip.x265-RARBG.mp4,3,2,7772588,
2097,540,1080,0,36,238,32,36,808,0.001,5.420175113889854,77640,/home/amos/media/tv/For.All.Mankind.S01-S03.1080p.WEBRip.x265-RARBG/For.All.Mankind.S03.1080p.WEBRip.x265-RARBG/For.All.Mankind.S03E02.1080p.WEBRip.x265-RARBG.mp4,3,2,7772588,
2098,540,1080,1,47,280,993,47,220418,0.378,7.366434134019073,77640,/home/amos/media/tv/For.All.Mankind.S01-S03.1080p.WEBRip.x265-RARBG/For.All.Mankind.S03.1080p.WEBRip.x265-RARBG/For.All.Mankind.S03E02.1080p.WEBRip.x265-RARBG.mp4,3,2,7772588,
2099,540,1080,2,62,255,524,62,89166,0.153,9.042028058727738,77640,/home/amos/media/tv/For.All.Mankind.S01-S03.1080p.WEBRip.x265-RARBG/For.All.Mankind.S03.1080p.WEBRip.x265-RARBG/For.All.Mankind.S03E02.1080p.WEBRip.x265-RARBG.mp4,3,2,7772588,
2100,540,1080,3,59,285,608,59,124074,0.213,6.739512043946888,77640,/home/amos/media/tv/For.All.Mankind.S01-S03.1080p.WEBRip.x265-RARBG/For.All.Mankind.S03.1080p.WEBRip.x265-RARBG/For.All.Mankind.S03E02.1080p.WEBRip.x265-RARBG.mp4,3,2,7772588,
2101,540,1080,0,187,90,328,187,13677,0.023,7.133024155336898,77664,/home/amos/media/tv/For.All.Mankind.S01-S03.1080p.WEBRip.x265-RARBG/For.All.Mankind.S03.1080p.WEBRip.x265-RARBG/For.All.Mankind.S03E02.1080p.WEBRip.x265-RARBG.mp4,3,2,7772588,
2102,540,1080,1,38,234,3,38,6860,0.012,4.881849046039861,77664,/home/amos/media/tv/For.All.Mankind.S01-S03.1080p.WEBRip.x265-RARBG/For.All.Mankind.S03.1080p.WEBRip.x265-RARBG/For.All.Mankind.S03E02.1080p.WEBRip.x265-RARBG.mp4,3,2,7772588,
2103,540,1080,2,48,280,957,48,210888,0.362,7.033079229237046,77664,/home/amos/media/tv/For.All.Mankind.S01-S03.1080p.WEBRip.x265-RARBG/For.All.Mankind.S03.1080p.WEBRip.x265-RARBG/For.All.Mankind.S03E02.1080p.WEBRip.x265-RARBG.mp4,3,2,7772588,
2104,540,1080,3,63,251,498,63,81780,0.14,8.41738105978584,77664,/home/amos/media/tv/For.All.Mankind.S01-S03.1080p.WEBRip.x265-RARBG/For.All.Mankind.S03.1080p.WEBRip.x265-RARBG/For.All.Mankind.S03E02.1080p.WEBRip.x265-RARBG.mp4,3,2,7772588,
2105,540,1080,4,61,283,578,61,114774,0.197,6.622307889803778,77664,/home/amos/media/tv/For.All.Mankind.S01-S03.1080p.WEBRip.x265-RARBG/For.All.Mankind.S03.1080p.WEBRip.x265-RARBG/For.All.Mankind.S03E02.1080p.WEBRip.x265-RARBG.mp4,3,2,7772588,
2106,540,1080,0,46,275,876,46,190070,0.326,5.670639183081221,77688,/home/amos/media/tv/For.All.Mankind.S01-S03.1080p.WEBRip.x265-RARBG/For.All.Mankind.S03.1080p.WEBRip.x265-RARBG/For.All.Mankind.S03E02.1080p.WEBRip.x265-RARBG.mp4,3,2,7772588,
2107,540,1080,1,55,281,508,55,102378,0.176,3.714036997815128,77688,/home/amos/media/tv/For.All.Mankind.S01-S03.1080p.WEBRip.x265-RARBG/For.All.Mankind.S03.1080p.WEBRip.x265-RARBG/For.All.Mankind.S03E02.1080p.WEBRip.x265-RARBG.mp4,3,2,7772588,
2108,540,1080,0,39,273,609,39,133380,0.229,4.220128136395942,77712,/home/amos/media/tv/For.All.Mankind.S01-S03.1080p.WEBRip.x265-RARBG/For.All.Mankind.S03.1080p.WEBRip.x265-RARBG/For.All.Mankind.S03E02.1080p.WEBRip.x265-RARBG.mp4,3,2,7772588,
2109,540,1080,1,31,294,1036,31,264315,0.453,4.156723077583592,77712,/home/amos/media/tv/For.All.Mankind.S01-S03.1080p.WEBRip.x265-RARBG/For.All.Mankind.S03.1080p.WEBRip.x265-RARBG/For.All.Mankind.S03E02.1080p.WEBRip.x265-RARBG.mp4,3,2,7772588,
2110,540,1080,2,41,313,947,41,246432,0.423,8.192897043132689,77712,/home/amos/media/tv/For.All.Mankind.S01-S03.1080p.WEBRip.x265-RARBG/For.All.Mankind.S03.1080p.WEBRip.x265-RARBG/For.All.Mankind.S03E02.1080p.WEBRip.x265-RARBG.mp4,3,2,7772588,
2111,540,1080,3,50,268,778,50,158704,0.272,5.814471077115741,77712,/home/amos/media/tv/For.All.Mankind.S01-S03.1080p.WEBRip.x265-RARBG/For.All.Mankind.S03.1080p.WEBRip.x265-RARBG/For.All.Mankind.S03E02.1080p.WEBRip.x265-RARBG.mp4,3,2,7772588,
2112,540,1080,4,65,269,424,65,73236,0.126,7.127763028431218,77712,/home/amos/media/tv/For.All.Mankind.S01-S03.1080p.WEBRip.x265-RARBG/For.All.Mankind.S03.1080p.WEBRip.x265-RARBG/For.All.Mankind.S03E02.1080p.WEBRip.x265-RARBG.mp4,3,2,7772588,
2113,540,1080,0,58,130,924,58,62352,0.107,9.137571044906508,77736,/home/amos/media/tv/For.All.Mankind.S01-S03.1080p.WEBRip.x265-RARBG/For.All.Mankind.S03.1080p.WEBRip.x265-RARBG/For.All.Mankind.S03E02.1080p.WEBRip.x265-RARBG.mp4,3,2,7772588,
2114,540,1080,1,58,132,430,58,27528,0.047,7.132073003042024,77736,/home/amos/media/tv/For.All.Mankind.S01-S03.1080p.WEBRip.x265-RARBG/For.All.Mankind.S03.1080p.WEBRip.x265-RARBG/For.All.Mankind.S03E02.1080p.WEBRip.x265-RARBG.mp4,3,2,7772588,
2115,540,1080,2,84,62,658,84,12628,0.022,7.477147067140322,77736,/home/amos/media/tv/For.All.Mankind.S01-S03.1080p.WEBRip.x265-RARBG/For.All.Mankind.S03.1080p.WEBRip.x265-RARBG/For.All.Mankind.S03E02.1080p.WEBRip.x265-RARBG.mp4,3,2,7772588,
2116,540,1080,3,71,114,351,71,12040,0.021,8.751314174325671,77736,/home/amos/media/tv/For.All.Mankind.S01-S03.1080p.WEBRip.x265-RARBG/For.All.Mankind.S03.1080p.WEBRip.x265-RARBG/For.All.Mankind.S03E02.1080p.WEBRip.x265-RARBG.mp4,3,2,7772588,
2117,540,1080,0,54,124,186,54,9240,0.016,8.742794057994615,77760,/home/amos/media/tv/For.All.Mankind.S01-S03.1080p.WEBRip.x265-RARBG/For.All.Mankind.S03.1080p.WEBRip.x265-RARBG/For.All.Mankind.S03E02.1080p.WEBRip.x265-RARBG.mp4,3,2,7772588,
2118,540,1080,1,59,133,949,59,65860,0.113,13.181267056788784,77760,/home/amos/media/tv/For.All.Mankind.S01-S03.1080p.WEBRip.x265-RARBG/For.All.Mankind.S03.1080p.WEBRip.x265-RARBG/For.All.Mankind.S03E02.1080p.WEBRip.x265-RARBG.mp4,3,2,7772588,
2119,540,1080,2,71,111,360,71,11560,0.02,10.82645108149154,77760,/home/amos/media/tv/For.All.Mankind.S01-S03.1080p.WEBRip.x265-RARBG/For.All.Mankind.S03.1080p.WEBRip.x265-RARBG/For.All.Mankind.S03E02.1080p.WEBRip.x265-RARBG.mp4,3,2,7772588,
2120,540,1080,3,80,57,745,80,15295,0.026,8.792311080673244,77760,/home/amos/media/tv/For.All.Mankind.S01-S03.1080p.WEBRip.x265-RARBG/For.All.Mankind.S03.1080p.WEBRip.x265-RARBG/For.All.Mankind.S03E02.1080p.WEBRip.x265-RARBG.mp4,3,2,7772588,
2121,540,1080,0,82,135,541,82,24327,0.042,4.893987070943695,77784,/home/amos/media/tv/For.All.Mankind.S01-S03.1080p.WEBRip.x265-RARBG/For.All.Mankind.S03.1080p.WEBRip.x265-RARBG/For.All.Mankind.S03E02.1080p.WEBRip.x265-RARBG.mp4,3,2,7772588,
2122,540,1080,1,61,181,1011,61,114000,0.195,5.068251090531703,77784,/home/amos/media/tv/For.All.Mankind.S01-S03.1080p.WEBRip.x265-RARBG/For.All.Mankind.S03.1080p.WEBRip.x265-RARBG/For.All.Mankind.S03E02.1080p.WEBRip.x265-RARBG.mp4,3,2,7772588,
2123,540,1080,2,103,184,759,103,53136,0.091,9.020686061063316,77784,/home/amos/media/tv/For.All.Mankind.S01-S03.1080p.WEBRip.x265-RARBG/For.All.Mankind.S03.1080p.WEBRip.x265-RARBG/For.All.Mankind.S03E02.1080p.WEBRip.x265-RARBG.mp4,3,2,7772588,
2124,540,1080,3,122,88,358,122,8024,0.014,7.907026062835939,77784,/home/amos/media/tv/For.All.Mankind.S01-S03.1080p.WEBRip.x265-RARBG/For.All.Mankind.S03.1080p.WEBRip.x265-RARBG/For.All.Mankind.S03E02.1080p.WEBRip.x265-RARBG.mp4,3,2,7772588,
2125,540,1080,0,48,106,24,48,1392,0.002,4.566707132791635,77808,/home/amos/media/tv/For.All.Mankind.S01-S03.1080p.WEBRip.x265-RARBG/For.All.Mankind.S03.1080p.WEBRip.x265-RARBG/For.All.Mankind.S03E02.1080p.WEBRip.x265-RARBG.mp4,3,2,7772588,
2126,540,1080,1,57,121,536,57,30656,0.053,4.466500121110585,77808,/home/amos/media/tv/For.All.Mankind.S01-S03.1080p.WEBRip.x265-RARBG/For.All.Mankind.S03.1080p.WEBRip.x265-RARBG/For.All.Mankind.S03E02.1080p.WEBRip.x265-RARBG.mp4,3,2,7772588,
2127,540,1080,2,77,100,986,77,20907,0.036,10.48925124568632,77808,/home/amos/media/tv/For.All.Mankind.S01-S03.1080p.WEBRip.x265-RARBG/For.All.Mankind.S03.1080p.WEBRip.x265-RARBG/For.All.Mankind.S03E02.1080p.WEBRip.x265-RARBG.mp4,3,2,7772588,
2128,540,1080,0,46,101,123,46,4235,0.007,8.083697181602474,77832,/home/amos/media/tv/For.All.Mankind.S01-S03.1080p.WEBRip.x265-RARBG/For.All.Mankind.S03.1080p.WEBRip.x265-RARBG/For.All.Mankind.S03E02.1080p.WEBRip.x265-RARBG.mp4,3,2,7772588,
2129,540,1080,1,56,90,405,56,11866,0.02,4.355538950534537,77832,/home/amos/media/tv/For.All.Mankind.S01-S03.1080p.WEBRip.x265-RARBG/For.All.Mankind.S03.1080p.WEBRip.x265-RARBG/For.All.Mankind.S03E02.1080p.WEBRip.x265-RARBG.mp4,3,2,7772588,
2130,540,1080,2,62,119,658,62,33972,0.058,5.14500716899056,77832,/home/amos/media/tv/For.All.Mankind.S01-S03.1080p.WEBRip.x265-RARBG/For.All.Mankind.S03.1080p.WEBRip.x265-RARBG/For.All.Mankind.S03E02.1080p.WEBRip.x265-RARBG.mp4,3,2,7772588,
2131,540,1080,3,84,135,248,84,8364,0.014,5.61925607122248,77832,/home/amos/media/tv/For.All.Mankind.S01-S03.1080p.WEBRip.x265-RARBG/For.All.Mankind.S03.1080p.WEBRip.x265-RARBG/For.All.Mankind.S03E02.1080p.WEBRip.x265-RARBG.mp4,3,2,7772588,
2132,540,1080,4,98,124,491,98,10218,0.018,5.916245026222896,77832,/home/amos/media/tv/For.All.Mankind.S01-S03.1080p.WEBRip.x265-RARBG/For.All.Mankind.S03.1080p.WEBRip.x265-RARBG/For.All.Mankind.S03E02.1080p.WEBRip.x265-RARBG.mp4,3,2,7772588,
2133,540,1080,0,58,86,407,58,9772,0.017,8.04975511104567,77856,/home/amos/media/tv/For.All.Mankind.S01-S03.1080p.WEBRip.x265-RARBG/For.All.Mankind.S03.1080p.WEBRip.x265-RARBG/For.All.Mankind.S03E02.1080p.WEBRip.x265-RARBG.mp4,3,2,7772588,
2134,540,1080,1,61,116,658,61,32835,0.056,4.565780109609477,77856,/home/amos/media/tv/For.All.Mankind.S01-S03.1080p.WEBRip.x265-RARBG/For.All.Mankind.S03.1080p.WEBRip.x265-RARBG/For.All.Mankind.S03E02.1080p.WEBRip.x265-RARBG.mp4,3,2,7772588,
2135,540,1080,2,84,116,79,84,160,0.0,5.877203106763773,77856,/home/amos/media/tv/For.All.Mankind.S01-S03.1080p.WEBRip.x265-RARBG/For.All.Mankind.S03.1080p.WEBRip.x265-RARBG/For.All.Mankind.S03E02.1080p.WEBRip.x265-RARBG.mp4,3,2,7772588,
2136,540,1080,3,89,132,526,89,18791,0.032,4.663195040251594,77856,/home/amos/media/tv/For.All.Mankind.S01-S03.1080p.WEBRip.x265-RARBG/For.All.Mankind.S03.1080p.WEBRip.x265-RARBG/For.All.Mankind.S03E02.1080p.WEBRip.x265-RARBG.mp4,3,2,7772588,
2137,540,1080,4,84,132,275,84,9168,0.016,6.240135128784459,77856,/home/amos/media/tv/For.All.Mankind.S01-S03.1080p.WEBRip.x265-RARBG/For.All.Mankind.S03.1080p.WEBRip.x265-RARBG/For.All.Mankind.S03E02.1080p.WEBRip.x265-RARBG.mp4,3,2,7772588,
2138,540,1080,0,50,91,455,50,16605,0.028,5.464712048589718,77880,/home/amos/media/tv/For.All.Mankind.S01-S03.1080p.WEBRip.x265-RARBG/For.All.Mankind.S03.1080p.WEBRip.x265-RARBG/For.All.Mankind.S03E02.1080p.WEBRip.x265-RARBG.mp4,3,2,7772588,
2139,540,1080,1,64,113,679,64,30135,0.052,6.825645072502084,77880,/home/amos/media/tv/For.All.Mankind.S01-S03.1080p.WEBRip.x265-RARBG/For.All.Mankind.S03.1080p.WEBRip.x265-RARBG/For.All.Mankind.S03E02.1080p.WEBRip.x265-RARBG.mp4,3,2,7772588,
2140,540,1080,2,57,89,368,57,9952,0.017,3.9417400876409374,77880,/home/amos/media/tv/For.All.Mankind.S01-S03.1080p.WEBRip.x265-RARBG/For.All.Mankind.S03.1080p.WEBRip.x265-RARBG/For.All.Mankind.S03E02.1080p.WEBRip.x265-RARBG.mp4,3,2,7772588,
2141,540,1080,3,88,113,78,88,250,0.0,4.902184118400328,77880,/home/amos/media/tv/For.All.Mankind.S01-S03.1080p.WEBRip.x265-RARBG/For.All.Mankind.S03.1080p.WEBRip.x265-RARBG/For.All.Mankind.S03E02.1080p.WEBRip.x265-RARBG.mp4,3,2,7772588,
2142,540,1080,0,49,92,458,49,17587,0.03,6.5181430302909575,77904,/home/amos/media/tv/For.All.Mankind.S01-S03.1080p.WEBRip.x265-RARBG/For.All.Mankind.S03.1080p.WEBRip.x265-RARBG/For.All.Mankind.S03E02.1080p.WEBRip.x265-RARBG.mp4,3,2,7772588,
2143,540,1080,1,61,113,672,61,31772,0.054,9.48618805326987,77904,/home/amos/media/tv/For.All.Mankind.S01-S03.1080p.WEBRip.x265-RARBG/For.All.Mankind.S03.1080p.WEBRip.x265-RARBG/For.All.Mankind.S03E02.1080p.WEBRip.x265-RARBG.mp4,3,2,7772588,
2144,540,1080,2,59,88,372,59,9077,0.016,7.282192143786233,77904,/home/amos/media/tv/For.All.Mankind.S01-S03.1080p.WEBRip.x265-RARBG/For.All.Mankind.S03.1080p.WEBRip.x265-RARBG/For.All.Mankind.S03E02.1080p.WEBRip.x265-RARBG.mp4,3,2,7772588,
2145,540,1080,3,86,130,279,86,8492,0.015,5.4055790842394345,77904,/home/amos/media/tv/For.All.Mankind.S01-S03.1080p.WEBRip.x265-RARBG/For.All.Mankind.S03.1080p.WEBRip.x265-RARBG/For.All.Mankind.S03E02.1080p.WEBRip.x265-RARBG.mp4,3,2,7772588,
2146,540,1080,4,88,114,76,88,312,0.001,6.273337029502727,77904,/home/amos/media/tv/For.All.Mankind.S01-S03.1080p.WEBRip.x265-RARBG/For.All.Mankind.S03.1080p.WEBRip.x265-RARBG/For.All.Mankind.S03E02.1080p.WEBRip.x265-RARBG.mp4,3,2,7772588,
2147,540,1080,0,49,92,458,49,17587,0.03,7.894457042391878,77928,/home/amos/media/tv/For.All.Mankind.S01-S03.1080p.WEBRip.x265-RARBG/For.All.Mankind.S03.1080p.WEBRip.x265-RARBG/For.All.Mankind.S03E02.1080p.WEBRip.x265-RARBG.mp4,3,2,7772588,
2148,540,1080,1,60,89,376,60,9164,0.016,8.103381146851461,77928,/home/amos/media/tv/For.All.Mankind.S01-S03.1080p.WEBRip.x265-RARBG/For.All.Mankind.S03.1080p.WEBRip.x265-RARBG/For.All.Mankind.S03E02.1080p.WEBRip.x265-RARBG.mp4,3,2,7772588,
2149,540,1080,2,66,111,667,66,27045,0.046,9.736988114076668,77928,/home/amos/media/tv/For.All.Mankind.S01-S03.1080p.WEBRip.x265-RARBG/For.All.Mankind.S03.1080p.WEBRip.x265-RARBG/For.All.Mankind.S03E02.1080p.WEBRip.x265-RARBG.mp4,3,2,7772588,
2150,540,1080,3,85,137,278,85,10036,0.017,6.02417813957436,77928,/home/amos/media/tv/For.All.Mankind.S01-S03.1080p.WEBRip.x265-RARBG/For.All.Mankind.S03.1080p.WEBRip.x265-RARBG/For.All.Mankind.S03E02.1080p.WEBRip.x265-RARBG.mp4,3,2,7772588,
2151,540,1080,4,87,114,77,87,270,0.0,8.231171067920513,77928,/home/amos/media/tv/For.All.Mankind.S01-S03.1080p.WEBRip.x265-RARBG/For.All.Mankind.S03.1080p.WEBRip.x265-RARBG/For.All.Mankind.S03E02.1080p.WEBRip.x265-RARBG.mp4,3,2,7772588,
2152,540,1080,0,47,93,460,47,18998,0.033,7.327777094382327,77952,/home/amos/media/tv/For.All.Mankind.S01-S03.1080p.WEBRip.x265-RARBG/For.All.Mankind.S03.1080p.WEBRip.x265-RARBG/For.All.Mankind.S03E02.1080p.WEBRip.x265-RARBG.mp4,3,2,7772588,
2153,540,1080,1,47,98,140,47,4743,0.008,6.036429054511245,77952,/home/amos/media/tv/For.All.Mankind.S01-S03.1080p.WEBRip.x265-RARBG/For.All.Mankind.S03.1080p.WEBRip.x265-RARBG/For.All.Mankind.S03E02.1080p.WEBRip.x265-RARBG.mp4,3,2,7772588,
2154,540,1080,2,61,89,376,61,8820,0.015,10.187995082873384,77952,/home/amos/media/tv/For.All.Mankind.S01-S03.1080p.WEBRip.x265-RARBG/For.All.Mankind.S03.1080p.WEBRip.x265-RARBG/For.All.Mankind.S03E02.1080p.WEBRip.x265-RARBG.mp4,3,2,7772588,
2155,540,1080,3,63,111,671,63,29184,0.05,10.512071014323736,77952,/home/amos/media/tv/For.All.Mankind.S01-S03.1080p.WEBRip.x265-RARBG/For.All.Mankind.S03.1080p.WEBRip.x265-RARBG/For.All.Mankind.S03E02.1080p.WEBRip.x265-RARBG.mp4,3,2,7772588,
2156,540,1080,4,83,126,519,83,18748,0.032,5.3936040223925374,77952,/home/amos/media/tv/For.All.Mankind.S01-S03.1080p.WEBRip.x265-RARBG/For.All.Mankind.S03.1080p.WEBRip.x265-RARBG/For.All.Mankind.S03E02.1080p.WEBRip.x265-RARBG.mp4,3,2,7772588,
2157,540,1080,5,91,130,261,91,6630,0.011,7.102190148492809,77952,/home/amos/media/tv/For.All.Mankind.S01-S03.1080p.WEBRip.x265-RARBG/For.All.Mankind.S03.1080p.WEBRip.x265-RARBG/For.All.Mankind.S03E02.1080p.WEBRip.x265-RARBG.mp4,3,2,7772588,
2158,540,1080,6,94,110,69,94,400,0.001,8.00758208159823,77952,/home/amos/media/tv/For.All.Mankind.S01-S03.1080p.WEBRip.x265-RARBG/For.All.Mankind.S03.1080p.WEBRip.x265-RARBG/For.All.Mankind.S03E02.1080p.WEBRip.x265-RARBG.mp4,3,2,7772588,
2159,540,1080,0,48,94,144,48,4416,0.008,5.515996084723156,77976,/home/amos/media/tv/For.All.Mankind.S01-S03.1080p.WEBRip.x265-RARBG/For.All.Mankind.S03.1080p.WEBRip.x265-RARBG/For.All.Mankind.S03E02.1080p.WEBRip.x265-RARBG.mp4,3,2,7772588,
2160,540,1080,1,49,92,466,49,17931,0.031,8.173034153063782,77976,/home/amos/media/tv/For.All.Mankind.S01-S03.1080p.WEBRip.x265-RARBG/For.All.Mankind.S03.1080p.WEBRip.x265-RARBG/For.All.Mankind.S03E02.1080p.WEBRip.x265-RARBG.mp4,3,2,7772588,
2161,540,1080,2,64,110,691,64,28842,0.049,7.851278080022894,77976,/home/amos/media/tv/For.All.Mankind.S01-S03.1080p.WEBRip.x265-RARBG/For.All.Mankind.S03.1080p.WEBRip.x265-RARBG/For.All.Mankind.S03E02.1080p.WEBRip.x265-RARBG.mp4,3,2,7772588,
2162,540,1080,3,60,89,377,60,9193,0.016,8.499471128161531,77976,/home/amos/media/tv/For.All.Mankind.S01-S03.1080p.WEBRip.x265-RARBG/For.All.Mankind.S03.1080p.WEBRip.x265-RARBG/For.All.Mankind.S03E02.1080p.WEBRip.x265-RARBG.mp4,3,2,7772588,
2163,540,1080,4,88,121,523,88,14355,0.025,6.149083087395411,77976,/home/amos/media/tv/For.All.Mankind.S01-S03.1080p.WEBRip.x265-RARBG/For.All.Mankind.S03.1080p.WEBRip.x265-RARBG/For.All.Mankind.S03E02.1080p.WEBRip.x265-RARBG.mp4,3,2,7772588,
2164,540,1080,5,89,129,286,89,7880,0.014,5.950282068341039,77976,/home/amos/media/tv/For.All.Mankind.S01-S03.1080p.WEBRip.x265-RARBG/For.All.Mankind.S03.1080p.WEBRip.x265-RARBG/For.All.Mankind.S03E02.1080p.WEBRip.x265-RARBG.mp4,3,2,7772588,
2165,540,1080,6,90,113,68,90,506,0.001,6.094638148439117,77976,/home/amos/media/tv/For.All.Mankind.S01-S03.1080p.WEBRip.x265-RARBG/For.All.Mankind.S03.1080p.WEBRip.x265-RARBG/For.All.Mankind.S03E02.1080p.WEBRip.x265-RARBG.mp4,3,2,7772588,
2166,540,1080,0,55,180,126,55,8875,0.015,3.404270067403558,78000,/home/amos/media/tv/For.All.Mankind.S01-S03.1080p.WEBRip.x265-RARBG/For.All.Mankind.S03.1080p.WEBRip.x265-RARBG/For.All.Mankind.S03E02.1080p.WEBRip.x265-RARBG.mp4,3,2,7772588,
2167,540,1080,1,186,88,462,186,27048,0.046,8.071088953118306,78000,/home/amos/media/tv/For.All.Mankind.S01-S03.1080p.WEBRip.x265-RARBG/For.All.Mankind.S03.1080p.WEBRip.x265-RARBG/For.All.Mankind.S03E02.1080p.WEBRip.x265-RARBG.mp4,3,2,7772588,
2168,540,1080,2,37,250,287,37,53250,0.091,3.316716077097226,78000,/home/amos/media/tv/For.All.Mankind.S01-S03.1080p.WEBRip.x265-RARBG/For.All.Mankind.S03.1080p.WEBRip.x265-RARBG/For.All.Mankind.S03E02.1080p.WEBRip.x265-RARBG.mp4,3,2,7772588,
2169,540,1080,3,28,233,324,28,60680,0.104,1.7268951588193886,78000,/home/amos/media/tv/For.All.Mankind.S01-S03.1080p.WEBRip.x265-RARBG/For.All.Mankind.S03.1080p.WEBRip.x265-RARBG/For.All.Mankind.S03E02.1080p.WEBRip.x265-RARBG.mp4,3,2,7772588,
2170,540,1080,0,180,71,509,180,35861,0.061,7.960961006639991,78024,/home/amos/media/tv/For.All.Mankind.S01-S03.1080p.WEBRip.x265-RARBG/For.All.Mankind.S03.1080p.WEBRip.x265-RARBG/For.All.Mankind.S03E02.1080p.WEBRip.x265-RARBG.mp4,3,2,7772588,
2171,540,1080,1,53,175,242,53,23058,0.04,4.0198630127706565,78024,/home/amos/media/tv/For.All.Mankind.S01-S03.1080p.WEBRip.x265-RARBG/For.All.Mankind.S03.1080p.WEBRip.x265-RARBG/For.All.Mankind.S03E02.1080p.WEBRip.x265-RARBG.mp4,3,2,7772588,
2172,540,1080,2,28,225,443,28,81755,0.14,4.281286134559196,78024,/home/amos/media/tv/For.All.Mankind.S01-S03.1080p.WEBRip.x265-RARBG/For.All.Mankind.S03.1080p.WEBRip.x265-RARBG/For.All.Mankind.S03E02.1080p.WEBRip.x265-RARBG.mp4,3,2,7772588,
2173,540,1080,3,35,242,406,35,76797,0.132,2.9963950499077328,78024,/home/amos/media/tv/For.All.Mankind.S01-S03.1080p.WEBRip.x265-RARBG/For.All.Mankind.S03.1080p.WEBRip.x265-RARBG/For.All.Mankind.S03E02.1080p.WEBRip.x265-RARBG.mp4,3,2,7772588,
2174,540,1080,4,27,234,23,27,828,0.001,1.900709062640089,78024,/home/amos/media/tv/For.All.Mankind.S01-S03.1080p.WEBRip.x265-RARBG/For.All.Mankind.S03.1080p.WEBRip.x265-RARBG/For.All.Mankind.S03E02.1080p.WEBRip.x265-RARBG.mp4,3,2,7772588,
2175,540,1080,5,58,188,94,58,4680,0.008,5.93432215572102,78024,/home/amos/media/tv/For.All.Mankind.S01-S03.1080p.WEBRip.x265-RARBG/For.All.Mankind.S03.1080p.WEBRip.x265-RARBG/For.All.Mankind.S03E02.1080p.WEBRip.x265-RARBG.mp4,3,2,7772588,
2176,540,1080,0,49,180,301,49,33012,0.057,4.038047081732657,78048,/home/amos/media/tv/For.All.Mankind.S01-S03.1080p.WEBRip.x265-RARBG/For.All.Mankind.S03.1080p.WEBRip.x265-RARBG/For.All.Mankind.S03E02.1080p.WEBRip.x265-RARBG.mp4,3,2,7772588,
2177,540,1080,1,57,194,152,57,13015,0.022,4.280723107920494,78048,/home/amos/media/tv/For.All.Mankind.S01-S03.1080p.WEBRip.x265-RARBG/For.All.Mankind.S03.1080p.WEBRip.x265-RARBG/For.All.Mankind.S03E02.1080p.WEBRip.x265-RARBG.mp4,3,2,7772588,
2178,540,1080,2,28,237,94,28,13794,0.024,2.4411720631760545,78048,/home/amos/media/tv/For.All.Mankind.S01-S03.1080p.WEBRip.x265-RARBG/For.All.Mankind.S03.1080p.WEBRip.x265-RARBG/For.All.Mankind.S03E02.1080p.WEBRip.x265-RARBG.mp4,3,2,7772588,
2179,540,1080,3,31,226,506,31,92625,0.159,4.293928123253863,78048,/home/amos/media/tv/For.All.Mankind.S01-S03.1080p.WEBRip.x265-RARBG/For.All.Mankind.S03.1080p.WEBRip.x265-RARBG/For.All.Mankind.S03E02.1080p.WEBRip.x265-RARBG.mp4,3,2,7772588,
2180,540,1080,4,37,243,461,37,87344,0.15,2.883891061588656,78048,/home/amos/media/tv/For.All.Mankind.S01-S03.1080p.WEBRip.x265-RARBG/For.All.Mankind.S03.1080p.WEBRip.x265-RARBG/For.All.Mankind.S03E02.1080p.WEBRip.x265-RARBG.mp4,3,2,7772588,
2181,540,1080,0,51,178,395,51,43688,0.075,5.609139991982374,78072,/home/amos/media/tv/For.All.Mankind.S01-S03.1080p.WEBRip.x265-RARBG/For.All.Mankind.S03.1080p.WEBRip.x265-RARBG/For.All.Mankind.S03E02.1080p.WEBRip.x265-RARBG.mp4,3,2,7772588,
2182,540,1080,1,34,243,539,34,105545,0.181,4.272938082402106,78072,/home/amos/media/tv/For.All.Mankind.S01-S03.1080p.WEBRip.x265-RARBG/For.All.Mankind.S03.1080p.WEBRip.x265-RARBG/For.All.Mankind.S03E02.1080p.WEBRip.x265-RARBG.mp4,3,2,7772588,
2183,540,1080,2,54,195,236,54,25662,0.044,5.226503051293548,78072,/home/amos/media/tv/For.All.Mankind.S01-S03.1080p.WEBRip.x265-RARBG/For.All.Mankind.S03.1080p.WEBRip.x265-RARBG/For.All.Mankind.S03E02.1080p.WEBRip.x265-RARBG.mp4,3,2,7772588,
2184,540,1080,0,50,114,23,50,1728,0.003,7.700578123040032,78096,/home/amos/media/tv/For.All.Mankind.S01-S03.1080p.WEBRip.x265-RARBG/For.All.Mankind.S03.1080p.WEBRip.x265-RARBG/For.All.Mankind.S03E02.1080p.WEBRip.x265-RARBG.mp4,3,2,7772588,
2185,540,1080,1,60,114,401,60,18414,0.032,5.497592175845057,78096,/home/amos/media/tv/For.All.Mankind.S01-S03.1080p.WEBRip.x265-RARBG/For.All.Mankind.S03.1080p.WEBRip.x265-RARBG/For.All.Mankind.S03E02.1080p.WEBRip.x265-RARBG.mp4,3,2,7772588,
2186,540,1080,0,105,274,948,105,142467,0.244,4.062418172310572,78120,/home/amos/media/tv/For.All.Mankind.S01-S03.1080p.WEBRip.x265-RARBG/For.All.Mankind.S03.1080p.WEBRip.x265-RARBG/For.All.Mankind.S03E02.1080p.WEBRip.x265-RARBG.mp4,3,2,7772588,
2187,540,1080,0,95,270,931,95,146300,0.251,3.879509067570325,78144,/home/amos/media/tv/For.All.Mankind.S01-S03.1080p.WEBRip.x265-RARBG/For.All.Mankind.S03.1080p.WEBRip.x265-RARBG/For.All.Mankind.S03E02.1080p.WEBRip.x265-RARBG.mp4,3,2,7772588,
2188,540,1080,0,62,87,308,62,6150,0.011,8.65353016660083,78168,/home/amos/media/tv/For.All.Mankind.S01-S03.1080p.WEBRip.x265-RARBG/For.All.Mankind.S03.1080p.WEBRip.x265-RARBG/For.All.Mankind.S03E02.1080p.WEBRip.x265-RARBG.mp4,3,2,7772588,
2189,540,1080,1,69,81,590,69,6252,0.011,7.276877062569838,78168,/home/amos/media/tv/For.All.Mankind.S01-S03.1080p.WEBRip.x265-RARBG/For.All.Mankind.S03.1080p.WEBRip.x265-RARBG/For.All.Mankind.S03E02.1080p.WEBRip.x265-RARBG.mp4,3,2,7772588,
2190,540,1080,2,83,62,406,83,6783,0.012,11.363336134410927,78168,/home/amos/media/tv/For.All.Mankind.S01-S03.1080p.WEBRip.x265-RARBG/For.All.Mankind.S03.1080p.WEBRip.x265-RARBG/For.All.Mankind.S03E02.1080p.WEBRip.x265-RARBG.mp4,3,2,7772588,
2191,540,1080,3,89,4,959,89,73950,0.127,7.132447011012118,78168,/home/amos/media/tv/For.All.Mankind.S01-S03.1080p.WEBRip.x265-RARBG/For.All.Mankind.S03.1080p.WEBRip.x265-RARBG/For.All.Mankind.S03E02.1080p.WEBRip.x265-RARBG.mp4,3,2,7772588,
2192,540,1080,0,63,58,949,63,4430,0.008,7.234063134703319,78192,/home/amos/media/tv/For.All.Mankind.S01-S03.1080p.WEBRip.x265-RARBG/For.All.Mankind.S03.1080p.WEBRip.x265-RARBG/For.All.Mankind.S03E02.1080p.WEBRip.x265-RARBG.mp4,3,2,7772588,
2193,540,1080,1,68,88,581,68,10260,0.018,7.525397928024176,78192,/home/amos/media/tv/For.All.Mankind.S01-S03.1080p.WEBRip.x265-RARBG/For.All.Mankind.S03.1080p.WEBRip.x265-RARBG/For.All.Mankind.S03E02.1080p.WEBRip.x265-RARBG.mp4,3,2,7772588,
2194,540,1080,2,63,94,306,63,7533,0.013,7.459451152186375,78192,/home/amos/media/tv/For.All.Mankind.S01-S03.1080p.WEBRip.x265-RARBG/For.All.Mankind.S03.1080p.WEBRip.x265-RARBG/For.All.Mankind.S03E02.1080p.WEBRip.x265-RARBG.mp4,3,2,7772588,
2195,540,1080,3,83,70,394,83,4043,0.007,11.06640218308894,78192,/home/amos/media/tv/For.All.Mankind.S01-S03.1080p.WEBRip.x265-RARBG/For.All.Mankind.S03.1080p.WEBRip.x265-RARBG/For.All.Mankind.S03E02.1080p.WEBRip.x265-RARBG.mp4,3,2,7772588,
2196,540,1080,4,97,10,856,97,66033,0.113,6.574829000572208,78192,/home/amos/media/tv/For.All.Mankind.S01-S03.1080p.WEBRip.x265-RARBG/For.All.Mankind.S03.1080p.WEBRip.x265-RARBG/For.All.Mankind.S03E02.1080p.WEBRip.x265-RARBG.mp4,3,2,7772588,
2197,540,1080,0,62,100,306,62,9272,0.016,8.970211067411583,78216,/home/amos/media/tv/For.All.Mankind.S01-S03.1080p.WEBRip.x265-RARBG/For.All.Mankind.S03.1080p.WEBRip.x265-RARBG/For.All.Mankind.S03E02.1080p.WEBRip.x265-RARBG.mp4,3,2,7772588,
2198,540,1080,1,66,95,579,66,14877,0.026,11.410398060048465,78216,/home/amos/media/tv/For.All.Mankind.S01-S03.1080p.WEBRip.x265-RARBG/For.All.Mankind.S03.1080p.WEBRip.x265-RARBG/For.All.Mankind.S03E02.1080p.WEBRip.x265-RARBG.mp4,3,2,7772588,
2199,540,1080,2,86,74,399,86,3756,0.006,12.146045152039733,78216,/home/amos/media/tv/For.All.Mankind.S01-S03.1080p.WEBRip.x265-RARBG/For.All.Mankind.S03.1080p.WEBRip.x265-RARBG/For.All.Mankind.S03E02.1080p.WEBRip.x265-RARBG.mp4,3,2,7772588,
2200,540,1080,3,94,6,916,94,72336,0.124,10.465233203896789,78216,/home/amos/media/tv/For.All.Mankind.S01-S03.1080p.WEBRip.x265-RARBG/For.All.Mankind.S03.1080p.WEBRip.x265-RARBG/For.All.Mankind.S03E02.1080p.WEBRip.x265-RARBG.mp4,3,2,7772588,
2201,540,1080,0,31,219,64,31,6204,0.011,5.459336058178451,78240,/home/amos/media/tv/For.All.Mankind.S01-S03.1080p.WEBRip.x265-RARBG/For.All.Mankind.S03.1080p.WEBRip.x265-RARBG/For.All.Mankind.S03E02.1080p.WEBRip.x265-RARBG.mp4,3,2,7772588,
2202,540,1080,1,52,218,201,52,24734,0.042,7.217530103749596,78240,/home/amos/media/tv/For.All.Mankind.S01-S03.1080p.WEBRip.x265-RARBG/For.All.Mankind.S03.1080p.WEBRip.x265-RARBG/For.All.Mankind.S03E02.1080p.WEBRip.x265-RARBG.mp4,3,2,7772588,
2203,540,1080,2,58,218,513,58,72800,0.125,6.614746063190978,78240,/home/amos/media/tv/For.All.Mankind.S01-S03.1080p.WEBRip.x265-RARBG/For.All.Mankind.S03.1080p.WEBRip.x265-RARBG/For.All.Mankind.S03E02.1080p.WEBRip.x265-RARBG.mp4,3,2,7772588,
2204,540,1080,0,56,174,606,56,64900,0.111,4.1938639602740295,78264,/home/amos/media/tv/For.All.Mankind.S01-S03.1080p.WEBRip.x265-RARBG/For.All.Mankind.S03.1080p.WEBRip.x265-RARBG/For.All.Mankind.S03E02.1080p.WEBRip.x265-RARBG.mp4,3,2,7772588,
2205,540,1080,1,33,211,1037,33,178712,0.306,4.410863051365595,78264,/home/amos/media/tv/For.All.Mankind.S01-S03.1080p.WEBRip.x265-RARBG/For.All.Mankind.S03.1080p.WEBRip.x265-RARBG/For.All.Mankind.S03E02.1080p.WEBRip.x265-RARBG.mp4,3,2,7772588,
2206,540,1080,2,53,218,136,53,13695,0.023,8.19288102973951,78264,/home/amos/media/tv/For.All.Mankind.S01-S03.1080p.WEBRip.x265-RARBG/For.All.Mankind.S03.1080p.WEBRip.x265-RARBG/For.All.Mankind.S03E02.1080p.WEBRip.x265-RARBG.mp4,3,2,7772588,
2207,540,1080,0,32,276,13,32,4636,0.008,3.573461034509819,78288,/home/amos/media/tv/For.All.Mankind.S01-S03.1080p.WEBRip.x265-RARBG/For.All.Mankind.S03.1080p.WEBRip.x265-RARBG/For.All.Mankind.S03E02.1080p.WEBRip.x265-RARBG.mp4,3,2,7772588,
2208,540,1080,1,48,257,792,48,155496,0.267,3.692167023313232,78288,/home/amos/media/tv/For.All.Mankind.S01-S03.1080p.WEBRip.x265-RARBG/For.All.Mankind.S03.1080p.WEBRip.x265-RARBG/For.All.Mankind.S03E02.1080p.WEBRip.x265-RARBG.mp4,3,2,7772588,
2209,540,1080,2,56,262,624,56,117008,0.201,7.736765996727627,78288,/home/amos/media/tv/For.All.Mankind.S01-S03.1080p.WEBRip.x265-RARBG/For.All.Mankind.S03.1080p.WEBRip.x265-RARBG/For.All.Mankind.S03E02.1080p.WEBRip.x265-RARBG.mp4,3,2,7772588,
2210,540,1080,0,34,278,33,34,244,0.0,4.919627015653532,78312,/home/amos/media/tv/For.All.Mankind.S01-S03.1080p.WEBRip.x265-RARBG/For.All.Mankind.S03.1080p.WEBRip.x265-RARBG/For.All.Mankind.S03E02.1080p.WEBRip.x265-RARBG.mp4,3,2,7772588,
2211,540,1080,1,51,259,820,51,159952,0.274,5.772691140300594,78312,/home/amos/media/tv/For.All.Mankind.S01-S03.1080p.WEBRip.x265-RARBG/For.All.Mankind.S03.1080p.WEBRip.x265-RARBG/For.All.Mankind.S03E02.1080p.WEBRip.x265-RARBG.mp4,3,2,7772588,
2212,540,1080,2,41,291,583,41,135500,0.232,1.8110461243777536,78312,/home/amos/media/tv/For.All.Mankind.S01-S03.1080p.WEBRip.x265-RARBG/For.All.Mankind.S03.1080p.WEBRip.x265-RARBG/For.All.Mankind.S03E02.1080p.WEBRip.x265-RARBG.mp4,3,2,7772588,
2213,540,1080,3,56,265,651,56,124355,0.213,6.818235972139519,78312,/home/amos/media/tv/For.All.Mankind.S01-S03.1080p.WEBRip.x265-RARBG/For.All.Mankind.S03.1080p.WEBRip.x265-RARBG/For.All.Mankind.S03E02.1080p.WEBRip.x265-RARBG.mp4,3,2,7772588,
2214,540,1080,0,32,291,88,32,14504,0.025,3.2379420149954967,78336,/home/amos/media/tv/For.All.Mankind.S01-S03.1080p.WEBRip.x265-RARBG/For.All.Mankind.S03.1080p.WEBRip.x265-RARBG/For.All.Mankind.S03E02.1080p.WEBRip.x265-RARBG.mp4,3,2,7772588,
2215,540,1080,1,39,301,22,39,4454,0.008,5.134133122104686,78336,/home/amos/media/tv/For.All.Mankind.S01-S03.1080p.WEBRip.x265-RARBG/For.All.Mankind.S03.1080p.WEBRip.x265-RARBG/For.All.Mankind.S03E02.1080p.WEBRip.x265-RARBG.mp4,3,2,7772588,
2216,540,1080,2,53,268,857,53,172860,0.296,5.813306182739325,78336,/home/amos/media/tv/For.All.Mankind.S01-S03.1080p.WEBRip.x265-RARBG/For.All.Mankind.S03.1080p.WEBRip.x265-RARBG/For.All.Mankind.S03E02.1080p.WEBRip.x265-RARBG.mp4,3,2,7772588,
2217,540,1080,3,45,301,620,45,147200,0.252,1.1922140458482318,78336,/home/amos/media/tv/For.All.Mankind.S01-S03.1080p.WEBRip.x265-RARBG/For.All.Mankind.S03.1080p.WEBRip.x265-RARBG/For.All.Mankind.S03E02.1080p.WEBRip.x265-RARBG.mp4,3,2,7772588,
2218,540,1080,4,56,274,686,56,137340,0.235,7.795293984177988,78336,/home/amos/media/tv/For.All.Mankind.S01-S03.1080p.WEBRip.x265-RARBG/For.All.Mankind.S03.1080p.WEBRip.x265-RARBG/For.All.Mankind.S03E02.1080p.WEBRip.x265-RARBG.mp4,3,2,7772588,
2219,540,1080,5,57,306,466,57,101841,0.175,1.2729550257208757,78336,/home/amos/media/tv/For.All.Mankind.S01-S03.1080p.WEBRip.x265-RARBG/For.All.Mankind.S03.1080p.WEBRip.x265-RARBG/For.All.Mankind.S03E02.1080p.WEBRip.x265-RARBG.mp4,3,2,7772588,
2220,540,1080,0,52,155,954,52,92906,0.159,5.754361084837001,78360,/home/amos/media/tv/For.All.Mankind.S01-S03.1080p.WEBRip.x265-RARBG/For.All.Mankind.S03.1080p.WEBRip.x265-RARBG/For.All.Mankind.S03E02.1080p.WEBRip.x265-RARBG.mp4,3,2,7772588,
2221,540,1080,1,29,223,185,29,30264,0.052,3.4695551084005274,78360,/home/amos/media/tv/For.All.Mankind.S01-S03.1080p.WEBRip.x265-RARBG/For.All.Mankind.S03.1080p.WEBRip.x265-RARBG/For.All.Mankind.S03E02.1080p.WEBRip.x265-RARBG.mp4,3,2,7772588,
2222,540,1080,2,49,215,286,49,39342,0.067,6.415574989223387,78360,/home/amos/media/tv/For.All.Mankind.S01-S03.1080p.WEBRip.x265-RARBG/For.All.Mankind.S03.1080p.WEBRip.x265-RARBG/For.All.Mankind.S03E02.1080p.WEBRip.x265-RARBG.mp4,3,2,7772588,
2223,540,1080,0,59,412,561,59,177206,0.304,4.64449710509507,78384,/home/amos/media/tv/For.All.Mankind.S01-S03.1080p.WEBRip.x265-RARBG/For.All.Mankind.S03.1080p.WEBRip.x265-RARBG/For.All.Mankind.S03E02.1080p.WEBRip.x265-RARBG.mp4,3,2,7772588,
2224,540,1080,0,46,85,63,46,663,0.001,8.360862983157858,78480,/home/amos/media/tv/For.All.Mankind.S01-S03.1080p.WEBRip.x265-RARBG/For.All.Mankind.S03.1080p.WEBRip.x265-RARBG/For.All.Mankind.S03E02.1080p.WEBRip.x265-RARBG.mp4,3,2,7772588,
2225,540,1080,1,47,104,827,47,44460,0.076,9.616500143834855,78480,/home/amos/media/tv/For.All.Mankind.S01-S03.1080p.WEBRip.x265-RARBG/For.All.Mankind.S03.1080p.WEBRip.x265-RARBG/For.All.Mankind.S03E02.1080p.WEBRip.x265-RARBG.mp4,3,2,7772588,
2226,540,1080,2,48,93,545,48,22365,0.038,5.299236118677072,78480,/home/amos/media/tv/For.All.Mankind.S01-S03.1080p.WEBRip.x265-RARBG/For.All.Mankind.S03.1080p.WEBRip.x265-RARBG/For.All.Mankind.S03E02.1080p.WEBRip.x265-RARBG.mp4,3,2,7772588,
2227,540,1080,3,58,121,245,58,11781,0.02,11.065645078138914,78480,/home/amos/media/tv/For.All.Mankind.S01-S03.1080p.WEBRip.x265-RARBG/For.All.Mankind.S03.1080p.WEBRip.x265-RARBG/For.All.Mankind.S03E02.1080p.WEBRip.x265-RARBG.mp4,3,2,7772588,
2228,540,1080,4,54,86,624,54,18240,0.031,8.072374074661639,78480,/home/amos/media/tv/For.All.Mankind.S01-S03.1080p.WEBRip.x265-RARBG/For.All.Mankind.S03.1080p.WEBRip.x265-RARBG/For.All.Mankind.S03E02.1080p.WEBRip.x265-RARBG.mp4,3,2,7772588,
2229,540,1080,5,47,238,821,47,147834,0.253,6.635037033294793,78480,/home/amos/media/tv/For.All.Mankind.S01-S03.1080p.WEBRip.x265-RARBG/For.All.Mankind.S03.1080p.WEBRip.x265-RARBG/For.All.Mankind.S03E02.1080p.WEBRip.x265-RARBG.mp4,3,2,7772588,
2230,540,1080,6,68,374,550,68,147492,0.253,1.7641750708571635,78480,/home/amos/media/tv/For.All.Mankind.S01-S03.1080p.WEBRip.x265-RARBG/For.All.Mankind.S03.1080p.WEBRip.x265-RARBG/For.All.Mankind.S03E02.1080p.WEBRip.x265-RARBG.mp4,3,2,7772588,
2231,540,1080,0,45,85,65,45,800,0.001,7.7168690882390365,78504,/home/amos/media/tv/For.All.Mankind.S01-S03.1080p.WEBRip.x265-RARBG/For.All.Mankind.S03.1080p.WEBRip.x265-RARBG/For.All.Mankind.S03E02.1080p.WEBRip.x265-RARBG.mp4,3,2,7772588,
2232,540,1080,1,46,103,827,46,44517,0.076,9.487100068421569,78504,/home/amos/media/tv/For.All.Mankind.S01-S03.1080p.WEBRip.x265-RARBG/For.All.Mankind.S03.1080p.WEBRip.x265-RARBG/For.All.Mankind.S03E02.1080p.WEBRip.x265-RARBG.mp4,3,2,7772588,
2233,540,1080,2,52,82,642,52,17700,0.03,10.257826084678529,78504,/home/amos/media/tv/For.All.Mankind.S01-S03.1080p.WEBRip.x265-RARBG/For.All.Mankind.S03.1080p.WEBRip.x265-RARBG/For.All.Mankind.S03E02.1080p.WEBRip.x265-RARBG.mp4,3,2,7772588,
2234,540,1080,3,44,94,547,44,25150,0.043,6.091420135111548,78504,/home/amos/media/tv/For.All.Mankind.S01-S03.1080p.WEBRip.x265-RARBG/For.All.Mankind.S03.1080p.WEBRip.x265-RARBG/For.All.Mankind.S03E02.1080p.WEBRip.x265-RARBG.mp4,3,2,7772588,
2235,540,1080,4,58,118,228,58,10200,0.017,10.049776207772084,78504,/home/amos/media/tv/For.All.Mankind.S01-S03.1080p.WEBRip.x265-RARBG/For.All.Mankind.S03.1080p.WEBRip.x265-RARBG/For.All.Mankind.S03E02.1080p.WEBRip.x265-RARBG.mp4,3,2,7772588,
2236,540,1080,5,48,240,817,48,147648,0.253,4.0149340744828805,78504,/home/amos/media/tv/For.All.Mankind.S01-S03.1080p.WEBRip.x265-RARBG/For.All.Mankind.S03.1080p.WEBRip.x265-RARBG/For.All.Mankind.S03E02.1080p.WEBRip.x265-RARBG.mp4,3,2,7772588,
2237,540,1080,6,61,202,742,61,96021,0.165,4.869101164571475,78504,/home/amos/media/tv/For.All.Mankind.S01-S03.1080p.WEBRip.x265-RARBG/For.All.Mankind.S03.1080p.WEBRip.x265-RARBG/For.All.Mankind.S03E02.1080p.WEBRip.x265-RARBG.mp4,3,2,7772588,
2238,540,1080,0,44,104,110,44,3960,0.007,4.148560077126604,78528,/home/amos/media/tv/For.All.Mankind.S01-S03.1080p.WEBRip.x265-RARBG/For.All.Mankind.S03.1080p.WEBRip.x265-RARBG/For.All.Mankind.S03E02.1080p.WEBRip.x265-RARBG.mp4,3,2,7772588,
2239,540,1080,1,61,104,330,61,11567,0.02,8.594838050368708,78528,/home/amos/media/tv/For.All.Mankind.S01-S03.1080p.WEBRip.x265-RARBG/For.All.Mankind.S03.1080p.WEBRip.x265-RARBG/For.All.Mankind.S03E02.1080p.WEBRip.x265-RARBG.mp4,3,2,7772588,
2240,540,1080,2,64,132,624,64,38080,0.065,7.183725128066726,78528,/home/amos/media/tv/For.All.Mankind.S01-S03.1080p.WEBRip.x265-RARBG/For.All.Mankind.S03.1080p.WEBRip.x265-RARBG/For.All.Mankind.S03E02.1080p.WEBRip.x265-RARBG.mp4,3,2,7772588,
2241,540,1080,3,107,76,774,107,20677,0.035,2.702648059173953,78528,/home/amos/media/tv/For.All.Mankind.S01-S03.1080p.WEBRip.x265-RARBG/For.All.Mankind.S03.1080p.WEBRip.x265-RARBG/For.All.Mankind.S03E02.1080p.WEBRip.x265-RARBG.mp4,3,2,7772588,
2242,540,1080,4,76,131,488,76,22660,0.039,3.7596460996428505,78528,/home/amos/media/tv/For.All.Mankind.S01-S03.1080p.WEBRip.x265-RARBG/For.All.Mankind.S03.1080p.WEBRip.x265-RARBG/For.All.Mankind.S03E02.1080p.WEBRip.x265-RARBG.mp4,3,2,7772588,
2243,540,1080,5,91,126,26,91,2275,0.004,9.236053093278317,78528,/home/amos/media/tv/For.All.Mankind.S01-S03.1080p.WEBRip.x265-RARBG/For.All.Mankind.S03.1080p.WEBRip.x265-RARBG/For.All.Mankind.S03E02.1080p.WEBRip.x265-RARBG.mp4,3,2,7772588,
2244,540,1080,6,85,147,228,85,8866,0.015,5.350920209544711,78528,/home/amos/media/tv/For.All.Mankind.S01-S03.1080p.WEBRip.x265-RARBG/For.All.Mankind.S03.1080p.WEBRip.x265-RARBG/For.All.Mankind.S03E02.1080p.WEBRip.x265-RARBG.mp4,3,2,7772588,
2245,540,1080,0,43,108,104,43,3965,0.007,4.065534025139641,78552,/home/amos/media/tv/For.All.Mankind.S01-S03.1080p.WEBRip.x265-RARBG/For.All.Mankind.S03.1080p.WEBRip.x265-RARBG/For.All.Mankind.S03E02.1080p.WEBRip.x265-RARBG.mp4,3,2,7772588,
2246,540,1080,1,62,106,322,62,11440,0.02,7.470787167898379,78552,/home/amos/media/tv/For.All.Mankind.S01-S03.1080p.WEBRip.x265-RARBG/For.All.Mankind.S03.1080p.WEBRip.x265-RARBG/For.All.Mankind.S03E02.1080p.WEBRip.x265-RARBG.mp4,3,2,7772588,
2247,540,1080,2,64,135,617,64,39263,0.067,6.693527111900039,78552,/home/amos/media/tv/For.All.Mankind.S01-S03.1080p.WEBRip.x265-RARBG/For.All.Mankind.S03.1080p.WEBRip.x265-RARBG/For.All.Mankind.S03E02.1080p.WEBRip.x265-RARBG.mp4,3,2,7772588,
2248,540,1080,3,73,136,488,73,26145,0.045,4.1634370299289,78552,/home/amos/media/tv/For.All.Mankind.S01-S03.1080p.WEBRip.x265-RARBG/For.All.Mankind.S03.1080p.WEBRip.x265-RARBG/For.All.Mankind.S03E02.1080p.WEBRip.x265-RARBG.mp4,3,2,7772588,
2249,540,1080,4,91,129,22,91,2622,0.004,10.175445029861294,78552,/home/amos/media/tv/For.All.Mankind.S01-S03.1080p.WEBRip.x265-RARBG/For.All.Mankind.S03.1080p.WEBRip.x265-RARBG/For.All.Mankind.S03E02.1080p.WEBRip.x265-RARBG.mp4,3,2,7772588,
2250,540,1080,5,88,149,224,88,8296,0.014,4.790685213287361,78552,/home/amos/media/tv/For.All.Mankind.S01-S03.1080p.WEBRip.x265-RARBG/For.All.Mankind.S03.1080p.WEBRip.x265-RARBG/For.All.Mankind.S03E02.1080p.WEBRip.x265-RARBG.mp4,3,2,7772588,
2251,540,1080,0,27,133,614,27,62222,0.107,9.488110963604411,78600,/home/amos/media/tv/For.All.Mankind.S01-S03.1080p.WEBRip.x265-RARBG/For.All.Mankind.S03.1080p.WEBRip.x265-RARBG/For.All.Mankind.S03E02.1080p.WEBRip.x265-RARBG.mp4,3,2,7772588,
2252,540,1080,0,47,89,536,47,20538,0.035,8.091775135486387,78624,/home/amos/media/tv/For.All.Mankind.S01-S03.1080p.WEBRip.x265-RARBG/For.All.Mankind.S03.1080p.WEBRip.x265-RARBG/For.All.Mankind.S03E02.1080p.WEBRip.x265-RARBG.mp4,3,2,7772588,
2253,540,1080,1,48,77,59,48,319,0.001,7.965342067356687,78624,/home/amos/media/tv/For.All.Mankind.S01-S03.1080p.WEBRip.x265-RARBG/For.All.Mankind.S03.1080p.WEBRip.x265-RARBG/For.All.Mankind.S03E02.1080p.WEBRip.x265-RARBG.mp4,3,2,7772588,
2254,540,1080,2,44,97,815,44,40863,0.07,6.658668040705379,78624,/home/amos/media/tv/For.All.Mankind.S01-S03.1080p.WEBRip.x265-RARBG/For.All.Mankind.S03.1080p.WEBRip.x265-RARBG/For.All.Mankind.S03E02.1080p.WEBRip.x265-RARBG.mp4,3,2,7772588,
2255,540,1080,3,48,89,217,48,6929,0.012,8.493622184847482,78624,/home/amos/media/tv/For.All.Mankind.S01-S03.1080p.WEBRip.x265-RARBG/For.All.Mankind.S03.1080p.WEBRip.x265-RARBG/For.All.Mankind.S03E02.1080p.WEBRip.x265-RARBG.mp4,3,2,7772588,
2256,540,1080,4,59,116,248,59,10773,0.018,10.536889043811245,78624,/home/amos/media/tv/For.All.Mankind.S01-S03.1080p.WEBRip.x265-RARBG/For.All.Mankind.S03.1080p.WEBRip.x265-RARBG/For.All.Mankind.S03E02.1080p.WEBRip.x265-RARBG.mp4,3,2,7772588,
2257,540,1080,5,73,365,521,73,130816,0.224,0.65298793715192,78624,/home/amos/media/tv/For.All.Mankind.S01-S03.1080p.WEBRip.x265-RARBG/For.All.Mankind.S03.1080p.WEBRip.x265-RARBG/For.All.Mankind.S03E02.1080p.WEBRip.x265-RARBG.mp4,3,2,7772588,
2258,540,1080,0,44,80,61,44,612,0.001,7.353821138560306,78648,/home/amos/media/tv/For.All.Mankind.S01-S03.1080p.WEBRip.x265-RARBG/For.All.Mankind.S03.1080p.WEBRip.x265-RARBG/For.All.Mankind.S03E02.1080p.WEBRip.x265-RARBG.mp4,3,2,7772588,
2259,540,1080,1,35,97,369,35,20708,0.036,5.083078084920999,78648,/home/amos/media/tv/For.All.Mankind.S01-S03.1080p.WEBRip.x265-RARBG/For.All.Mankind.S03.1080p.WEBRip.x265-RARBG/For.All.Mankind.S03E02.1080p.WEBRip.x265-RARBG.mp4,3,2,7772588,
2260,540,1080,2,46,96,816,46,38500,0.066,9.824276044906584,78648,/home/amos/media/tv/For.All.Mankind.S01-S03.1080p.WEBRip.x265-RARBG/For.All.Mankind.S03.1080p.WEBRip.x265-RARBG/For.All.Mankind.S03E02.1080p.WEBRip.x265-RARBG.mp4,3,2,7772588,
2261,540,1080,3,47,88,529,47,19762,0.034,5.827868027554359,78648,/home/amos/media/tv/For.All.Mankind.S01-S03.1080p.WEBRip.x265-RARBG/For.All.Mankind.S03.1080p.WEBRip.x265-RARBG/For.All.Mankind.S03E02.1080p.WEBRip.x265-RARBG.mp4,3,2,7772588,
2262,540,1080,4,54,115,259,54,12505,0.021,8.661425994650926,78648,/home/amos/media/tv/For.All.Mankind.S01-S03.1080p.WEBRip.x265-RARBG/For.All.Mankind.S03.1080p.WEBRip.x265-RARBG/For.All.Mankind.S03E02.1080p.WEBRip.x265-RARBG.mp4,3,2,7772588,
2263,540,1080,0,44,95,817,44,39423,0.068,12.599672148178795,78672,/home/amos/media/tv/For.All.Mankind.S01-S03.1080p.WEBRip.x265-RARBG/For.All.Mankind.S03.1080p.WEBRip.x265-RARBG/For.All.Mankind.S03E02.1080p.WEBRip.x265-RARBG.mp4,3,2,7772588,
2264,540,1080,1,36,96,373,36,20220,0.035,6.323090053105261,78672,/home/amos/media/tv/For.All.Mankind.S01-S03.1080p.WEBRip.x265-RARBG/For.All.Mankind.S03.1080p.WEBRip.x265-RARBG/For.All.Mankind.S03E02.1080p.WEBRip.x265-RARBG.mp4,3,2,7772588,
2265,540,1080,2,44,79,64,44,700,0.001,6.393444107321557,78672,/home/amos/media/tv/For.All.Mankind.S01-S03.1080p.WEBRip.x265-RARBG/For.All.Mankind.S03.1080p.WEBRip.x265-RARBG/For.All.Mankind.S03E02.1080p.WEBRip.x265-RARBG.mp4,3,2,7772588,
2266,540,1080,3,48,86,538,48,18620,0.032,4.925182052073069,78672,/home/amos/media/tv/For.All.Mankind.S01-S03.1080p.WEBRip.x265-RARBG/For.All.Mankind.S03.1080p.WEBRip.x265-RARBG/For.All.Mankind.S03E02.1080p.WEBRip.x265-RARBG.mp4,3,2,7772588,
2267,540,1080,0,41,97,820,41,43624,0.075,8.153108156227972,78696,/home/amos/media/tv/For.All.Mankind.S01-S03.1080p.WEBRip.x265-RARBG/For.All.Mankind.S03.1080p.WEBRip.x265-RARBG/For.All.Mankind.S03E02.1080p.WEBRip.x265-RARBG.mp4,3,2,7772588,
2268,540,1080,1,46,78,66,46,640,0.001,6.133671119052451,78696,/home/amos/media/tv/For.All.Mankind.S01-S03.1080p.WEBRip.x265-RARBG/For.All.Mankind.S03.1080p.WEBRip.x265-RARBG/For.All.Mankind.S03E02.1080p.WEBRip.x265-RARBG.mp4,3,2,7772588,
2269,540,1080,2,48,84,541,48,17748,0.03,6.64627502753865,78696,/home/amos/media/tv/For.All.Mankind.S01-S03.1080p.WEBRip.x265-RARBG/For.All.Mankind.S03.1080p.WEBRip.x265-RARBG/For.All.Mankind.S03E02.1080p.WEBRip.x265-RARBG.mp4,3,2,7772588,
2270,540,1080,3,78,360,551,78,133386,0.229,0.833328983921092,78696,/home/amos/media/tv/For.All.Mankind.S01-S03.1080p.WEBRip.x265-RARBG/For.All.Mankind.S03.1080p.WEBRip.x265-RARBG/For.All.Mankind.S03E02.1080p.WEBRip.x265-RARBG.mp4,3,2,7772588,
2271,540,1080,0,51,173,595,51,66368,0.114,5.148544987954665,78792,/home/amos/media/tv/For.All.Mankind.S01-S03.1080p.WEBRip.x265-RARBG/For.All.Mankind.S03.1080p.WEBRip.x265-RARBG/For.All.Mankind.S03E02.1080p.WEBRip.x265-RARBG.mp4,3,2,7772588,
2272,540,1080,1,56,183,428,56,47244,0.081,2.5061758899246342,78792,/home/amos/media/tv/For.All.Mankind.S01-S03.1080p.WEBRip.x265-RARBG/For.All.Mankind.S03.1080p.WEBRip.x265-RARBG/For.All.Mankind.S03E02.1080p.WEBRip.x265-RARBG.mp4,3,2,7772588,
2273,540,1080,2,182,66,636,182,52664,0.09,1.8540990460314788,78792,/home/amos/media/tv/For.All.Mankind.S01-S03.1080p.WEBRip.x265-RARBG/For.All.Mankind.S03.1080p.WEBRip.x265-RARBG/For.All.Mankind.S03E02.1080p.WEBRip.x265-RARBG.mp4,3,2,7772588,
2274,540,1080,0,47,185,496,47,61962,0.106,4.096269071393181,78816,/home/amos/media/tv/For.All.Mankind.S01-S03.1080p.WEBRip.x265-RARBG/For.All.Mankind.S03.1080p.WEBRip.x265-RARBG/For.All.Mankind.S03E02.1080p.WEBRip.x265-RARBG.mp4,3,2,7772588,
2275,540,1080,1,51,193,329,51,39476,0.068,3.201006004877854,78816,/home/amos/media/tv/For.All.Mankind.S01-S03.1080p.WEBRip.x265-RARBG/For.All.Mankind.S03.1080p.WEBRip.x265-RARBG/For.All.Mankind.S03E02.1080p.WEBRip.x265-RARBG.mp4,3,2,7772588,
2276,540,1080,2,36,246,644,36,127680,0.219,6.911681985307951,78816,/home/amos/media/tv/For.All.Mankind.S01-S03.1080p.WEBRip.x265-RARBG/For.All.Mankind.S03.1080p.WEBRip.x265-RARBG/For.All.Mankind.S03E02.1080p.WEBRip.x265-RARBG.mp4,3,2,7772588,
2277,540,1080,3,57,241,150,57,17112,0.029,7.256098016106989,78816,/home/amos/media/tv/For.All.Mankind.S01-S03.1080p.WEBRip.x265-RARBG/For.All.Mankind.S03.1080p.WEBRip.x265-RARBG/For.All.Mankind.S03E02.1080p.WEBRip.x265-RARBG.mp4,3,2,7772588,
2278,540,1080,4,54,328,369,54,86310,0.148,2.6459450851543806,78816,/home/amos/media/tv/For.All.Mankind.S01-S03.1080p.WEBRip.x265-RARBG/For.All.Mankind.S03.1080p.WEBRip.x265-RARBG/For.All.Mankind.S03E02.1080p.WEBRip.x265-RARBG.mp4,3,2,7772588,
2279,540,1080,0,55,172,181,55,14742,0.025,6.795199002779555,78840,/home/amos/media/tv/For.All.Mankind.S01-S03.1080p.WEBRip.x265-RARBG/For.All.Mankind.S03.1080p.WEBRip.x265-RARBG/For.All.Mankind.S03E02.1080p.WEBRip.x265-RARBG.mp4,3,2,7772588,
2280,540,1080,1,59,126,589,59,35510,0.061,7.609247034299187,78840,/home/amos/media/tv/For.All.Mankind.S01-S03.1080p.WEBRip.x265-RARBG/For.All.Mankind.S03.1080p.WEBRip.x265-RARBG/For.All.Mankind.S03E02.1080p.WEBRip.x265-RARBG.mp4,3,2,7772588,
2281,540,1080,2,58,121,490,58,27216,0.047,8.471407127275597,78840,/home/amos/media/tv/For.All.Mankind.S01-S03.1080p.WEBRip.x265-RARBG/For.All.Mankind.S03.1080p.WEBRip.x265-RARBG/For.All.Mankind.S03E02.1080p.WEBRip.x265-RARBG.mp4,3,2,7772588,
2282,540,1080,3,75,120,687,75,27540,0.047,6.491337095794734,78840,/home/amos/media/tv/For.All.Mankind.S01-S03.1080p.WEBRip.x265-RARBG/For.All.Mankind.S03.1080p.WEBRip.x265-RARBG/For.All.Mankind.S03E02.1080p.WEBRip.x265-RARBG.mp4,3,2,7772588,
2283,540,1080,4,74,172,973,74,88102,0.151,4.3382381405099295,78840,/home/amos/media/tv/For.All.Mankind.S01-S03.1080p.WEBRip.x265-RARBG/For.All.Mankind.S03.1080p.WEBRip.x265-RARBG/For.All.Mankind.S03E02.1080p.WEBRip.x265-RARBG.mp4,3,2,7772588,
2284,540,1080,0,61,127,392,61,21846,0.037,3.184171055618208,78864,/home/amos/media/tv/For.All.Mankind.S01-S03.1080p.WEBRip.x265-RARBG/For.All.Mankind.S03.1080p.WEBRip.x265-RARBG/For.All.Mankind.S03E02.1080p.WEBRip.x265-RARBG.mp4,3,2,7772588,
2285,540,1080,1,59,122,298,59,15057,0.026,7.591493142244872,78864,/home/amos/media/tv/For.All.Mankind.S01-S03.1080p.WEBRip.x265-RARBG/For.All.Mankind.S03.1080p.WEBRip.x265-RARBG/For.All.Mankind.S03E02.1080p.WEBRip.x265-RARBG.mp4,3,2,7772588,
2286,540,1080,2,72,122,495,72,21150,0.036,8.482309112034272,78864,/home/amos/media/tv/For.All.Mankind.S01-S03.1080p.WEBRip.x265-RARBG/For.All.Mankind.S03.1080p.WEBRip.x265-RARBG/For.All.Mankind.S03E02.1080p.WEBRip.x265-RARBG.mp4,3,2,7772588,
2287,540,1080,3,75,172,774,75,67803,0.116,7.040947934612632,78864,/home/amos/media/tv/For.All.Mankind.S01-S03.1080p.WEBRip.x265-RARBG/For.All.Mankind.S03.1080p.WEBRip.x265-RARBG/For.All.Mankind.S03E02.1080p.WEBRip.x265-RARBG.mp4,3,2,7772588,
2288,540,1080,0,58,120,121,58,3906,0.007,8.210103172285017,78888,/home/amos/media/tv/For.All.Mankind.S01-S03.1080p.WEBRip.x265-RARBG/For.All.Mankind.S03.1080p.WEBRip.x265-RARBG/For.All.Mankind.S03E02.1080p.WEBRip.x265-RARBG.mp4,3,2,7772588,
2289,540,1080,1,57,126,216,57,10971,0.019,4.307958079385571,78888,/home/amos/media/tv/For.All.Mankind.S01-S03.1080p.WEBRip.x265-RARBG/For.All.Mankind.S03.1080p.WEBRip.x265-RARBG/For.All.Mankind.S03E02.1080p.WEBRip.x265-RARBG.mp4,3,2,7772588,
2290,540,1080,2,74,119,329,74,11475,0.02,6.4763381881057285,78888,/home/amos/media/tv/For.All.Mankind.S01-S03.1080p.WEBRip.x265-RARBG/For.All.Mankind.S03.1080p.WEBRip.x265-RARBG/For.All.Mankind.S03E02.1080p.WEBRip.x265-RARBG.mp4,3,2,7772588,
2291,540,1080,3,76,168,598,76,48024,0.082,4.22254007862648,78888,/home/amos/media/tv/For.All.Mankind.S01-S03.1080p.WEBRip.x265-RARBG/For.All.Mankind.S03.1080p.WEBRip.x265-RARBG/For.All.Mankind.S03E02.1080p.WEBRip.x265-RARBG.mp4,3,2,7772588,
2292,540,1080,0,66,121,162,66,5280,0.009,8.05324810667662,78912,/home/amos/media/tv/For.All.Mankind.S01-S03.1080p.WEBRip.x265-RARBG/For.All.Mankind.S03.1080p.WEBRip.x265-RARBG/For.All.Mankind.S03E02.1080p.WEBRip.x265-RARBG.mp4,3,2,7772588,
2293,540,1080,1,67,91,239,67,4128,0.007,7.113399120455142,78912,/home/amos/media/tv/For.All.Mankind.S01-S03.1080p.WEBRip.x265-RARBG/For.All.Mankind.S03.1080p.WEBRip.x265-RARBG/For.All.Mankind.S03E02.1080p.WEBRip.x265-RARBG.mp4,3,2,7772588,
2294,540,1080,2,73,169,420,73,33312,0.057,6.663971015950665,78912,/home/amos/media/tv/For.All.Mankind.S01-S03.1080p.WEBRip.x265-RARBG/For.All.Mankind.S03.1080p.WEBRip.x265-RARBG/For.All.Mankind.S03E02.1080p.WEBRip.x265-RARBG.mp4,3,2,7772588,
2295,540,1080,3,119,176,744,119,35625,0.061,4.82520299119642,78912,/home/amos/media/tv/For.All.Mankind.S01-S03.1080p.WEBRip.x265-RARBG/For.All.Mankind.S03.1080p.WEBRip.x265-RARBG/For.All.Mankind.S03E02.1080p.WEBRip.x265-RARBG.mp4,3,2,7772588,
2296,540,1080,0,45,176,395,45,45850,0.079,6.286660023324657,78936,/home/amos/media/tv/For.All.Mankind.S01-S03.1080p.WEBRip.x265-RARBG/For.All.Mankind.S03.1080p.WEBRip.x265-RARBG/For.All.Mankind.S03E02.1080p.WEBRip.x265-RARBG.mp4,3,2,7772588,
2297,540,1080,1,36,238,544,36,102616,0.176,6.652388076239731,78936,/home/amos/media/tv/For.All.Mankind.S01-S03.1080p.WEBRip.x265-RARBG/For.All.Mankind.S03.1080p.WEBRip.x265-RARBG/For.All.Mankind.S03E02.1080p.WEBRip.x265-RARBG.mp4,3,2,7772588,
2298,540,1080,0,176,91,563,176,32895,0.056,6.1511470268596895,78960,/home/amos/media/tv/For.All.Mankind.S01-S03.1080p.WEBRip.x265-RARBG/For.All.Mankind.S03.1080p.WEBRip.x265-RARBG/For.All.Mankind.S03E02.1080p.WEBRip.x265-RARBG.mp4,3,2,7772588,
2299,540,1080,1,45,179,360,45,42210,0.072,6.454870004032273,78960,/home/amos/media/tv/For.All.Mankind.S01-S03.1080p.WEBRip.x265-RARBG/For.All.Mankind.S03.1080p.WEBRip.x265-RARBG/For.All.Mankind.S03E02.1080p.WEBRip.x265-RARBG.mp4,3,2,7772588,
2300,540,1080,2,37,242,502,37,95325,0.163,6.920457077154424,78960,/home/amos/media/tv/For.All.Mankind.S01-S03.1080p.WEBRip.x265-RARBG/For.All.Mankind.S03.1080p.WEBRip.x265-RARBG/For.All.Mankind.S03E02.1080p.WEBRip.x265-RARBG.mp4,3,2,7772588,
2301,540,1080,3,92,190,259,92,16366,0.028,0.7952780101331882,78960,/home/amos/media/tv/For.All.Mankind.S01-S03.1080p.WEBRip.x265-RARBG/For.All.Mankind.S03.1080p.WEBRip.x265-RARBG/For.All.Mankind.S03E02.1080p.WEBRip.x265-RARBG.mp4,3,2,7772588,
2302,540,1080,0,46,204,915,46,137302,0.235,5.206958080350887,79008,/home/amos/media/tv/For.All.Mankind.S01-S03.1080p.WEBRip.x265-RARBG/For.All.Mankind.S03.1080p.WEBRip.x265-RARBG/For.All.Mankind.S03E02.1080p.WEBRip.x265-RARBG.mp4,3,2,7772588,
2303,540,1080,0,41,159,884,41,99474,0.171,8.133333051868249,79056,/home/amos/media/tv/For.All.Mankind.S01-S03.1080p.WEBRip.x265-RARBG/For.All.Mankind.S03.1080p.WEBRip.x265-RARBG/For.All.Mankind.S03E02.1080p.WEBRip.x265-RARBG.mp4,3,2,7772588,
2304,540,1080,1,72,144,463,72,28152,0.048,4.386336154246237,79056,/home/amos/media/tv/For.All.Mankind.S01-S03.1080p.WEBRip.x265-RARBG/For.All.Mankind.S03.1080p.WEBRip.x265-RARBG/For.All.Mankind.S03E02.1080p.WEBRip.x265-RARBG.mp4,3,2,7772588,
2305,540,1080,2,66,359,593,66,154411,0.265,2.796925101603847,79056,/home/amos/media/tv/For.All.Mankind.S01-S03.1080p.WEBRip.x265-RARBG/For.All.Mankind.S03.1080p.WEBRip.x265-RARBG/For.All.Mankind.S03E02.1080p.WEBRip.x265-RARBG.mp4,3,2,7772588,
2306,540,1080,0,38,143,757,38,75495,0.129,4.993256083282176,79080,/home/amos/media/tv/For.All.Mankind.S01-S03.1080p.WEBRip.x265-RARBG/For.All.Mankind.S03.1080p.WEBRip.x265-RARBG/For.All.Mankind.S03E02.1080p.WEBRip.x265-RARBG.mp4,3,2,7772588,
2307,540,1080,1,30,183,991,30,147033,0.252,8.784662097634282,79080,/home/amos/media/tv/For.All.Mankind.S01-S03.1080p.WEBRip.x265-RARBG/For.All.Mankind.S03.1080p.WEBRip.x265-RARBG/For.All.Mankind.S03E02.1080p.WEBRip.x265-RARBG.mp4,3,2,7772588,
2308,540,1080,2,33,173,831,33,111720,0.192,5.627045148459729,79080,/home/amos/media/tv/For.All.Mankind.S01-S03.1080p.WEBRip.x265-RARBG/For.All.Mankind.S03.1080p.WEBRip.x265-RARBG/For.All.Mankind.S03E02.1080p.WEBRip.x265-RARBG.mp4,3,2,7772588,
2309,540,1080,3,105,82,561,105,10488,0.018,9.43756917346036,79080,/home/amos/media/tv/For.All.Mankind.S01-S03.1080p.WEBRip.x265-RARBG/For.All.Mankind.S03.1080p.WEBRip.x265-RARBG/For.All.Mankind.S03E02.1080p.WEBRip.x265-RARBG.mp4,3,2,7772588,
2310,540,1080,4,34,196,940,34,146772,0.252,6.968782169686165,79080,/home/amos/media/tv/For.All.Mankind.S01-S03.1080p.WEBRip.x265-RARBG/For.All.Mankind.S03.1080p.WEBRip.x265-RARBG/For.All.Mankind.S03E02.1080p.WEBRip.x265-RARBG.mp4,3,2,7772588,
2311,540,1080,5,46,179,283,46,31521,0.054,6.446135150210466,79080,/home/amos/media/tv/For.All.Mankind.S01-S03.1080p.WEBRip.x265-RARBG/For.All.Mankind.S03.1080p.WEBRip.x265-RARBG/For.All.Mankind.S03E02.1080p.WEBRip.x265-RARBG.mp4,3,2,7772588,
2312,540,1080,6,52,184,32,52,2640,0.005,4.6627531025442295,79080,/home/amos/media/tv/For.All.Mankind.S01-S03.1080p.WEBRip.x265-RARBG/For.All.Mankind.S03.1080p.WEBRip.x265-RARBG/For.All.Mankind.S03E02.1080p.WEBRip.x265-RARBG.mp4,3,2,7772588,
2313,540,1080,0,30,185,913,30,136865,0.235,7.098211072559934,79104,/home/amos/media/tv/For.All.Mankind.S01-S03.1080p.WEBRip.x265-RARBG/For.All.Mankind.S03.1080p.WEBRip.x265-RARBG/For.All.Mankind.S03E02.1080p.WEBRip.x265-RARBG.mp4,3,2,7772588,
2314,540,1080,1,39,171,758,39,94908,0.163,6.126319063070696,79104,/home/amos/media/tv/For.All.Mankind.S01-S03.1080p.WEBRip.x265-RARBG/For.All.Mankind.S03.1080p.WEBRip.x265-RARBG/For.All.Mankind.S03E02.1080p.WEBRip.x265-RARBG.mp4,3,2,7772588,
2315,540,1080,2,47,191,467,47,60480,0.104,7.844123846211005,79104,/home/amos/media/tv/For.All.Mankind.S01-S03.1080p.WEBRip.x265-RARBG/For.All.Mankind.S03.1080p.WEBRip.x265-RARBG/For.All.Mankind.S03E02.1080p.WEBRip.x265-RARBG.mp4,3,2,7772588,
2316,540,1080,3,34,198,875,34,137924,0.236,9.137433048454112,79104,/home/amos/media/tv/For.All.Mankind.S01-S03.1080p.WEBRip.x265-RARBG/For.All.Mankind.S03.1080p.WEBRip.x265-RARBG/For.All.Mankind.S03E02.1080p.WEBRip.x265-RARBG.mp4,3,2,7772588,
2317,540,1080,0,56,119,932,56,55188,0.095,10.765165134973358,79128,/home/amos/media/tv/For.All.Mankind.S01-S03.1080p.WEBRip.x265-RARBG/For.All.Mankind.S03.1080p.WEBRip.x265-RARBG/For.All.Mankind.S03E02.1080p.WEBRip.x265-RARBG.mp4,3,2,7772588,
2318,540,1080,1,59,108,509,59,22050,0.038,9.41056212427793,79128,/home/amos/media/tv/For.All.Mankind.S01-S03.1080p.WEBRip.x265-RARBG/For.All.Mankind.S03.1080p.WEBRip.x265-RARBG/For.All.Mankind.S03E02.1080p.WEBRip.x265-RARBG.mp4,3,2,7772588,
2319,540,1080,2,73,86,420,73,4511,0.008,8.887333979422692,79128,/home/amos/media/tv/For.All.Mankind.S01-S03.1080p.WEBRip.x265-RARBG/For.All.Mankind.S03.1080p.WEBRip.x265-RARBG/For.All.Mankind.S03E02.1080p.WEBRip.x265-RARBG.mp4,3,2,7772588,
2320,540,1080,0,56,112,945,56,49784,0.085,10.732815099006984,79152,/home/amos/media/tv/For.All.Mankind.S01-S03.1080p.WEBRip.x265-RARBG/For.All.Mankind.S03.1080p.WEBRip.x265-RARBG/For.All.Mankind.S03E02.1080p.WEBRip.x265-RARBG.mp4,3,2,7772588,
2321,540,1080,1,50,107,272,50,12654,0.022,6.209460996964481,79152,/home/amos/media/tv/For.All.Mankind.S01-S03.1080p.WEBRip.x265-RARBG/For.All.Mankind.S03.1080p.WEBRip.x265-RARBG/For.All.Mankind.S03E02.1080p.WEBRip.x265-RARBG.mp4,3,2,7772588,
2322,540,1080,2,52,120,54,52,136,0.0,6.7038061657804064,79152,/home/amos/media/tv/For.All.Mankind.S01-S03.1080p.WEBRip.x265-RARBG/For.All.Mankind.S03.1080p.WEBRip.x265-RARBG/For.All.Mankind.S03E02.1080p.WEBRip.x265-RARBG.mp4,3,2,7772588,
2323,540,1080,3,70,93,402,70,7636,0.013,7.657873102521989,79152,/home/amos/media/tv/For.All.Mankind.S01-S03.1080p.WEBRip.x265-RARBG/For.All.Mankind.S03.1080p.WEBRip.x265-RARBG/For.All.Mankind.S03E02.1080p.WEBRip.x265-RARBG.mp4,3,2,7772588,
2324,540,1080,4,73,48,765,73,17300,0.03,5.3377790449303575,79152,/home/amos/media/tv/For.All.Mankind.S01-S03.1080p.WEBRip.x265-RARBG/For.All.Mankind.S03.1080p.WEBRip.x265-RARBG/For.All.Mankind.S03E02.1080p.WEBRip.x265-RARBG.mp4,3,2,7772588,
2325,540,1080,0,206,84,430,206,27328,0.047,3.220267954922747,79176,/home/amos/media/tv/For.All.Mankind.S01-S03.1080p.WEBRip.x265-RARBG/For.All.Mankind.S03.1080p.WEBRip.x265-RARBG/For.All.Mankind.S03E02.1080p.WEBRip.x265-RARBG.mp4,3,2,7772588,
2326,540,1080,0,188,84,496,188,32032,0.055,7.6330420291633345,79200,/home/amos/media/tv/For.All.Mankind.S01-S03.1080p.WEBRip.x265-RARBG/For.All.Mankind.S03.1080p.WEBRip.x265-RARBG/For.All.Mankind.S03E02.1080p.WEBRip.x265-RARBG.mp4,3,2,7772588,
2327,540,1080,0,167,87,531,167,29120,0.05,7.75186508562183,79224,/home/amos/media/tv/For.All.Mankind.S01-S03.1080p.WEBRip.x265-RARBG/For.All.Mankind.S03.1080p.WEBRip.x265-RARBG/For.All.Mankind.S03E02.1080p.WEBRip.x265-RARBG.mp4,3,2,7772588,
2328,540,1080,0,182,84,534,182,34496,0.059,5.973749961762223,79248,/home/amos/media/tv/For.All.Mankind.S01-S03.1080p.WEBRip.x265-RARBG/For.All.Mankind.S03.1080p.WEBRip.x265-RARBG/For.All.Mankind.S03E02.1080p.WEBRip.x265-RARBG.mp4,3,2,7772588,
2329,540,1080,0,184,78,476,184,30952,0.053,7.051877014397178,79272,/home/amos/media/tv/For.All.Mankind.S01-S03.1080p.WEBRip.x265-RARBG/For.All.Mankind.S03.1080p.WEBRip.x265-RARBG/For.All.Mankind.S03E02.1080p.WEBRip.x265-RARBG.mp4,3,2,7772588,
2330,540,1080,0,50,207,91,50,6437,0.011,4.607028986734804,79320,/home/amos/media/tv/For.All.Mankind.S01-S03.1080p.WEBRip.x265-RARBG/For.All.Mankind.S03.1080p.WEBRip.x265-RARBG/For.All.Mankind.S03E02.1080p.WEBRip.x265-RARBG.mp4,3,2,7772588,
2331,540,1080,0,54,195,247,54,27213,0.047,12.60137104865862,79344,/home/amos/media/tv/For.All.Mankind.S01-S03.1080p.WEBRip.x265-RARBG/For.All.Mankind.S03.1080p.WEBRip.x265-RARBG/For.All.Mankind.S03E02.1080p.WEBRip.x265-RARBG.mp4,3,2,7772588,
2332,540,1080,0,67,164,285,67,21146,0.036,12.29583299899241,79368,/home/amos/media/tv/For.All.Mankind.S01-S03.1080p.WEBRip.x265-RARBG/For.All.Mankind.S03.1080p.WEBRip.x265-RARBG/For.All.Mankind.S03E02.1080p.WEBRip.x265-RARBG.mp4,3,2,7772588,
2333,540,1080,1,60,169,266,60,22454,0.039,3.185787992551923,79368,/home/amos/media/tv/For.All.Mankind.S01-S03.1080p.WEBRip.x265-RARBG/For.All.Mankind.S03.1080p.WEBRip.x265-RARBG/For.All.Mankind.S03E02.1080p.WEBRip.x265-RARBG.mp4,3,2,7772588,
2334,540,1080,0,100,225,498,100,49750,0.085,4.46382911800174,79488,/home/amos/media/tv/For.All.Mankind.S01-S03.1080p.WEBRip.x265-RARBG/For.All.Mankind.S03.1080p.WEBRip.x265-RARBG/For.All.Mankind.S03E02.1080p.WEBRip.x265-RARBG.mp4,3,2,7772588,
2335,540,1080,0,75,99,627,75,13248,0.023,7.753430028213188,79536,/home/amos/media/tv/For.All.Mankind.S01-S03.1080p.WEBRip.x265-RARBG/For.All.Mankind.S03.1080p.WEBRip.x265-RARBG/For.All.Mankind.S03E02.1080p.WEBRip.x265-RARBG.mp4,3,2,7772588,
2336,540,1080,0,90,73,542,90,7684,0.013,8.4848390626139,79560,/home/amos/media/tv/For.All.Mankind.S01-S03.1080p.WEBRip.x265-RARBG/For.All.Mankind.S03.1080p.WEBRip.x265-RARBG/For.All.Mankind.S03E02.1080p.WEBRip.x265-RARBG.mp4,3,2,7772588,
2337,540,1080,0,107,63,532,107,18700,0.032,7.034355129231699,79584,/home/amos/media/tv/For.All.Mankind.S01-S03.1080p.WEBRip.x265-RARBG/For.All.Mankind.S03.1080p.WEBRip.x265-RARBG/For.All.Mankind.S03E02.1080p.WEBRip.x265-RARBG.mp4,3,2,7772588,
2338,540,1080,0,115,52,436,115,20223,0.035,8.271691089728847,79608,/home/amos/media/tv/For.All.Mankind.S01-S03.1080p.WEBRip.x265-RARBG/For.All.Mankind.S03.1080p.WEBRip.x265-RARBG/For.All.Mankind.S03E02.1080p.WEBRip.x265-RARBG.mp4,3,2,7772588,
2339,540,1080,0,113,60,437,113,17172,0.029,8.006243967742193,79632,/home/amos/media/tv/For.All.Mankind.S01-S03.1080p.WEBRip.x265-RARBG/For.All.Mankind.S03.1080p.WEBRip.x265-RARBG/For.All.Mankind.S03E02.1080p.WEBRip.x265-RARBG.mp4,3,2,7772588,
2340,540,1080,0,207,71,496,207,39304,0.067,8.975207120587584,79656,/home/amos/media/tv/For.All.Mankind.S01-S03.1080p.WEBRip.x265-RARBG/For.All.Mankind.S03.1080p.WEBRip.x265-RARBG/For.All.Mankind.S03E02.1080p.WEBRip.x265-RARBG.mp4,3,2,7772588,
2341,540,1080,0,199,81,477,199,32804,0.056,10.465039206377696,79680,/home/amos/media/tv/For.All.Mankind.S01-S03.1080p.WEBRip.x265-RARBG/For.All.Mankind.S03.1080p.WEBRip.x265-RARBG/For.All.Mankind.S03E02.1080p.WEBRip.x265-RARBG.mp4,3,2,7772588,
2342,540,1080,0,210,73,454,210,33428,0.057,9.390551145304926,79704,/home/amos/media/tv/For.All.Mankind.S01-S03.1080p.WEBRip.x265-RARBG/For.All.Mankind.S03.1080p.WEBRip.x265-RARBG/For.All.Mankind.S03E02.1080p.WEBRip.x265-RARBG.mp4,3,2,7772588,
2343,540,1080,0,210,86,452,210,30008,0.051,7.102517174032982,79728,/home/amos/media/tv/For.All.Mankind.S01-S03.1080p.WEBRip.x265-RARBG/For.All.Mankind.S03.1080p.WEBRip.x265-RARBG/For.All.Mankind.S03E02.1080p.WEBRip.x265-RARBG.mp4,3,2,7772588,
2344,540,1080,0,203,76,543,203,43180,0.074,8.059664063621312,79752,/home/amos/media/tv/For.All.Mankind.S01-S03.1080p.WEBRip.x265-RARBG/For.All.Mankind.S03.1080p.WEBRip.x265-RARBG/For.All.Mankind.S03E02.1080p.WEBRip.x265-RARBG.mp4,3,2,7772588,
2345,540,1080,0,203,75,537,203,42752,0.073,7.967738041188568,79776,/home/amos/media/tv/For.All.Mankind.S01-S03.1080p.WEBRip.x265-RARBG/For.All.Mankind.S03.1080p.WEBRip.x265-RARBG/For.All.Mankind.S03E02.1080p.WEBRip.x265-RARBG.mp4,3,2,7772588,
2346,540,1080,0,213,72,529,213,44556,0.076,8.070686041843146,79800,/home/amos/media/tv/For.All.Mankind.S01-S03.1080p.WEBRip.x265-RARBG/For.All.Mankind.S03.1080p.WEBRip.x265-RARBG/For.All.Mankind.S03E02.1080p.WEBRip.x265-RARBG.mp4,3,2,7772588,
2347,540,1080,0,201,67,515,201,42076,0.072,8.075698087806813,79824,/home/amos/media/tv/For.All.Mankind.S01-S03.1080p.WEBRip.x265-RARBG/For.All.Mankind.S03.1080p.WEBRip.x265-RARBG/For.All.Mankind.S03E02.1080p.WEBRip.x265-RARBG.mp4,3,2,7772588,
2348,540,1080,0,190,99,432,190,22022,0.038,10.41460297856247,79848,/home/amos/media/tv/For.All.Mankind.S01-S03.1080p.WEBRip.x265-RARBG/For.All.Mankind.S03.1080p.WEBRip.x265-RARBG/For.All.Mankind.S03E02.1080p.WEBRip.x265-RARBG.mp4,3,2,7772588,
2349,540,1080,0,200,98,419,200,22338,0.038,7.526537890953477,79872,/home/amos/media/tv/For.All.Mankind.S01-S03.1080p.WEBRip.x265-RARBG/For.All.Mankind.S03.1080p.WEBRip.x265-RARBG/For.All.Mankind.S03E02.1080p.WEBRip.x265-RARBG.mp4,3,2,7772588,
2350,540,1080,0,201,103,412,201,20678,0.035,8.214531020668801,79896,/home/amos/media/tv/For.All.Mankind.S01-S03.1080p.WEBRip.x265-RARBG/For.All.Mankind.S03.1080p.WEBRip.x265-RARBG/For.All.Mankind.S03E02.1080p.WEBRip.x265-RARBG.mp4,3,2,7772588,
2351,540,1080,0,271,59,402,271,27772,0.048,6.193168037047144,79920,/home/amos/media/tv/For.All.Mankind.S01-S03.1080p.WEBRip.x265-RARBG/For.All.Mankind.S03.1080p.WEBRip.x265-RARBG/For.All.Mankind.S03E02.1080p.WEBRip.x265-RARBG.mp4,3,2,7772588,
2352,540,1080,0,258,57,338,258,16080,0.028,9.896068142843433,79944,/home/amos/media/tv/For.All.Mankind.S01-S03.1080p.WEBRip.x265-RARBG/For.All.Mankind.S03.1080p.WEBRip.x265-RARBG/For.All.Mankind.S03E02.1080p.WEBRip.x265-RARBG.mp4,3,2,7772588,
2353,540,1080,0,266,60,323,266,11742,0.02,11.151728152413853,79968,/home/amos/media/tv/For.All.Mankind.S01-S03.1080p.WEBRip.x265-RARBG/For.All.Mankind.S03.1080p.WEBRip.x265-RARBG/For.All.Mankind.S03E02.1080p.WEBRip.x265-RARBG.mp4,3,2,7772588,
2354,540,1080,0,252,52,420,252,33600,0.058,7.281870051228907,79992,/home/amos/media/tv/For.All.Mankind.S01-S03.1080p.WEBRip.x265-RARBG/For.All.Mankind.S03.1080p.WEBRip.x265-RARBG/For.All.Mankind.S03E02.1080p.WEBRip.x265-RARBG.mp4,3,2,7772588,
2355,540,1080,0,241,103,405,241,22632,0.039,5.319615959480871,80016,/home/amos/media/tv/For.All.Mankind.S01-S03.1080p.WEBRip.x265-RARBG/For.All.Mankind.S03.1080p.WEBRip.x265-RARBG/For.All.Mankind.S03E02.1080p.WEBRip.x265-RARBG.mp4,3,2,7772588,
2356,540,1080,0,266,55,405,266,29329,0.05,5.285562087490689,80040,/home/amos/media/tv/For.All.Mankind.S01-S03.1080p.WEBRip.x265-RARBG/For.All.Mankind.S03.1080p.WEBRip.x265-RARBG/For.All.Mankind.S03E02.1080p.WEBRip.x265-RARBG.mp4,3,2,7772588,
2357,540,1080,0,262,86,384,262,21472,0.037,7.723644107289147,80064,/home/amos/media/tv/For.All.Mankind.S01-S03.1080p.WEBRip.x265-RARBG/For.All.Mankind.S03.1080p.WEBRip.x265-RARBG/For.All.Mankind.S03E02.1080p.WEBRip.x265-RARBG.mp4,3,2,7772588,
2358,540,1080,0,268,73,426,268,30810,0.053,9.225594098621514,80088,/home/amos/media/tv/For.All.Mankind.S01-S03.1080p.WEBRip.x265-RARBG/For.All.Mankind.S03.1080p.WEBRip.x265-RARBG/For.All.Mankind.S03E02.1080p.WEBRip.x265-RARBG.mp4,3,2,7772588,
2359,540,1080,0,272,74,401,272,25542,0.044,4.449146124708932,80112,/home/amos/media/tv/For.All.Mankind.S01-S03.1080p.WEBRip.x265-RARBG/For.All.Mankind.S03.1080p.WEBRip.x265-RARBG/For.All.Mankind.S03E02.1080p.WEBRip.x265-RARBG.mp4,3,2,7772588,
2360,540,1080,0,198,78,493,198,35400,0.061,6.666032184497453,80136,/home/amos/media/tv/For.All.Mankind.S01-S03.1080p.WEBRip.x265-RARBG/For.All.Mankind.S03.1080p.WEBRip.x265-RARBG/For.All.Mankind.S03E02.1080p.WEBRip.x265-RARBG.mp4,3,2,7772588,
2361,540,1080,0,202,76,488,202,36036,0.062,6.982352074584924,80160,/home/amos/media/tv/For.All.Mankind.S01-S03.1080p.WEBRip.x265-RARBG/For.All.Mankind.S03.1080p.WEBRip.x265-RARBG/For.All.Mankind.S03E02.1080p.WEBRip.x265-RARBG.mp4,3,2,7772588,
2362,540,1080,0,198,95,482,198,29252,0.05,7.197104080289137,80184,/home/amos/media/tv/For.All.Mankind.S01-S03.1080p.WEBRip.x265-RARBG/For.All.Mankind.S03.1080p.WEBRip.x265-RARBG/For.All.Mankind.S03E02.1080p.WEBRip.x265-RARBG.mp4,3,2,7772588,
2363,540,1080,0,198,97,476,198,28078,0.048,10.84762315370608,80208,/home/amos/media/tv/For.All.Mankind.S01-S03.1080p.WEBRip.x265-RARBG/For.All.Mankind.S03.1080p.WEBRip.x265-RARBG/For.All.Mankind.S03E02.1080p.WEBRip.x265-RARBG.mp4,3,2,7772588,
2364,540,1080,0,200,70,494,200,38220,0.066,10.809195177746004,80232,/home/amos/media/tv/For.All.Mankind.S01-S03.1080p.WEBRip.x265-RARBG/For.All.Mankind.S03.1080p.WEBRip.x265-RARBG/For.All.Mankind.S03E02.1080p.WEBRip.x265-RARBG.mp4,3,2,7772588,
2365,540,1080,0,193,102,334,193,12831,0.022,8.628853032307234,80256,/home/amos/media/tv/For.All.Mankind.S01-S03.1080p.WEBRip.x265-RARBG/For.All.Mankind.S03.1080p.WEBRip.x265-RARBG/For.All.Mankind.S03E02.1080p.WEBRip.x265-RARBG.mp4,3,2,7772588,
2366,540,1080,0,226,100,375,226,18774,0.032,7.251647059631068,80280,/home/amos/media/tv/For.All.Mankind.S01-S03.1080p.WEBRip.x265-RARBG/For.All.Mankind.S03.1080p.WEBRip.x265-RARBG/For.All.Mankind.S03E02.1080p.WEBRip.x265-RARBG.mp4,3,2,7772588,
2367,540,1080,0,217,106,371,217,17094,0.029,5.91780901880702,80304,/home/amos/media/tv/For.All.Mankind.S01-S03.1080p.WEBRip.x265-RARBG/For.All.Mankind.S03.1080p.WEBRip.x265-RARBG/For.All.Mankind.S03E02.1080p.WEBRip.x265-RARBG.mp4,3,2,7772588,
2368,540,1080,0,195,155,335,195,5600,0.01,5.618379993538838,80328,/home/amos/media/tv/For.All.Mankind.S01-S03.1080p.WEBRip.x265-RARBG/For.All.Mankind.S03.1080p.WEBRip.x265-RARBG/For.All.Mankind.S03E02.1080p.WEBRip.x265-RARBG.mp4,3,2,7772588,
2369,540,1080,0,203,75,479,203,35328,0.061,10.991663103341123,80352,/home/amos/media/tv/For.All.Mankind.S01-S03.1080p.WEBRip.x265-RARBG/For.All.Mankind.S03.1080p.WEBRip.x265-RARBG/For.All.Mankind.S03E02.1080p.WEBRip.x265-RARBG.mp4,3,2,7772588,
2370,540,1080,0,201,73,466,201,33920,0.058,10.621625024767129,80376,/home/amos/media/tv/For.All.Mankind.S01-S03.1080p.WEBRip.x265-RARBG/For.All.Mankind.S03.1080p.WEBRip.x265-RARBG/For.All.Mankind.S03E02.1080p.WEBRip.x265-RARBG.mp4,3,2,7772588,
2371,540,1080,0,210,103,453,210,26001,0.045,10.011620053497609,80400,/home/amos/media/tv/For.All.Mankind.S01-S03.1080p.WEBRip.x265-RARBG/For.All.Mankind.S03.1080p.WEBRip.x265-RARBG/For.All.Mankind.S03E02.1080p.WEBRip.x265-RARBG.mp4,3,2,7772588,
2372,540,1080,0,204,79,467,204,32875,0.056,12.211089132237248,80424,/home/amos/media/tv/For.All.Mankind.S01-S03.1080p.WEBRip.x265-RARBG/For.All.Mankind.S03.1080p.WEBRip.x265-RARBG/For.All.Mankind.S03E02.1080p.WEBRip.x265-RARBG.mp4,3,2,7772588,
2373,540,1080,0,204,70,473,204,36046,0.062,10.311486142629292,80448,/home/amos/media/tv/For.All.Mankind.S01-S03.1080p.WEBRip.x265-RARBG/For.All.Mankind.S03.1080p.WEBRip.x265-RARBG/For.All.Mankind.S03E02.1080p.WEBRip.x265-RARBG.mp4,3,2,7772588,
2374,540,1080,0,209,68,502,209,41313,0.071,8.957488158834167,80472,/home/amos/media/tv/For.All.Mankind.S01-S03.1080p.WEBRip.x265-RARBG/For.All.Mankind.S03.1080p.WEBRip.x265-RARBG/For.All.Mankind.S03E02.1080p.WEBRip.x265-RARBG.mp4,3,2,7772588,
2375,540,1080,0,211,83,479,211,34304,0.059,7.644091077381745,80496,/home/amos/media/tv/For.All.Mankind.S01-S03.1080p.WEBRip.x265-RARBG/For.All.Mankind.S03.1080p.WEBRip.x265-RARBG/For.All.Mankind.S03E02.1080p.WEBRip.x265-RARBG.mp4,3,2,7772588,
2376,540,1080,0,207,89,411,207,24072,0.041,7.830243019503541,80520,/home/amos/media/tv/For.All.Mankind.S01-S03.1080p.WEBRip.x265-RARBG/For.All.Mankind.S03.1080p.WEBRip.x265-RARBG/For.All.Mankind.S03E02.1080p.WEBRip.x265-RARBG.mp4,3,2,7772588,
2377,540,1080,0,199,76,421,199,27306,0.047,7.821376234409399,80544,/home/amos/media/tv/For.All.Mankind.S01-S03.1080p.WEBRip.x265-RARBG/For.All.Mankind.S03.1080p.WEBRip.x265-RARBG/For.All.Mankind.S03E02.1080p.WEBRip.x265-RARBG.mp4,3,2,7772588,
2378,540,1080,0,189,98,456,189,24297,0.042,7.130319016927388,80568,/home/amos/media/tv/For.All.Mankind.S01-S03.1080p.WEBRip.x265-RARBG/For.All.Mankind.S03.1080p.WEBRip.x265-RARBG/For.All.Mankind.S03E02.1080p.WEBRip.x265-RARBG.mp4,3,2,7772588,
2379,540,1080,0,170,82,461,170,25608,0.044,9.566832111857366,80616,/home/amos/media/tv/For.All.Mankind.S01-S03.1080p.WEBRip.x265-RARBG/For.All.Mankind.S03.1080p.WEBRip.x265-RARBG/For.All.Mankind.S03E02.1080p.WEBRip.x265-RARBG.mp4,3,2,7772588,
2380,540,1080,0,170,77,493,170,30039,0.052,9.01539311761735,80640,/home/amos/media/tv/For.All.Mankind.S01-S03.1080p.WEBRip.x265-RARBG/For.All.Mankind.S03.1080p.WEBRip.x265-RARBG/For.All.Mankind.S03E02.1080p.WEBRip.x265-RARBG.mp4,3,2,7772588,
2381,540,1080,0,183,86,438,183,24735,0.042,8.087942975806072,80664,/home/amos/media/tv/For.All.Mankind.S01-S03.1080p.WEBRip.x265-RARBG/For.All.Mankind.S03.1080p.WEBRip.x265-RARBG/For.All.Mankind.S03E02.1080p.WEBRip.x265-RARBG.mp4,3,2,7772588,
2382,540,1080,0,196,75,473,196,33517,0.057,7.405925026105251,80688,/home/amos/media/tv/For.All.Mankind.S01-S03.1080p.WEBRip.x265-RARBG/For.All.Mankind.S03.1080p.WEBRip.x265-RARBG/For.All.Mankind.S03E02.1080p.WEBRip.x265-RARBG.mp4,3,2,7772588,
2383,540,1080,0,196,84,500,196,34048,0.058,8.511258097481914,80712,/home/amos/media/tv/For.All.Mankind.S01-S03.1080p.WEBRip.x265-RARBG/For.All.Mankind.S03.1080p.WEBRip.x265-RARBG/For.All.Mankind.S03E02.1080p.WEBRip.x265-RARBG.mp4,3,2,7772588,
2384,540,1080,0,188,75,506,188,35934,0.062,10.376796955009922,80736,/home/amos/media/tv/For.All.Mankind.S01-S03.1080p.WEBRip.x265-RARBG/For.All.Mankind.S03.1080p.WEBRip.x265-RARBG/For.All.Mankind.S03E02.1080p.WEBRip.x265-RARBG.mp4,3,2,7772588,
2385,540,1080,0,180,72,442,180,28296,0.049,8.743953075201716,80760,/home/amos/media/tv/For.All.Mankind.S01-S03.1080p.WEBRip.x265-RARBG/For.All.Mankind.S03.1080p.WEBRip.x265-RARBG/For.All.Mankind.S03E02.1080p.WEBRip.x265-RARBG.mp4,3,2,7772588,
2386,540,1080,0,194,78,424,194,26680,0.046,7.380534992495086,80784,/home/amos/media/tv/For.All.Mankind.S01-S03.1080p.WEBRip.x265-RARBG/For.All.Mankind.S03.1080p.WEBRip.x265-RARBG/For.All.Mankind.S03E02.1080p.WEBRip.x265-RARBG.mp4,3,2,7772588,
2387,540,1080,0,221,60,344,221,19803,0.034,10.124102085013874,80856,/home/amos/media/tv/For.All.Mankind.S01-S03.1080p.WEBRip.x265-RARBG/For.All.Mankind.S03.1080p.WEBRip.x265-RARBG/For.All.Mankind.S03E02.1080p.WEBRip.x265-RARBG.mp4,3,2,7772588,
2388,540,1080,0,238,65,273,238,6055,0.01,11.719363147276454,80880,/home/amos/media/tv/For.All.Mankind.S01-S03.1080p.WEBRip.x265-RARBG/For.All.Mankind.S03.1080p.WEBRip.x265-RARBG/For.All.Mankind.S03E02.1080p.WEBRip.x265-RARBG.mp4,3,2,7772588,
2389,540,1080,0,241,64,257,241,2832,0.005,9.264547127415426,80904,/home/amos/media/tv/For.All.Mankind.S01-S03.1080p.WEBRip.x265-RARBG/For.All.Mankind.S03.1080p.WEBRip.x265-RARBG/For.All.Mankind.S03E02.1080p.WEBRip.x265-RARBG.mp4,3,2,7772588,
2390,540,1080,0,189,112,527,189,26026,0.045,7.610172071901616,80952,/home/amos/media/tv/For.All.Mankind.S01-S03.1080p.WEBRip.x265-RARBG/For.All.Mankind.S03.1080p.WEBRip.x265-RARBG/For.All.Mankind.S03E02.1080p.WEBRip.x265-RARBG.mp4,3,2,7772588,
2391,540,1080,0,188,94,518,188,31020,0.053,9.199774037057068,80976,/home/amos/media/tv/For.All.Mankind.S01-S03.1080p.WEBRip.x265-RARBG/For.All.Mankind.S03.1080p.WEBRip.x265-RARBG/For.All.Mankind.S03E02.1080p.WEBRip.x265-RARBG.mp4,3,2,7772588,
2392,540,1080,0,180,53,264,180,10668,0.018,8.663262131274678,81000,/home/amos/media/tv/For.All.Mankind.S01-S03.1080p.WEBRip.x265-RARBG/For.All.Mankind.S03.1080p.WEBRip.x265-RARBG/For.All.Mankind.S03E02.1080p.WEBRip.x265-RARBG.mp4,3,2,7772588,
2393,540,1080,0,204,59,256,204,7540,0.013,9.635183970851358,81048,/home/amos/media/tv/For.All.Mankind.S01-S03.1080p.WEBRip.x265-RARBG/For.All.Mankind.S03.1080p.WEBRip.x265-RARBG/For.All.Mankind.S03E02.1080p.WEBRip.x265-RARBG.mp4,3,2,7772588,
2394,540,1080,0,193,52,298,193,14805,0.025,5.749030091741588,81072,/home/amos/media/tv/For.All.Mankind.S01-S03.1080p.WEBRip.x265-RARBG/For.All.Mankind.S03.1080p.WEBRip.x265-RARBG/For.All.Mankind.S03E02.1080p.WEBRip.x265-RARBG.mp4,3,2,7772588,
2395,540,1080,0,184,89,467,184,26885,0.046,8.346918025461491,81096,/home/amos/media/tv/For.All.Mankind.S01-S03.1080p.WEBRip.x265-RARBG/For.All.Mankind.S03.1080p.WEBRip.x265-RARBG/For.All.Mankind.S03E02.1080p.WEBRip.x265-RARBG.mp4,3,2,7772588,
2396,540,1080,0,192,96,443,192,24096,0.041,7.87749703269219,81120,/home/amos/media/tv/For.All.Mankind.S01-S03.1080p.WEBRip.x265-RARBG/For.All.Mankind.S03.1080p.WEBRip.x265-RARBG/For.All.Mankind.S03E02.1080p.WEBRip.x265-RARBG.mp4,3,2,7772588,
2397,540,1080,0,198,94,418,198,22880,0.039,8.052512034075335,81144,/home/amos/media/tv/For.All.Mankind.S01-S03.1080p.WEBRip.x265-RARBG/For.All.Mankind.S03.1080p.WEBRip.x265-RARBG/For.All.Mankind.S03E02.1080p.WEBRip.x265-RARBG.mp4,3,2,7772588,
2398,540,1080,0,196,84,422,196,25312,0.043,9.507781977707054,81168,/home/amos/media/tv/For.All.Mankind.S01-S03.1080p.WEBRip.x265-RARBG/For.All.Mankind.S03.1080p.WEBRip.x265-RARBG/For.All.Mankind.S03E02.1080p.WEBRip.x265-RARBG.mp4,3,2,7772588,
2399,540,1080,0,195,81,436,195,27474,0.047,6.537779137841426,81192,/home/amos/media/tv/For.All.Mankind.S01-S03.1080p.WEBRip.x265-RARBG/For.All.Mankind.S03.1080p.WEBRip.x265-RARBG/For.All.Mankind.S03E02.1080p.WEBRip.x265-RARBG.mp4,3,2,7772588,
2400,540,1080,0,195,83,447,195,28224,0.048,6.359654043510091,81216,/home/amos/media/tv/For.All.Mankind.S01-S03.1080p.WEBRip.x265-RARBG/For.All.Mankind.S03.1080p.WEBRip.x265-RARBG/For.All.Mankind.S03E02.1080p.WEBRip.x265-RARBG.mp4,3,2,7772588,
2401,540,1080,0,196,69,503,196,38989,0.067,7.221076162939426,81240,/home/amos/media/tv/For.All.Mankind.S01-S03.1080p.WEBRip.x265-RARBG/For.All.Mankind.S03.1080p.WEBRip.x265-RARBG/For.All.Mankind.S03E02.1080p.WEBRip.x265-RARBG.mp4,3,2,7772588,
2402,540,1080,0,200,75,488,200,36000,0.062,8.103574038192164,81264,/home/amos/media/tv/For.All.Mankind.S01-S03.1080p.WEBRip.x265-RARBG/For.All.Mankind.S03.1080p.WEBRip.x265-RARBG/For.All.Mankind.S03E02.1080p.WEBRip.x265-RARBG.mp4,3,2,7772588,
2403,540,1080,0,214,75,478,214,36696,0.063,8.881194984307513,81288,/home/amos/media/tv/For.All.Mankind.S01-S03.1080p.WEBRip.x265-RARBG/For.All.Mankind.S03.1080p.WEBRip.x265-RARBG/For.All.Mankind.S03E02.1080p.WEBRip.x265-RARBG.mp4,3,2,7772588,
2404,540,1080,0,206,80,497,206,36666,0.063,9.532647099054884,81312,/home/amos/media/tv/For.All.Mankind.S01-S03.1080p.WEBRip.x265-RARBG/For.All.Mankind.S03.1080p.WEBRip.x265-RARBG/For.All.Mankind.S03E02.1080p.WEBRip.x265-RARBG.mp4,3,2,7772588,
2405,540,1080,0,214,85,505,214,37539,0.064,7.219579070748296,81336,/home/amos/media/tv/For.All.Mankind.S01-S03.1080p.WEBRip.x265-RARBG/For.All.Mankind.S03.1080p.WEBRip.x265-RARBG/For.All.Mankind.S03E02.1080p.WEBRip.x265-RARBG.mp4,3,2,7772588,
2406,540,1080,0,198,62,355,198,21352,0.037,7.409938208875246,81360,/home/amos/media/tv/For.All.Mankind.S01-S03.1080p.WEBRip.x265-RARBG/For.All.Mankind.S03.1080p.WEBRip.x265-RARBG/For.All.Mankind.S03E02.1080p.WEBRip.x265-RARBG.mp4,3,2,7772588,
2407,540,1080,0,201,62,352,201,20989,0.036,6.526209069357719,81384,/home/amos/media/tv/For.All.Mankind.S01-S03.1080p.WEBRip.x265-RARBG/For.All.Mankind.S03.1080p.WEBRip.x265-RARBG/For.All.Mankind.S03E02.1080p.WEBRip.x265-RARBG.mp4,3,2,7772588,
2408,540,1080,0,203,62,344,203,19881,0.034,6.910880155744962,81408,/home/amos/media/tv/For.All.Mankind.S01-S03.1080p.WEBRip.x265-RARBG/For.All.Mankind.S03.1080p.WEBRip.x265-RARBG/For.All.Mankind.S03E02.1080p.WEBRip.x265-RARBG.mp4,3,2,7772588,
2409,540,1080,0,211,66,342,211,18995,0.033,6.314914057205897,81432,/home/amos/media/tv/For.All.Mankind.S01-S03.1080p.WEBRip.x265-RARBG/For.All.Mankind.S03.1080p.WEBRip.x265-RARBG/For.All.Mankind.S03E02.1080p.WEBRip.x265-RARBG.mp4,3,2,7772588,
2410,540,1080,0,218,72,332,218,16644,0.029,9.306081191054544,81456,/home/amos/media/tv/For.All.Mankind.S01-S03.1080p.WEBRip.x265-RARBG/For.All.Mankind.S03.1080p.WEBRip.x265-RARBG/For.All.Mankind.S03E02.1080p.WEBRip.x265-RARBG.mp4,3,2,7772588,
2411,540,1080,0,220,75,331,220,16095,0.028,10.18868913355982,81480,/home/amos/media/tv/For.All.Mankind.S01-S03.1080p.WEBRip.x265-RARBG/For.All.Mankind.S03.1080p.WEBRip.x265-RARBG/For.All.Mankind.S03E02.1080p.WEBRip.x265-RARBG.mp4,3,2,7772588,
2412,540,1080,0,222,72,334,222,16800,0.029,10.27258412365336,81504,/home/amos/media/tv/For.All.Mankind.S01-S03.1080p.WEBRip.x265-RARBG/For.All.Mankind.S03.1080p.WEBRip.x265-RARBG/For.All.Mankind.S03E02.1080p.WEBRip.x265-RARBG.mp4,3,2,7772588,
2413,540,1080,0,224,73,333,224,16459,0.028,10.218295119819231,81528,/home/amos/media/tv/For.All.Mankind.S01-S03.1080p.WEBRip.x265-RARBG/For.All.Mankind.S03.1080p.WEBRip.x265-RARBG/For.All.Mankind.S03E02.1080p.WEBRip.x265-RARBG.mp4,3,2,7772588,
2414,540,1080,0,228,55,335,228,18511,0.032,8.636017162760254,81552,/home/amos/media/tv/For.All.Mankind.S01-S03.1080p.WEBRip.x265-RARBG/For.All.Mankind.S03.1080p.WEBRip.x265-RARBG/For.All.Mankind.S03E02.1080p.WEBRip.x265-RARBG.mp4,3,2,7772588,
2415,540,1080,0,234,53,335,234,18281,0.031,11.182355233409908,81576,/home/amos/media/tv/For.All.Mankind.S01-S03.1080p.WEBRip.x265-RARBG/For.All.Mankind.S03.1080p.WEBRip.x265-RARBG/For.All.Mankind.S03E02.1080p.WEBRip.x265-RARBG.mp4,3,2,7772588,
2416,540,1080,0,81,215,464,81,51322,0.088,4.210316976008471,81600,/home/amos/media/tv/For.All.Mankind.S01-S03.1080p.WEBRip.x265-RARBG/For.All.Mankind.S03.1080p.WEBRip.x265-RARBG/For.All.Mankind.S03E02.1080p.WEBRip.x265-RARBG.mp4,3,2,7772588,
2417,540,1080,0,187,13,201,187,2436,0.004,5.50459009379847,81672,/home/amos/media/tv/For.All.Mankind.S01-S03.1080p.WEBRip.x265-RARBG/For.All.Mankind.S03.1080p.WEBRip.x265-RARBG/For.All.Mankind.S03E02.1080p.WEBRip.x265-RARBG.mp4,3,2,7772588,
2418,540,1080,0,205,54,185,205,3020,0.005,7.319738098827656,81696,/home/amos/media/tv/For.All.Mankind.S01-S03.1080p.WEBRip.x265-RARBG/For.All.Mankind.S03.1080p.WEBRip.x265-RARBG/For.All.Mankind.S03E02.1080p.WEBRip.x265-RARBG.mp4,3,2,7772588,
2419,540,1080,0,216,64,165,216,7752,0.013,7.238480208790861,81720,/home/amos/media/tv/For.All.Mankind.S01-S03.1080p.WEBRip.x265-RARBG/For.All.Mankind.S03.1080p.WEBRip.x265-RARBG/For.All.Mankind.S03E02.1080p.WEBRip.x265-RARBG.mp4,3,2,7772588,
2420,540,1080,0,221,73,162,221,8732,0.015,4.926895135955419,81744,/home/amos/media/tv/For.All.Mankind.S01-S03.1080p.WEBRip.x265-RARBG/For.All.Mankind.S03.1080p.WEBRip.x265-RARBG/For.All.Mankind.S03E02.1080p.WEBRip.x265-RARBG.mp4,3,2,7772588,
2421,540,1080,0,151,103,660,151,24432,0.042,4.156614139559679,81816,/home/amos/media/tv/For.All.Mankind.S01-S03.1080p.WEBRip.x265-RARBG/For.All.Mankind.S03.1080p.WEBRip.x265-RARBG/For.All.Mankind.S03E02.1080p.WEBRip.x265-RARBG.mp4,3,2,7772588,
2422,540,1080,0,63,117,245,63,9828,0.017,5.679215051583014,81864,/home/amos/media/tv/For.All.Mankind.S01-S03.1080p.WEBRip.x265-RARBG/For.All.Mankind.S03.1080p.WEBRip.x265-RARBG/For.All.Mankind.S03E02.1080p.WEBRip.x265-RARBG.mp4,3,2,7772588,
2423,540,1080,0,215,10,382,215,34235,0.059,6.15067298914073,82104,/home/amos/media/tv/For.All.Mankind.S01-S03.1080p.WEBRip.x265-RARBG/For.All.Mankind.S03.1080p.WEBRip.x265-RARBG/For.All.Mankind.S03E02.1080p.WEBRip.x265-RARBG.mp4,3,2,7772588,
2424,540,1080,0,76,118,600,76,22008,0.038,2.7300061095738783,82128,/home/amos/media/tv/For.All.Mankind.S01-S03.1080p.WEBRip.x265-RARBG/For.All.Mankind.S03.1080p.WEBRip.x265-RARBG/For.All.Mankind.S03E02.1080p.WEBRip.x265-RARBG.mp4,3,2,7772588,
2425,540,1080,0,87,107,630,87,10860,0.019,5.116840056318324,82152,/home/amos/media/tv/For.All.Mankind.S01-S03.1080p.WEBRip.x265-RARBG/For.All.Mankind.S03.1080p.WEBRip.x265-RARBG/For.All.Mankind.S03E02.1080p.WEBRip.x265-RARBG.mp4,3,2,7772588,
2426,540,1080,0,90,124,618,90,17952,0.031,9.108567120623777,82224,/home/amos/media/tv/For.All.Mankind.S01-S03.1080p.WEBRip.x265-RARBG/For.All.Mankind.S03.1080p.WEBRip.x265-RARBG/For.All.Mankind.S03E02.1080p.WEBRip.x265-RARBG.mp4,3,2,7772588,
2427,540,1080,0,184,109,698,184,38550,0.066,4.0286831438425,82248,/home/amos/media/tv/For.All.Mankind.S01-S03.1080p.WEBRip.x265-RARBG/For.All.Mankind.S03.1080p.WEBRip.x265-RARBG/For.All.Mankind.S03E02.1080p.WEBRip.x265-RARBG.mp4,3,2,7772588,
2428,540,1080,0,191,110,694,191,40743,0.07,6.724244109296706,82272,/home/amos/media/tv/For.All.Mankind.S01-S03.1080p.WEBRip.x265-RARBG/For.All.Mankind.S03.1080p.WEBRip.x265-RARBG/For.All.Mankind.S03E02.1080p.WEBRip.x265-RARBG.mp4,3,2,7772588,
2429,540,1080,0,195,104,694,195,45409,0.078,1.852755131549202,82296,/home/amos/media/tv/For.All.Mankind.S01-S03.1080p.WEBRip.x265-RARBG/For.All.Mankind.S03.1080p.WEBRip.x265-RARBG/For.All.Mankind.S03E02.1080p.WEBRip.x265-RARBG.mp4,3,2,7772588,
2430,540,1080,0,269,144,101,269,21000,0.036,2.8593690520501696,82344,/home/amos/media/tv/For.All.Mankind.S01-S03.1080p.WEBRip.x265-RARBG/For.All.Mankind.S03.1080p.WEBRip.x265-RARBG/For.All.Mankind.S03E02.1080p.WEBRip.x265-RARBG.mp4,3,2,7772588,
2431,540,1080,0,169,120,719,169,26950,0.046,5.422201162087731,82368,/home/amos/media/tv/For.All.Mankind.S01-S03.1080p.WEBRip.x265-RARBG/For.All.Mankind.S03.1080p.WEBRip.x265-RARBG/For.All.Mankind.S03E02.1080p.WEBRip.x265-RARBG.mp4,3,2,7772588,
2432,540,1080,0,175,134,705,175,21730,0.037,3.478263005032204,82392,/home/amos/media/tv/For.All.Mankind.S01-S03.1080p.WEBRip.x265-RARBG/For.All.Mankind.S03.1080p.WEBRip.x265-RARBG/For.All.Mankind.S03E02.1080p.WEBRip.x265-RARBG.mp4,3,2,7772588,
2433,540,1080,0,261,99,225,261,5832,0.01,9.046978067955934,82416,/home/amos/media/tv/For.All.Mankind.S01-S03.1080p.WEBRip.x265-RARBG/For.All.Mankind.S03.1080p.WEBRip.x265-RARBG/For.All.Mankind.S03E02.1080p.WEBRip.x265-RARBG.mp4,3,2,7772588,
2434,540,1080,0,87,108,580,87,10353,0.018,4.47409907047404,82440,/home/amos/media/tv/For.All.Mankind.S01-S03.1080p.WEBRip.x265-RARBG/For.All.Mankind.S03.1080p.WEBRip.x265-RARBG/For.All.Mankind.S03E02.1080p.WEBRip.x265-RARBG.mp4,3,2,7772588,
2435,540,1080,0,95,109,583,95,6832,0.012,4.813246221398003,82464,/home/amos/media/tv/For.All.Mankind.S01-S03.1080p.WEBRip.x265-RARBG/For.All.Mankind.S03.1080p.WEBRip.x265-RARBG/For.All.Mankind.S03E02.1080p.WEBRip.x265-RARBG.mp4,3,2,7772588,
2436,540,1080,0,231,68,460,231,37327,0.064,6.031483120692428,82512,/home/amos/media/tv/For.All.Mankind.S01-S03.1080p.WEBRip.x265-RARBG/For.All.Mankind.S03.1080p.WEBRip.x265-RARBG/For.All.Mankind.S03E02.1080p.WEBRip.x265-RARBG.mp4,3,2,7772588,
2437,540,1080,0,87,63,614,87,12648,0.022,6.852078147174325,82584,/home/amos/media/tv/For.All.Mankind.S01-S03.1080p.WEBRip.x265-RARBG/For.All.Mankind.S03.1080p.WEBRip.x265-RARBG/For.All.Mankind.S03E02.1080p.WEBRip.x265-RARBG.mp4,3,2,7772588,
2438,540,1080,0,91,107,596,91,8080,0.014,2.9791869212058373,82608,/home/amos/media/tv/For.All.Mankind.S01-S03.1080p.WEBRip.x265-RARBG/For.All.Mankind.S03.1080p.WEBRip.x265-RARBG/For.All.Mankind.S03E02.1080p.WEBRip.x265-RARBG.mp4,3,2,7772588,
2439,540,1080,0,234,109,106,234,16000,0.027,6.224892164987978,82680,/home/amos/media/tv/For.All.Mankind.S01-S03.1080p.WEBRip.x265-RARBG/For.All.Mankind.S03.1080p.WEBRip.x265-RARBG/For.All.Mankind.S03E02.1080p.WEBRip.x265-RARBG.mp4,3,2,7772588,
2440,540,1080,0,211,91,201,211,1200,0.002,6.454721073037945,82704,/home/amos/media/tv/For.All.Mankind.S01-S03.1080p.WEBRip.x265-RARBG/For.All.Mankind.S03.1080p.WEBRip.x265-RARBG/For.All.Mankind.S03E02.1080p.WEBRip.x265-RARBG.mp4,3,2,7772588,
2441,540,1080,0,244,137,119,244,13375,0.023,2.816492066369392,82728,/home/amos/media/tv/For.All.Mankind.S01-S03.1080p.WEBRip.x265-RARBG/For.All.Mankind.S03.1080p.WEBRip.x265-RARBG/For.All.Mankind.S03E02.1080p.WEBRip.x265-RARBG.mp4,3,2,7772588,
2442,540,1080,0,68,74,541,68,2838,0.005,9.078916147700513,82752,/home/amos/media/tv/For.All.Mankind.S01-S03.1080p.WEBRip.x265-RARBG/For.All.Mankind.S03.1080p.WEBRip.x265-RARBG/For.All.Mankind.S03E02.1080p.WEBRip.x265-RARBG.mp4,3,2,7772588,
2443,540,1080,0,66,149,543,66,39591,0.068,10.168212051445153,82776,/home/amos/media/tv/For.All.Mankind.S01-S03.1080p.WEBRip.x265-RARBG/For.All.Mankind.S03.1080p.WEBRip.x265-RARBG/For.All.Mankind.S03E02.1080p.WEBRip.x265-RARBG.mp4,3,2,7772588,
2444,540,1080,0,66,129,544,66,30114,0.052,9.25302205880871,82800,/home/amos/media/tv/For.All.Mankind.S01-S03.1080p.WEBRip.x265-RARBG/For.All.Mankind.S03.1080p.WEBRip.x265-RARBG/For.All.Mankind.S03E02.1080p.WEBRip.x265-RARBG.mp4,3,2,7772588,
2445,540,1080,0,49,16,799,49,24750,0.042,7.33682804525597,82824,/home/amos/media/tv/For.All.Mankind.S01-S03.1080p.WEBRip.x265-RARBG/For.All.Mankind.S03.1080p.WEBRip.x265-RARBG/For.All.Mankind.S03E02.1080p.WEBRip.x265-RARBG.mp4,3,2,7772588,
2446,540,1080,0,91,61,772,91,20430,0.035,11.998516021005344,82920,/home/amos/media/tv/For.All.Mankind.S01-S03.1080p.WEBRip.x265-RARBG/For.All.Mankind.S03.1080p.WEBRip.x265-RARBG/For.All.Mankind.S03E02.1080p.WEBRip.x265-RARBG.mp4,3,2,7772588,
2447,540,1080,1,69,332,861,69,208296,0.357,1.3166860860656016,82920,/home/amos/media/tv/For.All.Mankind.S01-S03.1080p.WEBRip.x265-RARBG/For.All.Mankind.S03.1080p.WEBRip.x265-RARBG/For.All.Mankind.S03E02.1080p.WEBRip.x265-RARBG.mp4,3,2,7772588,
2448,540,1080,0,91,71,775,91,13680,0.023,10.955205066478811,82944,/home/amos/media/tv/For.All.Mankind.S01-S03.1080p.WEBRip.x265-RARBG/For.All.Mankind.S03.1080p.WEBRip.x265-RARBG/For.All.Mankind.S03E02.1080p.WEBRip.x265-RARBG.mp4,3,2,7772588,
2449,540,1080,0,104,66,836,104,27816,0.048,3.989444076723885,82968,/home/amos/media/tv/For.All.Mankind.S01-S03.1080p.WEBRip.x265-RARBG/For.All.Mankind.S03.1080p.WEBRip.x265-RARBG/For.All.Mankind.S03E02.1080p.WEBRip.x265-RARBG.mp4,3,2,7772588,
2450,540,1080,0,85,82,178,85,279,0.0,4.531559099559672,82992,/home/amos/media/tv/For.All.Mankind.S01-S03.1080p.WEBRip.x265-RARBG/For.All.Mankind.S03.1080p.WEBRip.x265-RARBG/For.All.Mankind.S03E02.1080p.WEBRip.x265-RARBG.mp4,3,2,7772588,
2451,540,1080,0,78,79,197,78,119,0.0,4.14526404364733,83016,/home/amos/media/tv/For.All.Mankind.S01-S03.1080p.WEBRip.x265-RARBG/For.All.Mankind.S03.1080p.WEBRip.x265-RARBG/For.All.Mankind.S03E02.1080p.WEBRip.x265-RARBG.mp4,3,2,7772588,
2452,540,1080,0,50,440,564,50,200460,0.344,1.5445940489298664,83040,/home/amos/media/tv/For.All.Mankind.S01-S03.1080p.WEBRip.x265-RARBG/For.All.Mankind.S03.1080p.WEBRip.x265-RARBG/For.All.Mankind.S03E02.1080p.WEBRip.x265-RARBG.mp4,3,2,7772588,
2453,540,1080,0,212,193,555,212,6517,0.011,5.666870079294313,83064,/home/amos/media/tv/For.All.Mankind.S01-S03.1080p.WEBRip.x265-RARBG/For.All.Mankind.S03.1080p.WEBRip.x265-RARBG/For.All.Mankind.S03E02.1080p.WEBRip.x265-RARBG.mp4,3,2,7772588,
2454,540,1080,1,63,328,607,63,144160,0.247,1.5514011585037224,83064,/home/amos/media/tv/For.All.Mankind.S01-S03.1080p.WEBRip.x265-RARBG/For.All.Mankind.S03.1080p.WEBRip.x265-RARBG/For.All.Mankind.S03E02.1080p.WEBRip.x265-RARBG.mp4,3,2,7772588,
2455,540,1080,0,102,153,606,102,25704,0.044,8.250851102813613,83424,/home/amos/media/tv/For.All.Mankind.S01-S03.1080p.WEBRip.x265-RARBG/For.All.Mankind.S03.1080p.WEBRip.x265-RARBG/For.All.Mankind.S03E02.1080p.WEBRip.x265-RARBG.mp4,3,2,7772588,
2456,540,1080,0,146,119,342,146,5292,0.009,4.720970013120677,83520,/home/amos/media/tv/For.All.Mankind.S01-S03.1080p.WEBRip.x265-RARBG/For.All.Mankind.S03.1080p.WEBRip.x265-RARBG/For.All.Mankind.S03E02.1080p.WEBRip.x265-RARBG.mp4,3,2,7772588,
2457,540,1080,0,105,139,587,105,16388,0.028,9.642064030689651,83592,/home/amos/media/tv/For.All.Mankind.S01-S03.1080p.WEBRip.x265-RARBG/For.All.Mankind.S03.1080p.WEBRip.x265-RARBG/For.All.Mankind.S03E02.1080p.WEBRip.x265-RARBG.mp4,3,2,7772588,
2458,540,1080,0,105,155,599,105,24700,0.042,9.26924603030784,83616,/home/amos/media/tv/For.All.Mankind.S01-S03.1080p.WEBRip.x265-RARBG/For.All.Mankind.S03.1080p.WEBRip.x265-RARBG/For.All.Mankind.S03E02.1080p.WEBRip.x265-RARBG.mp4,3,2,7772588,
2459,540,1080,0,184,68,523,184,39324,0.067,11.569236051000187,83640,/home/amos/media/tv/For.All.Mankind.S01-S03.1080p.WEBRip.x265-RARBG/For.All.Mankind.S03.1080p.WEBRip.x265-RARBG/For.All.Mankind.S03E02.1080p.WEBRip.x265-RARBG.mp4,3,2,7772588,
2460,540,1080,0,113,52,641,113,32208,0.055,3.815594984509517,83664,/home/amos/media/tv/For.All.Mankind.S01-S03.1080p.WEBRip.x265-RARBG/For.All.Mankind.S03.1080p.WEBRip.x265-RARBG/For.All.Mankind.S03E02.1080p.WEBRip.x265-RARBG.mp4,3,2,7772588,
2461,540,1080,1,168,60,495,168,35316,0.061,6.709168052941095,83664,/home/amos/media/tv/For.All.Mankind.S01-S03.1080p.WEBRip.x265-RARBG/For.All.Mankind.S03.1080p.WEBRip.x265-RARBG/For.All.Mankind.S03E02.1080p.WEBRip.x265-RARBG.mp4,3,2,7772588,
2462,540,1080,0,138,70,655,138,35156,0.06,6.89816411951324,83928,/home/amos/media/tv/For.All.Mankind.S01-S03.1080p.WEBRip.x265-RARBG/For.All.Mankind.S03.1080p.WEBRip.x265-RARBG/For.All.Mankind.S03E02.1080p.WEBRip.x265-RARBG.mp4,3,2,7772588,
2463,540,1080,0,114,37,604,114,37730,0.065,8.440101050015073,83952,/home/amos/media/tv/For.All.Mankind.S01-S03.1080p.WEBRip.x265-RARBG/For.All.Mankind.S03.1080p.WEBRip.x265-RARBG/For.All.Mankind.S03E02.1080p.WEBRip.x265-RARBG.mp4,3,2,7772588,
2464,540,1080,0,107,3,846,107,76856,0.132,8.396961123798974,83976,/home/amos/media/tv/For.All.Mankind.S01-S03.1080p.WEBRip.x265-RARBG/For.All.Mankind.S03.1080p.WEBRip.x265-RARBG/For.All.Mankind.S03E02.1080p.WEBRip.x265-RARBG.mp4,3,2,7772588,
2465,540,1080,1,135,10,714,135,72375,0.124,9.047019153251313,83976,/home/amos/media/tv/For.All.Mankind.S01-S03.1080p.WEBRip.x265-RARBG/For.All.Mankind.S03.1080p.WEBRip.x265-RARBG/For.All.Mankind.S03E02.1080p.WEBRip.x265-RARBG.mp4,3,2,7772588,
2466,540,1080,0,56,43,847,56,10283,0.018,7.719641066563781,84000,/home/amos/media/tv/For.All.Mankind.S01-S03.1080p.WEBRip.x265-RARBG/For.All.Mankind.S03.1080p.WEBRip.x265-RARBG/For.All.Mankind.S03E02.1080p.WEBRip.x265-RARBG.mp4,3,2,7772588,
2467,540,1080,1,38,192,147,38,16786,0.029,7.952152092417236,84000,/home/amos/media/tv/For.All.Mankind.S01-S03.1080p.WEBRip.x265-RARBG/For.All.Mankind.S03.1080p.WEBRip.x265-RARBG/For.All.Mankind.S03E02.1080p.WEBRip.x265-RARBG.mp4,3,2,7772588,
2468,540,1080,0,56,42,939,56,12362,0.021,8.755548115295824,84024,/home/amos/media/tv/For.All.Mankind.S01-S03.1080p.WEBRip.x265-RARBG/For.All.Mankind.S03.1080p.WEBRip.x265-RARBG/For.All.Mankind.S03E02.1080p.WEBRip.x265-RARBG.mp4,3,2,7772588,
2469,540,1080,1,33,197,241,33,34112,0.058,6.585236044775229,84024,/home/amos/media/tv/For.All.Mankind.S01-S03.1080p.WEBRip.x265-RARBG/For.All.Mankind.S03.1080p.WEBRip.x265-RARBG/For.All.Mankind.S03E02.1080p.WEBRip.x265-RARBG.mp4,3,2,7772588,
2470,540,1080,0,40,201,372,40,53452,0.092,8.084362007502932,84048,/home/amos/media/tv/For.All.Mankind.S01-S03.1080p.WEBRip.x265-RARBG/For.All.Mankind.S03.1080p.WEBRip.x265-RARBG/For.All.Mankind.S03E02.1080p.WEBRip.x265-RARBG.mp4,3,2,7772588,
2471,540,1080,1,57,39,1004,57,17046,0.029,7.694388977834023,84048,/home/amos/media/tv/For.All.Mankind.S01-S03.1080p.WEBRip.x265-RARBG/For.All.Mankind.S03.1080p.WEBRip.x265-RARBG/For.All.Mankind.S03E02.1080p.WEBRip.x265-RARBG.mp4,3,2,7772588,
2472,540,1080,0,57,32,1014,57,23925,0.041,8.694496968237218,84096,/home/amos/media/tv/For.All.Mankind.S01-S03.1080p.WEBRip.x265-RARBG/For.All.Mankind.S03.1080p.WEBRip.x265-RARBG/For.All.Mankind.S03E02.1080p.WEBRip.x265-RARBG.mp4,3,2,7772588,
2473,540,1080,0,57,29,973,57,25648,0.044,7.122223044862039,84120,/home/amos/media/tv/For.All.Mankind.S01-S03.1080p.WEBRip.x265-RARBG/For.All.Mankind.S03.1080p.WEBRip.x265-RARBG/For.All.Mankind.S03E02.1080p.WEBRip.x265-RARBG.mp4,3,2,7772588,
2474,540,1080,1,36,200,481,36,72980,0.125,7.049168960889801,84120,/home/amos/media/tv/For.All.Mankind.S01-S03.1080p.WEBRip.x265-RARBG/For.All.Mankind.S03.1080p.WEBRip.x265-RARBG/For.All.Mankind.S03E02.1080p.WEBRip.x265-RARBG.mp4,3,2,7772588,
2475,540,1080,0,60,56,317,60,1028,0.002,8.9559980101767,84192,/home/amos/media/tv/For.All.Mankind.S01-S03.1080p.WEBRip.x265-RARBG/For.All.Mankind.S03.1080p.WEBRip.x265-RARBG/For.All.Mankind.S03E02.1080p.WEBRip.x265-RARBG.mp4,3,2,7772588,
2476,540,1080,0,62,105,122,62,2580,0.004,6.160715109843295,84216,/home/amos/media/tv/For.All.Mankind.S01-S03.1080p.WEBRip.x265-RARBG/For.All.Mankind.S03.1080p.WEBRip.x265-RARBG/For.All.Mankind.S03E02.1080p.WEBRip.x265-RARBG.mp4,3,2,7772588,
2477,540,1080,0,191,16,665,191,82950,0.142,5.287727936578449,84240,/home/amos/media/tv/For.All.Mankind.S01-S03.1080p.WEBRip.x265-RARBG/For.All.Mankind.S03.1080p.WEBRip.x265-RARBG/For.All.Mankind.S03E02.1080p.WEBRip.x265-RARBG.mp4,3,2,7772588,
2478,540,1080,0,188,98,428,188,21600,0.037,6.502954966796096,84264,/home/amos/media/tv/For.All.Mankind.S01-S03.1080p.WEBRip.x265-RARBG/For.All.Mankind.S03.1080p.WEBRip.x265-RARBG/For.All.Mankind.S03E02.1080p.WEBRip.x265-RARBG.mp4,3,2,7772588,
2479,540,1080,0,188,50,460,188,37536,0.064,6.84909111255547,84312,/home/amos/media/tv/For.All.Mankind.S01-S03.1080p.WEBRip.x265-RARBG/For.All.Mankind.S03.1080p.WEBRip.x265-RARBG/For.All.Mankind.S03E02.1080p.WEBRip.x265-RARBG.mp4,3,2,7772588,
2480,540,1080,0,180,61,443,180,31297,0.054,4.942093129444402,84336,/home/amos/media/tv/For.All.Mankind.S01-S03.1080p.WEBRip.x265-RARBG/For.All.Mankind.S03.1080p.WEBRip.x265-RARBG/For.All.Mankind.S03E02.1080p.WEBRip.x265-RARBG.mp4,3,2,7772588,
2481,540,1080,0,200,47,480,200,42840,0.073,8.266128001909237,84360,/home/amos/media/tv/For.All.Mankind.S01-S03.1080p.WEBRip.x265-RARBG/For.All.Mankind.S03.1080p.WEBRip.x265-RARBG/For.All.Mankind.S03E02.1080p.WEBRip.x265-RARBG.mp4,3,2,7772588,
2482,540,1080,0,198,60,505,198,42366,0.073,8.466158079158049,84384,/home/amos/media/tv/For.All.Mankind.S01-S03.1080p.WEBRip.x265-RARBG/For.All.Mankind.S03.1080p.WEBRip.x265-RARBG/For.All.Mankind.S03E02.1080p.WEBRip.x265-RARBG.mp4,3,2,7772588,
2483,540,1080,0,198,65,506,198,40964,0.07,9.474277174740564,84408,/home/amos/media/tv/For.All.Mankind.S01-S03.1080p.WEBRip.x265-RARBG/For.All.Mankind.S03.1080p.WEBRip.x265-RARBG/For.All.Mankind.S03E02.1080p.WEBRip.x265-RARBG.mp4,3,2,7772588,
2484,540,1080,0,50,130,782,50,58560,0.1,4.473128023033496,84432,/home/amos/media/tv/For.All.Mankind.S01-S03.1080p.WEBRip.x265-RARBG/For.All.Mankind.S03.1080p.WEBRip.x265-RARBG/For.All.Mankind.S03E02.1080p.WEBRip.x265-RARBG.mp4,3,2,7772588,
2485,540,1080,1,50,89,382,50,12948,0.022,4.1949900930630974,84432,/home/amos/media/tv/For.All.Mankind.S01-S03.1080p.WEBRip.x265-RARBG/For.All.Mankind.S03.1080p.WEBRip.x265-RARBG/For.All.Mankind.S03E02.1080p.WEBRip.x265-RARBG.mp4,3,2,7772588,
2486,540,1080,2,57,166,399,57,37278,0.064,5.70797294593649,84432,/home/amos/media/tv/For.All.Mankind.S01-S03.1080p.WEBRip.x265-RARBG/For.All.Mankind.S03.1080p.WEBRip.x265-RARBG/For.All.Mankind.S03E02.1080p.WEBRip.x265-RARBG.mp4,3,2,7772588,
2487,540,1080,3,55,156,697,55,64842,0.111,8.013135104090907,84432,/home/amos/media/tv/For.All.Mankind.S01-S03.1080p.WEBRip.x265-RARBG/For.All.Mankind.S03.1080p.WEBRip.x265-RARBG/For.All.Mankind.S03E02.1080p.WEBRip.x265-RARBG.mp4,3,2,7772588,
2488,540,1080,4,54,159,826,54,81060,0.139,5.881995098548941,84432,/home/amos/media/tv/For.All.Mankind.S01-S03.1080p.WEBRip.x265-RARBG/For.All.Mankind.S03.1080p.WEBRip.x265-RARBG/For.All.Mankind.S03E02.1080p.WEBRip.x265-RARBG.mp4,3,2,7772588,
2489,540,1080,5,61,269,785,61,150592,0.258,6.20592706714524,84432,/home/amos/media/tv/For.All.Mankind.S01-S03.1080p.WEBRip.x265-RARBG/For.All.Mankind.S03.1080p.WEBRip.x265-RARBG/For.All.Mankind.S03E02.1080p.WEBRip.x265-RARBG.mp4,3,2,7772588,
2490,540,1080,6,62,293,458,62,91476,0.157,2.629699136246927,84432,/home/amos/media/tv/For.All.Mankind.S01-S03.1080p.WEBRip.x265-RARBG/For.All.Mankind.S03.1080p.WEBRip.x265-RARBG/For.All.Mankind.S03E02.1080p.WEBRip.x265-RARBG.mp4,3,2,7772588,
2491,540,1080,7,68,336,660,68,158656,0.272,4.076672100636642,84432,/home/amos/media/tv/For.All.Mankind.S01-S03.1080p.WEBRip.x265-RARBG/For.All.Mankind.S03.1080p.WEBRip.x265-RARBG/For.All.Mankind.S03E02.1080p.WEBRip.x265-RARBG.mp4,3,2,7772588,
2492,540,1080,8,70,346,859,70,217764,0.373,3.871381086006295,84432,/home/amos/media/tv/For.All.Mankind.S01-S03.1080p.WEBRip.x265-RARBG/For.All.Mankind.S03.1080p.WEBRip.x265-RARBG/For.All.Mankind.S03E02.1080p.WEBRip.x265-RARBG.mp4,3,2,7772588,
2493,540,1080,9,73,248,963,73,155750,0.267,6.212396127812099,84432,/home/amos/media/tv/For.All.Mankind.S01-S03.1080p.WEBRip.x265-RARBG/For.All.Mankind.S03.1080p.WEBRip.x265-RARBG/For.All.Mankind.S03E02.1080p.WEBRip.x265-RARBG.mp4,3,2,7772588,
2494,540,1080,10,74,347,270,74,53508,0.092,4.787421072716825,84432,/home/amos/media/tv/For.All.Mankind.S01-S03.1080p.WEBRip.x265-RARBG/For.All.Mankind.S03.1080p.WEBRip.x265-RARBG/For.All.Mankind.S03E02.1080p.WEBRip.x265-RARBG.mp4,3,2,7772588,
2495,540,1080,11,77,453,557,77,180480,0.309,6.793571133341175,84432,/home/amos/media/tv/For.All.Mankind.S01-S03.1080p.WEBRip.x265-RARBG/For.All.Mankind.S03.1080p.WEBRip.x265-RARBG/For.All.Mankind.S03E02.1080p.WEBRip.x265-RARBG.mp4,3,2,7772588,
2496,540,1080,12,82,410,972,82,291920,0.501,6.642017128120642,84432,/home/amos/media/tv/For.All.Mankind.S01-S03.1080p.WEBRip.x265-RARBG/For.All.Mankind.S03.1080p.WEBRip.x265-RARBG/For.All.Mankind.S03E02.1080p.WEBRip.x265-RARBG.mp4,3,2,7772588,
2497,540,1080,0,48,81,383,48,11055,0.019,3.609810159483459,84456,/home/amos/media/tv/For.All.Mankind.S01-S03.1080p.WEBRip.x265-RARBG/For.All.Mankind.S03.1080p.WEBRip.x265-RARBG/For.All.Mankind.S03E02.1080p.WEBRip.x265-RARBG.mp4,3,2,7772588,
2498,540,1080,1,50,119,783,50,50577,0.087,4.780240006220993,84456,/home/amos/media/tv/For.All.Mankind.S01-S03.1080p.WEBRip.x265-RARBG/For.All.Mankind.S03.1080p.WEBRip.x265-RARBG/For.All.Mankind.S03E02.1080p.WEBRip.x265-RARBG.mp4,3,2,7772588,
2499,540,1080,2,56,147,699,56,58513,0.1,6.563768967520446,84456,/home/amos/media/tv/For.All.Mankind.S01-S03.1080p.WEBRip.x265-RARBG/For.All.Mankind.S03.1080p.WEBRip.x265-RARBG/For.All.Mankind.S03E02.1080p.WEBRip.x265-RARBG.mp4,3,2,7772588,
2500,540,1080,3,54,149,827,54,73435,0.126,5.119462074595504,84456,/home/amos/media/tv/For.All.Mankind.S01-S03.1080p.WEBRip.x265-RARBG/For.All.Mankind.S03.1080p.WEBRip.x265-RARBG/For.All.Mankind.S03E02.1080p.WEBRip.x265-RARBG.mp4,3,2,7772588,
2501,540,1080,4,58,158,398,58,34000,0.058,4.970895006263163,84456,/home/amos/media/tv/For.All.Mankind.S01-S03.1080p.WEBRip.x265-RARBG/For.All.Mankind.S03.1080p.WEBRip.x265-RARBG/For.All.Mankind.S03E02.1080p.WEBRip.x265-RARBG.mp4,3,2,7772588,
2502,540,1080,5,56,287,461,56,93555,0.16,2.8801412138855085,84456,/home/amos/media/tv/For.All.Mankind.S01-S03.1080p.WEBRip.x265-RARBG/For.All.Mankind.S03.1080p.WEBRip.x265-RARBG/For.All.Mankind.S03E02.1080p.WEBRip.x265-RARBG.mp4,3,2,7772588,
2503,540,1080,6,62,259,785,62,142431,0.244,7.537520960322581,84456,/home/amos/media/tv/For.All.Mankind.S01-S03.1080p.WEBRip.x265-RARBG/For.All.Mankind.S03.1080p.WEBRip.x265-RARBG/For.All.Mankind.S03E02.1080p.WEBRip.x265-RARBG.mp4,3,2,7772588,
2504,540,1080,7,66,238,951,66,152220,0.261,7.272909182298463,84456,/home/amos/media/tv/For.All.Mankind.S01-S03.1080p.WEBRip.x265-RARBG/For.All.Mankind.S03.1080p.WEBRip.x265-RARBG/For.All.Mankind.S03E02.1080p.WEBRip.x265-RARBG.mp4,3,2,7772588,
2505,540,1080,8,68,340,864,68,216512,0.371,4.691115023044404,84456,/home/amos/media/tv/For.All.Mankind.S01-S03.1080p.WEBRip.x265-RARBG/For.All.Mankind.S03.1080p.WEBRip.x265-RARBG/For.All.Mankind.S03E02.1080p.WEBRip.x265-RARBG.mp4,3,2,7772588,
2506,540,1080,9,74,337,270,74,51548,0.088,5.1796809993102215,84456,/home/amos/media/tv/For.All.Mankind.S01-S03.1080p.WEBRip.x265-RARBG/For.All.Mankind.S03.1080p.WEBRip.x265-RARBG/For.All.Mankind.S03E02.1080p.WEBRip.x265-RARBG.mp4,3,2,7772588,
2507,540,1080,10,74,324,659,74,146250,0.251,3.4927811112138443,84456,/home/amos/media/tv/For.All.Mankind.S01-S03.1080p.WEBRip.x265-RARBG/For.All.Mankind.S03.1080p.WEBRip.x265-RARBG/For.All.Mankind.S03E02.1080p.WEBRip.x265-RARBG.mp4,3,2,7772588,
2508,540,1080,11,84,401,972,84,281496,0.483,6.252926046203356,84456,/home/amos/media/tv/For.All.Mankind.S01-S03.1080p.WEBRip.x265-RARBG/For.All.Mankind.S03.1080p.WEBRip.x265-RARBG/For.All.Mankind.S03E02.1080p.WEBRip.x265-RARBG.mp4,3,2,7772588,
2509,540,1080,12,79,442,556,79,173151,0.297,6.743374123179819,84456,/home/amos/media/tv/For.All.Mankind.S01-S03.1080p.WEBRip.x265-RARBG/For.All.Mankind.S03.1080p.WEBRip.x265-RARBG/For.All.Mankind.S03E02.1080p.WEBRip.x265-RARBG.mp4,3,2,7772588,
2510,540,1080,0,166,91,590,166,31800,0.055,9.371107906161342,84480,/home/amos/media/tv/For.All.Mankind.S01-S03.1080p.WEBRip.x265-RARBG/For.All.Mankind.S03.1080p.WEBRip.x265-RARBG/For.All.Mankind.S03E02.1080p.WEBRip.x265-RARBG.mp4,3,2,7772588,
2511,540,1080,0,175,56,462,175,34153,0.059,8.019710105087142,84504,/home/amos/media/tv/For.All.Mankind.S01-S03.1080p.WEBRip.x265-RARBG/For.All.Mankind.S03.1080p.WEBRip.x265-RARBG/For.All.Mankind.S03E02.1080p.WEBRip.x265-RARBG.mp4,3,2,7772588,
2512,540,1080,0,180,61,477,180,35343,0.061,6.416175165388268,84528,/home/amos/media/tv/For.All.Mankind.S01-S03.1080p.WEBRip.x265-RARBG/For.All.Mankind.S03.1080p.WEBRip.x265-RARBG/For.All.Mankind.S03E02.1080p.WEBRip.x265-RARBG.mp4,3,2,7772588,
2513,540,1080,0,186,68,551,186,43070,0.074,8.697167181759141,84552,/home/amos/media/tv/For.All.Mankind.S01-S03.1080p.WEBRip.x265-RARBG/For.All.Mankind.S03.1080p.WEBRip.x265-RARBG/For.All.Mankind.S03E02.1080p.WEBRip.x265-RARBG.mp4,3,2,7772588,
2514,540,1080,0,182,100,678,182,40672,0.07,4.451696006290149,84576,/home/amos/media/tv/For.All.Mankind.S01-S03.1080p.WEBRip.x265-RARBG/For.All.Mankind.S03.1080p.WEBRip.x265-RARBG/For.All.Mankind.S03E02.1080p.WEBRip.x265-RARBG.mp4,3,2,7772588,
2515,540,1080,1,153,113,337,153,7360,0.013,6.045943071309011,84576,/home/amos/media/tv/For.All.Mankind.S01-S03.1080p.WEBRip.x265-RARBG/For.All.Mankind.S03.1080p.WEBRip.x265-RARBG/For.All.Mankind.S03E02.1080p.WEBRip.x265-RARBG.mp4,3,2,7772588,
2516,540,1080,0,151,112,347,151,7644,0.013,3.345724127430003,84600,/home/amos/media/tv/For.All.Mankind.S01-S03.1080p.WEBRip.x265-RARBG/For.All.Mankind.S03.1080p.WEBRip.x265-RARBG/For.All.Mankind.S03E02.1080p.WEBRip.x265-RARBG.mp4,3,2,7772588,
2517,540,1080,1,179,102,689,179,39270,0.067,4.783250055857934,84600,/home/amos/media/tv/For.All.Mankind.S01-S03.1080p.WEBRip.x265-RARBG/For.All.Mankind.S03.1080p.WEBRip.x265-RARBG/For.All.Mankind.S03E02.1080p.WEBRip.x265-RARBG.mp4,3,2,7772588,
2518,540,1080,0,167,103,327,167,10240,0.018,10.90911202825373,84624,/home/amos/media/tv/For.All.Mankind.S01-S03.1080p.WEBRip.x265-RARBG/For.All.Mankind.S03.1080p.WEBRip.x265-RARBG/For.All.Mankind.S03E02.1080p.WEBRip.x265-RARBG.mp4,3,2,7772588,
2519,540,1080,1,174,101,696,174,38106,0.065,7.345841022848617,84624,/home/amos/media/tv/For.All.Mankind.S01-S03.1080p.WEBRip.x265-RARBG/For.All.Mankind.S03.1080p.WEBRip.x265-RARBG/For.All.Mankind.S03E02.1080p.WEBRip.x265-RARBG.mp4,3,2,7772588,
2520,540,1080,0,151,98,476,151,17225,0.03,5.1010460166144185,84672,/home/amos/media/tv/For.All.Mankind.S01-S03.1080p.WEBRip.x265-RARBG/For.All.Mankind.S03.1080p.WEBRip.x265-RARBG/For.All.Mankind.S03E02.1080p.WEBRip.x265-RARBG.mp4,3,2,7772588,
2521,540,1080,0,144,99,506,144,16290,0.028,6.248410081898328,84696,/home/amos/media/tv/For.All.Mankind.S01-S03.1080p.WEBRip.x265-RARBG/For.All.Mankind.S03.1080p.WEBRip.x265-RARBG/For.All.Mankind.S03E02.1080p.WEBRip.x265-RARBG.mp4,3,2,7772588,
2522,540,1080,0,138,118,510,138,7440,0.013,10.87187801062828,84720,/home/amos/media/tv/For.All.Mankind.S01-S03.1080p.WEBRip.x265-RARBG/For.All.Mankind.S03.1080p.WEBRip.x265-RARBG/For.All.Mankind.S03E02.1080p.WEBRip.x265-RARBG.mp4,3,2,7772588,
2523,540,1080,0,139,115,518,139,9096,0.016,9.413009067939129,84744,/home/amos/media/tv/For.All.Mankind.S01-S03.1080p.WEBRip.x265-RARBG/For.All.Mankind.S03.1080p.WEBRip.x265-RARBG/For.All.Mankind.S03E02.1080p.WEBRip.x265-RARBG.mp4,3,2,7772588,
2524,540,1080,0,145,113,498,145,11296,0.019,10.075298073177692,84768,/home/amos/media/tv/For.All.Mankind.S01-S03.1080p.WEBRip.x265-RARBG/For.All.Mankind.S03.1080p.WEBRip.x265-RARBG/For.All.Mankind.S03E02.1080p.WEBRip.x265-RARBG.mp4,3,2,7772588,
2525,540,1080,0,143,124,528,143,7315,0.013,11.554941065551247,84792,/home/amos/media/tv/For.All.Mankind.S01-S03.1080p.WEBRip.x265-RARBG/For.All.Mankind.S03.1080p.WEBRip.x265-RARBG/For.All.Mankind.S03E02.1080p.WEBRip.x265-RARBG.mp4,3,2,7772588,
2526,540,1080,0,60,110,469,60,20450,0.035,8.395749040297233,84816,/home/amos/media/tv/For.All.Mankind.S01-S03.1080p.WEBRip.x265-RARBG/For.All.Mankind.S03.1080p.WEBRip.x265-RARBG/For.All.Mankind.S03E02.1080p.WEBRip.x265-RARBG.mp4,3,2,7772588,
2527,540,1080,0,260,60,276,260,3200,0.005,6.658352051745169,84912,/home/amos/media/tv/For.All.Mankind.S01-S03.1080p.WEBRip.x265-RARBG/For.All.Mankind.S03.1080p.WEBRip.x265-RARBG/For.All.Mankind.S03E02.1080p.WEBRip.x265-RARBG.mp4,3,2,7772588,
2528,540,1080,0,250,58,281,250,5952,0.01,9.922786029637791,84936,/home/amos/media/tv/For.All.Mankind.S01-S03.1080p.WEBRip.x265-RARBG/For.All.Mankind.S03.1080p.WEBRip.x265-RARBG/For.All.Mankind.S03E02.1080p.WEBRip.x265-RARBG.mp4,3,2,7772588,
2529,540,1080,0,254,56,397,254,28314,0.049,7.946141054097097,84960,/home/amos/media/tv/For.All.Mankind.S01-S03.1080p.WEBRip.x265-RARBG/For.All.Mankind.S03.1080p.WEBRip.x265-RARBG/For.All.Mankind.S03E02.1080p.WEBRip.x265-RARBG.mp4,3,2,7772588,
2530,540,1080,0,257,60,603,257,68162,0.117,7.321367041382473,84984,/home/amos/media/tv/For.All.Mankind.S01-S03.1080p.WEBRip.x265-RARBG/For.All.Mankind.S03.1080p.WEBRip.x265-RARBG/For.All.Mankind.S03E02.1080p.WEBRip.x265-RARBG.mp4,3,2,7772588,
2531,540,1080,0,277,36,213,277,15424,0.026,8.92048000608338,85008,/home/amos/media/tv/For.All.Mankind.S01-S03.1080p.WEBRip.x265-RARBG/For.All.Mankind.S03.1080p.WEBRip.x265-RARBG/For.All.Mankind.S03E02.1080p.WEBRip.x265-RARBG.mp4,3,2,7772588,
2532,540,1080,0,286,54,469,286,42456,0.073,6.468629079812672,85032,/home/amos/media/tv/For.All.Mankind.S01-S03.1080p.WEBRip.x265-RARBG/For.All.Mankind.S03.1080p.WEBRip.x265-RARBG/For.All.Mankind.S03E02.1080p.WEBRip.x265-RARBG.mp4,3,2,7772588,
2533,540,1080,0,279,58,580,279,66521,0.114,8.17292807076592,85056,/home/amos/media/tv/For.All.Mankind.S01-S03.1080p.WEBRip.x265-RARBG/For.All.Mankind.S03.1080p.WEBRip.x265-RARBG/For.All.Mankind.S03E02.1080p.WEBRip.x265-RARBG.mp4,3,2,7772588,
2534,540,1080,0,162,95,436,162,18358,0.031,4.918902001343668,85224,/home/amos/media/tv/For.All.Mankind.S01-S03.1080p.WEBRip.x265-RARBG/For.All.Mankind.S03.1080p.WEBRip.x265-RARBG/For.All.Mankind.S03E02.1080p.WEBRip.x265-RARBG.mp4,3,2,7772588,
2535,540,1080,0,195,79,464,195,31204,0.054,8.773692134709563,85248,/home/amos/media/tv/For.All.Mankind.S01-S03.1080p.WEBRip.x265-RARBG/For.All.Mankind.S03.1080p.WEBRip.x265-RARBG/For.All.Mankind.S03E02.1080p.WEBRip.x265-RARBG.mp4,3,2,7772588,
2536,540,1080,0,105,230,632,105,65875,0.113,6.651210077281576,85272,/home/amos/media/tv/For.All.Mankind.S01-S03.1080p.WEBRip.x265-RARBG/For.All.Mankind.S03.1080p.WEBRip.x265-RARBG/For.All.Mankind.S03E02.1080p.WEBRip.x265-RARBG.mp4,3,2,7772588,
2537,540,1080,0,116,278,512,116,64152,0.11,5.936353114375379,85296,/home/amos/media/tv/For.All.Mankind.S01-S03.1080p.WEBRip.x265-RARBG/For.All.Mankind.S03.1080p.WEBRip.x265-RARBG/For.All.Mankind.S03E02.1080p.WEBRip.x265-RARBG.mp4,3,2,7772588,
2538,540,1080,0,43,247,644,43,122604,0.21,8.817477019794751,85320,/home/amos/media/tv/For.All.Mankind.S01-S03.1080p.WEBRip.x265-RARBG/For.All.Mankind.S03.1080p.WEBRip.x265-RARBG/For.All.Mankind.S03E02.1080p.WEBRip.x265-RARBG.mp4,3,2,7772588,
2539,540,1080,1,56,278,386,56,73260,0.126,4.649489097704645,85320,/home/amos/media/tv/For.All.Mankind.S01-S03.1080p.WEBRip.x265-RARBG/For.All.Mankind.S03.1080p.WEBRip.x265-RARBG/For.All.Mankind.S03E02.1080p.WEBRip.x265-RARBG.mp4,3,2,7772588,
2540,540,1080,0,52,264,626,52,121688,0.209,8.902155989373568,85344,/home/amos/media/tv/For.All.Mankind.S01-S03.1080p.WEBRip.x265-RARBG/For.All.Mankind.S03.1080p.WEBRip.x265-RARBG/For.All.Mankind.S03E02.1080p.WEBRip.x265-RARBG.mp4,3,2,7772588,
2541,540,1080,1,60,296,188,60,30208,0.052,6.296353086072486,85344,/home/amos/media/tv/For.All.Mankind.S01-S03.1080p.WEBRip.x265-RARBG/For.All.Mankind.S03.1080p.WEBRip.x265-RARBG/For.All.Mankind.S03E02.1080p.WEBRip.x265-RARBG.mp4,3,2,7772588,
2542,540,1080,0,35,103,507,35,32096,0.055,6.40333808696596,85416,/home/amos/media/tv/For.All.Mankind.S01-S03.1080p.WEBRip.x265-RARBG/For.All.Mankind.S03.1080p.WEBRip.x265-RARBG/For.All.Mankind.S03E02.1080p.WEBRip.x265-RARBG.mp4,3,2,7772588,
2543,540,1080,1,56,95,894,56,32682,0.056,8.105331163096707,85416,/home/amos/media/tv/For.All.Mankind.S01-S03.1080p.WEBRip.x265-RARBG/For.All.Mankind.S03.1080p.WEBRip.x265-RARBG/For.All.Mankind.S03E02.1080p.WEBRip.x265-RARBG.mp4,3,2,7772588,
2544,540,1080,2,65,111,651,65,26956,0.046,13.960172999533825,85416,/home/amos/media/tv/For.All.Mankind.S01-S03.1080p.WEBRip.x265-RARBG/For.All.Mankind.S03.1080p.WEBRip.x265-RARBG/For.All.Mankind.S03E02.1080p.WEBRip.x265-RARBG.mp4,3,2,7772588,
2545,540,1080,3,43,210,735,43,115564,0.198,4.921701162063982,85416,/home/amos/media/tv/For.All.Mankind.S01-S03.1080p.WEBRip.x265-RARBG/For.All.Mankind.S03.1080p.WEBRip.x265-RARBG/For.All.Mankind.S03E02.1080p.WEBRip.x265-RARBG.mp4,3,2,7772588,
2546,540,1080,0,35,101,490,35,30030,0.051,8.302747027832083,85440,/home/amos/media/tv/For.All.Mankind.S01-S03.1080p.WEBRip.x265-RARBG/For.All.Mankind.S03.1080p.WEBRip.x265-RARBG/For.All.Mankind.S03E02.1080p.WEBRip.x265-RARBG.mp4,3,2,7772588,
2547,540,1080,1,52,97,875,52,37035,0.064,7.618317089800257,85440,/home/amos/media/tv/For.All.Mankind.S01-S03.1080p.WEBRip.x265-RARBG/For.All.Mankind.S03.1080p.WEBRip.x265-RARBG/For.All.Mankind.S03E02.1080p.WEBRip.x265-RARBG.mp4,3,2,7772588,
2548,540,1080,2,63,110,637,63,26978,0.046,11.946436046040615,85440,/home/amos/media/tv/For.All.Mankind.S01-S03.1080p.WEBRip.x265-RARBG/For.All.Mankind.S03.1080p.WEBRip.x265-RARBG/For.All.Mankind.S03E02.1080p.WEBRip.x265-RARBG.mp4,3,2,7772588,
2549,540,1080,3,47,191,270,47,32112,0.055,6.55810704495525,85440,/home/amos/media/tv/For.All.Mankind.S01-S03.1080p.WEBRip.x265-RARBG/For.All.Mankind.S03.1080p.WEBRip.x265-RARBG/For.All.Mankind.S03E02.1080p.WEBRip.x265-RARBG.mp4,3,2,7772588,
2550,540,1080,0,204,65,345,204,19599,0.034,13.390983951394446,85512,/home/amos/media/tv/For.All.Mankind.S01-S03.1080p.WEBRip.x265-RARBG/For.All.Mankind.S03.1080p.WEBRip.x265-RARBG/For.All.Mankind.S03E02.1080p.WEBRip.x265-RARBG.mp4,3,2,7772588,
2551,540,1080,0,184,101,277,184,7719,0.013,6.025018983928021,85536,/home/amos/media/tv/For.All.Mankind.S01-S03.1080p.WEBRip.x265-RARBG/For.All.Mankind.S03.1080p.WEBRip.x265-RARBG/For.All.Mankind.S03E02.1080p.WEBRip.x265-RARBG.mp4,3,2,7772588,
2552,540,1080,0,207,61,378,207,24966,0.043,8.123115065915044,85560,/home/amos/media/tv/For.All.Mankind.S01-S03.1080p.WEBRip.x265-RARBG/For.All.Mankind.S03.1080p.WEBRip.x265-RARBG/For.All.Mankind.S03E02.1080p.WEBRip.x265-RARBG.mp4,3,2,7772588,
2553,540,1080,0,193,76,581,193,45396,0.078,6.977146054559853,85584,/home/amos/media/tv/For.All.Mankind.S01-S03.1080p.WEBRip.x265-RARBG/For.All.Mankind.S03.1080p.WEBRip.x265-RARBG/For.All.Mankind.S03E02.1080p.WEBRip.x265-RARBG.mp4,3,2,7772588,
2554,540,1080,0,216,85,373,216,20567,0.035,5.409854028024711,85608,/home/amos/media/tv/For.All.Mankind.S01-S03.1080p.WEBRip.x265-RARBG/For.All.Mankind.S03.1080p.WEBRip.x265-RARBG/For.All.Mankind.S03E02.1080p.WEBRip.x265-RARBG.mp4,3,2,7772588,
2555,540,1080,0,183,63,531,183,41760,0.072,12.312674117682036,85632,/home/amos/media/tv/For.All.Mankind.S01-S03.1080p.WEBRip.x265-RARBG/For.All.Mankind.S03.1080p.WEBRip.x265-RARBG/For.All.Mankind.S03E02.1080p.WEBRip.x265-RARBG.mp4,3,2,7772588,
2556,540,1080,0,187,69,518,187,39058,0.067,9.546359008352738,85656,/home/amos/media/tv/For.All.Mankind.S01-S03.1080p.WEBRip.x265-RARBG/For.All.Mankind.S03.1080p.WEBRip.x265-RARBG/For.All.Mankind.S03E02.1080p.WEBRip.x265-RARBG.mp4,3,2,7772588,
2557,540,1080,0,142,65,559,142,32109,0.055,5.660077984328382,85728,/home/amos/media/tv/For.All.Mankind.S01-S03.1080p.WEBRip.x265-RARBG/For.All.Mankind.S03.1080p.WEBRip.x265-RARBG/For.All.Mankind.S03E02.1080p.WEBRip.x265-RARBG.mp4,3,2,7772588,
2558,540,1080,0,220,84,362,220,19312,0.033,12.744387087761424,85800,/home/amos/media/tv/For.All.Mankind.S01-S03.1080p.WEBRip.x265-RARBG/For.All.Mankind.S03.1080p.WEBRip.x265-RARBG/For.All.Mankind.S03E02.1080p.WEBRip.x265-RARBG.mp4,3,2,7772588,
2559,540,1080,0,70,201,510,70,57640,0.099,2.8532971413224004,85824,/home/amos/media/tv/For.All.Mankind.S01-S03.1080p.WEBRip.x265-RARBG/For.All.Mankind.S03.1080p.WEBRip.x265-RARBG/For.All.Mankind.S03E02.1080p.WEBRip.x265-RARBG.mp4,3,2,7772588,
2560,540,1080,0,144,125,463,144,6061,0.01,4.285422041954007,85848,/home/amos/media/tv/For.All.Mankind.S01-S03.1080p.WEBRip.x265-RARBG/For.All.Mankind.S03.1080p.WEBRip.x265-RARBG/For.All.Mankind.S03E02.1080p.WEBRip.x265-RARBG.mp4,3,2,7772588,
2561,540,1080,0,75,222,603,75,77616,0.133,1.994428108504508,85968,/home/amos/media/tv/For.All.Mankind.S01-S03.1080p.WEBRip.x265-RARBG/For.All.Mankind.S03.1080p.WEBRip.x265-RARBG/For.All.Mankind.S03E02.1080p.WEBRip.x265-RARBG.mp4,3,2,7772588,
2562,540,1080,0,162,114,520,162,17184,0.029,3.575158004532568,85992,/home/amos/media/tv/For.All.Mankind.S01-S03.1080p.WEBRip.x265-RARBG/For.All.Mankind.S03.1080p.WEBRip.x265-RARBG/For.All.Mankind.S03E02.1080p.WEBRip.x265-RARBG.mp4,3,2,7772588,
2563,540,1080,0,293,89,632,293,69156,0.119,7.948586079699453,86016,/home/amos/media/tv/For.All.Mankind.S01-S03.1080p.WEBRip.x265-RARBG/For.All.Mankind.S03.1080p.WEBRip.x265-RARBG/For.All.Mankind.S03E02.1080p.WEBRip.x265-RARBG.mp4,3,2,7772588,
2564,540,1080,0,287,78,626,287,70851,0.121,8.350002050341573,86040,/home/amos/media/tv/For.All.Mankind.S01-S03.1080p.WEBRip.x265-RARBG/For.All.Mankind.S03.1080p.WEBRip.x265-RARBG/For.All.Mankind.S03E02.1080p.WEBRip.x265-RARBG.mp4,3,2,7772588,
2565,540,1080,0,39,102,480,39,27783,0.048,5.289010025502648,86232,/home/amos/media/tv/For.All.Mankind.S01-S03.1080p.WEBRip.x265-RARBG/For.All.Mankind.S03.1080p.WEBRip.x265-RARBG/For.All.Mankind.S03E02.1080p.WEBRip.x265-RARBG.mp4,3,2,7772588,
2566,540,1080,1,70,58,657,70,7044,0.012,12.666435015038587,86232,/home/amos/media/tv/For.All.Mankind.S01-S03.1080p.WEBRip.x265-RARBG/For.All.Mankind.S03.1080p.WEBRip.x265-RARBG/For.All.Mankind.S03E02.1080p.WEBRip.x265-RARBG.mp4,3,2,7772588,
2567,540,1080,2,56,88,885,56,26528,0.045,7.888995251792949,86232,/home/amos/media/tv/For.All.Mankind.S01-S03.1080p.WEBRip.x265-RARBG/For.All.Mankind.S03.1080p.WEBRip.x265-RARBG/For.All.Mankind.S03E02.1080p.WEBRip.x265-RARBG.mp4,3,2,7772588,
2568,540,1080,3,48,182,274,48,30284,0.052,4.249742083891761,86232,/home/amos/media/tv/For.All.Mankind.S01-S03.1080p.WEBRip.x265-RARBG/For.All.Mankind.S03.1080p.WEBRip.x265-RARBG/For.All.Mankind.S03E02.1080p.WEBRip.x265-RARBG.mp4,3,2,7772588,
2569,540,1080,0,39,124,486,39,37995,0.065,10.647371919767464,86256,/home/amos/media/tv/For.All.Mankind.S01-S03.1080p.WEBRip.x265-RARBG/For.All.Mankind.S03.1080p.WEBRip.x265-RARBG/For.All.Mankind.S03E02.1080p.WEBRip.x265-RARBG.mp4,3,2,7772588,
2570,540,1080,1,79,57,711,79,13904,0.024,12.955678062397055,86256,/home/amos/media/tv/For.All.Mankind.S01-S03.1080p.WEBRip.x265-RARBG/For.All.Mankind.S03.1080p.WEBRip.x265-RARBG/For.All.Mankind.S03E02.1080p.WEBRip.x265-RARBG.mp4,3,2,7772588,
2571,540,1080,2,53,100,874,53,38587,0.066,5.031991084746551,86256,/home/amos/media/tv/For.All.Mankind.S01-S03.1080p.WEBRip.x265-RARBG/For.All.Mankind.S03.1080p.WEBRip.x265-RARBG/For.All.Mankind.S03E02.1080p.WEBRip.x265-RARBG.mp4,3,2,7772588,
2572,540,1080,0,291,45,210,291,19926,0.034,9.536597048514524,86280,/home/amos/media/tv/For.All.Mankind.S01-S03.1080p.WEBRip.x265-RARBG/For.All.Mankind.S03.1080p.WEBRip.x265-RARBG/For.All.Mankind.S03E02.1080p.WEBRip.x265-RARBG.mp4,3,2,7772588,
2573,540,1080,0,275,55,549,275,60280,0.103,6.537649028410669,86304,/home/amos/media/tv/For.All.Mankind.S01-S03.1080p.WEBRip.x265-RARBG/For.All.Mankind.S03.1080p.WEBRip.x265-RARBG/For.All.Mankind.S03E02.1080p.WEBRip.x265-RARBG.mp4,3,2,7772588,
2574,540,1080,0,254,58,361,254,20972,0.036,2.144745914672967,86328,/home/amos/media/tv/For.All.Mankind.S01-S03.1080p.WEBRip.x265-RARBG/For.All.Mankind.S03.1080p.WEBRip.x265-RARBG/For.All.Mankind.S03E02.1080p.WEBRip.x265-RARBG.mp4,3,2,7772588,
2575,540,1080,0,257,79,535,257,49484,0.085,6.468383103841916,86352,/home/amos/media/tv/For.All.Mankind.S01-S03.1080p.WEBRip.x265-RARBG/For.All.Mankind.S03.1080p.WEBRip.x265-RARBG/For.All.Mankind.S03E02.1080p.WEBRip.x265-RARBG.mp4,3,2,7772588,
2576,540,1080,0,270,76,523,270,49082,0.084,8.696883036231156,86376,/home/amos/media/tv/For.All.Mankind.S01-S03.1080p.WEBRip.x265-RARBG/For.All.Mankind.S03.1080p.WEBRip.x265-RARBG/For.All.Mankind.S03E02.1080p.WEBRip.x265-RARBG.mp4,3,2,7772588,
2577,540,1080,0,267,56,515,267,52328,0.09,3.842266072751954,86472,/home/amos/media/tv/For.All.Mankind.S01-S03.1080p.WEBRip.x265-RARBG/For.All.Mankind.S03.1080p.WEBRip.x265-RARBG/For.All.Mankind.S03E02.1080p.WEBRip.x265-RARBG.mp4,3,2,7772588,
2578,540,1080,0,274,25,508,274,58266,0.1,6.375500076217577,86496,/home/amos/media/tv/For.All.Mankind.S01-S03.1080p.WEBRip.x265-RARBG/For.All.Mankind.S03.1080p.WEBRip.x265-RARBG/For.All.Mankind.S03E02.1080p.WEBRip.x265-RARBG.mp4,3,2,7772588,
2579,540,1080,0,100,105,417,100,1585,0.003,9.65237104188418,86520,/home/amos/media/tv/For.All.Mankind.S01-S03.1080p.WEBRip.x265-RARBG/For.All.Mankind.S03.1080p.WEBRip.x265-RARBG/For.All.Mankind.S03E02.1080p.WEBRip.x265-RARBG.mp4,3,2,7772588,
2580,540,1080,0,112,104,449,112,2696,0.005,8.957231079402845,86544,/home/amos/media/tv/For.All.Mankind.S01-S03.1080p.WEBRip.x265-RARBG/For.All.Mankind.S03.1080p.WEBRip.x265-RARBG/For.All.Mankind.S03E02.1080p.WEBRip.x265-RARBG.mp4,3,2,7772588,
2581,540,1080,0,113,85,459,113,9688,0.017,3.465827961510513,86568,/home/amos/media/tv/For.All.Mankind.S01-S03.1080p.WEBRip.x265-RARBG/For.All.Mankind.S03.1080p.WEBRip.x265-RARBG/For.All.Mankind.S03E02.1080p.WEBRip.x265-RARBG.mp4,3,2,7772588,
2582,540,1080,0,80,67,711,80,8203,0.014,10.575117054802831,86592,/home/amos/media/tv/For.All.Mankind.S01-S03.1080p.WEBRip.x265-RARBG/For.All.Mankind.S03.1080p.WEBRip.x265-RARBG/For.All.Mankind.S03E02.1080p.WEBRip.x265-RARBG.mp4,3,2,7772588,
2583,540,1080,0,70,39,279,70,6479,0.011,6.756281156500336,86616,/home/amos/media/tv/For.All.Mankind.S01-S03.1080p.WEBRip.x265-RARBG/For.All.Mankind.S03.1080p.WEBRip.x265-RARBG/For.All.Mankind.S03E02.1080p.WEBRip.x265-RARBG.mp4,3,2,7772588,
2584,540,1080,1,79,67,711,79,7584,0.013,9.228357972286176,86616,/home/amos/media/tv/For.All.Mankind.S01-S03.1080p.WEBRip.x265-RARBG/For.All.Mankind.S03.1080p.WEBRip.x265-RARBG/For.All.Mankind.S03E02.1080p.WEBRip.x265-RARBG.mp4,3,2,7772588,
2585,540,1080,0,79,156,635,79,42812,0.073,5.871755061147269,86640,/home/amos/media/tv/For.All.Mankind.S01-S03.1080p.WEBRip.x265-RARBG/For.All.Mankind.S03.1080p.WEBRip.x265-RARBG/For.All.Mankind.S03E02.1080p.WEBRip.x265-RARBG.mp4,3,2,7772588,
2586,540,1080,0,82,153,663,82,41251,0.071,6.443983062345069,86664,/home/amos/media/tv/For.All.Mankind.S01-S03.1080p.WEBRip.x265-RARBG/For.All.Mankind.S03.1080p.WEBRip.x265-RARBG/For.All.Mankind.S03E02.1080p.WEBRip.x265-RARBG.mp4,3,2,7772588,
2587,540,1080,0,90,152,574,90,30008,0.051,10.684059068735223,86688,/home/amos/media/tv/For.All.Mankind.S01-S03.1080p.WEBRip.x265-RARBG/For.All.Mankind.S03.1080p.WEBRip.x265-RARBG/For.All.Mankind.S03E02.1080p.WEBRip.x265-RARBG.mp4,3,2,7772588,
2588,540,1080,0,85,153,613,85,35904,0.062,6.675570074410643,86712,/home/amos/media/tv/For.All.Mankind.S01-S03.1080p.WEBRip.x265-RARBG/For.All.Mankind.S03.1080p.WEBRip.x265-RARBG/For.All.Mankind.S03E02.1080p.WEBRip.x265-RARBG.mp4,3,2,7772588,
2589,540,1080,0,195,82,729,195,60342,0.103,3.8863600363838486,86736,/home/amos/media/tv/For.All.Mankind.S01-S03.1080p.WEBRip.x265-RARBG/For.All.Mankind.S03.1080p.WEBRip.x265-RARBG/For.All.Mankind.S03E02.1080p.WEBRip.x265-RARBG.mp4,3,2,7772588,
2590,540,1080,0,120,127,490,120,2590,0.004,3.565289090562146,86784,/home/amos/media/tv/For.All.Mankind.S01-S03.1080p.WEBRip.x265-RARBG/For.All.Mankind.S03.1080p.WEBRip.x265-RARBG/For.All.Mankind.S03E02.1080p.WEBRip.x265-RARBG.mp4,3,2,7772588,
2591,540,1080,0,143,112,498,143,11005,0.019,1.4677511692862026,86808,/home/amos/media/tv/For.All.Mankind.S01-S03.1080p.WEBRip.x265-RARBG/For.All.Mankind.S03.1080p.WEBRip.x265-RARBG/For.All.Mankind.S03E02.1080p.WEBRip.x265-RARBG.mp4,3,2,7772588,
2592,540,1080,0,95,103,485,95,3120,0.005,7.242524122062605,86832,/home/amos/media/tv/For.All.Mankind.S01-S03.1080p.WEBRip.x265-RARBG/For.All.Mankind.S03.1080p.WEBRip.x265-RARBG/For.All.Mankind.S03E02.1080p.WEBRip.x265-RARBG.mp4,3,2,7772588,
2593,540,1080,0,95,115,589,95,9880,0.017,7.375042157829739,86856,/home/amos/media/tv/For.All.Mankind.S01-S03.1080p.WEBRip.x265-RARBG/For.All.Mankind.S03.1080p.WEBRip.x265-RARBG/For.All.Mankind.S03E02.1080p.WEBRip.x265-RARBG.mp4,3,2,7772588,
2594,540,1080,0,77,111,566,77,16626,0.029,3.0497640366083942,86880,/home/amos/media/tv/For.All.Mankind.S01-S03.1080p.WEBRip.x265-RARBG/For.All.Mankind.S03.1080p.WEBRip.x265-RARBG/For.All.Mankind.S03E02.1080p.WEBRip.x265-RARBG.mp4,3,2,7772588,
2595,540,1080,0,114,82,487,114,11936,0.02,9.597715156327467,86904,/home/amos/media/tv/For.All.Mankind.S01-S03.1080p.WEBRip.x265-RARBG/For.All.Mankind.S03.1080p.WEBRip.x265-RARBG/For.All.Mankind.S03E02.1080p.WEBRip.x265-RARBG.mp4,3,2,7772588,
2596,540,1080,0,101,126,855,101,18850,0.032,8.848949051171076,86928,/home/amos/media/tv/For.All.Mankind.S01-S03.1080p.WEBRip.x265-RARBG/For.All.Mankind.S03.1080p.WEBRip.x265-RARBG/For.All.Mankind.S03E02.1080p.WEBRip.x265-RARBG.mp4,3,2,7772588,
2597,540,1080,1,105,165,448,105,20580,0.035,10.475242038432045,86928,/home/amos/media/tv/For.All.Mankind.S01-S03.1080p.WEBRip.x265-RARBG/For.All.Mankind.S03.1080p.WEBRip.x265-RARBG/For.All.Mankind.S03E02.1080p.WEBRip.x265-RARBG.mp4,3,2,7772588,
2598,540,1080,0,114,104,251,114,1370,0.002,8.367401053779759,86952,/home/amos/media/tv/For.All.Mankind.S01-S03.1080p.WEBRip.x265-RARBG/For.All.Mankind.S03.1080p.WEBRip.x265-RARBG/For.All.Mankind.S03E02.1080p.WEBRip.x265-RARBG.mp4,3,2,7772588,
2599,540,1080,1,107,121,765,107,9212,0.016,9.998949101078324,86952,/home/amos/media/tv/For.All.Mankind.S01-S03.1080p.WEBRip.x265-RARBG/For.All.Mankind.S03.1080p.WEBRip.x265-RARBG/For.All.Mankind.S03E02.1080p.WEBRip.x265-RARBG.mp4,3,2,7772588,
2600,540,1080,0,191,120,459,191,19028,0.033,11.657286171976011,87000,/home/amos/media/tv/For.All.Mankind.S01-S03.1080p.WEBRip.x265-RARBG/For.All.Mankind.S03.1080p.WEBRip.x265-RARBG/For.All.Mankind.S03E02.1080p.WEBRip.x265-RARBG.mp4,3,2,7772588,
2601,540,1080,0,192,100,481,192,26588,0.046,10.166966086195316,87024,/home/amos/media/tv/For.All.Mankind.S01-S03.1080p.WEBRip.x265-RARBG/For.All.Mankind.S03.1080p.WEBRip.x265-RARBG/For.All.Mankind.S03E02.1080p.WEBRip.x265-RARBG.mp4,3,2,7772588,
2602,540,1080,0,158,133,398,158,6000,0.01,5.384409054822754,87216,/home/amos/media/tv/For.All.Mankind.S01-S03.1080p.WEBRip.x265-RARBG/For.All.Mankind.S03.1080p.WEBRip.x265-RARBG/For.All.Mankind.S03E02.1080p.WEBRip.x265-RARBG.mp4,3,2,7772588,
2603,540,1080,0,212,85,392,212,22860,0.039,12.683278975018766,87240,/home/amos/media/tv/For.All.Mankind.S01-S03.1080p.WEBRip.x265-RARBG/For.All.Mankind.S03.1080p.WEBRip.x265-RARBG/For.All.Mankind.S03E02.1080p.WEBRip.x265-RARBG.mp4,3,2,7772588,
2604,540,1080,1,169,252,838,169,55527,0.095,5.855085090675857,87240,/home/amos/media/tv/For.All.Mankind.S01-S03.1080p.WEBRip.x265-RARBG/For.All.Mankind.S03.1080p.WEBRip.x265-RARBG/For.All.Mankind.S03E02.1080p.WEBRip.x265-RARBG.mp4,3,2,7772588,
2605,540,1080,0,204,85,398,204,23086,0.04,13.132076999056151,87264,/home/amos/media/tv/For.All.Mankind.S01-S03.1080p.WEBRip.x265-RARBG/For.All.Mankind.S03.1080p.WEBRip.x265-RARBG/For.All.Mankind.S03E02.1080p.WEBRip.x265-RARBG.mp4,3,2,7772588,
2606,540,1080,1,167,252,841,167,57290,0.098,4.530002125480678,87264,/home/amos/media/tv/For.All.Mankind.S01-S03.1080p.WEBRip.x265-RARBG/For.All.Mankind.S03.1080p.WEBRip.x265-RARBG/For.All.Mankind.S03E02.1080p.WEBRip.x265-RARBG.mp4,3,2,7772588,
2607,540,1080,0,195,91,402,195,21528,0.037,14.206109967955854,87288,/home/amos/media/tv/For.All.Mankind.S01-S03.1080p.WEBRip.x265-RARBG/For.All.Mankind.S03.1080p.WEBRip.x265-RARBG/For.All.Mankind.S03E02.1080p.WEBRip.x265-RARBG.mp4,3,2,7772588,
2608,540,1080,1,162,255,839,162,62961,0.108,5.0962141111376695,87288,/home/amos/media/tv/For.All.Mankind.S01-S03.1080p.WEBRip.x265-RARBG/For.All.Mankind.S03.1080p.WEBRip.x265-RARBG/For.All.Mankind.S03E02.1080p.WEBRip.x265-RARBG.mp4,3,2,7772588,
2609,540,1080,0,94,104,330,94,2360,0.004,3.622170073154848,87312,/home/amos/media/tv/For.All.Mankind.S01-S03.1080p.WEBRip.x265-RARBG/For.All.Mankind.S03.1080p.WEBRip.x265-RARBG/For.All.Mankind.S03E02.1080p.WEBRip.x265-RARBG.mp4,3,2,7772588,
2610,540,1080,1,111,126,871,111,11400,0.02,12.016173012030777,87312,/home/amos/media/tv/For.All.Mankind.S01-S03.1080p.WEBRip.x265-RARBG/For.All.Mankind.S03.1080p.WEBRip.x265-RARBG/For.All.Mankind.S03E02.1080p.WEBRip.x265-RARBG.mp4,3,2,7772588,
2611,540,1080,2,91,421,541,91,148500,0.255,2.7030849959119223,87312,/home/amos/media/tv/For.All.Mankind.S01-S03.1080p.WEBRip.x265-RARBG/For.All.Mankind.S03.1080p.WEBRip.x265-RARBG/For.All.Mankind.S03E02.1080p.WEBRip.x265-RARBG.mp4,3,2,7772588,
2612,540,1080,0,162,53,425,162,28667,0.049,3.094642008014489,87408,/home/amos/media/tv/For.All.Mankind.S01-S03.1080p.WEBRip.x265-RARBG/For.All.Mankind.S03.1080p.WEBRip.x265-RARBG/For.All.Mankind.S03E02.1080p.WEBRip.x265-RARBG.mp4,3,2,7772588,
2613,540,1080,0,276,88,10,276,50008,0.086,6.688669081660919,87528,/home/amos/media/tv/For.All.Mankind.S01-S03.1080p.WEBRip.x265-RARBG/For.All.Mankind.S03.1080p.WEBRip.x265-RARBG/For.All.Mankind.S03E02.1080p.WEBRip.x265-RARBG.mp4,3,2,7772588,
2614,540,1080,0,269,71,226,269,8514,0.015,6.331407988851424,87552,/home/amos/media/tv/For.All.Mankind.S01-S03.1080p.WEBRip.x265-RARBG/For.All.Mankind.S03.1080p.WEBRip.x265-RARBG/For.All.Mankind.S03E02.1080p.WEBRip.x265-RARBG.mp4,3,2,7772588,
2615,540,1080,0,242,76,363,242,20086,0.034,6.037833983951714,87576,/home/amos/media/tv/For.All.Mankind.S01-S03.1080p.WEBRip.x265-RARBG/For.All.Mankind.S03.1080p.WEBRip.x265-RARBG/For.All.Mankind.S03E02.1080p.WEBRip.x265-RARBG.mp4,3,2,7772588,
2616,540,1080,0,233,74,377,233,22896,0.039,6.884546033048537,87600,/home/amos/media/tv/For.All.Mankind.S01-S03.1080p.WEBRip.x265-RARBG/For.All.Mankind.S03.1080p.WEBRip.x265-RARBG/For.All.Mankind.S03E02.1080p.WEBRip.x265-RARBG.mp4,3,2,7772588,
2617,540,1080,0,209,78,413,209,26724,0.046,4.934414072835352,87624,/home/amos/media/tv/For.All.Mankind.S01-S03.1080p.WEBRip.x265-RARBG/For.All.Mankind.S03.1080p.WEBRip.x265-RARBG/For.All.Mankind.S03E02.1080p.WEBRip.x265-RARBG.mp4,3,2,7772588,
