,img_height,img_width,face_num,x1,x2,y1,y2,area,pct_of_frame,embedding,confidence,frame_num,video_src0,1080,1920,0,130,498,1377,130,458896,0.221,"[[[0.24313726 0.17254902 0.10588235]  [0.23137255 0.16078432 0.09803922]  [0.21176471 0.14509805 0.08235294]  ...  [0.23529412 0.15294118 0.07843138]  [0.22352941 0.14509805 0.07843138]  [0.21568628 0.14117648 0.07843138]] [[0.24313726 0.16862746 0.10196079]  [0.23137255 0.16078432 0.09803922]  [0.21568628 0.14901961 0.08627451]  ...  [0.23529412 0.15294118 0.08235294]  [0.22745098 0.14901961 0.07843138]  [0.21960784 0.14509805 0.07843138]] [[0.23921569 0.16862746 0.10196079]  [0.23137255 0.16078432 0.09803922]  [0.21960784 0.15294118 0.09019608]  ...  [0.23921569 0.16078432 0.08627451]  [0.23137255 0.15294118 0.07843138]  [0.22352941 0.14901961 0.07843138]] ... [[0.2509804  0.15686275 0.08235294]  [0.24705882 0.16078432 0.09019608]  [0.24313726 0.16862746 0.10196079]  ...  [0.2901961  0.1882353  0.12156863]  [0.2784314  0.18039216 0.11764706]  [0.27450982 0.18039216 0.11372549]] [[0.2509804  0.15686275 0.07843138]  [0.24705882 0.16078432 0.08627451]  [0.24313726 0.16862746 0.10196079]  ...  [0.28627452 0.18431373 0.11764706]  [0.27450982 0.1764706  0.10980392]  [0.26666668 0.16862746 0.10196079]] [[0.2509804  0.15686275 0.07843138]  [0.24705882 0.16078432 0.08627451]  [0.24313726 0.16862746 0.10196079]  ...  [0.28627452 0.18431373 0.11764706]  [0.27058825 0.17254902 0.10588235]  [0.2627451  0.16470589 0.09803922]]]",4.375806919590104,144,/home/amos/media/tv/Carnivale S01-S02 web 10bit hevc-d3g/Carnivale S02/Carnivale.S02E10.1080p.WEBRip.10Bit.EAC3.H265-d3g.mkv1,1080,1920,0,29,539,1272,29,633930,0.306,"[[[0.07058824 0.06666667 0.05882353]  [0.07058824 0.06666667 0.05882353]  [0.07058824 0.06666667 0.05882353]  ...  [0.00392157 0.03921569 0.06666667]  [0.00392157 0.03921569 0.06666667]  [0.00392157 0.03921569 0.06666667]] [[0.07058824 0.06666667 0.05882353]  [0.07058824 0.06666667 0.05882353]  [0.07058824 0.06666667 0.05882353]  ...  [0.00392157 0.03921569 0.06666667]  [0.00392157 0.03921569 0.06666667]  [0.00392157 0.03921569 0.06666667]] [[0.07058824 0.06666667 0.05882353]  [0.07058824 0.06666667 0.05882353]  [0.07058824 0.06666667 0.05882353]  ...  [0.00392157 0.03921569 0.06666667]  [0.00392157 0.03921569 0.06666667]  [0.00392157 0.03921569 0.06666667]] ... [[0.07058824 0.06666667 0.02352941]  [0.07058824 0.06666667 0.02352941]  [0.07058824 0.06666667 0.02352941]  ...  [0.1764706  0.10588235 0.06666667]  [0.1764706  0.10588235 0.06666667]  [0.1764706  0.10588235 0.06666667]] [[0.07058824 0.06666667 0.02352941]  [0.07058824 0.06666667 0.02352941]  [0.07058824 0.06666667 0.02352941]  ...  [0.1764706  0.10588235 0.06666667]  [0.1764706  0.10588235 0.06666667]  [0.1764706  0.10588235 0.06666667]] [[0.07058824 0.06666667 0.02352941]  [0.07058824 0.06666667 0.02352941]  [0.07058824 0.06666667 0.02352941]  ...  [0.1764706  0.10588235 0.06666667]  [0.1764706  0.10588235 0.06666667]  [0.1764706  0.10588235 0.06666667]]]",6.120782062353101,168,/home/amos/media/tv/Carnivale S01-S02 web 10bit hevc-d3g/Carnivale S02/Carnivale.S02E10.1080p.WEBRip.10Bit.EAC3.H265-d3g.mkv2,1080,1920,1,95,650,1157,95,589410,0.284,"[[[0.7176471  0.5803922  0.4392157 ]  [0.7176471  0.5803922  0.44313726]  [0.7254902  0.58431375 0.45490196]  ...  [0.70980394 0.5411765  0.36862746]  [0.7058824  0.5372549  0.3647059 ]  [0.         0.         0.        ]] [[0.7176471  0.5803922  0.4392157 ]  [0.72156864 0.5803922  0.44313726]  [0.7254902  0.5882353  0.45490196]  ...  [0.70980394 0.5411765  0.36862746]  [0.7058824  0.5372549  0.3647059 ]  [0.         0.         0.        ]] [[0.7176471  0.5803922  0.4392157 ]  [0.7176471  0.5803922  0.44313726]  [0.7254902  0.5882353  0.45490196]  ...  [0.70980394 0.5411765  0.36862746]  [0.70980394 0.5372549  0.3647059 ]  [0.         0.         0.        ]] ... [[0.63529414 0.49803922 0.33333334]  [0.63529414 0.49803922 0.33333334]  [0.63529414 0.49803922 0.33333334]  ...  [0.7019608  0.57254905 0.39607844]  [0.7019608  0.57254905 0.39607844]  [0.         0.         0.        ]] [[0.63529414 0.49803922 0.33333334]  [0.63529414 0.49803922 0.33333334]  [0.63529414 0.49803922 0.33333334]  ...  [0.7019608  0.57254905 0.39607844]  [0.7019608  0.57254905 0.39607844]  [0.         0.         0.        ]] [[0.         0.         0.        ]  [0.         0.         0.        ]  [0.         0.         0.        ]  ...  [0.         0.         0.        ]  [0.         0.         0.        ]  [0.         0.         0.        ]]]",3.447202085459139,168,/home/amos/media/tv/Carnivale S01-S02 web 10bit hevc-d3g/Carnivale S02/Carnivale.S02E10.1080p.WEBRip.10Bit.EAC3.H265-d3g.mkv3,1080,1920,2,166,571,1543,166,557685,0.269,"[[[0.2        0.10196079 0.03137255]  [0.1882353  0.09411765 0.02745098]  [0.18431373 0.09019608 0.02352941]  ...  [0.20392157 0.10980392 0.04313726]  [0.20392157 0.10980392 0.04705882]  [0.         0.         0.        ]] [[0.20392157 0.10196079 0.03529412]  [0.19607843 0.10196079 0.03137255]  [0.19215687 0.09803922 0.03137255]  ...  [0.20392157 0.10588235 0.04313726]  [0.2        0.10588235 0.04313726]  [0.         0.         0.        ]] [[0.21176471 0.10980392 0.04313726]  [0.20392157 0.10588235 0.03921569]  [0.2        0.10588235 0.03921569]  ...  [0.2        0.10196079 0.03921569]  [0.19607843 0.10196079 0.04313726]  [0.         0.         0.        ]] ... [[0.30980393 0.16862746 0.07843138]  [0.29803923 0.15686275 0.07450981]  [0.28627452 0.14901961 0.06666667]  ...  [0.2        0.08235294 0.01960784]  [0.20392157 0.08627451 0.02352941]  [0.         0.         0.        ]] [[0.30588236 0.16470589 0.07450981]  [0.29411766 0.15294118 0.07058824]  [0.28235295 0.14509805 0.0627451 ]  ...  [0.2        0.07843138 0.01568628]  [0.2        0.08235294 0.01960784]  [0.         0.         0.        ]] [[0.         0.         0.        ]  [0.         0.         0.        ]  [0.         0.         0.        ]  ...  [0.         0.         0.        ]  [0.         0.         0.        ]  [0.         0.         0.        ]]]",4.488648016646039,168,/home/amos/media/tv/Carnivale S01-S02 web 10bit hevc-d3g/Carnivale S02/Carnivale.S02E10.1080p.WEBRip.10Bit.EAC3.H265-d3g.mkv4,1080,1920,0,109,248,1230,109,155819,0.075,"[[[0.01960784 0.05490196 0.05490196]  [0.01960784 0.05490196 0.05490196]  [0.01960784 0.05490196 0.05490196]  ...  [0.02745098 0.05882353 0.04705882]  [0.02745098 0.05490196 0.03921569]  [0.02745098 0.05490196 0.03529412]] [[0.01960784 0.05490196 0.05490196]  [0.01960784 0.05490196 0.05490196]  [0.01960784 0.05490196 0.05490196]  ...  [0.03137255 0.05882353 0.04705882]  [0.03137255 0.05882353 0.03921569]  [0.03137255 0.05882353 0.03921569]] [[0.01960784 0.05490196 0.05490196]  [0.01960784 0.05490196 0.05490196]  [0.01960784 0.05490196 0.05490196]  ...  [0.03921569 0.06666667 0.05098039]  [0.03921569 0.06666667 0.04705882]  [0.03921569 0.06666667 0.04313726]] ... [[0.6745098  0.32156864 0.13725491]  [0.6784314  0.32941177 0.14117648]  [0.6901961  0.34117648 0.15686275]  ...  [0.16078432 0.05098039 0.03137255]  [0.14901961 0.04313726 0.02352941]  [0.14509805 0.03921569 0.02352941]] [[0.70980394 0.35686275 0.17254902]  [0.7176471  0.3647059  0.1764706 ]  [0.73333335 0.38039216 0.19215687]  ...  [0.12156863 0.04705882 0.04313726]  [0.12156863 0.04705882 0.04313726]  [0.12156863 0.04313726 0.04313726]] [[0.7294118  0.3764706  0.1882353 ]  [0.7372549  0.38431373 0.19607843]  [0.7490196  0.4        0.21176471]  ...  [0.10196079 0.04313726 0.04705882]  [0.10980392 0.04705882 0.05098039]  [0.11372549 0.04705882 0.05098039]]]",1.6590210210415535,192,/home/amos/media/tv/Carnivale S01-S02 web 10bit hevc-d3g/Carnivale S02/Carnivale.S02E10.1080p.WEBRip.10Bit.EAC3.H265-d3g.mkv5,1080,1920,1,42,630,1389,42,792036,0.382,"[[[0.02352941 0.07450981 0.05098039]  [0.02352941 0.07450981 0.05098039]  [0.02352941 0.07450981 0.05098039]  ...  [0.01176471 0.04313726 0.03137255]  [0.01176471 0.04313726 0.03137255]  [0.01176471 0.04313726 0.03137255]] [[0.02352941 0.07450981 0.05098039]  [0.02352941 0.07450981 0.05098039]  [0.02352941 0.07450981 0.05098039]  ...  [0.01176471 0.04313726 0.03137255]  [0.01176471 0.04313726 0.03137255]  [0.01176471 0.04313726 0.03137255]] [[0.02352941 0.07450981 0.05098039]  [0.02352941 0.07450981 0.05098039]  [0.02352941 0.07450981 0.05098039]  ...  [0.01176471 0.04313726 0.03137255]  [0.01176471 0.04313726 0.03137255]  [0.01176471 0.04313726 0.03137255]] ... [[0.10588235 0.1254902  0.10980392]  [0.10588235 0.1254902  0.10980392]  [0.10588235 0.1254902  0.10980392]  ...  [0.31764707 0.17254902 0.14117648]  [0.31764707 0.17254902 0.14117648]  [0.31764707 0.17254902 0.14117648]] [[0.10588235 0.1254902  0.10980392]  [0.10588235 0.1254902  0.10980392]  [0.10588235 0.1254902  0.10980392]  ...  [0.31764707 0.17254902 0.14117648]  [0.31764707 0.17254902 0.14117648]  [0.31764707 0.17254902 0.14117648]] [[0.10588235 0.1254902  0.10980392]  [0.10588235 0.1254902  0.10980392]  [0.10588235 0.1254902  0.10980392]  ...  [0.31764707 0.17254902 0.14117648]  [0.31764707 0.17254902 0.14117648]  [0.31764707 0.17254902 0.14117648]]]",7.218258141248953,192,/home/amos/media/tv/Carnivale S01-S02 web 10bit hevc-d3g/Carnivale S02/Carnivale.S02E10.1080p.WEBRip.10Bit.EAC3.H265-d3g.mkv6,1080,1920,0,166,138,1414,166,34944,0.017,"[[[0.         0.02745098 0.01568628]  [0.         0.02745098 0.01568628]  [0.         0.02745098 0.01568628]  ...  [0.         0.00784314 0.        ]  [0.         0.01176471 0.        ]  [0.         0.         0.        ]] [[0.         0.02352941 0.01176471]  [0.         0.02745098 0.01568628]  [0.         0.02745098 0.01568628]  ...  [0.         0.00392157 0.        ]  [0.         0.00784314 0.        ]  [0.         0.         0.        ]] [[0.         0.02352941 0.01176471]  [0.         0.02352941 0.01176471]  [0.         0.02352941 0.01568628]  ...  [0.         0.         0.        ]  [0.         0.00392157 0.        ]  [0.         0.         0.        ]] ... [[0.70980394 0.28627452 0.14117648]  [0.69803923 0.27450982 0.1254902 ]  [0.6666667  0.2627451  0.12156863]  ...  [0.6392157  0.28235295 0.06666667]  [0.6431373  0.28235295 0.06666667]  [0.         0.         0.        ]] [[0.7137255  0.28235295 0.12941177]  [0.7019608  0.27058825 0.11764706]  [0.6745098  0.2627451  0.11372549]  ...  [0.6627451  0.29411766 0.07058824]  [0.65882355 0.2901961  0.06666667]  [0.         0.         0.        ]] [[0.         0.         0.        ]  [0.         0.         0.        ]  [0.         0.         0.        ]  ...  [0.         0.         0.        ]  [0.         0.         0.        ]  [0.         0.         0.        ]]]",4.1360771268373355,216,/home/amos/media/tv/Carnivale S01-S02 web 10bit hevc-d3g/Carnivale S02/Carnivale.S02E10.1080p.WEBRip.10Bit.EAC3.H265-d3g.mkv7,1080,1920,1,63,288,1584,63,342225,0.165,"[[[0.6627451  0.29803923 0.08627451]  [0.6627451  0.29803923 0.08627451]  [0.65882355 0.29411766 0.08235294]  ...  [0.         0.         0.        ]  [0.         0.         0.        ]  [0.         0.         0.        ]] [[0.6627451  0.29803923 0.08627451]  [0.6627451  0.29803923 0.08627451]  [0.65882355 0.29411766 0.08235294]  ...  [0.         0.         0.        ]  [0.         0.         0.        ]  [0.         0.         0.        ]] [[0.65882355 0.29411766 0.08235294]  [0.65882355 0.29411766 0.08235294]  [0.654902   0.2901961  0.07843138]  ...  [0.         0.         0.        ]  [0.         0.         0.        ]  [0.         0.         0.        ]] ... [[0.23529412 0.11372549 0.07058824]  [0.23529412 0.11372549 0.07058824]  [0.24313726 0.12156863 0.07843138]  ...  [0.         0.01960784 0.01568628]  [0.         0.01960784 0.01568628]  [0.         0.01960784 0.01568628]] [[0.23529412 0.11372549 0.07058824]  [0.23529412 0.11372549 0.07058824]  [0.24313726 0.12156863 0.07843138]  ...  [0.         0.01960784 0.01568628]  [0.         0.01960784 0.01568628]  [0.         0.01960784 0.01568628]] [[0.23529412 0.11372549 0.07058824]  [0.23529412 0.11372549 0.07058824]  [0.24313726 0.12156863 0.07843138]  ...  [0.         0.01960784 0.01568628]  [0.         0.01960784 0.01568628]  [0.         0.01960784 0.01568628]]]",4.8669710456742905,216,/home/amos/media/tv/Carnivale S01-S02 web 10bit hevc-d3g/Carnivale S02/Carnivale.S02E10.1080p.WEBRip.10Bit.EAC3.H265-d3g.mkv8,1080,1920,2,86,557,1779,86,797403,0.385,"[[[0.         0.         0.        ]  [0.         0.         0.        ]  [0.         0.         0.        ]  ...  [0.12156863 0.03137255 0.        ]  [0.12156863 0.03137255 0.        ]  [0.12156863 0.03137255 0.        ]] [[0.         0.         0.        ]  [0.         0.         0.        ]  [0.         0.         0.        ]  ...  [0.12941177 0.03921569 0.00784314]  [0.12941177 0.03921569 0.00392157]  [0.12941177 0.03921569 0.00392157]] [[0.         0.         0.        ]  [0.         0.         0.        ]  [0.         0.         0.        ]  ...  [0.16470589 0.07450981 0.03529412]  [0.16470589 0.07450981 0.03529412]  [0.16470589 0.07450981 0.03529412]] ... [[0.5254902  0.40392157 0.23137255]  [0.5254902  0.40392157 0.23137255]  [0.52156866 0.40784314 0.23529412]  ...  [0.32156864 0.22745098 0.09803922]  [0.32156864 0.22745098 0.09803922]  [0.32156864 0.22352941 0.09803922]] [[0.5254902  0.40784314 0.23529412]  [0.5254902  0.40784314 0.23529412]  [0.5254902  0.4117647  0.23529412]  ...  [0.32156864 0.22745098 0.09803922]  [0.32156864 0.22745098 0.09803922]  [0.32156864 0.22745098 0.09803922]] [[0.5254902  0.40784314 0.23529412]  [0.5254902  0.40784314 0.23529412]  [0.5254902  0.4117647  0.23529412]  ...  [0.32156864 0.22745098 0.09803922]  [0.32156864 0.22745098 0.09803922]  [0.32156864 0.22745098 0.09803922]]]",3.064095100213308,216,/home/amos/media/tv/Carnivale S01-S02 web 10bit hevc-d3g/Carnivale S02/Carnivale.S02E10.1080p.WEBRip.10Bit.EAC3.H265-d3g.mkv9,1080,1920,3,65,769,1619,65,1094016,0.528,"[[[0.         0.03921569 0.        ]  [0.         0.03921569 0.        ]  [0.         0.03921569 0.        ]  ...  [0.         0.         0.        ]  [0.         0.         0.        ]  [0.         0.         0.        ]] [[0.         0.03921569 0.        ]  [0.         0.03921569 0.        ]  [0.         0.03921569 0.00392157]  ...  [0.         0.         0.        ]  [0.         0.         0.        ]  [0.         0.         0.        ]] [[0.         0.03921569 0.        ]  [0.         0.03921569 0.        ]  [0.         0.03921569 0.00392157]  ...  [0.         0.         0.        ]  [0.         0.         0.        ]  [0.         0.         0.        ]] ... [[0.41568628 0.29803923 0.14901961]  [0.41568628 0.29803923 0.14901961]  [0.43529412 0.3019608  0.14117648]  ...  [0.09411765 0.07058824 0.01960784]  [0.09803922 0.07450981 0.02352941]  [0.09803922 0.07450981 0.02352941]] [[0.42745098 0.3019608  0.14901961]  [0.42745098 0.3019608  0.14901961]  [0.44705883 0.30588236 0.14117648]  ...  [0.10588235 0.07450981 0.02352941]  [0.10980392 0.07843138 0.02745098]  [0.10980392 0.07843138 0.02745098]] [[0.42745098 0.3019608  0.14901961]  [0.42745098 0.3019608  0.14901961]  [0.44705883 0.30588236 0.14117648]  ...  [0.10588235 0.07450981 0.02352941]  [0.10980392 0.07843138 0.02745098]  [0.10980392 0.07843138 0.02745098]]]",5.76282311079558,216,/home/amos/media/tv/Carnivale S01-S02 web 10bit hevc-d3g/Carnivale S02/Carnivale.S02E10.1080p.WEBRip.10Bit.EAC3.H265-d3g.mkv10,1080,1920,0,64,424,1244,64,424800,0.205,"[[[0.3764706  0.3372549  0.26666668]  [0.3764706  0.3372549  0.26666668]  [0.38039216 0.34117648 0.27058825]  ...  [0.58431375 0.48235294 0.32941177]  [0.5803922  0.47843137 0.3254902 ]  [0.5803922  0.47843137 0.3254902 ]] [[0.3764706  0.3372549  0.26666668]  [0.3764706  0.3372549  0.26666668]  [0.38039216 0.34117648 0.27058825]  ...  [0.58431375 0.47843137 0.3254902 ]  [0.5803922  0.47843137 0.3254902 ]  [0.5803922  0.47843137 0.3254902 ]] [[0.36862746 0.33333334 0.25882354]  [0.36862746 0.33333334 0.25882354]  [0.3764706  0.3372549  0.2627451 ]  ...  [0.58431375 0.48235294 0.3254902 ]  [0.5803922  0.47843137 0.3254902 ]  [0.5803922  0.47843137 0.3254902 ]] ... [[0.2509804  0.22352941 0.16078432]  [0.2509804  0.22352941 0.16078432]  [0.24313726 0.21568628 0.15294118]  ...  [0.2        0.13725491 0.07450981]  [0.20392157 0.13725491 0.07450981]  [0.20392157 0.13725491 0.07450981]] [[0.2509804  0.22352941 0.16078432]  [0.2509804  0.22352941 0.16078432]  [0.24313726 0.21568628 0.15294118]  ...  [0.19607843 0.13333334 0.07058824]  [0.2        0.13725491 0.07450981]  [0.2        0.13725491 0.07450981]] [[0.2509804  0.22352941 0.16078432]  [0.2509804  0.22352941 0.16078432]  [0.24313726 0.21568628 0.15294118]  ...  [0.2        0.13333334 0.07058824]  [0.2        0.13725491 0.07450981]  [0.2        0.13725491 0.07450981]]]",2.225859036145266,288,/home/amos/media/tv/Carnivale S01-S02 web 10bit hevc-d3g/Carnivale S02/Carnivale.S02E10.1080p.WEBRip.10Bit.EAC3.H265-d3g.mkv11,1080,1920,1,80,705,1372,80,807500,0.389,"[[[0.34901962 0.38039216 0.3529412 ]  [0.34901962 0.38039216 0.3529412 ]  [0.34509805 0.38039216 0.3529412 ]  ...  [0.07450981 0.06666667 0.01568628]  [0.07058824 0.0627451  0.01176471]  [0.07058824 0.0627451  0.01176471]] [[0.34901962 0.38039216 0.3529412 ]  [0.34901962 0.38039216 0.3529412 ]  [0.34509805 0.3764706  0.34901962]  ...  [0.07450981 0.06666667 0.01568628]  [0.07058824 0.0627451  0.01176471]  [0.07058824 0.0627451  0.01176471]] [[0.34901962 0.38039216 0.3529412 ]  [0.34901962 0.38039216 0.3529412 ]  [0.34901962 0.38039216 0.3529412 ]  ...  [0.08235294 0.07450981 0.01960784]  [0.08235294 0.07058824 0.01960784]  [0.08235294 0.07058824 0.01960784]] ... [[0.23137255 0.26666668 0.22745098]  [0.23137255 0.26666668 0.22745098]  [0.22745098 0.2627451  0.22352941]  ...  [0.2509804  0.20784314 0.10980392]  [0.24705882 0.20392157 0.10588235]  [0.24705882 0.20392157 0.10588235]] [[0.23137255 0.26666668 0.22745098]  [0.23137255 0.26666668 0.22745098]  [0.23137255 0.2627451  0.22745098]  ...  [0.24705882 0.2        0.10588235]  [0.24313726 0.19607843 0.10196079]  [0.24313726 0.19607843 0.10196079]] [[0.23137255 0.26666668 0.22745098]  [0.23137255 0.26666668 0.22745098]  [0.23137255 0.2627451  0.22745098]  ...  [0.24705882 0.2        0.10588235]  [0.24313726 0.19607843 0.10196079]  [0.24313726 0.19607843 0.10196079]]]",3.359221125894692,288,/home/amos/media/tv/Carnivale S01-S02 web 10bit hevc-d3g/Carnivale S02/Carnivale.S02E10.1080p.WEBRip.10Bit.EAC3.H265-d3g.mkv12,1080,1920,0,48,748,447,48,279300,0.135,"[[[0.5411765  0.54901963 0.4509804 ]  [0.5411765  0.54901963 0.4509804 ]  [0.5411765  0.54901963 0.4509804 ]  ...  [0.72156864 0.6627451  0.54901963]  [0.72156864 0.6627451  0.54901963]  [0.72156864 0.6627451  0.54901963]] [[0.5411765  0.54901963 0.4509804 ]  [0.5411765  0.54901963 0.4509804 ]  [0.54509807 0.54901963 0.4509804 ]  ...  [0.72156864 0.6627451  0.54901963]  [0.72156864 0.6627451  0.54901963]  [0.72156864 0.6627451  0.54901963]] [[0.5411765  0.54901963 0.4509804 ]  [0.5411765  0.54901963 0.4509804 ]  [0.5411765  0.54901963 0.4509804 ]  ...  [0.72156864 0.6627451  0.54901963]  [0.72156864 0.6627451  0.54901963]  [0.72156864 0.6627451  0.54901963]] ... [[0.6745098  0.6392157  0.5568628 ]  [0.6745098  0.6392157  0.5568628 ]  [0.6784314  0.6392157  0.5568628 ]  ...  [0.6156863  0.58431375 0.4745098 ]  [0.6156863  0.58431375 0.4745098 ]  [0.6156863  0.58431375 0.4745098 ]] [[0.6745098  0.6392157  0.5568628 ]  [0.6745098  0.6392157  0.5568628 ]  [0.6784314  0.6392157  0.5568628 ]  ...  [0.6156863  0.58431375 0.4745098 ]  [0.6156863  0.58431375 0.4745098 ]  [0.6156863  0.58431375 0.4745098 ]] [[0.6745098  0.6392157  0.5568628 ]  [0.6745098  0.6392157  0.5568628 ]  [0.6784314  0.6431373  0.5568628 ]  ...  [0.6156863  0.58431375 0.4745098 ]  [0.6156863  0.58431375 0.4745098 ]  [0.6156863  0.58431375 0.4745098 ]]]",2.631194035464432,408,/home/amos/media/tv/Carnivale S01-S02 web 10bit hevc-d3g/Carnivale S02/Carnivale.S02E10.1080p.WEBRip.10Bit.EAC3.H265-d3g.mkv13,1080,1920,0,220,849,211,220,5661,0.003,"[[[0.49803922 0.46666667 0.3882353 ]  [0.5058824  0.4745098  0.4       ]  [0.5176471  0.4862745  0.4117647 ]  ...  [0.42352942 0.4117647  0.3529412 ]  [0.42745098 0.41568628 0.35686275]  [0.         0.         0.        ]] [[0.49019608 0.45882353 0.38039216]  [0.49019608 0.45882353 0.38431373]  [0.49411765 0.4627451  0.3882353 ]  ...  [0.41960785 0.40784314 0.34901962]  [0.42352942 0.4117647  0.3529412 ]  [0.         0.         0.        ]] [[0.4627451  0.43137255 0.35686275]  [0.4627451  0.43137255 0.35686275]  [0.46666667 0.43529412 0.36078432]  ...  [0.42745098 0.41568628 0.35686275]  [0.43529412 0.42352942 0.3647059 ]  [0.         0.         0.        ]] ... [[0.9254902  0.87058824 0.7372549 ]  [0.91764706 0.8627451  0.7294118 ]  [0.9137255  0.85882354 0.7254902 ]  ...  [0.9843137  0.94509804 0.80784315]  [0.9764706  0.9411765  0.8039216 ]  [0.         0.         0.        ]] [[0.92156863 0.8666667  0.73333335]  [0.9137255  0.85882354 0.7254902 ]  [0.90588236 0.8509804  0.7176471 ]  ...  [0.98039216 0.9411765  0.8039216 ]  [0.9764706  0.9411765  0.8039216 ]  [0.         0.         0.        ]] [[0.         0.         0.        ]  [0.         0.         0.        ]  [0.         0.         0.        ]  ...  [0.         0.         0.        ]  [0.         0.         0.        ]  [0.         0.         0.        ]]]",6.029817041999195,432,/home/amos/media/tv/Carnivale S01-S02 web 10bit hevc-d3g/Carnivale S02/Carnivale.S02E10.1080p.WEBRip.10Bit.EAC3.H265-d3g.mkv14,1080,1920,0,50,519,1326,50,598444,0.289,"[[[0.1882353  0.18039216 0.09803922]  [0.1882353  0.18039216 0.09803922]  [0.1882353  0.18039216 0.09803922]  ...  [0.16862746 0.21568628 0.14901961]  [0.16470589 0.21176471 0.14509805]  [0.16470589 0.21176471 0.14509805]] [[0.1882353  0.18039216 0.09803922]  [0.1882353  0.18039216 0.09803922]  [0.1882353  0.18039216 0.09803922]  ...  [0.16862746 0.21568628 0.14901961]  [0.16470589 0.21176471 0.14509805]  [0.16470589 0.21176471 0.14509805]] [[0.1882353  0.18039216 0.09803922]  [0.1882353  0.18039216 0.09803922]  [0.1882353  0.18039216 0.09803922]  ...  [0.17254902 0.21568628 0.14901961]  [0.16862746 0.21176471 0.14509805]  [0.16862746 0.21176471 0.14509805]] ... [[0.08627451 0.09019608 0.05882353]  [0.08627451 0.09019608 0.05882353]  [0.08627451 0.09019608 0.05882353]  ...  [0.6156863  0.61960787 0.5254902 ]  [0.6156863  0.61960787 0.5254902 ]  [0.6156863  0.61960787 0.5254902 ]] [[0.08627451 0.09019608 0.05882353]  [0.08627451 0.09019608 0.05882353]  [0.08627451 0.09019608 0.05882353]  ...  [0.6156863  0.61960787 0.5254902 ]  [0.6156863  0.61960787 0.5254902 ]  [0.6156863  0.61960787 0.5254902 ]] [[0.08627451 0.09019608 0.05882353]  [0.08627451 0.09019608 0.05882353]  [0.08627451 0.09019608 0.05882353]  ...  [0.6156863  0.6156863  0.5254902 ]  [0.6156863  0.61960787 0.5254902 ]  [0.6156863  0.61960787 0.5254902 ]]]",5.364372089912649,720,/home/amos/media/tv/Carnivale S01-S02 web 10bit hevc-d3g/Carnivale S02/Carnivale.S02E10.1080p.WEBRip.10Bit.EAC3.H265-d3g.mkv15,1080,1920,0,65,141,1524,65,110884,0.053,"[[[0.21568628 0.13725491 0.04313726]  [0.21568628 0.13725491 0.04313726]  [0.20784314 0.12941177 0.03529412]  ...  [0.02745098 0.03137255 0.        ]  [0.02745098 0.03137255 0.        ]  [0.02745098 0.03137255 0.        ]] [[0.21568628 0.13725491 0.04313726]  [0.21568628 0.13725491 0.04313726]  [0.20784314 0.12941177 0.03529412]  ...  [0.02745098 0.03137255 0.        ]  [0.02745098 0.03137255 0.        ]  [0.02745098 0.03137255 0.        ]] [[0.21568628 0.13725491 0.04313726]  [0.21568628 0.13725491 0.04313726]  [0.20784314 0.12941177 0.03137255]  ...  [0.02745098 0.03137255 0.        ]  [0.02745098 0.03137255 0.        ]  [0.02745098 0.03137255 0.        ]] ... [[0.21568628 0.16470589 0.08235294]  [0.21568628 0.16470589 0.08235294]  [0.21176471 0.15686275 0.07843138]  ...  [0.01176471 0.03137255 0.        ]  [0.01176471 0.03137255 0.        ]  [0.01176471 0.03137255 0.        ]] [[0.21960784 0.16470589 0.08235294]  [0.21960784 0.16470589 0.08235294]  [0.21568628 0.16078432 0.07843138]  ...  [0.01176471 0.03137255 0.        ]  [0.01176471 0.03137255 0.        ]  [0.01176471 0.03137255 0.        ]] [[0.21960784 0.16470589 0.08235294]  [0.21960784 0.16470589 0.08235294]  [0.21568628 0.16078432 0.07843138]  ...  [0.01176471 0.03137255 0.        ]  [0.01176471 0.03137255 0.        ]  [0.01176471 0.03137255 0.        ]]]",1.8342180901090614,744,/home/amos/media/tv/Carnivale S01-S02 web 10bit hevc-d3g/Carnivale S02/Carnivale.S02E10.1080p.WEBRip.10Bit.EAC3.H265-d3g.mkv16,1080,1920,1,55,298,1515,55,354780,0.171,"[[[0.5411765  0.4509804  0.34117648]  [0.5411765  0.4509804  0.34117648]  [0.5372549  0.44705883 0.3372549 ]  ...  [0.39607844 0.24705882 0.10980392]  [0.39607844 0.24705882 0.10980392]  [0.         0.         0.        ]] [[0.5411765  0.4509804  0.34117648]  [0.5411765  0.4509804  0.34117648]  [0.5372549  0.44705883 0.3372549 ]  ...  [0.39607844 0.24705882 0.10980392]  [0.39607844 0.24705882 0.10980392]  [0.         0.         0.        ]] [[0.5411765  0.4509804  0.34117648]  [0.5411765  0.4509804  0.34117648]  [0.5372549  0.44705883 0.3372549 ]  ...  [0.39607844 0.24705882 0.10980392]  [0.39607844 0.24705882 0.10980392]  [0.         0.         0.        ]] ... [[0.49803922 0.38431373 0.23921569]  [0.49803922 0.38431373 0.23921569]  [0.49411765 0.38039216 0.23529412]  ...  [0.5176471  0.40784314 0.2627451 ]  [0.5176471  0.40784314 0.2627451 ]  [0.         0.         0.        ]] [[0.49803922 0.38431373 0.23921569]  [0.49803922 0.38431373 0.23921569]  [0.49411765 0.38039216 0.23529412]  ...  [0.5176471  0.40784314 0.2627451 ]  [0.5176471  0.40784314 0.2627451 ]  [0.         0.         0.        ]] [[0.         0.         0.        ]  [0.         0.         0.        ]  [0.         0.         0.        ]  ...  [0.         0.         0.        ]  [0.         0.         0.        ]  [0.         0.         0.        ]]]",1.3411360200843774,744,/home/amos/media/tv/Carnivale S01-S02 web 10bit hevc-d3g/Carnivale S02/Carnivale.S02E10.1080p.WEBRip.10Bit.EAC3.H265-d3g.mkv17,1080,1920,2,59,442,422,59,139029,0.067,"[[[0.11764706 0.19215687 0.12941177]  [0.11764706 0.19215687 0.12941177]  [0.12156863 0.19607843 0.13333334]  ...  [0.03529412 0.03137255 0.03529412]  [0.03529412 0.03137255 0.03529412]  [0.03529412 0.03137255 0.03529412]] [[0.11764706 0.19215687 0.12941177]  [0.11764706 0.19215687 0.12941177]  [0.11764706 0.19215687 0.13333334]  ...  [0.03529412 0.03137255 0.03529412]  [0.03529412 0.03137255 0.03529412]  [0.03529412 0.03137255 0.03529412]] [[0.12156863 0.19607843 0.13333334]  [0.12156863 0.19607843 0.13333334]  [0.1254902  0.2        0.13725491]  ...  [0.03529412 0.03137255 0.03529412]  [0.03529412 0.03137255 0.03529412]  [0.03529412 0.03137255 0.03529412]] ... [[0.3254902  0.3529412  0.2627451 ]  [0.3254902  0.3529412  0.2627451 ]  [0.3254902  0.3529412  0.2627451 ]  ...  [0.4509804  0.47843137 0.3882353 ]  [0.4509804  0.47843137 0.3882353 ]  [0.4509804  0.47843137 0.3882353 ]] [[0.3254902  0.3529412  0.2627451 ]  [0.3254902  0.3529412  0.2627451 ]  [0.3254902  0.3529412  0.2627451 ]  ...  [0.4509804  0.47843137 0.3882353 ]  [0.4509804  0.47843137 0.3882353 ]  [0.4509804  0.47843137 0.3882353 ]] [[0.3254902  0.3529412  0.2627451 ]  [0.3254902  0.3529412  0.2627451 ]  [0.3254902  0.3529412  0.2627451 ]  ...  [0.4509804  0.47843137 0.3882353 ]  [0.4509804  0.47843137 0.3882353 ]  [0.4509804  0.47843137 0.3882353 ]]]",3.7767270977492444,744,/home/amos/media/tv/Carnivale S01-S02 web 10bit hevc-d3g/Carnivale S02/Carnivale.S02E10.1080p.WEBRip.10Bit.EAC3.H265-d3g.mkv18,1080,1920,3,210,414,1493,210,261732,0.126,"[[[0.5764706  0.44313726 0.2901961 ]  [0.5764706  0.44313726 0.2901961 ]  [0.5764706  0.44313726 0.2901961 ]  ...  [0.         0.00784314 0.00392157]  [0.         0.00784314 0.00392157]  [0.         0.00392157 0.        ]] [[0.5803922  0.44313726 0.28235295]  [0.5803922  0.44313726 0.28235295]  [0.5803922  0.44313726 0.28235295]  ...  [0.00392157 0.00784314 0.00392157]  [0.00392157 0.00784314 0.00392157]  [0.         0.00392157 0.        ]] [[0.5764706  0.43137255 0.27450982]  [0.5764706  0.43137255 0.27450982]  [0.5803922  0.43529412 0.2784314 ]  ...  [0.         0.00784314 0.00392157]  [0.         0.00784314 0.00392157]  [0.         0.00392157 0.        ]] ... [[0.5764706  0.4392157  0.2901961 ]  [0.5764706  0.43529412 0.28627452]  [0.57254905 0.43137255 0.28235295]  ...  [0.         0.         0.        ]  [0.         0.         0.        ]  [0.         0.         0.        ]] [[0.57254905 0.43529412 0.28627452]  [0.57254905 0.43137255 0.28235295]  [0.5686275  0.42745098 0.2784314 ]  ...  [0.         0.         0.        ]  [0.         0.         0.        ]  [0.         0.         0.        ]] [[0.57254905 0.43529412 0.28235295]  [0.57254905 0.43137255 0.2784314 ]  [0.5647059  0.42352942 0.27058825]  ...  [0.         0.         0.        ]  [0.         0.         0.        ]  [0.         0.         0.        ]]]",3.0292080533108674,744,/home/amos/media/tv/Carnivale S01-S02 web 10bit hevc-d3g/Carnivale S02/Carnivale.S02E10.1080p.WEBRip.10Bit.EAC3.H265-d3g.mkv19,1080,1920,0,59,267,1094,59,215280,0.104,"[[[0.23137255 0.16862746 0.10196079]  [0.23137255 0.16862746 0.10196079]  [0.22352941 0.16078432 0.09411765]  ...  [0.09411765 0.1254902  0.07843138]  [0.09411765 0.1254902  0.07843138]  [0.09411765 0.1254902  0.07843138]] [[0.23137255 0.16862746 0.10196079]  [0.23137255 0.16862746 0.10196079]  [0.22352941 0.16078432 0.09411765]  ...  [0.09411765 0.1254902  0.07843138]  [0.09411765 0.1254902  0.07843138]  [0.09411765 0.1254902  0.07843138]] [[0.23137255 0.16862746 0.10196079]  [0.23137255 0.16862746 0.10196079]  [0.22352941 0.16078432 0.09411765]  ...  [0.09411765 0.1254902  0.07843138]  [0.09411765 0.1254902  0.07843138]  [0.09411765 0.1254902  0.07843138]] ... [[0.21568628 0.16862746 0.08235294]  [0.21568628 0.16862746 0.08235294]  [0.21568628 0.17254902 0.08627451]  ...  [0.04705882 0.09411765 0.06666667]  [0.04705882 0.09411765 0.06666667]  [0.04705882 0.09411765 0.06666667]] [[0.21960784 0.17254902 0.08627451]  [0.21960784 0.17254902 0.08627451]  [0.21960784 0.17254902 0.09019608]  ...  [0.04705882 0.09411765 0.06666667]  [0.04705882 0.09411765 0.06666667]  [0.04705882 0.09411765 0.06666667]] [[0.21960784 0.17254902 0.08627451]  [0.21960784 0.17254902 0.08627451]  [0.22352941 0.17254902 0.09019608]  ...  [0.04705882 0.09411765 0.06666667]  [0.04705882 0.09411765 0.06666667]  [0.04705882 0.09411765 0.06666667]]]",2.27943811257137,768,/home/amos/media/tv/Carnivale S01-S02 web 10bit hevc-d3g/Carnivale S02/Carnivale.S02E10.1080p.WEBRip.10Bit.EAC3.H265-d3g.mkv20,1080,1920,1,63,342,1790,63,481833,0.232,"[[[0.03137255 0.         0.        ]  [0.03137255 0.         0.        ]  [0.03137255 0.         0.        ]  ...  [0.         0.         0.        ]  [0.         0.         0.        ]  [0.         0.         0.        ]] [[0.03137255 0.         0.        ]  [0.03137255 0.         0.        ]  [0.03137255 0.         0.        ]  ...  [0.         0.         0.        ]  [0.         0.         0.        ]  [0.         0.         0.        ]] [[0.03137255 0.         0.        ]  [0.03137255 0.         0.        ]  [0.03137255 0.         0.        ]  ...  [0.         0.         0.        ]  [0.         0.         0.        ]  [0.         0.         0.        ]] ... [[0.02352941 0.00392157 0.02745098]  [0.02352941 0.00392157 0.02745098]  [0.02352941 0.00392157 0.02745098]  ...  [0.4117647  0.3882353  0.29803923]  [0.4117647  0.3882353  0.3019608 ]  [0.4117647  0.3882353  0.3019608 ]] [[0.02352941 0.00392157 0.02745098]  [0.02352941 0.00392157 0.02745098]  [0.02352941 0.00392157 0.02745098]  ...  [0.4117647  0.3882353  0.29803923]  [0.4117647  0.3882353  0.3019608 ]  [0.4117647  0.3882353  0.3019608 ]] [[0.02352941 0.00392157 0.02745098]  [0.02352941 0.00392157 0.02745098]  [0.02352941 0.00392157 0.02745098]  ...  [0.4117647  0.3882353  0.29803923]  [0.4117647  0.3882353  0.3019608 ]  [0.4117647  0.3882353  0.3019608 ]]]",0.8091611351701431,768,/home/amos/media/tv/Carnivale S01-S02 web 10bit hevc-d3g/Carnivale S02/Carnivale.S02E10.1080p.WEBRip.10Bit.EAC3.H265-d3g.mkv21,1080,1920,2,196,514,1051,196,271890,0.131,"[[[0.6627451  0.53333336 0.3647059 ]  [0.6627451  0.5372549  0.3647059 ]  [0.6666667  0.5411765  0.36862746]  ...  [0.03137255 0.05882353 0.03529412]  [0.03137255 0.05882353 0.03529412]  [0.03137255 0.05882353 0.03529412]] [[0.6666667  0.5372549  0.36862746]  [0.6666667  0.5372549  0.36862746]  [0.6666667  0.5372549  0.36862746]  ...  [0.03137255 0.05882353 0.03529412]  [0.03137255 0.05882353 0.03529412]  [0.03137255 0.05882353 0.03529412]] [[0.67058825 0.5372549  0.36862746]  [0.6666667  0.5372549  0.36862746]  [0.6666667  0.5372549  0.36862746]  ...  [0.03137255 0.05882353 0.03529412]  [0.03137255 0.05882353 0.03529412]  [0.03137255 0.05882353 0.03529412]] ... [[0.65882355 0.5411765  0.36862746]  [0.6509804  0.5411765  0.36862746]  [0.6509804  0.54509807 0.37254903]  ...  [0.02352941 0.05098039 0.02745098]  [0.02352941 0.05098039 0.02745098]  [0.02352941 0.05098039 0.02745098]] [[0.65882355 0.5372549  0.3647059 ]  [0.6509804  0.5372549  0.3647059 ]  [0.6509804  0.5411765  0.36862746]  ...  [0.02352941 0.05098039 0.02745098]  [0.02352941 0.05098039 0.02745098]  [0.02352941 0.05098039 0.02745098]] [[0.65882355 0.5372549  0.3647059 ]  [0.64705884 0.53333336 0.36078432]  [0.6431373  0.53333336 0.36078432]  ...  [0.02352941 0.05098039 0.02745098]  [0.02352941 0.05098039 0.02745098]  [0.02352941 0.05098039 0.02745098]]]",4.383144102233928,768,/home/amos/media/tv/Carnivale S01-S02 web 10bit hevc-d3g/Carnivale S02/Carnivale.S02E10.1080p.WEBRip.10Bit.EAC3.H265-d3g.mkv22,1080,1920,3,52,563,94,52,21462,0.01,"[[[0.09803922 0.14509805 0.07843138]  [0.09803922 0.14509805 0.07843138]  [0.09803922 0.14509805 0.07843138]  ...  [0.         0.         0.        ]  [0.         0.         0.        ]  [0.         0.         0.        ]] [[0.09803922 0.14509805 0.07843138]  [0.09803922 0.14509805 0.07843138]  [0.09803922 0.14509805 0.07843138]  ...  [0.         0.         0.        ]  [0.         0.         0.        ]  [0.         0.         0.        ]] [[0.10196079 0.14901961 0.08235294]  [0.10196079 0.14901961 0.08235294]  [0.10588235 0.14901961 0.08235294]  ...  [0.         0.         0.        ]  [0.         0.         0.        ]  [0.         0.         0.        ]] ... [[0.32156864 0.34901962 0.2509804 ]  [0.32156864 0.34901962 0.2509804 ]  [0.32156864 0.34901962 0.2509804 ]  ...  [0.4627451  0.47058824 0.3647059 ]  [0.4627451  0.47058824 0.3647059 ]  [0.4627451  0.47058824 0.3647059 ]] [[0.32156864 0.34901962 0.2509804 ]  [0.32156864 0.34901962 0.2509804 ]  [0.32156864 0.34901962 0.2509804 ]  ...  [0.4627451  0.47058824 0.3647059 ]  [0.4627451  0.47058824 0.3647059 ]  [0.4627451  0.47058824 0.3647059 ]] [[0.32156864 0.34901962 0.2509804 ]  [0.32156864 0.34901962 0.2509804 ]  [0.32156864 0.34901962 0.2509804 ]  ...  [0.4627451  0.47058824 0.3647059 ]  [0.4627451  0.47058824 0.3647059 ]  [0.4627451  0.47058824 0.3647059 ]]]",3.320116017886903,768,/home/amos/media/tv/Carnivale S01-S02 web 10bit hevc-d3g/Carnivale S02/Carnivale.S02E10.1080p.WEBRip.10Bit.EAC3.H265-d3g.mkv23,1080,1920,0,68,277,842,68,161766,0.078,"[[[0.32156864 0.25490198 0.1764706 ]  [0.32156864 0.25490198 0.1764706 ]  [0.3019608  0.23529412 0.15686275]  ...  [0.09019608 0.1254902  0.08627451]  [0.09019608 0.1254902  0.08627451]  [0.09019608 0.1254902  0.08627451]] [[0.32156864 0.25490198 0.1764706 ]  [0.32156864 0.25490198 0.1764706 ]  [0.3019608  0.23529412 0.15686275]  ...  [0.09019608 0.1254902  0.08627451]  [0.09019608 0.1254902  0.08627451]  [0.09019608 0.1254902  0.08627451]] [[0.32156864 0.25490198 0.1764706 ]  [0.32156864 0.25490198 0.1764706 ]  [0.3019608  0.23529412 0.15686275]  ...  [0.09019608 0.12156863 0.08235294]  [0.08627451 0.12156863 0.08235294]  [0.08627451 0.12156863 0.08235294]] ... [[0.16078432 0.13725491 0.08235294]  [0.16078432 0.13725491 0.08235294]  [0.16862746 0.14509805 0.08627451]  ...  [0.04705882 0.09803922 0.08235294]  [0.04313726 0.09803922 0.07843138]  [0.04313726 0.09803922 0.07843138]] [[0.16862746 0.14509805 0.09019608]  [0.16862746 0.14509805 0.09019608]  [0.17254902 0.14901961 0.09411765]  ...  [0.04313726 0.09803922 0.07843138]  [0.04313726 0.09803922 0.07843138]  [0.04313726 0.09803922 0.07843138]] [[0.16862746 0.14509805 0.09019608]  [0.16862746 0.14509805 0.09019608]  [0.1764706  0.14901961 0.09803922]  ...  [0.04313726 0.09803922 0.07843138]  [0.04313726 0.09803922 0.07843138]  [0.04313726 0.09803922 0.07843138]]]",3.7515770387253724,792,/home/amos/media/tv/Carnivale S01-S02 web 10bit hevc-d3g/Carnivale S02/Carnivale.S02E10.1080p.WEBRip.10Bit.EAC3.H265-d3g.mkv24,1080,1920,1,50,368,876,50,262668,0.127,"[[[0.07450981 0.11372549 0.05098039]  [0.07450981 0.11372549 0.05098039]  [0.07450981 0.11372549 0.05098039]  ...  [0.3882353  0.39607844 0.29803923]  [0.3882353  0.39607844 0.29803923]  [0.3882353  0.39607844 0.29803923]] [[0.07450981 0.11372549 0.05098039]  [0.07450981 0.11372549 0.05098039]  [0.07450981 0.11372549 0.05098039]  ...  [0.3882353  0.39607844 0.29803923]  [0.3882353  0.39607844 0.29803923]  [0.3882353  0.39607844 0.29803923]] [[0.07450981 0.11372549 0.05098039]  [0.07450981 0.11372549 0.05098039]  [0.07450981 0.11372549 0.05098039]  ...  [0.38431373 0.39215687 0.29411766]  [0.38431373 0.39215687 0.29411766]  [0.38431373 0.39215687 0.29411766]] ... [[0.28627452 0.24313726 0.16470589]  [0.28627452 0.24313726 0.16470589]  [0.28627452 0.24313726 0.16078432]  ...  [0.5686275  0.40784314 0.27058825]  [0.5686275  0.40784314 0.27058825]  [0.5686275  0.40784314 0.27058825]] [[0.2901961  0.24705882 0.16470589]  [0.2901961  0.24705882 0.16470589]  [0.28627452 0.24313726 0.16078432]  ...  [0.5686275  0.40784314 0.27058825]  [0.5686275  0.40784314 0.27058825]  [0.5686275  0.40784314 0.27058825]] [[0.2901961  0.24705882 0.16470589]  [0.2901961  0.24705882 0.16470589]  [0.28627452 0.24313726 0.16078432]  ...  [0.5686275  0.40784314 0.27058825]  [0.5686275  0.40784314 0.27058825]  [0.5686275  0.40784314 0.27058825]]]",3.4636430397513323,792,/home/amos/media/tv/Carnivale S01-S02 web 10bit hevc-d3g/Carnivale S02/Carnivale.S02E10.1080p.WEBRip.10Bit.EAC3.H265-d3g.mkv25,1080,1920,2,234,560,790,234,181256,0.087,"[[[0.69411767 0.5411765  0.3764706 ]  [0.69411767 0.5411765  0.3764706 ]  [0.69411767 0.54509807 0.3764706 ]  ...  [0.03137255 0.05882353 0.05490196]  [0.03137255 0.0627451  0.05490196]  [0.03137255 0.0627451  0.05490196]] [[0.69411767 0.5372549  0.37254903]  [0.69803923 0.5411765  0.3764706 ]  [0.69411767 0.5411765  0.3764706 ]  ...  [0.03529412 0.05882353 0.05490196]  [0.03137255 0.0627451  0.05490196]  [0.03137255 0.0627451  0.05490196]] [[0.69411767 0.5372549  0.37254903]  [0.69411767 0.5372549  0.37254903]  [0.69803923 0.5411765  0.3764706 ]  ...  [0.03137255 0.05882353 0.05490196]  [0.03137255 0.0627451  0.05098039]  [0.03529412 0.06666667 0.05490196]] ... [[0.6784314  0.5411765  0.36078432]  [0.67058825 0.53333336 0.3529412 ]  [0.67058825 0.53333336 0.35686275]  ...  [0.04313726 0.07058824 0.05490196]  [0.04313726 0.07058824 0.05490196]  [0.04313726 0.07058824 0.05490196]] [[0.6745098  0.5372549  0.35686275]  [0.6666667  0.5294118  0.34901962]  [0.6666667  0.5294118  0.34901962]  ...  [0.03921569 0.06666667 0.05098039]  [0.03921569 0.06666667 0.05098039]  [0.03921569 0.06666667 0.05098039]] [[0.6784314  0.5411765  0.36078432]  [0.6745098  0.5372549  0.35686275]  [0.67058825 0.53333336 0.3529412 ]  ...  [0.03137255 0.05882353 0.04313726]  [0.03137255 0.05882353 0.04313726]  [0.03137255 0.05882353 0.04313726]]]",4.609953043458518,792,/home/amos/media/tv/Carnivale S01-S02 web 10bit hevc-d3g/Carnivale S02/Carnivale.S02E10.1080p.WEBRip.10Bit.EAC3.H265-d3g.mkv26,1080,1920,0,64,252,280,64,40608,0.02,"[[[0.00784314 0.05098039 0.03137255]  [0.00784314 0.05098039 0.03137255]  [0.00784314 0.05098039 0.03137255]  ...  [0.15686275 0.16078432 0.10980392]  [0.15686275 0.16078432 0.10980392]  [0.15686275 0.16078432 0.10980392]] [[0.00784314 0.05098039 0.03137255]  [0.00784314 0.05098039 0.03137255]  [0.00784314 0.05098039 0.03137255]  ...  [0.15686275 0.16078432 0.10980392]  [0.15686275 0.16078432 0.10980392]  [0.15686275 0.16078432 0.10980392]] [[0.00784314 0.05098039 0.03137255]  [0.00784314 0.05098039 0.03137255]  [0.00784314 0.05098039 0.03137255]  ...  [0.15686275 0.16078432 0.10980392]  [0.15686275 0.16078432 0.10980392]  [0.15686275 0.16078432 0.10980392]] ... [[0.3372549  0.26666668 0.14509805]  [0.3372549  0.26666668 0.14509805]  [0.34117648 0.26666668 0.14901961]  ...  [0.3529412  0.25882354 0.15294118]  [0.35686275 0.2627451  0.15686275]  [0.35686275 0.2627451  0.15686275]] [[0.3372549  0.26666668 0.14509805]  [0.3372549  0.26666668 0.14509805]  [0.3372549  0.26666668 0.14509805]  ...  [0.35686275 0.2627451  0.15686275]  [0.36078432 0.26666668 0.16078432]  [0.36078432 0.26666668 0.16078432]] [[0.3372549  0.26666668 0.14509805]  [0.3372549  0.26666668 0.14509805]  [0.3372549  0.27058825 0.14509805]  ...  [0.35686275 0.2627451  0.15686275]  [0.36078432 0.26666668 0.16078432]  [0.36078432 0.26666668 0.16078432]]]",4.839181097398978,816,/home/amos/media/tv/Carnivale S01-S02 web 10bit hevc-d3g/Carnivale S02/Carnivale.S02E10.1080p.WEBRip.10Bit.EAC3.H265-d3g.mkv27,1080,1920,1,80,308,411,80,75468,0.036,"[[[0.07058824 0.12941177 0.08627451]  [0.07058824 0.12941177 0.08627451]  [0.06666667 0.13333334 0.09019608]  ...  [0.25882354 0.25490198 0.18431373]  [0.27450982 0.27058825 0.2       ]  [0.2784314  0.27450982 0.2       ]] [[0.07058824 0.12941177 0.08627451]  [0.07058824 0.12941177 0.08627451]  [0.06666667 0.13333334 0.09019608]  ...  [0.25882354 0.25490198 0.18039216]  [0.27450982 0.27058825 0.19607843]  [0.27450982 0.27058825 0.19607843]] [[0.07450981 0.13333334 0.09019608]  [0.07450981 0.13333334 0.09019608]  [0.07058824 0.13725491 0.09411765]  ...  [0.23529412 0.23137255 0.16078432]  [0.24705882 0.24705882 0.17254902]  [0.2509804  0.24705882 0.1764706 ]] ... [[0.21176471 0.21960784 0.14509805]  [0.21176471 0.21960784 0.14509805]  [0.22352941 0.22352941 0.14901961]  ...  [0.5882353  0.43137255 0.2901961 ]  [0.58431375 0.42745098 0.28627452]  [0.58431375 0.42745098 0.28627452]] [[0.20784314 0.21568628 0.14509805]  [0.20784314 0.21568628 0.14509805]  [0.22352941 0.22352941 0.14509805]  ...  [0.5921569  0.43529412 0.2901961 ]  [0.5882353  0.43137255 0.2901961 ]  [0.5882353  0.43137255 0.2901961 ]] [[0.20784314 0.21568628 0.14509805]  [0.20784314 0.21568628 0.14509805]  [0.21960784 0.21960784 0.14509805]  ...  [0.5921569  0.43529412 0.2901961 ]  [0.5882353  0.43137255 0.2901961 ]  [0.5882353  0.43137255 0.2901961 ]]]",3.815924064430874,816,/home/amos/media/tv/Carnivale S01-S02 web 10bit hevc-d3g/Carnivale S02/Carnivale.S02E10.1080p.WEBRip.10Bit.EAC3.H265-d3g.mkv28,1080,1920,0,48,539,142,48,46154,0.022,"[[[0.48235294 0.37254903 0.27058825]  [0.48235294 0.37254903 0.27058825]  [0.48235294 0.37254903 0.27058825]  ...  [0.05098039 0.08627451 0.05882353]  [0.05098039 0.08627451 0.05882353]  [0.05098039 0.08627451 0.05882353]] [[0.48235294 0.37254903 0.27058825]  [0.48235294 0.37254903 0.27058825]  [0.48235294 0.37254903 0.27058825]  ...  [0.05098039 0.08627451 0.05882353]  [0.05098039 0.08627451 0.05882353]  [0.05098039 0.08627451 0.05882353]] [[0.48235294 0.37254903 0.27058825]  [0.48235294 0.37254903 0.27058825]  [0.48235294 0.37254903 0.27058825]  ...  [0.05098039 0.08627451 0.05882353]  [0.05098039 0.08627451 0.05882353]  [0.05098039 0.08627451 0.05882353]] ... [[0.32156864 0.24705882 0.1764706 ]  [0.32156864 0.24705882 0.1764706 ]  [0.32156864 0.24705882 0.1764706 ]  ...  [0.09411765 0.13725491 0.11372549]  [0.09411765 0.13725491 0.11372549]  [0.09411765 0.13725491 0.11372549]] [[0.32156864 0.24705882 0.1764706 ]  [0.32156864 0.24705882 0.1764706 ]  [0.32156864 0.24705882 0.1764706 ]  ...  [0.09411765 0.13725491 0.11372549]  [0.09411765 0.13725491 0.11372549]  [0.09411765 0.13725491 0.11372549]] [[0.32156864 0.24705882 0.1764706 ]  [0.32156864 0.24705882 0.1764706 ]  [0.32156864 0.24705882 0.1764706 ]  ...  [0.09411765 0.13725491 0.11372549]  [0.09411765 0.13725491 0.11372549]  [0.09411765 0.13725491 0.11372549]]]",2.2872800994082354,936,/home/amos/media/tv/Carnivale S01-S02 web 10bit hevc-d3g/Carnivale S02/Carnivale.S02E10.1080p.WEBRip.10Bit.EAC3.H265-d3g.mkv29,1080,1920,1,62,535,301,62,113047,0.055,"[[[0.         0.05098039 0.        ]  [0.         0.05098039 0.        ]  [0.         0.05098039 0.        ]  ...  [0.22745098 0.22745098 0.1882353 ]  [0.22745098 0.22745098 0.1882353 ]  [0.22745098 0.22745098 0.1882353 ]] [[0.         0.05098039 0.        ]  [0.         0.05098039 0.        ]  [0.         0.05098039 0.        ]  ...  [0.22745098 0.22745098 0.1882353 ]  [0.22745098 0.22745098 0.1882353 ]  [0.22745098 0.22745098 0.1882353 ]] [[0.00784314 0.05490196 0.00392157]  [0.00784314 0.05490196 0.00392157]  [0.00392157 0.05490196 0.00392157]  ...  [0.21960784 0.22352941 0.18431373]  [0.21960784 0.21960784 0.18039216]  [0.21960784 0.21960784 0.18039216]] ... [[0.28235295 0.2509804  0.20784314]  [0.28235295 0.2509804  0.20784314]  [0.28627452 0.2509804  0.20784314]  ...  [0.08627451 0.12941177 0.10588235]  [0.07843138 0.1254902  0.10588235]  [0.07843138 0.1254902  0.10588235]] [[0.28627452 0.2509804  0.20784314]  [0.28627452 0.2509804  0.20784314]  [0.28627452 0.2509804  0.20784314]  ...  [0.08235294 0.1254902  0.10588235]  [0.07843138 0.12156863 0.10196079]  [0.07843138 0.12156863 0.10196079]] [[0.28627452 0.2509804  0.20784314]  [0.28627452 0.2509804  0.20784314]  [0.28627452 0.2509804  0.20784314]  ...  [0.08235294 0.1254902  0.10588235]  [0.07843138 0.12156863 0.10196079]  [0.07843138 0.12156863 0.10196079]]]",1.8186161217163317,936,/home/amos/media/tv/Carnivale S01-S02 web 10bit hevc-d3g/Carnivale S02/Carnivale.S02E10.1080p.WEBRip.10Bit.EAC3.H265-d3g.mkv30,1080,1920,0,49,541,136,49,42804,0.021,"[[[0.58431375 0.54901963 0.4392157 ]  [0.58431375 0.54901963 0.4392157 ]  [0.58431375 0.54901963 0.4392157 ]  ...  [0.10588235 0.13333334 0.1254902 ]  [0.10588235 0.13333334 0.1254902 ]  [0.10588235 0.13333334 0.1254902 ]] [[0.58431375 0.54901963 0.4392157 ]  [0.58431375 0.54901963 0.4392157 ]  [0.58431375 0.54901963 0.4392157 ]  ...  [0.10588235 0.13333334 0.1254902 ]  [0.10588235 0.13333334 0.1254902 ]  [0.10588235 0.13333334 0.1254902 ]] [[0.5882353  0.54901963 0.44313726]  [0.5882353  0.54901963 0.44313726]  [0.5882353  0.5529412  0.44313726]  ...  [0.10588235 0.13333334 0.1254902 ]  [0.10196079 0.13333334 0.1254902 ]  [0.10196079 0.13333334 0.1254902 ]] ... [[0.41960785 0.39215687 0.30588236]  [0.41960785 0.39215687 0.30588236]  [0.41960785 0.39215687 0.30588236]  ...  [0.21568628 0.2509804  0.23529412]  [0.21960784 0.2509804  0.23921569]  [0.21960784 0.2509804  0.23921569]] [[0.41960785 0.39215687 0.30588236]  [0.41960785 0.39215687 0.30588236]  [0.41960785 0.39215687 0.30588236]  ...  [0.21568628 0.24705882 0.23529412]  [0.21960784 0.2509804  0.23921569]  [0.21960784 0.2509804  0.23921569]] [[0.41960785 0.39215687 0.30588236]  [0.41960785 0.39215687 0.30588236]  [0.41960785 0.39215687 0.30588236]  ...  [0.21568628 0.24705882 0.23529412]  [0.21960784 0.2509804  0.23921569]  [0.21960784 0.2509804  0.23921569]]]",4.973420113034081,960,/home/amos/media/tv/Carnivale S01-S02 web 10bit hevc-d3g/Carnivale S02/Carnivale.S02E10.1080p.WEBRip.10Bit.EAC3.H265-d3g.mkv31,1080,1920,0,73,361,1187,73,320832,0.155,"[[[0.3647059  0.3764706  0.31764707]  [0.3647059  0.3764706  0.31764707]  [0.3529412  0.3647059  0.30588236]  ...  [0.34901962 0.3647059  0.32156864]  [0.36862746 0.38431373 0.34117648]  [0.36862746 0.38431373 0.34117648]] [[0.3647059  0.3764706  0.31764707]  [0.3647059  0.3764706  0.31764707]  [0.3529412  0.3647059  0.30588236]  ...  [0.34901962 0.3647059  0.32156864]  [0.36862746 0.38431373 0.34117648]  [0.36862746 0.38431373 0.34117648]] [[0.36078432 0.3764706  0.3137255 ]  [0.36078432 0.3764706  0.3137255 ]  [0.3529412  0.3647059  0.30588236]  ...  [0.34901962 0.3647059  0.32156864]  [0.36862746 0.38431373 0.34117648]  [0.36862746 0.38431373 0.34117648]] ... [[0.23529412 0.2627451  0.23529412]  [0.23529412 0.2627451  0.23529412]  [0.22745098 0.25882354 0.22745098]  ...  [0.3647059  0.3764706  0.3137255 ]  [0.3647059  0.3764706  0.3137255 ]  [0.3647059  0.3764706  0.3137255 ]] [[0.23529412 0.2627451  0.23529412]  [0.23529412 0.2627451  0.23529412]  [0.22745098 0.25490198 0.22745098]  ...  [0.3647059  0.3764706  0.3137255 ]  [0.3647059  0.3764706  0.3137255 ]  [0.3647059  0.3764706  0.3137255 ]] [[0.23529412 0.2627451  0.23529412]  [0.23529412 0.2627451  0.23529412]  [0.22745098 0.25882354 0.22745098]  ...  [0.3647059  0.3764706  0.3137255 ]  [0.3647059  0.3764706  0.3137255 ]  [0.3647059  0.3764706  0.3137255 ]]]",4.277190955763217,984,/home/amos/media/tv/Carnivale S01-S02 web 10bit hevc-d3g/Carnivale S02/Carnivale.S02E10.1080p.WEBRip.10Bit.EAC3.H265-d3g.mkv32,1080,1920,1,60,508,719,60,295232,0.142,"[[[0.28627452 0.29803923 0.2627451 ]  [0.28627452 0.29803923 0.2627451 ]  [0.30980393 0.32156864 0.28627452]  ...  [0.20784314 0.23921569 0.19215687]  [0.21960784 0.2509804  0.2       ]  [0.21960784 0.2509804  0.2       ]] [[0.28627452 0.29803923 0.2627451 ]  [0.28627452 0.29803923 0.2627451 ]  [0.30980393 0.32156864 0.28627452]  ...  [0.20784314 0.23921569 0.19215687]  [0.21960784 0.2509804  0.2       ]  [0.21960784 0.2509804  0.2       ]] [[0.28627452 0.29803923 0.2627451 ]  [0.28627452 0.29803923 0.2627451 ]  [0.30980393 0.32156864 0.28627452]  ...  [0.20392157 0.23529412 0.1882353 ]  [0.21568628 0.24705882 0.19607843]  [0.21568628 0.24705882 0.19607843]] ... [[0.14117648 0.17254902 0.15686275]  [0.14117648 0.17254902 0.15686275]  [0.13725491 0.16862746 0.15294118]  ...  [0.14117648 0.1882353  0.15686275]  [0.14509805 0.1882353  0.15686275]  [0.14509805 0.1882353  0.15686275]] [[0.14117648 0.17254902 0.15686275]  [0.14117648 0.17254902 0.15686275]  [0.13725491 0.17254902 0.15294118]  ...  [0.13725491 0.18431373 0.15294118]  [0.14117648 0.1882353  0.15686275]  [0.14117648 0.1882353  0.15686275]] [[0.14117648 0.17254902 0.15686275]  [0.14117648 0.17254902 0.15686275]  [0.13725491 0.16862746 0.15294118]  ...  [0.13725491 0.18431373 0.15294118]  [0.14117648 0.1882353  0.15686275]  [0.14117648 0.1882353  0.15686275]]]",7.069375117716845,984,/home/amos/media/tv/Carnivale S01-S02 web 10bit hevc-d3g/Carnivale S02/Carnivale.S02E10.1080p.WEBRip.10Bit.EAC3.H265-d3g.mkv33,1080,1920,2,75,482,534,75,186813,0.09,"[[[0.3647059  0.4        0.3647059 ]  [0.3647059  0.4        0.3647059 ]  [0.3529412  0.3882353  0.3529412 ]  ...  [0.34117648 0.36078432 0.3019608 ]  [0.33333334 0.35686275 0.29803923]  [0.33333334 0.35686275 0.29803923]] [[0.3647059  0.4        0.3647059 ]  [0.3647059  0.4        0.3647059 ]  [0.3529412  0.3882353  0.3529412 ]  ...  [0.34117648 0.36078432 0.3019608 ]  [0.33333334 0.35686275 0.29803923]  [0.33333334 0.35686275 0.29803923]] [[0.36078432 0.4        0.36078432]  [0.36078432 0.4        0.36078432]  [0.34901962 0.3882353  0.3529412 ]  ...  [0.33333334 0.35686275 0.29803923]  [0.32941177 0.3529412  0.29411766]  [0.32941177 0.3529412  0.29411766]] ... [[0.24705882 0.24313726 0.16470589]  [0.24705882 0.24313726 0.16470589]  [0.25490198 0.2509804  0.17254902]  ...  [0.45490196 0.45882353 0.40392157]  [0.4509804  0.45882353 0.40392157]  [0.4509804  0.45882353 0.40392157]] [[0.23529412 0.23137255 0.15294118]  [0.23529412 0.23137255 0.15294118]  [0.24313726 0.23921569 0.16078432]  ...  [0.4509804  0.45882353 0.40392157]  [0.44705883 0.45490196 0.4       ]  [0.44705883 0.45490196 0.4       ]] [[0.23529412 0.23137255 0.15294118]  [0.23529412 0.23137255 0.15294118]  [0.24313726 0.23921569 0.16078432]  ...  [0.4509804  0.45882353 0.40392157]  [0.44705883 0.45490196 0.4       ]  [0.44705883 0.45490196 0.4       ]]]",7.767737043264788,984,/home/amos/media/tv/Carnivale S01-S02 web 10bit hevc-d3g/Carnivale S02/Carnivale.S02E10.1080p.WEBRip.10Bit.EAC3.H265-d3g.mkv34,1080,1920,3,56,544,294,56,116144,0.056,"[[[0.15686275 0.18431373 0.16470589]  [0.15686275 0.18431373 0.16470589]  [0.15686275 0.18431373 0.16470589]  ...  [0.19607843 0.22745098 0.20392157]  [0.2        0.23137255 0.20784314]  [0.2        0.23137255 0.20784314]] [[0.15686275 0.18431373 0.16470589]  [0.15686275 0.18431373 0.16470589]  [0.15686275 0.18431373 0.16470589]  ...  [0.19607843 0.22745098 0.20392157]  [0.2        0.23137255 0.20784314]  [0.2        0.23137255 0.20784314]] [[0.15686275 0.18431373 0.16470589]  [0.15686275 0.18431373 0.16470589]  [0.15686275 0.18431373 0.16470589]  ...  [0.19607843 0.22745098 0.20392157]  [0.19607843 0.22745098 0.20392157]  [0.19607843 0.22745098 0.20392157]] ... [[0.06666667 0.10980392 0.08627451]  [0.06666667 0.10980392 0.08627451]  [0.07058824 0.11372549 0.09019608]  ...  [0.3019608  0.3137255  0.25490198]  [0.2901961  0.3019608  0.24313726]  [0.2901961  0.3019608  0.24313726]] [[0.06666667 0.10980392 0.08627451]  [0.06666667 0.10980392 0.08627451]  [0.07058824 0.11372549 0.09019608]  ...  [0.3019608  0.31764707 0.25490198]  [0.29411766 0.30588236 0.24705882]  [0.29411766 0.30588236 0.24705882]] [[0.06666667 0.10980392 0.08627451]  [0.06666667 0.10980392 0.08627451]  [0.07058824 0.11372549 0.09019608]  ...  [0.30588236 0.3137255  0.25882354]  [0.29411766 0.30588236 0.24705882]  [0.29411766 0.30588236 0.24705882]]]",6.276031067536678,984,/home/amos/media/tv/Carnivale S01-S02 web 10bit hevc-d3g/Carnivale S02/Carnivale.S02E10.1080p.WEBRip.10Bit.EAC3.H265-d3g.mkv35,1080,1920,4,55,564,138,55,42247,0.02,"[[[0.40392157 0.37254903 0.30980393]  [0.40392157 0.37254903 0.30980393]  [0.39607844 0.3647059  0.3019608 ]  ...  [0.28627452 0.30588236 0.24705882]  [0.28627452 0.30588236 0.24705882]  [0.         0.         0.        ]] [[0.40392157 0.37254903 0.30980393]  [0.40392157 0.37254903 0.30980393]  [0.39607844 0.3647059  0.3019608 ]  ...  [0.28627452 0.30588236 0.24705882]  [0.28627452 0.30588236 0.24705882]  [0.         0.         0.        ]] [[0.4        0.36862746 0.30588236]  [0.4        0.36862746 0.30588236]  [0.39215687 0.36078432 0.29803923]  ...  [0.28235295 0.3019608  0.24313726]  [0.28235295 0.3019608  0.24313726]  [0.         0.         0.        ]] ... [[0.45882353 0.42352942 0.36862746]  [0.45882353 0.42352942 0.36862746]  [0.4627451  0.42352942 0.37254903]  ...  [0.20392157 0.20392157 0.14901961]  [0.20392157 0.20392157 0.14901961]  [0.         0.         0.        ]] [[0.45882353 0.42352942 0.36862746]  [0.45882353 0.42352942 0.36862746]  [0.4627451  0.42352942 0.36862746]  ...  [0.20392157 0.20392157 0.14901961]  [0.20392157 0.20392157 0.14901961]  [0.         0.         0.        ]] [[0.         0.         0.        ]  [0.         0.         0.        ]  [0.         0.         0.        ]  ...  [0.         0.         0.        ]  [0.         0.         0.        ]  [0.         0.         0.        ]]]",5.27276909671491,984,/home/amos/media/tv/Carnivale S01-S02 web 10bit hevc-d3g/Carnivale S02/Carnivale.S02E10.1080p.WEBRip.10Bit.EAC3.H265-d3g.mkv36,1080,1920,5,95,589,1182,95,536978,0.259,"[[[0.05098039 0.10588235 0.09019608]  [0.05098039 0.10588235 0.09019608]  [0.05098039 0.10588235 0.09019608]  ...  [0.2509804  0.27450982 0.23921569]  [0.2509804  0.27450982 0.23921569]  [0.         0.         0.        ]] [[0.05098039 0.10588235 0.09019608]  [0.05098039 0.10588235 0.09019608]  [0.05098039 0.10588235 0.09019608]  ...  [0.25490198 0.27450982 0.23921569]  [0.2509804  0.27450982 0.23921569]  [0.         0.         0.        ]] [[0.05098039 0.10588235 0.09019608]  [0.05098039 0.10588235 0.09019608]  [0.05098039 0.10588235 0.09019608]  ...  [0.25882354 0.28235295 0.24705882]  [0.25882354 0.2784314  0.24705882]  [0.         0.         0.        ]] ... [[0.         0.         0.00392157]  [0.         0.         0.00392157]  [0.         0.00392157 0.01176471]  ...  [0.14901961 0.18039216 0.15294118]  [0.14901961 0.18039216 0.15294118]  [0.         0.         0.        ]] [[0.         0.         0.00392157]  [0.         0.         0.00392157]  [0.         0.00392157 0.01176471]  ...  [0.14901961 0.18039216 0.15294118]  [0.14901961 0.18039216 0.15294118]  [0.         0.         0.        ]] [[0.         0.         0.        ]  [0.         0.         0.        ]  [0.         0.         0.        ]  ...  [0.         0.         0.        ]  [0.         0.         0.        ]  [0.         0.         0.        ]]]",4.019898040103726,984,/home/amos/media/tv/Carnivale S01-S02 web 10bit hevc-d3g/Carnivale S02/Carnivale.S02E10.1080p.WEBRip.10Bit.EAC3.H265-d3g.mkv37,1080,1920,6,115,572,1741,115,743082,0.358,"[[[0.5921569  0.5568628  0.47058824]  [0.5882353  0.5529412  0.46666667]  [0.5803922  0.54901963 0.4627451 ]  ...  [0.         0.         0.        ]  [0.         0.         0.        ]  [0.         0.         0.        ]] [[0.5882353  0.5529412  0.46666667]  [0.58431375 0.5529412  0.4627451 ]  [0.5764706  0.54901963 0.45882353]  ...  [0.         0.         0.        ]  [0.         0.         0.        ]  [0.         0.         0.        ]] [[0.5803922  0.54509807 0.45882353]  [0.5764706  0.54509807 0.45882353]  [0.5686275  0.5411765  0.45490196]  ...  [0.         0.         0.        ]  [0.         0.         0.        ]  [0.         0.         0.        ]] ... [[0.5372549  0.5137255  0.41568628]  [0.53333336 0.5137255  0.4117647 ]  [0.53333336 0.50980395 0.4117647 ]  ...  [0.23137255 0.24705882 0.16862746]  [0.22352941 0.23921569 0.16470589]  [0.21960784 0.23529412 0.16078432]] [[0.5294118  0.5058824  0.40784314]  [0.5294118  0.5019608  0.40392157]  [0.5254902  0.5019608  0.40392157]  ...  [0.23529412 0.2509804  0.17254902]  [0.22745098 0.24313726 0.16470589]  [0.22352941 0.23921569 0.16470589]] [[0.5254902  0.5019608  0.40392157]  [0.5254902  0.5019608  0.4       ]  [0.52156866 0.49803922 0.4       ]  ...  [0.23529412 0.2509804  0.17254902]  [0.23137255 0.24705882 0.16862746]  [0.22745098 0.24313726 0.16470589]]]",8.591603102104273,984,/home/amos/media/tv/Carnivale S01-S02 web 10bit hevc-d3g/Carnivale S02/Carnivale.S02E10.1080p.WEBRip.10Bit.EAC3.H265-d3g.mkv38,1080,1920,7,89,708,1819,89,1070870,0.516,"[[[0.02745098 0.04705882 0.03529412]  [0.02745098 0.04705882 0.03529412]  [0.03529412 0.05490196 0.04313726]  ...  [0.01176471 0.         0.        ]  [0.01176471 0.         0.        ]  [0.01176471 0.         0.        ]] [[0.02745098 0.04705882 0.03529412]  [0.03137255 0.05098039 0.03921569]  [0.03921569 0.05490196 0.04313726]  ...  [0.01176471 0.         0.        ]  [0.01176471 0.         0.        ]  [0.01176471 0.         0.        ]] [[0.02745098 0.04705882 0.03529412]  [0.03137255 0.05098039 0.03921569]  [0.03921569 0.05882353 0.04705882]  ...  [0.01568628 0.         0.        ]  [0.01176471 0.         0.        ]  [0.01176471 0.         0.        ]] ... [[0.00392157 0.00392157 0.        ]  [0.00392157 0.00392157 0.        ]  [0.00392157 0.00392157 0.        ]  ...  [0.09019608 0.09411765 0.02352941]  [0.07843138 0.08235294 0.01176471]  [0.07843138 0.08235294 0.00784314]] [[0.00392157 0.00392157 0.        ]  [0.00392157 0.00392157 0.        ]  [0.00392157 0.00392157 0.        ]  ...  [0.08627451 0.09019608 0.01960784]  [0.07450981 0.07843138 0.00784314]  [0.07058824 0.07450981 0.00392157]] [[0.00392157 0.00392157 0.        ]  [0.00392157 0.00392157 0.        ]  [0.00392157 0.00392157 0.        ]  ...  [0.08235294 0.08627451 0.01568628]  [0.07450981 0.07450981 0.00784314]  [0.07058824 0.07450981 0.00392157]]]",8.05868904426461,984,/home/amos/media/tv/Carnivale S01-S02 web 10bit hevc-d3g/Carnivale S02/Carnivale.S02E10.1080p.WEBRip.10Bit.EAC3.H265-d3g.mkv39,1080,1920,0,92,520,516,92,181472,0.088,"[[[0.00784314 0.         0.00784314]  [0.00784314 0.         0.00784314]  [0.00784314 0.         0.00784314]  ...  [0.00784314 0.         0.00784314]  [0.00784314 0.         0.00784314]  [0.00784314 0.         0.00784314]] [[0.00784314 0.         0.00784314]  [0.00784314 0.         0.00784314]  [0.00784314 0.         0.00784314]  ...  [0.00784314 0.         0.00784314]  [0.00784314 0.         0.00784314]  [0.00784314 0.         0.00784314]] [[0.00784314 0.         0.00784314]  [0.00784314 0.         0.00784314]  [0.00784314 0.         0.00784314]  ...  [0.00784314 0.00392157 0.00784314]  [0.00784314 0.00392157 0.00784314]  [0.00784314 0.00392157 0.00784314]] ... [[0.23137255 0.21960784 0.1882353 ]  [0.24313726 0.23137255 0.2       ]  [0.2784314  0.26666668 0.23529412]  ...  [0.07843138 0.08235294 0.07450981]  [0.05882353 0.0627451  0.05882353]  [0.05490196 0.05882353 0.05098039]] [[0.23137255 0.21960784 0.1882353 ]  [0.24313726 0.23137255 0.2       ]  [0.2784314  0.26666668 0.23529412]  ...  [0.05882353 0.0627451  0.05490196]  [0.04313726 0.04705882 0.03921569]  [0.03921569 0.04313726 0.03529412]] [[0.23137255 0.21960784 0.1882353 ]  [0.24313726 0.23137255 0.2       ]  [0.2784314  0.26666668 0.23529412]  ...  [0.05490196 0.05882353 0.04705882]  [0.03921569 0.04313726 0.03529412]  [0.03529412 0.03921569 0.03137255]]]",3.2830450065084733,1008,/home/amos/media/tv/Carnivale S01-S02 web 10bit hevc-d3g/Carnivale S02/Carnivale.S02E10.1080p.WEBRip.10Bit.EAC3.H265-d3g.mkv40,1080,1920,1,90,670,789,90,405420,0.196,"[[[0.00392157 0.         0.00392157]  [0.00392157 0.         0.00392157]  [0.00392157 0.         0.00392157]  ...  [0.02745098 0.03921569 0.04313726]  [0.03529412 0.04313726 0.05098039]  [0.03529412 0.04705882 0.05098039]] [[0.00392157 0.         0.00392157]  [0.00392157 0.         0.00392157]  [0.00392157 0.         0.00392157]  ...  [0.02745098 0.03921569 0.04313726]  [0.03137255 0.04313726 0.04705882]  [0.03529412 0.04705882 0.05098039]] [[0.00392157 0.         0.00392157]  [0.00392157 0.         0.00392157]  [0.00392157 0.         0.00392157]  ...  [0.02745098 0.03921569 0.04313726]  [0.03137255 0.04313726 0.04705882]  [0.03137255 0.04313726 0.04705882]] ... [[0.00392157 0.         0.00392157]  [0.00392157 0.         0.00392157]  [0.00392157 0.         0.00392157]  ...  [0.35686275 0.3647059  0.3019608 ]  [0.36078432 0.37254903 0.30980393]  [0.36078432 0.37254903 0.3137255 ]] [[0.00392157 0.         0.00392157]  [0.00392157 0.         0.00392157]  [0.00392157 0.         0.00392157]  ...  [0.36078432 0.36862746 0.30588236]  [0.3647059  0.37254903 0.3137255 ]  [0.3647059  0.3764706  0.31764707]] [[0.00392157 0.         0.00392157]  [0.00392157 0.         0.00392157]  [0.00392157 0.         0.00392157]  ...  [0.36078432 0.36862746 0.30588236]  [0.3647059  0.3764706  0.3137255 ]  [0.3647059  0.3764706  0.31764707]]]",5.816536095866468,1008,/home/amos/media/tv/Carnivale S01-S02 web 10bit hevc-d3g/Carnivale S02/Carnivale.S02E10.1080p.WEBRip.10Bit.EAC3.H265-d3g.mkv41,1080,1920,0,332,159,1004,332,116256,0.056,"[[[0.24313726 0.2509804  0.21960784]  [0.25490198 0.2627451  0.23529412]  [0.23921569 0.2509804  0.21960784]  ...  [0.08627451 0.10196079 0.10196079]  [0.09019608 0.10588235 0.10588235]  [0.         0.         0.        ]] [[0.24313726 0.2509804  0.21960784]  [0.25490198 0.2627451  0.23137255]  [0.23921569 0.24705882 0.21568628]  ...  [0.08235294 0.09803922 0.09803922]  [0.09019608 0.10588235 0.10588235]  [0.         0.         0.        ]] [[0.23921569 0.24705882 0.21568628]  [0.2627451  0.27058825 0.23921569]  [0.24705882 0.25490198 0.22352941]  ...  [0.07058824 0.08627451 0.08627451]  [0.08235294 0.09803922 0.09803922]  [0.         0.         0.        ]] ... [[0.83137256 0.8        0.6901961 ]  [0.8392157  0.80784315 0.69803923]  [0.78431374 0.7529412  0.6431373 ]  ...  [0.67058825 0.63529414 0.5176471 ]  [0.6901961  0.654902   0.5372549 ]  [0.         0.         0.        ]] [[0.8509804  0.81960785 0.7058824 ]  [0.8509804  0.81960785 0.70980394]  [0.8156863  0.7882353  0.6784314 ]  ...  [0.6901961  0.6509804  0.5372549 ]  [0.7058824  0.67058825 0.5529412 ]  [0.         0.         0.        ]] [[0.         0.         0.        ]  [0.         0.         0.        ]  [0.         0.         0.        ]  ...  [0.         0.         0.        ]  [0.         0.         0.        ]  [0.         0.         0.        ]]]",3.46164109086385,1032,/home/amos/media/tv/Carnivale S01-S02 web 10bit hevc-d3g/Carnivale S02/Carnivale.S02E10.1080p.WEBRip.10Bit.EAC3.H265-d3g.mkv42,1080,1920,1,86,266,1781,86,305100,0.147,"[[[0.         0.         0.        ]  [0.         0.         0.        ]  [0.         0.         0.        ]  ...  [0.3137255  0.2901961  0.22745098]  [0.3254902  0.29803923 0.23137255]  [0.32941177 0.3019608  0.23529412]] [[0.         0.         0.        ]  [0.         0.         0.        ]  [0.         0.         0.        ]  ...  [0.3137255  0.2901961  0.22745098]  [0.3254902  0.29803923 0.23529412]  [0.32941177 0.3019608  0.23529412]] [[0.         0.         0.        ]  [0.         0.         0.        ]  [0.         0.         0.        ]  ...  [0.3137255  0.2901961  0.22745098]  [0.32941177 0.30588236 0.23921569]  [0.32941177 0.30588236 0.23921569]] ... [[0.14901961 0.15294118 0.14117648]  [0.15294118 0.15686275 0.14117648]  [0.15294118 0.15686275 0.14509805]  ...  [0.         0.         0.        ]  [0.         0.         0.        ]  [0.         0.         0.        ]] [[0.15294118 0.15686275 0.14117648]  [0.15294118 0.15686275 0.14117648]  [0.15294118 0.15686275 0.14117648]  ...  [0.         0.         0.        ]  [0.         0.         0.        ]  [0.         0.         0.        ]] [[0.15294118 0.15686275 0.14117648]  [0.15294118 0.15686275 0.14117648]  [0.15294118 0.15686275 0.14117648]  ...  [0.         0.         0.        ]  [0.         0.         0.        ]  [0.         0.         0.        ]]]",2.1222200531628914,1032,/home/amos/media/tv/Carnivale S01-S02 web 10bit hevc-d3g/Carnivale S02/Carnivale.S02E10.1080p.WEBRip.10Bit.EAC3.H265-d3g.mkv43,1080,1920,0,226,614,1102,226,339888,0.164,"[[[0. 0. 0.]  [0. 0. 0.]  [0. 0. 0.]  ...  [0. 0. 0.]  [0. 0. 0.]  [0. 0. 0.]] [[0. 0. 0.]  [0. 0. 0.]  [0. 0. 0.]  ...  [0. 0. 0.]  [0. 0. 0.]  [0. 0. 0.]] [[0. 0. 0.]  [0. 0. 0.]  [0. 0. 0.]  ...  [0. 0. 0.]  [0. 0. 0.]  [0. 0. 0.]] ... [[0. 0. 0.]  [0. 0. 0.]  [0. 0. 0.]  ...  [0. 0. 0.]  [0. 0. 0.]  [0. 0. 0.]] [[0. 0. 0.]  [0. 0. 0.]  [0. 0. 0.]  ...  [0. 0. 0.]  [0. 0. 0.]  [0. 0. 0.]] [[0. 0. 0.]  [0. 0. 0.]  [0. 0. 0.]  ...  [0. 0. 0.]  [0. 0. 0.]  [0. 0. 0.]]]",5.223714145715348,1080,/home/amos/media/tv/Carnivale S01-S02 web 10bit hevc-d3g/Carnivale S02/Carnivale.S02E10.1080p.WEBRip.10Bit.EAC3.H265-d3g.mkv44,1080,1920,0,411,415,919,411,2032,0.001,"[[[0. 0. 0.]  [0. 0. 0.]  [0. 0. 0.]  ...  [0. 0. 0.]  [0. 0. 0.]  [0. 0. 0.]] [[0. 0. 0.]  [0. 0. 0.]  [0. 0. 0.]  ...  [0. 0. 0.]  [0. 0. 0.]  [0. 0. 0.]] [[0. 0. 0.]  [0. 0. 0.]  [0. 0. 0.]  ...  [0. 0. 0.]  [0. 0. 0.]  [0. 0. 0.]] ... [[0. 0. 0.]  [0. 0. 0.]  [0. 0. 0.]  ...  [0. 0. 0.]  [0. 0. 0.]  [0. 0. 0.]] [[0. 0. 0.]  [0. 0. 0.]  [0. 0. 0.]  ...  [0. 0. 0.]  [0. 0. 0.]  [0. 0. 0.]] [[0. 0. 0.]  [0. 0. 0.]  [0. 0. 0.]  ...  [0. 0. 0.]  [0. 0. 0.]  [0. 0. 0.]]]",7.901811964053195,1104,/home/amos/media/tv/Carnivale S01-S02 web 10bit hevc-d3g/Carnivale S02/Carnivale.S02E10.1080p.WEBRip.10Bit.EAC3.H265-d3g.mkv45,1080,1920,0,444,357,734,444,25230,0.012,"[[[0.16078432 0.16078432 0.07843138]  [0.15294118 0.16862746 0.09803922]  [0.14117648 0.16470589 0.11372549]  ...  [0.00784314 0.02352941 0.01960784]  [0.01960784 0.03529412 0.02745098]  [0.         0.         0.        ]] [[0.14901961 0.16470589 0.09019608]  [0.11372549 0.13725491 0.07843138]  [0.10980392 0.14509805 0.09803922]  ...  [0.00392157 0.01960784 0.01176471]  [0.01176471 0.02745098 0.01960784]  [0.         0.         0.        ]] [[0.12941177 0.14901961 0.08235294]  [0.10588235 0.14117648 0.08627451]  [0.10196079 0.14509805 0.10196079]  ...  [0.01960784 0.03529412 0.02745098]  [0.03137255 0.04705882 0.03529412]  [0.         0.         0.        ]] ... [[0.6        0.3764706  0.21960784]  [0.654902   0.42352942 0.24313726]  [0.7137255  0.47058824 0.26666668]  ...  [0.3647059  0.21960784 0.12941177]  [0.30980393 0.20784314 0.09803922]  [0.         0.         0.        ]] [[0.627451   0.4        0.2509804 ]  [0.6745098  0.44705883 0.27450982]  [0.75686276 0.50980395 0.31764707]  ...  [0.34509805 0.21176471 0.12941177]  [0.2627451  0.18039216 0.08235294]  [0.         0.         0.        ]] [[0.         0.         0.        ]  [0.         0.         0.        ]  [0.         0.         0.        ]  ...  [0.         0.         0.        ]  [0.         0.         0.        ]  [0.         0.         0.        ]]]",9.701315082551446,1128,/home/amos/media/tv/Carnivale S01-S02 web 10bit hevc-d3g/Carnivale S02/Carnivale.S02E10.1080p.WEBRip.10Bit.EAC3.H265-d3g.mkv46,1080,1920,1,53,622,102,53,27881,0.013,"[[[0.25882354 0.13333334 0.01568628]  [0.25882354 0.13333334 0.01568628]  [0.25882354 0.13333334 0.01568628]  ...  [0.02745098 0.03137255 0.00392157]  [0.02745098 0.03137255 0.00392157]  [0.02745098 0.03137255 0.00392157]] [[0.25882354 0.13333334 0.01568628]  [0.25882354 0.13333334 0.01568628]  [0.25882354 0.13333334 0.01568628]  ...  [0.02745098 0.03137255 0.00392157]  [0.02745098 0.03137255 0.00392157]  [0.02745098 0.03137255 0.00392157]] [[0.25490198 0.13333334 0.01568628]  [0.25490198 0.13333334 0.01568628]  [0.25490198 0.13333334 0.01568628]  ...  [0.02745098 0.03137255 0.00392157]  [0.02745098 0.03137255 0.00392157]  [0.02745098 0.03137255 0.00392157]] ... [[0.21960784 0.25490198 0.13725491]  [0.21960784 0.25490198 0.13725491]  [0.22352941 0.25490198 0.13725491]  ...  [0.5058824  0.31764707 0.14901961]  [0.50980395 0.32156864 0.15294118]  [0.50980395 0.32156864 0.15294118]] [[0.22352941 0.25882354 0.14117648]  [0.22352941 0.25882354 0.14117648]  [0.22745098 0.2627451  0.14509805]  ...  [0.50980395 0.31764707 0.14901961]  [0.50980395 0.32156864 0.15294118]  [0.50980395 0.32156864 0.15294118]] [[0.22352941 0.25882354 0.14117648]  [0.22352941 0.25882354 0.14117648]  [0.22745098 0.25882354 0.14509805]  ...  [0.5058824  0.31764707 0.14901961]  [0.50980395 0.32156864 0.15294118]  [0.50980395 0.32156864 0.15294118]]]",3.4624480667407624,1128,/home/amos/media/tv/Carnivale S01-S02 web 10bit hevc-d3g/Carnivale S02/Carnivale.S02E10.1080p.WEBRip.10Bit.EAC3.H265-d3g.mkv47,1080,1920,2,58,722,123,58,43160,0.021,"[[[0.3019608  0.21568628 0.09803922]  [0.3019608  0.21568628 0.09803922]  [0.3137255  0.22352941 0.10196079]  ...  [0.02352941 0.05098039 0.01960784]  [0.02352941 0.05098039 0.02352941]  [0.02352941 0.05098039 0.02352941]] [[0.3019608  0.21568628 0.09803922]  [0.3019608  0.21568628 0.09803922]  [0.3137255  0.22352941 0.10196079]  ...  [0.02352941 0.05098039 0.01960784]  [0.02352941 0.05098039 0.02352941]  [0.02352941 0.05098039 0.02352941]] [[0.29803923 0.21176471 0.09411765]  [0.29803923 0.21176471 0.09411765]  [0.30980393 0.21960784 0.10196079]  ...  [0.02352941 0.05098039 0.01960784]  [0.02352941 0.05098039 0.02352941]  [0.02352941 0.05098039 0.02352941]] ... [[0.26666668 0.30588236 0.20392157]  [0.26666668 0.30588236 0.20392157]  [0.27058825 0.30980393 0.20784314]  ...  [0.3529412  0.24705882 0.10980392]  [0.34509805 0.24313726 0.10980392]  [0.34509805 0.24313726 0.10980392]] [[0.26666668 0.30588236 0.20392157]  [0.26666668 0.30588236 0.20392157]  [0.27058825 0.30980393 0.20784314]  ...  [0.34901962 0.23921569 0.10196079]  [0.34117648 0.23529412 0.10196079]  [0.34117648 0.23529412 0.10196079]] [[0.26666668 0.30588236 0.20392157]  [0.26666668 0.30588236 0.20392157]  [0.27058825 0.30980393 0.20784314]  ...  [0.34901962 0.23921569 0.10588235]  [0.34117648 0.23529412 0.10196079]  [0.34117648 0.23529412 0.10196079]]]",2.720887042058166,1128,/home/amos/media/tv/Carnivale S01-S02 web 10bit hevc-d3g/Carnivale S02/Carnivale.S02E10.1080p.WEBRip.10Bit.EAC3.H265-d3g.mkv48,1080,1920,0,78,205,570,78,62484,0.03,"[[[0.09019608 0.10588235 0.09411765]  [0.09019608 0.10588235 0.09411765]  [0.09803922 0.11372549 0.10196079]  ...  [0.00784314 0.02352941 0.00784314]  [0.01176471 0.02745098 0.01176471]  [0.01176471 0.02745098 0.01176471]] [[0.09019608 0.10588235 0.09411765]  [0.09019608 0.10588235 0.09411765]  [0.09803922 0.11372549 0.10196079]  ...  [0.00784314 0.02352941 0.00784314]  [0.01176471 0.02745098 0.01176471]  [0.01176471 0.02745098 0.01176471]] [[0.09411765 0.10980392 0.09803922]  [0.09411765 0.10980392 0.09803922]  [0.09803922 0.11372549 0.10588235]  ...  [0.00784314 0.02352941 0.01176471]  [0.01176471 0.02745098 0.01176471]  [0.01176471 0.02745098 0.01176471]] ... [[0.24313726 0.19215687 0.11372549]  [0.24313726 0.19607843 0.11372549]  [0.25882354 0.20784314 0.12941177]  ...  [0.22352941 0.17254902 0.10980392]  [0.22352941 0.17254902 0.10980392]  [0.22352941 0.17254902 0.10980392]] [[0.24705882 0.19607843 0.11372549]  [0.24705882 0.19607843 0.11372549]  [0.25882354 0.20784314 0.1254902 ]  ...  [0.22352941 0.17254902 0.10980392]  [0.22352941 0.17254902 0.10980392]  [0.22352941 0.17254902 0.10980392]] [[0.24705882 0.19607843 0.11372549]  [0.24705882 0.19607843 0.11372549]  [0.25882354 0.20784314 0.12941177]  ...  [0.22352941 0.17254902 0.10980392]  [0.22352941 0.17254902 0.10980392]  [0.22352941 0.17254902 0.10980392]]]",7.089771032449789,1152,/home/amos/media/tv/Carnivale S01-S02 web 10bit hevc-d3g/Carnivale S02/Carnivale.S02E10.1080p.WEBRip.10Bit.EAC3.H265-d3g.mkv49,1080,1920,0,69,179,448,69,41690,0.02,"[[[0.14901961 0.12156863 0.04313726]  [0.14901961 0.12156863 0.04313726]  [0.14901961 0.12156863 0.04313726]  ...  [0.         0.01960784 0.00784314]  [0.         0.01960784 0.00784314]  [0.         0.01960784 0.00784314]] [[0.14901961 0.12156863 0.04313726]  [0.14901961 0.12156863 0.04313726]  [0.14901961 0.12156863 0.04313726]  ...  [0.         0.01960784 0.00784314]  [0.         0.01960784 0.00784314]  [0.         0.01960784 0.00784314]] [[0.14509805 0.12156863 0.05098039]  [0.14509805 0.12156863 0.05098039]  [0.14509805 0.1254902  0.05098039]  ...  [0.         0.01960784 0.00784314]  [0.         0.01568628 0.00392157]  [0.         0.01568628 0.00392157]] ... [[0.2        0.1882353  0.06666667]  [0.2        0.1882353  0.06666667]  [0.1764706  0.16470589 0.04705882]  ...  [0.10196079 0.12941177 0.09019608]  [0.10196079 0.1254902  0.08627451]  [0.10196079 0.1254902  0.08627451]] [[0.1882353  0.18039216 0.0627451 ]  [0.1882353  0.18039216 0.0627451 ]  [0.16470589 0.15686275 0.04313726]  ...  [0.10196079 0.12941177 0.09019608]  [0.10196079 0.1254902  0.08627451]  [0.10196079 0.1254902  0.08627451]] [[0.1882353  0.18039216 0.0627451 ]  [0.1882353  0.18039216 0.0627451 ]  [0.16470589 0.15686275 0.04705882]  ...  [0.10196079 0.12941177 0.09019608]  [0.10196079 0.1254902  0.08627451]  [0.10196079 0.1254902  0.08627451]]]",9.382417932560202,1176,/home/amos/media/tv/Carnivale S01-S02 web 10bit hevc-d3g/Carnivale S02/Carnivale.S02E10.1080p.WEBRip.10Bit.EAC3.H265-d3g.mkv50,1080,1920,1,134,149,197,134,945,0.0,"[[[0.76862746 0.58431375 0.38039216]  [0.76862746 0.58431375 0.38039216]  [0.76862746 0.58431375 0.38039216]  ...  [0.39607844 0.34901962 0.25490198]  [0.41960785 0.3647059  0.2509804 ]  [0.43529412 0.3764706  0.24705882]] [[0.76862746 0.58431375 0.38039216]  [0.76862746 0.58431375 0.38039216]  [0.76862746 0.58431375 0.3764706 ]  ...  [0.38431373 0.33333334 0.2509804 ]  [0.4117647  0.35686275 0.25490198]  [0.43137255 0.37254903 0.25490198]] [[0.76862746 0.58431375 0.38039216]  [0.7647059  0.5803922  0.3764706 ]  [0.7647059  0.5803922  0.3764706 ]  ...  [0.36862746 0.30588236 0.24313726]  [0.40392157 0.34117648 0.25882354]  [0.42745098 0.3647059  0.27058825]] ... [[0.         0.00784314 0.        ]  [0.         0.00784314 0.        ]  [0.         0.00784314 0.        ]  ...  [0.21568628 0.29803923 0.21960784]  [0.21960784 0.3019608  0.22352941]  [0.22352941 0.30588236 0.22745098]] [[0.         0.01568628 0.00392157]  [0.         0.01568628 0.        ]  [0.         0.01568628 0.        ]  ...  [0.21176471 0.29411766 0.21568628]  [0.21568628 0.29803923 0.21960784]  [0.21960784 0.3019608  0.22352941]] [[0.         0.02352941 0.00392157]  [0.         0.01960784 0.        ]  [0.         0.01960784 0.        ]  ...  [0.21176471 0.29411766 0.21568628]  [0.21176471 0.29411766 0.21568628]  [0.21568628 0.29803923 0.21960784]]]",5.041642242053058,1176,/home/amos/media/tv/Carnivale S01-S02 web 10bit hevc-d3g/Carnivale S02/Carnivale.S02E10.1080p.WEBRip.10Bit.EAC3.H265-d3g.mkv51,1080,1920,2,62,456,1663,62,630794,0.304,"[[[0.07843138 0.08235294 0.0627451 ]  [0.07843138 0.08235294 0.0627451 ]  [0.08627451 0.08235294 0.0627451 ]  ...  [0.0627451  0.07058824 0.03921569]  [0.0627451  0.07058824 0.03921569]  [0.0627451  0.07058824 0.03921569]] [[0.07843138 0.08235294 0.0627451 ]  [0.07843138 0.08235294 0.0627451 ]  [0.08627451 0.08235294 0.0627451 ]  ...  [0.0627451  0.07058824 0.03921569]  [0.0627451  0.07058824 0.03921569]  [0.0627451  0.07058824 0.03921569]] [[0.07843138 0.08235294 0.0627451 ]  [0.07843138 0.08235294 0.0627451 ]  [0.08627451 0.08235294 0.0627451 ]  ...  [0.0627451  0.06666667 0.03921569]  [0.0627451  0.07058824 0.04313726]  [0.0627451  0.07058824 0.04313726]] ... [[0.08235294 0.0627451  0.05098039]  [0.08235294 0.0627451  0.05098039]  [0.07450981 0.05490196 0.04313726]  ...  [0.2627451  0.19215687 0.10588235]  [0.2509804  0.18431373 0.10980392]  [0.2509804  0.18431373 0.10980392]] [[0.08235294 0.0627451  0.05098039]  [0.08235294 0.0627451  0.05098039]  [0.07450981 0.05490196 0.04313726]  ...  [0.25882354 0.1882353  0.10196079]  [0.24705882 0.18039216 0.10588235]  [0.24705882 0.18039216 0.10588235]] [[0.08235294 0.0627451  0.05098039]  [0.08235294 0.0627451  0.05098039]  [0.07450981 0.05490196 0.04313726]  ...  [0.25882354 0.1882353  0.10196079]  [0.24705882 0.18039216 0.10588235]  [0.24705882 0.18039216 0.10588235]]]",4.400211055763066,1176,/home/amos/media/tv/Carnivale S01-S02 web 10bit hevc-d3g/Carnivale S02/Carnivale.S02E10.1080p.WEBRip.10Bit.EAC3.H265-d3g.mkv52,1080,1920,3,57,913,278,57,189176,0.091,"[[[0.36862746 0.3137255  0.2       ]  [0.36862746 0.3137255  0.2       ]  [0.3647059  0.30980393 0.19607843]  ...  [0.34901962 0.2627451  0.18039216]  [0.3254902  0.2509804  0.1764706 ]  [0.3254902  0.2509804  0.1764706 ]] [[0.36862746 0.3137255  0.2       ]  [0.36862746 0.3137255  0.2       ]  [0.3647059  0.30980393 0.19607843]  ...  [0.34901962 0.2627451  0.18039216]  [0.3254902  0.2509804  0.1764706 ]  [0.3254902  0.2509804  0.1764706 ]] [[0.37254903 0.31764707 0.20392157]  [0.37254903 0.31764707 0.20392157]  [0.36862746 0.3137255  0.2       ]  ...  [0.34117648 0.25882354 0.1764706 ]  [0.3137255  0.24705882 0.17254902]  [0.3137255  0.24705882 0.17254902]] ... [[0.72156864 0.5254902  0.3647059 ]  [0.72156864 0.5254902  0.3647059 ]  [0.72156864 0.5254902  0.3647059 ]  ...  [0.74509805 0.5803922  0.43137255]  [0.7490196  0.5803922  0.43137255]  [0.7490196  0.5803922  0.43137255]] [[0.7254902  0.5294118  0.3647059 ]  [0.7254902  0.5294118  0.3647059 ]  [0.7254902  0.5294118  0.3647059 ]  ...  [0.7490196  0.58431375 0.43137255]  [0.7529412  0.58431375 0.43137255]  [0.7529412  0.58431375 0.43137255]] [[0.7254902  0.5294118  0.3647059 ]  [0.7254902  0.5294118  0.3647059 ]  [0.7254902  0.5294118  0.3647059 ]  ...  [0.7490196  0.5803922  0.43137255]  [0.7529412  0.58431375 0.43137255]  [0.7529412  0.58431375 0.43137255]]]",1.303159038478043,1176,/home/amos/media/tv/Carnivale S01-S02 web 10bit hevc-d3g/Carnivale S02/Carnivale.S02E10.1080p.WEBRip.10Bit.EAC3.H265-d3g.mkv53,1080,1920,0,62,325,1449,62,364781,0.176,"[[[0.05882353 0.09803922 0.07450981]  [0.05882353 0.09803922 0.07450981]  [0.05882353 0.09803922 0.07450981]  ...  [0.00784314 0.05098039 0.03529412]  [0.00784314 0.05098039 0.03529412]  [0.00784314 0.05098039 0.03529412]] [[0.05882353 0.09803922 0.07450981]  [0.05882353 0.09803922 0.07450981]  [0.05882353 0.09803922 0.07450981]  ...  [0.00784314 0.05098039 0.03529412]  [0.00784314 0.05098039 0.03529412]  [0.00784314 0.05098039 0.03529412]] [[0.05882353 0.09803922 0.07450981]  [0.05882353 0.09803922 0.07450981]  [0.05882353 0.09803922 0.07450981]  ...  [0.00784314 0.05098039 0.03529412]  [0.00784314 0.05098039 0.03137255]  [0.00784314 0.05098039 0.03137255]] ... [[0.2        0.14901961 0.09411765]  [0.2        0.14901961 0.09411765]  [0.19607843 0.14509805 0.09019608]  ...  [0.4392157  0.34509805 0.18431373]  [0.4392157  0.34901962 0.18039216]  [0.4392157  0.34901962 0.18039216]] [[0.2        0.14901961 0.09411765]  [0.2        0.14901961 0.09411765]  [0.19607843 0.14509805 0.09019608]  ...  [0.44313726 0.34901962 0.18431373]  [0.4392157  0.34901962 0.18039216]  [0.4392157  0.34901962 0.18039216]] [[0.2        0.14901961 0.09411765]  [0.2        0.14901961 0.09411765]  [0.19607843 0.14509805 0.09019608]  ...  [0.44313726 0.34901962 0.18431373]  [0.4392157  0.34901962 0.18039216]  [0.4392157  0.34901962 0.18039216]]]",6.115898171090521,1200,/home/amos/media/tv/Carnivale S01-S02 web 10bit hevc-d3g/Carnivale S02/Carnivale.S02E10.1080p.WEBRip.10Bit.EAC3.H265-d3g.mkv54,1080,1920,1,71,264,249,71,34354,0.017,"[[[0.3372549  0.23529412 0.11372549]  [0.3372549  0.23529412 0.11372549]  [0.32941177 0.23137255 0.10980392]  ...  [0.00392157 0.03137255 0.01568628]  [0.00392157 0.03137255 0.01568628]  [0.         0.         0.        ]] [[0.3372549  0.23529412 0.11372549]  [0.3372549  0.23529412 0.11372549]  [0.32941177 0.23137255 0.10980392]  ...  [0.00392157 0.03137255 0.01568628]  [0.00392157 0.03137255 0.01568628]  [0.         0.         0.        ]] [[0.34117648 0.23137255 0.11372549]  [0.34117648 0.23137255 0.11372549]  [0.33333334 0.22745098 0.10980392]  ...  [0.00392157 0.02745098 0.01568628]  [0.00392157 0.02745098 0.01568628]  [0.         0.         0.        ]] ... [[0.63529414 0.52156866 0.29803923]  [0.63529414 0.52156866 0.29803923]  [0.63529414 0.52156866 0.29803923]  ...  [0.13333334 0.12941177 0.09019608]  [0.13333334 0.12941177 0.09019608]  [0.         0.         0.        ]] [[0.63529414 0.52156866 0.29803923]  [0.63529414 0.52156866 0.29803923]  [0.63529414 0.52156866 0.29803923]  ...  [0.13333334 0.12941177 0.09019608]  [0.13333334 0.12941177 0.09019608]  [0.         0.         0.        ]] [[0.         0.         0.        ]  [0.         0.         0.        ]  [0.         0.         0.        ]  ...  [0.         0.         0.        ]  [0.         0.         0.        ]  [0.         0.         0.        ]]]",5.153601020865608,1200,/home/amos/media/tv/Carnivale S01-S02 web 10bit hevc-d3g/Carnivale S02/Carnivale.S02E10.1080p.WEBRip.10Bit.EAC3.H265-d3g.mkv55,1080,1920,2,62,776,1499,62,1026018,0.495,"[[[0.81960785 0.6666667  0.50980395]  [0.81960785 0.6666667  0.50980395]  [0.8235294  0.6666667  0.49411765]  ...  [0.7490196  0.5764706  0.37254903]  [0.7490196  0.5764706  0.37254903]  [0.7490196  0.5764706  0.37254903]] [[0.81960785 0.6666667  0.50980395]  [0.81960785 0.6666667  0.50980395]  [0.8235294  0.6666667  0.49411765]  ...  [0.7490196  0.5764706  0.37254903]  [0.7490196  0.5764706  0.37254903]  [0.7490196  0.5764706  0.37254903]] [[0.8156863  0.6627451  0.5019608 ]  [0.8156863  0.6627451  0.5019608 ]  [0.81960785 0.6627451  0.49019608]  ...  [0.7490196  0.5764706  0.36862746]  [0.7490196  0.5764706  0.37254903]  [0.7490196  0.5764706  0.37254903]] ... [[0.79607844 0.6117647  0.40784314]  [0.79607844 0.6117647  0.40784314]  [0.79607844 0.6117647  0.40784314]  ...  [0.5372549  0.3647059  0.2       ]  [0.5372549  0.3647059  0.19607843]  [0.5372549  0.3647059  0.19607843]] [[0.79607844 0.6117647  0.40784314]  [0.79607844 0.6117647  0.40784314]  [0.79607844 0.6117647  0.40784314]  ...  [0.5372549  0.3647059  0.2       ]  [0.5372549  0.3647059  0.19607843]  [0.5372549  0.3647059  0.19607843]] [[0.79607844 0.6117647  0.40784314]  [0.79607844 0.6117647  0.40784314]  [0.79607844 0.6117647  0.40784314]  ...  [0.5372549  0.3647059  0.2       ]  [0.5372549  0.3647059  0.19607843]  [0.5372549  0.3647059  0.19607843]]]",0.9365061155403964,1200,/home/amos/media/tv/Carnivale S01-S02 web 10bit hevc-d3g/Carnivale S02/Carnivale.S02E10.1080p.WEBRip.10Bit.EAC3.H265-d3g.mkv56,1080,1920,0,67,297,1242,67,270250,0.13,"[[[0.03529412 0.09803922 0.07450981]  [0.03529412 0.09803922 0.07450981]  [0.03529412 0.09803922 0.07450981]  ...  [0.00784314 0.08235294 0.0627451 ]  [0.00784314 0.08235294 0.0627451 ]  [0.00784314 0.08235294 0.0627451 ]] [[0.03529412 0.09803922 0.07450981]  [0.03529412 0.09803922 0.07450981]  [0.03529412 0.09803922 0.07450981]  ...  [0.00784314 0.08235294 0.0627451 ]  [0.00784314 0.08235294 0.0627451 ]  [0.00784314 0.08235294 0.0627451 ]] [[0.03529412 0.09803922 0.07450981]  [0.03529412 0.09803922 0.07450981]  [0.03529412 0.09803922 0.07450981]  ...  [0.00784314 0.08235294 0.0627451 ]  [0.00784314 0.08235294 0.0627451 ]  [0.00784314 0.08235294 0.0627451 ]] ... [[0.14117648 0.14117648 0.10196079]  [0.14117648 0.14117648 0.10196079]  [0.14117648 0.14117648 0.10196079]  ...  [0.32156864 0.23529412 0.14117648]  [0.3372549  0.25490198 0.14509805]  [0.3372549  0.25490198 0.14509805]] [[0.14117648 0.14117648 0.10196079]  [0.14117648 0.14117648 0.10196079]  [0.14117648 0.14117648 0.10196079]  ...  [0.3254902  0.23921569 0.14509805]  [0.34117648 0.25882354 0.14901961]  [0.34117648 0.25882354 0.14901961]] [[0.14117648 0.14117648 0.10196079]  [0.14117648 0.14117648 0.10196079]  [0.14117648 0.14117648 0.10196079]  ...  [0.3254902  0.23921569 0.14509805]  [0.34117648 0.25882354 0.14901961]  [0.34117648 0.25882354 0.14901961]]]",3.177937131782528,1224,/home/amos/media/tv/Carnivale S01-S02 web 10bit hevc-d3g/Carnivale S02/Carnivale.S02E10.1080p.WEBRip.10Bit.EAC3.H265-d3g.mkv57,1080,1920,0,95,335,1158,95,255120,0.123,"[[[0.03529412 0.09019608 0.07843138]  [0.03529412 0.09019608 0.07843138]  [0.03137255 0.08627451 0.07450981]  ...  [0.02745098 0.07843138 0.07450981]  [0.02745098 0.07450981 0.07058824]  [0.         0.         0.        ]] [[0.03529412 0.09019608 0.07843138]  [0.03529412 0.09019608 0.07843138]  [0.03529412 0.09019608 0.07843138]  ...  [0.02745098 0.07450981 0.07058824]  [0.02745098 0.07450981 0.06666667]  [0.         0.         0.        ]] [[0.03137255 0.09019608 0.07843138]  [0.03529412 0.09019608 0.07843138]  [0.03529412 0.09411765 0.08235294]  ...  [0.02745098 0.07450981 0.07058824]  [0.02352941 0.07058824 0.06666667]  [0.         0.         0.        ]] ... [[0.09019608 0.12156863 0.08627451]  [0.09019608 0.12156863 0.08627451]  [0.09411765 0.12156863 0.08627451]  ...  [0.16862746 0.12156863 0.10588235]  [0.16862746 0.12156863 0.10980392]  [0.         0.         0.        ]] [[0.09019608 0.12156863 0.08627451]  [0.09019608 0.12156863 0.08627451]  [0.09411765 0.1254902  0.08627451]  ...  [0.17254902 0.12156863 0.10588235]  [0.16862746 0.12156863 0.10980392]  [0.         0.         0.        ]] [[0.         0.         0.        ]  [0.         0.         0.        ]  [0.         0.         0.        ]  ...  [0.         0.         0.        ]  [0.         0.         0.        ]  [0.         0.         0.        ]]]",4.2927589530008845,1248,/home/amos/media/tv/Carnivale S01-S02 web 10bit hevc-d3g/Carnivale S02/Carnivale.S02E10.1080p.WEBRip.10Bit.EAC3.H265-d3g.mkv58,1080,1920,0,60,322,890,60,217460,0.105,"[[[0.01176471 0.02745098 0.01960784]  [0.01176471 0.02745098 0.01960784]  [0.01176471 0.02745098 0.01960784]  ...  [0.02352941 0.0627451  0.0627451 ]  [0.02352941 0.0627451  0.0627451 ]  [0.02352941 0.0627451  0.0627451 ]] [[0.01176471 0.02745098 0.01960784]  [0.01176471 0.02745098 0.01960784]  [0.01176471 0.02745098 0.01960784]  ...  [0.02352941 0.0627451  0.0627451 ]  [0.02352941 0.0627451  0.0627451 ]  [0.02352941 0.0627451  0.0627451 ]] [[0.01176471 0.02745098 0.01960784]  [0.01176471 0.02745098 0.01960784]  [0.01176471 0.02745098 0.01960784]  ...  [0.02352941 0.0627451  0.0627451 ]  [0.02352941 0.0627451  0.0627451 ]  [0.02352941 0.0627451  0.0627451 ]] ... [[0.16862746 0.10196079 0.09019608]  [0.16862746 0.10196079 0.09019608]  [0.16862746 0.10196079 0.09019608]  ...  [0.05882353 0.09803922 0.06666667]  [0.05882353 0.10196079 0.06666667]  [0.05882353 0.10196079 0.06666667]] [[0.16862746 0.10196079 0.09019608]  [0.16862746 0.10196079 0.09019608]  [0.16862746 0.10196079 0.09019608]  ...  [0.05490196 0.09411765 0.06666667]  [0.05882353 0.09803922 0.06666667]  [0.05882353 0.09803922 0.06666667]] [[0.16862746 0.10196079 0.09019608]  [0.16862746 0.10196079 0.09019608]  [0.16862746 0.10196079 0.09019608]  ...  [0.05882353 0.09803922 0.06666667]  [0.05882353 0.09803922 0.06666667]  [0.05882353 0.09803922 0.06666667]]]",7.254359041049611,1272,/home/amos/media/tv/Carnivale S01-S02 web 10bit hevc-d3g/Carnivale S02/Carnivale.S02E10.1080p.WEBRip.10Bit.EAC3.H265-d3g.mkv59,1080,1920,0,73,716,1297,73,787032,0.38,"[[[0.08235294 0.09803922 0.09803922]  [0.08235294 0.09803922 0.09803922]  [0.08235294 0.09803922 0.09803922]  ...  [0.2901961  0.25882354 0.18039216]  [0.2901961  0.2627451  0.18431373]  [0.2901961  0.2627451  0.18431373]] [[0.08235294 0.09803922 0.09803922]  [0.08235294 0.09803922 0.09803922]  [0.08235294 0.09803922 0.10196079]  ...  [0.2901961  0.25882354 0.18431373]  [0.2901961  0.2627451  0.18431373]  [0.2901961  0.2627451  0.18431373]] [[0.08235294 0.09803922 0.09803922]  [0.08235294 0.09803922 0.09803922]  [0.08235294 0.09803922 0.10196079]  ...  [0.28627452 0.25882354 0.18039216]  [0.28627452 0.25882354 0.18039216]  [0.28627452 0.25882354 0.18039216]] ... [[0.20392157 0.19607843 0.13725491]  [0.20392157 0.19607843 0.13725491]  [0.20784314 0.19607843 0.14117648]  ...  [0.20392157 0.2        0.12156863]  [0.2        0.19607843 0.11764706]  [0.2        0.19607843 0.11764706]] [[0.20392157 0.19607843 0.13725491]  [0.20392157 0.19607843 0.13725491]  [0.20784314 0.2        0.13725491]  ...  [0.20392157 0.2        0.12156863]  [0.2        0.19607843 0.11764706]  [0.2        0.19607843 0.11764706]] [[0.20392157 0.19607843 0.13725491]  [0.20392157 0.19607843 0.13725491]  [0.20784314 0.2        0.14117648]  ...  [0.2        0.2        0.12156863]  [0.2        0.19607843 0.11764706]  [0.2        0.19607843 0.11764706]]]",1.2381051414413378,1296,/home/amos/media/tv/Carnivale S01-S02 web 10bit hevc-d3g/Carnivale S02/Carnivale.S02E10.1080p.WEBRip.10Bit.EAC3.H265-d3g.mkv60,1080,1920,0,49,17,161,49,3584,0.002,"[[[0. 0. 0.]  [0. 0. 0.]  [0. 0. 0.]  ...  [0. 0. 0.]  [0. 0. 0.]  [0. 0. 0.]] [[0. 0. 0.]  [0. 0. 0.]  [0. 0. 0.]  ...  [0. 0. 0.]  [0. 0. 0.]  [0. 0. 0.]] [[0. 0. 0.]  [0. 0. 0.]  [0. 0. 0.]  ...  [0. 0. 0.]  [0. 0. 0.]  [0. 0. 0.]] ... [[0. 0. 0.]  [0. 0. 0.]  [0. 0. 0.]  ...  [0. 0. 0.]  [0. 0. 0.]  [0. 0. 0.]] [[0. 0. 0.]  [0. 0. 0.]  [0. 0. 0.]  ...  [0. 0. 0.]  [0. 0. 0.]  [0. 0. 0.]] [[0. 0. 0.]  [0. 0. 0.]  [0. 0. 0.]  ...  [0. 0. 0.]  [0. 0. 0.]  [0. 0. 0.]]]",4.962971014378127,1392,/home/amos/media/tv/Carnivale S01-S02 web 10bit hevc-d3g/Carnivale S02/Carnivale.S02E10.1080p.WEBRip.10Bit.EAC3.H265-d3g.mkv61,1080,1920,1,61,60,1634,61,1573,0.001,"[[[0.2509804  0.23921569 0.19215687]  [0.2509804  0.23921569 0.19215687]  [0.24705882 0.23529412 0.1882353 ]  ...  [0.         0.         0.        ]  [0.         0.         0.        ]  [0.         0.         0.        ]] [[0.2509804  0.23921569 0.19215687]  [0.2509804  0.23921569 0.19215687]  [0.24705882 0.23529412 0.1882353 ]  ...  [0.         0.         0.        ]  [0.         0.         0.        ]  [0.         0.         0.        ]] [[0.25490198 0.23921569 0.19607843]  [0.25490198 0.23921569 0.19607843]  [0.24705882 0.23529412 0.19215687]  ...  [0.         0.         0.        ]  [0.         0.         0.        ]  [0.         0.         0.        ]] ... [[0.         0.         0.        ]  [0.         0.         0.        ]  [0.         0.         0.        ]  ...  [0.00392157 0.         0.        ]  [0.         0.         0.        ]  [0.         0.         0.        ]] [[0.         0.         0.        ]  [0.         0.         0.        ]  [0.         0.         0.        ]  ...  [0.00392157 0.         0.        ]  [0.         0.         0.        ]  [0.         0.         0.        ]] [[0.         0.         0.        ]  [0.         0.         0.        ]  [0.         0.         0.        ]  ...  [0.00392157 0.         0.        ]  [0.         0.         0.        ]  [0.         0.         0.        ]]]",6.554559095471632,1392,/home/amos/media/tv/Carnivale S01-S02 web 10bit hevc-d3g/Carnivale S02/Carnivale.S02E10.1080p.WEBRip.10Bit.EAC3.H265-d3g.mkv62,1080,1920,2,121,209,1778,121,145816,0.07,"[[[0.2509804  0.23529412 0.14509805]  [0.2509804  0.23137255 0.14509805]  [0.24705882 0.23137255 0.14117648]  ...  [0.2784314  0.2509804  0.1764706 ]  [0.27450982 0.24313726 0.17254902]  [0.27058825 0.24313726 0.17254902]] [[0.2509804  0.23529412 0.14901961]  [0.2509804  0.23529412 0.14901961]  [0.2509804  0.23529412 0.14509805]  ...  [0.2784314  0.2509804  0.1764706 ]  [0.27450982 0.24705882 0.17254902]  [0.27058825 0.24313726 0.17254902]] [[0.25882354 0.23921569 0.15686275]  [0.25882354 0.23921569 0.15686275]  [0.25490198 0.23921569 0.15686275]  ...  [0.2784314  0.25490198 0.1764706 ]  [0.27450982 0.24705882 0.17254902]  [0.27450982 0.24705882 0.16862746]] ... [[0.62352943 0.5921569  0.4862745 ]  [0.62352943 0.5921569  0.4862745 ]  [0.62352943 0.5921569  0.4862745 ]  ...  [0.4        0.38039216 0.27450982]  [0.4        0.3764706  0.27450982]  [0.4        0.3764706  0.27450982]] [[0.62352943 0.5921569  0.4862745 ]  [0.62352943 0.5921569  0.4862745 ]  [0.62352943 0.5921569  0.4862745 ]  ...  [0.4        0.38039216 0.27058825]  [0.39607844 0.37254903 0.27058825]  [0.39215687 0.37254903 0.26666668]] [[0.62352943 0.5921569  0.4862745 ]  [0.62352943 0.5921569  0.4862745 ]  [0.62352943 0.5921569  0.4862745 ]  ...  [0.4        0.3764706  0.27058825]  [0.39215687 0.37254903 0.26666668]  [0.39215687 0.36862746 0.26666668]]]",3.1112722337129526,1392,/home/amos/media/tv/Carnivale S01-S02 web 10bit hevc-d3g/Carnivale S02/Carnivale.S02E10.1080p.WEBRip.10Bit.EAC3.H265-d3g.mkv63,1080,1920,3,63,249,765,63,130572,0.063,"[[[0.6431373  0.65882355 0.5803922 ]  [0.6431373  0.65882355 0.5803922 ]  [0.6392157  0.6509804  0.5764706 ]  ...  [0.09803922 0.10588235 0.11372549]  [0.09411765 0.10588235 0.10980392]  [0.09411765 0.10588235 0.10980392]] [[0.6431373  0.65882355 0.5803922 ]  [0.6431373  0.65882355 0.5803922 ]  [0.6392157  0.654902   0.5764706 ]  ...  [0.09411765 0.10588235 0.10980392]  [0.09411765 0.10588235 0.10980392]  [0.09411765 0.10588235 0.10980392]] [[0.654902   0.6745098  0.59607846]  [0.654902   0.6745098  0.59607846]  [0.6509804  0.6666667  0.5921569 ]  ...  [0.09411765 0.10980392 0.11372549]  [0.09411765 0.10588235 0.10980392]  [0.09411765 0.10588235 0.10980392]] ... [[0.5058824  0.47843137 0.40784314]  [0.5058824  0.47843137 0.40784314]  [0.5058824  0.48235294 0.40784314]  ...  [0.01176471 0.02352941 0.03137255]  [0.00784314 0.01960784 0.02745098]  [0.00784314 0.01960784 0.02745098]] [[0.50980395 0.48235294 0.4117647 ]  [0.50980395 0.48235294 0.4117647 ]  [0.50980395 0.48235294 0.4117647 ]  ...  [0.00784314 0.01960784 0.03137255]  [0.00784314 0.01960784 0.02745098]  [0.00784314 0.01960784 0.02745098]] [[0.50980395 0.48235294 0.4117647 ]  [0.50980395 0.48235294 0.4117647 ]  [0.50980395 0.48235294 0.4117647 ]  ...  [0.00784314 0.02352941 0.02745098]  [0.00784314 0.01960784 0.02745098]  [0.00784314 0.01960784 0.02745098]]]",3.611255126015749,1392,/home/amos/media/tv/Carnivale S01-S02 web 10bit hevc-d3g/Carnivale S02/Carnivale.S02E10.1080p.WEBRip.10Bit.EAC3.H265-d3g.mkv64,1080,1920,4,79,314,1140,79,249335,0.12,"[[[0.5058824  0.4745098  0.39215687]  [0.5058824  0.4745098  0.39215687]  [0.5058824  0.4745098  0.39215687]  ...  [0.14509805 0.16470589 0.15686275]  [0.1254902  0.14509805 0.14117648]  [0.1254902  0.14509805 0.14117648]] [[0.5058824  0.4745098  0.39215687]  [0.5058824  0.4745098  0.39215687]  [0.5058824  0.4745098  0.39215687]  ...  [0.14509805 0.16470589 0.15686275]  [0.1254902  0.14509805 0.14117648]  [0.1254902  0.14509805 0.14117648]] [[0.5058824  0.4745098  0.39607844]  [0.5058824  0.4745098  0.39607844]  [0.5058824  0.47058824 0.39607844]  ...  [0.14901961 0.16862746 0.16078432]  [0.12941177 0.14901961 0.14509805]  [0.12941177 0.14901961 0.14509805]] ... [[0.27058825 0.2784314  0.24705882]  [0.27058825 0.2784314  0.24705882]  [0.26666668 0.27450982 0.24313726]  ...  [0.6745098  0.6627451  0.5686275 ]  [0.6745098  0.65882355 0.56078434]  [0.6745098  0.65882355 0.56078434]] [[0.2627451  0.27058825 0.23921569]  [0.2627451  0.27058825 0.23921569]  [0.25882354 0.26666668 0.23529412]  ...  [0.67058825 0.65882355 0.5647059 ]  [0.67058825 0.654902   0.56078434]  [0.67058825 0.654902   0.56078434]] [[0.2627451  0.27058825 0.23921569]  [0.2627451  0.27058825 0.23921569]  [0.25882354 0.26666668 0.23529412]  ...  [0.67058825 0.65882355 0.5647059 ]  [0.67058825 0.654902   0.56078434]  [0.67058825 0.654902   0.56078434]]]",7.72119908867171,1392,/home/amos/media/tv/Carnivale S01-S02 web 10bit hevc-d3g/Carnivale S02/Carnivale.S02E10.1080p.WEBRip.10Bit.EAC3.H265-d3g.mkv65,1080,1920,0,47,146,1153,47,109494,0.053,"[[[0.58431375 0.5764706  0.53333336]  [0.58431375 0.5764706  0.53333336]  [0.58431375 0.5764706  0.53333336]  ...  [0.10196079 0.09803922 0.08235294]  [0.10196079 0.09803922 0.08235294]  [0.10196079 0.09803922 0.08235294]] [[0.58431375 0.5764706  0.53333336]  [0.58431375 0.5764706  0.53333336]  [0.58431375 0.5764706  0.53333336]  ...  [0.10196079 0.09803922 0.08235294]  [0.10196079 0.09803922 0.08235294]  [0.10196079 0.09803922 0.08235294]] [[0.58431375 0.5764706  0.53333336]  [0.58431375 0.5764706  0.53333336]  [0.58431375 0.5764706  0.53333336]  ...  [0.09803922 0.09411765 0.07843138]  [0.10196079 0.09803922 0.08235294]  [0.10196079 0.09803922 0.08235294]] ... [[0.01176471 0.01568628 0.02745098]  [0.01176471 0.01568628 0.02745098]  [0.01176471 0.01568628 0.02745098]  ...  [0.6745098  0.6627451  0.54901963]  [0.6745098  0.6666667  0.5529412 ]  [0.6745098  0.6666667  0.5529412 ]] [[0.01176471 0.01568628 0.02745098]  [0.01176471 0.01568628 0.02745098]  [0.01176471 0.01568628 0.02745098]  ...  [0.6745098  0.6666667  0.5529412 ]  [0.6745098  0.6666667  0.5529412 ]  [0.6745098  0.6666667  0.5529412 ]] [[0.01176471 0.01568628 0.02745098]  [0.01176471 0.01568628 0.02745098]  [0.01176471 0.01568628 0.02745098]  ...  [0.6745098  0.6666667  0.5529412 ]  [0.6745098  0.6666667  0.5529412 ]  [0.6745098  0.6666667  0.5529412 ]]]",2.733735077024903,1416,/home/amos/media/tv/Carnivale S01-S02 web 10bit hevc-d3g/Carnivale S02/Carnivale.S02E10.1080p.WEBRip.10Bit.EAC3.H265-d3g.mkv66,1080,1920,1,98,81,1487,98,23613,0.011,"[[[0.         0.         0.        ]  [0.         0.         0.        ]  [0.         0.         0.        ]  ...  [0.84313726 0.8117647  0.70980394]  [0.87058824 0.8392157  0.7254902 ]  [0.8784314  0.84705883 0.73333335]] [[0.         0.         0.        ]  [0.         0.         0.        ]  [0.         0.         0.        ]  ...  [0.8352941  0.8039216  0.7019608 ]  [0.8627451  0.83137256 0.72156864]  [0.8745098  0.84313726 0.7294118 ]] [[0.         0.         0.        ]  [0.         0.         0.        ]  [0.         0.         0.        ]  ...  [0.8156863  0.78431374 0.6862745 ]  [0.8509804  0.81960785 0.70980394]  [0.8627451  0.83137256 0.7176471 ]] ... [[1.         0.9882353  0.87058824]  [1.         0.9882353  0.8745098 ]  [1.         0.9882353  0.8745098 ]  ...  [0.68235296 0.6392157  0.5254902 ]  [0.6901961  0.6431373  0.5294118 ]  [0.69411767 0.64705884 0.53333336]] [[1.         0.9882353  0.87058824]  [1.         0.9882353  0.87058824]  [1.         0.9882353  0.8745098 ]  ...  [0.69411767 0.64705884 0.53333336]  [0.69803923 0.6509804  0.5411765 ]  [0.7019608  0.654902   0.5411765 ]] [[1.         0.9882353  0.87058824]  [1.         0.9882353  0.87058824]  [1.         0.99215686 0.87058824]  ...  [0.69411767 0.6509804  0.53333336]  [0.7019608  0.654902   0.5411765 ]  [0.7058824  0.65882355 0.54509807]]]",7.4584941667853855,1416,/home/amos/media/tv/Carnivale S01-S02 web 10bit hevc-d3g/Carnivale S02/Carnivale.S02E10.1080p.WEBRip.10Bit.EAC3.H265-d3g.mkv67,1080,1920,2,79,41,1200,79,42598,0.021,"[[[0.50980395 0.4745098  0.36862746]  [0.5058824  0.4745098  0.36862746]  [0.4862745  0.4509804  0.34509805]  ...  [0.07843138 0.07058824 0.03921569]  [0.07843138 0.07058824 0.04313726]  [0.07843138 0.07058824 0.04313726]] [[0.50980395 0.4745098  0.36862746]  [0.50980395 0.4745098  0.36862746]  [0.4862745  0.4509804  0.34509805]  ...  [0.07843138 0.07058824 0.04313726]  [0.07843138 0.07058824 0.04313726]  [0.07843138 0.07058824 0.04313726]] [[0.5137255  0.47843137 0.37254903]  [0.50980395 0.4745098  0.36862746]  [0.4862745  0.4509804  0.34509805]  ...  [0.08235294 0.07450981 0.04313726]  [0.08235294 0.07450981 0.04705882]  [0.08235294 0.07450981 0.04705882]] ... [[0.9529412  0.91764706 0.8117647 ]  [0.9529412  0.91764706 0.8117647 ]  [0.9372549  0.9019608  0.79607844]  ...  [0.18431373 0.18039216 0.16470589]  [0.18431373 0.1764706  0.16078432]  [0.18431373 0.1764706  0.16078432]] [[0.9490196  0.9137255  0.80784315]  [0.9490196  0.9137255  0.80784315]  [0.92941177 0.89411765 0.7882353 ]  ...  [0.18431373 0.1764706  0.16078432]  [0.18039216 0.17254902 0.15686275]  [0.18039216 0.17254902 0.15686275]] [[0.9490196  0.9137255  0.80784315]  [0.94509804 0.9137255  0.80784315]  [0.92941177 0.89411765 0.7882353 ]  ...  [0.18431373 0.1764706  0.16078432]  [0.18039216 0.17254902 0.15686275]  [0.18039216 0.17254902 0.15686275]]]",8.547099098737817,1416,/home/amos/media/tv/Carnivale S01-S02 web 10bit hevc-d3g/Carnivale S02/Carnivale.S02E10.1080p.WEBRip.10Bit.EAC3.H265-d3g.mkv68,1080,1920,3,100,193,958,100,79794,0.038,"[[[0.32941177 0.32156864 0.2627451 ]  [0.33333334 0.3254902  0.26666668]  [0.34509805 0.3372549  0.2784314 ]  ...  [0.03529412 0.03921569 0.03137255]  [0.02745098 0.03137255 0.02352941]  [0.02745098 0.03137255 0.02352941]] [[0.3254902  0.31764707 0.25882354]  [0.32941177 0.32156864 0.2627451 ]  [0.34117648 0.33333334 0.27450982]  ...  [0.03529412 0.03921569 0.03137255]  [0.02745098 0.03529412 0.02745098]  [0.02745098 0.03137255 0.02352941]] [[0.3137255  0.30980393 0.2509804 ]  [0.31764707 0.3137255  0.25490198]  [0.3254902  0.32156864 0.2627451 ]  ...  [0.03529412 0.03921569 0.03137255]  [0.03137255 0.03529412 0.02745098]  [0.02745098 0.03529412 0.02745098]] ... [[0.49019608 0.4627451  0.3882353 ]  [0.49019608 0.4627451  0.3882353 ]  [0.4862745  0.45882353 0.38431373]  ...  [0.04313726 0.06666667 0.07058824]  [0.04313726 0.06666667 0.07058824]  [0.04313726 0.0627451  0.07058824]] [[0.49411765 0.46666667 0.39215687]  [0.49411765 0.4627451  0.3882353 ]  [0.49019608 0.4627451  0.3882353 ]  ...  [0.04313726 0.06666667 0.07058824]  [0.03921569 0.0627451  0.06666667]  [0.03921569 0.0627451  0.06666667]] [[0.49411765 0.46666667 0.39215687]  [0.49411765 0.46666667 0.39215687]  [0.49019608 0.4627451  0.3882353 ]  ...  [0.03921569 0.06666667 0.06666667]  [0.03921569 0.0627451  0.06666667]  [0.03921569 0.0627451  0.06666667]]]",7.337976077978965,1416,/home/amos/media/tv/Carnivale S01-S02 web 10bit hevc-d3g/Carnivale S02/Carnivale.S02E10.1080p.WEBRip.10Bit.EAC3.H265-d3g.mkv69,1080,1920,4,100,188,482,100,33616,0.016,"[[[0.15294118 0.14901961 0.10588235]  [0.14509805 0.14117648 0.09803922]  [0.12941177 0.1254902  0.08235294]  ...  [0.18431373 0.16862746 0.13333334]  [0.2        0.18039216 0.14509805]  [0.20392157 0.1882353  0.15294118]] [[0.14117648 0.14117648 0.09803922]  [0.13725491 0.13333334 0.09411765]  [0.12156863 0.11764706 0.07450981]  ...  [0.1764706  0.16078432 0.1254902 ]  [0.19215687 0.17254902 0.14117648]  [0.19607843 0.18039216 0.14509805]] [[0.11764706 0.11764706 0.07843138]  [0.11372549 0.10980392 0.07450981]  [0.09803922 0.09803922 0.05882353]  ...  [0.15686275 0.14117648 0.10980392]  [0.16862746 0.15294118 0.12156863]  [0.17254902 0.15686275 0.12941177]] ... [[0.5254902  0.5019608  0.44313726]  [0.5137255  0.49019608 0.43137255]  [0.49019608 0.4627451  0.40392157]  ...  [0.02745098 0.01568628 0.02352941]  [0.02745098 0.01568628 0.02352941]  [0.02745098 0.01568628 0.02352941]] [[0.5372549  0.5137255  0.45490196]  [0.5294118  0.5019608  0.44313726]  [0.49803922 0.47058824 0.4117647 ]  ...  [0.02745098 0.01568628 0.02352941]  [0.02745098 0.01568628 0.02352941]  [0.02745098 0.01568628 0.02352941]] [[0.54509807 0.5176471  0.45882353]  [0.53333336 0.5058824  0.44705883]  [0.5019608  0.4745098  0.41568628]  ...  [0.02745098 0.01568628 0.02352941]  [0.02745098 0.01568628 0.02352941]  [0.02745098 0.01568628 0.02352941]]]",8.50846609956352,1416,/home/amos/media/tv/Carnivale S01-S02 web 10bit hevc-d3g/Carnivale S02/Carnivale.S02E10.1080p.WEBRip.10Bit.EAC3.H265-d3g.mkv70,1080,1920,5,89,9,628,89,43120,0.021,"[[[0. 0. 0.]  [0. 0. 0.]  [0. 0. 0.]  ...  [0. 0. 0.]  [0. 0. 0.]  [0. 0. 0.]] [[0. 0. 0.]  [0. 0. 0.]  [0. 0. 0.]  ...  [0. 0. 0.]  [0. 0. 0.]  [0. 0. 0.]] [[0. 0. 0.]  [0. 0. 0.]  [0. 0. 0.]  ...  [0. 0. 0.]  [0. 0. 0.]  [0. 0. 0.]] ... [[0. 0. 0.]  [0. 0. 0.]  [0. 0. 0.]  ...  [0. 0. 0.]  [0. 0. 0.]  [0. 0. 0.]] [[0. 0. 0.]  [0. 0. 0.]  [0. 0. 0.]  ...  [0. 0. 0.]  [0. 0. 0.]  [0. 0. 0.]] [[0. 0. 0.]  [0. 0. 0.]  [0. 0. 0.]  ...  [0. 0. 0.]  [0. 0. 0.]  [0. 0. 0.]]]",7.151679082715418,1416,/home/amos/media/tv/Carnivale S01-S02 web 10bit hevc-d3g/Carnivale S02/Carnivale.S02E10.1080p.WEBRip.10Bit.EAC3.H265-d3g.mkv71,1080,1920,6,86,3,1742,86,137448,0.066,"[[[0.01568628 0.         0.        ]  [0.01568628 0.         0.        ]  [0.02352941 0.00392157 0.00392157]  ...  [0.         0.         0.        ]  [0.         0.         0.        ]  [0.         0.         0.        ]] [[0.01568628 0.         0.        ]  [0.01568628 0.         0.        ]  [0.01960784 0.00392157 0.00392157]  ...  [0.         0.         0.        ]  [0.         0.         0.        ]  [0.         0.         0.        ]] [[0.01176471 0.         0.        ]  [0.01176471 0.         0.        ]  [0.01568628 0.00392157 0.        ]  ...  [0.         0.         0.        ]  [0.         0.         0.        ]  [0.         0.         0.        ]] ... [[0.30980393 0.29411766 0.22352941]  [0.31764707 0.3019608  0.23137255]  [0.35686275 0.34117648 0.27058825]  ...  [0.7490196  0.7058824  0.5921569 ]  [0.7490196  0.7058824  0.5921569 ]  [0.7490196  0.7058824  0.5921569 ]] [[0.3019608  0.28627452 0.21568628]  [0.30980393 0.29411766 0.22352941]  [0.34901962 0.33333334 0.2627451 ]  ...  [0.74509805 0.7019608  0.5882353 ]  [0.74509805 0.7019608  0.5882353 ]  [0.74509805 0.7019608  0.5882353 ]] [[0.3019608  0.28627452 0.21568628]  [0.30980393 0.29411766 0.22352941]  [0.34901962 0.33333334 0.2627451 ]  ...  [0.7411765  0.7019608  0.58431375]  [0.74509805 0.7019608  0.5882353 ]  [0.74509805 0.7019608  0.5882353 ]]]",5.729624200728722,1416,/home/amos/media/tv/Carnivale S01-S02 web 10bit hevc-d3g/Carnivale S02/Carnivale.S02E10.1080p.WEBRip.10Bit.EAC3.H265-d3g.mkv72,1080,1920,7,109,201,1207,109,101016,0.049,"[[[0.02352941 0.01960784 0.00392157]  [0.01960784 0.01568628 0.00392157]  [0.01568628 0.01176471 0.        ]  ...  [0.         0.00784314 0.00784314]  [0.         0.00392157 0.00392157]  [0.         0.00392157 0.00392157]] [[0.01960784 0.01568628 0.00392157]  [0.01960784 0.01568628 0.00392157]  [0.01176471 0.00784314 0.        ]  ...  [0.         0.00784314 0.00784314]  [0.         0.00392157 0.00392157]  [0.         0.00392157 0.00392157]] [[0.01568628 0.01176471 0.        ]  [0.01568628 0.01176471 0.        ]  [0.00784314 0.00392157 0.        ]  ...  [0.         0.00784314 0.00784314]  [0.         0.00784314 0.00784314]  [0.         0.00784314 0.00784314]] ... [[0.6862745  0.6666667  0.59607846]  [0.69803923 0.6784314  0.6039216 ]  [0.7176471  0.69803923 0.62352943]  ...  [0.36862746 0.32156864 0.23137255]  [0.41568628 0.36862746 0.2784314 ]  [0.4392157  0.39215687 0.3019608 ]] [[0.67058825 0.654902   0.5803922 ]  [0.68235296 0.6627451  0.5921569 ]  [0.7058824  0.6862745  0.60784316]  ...  [0.3529412  0.30588236 0.21568628]  [0.40392157 0.35686275 0.26666668]  [0.42352942 0.3764706  0.28627452]] [[0.6666667  0.64705884 0.5764706 ]  [0.6784314  0.65882355 0.58431375]  [0.69803923 0.68235296 0.6       ]  ...  [0.34509805 0.29803923 0.20784314]  [0.39607844 0.34901962 0.25882354]  [0.41960785 0.37254903 0.28235295]]]",8.663083186023869,1416,/home/amos/media/tv/Carnivale S01-S02 web 10bit hevc-d3g/Carnivale S02/Carnivale.S02E10.1080p.WEBRip.10Bit.EAC3.H265-d3g.mkv73,1080,1920,8,118,586,1631,118,708084,0.341,"[[[0. 0. 0.]  [0. 0. 0.]  [0. 0. 0.]  ...  [0. 0. 0.]  [0. 0. 0.]  [0. 0. 0.]] [[0. 0. 0.]  [0. 0. 0.]  [0. 0. 0.]  ...  [0. 0. 0.]  [0. 0. 0.]  [0. 0. 0.]] [[0. 0. 0.]  [0. 0. 0.]  [0. 0. 0.]  ...  [0. 0. 0.]  [0. 0. 0.]  [0. 0. 0.]] ... [[0. 0. 0.]  [0. 0. 0.]  [0. 0. 0.]  ...  [0. 0. 0.]  [0. 0. 0.]  [0. 0. 0.]] [[0. 0. 0.]  [0. 0. 0.]  [0. 0. 0.]  ...  [0. 0. 0.]  [0. 0. 0.]  [0. 0. 0.]] [[0. 0. 0.]  [0. 0. 0.]  [0. 0. 0.]  ...  [0. 0. 0.]  [0. 0. 0.]  [0. 0. 0.]]]",10.030531122989487,1416,/home/amos/media/tv/Carnivale S01-S02 web 10bit hevc-d3g/Carnivale S02/Carnivale.S02E10.1080p.WEBRip.10Bit.EAC3.H265-d3g.mkv74,1080,1920,9,116,633,325,116,108053,0.052,"[[[0.73333335 0.70980394 0.6       ]  [0.72156864 0.69411767 0.5882353 ]  [0.69411767 0.6627451  0.56078434]  ...  [0.16078432 0.16470589 0.15294118]  [0.14901961 0.15294118 0.14117648]  [0.14509805 0.14901961 0.13725491]] [[0.73333335 0.70980394 0.6       ]  [0.7176471  0.69411767 0.58431375]  [0.69411767 0.6627451  0.56078434]  ...  [0.15686275 0.16078432 0.14901961]  [0.14509805 0.14901961 0.13725491]  [0.14117648 0.14509805 0.13333334]] [[0.73333335 0.70980394 0.6       ]  [0.7176471  0.6901961  0.58431375]  [0.6901961  0.65882355 0.5568628 ]  ...  [0.14901961 0.15294118 0.14117648]  [0.13725491 0.14117648 0.12941177]  [0.13333334 0.13725491 0.1254902 ]] ... [[0.6666667  0.6313726  0.5411765 ]  [0.6862745  0.6509804  0.56078434]  [0.7254902  0.6901961  0.59607846]  ...  [0.58431375 0.5764706  0.5019608 ]  [0.58431375 0.5803922  0.5019608 ]  [0.5882353  0.5803922  0.5019608 ]] [[0.65882355 0.62352943 0.53333336]  [0.6784314  0.6431373  0.5529412 ]  [0.72156864 0.68235296 0.5921569 ]  ...  [0.5686275  0.56078434 0.49019608]  [0.57254905 0.5647059  0.49019608]  [0.5764706  0.5686275  0.49411765]] [[0.654902   0.61960787 0.5294118 ]  [0.6745098  0.6392157  0.54901963]  [0.7176471  0.68235296 0.5921569 ]  ...  [0.56078434 0.5529412  0.48235294]  [0.5647059  0.5568628  0.4862745 ]  [0.5686275  0.56078434 0.49019608]]]",2.9556951133417897,1416,/home/amos/media/tv/Carnivale S01-S02 web 10bit hevc-d3g/Carnivale S02/Carnivale.S02E10.1080p.WEBRip.10Bit.EAC3.H265-d3g.mkv75,1080,1920,0,159,454,133,159,7670,0.004,"[[[0.00392157 0.         0.00392157]  [0.00392157 0.         0.00392157]  [0.00392157 0.         0.00392157]  ...  [0.01176471 0.03529412 0.03921569]  [0.01176471 0.03529412 0.03921569]  [0.         0.         0.        ]] [[0.00392157 0.         0.00392157]  [0.00392157 0.         0.00392157]  [0.00392157 0.         0.00392157]  ...  [0.01176471 0.03529412 0.03921569]  [0.01176471 0.03529412 0.03921569]  [0.         0.         0.        ]] [[0.00392157 0.         0.00392157]  [0.00392157 0.         0.00392157]  [0.00392157 0.         0.00392157]  ...  [0.01176471 0.03529412 0.03921569]  [0.01176471 0.03529412 0.03921569]  [0.         0.         0.        ]] ... [[0.7490196  0.7058824  0.59607846]  [0.7490196  0.7058824  0.59607846]  [0.74509805 0.7019608  0.5921569 ]  ...  [0.05490196 0.07843138 0.08627451]  [0.05490196 0.07843138 0.08627451]  [0.         0.         0.        ]] [[0.74509805 0.7019608  0.5921569 ]  [0.74509805 0.7019608  0.5921569 ]  [0.7411765  0.7019608  0.5921569 ]  ...  [0.05490196 0.07843138 0.08627451]  [0.05882353 0.08235294 0.09019608]  [0.         0.         0.        ]] [[0.         0.         0.        ]  [0.         0.         0.        ]  [0.         0.         0.        ]  ...  [0.         0.         0.        ]  [0.         0.         0.        ]  [0.         0.         0.        ]]]",3.007308076310437,1440,/home/amos/media/tv/Carnivale S01-S02 web 10bit hevc-d3g/Carnivale S02/Carnivale.S02E10.1080p.WEBRip.10Bit.EAC3.H265-d3g.mkv76,1080,1920,1,117,821,1766,117,1160896,0.56,"[[[0.1764706  0.17254902 0.16470589]  [0.18039216 0.1764706  0.16862746]  [0.18431373 0.18039216 0.17254902]  ...  [0.02745098 0.03529412 0.00784314]  [0.03137255 0.03921569 0.01176471]  [0.03529412 0.04313726 0.01176471]] [[0.1764706  0.17254902 0.16470589]  [0.18039216 0.1764706  0.16862746]  [0.1882353  0.18431373 0.1764706 ]  ...  [0.02352941 0.03137255 0.00784314]  [0.02745098 0.03529412 0.00784314]  [0.02745098 0.03529412 0.00784314]] [[0.18039216 0.1764706  0.16862746]  [0.18431373 0.18039216 0.17254902]  [0.19215687 0.1882353  0.18039216]  ...  [0.01568628 0.02352941 0.        ]  [0.01568628 0.02745098 0.00392157]  [0.01960784 0.02745098 0.00392157]] ... [[0.         0.00784314 0.00784314]  [0.         0.00784314 0.00784314]  [0.         0.00784314 0.00784314]  ...  [0.00392157 0.00392157 0.        ]  [0.00392157 0.00392157 0.        ]  [0.00392157 0.00392157 0.        ]] [[0.         0.00784314 0.00784314]  [0.         0.00784314 0.00784314]  [0.         0.00784314 0.00784314]  ...  [0.00392157 0.00392157 0.        ]  [0.00392157 0.00392157 0.        ]  [0.00392157 0.00392157 0.        ]] [[0.         0.00784314 0.00784314]  [0.         0.00784314 0.00784314]  [0.         0.00784314 0.00784314]  ...  [0.00392157 0.00392157 0.        ]  [0.00392157 0.00392157 0.        ]  [0.00392157 0.00392157 0.        ]]]",1.5320731133106165,1440,/home/amos/media/tv/Carnivale S01-S02 web 10bit hevc-d3g/Carnivale S02/Carnivale.S02E10.1080p.WEBRip.10Bit.EAC3.H265-d3g.mkv77,1080,1920,0,54,15,897,54,32877,0.016,"[[[0.         0.00392157 0.00784314]  [0.         0.00392157 0.00784314]  [0.         0.00392157 0.00784314]  ...  [0.20392157 0.20392157 0.14509805]  [0.2        0.20392157 0.14509805]  [0.2        0.20392157 0.14509805]] [[0.         0.00392157 0.00784314]  [0.         0.00392157 0.00784314]  [0.         0.00392157 0.00784314]  ...  [0.2        0.20784314 0.14509805]  [0.2        0.20392157 0.14509805]  [0.2        0.20392157 0.14509805]] [[0.         0.00392157 0.00784314]  [0.         0.00392157 0.00784314]  [0.         0.00392157 0.00784314]  ...  [0.20392157 0.20392157 0.14509805]  [0.2        0.20392157 0.14509805]  [0.2        0.20392157 0.14509805]] ... [[0.15686275 0.16470589 0.12156863]  [0.15686275 0.16470589 0.12156863]  [0.15686275 0.16470589 0.12156863]  ...  [0.29411766 0.25490198 0.18039216]  [0.29411766 0.25490198 0.18039216]  [0.29411766 0.25490198 0.18039216]] [[0.15686275 0.16470589 0.12156863]  [0.15686275 0.16470589 0.12156863]  [0.15686275 0.16470589 0.11764706]  ...  [0.29411766 0.25490198 0.18039216]  [0.29411766 0.25490198 0.18039216]  [0.29411766 0.25490198 0.18039216]] [[0.15686275 0.16470589 0.12156863]  [0.15686275 0.16470589 0.12156863]  [0.15686275 0.16470589 0.12156863]  ...  [0.29411766 0.25490198 0.18039216]  [0.29411766 0.25490198 0.18039216]  [0.29411766 0.25490198 0.18039216]]]",1.3044690866372548,1464,/home/amos/media/tv/Carnivale S01-S02 web 10bit hevc-d3g/Carnivale S02/Carnivale.S02E10.1080p.WEBRip.10Bit.EAC3.H265-d3g.mkv78,1080,1920,1,126,406,1768,126,459760,0.222,"[[[0.08627451 0.11764706 0.08627451]  [0.08627451 0.11764706 0.08627451]  [0.08627451 0.11764706 0.08627451]  ...  [0.40784314 0.38039216 0.28627452]  [0.4117647  0.38431373 0.2901961 ]  [0.4117647  0.38431373 0.2901961 ]] [[0.08627451 0.11764706 0.08627451]  [0.08627451 0.11764706 0.08627451]  [0.08627451 0.11764706 0.08627451]  ...  [0.40784314 0.38039216 0.28627452]  [0.40784314 0.38039216 0.28627452]  [0.4117647  0.38431373 0.2901961 ]] [[0.08627451 0.12156863 0.08627451]  [0.08627451 0.12156863 0.08627451]  [0.08627451 0.12156863 0.08627451]  ...  [0.40392157 0.3764706  0.28235295]  [0.40784314 0.38039216 0.28627452]  [0.4117647  0.38431373 0.2901961 ]] ... [[0.3137255  0.3254902  0.27058825]  [0.3137255  0.3254902  0.27058825]  [0.3137255  0.3254902  0.27058825]  ...  [0.42352942 0.4        0.2901961 ]  [0.42745098 0.40392157 0.29411766]  [0.43137255 0.40784314 0.29803923]] [[0.30588236 0.31764707 0.2627451 ]  [0.30588236 0.31764707 0.2627451 ]  [0.30588236 0.31764707 0.2627451 ]  ...  [0.42352942 0.4        0.2901961 ]  [0.42745098 0.40392157 0.29411766]  [0.43137255 0.40784314 0.29803923]] [[0.29803923 0.30980393 0.25490198]  [0.29803923 0.30980393 0.25490198]  [0.3019608  0.3137255  0.25882354]  ...  [0.42352942 0.4        0.2901961 ]  [0.42745098 0.40392157 0.29411766]  [0.43137255 0.40784314 0.29803923]]]",5.7841800401802175,1464,/home/amos/media/tv/Carnivale S01-S02 web 10bit hevc-d3g/Carnivale S02/Carnivale.S02E10.1080p.WEBRip.10Bit.EAC3.H265-d3g.mkv79,1080,1920,2,120,471,58,120,21762,0.01,"[[[0.         0.         0.        ]  [0.         0.         0.        ]  [0.         0.         0.        ]  ...  [0.25490198 0.27450982 0.23921569]  [0.25490198 0.27450982 0.23921569]  [0.25490198 0.27450982 0.23921569]] [[0.         0.         0.        ]  [0.         0.         0.        ]  [0.         0.         0.        ]  ...  [0.2509804  0.26666668 0.23529412]  [0.2509804  0.26666668 0.23529412]  [0.2509804  0.27058825 0.23529412]] [[0.         0.         0.        ]  [0.         0.         0.        ]  [0.         0.         0.        ]  ...  [0.24313726 0.25882354 0.22745098]  [0.24705882 0.25882354 0.22745098]  [0.24705882 0.25882354 0.22745098]] ... [[0.57254905 0.5137255  0.4117647 ]  [0.5764706  0.5137255  0.4117647 ]  [0.5803922  0.5176471  0.41960785]  ...  [0.5058824  0.46666667 0.36862746]  [0.5058824  0.46666667 0.36862746]  [0.5058824  0.46666667 0.36862746]] [[0.5764706  0.5137255  0.4117647 ]  [0.5803922  0.5137255  0.4117647 ]  [0.5803922  0.5176471  0.41568628]  ...  [0.5058824  0.47058824 0.37254903]  [0.5058824  0.47058824 0.37254903]  [0.5058824  0.47058824 0.37254903]] [[0.5803922  0.5137255  0.4117647 ]  [0.5803922  0.5137255  0.4117647 ]  [0.58431375 0.5176471  0.41568628]  ...  [0.5058824  0.47058824 0.37254903]  [0.5058824  0.47058824 0.37254903]  [0.5058824  0.47058824 0.37254903]]]",3.115228177222889,1464,/home/amos/media/tv/Carnivale S01-S02 web 10bit hevc-d3g/Carnivale S02/Carnivale.S02E10.1080p.WEBRip.10Bit.EAC3.H265-d3g.mkv80,1080,1920,3,70,928,79,70,7722,0.004,"[[[0.7137255  0.6431373  0.49411765]  [0.7137255  0.6431373  0.49411765]  [0.7137255  0.6431373  0.49411765]  ...  [0.77254903 0.69803923 0.54901963]  [0.7764706  0.7019608  0.5529412 ]  [0.7764706  0.7019608  0.5529412 ]] [[0.7137255  0.6431373  0.49411765]  [0.7137255  0.6431373  0.49411765]  [0.7137255  0.6431373  0.49411765]  ...  [0.77254903 0.69803923 0.54901963]  [0.7764706  0.7019608  0.5529412 ]  [0.7764706  0.7019608  0.5529412 ]] [[0.7137255  0.6431373  0.49411765]  [0.7137255  0.6431373  0.49411765]  [0.7137255  0.6431373  0.49411765]  ...  [0.77254903 0.69803923 0.54901963]  [0.7764706  0.7019608  0.5529412 ]  [0.7764706  0.7019608  0.5529412 ]] ... [[0.43529412 0.37254903 0.24705882]  [0.43529412 0.37254903 0.24705882]  [0.43529412 0.37254903 0.24705882]  ...  [0.4627451  0.39215687 0.27058825]  [0.4627451  0.39215687 0.27058825]  [0.4627451  0.39215687 0.27058825]] [[0.43137255 0.36862746 0.24313726]  [0.43137255 0.36862746 0.24313726]  [0.43137255 0.36862746 0.24313726]  ...  [0.4627451  0.39215687 0.27058825]  [0.4627451  0.39215687 0.27058825]  [0.4627451  0.39215687 0.27058825]] [[0.43137255 0.36862746 0.24313726]  [0.43137255 0.36862746 0.24313726]  [0.43529412 0.37254903 0.24705882]  ...  [0.4627451  0.39215687 0.27058825]  [0.4627451  0.39215687 0.27058825]  [0.4627451  0.39215687 0.27058825]]]",6.021280927001499,1464,/home/amos/media/tv/Carnivale S01-S02 web 10bit hevc-d3g/Carnivale S02/Carnivale.S02E10.1080p.WEBRip.10Bit.EAC3.H265-d3g.mkv81,1080,1920,0,63,471,896,63,339864,0.164,"[[[0.48235294 0.3372549  0.17254902]  [0.48235294 0.3372549  0.17254902]  [0.48235294 0.3372549  0.16862746]  ...  [0.25882354 0.1764706  0.12156863]  [0.25882354 0.17254902 0.1254902 ]  [0.25882354 0.17254902 0.1254902 ]] [[0.48235294 0.3372549  0.17254902]  [0.48235294 0.3372549  0.17254902]  [0.48235294 0.33333334 0.16862746]  ...  [0.25882354 0.1764706  0.12156863]  [0.25882354 0.17254902 0.1254902 ]  [0.25882354 0.17254902 0.1254902 ]] [[0.48235294 0.3372549  0.17254902]  [0.48235294 0.3372549  0.17254902]  [0.47843137 0.33333334 0.17254902]  ...  [0.25490198 0.17254902 0.11764706]  [0.25490198 0.16470589 0.12156863]  [0.25490198 0.16470589 0.12156863]] ... [[0.5254902  0.4745098  0.28235295]  [0.5254902  0.4745098  0.28235295]  [0.5254902  0.4745098  0.28235295]  ...  [0.6666667  0.57254905 0.36862746]  [0.6784314  0.5764706  0.36862746]  [0.6784314  0.5764706  0.36862746]] [[0.5294118  0.47843137 0.28627452]  [0.5294118  0.47843137 0.28627452]  [0.5294118  0.47843137 0.28627452]  ...  [0.6627451  0.5686275  0.36862746]  [0.6745098  0.5764706  0.36862746]  [0.6745098  0.5764706  0.36862746]] [[0.5294118  0.47843137 0.28627452]  [0.5294118  0.47843137 0.28627452]  [0.5294118  0.47843137 0.28627452]  ...  [0.6627451  0.57254905 0.3647059 ]  [0.6745098  0.5764706  0.36862746]  [0.6745098  0.5764706  0.36862746]]]",1.2142751062638126,1488,/home/amos/media/tv/Carnivale S01-S02 web 10bit hevc-d3g/Carnivale S02/Carnivale.S02E10.1080p.WEBRip.10Bit.EAC3.H265-d3g.mkv82,1080,1920,0,84,842,909,84,625350,0.302,"[[[0.29803923 0.34901962 0.21568628]  [0.29803923 0.34901962 0.21568628]  [0.3019608  0.3529412  0.22745098]  ...  [0.32156864 0.33333334 0.20784314]  [0.3254902  0.3372549  0.21176471]  [0.3254902  0.3372549  0.21176471]] [[0.29803923 0.34901962 0.21568628]  [0.29803923 0.34901962 0.21568628]  [0.3019608  0.3529412  0.22745098]  ...  [0.32156864 0.33333334 0.20784314]  [0.3254902  0.3372549  0.21176471]  [0.3254902  0.3372549  0.21176471]] [[0.3019608  0.3529412  0.21960784]  [0.3019608  0.3529412  0.21960784]  [0.30588236 0.35686275 0.23137255]  ...  [0.32156864 0.3372549  0.21176471]  [0.32156864 0.3372549  0.21176471]  [0.32156864 0.3372549  0.21176471]] ... [[0.27450982 0.34117648 0.22745098]  [0.27450982 0.34509805 0.22745098]  [0.27450982 0.34509805 0.22745098]  ...  [0.01176471 0.08627451 0.10196079]  [0.01176471 0.08627451 0.10196079]  [0.01568628 0.08627451 0.10196079]] [[0.2784314  0.34117648 0.23137255]  [0.2784314  0.34117648 0.23137255]  [0.27450982 0.34509805 0.22745098]  ...  [0.01176471 0.08235294 0.10196079]  [0.01568628 0.08627451 0.10588235]  [0.01568628 0.08627451 0.10588235]] [[0.2784314  0.34117648 0.23137255]  [0.2784314  0.34117648 0.23137255]  [0.27450982 0.34509805 0.23137255]  ...  [0.01176471 0.08235294 0.10588235]  [0.01568628 0.08627451 0.10588235]  [0.01568628 0.08627451 0.10588235]]]",2.9443070047418587,1560,/home/amos/media/tv/Carnivale S01-S02 web 10bit hevc-d3g/Carnivale S02/Carnivale.S02E10.1080p.WEBRip.10Bit.EAC3.H265-d3g.mkv83,1080,1920,0,60,893,1720,60,1382780,0.667,"[[[0.         0.         0.        ]  [0.         0.         0.        ]  [0.         0.         0.        ]  ...  [0.         0.         0.        ]  [0.         0.         0.        ]  [0.         0.         0.        ]] [[0.         0.         0.        ]  [0.         0.         0.        ]  [0.         0.         0.        ]  ...  [0.         0.         0.        ]  [0.         0.         0.        ]  [0.         0.         0.        ]] [[0.         0.         0.        ]  [0.         0.         0.        ]  [0.         0.         0.        ]  ...  [0.         0.         0.        ]  [0.         0.         0.        ]  [0.         0.         0.        ]] ... [[0.6392157  0.54509807 0.43137255]  [0.6392157  0.54509807 0.43137255]  [0.6392157  0.54509807 0.43137255]  ...  [0.00392157 0.         0.00392157]  [0.00392157 0.         0.00784314]  [0.00392157 0.         0.00784314]] [[0.6392157  0.54509807 0.43137255]  [0.6392157  0.54509807 0.43137255]  [0.6392157  0.54509807 0.43137255]  ...  [0.00392157 0.         0.00392157]  [0.00392157 0.         0.00784314]  [0.00392157 0.         0.00784314]] [[0.6392157  0.54509807 0.43137255]  [0.6392157  0.54509807 0.43137255]  [0.6392157  0.54509807 0.43137255]  ...  [0.00392157 0.         0.00784314]  [0.00392157 0.         0.00784314]  [0.00392157 0.         0.00784314]]]",3.6349170246976428,1656,/home/amos/media/tv/Carnivale S01-S02 web 10bit hevc-d3g/Carnivale S02/Carnivale.S02E10.1080p.WEBRip.10Bit.EAC3.H265-d3g.mkv84,1080,1920,0,52,793,1213,52,860301,0.415,"[[[0.01568628 0.13333334 0.11372549]  [0.01568628 0.13333334 0.11372549]  [0.01568628 0.13333334 0.11372549]  ...  [0.6039216  0.49019608 0.29411766]  [0.6039216  0.49019608 0.29411766]  [0.6039216  0.49019608 0.29411766]] [[0.01568628 0.13333334 0.11372549]  [0.01568628 0.13333334 0.11372549]  [0.01568628 0.13333334 0.11372549]  ...  [0.6039216  0.49019608 0.29411766]  [0.6039216  0.49019608 0.29411766]  [0.6039216  0.49019608 0.29411766]] [[0.01568628 0.13333334 0.11372549]  [0.01568628 0.13333334 0.11372549]  [0.01568628 0.13333334 0.11372549]  ...  [0.6039216  0.49019608 0.29411766]  [0.6039216  0.49019608 0.29411766]  [0.6039216  0.49019608 0.29411766]] ... [[0.03921569 0.12941177 0.11764706]  [0.03921569 0.12941177 0.11764706]  [0.03921569 0.12941177 0.11764706]  ...  [0.30588236 0.3019608  0.20392157]  [0.3137255  0.30588236 0.20392157]  [0.3137255  0.30588236 0.20392157]] [[0.03921569 0.12941177 0.11764706]  [0.03921569 0.12941177 0.11764706]  [0.03529412 0.12941177 0.11764706]  ...  [0.30980393 0.30588236 0.20392157]  [0.31764707 0.30980393 0.20784314]  [0.31764707 0.30980393 0.20784314]] [[0.03921569 0.12941177 0.11764706]  [0.03921569 0.12941177 0.11764706]  [0.03529412 0.12941177 0.11764706]  ...  [0.30980393 0.30588236 0.20392157]  [0.31764707 0.30980393 0.20784314]  [0.31764707 0.30980393 0.20784314]]]",4.505130009201821,1680,/home/amos/media/tv/Carnivale S01-S02 web 10bit hevc-d3g/Carnivale S02/Carnivale.S02E10.1080p.WEBRip.10Bit.EAC3.H265-d3g.mkv85,1080,1920,0,64,50,41,64,322,0.0,"[[[0.18431373 0.15686275 0.09019608]  [0.18431373 0.15686275 0.09019608]  [0.18431373 0.15686275 0.09019608]  ...  [0.41960785 0.38039216 0.30588236]  [0.41960785 0.38039216 0.30980393]  [0.41960785 0.38039216 0.30980393]] [[0.18431373 0.15686275 0.09019608]  [0.18431373 0.15686275 0.09019608]  [0.18431373 0.15686275 0.08627451]  ...  [0.41960785 0.38039216 0.30588236]  [0.41960785 0.38039216 0.30980393]  [0.41960785 0.38039216 0.30980393]] [[0.1882353  0.16078432 0.09411765]  [0.1882353  0.16078432 0.09411765]  [0.1882353  0.16078432 0.09019608]  ...  [0.42352942 0.38431373 0.30980393]  [0.42352942 0.38039216 0.3137255 ]  [0.42352942 0.38039216 0.3137255 ]] ... [[0.29803923 0.2627451  0.18431373]  [0.29803923 0.2627451  0.18431373]  [0.3019608  0.26666668 0.1882353 ]  ...  [0.4862745  0.45882353 0.36862746]  [0.48235294 0.45490196 0.3647059 ]  [0.48235294 0.45490196 0.3647059 ]] [[0.29803923 0.2627451  0.18431373]  [0.29803923 0.2627451  0.18431373]  [0.3019608  0.26666668 0.1882353 ]  ...  [0.4862745  0.45882353 0.36862746]  [0.48235294 0.45490196 0.3647059 ]  [0.48235294 0.45490196 0.3647059 ]] [[0.29803923 0.2627451  0.18431373]  [0.29803923 0.2627451  0.18431373]  [0.3019608  0.26666668 0.1882353 ]  ...  [0.4862745  0.45882353 0.36862746]  [0.48235294 0.45490196 0.3647059 ]  [0.48235294 0.45490196 0.3647059 ]]]",4.582070072123315,1800,/home/amos/media/tv/Carnivale S01-S02 web 10bit hevc-d3g/Carnivale S02/Carnivale.S02E10.1080p.WEBRip.10Bit.EAC3.H265-d3g.mkv86,1080,1920,0,51,274,328,51,61771,0.03,"[[[0.67058825 0.63529414 0.54509807]  [0.67058825 0.63529414 0.54509807]  [0.6666667  0.6313726  0.5411765 ]  ...  [0.25882354 0.24313726 0.21176471]  [0.2627451  0.24705882 0.21568628]  [0.2627451  0.24705882 0.21568628]] [[0.67058825 0.63529414 0.54509807]  [0.67058825 0.63529414 0.54509807]  [0.6666667  0.6313726  0.5411765 ]  ...  [0.25882354 0.24313726 0.21176471]  [0.2627451  0.24705882 0.21568628]  [0.2627451  0.24705882 0.21568628]] [[0.67058825 0.63529414 0.54509807]  [0.67058825 0.63529414 0.54509807]  [0.6666667  0.627451   0.5411765 ]  ...  [0.25490198 0.23921569 0.20784314]  [0.25882354 0.24313726 0.21176471]  [0.25882354 0.24313726 0.21176471]] ... [[0.64705884 0.62352943 0.5058824 ]  [0.64705884 0.62352943 0.5058824 ]  [0.64705884 0.62352943 0.5058824 ]  ...  [0.01960784 0.01568628 0.01176471]  [0.01960784 0.01568628 0.01176471]  [0.01960784 0.01568628 0.01176471]] [[0.64705884 0.62352943 0.5058824 ]  [0.64705884 0.62352943 0.5058824 ]  [0.64705884 0.62352943 0.5058824 ]  ...  [0.01960784 0.01568628 0.01176471]  [0.01960784 0.01568628 0.01176471]  [0.01960784 0.01568628 0.01176471]] [[0.64705884 0.62352943 0.5058824 ]  [0.64705884 0.62352943 0.5058824 ]  [0.64705884 0.62352943 0.5058824 ]  ...  [0.01960784 0.01568628 0.01176471]  [0.01960784 0.01568628 0.01176471]  [0.01960784 0.01568628 0.01176471]]]",4.739995123061817,1824,/home/amos/media/tv/Carnivale S01-S02 web 10bit hevc-d3g/Carnivale S02/Carnivale.S02E10.1080p.WEBRip.10Bit.EAC3.H265-d3g.mkv87,1080,1920,1,51,288,249,51,46926,0.023,"[[[0.57254905 0.5568628  0.47843137]  [0.57254905 0.5568628  0.47843137]  [0.5686275  0.5529412  0.4745098 ]  ...  [0.52156866 0.5019608  0.43529412]  [0.5294118  0.50980395 0.44313726]  [0.5294118  0.50980395 0.44313726]] [[0.57254905 0.5568628  0.47843137]  [0.57254905 0.5568628  0.47843137]  [0.5686275  0.5529412  0.4745098 ]  ...  [0.52156866 0.5019608  0.43529412]  [0.5294118  0.50980395 0.44313726]  [0.5294118  0.50980395 0.44313726]] [[0.5686275  0.5529412  0.4745098 ]  [0.5686275  0.5529412  0.4745098 ]  [0.5647059  0.54901963 0.47058824]  ...  [0.52156866 0.5019608  0.43529412]  [0.5294118  0.5058824  0.44313726]  [0.5294118  0.5058824  0.44313726]] ... [[0.6784314  0.63529414 0.5294118 ]  [0.6784314  0.63529414 0.5294118 ]  [0.6784314  0.63529414 0.5294118 ]  ...  [0.01568628 0.00784314 0.00392157]  [0.01568628 0.00784314 0.00392157]  [0.01568628 0.00784314 0.00392157]] [[0.6784314  0.63529414 0.5294118 ]  [0.6784314  0.63529414 0.5294118 ]  [0.6784314  0.63529414 0.5294118 ]  ...  [0.01568628 0.00784314 0.00392157]  [0.01568628 0.00784314 0.00392157]  [0.01568628 0.00784314 0.00392157]] [[0.6784314  0.63529414 0.5294118 ]  [0.6784314  0.63529414 0.5294118 ]  [0.6784314  0.63529414 0.5294118 ]  ...  [0.01568628 0.00784314 0.00392157]  [0.01568628 0.00784314 0.00392157]  [0.01568628 0.00784314 0.00392157]]]",3.70233305596048,1824,/home/amos/media/tv/Carnivale S01-S02 web 10bit hevc-d3g/Carnivale S02/Carnivale.S02E10.1080p.WEBRip.10Bit.EAC3.H265-d3g.mkv88,1080,1920,2,54,368,323,54,84466,0.041,"[[[0.         0.00784314 0.00392157]  [0.         0.00784314 0.00392157]  [0.         0.00784314 0.00392157]  ...  [0.01960784 0.01176471 0.00784314]  [0.01960784 0.01176471 0.00784314]  [0.01960784 0.01176471 0.00784314]] [[0.         0.00784314 0.00392157]  [0.         0.00784314 0.00392157]  [0.         0.00784314 0.00392157]  ...  [0.01960784 0.01176471 0.00784314]  [0.01960784 0.01176471 0.00784314]  [0.01960784 0.01176471 0.00784314]] [[0.         0.00784314 0.00392157]  [0.         0.00784314 0.00392157]  [0.         0.00784314 0.00392157]  ...  [0.01960784 0.01176471 0.01176471]  [0.01960784 0.01176471 0.01176471]  [0.01960784 0.01176471 0.01176471]] ... [[0.02745098 0.02745098 0.05490196]  [0.02745098 0.02745098 0.05490196]  [0.02745098 0.02745098 0.05490196]  ...  [0.02745098 0.01960784 0.01960784]  [0.02745098 0.01960784 0.01960784]  [0.02745098 0.01960784 0.01960784]] [[0.02745098 0.02745098 0.05490196]  [0.02745098 0.02745098 0.05490196]  [0.02745098 0.02745098 0.05490196]  ...  [0.02745098 0.01960784 0.01960784]  [0.02745098 0.01960784 0.01960784]  [0.02745098 0.01960784 0.01960784]] [[0.02745098 0.02745098 0.05490196]  [0.02745098 0.02745098 0.05490196]  [0.02745098 0.02745098 0.05490196]  ...  [0.02745098 0.01960784 0.01960784]  [0.02745098 0.01960784 0.01960784]  [0.02745098 0.01960784 0.01960784]]]",1.979706047626678,1824,/home/amos/media/tv/Carnivale S01-S02 web 10bit hevc-d3g/Carnivale S02/Carnivale.S02E10.1080p.WEBRip.10Bit.EAC3.H265-d3g.mkv89,1080,1920,3,67,722,1395,67,869840,0.419,"[[[0.01568628 0.00784314 0.01568628]  [0.01568628 0.00784314 0.01568628]  [0.01568628 0.00784314 0.01568628]  ...  [0.00392157 0.00392157 0.        ]  [0.00392157 0.00392157 0.        ]  [0.00392157 0.00392157 0.        ]] [[0.01568628 0.00784314 0.01568628]  [0.01568628 0.00784314 0.01568628]  [0.01568628 0.00784314 0.01568628]  ...  [0.00392157 0.00392157 0.        ]  [0.00392157 0.00392157 0.        ]  [0.00392157 0.00392157 0.        ]] [[0.01568628 0.00784314 0.01568628]  [0.01568628 0.00784314 0.01568628]  [0.01568628 0.00784314 0.01568628]  ...  [0.00392157 0.00392157 0.        ]  [0.00392157 0.00392157 0.        ]  [0.00392157 0.00392157 0.        ]] ... [[0.80784315 0.76862746 0.6431373 ]  [0.80784315 0.76862746 0.6431373 ]  [0.8117647  0.77254903 0.6431373 ]  ...  [0.21176471 0.21568628 0.1764706 ]  [0.20784314 0.21176471 0.17254902]  [0.20784314 0.21176471 0.17254902]] [[0.80784315 0.76862746 0.6431373 ]  [0.80784315 0.76862746 0.6431373 ]  [0.8117647  0.77254903 0.64705884]  ...  [0.21176471 0.21568628 0.1764706 ]  [0.21176471 0.21568628 0.1764706 ]  [0.21176471 0.21568628 0.1764706 ]] [[0.80784315 0.76862746 0.6431373 ]  [0.80784315 0.76862746 0.6431373 ]  [0.8117647  0.77254903 0.64705884]  ...  [0.21176471 0.21568628 0.1764706 ]  [0.21176471 0.21568628 0.1764706 ]  [0.21176471 0.21568628 0.1764706 ]]]",4.704599141317885,1824,/home/amos/media/tv/Carnivale S01-S02 web 10bit hevc-d3g/Carnivale S02/Carnivale.S02E10.1080p.WEBRip.10Bit.EAC3.H265-d3g.mkv90,1080,1920,0,186,421,866,186,159800,0.077,"[[[0.18431373 0.2        0.18431373]  [0.1882353  0.20392157 0.1882353 ]  [0.1882353  0.20392157 0.1882353 ]  ...  [0.03529412 0.05490196 0.07843138]  [0.03529412 0.05490196 0.07843138]  [0.03529412 0.05490196 0.07843138]] [[0.1882353  0.20392157 0.1882353 ]  [0.1882353  0.20392157 0.1882353 ]  [0.1882353  0.20392157 0.1882353 ]  ...  [0.03921569 0.05882353 0.08235294]  [0.03921569 0.05882353 0.08235294]  [0.03921569 0.05882353 0.08235294]] [[0.1882353  0.20392157 0.1882353 ]  [0.1882353  0.20392157 0.1882353 ]  [0.1882353  0.20784314 0.1882353 ]  ...  [0.03921569 0.05882353 0.08235294]  [0.03921569 0.05882353 0.08235294]  [0.03921569 0.05882353 0.08235294]] ... [[0.02745098 0.02745098 0.03529412]  [0.02745098 0.02745098 0.03529412]  [0.02745098 0.03137255 0.03921569]  ...  [0.01960784 0.02352941 0.03137255]  [0.01960784 0.02352941 0.03137255]  [0.01960784 0.02352941 0.03137255]] [[0.02745098 0.03137255 0.03921569]  [0.02745098 0.03137255 0.03921569]  [0.03137255 0.03529412 0.04313726]  ...  [0.01960784 0.02352941 0.03137255]  [0.01960784 0.02352941 0.03137255]  [0.01960784 0.02352941 0.03137255]] [[0.02745098 0.03137255 0.03921569]  [0.03137255 0.03137255 0.04313726]  [0.03137255 0.03921569 0.04313726]  ...  [0.01960784 0.02352941 0.03137255]  [0.01960784 0.02352941 0.03137255]  [0.01960784 0.02352941 0.03137255]]]",4.46946915180888,1848,/home/amos/media/tv/Carnivale S01-S02 web 10bit hevc-d3g/Carnivale S02/Carnivale.S02E10.1080p.WEBRip.10Bit.EAC3.H265-d3g.mkv91,1080,1920,1,150,301,1272,150,169422,0.082,"[[[0.13725491 0.14901961 0.13725491]  [0.13725491 0.14901961 0.13725491]  [0.13725491 0.14901961 0.13725491]  ...  [0.09411765 0.10588235 0.11372549]  [0.09411765 0.10588235 0.11372549]  [0.09411765 0.10588235 0.11372549]] [[0.13725491 0.14509805 0.13725491]  [0.13725491 0.14509805 0.13725491]  [0.13725491 0.14509805 0.13725491]  ...  [0.09803922 0.10980392 0.11764706]  [0.09803922 0.10980392 0.11764706]  [0.09803922 0.10980392 0.11764706]] [[0.13725491 0.14509805 0.13725491]  [0.13725491 0.14509805 0.13725491]  [0.13725491 0.14509805 0.13725491]  ...  [0.10196079 0.11372549 0.12156863]  [0.10196079 0.11372549 0.12156863]  [0.10196079 0.11372549 0.12156863]] ... [[0.17254902 0.18039216 0.14901961]  [0.16470589 0.17254902 0.14117648]  [0.16078432 0.16862746 0.13725491]  ...  [0.2784314  0.29411766 0.29411766]  [0.28627452 0.3019608  0.3019608 ]  [0.2901961  0.30588236 0.30588236]] [[0.17254902 0.18039216 0.14901961]  [0.16470589 0.17254902 0.14117648]  [0.16078432 0.16862746 0.13725491]  ...  [0.28235295 0.29803923 0.29803923]  [0.28627452 0.3019608  0.3019608 ]  [0.2901961  0.30588236 0.30588236]] [[0.17254902 0.18039216 0.14901961]  [0.16470589 0.17254902 0.14117648]  [0.16078432 0.16862746 0.13725491]  ...  [0.28235295 0.29803923 0.29803923]  [0.28627452 0.3019608  0.3019608 ]  [0.2901961  0.30588236 0.30588236]]]",5.384919154632371,1848,/home/amos/media/tv/Carnivale S01-S02 web 10bit hevc-d3g/Carnivale S02/Carnivale.S02E10.1080p.WEBRip.10Bit.EAC3.H265-d3g.mkv92,1080,1920,0,119,143,864,119,17880,0.009,"[[[0.02352941 0.01960784 0.02352941]  [0.02352941 0.01960784 0.02352941]  [0.02352941 0.01960784 0.02352941]  ...  [0.01960784 0.01568628 0.01960784]  [0.01960784 0.01568628 0.01960784]  [0.01960784 0.01568628 0.01960784]] [[0.02352941 0.01960784 0.02352941]  [0.02352941 0.01960784 0.02352941]  [0.02352941 0.01960784 0.02352941]  ...  [0.01960784 0.01568628 0.01960784]  [0.01960784 0.01568628 0.01960784]  [0.01960784 0.01568628 0.01960784]] [[0.02352941 0.01960784 0.02352941]  [0.02352941 0.01960784 0.02352941]  [0.02352941 0.01960784 0.02352941]  ...  [0.01960784 0.01568628 0.01960784]  [0.01960784 0.01568628 0.01960784]  [0.01960784 0.01568628 0.01960784]] ... [[0.03529412 0.05098039 0.06666667]  [0.03529412 0.05098039 0.06666667]  [0.03529412 0.05098039 0.06666667]  ...  [0.03137255 0.03137255 0.04313726]  [0.03137255 0.03137255 0.04313726]  [0.03137255 0.03137255 0.04313726]] [[0.03529412 0.05098039 0.06666667]  [0.03529412 0.05098039 0.06666667]  [0.03529412 0.05098039 0.06666667]  ...  [0.03137255 0.03137255 0.04313726]  [0.03137255 0.03137255 0.04313726]  [0.03137255 0.03137255 0.04313726]] [[0.03529412 0.05098039 0.06666667]  [0.03529412 0.05098039 0.06666667]  [0.03529412 0.05098039 0.06666667]  ...  [0.03137255 0.03137255 0.04313726]  [0.03137255 0.03137255 0.04313726]  [0.03137255 0.03137255 0.04313726]]]",10.193250164098572,1872,/home/amos/media/tv/Carnivale S01-S02 web 10bit hevc-d3g/Carnivale S02/Carnivale.S02E10.1080p.WEBRip.10Bit.EAC3.H265-d3g.mkv93,1080,1920,1,91,447,569,91,170168,0.082,"[[[0.94509804 0.8901961  0.75686276]  [0.9490196  0.89411765 0.7607843 ]  [0.95686275 0.9019608  0.76862746]  ...  [0.27058825 0.24705882 0.21568628]  [0.2627451  0.23529412 0.20784314]  [0.2627451  0.23529412 0.20784314]] [[0.94509804 0.8901961  0.75686276]  [0.9490196  0.89411765 0.7607843 ]  [0.9607843  0.90588236 0.77254903]  ...  [0.27058825 0.24313726 0.21568628]  [0.2627451  0.23529412 0.20784314]  [0.25882354 0.23137255 0.20392157]] [[0.9490196  0.89411765 0.7607843 ]  [0.9529412  0.8980392  0.7647059 ]  [0.9607843  0.90588236 0.77254903]  ...  [0.2627451  0.23529412 0.20784314]  [0.2509804  0.22352941 0.19607843]  [0.24705882 0.21960784 0.19607843]] ... [[0.28235295 0.2901961  0.25882354]  [0.28627452 0.29411766 0.2627451 ]  [0.2901961  0.29803923 0.26666668]  ...  [0.16862746 0.2        0.1882353 ]  [0.16470589 0.2        0.1882353 ]  [0.16470589 0.19607843 0.1882353 ]] [[0.28235295 0.2901961  0.25882354]  [0.28235295 0.2901961  0.25882354]  [0.2901961  0.29803923 0.26666668]  ...  [0.16862746 0.19607843 0.1882353 ]  [0.16470589 0.19607843 0.18431373]  [0.16470589 0.19607843 0.18431373]] [[0.28235295 0.2901961  0.25882354]  [0.28235295 0.2901961  0.25882354]  [0.28627452 0.29411766 0.2627451 ]  ...  [0.16470589 0.19607843 0.18431373]  [0.16470589 0.19607843 0.18431373]  [0.16470589 0.19607843 0.18431373]]]",4.2579670661943965,1872,/home/amos/media/tv/Carnivale S01-S02 web 10bit hevc-d3g/Carnivale S02/Carnivale.S02E10.1080p.WEBRip.10Bit.EAC3.H265-d3g.mkv94,1080,1920,2,98,463,1350,98,456980,0.22,"[[[0.04313726 0.05490196 0.07058824]  [0.04313726 0.05490196 0.07058824]  [0.04313726 0.05490196 0.07058824]  ...  [0.23137255 0.24313726 0.22352941]  [0.21568628 0.22745098 0.20784314]  [0.21176471 0.22352941 0.20392157]] [[0.04313726 0.05490196 0.07058824]  [0.04313726 0.05490196 0.07058824]  [0.04313726 0.05490196 0.07058824]  ...  [0.23137255 0.24313726 0.22352941]  [0.21568628 0.22745098 0.20784314]  [0.21176471 0.22352941 0.20392157]] [[0.04313726 0.05490196 0.07058824]  [0.04313726 0.05490196 0.07058824]  [0.04313726 0.05490196 0.07058824]  ...  [0.23137255 0.24313726 0.22352941]  [0.21568628 0.23137255 0.21176471]  [0.21176471 0.22352941 0.20392157]] ... [[0.28235295 0.2784314  0.23137255]  [0.27450982 0.27058825 0.22352941]  [0.25882354 0.25490198 0.20784314]  ...  [0.43137255 0.43137255 0.40784314]  [0.42352942 0.42352942 0.39607844]  [0.41960785 0.41960785 0.39215687]] [[0.2784314  0.2784314  0.22745098]  [0.27058825 0.27058825 0.21960784]  [0.25490198 0.25490198 0.20392157]  ...  [0.44313726 0.44313726 0.41568628]  [0.43529412 0.43529412 0.40784314]  [0.43137255 0.43137255 0.40392157]] [[0.2784314  0.2784314  0.22745098]  [0.27058825 0.27058825 0.21960784]  [0.2509804  0.2509804  0.2       ]  ...  [0.44705883 0.44705883 0.41960785]  [0.4392157  0.4392157  0.4117647 ]  [0.43529412 0.43529412 0.40784314]]]",7.145782075938769,1872,/home/amos/media/tv/Carnivale S01-S02 web 10bit hevc-d3g/Carnivale S02/Carnivale.S02E10.1080p.WEBRip.10Bit.EAC3.H265-d3g.mkv95,1080,1920,0,122,123,861,122,739,0.0,"[[[0.01568628 0.00784314 0.01568628]  [0.01568628 0.00784314 0.01568628]  [0.01568628 0.00784314 0.01568628]  ...  [0.01960784 0.01176471 0.01960784]  [0.01960784 0.01176471 0.01960784]  [0.01960784 0.01176471 0.01960784]] [[0.01568628 0.00784314 0.01568628]  [0.01568628 0.00784314 0.01568628]  [0.01568628 0.00784314 0.01568628]  ...  [0.01960784 0.01176471 0.01960784]  [0.01960784 0.01176471 0.01960784]  [0.01960784 0.01176471 0.01960784]] [[0.01568628 0.00784314 0.01568628]  [0.01568628 0.00784314 0.01568628]  [0.01568628 0.00784314 0.01568628]  ...  [0.01960784 0.01176471 0.01960784]  [0.01960784 0.01176471 0.01960784]  [0.01960784 0.01176471 0.01960784]] ... [[0.03137255 0.04313726 0.05098039]  [0.03137255 0.04313726 0.05098039]  [0.03137255 0.04313726 0.05098039]  ...  [0.02352941 0.03529412 0.03529412]  [0.02352941 0.03529412 0.03529412]  [0.02352941 0.03529412 0.03529412]] [[0.03137255 0.04313726 0.05098039]  [0.03137255 0.04313726 0.05098039]  [0.03137255 0.04313726 0.05098039]  ...  [0.02352941 0.03529412 0.03529412]  [0.02352941 0.03529412 0.03529412]  [0.02352941 0.03529412 0.03529412]] [[0.03137255 0.04313726 0.05098039]  [0.03137255 0.04313726 0.05098039]  [0.03137255 0.04313726 0.05098039]  ...  [0.02352941 0.03529412 0.03529412]  [0.02352941 0.03529412 0.03529412]  [0.02352941 0.03529412 0.03529412]]]",11.274853111826815,1896,/home/amos/media/tv/Carnivale S01-S02 web 10bit hevc-d3g/Carnivale S02/Carnivale.S02E10.1080p.WEBRip.10Bit.EAC3.H265-d3g.mkv96,1080,1920,1,90,446,570,90,170880,0.082,"[[[1.         0.9254902  0.7882353 ]  [1.         0.9254902  0.7882353 ]  [1.         0.9254902  0.7882353 ]  ...  [0.22745098 0.21568628 0.16470589]  [0.22745098 0.21568628 0.16470589]  [0.22745098 0.21568628 0.16470589]] [[1.         0.9254902  0.7882353 ]  [1.         0.9254902  0.7882353 ]  [1.         0.9254902  0.7921569 ]  ...  [0.22352941 0.21176471 0.16078432]  [0.22352941 0.21176471 0.16078432]  [0.22352941 0.21176471 0.16078432]] [[1.         0.9254902  0.7882353 ]  [1.         0.92941177 0.7882353 ]  [1.         0.92941177 0.7921569 ]  ...  [0.20392157 0.19215687 0.14509805]  [0.2        0.19215687 0.14117648]  [0.2        0.19215687 0.14117648]] ... [[0.37254903 0.38039216 0.3372549 ]  [0.37254903 0.38039216 0.3372549 ]  [0.37254903 0.38039216 0.3372549 ]  ...  [0.12941177 0.15686275 0.14509805]  [0.1254902  0.15294118 0.14117648]  [0.12156863 0.14901961 0.13725491]] [[0.37254903 0.38039216 0.3372549 ]  [0.37254903 0.38039216 0.3372549 ]  [0.36862746 0.3764706  0.33333334]  ...  [0.1254902  0.15294118 0.14509805]  [0.12156863 0.14901961 0.13725491]  [0.12156863 0.14901961 0.13725491]] [[0.37254903 0.38039216 0.3372549 ]  [0.37254903 0.38039216 0.3372549 ]  [0.36862746 0.3764706  0.33333334]  ...  [0.1254902  0.15294118 0.14117648]  [0.12156863 0.14901961 0.13725491]  [0.12156863 0.14901961 0.13725491]]]",5.484892078849953,1896,/home/amos/media/tv/Carnivale S01-S02 web 10bit hevc-d3g/Carnivale S02/Carnivale.S02E10.1080p.WEBRip.10Bit.EAC3.H265-d3g.mkv97,1080,1920,2,96,462,1349,96,458598,0.221,"[[[0.09803922 0.1254902  0.12941177]  [0.10196079 0.12941177 0.12941177]  [0.11372549 0.13725491 0.13725491]  ...  [0.23137255 0.2627451  0.22352941]  [0.21960784 0.2509804  0.21568628]  [0.21568628 0.24705882 0.21176471]] [[0.09803922 0.1254902  0.12941177]  [0.10196079 0.12941177 0.12941177]  [0.11372549 0.13725491 0.13333334]  ...  [0.23137255 0.2627451  0.22352941]  [0.21960784 0.2509804  0.21568628]  [0.21568628 0.24705882 0.21176471]] [[0.09411765 0.12156863 0.1254902 ]  [0.09803922 0.1254902  0.12941177]  [0.11372549 0.13725491 0.13333334]  ...  [0.23137255 0.2627451  0.22745098]  [0.21960784 0.2509804  0.21568628]  [0.21568628 0.24705882 0.21176471]] ... [[0.23137255 0.24705882 0.19215687]  [0.22352941 0.23921569 0.1882353 ]  [0.20392157 0.22352941 0.17254902]  ...  [0.23137255 0.23529412 0.2       ]  [0.21960784 0.22352941 0.19215687]  [0.21960784 0.22352941 0.1882353 ]] [[0.23529412 0.2509804  0.19607843]  [0.22745098 0.24313726 0.19215687]  [0.20784314 0.22352941 0.1764706 ]  ...  [0.2509804  0.2509804  0.21568628]  [0.23921569 0.23921569 0.20392157]  [0.23529412 0.23921569 0.20392157]] [[0.23529412 0.2509804  0.2       ]  [0.22745098 0.24313726 0.19607843]  [0.20784314 0.22352941 0.18039216]  ...  [0.25490198 0.25490198 0.21960784]  [0.24705882 0.24705882 0.21176471]  [0.24313726 0.24313726 0.20784314]]]",7.871578084712382,1896,/home/amos/media/tv/Carnivale S01-S02 web 10bit hevc-d3g/Carnivale S02/Carnivale.S02E10.1080p.WEBRip.10Bit.EAC3.H265-d3g.mkv98,1080,1920,0,118,233,909,118,90965,0.044,"[[[0.02352941 0.03529412 0.04313726]  [0.02352941 0.03529412 0.04313726]  [0.01960784 0.03137255 0.03921569]  ...  [0.02745098 0.02745098 0.03137255]  [0.02352941 0.02352941 0.02745098]  [0.02352941 0.02352941 0.02745098]] [[0.02352941 0.03529412 0.04313726]  [0.02352941 0.03529412 0.04313726]  [0.01960784 0.03137255 0.03921569]  ...  [0.02745098 0.02745098 0.03137255]  [0.02352941 0.02352941 0.02745098]  [0.02352941 0.02352941 0.02745098]] [[0.02352941 0.03529412 0.04313726]  [0.02352941 0.03529412 0.03921569]  [0.01960784 0.03137255 0.03921569]  ...  [0.02745098 0.02745098 0.03137255]  [0.02352941 0.02352941 0.02745098]  [0.02352941 0.02352941 0.02745098]] ... [[0.07450981 0.10196079 0.10588235]  [0.07450981 0.10588235 0.10980392]  [0.08235294 0.10980392 0.11764706]  ...  [0.03137255 0.03921569 0.04705882]  [0.02745098 0.03921569 0.04313726]  [0.02745098 0.03921569 0.04313726]] [[0.07450981 0.10588235 0.10980392]  [0.07843138 0.10980392 0.11372549]  [0.08627451 0.11372549 0.12156863]  ...  [0.03137255 0.03921569 0.04705882]  [0.02745098 0.03921569 0.04313726]  [0.02745098 0.03921569 0.04313726]] [[0.07450981 0.10980392 0.10980392]  [0.07843138 0.11372549 0.11372549]  [0.08627451 0.11764706 0.12156863]  ...  [0.03137255 0.03921569 0.04705882]  [0.02745098 0.03921569 0.04313726]  [0.02745098 0.03921569 0.04313726]]]",6.989933981734794,1920,/home/amos/media/tv/Carnivale S01-S02 web 10bit hevc-d3g/Carnivale S02/Carnivale.S02E10.1080p.WEBRip.10Bit.EAC3.H265-d3g.mkv99,1080,1920,1,72,245,1456,72,239432,0.115,"[[[0.40392157 0.36862746 0.28627452]  [0.40392157 0.36862746 0.28627452]  [0.4        0.3647059  0.28235295]  ...  [0.68235296 0.59607846 0.48235294]  [0.7058824  0.61960787 0.5058824 ]  [0.7058824  0.61960787 0.5058824 ]] [[0.40392157 0.36862746 0.28627452]  [0.40392157 0.36862746 0.28627452]  [0.4        0.3647059  0.28235295]  ...  [0.68235296 0.59607846 0.48235294]  [0.7058824  0.61960787 0.5058824 ]  [0.7058824  0.61960787 0.5058824 ]] [[0.4        0.3647059  0.28235295]  [0.4        0.3647059  0.28235295]  [0.39607844 0.36078432 0.2784314 ]  ...  [0.68235296 0.59607846 0.48235294]  [0.7058824  0.61960787 0.5058824 ]  [0.7058824  0.61960787 0.5058824 ]] ... [[0.47843137 0.41568628 0.32156864]  [0.47843137 0.41568628 0.32156864]  [0.4745098  0.4117647  0.31764707]  ...  [0.65882355 0.5529412  0.42745098]  [0.6784314  0.57254905 0.44705883]  [0.6784314  0.57254905 0.44705883]] [[0.4745098  0.4117647  0.31764707]  [0.4745098  0.4117647  0.31764707]  [0.47058824 0.40784314 0.3137255 ]  ...  [0.6627451  0.5568628  0.43137255]  [0.68235296 0.5764706  0.4509804 ]  [0.68235296 0.5764706  0.4509804 ]] [[0.4745098  0.4117647  0.31764707]  [0.4745098  0.4117647  0.31764707]  [0.47058824 0.40784314 0.3137255 ]  ...  [0.6627451  0.5568628  0.43137255]  [0.68235296 0.5764706  0.4509804 ]  [0.68235296 0.5764706  0.4509804 ]]]",4.924803038476966,1920,/home/amos/media/tv/Carnivale S01-S02 web 10bit hevc-d3g/Carnivale S02/Carnivale.S02E10.1080p.WEBRip.10Bit.EAC3.H265-d3g.mkv100,1080,1920,2,80,543,595,80,238445,0.115,"[[[0.9490196  0.84705883 0.6901961 ]  [0.9490196  0.84705883 0.6901961 ]  [0.9490196  0.84705883 0.6901961 ]  ...  [0.44313726 0.43529412 0.3882353 ]  [0.4        0.4        0.35686275]  [0.39607844 0.39607844 0.35686275]] [[0.9490196  0.84705883 0.6901961 ]  [0.9490196  0.84705883 0.6901961 ]  [0.9490196  0.84705883 0.6901961 ]  ...  [0.44705883 0.43529412 0.3882353 ]  [0.4        0.4        0.36078432]  [0.39607844 0.39607844 0.35686275]] [[0.9490196  0.84705883 0.6901961 ]  [0.9490196  0.84705883 0.6901961 ]  [0.9490196  0.84705883 0.6901961 ]  ...  [0.4509804  0.4392157  0.39215687]  [0.40392157 0.40392157 0.36078432]  [0.4        0.4        0.36078432]] ... [[0.38039216 0.36078432 0.3254902 ]  [0.38039216 0.36078432 0.3254902 ]  [0.3764706  0.35686275 0.32156864]  ...  [0.17254902 0.2        0.20392157]  [0.16078432 0.1882353  0.19215687]  [0.16078432 0.1882353  0.1882353 ]] [[0.38431373 0.3647059  0.3254902 ]  [0.38431373 0.3647059  0.3254902 ]  [0.38039216 0.36078432 0.32156864]  ...  [0.17254902 0.20392157 0.20392157]  [0.16470589 0.19215687 0.19215687]  [0.16470589 0.19215687 0.19215687]] [[0.38431373 0.3647059  0.3254902 ]  [0.38431373 0.3647059  0.3254902 ]  [0.38039216 0.36078432 0.32156864]  ...  [0.17254902 0.20392157 0.20392157]  [0.16470589 0.19215687 0.19215687]  [0.16470589 0.19215687 0.19215687]]]",5.359092069033068,1920,/home/amos/media/tv/Carnivale S01-S02 web 10bit hevc-d3g/Carnivale S02/Carnivale.S02E10.1080p.WEBRip.10Bit.EAC3.H265-d3g.mkv101,1080,1920,3,89,552,1334,89,576435,0.278,"[[[0.07450981 0.08235294 0.08627451]  [0.07843138 0.09019608 0.09411765]  [0.10980392 0.11764706 0.12156863]  ...  [0.6509804  0.5372549  0.40392157]  [0.654902   0.54509807 0.4117647 ]  [0.654902   0.54509807 0.4117647 ]] [[0.07450981 0.08235294 0.08627451]  [0.07843138 0.09019608 0.09019608]  [0.10980392 0.11764706 0.12156863]  ...  [0.6509804  0.5372549  0.40392157]  [0.6509804  0.5411765  0.40784314]  [0.6509804  0.5411765  0.40784314]] [[0.07058824 0.07843138 0.08235294]  [0.07843138 0.08627451 0.09019608]  [0.10588235 0.11372549 0.11764706]  ...  [0.6431373  0.5294118  0.39607844]  [0.64705884 0.5372549  0.40392157]  [0.64705884 0.5372549  0.40392157]] ... [[0.19215687 0.16862746 0.12156863]  [0.2        0.1764706  0.12941177]  [0.23137255 0.20784314 0.15686275]  ...  [0.6117647  0.5019608  0.37254903]  [0.60784316 0.49803922 0.36862746]  [0.60784316 0.49803922 0.36862746]] [[0.1764706  0.15294118 0.10588235]  [0.18431373 0.16078432 0.11372549]  [0.21568628 0.19215687 0.14509805]  ...  [0.6117647  0.5019608  0.37254903]  [0.60784316 0.49411765 0.36862746]  [0.60784316 0.49411765 0.36862746]] [[0.17254902 0.14901961 0.10196079]  [0.18039216 0.15686275 0.10980392]  [0.21176471 0.1882353  0.14117648]  ...  [0.6117647  0.5019608  0.37254903]  [0.60784316 0.49411765 0.36862746]  [0.60784316 0.49411765 0.36862746]]]",4.826812006707769,1920,/home/amos/media/tv/Carnivale S01-S02 web 10bit hevc-d3g/Carnivale S02/Carnivale.S02E10.1080p.WEBRip.10Bit.EAC3.H265-d3g.mkv102,1080,1920,4,85,585,1326,85,620500,0.299,"[[[0.4862745  0.43137255 0.36078432]  [0.48235294 0.42745098 0.35686275]  [0.46666667 0.4117647  0.34117648]  ...  [0.5254902  0.42745098 0.28627452]  [0.52156866 0.42352942 0.28627452]  [0.52156866 0.42352942 0.28627452]] [[0.4862745  0.43137255 0.36078432]  [0.48235294 0.42745098 0.35686275]  [0.46666667 0.4117647  0.34117648]  ...  [0.5254902  0.42745098 0.28627452]  [0.52156866 0.42352942 0.28627452]  [0.52156866 0.42352942 0.28627452]] [[0.48235294 0.42745098 0.3529412 ]  [0.47843137 0.42352942 0.3529412 ]  [0.4627451  0.40784314 0.3372549 ]  ...  [0.5254902  0.42745098 0.2901961 ]  [0.52156866 0.42352942 0.28627452]  [0.52156866 0.42352942 0.28627452]] ... [[0.38039216 0.3372549  0.29411766]  [0.3764706  0.33333334 0.2901961 ]  [0.36078432 0.31764707 0.27450982]  ...  [0.84313726 0.6627451  0.48235294]  [0.8392157  0.65882355 0.48235294]  [0.8392157  0.65882355 0.48235294]] [[0.37254903 0.32941177 0.28627452]  [0.37254903 0.32941177 0.28627452]  [0.35686275 0.3137255  0.27058825]  ...  [0.8392157  0.65882355 0.47843137]  [0.83137256 0.654902   0.4745098 ]  [0.83137256 0.654902   0.4745098 ]] [[0.37254903 0.32941177 0.28627452]  [0.36862746 0.3254902  0.28235295]  [0.3529412  0.30980393 0.26666668]  ...  [0.8352941  0.65882355 0.47843137]  [0.83137256 0.654902   0.4745098 ]  [0.83137256 0.654902   0.4745098 ]]]",5.409365994099062,1920,/home/amos/media/tv/Carnivale S01-S02 web 10bit hevc-d3g/Carnivale S02/Carnivale.S02E10.1080p.WEBRip.10Bit.EAC3.H265-d3g.mkv103,1080,1920,5,127,574,1445,127,589146,0.284,"[[[0.49803922 0.41568628 0.3137255 ]  [0.49019608 0.40784314 0.30980393]  [0.48235294 0.4        0.29803923]  ...  [0.6862745  0.53333336 0.35686275]  [0.68235296 0.5294118  0.3529412 ]  [0.6784314  0.5254902  0.34901962]] [[0.49803922 0.41960785 0.3137255 ]  [0.49411765 0.4117647  0.30980393]  [0.4862745  0.40392157 0.3019608 ]  ...  [0.6862745  0.53333336 0.35686275]  [0.68235296 0.5294118  0.3529412 ]  [0.6784314  0.5254902  0.34901962]] [[0.5058824  0.42352942 0.32156864]  [0.49803922 0.41568628 0.3137255 ]  [0.4862745  0.40392157 0.3019608 ]  ...  [0.6862745  0.53333336 0.35686275]  [0.68235296 0.5294118  0.3529412 ]  [0.6784314  0.5254902  0.34901962]] ... [[0.84705883 0.6784314  0.5254902 ]  [0.8352941  0.6666667  0.5137255 ]  [0.8156863  0.64705884 0.49411765]  ...  [0.5019608  0.40392157 0.28235295]  [0.5137255  0.41568628 0.29411766]  [0.52156866 0.42352942 0.3019608 ]] [[0.84313726 0.6745098  0.52156866]  [0.83137256 0.6627451  0.50980395]  [0.8117647  0.6431373  0.49019608]  ...  [0.47058824 0.37254903 0.2509804 ]  [0.48235294 0.38431373 0.25882354]  [0.4862745  0.3882353  0.26666668]] [[0.84313726 0.6745098  0.52156866]  [0.83137256 0.6627451  0.50980395]  [0.8117647  0.6431373  0.49019608]  ...  [0.4509804  0.3529412  0.23137255]  [0.45882353 0.3647059  0.24313726]  [0.46666667 0.36862746 0.24705882]]]",5.13092495611636,1920,/home/amos/media/tv/Carnivale S01-S02 web 10bit hevc-d3g/Carnivale S02/Carnivale.S02E10.1080p.WEBRip.10Bit.EAC3.H265-d3g.mkv104,1080,1920,6,76,759,378,76,206266,0.099,"[[[0.6627451  0.5529412  0.41960785]  [0.6627451  0.5529412  0.41960785]  [0.6745098  0.5647059  0.43137255]  ...  [0.68235296 0.62352943 0.5411765 ]  [0.69411767 0.63529414 0.5529412 ]  [0.69411767 0.63529414 0.5529412 ]] [[0.6627451  0.5529412  0.41960785]  [0.6627451  0.5529412  0.41960785]  [0.6745098  0.5647059  0.43137255]  ...  [0.68235296 0.62352943 0.5411765 ]  [0.69411767 0.63529414 0.5529412 ]  [0.69411767 0.63529414 0.5529412 ]] [[0.65882355 0.5529412  0.41960785]  [0.65882355 0.5529412  0.41960785]  [0.67058825 0.56078434 0.42745098]  ...  [0.67058825 0.6117647  0.5294118 ]  [0.68235296 0.62352943 0.5411765 ]  [0.68235296 0.62352943 0.5411765 ]] ... [[0.6392157  0.53333336 0.39607844]  [0.6392157  0.53333336 0.4       ]  [0.6627451  0.5568628  0.42352942]  ...  [0.654902   0.59607846 0.49803922]  [0.65882355 0.6        0.5019608 ]  [0.6627451  0.6        0.5058824 ]] [[0.63529414 0.5294118  0.39215687]  [0.63529414 0.5294118  0.39215687]  [0.65882355 0.5529412  0.41568628]  ...  [0.6509804  0.59607846 0.49411765]  [0.65882355 0.6        0.5019608 ]  [0.65882355 0.6        0.5019608 ]] [[0.63529414 0.5294118  0.39215687]  [0.63529414 0.5294118  0.39215687]  [0.65882355 0.5529412  0.41568628]  ...  [0.654902   0.5921569  0.49803922]  [0.65882355 0.6        0.5019608 ]  [0.65882355 0.6        0.5019608 ]]]",3.4234601340140216,1920,/home/amos/media/tv/Carnivale S01-S02 web 10bit hevc-d3g/Carnivale S02/Carnivale.S02E10.1080p.WEBRip.10Bit.EAC3.H265-d3g.mkv105,1080,1920,0,90,210,260,90,20400,0.01,"[[[0.02352941 0.07843138 0.05882353]  [0.02352941 0.07843138 0.05882353]  [0.01960784 0.07450981 0.05490196]  ...  [0.00392157 0.00392157 0.00784314]  [0.00784314 0.00784314 0.01176471]  [0.00784314 0.00784314 0.01176471]] [[0.01960784 0.07450981 0.05490196]  [0.01960784 0.07450981 0.05490196]  [0.01568628 0.07058824 0.05098039]  ...  [0.00392157 0.00392157 0.00784314]  [0.00784314 0.00784314 0.01176471]  [0.00784314 0.00784314 0.01176471]] [[0.01176471 0.06666667 0.04705882]  [0.01176471 0.06666667 0.04705882]  [0.00784314 0.0627451  0.04313726]  ...  [0.00392157 0.00392157 0.00784314]  [0.00784314 0.00784314 0.01176471]  [0.00784314 0.00784314 0.01176471]] ... [[0.08627451 0.09019608 0.07058824]  [0.09411765 0.09803922 0.07843138]  [0.1254902  0.12941177 0.10980392]  ...  [0.09803922 0.07843138 0.07843138]  [0.10980392 0.09019608 0.09019608]  [0.11372549 0.09411765 0.09411765]] [[0.09019608 0.09411765 0.07450981]  [0.09803922 0.10196079 0.08235294]  [0.12941177 0.13333334 0.11372549]  ...  [0.09411765 0.07450981 0.08235294]  [0.10588235 0.08627451 0.09411765]  [0.10980392 0.09019608 0.09803922]] [[0.09019608 0.09411765 0.07450981]  [0.09803922 0.10196079 0.08235294]  [0.12941177 0.13333334 0.11372549]  ...  [0.09411765 0.07450981 0.08235294]  [0.10588235 0.08627451 0.09411765]  [0.10980392 0.09019608 0.09803922]]]",2.6414250209345482,1944,/home/amos/media/tv/Carnivale S01-S02 web 10bit hevc-d3g/Carnivale S02/Carnivale.S02E10.1080p.WEBRip.10Bit.EAC3.H265-d3g.mkv106,1080,1920,0,115,174,435,115,18880,0.009,"[[[0.13333334 0.11764706 0.09803922]  [0.12941177 0.11372549 0.09411765]  [0.12156863 0.10588235 0.08627451]  ...  [0.02745098 0.02352941 0.01176471]  [0.03137255 0.02745098 0.01568628]  [0.03137255 0.02745098 0.01568628]] [[0.11372549 0.10196079 0.07843138]  [0.10980392 0.09803922 0.07843138]  [0.10588235 0.09019608 0.07058824]  ...  [0.02745098 0.02352941 0.01176471]  [0.02745098 0.02352941 0.01176471]  [0.02745098 0.02352941 0.01176471]] [[0.07843138 0.06666667 0.04705882]  [0.07450981 0.06666667 0.04705882]  [0.07450981 0.05882353 0.03921569]  ...  [0.01960784 0.01568628 0.00784314]  [0.01960784 0.01568628 0.00784314]  [0.01960784 0.01960784 0.00784314]] ... [[0.5176471  0.41960785 0.34509805]  [0.50980395 0.40784314 0.3372549 ]  [0.49019608 0.3882353  0.31764707]  ...  [0.01176471 0.02352941 0.02352941]  [0.01176471 0.02352941 0.02352941]  [0.01176471 0.02352941 0.02352941]] [[0.5137255  0.41568628 0.34509805]  [0.5058824  0.40392157 0.33333334]  [0.4862745  0.38431373 0.3137255 ]  ...  [0.01568628 0.02745098 0.02745098]  [0.01568628 0.02745098 0.02745098]  [0.01568628 0.02745098 0.02745098]] [[0.5137255  0.41568628 0.34117648]  [0.5019608  0.40392157 0.32941177]  [0.48235294 0.38039216 0.30980393]  ...  [0.01568628 0.02745098 0.02745098]  [0.01568628 0.02745098 0.02745098]  [0.01568628 0.02745098 0.02745098]]]",3.0382240411709063,1992,/home/amos/media/tv/Carnivale S01-S02 web 10bit hevc-d3g/Carnivale S02/Carnivale.S02E10.1080p.WEBRip.10Bit.EAC3.H265-d3g.mkv107,1080,1920,0,65,798,490,65,311525,0.15,"[[[0.01176471 0.08627451 0.04705882]  [0.01176471 0.08627451 0.04705882]  [0.00784314 0.08235294 0.04313726]  ...  [0.03137255 0.03137255 0.03529412]  [0.03137255 0.03137255 0.03529412]  [0.03137255 0.03137255 0.03529412]] [[0.01176471 0.08627451 0.04705882]  [0.01176471 0.08627451 0.04705882]  [0.00784314 0.08235294 0.04313726]  ...  [0.03137255 0.03137255 0.03529412]  [0.03137255 0.03137255 0.03529412]  [0.03137255 0.03137255 0.03529412]] [[0.00784314 0.08235294 0.04313726]  [0.00784314 0.08235294 0.04313726]  [0.00784314 0.08235294 0.04313726]  ...  [0.03137255 0.03137255 0.03529412]  [0.03137255 0.03137255 0.03529412]  [0.03137255 0.03137255 0.03529412]] ... [[0.16862746 0.16470589 0.14509805]  [0.16862746 0.16470589 0.14509805]  [0.14901961 0.14509805 0.12941177]  ...  [0.09019608 0.07058824 0.03921569]  [0.09019608 0.06666667 0.03137255]  [0.09019608 0.06666667 0.03137255]] [[0.16862746 0.16470589 0.14901961]  [0.16862746 0.16470589 0.14901961]  [0.15294118 0.14901961 0.13333334]  ...  [0.09019608 0.07058824 0.03921569]  [0.09019608 0.06666667 0.03529412]  [0.09019608 0.06666667 0.03529412]] [[0.16862746 0.16470589 0.14901961]  [0.16862746 0.16470589 0.14901961]  [0.14901961 0.14901961 0.12941177]  ...  [0.09019608 0.07058824 0.03921569]  [0.09019608 0.06666667 0.03529412]  [0.09019608 0.06666667 0.03529412]]]",0.9570491162012331,2016,/home/amos/media/tv/Carnivale S01-S02 web 10bit hevc-d3g/Carnivale S02/Carnivale.S02E10.1080p.WEBRip.10Bit.EAC3.H265-d3g.mkv108,1080,1920,0,56,441,965,56,349965,0.169,"[[[0.7764706  0.7921569  0.6       ]  [0.7764706  0.7921569  0.6       ]  [0.78039217 0.79607844 0.6039216 ]  ...  [0.6313726  0.42352942 0.30588236]  [0.63529414 0.42745098 0.30980393]  [0.63529414 0.42745098 0.30980393]] [[0.7764706  0.7921569  0.6       ]  [0.7764706  0.7921569  0.6       ]  [0.78039217 0.79607844 0.6039216 ]  ...  [0.6313726  0.41960785 0.30588236]  [0.63529414 0.42745098 0.30980393]  [0.63529414 0.42745098 0.30980393]] [[0.7882353  0.8        0.60784316]  [0.7882353  0.8        0.60784316]  [0.7882353  0.8039216  0.6117647 ]  ...  [0.627451   0.41960785 0.30588236]  [0.6313726  0.42745098 0.30980393]  [0.6313726  0.42745098 0.30980393]] ... [[0.8235294  0.69803923 0.5372549 ]  [0.8235294  0.69803923 0.5372549 ]  [0.8235294  0.69803923 0.5372549 ]  ...  [0.8666667  0.88235295 0.70980394]  [0.87058824 0.88235295 0.70980394]  [0.87058824 0.88235295 0.70980394]] [[0.84705883 0.72156864 0.56078434]  [0.84705883 0.72156864 0.56078434]  [0.84705883 0.72156864 0.56078434]  ...  [0.8666667  0.88235295 0.70980394]  [0.87058824 0.88235295 0.70980394]  [0.87058824 0.88235295 0.70980394]] [[0.84705883 0.72156864 0.56078434]  [0.84705883 0.72156864 0.56078434]  [0.84705883 0.72156864 0.56078434]  ...  [0.87058824 0.8784314  0.7058824 ]  [0.87058824 0.88235295 0.70980394]  [0.87058824 0.88235295 0.70980394]]]",2.0100380584481172,2136,/home/amos/media/tv/Carnivale S01-S02 web 10bit hevc-d3g/Carnivale S02/Carnivale.S02E10.1080p.WEBRip.10Bit.EAC3.H265-d3g.mkv109,1080,1920,0,92,20,884,92,57024,0.028,"[[[0.5019608  0.45882353 0.34509805]  [0.5019608  0.45882353 0.34509805]  [0.50980395 0.46666667 0.3529412 ]  ...  [0.44705883 0.39607844 0.25490198]  [0.44313726 0.39215687 0.24705882]  [0.44313726 0.39215687 0.24705882]] [[0.49803922 0.45490196 0.34117648]  [0.5019608  0.45882353 0.34509805]  [0.5058824  0.4627451  0.34901962]  ...  [0.4509804  0.4        0.25490198]  [0.44313726 0.39215687 0.24705882]  [0.44313726 0.39215687 0.24705882]] [[0.49019608 0.44705883 0.33333334]  [0.49019608 0.44705883 0.33333334]  [0.49803922 0.45490196 0.34117648]  ...  [0.4509804  0.4        0.25490198]  [0.44705883 0.39607844 0.2509804 ]  [0.44313726 0.39215687 0.24705882]] ... [[0.2627451  0.21568628 0.12941177]  [0.2627451  0.21568628 0.13333334]  [0.26666668 0.21960784 0.13725491]  ...  [0.6        0.54901963 0.3764706 ]  [0.5921569  0.5411765  0.36862746]  [0.5882353  0.5372549  0.36862746]] [[0.25490198 0.20784314 0.12941177]  [0.25490198 0.20784314 0.12941177]  [0.25490198 0.21176471 0.12941177]  ...  [0.59607846 0.54509807 0.37254903]  [0.5882353  0.5372549  0.3647059 ]  [0.58431375 0.53333336 0.36078432]] [[0.25490198 0.20784314 0.12941177]  [0.25490198 0.20784314 0.12941177]  [0.25490198 0.20784314 0.12941177]  ...  [0.59607846 0.54509807 0.37254903]  [0.5882353  0.53333336 0.3647059 ]  [0.58431375 0.53333336 0.36078432]]]",7.557006160670426,2184,/home/amos/media/tv/Carnivale S01-S02 web 10bit hevc-d3g/Carnivale S02/Carnivale.S02E10.1080p.WEBRip.10Bit.EAC3.H265-d3g.mkv110,1080,1920,0,32,956,1143,32,1026564,0.495,"[[[0.31764707 0.25490198 0.13725491]  [0.31764707 0.25490198 0.13725491]  [0.31764707 0.25490198 0.13725491]  ...  [0.84313726 0.78431374 0.57254905]  [0.84313726 0.78431374 0.57254905]  [0.84313726 0.78431374 0.57254905]] [[0.31764707 0.25490198 0.13725491]  [0.31764707 0.25490198 0.13725491]  [0.31764707 0.25490198 0.13725491]  ...  [0.84313726 0.78431374 0.57254905]  [0.84313726 0.78431374 0.57254905]  [0.84313726 0.78431374 0.57254905]] [[0.31764707 0.25490198 0.13725491]  [0.31764707 0.25490198 0.13725491]  [0.31764707 0.25490198 0.13725491]  ...  [0.84313726 0.78431374 0.57254905]  [0.84313726 0.78431374 0.57254905]  [0.84313726 0.78431374 0.57254905]] ... [[0.8117647  0.7490196  0.5764706 ]  [0.8117647  0.7490196  0.5764706 ]  [0.8117647  0.7490196  0.5764706 ]  ...  [0.7921569  0.7254902  0.5411765 ]  [0.7921569  0.7254902  0.5411765 ]  [0.7921569  0.7254902  0.5411765 ]] [[0.8117647  0.7490196  0.5764706 ]  [0.8117647  0.7490196  0.5764706 ]  [0.8117647  0.7490196  0.5764706 ]  ...  [0.7921569  0.7254902  0.5411765 ]  [0.7921569  0.7254902  0.5411765 ]  [0.7921569  0.7254902  0.5411765 ]] [[0.8117647  0.7490196  0.5764706 ]  [0.8117647  0.7490196  0.5764706 ]  [0.8117647  0.7490196  0.5764706 ]  ...  [0.7921569  0.7254902  0.5411765 ]  [0.7921569  0.7254902  0.5411765 ]  [0.7921569  0.7254902  0.5411765 ]]]",3.5099670225172304,2256,/home/amos/media/tv/Carnivale S01-S02 web 10bit hevc-d3g/Carnivale S02/Carnivale.S02E10.1080p.WEBRip.10Bit.EAC3.H265-d3g.mkv111,1080,1920,0,50,155,696,50,67830,0.033,"[[[0.7058824  0.654902   0.49803922]  [0.7058824  0.654902   0.49803922]  [0.7058824  0.654902   0.49803922]  ...  [0.6117647  0.5647059  0.41568628]  [0.6117647  0.5647059  0.41568628]  [0.6117647  0.5647059  0.41568628]] [[0.7058824  0.654902   0.49803922]  [0.7058824  0.654902   0.49803922]  [0.7058824  0.654902   0.49803922]  ...  [0.6117647  0.5647059  0.41568628]  [0.6117647  0.5647059  0.41568628]  [0.6117647  0.5647059  0.41568628]] [[0.7058824  0.654902   0.49803922]  [0.7058824  0.654902   0.49803922]  [0.7058824  0.654902   0.49803922]  ...  [0.6117647  0.56078434 0.41568628]  [0.6117647  0.5647059  0.41568628]  [0.6117647  0.5647059  0.41568628]] ... [[0.67058825 0.6156863  0.45882353]  [0.67058825 0.6156863  0.45882353]  [0.67058825 0.6156863  0.45882353]  ...  [0.44705883 0.41960785 0.2901961 ]  [0.44705883 0.41960785 0.2901961 ]  [0.44705883 0.41960785 0.2901961 ]] [[0.67058825 0.6156863  0.45882353]  [0.67058825 0.6156863  0.45882353]  [0.67058825 0.6156863  0.45882353]  ...  [0.44705883 0.41960785 0.2901961 ]  [0.44705883 0.41960785 0.2901961 ]  [0.44705883 0.41960785 0.2901961 ]] [[0.67058825 0.6156863  0.45882353]  [0.67058825 0.6156863  0.45882353]  [0.67058825 0.6156863  0.45882353]  ...  [0.44705883 0.41960785 0.2901961 ]  [0.44705883 0.41960785 0.2901961 ]  [0.44705883 0.41960785 0.2901961 ]]]",2.5288501865579747,2280,/home/amos/media/tv/Carnivale S01-S02 web 10bit hevc-d3g/Carnivale S02/Carnivale.S02E10.1080p.WEBRip.10Bit.EAC3.H265-d3g.mkv112,1080,1920,0,90,200,21,90,7590,0.004,"[[[0.39607844 0.31764707 0.2784314 ]  [0.39607844 0.31764707 0.2784314 ]  [0.4        0.32156864 0.28235295]  ...  [0.38039216 0.29803923 0.2509804 ]  [0.37254903 0.29803923 0.24705882]  [0.37254903 0.29803923 0.24705882]] [[0.39607844 0.31764707 0.2784314 ]  [0.39607844 0.31764707 0.2784314 ]  [0.4        0.32156864 0.28235295]  ...  [0.38039216 0.3019608  0.2509804 ]  [0.37254903 0.29803923 0.24705882]  [0.37254903 0.29803923 0.24705882]] [[0.39215687 0.3137255  0.27450982]  [0.39215687 0.3137255  0.27450982]  [0.39607844 0.31764707 0.2784314 ]  ...  [0.38431373 0.3019608  0.25490198]  [0.3764706  0.3019608  0.2509804 ]  [0.3764706  0.3019608  0.2509804 ]] ... [[0.01176471 0.00784314 0.        ]  [0.01176471 0.00784314 0.        ]  [0.01176471 0.00392157 0.        ]  ...  [0.4862745  0.3882353  0.3372549 ]  [0.4862745  0.3882353  0.3372549 ]  [0.4862745  0.3882353  0.3372549 ]] [[0.01176471 0.00784314 0.00392157]  [0.01176471 0.00784314 0.00392157]  [0.01176471 0.00392157 0.        ]  ...  [0.48235294 0.38431373 0.33333334]  [0.48235294 0.38431373 0.33333334]  [0.48235294 0.38431373 0.33333334]] [[0.01176471 0.00784314 0.00392157]  [0.01176471 0.00784314 0.00392157]  [0.01176471 0.00392157 0.        ]  ...  [0.48235294 0.38431373 0.33333334]  [0.48235294 0.38431373 0.33333334]  [0.48235294 0.38431373 0.33333334]]]",1.4188781263655983,3696,/home/amos/media/tv/Carnivale S01-S02 web 10bit hevc-d3g/Carnivale S02/Carnivale.S02E10.1080p.WEBRip.10Bit.EAC3.H265-d3g.mkv113,1080,1920,0,155,269,952,155,90858,0.044,"[[[0.07058824 0.04313726 0.02745098]  [0.07058824 0.04705882 0.02745098]  [0.07450981 0.04705882 0.03137255]  ...  [0.00784314 0.00392157 0.        ]  [0.00784314 0.00392157 0.        ]  [0.00784314 0.00392157 0.        ]] [[0.07058824 0.04313726 0.02745098]  [0.07450981 0.04705882 0.03137255]  [0.07450981 0.04705882 0.03137255]  ...  [0.00784314 0.00392157 0.        ]  [0.00784314 0.00392157 0.        ]  [0.00784314 0.00392157 0.        ]] [[0.07450981 0.04705882 0.03137255]  [0.07450981 0.04705882 0.03137255]  [0.07450981 0.04705882 0.03137255]  ...  [0.00784314 0.00392157 0.        ]  [0.00784314 0.00392157 0.        ]  [0.00784314 0.00392157 0.        ]] ... [[0.23137255 0.15686275 0.11372549]  [0.22745098 0.15294118 0.10980392]  [0.22352941 0.14509805 0.10196079]  ...  [0.3019608  0.21568628 0.1764706 ]  [0.30980393 0.22745098 0.1882353 ]  [0.3137255  0.23137255 0.1882353 ]] [[0.23529412 0.15686275 0.11372549]  [0.23137255 0.15294118 0.10980392]  [0.22745098 0.14901961 0.10588235]  ...  [0.29411766 0.21568628 0.17254902]  [0.30588236 0.22352941 0.18039216]  [0.30980393 0.22745098 0.18431373]] [[0.23529412 0.15686275 0.11372549]  [0.23137255 0.15294118 0.10980392]  [0.22745098 0.14901961 0.10588235]  ...  [0.2901961  0.20784314 0.16862746]  [0.3019608  0.21960784 0.1764706 ]  [0.30588236 0.22745098 0.18039216]]]",3.2877111893030815,5400,/home/amos/media/tv/Carnivale S01-S02 web 10bit hevc-d3g/Carnivale S02/Carnivale.S02E10.1080p.WEBRip.10Bit.EAC3.H265-d3g.mkv114,1080,1920,0,245,668,796,245,233073,0.112,"[[[0.28627452 0.18431373 0.14901961]  [0.27450982 0.17254902 0.13725491]  [0.26666668 0.16470589 0.12941177]  ...  [0.01176471 0.         0.        ]  [0.01176471 0.         0.        ]  [0.01176471 0.00392157 0.        ]] [[0.28235295 0.1764706  0.14509805]  [0.27058825 0.16862746 0.13333334]  [0.27450982 0.17254902 0.13725491]  ...  [0.01176471 0.         0.        ]  [0.01176471 0.         0.        ]  [0.01176471 0.00392157 0.        ]] [[0.2784314  0.16862746 0.13725491]  [0.27058825 0.16078432 0.13333334]  [0.27450982 0.16862746 0.14117648]  ...  [0.01960784 0.         0.        ]  [0.01568628 0.         0.        ]  [0.01568628 0.         0.        ]] ... [[0.         0.         0.        ]  [0.         0.         0.        ]  [0.         0.         0.        ]  ...  [0.05490196 0.02745098 0.02352941]  [0.05490196 0.02745098 0.02352941]  [0.05098039 0.02352941 0.02352941]] [[0.         0.         0.        ]  [0.         0.         0.        ]  [0.         0.         0.        ]  ...  [0.05490196 0.02745098 0.02352941]  [0.05490196 0.02745098 0.02352941]  [0.05490196 0.02745098 0.02745098]] [[0.         0.         0.        ]  [0.         0.         0.        ]  [0.         0.         0.        ]  ...  [0.05882353 0.03137255 0.02352941]  [0.05882353 0.03137255 0.02745098]  [0.05490196 0.02745098 0.02745098]]]",0.9595680133788846,5424,/home/amos/media/tv/Carnivale S01-S02 web 10bit hevc-d3g/Carnivale S02/Carnivale.S02E10.1080p.WEBRip.10Bit.EAC3.H265-d3g.mkv115,1080,1920,0,179,338,821,179,102078,0.049,"[[[0.19215687 0.15686275 0.11764706]  [0.1882353  0.14901961 0.10980392]  [0.18039216 0.14509805 0.10588235]  ...  [0.01568628 0.01176471 0.00784314]  [0.01568628 0.01176471 0.00784314]  [0.01568628 0.01176471 0.00784314]] [[0.19215687 0.15686275 0.11764706]  [0.1882353  0.14901961 0.10980392]  [0.18039216 0.14509805 0.10588235]  ...  [0.01568628 0.01176471 0.01176471]  [0.01568628 0.01176471 0.01176471]  [0.01568628 0.01176471 0.01176471]] [[0.18431373 0.14901961 0.10980392]  [0.18039216 0.14509805 0.10588235]  [0.1764706  0.14117648 0.10196079]  ...  [0.01568628 0.01176471 0.01176471]  [0.01568628 0.01176471 0.01176471]  [0.01568628 0.01176471 0.01176471]] ... [[0.3254902  0.23137255 0.20784314]  [0.32156864 0.22745098 0.20392157]  [0.31764707 0.22745098 0.2       ]  ...  [0.00784314 0.00392157 0.        ]  [0.00784314 0.00392157 0.        ]  [0.00784314 0.00392157 0.        ]] [[0.32156864 0.22745098 0.20784314]  [0.31764707 0.22352941 0.2       ]  [0.3137255  0.22352941 0.19607843]  ...  [0.00784314 0.00392157 0.        ]  [0.00784314 0.00392157 0.        ]  [0.00784314 0.00392157 0.        ]] [[0.32156864 0.22745098 0.20392157]  [0.3137255  0.22352941 0.2       ]  [0.3137255  0.22352941 0.19607843]  ...  [0.00784314 0.00392157 0.        ]  [0.00784314 0.00392157 0.        ]  [0.00784314 0.00392157 0.        ]]]",0.5107400826527737,5880,/home/amos/media/tv/Carnivale S01-S02 web 10bit hevc-d3g/Carnivale S02/Carnivale.S02E10.1080p.WEBRip.10Bit.EAC3.H265-d3g.mkv116,1080,1920,0,745,181,856,745,62604,0.03,"[[[0.10980392 0.08235294 0.05882353]  [0.10980392 0.07843138 0.05882353]  [0.09411765 0.07450981 0.04705882]  ...  [0.         0.00392157 0.        ]  [0.         0.00392157 0.        ]  [0.         0.         0.        ]] [[0.10588235 0.07843138 0.05490196]  [0.10588235 0.07843138 0.05490196]  [0.09803922 0.08235294 0.05490196]  ...  [0.         0.00392157 0.        ]  [0.         0.00392157 0.        ]  [0.         0.         0.        ]] [[0.11372549 0.08627451 0.0627451 ]  [0.10588235 0.07843138 0.05490196]  [0.09803922 0.07843138 0.05098039]  ...  [0.         0.00392157 0.        ]  [0.         0.00392157 0.        ]  [0.         0.         0.        ]] ... [[0.00392157 0.         0.        ]  [0.00392157 0.         0.        ]  [0.00392157 0.         0.        ]  ...  [0.         0.00392157 0.        ]  [0.         0.00392157 0.        ]  [0.         0.         0.        ]] [[0.00392157 0.         0.        ]  [0.00392157 0.         0.        ]  [0.00392157 0.         0.        ]  ...  [0.         0.00392157 0.        ]  [0.         0.00392157 0.        ]  [0.         0.         0.        ]] [[0.         0.         0.        ]  [0.         0.         0.        ]  [0.         0.         0.        ]  ...  [0.         0.         0.        ]  [0.         0.         0.        ]  [0.         0.         0.        ]]]",6.278037003008649,6048,/home/amos/media/tv/Carnivale S01-S02 web 10bit hevc-d3g/Carnivale S02/Carnivale.S02E10.1080p.WEBRip.10Bit.EAC3.H265-d3g.mkv117,1080,1920,0,326,273,385,326,3127,0.002,"[[[0.         0.         0.        ]  [0.         0.         0.        ]  [0.         0.         0.        ]  ...  [0.05098039 0.05098039 0.01568628]  [0.04313726 0.04313726 0.01176471]  [0.04313726 0.04313726 0.01176471]] [[0.         0.         0.        ]  [0.         0.         0.        ]  [0.         0.         0.        ]  ...  [0.05098039 0.05098039 0.01568628]  [0.04313726 0.04313726 0.01176471]  [0.03921569 0.03921569 0.00784314]] [[0.         0.         0.        ]  [0.         0.         0.        ]  [0.         0.         0.        ]  ...  [0.05098039 0.05098039 0.01568628]  [0.04313726 0.04313726 0.01176471]  [0.04313726 0.04313726 0.01176471]] ... [[0.         0.         0.        ]  [0.         0.         0.        ]  [0.         0.         0.        ]  ...  [0.03137255 0.         0.        ]  [0.03137255 0.         0.        ]  [0.03529412 0.         0.        ]] [[0.         0.         0.        ]  [0.         0.         0.        ]  [0.         0.         0.        ]  ...  [0.03137255 0.         0.        ]  [0.03137255 0.         0.        ]  [0.03529412 0.         0.        ]] [[0.         0.         0.00392157]  [0.         0.         0.        ]  [0.         0.         0.        ]  ...  [0.03137255 0.         0.        ]  [0.03137255 0.         0.        ]  [0.03137255 0.         0.        ]]]",6.003217037883587,6672,/home/amos/media/tv/Carnivale S01-S02 web 10bit hevc-d3g/Carnivale S02/Carnivale.S02E10.1080p.WEBRip.10Bit.EAC3.H265-d3g.mkv118,1080,1920,0,119,229,1467,119,148280,0.072,"[[[0.08235294 0.03921569 0.00784314]  [0.07843138 0.03529412 0.00784314]  [0.07058824 0.03137255 0.00784314]  ...  [0.00392157 0.         0.        ]  [0.00784314 0.00392157 0.        ]  [0.00784314 0.00392157 0.        ]] [[0.07843138 0.03529412 0.00392157]  [0.07450981 0.03529412 0.00392157]  [0.07058824 0.02745098 0.00784314]  ...  [0.00392157 0.         0.        ]  [0.00784314 0.         0.        ]  [0.00784314 0.00392157 0.        ]] [[0.07450981 0.03137255 0.        ]  [0.07058824 0.03137255 0.00392157]  [0.06666667 0.02745098 0.00784314]  ...  [0.00392157 0.         0.        ]  [0.00784314 0.00392157 0.        ]  [0.00784314 0.00392157 0.        ]] ... [[0.2        0.10196079 0.07450981]  [0.20392157 0.10588235 0.07843138]  [0.21568628 0.11764706 0.09019608]  ...  [0.04313726 0.03137255 0.02352941]  [0.03137255 0.02352941 0.01176471]  [0.02352941 0.01568628 0.00784314]] [[0.19607843 0.09803922 0.07058824]  [0.2        0.10196079 0.07450981]  [0.21176471 0.11372549 0.08627451]  ...  [0.04705882 0.03921569 0.02745098]  [0.03921569 0.02745098 0.01960784]  [0.03529412 0.02352941 0.01568628]] [[0.19607843 0.09803922 0.07058824]  [0.2        0.10196079 0.07450981]  [0.20784314 0.10980392 0.08235294]  ...  [0.05098039 0.03921569 0.03137255]  [0.04313726 0.03137255 0.02352941]  [0.03921569 0.02745098 0.01960784]]]",5.574844242481049,7872,/home/amos/media/tv/Carnivale S01-S02 web 10bit hevc-d3g/Carnivale S02/Carnivale.S02E10.1080p.WEBRip.10Bit.EAC3.H265-d3g.mkv119,1080,1920,0,108,309,1485,108,276777,0.133,"[[[0.15294118 0.09019608 0.0627451 ]  [0.14901961 0.08627451 0.0627451 ]  [0.14509805 0.08235294 0.05882353]  ...  [0.01568628 0.         0.        ]  [0.01176471 0.         0.        ]  [0.01176471 0.         0.        ]] [[0.15294118 0.08627451 0.05882353]  [0.14901961 0.08627451 0.05882353]  [0.14117648 0.07843138 0.05882353]  ...  [0.01568628 0.         0.        ]  [0.01176471 0.         0.        ]  [0.01176471 0.         0.        ]] [[0.14901961 0.08627451 0.05490196]  [0.14509805 0.08235294 0.05490196]  [0.14117648 0.07450981 0.05490196]  ...  [0.01176471 0.         0.        ]  [0.01176471 0.         0.        ]  [0.00784314 0.         0.        ]] ... [[0.32156864 0.23137255 0.19607843]  [0.33333334 0.24313726 0.20784314]  [0.35686275 0.27058825 0.23137255]  ...  [0.00392157 0.         0.        ]  [0.         0.         0.        ]  [0.         0.         0.        ]] [[0.30588236 0.21568628 0.18039216]  [0.31764707 0.22745098 0.19215687]  [0.34901962 0.25490198 0.21568628]  ...  [0.00784314 0.00392157 0.        ]  [0.00392157 0.         0.        ]  [0.00392157 0.         0.        ]] [[0.29803923 0.20784314 0.17254902]  [0.30980393 0.21960784 0.18431373]  [0.34117648 0.24705882 0.21176471]  ...  [0.00784314 0.00392157 0.        ]  [0.00392157 0.         0.        ]  [0.00392157 0.         0.        ]]]",4.090797137876507,7896,/home/amos/media/tv/Carnivale S01-S02 web 10bit hevc-d3g/Carnivale S02/Carnivale.S02E10.1080p.WEBRip.10Bit.EAC3.H265-d3g.mkv120,1080,1920,0,107,294,1491,107,258808,0.125,"[[[0.18431373 0.11372549 0.08627451]  [0.18039216 0.11372549 0.08627451]  [0.1764706  0.10980392 0.08627451]  ...  [0.00784314 0.00392157 0.        ]  [0.00784314 0.00392157 0.        ]  [0.         0.         0.        ]] [[0.18431373 0.11372549 0.08627451]  [0.18039216 0.11372549 0.08627451]  [0.18039216 0.11372549 0.08627451]  ...  [0.00784314 0.00392157 0.        ]  [0.00784314 0.00392157 0.        ]  [0.         0.         0.        ]] [[0.18431373 0.11372549 0.09019608]  [0.18039216 0.11372549 0.09019608]  [0.1764706  0.11372549 0.09019608]  ...  [0.00784314 0.00392157 0.        ]  [0.00784314 0.00392157 0.        ]  [0.         0.         0.        ]] ... [[0.24313726 0.15294118 0.12156863]  [0.2509804  0.16078432 0.12941177]  [0.27058825 0.18039216 0.14901961]  ...  [0.         0.         0.        ]  [0.         0.         0.        ]  [0.         0.         0.        ]] [[0.24705882 0.15686275 0.1254902 ]  [0.25490198 0.16470589 0.13333334]  [0.2784314  0.1882353  0.15686275]  ...  [0.         0.         0.        ]  [0.         0.         0.        ]  [0.         0.         0.        ]] [[0.         0.         0.        ]  [0.         0.         0.        ]  [0.         0.         0.        ]  ...  [0.         0.         0.        ]  [0.         0.         0.        ]  [0.         0.         0.        ]]]",6.930652083305176,7920,/home/amos/media/tv/Carnivale S01-S02 web 10bit hevc-d3g/Carnivale S02/Carnivale.S02E10.1080p.WEBRip.10Bit.EAC3.H265-d3g.mkv121,1080,1920,0,58,102,1400,58,59048,0.028,"[[[0.04313726 0.02745098 0.00784314]  [0.04313726 0.02745098 0.00784314]  [0.04313726 0.02745098 0.00784314]  ...  [0.02352941 0.01176471 0.00392157]  [0.02352941 0.01176471 0.00392157]  [0.02352941 0.01176471 0.00392157]] [[0.04313726 0.02745098 0.00784314]  [0.04313726 0.02745098 0.00784314]  [0.04313726 0.02745098 0.00784314]  ...  [0.02352941 0.01176471 0.00392157]  [0.02352941 0.01176471 0.00392157]  [0.02352941 0.01176471 0.00392157]] [[0.04313726 0.02745098 0.00784314]  [0.04313726 0.02745098 0.00784314]  [0.04313726 0.02745098 0.00784314]  ...  [0.02352941 0.01176471 0.00392157]  [0.02352941 0.01176471 0.00392157]  [0.02352941 0.01176471 0.00392157]] ... [[0.11764706 0.0627451  0.04313726]  [0.11764706 0.0627451  0.04313726]  [0.11764706 0.0627451  0.04313726]  ...  [0.2627451  0.1882353  0.14509805]  [0.25882354 0.18431373 0.14117648]  [0.25882354 0.18431373 0.14117648]] [[0.11764706 0.0627451  0.04313726]  [0.11764706 0.0627451  0.04313726]  [0.11764706 0.0627451  0.04313726]  ...  [0.2627451  0.1882353  0.14509805]  [0.25882354 0.18431373 0.14117648]  [0.25882354 0.18431373 0.14117648]] [[0.11764706 0.0627451  0.04313726]  [0.11764706 0.0627451  0.04313726]  [0.11764706 0.0627451  0.04313726]  ...  [0.2627451  0.1882353  0.14509805]  [0.25882354 0.18431373 0.14117648]  [0.25882354 0.18431373 0.14117648]]]",2.7468540123081766,8160,/home/amos/media/tv/Carnivale S01-S02 web 10bit hevc-d3g/Carnivale S02/Carnivale.S02E10.1080p.WEBRip.10Bit.EAC3.H265-d3g.mkv122,1080,1920,0,75,457,1454,75,526778,0.254,"[[[0.14117648 0.07058824 0.05490196]  [0.14117648 0.07058824 0.05490196]  [0.14117648 0.07058824 0.05490196]  ...  [0.07843138 0.04313726 0.02352941]  [0.07843138 0.04313726 0.02352941]  [0.07843138 0.04313726 0.02352941]] [[0.14117648 0.07058824 0.05490196]  [0.14117648 0.07058824 0.05490196]  [0.14117648 0.07058824 0.05490196]  ...  [0.07843138 0.04313726 0.02352941]  [0.07843138 0.04313726 0.02352941]  [0.07843138 0.04313726 0.02352941]] [[0.14117648 0.07058824 0.05490196]  [0.14117648 0.07058824 0.05490196]  [0.14117648 0.07058824 0.05490196]  ...  [0.08235294 0.04705882 0.02352941]  [0.08235294 0.04705882 0.02352941]  [0.08235294 0.04705882 0.02352941]] ... [[0.15686275 0.08627451 0.06666667]  [0.15686275 0.08627451 0.06666667]  [0.15686275 0.08627451 0.07058824]  ...  [0.1882353  0.11764706 0.09019608]  [0.1882353  0.11764706 0.09019608]  [0.1882353  0.11764706 0.09019608]] [[0.15686275 0.08627451 0.07058824]  [0.15686275 0.08627451 0.07058824]  [0.15686275 0.08627451 0.07058824]  ...  [0.1882353  0.11764706 0.09019608]  [0.1882353  0.11764706 0.09019608]  [0.1882353  0.11764706 0.09019608]] [[0.15686275 0.08627451 0.07058824]  [0.15686275 0.08627451 0.07058824]  [0.15686275 0.08627451 0.07058824]  ...  [0.1882353  0.11764706 0.09019608]  [0.1882353  0.11764706 0.09019608]  [0.1882353  0.11764706 0.09019608]]]",1.296387045935262,8448,/home/amos/media/tv/Carnivale S01-S02 web 10bit hevc-d3g/Carnivale S02/Carnivale.S02E10.1080p.WEBRip.10Bit.EAC3.H265-d3g.mkv123,1080,1920,0,713,46,874,713,107387,0.052,"[[[0.         0.         0.        ]  [0.         0.         0.        ]  [0.         0.         0.        ]  ...  [0.01176471 0.00784314 0.00392157]  [0.01176471 0.00784314 0.00392157]  [0.01176471 0.00784314 0.00392157]] [[0.         0.         0.        ]  [0.         0.         0.        ]  [0.         0.         0.        ]  ...  [0.01568628 0.01176471 0.00784314]  [0.01568628 0.01176471 0.00784314]  [0.01176471 0.00784314 0.00392157]] [[0.         0.         0.        ]  [0.         0.         0.        ]  [0.         0.         0.        ]  ...  [0.01568628 0.01176471 0.00784314]  [0.01568628 0.01176471 0.00784314]  [0.01176471 0.00784314 0.00392157]] ... [[0.01960784 0.00392157 0.        ]  [0.01960784 0.00392157 0.        ]  [0.01568628 0.00392157 0.        ]  ...  [0.00392157 0.         0.        ]  [0.00392157 0.         0.        ]  [0.         0.         0.        ]] [[0.01960784 0.00392157 0.        ]  [0.01960784 0.00392157 0.        ]  [0.01568628 0.00392157 0.        ]  ...  [0.00392157 0.         0.        ]  [0.         0.         0.        ]  [0.         0.         0.        ]] [[0.01568628 0.         0.        ]  [0.01960784 0.00392157 0.        ]  [0.01568628 0.00392157 0.        ]  ...  [0.         0.         0.        ]  [0.         0.         0.        ]  [0.         0.         0.        ]]]",7.069853102439083,8472,/home/amos/media/tv/Carnivale S01-S02 web 10bit hevc-d3g/Carnivale S02/Carnivale.S02E10.1080p.WEBRip.10Bit.EAC3.H265-d3g.mkv124,1080,1920,0,738,39,914,738,123024,0.059,"[[[0.00392157 0.00392157 0.        ]  [0.00392157 0.00392157 0.        ]  [0.00784314 0.00784314 0.        ]  ...  [0.01176471 0.00784314 0.        ]  [0.01176471 0.00784314 0.        ]  [0.01176471 0.00392157 0.        ]] [[0.00392157 0.00392157 0.        ]  [0.00392157 0.00392157 0.        ]  [0.00784314 0.00784314 0.        ]  ...  [0.01176471 0.00784314 0.        ]  [0.00784314 0.00392157 0.        ]  [0.01176471 0.00392157 0.        ]] [[0.00392157 0.00392157 0.        ]  [0.00392157 0.00392157 0.        ]  [0.00392157 0.00392157 0.        ]  ...  [0.01176471 0.00784314 0.        ]  [0.00784314 0.00392157 0.        ]  [0.01176471 0.00784314 0.        ]] ... [[0.01176471 0.00392157 0.        ]  [0.01176471 0.         0.        ]  [0.01176471 0.         0.        ]  ...  [0.         0.         0.        ]  [0.         0.         0.        ]  [0.00392157 0.         0.        ]] [[0.01176471 0.00392157 0.        ]  [0.01176471 0.         0.        ]  [0.01176471 0.         0.        ]  ...  [0.00392157 0.         0.        ]  [0.         0.         0.        ]  [0.         0.         0.        ]] [[0.01176471 0.00392157 0.        ]  [0.01176471 0.         0.        ]  [0.01176471 0.         0.        ]  ...  [0.01176471 0.00784314 0.        ]  [0.00784314 0.00392157 0.        ]  [0.00784314 0.00392157 0.        ]]]",5.98139015736524,8496,/home/amos/media/tv/Carnivale S01-S02 web 10bit hevc-d3g/Carnivale S02/Carnivale.S02E10.1080p.WEBRip.10Bit.EAC3.H265-d3g.mkv125,1080,1920,0,732,60,864,732,88704,0.043,"[[[0.         0.         0.        ]  [0.00392157 0.         0.        ]  [0.00392157 0.00392157 0.        ]  ...  [0.01960784 0.01176471 0.00784314]  [0.01960784 0.01176471 0.00784314]  [0.01960784 0.01176471 0.00784314]] [[0.         0.         0.        ]  [0.         0.         0.        ]  [0.         0.00392157 0.        ]  ...  [0.01568628 0.01176471 0.00784314]  [0.01176471 0.00784314 0.00392157]  [0.00784314 0.00392157 0.        ]] [[0.         0.         0.        ]  [0.         0.00392157 0.        ]  [0.         0.00392157 0.        ]  ...  [0.01568628 0.01176471 0.00784314]  [0.01568628 0.01176471 0.00784314]  [0.01176471 0.00784314 0.00392157]] ... [[0.         0.         0.        ]  [0.         0.         0.        ]  [0.         0.         0.        ]  ...  [0.         0.00392157 0.        ]  [0.00392157 0.00392157 0.        ]  [0.00784314 0.00784314 0.        ]] [[0.         0.         0.        ]  [0.         0.         0.        ]  [0.         0.         0.        ]  ...  [0.00392157 0.00392157 0.        ]  [0.00392157 0.00392157 0.        ]  [0.00392157 0.         0.        ]] [[0.         0.         0.        ]  [0.         0.         0.        ]  [0.         0.         0.        ]  ...  [0.         0.         0.        ]  [0.00392157 0.         0.        ]  [0.00392157 0.         0.        ]]]",6.261788077303208,8520,/home/amos/media/tv/Carnivale S01-S02 web 10bit hevc-d3g/Carnivale S02/Carnivale.S02E10.1080p.WEBRip.10Bit.EAC3.H265-d3g.mkv126,1080,1920,0,721,63,731,721,6580,0.003,"[[[0.         0.         0.        ]  [0.         0.         0.        ]  [0.         0.         0.        ]  ...  [0.01176471 0.00784314 0.00392157]  [0.01176471 0.00784314 0.00392157]  [0.         0.         0.        ]] [[0.         0.         0.        ]  [0.         0.         0.        ]  [0.         0.         0.        ]  ...  [0.01568628 0.00784314 0.00784314]  [0.01176471 0.00784314 0.00392157]  [0.         0.         0.        ]] [[0.         0.         0.        ]  [0.         0.         0.        ]  [0.         0.         0.        ]  ...  [0.01176471 0.00784314 0.00392157]  [0.01176471 0.00784314 0.00392157]  [0.         0.         0.        ]] ... [[0.         0.         0.        ]  [0.         0.         0.        ]  [0.         0.         0.        ]  ...  [0.         0.         0.        ]  [0.         0.         0.        ]  [0.         0.         0.        ]] [[0.         0.         0.        ]  [0.         0.         0.        ]  [0.         0.         0.        ]  ...  [0.         0.         0.        ]  [0.         0.         0.        ]  [0.         0.         0.        ]] [[0.         0.         0.        ]  [0.         0.         0.        ]  [0.         0.         0.        ]  ...  [0.         0.         0.        ]  [0.         0.         0.        ]  [0.         0.         0.        ]]]",5.270901181153022,8544,/home/amos/media/tv/Carnivale S01-S02 web 10bit hevc-d3g/Carnivale S02/Carnivale.S02E10.1080p.WEBRip.10Bit.EAC3.H265-d3g.mkv127,1080,1920,0,141,8,1353,141,161196,0.078,"[[[0.1764706  0.12156863 0.07843138]  [0.19607843 0.14117648 0.09803922]  [0.22745098 0.17254902 0.1254902 ]  ...  [0.         0.         0.        ]  [0.         0.         0.        ]  [0.         0.         0.        ]] [[0.15294118 0.09803922 0.05490196]  [0.1764706  0.12156863 0.07450981]  [0.20784314 0.15294118 0.10588235]  ...  [0.         0.         0.        ]  [0.         0.         0.        ]  [0.         0.         0.        ]] [[0.1254902  0.07058824 0.02745098]  [0.14901961 0.09411765 0.05098039]  [0.18431373 0.12941177 0.08235294]  ...  [0.         0.         0.        ]  [0.         0.         0.        ]  [0.         0.         0.        ]] ... [[0.12941177 0.08235294 0.05882353]  [0.10588235 0.05882353 0.03921569]  [0.07450981 0.02745098 0.01176471]  ...  [0.01960784 0.         0.        ]  [0.01568628 0.         0.        ]  [0.01568628 0.         0.        ]] [[0.11764706 0.07058824 0.04705882]  [0.09411765 0.04705882 0.02745098]  [0.0627451  0.01568628 0.00392157]  ...  [0.01960784 0.         0.        ]  [0.01568628 0.         0.        ]  [0.01176471 0.         0.        ]] [[0.10588235 0.05882353 0.03529412]  [0.08627451 0.03921569 0.01960784]  [0.05490196 0.01176471 0.        ]  ...  [0.01568628 0.         0.        ]  [0.01176471 0.         0.        ]  [0.01176471 0.         0.        ]]]",2.903564151492901,8784,/home/amos/media/tv/Carnivale S01-S02 web 10bit hevc-d3g/Carnivale S02/Carnivale.S02E10.1080p.WEBRip.10Bit.EAC3.H265-d3g.mkv128,1080,1920,0,175,152,1151,175,22448,0.011,"[[[0.         0.         0.        ]  [0.         0.         0.        ]  [0.         0.         0.        ]  ...  [0.         0.         0.        ]  [0.         0.         0.        ]  [0.         0.         0.        ]] [[0.         0.         0.        ]  [0.         0.         0.        ]  [0.         0.         0.        ]  ...  [0.         0.         0.        ]  [0.         0.         0.        ]  [0.         0.         0.        ]] [[0.         0.         0.        ]  [0.         0.         0.        ]  [0.         0.         0.        ]  ...  [0.         0.         0.        ]  [0.         0.         0.        ]  [0.         0.         0.        ]] ... [[0.24705882 0.24313726 0.20392157]  [0.24705882 0.23921569 0.19607843]  [0.23921569 0.23137255 0.1882353 ]  ...  [0.         0.         0.        ]  [0.         0.         0.        ]  [0.         0.         0.        ]] [[0.2509804  0.24705882 0.20784314]  [0.24705882 0.23921569 0.2       ]  [0.23921569 0.23137255 0.1882353 ]  ...  [0.         0.         0.        ]  [0.         0.         0.        ]  [0.         0.         0.        ]] [[0.25490198 0.24705882 0.21176471]  [0.24705882 0.23921569 0.2       ]  [0.23921569 0.23137255 0.1882353 ]  ...  [0.         0.         0.        ]  [0.         0.         0.        ]  [0.         0.         0.        ]]]",11.199761166877579,8928,/home/amos/media/tv/Carnivale S01-S02 web 10bit hevc-d3g/Carnivale S02/Carnivale.S02E10.1080p.WEBRip.10Bit.EAC3.H265-d3g.mkv129,1080,1920,0,182,132,1170,182,49400,0.024,"[[[0.         0.         0.00392157]  [0.         0.         0.00392157]  [0.         0.         0.00392157]  ...  [0.         0.         0.        ]  [0.         0.         0.        ]  [0.         0.         0.        ]] [[0.         0.         0.00392157]  [0.         0.         0.00392157]  [0.         0.         0.00392157]  ...  [0.         0.         0.        ]  [0.         0.         0.        ]  [0.         0.         0.        ]] [[0.         0.         0.        ]  [0.         0.         0.        ]  [0.         0.         0.        ]  ...  [0.         0.         0.        ]  [0.         0.         0.        ]  [0.         0.         0.        ]] ... [[0.23137255 0.21960784 0.1764706 ]  [0.22745098 0.21568628 0.17254902]  [0.21960784 0.20784314 0.16862746]  ...  [0.         0.         0.        ]  [0.         0.         0.        ]  [0.         0.         0.        ]] [[0.23137255 0.21960784 0.1764706 ]  [0.22745098 0.21568628 0.17254902]  [0.21960784 0.20784314 0.16862746]  ...  [0.         0.         0.        ]  [0.         0.         0.        ]  [0.         0.         0.        ]] [[0.22745098 0.21568628 0.17254902]  [0.22745098 0.21568628 0.17254902]  [0.21960784 0.20784314 0.16862746]  ...  [0.         0.         0.        ]  [0.         0.         0.        ]  [0.         0.         0.        ]]]",7.671056071470957,8952,/home/amos/media/tv/Carnivale S01-S02 web 10bit hevc-d3g/Carnivale S02/Carnivale.S02E10.1080p.WEBRip.10Bit.EAC3.H265-d3g.mkv130,1080,1920,0,183,106,1154,183,74767,0.036,"[[[0.         0.         0.        ]  [0.         0.         0.        ]  [0.         0.         0.        ]  ...  [0.         0.         0.        ]  [0.         0.         0.        ]  [0.         0.         0.        ]] [[0.         0.         0.        ]  [0.         0.         0.        ]  [0.         0.         0.        ]  ...  [0.         0.         0.        ]  [0.         0.         0.        ]  [0.         0.         0.        ]] [[0.         0.         0.        ]  [0.         0.         0.        ]  [0.         0.         0.        ]  ...  [0.         0.         0.        ]  [0.         0.         0.        ]  [0.         0.         0.        ]] ... [[0.14901961 0.14117648 0.10980392]  [0.16078432 0.14901961 0.12156863]  [0.16862746 0.16078432 0.12941177]  ...  [0.         0.         0.        ]  [0.         0.         0.        ]  [0.         0.         0.        ]] [[0.16470589 0.15294118 0.12156863]  [0.17254902 0.15686275 0.12941177]  [0.1764706  0.16470589 0.13333334]  ...  [0.         0.         0.        ]  [0.         0.         0.        ]  [0.         0.         0.        ]] [[0.18431373 0.16862746 0.13725491]  [0.1882353  0.17254902 0.14117648]  [0.19607843 0.1764706  0.14509805]  ...  [0.         0.         0.        ]  [0.         0.         0.        ]  [0.         0.         0.        ]]]",6.738055107824039,9000,/home/amos/media/tv/Carnivale S01-S02 web 10bit hevc-d3g/Carnivale S02/Carnivale.S02E10.1080p.WEBRip.10Bit.EAC3.H265-d3g.mkv131,1080,1920,0,186,122,1150,186,61696,0.03,"[[[0.         0.         0.        ]  [0.         0.         0.        ]  [0.         0.         0.        ]  ...  [0.         0.         0.        ]  [0.         0.         0.        ]  [0.         0.         0.        ]] [[0.         0.         0.        ]  [0.         0.         0.        ]  [0.         0.         0.        ]  ...  [0.         0.         0.        ]  [0.         0.         0.        ]  [0.         0.         0.        ]] [[0.         0.         0.        ]  [0.         0.         0.        ]  [0.         0.         0.        ]  ...  [0.         0.         0.        ]  [0.         0.         0.        ]  [0.         0.         0.        ]] ... [[0.22745098 0.21960784 0.1764706 ]  [0.23137255 0.21960784 0.1764706 ]  [0.23137255 0.21960784 0.18039216]  ...  [0.         0.         0.        ]  [0.         0.         0.        ]  [0.         0.         0.        ]] [[0.22745098 0.21568628 0.17254902]  [0.23137255 0.21960784 0.1764706 ]  [0.23529412 0.22352941 0.18039216]  ...  [0.         0.         0.        ]  [0.         0.         0.        ]  [0.         0.         0.        ]] [[0.22745098 0.21568628 0.17254902]  [0.23137255 0.21960784 0.1764706 ]  [0.23529412 0.22352941 0.18039216]  ...  [0.         0.         0.        ]  [0.         0.         0.        ]  [0.         0.         0.        ]]]",6.466872107645031,9024,/home/amos/media/tv/Carnivale S01-S02 web 10bit hevc-d3g/Carnivale S02/Carnivale.S02E10.1080p.WEBRip.10Bit.EAC3.H265-d3g.mkv132,1080,1920,0,181,157,1134,181,22872,0.011,"[[[0.         0.         0.        ]  [0.         0.00392157 0.        ]  [0.         0.         0.        ]  ...  [0.01568628 0.01176471 0.00784314]  [0.02352941 0.01568628 0.01176471]  [0.02745098 0.02352941 0.01960784]] [[0.         0.         0.        ]  [0.         0.         0.        ]  [0.         0.         0.        ]  ...  [0.01176471 0.00784314 0.00392157]  [0.01960784 0.01568628 0.01176471]  [0.02745098 0.02352941 0.01960784]] [[0.         0.00392157 0.        ]  [0.         0.         0.        ]  [0.         0.         0.        ]  ...  [0.01176471 0.00784314 0.00392157]  [0.01960784 0.01568628 0.00784314]  [0.02745098 0.01960784 0.01568628]] ... [[0.16862746 0.15686275 0.12156863]  [0.21568628 0.20392157 0.16862746]  [0.23921569 0.22745098 0.19215687]  ...  [0.         0.         0.        ]  [0.         0.         0.        ]  [0.         0.         0.        ]] [[0.16078432 0.14901961 0.11372549]  [0.20784314 0.19607843 0.16470589]  [0.23529412 0.22352941 0.1882353 ]  ...  [0.         0.         0.        ]  [0.         0.         0.        ]  [0.         0.         0.        ]] [[0.15686275 0.14509805 0.11372549]  [0.20392157 0.19215687 0.16078432]  [0.23529412 0.22745098 0.1882353 ]  ...  [0.         0.         0.        ]  [0.         0.         0.        ]  [0.         0.         0.        ]]]",10.230817160045262,9048,/home/amos/media/tv/Carnivale S01-S02 web 10bit hevc-d3g/Carnivale S02/Carnivale.S02E10.1080p.WEBRip.10Bit.EAC3.H265-d3g.mkv133,1080,1920,0,180,166,1133,180,13342,0.006,"[[[0.         0.00392157 0.        ]  [0.00392157 0.00392157 0.        ]  [0.00392157 0.00392157 0.        ]  ...  [0.         0.         0.        ]  [0.         0.         0.        ]  [0.         0.         0.        ]] [[0.         0.00392157 0.        ]  [0.00392157 0.00392157 0.        ]  [0.00784314 0.00784314 0.        ]  ...  [0.         0.         0.        ]  [0.         0.         0.        ]  [0.         0.         0.        ]] [[0.         0.00392157 0.        ]  [0.00392157 0.00784314 0.        ]  [0.00784314 0.00784314 0.        ]  ...  [0.         0.         0.        ]  [0.         0.         0.        ]  [0.         0.         0.        ]] ... [[0.16862746 0.15294118 0.12156863]  [0.14901961 0.14509805 0.11372549]  [0.13333334 0.12941177 0.10196079]  ...  [0.         0.         0.        ]  [0.         0.         0.        ]  [0.         0.         0.        ]] [[0.16862746 0.15294118 0.12156863]  [0.14901961 0.14117648 0.10980392]  [0.12941177 0.1254902  0.09803922]  ...  [0.         0.         0.        ]  [0.         0.         0.        ]  [0.         0.         0.        ]] [[0.16862746 0.15294118 0.12156863]  [0.14509805 0.13725491 0.10588235]  [0.1254902  0.12156863 0.09019608]  ...  [0.         0.         0.        ]  [0.         0.         0.        ]  [0.         0.         0.        ]]]",10.116584180796053,9072,/home/amos/media/tv/Carnivale S01-S02 web 10bit hevc-d3g/Carnivale S02/Carnivale.S02E10.1080p.WEBRip.10Bit.EAC3.H265-d3g.mkv134,1080,1920,0,53,375,1325,53,409584,0.198,"[[[0.02745098 0.00392157 0.        ]  [0.02745098 0.00392157 0.        ]  [0.02745098 0.00392157 0.        ]  ...  [0.02352941 0.00784314 0.00784314]  [0.02352941 0.00784314 0.00784314]  [0.02352941 0.00784314 0.00784314]] [[0.02745098 0.00392157 0.        ]  [0.02745098 0.00392157 0.        ]  [0.02745098 0.00392157 0.        ]  ...  [0.02352941 0.00784314 0.00784314]  [0.02352941 0.00784314 0.00784314]  [0.02352941 0.00784314 0.00784314]] [[0.03137255 0.00392157 0.        ]  [0.03137255 0.00392157 0.        ]  [0.03137255 0.00392157 0.        ]  ...  [0.02352941 0.00784314 0.00784314]  [0.02352941 0.00784314 0.00784314]  [0.02352941 0.00784314 0.00784314]] ... [[0.03137255 0.00392157 0.        ]  [0.03137255 0.00392157 0.        ]  [0.03137255 0.00392157 0.        ]  ...  [0.01176471 0.00784314 0.        ]  [0.01176471 0.00784314 0.        ]  [0.01176471 0.00784314 0.        ]] [[0.03137255 0.00392157 0.        ]  [0.03137255 0.00392157 0.        ]  [0.03137255 0.00392157 0.        ]  ...  [0.01176471 0.00784314 0.        ]  [0.01176471 0.00784314 0.        ]  [0.01176471 0.00784314 0.        ]] [[0.03137255 0.00392157 0.        ]  [0.03137255 0.00392157 0.        ]  [0.03137255 0.00392157 0.        ]  ...  [0.01176471 0.00784314 0.        ]  [0.01176471 0.00784314 0.        ]  [0.01176471 0.00784314 0.        ]]]",-0.6327079618931748,9168,/home/amos/media/tv/Carnivale S01-S02 web 10bit hevc-d3g/Carnivale S02/Carnivale.S02E10.1080p.WEBRip.10Bit.EAC3.H265-d3g.mkv135,1080,1920,0,81,717,677,81,379056,0.183,"[[[0.03921569 0.04313726 0.02745098]  [0.03921569 0.04313726 0.02745098]  [0.04313726 0.04705882 0.03137255]  ...  [0.         0.         0.        ]  [0.         0.         0.        ]  [0.         0.         0.        ]] [[0.03921569 0.04313726 0.02745098]  [0.03921569 0.04313726 0.02745098]  [0.04313726 0.04705882 0.03137255]  ...  [0.         0.         0.        ]  [0.         0.         0.        ]  [0.         0.         0.        ]] [[0.03921569 0.04313726 0.02745098]  [0.03921569 0.04313726 0.02745098]  [0.04313726 0.04705882 0.03137255]  ...  [0.         0.         0.        ]  [0.         0.         0.        ]  [0.         0.         0.        ]] ... [[0.14901961 0.13333334 0.10980392]  [0.14901961 0.13333334 0.10980392]  [0.14901961 0.13333334 0.10980392]  ...  [0.3137255  0.27058825 0.24705882]  [0.31764707 0.27450982 0.2509804 ]  [0.31764707 0.27450982 0.2509804 ]] [[0.14901961 0.13333334 0.10980392]  [0.14901961 0.13333334 0.10980392]  [0.14901961 0.13333334 0.10980392]  ...  [0.30980393 0.26666668 0.24313726]  [0.3137255  0.27058825 0.24705882]  [0.3137255  0.27058825 0.24705882]] [[0.14901961 0.13333334 0.10980392]  [0.14901961 0.13333334 0.10980392]  [0.14901961 0.13333334 0.10980392]  ...  [0.30980393 0.26666668 0.24313726]  [0.3137255  0.27058825 0.24705882]  [0.3137255  0.27058825 0.24705882]]]",5.485216021421365,9336,/home/amos/media/tv/Carnivale S01-S02 web 10bit hevc-d3g/Carnivale S02/Carnivale.S02E10.1080p.WEBRip.10Bit.EAC3.H265-d3g.mkv136,1080,1920,0,106,298,757,106,124992,0.06,"[[[0.         0.         0.        ]  [0.         0.         0.        ]  [0.         0.         0.        ]  ...  [0.         0.         0.        ]  [0.         0.         0.        ]  [0.         0.         0.        ]] [[0.         0.         0.        ]  [0.         0.         0.        ]  [0.         0.         0.        ]  ...  [0.         0.         0.        ]  [0.         0.         0.        ]  [0.         0.         0.        ]] [[0.         0.         0.        ]  [0.         0.         0.        ]  [0.         0.         0.        ]  ...  [0.         0.         0.        ]  [0.         0.         0.        ]  [0.         0.         0.        ]] ... [[0.01568628 0.00784314 0.        ]  [0.01960784 0.00784314 0.        ]  [0.02352941 0.00784314 0.        ]  ...  [0.         0.         0.        ]  [0.         0.         0.        ]  [0.         0.         0.        ]] [[0.01960784 0.01176471 0.        ]  [0.01960784 0.00784314 0.        ]  [0.02352941 0.00784314 0.        ]  ...  [0.         0.         0.        ]  [0.         0.         0.        ]  [0.         0.         0.        ]] [[0.01960784 0.01176471 0.        ]  [0.01960784 0.01176471 0.        ]  [0.01960784 0.00784314 0.        ]  ...  [0.         0.         0.        ]  [0.         0.         0.        ]  [0.         0.         0.        ]]]",2.7693130871630274,9552,/home/amos/media/tv/Carnivale S01-S02 web 10bit hevc-d3g/Carnivale S02/Carnivale.S02E10.1080p.WEBRip.10Bit.EAC3.H265-d3g.mkv137,1080,1920,0,73,127,616,73,29322,0.014,"[[[0.02352941 0.01960784 0.01176471]  [0.02352941 0.01960784 0.01176471]  [0.02352941 0.01960784 0.01176471]  ...  [0.         0.         0.        ]  [0.         0.         0.        ]  [0.         0.         0.        ]] [[0.02352941 0.01960784 0.01176471]  [0.02352941 0.01960784 0.01176471]  [0.02352941 0.01960784 0.01176471]  ...  [0.         0.         0.        ]  [0.         0.         0.        ]  [0.         0.         0.        ]] [[0.02745098 0.01960784 0.01568628]  [0.02745098 0.01960784 0.01568628]  [0.02745098 0.02352941 0.01568628]  ...  [0.         0.         0.        ]  [0.         0.         0.        ]  [0.         0.         0.        ]] ... [[0.09411765 0.07843138 0.05098039]  [0.09411765 0.07843138 0.05098039]  [0.09411765 0.07843138 0.05098039]  ...  [0.         0.         0.00392157]  [0.         0.         0.00392157]  [0.         0.         0.00392157]] [[0.09411765 0.07843138 0.05098039]  [0.09411765 0.07843138 0.05098039]  [0.09411765 0.07843138 0.05098039]  ...  [0.         0.         0.00392157]  [0.         0.         0.00392157]  [0.         0.         0.00392157]] [[0.09411765 0.07843138 0.05098039]  [0.09411765 0.07843138 0.05098039]  [0.09411765 0.07843138 0.05098039]  ...  [0.         0.         0.00392157]  [0.         0.         0.00392157]  [0.         0.         0.00392157]]]",1.9371480368427,9792,/home/amos/media/tv/Carnivale S01-S02 web 10bit hevc-d3g/Carnivale S02/Carnivale.S02E10.1080p.WEBRip.10Bit.EAC3.H265-d3g.mkv138,1080,1920,1,112,574,1658,112,714252,0.344,"[[[0.12156863 0.09019608 0.03921569]  [0.12156863 0.09019608 0.03921569]  [0.1254902  0.09411765 0.04313726]  ...  [0.04705882 0.04313726 0.01960784]  [0.04313726 0.03921569 0.01568628]  [0.04313726 0.03921569 0.01568628]] [[0.12156863 0.09019608 0.03921569]  [0.12156863 0.09019608 0.03921569]  [0.12156863 0.09019608 0.03921569]  ...  [0.04705882 0.04705882 0.02352941]  [0.04313726 0.03921569 0.01568628]  [0.04313726 0.03921569 0.01568628]] [[0.11764706 0.08627451 0.03529412]  [0.11764706 0.08627451 0.03529412]  [0.12156863 0.09019608 0.03921569]  ...  [0.04705882 0.04705882 0.02352941]  [0.04313726 0.04313726 0.01960784]  [0.03921569 0.03921569 0.01568628]] ... [[0.1882353  0.15686275 0.09411765]  [0.1882353  0.15686275 0.09411765]  [0.19215687 0.16078432 0.09803922]  ...  [0.         0.         0.        ]  [0.         0.         0.        ]  [0.         0.         0.        ]] [[0.1882353  0.15686275 0.09411765]  [0.1882353  0.15686275 0.09411765]  [0.19215687 0.16078432 0.09803922]  ...  [0.         0.         0.        ]  [0.         0.         0.        ]  [0.         0.         0.        ]] [[0.1882353  0.15686275 0.09411765]  [0.1882353  0.15686275 0.09411765]  [0.19215687 0.16078432 0.09803922]  ...  [0.         0.         0.        ]  [0.         0.         0.        ]  [0.         0.         0.        ]]]",1.8461861064424738,9792,/home/amos/media/tv/Carnivale S01-S02 web 10bit hevc-d3g/Carnivale S02/Carnivale.S02E10.1080p.WEBRip.10Bit.EAC3.H265-d3g.mkv139,1080,1920,0,272,539,1454,272,315594,0.152,"[[[0.08235294 0.04705882 0.03137255]  [0.09411765 0.05882353 0.03921569]  [0.08627451 0.0627451  0.02352941]  ...  [0.         0.         0.        ]  [0.         0.         0.        ]  [0.         0.         0.        ]] [[0.09019608 0.05490196 0.03529412]  [0.09411765 0.0627451  0.03921569]  [0.08627451 0.0627451  0.02352941]  ...  [0.         0.         0.        ]  [0.         0.         0.        ]  [0.         0.         0.        ]] [[0.09411765 0.0627451  0.03921569]  [0.09411765 0.0627451  0.03921569]  [0.08235294 0.05490196 0.01960784]  ...  [0.         0.         0.        ]  [0.         0.         0.        ]  [0.         0.         0.        ]] ... [[0.05490196 0.         0.        ]  [0.05098039 0.         0.        ]  [0.05882353 0.         0.        ]  ...  [0.         0.         0.        ]  [0.         0.         0.        ]  [0.         0.         0.        ]] [[0.05490196 0.         0.        ]  [0.05490196 0.         0.        ]  [0.05882353 0.         0.        ]  ...  [0.         0.         0.        ]  [0.         0.         0.        ]  [0.         0.         0.        ]] [[0.05882353 0.         0.        ]  [0.05882353 0.         0.        ]  [0.0627451  0.00392157 0.        ]  ...  [0.         0.         0.        ]  [0.         0.         0.        ]  [0.         0.         0.        ]]]",1.9976829958031885,10200,/home/amos/media/tv/Carnivale S01-S02 web 10bit hevc-d3g/Carnivale S02/Carnivale.S02E10.1080p.WEBRip.10Bit.EAC3.H265-d3g.mkv140,1080,1920,0,207,632,1409,207,510850,0.246,"[[[0.02745098 0.         0.        ]  [0.02745098 0.         0.        ]  [0.02745098 0.         0.        ]  ...  [0.27058825 0.23921569 0.19607843]  [0.23529412 0.20392157 0.16078432]  [0.         0.         0.        ]] [[0.02745098 0.         0.        ]  [0.02745098 0.         0.        ]  [0.02745098 0.         0.        ]  ...  [0.28627452 0.25490198 0.21176471]  [0.22745098 0.19607843 0.15294118]  [0.         0.         0.        ]] [[0.02745098 0.         0.        ]  [0.02745098 0.         0.        ]  [0.02745098 0.         0.        ]  ...  [0.31764707 0.28627452 0.24313726]  [0.23921569 0.20784314 0.16470589]  [0.         0.         0.        ]] ... [[0.10196079 0.04705882 0.01568628]  [0.10196079 0.04705882 0.01568628]  [0.10196079 0.04705882 0.01568628]  ...  [0.26666668 0.21960784 0.19607843]  [0.29803923 0.2509804  0.22745098]  [0.         0.         0.        ]] [[0.10196079 0.04705882 0.01568628]  [0.10196079 0.04705882 0.01568628]  [0.10196079 0.04705882 0.01568628]  ...  [0.22745098 0.18039216 0.15686275]  [0.27450982 0.22745098 0.20392157]  [0.         0.         0.        ]] [[0.         0.         0.        ]  [0.         0.         0.        ]  [0.         0.         0.        ]  ...  [0.         0.         0.        ]  [0.         0.         0.        ]  [0.         0.         0.        ]]]",1.6982010534848087,10344,/home/amos/media/tv/Carnivale S01-S02 web 10bit hevc-d3g/Carnivale S02/Carnivale.S02E10.1080p.WEBRip.10Bit.EAC3.H265-d3g.mkv141,1080,1920,0,178,269,315,178,12467,0.006,"[[[0.08627451 0.07058824 0.04313726]  [0.08627451 0.07058824 0.04313726]  [0.08627451 0.07058824 0.04313726]  ...  [0.         0.         0.        ]  [0.         0.         0.        ]  [0.         0.         0.        ]] [[0.08627451 0.07058824 0.04313726]  [0.08627451 0.07058824 0.04313726]  [0.08627451 0.07058824 0.04313726]  ...  [0.         0.         0.        ]  [0.         0.         0.        ]  [0.         0.         0.        ]] [[0.08235294 0.06666667 0.03921569]  [0.08235294 0.06666667 0.03921569]  [0.08235294 0.06666667 0.03921569]  ...  [0.         0.         0.        ]  [0.         0.         0.        ]  [0.         0.         0.        ]] ... [[0.         0.         0.        ]  [0.         0.         0.        ]  [0.         0.         0.        ]  ...  [0.         0.         0.        ]  [0.         0.         0.        ]  [0.         0.         0.        ]] [[0.         0.         0.        ]  [0.         0.         0.        ]  [0.         0.         0.        ]  ...  [0.         0.         0.        ]  [0.         0.         0.        ]  [0.         0.         0.        ]] [[0.         0.         0.        ]  [0.         0.         0.        ]  [0.         0.         0.        ]  ...  [0.         0.         0.        ]  [0.         0.         0.        ]  [0.         0.         0.        ]]]",5.5706650907523,11448,/home/amos/media/tv/Carnivale S01-S02 web 10bit hevc-d3g/Carnivale S02/Carnivale.S02E10.1080p.WEBRip.10Bit.EAC3.H265-d3g.mkv142,1080,1920,1,87,471,380,87,112512,0.054,"[[[0.01568628 0.00784314 0.        ]  [0.01568628 0.00784314 0.        ]  [0.01960784 0.01176471 0.00392157]  ...  [0.01960784 0.         0.        ]  [0.01568628 0.         0.        ]  [0.01568628 0.         0.        ]] [[0.01568628 0.00784314 0.        ]  [0.01568628 0.00784314 0.        ]  [0.01960784 0.01176471 0.00392157]  ...  [0.01960784 0.         0.        ]  [0.01568628 0.         0.        ]  [0.01568628 0.         0.        ]] [[0.01176471 0.00392157 0.        ]  [0.01176471 0.00784314 0.        ]  [0.01568628 0.00784314 0.00392157]  ...  [0.01960784 0.         0.        ]  [0.01568628 0.         0.        ]  [0.01568628 0.         0.        ]] ... [[0.09411765 0.05490196 0.03529412]  [0.09411765 0.05490196 0.03529412]  [0.09411765 0.05490196 0.03529412]  ...  [0.14901961 0.09803922 0.07843138]  [0.14509805 0.09411765 0.07450981]  [0.14509805 0.09411765 0.07450981]] [[0.09411765 0.05490196 0.03529412]  [0.09411765 0.05490196 0.03529412]  [0.09411765 0.05490196 0.03529412]  ...  [0.15294118 0.10196079 0.08235294]  [0.14901961 0.09803922 0.07843138]  [0.14901961 0.09803922 0.07843138]] [[0.09411765 0.05490196 0.03529412]  [0.09411765 0.05490196 0.03529412]  [0.09411765 0.05490196 0.03529412]  ...  [0.15294118 0.10196079 0.08235294]  [0.14901961 0.09803922 0.07843138]  [0.14901961 0.09803922 0.07843138]]]",-0.06839091220172122,11448,/home/amos/media/tv/Carnivale S01-S02 web 10bit hevc-d3g/Carnivale S02/Carnivale.S02E10.1080p.WEBRip.10Bit.EAC3.H265-d3g.mkv143,1080,1920,0,83,399,1062,83,309364,0.149,"[[[0.         0.         0.        ]  [0.         0.         0.        ]  [0.         0.         0.        ]  ...  [0.15294118 0.09411765 0.0627451 ]  [0.15294118 0.09411765 0.0627451 ]  [0.         0.         0.        ]] [[0.         0.         0.        ]  [0.         0.         0.        ]  [0.         0.         0.        ]  ...  [0.15294118 0.09411765 0.0627451 ]  [0.15294118 0.09411765 0.0627451 ]  [0.         0.         0.        ]] [[0.         0.         0.        ]  [0.         0.         0.        ]  [0.         0.         0.        ]  ...  [0.16078432 0.09803922 0.06666667]  [0.16078432 0.09803922 0.06666667]  [0.         0.         0.        ]] ... [[0.         0.         0.        ]  [0.         0.         0.        ]  [0.         0.         0.        ]  ...  [0.20784314 0.15294118 0.12156863]  [0.20784314 0.15294118 0.12156863]  [0.         0.         0.        ]] [[0.         0.         0.        ]  [0.         0.         0.        ]  [0.         0.         0.        ]  ...  [0.20784314 0.15294118 0.12156863]  [0.20784314 0.15294118 0.12156863]  [0.         0.         0.        ]] [[0.         0.         0.        ]  [0.         0.         0.        ]  [0.         0.         0.        ]  ...  [0.         0.         0.        ]  [0.         0.         0.        ]  [0.         0.         0.        ]]]",2.2560230381204747,11688,/home/amos/media/tv/Carnivale S01-S02 web 10bit hevc-d3g/Carnivale S02/Carnivale.S02E10.1080p.WEBRip.10Bit.EAC3.H265-d3g.mkv144,1080,1920,0,77,159,668,77,48462,0.023,"[[[0.01176471 0.         0.        ]  [0.01176471 0.         0.        ]  [0.01176471 0.         0.        ]  ...  [0.04313726 0.02745098 0.01176471]  [0.04705882 0.03137255 0.01176471]  [0.04705882 0.03137255 0.01176471]] [[0.01176471 0.         0.        ]  [0.01176471 0.         0.        ]  [0.01176471 0.         0.        ]  ...  [0.04313726 0.02745098 0.01176471]  [0.04705882 0.03137255 0.01176471]  [0.04705882 0.03137255 0.01176471]] [[0.00784314 0.         0.        ]  [0.00784314 0.         0.        ]  [0.00784314 0.         0.        ]  ...  [0.04705882 0.02745098 0.01176471]  [0.04705882 0.03137255 0.01176471]  [0.04705882 0.03137255 0.01176471]] ... [[0.00392157 0.         0.00392157]  [0.00392157 0.         0.00392157]  [0.00392157 0.         0.00392157]  ...  [0.05098039 0.02745098 0.02352941]  [0.05098039 0.02745098 0.02745098]  [0.05098039 0.02745098 0.02745098]] [[0.00392157 0.         0.00392157]  [0.00392157 0.         0.00392157]  [0.00392157 0.         0.00392157]  ...  [0.04705882 0.02352941 0.02352941]  [0.05098039 0.02352941 0.02352941]  [0.05098039 0.02352941 0.02352941]] [[0.00392157 0.         0.00392157]  [0.00392157 0.         0.00392157]  [0.00392157 0.         0.00392157]  ...  [0.04705882 0.02352941 0.02352941]  [0.05098039 0.02352941 0.02352941]  [0.05098039 0.02352941 0.02352941]]]",2.581440078734886,12168,/home/amos/media/tv/Carnivale S01-S02 web 10bit hevc-d3g/Carnivale S02/Carnivale.S02E10.1080p.WEBRip.10Bit.EAC3.H265-d3g.mkv145,1080,1920,0,52,753,1385,52,934433,0.451,"[[[0.19607843 0.16862746 0.14901961]  [0.19607843 0.16862746 0.14901961]  [0.19607843 0.16862746 0.14901961]  ...  [0.         0.         0.        ]  [0.         0.         0.        ]  [0.         0.         0.        ]] [[0.19607843 0.16862746 0.14901961]  [0.19607843 0.16862746 0.14901961]  [0.19607843 0.16862746 0.14901961]  ...  [0.         0.         0.        ]  [0.         0.         0.        ]  [0.         0.         0.        ]] [[0.19607843 0.16862746 0.14901961]  [0.19607843 0.16862746 0.14901961]  [0.19607843 0.16862746 0.14901961]  ...  [0.         0.         0.        ]  [0.         0.         0.        ]  [0.         0.         0.        ]] ... [[0.15686275 0.14509805 0.1254902 ]  [0.15686275 0.14509805 0.1254902 ]  [0.15294118 0.14117648 0.12156863]  ...  [0.14117648 0.1254902  0.10588235]  [0.14117648 0.1254902  0.10588235]  [0.14117648 0.1254902  0.10588235]] [[0.15686275 0.14509805 0.1254902 ]  [0.15686275 0.14509805 0.1254902 ]  [0.15686275 0.14509805 0.1254902 ]  ...  [0.14117648 0.1254902  0.10588235]  [0.14117648 0.1254902  0.10588235]  [0.14117648 0.1254902  0.10588235]] [[0.15686275 0.14509805 0.1254902 ]  [0.15686275 0.14509805 0.1254902 ]  [0.15294118 0.14509805 0.1254902 ]  ...  [0.14117648 0.1254902  0.10588235]  [0.14117648 0.1254902  0.10588235]  [0.14117648 0.1254902  0.10588235]]]",3.43741304037394,12624,/home/amos/media/tv/Carnivale S01-S02 web 10bit hevc-d3g/Carnivale S02/Carnivale.S02E10.1080p.WEBRip.10Bit.EAC3.H265-d3g.mkv146,1080,1920,0,61,137,610,61,41724,0.02,"[[[0.27450982 0.17254902 0.14901961]  [0.27450982 0.17254902 0.14901961]  [0.27058825 0.16862746 0.14509805]  ...  [0.03921569 0.00784314 0.01176471]  [0.03921569 0.00784314 0.01176471]  [0.03921569 0.00784314 0.01176471]] [[0.27450982 0.17254902 0.14901961]  [0.27450982 0.17254902 0.14901961]  [0.27058825 0.16862746 0.14509805]  ...  [0.03921569 0.00784314 0.01176471]  [0.03921569 0.00784314 0.01176471]  [0.03921569 0.00784314 0.01176471]] [[0.27450982 0.17254902 0.14901961]  [0.27450982 0.17254902 0.14901961]  [0.27058825 0.16862746 0.14509805]  ...  [0.03921569 0.00784314 0.01176471]  [0.03921569 0.00784314 0.01176471]  [0.03921569 0.00784314 0.01176471]] ... [[0.43529412 0.3137255  0.27450982]  [0.43529412 0.3137255  0.27450982]  [0.43529412 0.3137255  0.27450982]  ...  [0.13725491 0.0627451  0.05490196]  [0.13333334 0.05882353 0.05098039]  [0.13333334 0.05882353 0.05098039]] [[0.4392157  0.31764707 0.2784314 ]  [0.4392157  0.31764707 0.2784314 ]  [0.43529412 0.3137255  0.27450982]  ...  [0.13333334 0.05882353 0.05098039]  [0.12941177 0.05490196 0.04705882]  [0.12941177 0.05490196 0.04705882]] [[0.4392157  0.31764707 0.2784314 ]  [0.4392157  0.31764707 0.2784314 ]  [0.43529412 0.3137255  0.27450982]  ...  [0.13333334 0.05882353 0.05098039]  [0.12941177 0.05490196 0.04705882]  [0.12941177 0.05490196 0.04705882]]]",4.2772922097938135,12888,/home/amos/media/tv/Carnivale S01-S02 web 10bit hevc-d3g/Carnivale S02/Carnivale.S02E10.1080p.WEBRip.10Bit.EAC3.H265-d3g.mkv147,1080,1920,1,179,120,1090,179,53749,0.026,"[[[0.01568628 0.         0.        ]  [0.01960784 0.00392157 0.00392157]  [0.02352941 0.00784314 0.00392157]  ...  [0.03137255 0.         0.        ]  [0.03529412 0.00392157 0.        ]  [0.03529412 0.00392157 0.        ]] [[0.01568628 0.00392157 0.        ]  [0.02352941 0.00784314 0.00392157]  [0.02745098 0.01176471 0.00784314]  ...  [0.03137255 0.         0.        ]  [0.03529412 0.00392157 0.        ]  [0.03529412 0.00392157 0.        ]] [[0.01960784 0.00392157 0.        ]  [0.02745098 0.01176471 0.00784314]  [0.02745098 0.01176471 0.00784314]  ...  [0.03137255 0.         0.        ]  [0.03529412 0.00392157 0.        ]  [0.03529412 0.00392157 0.        ]] ... [[0.14901961 0.10588235 0.08235294]  [0.14509805 0.09803922 0.07843138]  [0.13725491 0.09411765 0.07058824]  ...  [0.         0.         0.        ]  [0.         0.         0.        ]  [0.         0.         0.        ]] [[0.14901961 0.10196079 0.07450981]  [0.14117648 0.09411765 0.07058824]  [0.14117648 0.09019608 0.06666667]  ...  [0.         0.         0.        ]  [0.         0.         0.        ]  [0.         0.         0.        ]] [[0.14509805 0.09803922 0.07450981]  [0.14117648 0.09411765 0.07058824]  [0.14117648 0.09411765 0.07058824]  ...  [0.         0.         0.        ]  [0.         0.         0.        ]  [0.         0.         0.        ]]]",2.38466913549928,12888,/home/amos/media/tv/Carnivale S01-S02 web 10bit hevc-d3g/Carnivale S02/Carnivale.S02E10.1080p.WEBRip.10Bit.EAC3.H265-d3g.mkv148,1080,1920,0,174,127,1153,174,46013,0.022,"[[[0.05098039 0.03137255 0.01176471]  [0.05490196 0.03137255 0.01176471]  [0.05490196 0.03137255 0.01176471]  ...  [0.04705882 0.00784314 0.00784314]  [0.04705882 0.00784314 0.00784314]  [0.04705882 0.00784314 0.00784314]] [[0.05490196 0.03137255 0.01568628]  [0.05882353 0.03529412 0.01960784]  [0.06666667 0.04313726 0.02352941]  ...  [0.04705882 0.00784314 0.00784314]  [0.04705882 0.00784314 0.00784314]  [0.04705882 0.00784314 0.00784314]] [[0.0627451  0.03921569 0.01960784]  [0.07058824 0.04313726 0.02352941]  [0.07843138 0.05490196 0.03529412]  ...  [0.04705882 0.00784314 0.00784314]  [0.04705882 0.00784314 0.00784314]  [0.04705882 0.00784314 0.00784314]] ... [[0.03529412 0.01960784 0.00784314]  [0.07058824 0.05490196 0.04313726]  [0.11372549 0.09803922 0.08627451]  ...  [0.00392157 0.         0.        ]  [0.00392157 0.         0.        ]  [0.00392157 0.         0.        ]] [[0.05098039 0.03529412 0.02352941]  [0.09019608 0.07450981 0.0627451 ]  [0.1254902  0.11372549 0.10196079]  ...  [0.00392157 0.         0.        ]  [0.00392157 0.         0.        ]  [0.00392157 0.         0.        ]] [[0.07058824 0.05490196 0.04313726]  [0.10588235 0.09019608 0.07843138]  [0.13725491 0.1254902  0.10980392]  ...  [0.00392157 0.         0.        ]  [0.00392157 0.         0.        ]  [0.00784314 0.         0.        ]]]",2.498681067896541,12912,/home/amos/media/tv/Carnivale S01-S02 web 10bit hevc-d3g/Carnivale S02/Carnivale.S02E10.1080p.WEBRip.10Bit.EAC3.H265-d3g.mkv149,1080,1920,0,187,114,1112,187,67525,0.033,"[[[0.01568628 0.         0.        ]  [0.02352941 0.00392157 0.        ]  [0.03137255 0.00784314 0.00392157]  ...  [0.03921569 0.00784314 0.        ]  [0.03921569 0.00784314 0.        ]  [0.         0.         0.        ]] [[0.02745098 0.00784314 0.        ]  [0.04705882 0.02352941 0.01568628]  [0.07058824 0.04313726 0.03921569]  ...  [0.03529412 0.00392157 0.        ]  [0.03921569 0.00784314 0.        ]  [0.         0.         0.        ]] [[0.05098039 0.03137255 0.01960784]  [0.07450981 0.05490196 0.04313726]  [0.10588235 0.08235294 0.07450981]  ...  [0.03529412 0.00392157 0.        ]  [0.03529412 0.00392157 0.        ]  [0.         0.         0.        ]] ... [[0.         0.         0.        ]  [0.         0.         0.        ]  [0.         0.         0.        ]  ...  [0.05098039 0.03137255 0.01960784]  [0.03921569 0.02352941 0.01568628]  [0.         0.         0.        ]] [[0.         0.         0.        ]  [0.         0.         0.        ]  [0.         0.         0.        ]  ...  [0.04705882 0.02352941 0.01568628]  [0.04313726 0.02352941 0.01176471]  [0.         0.         0.        ]] [[0.         0.         0.        ]  [0.         0.         0.        ]  [0.         0.         0.        ]  ...  [0.         0.         0.        ]  [0.         0.         0.        ]  [0.         0.         0.        ]]]",2.903899144846946,12960,/home/amos/media/tv/Carnivale S01-S02 web 10bit hevc-d3g/Carnivale S02/Carnivale.S02E10.1080p.WEBRip.10Bit.EAC3.H265-d3g.mkv150,1080,1920,0,55,161,688,55,67098,0.032,"[[[0.21568628 0.12941177 0.11372549]  [0.21568628 0.12941177 0.11372549]  [0.21568628 0.12941177 0.11372549]  ...  [0.         0.         0.        ]  [0.         0.         0.        ]  [0.         0.         0.        ]] [[0.21568628 0.12941177 0.11372549]  [0.21568628 0.12941177 0.11372549]  [0.21568628 0.12941177 0.11372549]  ...  [0.         0.         0.        ]  [0.         0.         0.        ]  [0.         0.         0.        ]] [[0.21960784 0.12941177 0.11372549]  [0.21960784 0.12941177 0.11372549]  [0.21960784 0.13333334 0.11764706]  ...  [0.         0.         0.        ]  [0.         0.         0.        ]  [0.         0.         0.        ]] ... [[0.26666668 0.16862746 0.14509805]  [0.26666668 0.16862746 0.14509805]  [0.26666668 0.16862746 0.14117648]  ...  [0.04705882 0.01176471 0.01176471]  [0.04705882 0.01176471 0.01176471]  [0.         0.         0.        ]] [[0.26666668 0.16862746 0.14509805]  [0.26666668 0.16862746 0.14509805]  [0.2627451  0.16862746 0.14509805]  ...  [0.04705882 0.01176471 0.01176471]  [0.04705882 0.01176471 0.01176471]  [0.         0.         0.        ]] [[0.         0.         0.        ]  [0.         0.         0.        ]  [0.         0.         0.        ]  ...  [0.         0.         0.        ]  [0.         0.         0.        ]  [0.         0.         0.        ]]]",0.9429730385309085,12984,/home/amos/media/tv/Carnivale S01-S02 web 10bit hevc-d3g/Carnivale S02/Carnivale.S02E10.1080p.WEBRip.10Bit.EAC3.H265-d3g.mkv151,1080,1920,0,176,130,1019,176,38778,0.019,"[[[0.04313726 0.02745098 0.00784314]  [0.05098039 0.03137255 0.01568628]  [0.0627451  0.03921569 0.02352941]  ...  [0.02352941 0.00784314 0.00784314]  [0.01960784 0.00392157 0.00392157]  [0.01568628 0.00392157 0.00392157]] [[0.04705882 0.03137255 0.01176471]  [0.05882353 0.03921569 0.02352941]  [0.07058824 0.04705882 0.03137255]  ...  [0.02352941 0.00784314 0.00784314]  [0.01960784 0.00784314 0.00784314]  [0.01960784 0.00784314 0.00784314]] [[0.05490196 0.03921569 0.01960784]  [0.06666667 0.04705882 0.03137255]  [0.07843138 0.05098039 0.03921569]  ...  [0.02352941 0.00784314 0.00784314]  [0.01960784 0.00784314 0.00784314]  [0.01568628 0.00392157 0.00392157]] ... [[0.1882353  0.11372549 0.07843138]  [0.19215687 0.11764706 0.08235294]  [0.19215687 0.11764706 0.08235294]  ...  [0.10196079 0.05882353 0.04705882]  [0.10588235 0.05882353 0.05098039]  [0.10980392 0.0627451  0.05098039]] [[0.1882353  0.11764706 0.08235294]  [0.18431373 0.11764706 0.08235294]  [0.18431373 0.11764706 0.08235294]  ...  [0.11372549 0.06666667 0.05490196]  [0.11372549 0.06666667 0.05490196]  [0.11372549 0.06666667 0.05490196]] [[0.18431373 0.11764706 0.08235294]  [0.18039216 0.11372549 0.07843138]  [0.18039216 0.11372549 0.07843138]  ...  [0.11764706 0.07058824 0.05882353]  [0.11764706 0.07058824 0.05882353]  [0.11764706 0.07058824 0.05882353]]]",3.2306331691215746,13008,/home/amos/media/tv/Carnivale S01-S02 web 10bit hevc-d3g/Carnivale S02/Carnivale.S02E10.1080p.WEBRip.10Bit.EAC3.H265-d3g.mkv152,1080,1920,0,142,165,1042,142,20700,0.01,"[[[0.17254902 0.1254902  0.09019608]  [0.17254902 0.1254902  0.09019608]  [0.17254902 0.1254902  0.09019608]  ...  [0.03137255 0.01176471 0.00784314]  [0.03137255 0.01176471 0.00784314]  [0.         0.         0.        ]] [[0.16862746 0.12156863 0.09019608]  [0.16862746 0.12156863 0.09019608]  [0.16862746 0.12156863 0.08627451]  ...  [0.03137255 0.01176471 0.00784314]  [0.03137255 0.01176471 0.00784314]  [0.         0.         0.        ]] [[0.16862746 0.11764706 0.08235294]  [0.16862746 0.12156863 0.08235294]  [0.16470589 0.11764706 0.08627451]  ...  [0.02745098 0.00784314 0.00392157]  [0.03137255 0.01176471 0.00784314]  [0.         0.         0.        ]] ... [[0.22745098 0.16078432 0.11372549]  [0.22745098 0.16078432 0.11372549]  [0.22745098 0.15686275 0.10980392]  ...  [0.01176471 0.         0.        ]  [0.01176471 0.         0.        ]  [0.         0.         0.        ]] [[0.23137255 0.16078432 0.11764706]  [0.22745098 0.15686275 0.11372549]  [0.22745098 0.15686275 0.11372549]  ...  [0.01176471 0.         0.        ]  [0.01176471 0.         0.        ]  [0.         0.         0.        ]] [[0.         0.         0.        ]  [0.         0.         0.        ]  [0.         0.         0.        ]  ...  [0.         0.         0.        ]  [0.         0.         0.        ]  [0.         0.         0.        ]]]",4.665528041834477,13032,/home/amos/media/tv/Carnivale S01-S02 web 10bit hevc-d3g/Carnivale S02/Carnivale.S02E10.1080p.WEBRip.10Bit.EAC3.H265-d3g.mkv153,1080,1920,0,181,146,1068,181,31045,0.015,"[[[0.01176471 0.         0.        ]  [0.00392157 0.         0.        ]  [0.01176471 0.         0.        ]  ...  [0.03137255 0.         0.        ]  [0.03137255 0.         0.        ]  [0.03529412 0.00392157 0.        ]] [[0.01176471 0.         0.        ]  [0.00784314 0.         0.        ]  [0.01960784 0.00392157 0.00392157]  ...  [0.03529412 0.00392157 0.        ]  [0.03529412 0.00392157 0.        ]  [0.03529412 0.00392157 0.        ]] [[0.01176471 0.         0.        ]  [0.01568628 0.         0.        ]  [0.03137255 0.01176471 0.00784314]  ...  [0.03529412 0.00392157 0.        ]  [0.03529412 0.00392157 0.        ]  [0.03529412 0.00392157 0.        ]] ... [[0.16862746 0.12156863 0.09803922]  [0.1764706  0.12941177 0.10588235]  [0.18431373 0.13725491 0.11372549]  ...  [0.01960784 0.         0.        ]  [0.01960784 0.         0.        ]  [0.01568628 0.         0.        ]] [[0.1764706  0.1254902  0.10196079]  [0.18039216 0.13333334 0.10588235]  [0.18431373 0.13725491 0.11372549]  ...  [0.01960784 0.         0.        ]  [0.01960784 0.         0.        ]  [0.01568628 0.         0.        ]] [[0.17254902 0.1254902  0.10196079]  [0.17254902 0.1254902  0.10196079]  [0.1764706  0.12941177 0.10588235]  ...  [0.01960784 0.         0.        ]  [0.01960784 0.         0.        ]  [0.02352941 0.00392157 0.        ]]]",4.333935017173644,13080,/home/amos/media/tv/Carnivale S01-S02 web 10bit hevc-d3g/Carnivale S02/Carnivale.S02E10.1080p.WEBRip.10Bit.EAC3.H265-d3g.mkv154,1080,1920,0,146,211,1175,146,66885,0.032,"[[[0.04705882 0.03137255 0.01176471]  [0.04705882 0.02352941 0.01176471]  [0.04705882 0.01960784 0.01176471]  ...  [0.12156863 0.09411765 0.0627451 ]  [0.11764706 0.09019608 0.05882353]  [0.11372549 0.08627451 0.05490196]] [[0.04313726 0.02745098 0.00784314]  [0.04313726 0.01960784 0.00784314]  [0.04313726 0.01568628 0.00784314]  ...  [0.12156863 0.09411765 0.0627451 ]  [0.11764706 0.09019608 0.05882353]  [0.11372549 0.08627451 0.05490196]] [[0.03921569 0.02352941 0.00392157]  [0.03921569 0.01568628 0.00392157]  [0.03921569 0.00784314 0.00392157]  ...  [0.12156863 0.09411765 0.0627451 ]  [0.11764706 0.09019608 0.05882353]  [0.11764706 0.09019608 0.05882353]] ... [[0.07450981 0.03529412 0.03137255]  [0.08235294 0.04313726 0.03921569]  [0.09019608 0.05098039 0.04705882]  ...  [0.09803922 0.05882353 0.03921569]  [0.09803922 0.05882353 0.03921569]  [0.09411765 0.05490196 0.03529412]] [[0.07058824 0.03137255 0.02745098]  [0.07843138 0.03921569 0.03529412]  [0.09019608 0.05098039 0.04705882]  ...  [0.09411765 0.05490196 0.03529412]  [0.09411765 0.05098039 0.03529412]  [0.09019608 0.05098039 0.03137255]] [[0.07058824 0.03137255 0.02745098]  [0.07843138 0.03921569 0.03529412]  [0.08627451 0.04705882 0.04313726]  ...  [0.09411765 0.05098039 0.03529412]  [0.09019608 0.04705882 0.03137255]  [0.09019608 0.04705882 0.03137255]]]",6.90637015219545,13176,/home/amos/media/tv/Carnivale S01-S02 web 10bit hevc-d3g/Carnivale S02/Carnivale.S02E10.1080p.WEBRip.10Bit.EAC3.H265-d3g.mkv155,1080,1920,0,248,158,1046,248,71820,0.035,"[[[0.07450981 0.05490196 0.03137255]  [0.07450981 0.05490196 0.03137255]  [0.07450981 0.05490196 0.03137255]  ...  [0.20392157 0.15686275 0.10980392]  [0.2        0.15686275 0.10980392]  [0.19215687 0.14901961 0.10196079]] [[0.07450981 0.05490196 0.03137255]  [0.07450981 0.05490196 0.03137255]  [0.07058824 0.05098039 0.02745098]  ...  [0.21960784 0.17254902 0.1254902 ]  [0.20784314 0.16470589 0.11372549]  [0.19607843 0.15294118 0.10588235]] [[0.07450981 0.05882353 0.03137255]  [0.07450981 0.05882353 0.03137255]  [0.07058824 0.05490196 0.02745098]  ...  [0.22745098 0.18039216 0.12941177]  [0.21568628 0.16862746 0.11764706]  [0.20784314 0.16078432 0.10980392]] ... [[0.01176471 0.         0.        ]  [0.01176471 0.         0.        ]  [0.01176471 0.         0.        ]  ...  [0.26666668 0.16470589 0.14901961]  [0.25882354 0.15686275 0.14117648]  [0.26666668 0.16470589 0.14901961]] [[0.01176471 0.         0.        ]  [0.01176471 0.         0.        ]  [0.01176471 0.         0.        ]  ...  [0.2784314  0.1764706  0.15686275]  [0.25882354 0.15686275 0.14509805]  [0.25882354 0.15686275 0.14117648]] [[0.01176471 0.         0.        ]  [0.01176471 0.         0.        ]  [0.01176471 0.         0.        ]  ...  [0.2901961  0.1882353  0.17254902]  [0.27058825 0.16470589 0.14901961]  [0.26666668 0.16078432 0.14509805]]]",5.368910132092424,13200,/home/amos/media/tv/Carnivale S01-S02 web 10bit hevc-d3g/Carnivale S02/Carnivale.S02E10.1080p.WEBRip.10Bit.EAC3.H265-d3g.mkv156,1080,1920,0,75,189,971,75,102144,0.049,"[[[0.10196079 0.04705882 0.01960784]  [0.10196079 0.04705882 0.01960784]  [0.10196079 0.04705882 0.01960784]  ...  [0.46666667 0.31764707 0.25882354]  [0.46666667 0.31764707 0.25882354]  [0.46666667 0.31764707 0.25882354]] [[0.10196079 0.04705882 0.01960784]  [0.10196079 0.04705882 0.01960784]  [0.10196079 0.04705882 0.01960784]  ...  [0.46666667 0.31764707 0.25882354]  [0.46666667 0.31764707 0.25882354]  [0.46666667 0.31764707 0.25882354]] [[0.10196079 0.04705882 0.01960784]  [0.10196079 0.04705882 0.01960784]  [0.10196079 0.04705882 0.01960784]  ...  [0.47058824 0.32156864 0.2627451 ]  [0.47058824 0.32156864 0.2627451 ]  [0.47058824 0.32156864 0.2627451 ]] ... [[0.2509804  0.14117648 0.10196079]  [0.2509804  0.14117648 0.10196079]  [0.26666668 0.14901961 0.10980392]  ...  [0.34901962 0.21960784 0.15686275]  [0.3529412  0.22352941 0.16078432]  [0.3529412  0.22352941 0.16078432]] [[0.2509804  0.14117648 0.10196079]  [0.2509804  0.14117648 0.10196079]  [0.2627451  0.14901961 0.10980392]  ...  [0.3529412  0.22352941 0.16078432]  [0.35686275 0.22745098 0.16470589]  [0.35686275 0.22745098 0.16470589]] [[0.2509804  0.14117648 0.10196079]  [0.2509804  0.14117648 0.10196079]  [0.2627451  0.14901961 0.10588235]  ...  [0.3529412  0.22352941 0.16078432]  [0.35686275 0.22745098 0.16470589]  [0.35686275 0.22745098 0.16470589]]]",4.438091174873989,13224,/home/amos/media/tv/Carnivale S01-S02 web 10bit hevc-d3g/Carnivale S02/Carnivale.S02E10.1080p.WEBRip.10Bit.EAC3.H265-d3g.mkv157,1080,1920,0,277,131,876,277,87454,0.042,"[[[0.0627451  0.04705882 0.01960784]  [0.0627451  0.04705882 0.01960784]  [0.0627451  0.04705882 0.01960784]  ...  [0.30588236 0.24705882 0.2       ]  [0.3254902  0.2627451  0.20784314]  [0.         0.         0.        ]] [[0.0627451  0.04705882 0.01960784]  [0.0627451  0.04705882 0.01960784]  [0.0627451  0.04705882 0.01960784]  ...  [0.30980393 0.24705882 0.2       ]  [0.3137255  0.25490198 0.2       ]  [0.         0.         0.        ]] [[0.0627451  0.04705882 0.01960784]  [0.0627451  0.04705882 0.01960784]  [0.0627451  0.04705882 0.01960784]  ...  [0.30588236 0.24313726 0.2       ]  [0.30588236 0.24705882 0.19215687]  [0.         0.         0.        ]] ... [[0.02352941 0.00392157 0.        ]  [0.02745098 0.00784314 0.        ]  [0.02745098 0.00784314 0.        ]  ...  [0.32156864 0.2        0.16862746]  [0.3529412  0.22745098 0.19607843]  [0.         0.         0.        ]] [[0.01960784 0.         0.        ]  [0.01960784 0.         0.        ]  [0.02352941 0.00392157 0.        ]  ...  [0.3137255  0.19215687 0.16078432]  [0.34509805 0.21568628 0.18431373]  [0.         0.         0.        ]] [[0.         0.         0.        ]  [0.         0.         0.        ]  [0.         0.         0.        ]  ...  [0.         0.         0.        ]  [0.         0.         0.        ]  [0.         0.         0.        ]]]",4.099284172640182,13248,/home/amos/media/tv/Carnivale S01-S02 web 10bit hevc-d3g/Carnivale S02/Carnivale.S02E10.1080p.WEBRip.10Bit.EAC3.H265-d3g.mkv158,1080,1920,0,170,119,1270,170,56100,0.027,"[[[0. 0. 0.]  [0. 0. 0.]  [0. 0. 0.]  ...  [0. 0. 0.]  [0. 0. 0.]  [0. 0. 0.]] [[0. 0. 0.]  [0. 0. 0.]  [0. 0. 0.]  ...  [0. 0. 0.]  [0. 0. 0.]  [0. 0. 0.]] [[0. 0. 0.]  [0. 0. 0.]  [0. 0. 0.]  ...  [0. 0. 0.]  [0. 0. 0.]  [0. 0. 0.]] ... [[0. 0. 0.]  [0. 0. 0.]  [0. 0. 0.]  ...  [0. 0. 0.]  [0. 0. 0.]  [0. 0. 0.]] [[0. 0. 0.]  [0. 0. 0.]  [0. 0. 0.]  ...  [0. 0. 0.]  [0. 0. 0.]  [0. 0. 0.]] [[0. 0. 0.]  [0. 0. 0.]  [0. 0. 0.]  ...  [0. 0. 0.]  [0. 0. 0.]  [0. 0. 0.]]]",6.438261922390666,13296,/home/amos/media/tv/Carnivale S01-S02 web 10bit hevc-d3g/Carnivale S02/Carnivale.S02E10.1080p.WEBRip.10Bit.EAC3.H265-d3g.mkv159,1080,1920,0,172,117,1246,172,59070,0.028,"[[[0. 0. 0.]  [0. 0. 0.]  [0. 0. 0.]  ...  [0. 0. 0.]  [0. 0. 0.]  [0. 0. 0.]] [[0. 0. 0.]  [0. 0. 0.]  [0. 0. 0.]  ...  [0. 0. 0.]  [0. 0. 0.]  [0. 0. 0.]] [[0. 0. 0.]  [0. 0. 0.]  [0. 0. 0.]  ...  [0. 0. 0.]  [0. 0. 0.]  [0. 0. 0.]] ... [[0. 0. 0.]  [0. 0. 0.]  [0. 0. 0.]  ...  [0. 0. 0.]  [0. 0. 0.]  [0. 0. 0.]] [[0. 0. 0.]  [0. 0. 0.]  [0. 0. 0.]  ...  [0. 0. 0.]  [0. 0. 0.]  [0. 0. 0.]] [[0. 0. 0.]  [0. 0. 0.]  [0. 0. 0.]  ...  [0. 0. 0.]  [0. 0. 0.]  [0. 0. 0.]]]",5.214361933292821,13320,/home/amos/media/tv/Carnivale S01-S02 web 10bit hevc-d3g/Carnivale S02/Carnivale.S02E10.1080p.WEBRip.10Bit.EAC3.H265-d3g.mkv160,1080,1920,1,137,315,1264,137,200606,0.097,"[[[0.04313726 0.01176471 0.00392157]  [0.03921569 0.00784314 0.        ]  [0.03529412 0.00392157 0.        ]  ...  [0.05490196 0.02352941 0.02352941]  [0.05490196 0.02352941 0.02352941]  [0.05490196 0.02352941 0.02352941]] [[0.03529412 0.00784314 0.00392157]  [0.03529412 0.00392157 0.        ]  [0.03137255 0.00392157 0.        ]  ...  [0.05882353 0.02745098 0.02745098]  [0.05490196 0.02352941 0.02352941]  [0.05490196 0.02352941 0.02352941]] [[0.02745098 0.         0.        ]  [0.02745098 0.         0.        ]  [0.02745098 0.         0.        ]  ...  [0.0627451  0.03137255 0.03137255]  [0.05882353 0.02745098 0.02745098]  [0.05490196 0.02745098 0.02745098]] ... [[0.         0.         0.        ]  [0.         0.         0.        ]  [0.         0.         0.        ]  ...  [0.15686275 0.11764706 0.09019608]  [0.15294118 0.11372549 0.08627451]  [0.15294118 0.11372549 0.08627451]] [[0.         0.         0.        ]  [0.         0.         0.        ]  [0.         0.         0.        ]  ...  [0.15294118 0.11372549 0.08627451]  [0.14901961 0.10980392 0.08235294]  [0.14901961 0.10980392 0.08235294]] [[0.         0.         0.        ]  [0.         0.         0.        ]  [0.         0.         0.        ]  ...  [0.14901961 0.10980392 0.08235294]  [0.14509805 0.10588235 0.07843138]  [0.14509805 0.10588235 0.07843138]]]",4.509107164281886,13320,/home/amos/media/tv/Carnivale S01-S02 web 10bit hevc-d3g/Carnivale S02/Carnivale.S02E10.1080p.WEBRip.10Bit.EAC3.H265-d3g.mkv161,1080,1920,0,62,42,546,62,9680,0.005,"[[[0.02745098 0.01568628 0.01176471]  [0.02745098 0.01568628 0.01176471]  [0.02745098 0.01568628 0.01176471]  ...  [0.15294118 0.08627451 0.07450981]  [0.15294118 0.08627451 0.07450981]  [0.15294118 0.08627451 0.07450981]] [[0.02745098 0.01568628 0.01176471]  [0.02745098 0.01568628 0.01176471]  [0.02745098 0.01568628 0.01176471]  ...  [0.15294118 0.08627451 0.07450981]  [0.15294118 0.08627451 0.07450981]  [0.15294118 0.08627451 0.07450981]] [[0.02745098 0.01568628 0.01176471]  [0.02745098 0.01568628 0.01176471]  [0.02745098 0.01568628 0.01176471]  ...  [0.15686275 0.08627451 0.07450981]  [0.15686275 0.08627451 0.07450981]  [0.15686275 0.08627451 0.07450981]] ... [[0.19215687 0.11764706 0.09411765]  [0.19215687 0.11764706 0.09411765]  [0.19215687 0.11764706 0.09411765]  ...  [0.19607843 0.11372549 0.08235294]  [0.2        0.11372549 0.08235294]  [0.2        0.11372549 0.08235294]] [[0.19215687 0.11764706 0.09411765]  [0.19215687 0.11764706 0.09411765]  [0.19215687 0.11764706 0.09411765]  ...  [0.19215687 0.10980392 0.08235294]  [0.19607843 0.11372549 0.08235294]  [0.19607843 0.11372549 0.08235294]] [[0.19215687 0.11764706 0.09411765]  [0.19215687 0.11764706 0.09411765]  [0.19215687 0.11764706 0.09411765]  ...  [0.19215687 0.11372549 0.07843138]  [0.19607843 0.11372549 0.08235294]  [0.19607843 0.11372549 0.08235294]]]",0.6606701325508766,13344,/home/amos/media/tv/Carnivale S01-S02 web 10bit hevc-d3g/Carnivale S02/Carnivale.S02E10.1080p.WEBRip.10Bit.EAC3.H265-d3g.mkv162,1080,1920,0,166,125,1228,166,43542,0.021,"[[[0.04705882 0.00784314 0.01176471]  [0.05882353 0.01960784 0.02352941]  [0.07058824 0.02745098 0.03529412]  ...  [0.02745098 0.00392157 0.01176471]  [0.02745098 0.00392157 0.01176471]  [0.         0.         0.        ]] [[0.04705882 0.00784314 0.01176471]  [0.05882353 0.01960784 0.02352941]  [0.07058824 0.03137255 0.03529412]  ...  [0.02745098 0.00784314 0.01176471]  [0.02745098 0.00392157 0.01176471]  [0.         0.         0.        ]] [[0.04313726 0.00784314 0.01176471]  [0.05882353 0.01960784 0.02352941]  [0.07058824 0.03137255 0.03529412]  ...  [0.02745098 0.00784314 0.01176471]  [0.02745098 0.00784314 0.00784314]  [0.         0.         0.        ]] ... [[0.05882353 0.01176471 0.01176471]  [0.07058824 0.02745098 0.02745098]  [0.08235294 0.03921569 0.03921569]  ...  [0.03529412 0.01960784 0.01568628]  [0.04705882 0.03137255 0.03137255]  [0.         0.         0.        ]] [[0.05490196 0.01176471 0.01176471]  [0.07058824 0.02745098 0.02745098]  [0.08235294 0.03529412 0.03921569]  ...  [0.03137255 0.01568628 0.01176471]  [0.04313726 0.02745098 0.02352941]  [0.         0.         0.        ]] [[0.         0.         0.        ]  [0.         0.         0.        ]  [0.         0.         0.        ]  ...  [0.         0.         0.        ]  [0.         0.         0.        ]  [0.         0.         0.        ]]]",6.3980038244626485,13368,/home/amos/media/tv/Carnivale S01-S02 web 10bit hevc-d3g/Carnivale S02/Carnivale.S02E10.1080p.WEBRip.10Bit.EAC3.H265-d3g.mkv163,1080,1920,0,162,136,1190,162,26728,0.013,"[[[0.01960784 0.         0.        ]  [0.01960784 0.         0.        ]  [0.02352941 0.         0.        ]  ...  [0.03137255 0.01568628 0.01568628]  [0.03137255 0.01176471 0.01176471]  [0.02745098 0.01176471 0.01176471]] [[0.01960784 0.         0.        ]  [0.01960784 0.         0.        ]  [0.02352941 0.         0.        ]  ...  [0.03137255 0.01568628 0.01568628]  [0.02745098 0.01176471 0.01176471]  [0.02745098 0.01176471 0.01176471]] [[0.01960784 0.         0.        ]  [0.01960784 0.         0.        ]  [0.02352941 0.         0.        ]  ...  [0.03137255 0.01568628 0.01568628]  [0.02745098 0.01176471 0.01176471]  [0.02745098 0.01176471 0.01176471]] ... [[0.03921569 0.00784314 0.00392157]  [0.04313726 0.01176471 0.00784314]  [0.04705882 0.01176471 0.00784314]  ...  [0.00784314 0.         0.        ]  [0.00784314 0.         0.        ]  [0.01176471 0.         0.        ]] [[0.04313726 0.01176471 0.00784314]  [0.04705882 0.01568628 0.01176471]  [0.05098039 0.01568628 0.01176471]  ...  [0.00784314 0.         0.        ]  [0.00784314 0.         0.        ]  [0.01176471 0.         0.        ]] [[0.04313726 0.01176471 0.00784314]  [0.04705882 0.01568628 0.01176471]  [0.05098039 0.01960784 0.01568628]  ...  [0.00784314 0.         0.        ]  [0.00784314 0.         0.        ]  [0.00784314 0.         0.        ]]]",5.730520017736126,13392,/home/amos/media/tv/Carnivale S01-S02 web 10bit hevc-d3g/Carnivale S02/Carnivale.S02E10.1080p.WEBRip.10Bit.EAC3.H265-d3g.mkv164,1080,1920,0,176,115,1199,176,62403,0.03,"[[[0.         0.         0.        ]  [0.01568628 0.         0.        ]  [0.02745098 0.         0.        ]  ...  [0.         0.         0.        ]  [0.         0.         0.        ]  [0.         0.         0.        ]] [[0.         0.         0.        ]  [0.01568628 0.         0.        ]  [0.02745098 0.         0.        ]  ...  [0.00784314 0.00392157 0.00392157]  [0.00784314 0.00392157 0.00392157]  [0.00784314 0.00392157 0.00392157]] [[0.         0.         0.        ]  [0.01568628 0.         0.        ]  [0.02745098 0.         0.        ]  ...  [0.01176471 0.00392157 0.00784314]  [0.01176471 0.00392157 0.00784314]  [0.01176471 0.00392157 0.00784314]] ... [[0.04313726 0.00392157 0.00392157]  [0.04313726 0.00392157 0.00392157]  [0.04313726 0.00392157 0.00392157]  ...  [0.02352941 0.00392157 0.01176471]  [0.01568628 0.00784314 0.01176471]  [0.         0.         0.        ]] [[0.02745098 0.00392157 0.00392157]  [0.02745098 0.00392157 0.00392157]  [0.02745098 0.00392157 0.00392157]  ...  [0.02352941 0.00784314 0.01568628]  [0.01960784 0.00784314 0.01176471]  [0.         0.         0.        ]] [[0.         0.         0.        ]  [0.         0.         0.        ]  [0.         0.         0.        ]  ...  [0.02352941 0.01176471 0.01568628]  [0.01960784 0.00784314 0.01176471]  [0.         0.         0.        ]]]",5.115794931305572,13416,/home/amos/media/tv/Carnivale S01-S02 web 10bit hevc-d3g/Carnivale S02/Carnivale.S02E10.1080p.WEBRip.10Bit.EAC3.H265-d3g.mkv165,1080,1920,0,162,130,1211,162,33568,0.016,"[[[0.03137255 0.         0.00392157]  [0.03137255 0.         0.00392157]  [0.03137255 0.         0.00392157]  ...  [0.04313726 0.02352941 0.02352941]  [0.03921569 0.02352941 0.02352941]  [0.03921569 0.01960784 0.01960784]] [[0.03137255 0.         0.00392157]  [0.03137255 0.         0.00392157]  [0.03137255 0.         0.00392157]  ...  [0.04313726 0.02352941 0.02352941]  [0.03921569 0.02352941 0.02352941]  [0.03921569 0.01960784 0.01960784]] [[0.03137255 0.         0.00392157]  [0.03137255 0.         0.00392157]  [0.03137255 0.         0.00392157]  ...  [0.04313726 0.02352941 0.02352941]  [0.04313726 0.01960784 0.01960784]  [0.03921569 0.01960784 0.01960784]] ... [[0.04705882 0.00784314 0.00784314]  [0.04705882 0.00784314 0.01176471]  [0.04705882 0.00784314 0.01176471]  ...  [0.00784314 0.         0.        ]  [0.00784314 0.         0.        ]  [0.00784314 0.         0.        ]] [[0.04705882 0.00784314 0.00784314]  [0.04705882 0.00784314 0.01176471]  [0.04705882 0.00784314 0.01176471]  ...  [0.00784314 0.         0.        ]  [0.00784314 0.         0.        ]  [0.00784314 0.         0.        ]] [[0.04705882 0.00784314 0.00784314]  [0.04705882 0.00784314 0.00784314]  [0.04705882 0.00784314 0.01176471]  ...  [0.00784314 0.         0.        ]  [0.00784314 0.         0.        ]  [0.00784314 0.         0.        ]]]",9.165992972673848,13440,/home/amos/media/tv/Carnivale S01-S02 web 10bit hevc-d3g/Carnivale S02/Carnivale.S02E10.1080p.WEBRip.10Bit.EAC3.H265-d3g.mkv166,1080,1920,0,159,128,1231,159,33232,0.016,"[[[0.         0.         0.        ]  [0.04313726 0.01568628 0.01568628]  [0.07058824 0.02745098 0.02745098]  ...  [0.         0.         0.        ]  [0.         0.         0.        ]  [0.         0.         0.        ]] [[0.         0.         0.        ]  [0.04313726 0.01568628 0.01568628]  [0.07058824 0.02352941 0.02745098]  ...  [0.02352941 0.00784314 0.01176471]  [0.02352941 0.01176471 0.01176471]  [0.         0.         0.        ]] [[0.         0.         0.        ]  [0.04313726 0.01568628 0.01960784]  [0.07058824 0.02352941 0.02745098]  ...  [0.03921569 0.01568628 0.01568628]  [0.03921569 0.01960784 0.01960784]  [0.         0.         0.        ]] ... [[0.03921569 0.01176471 0.00784314]  [0.04705882 0.01960784 0.01176471]  [0.05490196 0.02745098 0.01960784]  ...  [0.00392157 0.         0.        ]  [0.         0.         0.        ]  [0.         0.         0.        ]] [[0.         0.         0.        ]  [0.         0.         0.        ]  [0.         0.         0.        ]  ...  [0.00392157 0.         0.        ]  [0.         0.         0.        ]  [0.         0.         0.        ]] [[0.         0.         0.        ]  [0.         0.         0.        ]  [0.         0.         0.        ]  ...  [0.         0.         0.        ]  [0.         0.         0.        ]  [0.         0.         0.        ]]]",5.005908913852181,13464,/home/amos/media/tv/Carnivale S01-S02 web 10bit hevc-d3g/Carnivale S02/Carnivale.S02E10.1080p.WEBRip.10Bit.EAC3.H265-d3g.mkv167,1080,1920,0,164,127,1223,164,39183,0.019,"[[[0.         0.         0.        ]  [0.         0.         0.        ]  [0.         0.         0.        ]  ...  [0.04705882 0.02352941 0.01960784]  [0.03137255 0.01176471 0.01176471]  [0.         0.         0.        ]] [[0.01568628 0.         0.00392157]  [0.01568628 0.         0.00392157]  [0.01568628 0.         0.        ]  ...  [0.05098039 0.02352941 0.01568628]  [0.03137255 0.01176471 0.00784314]  [0.         0.         0.        ]] [[0.02745098 0.         0.00392157]  [0.02745098 0.         0.00392157]  [0.02745098 0.         0.        ]  ...  [0.05098039 0.02352941 0.01568628]  [0.03137255 0.01568628 0.00784314]  [0.         0.         0.        ]] ... [[0.         0.         0.        ]  [0.02352941 0.         0.        ]  [0.03921569 0.         0.00392157]  ...  [0.00784314 0.         0.        ]  [0.00784314 0.         0.        ]  [0.00784314 0.         0.        ]] [[0.         0.         0.        ]  [0.02352941 0.         0.        ]  [0.03921569 0.         0.        ]  ...  [0.00392157 0.         0.        ]  [0.00392157 0.         0.        ]  [0.00392157 0.         0.        ]] [[0.         0.         0.        ]  [0.02352941 0.         0.        ]  [0.03921569 0.         0.        ]  ...  [0.         0.         0.        ]  [0.         0.         0.        ]  [0.         0.         0.        ]]]",6.001843802107032,13488,/home/amos/media/tv/Carnivale S01-S02 web 10bit hevc-d3g/Carnivale S02/Carnivale.S02E10.1080p.WEBRip.10Bit.EAC3.H265-d3g.mkv168,1080,1920,0,157,132,1174,157,25425,0.012,"[[[0. 0. 0.]  [0. 0. 0.]  [0. 0. 0.]  ...  [0. 0. 0.]  [0. 0. 0.]  [0. 0. 0.]] [[0. 0. 0.]  [0. 0. 0.]  [0. 0. 0.]  ...  [0. 0. 0.]  [0. 0. 0.]  [0. 0. 0.]] [[0. 0. 0.]  [0. 0. 0.]  [0. 0. 0.]  ...  [0. 0. 0.]  [0. 0. 0.]  [0. 0. 0.]] ... [[0. 0. 0.]  [0. 0. 0.]  [0. 0. 0.]  ...  [0. 0. 0.]  [0. 0. 0.]  [0. 0. 0.]] [[0. 0. 0.]  [0. 0. 0.]  [0. 0. 0.]  ...  [0. 0. 0.]  [0. 0. 0.]  [0. 0. 0.]] [[0. 0. 0.]  [0. 0. 0.]  [0. 0. 0.]  ...  [0. 0. 0.]  [0. 0. 0.]  [0. 0. 0.]]]",8.693485026538838,13632,/home/amos/media/tv/Carnivale S01-S02 web 10bit hevc-d3g/Carnivale S02/Carnivale.S02E10.1080p.WEBRip.10Bit.EAC3.H265-d3g.mkv169,1080,1920,1,333,300,1116,333,25839,0.012,"[[[0.         0.         0.        ]  [0.         0.         0.        ]  [0.         0.         0.        ]  ...  [0.07843138 0.03137255 0.02352941]  [0.07450981 0.02745098 0.01960784]  [0.07843138 0.03137255 0.02352941]] [[0.         0.         0.        ]  [0.         0.         0.        ]  [0.         0.         0.        ]  ...  [0.07843138 0.03137255 0.02352941]  [0.07843138 0.03137255 0.02352941]  [0.07843138 0.03137255 0.02352941]] [[0.         0.         0.        ]  [0.         0.         0.        ]  [0.         0.         0.        ]  ...  [0.07843138 0.03137255 0.02352941]  [0.07843138 0.03137255 0.02352941]  [0.07843138 0.03137255 0.02352941]] ... [[0.         0.         0.        ]  [0.         0.         0.        ]  [0.         0.         0.        ]  ...  [0.01960784 0.00392157 0.        ]  [0.00392157 0.         0.        ]  [0.         0.00392157 0.        ]] [[0.         0.         0.        ]  [0.         0.         0.        ]  [0.         0.         0.        ]  ...  [0.01960784 0.00392157 0.        ]  [0.00392157 0.         0.        ]  [0.         0.00392157 0.        ]] [[0.         0.         0.        ]  [0.         0.         0.        ]  [0.         0.         0.        ]  ...  [0.01960784 0.00784314 0.        ]  [0.00392157 0.         0.        ]  [0.         0.00392157 0.        ]]]",4.490669967897702,13632,/home/amos/media/tv/Carnivale S01-S02 web 10bit hevc-d3g/Carnivale S02/Carnivale.S02E10.1080p.WEBRip.10Bit.EAC3.H265-d3g.mkv170,1080,1920,0,166,135,757,166,18321,0.009,"[[[0.09803922 0.08235294 0.05490196]  [0.10196079 0.08627451 0.05490196]  [0.10196079 0.08627451 0.05882353]  ...  [0.08627451 0.07058824 0.04313726]  [0.08627451 0.07058824 0.04313726]  [0.         0.         0.        ]] [[0.10196079 0.08627451 0.05882353]  [0.10196079 0.08627451 0.05882353]  [0.10196079 0.08627451 0.05882353]  ...  [0.08627451 0.07058824 0.04313726]  [0.08627451 0.07058824 0.04313726]  [0.         0.         0.        ]] [[0.10588235 0.09019608 0.0627451 ]  [0.10196079 0.08627451 0.05882353]  [0.10196079 0.08627451 0.05882353]  ...  [0.08627451 0.07058824 0.04313726]  [0.08627451 0.07058824 0.04313726]  [0.         0.         0.        ]] ... [[0.10980392 0.09411765 0.05882353]  [0.10980392 0.09411765 0.05882353]  [0.10980392 0.09411765 0.05882353]  ...  [0.07843138 0.03921569 0.03529412]  [0.05882353 0.01960784 0.01176471]  [0.         0.         0.        ]] [[0.10980392 0.09411765 0.05882353]  [0.10980392 0.09411765 0.05882353]  [0.10980392 0.09411765 0.05882353]  ...  [0.07450981 0.03529412 0.03137255]  [0.05490196 0.01568628 0.01176471]  [0.         0.         0.        ]] [[0.         0.         0.        ]  [0.         0.         0.        ]  [0.         0.         0.        ]  ...  [0.         0.         0.        ]  [0.         0.         0.        ]  [0.         0.         0.        ]]]",5.736363059550058,13704,/home/amos/media/tv/Carnivale S01-S02 web 10bit hevc-d3g/Carnivale S02/Carnivale.S02E10.1080p.WEBRip.10Bit.EAC3.H265-d3g.mkv171,1080,1920,0,154,133,790,154,13356,0.006,"[[[0.03137255 0.01960784 0.00784314]  [0.02745098 0.01568628 0.00392157]  [0.02745098 0.01568628 0.00392157]  ...  [0.03137255 0.00392157 0.00784314]  [0.03137255 0.00392157 0.00784314]  [0.03137255 0.00392157 0.00784314]] [[0.03137255 0.01960784 0.00784314]  [0.02745098 0.01568628 0.00392157]  [0.02745098 0.01568628 0.00392157]  ...  [0.03137255 0.00392157 0.00784314]  [0.03137255 0.00392157 0.00784314]  [0.03137255 0.00392157 0.00784314]] [[0.03137255 0.01960784 0.00784314]  [0.02745098 0.01568628 0.00392157]  [0.02745098 0.01568628 0.00392157]  ...  [0.03137255 0.00392157 0.00784314]  [0.03137255 0.00392157 0.00784314]  [0.03137255 0.00392157 0.00784314]] ... [[0.10196079 0.08627451 0.05098039]  [0.10196079 0.08627451 0.04705882]  [0.09803922 0.08235294 0.04705882]  ...  [0.05882353 0.03529412 0.01960784]  [0.05882353 0.03529412 0.01960784]  [0.05882353 0.03529412 0.01960784]] [[0.09803922 0.08235294 0.04705882]  [0.09803922 0.08235294 0.04705882]  [0.09803922 0.08235294 0.04705882]  ...  [0.05882353 0.03529412 0.01960784]  [0.05882353 0.03529412 0.01960784]  [0.05882353 0.03529412 0.01960784]] [[0.09803922 0.08235294 0.04705882]  [0.09803922 0.08235294 0.04705882]  [0.10196079 0.08627451 0.05098039]  ...  [0.05882353 0.03137255 0.01568628]  [0.05490196 0.03137255 0.01568628]  [0.05882353 0.03529412 0.01960784]]]",7.347685892775189,13728,/home/amos/media/tv/Carnivale S01-S02 web 10bit hevc-d3g/Carnivale S02/Carnivale.S02E10.1080p.WEBRip.10Bit.EAC3.H265-d3g.mkv172,1080,1920,0,165,126,762,165,23283,0.011,"[[[0.0627451  0.05098039 0.04313726]  [0.05098039 0.03921569 0.03137255]  [0.03921569 0.02745098 0.01960784]  ...  [0.07058824 0.0627451  0.03921569]  [0.07058824 0.06666667 0.03921569]  [0.07450981 0.07058824 0.04313726]] [[0.0627451  0.05098039 0.04313726]  [0.05098039 0.03921569 0.03137255]  [0.03921569 0.02745098 0.01960784]  ...  [0.07058824 0.06666667 0.03921569]  [0.07450981 0.07058824 0.04313726]  [0.07843138 0.07058824 0.04705882]] [[0.06666667 0.05490196 0.04705882]  [0.05490196 0.04313726 0.03529412]  [0.03921569 0.02745098 0.01960784]  ...  [0.07450981 0.07058824 0.04313726]  [0.07843138 0.07450981 0.04705882]  [0.07843138 0.07450981 0.04705882]] ... [[0.10196079 0.08627451 0.05882353]  [0.10588235 0.09019608 0.0627451 ]  [0.10588235 0.09019608 0.0627451 ]  ...  [0.14117648 0.09411765 0.07843138]  [0.15294118 0.10588235 0.09019608]  [0.16862746 0.12156863 0.10980392]] [[0.09803922 0.08627451 0.05882353]  [0.10196079 0.08627451 0.05882353]  [0.10588235 0.09019608 0.0627451 ]  ...  [0.14117648 0.09411765 0.07843138]  [0.14901961 0.10196079 0.09019608]  [0.16862746 0.12156863 0.10588235]] [[0.09803922 0.08235294 0.05490196]  [0.09803922 0.08627451 0.05490196]  [0.10196079 0.08627451 0.05882353]  ...  [0.14117648 0.09411765 0.07843138]  [0.14901961 0.10196079 0.09019608]  [0.16470589 0.11764706 0.10588235]]]",8.9803959975834,13752,/home/amos/media/tv/Carnivale S01-S02 web 10bit hevc-d3g/Carnivale S02/Carnivale.S02E10.1080p.WEBRip.10Bit.EAC3.H265-d3g.mkv173,1080,1920,0,138,184,755,138,28382,0.014,"[[[0.00784314 0.00392157 0.        ]  [0.00784314 0.         0.        ]  [0.00392157 0.         0.        ]  ...  [0.20392157 0.15294118 0.1254902 ]  [0.2        0.14509805 0.12156863]  [0.19607843 0.14117648 0.12156863]] [[0.00784314 0.00392157 0.        ]  [0.00392157 0.         0.        ]  [0.00392157 0.         0.        ]  ...  [0.20392157 0.14901961 0.1254902 ]  [0.19607843 0.13725491 0.11764706]  [0.1882353  0.13333334 0.11372549]] [[0.00784314 0.00392157 0.        ]  [0.00784314 0.00392157 0.        ]  [0.00392157 0.         0.        ]  ...  [0.20392157 0.14509805 0.1254902 ]  [0.1882353  0.12941177 0.10980392]  [0.18039216 0.12156863 0.10196079]] ... [[0.10196079 0.08235294 0.05098039]  [0.10196079 0.08235294 0.05098039]  [0.09803922 0.08235294 0.05098039]  ...  [0.03921569 0.01176471 0.        ]  [0.03529412 0.00784314 0.        ]  [0.03529412 0.00784314 0.        ]] [[0.10588235 0.08235294 0.05490196]  [0.10196079 0.08627451 0.05490196]  [0.10196079 0.08627451 0.05490196]  ...  [0.03921569 0.01176471 0.        ]  [0.03529412 0.00784314 0.        ]  [0.03137255 0.00392157 0.        ]] [[0.10588235 0.08627451 0.05490196]  [0.10588235 0.08627451 0.05490196]  [0.10588235 0.09019608 0.05882353]  ...  [0.03921569 0.01176471 0.        ]  [0.03529412 0.00784314 0.        ]  [0.03137255 0.00392157 0.        ]]]",4.3364610552671365,13776,/home/amos/media/tv/Carnivale S01-S02 web 10bit hevc-d3g/Carnivale S02/Carnivale.S02E10.1080p.WEBRip.10Bit.EAC3.H265-d3g.mkv174,1080,1920,0,157,150,749,157,4144,0.002,"[[[0.10196079 0.08627451 0.05882353]  [0.10196079 0.08627451 0.05882353]  [0.10196079 0.08627451 0.05882353]  ...  [0.09803922 0.08235294 0.05490196]  [0.09803922 0.08235294 0.05490196]  [0.         0.         0.        ]] [[0.10196079 0.08627451 0.05882353]  [0.10196079 0.08627451 0.05882353]  [0.10196079 0.08627451 0.05882353]  ...  [0.09803922 0.08235294 0.05490196]  [0.09803922 0.08235294 0.05490196]  [0.         0.         0.        ]] [[0.10196079 0.08627451 0.05882353]  [0.10196079 0.08627451 0.05882353]  [0.10196079 0.08627451 0.05882353]  ...  [0.10196079 0.08627451 0.05882353]  [0.10196079 0.08627451 0.05882353]  [0.         0.         0.        ]] ... [[0.10196079 0.08627451 0.05098039]  [0.10196079 0.08627451 0.05098039]  [0.10196079 0.08627451 0.05098039]  ...  [0.10980392 0.07058824 0.07058824]  [0.11372549 0.07843138 0.07843138]  [0.         0.         0.        ]] [[0.10980392 0.09411765 0.05882353]  [0.10588235 0.09019608 0.05490196]  [0.10588235 0.09019608 0.05490196]  ...  [0.10980392 0.07058824 0.07058824]  [0.11764706 0.07843138 0.07843138]  [0.         0.         0.        ]] [[0.         0.         0.        ]  [0.         0.         0.        ]  [0.         0.         0.        ]  ...  [0.         0.         0.        ]  [0.         0.         0.        ]  [0.         0.         0.        ]]]",7.078649066505022,13800,/home/amos/media/tv/Carnivale S01-S02 web 10bit hevc-d3g/Carnivale S02/Carnivale.S02E10.1080p.WEBRip.10Bit.EAC3.H265-d3g.mkv175,1080,1920,0,148,130,769,148,11178,0.005,"[[[0.02352941 0.00784314 0.00392157]  [0.01960784 0.00784314 0.00392157]  [0.01960784 0.01176471 0.00392157]  ...  [0.09019608 0.07450981 0.04705882]  [0.09019608 0.07450981 0.04705882]  [0.09019608 0.07450981 0.04705882]] [[0.02352941 0.00784314 0.00392157]  [0.01960784 0.00784314 0.00392157]  [0.01568628 0.00784314 0.        ]  ...  [0.09019608 0.07450981 0.04705882]  [0.09019608 0.07450981 0.04705882]  [0.09019608 0.07450981 0.04705882]] [[0.02352941 0.00784314 0.00392157]  [0.01960784 0.00784314 0.        ]  [0.01568628 0.00784314 0.        ]  ...  [0.09019608 0.07450981 0.04705882]  [0.09019608 0.07450981 0.04705882]  [0.09019608 0.07450981 0.04705882]] ... [[0.09803922 0.08235294 0.04705882]  [0.10196079 0.08627451 0.05098039]  [0.10588235 0.09019608 0.05490196]  ...  [0.1254902  0.08627451 0.07450981]  [0.13333334 0.09411765 0.08235294]  [0.14117648 0.10196079 0.09019608]] [[0.10196079 0.08627451 0.05098039]  [0.10588235 0.09019608 0.05490196]  [0.10588235 0.09019608 0.05490196]  ...  [0.12941177 0.09019608 0.07843138]  [0.13333334 0.09411765 0.08235294]  [0.13725491 0.09803922 0.08627451]] [[0.10588235 0.09019608 0.05490196]  [0.10588235 0.09019608 0.05490196]  [0.10980392 0.09411765 0.05882353]  ...  [0.13333334 0.09411765 0.08235294]  [0.13333334 0.09411765 0.08235294]  [0.13725491 0.09803922 0.08627451]]]",5.699026945629157,13824,/home/amos/media/tv/Carnivale S01-S02 web 10bit hevc-d3g/Carnivale S02/Carnivale.S02E10.1080p.WEBRip.10Bit.EAC3.H265-d3g.mkv176,1080,1920,0,153,131,756,153,13266,0.006,"[[[0.06666667 0.05882353 0.03529412]  [0.05098039 0.04313726 0.01960784]  [0.03529412 0.02745098 0.00392157]  ...  [0.09019608 0.07450981 0.04705882]  [0.09019608 0.07450981 0.04705882]  [0.         0.         0.        ]] [[0.05882353 0.05098039 0.02745098]  [0.04705882 0.03921569 0.01568628]  [0.02745098 0.02352941 0.00392157]  ...  [0.09019608 0.07450981 0.04705882]  [0.09019608 0.07450981 0.04705882]  [0.         0.         0.        ]] [[0.05098039 0.04313726 0.01960784]  [0.03921569 0.03137255 0.00784314]  [0.02352941 0.01568628 0.        ]  ...  [0.09411765 0.07843138 0.05098039]  [0.09411765 0.07843138 0.05098039]  [0.         0.         0.        ]] ... [[0.09803922 0.08235294 0.04705882]  [0.09803922 0.08235294 0.04705882]  [0.09803922 0.08235294 0.04705882]  ...  [0.13333334 0.08627451 0.07450981]  [0.13333334 0.08235294 0.07058824]  [0.         0.         0.        ]] [[0.09803922 0.08235294 0.04705882]  [0.09803922 0.08235294 0.04705882]  [0.09803922 0.08235294 0.04705882]  ...  [0.14117648 0.09019608 0.07843138]  [0.14117648 0.09019608 0.07843138]  [0.         0.         0.        ]] [[0.         0.         0.        ]  [0.         0.         0.        ]  [0.         0.         0.        ]  ...  [0.         0.         0.        ]  [0.         0.         0.        ]  [0.         0.         0.        ]]]",5.314374077308457,13848,/home/amos/media/tv/Carnivale S01-S02 web 10bit hevc-d3g/Carnivale S02/Carnivale.S02E10.1080p.WEBRip.10Bit.EAC3.H265-d3g.mkv177,1080,1920,0,295,83,831,295,113632,0.055,"[[[0.09019608 0.08235294 0.05490196]  [0.09019608 0.08235294 0.05490196]  [0.09019608 0.08235294 0.05490196]  ...  [0.07450981 0.0627451  0.03529412]  [0.07843138 0.06666667 0.03921569]  [0.08235294 0.07058824 0.04313726]] [[0.09019608 0.08235294 0.05490196]  [0.09019608 0.08235294 0.05490196]  [0.09019608 0.08235294 0.05490196]  ...  [0.07450981 0.0627451  0.03529412]  [0.07450981 0.0627451  0.03529412]  [0.07450981 0.0627451  0.03529412]] [[0.08235294 0.07450981 0.04705882]  [0.09019608 0.07843138 0.05098039]  [0.09019608 0.08235294 0.05490196]  ...  [0.07843138 0.06666667 0.04313726]  [0.07843138 0.0627451  0.03921569]  [0.07450981 0.0627451  0.03529412]] ... [[0.09019608 0.08235294 0.05490196]  [0.09019608 0.08235294 0.05490196]  [0.09019608 0.08235294 0.05490196]  ...  [0.02745098 0.         0.00392157]  [0.02745098 0.         0.00392157]  [0.02745098 0.         0.00392157]] [[0.09019608 0.08235294 0.05098039]  [0.09411765 0.08627451 0.05882353]  [0.09411765 0.08627451 0.05882353]  ...  [0.02745098 0.00392157 0.00784314]  [0.02352941 0.         0.        ]  [0.02352941 0.         0.        ]] [[0.08627451 0.07843138 0.05098039]  [0.09411765 0.08627451 0.05882353]  [0.09411765 0.08627451 0.05882353]  ...  [0.03137255 0.00392157 0.00784314]  [0.02352941 0.         0.        ]  [0.02352941 0.         0.        ]]]",7.564196010294836,13944,/home/amos/media/tv/Carnivale S01-S02 web 10bit hevc-d3g/Carnivale S02/Carnivale.S02E10.1080p.WEBRip.10Bit.EAC3.H265-d3g.mkv178,1080,1920,0,307,80,839,307,120764,0.058,"[[[0.08235294 0.07450981 0.04705882]  [0.08235294 0.07450981 0.04705882]  [0.08627451 0.07843138 0.05098039]  ...  [0.07058824 0.05882353 0.03137255]  [0.07058824 0.05882353 0.02745098]  [0.06666667 0.05490196 0.02745098]] [[0.08235294 0.07450981 0.04705882]  [0.08235294 0.07450981 0.04705882]  [0.09019608 0.08235294 0.05490196]  ...  [0.07058824 0.05882353 0.03137255]  [0.07058824 0.05882353 0.03137255]  [0.07058824 0.05882353 0.03137255]] [[0.08627451 0.07843138 0.05098039]  [0.08235294 0.07450981 0.04705882]  [0.08627451 0.07843138 0.05098039]  ...  [0.07450981 0.0627451  0.03529412]  [0.07843138 0.06666667 0.03921569]  [0.07058824 0.05882353 0.03137255]] ... [[0.09019608 0.08235294 0.05490196]  [0.08627451 0.07843138 0.05098039]  [0.08627451 0.07843138 0.05098039]  ...  [0.01960784 0.         0.        ]  [0.01960784 0.         0.        ]  [0.01960784 0.         0.        ]] [[0.08627451 0.07843138 0.05098039]  [0.08235294 0.07450981 0.04705882]  [0.08627451 0.07843138 0.05098039]  ...  [0.01960784 0.         0.        ]  [0.01960784 0.         0.        ]  [0.01960784 0.         0.        ]] [[0.08627451 0.07843138 0.05098039]  [0.08627451 0.07843138 0.05098039]  [0.08627451 0.07843138 0.05098039]  ...  [0.01960784 0.         0.        ]  [0.01568628 0.         0.        ]  [0.01960784 0.         0.        ]]]",6.827669094491284,13968,/home/amos/media/tv/Carnivale S01-S02 web 10bit hevc-d3g/Carnivale S02/Carnivale.S02E10.1080p.WEBRip.10Bit.EAC3.H265-d3g.mkv179,1080,1920,0,308,103,951,308,131815,0.064,"[[[0.07843138 0.07058824 0.04313726]  [0.07058824 0.0627451  0.03529412]  [0.06666667 0.05882353 0.03529412]  ...  [0.07450981 0.05490196 0.03529412]  [0.02352941 0.01568628 0.01176471]  [0.01568628 0.00784314 0.00392157]] [[0.07843138 0.07058824 0.04313726]  [0.07450981 0.06666667 0.03921569]  [0.07058824 0.0627451  0.04313726]  ...  [0.09803922 0.07450981 0.05490196]  [0.02352941 0.01568628 0.00784314]  [0.01176471 0.         0.        ]] [[0.07843138 0.07058824 0.04313726]  [0.06666667 0.05882353 0.03137255]  [0.07058824 0.0627451  0.04313726]  ...  [0.12156863 0.09803922 0.07843138]  [0.08627451 0.07450981 0.05490196]  [0.03921569 0.02352941 0.01176471]] ... [[0.08627451 0.07843138 0.05098039]  [0.08235294 0.07450981 0.04705882]  [0.08235294 0.07450981 0.04705882]  ...  [0.03921569 0.         0.00392157]  [0.03529412 0.00392157 0.00392157]  [0.03137255 0.         0.        ]] [[0.08235294 0.07058824 0.04705882]  [0.08235294 0.07058824 0.04705882]  [0.08235294 0.07058824 0.04705882]  ...  [0.03921569 0.         0.00392157]  [0.03529412 0.00392157 0.00392157]  [0.03529412 0.00392157 0.00392157]] [[0.08235294 0.07450981 0.04705882]  [0.07843138 0.07058824 0.04313726]  [0.08235294 0.07450981 0.04705882]  ...  [0.04313726 0.00392157 0.00784314]  [0.03921569 0.00784314 0.00784314]  [0.03921569 0.00784314 0.00784314]]]",6.0951230360078625,13992,/home/amos/media/tv/Carnivale S01-S02 web 10bit hevc-d3g/Carnivale S02/Carnivale.S02E10.1080p.WEBRip.10Bit.EAC3.H265-d3g.mkv180,1080,1920,0,187,169,1479,187,23256,0.011,"[[[0.11372549 0.07843138 0.05882353]  [0.11764706 0.08235294 0.05490196]  [0.1254902  0.08627451 0.05882353]  ...  [0.         0.         0.        ]  [0.         0.         0.        ]  [0.         0.         0.        ]] [[0.12156863 0.08627451 0.06666667]  [0.12941177 0.09411765 0.06666667]  [0.13725491 0.09803922 0.07058824]  ...  [0.         0.         0.        ]  [0.         0.         0.        ]  [0.         0.         0.        ]] [[0.13333334 0.09803922 0.07843138]  [0.14117648 0.10196079 0.07450981]  [0.14509805 0.10588235 0.07843138]  ...  [0.         0.         0.        ]  [0.         0.         0.        ]  [0.         0.         0.        ]] ... [[0.18431373 0.12156863 0.07450981]  [0.18431373 0.12156863 0.07450981]  [0.18431373 0.12156863 0.07450981]  ...  [0.         0.         0.        ]  [0.         0.         0.        ]  [0.         0.         0.        ]] [[0.18039216 0.11764706 0.07058824]  [0.18431373 0.12156863 0.07450981]  [0.18431373 0.12156863 0.07450981]  ...  [0.         0.         0.        ]  [0.         0.         0.        ]  [0.         0.         0.        ]] [[0.         0.         0.        ]  [0.         0.         0.        ]  [0.         0.         0.        ]  ...  [0.         0.         0.        ]  [0.         0.         0.        ]  [0.         0.         0.        ]]]",5.975192032812629,14064,/home/amos/media/tv/Carnivale S01-S02 web 10bit hevc-d3g/Carnivale S02/Carnivale.S02E10.1080p.WEBRip.10Bit.EAC3.H265-d3g.mkv181,1080,1920,0,55,179,576,55,64604,0.031,"[[[0.05098039 0.02352941 0.01568628]  [0.05098039 0.02352941 0.01568628]  [0.05098039 0.02352941 0.01568628]  ...  [0.21176471 0.11764706 0.09803922]  [0.21176471 0.11764706 0.09803922]  [0.         0.         0.        ]] [[0.05098039 0.02352941 0.01568628]  [0.05098039 0.02352941 0.01568628]  [0.05098039 0.02352941 0.01568628]  ...  [0.21176471 0.11764706 0.09803922]  [0.21176471 0.11764706 0.09803922]  [0.         0.         0.        ]] [[0.05098039 0.02352941 0.01568628]  [0.05098039 0.02352941 0.01568628]  [0.05098039 0.02352941 0.01568628]  ...  [0.20784314 0.11372549 0.09803922]  [0.20784314 0.11372549 0.09803922]  [0.         0.         0.        ]] ... [[0.05882353 0.03137255 0.02745098]  [0.05882353 0.03137255 0.02745098]  [0.05882353 0.03137255 0.02745098]  ...  [0.22745098 0.1254902  0.10588235]  [0.22745098 0.1254902  0.10588235]  [0.         0.         0.        ]] [[0.05882353 0.03137255 0.02745098]  [0.05882353 0.03137255 0.02745098]  [0.05882353 0.03137255 0.02745098]  ...  [0.22745098 0.1254902  0.10588235]  [0.22745098 0.1254902  0.10588235]  [0.         0.         0.        ]] [[0.         0.         0.        ]  [0.         0.         0.        ]  [0.         0.         0.        ]  ...  [0.         0.         0.        ]  [0.         0.         0.        ]  [0.         0.         0.        ]]]",3.2330120494007133,14112,/home/amos/media/tv/Carnivale S01-S02 web 10bit hevc-d3g/Carnivale S02/Carnivale.S02E10.1080p.WEBRip.10Bit.EAC3.H265-d3g.mkv182,1080,1920,0,58,185,614,58,70612,0.034,"[[[0.04705882 0.01960784 0.00392157]  [0.04705882 0.01960784 0.00392157]  [0.04705882 0.01960784 0.00392157]  ...  [0.18431373 0.09019608 0.07058824]  [0.18431373 0.09019608 0.07058824]  [0.18431373 0.09019608 0.07058824]] [[0.04705882 0.01960784 0.00392157]  [0.04705882 0.01960784 0.00392157]  [0.04705882 0.01960784 0.00392157]  ...  [0.18431373 0.09019608 0.07058824]  [0.18431373 0.09019608 0.07058824]  [0.18431373 0.09019608 0.07058824]] [[0.04705882 0.01960784 0.00392157]  [0.04705882 0.01960784 0.00392157]  [0.04705882 0.01960784 0.00392157]  ...  [0.18431373 0.09019608 0.07058824]  [0.18431373 0.09019608 0.07058824]  [0.18431373 0.09019608 0.07058824]] ... [[0.04705882 0.01960784 0.01960784]  [0.04705882 0.01960784 0.01960784]  [0.04705882 0.01960784 0.01960784]  ...  [0.21568628 0.11372549 0.09019608]  [0.21568628 0.10980392 0.09019608]  [0.21568628 0.10980392 0.09019608]] [[0.04705882 0.01960784 0.01960784]  [0.04705882 0.01960784 0.01960784]  [0.04705882 0.01960784 0.01960784]  ...  [0.21568628 0.11372549 0.09019608]  [0.21568628 0.11372549 0.09019608]  [0.21568628 0.11372549 0.09019608]] [[0.04705882 0.01960784 0.01960784]  [0.04705882 0.01960784 0.01960784]  [0.04705882 0.01960784 0.01960784]  ...  [0.21568628 0.11372549 0.09019608]  [0.21568628 0.11372549 0.09019608]  [0.21568628 0.11372549 0.09019608]]]",2.6289230477414094,14352,/home/amos/media/tv/Carnivale S01-S02 web 10bit hevc-d3g/Carnivale S02/Carnivale.S02E10.1080p.WEBRip.10Bit.EAC3.H265-d3g.mkv183,1080,1920,1,74,346,1354,74,348160,0.168,"[[[0.02745098 0.         0.        ]  [0.02745098 0.         0.        ]  [0.03137255 0.         0.        ]  ...  [0.14509805 0.08627451 0.07058824]  [0.14509805 0.08627451 0.07058824]  [0.14509805 0.08627451 0.07058824]] [[0.02745098 0.         0.        ]  [0.02745098 0.         0.        ]  [0.03137255 0.         0.00392157]  ...  [0.14509805 0.08627451 0.07058824]  [0.14509805 0.08627451 0.07058824]  [0.14509805 0.08627451 0.07058824]] [[0.02745098 0.         0.        ]  [0.02745098 0.         0.        ]  [0.03137255 0.         0.        ]  ...  [0.14117648 0.08627451 0.07058824]  [0.14509805 0.08627451 0.07450981]  [0.14509805 0.08627451 0.07450981]] ... [[0.         0.         0.        ]  [0.         0.         0.        ]  [0.         0.         0.        ]  ...  [0.04705882 0.01568628 0.00784314]  [0.04705882 0.01176471 0.00784314]  [0.04705882 0.01176471 0.00784314]] [[0.         0.         0.        ]  [0.         0.         0.        ]  [0.         0.         0.        ]  ...  [0.04705882 0.01568628 0.01176471]  [0.04705882 0.01568628 0.01176471]  [0.04705882 0.01568628 0.01176471]] [[0.         0.         0.        ]  [0.         0.         0.        ]  [0.         0.         0.        ]  ...  [0.04705882 0.01568628 0.01176471]  [0.04705882 0.01568628 0.01176471]  [0.04705882 0.01568628 0.01176471]]]",4.139852053776849,14352,/home/amos/media/tv/Carnivale S01-S02 web 10bit hevc-d3g/Carnivale S02/Carnivale.S02E10.1080p.WEBRip.10Bit.EAC3.H265-d3g.mkv184,1080,1920,0,118,135,609,118,8347,0.004,"[[[0.07058824 0.03137255 0.03137255]  [0.06666667 0.02352941 0.02352941]  [0.05490196 0.01568628 0.01176471]  ...  [0.03921569 0.00392157 0.00784314]  [0.03921569 0.00392157 0.00784314]  [0.03921569 0.00392157 0.00784314]] [[0.07058824 0.03137255 0.03137255]  [0.06666667 0.02745098 0.02745098]  [0.0627451  0.01960784 0.01568628]  ...  [0.03921569 0.00392157 0.00392157]  [0.03921569 0.00392157 0.00392157]  [0.03921569 0.00392157 0.00392157]] [[0.07450981 0.03529412 0.03529412]  [0.07058824 0.03137255 0.03137255]  [0.06666667 0.02745098 0.02352941]  ...  [0.03921569 0.00392157 0.00392157]  [0.03529412 0.         0.        ]  [0.03529412 0.         0.        ]] ... [[0.04705882 0.01568628 0.01960784]  [0.04705882 0.01568628 0.01960784]  [0.04313726 0.01176471 0.01568628]  ...  [0.07450981 0.01960784 0.01960784]  [0.07450981 0.01960784 0.01960784]  [0.07450981 0.01960784 0.01960784]] [[0.04705882 0.01568628 0.01960784]  [0.04705882 0.01568628 0.01960784]  [0.04313726 0.01176471 0.01568628]  ...  [0.07843138 0.02352941 0.02352941]  [0.07843138 0.02352941 0.02352941]  [0.07843138 0.02352941 0.02352941]] [[0.04705882 0.01568628 0.01960784]  [0.04705882 0.01568628 0.01960784]  [0.04313726 0.01176471 0.01568628]  ...  [0.07843138 0.02745098 0.02745098]  [0.08235294 0.02745098 0.02745098]  [0.08235294 0.02745098 0.02745098]]]",4.0740730165853165,14376,/home/amos/media/tv/Carnivale S01-S02 web 10bit hevc-d3g/Carnivale S02/Carnivale.S02E10.1080p.WEBRip.10Bit.EAC3.H265-d3g.mkv185,1080,1920,0,54,186,619,54,74580,0.036,"[[[0.04705882 0.01960784 0.01176471]  [0.04705882 0.01960784 0.01176471]  [0.04705882 0.01960784 0.01176471]  ...  [0.20784314 0.11372549 0.08235294]  [0.20784314 0.11372549 0.08235294]  [0.20784314 0.11372549 0.08235294]] [[0.04705882 0.01960784 0.01176471]  [0.04705882 0.01960784 0.01176471]  [0.04705882 0.01960784 0.01176471]  ...  [0.20784314 0.11372549 0.08235294]  [0.20784314 0.11372549 0.08235294]  [0.20784314 0.11372549 0.08235294]] [[0.04705882 0.01960784 0.01176471]  [0.04705882 0.01960784 0.01176471]  [0.04705882 0.01960784 0.01176471]  ...  [0.20784314 0.11372549 0.08235294]  [0.20784314 0.11372549 0.08235294]  [0.20784314 0.11372549 0.08235294]] ... [[0.03921569 0.01960784 0.01176471]  [0.03921569 0.01960784 0.01176471]  [0.03921569 0.01960784 0.01176471]  ...  [0.23137255 0.12156863 0.10196079]  [0.22745098 0.11764706 0.09803922]  [0.22745098 0.11764706 0.09803922]] [[0.03921569 0.01960784 0.01176471]  [0.03921569 0.01960784 0.01176471]  [0.03921569 0.01960784 0.01176471]  ...  [0.23137255 0.12156863 0.10196079]  [0.22745098 0.11764706 0.09803922]  [0.22745098 0.11764706 0.09803922]] [[0.03921569 0.01960784 0.01176471]  [0.03921569 0.01960784 0.01176471]  [0.03921569 0.01960784 0.01176471]  ...  [0.23137255 0.12156863 0.10196079]  [0.22745098 0.11764706 0.09803922]  [0.22745098 0.11764706 0.09803922]]]",4.966690089495387,14400,/home/amos/media/tv/Carnivale S01-S02 web 10bit hevc-d3g/Carnivale S02/Carnivale.S02E10.1080p.WEBRip.10Bit.EAC3.H265-d3g.mkv186,1080,1920,0,55,186,615,55,73360,0.035,"[[[0.05098039 0.02352941 0.01568628]  [0.05098039 0.02352941 0.01568628]  [0.05098039 0.02352941 0.01568628]  ...  [0.20392157 0.10980392 0.09019608]  [0.20392157 0.10980392 0.09019608]  [0.         0.         0.        ]] [[0.05098039 0.02352941 0.01568628]  [0.05098039 0.02352941 0.01568628]  [0.05098039 0.02352941 0.01568628]  ...  [0.20392157 0.10980392 0.09019608]  [0.20392157 0.10980392 0.09019608]  [0.         0.         0.        ]] [[0.05098039 0.02352941 0.01568628]  [0.05098039 0.02352941 0.01568628]  [0.05098039 0.02352941 0.01568628]  ...  [0.20392157 0.10980392 0.09019608]  [0.20392157 0.10980392 0.09019608]  [0.         0.         0.        ]] ... [[0.05098039 0.02352941 0.01960784]  [0.05098039 0.02352941 0.01960784]  [0.05098039 0.02352941 0.01960784]  ...  [0.22745098 0.11372549 0.09019608]  [0.22745098 0.11372549 0.09019608]  [0.         0.         0.        ]] [[0.05098039 0.02352941 0.01960784]  [0.05098039 0.02352941 0.01960784]  [0.05098039 0.02352941 0.01960784]  ...  [0.22745098 0.11372549 0.09019608]  [0.22745098 0.11372549 0.09019608]  [0.         0.         0.        ]] [[0.         0.         0.        ]  [0.         0.         0.        ]  [0.         0.         0.        ]  ...  [0.         0.         0.        ]  [0.         0.         0.        ]  [0.         0.         0.        ]]]",3.4172061140998267,14424,/home/amos/media/tv/Carnivale S01-S02 web 10bit hevc-d3g/Carnivale S02/Carnivale.S02E10.1080p.WEBRip.10Bit.EAC3.H265-d3g.mkv187,1080,1920,0,613,139,484,613,61146,0.029,"[[[0.05098039 0.04705882 0.02352941]  [0.05098039 0.04313726 0.02352941]  [0.05098039 0.04313726 0.02352941]  ...  [0.07843138 0.04313726 0.01568628]  [0.08235294 0.04705882 0.01960784]  [0.10196079 0.06666667 0.03921569]] [[0.05490196 0.04313726 0.02352941]  [0.05490196 0.04313726 0.02352941]  [0.05490196 0.04313726 0.02352941]  ...  [0.08235294 0.04313726 0.01568628]  [0.07843138 0.03921569 0.01176471]  [0.09411765 0.05490196 0.02745098]] [[0.05490196 0.04313726 0.02352941]  [0.05098039 0.04313726 0.02352941]  [0.05098039 0.04313726 0.02352941]  ...  [0.10196079 0.0627451  0.03529412]  [0.08627451 0.04705882 0.01960784]  [0.07843138 0.03921569 0.01176471]] ... [[0.         0.         0.        ]  [0.         0.         0.        ]  [0.         0.         0.        ]  ...  [0.18431373 0.11372549 0.08235294]  [0.18431373 0.11372549 0.08627451]  [0.17254902 0.10196079 0.07843138]] [[0.         0.         0.        ]  [0.         0.         0.        ]  [0.         0.         0.        ]  ...  [0.18039216 0.10980392 0.07843138]  [0.17254902 0.10196079 0.07450981]  [0.16078432 0.09411765 0.06666667]] [[0.         0.         0.        ]  [0.         0.         0.        ]  [0.         0.         0.        ]  ...  [0.1764706  0.10588235 0.07843138]  [0.17254902 0.09803922 0.07450981]  [0.16470589 0.09411765 0.06666667]]]",2.13185607426567,14472,/home/amos/media/tv/Carnivale S01-S02 web 10bit hevc-d3g/Carnivale S02/Carnivale.S02E10.1080p.WEBRip.10Bit.EAC3.H265-d3g.mkv188,1080,1920,1,62,793,1491,62,1044599,0.504,"[[[0.07843138 0.02745098 0.01176471]  [0.07843138 0.02745098 0.01176471]  [0.07843138 0.02745098 0.01176471]  ...  [0.20784314 0.13333334 0.10980392]  [0.20392157 0.13333334 0.10980392]  [0.20392157 0.13333334 0.10980392]] [[0.07843138 0.02745098 0.01176471]  [0.07843138 0.02745098 0.01176471]  [0.07843138 0.02745098 0.01176471]  ...  [0.20392157 0.13333334 0.10980392]  [0.20392157 0.13333334 0.10980392]  [0.20392157 0.13333334 0.10980392]] [[0.07450981 0.02352941 0.00784314]  [0.07450981 0.02352941 0.00784314]  [0.07450981 0.02352941 0.01176471]  ...  [0.20392157 0.13333334 0.10980392]  [0.20392157 0.13333334 0.10980392]  [0.20392157 0.13333334 0.10980392]] ... [[0.08235294 0.03137255 0.01960784]  [0.08235294 0.03137255 0.01960784]  [0.08235294 0.03137255 0.01960784]  ...  [0.14901961 0.09803922 0.07450981]  [0.14901961 0.09803922 0.07450981]  [0.14901961 0.09803922 0.07450981]] [[0.08627451 0.03529412 0.02352941]  [0.08627451 0.03529412 0.02352941]  [0.08627451 0.03529412 0.02352941]  ...  [0.15294118 0.09803922 0.07450981]  [0.14901961 0.09803922 0.07450981]  [0.14901961 0.09803922 0.07450981]] [[0.08627451 0.03529412 0.02352941]  [0.08627451 0.03529412 0.02352941]  [0.08627451 0.03529412 0.02352941]  ...  [0.15294118 0.09803922 0.07450981]  [0.14901961 0.09803922 0.07450981]  [0.14901961 0.09803922 0.07450981]]]",2.9606870554271154,14472,/home/amos/media/tv/Carnivale S01-S02 web 10bit hevc-d3g/Carnivale S02/Carnivale.S02E10.1080p.WEBRip.10Bit.EAC3.H265-d3g.mkv189,1080,1920,0,58,898,1374,58,1105440,0.533,"[[[0.11372549 0.06666667 0.05490196]  [0.11372549 0.06666667 0.05490196]  [0.11372549 0.07058824 0.05490196]  ...  [0.12941177 0.08235294 0.05882353]  [0.12941177 0.08235294 0.05882353]  [0.12941177 0.08235294 0.05882353]] [[0.11372549 0.06666667 0.05490196]  [0.11372549 0.06666667 0.05490196]  [0.11764706 0.06666667 0.05490196]  ...  [0.12941177 0.08235294 0.05882353]  [0.12941177 0.08235294 0.05882353]  [0.12941177 0.08235294 0.05882353]] [[0.10980392 0.0627451  0.05098039]  [0.10980392 0.0627451  0.05098039]  [0.11372549 0.06666667 0.05490196]  ...  [0.12941177 0.08235294 0.05882353]  [0.12941177 0.08235294 0.05882353]  [0.12941177 0.08235294 0.05882353]] ... [[0.         0.         0.00392157]  [0.         0.         0.00392157]  [0.         0.         0.00392157]  ...  [0.10980392 0.05882353 0.03529412]  [0.10980392 0.05882353 0.03529412]  [0.10980392 0.05882353 0.03529412]] [[0.         0.         0.00392157]  [0.         0.         0.00392157]  [0.         0.         0.00392157]  ...  [0.10980392 0.05882353 0.03529412]  [0.10980392 0.05882353 0.03529412]  [0.10980392 0.05882353 0.03529412]] [[0.         0.         0.00392157]  [0.         0.         0.00392157]  [0.         0.         0.00392157]  ...  [0.10980392 0.05882353 0.03529412]  [0.10980392 0.05882353 0.03529412]  [0.10980392 0.05882353 0.03529412]]]",3.2982171114417724,14496,/home/amos/media/tv/Carnivale S01-S02 web 10bit hevc-d3g/Carnivale S02/Carnivale.S02E10.1080p.WEBRip.10Bit.EAC3.H265-d3g.mkv190,1080,1920,1,61,819,1507,61,1096068,0.529,"[[[0.04705882 0.         0.        ]  [0.04705882 0.         0.        ]  [0.04705882 0.         0.        ]  ...  [0.16470589 0.11372549 0.07843138]  [0.16470589 0.11372549 0.07843138]  [0.16470589 0.11372549 0.07843138]] [[0.04705882 0.         0.        ]  [0.04705882 0.         0.        ]  [0.04705882 0.         0.        ]  ...  [0.16470589 0.11372549 0.07843138]  [0.16470589 0.11372549 0.07843138]  [0.16470589 0.11372549 0.07843138]] [[0.04705882 0.         0.        ]  [0.04705882 0.         0.        ]  [0.04705882 0.         0.        ]  ...  [0.16470589 0.11372549 0.07843138]  [0.16470589 0.11372549 0.07843138]  [0.16470589 0.11372549 0.07843138]] ... [[0.05490196 0.00392157 0.00392157]  [0.05490196 0.00392157 0.00392157]  [0.05490196 0.00392157 0.00392157]  ...  [0.24705882 0.17254902 0.14901961]  [0.24705882 0.17254902 0.14901961]  [0.24705882 0.17254902 0.14901961]] [[0.05490196 0.00392157 0.00392157]  [0.05490196 0.00392157 0.00392157]  [0.05490196 0.00392157 0.00392157]  ...  [0.24705882 0.17254902 0.14901961]  [0.24705882 0.17254902 0.14901961]  [0.24705882 0.17254902 0.14901961]] [[0.05490196 0.00392157 0.00392157]  [0.05490196 0.00392157 0.00392157]  [0.05490196 0.00392157 0.00392157]  ...  [0.24705882 0.17254902 0.14901961]  [0.24705882 0.17254902 0.14901961]  [0.24705882 0.17254902 0.14901961]]]",3.461117965343874,14496,/home/amos/media/tv/Carnivale S01-S02 web 10bit hevc-d3g/Carnivale S02/Carnivale.S02E10.1080p.WEBRip.10Bit.EAC3.H265-d3g.mkv191,1080,1920,0,63,822,1495,63,1086888,0.524,"[[[0.04313726 0.00392157 0.        ]  [0.04313726 0.00392157 0.        ]  [0.04313726 0.00392157 0.        ]  ...  [0.17254902 0.11372549 0.09411765]  [0.17254902 0.11372549 0.09411765]  [0.17254902 0.11372549 0.09411765]] [[0.04313726 0.00392157 0.        ]  [0.04313726 0.00392157 0.        ]  [0.04313726 0.00392157 0.        ]  ...  [0.17254902 0.11372549 0.09411765]  [0.17254902 0.11372549 0.09411765]  [0.17254902 0.11372549 0.09411765]] [[0.04313726 0.00392157 0.        ]  [0.04313726 0.00392157 0.        ]  [0.03921569 0.00392157 0.        ]  ...  [0.17254902 0.11372549 0.09411765]  [0.17254902 0.11372549 0.09411765]  [0.17254902 0.11372549 0.09411765]] ... [[0.05490196 0.01568628 0.00392157]  [0.05490196 0.01568628 0.00392157]  [0.05490196 0.01568628 0.00392157]  ...  [0.18039216 0.10980392 0.08235294]  [0.1764706  0.10588235 0.07843138]  [0.1764706  0.10588235 0.07843138]] [[0.05882353 0.01960784 0.00392157]  [0.05882353 0.01960784 0.00392157]  [0.05882353 0.01960784 0.00392157]  ...  [0.18039216 0.10980392 0.08235294]  [0.18039216 0.10980392 0.08235294]  [0.18039216 0.10980392 0.08235294]] [[0.05882353 0.01960784 0.00392157]  [0.05882353 0.01960784 0.00392157]  [0.05882353 0.01960784 0.00392157]  ...  [0.18431373 0.11372549 0.08627451]  [0.18039216 0.10980392 0.08235294]  [0.18039216 0.10980392 0.08235294]]]",2.8691510345670395,14520,/home/amos/media/tv/Carnivale S01-S02 web 10bit hevc-d3g/Carnivale S02/Carnivale.S02E10.1080p.WEBRip.10Bit.EAC3.H265-d3g.mkv192,1080,1920,1,64,898,1348,64,1070856,0.516,"[[[0.11372549 0.06666667 0.05098039]  [0.11372549 0.06666667 0.05098039]  [0.11372549 0.06666667 0.05098039]  ...  [0.14509805 0.09411765 0.07058824]  [0.14509805 0.09411765 0.07058824]  [0.14509805 0.09411765 0.07058824]] [[0.11372549 0.06666667 0.05098039]  [0.11372549 0.06666667 0.05098039]  [0.11372549 0.06666667 0.05098039]  ...  [0.14509805 0.09411765 0.07058824]  [0.14509805 0.09411765 0.07058824]  [0.14509805 0.09411765 0.07058824]] [[0.11372549 0.06666667 0.05098039]  [0.11372549 0.06666667 0.05098039]  [0.11372549 0.06666667 0.05098039]  ...  [0.14509805 0.09411765 0.07058824]  [0.14509805 0.09411765 0.07058824]  [0.14509805 0.09411765 0.07058824]] ... [[0.         0.         0.        ]  [0.         0.         0.        ]  [0.         0.         0.        ]  ...  [0.18431373 0.11764706 0.09803922]  [0.18039216 0.10980392 0.09411765]  [0.18039216 0.10980392 0.09411765]] [[0.         0.         0.        ]  [0.         0.         0.        ]  [0.         0.         0.        ]  ...  [0.1882353  0.11764706 0.10196079]  [0.18039216 0.10980392 0.09411765]  [0.18039216 0.10980392 0.09411765]] [[0.         0.         0.        ]  [0.         0.         0.        ]  [0.         0.         0.        ]  ...  [0.1882353  0.11764706 0.10196079]  [0.18039216 0.10980392 0.09411765]  [0.18039216 0.10980392 0.09411765]]]",4.136414090346079,14520,/home/amos/media/tv/Carnivale S01-S02 web 10bit hevc-d3g/Carnivale S02/Carnivale.S02E10.1080p.WEBRip.10Bit.EAC3.H265-d3g.mkv193,1080,1920,0,59,896,1343,59,1074708,0.518,"[[[0.04313726 0.01568628 0.        ]  [0.04313726 0.01568628 0.        ]  [0.04705882 0.01568628 0.        ]  ...  [0.14117648 0.09411765 0.07058824]  [0.14117648 0.09411765 0.07058824]  [0.14117648 0.09411765 0.07058824]] [[0.04313726 0.01568628 0.        ]  [0.04313726 0.01568628 0.        ]  [0.04705882 0.01568628 0.        ]  ...  [0.14117648 0.09411765 0.07058824]  [0.14117648 0.09411765 0.07058824]  [0.14117648 0.09411765 0.07058824]] [[0.04313726 0.01568628 0.        ]  [0.04313726 0.01568628 0.        ]  [0.04313726 0.01568628 0.        ]  ...  [0.14117648 0.09411765 0.07058824]  [0.14117648 0.09411765 0.07058824]  [0.14117648 0.09411765 0.07058824]] ... [[0.         0.         0.        ]  [0.         0.         0.        ]  [0.         0.         0.        ]  ...  [0.13333334 0.07843138 0.04705882]  [0.13333334 0.07843138 0.04705882]  [0.13333334 0.07843138 0.04705882]] [[0.         0.         0.        ]  [0.         0.         0.        ]  [0.         0.         0.        ]  ...  [0.13333334 0.07843138 0.04705882]  [0.13333334 0.07843138 0.04705882]  [0.13333334 0.07843138 0.04705882]] [[0.         0.         0.        ]  [0.         0.         0.        ]  [0.         0.         0.        ]  ...  [0.13333334 0.07843138 0.04705882]  [0.13333334 0.07843138 0.04705882]  [0.13333334 0.07843138 0.04705882]]]",3.5925391617929563,14544,/home/amos/media/tv/Carnivale S01-S02 web 10bit hevc-d3g/Carnivale S02/Carnivale.S02E10.1080p.WEBRip.10Bit.EAC3.H265-d3g.mkv194,1080,1920,1,62,872,1337,62,1032750,0.498,"[[[0.10588235 0.06666667 0.05098039]  [0.10588235 0.06666667 0.05098039]  [0.10588235 0.06666667 0.05098039]  ...  [0.12156863 0.07450981 0.05490196]  [0.12156863 0.07450981 0.05490196]  [0.12156863 0.07450981 0.05490196]] [[0.10588235 0.06666667 0.05098039]  [0.10588235 0.06666667 0.05098039]  [0.10588235 0.06666667 0.05098039]  ...  [0.12156863 0.07450981 0.05490196]  [0.12156863 0.07450981 0.05490196]  [0.12156863 0.07450981 0.05490196]] [[0.10588235 0.06666667 0.05098039]  [0.10588235 0.06666667 0.05098039]  [0.10980392 0.06666667 0.05098039]  ...  [0.12156863 0.07450981 0.05490196]  [0.12156863 0.07450981 0.05490196]  [0.12156863 0.07450981 0.05490196]] ... [[0.         0.         0.        ]  [0.         0.         0.        ]  [0.         0.         0.        ]  ...  [0.14509805 0.09803922 0.07450981]  [0.13725491 0.09019608 0.06666667]  [0.13725491 0.09019608 0.06666667]] [[0.         0.         0.        ]  [0.         0.         0.        ]  [0.         0.         0.        ]  ...  [0.14509805 0.09803922 0.07450981]  [0.13725491 0.09019608 0.06666667]  [0.13725491 0.09019608 0.06666667]] [[0.         0.         0.        ]  [0.         0.         0.        ]  [0.         0.         0.        ]  ...  [0.14509805 0.09803922 0.07450981]  [0.13725491 0.09019608 0.06666667]  [0.13725491 0.09019608 0.06666667]]]",4.209017086948734,14544,/home/amos/media/tv/Carnivale S01-S02 web 10bit hevc-d3g/Carnivale S02/Carnivale.S02E10.1080p.WEBRip.10Bit.EAC3.H265-d3g.mkv195,1080,1920,2,62,769,1482,62,1003940,0.484,"[[[0.08235294 0.03529412 0.01568628]  [0.08235294 0.03529412 0.01568628]  [0.07843138 0.03137255 0.01568628]  ...  [0.21176471 0.13333334 0.10196079]  [0.21176471 0.13333334 0.10196079]  [0.21176471 0.13333334 0.10196079]] [[0.08235294 0.03529412 0.01568628]  [0.08235294 0.03529412 0.01568628]  [0.08235294 0.03137255 0.01568628]  ...  [0.21176471 0.13333334 0.10196079]  [0.21176471 0.13333334 0.10196079]  [0.21176471 0.13333334 0.10196079]] [[0.07843138 0.03137255 0.01176471]  [0.07843138 0.03137255 0.01176471]  [0.07843138 0.03137255 0.01176471]  ...  [0.21176471 0.13333334 0.10196079]  [0.21176471 0.13333334 0.10196079]  [0.21176471 0.13333334 0.10196079]] ... [[0.05490196 0.00784314 0.00784314]  [0.05490196 0.00784314 0.00784314]  [0.05882353 0.00784314 0.00784314]  ...  [0.14901961 0.08627451 0.06666667]  [0.14901961 0.08627451 0.06666667]  [0.14901961 0.08627451 0.06666667]] [[0.05882353 0.00784314 0.00784314]  [0.05882353 0.00784314 0.00784314]  [0.05882353 0.00784314 0.00784314]  ...  [0.14901961 0.08627451 0.06666667]  [0.14901961 0.08627451 0.06666667]  [0.14901961 0.08627451 0.06666667]] [[0.05882353 0.00784314 0.00784314]  [0.05882353 0.00784314 0.00784314]  [0.05882353 0.00784314 0.00784314]  ...  [0.14901961 0.08627451 0.06666667]  [0.14901961 0.08627451 0.06666667]  [0.14901961 0.08627451 0.06666667]]]",1.8954170585493557,14544,/home/amos/media/tv/Carnivale S01-S02 web 10bit hevc-d3g/Carnivale S02/Carnivale.S02E10.1080p.WEBRip.10Bit.EAC3.H265-d3g.mkv196,1080,1920,0,641,149,548,641,45756,0.022,"[[[0.05098039 0.04705882 0.02352941]  [0.05098039 0.04705882 0.02352941]  [0.04705882 0.04313726 0.01960784]  ...  [0.12156863 0.10588235 0.07058824]  [0.10588235 0.08627451 0.05882353]  [0.09803922 0.07843138 0.04705882]] [[0.05098039 0.04705882 0.02352941]  [0.05098039 0.04705882 0.02352941]  [0.04705882 0.03921569 0.01960784]  ...  [0.15294118 0.12941177 0.09803922]  [0.09803922 0.08627451 0.05098039]  [0.07843138 0.06666667 0.03137255]] [[0.05490196 0.04313726 0.02352941]  [0.05490196 0.04313726 0.02352941]  [0.04705882 0.03921569 0.01960784]  ...  [0.16470589 0.14117648 0.10980392]  [0.11764706 0.10196079 0.06666667]  [0.07058824 0.05490196 0.01960784]] ... [[0.00392157 0.         0.        ]  [0.00392157 0.         0.        ]  [0.00392157 0.         0.        ]  ...  [0.03921569 0.00784314 0.        ]  [0.05098039 0.02352941 0.00784314]  [0.05098039 0.02352941 0.00784314]] [[0.00392157 0.         0.        ]  [0.00392157 0.         0.        ]  [0.00392157 0.         0.        ]  ...  [0.03921569 0.00784314 0.00392157]  [0.05098039 0.02352941 0.00784314]  [0.05098039 0.02352941 0.00784314]] [[0.00392157 0.         0.        ]  [0.00392157 0.         0.        ]  [0.00392157 0.         0.        ]  ...  [0.04313726 0.01176471 0.00784314]  [0.05098039 0.02352941 0.00392157]  [0.05098039 0.02352941 0.00392157]]]",2.7930290336953476,14568,/home/amos/media/tv/Carnivale S01-S02 web 10bit hevc-d3g/Carnivale S02/Carnivale.S02E10.1080p.WEBRip.10Bit.EAC3.H265-d3g.mkv197,1080,1920,1,59,858,1333,59,1017926,0.491,"[[[0.10980392 0.07450981 0.05882353]  [0.10980392 0.07450981 0.05882353]  [0.10980392 0.07450981 0.05882353]  ...  [0.10980392 0.0627451  0.04705882]  [0.10980392 0.0627451  0.04705882]  [0.10980392 0.0627451  0.04705882]] [[0.10980392 0.07450981 0.05882353]  [0.10980392 0.07450981 0.05882353]  [0.10980392 0.07450981 0.05882353]  ...  [0.10980392 0.0627451  0.04705882]  [0.10980392 0.0627451  0.04705882]  [0.10980392 0.0627451  0.04705882]] [[0.10980392 0.07058824 0.05882353]  [0.10980392 0.07058824 0.05882353]  [0.10980392 0.07450981 0.05882353]  ...  [0.10980392 0.0627451  0.04705882]  [0.10980392 0.0627451  0.04705882]  [0.10980392 0.0627451  0.04705882]] ... [[0.         0.         0.        ]  [0.         0.         0.        ]  [0.         0.         0.        ]  ...  [0.15294118 0.09411765 0.07450981]  [0.14509805 0.08627451 0.06666667]  [0.14509805 0.08627451 0.06666667]] [[0.         0.         0.        ]  [0.         0.         0.        ]  [0.         0.         0.        ]  ...  [0.15294118 0.09019608 0.07450981]  [0.14509805 0.08627451 0.06666667]  [0.14509805 0.08627451 0.06666667]] [[0.         0.         0.        ]  [0.         0.         0.        ]  [0.         0.         0.        ]  ...  [0.15294118 0.09411765 0.07450981]  [0.14509805 0.08627451 0.06666667]  [0.14509805 0.08627451 0.06666667]]]",3.9851360443863086,14568,/home/amos/media/tv/Carnivale S01-S02 web 10bit hevc-d3g/Carnivale S02/Carnivale.S02E10.1080p.WEBRip.10Bit.EAC3.H265-d3g.mkv198,1080,1920,2,58,881,1339,58,1054263,0.508,"[[[0.04313726 0.01568628 0.        ]  [0.04313726 0.01568628 0.        ]  [0.04705882 0.01960784 0.        ]  ...  [0.12156863 0.07450981 0.05490196]  [0.1254902  0.07843138 0.05490196]  [0.1254902  0.07843138 0.05490196]] [[0.04313726 0.01568628 0.        ]  [0.04313726 0.01568628 0.        ]  [0.04705882 0.01960784 0.00392157]  ...  [0.1254902  0.07450981 0.05490196]  [0.1254902  0.07843138 0.05490196]  [0.1254902  0.07843138 0.05490196]] [[0.04313726 0.01568628 0.        ]  [0.04313726 0.01568628 0.        ]  [0.04705882 0.01960784 0.        ]  ...  [0.1254902  0.07843138 0.05490196]  [0.1254902  0.07843138 0.05490196]  [0.1254902  0.07843138 0.05490196]] ... [[0.         0.         0.        ]  [0.         0.         0.        ]  [0.         0.         0.        ]  ...  [0.10980392 0.0627451  0.03921569]  [0.10980392 0.0627451  0.03921569]  [0.10980392 0.0627451  0.03921569]] [[0.         0.         0.        ]  [0.         0.         0.        ]  [0.         0.         0.        ]  ...  [0.10980392 0.0627451  0.03921569]  [0.10980392 0.0627451  0.03921569]  [0.10980392 0.0627451  0.03921569]] [[0.         0.         0.        ]  [0.         0.         0.        ]  [0.         0.         0.        ]  ...  [0.10980392 0.0627451  0.03921569]  [0.10980392 0.0627451  0.03921569]  [0.10980392 0.0627451  0.03921569]]]",2.5870401294669136,14568,/home/amos/media/tv/Carnivale S01-S02 web 10bit hevc-d3g/Carnivale S02/Carnivale.S02E10.1080p.WEBRip.10Bit.EAC3.H265-d3g.mkv199,1080,1920,0,63,886,1309,63,1025458,0.495,"[[[0.12156863 0.08235294 0.07450981]  [0.12156863 0.08235294 0.07450981]  [0.12156863 0.08235294 0.07450981]  ...  [0.12941177 0.08235294 0.05882353]  [0.12941177 0.08235294 0.05882353]  [0.12941177 0.08235294 0.05882353]] [[0.12156863 0.08235294 0.07450981]  [0.12156863 0.08235294 0.07450981]  [0.12156863 0.08235294 0.07450981]  ...  [0.12941177 0.08235294 0.05882353]  [0.12941177 0.08235294 0.05882353]  [0.12941177 0.08235294 0.05882353]] [[0.12156863 0.08235294 0.07450981]  [0.12156863 0.08235294 0.07450981]  [0.12156863 0.08235294 0.07450981]  ...  [0.12941177 0.08235294 0.05882353]  [0.12941177 0.08235294 0.05882353]  [0.12941177 0.08235294 0.05882353]] ... [[0.         0.         0.        ]  [0.         0.         0.        ]  [0.         0.         0.        ]  ...  [0.21176471 0.15294118 0.1254902 ]  [0.20392157 0.14509805 0.11764706]  [0.20392157 0.14509805 0.11764706]] [[0.         0.         0.        ]  [0.         0.         0.        ]  [0.         0.         0.        ]  ...  [0.21176471 0.15294118 0.1254902 ]  [0.20784314 0.14901961 0.12156863]  [0.20784314 0.14901961 0.12156863]] [[0.         0.         0.        ]  [0.         0.         0.        ]  [0.         0.         0.        ]  ...  [0.21176471 0.15294118 0.1254902 ]  [0.20784314 0.14901961 0.12156863]  [0.20784314 0.14901961 0.12156863]]]",3.007193099881988,14592,/home/amos/media/tv/Carnivale S01-S02 web 10bit hevc-d3g/Carnivale S02/Carnivale.S02E10.1080p.WEBRip.10Bit.EAC3.H265-d3g.mkv200,1080,1920,0,64,799,1469,64,1032675,0.498,"[[[0.06666667 0.01960784 0.01176471]  [0.06666667 0.01960784 0.01176471]  [0.0627451  0.01960784 0.01176471]  ...  [0.21176471 0.13333334 0.10588235]  [0.20784314 0.12941177 0.10196079]  [0.20784314 0.12941177 0.10196079]] [[0.06666667 0.01960784 0.01176471]  [0.06666667 0.01960784 0.01176471]  [0.0627451  0.01960784 0.01176471]  ...  [0.21176471 0.13333334 0.10196079]  [0.20784314 0.12941177 0.10196079]  [0.20784314 0.12941177 0.10196079]] [[0.0627451  0.01568628 0.00784314]  [0.0627451  0.01568628 0.00784314]  [0.0627451  0.01568628 0.00784314]  ...  [0.20784314 0.12941177 0.10196079]  [0.20392157 0.1254902  0.10196079]  [0.20392157 0.1254902  0.10196079]] ... [[0.05882353 0.01176471 0.        ]  [0.05882353 0.01176471 0.        ]  [0.05882353 0.01568628 0.        ]  ...  [0.14901961 0.09019608 0.07450981]  [0.15294118 0.09411765 0.07450981]  [0.15294118 0.09411765 0.07450981]] [[0.05882353 0.01568628 0.        ]  [0.05882353 0.01568628 0.        ]  [0.05882353 0.01568628 0.        ]  ...  [0.15294118 0.09411765 0.07450981]  [0.15294118 0.09411765 0.07450981]  [0.15294118 0.09411765 0.07450981]] [[0.05882353 0.01568628 0.        ]  [0.05882353 0.01568628 0.        ]  [0.05882353 0.01568628 0.        ]  ...  [0.15294118 0.09411765 0.07450981]  [0.15294118 0.09411765 0.07450981]  [0.15294118 0.09411765 0.07450981]]]",1.7051980404066853,14616,/home/amos/media/tv/Carnivale S01-S02 web 10bit hevc-d3g/Carnivale S02/Carnivale.S02E10.1080p.WEBRip.10Bit.EAC3.H265-d3g.mkv201,1080,1920,1,65,907,1321,65,1057552,0.51,"[[[0.10588235 0.06666667 0.05490196]  [0.10588235 0.06666667 0.05490196]  [0.10980392 0.07058824 0.05490196]  ...  [0.12941177 0.08235294 0.05882353]  [0.12941177 0.08235294 0.05882353]  [0.12941177 0.08235294 0.05882353]] [[0.10588235 0.06666667 0.05490196]  [0.10588235 0.06666667 0.05490196]  [0.10980392 0.07058824 0.05490196]  ...  [0.12941177 0.08235294 0.05882353]  [0.12941177 0.08235294 0.05882353]  [0.12941177 0.08235294 0.05882353]] [[0.10588235 0.06666667 0.05490196]  [0.10588235 0.06666667 0.05490196]  [0.10980392 0.07058824 0.05882353]  ...  [0.12941177 0.08235294 0.05882353]  [0.12941177 0.08235294 0.05882353]  [0.12941177 0.08235294 0.05882353]] ... [[0.         0.         0.        ]  [0.         0.         0.        ]  [0.         0.         0.        ]  ...  [0.1882353  0.12941177 0.10980392]  [0.18039216 0.12156863 0.10196079]  [0.18039216 0.12156863 0.10196079]] [[0.         0.         0.        ]  [0.         0.         0.        ]  [0.         0.         0.        ]  ...  [0.19215687 0.13333334 0.11372549]  [0.18431373 0.1254902  0.10588235]  [0.18431373 0.1254902  0.10588235]] [[0.         0.         0.        ]  [0.         0.         0.        ]  [0.         0.         0.        ]  ...  [0.19215687 0.13333334 0.11372549]  [0.18431373 0.1254902  0.10588235]  [0.18431373 0.1254902  0.10588235]]]",3.2825460575404577,14616,/home/amos/media/tv/Carnivale S01-S02 web 10bit hevc-d3g/Carnivale S02/Carnivale.S02E10.1080p.WEBRip.10Bit.EAC3.H265-d3g.mkv202,1080,1920,2,64,930,1325,64,1092026,0.527,"[[[0.03529412 0.01960784 0.01176471]  [0.03529412 0.01960784 0.01176471]  [0.03529412 0.01960784 0.01176471]  ...  [0.12941177 0.08235294 0.05882353]  [0.12941177 0.08235294 0.05882353]  [0.12941177 0.08235294 0.05882353]] [[0.03529412 0.01960784 0.01176471]  [0.03529412 0.01960784 0.01176471]  [0.03529412 0.01960784 0.01176471]  ...  [0.12941177 0.08235294 0.05882353]  [0.12941177 0.08235294 0.05882353]  [0.12941177 0.08235294 0.05882353]] [[0.03529412 0.01960784 0.01176471]  [0.03529412 0.01960784 0.01176471]  [0.03529412 0.01960784 0.01176471]  ...  [0.12941177 0.08235294 0.05882353]  [0.12941177 0.08235294 0.05882353]  [0.12941177 0.08235294 0.05882353]] ... [[0.         0.         0.        ]  [0.         0.         0.        ]  [0.         0.         0.        ]  ...  [0.13725491 0.0627451  0.04705882]  [0.13333334 0.0627451  0.04705882]  [0.13333334 0.0627451  0.04705882]] [[0.         0.         0.        ]  [0.         0.         0.        ]  [0.         0.         0.        ]  ...  [0.13333334 0.0627451  0.04705882]  [0.13333334 0.0627451  0.04705882]  [0.13333334 0.0627451  0.04705882]] [[0.         0.         0.        ]  [0.         0.         0.        ]  [0.         0.         0.        ]  ...  [0.13725491 0.0627451  0.04705882]  [0.13333334 0.0627451  0.04705882]  [0.13333334 0.0627451  0.04705882]]]",4.0850681368028745,14616,/home/amos/media/tv/Carnivale S01-S02 web 10bit hevc-d3g/Carnivale S02/Carnivale.S02E10.1080p.WEBRip.10Bit.EAC3.H265-d3g.mkv203,1080,1920,0,64,97,606,64,17886,0.009,"[[[0.04313726 0.01568628 0.01568628]  [0.04313726 0.01568628 0.01568628]  [0.04313726 0.01568628 0.01568628]  ...  [0.16470589 0.07843138 0.0627451 ]  [0.16470589 0.07843138 0.0627451 ]  [0.16470589 0.07843138 0.0627451 ]] [[0.04313726 0.01568628 0.01568628]  [0.04313726 0.01568628 0.01568628]  [0.04313726 0.01568628 0.01568628]  ...  [0.16470589 0.07843138 0.0627451 ]  [0.16470589 0.07843138 0.0627451 ]  [0.16470589 0.07843138 0.0627451 ]] [[0.04705882 0.01960784 0.01568628]  [0.04705882 0.01960784 0.01568628]  [0.04705882 0.01568628 0.01568628]  ...  [0.16470589 0.07843138 0.0627451 ]  [0.16470589 0.07843138 0.0627451 ]  [0.16470589 0.07843138 0.0627451 ]] ... [[0.21960784 0.13333334 0.10588235]  [0.21960784 0.13333334 0.10588235]  [0.21960784 0.13333334 0.10980392]  ...  [0.19607843 0.10588235 0.09019608]  [0.19607843 0.10980392 0.09019608]  [0.19607843 0.10980392 0.09019608]] [[0.21960784 0.13333334 0.10588235]  [0.21960784 0.13333334 0.10588235]  [0.22352941 0.13333334 0.10588235]  ...  [0.19215687 0.10588235 0.08627451]  [0.19607843 0.10980392 0.09019608]  [0.19607843 0.10980392 0.09019608]] [[0.21960784 0.13333334 0.10588235]  [0.21960784 0.13333334 0.10588235]  [0.21960784 0.13725491 0.10980392]  ...  [0.19215687 0.10588235 0.08627451]  [0.19607843 0.10980392 0.09019608]  [0.19607843 0.10980392 0.09019608]]]",2.9952810964896344,14640,/home/amos/media/tv/Carnivale S01-S02 web 10bit hevc-d3g/Carnivale S02/Carnivale.S02E10.1080p.WEBRip.10Bit.EAC3.H265-d3g.mkv204,1080,1920,0,66,92,617,66,14326,0.007,"[[[0.04313726 0.01568628 0.01960784]  [0.04313726 0.01568628 0.01960784]  [0.04313726 0.01568628 0.01960784]  ...  [0.15294118 0.07058824 0.06666667]  [0.15294118 0.07058824 0.06666667]  [0.15294118 0.07058824 0.06666667]] [[0.04313726 0.01568628 0.01960784]  [0.04313726 0.01568628 0.01960784]  [0.04313726 0.01568628 0.01960784]  ...  [0.15294118 0.07058824 0.06666667]  [0.15294118 0.07058824 0.06666667]  [0.15294118 0.07058824 0.06666667]] [[0.04313726 0.01568628 0.01960784]  [0.04313726 0.01568628 0.01960784]  [0.04313726 0.01568628 0.01960784]  ...  [0.15294118 0.07058824 0.06666667]  [0.15294118 0.07058824 0.06666667]  [0.15294118 0.07058824 0.06666667]] ... [[0.27058825 0.1764706  0.14117648]  [0.27058825 0.1764706  0.14117648]  [0.27450982 0.18039216 0.14509805]  ...  [0.16470589 0.09019608 0.0627451 ]  [0.16470589 0.09019608 0.0627451 ]  [0.16470589 0.09019608 0.0627451 ]] [[0.27450982 0.18039216 0.14509805]  [0.27450982 0.18039216 0.14509805]  [0.2784314  0.18039216 0.14901961]  ...  [0.16470589 0.08627451 0.05882353]  [0.16078432 0.08627451 0.05882353]  [0.16078432 0.08627451 0.05882353]] [[0.27450982 0.18039216 0.14509805]  [0.27450982 0.18039216 0.14509805]  [0.2784314  0.18039216 0.14901961]  ...  [0.16470589 0.08627451 0.05882353]  [0.16078432 0.08627451 0.05882353]  [0.16078432 0.08627451 0.05882353]]]",3.3086351036909036,14664,/home/amos/media/tv/Carnivale S01-S02 web 10bit hevc-d3g/Carnivale S02/Carnivale.S02E10.1080p.WEBRip.10Bit.EAC3.H265-d3g.mkv205,1080,1920,1,105,148,604,105,21457,0.01,"[[[0.12156863 0.07058824 0.05490196]  [0.1254902  0.07450981 0.05882353]  [0.13333334 0.08235294 0.06666667]  ...  [0.09411765 0.03921569 0.03137255]  [0.09019608 0.03529412 0.02745098]  [0.08627451 0.03529412 0.02745098]] [[0.12156863 0.07058824 0.05490196]  [0.1254902  0.07450981 0.05882353]  [0.13333334 0.08235294 0.06666667]  ...  [0.09411765 0.03529412 0.03137255]  [0.09019608 0.03529412 0.02745098]  [0.08627451 0.03529412 0.02745098]] [[0.12156863 0.07058824 0.05490196]  [0.1254902  0.07450981 0.05882353]  [0.13333334 0.08235294 0.06666667]  ...  [0.09019608 0.03529412 0.03137255]  [0.08627451 0.03529412 0.02745098]  [0.08627451 0.03137255 0.02745098]] ... [[0.05098039 0.01960784 0.02352941]  [0.05098039 0.01960784 0.02352941]  [0.05098039 0.01960784 0.02352941]  ...  [0.19607843 0.10588235 0.08627451]  [0.19607843 0.10588235 0.08235294]  [0.19215687 0.10196079 0.08235294]] [[0.05098039 0.01960784 0.02352941]  [0.05098039 0.01960784 0.02352941]  [0.05098039 0.01960784 0.02352941]  ...  [0.19607843 0.10588235 0.08627451]  [0.19607843 0.10588235 0.08627451]  [0.19607843 0.10980392 0.08627451]] [[0.05098039 0.01960784 0.02352941]  [0.05098039 0.01960784 0.02352941]  [0.05098039 0.01960784 0.02352941]  ...  [0.19607843 0.10588235 0.08627451]  [0.2        0.10980392 0.09019608]  [0.2        0.10980392 0.09019608]]]",5.020416974904947,14664,/home/amos/media/tv/Carnivale S01-S02 web 10bit hevc-d3g/Carnivale S02/Carnivale.S02E10.1080p.WEBRip.10Bit.EAC3.H265-d3g.mkv206,1080,1920,0,111,145,605,111,16796,0.008,"[[[0.09411765 0.05882353 0.04705882]  [0.09803922 0.05882353 0.04705882]  [0.10196079 0.0627451  0.05098039]  ...  [0.08627451 0.03137255 0.03137255]  [0.08627451 0.03137255 0.03137255]  [0.         0.         0.        ]] [[0.09411765 0.05882353 0.04705882]  [0.09803922 0.05882353 0.04705882]  [0.10196079 0.0627451  0.05098039]  ...  [0.08627451 0.03137255 0.03137255]  [0.08627451 0.03137255 0.03137255]  [0.         0.         0.        ]] [[0.09411765 0.05882353 0.04705882]  [0.09803922 0.05882353 0.04705882]  [0.10196079 0.0627451  0.05098039]  ...  [0.08235294 0.02745098 0.02745098]  [0.08235294 0.02745098 0.02745098]  [0.         0.         0.        ]] ... [[0.04313726 0.02352941 0.01960784]  [0.04313726 0.02352941 0.01960784]  [0.04313726 0.02352941 0.01960784]  ...  [0.14117648 0.07843138 0.05882353]  [0.14117648 0.07843138 0.05882353]  [0.         0.         0.        ]] [[0.04313726 0.02352941 0.01960784]  [0.04313726 0.02352941 0.01960784]  [0.04313726 0.02352941 0.01960784]  ...  [0.14117648 0.07843138 0.05882353]  [0.14117648 0.07843138 0.05882353]  [0.         0.         0.        ]] [[0.         0.         0.        ]  [0.         0.         0.        ]  [0.         0.         0.        ]  ...  [0.         0.         0.        ]  [0.         0.         0.        ]  [0.         0.         0.        ]]]",3.549082008365076,14688,/home/amos/media/tv/Carnivale S01-S02 web 10bit hevc-d3g/Carnivale S02/Carnivale.S02E10.1080p.WEBRip.10Bit.EAC3.H265-d3g.mkv207,1080,1920,0,67,894,1302,67,1021345,0.493,"[[[0.10196079 0.07450981 0.05882353]  [0.10196079 0.07450981 0.05882353]  [0.10588235 0.07843138 0.0627451 ]  ...  [0.11372549 0.0627451  0.04313726]  [0.10588235 0.05882353 0.03921569]  [0.10588235 0.05882353 0.03921569]] [[0.10196079 0.07450981 0.05882353]  [0.10196079 0.07450981 0.05882353]  [0.10588235 0.07843138 0.0627451 ]  ...  [0.11372549 0.0627451  0.04313726]  [0.10588235 0.05882353 0.03921569]  [0.10588235 0.05882353 0.03921569]] [[0.10196079 0.07450981 0.05882353]  [0.10196079 0.07450981 0.05882353]  [0.10196079 0.07843138 0.0627451 ]  ...  [0.11372549 0.06666667 0.04313726]  [0.10588235 0.05882353 0.03921569]  [0.10588235 0.05882353 0.03921569]] ... [[0.00784314 0.         0.        ]  [0.00784314 0.         0.        ]  [0.00784314 0.         0.        ]  ...  [0.2509804  0.18431373 0.15294118]  [0.2509804  0.18431373 0.15294118]  [0.2509804  0.18431373 0.15294118]] [[0.00784314 0.         0.        ]  [0.00784314 0.         0.        ]  [0.00784314 0.         0.        ]  ...  [0.2509804  0.18039216 0.15294118]  [0.2509804  0.18431373 0.15294118]  [0.2509804  0.18431373 0.15294118]] [[0.00784314 0.         0.        ]  [0.00784314 0.         0.        ]  [0.00784314 0.         0.        ]  ...  [0.2509804  0.18039216 0.15294118]  [0.2509804  0.18431373 0.15294118]  [0.2509804  0.18431373 0.15294118]]]",1.0919630915741436,14712,/home/amos/media/tv/Carnivale S01-S02 web 10bit hevc-d3g/Carnivale S02/Carnivale.S02E10.1080p.WEBRip.10Bit.EAC3.H265-d3g.mkv208,1080,1920,1,75,939,1313,75,1069632,0.516,"[[[0.0627451  0.03529412 0.02352941]  [0.0627451  0.03529412 0.02352941]  [0.06666667 0.03921569 0.02352941]  ...  [0.16078432 0.11764706 0.08235294]  [0.16078432 0.11764706 0.08627451]  [0.16078432 0.11764706 0.08627451]] [[0.0627451  0.03529412 0.02352941]  [0.0627451  0.03529412 0.02352941]  [0.06666667 0.03921569 0.02352941]  ...  [0.16078432 0.11764706 0.08627451]  [0.16078432 0.11764706 0.08627451]  [0.16078432 0.11764706 0.08627451]] [[0.05882353 0.03137255 0.01960784]  [0.05882353 0.03137255 0.01960784]  [0.0627451  0.03529412 0.02352941]  ...  [0.15686275 0.11372549 0.08235294]  [0.16078432 0.11764706 0.08627451]  [0.16078432 0.11764706 0.08627451]] ... [[0.         0.         0.        ]  [0.         0.         0.        ]  [0.         0.         0.        ]  ...  [0.12156863 0.06666667 0.04313726]  [0.12156863 0.06666667 0.04313726]  [0.12156863 0.06666667 0.04313726]] [[0.         0.         0.        ]  [0.         0.         0.        ]  [0.         0.         0.        ]  ...  [0.1254902  0.06666667 0.04313726]  [0.1254902  0.06666667 0.04313726]  [0.1254902  0.06666667 0.04313726]] [[0.         0.         0.        ]  [0.         0.         0.        ]  [0.         0.         0.        ]  ...  [0.1254902  0.06666667 0.04313726]  [0.1254902  0.06666667 0.04313726]  [0.1254902  0.06666667 0.04313726]]]",1.7126310443272814,14712,/home/amos/media/tv/Carnivale S01-S02 web 10bit hevc-d3g/Carnivale S02/Carnivale.S02E10.1080p.WEBRip.10Bit.EAC3.H265-d3g.mkv209,1080,1920,0,66,904,1287,66,1023198,0.493,"[[[0.09019608 0.05490196 0.03137255]  [0.09019608 0.05490196 0.03137255]  [0.09411765 0.05490196 0.03137255]  ...  [0.11372549 0.07450981 0.04705882]  [0.11372549 0.07450981 0.04705882]  [0.11372549 0.07450981 0.04705882]] [[0.09019608 0.05490196 0.03137255]  [0.09019608 0.05490196 0.03137255]  [0.09411765 0.05490196 0.03137255]  ...  [0.11372549 0.07450981 0.04705882]  [0.11372549 0.07450981 0.04705882]  [0.11372549 0.07450981 0.04705882]] [[0.08627451 0.05490196 0.03137255]  [0.08627451 0.05490196 0.03137255]  [0.09019608 0.05490196 0.03137255]  ...  [0.11372549 0.07450981 0.04705882]  [0.11372549 0.07450981 0.04705882]  [0.11372549 0.07450981 0.04705882]] ... [[0.         0.         0.        ]  [0.         0.         0.        ]  [0.         0.         0.        ]  ...  [0.13725491 0.08235294 0.05882353]  [0.12941177 0.07843138 0.05490196]  [0.12941177 0.07843138 0.05490196]] [[0.         0.         0.        ]  [0.         0.         0.        ]  [0.         0.         0.        ]  ...  [0.14117648 0.08627451 0.0627451 ]  [0.13333334 0.08235294 0.05882353]  [0.13333334 0.08235294 0.05882353]] [[0.         0.         0.        ]  [0.         0.         0.        ]  [0.         0.         0.        ]  ...  [0.14117648 0.08627451 0.06666667]  [0.13333334 0.08235294 0.05882353]  [0.13333334 0.08235294 0.05882353]]]",3.6849711185204796,14736,/home/amos/media/tv/Carnivale S01-S02 web 10bit hevc-d3g/Carnivale S02/Carnivale.S02E10.1080p.WEBRip.10Bit.EAC3.H265-d3g.mkv210,1080,1920,1,61,803,1444,61,1026186,0.495,"[[[0.05098039 0.00392157 0.        ]  [0.05098039 0.00392157 0.        ]  [0.05098039 0.00392157 0.        ]  ...  [0.18431373 0.10980392 0.08235294]  [0.18431373 0.11372549 0.08627451]  [0.18431373 0.11372549 0.08627451]] [[0.05098039 0.00392157 0.        ]  [0.05098039 0.00392157 0.        ]  [0.05098039 0.00392157 0.        ]  ...  [0.18431373 0.10980392 0.08235294]  [0.18431373 0.11372549 0.08627451]  [0.18431373 0.11372549 0.08627451]] [[0.04705882 0.00392157 0.        ]  [0.04705882 0.00392157 0.        ]  [0.04705882 0.00392157 0.        ]  ...  [0.1882353  0.11372549 0.08627451]  [0.1882353  0.11764706 0.09019608]  [0.1882353  0.11764706 0.09019608]] ... [[0.03921569 0.         0.        ]  [0.03921569 0.         0.        ]  [0.03921569 0.         0.        ]  ...  [0.10980392 0.05098039 0.03137255]  [0.10980392 0.05098039 0.03137255]  [0.10980392 0.05098039 0.03137255]] [[0.03921569 0.         0.        ]  [0.03921569 0.         0.        ]  [0.03921569 0.         0.        ]  ...  [0.10980392 0.05098039 0.03529412]  [0.10980392 0.05098039 0.03137255]  [0.10980392 0.05098039 0.03137255]] [[0.03921569 0.         0.        ]  [0.03921569 0.         0.        ]  [0.03921569 0.         0.        ]  ...  [0.10980392 0.05098039 0.03137255]  [0.10980392 0.05098039 0.03137255]  [0.10980392 0.05098039 0.03137255]]]",2.6684710175613873,14736,/home/amos/media/tv/Carnivale S01-S02 web 10bit hevc-d3g/Carnivale S02/Carnivale.S02E10.1080p.WEBRip.10Bit.EAC3.H265-d3g.mkv211,1080,1920,2,64,927,1293,64,1060627,0.511,"[[[0.03921569 0.00392157 0.        ]  [0.03921569 0.00392157 0.        ]  [0.04313726 0.00392157 0.        ]  ...  [0.12941177 0.09019608 0.0627451 ]  [0.12941177 0.09019608 0.0627451 ]  [0.12941177 0.09019608 0.0627451 ]] [[0.03921569 0.00392157 0.        ]  [0.03921569 0.00392157 0.        ]  [0.04313726 0.00392157 0.        ]  ...  [0.12941177 0.09019608 0.0627451 ]  [0.12941177 0.09019608 0.0627451 ]  [0.12941177 0.09019608 0.0627451 ]] [[0.03529412 0.00392157 0.        ]  [0.03529412 0.00392157 0.        ]  [0.03921569 0.00392157 0.        ]  ...  [0.12941177 0.09019608 0.0627451 ]  [0.12941177 0.09019608 0.0627451 ]  [0.12941177 0.09019608 0.0627451 ]] ... [[0.         0.         0.        ]  [0.         0.         0.        ]  [0.         0.         0.        ]  ...  [0.13333334 0.08235294 0.06666667]  [0.13333334 0.08627451 0.07058824]  [0.13333334 0.08627451 0.07058824]] [[0.         0.         0.        ]  [0.         0.         0.        ]  [0.         0.         0.        ]  ...  [0.13333334 0.08235294 0.06666667]  [0.13333334 0.08627451 0.07058824]  [0.13333334 0.08627451 0.07058824]] [[0.         0.         0.        ]  [0.         0.         0.        ]  [0.         0.         0.        ]  ...  [0.13333334 0.08235294 0.06666667]  [0.13333334 0.08627451 0.07058824]  [0.13333334 0.08627451 0.07058824]]]",3.2959301316877827,14736,/home/amos/media/tv/Carnivale S01-S02 web 10bit hevc-d3g/Carnivale S02/Carnivale.S02E10.1080p.WEBRip.10Bit.EAC3.H265-d3g.mkv212,1080,1920,0,124,483,977,124,306227,0.148,"[[[0.20392157 0.1254902  0.08235294]  [0.20392157 0.1254902  0.08235294]  [0.2        0.1254902  0.08235294]  ...  [0.12156863 0.04705882 0.03529412]  [0.09019608 0.02745098 0.01960784]  [0.07058824 0.01960784 0.00784314]] [[0.20392157 0.1254902  0.08235294]  [0.2        0.1254902  0.08235294]  [0.2        0.1254902  0.08235294]  ...  [0.12156863 0.04705882 0.03529412]  [0.09411765 0.03529412 0.01960784]  [0.07450981 0.02352941 0.01176471]] [[0.2        0.1254902  0.08235294]  [0.2        0.1254902  0.08235294]  [0.20392157 0.1254902  0.08235294]  ...  [0.1254902  0.05098039 0.03529412]  [0.09803922 0.03921569 0.02745098]  [0.08235294 0.03137255 0.01960784]] ... [[0.22745098 0.14509805 0.10980392]  [0.22745098 0.14509805 0.10980392]  [0.23137255 0.14901961 0.10980392]  ...  [0.01568628 0.         0.        ]  [0.01176471 0.         0.        ]  [0.01176471 0.         0.        ]] [[0.23137255 0.14901961 0.11372549]  [0.23137255 0.14901961 0.11372549]  [0.23137255 0.15294118 0.11372549]  ...  [0.01568628 0.         0.        ]  [0.01176471 0.         0.        ]  [0.01176471 0.         0.        ]] [[0.23529412 0.15294118 0.11764706]  [0.23529412 0.15294118 0.11764706]  [0.23529412 0.15294118 0.11764706]  ...  [0.01568628 0.         0.        ]  [0.01176471 0.         0.        ]  [0.01176471 0.         0.        ]]]",3.4186820601462387,14760,/home/amos/media/tv/Carnivale S01-S02 web 10bit hevc-d3g/Carnivale S02/Carnivale.S02E10.1080p.WEBRip.10Bit.EAC3.H265-d3g.mkv213,1080,1920,1,60,797,1435,60,1013375,0.489,"[[[0.04313726 0.00392157 0.        ]  [0.04313726 0.00392157 0.        ]  [0.04313726 0.00392157 0.        ]  ...  [0.1882353  0.11764706 0.09411765]  [0.1882353  0.11764706 0.09411765]  [0.1882353  0.11764706 0.09411765]] [[0.04313726 0.00392157 0.        ]  [0.04313726 0.00392157 0.        ]  [0.04313726 0.00392157 0.        ]  ...  [0.1882353  0.11764706 0.09411765]  [0.1882353  0.11764706 0.09411765]  [0.1882353  0.11764706 0.09411765]] [[0.04313726 0.00392157 0.        ]  [0.04313726 0.00392157 0.        ]  [0.04313726 0.00392157 0.        ]  ...  [0.1882353  0.11764706 0.09411765]  [0.1882353  0.11372549 0.09019608]  [0.1882353  0.11372549 0.09019608]] ... [[0.03529412 0.         0.        ]  [0.03529412 0.         0.        ]  [0.03529412 0.         0.        ]  ...  [0.11372549 0.05490196 0.03137255]  [0.10980392 0.05098039 0.03137255]  [0.10980392 0.05098039 0.03137255]] [[0.03529412 0.         0.        ]  [0.03529412 0.         0.        ]  [0.03529412 0.         0.        ]  ...  [0.10980392 0.05098039 0.03137255]  [0.10980392 0.05098039 0.03137255]  [0.10980392 0.05098039 0.03137255]] [[0.03529412 0.         0.        ]  [0.03529412 0.         0.        ]  [0.03529412 0.         0.        ]  ...  [0.10980392 0.05098039 0.03137255]  [0.10980392 0.05098039 0.03137255]  [0.10980392 0.05098039 0.03137255]]]",3.257266021973919,14760,/home/amos/media/tv/Carnivale S01-S02 web 10bit hevc-d3g/Carnivale S02/Carnivale.S02E10.1080p.WEBRip.10Bit.EAC3.H265-d3g.mkv214,1080,1920,2,61,920,1289,61,1054852,0.509,"[[[0.02745098 0.01176471 0.00392157]  [0.02745098 0.01176471 0.00392157]  [0.02745098 0.01176471 0.00392157]  ...  [0.12941177 0.08235294 0.05882353]  [0.12941177 0.08235294 0.05882353]  [0.12941177 0.08235294 0.05882353]] [[0.02745098 0.01176471 0.00392157]  [0.02745098 0.01176471 0.00392157]  [0.02745098 0.01176471 0.00392157]  ...  [0.12941177 0.08235294 0.05882353]  [0.12941177 0.08235294 0.05882353]  [0.12941177 0.08235294 0.05882353]] [[0.02745098 0.01176471 0.00392157]  [0.02745098 0.01176471 0.00392157]  [0.02745098 0.01176471 0.00392157]  ...  [0.12941177 0.08235294 0.05882353]  [0.12941177 0.08235294 0.05882353]  [0.12941177 0.08235294 0.05882353]] ... [[0.         0.         0.        ]  [0.         0.         0.        ]  [0.         0.         0.        ]  ...  [0.14117648 0.08235294 0.0627451 ]  [0.14117648 0.08235294 0.0627451 ]  [0.14117648 0.08235294 0.0627451 ]] [[0.         0.         0.        ]  [0.         0.         0.        ]  [0.         0.         0.        ]  ...  [0.14117648 0.08235294 0.0627451 ]  [0.14117648 0.08235294 0.0627451 ]  [0.14117648 0.08235294 0.0627451 ]] [[0.         0.         0.        ]  [0.         0.         0.        ]  [0.         0.         0.        ]  ...  [0.14117648 0.08235294 0.0627451 ]  [0.14117648 0.08235294 0.0627451 ]  [0.14117648 0.08235294 0.0627451 ]]]",3.450300136988517,14760,/home/amos/media/tv/Carnivale S01-S02 web 10bit hevc-d3g/Carnivale S02/Carnivale.S02E10.1080p.WEBRip.10Bit.EAC3.H265-d3g.mkv215,1080,1920,3,65,895,1283,65,1010940,0.488,"[[[0.09019608 0.05098039 0.03137255]  [0.09019608 0.05098039 0.03137255]  [0.09803922 0.05882353 0.03529412]  ...  [0.10588235 0.05882353 0.03921569]  [0.10588235 0.05882353 0.03921569]  [0.10588235 0.05882353 0.03921569]] [[0.09019608 0.05098039 0.03137255]  [0.09019608 0.05098039 0.03137255]  [0.09803922 0.05882353 0.03529412]  ...  [0.10588235 0.05882353 0.03921569]  [0.10588235 0.05882353 0.03921569]  [0.10588235 0.05882353 0.03921569]] [[0.09019608 0.05490196 0.03137255]  [0.09019608 0.05490196 0.03137255]  [0.09803922 0.05882353 0.03921569]  ...  [0.10980392 0.0627451  0.04313726]  [0.10980392 0.0627451  0.04313726]  [0.10980392 0.0627451  0.04313726]] ... [[0.         0.         0.        ]  [0.         0.         0.        ]  [0.         0.         0.        ]  ...  [0.10980392 0.0627451  0.03137255]  [0.10980392 0.0627451  0.03137255]  [0.10980392 0.0627451  0.03137255]] [[0.         0.         0.        ]  [0.         0.         0.        ]  [0.         0.         0.        ]  ...  [0.10980392 0.0627451  0.03137255]  [0.10980392 0.0627451  0.03137255]  [0.10980392 0.0627451  0.03137255]] [[0.         0.         0.        ]  [0.         0.         0.        ]  [0.         0.         0.        ]  ...  [0.10980392 0.0627451  0.03137255]  [0.10980392 0.0627451  0.03137255]  [0.10980392 0.0627451  0.03137255]]]",4.119285055145156,14760,/home/amos/media/tv/Carnivale S01-S02 web 10bit hevc-d3g/Carnivale S02/Carnivale.S02E10.1080p.WEBRip.10Bit.EAC3.H265-d3g.mkv216,1080,1920,0,62,900,1278,62,1019008,0.491,"[[[0.1254902  0.08627451 0.07058824]  [0.1254902  0.08627451 0.07058824]  [0.1254902  0.08627451 0.07058824]  ...  [0.12941177 0.08235294 0.06666667]  [0.12941177 0.08235294 0.06666667]  [0.12941177 0.08235294 0.06666667]] [[0.1254902  0.08627451 0.07058824]  [0.1254902  0.08627451 0.07058824]  [0.1254902  0.08627451 0.07058824]  ...  [0.12941177 0.08235294 0.06666667]  [0.12941177 0.08235294 0.06666667]  [0.12941177 0.08235294 0.06666667]] [[0.12156863 0.08627451 0.07058824]  [0.12156863 0.08627451 0.07058824]  [0.12156863 0.08235294 0.06666667]  ...  [0.12941177 0.08235294 0.06666667]  [0.12941177 0.08235294 0.06666667]  [0.12941177 0.08235294 0.06666667]] ... [[0.         0.         0.        ]  [0.         0.         0.        ]  [0.         0.         0.        ]  ...  [0.21176471 0.13333334 0.10980392]  [0.20392157 0.1254902  0.10196079]  [0.20392157 0.1254902  0.10196079]] [[0.         0.         0.        ]  [0.         0.         0.        ]  [0.         0.         0.        ]  ...  [0.21568628 0.13725491 0.11372549]  [0.20784314 0.12941177 0.10588235]  [0.20784314 0.12941177 0.10588235]] [[0.         0.         0.        ]  [0.         0.         0.        ]  [0.         0.         0.        ]  ...  [0.21568628 0.13725491 0.11372549]  [0.20784314 0.12941177 0.10588235]  [0.20784314 0.12941177 0.10588235]]]",2.433427144016605,14784,/home/amos/media/tv/Carnivale S01-S02 web 10bit hevc-d3g/Carnivale S02/Carnivale.S02E10.1080p.WEBRip.10Bit.EAC3.H265-d3g.mkv217,1080,1920,1,61,922,1284,61,1053003,0.508,"[[[0.04705882 0.02352941 0.00784314]  [0.04705882 0.02352941 0.00784314]  [0.04705882 0.02352941 0.00784314]  ...  [0.13725491 0.08627451 0.06666667]  [0.13725491 0.09019608 0.07058824]  [0.13725491 0.09019608 0.07058824]] [[0.04705882 0.02352941 0.00784314]  [0.04705882 0.02352941 0.00784314]  [0.04705882 0.02352941 0.00784314]  ...  [0.13725491 0.09019608 0.06666667]  [0.13725491 0.09019608 0.07058824]  [0.13725491 0.09019608 0.07058824]] [[0.04313726 0.01960784 0.00784314]  [0.04313726 0.01960784 0.00784314]  [0.04313726 0.01960784 0.00784314]  ...  [0.13333334 0.08627451 0.06666667]  [0.13333334 0.09019608 0.06666667]  [0.13333334 0.09019608 0.06666667]] ... [[0.         0.         0.        ]  [0.         0.         0.        ]  [0.         0.         0.        ]  ...  [0.12941177 0.08235294 0.05882353]  [0.12941177 0.08235294 0.05882353]  [0.12941177 0.08235294 0.05882353]] [[0.         0.         0.        ]  [0.         0.         0.        ]  [0.         0.         0.        ]  ...  [0.12941177 0.08235294 0.05882353]  [0.12941177 0.08235294 0.05882353]  [0.12941177 0.08235294 0.05882353]] [[0.         0.         0.        ]  [0.         0.         0.        ]  [0.         0.         0.        ]  ...  [0.12941177 0.08235294 0.05882353]  [0.12941177 0.08235294 0.05882353]  [0.12941177 0.08235294 0.05882353]]]",4.094958022178616,14784,/home/amos/media/tv/Carnivale S01-S02 web 10bit hevc-d3g/Carnivale S02/Carnivale.S02E10.1080p.WEBRip.10Bit.EAC3.H265-d3g.mkv218,1080,1920,0,62,915,1270,62,1030424,0.497,"[[[0.10980392 0.07058824 0.05490196]  [0.10980392 0.07058824 0.05490196]  [0.10980392 0.07058824 0.05490196]  ...  [0.11764706 0.07058824 0.05490196]  [0.11764706 0.07058824 0.05490196]  [0.11764706 0.07058824 0.05490196]] [[0.10980392 0.07058824 0.05490196]  [0.10980392 0.07058824 0.05490196]  [0.10980392 0.07058824 0.05490196]  ...  [0.11764706 0.07058824 0.05490196]  [0.11764706 0.07058824 0.05490196]  [0.11764706 0.07058824 0.05490196]] [[0.10980392 0.07058824 0.05490196]  [0.10980392 0.07058824 0.05490196]  [0.10980392 0.07058824 0.05490196]  ...  [0.11764706 0.07058824 0.05490196]  [0.11764706 0.07058824 0.05490196]  [0.11764706 0.07058824 0.05490196]] ... [[0.         0.         0.        ]  [0.         0.         0.        ]  [0.         0.         0.        ]  ...  [0.1882353  0.11764706 0.10196079]  [0.18039216 0.10980392 0.09411765]  [0.18039216 0.10980392 0.09411765]] [[0.         0.         0.        ]  [0.         0.         0.        ]  [0.         0.         0.        ]  ...  [0.1882353  0.11764706 0.10196079]  [0.18039216 0.10980392 0.09411765]  [0.18039216 0.10980392 0.09411765]] [[0.         0.         0.        ]  [0.         0.         0.        ]  [0.         0.         0.        ]  ...  [0.1882353  0.11764706 0.10196079]  [0.18039216 0.10980392 0.09411765]  [0.18039216 0.10980392 0.09411765]]]",3.984929063008167,14808,/home/amos/media/tv/Carnivale S01-S02 web 10bit hevc-d3g/Carnivale S02/Carnivale.S02E10.1080p.WEBRip.10Bit.EAC3.H265-d3g.mkv219,1080,1920,1,61,938,1276,61,1065555,0.514,"[[[0.03529412 0.01176471 0.        ]  [0.03529412 0.01176471 0.        ]  [0.03529412 0.01176471 0.        ]  ...  [0.11372549 0.06666667 0.05098039]  [0.11372549 0.06666667 0.05098039]  [0.11372549 0.06666667 0.05098039]] [[0.03529412 0.01176471 0.        ]  [0.03529412 0.01176471 0.        ]  [0.03529412 0.01176471 0.        ]  ...  [0.11372549 0.06666667 0.05098039]  [0.11372549 0.06666667 0.05098039]  [0.11372549 0.06666667 0.05098039]] [[0.03529412 0.00784314 0.        ]  [0.03529412 0.00784314 0.        ]  [0.03529412 0.01176471 0.        ]  ...  [0.11372549 0.06666667 0.05098039]  [0.11372549 0.06666667 0.05098039]  [0.11372549 0.06666667 0.05098039]] ... [[0.         0.         0.        ]  [0.         0.         0.        ]  [0.         0.         0.        ]  ...  [0.11372549 0.0627451  0.03921569]  [0.11372549 0.0627451  0.03921569]  [0.11372549 0.0627451  0.03921569]] [[0.         0.         0.        ]  [0.         0.         0.        ]  [0.         0.         0.        ]  ...  [0.11372549 0.0627451  0.03921569]  [0.11372549 0.0627451  0.03921569]  [0.11372549 0.0627451  0.03921569]] [[0.         0.         0.        ]  [0.         0.         0.        ]  [0.         0.         0.        ]  ...  [0.11372549 0.0627451  0.03921569]  [0.11372549 0.0627451  0.03921569]  [0.11372549 0.0627451  0.03921569]]]",1.4558310959255323,14808,/home/amos/media/tv/Carnivale S01-S02 web 10bit hevc-d3g/Carnivale S02/Carnivale.S02E10.1080p.WEBRip.10Bit.EAC3.H265-d3g.mkv220,1080,1920,0,259,146,698,259,49607,0.024,"[[[0.06666667 0.05098039 0.03137255]  [0.06666667 0.05098039 0.03137255]  [0.06666667 0.05098039 0.03137255]  ...  [0.22352941 0.1764706  0.14117648]  [0.22745098 0.18039216 0.14117648]  [0.22745098 0.18039216 0.14117648]] [[0.06666667 0.05098039 0.03137255]  [0.06666667 0.05098039 0.03137255]  [0.06666667 0.05098039 0.03137255]  ...  [0.23137255 0.18431373 0.14509805]  [0.24313726 0.19607843 0.15686275]  [0.25490198 0.20784314 0.16862746]] [[0.06666667 0.05098039 0.03137255]  [0.06666667 0.05098039 0.03137255]  [0.06666667 0.05098039 0.03137255]  ...  [0.21960784 0.17254902 0.13333334]  [0.23529412 0.1882353  0.14901961]  [0.2509804  0.20392157 0.16470589]] ... [[0.         0.         0.        ]  [0.         0.         0.        ]  [0.         0.         0.        ]  ...  [0.09019608 0.03529412 0.03137255]  [0.07450981 0.02352941 0.01960784]  [0.05882353 0.01568628 0.01960784]] [[0.         0.         0.        ]  [0.         0.         0.        ]  [0.         0.         0.        ]  ...  [0.08235294 0.03137255 0.03137255]  [0.07058824 0.01960784 0.01960784]  [0.05098039 0.00784314 0.01568628]] [[0.         0.         0.        ]  [0.         0.         0.        ]  [0.         0.         0.        ]  ...  [0.07450981 0.02352941 0.02745098]  [0.05882353 0.00784314 0.01568628]  [0.03921569 0.00784314 0.01176471]]]",2.6897231397451833,14832,/home/amos/media/tv/Carnivale S01-S02 web 10bit hevc-d3g/Carnivale S02/Carnivale.S02E10.1080p.WEBRip.10Bit.EAC3.H265-d3g.mkv221,1080,1920,0,91,204,1329,91,139894,0.067,"[[[0.03529412 0.01960784 0.01176471]  [0.03529412 0.01960784 0.01176471]  [0.03529412 0.01960784 0.01176471]  ...  [0.03137255 0.01176471 0.00392157]  [0.03529412 0.01568628 0.00784314]  [0.03529412 0.01568628 0.00784314]] [[0.03529412 0.01960784 0.01176471]  [0.03529412 0.01960784 0.01176471]  [0.03529412 0.01960784 0.01176471]  ...  [0.03137255 0.01176471 0.00392157]  [0.03529412 0.01568628 0.00784314]  [0.03529412 0.01568628 0.00784314]] [[0.03529412 0.01960784 0.01176471]  [0.03529412 0.01960784 0.01176471]  [0.03529412 0.01960784 0.01176471]  ...  [0.03529412 0.01176471 0.00784314]  [0.03529412 0.01176471 0.00784314]  [0.03529412 0.01176471 0.00784314]] ... [[0.05882353 0.04705882 0.02745098]  [0.05882353 0.04705882 0.02745098]  [0.05882353 0.04705882 0.02745098]  ...  [0.04313726 0.01176471 0.00784314]  [0.04313726 0.01176471 0.00784314]  [0.04313726 0.01176471 0.00784314]] [[0.0627451  0.04705882 0.02745098]  [0.0627451  0.04705882 0.02745098]  [0.0627451  0.04705882 0.02745098]  ...  [0.04313726 0.01176471 0.00784314]  [0.04313726 0.01176471 0.00784314]  [0.04313726 0.01176471 0.00784314]] [[0.0627451  0.04705882 0.02745098]  [0.0627451  0.04705882 0.02745098]  [0.0627451  0.04705882 0.02745098]  ...  [0.04313726 0.01176471 0.00784314]  [0.04313726 0.01176471 0.00784314]  [0.04313726 0.01176471 0.00784314]]]",7.7795210154145025,14928,/home/amos/media/tv/Carnivale S01-S02 web 10bit hevc-d3g/Carnivale S02/Carnivale.S02E10.1080p.WEBRip.10Bit.EAC3.H265-d3g.mkv222,1080,1920,0,301,131,515,301,36380,0.018,"[[[0.01176471 0.00784314 0.        ]  [0.01176471 0.00784314 0.        ]  [0.00784314 0.00392157 0.        ]  ...  [0.06666667 0.03137255 0.01176471]  [0.12156863 0.08235294 0.05882353]  [0.14509805 0.09803922 0.07843138]] [[0.01176471 0.00784314 0.        ]  [0.01176471 0.00784314 0.        ]  [0.00784314 0.00392157 0.        ]  ...  [0.06666667 0.02745098 0.00784314]  [0.12156863 0.08235294 0.05882353]  [0.14901961 0.10588235 0.07843138]] [[0.00784314 0.00392157 0.        ]  [0.01176471 0.00784314 0.        ]  [0.00784314 0.00392157 0.        ]  ...  [0.06666667 0.03137255 0.01176471]  [0.13725491 0.09411765 0.07450981]  [0.16862746 0.12156863 0.09803922]] ... [[0.1254902  0.07058824 0.04313726]  [0.14117648 0.08235294 0.05490196]  [0.14901961 0.09019608 0.0627451 ]  ...  [0.13333334 0.08235294 0.07843138]  [0.10980392 0.0627451  0.0627451 ]  [0.08627451 0.04313726 0.04313726]] [[0.12941177 0.07058824 0.04705882]  [0.13333334 0.07843138 0.05098039]  [0.14509805 0.09019608 0.0627451 ]  ...  [0.2        0.14509805 0.13725491]  [0.19215687 0.14117648 0.13725491]  [0.18039216 0.13333334 0.12941177]] [[0.12941177 0.07058824 0.05098039]  [0.13725491 0.07843138 0.05882353]  [0.14117648 0.08235294 0.0627451 ]  ...  [0.18431373 0.12941177 0.11764706]  [0.19607843 0.13725491 0.13333334]  [0.19607843 0.14117648 0.13725491]]]",3.9841119533521123,15504,/home/amos/media/tv/Carnivale S01-S02 web 10bit hevc-d3g/Carnivale S02/Carnivale.S02E10.1080p.WEBRip.10Bit.EAC3.H265-d3g.mkv223,1080,1920,0,106,184,684,106,45084,0.022,"[[[0.         0.         0.        ]  [0.         0.         0.        ]  [0.         0.         0.        ]  ...  [0.00392157 0.         0.        ]  [0.00392157 0.         0.        ]  [0.00392157 0.         0.        ]] [[0.         0.         0.        ]  [0.         0.         0.        ]  [0.         0.         0.        ]  ...  [0.00392157 0.         0.        ]  [0.00392157 0.         0.        ]  [0.00392157 0.         0.        ]] [[0.         0.         0.        ]  [0.         0.         0.        ]  [0.         0.         0.        ]  ...  [0.00784314 0.00392157 0.        ]  [0.00784314 0.00392157 0.        ]  [0.00784314 0.00392157 0.        ]] ... [[0.13725491 0.09411765 0.05098039]  [0.13725491 0.09411765 0.04705882]  [0.12941177 0.08627451 0.04313726]  ...  [0.09411765 0.08627451 0.03529412]  [0.09411765 0.08627451 0.03529412]  [0.09411765 0.08627451 0.03529412]] [[0.14901961 0.10588235 0.05882353]  [0.14509805 0.10196079 0.05882353]  [0.14509805 0.10196079 0.05490196]  ...  [0.09803922 0.09019608 0.03921569]  [0.09803922 0.09019608 0.03921569]  [0.09803922 0.09019608 0.03921569]] [[0.15294118 0.10980392 0.0627451 ]  [0.15294118 0.10980392 0.0627451 ]  [0.14901961 0.10588235 0.05882353]  ...  [0.09803922 0.09019608 0.03921569]  [0.09803922 0.09019608 0.03921569]  [0.09803922 0.09019608 0.03921569]]]",10.453417030337732,15648,/home/amos/media/tv/Carnivale S01-S02 web 10bit hevc-d3g/Carnivale S02/Carnivale.S02E10.1080p.WEBRip.10Bit.EAC3.H265-d3g.mkv224,1080,1920,1,76,343,964,76,237096,0.114,"[[[0.16862746 0.11764706 0.10196079]  [0.16862746 0.11764706 0.10196079]  [0.16470589 0.10980392 0.09411765]  ...  [0.01176471 0.00392157 0.        ]  [0.01176471 0.00392157 0.        ]  [0.01176471 0.00392157 0.        ]] [[0.16862746 0.11764706 0.10196079]  [0.16862746 0.11764706 0.10196079]  [0.16078432 0.10980392 0.09411765]  ...  [0.01176471 0.00392157 0.        ]  [0.01176471 0.00392157 0.        ]  [0.01176471 0.00392157 0.        ]] [[0.16862746 0.11764706 0.10196079]  [0.16862746 0.11764706 0.10196079]  [0.16078432 0.10980392 0.09411765]  ...  [0.01176471 0.00392157 0.        ]  [0.01176471 0.00392157 0.        ]  [0.01176471 0.00392157 0.        ]] ... [[0.22352941 0.20392157 0.16078432]  [0.22352941 0.20392157 0.16470589]  [0.29411766 0.27450982 0.23137255]  ...  [0.08235294 0.03921569 0.01176471]  [0.07843138 0.03529412 0.00784314]  [0.07843138 0.03529412 0.00784314]] [[0.21176471 0.19215687 0.14901961]  [0.21176471 0.19215687 0.14901961]  [0.2784314  0.25882354 0.21568628]  ...  [0.07843138 0.03921569 0.01176471]  [0.07450981 0.03529412 0.00784314]  [0.07450981 0.03529412 0.00784314]] [[0.21176471 0.19215687 0.14901961]  [0.21176471 0.19215687 0.14901961]  [0.2784314  0.25490198 0.21568628]  ...  [0.07843138 0.03921569 0.01176471]  [0.07450981 0.03529412 0.00784314]  [0.07450981 0.03529412 0.00784314]]]",8.079671041516121,15648,/home/amos/media/tv/Carnivale S01-S02 web 10bit hevc-d3g/Carnivale S02/Carnivale.S02E10.1080p.WEBRip.10Bit.EAC3.H265-d3g.mkv225,1080,1920,0,159,46,1227,159,120684,0.058,"[[[0.04313726 0.01960784 0.        ]  [0.03921569 0.01568628 0.        ]  [0.03921569 0.01568628 0.        ]  ...  [0.34509805 0.3019608  0.26666668]  [0.34901962 0.30588236 0.27058825]  [0.         0.         0.        ]] [[0.03921569 0.01568628 0.        ]  [0.03921569 0.01568628 0.        ]  [0.03921569 0.01568628 0.        ]  ...  [0.3529412  0.30980393 0.27450982]  [0.35686275 0.3137255  0.27450982]  [0.         0.         0.        ]] [[0.03529412 0.01568628 0.        ]  [0.03921569 0.01568628 0.        ]  [0.04313726 0.01960784 0.        ]  ...  [0.36078432 0.31764707 0.28235295]  [0.3647059  0.32156864 0.28627452]  [0.         0.         0.        ]] ... [[0.02352941 0.01176471 0.        ]  [0.02745098 0.00784314 0.        ]  [0.03137255 0.00784314 0.        ]  ...  [0.02352941 0.01176471 0.        ]  [0.02352941 0.01176471 0.        ]  [0.         0.         0.        ]] [[0.02352941 0.01176471 0.        ]  [0.02745098 0.00784314 0.        ]  [0.03137255 0.00784314 0.        ]  ...  [0.02352941 0.01176471 0.        ]  [0.02745098 0.01568628 0.        ]  [0.         0.         0.        ]] [[0.         0.         0.        ]  [0.         0.         0.        ]  [0.         0.         0.        ]  ...  [0.         0.         0.        ]  [0.         0.         0.        ]  [0.         0.         0.        ]]]",6.856148178165313,16080,/home/amos/media/tv/Carnivale S01-S02 web 10bit hevc-d3g/Carnivale S02/Carnivale.S02E10.1080p.WEBRip.10Bit.EAC3.H265-d3g.mkv226,1080,1920,1,125,743,951,125,510468,0.246,"[[[0.15686275 0.11372549 0.10196079]  [0.15686275 0.11372549 0.10196079]  [0.16078432 0.11372549 0.10196079]  ...  [0.         0.         0.        ]  [0.         0.         0.        ]  [0.         0.         0.        ]] [[0.15686275 0.11372549 0.10196079]  [0.15686275 0.11372549 0.10196079]  [0.16078432 0.11372549 0.10196079]  ...  [0.         0.         0.        ]  [0.         0.         0.        ]  [0.         0.         0.        ]] [[0.15294118 0.11764706 0.10196079]  [0.15686275 0.11764706 0.10196079]  [0.16078432 0.11372549 0.10196079]  ...  [0.         0.         0.        ]  [0.         0.         0.        ]  [0.         0.         0.        ]] ... [[0.09411765 0.07058824 0.05098039]  [0.09411765 0.07058824 0.05098039]  [0.09803922 0.07450981 0.05490196]  ...  [0.00784314 0.         0.        ]  [0.00784314 0.         0.        ]  [0.00784314 0.         0.        ]] [[0.09411765 0.07058824 0.05098039]  [0.09411765 0.07058824 0.05098039]  [0.09803922 0.07450981 0.05490196]  ...  [0.00784314 0.         0.        ]  [0.00784314 0.         0.        ]  [0.00784314 0.         0.        ]] [[0.09411765 0.07058824 0.05098039]  [0.09411765 0.07058824 0.05098039]  [0.09803922 0.07450981 0.05490196]  ...  [0.01176471 0.         0.        ]  [0.01176471 0.         0.        ]  [0.01176471 0.         0.        ]]]",1.3928080493933521,16080,/home/amos/media/tv/Carnivale S01-S02 web 10bit hevc-d3g/Carnivale S02/Carnivale.S02E10.1080p.WEBRip.10Bit.EAC3.H265-d3g.mkv227,1080,1920,0,199,24,1124,199,161875,0.078,"[[[0.36078432 0.31764707 0.2784314 ]  [0.3647059  0.3254902  0.28627452]  [0.37254903 0.32941177 0.2901961 ]  ...  [0.32156864 0.2784314  0.24313726]  [0.31764707 0.27450982 0.23921569]  [0.31764707 0.27450982 0.23529412]] [[0.3647059  0.32156864 0.28235295]  [0.36862746 0.3254902  0.28627452]  [0.37254903 0.32941177 0.2901961 ]  ...  [0.3254902  0.28235295 0.24705882]  [0.32156864 0.2784314  0.24313726]  [0.32156864 0.2784314  0.23921569]] [[0.36862746 0.3254902  0.28627452]  [0.36862746 0.3254902  0.28627452]  [0.37254903 0.32941177 0.2901961 ]  ...  [0.33333334 0.2901961  0.25490198]  [0.32941177 0.28627452 0.2509804 ]  [0.3254902  0.28235295 0.24705882]] ... [[0.0627451  0.0627451  0.05098039]  [0.05098039 0.05490196 0.03921569]  [0.04313726 0.04705882 0.03137255]  ...  [0.05882353 0.01960784 0.01568628]  [0.05490196 0.01568628 0.01176471]  [0.04705882 0.00784314 0.00784314]] [[0.04313726 0.04705882 0.03137255]  [0.03529412 0.03921569 0.02745098]  [0.03137255 0.03529412 0.01960784]  ...  [0.05882353 0.01960784 0.01568628]  [0.05490196 0.01568628 0.01176471]  [0.05098039 0.01176471 0.00784314]] [[0.02745098 0.03137255 0.01960784]  [0.01960784 0.02352941 0.01176471]  [0.01568628 0.01960784 0.00784314]  ...  [0.0627451  0.02352941 0.01960784]  [0.05882353 0.01960784 0.01568628]  [0.05882353 0.01960784 0.01568628]]]",1.7000221430207603,16128,/home/amos/media/tv/Carnivale S01-S02 web 10bit hevc-d3g/Carnivale S02/Carnivale.S02E10.1080p.WEBRip.10Bit.EAC3.H265-d3g.mkv228,1080,1920,0,154,748,936,154,464508,0.224,"[[[0.05882353 0.04313726 0.01960784]  [0.05490196 0.03921569 0.01568628]  [0.05490196 0.03921569 0.01568628]  ...  [0.02745098 0.01568628 0.00392157]  [0.03921569 0.02352941 0.01176471]  [0.04705882 0.03137255 0.01960784]] [[0.05882353 0.04313726 0.01960784]  [0.05490196 0.03921569 0.01568628]  [0.05490196 0.03921569 0.01568628]  ...  [0.02352941 0.01176471 0.        ]  [0.03529412 0.01960784 0.00784314]  [0.04313726 0.02745098 0.01568628]] [[0.05882353 0.04313726 0.01960784]  [0.05882353 0.03921569 0.01568628]  [0.05490196 0.03921569 0.01568628]  ...  [0.01960784 0.00784314 0.        ]  [0.02745098 0.01568628 0.00392157]  [0.03529412 0.02352941 0.00784314]] ... [[0.11764706 0.09019608 0.06666667]  [0.11764706 0.09019608 0.06666667]  [0.11764706 0.09019608 0.06666667]  ...  [0.12941177 0.09411765 0.07450981]  [0.1254902  0.09019608 0.07058824]  [0.1254902  0.09019608 0.07058824]] [[0.11372549 0.09019608 0.06666667]  [0.11372549 0.09019608 0.06666667]  [0.11372549 0.08627451 0.06666667]  ...  [0.12941177 0.09019608 0.07058824]  [0.12941177 0.09019608 0.07058824]  [0.1254902  0.09019608 0.06666667]] [[0.11372549 0.09019608 0.06666667]  [0.10980392 0.08627451 0.0627451 ]  [0.10980392 0.08627451 0.0627451 ]  ...  [0.12941177 0.09019608 0.0627451 ]  [0.12941177 0.09019608 0.06666667]  [0.12941177 0.09019608 0.06666667]]]",10.399222058651503,16296,/home/amos/media/tv/Carnivale S01-S02 web 10bit hevc-d3g/Carnivale S02/Carnivale.S02E10.1080p.WEBRip.10Bit.EAC3.H265-d3g.mkv229,1080,1920,0,160,706,283,160,67158,0.032,"[[[0.05098039 0.03529412 0.01176471]  [0.05098039 0.03529412 0.01568628]  [0.05490196 0.03921569 0.01568628]  ...  [0.03529412 0.03529412 0.01176471]  [0.03529412 0.03529412 0.01176471]  [0.03529412 0.03529412 0.01176471]] [[0.05098039 0.03529412 0.01176471]  [0.05098039 0.03529412 0.01176471]  [0.05490196 0.03921569 0.01176471]  ...  [0.03529412 0.03529412 0.01176471]  [0.03529412 0.03529412 0.01176471]  [0.03529412 0.03529412 0.01176471]] [[0.05098039 0.03529412 0.01176471]  [0.05098039 0.03529412 0.01176471]  [0.05098039 0.03529412 0.01176471]  ...  [0.03529412 0.03529412 0.01176471]  [0.03529412 0.03529412 0.01176471]  [0.03529412 0.03921569 0.01176471]] ... [[0.02745098 0.01960784 0.        ]  [0.02352941 0.01960784 0.        ]  [0.02352941 0.01960784 0.        ]  ...  [0.15294118 0.12941177 0.10588235]  [0.15294118 0.12941177 0.10588235]  [0.15294118 0.12941177 0.10588235]] [[0.02352941 0.01960784 0.        ]  [0.02352941 0.01960784 0.        ]  [0.02352941 0.01960784 0.        ]  ...  [0.15686275 0.13333334 0.10980392]  [0.15686275 0.13333334 0.10588235]  [0.15686275 0.13333334 0.10588235]] [[0.02352941 0.01960784 0.        ]  [0.02352941 0.01960784 0.        ]  [0.02352941 0.01960784 0.        ]  ...  [0.16078432 0.13725491 0.10980392]  [0.16078432 0.13725491 0.10980392]  [0.16078432 0.13725491 0.10980392]]]",8.13117812591372,16320,/home/amos/media/tv/Carnivale S01-S02 web 10bit hevc-d3g/Carnivale S02/Carnivale.S02E10.1080p.WEBRip.10Bit.EAC3.H265-d3g.mkv230,1080,1920,1,168,723,982,168,451770,0.218,"[[[0.07058824 0.04705882 0.02352941]  [0.07450981 0.05098039 0.02745098]  [0.07843138 0.05490196 0.03137255]  ...  [0.01176471 0.00784314 0.        ]  [0.00392157 0.00392157 0.        ]  [0.00392157 0.         0.        ]] [[0.07058824 0.04705882 0.02352941]  [0.07450981 0.05098039 0.02745098]  [0.07843138 0.05490196 0.03137255]  ...  [0.01176471 0.00784314 0.        ]  [0.00784314 0.00392157 0.        ]  [0.00784314 0.00392157 0.        ]] [[0.07058824 0.04705882 0.02352941]  [0.07843138 0.05490196 0.03137255]  [0.08235294 0.05882353 0.03529412]  ...  [0.01176471 0.00784314 0.        ]  [0.00784314 0.00392157 0.        ]  [0.00784314 0.00392157 0.        ]] ... [[0.1254902  0.09019608 0.0627451 ]  [0.1254902  0.09019608 0.0627451 ]  [0.1254902  0.09019608 0.0627451 ]  ...  [0.01176471 0.         0.        ]  [0.01176471 0.         0.        ]  [0.01568628 0.         0.        ]] [[0.11764706 0.08235294 0.05490196]  [0.11764706 0.08235294 0.05490196]  [0.11764706 0.08235294 0.05490196]  ...  [0.01176471 0.         0.        ]  [0.01176471 0.         0.        ]  [0.01568628 0.         0.        ]] [[0.11372549 0.07843138 0.05098039]  [0.11372549 0.07843138 0.05098039]  [0.11372549 0.07843138 0.05098039]  ...  [0.01176471 0.         0.        ]  [0.01176471 0.         0.        ]  [0.01176471 0.         0.        ]]]",7.100541111896746,16320,/home/amos/media/tv/Carnivale S01-S02 web 10bit hevc-d3g/Carnivale S02/Carnivale.S02E10.1080p.WEBRip.10Bit.EAC3.H265-d3g.mkv231,1080,1920,0,137,696,368,137,129129,0.062,"[[[0.09411765 0.07843138 0.04313726]  [0.09019608 0.07843138 0.04313726]  [0.09019608 0.07450981 0.03921569]  ...  [0.38431373 0.2901961  0.21568628]  [0.36862746 0.28235295 0.2       ]  [0.35686275 0.2784314  0.1882353 ]] [[0.09411765 0.07843138 0.04313726]  [0.09411765 0.07843138 0.04313726]  [0.09411765 0.07843138 0.04313726]  ...  [0.38431373 0.2901961  0.21176471]  [0.36862746 0.28235295 0.19607843]  [0.35686275 0.2784314  0.18431373]] [[0.09803922 0.08235294 0.04705882]  [0.09803922 0.08235294 0.04705882]  [0.09803922 0.08235294 0.04705882]  ...  [0.38431373 0.2901961  0.20784314]  [0.36862746 0.28235295 0.19215687]  [0.35686275 0.2784314  0.18431373]] ... [[0.08627451 0.07450981 0.04705882]  [0.08627451 0.07450981 0.04705882]  [0.08627451 0.07450981 0.04705882]  ...  [0.05882353 0.03529412 0.01960784]  [0.05098039 0.03137255 0.01176471]  [0.04705882 0.03137255 0.00784314]] [[0.08235294 0.07450981 0.04313726]  [0.07843138 0.07450981 0.04313726]  [0.07843138 0.07058824 0.04313726]  ...  [0.05882353 0.03529412 0.01960784]  [0.05098039 0.03137255 0.01176471]  [0.04705882 0.02745098 0.00784314]] [[0.07843138 0.07450981 0.04313726]  [0.07843138 0.07058824 0.04313726]  [0.07450981 0.07058824 0.03921569]  ...  [0.05882353 0.03529412 0.01960784]  [0.05098039 0.03137255 0.01568628]  [0.04705882 0.02745098 0.01176471]]]",5.2486861680517904,16344,/home/amos/media/tv/Carnivale S01-S02 web 10bit hevc-d3g/Carnivale S02/Carnivale.S02E10.1080p.WEBRip.10Bit.EAC3.H265-d3g.mkv232,1080,1920,1,171,702,879,171,375948,0.181,"[[[0.07843138 0.0627451  0.04313726]  [0.07058824 0.05490196 0.03529412]  [0.0627451  0.04705882 0.02745098]  ...  [0.12941177 0.11372549 0.08235294]  [0.12941177 0.11372549 0.08235294]  [0.12941177 0.11372549 0.08235294]] [[0.07843138 0.0627451  0.04313726]  [0.06666667 0.05098039 0.03137255]  [0.05882353 0.04313726 0.02352941]  ...  [0.15294118 0.12941177 0.10196079]  [0.14901961 0.12941177 0.10196079]  [0.14901961 0.12941177 0.09803922]] [[0.07450981 0.05882353 0.03921569]  [0.06666667 0.05098039 0.03137255]  [0.05882353 0.04313726 0.02352941]  ...  [0.17254902 0.14901961 0.11764706]  [0.17254902 0.14901961 0.11764706]  [0.16862746 0.14509805 0.11764706]] ... [[0.09803922 0.07058824 0.04313726]  [0.08627451 0.06666667 0.03529412]  [0.08235294 0.06666667 0.03137255]  ...  [0.07843138 0.0627451  0.03529412]  [0.07843138 0.05882353 0.03529412]  [0.07843138 0.05882353 0.03529412]] [[0.09803922 0.07450981 0.04313726]  [0.08627451 0.07058824 0.03529412]  [0.08235294 0.06666667 0.03137255]  ...  [0.07058824 0.05490196 0.02745098]  [0.07450981 0.05490196 0.02745098]  [0.07450981 0.05490196 0.02745098]] [[0.09803922 0.07450981 0.04313726]  [0.09019608 0.07058824 0.03921569]  [0.08235294 0.06666667 0.03137255]  ...  [0.06666667 0.05098039 0.02745098]  [0.07058824 0.05490196 0.02745098]  [0.07058824 0.05490196 0.02745098]]]",7.067887134093326,16344,/home/amos/media/tv/Carnivale S01-S02 web 10bit hevc-d3g/Carnivale S02/Carnivale.S02E10.1080p.WEBRip.10Bit.EAC3.H265-d3g.mkv233,1080,1920,0,169,705,864,169,372520,0.18,"[[[0. 0. 0.]  [0. 0. 0.]  [0. 0. 0.]  ...  [0. 0. 0.]  [0. 0. 0.]  [0. 0. 0.]] [[0. 0. 0.]  [0. 0. 0.]  [0. 0. 0.]  ...  [0. 0. 0.]  [0. 0. 0.]  [0. 0. 0.]] [[0. 0. 0.]  [0. 0. 0.]  [0. 0. 0.]  ...  [0. 0. 0.]  [0. 0. 0.]  [0. 0. 0.]] ... [[0. 0. 0.]  [0. 0. 0.]  [0. 0. 0.]  ...  [0. 0. 0.]  [0. 0. 0.]  [0. 0. 0.]] [[0. 0. 0.]  [0. 0. 0.]  [0. 0. 0.]  ...  [0. 0. 0.]  [0. 0. 0.]  [0. 0. 0.]] [[0. 0. 0.]  [0. 0. 0.]  [0. 0. 0.]  ...  [0. 0. 0.]  [0. 0. 0.]  [0. 0. 0.]]]",6.739316010556649,16440,/home/amos/media/tv/Carnivale S01-S02 web 10bit hevc-d3g/Carnivale S02/Carnivale.S02E10.1080p.WEBRip.10Bit.EAC3.H265-d3g.mkv234,1080,1920,0,211,93,440,211,27022,0.013,"[[[0.         0.         0.        ]  [0.         0.         0.        ]  [0.         0.         0.        ]  ...  [0.11372549 0.08235294 0.05882353]  [0.09803922 0.06666667 0.04313726]  [0.10588235 0.07843138 0.05490196]] [[0.         0.         0.        ]  [0.         0.         0.        ]  [0.         0.         0.        ]  ...  [0.11372549 0.08235294 0.05882353]  [0.09411765 0.0627451  0.03921569]  [0.10196079 0.07450981 0.05098039]] [[0.         0.         0.        ]  [0.         0.         0.        ]  [0.         0.         0.        ]  ...  [0.10980392 0.07843138 0.05490196]  [0.09019608 0.05882353 0.03529412]  [0.09803922 0.07058824 0.04313726]] ... [[0.05882353 0.02352941 0.00784314]  [0.05882353 0.02352941 0.00784314]  [0.05882353 0.02352941 0.00392157]  ...  [0.20784314 0.17254902 0.15686275]  [0.13725491 0.10196079 0.08627451]  [0.09803922 0.08235294 0.05882353]] [[0.05882353 0.02352941 0.00784314]  [0.05882353 0.02352941 0.00784314]  [0.05882353 0.02352941 0.00784314]  ...  [0.20784314 0.17254902 0.15686275]  [0.13725491 0.10196079 0.08627451]  [0.09803922 0.08235294 0.05882353]] [[0.05882353 0.02352941 0.00392157]  [0.05882353 0.02352941 0.00392157]  [0.05882353 0.02352941 0.00392157]  ...  [0.20784314 0.17254902 0.15686275]  [0.13725491 0.10196079 0.08627451]  [0.09803922 0.07843138 0.05882353]]]",6.034893079777248,17160,/home/amos/media/tv/Carnivale S01-S02 web 10bit hevc-d3g/Carnivale S02/Carnivale.S02E10.1080p.WEBRip.10Bit.EAC3.H265-d3g.mkv235,1080,1920,0,247,476,1009,247,174498,0.084,"[[[0.01568628 0.00784314 0.00784314]  [0.01568628 0.00392157 0.00784314]  [0.01568628 0.00392157 0.00784314]  ...  [0.00392157 0.         0.00392157]  [0.00392157 0.         0.00392157]  [0.00392157 0.         0.00392157]] [[0.01176471 0.00392157 0.00392157]  [0.01176471 0.00392157 0.00392157]  [0.01568628 0.00784314 0.00784314]  ...  [0.00392157 0.         0.00392157]  [0.00392157 0.         0.00392157]  [0.00392157 0.         0.00392157]] [[0.01176471 0.00392157 0.00784314]  [0.01176471 0.00392157 0.00392157]  [0.01176471 0.00392157 0.00392157]  ...  [0.00392157 0.         0.00392157]  [0.00392157 0.         0.00392157]  [0.00392157 0.         0.00392157]] ... [[0.01568628 0.00784314 0.00392157]  [0.01960784 0.00784314 0.00784314]  [0.02352941 0.01176471 0.01176471]  ...  [0.00784314 0.         0.00784314]  [0.00784314 0.         0.00784314]  [0.00784314 0.         0.00784314]] [[0.01568628 0.00784314 0.00392157]  [0.01960784 0.01176471 0.00784314]  [0.02745098 0.01568628 0.01176471]  ...  [0.00784314 0.         0.00784314]  [0.00392157 0.         0.00392157]  [0.00392157 0.         0.00392157]] [[0.01568628 0.00784314 0.00392157]  [0.01568628 0.00784314 0.00392157]  [0.01960784 0.01176471 0.00784314]  ...  [0.00784314 0.         0.00784314]  [0.00392157 0.         0.00392157]  [0.00392157 0.         0.00392157]]]",3.47681508254027,17232,/home/amos/media/tv/Carnivale S01-S02 web 10bit hevc-d3g/Carnivale S02/Carnivale.S02E10.1080p.WEBRip.10Bit.EAC3.H265-d3g.mkv236,1080,1920,0,251,63,1080,251,155852,0.075,"[[[0.0627451  0.03529412 0.01176471]  [0.0627451  0.03529412 0.01176471]  [0.0627451  0.03529412 0.01176471]  ...  [0.2509804  0.1882353  0.16862746]  [0.2627451  0.2        0.18039216]  [0.27058825 0.21568628 0.19607843]] [[0.0627451  0.03529412 0.01960784]  [0.0627451  0.03529412 0.01960784]  [0.0627451  0.03529412 0.01960784]  ...  [0.24313726 0.19607843 0.16470589]  [0.25490198 0.20784314 0.1764706 ]  [0.25490198 0.20392157 0.18039216]] [[0.0627451  0.03529412 0.01568628]  [0.0627451  0.03529412 0.01568628]  [0.0627451  0.03529412 0.01960784]  ...  [0.23137255 0.1882353  0.15686275]  [0.23529412 0.19215687 0.16078432]  [0.22745098 0.18039216 0.15686275]] ... [[0.06666667 0.03137255 0.01176471]  [0.06666667 0.03137255 0.01176471]  [0.06666667 0.03137255 0.01176471]  ...  [0.05490196 0.01960784 0.00392157]  [0.05882353 0.02352941 0.00784314]  [0.05882353 0.02352941 0.01176471]] [[0.06666667 0.03137255 0.01176471]  [0.06666667 0.03137255 0.01176471]  [0.06666667 0.03137255 0.01176471]  ...  [0.05490196 0.01960784 0.00392157]  [0.05490196 0.01960784 0.00392157]  [0.05882353 0.02352941 0.01176471]] [[0.06666667 0.03137255 0.01176471]  [0.06666667 0.03137255 0.01176471]  [0.06666667 0.03137255 0.01176471]  ...  [0.05490196 0.01960784 0.00392157]  [0.05490196 0.01960784 0.00392157]  [0.05882353 0.02352941 0.01176471]]]",3.2276261341175996,17304,/home/amos/media/tv/Carnivale S01-S02 web 10bit hevc-d3g/Carnivale S02/Carnivale.S02E10.1080p.WEBRip.10Bit.EAC3.H265-d3g.mkv237,1080,1920,1,193,223,579,193,11580,0.006,"[[[0.05490196 0.01568628 0.01176471]  [0.05490196 0.01568628 0.01176471]  [0.05490196 0.01568628 0.01176471]  ...  [0.07843138 0.0627451  0.03529412]  [0.08627451 0.07058824 0.04313726]  [0.         0.         0.        ]] [[0.05490196 0.01568628 0.00784314]  [0.05490196 0.01568628 0.00784314]  [0.05490196 0.01568628 0.00784314]  ...  [0.07058824 0.05490196 0.03529412]  [0.07843138 0.0627451  0.04313726]  [0.         0.         0.        ]] [[0.05490196 0.01960784 0.00784314]  [0.05490196 0.01960784 0.00784314]  [0.05490196 0.01960784 0.00784314]  ...  [0.07058824 0.05490196 0.03529412]  [0.07450981 0.05882353 0.03921569]  [0.         0.         0.        ]] ... [[0.05098039 0.02352941 0.00784314]  [0.05098039 0.02352941 0.00784314]  [0.05098039 0.02352941 0.00784314]  ...  [0.13333334 0.10196079 0.0627451 ]  [0.14509805 0.11372549 0.07450981]  [0.         0.         0.        ]] [[0.05098039 0.02352941 0.00784314]  [0.05098039 0.02352941 0.00784314]  [0.05098039 0.02352941 0.00784314]  ...  [0.13333334 0.10196079 0.06666667]  [0.14901961 0.11764706 0.08235294]  [0.         0.         0.        ]] [[0.         0.         0.        ]  [0.         0.         0.        ]  [0.         0.         0.        ]  ...  [0.         0.         0.        ]  [0.         0.         0.        ]  [0.         0.         0.        ]]]",2.604667031613644,17304,/home/amos/media/tv/Carnivale S01-S02 web 10bit hevc-d3g/Carnivale S02/Carnivale.S02E10.1080p.WEBRip.10Bit.EAC3.H265-d3g.mkv238,1080,1920,0,258,49,1078,258,171380,0.083,"[[[0.0627451  0.03529412 0.01176471]  [0.0627451  0.03529412 0.01176471]  [0.0627451  0.03529412 0.01176471]  ...  [0.15686275 0.12156863 0.09803922]  [0.14509805 0.10980392 0.08627451]  [0.14117648 0.10588235 0.08235294]] [[0.0627451  0.03529412 0.01176471]  [0.0627451  0.03529412 0.01176471]  [0.0627451  0.03529412 0.01176471]  ...  [0.16862746 0.13333334 0.10980392]  [0.15686275 0.12156863 0.09411765]  [0.15686275 0.12156863 0.09411765]] [[0.06666667 0.03921569 0.01568628]  [0.0627451  0.03529412 0.01176471]  [0.0627451  0.03529412 0.01176471]  ...  [0.18431373 0.14509805 0.11764706]  [0.1764706  0.13725491 0.10980392]  [0.1764706  0.13725491 0.10980392]] ... [[0.05882353 0.02745098 0.00784314]  [0.05882353 0.02745098 0.00784314]  [0.05882353 0.03137255 0.00784314]  ...  [0.0627451  0.02352941 0.00784314]  [0.0627451  0.02352941 0.00784314]  [0.0627451  0.02352941 0.00784314]] [[0.05882353 0.02745098 0.00784314]  [0.05882353 0.02745098 0.00784314]  [0.05882353 0.03137255 0.00784314]  ...  [0.0627451  0.02352941 0.00784314]  [0.0627451  0.02352941 0.00784314]  [0.0627451  0.02352941 0.00784314]] [[0.05882353 0.03137255 0.00784314]  [0.05882353 0.03137255 0.00784314]  [0.05882353 0.03137255 0.00784314]  ...  [0.0627451  0.02352941 0.00784314]  [0.0627451  0.02352941 0.00784314]  [0.0627451  0.02352941 0.00784314]]]",2.8578620827174746,17328,/home/amos/media/tv/Carnivale S01-S02 web 10bit hevc-d3g/Carnivale S02/Carnivale.S02E10.1080p.WEBRip.10Bit.EAC3.H265-d3g.mkv239,1080,1920,1,208,213,558,208,1750,0.001,"[[[0.04705882 0.01960784 0.00392157]  [0.04705882 0.01960784 0.00392157]  [0.04705882 0.01960784 0.00392157]  ...  [0.09019608 0.06666667 0.04705882]  [0.10196079 0.06666667 0.04705882]  [0.1254902  0.09019608 0.07058824]] [[0.04705882 0.01960784 0.00392157]  [0.04705882 0.01960784 0.00392157]  [0.05098039 0.02352941 0.00784314]  ...  [0.08627451 0.0627451  0.03921569]  [0.09411765 0.05882353 0.04313726]  [0.10980392 0.07450981 0.05882353]] [[0.04705882 0.01960784 0.00392157]  [0.05098039 0.02352941 0.00784314]  [0.05098039 0.02352941 0.00784314]  ...  [0.08627451 0.0627451  0.03921569]  [0.08235294 0.05490196 0.03529412]  [0.09411765 0.0627451  0.04705882]] ... [[0.         0.         0.        ]  [0.         0.         0.        ]  [0.         0.         0.        ]  ...  [0.16862746 0.12941177 0.10196079]  [0.1764706  0.14117648 0.11372549]  [0.18431373 0.14901961 0.12156863]] [[0.         0.         0.        ]  [0.         0.         0.        ]  [0.         0.         0.        ]  ...  [0.18039216 0.14117648 0.11372549]  [0.18431373 0.14901961 0.12156863]  [0.18431373 0.14901961 0.12156863]] [[0.         0.         0.        ]  [0.         0.         0.        ]  [0.         0.         0.        ]  ...  [0.1882353  0.14901961 0.12156863]  [0.18431373 0.14901961 0.12156863]  [0.18039216 0.14509805 0.11764706]]]",2.6449780910625122,17328,/home/amos/media/tv/Carnivale S01-S02 web 10bit hevc-d3g/Carnivale S02/Carnivale.S02E10.1080p.WEBRip.10Bit.EAC3.H265-d3g.mkv240,1080,1920,0,253,42,1094,253,177451,0.086,"[[[0.07058824 0.03529412 0.01568628]  [0.07058824 0.03529412 0.01568628]  [0.07058824 0.03529412 0.01176471]  ...  [0.21176471 0.16470589 0.12941177]  [0.21176471 0.16862746 0.12941177]  [0.22352941 0.18039216 0.14117648]] [[0.07058824 0.03529412 0.01568628]  [0.07058824 0.03529412 0.01568628]  [0.06666667 0.03137255 0.01176471]  ...  [0.21176471 0.16470589 0.12941177]  [0.21960784 0.17254902 0.13725491]  [0.23921569 0.19607843 0.15686275]] [[0.07058824 0.03529412 0.01568628]  [0.07058824 0.03529412 0.01568628]  [0.07058824 0.03529412 0.01568628]  ...  [0.20392157 0.16078432 0.1254902 ]  [0.21176471 0.16862746 0.13333334]  [0.23529412 0.1882353  0.15686275]] ... [[0.06666667 0.03137255 0.01176471]  [0.06666667 0.03137255 0.01176471]  [0.06666667 0.03137255 0.01176471]  ...  [0.0627451  0.02352941 0.00784314]  [0.0627451  0.02352941 0.00784314]  [0.0627451  0.02352941 0.00784314]] [[0.06666667 0.03137255 0.01176471]  [0.06666667 0.03137255 0.01176471]  [0.06666667 0.03137255 0.01176471]  ...  [0.0627451  0.02352941 0.00784314]  [0.0627451  0.02352941 0.00784314]  [0.0627451  0.02352941 0.00784314]] [[0.06666667 0.03137255 0.01176471]  [0.06666667 0.03137255 0.01176471]  [0.06666667 0.03137255 0.01176471]  ...  [0.0627451  0.02352941 0.00784314]  [0.0627451  0.02352941 0.00784314]  [0.0627451  0.02352941 0.00784314]]]",3.35968709847657,17352,/home/amos/media/tv/Carnivale S01-S02 web 10bit hevc-d3g/Carnivale S02/Carnivale.S02E10.1080p.WEBRip.10Bit.EAC3.H265-d3g.mkv241,1080,1920,1,199,225,553,199,9204,0.004,"[[[0.05490196 0.01960784 0.        ]  [0.05098039 0.01960784 0.00392157]  [0.05098039 0.01960784 0.00392157]  ...  [0.10980392 0.08235294 0.0627451 ]  [0.09411765 0.06666667 0.04705882]  [0.08235294 0.05490196 0.03529412]] [[0.05882353 0.02352941 0.00784314]  [0.05098039 0.01960784 0.00392157]  [0.05098039 0.01960784 0.00392157]  ...  [0.10588235 0.08235294 0.0627451 ]  [0.09411765 0.06666667 0.04705882]  [0.08235294 0.05490196 0.03529412]] [[0.05882353 0.02352941 0.00784314]  [0.05098039 0.01960784 0.00392157]  [0.05098039 0.01960784 0.00392157]  ...  [0.10196079 0.07843138 0.05882353]  [0.09411765 0.06666667 0.04705882]  [0.07843138 0.05490196 0.03529412]] ... [[0.         0.         0.        ]  [0.         0.         0.        ]  [0.         0.         0.        ]  ...  [0.16470589 0.13333334 0.10588235]  [0.17254902 0.14509805 0.11372549]  [0.17254902 0.14509805 0.11372549]] [[0.         0.         0.        ]  [0.         0.         0.        ]  [0.         0.         0.        ]  ...  [0.17254902 0.13725491 0.10980392]  [0.17254902 0.14117648 0.11372549]  [0.17254902 0.14117648 0.11372549]] [[0.         0.         0.        ]  [0.         0.         0.        ]  [0.         0.         0.        ]  ...  [0.17254902 0.14117648 0.11372549]  [0.17254902 0.14117648 0.11372549]  [0.17254902 0.14117648 0.11372549]]]",2.4966550864628516,17352,/home/amos/media/tv/Carnivale S01-S02 web 10bit hevc-d3g/Carnivale S02/Carnivale.S02E10.1080p.WEBRip.10Bit.EAC3.H265-d3g.mkv242,1080,1920,0,232,76,374,232,22152,0.011,"[[[0.00784314 0.00392157 0.        ]  [0.00784314 0.00392157 0.        ]  [0.00784314 0.00392157 0.        ]  ...  [0.20784314 0.17254902 0.15294118]  [0.18431373 0.14901961 0.13333334]  [0.16470589 0.12941177 0.11372549]] [[0.00784314 0.00392157 0.        ]  [0.00784314 0.00392157 0.        ]  [0.00392157 0.         0.        ]  ...  [0.20784314 0.17254902 0.15294118]  [0.18431373 0.14901961 0.13333334]  [0.16470589 0.12941177 0.11372549]] [[0.00392157 0.         0.        ]  [0.00392157 0.         0.        ]  [0.00392157 0.         0.        ]  ...  [0.20784314 0.17254902 0.15294118]  [0.18431373 0.14901961 0.13333334]  [0.16862746 0.13333334 0.11764706]] ... [[0.08627451 0.03921569 0.02352941]  [0.08627451 0.03921569 0.02352941]  [0.08627451 0.03921569 0.02352941]  ...  [0.2784314  0.24313726 0.21568628]  [0.24313726 0.21568628 0.1882353 ]  [0.21568628 0.1882353  0.16078432]] [[0.08627451 0.03921569 0.02352941]  [0.08627451 0.03921569 0.02352941]  [0.08627451 0.03921569 0.02352941]  ...  [0.28235295 0.24705882 0.21568628]  [0.24705882 0.21960784 0.19215687]  [0.21568628 0.1882353  0.16078432]] [[0.09019608 0.04313726 0.02745098]  [0.08627451 0.03921569 0.02352941]  [0.08627451 0.03921569 0.02352941]  ...  [0.2784314  0.24313726 0.21960784]  [0.24705882 0.21960784 0.19215687]  [0.21960784 0.19215687 0.16470589]]]",7.0349480448057875,17376,/home/amos/media/tv/Carnivale S01-S02 web 10bit hevc-d3g/Carnivale S02/Carnivale.S02E10.1080p.WEBRip.10Bit.EAC3.H265-d3g.mkv243,1080,1920,0,232,70,369,232,22194,0.011,"[[[0.00784314 0.00392157 0.        ]  [0.00784314 0.00392157 0.        ]  [0.00784314 0.00392157 0.        ]  ...  [0.3137255  0.26666668 0.23137255]  [0.3019608  0.25490198 0.21960784]  [0.29803923 0.2509804  0.21568628]] [[0.00784314 0.00392157 0.        ]  [0.00784314 0.00392157 0.        ]  [0.00784314 0.00392157 0.        ]  ...  [0.3019608  0.25490198 0.21960784]  [0.2901961  0.24313726 0.20784314]  [0.28627452 0.23921569 0.20392157]] [[0.00784314 0.00392157 0.        ]  [0.00784314 0.00392157 0.        ]  [0.00784314 0.00392157 0.        ]  ...  [0.28627452 0.23921569 0.20392157]  [0.2784314  0.23137255 0.19607843]  [0.27450982 0.23137255 0.19607843]] ... [[0.07058824 0.03529412 0.01960784]  [0.07058824 0.03529412 0.01960784]  [0.07058824 0.03529412 0.01960784]  ...  [0.40392157 0.3372549  0.3137255 ]  [0.3882353  0.32156864 0.29803923]  [0.38039216 0.3254902  0.2901961 ]] [[0.07450981 0.03921569 0.02352941]  [0.07450981 0.03921569 0.02352941]  [0.07058824 0.03529412 0.01960784]  ...  [0.41568628 0.34901962 0.32156864]  [0.39607844 0.32941177 0.3019608 ]  [0.3882353  0.33333334 0.29411766]] [[0.07450981 0.03921569 0.02352941]  [0.07450981 0.03921569 0.02352941]  [0.07450981 0.03921569 0.02352941]  ...  [0.41568628 0.34901962 0.32156864]  [0.4        0.33333334 0.30588236]  [0.39215687 0.33333334 0.29411766]]]",6.967669158591889,17400,/home/amos/media/tv/Carnivale S01-S02 web 10bit hevc-d3g/Carnivale S02/Carnivale.S02E10.1080p.WEBRip.10Bit.EAC3.H265-d3g.mkv244,1080,1920,0,224,69,370,224,22630,0.011,"[[[0.01568628 0.00784314 0.        ]  [0.01568628 0.00784314 0.        ]  [0.01568628 0.00784314 0.        ]  ...  [0.20784314 0.18431373 0.16078432]  [0.23529412 0.20392157 0.16862746]  [0.23921569 0.20784314 0.17254902]] [[0.01568628 0.00784314 0.        ]  [0.01568628 0.00784314 0.        ]  [0.00784314 0.00392157 0.        ]  ...  [0.18431373 0.16078432 0.14117648]  [0.21568628 0.18039216 0.15294118]  [0.21960784 0.18431373 0.15686275]] [[0.01176471 0.00392157 0.        ]  [0.01176471 0.00392157 0.        ]  [0.00784314 0.00392157 0.        ]  ...  [0.16470589 0.14901961 0.12941177]  [0.1882353  0.16078432 0.13333334]  [0.19215687 0.16470589 0.13725491]] ... [[0.0627451  0.02745098 0.01176471]  [0.0627451  0.02745098 0.01176471]  [0.0627451  0.02745098 0.01176471]  ...  [0.05490196 0.01960784 0.        ]  [0.03529412 0.01960784 0.        ]  [0.03137255 0.01568628 0.        ]] [[0.0627451  0.02745098 0.01176471]  [0.0627451  0.02745098 0.01176471]  [0.0627451  0.02745098 0.01176471]  ...  [0.05098039 0.02352941 0.        ]  [0.03137255 0.01568628 0.        ]  [0.03137255 0.01568628 0.        ]] [[0.0627451  0.02745098 0.00784314]  [0.0627451  0.02745098 0.00784314]  [0.0627451  0.02745098 0.01176471]  ...  [0.04705882 0.01960784 0.        ]  [0.03137255 0.01176471 0.        ]  [0.03137255 0.01176471 0.        ]]]",5.8414710372453555,17424,/home/amos/media/tv/Carnivale S01-S02 web 10bit hevc-d3g/Carnivale S02/Carnivale.S02E10.1080p.WEBRip.10Bit.EAC3.H265-d3g.mkv245,1080,1920,0,49,325,932,49,243708,0.118,"[[[0.05882353 0.02352941 0.01176471]  [0.05882353 0.02352941 0.01176471]  [0.05882353 0.02352941 0.01176471]  ...  [0.21568628 0.16470589 0.14117648]  [0.21568628 0.16470589 0.14117648]  [0.21568628 0.16470589 0.14117648]] [[0.05882353 0.02352941 0.01176471]  [0.05882353 0.02352941 0.01176471]  [0.05882353 0.02352941 0.01176471]  ...  [0.21568628 0.16470589 0.14117648]  [0.21568628 0.16470589 0.14117648]  [0.21568628 0.16470589 0.14117648]] [[0.05882353 0.02352941 0.01176471]  [0.05882353 0.02352941 0.01176471]  [0.05882353 0.02352941 0.01176471]  ...  [0.21568628 0.16470589 0.14117648]  [0.21568628 0.16470589 0.14117648]  [0.21568628 0.16470589 0.14117648]] ... [[0.07058824 0.02745098 0.01960784]  [0.07058824 0.02745098 0.01960784]  [0.07058824 0.02745098 0.01960784]  ...  [0.08627451 0.05490196 0.03921569]  [0.08627451 0.05490196 0.03921569]  [0.08627451 0.05490196 0.03921569]] [[0.07058824 0.02745098 0.01960784]  [0.07058824 0.02745098 0.01960784]  [0.07058824 0.02745098 0.01960784]  ...  [0.08627451 0.05490196 0.03921569]  [0.08627451 0.05490196 0.03921569]  [0.08627451 0.05490196 0.03921569]] [[0.07058824 0.02745098 0.01960784]  [0.07058824 0.02745098 0.01960784]  [0.07058824 0.02745098 0.01960784]  ...  [0.08627451 0.05490196 0.03921569]  [0.08627451 0.05490196 0.03921569]  [0.08627451 0.05490196 0.03921569]]]",7.8890721289790235,17448,/home/amos/media/tv/Carnivale S01-S02 web 10bit hevc-d3g/Carnivale S02/Carnivale.S02E10.1080p.WEBRip.10Bit.EAC3.H265-d3g.mkv246,1080,1920,0,51,275,1085,51,231616,0.112,"[[[0.1882353  0.15686275 0.14509805]  [0.1882353  0.15686275 0.14509805]  [0.19215687 0.15686275 0.14901961]  ...  [0.13725491 0.12941177 0.10588235]  [0.13725491 0.12941177 0.10588235]  [0.13725491 0.12941177 0.10588235]] [[0.1882353  0.15686275 0.14509805]  [0.1882353  0.15686275 0.14509805]  [0.19215687 0.15686275 0.14901961]  ...  [0.13725491 0.12941177 0.10588235]  [0.13725491 0.12941177 0.10588235]  [0.13725491 0.12941177 0.10588235]] [[0.18431373 0.15294118 0.14117648]  [0.18431373 0.15294118 0.14117648]  [0.1882353  0.15686275 0.14509805]  ...  [0.13333334 0.1254902  0.10196079]  [0.13333334 0.1254902  0.10196079]  [0.13333334 0.1254902  0.10196079]] ... [[0.00392157 0.         0.00392157]  [0.00392157 0.         0.00392157]  [0.00392157 0.         0.00392157]  ...  [0.00392157 0.         0.        ]  [0.00392157 0.         0.        ]  [0.00392157 0.         0.        ]] [[0.00392157 0.         0.00392157]  [0.00392157 0.         0.00392157]  [0.00392157 0.         0.00392157]  ...  [0.00392157 0.         0.        ]  [0.00392157 0.         0.        ]  [0.00392157 0.         0.        ]] [[0.00392157 0.         0.00392157]  [0.00392157 0.         0.00392157]  [0.00392157 0.         0.00392157]  ...  [0.00392157 0.         0.        ]  [0.00392157 0.         0.        ]  [0.00392157 0.         0.        ]]]",4.077213147771545,17520,/home/amos/media/tv/Carnivale S01-S02 web 10bit hevc-d3g/Carnivale S02/Carnivale.S02E10.1080p.WEBRip.10Bit.EAC3.H265-d3g.mkv247,1080,1920,0,58,239,1082,58,185344,0.089,"[[[0.05098039 0.03137255 0.02352941]  [0.05098039 0.03137255 0.02352941]  [0.05098039 0.03137255 0.02352941]  ...  [0.0627451  0.04705882 0.03921569]  [0.0627451  0.04705882 0.03921569]  [0.0627451  0.04705882 0.03921569]] [[0.05098039 0.03137255 0.02352941]  [0.05098039 0.03137255 0.02352941]  [0.05098039 0.03137255 0.02352941]  ...  [0.0627451  0.04705882 0.03921569]  [0.0627451  0.04705882 0.03921569]  [0.0627451  0.04705882 0.03921569]] [[0.05098039 0.03137255 0.02352941]  [0.05098039 0.03137255 0.02352941]  [0.05098039 0.03137255 0.02352941]  ...  [0.0627451  0.04313726 0.03529412]  [0.0627451  0.04313726 0.03921569]  [0.0627451  0.04313726 0.03921569]] ... [[0.03137255 0.01568628 0.01176471]  [0.03137255 0.01568628 0.01176471]  [0.03137255 0.01568628 0.01176471]  ...  [0.04313726 0.03137255 0.01960784]  [0.04313726 0.03137255 0.01960784]  [0.04313726 0.03137255 0.01960784]] [[0.03137255 0.01568628 0.01176471]  [0.03137255 0.01568628 0.01176471]  [0.03137255 0.01568628 0.01176471]  ...  [0.04313726 0.03137255 0.01960784]  [0.04313726 0.03137255 0.01960784]  [0.04313726 0.03137255 0.01960784]] [[0.03137255 0.01568628 0.01176471]  [0.03137255 0.01568628 0.01176471]  [0.03137255 0.01568628 0.01176471]  ...  [0.04313726 0.03137255 0.01960784]  [0.04313726 0.03137255 0.01960784]  [0.04313726 0.03137255 0.01960784]]]",8.140002076921519,17688,/home/amos/media/tv/Carnivale S01-S02 web 10bit hevc-d3g/Carnivale S02/Carnivale.S02E10.1080p.WEBRip.10Bit.EAC3.H265-d3g.mkv248,1080,1920,0,66,228,1124,66,171396,0.083,"[[[0.06666667 0.05098039 0.03921569]  [0.06666667 0.05098039 0.03921569]  [0.06666667 0.05098039 0.03921569]  ...  [0.03529412 0.02745098 0.01176471]  [0.03529412 0.02745098 0.01176471]  [0.03529412 0.02745098 0.01176471]] [[0.06666667 0.05098039 0.03921569]  [0.06666667 0.05098039 0.03921569]  [0.06666667 0.05098039 0.03921569]  ...  [0.03529412 0.02745098 0.01176471]  [0.03529412 0.02745098 0.01176471]  [0.03529412 0.02745098 0.01176471]] [[0.06666667 0.05098039 0.03921569]  [0.06666667 0.05098039 0.03921569]  [0.06666667 0.05098039 0.03921569]  ...  [0.03529412 0.02745098 0.01176471]  [0.03529412 0.02745098 0.01176471]  [0.03529412 0.02745098 0.01176471]] ... [[0.01960784 0.00392157 0.        ]  [0.01960784 0.00392157 0.        ]  [0.01960784 0.00392157 0.        ]  ...  [0.03137255 0.01960784 0.01176471]  [0.03137255 0.01960784 0.01176471]  [0.03137255 0.01960784 0.01176471]] [[0.01960784 0.00392157 0.        ]  [0.01960784 0.00392157 0.        ]  [0.01960784 0.00392157 0.        ]  ...  [0.03137255 0.01960784 0.01176471]  [0.03137255 0.01960784 0.01176471]  [0.03137255 0.01960784 0.01176471]] [[0.01960784 0.00392157 0.        ]  [0.01960784 0.00392157 0.        ]  [0.01960784 0.00392157 0.        ]  ...  [0.03137255 0.01960784 0.01176471]  [0.03137255 0.01960784 0.01176471]  [0.03137255 0.01960784 0.01176471]]]",6.048211989633273,17712,/home/amos/media/tv/Carnivale S01-S02 web 10bit hevc-d3g/Carnivale S02/Carnivale.S02E10.1080p.WEBRip.10Bit.EAC3.H265-d3g.mkv249,1080,1920,0,52,582,1370,52,698540,0.337,"[[[0.05490196 0.01568628 0.01176471]  [0.05490196 0.01568628 0.01176471]  [0.05490196 0.01568628 0.01176471]  ...  [0.         0.         0.        ]  [0.         0.         0.        ]  [0.         0.         0.        ]] [[0.05490196 0.01568628 0.01176471]  [0.05490196 0.01568628 0.01176471]  [0.05490196 0.01568628 0.01176471]  ...  [0.         0.         0.        ]  [0.         0.         0.        ]  [0.         0.         0.        ]] [[0.05490196 0.01568628 0.01176471]  [0.05490196 0.01568628 0.01176471]  [0.05490196 0.01568628 0.01176471]  ...  [0.         0.         0.        ]  [0.         0.         0.        ]  [0.         0.         0.        ]] ... [[0.3372549  0.25882354 0.23137255]  [0.3372549  0.25882354 0.23137255]  [0.3372549  0.25882354 0.23137255]  ...  [0.18431373 0.16078432 0.14509805]  [0.18431373 0.16078432 0.14901961]  [0.18431373 0.16078432 0.14901961]] [[0.3372549  0.25882354 0.23137255]  [0.3372549  0.25882354 0.23137255]  [0.3372549  0.25882354 0.23137255]  ...  [0.18431373 0.16078432 0.14509805]  [0.18431373 0.16078432 0.14509805]  [0.18431373 0.16078432 0.14509805]] [[0.3372549  0.25882354 0.23137255]  [0.3372549  0.25882354 0.23137255]  [0.3372549  0.25882354 0.23137255]  ...  [0.18431373 0.16078432 0.14509805]  [0.18431373 0.16078432 0.14509805]  [0.18431373 0.16078432 0.14509805]]]",1.9734720806009136,17952,/home/amos/media/tv/Carnivale S01-S02 web 10bit hevc-d3g/Carnivale S02/Carnivale.S02E10.1080p.WEBRip.10Bit.EAC3.H265-d3g.mkv250,1080,1920,0,334,258,383,334,3724,0.002,"[[[0.         0.         0.        ]  [0.         0.         0.        ]  [0.         0.         0.        ]  ...  [0.05882353 0.03137255 0.01568628]  [0.         0.         0.        ]  [0.         0.         0.        ]] [[0.         0.         0.        ]  [0.         0.         0.        ]  [0.         0.         0.        ]  ...  [0.05882353 0.03137255 0.01568628]  [0.         0.         0.        ]  [0.         0.         0.        ]] [[0.01960784 0.01176471 0.        ]  [0.01960784 0.01176471 0.        ]  [0.01568628 0.00784314 0.        ]  ...  [0.0627451  0.03921569 0.01960784]  [0.         0.         0.        ]  [0.         0.         0.        ]] ... [[0.         0.         0.        ]  [0.         0.         0.        ]  [0.04313726 0.03529412 0.02352941]  ...  [0.04705882 0.03137255 0.01176471]  [0.04705882 0.03137255 0.01176471]  [0.04705882 0.03137255 0.01176471]] [[0.         0.         0.        ]  [0.         0.         0.        ]  [0.04313726 0.03529412 0.02352941]  ...  [0.         0.         0.        ]  [0.         0.         0.        ]  [0.         0.         0.        ]] [[0.         0.         0.        ]  [0.         0.         0.        ]  [0.04313726 0.03529412 0.02352941]  ...  [0.         0.         0.        ]  [0.         0.         0.        ]  [0.         0.         0.        ]]]",1.0308160412823781,18216,/home/amos/media/tv/Carnivale S01-S02 web 10bit hevc-d3g/Carnivale S02/Carnivale.S02E10.1080p.WEBRip.10Bit.EAC3.H265-d3g.mkv251,1080,1920,0,327,488,438,327,17871,0.009,"[[[0.03921569 0.01960784 0.01176471]  [0.03921569 0.02352941 0.01568628]  [0.04313726 0.02352941 0.01568628]  ...  [0.05882353 0.03137255 0.01176471]  [0.05882353 0.03137255 0.01176471]  [0.05882353 0.03137255 0.01176471]] [[0.03921569 0.01960784 0.01176471]  [0.03921569 0.01960784 0.01176471]  [0.04313726 0.02352941 0.01568628]  ...  [0.0627451  0.03529412 0.01568628]  [0.05882353 0.03137255 0.01176471]  [0.05882353 0.03137255 0.01176471]] [[0.03921569 0.01960784 0.01176471]  [0.03921569 0.01960784 0.01176471]  [0.04313726 0.02352941 0.01568628]  ...  [0.0627451  0.03529412 0.01568628]  [0.05882353 0.03137255 0.01176471]  [0.05882353 0.03137255 0.01176471]] ... [[0.05490196 0.04313726 0.03529412]  [0.05490196 0.04313726 0.03529412]  [0.05098039 0.03921569 0.03137255]  ...  [0.07450981 0.03921569 0.02352941]  [0.07843138 0.03921569 0.01960784]  [0.07450981 0.03529412 0.01568628]] [[0.05490196 0.04313726 0.03529412]  [0.05490196 0.04313726 0.03529412]  [0.05098039 0.03921569 0.03137255]  ...  [0.07450981 0.03921569 0.02352941]  [0.07843138 0.03921569 0.02352941]  [0.07843138 0.03921569 0.01960784]] [[0.05490196 0.04313726 0.03529412]  [0.05490196 0.04313726 0.03529412]  [0.05490196 0.04313726 0.03529412]  ...  [0.07450981 0.03921569 0.01960784]  [0.07843138 0.03921569 0.01960784]  [0.07843138 0.03921569 0.01568628]]]",3.575792105286382,18240,/home/amos/media/tv/Carnivale S01-S02 web 10bit hevc-d3g/Carnivale S02/Carnivale.S02E10.1080p.WEBRip.10Bit.EAC3.H265-d3g.mkv252,1080,1920,0,344,493,438,344,14006,0.007,"[[[0.03529412 0.01960784 0.01176471]  [0.03921569 0.02352941 0.01568628]  [0.04313726 0.02745098 0.01960784]  ...  [0.07058824 0.03529412 0.01568628]  [0.07058824 0.03529412 0.01568628]  [0.07058824 0.03529412 0.01568628]] [[0.03921569 0.02352941 0.01568628]  [0.03921569 0.02352941 0.01568628]  [0.04313726 0.02745098 0.01960784]  ...  [0.07450981 0.03921569 0.01960784]  [0.07450981 0.03921569 0.01960784]  [0.07058824 0.03529412 0.01568628]] [[0.03921569 0.02352941 0.01568628]  [0.04313726 0.02745098 0.01568628]  [0.04705882 0.03137255 0.01568628]  ...  [0.07058824 0.03921569 0.02745098]  [0.07450981 0.03921569 0.02745098]  [0.07450981 0.03921569 0.02745098]] ... [[0.0627451  0.05490196 0.03529412]  [0.05882353 0.05098039 0.03137255]  [0.05882353 0.05098039 0.03137255]  ...  [0.05882353 0.03529412 0.01960784]  [0.05882353 0.03137255 0.01960784]  [0.0627451  0.03529412 0.02352941]] [[0.05882353 0.05098039 0.03137255]  [0.05882353 0.05098039 0.03137255]  [0.05882353 0.05098039 0.03137255]  ...  [0.05490196 0.03137255 0.01568628]  [0.05882353 0.03137255 0.01960784]  [0.0627451  0.03137255 0.01960784]] [[0.05882353 0.05098039 0.03137255]  [0.05490196 0.04705882 0.02745098]  [0.05490196 0.04705882 0.02745098]  ...  [0.05098039 0.02745098 0.01176471]  [0.05490196 0.03137255 0.01568628]  [0.05490196 0.03137255 0.01568628]]]",3.1092330007231794,18264,/home/amos/media/tv/Carnivale S01-S02 web 10bit hevc-d3g/Carnivale S02/Carnivale.S02E10.1080p.WEBRip.10Bit.EAC3.H265-d3g.mkv253,1080,1920,0,84,682,1063,84,585442,0.282,"[[[0.         0.         0.        ]  [0.         0.         0.        ]  [0.         0.         0.        ]  ...  [0.17254902 0.15294118 0.10980392]  [0.18039216 0.15686275 0.11372549]  [0.18039216 0.15686275 0.11372549]] [[0.         0.         0.        ]  [0.         0.         0.        ]  [0.         0.         0.        ]  ...  [0.17254902 0.15294118 0.10588235]  [0.1764706  0.15686275 0.11372549]  [0.18039216 0.15686275 0.11372549]] [[0.         0.         0.        ]  [0.         0.         0.        ]  [0.         0.         0.        ]  ...  [0.16862746 0.14901961 0.10588235]  [0.1764706  0.15294118 0.10980392]  [0.1764706  0.15686275 0.11372549]] ... [[0.01568628 0.         0.        ]  [0.01568628 0.         0.        ]  [0.01960784 0.00392157 0.00392157]  ...  [0.15294118 0.12156863 0.09019608]  [0.15294118 0.12156863 0.08627451]  [0.15294118 0.12156863 0.08627451]] [[0.01568628 0.         0.        ]  [0.01568628 0.         0.        ]  [0.01960784 0.00392157 0.00392157]  ...  [0.15294118 0.12156863 0.08627451]  [0.15294118 0.11764706 0.08627451]  [0.15294118 0.11764706 0.08627451]] [[0.01568628 0.         0.        ]  [0.01568628 0.         0.        ]  [0.01960784 0.00392157 0.00392157]  ...  [0.15294118 0.11764706 0.08627451]  [0.15294118 0.11764706 0.08627451]  [0.15294118 0.11764706 0.08627451]]]",4.813621126755606,18408,/home/amos/media/tv/Carnivale S01-S02 web 10bit hevc-d3g/Carnivale S02/Carnivale.S02E10.1080p.WEBRip.10Bit.EAC3.H265-d3g.mkv254,1080,1920,0,129,629,1001,129,436000,0.21,"[[[0.21568628 0.14901961 0.10588235]  [0.21960784 0.15294118 0.10980392]  [0.22745098 0.16078432 0.11372549]  ...  [0.         0.         0.00392157]  [0.         0.         0.00392157]  [0.         0.         0.00392157]] [[0.21176471 0.14509805 0.10196079]  [0.21960784 0.14901961 0.10588235]  [0.22352941 0.15686275 0.10980392]  ...  [0.         0.         0.00392157]  [0.         0.         0.00392157]  [0.         0.         0.00392157]] [[0.21176471 0.14509805 0.10196079]  [0.21568628 0.14901961 0.10588235]  [0.22352941 0.15294118 0.10980392]  ...  [0.         0.         0.00392157]  [0.         0.         0.00392157]  [0.         0.         0.00392157]] ... [[0.04313726 0.02745098 0.01960784]  [0.04313726 0.02745098 0.01960784]  [0.04313726 0.02745098 0.01960784]  ...  [0.00784314 0.         0.01176471]  [0.00784314 0.         0.01176471]  [0.00784314 0.         0.01176471]] [[0.04313726 0.02745098 0.01960784]  [0.04313726 0.02745098 0.01960784]  [0.04313726 0.02745098 0.01960784]  ...  [0.00784314 0.         0.01176471]  [0.00784314 0.         0.01176471]  [0.00784314 0.         0.01176471]] [[0.04313726 0.02745098 0.01960784]  [0.04313726 0.02745098 0.01960784]  [0.04313726 0.02745098 0.01960784]  ...  [0.00784314 0.         0.01176471]  [0.00784314 0.         0.01176471]  [0.00784314 0.         0.01176471]]]",4.6221920438692905,18888,/home/amos/media/tv/Carnivale S01-S02 web 10bit hevc-d3g/Carnivale S02/Carnivale.S02E10.1080p.WEBRip.10Bit.EAC3.H265-d3g.mkv255,1080,1920,0,85,228,1764,85,240097,0.116,"[[[0.         0.         0.        ]  [0.         0.         0.        ]  [0.         0.         0.        ]  ...  [0.03921569 0.03921569 0.01568628]  [0.03921569 0.03921569 0.01568628]  [0.03921569 0.03921569 0.01568628]] [[0.         0.         0.        ]  [0.         0.         0.        ]  [0.         0.         0.        ]  ...  [0.03921569 0.03921569 0.01568628]  [0.03921569 0.03921569 0.01568628]  [0.03921569 0.03921569 0.01568628]] [[0.         0.         0.        ]  [0.         0.         0.        ]  [0.         0.         0.        ]  ...  [0.04313726 0.04313726 0.01960784]  [0.03921569 0.03921569 0.01568628]  [0.03921569 0.03921569 0.01568628]] ... [[0.         0.         0.        ]  [0.         0.         0.        ]  [0.         0.         0.        ]  ...  [0.0627451  0.05490196 0.03137255]  [0.05882353 0.05098039 0.02745098]  [0.05882353 0.05098039 0.02745098]] [[0.         0.         0.        ]  [0.         0.         0.        ]  [0.         0.         0.        ]  ...  [0.05882353 0.05098039 0.02745098]  [0.05882353 0.05098039 0.02745098]  [0.05882353 0.05098039 0.02745098]] [[0.         0.         0.        ]  [0.         0.         0.        ]  [0.         0.         0.        ]  ...  [0.05882353 0.05098039 0.02745098]  [0.05882353 0.05098039 0.02745098]  [0.05882353 0.05098039 0.02745098]]]",2.8196019526803866,18912,/home/amos/media/tv/Carnivale S01-S02 web 10bit hevc-d3g/Carnivale S02/Carnivale.S02E10.1080p.WEBRip.10Bit.EAC3.H265-d3g.mkv256,1080,1920,0,130,629,997,130,432633,0.209,"[[[0.14509805 0.09803922 0.07450981]  [0.15686275 0.10980392 0.08235294]  [0.1764706  0.1254902  0.09803922]  ...  [0.         0.         0.        ]  [0.         0.         0.        ]  [0.         0.         0.        ]] [[0.14509805 0.09411765 0.07058824]  [0.15294118 0.10588235 0.07843138]  [0.17254902 0.11764706 0.09019608]  ...  [0.         0.         0.        ]  [0.         0.         0.        ]  [0.         0.         0.        ]] [[0.14117648 0.09411765 0.07058824]  [0.14901961 0.09803922 0.07450981]  [0.16078432 0.10588235 0.08235294]  ...  [0.         0.         0.        ]  [0.         0.         0.        ]  [0.         0.         0.        ]] ... [[0.03529412 0.02352941 0.01568628]  [0.03921569 0.02745098 0.01960784]  [0.04705882 0.03137255 0.02352941]  ...  [0.00392157 0.00392157 0.00784314]  [0.00392157 0.00392157 0.00784314]  [0.00392157 0.00392157 0.00784314]] [[0.04313726 0.03137255 0.02352941]  [0.04313726 0.03137255 0.02352941]  [0.04705882 0.03137255 0.02352941]  ...  [0.00392157 0.00392157 0.00784314]  [0.00392157 0.00392157 0.00784314]  [0.00392157 0.00392157 0.00784314]] [[0.04705882 0.03529412 0.02745098]  [0.04705882 0.03529412 0.02352941]  [0.04705882 0.03137255 0.02352941]  ...  [0.00392157 0.00392157 0.00784314]  [0.00392157 0.00392157 0.00784314]  [0.00392157 0.00392157 0.00784314]]]",5.075068125035614,18936,/home/amos/media/tv/Carnivale S01-S02 web 10bit hevc-d3g/Carnivale S02/Carnivale.S02E10.1080p.WEBRip.10Bit.EAC3.H265-d3g.mkv257,1080,1920,0,133,626,995,133,424966,0.205,"[[[0.13333334 0.09803922 0.05882353]  [0.13333334 0.09411765 0.05490196]  [0.13725491 0.09411765 0.05098039]  ...  [0.         0.         0.        ]  [0.         0.         0.        ]  [0.         0.         0.        ]] [[0.13333334 0.09803922 0.05490196]  [0.13333334 0.09411765 0.05490196]  [0.13725491 0.09411765 0.05098039]  ...  [0.         0.         0.        ]  [0.         0.         0.        ]  [0.         0.         0.        ]] [[0.13333334 0.09803922 0.05490196]  [0.13333334 0.09411765 0.05098039]  [0.13333334 0.09411765 0.05098039]  ...  [0.         0.         0.        ]  [0.         0.         0.        ]  [0.         0.         0.        ]] ... [[0.05098039 0.03921569 0.03529412]  [0.05098039 0.03921569 0.03529412]  [0.05098039 0.03921569 0.03529412]  ...  [0.00784314 0.00392157 0.00784314]  [0.00784314 0.00392157 0.00784314]  [0.00784314 0.00392157 0.00784314]] [[0.05490196 0.03921569 0.03921569]  [0.05490196 0.03921569 0.03921569]  [0.05490196 0.03921569 0.03921569]  ...  [0.00784314 0.00392157 0.00784314]  [0.00784314 0.00392157 0.00784314]  [0.00784314 0.00392157 0.00784314]] [[0.05490196 0.04313726 0.03921569]  [0.05490196 0.04313726 0.03921569]  [0.05490196 0.04313726 0.03921569]  ...  [0.00784314 0.00392157 0.00784314]  [0.00784314 0.00392157 0.00784314]  [0.00784314 0.00392157 0.00784314]]]",4.314312098489609,18960,/home/amos/media/tv/Carnivale S01-S02 web 10bit hevc-d3g/Carnivale S02/Carnivale.S02E10.1080p.WEBRip.10Bit.EAC3.H265-d3g.mkv258,1080,1920,0,130,629,996,130,432134,0.208,"[[[0.14901961 0.09803922 0.06666667]  [0.16078432 0.10980392 0.07450981]  [0.1764706  0.1254902  0.09019608]  ...  [0.         0.         0.00392157]  [0.         0.         0.00392157]  [0.         0.         0.00392157]] [[0.14509805 0.09411765 0.0627451 ]  [0.15686275 0.10588235 0.07450981]  [0.16862746 0.12156863 0.08627451]  ...  [0.         0.         0.00392157]  [0.         0.         0.00392157]  [0.         0.         0.00392157]] [[0.14117648 0.09411765 0.05882353]  [0.14901961 0.10196079 0.06666667]  [0.16470589 0.11764706 0.08235294]  ...  [0.         0.         0.00392157]  [0.         0.         0.00392157]  [0.         0.         0.00392157]] ... [[0.03529412 0.02352941 0.01960784]  [0.03137255 0.02352941 0.01568628]  [0.03137255 0.01960784 0.01568628]  ...  [0.         0.00784314 0.00784314]  [0.         0.00784314 0.00784314]  [0.         0.00784314 0.00784314]] [[0.03529412 0.02352941 0.01568628]  [0.03529412 0.02352941 0.01568628]  [0.03137255 0.02352941 0.01568628]  ...  [0.         0.00784314 0.00784314]  [0.         0.00784314 0.00784314]  [0.         0.00784314 0.00784314]] [[0.03529412 0.02352941 0.01568628]  [0.03529412 0.02352941 0.01568628]  [0.03529412 0.02352941 0.01568628]  ...  [0.         0.00784314 0.00784314]  [0.         0.00784314 0.00784314]  [0.         0.00784314 0.00784314]]]",4.444240139331669,18984,/home/amos/media/tv/Carnivale S01-S02 web 10bit hevc-d3g/Carnivale S02/Carnivale.S02E10.1080p.WEBRip.10Bit.EAC3.H265-d3g.mkv259,1080,1920,0,135,632,993,135,426426,0.206,"[[[0.14509805 0.11372549 0.07450981]  [0.13725491 0.10588235 0.07058824]  [0.1254902  0.09019608 0.0627451 ]  ...  [0.         0.         0.        ]  [0.         0.         0.        ]  [0.         0.         0.        ]] [[0.14509805 0.11372549 0.07450981]  [0.13333334 0.10196079 0.06666667]  [0.11764706 0.08627451 0.05882353]  ...  [0.         0.         0.        ]  [0.         0.         0.        ]  [0.         0.         0.        ]] [[0.14117648 0.10980392 0.07058824]  [0.12941177 0.09803922 0.0627451 ]  [0.10980392 0.08235294 0.05098039]  ...  [0.         0.         0.        ]  [0.         0.         0.        ]  [0.         0.         0.        ]] ... [[0.04705882 0.03921569 0.03529412]  [0.04705882 0.03921569 0.03529412]  [0.05098039 0.03921569 0.03921569]  ...  [0.00784314 0.         0.00784314]  [0.00784314 0.         0.00784314]  [0.00784314 0.         0.00784314]] [[0.05098039 0.04313726 0.03529412]  [0.05098039 0.04313726 0.03921569]  [0.05098039 0.04313726 0.04313726]  ...  [0.00392157 0.         0.00392157]  [0.00392157 0.         0.00392157]  [0.00392157 0.         0.00392157]] [[0.05098039 0.04313726 0.03921569]  [0.05098039 0.04313726 0.03921569]  [0.05490196 0.04313726 0.04313726]  ...  [0.00392157 0.         0.00392157]  [0.00392157 0.         0.00392157]  [0.00392157 0.         0.00392157]]]",4.90602103958372,19008,/home/amos/media/tv/Carnivale S01-S02 web 10bit hevc-d3g/Carnivale S02/Carnivale.S02E10.1080p.WEBRip.10Bit.EAC3.H265-d3g.mkv260,1080,1920,0,140,628,985,140,412360,0.199,"[[[0.15294118 0.11764706 0.09019608]  [0.14901961 0.11372549 0.08235294]  [0.14117648 0.10588235 0.07450981]  ...  [0.         0.         0.        ]  [0.         0.         0.        ]  [0.         0.         0.        ]] [[0.15686275 0.11764706 0.09019608]  [0.14901961 0.11372549 0.08235294]  [0.14117648 0.10588235 0.07450981]  ...  [0.         0.         0.        ]  [0.         0.         0.        ]  [0.         0.         0.        ]] [[0.16078432 0.12156863 0.09411765]  [0.15294118 0.11372549 0.08627451]  [0.14117648 0.10588235 0.07843138]  ...  [0.         0.         0.        ]  [0.         0.         0.        ]  [0.         0.         0.        ]] ... [[0.03137255 0.01568628 0.00784314]  [0.03137255 0.01568628 0.00784314]  [0.03137255 0.01568628 0.00784314]  ...  [0.00392157 0.00392157 0.00784314]  [0.00392157 0.00392157 0.00784314]  [0.00392157 0.00392157 0.00784314]] [[0.03921569 0.02352941 0.01568628]  [0.03921569 0.02352941 0.01568628]  [0.03921569 0.02352941 0.01568628]  ...  [0.00392157 0.00392157 0.00784314]  [0.00392157 0.00392157 0.00784314]  [0.00392157 0.00392157 0.00784314]] [[0.04313726 0.02745098 0.01960784]  [0.04313726 0.02745098 0.01960784]  [0.04313726 0.02745098 0.01960784]  ...  [0.00392157 0.00392157 0.00784314]  [0.00392157 0.00392157 0.00784314]  [0.00392157 0.00392157 0.00784314]]]",6.987738095398527,19032,/home/amos/media/tv/Carnivale S01-S02 web 10bit hevc-d3g/Carnivale S02/Carnivale.S02E10.1080p.WEBRip.10Bit.EAC3.H265-d3g.mkv261,1080,1920,0,148,661,994,148,433998,0.209,"[[[0.2784314  0.21176471 0.16862746]  [0.2901961  0.22352941 0.18039216]  [0.30588236 0.23921569 0.19607843]  ...  [0.         0.         0.01176471]  [0.         0.         0.01176471]  [0.         0.         0.01176471]] [[0.27058825 0.20392157 0.16078432]  [0.28627452 0.21568628 0.1764706 ]  [0.3019608  0.23529412 0.19215687]  ...  [0.00392157 0.         0.01176471]  [0.00392157 0.         0.01176471]  [0.         0.         0.01176471]] [[0.25882354 0.19215687 0.14901961]  [0.27450982 0.20784314 0.16470589]  [0.29411766 0.22745098 0.18431373]  ...  [0.00784314 0.00392157 0.01568628]  [0.00392157 0.         0.01176471]  [0.00392157 0.         0.01176471]] ... [[0.04705882 0.03137255 0.02745098]  [0.04705882 0.03137255 0.02745098]  [0.04705882 0.03137255 0.02745098]  ...  [0.00392157 0.00392157 0.00784314]  [0.00392157 0.00392157 0.00784314]  [0.00392157 0.00392157 0.00784314]] [[0.04313726 0.02745098 0.02352941]  [0.04313726 0.02745098 0.02352941]  [0.03921569 0.02745098 0.02352941]  ...  [0.00392157 0.00392157 0.00784314]  [0.00392157 0.00392157 0.00784314]  [0.00392157 0.00392157 0.00784314]] [[0.04313726 0.02745098 0.02352941]  [0.03921569 0.02352941 0.01960784]  [0.03921569 0.01960784 0.01960784]  ...  [0.00392157 0.00392157 0.00784314]  [0.00392157 0.00392157 0.00784314]  [0.00392157 0.00392157 0.00784314]]]",4.501963111746591,19056,/home/amos/media/tv/Carnivale S01-S02 web 10bit hevc-d3g/Carnivale S02/Carnivale.S02E10.1080p.WEBRip.10Bit.EAC3.H265-d3g.mkv262,1080,1920,0,546,156,905,546,140010,0.068,"[[[0.18431373 0.11372549 0.07843138]  [0.16862746 0.10196079 0.06666667]  [0.23529412 0.17254902 0.14509805]  ...  [0.07843138 0.0627451  0.04313726]  [0.07843138 0.0627451  0.04313726]  [0.07450981 0.05882353 0.03921569]] [[0.22745098 0.16078432 0.13333334]  [0.23137255 0.16470589 0.13725491]  [0.28235295 0.21568628 0.1882353 ]  ...  [0.07843138 0.0627451  0.04313726]  [0.07843138 0.0627451  0.04313726]  [0.07843138 0.06666667 0.04705882]] [[0.30980393 0.25490198 0.22352941]  [0.32941177 0.27450982 0.24705882]  [0.24705882 0.1882353  0.15686275]  ...  [0.07843138 0.05882353 0.04313726]  [0.08235294 0.0627451  0.04705882]  [0.07843138 0.05882353 0.04313726]] ... [[0.14117648 0.09803922 0.08235294]  [0.15294118 0.10196079 0.08627451]  [0.1882353  0.1254902  0.11372549]  ...  [0.00784314 0.00392157 0.        ]  [0.00784314 0.00392157 0.        ]  [0.00784314 0.00392157 0.        ]] [[0.12941177 0.08235294 0.07058824]  [0.14117648 0.09019608 0.07450981]  [0.16470589 0.10196079 0.09019608]  ...  [0.00784314 0.00392157 0.00392157]  [0.00784314 0.00392157 0.        ]  [0.00784314 0.00392157 0.        ]] [[0.10588235 0.05882353 0.04313726]  [0.11764706 0.06666667 0.05490196]  [0.14509805 0.08627451 0.07450981]  ...  [0.01176471 0.00784314 0.00392157]  [0.00784314 0.00392157 0.        ]  [0.00784314 0.00392157 0.        ]]]",0.16439210675889626,19248,/home/amos/media/tv/Carnivale S01-S02 web 10bit hevc-d3g/Carnivale S02/Carnivale.S02E10.1080p.WEBRip.10Bit.EAC3.H265-d3g.mkv263,1080,1920,0,358,134,657,358,66976,0.032,"[[[0.2901961  0.22352941 0.19607843]  [0.24313726 0.1764706  0.14509805]  [0.28627452 0.21960784 0.1882353 ]  ...  [0.28627452 0.23529412 0.20392157]  [0.21568628 0.16078432 0.12941177]  [0.18039216 0.1254902  0.09411765]] [[0.2901961  0.22352941 0.19607843]  [0.22745098 0.16078432 0.13333334]  [0.26666668 0.2        0.17254902]  ...  [0.28627452 0.23921569 0.20392157]  [0.24705882 0.19215687 0.16078432]  [0.1882353  0.13333334 0.10196079]] [[0.28235295 0.21568628 0.1882353 ]  [0.22352941 0.15686275 0.13333334]  [0.28235295 0.21176471 0.18431373]  ...  [0.24705882 0.2        0.16470589]  [0.23529412 0.18039216 0.14901961]  [0.2        0.14509805 0.11372549]] ... [[0.13333334 0.10588235 0.08627451]  [0.13333334 0.10588235 0.08627451]  [0.14117648 0.11372549 0.09411765]  ...  [0.09019608 0.07058824 0.05882353]  [0.08235294 0.0627451  0.05098039]  [0.07450981 0.05490196 0.04313726]] [[0.13333334 0.10588235 0.08627451]  [0.14117648 0.11372549 0.09411765]  [0.14117648 0.11372549 0.09411765]  ...  [0.09411765 0.07450981 0.0627451 ]  [0.09019608 0.07058824 0.05882353]  [0.08235294 0.0627451  0.05098039]] [[0.12941177 0.10196079 0.08235294]  [0.13725491 0.10980392 0.09019608]  [0.14509805 0.11764706 0.09803922]  ...  [0.09411765 0.07843138 0.05882353]  [0.09019608 0.07058824 0.05882353]  [0.08627451 0.06666667 0.05490196]]]",5.524394067178946,19296,/home/amos/media/tv/Carnivale S01-S02 web 10bit hevc-d3g/Carnivale S02/Carnivale.S02E10.1080p.WEBRip.10Bit.EAC3.H265-d3g.mkv264,1080,1920,0,380,159,646,380,58786,0.028,"[[[0.3647059  0.30588236 0.27058825]  [0.33333334 0.27450982 0.24313726]  [0.28627452 0.22352941 0.19607843]  ...  [0.22352941 0.16862746 0.14117648]  [0.22745098 0.1764706  0.14117648]  [0.         0.         0.        ]] [[0.3372549  0.2784314  0.24313726]  [0.32941177 0.27058825 0.23529412]  [0.28627452 0.22352941 0.19607843]  ...  [0.21960784 0.16470589 0.14117648]  [0.23529412 0.1764706  0.14901961]  [0.         0.         0.        ]] [[0.29803923 0.23137255 0.2       ]  [0.30588236 0.23921569 0.21176471]  [0.28235295 0.21568628 0.1882353 ]  ...  [0.20392157 0.14901961 0.12156863]  [0.19215687 0.13725491 0.10588235]  [0.         0.         0.        ]] ... [[0.14117648 0.11372549 0.09411765]  [0.14509805 0.11764706 0.09803922]  [0.13725491 0.10980392 0.09019608]  ...  [0.09019608 0.07450981 0.05490196]  [0.08627451 0.05882353 0.05098039]  [0.         0.         0.        ]] [[0.13725491 0.10980392 0.09019608]  [0.14117648 0.11372549 0.09411765]  [0.14117648 0.11372549 0.09411765]  ...  [0.09411765 0.06666667 0.05882353]  [0.09019608 0.0627451  0.05490196]  [0.         0.         0.        ]] [[0.         0.         0.        ]  [0.         0.         0.        ]  [0.         0.         0.        ]  ...  [0.         0.         0.        ]  [0.         0.         0.        ]  [0.         0.         0.        ]]]",2.332825969788246,19320,/home/amos/media/tv/Carnivale S01-S02 web 10bit hevc-d3g/Carnivale S02/Carnivale.S02E10.1080p.WEBRip.10Bit.EAC3.H265-d3g.mkv265,1080,1920,0,404,138,614,404,55860,0.027,"[[[0.31764707 0.25882354 0.22745098]  [0.30588236 0.24705882 0.21176471]  [0.30980393 0.2509804  0.21568628]  ...  [0.23137255 0.18431373 0.14901961]  [0.22745098 0.18039216 0.14901961]  [0.23529412 0.1882353  0.15686275]] [[0.2784314  0.22352941 0.19215687]  [0.2627451  0.20392157 0.16862746]  [0.3019608  0.24313726 0.20784314]  ...  [0.23921569 0.19607843 0.16470589]  [0.23529412 0.19215687 0.16078432]  [0.23137255 0.1882353  0.15686275]] [[0.29803923 0.24313726 0.20784314]  [0.29803923 0.24313726 0.20392157]  [0.31764707 0.2627451  0.22745098]  ...  [0.22352941 0.1764706  0.14509805]  [0.23921569 0.19215687 0.16078432]  [0.22745098 0.18039216 0.15294118]] ... [[0.14509805 0.11764706 0.09803922]  [0.14509805 0.11764706 0.09803922]  [0.14509805 0.11764706 0.09803922]  ...  [0.10196079 0.08235294 0.07058824]  [0.09411765 0.07450981 0.0627451 ]  [0.08627451 0.0627451  0.05490196]] [[0.14509805 0.11764706 0.09803922]  [0.14901961 0.12156863 0.10196079]  [0.14901961 0.12156863 0.10196079]  ...  [0.10196079 0.08235294 0.07058824]  [0.09803922 0.07843138 0.06666667]  [0.09019608 0.07058824 0.05882353]] [[0.14509805 0.11764706 0.09411765]  [0.14901961 0.11764706 0.09803922]  [0.14901961 0.12156863 0.09803922]  ...  [0.10196079 0.08235294 0.07058824]  [0.09411765 0.07450981 0.0627451 ]  [0.08627451 0.06666667 0.05490196]]]",4.335327097855043,19344,/home/amos/media/tv/Carnivale S01-S02 web 10bit hevc-d3g/Carnivale S02/Carnivale.S02E10.1080p.WEBRip.10Bit.EAC3.H265-d3g.mkv266,1080,1920,0,52,517,1127,52,499875,0.241,"[[[0.06666667 0.02745098 0.01176471]  [0.06666667 0.02745098 0.01176471]  [0.06666667 0.02745098 0.01176471]  ...  [0.00392157 0.         0.        ]  [0.00392157 0.         0.        ]  [0.00392157 0.         0.        ]] [[0.06666667 0.02745098 0.01176471]  [0.06666667 0.02745098 0.01176471]  [0.06666667 0.02745098 0.01176471]  ...  [0.00392157 0.         0.        ]  [0.00392157 0.         0.        ]  [0.00392157 0.         0.        ]] [[0.06666667 0.02745098 0.01176471]  [0.06666667 0.02745098 0.01176471]  [0.06666667 0.02745098 0.01176471]  ...  [0.00392157 0.         0.        ]  [0.00392157 0.         0.        ]  [0.00392157 0.         0.        ]] ... [[0.05098039 0.01568628 0.        ]  [0.05098039 0.01568628 0.        ]  [0.05098039 0.01568628 0.        ]  ...  [0.         0.         0.        ]  [0.         0.         0.        ]  [0.         0.         0.        ]] [[0.05098039 0.01568628 0.        ]  [0.05098039 0.01568628 0.        ]  [0.05098039 0.01568628 0.        ]  ...  [0.         0.         0.        ]  [0.         0.         0.        ]  [0.         0.         0.        ]] [[0.05098039 0.01568628 0.        ]  [0.05098039 0.01568628 0.        ]  [0.05098039 0.01568628 0.        ]  ...  [0.         0.         0.        ]  [0.         0.         0.        ]  [0.         0.         0.        ]]]",3.756020172382705,19656,/home/amos/media/tv/Carnivale S01-S02 web 10bit hevc-d3g/Carnivale S02/Carnivale.S02E10.1080p.WEBRip.10Bit.EAC3.H265-d3g.mkv267,1080,1920,0,56,671,766,56,436650,0.211,"[[[0.09019608 0.06666667 0.04313726]  [0.09019608 0.06666667 0.04313726]  [0.09019608 0.06666667 0.04313726]  ...  [0.1254902  0.09019608 0.0627451 ]  [0.1254902  0.09019608 0.0627451 ]  [0.1254902  0.09019608 0.0627451 ]] [[0.09019608 0.06666667 0.04313726]  [0.09019608 0.06666667 0.04313726]  [0.09019608 0.06666667 0.04313726]  ...  [0.1254902  0.09019608 0.0627451 ]  [0.1254902  0.09019608 0.0627451 ]  [0.1254902  0.09019608 0.0627451 ]] [[0.09019608 0.06666667 0.04313726]  [0.09019608 0.06666667 0.04313726]  [0.09019608 0.06666667 0.04313726]  ...  [0.1254902  0.09019608 0.0627451 ]  [0.1254902  0.09019608 0.0627451 ]  [0.1254902  0.09019608 0.0627451 ]] ... [[0.24705882 0.20392157 0.16470589]  [0.24705882 0.20392157 0.16470589]  [0.24705882 0.20392157 0.16470589]  ...  [0.18431373 0.14901961 0.11372549]  [0.18431373 0.14901961 0.11372549]  [0.18431373 0.14901961 0.11372549]] [[0.24705882 0.20392157 0.16470589]  [0.24705882 0.20392157 0.16470589]  [0.24705882 0.20392157 0.16470589]  ...  [0.18431373 0.14509805 0.11372549]  [0.18431373 0.14901961 0.11372549]  [0.18431373 0.14901961 0.11372549]] [[0.24705882 0.20392157 0.16470589]  [0.24705882 0.20392157 0.16470589]  [0.24705882 0.20392157 0.16470589]  ...  [0.18039216 0.14901961 0.10980392]  [0.18431373 0.14901961 0.11372549]  [0.18431373 0.14901961 0.11372549]]]",0.8590510271606036,19728,/home/amos/media/tv/Carnivale S01-S02 web 10bit hevc-d3g/Carnivale S02/Carnivale.S02E10.1080p.WEBRip.10Bit.EAC3.H265-d3g.mkv268,1080,1920,0,117,223,967,117,90100,0.043,"[[[0.06666667 0.04313726 0.02745098]  [0.0627451  0.03921569 0.02745098]  [0.0627451  0.03529412 0.02745098]  ...  [0.07450981 0.03921569 0.01176471]  [0.07843138 0.04313726 0.01568628]  [0.08235294 0.04705882 0.01960784]] [[0.06666667 0.04313726 0.02745098]  [0.0627451  0.03921569 0.02745098]  [0.0627451  0.03529412 0.02745098]  ...  [0.07843138 0.03921569 0.01176471]  [0.08235294 0.04705882 0.01568628]  [0.08235294 0.04705882 0.01960784]] [[0.0627451  0.03921569 0.02352941]  [0.0627451  0.03921569 0.02352941]  [0.05882353 0.03529412 0.02352941]  ...  [0.07843138 0.04313726 0.01176471]  [0.08235294 0.04705882 0.01568628]  [0.08627451 0.05098039 0.01960784]] ... [[0.56078434 0.49411765 0.46666667]  [0.5568628  0.49019608 0.46666667]  [0.5529412  0.4862745  0.47058824]  ...  [0.00392157 0.         0.        ]  [0.00392157 0.         0.        ]  [0.00392157 0.         0.        ]] [[0.56078434 0.49019608 0.4627451 ]  [0.5568628  0.49019608 0.46666667]  [0.5529412  0.4862745  0.46666667]  ...  [0.00392157 0.         0.        ]  [0.00392157 0.         0.        ]  [0.00392157 0.         0.        ]] [[0.56078434 0.49019608 0.4627451 ]  [0.5568628  0.49019608 0.46666667]  [0.5529412  0.4862745  0.47058824]  ...  [0.00392157 0.         0.        ]  [0.00392157 0.         0.        ]  [0.00392157 0.         0.        ]]]",1.3515069226850756,19752,/home/amos/media/tv/Carnivale S01-S02 web 10bit hevc-d3g/Carnivale S02/Carnivale.S02E10.1080p.WEBRip.10Bit.EAC3.H265-d3g.mkv269,1080,1920,1,105,703,768,105,396474,0.191,"[[[0.08627451 0.0627451  0.03921569]  [0.08627451 0.0627451  0.03921569]  [0.09019608 0.0627451  0.04313726]  ...  [0.02745098 0.00784314 0.        ]  [0.02352941 0.00784314 0.        ]  [0.02352941 0.00784314 0.        ]] [[0.08627451 0.0627451  0.03921569]  [0.08627451 0.0627451  0.03921569]  [0.09019608 0.06666667 0.04313726]  ...  [0.02745098 0.00784314 0.00392157]  [0.02352941 0.00784314 0.        ]  [0.02352941 0.00784314 0.        ]] [[0.08627451 0.06666667 0.04313726]  [0.09019608 0.06666667 0.04313726]  [0.09019608 0.06666667 0.04313726]  ...  [0.02745098 0.00784314 0.        ]  [0.02745098 0.00784314 0.        ]  [0.02352941 0.00784314 0.        ]] ... [[0.24313726 0.2        0.16470589]  [0.24313726 0.2        0.16470589]  [0.24313726 0.2        0.16470589]  ...  [0.01176471 0.         0.        ]  [0.01176471 0.         0.        ]  [0.01176471 0.         0.        ]] [[0.23137255 0.1882353  0.15294118]  [0.23137255 0.1882353  0.15294118]  [0.23137255 0.1882353  0.15294118]  ...  [0.01176471 0.         0.        ]  [0.01176471 0.         0.        ]  [0.01176471 0.         0.        ]] [[0.22745098 0.18431373 0.14901961]  [0.22745098 0.18431373 0.14901961]  [0.22745098 0.18431373 0.14901961]  ...  [0.01176471 0.         0.        ]  [0.01176471 0.         0.        ]  [0.01176471 0.         0.        ]]]",1.0151820587343536,19752,/home/amos/media/tv/Carnivale S01-S02 web 10bit hevc-d3g/Carnivale S02/Carnivale.S02E10.1080p.WEBRip.10Bit.EAC3.H265-d3g.mkv270,1080,1920,0,316,235,586,316,21870,0.011,"[[[0.26666668 0.21960784 0.18431373]  [0.27058825 0.22352941 0.1882353 ]  [0.26666668 0.21960784 0.18431373]  ...  [0.01176471 0.00392157 0.        ]  [0.01176471 0.00392157 0.        ]  [0.01176471 0.00392157 0.        ]] [[0.27058825 0.22352941 0.1882353 ]  [0.27058825 0.22352941 0.1882353 ]  [0.25882354 0.21176471 0.1764706 ]  ...  [0.01176471 0.00392157 0.        ]  [0.01176471 0.00392157 0.        ]  [0.01176471 0.00392157 0.        ]] [[0.27058825 0.22352941 0.18431373]  [0.2627451  0.21568628 0.1764706 ]  [0.25490198 0.20784314 0.16862746]  ...  [0.00784314 0.00392157 0.        ]  [0.00784314 0.00392157 0.        ]  [0.00784314 0.00392157 0.        ]] ... [[0.         0.         0.        ]  [0.         0.         0.        ]  [0.         0.         0.        ]  ...  [0.15686275 0.11372549 0.07450981]  [0.16078432 0.11764706 0.07843138]  [0.16862746 0.1254902  0.08627451]] [[0.         0.         0.        ]  [0.         0.         0.        ]  [0.         0.         0.        ]  ...  [0.15294118 0.10980392 0.07058824]  [0.15686275 0.11372549 0.07450981]  [0.16078432 0.11764706 0.07843138]] [[0.         0.         0.        ]  [0.         0.         0.        ]  [0.         0.         0.        ]  ...  [0.15294118 0.10980392 0.07450981]  [0.14901961 0.10588235 0.07058824]  [0.14901961 0.10588235 0.06666667]]]",4.129289099422749,20184,/home/amos/media/tv/Carnivale S01-S02 web 10bit hevc-d3g/Carnivale S02/Carnivale.S02E10.1080p.WEBRip.10Bit.EAC3.H265-d3g.mkv271,1080,1920,0,294,324,799,294,15150,0.007,"[[[0.2901961  0.19607843 0.1764706 ]  [0.3019608  0.1882353  0.16862746]  [0.2901961  0.17254902 0.14901961]  ...  [0.14509805 0.1254902  0.10980392]  [0.15294118 0.13333334 0.11764706]  [0.15294118 0.13725491 0.1254902 ]] [[0.28627452 0.19215687 0.17254902]  [0.3019608  0.1882353  0.16862746]  [0.29803923 0.18039216 0.15686275]  ...  [0.12156863 0.10588235 0.09019608]  [0.13725491 0.11764706 0.10196079]  [0.13725491 0.1254902  0.10980392]] [[0.28627452 0.19215687 0.17254902]  [0.29411766 0.18039216 0.16078432]  [0.29803923 0.18039216 0.15294118]  ...  [0.10196079 0.09019608 0.07058824]  [0.11372549 0.09803922 0.08235294]  [0.11372549 0.10588235 0.08627451]] ... [[0.         0.         0.        ]  [0.         0.         0.        ]  [0.         0.         0.        ]  ...  [0.         0.         0.        ]  [0.         0.         0.        ]  [0.         0.         0.        ]] [[0.         0.         0.        ]  [0.         0.         0.        ]  [0.         0.         0.        ]  ...  [0.         0.         0.        ]  [0.         0.         0.        ]  [0.         0.         0.        ]] [[0.         0.         0.        ]  [0.         0.         0.        ]  [0.         0.         0.        ]  ...  [0.         0.         0.        ]  [0.         0.         0.        ]  [0.         0.         0.        ]]]",6.004829109122511,20208,/home/amos/media/tv/Carnivale S01-S02 web 10bit hevc-d3g/Carnivale S02/Carnivale.S02E10.1080p.WEBRip.10Bit.EAC3.H265-d3g.mkv272,1080,1920,0,318,221,319,318,97,0.0,"[[[0.24705882 0.21176471 0.18431373]  [0.23921569 0.20784314 0.17254902]  [0.22745098 0.2        0.15686275]  ...  [0.         0.         0.        ]  [0.         0.         0.        ]  [0.         0.         0.        ]] [[0.22352941 0.19215687 0.16078432]  [0.22745098 0.19607843 0.16078432]  [0.23137255 0.20392157 0.16078432]  ...  [0.         0.         0.        ]  [0.         0.         0.        ]  [0.         0.         0.        ]] [[0.20784314 0.17254902 0.14509805]  [0.21568628 0.18431373 0.14901961]  [0.22745098 0.19607843 0.15686275]  ...  [0.         0.         0.        ]  [0.         0.         0.        ]  [0.         0.         0.        ]] ... [[0.         0.00392157 0.        ]  [0.         0.00392157 0.        ]  [0.         0.00392157 0.        ]  ...  [0.         0.         0.        ]  [0.         0.         0.        ]  [0.         0.         0.        ]] [[0.         0.         0.        ]  [0.         0.         0.        ]  [0.         0.00392157 0.        ]  ...  [0.         0.         0.        ]  [0.         0.         0.        ]  [0.         0.         0.        ]] [[0.         0.         0.        ]  [0.         0.         0.        ]  [0.         0.         0.        ]  ...  [0.         0.         0.        ]  [0.         0.         0.        ]  [0.         0.         0.        ]]]",6.094592155364808,20232,/home/amos/media/tv/Carnivale S01-S02 web 10bit hevc-d3g/Carnivale S02/Carnivale.S02E10.1080p.WEBRip.10Bit.EAC3.H265-d3g.mkv273,1080,1920,0,84,635,1125,84,573591,0.277,"[[[0.13333334 0.08627451 0.04313726]  [0.13333334 0.08627451 0.04313726]  [0.13333334 0.08627451 0.04313726]  ...  [0.         0.         0.        ]  [0.         0.         0.        ]  [0.         0.         0.        ]] [[0.13333334 0.08627451 0.04313726]  [0.13333334 0.08627451 0.04313726]  [0.13333334 0.08627451 0.04313726]  ...  [0.         0.         0.        ]  [0.         0.         0.        ]  [0.         0.         0.        ]] [[0.13333334 0.08627451 0.04313726]  [0.13333334 0.08627451 0.04313726]  [0.13333334 0.08627451 0.04313726]  ...  [0.         0.         0.        ]  [0.         0.         0.        ]  [0.         0.         0.        ]] ... [[0.16470589 0.11372549 0.0627451 ]  [0.16470589 0.11372549 0.0627451 ]  [0.16470589 0.11372549 0.0627451 ]  ...  [0.00392157 0.         0.00392157]  [0.00392157 0.         0.00392157]  [0.00392157 0.         0.00392157]] [[0.16470589 0.11372549 0.0627451 ]  [0.16470589 0.11372549 0.0627451 ]  [0.16470589 0.11372549 0.0627451 ]  ...  [0.00392157 0.         0.00392157]  [0.00392157 0.         0.00392157]  [0.00392157 0.         0.00392157]] [[0.16470589 0.11372549 0.0627451 ]  [0.16470589 0.11372549 0.0627451 ]  [0.16470589 0.11372549 0.0627451 ]  ...  [0.00392157 0.         0.00392157]  [0.00392157 0.         0.00392157]  [0.00392157 0.         0.00392157]]]",0.5921720794285648,20352,/home/amos/media/tv/Carnivale S01-S02 web 10bit hevc-d3g/Carnivale S02/Carnivale.S02E10.1080p.WEBRip.10Bit.EAC3.H265-d3g.mkv274,1080,1920,0,146,87,768,146,36698,0.018,"[[[0.18431373 0.16078432 0.12941177]  [0.18431373 0.16078432 0.12941177]  [0.18431373 0.16078432 0.12941177]  ...  [0.00784314 0.00392157 0.        ]  [0.00784314 0.00392157 0.        ]  [0.00784314 0.00392157 0.        ]] [[0.18431373 0.16078432 0.12941177]  [0.18431373 0.16078432 0.12941177]  [0.18431373 0.16078432 0.12941177]  ...  [0.00784314 0.00392157 0.        ]  [0.00784314 0.00392157 0.        ]  [0.00784314 0.00392157 0.        ]] [[0.18431373 0.16078432 0.12941177]  [0.18431373 0.16078432 0.12941177]  [0.18431373 0.16078432 0.12941177]  ...  [0.00784314 0.00392157 0.        ]  [0.00784314 0.00392157 0.        ]  [0.00784314 0.00392157 0.        ]] ... [[0.04705882 0.03137255 0.00784314]  [0.04705882 0.03137255 0.00784314]  [0.04705882 0.03137255 0.00784314]  ...  [0.         0.         0.        ]  [0.         0.         0.        ]  [0.         0.         0.        ]] [[0.04313726 0.03137255 0.00784314]  [0.04313726 0.03137255 0.00784314]  [0.04313726 0.02745098 0.00784314]  ...  [0.         0.         0.        ]  [0.         0.         0.        ]  [0.         0.         0.        ]] [[0.04313726 0.03137255 0.01176471]  [0.03921569 0.02745098 0.00784314]  [0.03921569 0.02745098 0.00784314]  ...  [0.         0.         0.        ]  [0.         0.         0.        ]  [0.         0.         0.        ]]]",4.169100865197834,20376,/home/amos/media/tv/Carnivale S01-S02 web 10bit hevc-d3g/Carnivale S02/Carnivale.S02E10.1080p.WEBRip.10Bit.EAC3.H265-d3g.mkv275,1080,1920,1,142,267,1066,142,115500,0.056,"[[[0.25882354 0.21176471 0.16470589]  [0.25882354 0.21176471 0.16470589]  [0.2627451  0.21568628 0.16862746]  ...  [0.21568628 0.16470589 0.12941177]  [0.22745098 0.1764706  0.14117648]  [0.         0.         0.        ]] [[0.25882354 0.21176471 0.16470589]  [0.25882354 0.21176471 0.16470589]  [0.2627451  0.21176471 0.16470589]  ...  [0.21568628 0.16470589 0.12941177]  [0.22352941 0.17254902 0.13725491]  [0.         0.         0.        ]] [[0.2627451  0.21568628 0.16862746]  [0.2627451  0.21568628 0.16862746]  [0.25882354 0.21176471 0.16470589]  ...  [0.21568628 0.16078432 0.12941177]  [0.22352941 0.16862746 0.13725491]  [0.         0.         0.        ]] ... [[0.12156863 0.09803922 0.07450981]  [0.11372549 0.09019608 0.06666667]  [0.10980392 0.08627451 0.0627451 ]  ...  [0.2509804  0.13725491 0.11764706]  [0.25882354 0.14509805 0.1254902 ]  [0.         0.         0.        ]] [[0.12156863 0.09803922 0.07450981]  [0.11764706 0.09411765 0.06666667]  [0.10980392 0.08627451 0.0627451 ]  ...  [0.24705882 0.13333334 0.11764706]  [0.25490198 0.14117648 0.1254902 ]  [0.         0.         0.        ]] [[0.         0.         0.        ]  [0.         0.         0.        ]  [0.         0.         0.        ]  ...  [0.         0.         0.        ]  [0.         0.         0.        ]  [0.         0.         0.        ]]]",2.0344189757597633,20376,/home/amos/media/tv/Carnivale S01-S02 web 10bit hevc-d3g/Carnivale S02/Carnivale.S02E10.1080p.WEBRip.10Bit.EAC3.H265-d3g.mkv276,1080,1920,2,236,502,441,236,54530,0.026,"[[[0.11372549 0.09803922 0.0627451 ]  [0.11764706 0.10196079 0.06666667]  [0.11372549 0.09803922 0.0627451 ]  ...  [0.02352941 0.00784314 0.        ]  [0.02352941 0.00784314 0.        ]  [0.02745098 0.01176471 0.        ]] [[0.11372549 0.09803922 0.0627451 ]  [0.11372549 0.09803922 0.0627451 ]  [0.11372549 0.09803922 0.0627451 ]  ...  [0.02352941 0.00784314 0.        ]  [0.02745098 0.01176471 0.        ]  [0.02745098 0.01176471 0.        ]] [[0.11372549 0.09803922 0.0627451 ]  [0.11372549 0.09803922 0.0627451 ]  [0.11372549 0.09803922 0.0627451 ]  ...  [0.02745098 0.01176471 0.        ]  [0.02745098 0.01176471 0.        ]  [0.02352941 0.00784314 0.        ]] ... [[0.07450981 0.05490196 0.02745098]  [0.07058824 0.05098039 0.02745098]  [0.07058824 0.05098039 0.02745098]  ...  [0.9529412  0.92156863 0.8627451 ]  [0.9529412  0.92156863 0.8627451 ]  [0.9411765  0.9098039  0.8509804 ]] [[0.07450981 0.05882353 0.02745098]  [0.07058824 0.05490196 0.02745098]  [0.07058824 0.05490196 0.02745098]  ...  [0.94509804 0.9137255  0.8509804 ]  [0.94509804 0.9137255  0.8509804 ]  [0.9254902  0.89411765 0.8352941 ]] [[0.07450981 0.05882353 0.03137255]  [0.07058824 0.05490196 0.02745098]  [0.07058824 0.05490196 0.02745098]  ...  [0.9372549  0.90588236 0.84705883]  [0.93333334 0.9019608  0.84313726]  [0.9137255  0.8745098  0.8235294 ]]]",1.2870450610644184,20376,/home/amos/media/tv/Carnivale S01-S02 web 10bit hevc-d3g/Carnivale S02/Carnivale.S02E10.1080p.WEBRip.10Bit.EAC3.H265-d3g.mkv277,1080,1920,0,142,94,750,142,29184,0.014,"[[[0.1764706  0.15294118 0.12156863]  [0.1764706  0.15294118 0.12156863]  [0.1764706  0.15294118 0.12156863]  ...  [0.         0.         0.        ]  [0.         0.         0.        ]  [0.         0.         0.        ]] [[0.1764706  0.15294118 0.12156863]  [0.1764706  0.15294118 0.12156863]  [0.1764706  0.15294118 0.12156863]  ...  [0.         0.         0.        ]  [0.         0.         0.        ]  [0.         0.         0.        ]] [[0.1764706  0.15294118 0.12156863]  [0.1764706  0.15294118 0.12156863]  [0.1764706  0.15294118 0.12156863]  ...  [0.         0.         0.        ]  [0.         0.         0.        ]  [0.         0.         0.        ]] ... [[0.0627451  0.05490196 0.02745098]  [0.0627451  0.05490196 0.02745098]  [0.0627451  0.05490196 0.02745098]  ...  [0.         0.         0.        ]  [0.         0.         0.        ]  [0.         0.         0.        ]] [[0.05882353 0.05098039 0.02745098]  [0.05882353 0.05098039 0.02745098]  [0.05882353 0.05098039 0.02745098]  ...  [0.         0.         0.        ]  [0.         0.         0.        ]  [0.         0.         0.        ]] [[0.         0.         0.        ]  [0.         0.         0.        ]  [0.         0.         0.        ]  ...  [0.         0.         0.        ]  [0.         0.         0.        ]  [0.         0.         0.        ]]]",5.1112829218036495,20400,/home/amos/media/tv/Carnivale S01-S02 web 10bit hevc-d3g/Carnivale S02/Carnivale.S02E10.1080p.WEBRip.10Bit.EAC3.H265-d3g.mkv278,1080,1920,1,231,507,432,231,55476,0.027,"[[[0.10588235 0.09019608 0.05882353]  [0.10980392 0.09411765 0.0627451 ]  [0.11372549 0.09803922 0.0627451 ]  ...  [0.01960784 0.01176471 0.        ]  [0.01960784 0.01176471 0.        ]  [0.01960784 0.01176471 0.        ]] [[0.10588235 0.08627451 0.05882353]  [0.10980392 0.09019608 0.0627451 ]  [0.11764706 0.10196079 0.06666667]  ...  [0.01960784 0.01176471 0.        ]  [0.01960784 0.01176471 0.        ]  [0.01960784 0.01176471 0.        ]] [[0.10588235 0.09019608 0.05882353]  [0.10980392 0.09411765 0.0627451 ]  [0.11764706 0.10196079 0.06666667]  ...  [0.01960784 0.01176471 0.        ]  [0.01960784 0.01176471 0.        ]  [0.01960784 0.01176471 0.        ]] ... [[0.07058824 0.05490196 0.03137255]  [0.07058824 0.05490196 0.03137255]  [0.07058824 0.05490196 0.02745098]  ...  [0.56078434 0.48235294 0.41568628]  [0.6627451  0.5882353  0.5176471 ]  [0.7882353  0.7254902  0.6509804 ]] [[0.07058824 0.05490196 0.03137255]  [0.07058824 0.05490196 0.03137255]  [0.07058824 0.05490196 0.02745098]  ...  [0.5568628  0.47843137 0.4117647 ]  [0.63529414 0.5568628  0.49019608]  [0.7647059  0.69803923 0.627451  ]] [[0.07058824 0.05098039 0.03137255]  [0.07058824 0.05098039 0.03137255]  [0.06666667 0.04705882 0.02745098]  ...  [0.5529412  0.47843137 0.40784314]  [0.62352943 0.54901963 0.47843137]  [0.7490196  0.68235296 0.60784316]]]",2.5171100643347017,20400,/home/amos/media/tv/Carnivale S01-S02 web 10bit hevc-d3g/Carnivale S02/Carnivale.S02E10.1080p.WEBRip.10Bit.EAC3.H265-d3g.mkv279,1080,1920,0,222,513,440,222,63438,0.031,"[[[0.12156863 0.10588235 0.06666667]  [0.11764706 0.10196079 0.0627451 ]  [0.11764706 0.10196079 0.06666667]  ...  [0.01960784 0.01176471 0.        ]  [0.01568628 0.00784314 0.        ]  [0.         0.         0.        ]] [[0.12156863 0.10588235 0.07058824]  [0.12156863 0.10588235 0.07058824]  [0.12156863 0.10588235 0.07058824]  ...  [0.01960784 0.01176471 0.        ]  [0.01568628 0.00784314 0.        ]  [0.         0.         0.        ]] [[0.12156863 0.10588235 0.07058824]  [0.12156863 0.10588235 0.07058824]  [0.12156863 0.10588235 0.07058824]  ...  [0.01568628 0.00784314 0.        ]  [0.01568628 0.00784314 0.        ]  [0.         0.         0.        ]] ... [[0.06666667 0.05098039 0.02352941]  [0.06666667 0.05098039 0.02352941]  [0.06666667 0.05098039 0.01960784]  ...  [0.40784314 0.3529412  0.32156864]  [0.3529412  0.29803923 0.26666668]  [0.         0.         0.        ]] [[0.06666667 0.05098039 0.02352941]  [0.06666667 0.05098039 0.02352941]  [0.06666667 0.05098039 0.02352941]  ...  [0.39607844 0.34117648 0.30980393]  [0.34117648 0.28627452 0.25490198]  [0.         0.         0.        ]] [[0.         0.         0.        ]  [0.         0.         0.        ]  [0.         0.         0.        ]  ...  [0.         0.         0.        ]  [0.         0.         0.        ]  [0.         0.         0.        ]]]",1.1442180813173763,20424,/home/amos/media/tv/Carnivale S01-S02 web 10bit hevc-d3g/Carnivale S02/Carnivale.S02E10.1080p.WEBRip.10Bit.EAC3.H265-d3g.mkv280,1080,1920,0,227,511,437,227,59640,0.029,"[[[0.12156863 0.10588235 0.07058824]  [0.11764706 0.10196079 0.06666667]  [0.11764706 0.10196079 0.06666667]  ...  [0.01176471 0.00392157 0.        ]  [0.01176471 0.00392157 0.        ]  [0.01176471 0.00392157 0.        ]] [[0.12156863 0.10588235 0.07058824]  [0.12156863 0.10588235 0.07058824]  [0.11764706 0.10196079 0.06666667]  ...  [0.01176471 0.00392157 0.        ]  [0.00784314 0.         0.        ]  [0.01176471 0.00392157 0.        ]] [[0.12156863 0.10588235 0.07058824]  [0.12156863 0.10588235 0.07058824]  [0.11764706 0.10196079 0.06666667]  ...  [0.01176471 0.00392157 0.        ]  [0.00784314 0.         0.        ]  [0.01176471 0.00392157 0.        ]] ... [[0.07058824 0.05490196 0.02352941]  [0.07058824 0.05490196 0.02745098]  [0.07058824 0.05490196 0.02745098]  ...  [0.10196079 0.07450981 0.03137255]  [0.03529412 0.01960784 0.        ]  [0.03137255 0.01568628 0.        ]] [[0.07058824 0.05490196 0.02352941]  [0.07058824 0.05490196 0.02745098]  [0.07058824 0.05490196 0.02745098]  ...  [0.09019608 0.0627451  0.02352941]  [0.03137255 0.01176471 0.        ]  [0.02745098 0.00784314 0.        ]] [[0.07058824 0.05098039 0.02352941]  [0.07058824 0.05490196 0.02745098]  [0.07058824 0.05490196 0.02745098]  ...  [0.07843138 0.05490196 0.01568628]  [0.03137255 0.01568628 0.        ]  [0.03137255 0.01568628 0.        ]]]",1.2170930222491734,20448,/home/amos/media/tv/Carnivale S01-S02 web 10bit hevc-d3g/Carnivale S02/Carnivale.S02E10.1080p.WEBRip.10Bit.EAC3.H265-d3g.mkv281,1080,1920,1,66,617,520,66,250154,0.121,"[[[0.34901962 0.30588236 0.2509804 ]  [0.34901962 0.30588236 0.2509804 ]  [0.34901962 0.30588236 0.2509804 ]  ...  [0.60784316 0.52156866 0.45490196]  [0.6117647  0.5254902  0.45882353]  [0.6117647  0.5254902  0.45882353]] [[0.34901962 0.30588236 0.2509804 ]  [0.34901962 0.30588236 0.2509804 ]  [0.34901962 0.30588236 0.2509804 ]  ...  [0.60784316 0.5254902  0.45882353]  [0.6117647  0.5254902  0.45882353]  [0.6117647  0.5254902  0.45882353]] [[0.34901962 0.30588236 0.2509804 ]  [0.34901962 0.30588236 0.2509804 ]  [0.34901962 0.30588236 0.2509804 ]  ...  [0.6117647  0.5254902  0.45882353]  [0.6117647  0.5254902  0.45882353]  [0.6117647  0.5254902  0.45882353]] ... [[0.3019608  0.2509804  0.2       ]  [0.3019608  0.2509804  0.2       ]  [0.3019608  0.2509804  0.2       ]  ...  [0.58431375 0.49803922 0.42745098]  [0.58431375 0.5019608  0.43137255]  [0.58431375 0.5019608  0.43137255]] [[0.3019608  0.2509804  0.2       ]  [0.3019608  0.2509804  0.2       ]  [0.3019608  0.2509804  0.2       ]  ...  [0.5803922  0.49411765 0.42352942]  [0.58431375 0.49803922 0.42745098]  [0.58431375 0.49803922 0.42745098]] [[0.3019608  0.2509804  0.2       ]  [0.3019608  0.2509804  0.2       ]  [0.3019608  0.2509804  0.2       ]  ...  [0.5803922  0.49411765 0.42352942]  [0.58431375 0.49803922 0.42745098]  [0.58431375 0.49803922 0.42745098]]]",1.378446101618465,20448,/home/amos/media/tv/Carnivale S01-S02 web 10bit hevc-d3g/Carnivale S02/Carnivale.S02E10.1080p.WEBRip.10Bit.EAC3.H265-d3g.mkv282,1080,1920,0,224,509,437,224,60705,0.029,"[[[0.12941177 0.11372549 0.07843138]  [0.1254902  0.10980392 0.07450981]  [0.12156863 0.10588235 0.07058824]  ...  [0.01568628 0.00784314 0.        ]  [0.01960784 0.01176471 0.        ]  [0.01960784 0.00784314 0.        ]] [[0.12941177 0.11372549 0.07843138]  [0.12941177 0.11372549 0.07843138]  [0.1254902  0.10980392 0.07450981]  ...  [0.01568628 0.00392157 0.        ]  [0.01960784 0.00784314 0.        ]  [0.01960784 0.00784314 0.        ]] [[0.12941177 0.11372549 0.07843138]  [0.12941177 0.11372549 0.07843138]  [0.1254902  0.10980392 0.07450981]  ...  [0.01960784 0.01176471 0.        ]  [0.01960784 0.01176471 0.        ]  [0.01960784 0.00784314 0.        ]] ... [[0.07450981 0.05882353 0.03137255]  [0.07450981 0.05882353 0.03137255]  [0.07058824 0.05490196 0.02745098]  ...  [0.5254902  0.44705883 0.39607844]  [0.5294118  0.4509804  0.4       ]  [0.53333336 0.45882353 0.41568628]] [[0.07450981 0.05882353 0.03137255]  [0.07450981 0.05882353 0.03137255]  [0.07058824 0.05490196 0.02745098]  ...  [0.5294118  0.4509804  0.4       ]  [0.5294118  0.4509804  0.4       ]  [0.53333336 0.45882353 0.41568628]] [[0.07450981 0.05882353 0.03137255]  [0.07450981 0.05882353 0.03137255]  [0.07058824 0.05490196 0.02745098]  ...  [0.5294118  0.4509804  0.4       ]  [0.53333336 0.45490196 0.40392157]  [0.53333336 0.45490196 0.41568628]]]",0.8655350149492733,20472,/home/amos/media/tv/Carnivale S01-S02 web 10bit hevc-d3g/Carnivale S02/Carnivale.S02E10.1080p.WEBRip.10Bit.EAC3.H265-d3g.mkv283,1080,1920,0,218,512,443,218,66150,0.032,"[[[0.11372549 0.09803922 0.0627451 ]  [0.11372549 0.09803922 0.0627451 ]  [0.12156863 0.10588235 0.07058824]  ...  [0.01960784 0.01176471 0.        ]  [0.01568628 0.00784314 0.        ]  [0.01960784 0.01176471 0.        ]] [[0.11372549 0.09803922 0.0627451 ]  [0.11764706 0.10196079 0.06666667]  [0.12156863 0.10588235 0.07058824]  ...  [0.01960784 0.01176471 0.        ]  [0.01568628 0.00784314 0.        ]  [0.01960784 0.01176471 0.        ]] [[0.11764706 0.10196079 0.06666667]  [0.11764706 0.10196079 0.06666667]  [0.12156863 0.10588235 0.07058824]  ...  [0.01960784 0.01176471 0.        ]  [0.01568628 0.00784314 0.        ]  [0.01568628 0.00784314 0.        ]] ... [[0.0627451  0.04705882 0.01960784]  [0.05882353 0.04313726 0.01568628]  [0.05882353 0.04313726 0.01568628]  ...  [0.5294118  0.44705883 0.40784314]  [0.5176471  0.43529412 0.39607844]  [0.5294118  0.44313726 0.40392157]] [[0.0627451  0.04705882 0.01960784]  [0.05882353 0.04313726 0.01568628]  [0.05882353 0.04313726 0.01568628]  ...  [0.5254902  0.44313726 0.40392157]  [0.5137255  0.43137255 0.39215687]  [0.5294118  0.44313726 0.4       ]] [[0.0627451  0.04705882 0.01960784]  [0.0627451  0.04705882 0.01960784]  [0.05882353 0.04313726 0.01568628]  ...  [0.5254902  0.44313726 0.40392157]  [0.5176471  0.43529412 0.39607844]  [0.5372549  0.4509804  0.40784314]]]",0.20045407064026222,20496,/home/amos/media/tv/Carnivale S01-S02 web 10bit hevc-d3g/Carnivale S02/Carnivale.S02E10.1080p.WEBRip.10Bit.EAC3.H265-d3g.mkv284,1080,1920,0,207,518,449,207,75262,0.036,"[[[0.12941177 0.11372549 0.07843138]  [0.12941177 0.11372549 0.07843138]  [0.1254902  0.10980392 0.07450981]  ...  [0.01176471 0.00392157 0.        ]  [0.01176471 0.00392157 0.        ]  [0.         0.         0.        ]] [[0.12941177 0.11372549 0.07843138]  [0.12941177 0.11372549 0.07843138]  [0.12941177 0.11372549 0.07843138]  ...  [0.01176471 0.         0.        ]  [0.00784314 0.         0.        ]  [0.         0.         0.        ]] [[0.12941177 0.11372549 0.07843138]  [0.13333334 0.11764706 0.08235294]  [0.12941177 0.11372549 0.07843138]  ...  [0.01176471 0.00392157 0.        ]  [0.00784314 0.         0.        ]  [0.         0.         0.        ]] ... [[0.0627451  0.04705882 0.01960784]  [0.0627451  0.04705882 0.01960784]  [0.0627451  0.04705882 0.01960784]  ...  [0.52156866 0.4509804  0.40784314]  [0.4862745  0.41568628 0.37254903]  [0.         0.         0.        ]] [[0.0627451  0.04705882 0.01960784]  [0.0627451  0.04705882 0.01960784]  [0.0627451  0.04705882 0.01960784]  ...  [0.52156866 0.4509804  0.40784314]  [0.48235294 0.4117647  0.36862746]  [0.         0.         0.        ]] [[0.         0.         0.        ]  [0.         0.         0.        ]  [0.         0.         0.        ]  ...  [0.         0.         0.        ]  [0.         0.         0.        ]  [0.         0.         0.        ]]]",1.9620360961998813,20520,/home/amos/media/tv/Carnivale S01-S02 web 10bit hevc-d3g/Carnivale S02/Carnivale.S02E10.1080p.WEBRip.10Bit.EAC3.H265-d3g.mkv285,1080,1920,0,215,514,441,215,67574,0.033,"[[[0.11372549 0.09803922 0.0627451 ]  [0.11372549 0.09803922 0.0627451 ]  [0.11372549 0.09803922 0.0627451 ]  ...  [0.01176471 0.00392157 0.        ]  [0.01176471 0.00392157 0.        ]  [0.00784314 0.         0.        ]] [[0.11372549 0.09803922 0.0627451 ]  [0.10980392 0.09411765 0.05882353]  [0.11372549 0.09803922 0.0627451 ]  ...  [0.01568628 0.         0.        ]  [0.01568628 0.         0.        ]  [0.01176471 0.         0.        ]] [[0.11372549 0.09803922 0.0627451 ]  [0.11372549 0.09803922 0.0627451 ]  [0.11372549 0.09803922 0.0627451 ]  ...  [0.01176471 0.         0.        ]  [0.01568628 0.00392157 0.        ]  [0.00784314 0.         0.        ]] ... [[0.0627451  0.04705882 0.01960784]  [0.0627451  0.04705882 0.01568628]  [0.05882353 0.04313726 0.01176471]  ...  [0.02745098 0.00784314 0.        ]  [0.02352941 0.00784314 0.00392157]  [0.02352941 0.00784314 0.00392157]] [[0.06666667 0.05098039 0.02352941]  [0.0627451  0.04705882 0.01568628]  [0.0627451  0.04705882 0.01568628]  ...  [0.02745098 0.00784314 0.        ]  [0.02352941 0.00784314 0.00392157]  [0.02352941 0.00784314 0.00392157]] [[0.06666667 0.05098039 0.02352941]  [0.0627451  0.04705882 0.01568628]  [0.0627451  0.04705882 0.01568628]  ...  [0.02745098 0.00784314 0.        ]  [0.02352941 0.00784314 0.00392157]  [0.02352941 0.00784314 0.00392157]]]",1.4290000867913477,20544,/home/amos/media/tv/Carnivale S01-S02 web 10bit hevc-d3g/Carnivale S02/Carnivale.S02E10.1080p.WEBRip.10Bit.EAC3.H265-d3g.mkv286,1080,1920,0,116,274,982,116,136828,0.066,"[[[0.3019608  0.23529412 0.19607843]  [0.30588236 0.23921569 0.2       ]  [0.3137255  0.24705882 0.20784314]  ...  [0.23529412 0.16078432 0.12941177]  [0.22352941 0.14509805 0.11764706]  [0.21568628 0.13725491 0.10980392]] [[0.3019608  0.23529412 0.19607843]  [0.30588236 0.23921569 0.2       ]  [0.3137255  0.24705882 0.20784314]  ...  [0.23921569 0.16078432 0.13333334]  [0.22352941 0.14509805 0.11764706]  [0.21960784 0.13725491 0.10980392]] [[0.30588236 0.23529412 0.19607843]  [0.30980393 0.23921569 0.2       ]  [0.31764707 0.24705882 0.20784314]  ...  [0.23921569 0.16078432 0.13333334]  [0.22745098 0.14901961 0.12156863]  [0.22352941 0.14117648 0.11764706]] ... [[0.15294118 0.12156863 0.08627451]  [0.15686275 0.1254902  0.09019608]  [0.16862746 0.13725491 0.10196079]  ...  [0.2901961  0.18431373 0.15294118]  [0.2901961  0.18431373 0.14901961]  [0.28627452 0.18039216 0.14901961]] [[0.15686275 0.1254902  0.09019608]  [0.16078432 0.1254902  0.09019608]  [0.16470589 0.13333334 0.09803922]  ...  [0.28235295 0.1764706  0.14901961]  [0.28235295 0.1764706  0.14509805]  [0.28235295 0.1764706  0.14509805]] [[0.15686275 0.1254902  0.09019608]  [0.16078432 0.12941177 0.09411765]  [0.16470589 0.13333334 0.09803922]  ...  [0.28235295 0.1764706  0.14509805]  [0.2784314  0.17254902 0.14117648]  [0.2784314  0.17254902 0.14117648]]]",1.8520819669938646,20568,/home/amos/media/tv/Carnivale S01-S02 web 10bit hevc-d3g/Carnivale S02/Carnivale.S02E10.1080p.WEBRip.10Bit.EAC3.H265-d3g.mkv287,1080,1920,1,206,523,447,206,76397,0.037,"[[[0.1254902  0.10980392 0.07450981]  [0.12941177 0.11372549 0.07843138]  [0.12941177 0.11372549 0.07843138]  ...  [0.02352941 0.01568628 0.        ]  [0.02745098 0.01960784 0.00392157]  [0.02745098 0.01960784 0.00392157]] [[0.1254902  0.10980392 0.07450981]  [0.12941177 0.11372549 0.07843138]  [0.1254902  0.10980392 0.07450981]  ...  [0.02352941 0.01568628 0.        ]  [0.02745098 0.01960784 0.00392157]  [0.02745098 0.01960784 0.00392157]] [[0.1254902  0.10980392 0.07450981]  [0.1254902  0.10980392 0.07450981]  [0.1254902  0.10980392 0.07450981]  ...  [0.02745098 0.01960784 0.00392157]  [0.02745098 0.01960784 0.00392157]  [0.03137255 0.02352941 0.00784314]] ... [[0.05490196 0.03921569 0.01176471]  [0.05882353 0.04313726 0.01568628]  [0.05882353 0.04313726 0.01568628]  ...  [0.01568628 0.00392157 0.        ]  [0.01568628 0.00392157 0.        ]  [0.01960784 0.00784314 0.        ]] [[0.05882353 0.04313726 0.01568628]  [0.05882353 0.04313726 0.01568628]  [0.05882353 0.04313726 0.01568628]  ...  [0.02352941 0.01176471 0.00392157]  [0.02352941 0.01176471 0.00392157]  [0.02352941 0.01176471 0.00392157]] [[0.05882353 0.04313726 0.01568628]  [0.05882353 0.04313726 0.01568628]  [0.05882353 0.04313726 0.01568628]  ...  [0.02745098 0.01568628 0.00784314]  [0.02745098 0.01568628 0.00784314]  [0.02352941 0.01176471 0.00392157]]]",2.425958016596269,20568,/home/amos/media/tv/Carnivale S01-S02 web 10bit hevc-d3g/Carnivale S02/Carnivale.S02E10.1080p.WEBRip.10Bit.EAC3.H265-d3g.mkv288,1080,1920,0,195,524,454,195,85211,0.041,"[[[0.1254902  0.10980392 0.07450981]  [0.11764706 0.10196079 0.06666667]  [0.11372549 0.09803922 0.0627451 ]  ...  [0.01568628 0.00392157 0.        ]  [0.01176471 0.         0.        ]  [0.         0.         0.        ]] [[0.1254902  0.10980392 0.07450981]  [0.11764706 0.10196079 0.06666667]  [0.11764706 0.10196079 0.06666667]  ...  [0.01568628 0.00392157 0.        ]  [0.01176471 0.         0.        ]  [0.         0.         0.        ]] [[0.1254902  0.10980392 0.07450981]  [0.11764706 0.10196079 0.06666667]  [0.11764706 0.10196079 0.06666667]  ...  [0.01568628 0.00392157 0.        ]  [0.01176471 0.00392157 0.        ]  [0.         0.         0.        ]] ... [[0.08627451 0.07058824 0.03921569]  [0.08627451 0.07058824 0.03921569]  [0.08627451 0.07058824 0.03921569]  ...  [0.03137255 0.00784314 0.        ]  [0.02745098 0.01176471 0.        ]  [0.         0.         0.        ]] [[0.08235294 0.06666667 0.03529412]  [0.08627451 0.07058824 0.03921569]  [0.08627451 0.07058824 0.03921569]  ...  [0.02745098 0.00392157 0.        ]  [0.02745098 0.01176471 0.        ]  [0.         0.         0.        ]] [[0.         0.         0.        ]  [0.         0.         0.        ]  [0.         0.         0.        ]  ...  [0.         0.         0.        ]  [0.         0.         0.        ]  [0.         0.         0.        ]]]",2.425958016596269,20592,/home/amos/media/tv/Carnivale S01-S02 web 10bit hevc-d3g/Carnivale S02/Carnivale.S02E10.1080p.WEBRip.10Bit.EAC3.H265-d3g.mkv289,1080,1920,0,209,518,444,209,72615,0.035,"[[[0.11372549 0.10196079 0.06666667]  [0.11372549 0.10196079 0.06666667]  [0.12156863 0.10588235 0.07058824]  ...  [0.01960784 0.00784314 0.        ]  [0.01176471 0.         0.        ]  [0.01176471 0.         0.        ]] [[0.11764706 0.10588235 0.07058824]  [0.11372549 0.10196079 0.06666667]  [0.12156863 0.10588235 0.07058824]  ...  [0.01568628 0.00392157 0.        ]  [0.01176471 0.         0.        ]  [0.01176471 0.         0.        ]] [[0.12156863 0.10980392 0.07450981]  [0.12156863 0.10980392 0.07450981]  [0.12156863 0.10980392 0.07450981]  ...  [0.01568628 0.00392157 0.        ]  [0.01176471 0.         0.        ]  [0.01176471 0.         0.        ]] ... [[0.05882353 0.04313726 0.01568628]  [0.05882353 0.04313726 0.01568628]  [0.0627451  0.04705882 0.01960784]  ...  [0.36078432 0.30588236 0.26666668]  [0.2784314  0.22352941 0.18431373]  [0.18039216 0.14509805 0.10196079]] [[0.05882353 0.04313726 0.01568628]  [0.05882353 0.04313726 0.01568628]  [0.05882353 0.04313726 0.01568628]  ...  [0.34901962 0.29411766 0.25490198]  [0.26666668 0.21568628 0.17254902]  [0.16862746 0.13333334 0.09411765]] [[0.05882353 0.04313726 0.01568628]  [0.05882353 0.04313726 0.01568628]  [0.05882353 0.04313726 0.01568628]  ...  [0.34117648 0.28627452 0.24705882]  [0.25882354 0.20784314 0.16470589]  [0.15686275 0.1254902  0.07843138]]]",0.6126290724496357,20616,/home/amos/media/tv/Carnivale S01-S02 web 10bit hevc-d3g/Carnivale S02/Carnivale.S02E10.1080p.WEBRip.10Bit.EAC3.H265-d3g.mkv290,1080,1920,0,210,519,443,210,71997,0.035,"[[[0.11372549 0.10588235 0.0627451 ]  [0.11372549 0.10588235 0.05882353]  [0.11764706 0.10980392 0.0627451 ]  ...  [0.01176471 0.00392157 0.        ]  [0.01176471 0.00392157 0.        ]  [0.00784314 0.         0.        ]] [[0.11372549 0.10588235 0.0627451 ]  [0.11372549 0.10588235 0.05882353]  [0.11764706 0.10980392 0.0627451 ]  ...  [0.01176471 0.00392157 0.        ]  [0.01176471 0.00392157 0.        ]  [0.00784314 0.         0.        ]] [[0.11372549 0.10588235 0.0627451 ]  [0.11372549 0.10588235 0.05882353]  [0.11764706 0.10980392 0.0627451 ]  ...  [0.01176471 0.00392157 0.        ]  [0.01176471 0.00392157 0.        ]  [0.01176471 0.00392157 0.        ]] ... [[0.05882353 0.04313726 0.01568628]  [0.05882353 0.04313726 0.01568628]  [0.0627451  0.04313726 0.01960784]  ...  [0.07450981 0.05098039 0.00784314]  [0.04705882 0.02352941 0.        ]  [0.03137255 0.01568628 0.        ]] [[0.05882353 0.04313726 0.01568628]  [0.05882353 0.04313726 0.01568628]  [0.05882353 0.04313726 0.01568628]  ...  [0.07058824 0.04705882 0.00784314]  [0.04705882 0.02352941 0.        ]  [0.03529412 0.01960784 0.        ]] [[0.05882353 0.04313726 0.01568628]  [0.05882353 0.04313726 0.01568628]  [0.05882353 0.04313726 0.01568628]  ...  [0.06666667 0.04313726 0.00392157]  [0.04705882 0.02352941 0.        ]  [0.03529412 0.01568628 0.        ]]]",1.9439120494644158,20640,/home/amos/media/tv/Carnivale S01-S02 web 10bit hevc-d3g/Carnivale S02/Carnivale.S02E10.1080p.WEBRip.10Bit.EAC3.H265-d3g.mkv291,1080,1920,0,220,516,439,220,64824,0.031,"[[[0.11372549 0.09803922 0.0627451 ]  [0.11372549 0.09803922 0.0627451 ]  [0.11764706 0.10196079 0.06666667]  ...  [0.01568628 0.00392157 0.        ]  [0.01568628 0.00392157 0.        ]  [0.         0.         0.        ]] [[0.11372549 0.09803922 0.0627451 ]  [0.11372549 0.09803922 0.0627451 ]  [0.11764706 0.10196079 0.06666667]  ...  [0.01568628 0.00392157 0.        ]  [0.01176471 0.         0.        ]  [0.         0.         0.        ]] [[0.11372549 0.09803922 0.0627451 ]  [0.11372549 0.09803922 0.0627451 ]  [0.11764706 0.10196079 0.06666667]  ...  [0.01568628 0.00392157 0.        ]  [0.01568628 0.00392157 0.        ]  [0.         0.         0.        ]] ... [[0.07058824 0.05490196 0.02745098]  [0.07058824 0.05490196 0.02745098]  [0.06666667 0.05098039 0.02352941]  ...  [0.02352941 0.00784314 0.        ]  [0.01960784 0.01176471 0.00784314]  [0.         0.         0.        ]] [[0.07450981 0.05882353 0.03137255]  [0.07058824 0.05490196 0.02745098]  [0.06666667 0.05098039 0.02352941]  ...  [0.02352941 0.00784314 0.        ]  [0.01568628 0.00784314 0.        ]  [0.         0.         0.        ]] [[0.         0.         0.        ]  [0.         0.         0.        ]  [0.         0.         0.        ]  ...  [0.         0.         0.        ]  [0.         0.         0.        ]  [0.         0.         0.        ]]]",1.5470970474998467,20664,/home/amos/media/tv/Carnivale S01-S02 web 10bit hevc-d3g/Carnivale S02/Carnivale.S02E10.1080p.WEBRip.10Bit.EAC3.H265-d3g.mkv292,1080,1920,0,214,523,446,214,71688,0.035,"[[[0.1254902  0.11764706 0.07450981]  [0.12941177 0.12156863 0.07843138]  [0.13333334 0.12156863 0.07843138]  ...  [0.01176471 0.         0.        ]  [0.01176471 0.         0.        ]  [0.         0.         0.        ]] [[0.1254902  0.11764706 0.07450981]  [0.12941177 0.12156863 0.07843138]  [0.13333334 0.12156863 0.07843138]  ...  [0.01176471 0.         0.        ]  [0.01176471 0.         0.        ]  [0.         0.         0.        ]] [[0.1254902  0.11764706 0.07450981]  [0.12941177 0.12156863 0.07843138]  [0.13333334 0.12156863 0.07843138]  ...  [0.01176471 0.         0.        ]  [0.01176471 0.         0.        ]  [0.         0.         0.        ]] ... [[0.0627451  0.04705882 0.01960784]  [0.05882353 0.04313726 0.01568628]  [0.05882353 0.04313726 0.01176471]  ...  [0.08235294 0.05098039 0.02352941]  [0.04705882 0.01568628 0.        ]  [0.         0.         0.        ]] [[0.05882353 0.04313726 0.01568628]  [0.05882353 0.04313726 0.01568628]  [0.05882353 0.04313726 0.01568628]  ...  [0.07450981 0.05098039 0.02352941]  [0.04705882 0.01960784 0.        ]  [0.         0.         0.        ]] [[0.         0.         0.        ]  [0.         0.         0.        ]  [0.         0.         0.        ]  ...  [0.         0.         0.        ]  [0.         0.         0.        ]  [0.         0.         0.        ]]]",0.6153090462903492,20688,/home/amos/media/tv/Carnivale S01-S02 web 10bit hevc-d3g/Carnivale S02/Carnivale.S02E10.1080p.WEBRip.10Bit.EAC3.H265-d3g.mkv293,1080,1920,0,224,517,438,224,62702,0.03,"[[[0.12156863 0.10588235 0.07058824]  [0.11764706 0.10196079 0.06666667]  [0.11372549 0.09803922 0.0627451 ]  ...  [0.01176471 0.         0.        ]  [0.01176471 0.         0.        ]  [0.01176471 0.         0.        ]] [[0.12156863 0.10588235 0.07058824]  [0.11764706 0.10196079 0.06666667]  [0.11372549 0.09803922 0.0627451 ]  ...  [0.01176471 0.         0.        ]  [0.01176471 0.         0.        ]  [0.01176471 0.         0.        ]] [[0.12156863 0.10588235 0.07058824]  [0.12156863 0.10588235 0.07058824]  [0.11764706 0.10196079 0.06666667]  ...  [0.01176471 0.         0.        ]  [0.01176471 0.         0.        ]  [0.01176471 0.         0.        ]] ... [[0.07058824 0.05490196 0.02745098]  [0.06666667 0.05098039 0.02352941]  [0.06666667 0.05098039 0.02352941]  ...  [0.05490196 0.02745098 0.        ]  [0.03921569 0.01960784 0.        ]  [0.03529412 0.01568628 0.        ]] [[0.07058824 0.05490196 0.02745098]  [0.06666667 0.05098039 0.02352941]  [0.06666667 0.05098039 0.02352941]  ...  [0.05490196 0.02745098 0.        ]  [0.03921569 0.02352941 0.        ]  [0.03529412 0.01960784 0.        ]] [[0.06666667 0.05098039 0.02352941]  [0.06666667 0.05098039 0.02352941]  [0.06666667 0.05098039 0.02352941]  ...  [0.05098039 0.02352941 0.        ]  [0.03921569 0.01960784 0.00392157]  [0.03529412 0.01568628 0.        ]]]",1.8318950251559727,20712,/home/amos/media/tv/Carnivale S01-S02 web 10bit hevc-d3g/Carnivale S02/Carnivale.S02E10.1080p.WEBRip.10Bit.EAC3.H265-d3g.mkv294,1080,1920,0,330,336,550,330,1320,0.001,"[[[0.2        0.14901961 0.1254902 ]  [0.19607843 0.14509805 0.12156863]  [0.19607843 0.14509805 0.12156863]  ...  [0.16078432 0.10196079 0.08235294]  [0.15686275 0.09803922 0.07843138]  [0.16078432 0.10196079 0.08235294]] [[0.2        0.14901961 0.1254902 ]  [0.19607843 0.14509805 0.12156863]  [0.19607843 0.14509805 0.12156863]  ...  [0.16470589 0.10588235 0.08627451]  [0.16078432 0.10196079 0.08235294]  [0.16078432 0.10196079 0.08235294]] [[0.19607843 0.14509805 0.12156863]  [0.19607843 0.14509805 0.12156863]  [0.19215687 0.14117648 0.11764706]  ...  [0.16470589 0.10588235 0.08627451]  [0.16078432 0.10196079 0.08235294]  [0.16078432 0.10196079 0.08235294]] ... [[0.2509804  0.22352941 0.19215687]  [0.23137255 0.20392157 0.17254902]  [0.19607843 0.16862746 0.13725491]  ...  [0.19215687 0.11764706 0.10196079]  [0.19607843 0.12156863 0.10588235]  [0.20392157 0.1254902  0.10196079]] [[0.25490198 0.22745098 0.19607843]  [0.24705882 0.21960784 0.1882353 ]  [0.21176471 0.18431373 0.15294118]  ...  [0.19215687 0.11764706 0.10196079]  [0.19607843 0.12156863 0.10588235]  [0.20392157 0.1254902  0.10196079]] [[0.25490198 0.22745098 0.19607843]  [0.2509804  0.22352941 0.19215687]  [0.21960784 0.19215687 0.16078432]  ...  [0.1882353  0.11764706 0.10196079]  [0.20392157 0.1254902  0.10980392]  [0.21176471 0.13333334 0.10980392]]]",3.3134280491503887,20736,/home/amos/media/tv/Carnivale S01-S02 web 10bit hevc-d3g/Carnivale S02/Carnivale.S02E10.1080p.WEBRip.10Bit.EAC3.H265-d3g.mkv295,1080,1920,0,327,277,600,327,13650,0.007,"[[[0.2        0.13725491 0.11764706]  [0.2        0.13725491 0.11764706]  [0.2        0.13725491 0.11764706]  ...  [0.16078432 0.10980392 0.08627451]  [0.15686275 0.10588235 0.08235294]  [0.14901961 0.09803922 0.07450981]] [[0.2        0.13725491 0.11764706]  [0.2        0.13725491 0.11764706]  [0.2        0.13725491 0.11764706]  ...  [0.16078432 0.10980392 0.08627451]  [0.15686275 0.10588235 0.08235294]  [0.15294118 0.10196079 0.07843138]] [[0.20392157 0.14117648 0.12156863]  [0.2        0.13725491 0.11764706]  [0.2        0.13725491 0.11764706]  ...  [0.16078432 0.10980392 0.08627451]  [0.16078432 0.10980392 0.08235294]  [0.15686275 0.10588235 0.08235294]] ... [[0.16862746 0.12941177 0.10980392]  [0.21176471 0.17254902 0.15294118]  [0.23137255 0.19215687 0.17254902]  ...  [0.2509804  0.16078432 0.14117648]  [0.25490198 0.16862746 0.14901961]  [0.28627452 0.20392157 0.18039216]] [[0.16078432 0.12156863 0.10196079]  [0.1882353  0.14901961 0.12941177]  [0.23137255 0.19215687 0.17254902]  ...  [0.24705882 0.16078432 0.14117648]  [0.26666668 0.18039216 0.16078432]  [0.27058825 0.1882353  0.16470589]] [[0.14509805 0.10588235 0.08627451]  [0.16862746 0.12941177 0.10980392]  [0.21176471 0.1764706  0.15686275]  ...  [0.24705882 0.16078432 0.14117648]  [0.25882354 0.17254902 0.15294118]  [0.2509804  0.16862746 0.14509805]]]",6.860319013823755,20760,/home/amos/media/tv/Carnivale S01-S02 web 10bit hevc-d3g/Carnivale S02/Carnivale.S02E10.1080p.WEBRip.10Bit.EAC3.H265-d3g.mkv296,1080,1920,0,137,531,537,137,157600,0.076,"[[[0.10588235 0.08235294 0.05882353]  [0.10196079 0.07843138 0.05882353]  [0.10196079 0.07843138 0.05882353]  ...  [0.14509805 0.13333334 0.10588235]  [0.14117648 0.12941177 0.10196079]  [0.14117648 0.12941177 0.10196079]] [[0.11764706 0.09411765 0.07058824]  [0.11764706 0.09411765 0.07058824]  [0.11764706 0.09411765 0.07450981]  ...  [0.14509805 0.13333334 0.10196079]  [0.14117648 0.12941177 0.10196079]  [0.13725491 0.1254902  0.09803922]] [[0.13725491 0.11372549 0.09019608]  [0.13725491 0.11372549 0.09019608]  [0.13725491 0.11372549 0.09411765]  ...  [0.14117648 0.12941177 0.10196079]  [0.13725491 0.1254902  0.09803922]  [0.13725491 0.1254902  0.09803922]] ... [[0.29411766 0.24705882 0.22352941]  [0.29411766 0.24705882 0.22352941]  [0.29411766 0.24705882 0.22352941]  ...  [0.11372549 0.09019608 0.07058824]  [0.10588235 0.08235294 0.0627451 ]  [0.10196079 0.07843138 0.05882353]] [[0.2901961  0.24313726 0.21568628]  [0.2901961  0.24313726 0.21568628]  [0.2901961  0.24313726 0.21568628]  ...  [0.10980392 0.08627451 0.06666667]  [0.10588235 0.08235294 0.0627451 ]  [0.10196079 0.07843138 0.05882353]] [[0.28627452 0.23921569 0.21176471]  [0.28627452 0.23921569 0.21176471]  [0.28627452 0.24313726 0.21176471]  ...  [0.10980392 0.08627451 0.06666667]  [0.10588235 0.08235294 0.0627451 ]  [0.10196079 0.07843138 0.05882353]]]",5.663099110533949,20880,/home/amos/media/tv/Carnivale S01-S02 web 10bit hevc-d3g/Carnivale S02/Carnivale.S02E10.1080p.WEBRip.10Bit.EAC3.H265-d3g.mkv297,1080,1920,1,104,628,978,104,457976,0.221,"[[[0.2901961  0.25882354 0.21568628]  [0.28627452 0.25490198 0.21176471]  [0.2784314  0.24705882 0.20392157]  ...  [0.3137255  0.2        0.1882353 ]  [0.3019608  0.1882353  0.17254902]  [0.29411766 0.18039216 0.16862746]] [[0.2901961  0.2627451  0.21568628]  [0.28627452 0.25490198 0.21176471]  [0.2784314  0.24705882 0.20392157]  ...  [0.30980393 0.19607843 0.18431373]  [0.29803923 0.18431373 0.17254902]  [0.29411766 0.18039216 0.16862746]] [[0.29803923 0.26666668 0.22352941]  [0.2901961  0.25882354 0.21568628]  [0.27450982 0.24313726 0.2       ]  ...  [0.29803923 0.18431373 0.17254902]  [0.29411766 0.18039216 0.16862746]  [0.29411766 0.18039216 0.16862746]] ... [[0.47058824 0.40392157 0.36862746]  [0.47058824 0.40392157 0.36862746]  [0.47843137 0.4117647  0.3764706 ]  ...  [0.22352941 0.12941177 0.10588235]  [0.22352941 0.12941177 0.10588235]  [0.22352941 0.12941177 0.10588235]] [[0.47058824 0.40392157 0.36862746]  [0.47058824 0.40392157 0.36862746]  [0.4745098  0.40784314 0.37254903]  ...  [0.22352941 0.12941177 0.10588235]  [0.22352941 0.12941177 0.10588235]  [0.22352941 0.12941177 0.10588235]] [[0.47058824 0.40392157 0.36862746]  [0.47058824 0.40392157 0.36862746]  [0.4745098  0.40784314 0.37254903]  ...  [0.22352941 0.12941177 0.10588235]  [0.22352941 0.12941177 0.10588235]  [0.22352941 0.12941177 0.10588235]]]",1.1395130237215199,20880,/home/amos/media/tv/Carnivale S01-S02 web 10bit hevc-d3g/Carnivale S02/Carnivale.S02E10.1080p.WEBRip.10Bit.EAC3.H265-d3g.mkv298,1080,1920,0,113,629,967,113,440664,0.213,"[[[0.2784314  0.23529412 0.19607843]  [0.2784314  0.23529412 0.19607843]  [0.27450982 0.23137255 0.19215687]  ...  [0.27058825 0.17254902 0.15294118]  [0.26666668 0.16862746 0.14901961]  [0.26666668 0.16862746 0.14901961]] [[0.2784314  0.23529412 0.19607843]  [0.27450982 0.23137255 0.19215687]  [0.27450982 0.23137255 0.19215687]  ...  [0.26666668 0.17254902 0.15294118]  [0.26666668 0.16862746 0.14901961]  [0.26666668 0.16862746 0.14901961]] [[0.27450982 0.23137255 0.19215687]  [0.27450982 0.23137255 0.19215687]  [0.27058825 0.22745098 0.1882353 ]  ...  [0.26666668 0.16862746 0.14901961]  [0.26666668 0.16862746 0.14901961]  [0.26666668 0.16862746 0.14901961]] ... [[0.10980392 0.07058824 0.05098039]  [0.10196079 0.06666667 0.04313726]  [0.09019608 0.05882353 0.03137255]  ...  [0.25882354 0.15686275 0.13725491]  [0.2627451  0.16078432 0.14117648]  [0.2627451  0.16078432 0.14117648]] [[0.11764706 0.07843138 0.05882353]  [0.10980392 0.07058824 0.05098039]  [0.09411765 0.05882353 0.03529412]  ...  [0.25490198 0.15294118 0.13333334]  [0.25882354 0.15294118 0.13725491]  [0.25882354 0.15686275 0.13725491]] [[0.12156863 0.08235294 0.0627451 ]  [0.11372549 0.07450981 0.05490196]  [0.09803922 0.0627451  0.03529412]  ...  [0.25490198 0.15294118 0.13333334]  [0.25490198 0.15294118 0.13333334]  [0.25490198 0.15294118 0.13333334]]]",4.759014122304507,20904,/home/amos/media/tv/Carnivale S01-S02 web 10bit hevc-d3g/Carnivale S02/Carnivale.S02E10.1080p.WEBRip.10Bit.EAC3.H265-d3g.mkv299,1080,1920,0,117,352,954,117,196695,0.095,"[[[0.         0.         0.        ]  [0.         0.         0.        ]  [0.         0.         0.        ]  ...  [0.10980392 0.07843138 0.03529412]  [0.10980392 0.07843138 0.03529412]  [0.10980392 0.07843138 0.03529412]] [[0.         0.         0.        ]  [0.         0.         0.        ]  [0.         0.         0.        ]  ...  [0.10980392 0.07843138 0.03529412]  [0.10980392 0.07843138 0.03529412]  [0.10980392 0.07843138 0.03529412]] [[0.         0.         0.        ]  [0.         0.         0.        ]  [0.         0.         0.        ]  ...  [0.10588235 0.07450981 0.03137255]  [0.10588235 0.07450981 0.03137255]  [0.10588235 0.07450981 0.03137255]] ... [[0.         0.         0.        ]  [0.         0.         0.        ]  [0.         0.         0.        ]  ...  [0.09803922 0.06666667 0.04313726]  [0.10196079 0.07058824 0.04313726]  [0.10588235 0.07058824 0.04313726]] [[0.         0.         0.        ]  [0.         0.         0.        ]  [0.         0.         0.        ]  ...  [0.09803922 0.06666667 0.04313726]  [0.10196079 0.06666667 0.03921569]  [0.10196079 0.06666667 0.03921569]] [[0.         0.         0.        ]  [0.         0.         0.        ]  [0.         0.         0.        ]  ...  [0.09803922 0.06666667 0.04313726]  [0.10196079 0.06666667 0.03921569]  [0.10196079 0.06666667 0.03921569]]]",2.0863520420971327,21024,/home/amos/media/tv/Carnivale S01-S02 web 10bit hevc-d3g/Carnivale S02/Carnivale.S02E10.1080p.WEBRip.10Bit.EAC3.H265-d3g.mkv300,1080,1920,0,144,437,651,144,148551,0.072,"[[[0.22745098 0.18431373 0.14509805]  [0.22745098 0.18431373 0.14509805]  [0.22745098 0.18431373 0.14509805]  ...  [0.05490196 0.02352941 0.        ]  [0.05098039 0.01960784 0.        ]  [0.05098039 0.01568628 0.        ]] [[0.21960784 0.1764706  0.13725491]  [0.22352941 0.1764706  0.14117648]  [0.22352941 0.18039216 0.14117648]  ...  [0.05882353 0.03137255 0.00392157]  [0.05490196 0.02352941 0.        ]  [0.05490196 0.01960784 0.        ]] [[0.20784314 0.16470589 0.1254902 ]  [0.21176471 0.16862746 0.12941177]  [0.21960784 0.17254902 0.13725491]  ...  [0.0627451  0.03529412 0.00784314]  [0.0627451  0.02745098 0.00392157]  [0.05882353 0.02352941 0.        ]] ... [[0.08235294 0.02745098 0.        ]  [0.07843138 0.02352941 0.        ]  [0.07058824 0.01960784 0.        ]  ...  [0.03137255 0.01176471 0.00392157]  [0.02745098 0.00784314 0.        ]  [0.02745098 0.00784314 0.        ]] [[0.08235294 0.02745098 0.        ]  [0.07843138 0.02352941 0.        ]  [0.07450981 0.02352941 0.        ]  ...  [0.03137255 0.00784314 0.00392157]  [0.02745098 0.00784314 0.        ]  [0.02745098 0.00784314 0.        ]] [[0.08235294 0.02745098 0.        ]  [0.07843138 0.02352941 0.        ]  [0.07450981 0.02352941 0.        ]  ...  [0.02745098 0.00784314 0.        ]  [0.02745098 0.00784314 0.        ]  [0.02745098 0.00784314 0.        ]]]",0.5773581391549669,21072,/home/amos/media/tv/Carnivale S01-S02 web 10bit hevc-d3g/Carnivale S02/Carnivale.S02E10.1080p.WEBRip.10Bit.EAC3.H265-d3g.mkv301,1080,1920,1,61,480,543,61,201958,0.097,"[[[0.21960784 0.16078432 0.11372549]  [0.21960784 0.16078432 0.11372549]  [0.22352941 0.16470589 0.11764706]  ...  [0.31764707 0.21568628 0.19215687]  [0.3137255  0.21176471 0.1882353 ]  [0.3137255  0.21176471 0.1882353 ]] [[0.21960784 0.16078432 0.11372549]  [0.21960784 0.16078432 0.11372549]  [0.22352941 0.16470589 0.11764706]  ...  [0.31764707 0.21568628 0.19215687]  [0.3137255  0.21176471 0.1882353 ]  [0.3137255  0.21176471 0.1882353 ]] [[0.21960784 0.16078432 0.11372549]  [0.21960784 0.16078432 0.11372549]  [0.22352941 0.16470589 0.11764706]  ...  [0.32156864 0.21960784 0.19607843]  [0.31764707 0.21568628 0.19215687]  [0.31764707 0.21568628 0.19215687]] ... [[0.12156863 0.07450981 0.03137255]  [0.12156863 0.07450981 0.03137255]  [0.13333334 0.08627451 0.04313726]  ...  [0.20392157 0.12156863 0.09019608]  [0.20784314 0.1254902  0.09411765]  [0.20784314 0.1254902  0.09411765]] [[0.11764706 0.07058824 0.02745098]  [0.11764706 0.07058824 0.02745098]  [0.12941177 0.08235294 0.03921569]  ...  [0.2        0.11764706 0.08627451]  [0.20392157 0.12156863 0.09019608]  [0.20392157 0.12156863 0.09019608]] [[0.11764706 0.07058824 0.02745098]  [0.11764706 0.07058824 0.02745098]  [0.12941177 0.08235294 0.03921569]  ...  [0.2        0.11764706 0.08627451]  [0.20392157 0.12156863 0.09019608]  [0.20392157 0.12156863 0.09019608]]]",2.6614260094356723,21072,/home/amos/media/tv/Carnivale S01-S02 web 10bit hevc-d3g/Carnivale S02/Carnivale.S02E10.1080p.WEBRip.10Bit.EAC3.H265-d3g.mkv302,1080,1920,0,312,468,347,312,5460,0.003,"[[[0.18431373 0.14117648 0.10588235]  [0.18431373 0.14117648 0.10588235]  [0.18039216 0.13725491 0.10196079]  ...  [0.16470589 0.11764706 0.07843138]  [0.16470589 0.11764706 0.07843138]  [0.15686275 0.10980392 0.07450981]] [[0.18039216 0.13725491 0.10196079]  [0.18039216 0.13725491 0.10196079]  [0.1764706  0.13333334 0.09803922]  ...  [0.16470589 0.11764706 0.07843138]  [0.16470589 0.11764706 0.07843138]  [0.16078432 0.11372549 0.07843138]] [[0.18039216 0.13725491 0.10196079]  [0.1764706  0.13333334 0.09803922]  [0.1764706  0.13333334 0.09803922]  ...  [0.16862746 0.12156863 0.08235294]  [0.16470589 0.11764706 0.07843138]  [0.15686275 0.11372549 0.07843138]] ... [[0.10588235 0.07058824 0.04705882]  [0.10196079 0.06666667 0.04313726]  [0.09803922 0.0627451  0.03529412]  ...  [0.14509805 0.10980392 0.09019608]  [0.11372549 0.08627451 0.0627451 ]  [0.09803922 0.07058824 0.04705882]] [[0.10588235 0.07058824 0.05098039]  [0.10588235 0.07058824 0.04313726]  [0.10196079 0.06666667 0.03921569]  ...  [0.14901961 0.11372549 0.09411765]  [0.11372549 0.08627451 0.0627451 ]  [0.09803922 0.07058824 0.04705882]] [[0.10980392 0.07450981 0.05098039]  [0.10588235 0.07058824 0.04705882]  [0.10588235 0.07058824 0.04313726]  ...  [0.15686275 0.12156863 0.10196079]  [0.12156863 0.09411765 0.07058824]  [0.10196079 0.07450981 0.05098039]]]",1.341226996097248,21336,/home/amos/media/tv/Carnivale S01-S02 web 10bit hevc-d3g/Carnivale S02/Carnivale.S02E10.1080p.WEBRip.10Bit.EAC3.H265-d3g.mkv303,1080,1920,0,305,471,352,305,7802,0.004,"[[[0.17254902 0.12941177 0.09411765]  [0.16470589 0.12156863 0.08627451]  [0.16470589 0.12156863 0.08627451]  ...  [0.15686275 0.11372549 0.07843138]  [0.16078432 0.11764706 0.07843138]  [0.16470589 0.11764706 0.07843138]] [[0.16862746 0.1254902  0.09019608]  [0.16470589 0.12156863 0.08627451]  [0.16470589 0.12156863 0.08627451]  ...  [0.16470589 0.10980392 0.07843138]  [0.16862746 0.11372549 0.08235294]  [0.16862746 0.11764706 0.08235294]] [[0.16862746 0.1254902  0.09019608]  [0.16470589 0.12156863 0.08627451]  [0.16470589 0.12156863 0.08627451]  ...  [0.16470589 0.10980392 0.07843138]  [0.16862746 0.11372549 0.08235294]  [0.16862746 0.11764706 0.08235294]] ... [[0.09019608 0.05490196 0.02745098]  [0.09411765 0.05882353 0.03137255]  [0.09411765 0.05882353 0.03137255]  ...  [0.15686275 0.13333334 0.10588235]  [0.12941177 0.10196079 0.07843138]  [0.10588235 0.07843138 0.05490196]] [[0.09019608 0.05490196 0.02745098]  [0.09411765 0.05882353 0.03137255]  [0.09803922 0.0627451  0.03529412]  ...  [0.16470589 0.13725491 0.11372549]  [0.13333334 0.10588235 0.08235294]  [0.10980392 0.07843138 0.05882353]] [[0.09411765 0.05882353 0.03137255]  [0.09411765 0.05882353 0.03137255]  [0.10196079 0.06666667 0.03921569]  ...  [0.16470589 0.13725491 0.11372549]  [0.13725491 0.10980392 0.08627451]  [0.11372549 0.08235294 0.05882353]]]",0.9394950372516178,21360,/home/amos/media/tv/Carnivale S01-S02 web 10bit hevc-d3g/Carnivale S02/Carnivale.S02E10.1080p.WEBRip.10Bit.EAC3.H265-d3g.mkv304,1080,1920,0,300,473,353,300,9169,0.004,"[[[0.16862746 0.1254902  0.09019608]  [0.16470589 0.12156863 0.08627451]  [0.16470589 0.12156863 0.08627451]  ...  [0.15686275 0.11372549 0.07843138]  [0.16862746 0.1254902  0.09019608]  [0.1764706  0.13333334 0.09803922]] [[0.16862746 0.1254902  0.09019608]  [0.16470589 0.12156863 0.08627451]  [0.16470589 0.12156863 0.08627451]  ...  [0.16078432 0.11764706 0.08235294]  [0.17254902 0.12941177 0.09411765]  [0.1764706  0.13333334 0.09803922]] [[0.16470589 0.12156863 0.08627451]  [0.16470589 0.12156863 0.08627451]  [0.16470589 0.12156863 0.08627451]  ...  [0.16470589 0.12156863 0.08627451]  [0.17254902 0.12941177 0.09411765]  [0.18039216 0.13725491 0.10196079]] ... [[0.08627451 0.05098039 0.02352941]  [0.09019608 0.05490196 0.02745098]  [0.09019608 0.05490196 0.02745098]  ...  [0.19607843 0.16078432 0.14117648]  [0.19215687 0.15294118 0.13725491]  [0.18039216 0.14117648 0.12156863]] [[0.09019608 0.05490196 0.02745098]  [0.09019608 0.05490196 0.02745098]  [0.09411765 0.05882353 0.03137255]  ...  [0.2        0.16078432 0.14117648]  [0.2        0.15294118 0.13725491]  [0.1882353  0.14509805 0.12941177]] [[0.09019608 0.05490196 0.02745098]  [0.09411765 0.05882353 0.03137255]  [0.09803922 0.0627451  0.03529412]  ...  [0.19607843 0.15686275 0.13725491]  [0.2        0.15294118 0.13725491]  [0.19215687 0.14509805 0.12941177]]]",1.3823110451339744,21384,/home/amos/media/tv/Carnivale S01-S02 web 10bit hevc-d3g/Carnivale S02/Carnivale.S02E10.1080p.WEBRip.10Bit.EAC3.H265-d3g.mkv305,1080,1920,0,291,476,360,291,12765,0.006,"[[[0.18039216 0.13725491 0.09803922]  [0.18039216 0.13725491 0.09803922]  [0.1764706  0.13333334 0.09411765]  ...  [0.15294118 0.10980392 0.06666667]  [0.14901961 0.10588235 0.0627451 ]  [0.15686275 0.11372549 0.07450981]] [[0.18039216 0.13725491 0.09803922]  [0.18039216 0.13725491 0.09803922]  [0.1764706  0.13333334 0.09411765]  ...  [0.15686275 0.11372549 0.07058824]  [0.14901961 0.10588235 0.0627451 ]  [0.16078432 0.11764706 0.07450981]] [[0.18039216 0.13725491 0.09803922]  [0.18039216 0.13725491 0.09803922]  [0.1764706  0.13333334 0.09411765]  ...  [0.15686275 0.11372549 0.07058824]  [0.15294118 0.10980392 0.06666667]  [0.16078432 0.11764706 0.07450981]] ... [[0.08627451 0.05490196 0.02745098]  [0.09019608 0.05882353 0.03137255]  [0.09019608 0.0627451  0.03529412]  ...  [0.19215687 0.16470589 0.13333334]  [0.18039216 0.15294118 0.12156863]  [0.16078432 0.13333334 0.10196079]] [[0.09019608 0.05882353 0.03137255]  [0.09019608 0.05882353 0.03137255]  [0.09411765 0.0627451  0.03529412]  ...  [0.19607843 0.16862746 0.13725491]  [0.18039216 0.15294118 0.12156863]  [0.16078432 0.13333334 0.10196079]] [[0.09019608 0.0627451  0.03137255]  [0.09019608 0.0627451  0.03137255]  [0.09411765 0.0627451  0.03529412]  ...  [0.19607843 0.16862746 0.14117648]  [0.18039216 0.15294118 0.1254902 ]  [0.16078432 0.13333334 0.10196079]]]",0.3861689778859727,21408,/home/amos/media/tv/Carnivale S01-S02 web 10bit hevc-d3g/Carnivale S02/Carnivale.S02E10.1080p.WEBRip.10Bit.EAC3.H265-d3g.mkv306,1080,1920,0,291,474,351,291,10980,0.005,"[[[0.19215687 0.14901961 0.10196079]  [0.1882353  0.14509805 0.09803922]  [0.1882353  0.14509805 0.09803922]  ...  [0.0627451  0.05490196 0.03137255]  [0.05882353 0.05098039 0.02745098]  [0.05882353 0.05098039 0.02745098]] [[0.19215687 0.14901961 0.10196079]  [0.1882353  0.14509805 0.09803922]  [0.18431373 0.14509805 0.09803922]  ...  [0.0627451  0.05490196 0.03137255]  [0.05490196 0.04705882 0.02352941]  [0.05490196 0.04705882 0.02352941]] [[0.19215687 0.14901961 0.10196079]  [0.1882353  0.14509805 0.09803922]  [0.18431373 0.14117648 0.09411765]  ...  [0.0627451  0.05490196 0.03137255]  [0.05490196 0.04705882 0.02352941]  [0.05882353 0.05098039 0.02745098]] ... [[0.09803922 0.06666667 0.02352941]  [0.09411765 0.0627451  0.02352941]  [0.09019608 0.05882353 0.01960784]  ...  [0.01176471 0.00784314 0.        ]  [0.00784314 0.00392157 0.        ]  [0.00392157 0.         0.        ]] [[0.09411765 0.0627451  0.02352941]  [0.09019608 0.05882353 0.01960784]  [0.09019608 0.05882353 0.01960784]  ...  [0.00784314 0.00392157 0.        ]  [0.00392157 0.         0.        ]  [0.00392157 0.         0.        ]] [[0.09019608 0.05882353 0.01960784]  [0.09019608 0.05882353 0.01960784]  [0.09019608 0.05882353 0.01960784]  ...  [0.00784314 0.00392157 0.        ]  [0.00392157 0.         0.        ]  [0.         0.         0.        ]]]",1.5965659825014882,21432,/home/amos/media/tv/Carnivale S01-S02 web 10bit hevc-d3g/Carnivale S02/Carnivale.S02E10.1080p.WEBRip.10Bit.EAC3.H265-d3g.mkv307,1080,1920,0,598,13,322,598,161460,0.078,"[[[0.         0.         0.        ]  [0.         0.         0.        ]  [0.         0.         0.        ]  ...  [0.         0.         0.        ]  [0.         0.         0.        ]  [0.         0.         0.        ]] [[0.         0.         0.        ]  [0.         0.         0.        ]  [0.         0.         0.        ]  ...  [0.         0.         0.        ]  [0.         0.         0.        ]  [0.         0.         0.        ]] [[0.         0.         0.        ]  [0.         0.         0.        ]  [0.         0.         0.        ]  ...  [0.         0.         0.        ]  [0.         0.         0.        ]  [0.         0.         0.        ]] ... [[0.         0.         0.        ]  [0.         0.         0.        ]  [0.         0.         0.        ]  ...  [0.01568628 0.         0.        ]  [0.01568628 0.00392157 0.        ]  [0.         0.         0.        ]] [[0.         0.         0.        ]  [0.         0.         0.        ]  [0.         0.         0.        ]  ...  [0.01568628 0.         0.        ]  [0.01568628 0.         0.        ]  [0.         0.         0.        ]] [[0.         0.         0.        ]  [0.         0.         0.        ]  [0.         0.         0.        ]  ...  [0.         0.         0.        ]  [0.         0.         0.        ]  [0.         0.         0.        ]]]",4.842402112612035,21480,/home/amos/media/tv/Carnivale S01-S02 web 10bit hevc-d3g/Carnivale S02/Carnivale.S02E10.1080p.WEBRip.10Bit.EAC3.H265-d3g.mkv308,1080,1920,0,594,69,332,594,137550,0.066,"[[[0.00784314 0.         0.        ]  [0.00392157 0.         0.        ]  [0.00392157 0.         0.        ]  ...  [0.09803922 0.07450981 0.04313726]  [0.1254902  0.10980392 0.07843138]  [0.13725491 0.12156863 0.09411765]] [[0.01176471 0.00392157 0.        ]  [0.00784314 0.         0.        ]  [0.00784314 0.00392157 0.        ]  ...  [0.09803922 0.07450981 0.04705882]  [0.09803922 0.07843138 0.05098039]  [0.10588235 0.09019608 0.0627451 ]] [[0.01176471 0.00392157 0.        ]  [0.01176471 0.00392157 0.        ]  [0.00784314 0.00392157 0.        ]  ...  [0.09411765 0.07058824 0.03921569]  [0.07843138 0.05490196 0.03137255]  [0.10196079 0.08627451 0.05882353]] ... [[0.         0.         0.        ]  [0.         0.         0.        ]  [0.         0.         0.        ]  ...  [0.         0.         0.        ]  [0.         0.         0.        ]  [0.         0.         0.        ]] [[0.         0.         0.        ]  [0.         0.         0.        ]  [0.         0.         0.        ]  ...  [0.         0.         0.        ]  [0.         0.         0.        ]  [0.         0.         0.        ]] [[0.         0.         0.        ]  [0.         0.         0.        ]  [0.         0.         0.        ]  ...  [0.         0.         0.        ]  [0.         0.         0.        ]  [0.         0.         0.        ]]]",6.320165043580346,21624,/home/amos/media/tv/Carnivale S01-S02 web 10bit hevc-d3g/Carnivale S02/Carnivale.S02E10.1080p.WEBRip.10Bit.EAC3.H265-d3g.mkv309,1080,1920,0,82,26,864,82,43792,0.021,"[[[0.2509804  0.21176471 0.18431373]  [0.24705882 0.21176471 0.18431373]  [0.23921569 0.2        0.17254902]  ...  [0.03137255 0.01568628 0.        ]  [0.02745098 0.01176471 0.        ]  [0.02745098 0.01176471 0.        ]] [[0.2509804  0.21176471 0.18431373]  [0.24705882 0.20784314 0.18039216]  [0.23921569 0.2        0.17254902]  ...  [0.03137255 0.01568628 0.        ]  [0.02745098 0.01176471 0.        ]  [0.02745098 0.01176471 0.        ]] [[0.24313726 0.20392157 0.1764706 ]  [0.23921569 0.2        0.1764706 ]  [0.23137255 0.19215687 0.16470589]  ...  [0.02745098 0.01176471 0.        ]  [0.02745098 0.01176471 0.        ]  [0.02352941 0.01176471 0.        ]] ... [[0.21960784 0.16078432 0.11372549]  [0.21960784 0.16078432 0.11372549]  [0.21568628 0.15686275 0.10980392]  ...  [0.03529412 0.01568628 0.00392157]  [0.03529412 0.01568628 0.00392157]  [0.03529412 0.01568628 0.00392157]] [[0.21960784 0.16078432 0.11372549]  [0.21960784 0.16078432 0.11372549]  [0.21568628 0.15686275 0.10980392]  ...  [0.03529412 0.01568628 0.00392157]  [0.03529412 0.01568628 0.00392157]  [0.03529412 0.01568628 0.00392157]] [[0.21960784 0.16078432 0.11372549]  [0.21960784 0.16078432 0.11372549]  [0.21568628 0.15686275 0.11372549]  ...  [0.03529412 0.01568628 0.00392157]  [0.03529412 0.01568628 0.00392157]  [0.03529412 0.01568628 0.00392157]]]",2.187545924272854,21648,/home/amos/media/tv/Carnivale S01-S02 web 10bit hevc-d3g/Carnivale S02/Carnivale.S02E10.1080p.WEBRip.10Bit.EAC3.H265-d3g.mkv310,1080,1920,1,561,159,390,561,68742,0.033,"[[[0. 0. 0.]  [0. 0. 0.]  [0. 0. 0.]  ...  [0. 0. 0.]  [0. 0. 0.]  [0. 0. 0.]] [[0. 0. 0.]  [0. 0. 0.]  [0. 0. 0.]  ...  [0. 0. 0.]  [0. 0. 0.]  [0. 0. 0.]] [[0. 0. 0.]  [0. 0. 0.]  [0. 0. 0.]  ...  [0. 0. 0.]  [0. 0. 0.]  [0. 0. 0.]] ... [[0. 0. 0.]  [0. 0. 0.]  [0. 0. 0.]  ...  [0. 0. 0.]  [0. 0. 0.]  [0. 0. 0.]] [[0. 0. 0.]  [0. 0. 0.]  [0. 0. 0.]  ...  [0. 0. 0.]  [0. 0. 0.]  [0. 0. 0.]] [[0. 0. 0.]  [0. 0. 0.]  [0. 0. 0.]  ...  [0. 0. 0.]  [0. 0. 0.]  [0. 0. 0.]]]",5.272623013355769,21648,/home/amos/media/tv/Carnivale S01-S02 web 10bit hevc-d3g/Carnivale S02/Carnivale.S02E10.1080p.WEBRip.10Bit.EAC3.H265-d3g.mkv311,1080,1920,0,310,478,328,310,3024,0.001,"[[[0.19607843 0.15294118 0.11372549]  [0.19607843 0.15294118 0.11372549]  [0.19215687 0.14901961 0.10980392]  ...  [0.15294118 0.10588235 0.07058824]  [0.15686275 0.10980392 0.07450981]  [0.16470589 0.11764706 0.08235294]] [[0.19607843 0.15294118 0.11372549]  [0.19215687 0.14901961 0.10980392]  [0.19215687 0.14901961 0.10980392]  ...  [0.14901961 0.10588235 0.06666667]  [0.15294118 0.10588235 0.07058824]  [0.16078432 0.11372549 0.07843138]] [[0.19607843 0.15294118 0.11372549]  [0.19215687 0.14901961 0.10980392]  [0.19215687 0.14901961 0.10980392]  ...  [0.15294118 0.10588235 0.07058824]  [0.15294118 0.10588235 0.07058824]  [0.16078432 0.11372549 0.07843138]] ... [[0.10980392 0.07450981 0.04705882]  [0.10196079 0.06666667 0.04313726]  [0.10196079 0.06666667 0.03921569]  ...  [0.1882353  0.15294118 0.13725491]  [0.18431373 0.14901961 0.13333334]  [0.16470589 0.12941177 0.11372549]] [[0.11764706 0.08235294 0.05490196]  [0.11372549 0.07843138 0.05098039]  [0.11372549 0.07843138 0.05098039]  ...  [0.1882353  0.15294118 0.13333334]  [0.18431373 0.14901961 0.12941177]  [0.17254902 0.13725491 0.11764706]] [[0.12156863 0.08627451 0.05490196]  [0.11372549 0.07843138 0.05098039]  [0.11372549 0.07843138 0.05098039]  ...  [0.19215687 0.15686275 0.13725491]  [0.1882353  0.15294118 0.13333334]  [0.1764706  0.14117648 0.12156863]]]",1.002972065412905,21696,/home/amos/media/tv/Carnivale S01-S02 web 10bit hevc-d3g/Carnivale S02/Carnivale.S02E10.1080p.WEBRip.10Bit.EAC3.H265-d3g.mkv312,1080,1920,0,227,155,951,227,52128,0.025,"[[[0.14509805 0.10588235 0.03529412]  [0.14117648 0.10196079 0.03529412]  [0.1254902  0.08627451 0.02352941]  ...  [0.06666667 0.03529412 0.        ]  [0.07450981 0.04313726 0.        ]  [0.07450981 0.04313726 0.        ]] [[0.13725491 0.09803922 0.02745098]  [0.10980392 0.07058824 0.00392157]  [0.14117648 0.10196079 0.03529412]  ...  [0.07450981 0.04313726 0.00784314]  [0.07450981 0.04313726 0.        ]  [0.07450981 0.04313726 0.        ]] [[0.12156863 0.08235294 0.01176471]  [0.09019608 0.05098039 0.        ]  [0.14117648 0.10196079 0.03529412]  ...  [0.07058824 0.03921569 0.00392157]  [0.07450981 0.04313726 0.        ]  [0.07450981 0.04313726 0.        ]] ... [[0.         0.         0.        ]  [0.         0.         0.        ]  [0.         0.         0.        ]  ...  [0.04705882 0.         0.        ]  [0.04705882 0.         0.        ]  [0.05490196 0.00784314 0.        ]] [[0.         0.         0.        ]  [0.         0.         0.        ]  [0.         0.         0.        ]  ...  [0.04313726 0.         0.        ]  [0.04313726 0.         0.        ]  [0.05098039 0.00392157 0.        ]] [[0.         0.         0.        ]  [0.         0.         0.        ]  [0.         0.         0.        ]  ...  [0.04313726 0.         0.        ]  [0.04313726 0.         0.        ]  [0.04705882 0.         0.        ]]]",4.962010151881259,21720,/home/amos/media/tv/Carnivale S01-S02 web 10bit hevc-d3g/Carnivale S02/Carnivale.S02E10.1080p.WEBRip.10Bit.EAC3.H265-d3g.mkv313,1080,1920,1,312,483,318,312,1026,0.0,"[[[0.19215687 0.14901961 0.10980392]  [0.19215687 0.14901961 0.11372549]  [0.19215687 0.14901961 0.11372549]  ...  [0.15686275 0.11372549 0.07843138]  [0.16078432 0.11764706 0.08235294]  [0.16078432 0.11764706 0.08235294]] [[0.19215687 0.14901961 0.10980392]  [0.19215687 0.14901961 0.11372549]  [0.19215687 0.14901961 0.11372549]  ...  [0.15686275 0.11372549 0.07843138]  [0.15686275 0.11372549 0.07843138]  [0.15686275 0.11372549 0.07843138]] [[0.19215687 0.14901961 0.10980392]  [0.19215687 0.14901961 0.11372549]  [0.1882353  0.14509805 0.10980392]  ...  [0.15686275 0.11372549 0.07843138]  [0.15686275 0.11372549 0.07843138]  [0.15686275 0.11372549 0.07843138]] ... [[0.11372549 0.07843138 0.05098039]  [0.10980392 0.07450981 0.04705882]  [0.10588235 0.07058824 0.04313726]  ...  [0.17254902 0.14509805 0.1254902 ]  [0.1254902  0.09803922 0.07843138]  [0.08627451 0.05882353 0.03921569]] [[0.11764706 0.08235294 0.05490196]  [0.10980392 0.07450981 0.04705882]  [0.10588235 0.07058824 0.04313726]  ...  [0.17254902 0.14509805 0.1254902 ]  [0.13333334 0.10588235 0.08627451]  [0.09803922 0.07058824 0.05098039]] [[0.11764706 0.08235294 0.05490196]  [0.10980392 0.07450981 0.04705882]  [0.10980392 0.07450981 0.04705882]  ...  [0.1764706  0.14509805 0.12941177]  [0.14901961 0.12156863 0.09803922]  [0.10980392 0.08235294 0.0627451 ]]]",1.8353850058629178,21720,/home/amos/media/tv/Carnivale S01-S02 web 10bit hevc-d3g/Carnivale S02/Carnivale.S02E10.1080p.WEBRip.10Bit.EAC3.H265-d3g.mkv314,1080,1920,0,297,133,808,297,83804,0.04,"[[[0.18431373 0.14901961 0.12941177]  [0.10588235 0.07058824 0.04705882]  [0.07450981 0.03921569 0.01176471]  ...  [0.05882353 0.01960784 0.        ]  [0.04705882 0.00784314 0.        ]  [0.04705882 0.00784314 0.        ]] [[0.18431373 0.14901961 0.12941177]  [0.10588235 0.07058824 0.04705882]  [0.07843138 0.04313726 0.01568628]  ...  [0.05490196 0.01568628 0.        ]  [0.04705882 0.00784314 0.        ]  [0.04705882 0.00784314 0.        ]] [[0.18039216 0.14509805 0.1254902 ]  [0.10980392 0.07058824 0.05098039]  [0.08235294 0.04705882 0.01960784]  ...  [0.05098039 0.01176471 0.        ]  [0.04313726 0.00392157 0.        ]  [0.04705882 0.00784314 0.        ]] ... [[0.         0.         0.        ]  [0.         0.         0.        ]  [0.         0.         0.        ]  ...  [0.00392157 0.         0.        ]  [0.         0.         0.        ]  [0.         0.         0.        ]] [[0.         0.         0.        ]  [0.         0.         0.        ]  [0.         0.         0.        ]  ...  [0.         0.         0.        ]  [0.         0.         0.        ]  [0.         0.         0.        ]] [[0.         0.         0.        ]  [0.         0.         0.        ]  [0.         0.         0.        ]  ...  [0.         0.         0.        ]  [0.         0.         0.        ]  [0.         0.         0.        ]]]",4.306725030124653,21744,/home/amos/media/tv/Carnivale S01-S02 web 10bit hevc-d3g/Carnivale S02/Carnivale.S02E10.1080p.WEBRip.10Bit.EAC3.H265-d3g.mkv315,1080,1920,0,295,628,180,295,38295,0.018,"[[[0.13333334 0.10196079 0.0627451 ]  [0.12941177 0.09803922 0.05882353]  [0.13333334 0.09803922 0.05882353]  ...  [0.11372549 0.07450981 0.04705882]  [0.11764706 0.08235294 0.05098039]  [0.12156863 0.08235294 0.05490196]] [[0.13333334 0.10196079 0.0627451 ]  [0.12941177 0.09803922 0.05882353]  [0.13333334 0.09803922 0.05882353]  ...  [0.11764706 0.07843138 0.04705882]  [0.12156863 0.08235294 0.05098039]  [0.12156863 0.08235294 0.05490196]] [[0.13333334 0.10196079 0.0627451 ]  [0.12941177 0.09803922 0.05882353]  [0.13333334 0.09803922 0.05882353]  ...  [0.11764706 0.07843138 0.05098039]  [0.11764706 0.08235294 0.05098039]  [0.12156863 0.08235294 0.05490196]] ... [[0.09019608 0.0627451  0.03529412]  [0.09019608 0.0627451  0.03529412]  [0.09019608 0.0627451  0.03529412]  ...  [0.03921569 0.02745098 0.01960784]  [0.03921569 0.02745098 0.01960784]  [0.03921569 0.02745098 0.01960784]] [[0.09411765 0.06666667 0.04313726]  [0.09411765 0.06666667 0.03921569]  [0.09019608 0.06666667 0.03921569]  ...  [0.03921569 0.02745098 0.01960784]  [0.03921569 0.02745098 0.01960784]  [0.03921569 0.02745098 0.01960784]] [[0.10196079 0.07058824 0.04313726]  [0.09803922 0.06666667 0.03921569]  [0.09803922 0.06666667 0.03921569]  ...  [0.03921569 0.02745098 0.01960784]  [0.03921569 0.02745098 0.01960784]  [0.03921569 0.02745098 0.01960784]]]",0.5234540087985806,21768,/home/amos/media/tv/Carnivale S01-S02 web 10bit hevc-d3g/Carnivale S02/Carnivale.S02E10.1080p.WEBRip.10Bit.EAC3.H265-d3g.mkv316,1080,1920,0,65,371,1519,65,444924,0.215,"[[[0.18431373 0.08235294 0.05098039]  [0.18431373 0.08235294 0.05098039]  [0.18431373 0.08235294 0.05098039]  ...  [0.37254903 0.27058825 0.23529412]  [0.37254903 0.27058825 0.23529412]  [0.37254903 0.27058825 0.23529412]] [[0.18431373 0.08235294 0.05098039]  [0.18431373 0.08235294 0.05098039]  [0.18431373 0.08235294 0.05098039]  ...  [0.37254903 0.27058825 0.23529412]  [0.37254903 0.27058825 0.23529412]  [0.37254903 0.27058825 0.23529412]] [[0.18431373 0.08235294 0.05098039]  [0.18431373 0.08235294 0.05098039]  [0.18431373 0.08235294 0.05098039]  ...  [0.37254903 0.27058825 0.23529412]  [0.37254903 0.27058825 0.23529412]  [0.37254903 0.27058825 0.23529412]] ... [[0.30980393 0.18431373 0.16078432]  [0.30980393 0.18431373 0.16078432]  [0.30980393 0.18431373 0.16078432]  ...  [0.2901961  0.20392157 0.17254902]  [0.28627452 0.2        0.16862746]  [0.28627452 0.2        0.16862746]] [[0.30980393 0.18431373 0.16078432]  [0.30980393 0.18431373 0.16078432]  [0.30980393 0.18431373 0.16078432]  ...  [0.28235295 0.20392157 0.16862746]  [0.28235295 0.2        0.16470589]  [0.28235295 0.2        0.16470589]] [[0.30980393 0.18431373 0.16078432]  [0.30980393 0.18431373 0.16078432]  [0.30980393 0.18431373 0.16078432]  ...  [0.28627452 0.20392157 0.16862746]  [0.28235295 0.2        0.16470589]  [0.28235295 0.2        0.16470589]]]",2.3831570178153925,21912,/home/amos/media/tv/Carnivale S01-S02 web 10bit hevc-d3g/Carnivale S02/Carnivale.S02E10.1080p.WEBRip.10Bit.EAC3.H265-d3g.mkv317,1080,1920,1,131,247,1493,131,157992,0.076,"[[[0.23921569 0.14509805 0.11372549]  [0.23921569 0.14509805 0.11372549]  [0.23921569 0.14509805 0.11372549]  ...  [0.19607843 0.14117648 0.09019608]  [0.19607843 0.14117648 0.09019608]  [0.19607843 0.14117648 0.09019608]] [[0.23921569 0.14509805 0.11372549]  [0.23921569 0.14509805 0.11372549]  [0.23921569 0.14509805 0.11372549]  ...  [0.19607843 0.14117648 0.09019608]  [0.19607843 0.14117648 0.09019608]  [0.19607843 0.14117648 0.09019608]] [[0.23921569 0.14509805 0.11372549]  [0.23921569 0.14509805 0.11372549]  [0.23921569 0.14509805 0.11372549]  ...  [0.2        0.14117648 0.09411765]  [0.2        0.14117648 0.09411765]  [0.2        0.14117648 0.09411765]] ... [[0.36862746 0.23921569 0.20784314]  [0.3529412  0.22745098 0.19607843]  [0.3254902  0.20392157 0.1764706 ]  ...  [0.23137255 0.17254902 0.12941177]  [0.23137255 0.17254902 0.12941177]  [0.23137255 0.17254902 0.12941177]] [[0.3764706  0.24705882 0.21568628]  [0.36078432 0.23137255 0.20392157]  [0.33333334 0.21176471 0.18431373]  ...  [0.23529412 0.1764706  0.12941177]  [0.23529412 0.1764706  0.12941177]  [0.23529412 0.1764706  0.12941177]] [[0.38039216 0.2509804  0.21960784]  [0.3647059  0.23529412 0.20784314]  [0.3372549  0.21176471 0.1882353 ]  ...  [0.23529412 0.1764706  0.13333334]  [0.23529412 0.1764706  0.13333334]  [0.23529412 0.1764706  0.13333334]]]",4.439196059189271,21912,/home/amos/media/tv/Carnivale S01-S02 web 10bit hevc-d3g/Carnivale S02/Carnivale.S02E10.1080p.WEBRip.10Bit.EAC3.H265-d3g.mkv318,1080,1920,0,67,378,1529,67,454682,0.219,"[[[0.1882353  0.08235294 0.0627451 ]  [0.1882353  0.08235294 0.0627451 ]  [0.1882353  0.08235294 0.0627451 ]  ...  [0.3647059  0.26666668 0.23137255]  [0.3647059  0.26666668 0.23137255]  [0.3647059  0.26666668 0.23137255]] [[0.1882353  0.08235294 0.0627451 ]  [0.1882353  0.08235294 0.0627451 ]  [0.1882353  0.08235294 0.0627451 ]  ...  [0.3647059  0.26666668 0.23137255]  [0.3647059  0.26666668 0.23137255]  [0.3647059  0.26666668 0.23137255]] [[0.1882353  0.08235294 0.0627451 ]  [0.1882353  0.08235294 0.0627451 ]  [0.1882353  0.08235294 0.0627451 ]  ...  [0.3647059  0.26666668 0.23137255]  [0.3647059  0.26666668 0.23137255]  [0.3647059  0.26666668 0.23137255]] ... [[0.29803923 0.1764706  0.14901961]  [0.29803923 0.1764706  0.14901961]  [0.29803923 0.1764706  0.14901961]  ...  [0.07058824 0.04313726 0.01568628]  [0.07058824 0.04313726 0.01176471]  [0.07058824 0.04313726 0.01176471]] [[0.29803923 0.1764706  0.14901961]  [0.29803923 0.1764706  0.14901961]  [0.29803923 0.1764706  0.14901961]  ...  [0.06666667 0.03921569 0.01176471]  [0.06666667 0.03921569 0.01176471]  [0.06666667 0.03921569 0.01176471]] [[0.29803923 0.1764706  0.14901961]  [0.29803923 0.1764706  0.14901961]  [0.29803923 0.1764706  0.14901961]  ...  [0.06666667 0.03921569 0.01176471]  [0.06666667 0.03921569 0.01176471]  [0.06666667 0.03921569 0.01176471]]]",2.868531049170997,21936,/home/amos/media/tv/Carnivale S01-S02 web 10bit hevc-d3g/Carnivale S02/Carnivale.S02E10.1080p.WEBRip.10Bit.EAC3.H265-d3g.mkv319,1080,1920,0,137,260,1508,137,168633,0.081,"[[[0.21960784 0.11764706 0.09411765]  [0.21960784 0.11764706 0.09411765]  [0.21960784 0.11764706 0.09411765]  ...  [0.18431373 0.12941177 0.07843138]  [0.18431373 0.12941177 0.07843138]  [0.18431373 0.12941177 0.07843138]] [[0.21568628 0.11372549 0.09019608]  [0.21568628 0.11372549 0.09019608]  [0.21568628 0.11372549 0.09019608]  ...  [0.18431373 0.12941177 0.07843138]  [0.18431373 0.12941177 0.07843138]  [0.18431373 0.12941177 0.07843138]] [[0.21568628 0.11372549 0.09019608]  [0.21568628 0.11372549 0.09019608]  [0.21568628 0.11372549 0.09019608]  ...  [0.18431373 0.12941177 0.07843138]  [0.18431373 0.12941177 0.07843138]  [0.18431373 0.12941177 0.07843138]] ... [[0.42352942 0.2784314  0.2509804 ]  [0.41960785 0.2784314  0.24705882]  [0.41960785 0.27450982 0.24705882]  ...  [0.23137255 0.18431373 0.13725491]  [0.23137255 0.18431373 0.13725491]  [0.23137255 0.18431373 0.13725491]] [[0.42352942 0.2784314  0.2509804 ]  [0.41960785 0.27450982 0.2509804 ]  [0.41960785 0.27450982 0.24705882]  ...  [0.23137255 0.18431373 0.13725491]  [0.23529412 0.1882353  0.14117648]  [0.23529412 0.1882353  0.14117648]] [[0.42352942 0.2784314  0.2509804 ]  [0.41960785 0.27450982 0.24705882]  [0.41960785 0.27450982 0.24705882]  ...  [0.23529412 0.1882353  0.14117648]  [0.23921569 0.1882353  0.14117648]  [0.23921569 0.19215687 0.14509805]]]",2.0265020501683466,21960,/home/amos/media/tv/Carnivale S01-S02 web 10bit hevc-d3g/Carnivale S02/Carnivale.S02E10.1080p.WEBRip.10Bit.EAC3.H265-d3g.mkv320,1080,1920,0,73,376,1513,73,436320,0.21,"[[[0.21960784 0.11372549 0.08235294]  [0.21960784 0.11372549 0.08235294]  [0.21960784 0.11372549 0.08235294]  ...  [0.38039216 0.28235295 0.24705882]  [0.3764706  0.28235295 0.24705882]  [0.3764706  0.28235295 0.24705882]] [[0.21960784 0.11372549 0.08235294]  [0.21960784 0.11372549 0.08235294]  [0.21960784 0.11372549 0.08235294]  ...  [0.38039216 0.28627452 0.24705882]  [0.3764706  0.28235295 0.24705882]  [0.3764706  0.28235295 0.24705882]] [[0.21568628 0.10980392 0.07843138]  [0.21568628 0.10980392 0.07843138]  [0.21568628 0.10980392 0.07843138]  ...  [0.3764706  0.28627452 0.2509804 ]  [0.3764706  0.28235295 0.24705882]  [0.3764706  0.28235295 0.24705882]] ... [[0.3137255  0.19215687 0.16078432]  [0.3137255  0.19215687 0.16078432]  [0.31764707 0.19607843 0.16470589]  ...  [0.0627451  0.04705882 0.01176471]  [0.0627451  0.04705882 0.01176471]  [0.0627451  0.04705882 0.01176471]] [[0.3137255  0.19215687 0.16078432]  [0.3137255  0.19215687 0.16078432]  [0.3137255  0.19215687 0.16078432]  ...  [0.0627451  0.04705882 0.01176471]  [0.0627451  0.04705882 0.01176471]  [0.0627451  0.04705882 0.01176471]] [[0.3137255  0.19215687 0.16078432]  [0.3137255  0.19215687 0.16078432]  [0.3137255  0.19215687 0.16078432]  ...  [0.0627451  0.04705882 0.01176471]  [0.0627451  0.04705882 0.01176471]  [0.0627451  0.04705882 0.01176471]]]",2.8864090409479104,21984,/home/amos/media/tv/Carnivale S01-S02 web 10bit hevc-d3g/Carnivale S02/Carnivale.S02E10.1080p.WEBRip.10Bit.EAC3.H265-d3g.mkv321,1080,1920,0,146,390,919,146,188612,0.091,"[[[0.0627451  0.01960784 0.        ]  [0.05882353 0.01568628 0.        ]  [0.05490196 0.01176471 0.        ]  ...  [0.         0.         0.        ]  [0.         0.         0.        ]  [0.         0.         0.        ]] [[0.0627451  0.01960784 0.        ]  [0.05882353 0.01568628 0.        ]  [0.05490196 0.01176471 0.        ]  ...  [0.         0.         0.        ]  [0.         0.         0.        ]  [0.         0.         0.        ]] [[0.0627451  0.01960784 0.        ]  [0.05882353 0.01568628 0.        ]  [0.05490196 0.01176471 0.        ]  ...  [0.         0.         0.        ]  [0.         0.         0.        ]  [0.         0.         0.        ]] ... [[0.00392157 0.         0.        ]  [0.00392157 0.         0.        ]  [0.00392157 0.         0.        ]  ...  [0.01176471 0.         0.        ]  [0.01176471 0.         0.        ]  [0.01176471 0.         0.        ]] [[0.         0.         0.00392157]  [0.         0.         0.00392157]  [0.         0.         0.00392157]  ...  [0.00784314 0.         0.        ]  [0.00784314 0.         0.        ]  [0.00784314 0.         0.        ]] [[0.         0.         0.00392157]  [0.         0.         0.00392157]  [0.         0.         0.00392157]  ...  [0.00784314 0.         0.        ]  [0.00784314 0.         0.        ]  [0.00784314 0.         0.        ]]]",6.2341500442125835,22176,/home/amos/media/tv/Carnivale S01-S02 web 10bit hevc-d3g/Carnivale S02/Carnivale.S02E10.1080p.WEBRip.10Bit.EAC3.H265-d3g.mkv322,1080,1920,0,102,115,840,102,9594,0.005,"[[[0.05098039 0.01568628 0.        ]  [0.05098039 0.01568628 0.        ]  [0.05098039 0.01960784 0.        ]  ...  [0.22745098 0.2        0.16078432]  [0.23137255 0.20392157 0.16470589]  [0.23529412 0.20784314 0.16862746]] [[0.05098039 0.01568628 0.        ]  [0.05098039 0.01568628 0.        ]  [0.05098039 0.01960784 0.        ]  ...  [0.22352941 0.19607843 0.15686275]  [0.23137255 0.20784314 0.16470589]  [0.23529412 0.21176471 0.16862746]] [[0.05098039 0.01568628 0.        ]  [0.05098039 0.01568628 0.        ]  [0.05098039 0.01568628 0.        ]  ...  [0.21568628 0.19215687 0.14901961]  [0.23529412 0.20784314 0.16470589]  [0.23921569 0.21568628 0.17254902]] ... [[0.04705882 0.01960784 0.        ]  [0.04705882 0.01960784 0.        ]  [0.04705882 0.01960784 0.        ]  ...  [0.35686275 0.29803923 0.25882354]  [0.3529412  0.29803923 0.2627451 ]  [0.3529412  0.3019608  0.25882354]] [[0.04705882 0.01960784 0.        ]  [0.04705882 0.01960784 0.        ]  [0.04705882 0.01960784 0.        ]  ...  [0.34901962 0.29411766 0.25882354]  [0.34901962 0.29411766 0.25490198]  [0.34901962 0.29411766 0.25490198]] [[0.04705882 0.01960784 0.        ]  [0.04705882 0.01960784 0.        ]  [0.04705882 0.01960784 0.        ]  ...  [0.34901962 0.29411766 0.25490198]  [0.34509805 0.2901961  0.2509804 ]  [0.34509805 0.2901961  0.2509804 ]]]",4.1100151023129,22272,/home/amos/media/tv/Carnivale S01-S02 web 10bit hevc-d3g/Carnivale S02/Carnivale.S02E10.1080p.WEBRip.10Bit.EAC3.H265-d3g.mkv323,1080,1920,0,53,552,95,53,20958,0.01,"[[[0.05490196 0.03921569 0.01960784]  [0.05490196 0.03921569 0.01960784]  [0.05490196 0.03921569 0.01960784]  ...  [0.34901962 0.32156864 0.3137255 ]  [0.35686275 0.32941177 0.32156864]  [0.35686275 0.32941177 0.32156864]] [[0.05490196 0.03921569 0.01960784]  [0.05490196 0.03921569 0.01960784]  [0.05490196 0.03921569 0.01960784]  ...  [0.34901962 0.32156864 0.3137255 ]  [0.35686275 0.32941177 0.32156864]  [0.35686275 0.32941177 0.32156864]] [[0.05490196 0.03921569 0.01960784]  [0.05490196 0.03921569 0.01960784]  [0.05490196 0.03921569 0.01960784]  ...  [0.34901962 0.32156864 0.3137255 ]  [0.35686275 0.32941177 0.32156864]  [0.35686275 0.32941177 0.32156864]] ... [[0.05490196 0.03921569 0.01960784]  [0.05490196 0.03921569 0.01960784]  [0.05490196 0.03921569 0.01960784]  ...  [0.00392157 0.00392157 0.        ]  [0.00392157 0.00392157 0.        ]  [0.00392157 0.00392157 0.        ]] [[0.05490196 0.03921569 0.01960784]  [0.05490196 0.03921569 0.01960784]  [0.05490196 0.03921569 0.01960784]  ...  [0.00392157 0.00392157 0.        ]  [0.00392157 0.00392157 0.        ]  [0.00392157 0.00392157 0.        ]] [[0.05490196 0.03921569 0.01960784]  [0.05490196 0.03921569 0.01960784]  [0.05490196 0.03921569 0.01960784]  ...  [0.00392157 0.00392157 0.        ]  [0.00392157 0.00392157 0.        ]  [0.00392157 0.00392157 0.        ]]]",2.799434029846452,22536,/home/amos/media/tv/Carnivale S01-S02 web 10bit hevc-d3g/Carnivale S02/Carnivale.S02E10.1080p.WEBRip.10Bit.EAC3.H265-d3g.mkv324,1080,1920,0,60,580,124,60,33280,0.016,"[[[0.04705882 0.03137255 0.00784314]  [0.04705882 0.03137255 0.00784314]  [0.04705882 0.03137255 0.00784314]  ...  [0.29411766 0.24313726 0.22745098]  [0.30980393 0.2627451  0.24705882]  [0.30980393 0.2627451  0.24705882]] [[0.04705882 0.03137255 0.00784314]  [0.04705882 0.03137255 0.00784314]  [0.04705882 0.03137255 0.00784314]  ...  [0.29411766 0.24313726 0.23137255]  [0.30980393 0.2627451  0.24705882]  [0.30980393 0.2627451  0.24705882]] [[0.04705882 0.03137255 0.00784314]  [0.04705882 0.03137255 0.00784314]  [0.04705882 0.03137255 0.00784314]  ...  [0.2901961  0.24313726 0.23137255]  [0.30980393 0.2627451  0.24705882]  [0.30980393 0.2627451  0.24705882]] ... [[0.28235295 0.24313726 0.22745098]  [0.28235295 0.24313726 0.22745098]  [0.28235295 0.24313726 0.22745098]  ...  [0.0627451  0.03921569 0.01568628]  [0.0627451  0.03921569 0.01568628]  [0.0627451  0.03921569 0.01568628]] [[0.28235295 0.24313726 0.22745098]  [0.28235295 0.24313726 0.22745098]  [0.28235295 0.24313726 0.22745098]  ...  [0.0627451  0.03921569 0.01568628]  [0.0627451  0.03921569 0.01568628]  [0.0627451  0.03921569 0.01568628]] [[0.28235295 0.24313726 0.22745098]  [0.28235295 0.24313726 0.22745098]  [0.28235295 0.24313726 0.22745098]  ...  [0.0627451  0.03921569 0.01568628]  [0.0627451  0.03921569 0.01568628]  [0.0627451  0.03921569 0.01568628]]]",4.082297044689767,22584,/home/amos/media/tv/Carnivale S01-S02 web 10bit hevc-d3g/Carnivale S02/Carnivale.S02E10.1080p.WEBRip.10Bit.EAC3.H265-d3g.mkv325,1080,1920,0,302,206,1078,302,74496,0.036,"[[[0.04313726 0.01960784 0.        ]  [0.03921569 0.01568628 0.        ]  [0.03921569 0.01568628 0.        ]  ...  [0.07058824 0.02352941 0.00784314]  [0.0627451  0.01960784 0.        ]  [0.05098039 0.01176471 0.        ]] [[0.03921569 0.01568628 0.        ]  [0.03921569 0.01568628 0.        ]  [0.03921569 0.01568628 0.        ]  ...  [0.07450981 0.02745098 0.01176471]  [0.05882353 0.01568628 0.        ]  [0.05098039 0.01176471 0.        ]] [[0.04313726 0.01568628 0.        ]  [0.04313726 0.01568628 0.        ]  [0.04313726 0.01568628 0.        ]  ...  [0.07450981 0.02745098 0.01568628]  [0.05882353 0.01960784 0.00392157]  [0.04705882 0.01176471 0.        ]] ... [[0.04705882 0.03137255 0.00784314]  [0.03921569 0.02352941 0.        ]  [0.03137255 0.01568628 0.        ]  ...  [0.32156864 0.23137255 0.2       ]  [0.32156864 0.23137255 0.2       ]  [0.3254902  0.23529412 0.20392157]] [[0.03921569 0.02352941 0.        ]  [0.03529412 0.01960784 0.        ]  [0.03137255 0.01568628 0.        ]  ...  [0.31764707 0.22745098 0.19607843]  [0.31764707 0.22745098 0.19607843]  [0.30980393 0.21960784 0.1882353 ]] [[0.04313726 0.02745098 0.00392157]  [0.03921569 0.02352941 0.        ]  [0.03529412 0.01960784 0.        ]  ...  [0.30980393 0.21960784 0.18431373]  [0.30980393 0.21960784 0.1882353 ]  [0.3019608  0.21176471 0.18039216]]]",2.08097097807331,22680,/home/amos/media/tv/Carnivale S01-S02 web 10bit hevc-d3g/Carnivale S02/Carnivale.S02E10.1080p.WEBRip.10Bit.EAC3.H265-d3g.mkv326,1080,1920,0,379,159,875,379,109120,0.053,"[[[0. 0. 0.]  [0. 0. 0.]  [0. 0. 0.]  ...  [0. 0. 0.]  [0. 0. 0.]  [0. 0. 0.]] [[0. 0. 0.]  [0. 0. 0.]  [0. 0. 0.]  ...  [0. 0. 0.]  [0. 0. 0.]  [0. 0. 0.]] [[0. 0. 0.]  [0. 0. 0.]  [0. 0. 0.]  ...  [0. 0. 0.]  [0. 0. 0.]  [0. 0. 0.]] ... [[0. 0. 0.]  [0. 0. 0.]  [0. 0. 0.]  ...  [0. 0. 0.]  [0. 0. 0.]  [0. 0. 0.]] [[0. 0. 0.]  [0. 0. 0.]  [0. 0. 0.]  ...  [0. 0. 0.]  [0. 0. 0.]  [0. 0. 0.]] [[0. 0. 0.]  [0. 0. 0.]  [0. 0. 0.]  ...  [0. 0. 0.]  [0. 0. 0.]  [0. 0. 0.]]]",7.253396081388928,22704,/home/amos/media/tv/Carnivale S01-S02 web 10bit hevc-d3g/Carnivale S02/Carnivale.S02E10.1080p.WEBRip.10Bit.EAC3.H265-d3g.mkv327,1080,1920,0,411,104,1023,411,187884,0.091,"[[[0.01960784 0.         0.        ]  [0.01960784 0.         0.        ]  [0.01960784 0.         0.        ]  ...  [0.02352941 0.01568628 0.00392157]  [0.03529412 0.01960784 0.00784314]  [0.04705882 0.02745098 0.01568628]] [[0.01960784 0.         0.        ]  [0.01960784 0.         0.        ]  [0.01960784 0.         0.        ]  ...  [0.01568628 0.00392157 0.        ]  [0.02745098 0.01176471 0.        ]  [0.04313726 0.02745098 0.01568628]] [[0.01960784 0.         0.        ]  [0.01960784 0.         0.        ]  [0.01960784 0.         0.        ]  ...  [0.00784314 0.         0.        ]  [0.03137255 0.01568628 0.00784314]  [0.03529412 0.01960784 0.00784314]] ... [[0.03137255 0.01960784 0.        ]  [0.02745098 0.01568628 0.        ]  [0.02745098 0.01568628 0.        ]  ...  [0.13725491 0.08627451 0.0627451 ]  [0.12941177 0.07843138 0.05490196]  [0.10196079 0.05882353 0.02352941]] [[0.02745098 0.01568628 0.        ]  [0.02745098 0.01568628 0.        ]  [0.02745098 0.01568628 0.        ]  ...  [0.10588235 0.05490196 0.03137255]  [0.12156863 0.07450981 0.05098039]  [0.10980392 0.06666667 0.03529412]] [[0.03137255 0.01960784 0.        ]  [0.02745098 0.01568628 0.        ]  [0.02745098 0.01568628 0.        ]  ...  [0.10196079 0.05490196 0.03137255]  [0.11764706 0.07058824 0.05098039]  [0.12156863 0.07450981 0.05098039]]]",6.863495099009015,22728,/home/amos/media/tv/Carnivale S01-S02 web 10bit hevc-d3g/Carnivale S02/Carnivale.S02E10.1080p.WEBRip.10Bit.EAC3.H265-d3g.mkv328,1080,1920,0,374,113,916,374,141462,0.068,"[[[0.36078432 0.31764707 0.28235295]  [0.3529412  0.30980393 0.27450982]  [0.36078432 0.31764707 0.28235295]  ...  [0.         0.         0.        ]  [0.         0.         0.        ]  [0.         0.         0.        ]] [[0.36078432 0.32156864 0.28627452]  [0.35686275 0.3137255  0.2784314 ]  [0.3647059  0.32156864 0.28627452]  ...  [0.         0.         0.        ]  [0.         0.         0.        ]  [0.         0.         0.        ]] [[0.36078432 0.32156864 0.28627452]  [0.36078432 0.31764707 0.28235295]  [0.36862746 0.3254902  0.2901961 ]  ...  [0.         0.         0.        ]  [0.         0.         0.        ]  [0.         0.         0.        ]] ... [[0.03921569 0.02745098 0.00784314]  [0.04313726 0.03137255 0.01176471]  [0.04313726 0.03137255 0.01176471]  ...  [0.16470589 0.12156863 0.08627451]  [0.17254902 0.12941177 0.09411765]  [0.         0.         0.        ]] [[0.03529412 0.02352941 0.00392157]  [0.03921569 0.02745098 0.00784314]  [0.04313726 0.03137255 0.01176471]  ...  [0.13725491 0.09019608 0.0627451 ]  [0.16078432 0.11764706 0.08235294]  [0.         0.         0.        ]] [[0.         0.         0.        ]  [0.         0.         0.        ]  [0.         0.         0.        ]  ...  [0.         0.         0.        ]  [0.         0.         0.        ]  [0.         0.         0.        ]]]",6.472293074417394,22752,/home/amos/media/tv/Carnivale S01-S02 web 10bit hevc-d3g/Carnivale S02/Carnivale.S02E10.1080p.WEBRip.10Bit.EAC3.H265-d3g.mkv329,1080,1920,0,391,181,954,391,118230,0.057,"[[[0.03529412 0.01960784 0.        ]  [0.03529412 0.01960784 0.        ]  [0.03529412 0.01960784 0.        ]  ...  [0.01176471 0.         0.        ]  [0.01568628 0.         0.        ]  [0.01568628 0.00392157 0.        ]] [[0.03529412 0.01960784 0.        ]  [0.03921569 0.02352941 0.        ]  [0.03529412 0.01960784 0.        ]  ...  [0.01568628 0.         0.        ]  [0.01960784 0.00392157 0.        ]  [0.02352941 0.01176471 0.00392157]] [[0.04313726 0.02745098 0.00392157]  [0.03921569 0.02352941 0.        ]  [0.03921569 0.02352941 0.        ]  ...  [0.01960784 0.00392157 0.        ]  [0.03529412 0.01960784 0.01176471]  [0.05098039 0.03921569 0.03137255]] ... [[0.07058824 0.05490196 0.03137255]  [0.07450981 0.05882353 0.03529412]  [0.07058824 0.05490196 0.03137255]  ...  [0.3882353  0.32156864 0.28235295]  [0.38039216 0.3137255  0.2784314 ]  [0.3529412  0.28627452 0.25490198]] [[0.07450981 0.05882353 0.03529412]  [0.07058824 0.05490196 0.03137255]  [0.07058824 0.05490196 0.03137255]  ...  [0.38431373 0.32156864 0.28627452]  [0.3529412  0.2901961  0.2627451 ]  [0.3372549  0.2784314  0.24705882]] [[0.07450981 0.05882353 0.03529412]  [0.07058824 0.05490196 0.03137255]  [0.07058824 0.05490196 0.03137255]  ...  [0.3764706  0.3137255  0.2784314 ]  [0.34901962 0.28627452 0.25882354]  [0.32941177 0.27058825 0.23921569]]]",5.1009990783641115,22824,/home/amos/media/tv/Carnivale S01-S02 web 10bit hevc-d3g/Carnivale S02/Carnivale.S02E10.1080p.WEBRip.10Bit.EAC3.H265-d3g.mkv330,1080,1920,0,369,166,1027,369,133574,0.064,"[[[0.02745098 0.00784314 0.        ]  [0.02745098 0.00784314 0.        ]  [0.02745098 0.00784314 0.        ]  ...  [0.         0.         0.        ]  [0.         0.         0.        ]  [0.         0.         0.        ]] [[0.02352941 0.00392157 0.        ]  [0.02745098 0.00784314 0.        ]  [0.02745098 0.00784314 0.        ]  ...  [0.         0.         0.        ]  [0.         0.         0.        ]  [0.         0.         0.        ]] [[0.02745098 0.00784314 0.        ]  [0.02745098 0.00784314 0.        ]  [0.02745098 0.00784314 0.        ]  ...  [0.         0.         0.        ]  [0.         0.         0.        ]  [0.         0.         0.        ]] ... [[0.05882353 0.04313726 0.01960784]  [0.05882353 0.04313726 0.01960784]  [0.05882353 0.04313726 0.01960784]  ...  [0.01960784 0.00392157 0.        ]  [0.03137255 0.01176471 0.00392157]  [0.04313726 0.01960784 0.00392157]] [[0.05882353 0.04313726 0.01960784]  [0.05882353 0.04313726 0.01960784]  [0.0627451  0.04705882 0.02352941]  ...  [0.02745098 0.01176471 0.00392157]  [0.03921569 0.02352941 0.01568628]  [0.04313726 0.01960784 0.00392157]] [[0.0627451  0.04705882 0.02352941]  [0.0627451  0.04705882 0.02352941]  [0.0627451  0.04705882 0.02352941]  ...  [0.02352941 0.01176471 0.00392157]  [0.03529412 0.01960784 0.01176471]  [0.04705882 0.02352941 0.00784314]]]",5.250162053969689,22848,/home/amos/media/tv/Carnivale S01-S02 web 10bit hevc-d3g/Carnivale S02/Carnivale.S02E10.1080p.WEBRip.10Bit.EAC3.H265-d3g.mkv331,1080,1920,0,379,179,1051,379,134400,0.065,"[[[0.03529412 0.01960784 0.        ]  [0.03529412 0.01960784 0.        ]  [0.03529412 0.01960784 0.        ]  ...  [0.         0.         0.        ]  [0.         0.         0.00392157]  [0.         0.         0.00392157]] [[0.03529412 0.01960784 0.        ]  [0.03529412 0.01960784 0.        ]  [0.03529412 0.01960784 0.        ]  ...  [0.         0.         0.        ]  [0.         0.         0.00392157]  [0.         0.         0.00392157]] [[0.03529412 0.01960784 0.        ]  [0.03921569 0.02352941 0.00392157]  [0.03529412 0.01960784 0.        ]  ...  [0.         0.         0.        ]  [0.         0.         0.00392157]  [0.         0.         0.00392157]] ... [[0.01568628 0.00392157 0.        ]  [0.01568628 0.00392157 0.        ]  [0.01176471 0.00392157 0.        ]  ...  [0.07450981 0.04705882 0.02352941]  [0.0627451  0.03137255 0.01176471]  [0.0627451  0.03529412 0.01176471]] [[0.00784314 0.         0.        ]  [0.00392157 0.         0.        ]  [0.         0.         0.        ]  ...  [0.10588235 0.07843138 0.05490196]  [0.10980392 0.07843138 0.05490196]  [0.0627451  0.03529412 0.01176471]] [[0.00392157 0.         0.        ]  [0.00392157 0.         0.        ]  [0.00392157 0.         0.        ]  ...  [0.07058824 0.03921569 0.01960784]  [0.11764706 0.08627451 0.06666667]  [0.10588235 0.07450981 0.05490196]]]",6.019027093600016,22872,/home/amos/media/tv/Carnivale S01-S02 web 10bit hevc-d3g/Carnivale S02/Carnivale.S02E10.1080p.WEBRip.10Bit.EAC3.H265-d3g.mkv332,1080,1920,0,354,178,1048,354,122144,0.059,"[[[0.03137255 0.01568628 0.        ]  [0.03137255 0.01568628 0.        ]  [0.03137255 0.01568628 0.        ]  ...  [0.05490196 0.03921569 0.03137255]  [0.06666667 0.05098039 0.03921569]  [0.02745098 0.00784314 0.00392157]] [[0.03137255 0.01568628 0.        ]  [0.03137255 0.01568628 0.        ]  [0.03137255 0.01568628 0.        ]  ...  [0.03921569 0.01960784 0.01176471]  [0.05882353 0.03921569 0.03137255]  [0.02745098 0.00784314 0.00392157]] [[0.03529412 0.01960784 0.        ]  [0.03137255 0.01568628 0.        ]  [0.03137255 0.01568628 0.        ]  ...  [0.02745098 0.00784314 0.00392157]  [0.04313726 0.02352941 0.01568628]  [0.02352941 0.00392157 0.00392157]] ... [[0.04705882 0.03529412 0.00784314]  [0.04705882 0.03137255 0.00392157]  [0.04313726 0.02745098 0.00392157]  ...  [0.2627451  0.21176471 0.18039216]  [0.28627452 0.22745098 0.19607843]  [0.2784314  0.21960784 0.18431373]] [[0.05490196 0.03921569 0.01176471]  [0.04705882 0.03137255 0.00392157]  [0.05098039 0.03529412 0.00784314]  ...  [0.27450982 0.21960784 0.1882353 ]  [0.29411766 0.23529412 0.20392157]  [0.2901961  0.23137255 0.19215687]] [[0.05490196 0.03921569 0.01176471]  [0.05490196 0.03921569 0.01176471]  [0.05490196 0.03921569 0.01176471]  ...  [0.28627452 0.22745098 0.19215687]  [0.28235295 0.22352941 0.18431373]  [0.27058825 0.21176471 0.16862746]]]",5.5671760538825765,22896,/home/amos/media/tv/Carnivale S01-S02 web 10bit hevc-d3g/Carnivale S02/Carnivale.S02E10.1080p.WEBRip.10Bit.EAC3.H265-d3g.mkv333,1080,1920,0,378,168,1016,378,133980,0.065,"[[[0.03137255 0.01568628 0.        ]  [0.02745098 0.01176471 0.        ]  [0.02745098 0.01176471 0.        ]  ...  [0.         0.         0.        ]  [0.         0.         0.        ]  [0.         0.         0.        ]] [[0.02745098 0.01568628 0.        ]  [0.02745098 0.01176471 0.        ]  [0.02745098 0.01176471 0.        ]  ...  [0.         0.         0.        ]  [0.         0.         0.        ]  [0.         0.         0.        ]] [[0.03137255 0.01568628 0.        ]  [0.02745098 0.01176471 0.        ]  [0.02745098 0.01176471 0.        ]  ...  [0.         0.         0.        ]  [0.         0.         0.        ]  [0.         0.         0.        ]] ... [[0.07450981 0.05882353 0.03137255]  [0.07450981 0.05882353 0.03137255]  [0.07450981 0.05882353 0.03137255]  ...  [0.01176471 0.00784314 0.00392157]  [0.01960784 0.01568628 0.01176471]  [0.03529412 0.02745098 0.02352941]] [[0.07058824 0.05490196 0.02745098]  [0.07843138 0.0627451  0.03529412]  [0.07450981 0.05882353 0.03137255]  ...  [0.00784314 0.00392157 0.        ]  [0.01568628 0.01176471 0.00784314]  [0.03529412 0.02745098 0.02352941]] [[0.07450981 0.05882353 0.03137255]  [0.08235294 0.06666667 0.03921569]  [0.07058824 0.05490196 0.02745098]  ...  [0.00392157 0.         0.        ]  [0.00784314 0.00392157 0.        ]  [0.01176471 0.00392157 0.00392157]]]",5.367785068810917,22920,/home/amos/media/tv/Carnivale S01-S02 web 10bit hevc-d3g/Carnivale S02/Carnivale.S02E10.1080p.WEBRip.10Bit.EAC3.H265-d3g.mkv334,1080,1920,1,294,225,652,294,24702,0.012,"[[[0.04313726 0.01960784 0.01176471]  [0.05098039 0.02745098 0.01176471]  [0.05882353 0.03529412 0.01568628]  ...  [0.18431373 0.15686275 0.13333334]  [0.19215687 0.16470589 0.14117648]  [0.19215687 0.16862746 0.14117648]] [[0.04313726 0.01960784 0.00392157]  [0.04705882 0.02352941 0.00784314]  [0.05490196 0.03529412 0.01176471]  ...  [0.1764706  0.14901961 0.1254902 ]  [0.18431373 0.15686275 0.13333334]  [0.18039216 0.15294118 0.12941177]] [[0.03921569 0.01568628 0.        ]  [0.04705882 0.02352941 0.00392157]  [0.05490196 0.03137255 0.01176471]  ...  [0.1764706  0.14901961 0.1254902 ]  [0.18431373 0.15686275 0.13333334]  [0.17254902 0.14509805 0.12156863]] ... [[0.1254902  0.08627451 0.05882353]  [0.12941177 0.09019608 0.0627451 ]  [0.12941177 0.09019608 0.0627451 ]  ...  [0.03921569 0.02745098 0.00392157]  [0.03921569 0.02745098 0.        ]  [0.03921569 0.02745098 0.00392157]] [[0.12941177 0.09019608 0.0627451 ]  [0.13333334 0.09411765 0.06666667]  [0.12941177 0.09411765 0.0627451 ]  ...  [0.03921569 0.02745098 0.00392157]  [0.03921569 0.02745098 0.00392157]  [0.03921569 0.02352941 0.        ]] [[0.12941177 0.09019608 0.0627451 ]  [0.1254902  0.08627451 0.05882353]  [0.1254902  0.08627451 0.05882353]  ...  [0.03921569 0.02745098 0.00392157]  [0.03921569 0.02352941 0.        ]  [0.03921569 0.02352941 0.        ]]]",1.0353280018898658,22920,/home/amos/media/tv/Carnivale S01-S02 web 10bit hevc-d3g/Carnivale S02/Carnivale.S02E10.1080p.WEBRip.10Bit.EAC3.H265-d3g.mkv335,1080,1920,0,363,167,1080,363,140532,0.068,"[[[0.03137255 0.01568628 0.        ]  [0.03137255 0.01568628 0.        ]  [0.03137255 0.01568628 0.        ]  ...  [0.         0.         0.        ]  [0.         0.         0.        ]  [0.         0.         0.        ]] [[0.03137255 0.01568628 0.        ]  [0.03137255 0.01568628 0.        ]  [0.03137255 0.01568628 0.        ]  ...  [0.         0.         0.        ]  [0.00392157 0.         0.        ]  [0.00784314 0.00392157 0.        ]] [[0.03137255 0.01568628 0.        ]  [0.03137255 0.01568628 0.        ]  [0.03137255 0.01568628 0.        ]  ...  [0.         0.         0.        ]  [0.00392157 0.         0.        ]  [0.00784314 0.00784314 0.00392157]] ... [[0.04705882 0.04313726 0.01568628]  [0.03921569 0.03529412 0.00784314]  [0.03921569 0.03137255 0.00784314]  ...  [0.03529412 0.01568628 0.00784314]  [0.03529412 0.01568628 0.00784314]  [0.03921569 0.01960784 0.01176471]] [[0.05098039 0.04313726 0.01960784]  [0.04313726 0.03921569 0.01176471]  [0.04313726 0.03529412 0.01176471]  ...  [0.03529412 0.01568628 0.00784314]  [0.03137255 0.01176471 0.00392157]  [0.04313726 0.02745098 0.01568628]] [[0.05098039 0.03921569 0.01568628]  [0.04313726 0.03137255 0.00784314]  [0.04313726 0.03137255 0.01176471]  ...  [0.01568628 0.00392157 0.        ]  [0.01960784 0.         0.        ]  [0.03137255 0.01176471 0.00392157]]]",5.838986090035178,22944,/home/amos/media/tv/Carnivale S01-S02 web 10bit hevc-d3g/Carnivale S02/Carnivale.S02E10.1080p.WEBRip.10Bit.EAC3.H265-d3g.mkv336,1080,1920,1,284,187,160,284,12028,0.006,"[[[0.13333334 0.08235294 0.05882353]  [0.13333334 0.08235294 0.05882353]  [0.13333334 0.08235294 0.05882353]  ...  [0.03529412 0.01960784 0.        ]  [0.03529412 0.01960784 0.        ]  [0.         0.         0.        ]] [[0.13333334 0.07843138 0.05882353]  [0.13333334 0.08235294 0.05882353]  [0.13333334 0.08235294 0.05882353]  ...  [0.03137255 0.01568628 0.        ]  [0.03137255 0.01568628 0.        ]  [0.         0.         0.        ]] [[0.13333334 0.08235294 0.05882353]  [0.13333334 0.08235294 0.05882353]  [0.13333334 0.08235294 0.05882353]  ...  [0.03137255 0.01568628 0.        ]  [0.03137255 0.01568628 0.        ]  [0.         0.         0.        ]] ... [[0.16862746 0.11372549 0.08235294]  [0.16470589 0.10980392 0.07843138]  [0.16470589 0.10980392 0.07843138]  ...  [0.09019608 0.0627451  0.03137255]  [0.09019608 0.0627451  0.03137255]  [0.         0.         0.        ]] [[0.16862746 0.11372549 0.08235294]  [0.16862746 0.11372549 0.08235294]  [0.16862746 0.11372549 0.08235294]  ...  [0.09019608 0.0627451  0.03137255]  [0.09019608 0.0627451  0.03137255]  [0.         0.         0.        ]] [[0.         0.         0.        ]  [0.         0.         0.        ]  [0.         0.         0.        ]  ...  [0.         0.         0.        ]  [0.         0.         0.        ]  [0.         0.         0.        ]]]",3.6390310105634853,22944,/home/amos/media/tv/Carnivale S01-S02 web 10bit hevc-d3g/Carnivale S02/Carnivale.S02E10.1080p.WEBRip.10Bit.EAC3.H265-d3g.mkv337,1080,1920,2,131,698,261,131,73710,0.036,"[[[0.03137255 0.00392157 0.        ]  [0.03137255 0.00392157 0.        ]  [0.03137255 0.00392157 0.        ]  ...  [0.         0.         0.        ]  [0.         0.         0.        ]  [0.         0.         0.        ]] [[0.03137255 0.00392157 0.        ]  [0.03137255 0.00392157 0.        ]  [0.03137255 0.00392157 0.        ]  ...  [0.         0.         0.        ]  [0.         0.         0.        ]  [0.         0.         0.        ]] [[0.03137255 0.00392157 0.        ]  [0.03137255 0.00392157 0.        ]  [0.03137255 0.00392157 0.        ]  ...  [0.         0.         0.        ]  [0.         0.         0.        ]  [0.         0.         0.        ]] ... [[0.02745098 0.00784314 0.        ]  [0.02745098 0.00784314 0.        ]  [0.02352941 0.00392157 0.        ]  ...  [0.18431373 0.14901961 0.1254902 ]  [0.18431373 0.14901961 0.1254902 ]  [0.18431373 0.14901961 0.1254902 ]] [[0.02745098 0.00784314 0.        ]  [0.02745098 0.00784314 0.        ]  [0.02745098 0.00392157 0.        ]  ...  [0.18431373 0.15294118 0.12941177]  [0.1882353  0.15294118 0.12941177]  [0.1882353  0.15294118 0.12941177]] [[0.02745098 0.00784314 0.        ]  [0.02745098 0.00784314 0.        ]  [0.02745098 0.00784314 0.        ]  ...  [0.1882353  0.15294118 0.12941177]  [0.19215687 0.15294118 0.12941177]  [0.19215687 0.15686275 0.13333334]]]",3.587863116466906,22944,/home/amos/media/tv/Carnivale S01-S02 web 10bit hevc-d3g/Carnivale S02/Carnivale.S02E10.1080p.WEBRip.10Bit.EAC3.H265-d3g.mkv338,1080,1920,0,435,114,940,435,162105,0.078,"[[[0.01568628 0.         0.        ]  [0.02352941 0.00392157 0.        ]  [0.02352941 0.00392157 0.        ]  ...  [0.         0.         0.        ]  [0.         0.         0.        ]  [0.         0.         0.        ]] [[0.01568628 0.         0.        ]  [0.02352941 0.00392157 0.        ]  [0.02352941 0.00392157 0.        ]  ...  [0.         0.         0.        ]  [0.         0.         0.        ]  [0.         0.         0.        ]] [[0.01960784 0.00392157 0.        ]  [0.02352941 0.00392157 0.        ]  [0.02352941 0.00392157 0.        ]  ...  [0.         0.         0.        ]  [0.         0.         0.        ]  [0.         0.         0.        ]] ... [[0.0627451  0.04705882 0.02352941]  [0.05882353 0.04313726 0.01568628]  [0.05882353 0.04313726 0.01960784]  ...  [0.00784314 0.         0.        ]  [0.00784314 0.         0.        ]  [0.01568628 0.00784314 0.        ]] [[0.06666667 0.05098039 0.02352941]  [0.05882353 0.04313726 0.01568628]  [0.0627451  0.04705882 0.01960784]  ...  [0.01176471 0.00392157 0.        ]  [0.01568628 0.00784314 0.        ]  [0.02745098 0.01176471 0.00392157]] [[0.07058824 0.05098039 0.02352941]  [0.0627451  0.04705882 0.01960784]  [0.0627451  0.04705882 0.01960784]  ...  [0.01176471 0.00784314 0.        ]  [0.01960784 0.01176471 0.        ]  [0.02745098 0.01568628 0.        ]]]",5.731290247873403,22968,/home/amos/media/tv/Carnivale S01-S02 web 10bit hevc-d3g/Carnivale S02/Carnivale.S02E10.1080p.WEBRip.10Bit.EAC3.H265-d3g.mkv339,1080,1920,0,405,115,915,405,147900,0.071,"[[[0.77254903 0.68235296 0.61960787]  [0.7529412  0.6627451  0.6039216 ]  [0.73333335 0.6431373  0.5921569 ]  ...  [0.         0.         0.        ]  [0.         0.         0.        ]  [0.         0.         0.        ]] [[0.77254903 0.68235296 0.61960787]  [0.7647059  0.6745098  0.61960787]  [0.7411765  0.6509804  0.6       ]  ...  [0.         0.         0.        ]  [0.         0.         0.        ]  [0.         0.         0.        ]] [[0.77254903 0.68235296 0.61960787]  [0.7647059  0.6745098  0.61960787]  [0.7372549  0.64705884 0.59607846]  ...  [0.         0.         0.        ]  [0.         0.         0.        ]  [0.         0.         0.        ]] ... [[0.09803922 0.08235294 0.05490196]  [0.09803922 0.08235294 0.05490196]  [0.09411765 0.07843138 0.05098039]  ...  [0.05882353 0.01568628 0.00784314]  [0.01568628 0.         0.        ]  [0.         0.         0.        ]] [[0.09803922 0.08627451 0.05490196]  [0.09803922 0.08235294 0.05490196]  [0.09411765 0.07843138 0.05098039]  ...  [0.03529412 0.00392157 0.        ]  [0.01568628 0.         0.        ]  [0.         0.         0.        ]] [[0.         0.         0.        ]  [0.         0.         0.        ]  [0.         0.         0.        ]  ...  [0.         0.         0.        ]  [0.         0.         0.        ]  [0.         0.         0.        ]]]",2.6149721198598854,22992,/home/amos/media/tv/Carnivale S01-S02 web 10bit hevc-d3g/Carnivale S02/Carnivale.S02E10.1080p.WEBRip.10Bit.EAC3.H265-d3g.mkv340,1080,1920,0,391,126,906,391,136475,0.066,"[[[0.78039217 0.6901961  0.63529414]  [0.7921569  0.69411767 0.63529414]  [0.80784315 0.7019608  0.6392157 ]  ...  [0.         0.         0.        ]  [0.         0.         0.        ]  [0.         0.         0.        ]] [[0.78039217 0.69803923 0.6313726 ]  [0.8        0.7019608  0.6392157 ]  [0.81960785 0.7137255  0.64705884]  ...  [0.         0.         0.        ]  [0.         0.         0.        ]  [0.         0.         0.        ]] [[0.7882353  0.7019608  0.6392157 ]  [0.8117647  0.7137255  0.6509804 ]  [0.8235294  0.72156864 0.654902  ]  ...  [0.         0.         0.        ]  [0.         0.         0.        ]  [0.         0.         0.        ]] ... [[0.11372549 0.09019608 0.06666667]  [0.11372549 0.09019608 0.06666667]  [0.10980392 0.08627451 0.05882353]  ...  [0.25882354 0.21176471 0.18039216]  [0.23529412 0.19607843 0.16862746]  [0.16470589 0.12941177 0.10196079]] [[0.11372549 0.09019608 0.0627451 ]  [0.11372549 0.09019608 0.0627451 ]  [0.11372549 0.09019608 0.05882353]  ...  [0.24705882 0.2        0.17254902]  [0.21960784 0.18039216 0.15686275]  [0.13725491 0.10588235 0.08235294]] [[0.11764706 0.09411765 0.0627451 ]  [0.11372549 0.09019608 0.0627451 ]  [0.11372549 0.08627451 0.05490196]  ...  [0.23921569 0.19607843 0.16470589]  [0.20784314 0.17254902 0.14509805]  [0.10196079 0.07450981 0.05490196]]]",5.706882127968129,23016,/home/amos/media/tv/Carnivale S01-S02 web 10bit hevc-d3g/Carnivale S02/Carnivale.S02E10.1080p.WEBRip.10Bit.EAC3.H265-d3g.mkv341,1080,1920,0,402,127,918,402,141900,0.068,"[[[0.8235294  0.70980394 0.64705884]  [0.81960785 0.7137255  0.64705884]  [0.827451   0.72156864 0.6627451 ]  ...  [0.00392157 0.00392157 0.        ]  [0.00784314 0.00784314 0.        ]  [0.00784314 0.00784314 0.        ]] [[0.83137256 0.7137255  0.6509804 ]  [0.80784315 0.69803923 0.6313726 ]  [0.8156863  0.70980394 0.64705884]  ...  [0.00392157 0.00392157 0.        ]  [0.00784314 0.00784314 0.        ]  [0.00784314 0.00784314 0.        ]] [[0.83137256 0.7137255  0.64705884]  [0.8117647  0.69803923 0.63529414]  [0.8392157  0.7294118  0.6666667 ]  ...  [0.         0.         0.        ]  [0.00784314 0.00784314 0.        ]  [0.01176471 0.01176471 0.00392157]] ... [[0.10196079 0.07843138 0.04705882]  [0.10196079 0.08627451 0.05098039]  [0.09803922 0.08235294 0.05098039]  ...  [0.03921569 0.02745098 0.00392157]  [0.02745098 0.01568628 0.        ]  [0.02745098 0.01568628 0.        ]] [[0.10588235 0.08235294 0.05098039]  [0.10196079 0.08627451 0.05098039]  [0.10196079 0.08627451 0.05490196]  ...  [0.03921569 0.02745098 0.00784314]  [0.03137255 0.01960784 0.        ]  [0.03921569 0.02745098 0.00784314]] [[0.10980392 0.08627451 0.05490196]  [0.10588235 0.08627451 0.05490196]  [0.10196079 0.08627451 0.05490196]  ...  [0.01960784 0.00392157 0.        ]  [0.02352941 0.00784314 0.        ]  [0.03529412 0.01960784 0.00392157]]]",4.337607103283517,23040,/home/amos/media/tv/Carnivale S01-S02 web 10bit hevc-d3g/Carnivale S02/Carnivale.S02E10.1080p.WEBRip.10Bit.EAC3.H265-d3g.mkv342,1080,1920,0,71,689,1324,71,774354,0.373,"[[[0.13725491 0.08235294 0.04705882]  [0.13725491 0.08235294 0.04705882]  [0.13725491 0.08235294 0.04705882]  ...  [0.13725491 0.08235294 0.04705882]  [0.13725491 0.08235294 0.04705882]  [0.         0.         0.        ]] [[0.13725491 0.08235294 0.04705882]  [0.13725491 0.08235294 0.04705882]  [0.13725491 0.08235294 0.04705882]  ...  [0.13725491 0.08235294 0.04705882]  [0.13725491 0.08235294 0.04705882]  [0.         0.         0.        ]] [[0.13725491 0.08235294 0.04705882]  [0.13725491 0.08235294 0.04705882]  [0.13725491 0.08235294 0.04705882]  ...  [0.13725491 0.08627451 0.05098039]  [0.13725491 0.08627451 0.05098039]  [0.         0.         0.        ]] ... [[0.12941177 0.08235294 0.04313726]  [0.12941177 0.08235294 0.04313726]  [0.12941177 0.08235294 0.04313726]  ...  [0.33333334 0.24705882 0.18039216]  [0.33333334 0.24705882 0.18039216]  [0.         0.         0.        ]] [[0.12941177 0.08235294 0.04313726]  [0.12941177 0.08235294 0.04313726]  [0.12941177 0.08235294 0.04313726]  ...  [0.33333334 0.24705882 0.18039216]  [0.33333334 0.24705882 0.18039216]  [0.         0.         0.        ]] [[0.         0.         0.        ]  [0.         0.         0.        ]  [0.         0.         0.        ]  ...  [0.         0.         0.        ]  [0.         0.         0.        ]  [0.         0.         0.        ]]]",1.700210065988358,23208,/home/amos/media/tv/Carnivale S01-S02 web 10bit hevc-d3g/Carnivale S02/Carnivale.S02E10.1080p.WEBRip.10Bit.EAC3.H265-d3g.mkv343,1080,1920,0,59,732,1340,59,862113,0.416,"[[[0.14901961 0.10196079 0.05490196]  [0.14901961 0.10196079 0.05490196]  [0.14901961 0.10196079 0.05490196]  ...  [0.13333334 0.08627451 0.05490196]  [0.13333334 0.08627451 0.05490196]  [0.13333334 0.08627451 0.05490196]] [[0.14901961 0.10196079 0.05490196]  [0.14901961 0.10196079 0.05490196]  [0.14901961 0.10196079 0.05490196]  ...  [0.13333334 0.08627451 0.05490196]  [0.13333334 0.08627451 0.05490196]  [0.13333334 0.08627451 0.05490196]] [[0.14901961 0.10196079 0.05490196]  [0.14901961 0.10196079 0.05490196]  [0.14901961 0.10196079 0.05490196]  ...  [0.13333334 0.08627451 0.05490196]  [0.13333334 0.08627451 0.05490196]  [0.13333334 0.08627451 0.05490196]] ... [[0.14117648 0.09411765 0.04705882]  [0.14117648 0.09411765 0.04705882]  [0.14117648 0.09411765 0.04705882]  ...  [0.32941177 0.24705882 0.18431373]  [0.32941177 0.24705882 0.18431373]  [0.32941177 0.24705882 0.18431373]] [[0.14117648 0.09411765 0.04705882]  [0.14117648 0.09411765 0.04705882]  [0.14117648 0.09411765 0.04705882]  ...  [0.32941177 0.24705882 0.18431373]  [0.32941177 0.24705882 0.18431373]  [0.32941177 0.24705882 0.18431373]] [[0.14117648 0.09411765 0.04705882]  [0.14117648 0.09411765 0.04705882]  [0.14117648 0.09411765 0.04705882]  ...  [0.32941177 0.24705882 0.18431373]  [0.32941177 0.24705882 0.18431373]  [0.32941177 0.24705882 0.18431373]]]",0.0007451827987097204,23280,/home/amos/media/tv/Carnivale S01-S02 web 10bit hevc-d3g/Carnivale S02/Carnivale.S02E10.1080p.WEBRip.10Bit.EAC3.H265-d3g.mkv344,1080,1920,0,57,733,1341,57,867984,0.419,"[[[0.13725491 0.09019608 0.04313726]  [0.13725491 0.09019608 0.04313726]  [0.13725491 0.09019608 0.04313726]  ...  [0.1254902  0.06666667 0.04705882]  [0.1254902  0.06666667 0.04705882]  [0.1254902  0.06666667 0.04705882]] [[0.13725491 0.09019608 0.04313726]  [0.13725491 0.09019608 0.04313726]  [0.13725491 0.09019608 0.04313726]  ...  [0.1254902  0.06666667 0.04705882]  [0.1254902  0.06666667 0.04705882]  [0.1254902  0.06666667 0.04705882]] [[0.13725491 0.09019608 0.04313726]  [0.13725491 0.09019608 0.04313726]  [0.13725491 0.09019608 0.04313726]  ...  [0.12941177 0.07058824 0.04705882]  [0.1254902  0.06666667 0.04705882]  [0.1254902  0.06666667 0.04705882]] ... [[0.13725491 0.09019608 0.04705882]  [0.13725491 0.09019608 0.04705882]  [0.13725491 0.09019608 0.04705882]  ...  [0.33333334 0.23921569 0.1882353 ]  [0.33333334 0.23921569 0.1882353 ]  [0.33333334 0.23921569 0.1882353 ]] [[0.13725491 0.09019608 0.04705882]  [0.13725491 0.09019608 0.04705882]  [0.13725491 0.09019608 0.04705882]  ...  [0.33333334 0.23921569 0.1882353 ]  [0.33333334 0.23921569 0.1882353 ]  [0.33333334 0.23921569 0.1882353 ]] [[0.13725491 0.09019608 0.04705882]  [0.13725491 0.09019608 0.04705882]  [0.13725491 0.09019608 0.04705882]  ...  [0.33333334 0.23921569 0.1882353 ]  [0.33333334 0.23921569 0.1882353 ]  [0.33333334 0.23921569 0.1882353 ]]]",1.9921691351919435,23304,/home/amos/media/tv/Carnivale S01-S02 web 10bit hevc-d3g/Carnivale S02/Carnivale.S02E10.1080p.WEBRip.10Bit.EAC3.H265-d3g.mkv345,1080,1920,0,192,387,1384,192,232440,0.112,"[[[0.13333334 0.10196079 0.0627451 ]  [0.12941177 0.09803922 0.05882353]  [0.12941177 0.10196079 0.0627451 ]  ...  [0.4862745  0.41568628 0.26666668]  [0.49019608 0.41960785 0.26666668]  [0.4862745  0.41568628 0.2627451 ]] [[0.13333334 0.10196079 0.0627451 ]  [0.13333334 0.10196079 0.0627451 ]  [0.12941177 0.10196079 0.0627451 ]  ...  [0.4862745  0.41568628 0.26666668]  [0.4862745  0.41568628 0.26666668]  [0.47843137 0.40784314 0.25882354]] [[0.12941177 0.09803922 0.05882353]  [0.13333334 0.10196079 0.0627451 ]  [0.12941177 0.10196079 0.0627451 ]  ...  [0.48235294 0.4117647  0.2627451 ]  [0.47843137 0.40784314 0.25882354]  [0.4745098  0.40392157 0.25490198]] ... [[0.13725491 0.07843138 0.03921569]  [0.13725491 0.07843138 0.03921569]  [0.13725491 0.07843138 0.03921569]  ...  [0.5764706  0.5058824  0.3372549 ]  [0.5803922  0.50980395 0.34117648]  [0.58431375 0.50980395 0.34509805]] [[0.14117648 0.08235294 0.04313726]  [0.14117648 0.08235294 0.04313726]  [0.13725491 0.07843138 0.03921569]  ...  [0.57254905 0.5019608  0.33333334]  [0.5764706  0.5058824  0.3372549 ]  [0.5803922  0.50980395 0.34117648]] [[0.14117648 0.08235294 0.04313726]  [0.14117648 0.08235294 0.04313726]  [0.14117648 0.08235294 0.04313726]  ...  [0.5686275  0.49803922 0.33333334]  [0.57254905 0.5019608  0.3372549 ]  [0.5803922  0.50980395 0.34509805]]]",3.737268080411013,23424,/home/amos/media/tv/Carnivale S01-S02 web 10bit hevc-d3g/Carnivale S02/Carnivale.S02E10.1080p.WEBRip.10Bit.EAC3.H265-d3g.mkv346,1080,1920,0,214,344,1360,214,148980,0.072,"[[[0.05490196 0.04313726 0.02352941]  [0.05882353 0.04705882 0.02745098]  [0.07843138 0.0627451  0.03921569]  ...  [0.17254902 0.12941177 0.07058824]  [0.14901961 0.10588235 0.04705882]  [0.         0.         0.        ]] [[0.05490196 0.04313726 0.02352941]  [0.05490196 0.04313726 0.02352941]  [0.06666667 0.05098039 0.02745098]  ...  [0.2        0.14901961 0.09019608]  [0.1764706  0.1254902  0.0627451 ]  [0.         0.         0.        ]] [[0.05490196 0.04313726 0.02352941]  [0.05098039 0.03921569 0.01960784]  [0.05490196 0.03921569 0.01568628]  ...  [0.22745098 0.1764706  0.11372549]  [0.19607843 0.14509805 0.08235294]  [0.         0.         0.        ]] ... [[0.14509805 0.08627451 0.04313726]  [0.14509805 0.08627451 0.04313726]  [0.14117648 0.08627451 0.04313726]  ...  [0.58431375 0.5176471  0.3529412 ]  [0.5803922  0.5137255  0.34901962]  [0.         0.         0.        ]] [[0.14117648 0.08235294 0.03921569]  [0.14509805 0.08627451 0.04313726]  [0.14117648 0.08627451 0.04313726]  ...  [0.58431375 0.5176471  0.3529412 ]  [0.5803922  0.5137255  0.34901962]  [0.         0.         0.        ]] [[0.         0.         0.        ]  [0.         0.         0.        ]  [0.         0.         0.        ]  ...  [0.         0.         0.        ]  [0.         0.         0.        ]  [0.         0.         0.        ]]]",2.883575968153309,23448,/home/amos/media/tv/Carnivale S01-S02 web 10bit hevc-d3g/Carnivale S02/Carnivale.S02E10.1080p.WEBRip.10Bit.EAC3.H265-d3g.mkv347,1080,1920,1,78,512,1506,78,619752,0.299,"[[[0.22352941 0.15686275 0.11372549]  [0.22352941 0.15686275 0.11372549]  [0.22352941 0.15686275 0.11372549]  ...  [0.45490196 0.38431373 0.24313726]  [0.4627451  0.3882353  0.2509804 ]  [0.4627451  0.3882353  0.2509804 ]] [[0.22352941 0.15686275 0.11372549]  [0.22352941 0.15686275 0.11372549]  [0.22352941 0.15686275 0.11372549]  ...  [0.45490196 0.38039216 0.24313726]  [0.4627451  0.3882353  0.2509804 ]  [0.4627451  0.3882353  0.2509804 ]] [[0.22352941 0.15686275 0.11372549]  [0.22352941 0.15686275 0.11372549]  [0.22352941 0.15686275 0.11372549]  ...  [0.45490196 0.38039216 0.24313726]  [0.45882353 0.38431373 0.24705882]  [0.45882353 0.38431373 0.24705882]] ... [[0.62352943 0.5568628  0.3882353 ]  [0.62352943 0.5568628  0.3882353 ]  [0.62352943 0.5568628  0.39215687]  ...  [0.4745098  0.40392157 0.25490198]  [0.47843137 0.40784314 0.25882354]  [0.47843137 0.40784314 0.25882354]] [[0.62352943 0.5568628  0.39215687]  [0.62352943 0.5568628  0.39215687]  [0.62352943 0.5568628  0.39215687]  ...  [0.46666667 0.39607844 0.24705882]  [0.47058824 0.4        0.2509804 ]  [0.47058824 0.4        0.2509804 ]] [[0.62352943 0.5568628  0.39215687]  [0.62352943 0.5568628  0.39215687]  [0.62352943 0.5568628  0.39215687]  ...  [0.46666667 0.39607844 0.24705882]  [0.47058824 0.4        0.2509804 ]  [0.47058824 0.4        0.2509804 ]]]",5.053616100398358,23448,/home/amos/media/tv/Carnivale S01-S02 web 10bit hevc-d3g/Carnivale S02/Carnivale.S02E10.1080p.WEBRip.10Bit.EAC3.H265-d3g.mkv348,1080,1920,0,50,428,1546,50,565488,0.273,"[[[0.21960784 0.16470589 0.10196079]  [0.21960784 0.16470589 0.10196079]  [0.21960784 0.16470589 0.10196079]  ...  [0.12156863 0.10196079 0.05490196]  [0.12156863 0.10196079 0.05490196]  [0.12156863 0.10196079 0.05490196]] [[0.21960784 0.16470589 0.10196079]  [0.21960784 0.16470589 0.10196079]  [0.21960784 0.16470589 0.10196079]  ...  [0.12156863 0.10196079 0.05490196]  [0.12156863 0.10196079 0.05490196]  [0.12156863 0.10196079 0.05490196]] [[0.21960784 0.16470589 0.10196079]  [0.21960784 0.16470589 0.10196079]  [0.21960784 0.16470589 0.10196079]  ...  [0.12156863 0.10196079 0.05490196]  [0.12156863 0.10196079 0.05490196]  [0.12156863 0.10196079 0.05490196]] ... [[0.34901962 0.27058825 0.17254902]  [0.34901962 0.27058825 0.17254902]  [0.34901962 0.27058825 0.17254902]  ...  [0.13725491 0.09411765 0.05098039]  [0.13725491 0.09411765 0.05098039]  [0.13725491 0.09411765 0.05098039]] [[0.34901962 0.27058825 0.17254902]  [0.34901962 0.27058825 0.17254902]  [0.34901962 0.27058825 0.17254902]  ...  [0.13725491 0.09411765 0.05098039]  [0.13725491 0.09411765 0.05098039]  [0.13725491 0.09411765 0.05098039]] [[0.34901962 0.27058825 0.17254902]  [0.34901962 0.27058825 0.17254902]  [0.34901962 0.27058825 0.17254902]  ...  [0.13725491 0.09411765 0.05098039]  [0.13725491 0.09411765 0.05098039]  [0.13725491 0.09411765 0.05098039]]]",0.5636740393820219,23472,/home/amos/media/tv/Carnivale S01-S02 web 10bit hevc-d3g/Carnivale S02/Carnivale.S02E10.1080p.WEBRip.10Bit.EAC3.H265-d3g.mkv349,1080,1920,0,187,69,478,187,34338,0.017,"[[[0.38039216 0.31764707 0.29803923]  [0.38431373 0.32156864 0.3019608 ]  [0.38431373 0.3254902  0.3019608 ]  ...  [0.2784314  0.19607843 0.13725491]  [0.27450982 0.2        0.13725491]  [0.         0.         0.        ]] [[0.3882353  0.3254902  0.30588236]  [0.3882353  0.3254902  0.30588236]  [0.39215687 0.33333334 0.30588236]  ...  [0.2784314  0.2        0.14117648]  [0.2784314  0.20392157 0.14117648]  [0.         0.         0.        ]] [[0.4        0.3372549  0.31764707]  [0.40392157 0.34117648 0.32156864]  [0.40392157 0.34509805 0.31764707]  ...  [0.28235295 0.20392157 0.14117648]  [0.2784314  0.20392157 0.14117648]  [0.         0.         0.        ]] ... [[0.10588235 0.05490196 0.03137255]  [0.10588235 0.05490196 0.03137255]  [0.10588235 0.05098039 0.03137255]  ...  [0.2        0.1254902  0.07450981]  [0.20392157 0.12941177 0.07843138]  [0.         0.         0.        ]] [[0.10588235 0.05490196 0.03137255]  [0.10588235 0.05490196 0.03137255]  [0.10588235 0.05490196 0.03137255]  ...  [0.2        0.1254902  0.07450981]  [0.20392157 0.12941177 0.07843138]  [0.         0.         0.        ]] [[0.         0.         0.        ]  [0.         0.         0.        ]  [0.         0.         0.        ]  ...  [0.         0.         0.        ]  [0.         0.         0.        ]  [0.         0.         0.        ]]]",5.9306490567396395,23496,/home/amos/media/tv/Carnivale S01-S02 web 10bit hevc-d3g/Carnivale S02/Carnivale.S02E10.1080p.WEBRip.10Bit.EAC3.H265-d3g.mkv350,1080,1920,0,220,65,467,220,38285,0.018,"[[[0.19607843 0.13725491 0.09803922]  [0.2        0.14117648 0.10196079]  [0.20392157 0.14509805 0.10588235]  ...  [0.27058825 0.20784314 0.14509805]  [0.26666668 0.20392157 0.14509805]  [0.         0.         0.        ]] [[0.19215687 0.13333334 0.09411765]  [0.2        0.14117648 0.10196079]  [0.20392157 0.14509805 0.10588235]  ...  [0.27058825 0.20392157 0.14509805]  [0.26666668 0.2        0.14117648]  [0.         0.         0.        ]] [[0.19607843 0.13725491 0.09803922]  [0.20392157 0.14509805 0.10588235]  [0.21176471 0.15294118 0.11372549]  ...  [0.26666668 0.2        0.14117648]  [0.2627451  0.19607843 0.13725491]  [0.         0.         0.        ]] ... [[0.13725491 0.06666667 0.03921569]  [0.12941177 0.06666667 0.04313726]  [0.1254902  0.0627451  0.03921569]  ...  [0.22745098 0.15294118 0.09803922]  [0.22745098 0.15294118 0.09803922]  [0.         0.         0.        ]] [[0.13725491 0.06666667 0.03921569]  [0.1254902  0.0627451  0.03921569]  [0.1254902  0.0627451  0.03921569]  ...  [0.22745098 0.15294118 0.09803922]  [0.22745098 0.15294118 0.09803922]  [0.         0.         0.        ]] [[0.         0.         0.        ]  [0.         0.         0.        ]  [0.         0.         0.        ]  ...  [0.         0.         0.        ]  [0.         0.         0.        ]  [0.         0.         0.        ]]]",6.267777124769054,23520,/home/amos/media/tv/Carnivale S01-S02 web 10bit hevc-d3g/Carnivale S02/Carnivale.S02E10.1080p.WEBRip.10Bit.EAC3.H265-d3g.mkv351,1080,1920,0,202,80,459,202,31354,0.015,"[[[0.3372549  0.2784314  0.25882354]  [0.33333334 0.27450982 0.25490198]  [0.33333334 0.27450982 0.25490198]  ...  [0.27450982 0.20784314 0.14901961]  [0.27450982 0.20784314 0.14901961]  [0.27058825 0.20392157 0.14509805]] [[0.34509805 0.28627452 0.27058825]  [0.34509805 0.28627452 0.27058825]  [0.34509805 0.28627452 0.27058825]  ...  [0.27450982 0.20784314 0.14901961]  [0.27450982 0.20784314 0.14901961]  [0.27058825 0.20392157 0.14509805]] [[0.35686275 0.29803923 0.28235295]  [0.35686275 0.29803923 0.28235295]  [0.35686275 0.29803923 0.28235295]  ...  [0.27450982 0.20784314 0.14901961]  [0.27450982 0.20784314 0.14901961]  [0.27058825 0.20784314 0.14901961]] ... [[0.08627451 0.03529412 0.01176471]  [0.08627451 0.03529412 0.01176471]  [0.08627451 0.03529412 0.01176471]  ...  [0.21568628 0.14509805 0.09019608]  [0.21176471 0.14117648 0.08627451]  [0.20784314 0.13725491 0.08627451]] [[0.08627451 0.03529412 0.01176471]  [0.08627451 0.03529412 0.01176471]  [0.08627451 0.03529412 0.01176471]  ...  [0.21568628 0.14509805 0.09019608]  [0.21176471 0.14117648 0.08627451]  [0.20784314 0.14117648 0.08627451]] [[0.08627451 0.03529412 0.01176471]  [0.08627451 0.03529412 0.01176471]  [0.08627451 0.03529412 0.01176471]  ...  [0.21568628 0.14509805 0.09019608]  [0.21176471 0.14117648 0.08627451]  [0.21176471 0.14509805 0.09019608]]]",5.453511087456718,23544,/home/amos/media/tv/Carnivale S01-S02 web 10bit hevc-d3g/Carnivale S02/Carnivale.S02E10.1080p.WEBRip.10Bit.EAC3.H265-d3g.mkv352,1080,1920,0,71,410,945,71,296286,0.143,"[[[0.10196079 0.08627451 0.06666667]  [0.10196079 0.08627451 0.06666667]  [0.10196079 0.08627451 0.06666667]  ...  [0.21568628 0.17254902 0.12941177]  [0.21568628 0.17254902 0.12941177]  [0.         0.         0.        ]] [[0.10196079 0.08627451 0.06666667]  [0.10196079 0.08627451 0.06666667]  [0.10196079 0.08627451 0.06666667]  ...  [0.21568628 0.17254902 0.12941177]  [0.21568628 0.17254902 0.12941177]  [0.         0.         0.        ]] [[0.10196079 0.08627451 0.06666667]  [0.10196079 0.08627451 0.06666667]  [0.10196079 0.08627451 0.06666667]  ...  [0.21568628 0.17254902 0.12941177]  [0.21568628 0.17254902 0.12941177]  [0.         0.         0.        ]] ... [[0.15686275 0.13333334 0.11372549]  [0.15686275 0.13333334 0.11372549]  [0.15686275 0.13333334 0.11372549]  ...  [0.23921569 0.19215687 0.14901961]  [0.23921569 0.19215687 0.14901961]  [0.         0.         0.        ]] [[0.15686275 0.13333334 0.11372549]  [0.15686275 0.13333334 0.11372549]  [0.15686275 0.12941177 0.11372549]  ...  [0.23921569 0.19215687 0.14901961]  [0.23921569 0.19215687 0.14901961]  [0.         0.         0.        ]] [[0.         0.         0.        ]  [0.         0.         0.        ]  [0.         0.         0.        ]  ...  [0.         0.         0.        ]  [0.         0.         0.        ]  [0.         0.         0.        ]]]",0.8097330703167245,23880,/home/amos/media/tv/Carnivale S01-S02 web 10bit hevc-d3g/Carnivale S02/Carnivale.S02E10.1080p.WEBRip.10Bit.EAC3.H265-d3g.mkv353,1080,1920,0,313,182,949,313,83316,0.04,"[[[0.11764706 0.09803922 0.07843138]  [0.11764706 0.09803922 0.07450981]  [0.11764706 0.09803922 0.07450981]  ...  [0.3529412  0.28627452 0.24313726]  [0.3529412  0.28627452 0.24313726]  [0.3529412  0.28627452 0.24313726]] [[0.11764706 0.10196079 0.07843138]  [0.11764706 0.10196079 0.07450981]  [0.11764706 0.10196079 0.07450981]  ...  [0.34509805 0.28627452 0.23921569]  [0.34509805 0.28627452 0.23921569]  [0.34509805 0.28627452 0.23921569]] [[0.11764706 0.10196079 0.07843138]  [0.11764706 0.10196079 0.07450981]  [0.11764706 0.10196079 0.07450981]  ...  [0.32941177 0.28235295 0.23137255]  [0.33333334 0.28627452 0.23529412]  [0.3372549  0.2901961  0.23921569]] ... [[0.12941177 0.10588235 0.08235294]  [0.12941177 0.10588235 0.08235294]  [0.13333334 0.10980392 0.08235294]  ...  [0.06666667 0.02745098 0.02352941]  [0.06666667 0.02745098 0.02352941]  [0.06666667 0.02745098 0.02352941]] [[0.12156863 0.09803922 0.07450981]  [0.1254902  0.10196079 0.07843138]  [0.1254902  0.10196079 0.07843138]  ...  [0.06666667 0.02745098 0.02352941]  [0.06666667 0.02745098 0.02352941]  [0.06666667 0.02745098 0.02352941]] [[0.11764706 0.09803922 0.07450981]  [0.12156863 0.09803922 0.07450981]  [0.1254902  0.10196079 0.07843138]  ...  [0.06666667 0.02745098 0.02352941]  [0.06666667 0.02745098 0.02352941]  [0.06666667 0.02745098 0.02352941]]]",6.23450912948465,24072,/home/amos/media/tv/Carnivale S01-S02 web 10bit hevc-d3g/Carnivale S02/Carnivale.S02E10.1080p.WEBRip.10Bit.EAC3.H265-d3g.mkv354,1080,1920,1,290,156,437,290,19698,0.009,"[[[0.21568628 0.16862746 0.13333334]  [0.20392157 0.15686275 0.12156863]  [0.19215687 0.14509805 0.11372549]  ...  [0.21568628 0.16862746 0.1254902 ]  [0.21176471 0.16470589 0.12156863]  [0.21176471 0.16470589 0.12156863]] [[0.21960784 0.17254902 0.13333334]  [0.20784314 0.16078432 0.12156863]  [0.19607843 0.14901961 0.11372549]  ...  [0.21176471 0.16470589 0.12156863]  [0.21176471 0.16470589 0.12156863]  [0.20784314 0.16078432 0.12156863]] [[0.21960784 0.17254902 0.13333334]  [0.20784314 0.16078432 0.12156863]  [0.19607843 0.14901961 0.11372549]  ...  [0.21176471 0.16470589 0.12156863]  [0.20784314 0.16078432 0.11764706]  [0.20784314 0.16078432 0.11764706]] ... [[0.11764706 0.06666667 0.04313726]  [0.11764706 0.06666667 0.04313726]  [0.11764706 0.07058824 0.04705882]  ...  [0.3019608  0.24705882 0.19607843]  [0.3019608  0.24705882 0.19607843]  [0.3019608  0.24705882 0.19607843]] [[0.12156863 0.07058824 0.04705882]  [0.12156863 0.07058824 0.04705882]  [0.12156863 0.07058824 0.05098039]  ...  [0.3019608  0.24705882 0.19607843]  [0.3019608  0.24705882 0.19607843]  [0.3019608  0.24705882 0.19607843]] [[0.1254902  0.07450981 0.05098039]  [0.1254902  0.07450981 0.05098039]  [0.12941177 0.07843138 0.05490196]  ...  [0.30588236 0.2509804  0.19607843]  [0.30588236 0.2509804  0.19607843]  [0.3019608  0.24705882 0.19215687]]]",7.709738165489398,24072,/home/amos/media/tv/Carnivale S01-S02 web 10bit hevc-d3g/Carnivale S02/Carnivale.S02E10.1080p.WEBRip.10Bit.EAC3.H265-d3g.mkv355,1080,1920,0,76,884,1675,76,1291992,0.623,"[[[0.2627451  0.19215687 0.14901961]  [0.2627451  0.19215687 0.14901961]  [0.2627451  0.19215687 0.14901961]  ...  [0.24313726 0.19607843 0.16078432]  [0.24313726 0.19607843 0.16078432]  [0.24313726 0.19607843 0.16078432]] [[0.2627451  0.19215687 0.14901961]  [0.2627451  0.19215687 0.14901961]  [0.2627451  0.19215687 0.14901961]  ...  [0.24313726 0.19607843 0.16078432]  [0.24313726 0.19607843 0.16078432]  [0.24313726 0.19607843 0.16078432]] [[0.25490198 0.18431373 0.14509805]  [0.25490198 0.18431373 0.14509805]  [0.25882354 0.1882353  0.14509805]  ...  [0.24313726 0.19607843 0.16078432]  [0.24313726 0.19607843 0.16078432]  [0.24313726 0.19607843 0.16078432]] ... [[0.40784314 0.35686275 0.34509805]  [0.40784314 0.35686275 0.34509805]  [0.4        0.35686275 0.3372549 ]  ...  [0.3529412  0.29803923 0.2784314 ]  [0.34901962 0.29803923 0.2784314 ]  [0.34901962 0.29803923 0.2784314 ]] [[0.40784314 0.36078432 0.34509805]  [0.40784314 0.36078432 0.34509805]  [0.40392157 0.35686275 0.34117648]  ...  [0.3529412  0.29803923 0.2784314 ]  [0.3529412  0.29803923 0.2784314 ]  [0.3529412  0.29803923 0.2784314 ]] [[0.40784314 0.36078432 0.34509805]  [0.40784314 0.36078432 0.34509805]  [0.40392157 0.35686275 0.3372549 ]  ...  [0.3529412  0.29803923 0.2784314 ]  [0.3529412  0.29803923 0.2784314 ]  [0.3529412  0.29803923 0.2784314 ]]]",2.9040229482925497,24264,/home/amos/media/tv/Carnivale S01-S02 web 10bit hevc-d3g/Carnivale S02/Carnivale.S02E10.1080p.WEBRip.10Bit.EAC3.H265-d3g.mkv356,1080,1920,0,71,929,611,71,463320,0.223,"[[[0.33333334 0.28627452 0.23529412]  [0.33333334 0.28627452 0.23529412]  [0.32941177 0.28235295 0.23137255]  ...  [0.13333334 0.09019608 0.05882353]  [0.13333334 0.09019608 0.05882353]  [0.         0.         0.        ]] [[0.33333334 0.28627452 0.23529412]  [0.33333334 0.28627452 0.23529412]  [0.32941177 0.28235295 0.23137255]  ...  [0.13333334 0.09019608 0.05882353]  [0.13333334 0.09019608 0.05882353]  [0.         0.         0.        ]] [[0.33333334 0.2901961  0.23529412]  [0.33333334 0.2901961  0.23529412]  [0.33333334 0.28627452 0.23529412]  ...  [0.14117648 0.09411765 0.0627451 ]  [0.14117648 0.09411765 0.0627451 ]  [0.         0.         0.        ]] ... [[0.24705882 0.21176471 0.19607843]  [0.24705882 0.21176471 0.19607843]  [0.24705882 0.20784314 0.19607843]  ...  [0.19607843 0.14901961 0.10980392]  [0.19607843 0.14901961 0.10980392]  [0.         0.         0.        ]] [[0.24705882 0.21176471 0.19607843]  [0.24705882 0.21176471 0.19607843]  [0.24705882 0.21176471 0.19607843]  ...  [0.19607843 0.14901961 0.10980392]  [0.19607843 0.14901961 0.10980392]  [0.         0.         0.        ]] [[0.         0.         0.        ]  [0.         0.         0.        ]  [0.         0.         0.        ]  ...  [0.         0.         0.        ]  [0.         0.         0.        ]  [0.         0.         0.        ]]]",2.3665070984861813,24456,/home/amos/media/tv/Carnivale S01-S02 web 10bit hevc-d3g/Carnivale S02/Carnivale.S02E10.1080p.WEBRip.10Bit.EAC3.H265-d3g.mkv357,1080,1920,0,180,170,1141,180,9610,0.005,"[[[0.23529412 0.20784314 0.18039216]  [0.23529412 0.21176471 0.18431373]  [0.23137255 0.20392157 0.1764706 ]  ...  [0.11764706 0.10196079 0.07450981]  [0.11764706 0.10196079 0.07450981]  [0.12156863 0.10588235 0.07843138]] [[0.21960784 0.19215687 0.16470589]  [0.21176471 0.18431373 0.15686275]  [0.2        0.17254902 0.14509805]  ...  [0.12156863 0.10588235 0.07843138]  [0.12156863 0.10588235 0.07843138]  [0.12156863 0.10588235 0.07843138]] [[0.19607843 0.16862746 0.14117648]  [0.18431373 0.15686275 0.12941177]  [0.17254902 0.14509805 0.11764706]  ...  [0.12156863 0.10588235 0.07843138]  [0.12156863 0.10588235 0.07843138]  [0.12156863 0.10588235 0.07843138]] ... [[0.13725491 0.09019608 0.05490196]  [0.14117648 0.09019608 0.05882353]  [0.13725491 0.09019608 0.05490196]  ...  [0.07450981 0.05490196 0.04705882]  [0.10588235 0.08627451 0.07450981]  [0.13725491 0.11372549 0.09803922]] [[0.12941177 0.08235294 0.05098039]  [0.13333334 0.08627451 0.05490196]  [0.13333334 0.08627451 0.05490196]  ...  [0.08235294 0.0627451  0.05490196]  [0.11372549 0.09411765 0.08235294]  [0.14117648 0.11764706 0.10196079]] [[0.1254902  0.07843138 0.04705882]  [0.1254902  0.07843138 0.04705882]  [0.1254902  0.07843138 0.04705882]  ...  [0.09019608 0.07058824 0.0627451 ]  [0.12156863 0.10196079 0.09019608]  [0.14901961 0.1254902  0.10980392]]]",8.027059998072218,24600,/home/amos/media/tv/Carnivale S01-S02 web 10bit hevc-d3g/Carnivale S02/Carnivale.S02E10.1080p.WEBRip.10Bit.EAC3.H265-d3g.mkv358,1080,1920,0,171,195,275,171,2496,0.001,"[[[0.0627451  0.03529412 0.02745098]  [0.0627451  0.03529412 0.02745098]  [0.0627451  0.03529412 0.02745098]  ...  [0.20784314 0.15294118 0.13725491]  [0.22745098 0.16862746 0.15294118]  [0.24705882 0.1882353  0.17254902]] [[0.0627451  0.03529412 0.02745098]  [0.0627451  0.03529412 0.02745098]  [0.0627451  0.03529412 0.02745098]  ...  [0.21176471 0.15686275 0.14117648]  [0.23137255 0.17254902 0.15686275]  [0.2509804  0.19215687 0.1764706 ]] [[0.0627451  0.03529412 0.02745098]  [0.0627451  0.03529412 0.02745098]  [0.0627451  0.03529412 0.02745098]  ...  [0.21176471 0.15686275 0.14117648]  [0.22745098 0.17254902 0.15686275]  [0.2509804  0.19215687 0.1764706 ]] ... [[0.16862746 0.09803922 0.09411765]  [0.16078432 0.09019608 0.08627451]  [0.15686275 0.08627451 0.08235294]  ...  [0.3529412  0.34117648 0.30980393]  [0.3529412  0.34117648 0.30588236]  [0.3529412  0.34117648 0.30588236]] [[0.16862746 0.09803922 0.09411765]  [0.16078432 0.09019608 0.08627451]  [0.15294118 0.08235294 0.07843138]  ...  [0.3529412  0.34117648 0.30588236]  [0.3529412  0.34117648 0.30588236]  [0.3529412  0.34117648 0.30588236]] [[0.16862746 0.09803922 0.09411765]  [0.16078432 0.09019608 0.08627451]  [0.15294118 0.08235294 0.07843138]  ...  [0.3529412  0.34117648 0.30588236]  [0.3529412  0.34117648 0.30588236]  [0.3529412  0.34117648 0.30588236]]]",5.1550249882857315,26040,/home/amos/media/tv/Carnivale S01-S02 web 10bit hevc-d3g/Carnivale S02/Carnivale.S02E10.1080p.WEBRip.10Bit.EAC3.H265-d3g.mkv359,1080,1920,0,181,147,234,181,1802,0.001,"[[[0.05490196 0.03529412 0.02745098]  [0.05490196 0.03529412 0.02745098]  [0.05490196 0.03529412 0.02745098]  ...  [0.46666667 0.44313726 0.4       ]  [0.5058824  0.48235294 0.4392157 ]  [0.52156866 0.49803922 0.45882353]] [[0.05490196 0.03529412 0.02745098]  [0.05490196 0.03529412 0.02745098]  [0.05490196 0.03529412 0.02745098]  ...  [0.45882353 0.43529412 0.39215687]  [0.5019608  0.47843137 0.43529412]  [0.52156866 0.49803922 0.45882353]] [[0.05490196 0.03529412 0.02745098]  [0.05490196 0.03529412 0.02745098]  [0.05490196 0.03529412 0.02745098]  ...  [0.4509804  0.42745098 0.38431373]  [0.49411765 0.47058824 0.42745098]  [0.5176471  0.49411765 0.45490196]] ... [[0.3137255  0.23529412 0.21176471]  [0.3137255  0.23529412 0.21176471]  [0.3137255  0.23529412 0.21176471]  ...  [0.35686275 0.34117648 0.3137255 ]  [0.3529412  0.3372549  0.30980393]  [0.34117648 0.32941177 0.3019608 ]] [[0.30588236 0.22745098 0.20392157]  [0.30588236 0.22745098 0.20392157]  [0.3019608  0.22352941 0.20392157]  ...  [0.35686275 0.34117648 0.3137255 ]  [0.3529412  0.3372549  0.30980393]  [0.34509805 0.33333334 0.30588236]] [[0.29803923 0.21960784 0.19607843]  [0.29803923 0.21960784 0.19607843]  [0.29411766 0.21568628 0.19215687]  ...  [0.35686275 0.34117648 0.3137255 ]  [0.3529412  0.34117648 0.3137255 ]  [0.34901962 0.3372549  0.30980393]]]",3.197295119462069,26064,/home/amos/media/tv/Carnivale S01-S02 web 10bit hevc-d3g/Carnivale S02/Carnivale.S02E10.1080p.WEBRip.10Bit.EAC3.H265-d3g.mkv360,1080,1920,0,173,141,282,173,3488,0.002,"[[[0. 0. 0.]  [0. 0. 0.]  [0. 0. 0.]  ...  [0. 0. 0.]  [0. 0. 0.]  [0. 0. 0.]] [[0. 0. 0.]  [0. 0. 0.]  [0. 0. 0.]  ...  [0. 0. 0.]  [0. 0. 0.]  [0. 0. 0.]] [[0. 0. 0.]  [0. 0. 0.]  [0. 0. 0.]  ...  [0. 0. 0.]  [0. 0. 0.]  [0. 0. 0.]] ... [[0. 0. 0.]  [0. 0. 0.]  [0. 0. 0.]  ...  [0. 0. 0.]  [0. 0. 0.]  [0. 0. 0.]] [[0. 0. 0.]  [0. 0. 0.]  [0. 0. 0.]  ...  [0. 0. 0.]  [0. 0. 0.]  [0. 0. 0.]] [[0. 0. 0.]  [0. 0. 0.]  [0. 0. 0.]  ...  [0. 0. 0.]  [0. 0. 0.]  [0. 0. 0.]]]",4.681146128976252,26112,/home/amos/media/tv/Carnivale S01-S02 web 10bit hevc-d3g/Carnivale S02/Carnivale.S02E10.1080p.WEBRip.10Bit.EAC3.H265-d3g.mkv361,1080,1920,0,177,143,287,177,3740,0.002,"[[[0. 0. 0.]  [0. 0. 0.]  [0. 0. 0.]  ...  [0. 0. 0.]  [0. 0. 0.]  [0. 0. 0.]] [[0. 0. 0.]  [0. 0. 0.]  [0. 0. 0.]  ...  [0. 0. 0.]  [0. 0. 0.]  [0. 0. 0.]] [[0. 0. 0.]  [0. 0. 0.]  [0. 0. 0.]  ...  [0. 0. 0.]  [0. 0. 0.]  [0. 0. 0.]] ... [[0. 0. 0.]  [0. 0. 0.]  [0. 0. 0.]  ...  [0. 0. 0.]  [0. 0. 0.]  [0. 0. 0.]] [[0. 0. 0.]  [0. 0. 0.]  [0. 0. 0.]  ...  [0. 0. 0.]  [0. 0. 0.]  [0. 0. 0.]] [[0. 0. 0.]  [0. 0. 0.]  [0. 0. 0.]  ...  [0. 0. 0.]  [0. 0. 0.]  [0. 0. 0.]]]",5.9700101692578755,26136,/home/amos/media/tv/Carnivale S01-S02 web 10bit hevc-d3g/Carnivale S02/Carnivale.S02E10.1080p.WEBRip.10Bit.EAC3.H265-d3g.mkv362,1080,1920,0,73,108,533,73,16100,0.008,"[[[0.08235294 0.05490196 0.03529412]  [0.08235294 0.05490196 0.03529412]  [0.08627451 0.05882353 0.03921569]  ...  [0.2509804  0.21176471 0.1882353 ]  [0.2509804  0.21176471 0.1882353 ]  [0.2509804  0.21176471 0.1882353 ]] [[0.08235294 0.05490196 0.03529412]  [0.08235294 0.05490196 0.03529412]  [0.08627451 0.05882353 0.03921569]  ...  [0.2509804  0.21176471 0.1882353 ]  [0.2509804  0.21176471 0.1882353 ]  [0.2509804  0.21176471 0.1882353 ]] [[0.08627451 0.05882353 0.03921569]  [0.08627451 0.05882353 0.03921569]  [0.09019608 0.0627451  0.04313726]  ...  [0.25882354 0.21960784 0.19607843]  [0.25882354 0.21960784 0.19607843]  [0.25882354 0.21960784 0.19607843]] ... [[0.09803922 0.05490196 0.05098039]  [0.09803922 0.05490196 0.05098039]  [0.09411765 0.05490196 0.05098039]  ...  [0.16862746 0.10588235 0.08627451]  [0.16862746 0.10588235 0.08627451]  [0.16862746 0.10588235 0.08627451]] [[0.09803922 0.05490196 0.05098039]  [0.09803922 0.05490196 0.05098039]  [0.09803922 0.05490196 0.05098039]  ...  [0.17254902 0.10980392 0.09019608]  [0.17254902 0.10980392 0.09019608]  [0.17254902 0.10980392 0.09019608]] [[0.09803922 0.05490196 0.05098039]  [0.09803922 0.05490196 0.05098039]  [0.09803922 0.05490196 0.05098039]  ...  [0.17254902 0.10980392 0.09019608]  [0.17254902 0.10980392 0.09019608]  [0.17254902 0.10980392 0.09019608]]]",2.5972820585011505,26472,/home/amos/media/tv/Carnivale S01-S02 web 10bit hevc-d3g/Carnivale S02/Carnivale.S02E10.1080p.WEBRip.10Bit.EAC3.H265-d3g.mkv363,1080,1920,0,407,96,579,407,53492,0.026,"[[[0.07058824 0.04313726 0.03529412]  [0.06666667 0.04313726 0.03529412]  [0.05882353 0.04313726 0.03921569]  ...  [0.2        0.19215687 0.16862746]  [0.20784314 0.2        0.1764706 ]  [0.20784314 0.20392157 0.1764706 ]] [[0.06666667 0.04313726 0.03137255]  [0.05098039 0.03529412 0.03529412]  [0.05098039 0.03529412 0.03529412]  ...  [0.20392157 0.19607843 0.17254902]  [0.20784314 0.2        0.17254902]  [0.20784314 0.2        0.1764706 ]] [[0.04705882 0.03137255 0.02745098]  [0.04705882 0.03137255 0.03137255]  [0.05098039 0.03137255 0.03137255]  ...  [0.21176471 0.20392157 0.18039216]  [0.20392157 0.19607843 0.17254902]  [0.20392157 0.19607843 0.17254902]] ... [[0.32941177 0.31764707 0.28235295]  [0.34117648 0.32941177 0.29411766]  [0.35686275 0.34509805 0.30980393]  ...  [0.20784314 0.19215687 0.17254902]  [0.21176471 0.19607843 0.1764706 ]  [0.21568628 0.2        0.18039216]] [[0.32941177 0.31764707 0.28235295]  [0.34117648 0.32941177 0.29411766]  [0.35686275 0.34509805 0.30980393]  ...  [0.20392157 0.1882353  0.16862746]  [0.21176471 0.19607843 0.1764706 ]  [0.21960784 0.20784314 0.18431373]] [[0.3372549  0.3254902  0.2901961 ]  [0.34509805 0.33333334 0.29803923]  [0.3529412  0.34117648 0.30588236]  ...  [0.20784314 0.1882353  0.17254902]  [0.21176471 0.19607843 0.1764706 ]  [0.22352941 0.20784314 0.1882353 ]]]",6.861943163792603,26568,/home/amos/media/tv/Carnivale S01-S02 web 10bit hevc-d3g/Carnivale S02/Carnivale.S02E10.1080p.WEBRip.10Bit.EAC3.H265-d3g.mkv364,1080,1920,0,418,107,560,418,44162,0.021,"[[[0.21960784 0.19215687 0.1764706 ]  [0.21960784 0.19607843 0.18039216]  [0.19215687 0.16470589 0.14901961]  ...  [0.24705882 0.20784314 0.19215687]  [0.23529412 0.2        0.18431373]  [0.22745098 0.2        0.18039216]] [[0.23137255 0.20392157 0.1882353 ]  [0.23137255 0.20392157 0.1882353 ]  [0.20784314 0.18039216 0.16470589]  ...  [0.21568628 0.1764706  0.16078432]  [0.22745098 0.19215687 0.1764706 ]  [0.22745098 0.19607843 0.18039216]] [[0.23137255 0.20392157 0.1882353 ]  [0.22745098 0.2        0.18431373]  [0.21960784 0.19215687 0.1764706 ]  ...  [0.1882353  0.14117648 0.12941177]  [0.21568628 0.1764706  0.16078432]  [0.23137255 0.19607843 0.18039216]] ... [[0.2901961  0.28235295 0.25490198]  [0.2901961  0.28235295 0.25490198]  [0.2901961  0.28235295 0.25490198]  ...  [0.24705882 0.23137255 0.21176471]  [0.23529412 0.22352941 0.20392157]  [0.22745098 0.21568628 0.19607843]] [[0.2901961  0.28235295 0.25490198]  [0.29803923 0.2901961  0.2627451 ]  [0.29411766 0.28627452 0.2627451 ]  ...  [0.23529412 0.21960784 0.2       ]  [0.23137255 0.21960784 0.2       ]  [0.23137255 0.21960784 0.2       ]] [[0.2901961  0.28235295 0.25490198]  [0.29411766 0.2901961  0.2627451 ]  [0.29803923 0.2901961  0.2627451 ]  ...  [0.23921569 0.22352941 0.20392157]  [0.23921569 0.22745098 0.20784314]  [0.23529412 0.22352941 0.20392157]]]",7.898494111956097,26592,/home/amos/media/tv/Carnivale S01-S02 web 10bit hevc-d3g/Carnivale S02/Carnivale.S02E10.1080p.WEBRip.10Bit.EAC3.H265-d3g.mkv365,1080,1920,0,404,126,573,404,46982,0.023,"[[[0.05490196 0.02352941 0.02352941]  [0.05490196 0.02745098 0.03137255]  [0.05490196 0.02745098 0.03137255]  ...  [0.07058824 0.03529412 0.03921569]  [0.0627451  0.02745098 0.03137255]  [0.03921569 0.00784314 0.00784314]] [[0.0627451  0.03137255 0.03137255]  [0.05882353 0.03137255 0.03529412]  [0.05882353 0.03137255 0.03529412]  ...  [0.07843138 0.04313726 0.04313726]  [0.07058824 0.03921569 0.03921569]  [0.05490196 0.02352941 0.02352941]] [[0.06666667 0.03921569 0.03921569]  [0.0627451  0.03529412 0.03921569]  [0.05882353 0.03137255 0.03529412]  ...  [0.0627451  0.02352941 0.02352941]  [0.05882353 0.02352941 0.02352941]  [0.07058824 0.03137255 0.03137255]] ... [[0.31764707 0.30980393 0.28235295]  [0.32941177 0.32156864 0.29411766]  [0.34117648 0.33333334 0.30588236]  ...  [0.24705882 0.23137255 0.20784314]  [0.24705882 0.22352941 0.20392157]  [0.24705882 0.22745098 0.20784314]] [[0.32156864 0.3137255  0.28627452]  [0.32941177 0.32156864 0.29411766]  [0.3372549  0.32941177 0.3019608 ]  ...  [0.24705882 0.23529412 0.21176471]  [0.2509804  0.22745098 0.20784314]  [0.24313726 0.22745098 0.20784314]] [[0.3254902  0.31764707 0.28627452]  [0.3254902  0.31764707 0.2901961 ]  [0.3372549  0.32941177 0.3019608 ]  ...  [0.24705882 0.24313726 0.21568628]  [0.2509804  0.23529412 0.21176471]  [0.24313726 0.22745098 0.20392157]]]",7.391506211250089,26616,/home/amos/media/tv/Carnivale S01-S02 web 10bit hevc-d3g/Carnivale S02/Carnivale.S02E10.1080p.WEBRip.10Bit.EAC3.H265-d3g.mkv366,1080,1920,0,411,120,573,411,47142,0.023,"[[[0.0627451  0.03529412 0.03921569]  [0.05882353 0.03137255 0.03529412]  [0.05882353 0.03137255 0.03529412]  ...  [0.14509805 0.10980392 0.09411765]  [0.20392157 0.16862746 0.15294118]  [0.22745098 0.19215687 0.1764706 ]] [[0.06666667 0.03529412 0.04313726]  [0.0627451  0.03529412 0.04313726]  [0.05882353 0.03137255 0.04313726]  ...  [0.12156863 0.08627451 0.06666667]  [0.15294118 0.11764706 0.10196079]  [0.20392157 0.16862746 0.15294118]] [[0.06666667 0.03921569 0.04313726]  [0.0627451  0.03137255 0.04313726]  [0.05882353 0.03137255 0.04313726]  ...  [0.12941177 0.09019608 0.08627451]  [0.12156863 0.08235294 0.06666667]  [0.14117648 0.10588235 0.08627451]] ... [[0.32941177 0.32156864 0.2901961 ]  [0.33333334 0.3254902  0.29411766]  [0.34509805 0.3372549  0.3019608 ]  ...  [0.24313726 0.23529412 0.21568628]  [0.23529412 0.22745098 0.20784314]  [0.23137255 0.22352941 0.20392157]] [[0.33333334 0.3254902  0.29411766]  [0.3372549  0.32941177 0.29803923]  [0.3372549  0.32941177 0.29803923]  ...  [0.24705882 0.23529412 0.21568628]  [0.24705882 0.23921569 0.21960784]  [0.24313726 0.23137255 0.21176471]] [[0.33333334 0.3254902  0.29411766]  [0.32941177 0.32156864 0.2901961 ]  [0.33333334 0.3254902  0.29411766]  ...  [0.23529412 0.22352941 0.20392157]  [0.23529412 0.22352941 0.20392157]  [0.24313726 0.23137255 0.21176471]]]",6.730480299680494,26640,/home/amos/media/tv/Carnivale S01-S02 web 10bit hevc-d3g/Carnivale S02/Carnivale.S02E10.1080p.WEBRip.10Bit.EAC3.H265-d3g.mkv367,1080,1920,0,402,116,557,402,44330,0.021,"[[[0.13725491 0.09803922 0.09019608]  [0.11764706 0.08235294 0.07450981]  [0.10588235 0.07058824 0.0627451 ]  ...  [0.21176471 0.14901961 0.12941177]  [0.21176471 0.14901961 0.12941177]  [0.21568628 0.14901961 0.12941177]] [[0.1254902  0.08627451 0.07843138]  [0.10588235 0.07058824 0.06666667]  [0.10196079 0.06666667 0.0627451 ]  ...  [0.18431373 0.12156863 0.09803922]  [0.20784314 0.14509805 0.12156863]  [0.22352941 0.15294118 0.13333334]] [[0.11764706 0.08235294 0.07450981]  [0.10196079 0.0627451  0.05882353]  [0.10196079 0.06666667 0.06666667]  ...  [0.17254902 0.11372549 0.09803922]  [0.19607843 0.13725491 0.12156863]  [0.22745098 0.16078432 0.14509805]] ... [[0.29803923 0.2901961  0.2627451 ]  [0.29803923 0.2901961  0.2627451 ]  [0.29803923 0.2901961  0.2627451 ]  ...  [0.6392157  0.5294118  0.4627451 ]  [0.60784316 0.50980395 0.45882353]  [0.43529412 0.34901962 0.30980393]] [[0.29803923 0.2901961  0.2627451 ]  [0.29411766 0.28627452 0.25882354]  [0.29411766 0.28627452 0.25882354]  ...  [0.63529414 0.5254902  0.45882353]  [0.61960787 0.5176471  0.46666667]  [0.43137255 0.34509805 0.30980393]] [[0.29803923 0.2901961  0.2627451 ]  [0.29411766 0.28627452 0.25882354]  [0.29411766 0.28627452 0.25882354]  ...  [0.64705884 0.5372549  0.47058824]  [0.60784316 0.50980395 0.45882353]  [0.42745098 0.34117648 0.30588236]]]",4.412229137902614,26664,/home/amos/media/tv/Carnivale S01-S02 web 10bit hevc-d3g/Carnivale S02/Carnivale.S02E10.1080p.WEBRip.10Bit.EAC3.H265-d3g.mkv368,1080,1920,0,423,115,564,423,43428,0.021,"[[[0.19215687 0.15294118 0.13725491]  [0.18039216 0.14117648 0.12941177]  [0.14901961 0.10980392 0.09411765]  ...  [0.20392157 0.15686275 0.14117648]  [0.22352941 0.18431373 0.16862746]  [0.23921569 0.20392157 0.1882353 ]] [[0.18039216 0.14117648 0.12941177]  [0.16862746 0.13333334 0.12156863]  [0.15294118 0.11764706 0.10588235]  ...  [0.14901961 0.10196079 0.08627451]  [0.18039216 0.13725491 0.12156863]  [0.21568628 0.18039216 0.16470589]] [[0.14509805 0.10588235 0.09803922]  [0.13333334 0.09411765 0.08627451]  [0.13725491 0.09803922 0.09411765]  ...  [0.13725491 0.09019608 0.07450981]  [0.13333334 0.09411765 0.07843138]  [0.17254902 0.13725491 0.12156863]] ... [[0.30588236 0.3019608  0.27058825]  [0.3137255  0.30588236 0.2784314 ]  [0.3137255  0.30588236 0.2784314 ]  ...  [0.2509804  0.23921569 0.21960784]  [0.2509804  0.23921569 0.21960784]  [0.2509804  0.23921569 0.21960784]] [[0.30588236 0.29803923 0.27058825]  [0.3137255  0.30588236 0.2784314 ]  [0.31764707 0.30980393 0.28235295]  ...  [0.2509804  0.23921569 0.21960784]  [0.2509804  0.23921569 0.21960784]  [0.2509804  0.23921569 0.21960784]] [[0.30588236 0.29803923 0.27058825]  [0.32156864 0.3137255  0.28627452]  [0.31764707 0.30980393 0.28235295]  ...  [0.2509804  0.23921569 0.21960784]  [0.2509804  0.23921569 0.21960784]  [0.2509804  0.23921569 0.21960784]]]",8.681250175810419,26688,/home/amos/media/tv/Carnivale S01-S02 web 10bit hevc-d3g/Carnivale S02/Carnivale.S02E10.1080p.WEBRip.10Bit.EAC3.H265-d3g.mkv369,1080,1920,0,429,116,543,429,35682,0.017,"[[[0.2901961  0.28235295 0.25490198]  [0.26666668 0.2509804  0.22745098]  [0.24705882 0.22352941 0.20392157]  ...  [0.20784314 0.13333334 0.11764706]  [0.16078432 0.08627451 0.06666667]  [0.11764706 0.04705882 0.02745098]] [[0.27058825 0.25882354 0.23529412]  [0.27450982 0.25490198 0.23137255]  [0.27058825 0.24705882 0.22745098]  ...  [0.20784314 0.13333334 0.11764706]  [0.1882353  0.11764706 0.10196079]  [0.1254902  0.05490196 0.03921569]] [[0.2784314  0.26666668 0.24313726]  [0.27450982 0.25490198 0.23529412]  [0.20784314 0.18431373 0.16470589]  ...  [0.19607843 0.1254902  0.10980392]  [0.19607843 0.1254902  0.10980392]  [0.14117648 0.07058824 0.05490196]] ... [[0.3137255  0.30588236 0.28235295]  [0.3137255  0.30588236 0.2784314 ]  [0.30980393 0.30588236 0.2784314 ]  ...  [0.2627451  0.2509804  0.22745098]  [0.25882354 0.24705882 0.22352941]  [0.25882354 0.24313726 0.22352941]] [[0.3137255  0.30588236 0.2784314 ]  [0.3137255  0.30588236 0.2784314 ]  [0.3137255  0.30588236 0.2784314 ]  ...  [0.26666668 0.25490198 0.23137255]  [0.2627451  0.24705882 0.22745098]  [0.25882354 0.24313726 0.22352941]] [[0.3137255  0.30588236 0.2784314 ]  [0.31764707 0.30980393 0.28235295]  [0.31764707 0.30980393 0.28235295]  ...  [0.26666668 0.2509804  0.22745098]  [0.2627451  0.2509804  0.22352941]  [0.2627451  0.24705882 0.21960784]]]",9.440417120582424,26712,/home/amos/media/tv/Carnivale S01-S02 web 10bit hevc-d3g/Carnivale S02/Carnivale.S02E10.1080p.WEBRip.10Bit.EAC3.H265-d3g.mkv370,1080,1920,0,423,118,571,423,45140,0.022,"[[[0.13725491 0.10588235 0.09019608]  [0.11764706 0.09019608 0.07058824]  [0.11372549 0.08627451 0.07058824]  ...  [0.10588235 0.0627451  0.05490196]  [0.14509805 0.09411765 0.09411765]  [0.14509805 0.10588235 0.09803922]] [[0.11372549 0.08235294 0.06666667]  [0.09411765 0.0627451  0.04705882]  [0.08627451 0.05882353 0.04313726]  ...  [0.09803922 0.0627451  0.05098039]  [0.13333334 0.08235294 0.08235294]  [0.16078432 0.10980392 0.10980392]] [[0.09803922 0.06666667 0.05098039]  [0.09411765 0.0627451  0.05098039]  [0.08235294 0.05490196 0.04313726]  ...  [0.06666667 0.03137255 0.01960784]  [0.10196079 0.05882353 0.05490196]  [0.14509805 0.10196079 0.09803922]] ... [[0.34117648 0.3254902  0.29803923]  [0.34901962 0.33333334 0.30588236]  [0.3529412  0.34117648 0.30980393]  ...  [0.24705882 0.23921569 0.21960784]  [0.24313726 0.23529412 0.21568628]  [0.24313726 0.23529412 0.21568628]] [[0.34509805 0.32941177 0.3019608 ]  [0.34901962 0.33333334 0.30588236]  [0.34901962 0.3372549  0.30588236]  ...  [0.24705882 0.23921569 0.21960784]  [0.24705882 0.23921569 0.21960784]  [0.24705882 0.23921569 0.21960784]] [[0.34117648 0.3254902  0.29803923]  [0.34901962 0.33333334 0.30588236]  [0.34901962 0.3372549  0.30588236]  ...  [0.2509804  0.24313726 0.22352941]  [0.2509804  0.24313726 0.22352941]  [0.2509804  0.24313726 0.22352941]]]",7.735471175459679,26736,/home/amos/media/tv/Carnivale S01-S02 web 10bit hevc-d3g/Carnivale S02/Carnivale.S02E10.1080p.WEBRip.10Bit.EAC3.H265-d3g.mkv371,1080,1920,0,408,114,569,408,47334,0.023,"[[[0.1254902  0.09019608 0.07843138]  [0.10980392 0.07450981 0.0627451 ]  [0.10196079 0.06666667 0.05490196]  ...  [0.21568628 0.15294118 0.13333334]  [0.14509805 0.08235294 0.0627451 ]  [0.10980392 0.05490196 0.03529412]] [[0.11764706 0.08235294 0.07058824]  [0.10980392 0.07450981 0.0627451 ]  [0.10196079 0.06666667 0.05490196]  ...  [0.21568628 0.14901961 0.13333334]  [0.18431373 0.12156863 0.10196079]  [0.11764706 0.0627451  0.04313726]] [[0.11372549 0.07843138 0.06666667]  [0.10588235 0.07058824 0.05882353]  [0.09803922 0.0627451  0.05098039]  ...  [0.22352941 0.15686275 0.14117648]  [0.2        0.13725491 0.11764706]  [0.16470589 0.10980392 0.08627451]] ... [[0.34117648 0.33333334 0.30588236]  [0.34509805 0.3372549  0.30980393]  [0.3529412  0.34509805 0.31764707]  ...  [0.22745098 0.22745098 0.20392157]  [0.21960784 0.21960784 0.19607843]  [0.21176471 0.21176471 0.1882353 ]] [[0.3372549  0.32941177 0.3019608 ]  [0.34509805 0.3372549  0.30980393]  [0.34901962 0.34117648 0.3137255 ]  ...  [0.23529412 0.23529412 0.21176471]  [0.21960784 0.21960784 0.19607843]  [0.20784314 0.20784314 0.18431373]] [[0.3372549  0.32941177 0.3019608 ]  [0.34509805 0.3372549  0.30980393]  [0.34901962 0.34117648 0.3137255 ]  ...  [0.24705882 0.24705882 0.22352941]  [0.22352941 0.22352941 0.2       ]  [0.21568628 0.21568628 0.19215687]]]",5.77975812566001,26760,/home/amos/media/tv/Carnivale S01-S02 web 10bit hevc-d3g/Carnivale S02/Carnivale.S02E10.1080p.WEBRip.10Bit.EAC3.H265-d3g.mkv372,1080,1920,0,408,195,886,408,101814,0.049,"[[[0.72156864 0.64705884 0.57254905]  [0.7058824  0.6313726  0.5529412 ]  [0.6627451  0.5921569  0.5137255 ]  ...  [0.33333334 0.27058825 0.25490198]  [0.33333334 0.27450982 0.25882354]  [0.32941177 0.26666668 0.2509804 ]] [[0.7176471  0.6431373  0.5686275 ]  [0.69803923 0.62352943 0.54509807]  [0.6666667  0.59607846 0.5176471 ]  ...  [0.3254902  0.2627451  0.24705882]  [0.3254902  0.2627451  0.24705882]  [0.3254902  0.2627451  0.24705882]] [[0.69803923 0.62352943 0.54509807]  [0.68235296 0.60784316 0.5294118 ]  [0.68235296 0.6117647  0.53333336]  ...  [0.32156864 0.25490198 0.24705882]  [0.3254902  0.2627451  0.24705882]  [0.32156864 0.25882354 0.24705882]] ... [[0.12941177 0.11372549 0.08235294]  [0.17254902 0.15686275 0.1254902 ]  [0.15686275 0.14117648 0.10980392]  ...  [0.28235295 0.29411766 0.25882354]  [0.3529412  0.36078432 0.32941177]  [0.41568628 0.42352942 0.39215687]] [[0.12941177 0.11372549 0.08235294]  [0.13725491 0.12156863 0.09019608]  [0.16078432 0.14509805 0.11372549]  ...  [0.26666668 0.27058825 0.23921569]  [0.30588236 0.3137255  0.28235295]  [0.3882353  0.39607844 0.36862746]] [[0.12941177 0.11372549 0.08235294]  [0.11764706 0.10196079 0.07058824]  [0.12941177 0.11372549 0.08235294]  ...  [0.23529412 0.23921569 0.2       ]  [0.22745098 0.23529412 0.19215687]  [0.3019608  0.30980393 0.27058825]]]",4.6854962148936465,26784,/home/amos/media/tv/Carnivale S01-S02 web 10bit hevc-d3g/Carnivale S02/Carnivale.S02E10.1080p.WEBRip.10Bit.EAC3.H265-d3g.mkv373,1080,1920,0,417,117,861,417,133200,0.064,"[[[0. 0. 0.]  [0. 0. 0.]  [0. 0. 0.]  ...  [0. 0. 0.]  [0. 0. 0.]  [0. 0. 0.]] [[0. 0. 0.]  [0. 0. 0.]  [0. 0. 0.]  ...  [0. 0. 0.]  [0. 0. 0.]  [0. 0. 0.]] [[0. 0. 0.]  [0. 0. 0.]  [0. 0. 0.]  ...  [0. 0. 0.]  [0. 0. 0.]  [0. 0. 0.]] ... [[0. 0. 0.]  [0. 0. 0.]  [0. 0. 0.]  ...  [0. 0. 0.]  [0. 0. 0.]  [0. 0. 0.]] [[0. 0. 0.]  [0. 0. 0.]  [0. 0. 0.]  ...  [0. 0. 0.]  [0. 0. 0.]  [0. 0. 0.]] [[0. 0. 0.]  [0. 0. 0.]  [0. 0. 0.]  ...  [0. 0. 0.]  [0. 0. 0.]  [0. 0. 0.]]]",7.79616505157901,26808,/home/amos/media/tv/Carnivale S01-S02 web 10bit hevc-d3g/Carnivale S02/Carnivale.S02E10.1080p.WEBRip.10Bit.EAC3.H265-d3g.mkv374,1080,1920,0,423,140,799,423,106408,0.051,"[[[0.77254903 0.69411767 0.62352943]  [0.7294118  0.654902   0.5803922 ]  [0.81960785 0.7490196  0.6784314 ]  ...  [0.2784314  0.2627451  0.25882354]  [0.28627452 0.27058825 0.2627451 ]  [0.30980393 0.2784314  0.27058825]] [[0.6509804  0.57254905 0.5019608 ]  [0.8352941  0.7607843  0.6901961 ]  [0.93333334 0.85882354 0.7882353 ]  ...  [0.2784314  0.2627451  0.25882354]  [0.28627452 0.27058825 0.25882354]  [0.30980393 0.2784314  0.27058825]] [[0.7921569  0.7176471  0.6431373 ]  [0.8666667  0.7921569  0.72156864]  [0.8784314  0.8039216  0.73333335]  ...  [0.27450982 0.26666668 0.25490198]  [0.2901961  0.26666668 0.25882354]  [0.30980393 0.2784314  0.27058825]] ... [[0.5254902  0.49019608 0.47058824]  [0.5686275  0.5294118  0.50980395]  [0.56078434 0.52156866 0.5019608 ]  ...  [0.19607843 0.16862746 0.14901961]  [0.19607843 0.16862746 0.14901961]  [0.19607843 0.16862746 0.14901961]] [[0.5137255  0.47843137 0.45882353]  [0.4745098  0.4392157  0.41960785]  [0.5058824  0.4627451  0.44705883]  ...  [0.19607843 0.16862746 0.14901961]  [0.19607843 0.16862746 0.14901961]  [0.19607843 0.16862746 0.14901961]] [[0.40392157 0.37254903 0.34901962]  [0.40784314 0.37254903 0.3529412 ]  [0.4745098  0.4392157  0.41960785]  ...  [0.19215687 0.16470589 0.14509805]  [0.19215687 0.16470589 0.14509805]  [0.2        0.17254902 0.15294118]]]",4.284390094631817,26832,/home/amos/media/tv/Carnivale S01-S02 web 10bit hevc-d3g/Carnivale S02/Carnivale.S02E10.1080p.WEBRip.10Bit.EAC3.H265-d3g.mkv375,1080,1920,0,409,127,774,409,102930,0.05,"[[[0.85882354 0.78039217 0.70980394]  [0.8509804  0.77254903 0.7058824 ]  [0.827451   0.74509805 0.6745098 ]  ...  [0.3764706  0.38431373 0.37254903]  [0.3882353  0.39215687 0.38039216]  [0.37254903 0.3764706  0.36862746]] [[0.8666667  0.78039217 0.70980394]  [0.8666667  0.78039217 0.70980394]  [0.8352941  0.7529412  0.68235296]  ...  [0.4        0.4        0.38431373]  [0.41568628 0.41568628 0.4       ]  [0.4117647  0.4117647  0.4       ]] [[0.8745098  0.7921569  0.72156864]  [0.85490197 0.76862746 0.69411767]  [0.84313726 0.75686276 0.68235296]  ...  [0.41960785 0.41568628 0.4       ]  [0.42745098 0.42745098 0.4117647 ]  [0.43137255 0.42745098 0.41568628]] ... [[0.5254902  0.5019608  0.4627451 ]  [0.4627451  0.4392157  0.39607844]  [0.4117647  0.3882353  0.34509805]  ...  [0.30980393 0.25882354 0.23921569]  [0.30980393 0.25882354 0.23921569]  [0.23137255 0.18431373 0.16470589]] [[0.44313726 0.41960785 0.3764706 ]  [0.44705883 0.42352942 0.38039216]  [0.41960785 0.39607844 0.3529412 ]  ...  [0.4862745  0.43137255 0.4117647 ]  [0.54901963 0.49411765 0.4745098 ]  [0.39607844 0.34117648 0.32156864]] [[0.44705883 0.42745098 0.38039216]  [0.4509804  0.42745098 0.38431373]  [0.4392157  0.41568628 0.37254903]  ...  [0.30588236 0.24705882 0.21960784]  [0.45490196 0.4        0.37254903]  [0.5294118  0.47058824 0.44313726]]]",4.905798074149061,26856,/home/amos/media/tv/Carnivale S01-S02 web 10bit hevc-d3g/Carnivale S02/Carnivale.S02E10.1080p.WEBRip.10Bit.EAC3.H265-d3g.mkv376,1080,1920,0,395,127,773,395,101304,0.049,"[[[0. 0. 0.]  [0. 0. 0.]  [0. 0. 0.]  ...  [0. 0. 0.]  [0. 0. 0.]  [0. 0. 0.]] [[0. 0. 0.]  [0. 0. 0.]  [0. 0. 0.]  ...  [0. 0. 0.]  [0. 0. 0.]  [0. 0. 0.]] [[0. 0. 0.]  [0. 0. 0.]  [0. 0. 0.]  ...  [0. 0. 0.]  [0. 0. 0.]  [0. 0. 0.]] ... [[0. 0. 0.]  [0. 0. 0.]  [0. 0. 0.]  ...  [0. 0. 0.]  [0. 0. 0.]  [0. 0. 0.]] [[0. 0. 0.]  [0. 0. 0.]  [0. 0. 0.]  ...  [0. 0. 0.]  [0. 0. 0.]  [0. 0. 0.]] [[0. 0. 0.]  [0. 0. 0.]  [0. 0. 0.]  ...  [0. 0. 0.]  [0. 0. 0.]  [0. 0. 0.]]]",3.089669006119948,26880,/home/amos/media/tv/Carnivale S01-S02 web 10bit hevc-d3g/Carnivale S02/Carnivale.S02E10.1080p.WEBRip.10Bit.EAC3.H265-d3g.mkv377,1080,1920,0,410,142,823,410,110684,0.053,"[[[0. 0. 0.]  [0. 0. 0.]  [0. 0. 0.]  ...  [0. 0. 0.]  [0. 0. 0.]  [0. 0. 0.]] [[0. 0. 0.]  [0. 0. 0.]  [0. 0. 0.]  ...  [0. 0. 0.]  [0. 0. 0.]  [0. 0. 0.]] [[0. 0. 0.]  [0. 0. 0.]  [0. 0. 0.]  ...  [0. 0. 0.]  [0. 0. 0.]  [0. 0. 0.]] ... [[0. 0. 0.]  [0. 0. 0.]  [0. 0. 0.]  ...  [0. 0. 0.]  [0. 0. 0.]  [0. 0. 0.]] [[0. 0. 0.]  [0. 0. 0.]  [0. 0. 0.]  ...  [0. 0. 0.]  [0. 0. 0.]  [0. 0. 0.]] [[0. 0. 0.]  [0. 0. 0.]  [0. 0. 0.]  ...  [0. 0. 0.]  [0. 0. 0.]  [0. 0. 0.]]]",5.886968121572863,26904,/home/amos/media/tv/Carnivale S01-S02 web 10bit hevc-d3g/Carnivale S02/Carnivale.S02E10.1080p.WEBRip.10Bit.EAC3.H265-d3g.mkv378,1080,1920,0,394,127,544,394,40050,0.019,"[[[0.04705882 0.02352941 0.01960784]  [0.05098039 0.03137255 0.02352941]  [0.05490196 0.03529412 0.03137255]  ...  [0.21568628 0.15686275 0.14509805]  [0.23137255 0.17254902 0.16078432]  [0.21568628 0.15686275 0.14901961]] [[0.05490196 0.02352941 0.01960784]  [0.05098039 0.02745098 0.02745098]  [0.05098039 0.02745098 0.02745098]  ...  [0.22352941 0.16470589 0.15294118]  [0.23529412 0.1764706  0.16470589]  [0.18431373 0.1254902  0.11764706]] [[0.05882353 0.03137255 0.02745098]  [0.05882353 0.03921569 0.03529412]  [0.05098039 0.03137255 0.02745098]  ...  [0.23137255 0.16862746 0.15294118]  [0.23529412 0.1764706  0.16470589]  [0.18039216 0.12156863 0.10980392]] ... [[0.34509805 0.33333334 0.29803923]  [0.34509805 0.33333334 0.29803923]  [0.34509805 0.33333334 0.29803923]  ...  [0.5764706  0.47058824 0.4       ]  [0.39215687 0.30588236 0.23921569]  [0.29803923 0.24705882 0.20392157]] [[0.34509805 0.33333334 0.29803923]  [0.34509805 0.33333334 0.29803923]  [0.34509805 0.33333334 0.29803923]  ...  [0.58431375 0.48235294 0.4117647 ]  [0.40392157 0.31764707 0.2509804 ]  [0.27450982 0.22745098 0.18431373]] [[0.34509805 0.33333334 0.29803923]  [0.34509805 0.33333334 0.29803923]  [0.34509805 0.33333334 0.29803923]  ...  [0.5882353  0.48235294 0.4117647 ]  [0.37254903 0.28627452 0.21960784]  [0.25882354 0.21176471 0.16470589]]]",8.174658139585517,26928,/home/amos/media/tv/Carnivale S01-S02 web 10bit hevc-d3g/Carnivale S02/Carnivale.S02E10.1080p.WEBRip.10Bit.EAC3.H265-d3g.mkv379,1080,1920,0,406,124,532,406,35532,0.017,"[[[0.13333334 0.10196079 0.09411765]  [0.10980392 0.07843138 0.07058824]  [0.08627451 0.05490196 0.05098039]  ...  [0.21568628 0.14509805 0.12941177]  [0.15294118 0.09019608 0.07058824]  [0.11764706 0.05882353 0.03921569]] [[0.12941177 0.09803922 0.09019608]  [0.11372549 0.08235294 0.07843138]  [0.09803922 0.06666667 0.0627451 ]  ...  [0.25490198 0.18039216 0.16470589]  [0.16862746 0.10588235 0.09411765]  [0.13725491 0.07843138 0.0627451 ]] [[0.09411765 0.0627451  0.05490196]  [0.08627451 0.05490196 0.05098039]  [0.07450981 0.04313726 0.03921569]  ...  [0.25490198 0.18039216 0.16470589]  [0.20392157 0.13725491 0.12941177]  [0.14117648 0.08235294 0.07450981]] ... [[0.34901962 0.34117648 0.29803923]  [0.34901962 0.34117648 0.29803923]  [0.34509805 0.3372549  0.29411766]  ...  [0.29803923 0.22352941 0.18039216]  [0.25882354 0.2        0.16470589]  [0.25490198 0.22745098 0.19607843]] [[0.34509805 0.34117648 0.29411766]  [0.3529412  0.34509805 0.3019608 ]  [0.34901962 0.34117648 0.29803923]  ...  [0.30588236 0.23137255 0.18431373]  [0.28235295 0.22352941 0.1882353 ]  [0.2627451  0.23529412 0.20392157]] [[0.34901962 0.34117648 0.29803923]  [0.3529412  0.34509805 0.3019608 ]  [0.34901962 0.34117648 0.29803923]  ...  [0.32941177 0.25490198 0.20392157]  [0.28235295 0.22352941 0.1882353 ]  [0.25882354 0.23529412 0.20392157]]]",6.261804065841716,26952,/home/amos/media/tv/Carnivale S01-S02 web 10bit hevc-d3g/Carnivale S02/Carnivale.S02E10.1080p.WEBRip.10Bit.EAC3.H265-d3g.mkv380,1080,1920,0,410,123,519,410,31283,0.015,"[[[0.23921569 0.21176471 0.1882353 ]  [0.21568628 0.18431373 0.17254902]  [0.18431373 0.15294118 0.14117648]  ...  [0.28235295 0.21176471 0.19607843]  [0.21568628 0.14901961 0.13333334]  [0.16470589 0.10588235 0.09019608]] [[0.21176471 0.18039216 0.15686275]  [0.17254902 0.14117648 0.1254902 ]  [0.13725491 0.10588235 0.09411765]  ...  [0.24705882 0.18039216 0.16470589]  [0.26666668 0.2        0.18431373]  [0.18039216 0.11764706 0.10196079]] [[0.17254902 0.14117648 0.11764706]  [0.16862746 0.14117648 0.1254902 ]  [0.15294118 0.12156863 0.10980392]  ...  [0.21176471 0.14117648 0.12941177]  [0.24705882 0.18039216 0.16470589]  [0.24313726 0.1764706  0.16078432]] ... [[0.3529412  0.3372549  0.3019608 ]  [0.35686275 0.34117648 0.30588236]  [0.3529412  0.3372549  0.3019608 ]  ...  [0.6784314  0.5372549  0.46666667]  [0.6901961  0.5568628  0.49411765]  [0.60784316 0.49019608 0.42352942]] [[0.3529412  0.3372549  0.3019608 ]  [0.36078432 0.34509805 0.30980393]  [0.34901962 0.33333334 0.29803923]  ...  [0.6745098  0.53333336 0.4627451 ]  [0.6862745  0.54901963 0.4862745 ]  [0.61960787 0.5019608  0.4392157 ]] [[0.35686275 0.34117648 0.30588236]  [0.34901962 0.33333334 0.29803923]  [0.35686275 0.3372549  0.3019608 ]  ...  [0.6862745  0.54509807 0.4745098 ]  [0.6862745  0.5529412  0.4862745 ]  [0.6        0.48235294 0.41960785]]]",7.251276132767089,26976,/home/amos/media/tv/Carnivale S01-S02 web 10bit hevc-d3g/Carnivale S02/Carnivale.S02E10.1080p.WEBRip.10Bit.EAC3.H265-d3g.mkv381,1080,1920,0,409,125,513,409,29536,0.014,"[[[0.23921569 0.21176471 0.19215687]  [0.21960784 0.18431373 0.16470589]  [0.1882353  0.15294118 0.13725491]  ...  [0.16862746 0.10196079 0.07450981]  [0.1882353  0.1254902  0.09803922]  [0.16470589 0.12156863 0.10588235]] [[0.2        0.16862746 0.15294118]  [0.17254902 0.13725491 0.1254902 ]  [0.14117648 0.10588235 0.09411765]  ...  [0.22745098 0.16078432 0.13333334]  [0.1764706  0.10980392 0.08235294]  [0.17254902 0.12156863 0.10196079]] [[0.17254902 0.13725491 0.1254902 ]  [0.16862746 0.13333334 0.1254902 ]  [0.15686275 0.1254902  0.11764706]  ...  [0.27058825 0.2        0.16862746]  [0.24313726 0.17254902 0.14509805]  [0.15686275 0.09411765 0.07450981]] ... [[0.3529412  0.34509805 0.30980393]  [0.35686275 0.34901962 0.3137255 ]  [0.3529412  0.34509805 0.30980393]  ...  [0.69411767 0.56078434 0.49803922]  [0.5058824  0.4        0.34509805]  [0.32156864 0.24705882 0.19607843]] [[0.34901962 0.34117648 0.30588236]  [0.3529412  0.34509805 0.30980393]  [0.3529412  0.34509805 0.30980393]  ...  [0.6901961  0.5568628  0.49803922]  [0.48235294 0.37254903 0.3254902 ]  [0.31764707 0.24313726 0.19215687]] [[0.34901962 0.34117648 0.30588236]  [0.34509805 0.3372549  0.3019608 ]  [0.34509805 0.3372549  0.3019608 ]  ...  [0.68235296 0.54901963 0.49019608]  [0.42352942 0.3137255  0.26666668]  [0.30980393 0.23529412 0.18431373]]]",6.6051700948155485,27000,/home/amos/media/tv/Carnivale S01-S02 web 10bit hevc-d3g/Carnivale S02/Carnivale.S02E10.1080p.WEBRip.10Bit.EAC3.H265-d3g.mkv382,1080,1920,0,406,136,501,406,25650,0.012,"[[[0.15686275 0.1254902  0.10980392]  [0.15686275 0.1254902  0.11372549]  [0.16078432 0.12941177 0.11372549]  ...  [0.2        0.13725491 0.12156863]  [0.18039216 0.12156863 0.10588235]  [0.22352941 0.16078432 0.14509805]] [[0.13725491 0.10588235 0.09019608]  [0.13333334 0.10196079 0.08627451]  [0.12156863 0.09019608 0.07450981]  ...  [0.23137255 0.16862746 0.15686275]  [0.14901961 0.08627451 0.07058824]  [0.2509804  0.1882353  0.17254902]] [[0.11372549 0.08235294 0.07058824]  [0.10980392 0.07843138 0.05882353]  [0.09803922 0.06666667 0.04705882]  ...  [0.2        0.13725491 0.1254902 ]  [0.16078432 0.09803922 0.08235294]  [0.21176471 0.14901961 0.13333334]] ... [[0.34509805 0.33333334 0.29803923]  [0.34901962 0.3372549  0.3019608 ]  [0.34901962 0.3372549  0.3019608 ]  ...  [0.6745098  0.54509807 0.47058824]  [0.6745098  0.5411765  0.47058824]  [0.68235296 0.54509807 0.4745098 ]] [[0.34901962 0.3372549  0.3019608 ]  [0.34901962 0.3372549  0.3019608 ]  [0.34901962 0.3372549  0.3019608 ]  ...  [0.6745098  0.54509807 0.47058824]  [0.65882355 0.5254902  0.4509804 ]  [0.67058825 0.53333336 0.4627451 ]] [[0.34901962 0.3372549  0.3019608 ]  [0.34901962 0.3372549  0.3019608 ]  [0.34901962 0.3372549  0.3019608 ]  ...  [0.6666667  0.53333336 0.4627451 ]  [0.6627451  0.5254902  0.45490196]  [0.67058825 0.53333336 0.4627451 ]]]",6.518630090344232,27024,/home/amos/media/tv/Carnivale S01-S02 web 10bit hevc-d3g/Carnivale S02/Carnivale.S02E10.1080p.WEBRip.10Bit.EAC3.H265-d3g.mkv383,1080,1920,0,402,156,520,402,29028,0.014,"[[[0.04705882 0.02745098 0.03529412]  [0.04705882 0.02745098 0.03529412]  [0.04313726 0.02352941 0.03137255]  ...  [0.13333334 0.08235294 0.07058824]  [0.19607843 0.14509805 0.13725491]  [0.20392157 0.15294118 0.14509805]] [[0.05490196 0.03529412 0.04313726]  [0.04705882 0.02745098 0.03529412]  [0.03921569 0.01960784 0.02745098]  ...  [0.16078432 0.10980392 0.09411765]  [0.2        0.14901961 0.13725491]  [0.1764706  0.1254902  0.11372549]] [[0.05490196 0.03529412 0.04313726]  [0.04705882 0.02745098 0.03529412]  [0.03529412 0.01568628 0.02352941]  ...  [0.14117648 0.09019608 0.07843138]  [0.22352941 0.17254902 0.16078432]  [0.15294118 0.10196079 0.09019608]] ... [[0.34117648 0.32941177 0.29411766]  [0.34117648 0.32941177 0.29411766]  [0.34117648 0.32941177 0.29411766]  ...  [0.2509804  0.23529412 0.21568628]  [0.23921569 0.22352941 0.20392157]  [0.24705882 0.23137255 0.20784314]] [[0.34509805 0.33333334 0.29803923]  [0.34509805 0.33333334 0.29803923]  [0.34509805 0.33333334 0.29803923]  ...  [0.24705882 0.23137255 0.21176471]  [0.24705882 0.23137255 0.21176471]  [0.24705882 0.23137255 0.21176471]] [[0.34117648 0.32941177 0.29411766]  [0.34509805 0.33333334 0.29803923]  [0.34509805 0.33333334 0.29803923]  ...  [0.23921569 0.22352941 0.20392157]  [0.23921569 0.22352941 0.20392157]  [0.24705882 0.22745098 0.20784314]]]",7.602780207642354,27048,/home/amos/media/tv/Carnivale S01-S02 web 10bit hevc-d3g/Carnivale S02/Carnivale.S02E10.1080p.WEBRip.10Bit.EAC3.H265-d3g.mkv384,1080,1920,0,417,152,489,417,19080,0.009,"[[[0.11372549 0.07450981 0.0627451 ]  [0.10196079 0.0627451  0.05098039]  [0.10980392 0.07058824 0.05882353]  ...  [0.22352941 0.14117648 0.12941177]  [0.32941177 0.25490198 0.23921569]  [0.21176471 0.14901961 0.12941177]] [[0.11764706 0.07843138 0.06666667]  [0.1254902  0.08627451 0.07450981]  [0.13333334 0.09411765 0.08235294]  ...  [0.25490198 0.17254902 0.16078432]  [0.2784314  0.20392157 0.1882353 ]  [0.1882353  0.12156863 0.10588235]] [[0.11764706 0.07843138 0.06666667]  [0.12156863 0.08235294 0.07058824]  [0.12156863 0.08235294 0.07450981]  ...  [0.27058825 0.1882353  0.1764706 ]  [0.1764706  0.09803922 0.08627451]  [0.1254902  0.05882353 0.04313726]] ... [[0.3254902  0.31764707 0.28235295]  [0.32156864 0.31764707 0.28235295]  [0.3254902  0.32156864 0.28627452]  ...  [0.7058824  0.5568628  0.47843137]  [0.7607843  0.6117647  0.5411765 ]  [0.69411767 0.5686275  0.50980395]] [[0.32156864 0.3137255  0.28235295]  [0.3254902  0.31764707 0.28627452]  [0.3254902  0.31764707 0.28627452]  ...  [0.7294118  0.5764706  0.5019608 ]  [0.73333335 0.58431375 0.50980395]  [0.7490196  0.6117647  0.54509807]] [[0.31764707 0.30980393 0.2784314 ]  [0.3254902  0.31764707 0.28627452]  [0.32941177 0.32156864 0.28627452]  ...  [0.72156864 0.5686275  0.49803922]  [0.7254902  0.5764706  0.49803922]  [0.7764706  0.627451   0.5568628 ]]]",6.3545051530818455,27072,/home/amos/media/tv/Carnivale S01-S02 web 10bit hevc-d3g/Carnivale S02/Carnivale.S02E10.1080p.WEBRip.10Bit.EAC3.H265-d3g.mkv385,1080,1920,0,418,143,480,418,17050,0.008,"[[[0.21568628 0.18431373 0.16470589]  [0.1764706  0.14117648 0.1254902 ]  [0.16078432 0.1254902  0.10980392]  ...  [0.24313726 0.18039216 0.16078432]  [0.15686275 0.08627451 0.07058824]  [0.23921569 0.16470589 0.14901961]] [[0.19607843 0.16078432 0.14509805]  [0.17254902 0.13725491 0.12156863]  [0.16862746 0.12941177 0.11764706]  ...  [0.20784314 0.14509805 0.1254902 ]  [0.18039216 0.10588235 0.09411765]  [0.20784314 0.13333334 0.11764706]] [[0.1882353  0.14901961 0.13333334]  [0.18431373 0.14509805 0.13333334]  [0.1764706  0.12941177 0.12156863]  ...  [0.21176471 0.14509805 0.12941177]  [0.19607843 0.1254902  0.10980392]  [0.1882353  0.11372549 0.09803922]] ... [[0.3137255  0.3019608  0.26666668]  [0.32156864 0.30980393 0.27450982]  [0.3254902  0.3137255  0.2784314 ]  ...  [0.67058825 0.52156866 0.4509804 ]  [0.7137255  0.5529412  0.47843137]  [0.69411767 0.5294118  0.45490196]] [[0.3137255  0.3019608  0.26666668]  [0.31764707 0.30588236 0.27058825]  [0.32156864 0.30980393 0.27450982]  ...  [0.6862745  0.5372549  0.46666667]  [0.7019608  0.5411765  0.46666667]  [0.69411767 0.5294118  0.45490196]] [[0.31764707 0.30588236 0.27058825]  [0.31764707 0.30588236 0.27058825]  [0.31764707 0.30588236 0.27058825]  ...  [0.6862745  0.5372549  0.46666667]  [0.67058825 0.50980395 0.43529412]  [0.69411767 0.5254902  0.45490196]]]",5.582775094953831,27096,/home/amos/media/tv/Carnivale S01-S02 web 10bit hevc-d3g/Carnivale S02/Carnivale.S02E10.1080p.WEBRip.10Bit.EAC3.H265-d3g.mkv386,1080,1920,1,72,665,717,72,382485,0.184,"[[[0.14509805 0.07450981 0.07058824]  [0.14509805 0.07450981 0.07058824]  [0.14901961 0.07450981 0.07450981]  ...  [0.25882354 0.14117648 0.11372549]  [0.25490198 0.13725491 0.10980392]  [0.25490198 0.13725491 0.10980392]] [[0.14509805 0.07450981 0.07058824]  [0.14509805 0.07450981 0.07058824]  [0.14509805 0.07450981 0.07450981]  ...  [0.25882354 0.14117648 0.11372549]  [0.25490198 0.13725491 0.10980392]  [0.25490198 0.13725491 0.10980392]] [[0.14901961 0.07450981 0.07450981]  [0.14901961 0.07450981 0.07450981]  [0.14901961 0.07843138 0.07450981]  ...  [0.2627451  0.14509805 0.11764706]  [0.25882354 0.14117648 0.11372549]  [0.25882354 0.14117648 0.11372549]] ... [[0.21176471 0.10980392 0.08627451]  [0.21176471 0.10980392 0.08627451]  [0.21568628 0.11372549 0.09019608]  ...  [0.4862745  0.3529412  0.3019608 ]  [0.48235294 0.34901962 0.29803923]  [0.48235294 0.34901962 0.29803923]] [[0.20784314 0.10588235 0.08235294]  [0.20784314 0.10588235 0.08235294]  [0.21176471 0.10980392 0.08627451]  ...  [0.47843137 0.34509805 0.29411766]  [0.4745098  0.34117648 0.2901961 ]  [0.4745098  0.34117648 0.2901961 ]] [[0.20784314 0.10588235 0.08235294]  [0.20784314 0.10588235 0.08235294]  [0.21176471 0.10980392 0.08627451]  ...  [0.47843137 0.34509805 0.29411766]  [0.4745098  0.34117648 0.2901961 ]  [0.4745098  0.34117648 0.2901961 ]]]",5.32225209439639,27096,/home/amos/media/tv/Carnivale S01-S02 web 10bit hevc-d3g/Carnivale S02/Carnivale.S02E10.1080p.WEBRip.10Bit.EAC3.H265-d3g.mkv387,1080,1920,0,420,138,493,420,20586,0.01,"[[[0.14509805 0.12156863 0.10196079]  [0.15686275 0.13333334 0.11372549]  [0.15294118 0.12941177 0.11372549]  ...  [0.23529412 0.17254902 0.15294118]  [0.27450982 0.20784314 0.19607843]  [0.2784314  0.20784314 0.19607843]] [[0.14901961 0.1254902  0.10588235]  [0.13725491 0.11372549 0.09411765]  [0.12941177 0.10196079 0.08627451]  ...  [0.21568628 0.15294118 0.13333334]  [0.2509804  0.18431373 0.17254902]  [0.26666668 0.2        0.1882353 ]] [[0.14509805 0.1254902  0.10196079]  [0.13725491 0.11372549 0.09411765]  [0.1254902  0.09803922 0.08235294]  ...  [0.19607843 0.13333334 0.11372549]  [0.23137255 0.16862746 0.15294118]  [0.25882354 0.19215687 0.18039216]] ... [[0.3137255  0.3019608  0.27450982]  [0.32156864 0.30980393 0.2784314 ]  [0.3254902  0.3137255  0.28235295]  ...  [0.29411766 0.24705882 0.21176471]  [0.28627452 0.24705882 0.21568628]  [0.27058825 0.23921569 0.21568628]] [[0.3137255  0.3019608  0.27450982]  [0.32156864 0.30980393 0.2784314 ]  [0.32941177 0.31764707 0.28627452]  ...  [0.3019608  0.25490198 0.21960784]  [0.29411766 0.25882354 0.22745098]  [0.28627452 0.2509804  0.23137255]] [[0.3137255  0.3019608  0.27450982]  [0.32156864 0.30980393 0.2784314 ]  [0.3254902  0.3137255  0.2784314 ]  ...  [0.30588236 0.2627451  0.22352941]  [0.30980393 0.27058825 0.23921569]  [0.30588236 0.27058825 0.2509804 ]]]",6.583381115633529,27120,/home/amos/media/tv/Carnivale S01-S02 web 10bit hevc-d3g/Carnivale S02/Carnivale.S02E10.1080p.WEBRip.10Bit.EAC3.H265-d3g.mkv388,1080,1920,0,54,232,1725,54,297438,0.143,"[[[1.         0.9843137  0.8666667 ]  [1.         0.9843137  0.8666667 ]  [1.         0.9843137  0.8666667 ]  ...  [0.26666668 0.21176471 0.21568628]  [0.26666668 0.21176471 0.21568628]  [0.26666668 0.21176471 0.21568628]] [[1.         0.9843137  0.8666667 ]  [1.         0.9843137  0.8666667 ]  [1.         0.9843137  0.8666667 ]  ...  [0.26666668 0.21176471 0.21568628]  [0.26666668 0.21176471 0.21568628]  [0.26666668 0.21176471 0.21568628]] [[1.         0.9843137  0.8666667 ]  [1.         0.9843137  0.8666667 ]  [1.         0.9843137  0.8666667 ]  ...  [0.26666668 0.21176471 0.21568628]  [0.26666668 0.21176471 0.21568628]  [0.26666668 0.21176471 0.21568628]] ... [[0.47058824 0.41960785 0.3372549 ]  [0.47058824 0.41960785 0.3372549 ]  [0.47058824 0.41960785 0.3372549 ]  ...  [0.3372549  0.26666668 0.2509804 ]  [0.33333334 0.2627451  0.2509804 ]  [0.33333334 0.2627451  0.2509804 ]] [[0.47058824 0.41960785 0.3372549 ]  [0.47058824 0.41960785 0.3372549 ]  [0.47058824 0.41960785 0.3372549 ]  ...  [0.34117648 0.27058825 0.25490198]  [0.3372549  0.26666668 0.25490198]  [0.3372549  0.26666668 0.25490198]] [[0.47058824 0.41960785 0.3372549 ]  [0.47058824 0.41960785 0.3372549 ]  [0.47058824 0.41960785 0.3372549 ]  ...  [0.34117648 0.27058825 0.25490198]  [0.3372549  0.26666668 0.25490198]  [0.3372549  0.26666668 0.25490198]]]",1.9240520898601972,27168,/home/amos/media/tv/Carnivale S01-S02 web 10bit hevc-d3g/Carnivale S02/Carnivale.S02E10.1080p.WEBRip.10Bit.EAC3.H265-d3g.mkv389,1080,1920,0,117,457,1314,117,406980,0.196,"[[[0.38039216 0.2901961  0.24313726]  [0.38431373 0.29411766 0.24313726]  [0.3882353  0.29803923 0.24705882]  ...  [0.11372549 0.03921569 0.02745098]  [0.10980392 0.03529412 0.02352941]  [0.10980392 0.03529412 0.02352941]] [[0.3764706  0.28627452 0.23921569]  [0.38039216 0.2901961  0.24313726]  [0.38431373 0.29411766 0.24705882]  ...  [0.10980392 0.03529412 0.02352941]  [0.10588235 0.03529412 0.01960784]  [0.10588235 0.03137255 0.01960784]] [[0.37254903 0.28235295 0.23529412]  [0.3764706  0.28627452 0.23921569]  [0.38039216 0.2901961  0.24313726]  ...  [0.10196079 0.03137255 0.01960784]  [0.10196079 0.03137255 0.01568628]  [0.09803922 0.02745098 0.01568628]] ... [[0.11372549 0.07843138 0.06666667]  [0.11372549 0.07843138 0.06666667]  [0.11372549 0.07843138 0.06666667]  ...  [0.18039216 0.12156863 0.10980392]  [0.18039216 0.11764706 0.10980392]  [0.18039216 0.11764706 0.10980392]] [[0.11372549 0.08235294 0.07058824]  [0.11372549 0.08235294 0.07058824]  [0.11372549 0.08235294 0.07058824]  ...  [0.1764706  0.11764706 0.10980392]  [0.1764706  0.11372549 0.10980392]  [0.1764706  0.11372549 0.10588235]] [[0.11764706 0.08235294 0.07058824]  [0.11764706 0.08235294 0.07058824]  [0.11764706 0.08235294 0.07058824]  ...  [0.1764706  0.11764706 0.10980392]  [0.1764706  0.11372549 0.10588235]  [0.1764706  0.11372549 0.10588235]]]",0.6520791192888282,27264,/home/amos/media/tv/Carnivale S01-S02 web 10bit hevc-d3g/Carnivale S02/Carnivale.S02E10.1080p.WEBRip.10Bit.EAC3.H265-d3g.mkv390,1080,1920,0,217,180,1179,217,35594,0.017,"[[[0.         0.         0.        ]  [0.         0.         0.        ]  [0.         0.         0.        ]  ...  [0.07058824 0.04705882 0.02745098]  [0.10196079 0.07843138 0.05882353]  [0.09411765 0.07058824 0.05098039]] [[0.         0.         0.        ]  [0.         0.         0.        ]  [0.         0.         0.        ]  ...  [0.0627451  0.03921569 0.01960784]  [0.08627451 0.0627451  0.04313726]  [0.10196079 0.07843138 0.05882353]] [[0.         0.         0.        ]  [0.         0.         0.        ]  [0.         0.         0.        ]  ...  [0.05490196 0.03137255 0.01176471]  [0.07450981 0.05490196 0.03529412]  [0.10980392 0.08627451 0.07058824]] ... [[0.08627451 0.07058824 0.05490196]  [0.08627451 0.07450981 0.05490196]  [0.09019608 0.07843138 0.05882353]  ...  [0.10588235 0.07843138 0.04705882]  [0.10588235 0.08235294 0.04313726]  [0.09803922 0.07450981 0.03529412]] [[0.07843138 0.06666667 0.04705882]  [0.07843138 0.06666667 0.04705882]  [0.08235294 0.07058824 0.05098039]  ...  [0.09803922 0.07058824 0.03921569]  [0.09803922 0.07450981 0.03529412]  [0.09411765 0.07058824 0.03137255]] [[0.07058824 0.05882353 0.03529412]  [0.07450981 0.0627451  0.03921569]  [0.07843138 0.06666667 0.04313726]  ...  [0.09019608 0.0627451  0.03137255]  [0.09019608 0.06666667 0.02745098]  [0.09019608 0.06666667 0.02745098]]]",3.573117045860272,27528,/home/amos/media/tv/Carnivale S01-S02 web 10bit hevc-d3g/Carnivale S02/Carnivale.S02E10.1080p.WEBRip.10Bit.EAC3.H265-d3g.mkv391,1080,1920,0,205,149,1249,205,58464,0.028,"[[[0.40784314 0.29803923 0.25882354]  [0.40392157 0.29411766 0.25882354]  [0.40392157 0.29411766 0.25882354]  ...  [0.01176471 0.         0.        ]  [0.00784314 0.         0.        ]  [0.00784314 0.         0.        ]] [[0.40392157 0.29411766 0.25490198]  [0.40392157 0.29411766 0.25882354]  [0.40392157 0.29411766 0.25882354]  ...  [0.01568628 0.         0.        ]  [0.01176471 0.         0.        ]  [0.01176471 0.         0.        ]] [[0.40392157 0.29411766 0.25490198]  [0.40392157 0.29411766 0.25882354]  [0.40392157 0.29411766 0.25882354]  ...  [0.01568628 0.         0.        ]  [0.00784314 0.         0.        ]  [0.00784314 0.         0.        ]] ... [[0.80784315 0.74509805 0.81960785]  [0.8627451  0.8        0.8627451 ]  [0.91764706 0.85490197 0.91764706]  ...  [0.13725491 0.09411765 0.05882353]  [0.13725491 0.09411765 0.05882353]  [0.13725491 0.09411765 0.05882353]] [[0.78431374 0.7176471  0.7882353 ]  [0.8392157  0.77254903 0.8352941 ]  [0.8980392  0.8392157  0.89411765]  ...  [0.13725491 0.09411765 0.05882353]  [0.13725491 0.09411765 0.05882353]  [0.14117648 0.09803922 0.0627451 ]] [[0.7529412  0.6901961  0.7529412 ]  [0.8        0.7372549  0.7921569 ]  [0.85882354 0.79607844 0.84313726]  ...  [0.14117648 0.09803922 0.0627451 ]  [0.14117648 0.09803922 0.0627451 ]  [0.14509805 0.10196079 0.06666667]]]",3.4421022051828913,27576,/home/amos/media/tv/Carnivale S01-S02 web 10bit hevc-d3g/Carnivale S02/Carnivale.S02E10.1080p.WEBRip.10Bit.EAC3.H265-d3g.mkv392,1080,1920,0,253,133,1200,253,113640,0.055,"[[[0.57254905 0.5294118  0.56078434]  [0.57254905 0.5294118  0.56078434]  [0.5803922  0.53333336 0.56078434]  ...  [0.03137255 0.02352941 0.01176471]  [0.05490196 0.04705882 0.03137255]  [0.06666667 0.05882353 0.04705882]] [[0.57254905 0.5294118  0.56078434]  [0.5764706  0.53333336 0.5647059 ]  [0.5803922  0.53333336 0.56078434]  ...  [0.02352941 0.01176471 0.00392157]  [0.03921569 0.03137255 0.01568628]  [0.05490196 0.04705882 0.03529412]] [[0.57254905 0.5294118  0.56078434]  [0.5764706  0.53333336 0.5647059 ]  [0.5803922  0.53333336 0.56078434]  ...  [0.01568628 0.00392157 0.        ]  [0.03137255 0.01960784 0.00784314]  [0.04705882 0.03529412 0.02745098]] ... [[0.07843138 0.06666667 0.03921569]  [0.07450981 0.0627451  0.03529412]  [0.07058824 0.05882353 0.03137255]  ...  [0.12156863 0.10588235 0.07450981]  [0.14117648 0.1254902  0.09411765]  [0.15294118 0.13333334 0.10588235]] [[0.08627451 0.07058824 0.04313726]  [0.07843138 0.0627451  0.03529412]  [0.07058824 0.05882353 0.03137255]  ...  [0.12941177 0.11372549 0.08235294]  [0.14117648 0.12941177 0.09411765]  [0.14901961 0.13333334 0.10588235]] [[0.08235294 0.06666667 0.03921569]  [0.07450981 0.05882353 0.03137255]  [0.07058824 0.05490196 0.03137255]  ...  [0.13333334 0.12156863 0.09019608]  [0.14509805 0.13333334 0.10196079]  [0.14901961 0.13333334 0.10588235]]]",5.838829979591537,27600,/home/amos/media/tv/Carnivale S01-S02 web 10bit hevc-d3g/Carnivale S02/Carnivale.S02E10.1080p.WEBRip.10Bit.EAC3.H265-d3g.mkv393,1080,1920,0,147,34,921,147,87462,0.042,"[[[0.12941177 0.10980392 0.07058824]  [0.13725491 0.11764706 0.08235294]  [0.14509805 0.12941177 0.09411765]  ...  [0.41568628 0.36862746 0.33333334]  [0.41568628 0.36862746 0.33333334]  [0.41960785 0.37254903 0.3372549 ]] [[0.1254902  0.10588235 0.06666667]  [0.13333334 0.11764706 0.07843138]  [0.14509805 0.12941177 0.09019608]  ...  [0.42352942 0.3764706  0.3372549 ]  [0.42352942 0.3764706  0.34117648]  [0.42352942 0.3764706  0.34117648]] [[0.12156863 0.10196079 0.0627451 ]  [0.12941177 0.11372549 0.07058824]  [0.14117648 0.1254902  0.08627451]  ...  [0.43137255 0.38431373 0.34509805]  [0.43137255 0.38431373 0.34509805]  [0.43137255 0.38431373 0.34509805]] ... [[0.45490196 0.40392157 0.40784314]  [0.45490196 0.40392157 0.40784314]  [0.45490196 0.40392157 0.40784314]  ...  [0.05490196 0.01960784 0.00392157]  [0.09019608 0.05490196 0.03137255]  [0.12156863 0.08627451 0.05490196]] [[0.45490196 0.40392157 0.40784314]  [0.45490196 0.40392157 0.40784314]  [0.45490196 0.40392157 0.40784314]  ...  [0.01960784 0.00392157 0.        ]  [0.04705882 0.01960784 0.01176471]  [0.06666667 0.03529412 0.02352941]] [[0.45490196 0.40392157 0.40784314]  [0.45490196 0.40392157 0.40784314]  [0.45490196 0.40392157 0.40784314]  ...  [0.         0.         0.        ]  [0.01176471 0.         0.        ]  [0.02745098 0.         0.        ]]]",10.101116035308223,27624,/home/amos/media/tv/Carnivale S01-S02 web 10bit hevc-d3g/Carnivale S02/Carnivale.S02E10.1080p.WEBRip.10Bit.EAC3.H265-d3g.mkv394,1080,1920,1,172,464,946,172,226008,0.109,"[[[0.         0.         0.        ]  [0.         0.         0.        ]  [0.         0.         0.        ]  ...  [0.00392157 0.         0.        ]  [0.00392157 0.         0.        ]  [0.00784314 0.00392157 0.        ]] [[0.         0.         0.        ]  [0.         0.         0.        ]  [0.         0.         0.        ]  ...  [0.00392157 0.         0.        ]  [0.00392157 0.         0.        ]  [0.00784314 0.00392157 0.        ]] [[0.         0.         0.        ]  [0.         0.         0.        ]  [0.         0.         0.        ]  ...  [0.00784314 0.00392157 0.        ]  [0.00784314 0.         0.        ]  [0.00784314 0.00392157 0.        ]] ... [[0.15294118 0.09411765 0.07843138]  [0.14509805 0.08627451 0.07058824]  [0.11764706 0.07058824 0.05490196]  ...  [0.00392157 0.         0.        ]  [0.00392157 0.         0.        ]  [0.00392157 0.         0.        ]] [[0.16078432 0.09803922 0.08627451]  [0.15294118 0.09019608 0.07843138]  [0.12941177 0.07843138 0.0627451 ]  ...  [0.         0.         0.        ]  [0.00392157 0.         0.        ]  [0.00784314 0.         0.        ]] [[0.16862746 0.10196079 0.09019608]  [0.16078432 0.09411765 0.08235294]  [0.14117648 0.08235294 0.06666667]  ...  [0.00392157 0.         0.        ]  [0.00392157 0.         0.        ]  [0.01176471 0.00392157 0.        ]]]",6.142860074120108,27624,/home/amos/media/tv/Carnivale S01-S02 web 10bit hevc-d3g/Carnivale S02/Carnivale.S02E10.1080p.WEBRip.10Bit.EAC3.H265-d3g.mkv395,1080,1920,0,147,18,1006,147,110811,0.053,"[[[0.41568628 0.36862746 0.33333334]  [0.4117647  0.3647059  0.32941177]  [0.4117647  0.3647059  0.32941177]  ...  [0.08235294 0.07058824 0.03529412]  [0.08235294 0.07058824 0.03137255]  [0.08235294 0.07450981 0.03137255]] [[0.41568628 0.36862746 0.33333334]  [0.4117647  0.3647059  0.32941177]  [0.4117647  0.3647059  0.32941177]  ...  [0.08627451 0.07450981 0.03921569]  [0.08627451 0.07450981 0.03529412]  [0.08235294 0.07450981 0.03137255]] [[0.41568628 0.36862746 0.33333334]  [0.4117647  0.36862746 0.33333334]  [0.4117647  0.3647059  0.32941177]  ...  [0.09019608 0.07843138 0.04313726]  [0.08627451 0.07843138 0.03921569]  [0.08627451 0.07843138 0.03529412]] ... [[0.48235294 0.43529412 0.41960785]  [0.48235294 0.43529412 0.41960785]  [0.48235294 0.43529412 0.41960785]  ...  [0.         0.         0.        ]  [0.         0.         0.        ]  [0.         0.         0.        ]] [[0.48235294 0.4392157  0.41960785]  [0.48235294 0.43529412 0.41960785]  [0.48235294 0.43529412 0.41960785]  ...  [0.         0.         0.        ]  [0.         0.         0.        ]  [0.         0.         0.        ]] [[0.4862745  0.4392157  0.42352942]  [0.48235294 0.43529412 0.41960785]  [0.48235294 0.43529412 0.41960785]  ...  [0.         0.         0.        ]  [0.         0.         0.        ]  [0.         0.         0.        ]]]",5.701343011402059,27648,/home/amos/media/tv/Carnivale S01-S02 web 10bit hevc-d3g/Carnivale S02/Carnivale.S02E10.1080p.WEBRip.10Bit.EAC3.H265-d3g.mkv396,1080,1920,1,173,445,943,173,209440,0.101,"[[[0.36078432 0.32156864 0.33333334]  [0.24705882 0.21568628 0.22745098]  [0.14117648 0.11372549 0.1254902 ]  ...  [0.         0.         0.        ]  [0.         0.         0.        ]  [0.         0.         0.        ]] [[0.36862746 0.3254902  0.3372549 ]  [0.25882354 0.22745098 0.23921569]  [0.15294118 0.1254902  0.13725491]  ...  [0.         0.         0.        ]  [0.         0.         0.        ]  [0.         0.         0.        ]] [[0.38431373 0.3372549  0.3529412 ]  [0.2784314  0.24313726 0.25490198]  [0.17254902 0.14509805 0.15686275]  ...  [0.         0.         0.        ]  [0.         0.         0.        ]  [0.         0.         0.        ]] ... [[0.3254902  0.22352941 0.19607843]  [0.3254902  0.21960784 0.19215687]  [0.32941177 0.21568628 0.19215687]  ...  [0.         0.         0.        ]  [0.         0.         0.        ]  [0.         0.         0.        ]] [[0.32156864 0.22352941 0.19215687]  [0.3254902  0.21960784 0.1882353 ]  [0.3254902  0.21568628 0.18431373]  ...  [0.         0.         0.        ]  [0.         0.         0.        ]  [0.         0.         0.        ]] [[0.31764707 0.21960784 0.18431373]  [0.3254902  0.21960784 0.18431373]  [0.3254902  0.21568628 0.18039216]  ...  [0.         0.         0.        ]  [0.         0.         0.        ]  [0.         0.         0.        ]]]",6.253775029035751,27648,/home/amos/media/tv/Carnivale S01-S02 web 10bit hevc-d3g/Carnivale S02/Carnivale.S02E10.1080p.WEBRip.10Bit.EAC3.H265-d3g.mkv397,1080,1920,0,148,19,973,148,106425,0.051,"[[[0.41568628 0.36862746 0.34509805]  [0.4        0.36078432 0.32941177]  [0.38039216 0.34509805 0.30980393]  ...  [0.3372549  0.3019608  0.27450982]  [0.37254903 0.32941177 0.3019608 ]  [0.39607844 0.34901962 0.32156864]] [[0.41568628 0.36862746 0.34509805]  [0.40392157 0.36078432 0.33333334]  [0.38431373 0.34901962 0.3137255 ]  ...  [0.34509805 0.30980393 0.28235295]  [0.3764706  0.3372549  0.30980393]  [0.4        0.3529412  0.3254902 ]] [[0.41568628 0.36862746 0.34509805]  [0.40392157 0.36078432 0.33333334]  [0.38431373 0.34901962 0.3137255 ]  ...  [0.3529412  0.31764707 0.2901961 ]  [0.38431373 0.34509805 0.31764707]  [0.40392157 0.35686275 0.33333334]] ... [[0.45882353 0.4117647  0.3882353 ]  [0.45882353 0.4117647  0.3882353 ]  [0.4627451  0.41568628 0.39215687]  ...  [0.09803922 0.07058824 0.04705882]  [0.16862746 0.13725491 0.10980392]  [0.23137255 0.19607843 0.16078432]] [[0.45882353 0.4117647  0.3882353 ]  [0.4627451  0.41568628 0.39215687]  [0.4627451  0.41568628 0.39215687]  ...  [0.07058824 0.04705882 0.02352941]  [0.14509805 0.11372549 0.08627451]  [0.20784314 0.17254902 0.14117648]] [[0.4627451  0.41568628 0.39215687]  [0.4627451  0.41568628 0.39215687]  [0.4627451  0.41568628 0.39215687]  ...  [0.05490196 0.03137255 0.00784314]  [0.12941177 0.09803922 0.07058824]  [0.19215687 0.15686275 0.12941177]]]",8.517977061739657,27672,/home/amos/media/tv/Carnivale S01-S02 web 10bit hevc-d3g/Carnivale S02/Carnivale.S02E10.1080p.WEBRip.10Bit.EAC3.H265-d3g.mkv398,1080,1920,1,178,428,939,178,190250,0.092,"[[[0.         0.         0.        ]  [0.         0.         0.        ]  [0.         0.         0.        ]  ...  [0.         0.         0.        ]  [0.         0.         0.        ]  [0.         0.         0.        ]] [[0.         0.         0.        ]  [0.         0.         0.        ]  [0.         0.         0.        ]  ...  [0.         0.         0.        ]  [0.         0.         0.        ]  [0.         0.         0.        ]] [[0.         0.         0.        ]  [0.         0.         0.        ]  [0.         0.         0.        ]  ...  [0.         0.         0.        ]  [0.         0.         0.        ]  [0.         0.         0.        ]] ... [[0.34509805 0.22745098 0.20784314]  [0.3529412  0.23529412 0.21568628]  [0.35686275 0.23921569 0.21960784]  ...  [0.         0.         0.        ]  [0.         0.         0.        ]  [0.         0.         0.        ]] [[0.34509805 0.22745098 0.20784314]  [0.3529412  0.23529412 0.21568628]  [0.35686275 0.24313726 0.22352941]  ...  [0.         0.         0.        ]  [0.         0.         0.        ]  [0.         0.         0.        ]] [[0.34509805 0.23137255 0.21176471]  [0.34901962 0.23529412 0.21568628]  [0.35686275 0.24313726 0.22352941]  ...  [0.         0.         0.        ]  [0.         0.         0.        ]  [0.         0.         0.        ]]]",4.89959095796803,27672,/home/amos/media/tv/Carnivale S01-S02 web 10bit hevc-d3g/Carnivale S02/Carnivale.S02E10.1080p.WEBRip.10Bit.EAC3.H265-d3g.mkv399,1080,1920,0,150,25,956,150,100750,0.049,"[[[0.27450982 0.22745098 0.20392157]  [0.23137255 0.18431373 0.16078432]  [0.18039216 0.13333334 0.10980392]  ...  [0.41568628 0.36862746 0.3372549 ]  [0.41568628 0.36862746 0.3372549 ]  [0.41960785 0.37254903 0.34117648]] [[0.2784314  0.23137255 0.20784314]  [0.23921569 0.19215687 0.16862746]  [0.18431373 0.14117648 0.11764706]  ...  [0.41568628 0.36862746 0.3372549 ]  [0.41568628 0.36862746 0.3372549 ]  [0.41960785 0.37254903 0.34117648]] [[0.28627452 0.23921569 0.21568628]  [0.24705882 0.2        0.1764706 ]  [0.19215687 0.14901961 0.1254902 ]  ...  [0.41568628 0.37254903 0.3372549 ]  [0.41568628 0.37254903 0.34117648]  [0.41960785 0.37254903 0.34117648]] ... [[0.4745098  0.42745098 0.4117647 ]  [0.4745098  0.42745098 0.4117647 ]  [0.4745098  0.42745098 0.4117647 ]  ...  [0.10980392 0.08627451 0.05882353]  [0.16470589 0.13725491 0.10980392]  [0.20392157 0.18039216 0.15294118]] [[0.4745098  0.42745098 0.4117647 ]  [0.4745098  0.42745098 0.4117647 ]  [0.4745098  0.42745098 0.4117647 ]  ...  [0.08627451 0.06666667 0.03921569]  [0.15294118 0.12941177 0.10196079]  [0.20392157 0.18039216 0.15294118]] [[0.4745098  0.42745098 0.4117647 ]  [0.4745098  0.42745098 0.4117647 ]  [0.4745098  0.42745098 0.4117647 ]  ...  [0.07450981 0.05098039 0.02745098]  [0.14509805 0.12156863 0.09411765]  [0.20784314 0.18431373 0.15686275]]]",8.641510038345587,27696,/home/amos/media/tv/Carnivale S01-S02 web 10bit hevc-d3g/Carnivale S02/Carnivale.S02E10.1080p.WEBRip.10Bit.EAC3.H265-d3g.mkv400,1080,1920,1,178,427,940,178,189738,0.092,"[[[0.         0.         0.        ]  [0.         0.         0.        ]  [0.         0.         0.        ]  ...  [0.         0.         0.        ]  [0.         0.         0.        ]  [0.         0.         0.        ]] [[0.         0.         0.        ]  [0.         0.         0.        ]  [0.         0.         0.        ]  ...  [0.         0.         0.        ]  [0.         0.         0.        ]  [0.         0.         0.        ]] [[0.         0.         0.        ]  [0.         0.         0.        ]  [0.         0.         0.        ]  ...  [0.         0.         0.        ]  [0.         0.         0.        ]  [0.         0.         0.        ]] ... [[0.3529412  0.23529412 0.21960784]  [0.34901962 0.23137255 0.21568628]  [0.34509805 0.22745098 0.20784314]  ...  [0.         0.         0.        ]  [0.         0.         0.        ]  [0.         0.         0.        ]] [[0.35686275 0.23921569 0.22352941]  [0.3529412  0.23529412 0.21960784]  [0.34901962 0.23137255 0.21176471]  ...  [0.         0.         0.        ]  [0.         0.         0.        ]  [0.         0.         0.        ]] [[0.3647059  0.24705882 0.23137255]  [0.35686275 0.24313726 0.22352941]  [0.3529412  0.23529412 0.21568628]  ...  [0.         0.         0.        ]  [0.         0.         0.        ]  [0.         0.         0.        ]]]",4.333229028910864,27696,/home/amos/media/tv/Carnivale S01-S02 web 10bit hevc-d3g/Carnivale S02/Carnivale.S02E10.1080p.WEBRip.10Bit.EAC3.H265-d3g.mkv401,1080,1920,0,291,72,1177,291,194034,0.094,"[[[0.         0.00392157 0.        ]  [0.         0.         0.        ]  [0.         0.         0.        ]  ...  [0.         0.         0.        ]  [0.         0.         0.        ]  [0.         0.         0.        ]] [[0.         0.         0.        ]  [0.         0.         0.        ]  [0.         0.         0.        ]  ...  [0.         0.         0.        ]  [0.         0.         0.        ]  [0.         0.         0.        ]] [[0.         0.         0.        ]  [0.         0.         0.        ]  [0.         0.         0.        ]  ...  [0.         0.         0.        ]  [0.         0.         0.        ]  [0.         0.         0.        ]] ... [[0.43529412 0.3019608  0.27450982]  [0.43529412 0.29803923 0.2784314 ]  [0.43137255 0.29411766 0.27450982]  ...  [0.         0.         0.        ]  [0.         0.         0.        ]  [0.         0.         0.        ]] [[0.4392157  0.29803923 0.2784314 ]  [0.44313726 0.30588236 0.2901961 ]  [0.44313726 0.3019608  0.28627452]  ...  [0.         0.         0.        ]  [0.         0.         0.        ]  [0.         0.         0.        ]] [[0.43529412 0.29803923 0.2784314 ]  [0.45490196 0.30980393 0.29803923]  [0.45490196 0.3137255  0.29803923]  ...  [0.         0.         0.        ]  [0.         0.         0.        ]  [0.         0.         0.        ]]]",5.832999995502178,27720,/home/amos/media/tv/Carnivale S01-S02 web 10bit hevc-d3g/Carnivale S02/Carnivale.S02E10.1080p.WEBRip.10Bit.EAC3.H265-d3g.mkv402,1080,1920,0,258,84,1189,258,161994,0.078,"[[[0.         0.01176471 0.        ]  [0.         0.01176471 0.        ]  [0.         0.01176471 0.        ]  ...  [0.00392157 0.         0.00392157]  [0.         0.         0.        ]  [0.         0.         0.        ]] [[0.         0.01176471 0.        ]  [0.         0.01176471 0.        ]  [0.         0.01176471 0.        ]  ...  [0.01176471 0.00392157 0.01176471]  [0.00392157 0.         0.00392157]  [0.         0.         0.        ]] [[0.         0.01176471 0.        ]  [0.         0.01176471 0.        ]  [0.         0.01176471 0.        ]  ...  [0.01960784 0.01176471 0.01568628]  [0.01568628 0.00784314 0.01176471]  [0.00784314 0.00392157 0.00392157]] ... [[0.25490198 0.16470589 0.11764706]  [0.27058825 0.17254902 0.1254902 ]  [0.28627452 0.1882353  0.14117648]  ...  [0.14901961 0.09019608 0.07058824]  [0.15686275 0.09803922 0.07450981]  [0.15686275 0.10196079 0.07843138]] [[0.25882354 0.16078432 0.11764706]  [0.27058825 0.17254902 0.1254902 ]  [0.28627452 0.1882353  0.14117648]  ...  [0.14509805 0.09019608 0.07058824]  [0.15686275 0.09803922 0.07843138]  [0.16078432 0.10980392 0.08627451]] [[0.25882354 0.16078432 0.11372549]  [0.28235295 0.18039216 0.13333334]  [0.29803923 0.19215687 0.14901961]  ...  [0.14901961 0.09411765 0.07058824]  [0.15294118 0.10196079 0.07843138]  [0.16078432 0.10980392 0.08627451]]]",6.224602961505298,27744,/home/amos/media/tv/Carnivale S01-S02 web 10bit hevc-d3g/Carnivale S02/Carnivale.S02E10.1080p.WEBRip.10Bit.EAC3.H265-d3g.mkv403,1080,1920,0,273,83,1187,273,173660,0.084,"[[[0.         0.00784314 0.        ]  [0.         0.00784314 0.        ]  [0.         0.00784314 0.        ]  ...  [0.         0.         0.        ]  [0.         0.         0.        ]  [0.         0.         0.        ]] [[0.         0.00784314 0.        ]  [0.         0.00784314 0.        ]  [0.         0.00784314 0.        ]  ...  [0.         0.         0.        ]  [0.         0.         0.        ]  [0.         0.         0.        ]] [[0.         0.00784314 0.        ]  [0.         0.00784314 0.        ]  [0.         0.00784314 0.        ]  ...  [0.         0.         0.        ]  [0.         0.         0.        ]  [0.         0.         0.        ]] ... [[0.31764707 0.19215687 0.15686275]  [0.34117648 0.21568628 0.18431373]  [0.36862746 0.24313726 0.21176471]  ...  [0.14509805 0.12941177 0.09411765]  [0.13333334 0.12156863 0.09411765]  [0.13333334 0.12156863 0.09803922]] [[0.3254902  0.2        0.16862746]  [0.34509805 0.21960784 0.1882353 ]  [0.36862746 0.24313726 0.21568628]  ...  [0.14509805 0.12941177 0.09411765]  [0.13725491 0.12156863 0.09411765]  [0.13333334 0.12156863 0.09803922]] [[0.33333334 0.20784314 0.1764706 ]  [0.34901962 0.22352941 0.19607843]  [0.3764706  0.24705882 0.22352941]  ...  [0.14117648 0.1254902  0.09411765]  [0.13333334 0.12156863 0.09411765]  [0.12941177 0.11764706 0.09411765]]]",5.964052998519037,27768,/home/amos/media/tv/Carnivale S01-S02 web 10bit hevc-d3g/Carnivale S02/Carnivale.S02E10.1080p.WEBRip.10Bit.EAC3.H265-d3g.mkv404,1080,1920,0,258,97,1197,258,151179,0.073,"[[[0.         0.         0.        ]  [0.         0.         0.        ]  [0.         0.         0.        ]  ...  [0.         0.         0.        ]  [0.         0.         0.        ]  [0.         0.         0.        ]] [[0.         0.         0.        ]  [0.         0.         0.        ]  [0.         0.         0.        ]  ...  [0.00392157 0.         0.        ]  [0.         0.         0.        ]  [0.         0.         0.        ]] [[0.         0.         0.        ]  [0.         0.         0.        ]  [0.         0.         0.        ]  ...  [0.00392157 0.00392157 0.        ]  [0.         0.         0.        ]  [0.         0.         0.        ]] ... [[0.41568628 0.28627452 0.2627451 ]  [0.42352942 0.2901961  0.2627451 ]  [0.42745098 0.29411766 0.26666668]  ...  [0.16078432 0.15294118 0.12156863]  [0.15686275 0.15294118 0.11764706]  [0.15686275 0.14509805 0.10980392]] [[0.4117647  0.28627452 0.2627451 ]  [0.41960785 0.2901961  0.26666668]  [0.42745098 0.29411766 0.27058825]  ...  [0.16078432 0.15294118 0.12156863]  [0.15686275 0.14901961 0.11764706]  [0.15686275 0.14509805 0.10980392]] [[0.40784314 0.28235295 0.25882354]  [0.4117647  0.28627452 0.2627451 ]  [0.42352942 0.29803923 0.27058825]  ...  [0.15686275 0.15294118 0.11764706]  [0.15686275 0.15294118 0.11764706]  [0.15294118 0.14117648 0.10588235]]]",5.143658103886992,27792,/home/amos/media/tv/Carnivale S01-S02 web 10bit hevc-d3g/Carnivale S02/Carnivale.S02E10.1080p.WEBRip.10Bit.EAC3.H265-d3g.mkv405,1080,1920,0,269,109,1184,269,146400,0.071,"[[[0.         0.00392157 0.        ]  [0.         0.         0.        ]  [0.         0.         0.        ]  ...  [0.         0.         0.        ]  [0.         0.         0.        ]  [0.         0.         0.        ]] [[0.         0.         0.        ]  [0.         0.         0.        ]  [0.         0.         0.        ]  ...  [0.         0.         0.        ]  [0.         0.         0.        ]  [0.         0.         0.        ]] [[0.         0.         0.        ]  [0.         0.         0.        ]  [0.         0.         0.        ]  ...  [0.         0.         0.        ]  [0.         0.         0.        ]  [0.         0.         0.        ]] ... [[0.42745098 0.28627452 0.26666668]  [0.43137255 0.2901961  0.27450982]  [0.43529412 0.29803923 0.2784314 ]  ...  [0.13725491 0.12941177 0.10588235]  [0.13333334 0.1254902  0.10196079]  [0.13333334 0.1254902  0.10196079]] [[0.42745098 0.28627452 0.27450982]  [0.43529412 0.29411766 0.28235295]  [0.43529412 0.29803923 0.2901961 ]  ...  [0.13725491 0.12941177 0.10588235]  [0.13725491 0.12941177 0.10588235]  [0.13725491 0.12941177 0.10588235]] [[0.42745098 0.28627452 0.27450982]  [0.43529412 0.29411766 0.28627452]  [0.43529412 0.29803923 0.29411766]  ...  [0.13725491 0.12941177 0.10588235]  [0.13725491 0.12941177 0.10588235]  [0.13725491 0.12941177 0.10588235]]]",5.987143893027678,27816,/home/amos/media/tv/Carnivale S01-S02 web 10bit hevc-d3g/Carnivale S02/Carnivale.S02E10.1080p.WEBRip.10Bit.EAC3.H265-d3g.mkv406,1080,1920,0,261,122,1197,261,130104,0.063,"[[[0.         0.         0.        ]  [0.         0.         0.        ]  [0.         0.         0.        ]  ...  [0.01568628 0.01568628 0.01176471]  [0.01960784 0.02352941 0.01960784]  [0.01960784 0.02352941 0.01960784]] [[0.         0.         0.        ]  [0.         0.         0.        ]  [0.         0.         0.        ]  ...  [0.01568628 0.01568628 0.00784314]  [0.02352941 0.02352941 0.01568628]  [0.02352941 0.02745098 0.01960784]] [[0.         0.         0.        ]  [0.         0.         0.        ]  [0.         0.         0.        ]  ...  [0.01568628 0.01568628 0.01176471]  [0.01960784 0.02352941 0.01568628]  [0.02352941 0.02352941 0.01568628]] ... [[0.3529412  0.22352941 0.1882353 ]  [0.34509805 0.21568628 0.18039216]  [0.3254902  0.19607843 0.16078432]  ...  [0.15294118 0.14117648 0.11372549]  [0.15294118 0.14117648 0.10980392]  [0.14901961 0.14117648 0.10588235]] [[0.3529412  0.22352941 0.1882353 ]  [0.34509805 0.21568628 0.18039216]  [0.3254902  0.19607843 0.16078432]  ...  [0.15686275 0.14509805 0.11764706]  [0.15686275 0.14901961 0.11372549]  [0.15686275 0.14901961 0.11372549]] [[0.35686275 0.22352941 0.19215687]  [0.34509805 0.21568628 0.18039216]  [0.3254902  0.19607843 0.16078432]  ...  [0.15686275 0.14509805 0.12156863]  [0.15686275 0.14901961 0.11764706]  [0.15686275 0.14901961 0.11764706]]]",5.3061589992721565,27888,/home/amos/media/tv/Carnivale S01-S02 web 10bit hevc-d3g/Carnivale S02/Carnivale.S02E10.1080p.WEBRip.10Bit.EAC3.H265-d3g.mkv407,1080,1920,0,251,128,1195,251,116112,0.056,"[[[0.         0.         0.        ]  [0.         0.         0.        ]  [0.         0.         0.        ]  ...  [0.02352941 0.01568628 0.00392157]  [0.04313726 0.03529412 0.02352941]  [0.05882353 0.05098039 0.03921569]] [[0.         0.         0.        ]  [0.         0.         0.        ]  [0.         0.         0.        ]  ...  [0.01568628 0.00392157 0.00392157]  [0.02745098 0.01960784 0.01176471]  [0.04705882 0.03921569 0.03137255]] [[0.         0.         0.        ]  [0.         0.         0.        ]  [0.         0.         0.        ]  ...  [0.01176471 0.00392157 0.        ]  [0.01960784 0.01176471 0.00392157]  [0.03529412 0.02745098 0.01960784]] ... [[0.34509805 0.21960784 0.1882353 ]  [0.32941177 0.20784314 0.1764706 ]  [0.32156864 0.2        0.16862746]  ...  [0.14117648 0.13333334 0.09803922]  [0.14901961 0.14117648 0.10588235]  [0.14901961 0.14509805 0.10980392]] [[0.34901962 0.22745098 0.19215687]  [0.33333334 0.21176471 0.1764706 ]  [0.3254902  0.20392157 0.16862746]  ...  [0.14117648 0.13333334 0.10196079]  [0.14901961 0.14117648 0.10980392]  [0.14901961 0.14117648 0.10980392]] [[0.35686275 0.23529412 0.19607843]  [0.3372549  0.21960784 0.18039216]  [0.33333334 0.20784314 0.17254902]  ...  [0.14117648 0.14117648 0.10588235]  [0.14901961 0.14509805 0.10980392]  [0.14901961 0.14509805 0.10980392]]]",5.380620011652354,27912,/home/amos/media/tv/Carnivale S01-S02 web 10bit hevc-d3g/Carnivale S02/Carnivale.S02E10.1080p.WEBRip.10Bit.EAC3.H265-d3g.mkv408,1080,1920,0,258,122,1196,258,127568,0.062,"[[[0.         0.         0.        ]  [0.         0.         0.        ]  [0.         0.         0.        ]  ...  [0.01960784 0.00392157 0.        ]  [0.01960784 0.00392157 0.        ]  [0.02745098 0.01176471 0.00784314]] [[0.         0.         0.        ]  [0.         0.         0.        ]  [0.         0.         0.        ]  ...  [0.01960784 0.00392157 0.        ]  [0.01960784 0.00392157 0.        ]  [0.02352941 0.00392157 0.00392157]] [[0.         0.         0.        ]  [0.         0.         0.        ]  [0.         0.         0.        ]  ...  [0.01568628 0.         0.        ]  [0.01568628 0.         0.        ]  [0.01960784 0.00392157 0.        ]] ... [[0.34509805 0.21568628 0.19215687]  [0.33333334 0.20392157 0.1764706 ]  [0.3254902  0.19607843 0.16470589]  ...  [0.14509805 0.13333334 0.10980392]  [0.14117648 0.12941177 0.10588235]  [0.14117648 0.12941177 0.10588235]] [[0.34509805 0.21568628 0.19215687]  [0.33333334 0.20392157 0.1764706 ]  [0.3254902  0.19607843 0.16470589]  ...  [0.14509805 0.13333334 0.10980392]  [0.14509805 0.13333334 0.10980392]  [0.14509805 0.13333334 0.10980392]] [[0.34509805 0.21568628 0.19215687]  [0.32941177 0.2        0.1764706 ]  [0.3254902  0.19607843 0.16078432]  ...  [0.14509805 0.13333334 0.10980392]  [0.14509805 0.13333334 0.10980392]  [0.14901961 0.13725491 0.11372549]]]",5.32452309835935,27936,/home/amos/media/tv/Carnivale S01-S02 web 10bit hevc-d3g/Carnivale S02/Carnivale.S02E10.1080p.WEBRip.10Bit.EAC3.H265-d3g.mkv409,1080,1920,0,242,134,1199,242,103356,0.05,"[[[0.         0.         0.        ]  [0.         0.         0.        ]  [0.         0.         0.        ]  ...  [0.01960784 0.         0.        ]  [0.01960784 0.         0.        ]  [0.01176471 0.         0.        ]] [[0.         0.         0.        ]  [0.         0.         0.        ]  [0.         0.         0.        ]  ...  [0.02352941 0.00392157 0.        ]  [0.01960784 0.         0.        ]  [0.01568628 0.         0.        ]] [[0.         0.         0.        ]  [0.         0.         0.        ]  [0.         0.         0.        ]  ...  [0.03137255 0.00784314 0.00392157]  [0.01960784 0.         0.        ]  [0.01176471 0.         0.        ]] ... [[0.37254903 0.24313726 0.21568628]  [0.40392157 0.27450982 0.24705882]  [0.42745098 0.3019608  0.27058825]  ...  [0.09803922 0.07843138 0.04705882]  [0.10980392 0.09019608 0.0627451 ]  [0.11764706 0.10588235 0.07450981]] [[0.3529412  0.22352941 0.19607843]  [0.3882353  0.25882354 0.23137255]  [0.42352942 0.29411766 0.26666668]  ...  [0.10588235 0.09019608 0.05882353]  [0.11372549 0.09803922 0.07058824]  [0.12156863 0.10980392 0.08235294]] [[0.33333334 0.20392157 0.1764706 ]  [0.36862746 0.23921569 0.21176471]  [0.40784314 0.2784314  0.2509804 ]  ...  [0.11372549 0.10196079 0.07450981]  [0.11764706 0.10588235 0.07843138]  [0.1254902  0.11372549 0.08627451]]]",3.6892210851074196,27960,/home/amos/media/tv/Carnivale S01-S02 web 10bit hevc-d3g/Carnivale S02/Carnivale.S02E10.1080p.WEBRip.10Bit.EAC3.H265-d3g.mkv410,1080,1920,0,239,138,1200,239,97061,0.047,"[[[0.         0.         0.        ]  [0.         0.         0.        ]  [0.         0.         0.        ]  ...  [0.03529412 0.00784314 0.00392157]  [0.02352941 0.         0.        ]  [0.02745098 0.         0.        ]] [[0.         0.         0.        ]  [0.         0.         0.        ]  [0.         0.         0.        ]  ...  [0.04705882 0.01568628 0.00784314]  [0.03137255 0.         0.        ]  [0.02352941 0.         0.        ]] [[0.         0.         0.        ]  [0.         0.         0.        ]  [0.         0.         0.        ]  ...  [0.0627451  0.03137255 0.01568628]  [0.03921569 0.00784314 0.        ]  [0.02745098 0.         0.        ]] ... [[0.42745098 0.2901961  0.27058825]  [0.43529412 0.29803923 0.2784314 ]  [0.43529412 0.3019608  0.28235295]  ...  [0.07450981 0.03921569 0.01960784]  [0.08235294 0.04705882 0.02745098]  [0.09411765 0.06666667 0.04705882]] [[0.42745098 0.2901961  0.27058825]  [0.43529412 0.29803923 0.2784314 ]  [0.43529412 0.29803923 0.2784314 ]  ...  [0.07450981 0.04313726 0.01960784]  [0.08627451 0.05882353 0.03529412]  [0.10588235 0.07843138 0.05882353]] [[0.4117647  0.2784314  0.25882354]  [0.42745098 0.29411766 0.27450982]  [0.43529412 0.29803923 0.2784314 ]  ...  [0.08235294 0.05882353 0.03529412]  [0.09803922 0.07450981 0.05098039]  [0.11372549 0.09019608 0.07058824]]]",4.615738108579535,27984,/home/amos/media/tv/Carnivale S01-S02 web 10bit hevc-d3g/Carnivale S02/Carnivale.S02E10.1080p.WEBRip.10Bit.EAC3.H265-d3g.mkv411,1080,1920,0,259,133,1190,259,117306,0.057,"[[[0.         0.         0.        ]  [0.         0.         0.        ]  [0.         0.         0.        ]  ...  [0.01176471 0.00784314 0.        ]  [0.00392157 0.         0.        ]  [0.00392157 0.         0.        ]] [[0.         0.         0.        ]  [0.         0.         0.        ]  [0.         0.         0.        ]  ...  [0.01568628 0.01176471 0.00392157]  [0.00392157 0.         0.        ]  [0.         0.         0.        ]] [[0.         0.         0.        ]  [0.         0.         0.        ]  [0.         0.         0.        ]  ...  [0.01960784 0.01568628 0.00784314]  [0.00392157 0.         0.        ]  [0.         0.         0.        ]] ... [[0.35686275 0.22745098 0.20392157]  [0.34901962 0.21960784 0.19607843]  [0.3372549  0.21176471 0.18431373]  ...  [0.14509805 0.13725491 0.11764706]  [0.14901961 0.13725491 0.11764706]  [0.14901961 0.13725491 0.11764706]] [[0.36078432 0.22745098 0.20392157]  [0.3529412  0.21960784 0.19607843]  [0.3372549  0.20784314 0.18431373]  ...  [0.14901961 0.13333334 0.11764706]  [0.14901961 0.13725491 0.12156863]  [0.15686275 0.14509805 0.12156863]] [[0.36078432 0.22745098 0.20392157]  [0.3529412  0.21960784 0.19607843]  [0.3372549  0.20784314 0.18431373]  ...  [0.14901961 0.13725491 0.11764706]  [0.15686275 0.14509805 0.1254902 ]  [0.16078432 0.14901961 0.12941177]]]",3.900936950929463,28008,/home/amos/media/tv/Carnivale S01-S02 web 10bit hevc-d3g/Carnivale S02/Carnivale.S02E10.1080p.WEBRip.10Bit.EAC3.H265-d3g.mkv412,1080,1920,0,76,261,1734,76,306730,0.148,"[[[0.         0.         0.        ]  [0.         0.         0.        ]  [0.         0.         0.        ]  ...  [0.         0.         0.        ]  [0.         0.         0.        ]  [0.         0.         0.        ]] [[0.         0.         0.        ]  [0.         0.         0.        ]  [0.         0.         0.        ]  ...  [0.         0.         0.        ]  [0.         0.         0.        ]  [0.         0.         0.        ]] [[0.         0.         0.        ]  [0.         0.         0.        ]  [0.         0.         0.        ]  ...  [0.         0.         0.        ]  [0.         0.         0.        ]  [0.         0.         0.        ]] ... [[0.         0.         0.        ]  [0.         0.         0.        ]  [0.         0.         0.        ]  ...  [0.21176471 0.19607843 0.17254902]  [0.1882353  0.17254902 0.14901961]  [0.1882353  0.16862746 0.14901961]] [[0.         0.         0.        ]  [0.         0.         0.        ]  [0.         0.         0.        ]  ...  [0.21176471 0.19607843 0.1764706 ]  [0.1882353  0.17254902 0.15294118]  [0.1882353  0.17254902 0.15294118]] [[0.         0.         0.        ]  [0.         0.         0.        ]  [0.         0.         0.        ]  ...  [0.21176471 0.19607843 0.1764706 ]  [0.1882353  0.17254902 0.15294118]  [0.1882353  0.17254902 0.15294118]]]",2.0865869582048617,28032,/home/amos/media/tv/Carnivale S01-S02 web 10bit hevc-d3g/Carnivale S02/Carnivale.S02E10.1080p.WEBRip.10Bit.EAC3.H265-d3g.mkv413,1080,1920,0,260,129,1191,260,121961,0.059,"[[[0.01176471 0.01568628 0.00392157]  [0.01176471 0.01568628 0.00392157]  [0.01176471 0.01568628 0.00392157]  ...  [0.00392157 0.00784314 0.        ]  [0.00784314 0.01176471 0.        ]  [0.01176471 0.01568628 0.00784314]] [[0.01176471 0.01568628 0.00392157]  [0.01176471 0.01568628 0.00392157]  [0.01176471 0.01568628 0.00392157]  ...  [0.         0.00392157 0.        ]  [0.         0.00392157 0.        ]  [0.00392157 0.00392157 0.        ]] [[0.00784314 0.01176471 0.        ]  [0.00784314 0.01176471 0.        ]  [0.00784314 0.01176471 0.        ]  ...  [0.         0.         0.        ]  [0.         0.         0.        ]  [0.         0.         0.        ]] ... [[0.08235294 0.07058824 0.05098039]  [0.08235294 0.07450981 0.05490196]  [0.09019608 0.07843138 0.05882353]  ...  [0.15294118 0.14509805 0.11372549]  [0.15686275 0.14901961 0.12156863]  [0.15686275 0.15294118 0.12156863]] [[0.07843138 0.06666667 0.04313726]  [0.08627451 0.07450981 0.05098039]  [0.09019608 0.07843138 0.05490196]  ...  [0.15686275 0.15294118 0.12156863]  [0.15686275 0.15294118 0.12156863]  [0.15686275 0.15294118 0.12156863]] [[0.07843138 0.06666667 0.04313726]  [0.08627451 0.07450981 0.04705882]  [0.09411765 0.08235294 0.05490196]  ...  [0.16078432 0.15686275 0.1254902 ]  [0.15686275 0.15294118 0.12156863]  [0.15686275 0.15294118 0.12156863]]]",3.244313962524757,28056,/home/amos/media/tv/Carnivale S01-S02 web 10bit hevc-d3g/Carnivale S02/Carnivale.S02E10.1080p.WEBRip.10Bit.EAC3.H265-d3g.mkv414,1080,1920,0,253,130,1189,253,115128,0.056,"[[[0.         0.00392157 0.        ]  [0.         0.00392157 0.        ]  [0.         0.00392157 0.        ]  ...  [0.05490196 0.05098039 0.04313726]  [0.0627451  0.05882353 0.05098039]  [0.05098039 0.04705882 0.03921569]] [[0.         0.00392157 0.        ]  [0.         0.00392157 0.        ]  [0.         0.00392157 0.        ]  ...  [0.04313726 0.03921569 0.03529412]  [0.05490196 0.05098039 0.04313726]  [0.05490196 0.05098039 0.04313726]] [[0.         0.00392157 0.        ]  [0.         0.00392157 0.        ]  [0.         0.00392157 0.        ]  ...  [0.02352941 0.01960784 0.01568628]  [0.04705882 0.04313726 0.03921569]  [0.05882353 0.05490196 0.04705882]] ... [[0.         0.00392157 0.        ]  [0.         0.00392157 0.        ]  [0.         0.         0.        ]  ...  [0.14117648 0.13333334 0.10588235]  [0.14509805 0.13725491 0.11372549]  [0.14901961 0.14117648 0.11764706]] [[0.         0.00392157 0.        ]  [0.         0.00392157 0.        ]  [0.00784314 0.00392157 0.        ]  ...  [0.14117648 0.13333334 0.10980392]  [0.14901961 0.14117648 0.11764706]  [0.15294118 0.14509805 0.12156863]] [[0.         0.00784314 0.        ]  [0.00784314 0.01176471 0.00392157]  [0.01568628 0.01568628 0.00784314]  ...  [0.14509805 0.13725491 0.11372549]  [0.15294118 0.14509805 0.12156863]  [0.14901961 0.14509805 0.11764706]]]",3.505805981636513,28080,/home/amos/media/tv/Carnivale S01-S02 web 10bit hevc-d3g/Carnivale S02/Carnivale.S02E10.1080p.WEBRip.10Bit.EAC3.H265-d3g.mkv415,1080,1920,0,285,113,1171,285,152392,0.073,"[[[0.         0.         0.        ]  [0.         0.         0.        ]  [0.         0.         0.        ]  ...  [0.00784314 0.00784314 0.00784314]  [0.00784314 0.00784314 0.00392157]  [0.         0.         0.        ]] [[0.         0.         0.        ]  [0.         0.         0.        ]  [0.         0.         0.        ]  ...  [0.01176471 0.01176471 0.00784314]  [0.01568628 0.01568628 0.00784314]  [0.00784314 0.00784314 0.        ]] [[0.         0.         0.        ]  [0.         0.         0.        ]  [0.         0.         0.        ]  ...  [0.01568628 0.01568628 0.01176471]  [0.01960784 0.01960784 0.01568628]  [0.01568628 0.01568628 0.00784314]] ... [[0.03137255 0.02352941 0.01176471]  [0.05098039 0.04313726 0.02745098]  [0.06666667 0.05882353 0.04313726]  ...  [0.15686275 0.15294118 0.1254902 ]  [0.14509805 0.14509805 0.11764706]  [0.13725491 0.13333334 0.10588235]] [[0.06666667 0.05490196 0.04313726]  [0.07843138 0.06666667 0.05490196]  [0.08627451 0.07450981 0.05882353]  ...  [0.15294118 0.15294118 0.12156863]  [0.14509805 0.14117648 0.11372549]  [0.1254902  0.12156863 0.09803922]] [[0.09411765 0.07450981 0.06666667]  [0.09411765 0.07843138 0.06666667]  [0.09019608 0.07450981 0.05882353]  ...  [0.15294118 0.14901961 0.12156863]  [0.14117648 0.13725491 0.10980392]  [0.12156863 0.11764706 0.09411765]]]",3.7833370315493084,28104,/home/amos/media/tv/Carnivale S01-S02 web 10bit hevc-d3g/Carnivale S02/Carnivale.S02E10.1080p.WEBRip.10Bit.EAC3.H265-d3g.mkv416,1080,1920,0,258,117,1191,258,131553,0.063,"[[[0.5372549  0.49803922 0.50980395]  [0.53333336 0.49411765 0.5058824 ]  [0.5372549  0.49803922 0.50980395]  ...  [0.01176471 0.00784314 0.00392157]  [0.01568628 0.01176471 0.00392157]  [0.02352941 0.01960784 0.01176471]] [[0.5411765  0.5019608  0.5137255 ]  [0.5372549  0.49803922 0.50980395]  [0.53333336 0.49411765 0.5058824 ]  ...  [0.01960784 0.01176471 0.        ]  [0.02352941 0.01568628 0.00784314]  [0.02352941 0.01568628 0.00784314]] [[0.5411765  0.5019608  0.5137255 ]  [0.5372549  0.5019608  0.50980395]  [0.5254902  0.4862745  0.49803922]  ...  [0.01568628 0.00784314 0.        ]  [0.01960784 0.01176471 0.00392157]  [0.01960784 0.01176471 0.00392157]] ... [[0.         0.00784314 0.        ]  [0.         0.00784314 0.        ]  [0.         0.00784314 0.        ]  ...  [0.14509805 0.13725491 0.11372549]  [0.14509805 0.13725491 0.11372549]  [0.14117648 0.13333334 0.10980392]] [[0.         0.00784314 0.        ]  [0.         0.00784314 0.        ]  [0.         0.00784314 0.        ]  ...  [0.14509805 0.13725491 0.11372549]  [0.14117648 0.13333334 0.10980392]  [0.13725491 0.12941177 0.10588235]] [[0.         0.00392157 0.        ]  [0.         0.00392157 0.        ]  [0.         0.00392157 0.        ]  ...  [0.14117648 0.13333334 0.10980392]  [0.13725491 0.12941177 0.10588235]  [0.13725491 0.12941177 0.10588235]]]",4.476809932210017,28128,/home/amos/media/tv/Carnivale S01-S02 web 10bit hevc-d3g/Carnivale S02/Carnivale.S02E10.1080p.WEBRip.10Bit.EAC3.H265-d3g.mkv417,1080,1920,0,289,77,1148,289,182108,0.088,"[[[0.1254902  0.11372549 0.07843138]  [0.13725491 0.12156863 0.08627451]  [0.14117648 0.1254902  0.09019608]  ...  [0.         0.         0.        ]  [0.         0.         0.        ]  [0.         0.         0.        ]] [[0.12156863 0.10980392 0.07843138]  [0.13333334 0.11764706 0.08627451]  [0.14117648 0.1254902  0.08627451]  ...  [0.         0.         0.        ]  [0.         0.         0.        ]  [0.         0.         0.        ]] [[0.12156863 0.10980392 0.07843138]  [0.13333334 0.11764706 0.08627451]  [0.14117648 0.1254902  0.09019608]  ...  [0.         0.         0.        ]  [0.         0.         0.        ]  [0.         0.         0.        ]] ... [[0.         0.         0.        ]  [0.         0.         0.        ]  [0.         0.         0.        ]  ...  [0.10196079 0.07843138 0.05882353]  [0.13725491 0.11372549 0.09411765]  [0.15686275 0.14117648 0.11372549]] [[0.         0.         0.        ]  [0.         0.         0.        ]  [0.         0.         0.        ]  ...  [0.14509805 0.12156863 0.09803922]  [0.16862746 0.14509805 0.1254902 ]  [0.1764706  0.16078432 0.13333334]] [[0.         0.         0.        ]  [0.         0.         0.        ]  [0.         0.         0.        ]  ...  [0.18039216 0.15686275 0.13333334]  [0.1882353  0.17254902 0.14509805]  [0.1882353  0.17254902 0.14117648]]]",5.037672001228202,28176,/home/amos/media/tv/Carnivale S01-S02 web 10bit hevc-d3g/Carnivale S02/Carnivale.S02E10.1080p.WEBRip.10Bit.EAC3.H265-d3g.mkv418,1080,1920,0,99,225,923,99,103824,0.05,"[[[0.35686275 0.2627451  0.23529412]  [0.36862746 0.27058825 0.24705882]  [0.40392157 0.29803923 0.27450982]  ...  [0.29411766 0.18039216 0.15294118]  [0.2901961  0.1764706  0.14901961]  [0.2901961  0.1764706  0.14901961]] [[0.36078432 0.26666668 0.23921569]  [0.3764706  0.27450982 0.2509804 ]  [0.40784314 0.3019608  0.2784314 ]  ...  [0.29411766 0.18039216 0.15294118]  [0.2901961  0.1764706  0.14901961]  [0.2901961  0.1764706  0.14901961]] [[0.3764706  0.2784314  0.25490198]  [0.3882353  0.28627452 0.2627451 ]  [0.41960785 0.30980393 0.2901961 ]  ...  [0.29803923 0.18431373 0.15686275]  [0.29411766 0.18039216 0.15294118]  [0.2901961  0.18039216 0.15294118]] ... [[0.1764706  0.14117648 0.09803922]  [0.1764706  0.14117648 0.09803922]  [0.1764706  0.14117648 0.09803922]  ...  [0.30980393 0.21176471 0.16862746]  [0.3019608  0.20784314 0.16078432]  [0.3019608  0.20392157 0.16078432]] [[0.1764706  0.14117648 0.09803922]  [0.1764706  0.14117648 0.09803922]  [0.1764706  0.14117648 0.09803922]  ...  [0.30588236 0.20392157 0.16078432]  [0.3019608  0.2        0.15686275]  [0.29803923 0.2        0.15686275]] [[0.1764706  0.14117648 0.09803922]  [0.1764706  0.14117648 0.09803922]  [0.1764706  0.14117648 0.09803922]  ...  [0.3019608  0.20392157 0.16078432]  [0.29803923 0.2        0.15686275]  [0.29803923 0.2        0.15686275]]]",2.5286610008915886,28224,/home/amos/media/tv/Carnivale S01-S02 web 10bit hevc-d3g/Carnivale S02/Carnivale.S02E10.1080p.WEBRip.10Bit.EAC3.H265-d3g.mkv419,1080,1920,0,261,102,1094,261,132447,0.064,"[[[0.25882354 0.19607843 0.15294118]  [0.24705882 0.18431373 0.14117648]  [0.24313726 0.18431373 0.13725491]  ...  [0.05490196 0.01176471 0.01176471]  [0.04313726 0.00392157 0.00392157]  [0.02745098 0.         0.        ]] [[0.25882354 0.19607843 0.15294118]  [0.2509804  0.1882353  0.14509805]  [0.25490198 0.19215687 0.14901961]  ...  [0.06666667 0.02352941 0.02352941]  [0.04705882 0.00784314 0.00784314]  [0.03529412 0.00392157 0.        ]] [[0.2627451  0.2        0.15686275]  [0.26666668 0.2        0.16078432]  [0.2784314  0.21176471 0.16862746]  ...  [0.07450981 0.03529412 0.03529412]  [0.05490196 0.01568628 0.01568628]  [0.03921569 0.00392157 0.00392157]] ... [[0.41960785 0.36862746 0.35686275]  [0.4117647  0.36078432 0.34901962]  [0.39607844 0.34509805 0.33333334]  ...  [0.18431373 0.1254902  0.09411765]  [0.2        0.12941177 0.10196079]  [0.21176471 0.14117648 0.10980392]] [[0.43529412 0.38431373 0.37254903]  [0.41960785 0.36862746 0.35686275]  [0.4        0.34901962 0.3372549 ]  ...  [0.2        0.12941177 0.10196079]  [0.21176471 0.14117648 0.11372549]  [0.22352941 0.14901961 0.12156863]] [[0.4392157  0.39215687 0.38039216]  [0.42745098 0.3764706  0.3647059 ]  [0.4        0.34901962 0.3372549 ]  ...  [0.20784314 0.13725491 0.10588235]  [0.21960784 0.14509805 0.11764706]  [0.21960784 0.14901961 0.11764706]]]",0.5548529576626606,28320,/home/amos/media/tv/Carnivale S01-S02 web 10bit hevc-d3g/Carnivale S02/Carnivale.S02E10.1080p.WEBRip.10Bit.EAC3.H265-d3g.mkv420,1080,1920,0,263,113,1075,263,121800,0.059,"[[[0.24313726 0.1764706  0.13333334]  [0.24705882 0.18039216 0.13725491]  [0.24313726 0.18039216 0.13725491]  ...  [0.01568628 0.         0.        ]  [0.00784314 0.         0.        ]  [0.00392157 0.         0.        ]] [[0.24705882 0.18431373 0.13725491]  [0.24705882 0.18431373 0.13725491]  [0.24313726 0.18039216 0.13725491]  ...  [0.01960784 0.         0.        ]  [0.00784314 0.         0.        ]  [0.00392157 0.         0.        ]] [[0.2509804  0.1882353  0.14117648]  [0.2509804  0.1882353  0.14117648]  [0.24705882 0.18431373 0.13725491]  ...  [0.02352941 0.         0.        ]  [0.01176471 0.         0.        ]  [0.00392157 0.         0.        ]] ... [[0.3529412  0.3019608  0.2901961 ]  [0.36078432 0.30980393 0.29803923]  [0.36078432 0.3137255  0.29803923]  ...  [0.18431373 0.1254902  0.09411765]  [0.18431373 0.12941177 0.09803922]  [0.19607843 0.14117648 0.10980392]] [[0.34509805 0.29411766 0.28235295]  [0.3529412  0.3019608  0.2901961 ]  [0.35686275 0.30588236 0.2901961 ]  ...  [0.18431373 0.12941177 0.09411765]  [0.1882353  0.13333334 0.10196079]  [0.2        0.14509805 0.11372549]] [[0.3372549  0.28627452 0.27450982]  [0.34509805 0.29411766 0.28235295]  [0.34509805 0.29411766 0.28235295]  ...  [0.18431373 0.1254902  0.09411765]  [0.1882353  0.13333334 0.09803922]  [0.19607843 0.14117648 0.10980392]]]",1.9009841036167927,28392,/home/amos/media/tv/Carnivale S01-S02 web 10bit hevc-d3g/Carnivale S02/Carnivale.S02E10.1080p.WEBRip.10Bit.EAC3.H265-d3g.mkv421,1080,1920,0,129,861,1283,129,844728,0.407,"[[[0.00392157 0.         0.        ]  [0.00392157 0.         0.        ]  [0.00392157 0.         0.        ]  ...  [0.04705882 0.03137255 0.01176471]  [0.04705882 0.03529412 0.01568628]  [0.05098039 0.03529412 0.01568628]] [[0.00392157 0.         0.        ]  [0.00392157 0.         0.        ]  [0.00392157 0.         0.        ]  ...  [0.05098039 0.03529412 0.01568628]  [0.05098039 0.03529412 0.01568628]  [0.05098039 0.03529412 0.01568628]] [[0.         0.         0.        ]  [0.         0.         0.        ]  [0.         0.         0.        ]  ...  [0.05490196 0.03921569 0.01960784]  [0.05490196 0.03921569 0.01960784]  [0.05490196 0.03921569 0.01960784]] ... [[0.         0.         0.        ]  [0.         0.         0.        ]  [0.         0.         0.        ]  ...  [0.29803923 0.19607843 0.17254902]  [0.29803923 0.19607843 0.17254902]  [0.29803923 0.19607843 0.17254902]] [[0.         0.         0.        ]  [0.         0.         0.        ]  [0.         0.         0.        ]  ...  [0.30588236 0.20392157 0.18431373]  [0.30980393 0.20784314 0.1882353 ]  [0.30980393 0.20784314 0.1882353 ]] [[0.         0.         0.        ]  [0.         0.         0.        ]  [0.         0.         0.        ]  ...  [0.3137255  0.21176471 0.19215687]  [0.31764707 0.21568628 0.19607843]  [0.31764707 0.21568628 0.19607843]]]",0.7743949820869602,28416,/home/amos/media/tv/Carnivale S01-S02 web 10bit hevc-d3g/Carnivale S02/Carnivale.S02E10.1080p.WEBRip.10Bit.EAC3.H265-d3g.mkv422,1080,1920,0,71,203,1396,71,174900,0.084,"[[[0.09411765 0.05882353 0.03137255]  [0.09411765 0.05882353 0.03137255]  [0.09411765 0.05882353 0.03137255]  ...  [0.         0.         0.        ]  [0.         0.         0.        ]  [0.         0.         0.        ]] [[0.09411765 0.05882353 0.03137255]  [0.09411765 0.05882353 0.03137255]  [0.09411765 0.05882353 0.03137255]  ...  [0.         0.         0.        ]  [0.         0.         0.        ]  [0.         0.         0.        ]] [[0.09019608 0.05490196 0.02745098]  [0.09019608 0.05490196 0.02745098]  [0.09019608 0.05490196 0.02745098]  ...  [0.         0.         0.        ]  [0.         0.         0.        ]  [0.         0.         0.        ]] ... [[0.23529412 0.13333334 0.10980392]  [0.23529412 0.13333334 0.10980392]  [0.23137255 0.12941177 0.10588235]  ...  [0.14901961 0.10980392 0.09411765]  [0.14901961 0.10980392 0.09411765]  [0.         0.         0.        ]] [[0.23529412 0.13333334 0.10980392]  [0.23529412 0.13333334 0.10980392]  [0.23137255 0.12941177 0.10588235]  ...  [0.14901961 0.10980392 0.09411765]  [0.14901961 0.10980392 0.09411765]  [0.         0.         0.        ]] [[0.         0.         0.        ]  [0.         0.         0.        ]  [0.         0.         0.        ]  ...  [0.         0.         0.        ]  [0.         0.         0.        ]  [0.         0.         0.        ]]]",3.3595122072147205,28464,/home/amos/media/tv/Carnivale S01-S02 web 10bit hevc-d3g/Carnivale S02/Carnivale.S02E10.1080p.WEBRip.10Bit.EAC3.H265-d3g.mkv423,1080,1920,0,111,876,1286,111,898875,0.433,"[[[0.         0.         0.        ]  [0.         0.         0.        ]  [0.         0.         0.        ]  ...  [0.20784314 0.13725491 0.10196079]  [0.20784314 0.13725491 0.10196079]  [0.         0.         0.        ]] [[0.         0.         0.        ]  [0.         0.         0.        ]  [0.         0.         0.        ]  ...  [0.20784314 0.13725491 0.10588235]  [0.20784314 0.13725491 0.10196079]  [0.         0.         0.        ]] [[0.         0.         0.        ]  [0.         0.         0.        ]  [0.         0.         0.        ]  ...  [0.21176471 0.14117648 0.10980392]  [0.21176471 0.14117648 0.10588235]  [0.         0.         0.        ]] ... [[0.         0.         0.        ]  [0.         0.         0.        ]  [0.         0.         0.        ]  ...  [0.25490198 0.17254902 0.14117648]  [0.25490198 0.17254902 0.14117648]  [0.         0.         0.        ]] [[0.         0.         0.        ]  [0.         0.         0.        ]  [0.         0.         0.        ]  ...  [0.25490198 0.17254902 0.14117648]  [0.25490198 0.17254902 0.14117648]  [0.         0.         0.        ]] [[0.         0.         0.        ]  [0.         0.         0.        ]  [0.         0.         0.        ]  ...  [0.         0.         0.        ]  [0.         0.         0.        ]  [0.         0.         0.        ]]]",4.57803200109629,28488,/home/amos/media/tv/Carnivale S01-S02 web 10bit hevc-d3g/Carnivale S02/Carnivale.S02E10.1080p.WEBRip.10Bit.EAC3.H265-d3g.mkv424,1080,1920,0,102,880,1291,102,925042,0.446,"[[[0.         0.         0.        ]  [0.         0.         0.        ]  [0.         0.         0.        ]  ...  [0.21568628 0.14117648 0.10588235]  [0.21568628 0.14509805 0.10588235]  [0.21568628 0.14509805 0.10588235]] [[0.         0.         0.        ]  [0.         0.         0.        ]  [0.         0.         0.        ]  ...  [0.21568628 0.14117648 0.10588235]  [0.21568628 0.14509805 0.10588235]  [0.21568628 0.14509805 0.10588235]] [[0.         0.         0.        ]  [0.         0.         0.        ]  [0.         0.         0.        ]  ...  [0.21960784 0.14509805 0.10980392]  [0.21960784 0.14509805 0.10980392]  [0.21568628 0.14509805 0.10980392]] ... [[0.         0.         0.        ]  [0.         0.         0.        ]  [0.         0.         0.        ]  ...  [0.25490198 0.16470589 0.13333334]  [0.2509804  0.16078432 0.12941177]  [0.2509804  0.16078432 0.12941177]] [[0.         0.         0.        ]  [0.         0.         0.        ]  [0.         0.         0.        ]  ...  [0.25490198 0.16470589 0.13333334]  [0.2509804  0.16078432 0.12941177]  [0.2509804  0.16078432 0.12941177]] [[0.         0.         0.        ]  [0.         0.         0.        ]  [0.         0.         0.        ]  ...  [0.25490198 0.16470589 0.13333334]  [0.2509804  0.16078432 0.12941177]  [0.2509804  0.16078432 0.12941177]]]",1.9739200495532714,28512,/home/amos/media/tv/Carnivale S01-S02 web 10bit hevc-d3g/Carnivale S02/Carnivale.S02E10.1080p.WEBRip.10Bit.EAC3.H265-d3g.mkv425,1080,1920,0,52,142,612,52,50400,0.024,"[[[0.16078432 0.07058824 0.03921569]  [0.16078432 0.07058824 0.03921569]  [0.16078432 0.07058824 0.03921569]  ...  [0.30588236 0.19607843 0.16470589]  [0.30588236 0.19607843 0.16470589]  [0.30588236 0.19607843 0.16470589]] [[0.16078432 0.07058824 0.03921569]  [0.16078432 0.07058824 0.03921569]  [0.16078432 0.07058824 0.03921569]  ...  [0.30588236 0.19607843 0.16470589]  [0.30588236 0.19607843 0.16470589]  [0.30588236 0.19607843 0.16470589]] [[0.16078432 0.07058824 0.03921569]  [0.16078432 0.07058824 0.03921569]  [0.16078432 0.07058824 0.03921569]  ...  [0.30588236 0.19607843 0.16470589]  [0.30588236 0.19607843 0.16470589]  [0.30588236 0.19607843 0.16470589]] ... [[0.3882353  0.23529412 0.20392157]  [0.3882353  0.23529412 0.20392157]  [0.3882353  0.23529412 0.20784314]  ...  [0.40392157 0.2627451  0.23529412]  [0.40392157 0.2627451  0.23529412]  [0.40392157 0.2627451  0.23529412]] [[0.3882353  0.23529412 0.20784314]  [0.3882353  0.23529412 0.20784314]  [0.3882353  0.23529412 0.20784314]  ...  [0.40392157 0.2627451  0.23529412]  [0.40392157 0.2627451  0.23529412]  [0.40392157 0.2627451  0.23529412]] [[0.3882353  0.23529412 0.20784314]  [0.3882353  0.23529412 0.20784314]  [0.3882353  0.23529412 0.20784314]  ...  [0.40392157 0.2627451  0.23529412]  [0.40392157 0.2627451  0.23529412]  [0.40392157 0.2627451  0.23529412]]]",5.41455913084792,28560,/home/amos/media/tv/Carnivale S01-S02 web 10bit hevc-d3g/Carnivale S02/Carnivale.S02E10.1080p.WEBRip.10Bit.EAC3.H265-d3g.mkv426,1080,1920,0,253,47,592,253,69834,0.034,"[[[0.03137255 0.01176471 0.        ]  [0.03529412 0.01568628 0.00392157]  [0.03529412 0.01568628 0.00392157]  ...  [0.07450981 0.03921569 0.01176471]  [0.07450981 0.03921569 0.01176471]  [0.07450981 0.03921569 0.01176471]] [[0.03137255 0.01176471 0.        ]  [0.03529412 0.01568628 0.00392157]  [0.03529412 0.01568628 0.00392157]  ...  [0.07450981 0.03921569 0.01176471]  [0.07450981 0.03921569 0.01176471]  [0.07450981 0.03921569 0.01176471]] [[0.03137255 0.01176471 0.        ]  [0.03529412 0.01568628 0.00392157]  [0.03137255 0.01176471 0.        ]  ...  [0.07450981 0.03921569 0.01176471]  [0.07450981 0.03921569 0.01176471]  [0.07450981 0.03921569 0.01176471]] ... [[0.01176471 0.         0.        ]  [0.01176471 0.         0.        ]  [0.01568628 0.         0.        ]  ...  [0.09019608 0.05882353 0.03137255]  [0.09019608 0.05882353 0.03137255]  [0.09019608 0.05882353 0.03137255]] [[0.01176471 0.         0.        ]  [0.01176471 0.         0.        ]  [0.01176471 0.         0.        ]  ...  [0.09803922 0.0627451  0.03529412]  [0.09803922 0.0627451  0.03529412]  [0.09411765 0.05882353 0.03137255]] [[0.01176471 0.         0.        ]  [0.01176471 0.         0.        ]  [0.01176471 0.         0.        ]  ...  [0.09803922 0.0627451  0.03137255]  [0.09803922 0.0627451  0.03137255]  [0.09803922 0.0627451  0.03137255]]]",4.739195020694751,28608,/home/amos/media/tv/Carnivale S01-S02 web 10bit hevc-d3g/Carnivale S02/Carnivale.S02E10.1080p.WEBRip.10Bit.EAC3.H265-d3g.mkv427,1080,1920,0,237,62,594,237,62475,0.03,"[[[0.01568628 0.         0.        ]  [0.01568628 0.         0.        ]  [0.01960784 0.         0.        ]  ...  [0.04705882 0.02352941 0.00392157]  [0.05098039 0.02745098 0.00784314]  [0.0627451  0.03529412 0.01568628]] [[0.01568628 0.         0.        ]  [0.01960784 0.00392157 0.        ]  [0.02352941 0.00392157 0.        ]  ...  [0.04705882 0.02352941 0.00392157]  [0.05098039 0.02745098 0.00784314]  [0.0627451  0.03529412 0.01568628]] [[0.02745098 0.00784314 0.        ]  [0.02745098 0.00784314 0.        ]  [0.02745098 0.00784314 0.        ]  ...  [0.04705882 0.02352941 0.00392157]  [0.05098039 0.02745098 0.00784314]  [0.0627451  0.03529412 0.01568628]] ... [[0.01960784 0.00392157 0.        ]  [0.01568628 0.         0.        ]  [0.01568628 0.         0.        ]  ...  [0.07058824 0.03921569 0.01568628]  [0.07058824 0.03921569 0.01568628]  [0.07058824 0.03921569 0.01176471]] [[0.01960784 0.00392157 0.        ]  [0.01568628 0.         0.        ]  [0.01568628 0.         0.        ]  ...  [0.07450981 0.04313726 0.01960784]  [0.07450981 0.04313726 0.01960784]  [0.07450981 0.04313726 0.01568628]] [[0.01960784 0.00392157 0.        ]  [0.01568628 0.         0.        ]  [0.01568628 0.         0.        ]  ...  [0.07843138 0.04705882 0.02352941]  [0.07843138 0.04705882 0.02352941]  [0.07843138 0.04705882 0.01960784]]]",5.2915990652982146,28632,/home/amos/media/tv/Carnivale S01-S02 web 10bit hevc-d3g/Carnivale S02/Carnivale.S02E10.1080p.WEBRip.10Bit.EAC3.H265-d3g.mkv428,1080,1920,0,105,116,536,105,4741,0.002,"[[[0.02745098 0.01176471 0.        ]  [0.02745098 0.01176471 0.        ]  [0.02745098 0.01176471 0.        ]  ...  [0.6        0.39215687 0.36862746]  [0.6039216  0.39607844 0.37254903]  [0.6039216  0.4        0.37254903]] [[0.02745098 0.01176471 0.        ]  [0.02745098 0.01176471 0.        ]  [0.02745098 0.01176471 0.        ]  ...  [0.6039216  0.39607844 0.37254903]  [0.6039216  0.4        0.37254903]  [0.6039216  0.4        0.37254903]] [[0.02745098 0.01176471 0.        ]  [0.02745098 0.01176471 0.        ]  [0.02745098 0.01176471 0.        ]  ...  [0.60784316 0.4        0.3764706 ]  [0.60784316 0.40392157 0.3764706 ]  [0.60784316 0.40392157 0.3764706 ]] ... [[0.02352941 0.00392157 0.        ]  [0.02352941 0.00392157 0.        ]  [0.02352941 0.00392157 0.        ]  ...  [0.69803923 0.4627451  0.44705883]  [0.6901961  0.45490196 0.44313726]  [0.6901961  0.45490196 0.44313726]] [[0.02352941 0.00392157 0.        ]  [0.02352941 0.00392157 0.        ]  [0.02352941 0.00392157 0.        ]  ...  [0.7019608  0.46666667 0.4509804 ]  [0.69803923 0.4627451  0.4509804 ]  [0.69411767 0.45882353 0.44705883]] [[0.02352941 0.00392157 0.        ]  [0.02352941 0.00392157 0.        ]  [0.02352941 0.00392157 0.        ]  ...  [0.7019608  0.46666667 0.4509804 ]  [0.69803923 0.4627451  0.4509804 ]  [0.69803923 0.4627451  0.4509804 ]]]",2.170241060841363,28776,/home/amos/media/tv/Carnivale S01-S02 web 10bit hevc-d3g/Carnivale S02/Carnivale.S02E10.1080p.WEBRip.10Bit.EAC3.H265-d3g.mkv429,1080,1920,0,126,227,627,126,50601,0.024,"[[[0.23529412 0.1254902  0.08627451]  [0.23137255 0.1254902  0.08235294]  [0.22352941 0.1254902  0.07843138]  ...  [0.07058824 0.03529412 0.01568628]  [0.07058824 0.03529412 0.01568628]  [0.07058824 0.03529412 0.01568628]] [[0.23137255 0.12156863 0.07843138]  [0.22352941 0.12156863 0.07450981]  [0.21960784 0.12156863 0.07450981]  ...  [0.07058824 0.03529412 0.01568628]  [0.07058824 0.03529412 0.01568628]  [0.07058824 0.03529412 0.01568628]] [[0.21960784 0.10980392 0.06666667]  [0.21568628 0.10980392 0.06666667]  [0.21176471 0.10980392 0.0627451 ]  ...  [0.07450981 0.03921569 0.01960784]  [0.07450981 0.03921569 0.01960784]  [0.07450981 0.03921569 0.01960784]] ... [[0.03921569 0.02352941 0.00392157]  [0.03921569 0.02352941 0.00392157]  [0.03921569 0.02352941 0.00392157]  ...  [0.00784314 0.01176471 0.00392157]  [0.01176471 0.01568628 0.00784314]  [0.01176471 0.01568628 0.00784314]] [[0.03529412 0.02352941 0.        ]  [0.03529412 0.02352941 0.        ]  [0.03529412 0.02352941 0.00392157]  ...  [0.01568628 0.01960784 0.01176471]  [0.01568628 0.01960784 0.01176471]  [0.01568628 0.01960784 0.01176471]] [[0.03529412 0.02352941 0.        ]  [0.03529412 0.02352941 0.        ]  [0.03529412 0.02352941 0.00392157]  ...  [0.01960784 0.02352941 0.01568628]  [0.01960784 0.02352941 0.01568628]  [0.01960784 0.02352941 0.01568628]]]",6.912366108444985,29136,/home/amos/media/tv/Carnivale S01-S02 web 10bit hevc-d3g/Carnivale S02/Carnivale.S02E10.1080p.WEBRip.10Bit.EAC3.H265-d3g.mkv430,1080,1920,1,116,630,352,116,121304,0.058,"[[[0.         0.         0.        ]  [0.         0.         0.        ]  [0.         0.         0.        ]  ...  [0.14117648 0.10980392 0.10588235]  [0.14509805 0.11372549 0.10980392]  [0.14901961 0.11764706 0.11372549]] [[0.         0.         0.        ]  [0.         0.         0.        ]  [0.         0.         0.        ]  ...  [0.14117648 0.10980392 0.10588235]  [0.14509805 0.11372549 0.10980392]  [0.14509805 0.11372549 0.10980392]] [[0.         0.         0.        ]  [0.         0.         0.        ]  [0.         0.         0.        ]  ...  [0.13725491 0.10588235 0.10196079]  [0.14117648 0.10980392 0.10588235]  [0.14117648 0.10980392 0.10588235]] ... [[0.         0.         0.        ]  [0.         0.         0.        ]  [0.         0.         0.        ]  ...  [0.21960784 0.18039216 0.20392157]  [0.21960784 0.18431373 0.20784314]  [0.21960784 0.18431373 0.20784314]] [[0.         0.         0.        ]  [0.         0.         0.        ]  [0.         0.         0.        ]  ...  [0.22352941 0.1882353  0.20784314]  [0.22352941 0.1882353  0.21176471]  [0.22352941 0.1882353  0.21176471]] [[0.         0.         0.        ]  [0.         0.         0.        ]  [0.         0.         0.        ]  ...  [0.22352941 0.1882353  0.21176471]  [0.22745098 0.19215687 0.21568628]  [0.22745098 0.19215687 0.21568628]]]",2.808703096525278,29136,/home/amos/media/tv/Carnivale S01-S02 web 10bit hevc-d3g/Carnivale S02/Carnivale.S02E10.1080p.WEBRip.10Bit.EAC3.H265-d3g.mkv431,1080,1920,0,118,653,336,118,116630,0.056,"[[[0.03529412 0.02745098 0.01568628]  [0.03529412 0.02745098 0.01568628]  [0.03137255 0.02352941 0.01176471]  ...  [0.18039216 0.14901961 0.15686275]  [0.18431373 0.15294118 0.16078432]  [0.1882353  0.15686275 0.16470589]] [[0.03529412 0.02745098 0.01568628]  [0.03529412 0.02745098 0.01568628]  [0.03137255 0.02352941 0.01176471]  ...  [0.18039216 0.14901961 0.15686275]  [0.18431373 0.15294118 0.16078432]  [0.1882353  0.15686275 0.16470589]] [[0.03529412 0.02745098 0.01568628]  [0.03529412 0.02352941 0.01568628]  [0.03137255 0.02352941 0.01176471]  ...  [0.1764706  0.14901961 0.15294118]  [0.18039216 0.14901961 0.16078432]  [0.18431373 0.15294118 0.16078432]] ... [[0.01960784 0.01568628 0.00392157]  [0.01568628 0.01176471 0.00392157]  [0.00784314 0.00784314 0.        ]  ...  [0.22352941 0.1882353  0.20392157]  [0.22745098 0.19215687 0.20784314]  [0.22745098 0.19215687 0.20784314]] [[0.01960784 0.01568628 0.00392157]  [0.01568628 0.01176471 0.        ]  [0.00784314 0.00392157 0.        ]  ...  [0.22745098 0.19215687 0.20784314]  [0.22745098 0.19215687 0.21176471]  [0.23137255 0.19215687 0.21176471]] [[0.01960784 0.01568628 0.00392157]  [0.01568628 0.01176471 0.00392157]  [0.00784314 0.00392157 0.        ]  ...  [0.23137255 0.19607843 0.21176471]  [0.23137255 0.19607843 0.21176471]  [0.23137255 0.19607843 0.21176471]]]",4.192874172411393,29184,/home/amos/media/tv/Carnivale S01-S02 web 10bit hevc-d3g/Carnivale S02/Carnivale.S02E10.1080p.WEBRip.10Bit.EAC3.H265-d3g.mkv432,1080,1920,0,126,194,564,126,29784,0.014,"[[[0.46666667 0.2784314  0.24705882]  [0.47058824 0.28235295 0.2509804 ]  [0.47843137 0.2901961  0.25882354]  ...  [0.07058824 0.02352941 0.00784314]  [0.07058824 0.02352941 0.00784314]  [0.07058824 0.02352941 0.00784314]] [[0.48235294 0.29411766 0.2627451 ]  [0.4862745  0.29803923 0.26666668]  [0.49411765 0.30588236 0.27450982]  ...  [0.07058824 0.02352941 0.00784314]  [0.07058824 0.02352941 0.00784314]  [0.07058824 0.02352941 0.00784314]] [[0.50980395 0.31764707 0.28627452]  [0.5176471  0.3254902  0.29411766]  [0.5254902  0.33333334 0.3019608 ]  ...  [0.06666667 0.02352941 0.00784314]  [0.06666667 0.02352941 0.00784314]  [0.06666667 0.02352941 0.00784314]] ... [[0.02745098 0.01176471 0.00392157]  [0.02745098 0.01176471 0.00392157]  [0.03137255 0.01568628 0.00784314]  ...  [0.32156864 0.20784314 0.1764706 ]  [0.3137255  0.2        0.16862746]  [0.30980393 0.19607843 0.16470589]] [[0.02745098 0.01176471 0.00392157]  [0.02745098 0.01176471 0.00392157]  [0.03137255 0.01568628 0.00784314]  ...  [0.3137255  0.2        0.17254902]  [0.30588236 0.19215687 0.16078432]  [0.29803923 0.18431373 0.15686275]] [[0.02745098 0.01176471 0.00392157]  [0.02745098 0.01176471 0.00392157]  [0.03137255 0.01568628 0.00784314]  ...  [0.30980393 0.19607843 0.17254902]  [0.3019608  0.1882353  0.16078432]  [0.29411766 0.18039216 0.15294118]]]",0.6747639814275317,29208,/home/amos/media/tv/Carnivale S01-S02 web 10bit hevc-d3g/Carnivale S02/Carnivale.S02E10.1080p.WEBRip.10Bit.EAC3.H265-d3g.mkv433,1080,1920,1,134,233,582,134,44352,0.021,"[[[0.2        0.09803922 0.05882353]  [0.2        0.09803922 0.05882353]  [0.2        0.09803922 0.05882353]  ...  [0.05490196 0.02745098 0.01176471]  [0.05490196 0.02745098 0.01176471]  [0.05490196 0.02745098 0.01176471]] [[0.20392157 0.09803922 0.0627451 ]  [0.20392157 0.10196079 0.0627451 ]  [0.20784314 0.10196079 0.06666667]  ...  [0.05490196 0.02352941 0.01176471]  [0.05490196 0.02352941 0.01176471]  [0.05490196 0.02352941 0.01176471]] [[0.21176471 0.10196079 0.07058824]  [0.21568628 0.10588235 0.07450981]  [0.21960784 0.10980392 0.07843138]  ...  [0.05490196 0.02352941 0.01176471]  [0.05490196 0.02352941 0.01176471]  [0.05490196 0.02352941 0.01176471]] ... [[0.04705882 0.03921569 0.01960784]  [0.04705882 0.03921569 0.01960784]  [0.04705882 0.03921569 0.01960784]  ...  [0.03921569 0.03921569 0.03137255]  [0.03921569 0.03921569 0.03137255]  [0.03921569 0.03921569 0.03137255]] [[0.04705882 0.03921569 0.01960784]  [0.04705882 0.03921569 0.01960784]  [0.04705882 0.03921569 0.01960784]  ...  [0.03921569 0.03921569 0.03137255]  [0.03921569 0.03921569 0.03137255]  [0.03921569 0.03921569 0.03137255]] [[0.04705882 0.03921569 0.01960784]  [0.04705882 0.03921569 0.01960784]  [0.04705882 0.03921569 0.01960784]  ...  [0.03921569 0.03921569 0.03137255]  [0.03921569 0.03921569 0.03137255]  [0.03921569 0.03921569 0.03137255]]]",3.6075931111117825,29208,/home/amos/media/tv/Carnivale S01-S02 web 10bit hevc-d3g/Carnivale S02/Carnivale.S02E10.1080p.WEBRip.10Bit.EAC3.H265-d3g.mkv434,1080,1920,2,114,655,344,114,124430,0.06,"[[[0.00392157 0.         0.        ]  [0.00392157 0.         0.        ]  [0.00392157 0.         0.        ]  ...  [0.14509805 0.11764706 0.12156863]  [0.14901961 0.12156863 0.1254902 ]  [0.14901961 0.12156863 0.1254902 ]] [[0.00392157 0.         0.        ]  [0.00392157 0.         0.        ]  [0.00392157 0.         0.        ]  ...  [0.14509805 0.11764706 0.12156863]  [0.14509805 0.11764706 0.12156863]  [0.14509805 0.12156863 0.1254902 ]] [[0.00784314 0.         0.        ]  [0.00392157 0.         0.        ]  [0.00392157 0.         0.        ]  ...  [0.14117648 0.11372549 0.11764706]  [0.14509805 0.11764706 0.12156863]  [0.14509805 0.11764706 0.12156863]] ... [[0.         0.         0.        ]  [0.         0.         0.        ]  [0.         0.         0.        ]  ...  [0.16078432 0.12941177 0.14509805]  [0.16470589 0.13333334 0.14901961]  [0.16470589 0.13725491 0.15294118]] [[0.         0.         0.        ]  [0.         0.         0.        ]  [0.         0.         0.        ]  ...  [0.16862746 0.13725491 0.15294118]  [0.17254902 0.14117648 0.15686275]  [0.17254902 0.14117648 0.15686275]] [[0.         0.         0.        ]  [0.         0.         0.        ]  [0.         0.         0.        ]  ...  [0.16862746 0.13725491 0.15294118]  [0.17254902 0.14117648 0.15686275]  [0.1764706  0.14509805 0.16078432]]]",2.8790141392382793,29208,/home/amos/media/tv/Carnivale S01-S02 web 10bit hevc-d3g/Carnivale S02/Carnivale.S02E10.1080p.WEBRip.10Bit.EAC3.H265-d3g.mkv435,1080,1920,0,129,200,562,129,30743,0.015,"[[[0.53333336 0.33333334 0.29803923]  [0.5372549  0.3372549  0.3019608 ]  [0.54901963 0.34901962 0.3137255 ]  ...  [0.05490196 0.01960784 0.        ]  [0.05490196 0.01960784 0.        ]  [0.05490196 0.01960784 0.00392157]] [[0.54901963 0.34509805 0.3137255 ]  [0.5529412  0.3529412  0.31764707]  [0.56078434 0.35686275 0.3254902 ]  ...  [0.05490196 0.01960784 0.        ]  [0.05490196 0.01960784 0.        ]  [0.05490196 0.01960784 0.00392157]] [[0.57254905 0.3647059  0.33333334]  [0.5764706  0.36862746 0.3372549 ]  [0.58431375 0.3764706  0.34509805]  ...  [0.05490196 0.01960784 0.        ]  [0.05490196 0.01960784 0.00392157]  [0.05490196 0.01960784 0.00392157]] ... [[0.01960784 0.01176471 0.        ]  [0.01960784 0.01176471 0.        ]  [0.01960784 0.01176471 0.        ]  ...  [0.22745098 0.14509805 0.11372549]  [0.21568628 0.13333334 0.10588235]  [0.20784314 0.12941177 0.10196079]] [[0.01960784 0.00784314 0.        ]  [0.01960784 0.00784314 0.        ]  [0.01960784 0.00784314 0.        ]  ...  [0.22352941 0.14117648 0.10980392]  [0.21176471 0.13333334 0.10196079]  [0.20392157 0.12941177 0.09803922]] [[0.01960784 0.00392157 0.        ]  [0.01960784 0.00392157 0.        ]  [0.01960784 0.00392157 0.        ]  ...  [0.22352941 0.14117648 0.10980392]  [0.20784314 0.13333334 0.10196079]  [0.2        0.12941177 0.09803922]]]",0.8984439800842665,29232,/home/amos/media/tv/Carnivale S01-S02 web 10bit hevc-d3g/Carnivale S02/Carnivale.S02E10.1080p.WEBRip.10Bit.EAC3.H265-d3g.mkv436,1080,1920,0,117,804,1335,117,836766,0.404,"[[[0.01176471 0.00784314 0.        ]  [0.02745098 0.01568628 0.00392157]  [0.0627451  0.03137255 0.01568628]  ...  [0.1882353  0.13333334 0.09411765]  [0.18431373 0.12941177 0.09019608]  [0.18431373 0.12941177 0.09019608]] [[0.01568628 0.00784314 0.00392157]  [0.03137255 0.01960784 0.00784314]  [0.06666667 0.03921569 0.01960784]  ...  [0.1882353  0.13333334 0.09411765]  [0.18431373 0.12941177 0.09019608]  [0.18431373 0.12941177 0.09019608]] [[0.01960784 0.01176471 0.00784314]  [0.03921569 0.02745098 0.01568628]  [0.07843138 0.05098039 0.03137255]  ...  [0.19215687 0.13725491 0.09411765]  [0.1882353  0.13333334 0.09411765]  [0.1882353  0.13333334 0.09411765]] ... [[0.         0.         0.        ]  [0.         0.         0.        ]  [0.         0.         0.        ]  ...  [0.29411766 0.21568628 0.18431373]  [0.29411766 0.21568628 0.18431373]  [0.29803923 0.21960784 0.1882353 ]] [[0.         0.         0.        ]  [0.         0.         0.        ]  [0.         0.         0.        ]  ...  [0.29411766 0.21176471 0.18039216]  [0.29411766 0.21568628 0.18431373]  [0.29803923 0.21568628 0.18431373]] [[0.         0.         0.        ]  [0.         0.         0.        ]  [0.         0.         0.        ]  ...  [0.29411766 0.21176471 0.18039216]  [0.29803923 0.21568628 0.18431373]  [0.29803923 0.21568628 0.18431373]]]",1.7407981943688355,29280,/home/amos/media/tv/Carnivale S01-S02 web 10bit hevc-d3g/Carnivale S02/Carnivale.S02E10.1080p.WEBRip.10Bit.EAC3.H265-d3g.mkv437,1080,1920,0,51,148,507,51,44232,0.021,"[[[0.39607844 0.2784314  0.25490198]  [0.39607844 0.2784314  0.25490198]  [0.39607844 0.2784314  0.25490198]  ...  [0.41568628 0.25882354 0.23137255]  [0.41568628 0.25882354 0.23137255]  [0.41568628 0.25882354 0.23137255]] [[0.39607844 0.2784314  0.25490198]  [0.39607844 0.2784314  0.25490198]  [0.39215687 0.2784314  0.25490198]  ...  [0.41568628 0.25882354 0.23137255]  [0.41568628 0.25882354 0.23137255]  [0.41568628 0.25882354 0.23137255]] [[0.39607844 0.2784314  0.25490198]  [0.39607844 0.2784314  0.25490198]  [0.39607844 0.2784314  0.25490198]  ...  [0.41568628 0.25882354 0.23137255]  [0.41568628 0.25882354 0.23137255]  [0.41568628 0.25882354 0.23137255]] ... [[0.04705882 0.         0.        ]  [0.04705882 0.         0.        ]  [0.05098039 0.         0.        ]  ...  [0.5058824  0.3019608  0.27450982]  [0.5058824  0.3019608  0.27450982]  [0.5058824  0.3019608  0.27450982]] [[0.04705882 0.         0.        ]  [0.04705882 0.         0.        ]  [0.05098039 0.         0.        ]  ...  [0.5058824  0.3019608  0.27450982]  [0.5058824  0.3019608  0.27450982]  [0.5058824  0.3019608  0.27450982]] [[0.04705882 0.         0.        ]  [0.04705882 0.         0.        ]  [0.05098039 0.         0.        ]  ...  [0.5058824  0.3019608  0.27450982]  [0.5058824  0.3019608  0.27450982]  [0.5058824  0.3019608  0.27450982]]]",1.1781161487451755,29424,/home/amos/media/tv/Carnivale S01-S02 web 10bit hevc-d3g/Carnivale S02/Carnivale.S02E10.1080p.WEBRip.10Bit.EAC3.H265-d3g.mkv438,1080,1920,0,71,153,1435,71,111848,0.054,"[[[0.08235294 0.05882353 0.01960784]  [0.08235294 0.05882353 0.01960784]  [0.08235294 0.05882353 0.01960784]  ...  [0.         0.         0.        ]  [0.         0.         0.        ]  [0.         0.         0.        ]] [[0.08235294 0.05882353 0.01960784]  [0.08235294 0.05882353 0.01960784]  [0.08235294 0.05882353 0.01960784]  ...  [0.         0.         0.        ]  [0.         0.         0.        ]  [0.         0.         0.        ]] [[0.07450981 0.05098039 0.01568628]  [0.07450981 0.05098039 0.01568628]  [0.07843138 0.05490196 0.01568628]  ...  [0.         0.         0.        ]  [0.         0.         0.        ]  [0.         0.         0.        ]] ... [[0.1882353  0.09411765 0.07058824]  [0.1882353  0.09411765 0.07058824]  [0.18039216 0.08627451 0.0627451 ]  ...  [0.56078434 0.5058824  0.5176471 ]  [0.56078434 0.5058824  0.5176471 ]  [0.         0.         0.        ]] [[0.1882353  0.09411765 0.07058824]  [0.1882353  0.09411765 0.07058824]  [0.18039216 0.08627451 0.0627451 ]  ...  [0.56078434 0.5058824  0.5176471 ]  [0.56078434 0.5058824  0.5176471 ]  [0.         0.         0.        ]] [[0.         0.         0.        ]  [0.         0.         0.        ]  [0.         0.         0.        ]  ...  [0.         0.         0.        ]  [0.         0.         0.        ]  [0.         0.         0.        ]]]",5.229363169230055,29664,/home/amos/media/tv/Carnivale S01-S02 web 10bit hevc-d3g/Carnivale S02/Carnivale.S02E10.1080p.WEBRip.10Bit.EAC3.H265-d3g.mkv439,1080,1920,0,258,72,613,258,66030,0.032,"[[[0.32156864 0.25882354 0.24313726]  [0.32156864 0.25882354 0.24313726]  [0.30980393 0.24705882 0.23529412]  ...  [0.07450981 0.03921569 0.01176471]  [0.07450981 0.03921569 0.01176471]  [0.07450981 0.03921569 0.01176471]] [[0.32941177 0.26666668 0.2509804 ]  [0.32941177 0.26666668 0.25490198]  [0.3254902  0.25882354 0.24705882]  ...  [0.07450981 0.03921569 0.01176471]  [0.07450981 0.03921569 0.01176471]  [0.07450981 0.03921569 0.01176471]] [[0.3254902  0.2627451  0.24705882]  [0.3254902  0.2627451  0.2509804 ]  [0.3254902  0.2627451  0.2509804 ]  ...  [0.07450981 0.03921569 0.01176471]  [0.07450981 0.03921569 0.01176471]  [0.07450981 0.03921569 0.01176471]] ... [[0.01176471 0.         0.        ]  [0.01176471 0.         0.        ]  [0.01176471 0.         0.        ]  ...  [0.08627451 0.05490196 0.01568628]  [0.08627451 0.05490196 0.01568628]  [0.08627451 0.05490196 0.01568628]] [[0.01568628 0.         0.        ]  [0.01568628 0.         0.        ]  [0.01568628 0.         0.        ]  ...  [0.09019608 0.05882353 0.01960784]  [0.08627451 0.05490196 0.01568628]  [0.08627451 0.05490196 0.01568628]] [[0.01568628 0.         0.        ]  [0.01568628 0.         0.        ]  [0.01568628 0.         0.        ]  ...  [0.09411765 0.0627451  0.02352941]  [0.09019608 0.05882353 0.01960784]  [0.09019608 0.05882353 0.01960784]]]",-0.10085092374356464,29760,/home/amos/media/tv/Carnivale S01-S02 web 10bit hevc-d3g/Carnivale S02/Carnivale.S02E10.1080p.WEBRip.10Bit.EAC3.H265-d3g.mkv440,1080,1920,0,261,69,586,261,62400,0.03,"[[[0.21960784 0.16862746 0.15294118]  [0.23137255 0.18039216 0.16470589]  [0.23529412 0.1882353  0.17254902]  ...  [0.07843138 0.04313726 0.01568628]  [0.07843138 0.04313726 0.01568628]  [0.07843138 0.04313726 0.01568628]] [[0.22745098 0.1764706  0.16078432]  [0.23529412 0.18431373 0.16862746]  [0.23137255 0.18039216 0.16470589]  ...  [0.07843138 0.04313726 0.01568628]  [0.07843138 0.04313726 0.01568628]  [0.07843138 0.04313726 0.01568628]] [[0.23529412 0.18431373 0.16862746]  [0.23921569 0.18431373 0.17254902]  [0.23137255 0.18039216 0.16470589]  ...  [0.07843138 0.04313726 0.01568628]  [0.07843138 0.04313726 0.01568628]  [0.07843138 0.04313726 0.01568628]] ... [[0.03921569 0.02352941 0.00784314]  [0.03921569 0.02352941 0.00784314]  [0.04313726 0.02745098 0.00784314]  ...  [0.08235294 0.04705882 0.01960784]  [0.08235294 0.04705882 0.01960784]  [0.08235294 0.04705882 0.01960784]] [[0.03529412 0.01960784 0.00784314]  [0.03921569 0.02352941 0.00784314]  [0.04313726 0.02745098 0.00784314]  ...  [0.08235294 0.04705882 0.01960784]  [0.08627451 0.05098039 0.02352941]  [0.08627451 0.05098039 0.02352941]] [[0.03529412 0.01960784 0.00784314]  [0.03921569 0.02352941 0.01176471]  [0.04313726 0.02352941 0.00784314]  ...  [0.08627451 0.05098039 0.02352941]  [0.08627451 0.05098039 0.02352941]  [0.08627451 0.05098039 0.02352941]]]",1.8486100042355247,29784,/home/amos/media/tv/Carnivale S01-S02 web 10bit hevc-d3g/Carnivale S02/Carnivale.S02E10.1080p.WEBRip.10Bit.EAC3.H265-d3g.mkv441,1080,1920,0,255,64,641,255,73726,0.036,"[[[0.24705882 0.19215687 0.18039216]  [0.25490198 0.19607843 0.18039216]  [0.25882354 0.2        0.1882353 ]  ...  [0.07843138 0.04313726 0.01568628]  [0.07843138 0.04313726 0.01568628]  [0.07843138 0.04313726 0.01568628]] [[0.25882354 0.20392157 0.19215687]  [0.27450982 0.21568628 0.20392157]  [0.28235295 0.22352941 0.21568628]  ...  [0.07843138 0.04313726 0.01568628]  [0.07843138 0.04313726 0.01568628]  [0.07843138 0.04313726 0.01568628]] [[0.25882354 0.2        0.1882353 ]  [0.27450982 0.21568628 0.20392157]  [0.2901961  0.23137255 0.21960784]  ...  [0.07843138 0.04313726 0.01568628]  [0.07843138 0.04313726 0.01568628]  [0.07843138 0.04313726 0.01568628]] ... [[0.01176471 0.00392157 0.        ]  [0.00392157 0.         0.        ]  [0.         0.         0.        ]  ...  [0.09411765 0.05882353 0.02745098]  [0.09019608 0.05882353 0.02745098]  [0.08627451 0.05882353 0.02352941]] [[0.01176471 0.00392157 0.        ]  [0.00784314 0.         0.        ]  [0.00392157 0.         0.        ]  ...  [0.09411765 0.0627451  0.02745098]  [0.09019608 0.0627451  0.02745098]  [0.09019608 0.0627451  0.02745098]] [[0.01176471 0.00392157 0.        ]  [0.00784314 0.         0.        ]  [0.00392157 0.         0.        ]  ...  [0.09411765 0.0627451  0.02352941]  [0.09019608 0.06666667 0.02352941]  [0.09019608 0.06666667 0.02352941]]]",2.1760931268217973,29832,/home/amos/media/tv/Carnivale S01-S02 web 10bit hevc-d3g/Carnivale S02/Carnivale.S02E10.1080p.WEBRip.10Bit.EAC3.H265-d3g.mkv442,1080,1920,0,127,815,436,127,212592,0.103,"[[[0. 0. 0.]  [0. 0. 0.]  [0. 0. 0.]  ...  [0. 0. 0.]  [0. 0. 0.]  [0. 0. 0.]] [[0. 0. 0.]  [0. 0. 0.]  [0. 0. 0.]  ...  [0. 0. 0.]  [0. 0. 0.]  [0. 0. 0.]] [[0. 0. 0.]  [0. 0. 0.]  [0. 0. 0.]  ...  [0. 0. 0.]  [0. 0. 0.]  [0. 0. 0.]] ... [[0. 0. 0.]  [0. 0. 0.]  [0. 0. 0.]  ...  [0. 0. 0.]  [0. 0. 0.]  [0. 0. 0.]] [[0. 0. 0.]  [0. 0. 0.]  [0. 0. 0.]  ...  [0. 0. 0.]  [0. 0. 0.]  [0. 0. 0.]] [[0. 0. 0.]  [0. 0. 0.]  [0. 0. 0.]  ...  [0. 0. 0.]  [0. 0. 0.]  [0. 0. 0.]]]",1.1992591040907428,29856,/home/amos/media/tv/Carnivale S01-S02 web 10bit hevc-d3g/Carnivale S02/Carnivale.S02E10.1080p.WEBRip.10Bit.EAC3.H265-d3g.mkv443,1080,1920,0,54,156,671,54,62934,0.03,"[[[0.15686275 0.06666667 0.03137255]  [0.15686275 0.06666667 0.03137255]  [0.15686275 0.06666667 0.03137255]  ...  [0.21568628 0.11372549 0.08627451]  [0.21568628 0.11372549 0.08627451]  [0.21568628 0.11372549 0.08627451]] [[0.15686275 0.06666667 0.03137255]  [0.15686275 0.06666667 0.03137255]  [0.15686275 0.06666667 0.03137255]  ...  [0.21568628 0.11372549 0.08627451]  [0.21568628 0.11372549 0.08627451]  [0.21568628 0.11372549 0.08627451]] [[0.15686275 0.06666667 0.03137255]  [0.15686275 0.06666667 0.03137255]  [0.15686275 0.06666667 0.03137255]  ...  [0.21568628 0.11372549 0.08627451]  [0.21568628 0.11372549 0.08627451]  [0.21568628 0.11372549 0.08627451]] ... [[0.2627451  0.10980392 0.08627451]  [0.2627451  0.10980392 0.08627451]  [0.2627451  0.10980392 0.08627451]  ...  [0.34509805 0.23529412 0.20392157]  [0.34509805 0.23529412 0.20392157]  [0.34509805 0.23529412 0.20392157]] [[0.26666668 0.11372549 0.09019608]  [0.26666668 0.11372549 0.09019608]  [0.26666668 0.11372549 0.09019608]  ...  [0.34509805 0.23529412 0.20392157]  [0.34509805 0.23529412 0.20392157]  [0.34509805 0.23529412 0.20392157]] [[0.26666668 0.11372549 0.09019608]  [0.26666668 0.11372549 0.09019608]  [0.26666668 0.11372549 0.09019608]  ...  [0.34509805 0.23529412 0.20392157]  [0.34509805 0.23529412 0.20392157]  [0.34509805 0.23529412 0.20392157]]]",2.5356000688043423,29880,/home/amos/media/tv/Carnivale S01-S02 web 10bit hevc-d3g/Carnivale S02/Carnivale.S02E10.1080p.WEBRip.10Bit.EAC3.H265-d3g.mkv444,1080,1920,0,229,68,839,229,98210,0.047,"[[[0.         0.         0.        ]  [0.16470589 0.13725491 0.10588235]  [0.16862746 0.14117648 0.10980392]  ...  [0.00392157 0.00392157 0.00392157]  [0.00392157 0.00392157 0.00392157]  [0.00392157 0.00392157 0.00392157]] [[0.         0.         0.        ]  [0.14901961 0.12156863 0.09019608]  [0.14901961 0.12156863 0.09019608]  ...  [0.2784314  0.24313726 0.21568628]  [0.27450982 0.23921569 0.21176471]  [0.27450982 0.23921569 0.21176471]] [[0.         0.         0.        ]  [0.13725491 0.10980392 0.07843138]  [0.13725491 0.10980392 0.07843138]  ...  [0.2784314  0.24313726 0.21568628]  [0.27450982 0.23921569 0.21176471]  [0.2784314  0.23921569 0.21176471]] ... [[0.29411766 0.25490198 0.2627451 ]  [0.29411766 0.25490198 0.2627451 ]  [0.28627452 0.24705882 0.25490198]  ...  [0.3137255  0.28627452 0.2509804 ]  [0.30980393 0.28235295 0.24705882]  [0.00392157 0.00392157 0.00392157]] [[0.28627452 0.24705882 0.25490198]  [0.2784314  0.23921569 0.24705882]  [0.27058825 0.23137255 0.23921569]  ...  [0.31764707 0.2901961  0.25490198]  [0.30980393 0.28235295 0.24705882]  [0.00392157 0.00392157 0.00392157]] [[0.00392157 0.00392157 0.00392157]  [0.00392157 0.00392157 0.00392157]  [0.00392157 0.00392157 0.00392157]  ...  [0.30980393 0.28235295 0.24705882]  [0.3137255  0.28627452 0.25490198]  [0.00392157 0.00392157 0.00392157]]]",7.335323029081337,30000,/home/amos/media/tv/Carnivale S01-S02 web 10bit hevc-d3g/Carnivale S02/Carnivale.S02E10.1080p.WEBRip.10Bit.EAC3.H265-d3g.mkv445,1080,1920,0,215,64,852,215,96187,0.046,"[[[0.         0.         0.        ]  [0.         0.         0.        ]  [0.         0.         0.        ]  ...  [0.00392157 0.         0.        ]  [0.00392157 0.         0.        ]  [0.         0.         0.        ]] [[0.14117648 0.11764706 0.09019608]  [0.13333334 0.10980392 0.08627451]  [0.13333334 0.10980392 0.08627451]  ...  [0.00392157 0.         0.        ]  [0.00392157 0.         0.        ]  [0.         0.         0.        ]] [[0.14901961 0.1254902  0.09803922]  [0.14509805 0.12156863 0.09411765]  [0.14117648 0.11764706 0.09019608]  ...  [0.00392157 0.         0.        ]  [0.00392157 0.         0.        ]  [0.         0.         0.        ]] ... [[0.         0.         0.        ]  [0.24313726 0.20784314 0.21568628]  [0.27058825 0.23529412 0.23921569]  ...  [0.2        0.14117648 0.12156863]  [0.23137255 0.19215687 0.16470589]  [0.2784314  0.23921569 0.21176471]] [[0.         0.         0.        ]  [0.24705882 0.21176471 0.21568628]  [0.27450982 0.23921569 0.23921569]  ...  [0.12941177 0.07450981 0.05490196]  [0.16470589 0.12941177 0.10196079]  [0.21960784 0.18431373 0.15686275]] [[0.         0.         0.        ]  [0.24313726 0.20784314 0.21176471]  [0.27058825 0.23529412 0.23529412]  ...  [0.         0.         0.        ]  [0.         0.         0.        ]  [0.         0.         0.        ]]]",6.551872115465812,30024,/home/amos/media/tv/Carnivale S01-S02 web 10bit hevc-d3g/Carnivale S02/Carnivale.S02E10.1080p.WEBRip.10Bit.EAC3.H265-d3g.mkv446,1080,1920,0,155,126,856,155,20329,0.01,"[[[0.11764706 0.05882353 0.02745098]  [0.11764706 0.05882353 0.02745098]  [0.11764706 0.05882353 0.02745098]  ...  [0.27058825 0.2        0.12156863]  [0.27058825 0.2        0.12156863]  [0.27058825 0.2        0.12156863]] [[0.11764706 0.05882353 0.02745098]  [0.11764706 0.05882353 0.02745098]  [0.11764706 0.05882353 0.02745098]  ...  [0.27058825 0.2        0.12156863]  [0.27058825 0.2        0.12156863]  [0.27058825 0.2        0.12156863]] [[0.11764706 0.05882353 0.02745098]  [0.11764706 0.05882353 0.02745098]  [0.11764706 0.05882353 0.02745098]  ...  [0.27450982 0.20392157 0.1254902 ]  [0.27058825 0.2        0.12156863]  [0.26666668 0.2        0.12156863]] ... [[0.1764706  0.11764706 0.08627451]  [0.1764706  0.11764706 0.08627451]  [0.1764706  0.11764706 0.08627451]  ...  [0.2627451  0.18039216 0.12156863]  [0.2627451  0.18039216 0.12156863]  [0.2627451  0.18039216 0.12156863]] [[0.1764706  0.11764706 0.08627451]  [0.1764706  0.11764706 0.08627451]  [0.1764706  0.11764706 0.08627451]  ...  [0.25490198 0.17254902 0.11372549]  [0.25490198 0.1764706  0.11372549]  [0.25490198 0.1764706  0.11372549]] [[0.1764706  0.11764706 0.08627451]  [0.1764706  0.11764706 0.08627451]  [0.1764706  0.11764706 0.08627451]  ...  [0.24705882 0.16862746 0.10980392]  [0.24705882 0.16862746 0.10980392]  [0.24705882 0.16862746 0.10980392]]]",4.940217026218306,30168,/home/amos/media/tv/Carnivale S01-S02 web 10bit hevc-d3g/Carnivale S02/Carnivale.S02E10.1080p.WEBRip.10Bit.EAC3.H265-d3g.mkv447,1080,1920,0,196,145,1049,196,43503,0.021,"[[[0.1764706  0.10588235 0.07058824]  [0.1764706  0.10196079 0.07058824]  [0.1764706  0.10196079 0.07058824]  ...  [0.20784314 0.16078432 0.12156863]  [0.21176471 0.16470589 0.12941177]  [0.21176471 0.16470589 0.12941177]] [[0.1764706  0.10196079 0.07058824]  [0.1764706  0.10588235 0.07058824]  [0.1764706  0.10588235 0.07058824]  ...  [0.20392157 0.15686275 0.12156863]  [0.20784314 0.16078432 0.1254902 ]  [0.21176471 0.16470589 0.12941177]] [[0.18039216 0.10588235 0.07450981]  [0.1764706  0.10588235 0.07058824]  [0.1764706  0.10588235 0.07058824]  ...  [0.20784314 0.16078432 0.1254902 ]  [0.20784314 0.16078432 0.1254902 ]  [0.20784314 0.16078432 0.1254902 ]] ... [[0.34509805 0.2509804  0.24313726]  [0.34509805 0.25490198 0.23921569]  [0.34509805 0.25490198 0.23921569]  ...  [0.29411766 0.16862746 0.13333334]  [0.29411766 0.17254902 0.13333334]  [0.29803923 0.17254902 0.13725491]] [[0.34901962 0.25490198 0.24313726]  [0.34901962 0.25882354 0.24313726]  [0.34509805 0.25490198 0.23921569]  ...  [0.28627452 0.16470589 0.12156863]  [0.29411766 0.17254902 0.13333334]  [0.3019608  0.18039216 0.13725491]] [[0.3529412  0.2627451  0.24705882]  [0.34901962 0.25882354 0.24313726]  [0.34509805 0.25490198 0.23921569]  ...  [0.28627452 0.16078432 0.12156863]  [0.3019608  0.1764706  0.13725491]  [0.30980393 0.1882353  0.14901961]]]",4.749763130617794,30192,/home/amos/media/tv/Carnivale S01-S02 web 10bit hevc-d3g/Carnivale S02/Carnivale.S02E10.1080p.WEBRip.10Bit.EAC3.H265-d3g.mkv448,1080,1920,0,216,116,953,216,73700,0.036,"[[[0.09411765 0.04313726 0.02352941]  [0.09411765 0.04313726 0.02352941]  [0.09411765 0.04313726 0.02352941]  ...  [0.40784314 0.32156864 0.24313726]  [0.40784314 0.32156864 0.24313726]  [0.40784314 0.32156864 0.24313726]] [[0.09803922 0.04705882 0.02745098]  [0.09803922 0.04705882 0.02745098]  [0.09803922 0.04705882 0.02745098]  ...  [0.40784314 0.32156864 0.24313726]  [0.40784314 0.32156864 0.24313726]  [0.40784314 0.32156864 0.24313726]] [[0.09803922 0.04705882 0.02745098]  [0.09803922 0.04705882 0.02745098]  [0.09803922 0.04705882 0.02745098]  ...  [0.40784314 0.32156864 0.24313726]  [0.40784314 0.32156864 0.24313726]  [0.40784314 0.32156864 0.24313726]] ... [[0.14901961 0.09411765 0.07450981]  [0.14117648 0.09019608 0.06666667]  [0.14117648 0.09019608 0.06666667]  ...  [0.45490196 0.3764706  0.31764707]  [0.4509804  0.37254903 0.3137255 ]  [0.4509804  0.37254903 0.3137255 ]] [[0.16078432 0.10196079 0.08235294]  [0.14901961 0.09803922 0.07450981]  [0.14901961 0.09803922 0.07450981]  ...  [0.4509804  0.36862746 0.3137255 ]  [0.4509804  0.36862746 0.3137255 ]  [0.4509804  0.36862746 0.3137255 ]] [[0.16470589 0.10588235 0.08627451]  [0.15294118 0.10196079 0.07843138]  [0.15294118 0.10196079 0.07843138]  ...  [0.4509804  0.36862746 0.3137255 ]  [0.4509804  0.36862746 0.3137255 ]  [0.4509804  0.36862746 0.3137255 ]]]",3.9101360792992637,30216,/home/amos/media/tv/Carnivale S01-S02 web 10bit hevc-d3g/Carnivale S02/Carnivale.S02E10.1080p.WEBRip.10Bit.EAC3.H265-d3g.mkv449,1080,1920,0,71,372,1106,71,311535,0.15,"[[[0.34509805 0.24705882 0.20784314]  [0.34509805 0.24705882 0.20784314]  [0.34509805 0.24705882 0.20784314]  ...  [0.17254902 0.12941177 0.09019608]  [0.17254902 0.12941177 0.09019608]  [0.         0.         0.        ]] [[0.34509805 0.24705882 0.20784314]  [0.34509805 0.24705882 0.20784314]  [0.34509805 0.24705882 0.20784314]  ...  [0.17254902 0.12941177 0.09019608]  [0.17254902 0.12941177 0.09019608]  [0.         0.         0.        ]] [[0.34509805 0.24705882 0.20784314]  [0.34509805 0.24705882 0.20784314]  [0.34509805 0.24705882 0.20784314]  ...  [0.17254902 0.12941177 0.09019608]  [0.17254902 0.12941177 0.09019608]  [0.         0.         0.        ]] ... [[0.41568628 0.33333334 0.2784314 ]  [0.41568628 0.33333334 0.2784314 ]  [0.41960785 0.3372549  0.28235295]  ...  [0.32156864 0.25882354 0.21176471]  [0.32156864 0.25882354 0.21176471]  [0.         0.         0.        ]] [[0.41568628 0.33333334 0.2784314 ]  [0.41568628 0.33333334 0.2784314 ]  [0.41960785 0.3372549  0.28235295]  ...  [0.32156864 0.25882354 0.21176471]  [0.32156864 0.25882354 0.21176471]  [0.         0.         0.        ]] [[0.         0.         0.        ]  [0.         0.         0.        ]  [0.         0.         0.        ]  ...  [0.         0.         0.        ]  [0.         0.         0.        ]  [0.         0.         0.        ]]]",2.6074889663723297,30288,/home/amos/media/tv/Carnivale S01-S02 web 10bit hevc-d3g/Carnivale S02/Carnivale.S02E10.1080p.WEBRip.10Bit.EAC3.H265-d3g.mkv450,1080,1920,0,64,378,1111,64,328758,0.159,"[[[0.34509805 0.2509804  0.21568628]  [0.34509805 0.2509804  0.21568628]  [0.34509805 0.2509804  0.21568628]  ...  [0.21568628 0.16862746 0.1254902 ]  [0.21176471 0.16470589 0.12156863]  [0.21176471 0.16470589 0.12156863]] [[0.34509805 0.2509804  0.21568628]  [0.34509805 0.2509804  0.21568628]  [0.34509805 0.2509804  0.21568628]  ...  [0.21568628 0.16862746 0.1254902 ]  [0.21176471 0.16470589 0.12156863]  [0.21176471 0.16470589 0.12156863]] [[0.34509805 0.2509804  0.21568628]  [0.34509805 0.2509804  0.21568628]  [0.34509805 0.2509804  0.21568628]  ...  [0.21568628 0.16862746 0.1254902 ]  [0.21176471 0.16470589 0.12156863]  [0.21176471 0.16470589 0.12156863]] ... [[0.3372549  0.2509804  0.19607843]  [0.3372549  0.2509804  0.19607843]  [0.34509805 0.25490198 0.20392157]  ...  [0.30588236 0.24313726 0.19215687]  [0.30588236 0.24313726 0.19607843]  [0.30588236 0.24313726 0.19607843]] [[0.3372549  0.2509804  0.19607843]  [0.3372549  0.2509804  0.19607843]  [0.34901962 0.25882354 0.20392157]  ...  [0.30588236 0.24313726 0.19607843]  [0.30588236 0.24313726 0.19607843]  [0.30588236 0.24313726 0.19607843]] [[0.3372549  0.2509804  0.19607843]  [0.3372549  0.2509804  0.19607843]  [0.34509805 0.25882354 0.20392157]  ...  [0.30588236 0.24313726 0.19215687]  [0.30588236 0.24313726 0.19607843]  [0.30588236 0.24313726 0.19607843]]]",2.847206079924945,30312,/home/amos/media/tv/Carnivale S01-S02 web 10bit hevc-d3g/Carnivale S02/Carnivale.S02E10.1080p.WEBRip.10Bit.EAC3.H265-d3g.mkv451,1080,1920,0,70,382,1109,70,324168,0.156,"[[[0.34901962 0.24705882 0.21568628]  [0.34901962 0.24705882 0.21568628]  [0.34901962 0.24705882 0.21568628]  ...  [0.16470589 0.12941177 0.08235294]  [0.15686275 0.1254902  0.07843138]  [0.15686275 0.1254902  0.07843138]] [[0.34901962 0.24705882 0.21568628]  [0.34901962 0.24705882 0.21568628]  [0.34901962 0.24705882 0.21568628]  ...  [0.16470589 0.12941177 0.08235294]  [0.15686275 0.1254902  0.07843138]  [0.15686275 0.1254902  0.07843138]] [[0.34901962 0.24705882 0.21568628]  [0.34901962 0.24705882 0.21568628]  [0.34901962 0.24705882 0.21568628]  ...  [0.16470589 0.12941177 0.08235294]  [0.15686275 0.1254902  0.07843138]  [0.15686275 0.1254902  0.07843138]] ... [[0.34509805 0.25490198 0.20392157]  [0.34509805 0.25490198 0.20392157]  [0.3529412  0.2627451  0.21176471]  ...  [0.30980393 0.25490198 0.2       ]  [0.30980393 0.25490198 0.20392157]  [0.30980393 0.25490198 0.20392157]] [[0.34901962 0.25882354 0.20784314]  [0.34901962 0.25882354 0.20784314]  [0.35686275 0.26666668 0.21568628]  ...  [0.30980393 0.25490198 0.2       ]  [0.30980393 0.25490198 0.20392157]  [0.30980393 0.25490198 0.20392157]] [[0.34901962 0.25882354 0.20784314]  [0.34901962 0.25882354 0.20784314]  [0.35686275 0.26666668 0.21568628]  ...  [0.30980393 0.2509804  0.2       ]  [0.30980393 0.25490198 0.20392157]  [0.30980393 0.25490198 0.20392157]]]",1.3983459815499373,30384,/home/amos/media/tv/Carnivale S01-S02 web 10bit hevc-d3g/Carnivale S02/Carnivale.S02E10.1080p.WEBRip.10Bit.EAC3.H265-d3g.mkv452,1080,1920,0,69,384,1111,69,328230,0.158,"[[[0.34901962 0.2509804  0.21568628]  [0.34901962 0.2509804  0.21568628]  [0.34901962 0.2509804  0.21568628]  ...  [0.19215687 0.15686275 0.10980392]  [0.1882353  0.15294118 0.10588235]  [0.1882353  0.15294118 0.10588235]] [[0.34901962 0.2509804  0.21568628]  [0.34901962 0.2509804  0.21568628]  [0.34901962 0.2509804  0.21568628]  ...  [0.19215687 0.15686275 0.10980392]  [0.1882353  0.15294118 0.10588235]  [0.1882353  0.15294118 0.10588235]] [[0.34901962 0.2509804  0.21568628]  [0.34901962 0.2509804  0.21568628]  [0.34901962 0.2509804  0.21568628]  ...  [0.19215687 0.15686275 0.10980392]  [0.19215687 0.15294118 0.10588235]  [0.19215687 0.15294118 0.10588235]] ... [[0.41960785 0.33333334 0.2784314 ]  [0.41960785 0.33333334 0.2784314 ]  [0.41960785 0.33333334 0.2784314 ]  ...  [0.30588236 0.24705882 0.2       ]  [0.30588236 0.24705882 0.2       ]  [0.30588236 0.24705882 0.2       ]] [[0.41960785 0.33333334 0.2784314 ]  [0.41960785 0.33333334 0.2784314 ]  [0.41960785 0.3372549  0.2784314 ]  ...  [0.30588236 0.24705882 0.2       ]  [0.30588236 0.24705882 0.2       ]  [0.30588236 0.24705882 0.2       ]] [[0.41960785 0.33333334 0.2784314 ]  [0.41960785 0.33333334 0.2784314 ]  [0.41960785 0.33333334 0.28235295]  ...  [0.30588236 0.24705882 0.2       ]  [0.30588236 0.24705882 0.2       ]  [0.30588236 0.24705882 0.2       ]]]",2.042801047267858,30408,/home/amos/media/tv/Carnivale S01-S02 web 10bit hevc-d3g/Carnivale S02/Carnivale.S02E10.1080p.WEBRip.10Bit.EAC3.H265-d3g.mkv453,1080,1920,0,154,324,929,154,131750,0.064,"[[[0.10588235 0.03529412 0.01960784]  [0.10196079 0.03529412 0.01960784]  [0.10196079 0.03921569 0.01960784]  ...  [0.35686275 0.24313726 0.21176471]  [0.35686275 0.24313726 0.21176471]  [0.36078432 0.24705882 0.21568628]] [[0.10588235 0.03529412 0.01960784]  [0.10196079 0.03529412 0.01960784]  [0.09803922 0.03529412 0.01568628]  ...  [0.3529412  0.23921569 0.20784314]  [0.35686275 0.24313726 0.21176471]  [0.35686275 0.24313726 0.21176471]] [[0.10588235 0.03529412 0.01960784]  [0.10196079 0.03529412 0.01568628]  [0.09803922 0.03529412 0.01568628]  ...  [0.3529412  0.23921569 0.20784314]  [0.3529412  0.24313726 0.21176471]  [0.35686275 0.24313726 0.21176471]] ... [[0.26666668 0.2        0.16470589]  [0.2627451  0.19607843 0.16470589]  [0.25490198 0.19215687 0.16078432]  ...  [0.45490196 0.36078432 0.29411766]  [0.45490196 0.36078432 0.2901961 ]  [0.4509804  0.35686275 0.28627452]] [[0.2627451  0.19607843 0.16078432]  [0.25882354 0.19215687 0.16078432]  [0.2509804  0.1882353  0.15686275]  ...  [0.45490196 0.36078432 0.2901961 ]  [0.45490196 0.36078432 0.2901961 ]  [0.4509804  0.35686275 0.28627452]] [[0.2627451  0.19607843 0.16078432]  [0.25490198 0.1882353  0.15686275]  [0.24705882 0.18431373 0.15294118]  ...  [0.45490196 0.36078432 0.28627452]  [0.45490196 0.36078432 0.2901961 ]  [0.45490196 0.36078432 0.2901961 ]]]",0.42236697633052245,30432,/home/amos/media/tv/Carnivale S01-S02 web 10bit hevc-d3g/Carnivale S02/Carnivale.S02E10.1080p.WEBRip.10Bit.EAC3.H265-d3g.mkv454,1080,1920,0,85,151,1236,85,75966,0.037,"[[[0.14117648 0.0627451  0.03137255]  [0.14117648 0.0627451  0.03137255]  [0.14117648 0.0627451  0.03137255]  ...  [0.2509804  0.16078432 0.11372549]  [0.25882354 0.17254902 0.1254902 ]  [0.2627451  0.17254902 0.1254902 ]] [[0.14117648 0.0627451  0.03137255]  [0.14117648 0.0627451  0.03137255]  [0.14117648 0.0627451  0.03137255]  ...  [0.2509804  0.16078432 0.11372549]  [0.25882354 0.16862746 0.12156863]  [0.2627451  0.17254902 0.1254902 ]] [[0.13725491 0.0627451  0.03137255]  [0.13725491 0.0627451  0.03137255]  [0.13725491 0.0627451  0.03137255]  ...  [0.2509804  0.16078432 0.11372549]  [0.25882354 0.16862746 0.12156863]  [0.25882354 0.16862746 0.12156863]] ... [[0.32941177 0.19215687 0.14117648]  [0.33333334 0.19215687 0.14117648]  [0.3372549  0.19607843 0.14509805]  ...  [0.3529412  0.22352941 0.17254902]  [0.34901962 0.21960784 0.17254902]  [0.34901962 0.21960784 0.17254902]] [[0.33333334 0.19215687 0.14117648]  [0.33333334 0.19215687 0.14117648]  [0.3372549  0.19607843 0.14509805]  ...  [0.35686275 0.22352941 0.17254902]  [0.3529412  0.22352941 0.17254902]  [0.3529412  0.22352941 0.17254902]] [[0.33333334 0.19215687 0.14117648]  [0.33333334 0.19215687 0.14117648]  [0.3372549  0.19607843 0.14509805]  ...  [0.35686275 0.22352941 0.17254902]  [0.3529412  0.22352941 0.17254902]  [0.3529412  0.22352941 0.17254902]]]",4.144905080029275,30456,/home/amos/media/tv/Carnivale S01-S02 web 10bit hevc-d3g/Carnivale S02/Carnivale.S02E10.1080p.WEBRip.10Bit.EAC3.H265-d3g.mkv455,1080,1920,1,79,559,1168,79,522720,0.252,"[[[0.11764706 0.09411765 0.07058824]  [0.11764706 0.09411765 0.07058824]  [0.11764706 0.09411765 0.07058824]  ...  [0.00784314 0.         0.        ]  [0.00784314 0.00392157 0.        ]  [0.00784314 0.00392157 0.        ]] [[0.11764706 0.09411765 0.07058824]  [0.11764706 0.09411765 0.07058824]  [0.11764706 0.09411765 0.07058824]  ...  [0.00784314 0.00392157 0.        ]  [0.00784314 0.00392157 0.        ]  [0.00784314 0.00392157 0.        ]] [[0.11372549 0.09019608 0.06666667]  [0.11372549 0.09019608 0.06666667]  [0.11372549 0.09019608 0.06666667]  ...  [0.00392157 0.         0.        ]  [0.00784314 0.00392157 0.        ]  [0.00784314 0.00392157 0.        ]] ... [[0.21176471 0.19215687 0.17254902]  [0.21176471 0.19215687 0.17254902]  [0.21568628 0.19607843 0.17254902]  ...  [0.00784314 0.00392157 0.        ]  [0.00784314 0.00392157 0.        ]  [0.00784314 0.00392157 0.        ]] [[0.21176471 0.19607843 0.17254902]  [0.21176471 0.19607843 0.17254902]  [0.21176471 0.19607843 0.17254902]  ...  [0.00784314 0.00392157 0.        ]  [0.00784314 0.00392157 0.        ]  [0.00784314 0.00392157 0.        ]] [[0.21176471 0.19607843 0.17254902]  [0.21176471 0.19607843 0.17254902]  [0.21176471 0.19607843 0.17254902]  ...  [0.00784314 0.         0.        ]  [0.00784314 0.00392157 0.        ]  [0.00784314 0.00392157 0.        ]]]",4.132207040383946,30456,/home/amos/media/tv/Carnivale S01-S02 web 10bit hevc-d3g/Carnivale S02/Carnivale.S02E10.1080p.WEBRip.10Bit.EAC3.H265-d3g.mkv456,1080,1920,0,84,157,1217,84,82709,0.04,"[[[0.14117648 0.07450981 0.03529412]  [0.14117648 0.07450981 0.03529412]  [0.14117648 0.07450981 0.03529412]  ...  [0.23921569 0.14117648 0.10588235]  [0.23137255 0.13333334 0.09803922]  [0.23137255 0.13333334 0.09803922]] [[0.14117648 0.07450981 0.03529412]  [0.14117648 0.07450981 0.03529412]  [0.14117648 0.07450981 0.03529412]  ...  [0.23921569 0.14509805 0.10980392]  [0.23137255 0.13333334 0.09803922]  [0.23137255 0.13333334 0.09803922]] [[0.14117648 0.07450981 0.03529412]  [0.14117648 0.07450981 0.03529412]  [0.14117648 0.07058824 0.03529412]  ...  [0.24313726 0.14509805 0.10980392]  [0.23529412 0.13725491 0.10196079]  [0.23529412 0.13725491 0.10196079]] ... [[0.32156864 0.18039216 0.12941177]  [0.32156864 0.18039216 0.12941177]  [0.3254902  0.18431373 0.13333334]  ...  [0.3647059  0.22352941 0.1764706 ]  [0.3647059  0.22352941 0.1764706 ]  [0.3647059  0.22352941 0.1764706 ]] [[0.3254902  0.18431373 0.13333334]  [0.3254902  0.18431373 0.13333334]  [0.3254902  0.18431373 0.13333334]  ...  [0.3647059  0.22352941 0.1764706 ]  [0.3647059  0.22352941 0.1764706 ]  [0.3647059  0.22352941 0.1764706 ]] [[0.3254902  0.18431373 0.13333334]  [0.3254902  0.18431373 0.13333334]  [0.3254902  0.18431373 0.13333334]  ...  [0.3647059  0.22352941 0.1764706 ]  [0.3647059  0.22352941 0.1764706 ]  [0.3647059  0.22352941 0.1764706 ]]]",3.3204950380022638,30480,/home/amos/media/tv/Carnivale S01-S02 web 10bit hevc-d3g/Carnivale S02/Carnivale.S02E10.1080p.WEBRip.10Bit.EAC3.H265-d3g.mkv457,1080,1920,0,87,146,1217,87,66670,0.032,"[[[0.15686275 0.08627451 0.04313726]  [0.15686275 0.08627451 0.04313726]  [0.15294118 0.07843138 0.03529412]  ...  [0.21960784 0.1254902  0.09019608]  [0.21960784 0.1254902  0.09019608]  [0.21960784 0.1254902  0.09019608]] [[0.15686275 0.08627451 0.04313726]  [0.15294118 0.08235294 0.04313726]  [0.14901961 0.07843138 0.03529412]  ...  [0.21960784 0.1254902  0.09019608]  [0.21960784 0.1254902  0.09019608]  [0.21960784 0.1254902  0.09019608]] [[0.15294118 0.08235294 0.03921569]  [0.15294118 0.08235294 0.03921569]  [0.14901961 0.07843138 0.03529412]  ...  [0.21960784 0.1254902  0.09019608]  [0.21568628 0.12156863 0.08627451]  [0.21568628 0.12156863 0.08627451]] ... [[0.3254902  0.18431373 0.13725491]  [0.32941177 0.18431373 0.14117648]  [0.32941177 0.1882353  0.14509805]  ...  [0.34901962 0.21176471 0.16470589]  [0.34901962 0.21176471 0.16470589]  [0.34509805 0.20784314 0.16078432]] [[0.32941177 0.1882353  0.14117648]  [0.32941177 0.1882353  0.14117648]  [0.33333334 0.19215687 0.14509805]  ...  [0.34901962 0.21176471 0.16470589]  [0.34509805 0.20784314 0.16078432]  [0.34509805 0.20784314 0.16078432]] [[0.32941177 0.1882353  0.14117648]  [0.32941177 0.1882353  0.14117648]  [0.33333334 0.19215687 0.14509805]  ...  [0.34901962 0.21176471 0.16470589]  [0.34509805 0.20784314 0.16078432]  [0.34509805 0.20784314 0.16078432]]]",3.113224043918308,30504,/home/amos/media/tv/Carnivale S01-S02 web 10bit hevc-d3g/Carnivale S02/Carnivale.S02E10.1080p.WEBRip.10Bit.EAC3.H265-d3g.mkv458,1080,1920,0,93,137,1235,93,50248,0.024,"[[[0.15686275 0.08235294 0.05098039]  [0.15686275 0.08235294 0.04705882]  [0.15294118 0.07450981 0.04313726]  ...  [0.23137255 0.14117648 0.10196079]  [0.23529412 0.14509805 0.10588235]  [0.23921569 0.14901961 0.10980392]] [[0.15686275 0.08235294 0.05098039]  [0.15686275 0.08235294 0.05098039]  [0.15294118 0.07450981 0.04313726]  ...  [0.22745098 0.13725491 0.09803922]  [0.23529412 0.14509805 0.10588235]  [0.23529412 0.14509805 0.10588235]] [[0.15686275 0.08235294 0.05098039]  [0.15686275 0.08235294 0.04705882]  [0.14901961 0.07450981 0.04313726]  ...  [0.22352941 0.13333334 0.09411765]  [0.22745098 0.13725491 0.09803922]  [0.23137255 0.14117648 0.10196079]] ... [[0.30980393 0.16470589 0.11764706]  [0.3137255  0.16470589 0.11764706]  [0.3137255  0.16862746 0.12156863]  ...  [0.34901962 0.20784314 0.15686275]  [0.34901962 0.20784314 0.15686275]  [0.34901962 0.20784314 0.15686275]] [[0.30980393 0.16470589 0.11764706]  [0.30980393 0.16470589 0.11764706]  [0.3137255  0.16862746 0.12156863]  ...  [0.3529412  0.21176471 0.16078432]  [0.3529412  0.21176471 0.16078432]  [0.3529412  0.21176471 0.16078432]] [[0.30980393 0.16470589 0.11764706]  [0.30980393 0.16470589 0.11764706]  [0.3137255  0.16470589 0.11764706]  ...  [0.3529412  0.21176471 0.16078432]  [0.3529412  0.21176471 0.16078432]  [0.3529412  0.21176471 0.16078432]]]",3.3614630582160316,30528,/home/amos/media/tv/Carnivale S01-S02 web 10bit hevc-d3g/Carnivale S02/Carnivale.S02E10.1080p.WEBRip.10Bit.EAC3.H265-d3g.mkv459,1080,1920,1,62,449,690,62,243036,0.117,"[[[0.01176471 0.01568628 0.        ]  [0.01176471 0.01568628 0.        ]  [0.01176471 0.01568628 0.        ]  ...  [0.01960784 0.01960784 0.        ]  [0.01960784 0.01960784 0.        ]  [0.01960784 0.01960784 0.        ]] [[0.01176471 0.01568628 0.        ]  [0.01176471 0.01568628 0.        ]  [0.01176471 0.01568628 0.        ]  ...  [0.01960784 0.01960784 0.        ]  [0.01960784 0.01960784 0.        ]  [0.01960784 0.01960784 0.        ]] [[0.01176471 0.01568628 0.        ]  [0.01176471 0.01568628 0.        ]  [0.01176471 0.01568628 0.        ]  ...  [0.01960784 0.01960784 0.        ]  [0.01960784 0.01960784 0.        ]  [0.01960784 0.01960784 0.        ]] ... [[0.00392157 0.         0.        ]  [0.00392157 0.         0.        ]  [0.00392157 0.         0.        ]  ...  [0.01568628 0.01960784 0.        ]  [0.01568628 0.01960784 0.        ]  [0.01568628 0.01960784 0.        ]] [[0.00392157 0.         0.        ]  [0.00392157 0.         0.        ]  [0.00392157 0.         0.        ]  ...  [0.01568628 0.01960784 0.        ]  [0.01568628 0.01960784 0.        ]  [0.01568628 0.01960784 0.        ]] [[0.00392157 0.         0.        ]  [0.00392157 0.         0.        ]  [0.00392157 0.         0.        ]  ...  [0.01568628 0.01960784 0.        ]  [0.01568628 0.01960784 0.        ]  [0.01568628 0.01960784 0.        ]]]",0.7495470805442892,30528,/home/amos/media/tv/Carnivale S01-S02 web 10bit hevc-d3g/Carnivale S02/Carnivale.S02E10.1080p.WEBRip.10Bit.EAC3.H265-d3g.mkv460,1080,1920,2,91,581,1160,91,523810,0.253,"[[[0.12156863 0.09803922 0.07450981]  [0.12156863 0.09803922 0.07450981]  [0.12156863 0.09803922 0.07450981]  ...  [0.01568628 0.00784314 0.        ]  [0.01960784 0.00784314 0.        ]  [0.01960784 0.00784314 0.        ]] [[0.12156863 0.09803922 0.07450981]  [0.12156863 0.09803922 0.07450981]  [0.12156863 0.09803922 0.07450981]  ...  [0.01568628 0.00784314 0.        ]  [0.01960784 0.00784314 0.        ]  [0.01960784 0.00784314 0.        ]] [[0.12156863 0.09803922 0.07450981]  [0.12156863 0.09803922 0.07450981]  [0.12156863 0.09803922 0.07450981]  ...  [0.01960784 0.01176471 0.00392157]  [0.02352941 0.01176471 0.00392157]  [0.02352941 0.01176471 0.00392157]] ... [[0.20392157 0.18039216 0.16078432]  [0.20784314 0.18039216 0.16078432]  [0.21176471 0.1882353  0.16862746]  ...  [0.01568628 0.00784314 0.        ]  [0.01960784 0.01176471 0.        ]  [0.01960784 0.01176471 0.        ]] [[0.20392157 0.18039216 0.16078432]  [0.20392157 0.18039216 0.16078432]  [0.21176471 0.1882353  0.16862746]  ...  [0.01568628 0.00784314 0.        ]  [0.01960784 0.01176471 0.        ]  [0.01960784 0.01176471 0.        ]] [[0.20392157 0.18039216 0.16078432]  [0.20392157 0.18039216 0.16078432]  [0.21176471 0.1882353  0.16862746]  ...  [0.01568628 0.00784314 0.        ]  [0.01960784 0.01176471 0.        ]  [0.01960784 0.01176471 0.        ]]]",8.119259019556921,30528,/home/amos/media/tv/Carnivale S01-S02 web 10bit hevc-d3g/Carnivale S02/Carnivale.S02E10.1080p.WEBRip.10Bit.EAC3.H265-d3g.mkv461,1080,1920,0,98,598,1162,98,532000,0.257,"[[[0.12156863 0.09411765 0.06666667]  [0.12156863 0.09411765 0.06666667]  [0.12156863 0.09411765 0.06666667]  ...  [0.00392157 0.         0.        ]  [0.00392157 0.         0.        ]  [0.00392157 0.         0.        ]] [[0.12156863 0.09411765 0.06666667]  [0.12156863 0.09411765 0.06666667]  [0.12156863 0.09411765 0.06666667]  ...  [0.00392157 0.         0.        ]  [0.00392157 0.         0.        ]  [0.00392157 0.         0.        ]] [[0.12156863 0.09411765 0.06666667]  [0.12156863 0.09411765 0.06666667]  [0.12156863 0.09411765 0.06666667]  ...  [0.00392157 0.         0.        ]  [0.00392157 0.         0.        ]  [0.00392157 0.         0.        ]] ... [[0.21568628 0.1882353  0.16470589]  [0.21568628 0.1882353  0.16470589]  [0.21960784 0.19215687 0.16862746]  ...  [0.00392157 0.         0.        ]  [0.00392157 0.         0.        ]  [0.00392157 0.         0.        ]] [[0.20784314 0.18431373 0.16078432]  [0.21176471 0.18431373 0.16078432]  [0.21176471 0.1882353  0.16470589]  ...  [0.00392157 0.         0.        ]  [0.00784314 0.00392157 0.        ]  [0.00784314 0.00392157 0.        ]] [[0.20784314 0.18431373 0.16078432]  [0.20784314 0.18431373 0.16078432]  [0.21176471 0.1882353  0.16470589]  ...  [0.00392157 0.         0.        ]  [0.00784314 0.00392157 0.        ]  [0.00784314 0.00392157 0.        ]]]",6.53905303258216,30552,/home/amos/media/tv/Carnivale S01-S02 web 10bit hevc-d3g/Carnivale S02/Carnivale.S02E10.1080p.WEBRip.10Bit.EAC3.H265-d3g.mkv462,1080,1920,1,79,664,1079,79,585000,0.282,"[[[0.02745098 0.01960784 0.00392157]  [0.02745098 0.01960784 0.00392157]  [0.02352941 0.01568628 0.00392157]  ...  [0.00392157 0.         0.        ]  [0.00392157 0.         0.        ]  [0.00392157 0.         0.        ]] [[0.02745098 0.01960784 0.00392157]  [0.02745098 0.01960784 0.00392157]  [0.02352941 0.01568628 0.00392157]  ...  [0.00392157 0.         0.        ]  [0.00392157 0.         0.        ]  [0.00392157 0.         0.        ]] [[0.02745098 0.01960784 0.00392157]  [0.02745098 0.01960784 0.00392157]  [0.02745098 0.01960784 0.00392157]  ...  [0.00392157 0.         0.        ]  [0.00392157 0.         0.        ]  [0.00392157 0.         0.        ]] ... [[0.01176471 0.01568628 0.00784314]  [0.01176471 0.01568628 0.00784314]  [0.01176471 0.01568628 0.00392157]  ...  [0.14901961 0.13333334 0.10588235]  [0.14117648 0.1254902  0.09803922]  [0.14117648 0.1254902  0.09803922]] [[0.01176471 0.01568628 0.00784314]  [0.01176471 0.01568628 0.00784314]  [0.01176471 0.01568628 0.00784314]  ...  [0.14117648 0.12941177 0.10196079]  [0.13725491 0.12156863 0.09411765]  [0.13725491 0.12156863 0.09411765]] [[0.01176471 0.01568628 0.00784314]  [0.01176471 0.01568628 0.00784314]  [0.01176471 0.01568628 0.00784314]  ...  [0.14117648 0.1254902  0.10196079]  [0.13725491 0.12156863 0.09411765]  [0.13725491 0.12156863 0.09411765]]]",1.9085221033892594,30552,/home/amos/media/tv/Carnivale S01-S02 web 10bit hevc-d3g/Carnivale S02/Carnivale.S02E10.1080p.WEBRip.10Bit.EAC3.H265-d3g.mkv463,1080,1920,0,99,618,1166,99,553773,0.267,"[[[0.11372549 0.09019608 0.06666667]  [0.11372549 0.09019608 0.06666667]  [0.11764706 0.09411765 0.07058824]  ...  [0.         0.         0.        ]  [0.         0.         0.        ]  [0.         0.         0.        ]] [[0.11372549 0.09019608 0.06666667]  [0.11372549 0.09019608 0.06666667]  [0.11764706 0.09411765 0.07058824]  ...  [0.         0.         0.        ]  [0.         0.         0.        ]  [0.         0.         0.        ]] [[0.11372549 0.09019608 0.06666667]  [0.11764706 0.09019608 0.06666667]  [0.12156863 0.09411765 0.07058824]  ...  [0.         0.         0.        ]  [0.         0.         0.        ]  [0.         0.         0.        ]] ... [[0.22745098 0.2        0.17254902]  [0.22352941 0.19607843 0.17254902]  [0.21960784 0.19215687 0.16862746]  ...  [0.         0.         0.        ]  [0.         0.         0.        ]  [0.         0.         0.        ]] [[0.22352941 0.19607843 0.17254902]  [0.22352941 0.19607843 0.17254902]  [0.21960784 0.19215687 0.16862746]  ...  [0.         0.         0.        ]  [0.         0.         0.        ]  [0.         0.         0.        ]] [[0.22352941 0.19607843 0.17254902]  [0.22352941 0.19607843 0.16862746]  [0.21960784 0.19215687 0.16862746]  ...  [0.         0.         0.        ]  [0.         0.         0.        ]  [0.         0.         0.        ]]]",7.4928260037559085,30576,/home/amos/media/tv/Carnivale S01-S02 web 10bit hevc-d3g/Carnivale S02/Carnivale.S02E10.1080p.WEBRip.10Bit.EAC3.H265-d3g.mkv464,1080,1920,0,142,933,1215,142,848743,0.409,"[[[0.10196079 0.08627451 0.05882353]  [0.10196079 0.08627451 0.0627451 ]  [0.10588235 0.09019608 0.06666667]  ...  [0.         0.         0.        ]  [0.         0.         0.        ]  [0.         0.         0.        ]] [[0.10588235 0.09019608 0.0627451 ]  [0.10588235 0.09019608 0.0627451 ]  [0.10588235 0.09019608 0.06666667]  ...  [0.         0.         0.        ]  [0.         0.         0.        ]  [0.         0.         0.        ]] [[0.10980392 0.09411765 0.06666667]  [0.10980392 0.09411765 0.06666667]  [0.10980392 0.09411765 0.07058824]  ...  [0.         0.         0.        ]  [0.         0.         0.        ]  [0.         0.         0.        ]] ... [[0.09803922 0.09411765 0.07843138]  [0.09803922 0.09803922 0.07843138]  [0.10196079 0.10196079 0.08235294]  ...  [0.14901961 0.12156863 0.11372549]  [0.14901961 0.12156863 0.11372549]  [0.         0.         0.        ]] [[0.09803922 0.09411765 0.07843138]  [0.09803922 0.09803922 0.07843138]  [0.10196079 0.10196079 0.08235294]  ...  [0.14901961 0.12156863 0.11372549]  [0.14901961 0.12156863 0.11372549]  [0.         0.         0.        ]] [[0.         0.         0.        ]  [0.         0.         0.        ]  [0.         0.         0.        ]  ...  [0.         0.         0.        ]  [0.         0.         0.        ]  [0.         0.         0.        ]]]",4.112276066211052,30912,/home/amos/media/tv/Carnivale S01-S02 web 10bit hevc-d3g/Carnivale S02/Carnivale.S02E10.1080p.WEBRip.10Bit.EAC3.H265-d3g.mkv465,1080,1920,0,103,764,1130,103,678847,0.327,"[[[0.02745098 0.01568628 0.        ]  [0.02745098 0.01568628 0.        ]  [0.02745098 0.01568628 0.        ]  ...  [0.02352941 0.01960784 0.00392157]  [0.02745098 0.01960784 0.00392157]  [0.02745098 0.01960784 0.00392157]] [[0.02745098 0.01568628 0.        ]  [0.02745098 0.01568628 0.        ]  [0.02745098 0.01568628 0.        ]  ...  [0.02352941 0.01960784 0.00392157]  [0.02745098 0.01960784 0.00392157]  [0.02745098 0.01960784 0.00392157]] [[0.02745098 0.01568628 0.        ]  [0.02745098 0.01568628 0.        ]  [0.02745098 0.01568628 0.        ]  ...  [0.01960784 0.01568628 0.        ]  [0.02352941 0.01568628 0.00392157]  [0.02352941 0.01568628 0.00392157]] ... [[0.10196079 0.09411765 0.08235294]  [0.10196079 0.09411765 0.08235294]  [0.09803922 0.09019608 0.07843138]  ...  [0.19607843 0.1764706  0.17254902]  [0.1882353  0.16862746 0.16078432]  [0.18431373 0.16470589 0.16078432]] [[0.10196079 0.09411765 0.08235294]  [0.10196079 0.09411765 0.08235294]  [0.09803922 0.09019608 0.07843138]  ...  [0.19215687 0.1764706  0.17254902]  [0.1882353  0.16862746 0.16078432]  [0.18431373 0.16470589 0.15686275]] [[0.10196079 0.09411765 0.08235294]  [0.10196079 0.09411765 0.08235294]  [0.09803922 0.09019608 0.07843138]  ...  [0.19215687 0.1764706  0.17254902]  [0.1882353  0.16862746 0.16078432]  [0.18431373 0.16470589 0.15686275]]]",5.753513033210766,31032,/home/amos/media/tv/Carnivale S01-S02 web 10bit hevc-d3g/Carnivale S02/Carnivale.S02E10.1080p.WEBRip.10Bit.EAC3.H265-d3g.mkv466,1080,1920,0,74,827,1154,74,813240,0.392,"[[[0.21960784 0.18039216 0.15686275]  [0.21960784 0.18039216 0.15686275]  [0.21176471 0.17254902 0.14901961]  ...  [0.19215687 0.11372549 0.09411765]  [0.19607843 0.11764706 0.09803922]  [0.19607843 0.11764706 0.09803922]] [[0.21960784 0.18039216 0.15686275]  [0.21960784 0.18039216 0.15686275]  [0.21176471 0.17254902 0.14901961]  ...  [0.19215687 0.11372549 0.09411765]  [0.19607843 0.11764706 0.09803922]  [0.19607843 0.11764706 0.09803922]] [[0.21568628 0.1764706  0.15294118]  [0.21568628 0.1764706  0.15294118]  [0.20784314 0.16862746 0.14509805]  ...  [0.19607843 0.11764706 0.09803922]  [0.19607843 0.11764706 0.10196079]  [0.19607843 0.11764706 0.10196079]] ... [[0.23529412 0.16862746 0.12156863]  [0.23529412 0.16862746 0.12156863]  [0.23137255 0.16862746 0.12156863]  ...  [0.17254902 0.10588235 0.07843138]  [0.17254902 0.10588235 0.07843138]  [0.17254902 0.10588235 0.07843138]] [[0.23137255 0.16862746 0.12156863]  [0.23137255 0.16862746 0.12156863]  [0.23137255 0.16470589 0.12156863]  ...  [0.17254902 0.10588235 0.07843138]  [0.17254902 0.10588235 0.07843138]  [0.17254902 0.10588235 0.07843138]] [[0.23137255 0.16862746 0.12156863]  [0.23137255 0.16862746 0.12156863]  [0.23137255 0.16862746 0.12156863]  ...  [0.17254902 0.10588235 0.07843138]  [0.17254902 0.10588235 0.07843138]  [0.17254902 0.10588235 0.07843138]]]",0.2936200813273899,31320,/home/amos/media/tv/Carnivale S01-S02 web 10bit hevc-d3g/Carnivale S02/Carnivale.S02E10.1080p.WEBRip.10Bit.EAC3.H265-d3g.mkv467,1080,1920,0,57,393,375,57,106848,0.052,"[[[0.         0.         0.        ]  [0.         0.         0.        ]  [0.         0.         0.        ]  ...  [0.1254902  0.07843138 0.0627451 ]  [0.1254902  0.07843138 0.0627451 ]  [0.1254902  0.07843138 0.0627451 ]] [[0.         0.         0.        ]  [0.         0.         0.        ]  [0.         0.         0.        ]  ...  [0.1254902  0.07843138 0.0627451 ]  [0.1254902  0.07843138 0.0627451 ]  [0.1254902  0.07843138 0.0627451 ]] [[0.         0.         0.        ]  [0.         0.         0.        ]  [0.         0.         0.        ]  ...  [0.1254902  0.07843138 0.0627451 ]  [0.1254902  0.07843138 0.0627451 ]  [0.1254902  0.07843138 0.0627451 ]] ... [[0.         0.00392157 0.        ]  [0.         0.00392157 0.        ]  [0.         0.00392157 0.        ]  ...  [0.14117648 0.08627451 0.06666667]  [0.14117648 0.08627451 0.06666667]  [0.14117648 0.08627451 0.06666667]] [[0.         0.00392157 0.        ]  [0.         0.00392157 0.        ]  [0.         0.00392157 0.        ]  ...  [0.14117648 0.08627451 0.06666667]  [0.14117648 0.08627451 0.06666667]  [0.14117648 0.08627451 0.06666667]] [[0.         0.00392157 0.        ]  [0.         0.00392157 0.        ]  [0.         0.00392157 0.        ]  ...  [0.14117648 0.08627451 0.06666667]  [0.14117648 0.08627451 0.06666667]  [0.14117648 0.08627451 0.06666667]]]",1.4565101237385534,31488,/home/amos/media/tv/Carnivale S01-S02 web 10bit hevc-d3g/Carnivale S02/Carnivale.S02E10.1080p.WEBRip.10Bit.EAC3.H265-d3g.mkv468,1080,1920,1,58,507,442,58,172416,0.083,"[[[0.09803922 0.07058824 0.05098039]  [0.09803922 0.07058824 0.05098039]  [0.09803922 0.07058824 0.05098039]  ...  [0.12941177 0.09411765 0.08235294]  [0.12941177 0.09411765 0.08235294]  [0.12941177 0.09411765 0.08235294]] [[0.09803922 0.07058824 0.05098039]  [0.09803922 0.07058824 0.05098039]  [0.09803922 0.07058824 0.05098039]  ...  [0.12941177 0.09411765 0.08235294]  [0.12941177 0.09411765 0.08235294]  [0.12941177 0.09411765 0.08235294]] [[0.09803922 0.07058824 0.05098039]  [0.09803922 0.07058824 0.05098039]  [0.09803922 0.07058824 0.05098039]  ...  [0.12941177 0.09411765 0.08235294]  [0.13333334 0.09803922 0.08627451]  [0.13333334 0.09803922 0.08627451]] ... [[0.12156863 0.09803922 0.07450981]  [0.12156863 0.09803922 0.07450981]  [0.12156863 0.09803922 0.07450981]  ...  [0.08235294 0.04313726 0.02352941]  [0.08235294 0.04313726 0.02352941]  [0.08235294 0.04313726 0.02352941]] [[0.12156863 0.09803922 0.07450981]  [0.12156863 0.09803922 0.07450981]  [0.12156863 0.09803922 0.07450981]  ...  [0.08235294 0.04705882 0.02745098]  [0.08235294 0.04705882 0.02745098]  [0.08235294 0.04705882 0.02745098]] [[0.12156863 0.09803922 0.07450981]  [0.12156863 0.09803922 0.07450981]  [0.12156863 0.09803922 0.07450981]  ...  [0.08235294 0.04705882 0.02745098]  [0.08235294 0.04705882 0.02745098]  [0.08235294 0.04705882 0.02745098]]]",0.9815530141931958,31488,/home/amos/media/tv/Carnivale S01-S02 web 10bit hevc-d3g/Carnivale S02/Carnivale.S02E10.1080p.WEBRip.10Bit.EAC3.H265-d3g.mkv469,1080,1920,0,45,318,339,45,80262,0.039,"[[[0.59607846 0.4627451  0.3764706 ]  [0.59607846 0.4627451  0.3764706 ]  [0.59607846 0.4627451  0.3764706 ]  ...  [0.19215687 0.16862746 0.14901961]  [0.19215687 0.16862746 0.14901961]  [0.19215687 0.16862746 0.14901961]] [[0.59607846 0.4627451  0.3764706 ]  [0.59607846 0.4627451  0.3764706 ]  [0.59607846 0.4627451  0.3764706 ]  ...  [0.19215687 0.16862746 0.14901961]  [0.19215687 0.16862746 0.14901961]  [0.19215687 0.16862746 0.14901961]] [[0.59607846 0.4627451  0.3764706 ]  [0.59607846 0.4627451  0.3764706 ]  [0.59607846 0.4627451  0.3764706 ]  ...  [0.19215687 0.16862746 0.14901961]  [0.19215687 0.16862746 0.14901961]  [0.19215687 0.16862746 0.14901961]] ... [[0.29411766 0.20392157 0.16470589]  [0.29411766 0.20392157 0.16470589]  [0.29411766 0.20392157 0.16470589]  ...  [0.10196079 0.0627451  0.04705882]  [0.10196079 0.0627451  0.04705882]  [0.10196079 0.0627451  0.04705882]] [[0.29411766 0.20392157 0.16470589]  [0.29411766 0.20392157 0.16470589]  [0.29411766 0.20392157 0.16470589]  ...  [0.10196079 0.0627451  0.04705882]  [0.10196079 0.0627451  0.04705882]  [0.10196079 0.0627451  0.04705882]] [[0.29411766 0.20392157 0.16470589]  [0.29411766 0.20392157 0.16470589]  [0.29411766 0.20392157 0.16470589]  ...  [0.10196079 0.0627451  0.04705882]  [0.10196079 0.0627451  0.04705882]  [0.10196079 0.0627451  0.04705882]]]",2.7570820911205374,31752,/home/amos/media/tv/Carnivale S01-S02 web 10bit hevc-d3g/Carnivale S02/Carnivale.S02E10.1080p.WEBRip.10Bit.EAC3.H265-d3g.mkv470,1080,1920,0,93,405,1441,93,420576,0.203,"[[[0.1882353  0.16470589 0.14901961]  [0.19215687 0.16470589 0.14901961]  [0.20392157 0.16862746 0.15294118]  ...  [0.07843138 0.05882353 0.04705882]  [0.07843138 0.05882353 0.04705882]  [0.07843138 0.05882353 0.04705882]] [[0.1882353  0.16470589 0.14901961]  [0.19215687 0.16470589 0.14901961]  [0.20392157 0.16862746 0.14901961]  ...  [0.07843138 0.05882353 0.04705882]  [0.07843138 0.05882353 0.04705882]  [0.07843138 0.05882353 0.04705882]] [[0.18431373 0.16078432 0.14509805]  [0.1882353  0.16470589 0.14509805]  [0.2        0.16470589 0.14901961]  ...  [0.07843138 0.05882353 0.04705882]  [0.07843138 0.05882353 0.04705882]  [0.07843138 0.05882353 0.04705882]] ... [[0.27058825 0.24705882 0.23137255]  [0.26666668 0.24705882 0.23137255]  [0.2627451  0.24313726 0.22352941]  ...  [0.14509805 0.11372549 0.09803922]  [0.14509805 0.11372549 0.09803922]  [0.14509805 0.11372549 0.09803922]] [[0.26666668 0.24313726 0.22745098]  [0.26666668 0.24313726 0.22745098]  [0.26666668 0.24705882 0.22745098]  ...  [0.14901961 0.11764706 0.10196079]  [0.14901961 0.11764706 0.10196079]  [0.14901961 0.11764706 0.10196079]] [[0.26666668 0.24313726 0.22745098]  [0.26666668 0.24313726 0.22745098]  [0.26666668 0.24705882 0.22745098]  ...  [0.15294118 0.11764706 0.10588235]  [0.14901961 0.11764706 0.10196079]  [0.14901961 0.11764706 0.10196079]]]",3.7157260196399875,31800,/home/amos/media/tv/Carnivale S01-S02 web 10bit hevc-d3g/Carnivale S02/Carnivale.S02E10.1080p.WEBRip.10Bit.EAC3.H265-d3g.mkv471,1080,1920,0,84,385,1415,84,400631,0.193,"[[[0.14509805 0.1254902  0.11764706]  [0.14509805 0.1254902  0.11764706]  [0.14901961 0.12941177 0.12156863]  ...  [0.10588235 0.08627451 0.08235294]  [0.10588235 0.08627451 0.08235294]  [0.10588235 0.08627451 0.08235294]] [[0.14509805 0.1254902  0.11764706]  [0.14509805 0.1254902  0.11764706]  [0.14901961 0.12941177 0.12156863]  ...  [0.10588235 0.08627451 0.08235294]  [0.10588235 0.08627451 0.08235294]  [0.10588235 0.08627451 0.08235294]] [[0.14509805 0.1254902  0.11764706]  [0.14509805 0.1254902  0.11764706]  [0.14901961 0.12941177 0.12156863]  ...  [0.10980392 0.09019608 0.08235294]  [0.10588235 0.08627451 0.08235294]  [0.10588235 0.08627451 0.08235294]] ... [[0.07843138 0.07058824 0.06666667]  [0.07843138 0.07058824 0.06666667]  [0.07843138 0.07058824 0.06666667]  ...  [0.19215687 0.13725491 0.11764706]  [0.1882353  0.13725491 0.11764706]  [0.1882353  0.13725491 0.11764706]] [[0.07843138 0.07450981 0.07058824]  [0.07843138 0.07450981 0.07058824]  [0.07843138 0.07450981 0.07058824]  ...  [0.19215687 0.13725491 0.11764706]  [0.1882353  0.13725491 0.11764706]  [0.1882353  0.13725491 0.11764706]] [[0.07843138 0.07450981 0.07058824]  [0.07843138 0.07450981 0.07058824]  [0.07843138 0.07450981 0.07058824]  ...  [0.19215687 0.13725491 0.11764706]  [0.1882353  0.13725491 0.11764706]  [0.1882353  0.13725491 0.11764706]]]",3.4731110351276584,31824,/home/amos/media/tv/Carnivale S01-S02 web 10bit hevc-d3g/Carnivale S02/Carnivale.S02E10.1080p.WEBRip.10Bit.EAC3.H265-d3g.mkv472,1080,1920,0,58,235,345,58,50799,0.024,"[[[0.7607843  0.6313726  0.5411765 ]  [0.7607843  0.6313726  0.5411765 ]  [0.7647059  0.6392157  0.54901963]  ...  [0.16470589 0.1254902  0.12156863]  [0.16862746 0.12941177 0.1254902 ]  [0.16862746 0.12941177 0.1254902 ]] [[0.7607843  0.6313726  0.5411765 ]  [0.7607843  0.6313726  0.5411765 ]  [0.7647059  0.63529414 0.54901963]  ...  [0.16470589 0.1254902  0.12156863]  [0.16862746 0.12941177 0.1254902 ]  [0.16862746 0.12941177 0.1254902 ]] [[0.7607843  0.6313726  0.5411765 ]  [0.7607843  0.6313726  0.5411765 ]  [0.7647059  0.6392157  0.54901963]  ...  [0.16078432 0.12156863 0.11764706]  [0.16470589 0.1254902  0.12156863]  [0.16470589 0.1254902  0.12156863]] ... [[0.49803922 0.38039216 0.31764707]  [0.49803922 0.38039216 0.31764707]  [0.5058824  0.3882353  0.3254902 ]  ...  [0.13333334 0.08627451 0.07450981]  [0.13333334 0.08627451 0.07450981]  [0.13333334 0.08627451 0.07450981]] [[0.49803922 0.38039216 0.31764707]  [0.49803922 0.38039216 0.31764707]  [0.5058824  0.3882353  0.3254902 ]  ...  [0.13333334 0.08627451 0.07450981]  [0.13333334 0.08627451 0.07450981]  [0.13333334 0.08627451 0.07450981]] [[0.49803922 0.38039216 0.31764707]  [0.49803922 0.38039216 0.31764707]  [0.5058824  0.3882353  0.3254902 ]  ...  [0.13333334 0.08627451 0.07450981]  [0.13333334 0.08627451 0.07450981]  [0.13333334 0.08627451 0.07450981]]]",2.651674082444515,31848,/home/amos/media/tv/Carnivale S01-S02 web 10bit hevc-d3g/Carnivale S02/Carnivale.S02E10.1080p.WEBRip.10Bit.EAC3.H265-d3g.mkv473,1080,1920,0,186,159,644,186,12366,0.006,"[[[0.42352942 0.36862746 0.3254902 ]  [0.38431373 0.32941177 0.28627452]  [0.34901962 0.29803923 0.25490198]  ...  [0.15686275 0.1254902  0.10980392]  [0.17254902 0.14117648 0.1254902 ]  [0.1882353  0.15686275 0.14117648]] [[0.38431373 0.33333334 0.2901961 ]  [0.3529412  0.29803923 0.25490198]  [0.32941177 0.28235295 0.23529412]  ...  [0.15294118 0.12156863 0.10588235]  [0.16470589 0.13333334 0.11764706]  [0.18039216 0.14901961 0.13333334]] [[0.34901962 0.3019608  0.25490198]  [0.32941177 0.28235295 0.23529412]  [0.31764707 0.27058825 0.22745098]  ...  [0.14509805 0.11372549 0.09803922]  [0.16078432 0.1254902  0.10980392]  [0.17254902 0.14117648 0.1254902 ]] ... [[0.6        0.5137255  0.45490196]  [0.6        0.5137255  0.45882353]  [0.59607846 0.5137255  0.45882353]  ...  [0.20784314 0.12941177 0.10588235]  [0.20784314 0.12941177 0.10588235]  [0.20784314 0.12941177 0.10588235]] [[0.627451   0.5411765  0.4745098 ]  [0.627451   0.5411765  0.4745098 ]  [0.62352943 0.5411765  0.4745098 ]  ...  [0.20784314 0.13333334 0.10980392]  [0.20784314 0.12941177 0.10588235]  [0.20784314 0.12941177 0.10588235]] [[0.64705884 0.56078434 0.48235294]  [0.64705884 0.56078434 0.48235294]  [0.6431373  0.56078434 0.48235294]  ...  [0.21176471 0.12941177 0.10588235]  [0.20784314 0.12941177 0.10588235]  [0.20784314 0.12941177 0.10588235]]]",5.272750054427888,32040,/home/amos/media/tv/Carnivale S01-S02 web 10bit hevc-d3g/Carnivale S02/Carnivale.S02E10.1080p.WEBRip.10Bit.EAC3.H265-d3g.mkv474,1080,1920,0,212,218,507,212,1770,0.001,"[[[0.36862746 0.3254902  0.26666668]  [0.43137255 0.3882353  0.33333334]  [0.47843137 0.43137255 0.3764706 ]  ...  [0.14117648 0.10980392 0.08627451]  [0.16470589 0.13333334 0.10980392]  [0.18431373 0.15294118 0.1254902 ]] [[0.4117647  0.3647059  0.30980393]  [0.4392157  0.39215687 0.34117648]  [0.4392157  0.39215687 0.34117648]  ...  [0.1254902  0.09411765 0.07058824]  [0.15294118 0.1254902  0.10196079]  [0.17254902 0.14117648 0.11372549]] [[0.45490196 0.40392157 0.3529412 ]  [0.42352942 0.3764706  0.32156864]  [0.39215687 0.34901962 0.29411766]  ...  [0.11372549 0.08235294 0.05882353]  [0.14117648 0.10980392 0.08627451]  [0.16078432 0.12941177 0.10196079]] ... [[0.8627451  0.76862746 0.69411767]  [0.9098039  0.8117647  0.7411765 ]  [0.8392157  0.74509805 0.67058825]  ...  [0.16862746 0.10980392 0.09019608]  [0.16862746 0.10980392 0.09019608]  [0.16470589 0.10588235 0.08627451]] [[0.83137256 0.7372549  0.6627451 ]  [0.87058824 0.7764706  0.7019608 ]  [0.83137256 0.7372549  0.65882355]  ...  [0.16862746 0.10980392 0.09019608]  [0.16862746 0.10980392 0.09019608]  [0.16470589 0.10588235 0.08627451]] [[0.78039217 0.68235296 0.6039216 ]  [0.84705883 0.7490196  0.67058825]  [0.8627451  0.76862746 0.6862745 ]  ...  [0.17254902 0.11372549 0.09411765]  [0.16862746 0.10980392 0.09019608]  [0.16470589 0.10588235 0.08627451]]]",5.563736203999724,32064,/home/amos/media/tv/Carnivale S01-S02 web 10bit hevc-d3g/Carnivale S02/Carnivale.S02E10.1080p.WEBRip.10Bit.EAC3.H265-d3g.mkv475,1080,1920,0,262,217,314,262,2340,0.001,"[[[0.20784314 0.18431373 0.14901961]  [0.19215687 0.16862746 0.13725491]  [0.18039216 0.15686275 0.1254902 ]  ...  [0.30588236 0.27058825 0.25490198]  [0.30980393 0.27450982 0.25490198]  [0.30980393 0.27450982 0.25490198]] [[0.2        0.1764706  0.14509805]  [0.18431373 0.16078432 0.12941177]  [0.17254902 0.14901961 0.11764706]  ...  [0.3137255  0.2784314  0.25882354]  [0.30980393 0.27450982 0.25490198]  [0.3137255  0.2784314  0.25882354]] [[0.20392157 0.18039216 0.14901961]  [0.19215687 0.16862746 0.13725491]  [0.18039216 0.15686275 0.1254902 ]  ...  [0.32941177 0.29411766 0.27450982]  [0.3254902  0.2901961  0.27058825]  [0.31764707 0.28235295 0.2627451 ]] ... [[0.38431373 0.32156864 0.2627451 ]  [0.38039216 0.31764707 0.25882354]  [0.36078432 0.29803923 0.23921569]  ...  [0.20784314 0.14117648 0.11372549]  [0.21568628 0.14509805 0.11764706]  [0.21960784 0.15294118 0.1254902 ]] [[0.38039216 0.31764707 0.25882354]  [0.36862746 0.30588236 0.2509804 ]  [0.34901962 0.28627452 0.22745098]  ...  [0.20784314 0.14509805 0.11764706]  [0.21176471 0.14509805 0.11764706]  [0.21568628 0.14901961 0.12156863]] [[0.39215687 0.32941177 0.27058825]  [0.3764706  0.31764707 0.25882354]  [0.35686275 0.29411766 0.23529412]  ...  [0.21176471 0.14117648 0.11764706]  [0.21176471 0.14509805 0.11764706]  [0.21568628 0.14901961 0.12156863]]]",7.953171048488002,32088,/home/amos/media/tv/Carnivale S01-S02 web 10bit hevc-d3g/Carnivale S02/Carnivale.S02E10.1080p.WEBRip.10Bit.EAC3.H265-d3g.mkv476,1080,1920,0,270,241,316,270,1334,0.001,"[[[0.16470589 0.1254902  0.09803922]  [0.14901961 0.11372549 0.09019608]  [0.16078432 0.1254902  0.09803922]  ...  [0.32941177 0.29411766 0.27058825]  [0.33333334 0.29803923 0.27058825]  [0.3372549  0.3019608  0.27450982]] [[0.16470589 0.12941177 0.10196079]  [0.16470589 0.12941177 0.10196079]  [0.17254902 0.13725491 0.10980392]  ...  [0.30980393 0.27450982 0.2509804 ]  [0.3254902  0.2901961  0.2627451 ]  [0.33333334 0.29803923 0.27058825]] [[0.16470589 0.13333334 0.10588235]  [0.1764706  0.14117648 0.11372549]  [0.1882353  0.15294118 0.1254902 ]  ...  [0.2784314  0.24313726 0.21960784]  [0.29803923 0.2627451  0.23529412]  [0.31764707 0.28235295 0.25490198]] ... [[0.34509805 0.28235295 0.23529412]  [0.40784314 0.34509805 0.29803923]  [0.45882353 0.39607844 0.34117648]  ...  [0.20392157 0.13725491 0.10588235]  [0.2        0.13333334 0.10196079]  [0.20392157 0.13725491 0.10588235]] [[0.34509805 0.28235295 0.23529412]  [0.39607844 0.33333334 0.28627452]  [0.44313726 0.38039216 0.3254902 ]  ...  [0.20392157 0.13725491 0.10588235]  [0.20392157 0.13725491 0.10196079]  [0.20392157 0.13725491 0.10980392]] [[0.32156864 0.2627451  0.21568628]  [0.36078432 0.3019608  0.25490198]  [0.40784314 0.34901962 0.29803923]  ...  [0.20392157 0.13725491 0.10588235]  [0.20784314 0.14117648 0.10588235]  [0.21176471 0.14509805 0.11372549]]]",8.669015087129083,32112,/home/amos/media/tv/Carnivale S01-S02 web 10bit hevc-d3g/Carnivale S02/Carnivale.S02E10.1080p.WEBRip.10Bit.EAC3.H265-d3g.mkv477,1080,1920,0,272,164,447,272,18900,0.009,"[[[0.16862746 0.14509805 0.12156863]  [0.16470589 0.13725491 0.11764706]  [0.14901961 0.1254902  0.10196079]  ...  [0.36862746 0.31764707 0.26666668]  [0.44705883 0.3882353  0.33333334]  [0.58431375 0.5058824  0.42745098]] [[0.16862746 0.14509805 0.12156863]  [0.15686275 0.13333334 0.10980392]  [0.14901961 0.1254902  0.10196079]  ...  [0.43529412 0.39215687 0.34509805]  [0.4        0.3529412  0.2901961 ]  [0.5137255  0.44313726 0.36862746]] [[0.16862746 0.14509805 0.12156863]  [0.15294118 0.12941177 0.10588235]  [0.15686275 0.13333334 0.10980392]  ...  [0.49411765 0.45490196 0.40784314]  [0.42352942 0.38431373 0.3254902 ]  [0.4392157  0.38039216 0.3019608 ]] ... [[0.36078432 0.29411766 0.2509804 ]  [0.32941177 0.2627451  0.22352941]  [0.34117648 0.27450982 0.23921569]  ...  [0.43137255 0.3529412  0.29411766]  [0.42352942 0.34901962 0.28627452]  [0.42745098 0.35686275 0.28627452]] [[0.36862746 0.30588236 0.2627451 ]  [0.34901962 0.28235295 0.24313726]  [0.34117648 0.2784314  0.24705882]  ...  [0.44313726 0.36862746 0.30980393]  [0.43529412 0.36078432 0.30588236]  [0.4392157  0.3647059  0.30588236]] [[0.39607844 0.33333334 0.2901961 ]  [0.34901962 0.28627452 0.2509804 ]  [0.30980393 0.24705882 0.21568628]  ...  [0.4392157  0.36862746 0.3137255 ]  [0.43529412 0.36078432 0.30588236]  [0.43529412 0.36862746 0.30980393]]]",7.205760108947288,32160,/home/amos/media/tv/Carnivale S01-S02 web 10bit hevc-d3g/Carnivale S02/Carnivale.S02E10.1080p.WEBRip.10Bit.EAC3.H265-d3g.mkv478,1080,1920,0,456,131,833,456,122525,0.059,"[[[0.3529412  0.34901962 0.28627452]  [0.3529412  0.34901962 0.28627452]  [0.3529412  0.34901962 0.28627452]  ...  [0.13725491 0.12156863 0.10588235]  [0.13333334 0.11764706 0.09803922]  [0.12941177 0.11372549 0.09411765]] [[0.3529412  0.34901962 0.28627452]  [0.3529412  0.34901962 0.28627452]  [0.3529412  0.34901962 0.28627452]  ...  [0.13333334 0.11764706 0.09803922]  [0.13333334 0.11764706 0.09803922]  [0.12941177 0.11372549 0.09411765]] [[0.3529412  0.34901962 0.28627452]  [0.3529412  0.3529412  0.28627452]  [0.35686275 0.3529412  0.2901961 ]  ...  [0.14901961 0.13333334 0.11372549]  [0.13725491 0.12156863 0.10196079]  [0.12156863 0.10588235 0.08627451]] ... [[0.25490198 0.19607843 0.16862746]  [0.27058825 0.20784314 0.18431373]  [0.2509804  0.1882353  0.16470589]  ...  [0.02352941 0.01568628 0.00784314]  [0.02352941 0.01568628 0.00784314]  [0.02745098 0.01960784 0.01176471]] [[0.24313726 0.18431373 0.15686275]  [0.25882354 0.19607843 0.17254902]  [0.26666668 0.20392157 0.18039216]  ...  [0.02352941 0.01568628 0.00784314]  [0.02352941 0.01568628 0.00784314]  [0.02745098 0.01960784 0.01176471]] [[0.25490198 0.19215687 0.16862746]  [0.25882354 0.19607843 0.17254902]  [0.24313726 0.18039216 0.15686275]  ...  [0.01960784 0.01176471 0.00392157]  [0.02352941 0.01568628 0.00784314]  [0.02352941 0.01568628 0.00784314]]]",5.979398020368535,32184,/home/amos/media/tv/Carnivale S01-S02 web 10bit hevc-d3g/Carnivale S02/Carnivale.S02E10.1080p.WEBRip.10Bit.EAC3.H265-d3g.mkv479,1080,1920,0,459,181,531,459,20016,0.01,"[[[0.22352941 0.19607843 0.16470589]  [0.20392157 0.1764706  0.14509805]  [0.2        0.17254902 0.14509805]  ...  [0.9882353  0.91764706 0.73333335]  [0.99215686 0.9254902  0.75686276]  [0.9843137  0.91764706 0.7490196 ]] [[0.21568628 0.1882353  0.15686275]  [0.2        0.17254902 0.13725491]  [0.18431373 0.15686275 0.1254902 ]  ...  [0.81960785 0.7254902  0.5686275 ]  [0.78431374 0.6901961  0.52156866]  [0.87058824 0.76862746 0.60784316]] [[0.20392157 0.1764706  0.14509805]  [0.18431373 0.15686275 0.1254902 ]  [0.18039216 0.15294118 0.12156863]  ...  [0.9254902  0.8509804  0.69411767]  [0.80784315 0.7254902  0.57254905]  [0.9411765  0.85882354 0.69411767]] ... [[0.1882353  0.14117648 0.10588235]  [0.2        0.15294118 0.12156863]  [0.19607843 0.14901961 0.11372549]  ...  [0.32156864 0.23529412 0.18039216]  [0.34509805 0.25882354 0.20392157]  [0.4509804  0.3647059  0.30980393]] [[0.1882353  0.14117648 0.10588235]  [0.20392157 0.15686275 0.12156863]  [0.20784314 0.16078432 0.1254902 ]  ...  [0.49019608 0.40392157 0.34901962]  [0.3647059  0.2784314  0.22352941]  [0.3529412  0.2627451  0.21176471]] [[0.1882353  0.14117648 0.10588235]  [0.20784314 0.16078432 0.1254902 ]  [0.20392157 0.15686275 0.12156863]  ...  [0.5882353  0.5019608  0.44313726]  [0.4509804  0.3647059  0.30980393]  [0.43137255 0.34509805 0.29411766]]]",7.904208988125902,32280,/home/amos/media/tv/Carnivale S01-S02 web 10bit hevc-d3g/Carnivale S02/Carnivale.S02E10.1080p.WEBRip.10Bit.EAC3.H265-d3g.mkv480,1080,1920,0,452,155,496,452,13068,0.006,"[[[0.19607843 0.17254902 0.14117648]  [0.20392157 0.18039216 0.14901961]  [0.20392157 0.18039216 0.14901961]  ...  [0.74509805 0.67058825 0.5137255 ]  [0.8117647  0.73333335 0.5882353 ]  [0.9019608  0.83137256 0.6901961 ]] [[0.2        0.1764706  0.14509805]  [0.20392157 0.18039216 0.14901961]  [0.20392157 0.18039216 0.14901961]  ...  [0.6666667  0.5882353  0.42745098]  [0.69411767 0.60784316 0.4509804 ]  [0.80784315 0.7176471  0.57254905]] [[0.1882353  0.16470589 0.13333334]  [0.1882353  0.16470589 0.13333334]  [0.19215687 0.16862746 0.13725491]  ...  [0.8392157  0.7647059  0.6       ]  [0.75686276 0.67058825 0.50980395]  [0.9098039  0.8156863  0.6627451 ]] ... [[0.19215687 0.14901961 0.11372549]  [0.19215687 0.14901961 0.11372549]  [0.1882353  0.14509805 0.10980392]  ...  [0.3137255  0.25490198 0.2       ]  [0.49411765 0.40392157 0.3254902 ]  [0.79607844 0.6862745  0.5921569 ]] [[0.19607843 0.15294118 0.11764706]  [0.19607843 0.15294118 0.11764706]  [0.19215687 0.14901961 0.11372549]  ...  [0.27450982 0.21176471 0.16078432]  [0.38039216 0.3019608  0.23529412]  [0.6        0.5058824  0.41568628]] [[0.19215687 0.14901961 0.11372549]  [0.2        0.15686275 0.12156863]  [0.19215687 0.14901961 0.11372549]  ...  [0.27450982 0.21568628 0.16470589]  [0.33333334 0.26666668 0.21176471]  [0.5137255  0.42745098 0.34901962]]]",9.851944079506211,32304,/home/amos/media/tv/Carnivale S01-S02 web 10bit hevc-d3g/Carnivale S02/Carnivale.S02E10.1080p.WEBRip.10Bit.EAC3.H265-d3g.mkv481,1080,1920,0,449,157,439,449,2920,0.001,"[[[0.19215687 0.1764706  0.14117648]  [0.18431373 0.16862746 0.13333334]  [0.1882353  0.17254902 0.13725491]  ...  [0.98039216 0.91764706 0.7529412 ]  [0.94509804 0.88235295 0.7137255 ]  [0.81960785 0.7490196  0.5764706 ]] [[0.18431373 0.16078432 0.12941177]  [0.18039216 0.15686275 0.1254902 ]  [0.19215687 0.16862746 0.14117648]  ...  [0.95686275 0.8980392  0.74509805]  [0.9764706  0.9098039  0.74509805]  [0.9882353  0.9254902  0.7607843 ]] [[0.1764706  0.15294118 0.12156863]  [0.18431373 0.16078432 0.12941177]  [0.20392157 0.18039216 0.14901961]  ...  [0.96862745 0.9372549  0.78431374]  [1.         0.9764706  0.8156863 ]  [1.         0.9529412  0.7882353 ]] ... [[0.19607843 0.15294118 0.12156863]  [0.1882353  0.14509805 0.11372549]  [0.16862746 0.1254902  0.09411765]  ...  [0.89411765 0.75686276 0.62352943]  [0.85490197 0.7254902  0.59607846]  [0.69803923 0.57254905 0.4509804 ]] [[0.19607843 0.15294118 0.12156863]  [0.18431373 0.14117648 0.10980392]  [0.16470589 0.12156863 0.09019608]  ...  [0.81960785 0.6784314  0.54901963]  [0.89411765 0.7607843  0.6313726 ]  [0.74509805 0.6156863  0.49411765]] [[0.2        0.15686275 0.1254902 ]  [0.18431373 0.14117648 0.10980392]  [0.16078432 0.11764706 0.08627451]  ...  [0.8117647  0.6745098  0.5372549 ]  [0.9372549  0.8039216  0.6745098 ]  [0.8156863  0.6901961  0.5686275 ]]]",11.79143917595502,32328,/home/amos/media/tv/Carnivale S01-S02 web 10bit hevc-d3g/Carnivale S02/Carnivale.S02E10.1080p.WEBRip.10Bit.EAC3.H265-d3g.mkv482,1080,1920,0,445,163,518,445,20586,0.01,"[[[0.20392157 0.1764706  0.14509805]  [0.20784314 0.18039216 0.14901961]  [0.21176471 0.18431373 0.15294118]  ...  [0.90588236 0.827451   0.6509804 ]  [0.8745098  0.78431374 0.61960787]  [0.83137256 0.73333335 0.58431375]] [[0.2        0.17254902 0.14117648]  [0.20784314 0.18039216 0.14901961]  [0.21568628 0.1882353  0.15686275]  ...  [0.98039216 0.92156863 0.74509805]  [0.95686275 0.8745098  0.70980394]  [0.9529412  0.88235295 0.7294118 ]] [[0.20392157 0.1764706  0.14901961]  [0.20784314 0.18039216 0.14901961]  [0.20392157 0.1764706  0.14509805]  ...  [0.96862745 0.9137255  0.7372549 ]  [0.92156863 0.8509804  0.6784314 ]  [0.9843137  0.92156863 0.7607843 ]] ... [[0.18431373 0.13725491 0.10588235]  [0.1764706  0.1254902  0.09411765]  [0.1764706  0.12941177 0.09803922]  ...  [0.24313726 0.18431373 0.13725491]  [0.3137255  0.2627451  0.21176471]  [0.28627452 0.23529412 0.18431373]] [[0.18431373 0.13725491 0.10588235]  [0.17254902 0.1254902  0.09411765]  [0.1764706  0.12941177 0.09803922]  ...  [0.23529412 0.18039216 0.13333334]  [0.28235295 0.22745098 0.18039216]  [0.30980393 0.25490198 0.20784314]] [[0.18431373 0.13725491 0.10588235]  [0.1764706  0.12941177 0.09803922]  [0.1764706  0.12941177 0.09803922]  ...  [0.24705882 0.19215687 0.14901961]  [0.26666668 0.21176471 0.16862746]  [0.3137255  0.25882354 0.21176471]]]",9.343137950345408,32352,/home/amos/media/tv/Carnivale S01-S02 web 10bit hevc-d3g/Carnivale S02/Carnivale.S02E10.1080p.WEBRip.10Bit.EAC3.H265-d3g.mkv483,1080,1920,0,88,654,1301,88,686558,0.331,"[[[0.26666668 0.23921569 0.21960784]  [0.27450982 0.24705882 0.22745098]  [0.3137255  0.28627452 0.26666668]  ...  [0.24705882 0.20784314 0.18431373]  [0.24705882 0.20784314 0.18431373]  [0.24705882 0.20784314 0.18431373]] [[0.27058825 0.24313726 0.22352941]  [0.2784314  0.2509804  0.23137255]  [0.31764707 0.2901961  0.27058825]  ...  [0.24705882 0.20784314 0.18431373]  [0.24705882 0.20784314 0.18431373]  [0.24705882 0.20784314 0.18431373]] [[0.28627452 0.25882354 0.23529412]  [0.29411766 0.26666668 0.24313726]  [0.32941177 0.3019608  0.28235295]  ...  [0.24705882 0.20784314 0.18431373]  [0.24705882 0.20784314 0.18431373]  [0.24705882 0.20784314 0.18431373]] ... [[0.22745098 0.20392157 0.18039216]  [0.22745098 0.20392157 0.18039216]  [0.22352941 0.2        0.1764706 ]  ...  [0.30980393 0.27450982 0.24705882]  [0.3019608  0.26666668 0.23921569]  [0.29803923 0.2627451  0.23529412]] [[0.22745098 0.20392157 0.18039216]  [0.22745098 0.20392157 0.18039216]  [0.22352941 0.2        0.1764706 ]  ...  [0.30588236 0.27058825 0.24313726]  [0.29803923 0.2627451  0.23529412]  [0.29803923 0.2627451  0.23529412]] [[0.22745098 0.20392157 0.18039216]  [0.22745098 0.20392157 0.18039216]  [0.22352941 0.2        0.1764706 ]  ...  [0.30588236 0.27058825 0.24313726]  [0.29803923 0.2627451  0.23529412]  [0.29803923 0.2627451  0.23529412]]]",4.4688181229284965,32376,/home/amos/media/tv/Carnivale S01-S02 web 10bit hevc-d3g/Carnivale S02/Carnivale.S02E10.1080p.WEBRip.10Bit.EAC3.H265-d3g.mkv484,1080,1920,0,55,426,1371,55,488236,0.235,"[[[0.11764706 0.09411765 0.07843138]  [0.11764706 0.09411765 0.07843138]  [0.11764706 0.09411765 0.07843138]  ...  [0.37254903 0.32941177 0.29803923]  [0.37254903 0.32941177 0.29803923]  [0.         0.         0.        ]] [[0.11764706 0.09411765 0.07843138]  [0.11764706 0.09411765 0.07843138]  [0.11764706 0.09411765 0.07843138]  ...  [0.37254903 0.32941177 0.29803923]  [0.37254903 0.32941177 0.29803923]  [0.         0.         0.        ]] [[0.11764706 0.09411765 0.07843138]  [0.11764706 0.09411765 0.07843138]  [0.11764706 0.09411765 0.07843138]  ...  [0.37254903 0.32941177 0.29803923]  [0.37254903 0.32941177 0.29803923]  [0.         0.         0.        ]] ... [[0.38431373 0.3372549  0.3137255 ]  [0.38431373 0.3372549  0.3137255 ]  [0.3882353  0.34117648 0.3137255 ]  ...  [0.41960785 0.37254903 0.3372549 ]  [0.41960785 0.37254903 0.3372549 ]  [0.         0.         0.        ]] [[0.38431373 0.3372549  0.3137255 ]  [0.38431373 0.3372549  0.3137255 ]  [0.3882353  0.34117648 0.31764707]  ...  [0.41960785 0.37254903 0.3372549 ]  [0.41960785 0.37254903 0.3372549 ]  [0.         0.         0.        ]] [[0.         0.         0.        ]  [0.         0.         0.        ]  [0.         0.         0.        ]  ...  [0.         0.         0.        ]  [0.         0.         0.        ]  [0.         0.         0.        ]]]",1.5943739408976398,32400,/home/amos/media/tv/Carnivale S01-S02 web 10bit hevc-d3g/Carnivale S02/Carnivale.S02E10.1080p.WEBRip.10Bit.EAC3.H265-d3g.mkv485,1080,1920,0,60,502,1349,60,569738,0.275,"[[[0.4392157  0.40784314 0.35686275]  [0.4392157  0.40784314 0.35686275]  [0.4392157  0.40784314 0.35686275]  ...  [0.6313726  0.6        0.5254902 ]  [0.627451   0.59607846 0.52156866]  [0.627451   0.59607846 0.52156866]] [[0.4392157  0.40784314 0.35686275]  [0.4392157  0.40784314 0.35686275]  [0.4392157  0.40784314 0.35686275]  ...  [0.6313726  0.6        0.5254902 ]  [0.627451   0.59607846 0.52156866]  [0.627451   0.59607846 0.52156866]] [[0.4392157  0.40784314 0.35686275]  [0.4392157  0.40784314 0.35686275]  [0.4392157  0.40784314 0.35686275]  ...  [0.6313726  0.6        0.5254902 ]  [0.627451   0.5921569  0.5176471 ]  [0.627451   0.5921569  0.5176471 ]] ... [[0.38431373 0.3529412  0.30588236]  [0.38431373 0.3529412  0.30588236]  [0.3882353  0.35686275 0.30980393]  ...  [0.57254905 0.53333336 0.47058824]  [0.57254905 0.53333336 0.47058824]  [0.57254905 0.53333336 0.47058824]] [[0.38039216 0.34901962 0.3019608 ]  [0.38039216 0.34901962 0.3019608 ]  [0.38431373 0.34901962 0.3019608 ]  ...  [0.5686275  0.5294118  0.46666667]  [0.5686275  0.5294118  0.46666667]  [0.5686275  0.5294118  0.46666667]] [[0.38039216 0.34901962 0.3019608 ]  [0.38039216 0.34901962 0.3019608 ]  [0.38431373 0.34901962 0.3019608 ]  ...  [0.5686275  0.5294118  0.46666667]  [0.5686275  0.5294118  0.46666667]  [0.5686275  0.5294118  0.46666667]]]",3.962870213610586,32544,/home/amos/media/tv/Carnivale S01-S02 web 10bit hevc-d3g/Carnivale S02/Carnivale.S02E10.1080p.WEBRip.10Bit.EAC3.H265-d3g.mkv486,1080,1920,1,60,1005,1275,60,1148175,0.554,"[[[0.20392157 0.17254902 0.12156863]  [0.20392157 0.17254902 0.12156863]  [0.20392157 0.17254902 0.12156863]  ...  [0.23921569 0.20784314 0.15686275]  [0.23921569 0.20784314 0.15686275]  [0.23921569 0.20784314 0.15686275]] [[0.20392157 0.17254902 0.12156863]  [0.20392157 0.17254902 0.12156863]  [0.20392157 0.17254902 0.12156863]  ...  [0.23921569 0.20784314 0.15686275]  [0.23921569 0.20784314 0.15686275]  [0.23921569 0.20784314 0.15686275]] [[0.20392157 0.17254902 0.12156863]  [0.20392157 0.17254902 0.12156863]  [0.20392157 0.17254902 0.12156863]  ...  [0.23529412 0.20392157 0.15294118]  [0.23529412 0.20392157 0.15294118]  [0.23529412 0.20392157 0.15294118]] ... [[0.1764706  0.14117648 0.08627451]  [0.1764706  0.14117648 0.08627451]  [0.1764706  0.14117648 0.08627451]  ...  [0.2901961  0.2627451  0.21176471]  [0.28627452 0.25882354 0.20784314]  [0.28627452 0.25882354 0.20784314]] [[0.1764706  0.14117648 0.08627451]  [0.1764706  0.14117648 0.08627451]  [0.1764706  0.14117648 0.08627451]  ...  [0.28627452 0.25882354 0.21176471]  [0.28627452 0.25882354 0.20784314]  [0.28627452 0.25882354 0.20784314]] [[0.1764706  0.14117648 0.08627451]  [0.1764706  0.14117648 0.08627451]  [0.1764706  0.14117648 0.08627451]  ...  [0.28627452 0.25882354 0.20784314]  [0.28627452 0.25882354 0.20784314]  [0.28627452 0.25882354 0.20784314]]]",1.120259060000535,32544,/home/amos/media/tv/Carnivale S01-S02 web 10bit hevc-d3g/Carnivale S02/Carnivale.S02E10.1080p.WEBRip.10Bit.EAC3.H265-d3g.mkv487,1080,1920,0,69,269,1321,69,250400,0.121,"[[[0.1882353  0.15686275 0.09411765]  [0.1882353  0.15686275 0.09411765]  [0.18039216 0.14901961 0.08627451]  ...  [0.3647059  0.34509805 0.3137255 ]  [0.36078432 0.34509805 0.30980393]  [0.36078432 0.34509805 0.30980393]] [[0.1882353  0.15686275 0.09411765]  [0.1882353  0.15686275 0.09411765]  [0.18039216 0.14901961 0.08627451]  ...  [0.3647059  0.34509805 0.3137255 ]  [0.36078432 0.34509805 0.30980393]  [0.36078432 0.34509805 0.30980393]] [[0.1882353  0.15686275 0.09411765]  [0.1882353  0.15686275 0.09411765]  [0.18039216 0.15294118 0.08627451]  ...  [0.37254903 0.35686275 0.32156864]  [0.37254903 0.35686275 0.32156864]  [0.37254903 0.35686275 0.32156864]] ... [[0.12941177 0.10980392 0.06666667]  [0.12941177 0.10980392 0.06666667]  [0.12941177 0.10980392 0.06666667]  ...  [0.24705882 0.21568628 0.17254902]  [0.22745098 0.2        0.15294118]  [0.22745098 0.2        0.15294118]] [[0.12941177 0.10980392 0.06666667]  [0.12941177 0.10980392 0.06666667]  [0.12941177 0.10980392 0.06666667]  ...  [0.2509804  0.21960784 0.1764706 ]  [0.23137255 0.2        0.15686275]  [0.23137255 0.2        0.15686275]] [[0.12941177 0.10980392 0.06666667]  [0.12941177 0.10980392 0.06666667]  [0.12941177 0.10980392 0.06666667]  ...  [0.2509804  0.21960784 0.1764706 ]  [0.23137255 0.2        0.15686275]  [0.23137255 0.2        0.15686275]]]",3.9043930142070167,32568,/home/amos/media/tv/Carnivale S01-S02 web 10bit hevc-d3g/Carnivale S02/Carnivale.S02E10.1080p.WEBRip.10Bit.EAC3.H265-d3g.mkv488,1080,1920,1,73,241,1315,73,208656,0.101,"[[[0.23137255 0.2        0.14901961]  [0.23137255 0.2        0.14901961]  [0.21568628 0.18431373 0.13333334]  ...  [0.22352941 0.20784314 0.16862746]  [0.22745098 0.21176471 0.1764706 ]  [0.22745098 0.21176471 0.1764706 ]] [[0.23137255 0.2        0.14901961]  [0.23137255 0.2        0.14901961]  [0.21568628 0.18431373 0.13333334]  ...  [0.22352941 0.20784314 0.16862746]  [0.22745098 0.21176471 0.1764706 ]  [0.22745098 0.21176471 0.1764706 ]] [[0.23137255 0.2        0.14901961]  [0.23137255 0.2        0.14901961]  [0.21568628 0.18431373 0.13333334]  ...  [0.21960784 0.20392157 0.16862746]  [0.22352941 0.20784314 0.17254902]  [0.22352941 0.20784314 0.17254902]] ... [[0.13333334 0.10980392 0.05882353]  [0.13333334 0.10980392 0.05882353]  [0.13333334 0.10980392 0.05882353]  ...  [0.3137255  0.29411766 0.2509804 ]  [0.3254902  0.30588236 0.2627451 ]  [0.3254902  0.30588236 0.2627451 ]] [[0.13333334 0.10980392 0.05882353]  [0.13333334 0.10980392 0.05882353]  [0.13333334 0.11372549 0.05882353]  ...  [0.32156864 0.3019608  0.25882354]  [0.33333334 0.3137255  0.27058825]  [0.33333334 0.3137255  0.27058825]] [[0.13333334 0.10980392 0.05882353]  [0.13333334 0.10980392 0.05882353]  [0.13333334 0.10980392 0.0627451 ]  ...  [0.32156864 0.3019608  0.25882354]  [0.33333334 0.3137255  0.27058825]  [0.33333334 0.3137255  0.27058825]]]",5.145783975895029,32568,/home/amos/media/tv/Carnivale S01-S02 web 10bit hevc-d3g/Carnivale S02/Carnivale.S02E10.1080p.WEBRip.10Bit.EAC3.H265-d3g.mkv489,1080,1920,2,43,988,1756,43,1618785,0.781,"[[[0.3764706  0.34117648 0.28627452]  [0.3764706  0.34117648 0.28627452]  [0.3764706  0.34117648 0.28627452]  ...  [0.21176471 0.18431373 0.13333334]  [0.21176471 0.18431373 0.13333334]  [0.21176471 0.18431373 0.13333334]] [[0.3764706  0.34117648 0.28627452]  [0.3764706  0.34117648 0.28627452]  [0.3764706  0.34117648 0.28627452]  ...  [0.21176471 0.18431373 0.13333334]  [0.21176471 0.18431373 0.13333334]  [0.21176471 0.18431373 0.13333334]] [[0.3764706  0.34117648 0.28627452]  [0.3764706  0.34117648 0.28627452]  [0.3764706  0.34117648 0.28627452]  ...  [0.21176471 0.18431373 0.13333334]  [0.21176471 0.18431373 0.13333334]  [0.21176471 0.18431373 0.13333334]] ... [[0.29411766 0.25882354 0.20392157]  [0.29411766 0.25882354 0.20392157]  [0.29411766 0.25882354 0.20392157]  ...  [0.41568628 0.39215687 0.3372549 ]  [0.41568628 0.39215687 0.3372549 ]  [0.41568628 0.39215687 0.3372549 ]] [[0.29411766 0.25882354 0.20392157]  [0.29411766 0.25882354 0.20392157]  [0.29411766 0.25882354 0.20392157]  ...  [0.41568628 0.39215687 0.3372549 ]  [0.41568628 0.39215687 0.3372549 ]  [0.41568628 0.39215687 0.3372549 ]] [[0.29411766 0.25882354 0.20392157]  [0.29411766 0.25882354 0.20392157]  [0.29411766 0.25882354 0.20392157]  ...  [0.41568628 0.39215687 0.3372549 ]  [0.41568628 0.39215687 0.3372549 ]  [0.41568628 0.39215687 0.3372549 ]]]",5.809193981753197,32568,/home/amos/media/tv/Carnivale S01-S02 web 10bit hevc-d3g/Carnivale S02/Carnivale.S02E10.1080p.WEBRip.10Bit.EAC3.H265-d3g.mkv490,1080,1920,0,55,185,1361,55,169780,0.082,"[[[0.5764706  0.54509807 0.4745098 ]  [0.5764706  0.54509807 0.4745098 ]  [0.5764706  0.54509807 0.4745098 ]  ...  [0.29803923 0.26666668 0.20392157]  [0.29803923 0.26666668 0.20392157]  [0.         0.         0.        ]] [[0.5764706  0.54509807 0.4745098 ]  [0.5764706  0.54509807 0.4745098 ]  [0.5764706  0.54509807 0.4745098 ]  ...  [0.29803923 0.26666668 0.20392157]  [0.29803923 0.26666668 0.20392157]  [0.         0.         0.        ]] [[0.5803922  0.54901963 0.47843137]  [0.5803922  0.54901963 0.47843137]  [0.5803922  0.54901963 0.47843137]  ...  [0.29411766 0.2627451  0.2       ]  [0.29411766 0.2627451  0.2       ]  [0.         0.         0.        ]] ... [[0.15686275 0.1254902  0.08235294]  [0.15686275 0.1254902  0.08235294]  [0.15686275 0.1254902  0.08235294]  ...  [0.29803923 0.26666668 0.19607843]  [0.29803923 0.26666668 0.19607843]  [0.         0.         0.        ]] [[0.15686275 0.1254902  0.08235294]  [0.15686275 0.1254902  0.08235294]  [0.15686275 0.1254902  0.08235294]  ...  [0.29803923 0.26666668 0.19607843]  [0.29803923 0.26666668 0.19607843]  [0.         0.         0.        ]] [[0.         0.         0.        ]  [0.         0.         0.        ]  [0.         0.         0.        ]  ...  [0.         0.         0.        ]  [0.         0.         0.        ]  [0.         0.         0.        ]]]",4.29988505813526,32592,/home/amos/media/tv/Carnivale S01-S02 web 10bit hevc-d3g/Carnivale S02/Carnivale.S02E10.1080p.WEBRip.10Bit.EAC3.H265-d3g.mkv491,1080,1920,1,65,254,1366,65,245889,0.119,"[[[0.19215687 0.16078432 0.11372549]  [0.19215687 0.16078432 0.11372549]  [0.19215687 0.16078432 0.11372549]  ...  [0.3882353  0.35686275 0.3137255 ]  [0.39215687 0.36078432 0.31764707]  [0.39215687 0.36078432 0.31764707]] [[0.19215687 0.16078432 0.11372549]  [0.19215687 0.16078432 0.11372549]  [0.19215687 0.16078432 0.11372549]  ...  [0.3882353  0.35686275 0.3137255 ]  [0.39215687 0.36078432 0.31764707]  [0.39215687 0.36078432 0.31764707]] [[0.19215687 0.16470589 0.11764706]  [0.19215687 0.16470589 0.11764706]  [0.19215687 0.16470589 0.11764706]  ...  [0.38431373 0.3529412  0.30980393]  [0.3882353  0.35686275 0.3137255 ]  [0.3882353  0.35686275 0.3137255 ]] ... [[0.07450981 0.04705882 0.01568628]  [0.07450981 0.04705882 0.01568628]  [0.07450981 0.04705882 0.01568628]  ...  [0.46666667 0.43137255 0.38039216]  [0.45882353 0.42352942 0.37254903]  [0.45882353 0.42352942 0.37254903]] [[0.07450981 0.04705882 0.01568628]  [0.07450981 0.04705882 0.01568628]  [0.07058824 0.04313726 0.01176471]  ...  [0.47843137 0.44313726 0.39215687]  [0.47058824 0.43529412 0.38431373]  [0.47058824 0.43529412 0.38431373]] [[0.07450981 0.04705882 0.01568628]  [0.07450981 0.04705882 0.01568628]  [0.07058824 0.04313726 0.01568628]  ...  [0.47843137 0.44313726 0.39215687]  [0.47058824 0.43529412 0.38431373]  [0.47058824 0.43529412 0.38431373]]]",3.738080144568812,32592,/home/amos/media/tv/Carnivale S01-S02 web 10bit hevc-d3g/Carnivale S02/Carnivale.S02E10.1080p.WEBRip.10Bit.EAC3.H265-d3g.mkv492,1080,1920,2,56,316,1385,56,345540,0.167,"[[[0.53333336 0.5019608  0.45490196]  [0.53333336 0.5019608  0.45490196]  [0.5372549  0.5058824  0.45882353]  ...  [0.40392157 0.36862746 0.31764707]  [0.4117647  0.3764706  0.3254902 ]  [0.4117647  0.3764706  0.3254902 ]] [[0.53333336 0.5019608  0.45490196]  [0.53333336 0.5019608  0.45490196]  [0.5372549  0.5058824  0.45882353]  ...  [0.40392157 0.36862746 0.31764707]  [0.4117647  0.3764706  0.3254902 ]  [0.4117647  0.3764706  0.3254902 ]] [[0.52156866 0.49019608 0.44313726]  [0.52156866 0.49019608 0.44313726]  [0.5254902  0.49411765 0.44705883]  ...  [0.40784314 0.37254903 0.32156864]  [0.4117647  0.3764706  0.3254902 ]  [0.4117647  0.3764706  0.3254902 ]] ... [[0.08627451 0.05882353 0.02745098]  [0.08627451 0.05882353 0.02745098]  [0.09019608 0.05882353 0.02745098]  ...  [0.4        0.3647059  0.3137255 ]  [0.4        0.36862746 0.3137255 ]  [0.4        0.36862746 0.3137255 ]] [[0.08627451 0.05882353 0.02745098]  [0.08627451 0.05882353 0.02745098]  [0.09019608 0.05882353 0.02745098]  ...  [0.39215687 0.35686275 0.30588236]  [0.39607844 0.36078432 0.30980393]  [0.39607844 0.36078432 0.30980393]] [[0.08627451 0.05882353 0.02745098]  [0.08627451 0.05882353 0.02745098]  [0.08627451 0.0627451  0.03137255]  ...  [0.39215687 0.36078432 0.30588236]  [0.39607844 0.36078432 0.30980393]  [0.39607844 0.36078432 0.30980393]]]",6.9881841237074696,32592,/home/amos/media/tv/Carnivale S01-S02 web 10bit hevc-d3g/Carnivale S02/Carnivale.S02E10.1080p.WEBRip.10Bit.EAC3.H265-d3g.mkv493,1080,1920,3,59,280,1377,59,291278,0.14,"[[[0.3882353  0.35686275 0.29803923]  [0.3882353  0.35686275 0.29803923]  [0.4        0.36862746 0.30588236]  ...  [0.3882353  0.3529412  0.30588236]  [0.39607844 0.36078432 0.30980393]  [0.39607844 0.36078432 0.30980393]] [[0.3882353  0.35686275 0.29803923]  [0.3882353  0.35686275 0.29803923]  [0.4        0.36862746 0.30588236]  ...  [0.3882353  0.35686275 0.3019608 ]  [0.39607844 0.36078432 0.30980393]  [0.39607844 0.36078432 0.30980393]] [[0.3882353  0.35686275 0.29803923]  [0.3882353  0.35686275 0.29803923]  [0.4        0.36862746 0.30980393]  ...  [0.40392157 0.36862746 0.31764707]  [0.4117647  0.3764706  0.3254902 ]  [0.4117647  0.3764706  0.3254902 ]] ... [[0.09803922 0.07058824 0.03921569]  [0.09803922 0.07058824 0.03921569]  [0.10196079 0.07450981 0.04313726]  ...  [0.37254903 0.34117648 0.28627452]  [0.3647059  0.33333334 0.2784314 ]  [0.3647059  0.33333334 0.2784314 ]] [[0.09803922 0.07058824 0.03921569]  [0.09803922 0.07058824 0.03921569]  [0.10196079 0.07450981 0.04313726]  ...  [0.35686275 0.3254902  0.27058825]  [0.3529412  0.32156864 0.26666668]  [0.3529412  0.32156864 0.26666668]] [[0.09803922 0.07058824 0.03921569]  [0.09803922 0.07058824 0.03921569]  [0.10196079 0.07450981 0.04313726]  ...  [0.35686275 0.3254902  0.27058825]  [0.3529412  0.32156864 0.26666668]  [0.3529412  0.32156864 0.26666668]]]",4.328632034768816,32592,/home/amos/media/tv/Carnivale S01-S02 web 10bit hevc-d3g/Carnivale S02/Carnivale.S02E10.1080p.WEBRip.10Bit.EAC3.H265-d3g.mkv494,1080,1920,0,52,33,1598,52,29374,0.014,"[[[0.2509804  0.21568628 0.17254902]  [0.2509804  0.21568628 0.17254902]  [0.2509804  0.21568628 0.17254902]  ...  [0.21176471 0.21176471 0.20392157]  [0.21176471 0.21568628 0.20784314]  [0.21176471 0.21568628 0.20784314]] [[0.2509804  0.21568628 0.17254902]  [0.2509804  0.21568628 0.17254902]  [0.2509804  0.21568628 0.17254902]  ...  [0.20784314 0.21568628 0.20392157]  [0.21176471 0.21568628 0.20784314]  [0.21176471 0.21568628 0.20784314]] [[0.2509804  0.21568628 0.17254902]  [0.2509804  0.21568628 0.17254902]  [0.2509804  0.21568628 0.17254902]  ...  [0.20784314 0.21176471 0.20392157]  [0.20784314 0.21176471 0.20392157]  [0.20784314 0.21176471 0.20392157]] ... [[0.21960784 0.1882353  0.14901961]  [0.21960784 0.1882353  0.14901961]  [0.21960784 0.1882353  0.14901961]  ...  [0.14509805 0.14117648 0.12941177]  [0.14901961 0.14509805 0.13333334]  [0.14901961 0.14509805 0.13333334]] [[0.21960784 0.1882353  0.14901961]  [0.21960784 0.1882353  0.14901961]  [0.21960784 0.1882353  0.14901961]  ...  [0.14509805 0.14509805 0.13333334]  [0.14901961 0.14509805 0.13333334]  [0.14901961 0.14509805 0.13333334]] [[0.21960784 0.1882353  0.14901961]  [0.21960784 0.1882353  0.14901961]  [0.21960784 0.1882353  0.14901961]  ...  [0.14509805 0.14509805 0.12941177]  [0.14901961 0.14509805 0.13333334]  [0.14901961 0.14509805 0.13333334]]]",2.428969007974956,32640,/home/amos/media/tv/Carnivale S01-S02 web 10bit hevc-d3g/Carnivale S02/Carnivale.S02E10.1080p.WEBRip.10Bit.EAC3.H265-d3g.mkv495,1080,1920,1,54,542,1612,54,760304,0.367,"[[[0.30588236 0.28627452 0.27450982]  [0.30588236 0.28627452 0.27450982]  [0.30588236 0.28627452 0.27450982]  ...  [0.2509804  0.23921569 0.23921569]  [0.2509804  0.23921569 0.23921569]  [0.2509804  0.23921569 0.23921569]] [[0.30588236 0.28627452 0.27450982]  [0.30588236 0.28627452 0.27450982]  [0.30588236 0.28627452 0.27450982]  ...  [0.2509804  0.23921569 0.23921569]  [0.2509804  0.23921569 0.23921569]  [0.2509804  0.23921569 0.23921569]] [[0.30588236 0.28627452 0.27450982]  [0.30588236 0.28627452 0.27450982]  [0.30588236 0.28627452 0.27450982]  ...  [0.2509804  0.23921569 0.23921569]  [0.2509804  0.23921569 0.23921569]  [0.2509804  0.23921569 0.23921569]] ... [[0.3764706  0.34901962 0.33333334]  [0.3764706  0.34901962 0.33333334]  [0.3764706  0.34901962 0.33333334]  ...  [0.05882353 0.04705882 0.03529412]  [0.05882353 0.04705882 0.03529412]  [0.05882353 0.04705882 0.03529412]] [[0.3764706  0.34901962 0.33333334]  [0.3764706  0.34901962 0.33333334]  [0.38039216 0.3529412  0.3372549 ]  ...  [0.05882353 0.04705882 0.03529412]  [0.05882353 0.04705882 0.03529412]  [0.05882353 0.04705882 0.03529412]] [[0.3764706  0.34901962 0.33333334]  [0.3764706  0.34901962 0.33333334]  [0.38039216 0.3529412  0.3372549 ]  ...  [0.05882353 0.04705882 0.03529412]  [0.05882353 0.04705882 0.03529412]  [0.05882353 0.04705882 0.03529412]]]",2.1886620098375715,32640,/home/amos/media/tv/Carnivale S01-S02 web 10bit hevc-d3g/Carnivale S02/Carnivale.S02E10.1080p.WEBRip.10Bit.EAC3.H265-d3g.mkv496,1080,1920,0,184,587,1151,184,389701,0.188,"[[[0.1764706  0.11372549 0.09411765]  [0.1764706  0.11372549 0.09411765]  [0.1764706  0.11372549 0.09411765]  ...  [0.00392157 0.         0.        ]  [0.00392157 0.         0.        ]  [0.00392157 0.         0.        ]] [[0.18039216 0.11764706 0.09803922]  [0.18039216 0.11764706 0.09803922]  [0.18039216 0.11764706 0.09803922]  ...  [0.00392157 0.         0.        ]  [0.00392157 0.         0.        ]  [0.00392157 0.         0.        ]] [[0.18039216 0.11764706 0.09803922]  [0.18039216 0.11764706 0.09803922]  [0.18039216 0.11764706 0.09803922]  ...  [0.00392157 0.         0.        ]  [0.00392157 0.         0.        ]  [0.00392157 0.         0.        ]] ... [[0.11764706 0.08235294 0.05882353]  [0.11764706 0.08235294 0.05490196]  [0.11764706 0.08235294 0.05490196]  ...  [0.01176471 0.00784314 0.        ]  [0.01176471 0.00784314 0.        ]  [0.01176471 0.00784314 0.        ]] [[0.11764706 0.08235294 0.05882353]  [0.11764706 0.08235294 0.05490196]  [0.11764706 0.08235294 0.05490196]  ...  [0.01176471 0.00784314 0.        ]  [0.01176471 0.00784314 0.        ]  [0.01176471 0.00784314 0.        ]] [[0.12156863 0.08627451 0.0627451 ]  [0.11764706 0.08235294 0.05882353]  [0.11764706 0.08235294 0.05882353]  ...  [0.01176471 0.00784314 0.        ]  [0.01176471 0.00784314 0.        ]  [0.01176471 0.00784314 0.        ]]]",1.9540220578783192,32688,/home/amos/media/tv/Carnivale S01-S02 web 10bit hevc-d3g/Carnivale S02/Carnivale.S02E10.1080p.WEBRip.10Bit.EAC3.H265-d3g.mkv497,1080,1920,0,62,830,931,62,667392,0.322,"[[[0.28235295 0.21568628 0.1882353 ]  [0.28235295 0.21568628 0.1882353 ]  [0.27450982 0.20784314 0.18431373]  ...  [0.00392157 0.         0.        ]  [0.00392157 0.         0.        ]  [0.00392157 0.         0.        ]] [[0.28235295 0.21568628 0.1882353 ]  [0.28235295 0.21568628 0.1882353 ]  [0.27450982 0.21176471 0.18039216]  ...  [0.00392157 0.         0.        ]  [0.00392157 0.         0.        ]  [0.00392157 0.         0.        ]] [[0.28235295 0.21568628 0.1882353 ]  [0.28235295 0.21568628 0.1882353 ]  [0.27450982 0.20784314 0.18039216]  ...  [0.00392157 0.         0.        ]  [0.00392157 0.         0.        ]  [0.00392157 0.         0.        ]] ... [[0.25490198 0.18431373 0.14509805]  [0.25490198 0.18431373 0.14509805]  [0.25490198 0.18431373 0.14509805]  ...  [0.5058824  0.44705883 0.43529412]  [0.5019608  0.44313726 0.43137255]  [0.5019608  0.44313726 0.43137255]] [[0.25490198 0.18431373 0.14509805]  [0.25490198 0.18431373 0.14509805]  [0.25490198 0.18431373 0.14509805]  ...  [0.5058824  0.4509804  0.43529412]  [0.5058824  0.44705883 0.43529412]  [0.5058824  0.44705883 0.43529412]] [[0.25490198 0.18431373 0.14509805]  [0.25490198 0.18431373 0.14509805]  [0.25490198 0.18431373 0.14509805]  ...  [0.5058824  0.4509804  0.43529412]  [0.5058824  0.44705883 0.43529412]  [0.5058824  0.44705883 0.43529412]]]",4.373068076733034,32808,/home/amos/media/tv/Carnivale S01-S02 web 10bit hevc-d3g/Carnivale S02/Carnivale.S02E10.1080p.WEBRip.10Bit.EAC3.H265-d3g.mkv498,1080,1920,0,69,862,783,69,566202,0.273,"[[[0.30588236 0.24705882 0.20784314]  [0.30588236 0.24705882 0.20784314]  [0.30980393 0.2509804  0.21176471]  ...  [0.04313726 0.03137255 0.02745098]  [0.04313726 0.03137255 0.02352941]  [0.04313726 0.03137255 0.02352941]] [[0.30588236 0.24705882 0.20784314]  [0.30588236 0.24705882 0.20784314]  [0.30980393 0.2509804  0.21176471]  ...  [0.04313726 0.03137255 0.02352941]  [0.04313726 0.03137255 0.02352941]  [0.04313726 0.03137255 0.02352941]] [[0.29803923 0.23921569 0.2       ]  [0.29803923 0.23921569 0.2       ]  [0.30588236 0.24313726 0.20784314]  ...  [0.04313726 0.03529412 0.02352941]  [0.04313726 0.03137255 0.02352941]  [0.04313726 0.03137255 0.02352941]] ... [[0.22745098 0.16078432 0.1254902 ]  [0.22745098 0.16078432 0.1254902 ]  [0.23137255 0.16078432 0.1254902 ]  ...  [0.4862745  0.4392157  0.41960785]  [0.4862745  0.4392157  0.41960785]  [0.4862745  0.4392157  0.41960785]] [[0.22745098 0.16078432 0.1254902 ]  [0.22745098 0.16078432 0.1254902 ]  [0.22745098 0.16078432 0.1254902 ]  ...  [0.4862745  0.4392157  0.41960785]  [0.4862745  0.4392157  0.41960785]  [0.4862745  0.4392157  0.41960785]] [[0.22745098 0.16078432 0.1254902 ]  [0.22745098 0.16078432 0.1254902 ]  [0.22745098 0.16078432 0.1254902 ]  ...  [0.4862745  0.4392157  0.41960785]  [0.4862745  0.4392157  0.41960785]  [0.4862745  0.4392157  0.41960785]]]",2.884974043292459,32832,/home/amos/media/tv/Carnivale S01-S02 web 10bit hevc-d3g/Carnivale S02/Carnivale.S02E10.1080p.WEBRip.10Bit.EAC3.H265-d3g.mkv499,1080,1920,0,534,186,535,534,348,0.0,"[[[0. 0. 0.]  [0. 0. 0.]  [0. 0. 0.]  ...  [0. 0. 0.]  [0. 0. 0.]  [0. 0. 0.]] [[0. 0. 0.]  [0. 0. 0.]  [0. 0. 0.]  ...  [0. 0. 0.]  [0. 0. 0.]  [0. 0. 0.]] [[0. 0. 0.]  [0. 0. 0.]  [0. 0. 0.]  ...  [0. 0. 0.]  [0. 0. 0.]  [0. 0. 0.]] ... [[0. 0. 0.]  [0. 0. 0.]  [0. 0. 0.]  ...  [0. 0. 0.]  [0. 0. 0.]  [0. 0. 0.]] [[0. 0. 0.]  [0. 0. 0.]  [0. 0. 0.]  ...  [0. 0. 0.]  [0. 0. 0.]  [0. 0. 0.]] [[0. 0. 0.]  [0. 0. 0.]  [0. 0. 0.]  ...  [0. 0. 0.]  [0. 0. 0.]  [0. 0. 0.]]]",6.9934700388112105,32880,/home/amos/media/tv/Carnivale S01-S02 web 10bit hevc-d3g/Carnivale S02/Carnivale.S02E10.1080p.WEBRip.10Bit.EAC3.H265-d3g.mkv500,1080,1920,0,480,241,653,480,41347,0.02,"[[[0. 0. 0.]  [0. 0. 0.]  [0. 0. 0.]  ...  [0. 0. 0.]  [0. 0. 0.]  [0. 0. 0.]] [[0. 0. 0.]  [0. 0. 0.]  [0. 0. 0.]  ...  [0. 0. 0.]  [0. 0. 0.]  [0. 0. 0.]] [[0. 0. 0.]  [0. 0. 0.]  [0. 0. 0.]  ...  [0. 0. 0.]  [0. 0. 0.]  [0. 0. 0.]] ... [[0. 0. 0.]  [0. 0. 0.]  [0. 0. 0.]  ...  [0. 0. 0.]  [0. 0. 0.]  [0. 0. 0.]] [[0. 0. 0.]  [0. 0. 0.]  [0. 0. 0.]  ...  [0. 0. 0.]  [0. 0. 0.]  [0. 0. 0.]] [[0. 0. 0.]  [0. 0. 0.]  [0. 0. 0.]  ...  [0. 0. 0.]  [0. 0. 0.]  [0. 0. 0.]]]",8.359647070232313,32904,/home/amos/media/tv/Carnivale S01-S02 web 10bit hevc-d3g/Carnivale S02/Carnivale.S02E10.1080p.WEBRip.10Bit.EAC3.H265-d3g.mkv501,1080,1920,0,441,249,794,441,67776,0.033,"[[[0. 0. 0.]  [0. 0. 0.]  [0. 0. 0.]  ...  [0. 0. 0.]  [0. 0. 0.]  [0. 0. 0.]] [[0. 0. 0.]  [0. 0. 0.]  [0. 0. 0.]  ...  [0. 0. 0.]  [0. 0. 0.]  [0. 0. 0.]] [[0. 0. 0.]  [0. 0. 0.]  [0. 0. 0.]  ...  [0. 0. 0.]  [0. 0. 0.]  [0. 0. 0.]] ... [[0. 0. 0.]  [0. 0. 0.]  [0. 0. 0.]  ...  [0. 0. 0.]  [0. 0. 0.]  [0. 0. 0.]] [[0. 0. 0.]  [0. 0. 0.]  [0. 0. 0.]  ...  [0. 0. 0.]  [0. 0. 0.]  [0. 0. 0.]] [[0. 0. 0.]  [0. 0. 0.]  [0. 0. 0.]  ...  [0. 0. 0.]  [0. 0. 0.]  [0. 0. 0.]]]",8.228574116248637,32928,/home/amos/media/tv/Carnivale S01-S02 web 10bit hevc-d3g/Carnivale S02/Carnivale.S02E10.1080p.WEBRip.10Bit.EAC3.H265-d3g.mkv502,1080,1920,0,438,179,602,438,42476,0.02,"[[[0.         0.         0.        ]  [0.         0.         0.        ]  [0.01568628 0.01176471 0.        ]  ...  [0.         0.         0.        ]  [0.         0.         0.        ]  [0.         0.         0.        ]] [[0.         0.         0.        ]  [0.         0.         0.        ]  [0.01568628 0.01176471 0.        ]  ...  [0.         0.         0.        ]  [0.         0.         0.        ]  [0.         0.         0.        ]] [[0.         0.         0.        ]  [0.         0.         0.        ]  [0.01568628 0.01176471 0.        ]  ...  [0.14117648 0.12941177 0.08235294]  [0.14117648 0.1254902  0.09019608]  [0.14117648 0.12156863 0.08627451]] ... [[0.01568628 0.01176471 0.        ]  [0.01568628 0.01176471 0.        ]  [0.01568628 0.01176471 0.        ]  ...  [0.00392157 0.         0.        ]  [0.         0.         0.        ]  [0.         0.         0.        ]] [[0.         0.         0.        ]  [0.         0.         0.        ]  [0.         0.         0.        ]  ...  [0.00392157 0.         0.        ]  [0.         0.         0.        ]  [0.         0.         0.        ]] [[0.         0.         0.        ]  [0.         0.         0.        ]  [0.         0.         0.        ]  ...  [0.00392157 0.         0.        ]  [0.         0.         0.        ]  [0.         0.         0.        ]]]",9.054669075703714,32952,/home/amos/media/tv/Carnivale S01-S02 web 10bit hevc-d3g/Carnivale S02/Carnivale.S02E10.1080p.WEBRip.10Bit.EAC3.H265-d3g.mkv503,1080,1920,1,102,895,1210,102,878644,0.424,"[[[0.05098039 0.05882353 0.05098039]  [0.05098039 0.05882353 0.05098039]  [0.05098039 0.0627451  0.05098039]  ...  [0.12941177 0.1254902  0.10588235]  [0.13333334 0.12941177 0.10980392]  [0.13333334 0.12941177 0.10980392]] [[0.05098039 0.05882353 0.05098039]  [0.05098039 0.05882353 0.05098039]  [0.05098039 0.0627451  0.05098039]  ...  [0.13333334 0.1254902  0.10980392]  [0.13333334 0.12941177 0.10980392]  [0.13333334 0.12941177 0.10980392]] [[0.05098039 0.05882353 0.05098039]  [0.05098039 0.05882353 0.05098039]  [0.05098039 0.05882353 0.05098039]  ...  [0.13333334 0.12941177 0.10980392]  [0.13333334 0.12941177 0.11372549]  [0.13725491 0.12941177 0.11372549]] ... [[0.11372549 0.11372549 0.07843138]  [0.10980392 0.10980392 0.07843138]  [0.10980392 0.10980392 0.07843138]  ...  [0.05882353 0.0627451  0.05098039]  [0.05882353 0.0627451  0.05098039]  [0.05882353 0.0627451  0.05098039]] [[0.10980392 0.10980392 0.07843138]  [0.10980392 0.10980392 0.07843138]  [0.10588235 0.10588235 0.07450981]  ...  [0.05882353 0.0627451  0.05098039]  [0.05882353 0.0627451  0.05098039]  [0.05882353 0.0627451  0.05098039]] [[0.10980392 0.10980392 0.07843138]  [0.10980392 0.10980392 0.07843138]  [0.10588235 0.10588235 0.07450981]  ...  [0.05882353 0.0627451  0.05098039]  [0.05882353 0.0627451  0.05098039]  [0.05882353 0.0627451  0.05098039]]]",4.406912094622385,32952,/home/amos/media/tv/Carnivale S01-S02 web 10bit hevc-d3g/Carnivale S02/Carnivale.S02E10.1080p.WEBRip.10Bit.EAC3.H265-d3g.mkv504,1080,1920,0,83,846,934,83,649313,0.313,"[[[0.05098039 0.05490196 0.04313726]  [0.05098039 0.05490196 0.04313726]  [0.05098039 0.05490196 0.04313726]  ...  [0.04705882 0.05490196 0.02745098]  [0.04705882 0.05490196 0.02745098]  [0.         0.         0.        ]] [[0.05098039 0.05490196 0.04313726]  [0.05098039 0.05490196 0.04313726]  [0.05098039 0.05490196 0.04313726]  ...  [0.04705882 0.05490196 0.02745098]  [0.04705882 0.05490196 0.02745098]  [0.         0.         0.        ]] [[0.05490196 0.05882353 0.04313726]  [0.05490196 0.05882353 0.04313726]  [0.05490196 0.05882353 0.04313726]  ...  [0.04705882 0.05490196 0.02745098]  [0.04705882 0.05490196 0.02745098]  [0.         0.         0.        ]] ... [[0.09803922 0.09803922 0.07450981]  [0.09803922 0.09803922 0.07450981]  [0.09803922 0.09803922 0.07450981]  ...  [0.06666667 0.07450981 0.04705882]  [0.06666667 0.07450981 0.04705882]  [0.         0.         0.        ]] [[0.09803922 0.09803922 0.07450981]  [0.09803922 0.09803922 0.07450981]  [0.09803922 0.09803922 0.07450981]  ...  [0.06666667 0.07450981 0.04705882]  [0.06666667 0.07450981 0.04705882]  [0.         0.         0.        ]] [[0.         0.         0.        ]  [0.         0.         0.        ]  [0.         0.         0.        ]  ...  [0.         0.         0.        ]  [0.         0.         0.        ]  [0.         0.         0.        ]]]",3.283501982514281,32976,/home/amos/media/tv/Carnivale S01-S02 web 10bit hevc-d3g/Carnivale S02/Carnivale.S02E10.1080p.WEBRip.10Bit.EAC3.H265-d3g.mkv505,1080,1920,0,106,810,1519,106,994752,0.48,"[[[0.01568628 0.         0.        ]  [0.01568628 0.         0.        ]  [0.01568628 0.         0.        ]  ...  [0.09019608 0.07058824 0.02352941]  [0.08627451 0.06666667 0.01960784]  [0.08627451 0.06666667 0.01960784]] [[0.01568628 0.         0.        ]  [0.01568628 0.         0.        ]  [0.01568628 0.         0.        ]  ...  [0.09019608 0.07058824 0.02745098]  [0.09019608 0.06666667 0.02352941]  [0.08627451 0.06666667 0.01960784]] [[0.01568628 0.         0.        ]  [0.01568628 0.         0.        ]  [0.01568628 0.         0.        ]  ...  [0.09411765 0.07058824 0.02745098]  [0.09411765 0.07058824 0.02352941]  [0.09019608 0.07058824 0.02352941]] ... [[0.27058825 0.23529412 0.21568628]  [0.26666668 0.23529412 0.21568628]  [0.2627451  0.23137255 0.21568628]  ...  [0.18039216 0.16078432 0.11764706]  [0.1764706  0.15686275 0.11372549]  [0.1764706  0.15686275 0.10980392]] [[0.27450982 0.23921569 0.21960784]  [0.27058825 0.23529412 0.21960784]  [0.26666668 0.23137255 0.21568628]  ...  [0.18039216 0.15686275 0.11372549]  [0.1764706  0.15686275 0.10980392]  [0.1764706  0.15686275 0.10980392]] [[0.27450982 0.23921569 0.21960784]  [0.27058825 0.23529412 0.21960784]  [0.26666668 0.23137255 0.21568628]  ...  [0.18039216 0.15686275 0.11372549]  [0.1764706  0.15686275 0.10980392]  [0.1764706  0.15686275 0.10980392]]]",1.992754047329072,33120,/home/amos/media/tv/Carnivale S01-S02 web 10bit hevc-d3g/Carnivale S02/Carnivale.S02E10.1080p.WEBRip.10Bit.EAC3.H265-d3g.mkv506,1080,1920,0,339,90,1016,339,168573,0.081,"[[[0.8235294  0.8509804  0.78431374]  [0.8392157  0.8666667  0.79607844]  [0.84313726 0.8666667  0.79607844]  ...  [0.2        0.1882353  0.13725491]  [0.20392157 0.19215687 0.14117648]  [0.21176471 0.2        0.14901961]] [[0.81960785 0.84705883 0.7764706 ]  [0.84313726 0.87058824 0.79607844]  [0.8352941  0.85882354 0.78431374]  ...  [0.20392157 0.19215687 0.14117648]  [0.20392157 0.19215687 0.14509805]  [0.20392157 0.1882353  0.13725491]] [[0.8235294  0.8509804  0.78431374]  [0.8392157  0.8627451  0.7882353 ]  [0.8117647  0.8352941  0.7647059 ]  ...  [0.21176471 0.2        0.14901961]  [0.21176471 0.2        0.14901961]  [0.20392157 0.19215687 0.14117648]] ... [[0.15686275 0.1254902  0.07450981]  [0.14509805 0.11372549 0.0627451 ]  [0.1764706  0.14509805 0.09411765]  ...  [0.04313726 0.01960784 0.00392157]  [0.05098039 0.02745098 0.00784314]  [0.05882353 0.03529412 0.01568628]] [[0.15686275 0.1254902  0.07450981]  [0.14509805 0.11372549 0.0627451 ]  [0.18039216 0.14901961 0.09803922]  ...  [0.03921569 0.01568628 0.        ]  [0.04705882 0.02352941 0.00392157]  [0.05098039 0.02745098 0.00784314]] [[0.16078432 0.12941177 0.07843138]  [0.14901961 0.11372549 0.0627451 ]  [0.18039216 0.15294118 0.10196079]  ...  [0.03921569 0.01568628 0.        ]  [0.03921569 0.01568628 0.        ]  [0.04705882 0.02352941 0.00392157]]]",8.352127126359846,33192,/home/amos/media/tv/Carnivale S01-S02 web 10bit hevc-d3g/Carnivale S02/Carnivale.S02E10.1080p.WEBRip.10Bit.EAC3.H265-d3g.mkv507,1080,1920,0,319,86,1020,319,163333,0.079,"[[[0.7058824  0.7176471  0.6431373 ]  [0.4627451  0.46666667 0.4       ]  [0.5921569  0.5921569  0.5294118 ]  ...  [0.22352941 0.21176471 0.16470589]  [0.21960784 0.20784314 0.16078432]  [0.21176471 0.20392157 0.15294118]] [[0.7137255  0.7254902  0.6509804 ]  [0.5058824  0.50980395 0.44313726]  [0.6        0.6        0.5372549 ]  ...  [0.22745098 0.21176471 0.16862746]  [0.22352941 0.21176471 0.16470589]  [0.22352941 0.21176471 0.16078432]] [[0.70980394 0.72156864 0.64705884]  [0.5254902  0.5294118  0.4627451 ]  [0.60784316 0.60784316 0.54509807]  ...  [0.22745098 0.21568628 0.16862746]  [0.22352941 0.21568628 0.16862746]  [0.22745098 0.21568628 0.16862746]] ... [[0.2627451  0.25882354 0.21960784]  [0.1882353  0.1764706  0.13333334]  [0.17254902 0.15686275 0.10980392]  ...  [0.08235294 0.05490196 0.02352941]  [0.08235294 0.05490196 0.02745098]  [0.07450981 0.04705882 0.02352941]] [[0.28235295 0.28235295 0.2509804 ]  [0.21176471 0.20784314 0.16862746]  [0.16470589 0.15686275 0.11372549]  ...  [0.08235294 0.05490196 0.02352941]  [0.07843138 0.05098039 0.02745098]  [0.07058824 0.04313726 0.01960784]] [[0.3019608  0.3019608  0.27058825]  [0.24313726 0.23529412 0.2       ]  [0.16470589 0.15294118 0.11764706]  ...  [0.08235294 0.05490196 0.02352941]  [0.07450981 0.04705882 0.02352941]  [0.06666667 0.03921569 0.01568628]]]",7.044033099838998,33216,/home/amos/media/tv/Carnivale S01-S02 web 10bit hevc-d3g/Carnivale S02/Carnivale.S02E10.1080p.WEBRip.10Bit.EAC3.H265-d3g.mkv508,1080,1920,0,320,143,1038,320,127086,0.061,"[[[0.3882353  0.3647059  0.3372549 ]  [0.40392157 0.38431373 0.35686275]  [0.3647059  0.34509805 0.31764707]  ...  [0.18039216 0.16862746 0.1254902 ]  [0.1882353  0.1764706  0.13333334]  [0.19607843 0.18431373 0.14117648]] [[0.3764706  0.3529412  0.3254902 ]  [0.39215687 0.3764706  0.34901962]  [0.37254903 0.35686275 0.3254902 ]  ...  [0.18431373 0.17254902 0.1254902 ]  [0.18431373 0.17254902 0.1254902 ]  [0.19215687 0.18039216 0.13333334]] [[0.37254903 0.3529412  0.3254902 ]  [0.40784314 0.3882353  0.36078432]  [0.39215687 0.3764706  0.34901962]  ...  [0.19215687 0.1764706  0.13333334]  [0.1882353  0.17254902 0.12941177]  [0.1882353  0.17254902 0.12941177]] ... [[0.3137255  0.29411766 0.25490198]  [0.2627451  0.24313726 0.2       ]  [0.20784314 0.1882353  0.14509805]  ...  [0.04705882 0.01960784 0.01176471]  [0.04313726 0.01568628 0.00784314]  [0.03921569 0.01176471 0.00392157]] [[0.3137255  0.29411766 0.25490198]  [0.27058825 0.2509804  0.20784314]  [0.21960784 0.2        0.15686275]  ...  [0.04313726 0.01568628 0.00784314]  [0.04313726 0.01568628 0.00784314]  [0.03921569 0.01176471 0.00392157]] [[0.31764707 0.29411766 0.2627451 ]  [0.28235295 0.25882354 0.22352941]  [0.22745098 0.20784314 0.16470589]  ...  [0.04313726 0.01568628 0.00784314]  [0.04705882 0.01960784 0.01176471]  [0.04313726 0.01568628 0.00784314]]]",8.1174730869825,33240,/home/amos/media/tv/Carnivale S01-S02 web 10bit hevc-d3g/Carnivale S02/Carnivale.S02E10.1080p.WEBRip.10Bit.EAC3.H265-d3g.mkv509,1080,1920,0,328,161,1048,328,120240,0.058,"[[[0.27058825 0.2509804  0.21960784]  [0.22745098 0.2        0.17254902]  [0.1882353  0.16470589 0.13333334]  ...  [0.18431373 0.17254902 0.1254902 ]  [0.18431373 0.17254902 0.1254902 ]  [0.1882353  0.1764706  0.12941177]] [[0.24705882 0.22745098 0.19607843]  [0.1882353  0.17254902 0.14117648]  [0.20392157 0.18431373 0.15686275]  ...  [0.1882353  0.1764706  0.12941177]  [0.1882353  0.1764706  0.12941177]  [0.1882353  0.1764706  0.12941177]] [[0.20784314 0.1882353  0.16078432]  [0.1764706  0.16078432 0.12941177]  [0.19607843 0.18039216 0.14901961]  ...  [0.19215687 0.18039216 0.13333334]  [0.19215687 0.18039216 0.13333334]  [0.19215687 0.18039216 0.13333334]] ... [[0.3019608  0.2901961  0.26666668]  [0.2509804  0.24313726 0.21960784]  [0.23529412 0.22745098 0.20392157]  ...  [0.05490196 0.02352941 0.01568628]  [0.05098039 0.02352941 0.01568628]  [0.05098039 0.02352941 0.01960784]] [[0.34117648 0.32941177 0.30980393]  [0.3019608  0.29411766 0.27058825]  [0.26666668 0.2627451  0.24313726]  ...  [0.05882353 0.02745098 0.01960784]  [0.05490196 0.02745098 0.01960784]  [0.05098039 0.02352941 0.01960784]] [[0.34901962 0.3372549  0.32156864]  [0.32156864 0.30980393 0.29411766]  [0.2784314  0.26666668 0.2509804 ]  ...  [0.05882353 0.02745098 0.01960784]  [0.05490196 0.02745098 0.01960784]  [0.04705882 0.01960784 0.01568628]]]",9.440302100905683,33264,/home/amos/media/tv/Carnivale S01-S02 web 10bit hevc-d3g/Carnivale S02/Carnivale.S02E10.1080p.WEBRip.10Bit.EAC3.H265-d3g.mkv510,1080,1920,0,329,163,1064,329,122010,0.059,"[[[0.22352941 0.20784314 0.17254902]  [0.2784314  0.2627451  0.22745098]  [0.1882353  0.17254902 0.13725491]  ...  [0.19607843 0.18431373 0.13333334]  [0.19215687 0.18039216 0.12941177]  [0.19215687 0.18039216 0.12941177]] [[0.2509804  0.23529412 0.2       ]  [0.29803923 0.28235295 0.24705882]  [0.20784314 0.19215687 0.15686275]  ...  [0.20392157 0.19215687 0.14117648]  [0.1882353  0.1764706  0.1254902 ]  [0.19215687 0.18039216 0.12941177]] [[0.23529412 0.21960784 0.18431373]  [0.2509804  0.23529412 0.2       ]  [0.2627451  0.24705882 0.21176471]  ...  [0.21176471 0.2        0.14901961]  [0.2        0.1882353  0.13725491]  [0.19607843 0.18431373 0.13333334]] ... [[0.31764707 0.30980393 0.29803923]  [0.33333334 0.3254902  0.3137255 ]  [0.35686275 0.34901962 0.3372549 ]  ...  [0.05098039 0.02352941 0.00784314]  [0.04705882 0.01960784 0.00392157]  [0.04705882 0.02352941 0.00784314]] [[0.29803923 0.2901961  0.27450982]  [0.3254902  0.31764707 0.30588236]  [0.35686275 0.34509805 0.33333334]  ...  [0.05098039 0.02352941 0.00784314]  [0.04705882 0.01960784 0.00392157]  [0.04313726 0.01960784 0.00392157]] [[0.27450982 0.25882354 0.24705882]  [0.29803923 0.28235295 0.27058825]  [0.32941177 0.3137255  0.3019608 ]  ...  [0.05882353 0.03137255 0.01568628]  [0.05490196 0.02745098 0.01176471]  [0.03921569 0.01568628 0.        ]]]",8.965117145271506,33288,/home/amos/media/tv/Carnivale S01-S02 web 10bit hevc-d3g/Carnivale S02/Carnivale.S02E10.1080p.WEBRip.10Bit.EAC3.H265-d3g.mkv511,1080,1920,0,329,165,1069,329,121360,0.059,"[[[0.1882353  0.16470589 0.13333334]  [0.29803923 0.28235295 0.24705882]  [0.2627451  0.24705882 0.21176471]  ...  [0.2        0.1882353  0.14117648]  [0.21568628 0.20392157 0.15686275]  [0.20784314 0.19215687 0.14901961]] [[0.20392157 0.18431373 0.14901961]  [0.26666668 0.2509804  0.21568628]  [0.27450982 0.25882354 0.22745098]  ...  [0.19215687 0.18039216 0.13333334]  [0.20784314 0.19607843 0.14901961]  [0.21568628 0.20392157 0.15686275]] [[0.21960784 0.20392157 0.17254902]  [0.19215687 0.1764706  0.14117648]  [0.23529412 0.22352941 0.1882353 ]  ...  [0.19215687 0.18039216 0.13333334]  [0.20392157 0.19215687 0.14509805]  [0.21568628 0.20392157 0.15686275]] ... [[0.16862746 0.16470589 0.13333334]  [0.18039216 0.1764706  0.14509805]  [0.20784314 0.20392157 0.17254902]  ...  [0.05882353 0.03137255 0.02352941]  [0.05098039 0.01960784 0.01568628]  [0.04313726 0.01568628 0.00784314]] [[0.13725491 0.12941177 0.09411765]  [0.15686275 0.15294118 0.12156863]  [0.22352941 0.21960784 0.1882353 ]  ...  [0.05882353 0.03137255 0.02352941]  [0.05098039 0.02352941 0.01568628]  [0.04313726 0.01568628 0.00784314]] [[0.14901961 0.13725491 0.10196079]  [0.13725491 0.13333334 0.10196079]  [0.20784314 0.20392157 0.17254902]  ...  [0.0627451  0.03529412 0.02745098]  [0.05490196 0.02745098 0.01960784]  [0.05098039 0.02352941 0.01568628]]]",6.731762090639677,33312,/home/amos/media/tv/Carnivale S01-S02 web 10bit hevc-d3g/Carnivale S02/Carnivale.S02E10.1080p.WEBRip.10Bit.EAC3.H265-d3g.mkv512,1080,1920,0,333,169,1069,333,120704,0.058,"[[[0.03529412 0.03137255 0.01176471]  [0.14901961 0.14509805 0.11372549]  [0.21176471 0.20784314 0.18039216]  ...  [0.18039216 0.16862746 0.11764706]  [0.18039216 0.16862746 0.12156863]  [0.19607843 0.18431373 0.13725491]] [[0.04705882 0.04313726 0.01960784]  [0.19607843 0.19215687 0.16470589]  [0.21568628 0.21176471 0.18431373]  ...  [0.16862746 0.15686275 0.10980392]  [0.1764706  0.16470589 0.11764706]  [0.19215687 0.18431373 0.13725491]] [[0.13725491 0.12941177 0.10196079]  [0.23921569 0.23529412 0.20784314]  [0.16862746 0.16470589 0.13725491]  ...  [0.16862746 0.15686275 0.10980392]  [0.17254902 0.16078432 0.11372549]  [0.18431373 0.17254902 0.1254902 ]] ... [[0.16862746 0.15294118 0.12156863]  [0.14901961 0.13333334 0.10196079]  [0.14117648 0.12156863 0.09411765]  ...  [0.03529412 0.00784314 0.00392157]  [0.03921569 0.00784314 0.00392157]  [0.04313726 0.01176471 0.00784314]] [[0.13725491 0.12156863 0.09019608]  [0.1254902  0.11372549 0.08235294]  [0.1254902  0.10980392 0.07843138]  ...  [0.04313726 0.01176471 0.00784314]  [0.04313726 0.01176471 0.00784314]  [0.04313726 0.01176471 0.00784314]] [[0.11764706 0.10196079 0.07450981]  [0.11372549 0.09803922 0.07058824]  [0.11372549 0.09803922 0.07058824]  ...  [0.04313726 0.01176471 0.00784314]  [0.04313726 0.01176471 0.00784314]  [0.04313726 0.01176471 0.00784314]]]",6.76568090665387,33336,/home/amos/media/tv/Carnivale S01-S02 web 10bit hevc-d3g/Carnivale S02/Carnivale.S02E10.1080p.WEBRip.10Bit.EAC3.H265-d3g.mkv513,1080,1920,0,330,171,1078,330,118932,0.057,"[[[0.26666668 0.2509804  0.22352941]  [0.19215687 0.1764706  0.14901961]  [0.09019608 0.07450981 0.05098039]  ...  [0.1764706  0.15686275 0.11372549]  [0.1764706  0.15686275 0.11372549]  [0.18039216 0.16078432 0.11372549]] [[0.27058825 0.25882354 0.23137255]  [0.14117648 0.1254902  0.09803922]  [0.13333334 0.11764706 0.09019608]  ...  [0.18039216 0.16078432 0.11764706]  [0.18039216 0.16078432 0.11764706]  [0.1764706  0.15686275 0.10980392]] [[0.20392157 0.1882353  0.15686275]  [0.13333334 0.11764706 0.08627451]  [0.18039216 0.16470589 0.13333334]  ...  [0.18039216 0.16078432 0.11764706]  [0.18039216 0.16078432 0.11764706]  [0.17254902 0.15294118 0.10588235]] ... [[0.1764706  0.15294118 0.13333334]  [0.16470589 0.14117648 0.11764706]  [0.14901961 0.1254902  0.10196079]  ...  [0.04705882 0.01568628 0.00784314]  [0.04705882 0.01568628 0.00784314]  [0.03921569 0.00784314 0.        ]] [[0.15294118 0.13333334 0.10980392]  [0.13725491 0.11372549 0.09411765]  [0.12941177 0.10980392 0.08627451]  ...  [0.04705882 0.01568628 0.00784314]  [0.04705882 0.01568628 0.00392157]  [0.03529412 0.00392157 0.        ]] [[0.11764706 0.10196079 0.08235294]  [0.10980392 0.09803922 0.07058824]  [0.10196079 0.08627451 0.0627451 ]  ...  [0.04705882 0.01568628 0.00784314]  [0.04705882 0.01568628 0.00784314]  [0.03529412 0.00392157 0.        ]]]",5.823304146004375,33360,/home/amos/media/tv/Carnivale S01-S02 web 10bit hevc-d3g/Carnivale S02/Carnivale.S02E10.1080p.WEBRip.10Bit.EAC3.H265-d3g.mkv514,1080,1920,0,325,168,1078,325,118221,0.057,"[[[0.21176471 0.19215687 0.15294118]  [0.1764706  0.15686275 0.11764706]  [0.15294118 0.12941177 0.09019608]  ...  [0.2        0.1764706  0.13333334]  [0.1764706  0.15686275 0.11372549]  [0.16078432 0.14117648 0.09803922]] [[0.14901961 0.1254902  0.08235294]  [0.11372549 0.09019608 0.05098039]  [0.15294118 0.12941177 0.08627451]  ...  [0.20392157 0.18039216 0.13725491]  [0.2        0.18039216 0.13725491]  [0.1764706  0.15686275 0.11372549]] [[0.11372549 0.08235294 0.04313726]  [0.11372549 0.08235294 0.04313726]  [0.1764706  0.14509805 0.10588235]  ...  [0.19607843 0.17254902 0.12941177]  [0.2        0.18039216 0.13725491]  [0.1882353  0.16862746 0.1254902 ]] ... [[0.16470589 0.14509805 0.12156863]  [0.18039216 0.16078432 0.13725491]  [0.18431373 0.16078432 0.13725491]  ...  [0.02352941 0.00392157 0.00392157]  [0.02352941 0.00392157 0.00392157]  [0.03137255 0.00784314 0.00784314]] [[0.16470589 0.14901961 0.12156863]  [0.16078432 0.14509805 0.11764706]  [0.14509805 0.12941177 0.10196079]  ...  [0.02352941 0.00392157 0.00392157]  [0.02745098 0.00784314 0.00784314]  [0.03529412 0.01176471 0.01176471]] [[0.1254902  0.10980392 0.08627451]  [0.10980392 0.09803922 0.07450981]  [0.09803922 0.08627451 0.0627451 ]  ...  [0.02352941 0.00392157 0.00392157]  [0.02745098 0.00784314 0.00784314]  [0.03529412 0.01568628 0.01568628]]]",3.329222174768802,33384,/home/amos/media/tv/Carnivale S01-S02 web 10bit hevc-d3g/Carnivale S02/Carnivale.S02E10.1080p.WEBRip.10Bit.EAC3.H265-d3g.mkv515,1080,1920,0,316,96,1200,316,194480,0.094,"[[[0.09411765 0.06666667 0.04313726]  [0.0627451  0.03529412 0.01176471]  [0.0627451  0.03529412 0.01176471]  ...  [0.21176471 0.1882353  0.14509805]  [0.22352941 0.2        0.15686275]  [0.21568628 0.19215687 0.14901961]] [[0.08235294 0.05098039 0.02745098]  [0.09019608 0.0627451  0.03529412]  [0.14509805 0.11372549 0.09019608]  ...  [0.2        0.1764706  0.13333334]  [0.20784314 0.18431373 0.14117648]  [0.21568628 0.19215687 0.14901961]] [[0.10588235 0.07450981 0.04705882]  [0.19607843 0.16078432 0.13725491]  [0.28627452 0.2509804  0.22745098]  ...  [0.1882353  0.16470589 0.12156863]  [0.1882353  0.16470589 0.12156863]  [0.21176471 0.1882353  0.14509805]] ... [[0.22352941 0.19607843 0.15686275]  [0.24313726 0.21176471 0.17254902]  [0.2509804  0.21960784 0.18431373]  ...  [0.04313726 0.01960784 0.00392157]  [0.03137255 0.00784314 0.        ]  [0.03529412 0.01176471 0.00392157]] [[0.23137255 0.2        0.16078432]  [0.24705882 0.21568628 0.18039216]  [0.2509804  0.21960784 0.18431373]  ...  [0.04313726 0.01960784 0.00392157]  [0.03529412 0.01176471 0.        ]  [0.04313726 0.01568628 0.00784314]] [[0.23137255 0.2        0.16078432]  [0.24313726 0.21176471 0.1764706 ]  [0.25490198 0.22352941 0.1882353 ]  ...  [0.03529412 0.01176471 0.        ]  [0.03529412 0.01176471 0.        ]  [0.03529412 0.00784314 0.        ]]]",8.631236080720555,33528,/home/amos/media/tv/Carnivale S01-S02 web 10bit hevc-d3g/Carnivale S02/Carnivale.S02E10.1080p.WEBRip.10Bit.EAC3.H265-d3g.mkv516,1080,1920,0,307,96,1203,307,189056,0.091,"[[[0.19215687 0.16862746 0.14509805]  [0.26666668 0.2509804  0.22352941]  [0.24313726 0.22745098 0.20784314]  ...  [0.2627451  0.23137255 0.19215687]  [0.23529412 0.20392157 0.16470589]  [0.2        0.16862746 0.13333334]] [[0.27058825 0.24705882 0.21960784]  [0.21960784 0.2        0.17254902]  [0.1254902  0.10588235 0.08627451]  ...  [0.2509804  0.21960784 0.18039216]  [0.24705882 0.21568628 0.1764706 ]  [0.22352941 0.19215687 0.15294118]] [[0.16862746 0.14117648 0.10980392]  [0.11764706 0.09019608 0.0627451 ]  [0.14901961 0.1254902  0.10196079]  ...  [0.23137255 0.20784314 0.16470589]  [0.24705882 0.22352941 0.18039216]  [0.24705882 0.22352941 0.18039216]] ... [[0.3254902  0.29411766 0.25882354]  [0.3019608  0.27058825 0.23529412]  [0.27450982 0.24313726 0.20392157]  ...  [0.09019608 0.0627451  0.04705882]  [0.07058824 0.04313726 0.02352941]  [0.0627451  0.03529412 0.01960784]] [[0.30588236 0.27450982 0.23921569]  [0.29411766 0.2627451  0.22745098]  [0.27450982 0.24313726 0.20392157]  ...  [0.09019608 0.0627451  0.04313726]  [0.06666667 0.03921569 0.02352941]  [0.05882353 0.03137255 0.01568628]] [[0.3019608  0.27058825 0.23529412]  [0.29411766 0.2627451  0.22745098]  [0.2784314  0.24705882 0.20784314]  ...  [0.08627451 0.05882353 0.03921569]  [0.06666667 0.03529412 0.01960784]  [0.05882353 0.02745098 0.01960784]]]",7.393618127971422,33552,/home/amos/media/tv/Carnivale S01-S02 web 10bit hevc-d3g/Carnivale S02/Carnivale.S02E10.1080p.WEBRip.10Bit.EAC3.H265-d3g.mkv517,1080,1920,0,308,94,1203,308,191530,0.092,"[[[0.05882353 0.03137255 0.00784314]  [0.05490196 0.02745098 0.00392157]  [0.05882353 0.03137255 0.01176471]  ...  [0.22745098 0.19215687 0.14509805]  [0.21568628 0.18431373 0.13725491]  [0.21176471 0.18039216 0.13333334]] [[0.06666667 0.03921569 0.01568628]  [0.10196079 0.07450981 0.05098039]  [0.17254902 0.14509805 0.12156863]  ...  [0.23529412 0.20392157 0.15686275]  [0.20784314 0.1764706  0.12941177]  [0.20392157 0.17254902 0.1254902 ]] [[0.14509805 0.11764706 0.09411765]  [0.2509804  0.22352941 0.2       ]  [0.27058825 0.24313726 0.21960784]  ...  [0.23529412 0.20392157 0.15686275]  [0.21176471 0.18039216 0.13333334]  [0.19607843 0.16470589 0.11764706]] ... [[0.25490198 0.22352941 0.18039216]  [0.2901961  0.25882354 0.21568628]  [0.3137255  0.28235295 0.23921569]  ...  [0.07843138 0.05490196 0.03529412]  [0.06666667 0.04313726 0.02352941]  [0.05490196 0.03137255 0.01568628]] [[0.25882354 0.22745098 0.1882353 ]  [0.2901961  0.25882354 0.21960784]  [0.29803923 0.26666668 0.21960784]  ...  [0.07058824 0.04705882 0.02745098]  [0.05882353 0.03529412 0.01568628]  [0.05490196 0.03137255 0.01568628]] [[0.27058825 0.23921569 0.19607843]  [0.2901961  0.25882354 0.21960784]  [0.28235295 0.2509804  0.20784314]  ...  [0.06666667 0.04313726 0.02352941]  [0.05490196 0.03137255 0.01176471]  [0.05098039 0.02745098 0.01176471]]]",7.713233183545526,33576,/home/amos/media/tv/Carnivale S01-S02 web 10bit hevc-d3g/Carnivale S02/Carnivale.S02E10.1080p.WEBRip.10Bit.EAC3.H265-d3g.mkv518,1080,1920,0,307,92,1199,307,191780,0.092,"[[[0.09411765 0.06666667 0.04313726]  [0.16470589 0.13725491 0.11372549]  [0.24705882 0.21960784 0.19607843]  ...  [0.24313726 0.21960784 0.1764706 ]  [0.2627451  0.23921569 0.19607843]  [0.24705882 0.22352941 0.1764706 ]] [[0.22352941 0.2        0.17254902]  [0.25882354 0.23137255 0.20784314]  [0.20784314 0.18039216 0.15686275]  ...  [0.21568628 0.19215687 0.14901961]  [0.25490198 0.23137255 0.18431373]  [0.25490198 0.23137255 0.1882353 ]] [[0.2627451  0.23921569 0.21176471]  [0.16078432 0.13725491 0.10980392]  [0.05098039 0.02745098 0.01176471]  ...  [0.20392157 0.18039216 0.13725491]  [0.22745098 0.20392157 0.16078432]  [0.2509804  0.22352941 0.18431373]] ... [[0.2901961  0.26666668 0.22745098]  [0.34117648 0.30980393 0.27058825]  [0.36078432 0.33333334 0.29411766]  ...  [0.08235294 0.05490196 0.03137255]  [0.0627451  0.03529412 0.01568628]  [0.0627451  0.03529412 0.01176471]] [[0.3019608  0.2784314  0.23921569]  [0.34509805 0.3137255  0.27450982]  [0.3529412  0.3254902  0.28627452]  ...  [0.07843138 0.05098039 0.02745098]  [0.0627451  0.03529412 0.01568628]  [0.0627451  0.03529412 0.01176471]] [[0.30588236 0.28235295 0.23921569]  [0.32941177 0.29803923 0.2627451 ]  [0.33333334 0.30588236 0.26666668]  ...  [0.07450981 0.04705882 0.02745098]  [0.0627451  0.03529412 0.01176471]  [0.0627451  0.03529412 0.01568628]]]",7.501802128914278,33600,/home/amos/media/tv/Carnivale S01-S02 web 10bit hevc-d3g/Carnivale S02/Carnivale.S02E10.1080p.WEBRip.10Bit.EAC3.H265-d3g.mkv519,1080,1920,0,321,90,1196,321,202125,0.097,"[[[0.06666667 0.04313726 0.01960784]  [0.05882353 0.03529412 0.01176471]  [0.0627451  0.03921569 0.01568628]  ...  [0.21176471 0.1882353  0.14901961]  [0.22352941 0.20392157 0.15686275]  [0.23529412 0.21176471 0.16862746]] [[0.07058824 0.04705882 0.02745098]  [0.05882353 0.03921569 0.01960784]  [0.0627451  0.03921569 0.01960784]  ...  [0.20392157 0.18039216 0.13725491]  [0.21568628 0.19215687 0.14901961]  [0.23137255 0.20784314 0.16470589]] [[0.06666667 0.05098039 0.02745098]  [0.05882353 0.04313726 0.01960784]  [0.05490196 0.03921569 0.01568628]  ...  [0.2        0.1764706  0.13333334]  [0.20784314 0.18431373 0.13725491]  [0.21960784 0.19607843 0.15294118]] ... [[0.27058825 0.24313726 0.20784314]  [0.2509804  0.22352941 0.1882353 ]  [0.2509804  0.22352941 0.18431373]  ...  [0.04313726 0.01176471 0.00392157]  [0.04705882 0.01568628 0.00784314]  [0.05490196 0.02352941 0.01176471]] [[0.25882354 0.23137255 0.19607843]  [0.23921569 0.21176471 0.17254902]  [0.23921569 0.21176471 0.17254902]  ...  [0.04705882 0.01568628 0.00784314]  [0.05490196 0.01960784 0.01568628]  [0.05882353 0.02745098 0.01960784]] [[0.24705882 0.22352941 0.18039216]  [0.22745098 0.2        0.16078432]  [0.23529412 0.20784314 0.16862746]  ...  [0.04705882 0.01568628 0.00784314]  [0.05490196 0.02352941 0.01568628]  [0.0627451  0.03137255 0.02352941]]]",9.476471071538981,33624,/home/amos/media/tv/Carnivale S01-S02 web 10bit hevc-d3g/Carnivale S02/Carnivale.S02E10.1080p.WEBRip.10Bit.EAC3.H265-d3g.mkv520,1080,1920,1,60,719,1326,60,834294,0.402,"[[[0.16470589 0.14117648 0.11764706]  [0.16470589 0.14117648 0.11764706]  [0.16470589 0.14117648 0.11764706]  ...  [0.07450981 0.06666667 0.04705882]  [0.07450981 0.06666667 0.04705882]  [0.07450981 0.06666667 0.04705882]] [[0.16470589 0.14117648 0.11764706]  [0.16470589 0.14117648 0.11764706]  [0.16470589 0.14117648 0.11764706]  ...  [0.07450981 0.06666667 0.04705882]  [0.07450981 0.06666667 0.04705882]  [0.07450981 0.06666667 0.04705882]] [[0.16470589 0.14117648 0.11764706]  [0.16470589 0.14117648 0.11764706]  [0.16470589 0.14117648 0.11764706]  ...  [0.07450981 0.06666667 0.04313726]  [0.07450981 0.06666667 0.04313726]  [0.07450981 0.06666667 0.04313726]] ... [[0.16862746 0.15294118 0.12941177]  [0.16862746 0.15294118 0.12941177]  [0.16862746 0.15294118 0.12941177]  ...  [0.17254902 0.15686275 0.1254902 ]  [0.16862746 0.15294118 0.1254902 ]  [0.16862746 0.15294118 0.1254902 ]] [[0.16862746 0.15294118 0.12941177]  [0.16862746 0.15294118 0.12941177]  [0.16862746 0.15294118 0.12941177]  ...  [0.17254902 0.15686275 0.1254902 ]  [0.17254902 0.15686275 0.1254902 ]  [0.17254902 0.15686275 0.1254902 ]] [[0.16862746 0.15294118 0.12941177]  [0.16862746 0.15294118 0.12941177]  [0.16862746 0.15294118 0.12941177]  ...  [0.17254902 0.15686275 0.1254902 ]  [0.17254902 0.15686275 0.1254902 ]  [0.17254902 0.15686275 0.1254902 ]]]",3.324675982061308,33624,/home/amos/media/tv/Carnivale S01-S02 web 10bit hevc-d3g/Carnivale S02/Carnivale.S02E10.1080p.WEBRip.10Bit.EAC3.H265-d3g.mkv521,1080,1920,0,317,100,1188,317,189007,0.091,"[[[0.10588235 0.07058824 0.03529412]  [0.1254902  0.09019608 0.05490196]  [0.19215687 0.16078432 0.1254902 ]  ...  [0.20784314 0.1764706  0.13333334]  [0.20392157 0.18039216 0.13333334]  [0.20392157 0.18039216 0.13333334]] [[0.16078432 0.12156863 0.08627451]  [0.24313726 0.20784314 0.16862746]  [0.3019608  0.26666668 0.22745098]  ...  [0.19215687 0.16470589 0.11764706]  [0.1882353  0.16078432 0.11764706]  [0.19215687 0.16862746 0.12156863]] [[0.27450982 0.23137255 0.19215687]  [0.3019608  0.25882354 0.22352941]  [0.23529412 0.19215687 0.15686275]  ...  [0.19607843 0.16862746 0.1254902 ]  [0.1764706  0.14901961 0.10588235]  [0.18039216 0.15686275 0.10980392]] ... [[0.30588236 0.28627452 0.27450982]  [0.2901961  0.26666668 0.25490198]  [0.27450982 0.2509804  0.23529412]  ...  [0.05882353 0.03137255 0.01176471]  [0.04705882 0.01568628 0.00392157]  [0.04313726 0.01176471 0.00784314]] [[0.30588236 0.28627452 0.26666668]  [0.28627452 0.26666668 0.2509804 ]  [0.2627451  0.23921569 0.22352941]  ...  [0.05882353 0.02745098 0.01568628]  [0.05098039 0.01960784 0.00784314]  [0.04313726 0.01176471 0.00784314]] [[0.28627452 0.27058825 0.24705882]  [0.28235295 0.25882354 0.23921569]  [0.27058825 0.24705882 0.22745098]  ...  [0.05490196 0.02352941 0.01568628]  [0.04705882 0.01568628 0.01176471]  [0.04313726 0.01176471 0.00784314]]]",7.523767155071255,33648,/home/amos/media/tv/Carnivale S01-S02 web 10bit hevc-d3g/Carnivale S02/Carnivale.S02E10.1080p.WEBRip.10Bit.EAC3.H265-d3g.mkv522,1080,1920,0,56,725,1321,56,846285,0.408,"[[[0.19607843 0.17254902 0.15686275]  [0.19607843 0.17254902 0.15686275]  [0.19607843 0.17254902 0.15686275]  ...  [0.05490196 0.03921569 0.01568628]  [0.05490196 0.03921569 0.01568628]  [0.05490196 0.03921569 0.01568628]] [[0.19607843 0.17254902 0.15686275]  [0.19607843 0.17254902 0.15686275]  [0.19607843 0.17254902 0.15686275]  ...  [0.05490196 0.03921569 0.01568628]  [0.05490196 0.03921569 0.01568628]  [0.05490196 0.03921569 0.01568628]] [[0.19607843 0.17254902 0.15686275]  [0.19607843 0.17254902 0.15686275]  [0.19607843 0.17254902 0.15686275]  ...  [0.05490196 0.03921569 0.01568628]  [0.05490196 0.03921569 0.01568628]  [0.05490196 0.03921569 0.01568628]] ... [[0.16470589 0.14901961 0.1254902 ]  [0.16470589 0.14901961 0.1254902 ]  [0.16470589 0.14901961 0.1254902 ]  ...  [0.16862746 0.15686275 0.13333334]  [0.17254902 0.16078432 0.13725491]  [0.17254902 0.16078432 0.13725491]] [[0.16470589 0.14901961 0.1254902 ]  [0.16470589 0.14901961 0.1254902 ]  [0.16470589 0.14901961 0.1254902 ]  ...  [0.17254902 0.16078432 0.13725491]  [0.17254902 0.16078432 0.13725491]  [0.17254902 0.16078432 0.13725491]] [[0.16470589 0.14901961 0.1254902 ]  [0.16470589 0.14901961 0.1254902 ]  [0.16470589 0.14901961 0.1254902 ]  ...  [0.17254902 0.16078432 0.13725491]  [0.17254902 0.16078432 0.13725491]  [0.17254902 0.16078432 0.13725491]]]",2.092212094401475,33672,/home/amos/media/tv/Carnivale S01-S02 web 10bit hevc-d3g/Carnivale S02/Carnivale.S02E10.1080p.WEBRip.10Bit.EAC3.H265-d3g.mkv523,1080,1920,0,81,215,1656,81,211050,0.102,"[[[0.39607844 0.35686275 0.3647059 ]  [0.39607844 0.35686275 0.3647059 ]  [0.39607844 0.35686275 0.3647059 ]  ...  [0.24705882 0.20784314 0.19215687]  [0.25490198 0.21568628 0.2       ]  [0.25490198 0.21568628 0.2       ]] [[0.39607844 0.35686275 0.3647059 ]  [0.39607844 0.35686275 0.3647059 ]  [0.39607844 0.35686275 0.3647059 ]  ...  [0.24705882 0.20784314 0.19215687]  [0.25490198 0.21568628 0.2       ]  [0.25490198 0.21568628 0.2       ]] [[0.39607844 0.35686275 0.3647059 ]  [0.39607844 0.35686275 0.3647059 ]  [0.39607844 0.35686275 0.3647059 ]  ...  [0.24705882 0.20784314 0.19215687]  [0.2509804  0.21176471 0.19607843]  [0.25490198 0.21568628 0.19607843]] ... [[0.40784314 0.36862746 0.3764706 ]  [0.40784314 0.36862746 0.3764706 ]  [0.40784314 0.36862746 0.3764706 ]  ...  [0.4745098  0.41960785 0.42352942]  [0.45882353 0.40392157 0.40784314]  [0.45882353 0.40392157 0.40784314]] [[0.40784314 0.36862746 0.3764706 ]  [0.40784314 0.36862746 0.3764706 ]  [0.40784314 0.36862746 0.3764706 ]  ...  [0.47843137 0.41960785 0.42745098]  [0.4627451  0.40784314 0.4117647 ]  [0.4627451  0.40784314 0.4117647 ]] [[0.40784314 0.36862746 0.3764706 ]  [0.40784314 0.36862746 0.3764706 ]  [0.40784314 0.36862746 0.3764706 ]  ...  [0.47843137 0.42352942 0.42745098]  [0.4627451  0.40784314 0.4117647 ]  [0.4627451  0.40784314 0.4117647 ]]]",1.464419101481326,33744,/home/amos/media/tv/Carnivale S01-S02 web 10bit hevc-d3g/Carnivale S02/Carnivale.S02E10.1080p.WEBRip.10Bit.EAC3.H265-d3g.mkv524,1080,1920,0,308,144,1178,308,142680,0.069,"[[[0.2784314  0.2627451  0.23921569]  [0.22352941 0.20784314 0.18431373]  [0.1254902  0.10980392 0.08627451]  ...  [0.19607843 0.16470589 0.1254902 ]  [0.18431373 0.15294118 0.11372549]  [0.1764706  0.14117648 0.10196079]] [[0.2784314  0.2627451  0.23921569]  [0.20784314 0.19215687 0.17254902]  [0.20392157 0.1882353  0.16470589]  ...  [0.20784314 0.17254902 0.13725491]  [0.20392157 0.16862746 0.13333334]  [0.19607843 0.16078432 0.12156863]] [[0.27058825 0.2509804  0.23529412]  [0.21960784 0.20392157 0.18431373]  [0.2627451  0.24705882 0.22745098]  ...  [0.21568628 0.18039216 0.14509805]  [0.21176471 0.1764706  0.14117648]  [0.21568628 0.18039216 0.14509805]] ... [[0.11372549 0.09019608 0.07058824]  [0.09411765 0.07058824 0.04705882]  [0.07843138 0.05490196 0.03137255]  ...  [0.03921569 0.01960784 0.01176471]  [0.03921569 0.01960784 0.01176471]  [0.03529412 0.01568628 0.00784314]] [[0.10980392 0.09411765 0.06666667]  [0.09411765 0.07843138 0.04705882]  [0.07843138 0.0627451  0.02745098]  ...  [0.03529412 0.01176471 0.00784314]  [0.04313726 0.01960784 0.01568628]  [0.03921569 0.01568628 0.01176471]] [[0.09411765 0.08235294 0.05490196]  [0.08627451 0.07450981 0.04313726]  [0.07843138 0.06666667 0.03137255]  ...  [0.03921569 0.01176471 0.00784314]  [0.04705882 0.01960784 0.01960784]  [0.04705882 0.01960784 0.01960784]]]",5.3107411015662365,33816,/home/amos/media/tv/Carnivale S01-S02 web 10bit hevc-d3g/Carnivale S02/Carnivale.S02E10.1080p.WEBRip.10Bit.EAC3.H265-d3g.mkv525,1080,1920,0,309,137,1139,309,142760,0.069,"[[[0.12941177 0.09019608 0.0627451 ]  [0.12941177 0.09019608 0.0627451 ]  [0.12941177 0.09019608 0.0627451 ]  ...  [0.24705882 0.21176471 0.18431373]  [0.26666668 0.23137255 0.20392157]  [0.28627452 0.2509804  0.22352941]] [[0.14509805 0.10588235 0.07843138]  [0.14509805 0.10588235 0.07843138]  [0.14117648 0.10196079 0.07450981]  ...  [0.23921569 0.20392157 0.1764706 ]  [0.25882354 0.22352941 0.19607843]  [0.2784314  0.24313726 0.21568628]] [[0.15294118 0.11372549 0.08627451]  [0.14509805 0.10588235 0.07843138]  [0.15294118 0.11764706 0.08627451]  ...  [0.24313726 0.20784314 0.18039216]  [0.2627451  0.22745098 0.2       ]  [0.2784314  0.24313726 0.21568628]] ... [[0.22352941 0.2        0.18431373]  [0.2        0.1764706  0.15686275]  [0.1764706  0.15294118 0.13333334]  ...  [0.04705882 0.01960784 0.00392157]  [0.04313726 0.01568628 0.        ]  [0.05490196 0.02745098 0.01176471]] [[0.20392157 0.18039216 0.16078432]  [0.20784314 0.18431373 0.16470589]  [0.20392157 0.1764706  0.15294118]  ...  [0.05882353 0.03137255 0.01568628]  [0.05098039 0.02352941 0.00784314]  [0.05490196 0.02745098 0.01176471]] [[0.21176471 0.18431373 0.16470589]  [0.21568628 0.1882353  0.16470589]  [0.21960784 0.19215687 0.16470589]  ...  [0.06666667 0.03921569 0.02352941]  [0.05490196 0.02745098 0.01176471]  [0.05490196 0.02745098 0.01176471]]]",4.797590069414582,33840,/home/amos/media/tv/Carnivale S01-S02 web 10bit hevc-d3g/Carnivale S02/Carnivale.S02E10.1080p.WEBRip.10Bit.EAC3.H265-d3g.mkv526,1080,1920,1,55,723,1318,55,843684,0.407,"[[[0.20784314 0.1882353  0.16470589]  [0.20784314 0.1882353  0.16470589]  [0.20784314 0.1882353  0.16470589]  ...  [0.04313726 0.02745098 0.01960784]  [0.04313726 0.02745098 0.01960784]  [0.         0.         0.        ]] [[0.20784314 0.1882353  0.16470589]  [0.20784314 0.1882353  0.16470589]  [0.20784314 0.1882353  0.16470589]  ...  [0.04313726 0.02745098 0.01960784]  [0.04313726 0.02745098 0.01960784]  [0.         0.         0.        ]] [[0.20784314 0.1882353  0.16470589]  [0.20784314 0.1882353  0.16470589]  [0.20784314 0.1882353  0.16470589]  ...  [0.04313726 0.02745098 0.01960784]  [0.04313726 0.02745098 0.01960784]  [0.         0.         0.        ]] ... [[0.18431373 0.16862746 0.13725491]  [0.18431373 0.16862746 0.13725491]  [0.18431373 0.16862746 0.13725491]  ...  [0.16078432 0.14901961 0.1254902 ]  [0.16078432 0.14901961 0.1254902 ]  [0.         0.         0.        ]] [[0.18431373 0.16862746 0.13725491]  [0.18431373 0.16862746 0.13725491]  [0.18431373 0.16862746 0.13725491]  ...  [0.16078432 0.14901961 0.1254902 ]  [0.16078432 0.14901961 0.1254902 ]  [0.         0.         0.        ]] [[0.         0.         0.        ]  [0.         0.         0.        ]  [0.         0.         0.        ]  ...  [0.         0.         0.        ]  [0.         0.         0.        ]  [0.         0.         0.        ]]]",2.813011117686983,33840,/home/amos/media/tv/Carnivale S01-S02 web 10bit hevc-d3g/Carnivale S02/Carnivale.S02E10.1080p.WEBRip.10Bit.EAC3.H265-d3g.mkv527,1080,1920,0,564,295,509,564,14795,0.007,"[[[0. 0. 0.]  [0. 0. 0.]  [0. 0. 0.]  ...  [0. 0. 0.]  [0. 0. 0.]  [0. 0. 0.]] [[0. 0. 0.]  [0. 0. 0.]  [0. 0. 0.]  ...  [0. 0. 0.]  [0. 0. 0.]  [0. 0. 0.]] [[0. 0. 0.]  [0. 0. 0.]  [0. 0. 0.]  ...  [0. 0. 0.]  [0. 0. 0.]  [0. 0. 0.]] ... [[0. 0. 0.]  [0. 0. 0.]  [0. 0. 0.]  ...  [0. 0. 0.]  [0. 0. 0.]  [0. 0. 0.]] [[0. 0. 0.]  [0. 0. 0.]  [0. 0. 0.]  ...  [0. 0. 0.]  [0. 0. 0.]  [0. 0. 0.]] [[0. 0. 0.]  [0. 0. 0.]  [0. 0. 0.]  ...  [0. 0. 0.]  [0. 0. 0.]  [0. 0. 0.]]]",5.940902909380384,33864,/home/amos/media/tv/Carnivale S01-S02 web 10bit hevc-d3g/Carnivale S02/Carnivale.S02E10.1080p.WEBRip.10Bit.EAC3.H265-d3g.mkv528,1080,1920,0,585,275,489,585,29760,0.014,"[[[0. 0. 0.]  [0. 0. 0.]  [0. 0. 0.]  ...  [0. 0. 0.]  [0. 0. 0.]  [0. 0. 0.]] [[0. 0. 0.]  [0. 0. 0.]  [0. 0. 0.]  ...  [0. 0. 0.]  [0. 0. 0.]  [0. 0. 0.]] [[0. 0. 0.]  [0. 0. 0.]  [0. 0. 0.]  ...  [0. 0. 0.]  [0. 0. 0.]  [0. 0. 0.]] ... [[0. 0. 0.]  [0. 0. 0.]  [0. 0. 0.]  ...  [0. 0. 0.]  [0. 0. 0.]  [0. 0. 0.]] [[0. 0. 0.]  [0. 0. 0.]  [0. 0. 0.]  ...  [0. 0. 0.]  [0. 0. 0.]  [0. 0. 0.]] [[0. 0. 0.]  [0. 0. 0.]  [0. 0. 0.]  ...  [0. 0. 0.]  [0. 0. 0.]  [0. 0. 0.]]]",4.812680113303941,33888,/home/amos/media/tv/Carnivale S01-S02 web 10bit hevc-d3g/Carnivale S02/Carnivale.S02E10.1080p.WEBRip.10Bit.EAC3.H265-d3g.mkv529,1080,1920,0,556,262,503,556,15582,0.008,"[[[0. 0. 0.]  [0. 0. 0.]  [0. 0. 0.]  ...  [0. 0. 0.]  [0. 0. 0.]  [0. 0. 0.]] [[0. 0. 0.]  [0. 0. 0.]  [0. 0. 0.]  ...  [0. 0. 0.]  [0. 0. 0.]  [0. 0. 0.]] [[0. 0. 0.]  [0. 0. 0.]  [0. 0. 0.]  ...  [0. 0. 0.]  [0. 0. 0.]  [0. 0. 0.]] ... [[0. 0. 0.]  [0. 0. 0.]  [0. 0. 0.]  ...  [0. 0. 0.]  [0. 0. 0.]  [0. 0. 0.]] [[0. 0. 0.]  [0. 0. 0.]  [0. 0. 0.]  ...  [0. 0. 0.]  [0. 0. 0.]  [0. 0. 0.]] [[0. 0. 0.]  [0. 0. 0.]  [0. 0. 0.]  ...  [0. 0. 0.]  [0. 0. 0.]  [0. 0. 0.]]]",7.698144991591107,33912,/home/amos/media/tv/Carnivale S01-S02 web 10bit hevc-d3g/Carnivale S02/Carnivale.S02E10.1080p.WEBRip.10Bit.EAC3.H265-d3g.mkv530,1080,1920,0,588,273,475,588,35595,0.017,"[[[0. 0. 0.]  [0. 0. 0.]  [0. 0. 0.]  ...  [0. 0. 0.]  [0. 0. 0.]  [0. 0. 0.]] [[0. 0. 0.]  [0. 0. 0.]  [0. 0. 0.]  ...  [0. 0. 0.]  [0. 0. 0.]  [0. 0. 0.]] [[0. 0. 0.]  [0. 0. 0.]  [0. 0. 0.]  ...  [0. 0. 0.]  [0. 0. 0.]  [0. 0. 0.]] ... [[0. 0. 0.]  [0. 0. 0.]  [0. 0. 0.]  ...  [0. 0. 0.]  [0. 0. 0.]  [0. 0. 0.]] [[0. 0. 0.]  [0. 0. 0.]  [0. 0. 0.]  ...  [0. 0. 0.]  [0. 0. 0.]  [0. 0. 0.]] [[0. 0. 0.]  [0. 0. 0.]  [0. 0. 0.]  ...  [0. 0. 0.]  [0. 0. 0.]  [0. 0. 0.]]]",6.772201134066563,33936,/home/amos/media/tv/Carnivale S01-S02 web 10bit hevc-d3g/Carnivale S02/Carnivale.S02E10.1080p.WEBRip.10Bit.EAC3.H265-d3g.mkv531,1080,1920,0,550,299,479,550,17821,0.009,"[[[0. 0. 0.]  [0. 0. 0.]  [0. 0. 0.]  ...  [0. 0. 0.]  [0. 0. 0.]  [0. 0. 0.]] [[0. 0. 0.]  [0. 0. 0.]  [0. 0. 0.]  ...  [0. 0. 0.]  [0. 0. 0.]  [0. 0. 0.]] [[0. 0. 0.]  [0. 0. 0.]  [0. 0. 0.]  ...  [0. 0. 0.]  [0. 0. 0.]  [0. 0. 0.]] ... [[0. 0. 0.]  [0. 0. 0.]  [0. 0. 0.]  ...  [0. 0. 0.]  [0. 0. 0.]  [0. 0. 0.]] [[0. 0. 0.]  [0. 0. 0.]  [0. 0. 0.]  ...  [0. 0. 0.]  [0. 0. 0.]  [0. 0. 0.]] [[0. 0. 0.]  [0. 0. 0.]  [0. 0. 0.]  ...  [0. 0. 0.]  [0. 0. 0.]  [0. 0. 0.]]]",5.5766780555131845,33960,/home/amos/media/tv/Carnivale S01-S02 web 10bit hevc-d3g/Carnivale S02/Carnivale.S02E10.1080p.WEBRip.10Bit.EAC3.H265-d3g.mkv532,1080,1920,0,586,168,883,586,124146,0.06,"[[[0.43137255 0.41960785 0.40784314]  [0.42352942 0.4117647  0.40392157]  [0.43137255 0.42352942 0.4       ]  ...  [0.1764706  0.14117648 0.11372549]  [0.1254902  0.10196079 0.07058824]  [0.10980392 0.08627451 0.05490196]] [[0.40392157 0.39215687 0.38039216]  [0.39215687 0.38039216 0.36862746]  [0.38431373 0.3764706  0.3529412 ]  ...  [0.16470589 0.12941177 0.10588235]  [0.16470589 0.14117648 0.10980392]  [0.11764706 0.09411765 0.0627451 ]] [[0.44705883 0.4392157  0.42352942]  [0.40784314 0.39607844 0.38431373]  [0.38039216 0.37254903 0.34901962]  ...  [0.16470589 0.12941177 0.09803922]  [0.15294118 0.12941177 0.09411765]  [0.16470589 0.14117648 0.10588235]] ... [[0.12156863 0.08627451 0.06666667]  [0.1254902  0.08627451 0.06666667]  [0.11764706 0.08235294 0.0627451 ]  ...  [0.03921569 0.01960784 0.01176471]  [0.03529412 0.01568628 0.00784314]  [0.03921569 0.01960784 0.01176471]] [[0.11764706 0.08627451 0.06666667]  [0.11764706 0.08235294 0.06666667]  [0.11372549 0.07843138 0.05882353]  ...  [0.03137255 0.01176471 0.00392157]  [0.03529412 0.01568628 0.00784314]  [0.03921569 0.01960784 0.01176471]] [[0.11764706 0.08627451 0.06666667]  [0.11372549 0.08235294 0.0627451 ]  [0.10980392 0.07450981 0.05490196]  ...  [0.03529412 0.01568628 0.00784314]  [0.03921569 0.01960784 0.01176471]  [0.03529412 0.01568628 0.00784314]]]",8.134192106721457,33984,/home/amos/media/tv/Carnivale S01-S02 web 10bit hevc-d3g/Carnivale S02/Carnivale.S02E10.1080p.WEBRip.10Bit.EAC3.H265-d3g.mkv533,1080,1920,0,472,24,830,472,160384,0.077,"[[[0.06666667 0.05882353 0.03921569]  [0.07450981 0.05882353 0.05098039]  [0.07450981 0.05490196 0.04705882]  ...  [0.2        0.14117648 0.11372549]  [0.20784314 0.14117648 0.12156863]  [0.23137255 0.1764706  0.15686275]] [[0.08235294 0.07450981 0.06666667]  [0.08627451 0.07450981 0.06666667]  [0.08235294 0.07450981 0.0627451 ]  ...  [0.19607843 0.14117648 0.11372549]  [0.20392157 0.14117648 0.12156863]  [0.23529412 0.1764706  0.15686275]] [[0.08627451 0.07450981 0.07450981]  [0.09019608 0.08235294 0.07843138]  [0.09019608 0.08235294 0.07058824]  ...  [0.2        0.14117648 0.11372549]  [0.2        0.13725491 0.11372549]  [0.23137255 0.17254902 0.14901961]] ... [[0.1882353  0.18039216 0.17254902]  [0.20784314 0.2        0.19607843]  [0.22745098 0.21960784 0.21568628]  ...  [0.0627451  0.02745098 0.01176471]  [0.05882353 0.02352941 0.00784314]  [0.07058824 0.03529412 0.01960784]] [[0.20392157 0.19607843 0.1882353 ]  [0.21960784 0.21176471 0.20784314]  [0.23921569 0.23137255 0.23137255]  ...  [0.0627451  0.02745098 0.01176471]  [0.05490196 0.01960784 0.00392157]  [0.05882353 0.02352941 0.00784314]] [[0.22352941 0.21960784 0.21960784]  [0.2509804  0.24313726 0.23921569]  [0.28235295 0.27450982 0.27450982]  ...  [0.05882353 0.02352941 0.00784314]  [0.05490196 0.01960784 0.00392157]  [0.05098039 0.01568628 0.        ]]]",2.342537186050322,34128,/home/amos/media/tv/Carnivale S01-S02 web 10bit hevc-d3g/Carnivale S02/Carnivale.S02E10.1080p.WEBRip.10Bit.EAC3.H265-d3g.mkv534,1080,1920,0,495,93,766,495,108942,0.053,"[[[0.16470589 0.14509805 0.13333334]  [0.16470589 0.14901961 0.13725491]  [0.16470589 0.14901961 0.14117648]  ...  [0.31764707 0.2784314  0.2509804 ]  [0.34117648 0.30588236 0.2784314 ]  [0.34509805 0.30980393 0.28235295]] [[0.2        0.18431373 0.1764706 ]  [0.19607843 0.18039216 0.17254902]  [0.19215687 0.1764706  0.17254902]  ...  [0.3137255  0.27450982 0.24705882]  [0.32941177 0.29411766 0.26666668]  [0.34117648 0.30980393 0.28235295]] [[0.20784314 0.20392157 0.2       ]  [0.20784314 0.20392157 0.2       ]  [0.1882353  0.18431373 0.18039216]  ...  [0.32156864 0.28235295 0.25490198]  [0.32941177 0.29411766 0.26666668]  [0.3372549  0.30588236 0.2784314 ]] ... [[0.30980393 0.3019608  0.3137255 ]  [0.29803923 0.28627452 0.29411766]  [0.30588236 0.29803923 0.3019608 ]  ...  [0.05882353 0.02352941 0.01176471]  [0.05882353 0.02352941 0.01176471]  [0.05882353 0.02352941 0.01176471]] [[0.31764707 0.30980393 0.32156864]  [0.30980393 0.29803923 0.30980393]  [0.3137255  0.3019608  0.30980393]  ...  [0.05882353 0.02352941 0.01176471]  [0.05882353 0.02352941 0.01176471]  [0.05882353 0.02352941 0.01176471]] [[0.32941177 0.32156864 0.33333334]  [0.31764707 0.30588236 0.31764707]  [0.3254902  0.3137255  0.3254902 ]  ...  [0.05882353 0.02352941 0.01176471]  [0.05882353 0.02352941 0.01176471]  [0.05882353 0.02352941 0.01176471]]]",6.312416073109489,34200,/home/amos/media/tv/Carnivale S01-S02 web 10bit hevc-d3g/Carnivale S02/Carnivale.S02E10.1080p.WEBRip.10Bit.EAC3.H265-d3g.mkv535,1080,1920,0,546,224,802,546,82432,0.04,"[[[0.28627452 0.28627452 0.2784314 ]  [0.31764707 0.31764707 0.30588236]  [0.31764707 0.31764707 0.30980393]  ...  [0.10196079 0.07450981 0.04705882]  [0.15294118 0.1254902  0.09803922]  [0.23529412 0.20784314 0.18039216]] [[0.34901962 0.34901962 0.34117648]  [0.2901961  0.2901961  0.28235295]  [0.20784314 0.20784314 0.2       ]  ...  [0.13333334 0.10588235 0.07843138]  [0.1254902  0.09803922 0.07058824]  [0.21176471 0.18431373 0.15686275]] [[0.40392157 0.40392157 0.39607844]  [0.32156864 0.32156864 0.3137255 ]  [0.2901961  0.2901961  0.28235295]  ...  [0.14509805 0.11764706 0.09019608]  [0.12156863 0.09411765 0.06666667]  [0.13725491 0.10980392 0.08235294]] ... [[0.25490198 0.23921569 0.21960784]  [0.27058825 0.25490198 0.23529412]  [0.28235295 0.26666668 0.24705882]  ...  [0.03137255 0.00392157 0.00784314]  [0.03529412 0.00784314 0.01176471]  [0.03921569 0.01176471 0.01568628]] [[0.25490198 0.23921569 0.21960784]  [0.25490198 0.23921569 0.21960784]  [0.25882354 0.23921569 0.22352941]  ...  [0.03137255 0.00392157 0.00784314]  [0.03529412 0.00784314 0.01176471]  [0.03921569 0.01176471 0.01568628]] [[0.25490198 0.23529412 0.21960784]  [0.23921569 0.22352941 0.20392157]  [0.23529412 0.21960784 0.2       ]  ...  [0.03137255 0.00392157 0.00784314]  [0.03529412 0.00784314 0.01176471]  [0.03137255 0.00392157 0.00784314]]]",8.776500021049287,34224,/home/amos/media/tv/Carnivale S01-S02 web 10bit hevc-d3g/Carnivale S02/Carnivale.S02E10.1080p.WEBRip.10Bit.EAC3.H265-d3g.mkv536,1080,1920,0,285,246,631,285,13494,0.007,"[[[0.08235294 0.06666667 0.03529412]  [0.08235294 0.06666667 0.03529412]  [0.08235294 0.06666667 0.03529412]  ...  [0.         0.         0.        ]  [0.         0.         0.        ]  [0.         0.         0.        ]] [[0.09019608 0.07450981 0.04313726]  [0.09411765 0.07843138 0.04705882]  [0.09803922 0.07843138 0.04705882]  ...  [0.         0.         0.        ]  [0.         0.         0.        ]  [0.         0.         0.        ]] [[0.09803922 0.08235294 0.05098039]  [0.10588235 0.09019608 0.05882353]  [0.10980392 0.09411765 0.0627451 ]  ...  [0.         0.         0.        ]  [0.         0.         0.        ]  [0.         0.         0.        ]] ... [[0.09803922 0.05098039 0.02745098]  [0.08627451 0.05098039 0.02745098]  [0.08235294 0.04705882 0.02745098]  ...  [0.         0.         0.        ]  [0.         0.         0.        ]  [0.         0.         0.        ]] [[0.09803922 0.05098039 0.02745098]  [0.08627451 0.04705882 0.02745098]  [0.08235294 0.04313726 0.02745098]  ...  [0.00392157 0.         0.        ]  [0.00392157 0.         0.        ]  [0.00392157 0.         0.        ]] [[0.09803922 0.05098039 0.02745098]  [0.08627451 0.04705882 0.02745098]  [0.07843138 0.04313726 0.02745098]  ...  [0.00392157 0.         0.        ]  [0.00392157 0.         0.        ]  [0.00392157 0.         0.        ]]]",5.5451430741813965,34272,/home/amos/media/tv/Carnivale S01-S02 web 10bit hevc-d3g/Carnivale S02/Carnivale.S02E10.1080p.WEBRip.10Bit.EAC3.H265-d3g.mkv537,1080,1920,0,263,241,650,263,8514,0.004,"[[[0.07058824 0.05882353 0.03137255]  [0.07058824 0.05882353 0.03137255]  [0.06666667 0.05490196 0.02745098]  ...  [0.00392157 0.         0.        ]  [0.00392157 0.         0.        ]  [0.00392157 0.         0.        ]] [[0.0627451  0.04705882 0.02352941]  [0.0627451  0.04705882 0.02352941]  [0.05490196 0.04313726 0.01960784]  ...  [0.         0.         0.        ]  [0.00392157 0.         0.        ]  [0.00392157 0.         0.        ]] [[0.05098039 0.03529412 0.01568628]  [0.04705882 0.03137255 0.01176471]  [0.03921569 0.02745098 0.00784314]  ...  [0.         0.         0.        ]  [0.00392157 0.         0.        ]  [0.00392157 0.         0.        ]] ... [[0.15294118 0.09803922 0.06666667]  [0.14509805 0.09411765 0.0627451 ]  [0.13725491 0.09019608 0.05490196]  ...  [0.         0.         0.        ]  [0.         0.         0.        ]  [0.         0.         0.        ]] [[0.15294118 0.09803922 0.06666667]  [0.14509805 0.09019608 0.05882353]  [0.13725491 0.09019608 0.05490196]  ...  [0.         0.         0.        ]  [0.         0.         0.        ]  [0.         0.         0.        ]] [[0.15294118 0.09803922 0.06666667]  [0.14117648 0.09019608 0.05882353]  [0.13725491 0.08627451 0.05882353]  ...  [0.00392157 0.00392157 0.        ]  [0.         0.         0.        ]  [0.         0.         0.        ]]]",3.182676948432345,34296,/home/amos/media/tv/Carnivale S01-S02 web 10bit hevc-d3g/Carnivale S02/Carnivale.S02E10.1080p.WEBRip.10Bit.EAC3.H265-d3g.mkv538,1080,1920,0,546,237,437,546,33681,0.016,"[[[0. 0. 0.]  [0. 0. 0.]  [0. 0. 0.]  ...  [0. 0. 0.]  [0. 0. 0.]  [0. 0. 0.]] [[0. 0. 0.]  [0. 0. 0.]  [0. 0. 0.]  ...  [0. 0. 0.]  [0. 0. 0.]  [0. 0. 0.]] [[0. 0. 0.]  [0. 0. 0.]  [0. 0. 0.]  ...  [0. 0. 0.]  [0. 0. 0.]  [0. 0. 0.]] ... [[0. 0. 0.]  [0. 0. 0.]  [0. 0. 0.]  ...  [0. 0. 0.]  [0. 0. 0.]  [0. 0. 0.]] [[0. 0. 0.]  [0. 0. 0.]  [0. 0. 0.]  ...  [0. 0. 0.]  [0. 0. 0.]  [0. 0. 0.]] [[0. 0. 0.]  [0. 0. 0.]  [0. 0. 0.]  ...  [0. 0. 0.]  [0. 0. 0.]  [0. 0. 0.]]]",3.8507549857604317,34320,/home/amos/media/tv/Carnivale S01-S02 web 10bit hevc-d3g/Carnivale S02/Carnivale.S02E10.1080p.WEBRip.10Bit.EAC3.H265-d3g.mkv539,1080,1920,0,580,119,942,580,166882,0.08,"[[[0.45490196 0.44705883 0.43137255]  [0.56078434 0.5568628  0.5411765 ]  [0.60784316 0.6039216  0.5882353 ]  ...  [0.1764706  0.14509805 0.10588235]  [0.1764706  0.14117648 0.10980392]  [0.15686275 0.11764706 0.08627451]] [[0.49019608 0.48235294 0.47058824]  [0.654902   0.64705884 0.6313726 ]  [0.53333336 0.5294118  0.5137255 ]  ...  [0.17254902 0.13725491 0.10588235]  [0.2        0.16470589 0.13725491]  [0.1882353  0.14901961 0.12156863]] [[0.5764706  0.5686275  0.5529412 ]  [0.5176471  0.5137255  0.49803922]  [0.53333336 0.5294118  0.5137255 ]  ...  [0.1764706  0.14509805 0.10980392]  [0.20392157 0.16470589 0.13725491]  [0.2        0.16078432 0.13333334]] ... [[0.2        0.16862746 0.14117648]  [0.19607843 0.16078432 0.13333334]  [0.1882353  0.15686275 0.12941177]  ...  [0.05098039 0.02745098 0.01176471]  [0.05098039 0.02745098 0.01568628]  [0.05882353 0.03529412 0.01960784]] [[0.1882353  0.15686275 0.12941177]  [0.1882353  0.15686275 0.1254902 ]  [0.18039216 0.14901961 0.12156863]  ...  [0.05490196 0.03529412 0.01960784]  [0.05098039 0.02745098 0.01176471]  [0.05098039 0.02745098 0.01176471]] [[0.17254902 0.13333334 0.10980392]  [0.18039216 0.14509805 0.11372549]  [0.18039216 0.14901961 0.12156863]  ...  [0.0627451  0.03921569 0.02352941]  [0.05490196 0.03137255 0.01176471]  [0.05098039 0.02745098 0.01176471]]]",7.169628041971009,34416,/home/amos/media/tv/Carnivale S01-S02 web 10bit hevc-d3g/Carnivale S02/Carnivale.S02E10.1080p.WEBRip.10Bit.EAC3.H265-d3g.mkv540,1080,1920,0,572,130,927,572,156910,0.076,"[[[0.5137255  0.50980395 0.49411765]  [0.43137255 0.42745098 0.41960785]  [0.4        0.39607844 0.38431373]  ...  [0.19215687 0.16078432 0.1254902 ]  [0.19215687 0.16078432 0.1254902 ]  [0.21176471 0.18039216 0.14509805]] [[0.3764706  0.37254903 0.36078432]  [0.42745098 0.42352942 0.4117647 ]  [0.38039216 0.3764706  0.3647059 ]  ...  [0.21960784 0.1882353  0.15294118]  [0.19215687 0.16078432 0.1254902 ]  [0.20784314 0.1764706  0.14117648]] [[0.42352942 0.41960785 0.40784314]  [0.4862745  0.47843137 0.47058824]  [0.5058824  0.5019608  0.49411765]  ...  [0.22745098 0.19607843 0.16078432]  [0.20784314 0.1764706  0.14117648]  [0.2        0.16470589 0.14117648]] ... [[0.21176471 0.1764706  0.14901961]  [0.21176471 0.1764706  0.14901961]  [0.21176471 0.1764706  0.14901961]  ...  [0.05882353 0.03529412 0.01568628]  [0.09019608 0.06666667 0.04705882]  [0.09019608 0.06666667 0.04705882]] [[0.20392157 0.16862746 0.14117648]  [0.20784314 0.17254902 0.14509805]  [0.21176471 0.1764706  0.14901961]  ...  [0.05882353 0.03529412 0.01568628]  [0.08235294 0.05882353 0.03921569]  [0.08627451 0.0627451  0.04313726]] [[0.20392157 0.16862746 0.14117648]  [0.20784314 0.17254902 0.14509805]  [0.20784314 0.17254902 0.14509805]  ...  [0.05882353 0.03529412 0.01568628]  [0.08235294 0.05882353 0.03921569]  [0.09411765 0.06666667 0.04705882]]]",7.940230029344093,34440,/home/amos/media/tv/Carnivale S01-S02 web 10bit hevc-d3g/Carnivale S02/Carnivale.S02E10.1080p.WEBRip.10Bit.EAC3.H265-d3g.mkv541,1080,1920,0,64,509,1660,64,710220,0.343,"[[[0.11372549 0.09803922 0.07058824]  [0.11372549 0.09803922 0.07058824]  [0.11372549 0.09803922 0.07058824]  ...  [0.05098039 0.04705882 0.03529412]  [0.05098039 0.04705882 0.03529412]  [0.05098039 0.04705882 0.03529412]] [[0.11372549 0.09803922 0.07058824]  [0.11372549 0.09803922 0.07058824]  [0.11372549 0.09803922 0.07058824]  ...  [0.05098039 0.04705882 0.03529412]  [0.05098039 0.04705882 0.03529412]  [0.05098039 0.04705882 0.03529412]] [[0.11372549 0.09803922 0.07058824]  [0.11372549 0.09803922 0.07058824]  [0.11372549 0.09803922 0.07058824]  ...  [0.05098039 0.04705882 0.03529412]  [0.05098039 0.04705882 0.03529412]  [0.05098039 0.04705882 0.03529412]] ... [[0.16862746 0.16470589 0.14117648]  [0.16862746 0.16470589 0.14117648]  [0.16862746 0.16470589 0.14117648]  ...  [0.04705882 0.03921569 0.02745098]  [0.04705882 0.03921569 0.02745098]  [0.04705882 0.03921569 0.02745098]] [[0.16862746 0.16470589 0.14117648]  [0.16862746 0.16470589 0.14117648]  [0.16862746 0.16470589 0.14117648]  ...  [0.04705882 0.03921569 0.02745098]  [0.04705882 0.03921569 0.02745098]  [0.04705882 0.03921569 0.02745098]] [[0.16862746 0.16470589 0.14117648]  [0.16862746 0.16470589 0.14117648]  [0.16862746 0.16470589 0.14117648]  ...  [0.04705882 0.03921569 0.02745098]  [0.04705882 0.03921569 0.02745098]  [0.04705882 0.03921569 0.02745098]]]",1.3121441474067979,34512,/home/amos/media/tv/Carnivale S01-S02 web 10bit hevc-d3g/Carnivale S02/Carnivale.S02E10.1080p.WEBRip.10Bit.EAC3.H265-d3g.mkv542,1080,1920,0,606,100,926,606,161920,0.078,"[[[0.2901961  0.28235295 0.27058825]  [0.28235295 0.2784314  0.27058825]  [0.28235295 0.28235295 0.26666668]  ...  [0.16862746 0.13725491 0.09411765]  [0.16078432 0.13333334 0.08627451]  [0.16470589 0.13333334 0.09019608]] [[0.25882354 0.2509804  0.24705882]  [0.3137255  0.30980393 0.30588236]  [0.3529412  0.34901962 0.3372549 ]  ...  [0.16862746 0.13725491 0.10196079]  [0.16078432 0.12941177 0.09411765]  [0.14901961 0.11764706 0.08235294]] [[0.3137255  0.30588236 0.30588236]  [0.35686275 0.3529412  0.3529412 ]  [0.33333334 0.32941177 0.31764707]  ...  [0.15294118 0.11764706 0.09019608]  [0.14901961 0.11372549 0.08627451]  [0.15686275 0.12156863 0.09019608]] ... [[0.21176471 0.1764706  0.14901961]  [0.1882353  0.16470589 0.13333334]  [0.18039216 0.15686275 0.12941177]  ...  [0.07843138 0.05490196 0.03921569]  [0.07843138 0.05490196 0.03921569]  [0.07843138 0.05490196 0.03529412]] [[0.19215687 0.16470589 0.13725491]  [0.19215687 0.16862746 0.13725491]  [0.18431373 0.16078432 0.12941177]  ...  [0.08235294 0.05882353 0.04313726]  [0.08627451 0.0627451  0.04705882]  [0.08627451 0.0627451  0.03921569]] [[0.20392157 0.16862746 0.14117648]  [0.20392157 0.17254902 0.14509805]  [0.20392157 0.17254902 0.14509805]  ...  [0.08235294 0.05882353 0.04313726]  [0.08627451 0.0627451  0.04313726]  [0.08627451 0.0627451  0.03921569]]]",7.626937112479936,34608,/home/amos/media/tv/Carnivale S01-S02 web 10bit hevc-d3g/Carnivale S02/Carnivale.S02E10.1080p.WEBRip.10Bit.EAC3.H265-d3g.mkv543,1080,1920,0,608,103,902,608,148470,0.072,"[[[0.14509805 0.13725491 0.11372549]  [0.12941177 0.11372549 0.09019608]  [0.19607843 0.18431373 0.16078432]  ...  [0.15686275 0.1254902  0.08627451]  [0.15294118 0.1254902  0.08627451]  [0.16862746 0.14117648 0.10196079]] [[0.11372549 0.10196079 0.07843138]  [0.12156863 0.10588235 0.08235294]  [0.21568628 0.21176471 0.1882353 ]  ...  [0.15686275 0.12156863 0.09411765]  [0.16470589 0.13333334 0.10196079]  [0.16470589 0.12941177 0.10196079]] [[0.10588235 0.09019608 0.06666667]  [0.08235294 0.07058824 0.04705882]  [0.15294118 0.14117648 0.1254902 ]  ...  [0.14901961 0.11372549 0.08627451]  [0.14901961 0.11764706 0.08627451]  [0.15294118 0.12156863 0.09019608]] ... [[0.15294118 0.1254902  0.09411765]  [0.14509805 0.11372549 0.07450981]  [0.14117648 0.10980392 0.06666667]  ...  [0.0627451  0.03529412 0.01960784]  [0.05490196 0.03137255 0.01176471]  [0.05490196 0.03137255 0.01176471]] [[0.14901961 0.11764706 0.09019608]  [0.14509805 0.11372549 0.07843138]  [0.14117648 0.10980392 0.07058824]  ...  [0.06666667 0.03921569 0.01960784]  [0.0627451  0.03529412 0.01568628]  [0.05882353 0.03529412 0.01568628]] [[0.14901961 0.12156863 0.09019608]  [0.14901961 0.11372549 0.07843138]  [0.15294118 0.11764706 0.07843138]  ...  [0.07058824 0.04313726 0.02352941]  [0.06666667 0.03921569 0.01960784]  [0.0627451  0.03529412 0.01568628]]]",10.260389097908046,34632,/home/amos/media/tv/Carnivale S01-S02 web 10bit hevc-d3g/Carnivale S02/Carnivale.S02E10.1080p.WEBRip.10Bit.EAC3.H265-d3g.mkv544,1080,1920,0,607,103,900,607,147672,0.071,"[[[0.33333334 0.3254902  0.3137255 ]  [0.20392157 0.19607843 0.1882353 ]  [0.28235295 0.27450982 0.26666668]  ...  [0.17254902 0.14117648 0.10196079]  [0.18039216 0.14901961 0.10588235]  [0.18431373 0.15294118 0.11372549]] [[0.25882354 0.2509804  0.23921569]  [0.24313726 0.23529412 0.22745098]  [0.32941177 0.32156864 0.3137255 ]  ...  [0.16862746 0.13725491 0.09803922]  [0.17254902 0.14117648 0.10196079]  [0.17254902 0.14117648 0.10588235]] [[0.2784314  0.27450982 0.2627451 ]  [0.3019608  0.29411766 0.28627452]  [0.32941177 0.32156864 0.3137255 ]  ...  [0.16470589 0.13333334 0.09411765]  [0.16862746 0.13725491 0.09803922]  [0.16862746 0.13725491 0.09803922]] ... [[0.3019608  0.28627452 0.26666668]  [0.30980393 0.29411766 0.27450982]  [0.27450982 0.25882354 0.23529412]  ...  [0.04705882 0.02745098 0.01176471]  [0.03921569 0.01568628 0.00784314]  [0.03921569 0.01960784 0.00784314]] [[0.3254902  0.30588236 0.2901961 ]  [0.3137255  0.29803923 0.27450982]  [0.28235295 0.26666668 0.24313726]  ...  [0.05098039 0.02352941 0.01568628]  [0.04705882 0.01960784 0.01176471]  [0.04705882 0.02352941 0.01568628]] [[0.3137255  0.29411766 0.28235295]  [0.29803923 0.28235295 0.2627451 ]  [0.27450982 0.25882354 0.23529412]  ...  [0.05098039 0.02745098 0.01568628]  [0.05098039 0.02745098 0.01176471]  [0.05490196 0.03137255 0.01568628]]]",8.792452171386685,34656,/home/amos/media/tv/Carnivale S01-S02 web 10bit hevc-d3g/Carnivale S02/Carnivale.S02E10.1080p.WEBRip.10Bit.EAC3.H265-d3g.mkv545,1080,1920,1,150,767,1697,150,954499,0.46,"[[[0.19607843 0.18039216 0.17254902]  [0.19607843 0.18039216 0.16862746]  [0.19607843 0.18039216 0.16862746]  ...  [0.11764706 0.07843138 0.05098039]  [0.11764706 0.07843138 0.05098039]  [0.11764706 0.07843138 0.05098039]] [[0.19607843 0.18039216 0.17254902]  [0.19607843 0.18039216 0.17254902]  [0.19607843 0.18039216 0.16862746]  ...  [0.11764706 0.07843138 0.05098039]  [0.11764706 0.07843138 0.05098039]  [0.11764706 0.07843138 0.05098039]] [[0.2        0.18431373 0.1764706 ]  [0.19607843 0.18431373 0.17254902]  [0.19607843 0.18039216 0.16862746]  ...  [0.11764706 0.07843138 0.05098039]  [0.11764706 0.07843138 0.05098039]  [0.11764706 0.07843138 0.05098039]] ... [[0.1882353  0.17254902 0.16862746]  [0.19215687 0.1764706  0.16862746]  [0.19607843 0.18039216 0.16862746]  ...  [0.18039216 0.12156863 0.09019608]  [0.18039216 0.12156863 0.09019608]  [0.18039216 0.12156863 0.09019608]] [[0.19215687 0.1764706  0.16862746]  [0.19607843 0.18039216 0.17254902]  [0.20392157 0.18431373 0.17254902]  ...  [0.18039216 0.12156863 0.09019608]  [0.18039216 0.12156863 0.09019608]  [0.18039216 0.12156863 0.09019608]] [[0.19607843 0.18039216 0.17254902]  [0.20392157 0.18431373 0.17254902]  [0.20784314 0.1882353  0.1764706 ]  ...  [0.18039216 0.12156863 0.09019608]  [0.18039216 0.12156863 0.09019608]  [0.18431373 0.1254902  0.09411765]]]",3.6130952315288596,34656,/home/amos/media/tv/Carnivale S01-S02 web 10bit hevc-d3g/Carnivale S02/Carnivale.S02E10.1080p.WEBRip.10Bit.EAC3.H265-d3g.mkv546,1080,1920,0,569,192,916,569,130819,0.063,"[[[0.45490196 0.4509804  0.4392157 ]  [0.45882353 0.45490196 0.44313726]  [0.4392157  0.43529412 0.42352942]  ...  [0.18039216 0.14901961 0.1254902 ]  [0.16862746 0.14509805 0.11372549]  [0.1764706  0.14901961 0.11764706]] [[0.4745098  0.47058824 0.45882353]  [0.43137255 0.42745098 0.4117647 ]  [0.40392157 0.39607844 0.38039216]  ...  [0.19215687 0.16078432 0.13725491]  [0.1764706  0.14509805 0.12156863]  [0.18039216 0.14901961 0.12156863]] [[0.47058824 0.46666667 0.45490196]  [0.42745098 0.41960785 0.40784314]  [0.34117648 0.33333334 0.31764707]  ...  [0.16862746 0.13725491 0.11372549]  [0.18039216 0.14901961 0.1254902 ]  [0.19215687 0.16078432 0.13333334]] ... [[0.13333334 0.09803922 0.07450981]  [0.13725491 0.10196079 0.07843138]  [0.14509805 0.10980392 0.08627451]  ...  [0.05490196 0.02745098 0.01960784]  [0.05490196 0.03137255 0.01568628]  [0.06666667 0.03921569 0.02352941]] [[0.1254902  0.09019608 0.07058824]  [0.12941177 0.09411765 0.07058824]  [0.13333334 0.09803922 0.07058824]  ...  [0.05490196 0.02745098 0.02352941]  [0.05490196 0.03137255 0.01568628]  [0.05882353 0.03529412 0.01960784]] [[0.1254902  0.09019608 0.07058824]  [0.1254902  0.09019608 0.07058824]  [0.1254902  0.09019608 0.07058824]  ...  [0.05882353 0.03137255 0.02352941]  [0.05882353 0.02745098 0.01960784]  [0.05490196 0.03137255 0.01568628]]]",7.904072167468257,34680,/home/amos/media/tv/Carnivale S01-S02 web 10bit hevc-d3g/Carnivale S02/Carnivale.S02E10.1080p.WEBRip.10Bit.EAC3.H265-d3g.mkv547,1080,1920,0,603,124,933,603,158070,0.076,"[[[0.49019608 0.4862745  0.48235294]  [0.49411765 0.49019608 0.47843137]  [0.48235294 0.47843137 0.46666667]  ...  [0.23137255 0.20784314 0.16470589]  [0.23137255 0.20784314 0.16470589]  [0.         0.         0.        ]] [[0.48235294 0.47843137 0.4745098 ]  [0.49411765 0.49019608 0.47843137]  [0.4627451  0.45882353 0.44705883]  ...  [0.23529412 0.20784314 0.17254902]  [0.23137255 0.20784314 0.16862746]  [0.         0.         0.        ]] [[0.45882353 0.45490196 0.44313726]  [0.46666667 0.45882353 0.44705883]  [0.42352942 0.41960785 0.40392157]  ...  [0.22745098 0.2        0.16862746]  [0.22352941 0.19607843 0.16078432]  [0.         0.         0.        ]] ... [[0.12156863 0.08627451 0.05882353]  [0.1254902  0.09019608 0.0627451 ]  [0.12941177 0.09411765 0.06666667]  ...  [0.07843138 0.05098039 0.02745098]  [0.08235294 0.05490196 0.03137255]  [0.         0.         0.        ]] [[0.1254902  0.09019608 0.0627451 ]  [0.1254902  0.09019608 0.0627451 ]  [0.1254902  0.09019608 0.0627451 ]  ...  [0.07450981 0.04705882 0.02352941]  [0.07450981 0.04705882 0.02352941]  [0.         0.         0.        ]] [[0.         0.         0.        ]  [0.         0.         0.        ]  [0.         0.         0.        ]  ...  [0.         0.         0.        ]  [0.         0.         0.        ]  [0.         0.         0.        ]]]",7.43983007472707,34776,/home/amos/media/tv/Carnivale S01-S02 web 10bit hevc-d3g/Carnivale S02/Carnivale.S02E10.1080p.WEBRip.10Bit.EAC3.H265-d3g.mkv548,1080,1920,0,584,119,923,584,157635,0.076,"[[[0.45490196 0.4509804  0.4392157 ]  [0.49411765 0.49019608 0.47843137]  [0.5254902  0.52156866 0.50980395]  ...  [0.18431373 0.15686275 0.11764706]  [0.19215687 0.16078432 0.12156863]  [0.19607843 0.17254902 0.13333334]] [[0.45882353 0.45490196 0.4392157 ]  [0.4745098  0.47058824 0.45882353]  [0.49411765 0.4862745  0.48235294]  ...  [0.1882353  0.16078432 0.12156863]  [0.19215687 0.16470589 0.1254902 ]  [0.19607843 0.16862746 0.13725491]] [[0.45490196 0.45490196 0.44313726]  [0.48235294 0.47843137 0.46666667]  [0.5176471  0.5137255  0.5019608 ]  ...  [0.19215687 0.16470589 0.1254902 ]  [0.19215687 0.16862746 0.1254902 ]  [0.19607843 0.16862746 0.13725491]] ... [[0.16078432 0.12941177 0.09411765]  [0.14901961 0.12156863 0.08235294]  [0.14117648 0.10980392 0.07450981]  ...  [0.08627451 0.05882353 0.04313726]  [0.08235294 0.05490196 0.03529412]  [0.08235294 0.05490196 0.03529412]] [[0.15686275 0.1254902  0.09019608]  [0.14901961 0.11764706 0.08235294]  [0.13725491 0.10588235 0.06666667]  ...  [0.09019608 0.05882353 0.04705882]  [0.08627451 0.05882353 0.03921569]  [0.08627451 0.05882353 0.03921569]] [[0.15294118 0.1254902  0.09019608]  [0.14117648 0.11764706 0.07843138]  [0.13725491 0.10588235 0.06666667]  ...  [0.08627451 0.05882353 0.04313726]  [0.08627451 0.05882353 0.03921569]  [0.09019608 0.0627451  0.04313726]]]",7.564630140026566,34800,/home/amos/media/tv/Carnivale S01-S02 web 10bit hevc-d3g/Carnivale S02/Carnivale.S02E10.1080p.WEBRip.10Bit.EAC3.H265-d3g.mkv549,1080,1920,0,572,250,447,572,40250,0.019,"[[[0. 0. 0.]  [0. 0. 0.]  [0. 0. 0.]  ...  [0. 0. 0.]  [0. 0. 0.]  [0. 0. 0.]] [[0. 0. 0.]  [0. 0. 0.]  [0. 0. 0.]  ...  [0. 0. 0.]  [0. 0. 0.]  [0. 0. 0.]] [[0. 0. 0.]  [0. 0. 0.]  [0. 0. 0.]  ...  [0. 0. 0.]  [0. 0. 0.]  [0. 0. 0.]] ... [[0. 0. 0.]  [0. 0. 0.]  [0. 0. 0.]  ...  [0. 0. 0.]  [0. 0. 0.]  [0. 0. 0.]] [[0. 0. 0.]  [0. 0. 0.]  [0. 0. 0.]  ...  [0. 0. 0.]  [0. 0. 0.]  [0. 0. 0.]] [[0. 0. 0.]  [0. 0. 0.]  [0. 0. 0.]  ...  [0. 0. 0.]  [0. 0. 0.]  [0. 0. 0.]]]",8.036200199450832,34824,/home/amos/media/tv/Carnivale S01-S02 web 10bit hevc-d3g/Carnivale S02/Carnivale.S02E10.1080p.WEBRip.10Bit.EAC3.H265-d3g.mkv550,1080,1920,0,531,317,428,531,22042,0.011,"[[[0.         0.         0.        ]  [0.         0.         0.        ]  [0.         0.         0.        ]  ...  [0.         0.         0.        ]  [0.         0.         0.        ]  [0.         0.         0.        ]] [[0.         0.         0.        ]  [0.         0.         0.        ]  [0.         0.         0.        ]  ...  [0.         0.         0.        ]  [0.         0.         0.        ]  [0.         0.         0.        ]] [[0.         0.         0.        ]  [0.         0.         0.        ]  [0.         0.         0.        ]  ...  [0.         0.         0.        ]  [0.         0.         0.        ]  [0.         0.         0.        ]] ... [[0.07450981 0.07058824 0.0627451 ]  [0.00784314 0.00392157 0.        ]  [0.01568628 0.00784314 0.        ]  ...  [0.10196079 0.05490196 0.03137255]  [0.13333334 0.08235294 0.0627451 ]  [0.10196079 0.05490196 0.03137255]] [[0.07843138 0.07450981 0.06666667]  [0.         0.         0.        ]  [0.00784314 0.00784314 0.        ]  ...  [0.11764706 0.07058824 0.04705882]  [0.13333334 0.08627451 0.0627451 ]  [0.1254902  0.07843138 0.05490196]] [[0.07450981 0.07058824 0.0627451 ]  [0.00392157 0.         0.        ]  [0.02352941 0.01568628 0.00784314]  ...  [0.12156863 0.07450981 0.05490196]  [0.12941177 0.08235294 0.05882353]  [0.13725491 0.09019608 0.0627451 ]]]",3.929724023619201,34848,/home/amos/media/tv/Carnivale S01-S02 web 10bit hevc-d3g/Carnivale S02/Carnivale.S02E10.1080p.WEBRip.10Bit.EAC3.H265-d3g.mkv551,1080,1920,0,141,485,852,141,244584,0.118,"[[[0.22352941 0.14509805 0.10588235]  [0.22352941 0.14509805 0.10588235]  [0.22352941 0.14509805 0.10588235]  ...  [0.         0.         0.        ]  [0.         0.         0.        ]  [0.         0.         0.        ]] [[0.22352941 0.14509805 0.10588235]  [0.22352941 0.14901961 0.10980392]  [0.22745098 0.14901961 0.10980392]  ...  [0.         0.         0.        ]  [0.         0.         0.        ]  [0.         0.         0.        ]] [[0.22745098 0.14901961 0.10980392]  [0.22745098 0.14901961 0.10980392]  [0.23137255 0.14901961 0.10980392]  ...  [0.         0.         0.        ]  [0.         0.         0.        ]  [0.         0.         0.        ]] ... [[0.20392157 0.13333334 0.09411765]  [0.20392157 0.13333334 0.09411765]  [0.20392157 0.13333334 0.09411765]  ...  [0.         0.         0.        ]  [0.         0.         0.        ]  [0.         0.         0.        ]] [[0.20392157 0.13333334 0.09411765]  [0.20392157 0.13333334 0.09411765]  [0.20392157 0.13333334 0.09411765]  ...  [0.         0.         0.        ]  [0.         0.         0.        ]  [0.         0.         0.        ]] [[0.20392157 0.13333334 0.09411765]  [0.20392157 0.13333334 0.09411765]  [0.20392157 0.13333334 0.09411765]  ...  [0.         0.         0.        ]  [0.         0.         0.        ]  [0.         0.         0.        ]]]",3.1768750406918116,34872,/home/amos/media/tv/Carnivale S01-S02 web 10bit hevc-d3g/Carnivale S02/Carnivale.S02E10.1080p.WEBRip.10Bit.EAC3.H265-d3g.mkv552,1080,1920,0,567,233,388,567,59786,0.029,"[[[0. 0. 0.]  [0. 0. 0.]  [0. 0. 0.]  ...  [0. 0. 0.]  [0. 0. 0.]  [0. 0. 0.]] [[0. 0. 0.]  [0. 0. 0.]  [0. 0. 0.]  ...  [0. 0. 0.]  [0. 0. 0.]  [0. 0. 0.]] [[0. 0. 0.]  [0. 0. 0.]  [0. 0. 0.]  ...  [0. 0. 0.]  [0. 0. 0.]  [0. 0. 0.]] ... [[0. 0. 0.]  [0. 0. 0.]  [0. 0. 0.]  ...  [0. 0. 0.]  [0. 0. 0.]  [0. 0. 0.]] [[0. 0. 0.]  [0. 0. 0.]  [0. 0. 0.]  ...  [0. 0. 0.]  [0. 0. 0.]  [0. 0. 0.]] [[0. 0. 0.]  [0. 0. 0.]  [0. 0. 0.]  ...  [0. 0. 0.]  [0. 0. 0.]  [0. 0. 0.]]]",2.6124290131847374,34896,/home/amos/media/tv/Carnivale S01-S02 web 10bit hevc-d3g/Carnivale S02/Carnivale.S02E10.1080p.WEBRip.10Bit.EAC3.H265-d3g.mkv553,1080,1920,0,585,223,383,585,73124,0.035,"[[[0.01568628 0.00392157 0.        ]  [0.00392157 0.         0.        ]  [0.00784314 0.         0.        ]  ...  [0.         0.         0.        ]  [0.         0.         0.        ]  [0.         0.         0.        ]] [[0.         0.         0.        ]  [0.         0.         0.        ]  [0.         0.         0.        ]  ...  [0.         0.         0.        ]  [0.         0.         0.        ]  [0.         0.         0.        ]] [[0.         0.         0.        ]  [0.         0.         0.        ]  [0.         0.         0.        ]  ...  [0.         0.         0.        ]  [0.         0.         0.        ]  [0.         0.         0.        ]] ... [[0.03921569 0.02745098 0.01568628]  [0.02745098 0.01960784 0.01176471]  [0.02352941 0.01568628 0.00392157]  ...  [0.09803922 0.07450981 0.05098039]  [0.08627451 0.06666667 0.04313726]  [0.09803922 0.07450981 0.05098039]] [[0.05098039 0.04313726 0.01960784]  [0.05098039 0.03921569 0.01960784]  [0.03921569 0.03137255 0.01568628]  ...  [0.08627451 0.0627451  0.03921569]  [0.05882353 0.03529412 0.01176471]  [0.07450981 0.05098039 0.02745098]] [[0.05098039 0.04313726 0.01960784]  [0.05882353 0.05098039 0.03137255]  [0.03921569 0.03137255 0.01176471]  ...  [0.08627451 0.0627451  0.04313726]  [0.07450981 0.05098039 0.03137255]  [0.09411765 0.07058824 0.05098039]]]",6.934590085118543,34920,/home/amos/media/tv/Carnivale S01-S02 web 10bit hevc-d3g/Carnivale S02/Carnivale.S02E10.1080p.WEBRip.10Bit.EAC3.H265-d3g.mkv554,1080,1920,0,584,178,875,584,118146,0.057,"[[[0.38431373 0.38039216 0.3764706 ]  [0.41568628 0.4117647  0.4       ]  [0.49019608 0.4862745  0.4745098 ]  ...  [0.16862746 0.13333334 0.10588235]  [0.16862746 0.13333334 0.10588235]  [0.1764706  0.14117648 0.11372549]] [[0.36862746 0.3647059  0.36078432]  [0.4392157  0.43529412 0.42745098]  [0.47058824 0.46666667 0.45490196]  ...  [0.18431373 0.14901961 0.12156863]  [0.16470589 0.12941177 0.10196079]  [0.18039216 0.14509805 0.11372549]] [[0.42745098 0.42352942 0.41960785]  [0.49019608 0.4862745  0.47843137]  [0.47058824 0.47058824 0.45882353]  ...  [0.2        0.16470589 0.13725491]  [0.16862746 0.13333334 0.10588235]  [0.16862746 0.13333334 0.10588235]] ... [[0.17254902 0.14901961 0.12941177]  [0.1764706  0.14901961 0.13333334]  [0.16470589 0.14901961 0.12941177]  ...  [0.05098039 0.01960784 0.01176471]  [0.05490196 0.02352941 0.01176471]  [0.0627451  0.03137255 0.01960784]] [[0.16862746 0.14509805 0.1254902 ]  [0.16078432 0.13725491 0.1254902 ]  [0.15686275 0.14117648 0.11764706]  ...  [0.04313726 0.01176471 0.00392157]  [0.04705882 0.01960784 0.00392157]  [0.05882353 0.03137255 0.01568628]] [[0.15686275 0.13333334 0.10980392]  [0.15686275 0.13333334 0.10980392]  [0.14509805 0.12941177 0.10588235]  ...  [0.03921569 0.00784314 0.        ]  [0.04705882 0.01960784 0.00784314]  [0.05490196 0.02745098 0.01176471]]]",8.072480129019823,34944,/home/amos/media/tv/Carnivale S01-S02 web 10bit hevc-d3g/Carnivale S02/Carnivale.S02E10.1080p.WEBRip.10Bit.EAC3.H265-d3g.mkv555,1080,1920,0,568,179,894,568,126814,0.061,"[[[0.48235294 0.48235294 0.47058824]  [0.4627451  0.45882353 0.4509804 ]  [0.47843137 0.4745098  0.4627451 ]  ...  [0.16862746 0.14509805 0.11372549]  [0.15686275 0.13333334 0.10196079]  [0.         0.         0.        ]] [[0.49803922 0.49411765 0.48235294]  [0.4745098  0.47058824 0.4627451 ]  [0.4627451  0.45882353 0.44705883]  ...  [0.16862746 0.14509805 0.11372549]  [0.14901961 0.1254902  0.09411765]  [0.         0.         0.        ]] [[0.4627451  0.45882353 0.45490196]  [0.4509804  0.44705883 0.4392157 ]  [0.5058824  0.5019608  0.49411765]  ...  [0.1764706  0.15294118 0.11764706]  [0.15686275 0.12941177 0.09803922]  [0.         0.         0.        ]] ... [[0.16470589 0.13333334 0.11372549]  [0.15686275 0.13333334 0.10588235]  [0.14901961 0.12156863 0.09019608]  ...  [0.05098039 0.02352941 0.01568628]  [0.04705882 0.01960784 0.01176471]  [0.         0.         0.        ]] [[0.16470589 0.13725491 0.11764706]  [0.15686275 0.1254902  0.10588235]  [0.14901961 0.11372549 0.08627451]  ...  [0.04705882 0.01960784 0.01568628]  [0.04313726 0.01568628 0.00784314]  [0.         0.         0.        ]] [[0.         0.         0.        ]  [0.         0.         0.        ]  [0.         0.         0.        ]  ...  [0.         0.         0.        ]  [0.         0.         0.        ]  [0.         0.         0.        ]]]",11.205680111364927,34968,/home/amos/media/tv/Carnivale S01-S02 web 10bit hevc-d3g/Carnivale S02/Carnivale.S02E10.1080p.WEBRip.10Bit.EAC3.H265-d3g.mkv556,1080,1920,0,595,177,905,595,129580,0.062,"[[[0.42745098 0.42352942 0.41960785]  [0.38039216 0.37254903 0.3647059 ]  [0.39607844 0.3882353  0.38039216]  ...  [0.15294118 0.1254902  0.09411765]  [0.15294118 0.1254902  0.09411765]  [0.14509805 0.11764706 0.08627451]] [[0.41568628 0.4117647  0.40784314]  [0.36862746 0.36078432 0.35686275]  [0.41568628 0.40784314 0.39607844]  ...  [0.14509805 0.11764706 0.08627451]  [0.15294118 0.1254902  0.09411765]  [0.15686275 0.12941177 0.09803922]] [[0.41568628 0.41568628 0.40784314]  [0.3647059  0.35686275 0.3529412 ]  [0.4        0.39215687 0.38431373]  ...  [0.12156863 0.09411765 0.0627451 ]  [0.15686275 0.12941177 0.09803922]  [0.15686275 0.12941177 0.09803922]] ... [[0.10196079 0.08627451 0.0627451 ]  [0.11372549 0.10196079 0.07450981]  [0.10980392 0.09411765 0.06666667]  ...  [0.11372549 0.09019608 0.07058824]  [0.10980392 0.08627451 0.06666667]  [0.09411765 0.07058824 0.05098039]] [[0.10980392 0.09019608 0.06666667]  [0.11764706 0.09803922 0.07450981]  [0.11372549 0.09019608 0.06666667]  ...  [0.10588235 0.08627451 0.06666667]  [0.10980392 0.09019608 0.06666667]  [0.10588235 0.08235294 0.05882353]] [[0.12156863 0.09803922 0.07450981]  [0.1254902  0.09803922 0.07450981]  [0.11372549 0.09019608 0.0627451 ]  ...  [0.09411765 0.08235294 0.05882353]  [0.10588235 0.09019608 0.0627451 ]  [0.11372549 0.09803922 0.0627451 ]]]",10.276028057385702,35040,/home/amos/media/tv/Carnivale S01-S02 web 10bit hevc-d3g/Carnivale S02/Carnivale.S02E10.1080p.WEBRip.10Bit.EAC3.H265-d3g.mkv557,1080,1920,0,604,99,913,604,156045,0.075,"[[[0.08627451 0.07450981 0.05490196]  [0.13725491 0.12156863 0.10980392]  [0.34509805 0.33333334 0.3254902 ]  ...  [0.1764706  0.15294118 0.10980392]  [0.18431373 0.16078432 0.12156863]  [0.2        0.1764706  0.13333334]] [[0.09019608 0.07843138 0.05882353]  [0.17254902 0.16078432 0.14117648]  [0.32941177 0.32156864 0.30588236]  ...  [0.16470589 0.14509805 0.10196079]  [0.1764706  0.15294118 0.10980392]  [0.1882353  0.16470589 0.12156863]] [[0.14117648 0.12941177 0.10980392]  [0.16470589 0.15686275 0.13725491]  [0.3647059  0.35686275 0.34117648]  ...  [0.16470589 0.13333334 0.09803922]  [0.1764706  0.14509805 0.10588235]  [0.18039216 0.14901961 0.10980392]] ... [[0.18039216 0.15294118 0.12156863]  [0.16078432 0.13725491 0.09803922]  [0.14509805 0.10980392 0.07843138]  ...  [0.05882353 0.03137255 0.01568628]  [0.06666667 0.03921569 0.02352941]  [0.07843138 0.05098039 0.03529412]] [[0.18039216 0.15294118 0.12156863]  [0.16078432 0.13333334 0.09803922]  [0.13725491 0.10588235 0.07843138]  ...  [0.0627451  0.03529412 0.01960784]  [0.06666667 0.03921569 0.02352941]  [0.07843138 0.05098039 0.03529412]] [[0.1764706  0.14901961 0.12156863]  [0.15686275 0.12941177 0.09803922]  [0.13725491 0.10588235 0.07843138]  ...  [0.0627451  0.03529412 0.01960784]  [0.06666667 0.03921569 0.02352941]  [0.07843138 0.05098039 0.03529412]]]",7.729652163747232,35064,/home/amos/media/tv/Carnivale S01-S02 web 10bit hevc-d3g/Carnivale S02/Carnivale.S02E10.1080p.WEBRip.10Bit.EAC3.H265-d3g.mkv558,1080,1920,0,635,79,894,635,144004,0.069,"[[[0.1254902  0.10980392 0.09019608]  [0.11764706 0.10588235 0.08627451]  [0.25490198 0.23529412 0.21960784]  ...  [0.20784314 0.18431373 0.14509805]  [0.20784314 0.18431373 0.14509805]  [0.20392157 0.18039216 0.14117648]] [[0.13333334 0.11764706 0.09803922]  [0.21568628 0.2        0.1882353 ]  [0.3647059  0.3529412  0.34901962]  ...  [0.20784314 0.18431373 0.14117648]  [0.20784314 0.18431373 0.14117648]  [0.2        0.1764706  0.13333334]] [[0.30588236 0.2901961  0.2784314 ]  [0.3372549  0.32941177 0.32156864]  [0.3372549  0.32941177 0.3254902 ]  ...  [0.20392157 0.18039216 0.13725491]  [0.20784314 0.18431373 0.14117648]  [0.20392157 0.18039216 0.13725491]] ... [[0.2784314  0.25882354 0.24705882]  [0.28235295 0.25882354 0.24705882]  [0.27450982 0.2509804  0.23529412]  ...  [0.10196079 0.07058824 0.05098039]  [0.09411765 0.06666667 0.04705882]  [0.10588235 0.07843138 0.05882353]] [[0.27450982 0.25490198 0.24705882]  [0.2784314  0.25490198 0.24705882]  [0.25882354 0.23529412 0.21960784]  ...  [0.09411765 0.06666667 0.04705882]  [0.09019608 0.0627451  0.04313726]  [0.09803922 0.07058824 0.05098039]] [[0.28235295 0.2627451  0.25490198]  [0.26666668 0.24313726 0.23137255]  [0.24313726 0.21960784 0.20392157]  ...  [0.09411765 0.06666667 0.04705882]  [0.09411765 0.06666667 0.04705882]  [0.09803922 0.07058824 0.05098039]]]",8.20362510922132,35088,/home/amos/media/tv/Carnivale S01-S02 web 10bit hevc-d3g/Carnivale S02/Carnivale.S02E10.1080p.WEBRip.10Bit.EAC3.H265-d3g.mkv559,1080,1920,0,624,245,400,624,84896,0.041,"[[[0. 0. 0.]  [0. 0. 0.]  [0. 0. 0.]  ...  [0. 0. 0.]  [0. 0. 0.]  [0. 0. 0.]] [[0. 0. 0.]  [0. 0. 0.]  [0. 0. 0.]  ...  [0. 0. 0.]  [0. 0. 0.]  [0. 0. 0.]] [[0. 0. 0.]  [0. 0. 0.]  [0. 0. 0.]  ...  [0. 0. 0.]  [0. 0. 0.]  [0. 0. 0.]] ... [[0. 0. 0.]  [0. 0. 0.]  [0. 0. 0.]  ...  [0. 0. 0.]  [0. 0. 0.]  [0. 0. 0.]] [[0. 0. 0.]  [0. 0. 0.]  [0. 0. 0.]  ...  [0. 0. 0.]  [0. 0. 0.]  [0. 0. 0.]] [[0. 0. 0.]  [0. 0. 0.]  [0. 0. 0.]  ...  [0. 0. 0.]  [0. 0. 0.]  [0. 0. 0.]]]",5.20142907340778,35112,/home/amos/media/tv/Carnivale S01-S02 web 10bit hevc-d3g/Carnivale S02/Carnivale.S02E10.1080p.WEBRip.10Bit.EAC3.H265-d3g.mkv560,1080,1920,0,630,250,390,630,91200,0.044,"[[[0.         0.         0.        ]  [0.         0.         0.        ]  [0.         0.         0.        ]  ...  [0.         0.         0.        ]  [0.         0.         0.        ]  [0.         0.         0.        ]] [[0.         0.         0.00392157]  [0.         0.         0.00392157]  [0.         0.         0.00392157]  ...  [0.         0.         0.        ]  [0.         0.         0.        ]  [0.         0.         0.        ]] [[0.         0.         0.        ]  [0.         0.         0.        ]  [0.         0.         0.        ]  ...  [0.         0.         0.        ]  [0.         0.         0.        ]  [0.         0.         0.        ]] ... [[0.         0.         0.        ]  [0.         0.         0.        ]  [0.         0.         0.        ]  ...  [0.10588235 0.05882353 0.03529412]  [0.13725491 0.08627451 0.06666667]  [0.12941177 0.08235294 0.05882353]] [[0.         0.         0.        ]  [0.         0.         0.        ]  [0.00392157 0.         0.        ]  ...  [0.09411765 0.04705882 0.02352941]  [0.13333334 0.08235294 0.05882353]  [0.14117648 0.09803922 0.07058824]] [[0.         0.         0.        ]  [0.00392157 0.         0.        ]  [0.00784314 0.00392157 0.        ]  ...  [0.13725491 0.09019608 0.06666667]  [0.15686275 0.10980392 0.08627451]  [0.11764706 0.07058824 0.04705882]]]",5.589122080418747,35136,/home/amos/media/tv/Carnivale S01-S02 web 10bit hevc-d3g/Carnivale S02/Carnivale.S02E10.1080p.WEBRip.10Bit.EAC3.H265-d3g.mkv561,1080,1920,0,558,349,412,558,30514,0.015,"[[[0. 0. 0.]  [0. 0. 0.]  [0. 0. 0.]  ...  [0. 0. 0.]  [0. 0. 0.]  [0. 0. 0.]] [[0. 0. 0.]  [0. 0. 0.]  [0. 0. 0.]  ...  [0. 0. 0.]  [0. 0. 0.]  [0. 0. 0.]] [[0. 0. 0.]  [0. 0. 0.]  [0. 0. 0.]  ...  [0. 0. 0.]  [0. 0. 0.]  [0. 0. 0.]] ... [[0. 0. 0.]  [0. 0. 0.]  [0. 0. 0.]  ...  [0. 0. 0.]  [0. 0. 0.]  [0. 0. 0.]] [[0. 0. 0.]  [0. 0. 0.]  [0. 0. 0.]  ...  [0. 0. 0.]  [0. 0. 0.]  [0. 0. 0.]] [[0. 0. 0.]  [0. 0. 0.]  [0. 0. 0.]  ...  [0. 0. 0.]  [0. 0. 0.]  [0. 0. 0.]]]",7.093044025998097,35160,/home/amos/media/tv/Carnivale S01-S02 web 10bit hevc-d3g/Carnivale S02/Carnivale.S02E10.1080p.WEBRip.10Bit.EAC3.H265-d3g.mkv562,1080,1920,0,527,149,850,527,122094,0.059,"[[[0.13333334 0.12156863 0.10196079]  [0.2784314  0.26666668 0.24705882]  [0.43137255 0.41960785 0.40784314]  ...  [0.26666668 0.23529412 0.19607843]  [0.24313726 0.21176471 0.17254902]  [0.23137255 0.2        0.16078432]] [[0.20392157 0.19215687 0.17254902]  [0.3254902  0.3137255  0.29411766]  [0.46666667 0.45882353 0.44313726]  ...  [0.27450982 0.24313726 0.20392157]  [0.26666668 0.23529412 0.19607843]  [0.22745098 0.2        0.16078432]] [[0.23137255 0.21960784 0.2       ]  [0.40784314 0.39607844 0.3764706 ]  [0.49019608 0.47843137 0.46666667]  ...  [0.2509804  0.21960784 0.18039216]  [0.27058825 0.23921569 0.2       ]  [0.25882354 0.22745098 0.1882353 ]] ... [[0.23921569 0.21176471 0.18039216]  [0.20392157 0.1764706  0.14509805]  [0.20784314 0.1764706  0.14117648]  ...  [0.06666667 0.03529412 0.03137255]  [0.0627451  0.03137255 0.02745098]  [0.05882353 0.02745098 0.02352941]] [[0.2509804  0.22745098 0.2       ]  [0.21568628 0.1882353  0.16078432]  [0.20392157 0.1764706  0.14509805]  ...  [0.0627451  0.03529412 0.02745098]  [0.05882353 0.02745098 0.02352941]  [0.0627451  0.02745098 0.02352941]] [[0.25490198 0.23529412 0.21176471]  [0.21176471 0.1882353  0.16470589]  [0.19215687 0.16862746 0.14117648]  ...  [0.06666667 0.03529412 0.03137255]  [0.05490196 0.02352941 0.01960784]  [0.05882353 0.02352941 0.02352941]]]",6.171990089933388,35256,/home/amos/media/tv/Carnivale S01-S02 web 10bit hevc-d3g/Carnivale S02/Carnivale.S02E10.1080p.WEBRip.10Bit.EAC3.H265-d3g.mkv563,1080,1920,0,415,7,803,415,158304,0.076,"[[[0.09803922 0.05882353 0.05882353]  [0.09803922 0.05882353 0.05882353]  [0.09803922 0.05882353 0.05882353]  ...  [0.2509804  0.19215687 0.15686275]  [0.25490198 0.19607843 0.16078432]  [0.2627451  0.20392157 0.16862746]] [[0.09803922 0.05882353 0.05882353]  [0.09803922 0.05882353 0.05882353]  [0.09803922 0.05882353 0.05882353]  ...  [0.28235295 0.22352941 0.1882353 ]  [0.2627451  0.20392157 0.16862746]  [0.2509804  0.19215687 0.15686275]] [[0.09803922 0.05882353 0.05882353]  [0.09803922 0.05882353 0.05882353]  [0.09803922 0.05882353 0.05882353]  ...  [0.29803923 0.23921569 0.20392157]  [0.28627452 0.22745098 0.19215687]  [0.27058825 0.21176471 0.1764706 ]] ... [[0.16078432 0.14117648 0.13333334]  [0.16078432 0.14117648 0.13333334]  [0.16470589 0.14509805 0.13725491]  ...  [0.23137255 0.15686275 0.13333334]  [0.23137255 0.16078432 0.13725491]  [0.23529412 0.16078432 0.14117648]] [[0.1764706  0.15686275 0.14901961]  [0.18431373 0.16470589 0.15686275]  [0.18431373 0.16470589 0.15686275]  ...  [0.23529412 0.16470589 0.13333334]  [0.23529412 0.16470589 0.13725491]  [0.23529412 0.16470589 0.14117648]] [[0.19215687 0.17254902 0.16470589]  [0.2        0.18039216 0.17254902]  [0.2        0.18039216 0.17254902]  ...  [0.23529412 0.16470589 0.13333334]  [0.23137255 0.16078432 0.13333334]  [0.22745098 0.15686275 0.13333334]]]",5.407620172190946,35280,/home/amos/media/tv/Carnivale S01-S02 web 10bit hevc-d3g/Carnivale S02/Carnivale.S02E10.1080p.WEBRip.10Bit.EAC3.H265-d3g.mkv564,1080,1920,0,522,164,797,522,98450,0.047,"[[[0.33333334 0.31764707 0.2901961 ]  [0.4509804  0.4392157  0.41568628]  [0.5176471  0.50980395 0.49019608]  ...  [0.16078432 0.1254902  0.09803922]  [0.28235295 0.24705882 0.21960784]  [0.27450982 0.23921569 0.21176471]] [[0.43529412 0.41960785 0.39607844]  [0.5058824  0.49411765 0.4745098 ]  [0.49411765 0.4862745  0.47058824]  ...  [0.1764706  0.14117648 0.11372549]  [0.2        0.16470589 0.13725491]  [0.2901961  0.25490198 0.22745098]] [[0.49411765 0.47843137 0.4627451 ]  [0.50980395 0.5019608  0.4862745 ]  [0.45882353 0.4509804  0.4392157 ]  ...  [0.2        0.16470589 0.14509805]  [0.16078432 0.1254902  0.10588235]  [0.23137255 0.19607843 0.1764706 ]] ... [[0.2784314  0.26666668 0.2627451 ]  [0.25490198 0.24705882 0.23921569]  [0.21568628 0.20392157 0.19607843]  ...  [0.04313726 0.00784314 0.00392157]  [0.04705882 0.01568628 0.01176471]  [0.04705882 0.01176471 0.01176471]] [[0.27450982 0.2627451  0.25882354]  [0.2509804  0.24313726 0.23529412]  [0.20784314 0.19607843 0.1882353 ]  ...  [0.04313726 0.00784314 0.00392157]  [0.04313726 0.00784314 0.00784314]  [0.04705882 0.01176471 0.01176471]] [[0.27450982 0.2627451  0.25882354]  [0.25490198 0.24705882 0.23921569]  [0.20784314 0.19607843 0.19215687]  ...  [0.04313726 0.00784314 0.00392157]  [0.04705882 0.01568628 0.01176471]  [0.04313726 0.01176471 0.00784314]]]",8.876968310854863,35304,/home/amos/media/tv/Carnivale S01-S02 web 10bit hevc-d3g/Carnivale S02/Carnivale.S02E10.1080p.WEBRip.10Bit.EAC3.H265-d3g.mkv565,1080,1920,0,455,44,805,455,143850,0.069,"[[[0.09803922 0.06666667 0.0627451 ]  [0.09803922 0.06666667 0.0627451 ]  [0.09803922 0.06666667 0.0627451 ]  ...  [0.32156864 0.28235295 0.25490198]  [0.3254902  0.29803923 0.2627451 ]  [0.3372549  0.30980393 0.2784314 ]] [[0.09803922 0.06666667 0.0627451 ]  [0.09803922 0.06666667 0.0627451 ]  [0.09803922 0.06666667 0.0627451 ]  ...  [0.32941177 0.29411766 0.25882354]  [0.32156864 0.29803923 0.25882354]  [0.3254902  0.3019608  0.2627451 ]] [[0.09803922 0.06666667 0.0627451 ]  [0.09803922 0.06666667 0.0627451 ]  [0.09803922 0.06666667 0.0627451 ]  ...  [0.32156864 0.28627452 0.2509804 ]  [0.32156864 0.29803923 0.25882354]  [0.31764707 0.29411766 0.25490198]] ... [[0.08235294 0.05882353 0.02745098]  [0.08235294 0.05882353 0.02745098]  [0.08235294 0.05882353 0.02745098]  ...  [0.09019608 0.03921569 0.02745098]  [0.08627451 0.03921569 0.02352941]  [0.09019608 0.04313726 0.02745098]] [[0.06666667 0.04313726 0.01568628]  [0.06666667 0.04313726 0.01568628]  [0.06666667 0.04313726 0.01568628]  ...  [0.08627451 0.03921569 0.02352941]  [0.09019608 0.04313726 0.02745098]  [0.08627451 0.04313726 0.02352941]] [[0.04705882 0.03137255 0.00784314]  [0.05098039 0.03137255 0.01176471]  [0.05098039 0.03137255 0.01176471]  ...  [0.09019608 0.04313726 0.02745098]  [0.09019608 0.04313726 0.02745098]  [0.08627451 0.03921569 0.02352941]]]",7.065684973204043,35352,/home/amos/media/tv/Carnivale S01-S02 web 10bit hevc-d3g/Carnivale S02/Carnivale.S02E10.1080p.WEBRip.10Bit.EAC3.H265-d3g.mkv566,1080,1920,0,564,193,519,564,16695,0.008,"[[[0.00392157 0.         0.        ]  [0.00392157 0.         0.        ]  [0.00392157 0.         0.        ]  ...  [0.         0.         0.        ]  [0.00392157 0.         0.        ]  [0.00784314 0.         0.        ]] [[0.00784314 0.         0.        ]  [0.00784314 0.         0.        ]  [0.00392157 0.         0.        ]  ...  [0.00392157 0.         0.        ]  [0.00392157 0.         0.        ]  [0.00392157 0.         0.        ]] [[0.00784314 0.         0.        ]  [0.00784314 0.         0.        ]  [0.00784314 0.         0.        ]  ...  [0.00392157 0.         0.        ]  [0.00392157 0.         0.        ]  [0.00392157 0.         0.        ]] ... [[0.14117648 0.12156863 0.10980392]  [0.10980392 0.09019608 0.07843138]  [0.08627451 0.06666667 0.05882353]  ...  [0.         0.         0.        ]  [0.         0.         0.        ]  [0.         0.         0.        ]] [[0.13725491 0.12156863 0.10980392]  [0.1254902  0.10588235 0.09803922]  [0.09019608 0.07058824 0.0627451 ]  ...  [0.         0.         0.        ]  [0.         0.         0.        ]  [0.         0.         0.        ]] [[0.13725491 0.12156863 0.10980392]  [0.14117648 0.12156863 0.11372549]  [0.11764706 0.09803922 0.09019608]  ...  [0.         0.         0.        ]  [0.         0.         0.        ]  [0.         0.         0.        ]]]",7.4712719729868695,35424,/home/amos/media/tv/Carnivale S01-S02 web 10bit hevc-d3g/Carnivale S02/Carnivale.S02E10.1080p.WEBRip.10Bit.EAC3.H265-d3g.mkv567,1080,1920,0,573,297,349,573,61824,0.03,"[[[0. 0. 0.]  [0. 0. 0.]  [0. 0. 0.]  ...  [0. 0. 0.]  [0. 0. 0.]  [0. 0. 0.]] [[0. 0. 0.]  [0. 0. 0.]  [0. 0. 0.]  ...  [0. 0. 0.]  [0. 0. 0.]  [0. 0. 0.]] [[0. 0. 0.]  [0. 0. 0.]  [0. 0. 0.]  ...  [0. 0. 0.]  [0. 0. 0.]  [0. 0. 0.]] ... [[0. 0. 0.]  [0. 0. 0.]  [0. 0. 0.]  ...  [0. 0. 0.]  [0. 0. 0.]  [0. 0. 0.]] [[0. 0. 0.]  [0. 0. 0.]  [0. 0. 0.]  ...  [0. 0. 0.]  [0. 0. 0.]  [0. 0. 0.]] [[0. 0. 0.]  [0. 0. 0.]  [0. 0. 0.]  ...  [0. 0. 0.]  [0. 0. 0.]  [0. 0. 0.]]]",2.1353461075923406,35520,/home/amos/media/tv/Carnivale S01-S02 web 10bit hevc-d3g/Carnivale S02/Carnivale.S02E10.1080p.WEBRip.10Bit.EAC3.H265-d3g.mkv568,1080,1920,0,568,257,402,568,51626,0.025,"[[[0. 0. 0.]  [0. 0. 0.]  [0. 0. 0.]  ...  [0. 0. 0.]  [0. 0. 0.]  [0. 0. 0.]] [[0. 0. 0.]  [0. 0. 0.]  [0. 0. 0.]  ...  [0. 0. 0.]  [0. 0. 0.]  [0. 0. 0.]] [[0. 0. 0.]  [0. 0. 0.]  [0. 0. 0.]  ...  [0. 0. 0.]  [0. 0. 0.]  [0. 0. 0.]] ... [[0. 0. 0.]  [0. 0. 0.]  [0. 0. 0.]  ...  [0. 0. 0.]  [0. 0. 0.]  [0. 0. 0.]] [[0. 0. 0.]  [0. 0. 0.]  [0. 0. 0.]  ...  [0. 0. 0.]  [0. 0. 0.]  [0. 0. 0.]] [[0. 0. 0.]  [0. 0. 0.]  [0. 0. 0.]  ...  [0. 0. 0.]  [0. 0. 0.]  [0. 0. 0.]]]",8.031857022258919,35544,/home/amos/media/tv/Carnivale S01-S02 web 10bit hevc-d3g/Carnivale S02/Carnivale.S02E10.1080p.WEBRip.10Bit.EAC3.H265-d3g.mkv569,1080,1920,0,586,267,394,586,61248,0.03,"[[[0. 0. 0.]  [0. 0. 0.]  [0. 0. 0.]  ...  [0. 0. 0.]  [0. 0. 0.]  [0. 0. 0.]] [[0. 0. 0.]  [0. 0. 0.]  [0. 0. 0.]  ...  [0. 0. 0.]  [0. 0. 0.]  [0. 0. 0.]] [[0. 0. 0.]  [0. 0. 0.]  [0. 0. 0.]  ...  [0. 0. 0.]  [0. 0. 0.]  [0. 0. 0.]] ... [[0. 0. 0.]  [0. 0. 0.]  [0. 0. 0.]  ...  [0. 0. 0.]  [0. 0. 0.]  [0. 0. 0.]] [[0. 0. 0.]  [0. 0. 0.]  [0. 0. 0.]  ...  [0. 0. 0.]  [0. 0. 0.]  [0. 0. 0.]] [[0. 0. 0.]  [0. 0. 0.]  [0. 0. 0.]  ...  [0. 0. 0.]  [0. 0. 0.]  [0. 0. 0.]]]",4.870607071265113,35568,/home/amos/media/tv/Carnivale S01-S02 web 10bit hevc-d3g/Carnivale S02/Carnivale.S02E10.1080p.WEBRip.10Bit.EAC3.H265-d3g.mkv570,1080,1920,0,620,251,428,620,70848,0.034,"[[[0. 0. 0.]  [0. 0. 0.]  [0. 0. 0.]  ...  [0. 0. 0.]  [0. 0. 0.]  [0. 0. 0.]] [[0. 0. 0.]  [0. 0. 0.]  [0. 0. 0.]  ...  [0. 0. 0.]  [0. 0. 0.]  [0. 0. 0.]] [[0. 0. 0.]  [0. 0. 0.]  [0. 0. 0.]  ...  [0. 0. 0.]  [0. 0. 0.]  [0. 0. 0.]] ... [[0. 0. 0.]  [0. 0. 0.]  [0. 0. 0.]  ...  [0. 0. 0.]  [0. 0. 0.]  [0. 0. 0.]] [[0. 0. 0.]  [0. 0. 0.]  [0. 0. 0.]  ...  [0. 0. 0.]  [0. 0. 0.]  [0. 0. 0.]] [[0. 0. 0.]  [0. 0. 0.]  [0. 0. 0.]  ...  [0. 0. 0.]  [0. 0. 0.]  [0. 0. 0.]]]",4.264993111311924,35616,/home/amos/media/tv/Carnivale S01-S02 web 10bit hevc-d3g/Carnivale S02/Carnivale.S02E10.1080p.WEBRip.10Bit.EAC3.H265-d3g.mkv571,1080,1920,0,564,271,476,564,25784,0.012,"[[[0. 0. 0.]  [0. 0. 0.]  [0. 0. 0.]  ...  [0. 0. 0.]  [0. 0. 0.]  [0. 0. 0.]] [[0. 0. 0.]  [0. 0. 0.]  [0. 0. 0.]  ...  [0. 0. 0.]  [0. 0. 0.]  [0. 0. 0.]] [[0. 0. 0.]  [0. 0. 0.]  [0. 0. 0.]  ...  [0. 0. 0.]  [0. 0. 0.]  [0. 0. 0.]] ... [[0. 0. 0.]  [0. 0. 0.]  [0. 0. 0.]  ...  [0. 0. 0.]  [0. 0. 0.]  [0. 0. 0.]] [[0. 0. 0.]  [0. 0. 0.]  [0. 0. 0.]  ...  [0. 0. 0.]  [0. 0. 0.]  [0. 0. 0.]] [[0. 0. 0.]  [0. 0. 0.]  [0. 0. 0.]  ...  [0. 0. 0.]  [0. 0. 0.]  [0. 0. 0.]]]",7.364724913786631,35640,/home/amos/media/tv/Carnivale S01-S02 web 10bit hevc-d3g/Carnivale S02/Carnivale.S02E10.1080p.WEBRip.10Bit.EAC3.H265-d3g.mkv572,1080,1920,0,596,260,448,596,49728,0.024,"[[[0. 0. 0.]  [0. 0. 0.]  [0. 0. 0.]  ...  [0. 0. 0.]  [0. 0. 0.]  [0. 0. 0.]] [[0. 0. 0.]  [0. 0. 0.]  [0. 0. 0.]  ...  [0. 0. 0.]  [0. 0. 0.]  [0. 0. 0.]] [[0. 0. 0.]  [0. 0. 0.]  [0. 0. 0.]  ...  [0. 0. 0.]  [0. 0. 0.]  [0. 0. 0.]] ... [[0. 0. 0.]  [0. 0. 0.]  [0. 0. 0.]  ...  [0. 0. 0.]  [0. 0. 0.]  [0. 0. 0.]] [[0. 0. 0.]  [0. 0. 0.]  [0. 0. 0.]  ...  [0. 0. 0.]  [0. 0. 0.]  [0. 0. 0.]] [[0. 0. 0.]  [0. 0. 0.]  [0. 0. 0.]  ...  [0. 0. 0.]  [0. 0. 0.]  [0. 0. 0.]]]",5.444565007579513,35664,/home/amos/media/tv/Carnivale S01-S02 web 10bit hevc-d3g/Carnivale S02/Carnivale.S02E10.1080p.WEBRip.10Bit.EAC3.H265-d3g.mkv573,1080,1920,0,564,363,442,564,24522,0.012,"[[[0.         0.         0.        ]  [0.         0.         0.        ]  [0.         0.         0.        ]  ...  [0.         0.         0.        ]  [0.         0.         0.        ]  [0.         0.         0.        ]] [[0.         0.         0.        ]  [0.         0.         0.        ]  [0.         0.         0.        ]  ...  [0.         0.         0.00392157]  [0.         0.         0.00392157]  [0.         0.         0.00392157]] [[0.         0.         0.        ]  [0.         0.         0.        ]  [0.         0.         0.        ]  ...  [0.         0.         0.        ]  [0.         0.         0.        ]  [0.         0.         0.        ]] ... [[0.00392157 0.         0.        ]  [0.00784314 0.00392157 0.        ]  [0.00392157 0.         0.        ]  ...  [0.13333334 0.08627451 0.0627451 ]  [0.13725491 0.09019608 0.06666667]  [0.12941177 0.08235294 0.05882353]] [[0.00392157 0.         0.        ]  [0.00784314 0.00392157 0.        ]  [0.00392157 0.         0.        ]  ...  [0.12156863 0.07450981 0.05098039]  [0.13725491 0.09019608 0.06666667]  [0.16470589 0.11764706 0.09411765]] [[0.00784314 0.00392157 0.00392157]  [0.00392157 0.         0.        ]  [0.00784314 0.00392157 0.        ]  ...  [0.14509805 0.09803922 0.07450981]  [0.14509805 0.09411765 0.07058824]  [0.14901961 0.10196079 0.07843138]]]",3.141848144296091,35688,/home/amos/media/tv/Carnivale S01-S02 web 10bit hevc-d3g/Carnivale S02/Carnivale.S02E10.1080p.WEBRip.10Bit.EAC3.H265-d3g.mkv574,1080,1920,0,582,324,427,582,39990,0.019,"[[[0.         0.         0.        ]  [0.         0.         0.        ]  [0.         0.         0.        ]  ...  [0.         0.         0.        ]  [0.         0.         0.        ]  [0.         0.         0.        ]] [[0.         0.         0.        ]  [0.         0.         0.        ]  [0.         0.         0.        ]  ...  [0.         0.         0.        ]  [0.         0.         0.        ]  [0.         0.         0.        ]] [[0.         0.         0.        ]  [0.         0.         0.        ]  [0.         0.         0.        ]  ...  [0.         0.         0.        ]  [0.         0.         0.        ]  [0.         0.         0.        ]] ... [[0.         0.         0.00392157]  [0.         0.         0.        ]  [0.         0.         0.        ]  ...  [0.13333334 0.08627451 0.0627451 ]  [0.1254902  0.08235294 0.05882353]  [0.13725491 0.09019608 0.06666667]] [[0.         0.         0.        ]  [0.         0.         0.        ]  [0.         0.         0.        ]  ...  [0.14117648 0.09411765 0.07058824]  [0.12941177 0.08235294 0.05882353]  [0.13333334 0.08627451 0.0627451 ]] [[0.         0.         0.        ]  [0.         0.         0.        ]  [0.         0.         0.        ]  ...  [0.12941177 0.08627451 0.0627451 ]  [0.13333334 0.08627451 0.0627451 ]  [0.13725491 0.09019608 0.06666667]]]",2.011934015841689,35712,/home/amos/media/tv/Carnivale S01-S02 web 10bit hevc-d3g/Carnivale S02/Carnivale.S02E10.1080p.WEBRip.10Bit.EAC3.H265-d3g.mkv575,1080,1920,0,516,130,914,516,153628,0.074,"[[[0.19215687 0.1882353  0.18431373]  [0.28235295 0.2784314  0.27450982]  [0.37254903 0.36862746 0.3647059 ]  ...  [0.23921569 0.21960784 0.17254902]  [0.25882354 0.23529412 0.19215687]  [0.25490198 0.23137255 0.1882353 ]] [[0.17254902 0.16862746 0.16470589]  [0.29411766 0.2901961  0.28627452]  [0.37254903 0.37254903 0.36862746]  ...  [0.24705882 0.22352941 0.18039216]  [0.24313726 0.21960784 0.1764706 ]  [0.2627451  0.23921569 0.19607843]] [[0.2        0.19607843 0.19215687]  [0.30980393 0.30588236 0.3019608 ]  [0.35686275 0.3529412  0.34901962]  ...  [0.25490198 0.23137255 0.1882353 ]  [0.25490198 0.23137255 0.1882353 ]  [0.2627451  0.23921569 0.19607843]] ... [[0.21960784 0.18431373 0.14509805]  [0.20784314 0.17254902 0.13333334]  [0.21176471 0.1764706  0.14117648]  ...  [0.03529412 0.00392157 0.00784314]  [0.04313726 0.01176471 0.01568628]  [0.03137255 0.         0.        ]] [[0.22352941 0.1882353  0.14509805]  [0.20392157 0.16862746 0.1254902 ]  [0.21176471 0.17254902 0.13333334]  ...  [0.03137255 0.         0.00392157]  [0.03921569 0.00784314 0.01176471]  [0.03137255 0.00392157 0.00392157]] [[0.22352941 0.1882353  0.14509805]  [0.20392157 0.16470589 0.1254902 ]  [0.20784314 0.16862746 0.1254902 ]  ...  [0.03529412 0.00392157 0.00784314]  [0.03529412 0.00392157 0.00784314]  [0.03529412 0.00392157 0.00392157]]]",8.54789812740637,35736,/home/amos/media/tv/Carnivale S01-S02 web 10bit hevc-d3g/Carnivale S02/Carnivale.S02E10.1080p.WEBRip.10Bit.EAC3.H265-d3g.mkv576,1080,1920,0,398,12,834,398,168296,0.081,"[[[0.08627451 0.04705882 0.04705882]  [0.08627451 0.04705882 0.04705882]  [0.08627451 0.04705882 0.04705882]  ...  [0.27058825 0.21176471 0.18039216]  [0.27058825 0.21176471 0.18039216]  [0.25490198 0.2        0.16862746]] [[0.08627451 0.04705882 0.04705882]  [0.08627451 0.04705882 0.04705882]  [0.08627451 0.04705882 0.04705882]  ...  [0.28627452 0.22745098 0.19215687]  [0.28235295 0.22352941 0.19215687]  [0.26666668 0.21176471 0.18039216]] [[0.08627451 0.04705882 0.04705882]  [0.08627451 0.04705882 0.04705882]  [0.08627451 0.04705882 0.04705882]  ...  [0.3019608  0.24313726 0.20784314]  [0.2901961  0.23137255 0.19607843]  [0.27450982 0.21568628 0.18431373]] ... [[0.30980393 0.29411766 0.28627452]  [0.30588236 0.2901961  0.28235295]  [0.28235295 0.26666668 0.25882354]  ...  [0.24313726 0.16862746 0.15294118]  [0.23529412 0.16078432 0.14509805]  [0.23137255 0.15686275 0.14117648]] [[0.25490198 0.23921569 0.22745098]  [0.24313726 0.22745098 0.21568628]  [0.1882353  0.17254902 0.16078432]  ...  [0.23921569 0.16470589 0.14901961]  [0.23529412 0.16078432 0.14509805]  [0.23137255 0.15686275 0.14117648]] [[0.14901961 0.13725491 0.11764706]  [0.12941177 0.11764706 0.09803922]  [0.10980392 0.09803922 0.07450981]  ...  [0.23921569 0.16470589 0.14901961]  [0.23137255 0.15686275 0.14117648]  [0.23137255 0.15686275 0.14117648]]]",6.006311142933555,35904,/home/amos/media/tv/Carnivale S01-S02 web 10bit hevc-d3g/Carnivale S02/Carnivale.S02E10.1080p.WEBRip.10Bit.EAC3.H265-d3g.mkv577,1080,1920,1,319,679,1351,319,371520,0.179,"[[[0.1254902  0.07450981 0.05882353]  [0.1254902  0.07450981 0.05490196]  [0.11764706 0.06666667 0.04705882]  ...  [0.26666668 0.26666668 0.23921569]  [0.25882354 0.25882354 0.23529412]  [0.25882354 0.25882354 0.23529412]] [[0.12156863 0.07058824 0.05490196]  [0.1254902  0.07450981 0.05882353]  [0.11764706 0.06666667 0.04705882]  ...  [0.26666668 0.2627451  0.23529412]  [0.2627451  0.25882354 0.23137255]  [0.2627451  0.25882354 0.23137255]] [[0.1254902  0.07450981 0.05882353]  [0.13333334 0.08235294 0.06666667]  [0.11764706 0.06666667 0.05098039]  ...  [0.26666668 0.2627451  0.23529412]  [0.26666668 0.25882354 0.23529412]  [0.25882354 0.25490198 0.22745098]] ... [[0.20784314 0.15686275 0.12941177]  [0.2        0.15294118 0.12941177]  [0.2        0.15294118 0.12941177]  ...  [0.16078432 0.14509805 0.12156863]  [0.14901961 0.13333334 0.10980392]  [0.14901961 0.13333334 0.10980392]] [[0.2        0.14901961 0.12156863]  [0.19607843 0.14901961 0.1254902 ]  [0.19607843 0.15294118 0.12941177]  ...  [0.16078432 0.14509805 0.12156863]  [0.14901961 0.13333334 0.10980392]  [0.15294118 0.13333334 0.10980392]] [[0.20392157 0.15294118 0.12941177]  [0.2        0.15294118 0.12941177]  [0.19607843 0.15686275 0.12941177]  ...  [0.15686275 0.14117648 0.11764706]  [0.14509805 0.13333334 0.10980392]  [0.14901961 0.13333334 0.11372549]]]",4.977089118852746,35904,/home/amos/media/tv/Carnivale S01-S02 web 10bit hevc-d3g/Carnivale S02/Carnivale.S02E10.1080p.WEBRip.10Bit.EAC3.H265-d3g.mkv578,1080,1920,0,554,18,1035,554,257816,0.124,"[[[0.6156863  0.6156863  0.5882353 ]  [0.63529414 0.6313726  0.6039216 ]  [0.5764706  0.5764706  0.54901963]  ...  [0.10588235 0.07450981 0.03921569]  [0.10588235 0.07450981 0.03921569]  [0.         0.         0.        ]] [[0.627451   0.62352943 0.59607846]  [0.56078434 0.5568628  0.5294118 ]  [0.48235294 0.47843137 0.4509804 ]  ...  [0.10980392 0.07843138 0.04313726]  [0.10588235 0.07450981 0.03921569]  [0.         0.         0.        ]] [[0.52156866 0.5137255  0.4862745 ]  [0.44705883 0.4392157  0.4117647 ]  [0.42352942 0.4117647  0.3882353 ]  ...  [0.10980392 0.07843138 0.04313726]  [0.10588235 0.07450981 0.03921569]  [0.         0.         0.        ]] ... [[0.06666667 0.03921569 0.02352941]  [0.0627451  0.03529412 0.01960784]  [0.05882353 0.03137255 0.01568628]  ...  [0.2509804  0.22745098 0.1882353 ]  [0.22352941 0.19607843 0.15686275]  [0.         0.         0.        ]] [[0.07058824 0.03921569 0.02745098]  [0.0627451  0.03921569 0.01960784]  [0.0627451  0.03529412 0.01960784]  ...  [0.25882354 0.23137255 0.19215687]  [0.22745098 0.2        0.16078432]  [0.         0.         0.        ]] [[0.         0.         0.        ]  [0.         0.         0.        ]  [0.         0.         0.        ]  ...  [0.         0.         0.        ]  [0.         0.         0.        ]  [0.         0.         0.        ]]]",6.104988199833315,36000,/home/amos/media/tv/Carnivale S01-S02 web 10bit hevc-d3g/Carnivale S02/Carnivale.S02E10.1080p.WEBRip.10Bit.EAC3.H265-d3g.mkv579,1080,1920,0,713,124,838,713,73625,0.036,"[[[0.         0.         0.        ]  [0.         0.         0.        ]  [0.         0.         0.        ]  ...  [0.         0.         0.        ]  [0.         0.         0.        ]  [0.         0.         0.        ]] [[0.         0.         0.        ]  [0.         0.         0.        ]  [0.         0.         0.        ]  ...  [0.         0.         0.        ]  [0.         0.         0.        ]  [0.         0.         0.        ]] [[0.         0.         0.        ]  [0.         0.         0.        ]  [0.         0.         0.        ]  ...  [0.         0.         0.        ]  [0.         0.         0.        ]  [0.         0.         0.        ]] ... [[0.         0.         0.        ]  [0.         0.         0.        ]  [0.         0.         0.        ]  ...  [0.24313726 0.21568628 0.19215687]  [0.23137255 0.20392157 0.18431373]  [0.20392157 0.18039216 0.16470589]] [[0.         0.         0.        ]  [0.         0.         0.        ]  [0.         0.         0.        ]  ...  [0.24705882 0.21176471 0.19215687]  [0.24313726 0.20784314 0.1882353 ]  [0.23921569 0.20784314 0.1882353 ]] [[0.         0.         0.        ]  [0.         0.         0.        ]  [0.         0.         0.        ]  ...  [0.25490198 0.21960784 0.20392157]  [0.25490198 0.21568628 0.2       ]  [0.25490198 0.21960784 0.20392157]]]",2.2193610820686445,36072,/home/amos/media/tv/Carnivale S01-S02 web 10bit hevc-d3g/Carnivale S02/Carnivale.S02E10.1080p.WEBRip.10Bit.EAC3.H265-d3g.mkv580,1080,1920,0,580,135,837,580,114365,0.055,"[[[0.09019608 0.07450981 0.04705882]  [0.12156863 0.10588235 0.08235294]  [0.19607843 0.18039216 0.15686275]  ...  [0.21960784 0.19607843 0.16470589]  [0.23529412 0.21176471 0.1764706 ]  [0.2        0.1764706  0.14509805]] [[0.11764706 0.09803922 0.07450981]  [0.18431373 0.16862746 0.14509805]  [0.24313726 0.22745098 0.20392157]  ...  [0.18431373 0.16078432 0.12941177]  [0.21176471 0.18431373 0.15294118]  [0.22352941 0.2        0.16862746]] [[0.20784314 0.19215687 0.16862746]  [0.23529412 0.21960784 0.19607843]  [0.19607843 0.18431373 0.16078432]  ...  [0.1882353  0.16470589 0.13333334]  [0.18431373 0.16078432 0.12941177]  [0.20392157 0.18039216 0.14901961]] ... [[0.1882353  0.16078432 0.13725491]  [0.1882353  0.16470589 0.14509805]  [0.2        0.1764706  0.15686275]  ...  [0.0627451  0.03529412 0.01960784]  [0.0627451  0.03921569 0.01960784]  [0.07450981 0.04705882 0.03137255]] [[0.19215687 0.16470589 0.14117648]  [0.19607843 0.17254902 0.15294118]  [0.19215687 0.16862746 0.14901961]  ...  [0.0627451  0.03529412 0.01960784]  [0.0627451  0.03529412 0.01960784]  [0.07843138 0.05098039 0.03529412]] [[0.20784314 0.18039216 0.15686275]  [0.2        0.17254902 0.14901961]  [0.19607843 0.16862746 0.14509805]  ...  [0.0627451  0.03529412 0.01960784]  [0.0627451  0.03529412 0.01960784]  [0.07843138 0.05098039 0.03529412]]]",5.510446170519572,36144,/home/amos/media/tv/Carnivale S01-S02 web 10bit hevc-d3g/Carnivale S02/Carnivale.S02E10.1080p.WEBRip.10Bit.EAC3.H265-d3g.mkv581,1080,1920,0,580,119,781,580,92661,0.045,"[[[0.13333334 0.12156863 0.11372549]  [0.20784314 0.19607843 0.18431373]  [0.27450982 0.26666668 0.2509804 ]  ...  [0.19215687 0.16470589 0.13333334]  [0.22352941 0.2        0.16470589]  [0.22352941 0.1882353  0.16078432]] [[0.28235295 0.27058825 0.2627451 ]  [0.3019608  0.2901961  0.2784314 ]  [0.28627452 0.2784314  0.2627451 ]  ...  [0.22352941 0.19607843 0.16470589]  [0.19215687 0.16470589 0.13333334]  [0.19607843 0.16078432 0.13333334]] [[0.23529412 0.22745098 0.21568628]  [0.1882353  0.18039216 0.16862746]  [0.16470589 0.15686275 0.14117648]  ...  [0.27450982 0.24705882 0.21568628]  [0.23137255 0.20392157 0.17254902]  [0.2        0.16470589 0.13725491]] ... [[0.29803923 0.2901961  0.3019608 ]  [0.31764707 0.30980393 0.31764707]  [0.34117648 0.32941177 0.34117648]  ...  [0.0627451  0.03529412 0.01568628]  [0.07058824 0.04313726 0.01960784]  [0.07843138 0.05098039 0.03137255]] [[0.3764706  0.36862746 0.39215687]  [0.3882353  0.38039216 0.40392157]  [0.4        0.3882353  0.40784314]  ...  [0.05882353 0.03137255 0.01568628]  [0.07450981 0.04705882 0.02745098]  [0.08235294 0.05490196 0.03529412]] [[0.40784314 0.4        0.41960785]  [0.4117647  0.40392157 0.42745098]  [0.40784314 0.4        0.41960785]  ...  [0.0627451  0.03529412 0.01960784]  [0.06666667 0.03921569 0.01960784]  [0.08235294 0.05490196 0.03529412]]]",3.5682709805550985,36168,/home/amos/media/tv/Carnivale S01-S02 web 10bit hevc-d3g/Carnivale S02/Carnivale.S02E10.1080p.WEBRip.10Bit.EAC3.H265-d3g.mkv582,1080,1920,0,585,114,799,585,100794,0.049,"[[[0.05490196 0.03921569 0.02745098]  [0.05098039 0.03529412 0.02352941]  [0.05098039 0.03529412 0.02745098]  ...  [0.22745098 0.19215687 0.16470589]  [0.23529412 0.20392157 0.16862746]  [0.25490198 0.22352941 0.1882353 ]] [[0.0627451  0.04705882 0.03921569]  [0.07058824 0.05490196 0.04705882]  [0.07450981 0.05882353 0.05098039]  ...  [0.20784314 0.17254902 0.14509805]  [0.21960784 0.18431373 0.15294118]  [0.22745098 0.19607843 0.16078432]] [[0.07843138 0.0627451  0.05098039]  [0.10196079 0.08627451 0.07843138]  [0.20784314 0.1882353  0.1764706 ]  ...  [0.1764706  0.14117648 0.11372549]  [0.20392157 0.16862746 0.13725491]  [0.21960784 0.18431373 0.15686275]] ... [[0.         0.         0.        ]  [0.02352941 0.01960784 0.00392157]  [0.06666667 0.05882353 0.04313726]  ...  [0.08235294 0.05490196 0.03529412]  [0.07843138 0.05098039 0.02745098]  [0.07058824 0.04313726 0.01960784]] [[0.05098039 0.04313726 0.03137255]  [0.09411765 0.08627451 0.07450981]  [0.15686275 0.14901961 0.13725491]  ...  [0.08235294 0.05490196 0.03529412]  [0.08627451 0.05882353 0.03529412]  [0.07450981 0.04705882 0.02352941]] [[0.2        0.19215687 0.1882353 ]  [0.24313726 0.23529412 0.22745098]  [0.27058825 0.2627451  0.25490198]  ...  [0.08627451 0.05882353 0.03921569]  [0.08235294 0.05490196 0.03529412]  [0.07450981 0.04705882 0.02352941]]]",5.392949002387468,36192,/home/amos/media/tv/Carnivale S01-S02 web 10bit hevc-d3g/Carnivale S02/Carnivale.S02E10.1080p.WEBRip.10Bit.EAC3.H265-d3g.mkv583,1080,1920,0,241,120,934,241,83853,0.04,"[[[0.40784314 0.28235295 0.25490198]  [0.3764706  0.25490198 0.22745098]  [0.3647059  0.23921569 0.21176471]  ...  [0.         0.         0.        ]  [0.         0.         0.        ]  [0.         0.         0.        ]] [[0.38431373 0.2627451  0.23529412]  [0.36862746 0.24705882 0.21960784]  [0.3764706  0.25490198 0.22745098]  ...  [0.         0.         0.        ]  [0.         0.         0.        ]  [0.         0.         0.        ]] [[0.3647059  0.23921569 0.21568628]  [0.37254903 0.2509804  0.22352941]  [0.4117647  0.2901961  0.2627451 ]  ...  [0.         0.         0.        ]  [0.         0.         0.        ]  [0.         0.         0.        ]] ... [[0.40784314 0.28627452 0.24313726]  [0.40784314 0.28627452 0.24313726]  [0.39607844 0.27058825 0.22745098]  ...  [0.1764706  0.16078432 0.13725491]  [0.18431373 0.16862746 0.14509805]  [0.19215687 0.1764706  0.14901961]] [[0.41960785 0.29803923 0.25490198]  [0.4117647  0.2901961  0.24705882]  [0.4        0.27450982 0.23137255]  ...  [0.1764706  0.16078432 0.13725491]  [0.1882353  0.17254902 0.14509805]  [0.19215687 0.1764706  0.14901961]] [[0.40784314 0.28627452 0.24705882]  [0.40784314 0.28627452 0.24705882]  [0.39607844 0.27450982 0.23529412]  ...  [0.18039216 0.16470589 0.14117648]  [0.1882353  0.17254902 0.14901961]  [0.19215687 0.1764706  0.14901961]]]",4.0419511119253,36216,/home/amos/media/tv/Carnivale S01-S02 web 10bit hevc-d3g/Carnivale S02/Carnivale.S02E10.1080p.WEBRip.10Bit.EAC3.H265-d3g.mkv584,1080,1920,0,243,134,874,243,68779,0.033,"[[[0.43137255 0.30980393 0.2784314 ]  [0.4392157  0.31764707 0.2901961 ]  [0.45882353 0.3372549  0.30980393]  ...  [0.         0.         0.        ]  [0.         0.         0.        ]  [0.         0.         0.        ]] [[0.4117647  0.2901961  0.2627451 ]  [0.43529412 0.30980393 0.28627452]  [0.44313726 0.32156864 0.29411766]  ...  [0.         0.         0.        ]  [0.         0.         0.        ]  [0.         0.         0.        ]] [[0.4        0.2784314  0.2509804 ]  [0.40784314 0.28627452 0.25882354]  [0.4        0.2784314  0.2509804 ]  ...  [0.         0.         0.        ]  [0.         0.         0.        ]  [0.         0.         0.        ]] ... [[0.4117647  0.28627452 0.2509804 ]  [0.41960785 0.29411766 0.25882354]  [0.41960785 0.29411766 0.2627451 ]  ...  [0.02352941 0.01960784 0.00392157]  [0.02352941 0.01960784 0.00392157]  [0.02352941 0.01960784 0.00392157]] [[0.39215687 0.26666668 0.23137255]  [0.4        0.27450982 0.23921569]  [0.40784314 0.28235295 0.24705882]  ...  [0.02352941 0.01960784 0.00392157]  [0.02352941 0.01960784 0.00392157]  [0.02352941 0.01960784 0.00392157]] [[0.36862746 0.24705882 0.21176471]  [0.3764706  0.2509804  0.21960784]  [0.3882353  0.26666668 0.22745098]  ...  [0.02352941 0.01960784 0.00392157]  [0.02352941 0.01960784 0.00392157]  [0.02352941 0.01960784 0.00392157]]]",2.315022097725887,36240,/home/amos/media/tv/Carnivale S01-S02 web 10bit hevc-d3g/Carnivale S02/Carnivale.S02E10.1080p.WEBRip.10Bit.EAC3.H265-d3g.mkv585,1080,1920,0,237,140,871,237,61498,0.03,"[[[0.4        0.27058825 0.24705882]  [0.42352942 0.29411766 0.27058825]  [0.4        0.27058825 0.24705882]  ...  [0.         0.         0.        ]  [0.         0.         0.        ]  [0.         0.         0.        ]] [[0.3882353  0.2627451  0.23529412]  [0.42352942 0.29803923 0.27058825]  [0.42352942 0.29803923 0.27058825]  ...  [0.         0.         0.        ]  [0.         0.         0.        ]  [0.         0.         0.        ]] [[0.42352942 0.29803923 0.26666668]  [0.44313726 0.31764707 0.2901961 ]  [0.43529412 0.30980393 0.28235295]  ...  [0.         0.         0.        ]  [0.         0.         0.        ]  [0.         0.         0.        ]] ... [[0.39607844 0.27058825 0.23137255]  [0.4        0.27450982 0.23921569]  [0.4        0.27450982 0.23529412]  ...  [0.01176471 0.00784314 0.        ]  [0.01568628 0.01176471 0.        ]  [0.01568628 0.01176471 0.        ]] [[0.40392157 0.2784314  0.23921569]  [0.4117647  0.28627452 0.24705882]  [0.40784314 0.28235295 0.24705882]  ...  [0.01176471 0.00784314 0.        ]  [0.01568628 0.01176471 0.        ]  [0.01568628 0.01176471 0.        ]] [[0.39215687 0.26666668 0.22745098]  [0.40784314 0.28235295 0.23921569]  [0.4117647  0.28627452 0.24313726]  ...  [0.01176471 0.00784314 0.        ]  [0.01568628 0.01176471 0.        ]  [0.01568628 0.01176471 0.        ]]]",4.3552729455404915,36264,/home/amos/media/tv/Carnivale S01-S02 web 10bit hevc-d3g/Carnivale S02/Carnivale.S02E10.1080p.WEBRip.10Bit.EAC3.H265-d3g.mkv586,1080,1920,0,744,14,384,744,262800,0.127,"[[[0.         0.         0.        ]  [0.         0.         0.        ]  [0.         0.         0.        ]  ...  [0.00392157 0.         0.        ]  [0.00784314 0.         0.        ]  [0.00784314 0.         0.        ]] [[0.         0.         0.        ]  [0.         0.         0.        ]  [0.         0.         0.        ]  ...  [0.00392157 0.         0.        ]  [0.00392157 0.         0.        ]  [0.00392157 0.         0.        ]] [[0.         0.         0.        ]  [0.         0.         0.        ]  [0.         0.         0.        ]  ...  [0.         0.         0.        ]  [0.00392157 0.         0.        ]  [0.00392157 0.         0.        ]] ... [[0.07843138 0.05882353 0.04313726]  [0.09019608 0.07450981 0.05490196]  [0.08627451 0.07058824 0.05098039]  ...  [0.02745098 0.02352941 0.00784314]  [0.02745098 0.02352941 0.01176471]  [0.03529412 0.03137255 0.01960784]] [[0.07058824 0.05490196 0.03921569]  [0.08235294 0.0627451  0.04705882]  [0.07843138 0.0627451  0.04705882]  ...  [0.02745098 0.02352941 0.00784314]  [0.02745098 0.02352941 0.01176471]  [0.03529412 0.02745098 0.01568628]] [[0.05098039 0.04313726 0.02745098]  [0.06666667 0.04705882 0.03529412]  [0.07450981 0.05490196 0.04313726]  ...  [0.02745098 0.02352941 0.00784314]  [0.02745098 0.02352941 0.01176471]  [0.03529412 0.02745098 0.01568628]]]",7.5302200696314685,36288,/home/amos/media/tv/Carnivale S01-S02 web 10bit hevc-d3g/Carnivale S02/Carnivale.S02E10.1080p.WEBRip.10Bit.EAC3.H265-d3g.mkv587,1080,1920,0,61,427,296,61,86010,0.041,"[[[0.15294118 0.1254902  0.09803922]  [0.15294118 0.1254902  0.09803922]  [0.15294118 0.1254902  0.09803922]  ...  [0.35686275 0.27058825 0.22352941]  [0.35686275 0.27058825 0.21960784]  [0.35686275 0.27058825 0.21960784]] [[0.15294118 0.1254902  0.09803922]  [0.15294118 0.1254902  0.09803922]  [0.15294118 0.1254902  0.09803922]  ...  [0.35686275 0.27058825 0.22352941]  [0.35686275 0.27058825 0.21960784]  [0.35686275 0.27058825 0.21960784]] [[0.15294118 0.1254902  0.09803922]  [0.15294118 0.1254902  0.09803922]  [0.15294118 0.1254902  0.09803922]  ...  [0.35686275 0.26666668 0.21960784]  [0.3529412  0.26666668 0.21568628]  [0.3529412  0.26666668 0.21568628]] ... [[0.23137255 0.1764706  0.14509805]  [0.23137255 0.1764706  0.14509805]  [0.23529412 0.18039216 0.14901961]  ...  [0.40392157 0.27058825 0.19607843]  [0.4117647  0.27058825 0.19607843]  [0.4117647  0.27058825 0.19607843]] [[0.23529412 0.18039216 0.14901961]  [0.23529412 0.18039216 0.14901961]  [0.23921569 0.18039216 0.15294118]  ...  [0.40392157 0.27058825 0.19607843]  [0.4117647  0.27058825 0.19607843]  [0.4117647  0.27058825 0.19607843]] [[0.23529412 0.18039216 0.14901961]  [0.23529412 0.18039216 0.14901961]  [0.23921569 0.18039216 0.15294118]  ...  [0.40392157 0.27058825 0.19607843]  [0.4117647  0.27058825 0.19607843]  [0.4117647  0.27058825 0.19607843]]]",2.0879540717578493,36912,/home/amos/media/tv/Carnivale S01-S02 web 10bit hevc-d3g/Carnivale S02/Carnivale.S02E10.1080p.WEBRip.10Bit.EAC3.H265-d3g.mkv588,1080,1920,0,62,342,1489,62,399560,0.193,"[[[0.04705882 0.03529412 0.01176471]  [0.04705882 0.03529412 0.01176471]  [0.05098039 0.03529412 0.01176471]  ...  [0.3372549  0.25490198 0.23529412]  [0.3372549  0.25490198 0.23137255]  [0.3372549  0.25490198 0.23137255]] [[0.04705882 0.03529412 0.01176471]  [0.04705882 0.03529412 0.01176471]  [0.05098039 0.03529412 0.01176471]  ...  [0.3372549  0.25490198 0.23529412]  [0.3372549  0.25490198 0.23137255]  [0.3372549  0.25490198 0.23137255]] [[0.04705882 0.03529412 0.01176471]  [0.04705882 0.03529412 0.01176471]  [0.04705882 0.03529412 0.01176471]  ...  [0.34117648 0.25490198 0.23529412]  [0.3372549  0.25490198 0.23137255]  [0.3372549  0.25490198 0.23137255]] ... [[0.05098039 0.02352941 0.01568628]  [0.05098039 0.02352941 0.01568628]  [0.05098039 0.02352941 0.01568628]  ...  [0.3529412  0.23137255 0.21176471]  [0.35686275 0.23137255 0.21176471]  [0.35686275 0.23137255 0.21176471]] [[0.05098039 0.02352941 0.01568628]  [0.05098039 0.02352941 0.01568628]  [0.05098039 0.02352941 0.01568628]  ...  [0.34901962 0.22352941 0.20392157]  [0.3529412  0.22745098 0.20784314]  [0.3529412  0.22745098 0.20784314]] [[0.05098039 0.02352941 0.01568628]  [0.05098039 0.02352941 0.01568628]  [0.05098039 0.02352941 0.01568628]  ...  [0.34901962 0.22745098 0.20784314]  [0.3529412  0.22745098 0.20784314]  [0.3529412  0.22745098 0.20784314]]]",8.09051610174356,37128,/home/amos/media/tv/Carnivale S01-S02 web 10bit hevc-d3g/Carnivale S02/Carnivale.S02E10.1080p.WEBRip.10Bit.EAC3.H265-d3g.mkv589,1080,1920,1,63,741,1045,63,665796,0.321,"[[[0.5686275  0.49803922 0.45490196]  [0.5686275  0.49803922 0.45490196]  [0.5647059  0.49411765 0.4509804 ]  ...  [0.21568628 0.1764706  0.1764706 ]  [0.21960784 0.18039216 0.18039216]  [0.21960784 0.18039216 0.18039216]] [[0.5686275  0.49803922 0.45490196]  [0.5686275  0.49803922 0.45490196]  [0.5647059  0.49411765 0.4509804 ]  ...  [0.21568628 0.1764706  0.1764706 ]  [0.21960784 0.18039216 0.18039216]  [0.21960784 0.18039216 0.18039216]] [[0.57254905 0.49803922 0.45490196]  [0.57254905 0.49803922 0.45490196]  [0.5686275  0.49411765 0.45490196]  ...  [0.21176471 0.17254902 0.17254902]  [0.21568628 0.1764706  0.1764706 ]  [0.21568628 0.1764706  0.1764706 ]] ... [[0.654902   0.5647059  0.54901963]  [0.654902   0.5647059  0.54901963]  [0.63529414 0.54901963 0.53333336]  ...  [0.42352942 0.40392157 0.40392157]  [0.4117647  0.39215687 0.39215687]  [0.4117647  0.39215687 0.39215687]] [[0.654902   0.5647059  0.54901963]  [0.654902   0.5647059  0.54901963]  [0.6392157  0.54901963 0.53333336]  ...  [0.42352942 0.40784314 0.40784314]  [0.41568628 0.39607844 0.39607844]  [0.41568628 0.39607844 0.39607844]] [[0.654902   0.5647059  0.54901963]  [0.654902   0.5647059  0.54901963]  [0.6392157  0.54901963 0.53333336]  ...  [0.42745098 0.40392157 0.40392157]  [0.41568628 0.39607844 0.39607844]  [0.41568628 0.39607844 0.39607844]]]",1.5635721203288995,37128,/home/amos/media/tv/Carnivale S01-S02 web 10bit hevc-d3g/Carnivale S02/Carnivale.S02E10.1080p.WEBRip.10Bit.EAC3.H265-d3g.mkv590,1080,1920,0,161,534,330,161,63037,0.03,"[[[0.07058824 0.03137255 0.02745098]  [0.07058824 0.03137255 0.02745098]  [0.07058824 0.03137255 0.02745098]  ...  [0.10980392 0.05882353 0.05098039]  [0.10980392 0.0627451  0.05098039]  [0.11372549 0.06666667 0.05490196]] [[0.06666667 0.02745098 0.02352941]  [0.06666667 0.02745098 0.02352941]  [0.06666667 0.02745098 0.02352941]  ...  [0.10980392 0.0627451  0.05098039]  [0.11372549 0.06666667 0.05490196]  [0.11372549 0.06666667 0.05490196]] [[0.06666667 0.02745098 0.02352941]  [0.06666667 0.02745098 0.02352941]  [0.06666667 0.02745098 0.02352941]  ...  [0.11372549 0.0627451  0.05490196]  [0.11372549 0.06666667 0.05490196]  [0.11764706 0.07058824 0.05882353]] ... [[0.07058824 0.04313726 0.02745098]  [0.07058824 0.04313726 0.02745098]  [0.07058824 0.04313726 0.02745098]  ...  [0.12941177 0.08235294 0.07058824]  [0.12941177 0.08235294 0.06666667]  [0.12941177 0.08235294 0.06666667]] [[0.07058824 0.04313726 0.02745098]  [0.07058824 0.04313726 0.02745098]  [0.07058824 0.04313726 0.02745098]  ...  [0.11764706 0.07058824 0.05882353]  [0.11372549 0.06666667 0.05490196]  [0.11372549 0.06666667 0.05490196]] [[0.07058824 0.04313726 0.02745098]  [0.07058824 0.04313726 0.02745098]  [0.07058824 0.04313726 0.02745098]  ...  [0.10980392 0.0627451  0.05098039]  [0.10588235 0.05882353 0.04705882]  [0.10588235 0.05882353 0.04705882]]]",4.804319011454936,37152,/home/amos/media/tv/Carnivale S01-S02 web 10bit hevc-d3g/Carnivale S02/Carnivale.S02E10.1080p.WEBRip.10Bit.EAC3.H265-d3g.mkv591,1080,1920,1,78,765,352,78,188238,0.091,"[[[0.07843138 0.04705882 0.03529412]  [0.07843138 0.04705882 0.03529412]  [0.07843138 0.04705882 0.03529412]  ...  [0.2627451  0.2        0.18431373]  [0.25882354 0.19607843 0.18039216]  [0.25882354 0.19607843 0.18039216]] [[0.07843138 0.04705882 0.03529412]  [0.07843138 0.04705882 0.03529412]  [0.07843138 0.04705882 0.03529412]  ...  [0.25882354 0.2        0.18431373]  [0.25882354 0.19607843 0.18039216]  [0.25882354 0.19607843 0.18039216]] [[0.07843138 0.05098039 0.03529412]  [0.07843138 0.05098039 0.03529412]  [0.08235294 0.05098039 0.03529412]  ...  [0.2627451  0.2        0.18431373]  [0.25882354 0.19607843 0.18039216]  [0.25882354 0.19607843 0.18039216]] ... [[0.09803922 0.06666667 0.05882353]  [0.09803922 0.06666667 0.05882353]  [0.09803922 0.06666667 0.05882353]  ...  [0.25882354 0.1882353  0.15686275]  [0.2627451  0.19215687 0.16078432]  [0.2627451  0.19215687 0.16078432]] [[0.09803922 0.06666667 0.05882353]  [0.09803922 0.06666667 0.05882353]  [0.09803922 0.06666667 0.05882353]  ...  [0.25882354 0.1882353  0.15686275]  [0.2627451  0.19215687 0.16078432]  [0.2627451  0.19215687 0.16078432]] [[0.09803922 0.06666667 0.05882353]  [0.09803922 0.06666667 0.05882353]  [0.09803922 0.06666667 0.05882353]  ...  [0.25882354 0.1882353  0.15686275]  [0.2627451  0.19215687 0.16078432]  [0.2627451  0.19215687 0.16078432]]]",7.775716042786371,37152,/home/amos/media/tv/Carnivale S01-S02 web 10bit hevc-d3g/Carnivale S02/Carnivale.S02E10.1080p.WEBRip.10Bit.EAC3.H265-d3g.mkv592,1080,1920,0,32,44,1528,32,17952,0.009,"[[[0.08627451 0.05490196 0.06666667]  [0.08627451 0.05490196 0.06666667]  [0.08627451 0.05490196 0.06666667]  ...  [0.11372549 0.05882353 0.09803922]  [0.11372549 0.05882353 0.09803922]  [0.11372549 0.05882353 0.09803922]] [[0.08627451 0.05490196 0.06666667]  [0.08627451 0.05490196 0.06666667]  [0.08627451 0.05490196 0.06666667]  ...  [0.11372549 0.05882353 0.09803922]  [0.11372549 0.05882353 0.09803922]  [0.11372549 0.05882353 0.09803922]] [[0.08627451 0.05490196 0.06666667]  [0.08627451 0.05490196 0.06666667]  [0.08627451 0.05490196 0.06666667]  ...  [0.11372549 0.05882353 0.09803922]  [0.11372549 0.05882353 0.09803922]  [0.11372549 0.05882353 0.09803922]] ... [[0.2509804  0.1764706  0.18431373]  [0.2509804  0.1764706  0.18431373]  [0.2509804  0.1764706  0.18431373]  ...  [0.11372549 0.0627451  0.07450981]  [0.11372549 0.0627451  0.07450981]  [0.11372549 0.0627451  0.07450981]] [[0.2509804  0.1764706  0.18431373]  [0.2509804  0.1764706  0.18431373]  [0.2509804  0.1764706  0.18431373]  ...  [0.11372549 0.0627451  0.07450981]  [0.11372549 0.0627451  0.07450981]  [0.11372549 0.0627451  0.07450981]] [[0.2509804  0.1764706  0.18431373]  [0.2509804  0.1764706  0.18431373]  [0.2509804  0.1764706  0.18431373]  ...  [0.11372549 0.0627451  0.07450981]  [0.11372549 0.0627451  0.07450981]  [0.11372549 0.0627451  0.07450981]]]",2.191766106931027,37176,/home/amos/media/tv/Carnivale S01-S02 web 10bit hevc-d3g/Carnivale S02/Carnivale.S02E10.1080p.WEBRip.10Bit.EAC3.H265-d3g.mkv593,1080,1920,1,60,982,1285,60,1129450,0.545,"[[[0.23529412 0.18431373 0.1882353 ]  [0.23529412 0.18431373 0.1882353 ]  [0.23529412 0.18431373 0.1882353 ]  ...  [0.11372549 0.0627451  0.06666667]  [0.11372549 0.0627451  0.07058824]  [0.11372549 0.0627451  0.07058824]] [[0.23529412 0.18431373 0.1882353 ]  [0.23529412 0.18431373 0.1882353 ]  [0.23529412 0.18431373 0.1882353 ]  ...  [0.11372549 0.0627451  0.06666667]  [0.11372549 0.0627451  0.07058824]  [0.11372549 0.0627451  0.07058824]] [[0.23529412 0.18431373 0.1882353 ]  [0.23529412 0.18431373 0.1882353 ]  [0.23529412 0.18431373 0.1882353 ]  ...  [0.11372549 0.0627451  0.07058824]  [0.11372549 0.0627451  0.07058824]  [0.11372549 0.0627451  0.07058824]] ... [[0.3254902  0.26666668 0.25882354]  [0.3254902  0.26666668 0.25882354]  [0.32156864 0.2627451  0.25490198]  ...  [0.3882353  0.3254902  0.31764707]  [0.38431373 0.32156864 0.3137255 ]  [0.38431373 0.32156864 0.3137255 ]] [[0.32941177 0.27058825 0.2627451 ]  [0.32941177 0.27058825 0.2627451 ]  [0.3254902  0.26666668 0.25882354]  ...  [0.39215687 0.32941177 0.32156864]  [0.3882353  0.3254902  0.31764707]  [0.3882353  0.3254902  0.31764707]] [[0.32941177 0.27058825 0.2627451 ]  [0.32941177 0.27058825 0.2627451 ]  [0.3254902  0.26666668 0.25882354]  ...  [0.39215687 0.32941177 0.32156864]  [0.3882353  0.3254902  0.31764707]  [0.3882353  0.3254902  0.31764707]]]",3.0050610645557754,37176,/home/amos/media/tv/Carnivale S01-S02 web 10bit hevc-d3g/Carnivale S02/Carnivale.S02E10.1080p.WEBRip.10Bit.EAC3.H265-d3g.mkv594,1080,1920,0,292,90,734,292,89284,0.043,"[[[0.29803923 0.18039216 0.15294118]  [0.28235295 0.16470589 0.13725491]  [0.2627451  0.14509805 0.11764706]  ...  [0.09411765 0.03921569 0.04313726]  [0.09803922 0.04313726 0.05098039]  [0.10980392 0.05882353 0.0627451 ]] [[0.2901961  0.16862746 0.13725491]  [0.2627451  0.14509805 0.11372549]  [0.24705882 0.13333334 0.09803922]  ...  [0.09803922 0.04705882 0.04705882]  [0.10196079 0.05098039 0.05490196]  [0.11372549 0.0627451  0.06666667]] [[0.2627451  0.14117648 0.10980392]  [0.23529412 0.12156863 0.08627451]  [0.23137255 0.11764706 0.08235294]  ...  [0.09803922 0.04313726 0.04705882]  [0.10196079 0.04705882 0.05098039]  [0.10588235 0.05490196 0.05882353]] ... [[0.34901962 0.20392157 0.2       ]  [0.38039216 0.23137255 0.22352941]  [0.43529412 0.28235295 0.27058825]  ...  [0.14509805 0.09411765 0.09411765]  [0.14509805 0.09019608 0.09019608]  [0.14117648 0.09019608 0.09019608]] [[0.3372549  0.19607843 0.1882353 ]  [0.3647059  0.21960784 0.21176471]  [0.40784314 0.2509804  0.24313726]  ...  [0.13725491 0.08627451 0.08627451]  [0.13333334 0.08235294 0.08235294]  [0.12941177 0.07843138 0.07843138]] [[0.3137255  0.1764706  0.16862746]  [0.34117648 0.2        0.1882353 ]  [0.3764706  0.22745098 0.21568628]  ...  [0.13333334 0.08235294 0.08235294]  [0.12941177 0.07843138 0.07843138]  [0.14117648 0.09019608 0.09019608]]]",6.613238059799187,37200,/home/amos/media/tv/Carnivale S01-S02 web 10bit hevc-d3g/Carnivale S02/Carnivale.S02E10.1080p.WEBRip.10Bit.EAC3.H265-d3g.mkv595,1080,1920,0,272,348,516,272,18544,0.009,"[[[0.31764707 0.22352941 0.2       ]  [0.3372549  0.24313726 0.21960784]  [0.34901962 0.25490198 0.23137255]  ...  [0.2509804  0.20784314 0.21960784]  [0.27058825 0.22745098 0.23921569]  [0.2784314  0.23137255 0.24313726]] [[0.30980393 0.21568628 0.19607843]  [0.34117648 0.2509804  0.23137255]  [0.3647059  0.27058825 0.2509804 ]  ...  [0.24313726 0.2        0.21176471]  [0.25490198 0.21176471 0.22352941]  [0.25490198 0.21176471 0.22352941]] [[0.3372549  0.24705882 0.22745098]  [0.33333334 0.24313726 0.22352941]  [0.33333334 0.24313726 0.22352941]  ...  [0.22745098 0.18431373 0.19607843]  [0.22745098 0.18431373 0.19607843]  [0.21176471 0.16862746 0.18039216]] ... [[0.1882353  0.09019608 0.08627451]  [0.19215687 0.09411765 0.09019608]  [0.19215687 0.09411765 0.09019608]  ...  [0.7529412  0.6509804  0.5803922 ]  [0.77254903 0.6745098  0.6039216 ]  [0.78431374 0.6862745  0.61960787]] [[0.1882353  0.09019608 0.08627451]  [0.19215687 0.09411765 0.09019608]  [0.19215687 0.09411765 0.09019608]  ...  [0.75686276 0.6509804  0.57254905]  [0.7764706  0.6666667  0.59607846]  [0.8        0.6862745  0.6156863 ]] [[0.1882353  0.09019608 0.08627451]  [0.19215687 0.09411765 0.09019608]  [0.19215687 0.09411765 0.09019608]  ...  [0.7647059  0.654902   0.5764706 ]  [0.7882353  0.6745098  0.59607846]  [0.80784315 0.69411767 0.6156863 ]]]",6.6743360253749415,37248,/home/amos/media/tv/Carnivale S01-S02 web 10bit hevc-d3g/Carnivale S02/Carnivale.S02E10.1080p.WEBRip.10Bit.EAC3.H265-d3g.mkv596,1080,1920,1,60,466,1222,60,471772,0.228,"[[[0.16470589 0.13725491 0.11764706]  [0.16470589 0.13725491 0.11764706]  [0.16078432 0.13333334 0.11372549]  ...  [0.2784314  0.23137255 0.22352941]  [0.2784314  0.23137255 0.22352941]  [0.2784314  0.23137255 0.22352941]] [[0.16470589 0.13725491 0.11764706]  [0.16470589 0.13725491 0.11764706]  [0.16078432 0.13333334 0.11372549]  ...  [0.2784314  0.23137255 0.22352941]  [0.2784314  0.23137255 0.22352941]  [0.2784314  0.23137255 0.22352941]] [[0.16470589 0.13725491 0.11764706]  [0.16470589 0.13725491 0.11764706]  [0.16470589 0.13725491 0.11764706]  ...  [0.27450982 0.22745098 0.21960784]  [0.27058825 0.22745098 0.21960784]  [0.27058825 0.22745098 0.21960784]] ... [[0.15686275 0.15686275 0.16078432]  [0.15686275 0.15686275 0.16078432]  [0.15294118 0.15294118 0.15686275]  ...  [0.2901961  0.24313726 0.23137255]  [0.2901961  0.24313726 0.23137255]  [0.2901961  0.24313726 0.23137255]] [[0.16078432 0.16078432 0.16470589]  [0.16078432 0.16078432 0.16470589]  [0.15686275 0.15686275 0.16078432]  ...  [0.2901961  0.24313726 0.23137255]  [0.2901961  0.24313726 0.23137255]  [0.2901961  0.24313726 0.23137255]] [[0.16078432 0.16078432 0.16470589]  [0.16078432 0.16078432 0.16470589]  [0.15686275 0.15686275 0.16078432]  ...  [0.2901961  0.24313726 0.23137255]  [0.2901961  0.24313726 0.23137255]  [0.2901961  0.24313726 0.23137255]]]",4.255481128056999,37248,/home/amos/media/tv/Carnivale S01-S02 web 10bit hevc-d3g/Carnivale S02/Carnivale.S02E10.1080p.WEBRip.10Bit.EAC3.H265-d3g.mkv597,1080,1920,0,219,561,412,219,66006,0.032,"[[[0.08627451 0.03137255 0.03529412]  [0.08627451 0.03137255 0.03529412]  [0.08235294 0.03137255 0.03529412]  ...  [0.14509805 0.09411765 0.08627451]  [0.14509805 0.09411765 0.08627451]  [0.14117648 0.08627451 0.08627451]] [[0.09411765 0.03137255 0.03921569]  [0.09411765 0.03137255 0.03921569]  [0.09411765 0.03137255 0.03921569]  ...  [0.14509805 0.09411765 0.08627451]  [0.14509805 0.09411765 0.08627451]  [0.14117648 0.08627451 0.08627451]] [[0.10196079 0.03529412 0.04313726]  [0.10196079 0.03529412 0.04313726]  [0.10196079 0.03529412 0.04313726]  ...  [0.14509805 0.09411765 0.08627451]  [0.14509805 0.09411765 0.08627451]  [0.14117648 0.08627451 0.08627451]] ... [[0.8627451  0.73333335 0.6392157 ]  [0.8784314  0.7490196  0.654902  ]  [0.8784314  0.7372549  0.6509804 ]  ...  [0.73333335 0.6039216  0.5372549 ]  [0.7372549  0.60784316 0.5411765 ]  [0.73333335 0.6        0.53333336]] [[0.88235295 0.7529412  0.65882355]  [0.8901961  0.7607843  0.6666667 ]  [0.88235295 0.7411765  0.654902  ]  ...  [0.7490196  0.62352943 0.5529412 ]  [0.7529412  0.627451   0.5568628 ]  [0.74509805 0.6156863  0.54509807]] [[0.89411765 0.7647059  0.67058825]  [0.88235295 0.7529412  0.65882355]  [0.8627451  0.72156864 0.63529414]  ...  [0.75686276 0.6313726  0.5568628 ]  [0.76862746 0.6431373  0.5686275 ]  [0.7647059  0.63529414 0.56078434]]]",7.2504841746995226,37272,/home/amos/media/tv/Carnivale S01-S02 web 10bit hevc-d3g/Carnivale S02/Carnivale.S02E10.1080p.WEBRip.10Bit.EAC3.H265-d3g.mkv598,1080,1920,0,59,481,816,59,319454,0.154,"[[[0.3764706  0.33333334 0.3019608 ]  [0.3764706  0.33333334 0.3019608 ]  [0.3764706  0.33333334 0.3019608 ]  ...  [0.19607843 0.14509805 0.14117648]  [0.2        0.14901961 0.14117648]  [0.2        0.14901961 0.14117648]] [[0.3764706  0.33333334 0.3019608 ]  [0.3764706  0.33333334 0.3019608 ]  [0.3764706  0.33333334 0.3019608 ]  ...  [0.19607843 0.14509805 0.13725491]  [0.2        0.14901961 0.14117648]  [0.2        0.14901961 0.14117648]] [[0.37254903 0.32941177 0.29803923]  [0.37254903 0.32941177 0.29803923]  [0.37254903 0.32941177 0.29803923]  ...  [0.2        0.14509805 0.14117648]  [0.2        0.14901961 0.14117648]  [0.2        0.14901961 0.14117648]] ... [[0.22745098 0.19215687 0.18039216]  [0.22745098 0.19215687 0.18039216]  [0.22745098 0.19215687 0.18039216]  ...  [0.15686275 0.11764706 0.11372549]  [0.16470589 0.1254902  0.12156863]  [0.16470589 0.1254902  0.12156863]] [[0.22745098 0.19215687 0.18039216]  [0.22745098 0.19215687 0.18039216]  [0.22745098 0.19215687 0.18039216]  ...  [0.15686275 0.11764706 0.11372549]  [0.16470589 0.1254902  0.12156863]  [0.16470589 0.1254902  0.12156863]] [[0.22745098 0.19215687 0.18039216]  [0.22745098 0.19215687 0.18039216]  [0.22745098 0.19215687 0.18039216]  ...  [0.15686275 0.11764706 0.11372549]  [0.16470589 0.1254902  0.12156863]  [0.16470589 0.1254902  0.12156863]]]",6.819781076803338,37320,/home/amos/media/tv/Carnivale S01-S02 web 10bit hevc-d3g/Carnivale S02/Carnivale.S02E10.1080p.WEBRip.10Bit.EAC3.H265-d3g.mkv599,1080,1920,1,61,569,918,61,435356,0.21,"[[[0.34901962 0.30980393 0.29411766]  [0.34901962 0.30980393 0.29411766]  [0.3372549  0.29803923 0.28235295]  ...  [0.3254902  0.27058825 0.2509804 ]  [0.32156864 0.27058825 0.2509804 ]  [0.32156864 0.27058825 0.2509804 ]] [[0.34901962 0.30980393 0.29411766]  [0.34901962 0.30980393 0.29411766]  [0.3372549  0.29803923 0.28235295]  ...  [0.3254902  0.27058825 0.2509804 ]  [0.32156864 0.27058825 0.2509804 ]  [0.32156864 0.27058825 0.2509804 ]] [[0.3529412  0.31764707 0.3019608 ]  [0.3529412  0.31764707 0.3019608 ]  [0.34117648 0.3019608  0.2901961 ]  ...  [0.3254902  0.27450982 0.25490198]  [0.3254902  0.27450982 0.25490198]  [0.3254902  0.27450982 0.25490198]] ... [[0.33333334 0.26666668 0.23921569]  [0.33333334 0.26666668 0.23921569]  [0.33333334 0.26666668 0.24313726]  ...  [0.40784314 0.35686275 0.3372549 ]  [0.4117647  0.36078432 0.34117648]  [0.4117647  0.36078432 0.34117648]] [[0.3254902  0.25882354 0.23529412]  [0.3254902  0.25882354 0.23529412]  [0.3254902  0.25882354 0.23921569]  ...  [0.4117647  0.36078432 0.34117648]  [0.41568628 0.3647059  0.34509805]  [0.41568628 0.3647059  0.34509805]] [[0.3254902  0.25882354 0.23529412]  [0.3254902  0.25882354 0.23529412]  [0.3254902  0.25882354 0.23921569]  ...  [0.4117647  0.36078432 0.34117648]  [0.41568628 0.3647059  0.34509805]  [0.41568628 0.3647059  0.34509805]]]",4.627028079121374,37320,/home/amos/media/tv/Carnivale S01-S02 web 10bit hevc-d3g/Carnivale S02/Carnivale.S02E10.1080p.WEBRip.10Bit.EAC3.H265-d3g.mkv600,1080,1920,0,76,897,704,76,515588,0.249,"[[[0.6039216  0.5019608  0.48235294]  [0.6039216  0.49803922 0.48235294]  [0.53333336 0.43137255 0.4117647 ]  ...  [0.21960784 0.14117648 0.13333334]  [0.22352941 0.14509805 0.13725491]  [0.22352941 0.14509805 0.13725491]] [[0.6039216  0.5019608  0.48235294]  [0.6        0.49803922 0.47843137]  [0.53333336 0.43137255 0.4117647 ]  ...  [0.21960784 0.14117648 0.13333334]  [0.22352941 0.14509805 0.13725491]  [0.22352941 0.14509805 0.13725491]] [[0.62352943 0.52156866 0.5019608 ]  [0.61960787 0.5176471  0.49803922]  [0.5529412  0.4509804  0.43137255]  ...  [0.21960784 0.14117648 0.13333334]  [0.22352941 0.14509805 0.13725491]  [0.22352941 0.14509805 0.13725491]] ... [[0.78039217 0.69411767 0.6431373 ]  [0.78039217 0.69411767 0.6431373 ]  [0.77254903 0.6862745  0.63529414]  ...  [0.1764706  0.1254902  0.13725491]  [0.16862746 0.11764706 0.12941177]  [0.16862746 0.11764706 0.12941177]] [[0.7764706  0.6901961  0.6392157 ]  [0.7764706  0.6901961  0.6392157 ]  [0.76862746 0.68235296 0.6313726 ]  ...  [0.17254902 0.12156863 0.13333334]  [0.16862746 0.11764706 0.12941177]  [0.16862746 0.11764706 0.12941177]] [[0.7764706  0.6901961  0.6392157 ]  [0.7764706  0.6901961  0.6392157 ]  [0.76862746 0.68235296 0.6313726 ]  ...  [0.17254902 0.12156863 0.13333334]  [0.16862746 0.11764706 0.12941177]  [0.16862746 0.11764706 0.12941177]]]",1.2972020145389251,37344,/home/amos/media/tv/Carnivale S01-S02 web 10bit hevc-d3g/Carnivale S02/Carnivale.S02E10.1080p.WEBRip.10Bit.EAC3.H265-d3g.mkv601,1080,1920,0,144,336,204,144,11520,0.006,"[[[0.16078432 0.08627451 0.07058824]  [0.15686275 0.07843138 0.0627451 ]  [0.15294118 0.07843138 0.0627451 ]  ...  [0.36862746 0.30588236 0.2901961 ]  [0.38039216 0.31764707 0.3019608 ]  [0.3882353  0.3254902  0.30980393]] [[0.16470589 0.09019608 0.07450981]  [0.16078432 0.08627451 0.07058824]  [0.16470589 0.08627451 0.07058824]  ...  [0.36078432 0.29803923 0.28235295]  [0.3764706  0.3137255  0.29803923]  [0.3882353  0.32156864 0.30588236]] [[0.1764706  0.10196079 0.08627451]  [0.17254902 0.09803922 0.08627451]  [0.1764706  0.10196079 0.08627451]  ...  [0.3529412  0.2901961  0.27450982]  [0.37254903 0.30980393 0.29411766]  [0.38431373 0.32156864 0.30588236]] ... [[0.2784314  0.19607843 0.17254902]  [0.26666668 0.18431373 0.16078432]  [0.25490198 0.17254902 0.14901961]  ...  [0.05098039 0.01960784 0.01568628]  [0.05098039 0.01960784 0.01568628]  [0.05098039 0.01960784 0.01568628]] [[0.2784314  0.19607843 0.17254902]  [0.27058825 0.1882353  0.16470589]  [0.25882354 0.18039216 0.15686275]  ...  [0.05098039 0.01960784 0.01568628]  [0.05098039 0.01960784 0.01568628]  [0.05098039 0.01960784 0.01568628]] [[0.2784314  0.2        0.1764706 ]  [0.27058825 0.19215687 0.17254902]  [0.2627451  0.18431373 0.16078432]  ...  [0.05490196 0.02352941 0.01960784]  [0.05098039 0.01960784 0.01568628]  [0.05098039 0.01960784 0.01568628]]]",7.079370059014764,37464,/home/amos/media/tv/Carnivale S01-S02 web 10bit hevc-d3g/Carnivale S02/Carnivale.S02E10.1080p.WEBRip.10Bit.EAC3.H265-d3g.mkv602,1080,1920,0,54,463,831,54,317793,0.153,"[[[0.10196079 0.0627451  0.03921569]  [0.10196079 0.0627451  0.03921569]  [0.10196079 0.0627451  0.03921569]  ...  [0.24705882 0.20392157 0.1882353 ]  [0.2509804  0.20392157 0.19215687]  [0.2509804  0.20392157 0.19215687]] [[0.10196079 0.0627451  0.03921569]  [0.10196079 0.0627451  0.03921569]  [0.10196079 0.0627451  0.03921569]  ...  [0.2509804  0.20392157 0.1882353 ]  [0.2509804  0.20392157 0.19215687]  [0.2509804  0.20392157 0.19215687]] [[0.10196079 0.05882353 0.03529412]  [0.10196079 0.05882353 0.03529412]  [0.10196079 0.0627451  0.03921569]  ...  [0.24313726 0.19607843 0.18431373]  [0.24705882 0.2        0.1882353 ]  [0.24705882 0.2        0.1882353 ]] ... [[0.23921569 0.21176471 0.19607843]  [0.23921569 0.21176471 0.19607843]  [0.23921569 0.21176471 0.19607843]  ...  [0.27058825 0.21568628 0.22352941]  [0.26666668 0.21176471 0.22352941]  [0.26666668 0.21176471 0.22352941]] [[0.23921569 0.21176471 0.19607843]  [0.23921569 0.21176471 0.19607843]  [0.23921569 0.21176471 0.19607843]  ...  [0.27058825 0.21568628 0.22352941]  [0.27058825 0.21568628 0.22352941]  [0.27058825 0.21568628 0.22352941]] [[0.23921569 0.21176471 0.19607843]  [0.23921569 0.21176471 0.19607843]  [0.23921569 0.21176471 0.19607843]  ...  [0.27058825 0.21568628 0.22352941]  [0.27058825 0.21568628 0.22352941]  [0.27058825 0.21568628 0.22352941]]]",4.2182390500674956,37536,/home/amos/media/tv/Carnivale S01-S02 web 10bit hevc-d3g/Carnivale S02/Carnivale.S02E10.1080p.WEBRip.10Bit.EAC3.H265-d3g.mkv603,1080,1920,1,118,821,649,118,373293,0.18,"[[[0.7647059  0.67058825 0.60784316]  [0.7607843  0.67058825 0.60784316]  [0.7529412  0.6666667  0.60784316]  ...  [0.46666667 0.3764706  0.36862746]  [0.4745098  0.38431373 0.3764706 ]  [0.47843137 0.39215687 0.38039216]] [[0.7647059  0.6745098  0.6117647 ]  [0.7607843  0.67058825 0.6117647 ]  [0.75686276 0.67058825 0.6117647 ]  ...  [0.46666667 0.3764706  0.36862746]  [0.47058824 0.38431373 0.37254903]  [0.4745098  0.3882353  0.3764706 ]] [[0.7647059  0.6784314  0.6156863 ]  [0.7647059  0.6784314  0.6156863 ]  [0.7607843  0.6745098  0.6156863 ]  ...  [0.4627451  0.37254903 0.36862746]  [0.46666667 0.38039216 0.36862746]  [0.46666667 0.38039216 0.37254903]] ... [[0.19607843 0.13333334 0.11372549]  [0.2        0.13333334 0.11764706]  [0.20392157 0.14117648 0.12156863]  ...  [0.6392157  0.39607844 0.38431373]  [0.6313726  0.3882353  0.37254903]  [0.627451   0.38431373 0.36862746]] [[0.19215687 0.12941177 0.10980392]  [0.19607843 0.13333334 0.11372549]  [0.20392157 0.14117648 0.12156863]  ...  [0.6313726  0.38431373 0.37254903]  [0.62352943 0.38039216 0.3647059 ]  [0.61960787 0.3764706  0.36078432]] [[0.19215687 0.12941177 0.10980392]  [0.19607843 0.13333334 0.11372549]  [0.2        0.13725491 0.11764706]  ...  [0.627451   0.38039216 0.36862746]  [0.61960787 0.3764706  0.36078432]  [0.6156863  0.37254903 0.35686275]]]",5.2535321022733115,37536,/home/amos/media/tv/Carnivale S01-S02 web 10bit hevc-d3g/Carnivale S02/Carnivale.S02E10.1080p.WEBRip.10Bit.EAC3.H265-d3g.mkv604,1080,1920,0,52,463,821,52,316059,0.152,"[[[0.14117648 0.10196079 0.09019608]  [0.14117648 0.10196079 0.09019608]  [0.14117648 0.10196079 0.09019608]  ...  [0.26666668 0.22745098 0.21568628]  [0.26666668 0.22745098 0.21568628]  [0.26666668 0.22745098 0.21568628]] [[0.14117648 0.10196079 0.09019608]  [0.14117648 0.10196079 0.09019608]  [0.14117648 0.10196079 0.09019608]  ...  [0.26666668 0.22745098 0.21568628]  [0.26666668 0.22745098 0.21568628]  [0.26666668 0.22745098 0.21568628]] [[0.14117648 0.10196079 0.09019608]  [0.14117648 0.10196079 0.09019608]  [0.14117648 0.10196079 0.09019608]  ...  [0.26666668 0.22745098 0.21568628]  [0.26666668 0.22745098 0.21568628]  [0.26666668 0.22745098 0.21568628]] ... [[0.19215687 0.15294118 0.14117648]  [0.19215687 0.15294118 0.14117648]  [0.19607843 0.15686275 0.14509805]  ...  [0.22352941 0.18431373 0.17254902]  [0.22352941 0.18431373 0.17254902]  [0.22352941 0.18431373 0.17254902]] [[0.19607843 0.15686275 0.14509805]  [0.19607843 0.15686275 0.14509805]  [0.19607843 0.15686275 0.14509805]  ...  [0.22352941 0.18431373 0.17254902]  [0.22352941 0.18431373 0.17254902]  [0.22352941 0.18431373 0.17254902]] [[0.19607843 0.15686275 0.14509805]  [0.19607843 0.15686275 0.14509805]  [0.19607843 0.15686275 0.14509805]  ...  [0.22352941 0.18431373 0.17254902]  [0.22352941 0.18431373 0.17254902]  [0.22352941 0.18431373 0.17254902]]]",3.400005090457853,37584,/home/amos/media/tv/Carnivale S01-S02 web 10bit hevc-d3g/Carnivale S02/Carnivale.S02E10.1080p.WEBRip.10Bit.EAC3.H265-d3g.mkv605,1080,1920,1,104,830,671,104,411642,0.199,"[[[0.29803923 0.19215687 0.16862746]  [0.28627452 0.18039216 0.15686275]  [0.2627451  0.15686275 0.13333334]  ...  [0.49411765 0.38431373 0.36078432]  [0.5019608  0.39607844 0.36862746]  [0.5058824  0.4        0.37254903]] [[0.29803923 0.19215687 0.16862746]  [0.28627452 0.18039216 0.15686275]  [0.2627451  0.15686275 0.13333334]  ...  [0.5019608  0.39215687 0.36862746]  [0.50980395 0.40392157 0.3764706 ]  [0.5176471  0.40784314 0.38039216]] [[0.29803923 0.19215687 0.16862746]  [0.2901961  0.18431373 0.16078432]  [0.27058825 0.16470589 0.14117648]  ...  [0.52156866 0.4117647  0.38431373]  [0.53333336 0.42352942 0.4       ]  [0.5411765  0.43137255 0.40392157]] ... [[0.7529412  0.6901961  0.63529414]  [0.7490196  0.6862745  0.63529414]  [0.74509805 0.68235296 0.6313726 ]  ...  [0.3372549  0.23529412 0.21960784]  [0.33333334 0.23137255 0.21568628]  [0.33333334 0.23137255 0.21568628]] [[0.7490196  0.6862745  0.63529414]  [0.7490196  0.6862745  0.63529414]  [0.74509805 0.68235296 0.6313726 ]  ...  [0.3254902  0.22745098 0.21176471]  [0.3254902  0.22745098 0.21176471]  [0.3254902  0.22745098 0.20784314]] [[0.7490196  0.6862745  0.63529414]  [0.7490196  0.6862745  0.63529414]  [0.74509805 0.68235296 0.6313726 ]  ...  [0.32156864 0.22352941 0.20784314]  [0.3254902  0.22352941 0.20784314]  [0.3254902  0.22352941 0.20784314]]]",5.514277015288826,37584,/home/amos/media/tv/Carnivale S01-S02 web 10bit hevc-d3g/Carnivale S02/Carnivale.S02E10.1080p.WEBRip.10Bit.EAC3.H265-d3g.mkv606,1080,1920,0,85,384,321,85,70564,0.034,"[[[0.13333334 0.09803922 0.12941177]  [0.13333334 0.09803922 0.12941177]  [0.13725491 0.10196079 0.13333334]  ...  [0.18039216 0.11764706 0.10588235]  [0.15294118 0.09019608 0.07843138]  [0.14901961 0.08627451 0.07450981]] [[0.13333334 0.09803922 0.12941177]  [0.13333334 0.09803922 0.12941177]  [0.13725491 0.10196079 0.13333334]  ...  [0.18039216 0.11764706 0.10588235]  [0.15294118 0.09019608 0.07843138]  [0.14901961 0.08627451 0.07450981]] [[0.13725491 0.09803922 0.12941177]  [0.13725491 0.09803922 0.12941177]  [0.13725491 0.10196079 0.13333334]  ...  [0.1764706  0.11372549 0.10588235]  [0.14901961 0.08627451 0.07843138]  [0.14117648 0.08235294 0.07058824]] ... [[0.20392157 0.1254902  0.13333334]  [0.2        0.1254902  0.13333334]  [0.18431373 0.11764706 0.12156863]  ...  [0.05882353 0.02745098 0.01960784]  [0.05882353 0.02745098 0.01960784]  [0.05882353 0.02745098 0.01960784]] [[0.2        0.12156863 0.12941177]  [0.19607843 0.12156863 0.1254902 ]  [0.1764706  0.10980392 0.11764706]  ...  [0.05882353 0.02745098 0.01960784]  [0.05882353 0.02745098 0.01960784]  [0.05882353 0.02745098 0.01960784]] [[0.2        0.12156863 0.12941177]  [0.19607843 0.11764706 0.1254902 ]  [0.1764706  0.10980392 0.11372549]  ...  [0.05882353 0.02745098 0.01960784]  [0.05882353 0.02745098 0.01960784]  [0.05882353 0.02745098 0.01960784]]]",3.5988140883273445,37632,/home/amos/media/tv/Carnivale S01-S02 web 10bit hevc-d3g/Carnivale S02/Carnivale.S02E10.1080p.WEBRip.10Bit.EAC3.H265-d3g.mkv607,1080,1920,1,55,528,345,55,137170,0.066,"[[[0.22745098 0.18039216 0.17254902]  [0.22745098 0.18039216 0.17254902]  [0.22352941 0.1764706  0.16862746]  ...  [0.05490196 0.02352941 0.01568628]  [0.05490196 0.02352941 0.01568628]  [0.         0.         0.        ]] [[0.22745098 0.18039216 0.17254902]  [0.22745098 0.18039216 0.17254902]  [0.22352941 0.1764706  0.16862746]  ...  [0.05490196 0.02352941 0.01568628]  [0.05490196 0.02352941 0.01568628]  [0.         0.         0.        ]] [[0.22745098 0.18039216 0.17254902]  [0.22745098 0.18039216 0.17254902]  [0.22352941 0.1764706  0.16862746]  ...  [0.05490196 0.02352941 0.01568628]  [0.05490196 0.02352941 0.01568628]  [0.         0.         0.        ]] ... [[0.23137255 0.1882353  0.18431373]  [0.23137255 0.1882353  0.18431373]  [0.22745098 0.18431373 0.18039216]  ...  [0.04705882 0.02745098 0.01568628]  [0.04705882 0.02745098 0.01568628]  [0.         0.         0.        ]] [[0.23137255 0.1882353  0.18431373]  [0.23137255 0.1882353  0.18431373]  [0.22745098 0.18431373 0.18431373]  ...  [0.04705882 0.02745098 0.01568628]  [0.04705882 0.02745098 0.01568628]  [0.         0.         0.        ]] [[0.         0.         0.        ]  [0.         0.         0.        ]  [0.         0.         0.        ]  ...  [0.         0.         0.        ]  [0.         0.         0.        ]  [0.         0.         0.        ]]]",0.16433607059298083,37632,/home/amos/media/tv/Carnivale S01-S02 web 10bit hevc-d3g/Carnivale S02/Carnivale.S02E10.1080p.WEBRip.10Bit.EAC3.H265-d3g.mkv608,1080,1920,0,67,83,1209,67,18272,0.009,"[[[0.6431373  0.40784314 0.40392157]  [0.6431373  0.40784314 0.40392157]  [0.63529414 0.4        0.39607844]  ...  [0.31764707 0.21960784 0.22352941]  [0.32156864 0.22352941 0.22745098]  [0.32156864 0.22352941 0.22745098]] [[0.6431373  0.40784314 0.40392157]  [0.6431373  0.40784314 0.40392157]  [0.63529414 0.4        0.39607844]  ...  [0.31764707 0.21960784 0.22352941]  [0.32156864 0.22352941 0.22745098]  [0.32156864 0.22352941 0.22745098]] [[0.6392157  0.40392157 0.4       ]  [0.6392157  0.40392157 0.4       ]  [0.6313726  0.4        0.39607844]  ...  [0.33333334 0.23529412 0.23921569]  [0.3372549  0.23921569 0.24313726]  [0.3372549  0.23921569 0.24313726]] ... [[0.7921569  0.52156866 0.5372549 ]  [0.7921569  0.52156866 0.5372549 ]  [0.7921569  0.52156866 0.5372549 ]  ...  [0.61960787 0.4627451  0.45882353]  [0.61960787 0.46666667 0.4627451 ]  [0.61960787 0.46666667 0.4627451 ]] [[0.7882353  0.5176471  0.53333336]  [0.7882353  0.5176471  0.53333336]  [0.7921569  0.52156866 0.5372549 ]  ...  [0.6313726  0.4745098  0.47058824]  [0.63529414 0.47843137 0.4745098 ]  [0.63529414 0.47843137 0.4745098 ]] [[0.7882353  0.5176471  0.53333336]  [0.7882353  0.5176471  0.53333336]  [0.7921569  0.52156866 0.5372549 ]  ...  [0.6313726  0.4745098  0.47058824]  [0.63529414 0.47843137 0.4745098 ]  [0.63529414 0.47843137 0.4745098 ]]]",2.062055962102022,37656,/home/amos/media/tv/Carnivale S01-S02 web 10bit hevc-d3g/Carnivale S02/Carnivale.S02E10.1080p.WEBRip.10Bit.EAC3.H265-d3g.mkv609,1080,1920,1,60,795,496,60,320460,0.155,"[[[0.627451   0.5254902  0.49019608]  [0.627451   0.5254902  0.49019608]  [0.627451   0.5254902  0.49019608]  ...  [0.40784314 0.27450982 0.2509804 ]  [0.38431373 0.2509804  0.22745098]  [0.38431373 0.2509804  0.22745098]] [[0.627451   0.5254902  0.49019608]  [0.627451   0.5254902  0.49019608]  [0.627451   0.5254902  0.49019608]  ...  [0.40784314 0.27450982 0.2509804 ]  [0.38431373 0.2509804  0.22745098]  [0.38431373 0.2509804  0.22745098]] [[0.654902   0.5529412  0.5137255 ]  [0.654902   0.5529412  0.5137255 ]  [0.654902   0.5529412  0.5137255 ]  ...  [0.40392157 0.26666668 0.24313726]  [0.38039216 0.24313726 0.21960784]  [0.38039216 0.24313726 0.21960784]] ... [[0.6431373  0.44705883 0.42352942]  [0.6431373  0.44705883 0.42352942]  [0.6431373  0.44705883 0.42352942]  ...  [0.6901961  0.57254905 0.5137255 ]  [0.6901961  0.57254905 0.5137255 ]  [0.6901961  0.57254905 0.5137255 ]] [[0.6431373  0.44705883 0.42352942]  [0.6431373  0.44705883 0.42352942]  [0.6431373  0.44705883 0.42352942]  ...  [0.69411767 0.5764706  0.5176471 ]  [0.69411767 0.5764706  0.5176471 ]  [0.69411767 0.5764706  0.5176471 ]] [[0.6431373  0.44705883 0.42352942]  [0.6431373  0.44705883 0.42352942]  [0.6431373  0.44705883 0.42352942]  ...  [0.69411767 0.5764706  0.5176471 ]  [0.69411767 0.5764706  0.5176471 ]  [0.69411767 0.5764706  0.5176471 ]]]",6.798371054814197,37656,/home/amos/media/tv/Carnivale S01-S02 web 10bit hevc-d3g/Carnivale S02/Carnivale.S02E10.1080p.WEBRip.10Bit.EAC3.H265-d3g.mkv610,1080,1920,0,82,332,310,82,57000,0.027,"[[[0.15294118 0.10196079 0.10196079]  [0.15294118 0.10196079 0.10196079]  [0.14901961 0.09803922 0.09803922]  ...  [0.2901961  0.20784314 0.2       ]  [0.28627452 0.20392157 0.19607843]  [0.28627452 0.20392157 0.19607843]] [[0.15294118 0.10196079 0.10196079]  [0.15294118 0.10196079 0.10196079]  [0.14901961 0.10196079 0.10196079]  ...  [0.2901961  0.20784314 0.2       ]  [0.28627452 0.20392157 0.19607843]  [0.28627452 0.20392157 0.19607843]] [[0.15294118 0.10196079 0.10196079]  [0.15294118 0.10196079 0.10196079]  [0.15294118 0.09803922 0.09803922]  ...  [0.29411766 0.21176471 0.20392157]  [0.2901961  0.20784314 0.2       ]  [0.2901961  0.20784314 0.2       ]] ... [[0.18431373 0.12941177 0.13333334]  [0.18431373 0.12941177 0.13333334]  [0.1882353  0.13333334 0.13725491]  ...  [0.07450981 0.03921569 0.02745098]  [0.07450981 0.03921569 0.02745098]  [0.07450981 0.03921569 0.02745098]] [[0.18431373 0.12941177 0.13333334]  [0.18431373 0.12941177 0.13333334]  [0.18431373 0.12941177 0.13333334]  ...  [0.07450981 0.03921569 0.02745098]  [0.07843138 0.04313726 0.03137255]  [0.07843138 0.04313726 0.03137255]] [[0.18431373 0.12941177 0.13333334]  [0.18431373 0.12941177 0.13333334]  [0.18431373 0.12941177 0.13333334]  ...  [0.07450981 0.03921569 0.02745098]  [0.07843138 0.04313726 0.03137255]  [0.07843138 0.04313726 0.03137255]]]",2.5805619950406253,37680,/home/amos/media/tv/Carnivale S01-S02 web 10bit hevc-d3g/Carnivale S02/Carnivale.S02E10.1080p.WEBRip.10Bit.EAC3.H265-d3g.mkv611,1080,1920,0,224,359,537,224,42255,0.02,"[[[0.26666668 0.1882353  0.1882353 ]  [0.24313726 0.16470589 0.16470589]  [0.21960784 0.14117648 0.14117648]  ...  [0.40392157 0.42352942 0.45490196]  [0.38039216 0.4        0.43137255]  [0.33333334 0.34509805 0.37254903]] [[0.25490198 0.1764706  0.1764706 ]  [0.21960784 0.14117648 0.14117648]  [0.20392157 0.1254902  0.1254902 ]  ...  [0.43137255 0.42745098 0.46666667]  [0.38431373 0.38039216 0.41960785]  [0.32941177 0.31764707 0.3372549 ]] [[0.23137255 0.15686275 0.15294118]  [0.20392157 0.12941177 0.1254902 ]  [0.19607843 0.12156863 0.11764706]  ...  [0.4117647  0.4        0.44313726]  [0.36862746 0.35686275 0.4       ]  [0.3137255  0.28627452 0.30588236]] ... [[0.10196079 0.04313726 0.03921569]  [0.10588235 0.04705882 0.04313726]  [0.11372549 0.05490196 0.05098039]  ...  [0.23137255 0.19215687 0.19215687]  [0.23529412 0.19607843 0.19607843]  [0.23529412 0.19607843 0.19607843]] [[0.10196079 0.04313726 0.03921569]  [0.10196079 0.04313726 0.03921569]  [0.10588235 0.04705882 0.04313726]  ...  [0.22745098 0.1882353  0.1882353 ]  [0.23529412 0.19607843 0.19607843]  [0.23529412 0.19607843 0.19607843]] [[0.10980392 0.05098039 0.04705882]  [0.10588235 0.04705882 0.04313726]  [0.10588235 0.04705882 0.04313726]  ...  [0.23137255 0.19215687 0.19215687]  [0.23529412 0.19607843 0.19607843]  [0.23137255 0.19215687 0.19215687]]]",8.004119083634578,37728,/home/amos/media/tv/Carnivale S01-S02 web 10bit hevc-d3g/Carnivale S02/Carnivale.S02E10.1080p.WEBRip.10Bit.EAC3.H265-d3g.mkv612,1080,1920,1,52,469,799,52,311499,0.15,"[[[0.10196079 0.05882353 0.0627451 ]  [0.10196079 0.05882353 0.0627451 ]  [0.10196079 0.05882353 0.0627451 ]  ...  [0.2627451  0.21960784 0.21960784]  [0.2627451  0.21960784 0.21960784]  [0.2627451  0.21960784 0.21960784]] [[0.10196079 0.05882353 0.0627451 ]  [0.10196079 0.05882353 0.0627451 ]  [0.10196079 0.05882353 0.0627451 ]  ...  [0.2627451  0.21568628 0.21568628]  [0.2627451  0.21960784 0.21960784]  [0.2627451  0.21960784 0.21960784]] [[0.10196079 0.05882353 0.0627451 ]  [0.10196079 0.05882353 0.0627451 ]  [0.10196079 0.05882353 0.0627451 ]  ...  [0.25882354 0.21568628 0.21568628]  [0.2627451  0.21568628 0.21568628]  [0.2627451  0.21568628 0.21568628]] ... [[0.25490198 0.20392157 0.20392157]  [0.25490198 0.20392157 0.20392157]  [0.25490198 0.20392157 0.20784314]  ...  [0.28235295 0.23137255 0.21960784]  [0.28235295 0.23137255 0.21960784]  [0.28235295 0.23137255 0.21960784]] [[0.25490198 0.20392157 0.20784314]  [0.25490198 0.20392157 0.20784314]  [0.25490198 0.20392157 0.20784314]  ...  [0.28627452 0.23529412 0.22352941]  [0.28627452 0.23529412 0.22352941]  [0.28627452 0.23529412 0.22352941]] [[0.25490198 0.20392157 0.20784314]  [0.25490198 0.20392157 0.20784314]  [0.25490198 0.20392157 0.20784314]  ...  [0.28627452 0.23529412 0.22352941]  [0.28627452 0.23529412 0.22352941]  [0.28627452 0.23529412 0.22352941]]]",4.428583108994644,37728,/home/amos/media/tv/Carnivale S01-S02 web 10bit hevc-d3g/Carnivale S02/Carnivale.S02E10.1080p.WEBRip.10Bit.EAC3.H265-d3g.mkv613,1080,1920,2,61,674,787,61,445038,0.215,"[[[0.47843137 0.32156864 0.3137255 ]  [0.47843137 0.32156864 0.3137255 ]  [0.45882353 0.3019608  0.29411766]  ...  [0.21568628 0.16078432 0.16078432]  [0.21568628 0.16470589 0.16470589]  [0.21568628 0.16470589 0.16470589]] [[0.47843137 0.32156864 0.3137255 ]  [0.47843137 0.32156864 0.3137255 ]  [0.45882353 0.3019608  0.29411766]  ...  [0.21176471 0.16470589 0.16470589]  [0.21568628 0.16470589 0.16470589]  [0.21568628 0.16470589 0.16470589]] [[0.48235294 0.3254902  0.31764707]  [0.48235294 0.3254902  0.31764707]  [0.4627451  0.30588236 0.29803923]  ...  [0.21568628 0.16470589 0.16470589]  [0.21960784 0.16862746 0.16862746]  [0.21960784 0.16862746 0.16862746]] ... [[0.56078434 0.41568628 0.39607844]  [0.56078434 0.41568628 0.39607844]  [0.5764706  0.43137255 0.4117647 ]  ...  [0.47843137 0.39607844 0.3882353 ]  [0.47058824 0.39215687 0.38431373]  [0.47058824 0.39215687 0.38431373]] [[0.5529412  0.40784314 0.3882353 ]  [0.5529412  0.40784314 0.3882353 ]  [0.5686275  0.42352942 0.40392157]  ...  [0.47843137 0.39607844 0.3882353 ]  [0.4745098  0.39215687 0.38431373]  [0.4745098  0.39215687 0.38431373]] [[0.5529412  0.40784314 0.3882353 ]  [0.5529412  0.40784314 0.3882353 ]  [0.5686275  0.42352942 0.40392157]  ...  [0.47843137 0.39607844 0.3882353 ]  [0.4745098  0.39215687 0.38431373]  [0.4745098  0.39215687 0.38431373]]]",4.373434029403143,37728,/home/amos/media/tv/Carnivale S01-S02 web 10bit hevc-d3g/Carnivale S02/Carnivale.S02E10.1080p.WEBRip.10Bit.EAC3.H265-d3g.mkv614,1080,1920,0,81,324,272,81,46413,0.022,"[[[0.11372549 0.07058824 0.07058824]  [0.11372549 0.07058824 0.07058824]  [0.10980392 0.06666667 0.06666667]  ...  [0.09411765 0.05098039 0.05882353]  [0.09411765 0.05098039 0.05490196]  [0.09411765 0.05098039 0.05490196]] [[0.11372549 0.07058824 0.07058824]  [0.11372549 0.07058824 0.07058824]  [0.10980392 0.06666667 0.06666667]  ...  [0.09411765 0.05098039 0.05882353]  [0.09411765 0.05098039 0.05490196]  [0.09411765 0.05098039 0.05490196]] [[0.11372549 0.06666667 0.06666667]  [0.11372549 0.06666667 0.06666667]  [0.10980392 0.06666667 0.06666667]  ...  [0.09803922 0.05490196 0.05882353]  [0.09411765 0.05098039 0.05490196]  [0.09411765 0.05098039 0.05490196]] ... [[0.27058825 0.21176471 0.20392157]  [0.27058825 0.21176471 0.2       ]  [0.26666668 0.20784314 0.19607843]  ...  [0.2509804  0.1764706  0.17254902]  [0.25490198 0.18039216 0.1764706 ]  [0.25490198 0.18039216 0.1764706 ]] [[0.28235295 0.22745098 0.21176471]  [0.28235295 0.22352941 0.21176471]  [0.2784314  0.21960784 0.20784314]  ...  [0.25882354 0.18431373 0.18039216]  [0.2627451  0.1882353  0.18431373]  [0.2627451  0.1882353  0.18431373]] [[0.28627452 0.22745098 0.21568628]  [0.28627452 0.22745098 0.21568628]  [0.2784314  0.21960784 0.20784314]  ...  [0.2627451  0.18431373 0.18039216]  [0.2627451  0.1882353  0.18431373]  [0.2627451  0.1882353  0.18431373]]]",3.2941879947902635,37752,/home/amos/media/tv/Carnivale S01-S02 web 10bit hevc-d3g/Carnivale S02/Carnivale.S02E10.1080p.WEBRip.10Bit.EAC3.H265-d3g.mkv615,1080,1920,0,239,336,545,239,29682,0.014,"[[[0.2        0.11372549 0.10196079]  [0.2        0.11372549 0.10196079]  [0.2        0.11372549 0.10196079]  ...  [0.28627452 0.21568628 0.2       ]  [0.3254902  0.24313726 0.23137255]  [0.36078432 0.2784314  0.2627451 ]] [[0.1882353  0.10196079 0.09411765]  [0.2        0.11372549 0.10588235]  [0.21176471 0.1254902  0.12156863]  ...  [0.28627452 0.21176471 0.2       ]  [0.32156864 0.23921569 0.22745098]  [0.35686275 0.27450982 0.2627451 ]] [[0.21176471 0.1254902  0.11764706]  [0.21960784 0.13333334 0.1254902 ]  [0.23529412 0.14901961 0.14117648]  ...  [0.3019608  0.22745098 0.21568628]  [0.33333334 0.25490198 0.24313726]  [0.3647059  0.28235295 0.27058825]] ... [[0.24705882 0.15294118 0.15686275]  [0.25490198 0.15686275 0.16078432]  [0.25882354 0.16078432 0.16470589]  ...  [0.08627451 0.05490196 0.05882353]  [0.09019608 0.05882353 0.0627451 ]  [0.09411765 0.0627451  0.06666667]] [[0.24705882 0.15294118 0.15686275]  [0.25490198 0.15686275 0.16078432]  [0.25882354 0.16078432 0.16470589]  ...  [0.09019608 0.05882353 0.0627451 ]  [0.09411765 0.0627451  0.06666667]  [0.09803922 0.06666667 0.07058824]] [[0.2509804  0.15294118 0.15686275]  [0.25490198 0.15686275 0.16078432]  [0.25490198 0.15686275 0.16078432]  ...  [0.09019608 0.05882353 0.0627451 ]  [0.09803922 0.06666667 0.07058824]  [0.10196079 0.07058824 0.07450981]]]",6.242075018060859,37776,/home/amos/media/tv/Carnivale S01-S02 web 10bit hevc-d3g/Carnivale S02/Carnivale.S02E10.1080p.WEBRip.10Bit.EAC3.H265-d3g.mkv616,1080,1920,1,52,471,792,52,310060,0.15,"[[[0.10196079 0.05882353 0.05490196]  [0.10196079 0.05882353 0.05490196]  [0.10196079 0.05882353 0.05490196]  ...  [0.1254902  0.07450981 0.07843138]  [0.1254902  0.07450981 0.07843138]  [0.1254902  0.07450981 0.07843138]] [[0.10196079 0.05882353 0.05490196]  [0.10196079 0.05882353 0.05490196]  [0.10196079 0.05882353 0.05490196]  ...  [0.1254902  0.07450981 0.07843138]  [0.1254902  0.07450981 0.07843138]  [0.1254902  0.07450981 0.07843138]] [[0.10196079 0.05882353 0.05490196]  [0.10196079 0.05882353 0.05490196]  [0.10196079 0.05882353 0.05490196]  ...  [0.1254902  0.07450981 0.07843138]  [0.1254902  0.07450981 0.07843138]  [0.1254902  0.07450981 0.07843138]] ... [[0.10980392 0.07843138 0.07843138]  [0.10980392 0.07843138 0.07843138]  [0.10980392 0.07843138 0.07843138]  ...  [0.12156863 0.07843138 0.07843138]  [0.11764706 0.07450981 0.07450981]  [0.11764706 0.07450981 0.07450981]] [[0.10980392 0.07843138 0.07843138]  [0.10980392 0.07843138 0.07843138]  [0.10980392 0.07843138 0.07843138]  ...  [0.12156863 0.07843138 0.07843138]  [0.11764706 0.07450981 0.07450981]  [0.11764706 0.07450981 0.07450981]] [[0.10980392 0.07843138 0.07843138]  [0.10980392 0.07843138 0.07843138]  [0.10980392 0.07843138 0.07843138]  ...  [0.12156863 0.07843138 0.07843138]  [0.11764706 0.07450981 0.07450981]  [0.11764706 0.07450981 0.07450981]]]",1.9161070901318453,37776,/home/amos/media/tv/Carnivale S01-S02 web 10bit hevc-d3g/Carnivale S02/Carnivale.S02E10.1080p.WEBRip.10Bit.EAC3.H265-d3g.mkv617,1080,1920,0,76,343,306,76,61410,0.03,"[[[0.1882353  0.12941177 0.12156863]  [0.1882353  0.12941177 0.12156863]  [0.18431373 0.1254902  0.11764706]  ...  [0.12156863 0.08235294 0.09411765]  [0.11764706 0.07843138 0.09019608]  [0.11764706 0.07843138 0.09019608]] [[0.1882353  0.12941177 0.12156863]  [0.1882353  0.12941177 0.12156863]  [0.18431373 0.1254902  0.11764706]  ...  [0.11764706 0.08235294 0.09019608]  [0.11764706 0.07843138 0.09019608]  [0.11764706 0.07843138 0.09019608]] [[0.18039216 0.12156863 0.11372549]  [0.18039216 0.12156863 0.11372549]  [0.18039216 0.12156863 0.11372549]  ...  [0.11372549 0.07450981 0.08627451]  [0.11372549 0.07450981 0.08627451]  [0.11372549 0.07450981 0.08235294]] ... [[0.16862746 0.11764706 0.11764706]  [0.16862746 0.11764706 0.11764706]  [0.1764706  0.12156863 0.12156863]  ...  [0.06666667 0.01960784 0.00784314]  [0.06666667 0.01960784 0.00784314]  [0.06666667 0.01960784 0.00784314]] [[0.18431373 0.12941177 0.12941177]  [0.18431373 0.12941177 0.12941177]  [0.1882353  0.13333334 0.13333334]  ...  [0.06666667 0.01960784 0.00784314]  [0.06666667 0.01960784 0.00784314]  [0.06666667 0.01960784 0.00784314]] [[0.18431373 0.12941177 0.12941177]  [0.18431373 0.12941177 0.12941177]  [0.1882353  0.13333334 0.13333334]  ...  [0.06666667 0.01960784 0.00784314]  [0.06666667 0.01960784 0.00784314]  [0.06666667 0.01960784 0.00784314]]]",3.7662550997338258,37800,/home/amos/media/tv/Carnivale S01-S02 web 10bit hevc-d3g/Carnivale S02/Carnivale.S02E10.1080p.WEBRip.10Bit.EAC3.H265-d3g.mkv618,1080,1920,1,222,349,556,222,42418,0.02,"[[[0.15686275 0.07843138 0.07450981]  [0.16470589 0.08627451 0.08235294]  [0.16470589 0.09019608 0.08627451]  ...  [0.1254902  0.07450981 0.05882353]  [0.16862746 0.11764706 0.10196079]  [0.         0.         0.        ]] [[0.1764706  0.09803922 0.09411765]  [0.18431373 0.10588235 0.10196079]  [0.16862746 0.09803922 0.09411765]  ...  [0.11372549 0.0627451  0.05098039]  [0.1254902  0.07450981 0.0627451 ]  [0.         0.         0.        ]] [[0.1882353  0.11372549 0.10980392]  [0.18039216 0.10588235 0.10196079]  [0.14901961 0.07843138 0.07450981]  ...  [0.10196079 0.05098039 0.03921569]  [0.10196079 0.05098039 0.03921569]  [0.         0.         0.        ]] ... [[0.27058825 0.16470589 0.16862746]  [0.27450982 0.16862746 0.17254902]  [0.27450982 0.16862746 0.17254902]  ...  [0.09803922 0.06666667 0.07058824]  [0.09019608 0.05882353 0.0627451 ]  [0.         0.         0.        ]] [[0.27450982 0.16862746 0.17254902]  [0.27450982 0.16862746 0.17254902]  [0.27450982 0.16862746 0.17254902]  ...  [0.09411765 0.0627451  0.06666667]  [0.09019608 0.05882353 0.0627451 ]  [0.         0.         0.        ]] [[0.         0.         0.        ]  [0.         0.         0.        ]  [0.         0.         0.        ]  ...  [0.         0.         0.        ]  [0.         0.         0.        ]  [0.         0.         0.        ]]]",6.326350987132173,37800,/home/amos/media/tv/Carnivale S01-S02 web 10bit hevc-d3g/Carnivale S02/Carnivale.S02E10.1080p.WEBRip.10Bit.EAC3.H265-d3g.mkv619,1080,1920,0,52,467,818,52,317890,0.153,"[[[0.10980392 0.05882353 0.05490196]  [0.10980392 0.05882353 0.05490196]  [0.10980392 0.05882353 0.05490196]  ...  [0.16470589 0.11372549 0.11372549]  [0.16470589 0.11372549 0.11372549]  [0.16470589 0.11372549 0.11372549]] [[0.10980392 0.05882353 0.05490196]  [0.10980392 0.05882353 0.05490196]  [0.10980392 0.05882353 0.05490196]  ...  [0.16470589 0.11372549 0.11372549]  [0.16470589 0.11372549 0.11372549]  [0.16470589 0.11372549 0.11372549]] [[0.10980392 0.05882353 0.05490196]  [0.10980392 0.05882353 0.05490196]  [0.10980392 0.05882353 0.05490196]  ...  [0.16078432 0.10980392 0.10980392]  [0.16078432 0.10980392 0.10980392]  [0.16078432 0.10980392 0.10980392]] ... [[0.21568628 0.17254902 0.16862746]  [0.21568628 0.17254902 0.16862746]  [0.21568628 0.17254902 0.16862746]  ...  [0.15294118 0.10196079 0.10196079]  [0.15686275 0.10588235 0.10588235]  [0.15686275 0.10588235 0.10588235]] [[0.21568628 0.17254902 0.16862746]  [0.21568628 0.17254902 0.16862746]  [0.21568628 0.17254902 0.16862746]  ...  [0.15294118 0.10196079 0.10196079]  [0.15686275 0.10588235 0.10588235]  [0.15686275 0.10588235 0.10588235]] [[0.21568628 0.17254902 0.16862746]  [0.21568628 0.17254902 0.16862746]  [0.21568628 0.17254902 0.16862746]  ...  [0.15294118 0.10196079 0.10196079]  [0.15686275 0.10588235 0.10588235]  [0.15686275 0.10588235 0.10588235]]]",2.15736112248851,37920,/home/amos/media/tv/Carnivale S01-S02 web 10bit hevc-d3g/Carnivale S02/Carnivale.S02E10.1080p.WEBRip.10Bit.EAC3.H265-d3g.mkv620,1080,1920,0,54,463,831,54,317793,0.153,"[[[0.0627451  0.02745098 0.00784314]  [0.0627451  0.02745098 0.00784314]  [0.06666667 0.03137255 0.01176471]  ...  [0.37254903 0.32156864 0.30980393]  [0.3764706  0.3254902  0.3137255 ]  [0.3764706  0.3254902  0.3137255 ]] [[0.0627451  0.02745098 0.00784314]  [0.0627451  0.02745098 0.00784314]  [0.06666667 0.03137255 0.01176471]  ...  [0.37254903 0.32156864 0.30980393]  [0.3764706  0.3254902  0.3137255 ]  [0.3764706  0.3254902  0.3137255 ]] [[0.0627451  0.02745098 0.00784314]  [0.0627451  0.02745098 0.00784314]  [0.06666667 0.03137255 0.01176471]  ...  [0.36078432 0.30980393 0.29803923]  [0.3647059  0.3137255  0.3019608 ]  [0.3647059  0.3137255  0.3019608 ]] ... [[0.14117648 0.11372549 0.11372549]  [0.14117648 0.11372549 0.11372549]  [0.14117648 0.11372549 0.11372549]  ...  [0.23921569 0.2        0.18431373]  [0.23921569 0.2        0.1882353 ]  [0.23921569 0.2        0.1882353 ]] [[0.14117648 0.11372549 0.11372549]  [0.14117648 0.11372549 0.11372549]  [0.14117648 0.11372549 0.11372549]  ...  [0.24313726 0.20392157 0.1882353 ]  [0.24313726 0.20392157 0.1882353 ]  [0.24313726 0.20392157 0.1882353 ]] [[0.14117648 0.11372549 0.11372549]  [0.14117648 0.11372549 0.11372549]  [0.14117648 0.11372549 0.11372549]  ...  [0.24313726 0.20392157 0.1882353 ]  [0.24313726 0.20392157 0.1882353 ]  [0.24313726 0.20392157 0.1882353 ]]]",3.4325959889101796,37968,/home/amos/media/tv/Carnivale S01-S02 web 10bit hevc-d3g/Carnivale S02/Carnivale.S02E10.1080p.WEBRip.10Bit.EAC3.H265-d3g.mkv621,1080,1920,0,53,460,804,53,305657,0.147,"[[[0.11764706 0.07058824 0.05882353]  [0.11764706 0.07058824 0.05882353]  [0.11764706 0.07058824 0.05882353]  ...  [0.32941177 0.27058825 0.25490198]  [0.32941177 0.27058825 0.25490198]  [0.32941177 0.27058825 0.25490198]] [[0.11764706 0.07058824 0.05882353]  [0.11764706 0.07058824 0.05882353]  [0.11764706 0.07058824 0.05882353]  ...  [0.32941177 0.27058825 0.25490198]  [0.32941177 0.27058825 0.25490198]  [0.32941177 0.27058825 0.25490198]] [[0.11764706 0.07058824 0.05882353]  [0.11764706 0.07058824 0.05882353]  [0.11764706 0.07058824 0.05882353]  ...  [0.32941177 0.27450982 0.25490198]  [0.32941177 0.27058825 0.25490198]  [0.32941177 0.27058825 0.25490198]] ... [[0.29803923 0.27058825 0.2509804 ]  [0.29803923 0.27058825 0.2509804 ]  [0.29803923 0.27058825 0.2509804 ]  ...  [0.25882354 0.20784314 0.19607843]  [0.2627451  0.21176471 0.19607843]  [0.2627451  0.21176471 0.19607843]] [[0.29803923 0.27058825 0.2509804 ]  [0.29803923 0.27058825 0.2509804 ]  [0.29803923 0.27058825 0.2509804 ]  ...  [0.2627451  0.21176471 0.19607843]  [0.2627451  0.21176471 0.19607843]  [0.2627451  0.21176471 0.19607843]] [[0.29803923 0.27058825 0.2509804 ]  [0.29803923 0.27058825 0.2509804 ]  [0.29803923 0.27058825 0.2509804 ]  ...  [0.2627451  0.21176471 0.19607843]  [0.2627451  0.21176471 0.19607843]  [0.2627451  0.21176471 0.19607843]]]",1.8074930101865903,38040,/home/amos/media/tv/Carnivale S01-S02 web 10bit hevc-d3g/Carnivale S02/Carnivale.S02E10.1080p.WEBRip.10Bit.EAC3.H265-d3g.mkv622,1080,1920,0,55,462,800,55,303215,0.146,"[[[0.06666667 0.01960784 0.00784314]  [0.06666667 0.01960784 0.00784314]  [0.07058824 0.02352941 0.01176471]  ...  [0.38431373 0.36078432 0.32941177]  [0.38431373 0.36078432 0.32941177]  [0.         0.         0.        ]] [[0.06666667 0.01960784 0.00784314]  [0.06666667 0.01960784 0.00784314]  [0.07058824 0.02352941 0.01176471]  ...  [0.38431373 0.36078432 0.32941177]  [0.38431373 0.36078432 0.32941177]  [0.         0.         0.        ]] [[0.06666667 0.01960784 0.00784314]  [0.06666667 0.01960784 0.00784314]  [0.07058824 0.02352941 0.01176471]  ...  [0.38039216 0.35686275 0.3254902 ]  [0.38039216 0.35686275 0.3254902 ]  [0.         0.         0.        ]] ... [[0.20784314 0.1764706  0.17254902]  [0.20784314 0.1764706  0.17254902]  [0.21176471 0.18039216 0.1764706 ]  ...  [0.1764706  0.14509805 0.14117648]  [0.1764706  0.14509805 0.14117648]  [0.         0.         0.        ]] [[0.20784314 0.1764706  0.17254902]  [0.20784314 0.1764706  0.17254902]  [0.21176471 0.18039216 0.1764706 ]  ...  [0.1764706  0.14509805 0.14117648]  [0.1764706  0.14509805 0.14117648]  [0.         0.         0.        ]] [[0.         0.         0.        ]  [0.         0.         0.        ]  [0.         0.         0.        ]  ...  [0.         0.         0.        ]  [0.         0.         0.        ]  [0.         0.         0.        ]]]",2.0362500855117105,38088,/home/amos/media/tv/Carnivale S01-S02 web 10bit hevc-d3g/Carnivale S02/Carnivale.S02E10.1080p.WEBRip.10Bit.EAC3.H265-d3g.mkv623,1080,1920,0,52,443,794,52,290122,0.14,"[[[0.10588235 0.0627451  0.05882353]  [0.10588235 0.0627451  0.05882353]  [0.10980392 0.06666667 0.0627451 ]  ...  [0.18039216 0.13333334 0.1254902 ]  [0.18039216 0.13333334 0.1254902 ]  [0.18039216 0.13333334 0.1254902 ]] [[0.10588235 0.0627451  0.05882353]  [0.10588235 0.0627451  0.05882353]  [0.10588235 0.06666667 0.0627451 ]  ...  [0.18039216 0.13333334 0.1254902 ]  [0.18039216 0.13333334 0.1254902 ]  [0.18039216 0.13333334 0.1254902 ]] [[0.10588235 0.0627451  0.05882353]  [0.10588235 0.0627451  0.05882353]  [0.10588235 0.06666667 0.0627451 ]  ...  [0.18431373 0.13725491 0.12941177]  [0.18431373 0.13725491 0.12941177]  [0.18431373 0.13725491 0.12941177]] ... [[0.19215687 0.15294118 0.14901961]  [0.19215687 0.15294118 0.14901961]  [0.19607843 0.15686275 0.15294118]  ...  [0.2        0.15294118 0.14901961]  [0.20392157 0.15686275 0.14901961]  [0.20392157 0.15686275 0.14901961]] [[0.19215687 0.15294118 0.14901961]  [0.19215687 0.15294118 0.14901961]  [0.19607843 0.15686275 0.15294118]  ...  [0.20392157 0.15686275 0.14509805]  [0.20392157 0.15686275 0.14901961]  [0.20392157 0.15686275 0.14901961]] [[0.19215687 0.15294118 0.14901961]  [0.19215687 0.15294118 0.14901961]  [0.19607843 0.15686275 0.15294118]  ...  [0.20392157 0.15294118 0.14509805]  [0.20392157 0.15686275 0.14901961]  [0.20392157 0.15686275 0.14901961]]]",2.922063054458704,38232,/home/amos/media/tv/Carnivale S01-S02 web 10bit hevc-d3g/Carnivale S02/Carnivale.S02E10.1080p.WEBRip.10Bit.EAC3.H265-d3g.mkv624,1080,1920,1,49,670,1176,49,699867,0.338,"[[[0.45882353 0.4117647  0.3764706 ]  [0.45882353 0.4117647  0.3764706 ]  [0.45882353 0.4117647  0.3764706 ]  ...  [0.04705882 0.02352941 0.02745098]  [0.04705882 0.02352941 0.02745098]  [0.04705882 0.02352941 0.02745098]] [[0.45882353 0.4117647  0.3764706 ]  [0.45882353 0.4117647  0.3764706 ]  [0.45882353 0.4117647  0.3764706 ]  ...  [0.04705882 0.02352941 0.02745098]  [0.04705882 0.02352941 0.02745098]  [0.04705882 0.02352941 0.02745098]] [[0.45882353 0.4117647  0.3764706 ]  [0.45882353 0.4117647  0.3764706 ]  [0.45882353 0.4117647  0.3764706 ]  ...  [0.04705882 0.02352941 0.02745098]  [0.04705882 0.02352941 0.02745098]  [0.04705882 0.02352941 0.02745098]] ... [[0.34117648 0.2901961  0.26666668]  [0.34117648 0.2901961  0.26666668]  [0.34117648 0.2901961  0.26666668]  ...  [0.03921569 0.01960784 0.03137255]  [0.03921569 0.01960784 0.03137255]  [0.03921569 0.01960784 0.03137255]] [[0.34117648 0.2901961  0.26666668]  [0.34117648 0.2901961  0.26666668]  [0.34117648 0.2901961  0.26666668]  ...  [0.03921569 0.01960784 0.03137255]  [0.03921569 0.01960784 0.03137255]  [0.03921569 0.01960784 0.03137255]] [[0.34117648 0.2901961  0.26666668]  [0.34117648 0.2901961  0.26666668]  [0.34117648 0.2901961  0.26666668]  ...  [0.03921569 0.01960784 0.03137255]  [0.03921569 0.01960784 0.03137255]  [0.03921569 0.01960784 0.03137255]]]",1.0215279975091107,38232,/home/amos/media/tv/Carnivale S01-S02 web 10bit hevc-d3g/Carnivale S02/Carnivale.S02E10.1080p.WEBRip.10Bit.EAC3.H265-d3g.mkv625,1080,1920,0,85,639,723,85,353452,0.17,"[[[0.25882354 0.21568628 0.18039216]  [0.25882354 0.21568628 0.18039216]  [0.25882354 0.21568628 0.18039216]  ...  [0.28627452 0.24313726 0.20784314]  [0.2901961  0.24705882 0.20784314]  [0.2901961  0.24705882 0.20784314]] [[0.25882354 0.21568628 0.18039216]  [0.25882354 0.21568628 0.18039216]  [0.25882354 0.21568628 0.18039216]  ...  [0.28627452 0.24313726 0.20392157]  [0.2901961  0.24705882 0.20784314]  [0.2901961  0.24705882 0.20784314]] [[0.25882354 0.21568628 0.18039216]  [0.25882354 0.21568628 0.18039216]  [0.25882354 0.21568628 0.18039216]  ...  [0.28627452 0.24313726 0.20784314]  [0.2901961  0.24705882 0.20784314]  [0.2901961  0.24705882 0.20784314]] ... [[0.16078432 0.1254902  0.09019608]  [0.16078432 0.1254902  0.09019608]  [0.16862746 0.13333334 0.09803922]  ...  [0.0627451  0.03921569 0.01568628]  [0.06666667 0.04313726 0.01960784]  [0.06666667 0.04313726 0.01960784]] [[0.16078432 0.1254902  0.09019608]  [0.16078432 0.1254902  0.09019608]  [0.16862746 0.13333334 0.09803922]  ...  [0.0627451  0.03529412 0.01568628]  [0.06666667 0.04313726 0.01960784]  [0.06666667 0.04313726 0.01960784]] [[0.16078432 0.1254902  0.09019608]  [0.16078432 0.1254902  0.09019608]  [0.16862746 0.13333334 0.09803922]  ...  [0.0627451  0.03529412 0.01568628]  [0.06666667 0.04313726 0.01960784]  [0.06666667 0.04313726 0.01960784]]]",-0.5073959285509773,38448,/home/amos/media/tv/Carnivale S01-S02 web 10bit hevc-d3g/Carnivale S02/Carnivale.S02E10.1080p.WEBRip.10Bit.EAC3.H265-d3g.mkv626,1080,1920,0,52,552,590,52,269000,0.13,"[[[0.14901961 0.11372549 0.10196079]  [0.14901961 0.11372549 0.10196079]  [0.14901961 0.11372549 0.10196079]  ...  [0.20784314 0.1764706  0.17254902]  [0.20784314 0.1764706  0.17254902]  [0.20784314 0.1764706  0.17254902]] [[0.14901961 0.11372549 0.10196079]  [0.14901961 0.11372549 0.10196079]  [0.14901961 0.11372549 0.10196079]  ...  [0.20784314 0.1764706  0.17254902]  [0.20784314 0.1764706  0.17254902]  [0.20784314 0.1764706  0.17254902]] [[0.14901961 0.11372549 0.10196079]  [0.14901961 0.11372549 0.10196079]  [0.14509805 0.10980392 0.09803922]  ...  [0.20784314 0.1764706  0.17254902]  [0.20784314 0.1764706  0.17254902]  [0.20784314 0.1764706  0.17254902]] ... [[0.11764706 0.09019608 0.07450981]  [0.11764706 0.09019608 0.07450981]  [0.11764706 0.09019608 0.07450981]  ...  [0.16078432 0.12941177 0.12941177]  [0.16078432 0.12941177 0.12941177]  [0.16078432 0.12941177 0.12941177]] [[0.11764706 0.09019608 0.07450981]  [0.11764706 0.09019608 0.07450981]  [0.11764706 0.09019608 0.07450981]  ...  [0.16078432 0.12941177 0.12941177]  [0.16078432 0.12941177 0.12941177]  [0.16078432 0.12941177 0.12941177]] [[0.11764706 0.09019608 0.07450981]  [0.11764706 0.09019608 0.07450981]  [0.11764706 0.09019608 0.07450981]  ...  [0.16078432 0.12941177 0.12941177]  [0.16078432 0.12941177 0.12941177]  [0.16078432 0.12941177 0.12941177]]]",2.7933140382519923,38520,/home/amos/media/tv/Carnivale S01-S02 web 10bit hevc-d3g/Carnivale S02/Carnivale.S02E10.1080p.WEBRip.10Bit.EAC3.H265-d3g.mkv627,1080,1920,0,487,92,1025,487,212510,0.102,"[[[0.49019608 0.43529412 0.3882353 ]  [0.49411765 0.43529412 0.39215687]  [0.49803922 0.4392157  0.39607844]  ...  [0.26666668 0.29803923 0.3372549 ]  [0.30588236 0.3372549  0.3764706 ]  [0.32156864 0.35686275 0.39607844]] [[0.49411765 0.4392157  0.39215687]  [0.39215687 0.33333334 0.28627452]  [0.45490196 0.39607844 0.3529412 ]  ...  [0.27058825 0.30980393 0.34901962]  [0.27450982 0.31764707 0.35686275]  [0.29803923 0.34117648 0.38039216]] [[0.44313726 0.3882353  0.3372549 ]  [0.4627451  0.40392157 0.35686275]  [0.5411765  0.48235294 0.43529412]  ...  [0.27450982 0.31764707 0.3529412 ]  [0.25490198 0.29803923 0.3372549 ]  [0.27058825 0.32156864 0.35686275]] ... [[0.20784314 0.14509805 0.1254902 ]  [0.19607843 0.13333334 0.11372549]  [0.21176471 0.14901961 0.12941177]  ...  [0.11764706 0.11372549 0.08235294]  [0.12941177 0.12156863 0.09019608]  [0.10588235 0.10588235 0.07450981]] [[0.20784314 0.14509805 0.1254902 ]  [0.19607843 0.13333334 0.11372549]  [0.2        0.14117648 0.11764706]  ...  [0.12156863 0.11372549 0.08627451]  [0.1254902  0.12156863 0.09019608]  [0.10588235 0.10196079 0.07058824]] [[0.20392157 0.14117648 0.12156863]  [0.19607843 0.13333334 0.11372549]  [0.2        0.14117648 0.12156863]  ...  [0.14117648 0.12941177 0.10196079]  [0.14509805 0.13333334 0.10588235]  [0.12156863 0.10980392 0.08235294]]]",1.6438120391685516,38568,/home/amos/media/tv/Carnivale S01-S02 web 10bit hevc-d3g/Carnivale S02/Carnivale.S02E10.1080p.WEBRip.10Bit.EAC3.H265-d3g.mkv628,1080,1920,0,72,560,1316,72,607072,0.293,"[[[0.1254902  0.06666667 0.04705882]  [0.1254902  0.06666667 0.04705882]  [0.1254902  0.06666667 0.04313726]  ...  [0.12156863 0.05490196 0.02745098]  [0.12156863 0.05490196 0.02745098]  [0.12156863 0.05490196 0.02745098]] [[0.1254902  0.06666667 0.04705882]  [0.1254902  0.06666667 0.04705882]  [0.1254902  0.06666667 0.04313726]  ...  [0.12156863 0.05490196 0.02745098]  [0.12156863 0.05490196 0.02745098]  [0.12156863 0.05490196 0.02745098]] [[0.12941177 0.07058824 0.05098039]  [0.12941177 0.07058824 0.05098039]  [0.1254902  0.06666667 0.04705882]  ...  [0.12156863 0.05490196 0.02745098]  [0.12156863 0.05098039 0.02745098]  [0.12156863 0.05098039 0.02745098]] ... [[0.33333334 0.28235295 0.27058825]  [0.33333334 0.28235295 0.27058825]  [0.33333334 0.28235295 0.27450982]  ...  [0.10980392 0.04705882 0.02745098]  [0.10980392 0.04705882 0.02745098]  [0.10980392 0.04705882 0.02745098]] [[0.33333334 0.28235295 0.27450982]  [0.33333334 0.28235295 0.27450982]  [0.3372549  0.28627452 0.2784314 ]  ...  [0.10980392 0.04705882 0.02745098]  [0.10980392 0.04705882 0.02745098]  [0.10980392 0.04705882 0.02745098]] [[0.33333334 0.28235295 0.27450982]  [0.33333334 0.28235295 0.27450982]  [0.3372549  0.28235295 0.27450982]  ...  [0.10980392 0.04705882 0.02745098]  [0.10980392 0.04705882 0.02745098]  [0.10980392 0.04705882 0.02745098]]]",0.775290135643445,38640,/home/amos/media/tv/Carnivale S01-S02 web 10bit hevc-d3g/Carnivale S02/Carnivale.S02E10.1080p.WEBRip.10Bit.EAC3.H265-d3g.mkv629,1080,1920,0,60,275,1526,60,315190,0.152,"[[[0.10588235 0.05098039 0.01960784]  [0.10588235 0.05098039 0.01960784]  [0.10588235 0.05098039 0.01960784]  ...  [0.07843138 0.03137255 0.        ]  [0.07843138 0.03137255 0.        ]  [0.07843138 0.03137255 0.        ]] [[0.10588235 0.05098039 0.01960784]  [0.10588235 0.05098039 0.01960784]  [0.10588235 0.05098039 0.01960784]  ...  [0.07843138 0.03137255 0.        ]  [0.07843138 0.03137255 0.        ]  [0.07843138 0.03137255 0.        ]] [[0.10196079 0.04705882 0.01568628]  [0.10196079 0.04705882 0.01568628]  [0.10196079 0.04705882 0.01568628]  ...  [0.07843138 0.03137255 0.        ]  [0.07843138 0.03137255 0.        ]  [0.07843138 0.03137255 0.        ]] ... [[0.10588235 0.05882353 0.01568628]  [0.10588235 0.05882353 0.01568628]  [0.10588235 0.05882353 0.01568628]  ...  [0.12156863 0.0627451  0.01960784]  [0.12156863 0.0627451  0.01960784]  [0.12156863 0.0627451  0.01960784]] [[0.10588235 0.05882353 0.01568628]  [0.10588235 0.05882353 0.01568628]  [0.10588235 0.05882353 0.01568628]  ...  [0.12156863 0.0627451  0.01960784]  [0.12156863 0.0627451  0.01960784]  [0.12156863 0.0627451  0.01960784]] [[0.10588235 0.05882353 0.01568628]  [0.10588235 0.05882353 0.01568628]  [0.10588235 0.05882353 0.01568628]  ...  [0.12156863 0.0627451  0.01960784]  [0.12156863 0.0627451  0.01960784]  [0.12156863 0.0627451  0.01960784]]]",3.1164251118316315,38760,/home/amos/media/tv/Carnivale S01-S02 web 10bit hevc-d3g/Carnivale S02/Carnivale.S02E10.1080p.WEBRip.10Bit.EAC3.H265-d3g.mkv630,1080,1920,0,54,311,1450,54,358772,0.173,"[[[0.09803922 0.05490196 0.02352941]  [0.09803922 0.05490196 0.02352941]  [0.09803922 0.05098039 0.01960784]  ...  [0.07843138 0.03137255 0.        ]  [0.07843138 0.03137255 0.        ]  [0.07843138 0.03137255 0.        ]] [[0.09803922 0.05490196 0.02352941]  [0.09803922 0.05490196 0.02352941]  [0.09411765 0.05098039 0.02352941]  ...  [0.07843138 0.03137255 0.        ]  [0.07843138 0.03137255 0.        ]  [0.07843138 0.03137255 0.        ]] [[0.09803922 0.05490196 0.02352941]  [0.09803922 0.05490196 0.02352941]  [0.09803922 0.05490196 0.02352941]  ...  [0.07843138 0.03137255 0.        ]  [0.07843138 0.03137255 0.        ]  [0.07843138 0.03137255 0.        ]] ... [[0.10196079 0.05490196 0.01960784]  [0.10196079 0.05490196 0.01960784]  [0.10196079 0.05490196 0.01960784]  ...  [0.13333334 0.06666667 0.03137255]  [0.13333334 0.06666667 0.03137255]  [0.13333334 0.06666667 0.03137255]] [[0.10196079 0.05490196 0.01960784]  [0.10196079 0.05490196 0.01960784]  [0.10196079 0.05490196 0.01960784]  ...  [0.13333334 0.06666667 0.03137255]  [0.13333334 0.06666667 0.03137255]  [0.13333334 0.06666667 0.03137255]] [[0.10196079 0.05490196 0.01960784]  [0.10196079 0.05490196 0.01960784]  [0.10196079 0.05490196 0.01960784]  ...  [0.13333334 0.06666667 0.03137255]  [0.13333334 0.06666667 0.03137255]  [0.13333334 0.06666667 0.03137255]]]",4.305768108868506,38808,/home/amos/media/tv/Carnivale S01-S02 web 10bit hevc-d3g/Carnivale S02/Carnivale.S02E10.1080p.WEBRip.10Bit.EAC3.H265-d3g.mkv631,1080,1920,0,106,100,1665,106,9354,0.005,"[[[0.23921569 0.16862746 0.09019608]  [0.23921569 0.16862746 0.09019608]  [0.23529412 0.16862746 0.09019608]  ...  [0.3372549  0.28235295 0.20784314]  [0.34117648 0.28235295 0.21176471]  [0.34117648 0.28235295 0.21176471]] [[0.23921569 0.16862746 0.09019608]  [0.23921569 0.16862746 0.09019608]  [0.23529412 0.16862746 0.09019608]  ...  [0.3372549  0.28235295 0.20784314]  [0.34117648 0.28235295 0.21176471]  [0.34117648 0.28235295 0.21176471]] [[0.23921569 0.16862746 0.09019608]  [0.23921569 0.16862746 0.09019608]  [0.23529412 0.16862746 0.09411765]  ...  [0.3372549  0.28235295 0.20784314]  [0.34117648 0.28235295 0.21176471]  [0.34117648 0.28235295 0.21176471]] ... [[0.09411765 0.05098039 0.00784314]  [0.09411765 0.05098039 0.00784314]  [0.09803922 0.05490196 0.01176471]  ...  [0.3882353  0.3254902  0.2627451 ]  [0.39215687 0.3254902  0.25882354]  [0.39215687 0.3254902  0.25882354]] [[0.09411765 0.05098039 0.00784314]  [0.09411765 0.05098039 0.00784314]  [0.09411765 0.05490196 0.01176471]  ...  [0.3882353  0.3254902  0.2627451 ]  [0.39215687 0.3254902  0.25882354]  [0.39215687 0.3254902  0.25882354]] [[0.09411765 0.05098039 0.00784314]  [0.09411765 0.05098039 0.00784314]  [0.09411765 0.05490196 0.00784314]  ...  [0.3882353  0.3254902  0.2627451 ]  [0.39215687 0.3254902  0.25882354]  [0.39215687 0.3254902  0.25882354]]]",4.386075038171839,39072,/home/amos/media/tv/Carnivale S01-S02 web 10bit hevc-d3g/Carnivale S02/Carnivale.S02E10.1080p.WEBRip.10Bit.EAC3.H265-d3g.mkv632,1080,1920,0,98,103,1675,98,7885,0.004,"[[[0.2509804  0.18039216 0.10588235]  [0.2509804  0.18039216 0.10588235]  [0.2509804  0.18039216 0.10588235]  ...  [0.33333334 0.28235295 0.20784314]  [0.33333334 0.28235295 0.20784314]  [0.33333334 0.28235295 0.20784314]] [[0.2509804  0.18039216 0.10588235]  [0.2509804  0.18039216 0.10588235]  [0.2509804  0.18039216 0.10588235]  ...  [0.33333334 0.28235295 0.20784314]  [0.33333334 0.28235295 0.20784314]  [0.33333334 0.28235295 0.20784314]] [[0.25490198 0.18039216 0.10588235]  [0.25490198 0.18039216 0.10588235]  [0.25490198 0.18039216 0.10588235]  ...  [0.33333334 0.28235295 0.20784314]  [0.33333334 0.28235295 0.20784314]  [0.33333334 0.28235295 0.20784314]] ... [[0.09803922 0.05490196 0.00392157]  [0.09803922 0.05098039 0.00392157]  [0.09411765 0.05098039 0.        ]  ...  [0.38431373 0.32156864 0.2509804 ]  [0.38431373 0.32156864 0.24705882]  [0.38431373 0.32156864 0.24705882]] [[0.09411765 0.05098039 0.00392157]  [0.09411765 0.05098039 0.00392157]  [0.09411765 0.05098039 0.00392157]  ...  [0.38431373 0.32156864 0.2509804 ]  [0.38431373 0.32156864 0.24705882]  [0.38431373 0.32156864 0.24705882]] [[0.09411765 0.05098039 0.00392157]  [0.09411765 0.05098039 0.00392157]  [0.09411765 0.05098039 0.00392157]  ...  [0.38431373 0.32156864 0.2509804 ]  [0.38431373 0.32156864 0.24705882]  [0.38431373 0.32156864 0.24705882]]]",3.029887009121012,39096,/home/amos/media/tv/Carnivale S01-S02 web 10bit hevc-d3g/Carnivale S02/Carnivale.S02E10.1080p.WEBRip.10Bit.EAC3.H265-d3g.mkv633,1080,1920,0,249,283,1536,249,43758,0.021,"[[[0.12156863 0.08235294 0.02745098]  [0.13333334 0.09411765 0.03921569]  [0.14509805 0.10588235 0.05098039]  ...  [0.3647059  0.29803923 0.23921569]  [0.3647059  0.29803923 0.23921569]  [0.36078432 0.29411766 0.23529412]] [[0.1254902  0.08627451 0.03137255]  [0.13333334 0.09411765 0.03921569]  [0.14509805 0.10588235 0.05098039]  ...  [0.3647059  0.29803923 0.23921569]  [0.3647059  0.29803923 0.23921569]  [0.3647059  0.29803923 0.23529412]] [[0.1254902  0.08627451 0.03137255]  [0.13333334 0.09411765 0.03921569]  [0.14117648 0.10196079 0.04705882]  ...  [0.3647059  0.29803923 0.23921569]  [0.36862746 0.3019608  0.24313726]  [0.36862746 0.3019608  0.23921569]] ... [[0.0627451  0.03529412 0.01568628]  [0.0627451  0.03529412 0.01568628]  [0.0627451  0.03529412 0.01176471]  ...  [0.36862746 0.30980393 0.2627451 ]  [0.36862746 0.30980393 0.2627451 ]  [0.3647059  0.30980393 0.26666668]] [[0.0627451  0.03529412 0.01568628]  [0.0627451  0.03529412 0.01568628]  [0.05882353 0.03137255 0.00784314]  ...  [0.36862746 0.30980393 0.26666668]  [0.36862746 0.30980393 0.26666668]  [0.3647059  0.30980393 0.26666668]] [[0.0627451  0.03529412 0.01568628]  [0.0627451  0.03529412 0.01176471]  [0.05882353 0.03137255 0.00784314]  ...  [0.3647059  0.30588236 0.2627451 ]  [0.3647059  0.30588236 0.2627451 ]  [0.36078432 0.30588236 0.2627451 ]]]",2.701197001559194,39192,/home/amos/media/tv/Carnivale S01-S02 web 10bit hevc-d3g/Carnivale S02/Carnivale.S02E10.1080p.WEBRip.10Bit.EAC3.H265-d3g.mkv634,1080,1920,0,252,280,1536,252,35952,0.017,"[[[0.11372549 0.07058824 0.02352941]  [0.10196079 0.05882353 0.01176471]  [0.10588235 0.06666667 0.00784314]  ...  [0.3647059  0.3019608  0.24313726]  [0.3647059  0.30588236 0.24705882]  [0.3647059  0.30588236 0.2509804 ]] [[0.11372549 0.07058824 0.02352941]  [0.10588235 0.0627451  0.01568628]  [0.10588235 0.0627451  0.01176471]  ...  [0.3647059  0.3019608  0.24313726]  [0.36078432 0.3019608  0.24705882]  [0.36078432 0.3019608  0.24705882]] [[0.11372549 0.07058824 0.02352941]  [0.10980392 0.06666667 0.01960784]  [0.10980392 0.0627451  0.01176471]  ...  [0.3647059  0.3019608  0.24313726]  [0.36078432 0.3019608  0.24313726]  [0.36078432 0.3019608  0.24705882]] ... [[0.04705882 0.02352941 0.00784314]  [0.04705882 0.02352941 0.00784314]  [0.04705882 0.02352941 0.00392157]  ...  [0.36862746 0.3137255  0.27058825]  [0.36862746 0.3137255  0.27058825]  [0.36862746 0.3137255  0.27058825]] [[0.04705882 0.02352941 0.00784314]  [0.05098039 0.02745098 0.01176471]  [0.05098039 0.02745098 0.00784314]  ...  [0.36078432 0.30980393 0.26666668]  [0.36862746 0.3137255  0.27058825]  [0.36862746 0.3137255  0.27058825]] [[0.04705882 0.02352941 0.00784314]  [0.05098039 0.02745098 0.01176471]  [0.05098039 0.02745098 0.00784314]  ...  [0.36078432 0.3137255  0.26666668]  [0.3647059  0.30980393 0.26666668]  [0.36862746 0.3137255  0.27058825]]]",1.1386330762761645,39264,/home/amos/media/tv/Carnivale S01-S02 web 10bit hevc-d3g/Carnivale S02/Carnivale.S02E10.1080p.WEBRip.10Bit.EAC3.H265-d3g.mkv635,1080,1920,0,252,280,1525,252,35644,0.017,"[[[0.21960784 0.15686275 0.08627451]  [0.22352941 0.16078432 0.09019608]  [0.23529412 0.17254902 0.10196079]  ...  [0.34509805 0.2784314  0.20784314]  [0.34509805 0.2784314  0.21176471]  [0.34509805 0.27450982 0.21176471]] [[0.22745098 0.16470589 0.09803922]  [0.23529412 0.17254902 0.10196079]  [0.23921569 0.1764706  0.10588235]  ...  [0.3372549  0.27058825 0.2       ]  [0.3372549  0.27058825 0.20392157]  [0.3372549  0.26666668 0.20392157]] [[0.23921569 0.1764706  0.10980392]  [0.24313726 0.18039216 0.10980392]  [0.24313726 0.18039216 0.10980392]  ...  [0.32941177 0.2627451  0.19607843]  [0.32941177 0.2627451  0.19607843]  [0.32941177 0.2627451  0.2       ]] ... [[0.04313726 0.02745098 0.00784314]  [0.04313726 0.02745098 0.00784314]  [0.04313726 0.02745098 0.00784314]  ...  [0.3647059  0.30980393 0.2509804 ]  [0.35686275 0.30588236 0.24705882]  [0.35686275 0.30588236 0.24705882]] [[0.04313726 0.02745098 0.00784314]  [0.04313726 0.02745098 0.00784314]  [0.04313726 0.02745098 0.00784314]  ...  [0.3647059  0.30980393 0.25490198]  [0.35686275 0.30588236 0.24705882]  [0.35686275 0.30588236 0.2509804 ]] [[0.04313726 0.02745098 0.00784314]  [0.04313726 0.02745098 0.00784314]  [0.04313726 0.02745098 0.00784314]  ...  [0.3647059  0.30980393 0.25490198]  [0.35686275 0.30588236 0.24705882]  [0.35686275 0.30588236 0.2509804 ]]]",1.935585017723497,39288,/home/amos/media/tv/Carnivale S01-S02 web 10bit hevc-d3g/Carnivale S02/Carnivale.S02E10.1080p.WEBRip.10Bit.EAC3.H265-d3g.mkv636,1080,1920,0,70,228,966,70,141568,0.068,"[[[0.3372549  0.29411766 0.24313726]  [0.3372549  0.29411766 0.24313726]  [0.3372549  0.29411766 0.24313726]  ...  [0.22352941 0.16862746 0.13333334]  [0.22352941 0.16862746 0.13333334]  [0.22352941 0.16862746 0.13333334]] [[0.3372549  0.29411766 0.24313726]  [0.3372549  0.29411766 0.24313726]  [0.3372549  0.29411766 0.24313726]  ...  [0.22352941 0.16862746 0.13333334]  [0.22352941 0.16862746 0.13333334]  [0.22352941 0.16862746 0.13333334]] [[0.3372549  0.29411766 0.24313726]  [0.3372549  0.29411766 0.24313726]  [0.33333334 0.2901961  0.24313726]  ...  [0.22352941 0.16862746 0.13333334]  [0.22352941 0.16862746 0.13333334]  [0.22352941 0.16862746 0.13333334]] ... [[0.3529412  0.30588236 0.2627451 ]  [0.3529412  0.30588236 0.2627451 ]  [0.35686275 0.30980393 0.26666668]  ...  [0.78431374 0.7137255  0.7058824 ]  [0.7882353  0.7176471  0.70980394]  [0.7882353  0.7176471  0.70980394]] [[0.3529412  0.30588236 0.2627451 ]  [0.3529412  0.30588236 0.2627451 ]  [0.3529412  0.30588236 0.2627451 ]  ...  [0.7882353  0.7176471  0.70980394]  [0.7882353  0.7176471  0.70980394]  [0.7882353  0.7176471  0.70980394]] [[0.3529412  0.30588236 0.2627451 ]  [0.3529412  0.30588236 0.2627451 ]  [0.3529412  0.30980393 0.2627451 ]  ...  [0.78431374 0.7176471  0.70980394]  [0.7882353  0.7176471  0.70980394]  [0.7882353  0.7176471  0.70980394]]]",1.627201092604082,39384,/home/amos/media/tv/Carnivale S01-S02 web 10bit hevc-d3g/Carnivale S02/Carnivale.S02E10.1080p.WEBRip.10Bit.EAC3.H265-d3g.mkv637,1080,1920,0,179,218,1475,179,50544,0.024,"[[[0.         0.         0.        ]  [0.20392157 0.15686275 0.10980392]  [0.28235295 0.21568628 0.15686275]  ...  [0.         0.         0.        ]  [0.         0.         0.        ]  [0.         0.         0.        ]] [[0.         0.         0.        ]  [0.20392157 0.15686275 0.11372549]  [0.28627452 0.21960784 0.16078432]  ...  [0.06666667 0.03529412 0.        ]  [0.06666667 0.03529412 0.        ]  [0.06666667 0.03529412 0.00392157]] [[0.         0.         0.        ]  [0.2        0.15294118 0.11372549]  [0.28627452 0.21960784 0.16078432]  ...  [0.09803922 0.05098039 0.        ]  [0.09803922 0.05098039 0.        ]  [0.09803922 0.05098039 0.00392157]] ... [[0.24313726 0.16862746 0.09803922]  [0.24313726 0.16862746 0.09803922]  [0.24705882 0.17254902 0.10196079]  ...  [0.10588235 0.05882353 0.01960784]  [0.07450981 0.03921569 0.01176471]  [0.         0.         0.        ]] [[0.16862746 0.11764706 0.06666667]  [0.16862746 0.11764706 0.06666667]  [0.17254902 0.11764706 0.07058824]  ...  [0.10588235 0.05882353 0.01960784]  [0.07058824 0.03921569 0.01176471]  [0.         0.         0.        ]] [[0.         0.         0.        ]  [0.         0.         0.        ]  [0.         0.         0.        ]  ...  [0.10196079 0.05490196 0.01568628]  [0.07058824 0.03921569 0.01176471]  [0.         0.         0.        ]]]",5.176963018311653,39720,/home/amos/media/tv/Carnivale S01-S02 web 10bit hevc-d3g/Carnivale S02/Carnivale.S02E10.1080p.WEBRip.10Bit.EAC3.H265-d3g.mkv638,1080,1920,0,62,613,1390,62,731728,0.353,"[[[0.10588235 0.05490196 0.03137255]  [0.10588235 0.05490196 0.03137255]  [0.10588235 0.05490196 0.03137255]  ...  [0.13725491 0.09019608 0.05490196]  [0.13725491 0.09019608 0.05490196]  [0.13725491 0.09019608 0.05490196]] [[0.10588235 0.05490196 0.03137255]  [0.10588235 0.05490196 0.03137255]  [0.10588235 0.05490196 0.03137255]  ...  [0.13725491 0.09019608 0.05490196]  [0.13725491 0.09019608 0.05490196]  [0.13725491 0.09019608 0.05490196]] [[0.10588235 0.05490196 0.03137255]  [0.10588235 0.05490196 0.03137255]  [0.10588235 0.05490196 0.03137255]  ...  [0.13725491 0.09019608 0.05490196]  [0.13725491 0.09019608 0.05490196]  [0.13725491 0.09019608 0.05490196]] ... [[0.34901962 0.2784314  0.2627451 ]  [0.34901962 0.2784314  0.2627451 ]  [0.34901962 0.2784314  0.2627451 ]  ...  [0.12156863 0.11764706 0.11372549]  [0.1254902  0.12156863 0.11764706]  [0.1254902  0.12156863 0.11764706]] [[0.34901962 0.2784314  0.2627451 ]  [0.34901962 0.2784314  0.2627451 ]  [0.34901962 0.2784314  0.2627451 ]  ...  [0.1254902  0.12156863 0.11764706]  [0.1254902  0.12156863 0.11764706]  [0.1254902  0.12156863 0.11764706]] [[0.34901962 0.2784314  0.2627451 ]  [0.34901962 0.2784314  0.2627451 ]  [0.34901962 0.2784314  0.2627451 ]  ...  [0.1254902  0.12156863 0.11764706]  [0.1254902  0.12156863 0.11764706]  [0.1254902  0.12156863 0.11764706]]]",2.529233250010293,39936,/home/amos/media/tv/Carnivale S01-S02 web 10bit hevc-d3g/Carnivale S02/Carnivale.S02E10.1080p.WEBRip.10Bit.EAC3.H265-d3g.mkv639,1080,1920,0,94,880,1302,94,949488,0.458,"[[[0.09411765 0.05882353 0.03921569]  [0.09019608 0.05490196 0.03529412]  [0.08235294 0.04705882 0.02745098]  ...  [0.16470589 0.14901961 0.17254902]  [0.1764706  0.16470589 0.1882353 ]  [0.18039216 0.16862746 0.19215687]] [[0.09019608 0.05490196 0.03529412]  [0.08627451 0.05098039 0.03529412]  [0.07843138 0.04313726 0.02352941]  ...  [0.16078432 0.14901961 0.17254902]  [0.17254902 0.16078432 0.18431373]  [0.1764706  0.16470589 0.1882353 ]] [[0.08235294 0.04705882 0.03137255]  [0.07843138 0.04705882 0.02745098]  [0.07450981 0.03921569 0.01960784]  ...  [0.15294118 0.14509805 0.16862746]  [0.16862746 0.15686275 0.18039216]  [0.17254902 0.16078432 0.18431373]] ... [[0.00784314 0.00784314 0.        ]  [0.00784314 0.00784314 0.        ]  [0.00784314 0.00784314 0.        ]  ...  [0.01176471 0.00784314 0.00392157]  [0.01176471 0.00784314 0.00392157]  [0.01176471 0.00784314 0.00392157]] [[0.00784314 0.00784314 0.        ]  [0.00784314 0.00784314 0.        ]  [0.00784314 0.00784314 0.        ]  ...  [0.01176471 0.00784314 0.00392157]  [0.01176471 0.00784314 0.00392157]  [0.01176471 0.00784314 0.00392157]] [[0.00784314 0.00784314 0.        ]  [0.00784314 0.00784314 0.        ]  [0.00784314 0.00784314 0.        ]  ...  [0.01176471 0.00784314 0.00392157]  [0.01176471 0.00784314 0.00392157]  [0.01176471 0.00784314 0.00392157]]]",3.7666590306325816,40008,/home/amos/media/tv/Carnivale S01-S02 web 10bit hevc-d3g/Carnivale S02/Carnivale.S02E10.1080p.WEBRip.10Bit.EAC3.H265-d3g.mkv640,1080,1920,0,96,882,1311,96,954990,0.461,"[[[0.02745098 0.         0.        ]  [0.03137255 0.00392157 0.        ]  [0.04705882 0.01568628 0.00392157]  ...  [0.07843138 0.0627451  0.08627451]  [0.07843138 0.0627451  0.08627451]  [0.07843138 0.0627451  0.09019608]] [[0.02745098 0.         0.        ]  [0.03137255 0.00392157 0.        ]  [0.04705882 0.01568628 0.00784314]  ...  [0.07843138 0.0627451  0.08627451]  [0.07843138 0.0627451  0.09019608]  [0.07843138 0.0627451  0.09019608]] [[0.03137255 0.         0.        ]  [0.03137255 0.00392157 0.        ]  [0.04705882 0.01568628 0.00784314]  ...  [0.08235294 0.06666667 0.09019608]  [0.08235294 0.06666667 0.09019608]  [0.07843138 0.0627451  0.09019608]] ... [[0.00392157 0.00784314 0.        ]  [0.00392157 0.00784314 0.        ]  [0.00392157 0.00784314 0.        ]  ...  [0.00784314 0.00392157 0.        ]  [0.00784314 0.00392157 0.        ]  [0.00784314 0.00392157 0.        ]] [[0.00392157 0.00784314 0.        ]  [0.00392157 0.00784314 0.        ]  [0.00392157 0.00784314 0.        ]  ...  [0.00392157 0.         0.        ]  [0.00784314 0.00392157 0.        ]  [0.00784314 0.00392157 0.        ]] [[0.00392157 0.00784314 0.        ]  [0.00392157 0.00784314 0.        ]  [0.00392157 0.00784314 0.        ]  ...  [0.00392157 0.         0.        ]  [0.00784314 0.00392157 0.        ]  [0.00784314 0.00392157 0.        ]]]",3.246937029005494,40032,/home/amos/media/tv/Carnivale S01-S02 web 10bit hevc-d3g/Carnivale S02/Carnivale.S02E10.1080p.WEBRip.10Bit.EAC3.H265-d3g.mkv641,1080,1920,0,89,879,1313,89,966960,0.466,"[[[0.19607843 0.16862746 0.15294118]  [0.19607843 0.16862746 0.15294118]  [0.20784314 0.18039216 0.16078432]  ...  [0.11372549 0.10196079 0.12156863]  [0.11372549 0.10196079 0.12156863]  [0.11372549 0.10196079 0.12156863]] [[0.19215687 0.16862746 0.14901961]  [0.19607843 0.16862746 0.15294118]  [0.20392157 0.18039216 0.16078432]  ...  [0.11372549 0.10196079 0.12156863]  [0.11372549 0.10196079 0.12156863]  [0.11372549 0.10196079 0.12156863]] [[0.1882353  0.16078432 0.14509805]  [0.1882353  0.16470589 0.14509805]  [0.2        0.17254902 0.15294118]  ...  [0.11372549 0.10196079 0.12156863]  [0.10980392 0.09803922 0.11764706]  [0.10980392 0.09803922 0.11764706]] ... [[0.         0.00392157 0.        ]  [0.         0.00784314 0.        ]  [0.         0.00784314 0.        ]  ...  [0.01960784 0.01176471 0.        ]  [0.01960784 0.01176471 0.        ]  [0.01960784 0.01176471 0.        ]] [[0.         0.00784314 0.        ]  [0.         0.00784314 0.        ]  [0.         0.00784314 0.        ]  ...  [0.01960784 0.01176471 0.        ]  [0.01960784 0.01176471 0.        ]  [0.01960784 0.01176471 0.        ]] [[0.         0.00784314 0.        ]  [0.         0.00784314 0.        ]  [0.         0.00784314 0.        ]  ...  [0.01960784 0.01176471 0.        ]  [0.01960784 0.01176471 0.        ]  [0.01960784 0.01176471 0.        ]]]",2.248485033225734,40224,/home/amos/media/tv/Carnivale S01-S02 web 10bit hevc-d3g/Carnivale S02/Carnivale.S02E10.1080p.WEBRip.10Bit.EAC3.H265-d3g.mkv642,1080,1920,0,93,878,1303,93,949850,0.458,"[[[0.15686275 0.12941177 0.10588235]  [0.15686275 0.12941177 0.10588235]  [0.16078432 0.13333334 0.10980392]  ...  [0.10980392 0.10196079 0.1254902 ]  [0.11372549 0.10588235 0.12941177]  [0.11372549 0.10588235 0.12941177]] [[0.15294118 0.1254902  0.10196079]  [0.15686275 0.12941177 0.10588235]  [0.16078432 0.13333334 0.10980392]  ...  [0.10980392 0.10196079 0.1254902 ]  [0.11372549 0.10588235 0.12941177]  [0.11372549 0.10588235 0.12941177]] [[0.14901961 0.12156863 0.09803922]  [0.14901961 0.12156863 0.09803922]  [0.15294118 0.1254902  0.10196079]  ...  [0.10980392 0.10588235 0.1254902 ]  [0.11372549 0.10588235 0.12941177]  [0.11372549 0.10588235 0.12941177]] ... [[0.         0.00784314 0.        ]  [0.         0.00784314 0.        ]  [0.         0.00784314 0.        ]  ...  [0.01960784 0.01176471 0.        ]  [0.01960784 0.01176471 0.        ]  [0.01960784 0.01176471 0.00392157]] [[0.         0.00784314 0.        ]  [0.         0.00784314 0.        ]  [0.         0.00784314 0.        ]  ...  [0.01568628 0.00784314 0.        ]  [0.01960784 0.01176471 0.        ]  [0.01960784 0.01176471 0.        ]] [[0.         0.00784314 0.        ]  [0.         0.00784314 0.        ]  [0.         0.00784314 0.        ]  ...  [0.01568628 0.00784314 0.        ]  [0.01960784 0.01176471 0.        ]  [0.01960784 0.01176471 0.        ]]]",1.2640620818710886,40248,/home/amos/media/tv/Carnivale S01-S02 web 10bit hevc-d3g/Carnivale S02/Carnivale.S02E10.1080p.WEBRip.10Bit.EAC3.H265-d3g.mkv643,1080,1920,0,56,885,1224,56,968272,0.467,"[[[0.21960784 0.18431373 0.15686275]  [0.21960784 0.18431373 0.15686275]  [0.21960784 0.1882353  0.15686275]  ...  [0.28235295 0.25490198 0.23137255]  [0.28235295 0.25490198 0.23137255]  [0.28235295 0.25490198 0.23137255]] [[0.21960784 0.18431373 0.15686275]  [0.21960784 0.18431373 0.15686275]  [0.22352941 0.18431373 0.16078432]  ...  [0.28235295 0.25490198 0.23137255]  [0.28235295 0.25490198 0.23137255]  [0.28235295 0.25490198 0.23137255]] [[0.21960784 0.18431373 0.15686275]  [0.21960784 0.18431373 0.15686275]  [0.21960784 0.18431373 0.15686275]  ...  [0.28235295 0.25490198 0.23137255]  [0.28235295 0.25490198 0.23137255]  [0.28235295 0.25490198 0.23137255]] ... [[0.08627451 0.0627451  0.03921569]  [0.08627451 0.0627451  0.03921569]  [0.08627451 0.0627451  0.03921569]  ...  [0.10588235 0.09803922 0.08627451]  [0.10588235 0.09803922 0.08627451]  [0.10588235 0.09803922 0.08627451]] [[0.08627451 0.0627451  0.03921569]  [0.08627451 0.0627451  0.03921569]  [0.08627451 0.0627451  0.03921569]  ...  [0.10588235 0.09803922 0.08627451]  [0.10588235 0.09803922 0.08627451]  [0.10588235 0.09803922 0.08627451]] [[0.08627451 0.0627451  0.03921569]  [0.08627451 0.0627451  0.03921569]  [0.08627451 0.0627451  0.03921569]  ...  [0.10588235 0.09803922 0.08627451]  [0.10588235 0.09803922 0.08627451]  [0.10588235 0.09803922 0.08627451]]]",1.8869160846224986,40272,/home/amos/media/tv/Carnivale S01-S02 web 10bit hevc-d3g/Carnivale S02/Carnivale.S02E10.1080p.WEBRip.10Bit.EAC3.H265-d3g.mkv644,1080,1920,0,55,888,1230,55,978775,0.472,"[[[0.20392157 0.1764706  0.14509805]  [0.20392157 0.1764706  0.14509805]  [0.20392157 0.1764706  0.14509805]  ...  [0.2627451  0.23529412 0.21568628]  [0.2627451  0.23529412 0.21568628]  [0.         0.         0.        ]] [[0.20392157 0.1764706  0.14509805]  [0.20392157 0.1764706  0.14509805]  [0.20392157 0.1764706  0.14509805]  ...  [0.2627451  0.23529412 0.21568628]  [0.2627451  0.23529412 0.21568628]  [0.         0.         0.        ]] [[0.20392157 0.1764706  0.14509805]  [0.20392157 0.1764706  0.14509805]  [0.20392157 0.1764706  0.14509805]  ...  [0.25882354 0.23137255 0.21568628]  [0.25882354 0.23137255 0.21568628]  [0.         0.         0.        ]] ... [[0.09019608 0.07450981 0.04705882]  [0.09019608 0.07450981 0.04705882]  [0.09019608 0.07450981 0.04705882]  ...  [0.11764706 0.10980392 0.09803922]  [0.11764706 0.10980392 0.09803922]  [0.         0.         0.        ]] [[0.09019608 0.07450981 0.04705882]  [0.09019608 0.07450981 0.04705882]  [0.09019608 0.07450981 0.04705882]  ...  [0.11764706 0.10980392 0.09803922]  [0.11764706 0.10980392 0.09803922]  [0.         0.         0.        ]] [[0.         0.         0.        ]  [0.         0.         0.        ]  [0.         0.         0.        ]  ...  [0.         0.         0.        ]  [0.         0.         0.        ]  [0.         0.         0.        ]]]",0.3276910953572951,40296,/home/amos/media/tv/Carnivale S01-S02 web 10bit hevc-d3g/Carnivale S02/Carnivale.S02E10.1080p.WEBRip.10Bit.EAC3.H265-d3g.mkv645,1080,1920,0,53,888,1226,53,979455,0.472,"[[[0.22745098 0.19607843 0.16862746]  [0.22745098 0.19607843 0.16862746]  [0.22745098 0.19607843 0.16862746]  ...  [0.27058825 0.24705882 0.22352941]  [0.27058825 0.24705882 0.22352941]  [0.27058825 0.24705882 0.22352941]] [[0.22745098 0.19607843 0.16862746]  [0.22745098 0.19607843 0.16862746]  [0.22745098 0.19607843 0.16862746]  ...  [0.27058825 0.24705882 0.22352941]  [0.27058825 0.24705882 0.22352941]  [0.27058825 0.24705882 0.22352941]] [[0.22745098 0.19607843 0.16862746]  [0.22745098 0.19607843 0.16862746]  [0.22745098 0.19607843 0.16862746]  ...  [0.27058825 0.24705882 0.22352941]  [0.27058825 0.24705882 0.22352941]  [0.27058825 0.24705882 0.22352941]] ... [[0.09019608 0.06666667 0.03529412]  [0.09019608 0.06666667 0.03529412]  [0.09019608 0.06666667 0.03529412]  ...  [0.14509805 0.14117648 0.12941177]  [0.14509805 0.14117648 0.12941177]  [0.14509805 0.14117648 0.12941177]] [[0.09019608 0.06666667 0.03529412]  [0.09019608 0.06666667 0.03529412]  [0.09019608 0.06666667 0.03529412]  ...  [0.14509805 0.14509805 0.13333334]  [0.14509805 0.14117648 0.12941177]  [0.14509805 0.14117648 0.12941177]] [[0.09019608 0.06666667 0.03529412]  [0.09019608 0.06666667 0.03529412]  [0.09019608 0.06666667 0.03529412]  ...  [0.14901961 0.14117648 0.13333334]  [0.14509805 0.14117648 0.12941177]  [0.14509805 0.14117648 0.12941177]]]",-0.062388876045588404,40320,/home/amos/media/tv/Carnivale S01-S02 web 10bit hevc-d3g/Carnivale S02/Carnivale.S02E10.1080p.WEBRip.10Bit.EAC3.H265-d3g.mkv646,1080,1920,0,90,872,1312,90,955604,0.461,"[[[0.21176471 0.1882353  0.17254902]  [0.21176471 0.1882353  0.17254902]  [0.21176471 0.1882353  0.17254902]  ...  [0.11372549 0.10588235 0.1254902 ]  [0.11764706 0.10980392 0.12941177]  [0.11764706 0.10980392 0.12941177]] [[0.21176471 0.1882353  0.17254902]  [0.21176471 0.1882353  0.17254902]  [0.21176471 0.19215687 0.17254902]  ...  [0.11372549 0.10588235 0.1254902 ]  [0.11764706 0.10980392 0.12941177]  [0.11764706 0.10980392 0.12941177]] [[0.21176471 0.1882353  0.17254902]  [0.21176471 0.1882353  0.17254902]  [0.21568628 0.19215687 0.1764706 ]  ...  [0.11764706 0.10980392 0.12941177]  [0.11764706 0.10980392 0.12941177]  [0.11764706 0.10980392 0.12941177]] ... [[0.00392157 0.00784314 0.        ]  [0.00392157 0.00784314 0.        ]  [0.00392157 0.00784314 0.        ]  ...  [0.02352941 0.02352941 0.        ]  [0.02352941 0.02352941 0.        ]  [0.02352941 0.02352941 0.        ]] [[0.00392157 0.00784314 0.        ]  [0.00392157 0.00784314 0.        ]  [0.00392157 0.00784314 0.        ]  ...  [0.01960784 0.01960784 0.        ]  [0.02352941 0.02352941 0.        ]  [0.02352941 0.02352941 0.        ]] [[0.00392157 0.00784314 0.        ]  [0.00392157 0.00784314 0.        ]  [0.00392157 0.00784314 0.        ]  ...  [0.01960784 0.01960784 0.        ]  [0.02352941 0.02352941 0.        ]  [0.02352941 0.02352941 0.        ]]]",1.5084970276220702,40416,/home/amos/media/tv/Carnivale S01-S02 web 10bit hevc-d3g/Carnivale S02/Carnivale.S02E10.1080p.WEBRip.10Bit.EAC3.H265-d3g.mkv647,1080,1920,0,95,870,1308,95,940075,0.453,"[[[0.34901962 0.32156864 0.3019608 ]  [0.34117648 0.3137255  0.29411766]  [0.3254902  0.29803923 0.2784314 ]  ...  [0.10980392 0.09803922 0.10980392]  [0.10980392 0.09803922 0.10980392]  [0.         0.         0.        ]] [[0.34901962 0.32156864 0.3019608 ]  [0.34117648 0.3137255  0.29411766]  [0.3254902  0.29803923 0.2784314 ]  ...  [0.10980392 0.09803922 0.10980392]  [0.10980392 0.09803922 0.10980392]  [0.         0.         0.        ]] [[0.34509805 0.31764707 0.29803923]  [0.3372549  0.30980393 0.2901961 ]  [0.32156864 0.29411766 0.27450982]  ...  [0.10980392 0.09411765 0.10980392]  [0.10980392 0.09411765 0.10980392]  [0.         0.         0.        ]] ... [[0.         0.00392157 0.        ]  [0.         0.00392157 0.        ]  [0.         0.00392157 0.        ]  ...  [0.01960784 0.01176471 0.00392157]  [0.01960784 0.01176471 0.00392157]  [0.         0.         0.        ]] [[0.         0.00392157 0.        ]  [0.         0.00392157 0.        ]  [0.         0.00392157 0.        ]  ...  [0.01960784 0.01176471 0.00392157]  [0.01960784 0.01176471 0.00392157]  [0.         0.         0.        ]] [[0.         0.         0.        ]  [0.         0.         0.        ]  [0.         0.         0.        ]  ...  [0.         0.         0.        ]  [0.         0.         0.        ]  [0.         0.         0.        ]]]",2.2345470375730656,40440,/home/amos/media/tv/Carnivale S01-S02 web 10bit hevc-d3g/Carnivale S02/Carnivale.S02E10.1080p.WEBRip.10Bit.EAC3.H265-d3g.mkv648,1080,1920,0,89,870,1320,89,961411,0.464,"[[[0.27058825 0.24313726 0.22352941]  [0.27058825 0.24313726 0.22352941]  [0.2784314  0.2509804  0.23137255]  ...  [0.10588235 0.09411765 0.10980392]  [0.10588235 0.09411765 0.10980392]  [0.10588235 0.09411765 0.10980392]] [[0.27058825 0.24313726 0.22352941]  [0.27058825 0.24313726 0.22352941]  [0.2784314  0.2509804  0.23137255]  ...  [0.10980392 0.09803922 0.10980392]  [0.10588235 0.09411765 0.10980392]  [0.10588235 0.09411765 0.10980392]] [[0.26666668 0.23921569 0.21960784]  [0.26666668 0.23921569 0.21960784]  [0.27450982 0.2509804  0.23137255]  ...  [0.10980392 0.09803922 0.11372549]  [0.10980392 0.09803922 0.11372549]  [0.10980392 0.09803922 0.11372549]] ... [[0.         0.00392157 0.        ]  [0.         0.00392157 0.        ]  [0.         0.00784314 0.        ]  ...  [0.03137255 0.01960784 0.00784314]  [0.03137255 0.02352941 0.00784314]  [0.03137255 0.02352941 0.00784314]] [[0.         0.00392157 0.        ]  [0.         0.00392157 0.        ]  [0.         0.00392157 0.        ]  ...  [0.03137255 0.01960784 0.00784314]  [0.03529412 0.02352941 0.01176471]  [0.03529412 0.02352941 0.01176471]] [[0.         0.00392157 0.        ]  [0.         0.00392157 0.        ]  [0.         0.00392157 0.        ]  ...  [0.03137255 0.01960784 0.00784314]  [0.03529412 0.02352941 0.01176471]  [0.03529412 0.02352941 0.01176471]]]",1.698736027639825,40512,/home/amos/media/tv/Carnivale S01-S02 web 10bit hevc-d3g/Carnivale S02/Carnivale.S02E10.1080p.WEBRip.10Bit.EAC3.H265-d3g.mkv649,1080,1920,0,94,869,1310,94,942400,0.454,"[[[0.24705882 0.23529412 0.21176471]  [0.24705882 0.23529412 0.21176471]  [0.24313726 0.23137255 0.20784314]  ...  [0.10588235 0.08627451 0.10588235]  [0.10196079 0.08235294 0.10196079]  [0.10196079 0.08235294 0.10196079]] [[0.24705882 0.23529412 0.21176471]  [0.24705882 0.23529412 0.21176471]  [0.24313726 0.23137255 0.20784314]  ...  [0.10588235 0.08627451 0.10588235]  [0.10196079 0.08235294 0.10196079]  [0.10196079 0.08235294 0.10196079]] [[0.24313726 0.23137255 0.21176471]  [0.24313726 0.23137255 0.21176471]  [0.24313726 0.23137255 0.20784314]  ...  [0.10196079 0.08235294 0.10196079]  [0.09803922 0.07843138 0.09803922]  [0.09803922 0.07843138 0.09803922]] ... [[0.00784314 0.00392157 0.        ]  [0.00784314 0.00392157 0.        ]  [0.00392157 0.         0.        ]  ...  [0.03137255 0.02745098 0.01176471]  [0.03137255 0.02745098 0.01176471]  [0.03137255 0.02745098 0.01176471]] [[0.00784314 0.00392157 0.        ]  [0.00784314 0.00392157 0.        ]  [0.00392157 0.         0.        ]  ...  [0.02745098 0.02352941 0.00784314]  [0.03137255 0.02745098 0.01176471]  [0.03137255 0.02745098 0.01176471]] [[0.00784314 0.00392157 0.        ]  [0.00784314 0.00392157 0.        ]  [0.00392157 0.         0.        ]  ...  [0.02745098 0.02352941 0.00784314]  [0.03137255 0.02745098 0.01176471]  [0.03137255 0.02745098 0.01176471]]]",0.8132210038020276,40536,/home/amos/media/tv/Carnivale S01-S02 web 10bit hevc-d3g/Carnivale S02/Carnivale.S02E10.1080p.WEBRip.10Bit.EAC3.H265-d3g.mkv650,1080,1920,0,58,891,1233,58,978775,0.472,"[[[0.2        0.16470589 0.13725491]  [0.2        0.16470589 0.13725491]  [0.2        0.16862746 0.13725491]  ...  [0.3137255  0.2901961  0.26666668]  [0.31764707 0.2901961  0.26666668]  [0.31764707 0.2901961  0.26666668]] [[0.2        0.16470589 0.13725491]  [0.2        0.16470589 0.13725491]  [0.20392157 0.16862746 0.13725491]  ...  [0.31764707 0.28627452 0.26666668]  [0.31764707 0.2901961  0.26666668]  [0.31764707 0.2901961  0.26666668]] [[0.2        0.16470589 0.13725491]  [0.2        0.16470589 0.13725491]  [0.2        0.16862746 0.13725491]  ...  [0.3137255  0.28627452 0.2627451 ]  [0.31764707 0.2901961  0.26666668]  [0.31764707 0.2901961  0.26666668]] ... [[0.08627451 0.07058824 0.03529412]  [0.08627451 0.07058824 0.03529412]  [0.08627451 0.07058824 0.03529412]  ...  [0.21568628 0.20784314 0.19215687]  [0.21568628 0.20784314 0.19215687]  [0.21568628 0.20784314 0.19215687]] [[0.08627451 0.07058824 0.03529412]  [0.08627451 0.07058824 0.03529412]  [0.08627451 0.07058824 0.03529412]  ...  [0.21568628 0.20784314 0.19215687]  [0.21568628 0.20784314 0.19215687]  [0.21568628 0.20784314 0.19215687]] [[0.08627451 0.07058824 0.03529412]  [0.08627451 0.07058824 0.03529412]  [0.08627451 0.07058824 0.03529412]  ...  [0.21568628 0.20784314 0.19215687]  [0.21568628 0.20784314 0.19215687]  [0.21568628 0.20784314 0.19215687]]]",0.4653991143568419,40560,/home/amos/media/tv/Carnivale S01-S02 web 10bit hevc-d3g/Carnivale S02/Carnivale.S02E10.1080p.WEBRip.10Bit.EAC3.H265-d3g.mkv651,1080,1920,0,94,867,1305,94,936103,0.451,"[[[0.28627452 0.25882354 0.23921569]  [0.28627452 0.25882354 0.23921569]  [0.2784314  0.25490198 0.23529412]  ...  [0.09803922 0.09019608 0.10196079]  [0.09411765 0.08627451 0.09803922]  [0.09411765 0.08627451 0.09803922]] [[0.28627452 0.25882354 0.23921569]  [0.28235295 0.25490198 0.23529412]  [0.2784314  0.25490198 0.23137255]  ...  [0.09803922 0.09019608 0.10196079]  [0.09411765 0.08627451 0.09803922]  [0.09411765 0.08627451 0.09803922]] [[0.28235295 0.25490198 0.23529412]  [0.28235295 0.25490198 0.23529412]  [0.27450982 0.24705882 0.22745098]  ...  [0.09803922 0.09019608 0.10588235]  [0.09411765 0.08627451 0.10196079]  [0.09411765 0.08627451 0.10196079]] ... [[0.00784314 0.00392157 0.        ]  [0.00784314 0.00392157 0.        ]  [0.00784314 0.00392157 0.        ]  ...  [0.02745098 0.02352941 0.01176471]  [0.02745098 0.02352941 0.01176471]  [0.02745098 0.02352941 0.01176471]] [[0.00784314 0.00392157 0.        ]  [0.00784314 0.00392157 0.        ]  [0.00784314 0.00392157 0.        ]  ...  [0.02352941 0.01960784 0.00784314]  [0.02745098 0.01960784 0.01176471]  [0.02745098 0.01960784 0.01176471]] [[0.00784314 0.00392157 0.        ]  [0.00784314 0.00392157 0.        ]  [0.00784314 0.00392157 0.        ]  ...  [0.02352941 0.01960784 0.00784314]  [0.02745098 0.01960784 0.01176471]  [0.02745098 0.01960784 0.01176471]]]",0.16121901519363746,40632,/home/amos/media/tv/Carnivale S01-S02 web 10bit hevc-d3g/Carnivale S02/Carnivale.S02E10.1080p.WEBRip.10Bit.EAC3.H265-d3g.mkv652,1080,1920,0,328,479,666,328,51038,0.025,"[[[0.20784314 0.15294118 0.10980392]  [0.21568628 0.16078432 0.11764706]  [0.23137255 0.1764706  0.12941177]  ...  [0.19215687 0.13333334 0.09019608]  [0.19607843 0.13725491 0.09411765]  [0.19215687 0.13333334 0.09019608]] [[0.21568628 0.15686275 0.11764706]  [0.22352941 0.16862746 0.1254902 ]  [0.23921569 0.18039216 0.13725491]  ...  [0.19215687 0.13333334 0.09411765]  [0.19215687 0.13333334 0.09019608]  [0.19215687 0.13333334 0.09019608]] [[0.22352941 0.16470589 0.11764706]  [0.23137255 0.1764706  0.1254902 ]  [0.24705882 0.1882353  0.14117648]  ...  [0.1882353  0.13333334 0.09411765]  [0.19215687 0.13333334 0.09411765]  [0.19215687 0.13333334 0.09019608]] ... [[0.14509805 0.09019608 0.04705882]  [0.14509805 0.09019608 0.04705882]  [0.14901961 0.09411765 0.05098039]  ...  [0.03137255 0.01568628 0.        ]  [0.03137255 0.01568628 0.        ]  [0.03137255 0.01568628 0.        ]] [[0.14117648 0.09019608 0.05098039]  [0.14509805 0.09803922 0.05882353]  [0.15294118 0.10588235 0.06666667]  ...  [0.03137255 0.01568628 0.        ]  [0.03137255 0.01568628 0.        ]  [0.03137255 0.01568628 0.        ]] [[0.14117648 0.09411765 0.05882353]  [0.15294118 0.10588235 0.07058824]  [0.16470589 0.11764706 0.08235294]  ...  [0.03137255 0.01568628 0.        ]  [0.03137255 0.01568628 0.        ]  [0.03137255 0.01568628 0.        ]]]",6.405878116784152,40800,/home/amos/media/tv/Carnivale S01-S02 web 10bit hevc-d3g/Carnivale S02/Carnivale.S02E10.1080p.WEBRip.10Bit.EAC3.H265-d3g.mkv653,1080,1920,0,60,1004,1528,60,1385792,0.668,"[[[0.06666667 0.05882353 0.05490196]  [0.06666667 0.05882353 0.05490196]  [0.06666667 0.05882353 0.05490196]  ...  [0.07843138 0.0627451  0.05882353]  [0.07843138 0.0627451  0.05882353]  [0.07843138 0.0627451  0.05882353]] [[0.06666667 0.05882353 0.05490196]  [0.06666667 0.05882353 0.05490196]  [0.06666667 0.05882353 0.05490196]  ...  [0.07843138 0.0627451  0.05882353]  [0.07843138 0.0627451  0.05882353]  [0.07843138 0.0627451  0.05882353]] [[0.06666667 0.05490196 0.05490196]  [0.06666667 0.05490196 0.05490196]  [0.06666667 0.05882353 0.05490196]  ...  [0.07843138 0.0627451  0.05882353]  [0.07843138 0.0627451  0.05882353]  [0.07843138 0.0627451  0.05882353]] ... [[0.02745098 0.01568628 0.01176471]  [0.02745098 0.01568628 0.01176471]  [0.02745098 0.01568628 0.01176471]  ...  [0.24313726 0.20392157 0.20784314]  [0.24705882 0.20784314 0.21176471]  [0.24705882 0.20784314 0.21176471]] [[0.02745098 0.01568628 0.01176471]  [0.02745098 0.01568628 0.01176471]  [0.02745098 0.01568628 0.01176471]  ...  [0.23921569 0.2        0.20392157]  [0.24313726 0.20392157 0.20784314]  [0.24313726 0.20392157 0.20784314]] [[0.02745098 0.01568628 0.01176471]  [0.02745098 0.01568628 0.01176471]  [0.02745098 0.01568628 0.01176471]  ...  [0.23921569 0.2        0.20392157]  [0.24313726 0.20392157 0.20784314]  [0.24313726 0.20392157 0.20784314]]]",5.022268100292422,41088,/home/amos/media/tv/Carnivale S01-S02 web 10bit hevc-d3g/Carnivale S02/Carnivale.S02E10.1080p.WEBRip.10Bit.EAC3.H265-d3g.mkv654,1080,1920,0,62,1009,1527,62,1387355,0.669,"[[[0.03921569 0.03137255 0.02745098]  [0.03921569 0.03137255 0.02745098]  [0.03921569 0.03137255 0.02745098]  ...  [0.07058824 0.05490196 0.05098039]  [0.07058824 0.05490196 0.05098039]  [0.07058824 0.05490196 0.05098039]] [[0.03921569 0.03137255 0.02745098]  [0.03921569 0.03137255 0.02745098]  [0.03921569 0.03137255 0.02745098]  ...  [0.07058824 0.05490196 0.05098039]  [0.07058824 0.05490196 0.05098039]  [0.07058824 0.05490196 0.05098039]] [[0.03921569 0.03137255 0.02745098]  [0.03921569 0.03137255 0.02745098]  [0.04313726 0.03529412 0.03137255]  ...  [0.07058824 0.05490196 0.05098039]  [0.07058824 0.05490196 0.05098039]  [0.07058824 0.05490196 0.05098039]] ... [[0.03137255 0.01176471 0.00784314]  [0.03137255 0.01176471 0.00784314]  [0.03137255 0.01176471 0.00784314]  ...  [0.24313726 0.20392157 0.20784314]  [0.2509804  0.21176471 0.21568628]  [0.2509804  0.21176471 0.21568628]] [[0.03529412 0.01568628 0.00784314]  [0.03529412 0.01568628 0.00784314]  [0.03529412 0.01568628 0.00784314]  ...  [0.23921569 0.20392157 0.20392157]  [0.24705882 0.20784314 0.21176471]  [0.24705882 0.20784314 0.21176471]] [[0.03529412 0.01568628 0.00784314]  [0.03529412 0.01568628 0.00784314]  [0.03529412 0.01568628 0.00784314]  ...  [0.23921569 0.2        0.20392157]  [0.24705882 0.20784314 0.21176471]  [0.24705882 0.20784314 0.21176471]]]",4.514748121262528,41136,/home/amos/media/tv/Carnivale S01-S02 web 10bit hevc-d3g/Carnivale S02/Carnivale.S02E10.1080p.WEBRip.10Bit.EAC3.H265-d3g.mkv655,1080,1920,0,141,410,1331,141,320110,0.154,"[[[0.06666667 0.02745098 0.02352941]  [0.0627451  0.02745098 0.02352941]  [0.0627451  0.03137255 0.02745098]  ...  [0.01568628 0.         0.        ]  [0.01176471 0.         0.        ]  [0.01176471 0.         0.        ]] [[0.06666667 0.02745098 0.02352941]  [0.06666667 0.02745098 0.02352941]  [0.0627451  0.02745098 0.02352941]  ...  [0.01568628 0.         0.        ]  [0.01568628 0.         0.        ]  [0.01176471 0.         0.        ]] [[0.07058824 0.03137255 0.02745098]  [0.07058824 0.02745098 0.02352941]  [0.06666667 0.02745098 0.02352941]  ...  [0.01568628 0.         0.        ]  [0.01568628 0.         0.        ]  [0.01568628 0.         0.        ]] ... [[0.13725491 0.10196079 0.08627451]  [0.13333334 0.09803922 0.08235294]  [0.12941177 0.09411765 0.07843138]  ...  [0.4627451  0.4117647  0.4117647 ]  [0.44313726 0.39215687 0.39215687]  [0.43137255 0.38039216 0.38039216]] [[0.16862746 0.13333334 0.11764706]  [0.15686275 0.12156863 0.10588235]  [0.14117648 0.10588235 0.08627451]  ...  [0.4509804  0.40392157 0.4       ]  [0.43529412 0.3882353  0.3882353 ]  [0.42745098 0.3764706  0.3764706 ]] [[0.19215687 0.15686275 0.14117648]  [0.17254902 0.13725491 0.12156863]  [0.14509805 0.11372549 0.09803922]  ...  [0.44313726 0.39215687 0.39215687]  [0.43137255 0.38039216 0.38039216]  [0.42352942 0.37254903 0.37254903]]]",2.992721094225999,41304,/home/amos/media/tv/Carnivale S01-S02 web 10bit hevc-d3g/Carnivale S02/Carnivale.S02E10.1080p.WEBRip.10Bit.EAC3.H265-d3g.mkv656,1080,1920,0,62,443,1659,62,608457,0.293,"[[[0.05490196 0.01568628 0.01960784]  [0.05490196 0.01568628 0.01960784]  [0.05882353 0.01568628 0.02352941]  ...  [0.03137255 0.         0.        ]  [0.03137255 0.         0.        ]  [0.03137255 0.         0.        ]] [[0.05490196 0.01568628 0.01960784]  [0.05490196 0.01568628 0.01960784]  [0.05490196 0.01568628 0.01960784]  ...  [0.03137255 0.         0.        ]  [0.03137255 0.         0.        ]  [0.03137255 0.         0.        ]] [[0.05882353 0.01568628 0.02352941]  [0.05882353 0.01568628 0.02352941]  [0.05882353 0.01960784 0.02352941]  ...  [0.03137255 0.         0.        ]  [0.03137255 0.         0.        ]  [0.03137255 0.         0.        ]] ... [[0.32156864 0.22352941 0.20392157]  [0.32156864 0.22352941 0.20392157]  [0.3254902  0.22745098 0.20392157]  ...  [0.25490198 0.15294118 0.13725491]  [0.25882354 0.15686275 0.14117648]  [0.25882354 0.15686275 0.14117648]] [[0.32156864 0.22352941 0.20392157]  [0.32156864 0.22352941 0.20392157]  [0.32156864 0.22352941 0.20392157]  ...  [0.25490198 0.15294118 0.13725491]  [0.25882354 0.15686275 0.14117648]  [0.25882354 0.15686275 0.14117648]] [[0.32156864 0.22352941 0.20392157]  [0.32156864 0.22352941 0.20392157]  [0.32156864 0.22352941 0.20392157]  ...  [0.25490198 0.15294118 0.13725491]  [0.25882354 0.15686275 0.14117648]  [0.25882354 0.15686275 0.14117648]]]",0.7505369994905777,41472,/home/amos/media/tv/Carnivale S01-S02 web 10bit hevc-d3g/Carnivale S02/Carnivale.S02E10.1080p.WEBRip.10Bit.EAC3.H265-d3g.mkv657,1080,1920,0,115,203,490,115,33000,0.016,"[[[0.09411765 0.05490196 0.03529412]  [0.09411765 0.05490196 0.03529412]  [0.09411765 0.05490196 0.03529412]  ...  [0.03137255 0.         0.        ]  [0.03137255 0.         0.        ]  [0.03137255 0.         0.        ]] [[0.09803922 0.05490196 0.03529412]  [0.09803922 0.05490196 0.03529412]  [0.09803922 0.05490196 0.03529412]  ...  [0.03137255 0.         0.        ]  [0.03137255 0.         0.        ]  [0.03137255 0.         0.        ]] [[0.09803922 0.05490196 0.03921569]  [0.09803922 0.05490196 0.03921569]  [0.09803922 0.05490196 0.03921569]  ...  [0.03137255 0.         0.        ]  [0.03137255 0.         0.        ]  [0.03137255 0.         0.        ]] ... [[0.45882353 0.40392157 0.40784314]  [0.48235294 0.42745098 0.43137255]  [0.52156866 0.46666667 0.47058824]  ...  [0.02352941 0.00784314 0.        ]  [0.02352941 0.00784314 0.        ]  [0.02352941 0.00784314 0.        ]] [[0.4392157  0.38431373 0.3882353 ]  [0.45490196 0.4        0.40392157]  [0.47843137 0.42352942 0.42745098]  ...  [0.02745098 0.00784314 0.        ]  [0.02745098 0.00784314 0.        ]  [0.02745098 0.00784314 0.        ]] [[0.43137255 0.3764706  0.38039216]  [0.4392157  0.38431373 0.3882353 ]  [0.45882353 0.40392157 0.40784314]  ...  [0.02745098 0.00784314 0.        ]  [0.02745098 0.00784314 0.        ]  [0.02745098 0.00784314 0.        ]]]",6.060277062410023,41784,/home/amos/media/tv/Carnivale S01-S02 web 10bit hevc-d3g/Carnivale S02/Carnivale.S02E10.1080p.WEBRip.10Bit.EAC3.H265-d3g.mkv658,1080,1920,0,627,72,724,627,53835,0.026,"[[[0.12156863 0.13725491 0.1254902 ]  [0.1254902  0.14117648 0.1254902 ]  [0.1254902  0.14117648 0.12941177]  ...  [0.         0.         0.        ]  [0.         0.         0.        ]  [0.         0.         0.        ]] [[0.1254902  0.14117648 0.12941177]  [0.12941177 0.14509805 0.13333334]  [0.12941177 0.14509805 0.13333334]  ...  [0.         0.         0.        ]  [0.         0.         0.        ]  [0.         0.         0.        ]] [[0.12941177 0.14509805 0.13333334]  [0.12941177 0.14509805 0.13333334]  [0.13333334 0.14901961 0.13725491]  ...  [0.         0.         0.        ]  [0.         0.         0.        ]  [0.         0.         0.        ]] ... [[0.30980393 0.34117648 0.29411766]  [0.3137255  0.34509805 0.29803923]  [0.3137255  0.34509805 0.29803923]  ...  [0.59607846 0.5176471  0.47843137]  [0.7019608  0.62352943 0.5882353 ]  [0.7490196  0.6745098  0.6392157 ]] [[0.2901961  0.32156864 0.27450982]  [0.27058825 0.3019608  0.25490198]  [0.29803923 0.32941177 0.28235295]  ...  [0.57254905 0.49411765 0.45490196]  [0.72156864 0.6431373  0.60784316]  [0.78431374 0.7058824  0.67058825]] [[0.3019608  0.33333334 0.28627452]  [0.30588236 0.3372549  0.2901961 ]  [0.3137255  0.34509805 0.29803923]  ...  [0.5529412  0.4745098  0.43529412]  [0.7372549  0.65882355 0.62352943]  [0.77254903 0.69411767 0.6627451 ]]]",3.913663983985316,41880,/home/amos/media/tv/Carnivale S01-S02 web 10bit hevc-d3g/Carnivale S02/Carnivale.S02E10.1080p.WEBRip.10Bit.EAC3.H265-d3g.mkv659,1080,1920,0,314,190,561,314,30628,0.015,"[[[0.43529412 0.36862746 0.34509805]  [0.41568628 0.34509805 0.32941177]  [0.38039216 0.30980393 0.29411766]  ...  [0.35686275 0.39215687 0.35686275]  [0.34901962 0.38039216 0.34901962]  [0.         0.         0.        ]] [[0.4117647  0.34117648 0.3254902 ]  [0.40784314 0.3372549  0.32156864]  [0.3882353  0.31764707 0.3019608 ]  ...  [0.34509805 0.3764706  0.3529412 ]  [0.34117648 0.37254903 0.34901962]  [0.         0.         0.        ]] [[0.39607844 0.3254902  0.30980393]  [0.43137255 0.36078432 0.34509805]  [0.43529412 0.3647059  0.34901962]  ...  [0.34117648 0.37254903 0.34901962]  [0.3372549  0.36862746 0.34509805]  [0.         0.         0.        ]] ... [[0.30980393 0.2509804  0.21176471]  [0.32156864 0.2627451  0.22352941]  [0.3764706  0.31764707 0.2784314 ]  ...  [0.10980392 0.07843138 0.07058824]  [0.09803922 0.06666667 0.05882353]  [0.         0.         0.        ]] [[0.32156864 0.2627451  0.22352941]  [0.33333334 0.27058825 0.23137255]  [0.39215687 0.33333334 0.29411766]  ...  [0.13333334 0.09803922 0.09019608]  [0.10196079 0.07058824 0.0627451 ]  [0.         0.         0.        ]] [[0.         0.         0.        ]  [0.         0.         0.        ]  [0.         0.         0.        ]  ...  [0.         0.         0.        ]  [0.         0.         0.        ]  [0.         0.         0.        ]]]",4.201837079133838,42048,/home/amos/media/tv/Carnivale S01-S02 web 10bit hevc-d3g/Carnivale S02/Carnivale.S02E10.1080p.WEBRip.10Bit.EAC3.H265-d3g.mkv660,1080,1920,0,70,208,1310,70,171120,0.083,"[[[0.18431373 0.15686275 0.15686275]  [0.18431373 0.15686275 0.15686275]  [0.18039216 0.15294118 0.15294118]  ...  [0.         0.         0.        ]  [0.         0.         0.        ]  [0.         0.         0.        ]] [[0.18431373 0.15686275 0.15686275]  [0.18431373 0.15686275 0.15686275]  [0.18039216 0.15294118 0.15294118]  ...  [0.         0.         0.        ]  [0.         0.         0.        ]  [0.         0.         0.        ]] [[0.18431373 0.15686275 0.15686275]  [0.18431373 0.15686275 0.15686275]  [0.18039216 0.15294118 0.15294118]  ...  [0.         0.         0.        ]  [0.         0.         0.        ]  [0.         0.         0.        ]] ... [[0.27058825 0.2509804  0.24313726]  [0.27058825 0.2509804  0.24313726]  [0.27058825 0.2509804  0.24313726]  ...  [0.20392157 0.18431373 0.2       ]  [0.20784314 0.1882353  0.20392157]  [0.20784314 0.1882353  0.20392157]] [[0.27450982 0.25490198 0.24705882]  [0.27450982 0.25490198 0.24705882]  [0.27450982 0.25490198 0.24705882]  ...  [0.20392157 0.18431373 0.2       ]  [0.20784314 0.1882353  0.20392157]  [0.20784314 0.1882353  0.20392157]] [[0.27450982 0.25490198 0.24705882]  [0.27450982 0.25490198 0.24705882]  [0.27450982 0.25490198 0.24705882]  ...  [0.20392157 0.18431373 0.2       ]  [0.20784314 0.1882353  0.20392157]  [0.20784314 0.1882353  0.20392157]]]",3.0616900307359174,42312,/home/amos/media/tv/Carnivale S01-S02 web 10bit hevc-d3g/Carnivale S02/Carnivale.S02E10.1080p.WEBRip.10Bit.EAC3.H265-d3g.mkv661,1080,1920,1,301,213,476,301,15400,0.007,"[[[0.10980392 0.10196079 0.10196079]  [0.1254902  0.11372549 0.12156863]  [0.14117648 0.12941177 0.13725491]  ...  [0.32156864 0.27450982 0.27058825]  [0.30588236 0.25882354 0.2509804 ]  [0.29411766 0.24705882 0.23921569]] [[0.11372549 0.10588235 0.10588235]  [0.13333334 0.12156863 0.1254902 ]  [0.14509805 0.13725491 0.14117648]  ...  [0.31764707 0.27058825 0.2627451 ]  [0.29411766 0.24705882 0.23921569]  [0.2784314  0.23137255 0.22352941]] [[0.12156863 0.11764706 0.11764706]  [0.14117648 0.13333334 0.13725491]  [0.15686275 0.14901961 0.15294118]  ...  [0.30980393 0.2627451  0.25490198]  [0.28235295 0.23529412 0.22745098]  [0.26666668 0.21960784 0.21176471]] ... [[0.5882353  0.49803922 0.44705883]  [0.58431375 0.49803922 0.44705883]  [0.58431375 0.49803922 0.44705883]  ...  [0.3882353  0.30588236 0.27450982]  [0.36862746 0.28627452 0.2509804 ]  [0.35686275 0.27450982 0.23921569]] [[0.5764706  0.49019608 0.4392157 ]  [0.5803922  0.49411765 0.44313726]  [0.5803922  0.49411765 0.44313726]  ...  [0.35686275 0.2784314  0.24313726]  [0.33333334 0.25490198 0.21960784]  [0.3372549  0.25882354 0.22352941]] [[0.57254905 0.4862745  0.43529412]  [0.58431375 0.49803922 0.44705883]  [0.58431375 0.49803922 0.44705883]  ...  [0.32941177 0.2509804  0.21568628]  [0.30980393 0.23137255 0.19607843]  [0.32941177 0.2509804  0.21568628]]]",4.8717012160341255,42312,/home/amos/media/tv/Carnivale S01-S02 web 10bit hevc-d3g/Carnivale S02/Carnivale.S02E10.1080p.WEBRip.10Bit.EAC3.H265-d3g.mkv662,1080,1920,0,70,169,708,70,63162,0.03,"[[[0.6313726  0.5294118  0.46666667]  [0.6313726  0.5294118  0.46666667]  [0.627451   0.5254902  0.4627451 ]  ...  [0.34117648 0.26666668 0.21568628]  [0.36862746 0.29411766 0.24313726]  [0.36862746 0.29411766 0.24313726]] [[0.6313726  0.5294118  0.46666667]  [0.6313726  0.5294118  0.46666667]  [0.627451   0.5254902  0.4627451 ]  ...  [0.34117648 0.26666668 0.21568628]  [0.36862746 0.29411766 0.24313726]  [0.36862746 0.29411766 0.24313726]] [[0.6313726  0.53333336 0.46666667]  [0.6313726  0.53333336 0.46666667]  [0.6313726  0.5294118  0.46666667]  ...  [0.3372549  0.2627451  0.21176471]  [0.36078432 0.28627452 0.23529412]  [0.36078432 0.28627452 0.23529412]] ... [[0.47058824 0.48235294 0.44705883]  [0.47058824 0.48235294 0.44705883]  [0.46666667 0.47843137 0.44313726]  ...  [0.3882353  0.3529412  0.3372549 ]  [0.41568628 0.38039216 0.3647059 ]  [0.41568628 0.38039216 0.3647059 ]] [[0.47058824 0.48235294 0.44705883]  [0.47058824 0.48235294 0.44705883]  [0.46666667 0.47843137 0.44313726]  ...  [0.3137255  0.2784314  0.2627451 ]  [0.3372549  0.3019608  0.28627452]  [0.3372549  0.3019608  0.28627452]] [[0.47058824 0.48235294 0.44705883]  [0.47058824 0.48235294 0.44705883]  [0.46666667 0.47843137 0.44313726]  ...  [0.3137255  0.2784314  0.2627451 ]  [0.3372549  0.3019608  0.28627452]  [0.3372549  0.3019608  0.28627452]]]",8.304082129034214,42360,/home/amos/media/tv/Carnivale S01-S02 web 10bit hevc-d3g/Carnivale S02/Carnivale.S02E10.1080p.WEBRip.10Bit.EAC3.H265-d3g.mkv663,1080,1920,0,69,179,707,69,70180,0.034,"[[[0.5764706  0.47058824 0.42352942]  [0.5764706  0.47058824 0.42352942]  [0.5568628  0.45490196 0.40784314]  ...  [0.2784314  0.20784314 0.19215687]  [0.28627452 0.21568628 0.2       ]  [0.28627452 0.21568628 0.2       ]] [[0.5764706  0.47058824 0.42352942]  [0.5764706  0.47058824 0.42352942]  [0.5529412  0.45490196 0.40784314]  ...  [0.2784314  0.20784314 0.19215687]  [0.28627452 0.21568628 0.2       ]  [0.28627452 0.21568628 0.2       ]] [[0.58431375 0.4745098  0.42745098]  [0.58431375 0.4745098  0.42745098]  [0.56078434 0.45882353 0.4117647 ]  ...  [0.27450982 0.20784314 0.1882353 ]  [0.28627452 0.21568628 0.2       ]  [0.28627452 0.21568628 0.2       ]] ... [[0.41568628 0.36862746 0.33333334]  [0.41568628 0.36862746 0.33333334]  [0.4117647  0.36078432 0.3254902 ]  ...  [0.16078432 0.1254902  0.10196079]  [0.16078432 0.1254902  0.10196079]  [0.16078432 0.1254902  0.10196079]] [[0.42352942 0.37254903 0.3372549 ]  [0.42352942 0.37254903 0.3372549 ]  [0.41568628 0.3647059  0.3254902 ]  ...  [0.15686275 0.12156863 0.09803922]  [0.15294118 0.11764706 0.09411765]  [0.15294118 0.11764706 0.09411765]] [[0.42352942 0.37254903 0.3372549 ]  [0.42352942 0.37254903 0.3372549 ]  [0.41568628 0.3647059  0.3254902 ]  ...  [0.15686275 0.12156863 0.09803922]  [0.15294118 0.11764706 0.09411765]  [0.15294118 0.11764706 0.09411765]]]",7.45597010612255,42384,/home/amos/media/tv/Carnivale S01-S02 web 10bit hevc-d3g/Carnivale S02/Carnivale.S02E10.1080p.WEBRip.10Bit.EAC3.H265-d3g.mkv664,1080,1920,0,72,174,702,72,64260,0.031,"[[[0.6        0.5058824  0.44705883]  [0.6        0.5058824  0.44705883]  [0.5803922  0.4862745  0.42745098]  ...  [0.5921569  0.52156866 0.48235294]  [0.63529414 0.5647059  0.5254902 ]  [0.63529414 0.5647059  0.5254902 ]] [[0.6        0.5058824  0.44705883]  [0.6        0.5058824  0.44705883]  [0.5803922  0.4862745  0.42745098]  ...  [0.5921569  0.52156866 0.48235294]  [0.63529414 0.5647059  0.5254902 ]  [0.63529414 0.5647059  0.5254902 ]] [[0.6039216  0.50980395 0.44705883]  [0.6039216  0.50980395 0.44705883]  [0.58431375 0.49019608 0.43137255]  ...  [0.5803922  0.5137255  0.4745098 ]  [0.62352943 0.5568628  0.5176471 ]  [0.62352943 0.5568628  0.5176471 ]] ... [[0.29411766 0.23529412 0.2       ]  [0.29411766 0.23529412 0.2       ]  [0.30980393 0.2509804  0.21568628]  ...  [0.15294118 0.12156863 0.10980392]  [0.15686275 0.1254902  0.11372549]  [0.15686275 0.1254902  0.11372549]] [[0.29411766 0.23529412 0.2       ]  [0.29411766 0.23529412 0.2       ]  [0.3137255  0.25490198 0.21960784]  ...  [0.13333334 0.09803922 0.09019608]  [0.13333334 0.09803922 0.09019608]  [0.13333334 0.09803922 0.09019608]] [[0.29411766 0.23529412 0.2       ]  [0.29411766 0.23529412 0.2       ]  [0.3137255  0.25490198 0.21960784]  ...  [0.13333334 0.09803922 0.09019608]  [0.13333334 0.09803922 0.09019608]  [0.13333334 0.09803922 0.09019608]]]",8.272508993279189,42408,/home/amos/media/tv/Carnivale S01-S02 web 10bit hevc-d3g/Carnivale S02/Carnivale.S02E10.1080p.WEBRip.10Bit.EAC3.H265-d3g.mkv665,1080,1920,0,66,174,633,66,61236,0.03,"[[[0.5058824  0.4392157  0.40784314]  [0.5058824  0.4392157  0.40784314]  [0.50980395 0.4392157  0.40784314]  ...  [0.5568628  0.45882353 0.41960785]  [0.5568628  0.45882353 0.41960785]  [0.5568628  0.45882353 0.41960785]] [[0.5058824  0.4392157  0.40784314]  [0.5058824  0.4392157  0.40784314]  [0.50980395 0.4392157  0.40784314]  ...  [0.5568628  0.45882353 0.41960785]  [0.5568628  0.45882353 0.41960785]  [0.5568628  0.45882353 0.41960785]] [[0.49411765 0.42745098 0.39607844]  [0.49411765 0.42745098 0.39607844]  [0.49803922 0.42745098 0.39607844]  ...  [0.5568628  0.45882353 0.41960785]  [0.5568628  0.45882353 0.41960785]  [0.5568628  0.45882353 0.41960785]] ... [[0.28627452 0.20784314 0.15686275]  [0.28627452 0.20784314 0.15686275]  [0.2627451  0.18431373 0.13333334]  ...  [0.47058824 0.39215687 0.35686275]  [0.4745098  0.39607844 0.35686275]  [0.4745098  0.39607844 0.35686275]] [[0.29411766 0.21568628 0.16470589]  [0.29411766 0.21568628 0.16470589]  [0.26666668 0.1882353  0.13725491]  ...  [0.4392157  0.36078432 0.3254902 ]  [0.44313726 0.3647059  0.32941177]  [0.44313726 0.3647059  0.32941177]] [[0.29411766 0.21568628 0.16470589]  [0.29411766 0.21568628 0.16470589]  [0.26666668 0.1882353  0.13725491]  ...  [0.4392157  0.36078432 0.3254902 ]  [0.44313726 0.3647059  0.32941177]  [0.44313726 0.3647059  0.32941177]]]",8.05929603567347,42552,/home/amos/media/tv/Carnivale S01-S02 web 10bit hevc-d3g/Carnivale S02/Carnivale.S02E10.1080p.WEBRip.10Bit.EAC3.H265-d3g.mkv666,1080,1920,0,67,179,623,67,62272,0.03,"[[[0.5803922  0.4862745  0.42745098]  [0.5803922  0.4862745  0.42745098]  [0.58431375 0.49019608 0.43137255]  ...  [0.21960784 0.16862746 0.16862746]  [0.22352941 0.17254902 0.17254902]  [0.22352941 0.17254902 0.17254902]] [[0.5803922  0.4862745  0.42745098]  [0.5803922  0.4862745  0.42745098]  [0.58431375 0.49019608 0.43137255]  ...  [0.21960784 0.16862746 0.16862746]  [0.22352941 0.17254902 0.17254902]  [0.22352941 0.17254902 0.17254902]] [[0.5882353  0.49411765 0.43529412]  [0.5882353  0.49411765 0.43529412]  [0.5882353  0.49803922 0.4392157 ]  ...  [0.21568628 0.16470589 0.16470589]  [0.21960784 0.16862746 0.16862746]  [0.21960784 0.16862746 0.16862746]] ... [[0.3882353  0.3019608  0.25490198]  [0.3882353  0.3019608  0.25490198]  [0.38039216 0.29803923 0.24705882]  ...  [0.09019608 0.0627451  0.04313726]  [0.08627451 0.05882353 0.03921569]  [0.08627451 0.05882353 0.03921569]] [[0.38431373 0.29803923 0.2509804 ]  [0.38431373 0.29803923 0.2509804 ]  [0.3764706  0.2901961  0.24313726]  ...  [0.09019608 0.0627451  0.04313726]  [0.08627451 0.05882353 0.03921569]  [0.08627451 0.05882353 0.03921569]] [[0.38431373 0.29803923 0.2509804 ]  [0.38431373 0.29803923 0.2509804 ]  [0.3764706  0.2901961  0.24313726]  ...  [0.09019608 0.0627451  0.04313726]  [0.08627451 0.05882353 0.03921569]  [0.08627451 0.05882353 0.03921569]]]",7.332458040036727,42576,/home/amos/media/tv/Carnivale S01-S02 web 10bit hevc-d3g/Carnivale S02/Carnivale.S02E10.1080p.WEBRip.10Bit.EAC3.H265-d3g.mkv667,1080,1920,0,68,168,625,68,55700,0.027,"[[[0.49019608 0.36862746 0.34117648]  [0.49019608 0.36862746 0.34117648]  [0.49411765 0.3764706  0.3529412 ]  ...  [0.6313726  0.53333336 0.49019608]  [0.6313726  0.5254902  0.47843137]  [0.6313726  0.5254902  0.47843137]] [[0.49019608 0.36862746 0.34117648]  [0.49019608 0.36862746 0.34117648]  [0.49411765 0.38039216 0.3529412 ]  ...  [0.6313726  0.53333336 0.49019608]  [0.6313726  0.5254902  0.47843137]  [0.6313726  0.5254902  0.47843137]] [[0.49019608 0.36862746 0.34117648]  [0.49019608 0.36862746 0.34117648]  [0.49411765 0.3764706  0.34901962]  ...  [0.63529414 0.5372549  0.49411765]  [0.63529414 0.5294118  0.48235294]  [0.63529414 0.5294118  0.48235294]] ... [[0.6509804  0.5372549  0.48235294]  [0.6509804  0.5372549  0.48235294]  [0.65882355 0.5411765  0.4862745 ]  ...  [0.35686275 0.28235295 0.24705882]  [0.3647059  0.2901961  0.25490198]  [0.3647059  0.2901961  0.25490198]] [[0.6509804  0.53333336 0.47843137]  [0.6509804  0.53333336 0.47843137]  [0.654902   0.5372549  0.48235294]  ...  [0.31764707 0.24705882 0.21176471]  [0.3254902  0.2509804  0.21568628]  [0.3254902  0.2509804  0.21568628]] [[0.6509804  0.53333336 0.47843137]  [0.6509804  0.53333336 0.47843137]  [0.654902   0.5372549  0.4862745 ]  ...  [0.31764707 0.24705882 0.21176471]  [0.3254902  0.2509804  0.21568628]  [0.3254902  0.2509804  0.21568628]]]",7.599756075418554,42600,/home/amos/media/tv/Carnivale S01-S02 web 10bit hevc-d3g/Carnivale S02/Carnivale.S02E10.1080p.WEBRip.10Bit.EAC3.H265-d3g.mkv668,1080,1920,0,73,586,1514,73,739233,0.356,"[[[0.22745098 0.15686275 0.14901961]  [0.22745098 0.15686275 0.14901961]  [0.22352941 0.15294118 0.14509805]  ...  [0.07450981 0.02352941 0.02352941]  [0.07450981 0.02352941 0.02352941]  [0.07450981 0.02352941 0.02352941]] [[0.22745098 0.15686275 0.14901961]  [0.22745098 0.15686275 0.14901961]  [0.22352941 0.15294118 0.14509805]  ...  [0.07450981 0.02352941 0.02352941]  [0.07450981 0.02352941 0.02352941]  [0.07450981 0.02352941 0.02352941]] [[0.22352941 0.15294118 0.14509805]  [0.22352941 0.15294118 0.14509805]  [0.22352941 0.15294118 0.14509805]  ...  [0.07450981 0.02352941 0.02352941]  [0.07450981 0.02352941 0.02352941]  [0.07450981 0.02352941 0.02352941]] ... [[0.24705882 0.21568628 0.20784314]  [0.24705882 0.21568628 0.20784314]  [0.24313726 0.21176471 0.20392157]  ...  [0.09803922 0.05098039 0.03921569]  [0.09411765 0.05490196 0.03921569]  [0.09411765 0.05490196 0.03921569]] [[0.2509804  0.21960784 0.21176471]  [0.2509804  0.21960784 0.21176471]  [0.24313726 0.21176471 0.20392157]  ...  [0.09411765 0.05490196 0.03921569]  [0.09411765 0.05490196 0.03921569]  [0.09411765 0.05490196 0.03921569]] [[0.2509804  0.21960784 0.21176471]  [0.2509804  0.21960784 0.21176471]  [0.24313726 0.21176471 0.20392157]  ...  [0.09411765 0.05490196 0.03921569]  [0.09411765 0.05490196 0.03921569]  [0.09411765 0.05490196 0.03921569]]]",4.15297011466464,42672,/home/amos/media/tv/Carnivale S01-S02 web 10bit hevc-d3g/Carnivale S02/Carnivale.S02E10.1080p.WEBRip.10Bit.EAC3.H265-d3g.mkv669,1080,1920,0,239,542,1225,239,298758,0.144,"[[[0.4745098  0.4117647  0.38431373]  [0.46666667 0.4        0.37254903]  [0.53333336 0.46666667 0.4392157 ]  ...  [0.00392157 0.         0.        ]  [0.00392157 0.         0.        ]  [0.00392157 0.         0.        ]] [[0.45490196 0.39215687 0.36862746]  [0.47058824 0.40784314 0.38039216]  [0.54509807 0.4745098  0.44705883]  ...  [0.00392157 0.         0.        ]  [0.00392157 0.         0.        ]  [0.00392157 0.         0.        ]] [[0.43529412 0.37254903 0.3529412 ]  [0.4392157  0.3764706  0.34509805]  [0.5019608  0.4392157  0.40784314]  ...  [0.00392157 0.         0.        ]  [0.00392157 0.         0.        ]  [0.00392157 0.         0.        ]] ... [[0.84313726 0.75686276 0.69803923]  [0.8117647  0.72156864 0.6627451 ]  [0.79607844 0.7058824  0.6509804 ]  ...  [0.         0.         0.        ]  [0.         0.         0.        ]  [0.         0.         0.        ]] [[0.8392157  0.7529412  0.69411767]  [0.7882353  0.69411767 0.63529414]  [0.7411765  0.6509804  0.59607846]  ...  [0.         0.         0.        ]  [0.         0.         0.        ]  [0.         0.         0.        ]] [[0.81960785 0.73333335 0.6745098 ]  [0.7490196  0.65882355 0.6       ]  [0.6901961  0.6        0.5411765 ]  ...  [0.         0.         0.        ]  [0.         0.         0.        ]  [0.         0.         0.        ]]]",2.7604592104326002,42936,/home/amos/media/tv/Carnivale S01-S02 web 10bit hevc-d3g/Carnivale S02/Carnivale.S02E10.1080p.WEBRip.10Bit.EAC3.H265-d3g.mkv670,1080,1920,0,241,426,1211,241,179450,0.087,"[[[0.27450982 0.20392157 0.19607843]  [0.30588236 0.23529412 0.22745098]  [0.3254902  0.25490198 0.24705882]  ...  [0.         0.         0.        ]  [0.         0.         0.        ]  [0.         0.         0.        ]] [[0.27450982 0.20392157 0.19607843]  [0.31764707 0.24705882 0.23921569]  [0.33333334 0.2627451  0.25490198]  ...  [0.         0.         0.        ]  [0.         0.         0.        ]  [0.         0.         0.        ]] [[0.2784314  0.20784314 0.2       ]  [0.30980393 0.23921569 0.23137255]  [0.31764707 0.24705882 0.23921569]  ...  [0.         0.         0.        ]  [0.         0.         0.        ]  [0.         0.         0.        ]] ... [[0.21568628 0.16470589 0.15294118]  [0.2509804  0.2        0.1882353 ]  [0.2627451  0.21176471 0.2       ]  ...  [0.14117648 0.13725491 0.14901961]  [0.13333334 0.12941177 0.14117648]  [0.12156863 0.11764706 0.12941177]] [[0.2        0.14901961 0.13725491]  [0.22745098 0.1764706  0.16470589]  [0.24705882 0.19607843 0.18431373]  ...  [0.13725491 0.13333334 0.14509805]  [0.1254902  0.1254902  0.13333334]  [0.11372549 0.10980392 0.12156863]] [[0.2        0.14901961 0.13725491]  [0.20784314 0.15686275 0.14509805]  [0.21960784 0.16862746 0.15686275]  ...  [0.13333334 0.12941177 0.14117648]  [0.12156863 0.11764706 0.12941177]  [0.10588235 0.10196079 0.11372549]]]",0.9354570702998899,42960,/home/amos/media/tv/Carnivale S01-S02 web 10bit hevc-d3g/Carnivale S02/Carnivale.S02E10.1080p.WEBRip.10Bit.EAC3.H265-d3g.mkv671,1080,1920,0,274,133,715,274,62181,0.03,"[[[0.5764706  0.5058824  0.44705883]  [0.5019608  0.43529412 0.38431373]  [0.5529412  0.4862745  0.44313726]  ...  [0.2901961  0.27058825 0.27058825]  [0.2901961  0.27058825 0.27058825]  [0.29803923 0.2784314  0.2784314 ]] [[0.60784316 0.53333336 0.47843137]  [0.5137255  0.44705883 0.39607844]  [0.53333336 0.46666667 0.42352942]  ...  [0.30980393 0.2901961  0.2901961 ]  [0.30588236 0.28627452 0.28627452]  [0.30980393 0.2901961  0.2901961 ]] [[0.62352943 0.54901963 0.49411765]  [0.53333336 0.46666667 0.41568628]  [0.5254902  0.45882353 0.41568628]  ...  [0.30980393 0.2901961  0.2901961 ]  [0.32156864 0.3019608  0.3019608 ]  [0.3254902  0.30588236 0.30588236]] ... [[0.62352943 0.5411765  0.49019608]  [0.6156863  0.53333336 0.48235294]  [0.6156863  0.53333336 0.48235294]  ...  [0.15686275 0.11372549 0.09803922]  [0.13333334 0.09411765 0.07843138]  [0.13725491 0.09803922 0.08235294]] [[0.63529414 0.5529412  0.5019608 ]  [0.63529414 0.5529412  0.5019608 ]  [0.6313726  0.54901963 0.49803922]  ...  [0.18039216 0.14117648 0.1254902 ]  [0.15686275 0.11764706 0.10196079]  [0.1254902  0.08627451 0.07058824]] [[0.64705884 0.5647059  0.5137255 ]  [0.6509804  0.5686275  0.5176471 ]  [0.64705884 0.5647059  0.5137255 ]  ...  [0.1882353  0.14901961 0.13333334]  [0.18039216 0.14117648 0.1254902 ]  [0.15686275 0.11764706 0.10196079]]]",4.588027176621836,43032,/home/amos/media/tv/Carnivale S01-S02 web 10bit hevc-d3g/Carnivale S02/Carnivale.S02E10.1080p.WEBRip.10Bit.EAC3.H265-d3g.mkv672,1080,1920,1,96,664,934,96,475984,0.23,"[[[0.16862746 0.14117648 0.12156863]  [0.16470589 0.13725491 0.11372549]  [0.14901961 0.12156863 0.10196079]  ...  [0.05490196 0.03921569 0.05098039]  [0.05490196 0.03921569 0.05098039]  [0.05490196 0.03921569 0.05098039]] [[0.16862746 0.14117648 0.12156863]  [0.16078432 0.13333334 0.11372549]  [0.14901961 0.12156863 0.10196079]  ...  [0.05490196 0.03921569 0.05098039]  [0.05490196 0.03921569 0.05098039]  [0.05490196 0.03921569 0.05098039]] [[0.16470589 0.13725491 0.11764706]  [0.16078432 0.13333334 0.10980392]  [0.14509805 0.11764706 0.09803922]  ...  [0.05490196 0.03921569 0.05098039]  [0.05490196 0.03921569 0.05098039]  [0.05490196 0.03921569 0.05098039]] ... [[0.1254902  0.09019608 0.09803922]  [0.12941177 0.09019608 0.10196079]  [0.12941177 0.09411765 0.10196079]  ...  [0.12156863 0.10196079 0.11764706]  [0.12156863 0.10196079 0.11764706]  [0.12156863 0.10196079 0.11764706]] [[0.1254902  0.09019608 0.09803922]  [0.1254902  0.09019608 0.09803922]  [0.1254902  0.09019608 0.09803922]  ...  [0.12156863 0.10196079 0.11372549]  [0.1254902  0.10588235 0.11764706]  [0.1254902  0.10588235 0.11764706]] [[0.1254902  0.09019608 0.09803922]  [0.1254902  0.09019608 0.09803922]  [0.12941177 0.09019608 0.10196079]  ...  [0.12156863 0.10196079 0.11372549]  [0.1254902  0.10588235 0.11764706]  [0.1254902  0.10588235 0.11764706]]]",1.2551040865364484,43032,/home/amos/media/tv/Carnivale S01-S02 web 10bit hevc-d3g/Carnivale S02/Carnivale.S02E10.1080p.WEBRip.10Bit.EAC3.H265-d3g.mkv673,1080,1920,0,256,149,774,256,55426,0.027,"[[[0.47058824 0.42352942 0.4       ]  [0.46666667 0.41960785 0.39607844]  [0.4627451  0.4117647  0.3882353 ]  ...  [0.3372549  0.3372549  0.34509805]  [0.25882354 0.25490198 0.25490198]  [0.20392157 0.2        0.2       ]] [[0.43529412 0.3882353  0.3647059 ]  [0.42745098 0.38431373 0.36078432]  [0.42745098 0.38039216 0.35686275]  ...  [0.3372549  0.3372549  0.34117648]  [0.25882354 0.25490198 0.25490198]  [0.2        0.19607843 0.19607843]] [[0.41568628 0.36862746 0.34901962]  [0.40392157 0.35686275 0.33333334]  [0.40392157 0.35686275 0.33333334]  ...  [0.31764707 0.31764707 0.32156864]  [0.24313726 0.23921569 0.23921569]  [0.1882353  0.18431373 0.18039216]] ... [[0.30980393 0.2784314  0.25882354]  [0.3137255  0.28627452 0.26666668]  [0.32156864 0.2901961  0.26666668]  ...  [0.59607846 0.5137255  0.45882353]  [0.59607846 0.5137255  0.45490196]  [0.59607846 0.5137255  0.45490196]] [[0.31764707 0.28235295 0.25882354]  [0.3254902  0.2901961  0.26666668]  [0.3254902  0.2901961  0.2627451 ]  ...  [0.5882353  0.5058824  0.44313726]  [0.58431375 0.5019608  0.4392157 ]  [0.58431375 0.49803922 0.43529412]] [[0.34117648 0.30588236 0.28235295]  [0.34117648 0.30588236 0.2784314 ]  [0.33333334 0.29803923 0.27058825]  ...  [0.5921569  0.5058824  0.4392157 ]  [0.58431375 0.5019608  0.43529412]  [0.58431375 0.5019608  0.43529412]]]",4.637257168418728,43176,/home/amos/media/tv/Carnivale S01-S02 web 10bit hevc-d3g/Carnivale S02/Carnivale.S02E10.1080p.WEBRip.10Bit.EAC3.H265-d3g.mkv674,1080,1920,0,79,542,628,79,254187,0.123,"[[[0.         0.         0.        ]  [0.         0.         0.        ]  [0.         0.         0.        ]  ...  [0.12941177 0.10980392 0.10588235]  [0.1254902  0.10588235 0.10196079]  [0.1254902  0.10588235 0.10196079]] [[0.         0.         0.        ]  [0.         0.         0.        ]  [0.         0.         0.        ]  ...  [0.12941177 0.10980392 0.10588235]  [0.1254902  0.10588235 0.10196079]  [0.1254902  0.10588235 0.10196079]] [[0.         0.         0.        ]  [0.         0.         0.        ]  [0.         0.         0.        ]  ...  [0.13333334 0.10588235 0.10588235]  [0.1254902  0.10196079 0.10196079]  [0.1254902  0.10196079 0.10196079]] ... [[0.28235295 0.2509804  0.24705882]  [0.28235295 0.2509804  0.24705882]  [0.28235295 0.24705882 0.24705882]  ...  [0.15294118 0.11764706 0.10196079]  [0.14901961 0.11372549 0.09803922]  [0.14901961 0.11372549 0.09803922]] [[0.2784314  0.24705882 0.24313726]  [0.2784314  0.24705882 0.24313726]  [0.2784314  0.24705882 0.24313726]  ...  [0.15294118 0.11764706 0.10196079]  [0.14901961 0.11372549 0.09803922]  [0.14901961 0.11372549 0.09803922]] [[0.2784314  0.24705882 0.24313726]  [0.2784314  0.24705882 0.24313726]  [0.2784314  0.24705882 0.24313726]  ...  [0.15294118 0.11764706 0.10196079]  [0.14901961 0.11372549 0.09803922]  [0.14901961 0.11372549 0.09803922]]]",7.182079974038061,43296,/home/amos/media/tv/Carnivale S01-S02 web 10bit hevc-d3g/Carnivale S02/Carnivale.S02E10.1080p.WEBRip.10Bit.EAC3.H265-d3g.mkv675,1080,1920,0,152,633,852,152,336700,0.162,"[[[0.3372549  0.27450982 0.23529412]  [0.3529412  0.2901961  0.2509804 ]  [0.37254903 0.3137255  0.27058825]  ...  [0.24705882 0.20392157 0.16078432]  [0.24313726 0.2        0.16078432]  [0.24313726 0.2        0.15686275]] [[0.3372549  0.27450982 0.23529412]  [0.34901962 0.28627452 0.24705882]  [0.36862746 0.30588236 0.26666668]  ...  [0.24705882 0.20392157 0.16078432]  [0.24313726 0.2        0.15686275]  [0.23921569 0.19607843 0.15294118]] [[0.3372549  0.27450982 0.23529412]  [0.34509805 0.28235295 0.24313726]  [0.36078432 0.29803923 0.25882354]  ...  [0.24705882 0.20392157 0.16078432]  [0.24313726 0.2        0.15686275]  [0.23921569 0.19607843 0.15294118]] ... [[0.4        0.34509805 0.30588236]  [0.40392157 0.34901962 0.30980393]  [0.4117647  0.35686275 0.31764707]  ...  [0.         0.         0.        ]  [0.         0.         0.        ]  [0.         0.         0.        ]] [[0.40392157 0.34901962 0.30980393]  [0.40392157 0.34901962 0.30980393]  [0.40784314 0.3529412  0.3137255 ]  ...  [0.         0.         0.        ]  [0.         0.         0.        ]  [0.         0.         0.        ]] [[0.4        0.34509805 0.30588236]  [0.4        0.34509805 0.30588236]  [0.4        0.34509805 0.30588236]  ...  [0.         0.         0.        ]  [0.         0.         0.        ]  [0.         0.         0.        ]]]",4.194122093671467,43440,/home/amos/media/tv/Carnivale S01-S02 web 10bit hevc-d3g/Carnivale S02/Carnivale.S02E10.1080p.WEBRip.10Bit.EAC3.H265-d3g.mkv676,1080,1920,0,60,386,1089,60,335454,0.162,"[[[0.3529412  0.30588236 0.2627451 ]  [0.3529412  0.30588236 0.2627451 ]  [0.3529412  0.30588236 0.2627451 ]  ...  [0.29803923 0.2509804  0.20784314]  [0.29803923 0.2509804  0.20784314]  [0.29803923 0.2509804  0.20784314]] [[0.3529412  0.30588236 0.2627451 ]  [0.3529412  0.30588236 0.2627451 ]  [0.3529412  0.30588236 0.2627451 ]  ...  [0.29803923 0.2509804  0.20784314]  [0.29803923 0.2509804  0.20784314]  [0.29803923 0.2509804  0.20784314]] [[0.3529412  0.30588236 0.2627451 ]  [0.3529412  0.30588236 0.2627451 ]  [0.3529412  0.30588236 0.2627451 ]  ...  [0.29803923 0.2509804  0.20784314]  [0.29803923 0.2509804  0.20784314]  [0.29803923 0.2509804  0.20784314]] ... [[0.19607843 0.15294118 0.11764706]  [0.19607843 0.15294118 0.11764706]  [0.19607843 0.15294118 0.11764706]  ...  [0.20392157 0.16078432 0.12156863]  [0.20392157 0.16078432 0.12156863]  [0.20392157 0.16078432 0.12156863]] [[0.19607843 0.15294118 0.11764706]  [0.19607843 0.15294118 0.11764706]  [0.19607843 0.15294118 0.11372549]  ...  [0.20392157 0.16078432 0.12156863]  [0.20392157 0.16078432 0.12156863]  [0.20392157 0.16078432 0.12156863]] [[0.19607843 0.15294118 0.11764706]  [0.19607843 0.15294118 0.11764706]  [0.19607843 0.15294118 0.11764706]  ...  [0.20392157 0.16078432 0.12156863]  [0.20392157 0.16078432 0.12156863]  [0.20392157 0.16078432 0.12156863]]]",5.1362960917758755,43464,/home/amos/media/tv/Carnivale S01-S02 web 10bit hevc-d3g/Carnivale S02/Carnivale.S02E10.1080p.WEBRip.10Bit.EAC3.H265-d3g.mkv677,1080,1920,0,279,132,376,279,14259,0.007,"[[[0.21176471 0.16862746 0.11372549]  [0.21176471 0.16862746 0.11372549]  [0.21176471 0.16862746 0.11372549]  ...  [0.62352943 0.5411765  0.47843137]  [0.6313726  0.54901963 0.4862745 ]  [0.627451   0.54509807 0.47843137]] [[0.21176471 0.16862746 0.11372549]  [0.21176471 0.16862746 0.11372549]  [0.21176471 0.16862746 0.11372549]  ...  [0.6156863  0.53333336 0.47058824]  [0.63529414 0.5529412  0.49019608]  [0.6392157  0.5568628  0.49019608]] [[0.21568628 0.17254902 0.11764706]  [0.21568628 0.17254902 0.11764706]  [0.21568628 0.17254902 0.11372549]  ...  [0.6117647  0.5294118  0.46666667]  [0.627451   0.54509807 0.48235294]  [0.6313726  0.54901963 0.4862745 ]] ... [[0.39215687 0.34509805 0.29803923]  [0.39215687 0.34509805 0.29803923]  [0.37254903 0.3254902  0.2784314 ]  ...  [0.5686275  0.4862745  0.43529412]  [0.5529412  0.47058824 0.41960785]  [0.5529412  0.47058824 0.41960785]] [[0.39215687 0.34509805 0.29803923]  [0.39215687 0.34117648 0.29411766]  [0.38431373 0.3372549  0.2901961 ]  ...  [0.5411765  0.4745098  0.41960785]  [0.5176471  0.44705883 0.3882353 ]  [0.5294118  0.45490196 0.4       ]] [[0.3764706  0.32941177 0.28235295]  [0.39215687 0.34509805 0.29803923]  [0.40392157 0.35686275 0.30980393]  ...  [0.46666667 0.40392157 0.34509805]  [0.4392157  0.37254903 0.3137255 ]  [0.4627451  0.39215687 0.3372549 ]]]",5.154861127433833,43488,/home/amos/media/tv/Carnivale S01-S02 web 10bit hevc-d3g/Carnivale S02/Carnivale.S02E10.1080p.WEBRip.10Bit.EAC3.H265-d3g.mkv678,1080,1920,1,62,412,1089,62,359450,0.173,"[[[0.32941177 0.28235295 0.23921569]  [0.32941177 0.28235295 0.23921569]  [0.32941177 0.2784314  0.23529412]  ...  [0.28627452 0.23137255 0.19607843]  [0.28627452 0.23137255 0.19607843]  [0.28627452 0.23137255 0.19607843]] [[0.32941177 0.28235295 0.23921569]  [0.32941177 0.28235295 0.23921569]  [0.32941177 0.28235295 0.23529412]  ...  [0.28627452 0.23137255 0.19607843]  [0.28627452 0.23137255 0.19607843]  [0.28627452 0.23137255 0.19607843]] [[0.3254902  0.2784314  0.23921569]  [0.3254902  0.2784314  0.23921569]  [0.3254902  0.2784314  0.23529412]  ...  [0.28627452 0.23137255 0.19607843]  [0.28627452 0.23137255 0.19607843]  [0.28627452 0.23137255 0.19607843]] ... [[0.1764706  0.12941177 0.10196079]  [0.1764706  0.12941177 0.10196079]  [0.1764706  0.12941177 0.10196079]  ...  [0.18431373 0.14901961 0.12156863]  [0.18431373 0.14901961 0.12156863]  [0.18431373 0.14901961 0.12156863]] [[0.1764706  0.13333334 0.10196079]  [0.1764706  0.13333334 0.10196079]  [0.1764706  0.13333334 0.10196079]  ...  [0.18431373 0.14901961 0.12156863]  [0.18431373 0.14901961 0.12156863]  [0.18431373 0.14901961 0.12156863]] [[0.1764706  0.13333334 0.10196079]  [0.1764706  0.13333334 0.10196079]  [0.1764706  0.13333334 0.10196079]  ...  [0.18431373 0.14901961 0.12156863]  [0.18431373 0.14901961 0.12156863]  [0.18431373 0.14901961 0.12156863]]]",6.492904086713679,43488,/home/amos/media/tv/Carnivale S01-S02 web 10bit hevc-d3g/Carnivale S02/Carnivale.S02E10.1080p.WEBRip.10Bit.EAC3.H265-d3g.mkv679,1080,1920,0,284,97,323,284,7293,0.004,"[[[0.21960784 0.17254902 0.12156863]  [0.21568628 0.16862746 0.11764706]  [0.20784314 0.16078432 0.10980392]  ...  [0.5882353  0.5019608  0.4392157 ]  [0.59607846 0.50980395 0.44705883]  [0.         0.         0.        ]] [[0.21568628 0.17254902 0.11764706]  [0.21176471 0.16862746 0.11372549]  [0.20392157 0.16078432 0.10588235]  ...  [0.6        0.5137255  0.4509804 ]  [0.6        0.5137255  0.4509804 ]  [0.         0.         0.        ]] [[0.21568628 0.17254902 0.11372549]  [0.20784314 0.16470589 0.10588235]  [0.2        0.15686275 0.09803922]  ...  [0.6039216  0.5176471  0.45490196]  [0.6039216  0.5176471  0.45490196]  [0.         0.         0.        ]] ... [[0.39607844 0.34117648 0.3019608 ]  [0.39607844 0.34117648 0.3019608 ]  [0.3764706  0.32156864 0.28235295]  ...  [0.6117647  0.5372549  0.47843137]  [0.60784316 0.5372549  0.4745098 ]  [0.         0.         0.        ]] [[0.36862746 0.31764707 0.27450982]  [0.40784314 0.3529412  0.3137255 ]  [0.38039216 0.32156864 0.28627452]  ...  [0.61960787 0.54509807 0.4862745 ]  [0.6039216  0.5294118  0.47058824]  [0.         0.         0.        ]] [[0.         0.         0.        ]  [0.         0.         0.        ]  [0.         0.         0.        ]  ...  [0.         0.         0.        ]  [0.         0.         0.        ]  [0.         0.         0.        ]]]",5.169862101669423,43512,/home/amos/media/tv/Carnivale S01-S02 web 10bit hevc-d3g/Carnivale S02/Carnivale.S02E10.1080p.WEBRip.10Bit.EAC3.H265-d3g.mkv680,1080,1920,1,72,397,1099,72,333775,0.161,"[[[0.34509805 0.28627452 0.24313726]  [0.34509805 0.28627452 0.24313726]  [0.34509805 0.28627452 0.24313726]  ...  [0.31764707 0.25882354 0.21568628]  [0.31764707 0.25882354 0.21568628]  [0.31764707 0.25882354 0.21568628]] [[0.34509805 0.28627452 0.24313726]  [0.34509805 0.28627452 0.24313726]  [0.34509805 0.28627452 0.24313726]  ...  [0.3137255  0.25882354 0.21176471]  [0.31764707 0.25882354 0.21568628]  [0.31764707 0.25882354 0.21568628]] [[0.3372549  0.2784314  0.23529412]  [0.3372549  0.2784314  0.23529412]  [0.34117648 0.2784314  0.23529412]  ...  [0.3137255  0.25490198 0.21176471]  [0.3137255  0.25490198 0.21176471]  [0.3137255  0.25490198 0.21176471]] ... [[0.2        0.15294118 0.11764706]  [0.2        0.15294118 0.11764706]  [0.2        0.15294118 0.11764706]  ...  [0.21568628 0.16862746 0.12941177]  [0.21568628 0.16862746 0.12941177]  [0.21568628 0.16862746 0.12941177]] [[0.2        0.15294118 0.11764706]  [0.2        0.15294118 0.11764706]  [0.2        0.15294118 0.11764706]  ...  [0.21176471 0.16862746 0.12941177]  [0.21568628 0.16862746 0.12941177]  [0.21568628 0.16862746 0.12941177]] [[0.2        0.15294118 0.11764706]  [0.2        0.15294118 0.11764706]  [0.2        0.15294118 0.11764706]  ...  [0.21568628 0.16470589 0.12941177]  [0.21568628 0.16862746 0.12941177]  [0.21568628 0.16862746 0.12941177]]]",4.6246640718891285,43512,/home/amos/media/tv/Carnivale S01-S02 web 10bit hevc-d3g/Carnivale S02/Carnivale.S02E10.1080p.WEBRip.10Bit.EAC3.H265-d3g.mkv681,1080,1920,0,76,389,1116,76,325520,0.157,"[[[0.3647059  0.30980393 0.25882354]  [0.3647059  0.30980393 0.25882354]  [0.37254903 0.31764707 0.26666668]  ...  [0.32941177 0.26666668 0.21960784]  [0.32941177 0.2627451  0.21960784]  [0.32941177 0.2627451  0.21960784]] [[0.3647059  0.30980393 0.25882354]  [0.3647059  0.30980393 0.25882354]  [0.37254903 0.31764707 0.26666668]  ...  [0.33333334 0.26666668 0.22352941]  [0.32941177 0.2627451  0.21960784]  [0.32941177 0.2627451  0.21960784]] [[0.3647059  0.30588236 0.25882354]  [0.3647059  0.30980393 0.25882354]  [0.36862746 0.3137255  0.2627451 ]  ...  [0.33333334 0.26666668 0.22352941]  [0.33333334 0.26666668 0.22352941]  [0.33333334 0.26666668 0.22352941]] ... [[0.20784314 0.16078432 0.12156863]  [0.20784314 0.16078432 0.12156863]  [0.20784314 0.16078432 0.12156863]  ...  [0.20784314 0.16078432 0.1254902 ]  [0.20392157 0.15686275 0.1254902 ]  [0.20392157 0.15686275 0.1254902 ]] [[0.21176471 0.16470589 0.1254902 ]  [0.21176471 0.16470589 0.1254902 ]  [0.20784314 0.16470589 0.1254902 ]  ...  [0.20784314 0.16078432 0.1254902 ]  [0.20784314 0.16078432 0.1254902 ]  [0.20784314 0.16078432 0.1254902 ]] [[0.21176471 0.16470589 0.1254902 ]  [0.21176471 0.16470589 0.1254902 ]  [0.20784314 0.16470589 0.12156863]  ...  [0.20784314 0.16078432 0.1254902 ]  [0.20784314 0.16078432 0.1254902 ]  [0.20784314 0.16078432 0.1254902 ]]]",6.246160117094405,43536,/home/amos/media/tv/Carnivale S01-S02 web 10bit hevc-d3g/Carnivale S02/Carnivale.S02E10.1080p.WEBRip.10Bit.EAC3.H265-d3g.mkv682,1080,1920,0,88,378,1135,88,303630,0.146,"[[[0.3882353  0.3254902  0.2784314 ]  [0.3882353  0.3254902  0.2784314 ]  [0.39215687 0.32941177 0.28235295]  ...  [0.32156864 0.25882354 0.21568628]  [0.3254902  0.26666668 0.21960784]  [0.3254902  0.26666668 0.22352941]] [[0.3882353  0.3254902  0.2784314 ]  [0.3882353  0.3254902  0.2784314 ]  [0.39215687 0.32941177 0.28235295]  ...  [0.31764707 0.25882354 0.21568628]  [0.3254902  0.2627451  0.21960784]  [0.3254902  0.26666668 0.22352941]] [[0.38431373 0.32156864 0.27450982]  [0.3882353  0.3254902  0.2784314 ]  [0.39215687 0.3254902  0.28235295]  ...  [0.31764707 0.25882354 0.21568628]  [0.32156864 0.2627451  0.21960784]  [0.32156864 0.2627451  0.21960784]] ... [[0.22352941 0.16862746 0.13333334]  [0.22745098 0.17254902 0.13333334]  [0.22352941 0.16862746 0.13333334]  ...  [0.20392157 0.15686275 0.11764706]  [0.2        0.15686275 0.11764706]  [0.2        0.15294118 0.11372549]] [[0.23137255 0.1764706  0.14117648]  [0.23137255 0.1764706  0.13725491]  [0.22745098 0.17254902 0.13725491]  ...  [0.20392157 0.15686275 0.11764706]  [0.20392157 0.15686275 0.11764706]  [0.20392157 0.15686275 0.11764706]] [[0.23137255 0.1764706  0.14117648]  [0.23137255 0.1764706  0.14117648]  [0.22745098 0.17254902 0.13725491]  ...  [0.20392157 0.15686275 0.11764706]  [0.20392157 0.15686275 0.11764706]  [0.20392157 0.15686275 0.11764706]]]",5.185590909735765,43560,/home/amos/media/tv/Carnivale S01-S02 web 10bit hevc-d3g/Carnivale S02/Carnivale.S02E10.1080p.WEBRip.10Bit.EAC3.H265-d3g.mkv683,1080,1920,0,108,159,1571,108,74613,0.036,"[[[0.54509807 0.52156866 0.49019608]  [0.54509807 0.52156866 0.49019608]  [0.54509807 0.52156866 0.49019608]  ...  [0.2509804  0.27450982 0.23137255]  [0.2509804  0.27058825 0.22745098]  [0.2509804  0.27058825 0.22745098]] [[0.5411765  0.52156866 0.4862745 ]  [0.5411765  0.52156866 0.4862745 ]  [0.5411765  0.52156866 0.49019608]  ...  [0.25490198 0.27450982 0.23137255]  [0.2509804  0.27450982 0.22745098]  [0.2509804  0.27058825 0.22745098]] [[0.5372549  0.5176471  0.4862745 ]  [0.5372549  0.5176471  0.4862745 ]  [0.5411765  0.5176471  0.4862745 ]  ...  [0.25882354 0.2784314  0.23529412]  [0.25490198 0.27450982 0.23137255]  [0.25490198 0.27450982 0.23137255]] ... [[0.         0.         0.        ]  [0.         0.         0.        ]  [0.         0.         0.        ]  ...  [0.3137255  0.3137255  0.28627452]  [0.3254902  0.3254902  0.29803923]  [0.33333334 0.33333334 0.30588236]] [[0.         0.         0.        ]  [0.         0.         0.        ]  [0.         0.         0.        ]  ...  [0.32156864 0.32156864 0.29411766]  [0.33333334 0.33333334 0.30588236]  [0.3372549  0.3372549  0.30980393]] [[0.         0.         0.        ]  [0.         0.         0.        ]  [0.         0.         0.        ]  ...  [0.3254902  0.3254902  0.29803923]  [0.3372549  0.33333334 0.30980393]  [0.34117648 0.34117648 0.3137255 ]]]",6.543781051703263,43632,/home/amos/media/tv/Carnivale S01-S02 web 10bit hevc-d3g/Carnivale S02/Carnivale.S02E10.1080p.WEBRip.10Bit.EAC3.H265-d3g.mkv684,1080,1920,0,76,169,1070,76,92442,0.045,"[[[0.39607844 0.35686275 0.3019608 ]  [0.39607844 0.35686275 0.3019608 ]  [0.39607844 0.35686275 0.3019608 ]  ...  [0.07450981 0.         0.        ]  [0.07450981 0.         0.        ]  [0.07450981 0.         0.        ]] [[0.39607844 0.35686275 0.3019608 ]  [0.39607844 0.35686275 0.3019608 ]  [0.39607844 0.35686275 0.3019608 ]  ...  [0.07450981 0.         0.        ]  [0.07450981 0.         0.        ]  [0.07450981 0.         0.        ]] [[0.39607844 0.35686275 0.3019608 ]  [0.39607844 0.35686275 0.3019608 ]  [0.39607844 0.35686275 0.3019608 ]  ...  [0.07450981 0.         0.        ]  [0.07450981 0.         0.        ]  [0.07450981 0.         0.        ]] ... [[0.38039216 0.32941177 0.27058825]  [0.38039216 0.32941177 0.27058825]  [0.37254903 0.32156864 0.2627451 ]  ...  [0.28627452 0.29803923 0.3019608 ]  [0.28627452 0.29803923 0.3019608 ]  [0.28627452 0.29803923 0.3019608 ]] [[0.39215687 0.34117648 0.28235295]  [0.39215687 0.34117648 0.28235295]  [0.38039216 0.32941177 0.27058825]  ...  [0.2901961  0.29803923 0.3019608 ]  [0.2901961  0.3019608  0.30588236]  [0.2901961  0.3019608  0.30588236]] [[0.39215687 0.34117648 0.28235295]  [0.39215687 0.34117648 0.28235295]  [0.38039216 0.32941177 0.27058825]  ...  [0.2901961  0.3019608  0.3019608 ]  [0.2901961  0.3019608  0.30588236]  [0.2901961  0.3019608  0.30588236]]]",3.2345290441880934,43656,/home/amos/media/tv/Carnivale S01-S02 web 10bit hevc-d3g/Carnivale S02/Carnivale.S02E10.1080p.WEBRip.10Bit.EAC3.H265-d3g.mkv685,1080,1920,0,282,126,976,282,108264,0.052,"[[[0. 0. 0.]  [0. 0. 0.]  [0. 0. 0.]  ...  [0. 0. 0.]  [0. 0. 0.]  [0. 0. 0.]] [[0. 0. 0.]  [0. 0. 0.]  [0. 0. 0.]  ...  [0. 0. 0.]  [0. 0. 0.]  [0. 0. 0.]] [[0. 0. 0.]  [0. 0. 0.]  [0. 0. 0.]  ...  [0. 0. 0.]  [0. 0. 0.]  [0. 0. 0.]] ... [[0. 0. 0.]  [0. 0. 0.]  [0. 0. 0.]  ...  [0. 0. 0.]  [0. 0. 0.]  [0. 0. 0.]] [[0. 0. 0.]  [0. 0. 0.]  [0. 0. 0.]  ...  [0. 0. 0.]  [0. 0. 0.]  [0. 0. 0.]] [[0. 0. 0.]  [0. 0. 0.]  [0. 0. 0.]  ...  [0. 0. 0.]  [0. 0. 0.]  [0. 0. 0.]]]",10.074058141966816,43680,/home/amos/media/tv/Carnivale S01-S02 web 10bit hevc-d3g/Carnivale S02/Carnivale.S02E10.1080p.WEBRip.10Bit.EAC3.H265-d3g.mkv686,1080,1920,0,57,607,26,57,17050,0.008,"[[[0.35686275 0.32941177 0.32156864]  [0.35686275 0.32941177 0.32156864]  [0.35686275 0.32941177 0.32156864]  ...  [0.1882353  0.16078432 0.15686275]  [0.1882353  0.16078432 0.15686275]  [0.1882353  0.16078432 0.15686275]] [[0.35686275 0.32941177 0.32156864]  [0.35686275 0.32941177 0.32156864]  [0.35686275 0.32941177 0.32156864]  ...  [0.1882353  0.16078432 0.15686275]  [0.1882353  0.16078432 0.15686275]  [0.1882353  0.16078432 0.15686275]] [[0.36078432 0.33333334 0.3254902 ]  [0.36078432 0.33333334 0.3254902 ]  [0.35686275 0.33333334 0.32156864]  ...  [0.1882353  0.16078432 0.15686275]  [0.1882353  0.16078432 0.15686275]  [0.1882353  0.16078432 0.15686275]] ... [[0.4627451  0.41960785 0.38431373]  [0.4627451  0.41960785 0.38431373]  [0.4627451  0.41960785 0.38431373]  ...  [0.3019608  0.27450982 0.25882354]  [0.3019608  0.27450982 0.25882354]  [0.3019608  0.27450982 0.25882354]] [[0.4627451  0.41960785 0.38431373]  [0.4627451  0.41960785 0.38431373]  [0.4627451  0.41960785 0.38431373]  ...  [0.3019608  0.27450982 0.25882354]  [0.3019608  0.27450982 0.25882354]  [0.3019608  0.27450982 0.25882354]] [[0.4627451  0.41960785 0.38431373]  [0.4627451  0.41960785 0.38431373]  [0.4627451  0.41960785 0.38431373]  ...  [0.3019608  0.27450982 0.25882354]  [0.3019608  0.27450982 0.25882354]  [0.3019608  0.27450982 0.25882354]]]",0.7317861294723116,43728,/home/amos/media/tv/Carnivale S01-S02 web 10bit hevc-d3g/Carnivale S02/Carnivale.S02E10.1080p.WEBRip.10Bit.EAC3.H265-d3g.mkv687,1080,1920,0,85,804,1719,85,1174846,0.567,"[[[0.46666667 0.45490196 0.43137255]  [0.46666667 0.45490196 0.43137255]  [0.46666667 0.45490196 0.43137255]  ...  [0.08627451 0.07843138 0.07058824]  [0.08627451 0.07843138 0.07058824]  [0.08627451 0.07843138 0.07058824]] [[0.46666667 0.45490196 0.43137255]  [0.46666667 0.45490196 0.43137255]  [0.46666667 0.45490196 0.43137255]  ...  [0.08627451 0.07843138 0.07058824]  [0.08627451 0.07843138 0.07058824]  [0.08627451 0.07843138 0.07058824]] [[0.4627451  0.4509804  0.42745098]  [0.4627451  0.4509804  0.42745098]  [0.46666667 0.45490196 0.43137255]  ...  [0.08627451 0.07843138 0.07058824]  [0.08627451 0.07843138 0.07058824]  [0.08627451 0.07843138 0.07058824]] ... [[0.47058824 0.45490196 0.42745098]  [0.47058824 0.45490196 0.42745098]  [0.47058824 0.45490196 0.42745098]  ...  [0.23529412 0.21568628 0.21568628]  [0.23529412 0.21568628 0.21568628]  [0.23529412 0.21568628 0.21568628]] [[0.47058824 0.45490196 0.42745098]  [0.47058824 0.45490196 0.42745098]  [0.47058824 0.45490196 0.42745098]  ...  [0.23921569 0.22352941 0.21960784]  [0.23921569 0.22352941 0.21960784]  [0.23921569 0.22352941 0.21960784]] [[0.47058824 0.45490196 0.42745098]  [0.47058824 0.45490196 0.42745098]  [0.47058824 0.45490196 0.42745098]  ...  [0.23921569 0.22352941 0.21960784]  [0.23921569 0.22352941 0.21960784]  [0.23921569 0.22352941 0.21960784]]]",-0.2230309645528905,43752,/home/amos/media/tv/Carnivale S01-S02 web 10bit hevc-d3g/Carnivale S02/Carnivale.S02E10.1080p.WEBRip.10Bit.EAC3.H265-d3g.mkv688,1080,1920,0,287,137,1016,287,109350,0.053,"[[[0. 0. 0.]  [0. 0. 0.]  [0. 0. 0.]  ...  [0. 0. 0.]  [0. 0. 0.]  [0. 0. 0.]] [[0. 0. 0.]  [0. 0. 0.]  [0. 0. 0.]  ...  [0. 0. 0.]  [0. 0. 0.]  [0. 0. 0.]] [[0. 0. 0.]  [0. 0. 0.]  [0. 0. 0.]  ...  [0. 0. 0.]  [0. 0. 0.]  [0. 0. 0.]] ... [[0. 0. 0.]  [0. 0. 0.]  [0. 0. 0.]  ...  [0. 0. 0.]  [0. 0. 0.]  [0. 0. 0.]] [[0. 0. 0.]  [0. 0. 0.]  [0. 0. 0.]  ...  [0. 0. 0.]  [0. 0. 0.]  [0. 0. 0.]] [[0. 0. 0.]  [0. 0. 0.]  [0. 0. 0.]  ...  [0. 0. 0.]  [0. 0. 0.]  [0. 0. 0.]]]",8.89457113732351,43776,/home/amos/media/tv/Carnivale S01-S02 web 10bit hevc-d3g/Carnivale S02/Carnivale.S02E10.1080p.WEBRip.10Bit.EAC3.H265-d3g.mkv689,1080,1920,0,291,136,1014,291,112065,0.054,"[[[0. 0. 0.]  [0. 0. 0.]  [0. 0. 0.]  ...  [0. 0. 0.]  [0. 0. 0.]  [0. 0. 0.]] [[0. 0. 0.]  [0. 0. 0.]  [0. 0. 0.]  ...  [0. 0. 0.]  [0. 0. 0.]  [0. 0. 0.]] [[0. 0. 0.]  [0. 0. 0.]  [0. 0. 0.]  ...  [0. 0. 0.]  [0. 0. 0.]  [0. 0. 0.]] ... [[0. 0. 0.]  [0. 0. 0.]  [0. 0. 0.]  ...  [0. 0. 0.]  [0. 0. 0.]  [0. 0. 0.]] [[0. 0. 0.]  [0. 0. 0.]  [0. 0. 0.]  ...  [0. 0. 0.]  [0. 0. 0.]  [0. 0. 0.]] [[0. 0. 0.]  [0. 0. 0.]  [0. 0. 0.]  ...  [0. 0. 0.]  [0. 0. 0.]  [0. 0. 0.]]]",8.89457113732351,43800,/home/amos/media/tv/Carnivale S01-S02 web 10bit hevc-d3g/Carnivale S02/Carnivale.S02E10.1080p.WEBRip.10Bit.EAC3.H265-d3g.mkv690,1080,1920,0,293,138,1015,293,111910,0.054,"[[[0. 0. 0.]  [0. 0. 0.]  [0. 0. 0.]  ...  [0. 0. 0.]  [0. 0. 0.]  [0. 0. 0.]] [[0. 0. 0.]  [0. 0. 0.]  [0. 0. 0.]  ...  [0. 0. 0.]  [0. 0. 0.]  [0. 0. 0.]] [[0. 0. 0.]  [0. 0. 0.]  [0. 0. 0.]  ...  [0. 0. 0.]  [0. 0. 0.]  [0. 0. 0.]] ... [[0. 0. 0.]  [0. 0. 0.]  [0. 0. 0.]  ...  [0. 0. 0.]  [0. 0. 0.]  [0. 0. 0.]] [[0. 0. 0.]  [0. 0. 0.]  [0. 0. 0.]  ...  [0. 0. 0.]  [0. 0. 0.]  [0. 0. 0.]] [[0. 0. 0.]  [0. 0. 0.]  [0. 0. 0.]  ...  [0. 0. 0.]  [0. 0. 0.]  [0. 0. 0.]]]",9.43197211966617,43824,/home/amos/media/tv/Carnivale S01-S02 web 10bit hevc-d3g/Carnivale S02/Carnivale.S02E10.1080p.WEBRip.10Bit.EAC3.H265-d3g.mkv691,1080,1920,0,29,312,755,29,205458,0.099,"[[[0.22352941 0.17254902 0.14901961]  [0.22352941 0.17254902 0.14901961]  [0.22352941 0.17254902 0.14901961]  ...  [0.22352941 0.20784314 0.21176471]  [0.22352941 0.20784314 0.21176471]  [0.22352941 0.20784314 0.21176471]] [[0.22352941 0.17254902 0.14901961]  [0.22352941 0.17254902 0.14901961]  [0.22352941 0.17254902 0.14901961]  ...  [0.22352941 0.20784314 0.21176471]  [0.22352941 0.20784314 0.21176471]  [0.22352941 0.20784314 0.21176471]] [[0.22352941 0.17254902 0.14901961]  [0.22352941 0.17254902 0.14901961]  [0.22352941 0.17254902 0.14901961]  ...  [0.22352941 0.20784314 0.21176471]  [0.22352941 0.20784314 0.21176471]  [0.22352941 0.20784314 0.21176471]] ... [[0.25490198 0.21568628 0.19215687]  [0.25490198 0.21568628 0.19215687]  [0.25490198 0.21568628 0.19215687]  ...  [0.36862746 0.3019608  0.27450982]  [0.36862746 0.3019608  0.27450982]  [0.36862746 0.3019608  0.27450982]] [[0.25490198 0.21568628 0.19215687]  [0.25490198 0.21568628 0.19215687]  [0.25490198 0.21568628 0.19215687]  ...  [0.36862746 0.3019608  0.27450982]  [0.36862746 0.3019608  0.27450982]  [0.36862746 0.3019608  0.27450982]] [[0.25490198 0.21568628 0.19215687]  [0.25490198 0.21568628 0.19215687]  [0.25490198 0.21568628 0.19215687]  ...  [0.36862746 0.3019608  0.27450982]  [0.36862746 0.3019608  0.27450982]  [0.36862746 0.3019608  0.27450982]]]",1.361333084932994,43920,/home/amos/media/tv/Carnivale S01-S02 web 10bit hevc-d3g/Carnivale S02/Carnivale.S02E10.1080p.WEBRip.10Bit.EAC3.H265-d3g.mkv692,1080,1920,0,89,494,1413,89,536220,0.259,"[[[0.11372549 0.09019608 0.05098039]  [0.11372549 0.09019608 0.05098039]  [0.10980392 0.08627451 0.04705882]  ...  [0.23529412 0.23137255 0.20784314]  [0.23529412 0.23137255 0.20784314]  [0.23529412 0.23137255 0.20784314]] [[0.10980392 0.08627451 0.04705882]  [0.10980392 0.08627451 0.04705882]  [0.10588235 0.08235294 0.04313726]  ...  [0.23529412 0.23137255 0.20784314]  [0.23529412 0.23137255 0.20784314]  [0.23529412 0.23137255 0.20784314]] [[0.09411765 0.07058824 0.03529412]  [0.09411765 0.07058824 0.03529412]  [0.09411765 0.07058824 0.03529412]  ...  [0.23529412 0.22745098 0.20784314]  [0.23529412 0.22745098 0.20784314]  [0.23529412 0.22745098 0.20784314]] ... [[0.21960784 0.20392157 0.18431373]  [0.21960784 0.20392157 0.18431373]  [0.21568628 0.2        0.18039216]  ...  [0.23921569 0.23137255 0.21176471]  [0.23921569 0.23137255 0.21176471]  [0.23921569 0.23137255 0.21176471]] [[0.21960784 0.20392157 0.18431373]  [0.21960784 0.20392157 0.18431373]  [0.21568628 0.2        0.18039216]  ...  [0.23921569 0.23137255 0.21176471]  [0.23921569 0.23137255 0.21176471]  [0.23921569 0.23137255 0.21176471]] [[0.21960784 0.20392157 0.18431373]  [0.21960784 0.20392157 0.18431373]  [0.21568628 0.2        0.18039216]  ...  [0.23921569 0.23137255 0.21176471]  [0.23921569 0.23137255 0.21176471]  [0.23921569 0.23137255 0.21176471]]]",3.1386371345142834,44040,/home/amos/media/tv/Carnivale S01-S02 web 10bit hevc-d3g/Carnivale S02/Carnivale.S02E10.1080p.WEBRip.10Bit.EAC3.H265-d3g.mkv693,1080,1920,0,236,585,1365,236,394021,0.19,"[[[0.10980392 0.08235294 0.06666667]  [0.10980392 0.08235294 0.06666667]  [0.10980392 0.08235294 0.06666667]  ...  [0.28627452 0.2509804  0.23137255]  [0.2901961  0.25490198 0.23529412]  [0.2901961  0.25490198 0.22745098]] [[0.10980392 0.08235294 0.0627451 ]  [0.10980392 0.08235294 0.0627451 ]  [0.10980392 0.08235294 0.0627451 ]  ...  [0.28627452 0.2509804  0.23137255]  [0.2901961  0.25490198 0.23529412]  [0.2901961  0.25490198 0.22745098]] [[0.10980392 0.08235294 0.0627451 ]  [0.10980392 0.08235294 0.0627451 ]  [0.10980392 0.08235294 0.0627451 ]  ...  [0.2901961  0.25490198 0.23529412]  [0.2901961  0.25490198 0.23529412]  [0.2901961  0.25490198 0.22745098]] ... [[0.08627451 0.05882353 0.04313726]  [0.08627451 0.05882353 0.04313726]  [0.08235294 0.05490196 0.03921569]  ...  [0.15686275 0.11764706 0.09019608]  [0.14509805 0.10588235 0.07843138]  [0.12941177 0.10196079 0.07058824]] [[0.09019608 0.0627451  0.04705882]  [0.09019608 0.0627451  0.04705882]  [0.08627451 0.05882353 0.04313726]  ...  [0.10980392 0.08235294 0.05098039]  [0.10980392 0.07843138 0.05098039]  [0.10196079 0.07450981 0.04313726]] [[0.09019608 0.0627451  0.04705882]  [0.09019608 0.0627451  0.04705882]  [0.08627451 0.05882353 0.04313726]  ...  [0.09803922 0.06666667 0.03921569]  [0.09803922 0.06666667 0.03921569]  [0.09803922 0.07058824 0.03921569]]]",1.7822759550181217,44088,/home/amos/media/tv/Carnivale S01-S02 web 10bit hevc-d3g/Carnivale S02/Carnivale.S02E10.1080p.WEBRip.10Bit.EAC3.H265-d3g.mkv694,1080,1920,0,82,680,1001,82,549562,0.265,"[[[0.41568628 0.3764706  0.38431373]  [0.41568628 0.3764706  0.38431373]  [0.41568628 0.3764706  0.38431373]  ...  [0.3019608  0.2901961  0.30588236]  [0.29803923 0.28627452 0.3019608 ]  [0.29803923 0.28627452 0.3019608 ]] [[0.41568628 0.3764706  0.38431373]  [0.41568628 0.3764706  0.38431373]  [0.41568628 0.3764706  0.38431373]  ...  [0.3019608  0.2901961  0.30588236]  [0.29803923 0.28627452 0.3019608 ]  [0.29803923 0.28627452 0.3019608 ]] [[0.42352942 0.38431373 0.39215687]  [0.42352942 0.38431373 0.39215687]  [0.41960785 0.38039216 0.3882353 ]  ...  [0.3019608  0.2901961  0.30588236]  [0.29803923 0.28627452 0.3019608 ]  [0.29411766 0.28235295 0.3019608 ]] ... [[0.50980395 0.45490196 0.43137255]  [0.50980395 0.4509804  0.43137255]  [0.49803922 0.4392157  0.41960785]  ...  [0.4862745  0.40784314 0.37254903]  [0.49019608 0.41568628 0.3764706 ]  [0.49411765 0.41568628 0.38039216]] [[0.5137255  0.45490196 0.43137255]  [0.50980395 0.4509804  0.42745098]  [0.49803922 0.4392157  0.41960785]  ...  [0.49411765 0.41568628 0.3764706 ]  [0.49803922 0.41960785 0.38431373]  [0.49803922 0.41960785 0.38431373]] [[0.5137255  0.45490196 0.43137255]  [0.50980395 0.4509804  0.42745098]  [0.49803922 0.4392157  0.41960785]  ...  [0.49411765 0.41568628 0.38039216]  [0.49803922 0.41960785 0.38431373]  [0.49803922 0.41960785 0.38431373]]]",5.543625022750348,44376,/home/amos/media/tv/Carnivale S01-S02 web 10bit hevc-d3g/Carnivale S02/Carnivale.S02E10.1080p.WEBRip.10Bit.EAC3.H265-d3g.mkv695,1080,1920,0,105,742,637,105,338884,0.163,"[[[0.30588236 0.28627452 0.23529412]  [0.30588236 0.28627452 0.23529412]  [0.3019608  0.28235295 0.23137255]  ...  [0.19215687 0.18039216 0.23137255]  [0.2        0.1882353  0.23921569]  [0.20392157 0.19215687 0.24313726]] [[0.30588236 0.28627452 0.23529412]  [0.3019608  0.28627452 0.23137255]  [0.3019608  0.28235295 0.23137255]  ...  [0.19607843 0.18039216 0.23529412]  [0.2        0.1882353  0.23921569]  [0.20392157 0.19215687 0.24313726]] [[0.3019608  0.28235295 0.23137255]  [0.3019608  0.28235295 0.23137255]  [0.3019608  0.28235295 0.23137255]  ...  [0.2        0.18431373 0.23921569]  [0.2        0.18431373 0.23921569]  [0.2        0.1882353  0.23921569]] ... [[0.32941177 0.30980393 0.27450982]  [0.32941177 0.30980393 0.27058825]  [0.3254902  0.3019608  0.2627451 ]  ...  [0.08627451 0.08627451 0.11764706]  [0.05882353 0.05882353 0.09019608]  [0.04705882 0.04705882 0.07843138]] [[0.3372549  0.30980393 0.2784314 ]  [0.33333334 0.30588236 0.27450982]  [0.3254902  0.30588236 0.26666668]  ...  [0.08627451 0.08627451 0.11764706]  [0.05882353 0.05882353 0.09411765]  [0.04705882 0.04705882 0.07843138]] [[0.3372549  0.30980393 0.2784314 ]  [0.33333334 0.30588236 0.27450982]  [0.3254902  0.30588236 0.26666668]  ...  [0.08627451 0.08627451 0.11764706]  [0.0627451  0.0627451  0.09411765]  [0.05098039 0.05098039 0.08235294]]]",2.3791920104413293,44400,/home/amos/media/tv/Carnivale S01-S02 web 10bit hevc-d3g/Carnivale S02/Carnivale.S02E10.1080p.WEBRip.10Bit.EAC3.H265-d3g.mkv696,1080,1920,0,51,655,1534,51,895732,0.432,"[[[0.03529412 0.00784314 0.00392157]  [0.03529412 0.00784314 0.00392157]  [0.03529412 0.00784314 0.00392157]  ...  [0.         0.         0.        ]  [0.         0.         0.        ]  [0.         0.         0.        ]] [[0.03529412 0.00784314 0.00392157]  [0.03529412 0.00784314 0.00392157]  [0.03529412 0.00784314 0.00392157]  ...  [0.         0.         0.        ]  [0.         0.         0.        ]  [0.         0.         0.        ]] [[0.03529412 0.00784314 0.00392157]  [0.03529412 0.00784314 0.00392157]  [0.03529412 0.00784314 0.00392157]  ...  [0.         0.         0.        ]  [0.         0.         0.        ]  [0.         0.         0.        ]] ... [[0.16862746 0.10980392 0.09411765]  [0.16862746 0.10980392 0.09411765]  [0.16470589 0.10980392 0.09411765]  ...  [0.32941177 0.14117648 0.10588235]  [0.32941177 0.14117648 0.10588235]  [0.32941177 0.14117648 0.10588235]] [[0.16862746 0.10980392 0.09411765]  [0.16862746 0.10980392 0.09411765]  [0.16862746 0.10980392 0.09411765]  ...  [0.32941177 0.14117648 0.10588235]  [0.32941177 0.14117648 0.10588235]  [0.32941177 0.14117648 0.10588235]] [[0.16862746 0.10980392 0.09411765]  [0.16862746 0.10980392 0.09411765]  [0.16862746 0.10980392 0.09411765]  ...  [0.32941177 0.14117648 0.10588235]  [0.32941177 0.14117648 0.10588235]  [0.32941177 0.14117648 0.10588235]]]",3.550154059601482,44448,/home/amos/media/tv/Carnivale S01-S02 web 10bit hevc-d3g/Carnivale S02/Carnivale.S02E10.1080p.WEBRip.10Bit.EAC3.H265-d3g.mkv697,1080,1920,0,58,835,1144,58,843822,0.407,"[[[0.20392157 0.14509805 0.14117648]  [0.20392157 0.14509805 0.14117648]  [0.20392157 0.14509805 0.14117648]  ...  [0.07450981 0.08627451 0.03137255]  [0.07450981 0.08627451 0.03137255]  [0.07450981 0.08627451 0.03137255]] [[0.20392157 0.14509805 0.14117648]  [0.20392157 0.14509805 0.14117648]  [0.20392157 0.14509805 0.14117648]  ...  [0.07450981 0.08627451 0.03137255]  [0.07450981 0.08627451 0.03137255]  [0.07450981 0.08627451 0.03137255]] [[0.20392157 0.14509805 0.14117648]  [0.20392157 0.14509805 0.14117648]  [0.20784314 0.14509805 0.14117648]  ...  [0.07450981 0.08627451 0.03137255]  [0.07450981 0.08627451 0.03137255]  [0.07450981 0.08627451 0.03137255]] ... [[0.19215687 0.14509805 0.1254902 ]  [0.19215687 0.14509805 0.1254902 ]  [0.19215687 0.14117648 0.12156863]  ...  [0.31764707 0.2901961  0.19607843]  [0.31764707 0.2901961  0.19607843]  [0.31764707 0.2901961  0.19607843]] [[0.19215687 0.14509805 0.1254902 ]  [0.19215687 0.14509805 0.1254902 ]  [0.19215687 0.14509805 0.1254902 ]  ...  [0.31764707 0.2901961  0.19607843]  [0.31764707 0.2901961  0.19607843]  [0.31764707 0.2901961  0.19607843]] [[0.19215687 0.14509805 0.1254902 ]  [0.19215687 0.14509805 0.1254902 ]  [0.19215687 0.14509805 0.1254902 ]  ...  [0.31764707 0.2901961  0.19607843]  [0.31764707 0.2901961  0.19607843]  [0.31764707 0.2901961  0.19607843]]]",4.83814413723303,44472,/home/amos/media/tv/Carnivale S01-S02 web 10bit hevc-d3g/Carnivale S02/Carnivale.S02E10.1080p.WEBRip.10Bit.EAC3.H265-d3g.mkv698,1080,1920,1,64,856,931,64,686664,0.331,"[[[0.16862746 0.18431373 0.10196079]  [0.16862746 0.18431373 0.10196079]  [0.17254902 0.18039216 0.10196079]  ...  [0.18039216 0.08235294 0.03529412]  [0.1882353  0.09411765 0.04313726]  [0.1882353  0.09411765 0.04313726]] [[0.16862746 0.18431373 0.10196079]  [0.16862746 0.18431373 0.10196079]  [0.17254902 0.18431373 0.10196079]  ...  [0.18039216 0.08235294 0.03529412]  [0.1882353  0.09411765 0.04313726]  [0.1882353  0.09411765 0.04313726]] [[0.16862746 0.18431373 0.10196079]  [0.16862746 0.18431373 0.10196079]  [0.16862746 0.18039216 0.10196079]  ...  [0.18039216 0.08235294 0.03529412]  [0.1882353  0.09411765 0.04313726]  [0.1882353  0.09411765 0.04313726]] ... [[0.01960784 0.01568628 0.00784314]  [0.01960784 0.01568628 0.00784314]  [0.01960784 0.01568628 0.00784314]  ...  [0.11372549 0.11764706 0.05882353]  [0.11764706 0.12156863 0.05882353]  [0.11764706 0.12156863 0.05882353]] [[0.02352941 0.01960784 0.01176471]  [0.02352941 0.01960784 0.01176471]  [0.01960784 0.01568628 0.00784314]  ...  [0.11372549 0.11372549 0.05882353]  [0.11372549 0.11764706 0.05882353]  [0.11372549 0.11764706 0.05882353]] [[0.02352941 0.01960784 0.01176471]  [0.02352941 0.01960784 0.01176471]  [0.01960784 0.01568628 0.00784314]  ...  [0.10980392 0.11764706 0.05490196]  [0.11372549 0.11764706 0.05882353]  [0.11372549 0.11764706 0.05882353]]]",6.918314150883816,44472,/home/amos/media/tv/Carnivale S01-S02 web 10bit hevc-d3g/Carnivale S02/Carnivale.S02E10.1080p.WEBRip.10Bit.EAC3.H265-d3g.mkv699,1080,1920,0,58,853,1145,58,864165,0.417,"[[[0.21568628 0.14509805 0.14117648]  [0.21568628 0.14509805 0.14117648]  [0.21568628 0.14509805 0.14117648]  ...  [0.07450981 0.08235294 0.02352941]  [0.07058824 0.08235294 0.02352941]  [0.07058824 0.08235294 0.02352941]] [[0.21568628 0.14509805 0.14117648]  [0.21568628 0.14509805 0.14117648]  [0.21568628 0.14509805 0.14117648]  ...  [0.07450981 0.08235294 0.02352941]  [0.07058824 0.08235294 0.02352941]  [0.07058824 0.08235294 0.02352941]] [[0.21568628 0.14509805 0.14117648]  [0.21568628 0.14509805 0.14117648]  [0.21568628 0.14509805 0.14117648]  ...  [0.07450981 0.08235294 0.02745098]  [0.07058824 0.08235294 0.02352941]  [0.07058824 0.08235294 0.02352941]] ... [[0.1764706  0.13725491 0.10196079]  [0.1764706  0.13725491 0.10196079]  [0.1764706  0.13725491 0.10196079]  ...  [0.29803923 0.2627451  0.18039216]  [0.29803923 0.2627451  0.1764706 ]  [0.29803923 0.2627451  0.1764706 ]] [[0.1764706  0.14117648 0.10196079]  [0.1764706  0.14117648 0.10196079]  [0.1764706  0.14117648 0.10196079]  ...  [0.29803923 0.2627451  0.18039216]  [0.29803923 0.2627451  0.18039216]  [0.29803923 0.2627451  0.18039216]] [[0.1764706  0.14117648 0.10196079]  [0.1764706  0.14117648 0.10196079]  [0.1764706  0.14117648 0.10196079]  ...  [0.29803923 0.2627451  0.18039216]  [0.29803923 0.2627451  0.18039216]  [0.29803923 0.2627451  0.18039216]]]",5.145838037773501,44496,/home/amos/media/tv/Carnivale S01-S02 web 10bit hevc-d3g/Carnivale S02/Carnivale.S02E10.1080p.WEBRip.10Bit.EAC3.H265-d3g.mkv700,1080,1920,0,60,855,1144,60,861780,0.416,"[[[0.21568628 0.13333334 0.13333334]  [0.21568628 0.13333334 0.13333334]  [0.21568628 0.13333334 0.13333334]  ...  [0.0627451  0.07450981 0.01568628]  [0.0627451  0.07450981 0.01568628]  [0.0627451  0.07450981 0.01568628]] [[0.21568628 0.13333334 0.13333334]  [0.21568628 0.13333334 0.13333334]  [0.21568628 0.13333334 0.13333334]  ...  [0.0627451  0.07450981 0.01568628]  [0.0627451  0.07450981 0.01568628]  [0.0627451  0.07450981 0.01568628]] [[0.21568628 0.13333334 0.13333334]  [0.21568628 0.13333334 0.13333334]  [0.21568628 0.13333334 0.13333334]  ...  [0.0627451  0.07450981 0.01568628]  [0.0627451  0.07450981 0.01568628]  [0.0627451  0.07450981 0.01568628]] ... [[0.17254902 0.14901961 0.09803922]  [0.17254902 0.14901961 0.09803922]  [0.17254902 0.14901961 0.09803922]  ...  [0.29411766 0.25882354 0.17254902]  [0.29411766 0.25882354 0.17254902]  [0.29411766 0.25882354 0.17254902]] [[0.17254902 0.14901961 0.09803922]  [0.17254902 0.14901961 0.09803922]  [0.17254902 0.14901961 0.10196079]  ...  [0.29411766 0.25882354 0.17254902]  [0.29411766 0.25882354 0.17254902]  [0.29411766 0.25882354 0.17254902]] [[0.17254902 0.14901961 0.09803922]  [0.17254902 0.14901961 0.09803922]  [0.17254902 0.14901961 0.09803922]  ...  [0.29411766 0.25882354 0.17254902]  [0.29411766 0.25882354 0.17254902]  [0.29411766 0.25882354 0.17254902]]]",3.8165600164211355,44520,/home/amos/media/tv/Carnivale S01-S02 web 10bit hevc-d3g/Carnivale S02/Carnivale.S02E10.1080p.WEBRip.10Bit.EAC3.H265-d3g.mkv701,1080,1920,1,63,874,927,63,700704,0.338,"[[[0.16470589 0.16470589 0.09803922]  [0.16470589 0.16470589 0.09803922]  [0.16470589 0.16470589 0.09803922]  ...  [0.10588235 0.00392157 0.        ]  [0.10980392 0.00392157 0.        ]  [0.10980392 0.00392157 0.        ]] [[0.16470589 0.16470589 0.09803922]  [0.16470589 0.16470589 0.09803922]  [0.16470589 0.16470589 0.09803922]  ...  [0.10588235 0.00392157 0.        ]  [0.10980392 0.00392157 0.        ]  [0.10980392 0.00392157 0.        ]] [[0.16470589 0.16470589 0.09803922]  [0.16470589 0.16470589 0.09803922]  [0.16470589 0.16470589 0.09803922]  ...  [0.10980392 0.00392157 0.        ]  [0.10980392 0.00392157 0.        ]  [0.10980392 0.00392157 0.        ]] ... [[0.12941177 0.09019608 0.07058824]  [0.12941177 0.09019608 0.07058824]  [0.12156863 0.08627451 0.06666667]  ...  [0.09019608 0.09411765 0.02745098]  [0.09019608 0.09411765 0.02745098]  [0.09019608 0.09411765 0.02745098]] [[0.12941177 0.09019608 0.07450981]  [0.12941177 0.09019608 0.07450981]  [0.12156863 0.08235294 0.07058824]  ...  [0.09019608 0.09411765 0.02745098]  [0.09019608 0.09411765 0.02745098]  [0.09019608 0.09411765 0.02745098]] [[0.12941177 0.09019608 0.07450981]  [0.12941177 0.09019608 0.07450981]  [0.12156863 0.08627451 0.07058824]  ...  [0.09019608 0.09411765 0.02745098]  [0.09019608 0.09411765 0.02745098]  [0.09019608 0.09411765 0.02745098]]]",7.186911147204228,44520,/home/amos/media/tv/Carnivale S01-S02 web 10bit hevc-d3g/Carnivale S02/Carnivale.S02E10.1080p.WEBRip.10Bit.EAC3.H265-d3g.mkv702,1080,1920,0,60,861,1130,60,857070,0.413,"[[[0.21176471 0.12156863 0.13725491]  [0.21176471 0.12156863 0.13725491]  [0.21176471 0.12156863 0.13725491]  ...  [0.07058824 0.07450981 0.01960784]  [0.07058824 0.07450981 0.01960784]  [0.07058824 0.07450981 0.01960784]] [[0.21176471 0.12156863 0.13725491]  [0.21176471 0.12156863 0.13725491]  [0.21176471 0.12156863 0.13725491]  ...  [0.07058824 0.07450981 0.01960784]  [0.07058824 0.07450981 0.01960784]  [0.07058824 0.07450981 0.01960784]] [[0.21176471 0.12156863 0.13725491]  [0.21176471 0.12156863 0.13725491]  [0.21176471 0.12156863 0.13725491]  ...  [0.07058824 0.07450981 0.01960784]  [0.07058824 0.07450981 0.01960784]  [0.07058824 0.07450981 0.01960784]] ... [[0.19215687 0.16078432 0.11764706]  [0.19215687 0.16078432 0.11764706]  [0.19215687 0.16078432 0.11764706]  ...  [0.30980393 0.27058825 0.19215687]  [0.30980393 0.27058825 0.19215687]  [0.30980393 0.27058825 0.19215687]] [[0.19215687 0.16078432 0.11764706]  [0.19215687 0.16078432 0.11764706]  [0.19215687 0.16078432 0.11764706]  ...  [0.30980393 0.27058825 0.19215687]  [0.30980393 0.27058825 0.19215687]  [0.30980393 0.27058825 0.19215687]] [[0.19215687 0.16078432 0.11764706]  [0.19215687 0.16078432 0.11764706]  [0.19215687 0.16078432 0.11764706]  ...  [0.30980393 0.27058825 0.19215687]  [0.30980393 0.27058825 0.19215687]  [0.30980393 0.27058825 0.19215687]]]",3.569454003300052,44544,/home/amos/media/tv/Carnivale S01-S02 web 10bit hevc-d3g/Carnivale S02/Carnivale.S02E10.1080p.WEBRip.10Bit.EAC3.H265-d3g.mkv703,1080,1920,1,69,876,910,69,678687,0.327,"[[[0.1764706  0.17254902 0.10588235]  [0.1764706  0.17254902 0.10588235]  [0.1764706  0.17254902 0.10588235]  ...  [0.29411766 0.18431373 0.12156863]  [0.3019608  0.19607843 0.1254902 ]  [0.3019608  0.19607843 0.1254902 ]] [[0.1764706  0.17254902 0.10588235]  [0.1764706  0.17254902 0.10588235]  [0.1764706  0.17254902 0.10588235]  ...  [0.29411766 0.18431373 0.12156863]  [0.3019608  0.19607843 0.1254902 ]  [0.3019608  0.19607843 0.1254902 ]] [[0.17254902 0.17254902 0.10588235]  [0.17254902 0.17254902 0.10588235]  [0.17254902 0.17254902 0.10588235]  ...  [0.29411766 0.18431373 0.12156863]  [0.3019608  0.19607843 0.1254902 ]  [0.3019608  0.19607843 0.1254902 ]] ... [[0.00392157 0.         0.        ]  [0.00392157 0.         0.        ]  [0.00392157 0.         0.        ]  ...  [0.10196079 0.10588235 0.05098039]  [0.10196079 0.10588235 0.05490196]  [0.10196079 0.10588235 0.05490196]] [[0.00392157 0.         0.        ]  [0.00392157 0.         0.        ]  [0.00392157 0.         0.        ]  ...  [0.09803922 0.10196079 0.05098039]  [0.10196079 0.10588235 0.05490196]  [0.10196079 0.10588235 0.05490196]] [[0.00392157 0.         0.        ]  [0.00392157 0.         0.        ]  [0.00392157 0.         0.        ]  ...  [0.10196079 0.10196079 0.05098039]  [0.10196079 0.10588235 0.05490196]  [0.10196079 0.10588235 0.05490196]]]",6.605639074114151,44544,/home/amos/media/tv/Carnivale S01-S02 web 10bit hevc-d3g/Carnivale S02/Carnivale.S02E10.1080p.WEBRip.10Bit.EAC3.H265-d3g.mkv704,1080,1920,0,85,18,1171,85,72762,0.035,"[[[0.80784315 0.74509805 0.65882355]  [0.8039216  0.7411765  0.654902  ]  [0.7921569  0.7254902  0.6431373 ]  ...  [0.43137255 0.36862746 0.2784314 ]  [0.43137255 0.36862746 0.2784314 ]  [0.43137255 0.36862746 0.2784314 ]] [[0.80784315 0.74509805 0.65882355]  [0.8039216  0.7411765  0.654902  ]  [0.7882353  0.7254902  0.6392157 ]  ...  [0.43137255 0.36862746 0.2784314 ]  [0.43137255 0.36862746 0.2784314 ]  [0.43137255 0.36862746 0.2784314 ]] [[0.8039216  0.7372549  0.6509804 ]  [0.8        0.73333335 0.64705884]  [0.78431374 0.7176471  0.6313726 ]  ...  [0.42745098 0.3647059  0.27450982]  [0.42745098 0.3647059  0.27450982]  [0.42745098 0.3647059  0.27450982]] ... [[0.7529412  0.69803923 0.6156863 ]  [0.7529412  0.69803923 0.6156863 ]  [0.74509805 0.6862745  0.6039216 ]  ...  [0.43529412 0.37254903 0.28235295]  [0.4509804  0.3882353  0.29803923]  [0.45490196 0.39215687 0.3019608 ]] [[0.74509805 0.6901961  0.60784316]  [0.74509805 0.6901961  0.60784316]  [0.73333335 0.6784314  0.59607846]  ...  [0.43529412 0.37254903 0.28235295]  [0.4509804  0.3882353  0.29803923]  [0.45490196 0.39215687 0.3019608 ]] [[0.74509805 0.6901961  0.60784316]  [0.7411765  0.6862745  0.6039216 ]  [0.73333335 0.6784314  0.59607846]  ...  [0.43529412 0.37254903 0.28235295]  [0.4509804  0.3882353  0.29803923]  [0.45490196 0.39215687 0.3019608 ]]]",2.6236481067026034,45096,/home/amos/media/tv/Carnivale S01-S02 web 10bit hevc-d3g/Carnivale S02/Carnivale.S02E10.1080p.WEBRip.10Bit.EAC3.H265-d3g.mkv705,1080,1920,0,194,95,1142,194,93852,0.045,"[[[0. 0. 0.]  [0. 0. 0.]  [0. 0. 0.]  ...  [0. 0. 0.]  [0. 0. 0.]  [0. 0. 0.]] [[0. 0. 0.]  [0. 0. 0.]  [0. 0. 0.]  ...  [0. 0. 0.]  [0. 0. 0.]  [0. 0. 0.]] [[0. 0. 0.]  [0. 0. 0.]  [0. 0. 0.]  ...  [0. 0. 0.]  [0. 0. 0.]  [0. 0. 0.]] ... [[0. 0. 0.]  [0. 0. 0.]  [0. 0. 0.]  ...  [0. 0. 0.]  [0. 0. 0.]  [0. 0. 0.]] [[0. 0. 0.]  [0. 0. 0.]  [0. 0. 0.]  ...  [0. 0. 0.]  [0. 0. 0.]  [0. 0. 0.]] [[0. 0. 0.]  [0. 0. 0.]  [0. 0. 0.]  ...  [0. 0. 0.]  [0. 0. 0.]  [0. 0. 0.]]]",3.3153012080001645,45216,/home/amos/media/tv/Carnivale S01-S02 web 10bit hevc-d3g/Carnivale S02/Carnivale.S02E10.1080p.WEBRip.10Bit.EAC3.H265-d3g.mkv706,1080,1920,0,210,65,1102,210,129340,0.062,"[[[0. 0. 0.]  [0. 0. 0.]  [0. 0. 0.]  ...  [0. 0. 0.]  [0. 0. 0.]  [0. 0. 0.]] [[0. 0. 0.]  [0. 0. 0.]  [0. 0. 0.]  ...  [0. 0. 0.]  [0. 0. 0.]  [0. 0. 0.]] [[0. 0. 0.]  [0. 0. 0.]  [0. 0. 0.]  ...  [0. 0. 0.]  [0. 0. 0.]  [0. 0. 0.]] ... [[0. 0. 0.]  [0. 0. 0.]  [0. 0. 0.]  ...  [0. 0. 0.]  [0. 0. 0.]  [0. 0. 0.]] [[0. 0. 0.]  [0. 0. 0.]  [0. 0. 0.]  ...  [0. 0. 0.]  [0. 0. 0.]  [0. 0. 0.]] [[0. 0. 0.]  [0. 0. 0.]  [0. 0. 0.]  ...  [0. 0. 0.]  [0. 0. 0.]  [0. 0. 0.]]]",2.0565181264537387,45264,/home/amos/media/tv/Carnivale S01-S02 web 10bit hevc-d3g/Carnivale S02/Carnivale.S02E10.1080p.WEBRip.10Bit.EAC3.H265-d3g.mkv707,1080,1920,1,147,473,1227,147,352080,0.17,"[[[0.10980392 0.03529412 0.01960784]  [0.12156863 0.04705882 0.02352941]  [0.13725491 0.06666667 0.03137255]  ...  [0.36862746 0.23529412 0.19607843]  [0.36078432 0.22745098 0.1882353 ]  [0.3529412  0.21960784 0.18039216]] [[0.10588235 0.03137255 0.01568628]  [0.11764706 0.04705882 0.02352941]  [0.13725491 0.06666667 0.03529412]  ...  [0.36078432 0.22745098 0.1882353 ]  [0.3529412  0.21960784 0.18039216]  [0.34509805 0.21176471 0.17254902]] [[0.10588235 0.03137255 0.01568628]  [0.11764706 0.04705882 0.01960784]  [0.14117648 0.06666667 0.03137255]  ...  [0.3529412  0.21960784 0.18039216]  [0.34509805 0.21176471 0.17254902]  [0.34117648 0.20784314 0.16862746]] ... [[0.56078434 0.49411765 0.45882353]  [0.57254905 0.50980395 0.4745098 ]  [0.58431375 0.52156866 0.4862745 ]  ...  [0.04313726 0.01960784 0.03529412]  [0.04313726 0.01960784 0.03529412]  [0.04313726 0.01960784 0.03529412]] [[0.57254905 0.5058824  0.46666667]  [0.5803922  0.5137255  0.47843137]  [0.5882353  0.5254902  0.49019608]  ...  [0.03921569 0.01568628 0.03137255]  [0.03921569 0.01568628 0.03137255]  [0.04313726 0.01960784 0.03529412]] [[0.5764706  0.50980395 0.4745098 ]  [0.58431375 0.5176471  0.48235294]  [0.5882353  0.5254902  0.49019608]  ...  [0.03529412 0.01176471 0.02745098]  [0.03921569 0.01960784 0.03137255]  [0.04705882 0.02352941 0.03921569]]]",2.159745069395285,45264,/home/amos/media/tv/Carnivale S01-S02 web 10bit hevc-d3g/Carnivale S02/Carnivale.S02E10.1080p.WEBRip.10Bit.EAC3.H265-d3g.mkv708,1080,1920,0,208,89,1097,208,105791,0.051,"[[[0. 0. 0.]  [0. 0. 0.]  [0. 0. 0.]  ...  [0. 0. 0.]  [0. 0. 0.]  [0. 0. 0.]] [[0. 0. 0.]  [0. 0. 0.]  [0. 0. 0.]  ...  [0. 0. 0.]  [0. 0. 0.]  [0. 0. 0.]] [[0. 0. 0.]  [0. 0. 0.]  [0. 0. 0.]  ...  [0. 0. 0.]  [0. 0. 0.]  [0. 0. 0.]] ... [[0. 0. 0.]  [0. 0. 0.]  [0. 0. 0.]  ...  [0. 0. 0.]  [0. 0. 0.]  [0. 0. 0.]] [[0. 0. 0.]  [0. 0. 0.]  [0. 0. 0.]  ...  [0. 0. 0.]  [0. 0. 0.]  [0. 0. 0.]] [[0. 0. 0.]  [0. 0. 0.]  [0. 0. 0.]  ...  [0. 0. 0.]  [0. 0. 0.]  [0. 0. 0.]]]",3.791486189409625,45288,/home/amos/media/tv/Carnivale S01-S02 web 10bit hevc-d3g/Carnivale S02/Carnivale.S02E10.1080p.WEBRip.10Bit.EAC3.H265-d3g.mkv709,1080,1920,1,149,460,1230,149,336191,0.162,"[[[0.15294118 0.07450981 0.04313726]  [0.1764706  0.09803922 0.06666667]  [0.21960784 0.14117648 0.10980392]  ...  [0.36078432 0.22352941 0.18039216]  [0.35686275 0.21960784 0.18039216]  [0.35686275 0.21960784 0.18039216]] [[0.14509805 0.07058824 0.03921569]  [0.16862746 0.09019608 0.05882353]  [0.20784314 0.1254902  0.09411765]  ...  [0.3647059  0.22745098 0.18431373]  [0.3647059  0.22745098 0.1882353 ]  [0.3647059  0.22745098 0.1882353 ]] [[0.13725491 0.0627451  0.03137255]  [0.15294118 0.08235294 0.05098039]  [0.18431373 0.10980392 0.07843138]  ...  [0.37254903 0.23529412 0.19215687]  [0.3764706  0.23921569 0.19607843]  [0.3764706  0.23921569 0.2       ]] ... [[0.4117647  0.34509805 0.30980393]  [0.41568628 0.34901962 0.3137255 ]  [0.42352942 0.35686275 0.32156864]  ...  [0.17254902 0.15686275 0.1764706 ]  [0.21176471 0.2        0.21568628]  [0.23921569 0.22745098 0.24705882]] [[0.40784314 0.34117648 0.30588236]  [0.4117647  0.34901962 0.3137255 ]  [0.42745098 0.3647059  0.32941177]  ...  [0.15686275 0.14117648 0.16078432]  [0.18039216 0.16862746 0.1882353 ]  [0.19607843 0.18431373 0.20392157]] [[0.40392157 0.34117648 0.30588236]  [0.4117647  0.34901962 0.3137255 ]  [0.43137255 0.36862746 0.33333334]  ...  [0.13725491 0.1254902  0.14117648]  [0.14509805 0.13333334 0.15294118]  [0.14901961 0.13725491 0.15686275]]]",2.878711002820637,45288,/home/amos/media/tv/Carnivale S01-S02 web 10bit hevc-d3g/Carnivale S02/Carnivale.S02E10.1080p.WEBRip.10Bit.EAC3.H265-d3g.mkv710,1080,1920,0,103,28,348,103,18375,0.009,"[[[0.5372549  0.45882353 0.3647059 ]  [0.54509807 0.46666667 0.37254903]  [0.56078434 0.48235294 0.3882353 ]  ...  [0.7411765  0.6862745  0.5882353 ]  [0.7411765  0.6862745  0.5882353 ]  [0.7411765  0.6862745  0.5882353 ]] [[0.5372549  0.45882353 0.3647059 ]  [0.54509807 0.46666667 0.37254903]  [0.56078434 0.48235294 0.3882353 ]  ...  [0.7411765  0.6862745  0.5882353 ]  [0.7411765  0.6862745  0.5882353 ]  [0.7411765  0.6862745  0.5882353 ]] [[0.53333336 0.45490196 0.3647059 ]  [0.5411765  0.4627451  0.37254903]  [0.5568628  0.47843137 0.3882353 ]  ...  [0.7411765  0.6862745  0.5882353 ]  [0.7411765  0.68235296 0.5882353 ]  [0.7372549  0.68235296 0.58431375]] ... [[0.46666667 0.3882353  0.3019608 ]  [0.46666667 0.3882353  0.29803923]  [0.46666667 0.3882353  0.29803923]  ...  [0.7058824  0.6431373  0.54901963]  [0.7058824  0.6392157  0.54509807]  [0.7058824  0.6392157  0.54509807]] [[0.46666667 0.3882353  0.29803923]  [0.46666667 0.3882353  0.29803923]  [0.4627451  0.38431373 0.29411766]  ...  [0.70980394 0.64705884 0.5529412 ]  [0.70980394 0.64705884 0.54901963]  [0.70980394 0.6431373  0.54901963]] [[0.46666667 0.3882353  0.29803923]  [0.46666667 0.38431373 0.29411766]  [0.4627451  0.38431373 0.29411766]  ...  [0.7137255  0.64705884 0.5529412 ]  [0.7137255  0.64705884 0.5529412 ]  [0.7137255  0.64705884 0.5529412 ]]]",1.1936190267442726,45312,/home/amos/media/tv/Carnivale S01-S02 web 10bit hevc-d3g/Carnivale S02/Carnivale.S02E10.1080p.WEBRip.10Bit.EAC3.H265-d3g.mkv711,1080,1920,1,148,56,529,148,35052,0.017,"[[[0.         0.         0.        ]  [0.         0.         0.        ]  [0.         0.         0.        ]  ...  [0.85490197 0.77254903 0.6627451 ]  [0.41960785 0.38039216 0.3254902 ]  [0.         0.         0.        ]] [[0.05882353 0.03529412 0.01960784]  [0.05882353 0.03921569 0.02352941]  [0.0627451  0.04313726 0.02745098]  ...  [0.85490197 0.7764706  0.6627451 ]  [0.41960785 0.38039216 0.3254902 ]  [0.         0.         0.        ]] [[0.11764706 0.07450981 0.04313726]  [0.12156863 0.08235294 0.05098039]  [0.1254902  0.08627451 0.05098039]  ...  [0.8509804  0.77254903 0.65882355]  [0.41960785 0.38039216 0.3254902 ]  [0.         0.         0.        ]] ... [[0.         0.         0.        ]  [0.01176471 0.         0.        ]  [0.02745098 0.         0.        ]  ...  [0.7294118  0.64705884 0.5529412 ]  [0.7254902  0.6431373  0.54901963]  [0.72156864 0.63529414 0.54509807]] [[0.         0.         0.        ]  [0.01176471 0.         0.        ]  [0.02745098 0.         0.        ]  ...  [0.35686275 0.31764707 0.27058825]  [0.35686275 0.31764707 0.27058825]  [0.3529412  0.3137255  0.26666668]] [[0.         0.         0.        ]  [0.01176471 0.         0.        ]  [0.02745098 0.         0.        ]  ...  [0.         0.         0.        ]  [0.         0.         0.        ]  [0.         0.         0.        ]]]",7.013215041894,45312,/home/amos/media/tv/Carnivale S01-S02 web 10bit hevc-d3g/Carnivale S02/Carnivale.S02E10.1080p.WEBRip.10Bit.EAC3.H265-d3g.mkv712,1080,1920,2,78,856,611,78,414674,0.2,"[[[0.32156864 0.2509804  0.18039216]  [0.32156864 0.2509804  0.18039216]  [0.3254902  0.25490198 0.18431373]  ...  [0.25882354 0.19215687 0.12941177]  [0.25490198 0.1882353  0.1254902 ]  [0.25490198 0.1882353  0.1254902 ]] [[0.32156864 0.2509804  0.18039216]  [0.32156864 0.2509804  0.18039216]  [0.3254902  0.25490198 0.18431373]  ...  [0.25882354 0.19215687 0.12941177]  [0.25490198 0.1882353  0.1254902 ]  [0.25490198 0.1882353  0.1254902 ]] [[0.32156864 0.2509804  0.1764706 ]  [0.32156864 0.2509804  0.1764706 ]  [0.3254902  0.2509804  0.18039216]  ...  [0.25882354 0.19215687 0.12941177]  [0.25882354 0.19215687 0.12941177]  [0.25882354 0.19215687 0.12941177]] ... [[0.23921569 0.17254902 0.10588235]  [0.23921569 0.17254902 0.10980392]  [0.23921569 0.17254902 0.10980392]  ...  [0.21176471 0.13725491 0.07843138]  [0.22352941 0.15294118 0.09411765]  [0.22352941 0.15294118 0.09411765]] [[0.22745098 0.16078432 0.09803922]  [0.22745098 0.16078432 0.09803922]  [0.23137255 0.16470589 0.10196079]  ...  [0.21176471 0.14117648 0.08235294]  [0.22745098 0.15686275 0.09803922]  [0.22745098 0.15686275 0.09803922]] [[0.22745098 0.16078432 0.09803922]  [0.22745098 0.16078432 0.09803922]  [0.23137255 0.16470589 0.10196079]  ...  [0.21176471 0.14117648 0.08235294]  [0.22745098 0.15686275 0.09803922]  [0.22745098 0.15686275 0.09803922]]]",0.4047281152452342,45312,/home/amos/media/tv/Carnivale S01-S02 web 10bit hevc-d3g/Carnivale S02/Carnivale.S02E10.1080p.WEBRip.10Bit.EAC3.H265-d3g.mkv713,1080,1920,0,102,27,346,102,18300,0.009,"[[[0.5058824  0.42745098 0.3372549 ]  [0.50980395 0.43137255 0.34117648]  [0.52156866 0.44313726 0.3529412 ]  ...  [0.7254902  0.65882355 0.5686275 ]  [0.72156864 0.65882355 0.5686275 ]  [0.72156864 0.65882355 0.5686275 ]] [[0.5058824  0.42745098 0.3372549 ]  [0.50980395 0.43137255 0.34117648]  [0.52156866 0.44313726 0.3529412 ]  ...  [0.7254902  0.6627451  0.57254905]  [0.72156864 0.6627451  0.57254905]  [0.72156864 0.65882355 0.5686275 ]] [[0.5019608  0.42352942 0.33333334]  [0.50980395 0.42745098 0.34117648]  [0.52156866 0.44313726 0.3529412 ]  ...  [0.7294118  0.6666667  0.5764706 ]  [0.7294118  0.6666667  0.5764706 ]  [0.7294118  0.6666667  0.5764706 ]] ... [[0.4627451  0.38431373 0.29411766]  [0.4627451  0.38431373 0.29411766]  [0.4627451  0.38431373 0.29411766]  ...  [0.7019608  0.6392157  0.54509807]  [0.69803923 0.6392157  0.5411765 ]  [0.69803923 0.63529414 0.5411765 ]] [[0.4627451  0.38431373 0.2901961 ]  [0.4627451  0.38431373 0.2901961 ]  [0.4627451  0.38431373 0.2901961 ]  ...  [0.7019608  0.6392157  0.54509807]  [0.69803923 0.6392157  0.5411765 ]  [0.69803923 0.6392157  0.5411765 ]] [[0.4627451  0.38431373 0.2901961 ]  [0.4627451  0.38431373 0.2901961 ]  [0.4627451  0.38431373 0.2901961 ]  ...  [0.69803923 0.6431373  0.54509807]  [0.69803923 0.6392157  0.5411765 ]  [0.69803923 0.6392157  0.5411765 ]]]",1.901782053464558,45336,/home/amos/media/tv/Carnivale S01-S02 web 10bit hevc-d3g/Carnivale S02/Carnivale.S02E10.1080p.WEBRip.10Bit.EAC3.H265-d3g.mkv714,1080,1920,1,141,58,529,141,32204,0.016,"[[[0. 0. 0.]  [0. 0. 0.]  [0. 0. 0.]  ...  [0. 0. 0.]  [0. 0. 0.]  [0. 0. 0.]] [[0. 0. 0.]  [0. 0. 0.]  [0. 0. 0.]  ...  [0. 0. 0.]  [0. 0. 0.]  [0. 0. 0.]] [[0. 0. 0.]  [0. 0. 0.]  [0. 0. 0.]  ...  [0. 0. 0.]  [0. 0. 0.]  [0. 0. 0.]] ... [[0. 0. 0.]  [0. 0. 0.]  [0. 0. 0.]  ...  [0. 0. 0.]  [0. 0. 0.]  [0. 0. 0.]] [[0. 0. 0.]  [0. 0. 0.]  [0. 0. 0.]  ...  [0. 0. 0.]  [0. 0. 0.]  [0. 0. 0.]] [[0. 0. 0.]  [0. 0. 0.]  [0. 0. 0.]  ...  [0. 0. 0.]  [0. 0. 0.]  [0. 0. 0.]]]",6.590385147021152,45336,/home/amos/media/tv/Carnivale S01-S02 web 10bit hevc-d3g/Carnivale S02/Carnivale.S02E10.1080p.WEBRip.10Bit.EAC3.H265-d3g.mkv715,1080,1920,0,97,30,350,97,16951,0.008,"[[[0.7372549  0.65882355 0.56078434]  [0.74509805 0.6666667  0.5686275 ]  [0.7647059  0.6862745  0.5882353 ]  ...  [0.7254902  0.67058825 0.57254905]  [0.7254902  0.67058825 0.57254905]  [0.         0.         0.        ]] [[0.7372549  0.65882355 0.56078434]  [0.74509805 0.6666667  0.5686275 ]  [0.7647059  0.6862745  0.5882353 ]  ...  [0.72156864 0.6666667  0.5686275 ]  [0.7254902  0.67058825 0.57254905]  [0.         0.         0.        ]] [[0.7372549  0.65882355 0.56078434]  [0.74509805 0.6666667  0.5686275 ]  [0.7607843  0.68235296 0.58431375]  ...  [0.72156864 0.6666667  0.5686275 ]  [0.72156864 0.6666667  0.5686275 ]  [0.         0.         0.        ]] ... [[0.4745098  0.39607844 0.29411766]  [0.47843137 0.4        0.29411766]  [0.4862745  0.40784314 0.30588236]  ...  [0.70980394 0.6392157  0.5529412 ]  [0.70980394 0.6392157  0.5529412 ]  [0.         0.         0.        ]] [[0.4745098  0.39607844 0.29411766]  [0.47843137 0.4        0.29803923]  [0.4862745  0.40784314 0.30588236]  ...  [0.70980394 0.6392157  0.5529412 ]  [0.70980394 0.6392157  0.5529412 ]  [0.         0.         0.        ]] [[0.         0.         0.        ]  [0.         0.         0.        ]  [0.         0.         0.        ]  ...  [0.         0.         0.        ]  [0.         0.         0.        ]  [0.         0.         0.        ]]]",0.9359770924202166,45360,/home/amos/media/tv/Carnivale S01-S02 web 10bit hevc-d3g/Carnivale S02/Carnivale.S02E10.1080p.WEBRip.10Bit.EAC3.H265-d3g.mkv716,1080,1920,1,151,59,512,151,33212,0.016,"[[[0. 0. 0.]  [0. 0. 0.]  [0. 0. 0.]  ...  [0. 0. 0.]  [0. 0. 0.]  [0. 0. 0.]] [[0. 0. 0.]  [0. 0. 0.]  [0. 0. 0.]  ...  [0. 0. 0.]  [0. 0. 0.]  [0. 0. 0.]] [[0. 0. 0.]  [0. 0. 0.]  [0. 0. 0.]  ...  [0. 0. 0.]  [0. 0. 0.]  [0. 0. 0.]] ... [[0. 0. 0.]  [0. 0. 0.]  [0. 0. 0.]  ...  [0. 0. 0.]  [0. 0. 0.]  [0. 0. 0.]] [[0. 0. 0.]  [0. 0. 0.]  [0. 0. 0.]  ...  [0. 0. 0.]  [0. 0. 0.]  [0. 0. 0.]] [[0. 0. 0.]  [0. 0. 0.]  [0. 0. 0.]  ...  [0. 0. 0.]  [0. 0. 0.]  [0. 0. 0.]]]",8.743001227616332,45360,/home/amos/media/tv/Carnivale S01-S02 web 10bit hevc-d3g/Carnivale S02/Carnivale.S02E10.1080p.WEBRip.10Bit.EAC3.H265-d3g.mkv717,1080,1920,0,151,56,517,151,34770,0.017,"[[[0. 0. 0.]  [0. 0. 0.]  [0. 0. 0.]  ...  [0. 0. 0.]  [0. 0. 0.]  [0. 0. 0.]] [[0. 0. 0.]  [0. 0. 0.]  [0. 0. 0.]  ...  [0. 0. 0.]  [0. 0. 0.]  [0. 0. 0.]] [[0. 0. 0.]  [0. 0. 0.]  [0. 0. 0.]  ...  [0. 0. 0.]  [0. 0. 0.]  [0. 0. 0.]] ... [[0. 0. 0.]  [0. 0. 0.]  [0. 0. 0.]  ...  [0. 0. 0.]  [0. 0. 0.]  [0. 0. 0.]] [[0. 0. 0.]  [0. 0. 0.]  [0. 0. 0.]  ...  [0. 0. 0.]  [0. 0. 0.]  [0. 0. 0.]] [[0. 0. 0.]  [0. 0. 0.]  [0. 0. 0.]  ...  [0. 0. 0.]  [0. 0. 0.]  [0. 0. 0.]]]",7.912311048596166,45384,/home/amos/media/tv/Carnivale S01-S02 web 10bit hevc-d3g/Carnivale S02/Carnivale.S02E10.1080p.WEBRip.10Bit.EAC3.H265-d3g.mkv718,1080,1920,0,137,62,526,137,29175,0.014,"[[[0. 0. 0.]  [0. 0. 0.]  [0. 0. 0.]  ...  [0. 0. 0.]  [0. 0. 0.]  [0. 0. 0.]] [[0. 0. 0.]  [0. 0. 0.]  [0. 0. 0.]  ...  [0. 0. 0.]  [0. 0. 0.]  [0. 0. 0.]] [[0. 0. 0.]  [0. 0. 0.]  [0. 0. 0.]  ...  [0. 0. 0.]  [0. 0. 0.]  [0. 0. 0.]] ... [[0. 0. 0.]  [0. 0. 0.]  [0. 0. 0.]  ...  [0. 0. 0.]  [0. 0. 0.]  [0. 0. 0.]] [[0. 0. 0.]  [0. 0. 0.]  [0. 0. 0.]  ...  [0. 0. 0.]  [0. 0. 0.]  [0. 0. 0.]] [[0. 0. 0.]  [0. 0. 0.]  [0. 0. 0.]  ...  [0. 0. 0.]  [0. 0. 0.]  [0. 0. 0.]]]",5.180407069041394,45408,/home/amos/media/tv/Carnivale S01-S02 web 10bit hevc-d3g/Carnivale S02/Carnivale.S02E10.1080p.WEBRip.10Bit.EAC3.H265-d3g.mkv719,1080,1920,1,168,301,439,168,36043,0.017,"[[[0.33333334 0.25882354 0.19607843]  [0.31764707 0.24313726 0.1764706 ]  [0.29803923 0.22745098 0.15686275]  ...  [0.38039216 0.24705882 0.17254902]  [0.38039216 0.24705882 0.17254902]  [0.38039216 0.24705882 0.17254902]] [[0.31764707 0.24313726 0.18039216]  [0.30588236 0.23529412 0.16862746]  [0.29803923 0.22745098 0.15686275]  ...  [0.38039216 0.24705882 0.17254902]  [0.3764706  0.24313726 0.17254902]  [0.38039216 0.24705882 0.17254902]] [[0.30980393 0.23529412 0.17254902]  [0.3019608  0.23137255 0.16078432]  [0.29803923 0.22745098 0.15686275]  ...  [0.3764706  0.24313726 0.16862746]  [0.3764706  0.24313726 0.16862746]  [0.38039216 0.24705882 0.17254902]] ... [[0.08235294 0.03921569 0.00392157]  [0.08235294 0.04313726 0.00784314]  [0.09019608 0.04705882 0.01176471]  ...  [0.3764706  0.32156864 0.26666668]  [0.3647059  0.30980393 0.25490198]  [0.34901962 0.29411766 0.23921569]] [[0.08235294 0.03921569 0.00392157]  [0.08627451 0.04313726 0.00784314]  [0.09411765 0.05098039 0.01568628]  ...  [0.36862746 0.3137255  0.25882354]  [0.3529412  0.29803923 0.24313726]  [0.34117648 0.28627452 0.23137255]] [[0.07843138 0.03529412 0.        ]  [0.08627451 0.04313726 0.00784314]  [0.09803922 0.05490196 0.01960784]  ...  [0.36078432 0.30588236 0.2509804 ]  [0.34509805 0.2901961  0.23529412]  [0.32941177 0.27450982 0.21960784]]]",1.2605870076804422,45408,/home/amos/media/tv/Carnivale S01-S02 web 10bit hevc-d3g/Carnivale S02/Carnivale.S02E10.1080p.WEBRip.10Bit.EAC3.H265-d3g.mkv720,1080,1920,0,148,73,525,148,28275,0.014,"[[[0. 0. 0.]  [0. 0. 0.]  [0. 0. 0.]  ...  [0. 0. 0.]  [0. 0. 0.]  [0. 0. 0.]] [[0. 0. 0.]  [0. 0. 0.]  [0. 0. 0.]  ...  [0. 0. 0.]  [0. 0. 0.]  [0. 0. 0.]] [[0. 0. 0.]  [0. 0. 0.]  [0. 0. 0.]  ...  [0. 0. 0.]  [0. 0. 0.]  [0. 0. 0.]] ... [[0. 0. 0.]  [0. 0. 0.]  [0. 0. 0.]  ...  [0. 0. 0.]  [0. 0. 0.]  [0. 0. 0.]] [[0. 0. 0.]  [0. 0. 0.]  [0. 0. 0.]  ...  [0. 0. 0.]  [0. 0. 0.]  [0. 0. 0.]] [[0. 0. 0.]  [0. 0. 0.]  [0. 0. 0.]  ...  [0. 0. 0.]  [0. 0. 0.]  [0. 0. 0.]]]",5.313262066687457,45432,/home/amos/media/tv/Carnivale S01-S02 web 10bit hevc-d3g/Carnivale S02/Carnivale.S02E10.1080p.WEBRip.10Bit.EAC3.H265-d3g.mkv721,1080,1920,0,204,99,1102,204,94290,0.045,"[[[0. 0. 0.]  [0. 0. 0.]  [0. 0. 0.]  ...  [0. 0. 0.]  [0. 0. 0.]  [0. 0. 0.]] [[0. 0. 0.]  [0. 0. 0.]  [0. 0. 0.]  ...  [0. 0. 0.]  [0. 0. 0.]  [0. 0. 0.]] [[0. 0. 0.]  [0. 0. 0.]  [0. 0. 0.]  ...  [0. 0. 0.]  [0. 0. 0.]  [0. 0. 0.]] ... [[0. 0. 0.]  [0. 0. 0.]  [0. 0. 0.]  ...  [0. 0. 0.]  [0. 0. 0.]  [0. 0. 0.]] [[0. 0. 0.]  [0. 0. 0.]  [0. 0. 0.]  ...  [0. 0. 0.]  [0. 0. 0.]  [0. 0. 0.]] [[0. 0. 0.]  [0. 0. 0.]  [0. 0. 0.]  ...  [0. 0. 0.]  [0. 0. 0.]  [0. 0. 0.]]]",4.635352995828725,45456,/home/amos/media/tv/Carnivale S01-S02 web 10bit hevc-d3g/Carnivale S02/Carnivale.S02E10.1080p.WEBRip.10Bit.EAC3.H265-d3g.mkv722,1080,1920,1,136,473,1198,136,357894,0.173,"[[[0.3529412  0.21960784 0.15686275]  [0.3529412  0.21960784 0.15686275]  [0.3529412  0.21960784 0.15686275]  ...  [0.34509805 0.21568628 0.15686275]  [0.34509805 0.21568628 0.15686275]  [0.34509805 0.21568628 0.15686275]] [[0.3529412  0.21960784 0.15686275]  [0.3529412  0.21960784 0.15686275]  [0.3529412  0.21960784 0.15686275]  ...  [0.34901962 0.21176471 0.15686275]  [0.34901962 0.21176471 0.15686275]  [0.34901962 0.21176471 0.15686275]] [[0.3529412  0.21960784 0.15686275]  [0.3529412  0.21960784 0.15686275]  [0.3529412  0.21960784 0.15686275]  ...  [0.3529412  0.21176471 0.15686275]  [0.3529412  0.21176471 0.15686275]  [0.3529412  0.21176471 0.15686275]] ... [[0.47058824 0.4        0.3647059 ]  [0.4509804  0.38039216 0.34509805]  [0.41960785 0.34901962 0.3137255 ]  ...  [0.03529412 0.01176471 0.02745098]  [0.03921569 0.01568628 0.03137255]  [0.04313726 0.01960784 0.03529412]] [[0.4745098  0.4        0.3647059 ]  [0.44705883 0.3764706  0.3372549 ]  [0.40784314 0.3372549  0.29803923]  ...  [0.03529412 0.01176471 0.02745098]  [0.03921569 0.01568628 0.03529412]  [0.04705882 0.02352941 0.03921569]] [[0.4745098  0.40392157 0.3647059 ]  [0.44313726 0.37254903 0.33333334]  [0.4        0.32941177 0.2901961 ]  ...  [0.03529412 0.01176471 0.03137255]  [0.04313726 0.01960784 0.03921569]  [0.04705882 0.02352941 0.04313726]]]",2.6714500501402654,45456,/home/amos/media/tv/Carnivale S01-S02 web 10bit hevc-d3g/Carnivale S02/Carnivale.S02E10.1080p.WEBRip.10Bit.EAC3.H265-d3g.mkv723,1080,1920,0,215,91,1097,215,109368,0.053,"[[[0.         0.         0.        ]  [0.         0.         0.        ]  [0.5568628  0.49411765 0.42352942]  ...  [0.         0.         0.        ]  [0.         0.         0.        ]  [0.         0.         0.        ]] [[0.         0.         0.        ]  [0.         0.         0.        ]  [0.5686275  0.5019608  0.43137255]  ...  [0.16470589 0.11764706 0.07450981]  [0.         0.         0.        ]  [0.         0.         0.        ]] [[0.         0.         0.        ]  [0.54509807 0.48235294 0.41960785]  [0.6313726  0.56078434 0.4862745 ]  ...  [0.19215687 0.14117648 0.09019608]  [0.1764706  0.1254902  0.07843138]  [0.15686275 0.10980392 0.0627451 ]] ... [[0.5372549  0.4745098  0.40392157]  [0.53333336 0.4745098  0.4       ]  [0.5803922  0.5176471  0.43529412]  ...  [0.23529412 0.12941177 0.1254902 ]  [0.20392157 0.11372549 0.10980392]  [0.         0.         0.        ]] [[0.         0.         0.        ]  [0.         0.         0.        ]  [0.49803922 0.4392157  0.37254903]  ...  [0.21176471 0.11372549 0.11372549]  [0.         0.         0.        ]  [0.         0.         0.        ]] [[0.         0.         0.        ]  [0.         0.         0.        ]  [0.         0.         0.        ]  ...  [0.20784314 0.11372549 0.10980392]  [0.         0.         0.        ]  [0.         0.         0.        ]]]",4.071329164493363,45480,/home/amos/media/tv/Carnivale S01-S02 web 10bit hevc-d3g/Carnivale S02/Carnivale.S02E10.1080p.WEBRip.10Bit.EAC3.H265-d3g.mkv724,1080,1920,0,218,90,1097,218,112512,0.054,"[[[0. 0. 0.]  [0. 0. 0.]  [0. 0. 0.]  ...  [0. 0. 0.]  [0. 0. 0.]  [0. 0. 0.]] [[0. 0. 0.]  [0. 0. 0.]  [0. 0. 0.]  ...  [0. 0. 0.]  [0. 0. 0.]  [0. 0. 0.]] [[0. 0. 0.]  [0. 0. 0.]  [0. 0. 0.]  ...  [0. 0. 0.]  [0. 0. 0.]  [0. 0. 0.]] ... [[0. 0. 0.]  [0. 0. 0.]  [0. 0. 0.]  ...  [0. 0. 0.]  [0. 0. 0.]  [0. 0. 0.]] [[0. 0. 0.]  [0. 0. 0.]  [0. 0. 0.]  ...  [0. 0. 0.]  [0. 0. 0.]  [0. 0. 0.]] [[0. 0. 0.]  [0. 0. 0.]  [0. 0. 0.]  ...  [0. 0. 0.]  [0. 0. 0.]  [0. 0. 0.]]]",3.9252749620354734,45504,/home/amos/media/tv/Carnivale S01-S02 web 10bit hevc-d3g/Carnivale S02/Carnivale.S02E10.1080p.WEBRip.10Bit.EAC3.H265-d3g.mkv725,1080,1920,0,134,483,1181,134,365403,0.176,"[[[0.34901962 0.21568628 0.15294118]  [0.34901962 0.21176471 0.14901961]  [0.3529412  0.21176471 0.14901961]  ...  [0.3372549  0.19607843 0.14901961]  [0.32941177 0.18431373 0.13333334]  [0.32156864 0.1764706  0.12156863]] [[0.34901962 0.21568628 0.15294118]  [0.34901962 0.21568628 0.15294118]  [0.3529412  0.21568628 0.15294118]  ...  [0.33333334 0.19215687 0.14509805]  [0.3254902  0.18039216 0.12941177]  [0.31764707 0.17254902 0.11764706]] [[0.34901962 0.21568628 0.15294118]  [0.3529412  0.21568628 0.15294118]  [0.35686275 0.21960784 0.15686275]  ...  [0.32941177 0.1882353  0.14117648]  [0.32156864 0.1764706  0.1254902 ]  [0.31764707 0.17254902 0.11764706]] ... [[0.42745098 0.36078432 0.30980393]  [0.45882353 0.3882353  0.34117648]  [0.5019608  0.43529412 0.3882353 ]  ...  [0.03921569 0.01568628 0.03137255]  [0.02745098 0.00784314 0.02352941]  [0.01960784 0.         0.01568628]] [[0.44313726 0.3764706  0.32156864]  [0.47058824 0.40784314 0.35686275]  [0.5176471  0.45490196 0.40784314]  ...  [0.03529412 0.01176471 0.02745098]  [0.02352941 0.00392157 0.01960784]  [0.01568628 0.         0.01176471]] [[0.4509804  0.38431373 0.33333334]  [0.48235294 0.41568628 0.36862746]  [0.5294118  0.46666667 0.41960785]  ...  [0.03529412 0.01176471 0.02745098]  [0.02352941 0.00392157 0.01568628]  [0.01568628 0.         0.01176471]]]",3.0673929829499684,45528,/home/amos/media/tv/Carnivale S01-S02 web 10bit hevc-d3g/Carnivale S02/Carnivale.S02E10.1080p.WEBRip.10Bit.EAC3.H265-d3g.mkv726,1080,1920,0,202,83,1070,202,103292,0.05,"[[[0. 0. 0.]  [0. 0. 0.]  [0. 0. 0.]  ...  [0. 0. 0.]  [0. 0. 0.]  [0. 0. 0.]] [[0. 0. 0.]  [0. 0. 0.]  [0. 0. 0.]  ...  [0. 0. 0.]  [0. 0. 0.]  [0. 0. 0.]] [[0. 0. 0.]  [0. 0. 0.]  [0. 0. 0.]  ...  [0. 0. 0.]  [0. 0. 0.]  [0. 0. 0.]] ... [[0. 0. 0.]  [0. 0. 0.]  [0. 0. 0.]  ...  [0. 0. 0.]  [0. 0. 0.]  [0. 0. 0.]] [[0. 0. 0.]  [0. 0. 0.]  [0. 0. 0.]  ...  [0. 0. 0.]  [0. 0. 0.]  [0. 0. 0.]] [[0. 0. 0.]  [0. 0. 0.]  [0. 0. 0.]  ...  [0. 0. 0.]  [0. 0. 0.]  [0. 0. 0.]]]",1.8186371875344776,45552,/home/amos/media/tv/Carnivale S01-S02 web 10bit hevc-d3g/Carnivale S02/Carnivale.S02E10.1080p.WEBRip.10Bit.EAC3.H265-d3g.mkv727,1080,1920,1,132,486,1169,132,367098,0.177,"[[[0.35686275 0.24313726 0.16470589]  [0.35686275 0.24705882 0.16470589]  [0.35686275 0.2509804  0.16862746]  ...  [0.3372549  0.20392157 0.14509805]  [0.33333334 0.2        0.14117648]  [0.32941177 0.19607843 0.13725491]] [[0.3529412  0.23921569 0.16078432]  [0.3529412  0.24313726 0.16078432]  [0.3529412  0.24705882 0.16470589]  ...  [0.34117648 0.20784314 0.14901961]  [0.33333334 0.20392157 0.14117648]  [0.33333334 0.2        0.14117648]] [[0.34901962 0.23529412 0.15686275]  [0.34509805 0.23529412 0.15686275]  [0.34509805 0.23921569 0.15686275]  ...  [0.34509805 0.21176471 0.15294118]  [0.34117648 0.20784314 0.14901961]  [0.3372549  0.20392157 0.14509805]] ... [[0.4392157  0.36862746 0.32941177]  [0.46666667 0.39607844 0.35686275]  [0.50980395 0.4392157  0.4       ]  ...  [0.03529412 0.01568628 0.02352941]  [0.04705882 0.02745098 0.03529412]  [0.05882353 0.03921569 0.04705882]] [[0.4627451  0.39215687 0.3529412 ]  [0.49019608 0.41960785 0.38039216]  [0.5294118  0.45882353 0.41960785]  ...  [0.03137255 0.01176471 0.01960784]  [0.03137255 0.01176471 0.01960784]  [0.03137255 0.01568628 0.01960784]] [[0.47843137 0.40784314 0.36862746]  [0.5019608  0.43137255 0.39215687]  [0.5411765  0.4745098  0.43137255]  ...  [0.02745098 0.00784314 0.01568628]  [0.01960784 0.00392157 0.00784314]  [0.01568628 0.         0.00392157]]]",3.185351113032084,45552,/home/amos/media/tv/Carnivale S01-S02 web 10bit hevc-d3g/Carnivale S02/Carnivale.S02E10.1080p.WEBRip.10Bit.EAC3.H265-d3g.mkv728,1080,1920,0,214,168,1069,214,39330,0.019,"[[[0.16078432 0.09411765 0.05882353]  [0.14117648 0.08235294 0.03921569]  [0.14117648 0.08235294 0.03921569]  ...  [0.14117648 0.09019608 0.05490196]  [0.12941177 0.08627451 0.05098039]  [0.         0.         0.        ]] [[0.15294118 0.08627451 0.05490196]  [0.13725491 0.07843138 0.03921569]  [0.14117648 0.08235294 0.04313726]  ...  [0.14117648 0.09019608 0.05490196]  [0.12941177 0.08627451 0.05098039]  [0.         0.         0.        ]] [[0.14509805 0.07843138 0.04705882]  [0.13333334 0.07450981 0.03529412]  [0.13725491 0.07843138 0.03921569]  ...  [0.14509805 0.09411765 0.05882353]  [0.12941177 0.09019608 0.05098039]  [0.         0.         0.        ]] ... [[0.6        0.5294118  0.4509804 ]  [0.59607846 0.5294118  0.4509804 ]  [0.59607846 0.5294118  0.4509804 ]  ...  [0.27450982 0.16862746 0.1764706 ]  [0.27058825 0.16862746 0.1764706 ]  [0.         0.         0.        ]] [[0.6        0.5294118  0.4509804 ]  [0.5921569  0.5254902  0.44705883]  [0.5921569  0.5254902  0.44705883]  ...  [0.2784314  0.17254902 0.18039216]  [0.2784314  0.1764706  0.18431373]  [0.         0.         0.        ]] [[0.         0.         0.        ]  [0.         0.         0.        ]  [0.         0.         0.        ]  ...  [0.         0.         0.        ]  [0.         0.         0.        ]  [0.         0.         0.        ]]]",3.036872159864288,45576,/home/amos/media/tv/Carnivale S01-S02 web 10bit hevc-d3g/Carnivale S02/Carnivale.S02E10.1080p.WEBRip.10Bit.EAC3.H265-d3g.mkv729,1080,1920,0,203,167,1097,203,32184,0.016,"[[[0.11372549 0.07843138 0.03137255]  [0.10980392 0.07450981 0.02745098]  [0.11372549 0.07843138 0.03137255]  ...  [0.19607843 0.13725491 0.07058824]  [0.19215687 0.13333334 0.07058824]  [0.1882353  0.12941177 0.06666667]] [[0.10196079 0.06666667 0.01960784]  [0.10196079 0.06666667 0.01960784]  [0.10588235 0.07058824 0.02352941]  ...  [0.19215687 0.13333334 0.06666667]  [0.1882353  0.12941177 0.06666667]  [0.18431373 0.1254902  0.0627451 ]] [[0.09803922 0.0627451  0.01568628]  [0.10196079 0.06666667 0.01960784]  [0.10588235 0.07058824 0.02352941]  ...  [0.1882353  0.12941177 0.0627451 ]  [0.18431373 0.1254902  0.0627451 ]  [0.18039216 0.12156863 0.05882353]] ... [[0.25882354 0.14901961 0.10196079]  [0.2627451  0.15294118 0.10588235]  [0.27058825 0.16078432 0.11372549]  ...  [0.627451   0.5529412  0.47058824]  [0.627451   0.5529412  0.47058824]  [0.627451   0.5529412  0.47058824]] [[0.2509804  0.14509805 0.09411765]  [0.25490198 0.14901961 0.09803922]  [0.2627451  0.15294118 0.10588235]  ...  [0.62352943 0.5529412  0.47058824]  [0.627451   0.5529412  0.47058824]  [0.627451   0.5529412  0.47058824]] [[0.24313726 0.13333334 0.08627451]  [0.24705882 0.14117648 0.09411765]  [0.25490198 0.14901961 0.09803922]  ...  [0.62352943 0.5529412  0.47058824]  [0.627451   0.5529412  0.47058824]  [0.627451   0.5529412  0.47058824]]]",4.756589966767933,45600,/home/amos/media/tv/Carnivale S01-S02 web 10bit hevc-d3g/Carnivale S02/Carnivale.S02E10.1080p.WEBRip.10Bit.EAC3.H265-d3g.mkv730,1080,1920,0,136,223,1032,136,77952,0.038,"[[[0.49803922 0.44705883 0.39607844]  [0.49803922 0.44705883 0.39607844]  [0.49803922 0.44705883 0.39607844]  ...  [0.4117647  0.40392157 0.44313726]  [0.40784314 0.4        0.4392157 ]  [0.40784314 0.4        0.4392157 ]] [[0.49803922 0.44705883 0.39607844]  [0.49803922 0.44705883 0.39607844]  [0.49803922 0.44705883 0.39607844]  ...  [0.40784314 0.40392157 0.44313726]  [0.40784314 0.4        0.4392157 ]  [0.40784314 0.4        0.4392157 ]] [[0.49803922 0.44705883 0.39607844]  [0.49803922 0.44705883 0.39607844]  [0.49803922 0.44705883 0.39607844]  ...  [0.40784314 0.40392157 0.44313726]  [0.40392157 0.4        0.4392157 ]  [0.40392157 0.4        0.4392157 ]] ... [[0.50980395 0.44313726 0.39607844]  [0.50980395 0.44313726 0.39607844]  [0.50980395 0.44313726 0.39607844]  ...  [0.61960787 0.6156863  0.654902  ]  [0.6117647  0.60784316 0.64705884]  [0.60784316 0.6039216  0.6431373 ]] [[0.50980395 0.44313726 0.39607844]  [0.50980395 0.44313726 0.39607844]  [0.50980395 0.44313726 0.39607844]  ...  [0.6313726  0.627451   0.6666667 ]  [0.62352943 0.61960787 0.65882355]  [0.6156863  0.6117647  0.6509804 ]] [[0.50980395 0.44313726 0.39607844]  [0.50980395 0.44313726 0.39607844]  [0.50980395 0.44313726 0.39607844]  ...  [0.6431373  0.6392157  0.6784314 ]  [0.6313726  0.627451   0.6666667 ]  [0.62352943 0.61960787 0.65882355]]]",1.5097799827344716,45624,/home/amos/media/tv/Carnivale S01-S02 web 10bit hevc-d3g/Carnivale S02/Carnivale.S02E10.1080p.WEBRip.10Bit.EAC3.H265-d3g.mkv731,1080,1920,0,50,472,797,50,315234,0.152,"[[[0.43137255 0.34901962 0.40784314]  [0.43137255 0.34901962 0.40784314]  [0.43137255 0.34901962 0.40784314]  ...  [0.48235294 0.47058824 0.49411765]  [0.48235294 0.47058824 0.49411765]  [0.48235294 0.47058824 0.49411765]] [[0.43137255 0.34901962 0.40784314]  [0.43137255 0.34901962 0.40784314]  [0.43137255 0.34901962 0.40784314]  ...  [0.48235294 0.47058824 0.49411765]  [0.48235294 0.47058824 0.49411765]  [0.48235294 0.47058824 0.49411765]] [[0.43137255 0.34901962 0.40784314]  [0.43137255 0.34901962 0.40784314]  [0.43137255 0.34901962 0.40784314]  ...  [0.48235294 0.47058824 0.49411765]  [0.48235294 0.47058824 0.49411765]  [0.48235294 0.47058824 0.49411765]] ... [[0.49803922 0.43137255 0.4745098 ]  [0.49803922 0.43137255 0.4745098 ]  [0.49411765 0.43137255 0.4745098 ]  ...  [0.7529412  0.6509804  0.6666667 ]  [0.7490196  0.64705884 0.6666667 ]  [0.7490196  0.64705884 0.6666667 ]] [[0.49803922 0.43137255 0.4745098 ]  [0.49803922 0.43137255 0.4745098 ]  [0.49411765 0.42745098 0.47058824]  ...  [0.7490196  0.64705884 0.6666667 ]  [0.7490196  0.64705884 0.6666667 ]  [0.7490196  0.64705884 0.6666667 ]] [[0.49803922 0.43137255 0.4745098 ]  [0.49803922 0.43137255 0.4745098 ]  [0.49411765 0.42745098 0.47058824]  ...  [0.7490196  0.64705884 0.6666667 ]  [0.7490196  0.64705884 0.6666667 ]  [0.7490196  0.64705884 0.6666667 ]]]",2.106742100266274,45672,/home/amos/media/tv/Carnivale S01-S02 web 10bit hevc-d3g/Carnivale S02/Carnivale.S02E10.1080p.WEBRip.10Bit.EAC3.H265-d3g.mkv732,1080,1920,0,68,49,1779,68,32509,0.016,"[[[0.73333335 0.69411767 0.5686275 ]  [0.73333335 0.69411767 0.5686275 ]  [0.7372549  0.69803923 0.57254905]  ...  [0.7058824  0.6745098  0.54509807]  [0.7019608  0.67058825 0.5411765 ]  [0.7019608  0.67058825 0.5411765 ]] [[0.73333335 0.69411767 0.5686275 ]  [0.73333335 0.69411767 0.5686275 ]  [0.7372549  0.69803923 0.57254905]  ...  [0.7058824  0.6745098  0.54509807]  [0.7019608  0.67058825 0.5411765 ]  [0.7019608  0.67058825 0.5411765 ]] [[0.73333335 0.69411767 0.5686275 ]  [0.73333335 0.69411767 0.5686275 ]  [0.7372549  0.69803923 0.57254905]  ...  [0.7058824  0.6745098  0.54509807]  [0.7019608  0.67058825 0.5411765 ]  [0.7019608  0.67058825 0.5411765 ]] ... [[0.7607843  0.7176471  0.5921569 ]  [0.7607843  0.7176471  0.5921569 ]  [0.7607843  0.7176471  0.5921569 ]  ...  [0.63529414 0.60784316 0.49803922]  [0.63529414 0.6117647  0.5019608 ]  [0.63529414 0.6117647  0.5019608 ]] [[0.7607843  0.7176471  0.5921569 ]  [0.7607843  0.7176471  0.5921569 ]  [0.7607843  0.7176471  0.5921569 ]  ...  [0.63529414 0.6117647  0.5019608 ]  [0.63529414 0.6117647  0.5019608 ]  [0.63529414 0.6117647  0.5019608 ]] [[0.7607843  0.7176471  0.5921569 ]  [0.7607843  0.7176471  0.5921569 ]  [0.7607843  0.7176471  0.5921569 ]  ...  [0.63529414 0.6117647  0.5019608 ]  [0.63529414 0.6117647  0.5019608 ]  [0.63529414 0.6117647  0.5019608 ]]]",0.6524870000430383,45720,/home/amos/media/tv/Carnivale S01-S02 web 10bit hevc-d3g/Carnivale S02/Carnivale.S02E10.1080p.WEBRip.10Bit.EAC3.H265-d3g.mkv733,1080,1920,0,156,44,1163,156,112784,0.054,"[[[0. 0. 0.]  [0. 0. 0.]  [0. 0. 0.]  ...  [0. 0. 0.]  [0. 0. 0.]  [0. 0. 0.]] [[0. 0. 0.]  [0. 0. 0.]  [0. 0. 0.]  ...  [0. 0. 0.]  [0. 0. 0.]  [0. 0. 0.]] [[0. 0. 0.]  [0. 0. 0.]  [0. 0. 0.]  ...  [0. 0. 0.]  [0. 0. 0.]  [0. 0. 0.]] ... [[0. 0. 0.]  [0. 0. 0.]  [0. 0. 0.]  ...  [0. 0. 0.]  [0. 0. 0.]  [0. 0. 0.]] [[0. 0. 0.]  [0. 0. 0.]  [0. 0. 0.]  ...  [0. 0. 0.]  [0. 0. 0.]  [0. 0. 0.]] [[0. 0. 0.]  [0. 0. 0.]  [0. 0. 0.]  ...  [0. 0. 0.]  [0. 0. 0.]  [0. 0. 0.]]]",4.5454931281274185,45744,/home/amos/media/tv/Carnivale S01-S02 web 10bit hevc-d3g/Carnivale S02/Carnivale.S02E10.1080p.WEBRip.10Bit.EAC3.H265-d3g.mkv734,1080,1920,0,183,80,702,183,53457,0.026,"[[[0. 0. 0.]  [0. 0. 0.]  [0. 0. 0.]  ...  [0. 0. 0.]  [0. 0. 0.]  [0. 0. 0.]] [[0. 0. 0.]  [0. 0. 0.]  [0. 0. 0.]  ...  [0. 0. 0.]  [0. 0. 0.]  [0. 0. 0.]] [[0. 0. 0.]  [0. 0. 0.]  [0. 0. 0.]  ...  [0. 0. 0.]  [0. 0. 0.]  [0. 0. 0.]] ... [[0. 0. 0.]  [0. 0. 0.]  [0. 0. 0.]  ...  [0. 0. 0.]  [0. 0. 0.]  [0. 0. 0.]] [[0. 0. 0.]  [0. 0. 0.]  [0. 0. 0.]  ...  [0. 0. 0.]  [0. 0. 0.]  [0. 0. 0.]] [[0. 0. 0.]  [0. 0. 0.]  [0. 0. 0.]  ...  [0. 0. 0.]  [0. 0. 0.]  [0. 0. 0.]]]",4.4475511109340005,45768,/home/amos/media/tv/Carnivale S01-S02 web 10bit hevc-d3g/Carnivale S02/Carnivale.S02E10.1080p.WEBRip.10Bit.EAC3.H265-d3g.mkv735,1080,1920,1,56,373,1122,56,337922,0.163,"[[[0.35686275 0.3019608  0.23529412]  [0.35686275 0.3019608  0.23529412]  [0.3529412  0.29803923 0.23137255]  ...  [0.3372549  0.28235295 0.22352941]  [0.34117648 0.28627452 0.22745098]  [0.34117648 0.28627452 0.22745098]] [[0.35686275 0.3019608  0.23529412]  [0.35686275 0.3019608  0.23529412]  [0.3529412  0.29803923 0.23137255]  ...  [0.3372549  0.28235295 0.22352941]  [0.34117648 0.28627452 0.22745098]  [0.34117648 0.28627452 0.22745098]] [[0.35686275 0.3019608  0.23529412]  [0.35686275 0.3019608  0.23529412]  [0.3529412  0.29803923 0.23529412]  ...  [0.3372549  0.28235295 0.22352941]  [0.3372549  0.28235295 0.22745098]  [0.3372549  0.28235295 0.22745098]] ... [[0.36078432 0.29803923 0.23529412]  [0.36078432 0.29803923 0.23529412]  [0.36078432 0.29803923 0.23529412]  ...  [0.61960787 0.54901963 0.4862745 ]  [0.6156863  0.54901963 0.48235294]  [0.6156863  0.54901963 0.48235294]] [[0.3647059  0.3019608  0.23921569]  [0.3647059  0.3019608  0.23921569]  [0.3647059  0.3019608  0.23921569]  ...  [0.6156863  0.54509807 0.48235294]  [0.6156863  0.54509807 0.48235294]  [0.6156863  0.54509807 0.48235294]] [[0.3647059  0.3019608  0.23921569]  [0.3647059  0.3019608  0.23921569]  [0.3647059  0.3019608  0.23921569]  ...  [0.6156863  0.54509807 0.48235294]  [0.6156863  0.54509807 0.48235294]  [0.6156863  0.54509807 0.48235294]]]",2.6807200395851396,45768,/home/amos/media/tv/Carnivale S01-S02 web 10bit hevc-d3g/Carnivale S02/Carnivale.S02E10.1080p.WEBRip.10Bit.EAC3.H265-d3g.mkv736,1080,1920,0,54,176,1111,54,128954,0.062,"[[[0.41960785 0.36078432 0.28627452]  [0.41960785 0.36078432 0.28627452]  [0.41568628 0.35686275 0.28235295]  ...  [0.63529414 0.58431375 0.5058824 ]  [0.6392157  0.5882353  0.50980395]  [0.6392157  0.5882353  0.50980395]] [[0.41960785 0.36078432 0.28627452]  [0.41960785 0.36078432 0.28627452]  [0.41568628 0.35686275 0.28235295]  ...  [0.63529414 0.58431375 0.5058824 ]  [0.6392157  0.5882353  0.50980395]  [0.6392157  0.5882353  0.50980395]] [[0.41960785 0.36078432 0.28627452]  [0.41960785 0.36078432 0.28627452]  [0.41568628 0.35686275 0.28235295]  ...  [0.63529414 0.58431375 0.5058824 ]  [0.6392157  0.5882353  0.50980395]  [0.6392157  0.5882353  0.50980395]] ... [[0.34901962 0.2901961  0.21568628]  [0.34901962 0.2901961  0.21568628]  [0.34901962 0.2901961  0.21568628]  ...  [0.6039216  0.5529412  0.49019608]  [0.6039216  0.5529412  0.49019608]  [0.6039216  0.5529412  0.49019608]] [[0.34901962 0.2901961  0.21568628]  [0.34901962 0.2901961  0.21568628]  [0.34901962 0.2901961  0.21568628]  ...  [0.6039216  0.5529412  0.49019608]  [0.6039216  0.5529412  0.49019608]  [0.6039216  0.5529412  0.49019608]] [[0.34901962 0.2901961  0.21568628]  [0.34901962 0.2901961  0.21568628]  [0.34901962 0.2901961  0.21568628]  ...  [0.6039216  0.5529412  0.49019608]  [0.6039216  0.5529412  0.49019608]  [0.6039216  0.5529412  0.49019608]]]",2.858026069996413,45792,/home/amos/media/tv/Carnivale S01-S02 web 10bit hevc-d3g/Carnivale S02/Carnivale.S02E10.1080p.WEBRip.10Bit.EAC3.H265-d3g.mkv737,1080,1920,1,186,79,620,186,46438,0.022,"[[[0. 0. 0.]  [0. 0. 0.]  [0. 0. 0.]  ...  [0. 0. 0.]  [0. 0. 0.]  [0. 0. 0.]] [[0. 0. 0.]  [0. 0. 0.]  [0. 0. 0.]  ...  [0. 0. 0.]  [0. 0. 0.]  [0. 0. 0.]] [[0. 0. 0.]  [0. 0. 0.]  [0. 0. 0.]  ...  [0. 0. 0.]  [0. 0. 0.]  [0. 0. 0.]] ... [[0. 0. 0.]  [0. 0. 0.]  [0. 0. 0.]  ...  [0. 0. 0.]  [0. 0. 0.]  [0. 0. 0.]] [[0. 0. 0.]  [0. 0. 0.]  [0. 0. 0.]  ...  [0. 0. 0.]  [0. 0. 0.]  [0. 0. 0.]] [[0. 0. 0.]  [0. 0. 0.]  [0. 0. 0.]  ...  [0. 0. 0.]  [0. 0. 0.]  [0. 0. 0.]]]",8.340370113612153,45792,/home/amos/media/tv/Carnivale S01-S02 web 10bit hevc-d3g/Carnivale S02/Carnivale.S02E10.1080p.WEBRip.10Bit.EAC3.H265-d3g.mkv738,1080,1920,2,57,366,1097,57,321360,0.155,"[[[0.38039216 0.31764707 0.25882354]  [0.38039216 0.31764707 0.25882354]  [0.3764706  0.3137255  0.25490198]  ...  [0.3529412  0.3019608  0.23137255]  [0.35686275 0.3019608  0.23529412]  [0.35686275 0.3019608  0.23529412]] [[0.38039216 0.31764707 0.25882354]  [0.38039216 0.31764707 0.25882354]  [0.3764706  0.3137255  0.25490198]  ...  [0.3529412  0.3019608  0.23529412]  [0.35686275 0.3019608  0.23529412]  [0.35686275 0.3019608  0.23529412]] [[0.38039216 0.31764707 0.25882354]  [0.38039216 0.31764707 0.25882354]  [0.3764706  0.3137255  0.25490198]  ...  [0.3529412  0.29803923 0.23137255]  [0.3529412  0.29803923 0.23137255]  [0.3529412  0.29803923 0.23137255]] ... [[0.31764707 0.2627451  0.2       ]  [0.31764707 0.2627451  0.2       ]  [0.31764707 0.2627451  0.2       ]  ...  [0.59607846 0.5372549  0.47843137]  [0.59607846 0.5372549  0.47843137]  [0.59607846 0.5372549  0.47843137]] [[0.32156864 0.26666668 0.20392157]  [0.32156864 0.26666668 0.20392157]  [0.32156864 0.26666668 0.20392157]  ...  [0.59607846 0.5372549  0.47843137]  [0.59607846 0.5372549  0.47843137]  [0.59607846 0.5372549  0.47843137]] [[0.32156864 0.26666668 0.20392157]  [0.32156864 0.26666668 0.20392157]  [0.32156864 0.26666668 0.20392157]  ...  [0.59607846 0.5372549  0.47843137]  [0.59607846 0.5372549  0.47843137]  [0.59607846 0.5372549  0.47843137]]]",2.981701032433193,45792,/home/amos/media/tv/Carnivale S01-S02 web 10bit hevc-d3g/Carnivale S02/Carnivale.S02E10.1080p.WEBRip.10Bit.EAC3.H265-d3g.mkv739,1080,1920,0,133,93,595,133,18480,0.009,"[[[0. 0. 0.]  [0. 0. 0.]  [0. 0. 0.]  ...  [0. 0. 0.]  [0. 0. 0.]  [0. 0. 0.]] [[0. 0. 0.]  [0. 0. 0.]  [0. 0. 0.]  ...  [0. 0. 0.]  [0. 0. 0.]  [0. 0. 0.]] [[0. 0. 0.]  [0. 0. 0.]  [0. 0. 0.]  ...  [0. 0. 0.]  [0. 0. 0.]  [0. 0. 0.]] ... [[0. 0. 0.]  [0. 0. 0.]  [0. 0. 0.]  ...  [0. 0. 0.]  [0. 0. 0.]  [0. 0. 0.]] [[0. 0. 0.]  [0. 0. 0.]  [0. 0. 0.]  ...  [0. 0. 0.]  [0. 0. 0.]  [0. 0. 0.]] [[0. 0. 0.]  [0. 0. 0.]  [0. 0. 0.]  ...  [0. 0. 0.]  [0. 0. 0.]  [0. 0. 0.]]]",6.545319062599447,45816,/home/amos/media/tv/Carnivale S01-S02 web 10bit hevc-d3g/Carnivale S02/Carnivale.S02E10.1080p.WEBRip.10Bit.EAC3.H265-d3g.mkv740,1080,1920,0,166,43,1302,166,139728,0.067,"[[[0. 0. 0.]  [0. 0. 0.]  [0. 0. 0.]  ...  [0. 0. 0.]  [0. 0. 0.]  [0. 0. 0.]] [[0. 0. 0.]  [0. 0. 0.]  [0. 0. 0.]  ...  [0. 0. 0.]  [0. 0. 0.]  [0. 0. 0.]] [[0. 0. 0.]  [0. 0. 0.]  [0. 0. 0.]  ...  [0. 0. 0.]  [0. 0. 0.]  [0. 0. 0.]] ... [[0. 0. 0.]  [0. 0. 0.]  [0. 0. 0.]  ...  [0. 0. 0.]  [0. 0. 0.]  [0. 0. 0.]] [[0. 0. 0.]  [0. 0. 0.]  [0. 0. 0.]  ...  [0. 0. 0.]  [0. 0. 0.]  [0. 0. 0.]] [[0. 0. 0.]  [0. 0. 0.]  [0. 0. 0.]  ...  [0. 0. 0.]  [0. 0. 0.]  [0. 0. 0.]]]",9.891087040712591,45840,/home/amos/media/tv/Carnivale S01-S02 web 10bit hevc-d3g/Carnivale S02/Carnivale.S02E10.1080p.WEBRip.10Bit.EAC3.H265-d3g.mkv741,1080,1920,0,165,26,1316,165,159989,0.077,"[[[0. 0. 0.]  [0. 0. 0.]  [0. 0. 0.]  ...  [0. 0. 0.]  [0. 0. 0.]  [0. 0. 0.]] [[0. 0. 0.]  [0. 0. 0.]  [0. 0. 0.]  ...  [0. 0. 0.]  [0. 0. 0.]  [0. 0. 0.]] [[0. 0. 0.]  [0. 0. 0.]  [0. 0. 0.]  ...  [0. 0. 0.]  [0. 0. 0.]  [0. 0. 0.]] ... [[0. 0. 0.]  [0. 0. 0.]  [0. 0. 0.]  ...  [0. 0. 0.]  [0. 0. 0.]  [0. 0. 0.]] [[0. 0. 0.]  [0. 0. 0.]  [0. 0. 0.]  ...  [0. 0. 0.]  [0. 0. 0.]  [0. 0. 0.]] [[0. 0. 0.]  [0. 0. 0.]  [0. 0. 0.]  ...  [0. 0. 0.]  [0. 0. 0.]  [0. 0. 0.]]]",9.409543094632681,45864,/home/amos/media/tv/Carnivale S01-S02 web 10bit hevc-d3g/Carnivale S02/Carnivale.S02E10.1080p.WEBRip.10Bit.EAC3.H265-d3g.mkv742,1080,1920,0,166,28,1309,166,157734,0.076,"[[[0. 0. 0.]  [0. 0. 0.]  [0. 0. 0.]  ...  [0. 0. 0.]  [0. 0. 0.]  [0. 0. 0.]] [[0. 0. 0.]  [0. 0. 0.]  [0. 0. 0.]  ...  [0. 0. 0.]  [0. 0. 0.]  [0. 0. 0.]] [[0. 0. 0.]  [0. 0. 0.]  [0. 0. 0.]  ...  [0. 0. 0.]  [0. 0. 0.]  [0. 0. 0.]] ... [[0. 0. 0.]  [0. 0. 0.]  [0. 0. 0.]  ...  [0. 0. 0.]  [0. 0. 0.]  [0. 0. 0.]] [[0. 0. 0.]  [0. 0. 0.]  [0. 0. 0.]  ...  [0. 0. 0.]  [0. 0. 0.]  [0. 0. 0.]] [[0. 0. 0.]  [0. 0. 0.]  [0. 0. 0.]  ...  [0. 0. 0.]  [0. 0. 0.]  [0. 0. 0.]]]",13.150179065705743,45888,/home/amos/media/tv/Carnivale S01-S02 web 10bit hevc-d3g/Carnivale S02/Carnivale.S02E10.1080p.WEBRip.10Bit.EAC3.H265-d3g.mkv743,1080,1920,0,167,29,1400,167,170154,0.082,"[[[0.         0.         0.        ]  [0.         0.         0.        ]  [0.         0.         0.        ]  ...  [0.         0.         0.        ]  [0.         0.         0.        ]  [0.         0.         0.        ]] [[0.         0.         0.        ]  [0.         0.         0.        ]  [0.         0.         0.        ]  ...  [0.         0.         0.        ]  [0.         0.         0.        ]  [0.         0.         0.        ]] [[0.         0.         0.        ]  [0.         0.         0.        ]  [0.03137255 0.02352941 0.01176471]  ...  [0.10196079 0.09019608 0.07843138]  [0.         0.         0.        ]  [0.         0.         0.        ]] ... [[0.         0.         0.        ]  [0.         0.         0.        ]  [0.00392157 0.         0.        ]  ...  [0.01176471 0.00392157 0.        ]  [0.         0.         0.        ]  [0.         0.         0.        ]] [[0.         0.         0.        ]  [0.         0.         0.        ]  [0.         0.         0.        ]  ...  [0.         0.         0.        ]  [0.         0.         0.        ]  [0.         0.         0.        ]] [[0.         0.         0.        ]  [0.         0.         0.        ]  [0.         0.         0.        ]  ...  [0.         0.         0.        ]  [0.         0.         0.        ]  [0.         0.         0.        ]]]",13.007026115374174,45936,/home/amos/media/tv/Carnivale S01-S02 web 10bit hevc-d3g/Carnivale S02/Carnivale.S02E10.1080p.WEBRip.10Bit.EAC3.H265-d3g.mkv744,1080,1920,0,163,55,1405,163,134136,0.065,"[[[0.         0.         0.        ]  [0.14117648 0.10196079 0.06666667]  [0.24313726 0.17254902 0.11372549]  ...  [0.         0.         0.        ]  [0.         0.         0.        ]  [0.         0.         0.        ]] [[0.         0.         0.        ]  [0.14117648 0.10196079 0.06666667]  [0.23921569 0.17254902 0.11372549]  ...  [0.14901961 0.11764706 0.07450981]  [0.1882353  0.15294118 0.10588235]  [0.22352941 0.18431373 0.13333334]] [[0.         0.         0.        ]  [0.14117648 0.10196079 0.06666667]  [0.23921569 0.17254902 0.10980392]  ...  [0.24313726 0.19215687 0.11764706]  [0.30588236 0.2509804  0.17254902]  [0.3647059  0.3019608  0.21960784]] ... [[0.05882353 0.03137255 0.01176471]  [0.06666667 0.03921569 0.01568628]  [0.07058824 0.04313726 0.01960784]  ...  [0.19215687 0.13333334 0.09019608]  [0.11372549 0.08235294 0.05490196]  [0.         0.         0.        ]] [[0.03529412 0.01960784 0.00392157]  [0.03921569 0.01960784 0.00784314]  [0.03921569 0.02352941 0.01176471]  ...  [0.22352941 0.16470589 0.10980392]  [0.13725491 0.10196079 0.07058824]  [0.         0.         0.        ]] [[0.         0.         0.        ]  [0.         0.         0.        ]  [0.         0.         0.        ]  ...  [0.25882354 0.20392157 0.12941177]  [0.16470589 0.12941177 0.08627451]  [0.         0.         0.        ]]]",12.346932118700352,45960,/home/amos/media/tv/Carnivale S01-S02 web 10bit hevc-d3g/Carnivale S02/Carnivale.S02E10.1080p.WEBRip.10Bit.EAC3.H265-d3g.mkv745,1080,1920,0,184,73,557,184,41403,0.02,"[[[0. 0. 0.]  [0. 0. 0.]  [0. 0. 0.]  ...  [0. 0. 0.]  [0. 0. 0.]  [0. 0. 0.]] [[0. 0. 0.]  [0. 0. 0.]  [0. 0. 0.]  ...  [0. 0. 0.]  [0. 0. 0.]  [0. 0. 0.]] [[0. 0. 0.]  [0. 0. 0.]  [0. 0. 0.]  ...  [0. 0. 0.]  [0. 0. 0.]  [0. 0. 0.]] ... [[0. 0. 0.]  [0. 0. 0.]  [0. 0. 0.]  ...  [0. 0. 0.]  [0. 0. 0.]  [0. 0. 0.]] [[0. 0. 0.]  [0. 0. 0.]  [0. 0. 0.]  ...  [0. 0. 0.]  [0. 0. 0.]  [0. 0. 0.]] [[0. 0. 0.]  [0. 0. 0.]  [0. 0. 0.]  ...  [0. 0. 0.]  [0. 0. 0.]  [0. 0. 0.]]]",5.188666249974631,45984,/home/amos/media/tv/Carnivale S01-S02 web 10bit hevc-d3g/Carnivale S02/Carnivale.S02E10.1080p.WEBRip.10Bit.EAC3.H265-d3g.mkv746,1080,1920,0,197,69,549,197,45056,0.022,"[[[0. 0. 0.]  [0. 0. 0.]  [0. 0. 0.]  ...  [0. 0. 0.]  [0. 0. 0.]  [0. 0. 0.]] [[0. 0. 0.]  [0. 0. 0.]  [0. 0. 0.]  ...  [0. 0. 0.]  [0. 0. 0.]  [0. 0. 0.]] [[0. 0. 0.]  [0. 0. 0.]  [0. 0. 0.]  ...  [0. 0. 0.]  [0. 0. 0.]  [0. 0. 0.]] ... [[0. 0. 0.]  [0. 0. 0.]  [0. 0. 0.]  ...  [0. 0. 0.]  [0. 0. 0.]  [0. 0. 0.]] [[0. 0. 0.]  [0. 0. 0.]  [0. 0. 0.]  ...  [0. 0. 0.]  [0. 0. 0.]  [0. 0. 0.]] [[0. 0. 0.]  [0. 0. 0.]  [0. 0. 0.]  ...  [0. 0. 0.]  [0. 0. 0.]  [0. 0. 0.]]]",6.508190084423404,46008,/home/amos/media/tv/Carnivale S01-S02 web 10bit hevc-d3g/Carnivale S02/Carnivale.S02E10.1080p.WEBRip.10Bit.EAC3.H265-d3g.mkv747,1080,1920,0,54,155,1129,54,108575,0.052,"[[[0.42352942 0.35686275 0.29411766]  [0.42352942 0.35686275 0.29411766]  [0.41960785 0.3529412  0.2901961 ]  ...  [0.5921569  0.5372549  0.47058824]  [0.5921569  0.5372549  0.47058824]  [0.5921569  0.5372549  0.47058824]] [[0.42352942 0.35686275 0.29411766]  [0.42352942 0.35686275 0.29411766]  [0.41960785 0.3529412  0.2901961 ]  ...  [0.5921569  0.53333336 0.47058824]  [0.5921569  0.5372549  0.47058824]  [0.5921569  0.5372549  0.47058824]] [[0.42352942 0.35686275 0.29411766]  [0.42352942 0.35686275 0.29411766]  [0.41960785 0.3529412  0.2901961 ]  ...  [0.5921569  0.5372549  0.47058824]  [0.5921569  0.5372549  0.47058824]  [0.5921569  0.5372549  0.47058824]] ... [[0.3647059  0.29803923 0.23137255]  [0.3647059  0.29803923 0.23137255]  [0.3647059  0.29803923 0.23137255]  ...  [0.5803922  0.52156866 0.4627451 ]  [0.5803922  0.52156866 0.4627451 ]  [0.5803922  0.52156866 0.4627451 ]] [[0.3647059  0.29803923 0.23137255]  [0.3647059  0.29803923 0.23137255]  [0.3647059  0.29803923 0.23137255]  ...  [0.5803922  0.52156866 0.4627451 ]  [0.5803922  0.52156866 0.4627451 ]  [0.5803922  0.52156866 0.4627451 ]] [[0.3647059  0.29803923 0.23137255]  [0.3647059  0.29803923 0.23137255]  [0.3647059  0.29803923 0.23137255]  ...  [0.5803922  0.52156866 0.4627451 ]  [0.5803922  0.52156866 0.4627451 ]  [0.5803922  0.52156866 0.4627451 ]]]",2.8222130243084393,46032,/home/amos/media/tv/Carnivale S01-S02 web 10bit hevc-d3g/Carnivale S02/Carnivale.S02E10.1080p.WEBRip.10Bit.EAC3.H265-d3g.mkv748,1080,1920,1,191,72,554,191,43197,0.021,"[[[0. 0. 0.]  [0. 0. 0.]  [0. 0. 0.]  ...  [0. 0. 0.]  [0. 0. 0.]  [0. 0. 0.]] [[0. 0. 0.]  [0. 0. 0.]  [0. 0. 0.]  ...  [0. 0. 0.]  [0. 0. 0.]  [0. 0. 0.]] [[0. 0. 0.]  [0. 0. 0.]  [0. 0. 0.]  ...  [0. 0. 0.]  [0. 0. 0.]  [0. 0. 0.]] ... [[0. 0. 0.]  [0. 0. 0.]  [0. 0. 0.]  ...  [0. 0. 0.]  [0. 0. 0.]  [0. 0. 0.]] [[0. 0. 0.]  [0. 0. 0.]  [0. 0. 0.]  ...  [0. 0. 0.]  [0. 0. 0.]  [0. 0. 0.]] [[0. 0. 0.]  [0. 0. 0.]  [0. 0. 0.]  ...  [0. 0. 0.]  [0. 0. 0.]  [0. 0. 0.]]]",5.008615001512226,46032,/home/amos/media/tv/Carnivale S01-S02 web 10bit hevc-d3g/Carnivale S02/Carnivale.S02E10.1080p.WEBRip.10Bit.EAC3.H265-d3g.mkv749,1080,1920,2,57,345,1115,57,304704,0.147,"[[[0.36078432 0.30588236 0.24313726]  [0.36078432 0.30588236 0.24313726]  [0.35686275 0.3019608  0.23921569]  ...  [0.34901962 0.29411766 0.24313726]  [0.3529412  0.29803923 0.24705882]  [0.3529412  0.29803923 0.24705882]] [[0.36078432 0.30588236 0.24313726]  [0.36078432 0.30588236 0.24313726]  [0.36078432 0.3019608  0.24313726]  ...  [0.34901962 0.29411766 0.24313726]  [0.3529412  0.29803923 0.24705882]  [0.3529412  0.29803923 0.24705882]] [[0.36078432 0.30588236 0.24313726]  [0.36078432 0.30588236 0.24313726]  [0.35686275 0.30588236 0.23921569]  ...  [0.34509805 0.2901961  0.23921569]  [0.34901962 0.29411766 0.24313726]  [0.34901962 0.29411766 0.24313726]] ... [[0.34901962 0.28627452 0.22745098]  [0.34901962 0.28627452 0.22745098]  [0.34901962 0.28627452 0.22745098]  ...  [0.5529412  0.49411765 0.43137255]  [0.5529412  0.49411765 0.43137255]  [0.5529412  0.49411765 0.43137255]] [[0.3529412  0.2901961  0.23137255]  [0.3529412  0.2901961  0.23137255]  [0.3529412  0.2901961  0.23137255]  ...  [0.5529412  0.49411765 0.43137255]  [0.5529412  0.49411765 0.43137255]  [0.5529412  0.49411765 0.43137255]] [[0.3529412  0.2901961  0.23137255]  [0.3529412  0.2901961  0.23137255]  [0.3529412  0.2901961  0.23137255]  ...  [0.5529412  0.49411765 0.43137255]  [0.5529412  0.49411765 0.43137255]  [0.5529412  0.49411765 0.43137255]]]",1.9663849335047416,46032,/home/amos/media/tv/Carnivale S01-S02 web 10bit hevc-d3g/Carnivale S02/Carnivale.S02E10.1080p.WEBRip.10Bit.EAC3.H265-d3g.mkv750,1080,1920,0,203,66,638,203,59595,0.029,"[[[0. 0. 0.]  [0. 0. 0.]  [0. 0. 0.]  ...  [0. 0. 0.]  [0. 0. 0.]  [0. 0. 0.]] [[0. 0. 0.]  [0. 0. 0.]  [0. 0. 0.]  ...  [0. 0. 0.]  [0. 0. 0.]  [0. 0. 0.]] [[0. 0. 0.]  [0. 0. 0.]  [0. 0. 0.]  ...  [0. 0. 0.]  [0. 0. 0.]  [0. 0. 0.]] ... [[0. 0. 0.]  [0. 0. 0.]  [0. 0. 0.]  ...  [0. 0. 0.]  [0. 0. 0.]  [0. 0. 0.]] [[0. 0. 0.]  [0. 0. 0.]  [0. 0. 0.]  ...  [0. 0. 0.]  [0. 0. 0.]  [0. 0. 0.]] [[0. 0. 0.]  [0. 0. 0.]  [0. 0. 0.]  ...  [0. 0. 0.]  [0. 0. 0.]  [0. 0. 0.]]]",6.569894134008791,46056,/home/amos/media/tv/Carnivale S01-S02 web 10bit hevc-d3g/Carnivale S02/Carnivale.S02E10.1080p.WEBRip.10Bit.EAC3.H265-d3g.mkv751,1080,1920,1,58,346,1105,58,301536,0.145,"[[[0.3882353  0.32941177 0.25882354]  [0.3882353  0.32941177 0.25882354]  [0.38431373 0.3254902  0.25490198]  ...  [0.3764706  0.30980393 0.25490198]  [0.3764706  0.30980393 0.25490198]  [0.3764706  0.30980393 0.25490198]] [[0.3882353  0.32941177 0.25882354]  [0.3882353  0.32941177 0.25882354]  [0.38431373 0.3254902  0.25490198]  ...  [0.3764706  0.30980393 0.25490198]  [0.3764706  0.30980393 0.25490198]  [0.3764706  0.30980393 0.25490198]] [[0.3882353  0.32941177 0.25882354]  [0.3882353  0.32941177 0.25882354]  [0.38431373 0.3254902  0.25490198]  ...  [0.36862746 0.3019608  0.2509804 ]  [0.37254903 0.30588236 0.2509804 ]  [0.37254903 0.30588236 0.2509804 ]] ... [[0.3647059  0.30588236 0.25490198]  [0.3647059  0.30588236 0.25490198]  [0.3647059  0.3019608  0.25490198]  ...  [0.5647059  0.50980395 0.44313726]  [0.5647059  0.50980395 0.44313726]  [0.5647059  0.50980395 0.44313726]] [[0.36862746 0.30980393 0.25882354]  [0.36862746 0.30980393 0.25882354]  [0.36862746 0.30980393 0.25882354]  ...  [0.5647059  0.50980395 0.44313726]  [0.5647059  0.50980395 0.44313726]  [0.5647059  0.50980395 0.44313726]] [[0.36862746 0.30980393 0.25882354]  [0.36862746 0.30980393 0.25882354]  [0.36862746 0.30588236 0.25882354]  ...  [0.5647059  0.50980395 0.44313726]  [0.5647059  0.50980395 0.44313726]  [0.5647059  0.50980395 0.44313726]]]",2.9456149837351404,46056,/home/amos/media/tv/Carnivale S01-S02 web 10bit hevc-d3g/Carnivale S02/Carnivale.S02E10.1080p.WEBRip.10Bit.EAC3.H265-d3g.mkv752,1080,1920,0,223,24,775,223,109848,0.053,"[[[0. 0. 0.]  [0. 0. 0.]  [0. 0. 0.]  ...  [0. 0. 0.]  [0. 0. 0.]  [0. 0. 0.]] [[0. 0. 0.]  [0. 0. 0.]  [0. 0. 0.]  ...  [0. 0. 0.]  [0. 0. 0.]  [0. 0. 0.]] [[0. 0. 0.]  [0. 0. 0.]  [0. 0. 0.]  ...  [0. 0. 0.]  [0. 0. 0.]  [0. 0. 0.]] ... [[0. 0. 0.]  [0. 0. 0.]  [0. 0. 0.]  ...  [0. 0. 0.]  [0. 0. 0.]  [0. 0. 0.]] [[0. 0. 0.]  [0. 0. 0.]  [0. 0. 0.]  ...  [0. 0. 0.]  [0. 0. 0.]  [0. 0. 0.]] [[0. 0. 0.]  [0. 0. 0.]  [0. 0. 0.]  ...  [0. 0. 0.]  [0. 0. 0.]  [0. 0. 0.]]]",5.562689020764083,46080,/home/amos/media/tv/Carnivale S01-S02 web 10bit hevc-d3g/Carnivale S02/Carnivale.S02E10.1080p.WEBRip.10Bit.EAC3.H265-d3g.mkv753,1080,1920,0,167,54,1390,167,138199,0.067,"[[[0.         0.         0.        ]  [0.         0.         0.        ]  [0.         0.         0.        ]  ...  [0.5686275  0.52156866 0.4117647 ]  [0.34509805 0.31764707 0.2509804 ]  [0.         0.         0.        ]] [[0.41568628 0.38431373 0.32156864]  [0.41568628 0.3882353  0.32156864]  [0.41960785 0.3882353  0.32156864]  ...  [0.5647059  0.5176471  0.4117647 ]  [0.34509805 0.3137255  0.2509804 ]  [0.         0.         0.        ]] [[0.67058825 0.61960787 0.5137255 ]  [0.67058825 0.61960787 0.5137255 ]  [0.67058825 0.62352943 0.5137255 ]  ...  [0.5647059  0.5176471  0.4117647 ]  [0.34509805 0.3137255  0.2509804 ]  [0.         0.         0.        ]] ... [[0.         0.         0.        ]  [0.02352941 0.00784314 0.        ]  [0.03921569 0.01176471 0.        ]  ...  [0.0627451  0.02745098 0.        ]  [0.07058824 0.03137255 0.00392157]  [0.07450981 0.03529412 0.00784314]] [[0.         0.         0.        ]  [0.02352941 0.00784314 0.        ]  [0.03921569 0.01176471 0.        ]  ...  [0.03921569 0.01960784 0.        ]  [0.04313726 0.01960784 0.00392157]  [0.04705882 0.02352941 0.00392157]] [[0.         0.         0.        ]  [0.02352941 0.00784314 0.        ]  [0.03921569 0.01176471 0.        ]  ...  [0.         0.         0.        ]  [0.         0.         0.        ]  [0.         0.         0.        ]]]",11.991877004911657,46128,/home/amos/media/tv/Carnivale S01-S02 web 10bit hevc-d3g/Carnivale S02/Carnivale.S02E10.1080p.WEBRip.10Bit.EAC3.H265-d3g.mkv754,1080,1920,0,58,580,1618,58,814320,0.393,"[[[0.58431375 0.53333336 0.47058824]  [0.58431375 0.53333336 0.47058824]  [0.5764706  0.5254902  0.4627451 ]  ...  [0.78431374 0.7254902  0.63529414]  [0.78431374 0.7254902  0.63529414]  [0.78431374 0.7254902  0.63529414]] [[0.58431375 0.53333336 0.47058824]  [0.58431375 0.53333336 0.47058824]  [0.5764706  0.5254902  0.4627451 ]  ...  [0.78431374 0.7254902  0.63529414]  [0.78431374 0.7254902  0.63529414]  [0.78431374 0.7254902  0.63529414]] [[0.58431375 0.53333336 0.47058824]  [0.58431375 0.53333336 0.47058824]  [0.5764706  0.5254902  0.4627451 ]  ...  [0.78431374 0.7254902  0.63529414]  [0.78431374 0.7254902  0.63529414]  [0.78431374 0.7254902  0.63529414]] ... [[0.5176471  0.47058824 0.38431373]  [0.5176471  0.47058824 0.38431373]  [0.52156866 0.4745098  0.3882353 ]  ...  [0.7764706  0.7176471  0.627451  ]  [0.7764706  0.7176471  0.627451  ]  [0.7764706  0.7176471  0.627451  ]] [[0.5176471  0.47058824 0.38431373]  [0.5176471  0.47058824 0.38431373]  [0.52156866 0.47843137 0.3882353 ]  ...  [0.7764706  0.7176471  0.627451  ]  [0.7764706  0.7176471  0.627451  ]  [0.7764706  0.7176471  0.627451  ]] [[0.5176471  0.47058824 0.38431373]  [0.5176471  0.47058824 0.38431373]  [0.5254902  0.47843137 0.3882353 ]  ...  [0.7764706  0.7176471  0.627451  ]  [0.7764706  0.7176471  0.627451  ]  [0.7764706  0.7176471  0.627451  ]]]",4.473091021121945,46152,/home/amos/media/tv/Carnivale S01-S02 web 10bit hevc-d3g/Carnivale S02/Carnivale.S02E10.1080p.WEBRip.10Bit.EAC3.H265-d3g.mkv755,1080,1920,0,149,99,1344,149,59750,0.029,"[[[0. 0. 0.]  [0. 0. 0.]  [0. 0. 0.]  ...  [0. 0. 0.]  [0. 0. 0.]  [0. 0. 0.]] [[0. 0. 0.]  [0. 0. 0.]  [0. 0. 0.]  ...  [0. 0. 0.]  [0. 0. 0.]  [0. 0. 0.]] [[0. 0. 0.]  [0. 0. 0.]  [0. 0. 0.]  ...  [0. 0. 0.]  [0. 0. 0.]  [0. 0. 0.]] ... [[0. 0. 0.]  [0. 0. 0.]  [0. 0. 0.]  ...  [0. 0. 0.]  [0. 0. 0.]  [0. 0. 0.]] [[0. 0. 0.]  [0. 0. 0.]  [0. 0. 0.]  ...  [0. 0. 0.]  [0. 0. 0.]  [0. 0. 0.]] [[0. 0. 0.]  [0. 0. 0.]  [0. 0. 0.]  ...  [0. 0. 0.]  [0. 0. 0.]  [0. 0. 0.]]]",10.348899156902917,46200,/home/amos/media/tv/Carnivale S01-S02 web 10bit hevc-d3g/Carnivale S02/Carnivale.S02E10.1080p.WEBRip.10Bit.EAC3.H265-d3g.mkv756,1080,1920,0,79,401,819,79,238280,0.115,"[[[0.5686275  0.52156866 0.4392157 ]  [0.5686275  0.52156866 0.4392157 ]  [0.5686275  0.5176471  0.43529412]  ...  [0.5372549  0.49019608 0.40784314]  [0.5372549  0.49019608 0.40784314]  [0.5372549  0.49019608 0.40784314]] [[0.5686275  0.52156866 0.4392157 ]  [0.5686275  0.52156866 0.4392157 ]  [0.5647059  0.52156866 0.4392157 ]  ...  [0.5372549  0.49019608 0.40784314]  [0.5372549  0.49019608 0.40784314]  [0.5372549  0.49019608 0.40784314]] [[0.57254905 0.5254902  0.44313726]  [0.57254905 0.5254902  0.44313726]  [0.5686275  0.52156866 0.4392157 ]  ...  [0.5372549  0.49019608 0.40784314]  [0.53333336 0.49019608 0.40784314]  [0.53333336 0.49019608 0.40784314]] ... [[0.09411765 0.07843138 0.05098039]  [0.09411765 0.07843138 0.05098039]  [0.09411765 0.07843138 0.05098039]  ...  [0.49411765 0.4509804  0.3764706 ]  [0.49411765 0.4509804  0.3764706 ]  [0.49411765 0.4509804  0.3764706 ]] [[0.09411765 0.07843138 0.05098039]  [0.09411765 0.07843138 0.05098039]  [0.09411765 0.07843138 0.05098039]  ...  [0.49803922 0.45490196 0.38039216]  [0.49803922 0.45490196 0.38039216]  [0.49803922 0.45490196 0.38039216]] [[0.09411765 0.07843138 0.05098039]  [0.09411765 0.07843138 0.05098039]  [0.09411765 0.07843138 0.05098039]  ...  [0.49803922 0.45490196 0.38039216]  [0.49803922 0.45490196 0.38039216]  [0.49803922 0.45490196 0.38039216]]]",3.7152760567259975,46224,/home/amos/media/tv/Carnivale S01-S02 web 10bit hevc-d3g/Carnivale S02/Carnivale.S02E10.1080p.WEBRip.10Bit.EAC3.H265-d3g.mkv757,1080,1920,0,187,54,486,187,39767,0.019,"[[[0. 0. 0.]  [0. 0. 0.]  [0. 0. 0.]  ...  [0. 0. 0.]  [0. 0. 0.]  [0. 0. 0.]] [[0. 0. 0.]  [0. 0. 0.]  [0. 0. 0.]  ...  [0. 0. 0.]  [0. 0. 0.]  [0. 0. 0.]] [[0. 0. 0.]  [0. 0. 0.]  [0. 0. 0.]  ...  [0. 0. 0.]  [0. 0. 0.]  [0. 0. 0.]] ... [[0. 0. 0.]  [0. 0. 0.]  [0. 0. 0.]  ...  [0. 0. 0.]  [0. 0. 0.]  [0. 0. 0.]] [[0. 0. 0.]  [0. 0. 0.]  [0. 0. 0.]  ...  [0. 0. 0.]  [0. 0. 0.]  [0. 0. 0.]] [[0. 0. 0.]  [0. 0. 0.]  [0. 0. 0.]  ...  [0. 0. 0.]  [0. 0. 0.]  [0. 0. 0.]]]",6.876018243492581,46272,/home/amos/media/tv/Carnivale S01-S02 web 10bit hevc-d3g/Carnivale S02/Carnivale.S02E10.1080p.WEBRip.10Bit.EAC3.H265-d3g.mkv758,1080,1920,0,195,30,418,195,36795,0.018,"[[[0. 0. 0.]  [0. 0. 0.]  [0. 0. 0.]  ...  [0. 0. 0.]  [0. 0. 0.]  [0. 0. 0.]] [[0. 0. 0.]  [0. 0. 0.]  [0. 0. 0.]  ...  [0. 0. 0.]  [0. 0. 0.]  [0. 0. 0.]] [[0. 0. 0.]  [0. 0. 0.]  [0. 0. 0.]  ...  [0. 0. 0.]  [0. 0. 0.]  [0. 0. 0.]] ... [[0. 0. 0.]  [0. 0. 0.]  [0. 0. 0.]  ...  [0. 0. 0.]  [0. 0. 0.]  [0. 0. 0.]] [[0. 0. 0.]  [0. 0. 0.]  [0. 0. 0.]  ...  [0. 0. 0.]  [0. 0. 0.]  [0. 0. 0.]] [[0. 0. 0.]  [0. 0. 0.]  [0. 0. 0.]  ...  [0. 0. 0.]  [0. 0. 0.]  [0. 0. 0.]]]",8.569437009457033,46296,/home/amos/media/tv/Carnivale S01-S02 web 10bit hevc-d3g/Carnivale S02/Carnivale.S02E10.1080p.WEBRip.10Bit.EAC3.H265-d3g.mkv759,1080,1920,0,225,120,1396,225,122955,0.059,"[[[0.1254902  0.07450981 0.05098039]  [0.12941177 0.07843138 0.05490196]  [0.13333334 0.08627451 0.0627451 ]  ...  [0.02352941 0.         0.        ]  [0.03921569 0.         0.00784314]  [0.04313726 0.00392157 0.00392157]] [[0.11372549 0.0627451  0.03921569]  [0.11764706 0.06666667 0.04313726]  [0.1254902  0.07843138 0.05490196]  ...  [0.01960784 0.         0.        ]  [0.03137255 0.         0.00784314]  [0.04313726 0.00392157 0.00392157]] [[0.10588235 0.05490196 0.03137255]  [0.10980392 0.05882353 0.03529412]  [0.11764706 0.07058824 0.04705882]  ...  [0.01960784 0.         0.        ]  [0.02745098 0.         0.00392157]  [0.03921569 0.         0.00392157]] ... [[0.13725491 0.07450981 0.02352941]  [0.14901961 0.08627451 0.03529412]  [0.14901961 0.08627451 0.03921569]  ...  [0.0627451  0.01568628 0.        ]  [0.0627451  0.01568628 0.        ]  [0.0627451  0.01568628 0.        ]] [[0.13333334 0.08235294 0.02745098]  [0.14117648 0.09019608 0.03529412]  [0.14117648 0.08627451 0.04313726]  ...  [0.0627451  0.01568628 0.        ]  [0.06666667 0.01960784 0.        ]  [0.06666667 0.01960784 0.        ]] [[0.13333334 0.09411765 0.03921569]  [0.13725491 0.09803922 0.04313726]  [0.13725491 0.09411765 0.05882353]  ...  [0.06666667 0.01960784 0.        ]  [0.06666667 0.01960784 0.        ]  [0.06666667 0.01960784 0.        ]]]",6.538549155171495,46320,/home/amos/media/tv/Carnivale S01-S02 web 10bit hevc-d3g/Carnivale S02/Carnivale.S02E10.1080p.WEBRip.10Bit.EAC3.H265-d3g.mkv760,1080,1920,0,226,60,1185,226,159194,0.077,"[[[0. 0. 0.]  [0. 0. 0.]  [0. 0. 0.]  ...  [0. 0. 0.]  [0. 0. 0.]  [0. 0. 0.]] [[0. 0. 0.]  [0. 0. 0.]  [0. 0. 0.]  ...  [0. 0. 0.]  [0. 0. 0.]  [0. 0. 0.]] [[0. 0. 0.]  [0. 0. 0.]  [0. 0. 0.]  ...  [0. 0. 0.]  [0. 0. 0.]  [0. 0. 0.]] ... [[0. 0. 0.]  [0. 0. 0.]  [0. 0. 0.]  ...  [0. 0. 0.]  [0. 0. 0.]  [0. 0. 0.]] [[0. 0. 0.]  [0. 0. 0.]  [0. 0. 0.]  ...  [0. 0. 0.]  [0. 0. 0.]  [0. 0. 0.]] [[0. 0. 0.]  [0. 0. 0.]  [0. 0. 0.]  ...  [0. 0. 0.]  [0. 0. 0.]  [0. 0. 0.]]]",3.716814017680008,46344,/home/amos/media/tv/Carnivale S01-S02 web 10bit hevc-d3g/Carnivale S02/Carnivale.S02E10.1080p.WEBRip.10Bit.EAC3.H265-d3g.mkv761,1080,1920,0,234,112,1203,234,118218,0.057,"[[[0. 0. 0.]  [0. 0. 0.]  [0. 0. 0.]  ...  [0. 0. 0.]  [0. 0. 0.]  [0. 0. 0.]] [[0. 0. 0.]  [0. 0. 0.]  [0. 0. 0.]  ...  [0. 0. 0.]  [0. 0. 0.]  [0. 0. 0.]] [[0. 0. 0.]  [0. 0. 0.]  [0. 0. 0.]  ...  [0. 0. 0.]  [0. 0. 0.]  [0. 0. 0.]] ... [[0. 0. 0.]  [0. 0. 0.]  [0. 0. 0.]  ...  [0. 0. 0.]  [0. 0. 0.]  [0. 0. 0.]] [[0. 0. 0.]  [0. 0. 0.]  [0. 0. 0.]  ...  [0. 0. 0.]  [0. 0. 0.]  [0. 0. 0.]] [[0. 0. 0.]  [0. 0. 0.]  [0. 0. 0.]  ...  [0. 0. 0.]  [0. 0. 0.]  [0. 0. 0.]]]",2.5631010605138727,46368,/home/amos/media/tv/Carnivale S01-S02 web 10bit hevc-d3g/Carnivale S02/Carnivale.S02E10.1080p.WEBRip.10Bit.EAC3.H265-d3g.mkv762,1080,1920,0,173,61,640,173,52304,0.025,"[[[0.         0.         0.        ]  [0.09803922 0.06666667 0.03921569]  [0.14901961 0.10196079 0.0627451 ]  ...  [0.         0.         0.        ]  [0.         0.         0.        ]  [0.         0.         0.        ]] [[0.         0.         0.        ]  [0.10588235 0.07450981 0.05098039]  [0.16078432 0.11372549 0.07450981]  ...  [0.34117648 0.32156864 0.28627452]  [0.34117648 0.32156864 0.28627452]  [0.34117648 0.32156864 0.28627452]] [[0.         0.         0.        ]  [0.10980392 0.07843138 0.05098039]  [0.16470589 0.11764706 0.07843138]  ...  [0.5137255  0.47843137 0.42745098]  [0.5137255  0.48235294 0.43137255]  [0.5137255  0.48235294 0.43137255]] ... [[0.3019608  0.18431373 0.15686275]  [0.3019608  0.18039216 0.14901961]  [0.3019608  0.18039216 0.14509805]  ...  [0.58431375 0.54901963 0.49411765]  [0.38039216 0.3529412  0.31764707]  [0.         0.         0.        ]] [[0.2        0.12156863 0.10196079]  [0.2        0.12156863 0.09803922]  [0.19607843 0.11764706 0.09411765]  ...  [0.5921569  0.5529412  0.49803922]  [0.38039216 0.35686275 0.32156864]  [0.         0.         0.        ]] [[0.         0.         0.        ]  [0.         0.         0.        ]  [0.         0.         0.        ]  ...  [0.5882353  0.54901963 0.49411765]  [0.38039216 0.35686275 0.32156864]  [0.         0.         0.        ]]]",7.126281058532186,46416,/home/amos/media/tv/Carnivale S01-S02 web 10bit hevc-d3g/Carnivale S02/Carnivale.S02E10.1080p.WEBRip.10Bit.EAC3.H265-d3g.mkv763,1080,1920,0,179,62,512,179,38961,0.019,"[[[0. 0. 0.]  [0. 0. 0.]  [0. 0. 0.]  ...  [0. 0. 0.]  [0. 0. 0.]  [0. 0. 0.]] [[0. 0. 0.]  [0. 0. 0.]  [0. 0. 0.]  ...  [0. 0. 0.]  [0. 0. 0.]  [0. 0. 0.]] [[0. 0. 0.]  [0. 0. 0.]  [0. 0. 0.]  ...  [0. 0. 0.]  [0. 0. 0.]  [0. 0. 0.]] ... [[0. 0. 0.]  [0. 0. 0.]  [0. 0. 0.]  ...  [0. 0. 0.]  [0. 0. 0.]  [0. 0. 0.]] [[0. 0. 0.]  [0. 0. 0.]  [0. 0. 0.]  ...  [0. 0. 0.]  [0. 0. 0.]  [0. 0. 0.]] [[0. 0. 0.]  [0. 0. 0.]  [0. 0. 0.]  ...  [0. 0. 0.]  [0. 0. 0.]  [0. 0. 0.]]]",4.539352019724902,46440,/home/amos/media/tv/Carnivale S01-S02 web 10bit hevc-d3g/Carnivale S02/Carnivale.S02E10.1080p.WEBRip.10Bit.EAC3.H265-d3g.mkv764,1080,1920,0,195,77,602,195,48026,0.023,"[[[0. 0. 0.]  [0. 0. 0.]  [0. 0. 0.]  ...  [0. 0. 0.]  [0. 0. 0.]  [0. 0. 0.]] [[0. 0. 0.]  [0. 0. 0.]  [0. 0. 0.]  ...  [0. 0. 0.]  [0. 0. 0.]  [0. 0. 0.]] [[0. 0. 0.]  [0. 0. 0.]  [0. 0. 0.]  ...  [0. 0. 0.]  [0. 0. 0.]  [0. 0. 0.]] ... [[0. 0. 0.]  [0. 0. 0.]  [0. 0. 0.]  ...  [0. 0. 0.]  [0. 0. 0.]  [0. 0. 0.]] [[0. 0. 0.]  [0. 0. 0.]  [0. 0. 0.]  ...  [0. 0. 0.]  [0. 0. 0.]  [0. 0. 0.]] [[0. 0. 0.]  [0. 0. 0.]  [0. 0. 0.]  ...  [0. 0. 0.]  [0. 0. 0.]  [0. 0. 0.]]]",6.348753082507756,46464,/home/amos/media/tv/Carnivale S01-S02 web 10bit hevc-d3g/Carnivale S02/Carnivale.S02E10.1080p.WEBRip.10Bit.EAC3.H265-d3g.mkv765,1080,1920,0,195,93,663,195,47736,0.023,"[[[0. 0. 0.]  [0. 0. 0.]  [0. 0. 0.]  ...  [0. 0. 0.]  [0. 0. 0.]  [0. 0. 0.]] [[0. 0. 0.]  [0. 0. 0.]  [0. 0. 0.]  ...  [0. 0. 0.]  [0. 0. 0.]  [0. 0. 0.]] [[0. 0. 0.]  [0. 0. 0.]  [0. 0. 0.]  ...  [0. 0. 0.]  [0. 0. 0.]  [0. 0. 0.]] ... [[0. 0. 0.]  [0. 0. 0.]  [0. 0. 0.]  ...  [0. 0. 0.]  [0. 0. 0.]  [0. 0. 0.]] [[0. 0. 0.]  [0. 0. 0.]  [0. 0. 0.]  ...  [0. 0. 0.]  [0. 0. 0.]  [0. 0. 0.]] [[0. 0. 0.]  [0. 0. 0.]  [0. 0. 0.]  ...  [0. 0. 0.]  [0. 0. 0.]  [0. 0. 0.]]]",6.177283056895249,46488,/home/amos/media/tv/Carnivale S01-S02 web 10bit hevc-d3g/Carnivale S02/Carnivale.S02E10.1080p.WEBRip.10Bit.EAC3.H265-d3g.mkv766,1080,1920,0,239,107,1097,239,113256,0.055,"[[[0. 0. 0.]  [0. 0. 0.]  [0. 0. 0.]  ...  [0. 0. 0.]  [0. 0. 0.]  [0. 0. 0.]] [[0. 0. 0.]  [0. 0. 0.]  [0. 0. 0.]  ...  [0. 0. 0.]  [0. 0. 0.]  [0. 0. 0.]] [[0. 0. 0.]  [0. 0. 0.]  [0. 0. 0.]  ...  [0. 0. 0.]  [0. 0. 0.]  [0. 0. 0.]] ... [[0. 0. 0.]  [0. 0. 0.]  [0. 0. 0.]  ...  [0. 0. 0.]  [0. 0. 0.]  [0. 0. 0.]] [[0. 0. 0.]  [0. 0. 0.]  [0. 0. 0.]  ...  [0. 0. 0.]  [0. 0. 0.]  [0. 0. 0.]] [[0. 0. 0.]  [0. 0. 0.]  [0. 0. 0.]  ...  [0. 0. 0.]  [0. 0. 0.]  [0. 0. 0.]]]",8.048252186912578,46512,/home/amos/media/tv/Carnivale S01-S02 web 10bit hevc-d3g/Carnivale S02/Carnivale.S02E10.1080p.WEBRip.10Bit.EAC3.H265-d3g.mkv767,1080,1920,1,89,572,1031,89,454986,0.219,"[[[0.44705883 0.36862746 0.33333334]  [0.44705883 0.36862746 0.33333334]  [0.44705883 0.36862746 0.3372549 ]  ...  [0.36862746 0.31764707 0.26666668]  [0.3647059  0.3137255  0.2627451 ]  [0.3647059  0.3137255  0.2627451 ]] [[0.44705883 0.36862746 0.33333334]  [0.44705883 0.36862746 0.33333334]  [0.44705883 0.36862746 0.3372549 ]  ...  [0.36862746 0.31764707 0.26666668]  [0.3647059  0.3137255  0.2627451 ]  [0.3647059  0.3137255  0.2627451 ]] [[0.44313726 0.3647059  0.32941177]  [0.44313726 0.3647059  0.32941177]  [0.44705883 0.36862746 0.33333334]  ...  [0.3647059  0.3137255  0.2627451 ]  [0.36078432 0.30980393 0.25882354]  [0.35686275 0.30588236 0.25490198]] ... [[0.34117648 0.2627451  0.23921569]  [0.34117648 0.2627451  0.23921569]  [0.3372549  0.25882354 0.23529412]  ...  [0.4        0.34509805 0.30588236]  [0.4        0.34509805 0.30588236]  [0.4        0.34509805 0.30588236]] [[0.34509805 0.26666668 0.24313726]  [0.34509805 0.2627451  0.24313726]  [0.3372549  0.25882354 0.23529412]  ...  [0.4        0.34509805 0.30588236]  [0.4        0.34509805 0.30588236]  [0.4        0.34509805 0.30588236]] [[0.34509805 0.26666668 0.24313726]  [0.34509805 0.26666668 0.24313726]  [0.3372549  0.25882354 0.23529412]  ...  [0.4        0.34509805 0.30588236]  [0.4        0.34509805 0.30588236]  [0.4        0.34509805 0.30588236]]]",4.065059016167652,46512,/home/amos/media/tv/Carnivale S01-S02 web 10bit hevc-d3g/Carnivale S02/Carnivale.S02E10.1080p.WEBRip.10Bit.EAC3.H265-d3g.mkv768,1080,1920,0,252,14,1351,252,261562,0.126,"[[[0. 0. 0.]  [0. 0. 0.]  [0. 0. 0.]  ...  [0. 0. 0.]  [0. 0. 0.]  [0. 0. 0.]] [[0. 0. 0.]  [0. 0. 0.]  [0. 0. 0.]  ...  [0. 0. 0.]  [0. 0. 0.]  [0. 0. 0.]] [[0. 0. 0.]  [0. 0. 0.]  [0. 0. 0.]  ...  [0. 0. 0.]  [0. 0. 0.]  [0. 0. 0.]] ... [[0. 0. 0.]  [0. 0. 0.]  [0. 0. 0.]  ...  [0. 0. 0.]  [0. 0. 0.]  [0. 0. 0.]] [[0. 0. 0.]  [0. 0. 0.]  [0. 0. 0.]  ...  [0. 0. 0.]  [0. 0. 0.]  [0. 0. 0.]] [[0. 0. 0.]  [0. 0. 0.]  [0. 0. 0.]  ...  [0. 0. 0.]  [0. 0. 0.]  [0. 0. 0.]]]",2.854708129016217,46536,/home/amos/media/tv/Carnivale S01-S02 web 10bit hevc-d3g/Carnivale S02/Carnivale.S02E10.1080p.WEBRip.10Bit.EAC3.H265-d3g.mkv769,1080,1920,0,200,89,639,200,48729,0.023,"[[[0. 0. 0.]  [0. 0. 0.]  [0. 0. 0.]  ...  [0. 0. 0.]  [0. 0. 0.]  [0. 0. 0.]] [[0. 0. 0.]  [0. 0. 0.]  [0. 0. 0.]  ...  [0. 0. 0.]  [0. 0. 0.]  [0. 0. 0.]] [[0. 0. 0.]  [0. 0. 0.]  [0. 0. 0.]  ...  [0. 0. 0.]  [0. 0. 0.]  [0. 0. 0.]] ... [[0. 0. 0.]  [0. 0. 0.]  [0. 0. 0.]  ...  [0. 0. 0.]  [0. 0. 0.]  [0. 0. 0.]] [[0. 0. 0.]  [0. 0. 0.]  [0. 0. 0.]  ...  [0. 0. 0.]  [0. 0. 0.]  [0. 0. 0.]] [[0. 0. 0.]  [0. 0. 0.]  [0. 0. 0.]  ...  [0. 0. 0.]  [0. 0. 0.]  [0. 0. 0.]]]",6.4185521063627675,46560,/home/amos/media/tv/Carnivale S01-S02 web 10bit hevc-d3g/Carnivale S02/Carnivale.S02E10.1080p.WEBRip.10Bit.EAC3.H265-d3g.mkv770,1080,1920,0,209,83,561,209,44352,0.021,"[[[0. 0. 0.]  [0. 0. 0.]  [0. 0. 0.]  ...  [0. 0. 0.]  [0. 0. 0.]  [0. 0. 0.]] [[0. 0. 0.]  [0. 0. 0.]  [0. 0. 0.]  ...  [0. 0. 0.]  [0. 0. 0.]  [0. 0. 0.]] [[0. 0. 0.]  [0. 0. 0.]  [0. 0. 0.]  ...  [0. 0. 0.]  [0. 0. 0.]  [0. 0. 0.]] ... [[0. 0. 0.]  [0. 0. 0.]  [0. 0. 0.]  ...  [0. 0. 0.]  [0. 0. 0.]  [0. 0. 0.]] [[0. 0. 0.]  [0. 0. 0.]  [0. 0. 0.]  ...  [0. 0. 0.]  [0. 0. 0.]  [0. 0. 0.]] [[0. 0. 0.]  [0. 0. 0.]  [0. 0. 0.]  ...  [0. 0. 0.]  [0. 0. 0.]  [0. 0. 0.]]]",6.685513039992657,46584,/home/amos/media/tv/Carnivale S01-S02 web 10bit hevc-d3g/Carnivale S02/Carnivale.S02E10.1080p.WEBRip.10Bit.EAC3.H265-d3g.mkv771,1080,1920,0,211,83,530,211,40832,0.02,"[[[0. 0. 0.]  [0. 0. 0.]  [0. 0. 0.]  ...  [0. 0. 0.]  [0. 0. 0.]  [0. 0. 0.]] [[0. 0. 0.]  [0. 0. 0.]  [0. 0. 0.]  ...  [0. 0. 0.]  [0. 0. 0.]  [0. 0. 0.]] [[0. 0. 0.]  [0. 0. 0.]  [0. 0. 0.]  ...  [0. 0. 0.]  [0. 0. 0.]  [0. 0. 0.]] ... [[0. 0. 0.]  [0. 0. 0.]  [0. 0. 0.]  ...  [0. 0. 0.]  [0. 0. 0.]  [0. 0. 0.]] [[0. 0. 0.]  [0. 0. 0.]  [0. 0. 0.]  ...  [0. 0. 0.]  [0. 0. 0.]  [0. 0. 0.]] [[0. 0. 0.]  [0. 0. 0.]  [0. 0. 0.]  ...  [0. 0. 0.]  [0. 0. 0.]  [0. 0. 0.]]]",5.158932031074073,46608,/home/amos/media/tv/Carnivale S01-S02 web 10bit hevc-d3g/Carnivale S02/Carnivale.S02E10.1080p.WEBRip.10Bit.EAC3.H265-d3g.mkv772,1080,1920,0,227,79,637,227,60680,0.029,"[[[0.18431373 0.12156863 0.08235294]  [0.19215687 0.12941177 0.09019608]  [0.19607843 0.13333334 0.09411765]  ...  [0.32156864 0.2901961  0.23137255]  [0.32941177 0.29803923 0.23921569]  [0.3372549  0.30588236 0.24705882]] [[0.18431373 0.12156863 0.08235294]  [0.19607843 0.13333334 0.09411765]  [0.2        0.13725491 0.09803922]  ...  [0.32941177 0.29411766 0.23921569]  [0.3372549  0.3019608  0.24705882]  [0.34117648 0.30588236 0.2509804 ]] [[0.18431373 0.12156863 0.08627451]  [0.2        0.13725491 0.09803922]  [0.20784314 0.14509805 0.10588235]  ...  [0.34117648 0.3019608  0.24705882]  [0.34509805 0.30588236 0.2509804 ]  [0.3529412  0.3137255  0.25882354]] ... [[0.3019608  0.19215687 0.14901961]  [0.30980393 0.19607843 0.15294118]  [0.30980393 0.19607843 0.15294118]  ...  [0.5764706  0.5529412  0.47058824]  [0.59607846 0.57254905 0.49019608]  [0.60784316 0.58431375 0.5019608 ]] [[0.29411766 0.18431373 0.14117648]  [0.30588236 0.19215687 0.14901961]  [0.30980393 0.19607843 0.15294118]  ...  [0.5803922  0.5568628  0.4745098 ]  [0.6        0.5764706  0.49411765]  [0.60784316 0.58431375 0.5019608 ]] [[0.28627452 0.1764706  0.13333334]  [0.29803923 0.18431373 0.14117648]  [0.30588236 0.19215687 0.14901961]  ...  [0.5803922  0.5568628  0.4745098 ]  [0.59607846 0.57254905 0.49019608]  [0.6039216  0.5803922  0.49803922]]]",4.537310990912374,46632,/home/amos/media/tv/Carnivale S01-S02 web 10bit hevc-d3g/Carnivale S02/Carnivale.S02E10.1080p.WEBRip.10Bit.EAC3.H265-d3g.mkv773,1080,1920,1,86,442,1676,86,566040,0.273,"[[[0.48235294 0.40784314 0.36078432]  [0.48235294 0.40784314 0.36078432]  [0.48235294 0.40784314 0.36078432]  ...  [0.36078432 0.26666668 0.23529412]  [0.36862746 0.27058825 0.24313726]  [0.36862746 0.27450982 0.24313726]] [[0.48235294 0.40784314 0.36078432]  [0.48235294 0.40784314 0.36078432]  [0.48235294 0.40784314 0.36078432]  ...  [0.36078432 0.26666668 0.23529412]  [0.36862746 0.27058825 0.24313726]  [0.36862746 0.27450982 0.24313726]] [[0.47843137 0.40392157 0.35686275]  [0.47843137 0.40392157 0.35686275]  [0.48235294 0.40784314 0.36078432]  ...  [0.36078432 0.26666668 0.23529412]  [0.3647059  0.27058825 0.23921569]  [0.36862746 0.27058825 0.23921569]] ... [[0.47058824 0.39607844 0.3647059 ]  [0.47058824 0.39215687 0.36078432]  [0.46666667 0.39215687 0.36078432]  ...  [0.43137255 0.33333334 0.32156864]  [0.43137255 0.33333334 0.32156864]  [0.43137255 0.33333334 0.32156864]] [[0.4745098  0.4        0.36862746]  [0.47058824 0.39607844 0.3647059 ]  [0.47058824 0.39607844 0.3647059 ]  ...  [0.4392157  0.34117648 0.32941177]  [0.4392157  0.34117648 0.32941177]  [0.4392157  0.34117648 0.32941177]] [[0.4745098  0.4        0.36862746]  [0.4745098  0.4        0.36862746]  [0.47058824 0.39607844 0.3647059 ]  ...  [0.4392157  0.34117648 0.32941177]  [0.4392157  0.34117648 0.32941177]  [0.4392157  0.34117648 0.32941177]]]",1.3095681419945322,46632,/home/amos/media/tv/Carnivale S01-S02 web 10bit hevc-d3g/Carnivale S02/Carnivale.S02E10.1080p.WEBRip.10Bit.EAC3.H265-d3g.mkv774,1080,1920,0,232,94,714,232,66516,0.032,"[[[0. 0. 0.]  [0. 0. 0.]  [0. 0. 0.]  ...  [0. 0. 0.]  [0. 0. 0.]  [0. 0. 0.]] [[0. 0. 0.]  [0. 0. 0.]  [0. 0. 0.]  ...  [0. 0. 0.]  [0. 0. 0.]  [0. 0. 0.]] [[0. 0. 0.]  [0. 0. 0.]  [0. 0. 0.]  ...  [0. 0. 0.]  [0. 0. 0.]  [0. 0. 0.]] ... [[0. 0. 0.]  [0. 0. 0.]  [0. 0. 0.]  ...  [0. 0. 0.]  [0. 0. 0.]  [0. 0. 0.]] [[0. 0. 0.]  [0. 0. 0.]  [0. 0. 0.]  ...  [0. 0. 0.]  [0. 0. 0.]  [0. 0. 0.]] [[0. 0. 0.]  [0. 0. 0.]  [0. 0. 0.]  ...  [0. 0. 0.]  [0. 0. 0.]  [0. 0. 0.]]]",6.076448992535006,46656,/home/amos/media/tv/Carnivale S01-S02 web 10bit hevc-d3g/Carnivale S02/Carnivale.S02E10.1080p.WEBRip.10Bit.EAC3.H265-d3g.mkv775,1080,1920,0,110,668,972,110,480996,0.232,"[[[0.40784314 0.3137255  0.30588236]  [0.40784314 0.3137255  0.30588236]  [0.4117647  0.31764707 0.30980393]  ...  [0.39607844 0.30588236 0.28235295]  [0.39607844 0.30588236 0.28235295]  [0.         0.         0.        ]] [[0.4117647  0.31764707 0.30588236]  [0.4117647  0.31764707 0.30980393]  [0.41568628 0.32156864 0.30980393]  ...  [0.39607844 0.30588236 0.28235295]  [0.39607844 0.30588236 0.28235295]  [0.         0.         0.        ]] [[0.41568628 0.3254902  0.30980393]  [0.41568628 0.3254902  0.30980393]  [0.41568628 0.3254902  0.3137255 ]  ...  [0.4        0.30980393 0.28627452]  [0.4        0.30980393 0.28627452]  [0.         0.         0.        ]] ... [[0.46666667 0.4117647  0.41568628]  [0.46666667 0.4117647  0.41568628]  [0.4627451  0.40784314 0.4117647 ]  ...  [0.28235295 0.1882353  0.16470589]  [0.28235295 0.1882353  0.16470589]  [0.         0.         0.        ]] [[0.46666667 0.4117647  0.41568628]  [0.4627451  0.40784314 0.4117647 ]  [0.45882353 0.40392157 0.40784314]  ...  [0.28235295 0.1882353  0.16470589]  [0.28235295 0.1882353  0.16470589]  [0.         0.         0.        ]] [[0.         0.         0.        ]  [0.         0.         0.        ]  [0.         0.         0.        ]  ...  [0.         0.         0.        ]  [0.         0.         0.        ]  [0.         0.         0.        ]]]",3.362393917806912,46680,/home/amos/media/tv/Carnivale S01-S02 web 10bit hevc-d3g/Carnivale S02/Carnivale.S02E10.1080p.WEBRip.10Bit.EAC3.H265-d3g.mkv776,1080,1920,0,303,117,1192,303,165354,0.08,"[[[0. 0. 0.]  [0. 0. 0.]  [0. 0. 0.]  ...  [0. 0. 0.]  [0. 0. 0.]  [0. 0. 0.]] [[0. 0. 0.]  [0. 0. 0.]  [0. 0. 0.]  ...  [0. 0. 0.]  [0. 0. 0.]  [0. 0. 0.]] [[0. 0. 0.]  [0. 0. 0.]  [0. 0. 0.]  ...  [0. 0. 0.]  [0. 0. 0.]  [0. 0. 0.]] ... [[0. 0. 0.]  [0. 0. 0.]  [0. 0. 0.]  ...  [0. 0. 0.]  [0. 0. 0.]  [0. 0. 0.]] [[0. 0. 0.]  [0. 0. 0.]  [0. 0. 0.]  ...  [0. 0. 0.]  [0. 0. 0.]  [0. 0. 0.]] [[0. 0. 0.]  [0. 0. 0.]  [0. 0. 0.]  ...  [0. 0. 0.]  [0. 0. 0.]  [0. 0. 0.]]]",5.915877026563976,46752,/home/amos/media/tv/Carnivale S01-S02 web 10bit hevc-d3g/Carnivale S02/Carnivale.S02E10.1080p.WEBRip.10Bit.EAC3.H265-d3g.mkv777,1080,1920,0,358,142,1297,358,202824,0.098,"[[[0.58431375 0.5372549  0.49019608]  [0.58431375 0.5372549  0.49019608]  [0.58431375 0.5372549  0.49019608]  ...  [0.10196079 0.05490196 0.00784314]  [0.10588235 0.05882353 0.01176471]  [0.11764706 0.07058824 0.02352941]] [[0.58431375 0.5372549  0.49019608]  [0.5803922  0.53333336 0.4862745 ]  [0.58431375 0.5372549  0.49019608]  ...  [0.10588235 0.05882353 0.00784314]  [0.10588235 0.05882353 0.00784314]  [0.10980392 0.0627451  0.01176471]] [[0.5764706  0.5294118  0.48235294]  [0.5803922  0.53333336 0.4862745 ]  [0.58431375 0.5372549  0.49019608]  ...  [0.10588235 0.05882353 0.01176471]  [0.10588235 0.05882353 0.00784314]  [0.10196079 0.05882353 0.00784314]] ... [[0.7176471  0.67058825 0.58431375]  [0.70980394 0.6627451  0.5764706 ]  [0.7058824  0.65882355 0.57254905]  ...  [0.05882353 0.01176471 0.        ]  [0.05490196 0.00784314 0.        ]  [0.05490196 0.00784314 0.        ]] [[0.72156864 0.6745098  0.5882353 ]  [0.7176471  0.67058825 0.58431375]  [0.72156864 0.6745098  0.5882353 ]  ...  [0.0627451  0.01568628 0.00392157]  [0.0627451  0.01568628 0.00392157]  [0.0627451  0.01568628 0.00392157]] [[0.7294118  0.68235296 0.59607846]  [0.7294118  0.68235296 0.59607846]  [0.7254902  0.6784314  0.5921569 ]  ...  [0.0627451  0.01568628 0.00392157]  [0.0627451  0.01568628 0.00392157]  [0.05882353 0.01176471 0.        ]]]",4.61577410105383,46776,/home/amos/media/tv/Carnivale S01-S02 web 10bit hevc-d3g/Carnivale S02/Carnivale.S02E10.1080p.WEBRip.10Bit.EAC3.H265-d3g.mkv778,1080,1920,0,317,191,1216,317,113274,0.055,"[[[0. 0. 0.]  [0. 0. 0.]  [0. 0. 0.]  ...  [0. 0. 0.]  [0. 0. 0.]  [0. 0. 0.]] [[0. 0. 0.]  [0. 0. 0.]  [0. 0. 0.]  ...  [0. 0. 0.]  [0. 0. 0.]  [0. 0. 0.]] [[0. 0. 0.]  [0. 0. 0.]  [0. 0. 0.]  ...  [0. 0. 0.]  [0. 0. 0.]  [0. 0. 0.]] ... [[0. 0. 0.]  [0. 0. 0.]  [0. 0. 0.]  ...  [0. 0. 0.]  [0. 0. 0.]  [0. 0. 0.]] [[0. 0. 0.]  [0. 0. 0.]  [0. 0. 0.]  ...  [0. 0. 0.]  [0. 0. 0.]  [0. 0. 0.]] [[0. 0. 0.]  [0. 0. 0.]  [0. 0. 0.]  ...  [0. 0. 0.]  [0. 0. 0.]  [0. 0. 0.]]]",2.9687370464089327,46800,/home/amos/media/tv/Carnivale S01-S02 web 10bit hevc-d3g/Carnivale S02/Carnivale.S02E10.1080p.WEBRip.10Bit.EAC3.H265-d3g.mkv779,1080,1920,0,496,115,820,496,123444,0.06,"[[[0.32156864 0.24313726 0.2       ]  [0.27058825 0.19215687 0.14901961]  [0.2784314  0.20392157 0.16078432]  ...  [0.1764706  0.12941177 0.10980392]  [0.16470589 0.11764706 0.09803922]  [0.14117648 0.09411765 0.07450981]] [[0.28235295 0.20392157 0.16078432]  [0.25882354 0.1764706  0.13725491]  [0.3137255  0.23529412 0.19215687]  ...  [0.17254902 0.1254902  0.10588235]  [0.16862746 0.12156863 0.10196079]  [0.14509805 0.10196079 0.07843138]] [[0.25490198 0.16862746 0.13333334]  [0.27450982 0.1882353  0.15294118]  [0.29803923 0.21568628 0.1764706 ]  ...  [0.17254902 0.1254902  0.10588235]  [0.16862746 0.12156863 0.10196079]  [0.14901961 0.10196079 0.08235294]] ... [[0.08235294 0.05882353 0.04313726]  [0.23137255 0.20784314 0.19215687]  [0.14117648 0.1254902  0.10588235]  ...  [0.36862746 0.30588236 0.2784314 ]  [0.35686275 0.29411766 0.26666668]  [0.3882353  0.3254902  0.29803923]] [[0.19215687 0.16862746 0.15294118]  [0.14117648 0.11764706 0.10196079]  [0.0627451  0.04705882 0.02745098]  ...  [0.3882353  0.32941177 0.29803923]  [0.39607844 0.3372549  0.30588236]  [0.42352942 0.36078432 0.33333334]] [[0.11372549 0.09019608 0.07450981]  [0.05098039 0.03921569 0.01568628]  [0.08627451 0.07058824 0.05098039]  ...  [0.40784314 0.34901962 0.31764707]  [0.41568628 0.35686275 0.3254902 ]  [0.43137255 0.37254903 0.34117648]]]",0.4937170885386877,46848,/home/amos/media/tv/Carnivale S01-S02 web 10bit hevc-d3g/Carnivale S02/Carnivale.S02E10.1080p.WEBRip.10Bit.EAC3.H265-d3g.mkv780,1080,1920,0,240,94,744,240,73584,0.035,"[[[0. 0. 0.]  [0. 0. 0.]  [0. 0. 0.]  ...  [0. 0. 0.]  [0. 0. 0.]  [0. 0. 0.]] [[0. 0. 0.]  [0. 0. 0.]  [0. 0. 0.]  ...  [0. 0. 0.]  [0. 0. 0.]  [0. 0. 0.]] [[0. 0. 0.]  [0. 0. 0.]  [0. 0. 0.]  ...  [0. 0. 0.]  [0. 0. 0.]  [0. 0. 0.]] ... [[0. 0. 0.]  [0. 0. 0.]  [0. 0. 0.]  ...  [0. 0. 0.]  [0. 0. 0.]  [0. 0. 0.]] [[0. 0. 0.]  [0. 0. 0.]  [0. 0. 0.]  ...  [0. 0. 0.]  [0. 0. 0.]  [0. 0. 0.]] [[0. 0. 0.]  [0. 0. 0.]  [0. 0. 0.]  ...  [0. 0. 0.]  [0. 0. 0.]  [0. 0. 0.]]]",4.5897830610047095,46872,/home/amos/media/tv/Carnivale S01-S02 web 10bit hevc-d3g/Carnivale S02/Carnivale.S02E10.1080p.WEBRip.10Bit.EAC3.H265-d3g.mkv781,1080,1920,0,275,72,751,275,96628,0.047,"[[[0. 0. 0.]  [0. 0. 0.]  [0. 0. 0.]  ...  [0. 0. 0.]  [0. 0. 0.]  [0. 0. 0.]] [[0. 0. 0.]  [0. 0. 0.]  [0. 0. 0.]  ...  [0. 0. 0.]  [0. 0. 0.]  [0. 0. 0.]] [[0. 0. 0.]  [0. 0. 0.]  [0. 0. 0.]  ...  [0. 0. 0.]  [0. 0. 0.]  [0. 0. 0.]] ... [[0. 0. 0.]  [0. 0. 0.]  [0. 0. 0.]  ...  [0. 0. 0.]  [0. 0. 0.]  [0. 0. 0.]] [[0. 0. 0.]  [0. 0. 0.]  [0. 0. 0.]  ...  [0. 0. 0.]  [0. 0. 0.]  [0. 0. 0.]] [[0. 0. 0.]  [0. 0. 0.]  [0. 0. 0.]  ...  [0. 0. 0.]  [0. 0. 0.]  [0. 0. 0.]]]",3.7816630373126827,46896,/home/amos/media/tv/Carnivale S01-S02 web 10bit hevc-d3g/Carnivale S02/Carnivale.S02E10.1080p.WEBRip.10Bit.EAC3.H265-d3g.mkv782,1080,1920,0,251,95,780,251,82524,0.04,"[[[0. 0. 0.]  [0. 0. 0.]  [0. 0. 0.]  ...  [0. 0. 0.]  [0. 0. 0.]  [0. 0. 0.]] [[0. 0. 0.]  [0. 0. 0.]  [0. 0. 0.]  ...  [0. 0. 0.]  [0. 0. 0.]  [0. 0. 0.]] [[0. 0. 0.]  [0. 0. 0.]  [0. 0. 0.]  ...  [0. 0. 0.]  [0. 0. 0.]  [0. 0. 0.]] ... [[0. 0. 0.]  [0. 0. 0.]  [0. 0. 0.]  ...  [0. 0. 0.]  [0. 0. 0.]  [0. 0. 0.]] [[0. 0. 0.]  [0. 0. 0.]  [0. 0. 0.]  ...  [0. 0. 0.]  [0. 0. 0.]  [0. 0. 0.]] [[0. 0. 0.]  [0. 0. 0.]  [0. 0. 0.]  ...  [0. 0. 0.]  [0. 0. 0.]  [0. 0. 0.]]]",4.314990176237188,46920,/home/amos/media/tv/Carnivale S01-S02 web 10bit hevc-d3g/Carnivale S02/Carnivale.S02E10.1080p.WEBRip.10Bit.EAC3.H265-d3g.mkv783,1080,1920,0,251,89,774,251,84726,0.041,"[[[0. 0. 0.]  [0. 0. 0.]  [0. 0. 0.]  ...  [0. 0. 0.]  [0. 0. 0.]  [0. 0. 0.]] [[0. 0. 0.]  [0. 0. 0.]  [0. 0. 0.]  ...  [0. 0. 0.]  [0. 0. 0.]  [0. 0. 0.]] [[0. 0. 0.]  [0. 0. 0.]  [0. 0. 0.]  ...  [0. 0. 0.]  [0. 0. 0.]  [0. 0. 0.]] ... [[0. 0. 0.]  [0. 0. 0.]  [0. 0. 0.]  ...  [0. 0. 0.]  [0. 0. 0.]  [0. 0. 0.]] [[0. 0. 0.]  [0. 0. 0.]  [0. 0. 0.]  ...  [0. 0. 0.]  [0. 0. 0.]  [0. 0. 0.]] [[0. 0. 0.]  [0. 0. 0.]  [0. 0. 0.]  ...  [0. 0. 0.]  [0. 0. 0.]  [0. 0. 0.]]]",3.767871131596621,46944,/home/amos/media/tv/Carnivale S01-S02 web 10bit hevc-d3g/Carnivale S02/Carnivale.S02E10.1080p.WEBRip.10Bit.EAC3.H265-d3g.mkv784,1080,1920,0,51,522,1153,51,519042,0.25,"[[[0.33333334 0.30588236 0.21960784]  [0.33333334 0.30588236 0.21960784]  [0.33333334 0.30588236 0.21960784]  ...  [0.3529412  0.2901961  0.23137255]  [0.34901962 0.28627452 0.22745098]  [0.34901962 0.28627452 0.22745098]] [[0.33333334 0.30588236 0.21960784]  [0.33333334 0.30588236 0.21960784]  [0.33333334 0.30588236 0.21960784]  ...  [0.3529412  0.2901961  0.23137255]  [0.34901962 0.28627452 0.22745098]  [0.34901962 0.28627452 0.22745098]] [[0.33333334 0.30588236 0.21960784]  [0.33333334 0.30588236 0.21960784]  [0.33333334 0.30588236 0.21960784]  ...  [0.34901962 0.28627452 0.22745098]  [0.34901962 0.28235295 0.22352941]  [0.34901962 0.28235295 0.22352941]] ... [[0.28627452 0.23529412 0.16862746]  [0.28627452 0.23529412 0.16862746]  [0.28627452 0.23529412 0.16862746]  ...  [0.56078434 0.48235294 0.43137255]  [0.56078434 0.48235294 0.43137255]  [0.56078434 0.48235294 0.43137255]] [[0.28627452 0.23529412 0.16862746]  [0.28627452 0.23529412 0.16862746]  [0.28627452 0.23137255 0.16470589]  ...  [0.56078434 0.48235294 0.43137255]  [0.56078434 0.48235294 0.43137255]  [0.56078434 0.48235294 0.43137255]] [[0.28627452 0.23529412 0.16862746]  [0.28627452 0.23529412 0.16862746]  [0.28627452 0.23137255 0.16470589]  ...  [0.56078434 0.48235294 0.43137255]  [0.56078434 0.48235294 0.43137255]  [0.56078434 0.48235294 0.43137255]]]",2.2168180425069295,47040,/home/amos/media/tv/Carnivale S01-S02 web 10bit hevc-d3g/Carnivale S02/Carnivale.S02E10.1080p.WEBRip.10Bit.EAC3.H265-d3g.mkv785,1080,1920,0,200,107,1062,200,80166,0.039,"[[[0.6509804  0.59607846 0.53333336]  [0.654902   0.6        0.5372549 ]  [0.65882355 0.6039216  0.5411765 ]  ...  [0.14901961 0.11372549 0.06666667]  [0.14509805 0.10980392 0.0627451 ]  [0.14117648 0.10588235 0.05882353]] [[0.65882355 0.6039216  0.5411765 ]  [0.65882355 0.6039216  0.5411765 ]  [0.6666667  0.6117647  0.54901963]  ...  [0.14901961 0.11372549 0.06666667]  [0.14901961 0.10980392 0.06666667]  [0.14509805 0.10980392 0.0627451 ]] [[0.6627451  0.60784316 0.5411765 ]  [0.6627451  0.60784316 0.54509807]  [0.6666667  0.6117647  0.54901963]  ...  [0.14509805 0.10980392 0.0627451 ]  [0.14901961 0.11372549 0.06666667]  [0.14901961 0.11372549 0.06666667]] ... [[0.6627451  0.60784316 0.5411765 ]  [0.6627451  0.60784316 0.5411765 ]  [0.6627451  0.60784316 0.5411765 ]  ...  [0.07058824 0.02352941 0.        ]  [0.05882353 0.01568628 0.        ]  [0.05098039 0.00784314 0.        ]] [[0.6627451  0.60784316 0.5411765 ]  [0.6666667  0.6117647  0.54509807]  [0.6666667  0.6117647  0.54509807]  ...  [0.0627451  0.01960784 0.        ]  [0.05098039 0.00784314 0.        ]  [0.04705882 0.00392157 0.        ]] [[0.6666667  0.6117647  0.54509807]  [0.6666667  0.6117647  0.54509807]  [0.6666667  0.6117647  0.54509807]  ...  [0.05882353 0.01568628 0.        ]  [0.05098039 0.00784314 0.        ]  [0.04705882 0.00392157 0.        ]]]",1.7284929475863464,47064,/home/amos/media/tv/Carnivale S01-S02 web 10bit hevc-d3g/Carnivale S02/Carnivale.S02E10.1080p.WEBRip.10Bit.EAC3.H265-d3g.mkv786,1080,1920,0,188,114,1077,188,65786,0.032,"[[[0.654902   0.6        0.53333336]  [0.6509804  0.59607846 0.5294118 ]  [0.64705884 0.5921569  0.5254902 ]  ...  [0.1764706  0.14117648 0.09411765]  [0.17254902 0.13725491 0.09019608]  [0.19215687 0.14901961 0.10588235]] [[0.654902   0.6        0.53333336]  [0.6509804  0.59607846 0.5294118 ]  [0.64705884 0.5921569  0.5254902 ]  ...  [0.17254902 0.13725491 0.09019608]  [0.17254902 0.13333334 0.09019608]  [0.18431373 0.14117648 0.09803922]] [[0.6509804  0.59607846 0.5294118 ]  [0.6509804  0.5921569  0.5294118 ]  [0.6431373  0.5882353  0.5254902 ]  ...  [0.1764706  0.14117648 0.09411765]  [0.17254902 0.13725491 0.09019608]  [0.18431373 0.14117648 0.09803922]] ... [[0.68235296 0.61960787 0.5529412 ]  [0.6862745  0.61960787 0.56078434]  [0.68235296 0.61960787 0.5568628 ]  ...  [0.06666667 0.01960784 0.        ]  [0.07058824 0.02745098 0.00784314]  [0.07058824 0.03137255 0.01568628]] [[0.6784314  0.6156863  0.5529412 ]  [0.68235296 0.61960787 0.5568628 ]  [0.6862745  0.62352943 0.56078434]  ...  [0.06666667 0.01960784 0.        ]  [0.07058824 0.02352941 0.00784314]  [0.07058824 0.03137255 0.01176471]] [[0.6745098  0.6117647  0.54901963]  [0.6784314  0.6156863  0.5529412 ]  [0.6862745  0.62352943 0.5568628 ]  ...  [0.06666667 0.01960784 0.        ]  [0.07058824 0.02352941 0.00392157]  [0.06666667 0.02745098 0.00784314]]]",1.5747099982690997,47088,/home/amos/media/tv/Carnivale S01-S02 web 10bit hevc-d3g/Carnivale S02/Carnivale.S02E10.1080p.WEBRip.10Bit.EAC3.H265-d3g.mkv787,1080,1920,0,50,534,1142,50,528528,0.255,"[[[0.39215687 0.3529412  0.27058825]  [0.39215687 0.3529412  0.27058825]  [0.39215687 0.3529412  0.27058825]  ...  [0.33333334 0.2627451  0.19607843]  [0.32941177 0.25882354 0.19215687]  [0.32941177 0.25882354 0.19215687]] [[0.39215687 0.3529412  0.27058825]  [0.39215687 0.3529412  0.27058825]  [0.39215687 0.3529412  0.27058825]  ...  [0.33333334 0.2627451  0.19607843]  [0.32941177 0.25882354 0.19215687]  [0.32941177 0.25882354 0.19215687]] [[0.39215687 0.3529412  0.27058825]  [0.39215687 0.3529412  0.27058825]  [0.39215687 0.3529412  0.27058825]  ...  [0.33333334 0.2627451  0.19607843]  [0.32941177 0.25882354 0.19215687]  [0.32941177 0.25882354 0.19215687]] ... [[0.2901961  0.23921569 0.16862746]  [0.2901961  0.23921569 0.16862746]  [0.2901961  0.23921569 0.16862746]  ...  [0.49803922 0.44705883 0.38039216]  [0.49803922 0.44705883 0.38039216]  [0.49803922 0.44705883 0.38039216]] [[0.28627452 0.23529412 0.16470589]  [0.28627452 0.23529412 0.16470589]  [0.28627452 0.23529412 0.16470589]  ...  [0.49803922 0.44705883 0.38039216]  [0.49803922 0.44705883 0.38039216]  [0.49803922 0.44705883 0.38039216]] [[0.28627452 0.23529412 0.16470589]  [0.28627452 0.23529412 0.16470589]  [0.28627452 0.23529412 0.16470589]  ...  [0.49803922 0.44705883 0.38039216]  [0.49803922 0.44705883 0.38039216]  [0.49803922 0.44705883 0.38039216]]]",2.141665840463247,47112,/home/amos/media/tv/Carnivale S01-S02 web 10bit hevc-d3g/Carnivale S02/Carnivale.S02E10.1080p.WEBRip.10Bit.EAC3.H265-d3g.mkv788,1080,1920,0,81,799,1325,81,893192,0.431,"[[[0.25490198 0.18431373 0.17254902]  [0.25490198 0.18431373 0.16862746]  [0.24313726 0.17254902 0.15294118]  ...  [0.18039216 0.09411765 0.04705882]  [0.18431373 0.09803922 0.05098039]  [0.18431373 0.09803922 0.05098039]] [[0.25490198 0.18431373 0.17254902]  [0.2509804  0.18431373 0.16862746]  [0.24313726 0.17254902 0.15294118]  ...  [0.18039216 0.09411765 0.04705882]  [0.18431373 0.09803922 0.05098039]  [0.18431373 0.09803922 0.05098039]] [[0.24705882 0.1764706  0.16470589]  [0.24705882 0.1764706  0.16078432]  [0.23921569 0.16862746 0.14901961]  ...  [0.1882353  0.09803922 0.05098039]  [0.1882353  0.10196079 0.05490196]  [0.19215687 0.10196079 0.05490196]] ... [[0.4117647  0.32941177 0.32941177]  [0.4117647  0.32941177 0.32941177]  [0.4117647  0.32941177 0.32941177]  ...  [0.2901961  0.22352941 0.18431373]  [0.3019608  0.23529412 0.19607843]  [0.3019608  0.23529412 0.19607843]] [[0.4117647  0.32941177 0.32941177]  [0.4117647  0.32941177 0.32941177]  [0.4117647  0.32941177 0.32941177]  ...  [0.29411766 0.22745098 0.18431373]  [0.3019608  0.23529412 0.2       ]  [0.30588236 0.23921569 0.2       ]] [[0.4117647  0.32941177 0.32941177]  [0.4117647  0.32941177 0.32941177]  [0.4117647  0.32941177 0.32941177]  ...  [0.29411766 0.22745098 0.1882353 ]  [0.30588236 0.23921569 0.19607843]  [0.30588236 0.23921569 0.2       ]]]",7.442241990414914,47160,/home/amos/media/tv/Carnivale S01-S02 web 10bit hevc-d3g/Carnivale S02/Carnivale.S02E10.1080p.WEBRip.10Bit.EAC3.H265-d3g.mkv789,1080,1920,0,78,670,1363,78,760720,0.367,"[[[0.56078434 0.49803922 0.49019608]  [0.5568628  0.49411765 0.4862745 ]  [0.5254902  0.4627451  0.45490196]  ...  [0.29411766 0.21176471 0.18039216]  [0.29411766 0.21176471 0.18039216]  [0.29411766 0.21176471 0.18039216]] [[0.56078434 0.49803922 0.49019608]  [0.5568628  0.49411765 0.4862745 ]  [0.5254902  0.4627451  0.4509804 ]  ...  [0.29411766 0.21176471 0.18039216]  [0.29411766 0.21176471 0.18039216]  [0.29411766 0.21176471 0.18039216]] [[0.54509807 0.47843137 0.47058824]  [0.5411765  0.47843137 0.47058824]  [0.50980395 0.44705883 0.43529412]  ...  [0.29803923 0.21568628 0.18431373]  [0.29803923 0.21568628 0.18431373]  [0.29803923 0.21568628 0.18431373]] ... [[0.38431373 0.29411766 0.27450982]  [0.38431373 0.29411766 0.27450982]  [0.3882353  0.29803923 0.27450982]  ...  [0.28627452 0.20392157 0.16862746]  [0.28627452 0.21176471 0.1764706 ]  [0.28627452 0.21176471 0.1764706 ]] [[0.3882353  0.29803923 0.2784314 ]  [0.3882353  0.29803923 0.2784314 ]  [0.3882353  0.29803923 0.2784314 ]  ...  [0.28235295 0.20392157 0.16862746]  [0.28235295 0.20784314 0.17254902]  [0.28235295 0.20784314 0.17254902]] [[0.3882353  0.29803923 0.2784314 ]  [0.3882353  0.29803923 0.2784314 ]  [0.3882353  0.29803923 0.2784314 ]  ...  [0.28235295 0.20392157 0.16862746]  [0.28235295 0.20784314 0.17254902]  [0.28235295 0.20784314 0.17254902]]]",3.929011084488593,47184,/home/amos/media/tv/Carnivale S01-S02 web 10bit hevc-d3g/Carnivale S02/Carnivale.S02E10.1080p.WEBRip.10Bit.EAC3.H265-d3g.mkv790,1080,1920,0,56,40,1606,56,24800,0.012,"[[[0.75686276 0.7254902  0.6627451 ]  [0.75686276 0.7254902  0.6627451 ]  [0.75686276 0.7254902  0.6627451 ]  ...  [0.8156863  0.7764706  0.7058824 ]  [0.8235294  0.78431374 0.7137255 ]  [0.8235294  0.78431374 0.7137255 ]] [[0.75686276 0.7254902  0.6627451 ]  [0.75686276 0.7254902  0.6627451 ]  [0.75686276 0.7254902  0.6627451 ]  ...  [0.8156863  0.7764706  0.7058824 ]  [0.8235294  0.78431374 0.7137255 ]  [0.8235294  0.78431374 0.7137255 ]] [[0.75686276 0.7254902  0.6627451 ]  [0.75686276 0.7254902  0.6627451 ]  [0.75686276 0.7254902  0.6627451 ]  ...  [0.8156863  0.7764706  0.7058824 ]  [0.8235294  0.78431374 0.7137255 ]  [0.8235294  0.78431374 0.7137255 ]] ... [[0.76862746 0.7294118  0.6666667 ]  [0.76862746 0.7294118  0.6666667 ]  [0.77254903 0.73333335 0.67058825]  ...  [0.8901961  0.8509804  0.78039217]  [0.89411765 0.85490197 0.78431374]  [0.89411765 0.85490197 0.78431374]] [[0.76862746 0.7294118  0.6666667 ]  [0.76862746 0.7294118  0.6666667 ]  [0.77254903 0.73333335 0.67058825]  ...  [0.89411765 0.85490197 0.78431374]  [0.89411765 0.85490197 0.78431374]  [0.89411765 0.85490197 0.78431374]] [[0.76862746 0.7294118  0.6666667 ]  [0.76862746 0.7294118  0.6666667 ]  [0.76862746 0.7294118  0.6666667 ]  ...  [0.89411765 0.85490197 0.78431374]  [0.89411765 0.85490197 0.78431374]  [0.89411765 0.85490197 0.78431374]]]",1.2620709542534314,47256,/home/amos/media/tv/Carnivale S01-S02 web 10bit hevc-d3g/Carnivale S02/Carnivale.S02E10.1080p.WEBRip.10Bit.EAC3.H265-d3g.mkv791,1080,1920,0,69,138,1641,69,108468,0.052,"[[[0.79607844 0.75686276 0.6862745 ]  [0.79607844 0.75686276 0.6862745 ]  [0.7921569  0.7529412  0.68235296]  ...  [0.8        0.7607843  0.69411767]  [0.8        0.7607843  0.69411767]  [0.8        0.7607843  0.69411767]] [[0.79607844 0.75686276 0.6862745 ]  [0.79607844 0.75686276 0.6862745 ]  [0.7921569  0.7529412  0.68235296]  ...  [0.8        0.7607843  0.69803923]  [0.8        0.7607843  0.69411767]  [0.8        0.7607843  0.69411767]] [[0.79607844 0.75686276 0.6862745 ]  [0.79607844 0.75686276 0.6862745 ]  [0.7921569  0.7529412  0.68235296]  ...  [0.8        0.7607843  0.69411767]  [0.8        0.7607843  0.69411767]  [0.8        0.7607843  0.69411767]] ... [[0.7137255  0.6745098  0.6       ]  [0.7137255  0.6745098  0.6       ]  [0.7137255  0.6745098  0.6       ]  ...  [0.8117647  0.77254903 0.69803923]  [0.8117647  0.77254903 0.69803923]  [0.8117647  0.77254903 0.69803923]] [[0.7137255  0.6745098  0.6       ]  [0.7137255  0.6745098  0.6       ]  [0.7137255  0.6745098  0.6       ]  ...  [0.80784315 0.76862746 0.69411767]  [0.8117647  0.77254903 0.69803923]  [0.8117647  0.77254903 0.69803923]] [[0.7137255  0.6745098  0.6       ]  [0.7137255  0.6745098  0.6       ]  [0.7137255  0.6745098  0.6       ]  ...  [0.80784315 0.76862746 0.69411767]  [0.8117647  0.77254903 0.69803923]  [0.8117647  0.77254903 0.69803923]]]",0.8714670990011655,47280,/home/amos/media/tv/Carnivale S01-S02 web 10bit hevc-d3g/Carnivale S02/Carnivale.S02E10.1080p.WEBRip.10Bit.EAC3.H265-d3g.mkv792,1080,1920,1,79,586,1437,79,688506,0.332,"[[[0.5568628  0.5019608  0.5019608 ]  [0.5568628  0.5019608  0.5019608 ]  [0.56078434 0.50980395 0.5058824 ]  ...  [0.32941177 0.2627451  0.20784314]  [0.30588236 0.23921569 0.18431373]  [0.30588236 0.23921569 0.18431373]] [[0.5568628  0.5019608  0.5019608 ]  [0.5568628  0.5019608  0.5019608 ]  [0.56078434 0.50980395 0.5058824 ]  ...  [0.32941177 0.2627451  0.20784314]  [0.30588236 0.23921569 0.18431373]  [0.30588236 0.23921569 0.18431373]] [[0.56078434 0.5058824  0.5058824 ]  [0.56078434 0.5058824  0.5058824 ]  [0.5647059  0.50980395 0.5058824 ]  ...  [0.31764707 0.24705882 0.19607843]  [0.3019608  0.23137255 0.18039216]  [0.3019608  0.23137255 0.1764706 ]] ... [[0.41960785 0.32941177 0.30980393]  [0.41960785 0.32941177 0.30980393]  [0.42352942 0.33333334 0.3137255 ]  ...  [0.19215687 0.12156863 0.09019608]  [0.21568628 0.14509805 0.11372549]  [0.21568628 0.14509805 0.11372549]] [[0.41568628 0.3254902  0.30588236]  [0.41568628 0.3254902  0.30588236]  [0.41960785 0.32941177 0.30980393]  ...  [0.21176471 0.14117648 0.10980392]  [0.24313726 0.17254902 0.14117648]  [0.24313726 0.17254902 0.14117648]] [[0.41568628 0.3254902  0.30588236]  [0.41568628 0.3254902  0.30588236]  [0.41960785 0.32941177 0.30980393]  ...  [0.21568628 0.14509805 0.11372549]  [0.24313726 0.17254902 0.14117648]  [0.24705882 0.1764706  0.14509805]]]",4.360685088147875,47280,/home/amos/media/tv/Carnivale S01-S02 web 10bit hevc-d3g/Carnivale S02/Carnivale.S02E10.1080p.WEBRip.10Bit.EAC3.H265-d3g.mkv793,1080,1920,0,70,136,1659,70,104874,0.051,"[[[0.7882353  0.7490196  0.6784314 ]  [0.7882353  0.7490196  0.6784314 ]  [0.78039217 0.7411765  0.67058825]  ...  [0.7921569  0.7490196  0.6862745 ]  [0.7882353  0.7490196  0.68235296]  [0.7882353  0.7490196  0.68235296]] [[0.7882353  0.7490196  0.6784314 ]  [0.7882353  0.7490196  0.6784314 ]  [0.78039217 0.7411765  0.67058825]  ...  [0.7921569  0.7490196  0.68235296]  [0.7882353  0.7490196  0.68235296]  [0.7882353  0.7490196  0.68235296]] [[0.7882353  0.7490196  0.6784314 ]  [0.7882353  0.7490196  0.6784314 ]  [0.78431374 0.74509805 0.6745098 ]  ...  [0.7921569  0.7529412  0.6862745 ]  [0.7882353  0.7529412  0.6862745 ]  [0.7882353  0.7529412  0.6862745 ]] ... [[0.72156864 0.6862745  0.6039216 ]  [0.72156864 0.6862745  0.6039216 ]  [0.7176471  0.68235296 0.6       ]  ...  [0.7882353  0.7529412  0.6745098 ]  [0.7882353  0.7529412  0.6745098 ]  [0.7882353  0.7529412  0.6745098 ]] [[0.72156864 0.6862745  0.6039216 ]  [0.72156864 0.6862745  0.6039216 ]  [0.7176471  0.68235296 0.6       ]  ...  [0.7882353  0.7529412  0.6745098 ]  [0.7882353  0.7529412  0.6745098 ]  [0.7882353  0.7529412  0.6745098 ]] [[0.72156864 0.6862745  0.6039216 ]  [0.72156864 0.6862745  0.6039216 ]  [0.7176471  0.68235296 0.6       ]  ...  [0.7882353  0.7529412  0.6745098 ]  [0.7882353  0.7529412  0.6745098 ]  [0.7882353  0.7529412  0.6745098 ]]]",0.3659550330485217,47304,/home/amos/media/tv/Carnivale S01-S02 web 10bit hevc-d3g/Carnivale S02/Carnivale.S02E10.1080p.WEBRip.10Bit.EAC3.H265-d3g.mkv794,1080,1920,0,78,133,1664,78,87230,0.042,"[[[0.87058824 0.83137256 0.75686276]  [0.87058824 0.83137256 0.75686276]  [0.8627451  0.8235294  0.7490196 ]  ...  [0.8235294  0.78431374 0.7176471 ]  [0.83137256 0.7921569  0.7254902 ]  [0.83137256 0.7921569  0.7254902 ]] [[0.87058824 0.83137256 0.75686276]  [0.87058824 0.83137256 0.75686276]  [0.8627451  0.8235294  0.7490196 ]  ...  [0.8235294  0.78431374 0.7176471 ]  [0.83137256 0.7921569  0.7254902 ]  [0.83137256 0.7921569  0.7254902 ]] [[0.87058824 0.83137256 0.75686276]  [0.87058824 0.83137256 0.75686276]  [0.8627451  0.8235294  0.7490196 ]  ...  [0.8156863  0.7764706  0.70980394]  [0.8235294  0.78431374 0.7176471 ]  [0.8235294  0.78431374 0.7176471 ]] ... [[0.7607843  0.72156864 0.64705884]  [0.7607843  0.72156864 0.64705884]  [0.7529412  0.7176471  0.6392157 ]  ...  [0.77254903 0.73333335 0.65882355]  [0.7764706  0.7372549  0.6627451 ]  [0.7764706  0.7372549  0.6627451 ]] [[0.7647059  0.7254902  0.6509804 ]  [0.7647059  0.7254902  0.6509804 ]  [0.75686276 0.7176471  0.6431373 ]  ...  [0.77254903 0.73333335 0.65882355]  [0.78039217 0.7411765  0.6666667 ]  [0.78039217 0.7411765  0.6666667 ]] [[0.7647059  0.7254902  0.6509804 ]  [0.7647059  0.7254902  0.6509804 ]  [0.75686276 0.7176471  0.6431373 ]  ...  [0.77254903 0.73333335 0.65882355]  [0.78039217 0.7411765  0.6666667 ]  [0.78039217 0.7411765  0.6666667 ]]]",1.6901440561632626,47328,/home/amos/media/tv/Carnivale S01-S02 web 10bit hevc-d3g/Carnivale S02/Carnivale.S02E10.1080p.WEBRip.10Bit.EAC3.H265-d3g.mkv795,1080,1920,0,53,43,1646,53,15930,0.008,"[[[0.75686276 0.7254902  0.65882355]  [0.75686276 0.7254902  0.65882355]  [0.75686276 0.7254902  0.65882355]  ...  [0.79607844 0.75686276 0.6862745 ]  [0.8        0.7607843  0.6901961 ]  [0.8        0.7607843  0.6901961 ]] [[0.75686276 0.7254902  0.65882355]  [0.75686276 0.7254902  0.65882355]  [0.75686276 0.7254902  0.65882355]  ...  [0.79607844 0.75686276 0.6862745 ]  [0.8        0.7607843  0.6901961 ]  [0.8        0.7607843  0.6901961 ]] [[0.75686276 0.7254902  0.65882355]  [0.75686276 0.7254902  0.65882355]  [0.7529412  0.72156864 0.654902  ]  ...  [0.79607844 0.75686276 0.6862745 ]  [0.8        0.7607843  0.6901961 ]  [0.8        0.7607843  0.6901961 ]] ... [[0.7372549  0.69803923 0.6431373 ]  [0.7372549  0.69803923 0.6431373 ]  [0.7372549  0.69803923 0.6431373 ]  ...  [0.8627451  0.827451   0.7607843 ]  [0.8627451  0.827451   0.7607843 ]  [0.8627451  0.827451   0.7607843 ]] [[0.7372549  0.69803923 0.6431373 ]  [0.7372549  0.69803923 0.6431373 ]  [0.7372549  0.69803923 0.6431373 ]  ...  [0.8627451  0.827451   0.7607843 ]  [0.8627451  0.827451   0.7607843 ]  [0.8627451  0.827451   0.7607843 ]] [[0.7372549  0.69803923 0.6431373 ]  [0.7372549  0.69803923 0.6431373 ]  [0.7372549  0.69803923 0.6431373 ]  ...  [0.8627451  0.827451   0.7607843 ]  [0.8627451  0.827451   0.7607843 ]  [0.8627451  0.827451   0.7607843 ]]]",1.1284149442217313,47400,/home/amos/media/tv/Carnivale S01-S02 web 10bit hevc-d3g/Carnivale S02/Carnivale.S02E10.1080p.WEBRip.10Bit.EAC3.H265-d3g.mkv796,1080,1920,1,71,138,1679,71,107736,0.052,"[[[0.84705883 0.80784315 0.74509805]  [0.84705883 0.80784315 0.74509805]  [0.8392157  0.8        0.7372549 ]  ...  [0.7529412  0.7254902  0.65882355]  [0.7529412  0.7254902  0.65882355]  [0.         0.         0.        ]] [[0.84705883 0.80784315 0.74509805]  [0.84705883 0.80784315 0.74509805]  [0.8392157  0.8        0.7372549 ]  ...  [0.7529412  0.7254902  0.65882355]  [0.7529412  0.7254902  0.65882355]  [0.         0.         0.        ]] [[0.84705883 0.80784315 0.74509805]  [0.84705883 0.80784315 0.74509805]  [0.8392157  0.8        0.7372549 ]  ...  [0.7529412  0.7254902  0.65882355]  [0.7529412  0.7254902  0.65882355]  [0.         0.         0.        ]] ... [[0.72156864 0.68235296 0.6117647 ]  [0.72156864 0.68235296 0.6117647 ]  [0.7137255  0.6745098  0.6039216 ]  ...  [0.7490196  0.70980394 0.6392157 ]  [0.7490196  0.70980394 0.6392157 ]  [0.         0.         0.        ]] [[0.72156864 0.68235296 0.6117647 ]  [0.72156864 0.68235296 0.6117647 ]  [0.7137255  0.6745098  0.6039216 ]  ...  [0.7490196  0.70980394 0.6392157 ]  [0.7490196  0.70980394 0.6392157 ]  [0.         0.         0.        ]] [[0.         0.         0.        ]  [0.         0.         0.        ]  [0.         0.         0.        ]  ...  [0.         0.         0.        ]  [0.         0.         0.        ]  [0.         0.         0.        ]]]",0.6720880776992999,47400,/home/amos/media/tv/Carnivale S01-S02 web 10bit hevc-d3g/Carnivale S02/Carnivale.S02E10.1080p.WEBRip.10Bit.EAC3.H265-d3g.mkv797,1080,1920,0,65,137,1682,65,116424,0.056,"[[[0.7921569  0.7529412  0.6862745 ]  [0.7921569  0.7529412  0.6862745 ]  [0.7882353  0.7490196  0.68235296]  ...  [0.7607843  0.7294118  0.6627451 ]  [0.7607843  0.7294118  0.6627451 ]  [0.7607843  0.7294118  0.6627451 ]] [[0.7921569  0.7529412  0.6862745 ]  [0.7921569  0.7529412  0.6862745 ]  [0.7882353  0.7490196  0.68235296]  ...  [0.7607843  0.7294118  0.6627451 ]  [0.7607843  0.7294118  0.6627451 ]  [0.7607843  0.7294118  0.6627451 ]] [[0.7882353  0.7490196  0.68235296]  [0.7882353  0.7490196  0.68235296]  [0.78431374 0.74509805 0.6784314 ]  ...  [0.7607843  0.7294118  0.6627451 ]  [0.7607843  0.7294118  0.6627451 ]  [0.7607843  0.7294118  0.6627451 ]] ... [[0.70980394 0.67058825 0.6       ]  [0.70980394 0.67058825 0.6       ]  [0.7058824  0.6666667  0.59607846]  ...  [0.78039217 0.7411765  0.6745098 ]  [0.7764706  0.7372549  0.67058825]  [0.7764706  0.7372549  0.67058825]] [[0.70980394 0.67058825 0.6       ]  [0.70980394 0.67058825 0.6       ]  [0.7058824  0.6666667  0.59607846]  ...  [0.7764706  0.7372549  0.67058825]  [0.7764706  0.7372549  0.67058825]  [0.7764706  0.7372549  0.67058825]] [[0.70980394 0.67058825 0.6       ]  [0.70980394 0.67058825 0.6       ]  [0.7058824  0.67058825 0.59607846]  ...  [0.7764706  0.7372549  0.67058825]  [0.7764706  0.7372549  0.67058825]  [0.7764706  0.7372549  0.67058825]]]",0.6017770859762095,47472,/home/amos/media/tv/Carnivale S01-S02 web 10bit hevc-d3g/Carnivale S02/Carnivale.S02E10.1080p.WEBRip.10Bit.EAC3.H265-d3g.mkv798,1080,1920,0,62,508,1115,62,469638,0.226,"[[[0.36862746 0.28627452 0.20392157]  [0.36862746 0.28627452 0.20392157]  [0.36862746 0.28627452 0.20392157]  ...  [0.36862746 0.25882354 0.22745098]  [0.34901962 0.23921569 0.20784314]  [0.34901962 0.23921569 0.20784314]] [[0.36862746 0.28627452 0.20392157]  [0.36862746 0.28627452 0.20392157]  [0.36862746 0.28627452 0.20392157]  ...  [0.36862746 0.25882354 0.22745098]  [0.34901962 0.23921569 0.20784314]  [0.34901962 0.23921569 0.20784314]] [[0.36862746 0.28627452 0.20392157]  [0.36862746 0.28627452 0.20392157]  [0.36862746 0.28627452 0.20392157]  ...  [0.3647059  0.25490198 0.22352941]  [0.34509805 0.23921569 0.20392157]  [0.34509805 0.23921569 0.20392157]] ... [[0.4        0.32941177 0.2901961 ]  [0.4        0.32941177 0.2901961 ]  [0.4        0.32941177 0.2901961 ]  ...  [0.35686275 0.28235295 0.24705882]  [0.35686275 0.28627452 0.24705882]  [0.35686275 0.28627452 0.24705882]] [[0.4        0.32941177 0.2901961 ]  [0.4        0.32941177 0.2901961 ]  [0.4        0.32941177 0.2901961 ]  ...  [0.36078432 0.2901961  0.2509804 ]  [0.36078432 0.29411766 0.25490198]  [0.36078432 0.29411766 0.25490198]] [[0.4        0.32941177 0.2901961 ]  [0.4        0.32941177 0.2901961 ]  [0.4        0.32941177 0.2901961 ]  ...  [0.36078432 0.2901961  0.2509804 ]  [0.36078432 0.29411766 0.25490198]  [0.36078432 0.29411766 0.25490198]]]",5.193408942373935,47496,/home/amos/media/tv/Carnivale S01-S02 web 10bit hevc-d3g/Carnivale S02/Carnivale.S02E10.1080p.WEBRip.10Bit.EAC3.H265-d3g.mkv799,1080,1920,0,77,594,1463,77,716562,0.346,"[[[0.5647059  0.50980395 0.50980395]  [0.5647059  0.50980395 0.50980395]  [0.5647059  0.50980395 0.5058824 ]  ...  [0.34901962 0.2784314  0.23529412]  [0.32941177 0.25882354 0.21568628]  [0.32941177 0.25882354 0.21568628]] [[0.5647059  0.50980395 0.50980395]  [0.5647059  0.50980395 0.50980395]  [0.5647059  0.50980395 0.5058824 ]  ...  [0.34901962 0.2784314  0.23529412]  [0.32941177 0.25882354 0.21568628]  [0.32941177 0.25882354 0.21568628]] [[0.5686275  0.5137255  0.5137255 ]  [0.5647059  0.5137255  0.5137255 ]  [0.5647059  0.5137255  0.50980395]  ...  [0.34117648 0.26666668 0.22352941]  [0.32156864 0.2509804  0.20784314]  [0.32156864 0.24705882 0.20392157]] ... [[0.42352942 0.34117648 0.31764707]  [0.42352942 0.34117648 0.31764707]  [0.42745098 0.34509805 0.31764707]  ...  [0.28627452 0.21176471 0.1882353 ]  [0.25882354 0.18431373 0.15686275]  [0.25882354 0.18039216 0.15686275]] [[0.41960785 0.3372549  0.3137255 ]  [0.41960785 0.3372549  0.3137255 ]  [0.41960785 0.3372549  0.3137255 ]  ...  [0.2901961  0.21176471 0.1882353 ]  [0.2509804  0.17254902 0.14901961]  [0.2509804  0.17254902 0.14901961]] [[0.41960785 0.3372549  0.3137255 ]  [0.41960785 0.3372549  0.3137255 ]  [0.41960785 0.3372549  0.3137255 ]  ...  [0.2901961  0.21176471 0.1882353 ]  [0.2509804  0.17254902 0.14901961]  [0.2509804  0.17254902 0.14901961]]]",3.3037590078893118,47520,/home/amos/media/tv/Carnivale S01-S02 web 10bit hevc-d3g/Carnivale S02/Carnivale.S02E10.1080p.WEBRip.10Bit.EAC3.H265-d3g.mkv800,1080,1920,0,68,136,1686,68,110024,0.053,"[[[0.83137256 0.7921569  0.7254902 ]  [0.83137256 0.7921569  0.7254902 ]  [0.827451   0.7882353  0.72156864]  ...  [0.7411765  0.70980394 0.6431373 ]  [0.7372549  0.7058824  0.6392157 ]  [0.7372549  0.7058824  0.6392157 ]] [[0.83137256 0.7921569  0.7254902 ]  [0.83137256 0.7921569  0.7254902 ]  [0.827451   0.7882353  0.72156864]  ...  [0.7411765  0.70980394 0.6431373 ]  [0.7372549  0.7058824  0.6392157 ]  [0.7372549  0.7058824  0.6392157 ]] [[0.827451   0.7882353  0.72156864]  [0.827451   0.7882353  0.72156864]  [0.827451   0.7882353  0.72156864]  ...  [0.7411765  0.7058824  0.6431373 ]  [0.7372549  0.7058824  0.6392157 ]  [0.7372549  0.7058824  0.6392157 ]] ... [[0.69411767 0.654902   0.58431375]  [0.69411767 0.654902   0.58431375]  [0.69803923 0.65882355 0.5882353 ]  ...  [0.77254903 0.73333335 0.6627451 ]  [0.76862746 0.7294118  0.65882355]  [0.76862746 0.7294118  0.65882355]] [[0.69411767 0.654902   0.58431375]  [0.69411767 0.654902   0.58431375]  [0.69411767 0.654902   0.58431375]  ...  [0.77254903 0.73333335 0.6627451 ]  [0.76862746 0.7294118  0.65882355]  [0.76862746 0.7294118  0.65882355]] [[0.69411767 0.654902   0.58431375]  [0.69411767 0.654902   0.58431375]  [0.69411767 0.654902   0.58431375]  ...  [0.77254903 0.73333335 0.6627451 ]  [0.76862746 0.7294118  0.65882355]  [0.76862746 0.7294118  0.65882355]]]",0.16020109871169552,47544,/home/amos/media/tv/Carnivale S01-S02 web 10bit hevc-d3g/Carnivale S02/Carnivale.S02E10.1080p.WEBRip.10Bit.EAC3.H265-d3g.mkv801,1080,1920,0,68,136,1683,68,109820,0.053,"[[[0.8        0.7607843  0.69411767]  [0.8        0.7607843  0.69411767]  [0.79607844 0.75686276 0.6901961 ]  ...  [0.74509805 0.7176471  0.6509804 ]  [0.7411765  0.7137255  0.64705884]  [0.7411765  0.7137255  0.64705884]] [[0.8        0.7607843  0.69411767]  [0.8        0.7607843  0.69411767]  [0.79607844 0.75686276 0.6901961 ]  ...  [0.74509805 0.7176471  0.6509804 ]  [0.7411765  0.7137255  0.64705884]  [0.7411765  0.7137255  0.64705884]] [[0.79607844 0.75686276 0.6901961 ]  [0.79607844 0.75686276 0.6901961 ]  [0.7921569  0.7529412  0.6862745 ]  ...  [0.74509805 0.7176471  0.6509804 ]  [0.7411765  0.7137255  0.64705884]  [0.7411765  0.7137255  0.64705884]] ... [[0.69411767 0.654902   0.58431375]  [0.69411767 0.654902   0.58431375]  [0.69411767 0.654902   0.58431375]  ...  [0.7882353  0.7490196  0.6784314 ]  [0.7882353  0.7490196  0.6784314 ]  [0.7882353  0.7490196  0.6784314 ]] [[0.69411767 0.654902   0.58431375]  [0.69411767 0.654902   0.58431375]  [0.6901961  0.6509804  0.5803922 ]  ...  [0.7882353  0.7490196  0.6784314 ]  [0.7882353  0.7490196  0.6784314 ]  [0.7882353  0.7490196  0.6784314 ]] [[0.69411767 0.654902   0.58431375]  [0.69411767 0.654902   0.58431375]  [0.6901961  0.6509804  0.5803922 ]  ...  [0.7882353  0.7490196  0.6784314 ]  [0.7882353  0.7490196  0.6784314 ]  [0.7882353  0.7490196  0.6784314 ]]]",0.6478460968355648,47568,/home/amos/media/tv/Carnivale S01-S02 web 10bit hevc-d3g/Carnivale S02/Carnivale.S02E10.1080p.WEBRip.10Bit.EAC3.H265-d3g.mkv802,1080,1920,0,75,582,1457,75,700674,0.338,"[[[0.58431375 0.53333336 0.52156866]  [0.58431375 0.53333336 0.52156866]  [0.5803922  0.53333336 0.5176471 ]  ...  [0.36862746 0.29803923 0.25490198]  [0.36078432 0.2901961  0.24705882]  [0.36078432 0.2901961  0.24705882]] [[0.58431375 0.53333336 0.52156866]  [0.58431375 0.53333336 0.52156866]  [0.5803922  0.53333336 0.5176471 ]  ...  [0.36862746 0.29803923 0.25490198]  [0.36078432 0.2901961  0.24705882]  [0.36078432 0.2901961  0.24705882]] [[0.58431375 0.53333336 0.5176471 ]  [0.58431375 0.53333336 0.5176471 ]  [0.5764706  0.5294118  0.5137255 ]  ...  [0.35686275 0.28627452 0.24313726]  [0.34901962 0.2784314  0.23529412]  [0.34901962 0.2784314  0.23529412]] ... [[0.43137255 0.34117648 0.33333334]  [0.43137255 0.34117648 0.33333334]  [0.42352942 0.3372549  0.32941177]  ...  [0.25882354 0.18039216 0.15686275]  [0.24313726 0.16470589 0.14117648]  [0.24313726 0.16470589 0.14117648]] [[0.43529412 0.34901962 0.3372549 ]  [0.43529412 0.34901962 0.3372549 ]  [0.43137255 0.34509805 0.33333334]  ...  [0.2627451  0.18431373 0.16078432]  [0.23921569 0.16078432 0.13725491]  [0.23921569 0.16078432 0.13725491]] [[0.43529412 0.34901962 0.3372549 ]  [0.43529412 0.34901962 0.3372549 ]  [0.43137255 0.34509805 0.33333334]  ...  [0.2627451  0.18431373 0.16078432]  [0.23921569 0.16078432 0.13725491]  [0.23921569 0.16078432 0.13725491]]]",3.5179460588260554,47712,/home/amos/media/tv/Carnivale S01-S02 web 10bit hevc-d3g/Carnivale S02/Carnivale.S02E10.1080p.WEBRip.10Bit.EAC3.H265-d3g.mkv803,1080,1920,0,58,503,1119,58,472145,0.228,"[[[0.38039216 0.29411766 0.21176471]  [0.38039216 0.29411766 0.21176471]  [0.38039216 0.29411766 0.21176471]  ...  [0.29411766 0.20784314 0.15686275]  [0.2901961  0.20392157 0.15294118]  [0.2901961  0.20392157 0.15294118]] [[0.38039216 0.29411766 0.21176471]  [0.38039216 0.29411766 0.21176471]  [0.38039216 0.29411766 0.21176471]  ...  [0.29411766 0.20784314 0.15686275]  [0.2901961  0.20392157 0.15294118]  [0.2901961  0.20392157 0.15294118]] [[0.38039216 0.29411766 0.21176471]  [0.38039216 0.29411766 0.21176471]  [0.38039216 0.29411766 0.21176471]  ...  [0.29411766 0.20784314 0.15686275]  [0.28627452 0.2        0.14901961]  [0.28627452 0.2        0.14901961]] ... [[0.45490196 0.37254903 0.3254902 ]  [0.45490196 0.37254903 0.3254902 ]  [0.4509804  0.37254903 0.3254902 ]  ...  [0.3529412  0.29411766 0.23921569]  [0.3529412  0.29411766 0.23921569]  [0.3529412  0.29411766 0.23921569]] [[0.45490196 0.37254903 0.3254902 ]  [0.45490196 0.37254903 0.3254902 ]  [0.4509804  0.37254903 0.32156864]  ...  [0.35686275 0.29803923 0.24705882]  [0.35686275 0.3019608  0.24705882]  [0.35686275 0.3019608  0.24705882]] [[0.45490196 0.37254903 0.3254902 ]  [0.45490196 0.37254903 0.3254902 ]  [0.4509804  0.37254903 0.32156864]  ...  [0.35686275 0.29803923 0.24705882]  [0.35686275 0.3019608  0.24705882]  [0.35686275 0.3019608  0.24705882]]]",2.9974870930309407,47736,/home/amos/media/tv/Carnivale S01-S02 web 10bit hevc-d3g/Carnivale S02/Carnivale.S02E10.1080p.WEBRip.10Bit.EAC3.H265-d3g.mkv804,1080,1920,0,74,589,1487,74,727695,0.351,"[[[0.45882353 0.41568628 0.37254903]  [0.45882353 0.41568628 0.37254903]  [0.4627451  0.41960785 0.3764706 ]  ...  [0.39215687 0.32941177 0.29411766]  [0.39215687 0.3254902  0.2901961 ]  [0.39215687 0.3254902  0.2901961 ]] [[0.45882353 0.41568628 0.37254903]  [0.45882353 0.41568628 0.37254903]  [0.4627451  0.41960785 0.3764706 ]  ...  [0.39215687 0.32941177 0.29411766]  [0.39215687 0.3254902  0.2901961 ]  [0.39215687 0.3254902  0.2901961 ]] [[0.4627451  0.41960785 0.3764706 ]  [0.4627451  0.41960785 0.3764706 ]  [0.4627451  0.41960785 0.3764706 ]  ...  [0.39215687 0.32941177 0.29411766]  [0.3882353  0.32156864 0.28627452]  [0.3882353  0.32156864 0.28627452]] ... [[0.4        0.30980393 0.2901961 ]  [0.4        0.30980393 0.2901961 ]  [0.4        0.3137255  0.2901961 ]  ...  [0.22745098 0.17254902 0.13333334]  [0.21960784 0.16470589 0.1254902 ]  [0.21960784 0.16470589 0.1254902 ]] [[0.4        0.3137255  0.2901961 ]  [0.4        0.3137255  0.2901961 ]  [0.4        0.3137255  0.2901961 ]  ...  [0.20784314 0.15294118 0.11372549]  [0.19607843 0.14117648 0.10196079]  [0.19607843 0.14117648 0.10196079]] [[0.4        0.3137255  0.2901961 ]  [0.4        0.3137255  0.2901961 ]  [0.4        0.3137255  0.2901961 ]  ...  [0.20784314 0.15294118 0.11372549]  [0.19607843 0.14117648 0.10196079]  [0.19607843 0.14117648 0.10196079]]]",2.6432650223723613,47760,/home/amos/media/tv/Carnivale S01-S02 web 10bit hevc-d3g/Carnivale S02/Carnivale.S02E10.1080p.WEBRip.10Bit.EAC3.H265-d3g.mkv805,1080,1920,0,66,135,1671,66,110745,0.053,"[[[0.7764706  0.7372549  0.6745098 ]  [0.7764706  0.7372549  0.6745098 ]  [0.77254903 0.73333335 0.6666667 ]  ...  [0.77254903 0.7411765  0.6745098 ]  [0.77254903 0.7411765  0.6745098 ]  [0.77254903 0.7411765  0.6745098 ]] [[0.7764706  0.7372549  0.6745098 ]  [0.7764706  0.7372549  0.6745098 ]  [0.76862746 0.7294118  0.6666667 ]  ...  [0.77254903 0.7411765  0.6745098 ]  [0.77254903 0.7411765  0.6745098 ]  [0.77254903 0.7411765  0.6745098 ]] [[0.7764706  0.7372549  0.6745098 ]  [0.7764706  0.7372549  0.6745098 ]  [0.77254903 0.7294118  0.6666667 ]  ...  [0.76862746 0.7372549  0.6745098 ]  [0.76862746 0.7372549  0.6745098 ]  [0.76862746 0.7372549  0.6745098 ]] ... [[0.7176471  0.6784314  0.60784316]  [0.7176471  0.6784314  0.60784316]  [0.70980394 0.6745098  0.6039216 ]  ...  [0.77254903 0.73333335 0.6666667 ]  [0.77254903 0.73333335 0.6666667 ]  [0.77254903 0.73333335 0.6666667 ]] [[0.7176471  0.6784314  0.60784316]  [0.7176471  0.6784314  0.60784316]  [0.70980394 0.67058825 0.6       ]  ...  [0.77254903 0.73333335 0.6627451 ]  [0.76862746 0.7294118  0.6627451 ]  [0.76862746 0.7294118  0.6627451 ]] [[0.7176471  0.6784314  0.60784316]  [0.7176471  0.6784314  0.60784316]  [0.70980394 0.67058825 0.6       ]  ...  [0.77254903 0.73333335 0.6627451 ]  [0.76862746 0.7294118  0.6627451 ]  [0.76862746 0.7294118  0.6627451 ]]]",0.1668940721428953,47784,/home/amos/media/tv/Carnivale S01-S02 web 10bit hevc-d3g/Carnivale S02/Carnivale.S02E10.1080p.WEBRip.10Bit.EAC3.H265-d3g.mkv806,1080,1920,0,129,728,1219,129,652910,0.315,"[[[0.33333334 0.29803923 0.31764707]  [0.3372549  0.3019608  0.32156864]  [0.34117648 0.30588236 0.3254902 ]  ...  [0.26666668 0.22352941 0.1882353 ]  [0.2784314  0.23529412 0.2       ]  [0.28627452 0.24313726 0.20784314]] [[0.33333334 0.29803923 0.31764707]  [0.3372549  0.3019608  0.31764707]  [0.34117648 0.30588236 0.3254902 ]  ...  [0.2627451  0.21960784 0.18431373]  [0.2784314  0.23529412 0.2       ]  [0.28235295 0.23921569 0.20392157]] [[0.33333334 0.29803923 0.31764707]  [0.3372549  0.3019608  0.32156864]  [0.34117648 0.30588236 0.3254902 ]  ...  [0.25882354 0.21568628 0.18039216]  [0.27450982 0.23137255 0.19607843]  [0.28235295 0.23921569 0.20392157]] ... [[0.25882354 0.1882353  0.16862746]  [0.25490198 0.1882353  0.16862746]  [0.25490198 0.18431373 0.16862746]  ...  [0.30980393 0.23529412 0.21176471]  [0.30588236 0.23137255 0.20784314]  [0.30588236 0.23137255 0.20784314]] [[0.25490198 0.18431373 0.16470589]  [0.2509804  0.18431373 0.16470589]  [0.2509804  0.18039216 0.16470589]  ...  [0.30980393 0.23529412 0.21176471]  [0.30980393 0.23529412 0.21176471]  [0.30980393 0.23137255 0.21176471]] [[0.2509804  0.18039216 0.16470589]  [0.2509804  0.18039216 0.16470589]  [0.2509804  0.18039216 0.16470589]  ...  [0.30980393 0.23529412 0.21176471]  [0.30980393 0.23529412 0.21176471]  [0.30980393 0.23529412 0.21176471]]]",8.0624711610144,47808,/home/amos/media/tv/Carnivale S01-S02 web 10bit hevc-d3g/Carnivale S02/Carnivale.S02E10.1080p.WEBRip.10Bit.EAC3.H265-d3g.mkv807,1080,1920,0,73,132,1669,73,94164,0.045,"[[[0.84705883 0.80784315 0.7372549 ]  [0.84705883 0.80784315 0.7372549 ]  [0.8392157  0.8        0.7294118 ]  ...  [0.7764706  0.73333335 0.6666667 ]  [0.77254903 0.73333335 0.6666667 ]  [0.77254903 0.73333335 0.6666667 ]] [[0.84705883 0.80784315 0.7372549 ]  [0.84705883 0.80784315 0.7372549 ]  [0.8392157  0.8        0.7294118 ]  ...  [0.77254903 0.7372549  0.6666667 ]  [0.77254903 0.73333335 0.6666667 ]  [0.77254903 0.73333335 0.6666667 ]] [[0.84313726 0.8039216  0.73333335]  [0.84313726 0.8039216  0.73333335]  [0.8352941  0.79607844 0.7254902 ]  ...  [0.77254903 0.73333335 0.6666667 ]  [0.77254903 0.73333335 0.6666667 ]  [0.77254903 0.73333335 0.6666667 ]] ... [[0.7490196  0.7058824  0.6313726 ]  [0.7490196  0.7058824  0.6313726 ]  [0.7411765  0.7019608  0.6313726 ]  ...  [0.7921569  0.75686276 0.6784314 ]  [0.7921569  0.75686276 0.6784314 ]  [0.7921569  0.75686276 0.6784314 ]] [[0.7490196  0.70980394 0.63529414]  [0.7490196  0.70980394 0.63529414]  [0.74509805 0.7058824  0.6313726 ]  ...  [0.7921569  0.75686276 0.6745098 ]  [0.7921569  0.75686276 0.6784314 ]  [0.7921569  0.75686276 0.6784314 ]] [[0.7490196  0.70980394 0.63529414]  [0.7490196  0.70980394 0.63529414]  [0.74509805 0.7058824  0.6313726 ]  ...  [0.7882353  0.75686276 0.6784314 ]  [0.7921569  0.75686276 0.6784314 ]  [0.7921569  0.75686276 0.6784314 ]]]",1.1106991748674773,47880,/home/amos/media/tv/Carnivale S01-S02 web 10bit hevc-d3g/Carnivale S02/Carnivale.S02E10.1080p.WEBRip.10Bit.EAC3.H265-d3g.mkv808,1080,1920,0,71,132,1673,71,97722,0.047,"[[[0.8039216  0.7647059  0.69411767]  [0.8039216  0.7647059  0.69411767]  [0.79607844 0.75686276 0.6862745 ]  ...  [0.77254903 0.73333335 0.6666667 ]  [0.77254903 0.73333335 0.6666667 ]  [0.         0.         0.        ]] [[0.8039216  0.7647059  0.69411767]  [0.8039216  0.7647059  0.69411767]  [0.79607844 0.75686276 0.6862745 ]  ...  [0.77254903 0.73333335 0.6666667 ]  [0.77254903 0.73333335 0.6666667 ]  [0.         0.         0.        ]] [[0.8        0.7607843  0.6901961 ]  [0.8        0.7607843  0.6901961 ]  [0.79607844 0.75686276 0.6862745 ]  ...  [0.77254903 0.73333335 0.6666667 ]  [0.77254903 0.73333335 0.6666667 ]  [0.         0.         0.        ]] ... [[0.70980394 0.6745098  0.59607846]  [0.70980394 0.6745098  0.59607846]  [0.70980394 0.6745098  0.59607846]  ...  [0.7882353  0.7529412  0.6745098 ]  [0.7882353  0.7529412  0.6745098 ]  [0.         0.         0.        ]] [[0.70980394 0.6745098  0.59607846]  [0.70980394 0.6745098  0.59607846]  [0.70980394 0.6745098  0.5921569 ]  ...  [0.7882353  0.7529412  0.6745098 ]  [0.7882353  0.7529412  0.6745098 ]  [0.         0.         0.        ]] [[0.         0.         0.        ]  [0.         0.         0.        ]  [0.         0.         0.        ]  ...  [0.         0.         0.        ]  [0.         0.         0.        ]  [0.         0.         0.        ]]]",-0.17478594376007095,47904,/home/amos/media/tv/Carnivale S01-S02 web 10bit hevc-d3g/Carnivale S02/Carnivale.S02E10.1080p.WEBRip.10Bit.EAC3.H265-d3g.mkv809,1080,1920,0,71,133,1675,71,99448,0.048,"[[[0.83137256 0.7921569  0.72156864]  [0.83137256 0.7921569  0.72156864]  [0.81960785 0.78431374 0.70980394]  ...  [0.78039217 0.7411765  0.6745098 ]  [0.78039217 0.7411765  0.6745098 ]  [0.         0.         0.        ]] [[0.83137256 0.7921569  0.72156864]  [0.83137256 0.7921569  0.72156864]  [0.81960785 0.78039217 0.7137255 ]  ...  [0.78039217 0.7411765  0.6745098 ]  [0.78039217 0.7411765  0.6745098 ]  [0.         0.         0.        ]] [[0.83137256 0.7921569  0.72156864]  [0.83137256 0.7921569  0.72156864]  [0.81960785 0.78039217 0.70980394]  ...  [0.7764706  0.7372549  0.67058825]  [0.7764706  0.7372549  0.67058825]  [0.         0.         0.        ]] ... [[0.7176471  0.68235296 0.6039216 ]  [0.7176471  0.68235296 0.6039216 ]  [0.7176471  0.68235296 0.6039216 ]  ...  [0.78431374 0.7490196  0.67058825]  [0.78431374 0.7490196  0.67058825]  [0.         0.         0.        ]] [[0.7176471  0.68235296 0.6039216 ]  [0.7176471  0.68235296 0.6039216 ]  [0.7176471  0.68235296 0.6039216 ]  ...  [0.78431374 0.7490196  0.67058825]  [0.78431374 0.7490196  0.67058825]  [0.         0.         0.        ]] [[0.         0.         0.        ]  [0.         0.         0.        ]  [0.         0.         0.        ]  ...  [0.         0.         0.        ]  [0.         0.         0.        ]  [0.         0.         0.        ]]]",1.161561087181326,47928,/home/amos/media/tv/Carnivale S01-S02 web 10bit hevc-d3g/Carnivale S02/Carnivale.S02E10.1080p.WEBRip.10Bit.EAC3.H265-d3g.mkv810,1080,1920,0,75,582,1447,75,695604,0.335,"[[[0.53333336 0.48235294 0.47058824]  [0.53333336 0.48235294 0.47058824]  [0.53333336 0.48235294 0.47058824]  ...  [0.35686275 0.2784314  0.23529412]  [0.3372549  0.25882354 0.21568628]  [0.3372549  0.25882354 0.21568628]] [[0.53333336 0.48235294 0.47058824]  [0.53333336 0.48235294 0.47058824]  [0.53333336 0.48235294 0.47058824]  ...  [0.3529412  0.2784314  0.23529412]  [0.3372549  0.25882354 0.21568628]  [0.3372549  0.25882354 0.21568628]] [[0.5372549  0.4862745  0.4745098 ]  [0.5372549  0.4862745  0.4745098 ]  [0.5372549  0.4862745  0.4745098 ]  ...  [0.34901962 0.27058825 0.22745098]  [0.33333334 0.25490198 0.21176471]  [0.33333334 0.25490198 0.21176471]] ... [[0.41568628 0.3372549  0.31764707]  [0.41568628 0.3372549  0.31764707]  [0.41960785 0.34117648 0.31764707]  ...  [0.29803923 0.21960784 0.19215687]  [0.29411766 0.21568628 0.18431373]  [0.29411766 0.21568628 0.18431373]] [[0.4117647  0.33333334 0.30980393]  [0.4117647  0.33333334 0.30980393]  [0.41568628 0.3372549  0.3137255 ]  ...  [0.32156864 0.24705882 0.21960784]  [0.3137255  0.23529412 0.20784314]  [0.3137255  0.23529412 0.20784314]] [[0.4117647  0.33333334 0.30980393]  [0.4117647  0.33333334 0.30980393]  [0.41568628 0.3372549  0.3137255 ]  ...  [0.32156864 0.24705882 0.21960784]  [0.3137255  0.23529412 0.20784314]  [0.3137255  0.23529412 0.20784314]]]",3.570011039439123,47976,/home/amos/media/tv/Carnivale S01-S02 web 10bit hevc-d3g/Carnivale S02/Carnivale.S02E10.1080p.WEBRip.10Bit.EAC3.H265-d3g.mkv811,1080,1920,0,79,579,1449,79,685000,0.33,"[[[0.54509807 0.4862745  0.47843137]  [0.54509807 0.4862745  0.47843137]  [0.5372549  0.47843137 0.47058824]  ...  [0.3254902  0.2509804  0.2       ]  [0.30588236 0.23137255 0.18039216]  [0.30588236 0.23137255 0.18039216]] [[0.54509807 0.4862745  0.47843137]  [0.54509807 0.4862745  0.47843137]  [0.5372549  0.47843137 0.47058824]  ...  [0.3254902  0.2509804  0.2       ]  [0.30588236 0.23137255 0.18039216]  [0.30588236 0.23137255 0.18039216]] [[0.54509807 0.4862745  0.47843137]  [0.54509807 0.4862745  0.47843137]  [0.5372549  0.47843137 0.47058824]  ...  [0.32156864 0.24705882 0.19607843]  [0.30980393 0.23137255 0.18431373]  [0.30980393 0.23137255 0.18431373]] ... [[0.40392157 0.3137255  0.29411766]  [0.40392157 0.3137255  0.29411766]  [0.40784314 0.3254902  0.3019608 ]  ...  [0.25490198 0.1882353  0.15686275]  [0.27450982 0.20784314 0.1764706 ]  [0.2784314  0.21176471 0.1764706 ]] [[0.39215687 0.30588236 0.28627452]  [0.39215687 0.30588236 0.28627452]  [0.4        0.31764707 0.29411766]  ...  [0.28235295 0.21568628 0.18431373]  [0.30588236 0.23921569 0.20784314]  [0.30588236 0.23921569 0.20784314]] [[0.39215687 0.30588236 0.28627452]  [0.39215687 0.30588236 0.28627452]  [0.4        0.31764707 0.29411766]  ...  [0.28235295 0.21568628 0.18431373]  [0.30588236 0.23921569 0.20784314]  [0.30980393 0.24313726 0.21176471]]]",4.024930996994954,48000,/home/amos/media/tv/Carnivale S01-S02 web 10bit hevc-d3g/Carnivale S02/Carnivale.S02E10.1080p.WEBRip.10Bit.EAC3.H265-d3g.mkv812,1080,1920,0,56,31,1641,56,39625,0.019,"[[[0.74509805 0.7058824  0.64705884]  [0.74509805 0.7058824  0.64705884]  [0.74509805 0.7058824  0.64705884]  ...  [0.7529412  0.72156864 0.6509804 ]  [0.75686276 0.7254902  0.654902  ]  [0.75686276 0.7254902  0.654902  ]] [[0.74509805 0.7058824  0.64705884]  [0.74509805 0.7058824  0.64705884]  [0.74509805 0.7058824  0.64705884]  ...  [0.7529412  0.72156864 0.6509804 ]  [0.75686276 0.7254902  0.654902  ]  [0.75686276 0.7254902  0.654902  ]] [[0.74509805 0.7058824  0.64705884]  [0.74509805 0.7058824  0.64705884]  [0.74509805 0.7058824  0.64705884]  ...  [0.75686276 0.7254902  0.6509804 ]  [0.7607843  0.7294118  0.65882355]  [0.7607843  0.7294118  0.65882355]] ... [[0.76862746 0.7372549  0.67058825]  [0.76862746 0.7372549  0.67058825]  [0.77254903 0.7411765  0.6745098 ]  ...  [0.88235295 0.8509804  0.78431374]  [0.8862745  0.85490197 0.7882353 ]  [0.8862745  0.85490197 0.7882353 ]] [[0.76862746 0.7372549  0.67058825]  [0.76862746 0.7372549  0.67058825]  [0.77254903 0.7411765  0.67058825]  ...  [0.8862745  0.85490197 0.7882353 ]  [0.8862745  0.85490197 0.7882353 ]  [0.8862745  0.85490197 0.7882353 ]] [[0.76862746 0.7372549  0.67058825]  [0.76862746 0.7372549  0.67058825]  [0.76862746 0.7372549  0.6745098 ]  ...  [0.8862745  0.85490197 0.7882353 ]  [0.8862745  0.85490197 0.7882353 ]  [0.8862745  0.85490197 0.7882353 ]]]",2.345329974719789,48048,/home/amos/media/tv/Carnivale S01-S02 web 10bit hevc-d3g/Carnivale S02/Carnivale.S02E10.1080p.WEBRip.10Bit.EAC3.H265-d3g.mkv813,1080,1920,1,78,580,1448,78,687740,0.332,"[[[0.5294118  0.47843137 0.46666667]  [0.5294118  0.47843137 0.46666667]  [0.5294118  0.47843137 0.4627451 ]  ...  [0.3137255  0.22745098 0.19215687]  [0.3019608  0.21568628 0.18039216]  [0.3019608  0.21568628 0.18039216]] [[0.5294118  0.47843137 0.46666667]  [0.5294118  0.47843137 0.46666667]  [0.5294118  0.4745098  0.4627451 ]  ...  [0.3137255  0.22745098 0.19215687]  [0.3019608  0.21568628 0.18039216]  [0.3019608  0.21568628 0.18039216]] [[0.5294118  0.47843137 0.46666667]  [0.5294118  0.47843137 0.46666667]  [0.5254902  0.4745098  0.4627451 ]  ...  [0.3019608  0.21568628 0.18039216]  [0.29411766 0.20392157 0.16862746]  [0.29411766 0.20392157 0.16862746]] ... [[0.4117647  0.33333334 0.3137255 ]  [0.4117647  0.33333334 0.3137255 ]  [0.4117647  0.33333334 0.3137255 ]  ...  [0.19607843 0.11372549 0.08627451]  [0.20784314 0.12941177 0.10196079]  [0.21176471 0.13333334 0.10196079]] [[0.4        0.32156864 0.3019608 ]  [0.4        0.32156864 0.3019608 ]  [0.4        0.3254902  0.3019608 ]  ...  [0.21176471 0.13333334 0.10196079]  [0.23137255 0.15294118 0.12156863]  [0.23137255 0.15686275 0.1254902 ]] [[0.4        0.32156864 0.3019608 ]  [0.4        0.32156864 0.3019608 ]  [0.4        0.32156864 0.3019608 ]  ...  [0.21176471 0.13333334 0.10196079]  [0.23137255 0.15294118 0.1254902 ]  [0.23529412 0.15686275 0.1254902 ]]]",3.6104779908782803,48048,/home/amos/media/tv/Carnivale S01-S02 web 10bit hevc-d3g/Carnivale S02/Carnivale.S02E10.1080p.WEBRip.10Bit.EAC3.H265-d3g.mkv814,1080,1920,0,71,584,1454,71,709479,0.342,"[[[0.56078434 0.5137255  0.49019608]  [0.56078434 0.5137255  0.49019608]  [0.54509807 0.49803922 0.4745098 ]  ...  [0.3764706  0.3019608  0.25882354]  [0.3764706  0.3019608  0.25882354]  [0.         0.         0.        ]] [[0.56078434 0.5137255  0.49019608]  [0.56078434 0.5137255  0.49019608]  [0.54509807 0.49803922 0.4745098 ]  ...  [0.3764706  0.3019608  0.25882354]  [0.3764706  0.3019608  0.25882354]  [0.         0.         0.        ]] [[0.5529412  0.5058824  0.48235294]  [0.5529412  0.5058824  0.48235294]  [0.53333336 0.4862745  0.4627451 ]  ...  [0.3647059  0.2901961  0.24705882]  [0.3647059  0.2901961  0.24705882]  [0.         0.         0.        ]] ... [[0.40784314 0.32941177 0.30980393]  [0.40784314 0.32941177 0.30980393]  [0.40392157 0.3254902  0.30588236]  ...  [0.22745098 0.15686275 0.13333334]  [0.22745098 0.15686275 0.13333334]  [0.         0.         0.        ]] [[0.40784314 0.32941177 0.30980393]  [0.40784314 0.32941177 0.30980393]  [0.40392157 0.3254902  0.30588236]  ...  [0.22745098 0.15686275 0.13333334]  [0.22745098 0.15686275 0.13333334]  [0.         0.         0.        ]] [[0.         0.         0.        ]  [0.         0.         0.        ]  [0.         0.         0.        ]  ...  [0.         0.         0.        ]  [0.         0.         0.        ]  [0.         0.         0.        ]]]",6.130268995824736,48072,/home/amos/media/tv/Carnivale S01-S02 web 10bit hevc-d3g/Carnivale S02/Carnivale.S02E10.1080p.WEBRip.10Bit.EAC3.H265-d3g.mkv815,1080,1920,0,61,133,1688,61,117144,0.056,"[[[0.7764706  0.7372549  0.6745098 ]  [0.7764706  0.7372549  0.6745098 ]  [0.7764706  0.7372549  0.6745098 ]  ...  [0.7411765  0.7137255  0.6509804 ]  [0.7411765  0.7137255  0.6509804 ]  [0.7411765  0.7137255  0.6509804 ]] [[0.7764706  0.7372549  0.6745098 ]  [0.7764706  0.7372549  0.6745098 ]  [0.7764706  0.7372549  0.6745098 ]  ...  [0.7411765  0.7137255  0.6509804 ]  [0.7411765  0.7137255  0.6509804 ]  [0.7411765  0.7137255  0.6509804 ]] [[0.77254903 0.73333335 0.67058825]  [0.77254903 0.73333335 0.67058825]  [0.77254903 0.73333335 0.67058825]  ...  [0.7411765  0.7137255  0.6509804 ]  [0.7411765  0.7137255  0.6509804 ]  [0.7411765  0.7137255  0.6509804 ]] ... [[0.72156864 0.68235296 0.6156863 ]  [0.72156864 0.68235296 0.6156863 ]  [0.7176471  0.6784314  0.6117647 ]  ...  [0.7529412  0.7137255  0.6509804 ]  [0.7529412  0.7137255  0.6509804 ]  [0.7529412  0.7137255  0.6509804 ]] [[0.72156864 0.68235296 0.6156863 ]  [0.72156864 0.68235296 0.6156863 ]  [0.7176471  0.6784314  0.6117647 ]  ...  [0.7529412  0.7137255  0.6509804 ]  [0.7529412  0.7137255  0.6509804 ]  [0.7529412  0.7137255  0.6509804 ]] [[0.72156864 0.68235296 0.6156863 ]  [0.72156864 0.68235296 0.6156863 ]  [0.7176471  0.6784314  0.6117647 ]  ...  [0.7529412  0.7137255  0.6509804 ]  [0.7529412  0.7137255  0.6509804 ]  [0.7529412  0.7137255  0.6509804 ]]]",0.5344190182513557,48096,/home/amos/media/tv/Carnivale S01-S02 web 10bit hevc-d3g/Carnivale S02/Carnivale.S02E10.1080p.WEBRip.10Bit.EAC3.H265-d3g.mkv816,1080,1920,0,55,33,1646,55,35002,0.017,"[[[0.7647059  0.73333335 0.6745098 ]  [0.7647059  0.73333335 0.6745098 ]  [0.7647059  0.73333335 0.6745098 ]  ...  [0.79607844 0.75686276 0.6901961 ]  [0.79607844 0.75686276 0.6901961 ]  [0.         0.         0.        ]] [[0.7647059  0.73333335 0.6745098 ]  [0.7647059  0.73333335 0.6745098 ]  [0.7647059  0.73333335 0.6745098 ]  ...  [0.79607844 0.75686276 0.6901961 ]  [0.79607844 0.75686276 0.6901961 ]  [0.         0.         0.        ]] [[0.7647059  0.73333335 0.6745098 ]  [0.7647059  0.73333335 0.6745098 ]  [0.7647059  0.73333335 0.6745098 ]  ...  [0.79607844 0.75686276 0.6901961 ]  [0.79607844 0.75686276 0.6901961 ]  [0.         0.         0.        ]] ... [[0.74509805 0.7137255  0.64705884]  [0.74509805 0.7137255  0.64705884]  [0.74509805 0.7137255  0.64705884]  ...  [0.8901961  0.8509804  0.7882353 ]  [0.8901961  0.8509804  0.7882353 ]  [0.         0.         0.        ]] [[0.74509805 0.7137255  0.64705884]  [0.74509805 0.7137255  0.64705884]  [0.74509805 0.7137255  0.64705884]  ...  [0.8901961  0.8509804  0.7882353 ]  [0.8901961  0.8509804  0.7882353 ]  [0.         0.         0.        ]] [[0.         0.         0.        ]  [0.         0.         0.        ]  [0.         0.         0.        ]  ...  [0.         0.         0.        ]  [0.         0.         0.        ]  [0.         0.         0.        ]]]",2.3960539246327244,48120,/home/amos/media/tv/Carnivale S01-S02 web 10bit hevc-d3g/Carnivale S02/Carnivale.S02E10.1080p.WEBRip.10Bit.EAC3.H265-d3g.mkv817,1080,1920,0,54,34,1646,54,31840,0.015,"[[[0.7529412  0.72156864 0.67058825]  [0.7529412  0.72156864 0.67058825]  [0.7529412  0.72156864 0.67058825]  ...  [0.8039216  0.7764706  0.70980394]  [0.80784315 0.78039217 0.7137255 ]  [0.80784315 0.78039217 0.7137255 ]] [[0.7529412  0.72156864 0.67058825]  [0.7529412  0.72156864 0.67058825]  [0.7529412  0.72156864 0.67058825]  ...  [0.8039216  0.7764706  0.70980394]  [0.80784315 0.78039217 0.7137255 ]  [0.80784315 0.78039217 0.7137255 ]] [[0.7529412  0.72156864 0.6666667 ]  [0.7529412  0.72156864 0.6666667 ]  [0.7490196  0.72156864 0.6666667 ]  ...  [0.8039216  0.7764706  0.70980394]  [0.80784315 0.78039217 0.7137255 ]  [0.80784315 0.78039217 0.7137255 ]] ... [[0.7294118  0.6901961  0.6313726 ]  [0.7294118  0.6901961  0.6313726 ]  [0.73333335 0.69411767 0.63529414]  ...  [0.84705883 0.81960785 0.7529412 ]  [0.84705883 0.81960785 0.7529412 ]  [0.84705883 0.81960785 0.7529412 ]] [[0.7294118  0.6901961  0.6313726 ]  [0.7294118  0.6901961  0.6313726 ]  [0.7294118  0.6901961  0.6313726 ]  ...  [0.84705883 0.81960785 0.7529412 ]  [0.84705883 0.81960785 0.7529412 ]  [0.84705883 0.81960785 0.7529412 ]] [[0.7294118  0.6901961  0.6313726 ]  [0.7294118  0.6901961  0.6313726 ]  [0.7294118  0.6901961  0.6313726 ]  ...  [0.84705883 0.81960785 0.7529412 ]  [0.84705883 0.81960785 0.7529412 ]  [0.84705883 0.81960785 0.7529412 ]]]",2.1221917819348164,48216,/home/amos/media/tv/Carnivale S01-S02 web 10bit hevc-d3g/Carnivale S02/Carnivale.S02E10.1080p.WEBRip.10Bit.EAC3.H265-d3g.mkv818,1080,1920,0,303,173,1022,303,93470,0.045,"[[[0. 0. 0.]  [0. 0. 0.]  [0. 0. 0.]  ...  [0. 0. 0.]  [0. 0. 0.]  [0. 0. 0.]] [[0. 0. 0.]  [0. 0. 0.]  [0. 0. 0.]  ...  [0. 0. 0.]  [0. 0. 0.]  [0. 0. 0.]] [[0. 0. 0.]  [0. 0. 0.]  [0. 0. 0.]  ...  [0. 0. 0.]  [0. 0. 0.]  [0. 0. 0.]] ... [[0. 0. 0.]  [0. 0. 0.]  [0. 0. 0.]  ...  [0. 0. 0.]  [0. 0. 0.]  [0. 0. 0.]] [[0. 0. 0.]  [0. 0. 0.]  [0. 0. 0.]  ...  [0. 0. 0.]  [0. 0. 0.]  [0. 0. 0.]] [[0. 0. 0.]  [0. 0. 0.]  [0. 0. 0.]  ...  [0. 0. 0.]  [0. 0. 0.]  [0. 0. 0.]]]",6.3321011154330336,48264,/home/amos/media/tv/Carnivale S01-S02 web 10bit hevc-d3g/Carnivale S02/Carnivale.S02E10.1080p.WEBRip.10Bit.EAC3.H265-d3g.mkv819,1080,1920,1,65,298,877,65,189196,0.091,"[[[0.6627451  0.5921569  0.5372549 ]  [0.6627451  0.5921569  0.5372549 ]  [0.6627451  0.5921569  0.5372549 ]  ...  [0.5647059  0.50980395 0.45882353]  [0.5686275  0.5137255  0.4627451 ]  [0.5686275  0.5137255  0.4627451 ]] [[0.6627451  0.5921569  0.5372549 ]  [0.6627451  0.5921569  0.5372549 ]  [0.6627451  0.5921569  0.5372549 ]  ...  [0.5647059  0.50980395 0.45882353]  [0.5686275  0.5137255  0.4627451 ]  [0.5686275  0.5137255  0.4627451 ]] [[0.65882355 0.5882353  0.53333336]  [0.65882355 0.5882353  0.53333336]  [0.6627451  0.5921569  0.5372549 ]  ...  [0.5647059  0.50980395 0.45882353]  [0.5686275  0.5137255  0.4627451 ]  [0.5686275  0.5137255  0.4627451 ]] ... [[0.7137255  0.654902   0.6       ]  [0.7137255  0.654902   0.6       ]  [0.7137255  0.654902   0.6       ]  ...  [0.64705884 0.5882353  0.5411765 ]  [0.64705884 0.5882353  0.5411765 ]  [0.64705884 0.5882353  0.5411765 ]] [[0.7137255  0.654902   0.6       ]  [0.7137255  0.654902   0.6       ]  [0.7137255  0.654902   0.6       ]  ...  [0.6509804  0.5921569  0.5411765 ]  [0.6509804  0.5921569  0.54509807]  [0.6509804  0.5921569  0.54509807]] [[0.7137255  0.654902   0.6       ]  [0.7137255  0.654902   0.6       ]  [0.7137255  0.654902   0.6       ]  ...  [0.6509804  0.5882353  0.5411765 ]  [0.6509804  0.5921569  0.54509807]  [0.6509804  0.5921569  0.54509807]]]",1.4837640630430542,48264,/home/amos/media/tv/Carnivale S01-S02 web 10bit hevc-d3g/Carnivale S02/Carnivale.S02E10.1080p.WEBRip.10Bit.EAC3.H265-d3g.mkv820,1080,1920,0,63,301,874,63,193018,0.093,"[[[0.25490198 0.18039216 0.16470589]  [0.25490198 0.18039216 0.16470589]  [0.25882354 0.18431373 0.16862746]  ...  [0.5294118  0.4745098  0.41568628]  [0.5294118  0.4745098  0.41568628]  [0.5294118  0.4745098  0.41568628]] [[0.25490198 0.18039216 0.16470589]  [0.25490198 0.18039216 0.16470589]  [0.25882354 0.18431373 0.16862746]  ...  [0.5294118  0.4745098  0.41568628]  [0.5294118  0.4745098  0.41568628]  [0.5294118  0.4745098  0.41568628]] [[0.25490198 0.18039216 0.16470589]  [0.25490198 0.18039216 0.16470589]  [0.25882354 0.18431373 0.16862746]  ...  [0.5294118  0.4745098  0.41568628]  [0.5294118  0.4745098  0.41568628]  [0.5294118  0.4745098  0.41568628]] ... [[0.5686275  0.5058824  0.4509804 ]  [0.5686275  0.5058824  0.4509804 ]  [0.5803922  0.5176471  0.45882353]  ...  [0.6        0.53333336 0.47843137]  [0.6        0.53333336 0.48235294]  [0.6        0.53333336 0.48235294]] [[0.5686275  0.5058824  0.4509804 ]  [0.5686275  0.5058824  0.4509804 ]  [0.5803922  0.5176471  0.45882353]  ...  [0.6        0.53333336 0.47843137]  [0.6039216  0.5372549  0.48235294]  [0.6039216  0.5372549  0.48235294]] [[0.5686275  0.5058824  0.4509804 ]  [0.5686275  0.5058824  0.4509804 ]  [0.5803922  0.5176471  0.4627451 ]  ...  [0.6        0.53333336 0.47843137]  [0.6039216  0.5372549  0.48235294]  [0.6039216  0.5372549  0.48235294]]]",2.9670671508065425,48288,/home/amos/media/tv/Carnivale S01-S02 web 10bit hevc-d3g/Carnivale S02/Carnivale.S02E10.1080p.WEBRip.10Bit.EAC3.H265-d3g.mkv821,1080,1920,0,67,298,867,67,184800,0.089,"[[[0.24313726 0.17254902 0.15686275]  [0.24313726 0.17254902 0.15686275]  [0.2509804  0.18039216 0.16470589]  ...  [0.5411765  0.47843137 0.43137255]  [0.54509807 0.48235294 0.43529412]  [0.54509807 0.48235294 0.43529412]] [[0.24313726 0.17254902 0.15686275]  [0.24313726 0.17254902 0.15686275]  [0.2509804  0.18039216 0.16470589]  ...  [0.5411765  0.47843137 0.43137255]  [0.54509807 0.48235294 0.43529412]  [0.54509807 0.48235294 0.43529412]] [[0.24313726 0.17254902 0.15686275]  [0.24313726 0.17254902 0.15686275]  [0.2509804  0.18039216 0.16470589]  ...  [0.5411765  0.47843137 0.43137255]  [0.54509807 0.48235294 0.43529412]  [0.54509807 0.48235294 0.43529412]] ... [[0.58431375 0.5254902  0.47058824]  [0.58431375 0.5254902  0.47058824]  [0.5921569  0.53333336 0.47843137]  ...  [0.63529414 0.5764706  0.52156866]  [0.6392157  0.5764706  0.52156866]  [0.6392157  0.5764706  0.52156866]] [[0.5882353  0.5294118  0.4745098 ]  [0.5882353  0.5294118  0.4745098 ]  [0.59607846 0.5372549  0.48235294]  ...  [0.6392157  0.5764706  0.52156866]  [0.6392157  0.5764706  0.52156866]  [0.6392157  0.5764706  0.52156866]] [[0.5882353  0.5294118  0.4745098 ]  [0.5882353  0.5294118  0.4745098 ]  [0.59607846 0.5372549  0.48235294]  ...  [0.6392157  0.5764706  0.52156866]  [0.6392157  0.5764706  0.52156866]  [0.6392157  0.5764706  0.52156866]]]",2.0602809963165782,48312,/home/amos/media/tv/Carnivale S01-S02 web 10bit hevc-d3g/Carnivale S02/Carnivale.S02E10.1080p.WEBRip.10Bit.EAC3.H265-d3g.mkv822,1080,1920,1,304,310,1103,304,4794,0.002,"[[[0.20392157 0.19215687 0.20392157]  [0.2        0.19215687 0.1882353 ]  [0.18039216 0.16470589 0.16470589]  ...  [0.18039216 0.16078432 0.16862746]  [0.14901961 0.1254902  0.13725491]  [0.11372549 0.09411765 0.09411765]] [[0.20392157 0.19215687 0.2       ]  [0.18431373 0.1764706  0.16862746]  [0.15686275 0.14117648 0.14117648]  ...  [0.16862746 0.14901961 0.15294118]  [0.15294118 0.12941177 0.14117648]  [0.13333334 0.11372549 0.11764706]] [[0.18431373 0.1764706  0.18431373]  [0.16470589 0.15686275 0.14901961]  [0.14509805 0.12941177 0.12941177]  ...  [0.15686275 0.13725491 0.14509805]  [0.16078432 0.13725491 0.14901961]  [0.14117648 0.12156863 0.1254902 ]] ... [[0.34509805 0.2901961  0.24705882]  [0.35686275 0.3019608  0.25882354]  [0.34117648 0.28627452 0.24313726]  ...  [0.2509804  0.1882353  0.1764706 ]  [0.25490198 0.19215687 0.1764706 ]  [0.24313726 0.18039216 0.16470589]] [[0.3372549  0.28235295 0.23921569]  [0.3647059  0.30980393 0.26666668]  [0.35686275 0.3019608  0.25882354]  ...  [0.25490198 0.19215687 0.1764706 ]  [0.25490198 0.19215687 0.18039216]  [0.2509804  0.1882353  0.1764706 ]] [[0.3254902  0.27058825 0.22745098]  [0.36862746 0.3137255  0.27058825]  [0.37254903 0.31764707 0.27450982]  ...  [0.2509804  0.1882353  0.1764706 ]  [0.25490198 0.19215687 0.18039216]  [0.2627451  0.2        0.1882353 ]]]",6.534689098072704,48312,/home/amos/media/tv/Carnivale S01-S02 web 10bit hevc-d3g/Carnivale S02/Carnivale.S02E10.1080p.WEBRip.10Bit.EAC3.H265-d3g.mkv823,1080,1920,0,330,293,1100,330,28490,0.014,"[[[0.24705882 0.19215687 0.19607843]  [0.23529412 0.1882353  0.19215687]  [0.21960784 0.18431373 0.18039216]  ...  [0.11372549 0.09411765 0.08627451]  [0.12156863 0.10196079 0.09411765]  [0.03529412 0.01568628 0.01176471]] [[0.24313726 0.19215687 0.19607843]  [0.23137255 0.18431373 0.1882353 ]  [0.2        0.16470589 0.16470589]  ...  [0.08235294 0.06666667 0.05882353]  [0.1254902  0.10588235 0.09411765]  [0.0627451  0.04313726 0.03137255]] [[0.20784314 0.15686275 0.16078432]  [0.20392157 0.15686275 0.16078432]  [0.1882353  0.15294118 0.15294118]  ...  [0.05882353 0.03921569 0.03529412]  [0.11764706 0.09803922 0.09019608]  [0.09019608 0.07058824 0.05882353]] ... [[0.36078432 0.3019608  0.25882354]  [0.34509805 0.28627452 0.24313726]  [0.33333334 0.2784314  0.23529412]  ...  [0.2627451  0.19215687 0.1764706 ]  [0.26666668 0.19607843 0.18039216]  [0.26666668 0.19607843 0.18039216]] [[0.36078432 0.3019608  0.25882354]  [0.34117648 0.28235295 0.23921569]  [0.3372549  0.2784314  0.23529412]  ...  [0.26666668 0.19607843 0.18039216]  [0.27058825 0.2        0.18431373]  [0.27058825 0.2        0.18431373]] [[0.35686275 0.29803923 0.25490198]  [0.3372549  0.28235295 0.23529412]  [0.3254902  0.27058825 0.22745098]  ...  [0.27450982 0.20392157 0.1882353 ]  [0.2784314  0.20784314 0.19215687]  [0.2784314  0.20784314 0.19215687]]]",4.354701081640087,48336,/home/amos/media/tv/Carnivale S01-S02 web 10bit hevc-d3g/Carnivale S02/Carnivale.S02E10.1080p.WEBRip.10Bit.EAC3.H265-d3g.mkv824,1080,1920,0,340,280,1095,340,45300,0.022,"[[[0.21176471 0.15686275 0.16078432]  [0.21960784 0.16862746 0.1764706 ]  [0.2        0.14901961 0.16078432]  ...  [0.02352941 0.00784314 0.01176471]  [0.02352941 0.00392157 0.00392157]  [0.07843138 0.05490196 0.03921569]] [[0.18431373 0.12941177 0.13333334]  [0.16862746 0.11372549 0.11764706]  [0.17254902 0.12156863 0.13333334]  ...  [0.04313726 0.01960784 0.02745098]  [0.02745098 0.00392157 0.        ]  [0.07843138 0.05490196 0.03529412]] [[0.1764706  0.12156863 0.12156863]  [0.1882353  0.13333334 0.13725491]  [0.20392157 0.15294118 0.16470589]  ...  [0.03529412 0.01568628 0.01960784]  [0.01568628 0.         0.        ]  [0.06666667 0.04313726 0.02745098]] ... [[0.3254902  0.27058825 0.23137255]  [0.31764707 0.2627451  0.22352941]  [0.32156864 0.2627451  0.22352941]  ...  [0.21568628 0.15686275 0.14509805]  [0.21960784 0.16078432 0.14901961]  [0.23529412 0.18039216 0.16862746]] [[0.32941177 0.27450982 0.23529412]  [0.32156864 0.26666668 0.22745098]  [0.32941177 0.27450982 0.23529412]  ...  [0.22352941 0.16470589 0.15294118]  [0.23921569 0.18039216 0.16862746]  [0.25490198 0.19607843 0.18431373]] [[0.3254902  0.27058825 0.23137255]  [0.32941177 0.27450982 0.23529412]  [0.3372549  0.28235295 0.24313726]  ...  [0.24313726 0.18431373 0.17254902]  [0.25490198 0.19607843 0.18431373]  [0.2627451  0.20392157 0.19215687]]]",6.447567076596897,48360,/home/amos/media/tv/Carnivale S01-S02 web 10bit hevc-d3g/Carnivale S02/Carnivale.S02E10.1080p.WEBRip.10Bit.EAC3.H265-d3g.mkv825,1080,1920,0,350,195,1048,350,108190,0.052,"[[[0.78431374 0.7764706  0.77254903]  [0.77254903 0.76862746 0.76862746]  [0.7764706  0.7647059  0.77254903]  ...  [0.01960784 0.00392157 0.        ]  [0.03137255 0.01568628 0.        ]  [0.03529412 0.01960784 0.00392157]] [[0.75686276 0.7490196  0.74509805]  [0.7490196  0.74509805 0.74509805]  [0.75686276 0.74509805 0.7529412 ]  ...  [0.02745098 0.00784314 0.        ]  [0.01960784 0.00392157 0.        ]  [0.02352941 0.00784314 0.        ]] [[0.7294118  0.7254902  0.7176471 ]  [0.7294118  0.7254902  0.7254902 ]  [0.7411765  0.7294118  0.7372549 ]  ...  [0.02745098 0.00784314 0.        ]  [0.01568628 0.         0.        ]  [0.01960784 0.00392157 0.        ]] ... [[0.5176471  0.50980395 0.5137255 ]  [0.5058824  0.49411765 0.49803922]  [0.50980395 0.49803922 0.49411765]  ...  [0.10196079 0.05098039 0.02352941]  [0.09019608 0.03921569 0.01176471]  [0.16078432 0.10588235 0.08235294]] [[0.53333336 0.52156866 0.52156866]  [0.5372549  0.52156866 0.5176471 ]  [0.5294118  0.5137255  0.50980395]  ...  [0.09411765 0.04313726 0.01960784]  [0.10196079 0.05098039 0.03137255]  [0.19607843 0.14509805 0.12156863]] [[0.56078434 0.5254902  0.5294118 ]  [0.5411765  0.50980395 0.5058824 ]  [0.5176471  0.4862745  0.47843137]  ...  [0.07450981 0.01960784 0.00392157]  [0.14117648 0.08235294 0.0627451 ]  [0.19607843 0.13725491 0.11764706]]]",3.174049096473027,48384,/home/amos/media/tv/Carnivale S01-S02 web 10bit hevc-d3g/Carnivale S02/Carnivale.S02E10.1080p.WEBRip.10Bit.EAC3.H265-d3g.mkv826,1080,1920,0,363,186,1065,363,124254,0.06,"[[[0. 0. 0.]  [0. 0. 0.]  [0. 0. 0.]  ...  [0. 0. 0.]  [0. 0. 0.]  [0. 0. 0.]] [[0. 0. 0.]  [0. 0. 0.]  [0. 0. 0.]  ...  [0. 0. 0.]  [0. 0. 0.]  [0. 0. 0.]] [[0. 0. 0.]  [0. 0. 0.]  [0. 0. 0.]  ...  [0. 0. 0.]  [0. 0. 0.]  [0. 0. 0.]] ... [[0. 0. 0.]  [0. 0. 0.]  [0. 0. 0.]  ...  [0. 0. 0.]  [0. 0. 0.]  [0. 0. 0.]] [[0. 0. 0.]  [0. 0. 0.]  [0. 0. 0.]  ...  [0. 0. 0.]  [0. 0. 0.]  [0. 0. 0.]] [[0. 0. 0.]  [0. 0. 0.]  [0. 0. 0.]  ...  [0. 0. 0.]  [0. 0. 0.]  [0. 0. 0.]]]",7.134846996574197,48408,/home/amos/media/tv/Carnivale S01-S02 web 10bit hevc-d3g/Carnivale S02/Carnivale.S02E10.1080p.WEBRip.10Bit.EAC3.H265-d3g.mkv827,1080,1920,0,325,153,657,325,57104,0.028,"[[[0. 0. 0.]  [0. 0. 0.]  [0. 0. 0.]  ...  [0. 0. 0.]  [0. 0. 0.]  [0. 0. 0.]] [[0. 0. 0.]  [0. 0. 0.]  [0. 0. 0.]  ...  [0. 0. 0.]  [0. 0. 0.]  [0. 0. 0.]] [[0. 0. 0.]  [0. 0. 0.]  [0. 0. 0.]  ...  [0. 0. 0.]  [0. 0. 0.]  [0. 0. 0.]] ... [[0. 0. 0.]  [0. 0. 0.]  [0. 0. 0.]  ...  [0. 0. 0.]  [0. 0. 0.]  [0. 0. 0.]] [[0. 0. 0.]  [0. 0. 0.]  [0. 0. 0.]  ...  [0. 0. 0.]  [0. 0. 0.]  [0. 0. 0.]] [[0. 0. 0.]  [0. 0. 0.]  [0. 0. 0.]  ...  [0. 0. 0.]  [0. 0. 0.]  [0. 0. 0.]]]",2.7141491190413944,48504,/home/amos/media/tv/Carnivale S01-S02 web 10bit hevc-d3g/Carnivale S02/Carnivale.S02E10.1080p.WEBRip.10Bit.EAC3.H265-d3g.mkv828,1080,1920,0,337,185,641,337,46208,0.022,"[[[0. 0. 0.]  [0. 0. 0.]  [0. 0. 0.]  ...  [0. 0. 0.]  [0. 0. 0.]  [0. 0. 0.]] [[0. 0. 0.]  [0. 0. 0.]  [0. 0. 0.]  ...  [0. 0. 0.]  [0. 0. 0.]  [0. 0. 0.]] [[0. 0. 0.]  [0. 0. 0.]  [0. 0. 0.]  ...  [0. 0. 0.]  [0. 0. 0.]  [0. 0. 0.]] ... [[0. 0. 0.]  [0. 0. 0.]  [0. 0. 0.]  ...  [0. 0. 0.]  [0. 0. 0.]  [0. 0. 0.]] [[0. 0. 0.]  [0. 0. 0.]  [0. 0. 0.]  ...  [0. 0. 0.]  [0. 0. 0.]  [0. 0. 0.]] [[0. 0. 0.]  [0. 0. 0.]  [0. 0. 0.]  ...  [0. 0. 0.]  [0. 0. 0.]  [0. 0. 0.]]]",3.3158130907686427,48552,/home/amos/media/tv/Carnivale S01-S02 web 10bit hevc-d3g/Carnivale S02/Carnivale.S02E10.1080p.WEBRip.10Bit.EAC3.H265-d3g.mkv829,1080,1920,0,410,143,564,410,41118,0.02,"[[[0. 0. 0.]  [0. 0. 0.]  [0. 0. 0.]  ...  [0. 0. 0.]  [0. 0. 0.]  [0. 0. 0.]] [[0. 0. 0.]  [0. 0. 0.]  [0. 0. 0.]  ...  [0. 0. 0.]  [0. 0. 0.]  [0. 0. 0.]] [[0. 0. 0.]  [0. 0. 0.]  [0. 0. 0.]  ...  [0. 0. 0.]  [0. 0. 0.]  [0. 0. 0.]] ... [[0. 0. 0.]  [0. 0. 0.]  [0. 0. 0.]  ...  [0. 0. 0.]  [0. 0. 0.]  [0. 0. 0.]] [[0. 0. 0.]  [0. 0. 0.]  [0. 0. 0.]  ...  [0. 0. 0.]  [0. 0. 0.]  [0. 0. 0.]] [[0. 0. 0.]  [0. 0. 0.]  [0. 0. 0.]  ...  [0. 0. 0.]  [0. 0. 0.]  [0. 0. 0.]]]",4.11657613737043,48576,/home/amos/media/tv/Carnivale S01-S02 web 10bit hevc-d3g/Carnivale S02/Carnivale.S02E10.1080p.WEBRip.10Bit.EAC3.H265-d3g.mkv830,1080,1920,0,59,620,792,59,411213,0.198,"[[[0.34117648 0.20784314 0.20784314]  [0.34117648 0.20784314 0.20784314]  [0.34117648 0.20784314 0.20784314]  ...  [0.41568628 0.30588236 0.29411766]  [0.41960785 0.30980393 0.29411766]  [0.41960785 0.30980393 0.29411766]] [[0.34117648 0.20784314 0.20784314]  [0.34117648 0.20784314 0.20784314]  [0.34117648 0.20784314 0.20784314]  ...  [0.41568628 0.30588236 0.29411766]  [0.41960785 0.30980393 0.29411766]  [0.41960785 0.30980393 0.29411766]] [[0.34117648 0.20784314 0.20784314]  [0.34117648 0.20784314 0.20784314]  [0.34117648 0.20784314 0.20784314]  ...  [0.41568628 0.30980393 0.29411766]  [0.41960785 0.30980393 0.29411766]  [0.41960785 0.30980393 0.29411766]] ... [[0.3647059  0.24705882 0.24705882]  [0.3647059  0.24705882 0.24705882]  [0.3647059  0.24705882 0.24705882]  ...  [0.3529412  0.2509804  0.2       ]  [0.34901962 0.2509804  0.2       ]  [0.34901962 0.2509804  0.2       ]] [[0.3647059  0.24705882 0.24705882]  [0.3647059  0.24705882 0.24705882]  [0.3647059  0.24705882 0.24705882]  ...  [0.3529412  0.25490198 0.20392157]  [0.3529412  0.25490198 0.20392157]  [0.3529412  0.25490198 0.20392157]] [[0.3647059  0.24705882 0.24705882]  [0.3647059  0.24705882 0.24705882]  [0.3647059  0.24705882 0.24705882]  ...  [0.3529412  0.25490198 0.20392157]  [0.3529412  0.25490198 0.20392157]  [0.3529412  0.25490198 0.20392157]]]",4.501410013879649,48600,/home/amos/media/tv/Carnivale S01-S02 web 10bit hevc-d3g/Carnivale S02/Carnivale.S02E10.1080p.WEBRip.10Bit.EAC3.H265-d3g.mkv831,1080,1920,0,94,288,643,94,106506,0.051,"[[[0.         0.00392157 0.        ]  [0.         0.00392157 0.        ]  [0.         0.         0.        ]  ...  [0.11764706 0.13725491 0.11372549]  [0.10980392 0.12941177 0.10588235]  [0.10980392 0.12941177 0.10588235]] [[0.         0.00392157 0.        ]  [0.         0.00392157 0.        ]  [0.         0.         0.        ]  ...  [0.11764706 0.13725491 0.11372549]  [0.11372549 0.13333334 0.10980392]  [0.10980392 0.12941177 0.10588235]] [[0.         0.         0.        ]  [0.         0.         0.        ]  [0.         0.         0.        ]  ...  [0.12156863 0.13725491 0.11764706]  [0.11764706 0.13333334 0.10980392]  [0.11764706 0.13333334 0.10980392]] ... [[0.10196079 0.10196079 0.08235294]  [0.10196079 0.10588235 0.08627451]  [0.10980392 0.11372549 0.09019608]  ...  [0.         0.         0.        ]  [0.         0.         0.        ]  [0.         0.         0.        ]] [[0.09803922 0.10196079 0.08235294]  [0.10196079 0.10588235 0.08235294]  [0.10980392 0.11372549 0.08627451]  ...  [0.         0.         0.        ]  [0.         0.         0.        ]  [0.         0.         0.        ]] [[0.09803922 0.10196079 0.08235294]  [0.10196079 0.10196079 0.08235294]  [0.10980392 0.11372549 0.09019608]  ...  [0.         0.         0.        ]  [0.         0.         0.        ]  [0.         0.         0.        ]]]",6.748342004313599,48624,/home/amos/media/tv/Carnivale S01-S02 web 10bit hevc-d3g/Carnivale S02/Carnivale.S02E10.1080p.WEBRip.10Bit.EAC3.H265-d3g.mkv832,1080,1920,0,96,252,677,96,90636,0.044,"[[[0.         0.         0.        ]  [0.         0.         0.        ]  [0.         0.         0.        ]  ...  [0.         0.         0.        ]  [0.         0.         0.        ]  [0.         0.         0.        ]] [[0.         0.         0.        ]  [0.         0.         0.        ]  [0.         0.         0.        ]  ...  [0.         0.         0.        ]  [0.         0.         0.        ]  [0.         0.         0.        ]] [[0.         0.         0.        ]  [0.         0.         0.        ]  [0.         0.         0.        ]  ...  [0.         0.         0.        ]  [0.         0.         0.        ]  [0.         0.         0.        ]] ... [[0.08235294 0.08235294 0.05882353]  [0.08235294 0.07843138 0.05490196]  [0.07843138 0.07058824 0.05098039]  ...  [0.         0.00392157 0.        ]  [0.         0.00392157 0.        ]  [0.         0.00392157 0.        ]] [[0.08627451 0.08627451 0.0627451 ]  [0.08235294 0.08235294 0.05882353]  [0.07843138 0.07450981 0.05490196]  ...  [0.         0.         0.        ]  [0.         0.00392157 0.        ]  [0.         0.00392157 0.        ]] [[0.08627451 0.08627451 0.0627451 ]  [0.08627451 0.08235294 0.05882353]  [0.08235294 0.07843138 0.05490196]  ...  [0.         0.         0.        ]  [0.         0.00392157 0.        ]  [0.         0.00392157 0.        ]]]",7.3517780728871,48696,/home/amos/media/tv/Carnivale S01-S02 web 10bit hevc-d3g/Carnivale S02/Carnivale.S02E10.1080p.WEBRip.10Bit.EAC3.H265-d3g.mkv833,1080,1920,1,65,341,1609,65,426144,0.206,"[[[0.8156863  0.6509804  0.7411765 ]  [0.8156863  0.6509804  0.7411765 ]  [0.81960785 0.65882355 0.7490196 ]  ...  [0.3254902  0.24313726 0.23529412]  [0.3254902  0.24313726 0.23529412]  [0.3254902  0.24313726 0.23529412]] [[0.8156863  0.6509804  0.7411765 ]  [0.8156863  0.6509804  0.7411765 ]  [0.81960785 0.65882355 0.7490196 ]  ...  [0.3254902  0.24313726 0.23529412]  [0.3254902  0.24313726 0.23529412]  [0.3254902  0.24313726 0.23529412]] [[0.8117647  0.64705884 0.7411765 ]  [0.8117647  0.64705884 0.7411765 ]  [0.81960785 0.65882355 0.7490196 ]  ...  [0.3254902  0.24313726 0.23529412]  [0.3254902  0.24313726 0.23529412]  [0.3254902  0.24313726 0.23529412]] ... [[0.5254902  0.40392157 0.4745098 ]  [0.5254902  0.40392157 0.4745098 ]  [0.5411765  0.41568628 0.4862745 ]  ...  [0.40784314 0.32941177 0.37254903]  [0.41960785 0.34117648 0.38431373]  [0.41960785 0.34117648 0.38431373]] [[0.5254902  0.40392157 0.4745098 ]  [0.5254902  0.40392157 0.4745098 ]  [0.5372549  0.4117647  0.4862745 ]  ...  [0.40784314 0.32941177 0.37254903]  [0.41960785 0.34117648 0.38431373]  [0.41960785 0.34117648 0.38431373]] [[0.5254902  0.40392157 0.4745098 ]  [0.5254902  0.40392157 0.4745098 ]  [0.5372549  0.4117647  0.4862745 ]  ...  [0.40784314 0.32941177 0.37254903]  [0.41960785 0.34117648 0.38431373]  [0.41960785 0.34117648 0.38431373]]]",2.4547761109424755,48696,/home/amos/media/tv/Carnivale S01-S02 web 10bit hevc-d3g/Carnivale S02/Carnivale.S02E10.1080p.WEBRip.10Bit.EAC3.H265-d3g.mkv834,1080,1920,0,104,248,663,104,80496,0.039,"[[[0.00392157 0.00784314 0.        ]  [0.00392157 0.00784314 0.        ]  [0.         0.00392157 0.        ]  ...  [0.         0.         0.        ]  [0.         0.00392157 0.        ]  [0.         0.00392157 0.        ]] [[0.00392157 0.00784314 0.        ]  [0.00392157 0.00784314 0.        ]  [0.         0.00392157 0.        ]  ...  [0.         0.00392157 0.        ]  [0.         0.00392157 0.        ]  [0.00392157 0.00784314 0.        ]] [[0.00392157 0.00784314 0.        ]  [0.00392157 0.00784314 0.        ]  [0.         0.00392157 0.        ]  ...  [0.00392157 0.00392157 0.        ]  [0.00784314 0.00784314 0.00392157]  [0.00784314 0.01176471 0.00392157]] ... [[0.07058824 0.07058824 0.04705882]  [0.07058824 0.07058824 0.04705882]  [0.07058824 0.07058824 0.04313726]  ...  [0.38431373 0.36862746 0.41960785]  [0.40784314 0.39607844 0.44313726]  [0.41568628 0.40392157 0.45490196]] [[0.07058824 0.07058824 0.04705882]  [0.07058824 0.07058824 0.04705882]  [0.07058824 0.07058824 0.04313726]  ...  [0.38431373 0.36862746 0.42352942]  [0.40392157 0.39215687 0.44313726]  [0.4117647  0.4        0.4509804 ]] [[0.07058824 0.07058824 0.04705882]  [0.07058824 0.07058824 0.04705882]  [0.07058824 0.07058824 0.04313726]  ...  [0.38431373 0.36862746 0.42352942]  [0.40392157 0.3882353  0.44313726]  [0.4117647  0.4        0.4509804 ]]]",5.775342083943542,48720,/home/amos/media/tv/Carnivale S01-S02 web 10bit hevc-d3g/Carnivale S02/Carnivale.S02E10.1080p.WEBRip.10Bit.EAC3.H265-d3g.mkv835,1080,1920,1,69,331,1669,69,419200,0.202,"[[[0.9411765  0.7882353  0.8784314 ]  [0.9411765  0.7882353  0.8784314 ]  [0.9137255  0.7607843  0.8509804 ]  ...  [0.35686275 0.23529412 0.24705882]  [0.33333334 0.21176471 0.22352941]  [0.33333334 0.21176471 0.22352941]] [[0.9411765  0.7882353  0.8784314 ]  [0.9411765  0.7882353  0.8784314 ]  [0.9137255  0.7607843  0.8509804 ]  ...  [0.35686275 0.23529412 0.24705882]  [0.33333334 0.21176471 0.22352941]  [0.33333334 0.21176471 0.22352941]] [[0.9411765  0.7882353  0.8784314 ]  [0.9411765  0.7882353  0.8784314 ]  [0.9137255  0.7607843  0.84705883]  ...  [0.35686275 0.23529412 0.24705882]  [0.32941177 0.20784314 0.21960784]  [0.32941177 0.20784314 0.21960784]] ... [[0.72156864 0.5803922  0.6627451 ]  [0.72156864 0.5803922  0.6627451 ]  [0.7411765  0.6        0.68235296]  ...  [0.41568628 0.32941177 0.36078432]  [0.43529412 0.3529412  0.38431373]  [0.43529412 0.3529412  0.38431373]] [[0.69411767 0.5529412  0.63529414]  [0.69411767 0.5529412  0.63529414]  [0.7137255  0.57254905 0.654902  ]  ...  [0.41568628 0.33333334 0.3647059 ]  [0.4392157  0.35686275 0.3882353 ]  [0.4392157  0.35686275 0.3882353 ]] [[0.69411767 0.5529412  0.63529414]  [0.69411767 0.5529412  0.63529414]  [0.7137255  0.57254905 0.654902  ]  ...  [0.41568628 0.33333334 0.3647059 ]  [0.4392157  0.35686275 0.3882353 ]  [0.4392157  0.35686275 0.3882353 ]]]",1.3561151190078817,48720,/home/amos/media/tv/Carnivale S01-S02 web 10bit hevc-d3g/Carnivale S02/Carnivale.S02E10.1080p.WEBRip.10Bit.EAC3.H265-d3g.mkv836,1080,1920,0,115,225,659,115,59840,0.029,"[[[0.         0.00392157 0.        ]  [0.         0.00392157 0.        ]  [0.         0.00392157 0.        ]  ...  [0.05098039 0.05490196 0.04705882]  [0.02745098 0.03137255 0.02352941]  [0.01568628 0.01960784 0.01176471]] [[0.         0.00392157 0.        ]  [0.         0.00392157 0.        ]  [0.         0.00392157 0.        ]  ...  [0.05882353 0.0627451  0.05490196]  [0.03137255 0.03529412 0.02745098]  [0.01960784 0.02352941 0.01568628]] [[0.         0.00392157 0.        ]  [0.         0.00392157 0.        ]  [0.         0.00392157 0.        ]  ...  [0.07450981 0.07843138 0.07058824]  [0.04313726 0.04705882 0.03921569]  [0.02352941 0.02745098 0.01960784]] ... [[0.08627451 0.08235294 0.07058824]  [0.08627451 0.08235294 0.06666667]  [0.08235294 0.07843138 0.0627451 ]  ...  [0.21568628 0.20784314 0.23921569]  [0.18431373 0.18039216 0.20784314]  [0.16862746 0.16470589 0.19215687]] [[0.08627451 0.08235294 0.07058824]  [0.08627451 0.08235294 0.06666667]  [0.08627451 0.08235294 0.06666667]  ...  [0.29803923 0.29411766 0.3254902 ]  [0.2784314  0.27450982 0.30588236]  [0.26666668 0.2627451  0.29411766]] [[0.08627451 0.08235294 0.07058824]  [0.08627451 0.08235294 0.07058824]  [0.08627451 0.08235294 0.06666667]  ...  [0.34509805 0.34117648 0.37254903]  [0.32941177 0.3254902  0.35686275]  [0.32156864 0.31764707 0.34901962]]]",5.6738540510996245,48744,/home/amos/media/tv/Carnivale S01-S02 web 10bit hevc-d3g/Carnivale S02/Carnivale.S02E10.1080p.WEBRip.10Bit.EAC3.H265-d3g.mkv837,1080,1920,0,127,203,657,127,40280,0.019,"[[[0.00784314 0.01176471 0.        ]  [0.00784314 0.01176471 0.        ]  [0.00784314 0.01176471 0.        ]  ...  [0.         0.         0.        ]  [0.         0.         0.        ]  [0.         0.         0.        ]] [[0.00784314 0.01176471 0.        ]  [0.00784314 0.01176471 0.        ]  [0.00784314 0.01176471 0.        ]  ...  [0.         0.         0.        ]  [0.         0.         0.        ]  [0.         0.         0.        ]] [[0.00784314 0.01176471 0.        ]  [0.00784314 0.01176471 0.        ]  [0.00784314 0.01176471 0.        ]  ...  [0.         0.         0.        ]  [0.         0.         0.        ]  [0.         0.         0.        ]] ... [[0.07843138 0.07450981 0.05098039]  [0.07843138 0.07450981 0.05098039]  [0.07843138 0.07450981 0.04705882]  ...  [0.35686275 0.35686275 0.38039216]  [0.3647059  0.3647059  0.3882353 ]  [0.36862746 0.36862746 0.39215687]] [[0.08235294 0.07450981 0.05490196]  [0.08235294 0.07450981 0.05098039]  [0.08235294 0.07450981 0.04705882]  ...  [0.4117647  0.40784314 0.43529412]  [0.43529412 0.43137255 0.45882353]  [0.4509804  0.44705883 0.4745098 ]] [[0.08235294 0.07843138 0.05490196]  [0.08235294 0.07843138 0.05098039]  [0.08235294 0.07843138 0.05098039]  ...  [0.44313726 0.4392157  0.46666667]  [0.47843137 0.4745098  0.5019608 ]  [0.5019608  0.49803922 0.5254902 ]]]",6.833195122308098,48768,/home/amos/media/tv/Carnivale S01-S02 web 10bit hevc-d3g/Carnivale S02/Carnivale.S02E10.1080p.WEBRip.10Bit.EAC3.H265-d3g.mkv838,1080,1920,0,135,192,661,135,29982,0.014,"[[[0.00392157 0.00784314 0.        ]  [0.00392157 0.00784314 0.        ]  [0.00784314 0.01176471 0.        ]  ...  [0.         0.         0.        ]  [0.         0.         0.        ]  [0.         0.         0.        ]] [[0.00392157 0.00784314 0.        ]  [0.00392157 0.00784314 0.        ]  [0.00392157 0.01176471 0.        ]  ...  [0.         0.         0.        ]  [0.         0.         0.        ]  [0.         0.         0.        ]] [[0.00392157 0.00784314 0.        ]  [0.00392157 0.00784314 0.        ]  [0.00392157 0.00784314 0.        ]  ...  [0.         0.         0.        ]  [0.         0.         0.        ]  [0.         0.         0.        ]] ... [[0.08627451 0.09019608 0.05882353]  [0.08627451 0.09019608 0.05882353]  [0.08627451 0.09019608 0.05882353]  ...  [0.         0.00392157 0.        ]  [0.         0.00392157 0.        ]  [0.         0.00392157 0.        ]] [[0.08627451 0.09019608 0.05882353]  [0.08627451 0.09019608 0.05882353]  [0.08627451 0.09019608 0.05882353]  ...  [0.         0.00392157 0.        ]  [0.         0.00392157 0.        ]  [0.         0.00392157 0.        ]] [[0.08627451 0.09019608 0.05882353]  [0.08627451 0.09019608 0.05882353]  [0.08627451 0.09019608 0.05882353]  ...  [0.         0.00392157 0.        ]  [0.         0.00392157 0.        ]  [0.         0.00392157 0.        ]]]",6.247640112123918,48792,/home/amos/media/tv/Carnivale S01-S02 web 10bit hevc-d3g/Carnivale S02/Carnivale.S02E10.1080p.WEBRip.10Bit.EAC3.H265-d3g.mkv839,1080,1920,0,150,185,651,150,17535,0.008,"[[[0.01568628 0.01960784 0.00392157]  [0.01568628 0.01960784 0.00392157]  [0.01568628 0.01960784 0.00392157]  ...  [0.         0.00392157 0.        ]  [0.         0.         0.        ]  [0.         0.         0.        ]] [[0.01568628 0.01960784 0.00392157]  [0.01176471 0.01568628 0.        ]  [0.01176471 0.01568628 0.        ]  ...  [0.         0.00392157 0.        ]  [0.         0.00392157 0.        ]  [0.         0.00392157 0.        ]] [[0.01568628 0.01960784 0.00392157]  [0.01176471 0.01568628 0.        ]  [0.00392157 0.00784314 0.        ]  ...  [0.         0.00392157 0.        ]  [0.         0.00392157 0.        ]  [0.         0.00392157 0.        ]] ... [[0.03921569 0.03921569 0.02745098]  [0.04705882 0.04705882 0.03137255]  [0.05490196 0.05490196 0.03921569]  ...  [0.34901962 0.34901962 0.37254903]  [0.36862746 0.36862746 0.4       ]  [0.39215687 0.39215687 0.42745098]] [[0.03529412 0.03529412 0.02352941]  [0.04313726 0.04313726 0.03137255]  [0.05098039 0.05098039 0.03529412]  ...  [0.3372549  0.3372549  0.3647059 ]  [0.34509805 0.34509805 0.3764706 ]  [0.3529412  0.3529412  0.3882353 ]] [[0.03529412 0.03529412 0.02352941]  [0.04313726 0.04313726 0.02745098]  [0.05098039 0.05098039 0.03529412]  ...  [0.33333334 0.33333334 0.3647059 ]  [0.32941177 0.32941177 0.3647059 ]  [0.3254902  0.3254902  0.3647059 ]]]",6.530377028451767,48816,/home/amos/media/tv/Carnivale S01-S02 web 10bit hevc-d3g/Carnivale S02/Carnivale.S02E10.1080p.WEBRip.10Bit.EAC3.H265-d3g.mkv840,1080,1920,1,59,343,2,59,16188,0.008,"[[[0.00784314 0.00784314 0.01960784]  [0.00784314 0.00784314 0.01960784]  [0.00784314 0.00784314 0.01960784]  ...  [0.03921569 0.04313726 0.02745098]  [0.03921569 0.04313726 0.02745098]  [0.03921569 0.04313726 0.02745098]] [[0.00784314 0.00784314 0.01960784]  [0.00784314 0.00784314 0.01960784]  [0.00784314 0.00784314 0.01960784]  ...  [0.03921569 0.04313726 0.02745098]  [0.03921569 0.04313726 0.02745098]  [0.03921569 0.04313726 0.02745098]] [[0.00784314 0.00784314 0.01960784]  [0.00784314 0.00784314 0.01960784]  [0.00784314 0.00784314 0.01960784]  ...  [0.03921569 0.04313726 0.02745098]  [0.03921569 0.04313726 0.02745098]  [0.03921569 0.04313726 0.02745098]] ... [[0.         0.01176471 0.00784314]  [0.         0.01176471 0.00784314]  [0.         0.01176471 0.00784314]  ...  [0.03137255 0.03529412 0.01960784]  [0.03137255 0.03529412 0.01960784]  [0.03137255 0.03529412 0.01960784]] [[0.         0.01176471 0.00784314]  [0.         0.01176471 0.00784314]  [0.         0.01176471 0.00784314]  ...  [0.03137255 0.03529412 0.01960784]  [0.03137255 0.03529412 0.01960784]  [0.03137255 0.03529412 0.01960784]] [[0.         0.01176471 0.00784314]  [0.         0.01176471 0.00784314]  [0.         0.01176471 0.00784314]  ...  [0.03137255 0.03529412 0.01960784]  [0.03137255 0.03529412 0.01960784]  [0.03137255 0.03529412 0.01960784]]]",3.745819052623119,48816,/home/amos/media/tv/Carnivale S01-S02 web 10bit hevc-d3g/Carnivale S02/Carnivale.S02E10.1080p.WEBRip.10Bit.EAC3.H265-d3g.mkv841,1080,1920,2,56,506,9,56,21150,0.01,"[[[0.         0.01176471 0.        ]  [0.         0.01176471 0.        ]  [0.         0.01176471 0.        ]  ...  [0.04313726 0.05882353 0.03921569]  [0.04313726 0.05882353 0.03921569]  [0.04313726 0.05882353 0.03921569]] [[0.         0.01176471 0.        ]  [0.         0.01176471 0.        ]  [0.         0.01176471 0.        ]  ...  [0.04313726 0.05882353 0.03921569]  [0.04313726 0.05882353 0.03921569]  [0.04313726 0.05882353 0.03921569]] [[0.         0.01176471 0.        ]  [0.         0.01176471 0.        ]  [0.         0.01176471 0.        ]  ...  [0.04313726 0.05882353 0.03921569]  [0.04313726 0.05882353 0.03921569]  [0.04313726 0.05882353 0.03921569]] ... [[0.         0.01176471 0.00784314]  [0.         0.01176471 0.00784314]  [0.         0.01176471 0.00784314]  ...  [0.0627451  0.07450981 0.05490196]  [0.0627451  0.07450981 0.05490196]  [0.0627451  0.07450981 0.05490196]] [[0.         0.01176471 0.00784314]  [0.         0.01176471 0.00784314]  [0.         0.01176471 0.00784314]  ...  [0.0627451  0.07450981 0.05490196]  [0.0627451  0.07450981 0.05490196]  [0.0627451  0.07450981 0.05490196]] [[0.         0.01176471 0.00784314]  [0.         0.01176471 0.00784314]  [0.         0.01176471 0.00784314]  ...  [0.0627451  0.07450981 0.05490196]  [0.0627451  0.07450981 0.05490196]  [0.0627451  0.07450981 0.05490196]]]",1.842672070430126,48816,/home/amos/media/tv/Carnivale S01-S02 web 10bit hevc-d3g/Carnivale S02/Carnivale.S02E10.1080p.WEBRip.10Bit.EAC3.H265-d3g.mkv842,1080,1920,0,157,183,658,157,13026,0.006,"[[[0.00392157 0.00784314 0.        ]  [0.00392157 0.00784314 0.        ]  [0.00784314 0.01176471 0.        ]  ...  [0.         0.         0.        ]  [0.         0.         0.        ]  [0.         0.         0.        ]] [[0.00392157 0.00784314 0.        ]  [0.00392157 0.00784314 0.        ]  [0.00784314 0.01176471 0.        ]  ...  [0.         0.         0.        ]  [0.         0.         0.        ]  [0.         0.         0.        ]] [[0.00392157 0.00784314 0.        ]  [0.00392157 0.00784314 0.        ]  [0.00784314 0.01176471 0.        ]  ...  [0.         0.         0.        ]  [0.         0.         0.        ]  [0.         0.         0.        ]] ... [[0.09019608 0.08235294 0.06666667]  [0.09019608 0.08235294 0.06666667]  [0.09019608 0.08235294 0.06666667]  ...  [0.54901963 0.54901963 0.5647059 ]  [0.5647059  0.5647059  0.58431375]  [0.         0.         0.        ]] [[0.09019608 0.08235294 0.06666667]  [0.09019608 0.08235294 0.06666667]  [0.09019608 0.08235294 0.06666667]  ...  [0.5254902  0.5254902  0.54509807]  [0.5568628  0.5568628  0.5803922 ]  [0.         0.         0.        ]] [[0.         0.         0.        ]  [0.         0.         0.        ]  [0.         0.         0.        ]  ...  [0.         0.         0.        ]  [0.         0.         0.        ]  [0.         0.         0.        ]]]",5.200275043898728,48840,/home/amos/media/tv/Carnivale S01-S02 web 10bit hevc-d3g/Carnivale S02/Carnivale.S02E10.1080p.WEBRip.10Bit.EAC3.H265-d3g.mkv843,1080,1920,0,175,169,652,175,2862,0.001,"[[[0. 0. 0.]  [0. 0. 0.]  [0. 0. 0.]  ...  [0. 0. 0.]  [0. 0. 0.]  [0. 0. 0.]] [[0. 0. 0.]  [0. 0. 0.]  [0. 0. 0.]  ...  [0. 0. 0.]  [0. 0. 0.]  [0. 0. 0.]] [[0. 0. 0.]  [0. 0. 0.]  [0. 0. 0.]  ...  [0. 0. 0.]  [0. 0. 0.]  [0. 0. 0.]] ... [[0. 0. 0.]  [0. 0. 0.]  [0. 0. 0.]  ...  [0. 0. 0.]  [0. 0. 0.]  [0. 0. 0.]] [[0. 0. 0.]  [0. 0. 0.]  [0. 0. 0.]  ...  [0. 0. 0.]  [0. 0. 0.]  [0. 0. 0.]] [[0. 0. 0.]  [0. 0. 0.]  [0. 0. 0.]  ...  [0. 0. 0.]  [0. 0. 0.]  [0. 0. 0.]]]",7.127401014615316,48864,/home/amos/media/tv/Carnivale S01-S02 web 10bit hevc-d3g/Carnivale S02/Carnivale.S02E10.1080p.WEBRip.10Bit.EAC3.H265-d3g.mkv844,1080,1920,0,179,170,651,179,4248,0.002,"[[[0. 0. 0.]  [0. 0. 0.]  [0. 0. 0.]  ...  [0. 0. 0.]  [0. 0. 0.]  [0. 0. 0.]] [[0. 0. 0.]  [0. 0. 0.]  [0. 0. 0.]  ...  [0. 0. 0.]  [0. 0. 0.]  [0. 0. 0.]] [[0. 0. 0.]  [0. 0. 0.]  [0. 0. 0.]  ...  [0. 0. 0.]  [0. 0. 0.]  [0. 0. 0.]] ... [[0. 0. 0.]  [0. 0. 0.]  [0. 0. 0.]  ...  [0. 0. 0.]  [0. 0. 0.]  [0. 0. 0.]] [[0. 0. 0.]  [0. 0. 0.]  [0. 0. 0.]  ...  [0. 0. 0.]  [0. 0. 0.]  [0. 0. 0.]] [[0. 0. 0.]  [0. 0. 0.]  [0. 0. 0.]  ...  [0. 0. 0.]  [0. 0. 0.]  [0. 0. 0.]]]",7.922622907732148,48888,/home/amos/media/tv/Carnivale S01-S02 web 10bit hevc-d3g/Carnivale S02/Carnivale.S02E10.1080p.WEBRip.10Bit.EAC3.H265-d3g.mkv845,1080,1920,0,204,165,644,204,17160,0.008,"[[[0.         0.00392157 0.        ]  [0.         0.00392157 0.        ]  [0.00392157 0.00784314 0.        ]  ...  [0.12941177 0.10196079 0.08235294]  [0.12941177 0.10196079 0.08235294]  [0.13333334 0.10588235 0.08627451]] [[0.         0.00392157 0.        ]  [0.         0.00392157 0.        ]  [0.         0.00392157 0.        ]  ...  [0.14901961 0.1254902  0.10980392]  [0.15294118 0.12941177 0.11372549]  [0.15294118 0.12941177 0.11372549]] [[0.         0.00392157 0.        ]  [0.         0.00392157 0.        ]  [0.         0.00392157 0.        ]  ...  [0.16078432 0.14117648 0.12156863]  [0.16078432 0.14117648 0.12156863]  [0.16078432 0.14117648 0.12156863]] ... [[0.09803922 0.09411765 0.06666667]  [0.09803922 0.09411765 0.06666667]  [0.10196079 0.09803922 0.07058824]  ...  [0.33333334 0.32941177 0.3647059 ]  [0.3254902  0.32156864 0.36078432]  [0.33333334 0.32941177 0.36862746]] [[0.09803922 0.09411765 0.06666667]  [0.10196079 0.09803922 0.07058824]  [0.10196079 0.09803922 0.07058824]  ...  [0.33333334 0.32941177 0.3647059 ]  [0.3372549  0.33333334 0.36862746]  [0.3137255  0.3137255  0.34901962]] [[0.09803922 0.09411765 0.0627451 ]  [0.10196079 0.09803922 0.06666667]  [0.10196079 0.09803922 0.06666667]  ...  [0.3137255  0.30980393 0.34509805]  [0.3019608  0.29803923 0.33333334]  [0.30588236 0.3019608  0.3372549 ]]]",6.445853988465387,48912,/home/amos/media/tv/Carnivale S01-S02 web 10bit hevc-d3g/Carnivale S02/Carnivale.S02E10.1080p.WEBRip.10Bit.EAC3.H265-d3g.mkv846,1080,1920,0,228,160,632,228,27472,0.013,"[[[0.         0.00392157 0.        ]  [0.         0.00392157 0.        ]  [0.         0.00392157 0.        ]  ...  [0.03529412 0.         0.        ]  [0.03921569 0.         0.        ]  [0.03137255 0.         0.        ]] [[0.         0.00392157 0.        ]  [0.         0.00392157 0.        ]  [0.         0.00392157 0.        ]  ...  [0.04313726 0.01176471 0.00392157]  [0.03921569 0.00784314 0.        ]  [0.02745098 0.         0.        ]] [[0.         0.00392157 0.        ]  [0.         0.00392157 0.        ]  [0.         0.00392157 0.        ]  ...  [0.07450981 0.04313726 0.03137255]  [0.06666667 0.03529412 0.02352941]  [0.04705882 0.01568628 0.00392157]] ... [[0.09803922 0.09803922 0.07843138]  [0.10196079 0.10196079 0.08235294]  [0.10588235 0.10588235 0.08627451]  ...  [0.20392157 0.19215687 0.21176471]  [0.2        0.19215687 0.20784314]  [0.1764706  0.16862746 0.18431373]] [[0.09411765 0.09411765 0.07450981]  [0.09803922 0.09803922 0.07843138]  [0.10196079 0.10196079 0.08235294]  ...  [0.23529412 0.22745098 0.23529412]  [0.22745098 0.21960784 0.23529412]  [0.1882353  0.18039216 0.19607843]] [[0.09019608 0.09019608 0.07058824]  [0.09411765 0.09411765 0.07450981]  [0.09803922 0.09803922 0.07843138]  ...  [0.24705882 0.24313726 0.24705882]  [0.23529412 0.23137255 0.24313726]  [0.21176471 0.20784314 0.21960784]]]",7.3480370919569395,48936,/home/amos/media/tv/Carnivale S01-S02 web 10bit hevc-d3g/Carnivale S02/Carnivale.S02E10.1080p.WEBRip.10Bit.EAC3.H265-d3g.mkv847,1080,1920,0,290,136,577,290,44198,0.021,"[[[0.03529412 0.03137255 0.01568628]  [0.03137255 0.03137255 0.01568628]  [0.02745098 0.02745098 0.01176471]  ...  [0.03137255 0.         0.        ]  [0.03529412 0.         0.        ]  [0.03529412 0.         0.        ]] [[0.03137255 0.02745098 0.01176471]  [0.02745098 0.02745098 0.01176471]  [0.01960784 0.01960784 0.00392157]  ...  [0.02745098 0.         0.        ]  [0.03137255 0.         0.        ]  [0.03529412 0.         0.        ]] [[0.02745098 0.02352941 0.00784314]  [0.01960784 0.01960784 0.00392157]  [0.00784314 0.00784314 0.        ]  ...  [0.02352941 0.         0.        ]  [0.02745098 0.         0.        ]  [0.03529412 0.         0.        ]] ... [[0.00392157 0.00784314 0.        ]  [0.00392157 0.00784314 0.        ]  [0.00392157 0.00784314 0.        ]  ...  [0.11372549 0.1254902  0.1254902 ]  [0.12156863 0.13333334 0.13725491]  [0.14117648 0.15294118 0.16470589]] [[0.00392157 0.00784314 0.00392157]  [0.00784314 0.01176471 0.00392157]  [0.00784314 0.00784314 0.00392157]  ...  [0.1254902  0.14117648 0.13333334]  [0.13333334 0.14509805 0.14509805]  [0.13725491 0.15294118 0.16078432]] [[0.01176471 0.01568628 0.00784314]  [0.01176471 0.01568628 0.00784314]  [0.01176471 0.01568628 0.00784314]  ...  [0.14117648 0.15686275 0.14509805]  [0.14509805 0.16470589 0.15686275]  [0.16470589 0.18039216 0.18431373]]]",9.472310058248695,48960,/home/amos/media/tv/Carnivale S01-S02 web 10bit hevc-d3g/Carnivale S02/Carnivale.S02E10.1080p.WEBRip.10Bit.EAC3.H265-d3g.mkv848,1080,1920,0,344,110,528,344,43056,0.021,"[[[0. 0. 0.]  [0. 0. 0.]  [0. 0. 0.]  ...  [0. 0. 0.]  [0. 0. 0.]  [0. 0. 0.]] [[0. 0. 0.]  [0. 0. 0.]  [0. 0. 0.]  ...  [0. 0. 0.]  [0. 0. 0.]  [0. 0. 0.]] [[0. 0. 0.]  [0. 0. 0.]  [0. 0. 0.]  ...  [0. 0. 0.]  [0. 0. 0.]  [0. 0. 0.]] ... [[0. 0. 0.]  [0. 0. 0.]  [0. 0. 0.]  ...  [0. 0. 0.]  [0. 0. 0.]  [0. 0. 0.]] [[0. 0. 0.]  [0. 0. 0.]  [0. 0. 0.]  ...  [0. 0. 0.]  [0. 0. 0.]  [0. 0. 0.]] [[0. 0. 0.]  [0. 0. 0.]  [0. 0. 0.]  ...  [0. 0. 0.]  [0. 0. 0.]  [0. 0. 0.]]]",9.080213041685056,48984,/home/amos/media/tv/Carnivale S01-S02 web 10bit hevc-d3g/Carnivale S02/Carnivale.S02E10.1080p.WEBRip.10Bit.EAC3.H265-d3g.mkv849,1080,1920,0,377,117,507,377,33800,0.016,"[[[0.03529412 0.03921569 0.02352941]  [0.02745098 0.03137255 0.01568628]  [0.04705882 0.05098039 0.03529412]  ...  [0.01176471 0.01568628 0.00392157]  [0.00392157 0.00784314 0.        ]  [0.00392157 0.00784314 0.        ]] [[0.03529412 0.03921569 0.02352941]  [0.02745098 0.03137255 0.01960784]  [0.04705882 0.05098039 0.03529412]  ...  [0.01568628 0.01960784 0.00392157]  [0.00392157 0.00784314 0.        ]  [0.00392157 0.00784314 0.        ]] [[0.03529412 0.03921569 0.02745098]  [0.03921569 0.04313726 0.03137255]  [0.05098039 0.05490196 0.04313726]  ...  [0.01176471 0.01568628 0.00392157]  [0.00392157 0.00784314 0.        ]  [0.00392157 0.00784314 0.        ]] ... [[0.00392157 0.00784314 0.        ]  [0.00392157 0.00784314 0.        ]  [0.00392157 0.00784314 0.        ]  ...  [0.12941177 0.14901961 0.13333334]  [0.14117648 0.16078432 0.14509805]  [0.16078432 0.18039216 0.16862746]] [[0.         0.00392157 0.        ]  [0.00392157 0.00784314 0.        ]  [0.00392157 0.00784314 0.        ]  ...  [0.1254902  0.14509805 0.13333334]  [0.1254902  0.14509805 0.12941177]  [0.14117648 0.16470589 0.15294118]] [[0.         0.00392157 0.        ]  [0.00392157 0.00784314 0.        ]  [0.00392157 0.00784314 0.        ]  ...  [0.10980392 0.12941177 0.11372549]  [0.10980392 0.12941177 0.11372549]  [0.12156863 0.14117648 0.12941177]]]",11.149402104027104,49008,/home/amos/media/tv/Carnivale S01-S02 web 10bit hevc-d3g/Carnivale S02/Carnivale.S02E10.1080p.WEBRip.10Bit.EAC3.H265-d3g.mkv850,1080,1920,0,171,89,916,171,61090,0.029,"[[[0. 0. 0.]  [0. 0. 0.]  [0. 0. 0.]  ...  [0. 0. 0.]  [0. 0. 0.]  [0. 0. 0.]] [[0. 0. 0.]  [0. 0. 0.]  [0. 0. 0.]  ...  [0. 0. 0.]  [0. 0. 0.]  [0. 0. 0.]] [[0. 0. 0.]  [0. 0. 0.]  [0. 0. 0.]  ...  [0. 0. 0.]  [0. 0. 0.]  [0. 0. 0.]] ... [[0. 0. 0.]  [0. 0. 0.]  [0. 0. 0.]  ...  [0. 0. 0.]  [0. 0. 0.]  [0. 0. 0.]] [[0. 0. 0.]  [0. 0. 0.]  [0. 0. 0.]  ...  [0. 0. 0.]  [0. 0. 0.]  [0. 0. 0.]] [[0. 0. 0.]  [0. 0. 0.]  [0. 0. 0.]  ...  [0. 0. 0.]  [0. 0. 0.]  [0. 0. 0.]]]",7.17700213205535,49032,/home/amos/media/tv/Carnivale S01-S02 web 10bit hevc-d3g/Carnivale S02/Carnivale.S02E10.1080p.WEBRip.10Bit.EAC3.H265-d3g.mkv851,1080,1920,0,181,74,908,181,77789,0.038,"[[[0. 0. 0.]  [0. 0. 0.]  [0. 0. 0.]  ...  [0. 0. 0.]  [0. 0. 0.]  [0. 0. 0.]] [[0. 0. 0.]  [0. 0. 0.]  [0. 0. 0.]  ...  [0. 0. 0.]  [0. 0. 0.]  [0. 0. 0.]] [[0. 0. 0.]  [0. 0. 0.]  [0. 0. 0.]  ...  [0. 0. 0.]  [0. 0. 0.]  [0. 0. 0.]] ... [[0. 0. 0.]  [0. 0. 0.]  [0. 0. 0.]  ...  [0. 0. 0.]  [0. 0. 0.]  [0. 0. 0.]] [[0. 0. 0.]  [0. 0. 0.]  [0. 0. 0.]  ...  [0. 0. 0.]  [0. 0. 0.]  [0. 0. 0.]] [[0. 0. 0.]  [0. 0. 0.]  [0. 0. 0.]  ...  [0. 0. 0.]  [0. 0. 0.]  [0. 0. 0.]]]",3.248689185944386,49056,/home/amos/media/tv/Carnivale S01-S02 web 10bit hevc-d3g/Carnivale S02/Carnivale.S02E10.1080p.WEBRip.10Bit.EAC3.H265-d3g.mkv852,1080,1920,0,217,59,894,217,106966,0.052,"[[[0. 0. 0.]  [0. 0. 0.]  [0. 0. 0.]  ...  [0. 0. 0.]  [0. 0. 0.]  [0. 0. 0.]] [[0. 0. 0.]  [0. 0. 0.]  [0. 0. 0.]  ...  [0. 0. 0.]  [0. 0. 0.]  [0. 0. 0.]] [[0. 0. 0.]  [0. 0. 0.]  [0. 0. 0.]  ...  [0. 0. 0.]  [0. 0. 0.]  [0. 0. 0.]] ... [[0. 0. 0.]  [0. 0. 0.]  [0. 0. 0.]  ...  [0. 0. 0.]  [0. 0. 0.]  [0. 0. 0.]] [[0. 0. 0.]  [0. 0. 0.]  [0. 0. 0.]  ...  [0. 0. 0.]  [0. 0. 0.]  [0. 0. 0.]] [[0. 0. 0.]  [0. 0. 0.]  [0. 0. 0.]  ...  [0. 0. 0.]  [0. 0. 0.]  [0. 0. 0.]]]",3.521536184591241,49080,/home/amos/media/tv/Carnivale S01-S02 web 10bit hevc-d3g/Carnivale S02/Carnivale.S02E10.1080p.WEBRip.10Bit.EAC3.H265-d3g.mkv853,1080,1920,0,218,83,901,218,92205,0.044,"[[[0. 0. 0.]  [0. 0. 0.]  [0. 0. 0.]  ...  [0. 0. 0.]  [0. 0. 0.]  [0. 0. 0.]] [[0. 0. 0.]  [0. 0. 0.]  [0. 0. 0.]  ...  [0. 0. 0.]  [0. 0. 0.]  [0. 0. 0.]] [[0. 0. 0.]  [0. 0. 0.]  [0. 0. 0.]  ...  [0. 0. 0.]  [0. 0. 0.]  [0. 0. 0.]] ... [[0. 0. 0.]  [0. 0. 0.]  [0. 0. 0.]  ...  [0. 0. 0.]  [0. 0. 0.]  [0. 0. 0.]] [[0. 0. 0.]  [0. 0. 0.]  [0. 0. 0.]  ...  [0. 0. 0.]  [0. 0. 0.]  [0. 0. 0.]] [[0. 0. 0.]  [0. 0. 0.]  [0. 0. 0.]  ...  [0. 0. 0.]  [0. 0. 0.]  [0. 0. 0.]]]",2.875446137157269,49104,/home/amos/media/tv/Carnivale S01-S02 web 10bit hevc-d3g/Carnivale S02/Carnivale.S02E10.1080p.WEBRip.10Bit.EAC3.H265-d3g.mkv854,1080,1920,0,256,69,880,256,116688,0.056,"[[[0. 0. 0.]  [0. 0. 0.]  [0. 0. 0.]  ...  [0. 0. 0.]  [0. 0. 0.]  [0. 0. 0.]] [[0. 0. 0.]  [0. 0. 0.]  [0. 0. 0.]  ...  [0. 0. 0.]  [0. 0. 0.]  [0. 0. 0.]] [[0. 0. 0.]  [0. 0. 0.]  [0. 0. 0.]  ...  [0. 0. 0.]  [0. 0. 0.]  [0. 0. 0.]] ... [[0. 0. 0.]  [0. 0. 0.]  [0. 0. 0.]  ...  [0. 0. 0.]  [0. 0. 0.]  [0. 0. 0.]] [[0. 0. 0.]  [0. 0. 0.]  [0. 0. 0.]  ...  [0. 0. 0.]  [0. 0. 0.]  [0. 0. 0.]] [[0. 0. 0.]  [0. 0. 0.]  [0. 0. 0.]  ...  [0. 0. 0.]  [0. 0. 0.]  [0. 0. 0.]]]",3.310338201117702,49128,/home/amos/media/tv/Carnivale S01-S02 web 10bit hevc-d3g/Carnivale S02/Carnivale.S02E10.1080p.WEBRip.10Bit.EAC3.H265-d3g.mkv855,1080,1920,0,289,64,846,289,125325,0.06,"[[[0. 0. 0.]  [0. 0. 0.]  [0. 0. 0.]  ...  [0. 0. 0.]  [0. 0. 0.]  [0. 0. 0.]] [[0. 0. 0.]  [0. 0. 0.]  [0. 0. 0.]  ...  [0. 0. 0.]  [0. 0. 0.]  [0. 0. 0.]] [[0. 0. 0.]  [0. 0. 0.]  [0. 0. 0.]  ...  [0. 0. 0.]  [0. 0. 0.]  [0. 0. 0.]] ... [[0. 0. 0.]  [0. 0. 0.]  [0. 0. 0.]  ...  [0. 0. 0.]  [0. 0. 0.]  [0. 0. 0.]] [[0. 0. 0.]  [0. 0. 0.]  [0. 0. 0.]  ...  [0. 0. 0.]  [0. 0. 0.]  [0. 0. 0.]] [[0. 0. 0.]  [0. 0. 0.]  [0. 0. 0.]  ...  [0. 0. 0.]  [0. 0. 0.]  [0. 0. 0.]]]",5.262559237075038,49152,/home/amos/media/tv/Carnivale S01-S02 web 10bit hevc-d3g/Carnivale S02/Carnivale.S02E10.1080p.WEBRip.10Bit.EAC3.H265-d3g.mkv856,1080,1920,0,321,60,826,321,131805,0.064,"[[[0. 0. 0.]  [0. 0. 0.]  [0. 0. 0.]  ...  [0. 0. 0.]  [0. 0. 0.]  [0. 0. 0.]] [[0. 0. 0.]  [0. 0. 0.]  [0. 0. 0.]  ...  [0. 0. 0.]  [0. 0. 0.]  [0. 0. 0.]] [[0. 0. 0.]  [0. 0. 0.]  [0. 0. 0.]  ...  [0. 0. 0.]  [0. 0. 0.]  [0. 0. 0.]] ... [[0. 0. 0.]  [0. 0. 0.]  [0. 0. 0.]  ...  [0. 0. 0.]  [0. 0. 0.]  [0. 0. 0.]] [[0. 0. 0.]  [0. 0. 0.]  [0. 0. 0.]  ...  [0. 0. 0.]  [0. 0. 0.]  [0. 0. 0.]] [[0. 0. 0.]  [0. 0. 0.]  [0. 0. 0.]  ...  [0. 0. 0.]  [0. 0. 0.]  [0. 0. 0.]]]",5.353259183350019,49176,/home/amos/media/tv/Carnivale S01-S02 web 10bit hevc-d3g/Carnivale S02/Carnivale.S02E10.1080p.WEBRip.10Bit.EAC3.H265-d3g.mkv857,1080,1920,0,356,76,820,356,129920,0.063,"[[[0. 0. 0.]  [0. 0. 0.]  [0. 0. 0.]  ...  [0. 0. 0.]  [0. 0. 0.]  [0. 0. 0.]] [[0. 0. 0.]  [0. 0. 0.]  [0. 0. 0.]  ...  [0. 0. 0.]  [0. 0. 0.]  [0. 0. 0.]] [[0. 0. 0.]  [0. 0. 0.]  [0. 0. 0.]  ...  [0. 0. 0.]  [0. 0. 0.]  [0. 0. 0.]] ... [[0. 0. 0.]  [0. 0. 0.]  [0. 0. 0.]  ...  [0. 0. 0.]  [0. 0. 0.]  [0. 0. 0.]] [[0. 0. 0.]  [0. 0. 0.]  [0. 0. 0.]  ...  [0. 0. 0.]  [0. 0. 0.]  [0. 0. 0.]] [[0. 0. 0.]  [0. 0. 0.]  [0. 0. 0.]  ...  [0. 0. 0.]  [0. 0. 0.]  [0. 0. 0.]]]",4.347355136997066,49200,/home/amos/media/tv/Carnivale S01-S02 web 10bit hevc-d3g/Carnivale S02/Carnivale.S02E10.1080p.WEBRip.10Bit.EAC3.H265-d3g.mkv858,1080,1920,0,439,72,899,439,168820,0.081,"[[[0. 0. 0.]  [0. 0. 0.]  [0. 0. 0.]  ...  [0. 0. 0.]  [0. 0. 0.]  [0. 0. 0.]] [[0. 0. 0.]  [0. 0. 0.]  [0. 0. 0.]  ...  [0. 0. 0.]  [0. 0. 0.]  [0. 0. 0.]] [[0. 0. 0.]  [0. 0. 0.]  [0. 0. 0.]  ...  [0. 0. 0.]  [0. 0. 0.]  [0. 0. 0.]] ... [[0. 0. 0.]  [0. 0. 0.]  [0. 0. 0.]  ...  [0. 0. 0.]  [0. 0. 0.]  [0. 0. 0.]] [[0. 0. 0.]  [0. 0. 0.]  [0. 0. 0.]  ...  [0. 0. 0.]  [0. 0. 0.]  [0. 0. 0.]] [[0. 0. 0.]  [0. 0. 0.]  [0. 0. 0.]  ...  [0. 0. 0.]  [0. 0. 0.]  [0. 0. 0.]]]",3.455275123473257,49224,/home/amos/media/tv/Carnivale S01-S02 web 10bit hevc-d3g/Carnivale S02/Carnivale.S02E10.1080p.WEBRip.10Bit.EAC3.H265-d3g.mkv859,1080,1920,0,479,85,918,479,172966,0.083,"[[[0.03529412 0.03529412 0.00784314]  [0.01176471 0.01176471 0.        ]  [0.01176471 0.01176471 0.        ]  ...  [0.12941177 0.09411765 0.05098039]  [0.11372549 0.07843138 0.03529412]  [0.10980392 0.07843138 0.03529412]] [[0.02352941 0.02352941 0.00392157]  [0.01568628 0.01568628 0.        ]  [0.03137255 0.03137255 0.00784314]  ...  [0.11372549 0.07843138 0.03921569]  [0.10980392 0.07450981 0.03137255]  [0.10588235 0.07450981 0.03137255]] [[0.01960784 0.01960784 0.        ]  [0.00784314 0.00784314 0.        ]  [0.05490196 0.05490196 0.03137255]  ...  [0.11764706 0.07450981 0.03921569]  [0.11372549 0.07843138 0.03529412]  [0.10980392 0.07843138 0.03529412]] ... [[0.02352941 0.02352941 0.        ]  [0.02352941 0.02352941 0.        ]  [0.02352941 0.02352941 0.        ]  ...  [0.03137255 0.         0.        ]  [0.02745098 0.         0.        ]  [0.02745098 0.         0.        ]] [[0.03137255 0.03137255 0.00392157]  [0.03137255 0.03137255 0.00392157]  [0.02745098 0.02745098 0.        ]  ...  [0.03137255 0.         0.        ]  [0.02745098 0.         0.        ]  [0.02745098 0.         0.        ]] [[0.03137255 0.03529412 0.00392157]  [0.03529412 0.03921569 0.00784314]  [0.03529412 0.03921569 0.00392157]  ...  [0.03137255 0.         0.        ]  [0.02745098 0.         0.        ]  [0.02745098 0.         0.        ]]]",3.1076451576082036,49248,/home/amos/media/tv/Carnivale S01-S02 web 10bit hevc-d3g/Carnivale S02/Carnivale.S02E10.1080p.WEBRip.10Bit.EAC3.H265-d3g.mkv860,1080,1920,0,705,152,940,705,129955,0.063,"[[[0.23529412 0.20392157 0.16078432]  [0.20784314 0.1764706  0.13333334]  [0.19607843 0.16470589 0.11764706]  ...  [0.5568628  0.5372549  0.49019608]  [0.5647059  0.5411765  0.49019608]  [0.5921569  0.5686275  0.52156866]] [[0.23137255 0.2        0.15294118]  [0.2        0.16862746 0.1254902 ]  [0.19607843 0.16078432 0.11372549]  ...  [0.5529412  0.53333336 0.4862745 ]  [0.5764706  0.5529412  0.5019608 ]  [0.6039216  0.5803922  0.5294118 ]] [[0.21568628 0.18431373 0.14117648]  [0.2        0.16862746 0.12156863]  [0.2        0.16470589 0.11764706]  ...  [0.54901963 0.5294118  0.48235294]  [0.5686275  0.54509807 0.49803922]  [0.6        0.5764706  0.5254902 ]] ... [[0.01176471 0.         0.        ]  [0.01568628 0.         0.        ]  [0.01568628 0.         0.        ]  ...  [0.53333336 0.50980395 0.46666667]  [0.5411765  0.52156866 0.4745098 ]  [0.54509807 0.52156866 0.47843137]] [[0.01176471 0.         0.        ]  [0.01568628 0.         0.        ]  [0.01960784 0.         0.        ]  ...  [0.5176471  0.49019608 0.45490196]  [0.52156866 0.49411765 0.45882353]  [0.5254902  0.49803922 0.4627451 ]] [[0.01176471 0.         0.        ]  [0.01568628 0.         0.        ]  [0.02352941 0.         0.        ]  ...  [0.49019608 0.4627451  0.43137255]  [0.5058824  0.47843137 0.44313726]  [0.5176471  0.49019608 0.45490196]]]",9.75451309880009,49944,/home/amos/media/tv/Carnivale S01-S02 web 10bit hevc-d3g/Carnivale S02/Carnivale.S02E10.1080p.WEBRip.10Bit.EAC3.H265-d3g.mkv861,1080,1920,0,711,114,934,711,133131,0.064,"[[[0. 0. 0.]  [0. 0. 0.]  [0. 0. 0.]  ...  [0. 0. 0.]  [0. 0. 0.]  [0. 0. 0.]] [[0. 0. 0.]  [0. 0. 0.]  [0. 0. 0.]  ...  [0. 0. 0.]  [0. 0. 0.]  [0. 0. 0.]] [[0. 0. 0.]  [0. 0. 0.]  [0. 0. 0.]  ...  [0. 0. 0.]  [0. 0. 0.]  [0. 0. 0.]] ... [[0. 0. 0.]  [0. 0. 0.]  [0. 0. 0.]  ...  [0. 0. 0.]  [0. 0. 0.]  [0. 0. 0.]] [[0. 0. 0.]  [0. 0. 0.]  [0. 0. 0.]  ...  [0. 0. 0.]  [0. 0. 0.]  [0. 0. 0.]] [[0. 0. 0.]  [0. 0. 0.]  [0. 0. 0.]  ...  [0. 0. 0.]  [0. 0. 0.]  [0. 0. 0.]]]",9.60093318572035,49968,/home/amos/media/tv/Carnivale S01-S02 web 10bit hevc-d3g/Carnivale S02/Carnivale.S02E10.1080p.WEBRip.10Bit.EAC3.H265-d3g.mkv862,1080,1920,0,725,90,941,725,137160,0.066,"[[[0. 0. 0.]  [0. 0. 0.]  [0. 0. 0.]  ...  [0. 0. 0.]  [0. 0. 0.]  [0. 0. 0.]] [[0. 0. 0.]  [0. 0. 0.]  [0. 0. 0.]  ...  [0. 0. 0.]  [0. 0. 0.]  [0. 0. 0.]] [[0. 0. 0.]  [0. 0. 0.]  [0. 0. 0.]  ...  [0. 0. 0.]  [0. 0. 0.]  [0. 0. 0.]] ... [[0. 0. 0.]  [0. 0. 0.]  [0. 0. 0.]  ...  [0. 0. 0.]  [0. 0. 0.]  [0. 0. 0.]] [[0. 0. 0.]  [0. 0. 0.]  [0. 0. 0.]  ...  [0. 0. 0.]  [0. 0. 0.]  [0. 0. 0.]] [[0. 0. 0.]  [0. 0. 0.]  [0. 0. 0.]  ...  [0. 0. 0.]  [0. 0. 0.]  [0. 0. 0.]]]",9.853308143501636,49992,/home/amos/media/tv/Carnivale S01-S02 web 10bit hevc-d3g/Carnivale S02/Carnivale.S02E10.1080p.WEBRip.10Bit.EAC3.H265-d3g.mkv863,1080,1920,0,713,71,957,713,156648,0.076,"[[[0. 0. 0.]  [0. 0. 0.]  [0. 0. 0.]  ...  [0. 0. 0.]  [0. 0. 0.]  [0. 0. 0.]] [[0. 0. 0.]  [0. 0. 0.]  [0. 0. 0.]  ...  [0. 0. 0.]  [0. 0. 0.]  [0. 0. 0.]] [[0. 0. 0.]  [0. 0. 0.]  [0. 0. 0.]  ...  [0. 0. 0.]  [0. 0. 0.]  [0. 0. 0.]] ... [[0. 0. 0.]  [0. 0. 0.]  [0. 0. 0.]  ...  [0. 0. 0.]  [0. 0. 0.]  [0. 0. 0.]] [[0. 0. 0.]  [0. 0. 0.]  [0. 0. 0.]  ...  [0. 0. 0.]  [0. 0. 0.]  [0. 0. 0.]] [[0. 0. 0.]  [0. 0. 0.]  [0. 0. 0.]  ...  [0. 0. 0.]  [0. 0. 0.]  [0. 0. 0.]]]",11.961720094957855,50016,/home/amos/media/tv/Carnivale S01-S02 web 10bit hevc-d3g/Carnivale S02/Carnivale.S02E10.1080p.WEBRip.10Bit.EAC3.H265-d3g.mkv864,1080,1920,0,704,63,972,704,171788,0.083,"[[[0. 0. 0.]  [0. 0. 0.]  [0. 0. 0.]  ...  [0. 0. 0.]  [0. 0. 0.]  [0. 0. 0.]] [[0. 0. 0.]  [0. 0. 0.]  [0. 0. 0.]  ...  [0. 0. 0.]  [0. 0. 0.]  [0. 0. 0.]] [[0. 0. 0.]  [0. 0. 0.]  [0. 0. 0.]  ...  [0. 0. 0.]  [0. 0. 0.]  [0. 0. 0.]] ... [[0. 0. 0.]  [0. 0. 0.]  [0. 0. 0.]  ...  [0. 0. 0.]  [0. 0. 0.]  [0. 0. 0.]] [[0. 0. 0.]  [0. 0. 0.]  [0. 0. 0.]  ...  [0. 0. 0.]  [0. 0. 0.]  [0. 0. 0.]] [[0. 0. 0.]  [0. 0. 0.]  [0. 0. 0.]  ...  [0. 0. 0.]  [0. 0. 0.]  [0. 0. 0.]]]",10.929049114405643,50040,/home/amos/media/tv/Carnivale S01-S02 web 10bit hevc-d3g/Carnivale S02/Carnivale.S02E10.1080p.WEBRip.10Bit.EAC3.H265-d3g.mkv865,1080,1920,0,721,66,944,721,146065,0.07,"[[[0.53333336 0.50980395 0.45882353]  [0.5176471  0.49411765 0.44313726]  [0.49411765 0.47058824 0.41960785]  ...  [0.65882355 0.627451   0.5764706 ]  [0.6745098  0.64705884 0.5882353 ]  [0.         0.         0.        ]] [[0.5058824  0.48235294 0.43137255]  [0.49019608 0.46666667 0.41568628]  [0.45490196 0.42745098 0.3764706 ]  ...  [0.6666667  0.63529414 0.58431375]  [0.67058825 0.6431373  0.58431375]  [0.         0.         0.        ]] [[0.49803922 0.4745098  0.42352942]  [0.47843137 0.45490196 0.40392157]  [0.44313726 0.41960785 0.36862746]  ...  [0.654902   0.62352943 0.57254905]  [0.6627451  0.63529414 0.5764706 ]  [0.         0.         0.        ]] ... [[0.03137255 0.00784314 0.        ]  [0.03137255 0.00392157 0.        ]  [0.03137255 0.00392157 0.        ]  ...  [0.6784314  0.6509804  0.5921569 ]  [0.68235296 0.6509804  0.59607846]  [0.         0.         0.        ]] [[0.03137255 0.00392157 0.        ]  [0.03137255 0.00392157 0.        ]  [0.02745098 0.         0.        ]  ...  [0.6862745  0.65882355 0.6       ]  [0.6784314  0.654902   0.59607846]  [0.         0.         0.        ]] [[0.         0.         0.        ]  [0.         0.         0.        ]  [0.         0.         0.        ]  ...  [0.         0.         0.        ]  [0.         0.         0.        ]  [0.         0.         0.        ]]]",9.423025086929556,50064,/home/amos/media/tv/Carnivale S01-S02 web 10bit hevc-d3g/Carnivale S02/Carnivale.S02E10.1080p.WEBRip.10Bit.EAC3.H265-d3g.mkv866,1080,1920,0,721,81,946,721,144000,0.069,"[[[0. 0. 0.]  [0. 0. 0.]  [0. 0. 0.]  ...  [0. 0. 0.]  [0. 0. 0.]  [0. 0. 0.]] [[0. 0. 0.]  [0. 0. 0.]  [0. 0. 0.]  ...  [0. 0. 0.]  [0. 0. 0.]  [0. 0. 0.]] [[0. 0. 0.]  [0. 0. 0.]  [0. 0. 0.]  ...  [0. 0. 0.]  [0. 0. 0.]  [0. 0. 0.]] ... [[0. 0. 0.]  [0. 0. 0.]  [0. 0. 0.]  ...  [0. 0. 0.]  [0. 0. 0.]  [0. 0. 0.]] [[0. 0. 0.]  [0. 0. 0.]  [0. 0. 0.]  ...  [0. 0. 0.]  [0. 0. 0.]  [0. 0. 0.]] [[0. 0. 0.]  [0. 0. 0.]  [0. 0. 0.]  ...  [0. 0. 0.]  [0. 0. 0.]  [0. 0. 0.]]]",10.216405064973515,50088,/home/amos/media/tv/Carnivale S01-S02 web 10bit hevc-d3g/Carnivale S02/Carnivale.S02E10.1080p.WEBRip.10Bit.EAC3.H265-d3g.mkv867,1080,1920,0,724,99,955,724,144375,0.07,"[[[0. 0. 0.]  [0. 0. 0.]  [0. 0. 0.]  ...  [0. 0. 0.]  [0. 0. 0.]  [0. 0. 0.]] [[0. 0. 0.]  [0. 0. 0.]  [0. 0. 0.]  ...  [0. 0. 0.]  [0. 0. 0.]  [0. 0. 0.]] [[0. 0. 0.]  [0. 0. 0.]  [0. 0. 0.]  ...  [0. 0. 0.]  [0. 0. 0.]  [0. 0. 0.]] ... [[0. 0. 0.]  [0. 0. 0.]  [0. 0. 0.]  ...  [0. 0. 0.]  [0. 0. 0.]  [0. 0. 0.]] [[0. 0. 0.]  [0. 0. 0.]  [0. 0. 0.]  ...  [0. 0. 0.]  [0. 0. 0.]  [0. 0. 0.]] [[0. 0. 0.]  [0. 0. 0.]  [0. 0. 0.]  ...  [0. 0. 0.]  [0. 0. 0.]  [0. 0. 0.]]]",10.861223158368375,50112,/home/amos/media/tv/Carnivale S01-S02 web 10bit hevc-d3g/Carnivale S02/Carnivale.S02E10.1080p.WEBRip.10Bit.EAC3.H265-d3g.mkv868,1080,1920,0,756,180,1038,756,162432,0.078,"[[[0.5411765  0.5137255  0.4627451 ]  [0.5137255  0.49019608 0.43529412]  [0.48235294 0.45882353 0.40392157]  ...  [0.6431373  0.6156863  0.5686275 ]  [0.6392157  0.6117647  0.5647059 ]  [0.654902   0.62352943 0.57254905]] [[0.5294118  0.5019608  0.45490196]  [0.49803922 0.4745098  0.42352942]  [0.47058824 0.44313726 0.39607844]  ...  [0.63529414 0.6117647  0.5647059 ]  [0.64705884 0.61960787 0.57254905]  [0.6431373  0.6117647  0.56078434]] [[0.50980395 0.48235294 0.43529412]  [0.4862745  0.4627451  0.4117647 ]  [0.4509804  0.42745098 0.3764706 ]  ...  [0.6431373  0.6156863  0.5686275 ]  [0.6392157  0.6117647  0.5647059 ]  [0.6627451  0.6313726  0.5803922 ]] ... [[0.04313726 0.01568628 0.        ]  [0.04705882 0.01568628 0.        ]  [0.05098039 0.01568628 0.        ]  ...  [0.47058824 0.4392157  0.4       ]  [0.47843137 0.44705883 0.40784314]  [0.4862745  0.45882353 0.41960785]] [[0.04313726 0.01568628 0.        ]  [0.04705882 0.01568628 0.        ]  [0.04705882 0.01568628 0.        ]  ...  [0.45882353 0.42745098 0.39215687]  [0.4745098  0.4392157  0.40392157]  [0.4745098  0.44705883 0.40784314]] [[0.04313726 0.01568628 0.        ]  [0.04705882 0.01568628 0.        ]  [0.04705882 0.01568628 0.        ]  ...  [0.44313726 0.40784314 0.37254903]  [0.4509804  0.41568628 0.38039216]  [0.45882353 0.43529412 0.39215687]]]",10.886092059954535,50232,/home/amos/media/tv/Carnivale S01-S02 web 10bit hevc-d3g/Carnivale S02/Carnivale.S02E10.1080p.WEBRip.10Bit.EAC3.H265-d3g.mkv869,1080,1920,0,736,128,1010,736,166592,0.08,"[[[0. 0. 0.]  [0. 0. 0.]  [0. 0. 0.]  ...  [0. 0. 0.]  [0. 0. 0.]  [0. 0. 0.]] [[0. 0. 0.]  [0. 0. 0.]  [0. 0. 0.]  ...  [0. 0. 0.]  [0. 0. 0.]  [0. 0. 0.]] [[0. 0. 0.]  [0. 0. 0.]  [0. 0. 0.]  ...  [0. 0. 0.]  [0. 0. 0.]  [0. 0. 0.]] ... [[0. 0. 0.]  [0. 0. 0.]  [0. 0. 0.]  ...  [0. 0. 0.]  [0. 0. 0.]  [0. 0. 0.]] [[0. 0. 0.]  [0. 0. 0.]  [0. 0. 0.]  ...  [0. 0. 0.]  [0. 0. 0.]  [0. 0. 0.]] [[0. 0. 0.]  [0. 0. 0.]  [0. 0. 0.]  ...  [0. 0. 0.]  [0. 0. 0.]  [0. 0. 0.]]]",11.070521224231925,50256,/home/amos/media/tv/Carnivale S01-S02 web 10bit hevc-d3g/Carnivale S02/Carnivale.S02E10.1080p.WEBRip.10Bit.EAC3.H265-d3g.mkv870,1080,1920,0,724,117,984,724,157820,0.076,"[[[0. 0. 0.]  [0. 0. 0.]  [0. 0. 0.]  ...  [0. 0. 0.]  [0. 0. 0.]  [0. 0. 0.]] [[0. 0. 0.]  [0. 0. 0.]  [0. 0. 0.]  ...  [0. 0. 0.]  [0. 0. 0.]  [0. 0. 0.]] [[0. 0. 0.]  [0. 0. 0.]  [0. 0. 0.]  ...  [0. 0. 0.]  [0. 0. 0.]  [0. 0. 0.]] ... [[0. 0. 0.]  [0. 0. 0.]  [0. 0. 0.]  ...  [0. 0. 0.]  [0. 0. 0.]  [0. 0. 0.]] [[0. 0. 0.]  [0. 0. 0.]  [0. 0. 0.]  ...  [0. 0. 0.]  [0. 0. 0.]  [0. 0. 0.]] [[0. 0. 0.]  [0. 0. 0.]  [0. 0. 0.]  ...  [0. 0. 0.]  [0. 0. 0.]  [0. 0. 0.]]]",10.079717150540091,50280,/home/amos/media/tv/Carnivale S01-S02 web 10bit hevc-d3g/Carnivale S02/Carnivale.S02E10.1080p.WEBRip.10Bit.EAC3.H265-d3g.mkv871,1080,1920,0,731,94,962,731,147147,0.071,"[[[0. 0. 0.]  [0. 0. 0.]  [0. 0. 0.]  ...  [0. 0. 0.]  [0. 0. 0.]  [0. 0. 0.]] [[0. 0. 0.]  [0. 0. 0.]  [0. 0. 0.]  ...  [0. 0. 0.]  [0. 0. 0.]  [0. 0. 0.]] [[0. 0. 0.]  [0. 0. 0.]  [0. 0. 0.]  ...  [0. 0. 0.]  [0. 0. 0.]  [0. 0. 0.]] ... [[0. 0. 0.]  [0. 0. 0.]  [0. 0. 0.]  ...  [0. 0. 0.]  [0. 0. 0.]  [0. 0. 0.]] [[0. 0. 0.]  [0. 0. 0.]  [0. 0. 0.]  ...  [0. 0. 0.]  [0. 0. 0.]  [0. 0. 0.]] [[0. 0. 0.]  [0. 0. 0.]  [0. 0. 0.]  ...  [0. 0. 0.]  [0. 0. 0.]  [0. 0. 0.]]]",10.236634071625303,50304,/home/amos/media/tv/Carnivale S01-S02 web 10bit hevc-d3g/Carnivale S02/Carnivale.S02E10.1080p.WEBRip.10Bit.EAC3.H265-d3g.mkv872,1080,1920,0,720,87,958,720,150654,0.073,"[[[0.5764706  0.54901963 0.49411765]  [0.5568628  0.53333336 0.47843137]  [0.53333336 0.50980395 0.45882353]  ...  [0.57254905 0.54901963 0.5058824 ]  [0.59607846 0.57254905 0.5254902 ]  [0.6117647  0.5882353  0.5411765 ]] [[0.5803922  0.54901963 0.49803922]  [0.54509807 0.52156866 0.46666667]  [0.5176471  0.49411765 0.4392157 ]  ...  [0.5686275  0.54509807 0.5019608 ]  [0.58431375 0.56078434 0.5137255 ]  [0.6117647  0.5882353  0.5411765 ]] [[0.5686275  0.5411765  0.49411765]  [0.5372549  0.5137255  0.4627451 ]  [0.5137255  0.49019608 0.4392157 ]  ...  [0.5568628  0.53333336 0.49019608]  [0.5803922  0.5568628  0.50980395]  [0.6039216  0.5803922  0.53333336]] ... [[0.01960784 0.         0.        ]  [0.01960784 0.         0.        ]  [0.01960784 0.         0.        ]  ...  [0.59607846 0.57254905 0.5254902 ]  [0.6039216  0.5803922  0.5294118 ]  [0.6156863  0.5921569  0.5411765 ]] [[0.01960784 0.         0.        ]  [0.01568628 0.         0.00392157]  [0.01568628 0.         0.00392157]  ...  [0.58431375 0.56078434 0.5137255 ]  [0.5921569  0.5686275  0.5176471 ]  [0.6117647  0.5882353  0.5372549 ]] [[0.01568628 0.         0.        ]  [0.01960784 0.         0.00392157]  [0.01960784 0.         0.        ]  ...  [0.58431375 0.56078434 0.5137255 ]  [0.5882353  0.5647059  0.5176471 ]  [0.6039216  0.5803922  0.53333336]]]",9.401974107779097,50328,/home/amos/media/tv/Carnivale S01-S02 web 10bit hevc-d3g/Carnivale S02/Carnivale.S02E10.1080p.WEBRip.10Bit.EAC3.H265-d3g.mkv873,1080,1920,0,702,83,980,702,172082,0.083,"[[[0.4745098  0.4509804  0.39607844]  [0.43529412 0.41568628 0.3647059 ]  [0.40784314 0.3882353  0.3372549 ]  ...  [0.4627451  0.4392157  0.4       ]  [0.48235294 0.4627451  0.41960785]  [0.5176471  0.49803922 0.4509804 ]] [[0.4627451  0.4392157  0.3882353 ]  [0.42352942 0.40392157 0.3529412 ]  [0.39607844 0.3764706  0.3254902 ]  ...  [0.45882353 0.4392157  0.4       ]  [0.4862745  0.46666667 0.42352942]  [0.5019608  0.48235294 0.43529412]] [[0.43529412 0.41568628 0.3647059 ]  [0.4117647  0.39215687 0.34117648]  [0.38039216 0.36078432 0.30980393]  ...  [0.4509804  0.43137255 0.39215687]  [0.46666667 0.4509804  0.40784314]  [0.5019608  0.48235294 0.4392157 ]] ... [[0.02352941 0.         0.        ]  [0.02352941 0.         0.        ]  [0.02352941 0.         0.        ]  ...  [0.5568628  0.53333336 0.49019608]  [0.5803922  0.5568628  0.50980395]  [0.59607846 0.57254905 0.5254902 ]] [[0.01960784 0.         0.        ]  [0.01960784 0.         0.        ]  [0.01960784 0.         0.        ]  ...  [0.56078434 0.5372549  0.49411765]  [0.5764706  0.5529412  0.50980395]  [0.58431375 0.56078434 0.5137255 ]] [[0.01960784 0.         0.        ]  [0.01960784 0.         0.        ]  [0.01960784 0.         0.        ]  ...  [0.5647059  0.5411765  0.49803922]  [0.5764706  0.5529412  0.50980395]  [0.5882353  0.5647059  0.5176471 ]]]",9.969619218143634,50352,/home/amos/media/tv/Carnivale S01-S02 web 10bit hevc-d3g/Carnivale S02/Carnivale.S02E10.1080p.WEBRip.10Bit.EAC3.H265-d3g.mkv874,1080,1920,0,717,83,1031,717,199076,0.096,"[[[0. 0. 0.]  [0. 0. 0.]  [0. 0. 0.]  ...  [0. 0. 0.]  [0. 0. 0.]  [0. 0. 0.]] [[0. 0. 0.]  [0. 0. 0.]  [0. 0. 0.]  ...  [0. 0. 0.]  [0. 0. 0.]  [0. 0. 0.]] [[0. 0. 0.]  [0. 0. 0.]  [0. 0. 0.]  ...  [0. 0. 0.]  [0. 0. 0.]  [0. 0. 0.]] ... [[0. 0. 0.]  [0. 0. 0.]  [0. 0. 0.]  ...  [0. 0. 0.]  [0. 0. 0.]  [0. 0. 0.]] [[0. 0. 0.]  [0. 0. 0.]  [0. 0. 0.]  ...  [0. 0. 0.]  [0. 0. 0.]  [0. 0. 0.]] [[0. 0. 0.]  [0. 0. 0.]  [0. 0. 0.]  ...  [0. 0. 0.]  [0. 0. 0.]  [0. 0. 0.]]]",10.577607140119653,50376,/home/amos/media/tv/Carnivale S01-S02 web 10bit hevc-d3g/Carnivale S02/Carnivale.S02E10.1080p.WEBRip.10Bit.EAC3.H265-d3g.mkv875,1080,1920,0,711,88,1000,711,180047,0.087,"[[[0. 0. 0.]  [0. 0. 0.]  [0. 0. 0.]  ...  [0. 0. 0.]  [0. 0. 0.]  [0. 0. 0.]] [[0. 0. 0.]  [0. 0. 0.]  [0. 0. 0.]  ...  [0. 0. 0.]  [0. 0. 0.]  [0. 0. 0.]] [[0. 0. 0.]  [0. 0. 0.]  [0. 0. 0.]  ...  [0. 0. 0.]  [0. 0. 0.]  [0. 0. 0.]] ... [[0. 0. 0.]  [0. 0. 0.]  [0. 0. 0.]  ...  [0. 0. 0.]  [0. 0. 0.]  [0. 0. 0.]] [[0. 0. 0.]  [0. 0. 0.]  [0. 0. 0.]  ...  [0. 0. 0.]  [0. 0. 0.]  [0. 0. 0.]] [[0. 0. 0.]  [0. 0. 0.]  [0. 0. 0.]  ...  [0. 0. 0.]  [0. 0. 0.]  [0. 0. 0.]]]",10.218657122633886,50400,/home/amos/media/tv/Carnivale S01-S02 web 10bit hevc-d3g/Carnivale S02/Carnivale.S02E10.1080p.WEBRip.10Bit.EAC3.H265-d3g.mkv876,1080,1920,0,707,63,990,707,182252,0.088,"[[[0. 0. 0.]  [0. 0. 0.]  [0. 0. 0.]  ...  [0. 0. 0.]  [0. 0. 0.]  [0. 0. 0.]] [[0. 0. 0.]  [0. 0. 0.]  [0. 0. 0.]  ...  [0. 0. 0.]  [0. 0. 0.]  [0. 0. 0.]] [[0. 0. 0.]  [0. 0. 0.]  [0. 0. 0.]  ...  [0. 0. 0.]  [0. 0. 0.]  [0. 0. 0.]] ... [[0. 0. 0.]  [0. 0. 0.]  [0. 0. 0.]  ...  [0. 0. 0.]  [0. 0. 0.]  [0. 0. 0.]] [[0. 0. 0.]  [0. 0. 0.]  [0. 0. 0.]  ...  [0. 0. 0.]  [0. 0. 0.]  [0. 0. 0.]] [[0. 0. 0.]  [0. 0. 0.]  [0. 0. 0.]  ...  [0. 0. 0.]  [0. 0. 0.]  [0. 0. 0.]]]",11.281669169373345,50424,/home/amos/media/tv/Carnivale S01-S02 web 10bit hevc-d3g/Carnivale S02/Carnivale.S02E10.1080p.WEBRip.10Bit.EAC3.H265-d3g.mkv877,1080,1920,0,698,56,1000,698,193884,0.094,"[[[0. 0. 0.]  [0. 0. 0.]  [0. 0. 0.]  ...  [0. 0. 0.]  [0. 0. 0.]  [0. 0. 0.]] [[0. 0. 0.]  [0. 0. 0.]  [0. 0. 0.]  ...  [0. 0. 0.]  [0. 0. 0.]  [0. 0. 0.]] [[0. 0. 0.]  [0. 0. 0.]  [0. 0. 0.]  ...  [0. 0. 0.]  [0. 0. 0.]  [0. 0. 0.]] ... [[0. 0. 0.]  [0. 0. 0.]  [0. 0. 0.]  ...  [0. 0. 0.]  [0. 0. 0.]  [0. 0. 0.]] [[0. 0. 0.]  [0. 0. 0.]  [0. 0. 0.]  ...  [0. 0. 0.]  [0. 0. 0.]  [0. 0. 0.]] [[0. 0. 0.]  [0. 0. 0.]  [0. 0. 0.]  ...  [0. 0. 0.]  [0. 0. 0.]  [0. 0. 0.]]]",10.097008163982537,50448,/home/amos/media/tv/Carnivale S01-S02 web 10bit hevc-d3g/Carnivale S02/Carnivale.S02E10.1080p.WEBRip.10Bit.EAC3.H265-d3g.mkv878,1080,1920,0,701,52,995,701,190806,0.092,"[[[0. 0. 0.]  [0. 0. 0.]  [0. 0. 0.]  ...  [0. 0. 0.]  [0. 0. 0.]  [0. 0. 0.]] [[0. 0. 0.]  [0. 0. 0.]  [0. 0. 0.]  ...  [0. 0. 0.]  [0. 0. 0.]  [0. 0. 0.]] [[0. 0. 0.]  [0. 0. 0.]  [0. 0. 0.]  ...  [0. 0. 0.]  [0. 0. 0.]  [0. 0. 0.]] ... [[0. 0. 0.]  [0. 0. 0.]  [0. 0. 0.]  ...  [0. 0. 0.]  [0. 0. 0.]  [0. 0. 0.]] [[0. 0. 0.]  [0. 0. 0.]  [0. 0. 0.]  ...  [0. 0. 0.]  [0. 0. 0.]  [0. 0. 0.]] [[0. 0. 0.]  [0. 0. 0.]  [0. 0. 0.]  ...  [0. 0. 0.]  [0. 0. 0.]  [0. 0. 0.]]]",10.47796717559686,50472,/home/amos/media/tv/Carnivale S01-S02 web 10bit hevc-d3g/Carnivale S02/Carnivale.S02E10.1080p.WEBRip.10Bit.EAC3.H265-d3g.mkv879,1080,1920,0,687,50,1014,687,208299,0.1,"[[[0. 0. 0.]  [0. 0. 0.]  [0. 0. 0.]  ...  [0. 0. 0.]  [0. 0. 0.]  [0. 0. 0.]] [[0. 0. 0.]  [0. 0. 0.]  [0. 0. 0.]  ...  [0. 0. 0.]  [0. 0. 0.]  [0. 0. 0.]] [[0. 0. 0.]  [0. 0. 0.]  [0. 0. 0.]  ...  [0. 0. 0.]  [0. 0. 0.]  [0. 0. 0.]] ... [[0. 0. 0.]  [0. 0. 0.]  [0. 0. 0.]  ...  [0. 0. 0.]  [0. 0. 0.]  [0. 0. 0.]] [[0. 0. 0.]  [0. 0. 0.]  [0. 0. 0.]  ...  [0. 0. 0.]  [0. 0. 0.]  [0. 0. 0.]] [[0. 0. 0.]  [0. 0. 0.]  [0. 0. 0.]  ...  [0. 0. 0.]  [0. 0. 0.]  [0. 0. 0.]]]",10.426385197904892,50496,/home/amos/media/tv/Carnivale S01-S02 web 10bit hevc-d3g/Carnivale S02/Carnivale.S02E10.1080p.WEBRip.10Bit.EAC3.H265-d3g.mkv880,1080,1920,0,701,61,1058,701,228480,0.11,"[[[0. 0. 0.]  [0. 0. 0.]  [0. 0. 0.]  ...  [0. 0. 0.]  [0. 0. 0.]  [0. 0. 0.]] [[0. 0. 0.]  [0. 0. 0.]  [0. 0. 0.]  ...  [0. 0. 0.]  [0. 0. 0.]  [0. 0. 0.]] [[0. 0. 0.]  [0. 0. 0.]  [0. 0. 0.]  ...  [0. 0. 0.]  [0. 0. 0.]  [0. 0. 0.]] ... [[0. 0. 0.]  [0. 0. 0.]  [0. 0. 0.]  ...  [0. 0. 0.]  [0. 0. 0.]  [0. 0. 0.]] [[0. 0. 0.]  [0. 0. 0.]  [0. 0. 0.]  ...  [0. 0. 0.]  [0. 0. 0.]  [0. 0. 0.]] [[0. 0. 0.]  [0. 0. 0.]  [0. 0. 0.]  ...  [0. 0. 0.]  [0. 0. 0.]  [0. 0. 0.]]]",10.381038059655111,50520,/home/amos/media/tv/Carnivale S01-S02 web 10bit hevc-d3g/Carnivale S02/Carnivale.S02E10.1080p.WEBRip.10Bit.EAC3.H265-d3g.mkv881,1080,1920,0,725,86,1088,725,231957,0.112,"[[[0. 0. 0.]  [0. 0. 0.]  [0. 0. 0.]  ...  [0. 0. 0.]  [0. 0. 0.]  [0. 0. 0.]] [[0. 0. 0.]  [0. 0. 0.]  [0. 0. 0.]  ...  [0. 0. 0.]  [0. 0. 0.]  [0. 0. 0.]] [[0. 0. 0.]  [0. 0. 0.]  [0. 0. 0.]  ...  [0. 0. 0.]  [0. 0. 0.]  [0. 0. 0.]] ... [[0. 0. 0.]  [0. 0. 0.]  [0. 0. 0.]  ...  [0. 0. 0.]  [0. 0. 0.]  [0. 0. 0.]] [[0. 0. 0.]  [0. 0. 0.]  [0. 0. 0.]  ...  [0. 0. 0.]  [0. 0. 0.]  [0. 0. 0.]] [[0. 0. 0.]  [0. 0. 0.]  [0. 0. 0.]  ...  [0. 0. 0.]  [0. 0. 0.]  [0. 0. 0.]]]",9.849897091451567,50544,/home/amos/media/tv/Carnivale S01-S02 web 10bit hevc-d3g/Carnivale S02/Carnivale.S02E10.1080p.WEBRip.10Bit.EAC3.H265-d3g.mkv882,1080,1920,0,54,9,386,54,14940,0.007,"[[[0.78039217 0.74509805 0.627451  ]  [0.78039217 0.74509805 0.627451  ]  [0.78039217 0.74509805 0.627451  ]  ...  [0.34117648 0.3019608  0.21176471]  [0.32941177 0.2901961  0.2       ]  [0.32941177 0.2901961  0.2       ]] [[0.78039217 0.74509805 0.627451  ]  [0.78039217 0.74509805 0.627451  ]  [0.78039217 0.74509805 0.627451  ]  ...  [0.34117648 0.3019608  0.21176471]  [0.32941177 0.2901961  0.2       ]  [0.32941177 0.2901961  0.2       ]] [[0.78431374 0.7490196  0.6313726 ]  [0.78431374 0.7490196  0.6313726 ]  [0.78039217 0.7490196  0.627451  ]  ...  [0.34117648 0.3019608  0.21176471]  [0.32941177 0.2901961  0.2       ]  [0.32941177 0.2901961  0.2       ]] ... [[0.68235296 0.64705884 0.5294118 ]  [0.68235296 0.64705884 0.5294118 ]  [0.6862745  0.6509804  0.53333336]  ...  [0.6        0.56078434 0.46666667]  [0.6        0.56078434 0.46666667]  [0.6        0.56078434 0.46666667]] [[0.68235296 0.64705884 0.5294118 ]  [0.68235296 0.64705884 0.5294118 ]  [0.6862745  0.6509804  0.53333336]  ...  [0.6        0.56078434 0.46666667]  [0.6        0.56078434 0.46666667]  [0.6        0.56078434 0.46666667]] [[0.68235296 0.64705884 0.5294118 ]  [0.68235296 0.64705884 0.5294118 ]  [0.6862745  0.6509804  0.5294118 ]  ...  [0.6        0.56078434 0.46666667]  [0.6        0.56078434 0.46666667]  [0.6        0.56078434 0.46666667]]]",0.9354069600231014,50568,/home/amos/media/tv/Carnivale S01-S02 web 10bit hevc-d3g/Carnivale S02/Carnivale.S02E10.1080p.WEBRip.10Bit.EAC3.H265-d3g.mkv883,1080,1920,0,50,45,1246,50,5980,0.003,"[[[0.77254903 0.7294118  0.6313726 ]  [0.77254903 0.7294118  0.6313726 ]  [0.77254903 0.7294118  0.6313726 ]  ...  [0.26666668 0.1764706  0.15294118]  [0.26666668 0.1764706  0.15294118]  [0.26666668 0.1764706  0.15294118]] [[0.77254903 0.7294118  0.6313726 ]  [0.77254903 0.7294118  0.6313726 ]  [0.76862746 0.7294118  0.6313726 ]  ...  [0.26666668 0.1764706  0.15294118]  [0.26666668 0.1764706  0.15294118]  [0.26666668 0.1764706  0.15294118]] [[0.77254903 0.7294118  0.6313726 ]  [0.77254903 0.7294118  0.6313726 ]  [0.77254903 0.7294118  0.6313726 ]  ...  [0.26666668 0.1764706  0.15294118]  [0.26666668 0.1764706  0.15294118]  [0.26666668 0.1764706  0.15294118]] ... [[0.7490196  0.7019608  0.6117647 ]  [0.7490196  0.7019608  0.6117647 ]  [0.7490196  0.7019608  0.6117647 ]  ...  [0.2509804  0.15686275 0.1254902 ]  [0.2509804  0.15686275 0.1254902 ]  [0.2509804  0.15686275 0.1254902 ]] [[0.7490196  0.7019608  0.6117647 ]  [0.7490196  0.7019608  0.6117647 ]  [0.7490196  0.7019608  0.6117647 ]  ...  [0.2509804  0.15686275 0.1254902 ]  [0.2509804  0.15686275 0.1254902 ]  [0.2509804  0.15686275 0.1254902 ]] [[0.7490196  0.7019608  0.6117647 ]  [0.7490196  0.7019608  0.6117647 ]  [0.7490196  0.7019608  0.6117647 ]  ...  [0.2509804  0.15686275 0.1254902 ]  [0.2509804  0.15686275 0.1254902 ]  [0.2509804  0.15686275 0.1254902 ]]]",1.7884031375288032,50664,/home/amos/media/tv/Carnivale S01-S02 web 10bit hevc-d3g/Carnivale S02/Carnivale.S02E10.1080p.WEBRip.10Bit.EAC3.H265-d3g.mkv884,1080,1920,0,53,39,1235,53,16548,0.008,"[[[0.8        0.7490196  0.6666667 ]  [0.8        0.7490196  0.6666667 ]  [0.8        0.7490196  0.6666667 ]  ...  [0.26666668 0.16470589 0.13725491]  [0.26666668 0.16470589 0.13725491]  [0.26666668 0.16470589 0.13725491]] [[0.8        0.7490196  0.6666667 ]  [0.8        0.7490196  0.6666667 ]  [0.8        0.7490196  0.6666667 ]  ...  [0.26666668 0.16470589 0.13725491]  [0.26666668 0.16470589 0.13725491]  [0.26666668 0.16470589 0.13725491]] [[0.79607844 0.74509805 0.6627451 ]  [0.79607844 0.74509805 0.6627451 ]  [0.79607844 0.74509805 0.6627451 ]  ...  [0.26666668 0.16470589 0.13725491]  [0.26666668 0.16470589 0.13725491]  [0.26666668 0.16470589 0.13725491]] ... [[0.64705884 0.60784316 0.5137255 ]  [0.64705884 0.60784316 0.5137255 ]  [0.6509804  0.6117647  0.5137255 ]  ...  [0.22745098 0.13725491 0.10980392]  [0.22745098 0.13725491 0.10980392]  [0.22745098 0.13725491 0.10980392]] [[0.64705884 0.60784316 0.5137255 ]  [0.64705884 0.60784316 0.5137255 ]  [0.64705884 0.60784316 0.5137255 ]  ...  [0.22745098 0.13725491 0.10980392]  [0.22745098 0.13725491 0.10980392]  [0.22745098 0.13725491 0.10980392]] [[0.64705884 0.60784316 0.5137255 ]  [0.64705884 0.60784316 0.5137255 ]  [0.64705884 0.60784316 0.5137255 ]  ...  [0.22745098 0.13725491 0.10980392]  [0.22745098 0.13725491 0.10980392]  [0.22745098 0.13725491 0.10980392]]]",3.848126974364277,50688,/home/amos/media/tv/Carnivale S01-S02 web 10bit hevc-d3g/Carnivale S02/Carnivale.S02E10.1080p.WEBRip.10Bit.EAC3.H265-d3g.mkv885,1080,1920,0,52,42,1143,52,10910,0.005,"[[[0.8392157  0.8        0.70980394]  [0.8392157  0.8        0.70980394]  [0.8392157  0.8        0.70980394]  ...  [0.26666668 0.1764706  0.14509805]  [0.26666668 0.1764706  0.14509805]  [0.26666668 0.1764706  0.14509805]] [[0.8392157  0.8        0.70980394]  [0.8392157  0.8        0.70980394]  [0.8392157  0.8        0.70980394]  ...  [0.26666668 0.1764706  0.14509805]  [0.26666668 0.1764706  0.14509805]  [0.26666668 0.1764706  0.14509805]] [[0.8392157  0.8        0.70980394]  [0.8392157  0.8        0.70980394]  [0.8392157  0.8        0.70980394]  ...  [0.26666668 0.1764706  0.14509805]  [0.26666668 0.1764706  0.14509805]  [0.26666668 0.1764706  0.14509805]] ... [[0.7372549  0.69803923 0.60784316]  [0.7372549  0.69803923 0.60784316]  [0.7411765  0.7019608  0.6117647 ]  ...  [0.23137255 0.14117648 0.11764706]  [0.23137255 0.14117648 0.11764706]  [0.23137255 0.14117648 0.11764706]] [[0.7372549  0.69803923 0.60784316]  [0.7372549  0.69803923 0.60784316]  [0.7372549  0.69803923 0.60784316]  ...  [0.23137255 0.14117648 0.11764706]  [0.23137255 0.14117648 0.11764706]  [0.23137255 0.14117648 0.11764706]] [[0.7372549  0.69803923 0.60784316]  [0.7372549  0.69803923 0.60784316]  [0.7372549  0.7019608  0.60784316]  ...  [0.23137255 0.14117648 0.11764706]  [0.23137255 0.14117648 0.11764706]  [0.23137255 0.14117648 0.11764706]]]",2.1933051042142324,50712,/home/amos/media/tv/Carnivale S01-S02 web 10bit hevc-d3g/Carnivale S02/Carnivale.S02E10.1080p.WEBRip.10Bit.EAC3.H265-d3g.mkv886,1080,1920,0,49,86,1234,49,43845,0.021,"[[[0.04313726 0.02745098 0.        ]  [0.04313726 0.02745098 0.        ]  [0.04313726 0.02745098 0.        ]  ...  [0.25882354 0.23921569 0.23137255]  [0.25882354 0.23921569 0.23137255]  [0.25882354 0.23921569 0.23137255]] [[0.04313726 0.02745098 0.        ]  [0.04313726 0.02745098 0.        ]  [0.04313726 0.02745098 0.        ]  ...  [0.25882354 0.23921569 0.23137255]  [0.25882354 0.23921569 0.23137255]  [0.25882354 0.23921569 0.23137255]] [[0.04313726 0.02745098 0.        ]  [0.04313726 0.02745098 0.        ]  [0.04313726 0.02745098 0.        ]  ...  [0.25882354 0.23921569 0.23137255]  [0.25882354 0.23921569 0.23137255]  [0.25882354 0.23921569 0.23137255]] ... [[0.05098039 0.03529412 0.00392157]  [0.05098039 0.03529412 0.00392157]  [0.05098039 0.03529412 0.00392157]  ...  [0.5137255  0.42745098 0.3647059 ]  [0.5137255  0.42745098 0.3647059 ]  [0.5137255  0.42745098 0.3647059 ]] [[0.05098039 0.03529412 0.00392157]  [0.05098039 0.03529412 0.00392157]  [0.05098039 0.03529412 0.00392157]  ...  [0.5137255  0.42745098 0.3647059 ]  [0.5137255  0.42745098 0.3647059 ]  [0.5137255  0.42745098 0.3647059 ]] [[0.05098039 0.03529412 0.00392157]  [0.05098039 0.03529412 0.00392157]  [0.05098039 0.03529412 0.00392157]  ...  [0.5137255  0.42745098 0.3647059 ]  [0.5137255  0.42745098 0.3647059 ]  [0.5137255  0.42745098 0.3647059 ]]]",1.9570810966542922,50928,/home/amos/media/tv/Carnivale S01-S02 web 10bit hevc-d3g/Carnivale S02/Carnivale.S02E10.1080p.WEBRip.10Bit.EAC3.H265-d3g.mkv887,1080,1920,0,195,619,1568,195,582152,0.281,"[[[0.21960784 0.19607843 0.1764706 ]  [0.22352941 0.2        0.18039216]  [0.22745098 0.20392157 0.18039216]  ...  [0.25882354 0.24313726 0.21568628]  [0.25882354 0.24313726 0.21568628]  [0.         0.         0.        ]] [[0.22352941 0.2        0.18039216]  [0.22352941 0.20392157 0.18039216]  [0.22745098 0.20392157 0.18431373]  ...  [0.25882354 0.24313726 0.21568628]  [0.25882354 0.24313726 0.21568628]  [0.         0.         0.        ]] [[0.22745098 0.20392157 0.18039216]  [0.22745098 0.20392157 0.18431373]  [0.23137255 0.20784314 0.1882353 ]  ...  [0.25882354 0.24313726 0.21568628]  [0.25882354 0.24313726 0.21568628]  [0.         0.         0.        ]] ... [[0.1882353  0.17254902 0.14901961]  [0.19215687 0.1764706  0.15294118]  [0.19215687 0.18039216 0.15686275]  ...  [0.2784314  0.2627451  0.22745098]  [0.27450982 0.25882354 0.22352941]  [0.         0.         0.        ]] [[0.18431373 0.16862746 0.14509805]  [0.19215687 0.1764706  0.14901961]  [0.19607843 0.18039216 0.15686275]  ...  [0.2784314  0.2627451  0.22745098]  [0.2784314  0.2627451  0.22745098]  [0.         0.         0.        ]] [[0.         0.         0.        ]  [0.         0.         0.        ]  [0.         0.         0.        ]  ...  [0.         0.         0.        ]  [0.         0.         0.        ]  [0.         0.         0.        ]]]",0.8907391493557952,50952,/home/amos/media/tv/Carnivale S01-S02 web 10bit hevc-d3g/Carnivale S02/Carnivale.S02E10.1080p.WEBRip.10Bit.EAC3.H265-d3g.mkv888,1080,1920,0,196,615,1565,196,573611,0.277,"[[[0.2        0.1764706  0.15686275]  [0.20784314 0.18039216 0.16078432]  [0.21176471 0.18431373 0.16470589]  ...  [0.27450982 0.25882354 0.23137255]  [0.27058825 0.25490198 0.22745098]  [0.26666668 0.2509804  0.22352941]] [[0.2        0.1764706  0.15686275]  [0.20392157 0.18039216 0.15686275]  [0.20784314 0.18431373 0.16078432]  ...  [0.27450982 0.25882354 0.23137255]  [0.27058825 0.25490198 0.22745098]  [0.26666668 0.2509804  0.22352941]] [[0.2        0.1764706  0.15686275]  [0.20392157 0.18039216 0.15686275]  [0.20784314 0.18431373 0.16078432]  ...  [0.27450982 0.25882354 0.23137255]  [0.27058825 0.25490198 0.22745098]  [0.27058825 0.25490198 0.22745098]] ... [[0.1764706  0.17254902 0.14901961]  [0.18039216 0.17254902 0.14901961]  [0.18431373 0.17254902 0.14901961]  ...  [0.2784314  0.2627451  0.22745098]  [0.2784314  0.2627451  0.22745098]  [0.2784314  0.2627451  0.22745098]] [[0.1764706  0.17254902 0.14901961]  [0.18039216 0.16862746 0.14509805]  [0.18431373 0.16862746 0.14901961]  ...  [0.2784314  0.2627451  0.22745098]  [0.2784314  0.2627451  0.22745098]  [0.2784314  0.2627451  0.22745098]] [[0.17254902 0.16862746 0.14509805]  [0.18039216 0.16862746 0.14509805]  [0.18431373 0.16862746 0.14901961]  ...  [0.27450982 0.25882354 0.22352941]  [0.2784314  0.2627451  0.22745098]  [0.2784314  0.2627451  0.22745098]]]",0.6551520884386264,50976,/home/amos/media/tv/Carnivale S01-S02 web 10bit hevc-d3g/Carnivale S02/Carnivale.S02E10.1080p.WEBRip.10Bit.EAC3.H265-d3g.mkv889,1080,1920,0,58,166,314,58,27648,0.013,"[[[0.38431373 0.18431373 0.15294118]  [0.38431373 0.18431373 0.15294118]  [0.38039216 0.1764706  0.14509805]  ...  [0.29411766 0.20392157 0.1764706 ]  [0.29411766 0.20392157 0.1764706 ]  [0.29411766 0.20392157 0.1764706 ]] [[0.38431373 0.18431373 0.15294118]  [0.38431373 0.18431373 0.15294118]  [0.38039216 0.18039216 0.14509805]  ...  [0.29411766 0.20392157 0.1764706 ]  [0.29411766 0.20392157 0.1764706 ]  [0.29411766 0.20392157 0.1764706 ]] [[0.3882353  0.1882353  0.15686275]  [0.3882353  0.1882353  0.15686275]  [0.38431373 0.18431373 0.15294118]  ...  [0.29411766 0.20392157 0.1764706 ]  [0.29411766 0.20392157 0.1764706 ]  [0.29411766 0.20392157 0.1764706 ]] ... [[0.60784316 0.50980395 0.39215687]  [0.60784316 0.50980395 0.39215687]  [0.60784316 0.50980395 0.39215687]  ...  [0.6666667  0.5137255  0.5137255 ]  [0.6627451  0.5137255  0.5137255 ]  [0.6627451  0.5137255  0.5137255 ]] [[0.60784316 0.50980395 0.39215687]  [0.60784316 0.50980395 0.39215687]  [0.60784316 0.50980395 0.39215687]  ...  [0.6627451  0.5137255  0.5137255 ]  [0.6627451  0.5137255  0.5137255 ]  [0.6627451  0.5137255  0.5137255 ]] [[0.60784316 0.50980395 0.39215687]  [0.60784316 0.50980395 0.39215687]  [0.60784316 0.50980395 0.39215687]  ...  [0.6627451  0.5176471  0.5176471 ]  [0.6627451  0.5137255  0.5137255 ]  [0.6627451  0.5137255  0.5137255 ]]]",2.887915012135636,51096,/home/amos/media/tv/Carnivale S01-S02 web 10bit hevc-d3g/Carnivale S02/Carnivale.S02E10.1080p.WEBRip.10Bit.EAC3.H265-d3g.mkv890,1080,1920,0,79,257,402,79,57494,0.028,"[[[0.31764707 0.25490198 0.18431373]  [0.31764707 0.25490198 0.18431373]  [0.31764707 0.25490198 0.18431373]  ...  [0.08235294 0.05882353 0.02745098]  [0.07843138 0.05490196 0.02745098]  [0.07843138 0.05490196 0.02745098]] [[0.31764707 0.25490198 0.18431373]  [0.31764707 0.25490198 0.18431373]  [0.31764707 0.25490198 0.18431373]  ...  [0.08235294 0.05882353 0.02745098]  [0.07843138 0.05490196 0.02745098]  [0.07843138 0.05490196 0.02745098]] [[0.31764707 0.25490198 0.18431373]  [0.31764707 0.25490198 0.18431373]  [0.31764707 0.25490198 0.18431373]  ...  [0.08235294 0.05490196 0.02745098]  [0.07843138 0.05098039 0.02745098]  [0.07843138 0.05098039 0.02745098]] ... [[0.19215687 0.18039216 0.13725491]  [0.19215687 0.18039216 0.13725491]  [0.19607843 0.18039216 0.13725491]  ...  [0.0627451  0.05490196 0.03529412]  [0.0627451  0.05490196 0.03529412]  [0.05882353 0.05490196 0.03529412]] [[0.19215687 0.18039216 0.13725491]  [0.19215687 0.18039216 0.13725491]  [0.19215687 0.18039216 0.13725491]  ...  [0.06666667 0.05490196 0.03529412]  [0.0627451  0.05490196 0.03529412]  [0.0627451  0.05490196 0.03529412]] [[0.19215687 0.18039216 0.13725491]  [0.19215687 0.18039216 0.13725491]  [0.19215687 0.18039216 0.13725491]  ...  [0.06666667 0.05490196 0.03529412]  [0.0627451  0.05490196 0.03529412]  [0.0627451  0.05490196 0.03529412]]]",0.3279181438847445,51192,/home/amos/media/tv/Carnivale S01-S02 web 10bit hevc-d3g/Carnivale S02/Carnivale.S02E10.1080p.WEBRip.10Bit.EAC3.H265-d3g.mkv891,1080,1920,0,51,749,269,51,152164,0.073,"[[[0.9098039  0.83137256 0.8       ]  [0.9098039  0.83137256 0.8       ]  [0.90588236 0.827451   0.79607844]  ...  [0.64705884 0.56078434 0.4509804 ]  [0.64705884 0.56078434 0.4509804 ]  [0.64705884 0.56078434 0.4509804 ]] [[0.9098039  0.83137256 0.8       ]  [0.9098039  0.83137256 0.8       ]  [0.90588236 0.827451   0.79607844]  ...  [0.6431373  0.5568628  0.44705883]  [0.64705884 0.56078434 0.4509804 ]  [0.64705884 0.56078434 0.4509804 ]] [[0.9098039  0.83137256 0.79607844]  [0.9098039  0.83137256 0.79607844]  [0.90588236 0.827451   0.7921569 ]  ...  [0.6431373  0.5568628  0.44705883]  [0.64705884 0.56078434 0.4509804 ]  [0.64705884 0.56078434 0.4509804 ]] ... [[0.92156863 0.84705883 0.9137255 ]  [0.92156863 0.84705883 0.9137255 ]  [0.92156863 0.84705883 0.9098039 ]  ...  [0.68235296 0.6039216  0.49019608]  [0.68235296 0.60784316 0.49019608]  [0.68235296 0.60784316 0.49019608]] [[0.92156863 0.84705883 0.9137255 ]  [0.92156863 0.84705883 0.9137255 ]  [0.92156863 0.84705883 0.9098039 ]  ...  [0.68235296 0.60784316 0.49019608]  [0.68235296 0.60784316 0.49019608]  [0.68235296 0.60784316 0.49019608]] [[0.92156863 0.84705883 0.9137255 ]  [0.92156863 0.84705883 0.9137255 ]  [0.92156863 0.84705883 0.9098039 ]  ...  [0.68235296 0.60784316 0.49019608]  [0.68235296 0.60784316 0.49019608]  [0.68235296 0.60784316 0.49019608]]]",-0.046854916552547365,51288,/home/amos/media/tv/Carnivale S01-S02 web 10bit hevc-d3g/Carnivale S02/Carnivale.S02E10.1080p.WEBRip.10Bit.EAC3.H265-d3g.mkv892,1080,1920,0,260,172,1115,260,75240,0.036,"[[[0.20784314 0.13333334 0.07450981]  [0.20784314 0.13333334 0.07450981]  [0.20784314 0.13333334 0.07450981]  ...  [0.12156863 0.09019608 0.07058824]  [0.12156863 0.09019608 0.07058824]  [0.12156863 0.09803922 0.07450981]] [[0.20784314 0.13333334 0.07450981]  [0.20784314 0.13333334 0.07450981]  [0.20784314 0.13333334 0.07450981]  ...  [0.12156863 0.09019608 0.06666667]  [0.1254902  0.09411765 0.07450981]  [0.12156863 0.09803922 0.07450981]] [[0.20392157 0.12941177 0.07058824]  [0.20392157 0.12941177 0.07058824]  [0.20784314 0.13333334 0.07450981]  ...  [0.12156863 0.09411765 0.07058824]  [0.1254902  0.09803922 0.07450981]  [0.12156863 0.09803922 0.07450981]] ... [[0.2509804  0.16862746 0.09411765]  [0.2509804  0.16862746 0.09411765]  [0.2509804  0.16862746 0.09411765]  ...  [0.29411766 0.23921569 0.24313726]  [0.2901961  0.23529412 0.23921569]  [0.29411766 0.23137255 0.24313726]] [[0.2509804  0.16862746 0.09411765]  [0.2509804  0.16862746 0.09411765]  [0.2509804  0.16862746 0.09411765]  ...  [0.2901961  0.23529412 0.23921569]  [0.2901961  0.23529412 0.23921569]  [0.29411766 0.23137255 0.24313726]] [[0.2509804  0.16862746 0.09411765]  [0.2509804  0.16862746 0.09411765]  [0.2509804  0.16862746 0.09411765]  ...  [0.2901961  0.23529412 0.23529412]  [0.2901961  0.23529412 0.23529412]  [0.29411766 0.23137255 0.23921569]]]",7.22469090699451,51336,/home/amos/media/tv/Carnivale S01-S02 web 10bit hevc-d3g/Carnivale S02/Carnivale.S02E10.1080p.WEBRip.10Bit.EAC3.H265-d3g.mkv893,1080,1920,0,311,110,1130,311,164619,0.079,"[[[0.19607843 0.12941177 0.06666667]  [0.2        0.13333334 0.07058824]  [0.19607843 0.13333334 0.07450981]  ...  [0.16078432 0.14901961 0.11764706]  [0.16078432 0.14509805 0.11764706]  [0.16470589 0.14901961 0.12156863]] [[0.20392157 0.13333334 0.07058824]  [0.20392157 0.13725491 0.07058824]  [0.20392157 0.13725491 0.07058824]  ...  [0.1764706  0.16470589 0.13725491]  [0.17254902 0.15686275 0.12941177]  [0.18039216 0.15686275 0.13333334]] [[0.20392157 0.13725491 0.06666667]  [0.20392157 0.13725491 0.06666667]  [0.20392157 0.13725491 0.06666667]  ...  [0.18431373 0.17254902 0.14509805]  [0.18039216 0.16470589 0.13725491]  [0.18431373 0.16078432 0.13333334]] ... [[0.24705882 0.16470589 0.09411765]  [0.24313726 0.16078432 0.09019608]  [0.24313726 0.16078432 0.09019608]  ...  [0.34509805 0.32941177 0.3019608 ]  [0.34509805 0.3254902  0.29803923]  [0.34117648 0.3254902  0.29803923]] [[0.24313726 0.16078432 0.09019608]  [0.24313726 0.16078432 0.09019608]  [0.23921569 0.15686275 0.08627451]  ...  [0.34509805 0.32941177 0.3019608 ]  [0.34509805 0.32941177 0.3019608 ]  [0.34117648 0.3254902  0.29803923]] [[0.23921569 0.15686275 0.08627451]  [0.23921569 0.15686275 0.08627451]  [0.23529412 0.15294118 0.08235294]  ...  [0.34117648 0.3254902  0.29803923]  [0.34117648 0.3254902  0.29803923]  [0.34117648 0.3254902  0.29803923]]]",6.189015057170764,51624,/home/amos/media/tv/Carnivale S01-S02 web 10bit hevc-d3g/Carnivale S02/Carnivale.S02E10.1080p.WEBRip.10Bit.EAC3.H265-d3g.mkv894,1080,1920,0,84,414,10,84,24420,0.012,"[[[0.5803922  0.5294118  0.5058824 ]  [0.5764706  0.5294118  0.5019608 ]  [0.5686275  0.5176471  0.49411765]  ...  [0.5254902  0.47843137 0.46666667]  [0.5294118  0.48235294 0.47058824]  [0.5294118  0.48235294 0.47058824]] [[0.5803922  0.5294118  0.5058824 ]  [0.5764706  0.5254902  0.5019608 ]  [0.5686275  0.5176471  0.49411765]  ...  [0.5254902  0.47843137 0.46666667]  [0.5254902  0.47843137 0.46666667]  [0.5294118  0.48235294 0.47058824]] [[0.5803922  0.5254902  0.5058824 ]  [0.5764706  0.5254902  0.5019608 ]  [0.5686275  0.5137255  0.49411765]  ...  [0.5176471  0.47058824 0.4627451 ]  [0.52156866 0.4745098  0.4627451 ]  [0.52156866 0.4745098  0.4627451 ]] ... [[0.5019608  0.4627451  0.43529412]  [0.5019608  0.4627451  0.43529412]  [0.49803922 0.45882353 0.43137255]  ...  [0.05882353 0.05490196 0.0627451 ]  [0.05882353 0.05098039 0.0627451 ]  [0.05882353 0.05098039 0.0627451 ]] [[0.5137255  0.4745098  0.44705883]  [0.5137255  0.4745098  0.44705883]  [0.5137255  0.4745098  0.44705883]  ...  [0.05882353 0.04705882 0.05882353]  [0.05490196 0.04705882 0.05882353]  [0.05490196 0.04705882 0.05882353]] [[0.5176471  0.47843137 0.4509804 ]  [0.5176471  0.47843137 0.4509804 ]  [0.5137255  0.4745098  0.4509804 ]  ...  [0.05490196 0.04705882 0.05882353]  [0.05490196 0.04705882 0.05882353]  [0.05490196 0.04705882 0.05882353]]]",0.9192411191179417,51864,/home/amos/media/tv/Carnivale S01-S02 web 10bit hevc-d3g/Carnivale S02/Carnivale.S02E10.1080p.WEBRip.10Bit.EAC3.H265-d3g.mkv895,1080,1920,0,82,105,994,82,20976,0.01,"[[[0.32156864 0.26666668 0.22352941]  [0.32156864 0.26666668 0.22352941]  [0.32156864 0.26666668 0.22352941]  ...  [0.13725491 0.10588235 0.06666667]  [0.13725491 0.10588235 0.06666667]  [0.13725491 0.10588235 0.06666667]] [[0.32156864 0.26666668 0.22352941]  [0.32156864 0.26666668 0.22352941]  [0.32156864 0.26666668 0.22352941]  ...  [0.13725491 0.10588235 0.06666667]  [0.13725491 0.10588235 0.06666667]  [0.13725491 0.10588235 0.06666667]] [[0.32156864 0.26666668 0.22352941]  [0.32156864 0.26666668 0.22352941]  [0.32156864 0.26666668 0.22352941]  ...  [0.13725491 0.10588235 0.06666667]  [0.13725491 0.10588235 0.06666667]  [0.13725491 0.10588235 0.06666667]] ... [[0.34901962 0.28627452 0.24313726]  [0.34901962 0.28627452 0.24313726]  [0.34509805 0.28235295 0.24313726]  ...  [1.         1.         1.        ]  [1.         1.         1.        ]  [1.         1.         1.        ]] [[0.34901962 0.28627452 0.24705882]  [0.34901962 0.28627452 0.24705882]  [0.34509805 0.28235295 0.24313726]  ...  [1.         1.         1.        ]  [1.         1.         1.        ]  [1.         1.         1.        ]] [[0.34901962 0.28627452 0.24705882]  [0.34901962 0.28627452 0.24705882]  [0.34901962 0.28235295 0.24313726]  ...  [1.         1.         1.        ]  [1.         1.         1.        ]  [1.         1.         1.        ]]]",6.257730057404842,51912,/home/amos/media/tv/Carnivale S01-S02 web 10bit hevc-d3g/Carnivale S02/Carnivale.S02E10.1080p.WEBRip.10Bit.EAC3.H265-d3g.mkv896,1080,1920,0,478,119,784,478,109854,0.053,"[[[0. 0. 0.]  [0. 0. 0.]  [0. 0. 0.]  ...  [0. 0. 0.]  [0. 0. 0.]  [0. 0. 0.]] [[0. 0. 0.]  [0. 0. 0.]  [0. 0. 0.]  ...  [0. 0. 0.]  [0. 0. 0.]  [0. 0. 0.]] [[0. 0. 0.]  [0. 0. 0.]  [0. 0. 0.]  ...  [0. 0. 0.]  [0. 0. 0.]  [0. 0. 0.]] ... [[0. 0. 0.]  [0. 0. 0.]  [0. 0. 0.]  ...  [0. 0. 0.]  [0. 0. 0.]  [0. 0. 0.]] [[0. 0. 0.]  [0. 0. 0.]  [0. 0. 0.]  ...  [0. 0. 0.]  [0. 0. 0.]  [0. 0. 0.]] [[0. 0. 0.]  [0. 0. 0.]  [0. 0. 0.]  ...  [0. 0. 0.]  [0. 0. 0.]  [0. 0. 0.]]]",6.124656053900253,52080,/home/amos/media/tv/Carnivale S01-S02 web 10bit hevc-d3g/Carnivale S02/Carnivale.S02E10.1080p.WEBRip.10Bit.EAC3.H265-d3g.mkv897,1080,1920,0,174,438,1679,174,397320,0.192,"[[[0.47843137 0.42745098 0.43137255]  [0.47843137 0.43137255 0.43137255]  [0.4862745  0.43529412 0.43529412]  ...  [0.4862745  0.44705883 0.44705883]  [0.49411765 0.4509804  0.45490196]  [0.49803922 0.45882353 0.4627451 ]] [[0.47843137 0.42745098 0.43137255]  [0.48235294 0.42745098 0.43137255]  [0.48235294 0.43137255 0.43137255]  ...  [0.4862745  0.44705883 0.44705883]  [0.49411765 0.4509804  0.45490196]  [0.49803922 0.45882353 0.4627451 ]] [[0.47843137 0.42745098 0.43137255]  [0.47843137 0.42745098 0.43137255]  [0.48235294 0.43137255 0.43137255]  ...  [0.4862745  0.44705883 0.44705883]  [0.49411765 0.45490196 0.45490196]  [0.49803922 0.45882353 0.4627451 ]] ... [[0.49411765 0.44705883 0.43529412]  [0.49411765 0.44705883 0.4392157 ]  [0.49803922 0.4509804  0.4392157 ]  ...  [0.52156866 0.47058824 0.48235294]  [0.52156866 0.47058824 0.4862745 ]  [0.5254902  0.4745098  0.4862745 ]] [[0.49411765 0.44705883 0.43529412]  [0.49411765 0.4509804  0.4392157 ]  [0.49803922 0.4509804  0.4392157 ]  ...  [0.52156866 0.47058824 0.48235294]  [0.52156866 0.47058824 0.48235294]  [0.5254902  0.47058824 0.48235294]] [[0.49019608 0.44705883 0.43529412]  [0.49411765 0.4509804  0.43529412]  [0.49411765 0.4509804  0.4392157 ]  ...  [0.5176471  0.46666667 0.47843137]  [0.52156866 0.47058824 0.48235294]  [0.52156866 0.47058824 0.48235294]]]",-0.2993630036362447,52176,/home/amos/media/tv/Carnivale S01-S02 web 10bit hevc-d3g/Carnivale S02/Carnivale.S02E10.1080p.WEBRip.10Bit.EAC3.H265-d3g.mkv898,1080,1920,0,508,164,997,508,168216,0.081,"[[[0. 0. 0.]  [0. 0. 0.]  [0. 0. 0.]  ...  [0. 0. 0.]  [0. 0. 0.]  [0. 0. 0.]] [[0. 0. 0.]  [0. 0. 0.]  [0. 0. 0.]  ...  [0. 0. 0.]  [0. 0. 0.]  [0. 0. 0.]] [[0. 0. 0.]  [0. 0. 0.]  [0. 0. 0.]  ...  [0. 0. 0.]  [0. 0. 0.]  [0. 0. 0.]] ... [[0. 0. 0.]  [0. 0. 0.]  [0. 0. 0.]  ...  [0. 0. 0.]  [0. 0. 0.]  [0. 0. 0.]] [[0. 0. 0.]  [0. 0. 0.]  [0. 0. 0.]  ...  [0. 0. 0.]  [0. 0. 0.]  [0. 0. 0.]] [[0. 0. 0.]  [0. 0. 0.]  [0. 0. 0.]  ...  [0. 0. 0.]  [0. 0. 0.]  [0. 0. 0.]]]",6.972997944394592,52248,/home/amos/media/tv/Carnivale S01-S02 web 10bit hevc-d3g/Carnivale S02/Carnivale.S02E10.1080p.WEBRip.10Bit.EAC3.H265-d3g.mkv899,1080,1920,0,456,157,1005,456,164151,0.079,"[[[0. 0. 0.]  [0. 0. 0.]  [0. 0. 0.]  ...  [0. 0. 0.]  [0. 0. 0.]  [0. 0. 0.]] [[0. 0. 0.]  [0. 0. 0.]  [0. 0. 0.]  ...  [0. 0. 0.]  [0. 0. 0.]  [0. 0. 0.]] [[0. 0. 0.]  [0. 0. 0.]  [0. 0. 0.]  ...  [0. 0. 0.]  [0. 0. 0.]  [0. 0. 0.]] ... [[0. 0. 0.]  [0. 0. 0.]  [0. 0. 0.]  ...  [0. 0. 0.]  [0. 0. 0.]  [0. 0. 0.]] [[0. 0. 0.]  [0. 0. 0.]  [0. 0. 0.]  ...  [0. 0. 0.]  [0. 0. 0.]  [0. 0. 0.]] [[0. 0. 0.]  [0. 0. 0.]  [0. 0. 0.]  ...  [0. 0. 0.]  [0. 0. 0.]  [0. 0. 0.]]]",6.838288099796046,52272,/home/amos/media/tv/Carnivale S01-S02 web 10bit hevc-d3g/Carnivale S02/Carnivale.S02E10.1080p.WEBRip.10Bit.EAC3.H265-d3g.mkv900,1080,1920,1,229,482,1085,229,216568,0.104,"[[[0.1882353  0.12941177 0.07058824]  [0.1882353  0.12941177 0.07058824]  [0.1882353  0.12941177 0.07058824]  ...  [0.07450981 0.03529412 0.03529412]  [0.07843138 0.03921569 0.03921569]  [0.07843138 0.03921569 0.03921569]] [[0.1882353  0.12941177 0.07058824]  [0.19215687 0.13333334 0.07450981]  [0.19215687 0.13333334 0.07450981]  ...  [0.07450981 0.03529412 0.03529412]  [0.07450981 0.03529412 0.03529412]  [0.07843138 0.03921569 0.03921569]] [[0.19215687 0.13333334 0.07450981]  [0.19215687 0.13333334 0.07450981]  [0.19215687 0.13333334 0.07450981]  ...  [0.07450981 0.03529412 0.03529412]  [0.07450981 0.03529412 0.03529412]  [0.07843138 0.03921569 0.03921569]] ... [[0.15686275 0.10980392 0.08627451]  [0.12156863 0.09803922 0.08235294]  [0.09803922 0.07450981 0.05882353]  ...  [0.10980392 0.08235294 0.06666667]  [0.10980392 0.08235294 0.06666667]  [0.10980392 0.08235294 0.06666667]] [[0.14117648 0.10196079 0.07843138]  [0.10588235 0.08627451 0.07058824]  [0.08235294 0.0627451  0.04705882]  ...  [0.10980392 0.08235294 0.06666667]  [0.10588235 0.08235294 0.06666667]  [0.10588235 0.08235294 0.06666667]] [[0.1254902  0.09019608 0.07058824]  [0.08627451 0.07058824 0.05882353]  [0.0627451  0.05098039 0.03921569]  ...  [0.10980392 0.08235294 0.06666667]  [0.10588235 0.08235294 0.06666667]  [0.10588235 0.08235294 0.06666667]]]",4.670301056990866,52272,/home/amos/media/tv/Carnivale S01-S02 web 10bit hevc-d3g/Carnivale S02/Carnivale.S02E10.1080p.WEBRip.10Bit.EAC3.H265-d3g.mkv901,1080,1920,0,427,183,1016,427,143716,0.069,"[[[0. 0. 0.]  [0. 0. 0.]  [0. 0. 0.]  ...  [0. 0. 0.]  [0. 0. 0.]  [0. 0. 0.]] [[0. 0. 0.]  [0. 0. 0.]  [0. 0. 0.]  ...  [0. 0. 0.]  [0. 0. 0.]  [0. 0. 0.]] [[0. 0. 0.]  [0. 0. 0.]  [0. 0. 0.]  ...  [0. 0. 0.]  [0. 0. 0.]  [0. 0. 0.]] ... [[0. 0. 0.]  [0. 0. 0.]  [0. 0. 0.]  ...  [0. 0. 0.]  [0. 0. 0.]  [0. 0. 0.]] [[0. 0. 0.]  [0. 0. 0.]  [0. 0. 0.]  ...  [0. 0. 0.]  [0. 0. 0.]  [0. 0. 0.]] [[0. 0. 0.]  [0. 0. 0.]  [0. 0. 0.]  ...  [0. 0. 0.]  [0. 0. 0.]  [0. 0. 0.]]]",3.875071073009167,52296,/home/amos/media/tv/Carnivale S01-S02 web 10bit hevc-d3g/Carnivale S02/Carnivale.S02E10.1080p.WEBRip.10Bit.EAC3.H265-d3g.mkv902,1080,1920,0,444,192,1013,444,143388,0.069,"[[[0. 0. 0.]  [0. 0. 0.]  [0. 0. 0.]  ...  [0. 0. 0.]  [0. 0. 0.]  [0. 0. 0.]] [[0. 0. 0.]  [0. 0. 0.]  [0. 0. 0.]  ...  [0. 0. 0.]  [0. 0. 0.]  [0. 0. 0.]] [[0. 0. 0.]  [0. 0. 0.]  [0. 0. 0.]  ...  [0. 0. 0.]  [0. 0. 0.]  [0. 0. 0.]] ... [[0. 0. 0.]  [0. 0. 0.]  [0. 0. 0.]  ...  [0. 0. 0.]  [0. 0. 0.]  [0. 0. 0.]] [[0. 0. 0.]  [0. 0. 0.]  [0. 0. 0.]  ...  [0. 0. 0.]  [0. 0. 0.]  [0. 0. 0.]] [[0. 0. 0.]  [0. 0. 0.]  [0. 0. 0.]  ...  [0. 0. 0.]  [0. 0. 0.]  [0. 0. 0.]]]",7.112847988202702,52344,/home/amos/media/tv/Carnivale S01-S02 web 10bit hevc-d3g/Carnivale S02/Carnivale.S02E10.1080p.WEBRip.10Bit.EAC3.H265-d3g.mkv903,1080,1920,0,414,149,1020,414,160590,0.077,"[[[0. 0. 0.]  [0. 0. 0.]  [0. 0. 0.]  ...  [0. 0. 0.]  [0. 0. 0.]  [0. 0. 0.]] [[0. 0. 0.]  [0. 0. 0.]  [0. 0. 0.]  ...  [0. 0. 0.]  [0. 0. 0.]  [0. 0. 0.]] [[0. 0. 0.]  [0. 0. 0.]  [0. 0. 0.]  ...  [0. 0. 0.]  [0. 0. 0.]  [0. 0. 0.]] ... [[0. 0. 0.]  [0. 0. 0.]  [0. 0. 0.]  ...  [0. 0. 0.]  [0. 0. 0.]  [0. 0. 0.]] [[0. 0. 0.]  [0. 0. 0.]  [0. 0. 0.]  ...  [0. 0. 0.]  [0. 0. 0.]  [0. 0. 0.]] [[0. 0. 0.]  [0. 0. 0.]  [0. 0. 0.]  ...  [0. 0. 0.]  [0. 0. 0.]  [0. 0. 0.]]]",2.879460081050638,52368,/home/amos/media/tv/Carnivale S01-S02 web 10bit hevc-d3g/Carnivale S02/Carnivale.S02E10.1080p.WEBRip.10Bit.EAC3.H265-d3g.mkv904,1080,1920,0,412,213,994,412,115818,0.056,"[[[0. 0. 0.]  [0. 0. 0.]  [0. 0. 0.]  ...  [0. 0. 0.]  [0. 0. 0.]  [0. 0. 0.]] [[0. 0. 0.]  [0. 0. 0.]  [0. 0. 0.]  ...  [0. 0. 0.]  [0. 0. 0.]  [0. 0. 0.]] [[0. 0. 0.]  [0. 0. 0.]  [0. 0. 0.]  ...  [0. 0. 0.]  [0. 0. 0.]  [0. 0. 0.]] ... [[0. 0. 0.]  [0. 0. 0.]  [0. 0. 0.]  ...  [0. 0. 0.]  [0. 0. 0.]  [0. 0. 0.]] [[0. 0. 0.]  [0. 0. 0.]  [0. 0. 0.]  ...  [0. 0. 0.]  [0. 0. 0.]  [0. 0. 0.]] [[0. 0. 0.]  [0. 0. 0.]  [0. 0. 0.]  ...  [0. 0. 0.]  [0. 0. 0.]  [0. 0. 0.]]]",6.911274001060519,52392,/home/amos/media/tv/Carnivale S01-S02 web 10bit hevc-d3g/Carnivale S02/Carnivale.S02E10.1080p.WEBRip.10Bit.EAC3.H265-d3g.mkv905,1080,1920,0,449,199,976,449,131750,0.064,"[[[0. 0. 0.]  [0. 0. 0.]  [0. 0. 0.]  ...  [0. 0. 0.]  [0. 0. 0.]  [0. 0. 0.]] [[0. 0. 0.]  [0. 0. 0.]  [0. 0. 0.]  ...  [0. 0. 0.]  [0. 0. 0.]  [0. 0. 0.]] [[0. 0. 0.]  [0. 0. 0.]  [0. 0. 0.]  ...  [0. 0. 0.]  [0. 0. 0.]  [0. 0. 0.]] ... [[0. 0. 0.]  [0. 0. 0.]  [0. 0. 0.]  ...  [0. 0. 0.]  [0. 0. 0.]  [0. 0. 0.]] [[0. 0. 0.]  [0. 0. 0.]  [0. 0. 0.]  ...  [0. 0. 0.]  [0. 0. 0.]  [0. 0. 0.]] [[0. 0. 0.]  [0. 0. 0.]  [0. 0. 0.]  ...  [0. 0. 0.]  [0. 0. 0.]  [0. 0. 0.]]]",8.753032920707483,52416,/home/amos/media/tv/Carnivale S01-S02 web 10bit hevc-d3g/Carnivale S02/Carnivale.S02E10.1080p.WEBRip.10Bit.EAC3.H265-d3g.mkv906,1080,1920,0,168,389,1474,168,288626,0.139,"[[[0.5372549  0.47843137 0.4745098 ]  [0.5372549  0.48235294 0.4745098 ]  [0.5411765  0.48235294 0.47843137]  ...  [0.56078434 0.5058824  0.5137255 ]  [0.5686275  0.5137255  0.5176471 ]  [0.57254905 0.5176471  0.52156866]] [[0.53333336 0.4745098  0.47058824]  [0.5372549  0.47843137 0.4745098 ]  [0.5411765  0.48235294 0.47843137]  ...  [0.56078434 0.5058824  0.50980395]  [0.5686275  0.5137255  0.5176471 ]  [0.57254905 0.5176471  0.52156866]] [[0.53333336 0.4745098  0.47058824]  [0.5372549  0.47843137 0.4745098 ]  [0.5411765  0.48235294 0.47843137]  ...  [0.56078434 0.5058824  0.50980395]  [0.5686275  0.5137255  0.5176471 ]  [0.57254905 0.5176471  0.52156866]] ... [[0.5568628  0.49411765 0.47058824]  [0.5568628  0.49803922 0.4745098 ]  [0.56078434 0.49803922 0.47843137]  ...  [0.59607846 0.5411765  0.5568628 ]  [0.59607846 0.54509807 0.5568628 ]  [0.6        0.54901963 0.56078434]] [[0.5568628  0.49803922 0.47058824]  [0.5568628  0.5019608  0.47058824]  [0.56078434 0.5019608  0.4745098 ]  ...  [0.59607846 0.5411765  0.5568628 ]  [0.59607846 0.54509807 0.5568628 ]  [0.6        0.54901963 0.56078434]] [[0.5568628  0.49803922 0.47058824]  [0.56078434 0.49803922 0.4745098 ]  [0.56078434 0.5019608  0.4745098 ]  ...  [0.5921569  0.54509807 0.5529412 ]  [0.59607846 0.54509807 0.5568628 ]  [0.6        0.54901963 0.56078434]]]",-0.3886949583538808,52464,/home/amos/media/tv/Carnivale S01-S02 web 10bit hevc-d3g/Carnivale S02/Carnivale.S02E10.1080p.WEBRip.10Bit.EAC3.H265-d3g.mkv907,1080,1920,0,170,396,1471,170,294026,0.142,"[[[0.5176471  0.45490196 0.44705883]  [0.5176471  0.45882353 0.4509804 ]  [0.5254902  0.46666667 0.45882353]  ...  [0.56078434 0.5058824  0.5058824 ]  [0.5686275  0.5137255  0.5137255 ]  [0.57254905 0.5176471  0.5176471 ]] [[0.5176471  0.45490196 0.44705883]  [0.5176471  0.45882353 0.44705883]  [0.5254902  0.46666667 0.45490196]  ...  [0.56078434 0.5058824  0.5058824 ]  [0.5686275  0.5137255  0.5137255 ]  [0.57254905 0.5176471  0.5176471 ]] [[0.5176471  0.45490196 0.44705883]  [0.52156866 0.45882353 0.44705883]  [0.5254902  0.4627451  0.4509804 ]  ...  [0.56078434 0.5058824  0.5058824 ]  [0.5686275  0.5137255  0.5137255 ]  [0.57254905 0.5176471  0.5176471 ]] ... [[0.5411765  0.48235294 0.4627451 ]  [0.54509807 0.48235294 0.4627451 ]  [0.54901963 0.4862745  0.4627451 ]  ...  [0.5921569  0.5411765  0.5529412 ]  [0.59607846 0.54509807 0.5568628 ]  [0.59607846 0.54509807 0.5568628 ]] [[0.5411765  0.48235294 0.4627451 ]  [0.54509807 0.48235294 0.4627451 ]  [0.54901963 0.4862745  0.46666667]  ...  [0.5921569  0.5411765  0.5529412 ]  [0.59607846 0.54509807 0.5568628 ]  [0.59607846 0.54509807 0.5568628 ]] [[0.5411765  0.48235294 0.4627451 ]  [0.54509807 0.48235294 0.46666667]  [0.54901963 0.4862745  0.46666667]  ...  [0.59607846 0.5411765  0.5568628 ]  [0.59607846 0.54509807 0.5568628 ]  [0.59607846 0.54509807 0.5568628 ]]]",-0.28163096454227343,52488,/home/amos/media/tv/Carnivale S01-S02 web 10bit hevc-d3g/Carnivale S02/Carnivale.S02E10.1080p.WEBRip.10Bit.EAC3.H265-d3g.mkv908,1080,1920,0,306,155,484,306,26878,0.013,"[[[0.20784314 0.14117648 0.09019608]  [0.21176471 0.14509805 0.09019608]  [0.21176471 0.14509805 0.09019608]  ...  [0.10980392 0.08235294 0.05882353]  [0.10980392 0.08235294 0.05882353]  [0.         0.         0.        ]] [[0.20784314 0.14117648 0.09019608]  [0.21176471 0.14509805 0.09019608]  [0.21176471 0.14509805 0.09019608]  ...  [0.10588235 0.07843138 0.05490196]  [0.10588235 0.07843138 0.05490196]  [0.         0.         0.        ]] [[0.20784314 0.14117648 0.08627451]  [0.21176471 0.14509805 0.09019608]  [0.21176471 0.14509805 0.09019608]  ...  [0.10588235 0.07843138 0.05490196]  [0.10588235 0.07843138 0.05490196]  [0.         0.         0.        ]] ... [[0.1882353  0.13333334 0.07843138]  [0.1882353  0.13333334 0.07843138]  [0.1882353  0.13333334 0.07843138]  ...  [0.21960784 0.15686275 0.14117648]  [0.21960784 0.15686275 0.14117648]  [0.         0.         0.        ]] [[0.1882353  0.13333334 0.08235294]  [0.1882353  0.13333334 0.07843138]  [0.1882353  0.13333334 0.07843138]  ...  [0.21568628 0.15294118 0.13725491]  [0.21960784 0.15686275 0.14117648]  [0.         0.         0.        ]] [[0.         0.         0.        ]  [0.         0.         0.        ]  [0.         0.         0.        ]  ...  [0.         0.         0.        ]  [0.         0.         0.        ]  [0.         0.         0.        ]]]",4.102191055950243,52512,/home/amos/media/tv/Carnivale S01-S02 web 10bit hevc-d3g/Carnivale S02/Carnivale.S02E10.1080p.WEBRip.10Bit.EAC3.H265-d3g.mkv909,1080,1920,0,314,165,492,314,26522,0.013,"[[[0.20392157 0.14117648 0.08627451]  [0.20784314 0.14509805 0.09019608]  [0.20784314 0.14509805 0.09019608]  ...  [0.10196079 0.09019608 0.06666667]  [0.10196079 0.09019608 0.06666667]  [0.         0.         0.        ]] [[0.20392157 0.14509805 0.09019608]  [0.20784314 0.14509805 0.09019608]  [0.20784314 0.14509805 0.09019608]  ...  [0.10196079 0.09019608 0.06666667]  [0.10196079 0.09019608 0.06666667]  [0.         0.         0.        ]] [[0.20784314 0.14509805 0.09019608]  [0.20784314 0.14509805 0.09019608]  [0.20784314 0.14509805 0.09019608]  ...  [0.10196079 0.09019608 0.06666667]  [0.10196079 0.09019608 0.06666667]  [0.         0.         0.        ]] ... [[0.18039216 0.1254902  0.07843138]  [0.18431373 0.1254902  0.08235294]  [0.1882353  0.12941177 0.08235294]  ...  [0.19607843 0.14117648 0.12156863]  [0.19215687 0.14117648 0.12156863]  [0.         0.         0.        ]] [[0.18039216 0.1254902  0.07843138]  [0.18431373 0.1254902  0.07843138]  [0.18431373 0.1254902  0.07843138]  ...  [0.19607843 0.14117648 0.1254902 ]  [0.19215687 0.14117648 0.12156863]  [0.         0.         0.        ]] [[0.         0.         0.        ]  [0.         0.         0.        ]  [0.         0.         0.        ]  ...  [0.         0.         0.        ]  [0.         0.         0.        ]  [0.         0.         0.        ]]]",3.4204730080091394,52560,/home/amos/media/tv/Carnivale S01-S02 web 10bit hevc-d3g/Carnivale S02/Carnivale.S02E10.1080p.WEBRip.10Bit.EAC3.H265-d3g.mkv910,1080,1920,0,662,36,516,662,91396,0.044,"[[[0. 0. 0.]  [0. 0. 0.]  [0. 0. 0.]  ...  [0. 0. 0.]  [0. 0. 0.]  [0. 0. 0.]] [[0. 0. 0.]  [0. 0. 0.]  [0. 0. 0.]  ...  [0. 0. 0.]  [0. 0. 0.]  [0. 0. 0.]] [[0. 0. 0.]  [0. 0. 0.]  [0. 0. 0.]  ...  [0. 0. 0.]  [0. 0. 0.]  [0. 0. 0.]] ... [[0. 0. 0.]  [0. 0. 0.]  [0. 0. 0.]  ...  [0. 0. 0.]  [0. 0. 0.]  [0. 0. 0.]] [[0. 0. 0.]  [0. 0. 0.]  [0. 0. 0.]  ...  [0. 0. 0.]  [0. 0. 0.]  [0. 0. 0.]] [[0. 0. 0.]  [0. 0. 0.]  [0. 0. 0.]  ...  [0. 0. 0.]  [0. 0. 0.]  [0. 0. 0.]]]",8.292000112938695,52608,/home/amos/media/tv/Carnivale S01-S02 web 10bit hevc-d3g/Carnivale S02/Carnivale.S02E10.1080p.WEBRip.10Bit.EAC3.H265-d3g.mkv911,1080,1920,1,174,424,1505,174,332750,0.16,"[[[0.5058824  0.44705883 0.44313726]  [0.5058824  0.44705883 0.4392157 ]  [0.5058824  0.44705883 0.4392157 ]  ...  [0.5294118  0.4745098  0.4745098 ]  [0.5372549  0.48235294 0.48235294]  [0.54509807 0.49019608 0.49019608]] [[0.5058824  0.44705883 0.44313726]  [0.5058824  0.44705883 0.4392157 ]  [0.5058824  0.44705883 0.4392157 ]  ...  [0.5294118  0.4745098  0.4745098 ]  [0.5372549  0.48235294 0.48235294]  [0.54509807 0.49019608 0.49019608]] [[0.5058824  0.44705883 0.44313726]  [0.5058824  0.44705883 0.4392157 ]  [0.5058824  0.44705883 0.4392157 ]  ...  [0.5294118  0.4745098  0.4745098 ]  [0.5372549  0.48235294 0.48235294]  [0.54509807 0.49019608 0.49019608]] ... [[0.52156866 0.45882353 0.4392157 ]  [0.5254902  0.45882353 0.44313726]  [0.5254902  0.4627451  0.44313726]  ...  [0.5921569  0.5411765  0.54901963]  [0.59607846 0.54509807 0.5529412 ]  [0.6        0.54901963 0.5568628 ]] [[0.52156866 0.45882353 0.4392157 ]  [0.5254902  0.4627451  0.4392157 ]  [0.5254902  0.4627451  0.44313726]  ...  [0.59607846 0.5411765  0.54901963]  [0.59607846 0.54509807 0.5529412 ]  [0.6        0.54901963 0.5568628 ]] [[0.52156866 0.45882353 0.4392157 ]  [0.52156866 0.4627451  0.44313726]  [0.5254902  0.4627451  0.44313726]  ...  [0.5921569  0.5411765  0.54901963]  [0.59607846 0.54509807 0.5529412 ]  [0.6        0.54901963 0.5568628 ]]]",-0.43897394236410037,52608,/home/amos/media/tv/Carnivale S01-S02 web 10bit hevc-d3g/Carnivale S02/Carnivale.S02E10.1080p.WEBRip.10Bit.EAC3.H265-d3g.mkv912,1080,1920,0,676,29,522,676,99638,0.048,"[[[0.         0.         0.        ]  [0.         0.         0.        ]  [0.         0.         0.        ]  ...  [0.32156864 0.29803923 0.2509804 ]  [0.33333334 0.30980393 0.2627451 ]  [0.         0.         0.        ]] [[0.03529412 0.01960784 0.        ]  [0.03529412 0.01960784 0.        ]  [0.04313726 0.02745098 0.00392157]  ...  [0.31764707 0.29411766 0.24313726]  [0.32941177 0.30588236 0.25490198]  [0.         0.         0.        ]] [[0.04705882 0.02352941 0.00392157]  [0.05098039 0.02745098 0.00784314]  [0.05882353 0.03529412 0.01568628]  ...  [0.32941177 0.30588236 0.25490198]  [0.33333334 0.30980393 0.25882354]  [0.         0.         0.        ]] ... [[0.         0.         0.        ]  [0.12156863 0.07450981 0.03137255]  [0.1254902  0.07843138 0.03529412]  ...  [0.29411766 0.27058825 0.1882353 ]  [0.29411766 0.27058825 0.1882353 ]  [0.29803923 0.27058825 0.19215687]] [[0.         0.         0.        ]  [0.12156863 0.07450981 0.03137255]  [0.1254902  0.07843138 0.03529412]  ...  [0.29411766 0.27058825 0.1882353 ]  [0.29803923 0.27450982 0.19215687]  [0.29803923 0.27058825 0.19215687]] [[0.         0.         0.        ]  [0.1254902  0.07843138 0.03529412]  [0.12941177 0.08235294 0.03921569]  ...  [0.         0.         0.        ]  [0.         0.         0.        ]  [0.         0.         0.        ]]]",7.353874155203812,52632,/home/amos/media/tv/Carnivale S01-S02 web 10bit hevc-d3g/Carnivale S02/Carnivale.S02E10.1080p.WEBRip.10Bit.EAC3.H265-d3g.mkv913,1080,1920,1,176,420,1511,176,325740,0.157,"[[[0.5137255  0.45882353 0.45882353]  [0.5176471  0.4627451  0.4627451 ]  [0.52156866 0.46666667 0.4627451 ]  ...  [0.5882353  0.53333336 0.5372549 ]  [0.5921569  0.5372549  0.54509807]  [0.59607846 0.5411765  0.54901963]] [[0.5137255  0.45882353 0.45882353]  [0.5176471  0.46666667 0.4627451 ]  [0.52156866 0.47058824 0.4627451 ]  ...  [0.5882353  0.53333336 0.5372549 ]  [0.5921569  0.5372549  0.54509807]  [0.6        0.54509807 0.54901963]] [[0.5137255  0.45882353 0.45490196]  [0.5176471  0.46666667 0.45882353]  [0.52156866 0.47058824 0.4627451 ]  ...  [0.5882353  0.53333336 0.5372549 ]  [0.5921569  0.5372549  0.54509807]  [0.59607846 0.5411765  0.5529412 ]] ... [[0.5411765  0.47843137 0.45882353]  [0.54509807 0.47843137 0.4627451 ]  [0.54509807 0.48235294 0.4627451 ]  ...  [0.6039216  0.54901963 0.56078434]  [0.6039216  0.54901963 0.56078434]  [0.6039216  0.5529412  0.5647059 ]] [[0.5411765  0.47843137 0.45882353]  [0.5411765  0.48235294 0.45882353]  [0.54509807 0.48235294 0.4627451 ]  ...  [0.6039216  0.54901963 0.56078434]  [0.6039216  0.54901963 0.56078434]  [0.6039216  0.5529412  0.5647059 ]] [[0.5372549  0.4745098  0.45490196]  [0.5411765  0.47843137 0.45882353]  [0.54509807 0.48235294 0.4627451 ]  ...  [0.6039216  0.54901963 0.56078434]  [0.6039216  0.54901963 0.56078434]  [0.6039216  0.5529412  0.5647059 ]]]",0.10884702060138807,52632,/home/amos/media/tv/Carnivale S01-S02 web 10bit hevc-d3g/Carnivale S02/Carnivale.S02E10.1080p.WEBRip.10Bit.EAC3.H265-d3g.mkv914,1080,1920,0,299,167,525,299,29832,0.014,"[[[0.18039216 0.1254902  0.07450981]  [0.18039216 0.1254902  0.07450981]  [0.18039216 0.1254902  0.07450981]  ...  [0.10196079 0.07843138 0.05490196]  [0.10196079 0.07843138 0.05490196]  [0.         0.         0.        ]] [[0.18039216 0.1254902  0.07450981]  [0.18039216 0.1254902  0.07450981]  [0.18039216 0.1254902  0.07450981]  ...  [0.10588235 0.08235294 0.05882353]  [0.10588235 0.08235294 0.05882353]  [0.         0.         0.        ]] [[0.18039216 0.1254902  0.07450981]  [0.18039216 0.1254902  0.07450981]  [0.18039216 0.1254902  0.07450981]  ...  [0.10588235 0.08235294 0.05882353]  [0.10588235 0.08235294 0.05882353]  [0.         0.         0.        ]] ... [[0.16078432 0.11372549 0.06666667]  [0.16078432 0.11372549 0.06666667]  [0.16078432 0.11372549 0.06666667]  ...  [0.19607843 0.14509805 0.12156863]  [0.19607843 0.14509805 0.12156863]  [0.         0.         0.        ]] [[0.16078432 0.11372549 0.06666667]  [0.16078432 0.11372549 0.06666667]  [0.15686275 0.10980392 0.0627451 ]  ...  [0.19607843 0.14509805 0.12156863]  [0.19607843 0.14509805 0.12156863]  [0.         0.         0.        ]] [[0.         0.         0.        ]  [0.         0.         0.        ]  [0.         0.         0.        ]  ...  [0.         0.         0.        ]  [0.         0.         0.        ]  [0.         0.         0.        ]]]",7.341962998267263,52656,/home/amos/media/tv/Carnivale S01-S02 web 10bit hevc-d3g/Carnivale S02/Carnivale.S02E10.1080p.WEBRip.10Bit.EAC3.H265-d3g.mkv915,1080,1920,0,275,181,537,275,24628,0.012,"[[[0.18431373 0.12941177 0.07843138]  [0.18431373 0.12941177 0.07843138]  [0.18431373 0.12941177 0.07843138]  ...  [0.11372549 0.08627451 0.0627451 ]  [0.11764706 0.09019608 0.0627451 ]  [0.11764706 0.09019608 0.0627451 ]] [[0.18431373 0.12941177 0.07843138]  [0.18431373 0.12941177 0.07843138]  [0.18431373 0.12941177 0.08235294]  ...  [0.11372549 0.08627451 0.0627451 ]  [0.11764706 0.09019608 0.0627451 ]  [0.11764706 0.09019608 0.0627451 ]] [[0.18431373 0.12941177 0.07843138]  [0.18431373 0.12941177 0.07843138]  [0.18431373 0.12941177 0.07843138]  ...  [0.11764706 0.09019608 0.06666667]  [0.11764706 0.09019608 0.0627451 ]  [0.11764706 0.09019608 0.0627451 ]] ... [[0.16470589 0.11372549 0.06666667]  [0.16470589 0.11372549 0.06666667]  [0.16470589 0.11372549 0.06666667]  ...  [0.18431373 0.13333334 0.10980392]  [0.1882353  0.13725491 0.11372549]  [0.19215687 0.14117648 0.11764706]] [[0.16470589 0.10980392 0.06666667]  [0.16470589 0.10980392 0.06666667]  [0.16470589 0.10980392 0.06666667]  ...  [0.1882353  0.13725491 0.11372549]  [0.1882353  0.13725491 0.11372549]  [0.1882353  0.13725491 0.11372549]] [[0.16470589 0.10980392 0.06666667]  [0.16470589 0.10980392 0.06666667]  [0.16470589 0.10980392 0.06666667]  ...  [0.1882353  0.13725491 0.11372549]  [0.19215687 0.14117648 0.11764706]  [0.1882353  0.13725491 0.11372549]]]",3.463713034754619,52680,/home/amos/media/tv/Carnivale S01-S02 web 10bit hevc-d3g/Carnivale S02/Carnivale.S02E10.1080p.WEBRip.10Bit.EAC3.H265-d3g.mkv916,1080,1920,0,287,177,524,287,26070,0.013,"[[[0.18039216 0.1254902  0.07450981]  [0.18039216 0.1254902  0.07450981]  [0.18039216 0.12156863 0.07450981]  ...  [0.10980392 0.08627451 0.0627451 ]  [0.11372549 0.08627451 0.0627451 ]  [0.11372549 0.09019608 0.06666667]] [[0.18039216 0.1254902  0.07450981]  [0.18039216 0.1254902  0.07450981]  [0.18039216 0.1254902  0.07450981]  ...  [0.11372549 0.09019608 0.06666667]  [0.11372549 0.09019608 0.06666667]  [0.11372549 0.09019608 0.06666667]] [[0.18039216 0.1254902  0.07450981]  [0.18039216 0.1254902  0.07450981]  [0.18039216 0.1254902  0.07450981]  ...  [0.11372549 0.09019608 0.06666667]  [0.11372549 0.09019608 0.06666667]  [0.11372549 0.09019608 0.06666667]] ... [[0.16470589 0.11764706 0.07058824]  [0.16470589 0.11764706 0.07058824]  [0.16470589 0.11764706 0.07058824]  ...  [0.19607843 0.14509805 0.12156863]  [0.19607843 0.14509805 0.12156863]  [0.19607843 0.14509805 0.12156863]] [[0.16078432 0.11372549 0.06666667]  [0.16078432 0.11372549 0.06666667]  [0.16078432 0.11372549 0.06666667]  ...  [0.19215687 0.14117648 0.12156863]  [0.19607843 0.14509805 0.12156863]  [0.19607843 0.14509805 0.12156863]] [[0.16078432 0.11372549 0.06666667]  [0.16078432 0.11372549 0.06666667]  [0.16078432 0.11372549 0.06666667]  ...  [0.19215687 0.14117648 0.11764706]  [0.19607843 0.14509805 0.12156863]  [0.19607843 0.14509805 0.12156863]]]",5.430811010824982,52704,/home/amos/media/tv/Carnivale S01-S02 web 10bit hevc-d3g/Carnivale S02/Carnivale.S02E10.1080p.WEBRip.10Bit.EAC3.H265-d3g.mkv917,1080,1920,0,243,115,549,243,39168,0.019,"[[[0.16862746 0.10980392 0.0627451 ]  [0.16862746 0.10980392 0.0627451 ]  [0.16862746 0.10980392 0.0627451 ]  ...  [0.13333334 0.08627451 0.05098039]  [0.13333334 0.08627451 0.05098039]  [0.13333334 0.08627451 0.05098039]] [[0.16862746 0.11372549 0.0627451 ]  [0.16862746 0.11372549 0.0627451 ]  [0.16862746 0.11372549 0.0627451 ]  ...  [0.13333334 0.08627451 0.05098039]  [0.13333334 0.08627451 0.05098039]  [0.13333334 0.08627451 0.05098039]] [[0.17254902 0.11764706 0.06666667]  [0.16862746 0.11372549 0.0627451 ]  [0.16862746 0.11372549 0.0627451 ]  ...  [0.13333334 0.08627451 0.05098039]  [0.13333334 0.08627451 0.05098039]  [0.13333334 0.08627451 0.05098039]] ... [[0.18431373 0.12941177 0.07843138]  [0.18431373 0.12941177 0.07843138]  [0.18431373 0.12941177 0.07843138]  ...  [0.14117648 0.09019608 0.07058824]  [0.14509805 0.09411765 0.07058824]  [0.14509805 0.09411765 0.07058824]] [[0.18039216 0.1254902  0.07450981]  [0.18039216 0.1254902  0.07450981]  [0.18039216 0.1254902  0.07450981]  ...  [0.14509805 0.09411765 0.07058824]  [0.14509805 0.09411765 0.07058824]  [0.14509805 0.09411765 0.07058824]] [[0.17254902 0.11764706 0.06666667]  [0.1764706  0.12156863 0.07058824]  [0.1764706  0.12156863 0.07058824]  ...  [0.14509805 0.09411765 0.07058824]  [0.14509805 0.09411765 0.07058824]  [0.14901961 0.09803922 0.07450981]]]",5.641160022758413,52800,/home/amos/media/tv/Carnivale S01-S02 web 10bit hevc-d3g/Carnivale S02/Carnivale.S02E10.1080p.WEBRip.10Bit.EAC3.H265-d3g.mkv918,1080,1920,1,139,286,582,139,65121,0.031,"[[[0.2        0.11764706 0.07843138]  [0.20784314 0.1254902  0.08627451]  [0.22352941 0.13725491 0.09803922]  ...  [0.10588235 0.05490196 0.03137255]  [0.10588235 0.05882353 0.03137255]  [0.10980392 0.05882353 0.03529412]] [[0.2        0.11764706 0.07843138]  [0.20784314 0.1254902  0.08627451]  [0.22352941 0.13725491 0.09803922]  ...  [0.10588235 0.05490196 0.03137255]  [0.10980392 0.05882353 0.03529412]  [0.10980392 0.05882353 0.03529412]] [[0.20392157 0.12156863 0.07843138]  [0.21176471 0.12941177 0.08627451]  [0.22352941 0.13725491 0.09803922]  ...  [0.10980392 0.05882353 0.03529412]  [0.11372549 0.0627451  0.03921569]  [0.11372549 0.0627451  0.03921569]] ... [[0.19215687 0.13333334 0.09019608]  [0.19215687 0.13333334 0.09019608]  [0.19215687 0.13333334 0.09019608]  ...  [0.15294118 0.10588235 0.08235294]  [0.15294118 0.10588235 0.08235294]  [0.15294118 0.10588235 0.08235294]] [[0.19215687 0.13333334 0.09019608]  [0.19215687 0.13333334 0.09019608]  [0.19215687 0.13333334 0.09019608]  ...  [0.14901961 0.10196079 0.07843138]  [0.15294118 0.10588235 0.08235294]  [0.15294118 0.10588235 0.08235294]] [[0.19215687 0.13333334 0.09411765]  [0.19215687 0.13333334 0.09411765]  [0.19215687 0.13333334 0.09411765]  ...  [0.14901961 0.10196079 0.07843138]  [0.14901961 0.10588235 0.07843138]  [0.15294118 0.10588235 0.08235294]]]",2.973607065679971,52800,/home/amos/media/tv/Carnivale S01-S02 web 10bit hevc-d3g/Carnivale S02/Carnivale.S02E10.1080p.WEBRip.10Bit.EAC3.H265-d3g.mkv919,1080,1920,0,174,392,1470,174,282528,0.136,"[[[0.5019608  0.4392157  0.44705883]  [0.5058824  0.44313726 0.4509804 ]  [0.5058824  0.44313726 0.44705883]  ...  [0.5294118  0.47843137 0.49411765]  [0.53333336 0.48235294 0.49803922]  [0.5372549  0.4862745  0.5019608 ]] [[0.5019608  0.4392157  0.44313726]  [0.5019608  0.4392157  0.44313726]  [0.5019608  0.44313726 0.44705883]  ...  [0.5294118  0.47843137 0.49411765]  [0.53333336 0.48235294 0.49803922]  [0.5411765  0.49019608 0.5058824 ]] [[0.5019608  0.4392157  0.44313726]  [0.5019608  0.4392157  0.44313726]  [0.5019608  0.44313726 0.44705883]  ...  [0.5294118  0.47843137 0.49019608]  [0.5372549  0.4862745  0.49803922]  [0.5411765  0.49019608 0.5019608 ]] ... [[0.52156866 0.45882353 0.4392157 ]  [0.5254902  0.4627451  0.44313726]  [0.5294118  0.46666667 0.44313726]  ...  [0.58431375 0.53333336 0.54509807]  [0.5921569  0.5411765  0.5529412 ]  [0.59607846 0.54509807 0.5568628 ]] [[0.52156866 0.45882353 0.4392157 ]  [0.5254902  0.4627451  0.44313726]  [0.5294118  0.46666667 0.44705883]  ...  [0.58431375 0.53333336 0.54509807]  [0.5882353  0.5372549  0.5529412 ]  [0.59607846 0.5411765  0.5529412 ]] [[0.52156866 0.45882353 0.4392157 ]  [0.52156866 0.4627451  0.44313726]  [0.5254902  0.4627451  0.44313726]  ...  [0.58431375 0.5372549  0.54509807]  [0.5882353  0.5372549  0.54901963]  [0.5921569  0.5411765  0.5529412 ]]]",1.3402820363990031,52824,/home/amos/media/tv/Carnivale S01-S02 web 10bit hevc-d3g/Carnivale S02/Carnivale.S02E10.1080p.WEBRip.10Bit.EAC3.H265-d3g.mkv920,1080,1920,0,165,396,1477,165,303072,0.146,"[[[0.5294118  0.47843137 0.47058824]  [0.5294118  0.47843137 0.47058824]  [0.53333336 0.48235294 0.4745098 ]  ...  [0.5294118  0.47843137 0.47843137]  [0.53333336 0.48235294 0.4862745 ]  [0.5411765  0.49019608 0.49411765]] [[0.5294118  0.4745098  0.47058824]  [0.53333336 0.47843137 0.47058824]  [0.53333336 0.48235294 0.4745098 ]  ...  [0.5294118  0.47843137 0.48235294]  [0.5372549  0.48235294 0.4862745 ]  [0.5411765  0.49019608 0.49411765]] [[0.5294118  0.4745098  0.47058824]  [0.53333336 0.4745098  0.47058824]  [0.53333336 0.47843137 0.4745098 ]  ...  [0.5294118  0.47843137 0.48235294]  [0.5372549  0.4862745  0.49019608]  [0.5411765  0.49019608 0.49411765]] ... [[0.5529412  0.49019608 0.47058824]  [0.5568628  0.49019608 0.47058824]  [0.5568628  0.49411765 0.4745098 ]  ...  [0.5764706  0.5254902  0.5372549 ]  [0.5764706  0.5254902  0.5372549 ]  [0.5803922  0.5294118  0.5411765 ]] [[0.5529412  0.49019608 0.47058824]  [0.5529412  0.49019608 0.47058824]  [0.5568628  0.49411765 0.4745098 ]  ...  [0.5764706  0.5254902  0.5372549 ]  [0.5764706  0.5254902  0.5372549 ]  [0.5803922  0.5294118  0.5411765 ]] [[0.5529412  0.49019608 0.47058824]  [0.5529412  0.49411765 0.47058824]  [0.5568628  0.49411765 0.4745098 ]  ...  [0.5764706  0.5254902  0.5372549 ]  [0.5764706  0.5254902  0.5372549 ]  [0.5803922  0.5294118  0.5411765 ]]]",0.857000051473733,52848,/home/amos/media/tv/Carnivale S01-S02 web 10bit hevc-d3g/Carnivale S02/Carnivale.S02E10.1080p.WEBRip.10Bit.EAC3.H265-d3g.mkv921,1080,1920,0,170,393,1476,170,291238,0.14,"[[[0.5254902  0.4627451  0.46666667]  [0.5294118  0.46666667 0.47058824]  [0.53333336 0.47058824 0.4745098 ]  ...  [0.5568628  0.5019608  0.5058824 ]  [0.5647059  0.50980395 0.5137255 ]  [0.5686275  0.5137255  0.5176471 ]] [[0.5254902  0.4627451  0.46666667]  [0.5294118  0.46666667 0.47058824]  [0.53333336 0.47058824 0.4745098 ]  ...  [0.56078434 0.5058824  0.50980395]  [0.5647059  0.50980395 0.5137255 ]  [0.5686275  0.5137255  0.52156866]] [[0.5254902  0.4627451  0.46666667]  [0.5294118  0.46666667 0.47058824]  [0.53333336 0.47058824 0.4745098 ]  ...  [0.56078434 0.5058824  0.50980395]  [0.5686275  0.5137255  0.5176471 ]  [0.57254905 0.5176471  0.52156866]] ... [[0.5411765  0.47843137 0.4627451 ]  [0.54509807 0.47843137 0.4627451 ]  [0.54901963 0.4862745  0.46666667]  ...  [0.5882353  0.5372549  0.54901963]  [0.58431375 0.5372549  0.54509807]  [0.58431375 0.53333336 0.54509807]] [[0.5411765  0.47843137 0.4627451 ]  [0.5411765  0.48235294 0.4627451 ]  [0.54901963 0.4862745  0.46666667]  ...  [0.5882353  0.5372549  0.54901963]  [0.58431375 0.53333336 0.54901963]  [0.58431375 0.53333336 0.54509807]] [[0.5411765  0.47843137 0.4627451 ]  [0.5411765  0.48235294 0.46666667]  [0.54901963 0.4862745  0.46666667]  ...  [0.5882353  0.5372549  0.54901963]  [0.5882353  0.53333336 0.54901963]  [0.58431375 0.53333336 0.54509807]]]",-0.028169056575279683,52872,/home/amos/media/tv/Carnivale S01-S02 web 10bit hevc-d3g/Carnivale S02/Carnivale.S02E10.1080p.WEBRip.10Bit.EAC3.H265-d3g.mkv922,1080,1920,0,171,391,1473,171,286440,0.138,"[[[0.5176471  0.45490196 0.4509804 ]  [0.5176471  0.45882353 0.45490196]  [0.5254902  0.46666667 0.4627451 ]  ...  [0.5411765  0.4862745  0.49019608]  [0.54901963 0.49411765 0.49803922]  [0.5568628  0.5019608  0.5058824 ]] [[0.5176471  0.45490196 0.44705883]  [0.52156866 0.45882353 0.45490196]  [0.5254902  0.4627451  0.45882353]  ...  [0.54509807 0.4862745  0.49019608]  [0.54901963 0.49411765 0.5019608 ]  [0.5568628  0.5019608  0.50980395]] [[0.5176471  0.45490196 0.44705883]  [0.5176471  0.45882353 0.4509804 ]  [0.52156866 0.4627451  0.45490196]  ...  [0.54509807 0.49019608 0.49411765]  [0.5529412  0.49803922 0.5019608 ]  [0.56078434 0.5058824  0.50980395]] ... [[0.53333336 0.4745098  0.45882353]  [0.5372549  0.47843137 0.4627451 ]  [0.5411765  0.48235294 0.46666667]  ...  [0.5882353  0.5372549  0.54509807]  [0.5882353  0.5372549  0.54509807]  [0.5921569  0.5411765  0.54901963]] [[0.53333336 0.4745098  0.45490196]  [0.5372549  0.47843137 0.4627451 ]  [0.5411765  0.48235294 0.46666667]  ...  [0.5882353  0.5372549  0.54509807]  [0.5882353  0.5372549  0.54509807]  [0.5921569  0.5411765  0.54901963]] [[0.5372549  0.4745098  0.45490196]  [0.5411765  0.47843137 0.45882353]  [0.5411765  0.48235294 0.4627451 ]  ...  [0.5882353  0.5372549  0.54509807]  [0.5882353  0.5372549  0.54509807]  [0.5921569  0.5411765  0.54901963]]]",0.36613906774437055,52920,/home/amos/media/tv/Carnivale S01-S02 web 10bit hevc-d3g/Carnivale S02/Carnivale.S02E10.1080p.WEBRip.10Bit.EAC3.H265-d3g.mkv923,1080,1920,0,60,292,1237,60,273064,0.132,"[[[0.47058824 0.39607844 0.3764706 ]  [0.47058824 0.39607844 0.3764706 ]  [0.47058824 0.39607844 0.3764706 ]  ...  [0.59607846 0.5254902  0.49803922]  [0.59607846 0.5254902  0.49803922]  [0.59607846 0.5254902  0.49803922]] [[0.47058824 0.39607844 0.3764706 ]  [0.47058824 0.39607844 0.3764706 ]  [0.47058824 0.39607844 0.3764706 ]  ...  [0.59607846 0.5254902  0.49803922]  [0.59607846 0.5254902  0.49803922]  [0.59607846 0.5254902  0.49803922]] [[0.47058824 0.39607844 0.3764706 ]  [0.47058824 0.39607844 0.3764706 ]  [0.47058824 0.39607844 0.3764706 ]  ...  [0.59607846 0.5254902  0.49803922]  [0.59607846 0.5254902  0.49803922]  [0.59607846 0.5254902  0.49803922]] ... [[0.32941177 0.2509804  0.25490198]  [0.32941177 0.2509804  0.25490198]  [0.33333334 0.25490198 0.25882354]  ...  [0.58431375 0.5019608  0.5058824 ]  [0.58431375 0.5019608  0.5058824 ]  [0.58431375 0.5019608  0.5058824 ]] [[0.32941177 0.2509804  0.25490198]  [0.32941177 0.2509804  0.25490198]  [0.33333334 0.25490198 0.25882354]  ...  [0.58431375 0.5019608  0.5058824 ]  [0.58431375 0.5019608  0.5058824 ]  [0.58431375 0.5019608  0.5058824 ]] [[0.32941177 0.2509804  0.25490198]  [0.32941177 0.2509804  0.25490198]  [0.33333334 0.2509804  0.25882354]  ...  [0.58431375 0.5019608  0.5058824 ]  [0.58431375 0.5019608  0.5058824 ]  [0.58431375 0.5019608  0.5058824 ]]]",0.3906650307471864,52944,/home/amos/media/tv/Carnivale S01-S02 web 10bit hevc-d3g/Carnivale S02/Carnivale.S02E10.1080p.WEBRip.10Bit.EAC3.H265-d3g.mkv924,1080,1920,1,177,389,1471,177,274328,0.132,"[[[0.5058824  0.45490196 0.44705883]  [0.50980395 0.45490196 0.4509804 ]  [0.5137255  0.45490196 0.4509804 ]  ...  [0.57254905 0.5176471  0.5254902 ]  [0.5764706  0.52156866 0.5294118 ]  [0.5803922  0.5254902  0.53333336]] [[0.5019608  0.4509804  0.44313726]  [0.50980395 0.4509804  0.44705883]  [0.5137255  0.45490196 0.4509804 ]  ...  [0.57254905 0.5176471  0.5254902 ]  [0.5764706  0.52156866 0.5294118 ]  [0.5803922  0.5254902  0.53333336]] [[0.5019608  0.4509804  0.44313726]  [0.5058824  0.4509804  0.44313726]  [0.50980395 0.4509804  0.44705883]  ...  [0.57254905 0.5176471  0.5254902 ]  [0.5764706  0.52156866 0.5294118 ]  [0.5803922  0.5254902  0.53333336]] ... [[0.5254902  0.45882353 0.4509804 ]  [0.5294118  0.4627451  0.4509804 ]  [0.5294118  0.46666667 0.4509804 ]  ...  [0.5882353  0.5411765  0.5529412 ]  [0.5882353  0.54509807 0.5529412 ]  [0.5921569  0.54509807 0.5568628 ]] [[0.5254902  0.45882353 0.4509804 ]  [0.5294118  0.4627451  0.4509804 ]  [0.5294118  0.46666667 0.4509804 ]  ...  [0.5882353  0.5411765  0.5529412 ]  [0.5882353  0.54509807 0.5529412 ]  [0.5921569  0.54901963 0.5568628 ]] [[0.5254902  0.4627451  0.4509804 ]  [0.5294118  0.4627451  0.4509804 ]  [0.5294118  0.46666667 0.4509804 ]  ...  [0.58431375 0.5411765  0.5529412 ]  [0.5882353  0.54509807 0.5529412 ]  [0.5921569  0.54901963 0.5568628 ]]]",-0.2862709775217809,52944,/home/amos/media/tv/Carnivale S01-S02 web 10bit hevc-d3g/Carnivale S02/Carnivale.S02E10.1080p.WEBRip.10Bit.EAC3.H265-d3g.mkv925,1080,1920,0,163,394,1477,163,303534,0.146,"[[[0.5372549  0.47843137 0.4627451 ]  [0.5372549  0.47843137 0.4627451 ]  [0.5411765  0.4862745  0.47058824]  ...  [0.52156866 0.47058824 0.47843137]  [0.5254902  0.4745098  0.47843137]  [0.5294118  0.47843137 0.48235294]] [[0.5372549  0.47843137 0.4627451 ]  [0.5372549  0.47843137 0.4627451 ]  [0.5411765  0.48235294 0.46666667]  ...  [0.5254902  0.4745098  0.4745098 ]  [0.5254902  0.4745098  0.47843137]  [0.5294118  0.47843137 0.48235294]] [[0.5372549  0.47843137 0.45882353]  [0.5372549  0.47843137 0.4627451 ]  [0.5411765  0.48235294 0.46666667]  ...  [0.52156866 0.4745098  0.47843137]  [0.5254902  0.4745098  0.47843137]  [0.5294118  0.47843137 0.48235294]] ... [[0.5568628  0.49411765 0.47058824]  [0.56078434 0.49803922 0.4745098 ]  [0.5647059  0.5019608  0.47843137]  ...  [0.5803922  0.5294118  0.5372549 ]  [0.5803922  0.5294118  0.5372549 ]  [0.58431375 0.53333336 0.5372549 ]] [[0.5568628  0.49411765 0.4745098 ]  [0.56078434 0.49803922 0.47843137]  [0.5647059  0.5019608  0.47843137]  ...  [0.5803922  0.5294118  0.5372549 ]  [0.58431375 0.53333336 0.5372549 ]  [0.58431375 0.53333336 0.5411765 ]] [[0.56078434 0.49803922 0.47843137]  [0.5647059  0.49803922 0.47843137]  [0.5647059  0.5019608  0.48235294]  ...  [0.58431375 0.5294118  0.5411765 ]  [0.58431375 0.53333336 0.5411765 ]  [0.58431375 0.53333336 0.5411765 ]]]",0.8663050517789088,52992,/home/amos/media/tv/Carnivale S01-S02 web 10bit hevc-d3g/Carnivale S02/Carnivale.S02E10.1080p.WEBRip.10Bit.EAC3.H265-d3g.mkv926,1080,1920,0,328,192,581,328,34408,0.017,"[[[0.1882353  0.12941177 0.08235294]  [0.1882353  0.12941177 0.08235294]  [0.19215687 0.13333334 0.08627451]  ...  [0.37254903 0.32156864 0.30980393]  [0.4        0.34901962 0.3372549 ]  [0.41960785 0.36862746 0.36078432]] [[0.1882353  0.13333334 0.07843138]  [0.19215687 0.12941177 0.07843138]  [0.19607843 0.13333334 0.08627451]  ...  [0.3647059  0.3137255  0.29803923]  [0.4        0.34117648 0.32941177]  [0.41568628 0.3647059  0.35686275]] [[0.1882353  0.12941177 0.07843138]  [0.19215687 0.13333334 0.07843138]  [0.19607843 0.13333334 0.08235294]  ...  [0.3647059  0.3137255  0.29803923]  [0.39607844 0.3372549  0.3254902 ]  [0.41568628 0.3647059  0.35686275]] ... [[0.01960784 0.01176471 0.00392157]  [0.01960784 0.01176471 0.00392157]  [0.01960784 0.01176471 0.00392157]  ...  [0.         0.         0.        ]  [0.         0.         0.        ]  [0.         0.         0.        ]] [[0.01960784 0.01176471 0.00392157]  [0.01960784 0.01176471 0.00392157]  [0.01960784 0.01176471 0.00392157]  ...  [0.         0.         0.        ]  [0.         0.         0.        ]  [0.         0.         0.        ]] [[0.01960784 0.01176471 0.00392157]  [0.01960784 0.01176471 0.00392157]  [0.01960784 0.01176471 0.00392157]  ...  [0.         0.         0.        ]  [0.         0.         0.        ]  [0.         0.         0.        ]]]",2.1176460662973113,53064,/home/amos/media/tv/Carnivale S01-S02 web 10bit hevc-d3g/Carnivale S02/Carnivale.S02E10.1080p.WEBRip.10Bit.EAC3.H265-d3g.mkv927,1080,1920,0,292,84,576,292,59072,0.028,"[[[0.16862746 0.11372549 0.0627451 ]  [0.16862746 0.11372549 0.0627451 ]  [0.16862746 0.11372549 0.0627451 ]  ...  [0.10196079 0.07843138 0.05490196]  [0.09803922 0.07843138 0.05490196]  [0.09803922 0.08235294 0.05490196]] [[0.16862746 0.11372549 0.0627451 ]  [0.16862746 0.11372549 0.0627451 ]  [0.16862746 0.11372549 0.0627451 ]  ...  [0.10196079 0.07843138 0.05490196]  [0.09803922 0.07843138 0.05490196]  [0.09803922 0.07843138 0.05490196]] [[0.16862746 0.11372549 0.0627451 ]  [0.16862746 0.11372549 0.0627451 ]  [0.16862746 0.11372549 0.0627451 ]  ...  [0.10196079 0.07843138 0.05098039]  [0.09803922 0.07843138 0.05490196]  [0.09803922 0.08235294 0.05490196]] ... [[0.18431373 0.12941177 0.07450981]  [0.18431373 0.12941177 0.07450981]  [0.18431373 0.12941177 0.07843138]  ...  [0.2        0.14901961 0.1254902 ]  [0.2        0.14901961 0.1254902 ]  [0.20392157 0.15294118 0.12941177]] [[0.18431373 0.12941177 0.07450981]  [0.18431373 0.12941177 0.07843138]  [0.18431373 0.12941177 0.07843138]  ...  [0.2        0.14509805 0.12156863]  [0.2        0.14901961 0.1254902 ]  [0.20392157 0.15294118 0.12941177]] [[0.18039216 0.1254902  0.07843138]  [0.18039216 0.12941177 0.07843138]  [0.18431373 0.12941177 0.07843138]  ...  [0.19607843 0.14117648 0.12156863]  [0.2        0.14509805 0.1254902 ]  [0.20392157 0.14901961 0.12941177]]]",4.421083953755442,53184,/home/amos/media/tv/Carnivale S01-S02 web 10bit hevc-d3g/Carnivale S02/Carnivale.S02E10.1080p.WEBRip.10Bit.EAC3.H265-d3g.mkv928,1080,1920,0,170,395,1530,170,306000,0.148,"[[[0.5176471  0.45490196 0.45882353]  [0.5176471  0.45882353 0.45882353]  [0.52156866 0.4627451  0.4627451 ]  ...  [0.54509807 0.49019608 0.49019608]  [0.54901963 0.49803922 0.49803922]  [0.5568628  0.5019608  0.5019608 ]] [[0.5176471  0.45490196 0.45882353]  [0.5176471  0.45490196 0.4627451 ]  [0.52156866 0.4627451  0.4627451 ]  ...  [0.54509807 0.49019608 0.4862745 ]  [0.5529412  0.49803922 0.49803922]  [0.5568628  0.5019608  0.5019608 ]] [[0.5176471  0.45490196 0.45882353]  [0.5176471  0.45882353 0.4627451 ]  [0.52156866 0.4627451  0.4627451 ]  ...  [0.54509807 0.49019608 0.4862745 ]  [0.5529412  0.49803922 0.49803922]  [0.5568628  0.5019608  0.5019608 ]] ... [[0.54509807 0.4862745  0.45882353]  [0.54901963 0.49019608 0.4627451 ]  [0.5529412  0.49411765 0.46666667]  ...  [0.59607846 0.5411765  0.5568628 ]  [0.59607846 0.54509807 0.56078434]  [0.59607846 0.54509807 0.56078434]] [[0.54509807 0.4862745  0.45882353]  [0.54901963 0.49019608 0.4627451 ]  [0.5529412  0.49411765 0.46666667]  ...  [0.59607846 0.5411765  0.5568628 ]  [0.6        0.54509807 0.56078434]  [0.6        0.54509807 0.56078434]] [[0.54509807 0.4862745  0.45882353]  [0.54901963 0.49019608 0.45882353]  [0.54901963 0.49019608 0.4627451 ]  ...  [0.59607846 0.5411765  0.5568628 ]  [0.6        0.54509807 0.56078434]  [0.6039216  0.54901963 0.5647059 ]]]",0.1135120079270564,53208,/home/amos/media/tv/Carnivale S01-S02 web 10bit hevc-d3g/Carnivale S02/Carnivale.S02E10.1080p.WEBRip.10Bit.EAC3.H265-d3g.mkv929,1080,1920,0,171,394,1529,171,302834,0.146,"[[[0.50980395 0.45882353 0.44705883]  [0.50980395 0.45882353 0.4509804 ]  [0.5176471  0.46666667 0.45490196]  ...  [0.5411765  0.4862745  0.4862745 ]  [0.54901963 0.49411765 0.49411765]  [0.5568628  0.5019608  0.5019608 ]] [[0.5058824  0.45490196 0.4392157 ]  [0.50980395 0.45882353 0.44705883]  [0.5176471  0.46666667 0.45490196]  ...  [0.5372549  0.48235294 0.48235294]  [0.54509807 0.49019608 0.49019608]  [0.5568628  0.5019608  0.5019608 ]] [[0.5058824  0.45490196 0.4392157 ]  [0.50980395 0.45882353 0.44705883]  [0.5137255  0.4627451  0.4509804 ]  ...  [0.5372549  0.48235294 0.48235294]  [0.54509807 0.49411765 0.49411765]  [0.5568628  0.5019608  0.5019608 ]] ... [[0.5372549  0.48235294 0.45490196]  [0.5411765  0.4862745  0.45490196]  [0.5411765  0.4862745  0.45882353]  ...  [0.59607846 0.5411765  0.54901963]  [0.5921569  0.5411765  0.54901963]  [0.5921569  0.5411765  0.54901963]] [[0.5372549  0.48235294 0.45490196]  [0.5372549  0.48235294 0.45490196]  [0.5411765  0.4862745  0.45882353]  ...  [0.59607846 0.5411765  0.54901963]  [0.59607846 0.54509807 0.5529412 ]  [0.5921569  0.5411765  0.54901963]] [[0.5372549  0.48235294 0.45490196]  [0.5372549  0.48235294 0.45490196]  [0.5372549  0.48235294 0.45490196]  ...  [0.5921569  0.5411765  0.54901963]  [0.59607846 0.54509807 0.5529412 ]  [0.59607846 0.54509807 0.5529412 ]]]",0.38506404910003766,53232,/home/amos/media/tv/Carnivale S01-S02 web 10bit hevc-d3g/Carnivale S02/Carnivale.S02E10.1080p.WEBRip.10Bit.EAC3.H265-d3g.mkv930,1080,1920,0,631,59,619,631,6864,0.003,"[[[0. 0. 0.]  [0. 0. 0.]  [0. 0. 0.]  ...  [0. 0. 0.]  [0. 0. 0.]  [0. 0. 0.]] [[0. 0. 0.]  [0. 0. 0.]  [0. 0. 0.]  ...  [0. 0. 0.]  [0. 0. 0.]  [0. 0. 0.]] [[0. 0. 0.]  [0. 0. 0.]  [0. 0. 0.]  ...  [0. 0. 0.]  [0. 0. 0.]  [0. 0. 0.]] ... [[0. 0. 0.]  [0. 0. 0.]  [0. 0. 0.]  ...  [0. 0. 0.]  [0. 0. 0.]  [0. 0. 0.]] [[0. 0. 0.]  [0. 0. 0.]  [0. 0. 0.]  ...  [0. 0. 0.]  [0. 0. 0.]  [0. 0. 0.]] [[0. 0. 0.]  [0. 0. 0.]  [0. 0. 0.]  ...  [0. 0. 0.]  [0. 0. 0.]  [0. 0. 0.]]]",3.667134983406868,53256,/home/amos/media/tv/Carnivale S01-S02 web 10bit hevc-d3g/Carnivale S02/Carnivale.S02E10.1080p.WEBRip.10Bit.EAC3.H265-d3g.mkv931,1080,1920,1,165,396,1532,165,315777,0.152,"[[[0.5294118  0.4745098  0.47843137]  [0.5294118  0.47843137 0.47843137]  [0.53333336 0.47843137 0.48235294]  ...  [0.5294118  0.47843137 0.47843137]  [0.5372549  0.4862745  0.4862745 ]  [0.54509807 0.49019608 0.49019608]] [[0.5294118  0.4745098  0.47843137]  [0.53333336 0.47843137 0.47843137]  [0.53333336 0.47843137 0.48235294]  ...  [0.5294118  0.47843137 0.47843137]  [0.5372549  0.4862745  0.4862745 ]  [0.54509807 0.49019608 0.49019608]] [[0.5294118  0.4745098  0.4745098 ]  [0.53333336 0.47843137 0.47843137]  [0.53333336 0.47843137 0.47843137]  ...  [0.53333336 0.47843137 0.47843137]  [0.5372549  0.4862745  0.4862745 ]  [0.54509807 0.49411765 0.49411765]] ... [[0.56078434 0.5019608  0.49019608]  [0.5647059  0.5058824  0.49019608]  [0.5686275  0.50980395 0.49411765]  ...  [0.5882353  0.5372549  0.5411765 ]  [0.5921569  0.5372549  0.54509807]  [0.59607846 0.5411765  0.54509807]] [[0.56078434 0.5019608  0.4862745 ]  [0.5647059  0.5058824  0.49019608]  [0.5686275  0.50980395 0.49019608]  ...  [0.5921569  0.5372549  0.54509807]  [0.59607846 0.5411765  0.54901963]  [0.59607846 0.5411765  0.54901963]] [[0.56078434 0.5019608  0.4862745 ]  [0.56078434 0.5019608  0.4862745 ]  [0.5647059  0.5058824  0.49019608]  ...  [0.5921569  0.5372549  0.54509807]  [0.59607846 0.5411765  0.54901963]  [0.59607846 0.5411765  0.54901963]]]",0.08079902682220563,53256,/home/amos/media/tv/Carnivale S01-S02 web 10bit hevc-d3g/Carnivale S02/Carnivale.S02E10.1080p.WEBRip.10Bit.EAC3.H265-d3g.mkv932,1080,1920,0,666,42,559,666,66768,0.032,"[[[0. 0. 0.]  [0. 0. 0.]  [0. 0. 0.]  ...  [0. 0. 0.]  [0. 0. 0.]  [0. 0. 0.]] [[0. 0. 0.]  [0. 0. 0.]  [0. 0. 0.]  ...  [0. 0. 0.]  [0. 0. 0.]  [0. 0. 0.]] [[0. 0. 0.]  [0. 0. 0.]  [0. 0. 0.]  ...  [0. 0. 0.]  [0. 0. 0.]  [0. 0. 0.]] ... [[0. 0. 0.]  [0. 0. 0.]  [0. 0. 0.]  ...  [0. 0. 0.]  [0. 0. 0.]  [0. 0. 0.]] [[0. 0. 0.]  [0. 0. 0.]  [0. 0. 0.]  ...  [0. 0. 0.]  [0. 0. 0.]  [0. 0. 0.]] [[0. 0. 0.]  [0. 0. 0.]  [0. 0. 0.]  ...  [0. 0. 0.]  [0. 0. 0.]  [0. 0. 0.]]]",4.1586280657793395,53280,/home/amos/media/tv/Carnivale S01-S02 web 10bit hevc-d3g/Carnivale S02/Carnivale.S02E10.1080p.WEBRip.10Bit.EAC3.H265-d3g.mkv933,1080,1920,1,181,387,1519,181,275628,0.133,"[[[0.5058824  0.4509804  0.45490196]  [0.5058824  0.4509804  0.45490196]  [0.5058824  0.4509804  0.45490196]  ...  [0.5803922  0.5254902  0.53333336]  [0.58431375 0.5294118  0.5372549 ]  [0.5882353  0.53333336 0.5411765 ]] [[0.5058824  0.4509804  0.45490196]  [0.5058824  0.4509804  0.45490196]  [0.5058824  0.4509804  0.45490196]  ...  [0.5803922  0.5254902  0.53333336]  [0.58431375 0.5294118  0.5372549 ]  [0.5882353  0.53333336 0.5411765 ]] [[0.5019608  0.44705883 0.4509804 ]  [0.5019608  0.44705883 0.4509804 ]  [0.5019608  0.44705883 0.4509804 ]  ...  [0.5803922  0.5254902  0.53333336]  [0.5882353  0.53333336 0.5411765 ]  [0.5882353  0.53333336 0.5411765 ]] ... [[0.5137255  0.4509804  0.43137255]  [0.5176471  0.45490196 0.43529412]  [0.52156866 0.45882353 0.4392157 ]  ...  [0.59607846 0.54509807 0.5568628 ]  [0.59607846 0.54509807 0.5568628 ]  [0.59607846 0.54509807 0.5568628 ]] [[0.5137255  0.4509804  0.43137255]  [0.5176471  0.45490196 0.43529412]  [0.5176471  0.45490196 0.43529412]  ...  [0.59607846 0.54509807 0.5568628 ]  [0.59607846 0.54509807 0.5568628 ]  [0.59607846 0.54509807 0.5568628 ]] [[0.5137255  0.4509804  0.43137255]  [0.5176471  0.45490196 0.43529412]  [0.5176471  0.45490196 0.43529412]  ...  [0.59607846 0.54509807 0.5568628 ]  [0.6        0.54901963 0.5568628 ]  [0.59607846 0.54509807 0.5568628 ]]]",0.3451919988146983,53280,/home/amos/media/tv/Carnivale S01-S02 web 10bit hevc-d3g/Carnivale S02/Carnivale.S02E10.1080p.WEBRip.10Bit.EAC3.H265-d3g.mkv934,1080,1920,0,657,22,532,657,79375,0.038,"[[[0. 0. 0.]  [0. 0. 0.]  [0. 0. 0.]  ...  [0. 0. 0.]  [0. 0. 0.]  [0. 0. 0.]] [[0. 0. 0.]  [0. 0. 0.]  [0. 0. 0.]  ...  [0. 0. 0.]  [0. 0. 0.]  [0. 0. 0.]] [[0. 0. 0.]  [0. 0. 0.]  [0. 0. 0.]  ...  [0. 0. 0.]  [0. 0. 0.]  [0. 0. 0.]] ... [[0. 0. 0.]  [0. 0. 0.]  [0. 0. 0.]  ...  [0. 0. 0.]  [0. 0. 0.]  [0. 0. 0.]] [[0. 0. 0.]  [0. 0. 0.]  [0. 0. 0.]  ...  [0. 0. 0.]  [0. 0. 0.]  [0. 0. 0.]] [[0. 0. 0.]  [0. 0. 0.]  [0. 0. 0.]  ...  [0. 0. 0.]  [0. 0. 0.]  [0. 0. 0.]]]",4.486025083926506,53304,/home/amos/media/tv/Carnivale S01-S02 web 10bit hevc-d3g/Carnivale S02/Carnivale.S02E10.1080p.WEBRip.10Bit.EAC3.H265-d3g.mkv935,1080,1920,1,171,392,1523,171,298792,0.144,"[[[0.5058824  0.44705883 0.4392157 ]  [0.50980395 0.4509804  0.44313726]  [0.5137255  0.45490196 0.44705883]  ...  [0.5254902  0.4745098  0.4745098 ]  [0.53333336 0.48235294 0.48235294]  [0.5411765  0.49019608 0.49019608]] [[0.5019608  0.44313726 0.43529412]  [0.5058824  0.44705883 0.4392157 ]  [0.50980395 0.4509804  0.44313726]  ...  [0.5254902  0.47843137 0.4745098 ]  [0.53333336 0.48235294 0.48235294]  [0.5411765  0.49019608 0.49019608]] [[0.5019608  0.44313726 0.43529412]  [0.5058824  0.44705883 0.4392157 ]  [0.50980395 0.4509804  0.44313726]  ...  [0.5294118  0.47843137 0.4745098 ]  [0.5372549  0.4862745  0.48235294]  [0.5411765  0.49019608 0.4862745 ]] ... [[0.53333336 0.4745098  0.46666667]  [0.5411765  0.48235294 0.47058824]  [0.54509807 0.4862745  0.4745098 ]  ...  [0.5921569  0.5372549  0.54509807]  [0.5921569  0.5411765  0.54901963]  [0.59607846 0.5411765  0.54901963]] [[0.53333336 0.4745098  0.46666667]  [0.5372549  0.47843137 0.47058824]  [0.5411765  0.48235294 0.4745098 ]  ...  [0.5921569  0.5372549  0.54901963]  [0.59607846 0.5411765  0.54901963]  [0.59607846 0.54509807 0.5529412 ]] [[0.53333336 0.4745098  0.46666667]  [0.53333336 0.47843137 0.47058824]  [0.5411765  0.48235294 0.4745098 ]  ...  [0.5921569  0.5411765  0.54509807]  [0.5921569  0.5411765  0.54901963]  [0.59607846 0.54509807 0.5529412 ]]]",0.32193798426305875,53304,/home/amos/media/tv/Carnivale S01-S02 web 10bit hevc-d3g/Carnivale S02/Carnivale.S02E10.1080p.WEBRip.10Bit.EAC3.H265-d3g.mkv936,1080,1920,0,666,37,543,666,77367,0.037,"[[[0. 0. 0.]  [0. 0. 0.]  [0. 0. 0.]  ...  [0. 0. 0.]  [0. 0. 0.]  [0. 0. 0.]] [[0. 0. 0.]  [0. 0. 0.]  [0. 0. 0.]  ...  [0. 0. 0.]  [0. 0. 0.]  [0. 0. 0.]] [[0. 0. 0.]  [0. 0. 0.]  [0. 0. 0.]  ...  [0. 0. 0.]  [0. 0. 0.]  [0. 0. 0.]] ... [[0. 0. 0.]  [0. 0. 0.]  [0. 0. 0.]  ...  [0. 0. 0.]  [0. 0. 0.]  [0. 0. 0.]] [[0. 0. 0.]  [0. 0. 0.]  [0. 0. 0.]  ...  [0. 0. 0.]  [0. 0. 0.]  [0. 0. 0.]] [[0. 0. 0.]  [0. 0. 0.]  [0. 0. 0.]  ...  [0. 0. 0.]  [0. 0. 0.]  [0. 0. 0.]]]",4.8160510380985215,53328,/home/amos/media/tv/Carnivale S01-S02 web 10bit hevc-d3g/Carnivale S02/Carnivale.S02E10.1080p.WEBRip.10Bit.EAC3.H265-d3g.mkv937,1080,1920,1,176,388,1520,176,284928,0.137,"[[[0.5019608  0.44313726 0.4392157 ]  [0.5019608  0.44313726 0.4392157 ]  [0.49803922 0.44313726 0.43529412]  ...  [0.5372549  0.4862745  0.48235294]  [0.54509807 0.49019608 0.49019608]  [0.5529412  0.49803922 0.49803922]] [[0.5058824  0.44705883 0.4392157 ]  [0.5058824  0.44705883 0.4392157 ]  [0.5019608  0.44705883 0.4392157 ]  ...  [0.5411765  0.49019608 0.48235294]  [0.54901963 0.49411765 0.49411765]  [0.5529412  0.49803922 0.49803922]] [[0.5058824  0.44705883 0.44313726]  [0.5058824  0.44705883 0.44313726]  [0.5019608  0.44705883 0.44313726]  ...  [0.5411765  0.4862745  0.48235294]  [0.54901963 0.49411765 0.49411765]  [0.5529412  0.49803922 0.49803922]] ... [[0.5176471  0.45490196 0.43529412]  [0.52156866 0.45490196 0.4392157 ]  [0.52156866 0.4627451  0.44313726]  ...  [0.6039216  0.54901963 0.56078434]  [0.6039216  0.54901963 0.56078434]  [0.60784316 0.5529412  0.5647059 ]] [[0.5176471  0.45490196 0.43529412]  [0.5176471  0.45490196 0.4392157 ]  [0.52156866 0.45882353 0.4392157 ]  ...  [0.6039216  0.54901963 0.56078434]  [0.6039216  0.54901963 0.56078434]  [0.60784316 0.5529412  0.5647059 ]] [[0.5137255  0.45490196 0.43529412]  [0.5176471  0.45490196 0.43529412]  [0.5176471  0.45882353 0.4392157 ]  ...  [0.6039216  0.54901963 0.56078434]  [0.6039216  0.54901963 0.56078434]  [0.60784316 0.5529412  0.5647059 ]]]",-0.04666188877308741,53328,/home/amos/media/tv/Carnivale S01-S02 web 10bit hevc-d3g/Carnivale S02/Carnivale.S02E10.1080p.WEBRip.10Bit.EAC3.H265-d3g.mkv938,1080,1920,0,120,758,1355,120,787930,0.38,"[[[0.28235295 0.15294118 0.15686275]  [0.2784314  0.14901961 0.15294118]  [0.27450982 0.14509805 0.14901961]  ...  [0.16862746 0.11372549 0.07843138]  [0.16470589 0.10980392 0.07450981]  [0.16470589 0.10980392 0.07058824]] [[0.28235295 0.15294118 0.15686275]  [0.2784314  0.14901961 0.15294118]  [0.27450982 0.14509805 0.14901961]  ...  [0.16862746 0.11372549 0.07843138]  [0.16470589 0.10980392 0.07450981]  [0.16470589 0.10980392 0.07450981]] [[0.28235295 0.15686275 0.15294118]  [0.2784314  0.15294118 0.14901961]  [0.27450982 0.14901961 0.14509805]  ...  [0.17254902 0.11764706 0.08235294]  [0.16862746 0.11372549 0.07843138]  [0.16862746 0.11372549 0.07843138]] ... [[0.11372549 0.08627451 0.0627451 ]  [0.11372549 0.08627451 0.0627451 ]  [0.11372549 0.08627451 0.0627451 ]  ...  [0.23529412 0.14509805 0.12156863]  [0.23137255 0.14117648 0.12156863]  [0.23137255 0.14117648 0.12156863]] [[0.11372549 0.08627451 0.0627451 ]  [0.11372549 0.08627451 0.0627451 ]  [0.11372549 0.08627451 0.0627451 ]  ...  [0.23529412 0.14117648 0.12156863]  [0.23137255 0.14117648 0.12156863]  [0.22745098 0.13725491 0.11764706]] [[0.11372549 0.08627451 0.0627451 ]  [0.11372549 0.08627451 0.0627451 ]  [0.11372549 0.08627451 0.0627451 ]  ...  [0.23529412 0.14117648 0.12156863]  [0.23137255 0.13725491 0.11764706]  [0.22745098 0.13725491 0.11764706]]]",3.3608561187866144,53376,/home/amos/media/tv/Carnivale S01-S02 web 10bit hevc-d3g/Carnivale S02/Carnivale.S02E10.1080p.WEBRip.10Bit.EAC3.H265-d3g.mkv939,1080,1920,0,454,135,992,454,171622,0.083,"[[[0.17254902 0.09803922 0.0627451 ]  [0.1764706  0.09803922 0.0627451 ]  [0.1764706  0.09803922 0.0627451 ]  ...  [0.07843138 0.0627451  0.05098039]  [0.07843138 0.07058824 0.05882353]  [0.08235294 0.07450981 0.0627451 ]] [[0.17254902 0.09803922 0.05882353]  [0.1764706  0.09803922 0.0627451 ]  [0.18039216 0.10196079 0.0627451 ]  ...  [0.07843138 0.0627451  0.05098039]  [0.07450981 0.06666667 0.05490196]  [0.07450981 0.06666667 0.05490196]] [[0.1764706  0.09803922 0.05882353]  [0.18039216 0.10196079 0.0627451 ]  [0.18039216 0.10196079 0.0627451 ]  ...  [0.07843138 0.0627451  0.05098039]  [0.07450981 0.06666667 0.05490196]  [0.07450981 0.06666667 0.05490196]] ... [[0.19607843 0.12156863 0.07843138]  [0.2        0.1254902  0.08235294]  [0.2        0.1254902  0.08235294]  ...  [0.3372549  0.29803923 0.29411766]  [0.3254902  0.29411766 0.2784314 ]  [0.32156864 0.28627452 0.27058825]] [[0.2        0.1254902  0.08235294]  [0.2        0.1254902  0.08235294]  [0.2        0.1254902  0.08235294]  ...  [0.3372549  0.29803923 0.29803923]  [0.3254902  0.29411766 0.2784314 ]  [0.32156864 0.28627452 0.27058825]] [[0.19607843 0.12156863 0.07843138]  [0.19607843 0.12156863 0.07843138]  [0.2        0.1254902  0.08235294]  ...  [0.3372549  0.3019608  0.3019608 ]  [0.3254902  0.28627452 0.28235295]  [0.32156864 0.28627452 0.27058825]]]",5.88468310929602,53472,/home/amos/media/tv/Carnivale S01-S02 web 10bit hevc-d3g/Carnivale S02/Carnivale.S02E10.1080p.WEBRip.10Bit.EAC3.H265-d3g.mkv940,1080,1920,0,487,137,989,487,175700,0.085,"[[[0.         0.         0.        ]  [0.         0.         0.        ]  [0.         0.         0.        ]  ...  [0.07450981 0.07058824 0.05882353]  [0.         0.         0.        ]  [0.         0.         0.        ]] [[0.         0.         0.        ]  [0.         0.         0.        ]  [0.         0.         0.        ]  ...  [0.07058824 0.06666667 0.05490196]  [0.         0.         0.        ]  [0.         0.         0.        ]] [[0.1764706  0.10588235 0.0627451 ]  [0.18039216 0.10588235 0.0627451 ]  [0.18039216 0.10588235 0.0627451 ]  ...  [0.08235294 0.07843138 0.0627451 ]  [0.         0.         0.        ]  [0.         0.         0.        ]] ... [[0.         0.         0.        ]  [0.         0.         0.        ]  [0.2        0.13333334 0.08627451]  ...  [0.32941177 0.29803923 0.25882354]  [0.3372549  0.30588236 0.26666668]  [0.34901962 0.31764707 0.28235295]] [[0.         0.         0.        ]  [0.         0.         0.        ]  [0.2        0.13333334 0.08627451]  ...  [0.         0.         0.        ]  [0.         0.         0.        ]  [0.         0.         0.        ]] [[0.         0.         0.        ]  [0.         0.         0.        ]  [0.2        0.13333334 0.08627451]  ...  [0.         0.         0.        ]  [0.         0.         0.        ]  [0.         0.         0.        ]]]",6.985306993185077,53496,/home/amos/media/tv/Carnivale S01-S02 web 10bit hevc-d3g/Carnivale S02/Carnivale.S02E10.1080p.WEBRip.10Bit.EAC3.H265-d3g.mkv941,1080,1920,0,623,17,462,623,97566,0.047,"[[[0. 0. 0.]  [0. 0. 0.]  [0. 0. 0.]  ...  [0. 0. 0.]  [0. 0. 0.]  [0. 0. 0.]] [[0. 0. 0.]  [0. 0. 0.]  [0. 0. 0.]  ...  [0. 0. 0.]  [0. 0. 0.]  [0. 0. 0.]] [[0. 0. 0.]  [0. 0. 0.]  [0. 0. 0.]  ...  [0. 0. 0.]  [0. 0. 0.]  [0. 0. 0.]] ... [[0. 0. 0.]  [0. 0. 0.]  [0. 0. 0.]  ...  [0. 0. 0.]  [0. 0. 0.]  [0. 0. 0.]] [[0. 0. 0.]  [0. 0. 0.]  [0. 0. 0.]  ...  [0. 0. 0.]  [0. 0. 0.]  [0. 0. 0.]] [[0. 0. 0.]  [0. 0. 0.]  [0. 0. 0.]  ...  [0. 0. 0.]  [0. 0. 0.]  [0. 0. 0.]]]",6.898737131501548,53520,/home/amos/media/tv/Carnivale S01-S02 web 10bit hevc-d3g/Carnivale S02/Carnivale.S02E10.1080p.WEBRip.10Bit.EAC3.H265-d3g.mkv942,1080,1920,0,115,364,1102,115,245763,0.119,"[[[0.         0.         0.        ]  [0.         0.         0.        ]  [0.         0.         0.        ]  ...  [0.05882353 0.03921569 0.00784314]  [0.05882353 0.03529412 0.00392157]  [0.05882353 0.03529412 0.00392157]] [[0.         0.         0.        ]  [0.         0.         0.        ]  [0.         0.         0.        ]  ...  [0.05882353 0.03921569 0.00784314]  [0.05882353 0.03529412 0.00392157]  [0.05882353 0.03529412 0.00392157]] [[0.         0.         0.        ]  [0.         0.         0.        ]  [0.         0.         0.        ]  ...  [0.05882353 0.03921569 0.00392157]  [0.05882353 0.03529412 0.00392157]  [0.05882353 0.03529412 0.00392157]] ... [[0.00392157 0.00784314 0.        ]  [0.00392157 0.00784314 0.        ]  [0.00392157 0.00784314 0.        ]  ...  [0.         0.         0.        ]  [0.         0.         0.        ]  [0.         0.         0.        ]] [[0.00392157 0.00784314 0.        ]  [0.00392157 0.00784314 0.        ]  [0.00392157 0.00784314 0.        ]  ...  [0.         0.         0.        ]  [0.         0.         0.        ]  [0.         0.         0.        ]] [[0.00392157 0.00784314 0.        ]  [0.00392157 0.00784314 0.        ]  [0.00392157 0.00784314 0.        ]  ...  [0.         0.         0.        ]  [0.         0.         0.        ]  [0.         0.         0.        ]]]",7.038164078898262,53688,/home/amos/media/tv/Carnivale S01-S02 web 10bit hevc-d3g/Carnivale S02/Carnivale.S02E10.1080p.WEBRip.10Bit.EAC3.H265-d3g.mkv943,1080,1920,0,120,365,1101,120,240345,0.116,"[[[0.         0.         0.        ]  [0.         0.         0.        ]  [0.         0.         0.        ]  ...  [0.04705882 0.03137255 0.        ]  [0.04705882 0.03137255 0.        ]  [0.04705882 0.03137255 0.        ]] [[0.         0.         0.        ]  [0.         0.         0.        ]  [0.         0.         0.        ]  ...  [0.04705882 0.03137255 0.        ]  [0.04705882 0.03137255 0.        ]  [0.04705882 0.03137255 0.        ]] [[0.         0.         0.        ]  [0.         0.         0.        ]  [0.         0.         0.        ]  ...  [0.05098039 0.02745098 0.        ]  [0.04705882 0.03137255 0.        ]  [0.04705882 0.03137255 0.        ]] ... [[0.00392157 0.01176471 0.        ]  [0.00392157 0.01176471 0.        ]  [0.00392157 0.01176471 0.        ]  ...  [0.01568628 0.00392157 0.        ]  [0.01568628 0.00392157 0.        ]  [0.01568628 0.00784314 0.        ]] [[0.00392157 0.01176471 0.        ]  [0.00392157 0.01176471 0.        ]  [0.00392157 0.01176471 0.        ]  ...  [0.02352941 0.01176471 0.00392157]  [0.02352941 0.00784314 0.        ]  [0.01960784 0.00784314 0.        ]] [[0.00392157 0.01176471 0.        ]  [0.00392157 0.01176471 0.        ]  [0.00392157 0.01176471 0.        ]  ...  [0.03137255 0.01568628 0.00784314]  [0.02745098 0.00784314 0.        ]  [0.02352941 0.00784314 0.        ]]]",6.465770030103158,53712,/home/amos/media/tv/Carnivale S01-S02 web 10bit hevc-d3g/Carnivale S02/Carnivale.S02E10.1080p.WEBRip.10Bit.EAC3.H265-d3g.mkv944,1080,1920,0,118,371,1102,118,248952,0.12,"[[[0.         0.         0.        ]  [0.         0.         0.        ]  [0.         0.         0.        ]  ...  [0.05490196 0.02745098 0.        ]  [0.05490196 0.02745098 0.        ]  [0.05490196 0.02745098 0.        ]] [[0.         0.         0.        ]  [0.         0.         0.        ]  [0.         0.         0.        ]  ...  [0.05098039 0.02352941 0.        ]  [0.05098039 0.02352941 0.        ]  [0.05098039 0.02352941 0.        ]] [[0.         0.         0.        ]  [0.         0.         0.        ]  [0.         0.         0.        ]  ...  [0.05098039 0.01568628 0.        ]  [0.05098039 0.01568628 0.        ]  [0.04705882 0.01568628 0.        ]] ... [[0.00392157 0.01176471 0.        ]  [0.00392157 0.01176471 0.        ]  [0.00392157 0.01176471 0.        ]  ...  [0.00784314 0.         0.        ]  [0.00784314 0.         0.        ]  [0.00784314 0.         0.        ]] [[0.00392157 0.01176471 0.        ]  [0.00392157 0.01176471 0.        ]  [0.         0.00784314 0.        ]  ...  [0.00392157 0.         0.        ]  [0.00784314 0.         0.        ]  [0.01176471 0.         0.        ]] [[0.00392157 0.01176471 0.        ]  [0.00392157 0.01176471 0.        ]  [0.         0.00784314 0.        ]  ...  [0.00392157 0.         0.        ]  [0.00784314 0.         0.        ]  [0.01176471 0.         0.        ]]]",4.934812106832396,53736,/home/amos/media/tv/Carnivale S01-S02 web 10bit hevc-d3g/Carnivale S02/Carnivale.S02E10.1080p.WEBRip.10Bit.EAC3.H265-d3g.mkv945,1080,1920,0,605,276,801,605,64484,0.031,"[[[0.03921569 0.02352941 0.        ]  [0.04313726 0.02745098 0.        ]  [0.04313726 0.02745098 0.        ]  ...  [0.03921569 0.02352941 0.00392157]  [0.04313726 0.02745098 0.00784314]  [0.03921569 0.02352941 0.00392157]] [[0.03921569 0.02352941 0.        ]  [0.03921569 0.02352941 0.        ]  [0.03921569 0.02352941 0.        ]  ...  [0.03921569 0.02352941 0.00392157]  [0.04313726 0.02745098 0.00784314]  [0.03921569 0.02352941 0.00392157]] [[0.03921569 0.02352941 0.        ]  [0.04313726 0.02745098 0.        ]  [0.04313726 0.02745098 0.        ]  ...  [0.03921569 0.02352941 0.00392157]  [0.03921569 0.02352941 0.00392157]  [0.03921569 0.02352941 0.00392157]] ... [[0.02745098 0.02745098 0.00784314]  [0.02745098 0.02745098 0.00784314]  [0.02745098 0.02745098 0.00784314]  ...  [0.02745098 0.02352941 0.00784314]  [0.03137255 0.02745098 0.01176471]  [0.03137255 0.02745098 0.01176471]] [[0.02352941 0.02352941 0.00392157]  [0.02352941 0.02352941 0.00392157]  [0.02352941 0.02352941 0.00392157]  ...  [0.02745098 0.02352941 0.00784314]  [0.02745098 0.02352941 0.01176471]  [0.03137255 0.02745098 0.01176471]] [[0.01960784 0.01568628 0.        ]  [0.02352941 0.01960784 0.00392157]  [0.02352941 0.01960784 0.00392157]  ...  [0.02745098 0.02352941 0.01176471]  [0.02352941 0.01960784 0.00784314]  [0.03137255 0.02745098 0.01568628]]]",5.007634024310391,53808,/home/amos/media/tv/Carnivale S01-S02 web 10bit hevc-d3g/Carnivale S02/Carnivale.S02E10.1080p.WEBRip.10Bit.EAC3.H265-d3g.mkv946,1080,1920,0,578,292,838,578,74360,0.036,"[[[0.03921569 0.02352941 0.        ]  [0.03921569 0.02352941 0.        ]  [0.02745098 0.01176471 0.        ]  ...  [0.03921569 0.02352941 0.00392157]  [0.03529412 0.01960784 0.        ]  [0.03921569 0.02352941 0.00392157]] [[0.04705882 0.03137255 0.00784314]  [0.0627451  0.04705882 0.01960784]  [0.05098039 0.03529412 0.01176471]  ...  [0.03921569 0.02352941 0.00392157]  [0.03921569 0.02352941 0.00392157]  [0.03921569 0.02352941 0.00392157]] [[0.03529412 0.01568628 0.        ]  [0.03529412 0.01960784 0.        ]  [0.03921569 0.02352941 0.        ]  ...  [0.03529412 0.01960784 0.        ]  [0.03529412 0.01960784 0.        ]  [0.03921569 0.02352941 0.00392157]] ... [[0.01960784 0.01568628 0.00392157]  [0.01960784 0.01568628 0.00392157]  [0.01960784 0.01568628 0.00392157]  ...  [0.02745098 0.02352941 0.01176471]  [0.02745098 0.02352941 0.00784314]  [0.03137255 0.02745098 0.01176471]] [[0.01960784 0.01568628 0.00392157]  [0.01960784 0.01568628 0.00392157]  [0.01960784 0.01568628 0.00392157]  ...  [0.02745098 0.02352941 0.00784314]  [0.02352941 0.02352941 0.        ]  [0.02352941 0.02352941 0.        ]] [[0.02352941 0.01960784 0.00784314]  [0.02352941 0.01960784 0.00784314]  [0.02352941 0.01960784 0.00784314]  ...  [0.02745098 0.02352941 0.00392157]  [0.02352941 0.02352941 0.        ]  [0.02745098 0.02745098 0.00392157]]]",4.859007058374118,53832,/home/amos/media/tv/Carnivale S01-S02 web 10bit hevc-d3g/Carnivale S02/Carnivale.S02E10.1080p.WEBRip.10Bit.EAC3.H265-d3g.mkv947,1080,1920,0,59,310,868,59,203059,0.098,"[[[0.14901961 0.08235294 0.05098039]  [0.14901961 0.08235294 0.05098039]  [0.14901961 0.08235294 0.05098039]  ...  [0.42352942 0.32941177 0.33333334]  [0.42352942 0.32941177 0.33333334]  [0.42352942 0.32941177 0.33333334]] [[0.14901961 0.08235294 0.05098039]  [0.14901961 0.08235294 0.05098039]  [0.14901961 0.08235294 0.05098039]  ...  [0.42352942 0.32941177 0.33333334]  [0.42352942 0.32941177 0.33333334]  [0.42352942 0.32941177 0.33333334]] [[0.14901961 0.08235294 0.05098039]  [0.14901961 0.08235294 0.05098039]  [0.14901961 0.08235294 0.05098039]  ...  [0.42352942 0.3254902  0.32941177]  [0.41960785 0.3254902  0.32941177]  [0.41960785 0.3254902  0.32941177]] ... [[0.32941177 0.24313726 0.22745098]  [0.32941177 0.24313726 0.22745098]  [0.32941177 0.24313726 0.22745098]  ...  [0.3882353  0.3019608  0.30588236]  [0.38431373 0.3019608  0.3019608 ]  [0.38431373 0.3019608  0.3019608 ]] [[0.32941177 0.24313726 0.22745098]  [0.32941177 0.24313726 0.22745098]  [0.32941177 0.24313726 0.22745098]  ...  [0.38431373 0.3019608  0.3019608 ]  [0.38431373 0.3019608  0.3019608 ]  [0.38431373 0.3019608  0.3019608 ]] [[0.32941177 0.24313726 0.22745098]  [0.32941177 0.24313726 0.22745098]  [0.32941177 0.24313726 0.22745098]  ...  [0.38431373 0.3019608  0.3019608 ]  [0.38431373 0.3019608  0.3019608 ]  [0.38431373 0.3019608  0.3019608 ]]]",3.587089988810476,53880,/home/amos/media/tv/Carnivale S01-S02 web 10bit hevc-d3g/Carnivale S02/Carnivale.S02E10.1080p.WEBRip.10Bit.EAC3.H265-d3g.mkv948,1080,1920,0,98,115,1013,98,15555,0.008,"[[[0.16078432 0.09411765 0.06666667]  [0.16078432 0.09411765 0.06666667]  [0.16078432 0.09411765 0.06666667]  ...  [0.10196079 0.04313726 0.00784314]  [0.10196079 0.04313726 0.00784314]  [0.10196079 0.04313726 0.00784314]] [[0.16078432 0.09411765 0.06666667]  [0.16078432 0.09411765 0.06666667]  [0.16078432 0.09411765 0.06666667]  ...  [0.10196079 0.04313726 0.00784314]  [0.10196079 0.04313726 0.00784314]  [0.10196079 0.04313726 0.00784314]] [[0.15686275 0.09019608 0.0627451 ]  [0.15686275 0.09019608 0.0627451 ]  [0.16078432 0.09411765 0.06666667]  ...  [0.10196079 0.04313726 0.00784314]  [0.10196079 0.04313726 0.00784314]  [0.10196079 0.04313726 0.00784314]] ... [[0.44313726 0.34509805 0.34901962]  [0.44313726 0.34509805 0.34901962]  [0.44313726 0.34509805 0.3529412 ]  ...  [0.3137255  0.2509804  0.23137255]  [0.3137255  0.2509804  0.23137255]  [0.3137255  0.2509804  0.23137255]] [[0.44313726 0.34509805 0.34901962]  [0.44313726 0.34509805 0.34901962]  [0.44313726 0.34901962 0.3529412 ]  ...  [0.3137255  0.2509804  0.23137255]  [0.3137255  0.2509804  0.23137255]  [0.31764707 0.25490198 0.23529412]] [[0.44313726 0.34509805 0.34901962]  [0.44313726 0.34509805 0.34901962]  [0.44313726 0.34509805 0.3529412 ]  ...  [0.3137255  0.2509804  0.23137255]  [0.31764707 0.25490198 0.23529412]  [0.31764707 0.25490198 0.23529412]]]",0.975719035428483,53904,/home/amos/media/tv/Carnivale S01-S02 web 10bit hevc-d3g/Carnivale S02/Carnivale.S02E10.1080p.WEBRip.10Bit.EAC3.H265-d3g.mkv949,1080,1920,0,57,50,788,57,5117,0.002,"[[[0.19607843 0.12941177 0.08235294]  [0.19607843 0.12941177 0.08235294]  [0.19607843 0.12941177 0.08235294]  ...  [0.16078432 0.10196079 0.07058824]  [0.16078432 0.10196079 0.07058824]  [0.16078432 0.10196079 0.07058824]] [[0.19607843 0.12941177 0.08235294]  [0.19607843 0.12941177 0.08235294]  [0.19607843 0.12941177 0.08235294]  ...  [0.16078432 0.10196079 0.07058824]  [0.16078432 0.10196079 0.07058824]  [0.16078432 0.10196079 0.07058824]] [[0.19607843 0.12941177 0.08235294]  [0.19607843 0.12941177 0.08235294]  [0.19607843 0.12941177 0.08235294]  ...  [0.16078432 0.10196079 0.07058824]  [0.16078432 0.10196079 0.07058824]  [0.16078432 0.10196079 0.07058824]] ... [[0.2509804  0.18431373 0.13725491]  [0.2509804  0.18431373 0.13725491]  [0.2509804  0.18431373 0.13333334]  ...  [0.16470589 0.11372549 0.07450981]  [0.16470589 0.10980392 0.07450981]  [0.16470589 0.10980392 0.07450981]] [[0.2509804  0.18431373 0.13725491]  [0.2509804  0.18431373 0.13725491]  [0.2509804  0.18431373 0.13725491]  ...  [0.16862746 0.11372549 0.07843138]  [0.16862746 0.11372549 0.07843138]  [0.16862746 0.11372549 0.07843138]] [[0.2509804  0.18431373 0.13725491]  [0.2509804  0.18431373 0.13725491]  [0.24705882 0.18431373 0.13725491]  ...  [0.16862746 0.11372549 0.07843138]  [0.16862746 0.11372549 0.07843138]  [0.16862746 0.11372549 0.07843138]]]",0.7785671636811458,54000,/home/amos/media/tv/Carnivale S01-S02 web 10bit hevc-d3g/Carnivale S02/Carnivale.S02E10.1080p.WEBRip.10Bit.EAC3.H265-d3g.mkv950,1080,1920,0,304,79,1292,304,222300,0.107,"[[[0.         0.00392157 0.        ]  [0.         0.00392157 0.        ]  [0.00392157 0.00784314 0.        ]  ...  [0.07843138 0.05490196 0.02352941]  [0.08235294 0.05882353 0.02745098]  [0.06666667 0.04313726 0.01176471]] [[0.         0.00392157 0.        ]  [0.         0.00392157 0.        ]  [0.00392157 0.00784314 0.        ]  ...  [0.05882353 0.03529412 0.00392157]  [0.05882353 0.03529412 0.00392157]  [0.05882353 0.03529412 0.00392157]] [[0.         0.00784314 0.        ]  [0.         0.00392157 0.        ]  [0.00392157 0.00784314 0.        ]  ...  [0.06666667 0.04313726 0.01176471]  [0.06666667 0.04313726 0.01176471]  [0.07058824 0.04313726 0.01568628]] ... [[0.00784314 0.00392157 0.        ]  [0.00784314 0.00392157 0.        ]  [0.00784314 0.00392157 0.        ]  ...  [0.2        0.15294118 0.13725491]  [0.2        0.15294118 0.13725491]  [0.2        0.15294118 0.13725491]] [[0.00784314 0.00392157 0.        ]  [0.00784314 0.00392157 0.        ]  [0.00784314 0.00392157 0.        ]  ...  [0.20784314 0.16078432 0.14509805]  [0.20392157 0.15686275 0.14117648]  [0.20392157 0.15686275 0.14117648]] [[0.00784314 0.00392157 0.        ]  [0.00784314 0.00392157 0.        ]  [0.00784314 0.00392157 0.        ]  ...  [0.20784314 0.16078432 0.14509805]  [0.20784314 0.16078432 0.14509805]  [0.20784314 0.16078432 0.14509805]]]",4.210682109405752,54168,/home/amos/media/tv/Carnivale S01-S02 web 10bit hevc-d3g/Carnivale S02/Carnivale.S02E10.1080p.WEBRip.10Bit.EAC3.H265-d3g.mkv951,1080,1920,0,327,96,1282,327,220605,0.106,"[[[0.00784314 0.00392157 0.        ]  [0.00392157 0.00392157 0.        ]  [0.00392157 0.00392157 0.        ]  ...  [0.08235294 0.05490196 0.01176471]  [0.08235294 0.05490196 0.01568628]  [0.07450981 0.04705882 0.00784314]] [[0.00784314 0.00392157 0.        ]  [0.00392157 0.         0.        ]  [0.00392157 0.         0.        ]  ...  [0.07843138 0.05098039 0.00784314]  [0.07843138 0.05098039 0.01176471]  [0.07450981 0.04705882 0.00784314]] [[0.01176471 0.00392157 0.        ]  [0.00392157 0.         0.        ]  [0.00392157 0.         0.        ]  ...  [0.07843138 0.05098039 0.00784314]  [0.07843138 0.05098039 0.01176471]  [0.07450981 0.04705882 0.00784314]] ... [[0.03137255 0.01176471 0.00392157]  [0.03137255 0.01176471 0.00392157]  [0.03137255 0.01176471 0.00392157]  ...  [0.0627451  0.04313726 0.01568628]  [0.06666667 0.04313726 0.01960784]  [0.07450981 0.04705882 0.02745098]] [[0.03137255 0.01176471 0.00392157]  [0.03137255 0.01176471 0.00392157]  [0.03137255 0.01176471 0.00392157]  ...  [0.06666667 0.04313726 0.01568628]  [0.06666667 0.04313726 0.01960784]  [0.07450981 0.05098039 0.02745098]] [[0.03137255 0.01176471 0.00392157]  [0.03137255 0.01176471 0.00392157]  [0.03529412 0.01568628 0.00784314]  ...  [0.0627451  0.04313726 0.01568628]  [0.06666667 0.04705882 0.01960784]  [0.07450981 0.05490196 0.02745098]]]",7.196687090152409,54192,/home/amos/media/tv/Carnivale S01-S02 web 10bit hevc-d3g/Carnivale S02/Carnivale.S02E10.1080p.WEBRip.10Bit.EAC3.H265-d3g.mkv952,1080,1920,0,282,292,676,282,3940,0.002,"[[[0.22352941 0.16470589 0.11764706]  [0.23529412 0.1764706  0.12941177]  [0.23921569 0.18039216 0.13333334]  ...  [0.05490196 0.01960784 0.00392157]  [0.05098039 0.01568628 0.        ]  [0.03921569 0.00392157 0.        ]] [[0.2        0.14117648 0.09411765]  [0.21176471 0.15294118 0.10588235]  [0.22745098 0.16862746 0.12156863]  ...  [0.05882353 0.02352941 0.00392157]  [0.06666667 0.03137255 0.01176471]  [0.05882353 0.02352941 0.00392157]] [[0.21176471 0.15686275 0.10588235]  [0.21176471 0.15686275 0.10588235]  [0.22352941 0.16862746 0.12156863]  ...  [0.0627451  0.02745098 0.01176471]  [0.06666667 0.03137255 0.01176471]  [0.0627451  0.02745098 0.01176471]] ... [[0.00392157 0.         0.        ]  [0.00392157 0.         0.        ]  [0.00392157 0.         0.        ]  ...  [0.08235294 0.0627451  0.05098039]  [0.09019608 0.07058824 0.05882353]  [0.09411765 0.07450981 0.0627451 ]] [[0.         0.         0.        ]  [0.         0.         0.        ]  [0.00392157 0.         0.        ]  ...  [0.09019608 0.07058824 0.05882353]  [0.09411765 0.07450981 0.0627451 ]  [0.09411765 0.07450981 0.0627451 ]] [[0.         0.         0.        ]  [0.         0.         0.        ]  [0.00392157 0.         0.        ]  ...  [0.09411765 0.07450981 0.05882353]  [0.09803922 0.07843138 0.06666667]  [0.09411765 0.07450981 0.0627451 ]]]",4.30930007545976,54264,/home/amos/media/tv/Carnivale S01-S02 web 10bit hevc-d3g/Carnivale S02/Carnivale.S02E10.1080p.WEBRip.10Bit.EAC3.H265-d3g.mkv953,1080,1920,0,312,179,1340,312,136724,0.066,"[[[0.01568628 0.00392157 0.        ]  [0.01568628 0.00392157 0.        ]  [0.01960784 0.00392157 0.        ]  ...  [0.17254902 0.14117648 0.11764706]  [0.19215687 0.16078432 0.13725491]  [0.1882353  0.15686275 0.13333334]] [[0.01568628 0.00392157 0.        ]  [0.01568628 0.00392157 0.        ]  [0.01960784 0.00392157 0.        ]  ...  [0.20784314 0.1764706  0.15294118]  [0.21568628 0.18431373 0.16078432]  [0.21960784 0.1882353  0.16470589]] [[0.01568628 0.00392157 0.        ]  [0.01960784 0.00392157 0.        ]  [0.01960784 0.00392157 0.        ]  ...  [0.22352941 0.19215687 0.16470589]  [0.2        0.16862746 0.14117648]  [0.18431373 0.14901961 0.12941177]] ... [[0.01960784 0.01568628 0.00392157]  [0.01960784 0.01960784 0.00784314]  [0.02352941 0.01960784 0.00784314]  ...  [0.00784314 0.01176471 0.        ]  [0.00784314 0.01176471 0.        ]  [0.00784314 0.01176471 0.        ]] [[0.02352941 0.01960784 0.00784314]  [0.02352941 0.01960784 0.00784314]  [0.02352941 0.01960784 0.00784314]  ...  [0.00784314 0.01176471 0.        ]  [0.00784314 0.01176471 0.        ]  [0.00784314 0.01176471 0.        ]] [[0.02352941 0.01960784 0.00784314]  [0.02352941 0.01960784 0.00784314]  [0.02352941 0.01960784 0.00784314]  ...  [0.00784314 0.01176471 0.        ]  [0.00784314 0.01176471 0.        ]  [0.00392157 0.00784314 0.        ]]]",6.753054042754229,54408,/home/amos/media/tv/Carnivale S01-S02 web 10bit hevc-d3g/Carnivale S02/Carnivale.S02E10.1080p.WEBRip.10Bit.EAC3.H265-d3g.mkv954,1080,1920,0,306,184,1334,306,125416,0.06,"[[[0. 0. 0.]  [0. 0. 0.]  [0. 0. 0.]  ...  [0. 0. 0.]  [0. 0. 0.]  [0. 0. 0.]] [[0. 0. 0.]  [0. 0. 0.]  [0. 0. 0.]  ...  [0. 0. 0.]  [0. 0. 0.]  [0. 0. 0.]] [[0. 0. 0.]  [0. 0. 0.]  [0. 0. 0.]  ...  [0. 0. 0.]  [0. 0. 0.]  [0. 0. 0.]] ... [[0. 0. 0.]  [0. 0. 0.]  [0. 0. 0.]  ...  [0. 0. 0.]  [0. 0. 0.]  [0. 0. 0.]] [[0. 0. 0.]  [0. 0. 0.]  [0. 0. 0.]  ...  [0. 0. 0.]  [0. 0. 0.]  [0. 0. 0.]] [[0. 0. 0.]  [0. 0. 0.]  [0. 0. 0.]  ...  [0. 0. 0.]  [0. 0. 0.]  [0. 0. 0.]]]",5.740834030264523,54432,/home/amos/media/tv/Carnivale S01-S02 web 10bit hevc-d3g/Carnivale S02/Carnivale.S02E10.1080p.WEBRip.10Bit.EAC3.H265-d3g.mkv955,1080,1920,0,323,131,1335,323,194304,0.094,"[[[0.04313726 0.01960784 0.00392157]  [0.04705882 0.01960784 0.        ]  [0.04705882 0.01960784 0.        ]  ...  [0.05098039 0.02352941 0.        ]  [0.05098039 0.02352941 0.        ]  [0.05098039 0.02352941 0.        ]] [[0.04313726 0.01568628 0.        ]  [0.05490196 0.02745098 0.00784314]  [0.04705882 0.01960784 0.        ]  ...  [0.05098039 0.02352941 0.        ]  [0.05098039 0.02352941 0.        ]  [0.05098039 0.02352941 0.        ]] [[0.04313726 0.01960784 0.00392157]  [0.05490196 0.02745098 0.00784314]  [0.05490196 0.02745098 0.00784314]  ...  [0.05098039 0.02352941 0.        ]  [0.05098039 0.02352941 0.        ]  [0.05098039 0.02352941 0.        ]] ... [[0.01176471 0.00784314 0.        ]  [0.01176471 0.00784314 0.        ]  [0.01176471 0.00784314 0.        ]  ...  [0.         0.00392157 0.        ]  [0.         0.00392157 0.        ]  [0.00784314 0.01176471 0.        ]] [[0.01176471 0.00784314 0.        ]  [0.01176471 0.00784314 0.        ]  [0.00784314 0.00784314 0.        ]  ...  [0.         0.00392157 0.        ]  [0.00392157 0.00784314 0.        ]  [0.00784314 0.01176471 0.        ]] [[0.01176471 0.00784314 0.        ]  [0.01176471 0.00784314 0.        ]  [0.00784314 0.00392157 0.        ]  ...  [0.00392157 0.00392157 0.        ]  [0.00392157 0.00784314 0.        ]  [0.00784314 0.01176471 0.        ]]]",7.770547005988192,54456,/home/amos/media/tv/Carnivale S01-S02 web 10bit hevc-d3g/Carnivale S02/Carnivale.S02E10.1080p.WEBRip.10Bit.EAC3.H265-d3g.mkv956,1080,1920,0,286,222,1332,286,66944,0.032,"[[[0.04313726 0.01960784 0.00392157]  [0.03921569 0.01176471 0.        ]  [0.03529412 0.00784314 0.        ]  ...  [0.09019608 0.06666667 0.02352941]  [0.09019608 0.06666667 0.02352941]  [0.08627451 0.0627451  0.01960784]] [[0.03921569 0.01568628 0.00392157]  [0.03921569 0.01176471 0.        ]  [0.03529412 0.00784314 0.        ]  ...  [0.08235294 0.05882353 0.01568628]  [0.08235294 0.05882353 0.01568628]  [0.08235294 0.05882353 0.01568628]] [[0.03921569 0.01568628 0.        ]  [0.03921569 0.01568628 0.        ]  [0.03921569 0.01176471 0.        ]  ...  [0.07843138 0.05490196 0.01176471]  [0.08235294 0.0627451  0.01568628]  [0.08627451 0.0627451  0.01960784]] ... [[0.02352941 0.01960784 0.00392157]  [0.02352941 0.01960784 0.00392157]  [0.02352941 0.01960784 0.00392157]  ...  [0.00784314 0.01176471 0.        ]  [0.00784314 0.01176471 0.        ]  [0.00784314 0.01176471 0.        ]] [[0.02352941 0.01960784 0.00392157]  [0.02352941 0.01960784 0.00392157]  [0.02352941 0.01960784 0.00392157]  ...  [0.01176471 0.01568628 0.00392157]  [0.00784314 0.01176471 0.        ]  [0.00784314 0.01176471 0.        ]] [[0.02352941 0.01960784 0.00392157]  [0.02352941 0.01960784 0.00392157]  [0.02352941 0.01960784 0.00392157]  ...  [0.00784314 0.01176471 0.        ]  [0.00784314 0.01176471 0.        ]  [0.00784314 0.01176471 0.        ]]]",4.9168920060037635,54480,/home/amos/media/tv/Carnivale S01-S02 web 10bit hevc-d3g/Carnivale S02/Carnivale.S02E10.1080p.WEBRip.10Bit.EAC3.H265-d3g.mkv957,1080,1920,0,295,210,1357,295,90270,0.044,"[[[0.05098039 0.02745098 0.00784314]  [0.05098039 0.02745098 0.00392157]  [0.05882353 0.03529412 0.00784314]  ...  [0.16078432 0.1254902  0.09803922]  [0.16470589 0.12941177 0.10196079]  [0.16078432 0.1254902  0.10196079]] [[0.05098039 0.02745098 0.00784314]  [0.05490196 0.03137255 0.00784314]  [0.05882353 0.03529412 0.00784314]  ...  [0.16470589 0.12941177 0.10588235]  [0.15686275 0.12156863 0.09411765]  [0.14901961 0.11372549 0.08627451]] [[0.05490196 0.03137255 0.00784314]  [0.05490196 0.03137255 0.00784314]  [0.0627451  0.03529412 0.00784314]  ...  [0.16078432 0.1254902  0.09803922]  [0.15294118 0.11764706 0.09019608]  [0.14901961 0.11372549 0.08627451]] ... [[0.02352941 0.01960784 0.00392157]  [0.02352941 0.01960784 0.00392157]  [0.02352941 0.01960784 0.00392157]  ...  [0.00392157 0.00784314 0.        ]  [0.00392157 0.00784314 0.        ]  [0.00392157 0.00784314 0.        ]] [[0.01960784 0.01568628 0.        ]  [0.01960784 0.01568628 0.        ]  [0.02352941 0.01960784 0.00392157]  ...  [0.00392157 0.00784314 0.        ]  [0.00392157 0.00784314 0.        ]  [0.00392157 0.00784314 0.        ]] [[0.01960784 0.01568628 0.        ]  [0.01960784 0.01568628 0.        ]  [0.02352941 0.01960784 0.00392157]  ...  [0.00392157 0.00784314 0.        ]  [0.00392157 0.00784314 0.        ]  [0.00392157 0.00784314 0.        ]]]",4.845883083937224,54624,/home/amos/media/tv/Carnivale S01-S02 web 10bit hevc-d3g/Carnivale S02/Carnivale.S02E10.1080p.WEBRip.10Bit.EAC3.H265-d3g.mkv958,1080,1920,0,303,203,1344,303,104100,0.05,"[[[0.02352941 0.00784314 0.        ]  [0.02352941 0.01176471 0.        ]  [0.02352941 0.01176471 0.        ]  ...  [0.21960784 0.18039216 0.15294118]  [0.22745098 0.1882353  0.16078432]  [0.22745098 0.19215687 0.16470589]] [[0.02352941 0.00784314 0.        ]  [0.02745098 0.01176471 0.00392157]  [0.02352941 0.01176471 0.00392157]  ...  [0.21176471 0.17254902 0.14509805]  [0.2        0.16078432 0.13333334]  [0.18431373 0.14901961 0.12156863]] [[0.02352941 0.00784314 0.        ]  [0.02352941 0.01176471 0.00392157]  [0.02352941 0.01176471 0.00392157]  ...  [0.16862746 0.13333334 0.10196079]  [0.16078432 0.12156863 0.09411765]  [0.15294118 0.11764706 0.09019608]] ... [[0.03529412 0.03137255 0.01568628]  [0.03529412 0.03137255 0.01568628]  [0.03137255 0.02745098 0.01176471]  ...  [0.01176471 0.01568628 0.        ]  [0.01176471 0.01568628 0.        ]  [0.01176471 0.01568628 0.        ]] [[0.03137255 0.02745098 0.01176471]  [0.02745098 0.02352941 0.00784314]  [0.02745098 0.01960784 0.00392157]  ...  [0.01176471 0.01176471 0.        ]  [0.01176471 0.01176471 0.        ]  [0.00784314 0.00784314 0.        ]] [[0.02745098 0.02352941 0.00784314]  [0.02352941 0.01960784 0.00392157]  [0.02352941 0.01960784 0.00392157]  ...  [0.01176471 0.00784314 0.        ]  [0.01176471 0.00784314 0.        ]  [0.01176471 0.00784314 0.        ]]]",6.90428606828209,54648,/home/amos/media/tv/Carnivale S01-S02 web 10bit hevc-d3g/Carnivale S02/Carnivale.S02E10.1080p.WEBRip.10Bit.EAC3.H265-d3g.mkv959,1080,1920,1,57,995,1514,57,1366666,0.659,"[[[0.02745098 0.00784314 0.        ]  [0.02745098 0.00784314 0.        ]  [0.02745098 0.00784314 0.        ]  ...  [0.21960784 0.12156863 0.09803922]  [0.21960784 0.12156863 0.09803922]  [0.21960784 0.12156863 0.09803922]] [[0.02745098 0.00784314 0.        ]  [0.02745098 0.00784314 0.        ]  [0.02745098 0.00784314 0.        ]  ...  [0.21960784 0.12156863 0.09803922]  [0.21960784 0.12156863 0.09803922]  [0.21960784 0.12156863 0.09803922]] [[0.02745098 0.00784314 0.        ]  [0.02745098 0.00784314 0.        ]  [0.02745098 0.00784314 0.        ]  ...  [0.21960784 0.12156863 0.09803922]  [0.21960784 0.12156863 0.09803922]  [0.21960784 0.12156863 0.09803922]] ... [[0.03529412 0.01568628 0.00392157]  [0.03529412 0.01568628 0.00392157]  [0.03529412 0.01568628 0.00392157]  ...  [0.12941177 0.04705882 0.00392157]  [0.12941177 0.04705882 0.00392157]  [0.12941177 0.04705882 0.00392157]] [[0.03529412 0.01568628 0.00392157]  [0.03529412 0.01568628 0.00392157]  [0.03529412 0.01568628 0.00392157]  ...  [0.12941177 0.04705882 0.00392157]  [0.12941177 0.04705882 0.00392157]  [0.12941177 0.04705882 0.00392157]] [[0.03529412 0.01568628 0.00392157]  [0.03529412 0.01568628 0.00392157]  [0.03529412 0.01568628 0.00392157]  ...  [0.12941177 0.04705882 0.00392157]  [0.12941177 0.04705882 0.00392157]  [0.12941177 0.04705882 0.00392157]]]",4.975044125865679,54648,/home/amos/media/tv/Carnivale S01-S02 web 10bit hevc-d3g/Carnivale S02/Carnivale.S02E10.1080p.WEBRip.10Bit.EAC3.H265-d3g.mkv960,1080,1920,0,304,199,1342,304,108990,0.053,"[[[0.02352941 0.01568628 0.00392157]  [0.02352941 0.01568628 0.00392157]  [0.01960784 0.00784314 0.        ]  ...  [0.18039216 0.14117648 0.11764706]  [0.20784314 0.16862746 0.14509805]  [0.22745098 0.19215687 0.16862746]] [[0.02352941 0.01568628 0.00392157]  [0.02352941 0.01568628 0.00392157]  [0.01960784 0.00784314 0.        ]  ...  [0.22352941 0.1882353  0.16470589]  [0.23137255 0.19607843 0.17254902]  [0.21568628 0.18039216 0.15686275]] [[0.01960784 0.01176471 0.        ]  [0.01960784 0.01176471 0.        ]  [0.01568628 0.00392157 0.        ]  ...  [0.21176471 0.1764706  0.15294118]  [0.19215687 0.15686275 0.13333334]  [0.16862746 0.13333334 0.10588235]] ... [[0.02745098 0.02745098 0.00392157]  [0.02745098 0.02745098 0.00392157]  [0.02745098 0.02745098 0.00392157]  ...  [0.01568628 0.01568628 0.        ]  [0.01568628 0.01568628 0.        ]  [0.01568628 0.01568628 0.        ]] [[0.02352941 0.02352941 0.00392157]  [0.02745098 0.02745098 0.00392157]  [0.03137255 0.03137255 0.00784314]  ...  [0.01568628 0.01176471 0.        ]  [0.01568628 0.01176471 0.        ]  [0.01568628 0.01176471 0.        ]] [[0.02745098 0.02745098 0.00392157]  [0.02745098 0.02745098 0.00392157]  [0.02745098 0.02745098 0.00392157]  ...  [0.01568628 0.01176471 0.        ]  [0.01568628 0.01176471 0.        ]  [0.01568628 0.01176471 0.        ]]]",5.82654710317729,54672,/home/amos/media/tv/Carnivale S01-S02 web 10bit hevc-d3g/Carnivale S02/Carnivale.S02E10.1080p.WEBRip.10Bit.EAC3.H265-d3g.mkv961,1080,1920,1,57,996,1514,57,1368123,0.66,"[[[0.02745098 0.00784314 0.        ]  [0.02745098 0.00784314 0.        ]  [0.02745098 0.00784314 0.        ]  ...  [0.23921569 0.14901961 0.10980392]  [0.23921569 0.14901961 0.10980392]  [0.23921569 0.14901961 0.10980392]] [[0.02745098 0.00784314 0.        ]  [0.02745098 0.00784314 0.        ]  [0.02745098 0.00784314 0.        ]  ...  [0.23921569 0.14901961 0.10980392]  [0.23921569 0.14901961 0.10980392]  [0.23921569 0.14901961 0.10980392]] [[0.02745098 0.00784314 0.        ]  [0.02745098 0.00784314 0.        ]  [0.02745098 0.00784314 0.        ]  ...  [0.23921569 0.14901961 0.10980392]  [0.23921569 0.14901961 0.10980392]  [0.23921569 0.14901961 0.10980392]] ... [[0.02745098 0.01176471 0.        ]  [0.02745098 0.01176471 0.        ]  [0.02745098 0.01176471 0.        ]  ...  [0.12941177 0.0627451  0.01568628]  [0.12941177 0.0627451  0.01568628]  [0.12941177 0.0627451  0.01568628]] [[0.02745098 0.01176471 0.        ]  [0.02745098 0.01176471 0.        ]  [0.02745098 0.01176471 0.        ]  ...  [0.12941177 0.0627451  0.01568628]  [0.12941177 0.0627451  0.01568628]  [0.12941177 0.0627451  0.01568628]] [[0.02745098 0.01176471 0.        ]  [0.02745098 0.01176471 0.        ]  [0.02745098 0.01176471 0.        ]  ...  [0.12941177 0.0627451  0.01568628]  [0.12941177 0.0627451  0.01568628]  [0.12941177 0.0627451  0.01568628]]]",5.430526069540065,54672,/home/amos/media/tv/Carnivale S01-S02 web 10bit hevc-d3g/Carnivale S02/Carnivale.S02E10.1080p.WEBRip.10Bit.EAC3.H265-d3g.mkv962,1080,1920,0,303,202,1337,303,104434,0.05,"[[[0.02745098 0.01176471 0.00392157]  [0.02745098 0.01176471 0.00392157]  [0.02745098 0.01176471 0.00392157]  ...  [0.18039216 0.14117648 0.11764706]  [0.20392157 0.16470589 0.14117648]  [0.22352941 0.18431373 0.15686275]] [[0.02745098 0.01176471 0.00392157]  [0.02745098 0.01176471 0.00392157]  [0.02745098 0.01176471 0.00392157]  ...  [0.22352941 0.18431373 0.16078432]  [0.22352941 0.18431373 0.16078432]  [0.21960784 0.18039216 0.15686275]] [[0.02745098 0.01176471 0.00392157]  [0.02745098 0.01176471 0.00392157]  [0.02745098 0.01176471 0.00392157]  ...  [0.20784314 0.16470589 0.14509805]  [0.18431373 0.14901961 0.1254902 ]  [0.16862746 0.13333334 0.10588235]] ... [[0.03529412 0.03137255 0.01568628]  [0.03137255 0.02745098 0.01176471]  [0.02745098 0.02352941 0.00784314]  ...  [0.01568628 0.01176471 0.        ]  [0.01568628 0.01176471 0.        ]  [0.01568628 0.01176471 0.        ]] [[0.03137255 0.02745098 0.01176471]  [0.02745098 0.02352941 0.00784314]  [0.02352941 0.01960784 0.00784314]  ...  [0.01568628 0.01176471 0.        ]  [0.01960784 0.01568628 0.        ]  [0.01568628 0.01176471 0.        ]] [[0.02745098 0.02352941 0.00784314]  [0.02745098 0.02352941 0.00784314]  [0.02352941 0.01960784 0.00392157]  ...  [0.01568628 0.01176471 0.        ]  [0.01960784 0.01568628 0.00392157]  [0.01568628 0.01176471 0.        ]]]",4.271987082785927,54696,/home/amos/media/tv/Carnivale S01-S02 web 10bit hevc-d3g/Carnivale S02/Carnivale.S02E10.1080p.WEBRip.10Bit.EAC3.H265-d3g.mkv963,1080,1920,1,57,995,1514,57,1366666,0.659,"[[[0.02352941 0.00392157 0.        ]  [0.02352941 0.00392157 0.        ]  [0.02352941 0.00392157 0.        ]  ...  [0.2509804  0.14901961 0.1254902 ]  [0.2509804  0.14901961 0.1254902 ]  [0.2509804  0.14901961 0.1254902 ]] [[0.02352941 0.00392157 0.        ]  [0.02352941 0.00392157 0.        ]  [0.02352941 0.00392157 0.        ]  ...  [0.2509804  0.14901961 0.1254902 ]  [0.2509804  0.14901961 0.1254902 ]  [0.2509804  0.14901961 0.1254902 ]] [[0.02352941 0.00392157 0.        ]  [0.02352941 0.00392157 0.        ]  [0.02352941 0.00392157 0.        ]  ...  [0.2509804  0.14901961 0.1254902 ]  [0.2509804  0.14901961 0.1254902 ]  [0.2509804  0.14901961 0.1254902 ]] ... [[0.03529412 0.02352941 0.        ]  [0.03529412 0.02352941 0.        ]  [0.03529412 0.02352941 0.        ]  ...  [0.13333334 0.04705882 0.01176471]  [0.13333334 0.04705882 0.01176471]  [0.13333334 0.04705882 0.01176471]] [[0.03529412 0.02352941 0.        ]  [0.03529412 0.02352941 0.        ]  [0.03529412 0.02352941 0.        ]  ...  [0.12941177 0.04705882 0.01176471]  [0.13333334 0.04705882 0.01176471]  [0.13333334 0.04705882 0.01176471]] [[0.03529412 0.02352941 0.        ]  [0.03529412 0.02352941 0.        ]  [0.03529412 0.02352941 0.        ]  ...  [0.13333334 0.04705882 0.01176471]  [0.13333334 0.04705882 0.01176471]  [0.13333334 0.04705882 0.01176471]]]",6.583596150565427,54696,/home/amos/media/tv/Carnivale S01-S02 web 10bit hevc-d3g/Carnivale S02/Carnivale.S02E10.1080p.WEBRip.10Bit.EAC3.H265-d3g.mkv964,1080,1920,0,297,207,1346,297,94410,0.046,"[[[0.02352941 0.01176471 0.        ]  [0.02352941 0.01176471 0.        ]  [0.02745098 0.01176471 0.        ]  ...  [0.27058825 0.23529412 0.21176471]  [0.25490198 0.21960784 0.2       ]  [0.23529412 0.2        0.18039216]] [[0.01960784 0.00784314 0.        ]  [0.01960784 0.00784314 0.        ]  [0.02352941 0.00784314 0.        ]  ...  [0.15686275 0.12156863 0.09803922]  [0.14901961 0.11372549 0.09019608]  [0.13333334 0.10196079 0.07843138]] [[0.01960784 0.00784314 0.        ]  [0.01960784 0.00784314 0.        ]  [0.02352941 0.00784314 0.        ]  ...  [0.09803922 0.05882353 0.03529412]  [0.09019608 0.05490196 0.03137255]  [0.08235294 0.05098039 0.02745098]] ... [[0.02352941 0.02352941 0.        ]  [0.02745098 0.02745098 0.        ]  [0.02745098 0.02745098 0.        ]  ...  [0.01568628 0.01176471 0.        ]  [0.01568628 0.01176471 0.        ]  [0.01568628 0.01176471 0.        ]] [[0.02745098 0.02745098 0.00392157]  [0.02745098 0.02745098 0.00392157]  [0.02745098 0.02745098 0.00392157]  ...  [0.01568628 0.01176471 0.        ]  [0.01568628 0.01176471 0.        ]  [0.01568628 0.01176471 0.        ]] [[0.02745098 0.02745098 0.00392157]  [0.02352941 0.02352941 0.        ]  [0.02352941 0.02352941 0.        ]  ...  [0.01568628 0.01176471 0.        ]  [0.01568628 0.01176471 0.        ]  [0.01568628 0.01176471 0.        ]]]",7.548441965482198,54720,/home/amos/media/tv/Carnivale S01-S02 web 10bit hevc-d3g/Carnivale S02/Carnivale.S02E10.1080p.WEBRip.10Bit.EAC3.H265-d3g.mkv965,1080,1920,1,58,995,1512,58,1362398,0.657,"[[[0.02352941 0.00392157 0.        ]  [0.02352941 0.00392157 0.        ]  [0.02352941 0.00392157 0.        ]  ...  [0.24313726 0.14117648 0.10980392]  [0.24313726 0.14117648 0.10980392]  [0.24313726 0.14117648 0.10980392]] [[0.02352941 0.00392157 0.        ]  [0.02352941 0.00392157 0.        ]  [0.02352941 0.00392157 0.        ]  ...  [0.24313726 0.14117648 0.10980392]  [0.24313726 0.14117648 0.10980392]  [0.24313726 0.14117648 0.10980392]] [[0.02352941 0.00392157 0.        ]  [0.02352941 0.00392157 0.        ]  [0.02352941 0.00392157 0.        ]  ...  [0.24313726 0.14117648 0.10980392]  [0.24313726 0.14117648 0.10980392]  [0.24313726 0.14117648 0.10980392]] ... [[0.03137255 0.01568628 0.        ]  [0.03137255 0.01568628 0.        ]  [0.03137255 0.01568628 0.        ]  ...  [0.12941177 0.05882353 0.02352941]  [0.12941177 0.05882353 0.02352941]  [0.12941177 0.05882353 0.02352941]] [[0.03137255 0.01568628 0.        ]  [0.03137255 0.01568628 0.        ]  [0.03137255 0.01568628 0.        ]  ...  [0.12941177 0.05882353 0.02352941]  [0.12941177 0.05882353 0.02352941]  [0.12941177 0.05882353 0.02352941]] [[0.03137255 0.01568628 0.        ]  [0.03137255 0.01568628 0.        ]  [0.03137255 0.01568628 0.        ]  ...  [0.12941177 0.05882353 0.02352941]  [0.12941177 0.05882353 0.02352941]  [0.12941177 0.05882353 0.02352941]]]",7.707320093351882,54720,/home/amos/media/tv/Carnivale S01-S02 web 10bit hevc-d3g/Carnivale S02/Carnivale.S02E10.1080p.WEBRip.10Bit.EAC3.H265-d3g.mkv966,1080,1920,0,303,197,1337,303,109604,0.053,"[[[0.01960784 0.01176471 0.        ]  [0.01960784 0.01176471 0.        ]  [0.01960784 0.01176471 0.        ]  ...  [0.16470589 0.12941177 0.10196079]  [0.16862746 0.13333334 0.10588235]  [0.16862746 0.13333334 0.10588235]] [[0.01960784 0.01176471 0.        ]  [0.01960784 0.01176471 0.        ]  [0.01960784 0.01176471 0.        ]  ...  [0.17254902 0.13725491 0.10980392]  [0.16078432 0.1254902  0.09803922]  [0.15686275 0.12156863 0.09411765]] [[0.01960784 0.01176471 0.        ]  [0.01960784 0.01176471 0.        ]  [0.01568628 0.00784314 0.        ]  ...  [0.17254902 0.13725491 0.10980392]  [0.16862746 0.13333334 0.10588235]  [0.1764706  0.14509805 0.11372549]] ... [[0.02745098 0.02352941 0.00784314]  [0.02745098 0.02352941 0.00784314]  [0.02745098 0.02352941 0.01176471]  ...  [0.01568628 0.01568628 0.        ]  [0.01568628 0.01568628 0.        ]  [0.01960784 0.01960784 0.00392157]] [[0.02745098 0.02352941 0.00784314]  [0.02745098 0.02352941 0.01176471]  [0.02745098 0.02352941 0.01176471]  ...  [0.01568628 0.01568628 0.        ]  [0.01960784 0.01960784 0.00392157]  [0.01960784 0.01960784 0.00392157]] [[0.02745098 0.02352941 0.00784314]  [0.02745098 0.02352941 0.01176471]  [0.02745098 0.02352941 0.01176471]  ...  [0.01568628 0.01568628 0.        ]  [0.01960784 0.01960784 0.00392157]  [0.01960784 0.01960784 0.00392157]]]",5.737955999968108,54744,/home/amos/media/tv/Carnivale S01-S02 web 10bit hevc-d3g/Carnivale S02/Carnivale.S02E10.1080p.WEBRip.10Bit.EAC3.H265-d3g.mkv967,1080,1920,1,57,996,1513,57,1367184,0.659,"[[[0.02352941 0.00392157 0.        ]  [0.02352941 0.00392157 0.        ]  [0.02352941 0.00392157 0.        ]  ...  [0.24313726 0.14117648 0.11764706]  [0.24313726 0.14117648 0.11764706]  [0.24313726 0.14117648 0.11764706]] [[0.02352941 0.00392157 0.        ]  [0.02352941 0.00392157 0.        ]  [0.02352941 0.00392157 0.        ]  ...  [0.24313726 0.14117648 0.11764706]  [0.24313726 0.14117648 0.11764706]  [0.24313726 0.14117648 0.11764706]] [[0.02352941 0.00392157 0.        ]  [0.02352941 0.00392157 0.        ]  [0.02352941 0.00392157 0.        ]  ...  [0.24313726 0.14117648 0.11764706]  [0.24313726 0.14117648 0.11764706]  [0.24313726 0.14117648 0.11764706]] ... [[0.02745098 0.01176471 0.        ]  [0.02745098 0.01176471 0.        ]  [0.02745098 0.01176471 0.        ]  ...  [0.12941177 0.05098039 0.01960784]  [0.12941177 0.05098039 0.01960784]  [0.12941177 0.05098039 0.01960784]] [[0.02745098 0.01176471 0.        ]  [0.02745098 0.01176471 0.        ]  [0.02745098 0.01176471 0.        ]  ...  [0.12941177 0.05098039 0.01960784]  [0.12941177 0.05098039 0.01960784]  [0.12941177 0.05098039 0.01960784]] [[0.02745098 0.01176471 0.        ]  [0.02745098 0.01176471 0.        ]  [0.02745098 0.01176471 0.        ]  ...  [0.12941177 0.05098039 0.01960784]  [0.12941177 0.05098039 0.01960784]  [0.12941177 0.05098039 0.01960784]]]",7.224038108426612,54744,/home/amos/media/tv/Carnivale S01-S02 web 10bit hevc-d3g/Carnivale S02/Carnivale.S02E10.1080p.WEBRip.10Bit.EAC3.H265-d3g.mkv968,1080,1920,0,312,143,1329,312,171873,0.083,"[[[0.04705882 0.02352941 0.00392157]  [0.04705882 0.02352941 0.00392157]  [0.04705882 0.02352941 0.00392157]  ...  [0.05882353 0.03137255 0.00392157]  [0.05882353 0.03137255 0.00392157]  [0.05490196 0.02745098 0.        ]] [[0.05098039 0.02745098 0.00392157]  [0.04705882 0.02352941 0.00392157]  [0.04705882 0.02352941 0.00392157]  ...  [0.05490196 0.02745098 0.00392157]  [0.05490196 0.02745098 0.00392157]  [0.05490196 0.02745098 0.00392157]] [[0.05098039 0.02745098 0.00784314]  [0.05098039 0.02745098 0.00784314]  [0.05098039 0.02745098 0.00784314]  ...  [0.05490196 0.02745098 0.00392157]  [0.05490196 0.02745098 0.00392157]  [0.05490196 0.02745098 0.00392157]] ... [[0.01568628 0.01568628 0.        ]  [0.01568628 0.01960784 0.        ]  [0.01568628 0.01960784 0.00392157]  ...  [0.00392157 0.00784314 0.        ]  [0.00392157 0.00784314 0.        ]  [0.00784314 0.01176471 0.        ]] [[0.01568628 0.01568628 0.        ]  [0.01176471 0.01568628 0.        ]  [0.01176471 0.01568628 0.00392157]  ...  [0.00784314 0.01176471 0.        ]  [0.00784314 0.01176471 0.        ]  [0.00784314 0.01176471 0.        ]] [[0.01568628 0.01960784 0.        ]  [0.01176471 0.01568628 0.        ]  [0.01176471 0.01568628 0.        ]  ...  [0.00784314 0.01176471 0.        ]  [0.00784314 0.01176471 0.        ]  [0.00784314 0.01176471 0.        ]]]",7.103469051828142,54768,/home/amos/media/tv/Carnivale S01-S02 web 10bit hevc-d3g/Carnivale S02/Carnivale.S02E10.1080p.WEBRip.10Bit.EAC3.H265-d3g.mkv969,1080,1920,1,55,996,1513,55,1371978,0.662,"[[[0.02352941 0.00392157 0.        ]  [0.02352941 0.00392157 0.        ]  [0.02352941 0.00392157 0.        ]  ...  [0.23529412 0.13725491 0.10980392]  [0.23529412 0.13725491 0.10980392]  [0.         0.         0.        ]] [[0.02352941 0.00392157 0.        ]  [0.02352941 0.00392157 0.        ]  [0.02352941 0.00392157 0.        ]  ...  [0.23529412 0.13725491 0.10980392]  [0.23529412 0.13725491 0.10980392]  [0.         0.         0.        ]] [[0.02352941 0.00392157 0.        ]  [0.02352941 0.00392157 0.        ]  [0.02352941 0.00392157 0.        ]  ...  [0.23529412 0.13725491 0.10980392]  [0.23529412 0.13725491 0.10980392]  [0.         0.         0.        ]] ... [[0.03137255 0.01568628 0.        ]  [0.03137255 0.01568628 0.        ]  [0.03137255 0.01568628 0.        ]  ...  [0.12941177 0.05490196 0.01176471]  [0.12941177 0.05490196 0.01176471]  [0.         0.         0.        ]] [[0.03137255 0.01568628 0.        ]  [0.03137255 0.01568628 0.        ]  [0.03137255 0.01568628 0.        ]  ...  [0.12941177 0.05490196 0.01176471]  [0.12941177 0.05490196 0.01176471]  [0.         0.         0.        ]] [[0.         0.         0.        ]  [0.         0.         0.        ]  [0.         0.         0.        ]  ...  [0.         0.         0.        ]  [0.         0.         0.        ]  [0.         0.         0.        ]]]",6.11932909413008,54768,/home/amos/media/tv/Carnivale S01-S02 web 10bit hevc-d3g/Carnivale S02/Carnivale.S02E10.1080p.WEBRip.10Bit.EAC3.H265-d3g.mkv970,1080,1920,0,318,158,1296,318,156480,0.075,"[[[0.00784314 0.01176471 0.00392157]  [0.00784314 0.01176471 0.        ]  [0.00784314 0.01176471 0.        ]  ...  [0.11764706 0.09411765 0.05882353]  [0.08627451 0.0627451  0.03137255]  [0.         0.         0.        ]] [[0.00784314 0.01176471 0.00392157]  [0.00784314 0.01176471 0.        ]  [0.00784314 0.01176471 0.        ]  ...  [0.09019608 0.06666667 0.03529412]  [0.07843138 0.05882353 0.02352941]  [0.         0.         0.        ]] [[0.00784314 0.01176471 0.        ]  [0.00784314 0.01176471 0.        ]  [0.00784314 0.01176471 0.        ]  ...  [0.07843138 0.05490196 0.02352941]  [0.07450981 0.05098039 0.01960784]  [0.         0.         0.        ]] ... [[0.03137255 0.02745098 0.01176471]  [0.03137255 0.02745098 0.01176471]  [0.03137255 0.02745098 0.01176471]  ...  [0.00784314 0.01176471 0.        ]  [0.00784314 0.01176471 0.        ]  [0.         0.         0.        ]] [[0.03137255 0.02745098 0.01176471]  [0.03137255 0.02745098 0.01176471]  [0.03137255 0.02745098 0.01176471]  ...  [0.00392157 0.01176471 0.        ]  [0.00392157 0.01176471 0.        ]  [0.         0.         0.        ]] [[0.         0.         0.        ]  [0.         0.         0.        ]  [0.         0.         0.        ]  ...  [0.         0.         0.        ]  [0.         0.         0.        ]  [0.         0.         0.        ]]]",5.771457142138388,54792,/home/amos/media/tv/Carnivale S01-S02 web 10bit hevc-d3g/Carnivale S02/Carnivale.S02E10.1080p.WEBRip.10Bit.EAC3.H265-d3g.mkv971,1080,1920,1,55,994,1513,55,1369062,0.66,"[[[0.02352941 0.00784314 0.        ]  [0.02352941 0.00784314 0.        ]  [0.02352941 0.00784314 0.        ]  ...  [0.20392157 0.10980392 0.08235294]  [0.20392157 0.10980392 0.08235294]  [0.         0.         0.        ]] [[0.02352941 0.00784314 0.        ]  [0.02352941 0.00784314 0.        ]  [0.02352941 0.00784314 0.        ]  ...  [0.20392157 0.10980392 0.08235294]  [0.20392157 0.10980392 0.08235294]  [0.         0.         0.        ]] [[0.02352941 0.00784314 0.        ]  [0.02352941 0.00784314 0.        ]  [0.02352941 0.00784314 0.        ]  ...  [0.20392157 0.10980392 0.08235294]  [0.20392157 0.10980392 0.08235294]  [0.         0.         0.        ]] ... [[0.02745098 0.01176471 0.        ]  [0.02745098 0.01176471 0.        ]  [0.02745098 0.01176471 0.        ]  ...  [0.1254902  0.05098039 0.00784314]  [0.1254902  0.05098039 0.00784314]  [0.         0.         0.        ]] [[0.02745098 0.01176471 0.        ]  [0.02745098 0.01176471 0.        ]  [0.02745098 0.01176471 0.        ]  ...  [0.1254902  0.05098039 0.00784314]  [0.1254902  0.05098039 0.00784314]  [0.         0.         0.        ]] [[0.         0.         0.        ]  [0.         0.         0.        ]  [0.         0.         0.        ]  ...  [0.         0.         0.        ]  [0.         0.         0.        ]  [0.         0.         0.        ]]]",5.592492115159985,54792,/home/amos/media/tv/Carnivale S01-S02 web 10bit hevc-d3g/Carnivale S02/Carnivale.S02E10.1080p.WEBRip.10Bit.EAC3.H265-d3g.mkv972,1080,1920,0,322,157,1295,322,160545,0.077,"[[[0.00784314 0.00784314 0.        ]  [0.00784314 0.00392157 0.        ]  [0.01176471 0.00392157 0.        ]  ...  [0.07450981 0.05098039 0.00784314]  [0.07843138 0.05098039 0.01568628]  [0.0627451  0.03921569 0.00784314]] [[0.00784314 0.00784314 0.        ]  [0.00784314 0.00392157 0.        ]  [0.01176471 0.00392157 0.        ]  ...  [0.07450981 0.05098039 0.01176471]  [0.07450981 0.05098039 0.01960784]  [0.06666667 0.04313726 0.01176471]] [[0.00784314 0.00784314 0.        ]  [0.00784314 0.00392157 0.        ]  [0.00784314 0.00392157 0.        ]  ...  [0.07450981 0.05098039 0.01176471]  [0.06666667 0.04313726 0.01176471]  [0.0627451  0.03921569 0.00784314]] ... [[0.03529412 0.03529412 0.01176471]  [0.03137255 0.03137255 0.00784314]  [0.02745098 0.02745098 0.00392157]  ...  [0.00784314 0.01176471 0.        ]  [0.00784314 0.01176471 0.        ]  [0.00784314 0.01176471 0.        ]] [[0.03137255 0.03137255 0.00784314]  [0.03137255 0.03137255 0.00784314]  [0.02745098 0.02745098 0.00392157]  ...  [0.00784314 0.01176471 0.        ]  [0.00784314 0.01176471 0.        ]  [0.00784314 0.01176471 0.        ]] [[0.02745098 0.02745098 0.00392157]  [0.02745098 0.02745098 0.00784314]  [0.03137255 0.03137255 0.00784314]  ...  [0.00784314 0.01176471 0.        ]  [0.00784314 0.01176471 0.        ]  [0.00784314 0.01176471 0.        ]]]",8.777881045534741,54816,/home/amos/media/tv/Carnivale S01-S02 web 10bit hevc-d3g/Carnivale S02/Carnivale.S02E10.1080p.WEBRip.10Bit.EAC3.H265-d3g.mkv973,1080,1920,1,56,988,1513,56,1357924,0.655,"[[[0.02352941 0.00392157 0.        ]  [0.02352941 0.00392157 0.        ]  [0.02352941 0.00392157 0.        ]  ...  [0.22745098 0.1254902  0.09803922]  [0.22745098 0.1254902  0.09803922]  [0.22745098 0.1254902  0.09803922]] [[0.02352941 0.00392157 0.        ]  [0.02352941 0.00392157 0.        ]  [0.02352941 0.00392157 0.        ]  ...  [0.22745098 0.1254902  0.09803922]  [0.22745098 0.1254902  0.09803922]  [0.22745098 0.1254902  0.09803922]] [[0.02352941 0.00392157 0.        ]  [0.02352941 0.00392157 0.        ]  [0.02352941 0.00392157 0.        ]  ...  [0.22745098 0.1254902  0.09803922]  [0.22745098 0.1254902  0.09803922]  [0.22745098 0.1254902  0.09803922]] ... [[0.03137255 0.01960784 0.        ]  [0.03137255 0.01960784 0.        ]  [0.03137255 0.01960784 0.        ]  ...  [0.12941177 0.05490196 0.00784314]  [0.12941177 0.05490196 0.00784314]  [0.12941177 0.05490196 0.00784314]] [[0.03137255 0.01960784 0.        ]  [0.03137255 0.01960784 0.        ]  [0.03137255 0.01960784 0.        ]  ...  [0.12941177 0.05490196 0.00784314]  [0.12941177 0.05490196 0.00784314]  [0.12941177 0.05490196 0.00784314]] [[0.03137255 0.01960784 0.        ]  [0.03137255 0.01960784 0.        ]  [0.03137255 0.01960784 0.        ]  ...  [0.12941177 0.05490196 0.00784314]  [0.12941177 0.05490196 0.00784314]  [0.12941177 0.05490196 0.00784314]]]",4.750124109501485,54816,/home/amos/media/tv/Carnivale S01-S02 web 10bit hevc-d3g/Carnivale S02/Carnivale.S02E10.1080p.WEBRip.10Bit.EAC3.H265-d3g.mkv974,1080,1920,0,314,153,1278,314,155204,0.075,"[[[0.01176471 0.00784314 0.        ]  [0.00784314 0.00392157 0.        ]  [0.00784314 0.00392157 0.        ]  ...  [0.1764706  0.13725491 0.10980392]  [0.18431373 0.14509805 0.12156863]  [0.         0.         0.        ]] [[0.00784314 0.00392157 0.        ]  [0.00784314 0.00392157 0.        ]  [0.00784314 0.00392157 0.        ]  ...  [0.23137255 0.19215687 0.16862746]  [0.25490198 0.21568628 0.19215687]  [0.         0.         0.        ]] [[0.00784314 0.00392157 0.        ]  [0.00784314 0.00392157 0.        ]  [0.00784314 0.00392157 0.        ]  ...  [0.26666668 0.22745098 0.2       ]  [0.28235295 0.24313726 0.21960784]  [0.         0.         0.        ]] ... [[0.05098039 0.04313726 0.02745098]  [0.05098039 0.04313726 0.02352941]  [0.04705882 0.03921569 0.02352941]  ...  [0.         0.00392157 0.        ]  [0.00392157 0.00784314 0.        ]  [0.         0.         0.        ]] [[0.05098039 0.04313726 0.02745098]  [0.05098039 0.04313726 0.02745098]  [0.04705882 0.03921569 0.02352941]  ...  [0.         0.00392157 0.        ]  [0.00392157 0.00784314 0.        ]  [0.         0.         0.        ]] [[0.         0.         0.        ]  [0.         0.         0.        ]  [0.         0.         0.        ]  ...  [0.         0.         0.        ]  [0.         0.         0.        ]  [0.         0.         0.        ]]]",5.083215070597362,54840,/home/amos/media/tv/Carnivale S01-S02 web 10bit hevc-d3g/Carnivale S02/Carnivale.S02E10.1080p.WEBRip.10Bit.EAC3.H265-d3g.mkv975,1080,1920,1,56,980,1512,56,1345344,0.649,"[[[0.02352941 0.00392157 0.        ]  [0.02352941 0.00392157 0.        ]  [0.02352941 0.00392157 0.        ]  ...  [0.22352941 0.12156863 0.10196079]  [0.22352941 0.12156863 0.10196079]  [0.22352941 0.12156863 0.10196079]] [[0.02352941 0.00392157 0.        ]  [0.02352941 0.00392157 0.        ]  [0.02352941 0.00392157 0.        ]  ...  [0.22352941 0.12156863 0.10196079]  [0.22352941 0.12156863 0.10196079]  [0.22352941 0.12156863 0.10196079]] [[0.02352941 0.00392157 0.        ]  [0.02352941 0.00392157 0.        ]  [0.02352941 0.00392157 0.        ]  ...  [0.22352941 0.12156863 0.10196079]  [0.22352941 0.12156863 0.10196079]  [0.22352941 0.12156863 0.10196079]] ... [[0.02745098 0.00784314 0.        ]  [0.02745098 0.00784314 0.        ]  [0.02745098 0.00784314 0.        ]  ...  [0.12156863 0.04313726 0.00784314]  [0.12156863 0.04313726 0.00784314]  [0.12156863 0.04313726 0.00784314]] [[0.02745098 0.00784314 0.        ]  [0.02745098 0.00784314 0.        ]  [0.02745098 0.00784314 0.        ]  ...  [0.12156863 0.04313726 0.00784314]  [0.12156863 0.04313726 0.00784314]  [0.12156863 0.04313726 0.00784314]] [[0.02745098 0.00784314 0.        ]  [0.02745098 0.00784314 0.        ]  [0.02745098 0.00784314 0.        ]  ...  [0.12156863 0.04313726 0.00784314]  [0.12156863 0.04313726 0.00784314]  [0.12156863 0.04313726 0.00784314]]]",4.834172083239537,54840,/home/amos/media/tv/Carnivale S01-S02 web 10bit hevc-d3g/Carnivale S02/Carnivale.S02E10.1080p.WEBRip.10Bit.EAC3.H265-d3g.mkv976,1080,1920,0,333,136,1278,333,186165,0.09,"[[[0.01568628 0.01176471 0.00392157]  [0.01568628 0.01176471 0.00392157]  [0.01176471 0.01176471 0.00392157]  ...  [0.08235294 0.05882353 0.01960784]  [0.07450981 0.05098039 0.01176471]  [0.07450981 0.05098039 0.01176471]] [[0.01176471 0.01568628 0.00392157]  [0.01176471 0.01568628 0.00392157]  [0.01176471 0.01568628 0.00392157]  ...  [0.07450981 0.04705882 0.01568628]  [0.07843138 0.05490196 0.01568628]  [0.07843138 0.05490196 0.01568628]] [[0.01176471 0.01568628 0.00392157]  [0.01176471 0.01568628 0.00392157]  [0.01176471 0.01568628 0.00392157]  ...  [0.07058824 0.04313726 0.01176471]  [0.07450981 0.05098039 0.01176471]  [0.07843138 0.05490196 0.01568628]] ... [[0.03529412 0.03137255 0.01568628]  [0.03529412 0.03137255 0.01568628]  [0.03137255 0.02745098 0.01176471]  ...  [0.         0.00784314 0.        ]  [0.         0.00784314 0.        ]  [0.         0.00784314 0.        ]] [[0.03529412 0.03137255 0.01568628]  [0.03529412 0.03137255 0.01568628]  [0.03529412 0.03137255 0.01568628]  ...  [0.         0.00784314 0.        ]  [0.         0.00784314 0.        ]  [0.         0.00784314 0.        ]] [[0.03529412 0.03137255 0.01568628]  [0.03529412 0.03137255 0.01568628]  [0.03529412 0.03137255 0.01568628]  ...  [0.00392157 0.00784314 0.        ]  [0.00392157 0.00784314 0.        ]  [0.00392157 0.00784314 0.        ]]]",6.0301750234211795,54864,/home/amos/media/tv/Carnivale S01-S02 web 10bit hevc-d3g/Carnivale S02/Carnivale.S02E10.1080p.WEBRip.10Bit.EAC3.H265-d3g.mkv977,1080,1920,1,55,974,1512,55,1338983,0.646,"[[[0.02352941 0.00392157 0.        ]  [0.02352941 0.00392157 0.        ]  [0.02352941 0.00392157 0.        ]  ...  [0.22352941 0.12156863 0.09803922]  [0.22352941 0.12156863 0.09803922]  [0.         0.         0.        ]] [[0.02352941 0.00392157 0.        ]  [0.02352941 0.00392157 0.        ]  [0.02352941 0.00392157 0.        ]  ...  [0.22352941 0.12156863 0.09803922]  [0.22352941 0.12156863 0.09803922]  [0.         0.         0.        ]] [[0.02352941 0.00392157 0.        ]  [0.02352941 0.00392157 0.        ]  [0.02352941 0.00392157 0.        ]  ...  [0.22352941 0.12156863 0.09803922]  [0.22352941 0.12156863 0.09803922]  [0.         0.         0.        ]] ... [[0.02745098 0.01176471 0.        ]  [0.02745098 0.01176471 0.        ]  [0.02745098 0.01176471 0.        ]  ...  [0.13725491 0.05098039 0.00784314]  [0.13725491 0.05098039 0.00784314]  [0.         0.         0.        ]] [[0.02745098 0.01176471 0.        ]  [0.02745098 0.01176471 0.        ]  [0.02745098 0.01176471 0.        ]  ...  [0.13725491 0.05098039 0.00784314]  [0.13725491 0.05098039 0.00784314]  [0.         0.         0.        ]] [[0.         0.         0.        ]  [0.         0.         0.        ]  [0.         0.         0.        ]  ...  [0.         0.         0.        ]  [0.         0.         0.        ]  [0.         0.         0.        ]]]",4.438300084730145,54864,/home/amos/media/tv/Carnivale S01-S02 web 10bit hevc-d3g/Carnivale S02/Carnivale.S02E10.1080p.WEBRip.10Bit.EAC3.H265-d3g.mkv978,1080,1920,0,334,140,1273,334,182166,0.088,"[[[0.01960784 0.01176471 0.        ]  [0.01960784 0.00784314 0.        ]  [0.01960784 0.00784314 0.        ]  ...  [0.09803922 0.07450981 0.04313726]  [0.09411765 0.07058824 0.03921569]  [0.08235294 0.05882353 0.02745098]] [[0.01960784 0.01176471 0.        ]  [0.01960784 0.00784314 0.        ]  [0.01960784 0.00784314 0.        ]  ...  [0.10196079 0.07843138 0.04705882]  [0.09019608 0.06666667 0.03529412]  [0.07843138 0.05490196 0.02352941]] [[0.01568628 0.01176471 0.        ]  [0.01568628 0.01176471 0.        ]  [0.01568628 0.01176471 0.        ]  ...  [0.10588235 0.08235294 0.05098039]  [0.07450981 0.05098039 0.01960784]  [0.07450981 0.05098039 0.01960784]] ... [[0.03921569 0.03529412 0.01960784]  [0.03529412 0.03137255 0.01568628]  [0.03529412 0.03529412 0.01176471]  ...  [0.         0.00784314 0.        ]  [0.         0.00784314 0.        ]  [0.00392157 0.01176471 0.        ]] [[0.03529412 0.03137255 0.01568628]  [0.03529412 0.03137255 0.01568628]  [0.03529412 0.03529412 0.01176471]  ...  [0.         0.00784314 0.        ]  [0.         0.00784314 0.        ]  [0.00392157 0.01176471 0.        ]] [[0.03529412 0.03137255 0.01568628]  [0.03529412 0.03137255 0.01568628]  [0.03529412 0.03529412 0.01176471]  ...  [0.         0.00784314 0.        ]  [0.         0.00784314 0.        ]  [0.         0.00784314 0.        ]]]",6.291250121721532,54888,/home/amos/media/tv/Carnivale S01-S02 web 10bit hevc-d3g/Carnivale S02/Carnivale.S02E10.1080p.WEBRip.10Bit.EAC3.H265-d3g.mkv979,1080,1920,1,56,976,1512,56,1339520,0.646,"[[[0.02352941 0.00392157 0.        ]  [0.02352941 0.00392157 0.        ]  [0.02352941 0.00392157 0.        ]  ...  [0.21568628 0.12156863 0.09803922]  [0.21568628 0.12156863 0.09803922]  [0.21568628 0.12156863 0.09803922]] [[0.02352941 0.00392157 0.        ]  [0.02352941 0.00392157 0.        ]  [0.02352941 0.00392157 0.        ]  ...  [0.21568628 0.12156863 0.09803922]  [0.21568628 0.12156863 0.09803922]  [0.21568628 0.12156863 0.09803922]] [[0.02352941 0.00392157 0.        ]  [0.02352941 0.00392157 0.        ]  [0.02352941 0.00392157 0.        ]  ...  [0.21568628 0.12156863 0.09803922]  [0.21568628 0.12156863 0.09803922]  [0.21568628 0.12156863 0.09803922]] ... [[0.02745098 0.00784314 0.        ]  [0.02745098 0.00784314 0.        ]  [0.02745098 0.00784314 0.        ]  ...  [0.1254902  0.04705882 0.01568628]  [0.1254902  0.04705882 0.01568628]  [0.1254902  0.04705882 0.01568628]] [[0.02745098 0.00784314 0.        ]  [0.02745098 0.00784314 0.        ]  [0.02745098 0.00784314 0.        ]  ...  [0.1254902  0.04705882 0.01568628]  [0.1254902  0.04705882 0.01568628]  [0.1254902  0.04705882 0.01568628]] [[0.02745098 0.00784314 0.        ]  [0.02745098 0.00784314 0.        ]  [0.02745098 0.00784314 0.        ]  ...  [0.1254902  0.04705882 0.01568628]  [0.1254902  0.04705882 0.01568628]  [0.1254902  0.04705882 0.01568628]]]",6.11680808494566,54888,/home/amos/media/tv/Carnivale S01-S02 web 10bit hevc-d3g/Carnivale S02/Carnivale.S02E10.1080p.WEBRip.10Bit.EAC3.H265-d3g.mkv980,1080,1920,0,57,976,1511,57,1336226,0.644,"[[[0.02352941 0.00392157 0.        ]  [0.02352941 0.00392157 0.        ]  [0.02352941 0.00392157 0.        ]  ...  [0.21960784 0.1254902  0.09803922]  [0.21960784 0.1254902  0.09803922]  [0.21960784 0.1254902  0.09803922]] [[0.02352941 0.00392157 0.        ]  [0.02352941 0.00392157 0.        ]  [0.02352941 0.00392157 0.        ]  ...  [0.21960784 0.1254902  0.09803922]  [0.21960784 0.1254902  0.09803922]  [0.21960784 0.1254902  0.09803922]] [[0.02352941 0.00392157 0.        ]  [0.02352941 0.00392157 0.        ]  [0.02352941 0.00392157 0.        ]  ...  [0.21960784 0.1254902  0.09803922]  [0.21960784 0.1254902  0.09803922]  [0.21960784 0.1254902  0.09803922]] ... [[0.02352941 0.00784314 0.        ]  [0.02352941 0.00784314 0.        ]  [0.02352941 0.00784314 0.        ]  ...  [0.11764706 0.04313726 0.01176471]  [0.11764706 0.04313726 0.01176471]  [0.11764706 0.04313726 0.01176471]] [[0.02352941 0.00784314 0.        ]  [0.02352941 0.00784314 0.        ]  [0.02352941 0.00784314 0.        ]  ...  [0.11764706 0.04313726 0.01176471]  [0.11764706 0.04313726 0.01176471]  [0.11764706 0.04313726 0.01176471]] [[0.02352941 0.00784314 0.        ]  [0.02352941 0.00784314 0.        ]  [0.02352941 0.00784314 0.        ]  ...  [0.11764706 0.04313726 0.01176471]  [0.11764706 0.04313726 0.01176471]  [0.11764706 0.04313726 0.01176471]]]",6.663955105061177,54912,/home/amos/media/tv/Carnivale S01-S02 web 10bit hevc-d3g/Carnivale S02/Carnivale.S02E10.1080p.WEBRip.10Bit.EAC3.H265-d3g.mkv981,1080,1920,0,56,980,1512,56,1345344,0.649,"[[[0.02352941 0.00392157 0.        ]  [0.02352941 0.00392157 0.        ]  [0.02352941 0.00392157 0.        ]  ...  [0.21568628 0.12156863 0.09019608]  [0.21568628 0.12156863 0.09019608]  [0.21568628 0.12156863 0.09019608]] [[0.02352941 0.00392157 0.        ]  [0.02352941 0.00392157 0.        ]  [0.02352941 0.00392157 0.        ]  ...  [0.21568628 0.12156863 0.09019608]  [0.21568628 0.12156863 0.09019608]  [0.21568628 0.12156863 0.09019608]] [[0.02352941 0.00392157 0.        ]  [0.02352941 0.00392157 0.        ]  [0.02352941 0.00392157 0.        ]  ...  [0.21568628 0.12156863 0.09019608]  [0.21568628 0.12156863 0.09019608]  [0.21568628 0.12156863 0.09019608]] ... [[0.02745098 0.01176471 0.        ]  [0.02745098 0.01176471 0.        ]  [0.02745098 0.01176471 0.        ]  ...  [0.12156863 0.04705882 0.00784314]  [0.12156863 0.04705882 0.00784314]  [0.12156863 0.04705882 0.00784314]] [[0.02745098 0.01176471 0.        ]  [0.02745098 0.01176471 0.        ]  [0.02745098 0.01176471 0.        ]  ...  [0.12156863 0.04705882 0.00784314]  [0.12156863 0.04705882 0.00784314]  [0.12156863 0.04705882 0.00784314]] [[0.02745098 0.01176471 0.        ]  [0.02745098 0.01176471 0.        ]  [0.02745098 0.01176471 0.        ]  ...  [0.12156863 0.04705882 0.00784314]  [0.12156863 0.04705882 0.00784314]  [0.12156863 0.04705882 0.00784314]]]",4.966486079792958,54936,/home/amos/media/tv/Carnivale S01-S02 web 10bit hevc-d3g/Carnivale S02/Carnivale.S02E10.1080p.WEBRip.10Bit.EAC3.H265-d3g.mkv982,1080,1920,0,297,164,1285,297,131404,0.063,"[[[0.00784314 0.01176471 0.        ]  [0.00392157 0.00784314 0.        ]  [0.00392157 0.00784314 0.        ]  ...  [0.3254902  0.26666668 0.24705882]  [0.32941177 0.27450982 0.25490198]  [0.34509805 0.28627452 0.27058825]] [[0.00392157 0.00784314 0.        ]  [0.00392157 0.00784314 0.        ]  [0.00392157 0.00784314 0.        ]  ...  [0.29803923 0.23921569 0.21176471]  [0.3019608  0.24313726 0.21960784]  [0.3137255  0.25490198 0.23529412]] [[0.00392157 0.00784314 0.        ]  [0.00392157 0.00784314 0.        ]  [0.00392157 0.00784314 0.        ]  ...  [0.2784314  0.21960784 0.19215687]  [0.2784314  0.21960784 0.19215687]  [0.28627452 0.22745098 0.20392157]] ... [[0.05490196 0.04705882 0.03137255]  [0.05490196 0.04705882 0.03137255]  [0.05490196 0.04705882 0.03137255]  ...  [0.03921569 0.00784314 0.        ]  [0.02352941 0.         0.        ]  [0.01960784 0.00392157 0.        ]] [[0.05098039 0.04313726 0.02745098]  [0.04705882 0.03921569 0.02352941]  [0.05098039 0.04313726 0.02745098]  ...  [0.01960784 0.         0.        ]  [0.01568628 0.         0.        ]  [0.01176471 0.00392157 0.        ]] [[0.04705882 0.04313726 0.02352941]  [0.04705882 0.03921569 0.02352941]  [0.04705882 0.03921569 0.02352941]  ...  [0.01176471 0.         0.        ]  [0.00784314 0.         0.        ]  [0.         0.         0.        ]]]",4.130866025981959,54960,/home/amos/media/tv/Carnivale S01-S02 web 10bit hevc-d3g/Carnivale S02/Carnivale.S02E10.1080p.WEBRip.10Bit.EAC3.H265-d3g.mkv983,1080,1920,1,56,979,1512,56,1343888,0.648,"[[[0.02352941 0.00392157 0.        ]  [0.02352941 0.00392157 0.        ]  [0.02352941 0.00392157 0.        ]  ...  [0.21176471 0.11372549 0.09411765]  [0.21176471 0.11372549 0.09411765]  [0.21176471 0.11372549 0.09411765]] [[0.02352941 0.00392157 0.        ]  [0.02352941 0.00392157 0.        ]  [0.02352941 0.00392157 0.        ]  ...  [0.21176471 0.11372549 0.09411765]  [0.21176471 0.11372549 0.09411765]  [0.21176471 0.11372549 0.09411765]] [[0.02352941 0.00392157 0.        ]  [0.02352941 0.00392157 0.        ]  [0.02352941 0.00392157 0.        ]  ...  [0.21176471 0.11372549 0.09411765]  [0.21176471 0.11372549 0.09411765]  [0.21176471 0.11372549 0.09411765]] ... [[0.02745098 0.00784314 0.        ]  [0.02745098 0.00784314 0.        ]  [0.02745098 0.00784314 0.        ]  ...  [0.12156863 0.04705882 0.01568628]  [0.12156863 0.04705882 0.01568628]  [0.12156863 0.04705882 0.01568628]] [[0.02745098 0.00784314 0.        ]  [0.02745098 0.00784314 0.        ]  [0.02745098 0.00784314 0.        ]  ...  [0.12156863 0.04705882 0.01568628]  [0.12156863 0.04705882 0.01568628]  [0.12156863 0.04705882 0.01568628]] [[0.02745098 0.00784314 0.        ]  [0.02745098 0.00784314 0.        ]  [0.02745098 0.00784314 0.        ]  ...  [0.12156863 0.04705882 0.01568628]  [0.12156863 0.04705882 0.01568628]  [0.12156863 0.04705882 0.01568628]]]",5.8325160857639275,54960,/home/amos/media/tv/Carnivale S01-S02 web 10bit hevc-d3g/Carnivale S02/Carnivale.S02E10.1080p.WEBRip.10Bit.EAC3.H265-d3g.mkv984,1080,1920,0,313,148,1288,313,160875,0.078,"[[[0.00392157 0.00784314 0.        ]  [0.         0.00784314 0.        ]  [0.         0.00784314 0.        ]  ...  [0.06666667 0.04313726 0.01176471]  [0.07450981 0.05882353 0.02352941]  [0.07843138 0.0627451  0.02745098]] [[0.00392157 0.00784314 0.        ]  [0.         0.00784314 0.        ]  [0.         0.00784314 0.        ]  ...  [0.0627451  0.04313726 0.01176471]  [0.05882353 0.04313726 0.00784314]  [0.05882353 0.04313726 0.00784314]] [[0.00392157 0.00784314 0.        ]  [0.         0.00784314 0.        ]  [0.         0.00784314 0.        ]  ...  [0.0627451  0.03921569 0.00784314]  [0.05490196 0.03921569 0.00392157]  [0.04705882 0.03137255 0.        ]] ... [[0.02352941 0.02352941 0.        ]  [0.02745098 0.02745098 0.00392157]  [0.02745098 0.02745098 0.00392157]  ...  [0.         0.01568628 0.        ]  [0.00392157 0.01568628 0.        ]  [0.00392157 0.01176471 0.        ]] [[0.02352941 0.02352941 0.        ]  [0.02745098 0.02352941 0.00392157]  [0.02745098 0.02352941 0.00392157]  ...  [0.         0.01568628 0.        ]  [0.00392157 0.01568628 0.        ]  [0.00392157 0.01176471 0.        ]] [[0.03137255 0.02745098 0.00784314]  [0.03137255 0.02745098 0.00784314]  [0.03137255 0.02745098 0.00784314]  ...  [0.         0.01568628 0.        ]  [0.00392157 0.01568628 0.        ]  [0.00392157 0.01176471 0.        ]]]",7.433629087114241,54984,/home/amos/media/tv/Carnivale S01-S02 web 10bit hevc-d3g/Carnivale S02/Carnivale.S02E10.1080p.WEBRip.10Bit.EAC3.H265-d3g.mkv985,1080,1920,1,57,978,1512,57,1340055,0.646,"[[[0.02352941 0.00392157 0.        ]  [0.02352941 0.00392157 0.        ]  [0.02352941 0.00392157 0.        ]  ...  [0.21960784 0.11764706 0.09411765]  [0.21960784 0.11764706 0.09411765]  [0.21960784 0.11764706 0.09411765]] [[0.02352941 0.00392157 0.        ]  [0.02352941 0.00392157 0.        ]  [0.02352941 0.00392157 0.        ]  ...  [0.21960784 0.11764706 0.09411765]  [0.21960784 0.11764706 0.09411765]  [0.21960784 0.11764706 0.09411765]] [[0.02352941 0.00392157 0.        ]  [0.02352941 0.00392157 0.        ]  [0.02352941 0.00392157 0.        ]  ...  [0.21960784 0.11764706 0.09411765]  [0.21960784 0.11764706 0.09019608]  [0.21960784 0.11764706 0.09019608]] ... [[0.03137255 0.00784314 0.        ]  [0.03137255 0.00784314 0.        ]  [0.03137255 0.00784314 0.        ]  ...  [0.1254902  0.05490196 0.01960784]  [0.1254902  0.05490196 0.01960784]  [0.1254902  0.05490196 0.01960784]] [[0.03137255 0.00784314 0.        ]  [0.03137255 0.00784314 0.        ]  [0.03137255 0.00784314 0.        ]  ...  [0.1254902  0.05490196 0.01960784]  [0.1254902  0.05490196 0.01960784]  [0.1254902  0.05490196 0.01960784]] [[0.03137255 0.00784314 0.        ]  [0.03137255 0.00784314 0.        ]  [0.03137255 0.00784314 0.        ]  ...  [0.1254902  0.05490196 0.01960784]  [0.1254902  0.05490196 0.01960784]  [0.1254902  0.05490196 0.01960784]]]",5.636408070276957,54984,/home/amos/media/tv/Carnivale S01-S02 web 10bit hevc-d3g/Carnivale S02/Carnivale.S02E10.1080p.WEBRip.10Bit.EAC3.H265-d3g.mkv986,1080,1920,0,704,98,606,704,59388,0.029,"[[[0.08627451 0.07058824 0.05098039]  [0.14509805 0.11764706 0.09411765]  [0.14117648 0.1254902  0.09803922]  ...  [0.02352941 0.01176471 0.        ]  [0.01960784 0.00784314 0.        ]  [0.01568628 0.00392157 0.        ]] [[0.12941177 0.11764706 0.09019608]  [0.12156863 0.10588235 0.07843138]  [0.08235294 0.06666667 0.03921569]  ...  [0.02745098 0.01568628 0.00392157]  [0.01960784 0.00784314 0.        ]  [0.02745098 0.01568628 0.00392157]] [[0.10980392 0.10588235 0.07843138]  [0.10980392 0.10196079 0.07058824]  [0.09803922 0.08627451 0.05882353]  ...  [0.03137255 0.01960784 0.00784314]  [0.02352941 0.01176471 0.        ]  [0.01960784 0.00784314 0.        ]] ... [[0.07058824 0.05490196 0.03137255]  [0.08235294 0.06666667 0.04313726]  [0.07843138 0.0627451  0.03921569]  ...  [0.20392157 0.16470589 0.14509805]  [0.2        0.16470589 0.14509805]  [0.20784314 0.18039216 0.15686275]] [[0.07058824 0.05490196 0.03137255]  [0.08235294 0.06666667 0.04313726]  [0.07843138 0.0627451  0.03921569]  ...  [0.22745098 0.1882353  0.16862746]  [0.22352941 0.1882353  0.16862746]  [0.21960784 0.19215687 0.16862746]] [[0.08627451 0.0627451  0.04313726]  [0.07450981 0.05882353 0.03529412]  [0.07843138 0.05882353 0.03921569]  ...  [0.23137255 0.19215687 0.17254902]  [0.20784314 0.18039216 0.15686275]  [0.21960784 0.19607843 0.17254902]]]",9.112968037079554,55152,/home/amos/media/tv/Carnivale S01-S02 web 10bit hevc-d3g/Carnivale S02/Carnivale.S02E10.1080p.WEBRip.10Bit.EAC3.H265-d3g.mkv987,1080,1920,0,703,98,605,703,59290,0.029,"[[[0.09411765 0.07843138 0.0627451 ]  [0.12941177 0.11764706 0.09803922]  [0.10588235 0.09411765 0.06666667]  ...  [0.03137255 0.01960784 0.01176471]  [0.02352941 0.01176471 0.00392157]  [0.01960784 0.00784314 0.        ]] [[0.11764706 0.10588235 0.08235294]  [0.10588235 0.09411765 0.07058824]  [0.10588235 0.09019608 0.06666667]  ...  [0.02745098 0.01960784 0.00784314]  [0.02352941 0.01568628 0.00784314]  [0.02745098 0.01960784 0.00784314]] [[0.09803922 0.09019608 0.0627451 ]  [0.09411765 0.08235294 0.05882353]  [0.08235294 0.06666667 0.04705882]  ...  [0.01960784 0.01568628 0.        ]  [0.02352941 0.01960784 0.00784314]  [0.02352941 0.01960784 0.00784314]] ... [[0.0627451  0.05098039 0.03137255]  [0.07450981 0.05490196 0.03921569]  [0.07843138 0.05882353 0.04705882]  ...  [0.21176471 0.16470589 0.14901961]  [0.19215687 0.15294118 0.13333334]  [0.20392157 0.16862746 0.14901961]] [[0.07843138 0.0627451  0.04705882]  [0.08627451 0.07058824 0.05882353]  [0.09019608 0.07450981 0.05882353]  ...  [0.21960784 0.17254902 0.15686275]  [0.21176471 0.17254902 0.15686275]  [0.21568628 0.18431373 0.16470589]] [[0.07450981 0.05882353 0.04705882]  [0.08235294 0.07058824 0.05098039]  [0.09019608 0.07058824 0.05882353]  ...  [0.24313726 0.19215687 0.18039216]  [0.21960784 0.18039216 0.16078432]  [0.22352941 0.19607843 0.17254902]]]",8.977952053479385,55176,/home/amos/media/tv/Carnivale S01-S02 web 10bit hevc-d3g/Carnivale S02/Carnivale.S02E10.1080p.WEBRip.10Bit.EAC3.H265-d3g.mkv988,1080,1920,0,708,100,605,708,62624,0.03,"[[[0.07843138 0.06666667 0.03921569]  [0.10196079 0.08235294 0.05882353]  [0.14901961 0.1254902  0.10196079]  ...  [0.01960784 0.00784314 0.00392157]  [0.02745098 0.01568628 0.01176471]  [0.03137255 0.02352941 0.01568628]] [[0.09803922 0.08235294 0.05490196]  [0.12941177 0.11764706 0.08627451]  [0.10588235 0.09411765 0.06666667]  ...  [0.01960784 0.00784314 0.        ]  [0.02352941 0.01176471 0.00392157]  [0.02745098 0.01960784 0.00784314]] [[0.12156863 0.10980392 0.08235294]  [0.10980392 0.09803922 0.07058824]  [0.09803922 0.08627451 0.05882353]  ...  [0.02745098 0.01960784 0.00784314]  [0.02745098 0.01960784 0.00784314]  [0.02745098 0.01960784 0.00784314]] ... [[0.07058824 0.05882353 0.03137255]  [0.07843138 0.0627451  0.03921569]  [0.07843138 0.06666667 0.04313726]  ...  [0.20784314 0.17254902 0.14901961]  [0.21568628 0.1882353  0.16470589]  [0.23137255 0.20784314 0.1882353 ]] [[0.07058824 0.05882353 0.03529412]  [0.08235294 0.06666667 0.04705882]  [0.08627451 0.07058824 0.04705882]  ...  [0.21960784 0.18039216 0.15294118]  [0.21960784 0.19215687 0.16078432]  [0.23921569 0.22352941 0.19607843]] [[0.07450981 0.0627451  0.03921569]  [0.08235294 0.06666667 0.04313726]  [0.07843138 0.06666667 0.04705882]  ...  [0.20392157 0.16470589 0.13725491]  [0.20784314 0.18431373 0.15294118]  [0.21960784 0.2        0.1764706 ]]]",8.055280080239754,55200,/home/amos/media/tv/Carnivale S01-S02 web 10bit hevc-d3g/Carnivale S02/Carnivale.S02E10.1080p.WEBRip.10Bit.EAC3.H265-d3g.mkv989,1080,1920,0,551,268,850,551,84617,0.041,"[[[0.03921569 0.02352941 0.        ]  [0.05098039 0.03529412 0.00784314]  [0.05490196 0.04313726 0.01176471]  ...  [0.04705882 0.02352941 0.00784314]  [0.04705882 0.02352941 0.00784314]  [0.04705882 0.02352941 0.00784314]] [[0.04705882 0.03137255 0.00392157]  [0.04705882 0.03137255 0.00392157]  [0.04705882 0.03529412 0.00392157]  ...  [0.04705882 0.02352941 0.00392157]  [0.04705882 0.02352941 0.00784314]  [0.04705882 0.02352941 0.00784314]] [[0.04313726 0.02745098 0.        ]  [0.04313726 0.02745098 0.        ]  [0.04313726 0.02745098 0.        ]  ...  [0.05098039 0.02745098 0.00392157]  [0.04705882 0.02352941 0.        ]  [0.04705882 0.02352941 0.00784314]] ... [[0.01176471 0.01568628 0.        ]  [0.01176471 0.01568628 0.        ]  [0.00784314 0.01176471 0.        ]  ...  [0.02352941 0.02745098 0.01568628]  [0.02352941 0.02745098 0.00784314]  [0.02352941 0.02745098 0.01176471]] [[0.01176471 0.01568628 0.        ]  [0.01176471 0.01568628 0.        ]  [0.00784314 0.01176471 0.        ]  ...  [0.02352941 0.02745098 0.01176471]  [0.01960784 0.02352941 0.00784314]  [0.01960784 0.02352941 0.00784314]] [[0.01176471 0.01568628 0.        ]  [0.01176471 0.01568628 0.        ]  [0.01176471 0.01568628 0.        ]  ...  [0.02352941 0.02745098 0.01176471]  [0.02352941 0.02745098 0.01176471]  [0.01960784 0.02352941 0.00784314]]]",5.939251102216076,55224,/home/amos/media/tv/Carnivale S01-S02 web 10bit hevc-d3g/Carnivale S02/Carnivale.S02E10.1080p.WEBRip.10Bit.EAC3.H265-d3g.mkv990,1080,1920,0,526,317,957,526,90079,0.043,"[[[0.01176471 0.00392157 0.        ]  [0.01176471 0.00392157 0.        ]  [0.01176471 0.00392157 0.        ]  ...  [0.16078432 0.07058824 0.05490196]  [0.09411765 0.03529412 0.01568628]  [0.05098039 0.02745098 0.        ]] [[0.01568628 0.00784314 0.        ]  [0.01960784 0.01176471 0.        ]  [0.01960784 0.00784314 0.        ]  ...  [0.16078432 0.07058824 0.05098039]  [0.10588235 0.04705882 0.01960784]  [0.05098039 0.02745098 0.        ]] [[0.01568628 0.01176471 0.        ]  [0.02352941 0.01176471 0.        ]  [0.02352941 0.01176471 0.        ]  ...  [0.16470589 0.07843138 0.05490196]  [0.10196079 0.04705882 0.01568628]  [0.04705882 0.02352941 0.        ]] ... [[0.00392157 0.00784314 0.        ]  [0.00392157 0.00784314 0.        ]  [0.00392157 0.00784314 0.        ]  ...  [0.01568628 0.01568628 0.        ]  [0.02352941 0.02352941 0.00392157]  [0.01960784 0.01960784 0.        ]] [[0.00392157 0.00784314 0.        ]  [0.00392157 0.00784314 0.        ]  [0.00392157 0.00784314 0.        ]  ...  [0.01960784 0.01960784 0.        ]  [0.01960784 0.01960784 0.        ]  [0.01960784 0.01960784 0.        ]] [[0.00784314 0.00784314 0.        ]  [0.00392157 0.00784314 0.        ]  [0.00392157 0.00784314 0.        ]  ...  [0.01960784 0.01960784 0.        ]  [0.01568628 0.01568628 0.        ]  [0.01960784 0.01960784 0.        ]]]",4.536990043357946,55248,/home/amos/media/tv/Carnivale S01-S02 web 10bit hevc-d3g/Carnivale S02/Carnivale.S02E10.1080p.WEBRip.10Bit.EAC3.H265-d3g.mkv991,1080,1920,0,328,118,752,328,89040,0.043,"[[[0.23529412 0.18039216 0.1254902 ]  [0.22745098 0.1764706  0.11764706]  [0.22745098 0.1764706  0.11764706]  ...  [0.23137255 0.1764706  0.12156863]  [0.23137255 0.1764706  0.12156863]  [0.22745098 0.17254902 0.12156863]] [[0.23137255 0.1764706  0.11372549]  [0.22745098 0.1764706  0.11372549]  [0.23529412 0.18431373 0.1254902 ]  ...  [0.23529412 0.18039216 0.1254902 ]  [0.23137255 0.1764706  0.1254902 ]  [0.22745098 0.17254902 0.12156863]] [[0.22352941 0.16862746 0.10588235]  [0.22745098 0.17254902 0.10980392]  [0.23137255 0.18039216 0.11764706]  ...  [0.23137255 0.1764706  0.12156863]  [0.23137255 0.1764706  0.12156863]  [0.22745098 0.17254902 0.12156863]] ... [[0.         0.         0.00784314]  [0.         0.         0.00784314]  [0.         0.         0.00784314]  ...  [0.         0.         0.00392157]  [0.         0.         0.00392157]  [0.         0.         0.00392157]] [[0.         0.         0.00784314]  [0.         0.         0.00784314]  [0.         0.         0.00784314]  ...  [0.         0.         0.00392157]  [0.         0.         0.00392157]  [0.         0.         0.00392157]] [[0.         0.         0.00784314]  [0.         0.         0.00784314]  [0.         0.         0.00784314]  ...  [0.         0.         0.00392157]  [0.         0.         0.00392157]  [0.         0.         0.00392157]]]",11.324884062807541,55272,/home/amos/media/tv/Carnivale S01-S02 web 10bit hevc-d3g/Carnivale S02/Carnivale.S02E10.1080p.WEBRip.10Bit.EAC3.H265-d3g.mkv992,1080,1920,0,331,101,590,331,59570,0.029,"[[[0. 0. 0.]  [0. 0. 0.]  [0. 0. 0.]  ...  [0. 0. 0.]  [0. 0. 0.]  [0. 0. 0.]] [[0. 0. 0.]  [0. 0. 0.]  [0. 0. 0.]  ...  [0. 0. 0.]  [0. 0. 0.]  [0. 0. 0.]] [[0. 0. 0.]  [0. 0. 0.]  [0. 0. 0.]  ...  [0. 0. 0.]  [0. 0. 0.]  [0. 0. 0.]] ... [[0. 0. 0.]  [0. 0. 0.]  [0. 0. 0.]  ...  [0. 0. 0.]  [0. 0. 0.]  [0. 0. 0.]] [[0. 0. 0.]  [0. 0. 0.]  [0. 0. 0.]  ...  [0. 0. 0.]  [0. 0. 0.]  [0. 0. 0.]] [[0. 0. 0.]  [0. 0. 0.]  [0. 0. 0.]  ...  [0. 0. 0.]  [0. 0. 0.]  [0. 0. 0.]]]",12.030882157094311,55296,/home/amos/media/tv/Carnivale S01-S02 web 10bit hevc-d3g/Carnivale S02/Carnivale.S02E10.1080p.WEBRip.10Bit.EAC3.H265-d3g.mkv993,1080,1920,0,453,99,508,453,19470,0.009,"[[[0.09803922 0.07058824 0.05490196]  [0.10980392 0.08235294 0.06666667]  [0.08627451 0.0627451  0.04705882]  ...  [0.12156863 0.07843138 0.04313726]  [0.12156863 0.07843138 0.04313726]  [0.12156863 0.07843138 0.04313726]] [[0.09803922 0.07058824 0.05490196]  [0.09019608 0.06666667 0.04705882]  [0.09019608 0.0627451  0.04705882]  ...  [0.12156863 0.07843138 0.04313726]  [0.12156863 0.07843138 0.04313726]  [0.12156863 0.07843138 0.04313726]] [[0.09803922 0.07058824 0.05490196]  [0.07843138 0.05490196 0.03529412]  [0.09019608 0.0627451  0.04705882]  ...  [0.12156863 0.07843138 0.04313726]  [0.12156863 0.07843138 0.04313726]  [0.12156863 0.07843138 0.04313726]] ... [[0.09411765 0.04705882 0.02745098]  [0.10196079 0.05490196 0.03137255]  [0.10196079 0.05490196 0.03529412]  ...  [0.14901961 0.10196079 0.05882353]  [0.15294118 0.10588235 0.0627451 ]  [0.15686275 0.10980392 0.06666667]] [[0.09411765 0.04705882 0.02745098]  [0.09803922 0.05098039 0.02745098]  [0.10196079 0.05490196 0.03529412]  ...  [0.14901961 0.10196079 0.05882353]  [0.15294118 0.10588235 0.0627451 ]  [0.15686275 0.10980392 0.06666667]] [[0.09019608 0.04313726 0.02352941]  [0.09411765 0.04705882 0.02352941]  [0.09411765 0.04705882 0.02745098]  ...  [0.15294118 0.10588235 0.0627451 ]  [0.15294118 0.10588235 0.0627451 ]  [0.15686275 0.10980392 0.06666667]]]",5.992553054704331,55416,/home/amos/media/tv/Carnivale S01-S02 web 10bit hevc-d3g/Carnivale S02/Carnivale.S02E10.1080p.WEBRip.10Bit.EAC3.H265-d3g.mkv994,1080,1920,0,524,162,405,524,43078,0.021,"[[[0.17254902 0.12156863 0.09019608]  [0.19607843 0.14901961 0.11372549]  [0.20392157 0.15686275 0.12156863]  ...  [0.04705882 0.02745098 0.01568628]  [0.04705882 0.03137255 0.01176471]  [0.05882353 0.03529412 0.01568628]] [[0.22352941 0.18039216 0.14509805]  [0.19215687 0.14509805 0.10980392]  [0.16862746 0.11764706 0.08235294]  ...  [0.04705882 0.02745098 0.01568628]  [0.04313726 0.02352941 0.00784314]  [0.05490196 0.03137255 0.01176471]] [[0.16470589 0.11764706 0.08235294]  [0.16078432 0.11372549 0.07843138]  [0.14901961 0.10196079 0.06666667]  ...  [0.05882353 0.03529412 0.01960784]  [0.0627451  0.03921569 0.02352941]  [0.05490196 0.03137255 0.01176471]] ... [[0.         0.         0.        ]  [0.         0.         0.        ]  [0.         0.         0.        ]  ...  [0.28627452 0.24705882 0.22745098]  [0.28627452 0.24705882 0.22745098]  [0.29411766 0.25490198 0.23529412]] [[0.         0.         0.        ]  [0.         0.         0.        ]  [0.         0.         0.        ]  ...  [0.29803923 0.2627451  0.24705882]  [0.3019608  0.2627451  0.24705882]  [0.29411766 0.25490198 0.23921569]] [[0.         0.         0.        ]  [0.         0.         0.        ]  [0.         0.         0.        ]  ...  [0.30588236 0.26666668 0.25490198]  [0.30588236 0.26666668 0.25490198]  [0.29803923 0.2627451  0.2509804 ]]]",6.122660070366692,55488,/home/amos/media/tv/Carnivale S01-S02 web 10bit hevc-d3g/Carnivale S02/Carnivale.S02E10.1080p.WEBRip.10Bit.EAC3.H265-d3g.mkv995,1080,1920,0,551,222,344,551,68103,0.033,"[[[0.04313726 0.02352941 0.01568628]  [0.05490196 0.03137255 0.02352941]  [0.05882353 0.03921569 0.03137255]  ...  [0.1254902  0.07843138 0.04313726]  [0.13333334 0.08627451 0.05098039]  [0.13725491 0.09019608 0.05490196]] [[0.03921569 0.01960784 0.01176471]  [0.05098039 0.03137255 0.02352941]  [0.02745098 0.00784314 0.00392157]  ...  [0.1254902  0.08235294 0.04705882]  [0.1254902  0.08235294 0.04705882]  [0.14117648 0.09803922 0.0627451 ]] [[0.03137255 0.01176471 0.00392157]  [0.04705882 0.02745098 0.01960784]  [0.04313726 0.02352941 0.01568628]  ...  [0.12156863 0.07843138 0.04313726]  [0.11764706 0.07450981 0.03921569]  [0.14509805 0.10196079 0.06666667]] ... [[0.01176471 0.         0.        ]  [0.01960784 0.00392157 0.        ]  [0.03921569 0.01568628 0.00392157]  ...  [0.08235294 0.03921569 0.01960784]  [0.09019608 0.04313726 0.02352941]  [0.12156863 0.07450981 0.05098039]] [[0.01568628 0.         0.        ]  [0.01960784 0.00392157 0.00392157]  [0.03137255 0.00392157 0.        ]  ...  [0.08627451 0.04705882 0.02745098]  [0.10196079 0.05490196 0.03529412]  [0.11372549 0.06666667 0.04313726]] [[0.01176471 0.         0.        ]  [0.01568628 0.         0.        ]  [0.02745098 0.00392157 0.00392157]  ...  [0.09019608 0.04313726 0.02745098]  [0.10980392 0.0627451  0.04313726]  [0.1254902  0.07843138 0.05098039]]]",8.855989084753674,55608,/home/amos/media/tv/Carnivale S01-S02 web 10bit hevc-d3g/Carnivale S02/Carnivale.S02E10.1080p.WEBRip.10Bit.EAC3.H265-d3g.mkv996,1080,1920,0,677,120,535,677,79094,0.038,"[[[0.04313726 0.01568628 0.        ]  [0.03529412 0.00784314 0.        ]  [0.03921569 0.00784314 0.        ]  ...  [0.01568628 0.         0.        ]  [0.01568628 0.         0.        ]  [0.01568628 0.         0.        ]] [[0.04313726 0.01568628 0.        ]  [0.03529412 0.00784314 0.        ]  [0.03137255 0.         0.        ]  ...  [0.01568628 0.         0.        ]  [0.01568628 0.         0.        ]  [0.01568628 0.         0.        ]] [[0.03137255 0.00392157 0.        ]  [0.02745098 0.         0.        ]  [0.02352941 0.         0.        ]  ...  [0.01960784 0.         0.        ]  [0.01960784 0.         0.        ]  [0.01176471 0.         0.        ]] ... [[0.         0.         0.        ]  [0.         0.         0.        ]  [0.         0.         0.        ]  ...  [0.02352941 0.         0.        ]  [0.02745098 0.         0.00392157]  [0.02352941 0.00392157 0.00392157]] [[0.         0.         0.        ]  [0.         0.         0.        ]  [0.         0.         0.        ]  ...  [0.01176471 0.         0.        ]  [0.01960784 0.         0.        ]  [0.01960784 0.00392157 0.00392157]] [[0.         0.         0.        ]  [0.         0.         0.        ]  [0.         0.         0.        ]  ...  [0.01960784 0.         0.00392157]  [0.01960784 0.         0.00392157]  [0.01176471 0.         0.        ]]]",10.79715805518208,55632,/home/amos/media/tv/Carnivale S01-S02 web 10bit hevc-d3g/Carnivale S02/Carnivale.S02E10.1080p.WEBRip.10Bit.EAC3.H265-d3g.mkv997,1080,1920,0,594,104,754,594,78400,0.038,"[[[0.03137255 0.01568628 0.        ]  [0.03137255 0.01568628 0.        ]  [0.03137255 0.01568628 0.        ]  ...  [0.06666667 0.05098039 0.03137255]  [0.06666667 0.05098039 0.02745098]  [0.0627451  0.05490196 0.03137255]] [[0.03137255 0.01568628 0.        ]  [0.03137255 0.01568628 0.        ]  [0.03137255 0.01568628 0.        ]  ...  [0.05882353 0.04705882 0.02352941]  [0.05490196 0.04313726 0.01960784]  [0.0627451  0.05490196 0.03137255]] [[0.03137255 0.01568628 0.        ]  [0.03137255 0.01568628 0.        ]  [0.03137255 0.01568628 0.        ]  ...  [0.0627451  0.04705882 0.02745098]  [0.05882353 0.04313726 0.01960784]  [0.05490196 0.04705882 0.02352941]] ... [[0.04705882 0.02352941 0.        ]  [0.04705882 0.02352941 0.        ]  [0.04705882 0.02352941 0.        ]  ...  [0.01176471 0.         0.        ]  [0.00784314 0.00392157 0.        ]  [0.01176471 0.00784314 0.        ]] [[0.04705882 0.02352941 0.        ]  [0.04705882 0.02352941 0.        ]  [0.04705882 0.02352941 0.        ]  ...  [0.01568628 0.00392157 0.        ]  [0.01176471 0.00784314 0.        ]  [0.00784314 0.00392157 0.        ]] [[0.04705882 0.02352941 0.        ]  [0.04705882 0.02352941 0.        ]  [0.04705882 0.02352941 0.        ]  ...  [0.01176471 0.         0.        ]  [0.01176471 0.00392157 0.        ]  [0.01176471 0.00784314 0.        ]]]",7.13552205794258,55656,/home/amos/media/tv/Carnivale S01-S02 web 10bit hevc-d3g/Carnivale S02/Carnivale.S02E10.1080p.WEBRip.10Bit.EAC3.H265-d3g.mkv998,1080,1920,0,588,191,726,588,54786,0.026,"[[[0.03921569 0.02352941 0.00392157]  [0.03921569 0.02352941 0.00392157]  [0.03921569 0.02352941 0.00392157]  ...  [0.05490196 0.04705882 0.02745098]  [0.04313726 0.03921569 0.01568628]  [0.03529412 0.02745098 0.00784314]] [[0.03921569 0.02352941 0.00392157]  [0.03921569 0.02352941 0.00392157]  [0.03921569 0.02352941 0.00392157]  ...  [0.05490196 0.04705882 0.02745098]  [0.04705882 0.03921569 0.01568628]  [0.03921569 0.03529412 0.01176471]] [[0.03921569 0.02352941 0.00392157]  [0.03921569 0.02352941 0.00392157]  [0.03921569 0.02352941 0.00392157]  ...  [0.05882353 0.05098039 0.03137255]  [0.05098039 0.04705882 0.02352941]  [0.04705882 0.04313726 0.01960784]] ... [[0.05490196 0.02745098 0.00392157]  [0.05490196 0.02745098 0.00392157]  [0.05882353 0.03137255 0.00784314]  ...  [0.02745098 0.01176471 0.        ]  [0.01960784 0.00784314 0.        ]  [0.01960784 0.01176471 0.        ]] [[0.05882353 0.03137255 0.00784314]  [0.05882353 0.03137255 0.00784314]  [0.05882353 0.03137255 0.00784314]  ...  [0.02352941 0.00784314 0.        ]  [0.01960784 0.00784314 0.        ]  [0.01960784 0.00784314 0.        ]] [[0.05882353 0.03137255 0.00784314]  [0.05882353 0.03137255 0.00784314]  [0.05882353 0.03137255 0.00784314]  ...  [0.01960784 0.00784314 0.        ]  [0.01960784 0.00784314 0.        ]  [0.01960784 0.00784314 0.        ]]]",6.405541049025487,55680,/home/amos/media/tv/Carnivale S01-S02 web 10bit hevc-d3g/Carnivale S02/Carnivale.S02E10.1080p.WEBRip.10Bit.EAC3.H265-d3g.mkv999,1080,1920,0,740,116,519,740,137904,0.067,"[[[0.01176471 0.         0.00392157]  [0.03137255 0.01568628 0.01960784]  [0.04313726 0.02745098 0.02745098]  ...  [0.03137255 0.00392157 0.00392157]  [0.03137255 0.         0.        ]  [0.03529412 0.00392157 0.00392157]] [[0.         0.         0.        ]  [0.05098039 0.03529412 0.03921569]  [0.02745098 0.01176471 0.01176471]  ...  [0.03137255 0.00392157 0.        ]  [0.03529412 0.00392157 0.        ]  [0.04313726 0.00784314 0.00392157]] [[0.         0.         0.        ]  [0.04705882 0.03921569 0.03529412]  [0.02352941 0.00784314 0.00784314]  ...  [0.03529412 0.00784314 0.        ]  [0.04313726 0.01176471 0.00784314]  [0.04313726 0.01176471 0.00784314]] ... [[0.13333334 0.08235294 0.05882353]  [0.14117648 0.09411765 0.06666667]  [0.11372549 0.06666667 0.04705882]  ...  [0.00784314 0.         0.00784314]  [0.00784314 0.         0.00392157]  [0.00784314 0.         0.00392157]] [[0.13333334 0.08627451 0.05098039]  [0.14117648 0.09411765 0.05882353]  [0.14509805 0.10196079 0.07450981]  ...  [0.00784314 0.         0.00784314]  [0.00784314 0.         0.00392157]  [0.00784314 0.         0.00392157]] [[0.10980392 0.05882353 0.02745098]  [0.12156863 0.07450981 0.03921569]  [0.12941177 0.08235294 0.05098039]  ...  [0.00784314 0.         0.00784314]  [0.00784314 0.         0.00392157]  [0.00784314 0.         0.00392157]]]",5.857813091133721,55704,/home/amos/media/tv/Carnivale S01-S02 web 10bit hevc-d3g/Carnivale S02/Carnivale.S02E10.1080p.WEBRip.10Bit.EAC3.H265-d3g.mkv1000,1080,1920,0,711,124,559,711,89224,0.043,"[[[0.01176471 0.         0.        ]  [0.03137255 0.01176471 0.01176471]  [0.03137255 0.01176471 0.01176471]  ...  [0.03529412 0.00392157 0.00392157]  [0.03529412 0.00392157 0.00392157]  [0.03529412 0.00392157 0.00392157]] [[0.01568628 0.         0.        ]  [0.03529412 0.01568628 0.01568628]  [0.02745098 0.00784314 0.00784314]  ...  [0.05490196 0.02352941 0.01960784]  [0.04313726 0.01176471 0.00784314]  [0.05098039 0.01960784 0.01960784]] [[0.01568628 0.         0.        ]  [0.03529412 0.01568628 0.01568628]  [0.01960784 0.00392157 0.00392157]  ...  [0.05882353 0.02745098 0.02352941]  [0.05490196 0.02352941 0.01960784]  [0.05490196 0.02352941 0.01960784]] ... [[0.10196079 0.05490196 0.04705882]  [0.04705882 0.         0.        ]  [0.07058824 0.02352941 0.00392157]  ...  [0.01960784 0.         0.        ]  [0.01960784 0.         0.        ]  [0.01960784 0.         0.        ]] [[0.06666667 0.01960784 0.01176471]  [0.07450981 0.02745098 0.01568628]  [0.07450981 0.02352941 0.00392157]  ...  [0.01960784 0.         0.        ]  [0.01960784 0.         0.        ]  [0.01960784 0.         0.        ]] [[0.05098039 0.01176471 0.        ]  [0.07058824 0.02352941 0.01176471]  [0.10980392 0.05882353 0.04313726]  ...  [0.01960784 0.         0.        ]  [0.01960784 0.         0.        ]  [0.01960784 0.         0.        ]]]",8.281307101249695,55728,/home/amos/media/tv/Carnivale S01-S02 web 10bit hevc-d3g/Carnivale S02/Carnivale.S02E10.1080p.WEBRip.10Bit.EAC3.H265-d3g.mkv1001,1080,1920,0,684,42,513,684,109782,0.053,"[[[0.         0.         0.        ]  [0.00784314 0.         0.        ]  [0.01960784 0.00392157 0.00392157]  ...  [0.04313726 0.01568628 0.01568628]  [0.03921569 0.01176471 0.01176471]  [0.03137255 0.00392157 0.00392157]] [[0.         0.         0.        ]  [0.00784314 0.         0.        ]  [0.01960784 0.00392157 0.00392157]  ...  [0.03921569 0.01176471 0.01176471]  [0.04705882 0.01960784 0.01960784]  [0.03529412 0.00784314 0.00784314]] [[0.         0.         0.        ]  [0.01176471 0.00392157 0.00392157]  [0.01960784 0.00392157 0.00392157]  ...  [0.03137255 0.00392157 0.00392157]  [0.03921569 0.01176471 0.01176471]  [0.05098039 0.02352941 0.02352941]] ... [[0.10196079 0.05882353 0.05098039]  [0.0627451  0.01568628 0.01176471]  [0.0627451  0.01960784 0.01568628]  ...  [0.01568628 0.00784314 0.00392157]  [0.01176471 0.00392157 0.        ]  [0.01176471 0.00392157 0.        ]] [[0.1254902  0.07450981 0.06666667]  [0.03921569 0.         0.        ]  [0.05490196 0.00392157 0.00392157]  ...  [0.03921569 0.03137255 0.02745098]  [0.01176471 0.00392157 0.        ]  [0.01176471 0.00392157 0.        ]] [[0.16470589 0.11764706 0.10196079]  [0.07450981 0.02745098 0.01568628]  [0.05098039 0.         0.        ]  ...  [0.03921569 0.03137255 0.02352941]  [0.03529412 0.02745098 0.02352941]  [0.01960784 0.01176471 0.00784314]]]",6.650334015372209,55752,/home/amos/media/tv/Carnivale S01-S02 web 10bit hevc-d3g/Carnivale S02/Carnivale.S02E10.1080p.WEBRip.10Bit.EAC3.H265-d3g.mkv1002,1080,1920,0,697,25,378,697,214368,0.103,"[[[0. 0. 0.]  [0. 0. 0.]  [0. 0. 0.]  ...  [0. 0. 0.]  [0. 0. 0.]  [0. 0. 0.]] [[0. 0. 0.]  [0. 0. 0.]  [0. 0. 0.]  ...  [0. 0. 0.]  [0. 0. 0.]  [0. 0. 0.]] [[0. 0. 0.]  [0. 0. 0.]  [0. 0. 0.]  ...  [0. 0. 0.]  [0. 0. 0.]  [0. 0. 0.]] ... [[0. 0. 0.]  [0. 0. 0.]  [0. 0. 0.]  ...  [0. 0. 0.]  [0. 0. 0.]  [0. 0. 0.]] [[0. 0. 0.]  [0. 0. 0.]  [0. 0. 0.]  ...  [0. 0. 0.]  [0. 0. 0.]  [0. 0. 0.]] [[0. 0. 0.]  [0. 0. 0.]  [0. 0. 0.]  ...  [0. 0. 0.]  [0. 0. 0.]  [0. 0. 0.]]]",6.620425098750275,55776,/home/amos/media/tv/Carnivale S01-S02 web 10bit hevc-d3g/Carnivale S02/Carnivale.S02E10.1080p.WEBRip.10Bit.EAC3.H265-d3g.mkv1003,1080,1920,0,588,75,1005,588,213921,0.103,"[[[0.02745098 0.01176471 0.        ]  [0.02745098 0.01176471 0.        ]  [0.02745098 0.01176471 0.        ]  ...  [0.04313726 0.03529412 0.01568628]  [0.03529412 0.03137255 0.00784314]  [0.02745098 0.01960784 0.        ]] [[0.02745098 0.00784314 0.        ]  [0.02745098 0.01176471 0.        ]  [0.02745098 0.01176471 0.        ]  ...  [0.03921569 0.03137255 0.01176471]  [0.03137255 0.01960784 0.00392157]  [0.02745098 0.01960784 0.        ]] [[0.02745098 0.00784314 0.        ]  [0.02352941 0.00784314 0.        ]  [0.02352941 0.00784314 0.        ]  ...  [0.03921569 0.03137255 0.01176471]  [0.03137255 0.01960784 0.00392157]  [0.02352941 0.01960784 0.        ]] ... [[0.05098039 0.02745098 0.00392157]  [0.04313726 0.02745098 0.00392157]  [0.04313726 0.02745098 0.        ]  ...  [0.03137255 0.01176471 0.        ]  [0.02745098 0.00784314 0.        ]  [0.02352941 0.00784314 0.        ]] [[0.04705882 0.02352941 0.        ]  [0.04705882 0.02352941 0.        ]  [0.04313726 0.02352941 0.        ]  ...  [0.02745098 0.00784314 0.        ]  [0.02352941 0.00784314 0.        ]  [0.01960784 0.00392157 0.        ]] [[0.04705882 0.02352941 0.        ]  [0.04705882 0.02352941 0.        ]  [0.04705882 0.02352941 0.        ]  ...  [0.02352941 0.00784314 0.        ]  [0.02352941 0.00784314 0.        ]  [0.02352941 0.00784314 0.        ]]]",5.4529781604069285,55800,/home/amos/media/tv/Carnivale S01-S02 web 10bit hevc-d3g/Carnivale S02/Carnivale.S02E10.1080p.WEBRip.10Bit.EAC3.H265-d3g.mkv1004,1080,1920,0,611,83,1021,611,216480,0.104,"[[[0.02745098 0.00784314 0.        ]  [0.02352941 0.00392157 0.        ]  [0.02352941 0.00392157 0.        ]  ...  [0.01568628 0.01176471 0.        ]  [0.00784314 0.00392157 0.        ]  [0.00784314 0.00392157 0.        ]] [[0.02745098 0.00784314 0.        ]  [0.02745098 0.00784314 0.        ]  [0.02745098 0.00784314 0.        ]  ...  [0.01568628 0.01176471 0.        ]  [0.01176471 0.00784314 0.        ]  [0.01176471 0.00784314 0.        ]] [[0.02745098 0.00784314 0.        ]  [0.02745098 0.00784314 0.        ]  [0.02745098 0.00784314 0.        ]  ...  [0.01568628 0.01176471 0.        ]  [0.01568628 0.01176471 0.        ]  [0.01176471 0.00784314 0.        ]] ... [[0.03921569 0.02352941 0.        ]  [0.04313726 0.01960784 0.        ]  [0.04313726 0.01960784 0.        ]  ...  [0.01568628 0.00784314 0.        ]  [0.01176471 0.00784314 0.        ]  [0.01176471 0.00392157 0.        ]] [[0.03921569 0.02352941 0.        ]  [0.03921569 0.02352941 0.        ]  [0.04313726 0.01960784 0.        ]  ...  [0.01568628 0.00784314 0.        ]  [0.01568628 0.00784314 0.        ]  [0.01568628 0.00784314 0.        ]] [[0.04313726 0.02352941 0.        ]  [0.04313726 0.01960784 0.        ]  [0.04313726 0.01960784 0.        ]  ...  [0.01568628 0.00784314 0.        ]  [0.01568628 0.00784314 0.        ]  [0.01568628 0.00784314 0.        ]]]",5.526497899380047,55824,/home/amos/media/tv/Carnivale S01-S02 web 10bit hevc-d3g/Carnivale S02/Carnivale.S02E10.1080p.WEBRip.10Bit.EAC3.H265-d3g.mkv1005,1080,1920,0,705,91,380,705,199550,0.096,"[[[0.07058824 0.03529412 0.02352941]  [0.05490196 0.02352941 0.01568628]  [0.03529412 0.00784314 0.00784314]  ...  [0.         0.         0.        ]  [0.         0.         0.        ]  [0.         0.         0.        ]] [[0.09411765 0.05882353 0.04313726]  [0.05098039 0.01960784 0.01568628]  [0.02745098 0.00784314 0.        ]  ...  [0.         0.         0.        ]  [0.         0.         0.        ]  [0.         0.         0.        ]] [[0.08235294 0.04705882 0.03137255]  [0.04313726 0.01568628 0.00784314]  [0.02352941 0.00392157 0.        ]  ...  [0.         0.         0.        ]  [0.         0.         0.        ]  [0.         0.         0.        ]] ... [[0.03921569 0.00784314 0.00784314]  [0.05490196 0.01568628 0.01568628]  [0.05490196 0.01176471 0.00784314]  ...  [0.         0.         0.        ]  [0.         0.         0.        ]  [0.         0.         0.        ]] [[0.03529412 0.00392157 0.        ]  [0.03137255 0.         0.        ]  [0.07058824 0.02745098 0.02352941]  ...  [0.         0.         0.        ]  [0.         0.         0.        ]  [0.         0.         0.        ]] [[0.04313726 0.01176471 0.00784314]  [0.05098039 0.01176471 0.01176471]  [0.07058824 0.02745098 0.02352941]  ...  [0.         0.         0.        ]  [0.         0.         0.        ]  [0.         0.         0.        ]]]",6.4166900549898855,56016,/home/amos/media/tv/Carnivale S01-S02 web 10bit hevc-d3g/Carnivale S02/Carnivale.S02E10.1080p.WEBRip.10Bit.EAC3.H265-d3g.mkv1006,1080,1920,0,593,246,758,593,57255,0.028,"[[[0.16862746 0.12156863 0.09803922]  [0.14901961 0.10196079 0.07450981]  [0.12156863 0.07450981 0.05098039]  ...  [0.         0.         0.        ]  [0.         0.         0.        ]  [0.         0.         0.        ]] [[0.16078432 0.11372549 0.09019608]  [0.12941177 0.08235294 0.05882353]  [0.10588235 0.05882353 0.03529412]  ...  [0.         0.         0.        ]  [0.         0.         0.        ]  [0.         0.         0.        ]] [[0.14509805 0.09803922 0.07450981]  [0.11764706 0.07058824 0.04313726]  [0.10196079 0.05490196 0.02745098]  ...  [0.         0.         0.        ]  [0.         0.         0.        ]  [0.         0.         0.        ]] ... [[0.01568628 0.         0.        ]  [0.01960784 0.         0.        ]  [0.01568628 0.         0.        ]  ...  [0.         0.         0.        ]  [0.         0.         0.        ]  [0.         0.         0.        ]] [[0.03921569 0.00784314 0.00784314]  [0.03529412 0.01568628 0.00784314]  [0.01568628 0.         0.        ]  ...  [0.         0.         0.        ]  [0.         0.         0.        ]  [0.         0.         0.        ]] [[0.03921569 0.01176471 0.01176471]  [0.02352941 0.         0.        ]  [0.01176471 0.         0.        ]  ...  [0.         0.         0.        ]  [0.         0.         0.        ]  [0.         0.         0.        ]]]",5.719840143516194,56136,/home/amos/media/tv/Carnivale S01-S02 web 10bit hevc-d3g/Carnivale S02/Carnivale.S02E10.1080p.WEBRip.10Bit.EAC3.H265-d3g.mkv1007,1080,1920,0,580,230,515,580,22750,0.011,"[[[0. 0. 0.]  [0. 0. 0.]  [0. 0. 0.]  ...  [0. 0. 0.]  [0. 0. 0.]  [0. 0. 0.]] [[0. 0. 0.]  [0. 0. 0.]  [0. 0. 0.]  ...  [0. 0. 0.]  [0. 0. 0.]  [0. 0. 0.]] [[0. 0. 0.]  [0. 0. 0.]  [0. 0. 0.]  ...  [0. 0. 0.]  [0. 0. 0.]  [0. 0. 0.]] ... [[0. 0. 0.]  [0. 0. 0.]  [0. 0. 0.]  ...  [0. 0. 0.]  [0. 0. 0.]  [0. 0. 0.]] [[0. 0. 0.]  [0. 0. 0.]  [0. 0. 0.]  ...  [0. 0. 0.]  [0. 0. 0.]  [0. 0. 0.]] [[0. 0. 0.]  [0. 0. 0.]  [0. 0. 0.]  ...  [0. 0. 0.]  [0. 0. 0.]  [0. 0. 0.]]]",10.687413125939202,56160,/home/amos/media/tv/Carnivale S01-S02 web 10bit hevc-d3g/Carnivale S02/Carnivale.S02E10.1080p.WEBRip.10Bit.EAC3.H265-d3g.mkv1008,1080,1920,0,590,226,498,590,33488,0.016,"[[[0. 0. 0.]  [0. 0. 0.]  [0. 0. 0.]  ...  [0. 0. 0.]  [0. 0. 0.]  [0. 0. 0.]] [[0. 0. 0.]  [0. 0. 0.]  [0. 0. 0.]  ...  [0. 0. 0.]  [0. 0. 0.]  [0. 0. 0.]] [[0. 0. 0.]  [0. 0. 0.]  [0. 0. 0.]  ...  [0. 0. 0.]  [0. 0. 0.]  [0. 0. 0.]] ... [[0. 0. 0.]  [0. 0. 0.]  [0. 0. 0.]  ...  [0. 0. 0.]  [0. 0. 0.]  [0. 0. 0.]] [[0. 0. 0.]  [0. 0. 0.]  [0. 0. 0.]  ...  [0. 0. 0.]  [0. 0. 0.]  [0. 0. 0.]] [[0. 0. 0.]  [0. 0. 0.]  [0. 0. 0.]  ...  [0. 0. 0.]  [0. 0. 0.]  [0. 0. 0.]]]",10.43827815487748,56184,/home/amos/media/tv/Carnivale S01-S02 web 10bit hevc-d3g/Carnivale S02/Carnivale.S02E10.1080p.WEBRip.10Bit.EAC3.H265-d3g.mkv1009,1080,1920,0,599,221,504,599,35910,0.017,"[[[0. 0. 0.]  [0. 0. 0.]  [0. 0. 0.]  ...  [0. 0. 0.]  [0. 0. 0.]  [0. 0. 0.]] [[0. 0. 0.]  [0. 0. 0.]  [0. 0. 0.]  ...  [0. 0. 0.]  [0. 0. 0.]  [0. 0. 0.]] [[0. 0. 0.]  [0. 0. 0.]  [0. 0. 0.]  ...  [0. 0. 0.]  [0. 0. 0.]  [0. 0. 0.]] ... [[0. 0. 0.]  [0. 0. 0.]  [0. 0. 0.]  ...  [0. 0. 0.]  [0. 0. 0.]  [0. 0. 0.]] [[0. 0. 0.]  [0. 0. 0.]  [0. 0. 0.]  ...  [0. 0. 0.]  [0. 0. 0.]  [0. 0. 0.]] [[0. 0. 0.]  [0. 0. 0.]  [0. 0. 0.]  ...  [0. 0. 0.]  [0. 0. 0.]  [0. 0. 0.]]]",9.315752032329328,56208,/home/amos/media/tv/Carnivale S01-S02 web 10bit hevc-d3g/Carnivale S02/Carnivale.S02E10.1080p.WEBRip.10Bit.EAC3.H265-d3g.mkv1010,1080,1920,0,501,155,239,501,90652,0.044,"[[[0.05098039 0.03529412 0.01568628]  [0.04705882 0.03137255 0.01176471]  [0.03529412 0.01960784 0.        ]  ...  [0.2784314  0.21960784 0.16862746]  [0.26666668 0.2        0.15686275]  [0.24705882 0.18039216 0.13725491]] [[0.05490196 0.03921569 0.01960784]  [0.0627451  0.04705882 0.02352941]  [0.04313726 0.02745098 0.00392157]  ...  [0.28627452 0.22352941 0.17254902]  [0.2784314  0.21176471 0.16862746]  [0.25882354 0.19215687 0.14901961]] [[0.05882353 0.04313726 0.02352941]  [0.05882353 0.04313726 0.02352941]  [0.06666667 0.05098039 0.03137255]  ...  [0.27058825 0.20392157 0.16078432]  [0.27058825 0.20392157 0.16078432]  [0.25490198 0.1882353  0.14509805]] ... [[0.09803922 0.06666667 0.03921569]  [0.09803922 0.06666667 0.03921569]  [0.09019608 0.0627451  0.03137255]  ...  [0.         0.         0.        ]  [0.         0.         0.        ]  [0.         0.         0.        ]] [[0.09803922 0.07058824 0.03529412]  [0.09803922 0.06666667 0.03921569]  [0.09411765 0.06666667 0.03529412]  ...  [0.         0.         0.        ]  [0.         0.         0.        ]  [0.         0.         0.        ]] [[0.09019608 0.0627451  0.02745098]  [0.09411765 0.06666667 0.03529412]  [0.10196079 0.07058824 0.04313726]  ...  [0.         0.         0.        ]  [0.         0.         0.        ]  [0.         0.         0.        ]]]",8.630694949475583,56304,/home/amos/media/tv/Carnivale S01-S02 web 10bit hevc-d3g/Carnivale S02/Carnivale.S02E10.1080p.WEBRip.10Bit.EAC3.H265-d3g.mkv1011,1080,1920,0,638,118,410,638,118560,0.057,"[[[0.01960784 0.         0.        ]  [0.01960784 0.         0.        ]  [0.01176471 0.         0.        ]  ...  [0.03921569 0.00784314 0.01176471]  [0.03529412 0.00392157 0.00784314]  [0.03529412 0.00392157 0.00784314]] [[0.01960784 0.         0.        ]  [0.01176471 0.         0.        ]  [0.00784314 0.         0.        ]  ...  [0.03529412 0.00392157 0.00784314]  [0.03921569 0.00784314 0.01176471]  [0.03921569 0.00392157 0.01176471]] [[0.01960784 0.         0.        ]  [0.01568628 0.         0.        ]  [0.00784314 0.         0.        ]  ...  [0.03921569 0.00784314 0.01176471]  [0.03921569 0.00784314 0.01176471]  [0.03529412 0.00392157 0.00784314]] ... [[0.00392157 0.         0.00392157]  [0.01176471 0.         0.00392157]  [0.02352941 0.         0.        ]  ...  [0.         0.         0.        ]  [0.         0.         0.        ]  [0.         0.         0.        ]] [[0.00392157 0.         0.00392157]  [0.01176471 0.         0.00392157]  [0.02745098 0.00392157 0.00392157]  ...  [0.         0.         0.        ]  [0.         0.         0.        ]  [0.         0.         0.        ]] [[0.00392157 0.         0.00392157]  [0.01176471 0.         0.        ]  [0.02352941 0.00392157 0.00392157]  ...  [0.         0.         0.        ]  [0.         0.         0.        ]  [0.         0.         0.        ]]]",6.425339075853117,56328,/home/amos/media/tv/Carnivale S01-S02 web 10bit hevc-d3g/Carnivale S02/Carnivale.S02E10.1080p.WEBRip.10Bit.EAC3.H265-d3g.mkv1012,1080,1920,0,636,102,455,636,96654,0.047,"[[[0. 0. 0.]  [0. 0. 0.]  [0. 0. 0.]  ...  [0. 0. 0.]  [0. 0. 0.]  [0. 0. 0.]] [[0. 0. 0.]  [0. 0. 0.]  [0. 0. 0.]  ...  [0. 0. 0.]  [0. 0. 0.]  [0. 0. 0.]] [[0. 0. 0.]  [0. 0. 0.]  [0. 0. 0.]  ...  [0. 0. 0.]  [0. 0. 0.]  [0. 0. 0.]] ... [[0. 0. 0.]  [0. 0. 0.]  [0. 0. 0.]  ...  [0. 0. 0.]  [0. 0. 0.]  [0. 0. 0.]] [[0. 0. 0.]  [0. 0. 0.]  [0. 0. 0.]  ...  [0. 0. 0.]  [0. 0. 0.]  [0. 0. 0.]] [[0. 0. 0.]  [0. 0. 0.]  [0. 0. 0.]  ...  [0. 0. 0.]  [0. 0. 0.]  [0. 0. 0.]]]",7.869390133477282,56352,/home/amos/media/tv/Carnivale S01-S02 web 10bit hevc-d3g/Carnivale S02/Carnivale.S02E10.1080p.WEBRip.10Bit.EAC3.H265-d3g.mkv1013,1080,1920,0,639,100,465,639,93786,0.045,"[[[0.02745098 0.00392157 0.        ]  [0.08627451 0.05882353 0.05490196]  [0.07058824 0.04313726 0.03921569]  ...  [0.03137255 0.00392157 0.00784314]  [0.03137255 0.00392157 0.00784314]  [0.02745098 0.         0.00392157]] [[0.04705882 0.01960784 0.01568628]  [0.07450981 0.04705882 0.04313726]  [0.05490196 0.02745098 0.02352941]  ...  [0.03137255 0.00392157 0.00784314]  [0.02745098 0.         0.00392157]  [0.03921569 0.01176471 0.01568628]] [[0.05098039 0.02352941 0.01960784]  [0.06666667 0.03921569 0.03529412]  [0.05490196 0.02745098 0.02352941]  ...  [0.02745098 0.         0.00392157]  [0.02352941 0.         0.        ]  [0.02745098 0.         0.00392157]] ... [[0.         0.         0.        ]  [0.         0.         0.        ]  [0.         0.         0.        ]  ...  [0.         0.         0.        ]  [0.         0.         0.        ]  [0.00392157 0.         0.        ]] [[0.         0.         0.        ]  [0.         0.         0.        ]  [0.         0.         0.        ]  ...  [0.00392157 0.         0.        ]  [0.         0.         0.        ]  [0.00392157 0.         0.        ]] [[0.         0.         0.        ]  [0.         0.         0.        ]  [0.         0.         0.        ]  ...  [0.00784314 0.00392157 0.00392157]  [0.00784314 0.         0.        ]  [0.         0.         0.        ]]]",8.90167797257891,56376,/home/amos/media/tv/Carnivale S01-S02 web 10bit hevc-d3g/Carnivale S02/Carnivale.S02E10.1080p.WEBRip.10Bit.EAC3.H265-d3g.mkv1014,1080,1920,0,560,200,1044,560,174240,0.084,"[[[0.01960784 0.00784314 0.        ]  [0.01960784 0.00784314 0.        ]  [0.01960784 0.00784314 0.        ]  ...  [0.01960784 0.01960784 0.        ]  [0.02352941 0.01960784 0.00392157]  [0.01568628 0.01176471 0.        ]] [[0.01960784 0.00784314 0.        ]  [0.01960784 0.00784314 0.        ]  [0.01960784 0.00784314 0.        ]  ...  [0.02352941 0.02352941 0.        ]  [0.01960784 0.01568628 0.        ]  [0.01960784 0.01568628 0.        ]] [[0.01960784 0.00784314 0.        ]  [0.01960784 0.00784314 0.        ]  [0.01960784 0.00784314 0.        ]  ...  [0.01568628 0.01568628 0.        ]  [0.01568628 0.01176471 0.        ]  [0.01568628 0.01176471 0.        ]] ... [[0.05098039 0.03137255 0.        ]  [0.05098039 0.03137255 0.        ]  [0.05098039 0.03529412 0.        ]  ...  [0.         0.         0.        ]  [0.         0.         0.        ]  [0.         0.         0.00392157]] [[0.05098039 0.03529412 0.        ]  [0.05098039 0.03529412 0.        ]  [0.05098039 0.03529412 0.        ]  ...  [0.         0.         0.        ]  [0.         0.         0.        ]  [0.         0.         0.        ]] [[0.04705882 0.02745098 0.        ]  [0.05098039 0.03137255 0.        ]  [0.05098039 0.03529412 0.        ]  ...  [0.         0.         0.        ]  [0.         0.         0.        ]  [0.         0.         0.        ]]]",4.267414030560758,56400,/home/amos/media/tv/Carnivale S01-S02 web 10bit hevc-d3g/Carnivale S02/Carnivale.S02E10.1080p.WEBRip.10Bit.EAC3.H265-d3g.mkv1015,1080,1920,0,622,111,484,622,70518,0.034,"[[[0.06666667 0.04313726 0.02352941]  [0.10980392 0.08235294 0.05882353]  [0.08627451 0.05882353 0.03921569]  ...  [0.01960784 0.         0.        ]  [0.01960784 0.         0.        ]  [0.01960784 0.         0.        ]] [[0.08627451 0.0627451  0.04313726]  [0.10196079 0.07843138 0.05098039]  [0.08627451 0.05882353 0.03921569]  ...  [0.01960784 0.00392157 0.00392157]  [0.01960784 0.         0.        ]  [0.01960784 0.         0.        ]] [[0.11372549 0.09019608 0.07058824]  [0.07843138 0.05098039 0.02745098]  [0.09019608 0.0627451  0.04313726]  ...  [0.01960784 0.00392157 0.00392157]  [0.01960784 0.         0.        ]  [0.02352941 0.00392157 0.00392157]] ... [[0.         0.         0.        ]  [0.         0.         0.        ]  [0.         0.         0.        ]  ...  [0.01960784 0.00392157 0.00392157]  [0.01176471 0.         0.        ]  [0.00784314 0.         0.        ]] [[0.         0.         0.        ]  [0.         0.         0.        ]  [0.         0.         0.        ]  ...  [0.01568628 0.00784314 0.00784314]  [0.01176471 0.00392157 0.        ]  [0.00784314 0.         0.        ]] [[0.         0.         0.        ]  [0.         0.         0.        ]  [0.         0.         0.        ]  ...  [0.00392157 0.         0.        ]  [0.00392157 0.         0.        ]  [0.00392157 0.         0.        ]]]",9.617722083989065,56424,/home/amos/media/tv/Carnivale S01-S02 web 10bit hevc-d3g/Carnivale S02/Carnivale.S02E10.1080p.WEBRip.10Bit.EAC3.H265-d3g.mkv1016,1080,1920,0,604,129,514,604,42750,0.021,"[[[0.08627451 0.05882353 0.03921569]  [0.03529412 0.01176471 0.00392157]  [0.05098039 0.01960784 0.01568628]  ...  [0.01960784 0.         0.        ]  [0.02352941 0.00392157 0.00392157]  [0.01960784 0.         0.        ]] [[0.07843138 0.05098039 0.03137255]  [0.01960784 0.         0.        ]  [0.08627451 0.05882353 0.04705882]  ...  [0.01960784 0.         0.        ]  [0.01960784 0.         0.        ]  [0.01960784 0.         0.        ]] [[0.04705882 0.01960784 0.00392157]  [0.02745098 0.00392157 0.        ]  [0.10588235 0.07843138 0.05882353]  ...  [0.01960784 0.         0.        ]  [0.01960784 0.         0.        ]  [0.01960784 0.         0.        ]] ... [[0.         0.         0.        ]  [0.00784314 0.         0.00392157]  [0.01176471 0.         0.00784314]  ...  [0.01176471 0.         0.        ]  [0.01176471 0.         0.        ]  [0.01176471 0.         0.        ]] [[0.00392157 0.         0.00392157]  [0.00784314 0.         0.00392157]  [0.01176471 0.         0.00784314]  ...  [0.00784314 0.         0.        ]  [0.00784314 0.         0.        ]  [0.00784314 0.         0.        ]] [[0.         0.         0.        ]  [0.         0.         0.        ]  [0.01176471 0.         0.00784314]  ...  [0.00784314 0.         0.        ]  [0.00784314 0.         0.        ]  [0.00784314 0.         0.        ]]]",8.330537195026409,56448,/home/amos/media/tv/Carnivale S01-S02 web 10bit hevc-d3g/Carnivale S02/Carnivale.S02E10.1080p.WEBRip.10Bit.EAC3.H265-d3g.mkv1017,1080,1920,0,586,158,1116,586,226840,0.109,"[[[0.00784314 0.00392157 0.        ]  [0.00784314 0.00392157 0.        ]  [0.01176471 0.00392157 0.        ]  ...  [0.         0.         0.        ]  [0.         0.         0.        ]  [0.         0.         0.        ]] [[0.01568628 0.00784314 0.        ]  [0.01568628 0.00392157 0.        ]  [0.01176471 0.00392157 0.        ]  ...  [0.         0.         0.        ]  [0.         0.         0.        ]  [0.         0.         0.        ]] [[0.01568628 0.00784314 0.        ]  [0.01176471 0.00784314 0.        ]  [0.01176471 0.00392157 0.        ]  ...  [0.         0.         0.        ]  [0.         0.         0.        ]  [0.         0.         0.        ]] ... [[0.05098039 0.03529412 0.00784314]  [0.05098039 0.03137255 0.00784314]  [0.05490196 0.03137255 0.00392157]  ...  [0.         0.         0.        ]  [0.         0.         0.        ]  [0.         0.         0.        ]] [[0.05098039 0.03529412 0.00784314]  [0.05098039 0.03137255 0.00784314]  [0.05490196 0.03137255 0.00784314]  ...  [0.         0.         0.        ]  [0.         0.         0.        ]  [0.         0.         0.        ]] [[0.05490196 0.03921569 0.01176471]  [0.05490196 0.03529412 0.00784314]  [0.05490196 0.03137255 0.00784314]  ...  [0.         0.         0.        ]  [0.         0.         0.        ]  [0.         0.         0.        ]]]",7.557850031706039,56472,/home/amos/media/tv/Carnivale S01-S02 web 10bit hevc-d3g/Carnivale S02/Carnivale.S02E10.1080p.WEBRip.10Bit.EAC3.H265-d3g.mkv1018,1080,1920,0,555,207,1076,555,181308,0.087,"[[[0.01960784 0.00784314 0.        ]  [0.01960784 0.00784314 0.        ]  [0.01960784 0.00784314 0.        ]  ...  [0.00392157 0.00392157 0.        ]  [0.00784314 0.00784314 0.        ]  [0.00392157 0.00392157 0.        ]] [[0.01960784 0.00784314 0.        ]  [0.01960784 0.00784314 0.        ]  [0.01960784 0.00784314 0.        ]  ...  [0.         0.         0.        ]  [0.00392157 0.00392157 0.        ]  [0.00392157 0.00392157 0.        ]] [[0.01960784 0.00784314 0.        ]  [0.01960784 0.00784314 0.        ]  [0.01960784 0.00784314 0.        ]  ...  [0.         0.         0.        ]  [0.         0.         0.        ]  [0.         0.         0.        ]] ... [[0.05490196 0.03137255 0.00392157]  [0.05490196 0.03137255 0.00392157]  [0.05490196 0.03137255 0.00784314]  ...  [0.         0.         0.        ]  [0.         0.         0.        ]  [0.         0.         0.        ]] [[0.05490196 0.03137255 0.00392157]  [0.05490196 0.03137255 0.00392157]  [0.05490196 0.03137255 0.00392157]  ...  [0.         0.         0.        ]  [0.         0.         0.        ]  [0.         0.         0.        ]] [[0.05490196 0.03137255 0.00392157]  [0.05490196 0.03137255 0.00392157]  [0.05490196 0.03137255 0.00392157]  ...  [0.         0.         0.        ]  [0.         0.         0.        ]  [0.         0.         0.        ]]]",5.994478054984938,56496,/home/amos/media/tv/Carnivale S01-S02 web 10bit hevc-d3g/Carnivale S02/Carnivale.S02E10.1080p.WEBRip.10Bit.EAC3.H265-d3g.mkv1019,1080,1920,0,447,71,379,447,25568,0.012,"[[[0.14117648 0.09803922 0.0627451 ]  [0.14117648 0.09803922 0.06666667]  [0.14901961 0.10588235 0.07058824]  ...  [0.00392157 0.         0.        ]  [0.00392157 0.         0.        ]  [0.00392157 0.         0.        ]] [[0.14901961 0.10588235 0.06666667]  [0.14901961 0.10588235 0.06666667]  [0.15294118 0.10980392 0.07058824]  ...  [0.00392157 0.         0.        ]  [0.00392157 0.         0.        ]  [0.00392157 0.         0.        ]] [[0.18039216 0.13725491 0.09803922]  [0.17254902 0.13333334 0.09411765]  [0.16862746 0.1254902  0.08627451]  ...  [0.00392157 0.         0.        ]  [0.00392157 0.         0.        ]  [0.00392157 0.         0.        ]] ... [[0.05490196 0.02745098 0.00784314]  [0.05490196 0.02745098 0.00784314]  [0.05490196 0.02745098 0.00784314]  ...  [0.05490196 0.03137255 0.00784314]  [0.05490196 0.03137255 0.00784314]  [0.05490196 0.03137255 0.00784314]] [[0.05882353 0.03137255 0.01176471]  [0.05490196 0.02745098 0.00784314]  [0.05490196 0.02352941 0.00784314]  ...  [0.05490196 0.03137255 0.00784314]  [0.05490196 0.03137255 0.00784314]  [0.05490196 0.03137255 0.00784314]] [[0.05882353 0.03137255 0.01176471]  [0.05882353 0.03137255 0.01176471]  [0.05490196 0.02745098 0.00784314]  ...  [0.05490196 0.03137255 0.00784314]  [0.05490196 0.03137255 0.00784314]  [0.05490196 0.03137255 0.00784314]]]",3.7935171613353305,56544,/home/amos/media/tv/Carnivale S01-S02 web 10bit hevc-d3g/Carnivale S02/Carnivale.S02E10.1080p.WEBRip.10Bit.EAC3.H265-d3g.mkv1020,1080,1920,0,462,199,367,462,24985,0.012,"[[[0.09803922 0.07058824 0.03529412]  [0.05882353 0.03137255 0.00392157]  [0.05882353 0.03137255 0.        ]  ...  [0.05882353 0.03137255 0.        ]  [0.0627451  0.03529412 0.00392157]  [0.0627451  0.03529412 0.00392157]] [[0.14117648 0.10980392 0.07450981]  [0.11372549 0.08235294 0.04313726]  [0.10196079 0.07058824 0.03137255]  ...  [0.0627451  0.03529412 0.00392157]  [0.05882353 0.03137255 0.        ]  [0.05098039 0.02352941 0.        ]] [[0.10980392 0.07843138 0.04313726]  [0.12941177 0.09803922 0.05882353]  [0.13333334 0.10196079 0.0627451 ]  ...  [0.0627451  0.03529412 0.00392157]  [0.05098039 0.02745098 0.        ]  [0.05098039 0.02352941 0.        ]] ... [[0.03529412 0.02745098 0.01568628]  [0.04313726 0.03921569 0.02352941]  [0.04313726 0.03529412 0.01960784]  ...  [0.07843138 0.05490196 0.02352941]  [0.07843138 0.05490196 0.02352941]  [0.07843138 0.05490196 0.02352941]] [[0.05490196 0.04705882 0.03529412]  [0.04705882 0.03529412 0.02352941]  [0.04705882 0.03137255 0.01960784]  ...  [0.07843138 0.05490196 0.02352941]  [0.07843138 0.05490196 0.02352941]  [0.07843138 0.05490196 0.02352941]] [[0.05490196 0.04313726 0.02745098]  [0.04705882 0.03529412 0.01960784]  [0.05098039 0.03529412 0.01568628]  ...  [0.07843138 0.05490196 0.02352941]  [0.07843138 0.05490196 0.02352941]  [0.07843138 0.05490196 0.02352941]]]",7.180257091240492,56592,/home/amos/media/tv/Carnivale S01-S02 web 10bit hevc-d3g/Carnivale S02/Carnivale.S02E10.1080p.WEBRip.10Bit.EAC3.H265-d3g.mkv1021,1080,1920,0,435,136,427,435,2392,0.001,"[[[0.07058824 0.04705882 0.00392157]  [0.0627451  0.03529412 0.        ]  [0.05882353 0.03137255 0.        ]  ...  [0.06666667 0.04313726 0.00392157]  [0.07450981 0.05098039 0.00784314]  [0.06666667 0.04313726 0.00392157]] [[0.05882353 0.03529412 0.        ]  [0.06666667 0.04313726 0.00392157]  [0.07843138 0.05098039 0.01568628]  ...  [0.06666667 0.04313726 0.00392157]  [0.07450981 0.05098039 0.00784314]  [0.06666667 0.04313726 0.        ]] [[0.06666667 0.03921569 0.        ]  [0.07450981 0.05098039 0.01176471]  [0.07058824 0.04313726 0.00784314]  ...  [0.06666667 0.04313726 0.        ]  [0.07058824 0.04705882 0.00392157]  [0.07058824 0.04313726 0.00392157]] ... [[0.03921569 0.00392157 0.        ]  [0.03921569 0.00392157 0.        ]  [0.03529412 0.00392157 0.        ]  ...  [0.08235294 0.05490196 0.02352941]  [0.07843138 0.05098039 0.01960784]  [0.07843138 0.05098039 0.01960784]] [[0.03921569 0.00392157 0.        ]  [0.03921569 0.         0.        ]  [0.03921569 0.00392157 0.        ]  ...  [0.07843138 0.05098039 0.01960784]  [0.07843138 0.05098039 0.01960784]  [0.07843138 0.05098039 0.01960784]] [[0.03921569 0.00392157 0.        ]  [0.03921569 0.00392157 0.        ]  [0.04313726 0.00784314 0.        ]  ...  [0.07843138 0.05098039 0.01960784]  [0.07843138 0.05098039 0.01960784]  [0.07843138 0.05098039 0.01960784]]]",4.837246957409661,56616,/home/amos/media/tv/Carnivale S01-S02 web 10bit hevc-d3g/Carnivale S02/Carnivale.S02E10.1080p.WEBRip.10Bit.EAC3.H265-d3g.mkv1022,1080,1920,0,437,149,414,437,6624,0.003,"[[[0.08235294 0.04705882 0.00784314]  [0.08235294 0.05098039 0.00784314]  [0.08235294 0.05098039 0.01176471]  ...  [0.07058824 0.04705882 0.00392157]  [0.07058824 0.05098039 0.00784314]  [0.07843138 0.05490196 0.01176471]] [[0.07843138 0.04313726 0.00392157]  [0.07450981 0.04313726 0.        ]  [0.08235294 0.04705882 0.00784314]  ...  [0.06666667 0.04313726 0.        ]  [0.06666667 0.04705882 0.00392157]  [0.07843138 0.05490196 0.01176471]] [[0.08235294 0.04705882 0.00784314]  [0.07843138 0.04705882 0.00392157]  [0.07450981 0.04313726 0.00784314]  ...  [0.07450981 0.05098039 0.00784314]  [0.07450981 0.05098039 0.00784314]  [0.07058824 0.05098039 0.00784314]] ... [[0.05098039 0.01568628 0.        ]  [0.05490196 0.01960784 0.00392157]  [0.05098039 0.01568628 0.        ]  ...  [0.09019608 0.0627451  0.03137255]  [0.09019608 0.0627451  0.03137255]  [0.09019608 0.0627451  0.03137255]] [[0.05490196 0.01960784 0.00392157]  [0.05490196 0.01960784 0.00392157]  [0.04705882 0.01176471 0.        ]  ...  [0.09019608 0.0627451  0.03137255]  [0.09019608 0.0627451  0.03137255]  [0.08627451 0.05882353 0.02745098]] [[0.05490196 0.01960784 0.        ]  [0.05490196 0.01960784 0.00392157]  [0.05098039 0.01176471 0.        ]  ...  [0.09019608 0.05882353 0.03137255]  [0.08627451 0.05882353 0.02745098]  [0.08627451 0.05882353 0.02745098]]]",6.061161043471657,56640,/home/amos/media/tv/Carnivale S01-S02 web 10bit hevc-d3g/Carnivale S02/Carnivale.S02E10.1080p.WEBRip.10Bit.EAC3.H265-d3g.mkv1023,1080,1920,0,474,96,347,474,48006,0.023,"[[[0.10196079 0.07843138 0.03529412]  [0.09803922 0.07450981 0.03137255]  [0.08235294 0.05490196 0.00784314]  ...  [0.07450981 0.05098039 0.00784314]  [0.07058824 0.04705882 0.00392157]  [0.07450981 0.05098039 0.00784314]] [[0.10196079 0.07450981 0.03137255]  [0.10196079 0.07450981 0.03137255]  [0.09803922 0.06666667 0.01960784]  ...  [0.07450981 0.05098039 0.00784314]  [0.07450981 0.05098039 0.00784314]  [0.07058824 0.04705882 0.00392157]] [[0.10196079 0.07843138 0.03529412]  [0.11372549 0.08235294 0.03921569]  [0.10196079 0.07058824 0.02745098]  ...  [0.07843138 0.05490196 0.01176471]  [0.07450981 0.05098039 0.00784314]  [0.07058824 0.04705882 0.00392157]] ... [[0.00392157 0.         0.        ]  [0.         0.         0.        ]  [0.         0.         0.        ]  ...  [0.07843138 0.05490196 0.02352941]  [0.08235294 0.05490196 0.02352941]  [0.08235294 0.05490196 0.02352941]] [[0.01568628 0.01176471 0.00392157]  [0.00392157 0.00392157 0.        ]  [0.         0.         0.        ]  ...  [0.08235294 0.05882353 0.02745098]  [0.08627451 0.05882353 0.02745098]  [0.07843138 0.05098039 0.01960784]] [[0.02745098 0.02352941 0.01176471]  [0.01960784 0.01568628 0.00392157]  [0.00392157 0.         0.        ]  ...  [0.08627451 0.05882353 0.02745098]  [0.08627451 0.05490196 0.02352941]  [0.08235294 0.05882353 0.02745098]]]",9.0015430735657,56664,/home/amos/media/tv/Carnivale S01-S02 web 10bit hevc-d3g/Carnivale S02/Carnivale.S02E10.1080p.WEBRip.10Bit.EAC3.H265-d3g.mkv1024,1080,1920,0,575,260,489,575,27090,0.013,"[[[0.01960784 0.00392157 0.00392157]  [0.01568628 0.         0.        ]  [0.01176471 0.         0.        ]  ...  [0.03529412 0.00392157 0.00784314]  [0.03137255 0.         0.00392157]  [0.03529412 0.00392157 0.00784314]] [[0.01568628 0.         0.        ]  [0.01568628 0.         0.        ]  [0.01568628 0.         0.        ]  ...  [0.03529412 0.00392157 0.00784314]  [0.03529412 0.00392157 0.00784314]  [0.03529412 0.00392157 0.00784314]] [[0.01960784 0.         0.        ]  [0.01568628 0.         0.        ]  [0.01568628 0.         0.        ]  ...  [0.03137255 0.         0.00392157]  [0.03137255 0.         0.00392157]  [0.03137255 0.         0.00392157]] ... [[0.05490196 0.01960784 0.00784314]  [0.05882353 0.02352941 0.01176471]  [0.0627451  0.02745098 0.01568628]  ...  [0.         0.         0.        ]  [0.         0.         0.        ]  [0.         0.         0.        ]] [[0.05490196 0.01568628 0.00784314]  [0.05882353 0.02352941 0.01176471]  [0.0627451  0.02745098 0.01568628]  ...  [0.         0.         0.        ]  [0.         0.         0.        ]  [0.         0.         0.        ]] [[0.04705882 0.01176471 0.        ]  [0.04705882 0.01176471 0.        ]  [0.05098039 0.01568628 0.00392157]  ...  [0.         0.         0.        ]  [0.         0.         0.        ]  [0.         0.         0.        ]]]",4.3289560318225995,56688,/home/amos/media/tv/Carnivale S01-S02 web 10bit hevc-d3g/Carnivale S02/Carnivale.S02E10.1080p.WEBRip.10Bit.EAC3.H265-d3g.mkv1025,1080,1920,0,311,209,719,311,41616,0.02,"[[[0.         0.         0.00392157]  [0.         0.         0.00392157]  [0.         0.         0.00392157]  ...  [0.18431373 0.13725491 0.09019608]  [0.1882353  0.14117648 0.09411765]  [0.20392157 0.14901961 0.10196079]] [[0.         0.         0.00392157]  [0.         0.         0.00392157]  [0.         0.         0.00392157]  ...  [0.18039216 0.13725491 0.09411765]  [0.19215687 0.14509805 0.09803922]  [0.2        0.15294118 0.10588235]] [[0.         0.         0.00392157]  [0.         0.         0.00392157]  [0.         0.         0.00392157]  ...  [0.1764706  0.13333334 0.09019608]  [0.19607843 0.15294118 0.10588235]  [0.20784314 0.16078432 0.11372549]] ... [[0.         0.         0.        ]  [0.         0.         0.        ]  [0.         0.         0.        ]  ...  [0.         0.         0.        ]  [0.         0.         0.        ]  [0.         0.         0.        ]] [[0.         0.         0.        ]  [0.         0.         0.        ]  [0.         0.         0.        ]  ...  [0.         0.         0.        ]  [0.         0.         0.        ]  [0.         0.         0.        ]] [[0.         0.         0.        ]  [0.         0.         0.        ]  [0.         0.         0.        ]  ...  [0.         0.         0.        ]  [0.         0.         0.        ]  [0.         0.         0.        ]]]",13.96640610852046,56952,/home/amos/media/tv/Carnivale S01-S02 web 10bit hevc-d3g/Carnivale S02/Carnivale.S02E10.1080p.WEBRip.10Bit.EAC3.H265-d3g.mkv1026,1080,1920,0,317,232,496,317,15215,0.007,"[[[0.         0.         0.        ]  [0.         0.         0.        ]  [0.         0.         0.        ]  ...  [0.00392157 0.         0.        ]  [0.00392157 0.         0.        ]  [0.00784314 0.         0.00392157]] [[0.         0.         0.        ]  [0.         0.         0.        ]  [0.         0.         0.        ]  ...  [0.00392157 0.         0.00392157]  [0.00392157 0.         0.00392157]  [0.00784314 0.         0.00392157]] [[0.         0.         0.        ]  [0.         0.         0.        ]  [0.         0.         0.        ]  ...  [0.00784314 0.         0.00392157]  [0.00784314 0.         0.00392157]  [0.01176471 0.         0.00784314]] ... [[0.         0.         0.        ]  [0.         0.         0.        ]  [0.         0.         0.        ]  ...  [0.         0.         0.00784314]  [0.         0.         0.00784314]  [0.         0.         0.00784314]] [[0.         0.         0.        ]  [0.         0.         0.        ]  [0.         0.         0.        ]  ...  [0.         0.         0.00784314]  [0.         0.         0.00784314]  [0.         0.         0.00784314]] [[0.         0.         0.        ]  [0.         0.         0.        ]  [0.         0.         0.        ]  ...  [0.         0.         0.00784314]  [0.         0.         0.00784314]  [0.         0.         0.00784314]]]",12.797218063089531,56976,/home/amos/media/tv/Carnivale S01-S02 web 10bit hevc-d3g/Carnivale S02/Carnivale.S02E10.1080p.WEBRip.10Bit.EAC3.H265-d3g.mkv1027,1080,1920,0,321,224,432,321,10767,0.005,"[[[0.12156863 0.09803922 0.07450981]  [0.1254902  0.10196079 0.07843138]  [0.13333334 0.10980392 0.08627451]  ...  [0.01176471 0.         0.00784314]  [0.01176471 0.         0.00784314]  [0.01176471 0.         0.00784314]] [[0.1254902  0.09803922 0.07450981]  [0.12941177 0.10196079 0.07843138]  [0.13725491 0.10980392 0.08235294]  ...  [0.01568628 0.00392157 0.00784314]  [0.01176471 0.         0.00784314]  [0.01176471 0.         0.00784314]] [[0.13333334 0.10588235 0.08235294]  [0.13725491 0.10980392 0.08235294]  [0.13333334 0.10588235 0.07843138]  ...  [0.01176471 0.         0.00784314]  [0.01176471 0.         0.00784314]  [0.01176471 0.         0.00784314]] ... [[0.00392157 0.         0.00784314]  [0.01176471 0.         0.00784314]  [0.01176471 0.         0.00784314]  ...  [0.00392157 0.         0.00392157]  [0.         0.         0.        ]  [0.00392157 0.         0.        ]] [[0.00392157 0.         0.00784314]  [0.01568628 0.00392157 0.01176471]  [0.01568628 0.00392157 0.01176471]  ...  [0.00392157 0.         0.00392157]  [0.00392157 0.         0.        ]  [0.00392157 0.         0.        ]] [[0.00784314 0.         0.01176471]  [0.01960784 0.00784314 0.01960784]  [0.02352941 0.00784314 0.01960784]  ...  [0.00784314 0.         0.00784314]  [0.         0.         0.        ]  [0.         0.         0.        ]]]",8.993142069259193,57000,/home/amos/media/tv/Carnivale S01-S02 web 10bit hevc-d3g/Carnivale S02/Carnivale.S02E10.1080p.WEBRip.10Bit.EAC3.H265-d3g.mkv1028,1080,1920,0,355,158,531,355,34672,0.017,"[[[0.03529412 0.00784314 0.01176471]  [0.03529412 0.00784314 0.01176471]  [0.03529412 0.00784314 0.01176471]  ...  [0.05098039 0.03137255 0.01960784]  [0.05098039 0.03137255 0.02352941]  [0.05490196 0.03529412 0.02745098]] [[0.03529412 0.00784314 0.01176471]  [0.03529412 0.00784314 0.01176471]  [0.03529412 0.00784314 0.01176471]  ...  [0.04705882 0.02745098 0.01960784]  [0.05098039 0.03137255 0.02352941]  [0.05490196 0.03921569 0.03137255]] [[0.03529412 0.00784314 0.01176471]  [0.03529412 0.00784314 0.01176471]  [0.03529412 0.00784314 0.01176471]  ...  [0.04705882 0.02745098 0.01960784]  [0.05098039 0.03137255 0.02352941]  [0.0627451  0.04313726 0.03529412]] ... [[0.00784314 0.00392157 0.00784314]  [0.00784314 0.00392157 0.00784314]  [0.00392157 0.00392157 0.00392157]  ...  [0.09019608 0.04313726 0.03137255]  [0.09019608 0.04313726 0.03529412]  [0.08627451 0.03921569 0.03137255]] [[0.00784314 0.00392157 0.00784314]  [0.00784314 0.00392157 0.00784314]  [0.00784314 0.00392157 0.00784314]  ...  [0.09411765 0.04313726 0.03137255]  [0.09019608 0.03921569 0.03137255]  [0.08235294 0.03137255 0.02352941]] [[0.00784314 0.         0.00784314]  [0.00784314 0.         0.00784314]  [0.00784314 0.         0.00784314]  ...  [0.09019608 0.03921569 0.03137255]  [0.07843138 0.02745098 0.02352941]  [0.07450981 0.02745098 0.01960784]]]",5.921836047375109,57024,/home/amos/media/tv/Carnivale S01-S02 web 10bit hevc-d3g/Carnivale S02/Carnivale.S02E10.1080p.WEBRip.10Bit.EAC3.H265-d3g.mkv1029,1080,1920,0,435,174,525,435,23490,0.011,"[[[0.02352941 0.00784314 0.01176471]  [0.02352941 0.00784314 0.01176471]  [0.02352941 0.00784314 0.01176471]  ...  [0.18039216 0.13333334 0.12156863]  [0.16078432 0.11372549 0.10196079]  [0.16078432 0.11372549 0.10196079]] [[0.02352941 0.00784314 0.01176471]  [0.02352941 0.00784314 0.01176471]  [0.02352941 0.00784314 0.01176471]  ...  [0.1882353  0.13725491 0.1254902 ]  [0.17254902 0.12156863 0.10980392]  [0.16470589 0.11764706 0.10588235]] [[0.02352941 0.01176471 0.01176471]  [0.02352941 0.00784314 0.01176471]  [0.02352941 0.00784314 0.00784314]  ...  [0.18431373 0.13333334 0.12156863]  [0.1764706  0.12941177 0.11764706]  [0.17254902 0.1254902  0.11372549]] ... [[0.         0.         0.00784314]  [0.         0.         0.00784314]  [0.         0.         0.00784314]  ...  [0.09411765 0.04313726 0.03137255]  [0.10196079 0.05098039 0.03921569]  [0.10980392 0.0627451  0.05098039]] [[0.         0.         0.00784314]  [0.         0.         0.00784314]  [0.         0.         0.00784314]  ...  [0.10196079 0.05098039 0.03921569]  [0.10588235 0.05490196 0.04313726]  [0.10980392 0.05490196 0.05098039]] [[0.         0.         0.00784314]  [0.         0.         0.00784314]  [0.         0.         0.00784314]  ...  [0.10196079 0.05098039 0.03921569]  [0.11372549 0.0627451  0.05098039]  [0.10588235 0.05490196 0.04705882]]]",7.500489084923174,57048,/home/amos/media/tv/Carnivale S01-S02 web 10bit hevc-d3g/Carnivale S02/Carnivale.S02E10.1080p.WEBRip.10Bit.EAC3.H265-d3g.mkv1030,1080,1920,0,483,112,340,483,53053,0.026,"[[[0.07450981 0.04705882 0.02352941]  [0.07058824 0.04313726 0.01960784]  [0.07058824 0.04313726 0.01960784]  ...  [0.11764706 0.07058824 0.04705882]  [0.12156863 0.07450981 0.05098039]  [0.13333334 0.08627451 0.0627451 ]] [[0.07450981 0.04705882 0.02352941]  [0.07058824 0.04313726 0.01960784]  [0.07058824 0.04313726 0.01960784]  ...  [0.1254902  0.07843138 0.05490196]  [0.12941177 0.08235294 0.05882353]  [0.13725491 0.08627451 0.0627451 ]] [[0.07450981 0.04705882 0.02352941]  [0.07058824 0.04313726 0.01960784]  [0.07058824 0.04313726 0.01960784]  ...  [0.12941177 0.08235294 0.05882353]  [0.14117648 0.08627451 0.06666667]  [0.13725491 0.08627451 0.0627451 ]] ... [[0.05490196 0.03921569 0.02352941]  [0.04705882 0.02745098 0.01568628]  [0.04313726 0.01960784 0.01568628]  ...  [0.08235294 0.05490196 0.03137255]  [0.08627451 0.05882353 0.03529412]  [0.08627451 0.05882353 0.03137255]] [[0.07843138 0.05490196 0.03529412]  [0.07058824 0.05098039 0.02745098]  [0.07058824 0.04313726 0.02745098]  ...  [0.08627451 0.05882353 0.03529412]  [0.08627451 0.05882353 0.03529412]  [0.08627451 0.05882353 0.03529412]] [[0.07843138 0.05490196 0.02745098]  [0.08235294 0.05490196 0.03137255]  [0.08235294 0.05490196 0.03137255]  ...  [0.07843138 0.05490196 0.03137255]  [0.07843138 0.05490196 0.03137255]  [0.08627451 0.0627451  0.03529412]]]",9.1900429680245,57072,/home/amos/media/tv/Carnivale S01-S02 web 10bit hevc-d3g/Carnivale S02/Carnivale.S02E10.1080p.WEBRip.10Bit.EAC3.H265-d3g.mkv1031,1080,1920,0,300,31,1259,300,257971,0.124,"[[[0.01176471 0.00392157 0.        ]  [0.01176471 0.00392157 0.        ]  [0.01568628 0.         0.        ]  ...  [0.0627451  0.03529412 0.00392157]  [0.0627451  0.03529412 0.00392157]  [0.06666667 0.03921569 0.00784314]] [[0.01176471 0.00392157 0.        ]  [0.01176471 0.00392157 0.        ]  [0.01176471 0.         0.        ]  ...  [0.0627451  0.03529412 0.00392157]  [0.0627451  0.03529412 0.00392157]  [0.06666667 0.03921569 0.00784314]] [[0.01176471 0.00392157 0.        ]  [0.01176471 0.00392157 0.        ]  [0.01176471 0.00392157 0.        ]  ...  [0.06666667 0.03921569 0.01176471]  [0.0627451  0.03529412 0.00784314]  [0.06666667 0.03921569 0.01176471]] ... [[0.01176471 0.00392157 0.        ]  [0.01176471 0.00392157 0.        ]  [0.01176471 0.00392157 0.        ]  ...  [0.05098039 0.03529412 0.00392157]  [0.04705882 0.03137255 0.        ]  [0.04705882 0.03137255 0.        ]] [[0.01176471 0.00392157 0.        ]  [0.01176471 0.00392157 0.        ]  [0.01176471 0.00392157 0.        ]  ...  [0.04705882 0.03529412 0.00784314]  [0.05098039 0.03529412 0.00392157]  [0.04705882 0.03137255 0.        ]] [[0.01176471 0.00392157 0.        ]  [0.01176471 0.00392157 0.        ]  [0.01176471 0.00392157 0.        ]  ...  [0.04705882 0.03529412 0.01176471]  [0.04705882 0.03137255 0.00784314]  [0.04705882 0.03137255 0.        ]]]",7.748012106108945,57120,/home/amos/media/tv/Carnivale S01-S02 web 10bit hevc-d3g/Carnivale S02/Carnivale.S02E10.1080p.WEBRip.10Bit.EAC3.H265-d3g.mkv1032,1080,1920,0,320,77,1335,320,246645,0.119,"[[[0.06666667 0.03921569 0.00784314]  [0.06666667 0.03921569 0.00784314]  [0.0627451  0.03529412 0.00392157]  ...  [0.14117648 0.11372549 0.08235294]  [0.14117648 0.11372549 0.08235294]  [0.13725491 0.10980392 0.07843138]] [[0.06666667 0.03921569 0.00784314]  [0.06666667 0.03921569 0.00392157]  [0.0627451  0.03529412 0.00392157]  ...  [0.1254902  0.09803922 0.06666667]  [0.10588235 0.07843138 0.04705882]  [0.09803922 0.07058824 0.03921569]] [[0.0627451  0.03529412 0.00392157]  [0.0627451  0.03529412 0.00392157]  [0.0627451  0.03529412 0.00392157]  ...  [0.09803922 0.07058824 0.03921569]  [0.08627451 0.05882353 0.02745098]  [0.07843138 0.05490196 0.02352941]] ... [[0.01568628 0.01176471 0.        ]  [0.01568628 0.01176471 0.        ]  [0.01568628 0.01176471 0.        ]  ...  [0.         0.00392157 0.        ]  [0.00392157 0.00784314 0.        ]  [0.00392157 0.00784314 0.        ]] [[0.01568628 0.00784314 0.        ]  [0.01568628 0.00784314 0.        ]  [0.01568628 0.00784314 0.        ]  ...  [0.         0.00784314 0.        ]  [0.00392157 0.00784314 0.        ]  [0.00392157 0.00784314 0.        ]] [[0.01176471 0.00784314 0.        ]  [0.01176471 0.00784314 0.        ]  [0.01176471 0.00784314 0.        ]  ...  [0.         0.01176471 0.        ]  [0.         0.00784314 0.        ]  [0.         0.00784314 0.        ]]]",8.829485075664707,57144,/home/amos/media/tv/Carnivale S01-S02 web 10bit hevc-d3g/Carnivale S02/Carnivale.S02E10.1080p.WEBRip.10Bit.EAC3.H265-d3g.mkv1033,1080,1920,0,304,122,1298,304,180908,0.087,"[[[0.0627451  0.03529412 0.00392157]  [0.0627451  0.03529412 0.00392157]  [0.0627451  0.03529412 0.00392157]  ...  [0.16470589 0.12941177 0.10980392]  [0.15686275 0.12156863 0.10196079]  [0.14509805 0.10980392 0.08235294]] [[0.0627451  0.03529412 0.00392157]  [0.0627451  0.03529412 0.00392157]  [0.0627451  0.03529412 0.00392157]  ...  [0.11372549 0.07843138 0.05882353]  [0.10196079 0.06666667 0.04313726]  [0.09019608 0.05490196 0.03137255]] [[0.0627451  0.03529412 0.00392157]  [0.0627451  0.03529412 0.00392157]  [0.0627451  0.03529412 0.00392157]  ...  [0.07843138 0.04313726 0.01960784]  [0.07843138 0.04313726 0.01960784]  [0.07843138 0.04313726 0.01568628]] ... [[0.01568628 0.01176471 0.        ]  [0.01568628 0.01176471 0.        ]  [0.01568628 0.01176471 0.        ]  ...  [0.         0.         0.        ]  [0.         0.         0.        ]  [0.         0.         0.        ]] [[0.01568628 0.01176471 0.        ]  [0.01568628 0.01176471 0.        ]  [0.01568628 0.01176471 0.        ]  ...  [0.         0.         0.        ]  [0.         0.         0.        ]  [0.         0.         0.        ]] [[0.01568628 0.01568628 0.00392157]  [0.01568628 0.01176471 0.        ]  [0.01568628 0.01176471 0.        ]  ...  [0.         0.00392157 0.        ]  [0.         0.         0.        ]  [0.         0.         0.        ]]]",5.410463116073515,57168,/home/amos/media/tv/Carnivale S01-S02 web 10bit hevc-d3g/Carnivale S02/Carnivale.S02E10.1080p.WEBRip.10Bit.EAC3.H265-d3g.mkv1034,1080,1920,0,696,94,674,696,13244,0.006,"[[[0.10196079 0.09019608 0.06666667]  [0.10980392 0.09803922 0.07450981]  [0.11764706 0.10588235 0.08235294]  ...  [0.01568628 0.00784314 0.00392157]  [0.01568628 0.00784314 0.00392157]  [0.01568628 0.00784314 0.00392157]] [[0.09019608 0.07843138 0.05882353]  [0.07450981 0.0627451  0.04313726]  [0.09411765 0.08235294 0.0627451 ]  ...  [0.01568628 0.01176471 0.00784314]  [0.01176471 0.00784314 0.00392157]  [0.01960784 0.01568628 0.01176471]] [[0.07843138 0.06666667 0.04705882]  [0.09019608 0.07843138 0.05882353]  [0.08235294 0.07058824 0.05098039]  ...  [0.01960784 0.01176471 0.00392157]  [0.01568628 0.00784314 0.        ]  [0.01960784 0.01176471 0.00392157]] ... [[0.         0.         0.        ]  [0.         0.         0.        ]  [0.         0.         0.        ]  ...  [0.1764706  0.14901961 0.14117648]  [0.19607843 0.17254902 0.15294118]  [0.20784314 0.18039216 0.15686275]] [[0.         0.         0.        ]  [0.         0.         0.        ]  [0.         0.         0.        ]  ...  [0.1882353  0.16470589 0.14901961]  [0.20784314 0.18431373 0.16862746]  [0.21568628 0.1882353  0.16862746]] [[0.         0.         0.        ]  [0.         0.         0.        ]  [0.         0.         0.        ]  ...  [0.19607843 0.16862746 0.15294118]  [0.20784314 0.18039216 0.16470589]  [0.21568628 0.1882353  0.17254902]]]",7.093436135095544,57432,/home/amos/media/tv/Carnivale S01-S02 web 10bit hevc-d3g/Carnivale S02/Carnivale.S02E10.1080p.WEBRip.10Bit.EAC3.H265-d3g.mkv1035,1080,1920,0,699,91,670,699,17632,0.009,"[[[0.08627451 0.07450981 0.05098039]  [0.09019608 0.09019608 0.05882353]  [0.11372549 0.10980392 0.08235294]  ...  [0.01568628 0.00784314 0.00392157]  [0.01568628 0.00784314 0.00392157]  [0.01176471 0.00392157 0.        ]] [[0.10588235 0.09411765 0.07058824]  [0.10588235 0.10196079 0.07450981]  [0.11372549 0.10980392 0.08235294]  ...  [0.01176471 0.         0.        ]  [0.01568628 0.00392157 0.00392157]  [0.01176471 0.         0.        ]] [[0.07058824 0.06666667 0.03921569]  [0.08235294 0.07450981 0.05098039]  [0.08627451 0.07843138 0.05490196]  ...  [0.01568628 0.00392157 0.00392157]  [0.01568628 0.00392157 0.00392157]  [0.01568628 0.00392157 0.00392157]] ... [[0.         0.         0.        ]  [0.         0.         0.        ]  [0.         0.         0.        ]  ...  [0.18039216 0.15686275 0.13725491]  [0.19607843 0.16862746 0.14509805]  [0.20392157 0.17254902 0.15294118]] [[0.         0.         0.        ]  [0.         0.         0.        ]  [0.         0.         0.        ]  ...  [0.1882353  0.16470589 0.14509805]  [0.20784314 0.1764706  0.16078432]  [0.21960784 0.1882353  0.16862746]] [[0.         0.         0.        ]  [0.         0.         0.        ]  [0.         0.         0.        ]  ...  [0.19607843 0.17254902 0.15686275]  [0.21176471 0.18039216 0.16862746]  [0.22352941 0.19215687 0.18039216]]]",8.616867124277633,57456,/home/amos/media/tv/Carnivale S01-S02 web 10bit hevc-d3g/Carnivale S02/Carnivale.S02E10.1080p.WEBRip.10Bit.EAC3.H265-d3g.mkv1036,1080,1920,0,672,87,678,672,3510,0.002,"[[[0.11764706 0.10588235 0.08627451]  [0.09803922 0.08627451 0.06666667]  [0.08627451 0.07450981 0.05490196]  ...  [0.01176471 0.         0.        ]  [0.01568628 0.00392157 0.00392157]  [0.01176471 0.         0.        ]] [[0.09411765 0.08235294 0.0627451 ]  [0.08627451 0.07450981 0.05490196]  [0.09411765 0.08235294 0.0627451 ]  ...  [0.01568628 0.00392157 0.00392157]  [0.01568628 0.00392157 0.00392157]  [0.01568628 0.00392157 0.00392157]] [[0.09411765 0.08235294 0.0627451 ]  [0.08627451 0.07450981 0.05490196]  [0.07450981 0.0627451  0.04313726]  ...  [0.01568628 0.00392157 0.00392157]  [0.01568628 0.00392157 0.00392157]  [0.01176471 0.         0.        ]] ... [[0.         0.         0.        ]  [0.         0.         0.        ]  [0.         0.         0.        ]  ...  [0.1882353  0.14509805 0.10196079]  [0.17254902 0.12941177 0.08627451]  [0.14901961 0.10588235 0.0627451 ]] [[0.         0.         0.        ]  [0.         0.         0.        ]  [0.         0.         0.        ]  ...  [0.1882353  0.14509805 0.10196079]  [0.16862746 0.1254902  0.08235294]  [0.14117648 0.10588235 0.05882353]] [[0.         0.         0.        ]  [0.         0.         0.        ]  [0.         0.         0.        ]  ...  [0.17254902 0.12941177 0.09019608]  [0.14901961 0.11372549 0.07058824]  [0.11764706 0.08627451 0.04705882]]]",7.0285180901992135,57480,/home/amos/media/tv/Carnivale S01-S02 web 10bit hevc-d3g/Carnivale S02/Carnivale.S02E10.1080p.WEBRip.10Bit.EAC3.H265-d3g.mkv1037,1080,1920,0,690,73,665,690,15425,0.007,"[[[0.11764706 0.10196079 0.07843138]  [0.10980392 0.09411765 0.07058824]  [0.14117648 0.12156863 0.10196079]  ...  [0.01960784 0.00392157 0.00392157]  [0.01960784 0.00392157 0.00392157]  [0.         0.         0.        ]] [[0.11372549 0.09803922 0.07450981]  [0.16078432 0.14509805 0.12156863]  [0.16078432 0.14509805 0.1254902 ]  ...  [0.01568628 0.         0.        ]  [0.01176471 0.         0.        ]  [0.         0.         0.        ]] [[0.16862746 0.15294118 0.12941177]  [0.16078432 0.14117648 0.12156863]  [0.13725491 0.12156863 0.09803922]  ...  [0.01176471 0.00392157 0.        ]  [0.01176471 0.00392157 0.        ]  [0.         0.         0.        ]] ... [[0.         0.         0.        ]  [0.         0.         0.        ]  [0.00392157 0.         0.00392157]  ...  [0.11372549 0.08627451 0.03921569]  [0.10588235 0.07450981 0.03529412]  [0.         0.         0.        ]] [[0.         0.         0.        ]  [0.         0.         0.        ]  [0.         0.         0.        ]  ...  [0.08627451 0.06666667 0.02745098]  [0.07843138 0.05490196 0.01960784]  [0.         0.         0.        ]] [[0.         0.         0.        ]  [0.         0.         0.        ]  [0.         0.         0.        ]  ...  [0.         0.         0.        ]  [0.         0.         0.        ]  [0.         0.         0.        ]]]",6.5587060513789766,57504,/home/amos/media/tv/Carnivale S01-S02 web 10bit hevc-d3g/Carnivale S02/Carnivale.S02E10.1080p.WEBRip.10Bit.EAC3.H265-d3g.mkv1038,1080,1920,0,604,139,373,604,107415,0.052,"[[[0.04313726 0.01568628 0.        ]  [0.03529412 0.00784314 0.        ]  [0.03921569 0.01176471 0.        ]  ...  [0.01960784 0.00392157 0.        ]  [0.02352941 0.00784314 0.        ]  [0.02352941 0.00784314 0.        ]] [[0.03921569 0.01176471 0.        ]  [0.03529412 0.00784314 0.        ]  [0.03921569 0.01176471 0.        ]  ...  [0.01960784 0.00392157 0.        ]  [0.02352941 0.00784314 0.        ]  [0.02352941 0.00784314 0.        ]] [[0.04313726 0.01568628 0.        ]  [0.04313726 0.01568628 0.        ]  [0.04313726 0.01568628 0.        ]  ...  [0.02352941 0.00784314 0.        ]  [0.02352941 0.00784314 0.        ]  [0.02352941 0.00784314 0.        ]] ... [[0.04313726 0.02352941 0.00784314]  [0.03137255 0.01568628 0.00392157]  [0.02352941 0.00784314 0.        ]  ...  [0.         0.         0.        ]  [0.         0.         0.        ]  [0.         0.         0.        ]] [[0.04705882 0.03137255 0.01176471]  [0.03921569 0.01960784 0.00784314]  [0.02745098 0.00784314 0.        ]  ...  [0.         0.         0.        ]  [0.         0.         0.        ]  [0.         0.         0.        ]] [[0.05098039 0.03529412 0.01568628]  [0.04313726 0.02352941 0.01176471]  [0.03529412 0.01568628 0.00784314]  ...  [0.         0.         0.        ]  [0.         0.         0.        ]  [0.         0.         0.        ]]]",6.562251025286969,57528,/home/amos/media/tv/Carnivale S01-S02 web 10bit hevc-d3g/Carnivale S02/Carnivale.S02E10.1080p.WEBRip.10Bit.EAC3.H265-d3g.mkv1039,1080,1920,0,629,183,450,629,79834,0.039,"[[[0.08627451 0.05098039 0.02352941]  [0.08627451 0.05098039 0.02352941]  [0.09411765 0.05098039 0.03529412]  ...  [0.01960784 0.00784314 0.        ]  [0.01960784 0.00784314 0.        ]  [0.         0.         0.        ]] [[0.07450981 0.03921569 0.01176471]  [0.10196079 0.06666667 0.03921569]  [0.07450981 0.03529412 0.01960784]  ...  [0.01960784 0.01176471 0.        ]  [0.01960784 0.01176471 0.        ]  [0.         0.         0.        ]] [[0.0627451  0.03137255 0.00392157]  [0.09803922 0.0627451  0.03529412]  [0.06666667 0.02745098 0.01176471]  ...  [0.01960784 0.00784314 0.        ]  [0.01960784 0.00784314 0.        ]  [0.         0.         0.        ]] ... [[0.02745098 0.00784314 0.        ]  [0.02745098 0.00784314 0.        ]  [0.03137255 0.00392157 0.        ]  ...  [0.06666667 0.05490196 0.03137255]  [0.06666667 0.05490196 0.02745098]  [0.         0.         0.        ]] [[0.02745098 0.00784314 0.        ]  [0.02745098 0.00784314 0.        ]  [0.03137255 0.00392157 0.        ]  ...  [0.0627451  0.05882353 0.03137255]  [0.0627451  0.05882353 0.03137255]  [0.         0.         0.        ]] [[0.         0.         0.        ]  [0.         0.         0.        ]  [0.         0.         0.        ]  ...  [0.         0.         0.        ]  [0.         0.         0.        ]  [0.         0.         0.        ]]]",6.362923017353751,57552,/home/amos/media/tv/Carnivale S01-S02 web 10bit hevc-d3g/Carnivale S02/Carnivale.S02E10.1080p.WEBRip.10Bit.EAC3.H265-d3g.mkv1040,1080,1920,0,627,94,810,627,97539,0.047,"[[[0.09019608 0.04705882 0.01568628]  [0.08235294 0.04705882 0.00784314]  [0.07843138 0.03921569 0.00392157]  ...  [0.         0.         0.        ]  [0.         0.         0.        ]  [0.         0.         0.        ]] [[0.09019608 0.04705882 0.01176471]  [0.08627451 0.04705882 0.01176471]  [0.07843138 0.04313726 0.00784314]  ...  [0.         0.         0.        ]  [0.         0.         0.        ]  [0.         0.         0.        ]] [[0.07843138 0.03529412 0.00392157]  [0.08235294 0.04313726 0.00784314]  [0.08235294 0.04705882 0.01176471]  ...  [0.         0.         0.        ]  [0.         0.         0.        ]  [0.         0.         0.        ]] ... [[0.02745098 0.00784314 0.        ]  [0.03137255 0.00392157 0.        ]  [0.03529412 0.00392157 0.        ]  ...  [0.03137255 0.01960784 0.00784314]  [0.03137255 0.01960784 0.00784314]  [0.03137255 0.01960784 0.00784314]] [[0.02745098 0.         0.        ]  [0.03137255 0.00392157 0.        ]  [0.03529412 0.00784314 0.        ]  ...  [0.03137255 0.01960784 0.00784314]  [0.03137255 0.01960784 0.00784314]  [0.03137255 0.01960784 0.00784314]] [[0.03137255 0.00392157 0.        ]  [0.03137255 0.00392157 0.        ]  [0.03137255 0.00392157 0.        ]  ...  [0.03137255 0.01960784 0.00784314]  [0.03137255 0.01960784 0.00784314]  [0.03137255 0.01960784 0.00784314]]]",9.534779930894729,57576,/home/amos/media/tv/Carnivale S01-S02 web 10bit hevc-d3g/Carnivale S02/Carnivale.S02E10.1080p.WEBRip.10Bit.EAC3.H265-d3g.mkv1041,1080,1920,0,508,118,471,508,14430,0.007,"[[[0.17254902 0.10588235 0.0627451 ]  [0.18431373 0.11764706 0.07450981]  [0.19607843 0.1254902  0.08235294]  ...  [0.         0.         0.        ]  [0.         0.         0.        ]  [0.         0.         0.        ]] [[0.17254902 0.10588235 0.0627451 ]  [0.19215687 0.12156863 0.07843138]  [0.2        0.12941177 0.08627451]  ...  [0.         0.         0.        ]  [0.         0.         0.        ]  [0.         0.         0.        ]] [[0.17254902 0.10588235 0.0627451 ]  [0.1764706  0.10588235 0.0627451 ]  [0.1764706  0.10196079 0.0627451 ]  ...  [0.         0.         0.        ]  [0.         0.         0.        ]  [0.         0.         0.        ]] ... [[0.08627451 0.03921569 0.00392157]  [0.09411765 0.04705882 0.01176471]  [0.09019608 0.04313726 0.00784314]  ...  [0.00392157 0.         0.        ]  [0.00392157 0.         0.        ]  [0.00392157 0.         0.        ]] [[0.08627451 0.03921569 0.00392157]  [0.09019608 0.04313726 0.00784314]  [0.08627451 0.03921569 0.00392157]  ...  [0.00392157 0.         0.        ]  [0.00392157 0.         0.        ]  [0.00392157 0.         0.        ]] [[0.08627451 0.03921569 0.00392157]  [0.08627451 0.03921569 0.00392157]  [0.08627451 0.03921569 0.00392157]  ...  [0.00392157 0.         0.        ]  [0.00392157 0.         0.        ]  [0.00392157 0.         0.        ]]]",4.339014101016801,57768,/home/amos/media/tv/Carnivale S01-S02 web 10bit hevc-d3g/Carnivale S02/Carnivale.S02E10.1080p.WEBRip.10Bit.EAC3.H265-d3g.mkv1042,1080,1920,0,502,168,450,502,17368,0.008,"[[[0.13333334 0.07450981 0.03529412]  [0.12941177 0.07450981 0.03137255]  [0.1254902  0.06666667 0.02745098]  ...  [0.01568628 0.         0.        ]  [0.01568628 0.         0.        ]  [0.01568628 0.         0.        ]] [[0.16470589 0.10588235 0.06666667]  [0.15294118 0.09411765 0.05490196]  [0.12941177 0.06666667 0.03137255]  ...  [0.01176471 0.         0.        ]  [0.01176471 0.         0.        ]  [0.01568628 0.         0.        ]] [[0.18039216 0.12156863 0.08235294]  [0.1882353  0.12941177 0.09019608]  [0.18431373 0.1254902  0.08627451]  ...  [0.01176471 0.         0.        ]  [0.01176471 0.         0.        ]  [0.01568628 0.         0.        ]] ... [[0.07058824 0.02352941 0.        ]  [0.07058824 0.01960784 0.        ]  [0.06666667 0.01568628 0.        ]  ...  [0.01960784 0.         0.        ]  [0.01960784 0.         0.        ]  [0.01960784 0.         0.        ]] [[0.07843138 0.02352941 0.00392157]  [0.07058824 0.01960784 0.        ]  [0.06666667 0.01568628 0.        ]  ...  [0.01960784 0.         0.        ]  [0.01960784 0.         0.        ]  [0.01960784 0.         0.        ]] [[0.07843138 0.02745098 0.00392157]  [0.07450981 0.02352941 0.        ]  [0.07843138 0.02745098 0.00392157]  ...  [0.01960784 0.         0.        ]  [0.01960784 0.         0.        ]  [0.01960784 0.         0.        ]]]",5.731032972864341,57792,/home/amos/media/tv/Carnivale S01-S02 web 10bit hevc-d3g/Carnivale S02/Carnivale.S02E10.1080p.WEBRip.10Bit.EAC3.H265-d3g.mkv1043,1080,1920,0,515,120,518,515,1185,0.001,"[[[0.12941177 0.08235294 0.04313726]  [0.1254902  0.07843138 0.03921569]  [0.11764706 0.07058824 0.03137255]  ...  [0.         0.         0.        ]  [0.         0.         0.        ]  [0.         0.         0.        ]] [[0.1254902  0.07843138 0.03921569]  [0.12156863 0.07450981 0.03529412]  [0.12156863 0.07450981 0.03529412]  ...  [0.         0.         0.        ]  [0.         0.         0.        ]  [0.         0.         0.        ]] [[0.1254902  0.07843138 0.03921569]  [0.11764706 0.07058824 0.03137255]  [0.11764706 0.07058824 0.03137255]  ...  [0.         0.         0.        ]  [0.         0.         0.        ]  [0.         0.         0.        ]] ... [[0.         0.         0.        ]  [0.         0.         0.        ]  [0.00392157 0.         0.        ]  ...  [0.00784314 0.         0.        ]  [0.00392157 0.         0.        ]  [0.         0.         0.        ]] [[0.         0.         0.        ]  [0.         0.         0.        ]  [0.00392157 0.         0.        ]  ...  [0.00784314 0.         0.        ]  [0.00392157 0.         0.        ]  [0.00392157 0.         0.        ]] [[0.         0.         0.        ]  [0.         0.         0.        ]  [0.00392157 0.         0.        ]  ...  [0.00784314 0.         0.        ]  [0.00392157 0.         0.        ]  [0.00392157 0.         0.        ]]]",8.175678101484664,57816,/home/amos/media/tv/Carnivale S01-S02 web 10bit hevc-d3g/Carnivale S02/Carnivale.S02E10.1080p.WEBRip.10Bit.EAC3.H265-d3g.mkv1044,1080,1920,0,608,242,1121,608,187758,0.091,"[[[0.         0.         0.00392157]  [0.         0.         0.00392157]  [0.         0.         0.00392157]  ...  [0.         0.         0.        ]  [0.         0.         0.        ]  [0.         0.         0.        ]] [[0.         0.         0.00392157]  [0.         0.         0.00392157]  [0.         0.         0.00392157]  ...  [0.         0.         0.        ]  [0.00392157 0.         0.        ]  [0.         0.         0.        ]] [[0.         0.         0.00392157]  [0.         0.         0.00392157]  [0.         0.         0.        ]  ...  [0.         0.         0.        ]  [0.         0.         0.        ]  [0.         0.         0.        ]] ... [[0.         0.         0.        ]  [0.         0.         0.        ]  [0.         0.         0.        ]  ...  [0.43529412 0.3882353  0.35686275]  [0.47058824 0.42352942 0.39215687]  [0.5058824  0.4509804  0.42352942]] [[0.         0.         0.        ]  [0.         0.         0.        ]  [0.         0.         0.        ]  ...  [0.4509804  0.4        0.36862746]  [0.4627451  0.4117647  0.38039216]  [0.49803922 0.4392157  0.4117647 ]] [[0.         0.         0.        ]  [0.         0.         0.        ]  [0.         0.         0.        ]  ...  [0.43137255 0.3764706  0.34509805]  [0.4509804  0.39607844 0.3647059 ]  [0.49411765 0.43529412 0.40392157]]]",10.5849652303732,58056,/home/amos/media/tv/Carnivale S01-S02 web 10bit hevc-d3g/Carnivale S02/Carnivale.S02E10.1080p.WEBRip.10Bit.EAC3.H265-d3g.mkv1045,1080,1920,1,206,454,505,206,74152,0.036,"[[[0.0627451  0.03921569 0.01176471]  [0.05490196 0.03921569 0.01176471]  [0.04705882 0.03137255 0.00392157]  ...  [0.16470589 0.13725491 0.10588235]  [0.16470589 0.13725491 0.10588235]  [0.16470589 0.13725491 0.10980392]] [[0.05098039 0.03529412 0.00392157]  [0.04705882 0.03137255 0.00392157]  [0.04705882 0.03137255 0.00392157]  ...  [0.16078432 0.13333334 0.10196079]  [0.16078432 0.13333334 0.10196079]  [0.16078432 0.13333334 0.10588235]] [[0.04705882 0.03137255 0.        ]  [0.04705882 0.02745098 0.00392157]  [0.04313726 0.02352941 0.        ]  ...  [0.16078432 0.13333334 0.10196079]  [0.16078432 0.13333334 0.10196079]  [0.16078432 0.13333334 0.10588235]] ... [[0.21960784 0.1882353  0.16078432]  [0.22745098 0.19607843 0.16862746]  [0.23137255 0.2        0.17254902]  ...  [0.07058824 0.06666667 0.03529412]  [0.07058824 0.06666667 0.03529412]  [0.07058824 0.06666667 0.03529412]] [[0.21960784 0.1882353  0.16078432]  [0.22745098 0.19607843 0.16862746]  [0.23137255 0.2        0.17254902]  ...  [0.07450981 0.07058824 0.03921569]  [0.07450981 0.07058824 0.03921569]  [0.07843138 0.07058824 0.04313726]] [[0.21960784 0.1882353  0.16078432]  [0.22745098 0.19607843 0.16862746]  [0.23137255 0.2        0.17254902]  ...  [0.07843138 0.07450981 0.04313726]  [0.08235294 0.07843138 0.04705882]  [0.08235294 0.07843138 0.04705882]]]",4.051796127052512,58056,/home/amos/media/tv/Carnivale S01-S02 web 10bit hevc-d3g/Carnivale S02/Carnivale.S02E10.1080p.WEBRip.10Bit.EAC3.H265-d3g.mkv1046,1080,1920,0,533,306,1163,533,143010,0.069,"[[[0.         0.         0.        ]  [0.         0.         0.        ]  [0.         0.         0.        ]  ...  [0.         0.         0.        ]  [0.         0.         0.        ]  [0.         0.         0.        ]] [[0.         0.         0.        ]  [0.         0.         0.        ]  [0.         0.         0.        ]  ...  [0.         0.         0.        ]  [0.         0.         0.        ]  [0.         0.         0.        ]] [[0.         0.         0.        ]  [0.         0.         0.        ]  [0.         0.         0.        ]  ...  [0.         0.         0.        ]  [0.         0.         0.        ]  [0.         0.         0.        ]] ... [[0.02352941 0.00392157 0.        ]  [0.01960784 0.00392157 0.        ]  [0.00784314 0.         0.        ]  ...  [0.48235294 0.41960785 0.4       ]  [0.5058824  0.44313726 0.42352942]  [0.5137255  0.44313726 0.42352942]] [[0.02352941 0.00392157 0.        ]  [0.02352941 0.00392157 0.        ]  [0.01176471 0.00392157 0.        ]  ...  [0.47843137 0.41568628 0.39607844]  [0.49019608 0.42745098 0.40784314]  [0.50980395 0.44313726 0.41960785]] [[0.01960784 0.         0.        ]  [0.02352941 0.00392157 0.        ]  [0.00784314 0.         0.        ]  ...  [0.47058824 0.40784314 0.3882353 ]  [0.49411765 0.43137255 0.4117647 ]  [0.50980395 0.44313726 0.41960785]]]",6.698853149660863,58080,/home/amos/media/tv/Carnivale S01-S02 web 10bit hevc-d3g/Carnivale S02/Carnivale.S02E10.1080p.WEBRip.10Bit.EAC3.H265-d3g.mkv1047,1080,1920,1,200,456,515,200,80640,0.039,"[[[0.03137255 0.01960784 0.        ]  [0.02745098 0.01568628 0.        ]  [0.02352941 0.01176471 0.        ]  ...  [0.16862746 0.14117648 0.11372549]  [0.16862746 0.14117648 0.11372549]  [0.16862746 0.14117648 0.11372549]] [[0.02352941 0.01176471 0.        ]  [0.01960784 0.00784314 0.        ]  [0.01960784 0.00392157 0.        ]  ...  [0.16470589 0.13725491 0.10980392]  [0.16862746 0.14117648 0.11372549]  [0.16862746 0.14117648 0.11372549]] [[0.01960784 0.00392157 0.        ]  [0.01568628 0.00392157 0.        ]  [0.01568628 0.         0.        ]  ...  [0.16470589 0.13725491 0.10980392]  [0.16862746 0.14117648 0.11372549]  [0.17254902 0.14509805 0.11764706]] ... [[0.26666668 0.23137255 0.21176471]  [0.27058825 0.23529412 0.21568628]  [0.27450982 0.23921569 0.21960784]  ...  [0.         0.         0.        ]  [0.         0.         0.        ]  [0.         0.         0.        ]] [[0.26666668 0.23137255 0.21176471]  [0.27058825 0.23529412 0.21568628]  [0.27450982 0.23921569 0.21960784]  ...  [0.00392157 0.         0.        ]  [0.00392157 0.         0.        ]  [0.00392157 0.         0.        ]] [[0.2627451  0.22745098 0.20784314]  [0.26666668 0.23137255 0.21176471]  [0.27058825 0.23921569 0.21568628]  ...  [0.00392157 0.         0.        ]  [0.00784314 0.00392157 0.        ]  [0.00784314 0.00392157 0.        ]]]",5.205171016219538,58080,/home/amos/media/tv/Carnivale S01-S02 web 10bit hevc-d3g/Carnivale S02/Carnivale.S02E10.1080p.WEBRip.10Bit.EAC3.H265-d3g.mkv1048,1080,1920,0,567,240,1155,567,192276,0.093,"[[[0.         0.         0.        ]  [0.         0.         0.        ]  [0.         0.         0.        ]  ...  [0.         0.         0.        ]  [0.         0.         0.        ]  [0.         0.         0.        ]] [[0.         0.         0.        ]  [0.         0.         0.        ]  [0.         0.         0.        ]  ...  [0.         0.         0.        ]  [0.         0.         0.        ]  [0.         0.         0.        ]] [[0.         0.         0.        ]  [0.         0.         0.        ]  [0.         0.         0.        ]  ...  [0.         0.         0.        ]  [0.         0.         0.        ]  [0.         0.         0.        ]] ... [[0.04313726 0.02745098 0.00392157]  [0.04313726 0.02745098 0.00392157]  [0.03921569 0.02352941 0.00392157]  ...  [0.6        0.5411765  0.5137255 ]  [0.6        0.5411765  0.5137255 ]  [0.6039216  0.53333336 0.5176471 ]] [[0.02745098 0.01176471 0.        ]  [0.03529412 0.01960784 0.        ]  [0.03529412 0.01960784 0.        ]  ...  [0.60784316 0.5411765  0.5176471 ]  [0.6039216  0.5372549  0.5137255 ]  [0.60784316 0.53333336 0.5176471 ]] [[0.03529412 0.01960784 0.        ]  [0.03529412 0.01960784 0.        ]  [0.03529412 0.01960784 0.        ]  ...  [0.6        0.53333336 0.50980395]  [0.60784316 0.5411765  0.5176471 ]  [0.6117647  0.5372549  0.52156866]]]",8.463777044438757,58104,/home/amos/media/tv/Carnivale S01-S02 web 10bit hevc-d3g/Carnivale S02/Carnivale.S02E10.1080p.WEBRip.10Bit.EAC3.H265-d3g.mkv1049,1080,1920,1,196,451,520,196,82620,0.04,"[[[0.00392157 0.         0.        ]  [0.         0.         0.        ]  [0.         0.         0.        ]  ...  [0.13725491 0.10980392 0.09019608]  [0.14901961 0.12156863 0.10196079]  [0.16078432 0.13333334 0.11372549]] [[0.         0.         0.        ]  [0.         0.         0.        ]  [0.         0.         0.        ]  ...  [0.13725491 0.10980392 0.09019608]  [0.14509805 0.11764706 0.09803922]  [0.14901961 0.12156863 0.10196079]] [[0.         0.         0.        ]  [0.         0.         0.        ]  [0.         0.         0.        ]  ...  [0.16862746 0.14117648 0.12156863]  [0.16078432 0.13333334 0.11372549]  [0.16078432 0.13333334 0.11372549]] ... [[0.25490198 0.21568628 0.19215687]  [0.25882354 0.21960784 0.2       ]  [0.27450982 0.23529412 0.21568628]  ...  [0.         0.         0.        ]  [0.00392157 0.00392157 0.        ]  [0.         0.         0.        ]] [[0.2509804  0.21176471 0.1882353 ]  [0.2509804  0.21568628 0.1882353 ]  [0.26666668 0.23137255 0.20392157]  ...  [0.         0.         0.        ]  [0.00392157 0.00392157 0.        ]  [0.00392157 0.00392157 0.        ]] [[0.24313726 0.20392157 0.18039216]  [0.24705882 0.21176471 0.18431373]  [0.25882354 0.21960784 0.19215687]  ...  [0.         0.         0.        ]  [0.         0.         0.        ]  [0.         0.         0.        ]]]",7.190258129616268,58104,/home/amos/media/tv/Carnivale S01-S02 web 10bit hevc-d3g/Carnivale S02/Carnivale.S02E10.1080p.WEBRip.10Bit.EAC3.H265-d3g.mkv1050,1080,1920,0,220,810,491,220,159890,0.077,"[[[0. 0. 0.]  [0. 0. 0.]  [0. 0. 0.]  ...  [0. 0. 0.]  [0. 0. 0.]  [0. 0. 0.]] [[0. 0. 0.]  [0. 0. 0.]  [0. 0. 0.]  ...  [0. 0. 0.]  [0. 0. 0.]  [0. 0. 0.]] [[0. 0. 0.]  [0. 0. 0.]  [0. 0. 0.]  ...  [0. 0. 0.]  [0. 0. 0.]  [0. 0. 0.]] ... [[0. 0. 0.]  [0. 0. 0.]  [0. 0. 0.]  ...  [0. 0. 0.]  [0. 0. 0.]  [0. 0. 0.]] [[0. 0. 0.]  [0. 0. 0.]  [0. 0. 0.]  ...  [0. 0. 0.]  [0. 0. 0.]  [0. 0. 0.]] [[0. 0. 0.]  [0. 0. 0.]  [0. 0. 0.]  ...  [0. 0. 0.]  [0. 0. 0.]  [0. 0. 0.]]]",3.363717001688201,58128,/home/amos/media/tv/Carnivale S01-S02 web 10bit hevc-d3g/Carnivale S02/Carnivale.S02E10.1080p.WEBRip.10Bit.EAC3.H265-d3g.mkv1051,1080,1920,0,159,119,815,159,26240,0.013,"[[[0.1254902  0.07058824 0.01960784]  [0.12941177 0.07058824 0.02352941]  [0.13333334 0.07843138 0.02745098]  ...  [0.14901961 0.09411765 0.04313726]  [0.14901961 0.09411765 0.04313726]  [0.         0.         0.        ]] [[0.12941177 0.07058824 0.01960784]  [0.12941177 0.07058824 0.02352941]  [0.13333334 0.07058824 0.02745098]  ...  [0.14901961 0.09411765 0.04313726]  [0.14901961 0.09411765 0.04313726]  [0.         0.         0.        ]] [[0.13333334 0.07450981 0.02745098]  [0.13333334 0.07450981 0.02745098]  [0.13333334 0.07450981 0.02745098]  ...  [0.15294118 0.09803922 0.04705882]  [0.15294118 0.09803922 0.04705882]  [0.         0.         0.        ]] ... [[0.08235294 0.03529412 0.00392157]  [0.12941177 0.08235294 0.04313726]  [0.20392157 0.15686275 0.11372549]  ...  [0.18431373 0.12941177 0.07843138]  [0.18431373 0.12941177 0.07843138]  [0.         0.         0.        ]] [[0.09803922 0.05098039 0.01176471]  [0.15686275 0.10588235 0.06666667]  [0.23529412 0.1882353  0.14509805]  ...  [0.18431373 0.12941177 0.07843138]  [0.18431373 0.12941177 0.07843138]  [0.         0.         0.        ]] [[0.         0.         0.        ]  [0.         0.         0.        ]  [0.         0.         0.        ]  ...  [0.         0.         0.        ]  [0.         0.         0.        ]  [0.         0.         0.        ]]]",9.134778079693206,58440,/home/amos/media/tv/Carnivale S01-S02 web 10bit hevc-d3g/Carnivale S02/Carnivale.S02E10.1080p.WEBRip.10Bit.EAC3.H265-d3g.mkv1052,1080,1920,0,186,93,922,186,68448,0.033,"[[[0.10588235 0.05882353 0.02352941]  [0.10588235 0.05882353 0.02352941]  [0.10588235 0.05882353 0.02352941]  ...  [0.09411765 0.04705882 0.00784314]  [0.09411765 0.04705882 0.00784314]  [0.09411765 0.04705882 0.00784314]] [[0.10980392 0.0627451  0.02352941]  [0.10980392 0.0627451  0.02352941]  [0.10588235 0.05882353 0.02352941]  ...  [0.09019608 0.04313726 0.00392157]  [0.09019608 0.04313726 0.00392157]  [0.09019608 0.04313726 0.00392157]] [[0.10980392 0.0627451  0.01960784]  [0.10980392 0.0627451  0.01960784]  [0.10980392 0.0627451  0.01960784]  ...  [0.08627451 0.03921569 0.        ]  [0.08627451 0.03921569 0.        ]  [0.08627451 0.03921569 0.        ]] ... [[0.19607843 0.14117648 0.09019608]  [0.19607843 0.14117648 0.09019608]  [0.19607843 0.14509805 0.09411765]  ...  [0.12156863 0.05882353 0.01960784]  [0.12156863 0.0627451  0.02352941]  [0.1254902  0.07058824 0.03137255]] [[0.19215687 0.13725491 0.08627451]  [0.19215687 0.13725491 0.08627451]  [0.19607843 0.14117648 0.09019608]  ...  [0.10196079 0.03921569 0.00392157]  [0.10196079 0.04313726 0.00784314]  [0.10196079 0.04313726 0.00784314]] [[0.1882353  0.13333334 0.08235294]  [0.19215687 0.13725491 0.08627451]  [0.19215687 0.13725491 0.08627451]  ...  [0.08627451 0.02745098 0.        ]  [0.08235294 0.02352941 0.        ]  [0.08235294 0.02352941 0.        ]]]",7.931081067479681,58464,/home/amos/media/tv/Carnivale S01-S02 web 10bit hevc-d3g/Carnivale S02/Carnivale.S02E10.1080p.WEBRip.10Bit.EAC3.H265-d3g.mkv1053,1080,1920,0,215,126,909,215,61766,0.03,"[[[0.00784314 0.01176471 0.        ]  [0.00784314 0.01176471 0.        ]  [0.00784314 0.01176471 0.        ]  ...  [0.12156863 0.07450981 0.03137255]  [0.1254902  0.07058824 0.03137255]  [0.1254902  0.07058824 0.03137255]] [[0.01176471 0.01568628 0.        ]  [0.01176471 0.01568628 0.        ]  [0.01176471 0.01568628 0.        ]  ...  [0.12156863 0.07058824 0.03137255]  [0.1254902  0.07058824 0.03137255]  [0.1254902  0.07058824 0.03137255]] [[0.01568628 0.01568628 0.        ]  [0.01960784 0.01960784 0.00392157]  [0.01568628 0.01568628 0.        ]  ...  [0.1254902  0.07058824 0.03137255]  [0.1254902  0.07058824 0.03137255]  [0.1254902  0.07058824 0.03137255]] ... [[0.08627451 0.04313726 0.00784314]  [0.08627451 0.04313726 0.00784314]  [0.09019608 0.04705882 0.01176471]  ...  [0.20392157 0.14901961 0.09803922]  [0.20392157 0.14901961 0.09803922]  [0.20392157 0.14901961 0.09803922]] [[0.08627451 0.04313726 0.00784314]  [0.08627451 0.04313726 0.00784314]  [0.09019608 0.04705882 0.01176471]  ...  [0.2        0.14509805 0.09411765]  [0.2        0.14509805 0.09411765]  [0.2        0.14509805 0.09411765]] [[0.08627451 0.04313726 0.00784314]  [0.08627451 0.04313726 0.00784314]  [0.09019608 0.04705882 0.01176471]  ...  [0.19607843 0.14117648 0.09019608]  [0.2        0.14509805 0.09411765]  [0.2        0.14509805 0.09411765]]]",9.56973400869174,58488,/home/amos/media/tv/Carnivale S01-S02 web 10bit hevc-d3g/Carnivale S02/Carnivale.S02E10.1080p.WEBRip.10Bit.EAC3.H265-d3g.mkv1054,1080,1920,0,242,97,932,242,100050,0.048,"[[[0.00392157 0.00392157 0.        ]  [0.         0.         0.        ]  [0.         0.         0.        ]  ...  [0.10980392 0.0627451  0.01960784]  [0.10980392 0.0627451  0.01960784]  [0.10588235 0.05882353 0.01568628]] [[0.00392157 0.00392157 0.        ]  [0.         0.         0.        ]  [0.00392157 0.00392157 0.        ]  ...  [0.10588235 0.05882353 0.01568628]  [0.10588235 0.05882353 0.01568628]  [0.10588235 0.05882353 0.01568628]] [[0.00392157 0.00392157 0.        ]  [0.00392157 0.00392157 0.        ]  [0.00392157 0.00392157 0.        ]  ...  [0.10588235 0.05882353 0.01568628]  [0.10588235 0.05882353 0.01568628]  [0.10588235 0.05882353 0.01568628]] ... [[0.20784314 0.15294118 0.10196079]  [0.21176471 0.15686275 0.10588235]  [0.21176471 0.15686275 0.10588235]  ...  [0.18431373 0.12941177 0.07843138]  [0.18431373 0.12941177 0.07843138]  [0.18431373 0.12941177 0.07843138]] [[0.21568628 0.15686275 0.10980392]  [0.21568628 0.15686275 0.10980392]  [0.21568628 0.16078432 0.10980392]  ...  [0.18431373 0.12941177 0.07843138]  [0.18431373 0.1254902  0.07843138]  [0.18431373 0.1254902  0.07843138]] [[0.22352941 0.16470589 0.11764706]  [0.21960784 0.16078432 0.11372549]  [0.21176471 0.15294118 0.10588235]  ...  [0.18039216 0.1254902  0.07450981]  [0.18039216 0.1254902  0.07450981]  [0.18039216 0.1254902  0.07450981]]]",7.933916028763633,58512,/home/amos/media/tv/Carnivale S01-S02 web 10bit hevc-d3g/Carnivale S02/Carnivale.S02E10.1080p.WEBRip.10Bit.EAC3.H265-d3g.mkv1055,1080,1920,0,222,105,922,222,81900,0.039,"[[[0.00784314 0.01176471 0.        ]  [0.01960784 0.02352941 0.00784314]  [0.02352941 0.02745098 0.01176471]  ...  [0.12156863 0.07450981 0.03529412]  [0.12156863 0.07450981 0.03529412]  [0.         0.         0.        ]] [[0.00784314 0.01176471 0.        ]  [0.01960784 0.02352941 0.00784314]  [0.01960784 0.02352941 0.00784314]  ...  [0.12156863 0.07450981 0.03529412]  [0.12156863 0.07450981 0.03529412]  [0.         0.         0.        ]] [[0.00784314 0.01176471 0.        ]  [0.01568628 0.01960784 0.00392157]  [0.01960784 0.02352941 0.00784314]  ...  [0.12156863 0.07450981 0.03529412]  [0.12156863 0.07450981 0.03529412]  [0.         0.         0.        ]] ... [[0.21568628 0.16078432 0.10980392]  [0.21568628 0.16078432 0.10980392]  [0.21568628 0.16078432 0.10980392]  ...  [0.18039216 0.11764706 0.07843138]  [0.18431373 0.12156863 0.08235294]  [0.         0.         0.        ]] [[0.21568628 0.15686275 0.10980392]  [0.21568628 0.15686275 0.10980392]  [0.21960784 0.16078432 0.11372549]  ...  [0.1764706  0.11372549 0.07450981]  [0.18431373 0.12156863 0.08235294]  [0.         0.         0.        ]] [[0.         0.         0.        ]  [0.         0.         0.        ]  [0.         0.         0.        ]  ...  [0.         0.         0.        ]  [0.         0.         0.        ]  [0.         0.         0.        ]]]",7.591811046178918,58536,/home/amos/media/tv/Carnivale S01-S02 web 10bit hevc-d3g/Carnivale S02/Carnivale.S02E10.1080p.WEBRip.10Bit.EAC3.H265-d3g.mkv1056,1080,1920,0,70,294,711,70,143584,0.069,"[[[0.3254902  0.25882354 0.27450982]  [0.3254902  0.25882354 0.27450982]  [0.3647059  0.2901961  0.29803923]  ...  [0.31764707 0.20392157 0.19215687]  [0.31764707 0.20392157 0.19215687]  [0.31764707 0.20392157 0.19215687]] [[0.3254902  0.25882354 0.27450982]  [0.3254902  0.25882354 0.27450982]  [0.36862746 0.2901961  0.29803923]  ...  [0.31764707 0.20392157 0.19215687]  [0.31764707 0.20392157 0.19215687]  [0.31764707 0.20392157 0.19215687]] [[0.28235295 0.22352941 0.23529412]  [0.28235295 0.22352941 0.23529412]  [0.32941177 0.25882354 0.26666668]  ...  [0.32156864 0.20784314 0.19607843]  [0.32156864 0.20784314 0.19607843]  [0.32156864 0.20784314 0.19607843]] ... [[0.09411765 0.08235294 0.11372549]  [0.09411765 0.08235294 0.11372549]  [0.08235294 0.07058824 0.10196079]  ...  [0.6627451  0.5254902  0.50980395]  [0.6627451  0.5294118  0.50980395]  [0.6627451  0.5294118  0.50980395]] [[0.10588235 0.09411765 0.1254902 ]  [0.10588235 0.09411765 0.1254902 ]  [0.09019608 0.07843138 0.10980392]  ...  [0.6666667  0.5294118  0.5137255 ]  [0.6666667  0.53333336 0.5137255 ]  [0.6666667  0.53333336 0.5137255 ]] [[0.10588235 0.09411765 0.1254902 ]  [0.10588235 0.09411765 0.1254902 ]  [0.09019608 0.07843138 0.10980392]  ...  [0.6666667  0.5294118  0.5137255 ]  [0.6666667  0.53333336 0.5137255 ]  [0.6666667  0.53333336 0.5137255 ]]]",-0.290139902906958,58680,/home/amos/media/tv/Carnivale S01-S02 web 10bit hevc-d3g/Carnivale S02/Carnivale.S02E10.1080p.WEBRip.10Bit.EAC3.H265-d3g.mkv1057,1080,1920,0,236,54,894,236,119756,0.058,"[[[0.00392157 0.00784314 0.        ]  [0.00392157 0.00784314 0.        ]  [0.00392157 0.00784314 0.        ]  ...  [0.09411765 0.03921569 0.00392157]  [0.09411765 0.03921569 0.00392157]  [0.09411765 0.03921569 0.00392157]] [[0.00392157 0.00784314 0.        ]  [0.00392157 0.00784314 0.        ]  [0.00392157 0.00784314 0.        ]  ...  [0.09411765 0.03921569 0.00392157]  [0.09411765 0.03921569 0.00392157]  [0.09411765 0.03921569 0.00392157]] [[0.00392157 0.00784314 0.        ]  [0.00392157 0.00784314 0.        ]  [0.         0.00392157 0.        ]  ...  [0.10196079 0.04705882 0.01176471]  [0.10196079 0.04705882 0.01176471]  [0.10196079 0.04705882 0.01176471]] ... [[0.20392157 0.14901961 0.09803922]  [0.20392157 0.14901961 0.09803922]  [0.20784314 0.15294118 0.10196079]  ...  [0.19607843 0.14117648 0.09019608]  [0.19607843 0.14117648 0.09019608]  [0.19607843 0.14117648 0.09019608]] [[0.20392157 0.14901961 0.09803922]  [0.20784314 0.15294118 0.10196079]  [0.20784314 0.15294118 0.10196079]  ...  [0.19607843 0.14117648 0.09019608]  [0.19607843 0.14117648 0.09019608]  [0.19607843 0.14117648 0.09019608]] [[0.20784314 0.15294118 0.10196079]  [0.20784314 0.15294118 0.10196079]  [0.21176471 0.15686275 0.10588235]  ...  [0.2        0.14509805 0.09411765]  [0.2        0.14509805 0.09411765]  [0.2        0.14509805 0.09411765]]]",6.126731008698698,58728,/home/amos/media/tv/Carnivale S01-S02 web 10bit hevc-d3g/Carnivale S02/Carnivale.S02E10.1080p.WEBRip.10Bit.EAC3.H265-d3g.mkv1058,1080,1920,0,234,67,865,234,105377,0.051,"[[[0.03137255 0.03137255 0.00784314]  [0.03137255 0.03137255 0.00784314]  [0.03529412 0.03529412 0.01176471]  ...  [0.10588235 0.05882353 0.02352941]  [0.10588235 0.05882353 0.02352941]  [0.10588235 0.05882353 0.02352941]] [[0.03137255 0.03137255 0.00784314]  [0.03137255 0.03137255 0.00784314]  [0.03529412 0.03529412 0.01176471]  ...  [0.10588235 0.05882353 0.01960784]  [0.10588235 0.05882353 0.01960784]  [0.10588235 0.05882353 0.01960784]] [[0.03529412 0.03529412 0.01176471]  [0.03529412 0.03529412 0.01176471]  [0.03529412 0.03529412 0.01176471]  ...  [0.10980392 0.0627451  0.02352941]  [0.10980392 0.0627451  0.02352941]  [0.10980392 0.0627451  0.02352941]] ... [[0.21960784 0.16470589 0.11372549]  [0.21960784 0.16470589 0.11372549]  [0.21960784 0.16470589 0.11372549]  ...  [0.22745098 0.15686275 0.11372549]  [0.22352941 0.15294118 0.11372549]  [0.23137255 0.16078432 0.11764706]] [[0.21568628 0.16470589 0.11372549]  [0.21960784 0.16470589 0.11372549]  [0.21960784 0.16470589 0.11372549]  ...  [0.29411766 0.22352941 0.18039216]  [0.29411766 0.22352941 0.18039216]  [0.27450982 0.20392157 0.16078432]] [[0.21568628 0.16470589 0.11372549]  [0.21960784 0.16470589 0.11372549]  [0.21960784 0.16470589 0.11372549]  ...  [0.3529412  0.28235295 0.23921569]  [0.3529412  0.28235295 0.23921569]  [0.30980393 0.23921569 0.19607843]]]",5.1754020333173685,58752,/home/amos/media/tv/Carnivale S01-S02 web 10bit hevc-d3g/Carnivale S02/Carnivale.S02E10.1080p.WEBRip.10Bit.EAC3.H265-d3g.mkv1059,1080,1920,0,236,75,864,236,101108,0.049,"[[[0.04705882 0.05098039 0.02352941]  [0.04705882 0.05098039 0.02352941]  [0.04313726 0.05098039 0.02352941]  ...  [0.11764706 0.07058824 0.02745098]  [0.11764706 0.07058824 0.02745098]  [0.11764706 0.07058824 0.02745098]] [[0.05098039 0.05490196 0.02745098]  [0.05098039 0.05490196 0.02745098]  [0.04705882 0.05490196 0.02745098]  ...  [0.11764706 0.07058824 0.02745098]  [0.11764706 0.07058824 0.02745098]  [0.11764706 0.07058824 0.02745098]] [[0.05098039 0.05098039 0.02745098]  [0.05098039 0.05098039 0.02745098]  [0.04705882 0.05490196 0.02745098]  ...  [0.11372549 0.06666667 0.02352941]  [0.11764706 0.07058824 0.02745098]  [0.11764706 0.07058824 0.02745098]] ... [[0.07058824 0.03529412 0.        ]  [0.07450981 0.03921569 0.        ]  [0.07843138 0.03529412 0.        ]  ...  [0.17254902 0.10196079 0.06666667]  [0.24313726 0.1764706  0.14117648]  [0.3019608  0.23529412 0.19607843]] [[0.06666667 0.03137255 0.        ]  [0.07058824 0.03529412 0.        ]  [0.07450981 0.03137255 0.        ]  ...  [0.14509805 0.07450981 0.03921569]  [0.2        0.13333334 0.09803922]  [0.27058825 0.20392157 0.16862746]] [[0.0627451  0.03137255 0.        ]  [0.06666667 0.03529412 0.        ]  [0.07450981 0.03137255 0.        ]  ...  [0.13725491 0.06666667 0.03137255]  [0.16470589 0.09803922 0.0627451 ]  [0.23529412 0.16862746 0.13333334]]]",7.377924052474555,58776,/home/amos/media/tv/Carnivale S01-S02 web 10bit hevc-d3g/Carnivale S02/Carnivale.S02E10.1080p.WEBRip.10Bit.EAC3.H265-d3g.mkv1060,1080,1920,0,328,125,943,328,124845,0.06,"[[[0.21176471 0.18431373 0.16862746]  [0.19215687 0.16470589 0.14901961]  [0.14509805 0.11372549 0.10588235]  ...  [0.05098039 0.03137255 0.01960784]  [0.03921569 0.01960784 0.00784314]  [0.03529412 0.01568628 0.00392157]] [[0.21176471 0.18431373 0.16862746]  [0.19215687 0.16470589 0.14901961]  [0.14509805 0.10980392 0.10588235]  ...  [0.05098039 0.03137255 0.01960784]  [0.05490196 0.03529412 0.02352941]  [0.04313726 0.02352941 0.01176471]] [[0.21176471 0.18039216 0.16862746]  [0.1882353  0.15686275 0.14509805]  [0.14509805 0.11372549 0.10196079]  ...  [0.04705882 0.02745098 0.01568628]  [0.05882353 0.03529412 0.02745098]  [0.06666667 0.04705882 0.03921569]] ... [[0.07843138 0.06666667 0.05098039]  [0.0627451  0.05490196 0.04313726]  [0.05098039 0.04313726 0.03137255]  ...  [0.23921569 0.14901961 0.13333334]  [0.23529412 0.14901961 0.13725491]  [0.23921569 0.14901961 0.14117648]] [[0.07058824 0.0627451  0.04313726]  [0.0627451  0.05490196 0.04313726]  [0.05098039 0.04705882 0.03529412]  ...  [0.24313726 0.15686275 0.14509805]  [0.2509804  0.16470589 0.15294118]  [0.23921569 0.15294118 0.14117648]] [[0.07450981 0.0627451  0.04705882]  [0.06666667 0.05882353 0.04705882]  [0.05098039 0.04705882 0.03529412]  ...  [0.24705882 0.16078432 0.14901961]  [0.24705882 0.16078432 0.14901961]  [0.23137255 0.14509805 0.13333334]]]",3.3944800835452043,58824,/home/amos/media/tv/Carnivale S01-S02 web 10bit hevc-d3g/Carnivale S02/Carnivale.S02E10.1080p.WEBRip.10Bit.EAC3.H265-d3g.mkv1061,1080,1920,0,386,142,903,386,126148,0.061,"[[[0.12156863 0.09803922 0.07843138]  [0.1254902  0.10588235 0.08235294]  [0.13333334 0.10980392 0.09411765]  ...  [0.05098039 0.03529412 0.02745098]  [0.05098039 0.03529412 0.02745098]  [0.         0.         0.        ]] [[0.11764706 0.09019608 0.07450981]  [0.1254902  0.10196079 0.08235294]  [0.13333334 0.10980392 0.09019608]  ...  [0.05098039 0.03137255 0.02352941]  [0.05490196 0.03529412 0.02745098]  [0.         0.         0.        ]] [[0.11372549 0.09019608 0.07058824]  [0.1254902  0.10196079 0.08235294]  [0.13333334 0.10980392 0.09019608]  ...  [0.05882353 0.03921569 0.03137255]  [0.05098039 0.03137255 0.01960784]  [0.         0.         0.        ]] ... [[0.02352941 0.01960784 0.01568628]  [0.02352941 0.01960784 0.01568628]  [0.02352941 0.02352941 0.01960784]  ...  [0.20784314 0.1254902  0.11372549]  [0.2        0.11764706 0.10588235]  [0.         0.         0.        ]] [[0.02352941 0.01960784 0.01568628]  [0.02352941 0.01960784 0.01568628]  [0.03137255 0.02745098 0.02352941]  ...  [0.2        0.11764706 0.10588235]  [0.20784314 0.12941177 0.11372549]  [0.         0.         0.        ]] [[0.         0.         0.        ]  [0.         0.         0.        ]  [0.         0.         0.        ]  ...  [0.         0.         0.        ]  [0.         0.         0.        ]  [0.         0.         0.        ]]]",2.202714204264339,59040,/home/amos/media/tv/Carnivale S01-S02 web 10bit hevc-d3g/Carnivale S02/Carnivale.S02E10.1080p.WEBRip.10Bit.EAC3.H265-d3g.mkv1062,1080,1920,0,400,145,932,400,135660,0.065,"[[[0.24705882 0.16470589 0.15294118]  [0.24705882 0.16078432 0.14901961]  [0.24705882 0.15686275 0.14901961]  ...  [0.05098039 0.02352941 0.01176471]  [0.04705882 0.02352941 0.01568628]  [0.04313726 0.01568628 0.01176471]] [[0.24705882 0.16470589 0.15294118]  [0.24705882 0.16078432 0.14901961]  [0.2509804  0.16470589 0.15294118]  ...  [0.05882353 0.03529412 0.01960784]  [0.05882353 0.03137255 0.02352941]  [0.05490196 0.02745098 0.01960784]] [[0.24705882 0.16470589 0.15294118]  [0.2509804  0.16862746 0.15686275]  [0.24705882 0.16470589 0.15294118]  ...  [0.0627451  0.03921569 0.02352941]  [0.0627451  0.03529412 0.02745098]  [0.05882353 0.03137255 0.02352941]] ... [[0.01176471 0.00784314 0.01176471]  [0.01176471 0.00784314 0.01176471]  [0.01176471 0.00784314 0.01176471]  ...  [0.23137255 0.14901961 0.1254902 ]  [0.22745098 0.14901961 0.1254902 ]  [0.22745098 0.14901961 0.1254902 ]] [[0.01176471 0.00784314 0.01176471]  [0.01176471 0.00784314 0.01176471]  [0.01176471 0.00784314 0.01176471]  ...  [0.23137255 0.14901961 0.1254902 ]  [0.22352941 0.14509805 0.12156863]  [0.21960784 0.14117648 0.11764706]] [[0.01176471 0.00784314 0.01176471]  [0.01176471 0.00784314 0.01176471]  [0.00784314 0.00392157 0.00784314]  ...  [0.22745098 0.14901961 0.12941177]  [0.22352941 0.14901961 0.1254902 ]  [0.21960784 0.14117648 0.11764706]]]",4.777059177285992,59064,/home/amos/media/tv/Carnivale S01-S02 web 10bit hevc-d3g/Carnivale S02/Carnivale.S02E10.1080p.WEBRip.10Bit.EAC3.H265-d3g.mkv1063,1080,1920,0,440,170,878,440,118260,0.057,"[[[0.10588235 0.08235294 0.06666667]  [0.10588235 0.08235294 0.06666667]  [0.10588235 0.08235294 0.07058824]  ...  [0.0627451  0.03921569 0.01960784]  [0.07450981 0.05098039 0.03137255]  [0.         0.         0.        ]] [[0.10980392 0.08627451 0.07058824]  [0.10980392 0.08627451 0.07450981]  [0.10980392 0.08235294 0.07450981]  ...  [0.06666667 0.04313726 0.02352941]  [0.07450981 0.05098039 0.03137255]  [0.         0.         0.        ]] [[0.10588235 0.08235294 0.06666667]  [0.10588235 0.08235294 0.06666667]  [0.10196079 0.07450981 0.06666667]  ...  [0.05882353 0.03529412 0.01960784]  [0.0627451  0.03529412 0.01960784]  [0.         0.         0.        ]] ... [[0.02352941 0.01960784 0.01960784]  [0.03137255 0.02745098 0.01960784]  [0.04313726 0.03529412 0.03137255]  ...  [0.21568628 0.1254902  0.12156863]  [0.21176471 0.12156863 0.11764706]  [0.         0.         0.        ]] [[0.02352941 0.01960784 0.01960784]  [0.03137255 0.02745098 0.02352941]  [0.03921569 0.03137255 0.02745098]  ...  [0.22352941 0.13725491 0.12941177]  [0.23137255 0.14509805 0.13725491]  [0.         0.         0.        ]] [[0.         0.         0.        ]  [0.         0.         0.        ]  [0.         0.         0.        ]  ...  [0.         0.         0.        ]  [0.         0.         0.        ]  [0.         0.         0.        ]]]",5.423775147763081,59088,/home/amos/media/tv/Carnivale S01-S02 web 10bit hevc-d3g/Carnivale S02/Carnivale.S02E10.1080p.WEBRip.10Bit.EAC3.H265-d3g.mkv1064,1080,1920,0,470,150,813,470,109760,0.053,"[[[0.07058824 0.05490196 0.03529412]  [0.09019608 0.07450981 0.05490196]  [0.09411765 0.07843138 0.05490196]  ...  [0.01568628 0.         0.        ]  [0.04705882 0.03137255 0.02352941]  [0.03529412 0.02352941 0.01960784]] [[0.07058824 0.05490196 0.03529412]  [0.09411765 0.07450981 0.05490196]  [0.09411765 0.07843138 0.05490196]  ...  [0.01176471 0.         0.        ]  [0.03137255 0.01568628 0.01176471]  [0.04313726 0.02745098 0.02352941]] [[0.07058824 0.05098039 0.03529412]  [0.09411765 0.07843138 0.05490196]  [0.09411765 0.07843138 0.05490196]  ...  [0.01568628 0.         0.        ]  [0.03529412 0.02352941 0.01568628]  [0.05098039 0.03529412 0.03137255]] ... [[0.         0.         0.00784314]  [0.         0.         0.00784314]  [0.         0.         0.00392157]  ...  [0.23137255 0.13725491 0.12941177]  [0.23529412 0.14509805 0.13725491]  [0.23137255 0.14117648 0.13333334]] [[0.         0.         0.00784314]  [0.         0.         0.00784314]  [0.         0.00392157 0.00784314]  ...  [0.22745098 0.13725491 0.12941177]  [0.23921569 0.14509805 0.13725491]  [0.22745098 0.13725491 0.12941177]] [[0.         0.00392157 0.01176471]  [0.         0.00392157 0.01176471]  [0.         0.00784314 0.00784314]  ...  [0.23529412 0.14509805 0.13725491]  [0.22745098 0.13725491 0.12941177]  [0.22745098 0.13725491 0.12941177]]]",3.0091871669865213,59136,/home/amos/media/tv/Carnivale S01-S02 web 10bit hevc-d3g/Carnivale S02/Carnivale.S02E10.1080p.WEBRip.10Bit.EAC3.H265-d3g.mkv1065,1080,1920,0,442,169,807,442,99645,0.048,"[[[0.14117648 0.11764706 0.10196079]  [0.10196079 0.08235294 0.06666667]  [0.0627451  0.03529412 0.02352941]  ...  [0.04705882 0.01960784 0.00392157]  [0.0627451  0.03529412 0.01960784]  [0.07843138 0.04705882 0.03529412]] [[0.13725491 0.11372549 0.09803922]  [0.10196079 0.07843138 0.0627451 ]  [0.05882353 0.03529412 0.01960784]  ...  [0.05490196 0.02745098 0.01176471]  [0.05882353 0.03137255 0.01568628]  [0.06666667 0.03529412 0.02745098]] [[0.13725491 0.11372549 0.09803922]  [0.10196079 0.07843138 0.0627451 ]  [0.05882353 0.03529412 0.01960784]  ...  [0.07058824 0.04313726 0.02745098]  [0.05490196 0.02745098 0.01176471]  [0.05882353 0.03137255 0.01960784]] ... [[0.00784314 0.00784314 0.        ]  [0.00392157 0.00784314 0.        ]  [0.         0.00392157 0.        ]  ...  [0.23137255 0.14901961 0.13725491]  [0.23529412 0.15294118 0.14117648]  [0.23529412 0.15294118 0.14117648]] [[0.00392157 0.00784314 0.        ]  [0.00392157 0.00784314 0.        ]  [0.         0.00784314 0.        ]  ...  [0.21960784 0.14117648 0.12941177]  [0.23137255 0.14901961 0.13725491]  [0.23921569 0.15686275 0.14509805]] [[0.00392157 0.00784314 0.        ]  [0.         0.00392157 0.        ]  [0.         0.         0.        ]  ...  [0.21960784 0.13725491 0.1254902 ]  [0.22745098 0.14509805 0.13333334]  [0.23137255 0.14901961 0.13725491]]]",4.772273203532677,59160,/home/amos/media/tv/Carnivale S01-S02 web 10bit hevc-d3g/Carnivale S02/Carnivale.S02E10.1080p.WEBRip.10Bit.EAC3.H265-d3g.mkv1066,1080,1920,0,468,121,840,468,129084,0.062,"[[[0.10588235 0.07843138 0.05490196]  [0.11764706 0.09019608 0.06666667]  [0.16078432 0.13333334 0.10980392]  ...  [0.04705882 0.02352941 0.02352941]  [0.05098039 0.02745098 0.01960784]  [0.05098039 0.03137255 0.02352941]] [[0.10980392 0.08235294 0.05882353]  [0.12156863 0.09411765 0.07058824]  [0.15686275 0.12941177 0.10588235]  ...  [0.04705882 0.02352941 0.02352941]  [0.05098039 0.03137255 0.01960784]  [0.05490196 0.03529412 0.02745098]] [[0.10980392 0.08235294 0.05490196]  [0.12156863 0.09411765 0.07058824]  [0.15686275 0.12941177 0.10588235]  ...  [0.04313726 0.02352941 0.01568628]  [0.05490196 0.03529412 0.02352941]  [0.05490196 0.03529412 0.02745098]] ... [[0.07843138 0.0627451  0.03921569]  [0.07843138 0.0627451  0.03921569]  [0.08627451 0.07058824 0.04313726]  ...  [0.21960784 0.13333334 0.12156863]  [0.20784314 0.1254902  0.11372549]  [0.21176471 0.12941177 0.11764706]] [[0.07843138 0.0627451  0.03921569]  [0.07843138 0.0627451  0.03921569]  [0.08627451 0.06666667 0.04705882]  ...  [0.21960784 0.12941177 0.12156863]  [0.21568628 0.13333334 0.12156863]  [0.21960784 0.13725491 0.1254902 ]] [[0.07450981 0.05882353 0.03529412]  [0.07450981 0.05882353 0.03529412]  [0.08235294 0.06666667 0.04313726]  ...  [0.21960784 0.12941177 0.11764706]  [0.21176471 0.12941177 0.11764706]  [0.21568628 0.13333334 0.12156863]]]",4.258519163704477,59184,/home/amos/media/tv/Carnivale S01-S02 web 10bit hevc-d3g/Carnivale S02/Carnivale.S02E10.1080p.WEBRip.10Bit.EAC3.H265-d3g.mkv1067,1080,1920,0,53,603,674,53,341550,0.165,"[[[0.         0.         0.        ]  [0.         0.         0.        ]  [0.         0.         0.        ]  ...  [0.         0.         0.        ]  [0.         0.         0.        ]  [0.         0.         0.        ]] [[0.         0.         0.        ]  [0.         0.         0.        ]  [0.         0.         0.        ]  ...  [0.         0.         0.        ]  [0.         0.         0.        ]  [0.         0.         0.        ]] [[0.         0.         0.        ]  [0.         0.         0.        ]  [0.         0.         0.        ]  ...  [0.         0.         0.        ]  [0.         0.         0.        ]  [0.         0.         0.        ]] ... [[0.13725491 0.08235294 0.03529412]  [0.13725491 0.08235294 0.03529412]  [0.13725491 0.08235294 0.03529412]  ...  [0.         0.         0.        ]  [0.         0.         0.        ]  [0.         0.         0.        ]] [[0.13725491 0.08235294 0.03529412]  [0.13725491 0.08235294 0.03529412]  [0.13725491 0.08235294 0.03529412]  ...  [0.         0.         0.        ]  [0.         0.         0.        ]  [0.         0.         0.        ]] [[0.13725491 0.08235294 0.03529412]  [0.13725491 0.08235294 0.03529412]  [0.13725491 0.08235294 0.03529412]  ...  [0.         0.         0.        ]  [0.         0.         0.        ]  [0.         0.         0.        ]]]",1.8123570775496773,59712,/home/amos/media/tv/Carnivale S01-S02 web 10bit hevc-d3g/Carnivale S02/Carnivale.S02E10.1080p.WEBRip.10Bit.EAC3.H265-d3g.mkv1068,1080,1920,0,118,449,917,118,264469,0.128,"[[[0.         0.         0.        ]  [0.         0.         0.        ]  [0.         0.         0.        ]  ...  [0.         0.         0.        ]  [0.         0.         0.        ]  [0.         0.         0.        ]] [[0.         0.         0.        ]  [0.         0.         0.        ]  [0.         0.         0.        ]  ...  [0.         0.         0.        ]  [0.         0.         0.        ]  [0.         0.         0.        ]] [[0.         0.         0.        ]  [0.         0.         0.        ]  [0.         0.         0.        ]  ...  [0.         0.         0.        ]  [0.         0.         0.        ]  [0.         0.         0.        ]] ... [[0.00784314 0.         0.        ]  [0.00784314 0.         0.        ]  [0.00784314 0.         0.        ]  ...  [0.         0.         0.        ]  [0.         0.         0.        ]  [0.         0.         0.        ]] [[0.00784314 0.         0.        ]  [0.00784314 0.         0.        ]  [0.00784314 0.         0.        ]  ...  [0.         0.         0.        ]  [0.         0.         0.        ]  [0.         0.         0.        ]] [[0.00784314 0.         0.        ]  [0.00784314 0.         0.        ]  [0.01176471 0.         0.        ]  ...  [0.         0.         0.        ]  [0.         0.         0.        ]  [0.         0.         0.        ]]]",-0.21359796362230554,59928,/home/amos/media/tv/Carnivale S01-S02 web 10bit hevc-d3g/Carnivale S02/Carnivale.S02E10.1080p.WEBRip.10Bit.EAC3.H265-d3g.mkv1069,1080,1920,0,162,532,801,162,236430,0.114,"[[[0.         0.         0.        ]  [0.         0.         0.        ]  [0.         0.         0.        ]  ...  [0.         0.         0.        ]  [0.         0.         0.        ]  [0.         0.         0.        ]] [[0.         0.         0.        ]  [0.         0.         0.        ]  [0.         0.         0.        ]  ...  [0.         0.         0.        ]  [0.         0.         0.        ]  [0.         0.         0.        ]] [[0.         0.         0.        ]  [0.         0.         0.        ]  [0.         0.         0.        ]  ...  [0.         0.         0.        ]  [0.         0.         0.        ]  [0.         0.         0.        ]] ... [[0.00784314 0.00392157 0.        ]  [0.01176471 0.00392157 0.        ]  [0.01176471 0.00784314 0.        ]  ...  [0.00784314 0.         0.        ]  [0.01176471 0.00392157 0.        ]  [0.01176471 0.00392157 0.        ]] [[0.00784314 0.00392157 0.        ]  [0.00784314 0.00392157 0.        ]  [0.01176471 0.00392157 0.        ]  ...  [0.01176471 0.00392157 0.        ]  [0.01176471 0.00392157 0.        ]  [0.01176471 0.00392157 0.        ]] [[0.00784314 0.00392157 0.        ]  [0.00784314 0.00392157 0.        ]  [0.00784314 0.00392157 0.        ]  ...  [0.01176471 0.00392157 0.        ]  [0.01176471 0.00392157 0.        ]  [0.01176471 0.00392157 0.        ]]]",4.088312099163886,60288,/home/amos/media/tv/Carnivale S01-S02 web 10bit hevc-d3g/Carnivale S02/Carnivale.S02E10.1080p.WEBRip.10Bit.EAC3.H265-d3g.mkv1070,1080,1920,0,166,492,777,166,199186,0.096,"[[[0.03921569 0.00392157 0.        ]  [0.03921569 0.00392157 0.        ]  [0.03921569 0.00392157 0.        ]  ...  [0.         0.         0.        ]  [0.         0.         0.        ]  [0.         0.         0.        ]] [[0.03529412 0.         0.        ]  [0.03529412 0.         0.        ]  [0.03529412 0.         0.        ]  ...  [0.         0.         0.        ]  [0.         0.         0.        ]  [0.         0.         0.        ]] [[0.03137255 0.         0.        ]  [0.03137255 0.         0.        ]  [0.03137255 0.         0.        ]  ...  [0.         0.         0.        ]  [0.         0.         0.        ]  [0.         0.         0.        ]] ... [[0.         0.         0.        ]  [0.         0.         0.        ]  [0.         0.         0.        ]  ...  [0.         0.         0.        ]  [0.         0.         0.        ]  [0.         0.         0.        ]] [[0.         0.         0.        ]  [0.         0.         0.        ]  [0.         0.         0.        ]  ...  [0.         0.         0.        ]  [0.         0.         0.        ]  [0.         0.         0.        ]] [[0.         0.         0.        ]  [0.         0.         0.        ]  [0.         0.         0.        ]  ...  [0.         0.         0.        ]  [0.         0.         0.        ]  [0.         0.         0.        ]]]",4.095240087190177,60312,/home/amos/media/tv/Carnivale S01-S02 web 10bit hevc-d3g/Carnivale S02/Carnivale.S02E10.1080p.WEBRip.10Bit.EAC3.H265-d3g.mkv1071,1080,1920,0,96,879,667,96,447093,0.216,"[[[0.01568628 0.         0.        ]  [0.01960784 0.         0.        ]  [0.02352941 0.         0.        ]  ...  [0.         0.         0.        ]  [0.         0.         0.        ]  [0.         0.         0.        ]] [[0.01568628 0.         0.        ]  [0.01960784 0.         0.        ]  [0.02352941 0.         0.        ]  ...  [0.         0.         0.        ]  [0.         0.         0.        ]  [0.         0.         0.        ]] [[0.01960784 0.00392157 0.        ]  [0.01960784 0.00392157 0.        ]  [0.02745098 0.00392157 0.        ]  ...  [0.         0.         0.        ]  [0.         0.         0.        ]  [0.         0.         0.        ]] ... [[0.2901961  0.21960784 0.1764706 ]  [0.28627452 0.21568628 0.17254902]  [0.28235295 0.21568628 0.16862746]  ...  [0.00392157 0.         0.        ]  [0.         0.         0.        ]  [0.         0.         0.        ]] [[0.30588236 0.23529412 0.19215687]  [0.30588236 0.23529412 0.1882353 ]  [0.29411766 0.22745098 0.18039216]  ...  [0.00392157 0.         0.        ]  [0.         0.         0.        ]  [0.         0.         0.        ]] [[0.3137255  0.24313726 0.2       ]  [0.30980393 0.23921569 0.19607843]  [0.29803923 0.23137255 0.18431373]  ...  [0.00392157 0.         0.        ]  [0.         0.         0.        ]  [0.         0.         0.        ]]]",4.6923530860221945,60792,/home/amos/media/tv/Carnivale S01-S02 web 10bit hevc-d3g/Carnivale S02/Carnivale.S02E10.1080p.WEBRip.10Bit.EAC3.H265-d3g.mkv1072,1080,1920,0,59,370,634,59,178825,0.086,"[[[0.11764706 0.09019608 0.0627451 ]  [0.11764706 0.09019608 0.0627451 ]  [0.11764706 0.09019608 0.0627451 ]  ...  [0.02745098 0.00784314 0.        ]  [0.02745098 0.00784314 0.        ]  [0.02745098 0.00784314 0.        ]] [[0.11764706 0.09019608 0.0627451 ]  [0.11764706 0.09019608 0.0627451 ]  [0.11764706 0.09019608 0.0627451 ]  ...  [0.02745098 0.00784314 0.        ]  [0.02745098 0.00784314 0.        ]  [0.02745098 0.00784314 0.        ]] [[0.11764706 0.09019608 0.0627451 ]  [0.11764706 0.09019608 0.0627451 ]  [0.11764706 0.09019608 0.0627451 ]  ...  [0.02745098 0.00784314 0.        ]  [0.02745098 0.00784314 0.        ]  [0.02745098 0.00784314 0.        ]] ... [[0.1764706  0.10980392 0.09019608]  [0.1764706  0.10980392 0.09019608]  [0.18039216 0.10980392 0.09411765]  ...  [0.02745098 0.00784314 0.        ]  [0.02745098 0.00784314 0.        ]  [0.02745098 0.00784314 0.        ]] [[0.18039216 0.10980392 0.09411765]  [0.18039216 0.10980392 0.09411765]  [0.18039216 0.10980392 0.09411765]  ...  [0.02745098 0.00784314 0.        ]  [0.02745098 0.00784314 0.        ]  [0.02745098 0.00784314 0.        ]] [[0.18039216 0.10980392 0.09411765]  [0.18039216 0.10980392 0.09411765]  [0.18039216 0.10980392 0.09411765]  ...  [0.02745098 0.00784314 0.        ]  [0.02745098 0.00784314 0.        ]  [0.02745098 0.00784314 0.        ]]]",4.746295172371902,60816,/home/amos/media/tv/Carnivale S01-S02 web 10bit hevc-d3g/Carnivale S02/Carnivale.S02E10.1080p.WEBRip.10Bit.EAC3.H265-d3g.mkv1073,1080,1920,0,137,416,765,137,175212,0.084,"[[[0.07843138 0.00784314 0.        ]  [0.07843138 0.00784314 0.        ]  [0.08235294 0.01176471 0.        ]  ...  [0.04705882 0.01176471 0.        ]  [0.03921569 0.00392157 0.        ]  [0.03529412 0.         0.        ]] [[0.07843138 0.00784314 0.        ]  [0.08235294 0.01176471 0.        ]  [0.08235294 0.01176471 0.        ]  ...  [0.04705882 0.01176471 0.        ]  [0.03921569 0.00392157 0.        ]  [0.03529412 0.         0.        ]] [[0.08235294 0.01176471 0.        ]  [0.08235294 0.01176471 0.        ]  [0.08627451 0.01568628 0.00392157]  ...  [0.04705882 0.01176471 0.        ]  [0.03921569 0.00392157 0.        ]  [0.03529412 0.         0.        ]] ... [[0.         0.         0.        ]  [0.         0.         0.        ]  [0.         0.         0.        ]  ...  [0.         0.         0.        ]  [0.         0.         0.        ]  [0.         0.         0.        ]] [[0.         0.         0.        ]  [0.         0.         0.        ]  [0.         0.         0.        ]  ...  [0.         0.         0.        ]  [0.         0.         0.        ]  [0.         0.         0.        ]] [[0.         0.         0.        ]  [0.         0.         0.        ]  [0.         0.         0.        ]  ...  [0.         0.         0.        ]  [0.         0.         0.        ]  [0.         0.         0.        ]]]",2.623251013166737,60936,/home/amos/media/tv/Carnivale S01-S02 web 10bit hevc-d3g/Carnivale S02/Carnivale.S02E10.1080p.WEBRip.10Bit.EAC3.H265-d3g.mkv1074,1080,1920,0,85,880,1431,85,1070070,0.516,"[[[0.         0.         0.        ]  [0.         0.         0.        ]  [0.         0.         0.        ]  ...  [0.         0.         0.        ]  [0.         0.         0.        ]  [0.         0.         0.        ]] [[0.         0.         0.        ]  [0.         0.         0.        ]  [0.         0.         0.        ]  ...  [0.         0.         0.        ]  [0.         0.         0.        ]  [0.         0.         0.        ]] [[0.         0.         0.        ]  [0.         0.         0.        ]  [0.         0.         0.        ]  ...  [0.         0.         0.        ]  [0.         0.         0.        ]  [0.         0.         0.        ]] ... [[0.10588235 0.07843138 0.05882353]  [0.10588235 0.07843138 0.05882353]  [0.10196079 0.07450981 0.05490196]  ...  [0.         0.         0.        ]  [0.         0.         0.        ]  [0.         0.         0.        ]] [[0.10980392 0.08235294 0.0627451 ]  [0.10980392 0.08235294 0.0627451 ]  [0.10196079 0.07843138 0.05882353]  ...  [0.         0.         0.        ]  [0.         0.         0.        ]  [0.         0.         0.        ]] [[0.10980392 0.08235294 0.0627451 ]  [0.10980392 0.08235294 0.0627451 ]  [0.10588235 0.07843138 0.05882353]  ...  [0.         0.         0.        ]  [0.         0.         0.        ]  [0.         0.         0.        ]]]",3.5201480643008836,62016,/home/amos/media/tv/Carnivale S01-S02 web 10bit hevc-d3g/Carnivale S02/Carnivale.S02E10.1080p.WEBRip.10Bit.EAC3.H265-d3g.mkv1075,1080,1920,0,156,827,505,156,234179,0.113,"[[[0.13333334 0.08627451 0.06666667]  [0.12941177 0.08627451 0.06666667]  [0.12941177 0.08627451 0.06666667]  ...  [0.07450981 0.04705882 0.02352941]  [0.07058824 0.04705882 0.02352941]  [0.07058824 0.04705882 0.02352941]] [[0.13333334 0.09019608 0.06666667]  [0.13333334 0.09019608 0.06666667]  [0.13333334 0.09019608 0.07058824]  ...  [0.06666667 0.03921569 0.01568628]  [0.06666667 0.03921569 0.01568628]  [0.0627451  0.03921569 0.01568628]] [[0.13333334 0.09019608 0.07058824]  [0.13333334 0.09019608 0.07058824]  [0.13725491 0.09019608 0.07058824]  ...  [0.05882353 0.03529412 0.00784314]  [0.05882353 0.03137255 0.00784314]  [0.05490196 0.03137255 0.00784314]] ... [[0.         0.         0.        ]  [0.         0.         0.        ]  [0.         0.         0.        ]  ...  [0.         0.         0.        ]  [0.         0.         0.        ]  [0.         0.         0.        ]] [[0.         0.         0.        ]  [0.         0.         0.        ]  [0.         0.         0.        ]  ...  [0.         0.         0.        ]  [0.         0.         0.        ]  [0.         0.         0.        ]] [[0.         0.         0.        ]  [0.         0.         0.        ]  [0.         0.         0.        ]  ...  [0.         0.         0.        ]  [0.         0.         0.        ]  [0.         0.         0.        ]]]",4.89320716552902,62400,/home/amos/media/tv/Carnivale S01-S02 web 10bit hevc-d3g/Carnivale S02/Carnivale.S02E10.1080p.WEBRip.10Bit.EAC3.H265-d3g.mkv1076,1080,1920,0,66,239,657,66,102243,0.049,"[[[0.00784314 0.         0.        ]  [0.00784314 0.         0.        ]  [0.01568628 0.         0.        ]  ...  [0.14117648 0.10196079 0.08235294]  [0.14509805 0.10588235 0.08627451]  [0.14509805 0.10588235 0.08627451]] [[0.00784314 0.         0.        ]  [0.00784314 0.         0.        ]  [0.01568628 0.         0.        ]  ...  [0.14117648 0.10196079 0.08235294]  [0.14509805 0.10588235 0.08627451]  [0.14509805 0.10588235 0.08627451]] [[0.01176471 0.         0.        ]  [0.01176471 0.         0.        ]  [0.01568628 0.         0.        ]  ...  [0.14117648 0.10196079 0.08235294]  [0.14509805 0.10588235 0.08627451]  [0.14509805 0.10588235 0.08627451]] ... [[0.29411766 0.21176471 0.1882353 ]  [0.29411766 0.21176471 0.1882353 ]  [0.29411766 0.21176471 0.1882353 ]  ...  [0.1764706  0.10196079 0.08627451]  [0.17254902 0.10196079 0.08627451]  [0.17254902 0.10196079 0.08627451]] [[0.3019608  0.21960784 0.19607843]  [0.3019608  0.21960784 0.19607843]  [0.3019608  0.21960784 0.19215687]  ...  [0.1764706  0.10196079 0.08627451]  [0.17254902 0.10196079 0.08627451]  [0.17254902 0.10196079 0.08627451]] [[0.3019608  0.21960784 0.19607843]  [0.3019608  0.21960784 0.19607843]  [0.3019608  0.21960784 0.19215687]  ...  [0.1764706  0.10196079 0.08627451]  [0.17254902 0.10196079 0.08627451]  [0.17254902 0.10196079 0.08627451]]]",5.366285198950209,63048,/home/amos/media/tv/Carnivale S01-S02 web 10bit hevc-d3g/Carnivale S02/Carnivale.S02E10.1080p.WEBRip.10Bit.EAC3.H265-d3g.mkv1077,1080,1920,1,84,310,826,84,167692,0.081,"[[[0.01568628 0.         0.        ]  [0.01568628 0.         0.        ]  [0.01568628 0.         0.        ]  ...  [0.07450981 0.04705882 0.03137255]  [0.07058824 0.04313726 0.02745098]  [0.07058824 0.04313726 0.02745098]] [[0.01568628 0.         0.        ]  [0.01568628 0.         0.        ]  [0.01568628 0.         0.        ]  ...  [0.07450981 0.04705882 0.03137255]  [0.07058824 0.04313726 0.02745098]  [0.07058824 0.04313726 0.02745098]] [[0.01568628 0.         0.        ]  [0.01568628 0.         0.        ]  [0.01568628 0.         0.        ]  ...  [0.07450981 0.04705882 0.03137255]  [0.07058824 0.04313726 0.02745098]  [0.07058824 0.04313726 0.02745098]] ... [[0.00392157 0.         0.        ]  [0.00392157 0.         0.        ]  [0.00392157 0.         0.        ]  ...  [0.00392157 0.         0.        ]  [0.00392157 0.         0.        ]  [0.00392157 0.         0.        ]] [[0.00392157 0.         0.        ]  [0.00392157 0.         0.        ]  [0.00392157 0.         0.        ]  ...  [0.00392157 0.         0.        ]  [0.00392157 0.         0.        ]  [0.00392157 0.         0.        ]] [[0.00392157 0.         0.        ]  [0.00392157 0.         0.        ]  [0.00392157 0.         0.        ]  ...  [0.00392157 0.         0.        ]  [0.00392157 0.         0.        ]  [0.00392157 0.         0.        ]]]",1.2652731132111512,63048,/home/amos/media/tv/Carnivale S01-S02 web 10bit hevc-d3g/Carnivale S02/Carnivale.S02E10.1080p.WEBRip.10Bit.EAC3.H265-d3g.mkv1078,1080,1920,0,91,306,788,91,149855,0.072,"[[[0.01568628 0.         0.        ]  [0.01568628 0.         0.        ]  [0.01568628 0.         0.        ]  ...  [0.08235294 0.05490196 0.03137255]  [0.08627451 0.05882353 0.03529412]  [0.08627451 0.05882353 0.03529412]] [[0.01568628 0.         0.        ]  [0.01568628 0.         0.        ]  [0.01568628 0.         0.        ]  ...  [0.08235294 0.05490196 0.03137255]  [0.08627451 0.05882353 0.03529412]  [0.08627451 0.05882353 0.03529412]] [[0.01568628 0.         0.        ]  [0.01568628 0.         0.        ]  [0.01568628 0.         0.        ]  ...  [0.08235294 0.05490196 0.03137255]  [0.08627451 0.05882353 0.03529412]  [0.08627451 0.05882353 0.03529412]] ... [[0.00392157 0.         0.        ]  [0.00392157 0.         0.        ]  [0.00392157 0.         0.        ]  ...  [0.01176471 0.00392157 0.        ]  [0.01176471 0.00392157 0.        ]  [0.01176471 0.00392157 0.        ]] [[0.00392157 0.         0.        ]  [0.00392157 0.         0.        ]  [0.00392157 0.         0.        ]  ...  [0.01176471 0.00392157 0.        ]  [0.01176471 0.00392157 0.        ]  [0.01176471 0.00392157 0.        ]] [[0.00392157 0.         0.        ]  [0.00392157 0.         0.        ]  [0.00392157 0.         0.        ]  ...  [0.01176471 0.00392157 0.        ]  [0.01176471 0.00392157 0.        ]  [0.01176471 0.00392157 0.        ]]]",0.6779520012787543,63072,/home/amos/media/tv/Carnivale S01-S02 web 10bit hevc-d3g/Carnivale S02/Carnivale.S02E10.1080p.WEBRip.10Bit.EAC3.H265-d3g.mkv1079,1080,1920,0,83,314,809,83,167706,0.081,"[[[0.01568628 0.         0.        ]  [0.01568628 0.         0.        ]  [0.01568628 0.         0.        ]  ...  [0.09019608 0.05490196 0.03921569]  [0.09019608 0.05490196 0.03921569]  [0.         0.         0.        ]] [[0.01568628 0.         0.        ]  [0.01568628 0.         0.        ]  [0.01568628 0.         0.        ]  ...  [0.09019608 0.05490196 0.03921569]  [0.09019608 0.05490196 0.03921569]  [0.         0.         0.        ]] [[0.01568628 0.         0.        ]  [0.01568628 0.         0.        ]  [0.01568628 0.         0.        ]  ...  [0.08627451 0.05098039 0.03529412]  [0.08627451 0.05098039 0.03529412]  [0.         0.         0.        ]] ... [[0.00392157 0.         0.        ]  [0.00392157 0.         0.        ]  [0.00392157 0.         0.        ]  ...  [0.01176471 0.         0.        ]  [0.01176471 0.         0.        ]  [0.         0.         0.        ]] [[0.00392157 0.         0.        ]  [0.00392157 0.         0.        ]  [0.00392157 0.         0.        ]  ...  [0.01176471 0.         0.        ]  [0.01176471 0.         0.        ]  [0.         0.         0.        ]] [[0.         0.         0.        ]  [0.         0.         0.        ]  [0.         0.         0.        ]  ...  [0.         0.         0.        ]  [0.         0.         0.        ]  [0.         0.         0.        ]]]",1.4254320733598433,63096,/home/amos/media/tv/Carnivale S01-S02 web 10bit hevc-d3g/Carnivale S02/Carnivale.S02E10.1080p.WEBRip.10Bit.EAC3.H265-d3g.mkv1080,1080,1920,0,269,114,1092,269,127565,0.062,"[[[0.         0.         0.        ]  [0.         0.         0.        ]  [0.         0.         0.        ]  ...  [0.01568628 0.         0.        ]  [0.01568628 0.         0.        ]  [0.01960784 0.         0.        ]] [[0.         0.         0.        ]  [0.         0.         0.        ]  [0.         0.         0.        ]  ...  [0.01568628 0.         0.        ]  [0.01568628 0.         0.        ]  [0.01960784 0.         0.        ]] [[0.         0.         0.        ]  [0.         0.         0.        ]  [0.         0.         0.        ]  ...  [0.01960784 0.         0.        ]  [0.01960784 0.00392157 0.        ]  [0.02352941 0.00392157 0.        ]] ... [[0.01960784 0.         0.        ]  [0.01960784 0.         0.        ]  [0.01960784 0.         0.        ]  ...  [0.         0.         0.        ]  [0.         0.         0.        ]  [0.         0.         0.        ]] [[0.01960784 0.         0.        ]  [0.01960784 0.         0.        ]  [0.01960784 0.         0.        ]  ...  [0.         0.         0.        ]  [0.         0.         0.        ]  [0.         0.         0.        ]] [[0.01960784 0.         0.        ]  [0.01960784 0.         0.        ]  [0.01960784 0.         0.        ]  ...  [0.00392157 0.         0.        ]  [0.00392157 0.         0.        ]  [0.00392157 0.         0.        ]]]",3.862990023975726,63744,/home/amos/media/tv/Carnivale S01-S02 web 10bit hevc-d3g/Carnivale S02/Carnivale.S02E10.1080p.WEBRip.10Bit.EAC3.H265-d3g.mkv1081,1080,1920,0,284,210,1025,284,54834,0.026,"[[[0.         0.         0.        ]  [0.         0.         0.        ]  [0.         0.         0.        ]  ...  [0.02352941 0.         0.        ]  [0.02352941 0.         0.        ]  [0.         0.         0.        ]] [[0.         0.         0.        ]  [0.         0.         0.        ]  [0.         0.         0.        ]  ...  [0.02352941 0.         0.        ]  [0.02352941 0.         0.        ]  [0.         0.         0.        ]] [[0.         0.         0.        ]  [0.         0.         0.        ]  [0.         0.         0.        ]  ...  [0.02352941 0.         0.        ]  [0.02745098 0.         0.00392157]  [0.         0.         0.        ]] ... [[0.03529412 0.00392157 0.        ]  [0.03529412 0.00392157 0.        ]  [0.03921569 0.00784314 0.00392157]  ...  [0.         0.         0.        ]  [0.         0.         0.        ]  [0.         0.         0.        ]] [[0.03921569 0.00784314 0.00392157]  [0.03529412 0.00392157 0.        ]  [0.03921569 0.01176471 0.00392157]  ...  [0.         0.         0.        ]  [0.         0.         0.        ]  [0.         0.         0.        ]] [[0.         0.         0.        ]  [0.         0.         0.        ]  [0.         0.         0.        ]  ...  [0.         0.         0.        ]  [0.         0.         0.        ]  [0.         0.         0.        ]]]",6.750458086957224,63912,/home/amos/media/tv/Carnivale S01-S02 web 10bit hevc-d3g/Carnivale S02/Carnivale.S02E10.1080p.WEBRip.10Bit.EAC3.H265-d3g.mkv1082,1080,1920,0,274,222,1030,274,39312,0.019,"[[[0.         0.         0.        ]  [0.         0.         0.        ]  [0.         0.         0.        ]  ...  [0.02352941 0.         0.        ]  [0.02352941 0.         0.        ]  [0.02745098 0.         0.00392157]] [[0.         0.         0.        ]  [0.         0.         0.        ]  [0.         0.         0.        ]  ...  [0.01960784 0.         0.        ]  [0.01960784 0.         0.        ]  [0.01960784 0.         0.        ]] [[0.         0.         0.        ]  [0.         0.         0.        ]  [0.         0.         0.        ]  ...  [0.01960784 0.         0.        ]  [0.01960784 0.         0.        ]  [0.01960784 0.         0.        ]] ... [[0.03921569 0.00784314 0.00392157]  [0.03921569 0.00392157 0.00392157]  [0.04705882 0.00392157 0.        ]  ...  [0.         0.         0.        ]  [0.         0.         0.        ]  [0.         0.         0.        ]] [[0.03921569 0.00784314 0.00392157]  [0.03921569 0.00392157 0.        ]  [0.04313726 0.         0.        ]  ...  [0.         0.         0.        ]  [0.         0.         0.        ]  [0.         0.         0.        ]] [[0.03529412 0.00392157 0.        ]  [0.03921569 0.00392157 0.        ]  [0.04313726 0.         0.        ]  ...  [0.         0.         0.        ]  [0.         0.         0.        ]  [0.         0.         0.        ]]]",7.575306021608412,63984,/home/amos/media/tv/Carnivale S01-S02 web 10bit hevc-d3g/Carnivale S02/Carnivale.S02E10.1080p.WEBRip.10Bit.EAC3.H265-d3g.mkv1083,1080,1920,0,320,190,1008,320,89440,0.043,"[[[0.         0.         0.        ]  [0.         0.         0.        ]  [0.         0.         0.        ]  ...  [0.00392157 0.         0.        ]  [0.00392157 0.         0.        ]  [0.00784314 0.         0.        ]] [[0.         0.         0.        ]  [0.         0.         0.        ]  [0.         0.         0.        ]  ...  [0.00784314 0.00392157 0.        ]  [0.00784314 0.         0.        ]  [0.01176471 0.         0.        ]] [[0.         0.         0.        ]  [0.         0.         0.        ]  [0.         0.         0.        ]  ...  [0.01176471 0.00392157 0.        ]  [0.01176471 0.00392157 0.        ]  [0.01176471 0.         0.        ]] ... [[0.02745098 0.         0.        ]  [0.02745098 0.         0.        ]  [0.02745098 0.         0.        ]  ...  [0.         0.         0.        ]  [0.         0.         0.        ]  [0.         0.         0.        ]] [[0.03137255 0.         0.        ]  [0.02745098 0.         0.        ]  [0.02745098 0.         0.        ]  ...  [0.         0.         0.        ]  [0.         0.         0.        ]  [0.         0.         0.        ]] [[0.02352941 0.         0.        ]  [0.02352941 0.         0.        ]  [0.02352941 0.         0.        ]  ...  [0.         0.         0.        ]  [0.         0.         0.        ]  [0.         0.         0.        ]]]",3.7946610978688113,64008,/home/amos/media/tv/Carnivale S01-S02 web 10bit hevc-d3g/Carnivale S02/Carnivale.S02E10.1080p.WEBRip.10Bit.EAC3.H265-d3g.mkv1084,1080,1920,0,287,192,1050,287,72485,0.035,"[[[0.         0.         0.        ]  [0.         0.         0.        ]  [0.         0.         0.        ]  ...  [0.01568628 0.         0.        ]  [0.01568628 0.         0.        ]  [0.01568628 0.         0.        ]] [[0.         0.         0.        ]  [0.         0.         0.        ]  [0.         0.         0.        ]  ...  [0.01568628 0.         0.        ]  [0.01568628 0.         0.        ]  [0.01568628 0.         0.        ]] [[0.         0.         0.        ]  [0.         0.         0.        ]  [0.         0.         0.        ]  ...  [0.01960784 0.         0.        ]  [0.01960784 0.         0.        ]  [0.01960784 0.         0.        ]] ... [[0.04313726 0.01176471 0.00392157]  [0.04313726 0.01568628 0.00392157]  [0.03921569 0.00784314 0.        ]  ...  [0.         0.         0.        ]  [0.         0.         0.        ]  [0.         0.         0.        ]] [[0.03529412 0.00392157 0.        ]  [0.03921569 0.00784314 0.00392157]  [0.04705882 0.01176471 0.00392157]  ...  [0.         0.         0.        ]  [0.         0.         0.        ]  [0.         0.         0.        ]] [[0.03529412 0.00392157 0.        ]  [0.03529412 0.00392157 0.        ]  [0.04313726 0.01176471 0.00392157]  ...  [0.         0.         0.        ]  [0.         0.         0.        ]  [0.         0.         0.        ]]]",5.466160015610512,64032,/home/amos/media/tv/Carnivale S01-S02 web 10bit hevc-d3g/Carnivale S02/Carnivale.S02E10.1080p.WEBRip.10Bit.EAC3.H265-d3g.mkv1085,1080,1920,0,90,348,1003,90,235554,0.114,"[[[0.06666667 0.0627451  0.03137255]  [0.06666667 0.0627451  0.03529412]  [0.07450981 0.07058824 0.04313726]  ...  [0.14901961 0.12156863 0.05882353]  [0.15294118 0.1254902  0.0627451 ]  [0.15294118 0.1254902  0.0627451 ]] [[0.06666667 0.0627451  0.03137255]  [0.06666667 0.0627451  0.03137255]  [0.07843138 0.07058824 0.04313726]  ...  [0.14509805 0.11372549 0.05490196]  [0.14509805 0.11764706 0.05490196]  [0.14509805 0.11764706 0.05490196]] [[0.06666667 0.05882353 0.03137255]  [0.06666667 0.0627451  0.03529412]  [0.07450981 0.07058824 0.04313726]  ...  [0.11372549 0.08627451 0.03137255]  [0.11372549 0.08235294 0.03137255]  [0.11372549 0.08235294 0.03137255]] ... [[0.08627451 0.0627451  0.04705882]  [0.08627451 0.0627451  0.04705882]  [0.08235294 0.05882353 0.04313726]  ...  [0.26666668 0.21960784 0.12156863]  [0.26666668 0.21960784 0.12156863]  [0.26666668 0.21960784 0.12156863]] [[0.08627451 0.0627451  0.04705882]  [0.08627451 0.0627451  0.04705882]  [0.08235294 0.05882353 0.04313726]  ...  [0.27450982 0.22745098 0.1254902 ]  [0.27450982 0.22745098 0.1254902 ]  [0.27450982 0.22745098 0.1254902 ]] [[0.08627451 0.0627451  0.04705882]  [0.08627451 0.0627451  0.04705882]  [0.08235294 0.05882353 0.04313726]  ...  [0.27450982 0.22745098 0.1254902 ]  [0.27450982 0.22745098 0.1254902 ]  [0.27450982 0.22745098 0.1254902 ]]]",4.9644392129266635,64224,/home/amos/media/tv/Carnivale S01-S02 web 10bit hevc-d3g/Carnivale S02/Carnivale.S02E10.1080p.WEBRip.10Bit.EAC3.H265-d3g.mkv1086,1080,1920,0,64,269,1125,64,217505,0.105,"[[[0.44705883 0.18039216 0.09411765]  [0.44705883 0.18039216 0.09411765]  [0.44705883 0.18039216 0.09411765]  ...  [0.43529412 0.17254902 0.09019608]  [0.44313726 0.17254902 0.09411765]  [0.44313726 0.17254902 0.09411765]] [[0.44705883 0.18039216 0.09411765]  [0.44705883 0.18039216 0.09411765]  [0.44705883 0.18039216 0.09411765]  ...  [0.43529412 0.17254902 0.09019608]  [0.44313726 0.17254902 0.09411765]  [0.44313726 0.17254902 0.09411765]] [[0.44705883 0.18039216 0.09411765]  [0.44705883 0.18039216 0.09411765]  [0.44705883 0.18039216 0.09411765]  ...  [0.43529412 0.17254902 0.09411765]  [0.44313726 0.17254902 0.09411765]  [0.44313726 0.17254902 0.09411765]] ... [[0.49803922 0.23529412 0.11372549]  [0.49803922 0.23529412 0.11372549]  [0.49803922 0.23529412 0.11372549]  ...  [0.41568628 0.16862746 0.07843138]  [0.41568628 0.16862746 0.07843138]  [0.41568628 0.16862746 0.07843138]] [[0.49803922 0.23529412 0.11372549]  [0.49803922 0.23529412 0.11372549]  [0.49803922 0.23529412 0.11372549]  ...  [0.4117647  0.16470589 0.07450981]  [0.4117647  0.16470589 0.07450981]  [0.4117647  0.16470589 0.07450981]] [[0.49803922 0.23529412 0.11372549]  [0.49803922 0.23529412 0.11372549]  [0.49803922 0.23529412 0.11372549]  ...  [0.4117647  0.16470589 0.07450981]  [0.4117647  0.16470589 0.07450981]  [0.4117647  0.16470589 0.07450981]]]",6.065081094100606,64272,/home/amos/media/tv/Carnivale S01-S02 web 10bit hevc-d3g/Carnivale S02/Carnivale.S02E10.1080p.WEBRip.10Bit.EAC3.H265-d3g.mkv1087,1080,1920,0,133,220,727,133,51678,0.025,"[[[0.18431373 0.05882353 0.01568628]  [0.2        0.0627451  0.02745098]  [0.22745098 0.07450981 0.04313726]  ...  [0.22745098 0.07058824 0.01568628]  [0.21960784 0.0627451  0.00784314]  [0.21568628 0.05882353 0.00392157]] [[0.18431373 0.05882353 0.01568628]  [0.2        0.0627451  0.02352941]  [0.22352941 0.07450981 0.03921569]  ...  [0.23137255 0.07450981 0.01960784]  [0.22352941 0.06666667 0.01176471]  [0.21960784 0.0627451  0.00784314]] [[0.18431373 0.05882353 0.01568628]  [0.19607843 0.0627451  0.02352941]  [0.21960784 0.07058824 0.03529412]  ...  [0.23529412 0.07843138 0.02352941]  [0.23137255 0.07450981 0.01960784]  [0.22745098 0.07058824 0.01568628]] ... [[0.26666668 0.09803922 0.02745098]  [0.26666668 0.10196079 0.03529412]  [0.26666668 0.10980392 0.04705882]  ...  [0.32156864 0.14509805 0.07843138]  [0.32156864 0.14509805 0.07843138]  [0.32156864 0.14509805 0.07843138]] [[0.27450982 0.10588235 0.03137255]  [0.27450982 0.10980392 0.03921569]  [0.27450982 0.11372549 0.04705882]  ...  [0.31764707 0.14117648 0.07843138]  [0.31764707 0.14117648 0.07843138]  [0.31764707 0.14117648 0.07843138]] [[0.28235295 0.10980392 0.03529412]  [0.28235295 0.11372549 0.03921569]  [0.2784314  0.11764706 0.05098039]  ...  [0.31764707 0.14117648 0.07843138]  [0.31764707 0.14117648 0.07843138]  [0.31764707 0.14117648 0.07843138]]]",5.284650036075618,64320,/home/amos/media/tv/Carnivale S01-S02 web 10bit hevc-d3g/Carnivale S02/Carnivale.S02E10.1080p.WEBRip.10Bit.EAC3.H265-d3g.mkv1088,1080,1920,0,126,171,692,126,25470,0.012,"[[[0.20784314 0.06666667 0.03137255]  [0.20784314 0.06666667 0.03137255]  [0.20784314 0.06666667 0.03137255]  ...  [0.23137255 0.07058824 0.01960784]  [0.24313726 0.08235294 0.03529412]  [0.25490198 0.09411765 0.04705882]] [[0.20784314 0.06666667 0.03137255]  [0.20784314 0.06666667 0.03137255]  [0.20784314 0.06666667 0.03137255]  ...  [0.22745098 0.06666667 0.01960784]  [0.23921569 0.07843138 0.03137255]  [0.24705882 0.08627451 0.03921569]] [[0.20392157 0.0627451  0.02745098]  [0.20392157 0.0627451  0.02745098]  [0.20392157 0.0627451  0.02745098]  ...  [0.21960784 0.05882353 0.01568628]  [0.23137255 0.07058824 0.02352941]  [0.23529412 0.07450981 0.02745098]] ... [[0.37254903 0.19215687 0.1254902 ]  [0.36862746 0.1882353  0.12156863]  [0.3647059  0.18431373 0.11764706]  ...  [0.5019608  0.21176471 0.05490196]  [0.49019608 0.2        0.04705882]  [0.4862745  0.19607843 0.03921569]] [[0.36862746 0.19215687 0.11764706]  [0.3647059  0.1882353  0.11372549]  [0.36078432 0.18431373 0.10980392]  ...  [0.4862745  0.19607843 0.05098039]  [0.48235294 0.19215687 0.04705882]  [0.48235294 0.19215687 0.04313726]] [[0.36862746 0.19215687 0.11372549]  [0.3647059  0.1882353  0.10980392]  [0.36078432 0.18431373 0.10588235]  ...  [0.47843137 0.1882353  0.04705882]  [0.47843137 0.1882353  0.04705882]  [0.47843137 0.1882353  0.04705882]]]",2.7887660166597925,64344,/home/amos/media/tv/Carnivale S01-S02 web 10bit hevc-d3g/Carnivale S02/Carnivale.S02E10.1080p.WEBRip.10Bit.EAC3.H265-d3g.mkv1089,1080,1920,0,92,87,748,92,3280,0.002,"[[[0.4        0.17254902 0.0627451 ]  [0.4        0.17254902 0.0627451 ]  [0.39607844 0.16862746 0.05882353]  ...  [0.49803922 0.24705882 0.11372549]  [0.49803922 0.24705882 0.11372549]  [0.49803922 0.24705882 0.11372549]] [[0.4        0.17254902 0.0627451 ]  [0.39607844 0.17254902 0.05882353]  [0.39607844 0.16862746 0.05882353]  ...  [0.49803922 0.24705882 0.11372549]  [0.49803922 0.24705882 0.11372549]  [0.49803922 0.24705882 0.11372549]] [[0.39607844 0.17254902 0.05882353]  [0.39607844 0.17254902 0.05882353]  [0.39215687 0.16862746 0.05882353]  ...  [0.49803922 0.24705882 0.11372549]  [0.49803922 0.24705882 0.11372549]  [0.49803922 0.24705882 0.11372549]] ... [[0.25490198 0.08627451 0.02745098]  [0.25490198 0.08627451 0.02745098]  [0.25490198 0.08627451 0.02745098]  ...  [0.5686275  0.28235295 0.11764706]  [0.57254905 0.28627452 0.12156863]  [0.57254905 0.28627452 0.12156863]] [[0.25490198 0.08627451 0.02745098]  [0.25490198 0.08627451 0.02745098]  [0.25490198 0.08627451 0.02745098]  ...  [0.5686275  0.28235295 0.11764706]  [0.57254905 0.28627452 0.12156863]  [0.57254905 0.28627452 0.12156863]] [[0.25490198 0.08627451 0.02745098]  [0.25490198 0.08627451 0.02745098]  [0.25490198 0.08627451 0.02745098]  ...  [0.5686275  0.28235295 0.11764706]  [0.57254905 0.28627452 0.12156863]  [0.57254905 0.28627452 0.12156863]]]",2.4555150900851004,64488,/home/amos/media/tv/Carnivale S01-S02 web 10bit hevc-d3g/Carnivale S02/Carnivale.S02E10.1080p.WEBRip.10Bit.EAC3.H265-d3g.mkv1090,1080,1920,0,68,119,1447,68,70329,0.034,"[[[0.5372549  0.2509804  0.12156863]  [0.5372549  0.2509804  0.12156863]  [0.5372549  0.2509804  0.12156863]  ...  [0.2901961  0.09019608 0.01960784]  [0.2901961  0.09019608 0.01960784]  [0.2901961  0.09019608 0.01960784]] [[0.5372549  0.2509804  0.12156863]  [0.5372549  0.2509804  0.12156863]  [0.5372549  0.2509804  0.12156863]  ...  [0.2901961  0.09019608 0.01960784]  [0.2901961  0.09019608 0.01960784]  [0.2901961  0.09019608 0.01960784]] [[0.5372549  0.2509804  0.12156863]  [0.5372549  0.2509804  0.12156863]  [0.5372549  0.2509804  0.12156863]  ...  [0.2901961  0.09019608 0.01960784]  [0.2901961  0.09019608 0.01960784]  [0.2901961  0.09019608 0.01960784]] ... [[0.2509804  0.07058824 0.00392157]  [0.2509804  0.07058824 0.00392157]  [0.25490198 0.07058824 0.00392157]  ...  [0.54509807 0.24313726 0.1254902 ]  [0.54509807 0.24705882 0.12941177]  [0.54509807 0.24705882 0.12941177]] [[0.2509804  0.07058824 0.00392157]  [0.2509804  0.07058824 0.00392157]  [0.25490198 0.07058824 0.00392157]  ...  [0.5411765  0.23921569 0.1254902 ]  [0.5411765  0.24313726 0.1254902 ]  [0.5411765  0.24313726 0.1254902 ]] [[0.2509804  0.07058824 0.00392157]  [0.2509804  0.07058824 0.00392157]  [0.25490198 0.07058824 0.00392157]  ...  [0.5411765  0.23921569 0.1254902 ]  [0.5411765  0.24313726 0.1254902 ]  [0.5411765  0.24313726 0.1254902 ]]]",-0.20339988224441186,64536,/home/amos/media/tv/Carnivale S01-S02 web 10bit hevc-d3g/Carnivale S02/Carnivale.S02E10.1080p.WEBRip.10Bit.EAC3.H265-d3g.mkv1091,1080,1920,1,72,633,1148,72,603636,0.291,"[[[0.22352941 0.06666667 0.01568628]  [0.22352941 0.06666667 0.01568628]  [0.22352941 0.06666667 0.01568628]  ...  [0.21960784 0.05490196 0.        ]  [0.22352941 0.05490196 0.        ]  [0.22352941 0.05490196 0.        ]] [[0.22352941 0.06666667 0.01568628]  [0.22352941 0.06666667 0.01568628]  [0.22352941 0.06666667 0.01568628]  ...  [0.22352941 0.05098039 0.        ]  [0.22352941 0.05490196 0.        ]  [0.22352941 0.05490196 0.        ]] [[0.22352941 0.06666667 0.01568628]  [0.22352941 0.06666667 0.01568628]  [0.22352941 0.06666667 0.01568628]  ...  [0.22352941 0.05490196 0.        ]  [0.22352941 0.05490196 0.        ]  [0.22352941 0.05490196 0.        ]] ... [[0.43137255 0.1882353  0.08235294]  [0.43137255 0.1882353  0.08235294]  [0.43137255 0.18431373 0.07843138]  ...  [0.5372549  0.28627452 0.14901961]  [0.53333336 0.28235295 0.14509805]  [0.53333336 0.28235295 0.14509805]] [[0.43137255 0.1882353  0.08235294]  [0.43137255 0.1882353  0.08235294]  [0.43137255 0.1882353  0.08235294]  ...  [0.53333336 0.28627452 0.14509805]  [0.53333336 0.28235295 0.14509805]  [0.53333336 0.28235295 0.14509805]] [[0.43137255 0.1882353  0.08235294]  [0.43137255 0.1882353  0.08235294]  [0.43137255 0.1882353  0.08235294]  ...  [0.53333336 0.28235295 0.14901961]  [0.53333336 0.28235295 0.14509805]  [0.53333336 0.28235295 0.14509805]]]",4.571536015195306,64536,/home/amos/media/tv/Carnivale S01-S02 web 10bit hevc-d3g/Carnivale S02/Carnivale.S02E10.1080p.WEBRip.10Bit.EAC3.H265-d3g.mkv1092,1080,1920,0,66,576,912,66,431460,0.208,"[[[0.6784314  0.3529412  0.21960784]  [0.6784314  0.3529412  0.21960784]  [0.6784314  0.3529412  0.21960784]  ...  [0.26666668 0.08627451 0.03921569]  [0.26666668 0.08627451 0.03921569]  [0.26666668 0.08627451 0.03921569]] [[0.6784314  0.3529412  0.21960784]  [0.6784314  0.3529412  0.21960784]  [0.6784314  0.3529412  0.21960784]  ...  [0.26666668 0.08627451 0.03921569]  [0.26666668 0.08627451 0.03921569]  [0.26666668 0.08627451 0.03921569]] [[0.6784314  0.3529412  0.21960784]  [0.6784314  0.3529412  0.21960784]  [0.6784314  0.3529412  0.21960784]  ...  [0.26666668 0.08627451 0.03921569]  [0.26666668 0.08627451 0.03921569]  [0.26666668 0.08627451 0.03921569]] ... [[0.41568628 0.1764706  0.04705882]  [0.41568628 0.1764706  0.04705882]  [0.4117647  0.1764706  0.04705882]  ...  [0.34901962 0.15294118 0.09803922]  [0.34901962 0.15294118 0.09411765]  [0.34901962 0.15294118 0.09411765]] [[0.41568628 0.1764706  0.04705882]  [0.41568628 0.1764706  0.04705882]  [0.4117647  0.17254902 0.04313726]  ...  [0.34901962 0.15294118 0.09803922]  [0.34901962 0.15294118 0.09803922]  [0.34901962 0.15294118 0.09803922]] [[0.41568628 0.1764706  0.04705882]  [0.41568628 0.1764706  0.04705882]  [0.4117647  0.17254902 0.04313726]  ...  [0.34901962 0.15294118 0.09803922]  [0.34901962 0.15294118 0.09803922]  [0.34901962 0.15294118 0.09803922]]]",1.208782980858814,64872,/home/amos/media/tv/Carnivale S01-S02 web 10bit hevc-d3g/Carnivale S02/Carnivale.S02E10.1080p.WEBRip.10Bit.EAC3.H265-d3g.mkv1093,1080,1920,0,219,737,782,219,291634,0.141,"[[[0.01176471 0.01568628 0.00784314]  [0.01176471 0.01568628 0.00784314]  [0.00784314 0.01176471 0.00392157]  ...  [0.09019608 0.02745098 0.01176471]  [0.08627451 0.02352941 0.00784314]  [0.08235294 0.01960784 0.00392157]] [[0.01568628 0.01568628 0.00784314]  [0.01568628 0.01568628 0.00784314]  [0.01568628 0.01568628 0.00784314]  ...  [0.09019608 0.02745098 0.01176471]  [0.08627451 0.02352941 0.00784314]  [0.08627451 0.02352941 0.00784314]] [[0.01568628 0.01568628 0.00784314]  [0.01568628 0.01568628 0.00784314]  [0.01960784 0.01960784 0.01176471]  ...  [0.10196079 0.03921569 0.02352941]  [0.09803922 0.03921569 0.02352941]  [0.09411765 0.03137255 0.01568628]] ... [[0.19607843 0.15294118 0.10196079]  [0.2        0.15686275 0.10588235]  [0.2        0.15686275 0.10588235]  ...  [0.00784314 0.00784314 0.        ]  [0.00784314 0.00784314 0.        ]  [0.01176471 0.01176471 0.        ]] [[0.2        0.15686275 0.10588235]  [0.2        0.15686275 0.10588235]  [0.2        0.15686275 0.10588235]  ...  [0.01568628 0.01568628 0.        ]  [0.01568628 0.01568628 0.        ]  [0.01568628 0.01568628 0.        ]] [[0.2        0.15686275 0.10588235]  [0.2        0.15686275 0.10588235]  [0.20392157 0.16078432 0.10980392]  ...  [0.01568628 0.01568628 0.        ]  [0.01568628 0.01568628 0.        ]  [0.01960784 0.01960784 0.00392157]]]",2.3566240753862076,65688,/home/amos/media/tv/Carnivale S01-S02 web 10bit hevc-d3g/Carnivale S02/Carnivale.S02E10.1080p.WEBRip.10Bit.EAC3.H265-d3g.mkv1094,1080,1920,0,62,939,707,62,565665,0.273,"[[[0.11372549 0.07058824 0.00784314]  [0.11372549 0.07058824 0.00784314]  [0.11372549 0.07058824 0.00784314]  ...  [0.03529412 0.01176471 0.        ]  [0.03529412 0.01176471 0.        ]  [0.03529412 0.01176471 0.        ]] [[0.11372549 0.07058824 0.00784314]  [0.11372549 0.07058824 0.00784314]  [0.11372549 0.07058824 0.00784314]  ...  [0.03529412 0.01176471 0.        ]  [0.03529412 0.01176471 0.        ]  [0.03529412 0.01176471 0.        ]] [[0.11372549 0.07058824 0.00784314]  [0.11372549 0.07058824 0.00784314]  [0.11372549 0.07058824 0.00784314]  ...  [0.03529412 0.01176471 0.        ]  [0.03529412 0.01176471 0.        ]  [0.03529412 0.01176471 0.        ]] ... [[0.09803922 0.03921569 0.        ]  [0.09803922 0.03921569 0.        ]  [0.10196079 0.03921569 0.00392157]  ...  [0.         0.         0.        ]  [0.         0.         0.        ]  [0.         0.         0.        ]] [[0.09411765 0.03529412 0.        ]  [0.09411765 0.03529412 0.        ]  [0.09411765 0.03921569 0.        ]  ...  [0.         0.         0.        ]  [0.         0.         0.        ]  [0.         0.         0.        ]] [[0.09411765 0.03529412 0.        ]  [0.09411765 0.03529412 0.        ]  [0.09411765 0.03529412 0.        ]  ...  [0.         0.         0.        ]  [0.         0.         0.        ]  [0.         0.         0.        ]]]",2.6781640111585148,66744,/home/amos/media/tv/Carnivale S01-S02 web 10bit hevc-d3g/Carnivale S02/Carnivale.S02E10.1080p.WEBRip.10Bit.EAC3.H265-d3g.mkv1095,1080,1920,0,44,825,1394,44,1054350,0.508,"[[[0.04313726 0.01960784 0.00392157]  [0.04313726 0.01960784 0.00392157]  [0.04313726 0.01960784 0.00392157]  ...  [0.09803922 0.07450981 0.02352941]  [0.09803922 0.07450981 0.02352941]  [0.09803922 0.07450981 0.02352941]] [[0.04313726 0.01960784 0.00392157]  [0.04313726 0.01960784 0.00392157]  [0.04313726 0.01960784 0.00392157]  ...  [0.09803922 0.07450981 0.02352941]  [0.09803922 0.07450981 0.02352941]  [0.09803922 0.07450981 0.02352941]] [[0.04313726 0.01960784 0.00392157]  [0.04313726 0.01960784 0.00392157]  [0.04313726 0.01960784 0.00392157]  ...  [0.09803922 0.07450981 0.02352941]  [0.09803922 0.07450981 0.02352941]  [0.09803922 0.07450981 0.02352941]] ... [[0.         0.         0.        ]  [0.         0.         0.        ]  [0.         0.         0.        ]  ...  [0.05882353 0.03137255 0.        ]  [0.05882353 0.03137255 0.        ]  [0.05882353 0.03137255 0.        ]] [[0.         0.         0.        ]  [0.         0.         0.        ]  [0.         0.         0.        ]  ...  [0.05882353 0.03137255 0.        ]  [0.05882353 0.03137255 0.        ]  [0.05882353 0.03137255 0.        ]] [[0.         0.         0.        ]  [0.         0.         0.        ]  [0.         0.         0.        ]  ...  [0.05882353 0.03137255 0.        ]  [0.05882353 0.03137255 0.        ]  [0.05882353 0.03137255 0.        ]]]",-0.22743293998064473,66792,/home/amos/media/tv/Carnivale S01-S02 web 10bit hevc-d3g/Carnivale S02/Carnivale.S02E10.1080p.WEBRip.10Bit.EAC3.H265-d3g.mkv1096,1080,1920,0,61,836,1395,61,1033850,0.499,"[[[0.02352941 0.00784314 0.        ]  [0.02352941 0.00784314 0.        ]  [0.02352941 0.00784314 0.        ]  ...  [0.08235294 0.04705882 0.        ]  [0.08235294 0.04705882 0.        ]  [0.08235294 0.04705882 0.        ]] [[0.02352941 0.00784314 0.        ]  [0.02352941 0.00784314 0.        ]  [0.02352941 0.00392157 0.        ]  ...  [0.08235294 0.04705882 0.        ]  [0.08235294 0.04705882 0.        ]  [0.08235294 0.04705882 0.        ]] [[0.02352941 0.00784314 0.        ]  [0.02352941 0.00784314 0.        ]  [0.02352941 0.00784314 0.        ]  ...  [0.08235294 0.04705882 0.        ]  [0.08235294 0.04705882 0.        ]  [0.08235294 0.04705882 0.        ]] ... [[0.         0.         0.        ]  [0.         0.         0.        ]  [0.         0.         0.        ]  ...  [0.01568628 0.         0.        ]  [0.01568628 0.         0.        ]  [0.01568628 0.         0.        ]] [[0.         0.         0.        ]  [0.         0.         0.        ]  [0.         0.         0.        ]  ...  [0.01568628 0.         0.        ]  [0.01568628 0.         0.        ]  [0.01568628 0.         0.        ]] [[0.         0.         0.        ]  [0.         0.         0.        ]  [0.         0.         0.        ]  ...  [0.01568628 0.         0.        ]  [0.01568628 0.         0.        ]  [0.01568628 0.         0.        ]]]",2.057526046584826,66864,/home/amos/media/tv/Carnivale S01-S02 web 10bit hevc-d3g/Carnivale S02/Carnivale.S02E10.1080p.WEBRip.10Bit.EAC3.H265-d3g.mkv1097,1080,1920,0,56,339,1082,56,290358,0.14,"[[[0.07058824 0.01960784 0.        ]  [0.07058824 0.01960784 0.        ]  [0.07058824 0.01960784 0.        ]  ...  [0.22745098 0.09803922 0.04313726]  [0.22745098 0.09803922 0.04313726]  [0.22745098 0.09803922 0.04313726]] [[0.07058824 0.01960784 0.        ]  [0.07058824 0.01960784 0.        ]  [0.07058824 0.01960784 0.        ]  ...  [0.22745098 0.09803922 0.04313726]  [0.22745098 0.09803922 0.04313726]  [0.22745098 0.09803922 0.04313726]] [[0.07058824 0.01960784 0.        ]  [0.07058824 0.01960784 0.        ]  [0.07058824 0.01960784 0.        ]  ...  [0.22745098 0.09803922 0.04313726]  [0.22745098 0.09803922 0.04313726]  [0.22745098 0.09803922 0.04313726]] ... [[0.05882353 0.02352941 0.        ]  [0.05882353 0.02352941 0.        ]  [0.05882353 0.02352941 0.        ]  ...  [0.09019608 0.         0.        ]  [0.09019608 0.         0.        ]  [0.09019608 0.         0.        ]] [[0.05882353 0.02352941 0.        ]  [0.05882353 0.02352941 0.        ]  [0.05882353 0.02352941 0.        ]  ...  [0.09019608 0.         0.        ]  [0.09019608 0.         0.        ]  [0.09019608 0.         0.        ]] [[0.05882353 0.02352941 0.        ]  [0.05882353 0.02352941 0.        ]  [0.05882353 0.02352941 0.        ]  ...  [0.09019608 0.         0.        ]  [0.09019608 0.         0.        ]  [0.09019608 0.         0.        ]]]",3.1073680058470927,66936,/home/amos/media/tv/Carnivale S01-S02 web 10bit hevc-d3g/Carnivale S02/Carnivale.S02E10.1080p.WEBRip.10Bit.EAC3.H265-d3g.mkv1098,1080,1920,0,50,657,1525,50,895325,0.432,"[[[0.         0.         0.        ]  [0.         0.         0.        ]  [0.         0.         0.        ]  ...  [0.16078432 0.08627451 0.04705882]  [0.16470589 0.08627451 0.04705882]  [0.16470589 0.08627451 0.04705882]] [[0.         0.         0.        ]  [0.         0.         0.        ]  [0.         0.         0.        ]  ...  [0.16078432 0.08627451 0.04705882]  [0.16470589 0.08627451 0.04705882]  [0.16470589 0.08627451 0.04705882]] [[0.         0.         0.        ]  [0.         0.         0.        ]  [0.         0.         0.        ]  ...  [0.16078432 0.08235294 0.04313726]  [0.16078432 0.08235294 0.04313726]  [0.16078432 0.08235294 0.04313726]] ... [[0.         0.         0.        ]  [0.         0.         0.        ]  [0.         0.         0.        ]  ...  [0.13333334 0.06666667 0.01568628]  [0.13333334 0.06666667 0.01568628]  [0.13333334 0.06666667 0.01568628]] [[0.         0.         0.        ]  [0.         0.         0.        ]  [0.         0.         0.        ]  ...  [0.13333334 0.06666667 0.01568628]  [0.13333334 0.06666667 0.01568628]  [0.13333334 0.06666667 0.01568628]] [[0.         0.         0.        ]  [0.         0.         0.        ]  [0.         0.         0.        ]  ...  [0.13333334 0.06666667 0.01568628]  [0.13333334 0.06666667 0.01568628]  [0.13333334 0.06666667 0.01568628]]]",4.354306150635239,67824,/home/amos/media/tv/Carnivale S01-S02 web 10bit hevc-d3g/Carnivale S02/Carnivale.S02E10.1080p.WEBRip.10Bit.EAC3.H265-d3g.mkv1099,1080,1920,0,276,205,1042,276,54386,0.026,"[[[0.         0.         0.        ]  [0.         0.         0.        ]  [0.         0.         0.        ]  ...  [0.02745098 0.01960784 0.00784314]  [0.         0.         0.        ]  [0.         0.         0.        ]] [[0.         0.         0.        ]  [0.         0.         0.        ]  [0.         0.         0.        ]  ...  [0.03529412 0.02745098 0.01568628]  [0.         0.         0.        ]  [0.         0.         0.        ]] [[0.00392157 0.         0.        ]  [0.00392157 0.         0.        ]  [0.00392157 0.         0.        ]  ...  [0.03921569 0.03137255 0.01568628]  [0.         0.         0.        ]  [0.         0.         0.        ]] ... [[0.         0.         0.        ]  [0.         0.         0.        ]  [0.12941177 0.10980392 0.08627451]  ...  [0.07058824 0.05098039 0.02745098]  [0.07450981 0.05490196 0.03137255]  [0.07843138 0.0627451  0.03529412]] [[0.         0.         0.        ]  [0.         0.         0.        ]  [0.12941177 0.10588235 0.08235294]  ...  [0.         0.         0.        ]  [0.         0.         0.        ]  [0.         0.         0.        ]] [[0.         0.         0.        ]  [0.         0.         0.        ]  [0.12156863 0.10196079 0.07843138]  ...  [0.         0.         0.        ]  [0.         0.         0.        ]  [0.         0.         0.        ]]]",3.205420025566127,67872,/home/amos/media/tv/Carnivale S01-S02 web 10bit hevc-d3g/Carnivale S02/Carnivale.S02E10.1080p.WEBRip.10Bit.EAC3.H265-d3g.mkv1100,1080,1920,0,64,423,893,64,297611,0.144,"[[[0.14901961 0.11764706 0.07058824]  [0.14901961 0.11764706 0.07058824]  [0.15294118 0.11764706 0.07058824]  ...  [0.00392157 0.         0.        ]  [0.00392157 0.         0.        ]  [0.00392157 0.         0.        ]] [[0.14901961 0.11764706 0.07058824]  [0.14901961 0.11764706 0.07058824]  [0.15294118 0.11764706 0.07058824]  ...  [0.00392157 0.         0.        ]  [0.00392157 0.         0.        ]  [0.00392157 0.         0.        ]] [[0.14117648 0.10980392 0.0627451 ]  [0.14117648 0.10980392 0.0627451 ]  [0.14509805 0.11372549 0.0627451 ]  ...  [0.00392157 0.         0.        ]  [0.00392157 0.         0.        ]  [0.00392157 0.         0.        ]] ... [[0.01176471 0.         0.        ]  [0.01176471 0.         0.        ]  [0.01176471 0.         0.        ]  ...  [0.01960784 0.         0.        ]  [0.01568628 0.         0.        ]  [0.01568628 0.         0.        ]] [[0.01176471 0.         0.        ]  [0.01176471 0.         0.        ]  [0.01176471 0.         0.        ]  ...  [0.01568628 0.         0.        ]  [0.01568628 0.         0.        ]  [0.01568628 0.         0.        ]] [[0.01176471 0.         0.        ]  [0.01176471 0.         0.        ]  [0.01176471 0.         0.        ]  ...  [0.01568628 0.         0.        ]  [0.01568628 0.         0.        ]  [0.01568628 0.         0.        ]]]",1.7363071715808474,67968,/home/amos/media/tv/Carnivale S01-S02 web 10bit hevc-d3g/Carnivale S02/Carnivale.S02E10.1080p.WEBRip.10Bit.EAC3.H265-d3g.mkv1101,1080,1920,0,65,373,945,65,271040,0.131,"[[[0.16078432 0.10588235 0.07450981]  [0.16078432 0.10588235 0.07450981]  [0.16078432 0.10588235 0.07450981]  ...  [0.         0.         0.        ]  [0.         0.         0.        ]  [0.         0.         0.        ]] [[0.16078432 0.10588235 0.07450981]  [0.16078432 0.10588235 0.07450981]  [0.16078432 0.10588235 0.07450981]  ...  [0.         0.         0.        ]  [0.         0.         0.        ]  [0.         0.         0.        ]] [[0.15294118 0.09803922 0.06666667]  [0.15294118 0.09803922 0.06666667]  [0.15686275 0.10196079 0.06666667]  ...  [0.         0.         0.        ]  [0.         0.         0.        ]  [0.         0.         0.        ]] ... [[0.03921569 0.         0.        ]  [0.03921569 0.         0.        ]  [0.03921569 0.         0.        ]  ...  [0.00784314 0.00392157 0.        ]  [0.00784314 0.00392157 0.        ]  [0.00784314 0.00392157 0.        ]] [[0.03921569 0.         0.        ]  [0.03921569 0.         0.        ]  [0.03921569 0.         0.        ]  ...  [0.00392157 0.         0.        ]  [0.00392157 0.         0.        ]  [0.00392157 0.         0.        ]] [[0.03921569 0.         0.        ]  [0.03921569 0.         0.        ]  [0.03921569 0.         0.        ]  ...  [0.00392157 0.         0.        ]  [0.00392157 0.         0.        ]  [0.00392157 0.         0.        ]]]",2.3609841504949145,67992,/home/amos/media/tv/Carnivale S01-S02 web 10bit hevc-d3g/Carnivale S02/Carnivale.S02E10.1080p.WEBRip.10Bit.EAC3.H265-d3g.mkv1102,1080,1920,0,59,642,709,59,378950,0.183,"[[[0.03921569 0.         0.        ]  [0.03921569 0.         0.        ]  [0.03921569 0.         0.        ]  ...  [0.00392157 0.         0.        ]  [0.00392157 0.         0.        ]  [0.00392157 0.         0.        ]] [[0.03921569 0.         0.        ]  [0.03921569 0.         0.        ]  [0.03921569 0.         0.        ]  ...  [0.00392157 0.         0.        ]  [0.00392157 0.         0.        ]  [0.00392157 0.         0.        ]] [[0.03921569 0.         0.        ]  [0.03921569 0.         0.        ]  [0.03921569 0.         0.        ]  ...  [0.00392157 0.         0.        ]  [0.00392157 0.         0.        ]  [0.00392157 0.         0.        ]] ... [[0.18039216 0.14901961 0.13725491]  [0.18039216 0.14901961 0.13725491]  [0.16470589 0.12941177 0.12156863]  ...  [0.01176471 0.00392157 0.        ]  [0.01176471 0.00392157 0.        ]  [0.01176471 0.00392157 0.        ]] [[0.1882353  0.15686275 0.14901961]  [0.1882353  0.15686275 0.14901961]  [0.16862746 0.13725491 0.12941177]  ...  [0.01176471 0.00392157 0.        ]  [0.01176471 0.00392157 0.        ]  [0.01176471 0.00392157 0.        ]] [[0.1882353  0.15686275 0.14901961]  [0.1882353  0.15686275 0.14901961]  [0.16862746 0.13725491 0.12941177]  ...  [0.01176471 0.00392157 0.        ]  [0.01176471 0.00392157 0.        ]  [0.01176471 0.00392157 0.        ]]]",2.7549869861104526,68040,/home/amos/media/tv/Carnivale S01-S02 web 10bit hevc-d3g/Carnivale S02/Carnivale.S02E10.1080p.WEBRip.10Bit.EAC3.H265-d3g.mkv1103,1080,1920,0,55,655,717,55,397200,0.192,"[[[0.05490196 0.00392157 0.        ]  [0.05490196 0.00392157 0.        ]  [0.05490196 0.00392157 0.        ]  ...  [0.02352941 0.         0.        ]  [0.02352941 0.         0.        ]  [0.         0.         0.        ]] [[0.05490196 0.00392157 0.        ]  [0.05490196 0.00392157 0.        ]  [0.05490196 0.00392157 0.        ]  ...  [0.02352941 0.         0.        ]  [0.02352941 0.         0.        ]  [0.         0.         0.        ]] [[0.05490196 0.00392157 0.        ]  [0.05490196 0.00392157 0.        ]  [0.05490196 0.00392157 0.        ]  ...  [0.02352941 0.         0.        ]  [0.02352941 0.         0.        ]  [0.         0.         0.        ]] ... [[0.01960784 0.         0.        ]  [0.01960784 0.         0.        ]  [0.01960784 0.         0.        ]  ...  [0.02352941 0.         0.        ]  [0.02352941 0.         0.        ]  [0.         0.         0.        ]] [[0.01960784 0.         0.        ]  [0.01960784 0.         0.        ]  [0.01960784 0.         0.        ]  ...  [0.02352941 0.         0.        ]  [0.02352941 0.         0.        ]  [0.         0.         0.        ]] [[0.         0.         0.        ]  [0.         0.         0.        ]  [0.         0.         0.        ]  ...  [0.         0.         0.        ]  [0.         0.         0.        ]  [0.         0.         0.        ]]]",3.7968222236959264,68064,/home/amos/media/tv/Carnivale S01-S02 web 10bit hevc-d3g/Carnivale S02/Carnivale.S02E10.1080p.WEBRip.10Bit.EAC3.H265-d3g.mkv1104,1080,1920,0,54,444,1298,54,485160,0.234,"[[[0.15294118 0.10588235 0.08235294]  [0.15294118 0.10588235 0.08235294]  [0.15686275 0.10980392 0.08627451]  ...  [0.10196079 0.04313726 0.02352941]  [0.10196079 0.04313726 0.02352941]  [0.10196079 0.04313726 0.02352941]] [[0.15294118 0.10588235 0.08235294]  [0.15294118 0.10588235 0.08235294]  [0.15686275 0.10980392 0.08627451]  ...  [0.10196079 0.04313726 0.02352941]  [0.10196079 0.04313726 0.02352941]  [0.10196079 0.04313726 0.02352941]] [[0.15294118 0.10196079 0.08235294]  [0.15294118 0.10196079 0.08235294]  [0.15686275 0.10980392 0.08627451]  ...  [0.10196079 0.04313726 0.02352941]  [0.10196079 0.04313726 0.02352941]  [0.10196079 0.04313726 0.02352941]] ... [[0.02745098 0.00784314 0.        ]  [0.02745098 0.00784314 0.        ]  [0.02745098 0.00784314 0.        ]  ...  [0.24705882 0.1764706  0.14117648]  [0.24705882 0.1764706  0.14117648]  [0.24705882 0.1764706  0.14117648]] [[0.02745098 0.00784314 0.        ]  [0.02745098 0.00784314 0.        ]  [0.02745098 0.00784314 0.        ]  ...  [0.24705882 0.1764706  0.14117648]  [0.24705882 0.1764706  0.14117648]  [0.24705882 0.1764706  0.14117648]] [[0.02745098 0.00784314 0.        ]  [0.02745098 0.00784314 0.        ]  [0.02745098 0.00784314 0.        ]  ...  [0.24705882 0.1764706  0.14117648]  [0.24705882 0.1764706  0.14117648]  [0.24705882 0.1764706  0.14117648]]]",1.6964911454124376,68424,/home/amos/media/tv/Carnivale S01-S02 web 10bit hevc-d3g/Carnivale S02/Carnivale.S02E10.1080p.WEBRip.10Bit.EAC3.H265-d3g.mkv1105,1080,1920,0,219,533,41,219,55892,0.027,"[[[0.03921569 0.04313726 0.03529412]  [0.04705882 0.05098039 0.04313726]  [0.05490196 0.05882353 0.05098039]  ...  [0.23137255 0.23137255 0.2       ]  [0.23137255 0.23137255 0.20392157]  [0.23137255 0.23137255 0.20392157]] [[0.03137255 0.03529412 0.02745098]  [0.03921569 0.04313726 0.03529412]  [0.04313726 0.04705882 0.03921569]  ...  [0.23137255 0.23137255 0.2       ]  [0.23137255 0.23137255 0.20392157]  [0.23137255 0.23137255 0.20392157]] [[0.03137255 0.03529412 0.02745098]  [0.03137255 0.03529412 0.02745098]  [0.03137255 0.03529412 0.02745098]  ...  [0.23137255 0.23137255 0.2       ]  [0.23137255 0.23137255 0.20392157]  [0.23137255 0.23137255 0.20392157]] ... [[0.00392157 0.00392157 0.        ]  [0.00392157 0.00392157 0.        ]  [0.00392157 0.00392157 0.        ]  ...  [0.2784314  0.2784314  0.27058825]  [0.2784314  0.2784314  0.27058825]  [0.2784314  0.28235295 0.27058825]] [[0.00392157 0.00392157 0.        ]  [0.00392157 0.00392157 0.        ]  [0.00392157 0.00392157 0.        ]  ...  [0.25882354 0.2627451  0.2509804 ]  [0.25882354 0.2627451  0.2509804 ]  [0.2627451  0.26666668 0.25490198]] [[0.00392157 0.00392157 0.        ]  [0.00392157 0.00392157 0.        ]  [0.00392157 0.00392157 0.        ]  ...  [0.23921569 0.24313726 0.23137255]  [0.23921569 0.24313726 0.23137255]  [0.24313726 0.24705882 0.23529412]]]",2.0935280639096163,68760,/home/amos/media/tv/Carnivale S01-S02 web 10bit hevc-d3g/Carnivale S02/Carnivale.S02E10.1080p.WEBRip.10Bit.EAC3.H265-d3g.mkv1106,1080,1920,0,66,411,721,66,225975,0.109,"[[[0.56078434 0.         0.        ]  [0.56078434 0.         0.        ]  [0.5568628  0.         0.        ]  ...  [0.6627451  0.10980392 0.1254902 ]  [0.6666667  0.10980392 0.1254902 ]  [0.6666667  0.10980392 0.1254902 ]] [[0.56078434 0.         0.        ]  [0.56078434 0.         0.        ]  [0.5568628  0.         0.        ]  ...  [0.6627451  0.10980392 0.1254902 ]  [0.6666667  0.10980392 0.1254902 ]  [0.6666667  0.10980392 0.1254902 ]] [[0.5686275  0.00392157 0.00392157]  [0.5686275  0.00392157 0.00392157]  [0.5647059  0.00392157 0.00392157]  ...  [0.6627451  0.10980392 0.1254902 ]  [0.6666667  0.10980392 0.1254902 ]  [0.6666667  0.10980392 0.1254902 ]] ... [[0.36862746 0.         0.        ]  [0.36862746 0.         0.        ]  [0.37254903 0.         0.        ]  ...  [0.6039216  0.07843138 0.05098039]  [0.6        0.07843138 0.04705882]  [0.6        0.07843138 0.04705882]] [[0.3647059  0.         0.        ]  [0.3647059  0.         0.        ]  [0.36862746 0.         0.        ]  ...  [0.60784316 0.08235294 0.05490196]  [0.6039216  0.07843138 0.05098039]  [0.6039216  0.07843138 0.05098039]] [[0.3647059  0.         0.        ]  [0.3647059  0.         0.        ]  [0.36862746 0.         0.        ]  ...  [0.60784316 0.08235294 0.05490196]  [0.6039216  0.07843138 0.05098039]  [0.6039216  0.07843138 0.05098039]]]",4.301911058020778,69072,/home/amos/media/tv/Carnivale S01-S02 web 10bit hevc-d3g/Carnivale S02/Carnivale.S02E10.1080p.WEBRip.10Bit.EAC3.H265-d3g.mkv1107,1080,1920,0,234,189,852,234,27810,0.013,"[[[0.04705882 0.0627451  0.04313726]  [0.04705882 0.0627451  0.04313726]  [0.04313726 0.05882353 0.03921569]  ...  [0.04313726 0.05490196 0.04313726]  [0.04313726 0.05490196 0.04313726]  [0.04313726 0.05490196 0.04313726]] [[0.04313726 0.05882353 0.03921569]  [0.04313726 0.05882353 0.03921569]  [0.04313726 0.05882353 0.03921569]  ...  [0.04313726 0.05098039 0.04313726]  [0.04313726 0.05098039 0.04313726]  [0.04313726 0.05098039 0.04313726]] [[0.04313726 0.05882353 0.03921569]  [0.04313726 0.05882353 0.03921569]  [0.04705882 0.0627451  0.04313726]  ...  [0.04313726 0.05098039 0.04313726]  [0.04313726 0.05098039 0.04313726]  [0.04313726 0.05098039 0.04313726]] ... [[0.05098039 0.05490196 0.05882353]  [0.05098039 0.05490196 0.05882353]  [0.05098039 0.05098039 0.05490196]  ...  [0.0627451  0.07450981 0.08235294]  [0.0627451  0.07450981 0.08235294]  [0.0627451  0.07450981 0.08235294]] [[0.05098039 0.05490196 0.05882353]  [0.05098039 0.05490196 0.05882353]  [0.05098039 0.05490196 0.05882353]  ...  [0.0627451  0.07450981 0.08235294]  [0.0627451  0.07450981 0.08235294]  [0.0627451  0.07450981 0.08235294]] [[0.04705882 0.05098039 0.05490196]  [0.04705882 0.05098039 0.05490196]  [0.05490196 0.05882353 0.0627451 ]  ...  [0.0627451  0.07450981 0.08235294]  [0.0627451  0.07450981 0.08235294]  [0.0627451  0.07450981 0.08235294]]]",4.00825897307368,70152,/home/amos/media/tv/Carnivale S01-S02 web 10bit hevc-d3g/Carnivale S02/Carnivale.S02E10.1080p.WEBRip.10Bit.EAC3.H265-d3g.mkv1108,1080,1920,0,227,151,833,227,46056,0.022,"[[[0.15686275 0.21568628 0.28235295]  [0.16470589 0.21568628 0.2901961 ]  [0.16862746 0.21960784 0.29411766]  ...  [0.07843138 0.09803922 0.1254902 ]  [0.07843138 0.09803922 0.12941177]  [0.08235294 0.10196079 0.13333334]] [[0.16078432 0.20784314 0.27058825]  [0.1764706  0.21176471 0.27450982]  [0.1764706  0.21176471 0.27450982]  ...  [0.07843138 0.09803922 0.1254902 ]  [0.07843138 0.09803922 0.12941177]  [0.08235294 0.10196079 0.13333334]] [[0.15686275 0.19607843 0.25882354]  [0.17254902 0.20392157 0.25882354]  [0.17254902 0.20392157 0.25882354]  ...  [0.07843138 0.09803922 0.1254902 ]  [0.07843138 0.09803922 0.12941177]  [0.08235294 0.10196079 0.13333334]] ... [[0.10196079 0.12156863 0.16862746]  [0.10196079 0.12156863 0.16470589]  [0.10196079 0.12156863 0.16470589]  ...  [0.09019608 0.10980392 0.15686275]  [0.08235294 0.11372549 0.16470589]  [0.08627451 0.11764706 0.16862746]] [[0.10196079 0.12156863 0.16862746]  [0.10196079 0.12156863 0.16470589]  [0.10196079 0.12156863 0.16470589]  ...  [0.09019608 0.10980392 0.15686275]  [0.08235294 0.11372549 0.16470589]  [0.08627451 0.11764706 0.16862746]] [[0.10588235 0.1254902  0.17254902]  [0.10196079 0.12156863 0.16470589]  [0.10196079 0.12156863 0.16470589]  ...  [0.09019608 0.10980392 0.15686275]  [0.08235294 0.11372549 0.16470589]  [0.08627451 0.11764706 0.16862746]]]",7.9843479169066995,70224,/home/amos/media/tv/Carnivale S01-S02 web 10bit hevc-d3g/Carnivale S02/Carnivale.S02E10.1080p.WEBRip.10Bit.EAC3.H265-d3g.mkv1109,1080,1920,0,289,194,789,289,47500,0.023,"[[[0.         0.         0.        ]  [0.         0.         0.        ]  [0.         0.         0.        ]  ...  [0.00392157 0.         0.        ]  [0.00392157 0.         0.        ]  [0.00392157 0.         0.        ]] [[0.         0.         0.        ]  [0.         0.         0.        ]  [0.         0.         0.        ]  ...  [0.00392157 0.         0.        ]  [0.00392157 0.         0.        ]  [0.00392157 0.         0.        ]] [[0.         0.         0.        ]  [0.         0.         0.        ]  [0.         0.         0.        ]  ...  [0.00392157 0.         0.        ]  [0.00392157 0.         0.        ]  [0.00392157 0.         0.        ]] ... [[0.08627451 0.03529412 0.02352941]  [0.07843138 0.03137255 0.01960784]  [0.07058824 0.02745098 0.01960784]  ...  [0.00784314 0.00392157 0.        ]  [0.00784314 0.00392157 0.        ]  [0.00784314 0.00392157 0.        ]] [[0.06666667 0.02352941 0.00784314]  [0.06666667 0.02352941 0.01176471]  [0.0627451  0.01960784 0.01176471]  ...  [0.00784314 0.00392157 0.        ]  [0.00784314 0.00392157 0.        ]  [0.00784314 0.00392157 0.        ]] [[0.05490196 0.01960784 0.00784314]  [0.05098039 0.01176471 0.00784314]  [0.04705882 0.01176471 0.00784314]  ...  [0.00784314 0.00392157 0.        ]  [0.00784314 0.00392157 0.        ]  [0.00784314 0.00392157 0.        ]]]",4.077795996970963,70872,/home/amos/media/tv/Carnivale S01-S02 web 10bit hevc-d3g/Carnivale S02/Carnivale.S02E10.1080p.WEBRip.10Bit.EAC3.H265-d3g.mkv1110,1080,1920,0,434,153,342,434,25852,0.012,"[[[0.         0.         0.        ]  [0.         0.         0.        ]  [0.         0.         0.        ]  ...  [0.         0.         0.        ]  [0.         0.         0.        ]  [0.         0.         0.        ]] [[0.         0.         0.        ]  [0.         0.         0.        ]  [0.         0.         0.        ]  ...  [0.         0.         0.        ]  [0.         0.         0.        ]  [0.         0.         0.        ]] [[0.         0.         0.        ]  [0.         0.         0.        ]  [0.         0.         0.        ]  ...  [0.         0.         0.        ]  [0.         0.         0.        ]  [0.         0.         0.        ]] ... [[0.03137255 0.02352941 0.01176471]  [0.03921569 0.03137255 0.01960784]  [0.04313726 0.03529412 0.02352941]  ...  [0.07843138 0.03921569 0.01960784]  [0.09411765 0.05490196 0.03529412]  [0.10980392 0.07058824 0.05098039]] [[0.03137255 0.02352941 0.01176471]  [0.03529412 0.02745098 0.01568628]  [0.04313726 0.03529412 0.02352941]  ...  [0.07450981 0.03921569 0.01960784]  [0.08627451 0.04705882 0.02745098]  [0.09803922 0.0627451  0.04313726]] [[0.03137255 0.02352941 0.01176471]  [0.03529412 0.02745098 0.01568628]  [0.03921569 0.03137255 0.01960784]  ...  [0.08627451 0.05098039 0.03137255]  [0.08627451 0.05098039 0.03137255]  [0.09411765 0.0627451  0.03921569]]]",6.716981970414054,70944,/home/amos/media/tv/Carnivale S01-S02 web 10bit hevc-d3g/Carnivale S02/Carnivale.S02E10.1080p.WEBRip.10Bit.EAC3.H265-d3g.mkv1111,1080,1920,0,55,382,1091,55,338772,0.163,"[[[0.13333334 0.07843138 0.02352941]  [0.13333334 0.07843138 0.02352941]  [0.13725491 0.08235294 0.02745098]  ...  [0.3647059  0.30588236 0.25882354]  [0.3647059  0.30588236 0.25882354]  [0.         0.         0.        ]] [[0.13333334 0.07843138 0.02352941]  [0.13333334 0.07843138 0.02352941]  [0.13725491 0.08235294 0.02745098]  ...  [0.3647059  0.30588236 0.25882354]  [0.3647059  0.30588236 0.25882354]  [0.         0.         0.        ]] [[0.13725491 0.07843138 0.02745098]  [0.13725491 0.07843138 0.02745098]  [0.13725491 0.08235294 0.02745098]  ...  [0.36078432 0.30588236 0.25490198]  [0.36078432 0.30588236 0.25490198]  [0.         0.         0.        ]] ... [[0.3764706  0.32156864 0.25882354]  [0.3764706  0.32156864 0.25882354]  [0.3764706  0.32156864 0.25882354]  ...  [0.64705884 0.4745098  0.42352942]  [0.64705884 0.4745098  0.42352942]  [0.         0.         0.        ]] [[0.3764706  0.32156864 0.25882354]  [0.3764706  0.32156864 0.25882354]  [0.3764706  0.32156864 0.25882354]  ...  [0.64705884 0.4745098  0.42352942]  [0.64705884 0.4745098  0.42352942]  [0.         0.         0.        ]] [[0.         0.         0.        ]  [0.         0.         0.        ]  [0.         0.         0.        ]  ...  [0.         0.         0.        ]  [0.         0.         0.        ]  [0.         0.         0.        ]]]",6.980281081923749,71040,/home/amos/media/tv/Carnivale S01-S02 web 10bit hevc-d3g/Carnivale S02/Carnivale.S02E10.1080p.WEBRip.10Bit.EAC3.H265-d3g.mkv1112,1080,1920,0,59,381,1236,59,378994,0.183,"[[[0.32156864 0.26666668 0.21176471]  [0.32156864 0.26666668 0.21176471]  [0.3254902  0.27058825 0.21568628]  ...  [0.19607843 0.14509805 0.07843138]  [0.20392157 0.15294118 0.08627451]  [0.20392157 0.15294118 0.08627451]] [[0.32156864 0.26666668 0.21176471]  [0.32156864 0.26666668 0.21176471]  [0.3254902  0.27058825 0.21568628]  ...  [0.19607843 0.14509805 0.07843138]  [0.20392157 0.15294118 0.08627451]  [0.20392157 0.15294118 0.08627451]] [[0.32156864 0.26666668 0.21176471]  [0.32156864 0.26666668 0.21176471]  [0.3254902  0.27058825 0.21960784]  ...  [0.19215687 0.14117648 0.07843138]  [0.2        0.14901961 0.08235294]  [0.2        0.14901961 0.08235294]] ... [[0.13333334 0.08627451 0.06666667]  [0.13333334 0.08627451 0.06666667]  [0.12941177 0.08235294 0.06666667]  ...  [0.36862746 0.30588236 0.24705882]  [0.3764706  0.3137255  0.25490198]  [0.3764706  0.3137255  0.25490198]] [[0.13333334 0.08627451 0.06666667]  [0.13333334 0.08627451 0.06666667]  [0.13333334 0.08627451 0.06666667]  ...  [0.37254903 0.30980393 0.2509804 ]  [0.38039216 0.31764707 0.25882354]  [0.38039216 0.31764707 0.25882354]] [[0.13333334 0.08627451 0.06666667]  [0.13333334 0.08627451 0.06666667]  [0.13333334 0.08235294 0.06666667]  ...  [0.37254903 0.30980393 0.2509804 ]  [0.38039216 0.31764707 0.25882354]  [0.38039216 0.31764707 0.25882354]]]",8.61146707268199,71064,/home/amos/media/tv/Carnivale S01-S02 web 10bit hevc-d3g/Carnivale S02/Carnivale.S02E10.1080p.WEBRip.10Bit.EAC3.H265-d3g.mkv1113,1080,1920,0,56,388,1367,56,435252,0.21,"[[[0.15686275 0.10980392 0.06666667]  [0.15686275 0.10980392 0.06666667]  [0.15294118 0.10588235 0.0627451 ]  ...  [0.3019608  0.24705882 0.1882353 ]  [0.3019608  0.24705882 0.1882353 ]  [0.3019608  0.24705882 0.1882353 ]] [[0.15686275 0.10980392 0.06666667]  [0.15686275 0.10980392 0.06666667]  [0.15294118 0.10588235 0.0627451 ]  ...  [0.3019608  0.24705882 0.1882353 ]  [0.3019608  0.24705882 0.1882353 ]  [0.3019608  0.24705882 0.1882353 ]] [[0.15686275 0.10980392 0.06666667]  [0.15686275 0.10980392 0.06666667]  [0.15294118 0.10588235 0.0627451 ]  ...  [0.3019608  0.24705882 0.1882353 ]  [0.3019608  0.24705882 0.1882353 ]  [0.3019608  0.24705882 0.1882353 ]] ... [[0.14901961 0.09411765 0.0627451 ]  [0.14901961 0.09411765 0.0627451 ]  [0.14901961 0.09411765 0.0627451 ]  ...  [0.60784316 0.45490196 0.39607844]  [0.5764706  0.42745098 0.37254903]  [0.5764706  0.42745098 0.37254903]] [[0.14901961 0.09411765 0.0627451 ]  [0.14901961 0.09411765 0.0627451 ]  [0.14901961 0.09411765 0.0627451 ]  ...  [0.6156863  0.45882353 0.40392157]  [0.58431375 0.43137255 0.3764706 ]  [0.58431375 0.43137255 0.3764706 ]] [[0.14901961 0.09411765 0.0627451 ]  [0.14901961 0.09411765 0.0627451 ]  [0.14901961 0.09411765 0.0627451 ]  ...  [0.6156863  0.45882353 0.40392157]  [0.58431375 0.43137255 0.3764706 ]  [0.58431375 0.43137255 0.3764706 ]]]",6.704286097898148,71088,/home/amos/media/tv/Carnivale S01-S02 web 10bit hevc-d3g/Carnivale S02/Carnivale.S02E10.1080p.WEBRip.10Bit.EAC3.H265-d3g.mkv1114,1080,1920,0,54,248,894,54,162960,0.079,"[[[0.46666667 0.41568628 0.36078432]  [0.46666667 0.41568628 0.36078432]  [0.46666667 0.41568628 0.36078432]  ...  [0.44313726 0.40784314 0.36078432]  [0.44313726 0.40784314 0.36078432]  [0.44313726 0.40784314 0.36078432]] [[0.46666667 0.41568628 0.36078432]  [0.46666667 0.41568628 0.36078432]  [0.46666667 0.41568628 0.36078432]  ...  [0.44313726 0.40784314 0.36078432]  [0.44313726 0.40784314 0.36078432]  [0.44313726 0.40784314 0.36078432]] [[0.46666667 0.41568628 0.36078432]  [0.46666667 0.41568628 0.36078432]  [0.47058824 0.41568628 0.36078432]  ...  [0.4392157  0.40784314 0.36078432]  [0.44313726 0.40784314 0.36078432]  [0.44313726 0.40784314 0.36078432]] ... [[0.07450981 0.05882353 0.02745098]  [0.07450981 0.05882353 0.02745098]  [0.07450981 0.05882353 0.02745098]  ...  [0.6156863  0.5254902  0.44705883]  [0.61960787 0.5254902  0.44705883]  [0.61960787 0.5254902  0.44705883]] [[0.07450981 0.05882353 0.02745098]  [0.07450981 0.05882353 0.02745098]  [0.07450981 0.05882353 0.02745098]  ...  [0.61960787 0.5254902  0.44705883]  [0.61960787 0.5254902  0.44705883]  [0.61960787 0.5254902  0.44705883]] [[0.07450981 0.05882353 0.02745098]  [0.07450981 0.05882353 0.02745098]  [0.07450981 0.05882353 0.02745098]  ...  [0.61960787 0.5254902  0.44705883]  [0.61960787 0.5254902  0.44705883]  [0.61960787 0.5254902  0.44705883]]]",6.346411167061888,71280,/home/amos/media/tv/Carnivale S01-S02 web 10bit hevc-d3g/Carnivale S02/Carnivale.S02E10.1080p.WEBRip.10Bit.EAC3.H265-d3g.mkv1115,1080,1920,0,38,229,1256,38,232638,0.112,"[[[0.36862746 0.3254902  0.28235295]  [0.36862746 0.3254902  0.28235295]  [0.36862746 0.3254902  0.28235295]  ...  [0.39607844 0.3764706  0.33333334]  [0.39607844 0.3764706  0.33333334]  [0.39607844 0.3764706  0.33333334]] [[0.36862746 0.3254902  0.28235295]  [0.36862746 0.3254902  0.28235295]  [0.36862746 0.3254902  0.28235295]  ...  [0.39607844 0.3764706  0.33333334]  [0.39607844 0.3764706  0.33333334]  [0.39607844 0.3764706  0.33333334]] [[0.36862746 0.3254902  0.28235295]  [0.36862746 0.3254902  0.28235295]  [0.36862746 0.3254902  0.28235295]  ...  [0.39607844 0.3764706  0.33333334]  [0.39607844 0.3764706  0.33333334]  [0.39607844 0.3764706  0.33333334]] ... [[0.28235295 0.23529412 0.21176471]  [0.28235295 0.23529412 0.21176471]  [0.28235295 0.23529412 0.21176471]  ...  [0.5019608  0.45490196 0.4117647 ]  [0.5019608  0.45490196 0.4117647 ]  [0.5019608  0.45490196 0.4117647 ]] [[0.28235295 0.23529412 0.21176471]  [0.28235295 0.23529412 0.21176471]  [0.28235295 0.23529412 0.21176471]  ...  [0.5019608  0.45490196 0.4117647 ]  [0.5019608  0.45490196 0.4117647 ]  [0.5019608  0.45490196 0.4117647 ]] [[0.28235295 0.23529412 0.21176471]  [0.28235295 0.23529412 0.21176471]  [0.28235295 0.23529412 0.21176471]  ...  [0.5019608  0.45490196 0.4117647 ]  [0.5019608  0.45490196 0.4117647 ]  [0.5019608  0.45490196 0.4117647 ]]]",1.7236490437644534,71592,/home/amos/media/tv/Carnivale S01-S02 web 10bit hevc-d3g/Carnivale S02/Carnivale.S02E10.1080p.WEBRip.10Bit.EAC3.H265-d3g.mkv1116,1080,1920,0,291,107,1227,291,172224,0.083,"[[[0. 0. 0.]  [0. 0. 0.]  [0. 0. 0.]  ...  [0. 0. 0.]  [0. 0. 0.]  [0. 0. 0.]] [[0. 0. 0.]  [0. 0. 0.]  [0. 0. 0.]  ...  [0. 0. 0.]  [0. 0. 0.]  [0. 0. 0.]] [[0. 0. 0.]  [0. 0. 0.]  [0. 0. 0.]  ...  [0. 0. 0.]  [0. 0. 0.]  [0. 0. 0.]] ... [[0. 0. 0.]  [0. 0. 0.]  [0. 0. 0.]  ...  [0. 0. 0.]  [0. 0. 0.]  [0. 0. 0.]] [[0. 0. 0.]  [0. 0. 0.]  [0. 0. 0.]  ...  [0. 0. 0.]  [0. 0. 0.]  [0. 0. 0.]] [[0. 0. 0.]  [0. 0. 0.]  [0. 0. 0.]  ...  [0. 0. 0.]  [0. 0. 0.]  [0. 0. 0.]]]",7.310341072094161,71688,/home/amos/media/tv/Carnivale S01-S02 web 10bit hevc-d3g/Carnivale S02/Carnivale.S02E10.1080p.WEBRip.10Bit.EAC3.H265-d3g.mkv1117,1080,1920,1,59,327,1568,59,404412,0.195,"[[[0.30980393 0.2901961  0.3019608 ]  [0.30980393 0.2901961  0.3019608 ]  [0.30980393 0.2901961  0.3019608 ]  ...  [0.12941177 0.13725491 0.13725491]  [0.12941177 0.13725491 0.13725491]  [0.12941177 0.13725491 0.13725491]] [[0.30980393 0.2901961  0.3019608 ]  [0.30980393 0.2901961  0.3019608 ]  [0.30980393 0.2901961  0.3019608 ]  ...  [0.12941177 0.13725491 0.13725491]  [0.12941177 0.13725491 0.13725491]  [0.12941177 0.13725491 0.13725491]] [[0.30980393 0.2901961  0.3019608 ]  [0.30980393 0.2901961  0.3019608 ]  [0.3137255  0.2901961  0.3019608 ]  ...  [0.12941177 0.13725491 0.13725491]  [0.12941177 0.13725491 0.13725491]  [0.12941177 0.13725491 0.13725491]] ... [[0.7607843  0.6745098  0.61960787]  [0.7607843  0.6745098  0.61960787]  [0.7607843  0.6745098  0.61960787]  ...  [0.09803922 0.09019608 0.09411765]  [0.09803922 0.09019608 0.09411765]  [0.09803922 0.09019608 0.09411765]] [[0.7490196  0.6627451  0.60784316]  [0.7490196  0.6627451  0.60784316]  [0.7490196  0.6627451  0.60784316]  ...  [0.09803922 0.09019608 0.09411765]  [0.09803922 0.09019608 0.09411765]  [0.09803922 0.09019608 0.09411765]] [[0.7490196  0.6627451  0.60784316]  [0.7490196  0.6627451  0.60784316]  [0.7490196  0.6627451  0.60784316]  ...  [0.09803922 0.09019608 0.09411765]  [0.09803922 0.09019608 0.09411765]  [0.09803922 0.09019608 0.09411765]]]",1.1433860220131464,71688,/home/amos/media/tv/Carnivale S01-S02 web 10bit hevc-d3g/Carnivale S02/Carnivale.S02E10.1080p.WEBRip.10Bit.EAC3.H265-d3g.mkv1118,1080,1920,0,275,195,1115,275,67200,0.032,"[[[0. 0. 0.]  [0. 0. 0.]  [0. 0. 0.]  ...  [0. 0. 0.]  [0. 0. 0.]  [0. 0. 0.]] [[0. 0. 0.]  [0. 0. 0.]  [0. 0. 0.]  ...  [0. 0. 0.]  [0. 0. 0.]  [0. 0. 0.]] [[0. 0. 0.]  [0. 0. 0.]  [0. 0. 0.]  ...  [0. 0. 0.]  [0. 0. 0.]  [0. 0. 0.]] ... [[0. 0. 0.]  [0. 0. 0.]  [0. 0. 0.]  ...  [0. 0. 0.]  [0. 0. 0.]  [0. 0. 0.]] [[0. 0. 0.]  [0. 0. 0.]  [0. 0. 0.]  ...  [0. 0. 0.]  [0. 0. 0.]  [0. 0. 0.]] [[0. 0. 0.]  [0. 0. 0.]  [0. 0. 0.]  ...  [0. 0. 0.]  [0. 0. 0.]  [0. 0. 0.]]]",6.745844949095044,71712,/home/amos/media/tv/Carnivale S01-S02 web 10bit hevc-d3g/Carnivale S02/Carnivale.S02E10.1080p.WEBRip.10Bit.EAC3.H265-d3g.mkv1119,1080,1920,0,284,189,1171,284,84265,0.041,"[[[0.13333334 0.1254902  0.10980392]  [0.13333334 0.1254902  0.10980392]  [0.13333334 0.1254902  0.10980392]  ...  [0.09019608 0.0627451  0.03921569]  [0.09019608 0.0627451  0.04313726]  [0.         0.         0.        ]] [[0.13333334 0.12941177 0.10588235]  [0.13725491 0.12941177 0.10980392]  [0.13725491 0.12941177 0.10980392]  ...  [0.09019608 0.05882353 0.03921569]  [0.09019608 0.0627451  0.03921569]  [0.         0.         0.        ]] [[0.13725491 0.13333334 0.10980392]  [0.13725491 0.13333334 0.10980392]  [0.13725491 0.13333334 0.10980392]  ...  [0.09411765 0.0627451  0.04313726]  [0.09411765 0.06666667 0.04313726]  [0.         0.         0.        ]] ... [[0.17254902 0.16470589 0.1764706 ]  [0.17254902 0.16470589 0.1764706 ]  [0.16862746 0.16078432 0.17254902]  ...  [0.10196079 0.05490196 0.03529412]  [0.10588235 0.05882353 0.03529412]  [0.         0.         0.        ]] [[0.18039216 0.17254902 0.18431373]  [0.1764706  0.16862746 0.18039216]  [0.1764706  0.16862746 0.18039216]  ...  [0.10980392 0.0627451  0.03921569]  [0.11372549 0.06666667 0.04313726]  [0.         0.         0.        ]] [[0.         0.         0.        ]  [0.         0.         0.        ]  [0.         0.         0.        ]  ...  [0.         0.         0.        ]  [0.         0.         0.        ]  [0.         0.         0.        ]]]",6.569582083902787,71808,/home/amos/media/tv/Carnivale S01-S02 web 10bit hevc-d3g/Carnivale S02/Carnivale.S02E10.1080p.WEBRip.10Bit.EAC3.H265-d3g.mkv1120,1080,1920,0,292,213,1103,292,64069,0.031,"[[[0.09019608 0.09411765 0.09019608]  [0.07450981 0.07843138 0.07058824]  [0.07058824 0.07058824 0.0627451 ]  ...  [0.10980392 0.07058824 0.04705882]  [0.10588235 0.07058824 0.04705882]  [0.10588235 0.07058824 0.04705882]] [[0.08627451 0.09019608 0.08627451]  [0.07450981 0.07843138 0.07450981]  [0.07058824 0.07058824 0.0627451 ]  ...  [0.10980392 0.07058824 0.04705882]  [0.10588235 0.07058824 0.04705882]  [0.10588235 0.07058824 0.04705882]] [[0.09019608 0.09803922 0.10196079]  [0.08235294 0.08235294 0.08627451]  [0.07843138 0.07058824 0.07843138]  ...  [0.10980392 0.07058824 0.04313726]  [0.10980392 0.07450981 0.05098039]  [0.10980392 0.07450981 0.05098039]] ... [[0.08235294 0.07450981 0.06666667]  [0.08235294 0.07450981 0.06666667]  [0.08235294 0.07450981 0.06666667]  ...  [0.14901961 0.09411765 0.06666667]  [0.1764706  0.11764706 0.09803922]  [0.23921569 0.18039216 0.15686275]] [[0.08235294 0.07450981 0.06666667]  [0.08235294 0.07450981 0.06666667]  [0.08235294 0.07450981 0.06666667]  ...  [0.16470589 0.10980392 0.08627451]  [0.22745098 0.16862746 0.14901961]  [0.29803923 0.23921569 0.21960784]] [[0.08235294 0.07450981 0.06666667]  [0.08235294 0.07450981 0.06666667]  [0.08235294 0.07450981 0.06666667]  ...  [0.18431373 0.12941177 0.10588235]  [0.27058825 0.21176471 0.19215687]  [0.33333334 0.27450982 0.25882354]]]",2.0158451182651334,71832,/home/amos/media/tv/Carnivale S01-S02 web 10bit hevc-d3g/Carnivale S02/Carnivale.S02E10.1080p.WEBRip.10Bit.EAC3.H265-d3g.mkv1121,1080,1920,1,67,323,1544,67,378112,0.182,"[[[0.15686275 0.16078432 0.16078432]  [0.15686275 0.16078432 0.16078432]  [0.16078432 0.16470589 0.16470589]  ...  [0.16078432 0.16862746 0.16078432]  [0.16078432 0.16862746 0.16078432]  [0.16078432 0.16862746 0.16078432]] [[0.15686275 0.16078432 0.16078432]  [0.15686275 0.16078432 0.16078432]  [0.16078432 0.16470589 0.16470589]  ...  [0.16078432 0.16862746 0.16078432]  [0.16078432 0.16862746 0.16078432]  [0.16078432 0.16862746 0.16078432]] [[0.16078432 0.16470589 0.16470589]  [0.16078432 0.16470589 0.16470589]  [0.16470589 0.16862746 0.16862746]  ...  [0.16078432 0.16862746 0.16078432]  [0.15686275 0.16470589 0.15686275]  [0.15686275 0.16470589 0.15686275]] ... [[0.5176471  0.5411765  0.54509807]  [0.5176471  0.5411765  0.54509807]  [0.5137255  0.5372549  0.54509807]  ...  [0.08627451 0.07843138 0.07058824]  [0.08627451 0.07843138 0.07058824]  [0.08627451 0.07843138 0.07058824]] [[0.5176471  0.5411765  0.54901963]  [0.5176471  0.5411765  0.54901963]  [0.5137255  0.5372549  0.54509807]  ...  [0.08627451 0.07843138 0.07058824]  [0.08627451 0.07843138 0.07058824]  [0.08627451 0.07843138 0.07058824]] [[0.5176471  0.5411765  0.54901963]  [0.5176471  0.5411765  0.54901963]  [0.5137255  0.5372549  0.54509807]  ...  [0.08627451 0.07843138 0.07058824]  [0.08627451 0.07843138 0.07058824]  [0.08627451 0.07843138 0.07058824]]]",2.9978351279860362,71832,/home/amos/media/tv/Carnivale S01-S02 web 10bit hevc-d3g/Carnivale S02/Carnivale.S02E10.1080p.WEBRip.10Bit.EAC3.H265-d3g.mkv1122,1080,1920,0,333,167,1093,333,126160,0.061,"[[[0.09411765 0.09803922 0.08235294]  [0.09411765 0.09803922 0.08235294]  [0.09803922 0.09019608 0.07843138]  ...  [0.10196079 0.06666667 0.04705882]  [0.10196079 0.06666667 0.04705882]  [0.10196079 0.06666667 0.04705882]] [[0.09019608 0.09411765 0.07843138]  [0.09019608 0.09411765 0.07843138]  [0.09411765 0.09411765 0.07843138]  ...  [0.10196079 0.06666667 0.04705882]  [0.10196079 0.06666667 0.04705882]  [0.10196079 0.06666667 0.04705882]] [[0.09019608 0.09411765 0.07843138]  [0.09019608 0.09411765 0.07843138]  [0.09411765 0.09411765 0.07843138]  ...  [0.10196079 0.06666667 0.04705882]  [0.10196079 0.06666667 0.04705882]  [0.10196079 0.06666667 0.04705882]] ... [[0.12156863 0.12156863 0.13333334]  [0.1764706  0.1764706  0.1882353 ]  [0.23921569 0.23921569 0.2509804 ]  ...  [0.21960784 0.15686275 0.1254902 ]  [0.3019608  0.23529412 0.2       ]  [0.4117647  0.34117648 0.3019608 ]] [[0.09803922 0.09803922 0.10588235]  [0.14117648 0.14117648 0.15294118]  [0.2        0.2        0.21176471]  ...  [0.2627451  0.2        0.16862746]  [0.3529412  0.28627452 0.2509804 ]  [0.39215687 0.31764707 0.28627452]] [[0.07843138 0.07450981 0.08627451]  [0.11372549 0.10588235 0.12156863]  [0.16470589 0.15686275 0.17254902]  ...  [0.34901962 0.2784314  0.24705882]  [0.40392157 0.32941177 0.29803923]  [0.3764706  0.3019608  0.27058825]]]",4.9193230617675,71856,/home/amos/media/tv/Carnivale S01-S02 web 10bit hevc-d3g/Carnivale S02/Carnivale.S02E10.1080p.WEBRip.10Bit.EAC3.H265-d3g.mkv1123,1080,1920,1,68,343,1556,68,409200,0.197,"[[[0.22745098 0.23921569 0.24313726]  [0.22745098 0.23921569 0.24313726]  [0.23137255 0.24313726 0.24705882]  ...  [0.15294118 0.16078432 0.16078432]  [0.15294118 0.16078432 0.16078432]  [0.15294118 0.16078432 0.16078432]] [[0.22745098 0.23921569 0.24313726]  [0.22745098 0.23921569 0.24313726]  [0.23137255 0.24313726 0.24705882]  ...  [0.15294118 0.16078432 0.16078432]  [0.15294118 0.16078432 0.16078432]  [0.15294118 0.16078432 0.16078432]] [[0.23529412 0.24705882 0.2509804 ]  [0.23529412 0.24705882 0.2509804 ]  [0.23921569 0.2509804  0.25490198]  ...  [0.15294118 0.16078432 0.16078432]  [0.15294118 0.16078432 0.16078432]  [0.15294118 0.16078432 0.16078432]] ... [[0.5176471  0.5411765  0.54509807]  [0.5176471  0.5411765  0.54509807]  [0.5176471  0.5411765  0.54509807]  ...  [0.09411765 0.07058824 0.09019608]  [0.09803922 0.07450981 0.09411765]  [0.09803922 0.07450981 0.09411765]] [[0.5176471  0.5411765  0.54509807]  [0.5176471  0.5411765  0.54509807]  [0.5176471  0.5411765  0.54509807]  ...  [0.09803922 0.07450981 0.09411765]  [0.09803922 0.07450981 0.09411765]  [0.09803922 0.07450981 0.09411765]] [[0.5176471  0.5411765  0.54509807]  [0.5176471  0.5411765  0.54509807]  [0.5176471  0.5411765  0.54509807]  ...  [0.09803922 0.07450981 0.09411765]  [0.09803922 0.07450981 0.09411765]  [0.09803922 0.07450981 0.09411765]]]",0.10751009389059618,71856,/home/amos/media/tv/Carnivale S01-S02 web 10bit hevc-d3g/Carnivale S02/Carnivale.S02E10.1080p.WEBRip.10Bit.EAC3.H265-d3g.mkv1124,1080,1920,0,433,103,1143,433,234300,0.113,"[[[0. 0. 0.]  [0. 0. 0.]  [0. 0. 0.]  ...  [0. 0. 0.]  [0. 0. 0.]  [0. 0. 0.]] [[0. 0. 0.]  [0. 0. 0.]  [0. 0. 0.]  ...  [0. 0. 0.]  [0. 0. 0.]  [0. 0. 0.]] [[0. 0. 0.]  [0. 0. 0.]  [0. 0. 0.]  ...  [0. 0. 0.]  [0. 0. 0.]  [0. 0. 0.]] ... [[0. 0. 0.]  [0. 0. 0.]  [0. 0. 0.]  ...  [0. 0. 0.]  [0. 0. 0.]  [0. 0. 0.]] [[0. 0. 0.]  [0. 0. 0.]  [0. 0. 0.]  ...  [0. 0. 0.]  [0. 0. 0.]  [0. 0. 0.]] [[0. 0. 0.]  [0. 0. 0.]  [0. 0. 0.]  ...  [0. 0. 0.]  [0. 0. 0.]  [0. 0. 0.]]]",6.593443099351134,71880,/home/amos/media/tv/Carnivale S01-S02 web 10bit hevc-d3g/Carnivale S02/Carnivale.S02E10.1080p.WEBRip.10Bit.EAC3.H265-d3g.mkv1125,1080,1920,0,559,99,647,559,40480,0.02,"[[[0.2        0.16470589 0.13725491]  [0.20392157 0.16862746 0.14117648]  [0.20392157 0.16862746 0.14117648]  ...  [0.18431373 0.14901961 0.12941177]  [0.19215687 0.15686275 0.13333334]  [0.19607843 0.16078432 0.13333334]] [[0.19607843 0.16078432 0.13333334]  [0.20392157 0.16862746 0.14117648]  [0.20392157 0.16862746 0.14117648]  ...  [0.18431373 0.14901961 0.12941177]  [0.1882353  0.15294118 0.12941177]  [0.19215687 0.15686275 0.12941177]] [[0.19215687 0.16078432 0.13333334]  [0.20392157 0.16862746 0.14117648]  [0.20392157 0.16862746 0.14117648]  ...  [0.1882353  0.15294118 0.13333334]  [0.18431373 0.14901961 0.1254902 ]  [0.18039216 0.14509805 0.11764706]] ... [[0.52156866 0.57254905 0.5686275 ]  [0.50980395 0.56078434 0.5568628 ]  [0.5176471  0.5686275  0.5647059 ]  ...  [0.19215687 0.15294118 0.1254902 ]  [0.21568628 0.16862746 0.14509805]  [0.23529412 0.1882353  0.16470589]] [[0.5294118  0.5803922  0.5764706 ]  [0.5254902  0.5764706  0.57254905]  [0.5137255  0.5647059  0.56078434]  ...  [0.1882353  0.14901961 0.12156863]  [0.23137255 0.18431373 0.16078432]  [0.23921569 0.19607843 0.17254902]] [[0.52156866 0.57254905 0.5686275 ]  [0.5294118  0.5803922  0.5764706 ]  [0.5254902  0.5764706  0.57254905]  ...  [0.1764706  0.13333334 0.10980392]  [0.34509805 0.29803923 0.27450982]  [0.47058824 0.42352942 0.4       ]]]",2.0118430214351974,71976,/home/amos/media/tv/Carnivale S01-S02 web 10bit hevc-d3g/Carnivale S02/Carnivale.S02E10.1080p.WEBRip.10Bit.EAC3.H265-d3g.mkv1126,1080,1920,0,532,302,623,532,20930,0.01,"[[[0.14509805 0.16862746 0.17254902]  [0.12941177 0.14509805 0.15294118]  [0.12941177 0.14117648 0.14901961]  ...  [0.59607846 0.5411765  0.49411765]  [0.6117647  0.5568628  0.5019608 ]  [0.62352943 0.56078434 0.5058824 ]] [[0.13725491 0.16078432 0.16470589]  [0.1254902  0.14117648 0.14901961]  [0.12941177 0.14117648 0.14901961]  ...  [0.5568628  0.5019608  0.45882353]  [0.57254905 0.5137255  0.46666667]  [0.6        0.54509807 0.49019608]] [[0.13333334 0.15686275 0.16078432]  [0.1254902  0.14117648 0.14901961]  [0.13333334 0.14509805 0.15294118]  ...  [0.5686275  0.5137255  0.47058824]  [0.57254905 0.5176471  0.4745098 ]  [0.5568628  0.5019608  0.45882353]] ... [[0.27058825 0.3137255  0.3137255 ]  [0.2901961  0.32941177 0.33333334]  [0.30588236 0.34509805 0.34901962]  ...  [0.12941177 0.09803922 0.06666667]  [0.13333334 0.10588235 0.07450981]  [0.14117648 0.10980392 0.08235294]] [[0.2509804  0.2901961  0.29411766]  [0.26666668 0.30588236 0.30980393]  [0.2784314  0.32156864 0.3254902 ]  ...  [0.13725491 0.10980392 0.07843138]  [0.14117648 0.11372549 0.08235294]  [0.13725491 0.10980392 0.07843138]] [[0.23529412 0.27450982 0.2784314 ]  [0.24705882 0.28627452 0.2901961 ]  [0.25490198 0.29411766 0.29803923]  ...  [0.13333334 0.10588235 0.07450981]  [0.13725491 0.10980392 0.07843138]  [0.14117648 0.10980392 0.08235294]]]",3.7462250119424425,72000,/home/amos/media/tv/Carnivale S01-S02 web 10bit hevc-d3g/Carnivale S02/Carnivale.S02E10.1080p.WEBRip.10Bit.EAC3.H265-d3g.mkv1127,1080,1920,0,500,222,479,500,5838,0.003,"[[[0. 0. 0.]  [0. 0. 0.]  [0. 0. 0.]  ...  [0. 0. 0.]  [0. 0. 0.]  [0. 0. 0.]] [[0. 0. 0.]  [0. 0. 0.]  [0. 0. 0.]  ...  [0. 0. 0.]  [0. 0. 0.]  [0. 0. 0.]] [[0. 0. 0.]  [0. 0. 0.]  [0. 0. 0.]  ...  [0. 0. 0.]  [0. 0. 0.]  [0. 0. 0.]] ... [[0. 0. 0.]  [0. 0. 0.]  [0. 0. 0.]  ...  [0. 0. 0.]  [0. 0. 0.]  [0. 0. 0.]] [[0. 0. 0.]  [0. 0. 0.]  [0. 0. 0.]  ...  [0. 0. 0.]  [0. 0. 0.]  [0. 0. 0.]] [[0. 0. 0.]  [0. 0. 0.]  [0. 0. 0.]  ...  [0. 0. 0.]  [0. 0. 0.]  [0. 0. 0.]]]",2.51789402164286,72024,/home/amos/media/tv/Carnivale S01-S02 web 10bit hevc-d3g/Carnivale S02/Carnivale.S02E10.1080p.WEBRip.10Bit.EAC3.H265-d3g.mkv1128,1080,1920,0,466,130,804,466,113568,0.055,"[[[0.18039216 0.16470589 0.16078432]  [0.16470589 0.14509805 0.14117648]  [0.16470589 0.14509805 0.13725491]  ...  [0.31764707 0.27450982 0.23921569]  [0.39215687 0.34901962 0.30588236]  [0.43529412 0.39215687 0.34509805]] [[0.18431373 0.16862746 0.16470589]  [0.16862746 0.15294118 0.14901961]  [0.18039216 0.16078432 0.15294118]  ...  [0.23529412 0.19215687 0.15294118]  [0.2509804  0.20392157 0.16078432]  [0.36078432 0.32156864 0.2784314 ]] [[0.18431373 0.16862746 0.16470589]  [0.16862746 0.15294118 0.14509805]  [0.18431373 0.16470589 0.16078432]  ...  [0.29803923 0.25490198 0.21960784]  [0.29803923 0.25490198 0.21568628]  [0.2901961  0.24705882 0.20392157]] ... [[0.13725491 0.13725491 0.1254902 ]  [0.13725491 0.13725491 0.1254902 ]  [0.13725491 0.13725491 0.1254902 ]  ...  [0.2        0.15686275 0.13725491]  [0.22352941 0.18039216 0.16470589]  [0.2509804  0.21176471 0.19607843]] [[0.13333334 0.12941177 0.11764706]  [0.13333334 0.12941177 0.11764706]  [0.13333334 0.12941177 0.11764706]  ...  [0.20392157 0.15686275 0.13725491]  [0.22745098 0.18039216 0.16470589]  [0.24705882 0.20392157 0.18431373]] [[0.12941177 0.1254902  0.11372549]  [0.12941177 0.1254902  0.11372549]  [0.12941177 0.12941177 0.11372549]  ...  [0.20392157 0.15686275 0.13725491]  [0.23137255 0.18039216 0.16078432]  [0.24705882 0.2        0.18039216]]]",7.681158008461352,72048,/home/amos/media/tv/Carnivale S01-S02 web 10bit hevc-d3g/Carnivale S02/Carnivale.S02E10.1080p.WEBRip.10Bit.EAC3.H265-d3g.mkv1129,1080,1920,1,69,440,1378,69,485639,0.234,"[[[0.2627451  0.28235295 0.28235295]  [0.2627451  0.28235295 0.28235295]  [0.26666668 0.28627452 0.28627452]  ...  [0.22352941 0.23137255 0.22352941]  [0.22352941 0.23137255 0.22352941]  [0.22352941 0.23137255 0.22352941]] [[0.2627451  0.28235295 0.28235295]  [0.2627451  0.28235295 0.28235295]  [0.26666668 0.28627452 0.28627452]  ...  [0.22352941 0.23137255 0.22352941]  [0.22352941 0.23137255 0.22352941]  [0.22352941 0.23137255 0.22352941]] [[0.26666668 0.28627452 0.28627452]  [0.26666668 0.28627452 0.28627452]  [0.27058825 0.2901961  0.2901961 ]  ...  [0.22352941 0.23137255 0.22352941]  [0.22352941 0.23137255 0.22352941]  [0.22352941 0.23137255 0.22352941]] ... [[0.57254905 0.6313726  0.63529414]  [0.57254905 0.6313726  0.63529414]  [0.57254905 0.6313726  0.63529414]  ...  [0.16862746 0.16078432 0.16470589]  [0.16862746 0.16078432 0.16078432]  [0.16862746 0.16078432 0.16078432]] [[0.57254905 0.6313726  0.6392157 ]  [0.57254905 0.6313726  0.6392157 ]  [0.57254905 0.6313726  0.6392157 ]  ...  [0.16862746 0.16078432 0.16078432]  [0.16862746 0.16078432 0.16078432]  [0.16862746 0.16078432 0.16078432]] [[0.57254905 0.6313726  0.6392157 ]  [0.57254905 0.6313726  0.6392157 ]  [0.57254905 0.6313726  0.6392157 ]  ...  [0.16862746 0.16078432 0.16078432]  [0.16862746 0.16078432 0.16078432]  [0.16862746 0.16078432 0.16078432]]]",1.3811001004069112,72048,/home/amos/media/tv/Carnivale S01-S02 web 10bit hevc-d3g/Carnivale S02/Carnivale.S02E10.1080p.WEBRip.10Bit.EAC3.H265-d3g.mkv1130,1080,1920,0,450,146,702,450,76608,0.037,"[[[0.10980392 0.09411765 0.11372549]  [0.11764706 0.10196079 0.12156863]  [0.1254902  0.10980392 0.12941177]  ...  [0.4392157  0.40784314 0.3764706 ]  [0.49803922 0.4627451  0.43137255]  [0.54901963 0.5137255  0.4745098 ]] [[0.11372549 0.09803922 0.11764706]  [0.11764706 0.10196079 0.12156863]  [0.1254902  0.10980392 0.12941177]  ...  [0.40392157 0.36862746 0.34509805]  [0.44705883 0.4117647  0.3882353 ]  [0.48235294 0.44705883 0.40784314]] [[0.11764706 0.10196079 0.12156863]  [0.11764706 0.10196079 0.12156863]  [0.1254902  0.10980392 0.12941177]  ...  [0.3764706  0.34509805 0.32156864]  [0.41568628 0.38431373 0.35686275]  [0.4509804  0.41568628 0.38039216]] ... [[0.07843138 0.08235294 0.06666667]  [0.07450981 0.07843138 0.0627451 ]  [0.07450981 0.07843138 0.0627451 ]  ...  [0.37254903 0.34117648 0.3019608 ]  [0.44705883 0.4117647  0.37254903]  [0.4745098  0.4392157  0.4       ]] [[0.07843138 0.08235294 0.06666667]  [0.07843138 0.08235294 0.06666667]  [0.07843138 0.08235294 0.06666667]  ...  [0.36078432 0.32156864 0.28627452]  [0.48235294 0.44705883 0.40784314]  [0.5529412  0.5176471  0.47843137]] [[0.08235294 0.08627451 0.07058824]  [0.08235294 0.08627451 0.07058824]  [0.08235294 0.08627451 0.07058824]  ...  [0.3254902  0.2901961  0.25490198]  [0.47058824 0.43529412 0.39607844]  [0.5921569  0.5529412  0.5137255 ]]]",9.856911064533051,72144,/home/amos/media/tv/Carnivale S01-S02 web 10bit hevc-d3g/Carnivale S02/Carnivale.S02E10.1080p.WEBRip.10Bit.EAC3.H265-d3g.mkv1131,1080,1920,1,68,438,1375,68,483590,0.233,"[[[0.24705882 0.25882354 0.27058825]  [0.24705882 0.25882354 0.27058825]  [0.24705882 0.25882354 0.27058825]  ...  [0.16862746 0.17254902 0.16862746]  [0.16862746 0.17254902 0.16862746]  [0.16862746 0.17254902 0.16862746]] [[0.24705882 0.25882354 0.27058825]  [0.24705882 0.25882354 0.27058825]  [0.24705882 0.25882354 0.27058825]  ...  [0.16862746 0.17254902 0.16862746]  [0.16862746 0.17254902 0.16862746]  [0.16862746 0.17254902 0.16862746]] [[0.2509804  0.2627451  0.27450982]  [0.2509804  0.2627451  0.27450982]  [0.2509804  0.26666668 0.27450982]  ...  [0.16862746 0.17254902 0.16862746]  [0.16862746 0.17254902 0.16862746]  [0.16862746 0.17254902 0.16862746]] ... [[0.5411765  0.59607846 0.6117647 ]  [0.5411765  0.59607846 0.6117647 ]  [0.5411765  0.5921569  0.60784316]  ...  [0.09411765 0.10588235 0.10588235]  [0.09411765 0.10588235 0.10588235]  [0.09411765 0.10588235 0.10588235]] [[0.5411765  0.59607846 0.6117647 ]  [0.5411765  0.59607846 0.6117647 ]  [0.5411765  0.5921569  0.6117647 ]  ...  [0.09019608 0.10196079 0.10196079]  [0.09019608 0.10196079 0.10196079]  [0.09019608 0.10196079 0.10196079]] [[0.5411765  0.59607846 0.6117647 ]  [0.5411765  0.59607846 0.6117647 ]  [0.5411765  0.59607846 0.6117647 ]  ...  [0.09019608 0.10196079 0.10196079]  [0.09019608 0.10196079 0.10196079]  [0.09019608 0.10196079 0.10196079]]]",1.1899481177097186,72144,/home/amos/media/tv/Carnivale S01-S02 web 10bit hevc-d3g/Carnivale S02/Carnivale.S02E10.1080p.WEBRip.10Bit.EAC3.H265-d3g.mkv1132,1080,1920,2,138,358,1155,138,223740,0.108,"[[[0.17254902 0.11372549 0.07843138]  [0.16862746 0.10980392 0.07843138]  [0.16862746 0.10980392 0.07450981]  ...  [0.19607843 0.21176471 0.21568628]  [0.20392157 0.21960784 0.22352941]  [0.20784314 0.22352941 0.22745098]] [[0.16862746 0.10980392 0.07843138]  [0.16862746 0.10980392 0.07843138]  [0.16470589 0.10588235 0.07450981]  ...  [0.19607843 0.21176471 0.21568628]  [0.20392157 0.21960784 0.22352941]  [0.20784314 0.22352941 0.22745098]] [[0.16862746 0.10980392 0.07843138]  [0.16470589 0.10588235 0.07450981]  [0.16470589 0.10588235 0.07450981]  ...  [0.2        0.21568628 0.21960784]  [0.20784314 0.22352941 0.22745098]  [0.21176471 0.22745098 0.23137255]] ... [[0.21568628 0.1882353  0.16862746]  [0.20392157 0.1764706  0.15686275]  [0.1882353  0.16078432 0.14117648]  ...  [0.20392157 0.21568628 0.20392157]  [0.20392157 0.21568628 0.20392157]  [0.20392157 0.21960784 0.20784314]] [[0.21568628 0.19215687 0.17254902]  [0.20784314 0.18039216 0.16078432]  [0.1882353  0.16470589 0.14509805]  ...  [0.20784314 0.21960784 0.20784314]  [0.20784314 0.21960784 0.20784314]  [0.20784314 0.22352941 0.20784314]] [[0.21960784 0.19607843 0.1764706 ]  [0.20784314 0.18431373 0.16470589]  [0.19215687 0.16862746 0.14509805]  ...  [0.21176471 0.22352941 0.21176471]  [0.20784314 0.22352941 0.21176471]  [0.20784314 0.22352941 0.21176471]]]",2.8065040815854445,72144,/home/amos/media/tv/Carnivale S01-S02 web 10bit hevc-d3g/Carnivale S02/Carnivale.S02E10.1080p.WEBRip.10Bit.EAC3.H265-d3g.mkv1133,1080,1920,0,90,341,532,90,110942,0.054,"[[[0.7176471  0.6509804  0.58431375]  [0.7058824  0.6392157  0.57254905]  [0.6627451  0.59607846 0.5294118 ]  ...  [0.12941177 0.10196079 0.07843138]  [0.12941177 0.10196079 0.07843138]  [0.12941177 0.10196079 0.07843138]] [[0.7019608  0.63529414 0.5686275 ]  [0.6901961  0.62352943 0.56078434]  [0.6509804  0.58431375 0.5137255 ]  ...  [0.12941177 0.10196079 0.07843138]  [0.12941177 0.10196079 0.07843138]  [0.12941177 0.10196079 0.07843138]] [[0.64705884 0.58431375 0.5176471 ]  [0.63529414 0.57254905 0.5058824 ]  [0.5882353  0.5254902  0.45882353]  ...  [0.12941177 0.10196079 0.07843138]  [0.12941177 0.10196079 0.07843138]  [0.12941177 0.10196079 0.07843138]] ... [[0.972549   0.9372549  0.9137255 ]  [0.9607843  0.91764706 0.89411765]  [0.9019608  0.84313726 0.80784315]  ...  [0.17254902 0.13333334 0.10980392]  [0.1764706  0.13333334 0.11372549]  [0.1764706  0.13333334 0.11372549]] [[0.9529412  0.8862745  0.84313726]  [0.92941177 0.85882354 0.8156863 ]  [0.827451   0.7529412  0.70980394]  ...  [0.17254902 0.13333334 0.10980392]  [0.1764706  0.13333334 0.11372549]  [0.1764706  0.13333334 0.11372549]] [[0.9490196  0.8745098  0.827451  ]  [0.91764706 0.84705883 0.79607844]  [0.80784315 0.73333335 0.6862745 ]  ...  [0.17254902 0.12941177 0.10980392]  [0.1764706  0.13333334 0.11372549]  [0.1764706  0.13333334 0.11372549]]]",2.9620810639462434,72192,/home/amos/media/tv/Carnivale S01-S02 web 10bit hevc-d3g/Carnivale S02/Carnivale.S02E10.1080p.WEBRip.10Bit.EAC3.H265-d3g.mkv1134,1080,1920,0,153,786,1088,153,591855,0.285,"[[[0.38431373 0.30588236 0.24705882]  [0.3882353  0.30980393 0.2509804 ]  [0.39607844 0.31764707 0.25882354]  ...  [0.15294118 0.09019608 0.02745098]  [0.15294118 0.09019608 0.02745098]  [0.         0.         0.        ]] [[0.38039216 0.3019608  0.24313726]  [0.3882353  0.30980393 0.2509804 ]  [0.39607844 0.31764707 0.25882354]  ...  [0.14117648 0.08627451 0.01960784]  [0.14117648 0.08627451 0.01960784]  [0.         0.         0.        ]] [[0.37254903 0.29411766 0.23529412]  [0.38039216 0.30588236 0.24705882]  [0.39215687 0.3137255  0.25490198]  ...  [0.13333334 0.08235294 0.01960784]  [0.13333334 0.08235294 0.01960784]  [0.         0.         0.        ]] ... [[0.17254902 0.11764706 0.07843138]  [0.16862746 0.11372549 0.07450981]  [0.16862746 0.10980392 0.07058824]  ...  [0.23921569 0.1882353  0.1764706 ]  [0.23529412 0.1882353  0.17254902]  [0.         0.         0.        ]] [[0.15294118 0.09803922 0.0627451 ]  [0.14901961 0.09411765 0.05882353]  [0.14509805 0.09019608 0.05490196]  ...  [0.2        0.15294118 0.13725491]  [0.2        0.15294118 0.13725491]  [0.         0.         0.        ]] [[0.         0.         0.        ]  [0.         0.         0.        ]  [0.         0.         0.        ]  ...  [0.         0.         0.        ]  [0.         0.         0.        ]  [0.         0.         0.        ]]]",3.203917085833382,72336,/home/amos/media/tv/Carnivale S01-S02 web 10bit hevc-d3g/Carnivale S02/Carnivale.S02E10.1080p.WEBRip.10Bit.EAC3.H265-d3g.mkv1135,1080,1920,0,114,327,191,114,16401,0.008,"[[[0.42352942 0.34117648 0.2784314 ]  [0.42352942 0.34117648 0.2784314 ]  [0.42745098 0.34509805 0.2784314 ]  ...  [0.46666667 0.37254903 0.29803923]  [0.45882353 0.36078432 0.28627452]  [0.45490196 0.35686275 0.28235295]] [[0.42352942 0.34117648 0.2784314 ]  [0.42745098 0.34117648 0.2784314 ]  [0.43137255 0.34509805 0.2784314 ]  ...  [0.4627451  0.36862746 0.29411766]  [0.45882353 0.36078432 0.28627452]  [0.45490196 0.35686275 0.28235295]] [[0.42745098 0.34509805 0.28235295]  [0.43137255 0.34509805 0.28235295]  [0.43529412 0.34509805 0.28235295]  ...  [0.4627451  0.36862746 0.29411766]  [0.45882353 0.36078432 0.28627452]  [0.45882353 0.36078432 0.28627452]] ... [[0.4862745  0.42352942 0.40392157]  [0.4745098  0.41568628 0.39607844]  [0.45882353 0.4        0.38039216]  ...  [0.5882353  0.46666667 0.36862746]  [0.5882353  0.46666667 0.36862746]  [0.5882353  0.46666667 0.36862746]] [[0.48235294 0.41960785 0.4       ]  [0.47843137 0.41568628 0.39607844]  [0.46666667 0.40392157 0.38431373]  ...  [0.58431375 0.4627451  0.3647059 ]  [0.5882353  0.46666667 0.36862746]  [0.5882353  0.46666667 0.36862746]] [[0.48235294 0.41960785 0.4       ]  [0.47843137 0.41568628 0.39607844]  [0.46666667 0.40784314 0.3882353 ]  ...  [0.5803922  0.45882353 0.36078432]  [0.58431375 0.4627451  0.3647059 ]  [0.5882353  0.46666667 0.36862746]]]",2.987063164531719,72408,/home/amos/media/tv/Carnivale S01-S02 web 10bit hevc-d3g/Carnivale S02/Carnivale.S02E10.1080p.WEBRip.10Bit.EAC3.H265-d3g.mkv1136,1080,1920,1,96,443,119,96,7981,0.004,"[[[0.12941177 0.10196079 0.09411765]  [0.12941177 0.10196079 0.09411765]  [0.12941177 0.10196079 0.09411765]  ...  [0.14901961 0.09803922 0.08627451]  [0.14117648 0.09411765 0.07843138]  [0.14117648 0.09411765 0.07843138]] [[0.12941177 0.10196079 0.09411765]  [0.12941177 0.10196079 0.09411765]  [0.12941177 0.10196079 0.09411765]  ...  [0.14901961 0.09803922 0.08627451]  [0.14117648 0.09411765 0.08235294]  [0.14117648 0.09411765 0.07843138]] [[0.12941177 0.10196079 0.09411765]  [0.12941177 0.10196079 0.09411765]  [0.12941177 0.10196079 0.09411765]  ...  [0.14509805 0.09803922 0.08627451]  [0.14509805 0.09803922 0.08235294]  [0.14117648 0.09803922 0.07843138]] ... [[0.1254902  0.09803922 0.09411765]  [0.1254902  0.09803922 0.09411765]  [0.1254902  0.09803922 0.09411765]  ...  [0.5568628  0.48235294 0.42352942]  [0.54509807 0.47058824 0.41960785]  [0.5411765  0.46666667 0.41568628]] [[0.1254902  0.09803922 0.09411765]  [0.1254902  0.09803922 0.09411765]  [0.1254902  0.09803922 0.09411765]  ...  [0.5647059  0.4862745  0.43529412]  [0.5529412  0.47843137 0.42745098]  [0.54901963 0.4745098  0.42352942]] [[0.1254902  0.09803922 0.09411765]  [0.1254902  0.09803922 0.09411765]  [0.1254902  0.09803922 0.09411765]  ...  [0.5686275  0.49019608 0.4392157 ]  [0.5568628  0.48235294 0.43137255]  [0.5529412  0.47843137 0.42745098]]]",0.6732350622187369,72408,/home/amos/media/tv/Carnivale S01-S02 web 10bit hevc-d3g/Carnivale S02/Carnivale.S02E10.1080p.WEBRip.10Bit.EAC3.H265-d3g.mkv1137,1080,1920,0,123,471,552,123,149292,0.072,"[[[0.62352943 0.49019608 0.39607844]  [0.61960787 0.4862745  0.39215687]  [0.6117647  0.47843137 0.38431373]  ...  [0.09803922 0.07450981 0.02352941]  [0.09019608 0.06666667 0.01568628]  [0.08627451 0.06666667 0.01176471]] [[0.61960787 0.4862745  0.39215687]  [0.6156863  0.48235294 0.3882353 ]  [0.6117647  0.47843137 0.38431373]  ...  [0.09803922 0.07450981 0.02352941]  [0.09019608 0.06666667 0.01568628]  [0.08627451 0.06666667 0.01176471]] [[0.6117647  0.47843137 0.38431373]  [0.6117647  0.47843137 0.38431373]  [0.60784316 0.4745098  0.38039216]  ...  [0.09803922 0.07450981 0.02352941]  [0.09019608 0.06666667 0.01568628]  [0.08627451 0.06666667 0.01176471]] ... [[0.16470589 0.09803922 0.03137255]  [0.16470589 0.09803922 0.03137255]  [0.16470589 0.09803922 0.03137255]  ...  [0.12156863 0.09411765 0.02745098]  [0.11764706 0.09019608 0.02352941]  [0.11372549 0.08627451 0.01960784]] [[0.16470589 0.09803922 0.03137255]  [0.16470589 0.09803922 0.03137255]  [0.16470589 0.09803922 0.03137255]  ...  [0.12156863 0.09411765 0.02745098]  [0.11764706 0.09019608 0.02352941]  [0.11372549 0.08627451 0.02352941]] [[0.16470589 0.09803922 0.03137255]  [0.16470589 0.09803922 0.03137255]  [0.16470589 0.09803922 0.03137255]  ...  [0.12156863 0.09411765 0.02745098]  [0.11372549 0.09019608 0.02352941]  [0.11372549 0.08627451 0.02352941]]]",4.238889014755841,72480,/home/amos/media/tv/Carnivale S01-S02 web 10bit hevc-d3g/Carnivale S02/Carnivale.S02E10.1080p.WEBRip.10Bit.EAC3.H265-d3g.mkv1138,1080,1920,0,56,209,876,56,125460,0.061,"[[[0.21176471 0.15686275 0.10588235]  [0.21176471 0.15686275 0.10588235]  [0.21176471 0.15686275 0.10588235]  ...  [0.20392157 0.15294118 0.10196079]  [0.20392157 0.15294118 0.10196079]  [0.20392157 0.15294118 0.10196079]] [[0.21176471 0.15686275 0.10588235]  [0.21176471 0.15686275 0.10588235]  [0.21176471 0.15686275 0.10588235]  ...  [0.20392157 0.15294118 0.10196079]  [0.20392157 0.15294118 0.10196079]  [0.20392157 0.15294118 0.10196079]] [[0.21176471 0.15686275 0.10588235]  [0.21176471 0.15686275 0.10588235]  [0.21176471 0.15686275 0.10980392]  ...  [0.20392157 0.15294118 0.10196079]  [0.20392157 0.15294118 0.10196079]  [0.20392157 0.15294118 0.10196079]] ... [[0.16470589 0.11764706 0.07058824]  [0.16470589 0.11764706 0.07058824]  [0.16862746 0.12156863 0.07450981]  ...  [0.13725491 0.10196079 0.05490196]  [0.13725491 0.10196079 0.05490196]  [0.13725491 0.10196079 0.05490196]] [[0.16470589 0.11764706 0.07058824]  [0.16470589 0.11764706 0.07058824]  [0.16470589 0.11764706 0.07058824]  ...  [0.13725491 0.10196079 0.05490196]  [0.13725491 0.10196079 0.05490196]  [0.13725491 0.10196079 0.05490196]] [[0.16470589 0.11764706 0.07058824]  [0.16470589 0.11764706 0.07058824]  [0.16470589 0.11764706 0.07058824]  ...  [0.13725491 0.10196079 0.05490196]  [0.13725491 0.10196079 0.05490196]  [0.13725491 0.10196079 0.05490196]]]",3.5245890914811753,72840,/home/amos/media/tv/Carnivale S01-S02 web 10bit hevc-d3g/Carnivale S02/Carnivale.S02E10.1080p.WEBRip.10Bit.EAC3.H265-d3g.mkv