,series_id,episode_id,season,episode,frame_num,face_num,img_height,img_width,x1,y1,x2,y2,area,pct_of_frame,encoding_path,confidence
311371,412142,1503396,6,12,240,0,1080,1920,649,206,696,254,2256,0.001,data/encodings/house_2004_0412142/S06E12_240_0.npy,
311372,412142,1503396,6,12,240,1,1080,1920,1018,291,1087,359,4692,0.002,data/encodings/house_2004_0412142/S06E12_240_1.npy,
311373,412142,1503396,6,12,240,2,1080,1920,1313,675,1411,774,9702,0.005,data/encodings/house_2004_0412142/S06E12_240_2.npy,
311374,412142,1503396,6,12,264,0,1080,1920,639,163,687,210,2256,0.001,data/encodings/house_2004_0412142/S06E12_264_0.npy,
311375,412142,1503396,6,12,264,1,1080,1920,907,378,989,460,6724,0.003,data/encodings/house_2004_0412142/S06E12_264_1.npy,
311376,412142,1503396,6,12,264,2,1080,1920,1283,606,1382,704,9702,0.005,data/encodings/house_2004_0412142/S06E12_264_2.npy,
311377,412142,1503396,6,12,456,0,1080,1920,473,421,512,461,1560,0.001,data/encodings/house_2004_0412142/S06E12_456_0.npy,
311378,412142,1503396,6,12,600,0,1080,1920,733,336,903,506,28900,0.014,data/encodings/house_2004_0412142/S06E12_600_0.npy,
311379,412142,1503396,6,12,600,1,1080,1920,1301,370,1471,540,28900,0.014,data/encodings/house_2004_0412142/S06E12_600_1.npy,
311380,412142,1503396,6,12,600,2,1080,1920,965,64,1083,182,13924,0.007,data/encodings/house_2004_0412142/S06E12_600_2.npy,
311381,412142,1503396,6,12,624,0,1080,1920,716,336,886,506,28900,0.014,data/encodings/house_2004_0412142/S06E12_624_0.npy,
311382,412142,1503396,6,12,624,1,1080,1920,1301,353,1471,523,28900,0.014,data/encodings/house_2004_0412142/S06E12_624_1.npy,
311383,412142,1503396,6,12,624,2,1080,1920,977,64,1095,182,13924,0.007,data/encodings/house_2004_0412142/S06E12_624_2.npy,
311384,412142,1503396,6,12,624,3,1080,1920,1602,58,1700,157,9702,0.005,data/encodings/house_2004_0412142/S06E12_624_3.npy,
311385,412142,1503396,6,12,648,0,1080,1920,731,341,872,482,19881,0.01,data/encodings/house_2004_0412142/S06E12_648_0.npy,
311386,412142,1503396,6,12,648,1,1080,1920,1318,353,1488,523,28900,0.014,data/encodings/house_2004_0412142/S06E12_648_1.npy,
311387,412142,1503396,6,12,648,2,1080,1920,1005,58,1103,157,9702,0.005,data/encodings/house_2004_0412142/S06E12_648_2.npy,
311388,412142,1503396,6,12,648,3,1080,1920,1632,58,1730,157,9702,0.005,data/encodings/house_2004_0412142/S06E12_648_3.npy,
311389,412142,1503396,6,12,672,0,1080,1920,716,302,886,471,28730,0.014,data/encodings/house_2004_0412142/S06E12_672_0.npy,
311390,412142,1503396,6,12,672,1,1080,1920,1284,336,1453,506,28730,0.014,data/encodings/house_2004_0412142/S06E12_672_1.npy,
311391,412142,1503396,6,12,672,2,1080,1920,989,40,1107,158,13924,0.007,data/encodings/house_2004_0412142/S06E12_672_2.npy,
311392,412142,1503396,6,12,672,3,1080,1920,1642,48,1740,147,9702,0.005,data/encodings/house_2004_0412142/S06E12_672_3.npy,
311393,412142,1503396,6,12,696,0,1080,1920,699,302,869,471,28730,0.014,data/encodings/house_2004_0412142/S06E12_696_0.npy,
311394,412142,1503396,6,12,696,1,1080,1920,1284,336,1453,506,28730,0.014,data/encodings/house_2004_0412142/S06E12_696_1.npy,
311395,412142,1503396,6,12,696,2,1080,1920,1013,28,1131,146,13924,0.007,data/encodings/house_2004_0412142/S06E12_696_2.npy,
311396,412142,1503396,6,12,720,0,1080,1920,750,302,920,471,28730,0.014,data/encodings/house_2004_0412142/S06E12_720_0.npy,
311397,412142,1503396,6,12,720,1,1080,1920,1335,336,1505,506,28900,0.014,data/encodings/house_2004_0412142/S06E12_720_1.npy,
311398,412142,1503396,6,12,720,2,1080,1920,1073,28,1191,146,13924,0.007,data/encodings/house_2004_0412142/S06E12_720_2.npy,
311399,412142,1503396,6,12,720,3,1080,1920,1761,48,1859,147,9702,0.005,data/encodings/house_2004_0412142/S06E12_720_3.npy,
311400,412142,1503396,6,12,744,0,1080,1920,355,137,707,489,123904,0.06,data/encodings/house_2004_0412142/S06E12_744_0.npy,
311401,412142,1503396,6,12,744,1,1080,1920,1211,208,1563,560,123904,0.06,data/encodings/house_2004_0412142/S06E12_744_1.npy,
311402,412142,1503396,6,12,768,0,1080,1920,1298,314,1592,608,86436,0.042,data/encodings/house_2004_0412142/S06E12_768_0.npy,
311403,412142,1503396,6,12,768,1,1080,1920,390,137,742,489,123904,0.06,data/encodings/house_2004_0412142/S06E12_768_1.npy,
311404,412142,1503396,6,12,792,0,1080,1920,1269,285,1562,578,85849,0.041,data/encodings/house_2004_0412142/S06E12_792_0.npy,
311405,412142,1503396,6,12,792,1,1080,1920,377,195,670,489,86142,0.042,data/encodings/house_2004_0412142/S06E12_792_1.npy,
311406,412142,1503396,6,12,816,0,1080,1920,1246,279,1598,632,124256,0.06,data/encodings/house_2004_0412142/S06E12_816_0.npy,
311407,412142,1503396,6,12,816,1,1080,1920,390,208,742,560,123904,0.06,data/encodings/house_2004_0412142/S06E12_816_1.npy,
311408,412142,1503396,6,12,1080,0,1080,1920,640,313,1147,820,257049,0.124,data/encodings/house_2004_0412142/S06E12_1080_0.npy,
311409,412142,1503396,6,12,1080,1,1080,1920,1359,210,1866,717,257049,0.124,data/encodings/house_2004_0412142/S06E12_1080_1.npy,
311410,412142,1503396,6,12,1104,0,1080,1920,604,137,956,489,123904,0.06,data/encodings/house_2004_0412142/S06E12_1104_0.npy,
311411,412142,1503396,6,12,1176,0,1080,1920,1103,280,1348,525,60025,0.029,data/encodings/house_2004_0412142/S06E12_1176_0.npy,
311412,412142,1503396,6,12,1296,0,1080,1920,426,132,849,555,178929,0.086,data/encodings/house_2004_0412142/S06E12_1296_0.npy,
311413,412142,1503396,6,12,1512,0,1080,1920,512,218,934,640,178084,0.086,data/encodings/house_2004_0412142/S06E12_1512_0.npy,
311414,412142,1503396,6,12,1632,0,1080,1920,469,175,891,598,178506,0.086,data/encodings/house_2004_0412142/S06E12_1632_0.npy,
311415,412142,1503396,6,12,1872,0,1080,1920,1128,206,1373,450,59780,0.029,data/encodings/house_2004_0412142/S06E12_1872_0.npy,
311416,412142,1503396,6,12,1872,1,1080,1920,557,397,655,495,9604,0.005,data/encodings/house_2004_0412142/S06E12_1872_1.npy,
311417,412142,1503396,6,12,1872,2,1080,1920,360,602,605,847,60025,0.029,data/encodings/house_2004_0412142/S06E12_1872_2.npy,
311418,412142,1503396,6,12,1920,0,1080,1920,1465,245,1504,285,1560,0.001,data/encodings/house_2004_0412142/S06E12_1920_0.npy,
311419,412142,1503396,6,12,2040,0,1080,1920,466,522,760,816,86436,0.042,data/encodings/house_2004_0412142/S06E12_2040_0.npy,
311420,412142,1503396,6,12,2064,0,1080,1920,912,166,1205,459,85849,0.041,data/encodings/house_2004_0412142/S06E12_2064_0.npy,
311421,412142,1503396,6,12,2088,0,1080,1920,487,576,585,674,9604,0.005,data/encodings/house_2004_0412142/S06E12_2088_0.npy,
311422,412142,1503396,6,12,2088,1,1080,1920,1004,850,1249,1080,56350,0.027,data/encodings/house_2004_0412142/S06E12_2088_1.npy,
311423,412142,1503396,6,12,2112,0,1080,1920,744,326,947,530,41412,0.02,data/encodings/house_2004_0412142/S06E12_2112_0.npy,
311424,412142,1503396,6,12,2136,0,1080,1920,1104,458,1456,810,123904,0.06,data/encodings/house_2004_0412142/S06E12_2136_0.npy,
311425,412142,1503396,6,12,2160,0,1080,1920,340,432,763,854,178506,0.086,data/encodings/house_2004_0412142/S06E12_2160_0.npy,
311426,412142,1503396,6,12,2184,0,1080,1920,383,689,806,1080,165393,0.08,data/encodings/house_2004_0412142/S06E12_2184_0.npy,
311427,412142,1503396,6,12,2208,0,1080,1920,372,250,542,420,28900,0.014,data/encodings/house_2004_0412142/S06E12_2208_0.npy,
311428,412142,1503396,6,12,2208,1,1080,1920,1204,283,1345,425,20022,0.01,data/encodings/house_2004_0412142/S06E12_2208_1.npy,
311429,412142,1503396,6,12,2208,2,1080,1920,1017,226,1159,368,20164,0.01,data/encodings/house_2004_0412142/S06E12_2208_2.npy,
311430,412142,1503396,6,12,2208,3,1080,1920,97,147,267,317,28900,0.014,data/encodings/house_2004_0412142/S06E12_2208_3.npy,
311431,412142,1503396,6,12,2232,0,1080,1920,856,280,1100,525,59780,0.029,data/encodings/house_2004_0412142/S06E12_2232_0.npy,
311432,412142,1503396,6,12,2280,0,1080,1920,1030,121,1906,997,767376,0.37,data/encodings/house_2004_0412142/S06E12_2280_0.npy,
311433,412142,1503396,6,12,2304,0,1080,1920,630,164,800,334,28900,0.014,data/encodings/house_2004_0412142/S06E12_2304_0.npy,
311434,412142,1503396,6,12,2304,1,1080,1920,137,82,382,327,60025,0.029,data/encodings/house_2004_0412142/S06E12_2304_1.npy,
311435,412142,1503396,6,12,2328,0,1080,1920,228,166,522,459,86142,0.042,data/encodings/house_2004_0412142/S06E12_2328_0.npy,
311436,412142,1503396,6,12,2352,0,1080,1920,1046,556,1188,697,20022,0.01,data/encodings/house_2004_0412142/S06E12_2352_0.npy,
311437,412142,1503396,6,12,2352,1,1080,1920,860,484,1001,626,20022,0.01,data/encodings/house_2004_0412142/S06E12_2352_1.npy,
311438,412142,1503396,6,12,2352,2,1080,1920,1551,506,1669,624,13924,0.007,data/encodings/house_2004_0412142/S06E12_2352_2.npy,
311439,412142,1503396,6,12,2376,0,1080,1920,783,137,1135,489,123904,0.06,data/encodings/house_2004_0412142/S06E12_2376_0.npy,
311440,412142,1503396,6,12,2424,0,1080,1920,753,222,1362,830,370272,0.179,data/encodings/house_2004_0412142/S06E12_2424_0.npy,
311441,412142,1503396,6,12,3024,0,1080,1920,1293,247,1391,346,9702,0.005,data/encodings/house_2004_0412142/S06E12_3024_0.npy,
311442,412142,1503396,6,12,3024,1,1080,1920,774,160,892,278,13924,0.007,data/encodings/house_2004_0412142/S06E12_3024_1.npy,
311443,412142,1503396,6,12,3024,2,1080,1920,457,367,555,465,9604,0.005,data/encodings/house_2004_0412142/S06E12_3024_2.npy,
311444,412142,1503396,6,12,3048,0,1080,1920,517,353,599,435,6724,0.003,data/encodings/house_2004_0412142/S06E12_3048_0.npy,
311445,412142,1503396,6,12,3240,0,1080,1920,845,384,987,525,20022,0.01,data/encodings/house_2004_0412142/S06E12_3240_0.npy,
311446,412142,1503396,6,12,3312,0,1080,1920,732,107,976,351,59536,0.029,data/encodings/house_2004_0412142/S06E12_3312_0.npy,
311447,412142,1503396,6,12,3336,0,1080,1920,633,280,877,525,59780,0.029,data/encodings/house_2004_0412142/S06E12_3336_0.npy,
311448,412142,1503396,6,12,3360,0,1080,1920,533,244,885,596,123904,0.06,data/encodings/house_2004_0412142/S06E12_3360_0.npy,
311449,412142,1503396,6,12,3384,0,1080,1920,604,208,956,560,123904,0.06,data/encodings/house_2004_0412142/S06E12_3384_0.npy,
311450,412142,1503396,6,12,3408,0,1080,1920,569,208,921,560,123904,0.06,data/encodings/house_2004_0412142/S06E12_3408_0.npy,
311451,412142,1503396,6,12,3432,0,1080,1920,533,208,885,560,123904,0.06,data/encodings/house_2004_0412142/S06E12_3432_0.npy,
311452,412142,1503396,6,12,3456,0,1080,1920,569,208,921,560,123904,0.06,data/encodings/house_2004_0412142/S06E12_3456_0.npy,
311453,412142,1503396,6,12,3744,0,1080,1920,467,566,565,664,9604,0.005,data/encodings/house_2004_0412142/S06E12_3744_0.npy,
311454,412142,1503396,6,12,3768,0,1080,1920,888,147,1058,317,28900,0.014,data/encodings/house_2004_0412142/S06E12_3768_0.npy,
311455,412142,1503396,6,12,3792,0,1080,1920,806,82,1051,327,60025,0.029,data/encodings/house_2004_0412142/S06E12_3792_0.npy,
311456,412142,1503396,6,12,3816,0,1080,1920,596,536,695,634,9702,0.005,data/encodings/house_2004_0412142/S06E12_3816_0.npy,
311457,412142,1503396,6,12,3840,0,1080,1920,340,218,763,640,178506,0.086,data/encodings/house_2004_0412142/S06E12_3840_0.npy,
311458,412142,1503396,6,12,3864,0,1080,1920,229,210,736,717,257049,0.124,data/encodings/house_2004_0412142/S06E12_3864_0.npy,
311459,412142,1503396,6,12,3888,0,1080,1920,909,182,1113,385,41412,0.02,data/encodings/house_2004_0412142/S06E12_3888_0.npy,
311460,412142,1503396,6,12,3912,0,1080,1920,930,132,1174,376,59536,0.029,data/encodings/house_2004_0412142/S06E12_3912_0.npy,
311461,412142,1503396,6,12,3936,0,1080,1920,971,223,1174,427,41412,0.02,data/encodings/house_2004_0412142/S06E12_3936_0.npy,
311462,412142,1503396,6,12,3960,0,1080,1920,929,182,1133,385,41412,0.02,data/encodings/house_2004_0412142/S06E12_3960_0.npy,
311463,412142,1503396,6,12,3984,0,1080,1920,178,210,685,717,257049,0.124,data/encodings/house_2004_0412142/S06E12_3984_0.npy,
311464,412142,1503396,6,12,4008,0,1080,1920,930,181,1174,426,59780,0.029,data/encodings/house_2004_0412142/S06E12_4008_0.npy,
311465,412142,1503396,6,12,4056,0,1080,1920,486,313,993,820,257049,0.124,data/encodings/house_2004_0412142/S06E12_4056_0.npy,
311466,412142,1503396,6,12,4080,0,1080,1920,435,262,942,769,257049,0.124,data/encodings/house_2004_0412142/S06E12_4080_0.npy,
311467,412142,1503396,6,12,4104,0,1080,1920,897,346,1319,769,178506,0.086,data/encodings/house_2004_0412142/S06E12_4104_0.npy,
311468,412142,1503396,6,12,4128,0,1080,1920,897,261,1319,683,178084,0.086,data/encodings/house_2004_0412142/S06E12_4128_0.npy,
311469,412142,1503396,6,12,4152,0,1080,1920,897,261,1319,683,178084,0.086,data/encodings/house_2004_0412142/S06E12_4152_0.npy,
311470,412142,1503396,6,12,4176,0,1080,1920,854,172,1206,525,124256,0.06,data/encodings/house_2004_0412142/S06E12_4176_0.npy,
311471,412142,1503396,6,12,4200,0,1080,1920,469,261,891,683,178084,0.086,data/encodings/house_2004_0412142/S06E12_4200_0.npy,
311472,412142,1503396,6,12,4224,0,1080,1920,298,261,720,683,178084,0.086,data/encodings/house_2004_0412142/S06E12_4224_0.npy,
311473,412142,1503396,6,12,4248,0,1080,1920,280,210,788,717,257556,0.124,data/encodings/house_2004_0412142/S06E12_4248_0.npy,
311474,412142,1503396,6,12,4272,0,1080,1920,340,261,763,683,178506,0.086,data/encodings/house_2004_0412142/S06E12_4272_0.npy,
311475,412142,1503396,6,12,4296,0,1080,1920,332,210,839,717,257049,0.124,data/encodings/house_2004_0412142/S06E12_4296_0.npy,
311476,412142,1503396,6,12,4320,0,1080,1920,854,172,1206,525,124256,0.06,data/encodings/house_2004_0412142/S06E12_4320_0.npy,
311477,412142,1503396,6,12,4344,0,1080,1920,961,172,1313,525,124256,0.06,data/encodings/house_2004_0412142/S06E12_4344_0.npy,
311478,412142,1503396,6,12,4368,0,1080,1920,854,261,1277,683,178506,0.086,data/encodings/house_2004_0412142/S06E12_4368_0.npy,
311479,412142,1503396,6,12,4392,0,1080,1920,854,315,1206,667,123904,0.06,data/encodings/house_2004_0412142/S06E12_4392_0.npy,
311480,412142,1503396,6,12,4416,0,1080,1920,940,303,1362,726,178506,0.086,data/encodings/house_2004_0412142/S06E12_4416_0.npy,
311481,412142,1503396,6,12,4440,0,1080,1920,517,577,599,659,6724,0.003,data/encodings/house_2004_0412142/S06E12_4440_0.npy,
311482,412142,1503396,6,12,4464,0,1080,1920,507,576,605,674,9604,0.005,data/encodings/house_2004_0412142/S06E12_4464_0.npy,
311483,412142,1503396,6,12,4488,0,1080,1920,507,576,605,674,9604,0.005,data/encodings/house_2004_0412142/S06E12_4488_0.npy,
311484,412142,1503396,6,12,4512,0,1080,1920,487,576,585,674,9604,0.005,data/encodings/house_2004_0412142/S06E12_4512_0.npy,
311485,412142,1503396,6,12,4536,0,1080,1920,487,576,585,674,9604,0.005,data/encodings/house_2004_0412142/S06E12_4536_0.npy,
311486,412142,1503396,6,12,4560,0,1080,1920,426,303,849,726,178929,0.086,data/encodings/house_2004_0412142/S06E12_4560_0.npy,
311487,412142,1503396,6,12,4584,0,1080,1920,537,313,1044,820,257049,0.124,data/encodings/house_2004_0412142/S06E12_4584_0.npy,
311488,412142,1503396,6,12,4608,0,1080,1920,512,389,934,812,178506,0.086,data/encodings/house_2004_0412142/S06E12_4608_0.npy,
311489,412142,1503396,6,12,4632,0,1080,1920,1103,183,1245,325,20164,0.01,data/encodings/house_2004_0412142/S06E12_4632_0.npy,
311490,412142,1503396,6,12,4632,1,1080,1920,1146,491,1316,661,28900,0.014,data/encodings/house_2004_0412142/S06E12_4632_1.npy,
311491,412142,1503396,6,12,4632,2,1080,1920,1542,130,1711,299,28561,0.014,data/encodings/house_2004_0412142/S06E12_4632_2.npy,
311492,412142,1503396,6,12,4656,0,1080,1920,1075,226,1216,368,20022,0.01,data/encodings/house_2004_0412142/S06E12_4656_0.npy,
311493,412142,1503396,6,12,4656,1,1080,1920,1146,474,1316,643,28730,0.014,data/encodings/house_2004_0412142/S06E12_4656_1.npy,
311494,412142,1503396,6,12,4656,2,1080,1920,1542,112,1711,282,28730,0.014,data/encodings/house_2004_0412142/S06E12_4656_2.npy,
311495,412142,1503396,6,12,4680,0,1080,1920,1075,212,1216,353,19881,0.01,data/encodings/house_2004_0412142/S06E12_4680_0.npy,
311496,412142,1503396,6,12,4680,1,1080,1920,1163,474,1333,643,28730,0.014,data/encodings/house_2004_0412142/S06E12_4680_1.npy,
311497,412142,1503396,6,12,4680,2,1080,1920,1542,112,1711,282,28730,0.014,data/encodings/house_2004_0412142/S06E12_4680_2.npy,
311498,412142,1503396,6,12,4704,0,1080,1920,1163,474,1333,643,28730,0.014,data/encodings/house_2004_0412142/S06E12_4704_0.npy,
311499,412142,1503396,6,12,4704,1,1080,1920,1075,197,1216,339,20022,0.01,data/encodings/house_2004_0412142/S06E12_4704_1.npy,
311500,412142,1503396,6,12,4704,2,1080,1920,1542,112,1711,282,28730,0.014,data/encodings/house_2004_0412142/S06E12_4704_2.npy,
311501,412142,1503396,6,12,4728,0,1080,1920,1089,140,1231,282,20164,0.01,data/encodings/house_2004_0412142/S06E12_4728_0.npy,
311502,412142,1503396,6,12,4728,1,1080,1920,1175,484,1317,626,20164,0.01,data/encodings/house_2004_0412142/S06E12_4728_1.npy,
311503,412142,1503396,6,12,4728,2,1080,1920,1542,112,1711,282,28730,0.014,data/encodings/house_2004_0412142/S06E12_4728_2.npy,
311504,412142,1503396,6,12,4752,0,1080,1920,732,255,976,500,59780,0.029,data/encodings/house_2004_0412142/S06E12_4752_0.npy,
311505,412142,1503396,6,12,4776,0,1080,1920,1078,132,1323,376,59780,0.029,data/encodings/house_2004_0412142/S06E12_4776_0.npy,
311506,412142,1503396,6,12,4800,0,1080,1920,783,386,1135,739,124256,0.06,data/encodings/house_2004_0412142/S06E12_4800_0.npy,
311507,412142,1503396,6,12,4824,0,1080,1920,711,351,1063,703,123904,0.06,data/encodings/house_2004_0412142/S06E12_4824_0.npy,
311508,412142,1503396,6,12,4848,0,1080,1920,1246,172,1598,525,124256,0.06,data/encodings/house_2004_0412142/S06E12_4848_0.npy,
311509,412142,1503396,6,12,4920,0,1080,1920,948,210,1455,717,257049,0.124,data/encodings/house_2004_0412142/S06E12_4920_0.npy,
311510,412142,1503396,6,12,4944,0,1080,1920,897,262,1404,769,257049,0.124,data/encodings/house_2004_0412142/S06E12_4944_0.npy,
311511,412142,1503396,6,12,4968,0,1080,1920,897,313,1404,820,257049,0.124,data/encodings/house_2004_0412142/S06E12_4968_0.npy,
311512,412142,1503396,6,12,4992,0,1080,1920,1260,182,1463,385,41209,0.02,data/encodings/house_2004_0412142/S06E12_4992_0.npy,
311513,412142,1503396,6,12,4992,1,1080,1920,847,182,1051,385,41412,0.02,data/encodings/house_2004_0412142/S06E12_4992_1.npy,
311514,412142,1503396,6,12,4992,2,1080,1920,311,57,555,302,59780,0.029,data/encodings/house_2004_0412142/S06E12_4992_2.npy,
311515,412142,1503396,6,12,5088,0,1080,1920,785,140,989,344,41616,0.02,data/encodings/house_2004_0412142/S06E12_5088_0.npy,
311516,412142,1503396,6,12,5088,1,1080,1920,1284,181,1453,351,28730,0.014,data/encodings/house_2004_0412142/S06E12_5088_1.npy,
311517,412142,1503396,6,12,5112,0,1080,1920,1284,198,1453,368,28730,0.014,data/encodings/house_2004_0412142/S06E12_5112_0.npy,
311518,412142,1503396,6,12,5136,0,1080,1920,747,315,1099,667,123904,0.06,data/encodings/house_2004_0412142/S06E12_5136_0.npy,
311519,412142,1503396,6,12,5184,0,1080,1920,763,344,1057,637,86142,0.042,data/encodings/house_2004_0412142/S06E12_5184_0.npy,
311520,412142,1503396,6,12,5208,0,1080,1920,743,56,1250,563,257049,0.124,data/encodings/house_2004_0412142/S06E12_5208_0.npy,
311521,412142,1503396,6,12,5232,0,1080,1920,516,17,1246,747,532900,0.257,data/encodings/house_2004_0412142/S06E12_5232_0.npy,
311522,412142,1503396,6,12,5256,0,1080,1920,608,255,852,500,59780,0.029,data/encodings/house_2004_0412142/S06E12_5256_0.npy,
311523,412142,1503396,6,12,5280,0,1080,1920,732,330,976,574,59536,0.029,data/encodings/house_2004_0412142/S06E12_5280_0.npy,
311524,412142,1503396,6,12,5304,0,1080,1920,585,225,878,519,86142,0.042,data/encodings/house_2004_0412142/S06E12_5304_0.npy,
311525,412142,1503396,6,12,5328,0,1080,1920,407,136,700,429,85849,0.041,data/encodings/house_2004_0412142/S06E12_5328_0.npy,
311526,412142,1503396,6,12,5352,0,1080,1920,377,255,670,548,85849,0.041,data/encodings/house_2004_0412142/S06E12_5352_0.npy,
311527,412142,1503396,6,12,5376,0,1080,1920,585,136,878,429,85849,0.041,data/encodings/house_2004_0412142/S06E12_5376_0.npy,
311528,412142,1503396,6,12,5376,1,1080,1920,1496,261,1919,683,178506,0.086,data/encodings/house_2004_0412142/S06E12_5376_1.npy,
311529,412142,1503396,6,12,5400,0,1080,1920,317,255,611,548,86142,0.042,data/encodings/house_2004_0412142/S06E12_5400_0.npy,
311530,412142,1503396,6,12,5424,0,1080,1920,882,285,1176,578,86142,0.042,data/encodings/house_2004_0412142/S06E12_5424_0.npy,
311531,412142,1503396,6,12,5448,0,1080,1920,1177,264,1381,468,41616,0.02,data/encodings/house_2004_0412142/S06E12_5448_0.npy,
311532,412142,1503396,6,12,5448,1,1080,1920,389,336,559,506,28900,0.014,data/encodings/house_2004_0412142/S06E12_5448_1.npy,
311533,412142,1503396,6,12,5472,0,1080,1920,358,341,500,482,20022,0.01,data/encodings/house_2004_0412142/S06E12_5472_0.npy,
311534,412142,1503396,6,12,5472,1,1080,1920,1232,233,1402,403,28900,0.014,data/encodings/house_2004_0412142/S06E12_5472_1.npy,
311535,412142,1503396,6,12,5496,0,1080,1920,1266,250,1436,420,28900,0.014,data/encodings/house_2004_0412142/S06E12_5496_0.npy,
311536,412142,1503396,6,12,5496,1,1080,1920,424,302,594,471,28730,0.014,data/encodings/house_2004_0412142/S06E12_5496_1.npy,
311537,412142,1503396,6,12,5520,0,1080,1920,747,172,1099,525,124256,0.06,data/encodings/house_2004_0412142/S06E12_5520_0.npy,
311538,412142,1503396,6,12,5544,0,1080,1920,1196,175,1619,598,178929,0.086,data/encodings/house_2004_0412142/S06E12_5544_0.npy,
311539,412142,1503396,6,12,5568,0,1080,1920,657,132,902,376,59780,0.029,data/encodings/house_2004_0412142/S06E12_5568_0.npy,
311540,412142,1503396,6,12,5592,0,1080,1920,674,136,968,429,86142,0.042,data/encodings/house_2004_0412142/S06E12_5592_0.npy,
311541,412142,1503396,6,12,5616,0,1080,1920,644,136,938,429,86142,0.042,data/encodings/house_2004_0412142/S06E12_5616_0.npy,
311542,412142,1503396,6,12,5640,0,1080,1920,674,166,968,459,86142,0.042,data/encodings/house_2004_0412142/S06E12_5640_0.npy,
311543,412142,1503396,6,12,5664,0,1080,1920,1269,285,1562,578,85849,0.041,data/encodings/house_2004_0412142/S06E12_5664_0.npy,
311544,412142,1503396,6,12,5664,1,1080,1920,355,65,707,418,124256,0.06,data/encodings/house_2004_0412142/S06E12_5664_1.npy,
311545,412142,1503396,6,12,5688,0,1080,1920,537,262,1044,769,257049,0.124,data/encodings/house_2004_0412142/S06E12_5688_0.npy,
311546,412142,1503396,6,12,5712,0,1080,1920,1068,303,1491,726,178929,0.086,data/encodings/house_2004_0412142/S06E12_5712_0.npy,
311547,412142,1503396,6,12,5712,1,1080,1920,178,159,685,666,257049,0.124,data/encodings/house_2004_0412142/S06E12_5712_1.npy,
311548,412142,1503396,6,12,5736,0,1080,1920,1154,303,1576,726,178506,0.086,data/encodings/house_2004_0412142/S06E12_5736_0.npy,
311549,412142,1503396,6,12,5760,0,1080,1920,1111,303,1533,726,178506,0.086,data/encodings/house_2004_0412142/S06E12_5760_0.npy,
311550,412142,1503396,6,12,5760,1,1080,1920,255,218,677,640,178084,0.086,data/encodings/house_2004_0412142/S06E12_5760_1.npy,
311551,412142,1503396,6,12,5784,0,1080,1920,1111,303,1533,726,178506,0.086,data/encodings/house_2004_0412142/S06E12_5784_0.npy,
311552,412142,1503396,6,12,5784,1,1080,1920,298,218,720,640,178084,0.086,data/encodings/house_2004_0412142/S06E12_5784_1.npy,
311553,412142,1503396,6,12,5808,0,1080,1920,589,313,1096,820,257049,0.124,data/encodings/house_2004_0412142/S06E12_5808_0.npy,
311554,412142,1503396,6,12,5832,0,1080,1920,726,346,1148,769,178506,0.086,data/encodings/house_2004_0412142/S06E12_5832_0.npy,
311555,412142,1503396,6,12,5856,0,1080,1920,726,303,1148,726,178506,0.086,data/encodings/house_2004_0412142/S06E12_5856_0.npy,
311556,412142,1503396,6,12,5880,0,1080,1920,537,262,1044,769,257049,0.124,data/encodings/house_2004_0412142/S06E12_5880_0.npy,
311557,412142,1503396,6,12,5904,0,1080,1920,383,108,890,615,257049,0.124,data/encodings/house_2004_0412142/S06E12_5904_0.npy,
311558,412142,1503396,6,12,5928,0,1080,1920,691,56,1198,563,257049,0.124,data/encodings/house_2004_0412142/S06E12_5928_0.npy,
311559,412142,1503396,6,12,5952,0,1080,1920,640,108,1147,615,257049,0.124,data/encodings/house_2004_0412142/S06E12_5952_0.npy,
311560,412142,1503396,6,12,5976,0,1080,1920,260,345,868,954,370272,0.179,data/encodings/house_2004_0412142/S06E12_5976_0.npy,
311561,412142,1503396,6,12,6000,0,1080,1920,260,284,868,892,369664,0.178,data/encodings/house_2004_0412142/S06E12_6000_0.npy,
311562,412142,1503396,6,12,6024,0,1080,1920,260,284,868,892,369664,0.178,data/encodings/house_2004_0412142/S06E12_6024_0.npy,
311563,412142,1503396,6,12,6048,0,1080,1920,630,99,1238,707,369664,0.178,data/encodings/house_2004_0412142/S06E12_6048_0.npy,
311564,412142,1503396,6,12,6072,0,1080,1920,794,108,1301,615,257049,0.124,data/encodings/house_2004_0412142/S06E12_6072_0.npy,
311565,412142,1503396,6,12,6120,0,1080,1920,845,210,1353,717,257556,0.124,data/encodings/house_2004_0412142/S06E12_6120_0.npy,
311566,412142,1503396,6,12,6144,0,1080,1920,794,210,1301,717,257049,0.124,data/encodings/house_2004_0412142/S06E12_6144_0.npy,
311567,412142,1503396,6,12,6168,0,1080,1920,1102,262,1609,769,257049,0.124,data/encodings/house_2004_0412142/S06E12_6168_0.npy,
311568,412142,1503396,6,12,6192,0,1080,1920,351,264,555,468,41616,0.02,data/encodings/house_2004_0412142/S06E12_6192_0.npy,
311569,412142,1503396,6,12,6192,1,1080,1920,1400,82,1645,327,60025,0.029,data/encodings/house_2004_0412142/S06E12_6192_1.npy,
311570,412142,1503396,6,12,6216,0,1080,1920,1466,140,1670,344,41616,0.02,data/encodings/house_2004_0412142/S06E12_6216_0.npy,
311571,412142,1503396,6,12,6216,1,1080,1920,331,202,535,406,41616,0.02,data/encodings/house_2004_0412142/S06E12_6216_1.npy,
311572,412142,1503396,6,12,6240,0,1080,1920,1115,78,1319,282,41616,0.02,data/encodings/house_2004_0412142/S06E12_6240_0.npy,
311573,412142,1503396,6,12,6240,1,1080,1920,616,208,715,306,9702,0.005,data/encodings/house_2004_0412142/S06E12_6240_1.npy,
311574,412142,1503396,6,12,6264,0,1080,1920,1249,95,1419,265,28900,0.014,data/encodings/house_2004_0412142/S06E12_6264_0.npy,
311575,412142,1503396,6,12,6264,1,1080,1920,606,198,705,296,9702,0.005,data/encodings/house_2004_0412142/S06E12_6264_1.npy,
311576,412142,1503396,6,12,6288,0,1080,1920,699,181,869,351,28900,0.014,data/encodings/house_2004_0412142/S06E12_6288_0.npy,
311577,412142,1503396,6,12,6288,1,1080,1920,109,344,403,637,86142,0.042,data/encodings/house_2004_0412142/S06E12_6288_1.npy,
311578,412142,1503396,6,12,6312,0,1080,1920,991,182,1195,385,41412,0.02,data/encodings/house_2004_0412142/S06E12_6312_0.npy,
311579,412142,1503396,6,12,6312,1,1080,1920,162,156,407,401,60025,0.029,data/encodings/house_2004_0412142/S06E12_6312_1.npy,
311580,412142,1503396,6,12,6336,0,1080,1920,187,156,431,401,59780,0.029,data/encodings/house_2004_0412142/S06E12_6336_0.npy,
311581,412142,1503396,6,12,6336,1,1080,1920,1008,181,1178,351,28900,0.014,data/encodings/house_2004_0412142/S06E12_6336_1.npy,
311582,412142,1503396,6,12,6360,0,1080,1920,436,136,730,429,86142,0.042,data/encodings/house_2004_0412142/S06E12_6360_0.npy,
311583,412142,1503396,6,12,6384,0,1080,1920,260,222,868,830,369664,0.178,data/encodings/house_2004_0412142/S06E12_6384_0.npy,
311584,412142,1503396,6,12,6408,0,1080,1920,1123,99,1731,707,369664,0.178,data/encodings/house_2004_0412142/S06E12_6408_0.npy,
311585,412142,1503396,6,12,6504,0,1080,1920,1025,175,1448,598,178929,0.086,data/encodings/house_2004_0412142/S06E12_6504_0.npy,
311586,412142,1503396,6,12,6528,0,1080,1920,940,218,1362,640,178084,0.086,data/encodings/house_2004_0412142/S06E12_6528_0.npy,
311587,412142,1503396,6,12,6552,0,1080,1920,854,218,1277,640,178506,0.086,data/encodings/house_2004_0412142/S06E12_6552_0.npy,
311588,412142,1503396,6,12,6600,0,1080,1920,1179,106,1473,400,86436,0.042,data/encodings/house_2004_0412142/S06E12_6600_0.npy,
311589,412142,1503396,6,12,6624,0,1080,1920,940,218,1362,640,178084,0.086,data/encodings/house_2004_0412142/S06E12_6624_0.npy,
311590,412142,1503396,6,12,6648,0,1080,1920,940,218,1362,640,178084,0.086,data/encodings/house_2004_0412142/S06E12_6648_0.npy,
311591,412142,1503396,6,12,6672,0,1080,1920,1179,136,1473,429,86142,0.042,data/encodings/house_2004_0412142/S06E12_6672_0.npy,
311592,412142,1503396,6,12,6696,0,1080,1920,1074,99,1278,303,41616,0.02,data/encodings/house_2004_0412142/S06E12_6696_0.npy,
311593,412142,1503396,6,12,6720,0,1080,1920,1074,99,1278,303,41616,0.02,data/encodings/house_2004_0412142/S06E12_6720_0.npy,
311594,412142,1503396,6,12,6744,0,1080,1920,1061,136,1354,429,85849,0.041,data/encodings/house_2004_0412142/S06E12_6744_0.npy,
311595,412142,1503396,6,12,6768,0,1080,1920,1090,136,1384,429,86142,0.042,data/encodings/house_2004_0412142/S06E12_6768_0.npy,
311596,412142,1503396,6,12,6792,0,1080,1920,1198,99,1401,303,41412,0.02,data/encodings/house_2004_0412142/S06E12_6792_0.npy,
311597,412142,1503396,6,12,6816,0,1080,1920,1090,136,1384,429,86142,0.042,data/encodings/house_2004_0412142/S06E12_6816_0.npy,
311598,412142,1503396,6,12,6864,0,1080,1920,1090,77,1384,370,86142,0.042,data/encodings/house_2004_0412142/S06E12_6864_0.npy,
311599,412142,1503396,6,12,6888,0,1080,1920,1178,132,1422,376,59536,0.029,data/encodings/house_2004_0412142/S06E12_6888_0.npy,
311600,412142,1503396,6,12,6912,0,1080,1920,1198,120,1401,324,41412,0.02,data/encodings/house_2004_0412142/S06E12_6912_0.npy,
311601,412142,1503396,6,12,6936,0,1080,1920,1198,120,1401,324,41412,0.02,data/encodings/house_2004_0412142/S06E12_6936_0.npy,
311602,412142,1503396,6,12,6960,0,1080,1920,1218,120,1422,324,41616,0.02,data/encodings/house_2004_0412142/S06E12_6960_0.npy,
311603,412142,1503396,6,12,6984,0,1080,1920,1120,136,1413,429,85849,0.041,data/encodings/house_2004_0412142/S06E12_6984_0.npy,
311604,412142,1503396,6,12,7032,0,1080,1920,1239,120,1443,324,41616,0.02,data/encodings/house_2004_0412142/S06E12_7032_0.npy,
311605,412142,1503396,6,12,7056,0,1080,1920,1120,77,1413,370,85849,0.041,data/encodings/house_2004_0412142/S06E12_7056_0.npy,
311606,412142,1503396,6,12,7080,0,1080,1920,1150,106,1443,400,86142,0.042,data/encodings/house_2004_0412142/S06E12_7080_0.npy,
311607,412142,1503396,6,12,7176,0,1080,1920,1120,77,1413,370,85849,0.041,data/encodings/house_2004_0412142/S06E12_7176_0.npy,
311608,412142,1503396,6,12,7200,0,1080,1920,1358,106,1651,400,86142,0.042,data/encodings/house_2004_0412142/S06E12_7200_0.npy,
311609,412142,1503396,6,12,7224,0,1080,1920,1029,107,1273,351,59536,0.029,data/encodings/house_2004_0412142/S06E12_7224_0.npy,
311610,412142,1503396,6,12,7248,0,1080,1920,794,262,1301,769,257049,0.124,data/encodings/house_2004_0412142/S06E12_7248_0.npy,
311611,412142,1503396,6,12,7272,0,1080,1920,999,262,1507,769,257556,0.124,data/encodings/house_2004_0412142/S06E12_7272_0.npy,
311612,412142,1503396,6,12,7296,0,1080,1920,845,467,1353,974,257556,0.124,data/encodings/house_2004_0412142/S06E12_7296_0.npy,
311613,412142,1503396,6,12,7320,0,1080,1920,1128,107,1373,351,59780,0.029,data/encodings/house_2004_0412142/S06E12_7320_0.npy,
311614,412142,1503396,6,12,7344,0,1080,1920,1090,136,1384,429,86142,0.042,data/encodings/house_2004_0412142/S06E12_7344_0.npy,
311615,412142,1503396,6,12,7368,0,1080,1920,1090,195,1384,489,86436,0.042,data/encodings/house_2004_0412142/S06E12_7368_0.npy,
311616,412142,1503396,6,12,7392,0,1080,1920,867,99,1071,303,41616,0.02,data/encodings/house_2004_0412142/S06E12_7392_0.npy,
311617,412142,1503396,6,12,7392,1,1080,1920,434,450,638,654,41616,0.02,data/encodings/house_2004_0412142/S06E12_7392_1.npy,
311618,412142,1503396,6,12,7416,0,1080,1920,847,120,1051,324,41616,0.02,data/encodings/house_2004_0412142/S06E12_7416_0.npy,
311619,412142,1503396,6,12,7416,1,1080,1920,393,450,597,654,41616,0.02,data/encodings/house_2004_0412142/S06E12_7416_1.npy,
311620,412142,1503396,6,12,7440,0,1080,1920,867,120,1071,324,41616,0.02,data/encodings/house_2004_0412142/S06E12_7440_0.npy,
311621,412142,1503396,6,12,7440,1,1080,1920,424,456,594,626,28900,0.014,data/encodings/house_2004_0412142/S06E12_7440_1.npy,
311622,412142,1503396,6,12,7464,0,1080,1920,867,140,1071,344,41616,0.02,data/encodings/house_2004_0412142/S06E12_7464_0.npy,
311623,412142,1503396,6,12,7464,1,1080,1920,424,439,594,609,28900,0.014,data/encodings/house_2004_0412142/S06E12_7464_1.npy,
311624,412142,1503396,6,12,7488,0,1080,1920,871,147,1041,317,28900,0.014,data/encodings/house_2004_0412142/S06E12_7488_0.npy,
311625,412142,1503396,6,12,7488,1,1080,1920,424,439,594,609,28900,0.014,data/encodings/house_2004_0412142/S06E12_7488_1.npy,
311626,412142,1503396,6,12,7512,0,1080,1920,867,120,1071,324,41616,0.02,data/encodings/house_2004_0412142/S06E12_7512_0.npy,
311627,412142,1503396,6,12,7512,1,1080,1920,424,439,594,609,28900,0.014,data/encodings/house_2004_0412142/S06E12_7512_1.npy,
311628,412142,1503396,6,12,7536,0,1080,1920,867,140,1071,344,41616,0.02,data/encodings/house_2004_0412142/S06E12_7536_0.npy,
311629,412142,1503396,6,12,7536,1,1080,1920,424,422,594,592,28900,0.014,data/encodings/house_2004_0412142/S06E12_7536_1.npy,
311630,412142,1503396,6,12,7560,0,1080,1920,462,172,814,525,124256,0.06,data/encodings/house_2004_0412142/S06E12_7560_0.npy,
311631,412142,1503396,6,12,7584,0,1080,1920,462,137,814,489,123904,0.06,data/encodings/house_2004_0412142/S06E12_7584_0.npy,
311632,412142,1503396,6,12,7608,0,1080,1920,310,429,514,633,41616,0.02,data/encodings/house_2004_0412142/S06E12_7608_0.npy,
311633,412142,1503396,6,12,7608,1,1080,1920,826,99,1030,303,41616,0.02,data/encodings/house_2004_0412142/S06E12_7608_1.npy,
311634,412142,1503396,6,12,7632,0,1080,1920,826,99,1030,303,41616,0.02,data/encodings/house_2004_0412142/S06E12_7632_0.npy,
311635,412142,1503396,6,12,7632,1,1080,1920,310,429,514,633,41616,0.02,data/encodings/house_2004_0412142/S06E12_7632_1.npy,
311636,412142,1503396,6,12,7656,0,1080,1920,269,409,473,613,41616,0.02,data/encodings/house_2004_0412142/S06E12_7656_0.npy,
311637,412142,1503396,6,12,7656,1,1080,1920,806,231,1051,475,59780,0.029,data/encodings/house_2004_0412142/S06E12_7656_1.npy,
311638,412142,1503396,6,12,7680,0,1080,1920,1094,264,1298,468,41616,0.02,data/encodings/house_2004_0412142/S06E12_7680_0.npy,
311639,412142,1503396,6,12,7680,1,1080,1920,228,326,431,530,41412,0.02,data/encodings/house_2004_0412142/S06E12_7680_1.npy,
311640,412142,1503396,6,12,7704,0,1080,1920,1012,264,1216,468,41616,0.02,data/encodings/house_2004_0412142/S06E12_7704_0.npy,
311641,412142,1503396,6,12,7704,1,1080,1920,186,285,390,489,41616,0.02,data/encodings/house_2004_0412142/S06E12_7704_1.npy,
311642,412142,1503396,6,12,7728,0,1080,1920,1012,264,1216,468,41616,0.02,data/encodings/house_2004_0412142/S06E12_7728_0.npy,
311643,412142,1503396,6,12,7752,0,1080,1920,533,172,885,525,124256,0.06,data/encodings/house_2004_0412142/S06E12_7752_0.npy,
311644,412142,1503396,6,12,7776,0,1080,1920,497,65,849,418,124256,0.06,data/encodings/house_2004_0412142/S06E12_7776_0.npy,
311645,412142,1503396,6,12,7800,0,1080,1920,1179,255,1473,548,86142,0.042,data/encodings/house_2004_0412142/S06E12_7800_0.npy,
311646,412142,1503396,6,12,7824,0,1080,1920,1150,225,1443,519,86142,0.042,data/encodings/house_2004_0412142/S06E12_7824_0.npy,
311647,412142,1503396,6,12,7848,0,1080,1920,1150,225,1443,519,86142,0.042,data/encodings/house_2004_0412142/S06E12_7848_0.npy,
311648,412142,1503396,6,12,7872,0,1080,1920,383,175,806,598,178929,0.086,data/encodings/house_2004_0412142/S06E12_7872_0.npy,
311649,412142,1503396,6,12,7896,0,1080,1920,298,175,720,598,178506,0.086,data/encodings/house_2004_0412142/S06E12_7896_0.npy,
311650,412142,1503396,6,12,7920,0,1080,1920,497,244,849,596,123904,0.06,data/encodings/house_2004_0412142/S06E12_7920_0.npy,
311651,412142,1503396,6,12,7944,0,1080,1920,462,244,814,596,123904,0.06,data/encodings/house_2004_0412142/S06E12_7944_0.npy,
311652,412142,1503396,6,12,7968,0,1080,1920,355,172,707,525,124256,0.06,data/encodings/house_2004_0412142/S06E12_7968_0.npy,
311653,412142,1503396,6,12,7992,0,1080,1920,426,137,778,489,123904,0.06,data/encodings/house_2004_0412142/S06E12_7992_0.npy,
311654,412142,1503396,6,12,8016,0,1080,1920,426,172,778,525,124256,0.06,data/encodings/house_2004_0412142/S06E12_8016_0.npy,
311655,412142,1503396,6,12,8040,0,1080,1920,1389,244,1741,596,123904,0.06,data/encodings/house_2004_0412142/S06E12_8040_0.npy,
311656,412142,1503396,6,12,8040,1,1080,1920,105,137,457,489,123904,0.06,data/encodings/house_2004_0412142/S06E12_8040_1.npy,
311657,412142,1503396,6,12,8064,0,1080,1920,141,137,493,489,123904,0.06,data/encodings/house_2004_0412142/S06E12_8064_0.npy,
311658,412142,1503396,6,12,8064,1,1080,1920,1389,244,1741,596,123904,0.06,data/encodings/house_2004_0412142/S06E12_8064_1.npy,
311659,412142,1503396,6,12,8088,0,1080,1920,1389,244,1741,596,123904,0.06,data/encodings/house_2004_0412142/S06E12_8088_0.npy,
311660,412142,1503396,6,12,8088,1,1080,1920,141,101,493,453,123904,0.06,data/encodings/house_2004_0412142/S06E12_8088_1.npy,
311661,412142,1503396,6,12,8112,0,1080,1920,355,172,707,525,124256,0.06,data/encodings/house_2004_0412142/S06E12_8112_0.npy,
311662,412142,1503396,6,12,8136,0,1080,1920,426,172,778,525,124256,0.06,data/encodings/house_2004_0412142/S06E12_8136_0.npy,
311663,412142,1503396,6,12,8160,0,1080,1920,280,159,788,666,257556,0.124,data/encodings/house_2004_0412142/S06E12_8160_0.npy,
311664,412142,1503396,6,12,8184,0,1080,1920,426,175,849,598,178929,0.086,data/encodings/house_2004_0412142/S06E12_8184_0.npy,
311665,412142,1503396,6,12,8208,0,1080,1920,332,56,839,563,257049,0.124,data/encodings/house_2004_0412142/S06E12_8208_0.npy,
311666,412142,1503396,6,12,8232,0,1080,1920,332,108,839,615,257049,0.124,data/encodings/house_2004_0412142/S06E12_8232_0.npy,
311667,412142,1503396,6,12,8256,0,1080,1920,332,108,839,615,257049,0.124,data/encodings/house_2004_0412142/S06E12_8256_0.npy,
311668,412142,1503396,6,12,8280,0,1080,1920,383,175,806,598,178929,0.086,data/encodings/house_2004_0412142/S06E12_8280_0.npy,
311669,412142,1503396,6,12,8304,0,1080,1920,340,175,763,598,178929,0.086,data/encodings/house_2004_0412142/S06E12_8304_0.npy,
311670,412142,1503396,6,12,8328,0,1080,1920,1179,285,1473,578,86142,0.042,data/encodings/house_2004_0412142/S06E12_8328_0.npy,
311671,412142,1503396,6,12,8352,0,1080,1920,1175,244,1527,596,123904,0.06,data/encodings/house_2004_0412142/S06E12_8352_0.npy,
311672,412142,1503396,6,12,8376,0,1080,1920,383,56,890,563,257049,0.124,data/encodings/house_2004_0412142/S06E12_8376_0.npy,
311673,412142,1503396,6,12,8400,0,1080,1920,486,108,993,615,257049,0.124,data/encodings/house_2004_0412142/S06E12_8400_0.npy,
311674,412142,1503396,6,12,8424,0,1080,1920,390,137,742,489,123904,0.06,data/encodings/house_2004_0412142/S06E12_8424_0.npy,
311675,412142,1503396,6,12,8448,0,1080,1920,355,172,707,525,124256,0.06,data/encodings/house_2004_0412142/S06E12_8448_0.npy,
311676,412142,1503396,6,12,8472,0,1080,1920,1139,244,1491,596,123904,0.06,data/encodings/house_2004_0412142/S06E12_8472_0.npy,
311677,412142,1503396,6,12,8496,0,1080,1920,1202,280,1447,525,60025,0.029,data/encodings/house_2004_0412142/S06E12_8496_0.npy,
311678,412142,1503396,6,12,8520,0,1080,1920,876,222,1485,830,370272,0.179,data/encodings/house_2004_0412142/S06E12_8520_0.npy,
311679,412142,1503396,6,12,8544,0,1080,1920,876,222,1485,830,370272,0.179,data/encodings/house_2004_0412142/S06E12_8544_0.npy,
311680,412142,1503396,6,12,8568,0,1080,1920,1051,210,1558,717,257049,0.124,data/encodings/house_2004_0412142/S06E12_8568_0.npy,
311681,412142,1503396,6,12,8592,0,1080,1920,768,303,1191,726,178929,0.086,data/encodings/house_2004_0412142/S06E12_8592_0.npy,
311682,412142,1503396,6,12,8616,0,1080,1920,426,346,849,769,178929,0.086,data/encodings/house_2004_0412142/S06E12_8616_0.npy,
311683,412142,1503396,6,12,8640,0,1080,1920,469,346,891,769,178506,0.086,data/encodings/house_2004_0412142/S06E12_8640_0.npy,
311684,412142,1503396,6,12,8664,0,1080,1920,512,346,934,769,178506,0.086,data/encodings/house_2004_0412142/S06E12_8664_0.npy,
311685,412142,1503396,6,12,8688,0,1080,1920,512,303,934,726,178506,0.086,data/encodings/house_2004_0412142/S06E12_8688_0.npy,
311686,412142,1503396,6,12,8712,0,1080,1920,469,303,891,726,178506,0.086,data/encodings/house_2004_0412142/S06E12_8712_0.npy,
311687,412142,1503396,6,12,8736,0,1080,1920,948,210,1455,717,257049,0.124,data/encodings/house_2004_0412142/S06E12_8736_0.npy,
311688,412142,1503396,6,12,8760,0,1080,1920,1068,303,1491,726,178929,0.086,data/encodings/house_2004_0412142/S06E12_8760_0.npy,
311689,412142,1503396,6,12,8784,0,1080,1920,948,262,1455,769,257049,0.124,data/encodings/house_2004_0412142/S06E12_8784_0.npy,
311690,412142,1503396,6,12,8808,0,1080,1920,982,261,1405,683,178506,0.086,data/encodings/house_2004_0412142/S06E12_8808_0.npy,
311691,412142,1503396,6,12,8832,0,1080,1920,948,262,1455,769,257049,0.124,data/encodings/house_2004_0412142/S06E12_8832_0.npy,
311692,412142,1503396,6,12,8856,0,1080,1920,948,262,1455,769,257049,0.124,data/encodings/house_2004_0412142/S06E12_8856_0.npy,
311693,412142,1503396,6,12,8880,0,1080,1920,1025,303,1448,726,178929,0.086,data/encodings/house_2004_0412142/S06E12_8880_0.npy,
311694,412142,1503396,6,12,8904,0,1080,1920,1111,389,1533,812,178506,0.086,data/encodings/house_2004_0412142/S06E12_8904_0.npy,
311695,412142,1503396,6,12,8928,0,1080,1920,1025,261,1448,683,178506,0.086,data/encodings/house_2004_0412142/S06E12_8928_0.npy,
311696,412142,1503396,6,12,8952,0,1080,1920,999,210,1507,717,257556,0.124,data/encodings/house_2004_0412142/S06E12_8952_0.npy,
311697,412142,1503396,6,12,8976,0,1080,1920,426,261,849,683,178506,0.086,data/encodings/house_2004_0412142/S06E12_8976_0.npy,
311698,412142,1503396,6,12,9000,0,1080,1920,383,261,806,683,178506,0.086,data/encodings/house_2004_0412142/S06E12_9000_0.npy,
311699,412142,1503396,6,12,9024,0,1080,1920,383,261,806,683,178506,0.086,data/encodings/house_2004_0412142/S06E12_9024_0.npy,
311700,412142,1503396,6,12,9048,0,1080,1920,426,303,849,726,178929,0.086,data/encodings/house_2004_0412142/S06E12_9048_0.npy,
311701,412142,1503396,6,12,9072,0,1080,1920,426,303,849,726,178929,0.086,data/encodings/house_2004_0412142/S06E12_9072_0.npy,
311702,412142,1503396,6,12,9096,0,1080,1920,383,303,806,726,178929,0.086,data/encodings/house_2004_0412142/S06E12_9096_0.npy,
311703,412142,1503396,6,12,9120,0,1080,1920,332,262,839,769,257049,0.124,data/encodings/house_2004_0412142/S06E12_9120_0.npy,
311704,412142,1503396,6,12,9144,0,1080,1920,332,262,839,769,257049,0.124,data/encodings/house_2004_0412142/S06E12_9144_0.npy,
311705,412142,1503396,6,12,9168,0,1080,1920,426,303,849,726,178929,0.086,data/encodings/house_2004_0412142/S06E12_9168_0.npy,
311706,412142,1503396,6,12,9192,0,1080,1920,897,262,1404,769,257049,0.124,data/encodings/house_2004_0412142/S06E12_9192_0.npy,
311707,412142,1503396,6,12,9216,0,1080,1920,940,303,1362,726,178506,0.086,data/encodings/house_2004_0412142/S06E12_9216_0.npy,
311708,412142,1503396,6,12,9240,0,1080,1920,982,261,1405,683,178506,0.086,data/encodings/house_2004_0412142/S06E12_9240_0.npy,
311709,412142,1503396,6,12,9264,0,1080,1920,332,262,839,769,257049,0.124,data/encodings/house_2004_0412142/S06E12_9264_0.npy,
311710,412142,1503396,6,12,9288,0,1080,1920,280,262,788,769,257556,0.124,data/encodings/house_2004_0412142/S06E12_9288_0.npy,
311711,412142,1503396,6,12,9312,0,1080,1920,340,346,763,769,178929,0.086,data/encodings/house_2004_0412142/S06E12_9312_0.npy,
311712,412142,1503396,6,12,9336,0,1080,1920,383,261,806,683,178506,0.086,data/encodings/house_2004_0412142/S06E12_9336_0.npy,
311713,412142,1503396,6,12,9360,0,1080,1920,332,313,839,820,257049,0.124,data/encodings/house_2004_0412142/S06E12_9360_0.npy,
311714,412142,1503396,6,12,9384,0,1080,1920,942,446,1060,564,13924,0.007,data/encodings/house_2004_0412142/S06E12_9384_0.npy,
311715,412142,1503396,6,12,9384,1,1080,1920,516,169,657,310,19881,0.01,data/encodings/house_2004_0412142/S06E12_9384_1.npy,
311716,412142,1503396,6,12,9408,0,1080,1920,942,446,1060,564,13924,0.007,data/encodings/house_2004_0412142/S06E12_9408_0.npy,
311717,412142,1503396,6,12,9408,1,1080,1920,516,169,657,310,19881,0.01,data/encodings/house_2004_0412142/S06E12_9408_1.npy,
311718,412142,1503396,6,12,9432,0,1080,1920,332,262,839,769,257049,0.124,data/encodings/house_2004_0412142/S06E12_9432_0.npy,
311719,412142,1503396,6,12,9456,0,1080,1920,340,261,763,683,178506,0.086,data/encodings/house_2004_0412142/S06E12_9456_0.npy,
311720,412142,1503396,6,12,9480,0,1080,1920,383,346,806,769,178929,0.086,data/encodings/house_2004_0412142/S06E12_9480_0.npy,
311721,412142,1503396,6,12,9504,0,1080,1920,390,386,742,739,124256,0.06,data/encodings/house_2004_0412142/S06E12_9504_0.npy,
311722,412142,1503396,6,12,9528,0,1080,1920,1025,303,1448,726,178929,0.086,data/encodings/house_2004_0412142/S06E12_9528_0.npy,
311723,412142,1503396,6,12,9552,0,1080,1920,1051,313,1558,820,257049,0.124,data/encodings/house_2004_0412142/S06E12_9552_0.npy,
311724,412142,1503396,6,12,9576,0,1080,1920,340,218,763,640,178506,0.086,data/encodings/house_2004_0412142/S06E12_9576_0.npy,
311725,412142,1503396,6,12,9600,0,1080,1920,340,261,763,683,178506,0.086,data/encodings/house_2004_0412142/S06E12_9600_0.npy,
311726,412142,1503396,6,12,9624,0,1080,1920,1073,470,1191,588,13924,0.007,data/encodings/house_2004_0412142/S06E12_9624_0.npy,
311727,412142,1503396,6,12,9648,0,1080,1920,1037,470,1155,588,13924,0.007,data/encodings/house_2004_0412142/S06E12_9648_0.npy,
311728,412142,1503396,6,12,9672,0,1080,1920,512,261,934,683,178084,0.086,data/encodings/house_2004_0412142/S06E12_9672_0.npy,
311729,412142,1503396,6,12,9720,0,1080,1920,486,210,993,717,257049,0.124,data/encodings/house_2004_0412142/S06E12_9720_0.npy,
311730,412142,1503396,6,12,9744,0,1080,1920,486,262,993,769,257049,0.124,data/encodings/house_2004_0412142/S06E12_9744_0.npy,
311731,412142,1503396,6,12,9768,0,1080,1920,554,261,977,683,178506,0.086,data/encodings/house_2004_0412142/S06E12_9768_0.npy,
311732,412142,1503396,6,12,9792,0,1080,1920,1202,181,1447,426,60025,0.029,data/encodings/house_2004_0412142/S06E12_9792_0.npy,
311733,412142,1503396,6,12,9816,0,1080,1920,554,261,977,683,178506,0.086,data/encodings/house_2004_0412142/S06E12_9816_0.npy,
311734,412142,1503396,6,12,9840,0,1080,1920,554,261,977,683,178506,0.086,data/encodings/house_2004_0412142/S06E12_9840_0.npy,
311735,412142,1503396,6,12,9864,0,1080,1920,554,261,977,683,178506,0.086,data/encodings/house_2004_0412142/S06E12_9864_0.npy,
311736,412142,1503396,6,12,9888,0,1080,1920,512,218,934,640,178084,0.086,data/encodings/house_2004_0412142/S06E12_9888_0.npy,
311737,412142,1503396,6,12,9912,0,1080,1920,512,218,934,640,178084,0.086,data/encodings/house_2004_0412142/S06E12_9912_0.npy,
311738,412142,1503396,6,12,9936,0,1080,1920,1153,181,1397,426,59780,0.029,data/encodings/house_2004_0412142/S06E12_9936_0.npy,
311739,412142,1503396,6,12,9960,0,1080,1920,1277,181,1521,426,59780,0.029,data/encodings/house_2004_0412142/S06E12_9960_0.npy,
311740,412142,1503396,6,12,9984,0,1080,1920,1227,181,1472,426,60025,0.029,data/encodings/house_2004_0412142/S06E12_9984_0.npy,
311741,412142,1503396,6,12,10008,0,1080,1920,1252,181,1496,426,59780,0.029,data/encodings/house_2004_0412142/S06E12_10008_0.npy,
311742,412142,1503396,6,12,10032,0,1080,1920,554,218,977,640,178506,0.086,data/encodings/house_2004_0412142/S06E12_10032_0.npy,
311743,412142,1503396,6,12,10056,0,1080,1920,554,261,977,683,178506,0.086,data/encodings/house_2004_0412142/S06E12_10056_0.npy,
311744,412142,1503396,6,12,10080,0,1080,1920,1298,136,1592,429,86142,0.042,data/encodings/house_2004_0412142/S06E12_10080_0.npy,
311745,412142,1503396,6,12,10104,0,1080,1920,1328,106,1621,400,86142,0.042,data/encodings/house_2004_0412142/S06E12_10104_0.npy,
311746,412142,1503396,6,12,10128,0,1080,1920,1202,206,1447,450,59780,0.029,data/encodings/house_2004_0412142/S06E12_10128_0.npy,
311747,412142,1503396,6,12,10152,0,1080,1920,1269,195,1562,489,86142,0.042,data/encodings/house_2004_0412142/S06E12_10152_0.npy,
311748,412142,1503396,6,12,10176,0,1080,1920,1252,206,1496,450,59536,0.029,data/encodings/house_2004_0412142/S06E12_10176_0.npy,
311749,412142,1503396,6,12,10200,0,1080,1920,1239,195,1532,489,86142,0.042,data/encodings/house_2004_0412142/S06E12_10200_0.npy,
311750,412142,1503396,6,12,10224,0,1080,1920,1252,206,1496,450,59536,0.029,data/encodings/house_2004_0412142/S06E12_10224_0.npy,
311751,412142,1503396,6,12,10248,0,1080,1920,426,303,849,726,178929,0.086,data/encodings/house_2004_0412142/S06E12_10248_0.npy,
311752,412142,1503396,6,12,10272,0,1080,1920,469,389,891,812,178506,0.086,data/encodings/house_2004_0412142/S06E12_10272_0.npy,
311753,412142,1503396,6,12,10296,0,1080,1920,823,225,1116,519,86142,0.042,data/encodings/house_2004_0412142/S06E12_10296_0.npy,
311754,412142,1503396,6,12,10368,0,1080,1920,486,262,993,769,257049,0.124,data/encodings/house_2004_0412142/S06E12_10368_0.npy,
311755,412142,1503396,6,12,10392,0,1080,1920,554,261,977,683,178506,0.086,data/encodings/house_2004_0412142/S06E12_10392_0.npy,
311756,412142,1503396,6,12,10416,0,1080,1920,1054,57,1298,302,59780,0.029,data/encodings/house_2004_0412142/S06E12_10416_0.npy,
311757,412142,1503396,6,12,10440,0,1080,1920,435,210,942,717,257049,0.124,data/encodings/house_2004_0412142/S06E12_10440_0.npy,
311758,412142,1503396,6,12,10464,0,1080,1920,469,261,891,683,178084,0.086,data/encodings/house_2004_0412142/S06E12_10464_0.npy,
311759,412142,1503396,6,12,10488,0,1080,1920,426,303,849,726,178929,0.086,data/encodings/house_2004_0412142/S06E12_10488_0.npy,
311760,412142,1503396,6,12,10512,0,1080,1920,492,181,662,351,28900,0.014,data/encodings/house_2004_0412142/S06E12_10512_0.npy,
311761,412142,1503396,6,12,10512,1,1080,1920,1304,885,1446,1027,20164,0.01,data/encodings/house_2004_0412142/S06E12_10512_1.npy,
311762,412142,1503396,6,12,10536,0,1080,1920,517,161,720,365,41412,0.02,data/encodings/house_2004_0412142/S06E12_10536_0.npy,
311763,412142,1503396,6,12,10536,1,1080,1920,1549,355,1794,599,59780,0.029,data/encodings/house_2004_0412142/S06E12_10536_1.npy,
311764,412142,1503396,6,12,10560,0,1080,1920,436,166,730,459,86142,0.042,data/encodings/house_2004_0412142/S06E12_10560_0.npy,
311765,412142,1503396,6,12,10560,1,1080,1920,1074,491,1278,695,41616,0.02,data/encodings/house_2004_0412142/S06E12_10560_1.npy,
311766,412142,1503396,6,12,10584,0,1080,1920,882,344,1176,637,86142,0.042,data/encodings/house_2004_0412142/S06E12_10584_0.npy,
311767,412142,1503396,6,12,10584,1,1080,1920,393,533,597,736,41412,0.02,data/encodings/house_2004_0412142/S06E12_10584_1.npy,
311768,412142,1503396,6,12,10608,0,1080,1920,434,471,638,674,41412,0.02,data/encodings/house_2004_0412142/S06E12_10608_0.npy,
311769,412142,1503396,6,12,10608,1,1080,1920,1246,279,1598,632,124256,0.06,data/encodings/house_2004_0412142/S06E12_10608_1.npy,
311770,412142,1503396,6,12,10632,0,1080,1920,971,255,1265,548,86142,0.042,data/encodings/house_2004_0412142/S06E12_10632_0.npy,
311771,412142,1503396,6,12,10632,1,1080,1920,558,429,762,633,41616,0.02,data/encodings/house_2004_0412142/S06E12_10632_1.npy,
311772,412142,1503396,6,12,10656,0,1080,1920,1031,195,1324,489,86142,0.042,data/encodings/house_2004_0412142/S06E12_10656_0.npy,
311773,412142,1503396,6,12,10656,1,1080,1920,510,405,680,575,28900,0.014,data/encodings/house_2004_0412142/S06E12_10656_1.npy,
311774,412142,1503396,6,12,10680,0,1080,1920,537,388,741,592,41616,0.02,data/encodings/house_2004_0412142/S06E12_10680_0.npy,
311775,412142,1503396,6,12,10704,0,1080,1920,578,439,748,609,28900,0.014,data/encodings/house_2004_0412142/S06E12_10704_0.npy,
311776,412142,1503396,6,12,10704,1,1080,1920,971,285,1265,578,86142,0.042,data/encodings/house_2004_0412142/S06E12_10704_1.npy,
311777,412142,1503396,6,12,10728,0,1080,1920,1031,225,1324,519,86142,0.042,data/encodings/house_2004_0412142/S06E12_10728_0.npy,
311778,412142,1503396,6,12,10728,1,1080,1920,561,422,731,592,28900,0.014,data/encodings/house_2004_0412142/S06E12_10728_1.npy,
311779,412142,1503396,6,12,10752,0,1080,1920,537,409,741,613,41616,0.02,data/encodings/house_2004_0412142/S06E12_10752_0.npy,
311780,412142,1503396,6,12,10752,1,1080,1920,1731,250,1901,420,28900,0.014,data/encodings/house_2004_0412142/S06E12_10752_1.npy,
311781,412142,1503396,6,12,10776,0,1080,1920,544,422,714,592,28900,0.014,data/encodings/house_2004_0412142/S06E12_10776_0.npy,
311782,412142,1503396,6,12,10800,0,1080,1920,537,409,741,613,41616,0.02,data/encodings/house_2004_0412142/S06E12_10800_0.npy,
311783,412142,1503396,6,12,10824,0,1080,1920,942,255,1235,548,85849,0.041,data/encodings/house_2004_0412142/S06E12_10824_0.npy,
311784,412142,1503396,6,12,10824,1,1080,1920,558,388,762,592,41616,0.02,data/encodings/house_2004_0412142/S06E12_10824_1.npy,
311785,412142,1503396,6,12,10848,0,1080,1920,1031,225,1324,519,86142,0.042,data/encodings/house_2004_0412142/S06E12_10848_0.npy,
311786,412142,1503396,6,12,10848,1,1080,1920,558,388,762,592,41616,0.02,data/encodings/house_2004_0412142/S06E12_10848_1.npy,
311787,412142,1503396,6,12,10872,0,1080,1920,558,409,762,613,41616,0.02,data/encodings/house_2004_0412142/S06E12_10872_0.npy,
311788,412142,1503396,6,12,10872,1,1080,1920,1175,172,1527,525,124256,0.06,data/encodings/house_2004_0412142/S06E12_10872_1.npy,
311789,412142,1503396,6,12,10896,0,1080,1920,1031,255,1324,548,85849,0.041,data/encodings/house_2004_0412142/S06E12_10896_0.npy,
311790,412142,1503396,6,12,10896,1,1080,1920,537,409,741,613,41616,0.02,data/encodings/house_2004_0412142/S06E12_10896_1.npy,
311791,412142,1503396,6,12,10920,0,1080,1920,942,285,1235,578,85849,0.041,data/encodings/house_2004_0412142/S06E12_10920_0.npy,
311792,412142,1503396,6,12,10944,0,1080,1920,526,285,819,578,85849,0.041,data/encodings/house_2004_0412142/S06E12_10944_0.npy,
311793,412142,1503396,6,12,10968,0,1080,1920,526,225,819,519,86142,0.042,data/encodings/house_2004_0412142/S06E12_10968_0.npy,
311794,412142,1503396,6,12,11016,0,1080,1920,726,218,1148,640,178084,0.086,data/encodings/house_2004_0412142/S06E12_11016_0.npy,
311795,412142,1503396,6,12,11040,0,1080,1920,768,261,1191,683,178506,0.086,data/encodings/house_2004_0412142/S06E12_11040_0.npy,
311796,412142,1503396,6,12,11064,0,1080,1920,434,223,638,427,41616,0.02,data/encodings/house_2004_0412142/S06E12_11064_0.npy,
311797,412142,1503396,6,12,11088,0,1080,1920,517,223,720,427,41412,0.02,data/encodings/house_2004_0412142/S06E12_11088_0.npy,
311798,412142,1503396,6,12,11112,0,1080,1920,558,223,762,427,41616,0.02,data/encodings/house_2004_0412142/S06E12_11112_0.npy,
311799,412142,1503396,6,12,11136,0,1080,1920,578,223,782,427,41616,0.02,data/encodings/house_2004_0412142/S06E12_11136_0.npy,
311800,412142,1503396,6,12,11160,0,1080,1920,578,202,782,406,41616,0.02,data/encodings/house_2004_0412142/S06E12_11160_0.npy,
311801,412142,1503396,6,12,11184,0,1080,1920,558,206,803,450,59780,0.029,data/encodings/house_2004_0412142/S06E12_11184_0.npy,
311802,412142,1503396,6,12,11184,1,1080,1920,1111,346,1533,769,178506,0.086,data/encodings/house_2004_0412142/S06E12_11184_1.npy,
311803,412142,1503396,6,12,11208,0,1080,1920,329,126,471,267,20022,0.01,data/encodings/house_2004_0412142/S06E12_11208_0.npy,
311804,412142,1503396,6,12,11232,0,1080,1920,358,126,500,267,20022,0.01,data/encodings/house_2004_0412142/S06E12_11232_0.npy,
311805,412142,1503396,6,12,11256,0,1080,1920,613,130,783,299,28730,0.014,data/encodings/house_2004_0412142/S06E12_11256_0.npy,
311806,412142,1503396,6,12,11280,0,1080,1920,661,161,865,365,41616,0.02,data/encodings/house_2004_0412142/S06E12_11280_0.npy,
311807,412142,1503396,6,12,11304,0,1080,1920,633,206,877,450,59536,0.029,data/encodings/house_2004_0412142/S06E12_11304_0.npy,
311808,412142,1503396,6,12,11328,0,1080,1920,640,210,1147,717,257049,0.124,data/encodings/house_2004_0412142/S06E12_11328_0.npy,
311809,412142,1503396,6,12,11352,0,1080,1920,691,210,1198,717,257049,0.124,data/encodings/house_2004_0412142/S06E12_11352_0.npy,
311810,412142,1503396,6,12,11376,0,1080,1920,683,218,1105,640,178084,0.086,data/encodings/house_2004_0412142/S06E12_11376_0.npy,
311811,412142,1503396,6,12,11400,0,1080,1920,640,210,1147,717,257049,0.124,data/encodings/house_2004_0412142/S06E12_11400_0.npy,
311812,412142,1503396,6,12,11424,0,1080,1920,486,56,993,563,257049,0.124,data/encodings/house_2004_0412142/S06E12_11424_0.npy,
311813,412142,1503396,6,12,11448,0,1080,1920,597,218,1020,640,178506,0.086,data/encodings/house_2004_0412142/S06E12_11448_0.npy,
311814,412142,1503396,6,12,11472,0,1080,1920,640,175,1063,598,178929,0.086,data/encodings/house_2004_0412142/S06E12_11472_0.npy,
311815,412142,1503396,6,12,11520,0,1080,1920,445,160,1053,769,370272,0.179,data/encodings/house_2004_0412142/S06E12_11520_0.npy,
311816,412142,1503396,6,12,11568,0,1080,1920,506,99,1115,707,370272,0.179,data/encodings/house_2004_0412142/S06E12_11568_0.npy,
311817,412142,1503396,6,12,11592,0,1080,1920,568,160,1177,769,370881,0.179,data/encodings/house_2004_0412142/S06E12_11592_0.npy,
311818,412142,1503396,6,12,11640,0,1080,1920,597,218,1020,640,178506,0.086,data/encodings/house_2004_0412142/S06E12_11640_0.npy,
311819,412142,1503396,6,12,11664,0,1080,1920,426,208,778,560,123904,0.06,data/encodings/house_2004_0412142/S06E12_11664_0.npy,
311820,412142,1503396,6,12,11712,0,1080,1920,1154,89,1576,512,178506,0.086,data/encodings/house_2004_0412142/S06E12_11712_0.npy,
311821,412142,1503396,6,12,11736,0,1080,1920,537,210,1044,717,257049,0.124,data/encodings/house_2004_0412142/S06E12_11736_0.npy,
311822,412142,1503396,6,12,11760,0,1080,1920,999,108,1507,615,257556,0.124,data/encodings/house_2004_0412142/S06E12_11760_0.npy,
311823,412142,1503396,6,12,11784,0,1080,1920,1025,89,1448,512,178929,0.086,data/encodings/house_2004_0412142/S06E12_11784_0.npy,
311824,412142,1503396,6,12,11832,0,1080,1920,148,749,318,919,28900,0.014,data/encodings/house_2004_0412142/S06E12_11832_0.npy,
311825,412142,1503396,6,12,11856,0,1080,1920,1103,181,1348,426,60025,0.029,data/encodings/house_2004_0412142/S06E12_11856_0.npy,
311826,412142,1503396,6,12,11856,1,1080,1920,80,869,250,1039,28900,0.014,data/encodings/house_2004_0412142/S06E12_11856_1.npy,
311827,412142,1503396,6,12,11880,0,1080,1920,682,202,885,406,41412,0.02,data/encodings/house_2004_0412142/S06E12_11880_0.npy,
311828,412142,1503396,6,12,11880,1,1080,1920,852,344,1146,637,86142,0.042,data/encodings/house_2004_0412142/S06E12_11880_1.npy,
311829,412142,1503396,6,12,11904,0,1080,1920,407,195,700,489,86142,0.042,data/encodings/house_2004_0412142/S06E12_11904_0.npy,
311830,412142,1503396,6,12,11904,1,1080,1920,1068,218,1491,640,178506,0.086,data/encodings/house_2004_0412142/S06E12_11904_1.npy,
311831,412142,1503396,6,12,11928,0,1080,1920,1352,78,1522,248,28900,0.014,data/encodings/house_2004_0412142/S06E12_11928_0.npy,
311832,412142,1503396,6,12,11928,1,1080,1920,940,701,1022,783,6724,0.003,data/encodings/house_2004_0412142/S06E12_11928_1.npy,
311833,412142,1503396,6,12,11952,0,1080,1920,1352,95,1522,265,28900,0.014,data/encodings/house_2004_0412142/S06E12_11952_0.npy,
311834,412142,1503396,6,12,11952,1,1080,1920,935,705,1033,803,9604,0.005,data/encodings/house_2004_0412142/S06E12_11952_1.npy,
311835,412142,1503396,6,12,11976,0,1080,1920,347,136,641,429,86142,0.042,data/encodings/house_2004_0412142/S06E12_11976_0.npy,
311836,412142,1503396,6,12,11976,1,1080,1920,1205,210,1712,717,257049,0.124,data/encodings/house_2004_0412142/S06E12_11976_1.npy,
311837,412142,1503396,6,12,12000,0,1080,1920,410,156,654,401,59780,0.029,data/encodings/house_2004_0412142/S06E12_12000_0.npy,
311838,412142,1503396,6,12,12000,1,1080,1920,1111,303,1533,726,178506,0.086,data/encodings/house_2004_0412142/S06E12_12000_1.npy,
311839,412142,1503396,6,12,12024,0,1080,1920,1370,112,1539,282,28730,0.014,data/encodings/house_2004_0412142/S06E12_12024_0.npy,
311840,412142,1503396,6,12,12024,1,1080,1920,255,303,677,726,178506,0.086,data/encodings/house_2004_0412142/S06E12_12024_1.npy,
311841,412142,1503396,6,12,12024,2,1080,1920,945,705,1043,803,9604,0.005,data/encodings/house_2004_0412142/S06E12_12024_2.npy,
311842,412142,1503396,6,12,12048,0,1080,1920,1335,112,1505,282,28900,0.014,data/encodings/house_2004_0412142/S06E12_12048_0.npy,
311843,412142,1503396,6,12,12048,1,1080,1920,925,715,1023,813,9604,0.005,data/encodings/house_2004_0412142/S06E12_12048_1.npy,
311844,412142,1503396,6,12,12072,0,1080,1920,1335,112,1505,282,28900,0.014,data/encodings/house_2004_0412142/S06E12_12072_0.npy,
311845,412142,1503396,6,12,12072,1,1080,1920,925,715,1023,813,9604,0.005,data/encodings/house_2004_0412142/S06E12_12072_1.npy,
311846,412142,1503396,6,12,12096,0,1080,1920,410,132,654,376,59536,0.029,data/encodings/house_2004_0412142/S06E12_12096_0.npy,
311847,412142,1503396,6,12,12096,1,1080,1920,1239,261,1662,683,178506,0.086,data/encodings/house_2004_0412142/S06E12_12096_1.npy,
311848,412142,1503396,6,12,12120,0,1080,1920,385,132,630,376,59780,0.029,data/encodings/house_2004_0412142/S06E12_12120_0.npy,
311849,412142,1503396,6,12,12120,1,1080,1920,1282,261,1705,683,178506,0.086,data/encodings/house_2004_0412142/S06E12_12120_1.npy,
311850,412142,1503396,6,12,12144,0,1080,1920,385,107,630,351,59780,0.029,data/encodings/house_2004_0412142/S06E12_12144_0.npy,
311851,412142,1503396,6,12,12144,1,1080,1920,1051,210,1558,717,257049,0.124,data/encodings/house_2004_0412142/S06E12_12144_1.npy,
311852,412142,1503396,6,12,12168,0,1080,1920,377,136,670,429,85849,0.041,data/encodings/house_2004_0412142/S06E12_12168_0.npy,
311853,412142,1503396,6,12,12192,0,1080,1920,377,136,670,429,85849,0.041,data/encodings/house_2004_0412142/S06E12_12192_0.npy,
311854,412142,1503396,6,12,12216,0,1080,1920,484,107,729,351,59780,0.029,data/encodings/house_2004_0412142/S06E12_12216_0.npy,
311855,412142,1503396,6,12,12240,0,1080,1920,558,156,803,401,60025,0.029,data/encodings/house_2004_0412142/S06E12_12240_0.npy,
311856,412142,1503396,6,12,12264,0,1080,1920,484,181,729,426,60025,0.029,data/encodings/house_2004_0412142/S06E12_12264_0.npy,
311857,412142,1503396,6,12,12288,0,1080,1920,1031,106,1324,400,86142,0.042,data/encodings/house_2004_0412142/S06E12_12288_0.npy,
311858,412142,1503396,6,12,12312,0,1080,1920,410,33,654,277,59536,0.029,data/encodings/house_2004_0412142/S06E12_12312_0.npy,
311859,412142,1503396,6,12,12336,0,1080,1920,372,161,576,365,41616,0.02,data/encodings/house_2004_0412142/S06E12_12336_0.npy,
311860,412142,1503396,6,12,12336,1,1080,1920,1154,262,1661,769,257049,0.124,data/encodings/house_2004_0412142/S06E12_12336_1.npy,
311861,412142,1503396,6,12,12360,0,1080,1920,331,244,535,447,41412,0.02,data/encodings/house_2004_0412142/S06E12_12360_0.npy,
311862,412142,1503396,6,12,12360,1,1080,1920,1256,210,1763,717,257049,0.124,data/encodings/house_2004_0412142/S06E12_12360_1.npy,
311863,412142,1503396,6,12,12384,0,1080,1920,351,223,555,427,41616,0.02,data/encodings/house_2004_0412142/S06E12_12384_0.npy,
311864,412142,1503396,6,12,12384,1,1080,1920,1256,210,1763,717,257049,0.124,data/encodings/house_2004_0412142/S06E12_12384_1.npy,
311865,412142,1503396,6,12,12408,0,1080,1920,310,244,514,447,41412,0.02,data/encodings/house_2004_0412142/S06E12_12408_0.npy,
311866,412142,1503396,6,12,12408,1,1080,1920,1205,210,1712,717,257049,0.124,data/encodings/house_2004_0412142/S06E12_12408_1.npy,
311867,412142,1503396,6,12,12432,0,1080,1920,393,202,597,406,41616,0.02,data/encodings/house_2004_0412142/S06E12_12432_0.npy,
311868,412142,1503396,6,12,12432,1,1080,1920,1205,210,1712,717,257049,0.124,data/encodings/house_2004_0412142/S06E12_12432_1.npy,
311869,412142,1503396,6,12,12456,0,1080,1920,997,208,1349,560,123904,0.06,data/encodings/house_2004_0412142/S06E12_12456_0.npy,
311870,412142,1503396,6,12,12480,0,1080,1920,982,175,1405,598,178929,0.086,data/encodings/house_2004_0412142/S06E12_12480_0.npy,
311871,412142,1503396,6,12,12504,0,1080,1920,982,175,1405,598,178929,0.086,data/encodings/house_2004_0412142/S06E12_12504_0.npy,
311872,412142,1503396,6,12,12528,0,1080,1920,982,175,1405,598,178929,0.086,data/encodings/house_2004_0412142/S06E12_12528_0.npy,
311873,412142,1503396,6,12,12552,0,1080,1920,1205,210,1712,717,257049,0.124,data/encodings/house_2004_0412142/S06E12_12552_0.npy,
311874,412142,1503396,6,12,12552,1,1080,1920,310,264,514,468,41616,0.02,data/encodings/house_2004_0412142/S06E12_12552_1.npy,
311875,412142,1503396,6,12,12576,0,1080,1920,1196,261,1619,683,178506,0.086,data/encodings/house_2004_0412142/S06E12_12576_0.npy,
311876,412142,1503396,6,12,12576,1,1080,1920,310,264,514,468,41616,0.02,data/encodings/house_2004_0412142/S06E12_12576_1.npy,
311877,412142,1503396,6,12,12600,0,1080,1920,1102,262,1609,769,257049,0.124,data/encodings/house_2004_0412142/S06E12_12600_0.npy,
311878,412142,1503396,6,12,12600,1,1080,1920,310,264,514,468,41616,0.02,data/encodings/house_2004_0412142/S06E12_12600_1.npy,
311879,412142,1503396,6,12,12624,0,1080,1920,310,264,514,468,41616,0.02,data/encodings/house_2004_0412142/S06E12_12624_0.npy,
311880,412142,1503396,6,12,12624,1,1080,1920,940,346,1362,769,178506,0.086,data/encodings/house_2004_0412142/S06E12_12624_1.npy,
311881,412142,1503396,6,12,12648,0,1080,1920,331,244,535,447,41412,0.02,data/encodings/house_2004_0412142/S06E12_12648_0.npy,
311882,412142,1503396,6,12,12648,1,1080,1920,845,262,1353,769,257556,0.124,data/encodings/house_2004_0412142/S06E12_12648_1.npy,
311883,412142,1503396,6,12,12672,0,1080,1920,1025,175,1448,598,178929,0.086,data/encodings/house_2004_0412142/S06E12_12672_0.npy,
311884,412142,1503396,6,12,12696,0,1080,1920,331,244,535,447,41412,0.02,data/encodings/house_2004_0412142/S06E12_12696_0.npy,
311885,412142,1503396,6,12,12696,1,1080,1920,1102,210,1609,717,257049,0.124,data/encodings/house_2004_0412142/S06E12_12696_1.npy,
311886,412142,1503396,6,12,12720,0,1080,1920,1025,175,1448,598,178929,0.086,data/encodings/house_2004_0412142/S06E12_12720_0.npy,
311887,412142,1503396,6,12,12744,0,1080,1920,1154,210,1661,717,257049,0.124,data/encodings/house_2004_0412142/S06E12_12744_0.npy,
311888,412142,1503396,6,12,12744,1,1080,1920,290,244,493,447,41209,0.02,data/encodings/house_2004_0412142/S06E12_12744_1.npy,
311889,412142,1503396,6,12,12768,0,1080,1920,290,244,493,447,41209,0.02,data/encodings/house_2004_0412142/S06E12_12768_0.npy,
311890,412142,1503396,6,12,12768,1,1080,1920,1025,261,1448,683,178506,0.086,data/encodings/house_2004_0412142/S06E12_12768_1.npy,
311891,412142,1503396,6,12,12792,0,1080,1920,383,303,806,726,178929,0.086,data/encodings/house_2004_0412142/S06E12_12792_0.npy,
311892,412142,1503396,6,12,12816,0,1080,1920,229,210,736,717,257049,0.124,data/encodings/house_2004_0412142/S06E12_12816_0.npy,
311893,412142,1503396,6,12,12840,0,1080,1920,298,261,720,683,178084,0.086,data/encodings/house_2004_0412142/S06E12_12840_0.npy,
311894,412142,1503396,6,12,12864,0,1080,1920,738,17,1468,747,532900,0.257,data/encodings/house_2004_0412142/S06E12_12864_0.npy,
311895,412142,1503396,6,12,12888,0,1080,1920,738,165,1468,895,532900,0.257,data/encodings/house_2004_0412142/S06E12_12888_0.npy,
311896,412142,1503396,6,12,12912,0,1080,1920,938,99,1546,707,369664,0.178,data/encodings/house_2004_0412142/S06E12_12912_0.npy,
311897,412142,1503396,6,12,12936,0,1080,1920,1184,345,1793,954,370881,0.179,data/encodings/house_2004_0412142/S06E12_12936_0.npy,
311898,412142,1503396,6,12,12960,0,1080,1920,999,160,1608,769,370881,0.179,data/encodings/house_2004_0412142/S06E12_12960_0.npy,
311899,412142,1503396,6,12,12984,0,1080,1920,999,99,1608,707,370272,0.179,data/encodings/house_2004_0412142/S06E12_12984_0.npy,
311900,412142,1503396,6,12,13008,0,1080,1920,938,160,1546,769,370272,0.179,data/encodings/house_2004_0412142/S06E12_13008_0.npy,
311901,412142,1503396,6,12,13080,0,1080,1920,434,140,638,344,41616,0.02,data/encodings/house_2004_0412142/S06E12_13080_0.npy,
311902,412142,1503396,6,12,13104,0,1080,1920,1424,269,1481,326,3249,0.002,data/encodings/house_2004_0412142/S06E12_13104_0.npy,
311903,412142,1503396,6,12,13128,0,1080,1920,1336,235,1405,303,4692,0.002,data/encodings/house_2004_0412142/S06E12_13128_0.npy,
311904,412142,1503396,6,12,13128,1,1080,1920,929,194,997,262,4624,0.002,data/encodings/house_2004_0412142/S06E12_13128_1.npy,
311905,412142,1503396,6,12,13128,2,1080,1920,714,166,783,234,4692,0.002,data/encodings/house_2004_0412142/S06E12_13128_2.npy,
311906,412142,1503396,6,12,13176,0,1080,1920,922,194,990,262,4624,0.002,data/encodings/house_2004_0412142/S06E12_13176_0.npy,
311907,412142,1503396,6,12,13200,0,1080,1920,1215,181,1385,351,28900,0.014,data/encodings/house_2004_0412142/S06E12_13200_0.npy,
311908,412142,1503396,6,12,13224,0,1080,1920,319,137,671,489,123904,0.06,data/encodings/house_2004_0412142/S06E12_13224_0.npy,
311909,412142,1503396,6,12,13248,0,1080,1920,466,166,760,459,86142,0.042,data/encodings/house_2004_0412142/S06E12_13248_0.npy,
311910,412142,1503396,6,12,13272,0,1080,1920,426,137,778,489,123904,0.06,data/encodings/house_2004_0412142/S06E12_13272_0.npy,
311911,412142,1503396,6,12,13296,0,1080,1920,644,166,938,459,86142,0.042,data/encodings/house_2004_0412142/S06E12_13296_0.npy,
311912,412142,1503396,6,12,13320,0,1080,1920,466,136,760,429,86142,0.042,data/encodings/house_2004_0412142/S06E12_13320_0.npy,
311913,412142,1503396,6,12,13344,0,1080,1920,569,137,921,489,123904,0.06,data/encodings/house_2004_0412142/S06E12_13344_0.npy,
311914,412142,1503396,6,12,13368,0,1080,1920,555,166,849,459,86142,0.042,data/encodings/house_2004_0412142/S06E12_13368_0.npy,
311915,412142,1503396,6,12,13392,0,1080,1920,1175,244,1527,596,123904,0.06,data/encodings/house_2004_0412142/S06E12_13392_0.npy,
311916,412142,1503396,6,12,13416,0,1080,1920,1104,208,1456,560,123904,0.06,data/encodings/house_2004_0412142/S06E12_13416_0.npy,
311917,412142,1503396,6,12,13440,0,1080,1920,615,225,908,519,86142,0.042,data/encodings/house_2004_0412142/S06E12_13440_0.npy,
311918,412142,1503396,6,12,13464,0,1080,1920,644,225,938,519,86436,0.042,data/encodings/house_2004_0412142/S06E12_13464_0.npy,
311919,412142,1503396,6,12,13488,0,1080,1920,1211,172,1563,525,124256,0.06,data/encodings/house_2004_0412142/S06E12_13488_0.npy,
311920,412142,1503396,6,12,13512,0,1080,1920,1175,172,1527,525,124256,0.06,data/encodings/house_2004_0412142/S06E12_13512_0.npy,
311921,412142,1503396,6,12,13536,0,1080,1920,436,314,730,608,86436,0.042,data/encodings/house_2004_0412142/S06E12_13536_0.npy,
311922,412142,1503396,6,12,13560,0,1080,1920,347,285,641,578,86142,0.042,data/encodings/house_2004_0412142/S06E12_13560_0.npy,
311923,412142,1503396,6,12,13584,0,1080,1920,283,172,636,525,124609,0.06,data/encodings/house_2004_0412142/S06E12_13584_0.npy,
311924,412142,1503396,6,12,13608,0,1080,1920,569,244,921,596,123904,0.06,data/encodings/house_2004_0412142/S06E12_13608_0.npy,
311925,412142,1503396,6,12,13632,0,1080,1920,526,195,819,489,86142,0.042,data/encodings/house_2004_0412142/S06E12_13632_0.npy,
311926,412142,1503396,6,12,13656,0,1080,1920,526,195,819,489,86142,0.042,data/encodings/house_2004_0412142/S06E12_13656_0.npy,
311927,412142,1503396,6,12,13680,0,1080,1920,526,195,819,489,86142,0.042,data/encodings/house_2004_0412142/S06E12_13680_0.npy,
311928,412142,1503396,6,12,13704,0,1080,1920,526,225,819,519,86142,0.042,data/encodings/house_2004_0412142/S06E12_13704_0.npy,
311929,412142,1503396,6,12,13728,0,1080,1920,526,195,819,489,86142,0.042,data/encodings/house_2004_0412142/S06E12_13728_0.npy,
311930,412142,1503396,6,12,13752,0,1080,1920,496,195,789,489,86142,0.042,data/encodings/house_2004_0412142/S06E12_13752_0.npy,
311931,412142,1503396,6,12,13776,0,1080,1920,526,195,819,489,86142,0.042,data/encodings/house_2004_0412142/S06E12_13776_0.npy,
311932,412142,1503396,6,12,13800,0,1080,1920,526,195,819,489,86142,0.042,data/encodings/house_2004_0412142/S06E12_13800_0.npy,
311933,412142,1503396,6,12,13824,0,1080,1920,1061,99,1670,707,370272,0.179,data/encodings/house_2004_0412142/S06E12_13824_0.npy,
311934,412142,1503396,6,12,13848,0,1080,1920,1061,99,1670,707,370272,0.179,data/encodings/house_2004_0412142/S06E12_13848_0.npy,
311935,412142,1503396,6,12,13872,0,1080,1920,1061,99,1670,707,370272,0.179,data/encodings/house_2004_0412142/S06E12_13872_0.npy,
311936,412142,1503396,6,12,13896,0,1080,1920,1123,99,1731,707,369664,0.178,data/encodings/house_2004_0412142/S06E12_13896_0.npy,
311937,412142,1503396,6,12,13920,0,1080,1920,1123,99,1731,707,369664,0.178,data/encodings/house_2004_0412142/S06E12_13920_0.npy,
311938,412142,1503396,6,12,13944,0,1080,1920,1061,99,1670,707,370272,0.179,data/encodings/house_2004_0412142/S06E12_13944_0.npy,
311939,412142,1503396,6,12,13968,0,1080,1920,486,56,993,563,257049,0.124,data/encodings/house_2004_0412142/S06E12_13968_0.npy,
311940,412142,1503396,6,12,13992,0,1080,1920,1102,108,1609,615,257049,0.124,data/encodings/house_2004_0412142/S06E12_13992_0.npy,
311941,412142,1503396,6,12,14016,0,1080,1920,999,99,1608,707,370272,0.179,data/encodings/house_2004_0412142/S06E12_14016_0.npy,
311942,412142,1503396,6,12,14040,0,1080,1920,1061,99,1670,707,370272,0.179,data/encodings/house_2004_0412142/S06E12_14040_0.npy,
311943,412142,1503396,6,12,14064,0,1080,1920,1123,99,1731,707,369664,0.178,data/encodings/house_2004_0412142/S06E12_14064_0.npy,
311944,412142,1503396,6,12,14088,0,1080,1920,1123,99,1731,707,369664,0.178,data/encodings/house_2004_0412142/S06E12_14088_0.npy,
311945,412142,1503396,6,12,14136,0,1080,1920,554,132,977,555,178929,0.086,data/encodings/house_2004_0412142/S06E12_14136_0.npy,
311946,412142,1503396,6,12,14160,0,1080,1920,1123,99,1731,707,369664,0.178,data/encodings/house_2004_0412142/S06E12_14160_0.npy,
311947,412142,1503396,6,12,14184,0,1080,1920,1123,99,1731,707,369664,0.178,data/encodings/house_2004_0412142/S06E12_14184_0.npy,
311948,412142,1503396,6,12,14208,0,1080,1920,512,132,934,555,178506,0.086,data/encodings/house_2004_0412142/S06E12_14208_0.npy,
311949,412142,1503396,6,12,14232,0,1080,1920,512,132,934,555,178506,0.086,data/encodings/house_2004_0412142/S06E12_14232_0.npy,
311950,412142,1503396,6,12,14256,0,1080,1920,1154,210,1661,717,257049,0.124,data/encodings/house_2004_0412142/S06E12_14256_0.npy,
311951,412142,1503396,6,12,14280,0,1080,1920,1102,210,1609,717,257049,0.124,data/encodings/house_2004_0412142/S06E12_14280_0.npy,
311952,412142,1503396,6,12,14304,0,1080,1920,1102,159,1609,666,257049,0.124,data/encodings/house_2004_0412142/S06E12_14304_0.npy,
311953,412142,1503396,6,12,14328,0,1080,1920,1061,160,1670,769,370881,0.179,data/encodings/house_2004_0412142/S06E12_14328_0.npy,
311954,412142,1503396,6,12,14352,0,1080,1920,1102,159,1609,666,257049,0.124,data/encodings/house_2004_0412142/S06E12_14352_0.npy,
311955,412142,1503396,6,12,14400,0,1080,1920,332,108,839,615,257049,0.124,data/encodings/house_2004_0412142/S06E12_14400_0.npy,
311956,412142,1503396,6,12,14424,0,1080,1920,383,108,890,615,257049,0.124,data/encodings/house_2004_0412142/S06E12_14424_0.npy,
311957,412142,1503396,6,12,14448,0,1080,1920,435,108,942,615,257049,0.124,data/encodings/house_2004_0412142/S06E12_14448_0.npy,
311958,412142,1503396,6,12,14496,0,1080,1920,897,210,1404,717,257049,0.124,data/encodings/house_2004_0412142/S06E12_14496_0.npy,
311959,412142,1503396,6,12,14520,0,1080,1920,999,99,1608,707,370272,0.179,data/encodings/house_2004_0412142/S06E12_14520_0.npy,
311960,412142,1503396,6,12,14544,0,1080,1920,332,159,839,666,257049,0.124,data/encodings/house_2004_0412142/S06E12_14544_0.npy,
311961,412142,1503396,6,12,14568,0,1080,1920,280,159,788,666,257556,0.124,data/encodings/house_2004_0412142/S06E12_14568_0.npy,
311962,412142,1503396,6,12,14592,0,1080,1920,999,99,1608,707,370272,0.179,data/encodings/house_2004_0412142/S06E12_14592_0.npy,
311963,412142,1503396,6,12,14616,0,1080,1920,938,99,1546,707,369664,0.178,data/encodings/house_2004_0412142/S06E12_14616_0.npy,
311964,412142,1503396,6,12,14640,0,1080,1920,298,175,720,598,178506,0.086,data/encodings/house_2004_0412142/S06E12_14640_0.npy,
311965,412142,1503396,6,12,14664,0,1080,1920,340,175,763,598,178929,0.086,data/encodings/house_2004_0412142/S06E12_14664_0.npy,
311966,412142,1503396,6,12,14688,0,1080,1920,280,108,788,615,257556,0.124,data/encodings/house_2004_0412142/S06E12_14688_0.npy,
311967,412142,1503396,6,12,14832,0,1080,1920,852,367,921,435,4692,0.002,data/encodings/house_2004_0412142/S06E12_14832_0.npy,
311968,412142,1503396,6,12,14856,0,1080,1920,638,311,706,380,4692,0.002,data/encodings/house_2004_0412142/S06E12_14856_0.npy,
311969,412142,1503396,6,12,14904,0,1080,1920,634,328,715,410,6642,0.003,data/encodings/house_2004_0412142/S06E12_14904_0.npy,
311970,412142,1503396,6,12,14928,0,1080,1920,691,172,809,290,13924,0.007,data/encodings/house_2004_0412142/S06E12_14928_0.npy,
311971,412142,1503396,6,12,14976,0,1080,1920,747,493,1099,846,124256,0.06,data/encodings/house_2004_0412142/S06E12_14976_0.npy,
311972,412142,1503396,6,12,15048,0,1080,1920,716,111,858,253,20164,0.01,data/encodings/house_2004_0412142/S06E12_15048_0.npy,
311973,412142,1503396,6,12,15096,0,1080,1920,745,169,887,310,20022,0.01,data/encodings/house_2004_0412142/S06E12_15096_0.npy,
311974,412142,1503396,6,12,15168,0,1080,1920,1243,198,1342,296,9702,0.005,data/encodings/house_2004_0412142/S06E12_15168_0.npy,
311975,412142,1503396,6,12,15168,1,1080,1920,440,219,558,337,13924,0.007,data/encodings/house_2004_0412142/S06E12_15168_1.npy,
311976,412142,1503396,6,12,15192,0,1080,1920,1233,208,1332,306,9702,0.005,data/encodings/house_2004_0412142/S06E12_15192_0.npy,
311977,412142,1503396,6,12,15192,1,1080,1920,452,219,570,337,13924,0.007,data/encodings/house_2004_0412142/S06E12_15192_1.npy,
311978,412142,1503396,6,12,15216,0,1080,1920,1233,208,1332,306,9702,0.005,data/encodings/house_2004_0412142/S06E12_15216_0.npy,
311979,412142,1503396,6,12,15240,0,1080,1920,1233,198,1332,296,9702,0.005,data/encodings/house_2004_0412142/S06E12_15240_0.npy,
311980,412142,1503396,6,12,15240,1,1080,1920,457,227,555,326,9702,0.005,data/encodings/house_2004_0412142/S06E12_15240_1.npy,
311981,412142,1503396,6,12,15264,0,1080,1920,1231,204,1313,286,6724,0.003,data/encodings/house_2004_0412142/S06E12_15264_0.npy,
311982,412142,1503396,6,12,15264,1,1080,1920,487,198,585,296,9604,0.005,data/encodings/house_2004_0412142/S06E12_15264_1.npy,
311983,412142,1503396,6,12,15288,0,1080,1920,1239,223,1443,427,41616,0.02,data/encodings/house_2004_0412142/S06E12_15288_0.npy,
311984,412142,1503396,6,12,15288,1,1080,1920,145,264,349,468,41616,0.02,data/encodings/house_2004_0412142/S06E12_15288_1.npy,
311985,412142,1503396,6,12,15312,0,1080,1920,145,223,349,427,41616,0.02,data/encodings/house_2004_0412142/S06E12_15312_0.npy,
311986,412142,1503396,6,12,15312,1,1080,1920,1387,250,1557,420,28900,0.014,data/encodings/house_2004_0412142/S06E12_15312_1.npy,
311987,412142,1503396,6,12,15336,0,1080,1920,1078,404,1323,649,60025,0.029,data/encodings/house_2004_0412142/S06E12_15336_0.npy,
311988,412142,1503396,6,12,15360,0,1080,1920,1068,175,1491,598,178929,0.086,data/encodings/house_2004_0412142/S06E12_15360_0.npy,
311989,412142,1503396,6,12,15384,0,1080,1920,1051,108,1558,615,257049,0.124,data/encodings/house_2004_0412142/S06E12_15384_0.npy,
311990,412142,1503396,6,12,15408,0,1080,1920,435,210,942,717,257049,0.124,data/encodings/house_2004_0412142/S06E12_15408_0.npy,
311991,412142,1503396,6,12,15432,0,1080,1920,126,210,634,717,257556,0.124,data/encodings/house_2004_0412142/S06E12_15432_0.npy,
311992,412142,1503396,6,12,15456,0,1080,1920,930,231,1174,475,59536,0.029,data/encodings/house_2004_0412142/S06E12_15456_0.npy,
311993,412142,1503396,6,12,15480,0,1080,1920,930,255,1174,500,59780,0.029,data/encodings/house_2004_0412142/S06E12_15480_0.npy,
311994,412142,1503396,6,12,15504,0,1080,1920,640,346,1063,769,178929,0.086,data/encodings/house_2004_0412142/S06E12_15504_0.npy,
311995,412142,1503396,6,12,15528,0,1080,1920,726,389,1148,812,178506,0.086,data/encodings/house_2004_0412142/S06E12_15528_0.npy,
311996,412142,1503396,6,12,15552,0,1080,1920,597,346,1020,769,178929,0.086,data/encodings/house_2004_0412142/S06E12_15552_0.npy,
311997,412142,1503396,6,12,15576,0,1080,1920,355,172,707,525,124256,0.06,data/encodings/house_2004_0412142/S06E12_15576_0.npy,
311998,412142,1503396,6,12,15600,0,1080,1920,462,172,814,525,124256,0.06,data/encodings/house_2004_0412142/S06E12_15600_0.npy,
311999,412142,1503396,6,12,15624,0,1080,1920,854,244,1206,596,123904,0.06,data/encodings/house_2004_0412142/S06E12_15624_0.npy,
312000,412142,1503396,6,12,15648,0,1080,1920,854,208,1206,560,123904,0.06,data/encodings/house_2004_0412142/S06E12_15648_0.npy,
312001,412142,1503396,6,12,15672,0,1080,1920,436,195,730,489,86436,0.042,data/encodings/house_2004_0412142/S06E12_15672_0.npy,
312002,412142,1503396,6,12,15696,0,1080,1920,459,181,704,426,60025,0.029,data/encodings/house_2004_0412142/S06E12_15696_0.npy,
312003,412142,1503396,6,12,15720,0,1080,1920,298,218,720,640,178084,0.086,data/encodings/house_2004_0412142/S06E12_15720_0.npy,
312004,412142,1503396,6,12,15744,0,1080,1920,1112,112,1281,282,28730,0.014,data/encodings/house_2004_0412142/S06E12_15744_0.npy,
312005,412142,1503396,6,12,15744,1,1080,1920,475,474,645,643,28730,0.014,data/encodings/house_2004_0412142/S06E12_15744_1.npy,
312006,412142,1503396,6,12,15768,0,1080,1920,1146,112,1316,282,28900,0.014,data/encodings/house_2004_0412142/S06E12_15768_0.npy,
312007,412142,1503396,6,12,15768,1,1080,1920,424,508,594,678,28900,0.014,data/encodings/house_2004_0412142/S06E12_15768_1.npy,
312008,412142,1503396,6,12,15792,0,1080,1920,1129,112,1299,282,28900,0.014,data/encodings/house_2004_0412142/S06E12_15792_0.npy,
312009,412142,1503396,6,12,15792,1,1080,1920,475,533,679,736,41412,0.02,data/encodings/house_2004_0412142/S06E12_15792_1.npy,
312010,412142,1503396,6,12,15816,0,1080,1920,1120,195,1413,489,86142,0.042,data/encodings/house_2004_0412142/S06E12_15816_0.npy,
312011,412142,1503396,6,12,15840,0,1080,1920,1178,206,1422,450,59536,0.029,data/encodings/house_2004_0412142/S06E12_15840_0.npy,
312012,412142,1503396,6,12,15864,0,1080,1920,383,261,806,683,178506,0.086,data/encodings/house_2004_0412142/S06E12_15864_0.npy,
312013,412142,1503396,6,12,15888,0,1080,1920,426,175,849,598,178929,0.086,data/encodings/house_2004_0412142/S06E12_15888_0.npy,
312014,412142,1503396,6,12,15912,0,1080,1920,280,159,788,666,257556,0.124,data/encodings/house_2004_0412142/S06E12_15912_0.npy,
312015,412142,1503396,6,12,15936,0,1080,1920,383,210,890,717,257049,0.124,data/encodings/house_2004_0412142/S06E12_15936_0.npy,
312016,412142,1503396,6,12,15960,0,1080,1920,1128,206,1373,450,59780,0.029,data/encodings/house_2004_0412142/S06E12_15960_0.npy,
312017,412142,1503396,6,12,15984,0,1080,1920,1103,206,1348,450,59780,0.029,data/encodings/house_2004_0412142/S06E12_15984_0.npy,
312018,412142,1503396,6,12,16008,0,1080,1920,383,218,806,640,178506,0.086,data/encodings/house_2004_0412142/S06E12_16008_0.npy,
312019,412142,1503396,6,12,16032,0,1080,1920,332,210,839,717,257049,0.124,data/encodings/house_2004_0412142/S06E12_16032_0.npy,
312020,412142,1503396,6,12,16056,0,1080,1920,469,218,891,640,178084,0.086,data/encodings/house_2004_0412142/S06E12_16056_0.npy,
312021,412142,1503396,6,12,16080,0,1080,1920,298,175,720,598,178506,0.086,data/encodings/house_2004_0412142/S06E12_16080_0.npy,
312022,412142,1503396,6,12,16104,0,1080,1920,340,261,763,683,178506,0.086,data/encodings/house_2004_0412142/S06E12_16104_0.npy,
312023,412142,1503396,6,12,16128,0,1080,1920,512,218,934,640,178084,0.086,data/encodings/house_2004_0412142/S06E12_16128_0.npy,
312024,412142,1503396,6,12,16152,0,1080,1920,426,244,778,596,123904,0.06,data/encodings/house_2004_0412142/S06E12_16152_0.npy,
312025,412142,1503396,6,12,16176,0,1080,1920,426,244,778,596,123904,0.06,data/encodings/house_2004_0412142/S06E12_16176_0.npy,
312026,412142,1503396,6,12,16200,0,1080,1920,426,218,849,640,178506,0.086,data/encodings/house_2004_0412142/S06E12_16200_0.npy,
312027,412142,1503396,6,12,16224,0,1080,1920,426,303,849,726,178929,0.086,data/encodings/house_2004_0412142/S06E12_16224_0.npy,
312028,412142,1503396,6,12,16248,0,1080,1920,1111,218,1533,640,178084,0.086,data/encodings/house_2004_0412142/S06E12_16248_0.npy,
312029,412142,1503396,6,12,16272,0,1080,1920,332,210,839,717,257049,0.124,data/encodings/house_2004_0412142/S06E12_16272_0.npy,
312030,412142,1503396,6,12,16296,0,1080,1920,340,218,763,640,178506,0.086,data/encodings/house_2004_0412142/S06E12_16296_0.npy,
312031,412142,1503396,6,12,16320,0,1080,1920,383,262,890,769,257049,0.124,data/encodings/house_2004_0412142/S06E12_16320_0.npy,
312032,412142,1503396,6,12,16344,0,1080,1920,426,303,849,726,178929,0.086,data/encodings/house_2004_0412142/S06E12_16344_0.npy,
312033,412142,1503396,6,12,16368,0,1080,1920,469,261,891,683,178084,0.086,data/encodings/house_2004_0412142/S06E12_16368_0.npy,
312034,412142,1503396,6,12,16392,0,1080,1920,747,244,1099,596,123904,0.06,data/encodings/house_2004_0412142/S06E12_16392_0.npy,
312035,412142,1503396,6,12,16416,0,1080,1920,640,172,992,525,124256,0.06,data/encodings/house_2004_0412142/S06E12_16416_0.npy,
312036,412142,1503396,6,12,16440,0,1080,1920,734,195,1027,489,86142,0.042,data/encodings/house_2004_0412142/S06E12_16440_0.npy,
312037,412142,1503396,6,12,16464,0,1080,1920,747,137,1099,489,123904,0.06,data/encodings/house_2004_0412142/S06E12_16464_0.npy,
312038,412142,1503396,6,12,16488,0,1080,1920,747,172,1099,525,124256,0.06,data/encodings/house_2004_0412142/S06E12_16488_0.npy,
312039,412142,1503396,6,12,16512,0,1080,1920,818,208,1170,560,123904,0.06,data/encodings/house_2004_0412142/S06E12_16512_0.npy,
312040,412142,1503396,6,12,16536,0,1080,1920,818,208,1170,560,123904,0.06,data/encodings/house_2004_0412142/S06E12_16536_0.npy,
312041,412142,1503396,6,12,16560,0,1080,1920,897,261,1319,683,178084,0.086,data/encodings/house_2004_0412142/S06E12_16560_0.npy,
312042,412142,1503396,6,12,16584,0,1080,1920,1196,175,1619,598,178929,0.086,data/encodings/house_2004_0412142/S06E12_16584_0.npy,
312043,412142,1503396,6,12,16608,0,1080,1920,526,136,819,429,85849,0.041,data/encodings/house_2004_0412142/S06E12_16608_0.npy,
312044,412142,1503396,6,12,16632,0,1080,1920,555,106,849,400,86436,0.042,data/encodings/house_2004_0412142/S06E12_16632_0.npy,
312045,412142,1503396,6,12,16656,0,1080,1920,854,208,1206,560,123904,0.06,data/encodings/house_2004_0412142/S06E12_16656_0.npy,
312046,412142,1503396,6,12,16680,0,1080,1920,459,181,704,426,60025,0.029,data/encodings/house_2004_0412142/S06E12_16680_0.npy,
312047,412142,1503396,6,12,16704,0,1080,1920,410,156,654,401,59780,0.029,data/encodings/house_2004_0412142/S06E12_16704_0.npy,
312048,412142,1503396,6,12,16728,0,1080,1920,407,195,700,489,86142,0.042,data/encodings/house_2004_0412142/S06E12_16728_0.npy,
312049,412142,1503396,6,12,16752,0,1080,1920,1104,279,1456,632,124256,0.06,data/encodings/house_2004_0412142/S06E12_16752_0.npy,
312050,412142,1503396,6,12,16776,0,1080,1920,1068,261,1491,683,178506,0.086,data/encodings/house_2004_0412142/S06E12_16776_0.npy,
312051,412142,1503396,6,12,16800,0,1080,1920,1068,261,1491,683,178506,0.086,data/encodings/house_2004_0412142/S06E12_16800_0.npy,
312052,412142,1503396,6,12,16824,0,1080,1920,1068,261,1491,683,178506,0.086,data/encodings/house_2004_0412142/S06E12_16824_0.npy,
312053,412142,1503396,6,12,16848,0,1080,1920,1111,261,1533,683,178084,0.086,data/encodings/house_2004_0412142/S06E12_16848_0.npy,
312054,412142,1503396,6,12,16872,0,1080,1920,1111,261,1533,683,178084,0.086,data/encodings/house_2004_0412142/S06E12_16872_0.npy,
312055,412142,1503396,6,12,16896,0,1080,1920,496,166,789,459,85849,0.041,data/encodings/house_2004_0412142/S06E12_16896_0.npy,
312056,412142,1503396,6,12,16920,0,1080,1920,644,106,938,400,86436,0.042,data/encodings/house_2004_0412142/S06E12_16920_0.npy,
312057,412142,1503396,6,12,16944,0,1080,1920,407,166,700,459,85849,0.041,data/encodings/house_2004_0412142/S06E12_16944_0.npy,
312058,412142,1503396,6,12,16968,0,1080,1920,436,166,730,459,86142,0.042,data/encodings/house_2004_0412142/S06E12_16968_0.npy,
312059,412142,1503396,6,12,16992,0,1080,1920,997,315,1349,667,123904,0.06,data/encodings/house_2004_0412142/S06E12_16992_0.npy,
312060,412142,1503396,6,12,17016,0,1080,1920,997,279,1349,632,124256,0.06,data/encodings/house_2004_0412142/S06E12_17016_0.npy,
312061,412142,1503396,6,12,17040,0,1080,1920,615,106,908,400,86142,0.042,data/encodings/house_2004_0412142/S06E12_17040_0.npy,
312062,412142,1503396,6,12,17064,0,1080,1920,657,156,902,401,60025,0.029,data/encodings/house_2004_0412142/S06E12_17064_0.npy,
312063,412142,1503396,6,12,17088,0,1080,1920,732,107,976,351,59536,0.029,data/encodings/house_2004_0412142/S06E12_17088_0.npy,
312064,412142,1503396,6,12,17112,0,1080,1920,704,77,997,370,85849,0.041,data/encodings/house_2004_0412142/S06E12_17112_0.npy,
312065,412142,1503396,6,12,17136,0,1080,1920,1139,137,1491,489,123904,0.06,data/encodings/house_2004_0412142/S06E12_17136_0.npy,
312066,412142,1503396,6,12,17160,0,1080,1920,1175,208,1527,560,123904,0.06,data/encodings/house_2004_0412142/S06E12_17160_0.npy,
312067,412142,1503396,6,12,17184,0,1080,1920,466,166,760,459,86142,0.042,data/encodings/house_2004_0412142/S06E12_17184_0.npy,
312068,412142,1503396,6,12,17208,0,1080,1920,466,195,760,489,86436,0.042,data/encodings/house_2004_0412142/S06E12_17208_0.npy,
312069,412142,1503396,6,12,17232,0,1080,1920,466,195,760,489,86436,0.042,data/encodings/house_2004_0412142/S06E12_17232_0.npy,
312070,412142,1503396,6,12,17256,0,1080,1920,704,106,997,400,86142,0.042,data/encodings/house_2004_0412142/S06E12_17256_0.npy,
312071,412142,1503396,6,12,17280,0,1080,1920,583,156,828,401,60025,0.029,data/encodings/house_2004_0412142/S06E12_17280_0.npy,
312072,412142,1503396,6,12,17304,0,1080,1920,526,166,819,459,85849,0.041,data/encodings/house_2004_0412142/S06E12_17304_0.npy,
312073,412142,1503396,6,12,17328,0,1080,1920,1425,264,1628,468,41412,0.02,data/encodings/house_2004_0412142/S06E12_17328_0.npy,
312074,412142,1503396,6,12,17328,1,1080,1920,360,156,605,401,60025,0.029,data/encodings/house_2004_0412142/S06E12_17328_1.npy,
312075,412142,1503396,6,12,17352,0,1080,1920,1425,264,1628,468,41412,0.02,data/encodings/house_2004_0412142/S06E12_17352_0.npy,
312076,412142,1503396,6,12,17352,1,1080,1920,372,161,576,365,41616,0.02,data/encodings/house_2004_0412142/S06E12_17352_1.npy,
312077,412142,1503396,6,12,17352,2,1080,1920,319,101,671,453,123904,0.06,data/encodings/house_2004_0412142/S06E12_17352_2.npy,
312078,412142,1503396,6,12,17376,0,1080,1920,1425,264,1628,468,41412,0.02,data/encodings/house_2004_0412142/S06E12_17376_0.npy,
312079,412142,1503396,6,12,17376,1,1080,1920,372,161,576,365,41616,0.02,data/encodings/house_2004_0412142/S06E12_17376_1.npy,
312080,412142,1503396,6,12,17376,2,1080,1920,319,101,671,453,123904,0.06,data/encodings/house_2004_0412142/S06E12_17376_2.npy,
312081,412142,1503396,6,12,17400,0,1080,1920,683,218,1105,640,178084,0.086,data/encodings/house_2004_0412142/S06E12_17400_0.npy,
312082,412142,1503396,6,12,17424,0,1080,1920,676,279,1028,632,124256,0.06,data/encodings/house_2004_0412142/S06E12_17424_0.npy,
312083,412142,1503396,6,12,17448,0,1080,1920,583,181,828,426,60025,0.029,data/encodings/house_2004_0412142/S06E12_17448_0.npy,
312084,412142,1503396,6,12,17472,0,1080,1920,555,136,849,429,86142,0.042,data/encodings/house_2004_0412142/S06E12_17472_0.npy,
312085,412142,1503396,6,12,17496,0,1080,1920,1061,344,1354,637,85849,0.041,data/encodings/house_2004_0412142/S06E12_17496_0.npy,
312086,412142,1503396,6,12,17520,0,1080,1920,1031,314,1324,608,86142,0.042,data/encodings/house_2004_0412142/S06E12_17520_0.npy,
312087,412142,1503396,6,12,17544,0,1080,1920,961,315,1313,667,123904,0.06,data/encodings/house_2004_0412142/S06E12_17544_0.npy,
312088,412142,1503396,6,12,17568,0,1080,1920,555,166,849,459,86142,0.042,data/encodings/house_2004_0412142/S06E12_17568_0.npy,
312089,412142,1503396,6,12,17592,0,1080,1920,555,136,849,429,86142,0.042,data/encodings/house_2004_0412142/S06E12_17592_0.npy,
312090,412142,1503396,6,12,17616,0,1080,1920,555,136,849,429,86142,0.042,data/encodings/house_2004_0412142/S06E12_17616_0.npy,
312091,412142,1503396,6,12,17640,0,1080,1920,615,166,908,459,85849,0.041,data/encodings/house_2004_0412142/S06E12_17640_0.npy,
312092,412142,1503396,6,12,17664,0,1080,1920,585,136,878,429,85849,0.041,data/encodings/house_2004_0412142/S06E12_17664_0.npy,
312093,412142,1503396,6,12,17688,0,1080,1920,961,315,1313,667,123904,0.06,data/encodings/house_2004_0412142/S06E12_17688_0.npy,
312094,412142,1503396,6,12,17712,0,1080,1920,971,344,1265,637,86142,0.042,data/encodings/house_2004_0412142/S06E12_17712_0.npy,
312095,412142,1503396,6,12,17736,0,1080,1920,1139,172,1491,525,124256,0.06,data/encodings/house_2004_0412142/S06E12_17736_0.npy,
312096,412142,1503396,6,12,17760,0,1080,1920,1104,172,1456,525,124256,0.06,data/encodings/house_2004_0412142/S06E12_17760_0.npy,
312097,412142,1503396,6,12,17784,0,1080,1920,1175,68,1317,210,20164,0.01,data/encodings/house_2004_0412142/S06E12_17784_0.npy,
312098,412142,1503396,6,12,17784,1,1080,1920,410,478,654,723,59780,0.029,data/encodings/house_2004_0412142/S06E12_17784_1.npy,
312099,412142,1503396,6,12,17808,0,1080,1920,455,533,658,736,41209,0.02,data/encodings/house_2004_0412142/S06E12_17808_0.npy,
312100,412142,1503396,6,12,17808,1,1080,1920,1118,40,1259,181,19881,0.01,data/encodings/house_2004_0412142/S06E12_17808_1.npy,
312101,412142,1503396,6,12,17832,0,1080,1920,1218,37,1422,241,41616,0.02,data/encodings/house_2004_0412142/S06E12_17832_0.npy,
312102,412142,1503396,6,12,17832,1,1080,1920,458,560,628,729,28730,0.014,data/encodings/house_2004_0412142/S06E12_17832_1.npy,
312103,412142,1503396,6,12,17856,0,1080,1920,372,577,542,747,28900,0.014,data/encodings/house_2004_0412142/S06E12_17856_0.npy,
312104,412142,1503396,6,12,17856,1,1080,1920,1232,61,1402,231,28900,0.014,data/encodings/house_2004_0412142/S06E12_17856_1.npy,
312105,412142,1503396,6,12,17880,0,1080,1920,1146,126,1288,267,20022,0.01,data/encodings/house_2004_0412142/S06E12_17880_0.npy,
312106,412142,1503396,6,12,17904,0,1080,1920,1008,112,1178,282,28900,0.014,data/encodings/house_2004_0412142/S06E12_17904_0.npy,
312107,412142,1503396,6,12,17928,0,1080,1920,929,78,1133,282,41616,0.02,data/encodings/house_2004_0412142/S06E12_17928_0.npy,
312108,412142,1503396,6,12,17928,1,1080,1920,977,124,1095,242,13924,0.007,data/encodings/house_2004_0412142/S06E12_17928_1.npy,
312109,412142,1503396,6,12,17952,0,1080,1920,960,126,1102,267,20022,0.01,data/encodings/house_2004_0412142/S06E12_17952_0.npy,
312110,412142,1503396,6,12,17976,0,1080,1920,794,210,1301,717,257049,0.124,data/encodings/house_2004_0412142/S06E12_17976_0.npy,
312111,412142,1503396,6,12,18000,0,1080,1920,794,210,1301,717,257049,0.124,data/encodings/house_2004_0412142/S06E12_18000_0.npy,
312112,412142,1503396,6,12,18024,0,1080,1920,1112,147,1281,317,28730,0.014,data/encodings/house_2004_0412142/S06E12_18024_0.npy,
312113,412142,1503396,6,12,18024,1,1080,1920,217,611,387,781,28900,0.014,data/encodings/house_2004_0412142/S06E12_18024_1.npy,
312114,412142,1503396,6,12,18048,0,1080,1920,940,130,1110,299,28730,0.014,data/encodings/house_2004_0412142/S06E12_18048_0.npy,
312115,412142,1503396,6,12,18048,1,1080,1920,217,611,387,781,28900,0.014,data/encodings/house_2004_0412142/S06E12_18048_1.npy,
312116,412142,1503396,6,12,18072,0,1080,1920,991,130,1161,299,28730,0.014,data/encodings/house_2004_0412142/S06E12_18072_0.npy,
312117,412142,1503396,6,12,18096,0,1080,1920,957,112,1127,282,28900,0.014,data/encodings/house_2004_0412142/S06E12_18096_0.npy,
312118,412142,1503396,6,12,18120,0,1080,1920,1008,95,1178,265,28900,0.014,data/encodings/house_2004_0412142/S06E12_18120_0.npy,
312119,412142,1503396,6,12,18144,0,1080,1920,1060,140,1202,282,20164,0.01,data/encodings/house_2004_0412142/S06E12_18144_0.npy,
312120,412142,1503396,6,12,18168,0,1080,1920,743,159,1250,666,257049,0.124,data/encodings/house_2004_0412142/S06E12_18168_0.npy,
312121,412142,1503396,6,12,18192,0,1080,1920,1202,181,1447,426,60025,0.029,data/encodings/house_2004_0412142/S06E12_18192_0.npy,
312122,412142,1503396,6,12,18216,0,1080,1920,1150,195,1443,489,86142,0.042,data/encodings/house_2004_0412142/S06E12_18216_0.npy,
312123,412142,1503396,6,12,18240,0,1080,1920,1001,195,1295,489,86436,0.042,data/encodings/house_2004_0412142/S06E12_18240_0.npy,
312124,412142,1503396,6,12,18264,0,1080,1920,1103,206,1348,450,59780,0.029,data/encodings/house_2004_0412142/S06E12_18264_0.npy,
312125,412142,1503396,6,12,18288,0,1080,1920,811,218,1234,640,178506,0.086,data/encodings/house_2004_0412142/S06E12_18288_0.npy,
312126,412142,1503396,6,12,18312,0,1080,1920,768,218,1191,640,178506,0.086,data/encodings/house_2004_0412142/S06E12_18312_0.npy,
312127,412142,1503396,6,12,18336,0,1080,1920,377,314,670,608,86142,0.042,data/encodings/house_2004_0412142/S06E12_18336_0.npy,
312128,412142,1503396,6,12,18360,0,1080,1920,640,346,1063,769,178929,0.086,data/encodings/house_2004_0412142/S06E12_18360_0.npy,
312129,412142,1503396,6,12,18384,0,1080,1920,512,261,934,683,178084,0.086,data/encodings/house_2004_0412142/S06E12_18384_0.npy,
312130,412142,1503396,6,12,18408,0,1080,1920,640,218,1063,640,178506,0.086,data/encodings/house_2004_0412142/S06E12_18408_0.npy,
312131,412142,1503396,6,12,18432,0,1080,1920,743,108,1250,615,257049,0.124,data/encodings/house_2004_0412142/S06E12_18432_0.npy,
312132,412142,1503396,6,12,18456,0,1080,1920,676,208,1028,560,123904,0.06,data/encodings/house_2004_0412142/S06E12_18456_0.npy,
312133,412142,1503396,6,12,18480,0,1080,1920,512,261,934,683,178084,0.086,data/encodings/house_2004_0412142/S06E12_18480_0.npy,
312134,412142,1503396,6,12,18504,0,1080,1920,469,218,891,640,178084,0.086,data/encodings/house_2004_0412142/S06E12_18504_0.npy,
312135,412142,1503396,6,12,18528,0,1080,1920,1211,172,1563,525,124256,0.06,data/encodings/house_2004_0412142/S06E12_18528_0.npy,
312136,412142,1503396,6,12,18552,0,1080,1920,991,112,1161,282,28900,0.014,data/encodings/house_2004_0412142/S06E12_18552_0.npy,
312137,412142,1503396,6,12,18552,1,1080,1920,351,553,555,757,41616,0.02,data/encodings/house_2004_0412142/S06E12_18552_1.npy,
312138,412142,1503396,6,12,18576,0,1080,1920,991,95,1161,265,28900,0.014,data/encodings/house_2004_0412142/S06E12_18576_0.npy,
312139,412142,1503396,6,12,18576,1,1080,1920,455,553,658,757,41412,0.02,data/encodings/house_2004_0412142/S06E12_18576_1.npy,
312140,412142,1503396,6,12,18600,0,1080,1920,991,95,1161,265,28900,0.014,data/encodings/house_2004_0412142/S06E12_18600_0.npy,
312141,412142,1503396,6,12,18624,0,1080,1920,991,112,1161,282,28900,0.014,data/encodings/house_2004_0412142/S06E12_18624_0.npy,
312142,412142,1503396,6,12,18624,1,1080,1920,455,553,658,757,41412,0.02,data/encodings/house_2004_0412142/S06E12_18624_1.npy,
312143,412142,1503396,6,12,18648,0,1080,1920,845,210,1353,717,257556,0.124,data/encodings/house_2004_0412142/S06E12_18648_0.npy,
312144,412142,1503396,6,12,18672,0,1080,1920,845,159,1353,666,257556,0.124,data/encodings/house_2004_0412142/S06E12_18672_0.npy,
312145,412142,1503396,6,12,18696,0,1080,1920,794,210,1301,717,257049,0.124,data/encodings/house_2004_0412142/S06E12_18696_0.npy,
312146,412142,1503396,6,12,18720,0,1080,1920,569,172,921,525,124256,0.06,data/encodings/house_2004_0412142/S06E12_18720_0.npy,
312147,412142,1503396,6,12,18744,0,1080,1920,585,225,878,519,86142,0.042,data/encodings/house_2004_0412142/S06E12_18744_0.npy,
312148,412142,1503396,6,12,18768,0,1080,1920,555,225,849,519,86436,0.042,data/encodings/house_2004_0412142/S06E12_18768_0.npy,
312149,412142,1503396,6,12,18792,0,1080,1920,426,208,778,560,123904,0.06,data/encodings/house_2004_0412142/S06E12_18792_0.npy,
312150,412142,1503396,6,12,18816,0,1080,1920,644,106,938,400,86436,0.042,data/encodings/house_2004_0412142/S06E12_18816_0.npy,
312151,412142,1503396,6,12,18840,0,1080,1920,604,244,956,596,123904,0.06,data/encodings/house_2004_0412142/S06E12_18840_0.npy,
312152,412142,1503396,6,12,18864,0,1080,1920,496,106,789,400,86142,0.042,data/encodings/house_2004_0412142/S06E12_18864_0.npy,
312153,412142,1503396,6,12,18888,0,1080,1920,711,101,1063,453,123904,0.06,data/encodings/house_2004_0412142/S06E12_18888_0.npy,
312154,412142,1503396,6,12,18912,0,1080,1920,732,206,976,450,59536,0.029,data/encodings/house_2004_0412142/S06E12_18912_0.npy,
312155,412142,1503396,6,12,18936,0,1080,1920,704,166,997,459,85849,0.041,data/encodings/house_2004_0412142/S06E12_18936_0.npy,
312156,412142,1503396,6,12,18960,0,1080,1920,644,522,938,816,86436,0.042,data/encodings/house_2004_0412142/S06E12_18960_0.npy,
312157,412142,1503396,6,12,19008,0,1080,1920,486,313,993,820,257049,0.124,data/encodings/house_2004_0412142/S06E12_19008_0.npy,
312158,412142,1503396,6,12,19032,0,1080,1920,486,313,993,820,257049,0.124,data/encodings/house_2004_0412142/S06E12_19032_0.npy,
312159,412142,1503396,6,12,19056,0,1080,1920,1001,166,1295,459,86142,0.042,data/encodings/house_2004_0412142/S06E12_19056_0.npy,
312160,412142,1503396,6,12,19080,0,1080,1920,1031,166,1324,459,85849,0.041,data/encodings/house_2004_0412142/S06E12_19080_0.npy,
312161,412142,1503396,6,12,19104,0,1080,1920,1061,136,1354,429,85849,0.041,data/encodings/house_2004_0412142/S06E12_19104_0.npy,
312162,412142,1503396,6,12,19128,0,1080,1920,1128,156,1373,401,60025,0.029,data/encodings/house_2004_0412142/S06E12_19128_0.npy,
312163,412142,1503396,6,12,19152,0,1080,1920,806,156,1051,401,60025,0.029,data/encodings/house_2004_0412142/S06E12_19152_0.npy,
312164,412142,1503396,6,12,19176,0,1080,1920,847,182,1051,385,41412,0.02,data/encodings/house_2004_0412142/S06E12_19176_0.npy,
312165,412142,1503396,6,12,19200,0,1080,1920,806,156,1051,401,60025,0.029,data/encodings/house_2004_0412142/S06E12_19200_0.npy,
312166,412142,1503396,6,12,19224,0,1080,1920,781,156,1026,401,60025,0.029,data/encodings/house_2004_0412142/S06E12_19224_0.npy,
312167,412142,1503396,6,12,19248,0,1080,1920,826,161,1030,365,41616,0.02,data/encodings/house_2004_0412142/S06E12_19248_0.npy,
312168,412142,1503396,6,12,19272,0,1080,1920,1202,33,1447,277,59780,0.029,data/encodings/house_2004_0412142/S06E12_19272_0.npy,
312169,412142,1503396,6,12,19296,0,1080,1920,1202,57,1447,302,60025,0.029,data/encodings/house_2004_0412142/S06E12_19296_0.npy,
312170,412142,1503396,6,12,19320,0,1080,1920,1103,132,1348,376,59780,0.029,data/encodings/house_2004_0412142/S06E12_19320_0.npy,
312171,412142,1503396,6,12,19344,0,1080,1920,1090,166,1384,459,86142,0.042,data/encodings/house_2004_0412142/S06E12_19344_0.npy,
312172,412142,1503396,6,12,19368,0,1080,1920,555,166,849,459,86142,0.042,data/encodings/house_2004_0412142/S06E12_19368_0.npy,
312173,412142,1503396,6,12,19392,0,1080,1920,979,305,1224,550,60025,0.029,data/encodings/house_2004_0412142/S06E12_19392_0.npy,
312174,412142,1503396,6,12,19416,0,1080,1920,707,652,952,896,59780,0.029,data/encodings/house_2004_0412142/S06E12_19416_0.npy,
312175,412142,1503396,6,12,19440,0,1080,1920,633,255,877,500,59780,0.029,data/encodings/house_2004_0412142/S06E12_19440_0.npy,
312176,412142,1503396,6,12,19464,0,1080,1920,608,206,852,450,59536,0.029,data/encodings/house_2004_0412142/S06E12_19464_0.npy,
312177,412142,1503396,6,12,19488,0,1080,1920,657,206,902,450,59780,0.029,data/encodings/house_2004_0412142/S06E12_19488_0.npy,
312178,412142,1503396,6,12,19512,0,1080,1920,633,206,877,450,59536,0.029,data/encodings/house_2004_0412142/S06E12_19512_0.npy,
312179,412142,1503396,6,12,19536,0,1080,1920,633,206,877,450,59536,0.029,data/encodings/house_2004_0412142/S06E12_19536_0.npy,
312180,412142,1503396,6,12,19560,0,1080,1920,633,206,877,450,59536,0.029,data/encodings/house_2004_0412142/S06E12_19560_0.npy,
312181,412142,1503396,6,12,19584,0,1080,1920,633,206,877,450,59536,0.029,data/encodings/house_2004_0412142/S06E12_19584_0.npy,
312182,412142,1503396,6,12,19608,0,1080,1920,1202,255,1447,500,60025,0.029,data/encodings/house_2004_0412142/S06E12_19608_0.npy,
312183,412142,1503396,6,12,19632,0,1080,1920,1202,255,1447,500,60025,0.029,data/encodings/house_2004_0412142/S06E12_19632_0.npy,
312184,412142,1503396,6,12,19656,0,1080,1920,633,206,877,450,59536,0.029,data/encodings/house_2004_0412142/S06E12_19656_0.npy,
312185,412142,1503396,6,12,19680,0,1080,1920,633,181,877,426,59780,0.029,data/encodings/house_2004_0412142/S06E12_19680_0.npy,
312186,412142,1503396,6,12,19704,0,1080,1920,608,181,852,426,59780,0.029,data/encodings/house_2004_0412142/S06E12_19704_0.npy,
312187,412142,1503396,6,12,19728,0,1080,1920,1051,262,1558,769,257049,0.124,data/encodings/house_2004_0412142/S06E12_19728_0.npy,
312188,412142,1503396,6,12,19752,0,1080,1920,469,303,891,726,178506,0.086,data/encodings/house_2004_0412142/S06E12_19752_0.npy,
312189,412142,1503396,6,12,19776,0,1080,1920,469,346,891,769,178506,0.086,data/encodings/house_2004_0412142/S06E12_19776_0.npy,
312190,412142,1503396,6,12,19800,0,1080,1920,999,262,1507,769,257556,0.124,data/encodings/house_2004_0412142/S06E12_19800_0.npy,
312191,412142,1503396,6,12,19824,0,1080,1920,999,210,1507,717,257556,0.124,data/encodings/house_2004_0412142/S06E12_19824_0.npy,
312192,412142,1503396,6,12,19848,0,1080,1920,897,210,1404,717,257049,0.124,data/encodings/house_2004_0412142/S06E12_19848_0.npy,
312193,412142,1503396,6,12,19872,0,1080,1920,897,210,1404,717,257049,0.124,data/encodings/house_2004_0412142/S06E12_19872_0.npy,
312194,412142,1503396,6,12,19896,0,1080,1920,426,389,849,812,178929,0.086,data/encodings/house_2004_0412142/S06E12_19896_0.npy,
312195,412142,1503396,6,12,19920,0,1080,1920,426,346,849,769,178929,0.086,data/encodings/house_2004_0412142/S06E12_19920_0.npy,
312196,412142,1503396,6,12,19944,0,1080,1920,999,262,1507,769,257556,0.124,data/encodings/house_2004_0412142/S06E12_19944_0.npy,
312197,412142,1503396,6,12,19968,0,1080,1920,938,222,1546,830,369664,0.178,data/encodings/house_2004_0412142/S06E12_19968_0.npy,
312198,412142,1503396,6,12,19992,0,1080,1920,938,222,1546,830,369664,0.178,data/encodings/house_2004_0412142/S06E12_19992_0.npy,
312199,412142,1503396,6,12,20016,0,1080,1920,938,222,1546,830,369664,0.178,data/encodings/house_2004_0412142/S06E12_20016_0.npy,
312200,412142,1503396,6,12,20040,0,1080,1920,426,303,849,726,178929,0.086,data/encodings/house_2004_0412142/S06E12_20040_0.npy,
312201,412142,1503396,6,12,20064,0,1080,1920,383,303,806,726,178929,0.086,data/encodings/house_2004_0412142/S06E12_20064_0.npy,
312202,412142,1503396,6,12,20136,0,1080,1920,1097,255,1215,373,13924,0.007,data/encodings/house_2004_0412142/S06E12_20136_0.npy,
312203,412142,1503396,6,12,20160,0,1080,1920,1150,314,1443,608,86142,0.042,data/encodings/house_2004_0412142/S06E12_20160_0.npy,
312204,412142,1503396,6,12,20184,0,1080,1920,558,156,803,401,60025,0.029,data/encodings/house_2004_0412142/S06E12_20184_0.npy,
312205,412142,1503396,6,12,20208,0,1080,1920,558,132,803,376,59780,0.029,data/encodings/house_2004_0412142/S06E12_20208_0.npy,
312206,412142,1503396,6,12,20232,0,1080,1920,1061,255,1354,548,85849,0.041,data/encodings/house_2004_0412142/S06E12_20232_0.npy,
312207,412142,1503396,6,12,20256,0,1080,1920,1031,255,1324,548,85849,0.041,data/encodings/house_2004_0412142/S06E12_20256_0.npy,
312208,412142,1503396,6,12,20280,0,1080,1920,1209,225,1503,519,86436,0.042,data/encodings/house_2004_0412142/S06E12_20280_0.npy,
312209,412142,1503396,6,12,20304,0,1080,1920,301,455,442,597,20022,0.01,data/encodings/house_2004_0412142/S06E12_20304_0.npy,
312210,412142,1503396,6,12,20304,1,1080,1920,1670,184,1788,302,13924,0.007,data/encodings/house_2004_0412142/S06E12_20304_1.npy,
312211,412142,1503396,6,12,20328,0,1080,1920,1646,172,1764,290,13924,0.007,data/encodings/house_2004_0412142/S06E12_20328_0.npy,
312212,412142,1503396,6,12,20328,1,1080,1920,309,482,426,600,13806,0.007,data/encodings/house_2004_0412142/S06E12_20328_1.npy,
312213,412142,1503396,6,12,20376,0,1080,1920,568,284,1177,892,370272,0.179,data/encodings/house_2004_0412142/S06E12_20376_0.npy,
312214,412142,1503396,6,12,20400,0,1080,1920,640,313,1147,820,257049,0.124,data/encodings/house_2004_0412142/S06E12_20400_0.npy,
312215,412142,1503396,6,12,20424,0,1080,1920,506,160,1115,769,370881,0.179,data/encodings/house_2004_0412142/S06E12_20424_0.npy,
312216,412142,1503396,6,12,20448,0,1080,1920,633,156,877,401,59780,0.029,data/encodings/house_2004_0412142/S06E12_20448_0.npy,
312217,412142,1503396,6,12,20496,0,1080,1920,360,181,605,426,60025,0.029,data/encodings/house_2004_0412142/S06E12_20496_0.npy,
312218,412142,1503396,6,12,20520,0,1080,1920,484,132,729,376,59780,0.029,data/encodings/house_2004_0412142/S06E12_20520_0.npy,
312219,412142,1503396,6,12,20544,0,1080,1920,585,225,878,519,86142,0.042,data/encodings/house_2004_0412142/S06E12_20544_0.npy,
312220,412142,1503396,6,12,20568,0,1080,1920,961,137,1313,489,123904,0.06,data/encodings/house_2004_0412142/S06E12_20568_0.npy,
312221,412142,1503396,6,12,20592,0,1080,1920,1001,195,1295,489,86436,0.042,data/encodings/house_2004_0412142/S06E12_20592_0.npy,
312222,412142,1503396,6,12,20616,0,1080,1920,1004,231,1249,475,59780,0.029,data/encodings/house_2004_0412142/S06E12_20616_0.npy,
312223,412142,1503396,6,12,20640,0,1080,1920,961,208,1313,560,123904,0.06,data/encodings/house_2004_0412142/S06E12_20640_0.npy,
312224,412142,1503396,6,12,20664,0,1080,1920,459,280,704,525,60025,0.029,data/encodings/house_2004_0412142/S06E12_20664_0.npy,
312225,412142,1503396,6,12,20688,0,1080,1920,385,231,630,475,59780,0.029,data/encodings/house_2004_0412142/S06E12_20688_0.npy,
312226,412142,1503396,6,12,20712,0,1080,1920,509,206,753,450,59536,0.029,data/encodings/house_2004_0412142/S06E12_20712_0.npy,
312227,412142,1503396,6,12,20736,0,1080,1920,360,132,605,376,59780,0.029,data/encodings/house_2004_0412142/S06E12_20736_0.npy,
312228,412142,1503396,6,12,20760,0,1080,1920,187,280,431,525,59780,0.029,data/encodings/house_2004_0412142/S06E12_20760_0.npy,
312229,412142,1503396,6,12,20784,0,1080,1920,372,264,576,468,41616,0.02,data/encodings/house_2004_0412142/S06E12_20784_0.npy,
312230,412142,1503396,6,12,20808,0,1080,1920,434,285,638,489,41616,0.02,data/encodings/house_2004_0412142/S06E12_20808_0.npy,
312231,412142,1503396,6,12,20832,0,1080,1920,351,244,555,447,41412,0.02,data/encodings/house_2004_0412142/S06E12_20832_0.npy,
312232,412142,1503396,6,12,20856,0,1080,1920,997,208,1349,560,123904,0.06,data/encodings/house_2004_0412142/S06E12_20856_0.npy,
312233,412142,1503396,6,12,20880,0,1080,1920,997,208,1349,560,123904,0.06,data/encodings/house_2004_0412142/S06E12_20880_0.npy,
312234,412142,1503396,6,12,20928,0,1080,1920,335,181,580,426,60025,0.029,data/encodings/house_2004_0412142/S06E12_20928_0.npy,
312235,412142,1503396,6,12,20952,0,1080,1920,286,181,530,426,59780,0.029,data/encodings/house_2004_0412142/S06E12_20952_0.npy,
312236,412142,1503396,6,12,20976,0,1080,1920,286,181,530,426,59780,0.029,data/encodings/house_2004_0412142/S06E12_20976_0.npy,
312237,412142,1503396,6,12,21000,0,1080,1920,925,244,1277,596,123904,0.06,data/encodings/house_2004_0412142/S06E12_21000_0.npy,
312238,412142,1503396,6,12,21024,0,1080,1920,854,315,1206,667,123904,0.06,data/encodings/house_2004_0412142/S06E12_21024_0.npy,
312239,412142,1503396,6,12,21048,0,1080,1920,882,285,1176,578,86142,0.042,data/encodings/house_2004_0412142/S06E12_21048_0.npy,
312240,412142,1503396,6,12,21072,0,1080,1920,854,244,1206,596,123904,0.06,data/encodings/house_2004_0412142/S06E12_21072_0.npy,
312241,412142,1503396,6,12,21096,0,1080,1920,854,279,1206,632,124256,0.06,data/encodings/house_2004_0412142/S06E12_21096_0.npy,
312242,412142,1503396,6,12,21120,0,1080,1920,890,208,1242,560,123904,0.06,data/encodings/house_2004_0412142/S06E12_21120_0.npy,
312243,412142,1503396,6,12,21144,0,1080,1920,644,285,938,578,86142,0.042,data/encodings/house_2004_0412142/S06E12_21144_0.npy,
312244,412142,1503396,6,12,21168,0,1080,1920,854,244,1206,596,123904,0.06,data/encodings/house_2004_0412142/S06E12_21168_0.npy,
312245,412142,1503396,6,12,21192,0,1080,1920,1068,244,1420,596,123904,0.06,data/encodings/house_2004_0412142/S06E12_21192_0.npy,
312246,412142,1503396,6,12,21216,0,1080,1920,890,279,1242,632,124256,0.06,data/encodings/house_2004_0412142/S06E12_21216_0.npy,
312247,412142,1503396,6,12,21240,0,1080,1920,383,210,890,717,257049,0.124,data/encodings/house_2004_0412142/S06E12_21240_0.npy,
312248,412142,1503396,6,12,21264,0,1080,1920,383,262,890,769,257049,0.124,data/encodings/house_2004_0412142/S06E12_21264_0.npy,
312249,412142,1503396,6,12,21288,0,1080,1920,1032,208,1384,560,123904,0.06,data/encodings/house_2004_0412142/S06E12_21288_0.npy,
312250,412142,1503396,6,12,21408,0,1080,1920,602,183,743,325,20022,0.01,data/encodings/house_2004_0412142/S06E12_21408_0.npy,
312251,412142,1503396,6,12,21432,0,1080,1920,1032,208,1384,560,123904,0.06,data/encodings/house_2004_0412142/S06E12_21432_0.npy,
312252,412142,1503396,6,12,21456,0,1080,1920,260,99,868,707,369664,0.178,data/encodings/house_2004_0412142/S06E12_21456_0.npy,
312253,412142,1503396,6,12,21528,0,1080,1920,1068,218,1491,640,178506,0.086,data/encodings/house_2004_0412142/S06E12_21528_0.npy,
312254,412142,1503396,6,12,21552,0,1080,1920,1425,255,1670,500,60025,0.029,data/encodings/house_2004_0412142/S06E12_21552_0.npy,
312255,412142,1503396,6,12,21552,1,1080,1920,578,120,782,324,41616,0.02,data/encodings/house_2004_0412142/S06E12_21552_1.npy,
312256,412142,1503396,6,12,21576,0,1080,1920,723,99,927,303,41616,0.02,data/encodings/house_2004_0412142/S06E12_21576_0.npy,
312257,412142,1503396,6,12,21576,1,1080,1920,1400,181,1645,426,60025,0.029,data/encodings/house_2004_0412142/S06E12_21576_1.npy,
312258,412142,1503396,6,12,21600,0,1080,1920,599,120,803,324,41616,0.02,data/encodings/house_2004_0412142/S06E12_21600_0.npy,
312259,412142,1503396,6,12,21600,1,1080,1920,1400,181,1645,426,60025,0.029,data/encodings/house_2004_0412142/S06E12_21600_1.npy,
312260,412142,1503396,6,12,21624,0,1080,1920,620,120,824,324,41616,0.02,data/encodings/house_2004_0412142/S06E12_21624_0.npy,
312261,412142,1503396,6,12,21624,1,1080,1920,1400,181,1645,426,60025,0.029,data/encodings/house_2004_0412142/S06E12_21624_1.npy,
312262,412142,1503396,6,12,21648,0,1080,1920,578,140,782,344,41616,0.02,data/encodings/house_2004_0412142/S06E12_21648_0.npy,
312263,412142,1503396,6,12,21648,1,1080,1920,1328,136,1621,429,85849,0.041,data/encodings/house_2004_0412142/S06E12_21648_1.npy,
312264,412142,1503396,6,12,21672,0,1080,1920,1153,156,1397,401,59780,0.029,data/encodings/house_2004_0412142/S06E12_21672_0.npy,
312265,412142,1503396,6,12,21672,1,1080,1920,620,140,824,344,41616,0.02,data/encodings/house_2004_0412142/S06E12_21672_1.npy,
312266,412142,1503396,6,12,21672,2,1080,1920,1376,181,1620,426,59780,0.029,data/encodings/house_2004_0412142/S06E12_21672_2.npy,
312267,412142,1503396,6,12,21696,0,1080,1920,1128,156,1373,401,60025,0.029,data/encodings/house_2004_0412142/S06E12_21696_0.npy,
312268,412142,1503396,6,12,21696,1,1080,1920,682,182,885,385,41209,0.02,data/encodings/house_2004_0412142/S06E12_21696_1.npy,
312269,412142,1503396,6,12,21720,0,1080,1920,744,182,947,385,41209,0.02,data/encodings/house_2004_0412142/S06E12_21720_0.npy,
312270,412142,1503396,6,12,21720,1,1080,1920,1202,231,1447,475,59780,0.029,data/encodings/house_2004_0412142/S06E12_21720_1.npy,
312271,412142,1503396,6,12,21744,0,1080,1920,744,182,947,385,41209,0.02,data/encodings/house_2004_0412142/S06E12_21744_0.npy,
312272,412142,1503396,6,12,21768,0,1080,1920,1326,181,1571,426,60025,0.029,data/encodings/house_2004_0412142/S06E12_21768_0.npy,
312273,412142,1503396,6,12,21768,1,1080,1920,657,82,902,327,60025,0.029,data/encodings/house_2004_0412142/S06E12_21768_1.npy,
312274,412142,1503396,6,12,21792,0,1080,1920,599,120,803,324,41616,0.02,data/encodings/house_2004_0412142/S06E12_21792_0.npy,
312275,412142,1503396,6,12,21792,1,1080,1920,1376,181,1620,426,59780,0.029,data/encodings/house_2004_0412142/S06E12_21792_1.npy,
312276,412142,1503396,6,12,21816,0,1080,1920,633,82,877,327,59780,0.029,data/encodings/house_2004_0412142/S06E12_21816_0.npy,
312277,412142,1503396,6,12,21816,1,1080,1920,1400,181,1645,426,60025,0.029,data/encodings/house_2004_0412142/S06E12_21816_1.npy,
312278,412142,1503396,6,12,21840,0,1080,1920,187,132,431,376,59536,0.029,data/encodings/house_2004_0412142/S06E12_21840_0.npy,
312279,412142,1503396,6,12,21864,0,1080,1920,385,107,630,351,59780,0.029,data/encodings/house_2004_0412142/S06E12_21864_0.npy,
312280,412142,1503396,6,12,21888,0,1080,1920,393,161,597,365,41616,0.02,data/encodings/house_2004_0412142/S06E12_21888_0.npy,
312281,412142,1503396,6,12,21912,0,1080,1920,113,181,357,426,59780,0.029,data/encodings/house_2004_0412142/S06E12_21912_0.npy,
312282,412142,1503396,6,12,21936,0,1080,1920,248,208,600,560,123904,0.06,data/encodings/house_2004_0412142/S06E12_21936_0.npy,
312283,412142,1503396,6,12,21936,1,1080,1920,1353,351,1705,703,123904,0.06,data/encodings/house_2004_0412142/S06E12_21936_1.npy,
312284,412142,1503396,6,12,21960,0,1080,1920,283,137,636,489,124256,0.06,data/encodings/house_2004_0412142/S06E12_21960_0.npy,
312285,412142,1503396,6,12,21960,1,1080,1920,1353,351,1705,703,123904,0.06,data/encodings/house_2004_0412142/S06E12_21960_1.npy,
312286,412142,1503396,6,12,22104,0,1080,1920,831,197,973,339,20164,0.01,data/encodings/house_2004_0412142/S06E12_22104_0.npy,
312287,412142,1503396,6,12,22152,0,1080,1920,867,120,1071,324,41616,0.02,data/encodings/house_2004_0412142/S06E12_22152_0.npy,
312288,412142,1503396,6,12,22152,1,1080,1920,1321,182,1525,385,41412,0.02,data/encodings/house_2004_0412142/S06E12_22152_1.npy,
312289,412142,1503396,6,12,22176,0,1080,1920,1383,182,1587,385,41412,0.02,data/encodings/house_2004_0412142/S06E12_22176_0.npy,
312290,412142,1503396,6,12,22200,0,1080,1920,544,147,714,317,28900,0.014,data/encodings/house_2004_0412142/S06E12_22200_0.npy,
312291,412142,1503396,6,12,22272,0,1080,1920,1115,182,1319,385,41412,0.02,data/encodings/house_2004_0412142/S06E12_22272_0.npy,
312292,412142,1503396,6,12,22296,0,1080,1920,1054,156,1298,401,59780,0.029,data/encodings/house_2004_0412142/S06E12_22296_0.npy,
312293,412142,1503396,6,12,22320,0,1080,1920,979,206,1224,450,59780,0.029,data/encodings/house_2004_0412142/S06E12_22320_0.npy,
312294,412142,1503396,6,12,22344,0,1080,1920,608,255,852,500,59780,0.029,data/encodings/house_2004_0412142/S06E12_22344_0.npy,
312295,412142,1503396,6,12,22368,0,1080,1920,867,326,1071,530,41616,0.02,data/encodings/house_2004_0412142/S06E12_22368_0.npy,
312296,412142,1503396,6,12,22440,0,1080,1920,1178,255,1422,500,59780,0.029,data/encodings/house_2004_0412142/S06E12_22440_0.npy,
312297,412142,1503396,6,12,22464,0,1080,1920,1351,231,1595,475,59536,0.029,data/encodings/house_2004_0412142/S06E12_22464_0.npy,
312298,412142,1503396,6,12,22512,0,1080,1920,766,104,848,186,6724,0.003,data/encodings/house_2004_0412142/S06E12_22512_0.npy,
312299,412142,1503396,6,12,22560,0,1080,1920,1282,132,1705,555,178929,0.086,data/encodings/house_2004_0412142/S06E12_22560_0.npy,
312300,412142,1503396,6,12,22584,0,1080,1920,961,172,1313,525,124256,0.06,data/encodings/house_2004_0412142/S06E12_22584_0.npy,
312301,412142,1503396,6,12,22608,0,1080,1920,961,315,1313,667,123904,0.06,data/encodings/house_2004_0412142/S06E12_22608_0.npy,
312302,412142,1503396,6,12,22632,0,1080,1920,890,244,1242,596,123904,0.06,data/encodings/house_2004_0412142/S06E12_22632_0.npy,
312303,412142,1503396,6,12,22800,0,1080,1920,640,175,1063,598,178929,0.086,data/encodings/house_2004_0412142/S06E12_22800_0.npy,
312304,412142,1503396,6,12,22824,0,1080,1920,897,175,1319,598,178506,0.086,data/encodings/house_2004_0412142/S06E12_22824_0.npy,
312305,412142,1503396,6,12,22848,0,1080,1920,897,175,1319,598,178506,0.086,data/encodings/house_2004_0412142/S06E12_22848_0.npy,
312306,412142,1503396,6,12,22872,0,1080,1920,597,218,1020,640,178506,0.086,data/encodings/house_2004_0412142/S06E12_22872_0.npy,
312307,412142,1503396,6,12,22896,0,1080,1920,876,160,1485,769,370881,0.179,data/encodings/house_2004_0412142/S06E12_22896_0.npy,
312308,412142,1503396,6,12,22920,0,1080,1920,876,160,1485,769,370881,0.179,data/encodings/house_2004_0412142/S06E12_22920_0.npy,
312309,412142,1503396,6,12,22944,0,1080,1920,1123,37,1731,646,370272,0.179,data/encodings/house_2004_0412142/S06E12_22944_0.npy,
312310,412142,1503396,6,12,22968,0,1080,1920,220,91,950,821,532900,0.257,data/encodings/house_2004_0412142/S06E12_22968_0.npy,
312311,412142,1503396,6,12,22992,0,1080,1920,683,175,1105,598,178506,0.086,data/encodings/house_2004_0412142/S06E12_22992_0.npy,
312312,412142,1503396,6,12,23016,0,1080,1920,294,91,1024,821,532900,0.257,data/encodings/house_2004_0412142/S06E12_23016_0.npy,
312313,412142,1503396,6,12,23040,0,1080,1920,383,160,992,769,370881,0.179,data/encodings/house_2004_0412142/S06E12_23040_0.npy,
312314,412142,1503396,6,12,23184,0,1080,1920,500,303,618,421,13924,0.007,data/encodings/house_2004_0412142/S06E12_23184_0.npy,
312315,412142,1503396,6,12,23184,1,1080,1920,874,146,956,228,6724,0.003,data/encodings/house_2004_0412142/S06E12_23184_1.npy,
312316,412142,1503396,6,12,23184,2,1080,1920,1174,297,1272,395,9604,0.005,data/encodings/house_2004_0412142/S06E12_23184_2.npy,
312317,412142,1503396,6,12,23208,0,1080,1920,507,277,605,375,9604,0.005,data/encodings/house_2004_0412142/S06E12_23208_0.npy,
312318,412142,1503396,6,12,23208,1,1080,1920,1144,297,1242,395,9604,0.005,data/encodings/house_2004_0412142/S06E12_23208_1.npy,
312319,412142,1503396,6,12,23208,2,1080,1920,882,146,964,228,6724,0.003,data/encodings/house_2004_0412142/S06E12_23208_2.npy,
312320,412142,1503396,6,12,23232,0,1080,1920,882,137,964,219,6724,0.003,data/encodings/house_2004_0412142/S06E12_23232_0.npy,
312321,412142,1503396,6,12,23232,1,1080,1920,1184,287,1282,385,9604,0.005,data/encodings/house_2004_0412142/S06E12_23232_1.npy,
312322,412142,1503396,6,12,23232,2,1080,1920,535,291,653,409,13924,0.007,data/encodings/house_2004_0412142/S06E12_23232_2.npy,
312323,412142,1503396,6,12,23256,0,1080,1920,524,279,641,397,13806,0.007,data/encodings/house_2004_0412142/S06E12_23256_0.npy,
312324,412142,1503396,6,12,23256,1,1080,1920,1184,287,1282,385,9604,0.005,data/encodings/house_2004_0412142/S06E12_23256_1.npy,
312325,412142,1503396,6,12,23256,2,1080,1920,891,137,973,219,6724,0.003,data/encodings/house_2004_0412142/S06E12_23256_2.npy,
312326,412142,1503396,6,12,23280,0,1080,1920,524,255,641,373,13806,0.007,data/encodings/house_2004_0412142/S06E12_23280_0.npy,
312327,412142,1503396,6,12,23280,1,1080,1920,891,129,973,211,6724,0.003,data/encodings/house_2004_0412142/S06E12_23280_1.npy,
312328,412142,1503396,6,12,23280,2,1080,1920,1184,267,1282,366,9702,0.005,data/encodings/house_2004_0412142/S06E12_23280_2.npy,
312329,412142,1503396,6,12,23304,0,1080,1920,500,219,618,337,13924,0.007,data/encodings/house_2004_0412142/S06E12_23304_0.npy,
312330,412142,1503396,6,12,23304,1,1080,1920,891,137,973,219,6724,0.003,data/encodings/house_2004_0412142/S06E12_23304_1.npy,
312331,412142,1503396,6,12,23304,2,1080,1920,1174,277,1272,375,9604,0.005,data/encodings/house_2004_0412142/S06E12_23304_2.npy,
312332,412142,1503396,6,12,23328,0,1080,1920,487,227,585,326,9702,0.005,data/encodings/house_2004_0412142/S06E12_23328_0.npy,
312333,412142,1503396,6,12,23328,1,1080,1920,891,146,973,228,6724,0.003,data/encodings/house_2004_0412142/S06E12_23328_1.npy,
312334,412142,1503396,6,12,23328,2,1080,1920,1174,257,1272,356,9702,0.005,data/encodings/house_2004_0412142/S06E12_23328_2.npy,
312335,412142,1503396,6,12,23352,0,1080,1920,1214,217,1312,316,9702,0.005,data/encodings/house_2004_0412142/S06E12_23352_0.npy,
312336,412142,1503396,6,12,23352,1,1080,1920,497,188,595,286,9604,0.005,data/encodings/house_2004_0412142/S06E12_23352_1.npy,
312337,412142,1503396,6,12,23352,2,1080,1920,899,129,981,211,6724,0.003,data/encodings/house_2004_0412142/S06E12_23352_2.npy,
312338,412142,1503396,6,12,23376,0,1080,1920,507,168,605,266,9604,0.005,data/encodings/house_2004_0412142/S06E12_23376_0.npy,
312339,412142,1503396,6,12,23376,1,1080,1920,1204,184,1322,302,13924,0.007,data/encodings/house_2004_0412142/S06E12_23376_1.npy,
312340,412142,1503396,6,12,23376,2,1080,1920,907,129,989,211,6724,0.003,data/encodings/house_2004_0412142/S06E12_23376_2.npy,
312341,412142,1503396,6,12,23400,0,1080,1920,517,158,615,256,9604,0.005,data/encodings/house_2004_0412142/S06E12_23400_0.npy,
312342,412142,1503396,6,12,23400,1,1080,1920,1216,160,1334,278,13924,0.007,data/encodings/house_2004_0412142/S06E12_23400_1.npy,
312343,412142,1503396,6,12,23400,2,1080,1920,916,137,997,219,6642,0.003,data/encodings/house_2004_0412142/S06E12_23400_2.npy,
312344,412142,1503396,6,12,23400,3,1080,1920,1447,212,1589,353,20022,0.01,data/encodings/house_2004_0412142/S06E12_23400_3.npy,
312345,412142,1503396,6,12,23424,0,1080,1920,547,168,645,266,9604,0.005,data/encodings/house_2004_0412142/S06E12_23424_0.npy,
312346,412142,1503396,6,12,23424,1,1080,1920,940,162,1022,244,6724,0.003,data/encodings/house_2004_0412142/S06E12_23424_1.npy,
312347,412142,1503396,6,12,23424,2,1080,1920,1243,178,1342,276,9702,0.005,data/encodings/house_2004_0412142/S06E12_23424_2.npy,
312348,412142,1503396,6,12,23424,3,1080,1920,1476,212,1618,353,20022,0.01,data/encodings/house_2004_0412142/S06E12_23424_3.npy,
312349,412142,1503396,6,12,23448,0,1080,1920,577,178,675,276,9604,0.005,data/encodings/house_2004_0412142/S06E12_23448_0.npy,
312350,412142,1503396,6,12,23448,1,1080,1920,974,171,1056,253,6724,0.003,data/encodings/house_2004_0412142/S06E12_23448_1.npy,
312351,412142,1503396,6,12,23448,2,1080,1920,1276,160,1394,278,13924,0.007,data/encodings/house_2004_0412142/S06E12_23448_2.npy,
312352,412142,1503396,6,12,23448,3,1080,1920,1507,198,1677,368,28900,0.014,data/encodings/house_2004_0412142/S06E12_23448_3.npy,
312353,412142,1503396,6,12,23472,0,1080,1920,995,158,1093,256,9604,0.005,data/encodings/house_2004_0412142/S06E12_23472_0.npy,
312354,412142,1503396,6,12,23496,0,1080,1920,1007,171,1089,253,6724,0.003,data/encodings/house_2004_0412142/S06E12_23496_0.npy,
312355,412142,1503396,6,12,23520,0,1080,1920,1015,146,1097,228,6724,0.003,data/encodings/house_2004_0412142/S06E12_23520_0.npy,
312356,412142,1503396,6,12,23520,1,1080,1920,1533,240,1675,382,20164,0.01,data/encodings/house_2004_0412142/S06E12_23520_1.npy,
312357,412142,1503396,6,12,23544,0,1080,1920,1023,137,1105,219,6724,0.003,data/encodings/house_2004_0412142/S06E12_23544_0.npy,
312358,412142,1503396,6,12,23544,1,1080,1920,1548,226,1689,368,20022,0.01,data/encodings/house_2004_0412142/S06E12_23544_1.npy,
312359,412142,1503396,6,12,23568,0,1080,1920,410,82,654,327,59780,0.029,data/encodings/house_2004_0412142/S06E12_23568_0.npy,
312360,412142,1503396,6,12,23592,0,1080,1920,435,107,679,351,59536,0.029,data/encodings/house_2004_0412142/S06E12_23592_0.npy,
312361,412142,1503396,6,12,23616,0,1080,1920,410,82,654,327,59780,0.029,data/encodings/house_2004_0412142/S06E12_23616_0.npy,
312362,412142,1503396,6,12,23640,0,1080,1920,410,107,654,351,59536,0.029,data/encodings/house_2004_0412142/S06E12_23640_0.npy,
312363,412142,1503396,6,12,23664,0,1080,1920,664,17,1394,747,532900,0.257,data/encodings/house_2004_0412142/S06E12_23664_0.npy,
312364,412142,1503396,6,12,23688,0,1080,1920,1075,183,1216,325,20022,0.01,data/encodings/house_2004_0412142/S06E12_23688_0.npy,
312365,412142,1503396,6,12,23712,0,1080,1920,890,244,1242,596,123904,0.06,data/encodings/house_2004_0412142/S06E12_23712_0.npy,
312366,412142,1503396,6,12,23736,0,1080,1920,818,208,1170,560,123904,0.06,data/encodings/house_2004_0412142/S06E12_23736_0.npy,
312367,412142,1503396,6,12,23760,0,1080,1920,997,172,1349,525,124256,0.06,data/encodings/house_2004_0412142/S06E12_23760_0.npy,
312368,412142,1503396,6,12,23784,0,1080,1920,435,107,679,351,59536,0.029,data/encodings/house_2004_0412142/S06E12_23784_0.npy,
312369,412142,1503396,6,12,23808,0,1080,1920,435,107,679,351,59536,0.029,data/encodings/house_2004_0412142/S06E12_23808_0.npy,
312370,412142,1503396,6,12,23832,0,1080,1920,410,132,654,376,59536,0.029,data/encodings/house_2004_0412142/S06E12_23832_0.npy,
312371,412142,1503396,6,12,23856,0,1080,1920,385,132,630,376,59780,0.029,data/encodings/house_2004_0412142/S06E12_23856_0.npy,
312372,412142,1503396,6,12,23880,0,1080,1920,385,107,630,351,59780,0.029,data/encodings/house_2004_0412142/S06E12_23880_0.npy,
312373,412142,1503396,6,12,23904,0,1080,1920,756,255,1001,500,60025,0.029,data/encodings/house_2004_0412142/S06E12_23904_0.npy,
312374,412142,1503396,6,12,23904,1,1080,1920,1277,206,1521,450,59536,0.029,data/encodings/house_2004_0412142/S06E12_23904_1.npy,
312375,412142,1503396,6,12,23928,0,1080,1920,1342,202,1546,406,41616,0.02,data/encodings/house_2004_0412142/S06E12_23928_0.npy,
312376,412142,1503396,6,12,23928,1,1080,1920,734,255,1027,548,85849,0.041,data/encodings/house_2004_0412142/S06E12_23928_1.npy,
312377,412142,1503396,6,12,23952,0,1080,1920,1363,202,1567,406,41616,0.02,data/encodings/house_2004_0412142/S06E12_23952_0.npy,
312378,412142,1503396,6,12,23952,1,1080,1920,734,255,1027,548,85849,0.041,data/encodings/house_2004_0412142/S06E12_23952_1.npy,
312379,412142,1503396,6,12,23976,0,1080,1920,383,218,806,640,178506,0.086,data/encodings/house_2004_0412142/S06E12_23976_0.npy,
312380,412142,1503396,6,12,24000,0,1080,1920,533,208,885,560,123904,0.06,data/encodings/house_2004_0412142/S06E12_24000_0.npy,
312381,412142,1503396,6,12,24024,0,1080,1920,426,208,778,560,123904,0.06,data/encodings/house_2004_0412142/S06E12_24024_0.npy,
312382,412142,1503396,6,12,24048,0,1080,1920,533,208,885,560,123904,0.06,data/encodings/house_2004_0412142/S06E12_24048_0.npy,
312383,412142,1503396,6,12,24072,0,1080,1920,604,208,956,560,123904,0.06,data/encodings/house_2004_0412142/S06E12_24072_0.npy,
312384,412142,1503396,6,12,24096,0,1080,1920,512,261,934,683,178084,0.086,data/encodings/house_2004_0412142/S06E12_24096_0.npy,
312385,412142,1503396,6,12,24120,0,1080,1920,512,261,934,683,178084,0.086,data/encodings/house_2004_0412142/S06E12_24120_0.npy,
312386,412142,1503396,6,12,24144,0,1080,1920,426,244,778,596,123904,0.06,data/encodings/house_2004_0412142/S06E12_24144_0.npy,
312387,412142,1503396,6,12,24168,0,1080,1920,640,261,1063,683,178506,0.086,data/encodings/house_2004_0412142/S06E12_24168_0.npy,
312388,412142,1503396,6,12,24192,0,1080,1920,997,208,1349,560,123904,0.06,data/encodings/house_2004_0412142/S06E12_24192_0.npy,
312389,412142,1503396,6,12,24216,0,1080,1920,997,208,1349,560,123904,0.06,data/encodings/house_2004_0412142/S06E12_24216_0.npy,
312390,412142,1503396,6,12,24240,0,1080,1920,383,175,806,598,178929,0.086,data/encodings/house_2004_0412142/S06E12_24240_0.npy,
312391,412142,1503396,6,12,24264,0,1080,1920,332,108,839,615,257049,0.124,data/encodings/house_2004_0412142/S06E12_24264_0.npy,
312392,412142,1503396,6,12,24288,0,1080,1920,426,175,849,598,178929,0.086,data/encodings/house_2004_0412142/S06E12_24288_0.npy,
312393,412142,1503396,6,12,24312,0,1080,1920,897,313,1404,820,257049,0.124,data/encodings/house_2004_0412142/S06E12_24312_0.npy,
312394,412142,1503396,6,12,24336,0,1080,1920,948,313,1455,820,257049,0.124,data/encodings/house_2004_0412142/S06E12_24336_0.npy,
312395,412142,1503396,6,12,24360,0,1080,1920,897,313,1404,820,257049,0.124,data/encodings/house_2004_0412142/S06E12_24360_0.npy,
312396,412142,1503396,6,12,24384,0,1080,1920,948,313,1455,820,257049,0.124,data/encodings/house_2004_0412142/S06E12_24384_0.npy,
312397,412142,1503396,6,12,24408,0,1080,1920,1051,262,1558,769,257049,0.124,data/encodings/house_2004_0412142/S06E12_24408_0.npy,
312398,412142,1503396,6,12,24432,0,1080,1920,383,303,806,726,178929,0.086,data/encodings/house_2004_0412142/S06E12_24432_0.npy,
312399,412142,1503396,6,12,24456,0,1080,1920,462,351,814,703,123904,0.06,data/encodings/house_2004_0412142/S06E12_24456_0.npy,
312400,412142,1503396,6,12,24480,0,1080,1920,383,313,890,820,257049,0.124,data/encodings/house_2004_0412142/S06E12_24480_0.npy,
312401,412142,1503396,6,12,24504,0,1080,1920,942,255,1235,548,85849,0.041,data/encodings/house_2004_0412142/S06E12_24504_0.npy,
312402,412142,1503396,6,12,24528,0,1080,1920,783,244,1135,596,123904,0.06,data/encodings/house_2004_0412142/S06E12_24528_0.npy,
312403,412142,1503396,6,12,24552,0,1080,1920,747,208,1099,560,123904,0.06,data/encodings/house_2004_0412142/S06E12_24552_0.npy,
312404,412142,1503396,6,12,24576,0,1080,1920,644,166,938,459,86142,0.042,data/encodings/house_2004_0412142/S06E12_24576_0.npy,
312405,412142,1503396,6,12,24672,0,1080,1920,1455,187,1537,269,6724,0.003,data/encodings/house_2004_0412142/S06E12_24672_0.npy,
312406,412142,1503396,6,12,24672,1,1080,1920,1023,179,1105,261,6724,0.003,data/encodings/house_2004_0412142/S06E12_24672_1.npy,
312407,412142,1503396,6,12,24696,0,1080,1920,1571,201,1640,269,4692,0.002,data/encodings/house_2004_0412142/S06E12_24696_0.npy,
312408,412142,1503396,6,12,24720,0,1080,1920,1848,194,1916,262,4624,0.002,data/encodings/house_2004_0412142/S06E12_24720_0.npy,
312409,412142,1503396,6,12,24768,0,1080,1920,392,172,510,290,13924,0.007,data/encodings/house_2004_0412142/S06E12_24768_0.npy,
312410,412142,1503396,6,12,24792,0,1080,1920,430,183,571,325,20022,0.01,data/encodings/house_2004_0412142/S06E12_24792_0.npy,
312411,412142,1503396,6,12,24816,0,1080,1920,1387,164,1557,334,28900,0.014,data/encodings/house_2004_0412142/S06E12_24816_0.npy,
312412,412142,1503396,6,12,24816,1,1080,1920,845,197,987,339,20164,0.01,data/encodings/house_2004_0412142/S06E12_24816_1.npy,
312413,412142,1503396,6,12,24840,0,1080,1920,1352,164,1522,334,28900,0.014,data/encodings/house_2004_0412142/S06E12_24840_0.npy,
312414,412142,1503396,6,12,24840,1,1080,1920,630,198,800,368,28900,0.014,data/encodings/house_2004_0412142/S06E12_24840_1.npy,
312415,412142,1503396,6,12,24864,0,1080,1920,1342,202,1546,406,41616,0.02,data/encodings/house_2004_0412142/S06E12_24864_0.npy,
312416,412142,1503396,6,12,24864,1,1080,1920,630,250,800,420,28900,0.014,data/encodings/house_2004_0412142/S06E12_24864_1.npy,
312417,412142,1503396,6,12,24888,0,1080,1920,1363,182,1567,385,41412,0.02,data/encodings/house_2004_0412142/S06E12_24888_0.npy,
312418,412142,1503396,6,12,24888,1,1080,1920,768,250,938,420,28900,0.014,data/encodings/house_2004_0412142/S06E12_24888_1.npy,
312419,412142,1503396,6,12,24912,0,1080,1920,484,107,729,351,59780,0.029,data/encodings/house_2004_0412142/S06E12_24912_0.npy,
312420,412142,1503396,6,12,24936,0,1080,1920,599,182,803,385,41412,0.02,data/encodings/house_2004_0412142/S06E12_24936_0.npy,
312421,412142,1503396,6,12,24960,0,1080,1920,509,181,753,426,59780,0.029,data/encodings/house_2004_0412142/S06E12_24960_0.npy,
312422,412142,1503396,6,12,24984,0,1080,1920,496,182,700,385,41412,0.02,data/encodings/house_2004_0412142/S06E12_24984_0.npy,
312423,412142,1503396,6,12,25008,0,1080,1920,484,132,729,376,59780,0.029,data/encodings/house_2004_0412142/S06E12_25008_0.npy,
312424,412142,1503396,6,12,25032,0,1080,1920,517,182,720,385,41209,0.02,data/encodings/house_2004_0412142/S06E12_25032_0.npy,
312425,412142,1503396,6,12,25056,0,1080,1920,1139,172,1491,525,124256,0.06,data/encodings/house_2004_0412142/S06E12_25056_0.npy,
312426,412142,1503396,6,12,25080,0,1080,1920,1068,172,1420,525,124256,0.06,data/encodings/house_2004_0412142/S06E12_25080_0.npy,
312427,412142,1503396,6,12,25104,0,1080,1920,1111,175,1533,598,178506,0.086,data/encodings/house_2004_0412142/S06E12_25104_0.npy,
312428,412142,1503396,6,12,25128,0,1080,1920,1068,175,1491,598,178929,0.086,data/encodings/house_2004_0412142/S06E12_25128_0.npy,
312429,412142,1503396,6,12,25152,0,1080,1920,1025,175,1448,598,178929,0.086,data/encodings/house_2004_0412142/S06E12_25152_0.npy,
312430,412142,1503396,6,12,25176,0,1080,1920,1154,175,1576,598,178506,0.086,data/encodings/house_2004_0412142/S06E12_25176_0.npy,
312431,412142,1503396,6,12,25200,0,1080,1920,383,218,806,640,178506,0.086,data/encodings/house_2004_0412142/S06E12_25200_0.npy,
312432,412142,1503396,6,12,25224,0,1080,1920,569,137,921,489,123904,0.06,data/encodings/house_2004_0412142/S06E12_25224_0.npy,
312433,412142,1503396,6,12,25248,0,1080,1920,497,172,849,525,124256,0.06,data/encodings/house_2004_0412142/S06E12_25248_0.npy,
312434,412142,1503396,6,12,25272,0,1080,1920,426,172,778,525,124256,0.06,data/encodings/house_2004_0412142/S06E12_25272_0.npy,
312435,412142,1503396,6,12,25296,0,1080,1920,497,172,849,525,124256,0.06,data/encodings/house_2004_0412142/S06E12_25296_0.npy,
312436,412142,1503396,6,12,25320,0,1080,1920,1239,261,1662,683,178506,0.086,data/encodings/house_2004_0412142/S06E12_25320_0.npy,
312437,412142,1503396,6,12,25344,0,1080,1920,1051,210,1558,717,257049,0.124,data/encodings/house_2004_0412142/S06E12_25344_0.npy,
312438,412142,1503396,6,12,25368,0,1080,1920,1154,210,1661,717,257049,0.124,data/encodings/house_2004_0412142/S06E12_25368_0.npy,
312439,412142,1503396,6,12,25392,0,1080,1920,512,132,934,555,178506,0.086,data/encodings/house_2004_0412142/S06E12_25392_0.npy,
312440,412142,1503396,6,12,25416,0,1080,1920,569,208,921,560,123904,0.06,data/encodings/house_2004_0412142/S06E12_25416_0.npy,
312441,412142,1503396,6,12,25440,0,1080,1920,1102,210,1609,717,257049,0.124,data/encodings/house_2004_0412142/S06E12_25440_0.npy,
312442,412142,1503396,6,12,25464,0,1080,1920,1102,210,1609,717,257049,0.124,data/encodings/house_2004_0412142/S06E12_25464_0.npy,
312443,412142,1503396,6,12,25488,0,1080,1920,1102,159,1609,666,257049,0.124,data/encodings/house_2004_0412142/S06E12_25488_0.npy,
312444,412142,1503396,6,12,25512,0,1080,1920,1051,210,1558,717,257049,0.124,data/encodings/house_2004_0412142/S06E12_25512_0.npy,
312445,412142,1503396,6,12,25536,0,1080,1920,283,172,636,525,124609,0.06,data/encodings/house_2004_0412142/S06E12_25536_0.npy,
312446,412142,1503396,6,12,25560,0,1080,1920,1051,159,1558,666,257049,0.124,data/encodings/house_2004_0412142/S06E12_25560_0.npy,
312447,412142,1503396,6,12,25584,0,1080,1920,1051,159,1558,666,257049,0.124,data/encodings/house_2004_0412142/S06E12_25584_0.npy,
312448,412142,1503396,6,12,25608,0,1080,1920,512,175,934,598,178506,0.086,data/encodings/house_2004_0412142/S06E12_25608_0.npy,
312449,412142,1503396,6,12,25632,0,1080,1920,747,137,1099,489,123904,0.06,data/encodings/house_2004_0412142/S06E12_25632_0.npy,
312450,412142,1503396,6,12,25680,0,1080,1920,604,65,956,418,124256,0.06,data/encodings/house_2004_0412142/S06E12_25680_0.npy,
312451,412142,1503396,6,12,25704,0,1080,1920,533,101,885,453,123904,0.06,data/encodings/house_2004_0412142/S06E12_25704_0.npy,
312452,412142,1503396,6,12,25728,0,1080,1920,676,137,1028,489,123904,0.06,data/encodings/house_2004_0412142/S06E12_25728_0.npy,
312453,412142,1503396,6,12,25752,0,1080,1920,1025,132,1448,555,178929,0.086,data/encodings/house_2004_0412142/S06E12_25752_0.npy,
312454,412142,1503396,6,12,25776,0,1080,1920,1032,172,1384,525,124256,0.06,data/encodings/house_2004_0412142/S06E12_25776_0.npy,
312455,412142,1503396,6,12,25800,0,1080,1920,212,181,456,426,59780,0.029,data/encodings/house_2004_0412142/S06E12_25800_0.npy,
312456,412142,1503396,6,12,25824,0,1080,1920,212,132,456,376,59536,0.029,data/encodings/house_2004_0412142/S06E12_25824_0.npy,
312457,412142,1503396,6,12,25848,0,1080,1920,311,181,555,426,59780,0.029,data/encodings/house_2004_0412142/S06E12_25848_0.npy,
312458,412142,1503396,6,12,26016,0,1080,1920,583,132,828,376,59780,0.029,data/encodings/house_2004_0412142/S06E12_26016_0.npy,
312459,412142,1503396,6,12,26040,0,1080,1920,704,255,997,548,85849,0.041,data/encodings/house_2004_0412142/S06E12_26040_0.npy,
312460,412142,1503396,6,12,26064,0,1080,1920,674,314,968,608,86436,0.042,data/encodings/house_2004_0412142/S06E12_26064_0.npy,
312461,412142,1503396,6,12,26088,0,1080,1920,1029,181,1273,426,59780,0.029,data/encodings/house_2004_0412142/S06E12_26088_0.npy,
312462,412142,1503396,6,12,26112,0,1080,1920,950,58,1154,262,41616,0.02,data/encodings/house_2004_0412142/S06E12_26112_0.npy,
312463,412142,1503396,6,12,26112,1,1080,1920,1290,484,1431,626,20022,0.01,data/encodings/house_2004_0412142/S06E12_26112_1.npy,
312464,412142,1503396,6,12,26112,2,1080,1920,707,181,952,426,60025,0.029,data/encodings/house_2004_0412142/S06E12_26112_2.npy,
312465,412142,1503396,6,12,26160,0,1080,1920,747,386,1099,739,124256,0.06,data/encodings/house_2004_0412142/S06E12_26160_0.npy,
312466,412142,1503396,6,12,26160,1,1080,1920,1025,175,1448,598,178929,0.086,data/encodings/house_2004_0412142/S06E12_26160_1.npy,
312467,412142,1503396,6,12,26184,0,1080,1920,711,315,1063,667,123904,0.06,data/encodings/house_2004_0412142/S06E12_26184_0.npy,
312468,412142,1503396,6,12,26184,1,1080,1920,1025,89,1448,512,178929,0.086,data/encodings/house_2004_0412142/S06E12_26184_1.npy,
312469,412142,1503396,6,12,26208,0,1080,1920,1128,206,1373,450,59780,0.029,data/encodings/house_2004_0412142/S06E12_26208_0.npy,
312470,412142,1503396,6,12,26208,1,1080,1920,704,166,997,459,85849,0.041,data/encodings/house_2004_0412142/S06E12_26208_1.npy,
312471,412142,1503396,6,12,26232,0,1080,1920,1103,206,1348,450,59780,0.029,data/encodings/house_2004_0412142/S06E12_26232_0.npy,
312472,412142,1503396,6,12,26232,1,1080,1920,704,166,997,459,85849,0.041,data/encodings/house_2004_0412142/S06E12_26232_1.npy,
312473,412142,1503396,6,12,26256,0,1080,1920,676,244,1028,596,123904,0.06,data/encodings/house_2004_0412142/S06E12_26256_0.npy,
312474,412142,1503396,6,12,26280,0,1080,1920,747,244,1099,596,123904,0.06,data/encodings/house_2004_0412142/S06E12_26280_0.npy,
312475,412142,1503396,6,12,26304,0,1080,1920,1068,175,1491,598,178929,0.086,data/encodings/house_2004_0412142/S06E12_26304_0.npy,
312476,412142,1503396,6,12,26328,0,1080,1920,1154,175,1576,598,178506,0.086,data/encodings/house_2004_0412142/S06E12_26328_0.npy,
312477,412142,1503396,6,12,26352,0,1080,1920,1032,101,1384,453,123904,0.06,data/encodings/house_2004_0412142/S06E12_26352_0.npy,
312478,412142,1503396,6,12,26352,1,1080,1920,383,175,806,598,178929,0.086,data/encodings/house_2004_0412142/S06E12_26352_1.npy,
312479,412142,1503396,6,12,26376,0,1080,1920,982,132,1405,555,178929,0.086,data/encodings/house_2004_0412142/S06E12_26376_0.npy,
312480,412142,1503396,6,12,26400,0,1080,1920,1111,218,1533,640,178084,0.086,data/encodings/house_2004_0412142/S06E12_26400_0.npy,
312481,412142,1503396,6,12,26424,0,1080,1920,1154,261,1576,683,178084,0.086,data/encodings/house_2004_0412142/S06E12_26424_0.npy,
312482,412142,1503396,6,12,26448,0,1080,1920,340,303,763,726,178929,0.086,data/encodings/house_2004_0412142/S06E12_26448_0.npy,
312483,412142,1503396,6,12,26472,0,1080,1920,512,303,934,726,178506,0.086,data/encodings/house_2004_0412142/S06E12_26472_0.npy,
312484,412142,1503396,6,12,26496,0,1080,1920,426,261,849,683,178506,0.086,data/encodings/house_2004_0412142/S06E12_26496_0.npy,
312485,412142,1503396,6,12,26520,0,1080,1920,426,261,849,683,178506,0.086,data/encodings/house_2004_0412142/S06E12_26520_0.npy,
312486,412142,1503396,6,12,26544,0,1080,1920,512,218,934,640,178084,0.086,data/encodings/house_2004_0412142/S06E12_26544_0.npy,
312487,412142,1503396,6,12,26568,0,1080,1920,1025,132,1448,555,178929,0.086,data/encodings/house_2004_0412142/S06E12_26568_0.npy,
312488,412142,1503396,6,12,26592,0,1080,1920,554,261,977,683,178506,0.086,data/encodings/house_2004_0412142/S06E12_26592_0.npy,
312489,412142,1503396,6,12,26616,0,1080,1920,640,261,1063,683,178506,0.086,data/encodings/house_2004_0412142/S06E12_26616_0.npy,
312490,412142,1503396,6,12,26640,0,1080,1920,176,279,529,632,124609,0.06,data/encodings/house_2004_0412142/S06E12_26640_0.npy,
312491,412142,1503396,6,12,26664,0,1080,1920,383,218,806,640,178506,0.086,data/encodings/house_2004_0412142/S06E12_26664_0.npy,
312492,412142,1503396,6,12,26664,1,1080,1920,1111,175,1533,598,178506,0.086,data/encodings/house_2004_0412142/S06E12_26664_1.npy,
312493,412142,1503396,6,12,26688,0,1080,1920,383,218,806,640,178506,0.086,data/encodings/house_2004_0412142/S06E12_26688_0.npy,
312494,412142,1503396,6,12,26688,1,1080,1920,1282,218,1705,640,178506,0.086,data/encodings/house_2004_0412142/S06E12_26688_1.npy,
312495,412142,1503396,6,12,26712,0,1080,1920,176,315,529,667,124256,0.06,data/encodings/house_2004_0412142/S06E12_26712_0.npy,
312496,412142,1503396,6,12,26736,0,1080,1920,176,315,529,667,124256,0.06,data/encodings/house_2004_0412142/S06E12_26736_0.npy,
312497,412142,1503396,6,12,26760,0,1080,1920,426,261,849,683,178506,0.086,data/encodings/house_2004_0412142/S06E12_26760_0.npy,
312498,412142,1503396,6,12,26760,1,1080,1920,1239,175,1662,598,178929,0.086,data/encodings/house_2004_0412142/S06E12_26760_1.npy,
312499,412142,1503396,6,12,26784,0,1080,1920,212,279,564,632,124256,0.06,data/encodings/house_2004_0412142/S06E12_26784_0.npy,
312500,412142,1503396,6,12,26808,0,1080,1920,283,279,636,632,124609,0.06,data/encodings/house_2004_0412142/S06E12_26808_0.npy,
312501,412142,1503396,6,12,26832,0,1080,1920,426,261,849,683,178506,0.086,data/encodings/house_2004_0412142/S06E12_26832_0.npy,
312502,412142,1503396,6,12,26832,1,1080,1920,1282,175,1705,598,178929,0.086,data/encodings/house_2004_0412142/S06E12_26832_1.npy,
312503,412142,1503396,6,12,26856,0,1080,1920,1282,175,1705,598,178929,0.086,data/encodings/house_2004_0412142/S06E12_26856_0.npy,
312504,412142,1503396,6,12,26856,1,1080,1920,469,261,891,683,178084,0.086,data/encodings/house_2004_0412142/S06E12_26856_1.npy,
312505,412142,1503396,6,12,26880,0,1080,1920,1282,175,1705,598,178929,0.086,data/encodings/house_2004_0412142/S06E12_26880_0.npy,
312506,412142,1503396,6,12,26880,1,1080,1920,512,261,934,683,178084,0.086,data/encodings/house_2004_0412142/S06E12_26880_1.npy,
312507,412142,1503396,6,12,26904,0,1080,1920,856,132,1100,376,59536,0.029,data/encodings/house_2004_0412142/S06E12_26904_0.npy,
312508,412142,1503396,6,12,26928,0,1080,1920,1380,212,1462,294,6724,0.003,data/encodings/house_2004_0412142/S06E12_26928_0.npy,
312509,412142,1503396,6,12,26952,0,1080,1920,1174,168,1272,266,9604,0.005,data/encodings/house_2004_0412142/S06E12_26952_0.npy,
312510,412142,1503396,6,12,26976,0,1080,1920,1216,148,1334,266,13924,0.007,data/encodings/house_2004_0412142/S06E12_26976_0.npy,
312511,412142,1503396,6,12,27000,0,1080,1920,620,223,824,427,41616,0.02,data/encodings/house_2004_0412142/S06E12_27000_0.npy,
312512,412142,1503396,6,12,27024,0,1080,1920,640,223,844,427,41616,0.02,data/encodings/house_2004_0412142/S06E12_27024_0.npy,
312513,412142,1503396,6,12,27048,0,1080,1920,497,137,849,489,123904,0.06,data/encodings/house_2004_0412142/S06E12_27048_0.npy,
312514,412142,1503396,6,12,27072,0,1080,1920,1032,172,1384,525,124256,0.06,data/encodings/house_2004_0412142/S06E12_27072_0.npy,
312515,412142,1503396,6,12,27096,0,1080,1920,1353,137,1705,489,123904,0.06,data/encodings/house_2004_0412142/S06E12_27096_0.npy,
312516,412142,1503396,6,12,27120,0,1080,1920,1389,101,1741,453,123904,0.06,data/encodings/house_2004_0412142/S06E12_27120_0.npy,
312517,412142,1503396,6,12,27192,0,1080,1920,533,65,885,418,124256,0.06,data/encodings/house_2004_0412142/S06E12_27192_0.npy,
312518,412142,1503396,6,12,27216,0,1080,1920,533,65,885,418,124256,0.06,data/encodings/house_2004_0412142/S06E12_27216_0.npy,
312519,412142,1503396,6,12,27240,0,1080,1920,785,130,955,299,28730,0.014,data/encodings/house_2004_0412142/S06E12_27240_0.npy,
312520,412142,1503396,6,12,27264,0,1080,1920,744,264,947,468,41412,0.02,data/encodings/house_2004_0412142/S06E12_27264_0.npy,
312521,412142,1503396,6,12,27288,0,1080,1920,744,264,947,468,41412,0.02,data/encodings/house_2004_0412142/S06E12_27288_0.npy,
312522,412142,1503396,6,12,27312,0,1080,1920,1104,137,1456,489,123904,0.06,data/encodings/house_2004_0412142/S06E12_27312_0.npy,
312523,412142,1503396,6,12,27336,0,1080,1920,925,172,1277,525,124256,0.06,data/encodings/house_2004_0412142/S06E12_27336_0.npy,
312524,412142,1503396,6,12,27384,0,1080,1920,997,137,1349,489,123904,0.06,data/encodings/house_2004_0412142/S06E12_27384_0.npy,
312525,412142,1503396,6,12,27408,0,1080,1920,1104,172,1456,525,124256,0.06,data/encodings/house_2004_0412142/S06E12_27408_0.npy,
312526,412142,1503396,6,12,27432,0,1080,1920,1282,172,1634,525,124256,0.06,data/encodings/house_2004_0412142/S06E12_27432_0.npy,
312527,412142,1503396,6,12,27456,0,1080,1920,1068,30,1420,382,123904,0.06,data/encodings/house_2004_0412142/S06E12_27456_0.npy,
312528,412142,1503396,6,12,27480,0,1080,1920,526,255,819,548,85849,0.041,data/encodings/house_2004_0412142/S06E12_27480_0.npy,
312529,412142,1503396,6,12,27504,0,1080,1920,497,137,849,489,123904,0.06,data/encodings/house_2004_0412142/S06E12_27504_0.npy,
312530,412142,1503396,6,12,27528,0,1080,1920,1175,101,1527,453,123904,0.06,data/encodings/house_2004_0412142/S06E12_27528_0.npy,
312531,412142,1503396,6,12,27552,0,1080,1920,1175,137,1527,489,123904,0.06,data/encodings/house_2004_0412142/S06E12_27552_0.npy,
312532,412142,1503396,6,12,27576,0,1080,1920,383,108,890,615,257049,0.124,data/encodings/house_2004_0412142/S06E12_27576_0.npy,
312533,412142,1503396,6,12,27600,0,1080,1920,486,159,993,666,257049,0.124,data/encodings/house_2004_0412142/S06E12_27600_0.npy,
312534,412142,1503396,6,12,27624,0,1080,1920,435,159,942,666,257049,0.124,data/encodings/house_2004_0412142/S06E12_27624_0.npy,
312535,412142,1503396,6,12,27648,0,1080,1920,435,108,942,615,257049,0.124,data/encodings/house_2004_0412142/S06E12_27648_0.npy,
312536,412142,1503396,6,12,27672,0,1080,1920,383,159,890,666,257049,0.124,data/encodings/house_2004_0412142/S06E12_27672_0.npy,
312537,412142,1503396,6,12,27696,0,1080,1920,280,159,788,666,257556,0.124,data/encodings/house_2004_0412142/S06E12_27696_0.npy,
312538,412142,1503396,6,12,27720,0,1080,1920,383,175,806,598,178929,0.086,data/encodings/house_2004_0412142/S06E12_27720_0.npy,
312539,412142,1503396,6,12,27744,0,1080,1920,332,108,839,615,257049,0.124,data/encodings/house_2004_0412142/S06E12_27744_0.npy,
312540,412142,1503396,6,12,27768,0,1080,1920,332,108,839,615,257049,0.124,data/encodings/house_2004_0412142/S06E12_27768_0.npy,
312541,412142,1503396,6,12,27792,0,1080,1920,999,99,1608,707,370272,0.179,data/encodings/house_2004_0412142/S06E12_27792_0.npy,
312542,412142,1503396,6,12,27816,0,1080,1920,1061,99,1670,707,370272,0.179,data/encodings/house_2004_0412142/S06E12_27816_0.npy,
312543,412142,1503396,6,12,27840,0,1080,1920,1061,99,1670,707,370272,0.179,data/encodings/house_2004_0412142/S06E12_27840_0.npy,
312544,412142,1503396,6,12,27864,0,1080,1920,999,37,1608,646,370881,0.179,data/encodings/house_2004_0412142/S06E12_27864_0.npy,
312545,412142,1503396,6,12,27888,0,1080,1920,999,37,1608,646,370881,0.179,data/encodings/house_2004_0412142/S06E12_27888_0.npy,
312546,412142,1503396,6,12,27912,0,1080,1920,999,99,1608,707,370272,0.179,data/encodings/house_2004_0412142/S06E12_27912_0.npy,
312547,412142,1503396,6,12,27936,0,1080,1920,999,37,1608,646,370881,0.179,data/encodings/house_2004_0412142/S06E12_27936_0.npy,
312548,412142,1503396,6,12,27960,0,1080,1920,753,37,1362,646,370881,0.179,data/encodings/house_2004_0412142/S06E12_27960_0.npy,
312549,412142,1503396,6,12,27984,0,1080,1920,702,594,906,798,41616,0.02,data/encodings/house_2004_0412142/S06E12_27984_0.npy,
312550,412142,1503396,6,12,28032,0,1080,1920,845,56,1353,563,257556,0.124,data/encodings/house_2004_0412142/S06E12_28032_0.npy,
312551,412142,1503396,6,12,28056,0,1080,1920,537,159,1044,666,257049,0.124,data/encodings/house_2004_0412142/S06E12_28056_0.npy,
312552,412142,1503396,6,12,28080,0,1080,1920,811,175,1234,598,178929,0.086,data/encodings/house_2004_0412142/S06E12_28080_0.npy,
312553,412142,1503396,6,12,28128,0,1080,1920,816,212,898,294,6724,0.003,data/encodings/house_2004_0412142/S06E12_28128_0.npy,
312554,412142,1503396,6,12,28248,0,1080,1920,415,183,557,325,20164,0.01,data/encodings/house_2004_0412142/S06E12_28248_0.npy,
312555,412142,1503396,6,12,28272,0,1080,1920,444,183,586,325,20164,0.01,data/encodings/house_2004_0412142/S06E12_28272_0.npy,
312556,412142,1503396,6,12,28296,0,1080,1920,444,169,586,310,20022,0.01,data/encodings/house_2004_0412142/S06E12_28296_0.npy,
312557,412142,1503396,6,12,28368,0,1080,1920,430,212,571,353,19881,0.01,data/encodings/house_2004_0412142/S06E12_28368_0.npy,
312558,412142,1503396,6,12,28392,0,1080,1920,458,197,600,339,20164,0.01,data/encodings/house_2004_0412142/S06E12_28392_0.npy,
312559,412142,1503396,6,12,28416,0,1080,1920,516,212,657,353,19881,0.01,data/encodings/house_2004_0412142/S06E12_28416_0.npy,
312560,412142,1503396,6,12,28440,0,1080,1920,530,183,672,325,20164,0.01,data/encodings/house_2004_0412142/S06E12_28440_0.npy,
312561,412142,1503396,6,12,28584,0,1080,1920,487,197,629,339,20164,0.01,data/encodings/house_2004_0412142/S06E12_28584_0.npy,
312562,412142,1503396,6,12,28728,0,1080,1920,585,106,878,400,86142,0.042,data/encodings/house_2004_0412142/S06E12_28728_0.npy,
312563,412142,1503396,6,12,28752,0,1080,1920,585,136,878,429,85849,0.041,data/encodings/house_2004_0412142/S06E12_28752_0.npy,
312564,412142,1503396,6,12,28872,0,1080,1920,644,195,938,489,86436,0.042,data/encodings/house_2004_0412142/S06E12_28872_0.npy,
312565,412142,1503396,6,12,28896,0,1080,1920,640,172,992,525,124256,0.06,data/encodings/house_2004_0412142/S06E12_28896_0.npy,
312566,412142,1503396,6,12,28920,0,1080,1920,644,166,938,459,86142,0.042,data/encodings/house_2004_0412142/S06E12_28920_0.npy,
312567,412142,1503396,6,12,29016,0,1080,1920,516,183,657,325,20022,0.01,data/encodings/house_2004_0412142/S06E12_29016_0.npy,
312568,412142,1503396,6,12,29040,0,1080,1920,492,198,662,368,28900,0.014,data/encodings/house_2004_0412142/S06E12_29040_0.npy,
312569,412142,1503396,6,12,29064,0,1080,1920,880,355,1125,599,59780,0.029,data/encodings/house_2004_0412142/S06E12_29064_0.npy,
312570,412142,1503396,6,12,29088,0,1080,1920,905,330,1150,574,59780,0.029,data/encodings/house_2004_0412142/S06E12_29088_0.npy,
312571,412142,1503396,6,12,29112,0,1080,1920,554,175,977,598,178929,0.086,data/encodings/house_2004_0412142/S06E12_29112_0.npy,
312572,412142,1503396,6,12,29136,0,1080,1920,435,108,942,615,257049,0.124,data/encodings/house_2004_0412142/S06E12_29136_0.npy,
312573,412142,1503396,6,12,29160,0,1080,1920,589,159,1096,666,257049,0.124,data/encodings/house_2004_0412142/S06E12_29160_0.npy,
312574,412142,1503396,6,12,29208,0,1080,1920,597,218,1020,640,178506,0.086,data/encodings/house_2004_0412142/S06E12_29208_0.npy,
312575,412142,1503396,6,12,29232,0,1080,1920,537,159,1044,666,257049,0.124,data/encodings/house_2004_0412142/S06E12_29232_0.npy,
312576,412142,1503396,6,12,29256,0,1080,1920,589,210,1096,717,257049,0.124,data/encodings/house_2004_0412142/S06E12_29256_0.npy,
312577,412142,1503396,6,12,29280,0,1080,1920,537,210,1044,717,257049,0.124,data/encodings/house_2004_0412142/S06E12_29280_0.npy,
312578,412142,1503396,6,12,29352,0,1080,1920,597,218,1020,640,178506,0.086,data/encodings/house_2004_0412142/S06E12_29352_0.npy,
312579,412142,1503396,6,12,29376,0,1080,1920,537,159,1044,666,257049,0.124,data/encodings/house_2004_0412142/S06E12_29376_0.npy,
312580,412142,1503396,6,12,29592,0,1080,1920,1175,137,1527,489,123904,0.06,data/encodings/house_2004_0412142/S06E12_29592_0.npy,
312581,412142,1503396,6,12,29784,0,1080,1920,640,244,992,596,123904,0.06,data/encodings/house_2004_0412142/S06E12_29784_0.npy,
312582,412142,1503396,6,12,29808,0,1080,1920,640,244,992,596,123904,0.06,data/encodings/house_2004_0412142/S06E12_29808_0.npy,
312583,412142,1503396,6,12,30144,0,1080,1920,616,307,715,405,9702,0.005,data/encodings/house_2004_0412142/S06E12_30144_0.npy,
312584,412142,1503396,6,12,30336,0,1080,1920,329,255,471,396,20022,0.01,data/encodings/house_2004_0412142/S06E12_30336_0.npy,
312585,412142,1503396,6,12,30600,0,1080,1920,750,208,868,325,13806,0.007,data/encodings/house_2004_0412142/S06E12_30600_0.npy,
312586,412142,1503396,6,12,30624,0,1080,1920,739,196,856,314,13806,0.007,data/encodings/house_2004_0412142/S06E12_30624_0.npy,
312587,412142,1503396,6,12,30648,0,1080,1920,435,262,942,769,257049,0.124,data/encodings/house_2004_0412142/S06E12_30648_0.npy,
312588,412142,1503396,6,12,30672,0,1080,1920,486,313,993,820,257049,0.124,data/encodings/house_2004_0412142/S06E12_30672_0.npy,
312589,412142,1503396,6,12,30696,0,1080,1920,340,389,763,812,178929,0.086,data/encodings/house_2004_0412142/S06E12_30696_0.npy,
312590,412142,1503396,6,12,31056,0,1080,1920,310,113,392,194,6642,0.003,data/encodings/house_2004_0412142/S06E12_31056_0.npy,
312591,412142,1503396,6,12,31080,0,1080,1920,285,137,367,219,6724,0.003,data/encodings/house_2004_0412142/S06E12_31080_0.npy,
312592,412142,1503396,6,12,31104,0,1080,1920,1068,132,1491,555,178929,0.086,data/encodings/house_2004_0412142/S06E12_31104_0.npy,
312593,412142,1503396,6,12,31128,0,1080,1920,1025,132,1448,555,178929,0.086,data/encodings/house_2004_0412142/S06E12_31128_0.npy,
312594,412142,1503396,6,12,31152,0,1080,1920,340,346,763,769,178929,0.086,data/encodings/house_2004_0412142/S06E12_31152_0.npy,
312595,412142,1503396,6,12,31176,0,1080,1920,383,432,806,854,178506,0.086,data/encodings/house_2004_0412142/S06E12_31176_0.npy,
312596,412142,1503396,6,12,31200,0,1080,1920,640,303,1063,726,178929,0.086,data/encodings/house_2004_0412142/S06E12_31200_0.npy,
312597,412142,1503396,6,12,31224,0,1080,1920,569,279,921,632,124256,0.06,data/encodings/house_2004_0412142/S06E12_31224_0.npy,
312598,412142,1503396,6,12,31248,0,1080,1920,604,279,956,632,124256,0.06,data/encodings/house_2004_0412142/S06E12_31248_0.npy,
312599,412142,1503396,6,12,31272,0,1080,1920,897,159,1404,666,257049,0.124,data/encodings/house_2004_0412142/S06E12_31272_0.npy,
312600,412142,1503396,6,12,31296,0,1080,1920,897,159,1404,666,257049,0.124,data/encodings/house_2004_0412142/S06E12_31296_0.npy,
312601,412142,1503396,6,12,31320,0,1080,1920,897,159,1404,666,257049,0.124,data/encodings/house_2004_0412142/S06E12_31320_0.npy,
312602,412142,1503396,6,12,31344,0,1080,1920,845,159,1353,666,257556,0.124,data/encodings/house_2004_0412142/S06E12_31344_0.npy,
312603,412142,1503396,6,12,31368,0,1080,1920,845,159,1353,666,257556,0.124,data/encodings/house_2004_0412142/S06E12_31368_0.npy,
312604,412142,1503396,6,12,31392,0,1080,1920,897,159,1404,666,257049,0.124,data/encodings/house_2004_0412142/S06E12_31392_0.npy,
312605,412142,1503396,6,12,31416,0,1080,1920,597,303,1020,726,178929,0.086,data/encodings/house_2004_0412142/S06E12_31416_0.npy,
312606,412142,1503396,6,12,31440,0,1080,1920,512,218,934,640,178084,0.086,data/encodings/house_2004_0412142/S06E12_31440_0.npy,
312607,412142,1503396,6,12,31464,0,1080,1920,982,132,1405,555,178929,0.086,data/encodings/house_2004_0412142/S06E12_31464_0.npy,
312608,412142,1503396,6,12,31488,0,1080,1920,940,175,1362,598,178506,0.086,data/encodings/house_2004_0412142/S06E12_31488_0.npy,
312609,412142,1503396,6,12,31512,0,1080,1920,794,159,1301,666,257049,0.124,data/encodings/house_2004_0412142/S06E12_31512_0.npy,
312610,412142,1503396,6,12,31536,0,1080,1920,269,104,351,186,6724,0.003,data/encodings/house_2004_0412142/S06E12_31536_0.npy,
312611,412142,1503396,6,12,31560,0,1080,1920,285,104,367,186,6724,0.003,data/encodings/house_2004_0412142/S06E12_31560_0.npy,
312612,412142,1503396,6,12,31584,0,1080,1920,277,104,359,186,6724,0.003,data/encodings/house_2004_0412142/S06E12_31584_0.npy,
312613,412142,1503396,6,12,32376,0,1080,1920,526,374,819,667,85849,0.041,data/encodings/house_2004_0412142/S06E12_32376_0.npy,
312614,412142,1503396,6,12,32400,0,1080,1920,585,255,878,548,85849,0.041,data/encodings/house_2004_0412142/S06E12_32400_0.npy,
312615,412142,1503396,6,12,32424,0,1080,1920,1318,208,1670,560,123904,0.06,data/encodings/house_2004_0412142/S06E12_32424_0.npy,
312616,412142,1503396,6,12,32448,0,1080,1920,793,136,1087,429,86142,0.042,data/encodings/house_2004_0412142/S06E12_32448_0.npy,
312617,412142,1503396,6,12,32472,0,1080,1920,1090,285,1384,578,86142,0.042,data/encodings/house_2004_0412142/S06E12_32472_0.npy,
312618,412142,1503396,6,12,32496,0,1080,1920,961,208,1313,560,123904,0.06,data/encodings/house_2004_0412142/S06E12_32496_0.npy,
312619,412142,1503396,6,12,32568,0,1080,1920,558,181,803,426,60025,0.029,data/encodings/house_2004_0412142/S06E12_32568_0.npy,
312620,412142,1503396,6,12,32592,0,1080,1920,583,181,828,426,60025,0.029,data/encodings/house_2004_0412142/S06E12_32592_0.npy,
312621,412142,1503396,6,12,32616,0,1080,1920,319,172,671,525,124256,0.06,data/encodings/house_2004_0412142/S06E12_32616_0.npy,
312622,412142,1503396,6,12,32640,0,1080,1920,711,244,1063,596,123904,0.06,data/encodings/house_2004_0412142/S06E12_32640_0.npy,
312623,412142,1503396,6,12,32664,0,1080,1920,954,148,1071,266,13806,0.007,data/encodings/house_2004_0412142/S06E12_32664_0.npy,
312624,412142,1503396,6,12,32664,1,1080,1920,1407,643,1455,690,2256,0.001,data/encodings/house_2004_0412142/S06E12_32664_1.npy,
312625,412142,1503396,6,12,32688,0,1080,1920,888,97,1030,239,20164,0.01,data/encodings/house_2004_0412142/S06E12_32688_0.npy,
312626,412142,1503396,6,12,32712,0,1080,1920,831,169,973,310,20022,0.01,data/encodings/house_2004_0412142/S06E12_32712_0.npy,
312627,412142,1503396,6,12,32712,1,1080,1920,488,184,606,302,13924,0.007,data/encodings/house_2004_0412142/S06E12_32712_1.npy,
312628,412142,1503396,6,12,32736,0,1080,1920,1218,169,1360,310,20022,0.01,data/encodings/house_2004_0412142/S06E12_32736_0.npy,
312629,412142,1503396,6,12,32736,1,1080,1920,607,267,725,385,13924,0.007,data/encodings/house_2004_0412142/S06E12_32736_1.npy,
312630,412142,1503396,6,12,32760,0,1080,1920,774,303,892,421,13924,0.007,data/encodings/house_2004_0412142/S06E12_32760_0.npy,
312631,412142,1503396,6,12,32760,1,1080,1920,1089,197,1231,339,20164,0.01,data/encodings/house_2004_0412142/S06E12_32760_1.npy,
312632,412142,1503396,6,12,32784,0,1080,1920,1025,303,1448,726,178929,0.086,data/encodings/house_2004_0412142/S06E12_32784_0.npy,
312633,412142,1503396,6,12,32808,0,1080,1920,1246,208,1598,560,123904,0.06,data/encodings/house_2004_0412142/S06E12_32808_0.npy,
312634,412142,1503396,6,12,32808,1,1080,1920,377,403,670,697,86142,0.042,data/encodings/house_2004_0412142/S06E12_32808_1.npy,
312635,412142,1503396,6,12,32832,0,1080,1920,1175,208,1527,560,123904,0.06,data/encodings/house_2004_0412142/S06E12_32832_0.npy,
312636,412142,1503396,6,12,32832,1,1080,1920,377,403,670,697,86142,0.042,data/encodings/house_2004_0412142/S06E12_32832_1.npy,
312637,412142,1503396,6,12,32856,0,1080,1920,1179,314,1473,608,86436,0.042,data/encodings/house_2004_0412142/S06E12_32856_0.npy,
312638,412142,1503396,6,12,32880,0,1080,1920,667,328,749,410,6724,0.003,data/encodings/house_2004_0412142/S06E12_32880_0.npy,
312639,412142,1503396,6,12,32880,1,1080,1920,974,237,1056,319,6724,0.003,data/encodings/house_2004_0412142/S06E12_32880_1.npy,
312640,412142,1503396,6,12,32880,2,1080,1920,368,423,486,540,13806,0.007,data/encodings/house_2004_0412142/S06E12_32880_2.npy,
312641,412142,1503396,6,12,32904,0,1080,1920,692,328,774,410,6724,0.003,data/encodings/house_2004_0412142/S06E12_32904_0.npy,
312642,412142,1503396,6,12,32904,1,1080,1920,1024,267,1123,366,9801,0.005,data/encodings/house_2004_0412142/S06E12_32904_1.npy,
312643,412142,1503396,6,12,32928,0,1080,1920,700,336,782,418,6724,0.003,data/encodings/house_2004_0412142/S06E12_32928_0.npy,
312644,412142,1503396,6,12,32928,1,1080,1920,1023,245,1105,327,6724,0.003,data/encodings/house_2004_0412142/S06E12_32928_1.npy,
312645,412142,1503396,6,12,32952,0,1080,1920,1136,140,1340,344,41616,0.02,data/encodings/house_2004_0412142/S06E12_32952_0.npy,
312646,412142,1503396,6,12,32952,1,1080,1920,338,198,508,368,28900,0.014,data/encodings/house_2004_0412142/S06E12_32952_1.npy,
312647,412142,1503396,6,12,32976,0,1080,1920,1179,314,1473,608,86436,0.042,data/encodings/house_2004_0412142/S06E12_32976_0.npy,
312648,412142,1503396,6,12,33000,0,1080,1920,303,198,473,368,28900,0.014,data/encodings/house_2004_0412142/S06E12_33000_0.npy,
312649,412142,1503396,6,12,33000,1,1080,1920,1115,120,1319,324,41616,0.02,data/encodings/house_2004_0412142/S06E12_33000_1.npy,
312650,412142,1503396,6,12,33024,0,1080,1920,1103,107,1348,351,59780,0.029,data/encodings/house_2004_0412142/S06E12_33024_0.npy,
312651,412142,1503396,6,12,33024,1,1080,1920,459,305,704,550,60025,0.029,data/encodings/house_2004_0412142/S06E12_33024_1.npy,
312652,412142,1503396,6,12,33048,0,1080,1920,1078,82,1323,327,60025,0.029,data/encodings/house_2004_0412142/S06E12_33048_0.npy,
312653,412142,1503396,6,12,33048,1,1080,1920,459,231,704,475,59780,0.029,data/encodings/house_2004_0412142/S06E12_33048_1.npy,
312654,412142,1503396,6,12,33072,0,1080,1920,1103,82,1348,327,60025,0.029,data/encodings/house_2004_0412142/S06E12_33072_0.npy,
312655,412142,1503396,6,12,33072,1,1080,1920,509,231,753,475,59536,0.029,data/encodings/house_2004_0412142/S06E12_33072_1.npy,
312656,412142,1503396,6,12,33096,0,1080,1920,248,208,600,560,123904,0.06,data/encodings/house_2004_0412142/S06E12_33096_0.npy,
312657,412142,1503396,6,12,33096,1,1080,1920,1179,314,1473,608,86436,0.042,data/encodings/house_2004_0412142/S06E12_33096_1.npy,
312658,412142,1503396,6,12,33120,0,1080,1920,1179,314,1473,608,86436,0.042,data/encodings/house_2004_0412142/S06E12_33120_0.npy,
312659,412142,1503396,6,12,33120,1,1080,1920,212,218,635,640,178506,0.086,data/encodings/house_2004_0412142/S06E12_33120_1.npy,
312660,412142,1503396,6,12,33144,0,1080,1920,509,255,753,500,59780,0.029,data/encodings/house_2004_0412142/S06E12_33144_0.npy,
312661,412142,1503396,6,12,33144,1,1080,1920,1153,181,1397,426,59780,0.029,data/encodings/house_2004_0412142/S06E12_33144_1.npy,
312662,412142,1503396,6,12,33168,0,1080,1920,475,264,679,468,41616,0.02,data/encodings/house_2004_0412142/S06E12_33168_0.npy,
312663,412142,1503396,6,12,33168,1,1080,1920,1425,280,1670,525,60025,0.029,data/encodings/house_2004_0412142/S06E12_33168_1.npy,
312664,412142,1503396,6,12,33192,0,1080,1920,1150,314,1443,608,86142,0.042,data/encodings/house_2004_0412142/S06E12_33192_0.npy,
312665,412142,1503396,6,12,33192,1,1080,1920,126,261,549,683,178506,0.086,data/encodings/house_2004_0412142/S06E12_33192_1.npy,
312666,412142,1503396,6,12,33216,0,1080,1920,1252,82,1496,327,59780,0.029,data/encodings/house_2004_0412142/S06E12_33216_0.npy,
312667,412142,1503396,6,12,33216,1,1080,1920,360,255,605,500,60025,0.029,data/encodings/house_2004_0412142/S06E12_33216_1.npy,
312668,412142,1503396,6,12,33240,0,1080,1920,1179,106,1473,400,86436,0.042,data/encodings/house_2004_0412142/S06E12_33240_0.npy,
312669,412142,1503396,6,12,33240,1,1080,1920,537,409,741,613,41616,0.02,data/encodings/house_2004_0412142/S06E12_33240_1.npy,
312670,412142,1503396,6,12,33264,0,1080,1920,1239,255,1532,548,85849,0.041,data/encodings/house_2004_0412142/S06E12_33264_0.npy,
312671,412142,1503396,6,12,33264,1,1080,1920,255,261,677,683,178084,0.086,data/encodings/house_2004_0412142/S06E12_33264_1.npy,
312672,412142,1503396,6,12,33288,0,1080,1920,255,218,677,640,178084,0.086,data/encodings/house_2004_0412142/S06E12_33288_0.npy,
312673,412142,1503396,6,12,33288,1,1080,1920,1239,344,1532,637,85849,0.041,data/encodings/house_2004_0412142/S06E12_33288_1.npy,
312674,412142,1503396,6,12,33312,0,1080,1920,492,422,662,592,28900,0.014,data/encodings/house_2004_0412142/S06E12_33312_0.npy,
312675,412142,1503396,6,12,33336,0,1080,1920,1361,83,1503,224,20022,0.01,data/encodings/house_2004_0412142/S06E12_33336_0.npy,
312676,412142,1503396,6,12,33384,0,1080,1920,497,244,849,596,123904,0.06,data/encodings/house_2004_0412142/S06E12_33384_0.npy,
312677,412142,1503396,6,12,33408,0,1080,1920,640,261,1063,683,178506,0.086,data/encodings/house_2004_0412142/S06E12_33408_0.npy,
312678,412142,1503396,6,12,33432,0,1080,1920,1054,156,1298,401,59780,0.029,data/encodings/house_2004_0412142/S06E12_33432_0.npy,
312679,412142,1503396,6,12,33456,0,1080,1920,1029,206,1273,450,59536,0.029,data/encodings/house_2004_0412142/S06E12_33456_0.npy,
312680,412142,1503396,6,12,33480,0,1080,1920,311,330,555,574,59536,0.029,data/encodings/house_2004_0412142/S06E12_33480_0.npy,
312681,412142,1503396,6,12,33480,1,1080,1920,1078,33,1323,277,59780,0.029,data/encodings/house_2004_0412142/S06E12_33480_1.npy,
312682,412142,1503396,6,12,33504,0,1080,1920,930,107,1174,351,59536,0.029,data/encodings/house_2004_0412142/S06E12_33504_0.npy,
312683,412142,1503396,6,12,33504,1,1080,1920,484,231,729,475,59780,0.029,data/encodings/house_2004_0412142/S06E12_33504_1.npy,
312684,412142,1503396,6,12,33528,0,1080,1920,1090,77,1384,370,86142,0.042,data/encodings/house_2004_0412142/S06E12_33528_0.npy,
312685,412142,1503396,6,12,33528,1,1080,1920,385,231,630,475,59780,0.029,data/encodings/house_2004_0412142/S06E12_33528_1.npy,
312686,412142,1503396,6,12,33552,0,1080,1920,1178,107,1422,351,59536,0.029,data/encodings/house_2004_0412142/S06E12_33552_0.npy,
312687,412142,1503396,6,12,33552,1,1080,1920,410,255,654,500,59780,0.029,data/encodings/house_2004_0412142/S06E12_33552_1.npy,
312688,412142,1503396,6,12,33576,0,1080,1920,436,166,730,459,86142,0.042,data/encodings/house_2004_0412142/S06E12_33576_0.npy,
312689,412142,1503396,6,12,33576,1,1080,1920,1156,285,1360,489,41616,0.02,data/encodings/house_2004_0412142/S06E12_33576_1.npy,
312690,412142,1503396,6,12,33600,0,1080,1920,436,166,730,459,86142,0.042,data/encodings/house_2004_0412142/S06E12_33600_0.npy,
312691,412142,1503396,6,12,33600,1,1080,1920,1156,285,1360,489,41616,0.02,data/encodings/house_2004_0412142/S06E12_33600_1.npy,
312692,412142,1503396,6,12,33624,0,1080,1920,407,166,700,459,85849,0.041,data/encodings/house_2004_0412142/S06E12_33624_0.npy,
312693,412142,1503396,6,12,33624,1,1080,1920,1156,285,1360,489,41616,0.02,data/encodings/house_2004_0412142/S06E12_33624_1.npy,
312694,412142,1503396,6,12,33648,0,1080,1920,407,166,700,459,85849,0.041,data/encodings/house_2004_0412142/S06E12_33648_0.npy,
312695,412142,1503396,6,12,33648,1,1080,1920,1156,285,1360,489,41616,0.02,data/encodings/house_2004_0412142/S06E12_33648_1.npy,
312696,412142,1503396,6,12,33672,0,1080,1920,426,600,778,953,124256,0.06,data/encodings/house_2004_0412142/S06E12_33672_0.npy,
312697,412142,1503396,6,12,33672,1,1080,1920,897,261,1319,683,178084,0.086,data/encodings/house_2004_0412142/S06E12_33672_1.npy,
312698,412142,1503396,6,12,33696,0,1080,1920,407,195,700,489,86142,0.042,data/encodings/house_2004_0412142/S06E12_33696_0.npy,
312699,412142,1503396,6,12,33696,1,1080,1920,1177,264,1381,468,41616,0.02,data/encodings/house_2004_0412142/S06E12_33696_1.npy,
312700,412142,1503396,6,12,33720,0,1080,1920,1218,264,1422,468,41616,0.02,data/encodings/house_2004_0412142/S06E12_33720_0.npy,
312701,412142,1503396,6,12,33720,1,1080,1920,459,255,704,500,60025,0.029,data/encodings/house_2004_0412142/S06E12_33720_1.npy,
312702,412142,1503396,6,12,33744,0,1080,1920,1129,164,1299,334,28900,0.014,data/encodings/house_2004_0412142/S06E12_33744_0.npy,
312703,412142,1503396,6,12,33744,1,1080,1920,372,198,542,368,28900,0.014,data/encodings/house_2004_0412142/S06E12_33744_1.npy,
312704,412142,1503396,6,12,33768,0,1080,1920,1115,140,1319,344,41616,0.02,data/encodings/house_2004_0412142/S06E12_33768_0.npy,
312705,412142,1503396,6,12,33768,1,1080,1920,355,216,525,385,28730,0.014,data/encodings/house_2004_0412142/S06E12_33768_1.npy,
312706,412142,1503396,6,12,33792,0,1080,1920,1326,107,1571,351,59780,0.029,data/encodings/house_2004_0412142/S06E12_33792_0.npy,
312707,412142,1503396,6,12,33816,0,1080,1920,407,166,700,459,85849,0.041,data/encodings/house_2004_0412142/S06E12_33816_0.npy,
312708,412142,1503396,6,12,33840,0,1080,1920,436,166,730,459,86142,0.042,data/encodings/house_2004_0412142/S06E12_33840_0.npy,
312709,412142,1503396,6,12,33864,0,1080,1920,436,166,730,459,86142,0.042,data/encodings/house_2004_0412142/S06E12_33864_0.npy,
312710,412142,1503396,6,12,33888,0,1080,1920,1351,132,1595,376,59536,0.029,data/encodings/house_2004_0412142/S06E12_33888_0.npy,
312711,412142,1503396,6,12,33912,0,1080,1920,1298,106,1592,400,86436,0.042,data/encodings/house_2004_0412142/S06E12_33912_0.npy,
312712,412142,1503396,6,12,33936,0,1080,1920,1376,132,1620,376,59536,0.029,data/encodings/house_2004_0412142/S06E12_33936_0.npy,
312713,412142,1503396,6,12,33960,0,1080,1920,372,216,542,385,28730,0.014,data/encodings/house_2004_0412142/S06E12_33960_0.npy,
312714,412142,1503396,6,12,33984,0,1080,1920,372,233,542,403,28900,0.014,data/encodings/house_2004_0412142/S06E12_33984_0.npy,
312715,412142,1503396,6,12,34008,0,1080,1920,372,233,542,403,28900,0.014,data/encodings/house_2004_0412142/S06E12_34008_0.npy,
312716,412142,1503396,6,12,34032,0,1080,1920,1104,237,1202,336,9702,0.005,data/encodings/house_2004_0412142/S06E12_34032_0.npy,
312717,412142,1503396,6,12,34032,1,1080,1920,816,312,898,394,6724,0.003,data/encodings/house_2004_0412142/S06E12_34032_1.npy,
312718,412142,1503396,6,12,34032,2,1080,1920,501,427,643,568,20022,0.01,data/encodings/house_2004_0412142/S06E12_34032_2.npy,
312719,412142,1503396,6,12,34056,0,1080,1920,1104,237,1202,336,9702,0.005,data/encodings/house_2004_0412142/S06E12_34056_0.npy,
312720,412142,1503396,6,12,34056,1,1080,1920,816,312,898,394,6724,0.003,data/encodings/house_2004_0412142/S06E12_34056_1.npy,
312721,412142,1503396,6,12,34056,2,1080,1920,516,412,657,554,20022,0.01,data/encodings/house_2004_0412142/S06E12_34056_2.npy,
312722,412142,1503396,6,12,34080,0,1080,1920,389,198,559,368,28900,0.014,data/encodings/house_2004_0412142/S06E12_34080_0.npy,
312723,412142,1503396,6,12,34104,0,1080,1920,1136,99,1340,303,41616,0.02,data/encodings/house_2004_0412142/S06E12_34104_0.npy,
312724,412142,1503396,6,12,34104,1,1080,1920,372,198,542,368,28900,0.014,data/encodings/house_2004_0412142/S06E12_34104_1.npy,
312725,412142,1503396,6,12,34128,0,1080,1920,1136,99,1340,303,41616,0.02,data/encodings/house_2004_0412142/S06E12_34128_0.npy,
312726,412142,1503396,6,12,34128,1,1080,1920,372,198,542,368,28900,0.014,data/encodings/house_2004_0412142/S06E12_34128_1.npy,
312727,412142,1503396,6,12,34152,0,1080,1920,1156,78,1360,282,41616,0.02,data/encodings/house_2004_0412142/S06E12_34152_0.npy,
312728,412142,1503396,6,12,34152,1,1080,1920,372,181,542,351,28900,0.014,data/encodings/house_2004_0412142/S06E12_34152_1.npy,
312729,412142,1503396,6,12,34176,0,1080,1920,583,305,828,550,60025,0.029,data/encodings/house_2004_0412142/S06E12_34176_0.npy,
312730,412142,1503396,6,12,34176,1,1080,1920,1277,181,1521,426,59780,0.029,data/encodings/house_2004_0412142/S06E12_34176_1.npy,
312731,412142,1503396,6,12,34200,0,1080,1920,620,326,824,530,41616,0.02,data/encodings/house_2004_0412142/S06E12_34200_0.npy,
312732,412142,1503396,6,12,34200,1,1080,1920,1301,156,1546,401,60025,0.029,data/encodings/house_2004_0412142/S06E12_34200_1.npy,
312733,412142,1503396,6,12,34224,0,1080,1920,1252,82,1496,327,59780,0.029,data/encodings/house_2004_0412142/S06E12_34224_0.npy,
312734,412142,1503396,6,12,34224,1,1080,1920,633,305,877,550,59780,0.029,data/encodings/house_2004_0412142/S06E12_34224_1.npy,
312735,412142,1503396,6,12,34248,0,1080,1920,1277,82,1521,327,59780,0.029,data/encodings/house_2004_0412142/S06E12_34248_0.npy,
312736,412142,1503396,6,12,34248,1,1080,1920,657,305,902,550,60025,0.029,data/encodings/house_2004_0412142/S06E12_34248_1.npy,
312737,412142,1503396,6,12,34272,0,1080,1920,657,280,902,525,60025,0.029,data/encodings/house_2004_0412142/S06E12_34272_0.npy,
312738,412142,1503396,6,12,34272,1,1080,1920,1301,107,1546,351,59780,0.029,data/encodings/house_2004_0412142/S06E12_34272_1.npy,
312739,412142,1503396,6,12,34296,0,1080,1920,1112,147,1281,317,28730,0.014,data/encodings/house_2004_0412142/S06E12_34296_0.npy,
312740,412142,1503396,6,12,34296,1,1080,1920,355,216,525,385,28730,0.014,data/encodings/house_2004_0412142/S06E12_34296_1.npy,
312741,412142,1503396,6,12,34344,0,1080,1920,940,218,1362,640,178084,0.086,data/encodings/house_2004_0412142/S06E12_34344_0.npy,
312742,412142,1503396,6,12,34344,1,1080,1920,176,529,529,881,124256,0.06,data/encodings/house_2004_0412142/S06E12_34344_1.npy,
312743,412142,1503396,6,12,34368,0,1080,1920,176,529,529,881,124256,0.06,data/encodings/house_2004_0412142/S06E12_34368_0.npy,
312744,412142,1503396,6,12,34368,1,1080,1920,890,208,1242,560,123904,0.06,data/encodings/house_2004_0412142/S06E12_34368_1.npy,
312745,412142,1503396,6,12,34392,0,1080,1920,283,458,636,810,124256,0.06,data/encodings/house_2004_0412142/S06E12_34392_0.npy,
312746,412142,1503396,6,12,34416,0,1080,1920,1246,101,1598,453,123904,0.06,data/encodings/house_2004_0412142/S06E12_34416_0.npy,
312747,412142,1503396,6,12,34416,1,1080,1920,426,386,778,739,124256,0.06,data/encodings/house_2004_0412142/S06E12_34416_1.npy,
312748,412142,1503396,6,12,34440,0,1080,1920,1196,175,1619,598,178929,0.086,data/encodings/house_2004_0412142/S06E12_34440_0.npy,
312749,412142,1503396,6,12,34536,0,1080,1920,989,183,1130,325,20022,0.01,data/encodings/house_2004_0412142/S06E12_34536_0.npy,
312750,412142,1503396,6,12,34560,0,1080,1920,905,250,1075,420,28900,0.014,data/encodings/house_2004_0412142/S06E12_34560_0.npy,
312751,412142,1503396,6,12,34608,0,1080,1920,613,233,783,403,28900,0.014,data/encodings/house_2004_0412142/S06E12_34608_0.npy,
312752,412142,1503396,6,12,34632,0,1080,1920,1301,353,1471,523,28900,0.014,data/encodings/house_2004_0412142/S06E12_34632_0.npy,
312753,412142,1503396,6,12,34632,1,1080,1920,613,233,783,403,28900,0.014,data/encodings/house_2004_0412142/S06E12_34632_1.npy,
312754,412142,1503396,6,12,34680,0,1080,1920,1232,319,1402,489,28900,0.014,data/encodings/house_2004_0412142/S06E12_34680_0.npy,
312755,412142,1503396,6,12,34680,1,1080,1920,616,255,758,396,20022,0.01,data/encodings/house_2004_0412142/S06E12_34680_1.npy,
312756,412142,1503396,6,12,34704,0,1080,1920,613,233,783,403,28900,0.014,data/encodings/house_2004_0412142/S06E12_34704_0.npy,
312757,412142,1503396,6,12,34704,1,1080,1920,1218,306,1422,509,41412,0.02,data/encodings/house_2004_0412142/S06E12_34704_1.npy,
312758,412142,1503396,6,12,34728,0,1080,1920,578,244,782,447,41412,0.02,data/encodings/house_2004_0412142/S06E12_34728_0.npy,
312759,412142,1503396,6,12,34752,0,1080,1920,608,255,852,500,59780,0.029,data/encodings/house_2004_0412142/S06E12_34752_0.npy,
312760,412142,1503396,6,12,34776,0,1080,1920,707,255,952,500,60025,0.029,data/encodings/house_2004_0412142/S06E12_34776_0.npy,
312761,412142,1503396,6,12,34800,0,1080,1920,726,303,1148,726,178506,0.086,data/encodings/house_2004_0412142/S06E12_34800_0.npy,
312762,412142,1503396,6,12,34824,0,1080,1920,811,303,1234,726,178929,0.086,data/encodings/house_2004_0412142/S06E12_34824_0.npy,
312763,412142,1503396,6,12,34848,0,1080,1920,640,223,844,427,41616,0.02,data/encodings/house_2004_0412142/S06E12_34848_0.npy,
312764,412142,1503396,6,12,34872,0,1080,1920,806,206,1051,450,59780,0.029,data/encodings/house_2004_0412142/S06E12_34872_0.npy,
312765,412142,1503396,6,12,34896,0,1080,1920,781,255,1026,500,60025,0.029,data/encodings/house_2004_0412142/S06E12_34896_0.npy,
312766,412142,1503396,6,12,34920,0,1080,1920,806,255,1051,500,60025,0.029,data/encodings/house_2004_0412142/S06E12_34920_0.npy,
312767,412142,1503396,6,12,34944,0,1080,1920,999,262,1507,769,257556,0.124,data/encodings/house_2004_0412142/S06E12_34944_0.npy,
312768,412142,1503396,6,12,34968,0,1080,1920,1025,218,1448,640,178506,0.086,data/encodings/house_2004_0412142/S06E12_34968_0.npy,
312769,412142,1503396,6,12,34992,0,1080,1920,640,262,1147,769,257049,0.124,data/encodings/house_2004_0412142/S06E12_34992_0.npy,
312770,412142,1503396,6,12,35016,0,1080,1920,764,182,968,385,41412,0.02,data/encodings/house_2004_0412142/S06E12_35016_0.npy,
312771,412142,1503396,6,12,35040,0,1080,1920,743,210,1250,717,257049,0.124,data/encodings/house_2004_0412142/S06E12_35040_0.npy,
312772,412142,1503396,6,12,35088,0,1080,1920,811,261,1234,683,178506,0.086,data/encodings/house_2004_0412142/S06E12_35088_0.npy,
312773,412142,1503396,6,12,35112,0,1080,1920,555,255,849,548,86142,0.042,data/encodings/house_2004_0412142/S06E12_35112_0.npy,
312774,412142,1503396,6,12,35136,0,1080,1920,533,208,885,560,123904,0.06,data/encodings/house_2004_0412142/S06E12_35136_0.npy,
312775,412142,1503396,6,12,35160,0,1080,1920,854,261,1277,683,178506,0.086,data/encodings/house_2004_0412142/S06E12_35160_0.npy,
312776,412142,1503396,6,12,35184,0,1080,1920,854,261,1277,683,178506,0.086,data/encodings/house_2004_0412142/S06E12_35184_0.npy,
312777,412142,1503396,6,12,35208,0,1080,1920,811,261,1234,683,178506,0.086,data/encodings/house_2004_0412142/S06E12_35208_0.npy,
312778,412142,1503396,6,12,35232,0,1080,1920,707,156,952,401,60025,0.029,data/encodings/house_2004_0412142/S06E12_35232_0.npy,
312779,412142,1503396,6,12,35256,0,1080,1920,661,202,865,406,41616,0.02,data/encodings/house_2004_0412142/S06E12_35256_0.npy,
312780,412142,1503396,6,12,35280,0,1080,1920,756,206,1001,450,59780,0.029,data/encodings/house_2004_0412142/S06E12_35280_0.npy,
312781,412142,1503396,6,12,35304,0,1080,1920,768,303,1191,726,178929,0.086,data/encodings/house_2004_0412142/S06E12_35304_0.npy,
312782,412142,1503396,6,12,35328,0,1080,1920,726,303,1148,726,178506,0.086,data/encodings/house_2004_0412142/S06E12_35328_0.npy,
312783,412142,1503396,6,12,35352,0,1080,1920,806,255,1051,500,60025,0.029,data/encodings/house_2004_0412142/S06E12_35352_0.npy,
312784,412142,1503396,6,12,35376,0,1080,1920,826,244,1030,447,41412,0.02,data/encodings/house_2004_0412142/S06E12_35376_0.npy,
312785,412142,1503396,6,12,35400,0,1080,1920,826,244,1030,447,41412,0.02,data/encodings/house_2004_0412142/S06E12_35400_0.npy,
312786,412142,1503396,6,12,35424,0,1080,1920,743,210,1250,717,257049,0.124,data/encodings/house_2004_0412142/S06E12_35424_0.npy,
312787,412142,1503396,6,12,35448,0,1080,1920,768,303,1191,726,178929,0.086,data/encodings/house_2004_0412142/S06E12_35448_0.npy,
312788,412142,1503396,6,12,35472,0,1080,1920,768,303,1191,726,178929,0.086,data/encodings/house_2004_0412142/S06E12_35472_0.npy,
312789,412142,1503396,6,12,35496,0,1080,1920,1163,233,1333,403,28900,0.014,data/encodings/house_2004_0412142/S06E12_35496_0.npy,
312790,412142,1503396,6,12,35520,0,1080,1920,558,78,762,282,41616,0.02,data/encodings/house_2004_0412142/S06E12_35520_0.npy,
312791,412142,1503396,6,12,35520,1,1080,1920,1163,250,1333,420,28900,0.014,data/encodings/house_2004_0412142/S06E12_35520_1.npy,
312792,412142,1503396,6,12,35544,0,1080,1920,633,132,877,376,59536,0.029,data/encodings/house_2004_0412142/S06E12_35544_0.npy,
312793,412142,1503396,6,12,35568,0,1080,1920,604,172,956,525,124256,0.06,data/encodings/house_2004_0412142/S06E12_35568_0.npy,
312794,412142,1503396,6,12,35592,0,1080,1920,390,208,742,560,123904,0.06,data/encodings/house_2004_0412142/S06E12_35592_0.npy,
312795,412142,1503396,6,12,35616,0,1080,1920,597,175,1020,598,178929,0.086,data/encodings/house_2004_0412142/S06E12_35616_0.npy,
312796,412142,1503396,6,12,35640,0,1080,1920,512,218,934,640,178084,0.086,data/encodings/house_2004_0412142/S06E12_35640_0.npy,
312797,412142,1503396,6,12,35664,0,1080,1920,469,218,891,640,178084,0.086,data/encodings/house_2004_0412142/S06E12_35664_0.npy,
312798,412142,1503396,6,12,35688,0,1080,1920,383,261,806,683,178506,0.086,data/encodings/house_2004_0412142/S06E12_35688_0.npy,
312799,412142,1503396,6,12,35712,0,1080,1920,578,120,782,324,41616,0.02,data/encodings/house_2004_0412142/S06E12_35712_0.npy,
312800,412142,1503396,6,12,35712,1,1080,1920,1156,264,1360,468,41616,0.02,data/encodings/house_2004_0412142/S06E12_35712_1.npy,
312801,412142,1503396,6,12,35736,0,1080,1920,1156,264,1360,468,41616,0.02,data/encodings/house_2004_0412142/S06E12_35736_0.npy,
312802,412142,1503396,6,12,35736,1,1080,1920,599,182,803,385,41412,0.02,data/encodings/house_2004_0412142/S06E12_35736_1.npy,
312803,412142,1503396,6,12,35760,0,1080,1920,1156,264,1360,468,41616,0.02,data/encodings/house_2004_0412142/S06E12_35760_0.npy,
312804,412142,1503396,6,12,35760,1,1080,1920,599,182,803,385,41412,0.02,data/encodings/house_2004_0412142/S06E12_35760_1.npy,
312805,412142,1503396,6,12,35784,0,1080,1920,1156,244,1360,447,41412,0.02,data/encodings/house_2004_0412142/S06E12_35784_0.npy,
312806,412142,1503396,6,12,35784,1,1080,1920,630,198,800,368,28900,0.014,data/encodings/house_2004_0412142/S06E12_35784_1.npy,
312807,412142,1503396,6,12,35808,0,1080,1920,723,161,927,365,41616,0.02,data/encodings/house_2004_0412142/S06E12_35808_0.npy,
312808,412142,1503396,6,12,35832,0,1080,1920,744,140,947,344,41412,0.02,data/encodings/house_2004_0412142/S06E12_35832_0.npy,
312809,412142,1503396,6,12,35856,0,1080,1920,764,140,968,344,41616,0.02,data/encodings/house_2004_0412142/S06E12_35856_0.npy,
312810,412142,1503396,6,12,35880,0,1080,1920,744,140,947,344,41412,0.02,data/encodings/house_2004_0412142/S06E12_35880_0.npy,
312811,412142,1503396,6,12,35904,0,1080,1920,768,218,1191,640,178506,0.086,data/encodings/house_2004_0412142/S06E12_35904_0.npy,
312812,412142,1503396,6,12,35928,0,1080,1920,811,218,1234,640,178506,0.086,data/encodings/house_2004_0412142/S06E12_35928_0.npy,
312813,412142,1503396,6,12,35952,0,1080,1920,854,261,1277,683,178506,0.086,data/encodings/house_2004_0412142/S06E12_35952_0.npy,
312814,412142,1503396,6,12,35976,0,1080,1920,811,303,1234,726,178929,0.086,data/encodings/house_2004_0412142/S06E12_35976_0.npy,
312815,412142,1503396,6,12,36000,0,1080,1920,811,303,1234,726,178929,0.086,data/encodings/house_2004_0412142/S06E12_36000_0.npy,
312816,412142,1503396,6,12,36024,0,1080,1920,854,303,1277,726,178929,0.086,data/encodings/house_2004_0412142/S06E12_36024_0.npy,
312817,412142,1503396,6,12,36048,0,1080,1920,597,218,1020,640,178506,0.086,data/encodings/house_2004_0412142/S06E12_36048_0.npy,
312818,412142,1503396,6,12,36120,0,1080,1920,534,156,778,401,59780,0.029,data/encodings/house_2004_0412142/S06E12_36120_0.npy,
312819,412142,1503396,6,12,36144,0,1080,1920,723,140,927,344,41616,0.02,data/encodings/house_2004_0412142/S06E12_36144_0.npy,
312820,412142,1503396,6,12,36168,0,1080,1920,1004,231,1249,475,59780,0.029,data/encodings/house_2004_0412142/S06E12_36168_0.npy,
312821,412142,1503396,6,12,36192,0,1080,1920,558,202,762,406,41616,0.02,data/encodings/house_2004_0412142/S06E12_36192_0.npy,
312822,412142,1503396,6,12,36240,0,1080,1920,880,255,1125,500,60025,0.029,data/encodings/house_2004_0412142/S06E12_36240_0.npy,
312823,412142,1503396,6,12,36264,0,1080,1920,880,181,1125,426,60025,0.029,data/encodings/house_2004_0412142/S06E12_36264_0.npy,
312824,412142,1503396,6,12,36264,1,1080,1920,1053,837,1121,905,4624,0.002,data/encodings/house_2004_0412142/S06E12_36264_1.npy,
312825,412142,1503396,6,12,36288,0,1080,1920,856,206,1100,450,59536,0.029,data/encodings/house_2004_0412142/S06E12_36288_0.npy,
312826,412142,1503396,6,12,36312,0,1080,1920,633,206,877,450,59536,0.029,data/encodings/house_2004_0412142/S06E12_36312_0.npy,
312827,412142,1503396,6,12,36336,0,1080,1920,763,225,1057,519,86436,0.042,data/encodings/house_2004_0412142/S06E12_36336_0.npy,
312828,412142,1503396,6,12,36360,0,1080,1920,763,166,1057,459,86142,0.042,data/encodings/house_2004_0412142/S06E12_36360_0.npy,
312829,412142,1503396,6,12,36384,0,1080,1920,732,181,976,426,59780,0.029,data/encodings/house_2004_0412142/S06E12_36384_0.npy,
312830,412142,1503396,6,12,36384,1,1080,1920,1032,802,1100,870,4624,0.002,data/encodings/house_2004_0412142/S06E12_36384_1.npy,
312831,412142,1503396,6,12,36408,0,1080,1920,756,231,1001,475,59780,0.029,data/encodings/house_2004_0412142/S06E12_36408_0.npy,
312832,412142,1503396,6,12,36432,0,1080,1920,793,195,1087,489,86436,0.042,data/encodings/house_2004_0412142/S06E12_36432_0.npy,
312833,412142,1503396,6,12,36456,0,1080,1920,823,225,1116,519,86142,0.042,data/encodings/house_2004_0412142/S06E12_36456_0.npy,
312834,412142,1503396,6,12,36480,0,1080,1920,704,195,997,489,86142,0.042,data/encodings/house_2004_0412142/S06E12_36480_0.npy,
312835,412142,1503396,6,12,36504,0,1080,1920,734,195,1027,489,86142,0.042,data/encodings/house_2004_0412142/S06E12_36504_0.npy,
312836,412142,1503396,6,12,36528,0,1080,1920,793,225,1087,519,86436,0.042,data/encodings/house_2004_0412142/S06E12_36528_0.npy,
312837,412142,1503396,6,12,36552,0,1080,1920,726,261,1148,683,178084,0.086,data/encodings/house_2004_0412142/S06E12_36552_0.npy,
312838,412142,1503396,6,12,36576,0,1080,1920,726,261,1148,683,178084,0.086,data/encodings/house_2004_0412142/S06E12_36576_0.npy,
312839,412142,1503396,6,12,36600,0,1080,1920,726,261,1148,683,178084,0.086,data/encodings/house_2004_0412142/S06E12_36600_0.npy,
312840,412142,1503396,6,12,36624,0,1080,1920,704,195,997,489,86142,0.042,data/encodings/house_2004_0412142/S06E12_36624_0.npy,
312841,412142,1503396,6,12,36648,0,1080,1920,704,195,997,489,86142,0.042,data/encodings/house_2004_0412142/S06E12_36648_0.npy,
312842,412142,1503396,6,12,36672,0,1080,1920,704,166,997,459,85849,0.041,data/encodings/house_2004_0412142/S06E12_36672_0.npy,
312843,412142,1503396,6,12,36696,0,1080,1920,704,166,997,459,85849,0.041,data/encodings/house_2004_0412142/S06E12_36696_0.npy,
312844,412142,1503396,6,12,36720,0,1080,1920,676,172,1028,525,124256,0.06,data/encodings/house_2004_0412142/S06E12_36720_0.npy,
312845,412142,1503396,6,12,36744,0,1080,1920,604,137,956,489,123904,0.06,data/encodings/house_2004_0412142/S06E12_36744_0.npy,
312846,412142,1503396,6,12,36768,0,1080,1920,711,244,1063,596,123904,0.06,data/encodings/house_2004_0412142/S06E12_36768_0.npy,
312847,412142,1503396,6,12,36792,0,1080,1920,711,244,1063,596,123904,0.06,data/encodings/house_2004_0412142/S06E12_36792_0.npy,
312848,412142,1503396,6,12,36816,0,1080,1920,711,244,1063,596,123904,0.06,data/encodings/house_2004_0412142/S06E12_36816_0.npy,
312849,412142,1503396,6,12,36840,0,1080,1920,711,244,1063,596,123904,0.06,data/encodings/house_2004_0412142/S06E12_36840_0.npy,
312850,412142,1503396,6,12,36864,0,1080,1920,711,244,1063,596,123904,0.06,data/encodings/house_2004_0412142/S06E12_36864_0.npy,
312851,412142,1503396,6,12,36888,0,1080,1920,852,255,1146,548,86142,0.042,data/encodings/house_2004_0412142/S06E12_36888_0.npy,
312852,412142,1503396,6,12,36912,0,1080,1920,854,208,1206,560,123904,0.06,data/encodings/house_2004_0412142/S06E12_36912_0.npy,
312853,412142,1503396,6,12,36936,0,1080,1920,644,195,938,489,86436,0.042,data/encodings/house_2004_0412142/S06E12_36936_0.npy,
312854,412142,1503396,6,12,36960,0,1080,1920,747,172,1099,525,124256,0.06,data/encodings/house_2004_0412142/S06E12_36960_0.npy,
312855,412142,1503396,6,12,36984,0,1080,1920,726,218,1148,640,178084,0.086,data/encodings/house_2004_0412142/S06E12_36984_0.npy,
312856,412142,1503396,6,12,37008,0,1080,1920,726,218,1148,640,178084,0.086,data/encodings/house_2004_0412142/S06E12_37008_0.npy,
312857,412142,1503396,6,12,37032,0,1080,1920,768,261,1191,683,178506,0.086,data/encodings/house_2004_0412142/S06E12_37032_0.npy,
312858,412142,1503396,6,12,37056,0,1080,1920,768,261,1191,683,178506,0.086,data/encodings/house_2004_0412142/S06E12_37056_0.npy,
312859,412142,1503396,6,12,37080,0,1080,1920,711,208,1063,560,123904,0.06,data/encodings/house_2004_0412142/S06E12_37080_0.npy,
312860,412142,1503396,6,12,37104,0,1080,1920,711,208,1063,560,123904,0.06,data/encodings/house_2004_0412142/S06E12_37104_0.npy,
312861,412142,1503396,6,12,37128,0,1080,1920,747,208,1099,560,123904,0.06,data/encodings/house_2004_0412142/S06E12_37128_0.npy,
312862,412142,1503396,6,12,37152,0,1080,1920,726,261,1148,683,178084,0.086,data/encodings/house_2004_0412142/S06E12_37152_0.npy,
312863,412142,1503396,6,12,37176,0,1080,1920,897,262,1404,769,257049,0.124,data/encodings/house_2004_0412142/S06E12_37176_0.npy,
312864,412142,1503396,6,12,37200,0,1080,1920,683,261,1105,683,178084,0.086,data/encodings/house_2004_0412142/S06E12_37200_0.npy,
312865,412142,1503396,6,12,37224,0,1080,1920,469,218,891,640,178084,0.086,data/encodings/house_2004_0412142/S06E12_37224_0.npy,
312866,412142,1503396,6,12,37248,0,1080,1920,845,262,1353,769,257556,0.124,data/encodings/house_2004_0412142/S06E12_37248_0.npy,
312867,412142,1503396,6,12,37272,0,1080,1920,743,210,1250,717,257049,0.124,data/encodings/house_2004_0412142/S06E12_37272_0.npy,
312868,412142,1503396,6,12,37296,0,1080,1920,794,210,1301,717,257049,0.124,data/encodings/house_2004_0412142/S06E12_37296_0.npy,
312869,412142,1503396,6,12,37320,0,1080,1920,743,210,1250,717,257049,0.124,data/encodings/house_2004_0412142/S06E12_37320_0.npy,
312870,412142,1503396,6,12,37344,0,1080,1920,332,210,839,717,257049,0.124,data/encodings/house_2004_0412142/S06E12_37344_0.npy,
312871,412142,1503396,6,12,37368,0,1080,1920,332,159,839,666,257049,0.124,data/encodings/house_2004_0412142/S06E12_37368_0.npy,
312872,412142,1503396,6,12,37392,0,1080,1920,383,218,806,640,178506,0.086,data/encodings/house_2004_0412142/S06E12_37392_0.npy,
312873,412142,1503396,6,12,37416,0,1080,1920,743,262,1250,769,257049,0.124,data/encodings/house_2004_0412142/S06E12_37416_0.npy,
312874,412142,1503396,6,12,37440,0,1080,1920,743,262,1250,769,257049,0.124,data/encodings/house_2004_0412142/S06E12_37440_0.npy,
312875,412142,1503396,6,12,37464,0,1080,1920,332,210,839,717,257049,0.124,data/encodings/house_2004_0412142/S06E12_37464_0.npy,
312876,412142,1503396,6,12,37488,0,1080,1920,512,261,934,683,178084,0.086,data/encodings/house_2004_0412142/S06E12_37488_0.npy,
312877,412142,1503396,6,12,37512,0,1080,1920,597,261,1020,683,178506,0.086,data/encodings/house_2004_0412142/S06E12_37512_0.npy,
312878,412142,1503396,6,12,37536,0,1080,1920,597,218,1020,640,178506,0.086,data/encodings/house_2004_0412142/S06E12_37536_0.npy,
312879,412142,1503396,6,12,37560,0,1080,1920,691,222,1300,830,370272,0.179,data/encodings/house_2004_0412142/S06E12_37560_0.npy,
312880,412142,1503396,6,12,37584,0,1080,1920,691,284,1300,892,370272,0.179,data/encodings/house_2004_0412142/S06E12_37584_0.npy,
312881,412142,1503396,6,12,37608,0,1080,1920,691,284,1300,892,370272,0.179,data/encodings/house_2004_0412142/S06E12_37608_0.npy,
312882,412142,1503396,6,12,37632,0,1080,1920,691,284,1300,892,370272,0.179,data/encodings/house_2004_0412142/S06E12_37632_0.npy,
312883,412142,1503396,6,12,37656,0,1080,1920,589,262,1096,769,257049,0.124,data/encodings/house_2004_0412142/S06E12_37656_0.npy,
312884,412142,1503396,6,12,37680,0,1080,1920,486,262,993,769,257049,0.124,data/encodings/house_2004_0412142/S06E12_37680_0.npy,
312885,412142,1503396,6,12,37704,0,1080,1920,486,210,993,717,257049,0.124,data/encodings/house_2004_0412142/S06E12_37704_0.npy,
312886,412142,1503396,6,12,37728,0,1080,1920,383,160,992,769,370881,0.179,data/encodings/house_2004_0412142/S06E12_37728_0.npy,
312887,412142,1503396,6,12,37752,0,1080,1920,383,160,992,769,370881,0.179,data/encodings/house_2004_0412142/S06E12_37752_0.npy,
312888,412142,1503396,6,12,37776,0,1080,1920,383,160,992,769,370881,0.179,data/encodings/house_2004_0412142/S06E12_37776_0.npy,
312889,412142,1503396,6,12,37800,0,1080,1920,383,160,992,769,370881,0.179,data/encodings/house_2004_0412142/S06E12_37800_0.npy,
312890,412142,1503396,6,12,37824,0,1080,1920,753,222,1362,830,370272,0.179,data/encodings/house_2004_0412142/S06E12_37824_0.npy,
312891,412142,1503396,6,12,37848,0,1080,1920,691,222,1300,830,370272,0.179,data/encodings/house_2004_0412142/S06E12_37848_0.npy,
312892,412142,1503396,6,12,37872,0,1080,1920,753,222,1362,830,370272,0.179,data/encodings/house_2004_0412142/S06E12_37872_0.npy,
312893,412142,1503396,6,12,37896,0,1080,1920,753,222,1362,830,370272,0.179,data/encodings/house_2004_0412142/S06E12_37896_0.npy,
312894,412142,1503396,6,12,37920,0,1080,1920,753,222,1362,830,370272,0.179,data/encodings/house_2004_0412142/S06E12_37920_0.npy,
312895,412142,1503396,6,12,37944,0,1080,1920,676,172,1028,525,124256,0.06,data/encodings/house_2004_0412142/S06E12_37944_0.npy,
312896,412142,1503396,6,12,37968,0,1080,1920,676,137,1028,489,123904,0.06,data/encodings/house_2004_0412142/S06E12_37968_0.npy,
312897,412142,1503396,6,12,37992,0,1080,1920,640,137,992,489,123904,0.06,data/encodings/house_2004_0412142/S06E12_37992_0.npy,
312898,412142,1503396,6,12,38016,0,1080,1920,640,137,992,489,123904,0.06,data/encodings/house_2004_0412142/S06E12_38016_0.npy,
312899,412142,1503396,6,12,38040,0,1080,1920,1348,124,1466,242,13924,0.007,data/encodings/house_2004_0412142/S06E12_38040_0.npy,
312900,412142,1503396,6,12,38064,0,1080,1920,1360,112,1478,230,13924,0.007,data/encodings/house_2004_0412142/S06E12_38064_0.npy,
312901,412142,1503396,6,12,38088,0,1080,1920,1360,112,1478,230,13924,0.007,data/encodings/house_2004_0412142/S06E12_38088_0.npy,
312902,412142,1503396,6,12,38112,0,1080,1920,1175,137,1527,489,123904,0.06,data/encodings/house_2004_0412142/S06E12_38112_0.npy,
312903,412142,1503396,6,12,38136,0,1080,1920,1175,137,1527,489,123904,0.06,data/encodings/house_2004_0412142/S06E12_38136_0.npy,
312904,412142,1503396,6,12,38160,0,1080,1920,1211,172,1563,525,124256,0.06,data/encodings/house_2004_0412142/S06E12_38160_0.npy,
312905,412142,1503396,6,12,38184,0,1080,1920,640,172,992,525,124256,0.06,data/encodings/house_2004_0412142/S06E12_38184_0.npy,
312906,412142,1503396,6,12,38208,0,1080,1920,676,137,1028,489,123904,0.06,data/encodings/house_2004_0412142/S06E12_38208_0.npy,
312907,412142,1503396,6,12,38232,0,1080,1920,1301,82,1546,327,60025,0.029,data/encodings/house_2004_0412142/S06E12_38232_0.npy,
312908,412142,1503396,6,12,38256,0,1080,1920,1321,120,1525,324,41616,0.02,data/encodings/house_2004_0412142/S06E12_38256_0.npy,
312909,412142,1503396,6,12,38280,0,1080,1920,597,303,1020,726,178929,0.086,data/encodings/house_2004_0412142/S06E12_38280_0.npy,
312910,412142,1503396,6,12,38304,0,1080,1920,486,210,993,717,257049,0.124,data/encodings/house_2004_0412142/S06E12_38304_0.npy,
312911,412142,1503396,6,12,38328,0,1080,1920,597,303,1020,726,178929,0.086,data/encodings/house_2004_0412142/S06E12_38328_0.npy,
312912,412142,1503396,6,12,38352,0,1080,1920,597,303,1020,726,178929,0.086,data/encodings/house_2004_0412142/S06E12_38352_0.npy,
312913,412142,1503396,6,12,38448,0,1080,1920,1111,218,1533,640,178084,0.086,data/encodings/house_2004_0412142/S06E12_38448_0.npy,
312914,412142,1503396,6,12,38472,0,1080,1920,1111,175,1533,598,178506,0.086,data/encodings/house_2004_0412142/S06E12_38472_0.npy,
312915,412142,1503396,6,12,38496,0,1080,1920,1239,132,1662,555,178929,0.086,data/encodings/house_2004_0412142/S06E12_38496_0.npy,
312916,412142,1503396,6,12,38520,0,1080,1920,554,303,977,726,178929,0.086,data/encodings/house_2004_0412142/S06E12_38520_0.npy,
312917,412142,1503396,6,12,38544,0,1080,1920,640,303,1063,726,178929,0.086,data/encodings/house_2004_0412142/S06E12_38544_0.npy,
312918,412142,1503396,6,12,38592,0,1080,1920,597,261,1020,683,178506,0.086,data/encodings/house_2004_0412142/S06E12_38592_0.npy,
312919,412142,1503396,6,12,38616,0,1080,1920,1325,175,1747,598,178506,0.086,data/encodings/house_2004_0412142/S06E12_38616_0.npy,
312920,412142,1503396,6,12,38640,0,1080,1920,1239,175,1662,598,178929,0.086,data/encodings/house_2004_0412142/S06E12_38640_0.npy,
312921,412142,1503396,6,12,38664,0,1080,1920,1239,132,1662,555,178929,0.086,data/encodings/house_2004_0412142/S06E12_38664_0.npy,
312922,412142,1503396,6,12,38688,0,1080,1920,332,210,839,717,257049,0.124,data/encodings/house_2004_0412142/S06E12_38688_0.npy,
312923,412142,1503396,6,12,38712,0,1080,1920,383,210,890,717,257049,0.124,data/encodings/house_2004_0412142/S06E12_38712_0.npy,
312924,412142,1503396,6,12,38736,0,1080,1920,640,261,1063,683,178506,0.086,data/encodings/house_2004_0412142/S06E12_38736_0.npy,
312925,412142,1503396,6,12,38760,0,1080,1920,640,261,1063,683,178506,0.086,data/encodings/house_2004_0412142/S06E12_38760_0.npy,
312926,412142,1503396,6,12,38784,0,1080,1920,597,261,1020,683,178506,0.086,data/encodings/house_2004_0412142/S06E12_38784_0.npy,
312927,412142,1503396,6,12,38808,0,1080,1920,640,261,1063,683,178506,0.086,data/encodings/house_2004_0412142/S06E12_38808_0.npy,
312928,412142,1503396,6,12,38832,0,1080,1920,229,262,736,769,257049,0.124,data/encodings/house_2004_0412142/S06E12_38832_0.npy,
312929,412142,1503396,6,12,38856,0,1080,1920,332,210,839,717,257049,0.124,data/encodings/house_2004_0412142/S06E12_38856_0.npy,
312930,412142,1503396,6,12,38880,0,1080,1920,332,210,839,717,257049,0.124,data/encodings/house_2004_0412142/S06E12_38880_0.npy,
312931,412142,1503396,6,12,38904,0,1080,1920,982,218,1405,640,178506,0.086,data/encodings/house_2004_0412142/S06E12_38904_0.npy,
312932,412142,1503396,6,12,38928,0,1080,1920,1025,175,1448,598,178929,0.086,data/encodings/house_2004_0412142/S06E12_38928_0.npy,
312933,412142,1503396,6,12,38952,0,1080,1920,1068,218,1491,640,178506,0.086,data/encodings/house_2004_0412142/S06E12_38952_0.npy,
312934,412142,1503396,6,12,38976,0,1080,1920,469,132,891,555,178506,0.086,data/encodings/house_2004_0412142/S06E12_38976_0.npy,
312935,412142,1503396,6,12,39000,0,1080,1920,280,210,788,717,257556,0.124,data/encodings/house_2004_0412142/S06E12_39000_0.npy,
312936,412142,1503396,6,12,39024,0,1080,1920,435,262,942,769,257049,0.124,data/encodings/house_2004_0412142/S06E12_39024_0.npy,
312937,412142,1503396,6,12,39048,0,1080,1920,640,261,1063,683,178506,0.086,data/encodings/house_2004_0412142/S06E12_39048_0.npy,
312938,412142,1503396,6,12,39072,0,1080,1920,1395,243,1513,361,13924,0.007,data/encodings/house_2004_0412142/S06E12_39072_0.npy,
312939,412142,1503396,6,12,39096,0,1080,1920,1407,219,1525,337,13924,0.007,data/encodings/house_2004_0412142/S06E12_39096_0.npy,
312940,412142,1503396,6,12,39120,0,1080,1920,1419,196,1537,314,13924,0.007,data/encodings/house_2004_0412142/S06E12_39120_0.npy,
312941,412142,1503396,6,12,39144,0,1080,1920,833,336,915,418,6724,0.003,data/encodings/house_2004_0412142/S06E12_39144_0.npy,
312942,412142,1503396,6,12,39168,0,1080,1920,586,267,685,366,9801,0.005,data/encodings/house_2004_0412142/S06E12_39168_0.npy,
312943,412142,1503396,6,12,39192,0,1080,1920,626,247,725,346,9801,0.005,data/encodings/house_2004_0412142/S06E12_39192_0.npy,
312944,412142,1503396,6,12,39216,0,1080,1920,616,247,715,346,9801,0.005,data/encodings/house_2004_0412142/S06E12_39216_0.npy,
312945,412142,1503396,6,12,39240,0,1080,1920,1033,244,1236,447,41209,0.02,data/encodings/house_2004_0412142/S06E12_39240_0.npy,
312946,412142,1503396,6,12,39264,0,1080,1920,1153,206,1397,450,59536,0.029,data/encodings/house_2004_0412142/S06E12_39264_0.npy,
312947,412142,1503396,6,12,39288,0,1080,1920,1198,264,1401,468,41412,0.02,data/encodings/house_2004_0412142/S06E12_39288_0.npy,
312948,412142,1503396,6,12,39312,0,1080,1920,389,95,559,265,28900,0.014,data/encodings/house_2004_0412142/S06E12_39312_0.npy,
312949,412142,1503396,6,12,39336,0,1080,1920,393,99,597,303,41616,0.02,data/encodings/house_2004_0412142/S06E12_39336_0.npy,
312950,412142,1503396,6,12,39360,0,1080,1920,1218,264,1422,468,41616,0.02,data/encodings/house_2004_0412142/S06E12_39360_0.npy,
312951,412142,1503396,6,12,39384,0,1080,1920,1153,255,1397,500,59780,0.029,data/encodings/house_2004_0412142/S06E12_39384_0.npy,
312952,412142,1503396,6,12,39408,0,1080,1920,1153,231,1397,475,59536,0.029,data/encodings/house_2004_0412142/S06E12_39408_0.npy,
312953,412142,1503396,6,12,39432,0,1080,1920,413,99,617,303,41616,0.02,data/encodings/house_2004_0412142/S06E12_39432_0.npy,
312954,412142,1503396,6,12,39456,0,1080,1920,207,120,411,324,41616,0.02,data/encodings/house_2004_0412142/S06E12_39456_0.npy,
312955,412142,1503396,6,12,39480,0,1080,1920,492,130,662,299,28730,0.014,data/encodings/house_2004_0412142/S06E12_39480_0.npy,
312956,412142,1503396,6,12,39504,0,1080,1920,527,112,697,282,28900,0.014,data/encodings/house_2004_0412142/S06E12_39504_0.npy,
312957,412142,1503396,6,12,39528,0,1080,1920,537,78,741,282,41616,0.02,data/encodings/house_2004_0412142/S06E12_39528_0.npy,
312958,412142,1503396,6,12,39552,0,1080,1920,1078,206,1323,450,59780,0.029,data/encodings/house_2004_0412142/S06E12_39552_0.npy,
312959,412142,1503396,6,12,39576,0,1080,1920,1177,264,1381,468,41616,0.02,data/encodings/house_2004_0412142/S06E12_39576_0.npy,
312960,412142,1503396,6,12,39600,0,1080,1920,1128,231,1373,475,59780,0.029,data/encodings/house_2004_0412142/S06E12_39600_0.npy,
312961,412142,1503396,6,12,39624,0,1080,1920,510,112,680,282,28900,0.014,data/encodings/house_2004_0412142/S06E12_39624_0.npy,
312962,412142,1503396,6,12,39648,0,1080,1920,559,154,700,296,20022,0.01,data/encodings/house_2004_0412142/S06E12_39648_0.npy,
312963,412142,1503396,6,12,39672,0,1080,1920,961,172,1313,525,124256,0.06,data/encodings/house_2004_0412142/S06E12_39672_0.npy,
312964,412142,1503396,6,12,39696,0,1080,1920,699,216,869,385,28730,0.014,data/encodings/house_2004_0412142/S06E12_39696_0.npy,
312965,412142,1503396,6,12,39720,0,1080,1920,544,181,714,351,28900,0.014,data/encodings/house_2004_0412142/S06E12_39720_0.npy,
312966,412142,1503396,6,12,39744,0,1080,1920,596,112,766,282,28900,0.014,data/encodings/house_2004_0412142/S06E12_39744_0.npy,
312967,412142,1503396,6,12,39768,0,1080,1920,997,208,1349,560,123904,0.06,data/encodings/house_2004_0412142/S06E12_39768_0.npy,
312968,412142,1503396,6,12,39792,0,1080,1920,1068,208,1420,560,123904,0.06,data/encodings/house_2004_0412142/S06E12_39792_0.npy,
312969,412142,1503396,6,12,39816,0,1080,1920,484,132,729,376,59780,0.029,data/encodings/house_2004_0412142/S06E12_39816_0.npy,
312970,412142,1503396,6,12,39840,0,1080,1920,509,82,753,327,59780,0.029,data/encodings/house_2004_0412142/S06E12_39840_0.npy,
312971,412142,1503396,6,12,39864,0,1080,1920,496,140,700,344,41616,0.02,data/encodings/house_2004_0412142/S06E12_39864_0.npy,
312972,412142,1503396,6,12,39888,0,1080,1920,583,132,828,376,59780,0.029,data/encodings/house_2004_0412142/S06E12_39888_0.npy,
312973,412142,1503396,6,12,39912,0,1080,1920,534,82,778,327,59780,0.029,data/encodings/house_2004_0412142/S06E12_39912_0.npy,
312974,412142,1503396,6,12,39936,0,1080,1920,997,208,1349,560,123904,0.06,data/encodings/house_2004_0412142/S06E12_39936_0.npy,
312975,412142,1503396,6,12,39960,0,1080,1920,583,82,828,327,60025,0.029,data/encodings/house_2004_0412142/S06E12_39960_0.npy,
312976,412142,1503396,6,12,39984,0,1080,1920,682,156,927,401,60025,0.029,data/encodings/house_2004_0412142/S06E12_39984_0.npy,
312977,412142,1503396,6,12,40008,0,1080,1920,657,156,902,401,60025,0.029,data/encodings/house_2004_0412142/S06E12_40008_0.npy,
312978,412142,1503396,6,12,40032,0,1080,1920,682,156,927,401,60025,0.029,data/encodings/house_2004_0412142/S06E12_40032_0.npy,
312979,412142,1503396,6,12,40056,0,1080,1920,682,82,927,327,60025,0.029,data/encodings/house_2004_0412142/S06E12_40056_0.npy,
312980,412142,1503396,6,12,40080,0,1080,1920,558,107,803,351,59780,0.029,data/encodings/house_2004_0412142/S06E12_40080_0.npy,
312981,412142,1503396,6,12,40104,0,1080,1920,1001,255,1295,548,86142,0.042,data/encodings/house_2004_0412142/S06E12_40104_0.npy,
312982,412142,1503396,6,12,40128,0,1080,1920,561,198,731,368,28900,0.014,data/encodings/house_2004_0412142/S06E12_40128_0.npy,
312983,412142,1503396,6,12,40152,0,1080,1920,1068,172,1420,525,124256,0.06,data/encodings/house_2004_0412142/S06E12_40152_0.npy,
312984,412142,1503396,6,12,40176,0,1080,1920,1104,172,1456,525,124256,0.06,data/encodings/house_2004_0412142/S06E12_40176_0.npy,
312985,412142,1503396,6,12,40200,0,1080,1920,1068,172,1420,525,124256,0.06,data/encodings/house_2004_0412142/S06E12_40200_0.npy,
312986,412142,1503396,6,12,40224,0,1080,1920,469,261,891,683,178084,0.086,data/encodings/house_2004_0412142/S06E12_40224_0.npy,
312987,412142,1503396,6,12,40248,0,1080,1920,1068,172,1420,525,124256,0.06,data/encodings/house_2004_0412142/S06E12_40248_0.npy,
312988,412142,1503396,6,12,40272,0,1080,1920,640,279,992,632,124256,0.06,data/encodings/house_2004_0412142/S06E12_40272_0.npy,
312989,412142,1503396,6,12,40296,0,1080,1920,683,175,1105,598,178506,0.086,data/encodings/house_2004_0412142/S06E12_40296_0.npy,
312990,412142,1503396,6,12,40344,0,1080,1920,1139,208,1491,560,123904,0.06,data/encodings/house_2004_0412142/S06E12_40344_0.npy,
312991,412142,1503396,6,12,40368,0,1080,1920,1068,244,1420,596,123904,0.06,data/encodings/house_2004_0412142/S06E12_40368_0.npy,
312992,412142,1503396,6,12,40392,0,1080,1920,1025,218,1448,640,178506,0.086,data/encodings/house_2004_0412142/S06E12_40392_0.npy,
312993,412142,1503396,6,12,40416,0,1080,1920,1025,218,1448,640,178506,0.086,data/encodings/house_2004_0412142/S06E12_40416_0.npy,
312994,412142,1503396,6,12,40488,0,1080,1920,604,244,956,596,123904,0.06,data/encodings/house_2004_0412142/S06E12_40488_0.npy,
312995,412142,1503396,6,12,40512,0,1080,1920,383,159,890,666,257049,0.124,data/encodings/house_2004_0412142/S06E12_40512_0.npy,
312996,412142,1503396,6,12,40536,0,1080,1920,383,159,890,666,257049,0.124,data/encodings/house_2004_0412142/S06E12_40536_0.npy,
312997,412142,1503396,6,12,40560,0,1080,1920,1120,225,1413,519,86142,0.042,data/encodings/house_2004_0412142/S06E12_40560_0.npy,
312998,412142,1503396,6,12,40584,0,1080,1920,1120,225,1413,519,86142,0.042,data/encodings/house_2004_0412142/S06E12_40584_0.npy,
312999,412142,1503396,6,12,41088,0,1080,1920,831,107,1075,351,59536,0.029,data/encodings/house_2004_0412142/S06E12_41088_0.npy,
313000,412142,1503396,6,12,41112,0,1080,1920,856,132,1100,376,59536,0.029,data/encodings/house_2004_0412142/S06E12_41112_0.npy,
313001,412142,1503396,6,12,41136,0,1080,1920,856,132,1100,376,59536,0.029,data/encodings/house_2004_0412142/S06E12_41136_0.npy,
313002,412142,1503396,6,12,41160,0,1080,1920,831,132,1075,376,59536,0.029,data/encodings/house_2004_0412142/S06E12_41160_0.npy,
313003,412142,1503396,6,12,41160,1,1080,1920,1246,137,1598,489,123904,0.06,data/encodings/house_2004_0412142/S06E12_41160_1.npy,
313004,412142,1503396,6,12,41184,0,1080,1920,756,132,1001,376,59780,0.029,data/encodings/house_2004_0412142/S06E12_41184_0.npy,
313005,412142,1503396,6,12,41184,1,1080,1920,1282,172,1634,525,124256,0.06,data/encodings/house_2004_0412142/S06E12_41184_1.npy,
313006,412142,1503396,6,12,41208,0,1080,1920,781,156,1026,401,60025,0.029,data/encodings/house_2004_0412142/S06E12_41208_0.npy,
313007,412142,1503396,6,12,41208,1,1080,1920,1282,172,1634,525,124256,0.06,data/encodings/house_2004_0412142/S06E12_41208_1.npy,
313008,412142,1503396,6,12,41232,0,1080,1920,1269,195,1562,489,86142,0.042,data/encodings/house_2004_0412142/S06E12_41232_0.npy,
313009,412142,1503396,6,12,41232,1,1080,1920,781,132,1026,376,59780,0.029,data/encodings/house_2004_0412142/S06E12_41232_1.npy,
313010,412142,1503396,6,12,41256,0,1080,1920,831,107,1075,351,59536,0.029,data/encodings/house_2004_0412142/S06E12_41256_0.npy,
313011,412142,1503396,6,12,41256,1,1080,1920,1269,195,1562,489,86142,0.042,data/encodings/house_2004_0412142/S06E12_41256_1.npy,
313012,412142,1503396,6,12,41280,0,1080,1920,856,132,1100,376,59536,0.029,data/encodings/house_2004_0412142/S06E12_41280_0.npy,
313013,412142,1503396,6,12,41304,0,1080,1920,781,132,1026,376,59780,0.029,data/encodings/house_2004_0412142/S06E12_41304_0.npy,
313014,412142,1503396,6,12,41304,1,1080,1920,1282,137,1634,489,123904,0.06,data/encodings/house_2004_0412142/S06E12_41304_1.npy,
313015,412142,1503396,6,12,41328,0,1080,1920,806,132,1051,376,59780,0.029,data/encodings/house_2004_0412142/S06E12_41328_0.npy,
313016,412142,1503396,6,12,41328,1,1080,1920,1269,166,1562,459,85849,0.041,data/encodings/house_2004_0412142/S06E12_41328_1.npy,
313017,412142,1503396,6,12,41352,0,1080,1920,806,132,1051,376,59780,0.029,data/encodings/house_2004_0412142/S06E12_41352_0.npy,
313018,412142,1503396,6,12,41352,1,1080,1920,1282,172,1634,525,124256,0.06,data/encodings/house_2004_0412142/S06E12_41352_1.npy,
313019,412142,1503396,6,12,41376,0,1080,1920,1269,195,1562,489,86142,0.042,data/encodings/house_2004_0412142/S06E12_41376_0.npy,
313020,412142,1503396,6,12,41400,0,1080,1920,1282,172,1634,525,124256,0.06,data/encodings/house_2004_0412142/S06E12_41400_0.npy,
313021,412142,1503396,6,12,41424,0,1080,1920,1282,172,1634,525,124256,0.06,data/encodings/house_2004_0412142/S06E12_41424_0.npy,
313022,412142,1503396,6,12,41448,0,1080,1920,1282,172,1634,525,124256,0.06,data/encodings/house_2004_0412142/S06E12_41448_0.npy,
313023,412142,1503396,6,12,41472,0,1080,1920,1282,172,1634,525,124256,0.06,data/encodings/house_2004_0412142/S06E12_41472_0.npy,
313024,412142,1503396,6,12,41496,0,1080,1920,1328,195,1621,489,86142,0.042,data/encodings/house_2004_0412142/S06E12_41496_0.npy,
313025,412142,1503396,6,12,41520,0,1080,1920,806,132,1051,376,59780,0.029,data/encodings/house_2004_0412142/S06E12_41520_0.npy,
313026,412142,1503396,6,12,41520,1,1080,1920,1282,172,1634,525,124256,0.06,data/encodings/house_2004_0412142/S06E12_41520_1.npy,
313027,412142,1503396,6,12,41544,0,1080,1920,806,132,1051,376,59780,0.029,data/encodings/house_2004_0412142/S06E12_41544_0.npy,
313028,412142,1503396,6,12,41544,1,1080,1920,1269,225,1562,519,86142,0.042,data/encodings/house_2004_0412142/S06E12_41544_1.npy,
313029,412142,1503396,6,12,41568,0,1080,1920,806,107,1051,351,59780,0.029,data/encodings/house_2004_0412142/S06E12_41568_0.npy,
313030,412142,1503396,6,12,41568,1,1080,1920,1269,195,1562,489,86142,0.042,data/encodings/house_2004_0412142/S06E12_41568_1.npy,
313031,412142,1503396,6,12,41712,0,1080,1920,506,99,1115,707,370272,0.179,data/encodings/house_2004_0412142/S06E12_41712_0.npy,
313032,412142,1503396,6,12,41760,0,1080,1920,806,132,1051,376,59780,0.029,data/encodings/house_2004_0412142/S06E12_41760_0.npy,
313033,412142,1503396,6,12,41760,1,1080,1920,1282,172,1634,525,124256,0.06,data/encodings/house_2004_0412142/S06E12_41760_1.npy,
313034,412142,1503396,6,12,42000,0,1080,1920,1004,156,1249,401,60025,0.029,data/encodings/house_2004_0412142/S06E12_42000_0.npy,
313035,412142,1503396,6,12,42216,0,1080,1920,856,231,1100,475,59536,0.029,data/encodings/house_2004_0412142/S06E12_42216_0.npy,
313036,412142,1503396,6,12,42456,0,1080,1920,615,225,908,519,86142,0.042,data/encodings/house_2004_0412142/S06E12_42456_0.npy,
313037,412142,1503396,6,12,42504,0,1080,1920,555,255,849,548,86142,0.042,data/encodings/house_2004_0412142/S06E12_42504_0.npy,
313038,412142,1503396,6,12,42576,0,1080,1920,912,195,1205,489,86142,0.042,data/encodings/house_2004_0412142/S06E12_42576_0.npy,
313039,412142,1503396,6,12,42600,0,1080,1920,997,386,1349,739,124256,0.06,data/encodings/house_2004_0412142/S06E12_42600_0.npy,
313040,412142,1503396,6,12,42768,0,1080,1920,640,303,1063,726,178929,0.086,data/encodings/house_2004_0412142/S06E12_42768_0.npy,
313041,412142,1503396,6,12,42792,0,1080,1920,726,303,1148,726,178506,0.086,data/encodings/house_2004_0412142/S06E12_42792_0.npy,
313042,412142,1503396,6,12,42816,0,1080,1920,597,261,1020,683,178506,0.086,data/encodings/house_2004_0412142/S06E12_42816_0.npy,
313043,412142,1503396,6,12,42840,0,1080,1920,589,210,1096,717,257049,0.124,data/encodings/house_2004_0412142/S06E12_42840_0.npy,
313044,412142,1503396,6,12,42960,0,1080,1920,629,73,686,130,3249,0.002,data/encodings/house_2004_0412142/S06E12_42960_0.npy,
313045,412142,1503396,6,12,42960,1,1080,1920,607,243,725,361,13924,0.007,data/encodings/house_2004_0412142/S06E12_42960_1.npy,
313046,412142,1503396,6,12,42984,0,1080,1920,629,73,686,130,3249,0.002,data/encodings/house_2004_0412142/S06E12_42984_0.npy,
313047,412142,1503396,6,12,42984,1,1080,1920,949,245,1031,327,6724,0.003,data/encodings/house_2004_0412142/S06E12_42984_1.npy,
313048,412142,1503396,6,12,42984,2,1080,1920,607,243,725,361,13924,0.007,data/encodings/house_2004_0412142/S06E12_42984_2.npy,
313049,412142,1503396,6,12,43008,0,1080,1920,949,278,1031,360,6724,0.003,data/encodings/house_2004_0412142/S06E12_43008_0.npy,
313050,412142,1503396,6,12,43008,1,1080,1920,629,73,686,130,3249,0.002,data/encodings/house_2004_0412142/S06E12_43008_1.npy,
313051,412142,1503396,6,12,43008,2,1080,1920,607,243,725,361,13924,0.007,data/encodings/house_2004_0412142/S06E12_43008_2.npy,
313052,412142,1503396,6,12,43032,0,1080,1920,372,439,542,609,28900,0.014,data/encodings/house_2004_0412142/S06E12_43032_0.npy,
313053,412142,1503396,6,12,43128,0,1080,1920,1261,83,1403,224,20022,0.01,data/encodings/house_2004_0412142/S06E12_43128_0.npy,
313054,412142,1503396,6,12,43152,0,1080,1920,372,412,514,554,20164,0.01,data/encodings/house_2004_0412142/S06E12_43152_0.npy,
313055,412142,1503396,6,12,43152,1,1080,1920,974,267,1144,437,28900,0.014,data/encodings/house_2004_0412142/S06E12_43152_1.npy,
313056,412142,1503396,6,12,43176,0,1080,1920,991,99,1195,303,41616,0.02,data/encodings/house_2004_0412142/S06E12_43176_0.npy,
313057,412142,1503396,6,12,43200,0,1080,1920,1383,99,1587,303,41616,0.02,data/encodings/house_2004_0412142/S06E12_43200_0.npy,
313058,412142,1503396,6,12,43224,0,1080,1920,1128,82,1373,327,60025,0.029,data/encodings/house_2004_0412142/S06E12_43224_0.npy,
313059,412142,1503396,6,12,43248,0,1080,1920,1218,223,1422,427,41616,0.02,data/encodings/house_2004_0412142/S06E12_43248_0.npy,
313060,412142,1503396,6,12,43248,1,1080,1920,922,267,1092,437,28900,0.014,data/encodings/house_2004_0412142/S06E12_43248_1.npy,
313061,412142,1503396,6,12,43248,2,1080,1920,131,198,301,368,28900,0.014,data/encodings/house_2004_0412142/S06E12_43248_2.npy,
313062,412142,1503396,6,12,43272,0,1080,1920,1249,233,1419,403,28900,0.014,data/encodings/house_2004_0412142/S06E12_43272_0.npy,
313063,412142,1503396,6,12,43296,0,1080,1920,1177,223,1381,427,41616,0.02,data/encodings/house_2004_0412142/S06E12_43296_0.npy,
313064,412142,1503396,6,12,43296,1,1080,1920,131,198,301,368,28900,0.014,data/encodings/house_2004_0412142/S06E12_43296_1.npy,
313065,412142,1503396,6,12,43320,0,1080,1920,1177,223,1381,427,41616,0.02,data/encodings/house_2004_0412142/S06E12_43320_0.npy,
313066,412142,1503396,6,12,43344,0,1080,1920,286,670,428,812,20164,0.01,data/encodings/house_2004_0412142/S06E12_43344_0.npy,
313067,412142,1503396,6,12,43344,1,1080,1920,1376,169,1517,310,19881,0.01,data/encodings/house_2004_0412142/S06E12_43344_1.npy,
313068,412142,1503396,6,12,43368,0,1080,1920,1433,97,1575,239,20164,0.01,data/encodings/house_2004_0412142/S06E12_43368_0.npy,
313069,412142,1503396,6,12,43368,1,1080,1920,272,670,414,812,20164,0.01,data/encodings/house_2004_0412142/S06E12_43368_1.npy,
313070,412142,1503396,6,12,43392,0,1080,1920,1239,326,1443,530,41616,0.02,data/encodings/house_2004_0412142/S06E12_43392_0.npy,
313071,412142,1503396,6,12,43392,1,1080,1920,578,367,782,571,41616,0.02,data/encodings/house_2004_0412142/S06E12_43392_1.npy,
313072,412142,1503396,6,12,43416,0,1080,1920,1239,326,1443,530,41616,0.02,data/encodings/house_2004_0412142/S06E12_43416_0.npy,
313073,412142,1503396,6,12,43416,1,1080,1920,613,353,783,523,28900,0.014,data/encodings/house_2004_0412142/S06E12_43416_1.npy,
313074,412142,1503396,6,12,43440,0,1080,1920,1239,347,1443,551,41616,0.02,data/encodings/house_2004_0412142/S06E12_43440_0.npy,
313075,412142,1503396,6,12,43440,1,1080,1920,613,370,783,540,28900,0.014,data/encodings/house_2004_0412142/S06E12_43440_1.npy,
313076,412142,1503396,6,12,43440,2,1080,1920,930,64,1048,182,13924,0.007,data/encodings/house_2004_0412142/S06E12_43440_2.npy,
313077,412142,1503396,6,12,43464,0,1080,1920,630,384,772,525,20022,0.01,data/encodings/house_2004_0412142/S06E12_43464_0.npy,
313078,412142,1503396,6,12,43464,1,1080,1920,1239,326,1443,530,41616,0.02,data/encodings/house_2004_0412142/S06E12_43464_1.npy,
313079,412142,1503396,6,12,43464,2,1080,1920,906,64,1024,182,13924,0.007,data/encodings/house_2004_0412142/S06E12_43464_2.npy,
313080,412142,1503396,6,12,43488,0,1080,1920,918,76,1036,194,13924,0.007,data/encodings/house_2004_0412142/S06E12_43488_0.npy,
313081,412142,1503396,6,12,43488,1,1080,1920,527,388,697,557,28730,0.014,data/encodings/house_2004_0412142/S06E12_43488_1.npy,
313082,412142,1503396,6,12,43512,0,1080,1920,925,68,1023,166,9604,0.005,data/encodings/house_2004_0412142/S06E12_43512_0.npy,
313083,412142,1503396,6,12,43512,1,1080,1920,475,367,679,571,41616,0.02,data/encodings/house_2004_0412142/S06E12_43512_1.npy,
313084,412142,1503396,6,12,43536,0,1080,1920,1330,386,1412,468,6724,0.003,data/encodings/house_2004_0412142/S06E12_43536_0.npy,
313085,412142,1503396,6,12,43536,1,1080,1920,618,177,675,234,3249,0.002,data/encodings/house_2004_0412142/S06E12_43536_1.npy,
313086,412142,1503396,6,12,43536,2,1080,1920,711,144,759,191,2256,0.001,data/encodings/house_2004_0412142/S06E12_43536_2.npy,
313087,412142,1503396,6,12,43560,0,1080,1920,462,137,814,489,123904,0.06,data/encodings/house_2004_0412142/S06E12_43560_0.npy,
313088,412142,1503396,6,12,43584,0,1080,1920,462,137,814,489,123904,0.06,data/encodings/house_2004_0412142/S06E12_43584_0.npy,
313089,412142,1503396,6,12,43608,0,1080,1920,497,137,849,489,123904,0.06,data/encodings/house_2004_0412142/S06E12_43608_0.npy,
313090,412142,1503396,6,12,43632,0,1080,1920,942,136,1235,429,85849,0.041,data/encodings/house_2004_0412142/S06E12_43632_0.npy,
313091,412142,1503396,6,12,43656,0,1080,1920,845,262,1353,769,257556,0.124,data/encodings/house_2004_0412142/S06E12_43656_0.npy,
313092,412142,1503396,6,12,43704,0,1080,1920,589,313,1096,820,257049,0.124,data/encodings/house_2004_0412142/S06E12_43704_0.npy,
313093,412142,1503396,6,12,43728,0,1080,1920,415,226,557,368,20164,0.01,data/encodings/house_2004_0412142/S06E12_43728_0.npy,
313094,412142,1503396,6,12,43752,0,1080,1920,1280,223,1484,427,41616,0.02,data/encodings/house_2004_0412142/S06E12_43752_0.npy,
313095,412142,1503396,6,12,43776,0,1080,1920,629,125,686,182,3249,0.002,data/encodings/house_2004_0412142/S06E12_43776_0.npy,
313096,412142,1503396,6,12,43776,1,1080,1920,529,24,576,71,2209,0.001,data/encodings/house_2004_0412142/S06E12_43776_1.npy,
313097,412142,1503396,6,12,43800,0,1080,1920,589,119,646,176,3249,0.002,data/encodings/house_2004_0412142/S06E12_43800_0.npy,
313098,412142,1503396,6,12,43800,1,1080,1920,1728,54,1810,136,6724,0.003,data/encodings/house_2004_0412142/S06E12_43800_1.npy,
313099,412142,1503396,6,12,43800,2,1080,1920,485,21,524,61,1560,0.001,data/encodings/house_2004_0412142/S06E12_43800_2.npy,
313100,412142,1503396,6,12,43824,0,1080,1920,585,195,878,489,86142,0.042,data/encodings/house_2004_0412142/S06E12_43824_0.npy,
313101,412142,1503396,6,12,43848,0,1080,1920,640,137,992,489,123904,0.06,data/encodings/house_2004_0412142/S06E12_43848_0.npy,
313102,412142,1503396,6,12,43872,0,1080,1920,763,166,1057,459,86142,0.042,data/encodings/house_2004_0412142/S06E12_43872_0.npy,
313103,412142,1503396,6,12,43872,1,1080,1920,20,374,314,667,86142,0.042,data/encodings/house_2004_0412142/S06E12_43872_1.npy,
313104,412142,1503396,6,12,43896,0,1080,1920,793,314,1087,608,86436,0.042,data/encodings/house_2004_0412142/S06E12_43896_0.npy,
313105,412142,1503396,6,12,43920,0,1080,1920,288,314,581,608,86142,0.042,data/encodings/house_2004_0412142/S06E12_43920_0.npy,
313106,412142,1503396,6,12,43920,1,1080,1920,890,137,1242,489,123904,0.06,data/encodings/house_2004_0412142/S06E12_43920_1.npy,
313107,412142,1503396,6,12,43944,0,1080,1920,288,314,581,608,86142,0.042,data/encodings/house_2004_0412142/S06E12_43944_0.npy,
313108,412142,1503396,6,12,43944,1,1080,1920,1029,82,1273,327,59780,0.029,data/encodings/house_2004_0412142/S06E12_43944_1.npy,
313109,412142,1503396,6,12,43968,0,1080,1920,604,208,956,560,123904,0.06,data/encodings/house_2004_0412142/S06E12_43968_0.npy,
313110,412142,1503396,6,12,43992,0,1080,1920,604,208,956,560,123904,0.06,data/encodings/house_2004_0412142/S06E12_43992_0.npy,
313111,412142,1503396,6,12,44016,0,1080,1920,466,344,760,637,86142,0.042,data/encodings/house_2004_0412142/S06E12_44016_0.npy,
313112,412142,1503396,6,12,44016,1,1080,1920,1001,195,1295,489,86436,0.042,data/encodings/house_2004_0412142/S06E12_44016_1.npy,
313113,412142,1503396,6,12,44040,0,1080,1920,1488,125,1545,182,3249,0.002,data/encodings/house_2004_0412142/S06E12_44040_0.npy,
313114,412142,1503396,6,12,44064,0,1080,1920,1150,195,1443,489,86142,0.042,data/encodings/house_2004_0412142/S06E12_44064_0.npy,
313115,412142,1503396,6,12,44088,0,1080,1920,1120,136,1413,429,85849,0.041,data/encodings/house_2004_0412142/S06E12_44088_0.npy,
313116,412142,1503396,6,12,44112,0,1080,1920,1001,166,1295,459,86142,0.042,data/encodings/house_2004_0412142/S06E12_44112_0.npy,
313117,412142,1503396,6,12,44136,0,1080,1920,1120,225,1413,519,86142,0.042,data/encodings/house_2004_0412142/S06E12_44136_0.npy,
313118,412142,1503396,6,12,44160,0,1080,1920,1061,166,1354,459,85849,0.041,data/encodings/house_2004_0412142/S06E12_44160_0.npy,
313119,412142,1503396,6,12,44184,0,1080,1920,971,136,1265,429,86142,0.042,data/encodings/house_2004_0412142/S06E12_44184_0.npy,
313120,412142,1503396,6,12,44208,0,1080,1920,332,52,450,170,13924,0.007,data/encodings/house_2004_0412142/S06E12_44208_0.npy,
313121,412142,1503396,6,12,44232,0,1080,1920,831,181,1075,426,59780,0.029,data/encodings/house_2004_0412142/S06E12_44232_0.npy,
313122,412142,1503396,6,12,44256,0,1080,1920,657,181,902,426,60025,0.029,data/encodings/house_2004_0412142/S06E12_44256_0.npy,
313123,412142,1503396,6,12,44280,0,1080,1920,385,231,630,475,59780,0.029,data/encodings/house_2004_0412142/S06E12_44280_0.npy,
313124,412142,1503396,6,12,44304,0,1080,1920,301,183,442,325,20022,0.01,data/encodings/house_2004_0412142/S06E12_44304_0.npy,
313125,412142,1503396,6,12,44328,0,1080,1920,441,198,611,368,28900,0.014,data/encodings/house_2004_0412142/S06E12_44328_0.npy,
313126,412142,1503396,6,12,44352,0,1080,1920,187,181,431,426,59780,0.029,data/encodings/house_2004_0412142/S06E12_44352_0.npy,
313127,412142,1503396,6,12,44376,0,1080,1920,509,132,753,376,59536,0.029,data/encodings/house_2004_0412142/S06E12_44376_0.npy,
313128,412142,1503396,6,12,44400,0,1080,1920,585,225,878,519,86142,0.042,data/encodings/house_2004_0412142/S06E12_44400_0.npy,
313129,412142,1503396,6,12,44424,0,1080,1920,534,181,778,426,59780,0.029,data/encodings/house_2004_0412142/S06E12_44424_0.npy,
313130,412142,1503396,6,12,44448,0,1080,1920,410,156,654,401,59780,0.029,data/encodings/house_2004_0412142/S06E12_44448_0.npy,
313131,412142,1503396,6,12,44472,0,1080,1920,407,136,700,429,85849,0.041,data/encodings/house_2004_0412142/S06E12_44472_0.npy,
313132,412142,1503396,6,12,44496,0,1080,1920,954,661,1071,779,13806,0.007,data/encodings/house_2004_0412142/S06E12_44496_0.npy,
313133,412142,1503396,6,12,44496,1,1080,1920,1387,164,1557,334,28900,0.014,data/encodings/house_2004_0412142/S06E12_44496_1.npy,
313134,412142,1503396,6,12,44520,0,1080,1920,1061,578,1179,696,13924,0.007,data/encodings/house_2004_0412142/S06E12_44520_0.npy,
313135,412142,1503396,6,12,44520,1,1080,1920,1352,164,1522,334,28900,0.014,data/encodings/house_2004_0412142/S06E12_44520_1.npy,
313136,412142,1503396,6,12,44544,0,1080,1920,1410,261,1833,683,178506,0.086,data/encodings/house_2004_0412142/S06E12_44544_0.npy,
313137,412142,1503396,6,12,44568,0,1080,1920,1410,218,1833,640,178506,0.086,data/encodings/house_2004_0412142/S06E12_44568_0.npy,
313138,412142,1503396,6,12,44592,0,1080,1920,1410,218,1833,640,178506,0.086,data/encodings/house_2004_0412142/S06E12_44592_0.npy,
313139,412142,1503396,6,12,44616,0,1080,1920,1410,218,1833,640,178506,0.086,data/encodings/house_2004_0412142/S06E12_44616_0.npy,
313140,412142,1503396,6,12,44640,0,1080,1920,870,638,988,755,13806,0.007,data/encodings/house_2004_0412142/S06E12_44640_0.npy,
313141,412142,1503396,6,12,44640,1,1080,1920,1301,120,1505,324,41616,0.02,data/encodings/house_2004_0412142/S06E12_44640_1.npy,
313142,412142,1503396,6,12,44664,0,1080,1920,858,649,976,767,13924,0.007,data/encodings/house_2004_0412142/S06E12_44664_0.npy,
313143,412142,1503396,6,12,44664,1,1080,1920,1445,140,1649,344,41616,0.02,data/encodings/house_2004_0412142/S06E12_44664_1.npy,
313144,412142,1503396,6,12,44688,0,1080,1920,846,649,964,767,13924,0.007,data/encodings/house_2004_0412142/S06E12_44688_0.npy,
313145,412142,1503396,6,12,44688,1,1080,1920,1363,120,1567,324,41616,0.02,data/encodings/house_2004_0412142/S06E12_44688_1.npy,
313146,412142,1503396,6,12,44712,0,1080,1920,236,132,481,376,59780,0.029,data/encodings/house_2004_0412142/S06E12_44712_0.npy,
313147,412142,1503396,6,12,44712,1,1080,1920,1198,182,1401,385,41209,0.02,data/encodings/house_2004_0412142/S06E12_44712_1.npy,
313148,412142,1503396,6,12,44712,2,1080,1920,874,670,1016,812,20164,0.01,data/encodings/house_2004_0412142/S06E12_44712_2.npy,
313149,412142,1503396,6,12,44736,0,1080,1920,597,261,1020,683,178506,0.086,data/encodings/house_2004_0412142/S06E12_44736_0.npy,
313150,412142,1503396,6,12,44760,0,1080,1920,597,218,1020,640,178506,0.086,data/encodings/house_2004_0412142/S06E12_44760_0.npy,
313151,412142,1503396,6,12,44784,0,1080,1920,597,218,1020,640,178506,0.086,data/encodings/house_2004_0412142/S06E12_44784_0.npy,
313152,412142,1503396,6,12,44808,0,1080,1920,1139,137,1491,489,123904,0.06,data/encodings/house_2004_0412142/S06E12_44808_0.npy,
313153,412142,1503396,6,12,44808,1,1080,1920,537,429,741,633,41616,0.02,data/encodings/house_2004_0412142/S06E12_44808_1.npy,
313154,412142,1503396,6,12,44808,2,1080,1920,145,0,349,179,36516,0.018,data/encodings/house_2004_0412142/S06E12_44808_2.npy,
313155,412142,1503396,6,12,44832,0,1080,1920,512,175,934,598,178506,0.086,data/encodings/house_2004_0412142/S06E12_44832_0.npy,
313156,412142,1503396,6,12,44856,0,1080,1920,597,261,1020,683,178506,0.086,data/encodings/house_2004_0412142/S06E12_44856_0.npy,
313157,412142,1503396,6,12,44880,0,1080,1920,1068,244,1420,596,123904,0.06,data/encodings/house_2004_0412142/S06E12_44880_0.npy,
313158,412142,1503396,6,12,44880,1,1080,1920,558,409,762,613,41616,0.02,data/encodings/house_2004_0412142/S06E12_44880_1.npy,
313159,412142,1503396,6,12,44904,0,1080,1920,1068,208,1420,560,123904,0.06,data/encodings/house_2004_0412142/S06E12_44904_0.npy,
313160,412142,1503396,6,12,44904,1,1080,1920,537,409,741,613,41616,0.02,data/encodings/house_2004_0412142/S06E12_44904_1.npy,
313161,412142,1503396,6,12,44928,0,1080,1920,1068,172,1420,525,124256,0.06,data/encodings/house_2004_0412142/S06E12_44928_0.npy,
313162,412142,1503396,6,12,44928,1,1080,1920,496,429,700,633,41616,0.02,data/encodings/house_2004_0412142/S06E12_44928_1.npy,
313163,412142,1503396,6,12,44952,0,1080,1920,658,54,740,136,6724,0.003,data/encodings/house_2004_0412142/S06E12_44952_0.npy,
313164,412142,1503396,6,12,44952,1,1080,1920,595,148,652,205,3249,0.002,data/encodings/house_2004_0412142/S06E12_44952_1.npy,
313165,412142,1503396,6,12,44952,2,1080,1920,865,333,904,373,1560,0.001,data/encodings/house_2004_0412142/S06E12_44952_2.npy,
313166,412142,1503396,6,12,44952,3,1080,1920,1697,413,1736,453,1560,0.001,data/encodings/house_2004_0412142/S06E12_44952_3.npy,
313167,412142,1503396,6,12,44952,4,1080,1920,515,43,562,90,2209,0.001,data/encodings/house_2004_0412142/S06E12_44952_4.npy,
313168,412142,1503396,6,12,44976,0,1080,1920,675,54,757,136,6724,0.003,data/encodings/house_2004_0412142/S06E12_44976_0.npy,
313169,412142,1503396,6,12,44976,1,1080,1920,589,148,646,205,3249,0.002,data/encodings/house_2004_0412142/S06E12_44976_1.npy,
313170,412142,1503396,6,12,44976,2,1080,1920,865,333,904,373,1560,0.001,data/encodings/house_2004_0412142/S06E12_44976_2.npy,
313171,412142,1503396,6,12,44976,3,1080,1920,521,45,560,85,1560,0.001,data/encodings/house_2004_0412142/S06E12_44976_3.npy,
313172,412142,1503396,6,12,45000,0,1080,1920,486,210,993,717,257049,0.124,data/encodings/house_2004_0412142/S06E12_45000_0.npy,
313173,412142,1503396,6,12,45024,0,1080,1920,675,46,757,128,6724,0.003,data/encodings/house_2004_0412142/S06E12_45024_0.npy,
313174,412142,1503396,6,12,45024,1,1080,1920,589,137,646,194,3249,0.002,data/encodings/house_2004_0412142/S06E12_45024_1.npy,
313175,412142,1503396,6,12,45024,2,1080,1920,515,43,562,90,2209,0.001,data/encodings/house_2004_0412142/S06E12_45024_2.npy,
313176,412142,1503396,6,12,45024,3,1080,1920,865,333,904,373,1560,0.001,data/encodings/house_2004_0412142/S06E12_45024_3.npy,
313177,412142,1503396,6,12,45048,0,1080,1920,708,30,790,112,6724,0.003,data/encodings/house_2004_0412142/S06E12_45048_0.npy,
313178,412142,1503396,6,12,45048,1,1080,1920,583,143,640,199,3192,0.002,data/encodings/house_2004_0412142/S06E12_45048_1.npy,
313179,412142,1503396,6,12,45048,2,1080,1920,1693,409,1732,449,1560,0.001,data/encodings/house_2004_0412142/S06E12_45048_2.npy,
313180,412142,1503396,6,12,45072,0,1080,1920,576,138,644,207,4692,0.002,data/encodings/house_2004_0412142/S06E12_45072_0.npy,
313181,412142,1503396,6,12,45072,1,1080,1920,721,21,789,89,4624,0.002,data/encodings/house_2004_0412142/S06E12_45072_1.npy,
313182,412142,1503396,6,12,45072,2,1080,1920,1693,409,1732,449,1560,0.001,data/encodings/house_2004_0412142/S06E12_45072_2.npy,
313183,412142,1503396,6,12,45072,3,1080,1920,517,45,556,85,1560,0.001,data/encodings/house_2004_0412142/S06E12_45072_3.npy,
313184,412142,1503396,6,12,45072,4,1080,1920,440,291,558,409,13924,0.007,data/encodings/house_2004_0412142/S06E12_45072_4.npy,
313185,412142,1503396,6,12,45096,0,1080,1920,512,261,934,683,178084,0.086,data/encodings/house_2004_0412142/S06E12_45096_0.npy,
313186,412142,1503396,6,12,45120,0,1080,1920,512,261,934,683,178084,0.086,data/encodings/house_2004_0412142/S06E12_45120_0.npy,
313187,412142,1503396,6,12,45144,0,1080,1920,597,218,1020,640,178506,0.086,data/encodings/house_2004_0412142/S06E12_45144_0.npy,
313188,412142,1503396,6,12,45168,0,1080,1920,554,218,977,640,178506,0.086,data/encodings/house_2004_0412142/S06E12_45168_0.npy,
313189,412142,1503396,6,12,45192,0,1080,1920,999,262,1507,769,257556,0.124,data/encodings/house_2004_0412142/S06E12_45192_0.npy,
313190,412142,1503396,6,12,45216,0,1080,1920,948,262,1455,769,257049,0.124,data/encodings/house_2004_0412142/S06E12_45216_0.npy,
313191,412142,1503396,6,12,45240,0,1080,1920,897,210,1404,717,257049,0.124,data/encodings/house_2004_0412142/S06E12_45240_0.npy,
313192,412142,1503396,6,12,45264,0,1080,1920,469,218,891,640,178084,0.086,data/encodings/house_2004_0412142/S06E12_45264_0.npy,
313193,412142,1503396,6,12,45288,0,1080,1920,897,261,1319,683,178084,0.086,data/encodings/house_2004_0412142/S06E12_45288_0.npy,
313194,412142,1503396,6,12,45312,0,1080,1920,811,218,1234,640,178506,0.086,data/encodings/house_2004_0412142/S06E12_45312_0.npy,
313195,412142,1503396,6,12,45336,0,1080,1920,948,108,1455,615,257049,0.124,data/encodings/house_2004_0412142/S06E12_45336_0.npy,
313196,412142,1503396,6,12,45360,0,1080,1920,854,261,1277,683,178506,0.086,data/encodings/house_2004_0412142/S06E12_45360_0.npy,
313197,412142,1503396,6,12,45384,0,1080,1920,1139,172,1491,525,124256,0.06,data/encodings/house_2004_0412142/S06E12_45384_0.npy,
313198,412142,1503396,6,12,45384,1,1080,1920,434,594,638,798,41616,0.02,data/encodings/house_2004_0412142/S06E12_45384_1.npy,
313199,412142,1503396,6,12,45408,0,1080,1920,1417,195,1711,489,86436,0.042,data/encodings/house_2004_0412142/S06E12_45408_0.npy,
313200,412142,1503396,6,12,45432,0,1080,1920,512,218,934,640,178084,0.086,data/encodings/house_2004_0412142/S06E12_45432_0.npy,
313201,412142,1503396,6,12,45456,0,1080,1920,726,218,1148,640,178084,0.086,data/encodings/house_2004_0412142/S06E12_45456_0.npy,
313202,412142,1503396,6,12,45480,0,1080,1920,876,284,1485,892,370272,0.179,data/encodings/house_2004_0412142/S06E12_45480_0.npy,
313203,412142,1503396,6,12,45504,0,1080,1920,938,222,1546,830,369664,0.178,data/encodings/house_2004_0412142/S06E12_45504_0.npy,
313204,412142,1503396,6,12,45528,0,1080,1920,572,148,629,205,3249,0.002,data/encodings/house_2004_0412142/S06E12_45528_0.npy,
313205,412142,1503396,6,12,45528,1,1080,1920,1633,393,1680,441,2256,0.001,data/encodings/house_2004_0412142/S06E12_45528_1.npy,
313206,412142,1503396,6,12,45528,2,1080,1920,407,297,506,395,9702,0.005,data/encodings/house_2004_0412142/S06E12_45528_2.npy,
313207,412142,1503396,6,12,45552,0,1080,1920,1339,88,1420,170,6642,0.003,data/encodings/house_2004_0412142/S06E12_45552_0.npy,
313208,412142,1503396,6,12,45552,1,1080,1920,578,148,634,205,3192,0.002,data/encodings/house_2004_0412142/S06E12_45552_1.npy,
313209,412142,1503396,6,12,45552,2,1080,1920,1638,393,1685,441,2256,0.001,data/encodings/house_2004_0412142/S06E12_45552_2.npy,
313210,412142,1503396,6,12,45552,3,1080,1920,407,287,506,385,9702,0.005,data/encodings/house_2004_0412142/S06E12_45552_3.npy,
313211,412142,1503396,6,12,45576,0,1080,1920,578,148,634,205,3192,0.002,data/encodings/house_2004_0412142/S06E12_45576_0.npy,
313212,412142,1503396,6,12,45576,1,1080,1920,407,287,506,385,9702,0.005,data/encodings/house_2004_0412142/S06E12_45576_1.npy,
313213,412142,1503396,6,12,45576,2,1080,1920,1364,83,1432,151,4624,0.002,data/encodings/house_2004_0412142/S06E12_45576_2.npy,
313214,412142,1503396,6,12,45576,3,1080,1920,1643,388,1690,436,2256,0.001,data/encodings/house_2004_0412142/S06E12_45576_3.npy,
313215,412142,1503396,6,12,45600,0,1080,1920,1289,63,1371,145,6724,0.003,data/encodings/house_2004_0412142/S06E12_45600_0.npy,
313216,412142,1503396,6,12,45600,1,1080,1920,578,143,634,199,3136,0.002,data/encodings/house_2004_0412142/S06E12_45600_1.npy,
313217,412142,1503396,6,12,45600,2,1080,1920,427,267,526,366,9801,0.005,data/encodings/house_2004_0412142/S06E12_45600_2.npy,
313218,412142,1503396,6,12,45600,3,1080,1920,1649,389,1688,429,1560,0.001,data/encodings/house_2004_0412142/S06E12_45600_3.npy,
313219,412142,1503396,6,12,45600,4,1080,1920,493,41,532,81,1560,0.001,data/encodings/house_2004_0412142/S06E12_45600_4.npy,
313220,412142,1503396,6,12,45624,0,1080,1920,407,136,700,429,85849,0.041,data/encodings/house_2004_0412142/S06E12_45624_0.npy,
313221,412142,1503396,6,12,45648,0,1080,1920,355,101,707,453,123904,0.06,data/encodings/house_2004_0412142/S06E12_45648_0.npy,
313222,412142,1503396,6,12,45672,0,1080,1920,1061,136,1354,429,85849,0.041,data/encodings/house_2004_0412142/S06E12_45672_0.npy,
313223,412142,1503396,6,12,45696,0,1080,1920,929,78,1133,282,41616,0.02,data/encodings/house_2004_0412142/S06E12_45696_0.npy,
313224,412142,1503396,6,12,45696,1,1080,1920,854,0,1206,346,121792,0.059,data/encodings/house_2004_0412142/S06E12_45696_1.npy,
313225,412142,1503396,6,12,45720,0,1080,1920,410,181,654,426,59780,0.029,data/encodings/house_2004_0412142/S06E12_45720_0.npy,
313226,412142,1503396,6,12,45744,0,1080,1920,377,166,670,459,85849,0.041,data/encodings/house_2004_0412142/S06E12_45744_0.npy,
313227,412142,1503396,6,12,45768,0,1080,1920,355,137,707,489,123904,0.06,data/encodings/house_2004_0412142/S06E12_45768_0.npy,
313228,412142,1503396,6,12,45792,0,1080,1920,1120,166,1413,459,85849,0.041,data/encodings/house_2004_0412142/S06E12_45792_0.npy,
313229,412142,1503396,6,12,45816,0,1080,1920,599,223,803,427,41616,0.02,data/encodings/house_2004_0412142/S06E12_45816_0.npy,
313230,412142,1503396,6,12,45816,1,1080,1920,1161,713,1302,855,20022,0.01,data/encodings/house_2004_0412142/S06E12_45816_1.npy,
313231,412142,1503396,6,12,45840,0,1080,1920,355,137,707,489,123904,0.06,data/encodings/house_2004_0412142/S06E12_45840_0.npy,
313232,412142,1503396,6,12,45864,0,1080,1920,377,166,670,459,85849,0.041,data/encodings/house_2004_0412142/S06E12_45864_0.npy,
313233,412142,1503396,6,12,45888,0,1080,1920,355,137,707,489,123904,0.06,data/encodings/house_2004_0412142/S06E12_45888_0.npy,
313234,412142,1503396,6,12,45912,0,1080,1920,355,137,707,489,123904,0.06,data/encodings/house_2004_0412142/S06E12_45912_0.npy,
313235,412142,1503396,6,12,45936,0,1080,1920,852,314,1146,608,86436,0.042,data/encodings/house_2004_0412142/S06E12_45936_0.npy,
313236,412142,1503396,6,12,45960,0,1080,1920,486,210,993,717,257049,0.124,data/encodings/house_2004_0412142/S06E12_45960_0.npy,
313237,412142,1503396,6,12,45984,0,1080,1920,486,210,993,717,257049,0.124,data/encodings/house_2004_0412142/S06E12_45984_0.npy,
313238,412142,1503396,6,12,46008,0,1080,1920,407,195,700,489,86142,0.042,data/encodings/house_2004_0412142/S06E12_46008_0.npy,
313239,412142,1503396,6,12,46032,0,1080,1920,768,303,1191,726,178929,0.086,data/encodings/house_2004_0412142/S06E12_46032_0.npy,
313240,412142,1503396,6,12,46056,0,1080,1920,768,303,1191,726,178929,0.086,data/encodings/house_2004_0412142/S06E12_46056_0.npy,
313241,412142,1503396,6,12,46080,0,1080,1920,811,303,1234,726,178929,0.086,data/encodings/house_2004_0412142/S06E12_46080_0.npy,
313242,412142,1503396,6,12,46104,0,1080,1920,383,218,806,640,178506,0.086,data/encodings/house_2004_0412142/S06E12_46104_0.npy,
313243,412142,1503396,6,12,46128,0,1080,1920,383,218,806,640,178506,0.086,data/encodings/house_2004_0412142/S06E12_46128_0.npy,
313244,412142,1503396,6,12,46152,0,1080,1920,925,172,1277,525,124256,0.06,data/encodings/house_2004_0412142/S06E12_46152_0.npy,
313245,412142,1503396,6,12,46176,0,1080,1920,982,47,1405,469,178506,0.086,data/encodings/house_2004_0412142/S06E12_46176_0.npy,
313246,412142,1503396,6,12,46200,0,1080,1920,1239,132,1662,555,178929,0.086,data/encodings/house_2004_0412142/S06E12_46200_0.npy,
313247,412142,1503396,6,12,46224,0,1080,1920,794,262,1301,769,257049,0.124,data/encodings/house_2004_0412142/S06E12_46224_0.npy,
313248,412142,1503396,6,12,46248,0,1080,1920,1123,160,1731,769,370272,0.179,data/encodings/house_2004_0412142/S06E12_46248_0.npy,
313249,412142,1503396,6,12,46272,0,1080,1920,711,137,1063,489,123904,0.06,data/encodings/house_2004_0412142/S06E12_46272_0.npy,
313250,412142,1503396,6,12,46296,0,1080,1920,1029,156,1273,401,59780,0.029,data/encodings/house_2004_0412142/S06E12_46296_0.npy,
313251,412142,1503396,6,12,46320,0,1080,1920,496,244,700,447,41412,0.02,data/encodings/house_2004_0412142/S06E12_46320_0.npy,
313252,412142,1503396,6,12,46320,1,1080,1920,1445,512,1649,716,41616,0.02,data/encodings/house_2004_0412142/S06E12_46320_1.npy,
313253,412142,1503396,6,12,46344,0,1080,1920,1025,132,1448,555,178929,0.086,data/encodings/house_2004_0412142/S06E12_46344_0.npy,
313254,412142,1503396,6,12,46368,0,1080,1920,1032,30,1384,382,123904,0.06,data/encodings/house_2004_0412142/S06E12_46368_0.npy,
313255,412142,1503396,6,12,46392,0,1080,1920,1032,0,1384,346,121792,0.059,data/encodings/house_2004_0412142/S06E12_46392_0.npy,
313256,412142,1503396,6,12,46416,0,1080,1920,1196,132,1619,555,178929,0.086,data/encodings/house_2004_0412142/S06E12_46416_0.npy,
313257,412142,1503396,6,12,46440,0,1080,1920,1111,218,1533,640,178084,0.086,data/encodings/house_2004_0412142/S06E12_46440_0.npy,
313258,412142,1503396,6,12,46464,0,1080,1920,897,89,1319,512,178506,0.086,data/encodings/house_2004_0412142/S06E12_46464_0.npy,
313259,412142,1503396,6,12,46488,0,1080,1920,854,65,1206,418,124256,0.06,data/encodings/house_2004_0412142/S06E12_46488_0.npy,
313260,412142,1503396,6,12,46512,0,1080,1920,882,106,1176,400,86436,0.042,data/encodings/house_2004_0412142/S06E12_46512_0.npy,
313261,412142,1503396,6,12,46536,0,1080,1920,1679,63,1761,145,6724,0.003,data/encodings/house_2004_0412142/S06E12_46536_0.npy,
313262,412142,1503396,6,12,46536,1,1080,1920,1264,63,1346,145,6724,0.003,data/encodings/house_2004_0412142/S06E12_46536_1.npy,
313263,412142,1503396,6,12,46560,0,1080,1920,1264,63,1346,145,6724,0.003,data/encodings/house_2004_0412142/S06E12_46560_0.npy,
313264,412142,1503396,6,12,46584,0,1080,1920,1281,54,1362,136,6642,0.003,data/encodings/house_2004_0412142/S06E12_46584_0.npy,
313265,412142,1503396,6,12,46608,0,1080,1920,569,208,921,560,123904,0.06,data/encodings/house_2004_0412142/S06E12_46608_0.npy,
313266,412142,1503396,6,12,46632,0,1080,1920,644,285,938,578,86142,0.042,data/encodings/house_2004_0412142/S06E12_46632_0.npy,
313267,412142,1503396,6,12,46656,0,1080,1920,407,136,700,429,85849,0.041,data/encodings/house_2004_0412142/S06E12_46656_0.npy,
313268,412142,1503396,6,12,46680,0,1080,1920,583,107,828,351,59780,0.029,data/encodings/house_2004_0412142/S06E12_46680_0.npy,
313269,412142,1503396,6,12,46704,0,1080,1920,435,132,679,376,59536,0.029,data/encodings/house_2004_0412142/S06E12_46704_0.npy,
313270,412142,1503396,6,12,46728,0,1080,1920,604,244,956,596,123904,0.06,data/encodings/house_2004_0412142/S06E12_46728_0.npy,
313271,412142,1503396,6,12,46752,0,1080,1920,676,244,1028,596,123904,0.06,data/encodings/house_2004_0412142/S06E12_46752_0.npy,
313272,412142,1503396,6,12,46776,0,1080,1920,664,91,1394,821,532900,0.257,data/encodings/house_2004_0412142/S06E12_46776_0.npy,
313273,412142,1503396,6,12,46800,0,1080,1920,664,91,1394,821,532900,0.257,data/encodings/house_2004_0412142/S06E12_46800_0.npy,
313274,412142,1503396,6,12,46824,0,1080,1920,664,91,1394,821,532900,0.257,data/encodings/house_2004_0412142/S06E12_46824_0.npy,
313275,412142,1503396,6,12,46848,0,1080,1920,865,208,963,306,9604,0.005,data/encodings/house_2004_0412142/S06E12_46848_0.npy,
313276,412142,1503396,6,12,46896,0,1080,1920,1463,229,1545,311,6724,0.003,data/encodings/house_2004_0412142/S06E12_46896_0.npy,
313277,412142,1503396,6,12,46920,0,1080,1920,906,363,1024,481,13924,0.007,data/encodings/house_2004_0412142/S06E12_46920_0.npy,
313278,412142,1503396,6,12,46920,1,1080,1920,1463,295,1545,377,6724,0.003,data/encodings/house_2004_0412142/S06E12_46920_1.npy,
313279,412142,1503396,6,12,46944,0,1080,1920,1430,320,1512,402,6724,0.003,data/encodings/house_2004_0412142/S06E12_46944_0.npy,
313280,412142,1503396,6,12,46944,1,1080,1920,875,387,973,485,9604,0.005,data/encodings/house_2004_0412142/S06E12_46944_1.npy,
313281,412142,1503396,6,12,46968,0,1080,1920,875,417,973,515,9604,0.005,data/encodings/house_2004_0412142/S06E12_46968_0.npy,
313282,412142,1503396,6,12,46968,1,1080,1920,1422,336,1503,418,6642,0.003,data/encodings/house_2004_0412142/S06E12_46968_1.npy,
313283,412142,1503396,6,12,46992,0,1080,1920,1405,336,1487,418,6724,0.003,data/encodings/house_2004_0412142/S06E12_46992_0.npy,
313284,412142,1503396,6,12,46992,1,1080,1920,834,387,952,505,13924,0.007,data/encodings/house_2004_0412142/S06E12_46992_1.npy,
313285,412142,1503396,6,12,47016,0,1080,1920,835,407,934,505,9702,0.005,data/encodings/house_2004_0412142/S06E12_47016_0.npy,
313286,412142,1503396,6,12,47016,1,1080,1920,1405,345,1487,427,6724,0.003,data/encodings/house_2004_0412142/S06E12_47016_1.npy,
313287,412142,1503396,6,12,47040,0,1080,1920,1405,345,1487,427,6724,0.003,data/encodings/house_2004_0412142/S06E12_47040_0.npy,
313288,412142,1503396,6,12,47040,1,1080,1920,835,397,934,495,9702,0.005,data/encodings/house_2004_0412142/S06E12_47040_1.npy,
313289,412142,1503396,6,12,47064,0,1080,1920,555,136,849,429,86142,0.042,data/encodings/house_2004_0412142/S06E12_47064_0.npy,
313290,412142,1503396,6,12,47088,0,1080,1920,497,137,849,489,123904,0.06,data/encodings/house_2004_0412142/S06E12_47088_0.npy,
313291,412142,1503396,6,12,47112,0,1080,1920,640,172,992,525,124256,0.06,data/encodings/house_2004_0412142/S06E12_47112_0.npy,
313292,412142,1503396,6,12,47136,0,1080,1920,747,172,1099,525,124256,0.06,data/encodings/house_2004_0412142/S06E12_47136_0.npy,
313293,412142,1503396,6,12,47160,0,1080,1920,1463,353,1545,435,6724,0.003,data/encodings/house_2004_0412142/S06E12_47160_0.npy,
313294,412142,1503396,6,12,47160,1,1080,1920,822,411,940,529,13924,0.007,data/encodings/house_2004_0412142/S06E12_47160_1.npy,
313295,412142,1503396,6,12,47184,0,1080,1920,1471,345,1553,427,6724,0.003,data/encodings/house_2004_0412142/S06E12_47184_0.npy,
313296,412142,1503396,6,12,47184,1,1080,1920,802,412,944,554,20164,0.01,data/encodings/house_2004_0412142/S06E12_47184_1.npy,
313297,412142,1503396,6,12,47208,0,1080,1920,1471,345,1553,427,6724,0.003,data/encodings/house_2004_0412142/S06E12_47208_0.npy,
313298,412142,1503396,6,12,47208,1,1080,1920,822,399,940,517,13924,0.007,data/encodings/house_2004_0412142/S06E12_47208_1.npy,
313299,412142,1503396,6,12,47232,0,1080,1920,390,137,742,489,123904,0.06,data/encodings/house_2004_0412142/S06E12_47232_0.npy,
313300,412142,1503396,6,12,47256,0,1080,1920,390,137,742,489,123904,0.06,data/encodings/house_2004_0412142/S06E12_47256_0.npy,
313301,412142,1503396,6,12,47280,0,1080,1920,897,303,1319,726,178506,0.086,data/encodings/house_2004_0412142/S06E12_47280_0.npy,
313302,412142,1503396,6,12,47328,0,1080,1920,673,470,815,611,20022,0.01,data/encodings/house_2004_0412142/S06E12_47328_0.npy,
313303,412142,1503396,6,12,47328,1,1080,1920,1502,367,1600,465,9604,0.005,data/encodings/house_2004_0412142/S06E12_47328_1.npy,
313304,412142,1503396,6,12,47352,0,1080,1920,1502,367,1600,465,9604,0.005,data/encodings/house_2004_0412142/S06E12_47352_0.npy,
313305,412142,1503396,6,12,47352,1,1080,1920,688,455,829,597,20022,0.01,data/encodings/house_2004_0412142/S06E12_47352_1.npy,
313306,412142,1503396,6,12,47376,0,1080,1920,1522,357,1620,455,9604,0.005,data/encodings/house_2004_0412142/S06E12_47376_0.npy,
313307,412142,1503396,6,12,47376,1,1080,1920,716,405,886,575,28900,0.014,data/encodings/house_2004_0412142/S06E12_47376_1.npy,
313308,412142,1503396,6,12,47400,0,1080,1920,1522,357,1620,455,9604,0.005,data/encodings/house_2004_0412142/S06E12_47400_0.npy,
313309,412142,1503396,6,12,47400,1,1080,1920,774,411,892,529,13924,0.007,data/encodings/house_2004_0412142/S06E12_47400_1.npy,
313310,412142,1503396,6,12,47424,0,1080,1920,462,208,814,560,123904,0.06,data/encodings/house_2004_0412142/S06E12_47424_0.npy,
313311,412142,1503396,6,12,47448,0,1080,1920,497,208,849,560,123904,0.06,data/encodings/house_2004_0412142/S06E12_47448_0.npy,
313312,412142,1503396,6,12,47472,0,1080,1920,1032,172,1384,525,124256,0.06,data/encodings/house_2004_0412142/S06E12_47472_0.npy,
313313,412142,1503396,6,12,47496,0,1080,1920,1032,172,1384,525,124256,0.06,data/encodings/house_2004_0412142/S06E12_47496_0.npy,
313314,412142,1503396,6,12,47520,0,1080,1920,1068,208,1420,560,123904,0.06,data/encodings/house_2004_0412142/S06E12_47520_0.npy,
313315,412142,1503396,6,12,47544,0,1080,1920,1503,363,1621,481,13924,0.007,data/encodings/house_2004_0412142/S06E12_47544_0.npy,
313316,412142,1503396,6,12,47544,1,1080,1920,774,441,915,583,20022,0.01,data/encodings/house_2004_0412142/S06E12_47544_1.npy,
313317,412142,1503396,6,12,47568,0,1080,1920,298,132,720,555,178506,0.086,data/encodings/house_2004_0412142/S06E12_47568_0.npy,
313318,412142,1503396,6,12,47592,0,1080,1920,298,132,720,555,178506,0.086,data/encodings/house_2004_0412142/S06E12_47592_0.npy,
313319,412142,1503396,6,12,47616,0,1080,1920,104,99,308,303,41616,0.02,data/encodings/house_2004_0412142/S06E12_47616_0.npy,
313320,412142,1503396,6,12,47616,1,1080,1920,802,154,944,296,20164,0.01,data/encodings/house_2004_0412142/S06E12_47616_1.npy,
313321,412142,1503396,6,12,47616,2,1080,1920,1552,506,1650,604,9604,0.005,data/encodings/house_2004_0412142/S06E12_47616_2.npy,
313322,412142,1503396,6,12,47640,0,1080,1920,527,164,697,334,28900,0.014,data/encodings/house_2004_0412142/S06E12_47640_0.npy,
313323,412142,1503396,6,12,47640,1,1080,1920,1552,576,1650,674,9604,0.005,data/encodings/house_2004_0412142/S06E12_47640_1.npy,
313324,412142,1503396,6,12,47664,0,1080,1920,599,78,803,282,41616,0.02,data/encodings/house_2004_0412142/S06E12_47664_0.npy,
313325,412142,1503396,6,12,47664,1,1080,1920,1542,645,1640,744,9702,0.005,data/encodings/house_2004_0412142/S06E12_47664_1.npy,
313326,412142,1503396,6,12,47688,0,1080,1920,390,172,742,525,124256,0.06,data/encodings/house_2004_0412142/S06E12_47688_0.npy,
313327,412142,1503396,6,12,47712,0,1080,1920,537,120,741,324,41616,0.02,data/encodings/house_2004_0412142/S06E12_47712_0.npy,
313328,412142,1503396,6,12,47712,1,1080,1920,1582,675,1680,774,9702,0.005,data/encodings/house_2004_0412142/S06E12_47712_1.npy,
313329,412142,1503396,6,12,47712,2,1080,1920,166,319,336,489,28900,0.014,data/encodings/house_2004_0412142/S06E12_47712_2.npy,
313330,412142,1503396,6,12,47736,0,1080,1920,517,161,720,365,41412,0.02,data/encodings/house_2004_0412142/S06E12_47736_0.npy,
313331,412142,1503396,6,12,47736,1,1080,1920,1602,685,1700,784,9702,0.005,data/encodings/house_2004_0412142/S06E12_47736_1.npy,
313332,412142,1503396,6,12,47736,2,1080,1920,124,306,328,509,41412,0.02,data/encodings/house_2004_0412142/S06E12_47736_2.npy,
313333,412142,1503396,6,12,47760,0,1080,1920,1790,602,1908,720,13924,0.007,data/encodings/house_2004_0412142/S06E12_47760_0.npy,
313334,412142,1503396,6,12,47784,0,1080,1920,1421,250,1591,420,28900,0.014,data/encodings/house_2004_0412142/S06E12_47784_0.npy,
313335,412142,1503396,6,12,47808,0,1080,1920,344,111,485,253,20022,0.01,data/encodings/house_2004_0412142/S06E12_47808_0.npy,
313336,412142,1503396,6,12,47808,1,1080,1920,1232,181,1402,351,28900,0.014,data/encodings/house_2004_0412142/S06E12_47808_1.npy,
313337,412142,1503396,6,12,47832,0,1080,1920,358,111,500,253,20164,0.01,data/encodings/house_2004_0412142/S06E12_47832_0.npy,
313338,412142,1503396,6,12,47832,1,1080,1920,1146,212,1288,353,20022,0.01,data/encodings/house_2004_0412142/S06E12_47832_1.npy,
313339,412142,1503396,6,12,47856,0,1080,1920,358,97,500,239,20164,0.01,data/encodings/house_2004_0412142/S06E12_47856_0.npy,
313340,412142,1503396,6,12,47856,1,1080,1920,1132,212,1274,353,20022,0.01,data/encodings/house_2004_0412142/S06E12_47856_1.npy,
313341,412142,1503396,6,12,47880,0,1080,1920,344,97,485,239,20022,0.01,data/encodings/house_2004_0412142/S06E12_47880_0.npy,
313342,412142,1503396,6,12,47880,1,1080,1920,1161,212,1302,353,19881,0.01,data/encodings/house_2004_0412142/S06E12_47880_1.npy,
313343,412142,1503396,6,12,47904,0,1080,1920,1301,216,1471,385,28730,0.014,data/encodings/house_2004_0412142/S06E12_47904_0.npy,
313344,412142,1503396,6,12,47904,1,1080,1920,458,112,628,282,28900,0.014,data/encodings/house_2004_0412142/S06E12_47904_1.npy,
313345,412142,1503396,6,12,48096,0,1080,1920,747,208,1099,560,123904,0.06,data/encodings/house_2004_0412142/S06E12_48096_0.npy,
313346,412142,1503396,6,12,48120,0,1080,1920,999,56,1507,563,257556,0.124,data/encodings/house_2004_0412142/S06E12_48120_0.npy,
313347,412142,1503396,6,12,48144,0,1080,1920,999,56,1507,563,257556,0.124,data/encodings/house_2004_0412142/S06E12_48144_0.npy,
313348,412142,1503396,6,12,48168,0,1080,1920,897,108,1404,615,257049,0.124,data/encodings/house_2004_0412142/S06E12_48168_0.npy,
313349,412142,1503396,6,12,48192,0,1080,1920,897,108,1404,615,257049,0.124,data/encodings/house_2004_0412142/S06E12_48192_0.npy,
313350,412142,1503396,6,12,48216,0,1080,1920,711,208,1063,560,123904,0.06,data/encodings/house_2004_0412142/S06E12_48216_0.npy,
313351,412142,1503396,6,12,48240,0,1080,1920,763,285,1057,578,86142,0.042,data/encodings/house_2004_0412142/S06E12_48240_0.npy,
313352,412142,1503396,6,12,48264,0,1080,1920,711,137,1063,489,123904,0.06,data/encodings/house_2004_0412142/S06E12_48264_0.npy,
313353,412142,1503396,6,12,48288,0,1080,1920,876,99,1485,707,370272,0.179,data/encodings/house_2004_0412142/S06E12_48288_0.npy,
313354,412142,1503396,6,12,48312,0,1080,1920,897,108,1404,615,257049,0.124,data/encodings/house_2004_0412142/S06E12_48312_0.npy,
313355,412142,1503396,6,12,48336,0,1080,1920,734,225,1027,519,86142,0.042,data/encodings/house_2004_0412142/S06E12_48336_0.npy,
313356,412142,1503396,6,12,48360,0,1080,1920,676,172,1028,525,124256,0.06,data/encodings/house_2004_0412142/S06E12_48360_0.npy,
313357,412142,1503396,6,12,48384,0,1080,1920,569,208,921,560,123904,0.06,data/encodings/house_2004_0412142/S06E12_48384_0.npy,
313358,412142,1503396,6,12,48408,0,1080,1920,854,132,1277,555,178929,0.086,data/encodings/house_2004_0412142/S06E12_48408_0.npy,
313359,412142,1503396,6,12,48432,0,1080,1920,925,172,1277,525,124256,0.06,data/encodings/house_2004_0412142/S06E12_48432_0.npy,
313360,412142,1503396,6,12,48456,0,1080,1920,897,175,1319,598,178506,0.086,data/encodings/house_2004_0412142/S06E12_48456_0.npy,
313361,412142,1503396,6,12,48480,0,1080,1920,1001,166,1295,459,86142,0.042,data/encodings/house_2004_0412142/S06E12_48480_0.npy,
313362,412142,1503396,6,12,48504,0,1080,1920,1001,136,1295,429,86142,0.042,data/encodings/house_2004_0412142/S06E12_48504_0.npy,
313363,412142,1503396,6,12,48528,0,1080,1920,583,231,828,475,59780,0.029,data/encodings/house_2004_0412142/S06E12_48528_0.npy,
313364,412142,1503396,6,12,48552,0,1080,1920,854,218,1277,640,178506,0.086,data/encodings/house_2004_0412142/S06E12_48552_0.npy,
313365,412142,1503396,6,12,48600,0,1080,1920,682,267,852,437,28900,0.014,data/encodings/house_2004_0412142/S06E12_48600_0.npy,
313366,412142,1503396,6,12,48624,0,1080,1920,867,161,1071,365,41616,0.02,data/encodings/house_2004_0412142/S06E12_48624_0.npy,
313367,412142,1503396,6,12,48648,0,1080,1920,897,218,1319,640,178084,0.086,data/encodings/house_2004_0412142/S06E12_48648_0.npy,
313368,412142,1503396,6,12,48672,0,1080,1920,854,218,1277,640,178506,0.086,data/encodings/house_2004_0412142/S06E12_48672_0.npy,
313369,412142,1503396,6,12,48696,0,1080,1920,294,0,1024,673,491290,0.237,data/encodings/house_2004_0412142/S06E12_48696_0.npy,
313370,412142,1503396,6,12,48720,0,1080,1920,198,407,807,1015,370272,0.179,data/encodings/house_2004_0412142/S06E12_48720_0.npy,
313371,412142,1503396,6,12,48744,0,1080,1920,854,175,1277,598,178929,0.086,data/encodings/house_2004_0412142/S06E12_48744_0.npy,
313372,412142,1503396,6,12,48768,0,1080,1920,845,159,1353,666,257556,0.124,data/encodings/house_2004_0412142/S06E12_48768_0.npy,
313373,412142,1503396,6,12,48792,0,1080,1920,537,159,1044,666,257049,0.124,data/encodings/house_2004_0412142/S06E12_48792_0.npy,
313374,412142,1503396,6,12,48816,0,1080,1920,940,218,1362,640,178084,0.086,data/encodings/house_2004_0412142/S06E12_48816_0.npy,
313375,412142,1503396,6,12,48840,0,1080,1920,940,175,1362,598,178506,0.086,data/encodings/house_2004_0412142/S06E12_48840_0.npy,
313376,412142,1503396,6,12,48864,0,1080,1920,940,218,1362,640,178084,0.086,data/encodings/house_2004_0412142/S06E12_48864_0.npy,
313377,412142,1503396,6,12,48888,0,1080,1920,442,91,1172,821,532900,0.257,data/encodings/house_2004_0412142/S06E12_48888_0.npy,
313378,412142,1503396,6,12,48912,0,1080,1920,322,160,930,769,370272,0.179,data/encodings/house_2004_0412142/S06E12_48912_0.npy,
313379,412142,1503396,6,12,48936,0,1080,1920,260,222,868,830,369664,0.178,data/encodings/house_2004_0412142/S06E12_48936_0.npy,
313380,412142,1503396,6,12,48960,0,1080,1920,383,160,992,769,370881,0.179,data/encodings/house_2004_0412142/S06E12_48960_0.npy,
313381,412142,1503396,6,12,48984,0,1080,1920,982,261,1405,683,178506,0.086,data/encodings/house_2004_0412142/S06E12_48984_0.npy,
313382,412142,1503396,6,12,49008,0,1080,1920,948,210,1455,717,257049,0.124,data/encodings/house_2004_0412142/S06E12_49008_0.npy,
313383,412142,1503396,6,12,49032,0,1080,1920,854,175,1277,598,178929,0.086,data/encodings/house_2004_0412142/S06E12_49032_0.npy,
313384,412142,1503396,6,12,49056,0,1080,1920,854,132,1277,555,178929,0.086,data/encodings/house_2004_0412142/S06E12_49056_0.npy,
313385,412142,1503396,6,12,49248,0,1080,1920,929,298,986,355,3249,0.002,data/encodings/house_2004_0412142/S06E12_49248_0.npy,
313386,412142,1503396,6,12,49272,0,1080,1920,940,321,997,378,3249,0.002,data/encodings/house_2004_0412142/S06E12_49272_0.npy,
313387,412142,1503396,6,12,49296,0,1080,1920,935,327,992,384,3249,0.002,data/encodings/house_2004_0412142/S06E12_49296_0.npy,
313388,412142,1503396,6,12,49392,0,1080,1920,1239,140,1443,344,41616,0.02,data/encodings/house_2004_0412142/S06E12_49392_0.npy,
313389,412142,1503396,6,12,49392,1,1080,1920,434,326,638,530,41616,0.02,data/encodings/house_2004_0412142/S06E12_49392_1.npy,
313390,412142,1503396,6,12,49416,0,1080,1920,434,347,638,551,41616,0.02,data/encodings/house_2004_0412142/S06E12_49416_0.npy,
313391,412142,1503396,6,12,49440,0,1080,1920,413,347,617,551,41616,0.02,data/encodings/house_2004_0412142/S06E12_49440_0.npy,
313392,412142,1503396,6,12,49440,1,1080,1920,1239,140,1443,344,41616,0.02,data/encodings/house_2004_0412142/S06E12_49440_1.npy,
313393,412142,1503396,6,12,49464,0,1080,1920,413,367,617,571,41616,0.02,data/encodings/house_2004_0412142/S06E12_49464_0.npy,
313394,412142,1503396,6,12,49488,0,1080,1920,393,367,597,571,41616,0.02,data/encodings/house_2004_0412142/S06E12_49488_0.npy,
313395,412142,1503396,6,12,49512,0,1080,1920,1252,132,1496,376,59536,0.029,data/encodings/house_2004_0412142/S06E12_49512_0.npy,
313396,412142,1503396,6,12,49512,1,1080,1920,372,367,576,571,41616,0.02,data/encodings/house_2004_0412142/S06E12_49512_1.npy,
313397,412142,1503396,6,12,49536,0,1080,1920,1351,107,1595,351,59536,0.029,data/encodings/house_2004_0412142/S06E12_49536_0.npy,
313398,412142,1503396,6,12,49536,1,1080,1920,286,379,530,624,59780,0.029,data/encodings/house_2004_0412142/S06E12_49536_1.npy,
313399,412142,1503396,6,12,49560,0,1080,1920,1524,57,1769,302,60025,0.029,data/encodings/house_2004_0412142/S06E12_49560_0.npy,
313400,412142,1503396,6,12,49560,1,1080,1920,236,429,481,673,59780,0.029,data/encodings/house_2004_0412142/S06E12_49560_1.npy,
313401,412142,1503396,6,12,49584,0,1080,1920,1376,132,1620,376,59536,0.029,data/encodings/house_2004_0412142/S06E12_49584_0.npy,
313402,412142,1503396,6,12,49584,1,1080,1920,269,429,473,633,41616,0.02,data/encodings/house_2004_0412142/S06E12_49584_1.npy,
313403,412142,1503396,6,12,49608,0,1080,1920,1326,132,1571,376,59780,0.029,data/encodings/house_2004_0412142/S06E12_49608_0.npy,
313404,412142,1503396,6,12,49608,1,1080,1920,261,379,506,624,60025,0.029,data/encodings/house_2004_0412142/S06E12_49608_1.npy,
313405,412142,1503396,6,12,49632,0,1080,1920,1301,156,1546,401,60025,0.029,data/encodings/house_2004_0412142/S06E12_49632_0.npy,
313406,412142,1503396,6,12,49632,1,1080,1920,236,379,481,624,60025,0.029,data/encodings/house_2004_0412142/S06E12_49632_1.npy,
313407,412142,1503396,6,12,49656,0,1080,1920,1298,136,1592,429,86142,0.042,data/encodings/house_2004_0412142/S06E12_49656_0.npy,
313408,412142,1503396,6,12,49680,0,1080,1920,1376,156,1620,401,59780,0.029,data/encodings/house_2004_0412142/S06E12_49680_0.npy,
313409,412142,1503396,6,12,49776,0,1080,1920,534,107,778,351,59536,0.029,data/encodings/house_2004_0412142/S06E12_49776_0.npy,
313410,412142,1503396,6,12,50880,0,1080,1920,897,56,1404,563,257049,0.124,data/encodings/house_2004_0412142/S06E12_50880_0.npy,
313411,412142,1503396,6,12,50928,0,1080,1920,496,225,789,519,86142,0.042,data/encodings/house_2004_0412142/S06E12_50928_0.npy,
313412,412142,1503396,6,12,50952,0,1080,1920,496,225,789,519,86142,0.042,data/encodings/house_2004_0412142/S06E12_50952_0.npy,
313413,412142,1503396,6,12,50976,0,1080,1920,496,136,789,429,85849,0.041,data/encodings/house_2004_0412142/S06E12_50976_0.npy,
313414,412142,1503396,6,12,51000,0,1080,1920,496,136,789,429,85849,0.041,data/encodings/house_2004_0412142/S06E12_51000_0.npy,
313415,412142,1503396,6,12,51024,0,1080,1920,766,237,864,336,9702,0.005,data/encodings/house_2004_0412142/S06E12_51024_0.npy,
313416,412142,1503396,6,12,51024,1,1080,1920,894,215,962,283,4624,0.002,data/encodings/house_2004_0412142/S06E12_51024_1.npy,
313417,412142,1503396,6,12,51048,0,1080,1920,885,217,983,316,9702,0.005,data/encodings/house_2004_0412142/S06E12_51048_0.npy,
313418,412142,1503396,6,12,51048,1,1080,1920,1032,180,1100,248,4624,0.002,data/encodings/house_2004_0412142/S06E12_51048_1.npy,
313419,412142,1503396,6,12,51072,0,1080,1920,1157,242,1225,310,4624,0.002,data/encodings/house_2004_0412142/S06E12_51072_0.npy,
313420,412142,1503396,6,12,51096,0,1080,1920,1073,291,1191,409,13924,0.007,data/encodings/house_2004_0412142/S06E12_51096_0.npy,
313421,412142,1503396,6,12,51120,0,1080,1920,558,78,762,282,41616,0.02,data/encodings/house_2004_0412142/S06E12_51120_0.npy,
313422,412142,1503396,6,12,51168,0,1080,1920,1352,250,1522,420,28900,0.014,data/encodings/house_2004_0412142/S06E12_51168_0.npy,
313423,412142,1503396,6,12,51168,1,1080,1920,475,58,679,262,41616,0.02,data/encodings/house_2004_0412142/S06E12_51168_1.npy,
313424,412142,1503396,6,12,51192,0,1080,1920,1309,284,1377,352,4624,0.002,data/encodings/house_2004_0412142/S06E12_51192_0.npy,
313425,412142,1503396,6,12,51192,1,1080,1920,982,195,1064,277,6724,0.003,data/encodings/house_2004_0412142/S06E12_51192_1.npy,
313426,412142,1503396,6,12,51216,0,1080,1920,1073,220,1155,302,6724,0.003,data/encodings/house_2004_0412142/S06E12_51216_0.npy,
313427,412142,1503396,6,12,51240,0,1080,1920,1115,204,1197,286,6724,0.003,data/encodings/house_2004_0412142/S06E12_51240_0.npy,
313428,412142,1503396,6,12,51240,1,1080,1920,733,278,815,360,6724,0.003,data/encodings/house_2004_0412142/S06E12_51240_1.npy,
313429,412142,1503396,6,12,51264,0,1080,1920,496,255,789,548,85849,0.041,data/encodings/house_2004_0412142/S06E12_51264_0.npy,
313430,412142,1503396,6,12,51288,0,1080,1920,496,225,789,519,86142,0.042,data/encodings/house_2004_0412142/S06E12_51288_0.npy,
313431,412142,1503396,6,12,51312,0,1080,1920,496,225,789,519,86142,0.042,data/encodings/house_2004_0412142/S06E12_51312_0.npy,
313432,412142,1503396,6,12,51336,0,1080,1920,1438,302,1608,471,28730,0.014,data/encodings/house_2004_0412142/S06E12_51336_0.npy,
313433,412142,1503396,6,12,51336,1,1080,1920,435,255,679,500,59780,0.029,data/encodings/house_2004_0412142/S06E12_51336_1.npy,
313434,412142,1503396,6,12,51360,0,1080,1920,1363,285,1567,489,41616,0.02,data/encodings/house_2004_0412142/S06E12_51360_0.npy,
313435,412142,1503396,6,12,51360,1,1080,1920,385,255,630,500,60025,0.029,data/encodings/house_2004_0412142/S06E12_51360_1.npy,
313436,412142,1503396,6,12,51384,0,1080,1920,1363,306,1567,509,41412,0.02,data/encodings/house_2004_0412142/S06E12_51384_0.npy,
313437,412142,1503396,6,12,51408,0,1080,1920,1352,319,1522,489,28900,0.014,data/encodings/house_2004_0412142/S06E12_51408_0.npy,
313438,412142,1503396,6,12,51432,0,1080,1920,1301,285,1505,489,41616,0.02,data/encodings/house_2004_0412142/S06E12_51432_0.npy,
313439,412142,1503396,6,12,51456,0,1080,1920,1177,264,1381,468,41616,0.02,data/encodings/house_2004_0412142/S06E12_51456_0.npy,
313440,412142,1503396,6,12,51480,0,1080,1920,867,182,1071,385,41412,0.02,data/encodings/house_2004_0412142/S06E12_51480_0.npy,
313441,412142,1503396,6,12,51504,0,1080,1920,410,132,654,376,59536,0.029,data/encodings/house_2004_0412142/S06E12_51504_0.npy,
313442,412142,1503396,6,12,51528,0,1080,1920,413,182,617,385,41412,0.02,data/encodings/house_2004_0412142/S06E12_51528_0.npy,
313443,412142,1503396,6,12,51552,0,1080,1920,509,57,753,302,59780,0.029,data/encodings/house_2004_0412142/S06E12_51552_0.npy,
313444,412142,1503396,6,12,51576,0,1080,1920,290,244,493,447,41209,0.02,data/encodings/house_2004_0412142/S06E12_51576_0.npy,
313445,412142,1503396,6,12,51600,0,1080,1920,555,136,849,429,86142,0.042,data/encodings/house_2004_0412142/S06E12_51600_0.npy,
313446,412142,1503396,6,12,51624,0,1080,1920,526,285,819,578,85849,0.041,data/encodings/house_2004_0412142/S06E12_51624_0.npy,
313447,412142,1503396,6,12,51648,0,1080,1920,1177,223,1381,427,41616,0.02,data/encodings/house_2004_0412142/S06E12_51648_0.npy,
313448,412142,1503396,6,12,51672,0,1080,1920,1103,206,1348,450,59780,0.029,data/encodings/house_2004_0412142/S06E12_51672_0.npy,
313449,412142,1503396,6,12,51696,0,1080,1920,1128,181,1373,426,60025,0.029,data/encodings/house_2004_0412142/S06E12_51696_0.npy,
313450,412142,1503396,6,12,51720,0,1080,1920,555,285,849,578,86142,0.042,data/encodings/house_2004_0412142/S06E12_51720_0.npy,
313451,412142,1503396,6,12,51744,0,1080,1920,585,285,878,578,85849,0.041,data/encodings/house_2004_0412142/S06E12_51744_0.npy,
313452,412142,1503396,6,12,51768,0,1080,1920,979,231,1224,475,59780,0.029,data/encodings/house_2004_0412142/S06E12_51768_0.npy,
313453,412142,1503396,6,12,51792,0,1080,1920,979,231,1224,475,59780,0.029,data/encodings/house_2004_0412142/S06E12_51792_0.npy,
313454,412142,1503396,6,12,51816,0,1080,1920,526,255,819,548,85849,0.041,data/encodings/house_2004_0412142/S06E12_51816_0.npy,
313455,412142,1503396,6,12,51840,0,1080,1920,496,285,789,578,85849,0.041,data/encodings/house_2004_0412142/S06E12_51840_0.npy,
313456,412142,1503396,6,12,51864,0,1080,1920,466,77,760,370,86142,0.042,data/encodings/house_2004_0412142/S06E12_51864_0.npy,
313457,412142,1503396,6,12,51888,0,1080,1920,1053,161,1257,365,41616,0.02,data/encodings/house_2004_0412142/S06E12_51888_0.npy,
313458,412142,1503396,6,12,51912,0,1080,1920,867,202,1071,406,41616,0.02,data/encodings/house_2004_0412142/S06E12_51912_0.npy,
313459,412142,1503396,6,12,51936,0,1080,1920,647,198,817,368,28900,0.014,data/encodings/house_2004_0412142/S06E12_51936_0.npy,
313460,412142,1503396,6,12,51960,0,1080,1920,393,223,597,427,41616,0.02,data/encodings/house_2004_0412142/S06E12_51960_0.npy,
313461,412142,1503396,6,12,51984,0,1080,1920,186,244,390,447,41412,0.02,data/encodings/house_2004_0412142/S06E12_51984_0.npy,
313462,412142,1503396,6,12,52008,0,1080,1920,104,264,308,468,41616,0.02,data/encodings/house_2004_0412142/S06E12_52008_0.npy,
313463,412142,1503396,6,12,52032,0,1080,1920,497,208,849,560,123904,0.06,data/encodings/house_2004_0412142/S06E12_52032_0.npy,
313464,412142,1503396,6,12,52056,0,1080,1920,497,208,849,560,123904,0.06,data/encodings/house_2004_0412142/S06E12_52056_0.npy,
313465,412142,1503396,6,12,52080,0,1080,1920,854,261,1277,683,178506,0.086,data/encodings/house_2004_0412142/S06E12_52080_0.npy,
313466,412142,1503396,6,12,52104,0,1080,1920,897,303,1319,726,178506,0.086,data/encodings/house_2004_0412142/S06E12_52104_0.npy,
313467,412142,1503396,6,12,52128,0,1080,1920,1205,56,1712,563,257049,0.124,data/encodings/house_2004_0412142/S06E12_52128_0.npy,
313468,412142,1503396,6,12,52176,0,1080,1920,589,56,1096,563,257049,0.124,data/encodings/house_2004_0412142/S06E12_52176_0.npy,
313469,412142,1503396,6,12,52248,0,1080,1920,783,279,1135,632,124256,0.06,data/encodings/house_2004_0412142/S06E12_52248_0.npy,
313470,412142,1503396,6,12,52272,0,1080,1920,768,261,1191,683,178506,0.086,data/encodings/house_2004_0412142/S06E12_52272_0.npy,
313471,412142,1503396,6,12,52296,0,1080,1920,818,279,1170,632,124256,0.06,data/encodings/house_2004_0412142/S06E12_52296_0.npy,
313472,412142,1503396,6,12,52320,0,1080,1920,768,261,1191,683,178506,0.086,data/encodings/house_2004_0412142/S06E12_52320_0.npy,
313473,412142,1503396,6,12,52344,0,1080,1920,997,208,1349,560,123904,0.06,data/encodings/house_2004_0412142/S06E12_52344_0.npy,
313474,412142,1503396,6,12,52392,0,1080,1920,0,108,428,615,216996,0.105,data/encodings/house_2004_0412142/S06E12_52392_0.npy,
313475,412142,1503396,6,12,52440,0,1080,1920,537,108,1044,615,257049,0.124,data/encodings/house_2004_0412142/S06E12_52440_0.npy,
313476,412142,1503396,6,12,52488,0,1080,1920,497,279,849,632,124256,0.06,data/encodings/house_2004_0412142/S06E12_52488_0.npy,
313477,412142,1503396,6,12,52512,0,1080,1920,533,315,885,667,123904,0.06,data/encodings/house_2004_0412142/S06E12_52512_0.npy,
313478,412142,1503396,6,12,52536,0,1080,1920,497,279,849,632,124256,0.06,data/encodings/house_2004_0412142/S06E12_52536_0.npy,
313479,412142,1503396,6,12,52560,0,1080,1920,426,101,778,453,123904,0.06,data/encodings/house_2004_0412142/S06E12_52560_0.npy,
313480,412142,1503396,6,12,52608,0,1080,1920,1031,136,1324,429,85849,0.041,data/encodings/house_2004_0412142/S06E12_52608_0.npy,
313481,412142,1503396,6,12,52632,0,1080,1920,615,166,908,459,85849,0.041,data/encodings/house_2004_0412142/S06E12_52632_0.npy,
313482,412142,1503396,6,12,52656,0,1080,1920,604,137,956,489,123904,0.06,data/encodings/house_2004_0412142/S06E12_52656_0.npy,
313483,412142,1503396,6,12,52680,0,1080,1920,569,208,921,560,123904,0.06,data/encodings/house_2004_0412142/S06E12_52680_0.npy,
313484,412142,1503396,6,12,52704,0,1080,1920,615,195,908,489,86142,0.042,data/encodings/house_2004_0412142/S06E12_52704_0.npy,
313485,412142,1503396,6,12,52728,0,1080,1920,711,244,1063,596,123904,0.06,data/encodings/house_2004_0412142/S06E12_52728_0.npy,
313486,412142,1503396,6,12,52776,0,1080,1920,383,99,992,707,370272,0.179,data/encodings/house_2004_0412142/S06E12_52776_0.npy,
313487,412142,1503396,6,12,52800,0,1080,1920,383,99,992,707,370272,0.179,data/encodings/house_2004_0412142/S06E12_52800_0.npy,
313488,412142,1503396,6,12,52896,0,1080,1920,977,231,1095,349,13924,0.007,data/encodings/house_2004_0412142/S06E12_52896_0.npy,
313489,412142,1503396,6,12,52920,0,1080,1920,977,219,1095,337,13924,0.007,data/encodings/house_2004_0412142/S06E12_52920_0.npy,
313490,412142,1503396,6,12,52944,0,1080,1920,1001,231,1119,349,13924,0.007,data/encodings/house_2004_0412142/S06E12_52944_0.npy,
313491,412142,1503396,6,12,52992,0,1080,1920,0,137,350,489,123200,0.059,data/encodings/house_2004_0412142/S06E12_52992_0.npy,
313492,412142,1503396,6,12,53016,0,1080,1920,466,136,760,429,86142,0.042,data/encodings/house_2004_0412142/S06E12_53016_0.npy,
313493,412142,1503396,6,12,53040,0,1080,1920,141,65,493,418,124256,0.06,data/encodings/house_2004_0412142/S06E12_53040_0.npy,
313494,412142,1503396,6,12,53064,0,1080,1920,890,101,1242,453,123904,0.06,data/encodings/house_2004_0412142/S06E12_53064_0.npy,
313495,412142,1503396,6,12,53088,0,1080,1920,390,101,742,453,123904,0.06,data/encodings/house_2004_0412142/S06E12_53088_0.npy,
313496,412142,1503396,6,12,53112,0,1080,1920,462,101,814,453,123904,0.06,data/encodings/house_2004_0412142/S06E12_53112_0.npy,
313497,412142,1503396,6,12,53136,0,1080,1920,569,137,921,489,123904,0.06,data/encodings/house_2004_0412142/S06E12_53136_0.npy,
313498,412142,1503396,6,12,53160,0,1080,1920,462,101,814,453,123904,0.06,data/encodings/house_2004_0412142/S06E12_53160_0.npy,
313499,412142,1503396,6,12,53184,0,1080,1920,533,101,885,453,123904,0.06,data/encodings/house_2004_0412142/S06E12_53184_0.npy,
313500,412142,1503396,6,12,53208,0,1080,1920,818,172,1170,525,124256,0.06,data/encodings/house_2004_0412142/S06E12_53208_0.npy,
313501,412142,1503396,6,12,53232,0,1080,1920,818,137,1170,489,123904,0.06,data/encodings/house_2004_0412142/S06E12_53232_0.npy,
313502,412142,1503396,6,12,53256,0,1080,1920,533,208,885,560,123904,0.06,data/encodings/house_2004_0412142/S06E12_53256_0.npy,
313503,412142,1503396,6,12,53280,0,1080,1920,497,172,849,525,124256,0.06,data/encodings/house_2004_0412142/S06E12_53280_0.npy,
313504,412142,1503396,6,12,53304,0,1080,1920,390,137,742,489,123904,0.06,data/encodings/house_2004_0412142/S06E12_53304_0.npy,
313505,412142,1503396,6,12,53328,0,1080,1920,390,137,742,489,123904,0.06,data/encodings/house_2004_0412142/S06E12_53328_0.npy,
313506,412142,1503396,6,12,53376,0,1080,1920,383,132,806,555,178929,0.086,data/encodings/house_2004_0412142/S06E12_53376_0.npy,
313507,412142,1503396,6,12,53400,0,1080,1920,390,137,742,489,123904,0.06,data/encodings/house_2004_0412142/S06E12_53400_0.npy,
313508,412142,1503396,6,12,53424,0,1080,1920,783,101,1135,453,123904,0.06,data/encodings/house_2004_0412142/S06E12_53424_0.npy,
313509,412142,1503396,6,12,53448,0,1080,1920,783,137,1135,489,123904,0.06,data/encodings/house_2004_0412142/S06E12_53448_0.npy,
313510,412142,1503396,6,12,53472,0,1080,1920,818,101,1170,453,123904,0.06,data/encodings/house_2004_0412142/S06E12_53472_0.npy,
313511,412142,1503396,6,12,53496,0,1080,1920,383,132,806,555,178929,0.086,data/encodings/house_2004_0412142/S06E12_53496_0.npy,
313512,412142,1503396,6,12,53520,0,1080,1920,426,132,849,555,178929,0.086,data/encodings/house_2004_0412142/S06E12_53520_0.npy,
313513,412142,1503396,6,12,53544,0,1080,1920,332,56,839,563,257049,0.124,data/encodings/house_2004_0412142/S06E12_53544_0.npy,
313514,412142,1503396,6,12,53568,0,1080,1920,383,56,890,563,257049,0.124,data/encodings/house_2004_0412142/S06E12_53568_0.npy,
313515,412142,1503396,6,12,53592,0,1080,1920,426,89,849,512,178929,0.086,data/encodings/house_2004_0412142/S06E12_53592_0.npy,
313516,412142,1503396,6,12,53616,0,1080,1920,890,137,1242,489,123904,0.06,data/encodings/house_2004_0412142/S06E12_53616_0.npy,
313517,412142,1503396,6,12,53640,0,1080,1920,961,172,1313,525,124256,0.06,data/encodings/house_2004_0412142/S06E12_53640_0.npy,
313518,412142,1503396,6,12,53664,0,1080,1920,961,208,1313,560,123904,0.06,data/encodings/house_2004_0412142/S06E12_53664_0.npy,
313519,412142,1503396,6,12,53688,0,1080,1920,961,208,1313,560,123904,0.06,data/encodings/house_2004_0412142/S06E12_53688_0.npy,
313520,412142,1503396,6,12,53712,0,1080,1920,897,218,1319,640,178084,0.086,data/encodings/house_2004_0412142/S06E12_53712_0.npy,
313521,412142,1503396,6,12,53736,0,1080,1920,961,208,1313,560,123904,0.06,data/encodings/house_2004_0412142/S06E12_53736_0.npy,
313522,412142,1503396,6,12,53760,0,1080,1920,925,208,1277,560,123904,0.06,data/encodings/house_2004_0412142/S06E12_53760_0.npy,
313523,412142,1503396,6,12,53784,0,1080,1920,854,172,1206,525,124256,0.06,data/encodings/house_2004_0412142/S06E12_53784_0.npy,
313524,412142,1503396,6,12,53808,0,1080,1920,469,132,891,555,178506,0.086,data/encodings/house_2004_0412142/S06E12_53808_0.npy,
313525,412142,1503396,6,12,53832,0,1080,1920,683,175,1105,598,178506,0.086,data/encodings/house_2004_0412142/S06E12_53832_0.npy,
313526,412142,1503396,6,12,53856,0,1080,1920,554,132,977,555,178929,0.086,data/encodings/house_2004_0412142/S06E12_53856_0.npy,
313527,412142,1503396,6,12,53880,0,1080,1920,554,132,977,555,178929,0.086,data/encodings/house_2004_0412142/S06E12_53880_0.npy,
313528,412142,1503396,6,12,53904,0,1080,1920,961,208,1313,560,123904,0.06,data/encodings/house_2004_0412142/S06E12_53904_0.npy,
313529,412142,1503396,6,12,53928,0,1080,1920,961,208,1313,560,123904,0.06,data/encodings/house_2004_0412142/S06E12_53928_0.npy,
313530,412142,1503396,6,12,53952,0,1080,1920,589,159,1096,666,257049,0.124,data/encodings/house_2004_0412142/S06E12_53952_0.npy,
313531,412142,1503396,6,12,53976,0,1080,1920,554,218,977,640,178506,0.086,data/encodings/house_2004_0412142/S06E12_53976_0.npy,
313532,412142,1503396,6,12,54000,0,1080,1920,435,108,942,615,257049,0.124,data/encodings/house_2004_0412142/S06E12_54000_0.npy,
313533,412142,1503396,6,12,54024,0,1080,1920,332,108,839,615,257049,0.124,data/encodings/house_2004_0412142/S06E12_54024_0.npy,
313534,412142,1503396,6,12,54048,0,1080,1920,1139,208,1491,560,123904,0.06,data/encodings/house_2004_0412142/S06E12_54048_0.npy,
313535,412142,1503396,6,12,54072,0,1080,1920,1139,208,1491,560,123904,0.06,data/encodings/house_2004_0412142/S06E12_54072_0.npy,
313536,412142,1503396,6,12,54096,0,1080,1920,1111,175,1533,598,178506,0.086,data/encodings/house_2004_0412142/S06E12_54096_0.npy,
313537,412142,1503396,6,12,54120,0,1080,1920,469,175,891,598,178506,0.086,data/encodings/house_2004_0412142/S06E12_54120_0.npy,
313538,412142,1503396,6,12,54144,0,1080,1920,469,175,891,598,178506,0.086,data/encodings/house_2004_0412142/S06E12_54144_0.npy,
313539,412142,1503396,6,12,54168,0,1080,1920,597,261,1020,683,178506,0.086,data/encodings/house_2004_0412142/S06E12_54168_0.npy,
313540,412142,1503396,6,12,54192,0,1080,1920,554,218,977,640,178506,0.086,data/encodings/house_2004_0412142/S06E12_54192_0.npy,
313541,412142,1503396,6,12,54216,0,1080,1920,126,218,549,640,178506,0.086,data/encodings/house_2004_0412142/S06E12_54216_0.npy,
313542,412142,1503396,6,12,54240,0,1080,1920,997,172,1349,525,124256,0.06,data/encodings/house_2004_0412142/S06E12_54240_0.npy,
313543,412142,1503396,6,12,54264,0,1080,1920,1068,172,1420,525,124256,0.06,data/encodings/house_2004_0412142/S06E12_54264_0.npy,
313544,412142,1503396,6,12,54288,0,1080,1920,1025,89,1448,512,178929,0.086,data/encodings/house_2004_0412142/S06E12_54288_0.npy,
313545,412142,1503396,6,12,54312,0,1080,1920,854,132,1277,555,178929,0.086,data/encodings/house_2004_0412142/S06E12_54312_0.npy,
313546,412142,1503396,6,12,54408,0,1080,1920,1061,196,1179,314,13924,0.007,data/encodings/house_2004_0412142/S06E12_54408_0.npy,
313547,412142,1503396,6,12,54432,0,1080,1920,1049,184,1167,302,13924,0.007,data/encodings/house_2004_0412142/S06E12_54432_0.npy,
313548,412142,1503396,6,12,54432,1,1080,1920,344,208,462,325,13806,0.007,data/encodings/house_2004_0412142/S06E12_54432_1.npy,
313549,412142,1503396,6,12,54456,0,1080,1920,1017,226,1159,368,20164,0.01,data/encodings/house_2004_0412142/S06E12_54456_0.npy,
313550,412142,1503396,6,12,54456,1,1080,1920,358,197,500,339,20164,0.01,data/encodings/house_2004_0412142/S06E12_54456_1.npy,
313551,412142,1503396,6,12,54480,0,1080,1920,372,78,542,248,28900,0.014,data/encodings/house_2004_0412142/S06E12_54480_0.npy,
313552,412142,1503396,6,12,54480,1,1080,1920,860,226,1001,368,20022,0.01,data/encodings/house_2004_0412142/S06E12_54480_1.npy,
313553,412142,1503396,6,12,54504,0,1080,1920,991,130,1161,299,28730,0.014,data/encodings/house_2004_0412142/S06E12_54504_0.npy,
313554,412142,1503396,6,12,54528,0,1080,1920,509,8,753,252,59536,0.029,data/encodings/house_2004_0412142/S06E12_54528_0.npy,
313555,412142,1503396,6,12,54576,0,1080,1920,1057,303,1138,385,6642,0.003,data/encodings/house_2004_0412142/S06E12_54576_0.npy,
313556,412142,1503396,6,12,54576,1,1080,1920,476,475,524,522,2256,0.001,data/encodings/house_2004_0412142/S06E12_54576_1.npy,
313557,412142,1503396,6,12,54576,2,1080,1920,707,627,952,872,60025,0.029,data/encodings/house_2004_0412142/S06E12_54576_2.npy,
313558,412142,1503396,6,12,54600,0,1080,1920,1094,291,1163,359,4692,0.002,data/encodings/house_2004_0412142/S06E12_54600_0.npy,
313559,412142,1503396,6,12,54600,1,1080,1920,704,493,997,786,85849,0.041,data/encodings/house_2004_0412142/S06E12_54600_1.npy,
313560,412142,1503396,6,12,54600,2,1080,1920,497,494,554,551,3249,0.002,data/encodings/house_2004_0412142/S06E12_54600_2.npy,
313561,412142,1503396,6,12,54624,0,1080,1920,1128,181,1373,426,60025,0.029,data/encodings/house_2004_0412142/S06E12_54624_0.npy,
313562,412142,1503396,6,12,54648,0,1080,1920,1074,304,1142,373,4692,0.002,data/encodings/house_2004_0412142/S06E12_54648_0.npy,
313563,412142,1503396,6,12,54672,0,1080,1920,1101,304,1170,373,4761,0.002,data/encodings/house_2004_0412142/S06E12_54672_0.npy,
313564,412142,1503396,6,12,54672,1,1080,1920,1421,481,1460,521,1560,0.001,data/encodings/house_2004_0412142/S06E12_54672_1.npy,
313565,412142,1503396,6,12,54696,0,1080,1920,587,269,729,411,20164,0.01,data/encodings/house_2004_0412142/S06E12_54696_0.npy,
313566,412142,1503396,6,12,54720,0,1080,1920,630,240,772,382,20164,0.01,data/encodings/house_2004_0412142/S06E12_54720_0.npy,
313567,412142,1503396,6,12,54744,0,1080,1920,702,197,844,339,20164,0.01,data/encodings/house_2004_0412142/S06E12_54744_0.npy,
313568,412142,1503396,6,12,54768,0,1080,1920,1004,132,1249,376,59780,0.029,data/encodings/house_2004_0412142/S06E12_54768_0.npy,
313569,412142,1503396,6,12,54792,0,1080,1920,1029,156,1273,401,59780,0.029,data/encodings/house_2004_0412142/S06E12_54792_0.npy,
313570,412142,1503396,6,12,54816,0,1080,1920,673,212,815,353,20022,0.01,data/encodings/house_2004_0412142/S06E12_54816_0.npy,
313571,412142,1503396,6,12,54840,0,1080,1920,1178,107,1422,351,59536,0.029,data/encodings/house_2004_0412142/S06E12_54840_0.npy,
313572,412142,1503396,6,12,54864,0,1080,1920,1054,156,1298,401,59780,0.029,data/encodings/house_2004_0412142/S06E12_54864_0.npy,
313573,412142,1503396,6,12,54888,0,1080,1920,1054,181,1298,426,59780,0.029,data/encodings/house_2004_0412142/S06E12_54888_0.npy,
313574,412142,1503396,6,12,54960,0,1080,1920,141,30,493,382,123904,0.06,data/encodings/house_2004_0412142/S06E12_54960_0.npy,
313575,412142,1503396,6,12,54984,0,1080,1920,1122,277,1190,345,4624,0.002,data/encodings/house_2004_0412142/S06E12_54984_0.npy,
313576,412142,1503396,6,12,55008,0,1080,1920,355,137,707,489,123904,0.06,data/encodings/house_2004_0412142/S06E12_55008_0.npy,
313577,412142,1503396,6,12,55008,1,1080,1920,1209,463,1503,756,86142,0.042,data/encodings/house_2004_0412142/S06E12_55008_1.npy,
313578,412142,1503396,6,12,55032,0,1080,1920,1153,156,1397,401,59780,0.029,data/encodings/house_2004_0412142/S06E12_55032_0.npy,
313579,412142,1503396,6,12,55056,0,1080,1920,1103,132,1348,376,59780,0.029,data/encodings/house_2004_0412142/S06E12_55056_0.npy,
313580,412142,1503396,6,12,55080,0,1080,1920,1103,156,1348,401,60025,0.029,data/encodings/house_2004_0412142/S06E12_55080_0.npy,
313581,412142,1503396,6,12,55104,0,1080,1920,1153,156,1397,401,59780,0.029,data/encodings/house_2004_0412142/S06E12_55104_0.npy,
313582,412142,1503396,6,12,55128,0,1080,1920,1128,355,1373,599,59780,0.029,data/encodings/house_2004_0412142/S06E12_55128_0.npy,
313583,412142,1503396,6,12,55128,1,1080,1920,569,208,921,560,123904,0.06,data/encodings/house_2004_0412142/S06E12_55128_1.npy,
313584,412142,1503396,6,12,55152,0,1080,1920,569,208,921,560,123904,0.06,data/encodings/house_2004_0412142/S06E12_55152_0.npy,
313585,412142,1503396,6,12,55152,1,1080,1920,1156,367,1360,571,41616,0.02,data/encodings/house_2004_0412142/S06E12_55152_1.npy,
313586,412142,1503396,6,12,55176,0,1080,1920,734,225,1027,519,86142,0.042,data/encodings/house_2004_0412142/S06E12_55176_0.npy,
313587,412142,1503396,6,12,55176,1,1080,1920,1177,326,1381,530,41616,0.02,data/encodings/house_2004_0412142/S06E12_55176_1.npy,
313588,412142,1503396,6,12,55200,0,1080,1920,948,159,1455,666,257049,0.124,data/encodings/house_2004_0412142/S06E12_55200_0.npy,
313589,412142,1503396,6,12,55224,0,1080,1920,982,175,1405,598,178929,0.086,data/encodings/house_2004_0412142/S06E12_55224_0.npy,
313590,412142,1503396,6,12,55248,0,1080,1920,533,208,885,560,123904,0.06,data/encodings/house_2004_0412142/S06E12_55248_0.npy,
313591,412142,1503396,6,12,55248,1,1080,1920,1120,285,1413,578,85849,0.041,data/encodings/house_2004_0412142/S06E12_55248_1.npy,
313592,412142,1503396,6,12,55272,0,1080,1920,1104,172,1456,525,124256,0.06,data/encodings/house_2004_0412142/S06E12_55272_0.npy,
313593,412142,1503396,6,12,55296,0,1080,1920,1178,206,1422,450,59536,0.029,data/encodings/house_2004_0412142/S06E12_55296_0.npy,
313594,412142,1503396,6,12,55320,0,1080,1920,1153,206,1397,450,59536,0.029,data/encodings/house_2004_0412142/S06E12_55320_0.npy,
313595,412142,1503396,6,12,55344,0,1080,1920,555,195,849,489,86436,0.042,data/encodings/house_2004_0412142/S06E12_55344_0.npy,
313596,412142,1503396,6,12,55344,1,1080,1920,1156,306,1360,509,41412,0.02,data/encodings/house_2004_0412142/S06E12_55344_1.npy,
313597,412142,1503396,6,12,55368,0,1080,1920,604,208,956,560,123904,0.06,data/encodings/house_2004_0412142/S06E12_55368_0.npy,
313598,412142,1503396,6,12,55368,1,1080,1920,1136,306,1340,509,41412,0.02,data/encodings/house_2004_0412142/S06E12_55368_1.npy,
313599,412142,1503396,6,12,55392,0,1080,1920,533,172,885,525,124256,0.06,data/encodings/house_2004_0412142/S06E12_55392_0.npy,
313600,412142,1503396,6,12,55392,1,1080,1920,1103,280,1348,525,60025,0.029,data/encodings/house_2004_0412142/S06E12_55392_1.npy,
313601,412142,1503396,6,12,55416,0,1080,1920,526,166,819,459,85849,0.041,data/encodings/house_2004_0412142/S06E12_55416_0.npy,
313602,412142,1503396,6,12,55416,1,1080,1920,1078,280,1323,525,60025,0.029,data/encodings/house_2004_0412142/S06E12_55416_1.npy,
313603,412142,1503396,6,12,55440,0,1080,1920,897,175,1319,598,178506,0.086,data/encodings/house_2004_0412142/S06E12_55440_0.npy,
313604,412142,1503396,6,12,55464,0,1080,1920,897,159,1404,666,257049,0.124,data/encodings/house_2004_0412142/S06E12_55464_0.npy,
313605,412142,1503396,6,12,55488,0,1080,1920,897,159,1404,666,257049,0.124,data/encodings/house_2004_0412142/S06E12_55488_0.npy,
313606,412142,1503396,6,12,55512,0,1080,1920,555,136,849,429,86142,0.042,data/encodings/house_2004_0412142/S06E12_55512_0.npy,
313607,412142,1503396,6,12,55512,1,1080,1920,1103,305,1348,550,60025,0.029,data/encodings/house_2004_0412142/S06E12_55512_1.npy,
313608,412142,1503396,6,12,55536,0,1080,1920,497,172,849,525,124256,0.06,data/encodings/house_2004_0412142/S06E12_55536_0.npy,
313609,412142,1503396,6,12,55536,1,1080,1920,1103,305,1348,550,60025,0.029,data/encodings/house_2004_0412142/S06E12_55536_1.npy,
313610,412142,1503396,6,12,55560,0,1080,1920,1115,326,1319,530,41616,0.02,data/encodings/house_2004_0412142/S06E12_55560_0.npy,
313611,412142,1503396,6,12,55560,1,1080,1920,426,65,778,418,124256,0.06,data/encodings/house_2004_0412142/S06E12_55560_1.npy,
313612,412142,1503396,6,12,55584,0,1080,1920,533,208,885,560,123904,0.06,data/encodings/house_2004_0412142/S06E12_55584_0.npy,
313613,412142,1503396,6,12,55584,1,1080,1920,1078,305,1323,550,60025,0.029,data/encodings/house_2004_0412142/S06E12_55584_1.npy,
313614,412142,1503396,6,12,55608,0,1080,1920,1157,256,1225,324,4624,0.002,data/encodings/house_2004_0412142/S06E12_55608_0.npy,
313615,412142,1503396,6,12,55632,0,1080,1920,924,195,1006,277,6724,0.003,data/encodings/house_2004_0412142/S06E12_55632_0.npy,
313616,412142,1503396,6,12,55656,0,1080,1920,956,28,1024,96,4624,0.002,data/encodings/house_2004_0412142/S06E12_55656_0.npy,
313617,412142,1503396,6,12,55680,0,1080,1920,496,225,789,519,86142,0.042,data/encodings/house_2004_0412142/S06E12_55680_0.npy,
313618,412142,1503396,6,12,55680,1,1080,1920,1054,305,1298,550,59780,0.029,data/encodings/house_2004_0412142/S06E12_55680_1.npy,
313619,412142,1503396,6,12,55704,0,1080,1920,496,166,789,459,85849,0.041,data/encodings/house_2004_0412142/S06E12_55704_0.npy,
313620,412142,1503396,6,12,55704,1,1080,1920,1054,305,1298,550,59780,0.029,data/encodings/house_2004_0412142/S06E12_55704_1.npy,
313621,412142,1503396,6,12,55728,0,1080,1920,1326,156,1571,401,60025,0.029,data/encodings/house_2004_0412142/S06E12_55728_0.npy,
313622,412142,1503396,6,12,55752,0,1080,1920,1282,137,1634,489,123904,0.06,data/encodings/house_2004_0412142/S06E12_55752_0.npy,
313623,412142,1503396,6,12,55776,0,1080,1920,1282,137,1634,489,123904,0.06,data/encodings/house_2004_0412142/S06E12_55776_0.npy,
313624,412142,1503396,6,12,55800,0,1080,1920,466,136,760,429,86142,0.042,data/encodings/house_2004_0412142/S06E12_55800_0.npy,
313625,412142,1503396,6,12,55800,1,1080,1920,1029,280,1273,525,59780,0.029,data/encodings/house_2004_0412142/S06E12_55800_1.npy,
313626,412142,1503396,6,12,55824,0,1080,1920,466,136,760,429,86142,0.042,data/encodings/house_2004_0412142/S06E12_55824_0.npy,
313627,412142,1503396,6,12,55824,1,1080,1920,1029,305,1273,550,59780,0.029,data/encodings/house_2004_0412142/S06E12_55824_1.npy,
313628,412142,1503396,6,12,55848,0,1080,1920,466,136,760,429,86142,0.042,data/encodings/house_2004_0412142/S06E12_55848_0.npy,
313629,412142,1503396,6,12,55848,1,1080,1920,1029,330,1273,574,59536,0.029,data/encodings/house_2004_0412142/S06E12_55848_1.npy,
313630,412142,1503396,6,12,55872,0,1080,1920,466,136,760,429,86142,0.042,data/encodings/house_2004_0412142/S06E12_55872_0.npy,
313631,412142,1503396,6,12,55872,1,1080,1920,1029,280,1273,525,59780,0.029,data/encodings/house_2004_0412142/S06E12_55872_1.npy,
313632,412142,1503396,6,12,55896,0,1080,1920,1090,166,1384,459,86142,0.042,data/encodings/house_2004_0412142/S06E12_55896_0.npy,
313633,412142,1503396,6,12,55920,0,1080,1920,1128,156,1373,401,60025,0.029,data/encodings/house_2004_0412142/S06E12_55920_0.npy,
313634,412142,1503396,6,12,55944,0,1080,1920,426,137,778,489,123904,0.06,data/encodings/house_2004_0412142/S06E12_55944_0.npy,
313635,412142,1503396,6,12,55944,1,1080,1920,1029,280,1273,525,59780,0.029,data/encodings/house_2004_0412142/S06E12_55944_1.npy,
313636,412142,1503396,6,12,55968,0,1080,1920,426,137,778,489,123904,0.06,data/encodings/house_2004_0412142/S06E12_55968_0.npy,
313637,412142,1503396,6,12,55968,1,1080,1920,971,285,1265,578,86142,0.042,data/encodings/house_2004_0412142/S06E12_55968_1.npy,
313638,412142,1503396,6,12,55992,0,1080,1920,390,137,742,489,123904,0.06,data/encodings/house_2004_0412142/S06E12_55992_0.npy,
313639,412142,1503396,6,12,55992,1,1080,1920,971,285,1265,578,86142,0.042,data/encodings/house_2004_0412142/S06E12_55992_1.npy,
313640,412142,1503396,6,12,56016,0,1080,1920,897,159,1404,666,257049,0.124,data/encodings/house_2004_0412142/S06E12_56016_0.npy,
313641,412142,1503396,6,12,56040,0,1080,1920,948,159,1455,666,257049,0.124,data/encodings/house_2004_0412142/S06E12_56040_0.npy,
313642,412142,1503396,6,12,56064,0,1080,1920,462,208,814,560,123904,0.06,data/encodings/house_2004_0412142/S06E12_56064_0.npy,
313643,412142,1503396,6,12,56064,1,1080,1920,1004,280,1249,525,60025,0.029,data/encodings/house_2004_0412142/S06E12_56064_1.npy,
313644,412142,1503396,6,12,56088,0,1080,1920,1054,330,1298,574,59536,0.029,data/encodings/house_2004_0412142/S06E12_56088_0.npy,
313645,412142,1503396,6,12,56088,1,1080,1920,555,285,849,578,86142,0.042,data/encodings/house_2004_0412142/S06E12_56088_1.npy,
313646,412142,1503396,6,12,56112,0,1080,1920,1029,330,1273,574,59536,0.029,data/encodings/house_2004_0412142/S06E12_56112_0.npy,
313647,412142,1503396,6,12,56112,1,1080,1920,555,255,849,548,86142,0.042,data/encodings/house_2004_0412142/S06E12_56112_1.npy,
313648,412142,1503396,6,12,56136,0,1080,1920,555,195,849,489,86436,0.042,data/encodings/house_2004_0412142/S06E12_56136_0.npy,
313649,412142,1503396,6,12,56136,1,1080,1920,1053,326,1257,530,41616,0.02,data/encodings/house_2004_0412142/S06E12_56136_1.npy,
313650,412142,1503396,6,12,56160,0,1080,1920,486,262,993,769,257049,0.124,data/encodings/house_2004_0412142/S06E12_56160_0.npy,
313651,412142,1503396,6,12,56184,0,1080,1920,526,195,819,489,86142,0.042,data/encodings/house_2004_0412142/S06E12_56184_0.npy,
313652,412142,1503396,6,12,56184,1,1080,1920,1053,326,1257,530,41616,0.02,data/encodings/house_2004_0412142/S06E12_56184_1.npy,
313653,412142,1503396,6,12,56208,0,1080,1920,462,172,814,525,124256,0.06,data/encodings/house_2004_0412142/S06E12_56208_0.npy,
313654,412142,1503396,6,12,56208,1,1080,1920,1029,330,1273,574,59536,0.029,data/encodings/house_2004_0412142/S06E12_56208_1.npy,
313655,412142,1503396,6,12,56232,0,1080,1920,426,208,778,560,123904,0.06,data/encodings/house_2004_0412142/S06E12_56232_0.npy,
313656,412142,1503396,6,12,56232,1,1080,1920,1029,330,1273,574,59536,0.029,data/encodings/house_2004_0412142/S06E12_56232_1.npy,
313657,412142,1503396,6,12,56256,0,1080,1920,1001,344,1295,637,86142,0.042,data/encodings/house_2004_0412142/S06E12_56256_0.npy,
313658,412142,1503396,6,12,56256,1,1080,1920,355,208,707,560,123904,0.06,data/encodings/house_2004_0412142/S06E12_56256_1.npy,
313659,412142,1503396,6,12,56280,0,1080,1920,340,218,763,640,178506,0.086,data/encodings/house_2004_0412142/S06E12_56280_0.npy,
313660,412142,1503396,6,12,56280,1,1080,1920,1001,344,1295,637,86142,0.042,data/encodings/house_2004_0412142/S06E12_56280_1.npy,
313661,412142,1503396,6,12,56448,0,1080,1920,1012,182,1216,385,41412,0.02,data/encodings/house_2004_0412142/S06E12_56448_0.npy,
313662,412142,1503396,6,12,56472,0,1080,1920,971,202,1174,406,41412,0.02,data/encodings/house_2004_0412142/S06E12_56472_0.npy,
313663,412142,1503396,6,12,56496,0,1080,1920,1053,140,1257,344,41616,0.02,data/encodings/house_2004_0412142/S06E12_56496_0.npy,
313664,412142,1503396,6,12,56520,0,1080,1920,912,166,1205,459,85849,0.041,data/encodings/house_2004_0412142/S06E12_56520_0.npy,
313665,412142,1503396,6,12,56520,1,1080,1920,1227,132,1472,376,59780,0.029,data/encodings/house_2004_0412142/S06E12_56520_1.npy,
313666,412142,1503396,6,12,56544,0,1080,1920,942,166,1235,459,85849,0.041,data/encodings/house_2004_0412142/S06E12_56544_0.npy,
313667,412142,1503396,6,12,56544,1,1080,1920,1301,182,1505,385,41412,0.02,data/encodings/house_2004_0412142/S06E12_56544_1.npy,
313668,412142,1503396,6,12,56568,0,1080,1920,971,195,1265,489,86436,0.042,data/encodings/house_2004_0412142/S06E12_56568_0.npy,
313669,412142,1503396,6,12,56568,1,1080,1920,1301,182,1505,385,41412,0.02,data/encodings/house_2004_0412142/S06E12_56568_1.npy,
313670,412142,1503396,6,12,56592,0,1080,1920,905,181,1150,426,60025,0.029,data/encodings/house_2004_0412142/S06E12_56592_0.npy,
313671,412142,1503396,6,12,56592,1,1080,1920,1321,182,1525,385,41412,0.02,data/encodings/house_2004_0412142/S06E12_56592_1.npy,
313672,412142,1503396,6,12,56616,0,1080,1920,1004,107,1249,351,59780,0.029,data/encodings/house_2004_0412142/S06E12_56616_0.npy,
313673,412142,1503396,6,12,56640,0,1080,1920,979,181,1224,426,60025,0.029,data/encodings/house_2004_0412142/S06E12_56640_0.npy,
313674,412142,1503396,6,12,56640,1,1080,1920,424,336,594,506,28900,0.014,data/encodings/house_2004_0412142/S06E12_56640_1.npy,
313675,412142,1503396,6,12,56664,0,1080,1920,644,166,938,459,86142,0.042,data/encodings/house_2004_0412142/S06E12_56664_0.npy,
313676,412142,1503396,6,12,56688,0,1080,1920,640,172,992,525,124256,0.06,data/encodings/house_2004_0412142/S06E12_56688_0.npy,
313677,412142,1503396,6,12,56712,0,1080,1920,640,172,992,525,124256,0.06,data/encodings/house_2004_0412142/S06E12_56712_0.npy,
313678,412142,1503396,6,12,56736,0,1080,1920,1139,172,1491,525,124256,0.06,data/encodings/house_2004_0412142/S06E12_56736_0.npy,
313679,412142,1503396,6,12,56736,1,1080,1920,280,159,788,666,257556,0.124,data/encodings/house_2004_0412142/S06E12_56736_1.npy,
313680,412142,1503396,6,12,56760,0,1080,1920,948,210,1455,717,257049,0.124,data/encodings/house_2004_0412142/S06E12_56760_0.npy,
313681,412142,1503396,6,12,56784,0,1080,1920,897,210,1404,717,257049,0.124,data/encodings/house_2004_0412142/S06E12_56784_0.npy,
313682,412142,1503396,6,12,56808,0,1080,1920,897,210,1404,717,257049,0.124,data/encodings/house_2004_0412142/S06E12_56808_0.npy,
313683,412142,1503396,6,12,56832,0,1080,1920,997,208,1349,560,123904,0.06,data/encodings/house_2004_0412142/S06E12_56832_0.npy,
313684,412142,1503396,6,12,56832,1,1080,1920,383,210,890,717,257049,0.124,data/encodings/house_2004_0412142/S06E12_56832_1.npy,
313685,412142,1503396,6,12,56856,0,1080,1920,890,208,1242,560,123904,0.06,data/encodings/house_2004_0412142/S06E12_56856_0.npy,
313686,412142,1503396,6,12,56856,1,1080,1920,322,160,930,769,370272,0.179,data/encodings/house_2004_0412142/S06E12_56856_1.npy,
313687,412142,1503396,6,12,56880,0,1080,1920,1032,208,1384,560,123904,0.06,data/encodings/house_2004_0412142/S06E12_56880_0.npy,
313688,412142,1503396,6,12,56880,1,1080,1920,332,210,839,717,257049,0.124,data/encodings/house_2004_0412142/S06E12_56880_1.npy,
313689,412142,1503396,6,12,56904,0,1080,1920,897,210,1404,717,257049,0.124,data/encodings/house_2004_0412142/S06E12_56904_0.npy,
313690,412142,1503396,6,12,56928,0,1080,1920,897,210,1404,717,257049,0.124,data/encodings/house_2004_0412142/S06E12_56928_0.npy,
313691,412142,1503396,6,12,56952,0,1080,1920,897,210,1404,717,257049,0.124,data/encodings/house_2004_0412142/S06E12_56952_0.npy,
313692,412142,1503396,6,12,56976,0,1080,1920,948,210,1455,717,257049,0.124,data/encodings/house_2004_0412142/S06E12_56976_0.npy,
313693,412142,1503396,6,12,57000,0,1080,1920,347,552,641,846,86436,0.042,data/encodings/house_2004_0412142/S06E12_57000_0.npy,
313694,412142,1503396,6,12,57000,1,1080,1920,1175,208,1527,560,123904,0.06,data/encodings/house_2004_0412142/S06E12_57000_1.npy,
313695,412142,1503396,6,12,57024,0,1080,1920,1175,244,1527,596,123904,0.06,data/encodings/house_2004_0412142/S06E12_57024_0.npy,
313696,412142,1503396,6,12,57024,1,1080,1920,407,552,700,846,86142,0.042,data/encodings/house_2004_0412142/S06E12_57024_1.npy,
313697,412142,1503396,6,12,57048,0,1080,1920,604,137,956,489,123904,0.06,data/encodings/house_2004_0412142/S06E12_57048_0.npy,
313698,412142,1503396,6,12,57072,0,1080,1920,604,172,956,525,124256,0.06,data/encodings/house_2004_0412142/S06E12_57072_0.npy,
313699,412142,1503396,6,12,57096,0,1080,1920,554,175,977,598,178929,0.086,data/encodings/house_2004_0412142/S06E12_57096_0.npy,
313700,412142,1503396,6,12,57120,0,1080,1920,537,159,1044,666,257049,0.124,data/encodings/house_2004_0412142/S06E12_57120_0.npy,
313701,412142,1503396,6,12,57144,0,1080,1920,445,99,1053,707,369664,0.178,data/encodings/house_2004_0412142/S06E12_57144_0.npy,
313702,412142,1503396,6,12,57168,0,1080,1920,691,160,1300,769,370881,0.179,data/encodings/house_2004_0412142/S06E12_57168_0.npy,
313703,412142,1503396,6,12,57192,0,1080,1920,1211,208,1563,560,123904,0.06,data/encodings/house_2004_0412142/S06E12_57192_0.npy,
313704,412142,1503396,6,12,57192,1,1080,1920,319,565,671,917,123904,0.06,data/encodings/house_2004_0412142/S06E12_57192_1.npy,
313705,412142,1503396,6,12,57216,0,1080,1920,1175,244,1527,596,123904,0.06,data/encodings/house_2004_0412142/S06E12_57216_0.npy,
313706,412142,1503396,6,12,57216,1,1080,1920,347,582,641,875,86142,0.042,data/encodings/house_2004_0412142/S06E12_57216_1.npy,
313707,412142,1503396,6,12,57240,0,1080,1920,997,208,1349,560,123904,0.06,data/encodings/house_2004_0412142/S06E12_57240_0.npy,
313708,412142,1503396,6,12,57240,1,1080,1920,229,159,736,666,257049,0.124,data/encodings/house_2004_0412142/S06E12_57240_1.npy,
313709,412142,1503396,6,12,57264,0,1080,1920,1068,208,1420,560,123904,0.06,data/encodings/house_2004_0412142/S06E12_57264_0.npy,
313710,412142,1503396,6,12,57264,1,1080,1920,178,159,685,666,257049,0.124,data/encodings/house_2004_0412142/S06E12_57264_1.npy,
313711,412142,1503396,6,12,57408,0,1080,1920,727,231,845,349,13924,0.007,data/encodings/house_2004_0412142/S06E12_57408_0.npy,
313712,412142,1503396,6,12,57432,0,1080,1920,464,172,582,290,13924,0.007,data/encodings/house_2004_0412142/S06E12_57432_0.npy,
313713,412142,1503396,6,12,57456,0,1080,1920,430,154,571,296,20022,0.01,data/encodings/house_2004_0412142/S06E12_57456_0.npy,
313714,412142,1503396,6,12,57480,0,1080,1920,673,183,815,325,20164,0.01,data/encodings/house_2004_0412142/S06E12_57480_0.npy,
313715,412142,1503396,6,12,57504,0,1080,1920,664,78,834,248,28900,0.014,data/encodings/house_2004_0412142/S06E12_57504_0.npy,
313716,412142,1503396,6,12,57528,0,1080,1920,794,210,1301,717,257049,0.124,data/encodings/house_2004_0412142/S06E12_57528_0.npy,
313717,412142,1503396,6,12,57552,0,1080,1920,794,210,1301,717,257049,0.124,data/encodings/house_2004_0412142/S06E12_57552_0.npy,
313718,412142,1503396,6,12,57576,0,1080,1920,794,210,1301,717,257049,0.124,data/encodings/house_2004_0412142/S06E12_57576_0.npy,
313719,412142,1503396,6,12,57600,0,1080,1920,537,78,741,282,41616,0.02,data/encodings/house_2004_0412142/S06E12_57600_0.npy,
313720,412142,1503396,6,12,57624,0,1080,1920,1178,627,1422,872,59780,0.029,data/encodings/house_2004_0412142/S06E12_57624_0.npy,
313721,412142,1503396,6,12,57624,1,1080,1920,475,182,679,385,41412,0.02,data/encodings/house_2004_0412142/S06E12_57624_1.npy,
313722,412142,1503396,6,12,57648,0,1080,1920,1178,627,1422,872,59780,0.029,data/encodings/house_2004_0412142/S06E12_57648_0.npy,
313723,412142,1503396,6,12,57648,1,1080,1920,393,202,597,406,41616,0.02,data/encodings/house_2004_0412142/S06E12_57648_1.npy,
313724,412142,1503396,6,12,57672,0,1080,1920,1178,627,1422,872,59780,0.029,data/encodings/house_2004_0412142/S06E12_57672_0.npy,
313725,412142,1503396,6,12,57672,1,1080,1920,496,202,700,406,41616,0.02,data/encodings/house_2004_0412142/S06E12_57672_1.npy,
313726,412142,1503396,6,12,57696,0,1080,1920,1150,611,1443,905,86142,0.042,data/encodings/house_2004_0412142/S06E12_57696_0.npy,
313727,412142,1503396,6,12,57744,0,1080,1920,1068,132,1491,555,178929,0.086,data/encodings/house_2004_0412142/S06E12_57744_0.npy,
313728,412142,1503396,6,12,57768,0,1080,1920,1068,175,1491,598,178929,0.086,data/encodings/house_2004_0412142/S06E12_57768_0.npy,
313729,412142,1503396,6,12,57792,0,1080,1920,1068,218,1491,640,178506,0.086,data/encodings/house_2004_0412142/S06E12_57792_0.npy,
313730,412142,1503396,6,12,57816,0,1080,1920,925,172,1277,525,124256,0.06,data/encodings/house_2004_0412142/S06E12_57816_0.npy,
313731,412142,1503396,6,12,57840,0,1080,1920,961,172,1313,525,124256,0.06,data/encodings/house_2004_0412142/S06E12_57840_0.npy,
313732,412142,1503396,6,12,57936,0,1080,1920,355,172,707,525,124256,0.06,data/encodings/house_2004_0412142/S06E12_57936_0.npy,
313733,412142,1503396,6,12,57960,0,1080,1920,283,137,636,489,124256,0.06,data/encodings/house_2004_0412142/S06E12_57960_0.npy,
313734,412142,1503396,6,12,57984,0,1080,1920,982,175,1405,598,178929,0.086,data/encodings/house_2004_0412142/S06E12_57984_0.npy,
313735,412142,1503396,6,12,58008,0,1080,1920,997,137,1349,489,123904,0.06,data/encodings/house_2004_0412142/S06E12_58008_0.npy,
313736,412142,1503396,6,12,58032,0,1080,1920,568,284,1177,892,370272,0.179,data/encodings/house_2004_0412142/S06E12_58032_0.npy,
313737,412142,1503396,6,12,58056,0,1080,1920,691,160,1300,769,370881,0.179,data/encodings/house_2004_0412142/S06E12_58056_0.npy,
313738,412142,1503396,6,12,58080,0,1080,1920,664,165,1394,895,532900,0.257,data/encodings/house_2004_0412142/S06E12_58080_0.npy,
313739,412142,1503396,6,12,58104,0,1080,1920,24,108,531,615,257049,0.124,data/encodings/house_2004_0412142/S06E12_58104_0.npy,
313740,412142,1503396,6,12,58104,1,1080,1920,1368,4,1790,426,178084,0.086,data/encodings/house_2004_0412142/S06E12_58104_1.npy,
313741,412142,1503396,6,12,58128,0,1080,1920,1196,47,1619,469,178506,0.086,data/encodings/house_2004_0412142/S06E12_58128_0.npy,
313742,412142,1503396,6,12,58128,1,1080,1920,0,261,335,683,141370,0.068,data/encodings/house_2004_0412142/S06E12_58128_1.npy,
313743,412142,1503396,6,12,58152,0,1080,1920,811,165,1542,895,533630,0.257,data/encodings/house_2004_0412142/S06E12_58152_0.npy,
313744,412142,1503396,6,12,58200,0,1080,1920,630,222,1238,830,369664,0.178,data/encodings/house_2004_0412142/S06E12_58200_0.npy,
313745,412142,1503396,6,12,58224,0,1080,1920,497,137,849,489,123904,0.06,data/encodings/house_2004_0412142/S06E12_58224_0.npy,
313746,412142,1503396,6,12,58248,0,1080,1920,604,137,956,489,123904,0.06,data/encodings/house_2004_0412142/S06E12_58248_0.npy,
313747,412142,1503396,6,12,58440,0,1080,1920,537,262,1044,769,257049,0.124,data/encodings/house_2004_0412142/S06E12_58440_0.npy,
313748,412142,1503396,6,12,58464,0,1080,1920,640,262,1147,769,257049,0.124,data/encodings/house_2004_0412142/S06E12_58464_0.npy,
313749,412142,1503396,6,12,58488,0,1080,1920,1025,175,1448,598,178929,0.086,data/encodings/house_2004_0412142/S06E12_58488_0.npy,
313750,412142,1503396,6,12,58512,0,1080,1920,1025,175,1448,598,178929,0.086,data/encodings/house_2004_0412142/S06E12_58512_0.npy,
313751,412142,1503396,6,12,58536,0,1080,1920,1025,218,1448,640,178506,0.086,data/encodings/house_2004_0412142/S06E12_58536_0.npy,
313752,412142,1503396,6,12,58608,0,1080,1920,1111,132,1533,555,178506,0.086,data/encodings/house_2004_0412142/S06E12_58608_0.npy,
313753,412142,1503396,6,12,58632,0,1080,1920,640,175,1063,598,178929,0.086,data/encodings/house_2004_0412142/S06E12_58632_0.npy,
313754,412142,1503396,6,12,58656,0,1080,1920,597,218,1020,640,178506,0.086,data/encodings/house_2004_0412142/S06E12_58656_0.npy,
313755,412142,1503396,6,12,58704,0,1080,1920,484,305,729,550,60025,0.029,data/encodings/house_2004_0412142/S06E12_58704_0.npy,
313756,412142,1503396,6,12,58824,0,1080,1920,1111,132,1533,555,178506,0.086,data/encodings/house_2004_0412142/S06E12_58824_0.npy,
313757,412142,1503396,6,12,58848,0,1080,1920,597,218,1020,640,178506,0.086,data/encodings/house_2004_0412142/S06E12_58848_0.npy,
313758,412142,1503396,6,12,59064,0,1080,1920,554,261,977,683,178506,0.086,data/encodings/house_2004_0412142/S06E12_59064_0.npy,
313759,412142,1503396,6,12,59088,0,1080,1920,640,218,1063,640,178506,0.086,data/encodings/house_2004_0412142/S06E12_59088_0.npy,
313760,412142,1503396,6,12,59112,0,1080,1920,554,303,977,726,178929,0.086,data/encodings/house_2004_0412142/S06E12_59112_0.npy,
313761,412142,1503396,6,12,59136,0,1080,1920,469,261,891,683,178084,0.086,data/encodings/house_2004_0412142/S06E12_59136_0.npy,
313762,412142,1503396,6,12,59160,0,1080,1920,426,346,849,769,178929,0.086,data/encodings/house_2004_0412142/S06E12_59160_0.npy,
313763,412142,1503396,6,12,59184,0,1080,1920,683,132,1105,555,178506,0.086,data/encodings/house_2004_0412142/S06E12_59184_0.npy,
313764,412142,1503396,6,12,59232,0,1080,1920,815,222,1423,830,369664,0.178,data/encodings/house_2004_0412142/S06E12_59232_0.npy,
313765,412142,1503396,6,12,59256,0,1080,1920,815,160,1423,769,370272,0.179,data/encodings/house_2004_0412142/S06E12_59256_0.npy,
313766,412142,1503396,6,12,59280,0,1080,1920,726,4,1148,426,178084,0.086,data/encodings/house_2004_0412142/S06E12_59280_0.npy,
313767,412142,1503396,6,12,59304,0,1080,1920,768,47,1191,469,178506,0.086,data/encodings/house_2004_0412142/S06E12_59304_0.npy,
313768,412142,1503396,6,12,59328,0,1080,1920,599,120,803,324,41616,0.02,data/encodings/house_2004_0412142/S06E12_59328_0.npy,
313769,412142,1503396,6,12,59352,0,1080,1920,620,78,824,282,41616,0.02,data/encodings/house_2004_0412142/S06E12_59352_0.npy,
313770,412142,1503396,6,12,59376,0,1080,1920,620,99,824,303,41616,0.02,data/encodings/house_2004_0412142/S06E12_59376_0.npy,
313771,412142,1503396,6,12,59400,0,1080,1920,982,218,1405,640,178506,0.086,data/encodings/house_2004_0412142/S06E12_59400_0.npy,
313772,412142,1503396,6,12,59424,0,1080,1920,1025,218,1448,640,178506,0.086,data/encodings/house_2004_0412142/S06E12_59424_0.npy,
313773,412142,1503396,6,12,59448,0,1080,1920,753,284,1362,892,370272,0.179,data/encodings/house_2004_0412142/S06E12_59448_0.npy,
313774,412142,1503396,6,12,59472,0,1080,1920,815,222,1423,830,369664,0.178,data/encodings/house_2004_0412142/S06E12_59472_0.npy,
313775,412142,1503396,6,12,59496,0,1080,1920,876,160,1485,769,370881,0.179,data/encodings/house_2004_0412142/S06E12_59496_0.npy,
313776,412142,1503396,6,12,59520,0,1080,1920,815,160,1423,769,370272,0.179,data/encodings/house_2004_0412142/S06E12_59520_0.npy,
313777,412142,1503396,6,12,59544,0,1080,1920,815,160,1423,769,370272,0.179,data/encodings/house_2004_0412142/S06E12_59544_0.npy,
313778,412142,1503396,6,12,59568,0,1080,1920,753,160,1362,769,370881,0.179,data/encodings/house_2004_0412142/S06E12_59568_0.npy,
313779,412142,1503396,6,12,59592,0,1080,1920,260,99,868,707,369664,0.178,data/encodings/house_2004_0412142/S06E12_59592_0.npy,
313780,412142,1503396,6,12,59616,0,1080,1920,854,218,1277,640,178506,0.086,data/encodings/house_2004_0412142/S06E12_59616_0.npy,
313781,412142,1503396,6,12,59640,0,1080,1920,811,218,1234,640,178506,0.086,data/encodings/house_2004_0412142/S06E12_59640_0.npy,
313782,412142,1503396,6,12,59664,0,1080,1920,890,208,1242,560,123904,0.06,data/encodings/house_2004_0412142/S06E12_59664_0.npy,
313783,412142,1503396,6,12,59688,0,1080,1920,999,210,1507,717,257556,0.124,data/encodings/house_2004_0412142/S06E12_59688_0.npy,
313784,412142,1503396,6,12,59712,0,1080,1920,948,210,1455,717,257049,0.124,data/encodings/house_2004_0412142/S06E12_59712_0.npy,
313785,412142,1503396,6,12,59760,0,1080,1920,1214,317,1312,415,9604,0.005,data/encodings/house_2004_0412142/S06E12_59760_0.npy,
313786,412142,1503396,6,12,59784,0,1080,1920,822,387,940,505,13924,0.007,data/encodings/house_2004_0412142/S06E12_59784_0.npy,
313787,412142,1503396,6,12,59832,0,1080,1920,762,375,880,493,13924,0.007,data/encodings/house_2004_0412142/S06E12_59832_0.npy,
313788,412142,1503396,6,12,59904,0,1080,1920,745,255,887,396,20022,0.01,data/encodings/house_2004_0412142/S06E12_59904_0.npy,
313789,412142,1503396,6,12,59928,0,1080,1920,1054,206,1298,450,59536,0.029,data/encodings/house_2004_0412142/S06E12_59928_0.npy,
313790,412142,1503396,6,12,59952,0,1080,1920,1078,181,1323,426,60025,0.029,data/encodings/house_2004_0412142/S06E12_59952_0.npy,
313791,412142,1503396,6,12,59976,0,1080,1920,1078,156,1323,401,60025,0.029,data/encodings/house_2004_0412142/S06E12_59976_0.npy,
313792,412142,1503396,6,12,60000,0,1080,1920,702,264,906,468,41616,0.02,data/encodings/house_2004_0412142/S06E12_60000_0.npy,
313793,412142,1503396,6,12,60024,0,1080,1920,657,206,902,450,59780,0.029,data/encodings/house_2004_0412142/S06E12_60024_0.npy,
313794,412142,1503396,6,12,60048,0,1080,1920,854,346,1277,769,178929,0.086,data/encodings/house_2004_0412142/S06E12_60048_0.npy,
313795,412142,1503396,6,12,60072,0,1080,1920,999,313,1507,820,257556,0.124,data/encodings/house_2004_0412142/S06E12_60072_0.npy,
313796,412142,1503396,6,12,60096,0,1080,1920,604,172,956,525,124256,0.06,data/encodings/house_2004_0412142/S06E12_60096_0.npy,
313797,412142,1503396,6,12,60120,0,1080,1920,1078,181,1323,426,60025,0.029,data/encodings/house_2004_0412142/S06E12_60120_0.npy,
313798,412142,1503396,6,12,60144,0,1080,1920,1153,156,1397,401,59780,0.029,data/encodings/house_2004_0412142/S06E12_60144_0.npy,
313799,412142,1503396,6,12,60168,0,1080,1920,604,244,956,596,123904,0.06,data/encodings/house_2004_0412142/S06E12_60168_0.npy,
313800,412142,1503396,6,12,60216,0,1080,1920,897,132,1319,555,178506,0.086,data/encodings/house_2004_0412142/S06E12_60216_0.npy,
313801,412142,1503396,6,12,60240,0,1080,1920,1102,108,1609,615,257049,0.124,data/encodings/house_2004_0412142/S06E12_60240_0.npy,
313802,412142,1503396,6,12,60264,0,1080,1920,756,156,1001,401,60025,0.029,data/encodings/house_2004_0412142/S06E12_60264_0.npy,
313803,412142,1503396,6,12,60312,0,1080,1920,459,181,704,426,60025,0.029,data/encodings/house_2004_0412142/S06E12_60312_0.npy,
313804,412142,1503396,6,12,60336,0,1080,1920,644,136,938,429,86142,0.042,data/encodings/house_2004_0412142/S06E12_60336_0.npy,
313805,412142,1503396,6,12,60360,0,1080,1920,756,206,1001,450,59780,0.029,data/encodings/house_2004_0412142/S06E12_60360_0.npy,
313806,412142,1503396,6,12,60384,0,1080,1920,806,231,1051,475,59780,0.029,data/encodings/house_2004_0412142/S06E12_60384_0.npy,
313807,412142,1503396,6,12,60408,0,1080,1920,930,181,1174,426,59780,0.029,data/encodings/house_2004_0412142/S06E12_60408_0.npy,
313808,412142,1503396,6,12,60432,0,1080,1920,847,161,1051,365,41616,0.02,data/encodings/house_2004_0412142/S06E12_60432_0.npy,
313809,412142,1503396,6,12,60456,0,1080,1920,982,303,1405,726,178929,0.086,data/encodings/house_2004_0412142/S06E12_60456_0.npy,
313810,412142,1503396,6,12,60480,0,1080,1920,982,303,1405,726,178929,0.086,data/encodings/house_2004_0412142/S06E12_60480_0.npy,
313811,412142,1503396,6,12,60504,0,1080,1920,940,261,1362,683,178084,0.086,data/encodings/house_2004_0412142/S06E12_60504_0.npy,
313812,412142,1503396,6,12,60528,0,1080,1920,512,261,934,683,178084,0.086,data/encodings/house_2004_0412142/S06E12_60528_0.npy,
313813,412142,1503396,6,12,60552,0,1080,1920,435,210,942,717,257049,0.124,data/encodings/house_2004_0412142/S06E12_60552_0.npy,
313814,412142,1503396,6,12,60576,0,1080,1920,435,313,942,820,257049,0.124,data/encodings/house_2004_0412142/S06E12_60576_0.npy,
313815,412142,1503396,6,12,60600,0,1080,1920,940,303,1362,726,178506,0.086,data/encodings/house_2004_0412142/S06E12_60600_0.npy,
313816,412142,1503396,6,12,60624,0,1080,1920,940,261,1362,683,178084,0.086,data/encodings/house_2004_0412142/S06E12_60624_0.npy,
313817,412142,1503396,6,12,60648,0,1080,1920,940,261,1362,683,178084,0.086,data/encodings/house_2004_0412142/S06E12_60648_0.npy,
313818,412142,1503396,6,12,60672,0,1080,1920,940,261,1362,683,178084,0.086,data/encodings/house_2004_0412142/S06E12_60672_0.npy,
313819,412142,1503396,6,12,60696,0,1080,1920,383,160,992,769,370881,0.179,data/encodings/house_2004_0412142/S06E12_60696_0.npy,
313820,412142,1503396,6,12,60768,0,1080,1920,726,261,1148,683,178084,0.086,data/encodings/house_2004_0412142/S06E12_60768_0.npy,
313821,412142,1503396,6,12,60792,0,1080,1920,726,261,1148,683,178084,0.086,data/encodings/house_2004_0412142/S06E12_60792_0.npy,
313822,412142,1503396,6,12,60816,0,1080,1920,704,314,997,608,86142,0.042,data/encodings/house_2004_0412142/S06E12_60816_0.npy,
313823,412142,1503396,6,12,60840,0,1080,1920,1032,315,1384,667,123904,0.06,data/encodings/house_2004_0412142/S06E12_60840_0.npy,
313824,412142,1503396,6,12,60888,0,1080,1920,727,219,845,337,13924,0.007,data/encodings/house_2004_0412142/S06E12_60888_0.npy,
313825,412142,1503396,6,12,60912,0,1080,1920,488,243,606,361,13924,0.007,data/encodings/house_2004_0412142/S06E12_60912_0.npy,
313826,412142,1503396,6,12,60936,0,1080,1920,1097,208,1215,325,13806,0.007,data/encodings/house_2004_0412142/S06E12_60936_0.npy,
313827,412142,1503396,6,12,60936,1,1080,1920,619,172,737,290,13924,0.007,data/encodings/house_2004_0412142/S06E12_60936_1.npy,
313828,412142,1503396,6,12,60960,0,1080,1920,595,172,713,290,13924,0.007,data/encodings/house_2004_0412142/S06E12_60960_0.npy,
313829,412142,1503396,6,12,60984,0,1080,1920,619,184,737,302,13924,0.007,data/encodings/house_2004_0412142/S06E12_60984_0.npy,
313830,412142,1503396,6,12,61008,0,1080,1920,554,218,977,640,178506,0.086,data/encodings/house_2004_0412142/S06E12_61008_0.npy,
313831,412142,1503396,6,12,61032,0,1080,1920,604,279,956,632,124256,0.06,data/encodings/house_2004_0412142/S06E12_61032_0.npy,
313832,412142,1503396,6,12,61056,0,1080,1920,640,244,992,596,123904,0.06,data/encodings/house_2004_0412142/S06E12_61056_0.npy,
313833,412142,1503396,6,12,61104,0,1080,1920,615,136,908,429,85849,0.041,data/encodings/house_2004_0412142/S06E12_61104_0.npy,
313834,412142,1503396,6,12,61128,0,1080,1920,569,137,921,489,123904,0.06,data/encodings/house_2004_0412142/S06E12_61128_0.npy,
313835,412142,1503396,6,12,61152,0,1080,1920,604,137,956,489,123904,0.06,data/encodings/house_2004_0412142/S06E12_61152_0.npy,
313836,412142,1503396,6,12,61176,0,1080,1920,569,279,921,632,124256,0.06,data/encodings/house_2004_0412142/S06E12_61176_0.npy,
313837,412142,1503396,6,12,61200,0,1080,1920,569,208,921,560,123904,0.06,data/encodings/house_2004_0412142/S06E12_61200_0.npy,
313838,412142,1503396,6,12,61224,0,1080,1920,604,137,956,489,123904,0.06,data/encodings/house_2004_0412142/S06E12_61224_0.npy,
313839,412142,1503396,6,12,61248,0,1080,1920,604,172,956,525,124256,0.06,data/encodings/house_2004_0412142/S06E12_61248_0.npy,
313840,412142,1503396,6,12,61296,0,1080,1920,604,244,956,596,123904,0.06,data/encodings/house_2004_0412142/S06E12_61296_0.npy,
313841,412142,1503396,6,12,61368,0,1080,1920,676,208,1028,560,123904,0.06,data/encodings/house_2004_0412142/S06E12_61368_0.npy,
313842,412142,1503396,6,12,61392,0,1080,1920,355,101,707,453,123904,0.06,data/encodings/house_2004_0412142/S06E12_61392_0.npy,
313843,412142,1503396,6,12,61416,0,1080,1920,569,172,921,525,124256,0.06,data/encodings/house_2004_0412142/S06E12_61416_0.npy,
313844,412142,1503396,6,12,61464,0,1080,1920,644,225,938,519,86436,0.042,data/encodings/house_2004_0412142/S06E12_61464_0.npy,
313845,412142,1503396,6,12,61488,0,1080,1920,640,172,992,525,124256,0.06,data/encodings/house_2004_0412142/S06E12_61488_0.npy,
313846,412142,1503396,6,12,61512,0,1080,1920,644,195,938,489,86436,0.042,data/encodings/house_2004_0412142/S06E12_61512_0.npy,
313847,412142,1503396,6,12,61536,0,1080,1920,604,137,956,489,123904,0.06,data/encodings/house_2004_0412142/S06E12_61536_0.npy,
313848,412142,1503396,6,12,61560,0,1080,1920,569,244,921,596,123904,0.06,data/encodings/house_2004_0412142/S06E12_61560_0.npy,
313849,412142,1503396,6,12,61584,0,1080,1920,569,208,921,560,123904,0.06,data/encodings/house_2004_0412142/S06E12_61584_0.npy,
313850,412142,1503396,6,12,61608,0,1080,1920,604,244,956,596,123904,0.06,data/encodings/house_2004_0412142/S06E12_61608_0.npy,
313851,412142,1503396,6,12,61632,0,1080,1920,604,244,956,596,123904,0.06,data/encodings/house_2004_0412142/S06E12_61632_0.npy,
313852,412142,1503396,6,12,61656,0,1080,1920,676,315,1028,667,123904,0.06,data/encodings/house_2004_0412142/S06E12_61656_0.npy,
313853,412142,1503396,6,12,61680,0,1080,1920,615,255,908,548,85849,0.041,data/encodings/house_2004_0412142/S06E12_61680_0.npy,
313854,412142,1503396,6,12,61704,0,1080,1920,604,208,956,560,123904,0.06,data/encodings/house_2004_0412142/S06E12_61704_0.npy,
313855,412142,1503396,6,12,61728,0,1080,1920,640,244,992,596,123904,0.06,data/encodings/house_2004_0412142/S06E12_61728_0.npy,
313856,412142,1503396,6,12,61752,0,1080,1920,676,208,1028,560,123904,0.06,data/encodings/house_2004_0412142/S06E12_61752_0.npy,
313857,412142,1503396,6,12,61776,0,1080,1920,711,208,1063,560,123904,0.06,data/encodings/house_2004_0412142/S06E12_61776_0.npy,
313858,412142,1503396,6,12,61800,0,1080,1920,747,172,1099,525,124256,0.06,data/encodings/house_2004_0412142/S06E12_61800_0.npy,
313859,412142,1503396,6,12,61824,0,1080,1920,1174,267,1272,366,9702,0.005,data/encodings/house_2004_0412142/S06E12_61824_0.npy,
313860,412142,1503396,6,12,61848,0,1080,1920,1273,237,1372,336,9801,0.005,data/encodings/house_2004_0412142/S06E12_61848_0.npy,
313861,412142,1503396,6,12,61872,0,1080,1920,1293,217,1391,316,9702,0.005,data/encodings/house_2004_0412142/S06E12_61872_0.npy,
313862,412142,1503396,6,12,61872,1,1080,1920,1604,79,1686,161,6724,0.003,data/encodings/house_2004_0412142/S06E12_61872_1.npy,
313863,412142,1503396,6,12,61896,0,1080,1920,783,208,1135,560,123904,0.06,data/encodings/house_2004_0412142/S06E12_61896_0.npy,
313864,412142,1503396,6,12,61920,0,1080,1920,768,175,1191,598,178929,0.086,data/encodings/house_2004_0412142/S06E12_61920_0.npy,
313865,412142,1503396,6,12,61944,0,1080,1920,811,175,1234,598,178929,0.086,data/encodings/house_2004_0412142/S06E12_61944_0.npy,
313866,412142,1503396,6,12,61968,0,1080,1920,630,284,1238,892,369664,0.178,data/encodings/house_2004_0412142/S06E12_61968_0.npy,
313867,412142,1503396,6,12,61992,0,1080,1920,630,284,1238,892,369664,0.178,data/encodings/house_2004_0412142/S06E12_61992_0.npy,
313868,412142,1503396,6,12,62016,0,1080,1920,568,284,1177,892,370272,0.179,data/encodings/house_2004_0412142/S06E12_62016_0.npy,
313869,412142,1503396,6,12,62040,0,1080,1920,753,160,1362,769,370881,0.179,data/encodings/house_2004_0412142/S06E12_62040_0.npy,
313870,412142,1503396,6,12,62184,0,1080,1920,811,218,1234,640,178506,0.086,data/encodings/house_2004_0412142/S06E12_62184_0.npy,
313871,412142,1503396,6,12,62208,0,1080,1920,854,218,1277,640,178506,0.086,data/encodings/house_2004_0412142/S06E12_62208_0.npy,
313872,412142,1503396,6,12,62232,0,1080,1920,1114,217,1212,316,9702,0.005,data/encodings/house_2004_0412142/S06E12_62232_0.npy,
313873,412142,1503396,6,12,62256,0,1080,1920,995,227,1093,326,9702,0.005,data/encodings/house_2004_0412142/S06E12_62256_0.npy,
313874,412142,1503396,6,12,62280,0,1080,1920,845,159,1353,666,257556,0.124,data/encodings/house_2004_0412142/S06E12_62280_0.npy,
313875,412142,1503396,6,12,62304,0,1080,1920,845,159,1353,666,257556,0.124,data/encodings/house_2004_0412142/S06E12_62304_0.npy,
313876,412142,1503396,6,12,62328,0,1080,1920,845,159,1353,666,257556,0.124,data/encodings/house_2004_0412142/S06E12_62328_0.npy,
313877,412142,1503396,6,12,62352,0,1080,1920,815,160,1423,769,370272,0.179,data/encodings/house_2004_0412142/S06E12_62352_0.npy,
